0 1.1791011756286 1.04392918059602 1.32513291155919 1.9504852835089 1.60692375153303 1.51269254065119 1.14863510080613 1.36642337613739 1.14776295330375 1.00787675008178 1.358183714794 1.2382577820681 1.27032240806147 1.69204192538746 1.35507145267911 1.09557422390208 1.92090923665091 1.42279525264166 0.964471075451002 1.66812411253341 1.84621155122295 1.19893160136417 0.974946683738381 1.71424700366333 1.52827547420748 1.5712045354303 1.54655897500925 1.64192147343419 1.23987529659644
1.1791011756286 0 1.01966237090528 1.40358887822367 1.32223779987544 1.83683159621432 1.64700912334956 1.3811100567691 1.56294586532749 1.91459804214537 0.96089252945967 1.05986594595015 1.8269506006036 1.84715128690004 1.82054094667546 1.25731882289983 1.8390028567519 1.50266750319861 1.43704327917658 1.9090749877505 1.0617983203847 1.43706153496169 1.72075864579529 1.7942583761178 1.12948056054302 1.84370479849167 1.16636683768593 1.81119982292876 1.04956262279302 1.05719999945723
1.04392918059602 1.01966237090528 0 1.7958103439305 1.46978371986188 1.50304000545293 1.88095313496888 1.7083254782483 1.20542823290452 1.10256627760828 1.81158248381689 1.21248743589967 1.84727297280915 1.0090210493654 1.34257330046967 1.17593294591643 1.02742822724395 1.32750894315541 1.82957093114965 1.53621233464219 1.06638323538937 1.54214244987816 1.31453088019043 1.37422787840478 1.70829245564528 1.38736786390655 1.2308945832774 1.35342593304813 1.46970781497657 1.07443045265973
1.32513291155919 1.40358887822367 1.7958103439305 0 1.58150461013429 1.35748286661692 1.39835967030376 1.03187845041975 1.55897335684858 1.28685687389225 1.6718402185943 1.27005549636669 1.33226518961601 1.18892892636359 1.75073058856651 1.89493724144995 1.75623261160217 1.07712459634058 1.6642659867648 1.24391418253072 1.77820967929438 1.92281549284235 1.51434317952953 1.16523553128354 1.55433928314596 1.25597769813612 1.63121404103003 1.86584530770779 1.04194477992132 1.01324079744518
1.9504852835089 1.32223779987544 1.46978371986188 1.58150461013429 0 1.73740512505174 1.16975297220051 1.40130560030229 1.06514556403272 0.988160080742091 1.62762511055917 1.39942794432864 1.80403739726171 1.4108626965899 1.32389433356002 1.82877932325937 1.16270507639274 1.60721191810444 1.43660948541947 1.49817473813891 1.19244357384741 1.097942172084 1.62627508956939 1.85785419563763 1.6400859223213 1.37645269068889 1.27477921615355 1.18280426086858 1.14214225928299 1.35058680642396
1.60692375153303 1.83683159621432 1.50304000545293 1.35748286661692 1.73740512505174 0 1.61033578496426 1.8426756891422 1.59958172147162 1.57233979180455 0.972621983848512 0.988889682106674 1.26751303602941 1.5914356301073 1.68714395561256 1.28121560183354 1.95132411574014 1.82826771144755 1.54909334750846 1.89052449818701 1.78609745833091 1.16133125242777 1.44632661854848 1.74948253110051 1.40661239693873 1.40354276262224 1.0836464096792 1.00054194615223 1.73695363244042 1.62637130008079
1.51269254065119 1.64700912334956 1.88095313496888 1.39835967030376 1.16975297220051 1.61033578496426 0 1.79005267843604 0.975069955224171 1.12487675691955 1.19035483058542 1.73147493996657 1.57986240298487 1.55136100156233 1.35961798299104 1.65543663874269 1.10659655113705 1.54168594628572 1.94120961567387 1.46309460722841 1.78733687731437 1.38734694453888 1.42428942676634 1.54750928701833 1.79953011847101 1.44488967279904 1.69487758912146 1.72995602129959 1.3967633775901 1.61103327036835
1.14863510080613 1.3811100567691 1.7083254782483 1.03187845041975 1.40130560030229 1.8426756891422 1.79005267843604 0 1.4325541886501 1.61176390456967 1.20147801097482 1.65504380501807 1.79349658638239 1.54743989580311 1.16395627590828 0.966168620856479 1.26610851893201 1.67881618486717 1.65748217026703 1.61316278902814 1.02443578722887 1.62074450892396 1.50554704270326 1.60421463497914 1.68670633179136 1.7781740820501 1.77922630985267 1.95800726301968 1.50487334211357 1.57245329814032
1.36642337613739 1.56294586532749 1.20542823290452 1.55897335684858 1.06514556403272 1.59958172147162 0.975069955224171 1.4325541886501 0 1.71271763532422 1.8644517629873 1.1086724086199 1.45068017859012 1.07908425130881 1.48622755566612 1.31279194843955 1.85431008320302 1.62074421532452 1.2264758371748 1.22772020823322 1.93505787081085 1.5896192714572 1.66301856329665 1.85247842874378 1.53230698499829 1.33557174215093 1.13360702944919 1.79914930206724 1.8161144615151 0.998031875817105
1.14776295330375 1.91459804214537 1.10256627760828 1.28685687389225 0.988160080742091 1.57233979180455 1.12487675691955 1.61176390456967 1.71271763532422 0 1.5380694444757 1.00496091973037 1.47718941187486 1.90221191407181 1.89574789139442 1.10076813213527 1.64281745860353 1.13073376193643 1.7498546030838 1.13213515537791 1.55867227725685 1.74516630987637 1.54102149419487 1.81361083989032 1.84379385598004 1.94154667877592 1.64405826851726 1.89779868186451 1.79860454006121 1.7131835045293
1.00787675008178 0.96089252945967 1.81158248381689 1.6718402185943 1.62762511055917 0.972621983848512 1.19035483058542 1.20147801097482 1.8644517629873 1.5380694444757 0 1.50926903705113 1.5732730072923 1.20992059097625 1.86555925640278 1.08059875713661 1.05002130521461 1.20780426752754 1.3315598492045 1.95071301585995 1.65920834895223 1.92563754622824 1.72160045662895 1.79270582529716 1.49031220423058 1.42278595780954 1.70155275147408 1.71860809042118 1.10217174747959 1.61947981198318
1.358183714794 1.05986594595015 1.21248743589967 1.27005549636669 1.39942794432864 0.988889682106674 1.73147493996657 1.65504380501807 1.1086724086199 1.00496091973037 1.50926903705113 0 1.55679967789911 1.59915772033855 1.5109794549644 0.991971088806167 1.15758660412394 1.25772279500961 1.15249460516497 0.962705382844433 1.29865598445758 1.60724357026629 1.42637250781991 1.07886882661842 1.26916913082823 1.83841781993397 1.10004589403979 1.31828102353029 1.5870011288207 1.72533679823391
1.2382577820681 1.8269506006036 1.84727297280915 1.33226518961601 1.80403739726171 1.26751303602941 1.57986240298487 1.79349658638239 1.45068017859012 1.47718941187486 1.5732730072923 1.55679967789911 0 1.91295753093436 1.85250779544003 1.77787395124324 1.94101784494705 1.52586003718898 1.02920212573372 1.87442834512331 1.60922050010413 1.83782325964421 1.6888705776073 1.9164515028242 1.4185677820351 1.40849109110422 1.03658488253132 1.54503100272268 1.41958401910961 1.39507909445092
1.27032240806147 1.84715128690004 1.0090210493654 1.18892892636359 1.4108626965899 1.5914356301073 1.55136100156233 1.54743989580311 1.07908425130881 1.90221191407181 1.20992059097625 1.59915772033855 1.91295753093436 0 1.48313237773255 1.31894224369898 1.8559571064543 1.88671890227124 1.40679364837706 1.20202495902777 1.5559384454973 1.91618749080226 1.01821037591435 1.6428495135624 1.03938779840246 1.76184418937191 1.15591876348481 1.66536854044534 1.80654477048665 1.64980049105361
1.69204192538746 1.82054094667546 1.34257330046967 1.75073058856651 1.32389433356002 1.68714395561256 1.35961798299104 1.16395627590828 1.48622755566612 1.89574789139442 1.86555925640278 1.5109794549644 1.85250779544003 1.48313237773255 0 1.72620338900015 1.4920394225046 1.58280717558227 1.84684281912632 1.95185797894374 1.35781358019449 1.0051682444755 1.75323566165753 1.04460939508863 1.07435053237714 1.2376263057813 0.971095992485061 1.15163257950917 1.09041760768741 0.963680722285062
1.35507145267911 1.25731882289983 1.17593294591643 1.89493724144995 1.82877932325937 1.28121560183354 1.65543663874269 0.966168620856479 1.31279194843955 1.10076813213527 1.08059875713661 0.991971088806167 1.77787395124324 1.31894224369898 1.72620338900015 0 1.62307414901443 1.50385835929774 1.23417991795577 1.95114797982387 1.54915061942302 1.78840838628821 1.22467736992985 1.52927450323477 1.43313459120691 0.986857365816832 1.17670679814182 1.30637860391289 1.06961770239286 1.8406216702424
1.09557422390208 1.8390028567519 1.02742822724395 1.75623261160217 1.16270507639274 1.95132411574014 1.10659655113705 1.26610851893201 1.85431008320302 1.64281745860353 1.05002130521461 1.15758660412394 1.94101784494705 1.8559571064543 1.4920394225046 1.62307414901443 0 0.990643579512835 0.99362031230703 0.997810836648569 1.89815947576426 1.6406755913049 1.21019626152702 1.82192355766892 1.36847638734616 1.63803858263418 1.59087505866773 1.0739852914121 1.64015081943944 1.23738781549037
1.92090923665091 1.50266750319861 1.32750894315541 1.07712459634058 1.60721191810444 1.82826771144755 1.54168594628572 1.67881618486717 1.62074421532452 1.13073376193643 1.20780426752754 1.25772279500961 1.52586003718898 1.88671890227124 1.58280717558227 1.50385835929774 0.990643579512835 0 1.68950404413044 1.94381290045567 1.7145334277302 1.92565465415828 1.23317213100381 1.09575533051975 1.86951788887382 1.22034344426356 1.13619921263307 1.91745258541778 1.1041790577583 1.24024690617807
1.42279525264166 1.43704327917658 1.82957093114965 1.6642659867648 1.43660948541947 1.54909334750846 1.94120961567387 1.65748217026703 1.2264758371748 1.7498546030838 1.3315598492045 1.15249460516497 1.02920212573372 1.40679364837706 1.84684281912632 1.23417991795577 0.99362031230703 1.68950404413044 0 1.26140297576785 1.15015251538716 1.83469509426504 1.11510403524153 1.01170787005685 1.01069538830779 1.95303923892789 1.16974100936204 1.34657677379437 1.48563223634847 1.82488461141475
0.964471075451002 1.9090749877505 1.53621233464219 1.24391418253072 1.49817473813891 1.89052449818701 1.46309460722841 1.61316278902814 1.22772020823322 1.13213515537791 1.95071301585995 0.962705382844433 1.87442834512331 1.20202495902777 1.95185797894374 1.95114797982387 0.997810836648569 1.94381290045567 1.26140297576785 0 1.54708782606758 1.01206341246143 1.11854491243139 1.47097858833149 1.61932586715557 1.46579157491215 1.36592155881226 1.78002249612473 1.84948860947043 1.49547720234841
1.66812411253341 1.0617983203847 1.06638323538937 1.77820967929438 1.19244357384741 1.78609745833091 1.78733687731437 1.02443578722887 1.93505787081085 1.55867227725685 1.65920834895223 1.29865598445758 1.60922050010413 1.5559384454973 1.35781358019449 1.54915061942302 1.89815947576426 1.7145334277302 1.15015251538716 1.54708782606758 0 1.13207974215038 1.89869882562198 1.14718322781846 1.04812840744853 1.17740756855346 1.02012274833396 0.970138689270243 1.63563390052877 1.74393090605736
1.84621155122295 1.43706153496169 1.54214244987816 1.92281549284235 1.097942172084 1.16133125242777 1.38734694453888 1.62074450892396 1.5896192714572 1.74516630987637 1.92563754622824 1.60724357026629 1.83782325964421 1.91618749080226 1.0051682444755 1.78840838628821 1.6406755913049 1.92565465415828 1.83469509426504 1.01206341246143 1.13207974215038 0 0.99995619431138 1.2127690743655 1.59919432899915 1.34364828793332 1.36545392172411 1.77962993318215 1.32441103155725 1.6794384312816
1.19893160136417 1.72075864579529 1.31453088019043 1.51434317952953 1.62627508956939 1.44632661854848 1.42428942676634 1.50554704270326 1.66301856329665 1.54102149419487 1.72160045662895 1.42637250781991 1.6888705776073 1.01821037591435 1.75323566165753 1.22467736992985 1.21019626152702 1.23317213100381 1.11510403524153 1.11854491243139 1.89869882562198 0.99995619431138 0 1.80373788345605 1.01024320698343 1.82015197095461 1.86421124334447 1.056410767138 0.963817567797378 1.61818059976213
0.974946683738381 1.7942583761178 1.37422787840478 1.16523553128354 1.85785419563763 1.74948253110051 1.54750928701833 1.60421463497914 1.85247842874378 1.81361083989032 1.79270582529716 1.07886882661842 1.9164515028242 1.6428495135624 1.04460939508863 1.52927450323477 1.82192355766892 1.09575533051975 1.01170787005685 1.47097858833149 1.14718322781846 1.2127690743655 1.80373788345605 0 1.90592617238872 1.60270850243978 1.02116646245122 1.23113265330903 1.75302584515885 0.982579373987392
1.71424700366333 1.12948056054302 1.70829245564528 1.55433928314596 1.6400859223213 1.40661239693873 1.79953011847101 1.68670633179136 1.53230698499829 1.84379385598004 1.49031220423058 1.26916913082823 1.4185677820351 1.03938779840246 1.07435053237714 1.43313459120691 1.36847638734616 1.86951788887382 1.01069538830779 1.61932586715557 1.04812840744853 1.59919432899915 1.01024320698343 1.90592617238872 0 1.60751325357705 1.55413496121764 1.79164130799472 1.53405825374648 1.48268475965597
1.52827547420748 1.84370479849167 1.38736786390655 1.25597769813612 1.37645269068889 1.40354276262224 1.44488967279904 1.7781740820501 1.33557174215093 1.94154667877592 1.42278595780954 1.83841781993397 1.40849109110422 1.76184418937191 1.2376263057813 0.986857365816832 1.63803858263418 1.22034344426356 1.95303923892789 1.46579157491215 1.17740756855346 1.34364828793332 1.82015197095461 1.60270850243978 1.60751325357705 0 1.29452086123638 1.31752476166002 1.93489805073477 1.64791590045206
1.5712045354303 1.16636683768593 1.2308945832774 1.63121404103003 1.27477921615355 1.0836464096792 1.69487758912146 1.77922630985267 1.13360702944919 1.64405826851726 1.70155275147408 1.10004589403979 1.03658488253132 1.15591876348481 0.971095992485061 1.17670679814182 1.59087505866773 1.13619921263307 1.16974100936204 1.36592155881226 1.02012274833396 1.36545392172411 1.86421124334447 1.02116646245122 1.55413496121764 1.29452086123638 0 1.85588055360131 1.56594270118512 1.93477671477012
1.54655897500925 1.81119982292876 1.35342593304813 1.86584530770779 1.18280426086858 1.00054194615223 1.72995602129959 1.95800726301968 1.79914930206724 1.89779868186451 1.71860809042118 1.31828102353029 1.54503100272268 1.66536854044534 1.15163257950917 1.30637860391289 1.0739852914121 1.91745258541778 1.34657677379437 1.78002249612473 0.970138689270243 1.77962993318215 1.056410767138 1.23113265330903 1.79164130799472 1.31752476166002 1.85588055360131 0 1.40239433269016 1.65048348926939
1.64192147343419 1.04956262279302 1.46970781497657 1.04194477992132 1.14214225928299 1.73695363244042 1.3967633775901 1.50487334211357 1.8161144615151 1.79860454006121 1.10217174747959 1.5870011288207 1.41958401910961 1.80654477048665 1.09041760768741 1.06961770239286 1.64015081943944 1.1041790577583 1.48563223634847 1.84948860947043 1.63563390052877 1.32441103155725 0.963817567797378 1.75302584515885 1.53405825374648 1.93489805073477 1.56594270118512 1.40239433269016 0 1.82785886130296
1.23987529659644 1.05719999945723 1.07443045265973 1.01324079744518 1.35058680642396 1.62637130008079 1.61103327036835 1.57245329814032 0.998031875817105 1.7131835045293 1.61947981198318 1.72533679823391 1.39507909445092 1.64980049105361 0.963680722285062 1.8406216702424 1.23738781549037 1.24024690617807 1.82488461141475 1.49547720234841 1.74393090605736 1.6794384312816 1.61818059976213 0.982579373987392 1.48268475965597 1.64791590045206 1.93477671477012 1.65048348926939 1.82785886130296 0
