0 1.87227690615691 1.09711929108016 1.87093599908985 1.09508361294866 1.35521505423822 1.09884527418762 1.53742761886679 1.27015010803007 1.07618450606242 1.83419416216202 1.55683124065399 1.85640515876003 1.39977242983878 1.70544771756977 1.63786207977682 1.44150773971342 1.7516085463576 1.58351731603034 1.52628175984137 1.03543313732371 1.85161649086513 1.60140378540382 1.93835859559476 1.90034188283607 1.73089761449955 1.34028383949772 1.0853580343537 1.33079608320259 1.66999688930809
1.87227690615691 0 1.71247941022739 1.34427136275917 1.84653335809708 1.85850587207824 1.78271252801642 1.38703895849176 0.99480315647088 1.0068786831107 1.17406922183 1.50907085253857 1.93353864992969 1.92608678620309 1.86382289067842 1.24398026126437 1.58875823975541 1.13984646950848 1.00013207877055 1.70155078312382 1.76585212140344 1.02806906262413 1.77150244871154 1.93262882297859 0.96665577031672 1.29845875781029 1.19155394798145 1.9515652495902 1.11381550692022 1.9241126216948
1.09711929108016 1.71247941022739 0 1.52949902554974 1.33869201643392 1.2988782543689 1.45655724103563 1.05567411426455 1.11363641079515 1.48646841850132 1.87887761089951 1.00665580783971 1.88723082258366 1.23624266078696 1.12054052436724 1.31830405117944 1.08095143572427 1.92296879598871 1.30505003151484 1.54923772066832 1.17475407314487 1.5494895814918 1.79057306749746 1.7458660195116 1.9214407808613 1.37468632287346 1.25020659808069 1.75537375803106 1.0756012017373 1.27362663066015
1.87093599908985 1.34427136275917 1.52949902554974 0 1.78034825064242 1.36588309169747 1.08608203311451 1.07995647913776 1.37233285047114 1.13871181663126 1.66792751825415 1.59611717332155 1.54125287756324 1.66036999155767 1.28518758527935 1.63286216836423 1.19171298504807 1.24933005217463 1.91343168402091 0.976522974437103 1.12710332567804 1.32991654542275 1.71944519341923 1.06564199528657 1.03175282943994 1.3646509621758 1.80211226036772 1.91241541923955 1.73580314707942 1.80017697089352
1.09508361294866 1.84653335809708 1.33869201643392 1.78034825064242 0 1.90272635803558 1.1124859994743 1.36669353605248 1.03443986712955 1.55484755570069 1.66253104037605 1.64595787925646 1.41738400375471 1.55118145933375 1.21561961178668 1.80249714921229 1.22921017068438 1.78366827592254 0.993994024815038 1.79074714612216 1.26973842876032 1.08320706128143 1.34947765478864 1.50475387903862 1.14046110259369 0.990433380473405 1.67845386825502 1.36768446513452 1.27931231446564 1.14009000430815
1.35521505423822 1.85850587207824 1.2988782543689 1.36588309169747 1.90272635803558 0 1.06603425508365 1.18548929295503 1.80511841853149 1.93989317701198 1.0764880455099 0.993072830373421 1.11168731562793 1.14092158898711 1.45945599209517 1.866505588172 1.47070708731189 1.33853978244588 1.29581457329914 1.26168809854425 1.69701545964926 0.97784774331376 1.18277506995946 1.28356642508879 1.61570347752422 1.32027856144123 1.32650753413327 1.90545375598595 1.91461918829009 1.31760074384511
1.09884527418762 1.78271252801642 1.45655724103563 1.08608203311451 1.1124859994743 1.06603425508365 0 1.03791090333834 1.55385320540518 1.87251027743332 1.58762954967096 1.45181469037198 1.02936680032872 1.75299896881916 1.05909472913481 1.37144918553531 1.34685898199677 1.61159561597742 1.48840853152797 1.13690520985983 1.00727098830976 0.973798524122685 1.04736448335461 1.46448062756099 1.21900508645922 1.60984320752323 1.80928669031709 1.6392166572623 1.3697712351568 1.22416256391443
1.53742761886679 1.38703895849176 1.05567411426455 1.07995647913776 1.36669353605248 1.18548929295503 1.03791090333834 0 1.11789412354119 1.80788195296191 1.05848105973564 1.70479080756195 1.72321884147823 1.86719747306779 1.21496400889009 1.86372318980284 0.990057175513357 1.7854215039406 1.51373846223578 1.0209351752419 1.29322979319841 1.81580629944801 1.49784213351086 1.42454377887771 1.08560871612281 0.97486309427768 1.62947223498486 1.20777923567221 1.91858351184055 1.304706443334
1.27015010803007 0.99480315647088 1.11363641079515 1.37233285047114 1.03443986712955 1.80511841853149 1.55385320540518 1.11789412354119 0 1.33068373566493 1.70409148163162 1.55322294309735 1.61063864291646 1.41815408645198 1.65570415859111 1.21209744806401 1.41244825953618 1.50078880484216 1.60866410797462 1.2840702899266 1.07872710027732 1.57289768592454 1.1349789602682 1.29158298973925 1.5532259051688 1.85792795335874 1.19081059610471 1.48871689056978 1.58069280185737 1.69286641292274
1.07618450606242 1.0068786831107 1.48646841850132 1.13871181663126 1.55484755570069 1.93989317701198 1.87251027743332 1.80788195296191 1.33068373566493 0 1.21045941719785 1.36621092120185 1.6531173964031 1.8444246572908 1.09549826104194 1.22441026917659 1.19908008817583 1.20147840329446 1.91263757180423 1.06129875290208 1.84611133858562 1.29048792389221 1.92848592507653 1.57191206491552 1.8785015931353 1.74643614515662 0.988856909330934 1.72544104326516 1.68576817726716 1.47221631370485
1.83419416216202 1.17406922183 1.87887761089951 1.66792751825415 1.66253104037605 1.0764880455099 1.58762954967096 1.05848105973564 1.70409148163162 1.21045941719785 0 1.48896392947063 1.84458388807252 1.61263468093239 1.51018476882018 1.51310754101723 1.73100656992756 1.06968217133544 1.44007332087494 1.0848859960679 1.16127138608135 1.46972845681012 1.25009911321104 1.35690417420119 1.37935572047718 1.82458443008363 1.31850145501085 1.39022011240013 1.35862664459273 1.9325476817321
1.55683124065399 1.50907085253857 1.00665580783971 1.59611717332155 1.64595787925646 0.993072830373421 1.45181469037198 1.70479080756195 1.55322294309735 1.36621092120185 1.48896392947063 0 1.03391713299789 1.15843106876127 1.30328084900975 0.978796986630186 0.953770935535431 1.79542621248402 1.81914356537163 0.974197851726785 1.85799326980487 1.24627882079221 1.5862885271199 1.07074132817797 1.24740319605917 1.29019876453094 1.57186814770103 1.89259130437858 1.07201687572524 1.74836512072943
1.85640515876003 1.93353864992969 1.88723082258366 1.54125287756324 1.41738400375471 1.11168731562793 1.02936680032872 1.72321884147823 1.61063864291646 1.6531173964031 1.84458388807252 1.03391713299789 0 1.71517779584974 1.20651309238747 1.61890474753454 1.63562508416362 1.83484189561568 1.42278174892999 1.7065347591415 1.43218817794695 1.83687283960171 1.00168638164178 1.41958682704717 1.56275798589922 1.76796721783467 1.47012607520446 1.66814253153279 1.6048888254445 1.85433518467471
1.39977242983878 1.92608678620309 1.23624266078696 1.66036999155767 1.55118145933375 1.14092158898711 1.75299896881916 1.86719747306779 1.41815408645198 1.8444246572908 1.61263468093239 1.15843106876127 1.71517779584974 0 1.19975810684264 1.26778238546103 1.19690613099374 1.60870545520447 1.24731970415451 1.28219020110555 1.72963140602224 1.57946581672877 1.94576413743198 1.66505334805697 1.6407780693844 1.02101655537263 1.94672876200639 1.92994236550294 1.03849906474352 1.82790674478747
1.70544771756977 1.86382289067842 1.12054052436724 1.28518758527935 1.21561961178668 1.45945599209517 1.05909472913481 1.21496400889009 1.65570415859111 1.09549826104194 1.51018476882018 1.30328084900975 1.20651309238747 1.19975810684264 0 1.2166674816981 1.93807335314341 1.13439309317619 1.16628323122859 1.20768712693825 1.01866393233649 0.960122514283285 1.04990182747133 1.06404365412891 1.11420067376457 1.63263389701024 1.80355147691444 1.24256741045974 1.88883312279359 1.26012521190569
1.63786207977682 1.24398026126437 1.31830405117944 1.63286216836423 1.80249714921229 1.866505588172 1.37144918553531 1.86372318980284 1.21209744806401 1.22441026917659 1.51310754101723 0.978796986630186 1.61890474753454 1.26778238546103 1.2166674816981 0 1.07735429843888 1.26639771996997 1.07747997203842 1.08655897830613 1.25709927803837 0.957006614189595 1.90868927864358 1.67582382168621 1.46833624574356 1.15194707736373 1.91869394178502 1.02173157827929 0.982114454498515 1.86090290290304
1.44150773971342 1.58875823975541 1.08095143572427 1.19171298504807 1.22921017068438 1.47070708731189 1.34685898199677 0.990057175513357 1.41244825953618 1.19908008817583 1.73100656992756 0.953770935535431 1.63562508416362 1.19690613099374 1.93807335314341 1.07735429843888 0 1.48934082570486 1.12473284988664 1.88523475173861 1.35652096406557 1.60252200486138 1.28037974750623 1.20578011730686 1.73755434155464 1.54281940194778 1.76921214954928 0.987112733768299 1.76379302307032 0.981621055165306
1.7516085463576 1.13984646950848 1.92296879598871 1.24933005217463 1.78366827592254 1.33853978244588 1.61159561597742 1.7854215039406 1.50078880484216 1.20147840329446 1.06968217133544 1.79542621248402 1.83484189561568 1.60870545520447 1.13439309317619 1.26639771996997 1.48934082570486 0 1.25980646186508 1.68698779423721 1.16900771390647 1.73586349119432 1.9289904825855 0.993885109433904 1.8568681939505 0.970004150411114 1.20733254030347 1.47812772775069 1.28034318215214 0.968496365705505
1.58351731603034 1.00013207877055 1.30505003151484 1.91343168402091 0.993994024815038 1.29581457329914 1.48840853152797 1.51373846223578 1.60866410797462 1.91263757180423 1.44007332087494 1.81914356537163 1.42278174892999 1.24731970415451 1.16628323122859 1.07747997203842 1.12473284988664 1.25980646186508 0 1.3734932069201 1.77047412702814 1.11446063709445 1.77225049585104 1.82630238961428 1.3906476397533 1.32716128393076 1.28989076684229 1.58851931756362 1.89561814349145 1.41169291432016
1.52628175984137 1.70155078312382 1.54923772066832 0.976522974437103 1.79074714612216 1.26168809854425 1.13690520985983 1.0209351752419 1.2840702899266 1.06129875290208 1.0848859960679 0.974197851726785 1.7065347591415 1.28219020110555 1.20768712693825 1.08655897830613 1.88523475173861 1.68698779423721 1.3734932069201 0 1.71896725543775 1.88588694692589 1.3599142045714 0.998063667444512 1.41656476957723 1.27990104001947 1.40759070264176 1.37389420089312 1.67964240955189 1.77034913189709
1.03543313732371 1.76585212140344 1.17475407314487 1.12710332567804 1.26973842876032 1.69701545964926 1.00727098830976 1.29322979319841 1.07872710027732 1.84611133858562 1.16127138608135 1.85799326980487 1.43218817794695 1.72963140602224 1.01866393233649 1.25709927803837 1.35652096406557 1.16900771390647 1.77047412702814 1.71896725543775 0 1.0958775584586 1.48508051782846 1.2021933014039 1.82253844873048 0.960989607265219 1.79743464896455 1.71565046603791 1.85271687735803 1.55486034997739
1.85161649086513 1.02806906262413 1.5494895814918 1.32991654542275 1.08320706128143 0.97784774331376 0.973798524122685 1.81580629944801 1.57289768592454 1.29048792389221 1.46972845681012 1.24627882079221 1.83687283960171 1.57946581672877 0.960122514283285 0.957006614189595 1.60252200486138 1.73586349119432 1.11446063709445 1.88588694692589 1.0958775584586 0 1.87219883594662 1.31228179531172 1.26950817392208 1.20366380154155 0.961687327595428 1.28251603222452 1.90997663117014 1.48438424314372
1.60140378540382 1.77150244871154 1.79057306749746 1.71944519341923 1.34947765478864 1.18277506995946 1.04736448335461 1.49784213351086 1.1349789602682 1.92848592507653 1.25009911321104 1.5862885271199 1.00168638164178 1.94576413743198 1.04990182747133 1.90868927864358 1.28037974750623 1.9289904825855 1.77225049585104 1.3599142045714 1.48508051782846 1.87219883594662 0 1.02822166215628 1.86816982598975 1.2040426786989 1.48998974217102 1.19146752008237 0.962485642405227 1.1892909205053
1.93835859559476 1.93262882297859 1.7458660195116 1.06564199528657 1.50475387903862 1.28356642508879 1.46448062756099 1.42454377887771 1.29158298973925 1.57191206491552 1.35690417420119 1.07074132817797 1.41958682704717 1.66505334805697 1.06404365412891 1.67582382168621 1.20578011730686 0.993885109433904 1.82630238961428 0.998063667444512 1.2021933014039 1.31228179531172 1.02822166215628 0 1.71581873041578 1.85931723192334 1.45263064466417 1.11057933652773 1.87524511781521 1.17681398079731
1.90034188283607 0.96665577031672 1.9214407808613 1.03175282943994 1.14046110259369 1.61570347752422 1.21900508645922 1.08560871612281 1.5532259051688 1.8785015931353 1.37935572047718 1.24740319605917 1.56275798589922 1.6407780693844 1.11420067376457 1.46833624574356 1.73755434155464 1.8568681939505 1.3906476397533 1.41656476957723 1.82253844873048 1.26950817392208 1.86816982598975 1.71581873041578 0 1.67214610078372 1.32799039967358 1.83786040823907 1.01391625218093 1.79699591058306
1.73089761449955 1.29845875781029 1.37468632287346 1.3646509621758 0.990433380473405 1.32027856144123 1.60984320752323 0.97486309427768 1.85792795335874 1.74643614515662 1.82458443008363 1.29019876453094 1.76796721783467 1.02101655537263 1.63263389701024 1.15194707736373 1.54281940194778 0.970004150411114 1.32716128393076 1.27990104001947 0.960989607265219 1.20366380154155 1.2040426786989 1.85931723192334 1.67214610078372 0 1.28060928406194 1.7834289513994 1.48569416604005 1.84203625936061
1.34028383949772 1.19155394798145 1.25020659808069 1.80211226036772 1.67845386825502 1.32650753413327 1.80928669031709 1.62947223498486 1.19081059610471 0.988856909330934 1.31850145501085 1.57186814770103 1.47012607520446 1.94672876200639 1.80355147691444 1.91869394178502 1.76921214954928 1.20733254030347 1.28989076684229 1.40759070264176 1.79743464896455 0.961687327595428 1.48998974217102 1.45263064466417 1.32799039967358 1.28060928406194 0 1.70139461546205 1.16551844053902 1.93534567765892
1.0853580343537 1.9515652495902 1.75537375803106 1.91241541923955 1.36768446513452 1.90545375598595 1.6392166572623 1.20777923567221 1.48871689056978 1.72544104326516 1.39022011240013 1.89259130437858 1.66814253153279 1.92994236550294 1.24256741045974 1.02173157827929 0.987112733768299 1.47812772775069 1.58851931756362 1.37389420089312 1.71565046603791 1.28251603222452 1.19146752008237 1.11057933652773 1.83786040823907 1.7834289513994 1.70139461546205 0 1.18273331737146 1.0900150325615
1.33079608320259 1.11381550692022 1.0756012017373 1.73580314707942 1.27931231446564 1.91461918829009 1.3697712351568 1.91858351184055 1.58069280185737 1.68576817726716 1.35862664459273 1.07201687572524 1.6048888254445 1.03849906474352 1.88883312279359 0.982114454498515 1.76379302307032 1.28034318215214 1.89561814349145 1.67964240955189 1.85271687735803 1.90997663117014 0.962485642405227 1.87524511781521 1.01391625218093 1.48569416604005 1.16551844053902 1.18273331737146 0 1.57181940623559
1.66999688930809 1.9241126216948 1.27362663066015 1.80017697089352 1.14009000430815 1.31760074384511 1.22416256391443 1.304706443334 1.69286641292274 1.47221631370485 1.9325476817321 1.74836512072943 1.85433518467471 1.82790674478747 1.26012521190569 1.86090290290304 0.981621055165306 0.968496365705505 1.41169291432016 1.77034913189709 1.55486034997739 1.48438424314372 1.1892909205053 1.17681398079731 1.79699591058306 1.84203625936061 1.93534567765892 1.0900150325615 1.57181940623559 0
