0 1.63716884958558 1.25030349125154 0.907007780857384 1.34461037651636 1.46609014668502 0.955149722285569 1.87103971466422 0.893894172273576 1.67210765532218 1.53470094338991 0.966913474956527 1.401740150759 0.895611585583538 1.27299723145552 1.8479484738782 1.18380013410933 0.981549598975107 1.05558244418353 1.63960543414578 1.59595937863924 0.912731301737949 1.38064491003752 1.34302140469663 1.57922340370715 1.24405385344289 1.78031791676767 1.6555553288199 1.3895445514936 1.51136391726322
1.63716884958558 0 1.71333248750307 1.43289251928218 1.24916178593412 1.55975888017565 1.55483787227422 1.35497349547222 1.8031564031262 1.78392481757328 1.53902731230482 1.78503150353208 0.978601579554379 1.27986362343654 1.82802503718995 1.84337031445466 1.09903887985274 1.40797477471642 0.911992033245042 1.52014950872399 1.76189158926718 1.83716681809165 1.74679320026189 1.08250991627574 1.17669861670583 1.14423274132423 1.51589151495136 1.67450118553825 1.17647143849172 1.53225565585308
1.25030349125154 1.71333248750307 0 1.59625048004091 0.965185116510838 1.67194642638788 1.69354208395816 1.88501663785428 1.14801846956834 1.45376083720475 1.31298884097487 1.18343611666933 1.46209714282304 1.08238615188748 1.15085815056227 1.27933008712716 1.24033558508381 1.22026391141117 1.57347436272539 1.15826985822059 1.44252751278691 0.917469411855564 1.14169011474587 1.66235849587247 1.26853348989971 1.86273906426504 1.09341188077815 1.85563324601389 1.79682459263131 1.48562772409059
0.907007780857384 1.43289251928218 1.59625048004091 0 1.25160755007528 0.939661954529583 1.0340048011858 1.67597779701464 1.08901863521896 1.68592855078168 0.973839933983982 1.5056342377793 1.4763639413286 1.10675856377929 1.67749423137866 1.07761223288253 1.01039730967022 1.88855737983249 1.09946223767474 1.06731617660262 1.47215864481404 1.78573122969829 1.83679427811876 1.5693053684663 1.58660172880627 1.56571669783443 1.71027892339043 1.27834329614416 1.24463245342486 1.03854175936431
1.34461037651636 1.24916178593412 0.965185116510838 1.25160755007528 0 1.49111132090911 1.6317855801899 1.58840921428055 1.80653283279389 1.02609997359104 1.72294793161564 0.902905092341825 1.46697343233973 1.82191557507031 1.58227199292742 1.59742695093155 1.67306727124378 1.22444115672261 1.03406801470555 1.19394429633394 1.6672462776769 1.55345270060934 0.955633792094886 1.09996454697102 1.33549944194965 1.77689809398726 1.69534949329682 1.11381564103067 1.49430522043258 1.83484160131775
1.46609014668502 1.55975888017565 1.67194642638788 0.939661954529583 1.49111132090911 0 1.5982701361645 1.13652571267448 1.70841987919994 1.32616969011724 1.10615181853063 1.21120963292196 1.44438487989828 1.44647370930761 1.25936661753803 1.63956248597242 1.39179500355385 1.11486062663607 0.932197022484615 1.67919665412046 1.62383749615401 1.7928679313045 1.78092890582047 1.19071318698116 0.943944360362366 1.25781379477121 0.912022814154625 1.62359035061672 0.893665197771043 1.81166860414669
0.955149722285569 1.55483787227422 1.69354208395816 1.0340048011858 1.6317855801899 1.5982701361645 0 1.29145680833608 0.986884249839932 1.84035347867757 1.5468818473164 1.51192830875516 1.70775863202289 1.1870446591638 1.44078229600564 1.50063147488981 1.42790429503657 1.8140113176778 1.22144744871184 1.59060091362335 1.34097252343781 1.18353655515239 1.8413150284905 1.14448993024416 1.49064300046302 1.54868107684888 0.918871867703274 1.51378621766344 1.60238109203056 1.49137067585252
1.87103971466422 1.35497349547222 1.88501663785428 1.67597779701464 1.58840921428055 1.13652571267448 1.29145680833608 0 1.30736572504975 1.77057258831337 1.36792455567047 1.32800411991775 1.56153524410911 1.02242716797628 1.34781754924916 1.85249328729697 0.946683363756165 1.47128637717105 0.971678551053628 1.14500648458488 1.34031943813898 1.60982612613589 1.85189570789225 1.472550280625 1.43528513447382 1.63198306690902 1.23956781183369 1.73611636809073 1.5792021190282 1.67016078787856
0.893894172273576 1.8031564031262 1.14801846956834 1.08901863521896 1.80653283279389 1.70841987919994 0.986884249839932 1.30736572504975 0 0.927215564996004 1.42840239894576 1.64603793830611 1.13165842462331 1.15827440866269 1.24313844460994 1.33169050863944 1.17184444912709 1.02647966775112 1.44545548176393 1.05767708248459 1.19533365778625 1.54708459461108 1.74743654648773 1.36987859383225 1.31724507780746 1.8532623143401 1.26881305151619 0.922142490278929 1.10803343984298 0.892069918569177
1.67210765532218 1.78392481757328 1.45376083720475 1.68592855078168 1.02609997359104 1.32616969011724 1.84035347867757 1.77057258831337 0.927215564996004 0 1.17582256579772 1.57220223266631 1.48096741852351 1.17414222075604 1.87848842539825 1.24403420090675 1.16502883168869 1.54553461424075 1.64925094274804 0.988771483534947 1.30516343656927 1.0936261145398 1.84797133528627 1.45689459890127 1.47286807955243 1.45927432994358 1.72793218074366 1.18650033255108 1.03510091034696 0.944954105420038
1.53470094338991 1.53902731230482 1.31298884097487 0.973839933983982 1.72294793161564 1.10615181853063 1.5468818473164 1.36792455567047 1.42840239894576 1.17582256579772 0 1.42403038963675 1.62626776401885 0.891416822792962 1.29119078977965 1.20732844667509 1.08647954137996 1.61571230692789 0.917830180842429 1.46805156278424 1.775044367183 1.28918391303159 1.57924214028753 0.995605574687943 1.79873867006972 1.55739089823328 1.29613601765595 1.3661948654335 1.56078024231829 1.21488723950461
0.966913474956527 1.78503150353208 1.18343611666933 1.5056342377793 0.902905092341825 1.21120963292196 1.51192830875516 1.32800411991775 1.64603793830611 1.57220223266631 1.42403038963675 0 1.86641407967545 0.994584024418145 1.64400782319717 1.16737682581879 1.50449261860922 1.4832938471809 1.09590945206583 1.55858244118281 1.01173046045005 1.65022928663529 1.14236480509862 1.88667338644154 1.18194540194236 0.99583964375779 1.39219621801749 1.44522490911186 1.1865347546991 1.41457454441115
1.401740150759 0.978601579554379 1.46209714282304 1.4763639413286 1.46697343233973 1.44438487989828 1.70775863202289 1.56153524410911 1.13165842462331 1.48096741852351 1.62626776401885 1.86641407967545 0 1.11684600752778 1.05283620301634 1.25896476092748 1.81235686154105 1.43729897169396 1.09976671193726 1.71961858286522 1.69755313522182 1.78213309217244 1.22897895774804 1.56259395205416 1.44301472441293 1.49214430362917 1.10923690767959 1.49090583133511 1.0581843580585 1.33871480473317
0.895611585583538 1.27986362343654 1.08238615188748 1.10675856377929 1.82191557507031 1.44647370930761 1.1870446591638 1.02242716797628 1.15827440866269 1.17414222075604 0.891416822792962 0.994584024418145 1.11684600752778 0 1.70255645667203 1.66476760711521 1.14912468451075 1.83563484344631 0.936097401427105 1.05751114175655 1.88394942856394 1.40842300513759 1.68774967244826 1.37399070546962 1.87723438395187 0.94232829217799 1.08175188791938 1.7584282993339 1.37724351137877 1.84629613580182
1.27299723145552 1.82802503718995 1.15085815056227 1.67749423137866 1.58227199292742 1.25936661753803 1.44078229600564 1.34781754924916 1.24313844460994 1.87848842539825 1.29119078977965 1.64400782319717 1.05283620301634 1.70255645667203 0 1.11446137493476 0.928085077553988 1.17372359195724 1.1834816550836 1.88013004441746 1.22633289382793 1.22481422359124 1.35055937012658 0.987443956779316 1.85015806881711 1.55908907367848 1.5883076575119 1.74199041957036 1.32307605957612 1.50877793179825
1.8479484738782 1.84337031445466 1.27933008712716 1.07761223288253 1.59742695093155 1.63956248597242 1.50063147488981 1.85249328729697 1.33169050863944 1.24403420090675 1.20732844667509 1.16737682581879 1.25896476092748 1.66476760711521 1.11446137493476 0 1.37337515200488 1.26004655798897 1.10434290883131 1.20569969248027 1.50917003024369 1.22994114109315 1.19244150049053 1.8286878936924 0.925963544286788 1.15251793852076 1.53091161861084 1.02438802132383 1.63493132242002 0.894485630327836
1.18380013410933 1.09903887985274 1.24033558508381 1.01039730967022 1.67306727124378 1.39179500355385 1.42790429503657 0.946683363756165 1.17184444912709 1.16502883168869 1.08647954137996 1.50449261860922 1.81235686154105 1.14912468451075 0.928085077553988 1.37337515200488 0 0.975243847817183 1.07768287532963 1.54228292987682 1.59656501910649 1.49557908345014 1.21781444386579 1.18327602976933 1.42162244557403 1.8548242058605 1.24039984447882 0.904023699462414 1.54224976524711 1.31980623234995
0.981549598975107 1.40797477471642 1.22026391141117 1.88855737983249 1.22444115672261 1.11486062663607 1.8140113176778 1.47128637717105 1.02647966775112 1.54553461424075 1.61571230692789 1.4832938471809 1.43729897169396 1.83563484344631 1.17372359195724 1.26004655798897 0.975243847817183 0 1.81020581861958 1.36130787408911 1.23290104325861 0.906379733933136 1.57994426251389 1.68737033219077 1.37505708425306 1.87286104261875 1.74919524230063 1.6701883522328 1.17702358448878 1.29460091283545
1.05558244418353 0.911992033245042 1.57347436272539 1.09946223767474 1.03406801470555 0.932197022484615 1.22144744871184 0.971678551053628 1.44545548176393 1.64925094274804 0.917830180842429 1.09590945206583 1.09976671193726 0.936097401427105 1.1834816550836 1.10434290883131 1.07768287532963 1.81020581861958 0 1.86036451929249 1.58447656687349 1.67204613843933 0.966777210123837 1.03478624648415 0.961697631748393 1.55682743689977 1.03669155319221 1.7736278953962 0.907317387172952 1.47031521960162
1.63960543414578 1.52014950872399 1.15826985822059 1.06731617660262 1.19394429633394 1.67919665412046 1.59060091362335 1.14500648458488 1.05767708248459 0.988771483534947 1.46805156278424 1.55858244118281 1.71961858286522 1.05751114175655 1.88013004441746 1.20569969248027 1.54228292987682 1.36130787408911 1.86036451929249 0 1.32868493208662 1.39880518917926 1.5233053478878 1.15298836352304 1.40483397850767 1.6938427540008 1.79397230315953 1.84909823862836 1.10537244309671 0.959033427527174
1.59595937863924 1.76189158926718 1.44252751278691 1.47215864481404 1.6672462776769 1.62383749615401 1.34097252343781 1.34031943813898 1.19533365778625 1.30516343656927 1.775044367183 1.01173046045005 1.69755313522182 1.88394942856394 1.22633289382793 1.50917003024369 1.59656501910649 1.23290104325861 1.58447656687349 1.32868493208662 0 1.2204531817697 1.79270297870971 1.03418594738469 1.25890266872011 1.21869439352304 1.37150790425949 1.74350181780756 1.29913295130245 1.00200509396382
0.912731301737949 1.83716681809165 0.917469411855564 1.78573122969829 1.55345270060934 1.7928679313045 1.18353655515239 1.60982612613589 1.54708459461108 1.0936261145398 1.28918391303159 1.65022928663529 1.78213309217244 1.40842300513759 1.22481422359124 1.22994114109315 1.49557908345014 0.906379733933136 1.67204613843933 1.39880518917926 1.2204531817697 0 1.41378735913895 1.57647930155508 1.77494909148663 1.14164827950299 1.50540710170753 1.37495072884485 1.36702156043611 1.33064792025834
1.38064491003752 1.74679320026189 1.14169011474587 1.83679427811876 0.955633792094886 1.78092890582047 1.8413150284905 1.85189570789225 1.74743654648773 1.84797133528627 1.57924214028753 1.14236480509862 1.22897895774804 1.68774967244826 1.35055937012658 1.19244150049053 1.21781444386579 1.57994426251389 0.966777210123837 1.5233053478878 1.79270297870971 1.41378735913895 0 1.81900148442946 1.82588496268727 0.973265010165051 1.46759482868947 1.32481504767202 1.20857759425417 1.77442091982812
1.34302140469663 1.08250991627574 1.66235849587247 1.5693053684663 1.09996454697102 1.19071318698116 1.14448993024416 1.472550280625 1.36987859383225 1.45689459890127 0.995605574687943 1.88667338644154 1.56259395205416 1.37399070546962 0.987443956779316 1.8286878936924 1.18327602976933 1.68737033219077 1.03478624648415 1.15298836352304 1.03418594738469 1.57647930155508 1.81900148442946 0 1.07865972723812 1.73243050486781 1.09784563770518 1.0356484381482 1.06740973400883 1.69024135405198
1.57922340370715 1.17669861670583 1.26853348989971 1.58660172880627 1.33549944194965 0.943944360362366 1.49064300046302 1.43528513447382 1.31724507780746 1.47286807955243 1.79873867006972 1.18194540194236 1.44301472441293 1.87723438395187 1.85015806881711 0.925963544286788 1.42162244557403 1.37505708425306 0.961697631748393 1.40483397850767 1.25890266872011 1.77494909148663 1.82588496268727 1.07865972723812 0 1.1655717920512 1.84962283517234 1.37216813163832 1.03119540633634 0.960140232462436
1.24405385344289 1.14423274132423 1.86273906426504 1.56571669783443 1.77689809398726 1.25781379477121 1.54868107684888 1.63198306690902 1.8532623143401 1.45927432994358 1.55739089823328 0.99583964375779 1.49214430362917 0.94232829217799 1.55908907367848 1.15251793852076 1.8548242058605 1.87286104261875 1.55682743689977 1.6938427540008 1.21869439352304 1.14164827950299 0.973265010165051 1.73243050486781 1.1655717920512 0 1.25632518017665 1.8276376251597 1.61579963075928 1.39246497233398
1.78031791676767 1.51589151495136 1.09341188077815 1.71027892339043 1.69534949329682 0.912022814154625 0.918871867703274 1.23956781183369 1.26881305151619 1.72793218074366 1.29613601765595 1.39219621801749 1.10923690767959 1.08175188791938 1.5883076575119 1.53091161861084 1.24039984447882 1.74919524230063 1.03669155319221 1.79397230315953 1.37150790425949 1.50540710170753 1.46759482868947 1.09784563770518 1.84962283517234 1.25632518017665 0 1.59474357450381 1.28257721941918 1.48901855805889
1.6555553288199 1.67450118553825 1.85563324601389 1.27834329614416 1.11381564103067 1.62359035061672 1.51378621766344 1.73611636809073 0.922142490278929 1.18650033255108 1.3661948654335 1.44522490911186 1.49090583133511 1.7584282993339 1.74199041957036 1.02438802132383 0.904023699462414 1.6701883522328 1.7736278953962 1.84909823862836 1.74350181780756 1.37495072884485 1.32481504767202 1.0356484381482 1.37216813163832 1.8276376251597 1.59474357450381 0 1.63726454460993 1.14342553936876
1.3895445514936 1.17647143849172 1.79682459263131 1.24463245342486 1.49430522043258 0.893665197771043 1.60238109203056 1.5792021190282 1.10803343984298 1.03510091034696 1.56078024231829 1.1865347546991 1.0581843580585 1.37724351137877 1.32307605957612 1.63493132242002 1.54224976524711 1.17702358448878 0.907317387172952 1.10537244309671 1.29913295130245 1.36702156043611 1.20857759425417 1.06740973400883 1.03119540633634 1.61579963075928 1.28257721941918 1.63726454460993 0 1.2913207586389
1.51136391726322 1.53225565585308 1.48562772409059 1.03854175936431 1.83484160131775 1.81166860414669 1.49137067585252 1.67016078787856 0.892069918569177 0.944954105420038 1.21488723950461 1.41457454441115 1.33871480473317 1.84629613580182 1.50877793179825 0.894485630327836 1.31980623234995 1.29460091283545 1.47031521960162 0.959033427527174 1.00200509396382 1.33064792025834 1.77442091982812 1.69024135405198 0.960140232462436 1.39246497233398 1.48901855805889 1.14342553936876 1.2913207586389 0
