0 1.51724670547992 1.36531309806742 1.74811533233151 1.49295570049435 1.09343218477443 1.26905674161389 0.940554951084778 1.15423317323439 0.976577559718862 1.61566418106668 1.21040248638019 1.37750818650238 1.23621533485129 1.04266897612251 1.85051002702676 1.13873595511541 1.26598497596569 1.45145892398432 0.899745978647843 1.52625020546839 1.30234201718122 1.69375157961622 1.82419874728657 1.43326546507888 1.57874927972443 1.7109662021976 1.31653300346807 1.76835046662018 1.48167116008699
1.51724670547992 0 1.09839596180245 1.40942938323133 1.23926414200105 1.47521495283581 1.04591813660227 1.02062054956332 1.61726755532436 1.85528014576994 1.51087611285038 1.09039457165636 1.87535961647518 1.17145564313978 1.47005178104155 1.01275886176154 1.12926830933429 1.61217622132972 1.84463707031682 1.14086840138771 1.20779026346281 1.45800389326178 0.961502528283745 1.0775174102746 1.55479165748693 0.921044589020312 1.00204359972849 1.80251296446659 1.75841258070432 1.66103108343668
1.36531309806742 1.09839596180245 0 1.71210907958448 0.94175480492413 1.15616328269243 1.8034032874275 1.4258984324988 1.64356153900735 1.43173393397592 1.62361940182745 1.20728409127332 1.57772854622453 1.41965614864603 1.14767559384927 1.4409241322428 0.98513054382056 1.54575578286313 0.902376227779314 1.03186268545687 1.81611346243881 1.5226752916351 1.43705036886968 1.0253180032596 1.44328412180766 1.66769902873784 1.416881283978 1.87429490638897 1.17174333496951 1.44532987917773
1.74811533233151 1.40942938323133 1.71210907958448 0 1.4208191188518 1.67047752114013 1.59870805428363 1.66271711071022 1.31528718443587 1.21215118980035 1.34083136403933 1.55444946791977 1.26467385026626 1.23863064241596 1.38548681559041 1.35138664045371 1.18504622182809 1.78721855487674 1.78031102567911 1.22087821154855 1.64479434792884 1.60044398065656 1.85925232525915 1.0125764166005 1.12681775982492 1.21732396120206 1.42908680741675 1.3315960674081 1.20813313545659 0.981891607167199
1.49295570049435 1.23926414200105 0.94175480492413 1.4208191188518 0 0.983554840553552 1.74720922205597 1.51985193509609 1.15100860456005 1.233037824044 1.04059556289576 1.36299002473243 1.65445195441134 1.62500366941094 1.14847965212539 1.26085548987612 1.67996467463672 1.08644587243907 1.62907397956587 1.29520271951333 1.19347785506397 1.789913847344 0.922580864978954 1.27386542549357 1.27873374987394 1.17343528312631 1.09282559412532 1.68129282980226 1.31839612475596 1.08141533168964
1.09343218477443 1.47521495283581 1.15616328269243 1.67047752114013 0.983554840553552 0 0.989090291084722 0.952939818613231 1.79269852559082 1.27769353473559 1.62929926160723 1.48143543419428 1.29327364219353 1.75747324549593 1.63595101144165 1.3880336608272 1.55215575010516 1.3436816027388 1.07417964702472 1.13955769292079 1.00851016608067 1.72923289705068 0.934764870675281 1.64623724808916 1.72773936251178 1.72536185081117 1.24722778098658 1.15049405070022 1.62220630142838 1.3914766323287
1.26905674161389 1.04591813660227 1.8034032874275 1.59870805428363 1.74720922205597 0.989090291084722 0 1.08019609586336 0.984006955986843 1.05703353346325 1.03288176842034 1.84783097775653 1.32649830495939 1.15738534228876 1.15473875263706 1.69153921259567 1.21046020323411 0.989589316537604 1.2536349769216 1.73977959551848 1.07524899300188 1.52933668298647 1.38864914979786 1.14072831883095 1.503490798641 1.28993296250701 1.1857103377115 1.27043509786017 1.05717574828304 1.36938881920651
0.940554951084778 1.02062054956332 1.4258984324988 1.66271711071022 1.51985193509609 0.952939818613231 1.08019609586336 0 1.78334708162583 1.52692614868283 1.5493976699654 1.53163013025187 1.56796375941485 1.1431106524542 1.39281290909275 1.57075659022667 1.52093023923226 1.12018279265612 1.82738024997525 0.901320959674194 1.57967494777404 0.938027248019353 1.14816366625018 0.981559977866709 1.66182653908618 1.46349117229693 1.64292312180623 1.43205027957447 1.64621069445275 1.50402738316916
1.15423317323439 1.61726755532436 1.64356153900735 1.31528718443587 1.15100860456005 1.79269852559082 0.984006955986843 1.78334708162583 0 1.25338353496045 0.917782604228705 1.86575749912299 1.07016916992143 1.59571557771415 1.83004654129036 0.925435521872714 1.14720586710609 1.13108333665878 1.73722775722854 1.32272359426133 0.995138293365017 1.78399514593184 1.88072357466444 1.32988517428748 1.4138578879647 1.81834831554443 1.3544809971936 1.30208686180413 1.74375748983584 1.52398682641797
0.976577559718862 1.85528014576994 1.43173393397592 1.21215118980035 1.233037824044 1.27769353473559 1.05703353346325 1.52692614868283 1.25338353496045 0 1.68367959093302 1.395462092245 1.53308820864186 1.00705203972757 1.09890310140327 1.66219555935822 1.0486071780324 1.29779410851188 1.87712413491681 1.16379032097757 1.71977626555599 1.35815694625489 0.911404397338629 1.31691441545263 1.8625844521448 1.79888899018988 1.80370622989722 1.03784637548961 1.69959226693027 1.19743058085442
1.61566418106668 1.51087611285038 1.62361940182745 1.34083136403933 1.04059556289576 1.62929926160723 1.03288176842034 1.5493976699654 0.917782604228705 1.68367959093302 0 1.17113303695805 1.66209425521083 1.12966526229866 1.39779017888941 1.8394406652078 1.79080059705302 1.05770420003682 1.68703772313893 1.74668552959338 0.923407445428893 1.52277363883331 1.77538653113879 1.76103957346641 0.933245195774361 1.74502069945447 1.34136357204989 1.50085640675388 1.7499945606105 1.02434029919095
1.21040248638019 1.09039457165636 1.20728409127332 1.55444946791977 1.36299002473243 1.48143543419428 1.84783097775653 1.53163013025187 1.86575749912299 1.395462092245 1.17113303695805 0 1.6830715527758 1.63782773748972 1.01678796252236 1.32797056157142 1.13336798083037 1.0668392542284 0.948472626972944 1.43370407191105 1.67832541023381 1.61412397865206 1.67433783272281 1.28394468617626 1.09413650119677 0.892308814683929 1.52928680204786 1.17386914859526 1.8281709079165 1.36870059836656
1.37750818650238 1.87535961647518 1.57772854622453 1.26467385026626 1.65445195441134 1.29327364219353 1.32649830495939 1.56796375941485 1.07016916992143 1.53308820864186 1.66209425521083 1.6830715527758 0 1.73628088482656 1.12343913107179 1.16900164820254 1.61839809897356 1.34908273490146 1.51678919419646 1.14206438185647 1.50359989912249 1.33368723699823 1.31287218187936 1.55852548219264 1.09445522050373 1.75492428685538 1.43331231269985 1.50359380780719 1.35200111544691 1.7854486159049
1.23621533485129 1.17145564313978 1.41965614864603 1.23863064241596 1.62500366941094 1.75747324549593 1.15738534228876 1.1431106524542 1.59571557771415 1.00705203972757 1.12966526229866 1.63782773748972 1.73628088482656 0 1.55421675625257 1.88001736369915 1.88119160034694 0.977809964912012 1.36285907635465 1.61496578087099 0.946801702259108 1.70784674747847 1.56968907290138 1.55172210861929 1.63416223810054 1.00841638911515 0.915071479044855 1.81352515728213 1.40472677373327 1.71624965127558
1.04266897612251 1.47005178104155 1.14767559384927 1.38548681559041 1.14847965212539 1.63595101144165 1.15473875263706 1.39281290909275 1.83004654129036 1.09890310140327 1.39779017888941 1.01678796252236 1.12343913107179 1.55421675625257 0 1.6833483511582 1.24050997756422 1.31014626799151 1.43498266558163 1.5870010512881 1.09470549598336 0.958312059519812 1.78342688013799 1.8279872641433 0.915055790916085 1.82266143173911 1.81730488804169 1.7880000253208 1.5894761888776 1.8222536938265
1.85051002702676 1.01275886176154 1.4409241322428 1.35138664045371 1.26085548987612 1.3880336608272 1.69153921259567 1.57075659022667 0.925435521872714 1.66219555935822 1.8394406652078 1.32797056157142 1.16900164820254 1.88001736369915 1.6833483511582 0 1.53981391945854 1.63960751122795 1.10046151163988 1.63920459034853 1.13973635318689 1.53602169058286 1.43492700206116 1.59383050631732 1.01242751907557 0.930069993715733 1.29018911719322 1.86890217592008 1.79451234615408 1.81743420031853
1.13873595511541 1.12926830933429 0.98513054382056 1.18504622182809 1.67996467463672 1.55215575010516 1.21046020323411 1.52093023923226 1.14720586710609 1.0486071780324 1.79080059705302 1.13336798083037 1.61839809897356 1.88119160034694 1.24050997756422 1.53981391945854 0 1.16533335042186 1.10481243301183 1.7303749541752 1.27396902092732 0.989376720273867 1.20326850679703 1.5103966135066 1.54738530074246 1.20905047957785 1.39661785610951 1.10204868554138 1.86636208579876 1.85055860038847
1.26598497596569 1.61217622132972 1.54575578286313 1.78721855487674 1.08644587243907 1.3436816027388 0.989589316537604 1.12018279265612 1.13108333665878 1.29779410851188 1.05770420003682 1.0668392542284 1.34908273490146 0.977809964912012 1.31014626799151 1.63960751122795 1.16533335042186 0 1.27208382100798 1.2902131001465 1.22508229012601 1.04453509463929 1.62514598737471 0.892401261953637 1.23584831599146 1.75854138238356 1.38009854755364 1.52950723096728 1.48200234537944 0.940275637665763
1.45145892398432 1.84463707031682 0.902376227779314 1.78031102567911 1.62907397956587 1.07417964702472 1.2536349769216 1.82738024997525 1.73722775722854 1.87712413491681 1.68703772313893 0.948472626972944 1.51678919419646 1.36285907635465 1.43498266558163 1.10046151163988 1.10481243301183 1.27208382100798 0 1.52044488606043 0.999937419779599 1.752624908695 1.67029711534269 0.904777929186821 1.10988571960479 1.20922088203952 1.60068423394114 1.11360885715112 0.910561959259212 1.14520293381065
0.899745978647843 1.14086840138771 1.03186268545687 1.22087821154855 1.29520271951333 1.13955769292079 1.73977959551848 0.901320959674194 1.32272359426133 1.16379032097757 1.74668552959338 1.43370407191105 1.14206438185647 1.61496578087099 1.5870010512881 1.63920459034853 1.7303749541752 1.2902131001465 1.52044488606043 0 1.28065156424418 1.02503503067419 1.64702428830788 1.8828809375409 1.25746937538497 1.6003341616597 1.83499069768004 1.70799615886062 0.91313948854804 0.982360500143841
1.52625020546839 1.20779026346281 1.81611346243881 1.64479434792884 1.19347785506397 1.00851016608067 1.07524899300188 1.57967494777404 0.995138293365017 1.71977626555599 0.923407445428893 1.67832541023381 1.50359989912249 0.946801702259108 1.09470549598336 1.13973635318689 1.27396902092732 1.22508229012601 0.999937419779599 1.28065156424418 0 1.84440266923048 1.62415348086506 1.28427086025476 1.53834385494702 0.897880878765136 1.66176486969925 0.979379350086674 1.88139904965647 1.6042361157015
1.30234201718122 1.45800389326178 1.5226752916351 1.60044398065656 1.789913847344 1.72923289705068 1.52933668298647 0.938027248019353 1.78399514593184 1.35815694625489 1.52277363883331 1.61412397865206 1.33368723699823 1.70784674747847 0.958312059519812 1.53602169058286 0.989376720273867 1.04453509463929 1.752624908695 1.02503503067419 1.84440266923048 0 1.26011305721477 1.69694622559473 0.890547745861113 1.83208049926907 1.18466023681685 1.35142774390988 0.908806406892836 1.18318951199763
1.69375157961622 0.961502528283745 1.43705036886968 1.85925232525915 0.922580864978954 0.934764870675281 1.38864914979786 1.14816366625018 1.88072357466444 0.911404397338629 1.77538653113879 1.67433783272281 1.31287218187936 1.56968907290138 1.78342688013799 1.43492700206116 1.20326850679703 1.62514598737471 1.67029711534269 1.64702428830788 1.62415348086506 1.26011305721477 0 1.1524922286626 0.99224708834663 1.35244367457926 1.24377159634605 1.29891949333251 1.43975125905126 1.29800420789979
1.82419874728657 1.0775174102746 1.0253180032596 1.0125764166005 1.27386542549357 1.64623724808916 1.14072831883095 0.981559977866709 1.32988517428748 1.31691441545263 1.76103957346641 1.28394468617626 1.55852548219264 1.55172210861929 1.8279872641433 1.59383050631732 1.5103966135066 0.892401261953637 0.904777929186821 1.8828809375409 1.28427086025476 1.69694622559473 1.1524922286626 0 1.34861451340839 1.04711542720906 1.58298820652999 1.65532517037354 1.80947601422668 1.38057443150319
1.43326546507888 1.55479165748693 1.44328412180766 1.12681775982492 1.27873374987394 1.72773936251178 1.503490798641 1.66182653908618 1.4138578879647 1.8625844521448 0.933245195774361 1.09413650119677 1.09445522050373 1.63416223810054 0.915055790916085 1.01242751907557 1.54738530074246 1.23584831599146 1.10988571960479 1.25746937538497 1.53834385494702 0.890547745861113 0.99224708834663 1.34861451340839 0 1.49249047110789 0.989031928824261 1.41725843143649 1.68533530388959 1.65205401927233
1.57874927972443 0.921044589020312 1.66769902873784 1.21732396120206 1.17343528312631 1.72536185081117 1.28993296250701 1.46349117229693 1.81834831554443 1.79888899018988 1.74502069945447 0.892308814683929 1.75492428685538 1.00841638911515 1.82266143173911 0.930069993715733 1.20905047957785 1.75854138238356 1.20922088203952 1.6003341616597 0.897880878765136 1.83208049926907 1.35244367457926 1.04711542720906 1.49249047110789 0 0.975092542590573 1.54991008434445 1.66335345478728 1.87902331468649
1.7109662021976 1.00204359972849 1.416881283978 1.42908680741675 1.09282559412532 1.24722778098658 1.1857103377115 1.64292312180623 1.3544809971936 1.80370622989722 1.34136357204989 1.52928680204786 1.43331231269985 0.915071479044855 1.81730488804169 1.29018911719322 1.39661785610951 1.38009854755364 1.60068423394114 1.83499069768004 1.66176486969925 1.18466023681685 1.24377159634605 1.58298820652999 0.989031928824261 0.975092542590573 0 0.939385229954496 1.1778310991358 1.26167992688715
1.31653300346807 1.80251296446659 1.87429490638897 1.3315960674081 1.68129282980226 1.15049405070022 1.27043509786017 1.43205027957447 1.30208686180413 1.03784637548961 1.50085640675388 1.17386914859526 1.50359380780719 1.81352515728213 1.7880000253208 1.86890217592008 1.10204868554138 1.52950723096728 1.11360885715112 1.70799615886062 0.979379350086674 1.35142774390988 1.29891949333251 1.65532517037354 1.41725843143649 1.54991008434445 0.939385229954496 0 1.52234726096503 1.4342831983231
1.76835046662018 1.75841258070432 1.17174333496951 1.20813313545659 1.31839612475596 1.62220630142838 1.05717574828304 1.64621069445275 1.74375748983584 1.69959226693027 1.7499945606105 1.8281709079165 1.35200111544691 1.40472677373327 1.5894761888776 1.79451234615408 1.86636208579876 1.48200234537944 0.910561959259212 0.91313948854804 1.88139904965647 0.908806406892836 1.43975125905126 1.80947601422668 1.68533530388959 1.66335345478728 1.1778310991358 1.52234726096503 0 1.46320726186968
1.48167116008699 1.66103108343668 1.44532987917773 0.981891607167199 1.08141533168964 1.3914766323287 1.36938881920651 1.50402738316916 1.52398682641797 1.19743058085442 1.02434029919095 1.36870059836656 1.7854486159049 1.71624965127558 1.8222536938265 1.81743420031853 1.85055860038847 0.940275637665763 1.14520293381065 0.982360500143841 1.6042361157015 1.18318951199763 1.29800420789979 1.38057443150319 1.65205401927233 1.87902331468649 1.26167992688715 1.4342831983231 1.46320726186968 0
