0 1.20552041754127 1.07581322593614 1.83991794171743 1.39569623628631 0.958443444920704 0.928340880200267 1.8797910802532 1.44369858759455 1.787097471999 1.05274634528905 1.11382819898427 1.40188495558687 1.6081445668824 1.67581616831012 0.940898370463401 1.65975165273994 1.1058040454518 1.69798899022862 1.73964305710979 1.34822793956846 1.26229538209736 1.2794169888366 1.52050429466181 1.61850759224035 1.04533942276612 1.21165409847163 1.3292183901649 1.79629771248437 1.21555147599429
1.20552041754127 0 1.00509369932115 1.5038649009075 1.19827343919314 1.31295126117766 1.48038309789263 1.08607702259906 0.945859223837033 1.43449216336012 1.78036579908803 1.04809559183195 1.63847774127498 0.899826120119542 1.23514134250581 1.59666457516141 1.24908248079009 1.76328459638171 1.03710318659432 1.4013482069131 1.50487974891439 1.01819670363329 1.61936441226862 1.0408382632304 1.34558519953862 0.911764725111425 0.89229583949782 1.12925643683411 1.55509109026752 0.987071096664295
1.07581322593614 1.00509369932115 0 1.23327180137858 1.32306826626882 1.21753853210248 1.68333332799375 1.35081018181518 1.45842322427779 1.56094269501045 1.35653591714799 1.50232165539637 1.62559663085267 1.3794778441079 1.13553515961394 1.66377962450497 1.29950676718727 1.59090536483563 1.84889923618175 1.498786654789 1.18565001199022 1.11186614213511 1.83771837968379 1.87151349289343 0.993976976489648 1.8715860247612 1.82988985744305 1.81190990586765 0.912288093706593 1.3073727930896
1.83991794171743 1.5038649009075 1.23327180137858 0 1.148964923108 1.66424585599452 0.96255171042867 1.39792749146 1.40114970924333 1.76368242944591 1.36690985690802 1.85824008146301 1.18210584111512 1.2087498519104 0.898880441440269 1.70694596786052 1.84678011899814 1.04869449185207 0.961785665014759 1.39236480137333 1.38626164733432 1.63005880732089 1.61338713020086 1.51162747759372 1.37504597031511 1.82705366588198 1.04795969813131 1.84692349471152 0.917282316368073 1.7826062135864
1.39569623628631 1.19827343919314 1.32306826626882 1.148964923108 0 1.44564637122676 1.39017784432508 1.46116028679535 0.995463895378634 1.54565754835494 1.63038714416325 1.77727353270166 1.36229205667041 1.19563952321187 0.943977631861344 0.918713118880987 1.68426698539406 1.83699412527494 1.66762115038 1.36891344818287 1.77592067001387 1.71543894498609 1.11484873667359 1.34281648648903 1.65062745800242 1.70369561971165 1.54229381587356 1.5060944899451 1.67928116535768 1.5555918996688
0.958443444920704 1.31295126117766 1.21753853210248 1.66424585599452 1.44564637122676 0 1.39430318307132 1.1235403327737 1.28831598674878 1.83032716391608 1.30474166851491 1.60611032997258 1.24898106209002 1.77573065133765 1.08019523811527 1.66346777672879 1.33598842984065 1.65661071566865 1.78870318480767 0.987601560307667 1.19841143256053 1.78012684732676 1.40232425322756 0.99772413703613 1.77377429790795 1.47911421535537 1.69429042423144 1.33675028127618 1.82299168664031 1.51136252470315
0.928340880200267 1.48038309789263 1.68333332799375 0.96255171042867 1.39017784432508 1.39430318307132 0 1.03022812539712 1.64642117987387 0.898893904639408 1.86303053423762 1.87840256444179 1.20653747022152 1.22084277798422 1.19218822824769 1.38356018578634 1.03165622451343 0.99930780264549 1.22124034608714 1.05820583528839 1.57295188074932 0.933722556801513 1.27353787771426 1.47990809381008 1.51451205718331 1.53258732822724 1.61860219831578 1.68792728940025 1.59008118044585 0.923888751072809
1.8797910802532 1.08607702259906 1.35081018181518 1.39792749146 1.46116028679535 1.1235403327737 1.03022812539712 0 1.8565280425828 1.8564571547322 1.56223096046597 1.51870592869818 0.957479209871963 1.77539021917619 1.38161408854648 1.24861619877629 1.17235798877664 0.976174615556374 1.22483653598465 1.11516669997945 1.80712610762566 1.13991739763878 1.09363825642504 1.68454265105538 1.79258391540498 1.42964436579496 1.57436711690389 1.4075384575408 1.58706495957449 1.48139116726816
1.44369858759455 0.945859223837033 1.45842322427779 1.40114970924333 0.995463895378634 1.28831598674878 1.64642117987387 1.8565280425828 0 1.7513573418837 1.09376154094934 1.70282932347618 1.04303886601701 1.29084579180926 1.07155079813674 1.82952987984754 1.78853454557247 1.4765534652397 1.60383617295884 1.31777310278267 1.27870274707675 1.23801560467109 0.969014590373263 1.87859820621088 1.04296412109397 1.73154798033647 0.963181537110358 1.74818436871283 0.965577142313123 0.951390527188778
1.787097471999 1.43449216336012 1.56094269501045 1.76368242944591 1.54565754835494 1.83032716391608 0.898893904639408 1.8564571547322 1.7513573418837 0 1.6356879551895 1.78830509562977 1.82819093996659 1.68780819303356 1.05074441921897 1.74508834932931 1.20539137232117 1.46200719266199 1.84026027703658 1.09717397787608 1.41603862331249 1.7602464989759 1.40979659743607 0.923979805083945 1.28767731273547 1.0735997336451 1.7772269800771 1.46805909159593 1.78275459399447 1.36631250591017
1.05274634528905 1.78036579908803 1.35653591714799 1.36690985690802 1.63038714416325 1.30474166851491 1.86303053423762 1.56223096046597 1.09376154094934 1.6356879551895 0 1.17902051121928 1.52494072844274 1.7182705886662 1.79968165676109 1.83916120394133 1.43915206566453 1.73852092819288 1.06219162233174 1.22671885392629 1.45941353775561 1.80415728758089 1.67631257581525 1.45358412270434 1.65783845586702 1.03476713481359 1.75225720671006 1.79216985753737 1.85738122509792 1.55246601160616
1.11382819898427 1.04809559183195 1.50232165539637 1.85824008146301 1.77727353270166 1.60611032997258 1.87840256444179 1.51870592869818 1.70282932347618 1.78830509562977 1.17902051121928 0 0.99519925005734 1.20140931126662 1.55286199809052 1.58112032129429 1.84240891435184 1.46547748357989 1.18205666495487 1.49869368760847 0.908487237757072 1.38971601077355 1.83756352216005 1.84597333217971 1.38372994051315 1.06448478647508 1.35927365999669 1.24102677451447 1.69912389502861 1.23242149828002
1.40188495558687 1.63847774127498 1.62559663085267 1.18210584111512 1.36229205667041 1.24898106209002 1.20653747022152 0.957479209871963 1.04303886601701 1.82819093996659 1.52494072844274 0.99519925005734 0 1.5754210811574 1.79405228956603 1.78334945859388 1.53220747737214 1.86780999042094 1.29589306516573 1.40158769185655 0.979556548176333 1.48168022511527 0.896100918296725 1.76212682574987 0.999442793428898 1.46209510765038 1.58248778036796 1.52113020187244 1.51006522402167 1.03333417815156
1.6081445668824 0.899826120119542 1.3794778441079 1.2087498519104 1.19563952321187 1.77573065133765 1.22084277798422 1.77539021917619 1.29084579180926 1.68780819303356 1.7182705886662 1.20140931126662 1.5754210811574 0 1.36024077865295 1.03976631024852 1.47128710104153 1.51323348609731 1.24193507409655 1.74152787937783 1.62384502310306 1.73636635974981 1.29394073784351 1.46803845022805 1.67431629332714 1.81159084523097 1.50695258192718 1.67562104645185 1.59299930324778 1.67674859799445
1.67581616831012 1.23514134250581 1.13553515961394 0.898880441440269 0.943977631861344 1.08019523811527 1.19218822824769 1.38161408854648 1.07155079813674 1.05074441921897 1.79968165676109 1.55286199809052 1.79405228956603 1.36024077865295 0 1.55278987274505 1.01258932845667 1.79121262626722 1.00777521613054 1.2881302672904 1.40367553126998 1.43950228835456 1.5314415495377 1.1840393722523 1.66746652917936 1.40051993797533 1.76108757406473 1.10399392829277 0.900699751917273 1.38099837000482
0.940898370463401 1.59666457516141 1.66377962450497 1.70694596786052 0.918713118880987 1.66346777672879 1.38356018578634 1.24861619877629 1.82952987984754 1.74508834932931 1.83916120394133 1.58112032129429 1.78334945859388 1.03976631024852 1.55278987274505 0 1.25004170299508 1.16250773961656 1.70462858187966 1.02026830310933 1.49143952829763 1.55709974304773 1.68418315099552 0.916276423027739 1.05155324493535 1.26775726536289 0.955591576173902 1.06546970899217 1.39182887785137 1.09957920596935
1.65975165273994 1.24908248079009 1.29950676718727 1.84678011899814 1.68426698539406 1.33598842984065 1.03165622451343 1.17235798877664 1.78853454557247 1.20539137232117 1.43915206566453 1.84240891435184 1.53220747737214 1.47128710104153 1.01258932845667 1.25004170299508 0 1.59321850305423 1.52614920819178 1.26589499996044 1.71532455761917 1.14025478693657 1.22475176560692 1.11430647759698 1.02869562641717 1.16807208675891 1.75021604984067 1.36697114491835 1.12160628521815 1.75147715234198
1.1058040454518 1.76328459638171 1.59090536483563 1.04869449185207 1.83699412527494 1.65661071566865 0.99930780264549 0.976174615556374 1.4765534652397 1.46200719266199 1.73852092819288 1.46547748357989 1.86780999042094 1.51323348609731 1.79121262626722 1.16250773961656 1.59321850305423 0 1.11939881718718 1.3387128948234 1.70916938548908 1.74316933285445 1.35058960271999 1.58022118429653 1.74153548758477 1.672880849801 1.28517300263047 1.72737005725503 1.81272241147235 1.16423663520254
1.69798899022862 1.03710318659432 1.84889923618175 0.961785665014759 1.66762115038 1.78870318480767 1.22124034608714 1.22483653598465 1.60383617295884 1.84026027703658 1.06219162233174 1.18205666495487 1.29589306516573 1.24193507409655 1.00777521613054 1.70462858187966 1.52614920819178 1.11939881718718 0 1.85290816635825 1.46011056913994 1.48463542992249 1.76999622234143 1.83503555087373 1.43129933695309 0.988983642077073 1.58748826524243 1.24049802008085 1.03771424968727 1.26543515711091
1.73964305710979 1.4013482069131 1.498786654789 1.39236480137333 1.36891344818287 0.987601560307667 1.05820583528839 1.11516669997945 1.31777310278267 1.09717397787608 1.22671885392629 1.49869368760847 1.40158769185655 1.74152787937783 1.2881302672904 1.02026830310933 1.26589499996044 1.3387128948234 1.85290816635825 0 1.50316075049341 1.42673697578721 1.28816248220392 1.02951113064773 1.6877177497372 1.46662248345092 1.73048374569044 1.1586593745742 0.954359803814441 1.37248782999814
1.34822793956846 1.50487974891439 1.18565001199022 1.38626164733432 1.77592067001387 1.19841143256053 1.57295188074932 1.80712610762566 1.27870274707675 1.41603862331249 1.45941353775561 0.908487237757072 0.979556548176333 1.62384502310306 1.40367553126998 1.49143952829763 1.71532455761917 1.70916938548908 1.46011056913994 1.50316075049341 0 1.1504127108492 1.29114736989141 1.51370446826331 0.908037945628166 1.1458760406822 0.939192705554888 1.63093262026086 1.04707149066962 1.77843868359923
1.26229538209736 1.01819670363329 1.11186614213511 1.63005880732089 1.71543894498609 1.78012684732676 0.933722556801513 1.13991739763878 1.23801560467109 1.7602464989759 1.80415728758089 1.38971601077355 1.48168022511527 1.73636635974981 1.43950228835456 1.55709974304773 1.14025478693657 1.74316933285445 1.48463542992249 1.42673697578721 1.1504127108492 0 1.61516089527868 1.41967139206827 0.921232804656029 1.14377754437737 1.30097539094277 0.992400470422581 1.16925348434597 1.07456878852099
1.2794169888366 1.61936441226862 1.83771837968379 1.61338713020086 1.11484873667359 1.40232425322756 1.27353787771426 1.09363825642504 0.969014590373263 1.40979659743607 1.67631257581525 1.83756352216005 0.896100918296725 1.29394073784351 1.5314415495377 1.68418315099552 1.22475176560692 1.35058960271999 1.76999622234143 1.28816248220392 1.29114736989141 1.61516089527868 0 1.21320237987675 1.80216885684058 1.23140111775137 1.39348233654164 1.82321030576713 1.295039141085 1.72421010653488
1.52050429466181 1.0408382632304 1.87151349289343 1.51162747759372 1.34281648648903 0.99772413703613 1.47990809381008 1.68454265105538 1.87859820621088 0.923979805083945 1.45358412270434 1.84597333217971 1.76212682574987 1.46803845022805 1.1840393722523 0.916276423027739 1.11430647759698 1.58022118429653 1.83503555087373 1.02951113064773 1.51370446826331 1.41967139206827 1.21320237987675 0 1.54456075932831 1.36079466855153 1.79205276211724 1.79479855950922 1.3501208522357 1.55466874572448
1.61850759224035 1.34558519953862 0.993976976489648 1.37504597031511 1.65062745800242 1.77377429790795 1.51451205718331 1.79258391540498 1.04296412109397 1.28767731273547 1.65783845586702 1.38372994051315 0.999442793428898 1.67431629332714 1.66746652917936 1.05155324493535 1.02869562641717 1.74153548758477 1.43129933695309 1.6877177497372 0.908037945628166 0.921232804656029 1.80216885684058 1.54456075932831 0 0.990269149187952 1.02615388226695 1.1673952320125 1.56220170902088 1.67950833635405
1.04533942276612 0.911764725111425 1.8715860247612 1.82705366588198 1.70369561971165 1.47911421535537 1.53258732822724 1.42964436579496 1.73154798033647 1.0735997336451 1.03476713481359 1.06448478647508 1.46209510765038 1.81159084523097 1.40051993797533 1.26775726536289 1.16807208675891 1.672880849801 0.988983642077073 1.46662248345092 1.1458760406822 1.14377754437737 1.23140111775137 1.36079466855153 0.990269149187952 0 1.35480318381451 1.29578437423334 1.4671571389772 0.948272180976346
1.21165409847163 0.89229583949782 1.82988985744305 1.04795969813131 1.54229381587356 1.69429042423144 1.61860219831578 1.57436711690389 0.963181537110358 1.7772269800771 1.75225720671006 1.35927365999669 1.58248778036796 1.50695258192718 1.76108757406473 0.955591576173902 1.75021604984067 1.28517300263047 1.58748826524243 1.73048374569044 0.939192705554888 1.30097539094277 1.39348233654164 1.79205276211724 1.02615388226695 1.35480318381451 0 1.35182114504278 1.14594460045919 1.71107717999257
1.3292183901649 1.12925643683411 1.81190990586765 1.84692349471152 1.5060944899451 1.33675028127618 1.68792728940025 1.4075384575408 1.74818436871283 1.46805909159593 1.79216985753737 1.24102677451447 1.52113020187244 1.67562104645185 1.10399392829277 1.06546970899217 1.36697114491835 1.72737005725503 1.24049802008085 1.1586593745742 1.63093262026086 0.992400470422581 1.82321030576713 1.79479855950922 1.1673952320125 1.29578437423334 1.35182114504278 0 1.64430386736058 1.58595126704313
1.79629771248437 1.55509109026752 0.912288093706593 0.917282316368073 1.67928116535768 1.82299168664031 1.59008118044585 1.58706495957449 0.965577142313123 1.78275459399447 1.85738122509792 1.69912389502861 1.51006522402167 1.59299930324778 0.900699751917273 1.39182887785137 1.12160628521815 1.81272241147235 1.03771424968727 0.954359803814441 1.04707149066962 1.16925348434597 1.295039141085 1.3501208522357 1.56220170902088 1.4671571389772 1.14594460045919 1.64430386736058 0 1.7086106245406
1.21555147599429 0.987071096664295 1.3073727930896 1.7826062135864 1.5555918996688 1.51136252470315 0.923888751072809 1.48139116726816 0.951390527188778 1.36631250591017 1.55246601160616 1.23242149828002 1.03333417815156 1.67674859799445 1.38099837000482 1.09957920596935 1.75147715234198 1.16423663520254 1.26543515711091 1.37248782999814 1.77843868359923 1.07456878852099 1.72421010653488 1.55466874572448 1.67950833635405 0.948272180976346 1.71107717999257 1.58595126704313 1.7086106245406 0
