0 1.31079268478788 1.46871595946141 1.90094787883572 1.72093672328629 1.72950284695253 1.8568358651828 1.42481984896585 1.64838163321838 1.00809206767008 1.75201065698639 1.53775466117077 1.70401334995404 1.12233100505546 1.03156063356437 1.31930706044659 1.88975077355281 1.12498809257522 1.15892918757163 1.29339195089415 1.4488423038274 1.37456693244167 1.11053975159302 1.57397014368325 1.67148480773903 1.15285238833167 1.62399563728832 1.47844202280976 1.37926062452607 1.57717499323189
1.31079268478788 0 1.19826878211461 1.19882534630597 1.81810220307671 1.37157357437536 1.18419606541283 1.13969412073493 1.75129948509857 1.86838086554781 1.84436563029885 1.13100573187694 1.59295538044535 1.03819697909057 1.16558940848336 1.92620078241453 1.18796302890405 1.12878668820485 1.03921726346016 1.92166863498278 0.973688301164657 1.04689270001836 1.05330499680713 1.417955347104 1.17348043364473 1.36285716481507 1.71002428862266 1.18739065853879 0.951873733196408 1.40218301606365
1.46871595946141 1.19826878211461 0 1.51514811674133 1.08992781140842 0.929128936259076 0.934157798765227 1.449834454339 1.89604447968304 1.815914405277 1.17118374817073 1.14761563530192 1.01506478525698 1.8463436877355 1.42500212904997 1.87700042873621 1.76227124547586 1.84559253510088 1.01616185251623 1.29982124920934 1.50802659243345 1.74741186876781 1.35982521460392 1.02880356367677 1.53065182128921 1.76045798696578 1.13230503373779 1.6739970438648 1.83228367799893 1.67510939645581
1.90094787883572 1.19882534630597 1.51514811674133 0 1.18594860308804 1.86210377654061 1.68002517707646 1.35716254101135 1.30948326736689 1.28043677937239 1.7813971482683 1.54849850013852 1.45199776464142 1.81241517537273 1.64017462590709 1.79565050266683 0.956916654715315 1.15790121210739 1.89498924114741 1.06446131644771 1.21790018002503 1.79656117688864 1.08599942573346 1.61302788206376 1.73049387079664 1.4908018829301 1.75488666607998 1.44659263710491 1.41824588202871 1.11407908145338
1.72093672328629 1.81810220307671 1.08992781140842 1.18594860308804 0 1.48152849124745 1.14425425324589 1.85852204915136 1.50985326129012 1.17862623813562 1.06304728752002 1.85394227784127 1.1759011154063 1.55510901031084 1.69054241897538 1.4588135832455 1.02016417030245 1.40616406057961 0.943382901139557 1.85813857498579 1.32984746107832 1.74012792739086 1.04474300798029 0.929550260072574 1.59495531604625 1.50485451729037 1.69948153127916 1.53586714784615 1.88007269799709 1.32053001155145
1.72950284695253 1.37157357437536 0.929128936259076 1.86210377654061 1.48152849124745 0 1.45241204905324 1.12625185144134 0.987703524064273 1.24270100845024 1.13973413780332 0.975335367023945 1.26273545995355 1.07254661968909 1.67261641193181 1.40211042831652 1.12681918009184 1.60744251473807 1.90816872357391 0.978213496971875 1.9160631520208 1.27528902422637 0.989257331937551 0.966822580900043 1.77574589615688 1.49511519959196 1.91102967201732 0.996457632863894 1.49233198119327 1.60355297126807
1.8568358651828 1.18419606541283 0.934157798765227 1.68002517707646 1.14425425324589 1.45241204905324 0 1.52143409405835 1.76883913902566 1.61159300711006 1.04798874584958 1.06985457264818 1.10555751388893 1.47006820142269 1.15391431143507 1.58539104089141 0.999986588722095 1.51302194409072 1.03763483208604 1.05972375976853 1.71234214887954 1.28690646449104 1.76951726898551 1.26467186259106 1.22849550074898 0.976571223698556 1.32168395048939 1.11351107689552 1.24422438652255 1.65977899008431
1.42481984896585 1.13969412073493 1.449834454339 1.35716254101135 1.85852204915136 1.12625185144134 1.52143409405835 0 1.76865155226551 1.67469508806244 1.43298561056145 1.2311939636711 1.1047557417769 1.85352805885486 1.69040242885239 1.39257688680664 0.977366179926321 1.41522574122064 1.20178863313049 1.11420912947506 1.89272995502688 1.8135500040371 1.27828707592562 1.26705482439138 1.28331125155091 1.44109197310172 1.26823179144412 1.43656008224934 1.55426006042399 1.63849005033262
1.64838163321838 1.75129948509857 1.89604447968304 1.30948326736689 1.50985326129012 0.987703524064273 1.76883913902566 1.76865155226551 0 1.72537408489734 1.55700555373915 1.21092404890805 1.01884830114432 1.14062023977749 1.53072943654843 1.2205574021209 1.36425571679138 1.39168878109194 1.53399614058435 1.07117081293836 0.965833829483017 1.60033867065795 1.35289037646726 1.00487492559478 1.91880422295071 1.91363858059049 1.19723088247702 1.73603536537848 1.7820517369546 1.11864956119098
1.00809206767008 1.86838086554781 1.815914405277 1.28043677937239 1.17862623813562 1.24270100845024 1.61159300711006 1.67469508806244 1.72537408489734 0 1.40240454860032 1.24833116820082 1.77277233474888 1.31157707632519 1.31275570113212 1.80958142317832 1.50632225372829 1.11309604509734 1.18699054326862 1.20919097680598 1.71826476743445 1.7658251055982 1.85428708279505 1.61863624653779 0.975132104242221 1.54096504952759 1.64359759236686 0.931012472137809 1.65593465929851 1.1721910815686
1.75201065698639 1.84436563029885 1.17118374817073 1.7813971482683 1.06304728752002 1.13973413780332 1.04798874584958 1.43298561056145 1.55700555373915 1.40240454860032 0 1.29773732530884 1.69500060123391 1.20673624076881 1.30753586790524 1.62504999921657 1.47889348422177 1.31564076337963 1.11476506432518 1.4681002907455 1.67505981703289 1.60030604130588 1.45878268987872 1.57176944985986 1.50513835973106 1.18231522571295 1.80685724853538 1.06617581774481 0.936518674716353 1.18759145052172
1.53775466117077 1.13100573187694 1.14761563530192 1.54849850013852 1.85394227784127 0.975335367023945 1.06985457264818 1.2311939636711 1.21092404890805 1.24833116820082 1.29773732530884 0 1.68094627070241 1.60782035486773 1.74007402360439 1.37370916153304 1.15623157704249 1.27890170854516 1.70095675368793 1.25611819303595 1.50048983329907 0.942489484092221 1.8996488947887 1.06827047420666 1.7775241616182 1.02899033436552 1.34195352019742 1.68076270376332 1.73091803654097 1.30142472288571
1.70401334995404 1.59295538044535 1.01506478525698 1.45199776464142 1.1759011154063 1.26273545995355 1.10555751388893 1.1047557417769 1.01884830114432 1.77277233474888 1.69500060123391 1.68094627070241 0 1.79093326861039 1.90922974096611 1.09249013196677 1.21340681309812 0.989141457946971 1.16352891828865 1.24879055353813 1.49682889506221 1.5013786656782 1.31022788514383 0.99742727028206 1.80071872775443 1.06444662739523 1.14505981840193 1.49842815170996 1.13977967202663 1.29281991859898
1.12233100505546 1.03819697909057 1.8463436877355 1.81241517537273 1.55510901031084 1.07254661968909 1.47006820142269 1.85352805885486 1.14062023977749 1.31157707632519 1.20673624076881 1.60782035486773 1.79093326861039 0 1.90253384993412 1.04160186764784 1.45395966805518 1.33032986987382 0.966409489978105 0.946391029283404 1.38201468973421 1.87390455137938 1.0607970750425 1.10294304345734 0.971775168320164 1.68689063913189 0.995088501833379 1.25074692093767 1.74749624030665 1.06978273019195
1.03156063356437 1.16558940848336 1.42500212904997 1.64017462590709 1.69054241897538 1.67261641193181 1.15391431143507 1.69040242885239 1.53072943654843 1.31275570113212 1.30753586790524 1.74007402360439 1.90922974096611 1.90253384993412 0 1.75305193173699 1.46460839849897 1.51930168946274 1.15750615741126 1.60554679506458 1.54936976218596 1.196797455661 1.06101576029323 1.11362670618109 1.14490825403482 1.70012282137759 0.978247638093308 1.71240148693323 1.77491528377868 1.45007292577066
1.31930706044659 1.92620078241453 1.87700042873621 1.79565050266683 1.4588135832455 1.40211042831652 1.58539104089141 1.39257688680664 1.2205574021209 1.80958142317832 1.62504999921657 1.37370916153304 1.09249013196677 1.04160186764784 1.75305193173699 0 1.66986261750571 0.967326381243765 1.59868547087535 1.77047388674691 1.0979784252122 1.69966868357733 1.48887438699603 1.3832487447653 1.56947485241108 1.71567858243361 1.52628125064075 0.957972171483561 0.986547989072278 1.44616625644267
1.88975077355281 1.18796302890405 1.76227124547586 0.956916654715315 1.02016417030245 1.12681918009184 0.999986588722095 0.977366179926321 1.36425571679138 1.50632225372829 1.47889348422177 1.15623157704249 1.21340681309812 1.45395966805518 1.46460839849897 1.66986261750571 0 1.83918990124948 1.21459747361951 0.982261681929231 1.87860897625796 1.86947475071065 1.02012238628231 1.14920107019134 1.69755619741045 1.56546980980784 1.77488806541078 1.12908060080372 1.38218468148261 1.01339416811243
1.12498809257522 1.12878668820485 1.84559253510088 1.15790121210739 1.40616406057961 1.60744251473807 1.51302194409072 1.41522574122064 1.39168878109194 1.11309604509734 1.31564076337963 1.27890170854516 0.989141457946971 1.33032986987382 1.51930168946274 0.967326381243765 1.83918990124948 0 1.38898414862342 1.80081371660344 1.71773791569285 1.33780677523464 1.51185641041957 1.61812453577295 1.55822787596844 1.41250414564274 1.47214703750797 1.01533783855848 1.47355964290909 1.92463045893237
1.15892918757163 1.03921726346016 1.01616185251623 1.89498924114741 0.943382901139557 1.90816872357391 1.03763483208604 1.20178863313049 1.53399614058435 1.18699054326862 1.11476506432518 1.70095675368793 1.16352891828865 0.966409489978105 1.15750615741126 1.59868547087535 1.21459747361951 1.38898414862342 0 1.27744741900824 1.67494663409889 1.410079856636 0.960713910171762 1.74141312274151 1.71860607457347 1.04948134697042 1.45009061321616 1.66989610251039 1.90952441212721 0.932431963505223
1.29339195089415 1.92166863498278 1.29982124920934 1.06446131644771 1.85813857498579 0.978213496971875 1.05972375976853 1.11420912947506 1.07117081293836 1.20919097680598 1.4681002907455 1.25611819303595 1.24879055353813 0.946391029283404 1.60554679506458 1.77047388674691 0.982261681929231 1.80081371660344 1.27744741900824 0 0.947980333818123 1.74728481192142 1.40459733898751 1.22414889023639 1.82272368622944 1.89150515408255 1.84456578525715 1.41584790195338 1.00265165860765 1.09869632916525
1.4488423038274 0.973688301164657 1.50802659243345 1.21790018002503 1.32984746107832 1.9160631520208 1.71234214887954 1.89272995502688 0.965833829483017 1.71826476743445 1.67505981703289 1.50048983329907 1.49682889506221 1.38201468973421 1.54936976218596 1.0979784252122 1.87860897625796 1.71773791569285 1.67494663409889 0.947980333818123 0 0.994050288340077 1.56286709918641 1.60571932443418 1.8990041622892 1.71723847906105 1.78444323851727 1.83298519533128 1.45572564518079 1.11217488837428
1.37456693244167 1.04689270001836 1.74741186876781 1.79656117688864 1.74012792739086 1.27528902422637 1.28690646449104 1.8135500040371 1.60033867065795 1.7658251055982 1.60030604130588 0.942489484092221 1.5013786656782 1.87390455137938 1.196797455661 1.69966868357733 1.86947475071065 1.33780677523464 1.410079856636 1.74728481192142 0.994050288340077 0 1.77700085332617 1.17356093088165 1.27392327645794 1.60545134590939 1.03671434824355 0.946737338323146 1.54592950688675 1.87152386363596
1.11053975159302 1.05330499680713 1.35982521460392 1.08599942573346 1.04474300798029 0.989257331937551 1.76951726898551 1.27828707592562 1.35289037646726 1.85428708279505 1.45878268987872 1.8996488947887 1.31022788514383 1.0607970750425 1.06101576029323 1.48887438699603 1.02012238628231 1.51185641041957 0.960713910171762 1.40459733898751 1.56286709918641 1.77700085332617 0 1.61918518738821 1.84577113715932 0.931596993701532 1.51493980688974 1.1194316081237 1.05519525986165 1.44134484604001
1.57397014368325 1.417955347104 1.02880356367677 1.61302788206376 0.929550260072574 0.966822580900043 1.26467186259106 1.26705482439138 1.00487492559478 1.61863624653779 1.57176944985986 1.06827047420666 0.99742727028206 1.10294304345734 1.11362670618109 1.3832487447653 1.14920107019134 1.61812453577295 1.74141312274151 1.22414889023639 1.60571932443418 1.17356093088165 1.61918518738821 0 1.3465388759505 1.91241510026157 1.79745291243307 1.39628689782694 1.86203422257677 1.47385889221914
1.67148480773903 1.17348043364473 1.53065182128921 1.73049387079664 1.59495531604625 1.77574589615688 1.22849550074898 1.28331125155091 1.91880422295071 0.975132104242221 1.50513835973106 1.7775241616182 1.80071872775443 0.971775168320164 1.14490825403482 1.56947485241108 1.69755619741045 1.55822787596844 1.71860607457347 1.82272368622944 1.8990041622892 1.27392327645794 1.84577113715932 1.3465388759505 0 1.8077893522568 1.4558503611479 1.14836999634281 1.72379564889707 1.13712076982483
1.15285238833167 1.36285716481507 1.76045798696578 1.4908018829301 1.50485451729037 1.49511519959196 0.976571223698556 1.44109197310172 1.91363858059049 1.54096504952759 1.18231522571295 1.02899033436552 1.06444662739523 1.68689063913189 1.70012282137759 1.71567858243361 1.56546980980784 1.41250414564274 1.04948134697042 1.89150515408255 1.71723847906105 1.60545134590939 0.931596993701532 1.91241510026157 1.8077893522568 0 1.47582571092062 1.53396037826315 1.19129644124769 1.00312044098973
1.62399563728832 1.71002428862266 1.13230503373779 1.75488666607998 1.69948153127916 1.91102967201732 1.32168395048939 1.26823179144412 1.19723088247702 1.64359759236686 1.80685724853538 1.34195352019742 1.14505981840193 0.995088501833379 0.978247638093308 1.52628125064075 1.77488806541078 1.47214703750797 1.45009061321616 1.84456578525715 1.78444323851727 1.03671434824355 1.51493980688974 1.79745291243307 1.4558503611479 1.47582571092062 0 1.36048032040708 1.43791927793063 1.67494500940666
1.47844202280976 1.18739065853879 1.6739970438648 1.44659263710491 1.53586714784615 0.996457632863894 1.11351107689552 1.43656008224934 1.73603536537848 0.931012472137809 1.06617581774481 1.68076270376332 1.49842815170996 1.25074692093767 1.71240148693323 0.957972171483561 1.12908060080372 1.01533783855848 1.66989610251039 1.41584790195338 1.83298519533128 0.946737338323146 1.1194316081237 1.39628689782694 1.14836999634281 1.53396037826315 1.36048032040708 0 1.72315977956168 1.8504048853647
1.37926062452607 0.951873733196408 1.83228367799893 1.41824588202871 1.88007269799709 1.49233198119327 1.24422438652255 1.55426006042399 1.7820517369546 1.65593465929851 0.936518674716353 1.73091803654097 1.13977967202663 1.74749624030665 1.77491528377868 0.986547989072278 1.38218468148261 1.47355964290909 1.90952441212721 1.00265165860765 1.45572564518079 1.54592950688675 1.05519525986165 1.86203422257677 1.72379564889707 1.19129644124769 1.43791927793063 1.72315977956168 0 1.73005689540878
1.57717499323189 1.40218301606365 1.67510939645581 1.11407908145338 1.32053001155145 1.60355297126807 1.65977899008431 1.63849005033262 1.11864956119098 1.1721910815686 1.18759145052172 1.30142472288571 1.29281991859898 1.06978273019195 1.45007292577066 1.44616625644267 1.01339416811243 1.92463045893237 0.932431963505223 1.09869632916525 1.11217488837428 1.87152386363596 1.44134484604001 1.47385889221914 1.13712076982483 1.00312044098973 1.67494500940666 1.8504048853647 1.73005689540878 0
