0 1.08978273067623 1.10872529703192 1.28525178041309 1.72822744888254 1.20536725176498 1.16309135733172 0.925894035259262 1.35024448810145 1.7789359993767 1.10566148115322 1.42469239560887 1.16227878257632 1.43044345011003 1.83612615289167 1.48069004388526 1.21305419807322 1.31557738594711 1.09874700475484 0.963397420244291 1.51219207770191 1.86184750846587 1.078807214275 1.67571262968704 1.61476619774476 1.62672087363899 1.43843898060732 1.01981488079764 1.27164369844832 1.42729427455924
1.08978273067623 0 1.49909795448184 1.23266294458881 1.28322707978077 1.06369237764739 1.17708861664869 1.2172672203742 1.77692750329152 1.6265278623905 1.05750871659257 1.54354283260182 1.71756723453291 1.35611968836747 1.13352470169775 1.36278356658295 1.16660339082591 1.37494880240411 1.60364765673876 1.55490684369579 1.47141088498756 1.11212503514253 1.06159888789989 1.62186064315028 1.44249507412314 1.69057992077433 1.84311941615306 1.23092244449072 0.96954480279237 1.44552798802033
1.10872529703192 1.49909795448184 0 1.82916911132634 1.88275651470758 1.11503819702193 1.6170615889132 1.21698726969771 1.66838221135549 1.23425900330767 1.86670142412186 1.44009618856944 1.86531952745281 1.49664097325876 1.81781878951006 1.31684880098328 1.46516235172749 1.41748871118762 1.12261916860007 1.36226483969949 0.941778536885977 1.50029237894341 1.12050929386169 0.968062195461243 1.69592841202393 1.52702027885243 1.6913959311787 0.974396627629176 1.21099530090578 1.20663683302701
1.28525178041309 1.23266294458881 1.82916911132634 0 1.80479798000306 1.1930182883516 0.961729364935309 1.89516573376022 1.90019236272201 1.21089817211032 1.66854372690432 1.57589005678892 1.28622865839861 1.05639121145941 1.53334765392356 0.965166571782902 1.22672669193707 1.68743213801645 1.75696138339117 1.68630187562667 1.55123155680485 1.51518811797723 1.16608078056015 1.84629352670163 1.46761601208709 0.99606719892472 1.71114061074331 1.79613658855669 0.954103796742857 1.7475862542633
1.72822744888254 1.28322707978077 1.88275651470758 1.80479798000306 0 1.70316676422954 1.81924048508517 1.81836708262563 1.55066031380557 1.59439590596594 1.10478569380939 1.48842660384253 1.24951740191318 1.53193506645039 1.74093162803911 1.85815027356148 1.27024007285945 1.62875925377011 1.76368986512534 1.76616936572827 1.64704640489072 1.85137200169265 1.33193553332239 1.35945042595267 1.28328015073203 1.88471703557298 1.37761561339721 1.33794722519815 1.33545986167155 1.35357769182883
1.20536725176498 1.06369237764739 1.11503819702193 1.1930182883516 1.70316676422954 0 1.54518308141269 1.89834776637144 1.25484928698279 1.44606245774776 1.64381591230631 1.41422893153504 1.34595943149179 1.46938605699688 0.991693588672206 1.81097650364973 1.55508531956002 1.59905535820872 1.08087106980383 1.10070643294603 1.47668445575982 1.05934780789539 1.73643902176991 1.09463645122014 1.79517755308188 1.07022182550281 1.868476718897 0.965710093500093 1.77957882522605 1.58357477281243
1.16309135733172 1.17708861664869 1.6170615889132 0.961729364935309 1.81924048508517 1.54518308141269 0 1.16187388612889 1.31900451076217 1.01112991175614 1.06640947377309 1.66220943629742 1.76184930885211 1.55565223260783 0.925496480194852 0.929586793063208 1.81878422130831 1.79931003181264 1.60587988281623 1.55814622947946 1.239988661604 0.946960501838475 1.71915004914626 1.49397084559314 1.52832934516482 1.42687477823347 1.58123080339283 1.3788585215807 1.85411815461703 1.51224337844178
0.925894035259262 1.2172672203742 1.21698726969771 1.89516573376022 1.81836708262563 1.89834776637144 1.16187388612889 0 1.90407511335798 1.55176604911685 1.76804386964068 1.4264681332279 0.943705349462107 1.56522249663249 1.05088014155626 0.945821260567755 1.29993156739511 1.31680579506792 1.56213282630779 1.15605410235003 1.11937200115062 1.03030438278802 1.01776029821485 1.09247672231868 1.43804359575734 1.13010401464999 1.47329833987169 1.40433661290444 1.414714691462 1.02504275226966
1.35024448810145 1.77692750329152 1.66838221135549 1.90019236272201 1.55066031380557 1.25484928698279 1.31900451076217 1.90407511335798 0 1.21756529691629 1.64279361208901 1.37363663967699 1.54735602554865 1.3767900057137 1.54789336724207 1.50126094534062 1.40411318466067 0.91991751966998 1.1957597846631 1.74608632805757 1.58630113839172 1.4322924525477 1.77262917766348 1.78828005911782 1.30766189238057 0.975529331248254 1.29826101870276 1.90485618007369 1.20036273519509 1.90240924688987
1.7789359993767 1.6265278623905 1.23425900330767 1.21089817211032 1.59439590596594 1.44606245774776 1.01112991175614 1.55176604911685 1.21756529691629 0 1.28088703914545 1.86107605579309 1.07222416601144 1.68405615747906 0.95801748149097 1.83945639105514 1.21616743784398 1.2181749176234 1.60830304306 1.74477102258243 0.947164729470387 0.931318606017157 1.31884150276892 1.34635683335364 0.942557581001893 1.67393479472958 1.46819491428323 0.929915095912293 1.37131605716422 1.2147165229544
1.10566148115322 1.05750871659257 1.86670142412186 1.66854372690432 1.10478569380939 1.64381591230631 1.06640947377309 1.76804386964068 1.64279361208901 1.28088703914545 0 1.69032654189505 1.15920303924941 1.33125011483207 1.13177305180579 1.60419150884263 0.978450920432806 1.54303842945956 1.05381826381199 0.974867520853877 1.35729782818817 1.87594822188839 1.07013994106092 1.61094054765999 1.14756097807549 1.71082151075825 1.64158679521643 1.68554945685901 1.55747199826874 1.89294464164414
1.42469239560887 1.54354283260182 1.44009618856944 1.57589005678892 1.48842660384253 1.41422893153504 1.66220943629742 1.4264681332279 1.37363663967699 1.86107605579309 1.69032654189505 0 1.39993601036258 1.0810202897992 1.46302626864053 1.72000409569591 1.15646768594161 1.8858664133586 1.00627312064171 1.47475043451414 1.36873442353681 1.79981478839181 1.37114356202073 1.27609173068777 1.8989192917943 1.26114625949413 1.47803342156112 1.51293998747133 1.81562581472099 1.28807855490595
1.16227878257632 1.71756723453291 1.86531952745281 1.28622865839861 1.24951740191318 1.34595943149179 1.76184930885211 0.943705349462107 1.54735602554865 1.07222416601144 1.15920303924941 1.39993601036258 0 1.21397565328516 1.0195795041509 0.971642419230193 1.43943502847105 1.04927082243375 1.4885726494249 1.50933351367712 1.1445235973224 1.09030427434482 1.44971387879923 1.86852028057911 1.3349568231497 1.2827807276044 1.8436347944662 1.55904354644008 1.1848463092465 1.41094916476868
1.43044345011003 1.35611968836747 1.49664097325876 1.05639121145941 1.53193506645039 1.46938605699688 1.55565223260783 1.56522249663249 1.3767900057137 1.68405615747906 1.33125011483207 1.0810202897992 1.21397565328516 0 1.75115912221372 1.36734586604871 1.14228897122666 1.56606657896191 1.34560437011532 1.82467254227959 1.63043349143118 1.65999778336845 1.28272010968067 1.47262831078842 1.35601125913672 1.5591090163216 1.42399827972986 1.76456512883306 1.36526260781102 1.67177210864611
1.83612615289167 1.13352470169775 1.81781878951006 1.53334765392356 1.74093162803911 0.991693588672206 0.925496480194852 1.05088014155626 1.54789336724207 0.95801748149097 1.13177305180579 1.46302626864053 1.0195795041509 1.75115912221372 0 1.470178169664 1.46757163549773 1.5560633414425 1.47278850828297 1.57919951481745 1.90518221096136 1.56202235887758 0.969497591955587 0.962484969059005 1.7234421656467 1.67922054650262 1.58942667068914 1.79659796645865 1.85155390924774 1.07033725804649
1.48069004388526 1.36278356658295 1.31684880098328 0.965166571782902 1.85815027356148 1.81097650364973 0.929586793063208 0.945821260567755 1.50126094534062 1.83945639105514 1.60419150884263 1.72000409569591 0.971642419230193 1.36734586604871 1.470178169664 0 1.85196833498776 1.75345108890906 1.71724532800727 0.956809035968035 1.56863661529496 1.03485579858534 1.48532101325691 1.52277709636837 1.62417288380675 1.80960481893271 1.26030013500713 1.90321933384985 1.4732764645014 1.5424839281477
1.21305419807322 1.16660339082591 1.46516235172749 1.22672669193707 1.27024007285945 1.55508531956002 1.81878422130831 1.29993156739511 1.40411318466067 1.21616743784398 0.978450920432806 1.15646768594161 1.43943502847105 1.14228897122666 1.46757163549773 1.85196833498776 0 1.66772015905008 1.73859381512739 0.916780016385019 1.13926644087769 1.22639762586914 1.01709310291335 1.45567228947766 1.66271434212103 0.921697003068402 1.84391740895808 1.30834176484495 1.13411510083824 1.46639948175289
1.31557738594711 1.37494880240411 1.41748871118762 1.68743213801645 1.62875925377011 1.59905535820872 1.79931003181264 1.31680579506792 0.91991751966998 1.2181749176234 1.54303842945956 1.8858664133586 1.04927082243375 1.56606657896191 1.5560633414425 1.75345108890906 1.66772015905008 0 1.40194055950269 1.64956103358418 1.62170603056438 1.77277890010737 1.8786482391879 1.79363128379919 1.11236583325081 1.27074946928769 1.50861028884538 1.34235054813325 1.03024637280032 1.64467285154387
1.09874700475484 1.60364765673876 1.12261916860007 1.75696138339117 1.76368986512534 1.08087106980383 1.60587988281623 1.56213282630779 1.1957597846631 1.60830304306 1.05381826381199 1.00627312064171 1.4885726494249 1.34560437011532 1.47278850828297 1.71724532800727 1.73859381512739 1.40194055950269 0 0.999774870229885 1.39140396891162 1.85036927089095 1.6985345678404 1.37039821618237 1.64198965346441 0.977587525034323 0.97233446361497 1.45901916152798 1.2945952587761 1.86579279322177
0.963397420244291 1.55490684369579 1.36226483969949 1.68630187562667 1.76616936572827 1.10070643294603 1.55814622947946 1.15605410235003 1.74608632805757 1.74477102258243 0.974867520853877 1.47475043451414 1.50933351367712 1.82467254227959 1.57919951481745 0.956809035968035 0.916780016385019 1.64956103358418 0.999774870229885 0 1.22082813456655 1.35914460360073 1.78808685997501 1.58248000219464 1.57312746648677 1.2653618354816 1.03529219981283 1.87757741264068 0.983556485967711 1.68838050379418
1.51219207770191 1.47141088498756 0.941778536885977 1.55123155680485 1.64704640489072 1.47668445575982 1.239988661604 1.11937200115062 1.58630113839172 0.947164729470387 1.35729782818817 1.36873442353681 1.1445235973224 1.63043349143118 1.90518221096136 1.56863661529496 1.13926644087769 1.62170603056438 1.39140396891162 1.22082813456655 0 1.2465903935954 1.57700222358108 1.90528810722753 1.22218896704726 1.05146154598333 1.11057221144438 1.47262167697772 1.18420148524456 0.964290955569595
1.86184750846587 1.11212503514253 1.50029237894341 1.51518811797723 1.85137200169265 1.05934780789539 0.946960501838475 1.03030438278802 1.4322924525477 0.931318606017157 1.87594822188839 1.79981478839181 1.09030427434482 1.65999778336845 1.56202235887758 1.03485579858534 1.22639762586914 1.77277890010737 1.85036927089095 1.35914460360073 1.2465903935954 0 1.78242982970551 1.1415189311374 1.01794277993031 0.984856488415971 1.76578406663612 1.14868245762773 1.42252508061938 1.87755596800707
1.078807214275 1.06159888789989 1.12050929386169 1.16608078056015 1.33193553332239 1.73643902176991 1.71915004914626 1.01776029821485 1.77262917766348 1.31884150276892 1.07013994106092 1.37114356202073 1.44971387879923 1.28272010968067 0.969497591955587 1.48532101325691 1.01709310291335 1.8786482391879 1.6985345678404 1.78808685997501 1.57700222358108 1.78242982970551 0 1.85487071028911 1.63546241796575 1.06079989927821 1.27730815159157 1.54679716215469 1.5690177900251 1.02633575932123
1.67571262968704 1.62186064315028 0.968062195461243 1.84629352670163 1.35945042595267 1.09463645122014 1.49397084559314 1.09247672231868 1.78828005911782 1.34635683335364 1.61094054765999 1.27609173068777 1.86852028057911 1.47262831078842 0.962484969059005 1.52277709636837 1.45567228947766 1.79363128379919 1.37039821618237 1.58248000219464 1.90528810722753 1.1415189311374 1.85487071028911 0 1.29919868684374 1.51966849016026 1.4713100399822 1.8563240035437 1.80849550012499 1.71403356501833
1.61476619774476 1.44249507412314 1.69592841202393 1.46761601208709 1.28328015073203 1.79517755308188 1.52832934516482 1.43804359575734 1.30766189238057 0.942557581001893 1.14756097807549 1.8989192917943 1.3349568231497 1.35601125913672 1.7234421656467 1.62417288380675 1.66271434212103 1.11236583325081 1.64198965346441 1.57312746648677 1.22218896704726 1.01794277993031 1.63546241796575 1.29919868684374 0 1.56094344309531 1.65593823231757 1.19241221901029 1.14994042366743 1.33815611340106
1.62672087363899 1.69057992077433 1.52702027885243 0.99606719892472 1.88471703557298 1.07022182550281 1.42687477823347 1.13010401464999 0.975529331248254 1.67393479472958 1.71082151075825 1.26114625949413 1.2827807276044 1.5591090163216 1.67922054650262 1.80960481893271 0.921697003068402 1.27074946928769 0.977587525034323 1.2653618354816 1.05146154598333 0.984856488415971 1.06079989927821 1.51966849016026 1.56094344309531 0 1.00709994533099 1.42109581409022 1.6033939383924 0.933616408146918
1.43843898060732 1.84311941615306 1.6913959311787 1.71114061074331 1.37761561339721 1.868476718897 1.58123080339283 1.47329833987169 1.29826101870276 1.46819491428323 1.64158679521643 1.47803342156112 1.8436347944662 1.42399827972986 1.58942667068914 1.26030013500713 1.84391740895808 1.50861028884538 0.97233446361497 1.03529219981283 1.11057221144438 1.76578406663612 1.27730815159157 1.4713100399822 1.65593823231757 1.00709994533099 0 1.84900252753869 0.950689148390666 1.41470574517734
1.01981488079764 1.23092244449072 0.974396627629176 1.79613658855669 1.33794722519815 0.965710093500093 1.3788585215807 1.40433661290444 1.90485618007369 0.929915095912293 1.68554945685901 1.51293998747133 1.55904354644008 1.76456512883306 1.79659796645865 1.90321933384985 1.30834176484495 1.34235054813325 1.45901916152798 1.87757741264068 1.47262167697772 1.14868245762773 1.54679716215469 1.8563240035437 1.19241221901029 1.42109581409022 1.84900252753869 0 1.51945390528999 1.68198003573343
1.27164369844832 0.96954480279237 1.21099530090578 0.954103796742857 1.33545986167155 1.77957882522605 1.85411815461703 1.414714691462 1.20036273519509 1.37131605716422 1.55747199826874 1.81562581472099 1.1848463092465 1.36526260781102 1.85155390924774 1.4732764645014 1.13411510083824 1.03024637280032 1.2945952587761 0.983556485967711 1.18420148524456 1.42252508061938 1.5690177900251 1.80849550012499 1.14994042366743 1.6033939383924 0.950689148390666 1.51945390528999 0 1.06035360903479
1.42729427455924 1.44552798802033 1.20663683302701 1.7475862542633 1.35357769182883 1.58357477281243 1.51224337844178 1.02504275226966 1.90240924688987 1.2147165229544 1.89294464164414 1.28807855490595 1.41094916476868 1.67177210864611 1.07033725804649 1.5424839281477 1.46639948175289 1.64467285154387 1.86579279322177 1.68838050379418 0.964290955569595 1.87755596800707 1.02633575932123 1.71403356501833 1.33815611340106 0.933616408146918 1.41470574517734 1.68198003573343 1.06035360903479 0
