0 1.27928400202654 1.01981877814978 0.944688661023974 1.73288109339774 1.05067601054907 1.80569537775591 1.8263121668715 1.07435906585306 1.11563922092319 1.44153057481162 1.07526505249552 1.86393434554338 1.31334411283024 1.53806753293611 1.85219307639636 0.955680005019531 1.23545978590846 1.3624666724354 1.82475170376711 1.63085261313245 1.21460764296353 1.66445633093826 1.41532996180467 1.89516714541242 1.39372167387046 1.80924066668376 1.71122049726546 1.81171583547257 1.65907156909816
1.27928400202654 0 1.49507701466791 1.36874499125406 1.43645396525972 1.15667347772978 1.81458767224103 1.28526456048712 1.23858161712997 1.84442178788595 1.12655937834643 1.83308482775465 1.76761436276138 1.39197745290585 1.05387339927256 1.59182452433743 1.3723295906093 1.05225139926188 1.53456248296425 1.1255400783848 1.25520181865431 1.7886508370284 0.981745965545997 1.34744131728075 1.91209234809503 1.6162269434426 1.63038586406037 1.64678740827367 1.67792954668403 1.08547597262077
1.01981877814978 1.49507701466791 0 1.35663267527707 1.40205568843521 1.84218578552827 1.83918369980529 1.21652060071938 1.80282586766407 1.25023782090284 1.22841874486767 0.995360359316692 1.7532462333329 1.62081635231152 1.05629972950555 1.17324875597842 1.545809247531 1.52074186340906 1.85806844732724 1.88476000446826 1.27449238323607 1.81054610619321 1.08235235931352 1.17535047000274 1.69137593451887 1.04194083414041 1.41354737221263 1.30414299317636 1.25178277539089 1.62378108501434
0.944688661023974 1.36874499125406 1.35663267527707 0 1.83544865902513 1.05461801006459 1.93672027299181 1.55917373951524 1.22282960568555 1.63692924776115 1.20098392106593 1.49671826441772 1.78297577565536 1.43793056020513 1.18544169375673 1.15211592498235 1.39297078317031 0.941650617402047 1.12829993315972 1.39323701243848 1.52221869328059 1.78762351465411 1.53494872734882 1.62863922957331 1.7648894272279 1.45441070641391 1.44780877535231 1.4808114496991 1.12295212130994 1.18707838328555
1.73288109339774 1.43645396525972 1.40205568843521 1.83544865902513 0 1.61530680768192 1.075879821321 1.82180751976557 1.56565398350358 1.37706383201294 1.11734867817722 1.76746692671441 1.81667999411002 1.18505930132233 1.76935210102238 1.81254434166476 1.41744072479196 1.60989874787629 1.26262858416885 1.6932312711142 1.47251706453972 1.1837707508821 1.35565260471776 1.12866059062071 0.960538287879899 1.44178349804133 1.43660146393813 1.36985182063654 1.58146409457549 1.22832650365308
1.05067601054907 1.15667347772978 1.84218578552827 1.05461801006459 1.61530680768192 0 1.81115988502279 0.953543974552304 1.65137835871428 1.11074553267099 0.980665183626115 1.07963413442485 1.37395003903657 1.05130302719772 0.989661180414259 1.35406356141903 1.3603216051124 1.47664098045789 1.13132131355815 1.48082964448258 1.27170468657278 1.81214566156268 1.2639985724818 1.02952133491635 0.982801229460165 1.65829783701338 1.3456289221067 0.99145739688538 1.7586912419647 1.19792038248852
1.80569537775591 1.81458767224103 1.83918369980529 1.93672027299181 1.075879821321 1.81115988502279 0 1.71265085157938 1.27021607453935 1.7372507750988 1.31099070422351 1.12638122076169 1.58152714231983 1.74272267636843 1.91701192012988 0.992408217862248 1.21415221341886 1.62987714144401 1.13499549799599 1.39025031914935 1.80002457462251 1.12656893068925 1.40110128442757 1.03640080895275 1.37546260491945 1.69551649247296 1.85665629734285 1.80041441391222 1.38625577418134 1.24350200220942
1.8263121668715 1.28526456048712 1.21652060071938 1.55917373951524 1.82180751976557 0.953543974552304 1.71265085157938 0 1.90705274115317 1.72703916183673 1.1753938451875 1.84489533212036 1.40419880463742 1.77741359360516 1.88715884229168 1.13911803276278 1.63124416349456 1.04250261094421 1.28323822212406 1.0374474383425 1.91333860484883 1.39002863154747 1.90685633174144 1.82469618530013 1.75778732751496 1.26446125633083 1.50175439892337 1.51948998938315 1.116208542604 1.29585951846093
1.07435906585306 1.23858161712997 1.80282586766407 1.22282960568555 1.56565398350358 1.65137835871428 1.27021607453935 1.90705274115317 0 1.43685751082376 1.24865243444219 1.43947449722327 1.7645989281591 1.08814512123354 1.00834280042909 1.91388806514442 1.61791644594632 1.53111192584038 1.9105641618371 0.958546702517197 1.52207014453597 1.23567319614813 1.14489943115041 1.35979150561616 1.44457981036976 1.7064452348277 0.975292952964082 1.73392799636349 1.12265786086209 1.83798209414817
1.11563922092319 1.84442178788595 1.25023782090284 1.63692924776115 1.37706383201294 1.11074553267099 1.7372507750988 1.72703916183673 1.43685751082376 0 1.16387765808031 1.36402947525494 0.940668819937855 1.61596057913266 1.52320469357073 1.79616274102591 1.32257361197844 1.44362120213918 1.61168261594139 1.20657534338534 1.23448169021867 1.50406387890689 1.6524283727631 1.11665752273984 1.50570787466131 1.69893646170385 1.16522498801351 1.13733669999056 1.40520274825394 1.54670971957967
1.44153057481162 1.12655937834643 1.22841874486767 1.20098392106593 1.11734867817722 0.980665183626115 1.31099070422351 1.1753938451875 1.24865243444219 1.16387765808031 0 1.78625424159691 1.10395712917671 1.31210858677514 1.31102619390003 1.61129352566786 1.18241454893723 1.81362324557267 1.40260574338026 1.45733535825275 1.47634868766181 1.74669263209216 1.56203837390058 1.64135112403892 1.19634973350912 1.14321798877791 1.46493079396896 1.4361141261179 1.22748440364376 1.47657396784052
1.07526505249552 1.83308482775465 0.995360359316692 1.49671826441772 1.76746692671441 1.07963413442485 1.12638122076169 1.84489533212036 1.43947449722327 1.36402947525494 1.78625424159691 0 1.91353363264352 1.1033078727778 1.00461237877607 1.65656379284337 0.987632096977904 1.89780337549746 1.06531601515599 1.7396204196848 0.968915257137269 1.64559652633034 1.66079423460178 1.13443218474276 1.18233287124895 0.972135534044355 1.2349205808714 1.58233801485039 1.77849307982251 1.0218257647939
1.86393434554338 1.76761436276138 1.7532462333329 1.78297577565536 1.81667999411002 1.37395003903657 1.58152714231983 1.40419880463742 1.7645989281591 0.940668819937855 1.10395712917671 1.91353363264352 0 1.11292259674519 1.83611362124793 1.68473437218927 1.38180307974108 1.55551446694881 1.93274948582985 1.2139352390077 1.32785228011198 1.63793427636847 1.3770799213089 1.35097005241551 1.57794428174384 1.77499446226284 1.62756758322939 1.54667519847862 1.16628020186909 1.84944577771239
1.31334411283024 1.39197745290585 1.62081635231152 1.43793056020513 1.18505930132233 1.05130302719772 1.74272267636843 1.77741359360516 1.08814512123354 1.61596057913266 1.31210858677514 1.1033078727778 1.11292259674519 0 1.72204090259038 0.948392545571551 1.51200749212876 1.1510405857116 1.02502355840988 1.13527358742431 1.30273485463113 1.41733796382323 1.17408354254439 1.29024155531079 1.01230260450393 1.58125469647348 1.24432213464752 1.23538516974077 1.62005670159124 1.07999312388711
1.53806753293611 1.05387339927256 1.05629972950555 1.18544169375673 1.76935210102238 0.989661180414259 1.91701192012988 1.88715884229168 1.00834280042909 1.52320469357073 1.31102619390003 1.00461237877607 1.83611362124793 1.72204090259038 0 1.03037710743956 1.86172841978259 1.60928455274552 1.49814312974922 1.24629286513664 1.38903510081582 1.67358963447623 1.60292692785151 1.6340715335682 1.51910180062987 1.79551482340321 1.2557178766001 1.50807556207292 1.01400477206334 1.47420988418162
1.85219307639636 1.59182452433743 1.17324875597842 1.15211592498235 1.81254434166476 1.35406356141903 0.992408217862248 1.13911803276278 1.91388806514442 1.79616274102591 1.61129352566786 1.65656379284337 1.68473437218927 0.948392545571551 1.03037710743956 0 1.64868170511909 1.38455130392686 1.28404338704422 1.88366160471924 1.01802849117666 1.1335343751125 1.5829410541337 1.07026293873787 1.21368428086862 1.66818674351089 1.4853878361173 1.53286662022583 1.85175542277284 1.20067420648411
0.955680005019531 1.3723295906093 1.545809247531 1.39297078317031 1.41744072479196 1.3603216051124 1.21415221341886 1.63124416349456 1.61791644594632 1.32257361197844 1.18241454893723 0.987632096977904 1.38180307974108 1.51200749212876 1.86172841978259 1.64868170511909 0 1.82911820523441 1.64198009832762 1.17675685905851 1.80935316625983 1.69795206259005 0.97044340078719 1.17157109826803 1.60354940057732 1.32577609177679 1.60694004222751 1.26725792069919 0.978061828762293 1.85565222031437
1.23545978590846 1.05225139926188 1.52074186340906 0.941650617402047 1.60989874787629 1.47664098045789 1.62987714144401 1.04250261094421 1.53111192584038 1.44362120213918 1.81362324557267 1.89780337549746 1.55551446694881 1.1510405857116 1.60928455274552 1.38455130392686 1.82911820523441 0 1.0889898466412 1.69176285737194 1.11150630144402 1.07414475572295 0.949259425513446 1.67884567263536 1.49595752777532 1.0860459592659 1.47264071390964 1.46457565226592 1.19934322685003 1.26073329639621
1.3624666724354 1.53456248296425 1.85806844732724 1.12829993315972 1.26262858416885 1.13132131355815 1.13499549799599 1.28323822212406 1.9105641618371 1.61168261594139 1.40260574338026 1.06531601515599 1.93274948582985 1.02502355840988 1.49814312974922 1.28404338704422 1.64198009832762 1.0889898466412 0 1.86164637259208 1.52416067710146 1.87922328407876 1.35847259685397 1.01106726215221 0.941268020775169 1.32436250220053 0.989397624274716 1.09661731892265 1.28071674471721 1.34529239055701
1.82475170376711 1.1255400783848 1.88476000446826 1.39323701243848 1.6932312711142 1.48082964448258 1.39025031914935 1.0374474383425 0.958546702517197 1.20657534338534 1.45733535825275 1.7396204196848 1.2139352390077 1.13527358742431 1.24629286513664 1.88366160471924 1.17675685905851 1.69176285737194 1.86164637259208 0 1.5185888519045 1.33262428524904 1.75732167740352 1.20116071496159 1.84172705141827 1.76299681491219 1.93383965548128 1.25594580243342 1.44975335127674 1.70073326374404
1.63085261313245 1.25520181865431 1.27449238323607 1.52221869328059 1.47251706453972 1.27170468657278 1.80002457462251 1.91333860484883 1.52207014453597 1.23448169021867 1.47634868766181 0.968915257137269 1.32785228011198 1.30273485463113 1.38903510081582 1.01802849117666 1.80935316625983 1.11150630144402 1.52416067710146 1.5185888519045 0 1.83362522162497 1.31926636327989 1.83996281283908 1.01462569111027 1.48781161429361 1.24504771921784 1.89799877279438 1.4158864330966 1.16926252446137
1.21460764296353 1.7886508370284 1.81054610619321 1.78762351465411 1.1837707508821 1.81214566156268 1.12656893068925 1.39002863154747 1.23567319614813 1.50406387890689 1.74669263209216 1.64559652633034 1.63793427636847 1.41733796382323 1.67358963447623 1.1335343751125 1.69795206259005 1.07414475572295 1.87922328407876 1.33262428524904 1.83362522162497 0 1.58904153713956 1.42603595880792 1.30864679510705 1.83546225004829 1.71130700083449 1.76377144013532 1.87267017783597 1.29542432748713
1.66445633093826 0.981745965545997 1.08235235931352 1.53494872734882 1.35565260471776 1.2639985724818 1.40110128442757 1.90685633174144 1.14489943115041 1.6524283727631 1.56203837390058 1.66079423460178 1.3770799213089 1.17408354254439 1.60292692785151 1.5829410541337 0.97044340078719 0.949259425513446 1.35847259685397 1.75732167740352 1.31926636327989 1.58904153713956 0 1.5803846269846 1.89455590001307 1.28984145121649 1.28719210717827 1.25427695293911 1.45538942189887 1.08282959647477
1.41532996180467 1.34744131728075 1.17535047000274 1.62863922957331 1.12866059062071 1.02952133491635 1.03640080895275 1.82469618530013 1.35979150561616 1.11665752273984 1.64135112403892 1.13443218474276 1.35097005241551 1.29024155531079 1.6340715335682 1.07026293873787 1.17157109826803 1.67884567263536 1.01106726215221 1.20116071496159 1.83996281283908 1.42603595880792 1.5803846269846 0 1.37046410352923 1.40856496547349 1.03028847044334 1.68494140147232 1.90168120991439 1.60812032595277
1.89516714541242 1.91209234809503 1.69137593451887 1.7648894272279 0.960538287879899 0.982801229460165 1.37546260491945 1.75778732751496 1.44457981036976 1.50570787466131 1.19634973350912 1.18233287124895 1.57794428174384 1.01230260450393 1.51910180062987 1.21368428086862 1.60354940057732 1.49595752777532 0.941268020775169 1.84172705141827 1.01462569111027 1.30864679510705 1.89455590001307 1.37046410352923 0 1.38895651185885 1.57201411039568 1.18602832173929 1.64533945545554 1.8054270837456
1.39372167387046 1.6162269434426 1.04194083414041 1.45441070641391 1.44178349804133 1.65829783701338 1.69551649247296 1.26446125633083 1.7064452348277 1.69893646170385 1.14321798877791 0.972135534044355 1.77499446226284 1.58125469647348 1.79551482340321 1.66818674351089 1.32577609177679 1.0860459592659 1.32436250220053 1.76299681491219 1.48781161429361 1.83546225004829 1.28984145121649 1.40856496547349 1.38895651185885 0 1.9142404247541 1.66694709239528 1.78573749214411 1.20435430039652
1.80924066668376 1.63038586406037 1.41354737221263 1.44780877535231 1.43660146393813 1.3456289221067 1.85665629734285 1.50175439892337 0.975292952964082 1.16522498801351 1.46493079396896 1.2349205808714 1.62756758322939 1.24432213464752 1.2557178766001 1.4853878361173 1.60694004222751 1.47264071390964 0.989397624274716 1.93383965548128 1.24504771921784 1.71130700083449 1.28719210717827 1.03028847044334 1.57201411039568 1.9142404247541 0 1.57262958027422 0.940037810243666 1.2643179888837
1.71122049726546 1.64678740827367 1.30414299317636 1.4808114496991 1.36985182063654 0.99145739688538 1.80041441391222 1.51948998938315 1.73392799636349 1.13733669999056 1.4361141261179 1.58233801485039 1.54667519847862 1.23538516974077 1.50807556207292 1.53286662022583 1.26725792069919 1.46457565226592 1.09661731892265 1.25594580243342 1.89799877279438 1.76377144013532 1.25427695293911 1.68494140147232 1.18602832173929 1.66694709239528 1.57262958027422 0 1.57231575227343 1.79219264420681
1.81171583547257 1.67792954668403 1.25178277539089 1.12295212130994 1.58146409457549 1.7586912419647 1.38625577418134 1.116208542604 1.12265786086209 1.40520274825394 1.22748440364376 1.77849307982251 1.16628020186909 1.62005670159124 1.01400477206334 1.85175542277284 0.978061828762293 1.19934322685003 1.28071674471721 1.44975335127674 1.4158864330966 1.87267017783597 1.45538942189887 1.90168120991439 1.64533945545554 1.78573749214411 0.940037810243666 1.57231575227343 0 1.8447867189534
1.65907156909816 1.08547597262077 1.62378108501434 1.18707838328555 1.22832650365308 1.19792038248852 1.24350200220942 1.29585951846093 1.83798209414817 1.54670971957967 1.47657396784052 1.0218257647939 1.84944577771239 1.07999312388711 1.47420988418162 1.20067420648411 1.85565222031437 1.26073329639621 1.34529239055701 1.70073326374404 1.16926252446137 1.29542432748713 1.08282959647477 1.60812032595277 1.8054270837456 1.20435430039652 1.2643179888837 1.79219264420681 1.8447867189534 0
