0 1.43708749767393 1.07277150498703 1.8257665168494 1.01202531671152 1.89335441053845 1.40698070451617 1.53516199742444 1.83304507378489 1.66585074365139 1.83291001594625 1.28572659171186 1.8889335936401 1.64883803599514 1.63257484394126 1.83142065373249 1.1379542350769 1.85578102385625 1.22094063111581 1.57948683132418 1.47057414567098 1.37588533037342 1.81352156656794 1.6883648254443 0.998304069275036 1.42494268971495 1.26449793274514 1.87079403339885 1.2710217917338 1.44199970178306
1.43708749767393 0 0.961384570458904 1.65682250144891 1.61009212001227 1.39160950225778 1.41298482846469 1.29131553065963 1.74935275083408 1.88851240626536 1.88647727970965 1.83911757054739 0.998263604938984 1.41475247265771 1.5162009303458 1.85748843825422 1.83881574752741 1.19400243158452 0.949194877175614 1.01488127280027 1.37034618016332 1.46382368775085 1.38274878473021 1.60423914319836 1.3311783329118 1.1409283389803 1.00421373988502 1.16544710588641 1.84718509740196 1.41894657257944
1.07277150498703 0.961384570458904 0 1.24243318708614 1.37852711370215 1.67231218377128 1.88166777207516 1.70276098209433 1.02326524537057 1.71931329835206 1.26739917253144 1.07813609298319 1.51956667425111 1.54391884966753 1.12132028699853 1.40886908420362 1.23558699060231 1.71603864757344 1.37377967778593 1.53270842786878 1.77598573220894 1.1521670774091 1.05801824643277 1.32940278784372 1.11376162548549 1.18682211753912 1.56044788565487 1.16788729489781 1.22969752782956 1.79164477298036
1.8257665168494 1.65682250144891 1.24243318708614 0 1.27085311152041 1.0396949457936 1.65247115679085 1.57648817496374 1.35500233713537 1.7461835546419 1.35040486417711 1.92133561498486 0.96714624366723 1.92472305847332 1.89909868454561 1.49956999253482 1.14632445480675 1.50647819158621 1.67458544578403 0.997070881770924 1.11149028455839 1.596504062647 1.85876092244871 1.76550725731067 1.32815891411155 1.54733056784607 1.35236666654237 1.86979899415746 1.86021067178808 1.48947659321129
1.01202531671152 1.61009212001227 1.37852711370215 1.27085311152041 0 1.01619732845575 1.89565408881754 1.20570610370487 1.83022165950388 1.73967048246413 1.25864779623225 1.77431743568741 1.9086731292773 1.07516535348259 0.97392356256023 1.8703219301533 1.23585564829409 1.21768706198782 1.62027707486413 1.84504616446793 1.3330178798642 1.45841895230114 1.78292938065715 1.14812173740938 1.64343545027077 1.11623261449859 1.72996138641611 1.36721294303425 1.82300879131071 1.43648286862299
1.89335441053845 1.39160950225778 1.67231218377128 1.0396949457936 1.01619732845575 0 1.90668172668666 1.35161749040708 1.74861848191358 1.3097468263004 0.97291340935044 0.94184285425581 1.59855962893926 1.42365761008114 1.14005426457152 1.5190009791404 1.24147993861698 1.6226589451544 1.36953022936359 1.03184485342354 0.941281708190218 1.70473358104937 1.27861009025946 1.38604773045518 1.56502681411803 1.19873529300094 1.66902456828393 1.70340941357426 1.21506930864416 1.7521388088353
1.40698070451617 1.41298482846469 1.88166777207516 1.65247115679085 1.89565408881754 1.90668172668666 0 1.65745865716599 1.16466060560197 1.33158684941009 1.79094696906395 1.85770256491378 1.09407439944334 1.40821266174316 1.3847737822216 1.54886841587722 1.14891419769265 1.6495808835607 1.25805160659365 1.33665648335591 1.55247737350874 1.92285432992503 1.12226878385991 1.59948548045941 1.72684196336195 1.61985487444326 1.48624219861813 1.53771593933925 1.75142467138357 1.02581053366885
1.53516199742444 1.29131553065963 1.70276098209433 1.57648817496374 1.20570610370487 1.35161749040708 1.65745865716599 0 1.65168533287942 1.0588744666893 1.64252913510427 1.84852715185843 1.50742497574538 1.57358320197091 1.74185820692219 1.91009628074244 1.66292101121508 1.37927652010694 1.42520476877689 0.987083134008572 0.982276735827327 1.71559195686132 1.56339456443675 1.59577064216137 1.41280012880452 1.79693314014003 1.0044181260746 1.3571349165868 1.81690355855972 1.14707483444363
1.83304507378489 1.74935275083408 1.02326524537057 1.35500233713537 1.83022165950388 1.74861848191358 1.16466060560197 1.65168533287942 0 1.33152978890575 1.49273835751228 1.9062471780926 1.19632808957249 1.00991459796205 1.01602370827459 1.14599793241359 1.74602504842915 1.17916724737734 1.684414453106 1.42411498073488 1.03572500753216 1.88729123445228 1.39594074129127 1.63537192321382 1.61482556862757 1.10924415336922 1.20036276779138 1.16561600076966 1.32740590185858 1.29674773290753
1.66585074365139 1.88851240626536 1.71931329835206 1.7461835546419 1.73967048246413 1.3097468263004 1.33158684941009 1.0588744666893 1.33152978890575 0 1.41275896620937 1.24616450117901 1.09107298078015 1.17727899714373 1.77792418934405 1.03405088512227 1.57674639252946 1.12171486229636 0.958573238924146 1.78748185443692 0.985304336296394 1.19555838033557 1.04336876561865 1.79064687550999 1.08265947178006 1.35455751279369 1.36697108182125 0.957657789345831 1.62386048678309 1.45340188546106
1.83291001594625 1.88647727970965 1.26739917253144 1.35040486417711 1.25864779623225 0.97291340935044 1.79094696906395 1.64252913510427 1.49273835751228 1.41275896620937 0 1.59542030724697 1.30173784750514 1.58400465268642 1.8626921470277 1.5876488648355 1.66822537430562 1.00943225389346 1.45039514894597 0.98223676206544 1.26763304625638 1.45021374407224 1.19070590124466 1.2559380850289 1.06441903230734 1.37956478097476 1.06386186927557 1.53075213637203 1.05243636784144 0.945993741508573
1.28572659171186 1.83911757054739 1.07813609298319 1.92133561498486 1.77431743568741 0.94184285425581 1.85770256491378 1.84852715185843 1.9062471780926 1.24616450117901 1.59542030724697 0 1.88876859820448 1.07291289139539 1.28344678180292 1.64282362512313 0.946291742147878 1.64756948500872 1.25493221078068 1.89052682602778 1.11275804275647 0.947457471629605 1.92402180307545 1.44355187076144 0.967222345992923 1.04052354511805 1.03823188785464 1.9090864835307 0.959727358072996 1.0045862600673
1.8889335936401 0.998263604938984 1.51956667425111 0.96714624366723 1.9086731292773 1.59855962893926 1.09407439944334 1.50742497574538 1.19632808957249 1.09107298078015 1.30173784750514 1.88876859820448 0 1.17732595116831 1.28651770716533 1.30434023449197 1.8135445273947 1.64907895377837 1.37822090811096 0.972388000227511 1.16013260837644 1.0850804920774 1.52067298488691 1.56996636674739 1.03972663218156 1.47906197793782 1.58054376789369 1.45023282943293 1.27148431655951 1.03713935031556
1.64883803599514 1.41475247265771 1.54391884966753 1.92472305847332 1.07516535348259 1.42365761008114 1.40821266174316 1.57358320197091 1.00991459796205 1.17727899714373 1.58400465268642 1.07291289139539 1.17732595116831 0 1.79163967235945 1.5907258768566 1.67175349756144 1.86873270035721 1.45174951339141 1.7365596445743 1.72487541870214 1.08452490251511 1.27839091932401 1.09681138000451 1.12422120640986 1.43329099286348 1.56787104788236 1.42195409699343 1.45670205773786 1.72253746027127
1.63257484394126 1.5162009303458 1.12132028699853 1.89909868454561 0.97392356256023 1.14005426457152 1.3847737822216 1.74185820692219 1.01602370827459 1.77792418934405 1.8626921470277 1.28344678180292 1.28651770716533 1.79163967235945 0 1.17754363757558 1.19638782530092 1.19838344375603 1.52935444004834 1.59627948142588 1.19133339845575 1.56129863997921 1.90361910779029 1.25818244437687 1.08099664677866 1.81136334966868 1.28872609976679 1.06110969232395 0.953404911095276 1.0619091282133
1.83142065373249 1.85748843825422 1.40886908420362 1.49956999253482 1.8703219301533 1.5190009791404 1.54886841587722 1.91009628074244 1.14599793241359 1.03405088512227 1.5876488648355 1.64282362512313 1.30434023449197 1.5907258768566 1.17754363757558 0 1.07312742504291 1.89819583995268 1.48551094532013 1.26118639926426 1.63756100926548 1.58487840252928 1.09812073037028 1.36810686136596 1.66575207700953 1.38863255502656 1.82275507063605 1.13621706236154 1.2635698937811 1.88985153101385
1.1379542350769 1.83881574752741 1.23558699060231 1.14632445480675 1.23585564829409 1.24147993861698 1.14891419769265 1.66292101121508 1.74602504842915 1.57674639252946 1.66822537430562 0.946291742147878 1.8135445273947 1.67175349756144 1.19638782530092 1.07312742504291 0 1.19346156367101 1.88799609337002 1.86916947201826 1.23128469474614 0.935185825685039 1.79144245502539 1.14933282718994 1.63919658283703 1.68556386418641 1.80126462783664 1.47811121796258 1.42677830741741 1.39527026284486
1.85578102385625 1.19400243158452 1.71603864757344 1.50647819158621 1.21768706198782 1.6226589451544 1.6495808835607 1.37927652010694 1.17916724737734 1.12171486229636 1.00943225389346 1.64756948500872 1.64907895377837 1.86873270035721 1.19838344375603 1.89819583995268 1.19346156367101 0 1.30608398839831 1.66043449076824 1.00823942152783 1.23015441000462 1.82782025798224 1.46560039371252 1.04775392799638 1.34470229665749 1.84727206057869 1.56878855009563 1.48686050553806 1.59375510504469
1.22094063111581 0.949194877175614 1.37377967778593 1.67458544578403 1.62027707486413 1.36953022936359 1.25805160659365 1.42520476877689 1.684414453106 0.958573238924146 1.45039514894597 1.25493221078068 1.37822090811096 1.45174951339141 1.52935444004834 1.48551094532013 1.88799609337002 1.30608398839831 0 0.961849594954401 1.41898370860144 1.35549068590626 1.00174465263262 1.83605252648704 1.24460942531005 1.66438033850864 1.44231439055875 1.12414555670694 1.54008854087442 1.55099098919891
1.57948683132418 1.01488127280027 1.53270842786878 0.997070881770924 1.84504616446793 1.03184485342354 1.33665648335591 0.987083134008572 1.42411498073488 1.78748185443692 0.98223676206544 1.89052682602778 0.972388000227511 1.7365596445743 1.59627948142588 1.26118639926426 1.86916947201826 1.66043449076824 0.961849594954401 0 1.07503992668353 1.61689421674237 0.975973453838378 1.40611555753276 1.18920668959618 1.45965279731899 1.90165268769488 1.46899157529697 1.35132915573195 1.54927028808743
1.47057414567098 1.37034618016332 1.77598573220894 1.11149028455839 1.3330178798642 0.941281708190218 1.55247737350874 0.982276735827327 1.03572500753216 0.985304336296394 1.26763304625638 1.11275804275647 1.16013260837644 1.72487541870214 1.19133339845575 1.63756100926548 1.23128469474614 1.00823942152783 1.41898370860144 1.07503992668353 0 1.08177254465409 1.59473054716364 1.21727794851176 1.42837123991922 0.970369998365641 1.65535582904704 1.13499527913518 1.11826008558273 1.03958124644123
1.37588533037342 1.46382368775085 1.1521670774091 1.596504062647 1.45841895230114 1.70473358104937 1.92285432992503 1.71559195686132 1.88729123445228 1.19555838033557 1.45021374407224 0.947457471629605 1.0850804920774 1.08452490251511 1.56129863997921 1.58487840252928 0.935185825685039 1.23015441000462 1.35549068590626 1.61689421674237 1.08177254465409 0 1.90447572409175 0.963344984920695 1.47165687079541 1.6672579809092 1.59570581326261 1.65961513970979 1.32221436337568 1.42819913476706
1.81352156656794 1.38274878473021 1.05801824643277 1.85876092244871 1.78292938065715 1.27861009025946 1.12226878385991 1.56339456443675 1.39594074129127 1.04336876561865 1.19070590124466 1.92402180307545 1.52067298488691 1.27839091932401 1.90361910779029 1.09812073037028 1.79144245502539 1.82782025798224 1.00174465263262 0.975973453838378 1.59473054716364 1.90447572409175 0 1.34804547159001 1.3928110615816 1.58671453408897 1.39004558720626 1.43223696085624 1.6577661994379 1.77509538969025
1.6883648254443 1.60423914319836 1.32940278784372 1.76550725731067 1.14812173740938 1.38604773045518 1.59948548045941 1.59577064216137 1.63537192321382 1.79064687550999 1.2559380850289 1.44355187076144 1.56996636674739 1.09681138000451 1.25818244437687 1.36810686136596 1.14933282718994 1.46560039371252 1.83605252648704 1.40611555753276 1.21727794851176 0.963344984920695 1.34804547159001 0 1.08275253511965 1.46269776439294 1.33027467387728 1.22741766390391 1.20159658859484 1.61609181528911
0.998304069275036 1.3311783329118 1.11376162548549 1.32815891411155 1.64343545027077 1.56502681411803 1.72684196336195 1.41280012880452 1.61482556862757 1.08265947178006 1.06441903230734 0.967222345992923 1.03972663218156 1.12422120640986 1.08099664677866 1.66575207700953 1.63919658283703 1.04775392799638 1.24460942531005 1.18920668959618 1.42837123991922 1.47165687079541 1.3928110615816 1.08275253511965 0 1.05119905853644 1.25299321464263 1.37163006304763 1.65840988373384 1.30388135858811
1.42494268971495 1.1409283389803 1.18682211753912 1.54733056784607 1.11623261449859 1.19873529300094 1.61985487444326 1.79693314014003 1.10924415336922 1.35455751279369 1.37956478097476 1.04052354511805 1.47906197793782 1.43329099286348 1.81136334966868 1.38863255502656 1.68556386418641 1.34470229665749 1.66438033850864 1.45965279731899 0.970369998365641 1.6672579809092 1.58671453408897 1.46269776439294 1.05119905853644 0 1.69966001948342 1.36373520968482 1.30202287551947 1.84179042605683
1.26449793274514 1.00421373988502 1.56044788565487 1.35236666654237 1.72996138641611 1.66902456828393 1.48624219861813 1.0044181260746 1.20036276779138 1.36697108182125 1.06386186927557 1.03823188785464 1.58054376789369 1.56787104788236 1.28872609976679 1.82275507063605 1.80126462783664 1.84727206057869 1.44231439055875 1.90165268769488 1.65535582904704 1.59570581326261 1.39004558720626 1.33027467387728 1.25299321464263 1.69966001948342 0 1.81871212972328 1.43182381917723 1.16752587421797
1.87079403339885 1.16544710588641 1.16788729489781 1.86979899415746 1.36721294303425 1.70340941357426 1.53771593933925 1.3571349165868 1.16561600076966 0.957657789345831 1.53075213637203 1.9090864835307 1.45023282943293 1.42195409699343 1.06110969232395 1.13621706236154 1.47811121796258 1.56878855009563 1.12414555670694 1.46899157529697 1.13499527913518 1.65961513970979 1.43223696085624 1.22741766390391 1.37163006304763 1.36373520968482 1.81871212972328 0 0.949359125457704 1.72915045567788
1.2710217917338 1.84718509740196 1.22969752782956 1.86021067178808 1.82300879131071 1.21506930864416 1.75142467138357 1.81690355855972 1.32740590185858 1.62386048678309 1.05243636784144 0.959727358072996 1.27148431655951 1.45670205773786 0.953404911095276 1.2635698937811 1.42677830741741 1.48686050553806 1.54008854087442 1.35132915573195 1.11826008558273 1.32221436337568 1.6577661994379 1.20159658859484 1.65840988373384 1.30202287551947 1.43182381917723 0.949359125457704 0 1.82475664513186
1.44199970178306 1.41894657257944 1.79164477298036 1.48947659321129 1.43648286862299 1.7521388088353 1.02581053366885 1.14707483444363 1.29674773290753 1.45340188546106 0.945993741508573 1.0045862600673 1.03713935031556 1.72253746027127 1.0619091282133 1.88985153101385 1.39527026284486 1.59375510504469 1.55099098919891 1.54927028808743 1.03958124644123 1.42819913476706 1.77509538969025 1.61609181528911 1.30388135858811 1.84179042605683 1.16752587421797 1.72915045567788 1.82475664513186 0
