0 1.69779366860166 1.01733532990329 0.918911834480241 1.32859965856187 0.901549860602245 1.2444234630093 1.32282763114199 0.965959439054132 1.57190787163563 1.23441088106483 1.06032239529304 1.44253327720799 1.44332987442613 1.23257761960849 1.56981879565865 1.60379264457151 1.72117480868474 1.1124863892328 1.57374231843278 1.43601920246147 0.999163111904636 1.30848229187541 0.918747885152698 1.31779690156691 1.16591828060336 0.919602522393689 0.965941102709621 1.62195027898997 1.41072163800709
1.69779366860166 0 1.10981866600923 1.09282845119014 1.5360042299144 1.52079811715521 1.29731637379155 1.43073192588054 1.17334224656224 1.30479050450958 0.99125798791647 1.33192906877957 1.51417607301846 1.83816311880946 1.17735186009668 1.76138309808448 1.50851253210567 1.73826478654519 1.3638554350473 1.11027921084315 1.74315717420541 1.45099560613744 1.70208715391345 1.80810010293499 1.24313298030756 1.17718833265826 1.30518236709759 1.67462682933547 1.16383551061153 1.48931134934537
1.01733532990329 1.10981866600923 0 0.883129973663017 1.69438240677118 1.66793885617517 1.24358749296516 0.951506342506036 1.488837167155 1.10949775530025 1.71868346375413 1.65870810067281 1.80793933733366 1.03760123532265 1.40855588857085 1.53296136506833 1.83658394450322 1.20096051320434 1.30966152250767 0.991351937875152 1.57928610127419 1.51588124851696 1.15971301030368 0.97923680068925 1.72520274901763 1.2302238100674 1.82188604748808 1.3351457612589 1.30402103625238 1.57471890840679
0.918911834480241 1.09282845119014 0.883129973663017 0 1.66616528551094 1.69449878018349 1.03138429229148 1.3440914156381 1.18995833978988 1.58945162896998 1.70610116887838 1.53060215129517 1.07554418337531 1.6569332908839 0.979002957697958 1.04258210188709 1.2191044180654 1.1247636238113 1.20109363785014 1.25066761975177 1.16945238527842 1.31745314272121 1.41587833384983 1.0369979434181 1.39566588355228 0.898263877257705 1.36826500738971 1.72182434704155 1.8032033641357 1.73861803370528
1.32859965856187 1.5360042299144 1.69438240677118 1.66616528551094 0 1.45999596174806 1.71141182421707 1.1548650036566 1.27676453790627 1.21032668673433 0.895751285366714 1.76496403268538 1.46446899627335 1.31142322183587 1.2073900506366 1.04730053339154 1.6011763876304 1.8607805443462 1.54603400733322 1.65164235443808 1.78200203133747 1.26314515154809 1.41846092697233 1.69629785232246 0.98895291145891 1.63463833625428 0.966272453777492 0.891968443524092 1.26812578062527 1.28837742540054
0.901549860602245 1.52079811715521 1.66793885617517 1.69449878018349 1.45999596174806 0 1.5158936646767 1.55836336500943 1.09259433392435 1.12036836100742 1.16845555067994 1.52872083266266 1.35145068867132 1.77764149312861 1.31303336773999 1.04583448567428 1.21382778207771 1.08850521873683 1.79296266962774 1.81874132319354 1.14952566265129 1.45398148964159 1.84410701156594 1.15581951919012 1.03793776407838 1.48775961925276 1.443437167909 1.64853988820687 1.37008565454744 1.08806303353049
1.2444234630093 1.29731637379155 1.24358749296516 1.03138429229148 1.71141182421707 1.5158936646767 0 1.53207268286496 1.08207388781011 1.44852571631782 1.28969354531728 1.02429937548004 0.983587119262666 1.52066632453352 1.54322707117535 1.37040320807137 1.20561358775012 1.21549814916216 1.36462860764004 1.53077393141575 1.5176069624722 1.80126887070946 1.13247595541179 1.15584616153501 1.71138364775106 1.19857388292439 0.969360872171819 1.04141089250334 1.192867832724 1.64781447150744
1.32282763114199 1.43073192588054 0.951506342506036 1.3440914156381 1.1548650036566 1.55836336500943 1.53207268286496 0 1.04995305114426 1.15025683585554 0.932913984172046 1.67860316811129 1.03875268530101 1.32674544421025 1.17467106925324 1.47356700873934 0.885077601997182 1.83674419880845 1.50018275901675 1.82404473354109 1.62027556216344 1.0361811213661 1.49390496173874 1.06293929275125 1.03028873866424 0.96593771269545 0.990958784008399 1.42726534768008 1.36357270367444 1.10180549626239
0.965959439054132 1.17334224656224 1.488837167155 1.18995833978988 1.27676453790627 1.09259433392435 1.08207388781011 1.04995305114426 0 1.79265148215927 1.10173085518181 1.30472747795284 1.40824231319129 1.61536708287895 1.09382792934775 1.7244700845331 1.4457372513134 0.966654075542465 1.4269647623878 1.56612223945558 0.88744736649096 0.968201544834301 1.61673658806831 1.01045263884589 1.76872264011763 1.54072014265694 1.40791152371094 1.75242848438211 1.38556031999178 1.80454611964524
1.57190787163563 1.30479050450958 1.10949775530025 1.58945162896998 1.21032668673433 1.12036836100742 1.44852571631782 1.15025683585554 1.79265148215927 0 0.908877653768286 1.6717975710053 1.85958216898143 1.5445401200559 1.2641947211232 1.00259459088556 1.02227899758145 1.75665098521858 1.06694562197663 1.21296309563331 1.48644540924579 1.29000901058316 1.04442876344547 1.34088975121267 1.23439076868817 0.933797388337553 1.62728655640967 1.52691383217461 1.78562266402878 1.70618406217545
1.23441088106483 0.99125798791647 1.71868346375413 1.70610116887838 0.895751285366714 1.16845555067994 1.28969354531728 0.932913984172046 1.10173085518181 0.908877653768286 0 1.42447597021237 1.65308777964674 1.39434568583965 1.59470780519769 1.30104741035029 1.73213701974601 1.57589098927565 1.19792348076589 1.56272871093825 1.8116084493231 1.37807918293402 1.42782940086909 1.38161831442267 1.57437610253692 1.74636533227749 1.72559756552801 1.72115652123466 1.57908520102501 1.52122524264269
1.06032239529304 1.33192906877957 1.65870810067281 1.53060215129517 1.76496403268538 1.52872083266266 1.02429937548004 1.67860316811129 1.30472747795284 1.6717975710053 1.42447597021237 0 1.7262716004625 1.54275170434266 1.11527700792067 1.27642408176325 1.58839667821303 0.959349027369171 1.20698119117878 1.79833662789315 1.73135270690545 1.38036715378985 1.28499337355606 1.09200565260835 0.9115719886031 1.61304448219016 1.75274855131283 1.04617481003515 1.35531947412528 1.82546608825214
1.44253327720799 1.51417607301846 1.80793933733366 1.07554418337531 1.46446899627335 1.35145068867132 0.983587119262666 1.03875268530101 1.40824231319129 1.85958216898143 1.65308777964674 1.7262716004625 0 1.48389383940957 1.61890687490813 1.61180365155451 1.0083617689088 0.921552702318877 1.63890269142576 1.60626657959074 1.02092003379948 1.66035267501138 0.964485946111381 0.996449039317667 1.67549743596464 1.12754496303387 0.875252136494964 1.54757689428516 1.09636087389663 1.31653197132982
1.44332987442613 1.83816311880946 1.03760123532265 1.6569332908839 1.31142322183587 1.77764149312861 1.52066632453352 1.32674544421025 1.61536708287895 1.5445401200559 1.39434568583965 1.54275170434266 1.48389383940957 0 1.10394487716258 1.74376778653823 1.62501383968629 1.60915898298845 1.56548186554573 1.35609102505259 1.03306201146916 1.08833272219636 1.06728130788542 1.3701952083502 1.53269290784374 1.49517698865384 1.85386923258193 1.1960577389691 1.25802818289958 1.45555344060995
1.23257761960849 1.17735186009668 1.40855588857085 0.979002957697958 1.2073900506366 1.31303336773999 1.54322707117535 1.17467106925324 1.09382792934775 1.2641947211232 1.59470780519769 1.11527700792067 1.61890687490813 1.10394487716258 0 1.60143609368242 1.15914031700231 1.44235908961855 1.48464929079637 1.19342035078444 1.09650810575113 1.72686398564838 1.17727209697478 1.30228322418407 1.3086073982995 1.86110148392618 1.23894565622322 1.57856528647244 1.24342985567637 1.40134859574027
1.56981879565865 1.76138309808448 1.53296136506833 1.04258210188709 1.04730053339154 1.04583448567428 1.37040320807137 1.47356700873934 1.7244700845331 1.00259459088556 1.30104741035029 1.27642408176325 1.61180365155451 1.74376778653823 1.60143609368242 0 1.03596890647896 1.8191580013372 1.48722335859202 1.34452214324847 1.59414858534001 1.56027389527299 1.14755743532442 1.32711293478496 1.18991146516055 1.35147374356166 1.02114743390121 1.42387152463198 1.3410066915676 1.43473056983203
1.60379264457151 1.50851253210567 1.83658394450322 1.2191044180654 1.6011763876304 1.21382778207771 1.20561358775012 0.885077601997182 1.4457372513134 1.02227899758145 1.73213701974601 1.58839667821303 1.0083617689088 1.62501383968629 1.15914031700231 1.03596890647896 0 1.5745767399203 1.80845317151397 1.05777538148686 1.5167659081053 1.82483435678296 1.84244223707356 1.78495335672051 0.913795176660642 1.23549288022332 1.4650412297342 1.36965477978811 1.77143927314319 1.24859631969593
1.72117480868474 1.73826478654519 1.20096051320434 1.1247636238113 1.8607805443462 1.08850521873683 1.21549814916216 1.83674419880845 0.966654075542465 1.75665098521858 1.57589098927565 0.959349027369171 0.921552702318877 1.60915898298845 1.44235908961855 1.8191580013372 1.5745767399203 0 1.23329221224412 1.55204900028184 1.44902373850346 1.08723020972684 1.67899132752791 0.940885732881725 1.71989019401371 1.8121812811587 1.63151719397865 1.76038940716535 1.07090819161385 1.12488922453485
1.1124863892328 1.3638554350473 1.30966152250767 1.20109363785014 1.54603400733322 1.79296266962774 1.36462860764004 1.50018275901675 1.4269647623878 1.06694562197663 1.19792348076589 1.20698119117878 1.63890269142576 1.56548186554573 1.48464929079637 1.48722335859202 1.80845317151397 1.23329221224412 0 1.2815638796892 1.5424132545013 1.38407334126532 1.43562971660867 1.60451030102558 1.30509352684021 1.46874851221219 1.86098272446543 1.03890729811974 1.54395518521778 0.924480782588944
1.57374231843278 1.11027921084315 0.991351937875152 1.25066761975177 1.65164235443808 1.81874132319354 1.53077393141575 1.82404473354109 1.56612223945558 1.21296309563331 1.56272871093825 1.79833662789315 1.60626657959074 1.35609102505259 1.19342035078444 1.34452214324847 1.05777538148686 1.55204900028184 1.2815638796892 0 0.932586067356169 1.32001011632383 0.878281355602667 1.29538544500247 1.28820294793695 0.932464759564027 1.2100468762219 1.84599223313853 0.977196947205812 1.5235695054289
1.43601920246147 1.74315717420541 1.57928610127419 1.16945238527842 1.78200203133747 1.14952566265129 1.5176069624722 1.62027556216344 0.88744736649096 1.48644540924579 1.8116084493231 1.73135270690545 1.02092003379948 1.03306201146916 1.09650810575113 1.59414858534001 1.5167659081053 1.44902373850346 1.5424132545013 0.932586067356169 0 1.35455879103392 1.02276316797361 1.72081639897078 1.04964079451747 1.56986211752519 1.62067717360333 1.29981437511742 1.63632336584851 1.0158192741219
0.999163111904636 1.45099560613744 1.51588124851696 1.31745314272121 1.26314515154809 1.45398148964159 1.80126887070946 1.0361811213661 0.968201544834301 1.29000901058316 1.37807918293402 1.38036715378985 1.66035267501138 1.08833272219636 1.72686398564838 1.56027389527299 1.82483435678296 1.08723020972684 1.38407334126532 1.32001011632383 1.35455879103392 0 1.43599629355595 1.47142643923871 1.25859004026279 1.59320905967616 1.03421005792916 1.75776604400016 1.72236240981147 1.29316367581487
1.30848229187541 1.70208715391345 1.15971301030368 1.41587833384983 1.41846092697233 1.84410701156594 1.13247595541179 1.49390496173874 1.61673658806831 1.04442876344547 1.42782940086909 1.28499337355606 0.964485946111381 1.06728130788542 1.17727209697478 1.14755743532442 1.84244223707356 1.67899132752791 1.43562971660867 0.878281355602667 1.02276316797361 1.43599629355595 0 1.2016049050726 1.78214866761118 1.7077796633821 1.60272067016922 1.73446317808703 1.73502543545328 1.2998142184224
0.918747885152698 1.80810010293499 0.97923680068925 1.0369979434181 1.69629785232246 1.15581951919012 1.15584616153501 1.06293929275125 1.01045263884589 1.34088975121267 1.38161831442267 1.09200565260835 0.996449039317667 1.3701952083502 1.30228322418407 1.32711293478496 1.78495335672051 0.940885732881725 1.60451030102558 1.29538544500247 1.72081639897078 1.47142643923871 1.2016049050726 0 1.82992279552855 1.00739938626066 1.10450146766379 1.41267604683526 0.942754193907604 1.17182748974301
1.31779690156691 1.24313298030756 1.72520274901763 1.39566588355228 0.98895291145891 1.03793776407838 1.71138364775106 1.03028873866424 1.76872264011763 1.23439076868817 1.57437610253692 0.9115719886031 1.67549743596464 1.53269290784374 1.3086073982995 1.18991146516055 0.913795176660642 1.71989019401371 1.30509352684021 1.28820294793695 1.04964079451747 1.25859004026279 1.78214866761118 1.82992279552855 0 1.24558217730373 0.961529080057517 1.34731153422035 1.25057406583801 1.53184912540019
1.16591828060336 1.17718833265826 1.2302238100674 0.898263877257705 1.63463833625428 1.48775961925276 1.19857388292439 0.96593771269545 1.54072014265694 0.933797388337553 1.74636533227749 1.61304448219016 1.12754496303387 1.49517698865384 1.86110148392618 1.35147374356166 1.23549288022332 1.8121812811587 1.46874851221219 0.932464759564027 1.56986211752519 1.59320905967616 1.7077796633821 1.00739938626066 1.24558217730373 0 1.78189953719266 1.24005425092764 1.76811200613156 1.80322848027572
0.919602522393689 1.30518236709759 1.82188604748808 1.36826500738971 0.966272453777492 1.443437167909 0.969360872171819 0.990958784008399 1.40791152371094 1.62728655640967 1.72559756552801 1.75274855131283 0.875252136494964 1.85386923258193 1.23894565622322 1.02114743390121 1.4650412297342 1.63151719397865 1.86098272446543 1.2100468762219 1.62067717360333 1.03421005792916 1.60272067016922 1.10450146766379 0.961529080057517 1.78189953719266 0 1.52276612562127 1.29761690832675 1.04961483622901
0.965941102709621 1.67462682933547 1.3351457612589 1.72182434704155 0.891968443524092 1.64853988820687 1.04141089250334 1.42726534768008 1.75242848438211 1.52691383217461 1.72115652123466 1.04617481003515 1.54757689428516 1.1960577389691 1.57856528647244 1.42387152463198 1.36965477978811 1.76038940716535 1.03890729811974 1.84599223313853 1.29981437511742 1.75776604400016 1.73446317808703 1.41267604683526 1.34731153422035 1.24005425092764 1.52276612562127 0 1.15319965756498 1.16869626799598
1.62195027898997 1.16383551061153 1.30402103625238 1.8032033641357 1.26812578062527 1.37008565454744 1.192867832724 1.36357270367444 1.38556031999178 1.78562266402878 1.57908520102501 1.35531947412528 1.09636087389663 1.25802818289958 1.24342985567637 1.3410066915676 1.77143927314319 1.07090819161385 1.54395518521778 0.977196947205812 1.63632336584851 1.72236240981147 1.73502543545328 0.942754193907604 1.25057406583801 1.76811200613156 1.29761690832675 1.15319965756498 0 1.70730591774918
1.41072163800709 1.48931134934537 1.57471890840679 1.73861803370528 1.28837742540054 1.08806303353049 1.64781447150744 1.10180549626239 1.80454611964524 1.70618406217545 1.52122524264269 1.82546608825214 1.31653197132982 1.45555344060995 1.40134859574027 1.43473056983203 1.24859631969593 1.12488922453485 0.924480782588944 1.5235695054289 1.0158192741219 1.29316367581487 1.2998142184224 1.17182748974301 1.53184912540019 1.80322848027572 1.04961483622901 1.16869626799598 1.70730591774918 0
