0 1.87570204748772 1.38224563654512 0.993943409994245 1.46214025560766 1.33334488421679 1.55689730495214 1.33948913193308 1.61355736269616 1.59342045616359 1.67245038505644 1.41297323605977 0.969207923626527 1.74046791507863 1.15604836400598 1.21969060925767 1.24556701350957 1.85547727067024 1.27312856609933 1.38163612782955 1.11626410065219 1.32563617662527 1.52554878056981 0.943619914585724 1.2489278789144 1.87568894494325 1.11746033397503 1.03766423766501 1.20950877876021 1.20322501217015
1.87570204748772 0 1.49701317516156 1.83886096719652 1.29416227596812 1.35058753727935 1.90903661656193 1.16555067547597 1.29017601255327 0.970321726053953 1.92680680472404 1.67727925651707 1.15367906657048 1.78346070740372 1.31798288342543 1.52191539783962 1.53357081161812 0.983475171029568 1.70528881112114 1.46535314875655 1.79606836056337 1.38891297089867 1.04329056059942 1.00035827280954 0.982733777025715 0.978149190777913 1.16531139565632 1.26795071037486 1.47467792592943 1.44439331023023
1.38224563654512 1.49701317516156 0 1.83863963047042 1.76983425673097 1.27195075224154 1.43974857754074 1.47069013374858 1.93445121427067 1.22212777496316 1.89017232274637 1.90401333128102 1.63661828869954 1.92363711236976 1.49946771771647 1.56580090895295 1.69766612211242 1.55712558841333 1.74522131192498 1.60611605364829 1.24469986092299 1.87937953136861 1.29676384525374 1.43242707313038 1.26250364305452 1.78644406958483 1.4746933223214 1.83395075146109 1.57483017118648 1.01667688717134
0.993943409994245 1.83886096719652 1.83863963047042 0 1.83377068908885 1.55697922059335 0.971788050374016 1.02279656333849 1.07217847486027 1.57805253029801 1.42129547172226 1.59618640760891 1.29167011822574 1.4134019233752 1.17663043155335 1.17645846237428 1.12436118070036 1.24227710394189 1.59567723446526 1.46643407526426 1.2657669717446 1.53111402527429 1.4250370755326 1.23814854072407 1.44054613634944 0.945249911863357 1.08183627598919 1.37545539089479 1.02770392945968 0.997435608878732
1.46214025560766 1.29416227596812 1.76983425673097 1.83377068908885 0 1.82069290033542 1.92313283029944 1.53745963680558 1.90041420911439 1.32048956071958 1.84343437268399 1.09046357125044 1.89440352772363 1.56764370412566 1.43518844968639 1.20663518318906 1.55302012269385 1.46453413576819 1.80503822723404 1.09132075496018 1.7501242661383 1.46244031772949 1.68554867082275 1.8874444658868 1.4742164844647 1.09527688683011 1.74824771634303 1.92605722509325 1.14193041808903 1.55345869832672
1.33334488421679 1.35058753727935 1.27195075224154 1.55697922059335 1.82069290033542 0 1.72157208574936 1.65540714561939 1.1673130246345 1.30846850085072 1.62576721073128 1.12924626562744 1.10164467291906 1.04643491958268 1.44847114617005 1.81178460363299 1.2874480469618 1.71690230350941 1.08317031455226 1.93423099420033 1.6732955374755 1.03893398330547 0.969158116262406 1.06148678809404 1.25333865755238 1.29756873100996 1.01277645165101 1.68685110053048 0.958808841882274 1.73965105973184
1.55689730495214 1.90903661656193 1.43974857754074 0.971788050374016 1.92313283029944 1.72157208574936 0 1.79387147421949 0.969962497474626 1.23527553328313 1.937020360725 1.15711156418547 1.75910718296655 1.1876361570321 1.49972751829773 1.54544873139821 1.69127903366461 1.67142935772426 1.7830626857467 1.65196910197847 1.0702100826893 0.986428010510281 1.15579661214724 1.59307981445454 0.996622092323378 1.33700443198904 1.9365744041279 1.19955975934863 1.5177474245429 1.18123159976676
1.33948913193308 1.16555067547597 1.47069013374858 1.02279656333849 1.53745963680558 1.65540714561939 1.79387147421949 0 1.60194304445758 1.53192356461659 1.92733626882546 1.23987187305465 1.87396407523192 1.92645771917887 1.31859564268962 1.36093307309784 1.75304916407913 1.68370071030222 1.76549614244141 1.17789803585038 1.79066702676937 1.77901133289561 1.11422256962396 1.11879180325195 1.22326827561483 1.57175080548041 1.27232996746898 1.22889256314375 0.99705500039272 1.86428358755074
1.61355736269616 1.29017601255327 1.93445121427067 1.07217847486027 1.90041420911439 1.1673130246345 0.969962497474626 1.60194304445758 0 1.92317931889556 1.90272068744525 1.88128075492568 1.75938305235468 1.32882927148603 1.62672032718547 1.40160111314617 1.8469341180753 1.6065128815826 1.70164628210478 1.62177962949499 1.50808551162481 1.93610092252493 0.972190059255809 1.50729717826471 1.86355480388738 1.73540671332739 1.66316822380759 1.35580405173823 1.4110980478581 1.55070513300598
1.59342045616359 0.970321726053953 1.22212777496316 1.57805253029801 1.32048956071958 1.30846850085072 1.23527553328313 1.53192356461659 1.92317931889556 0 1.70677058701403 1.92627981258556 1.36930384556763 1.80506071471609 1.26405290234834 1.70649982593022 1.2961630707141 1.64034514757805 1.51562643563375 1.65887842420489 1.28760798159055 1.47884706873447 1.62648322922178 1.06146065914072 1.10104628349654 1.60937797836959 1.03041231795214 1.64515605382621 1.35145192081109 1.46614839043468
1.67245038505644 1.92680680472404 1.89017232274637 1.42129547172226 1.84343437268399 1.62576721073128 1.937020360725 1.92733626882546 1.90272068744525 1.70677058701403 0 1.57637982349843 1.25240159523673 1.13435685634613 1.36338960169815 1.75237737759016 1.13268083124422 1.54653784632683 1.14261460793205 1.53776755137369 1.01792092435062 1.5664444367867 1.52735841553658 1.17863668338396 1.54085726710036 1.66975153097883 1.36471084225923 1.54269145918079 1.50992212421261 1.828201926779
1.41297323605977 1.67727925651707 1.90401333128102 1.59618640760891 1.09046357125044 1.12924626562744 1.15711156418547 1.23987187305465 1.88128075492568 1.92627981258556 1.57637982349843 0 1.09530336852185 1.37331648124382 1.43320494773798 1.59599882434122 1.76992497663014 1.44823560281657 1.73225650237873 1.7661250079982 1.89350475929677 1.17445032391697 1.23095812136307 1.13982510915957 1.47858763230033 1.59961392474361 1.13165003550239 1.85232227435336 1.16144581348635 1.74376015365124
0.969207923626527 1.15367906657048 1.63661828869954 1.29167011822574 1.89440352772363 1.10164467291906 1.75910718296655 1.87396407523192 1.75938305235468 1.36930384556763 1.25240159523673 1.09530336852185 0 1.71252592466772 1.38440694659948 1.34081521676853 0.992271847091615 1.48138184892014 1.44640845945105 1.63789681391791 1.84238605061546 0.98420164687559 1.1638068347238 1.54031308111735 1.86916847666726 1.89280788996257 1.89782266807742 1.74053863133304 1.13180705020204 1.62159587722272
1.74046791507863 1.78346070740372 1.92363711236976 1.4134019233752 1.56764370412566 1.04643491958268 1.1876361570321 1.92645771917887 1.32882927148603 1.80506071471609 1.13435685634613 1.37331648124382 1.71252592466772 0 1.00918903574347 1.89633826632053 1.67271166224964 1.17128493101336 1.79210792388767 1.18997046351433 1.74402780248784 1.5961315294262 1.90424798103049 1.10279937135056 1.00957632460631 1.82038352033123 0.996474020415917 1.2940718929749 1.8646318751853 1.45293555501848
1.15604836400598 1.31798288342543 1.49946771771647 1.17663043155335 1.43518844968639 1.44847114617005 1.49972751829773 1.31859564268962 1.62672032718547 1.26405290234834 1.36338960169815 1.43320494773798 1.38440694659948 1.00918903574347 0 1.52176102157682 1.68793931626715 1.26067110151052 1.05528363538906 1.2816463932395 1.52595936250873 1.14710594760254 0.968982976861298 1.33378074318171 1.14972276217304 1.88283949531615 1.68688032729551 1.84631060133688 1.12763859168626 1.67318077548407
1.21969060925767 1.52191539783962 1.56580090895295 1.17645846237428 1.20663518318906 1.81178460363299 1.54544873139821 1.36093307309784 1.40160111314617 1.70649982593022 1.75237737759016 1.59599882434122 1.34081521676853 1.89633826632053 1.52176102157682 0 1.77523815981112 1.68223702535033 1.90890915528871 1.78818994318135 1.65686830040067 0.941469130804762 1.22498241695575 1.50391569174826 1.70187777490355 1.52302532363683 1.86891860119067 1.42825582204387 1.38561864756048 1.67578799393959
1.24556701350957 1.53357081161812 1.69766612211242 1.12436118070036 1.55302012269385 1.2874480469618 1.69127903366461 1.75304916407913 1.8469341180753 1.2961630707141 1.13268083124422 1.76992497663014 0.992271847091615 1.67271166224964 1.68793931626715 1.77523815981112 0 1.71906788414344 1.3126982008107 1.79831340187229 1.36178749520332 1.0842178594321 1.13855214952491 1.83893451699987 1.38191223726608 1.91420077485964 1.46041954401881 1.8349080926273 1.2360890598502 1.02255824720487
1.85547727067024 0.983475171029568 1.55712558841333 1.24227710394189 1.46453413576819 1.71690230350941 1.67142935772426 1.68370071030222 1.6065128815826 1.64034514757805 1.54653784632683 1.44823560281657 1.48138184892014 1.17128493101336 1.26067110151052 1.68223702535033 1.71906788414344 0 1.74722762801684 1.28641391010024 1.87963221920654 1.0092135714367 1.08347153034993 1.17330744094215 1.54007454565726 1.49038445227779 0.972105491207913 1.93194137653336 1.88626314792782 1.18515508715063
1.27312856609933 1.70528881112114 1.74522131192498 1.59567723446526 1.80503822723404 1.08317031455226 1.7830626857467 1.76549614244141 1.70164628210478 1.51562643563375 1.14261460793205 1.73225650237873 1.44640845945105 1.79210792388767 1.05528363538906 1.90890915528871 1.3126982008107 1.74722762801684 0 1.84212773246691 1.49557921732776 1.53069100319408 1.75099164340645 1.35358793265186 1.09324851166457 1.79057077597827 1.20665215468034 1.84941197605804 1.17235742043704 1.24872860265896
1.38163612782955 1.46535314875655 1.60611605364829 1.46643407526426 1.09132075496018 1.93423099420033 1.65196910197847 1.17789803585038 1.62177962949499 1.65887842420489 1.53776755137369 1.7661250079982 1.63789681391791 1.18997046351433 1.2816463932395 1.78818994318135 1.79831340187229 1.28641391010024 1.84212773246691 0 1.14309899858199 1.25716704386286 1.14041377790272 1.23514324612916 0.986047983635217 1.5333127642516 1.38147609238513 1.26617173640989 1.2837596742902 1.36209768778645
1.11626410065219 1.79606836056337 1.24469986092299 1.2657669717446 1.7501242661383 1.6732955374755 1.0702100826893 1.79066702676937 1.50808551162481 1.28760798159055 1.01792092435062 1.89350475929677 1.84238605061546 1.74402780248784 1.52595936250873 1.65686830040067 1.36178749520332 1.87963221920654 1.49557921732776 1.14309899858199 0 1.91655528033152 1.90822983486578 1.72478438541293 1.47345719090663 1.13941325526685 1.51939355349168 1.77135121705942 0.952295948285609 1.07361592492089
1.32563617662527 1.38891297089867 1.87937953136861 1.53111402527429 1.46244031772949 1.03893398330547 0.986428010510281 1.77901133289561 1.93610092252493 1.47884706873447 1.5664444367867 1.17445032391697 0.98420164687559 1.5961315294262 1.14710594760254 0.941469130804762 1.0842178594321 1.0092135714367 1.53069100319408 1.25716704386286 1.91655528033152 0 0.96391086326912 1.37270074267872 1.92616083333269 1.33686320250854 1.86679191002622 1.51457489072345 1.68919252674095 1.53095610719174
1.52554878056981 1.04329056059942 1.29676384525374 1.4250370755326 1.68554867082275 0.969158116262406 1.15579661214724 1.11422256962396 0.972190059255809 1.62648322922178 1.52735841553658 1.23095812136307 1.1638068347238 1.90424798103049 0.968982976861298 1.22498241695575 1.13855214952491 1.08347153034993 1.75099164340645 1.14041377790272 1.90822983486578 0.96391086326912 0 1.54158522421494 1.24076559348032 1.61528082797304 1.30096689704806 1.09782097791322 1.59968301281333 1.18631903384812
0.943619914585724 1.00035827280954 1.43242707313038 1.23814854072407 1.8874444658868 1.06148678809404 1.59307981445454 1.11879180325195 1.50729717826471 1.06146065914072 1.17863668338396 1.13982510915957 1.54031308111735 1.10279937135056 1.33378074318171 1.50391569174826 1.83893451699987 1.17330744094215 1.35358793265186 1.23514324612916 1.72478438541293 1.37270074267872 1.54158522421494 0 0.944601200986654 1.66837310418487 1.53995053656399 1.10030485549942 1.63838247139938 1.79688526247628
1.2489278789144 0.982733777025715 1.26250364305452 1.44054613634944 1.4742164844647 1.25333865755238 0.996622092323378 1.22326827561483 1.86355480388738 1.10104628349654 1.54085726710036 1.47858763230033 1.86916847666726 1.00957632460631 1.14972276217304 1.70187777490355 1.38191223726608 1.54007454565726 1.09324851166457 0.986047983635217 1.47345719090663 1.92616083333269 1.24076559348032 0.944601200986654 0 1.56945681618527 1.31497356202453 0.985785391181707 0.949737967923284 1.70511243818328
1.87568894494325 0.978149190777913 1.78644406958483 0.945249911863357 1.09527688683011 1.29756873100996 1.33700443198904 1.57175080548041 1.73540671332739 1.60937797836959 1.66975153097883 1.59961392474361 1.89280788996257 1.82038352033123 1.88283949531615 1.52302532363683 1.91420077485964 1.49038445227779 1.79057077597827 1.5333127642516 1.13941325526685 1.33686320250854 1.61528082797304 1.66837310418487 1.56945681618527 0 1.79176522186026 1.85513346246444 1.87037643184885 1.11573742190376
1.11746033397503 1.16531139565632 1.4746933223214 1.08183627598919 1.74824771634303 1.01277645165101 1.9365744041279 1.27232996746898 1.66316822380759 1.03041231795214 1.36471084225923 1.13165003550239 1.89782266807742 0.996474020415917 1.68688032729551 1.86891860119067 1.46041954401881 0.972105491207913 1.20665215468034 1.38147609238513 1.51939355349168 1.86679191002622 1.30096689704806 1.53995053656399 1.31497356202453 1.79176522186026 0 1.63591557065956 1.43167386110872 1.20736162271351
1.03766423766501 1.26795071037486 1.83395075146109 1.37545539089479 1.92605722509325 1.68685110053048 1.19955975934863 1.22889256314375 1.35580405173823 1.64515605382621 1.54269145918079 1.85232227435336 1.74053863133304 1.2940718929749 1.84631060133688 1.42825582204387 1.8349080926273 1.93194137653336 1.84941197605804 1.26617173640989 1.77135121705942 1.51457489072345 1.09782097791322 1.10030485549942 0.985785391181707 1.85513346246444 1.63591557065956 0 1.82974955905229 1.8137784160208
1.20950877876021 1.47467792592943 1.57483017118648 1.02770392945968 1.14193041808903 0.958808841882274 1.5177474245429 0.99705500039272 1.4110980478581 1.35145192081109 1.50992212421261 1.16144581348635 1.13180705020204 1.8646318751853 1.12763859168626 1.38561864756048 1.2360890598502 1.88626314792782 1.17235742043704 1.2837596742902 0.952295948285609 1.68919252674095 1.59968301281333 1.63838247139938 0.949737967923284 1.87037643184885 1.43167386110872 1.82974955905229 0 1.75866509857588
1.20322501217015 1.44439331023023 1.01667688717134 0.997435608878732 1.55345869832672 1.73965105973184 1.18123159976676 1.86428358755074 1.55070513300598 1.46614839043468 1.828201926779 1.74376015365124 1.62159587722272 1.45293555501848 1.67318077548407 1.67578799393959 1.02255824720487 1.18515508715063 1.24872860265896 1.36209768778645 1.07361592492089 1.53095610719174 1.18631903384812 1.79688526247628 1.70511243818328 1.11573742190376 1.20736162271351 1.8137784160208 1.75866509857588 0
