0 1.5794735616073 0.963620495749637 1.12168121826835 1.67330744187348 1.84244611952454 1.51468960568309 1.00026827258989 1.43640025705099 1.74447150784545 1.28548879781738 1.22824134817347 1.9107971591875 1.29714677180164 1.71115004969761 0.995871287537739 1.85029048845172 1.31396501534618 1.07374974037521 1.50558750983328 1.8504413405899 1.04087111609988 1.08730563241988 1.53895841562189 1.2468243886251 1.08358248439617 1.42473264294676 1.42886780784465 1.56976452865638 1.83302194694988
1.5794735616073 0 1.52489322051406 1.28136690543033 1.26582269207574 1.72248543426394 1.84947802685201 1.63292454276234 1.86991691752337 1.4613469731994 1.5749249169603 1.83202825114131 1.69978683884256 1.06247375672683 0.99944944656454 1.78358851466328 1.76877570850775 1.2887013128493 1.2656576379668 1.94350725645199 1.16399926692247 1.41425153100863 1.65019334293902 1.28262850223109 1.66880215494893 1.64623651467264 1.48950893944129 1.8324788545724 1.3811067068018 1.08650783728808
0.963620495749637 1.52489322051406 0 1.63480564160272 1.22539886157028 1.14441881491803 1.01227247761562 1.51792883756571 1.5049535818398 1.69589434051886 0.989054542500526 1.0926518321503 1.02495293086395 1.60954446159303 1.89771141204983 1.94658439862542 1.30172215308994 1.00415285676718 1.73071881965734 1.37639629398473 1.75177683774382 1.79048425634392 1.90000200341456 1.56968995253555 1.02893525618128 1.59428849094547 1.85057776840404 1.83051125495695 1.85420955927111 0.985550983808935
1.12168121826835 1.28136690543033 1.63480564160272 0 0.978810727130622 1.90274571627378 1.25216755107976 1.82095376728103 1.35938773234375 1.5837460947223 0.952048127306625 1.0948297563009 1.32091554626822 1.21586901578121 1.46626324323006 1.8574509145692 1.88448915118352 1.77221579337493 1.18644966441207 1.79248279286548 1.59645628952421 1.40838789218105 1.40273681189865 1.62001782958396 1.52533017168753 1.64900417462923 1.13236442347988 1.36418814607896 1.50261183083057 1.39266414451413
1.67330744187348 1.26582269207574 1.22539886157028 0.978810727130622 0 1.70136761851609 1.79340630280785 1.29369594645686 1.0140511081554 1.15681723854505 1.14152429089881 0.993176011368632 1.73595824884251 1.60932802711613 0.979862657142803 1.54010647232644 1.408581253374 1.31407568859868 1.20375917712227 1.48683623457327 1.43132165656425 1.61959031550214 1.1066697658971 1.02001545135863 1.48984735226259 1.78136291867122 1.47100254334509 1.87164684012532 1.05550625827163 1.87492038612254
1.84244611952454 1.72248543426394 1.14441881491803 1.90274571627378 1.70136761851609 0 1.481560068205 1.316925882129 1.27124461019412 1.54954612720758 1.70972954109311 1.76584518165328 1.54581855190918 0.978332314174622 1.05116879357956 1.2398618243169 1.41548553551547 1.32456855056807 1.77206124435179 1.77689662505873 1.03884376073256 1.92590403463691 1.8539150590077 1.32475351239555 1.39316347730346 1.40985165769234 0.961159405531362 1.93277359753847 1.17086220066994 1.22300051781349
1.51468960568309 1.84947802685201 1.01227247761562 1.25216755107976 1.79340630280785 1.481560068205 0 1.14614649303257 1.36314847576432 1.74449178855866 1.10482929600403 1.74202743731439 1.07378994696774 1.69659533142112 1.78043421986513 1.14454477280378 1.87259468645789 1.21548152761534 1.26815133565105 1.00690243556164 1.15704464819282 1.27055151690729 1.49068251391873 1.66365501913242 1.49300034437329 1.45272525190376 1.60596442432143 1.31755128549412 1.10208987584338 1.29174867575057
1.00026827258989 1.63292454276234 1.51792883756571 1.82095376728103 1.29369594645686 1.316925882129 1.14614649303257 0 1.53766262927093 1.20596093893982 1.54676588415168 1.9361778057646 1.77360829431564 1.90992061793804 1.76813668105751 1.62535485625267 1.50881885527633 1.81987157696858 1.72381703415886 1.55914623965509 1.48182055889629 1.61320547852665 1.18029720429331 1.16876792046241 1.77501406800002 1.03743222914636 1.27431728853844 1.8364189339336 1.62195818964392 1.66739154770039
1.43640025705099 1.86991691752337 1.5049535818398 1.35938773234375 1.0140511081554 1.27124461019412 1.36314847576432 1.53766262927093 0 1.23992897383869 1.52305111614987 1.32221841532737 1.37406605482101 1.76398053742014 1.65165124018677 1.70064693479799 1.27242395165376 1.00579913635738 1.3200209941715 1.28035627212375 1.66622742405161 1.64600144978613 1.91548348101787 1.06157523812726 1.3056941642426 0.954447696451098 1.91660328069702 1.19068040885031 1.45131902908906 1.08652918506414
1.74447150784545 1.4613469731994 1.69589434051886 1.5837460947223 1.15681723854505 1.54954612720758 1.74449178855866 1.20596093893982 1.23992897383869 0 1.74274550215341 1.5137408899609 1.43722964986227 1.01612134440802 0.984261623118073 1.05528650875203 1.54485213477165 1.74822247028351 1.42880272865295 1.02179253450595 1.25268541788682 1.1194742359221 1.50129159027711 1.48851458681747 0.951453804736957 1.31597274495289 1.18663552962244 1.23768695793115 1.9078712798655 1.35750272450969
1.28548879781738 1.5749249169603 0.989054542500526 0.952048127306625 1.14152429089881 1.70972954109311 1.10482929600403 1.54676588415168 1.52305111614987 1.74274550215341 0 1.22930709528737 1.0113428926561 1.79202377120964 1.05386977992021 0.962335058487952 1.79918160871603 1.69558771699667 1.89132605283521 1.21123731392436 1.05233741179109 1.37783651193604 1.02971413522027 1.60955068189651 1.70945338578895 1.80581250693649 1.10943028051406 1.71554312994704 1.21035699779168 1.38726741191931
1.22824134817347 1.83202825114131 1.0926518321503 1.0948297563009 0.993176011368632 1.76584518165328 1.74202743731439 1.9361778057646 1.32221841532737 1.5137408899609 1.22930709528737 0 1.89789686352015 1.02148366603069 1.15755143668503 1.43851514090784 1.09162095119245 1.88583614164963 1.40323586878367 1.29875114513561 1.68067237385549 1.07788787316531 1.43859500368126 1.63460488524288 1.53569685854018 1.89324169699103 1.34738473431207 1.01452193642035 1.85855786781758 1.26189965964295
1.9107971591875 1.69978683884256 1.02495293086395 1.32091554626822 1.73595824884251 1.54581855190918 1.07378994696774 1.77360829431564 1.37406605482101 1.43722964986227 1.0113428926561 1.89789686352015 0 1.13521456252784 1.0817197416909 1.37643530149944 1.34705698047765 1.40915907127783 1.50078570772894 1.62853934173472 1.75725155440159 1.93941972847097 1.50223551061936 1.61114521324635 1.01133754500188 1.69966981350444 1.14844682533294 1.06887312442996 1.223593584029 1.27917653485201
1.29714677180164 1.06247375672683 1.60954446159303 1.21586901578121 1.60932802711613 0.978332314174622 1.69659533142112 1.90992061793804 1.76398053742014 1.01612134440802 1.79202377120964 1.02148366603069 1.13521456252784 0 1.6816929592751 1.6851329782512 1.0286742397584 1.65831963322125 1.64263599389233 1.42219937616028 1.38820545561612 1.61388046038337 1.31067634560168 1.44549972889945 1.46432298817672 1.28430882887915 0.964541506720707 1.52133397152647 1.0315605616197 1.25305564212613
1.71115004969761 0.99944944656454 1.89771141204983 1.46626324323006 0.979862657142803 1.05116879357956 1.78043421986513 1.76813668105751 1.65165124018677 0.984261623118073 1.05386977992021 1.15755143668503 1.0817197416909 1.6816929592751 0 1.91934654302895 1.64095736248419 1.2255355741363 1.08205083408393 1.01395932096057 1.13961278391071 1.53469686233439 1.75906039983965 1.09617040771991 1.08928391989321 1.66559279989451 1.85428498405963 1.00691512017511 1.39418518543243 1.3199051390402
0.995871287537739 1.78358851466328 1.94658439862542 1.8574509145692 1.54010647232644 1.2398618243169 1.14454477280378 1.62535485625267 1.70064693479799 1.05528650875203 0.962335058487952 1.43851514090784 1.37643530149944 1.6851329782512 1.91934654302895 0 1.53784567303956 1.22262081713416 1.85238787066191 1.73341809143312 1.72903612465598 1.1354550246615 1.39475673460402 1.38377560209483 1.73611071123742 1.12786444439553 1.21208424586803 1.84338971273974 1.19957884796895 1.65291822841391
1.85029048845172 1.76877570850775 1.30172215308994 1.88448915118352 1.408581253374 1.41548553551547 1.87259468645789 1.50881885527633 1.27242395165376 1.54485213477165 1.79918160871603 1.09162095119245 1.34705698047765 1.0286742397584 1.64095736248419 1.53784567303956 0 1.53514864924364 1.87266453774646 1.23641391447745 1.90477119456045 1.87939258129336 1.63684788555838 1.16793197370134 1.40299868304282 1.51900918129832 1.31401926255785 0.963974568527192 1.89532131748274 1.27803051657975
1.31396501534618 1.2887013128493 1.00415285676718 1.77221579337493 1.31407568859868 1.32456855056807 1.21548152761534 1.81987157696858 1.00579913635738 1.74822247028351 1.69558771699667 1.88583614164963 1.40915907127783 1.65831963322125 1.2255355741363 1.22262081713416 1.53514864924364 0 1.6829780980479 1.67987194447778 1.42813970264979 1.41077352617867 1.21411746693775 1.7607463686727 1.11192624340765 1.51502571860328 1.58963326108642 1.53974060923792 1.31442923820578 1.16265797056258
1.07374974037521 1.2656576379668 1.73071881965734 1.18644966441207 1.20375917712227 1.77206124435179 1.26815133565105 1.72381703415886 1.3200209941715 1.42880272865295 1.89132605283521 1.40323586878367 1.50078570772894 1.64263599389233 1.08205083408393 1.85238787066191 1.87266453774646 1.6829780980479 0 1.52722418331541 1.68909267685376 1.61640567448922 1.72605671617202 1.50034751230851 1.72635761159472 1.46957561490126 1.061785208527 1.90162700344808 1.19813555222936 1.29060812084936
1.50558750983328 1.94350725645199 1.37639629398473 1.79248279286548 1.48683623457327 1.77689662505873 1.00690243556164 1.55914623965509 1.28035627212375 1.02179253450595 1.21123731392436 1.29875114513561 1.62853934173472 1.42219937616028 1.01395932096057 1.73341809143312 1.23641391447745 1.67987194447778 1.52722418331541 0 0.981548136798665 1.28575908020139 1.26565288146958 1.05572422174737 1.02644165372476 0.960617155535147 1.65994003647938 1.83349403273314 1.11674191057682 1.25735468720086
1.8504413405899 1.16399926692247 1.75177683774382 1.59645628952421 1.43132165656425 1.03884376073256 1.15704464819282 1.48182055889629 1.66622742405161 1.25268541788682 1.05233741179109 1.68067237385549 1.75725155440159 1.38820545561612 1.13961278391071 1.72903612465598 1.90477119456045 1.42813970264979 1.68909267685376 0.981548136798665 0 1.64839166402817 1.02277201181278 1.72497400105931 1.15895253396593 1.94216529233381 1.47462058905512 1.31433549290523 1.75877615832724 1.81876303418539
1.04087111609988 1.41425153100863 1.79048425634392 1.40838789218105 1.61959031550214 1.92590403463691 1.27055151690729 1.61320547852665 1.64600144978613 1.1194742359221 1.37783651193604 1.07788787316531 1.93941972847097 1.61388046038337 1.53469686233439 1.1354550246615 1.87939258129336 1.41077352617867 1.61640567448922 1.28575908020139 1.64839166402817 0 1.19540745671839 1.18708411091939 1.62807013350539 0.966818377841264 1.50167599809356 1.25698586809449 1.42054512840696 1.31432317383587
1.08730563241988 1.65019334293902 1.90000200341456 1.40273681189865 1.1066697658971 1.8539150590077 1.49068251391873 1.18029720429331 1.91548348101787 1.50129159027711 1.02971413522027 1.43859500368126 1.50223551061936 1.31067634560168 1.75906039983965 1.39475673460402 1.63684788555838 1.21411746693775 1.72605671617202 1.26565288146958 1.02277201181278 1.19540745671839 0 0.996883212355897 1.82903217780404 1.64219103148207 1.33444044506177 1.8603031646926 1.64273427752778 1.05500851455145
1.53895841562189 1.28262850223109 1.56968995253555 1.62001782958396 1.02001545135863 1.32475351239555 1.66365501913242 1.16876792046241 1.06157523812726 1.48851458681747 1.60955068189651 1.63460488524288 1.61114521324635 1.44549972889945 1.09617040771991 1.38377560209483 1.16793197370134 1.7607463686727 1.50034751230851 1.05572422174737 1.72497400105931 1.18708411091939 0.996883212355897 0 1.14565782691352 1.16712145926431 1.49299647565931 1.69287445233203 1.54896446480416 1.30414415895939
1.2468243886251 1.66880215494893 1.02893525618128 1.52533017168753 1.48984735226259 1.39316347730346 1.49300034437329 1.77501406800002 1.3056941642426 0.951453804736957 1.70945338578895 1.53569685854018 1.01133754500188 1.46432298817672 1.08928391989321 1.73611071123742 1.40299868304282 1.11192624340765 1.72635761159472 1.02644165372476 1.15895253396593 1.62807013350539 1.82903217780404 1.14565782691352 0 1.16440146625973 0.987135365139693 1.04672302724794 1.94311997201294 1.09041505912319
1.08358248439617 1.64623651467264 1.59428849094547 1.64900417462923 1.78136291867122 1.40985165769234 1.45272525190376 1.03743222914636 0.954447696451098 1.31597274495289 1.80581250693649 1.89324169699103 1.69966981350444 1.28430882887915 1.66559279989451 1.12786444439553 1.51900918129832 1.51502571860328 1.46957561490126 0.960617155535147 1.94216529233381 0.966818377841264 1.64219103148207 1.16712145926431 1.16440146625973 0 1.71438589761965 1.17828120640479 1.51402792008594 1.30179293081164
1.42473264294676 1.48950893944129 1.85057776840404 1.13236442347988 1.47100254334509 0.961159405531362 1.60596442432143 1.27431728853844 1.91660328069702 1.18663552962244 1.10943028051406 1.34738473431207 1.14844682533294 0.964541506720707 1.85428498405963 1.21208424586803 1.31401926255785 1.58963326108642 1.061785208527 1.65994003647938 1.47462058905512 1.50167599809356 1.33444044506177 1.49299647565931 0.987135365139693 1.71438589761965 0 1.47570114256814 1.74451297568157 1.69711600034498
1.42886780784465 1.8324788545724 1.83051125495695 1.36418814607896 1.87164684012532 1.93277359753847 1.31755128549412 1.8364189339336 1.19068040885031 1.23768695793115 1.71554312994704 1.01452193642035 1.06887312442996 1.52133397152647 1.00691512017511 1.84338971273974 0.963974568527192 1.53974060923792 1.90162700344808 1.83349403273314 1.31433549290523 1.25698586809449 1.8603031646926 1.69287445233203 1.04672302724794 1.17828120640479 1.47570114256814 0 1.07969922712073 0.978982917731628
1.56976452865638 1.3811067068018 1.85420955927111 1.50261183083057 1.05550625827163 1.17086220066994 1.10208987584338 1.62195818964392 1.45131902908906 1.9078712798655 1.21035699779168 1.85855786781758 1.223593584029 1.0315605616197 1.39418518543243 1.19957884796895 1.89532131748274 1.31442923820578 1.19813555222936 1.11674191057682 1.75877615832724 1.42054512840696 1.64273427752778 1.54896446480416 1.94311997201294 1.51402792008594 1.74451297568157 1.07969922712073 0 1.91734676808119
1.83302194694988 1.08650783728808 0.985550983808935 1.39266414451413 1.87492038612254 1.22300051781349 1.29174867575057 1.66739154770039 1.08652918506414 1.35750272450969 1.38726741191931 1.26189965964295 1.27917653485201 1.25305564212613 1.3199051390402 1.65291822841391 1.27803051657975 1.16265797056258 1.29060812084936 1.25735468720086 1.81876303418539 1.31432317383587 1.05500851455145 1.30414415895939 1.09041505912319 1.30179293081164 1.69711600034498 0.978982917731628 1.91734676808119 0
