0 1.22632513777353 1.53342711902224 1.9460482490249 1.49716186802834 1.16272737458348 1.11696771159768 1.30777731235139 1.14082626299933 1.34800820029341 1.17986959242262 1.738809177652 1.33136249007657 1.05374258523807 1.32850766251795 1.00594957964495 1.62639761832543 1.24146514618769 1.78021369781345 1.65049998206086 1.15632082219236 1.60758642689325 1.17433820432052 1.10943387076259 0.972393018892035 1.75122931739315 1.91326220915653 1.48821182409301 1.52927200403064 1.34081928245723
1.22632513777353 0 1.61657882411964 1.3450285512954 1.89324667258188 1.23915392742492 1.6072547128424 1.69557971181348 1.76166410394944 1.33017865219153 1.25781626277603 1.64477838017046 1.13862570305355 1.4960091826506 1.41966508910991 1.75003880821168 1.38656514394097 1.42242676950991 1.49047007202171 1.73016002262011 1.14645616780035 1.24604996456765 1.07669285382144 1.55212200130336 1.81113215140067 1.24173408001661 1.32541791978292 1.43468449870124 1.94564554304816 1.6191739696078
1.53342711902224 1.61657882411964 0 1.8533453210257 1.5859945542179 1.29808082105592 1.76637584879063 1.3251345125027 1.69597148010507 1.84945741924457 1.37505726749077 1.82150487834588 1.76613681693561 1.07689094217494 1.0888371579349 1.40619787015021 1.06779527082108 1.89241305901669 1.02109868242405 1.57651760824956 1.09681736002676 1.51793351746164 1.84674495365471 1.93064081831835 1.30116784921847 1.58496396313421 1.80337321967818 1.24338360480033 1.10174983879551 1.77847660868429
1.9460482490249 1.3450285512954 1.8533453210257 0 1.74861324229278 1.06167055643164 1.75465900683776 1.01210393197834 1.88989057042636 0.95483089145273 1.69376340694726 1.94594795699231 1.55610704584979 1.58327023405582 1.52167984400876 1.80930193839595 1.08237366634421 1.85759218060412 1.2034267957788 0.974045260576531 1.77257739962079 1.8704742633272 1.75996433454566 1.11550250649452 1.77258729329333 1.91178436693735 1.24754088348709 1.62290544505231 1.71406996389851 0.954250080045313
1.49716186802834 1.89324667258188 1.5859945542179 1.74861324229278 0 0.960588918766007 1.61724168132059 1.85808313428424 1.03724081953987 1.14488247269765 1.83997025713325 1.48397643864155 1.38867431692779 1.30202679871581 1.92202962026931 1.49080270295963 1.36008689482696 1.30069205630571 1.92645174986683 1.75769515661523 1.95250733406283 1.31144781480543 1.14533655508421 1.29989215219393 0.999469988746569 1.52527276240289 1.48505229176953 1.21967076952569 1.55455001397058 1.79375128028914
1.16272737458348 1.23915392742492 1.29808082105592 1.06167055643164 0.960588918766007 0 1.09142967616208 1.73669241997413 1.47270218213089 1.63184175686911 1.59227672964334 1.92076843278483 1.87563302717172 1.26190676912665 1.62129303719848 1.06768991611898 0.955392221454531 1.90860884031281 1.80809342768043 1.11955611687154 1.17438503704034 1.29346062615514 1.8560296765063 1.20351483556442 1.37132278643548 1.411116134841 1.43860965105705 1.10295793740079 1.20166374300607 1.20027292380109
1.11696771159768 1.6072547128424 1.76637584879063 1.75465900683776 1.61724168132059 1.09142967616208 0 0.975722739472985 1.24953045137227 1.59492372698151 1.79279930167831 1.54452185193077 1.37330622877926 1.73759057186544 1.88161006569862 1.43339100130834 1.14386326447129 1.16853691358119 1.83413944602944 1.90105755953118 1.35232053743675 1.4848815461155 1.23050419986248 1.04499425855465 1.71419502189383 1.30327548505738 0.96222305111587 1.6908437886741 1.82665513595566 1.41842937236652
1.30777731235139 1.69557971181348 1.3251345125027 1.01210393197834 1.85808313428424 1.73669241997413 0.975722739472985 0 1.90544994710945 1.44273757725023 1.40347901033238 1.41106502502225 1.65164122986607 1.93038236978464 1.76022735261358 1.77034155116417 1.12140843947418 1.36733720637858 1.18065322702751 1.72190096904524 1.22855598689057 1.68018462415785 1.39842849597335 1.13031023717485 1.8797542473767 1.11164830811322 1.15331014082767 0.975756855215877 1.73835945408791 1.58104155655019
1.14082626299933 1.76166410394944 1.69597148010507 1.88989057042636 1.03724081953987 1.47270218213089 1.24953045137227 1.90544994710945 0 1.53791992529295 0.970798885682598 1.36944173998199 1.58560150838457 1.14714284869842 1.71529637789354 1.6425600098446 1.07499215612188 1.3379128659144 1.87942079943605 1.02633395395242 1.68986719357781 1.2710522711277 1.45120356488042 1.46962873404846 1.4759827144444 1.56367088505067 1.73579229647294 1.29986970126629 1.77663460606709 1.72501399437897
1.34800820029341 1.33017865219153 1.84945741924457 0.95483089145273 1.14488247269765 1.63184175686911 1.59492372698151 1.44273757725023 1.53791992529295 0 1.35310211684555 1.58030300028622 1.52086713444442 1.05263480683789 1.53008686075918 1.79177438770421 1.55135626671836 1.39677939238027 1.41223182738759 1.56659832713194 1.40470725437626 1.77632059459575 1.84617915167473 1.05078141973354 1.04574530245736 1.49057775805704 1.36410874896683 1.88462535827421 1.5441570871044 0.992076800903305
1.17986959242262 1.25781626277603 1.37505726749077 1.69376340694726 1.83997025713325 1.59227672964334 1.79279930167831 1.40347901033238 0.970798885682598 1.35310211684555 0 1.7146735729184 1.68594719585963 1.08283886453137 1.58649025950581 1.47349228244275 1.29460443044081 1.47310676262714 1.68518603849225 1.91289509530179 1.25708641344681 1.7092398465611 1.12681760918349 1.34419992868789 1.05169933545403 1.38570526172407 1.85955687472597 1.28265079809353 1.49414562410675 0.992464734707028
1.738809177652 1.64477838017046 1.82150487834588 1.94594795699231 1.48397643864155 1.92076843278483 1.54452185193077 1.41106502502225 1.36944173998199 1.58030300028622 1.7146735729184 0 1.71130482829176 1.41328015155159 1.69533863733523 1.69206961640157 1.72169572394341 1.61085429601371 1.40082571073435 1.57053459947929 1.60513864643872 1.93074892950244 1.2253833077848 1.20656286878511 1.48171921749599 1.79679429973476 1.6228912784718 0.997512276517227 1.41072250483558 1.36258742003702
1.33136249007657 1.13862570305355 1.76613681693561 1.55610704584979 1.38867431692779 1.87563302717172 1.37330622877926 1.65164122986607 1.58560150838457 1.52086713444442 1.68594719585963 1.71130482829176 0 1.93408846622333 1.8237789652776 1.51936084101908 1.4563848732505 1.42402283544652 1.44504220178351 1.79226803570054 1.78509848122485 1.92099393415265 1.5489065751899 1.17176389158703 1.89181991736405 0.96014972939156 1.92136927251704 1.25374912447296 1.78807645500638 1.23373955162242
1.05374258523807 1.4960091826506 1.07689094217494 1.58327023405582 1.30202679871581 1.26190676912665 1.73759057186544 1.93038236978464 1.14714284869842 1.05263480683789 1.08283886453137 1.41328015155159 1.93408846622333 0 1.22122026258148 0.975687580183148 1.01413789764047 1.47568599553779 1.07488342374563 1.26910254801624 1.8937754787039 1.34288816107437 0.958635453600436 1.55903371307068 1.76965998648666 1.35879542143084 1.33415662357584 1.84732663515024 1.68946251273155 1.49947723769583
1.32850766251795 1.41966508910991 1.0888371579349 1.52167984400876 1.92202962026931 1.62129303719848 1.88161006569862 1.76022735261358 1.71529637789354 1.53008686075918 1.58649025950581 1.69533863733523 1.8237789652776 1.22122026258148 0 1.06198998913169 1.47319438075647 1.2844053437002 1.08285750704817 0.953496755100787 1.27291419683024 1.85305057233199 1.94890921167098 1.3245674490463 1.75914074154571 0.96406852430664 1.67340624495409 1.70837709098123 1.32418775325641 1.31690954510123
1.00594957964495 1.75003880821168 1.40619787015021 1.80930193839595 1.49080270295963 1.06768991611898 1.43339100130834 1.77034155116417 1.6425600098446 1.79177438770421 1.47349228244275 1.69206961640157 1.51936084101908 0.975687580183148 1.06198998913169 0 1.55977979837917 1.56040094979107 1.20948234479874 1.6797409071587 1.49252224690281 1.34897087258287 1.19960453663953 1.84178646816872 1.15810927120037 1.19398555485532 1.15574751584791 1.59869967587292 1.54405965283513 1.01430902653374
1.62639761832543 1.38656514394097 1.06779527082108 1.08237366634421 1.36008689482696 0.955392221454531 1.14386326447129 1.12140843947418 1.07499215612188 1.55135626671836 1.29460443044081 1.72169572394341 1.4563848732505 1.01413789764047 1.47319438075647 1.55977979837917 0 1.0727595963981 1.01719116652384 1.5553885595873 1.6046593610663 1.23532732157037 1.19579190481454 1.39031152473763 1.45406792964786 1.08223319635727 1.19095507008024 1.93557245121337 1.71373095572926 1.36812230315991
1.24146514618769 1.42242676950991 1.89241305901669 1.85759218060412 1.30069205630571 1.90860884031281 1.16853691358119 1.36733720637858 1.3379128659144 1.39677939238027 1.47310676262714 1.61085429601371 1.42402283544652 1.47568599553779 1.2844053437002 1.56040094979107 1.0727595963981 0 1.61691379616968 1.24091703793965 1.93877080851234 1.45208194316365 1.68635080917738 0.961979612940922 1.43914648285136 1.73296918044798 1.49852116126567 1.34845618740655 1.80417960858904 1.00172152346931
1.78021369781345 1.49047007202171 1.02109868242405 1.2034267957788 1.92645174986683 1.80809342768043 1.83413944602944 1.18065322702751 1.87942079943605 1.41223182738759 1.68518603849225 1.40082571073435 1.44504220178351 1.07488342374563 1.08285750704817 1.20948234479874 1.01719116652384 1.61691379616968 0 1.75295639946125 1.2718477982562 1.93128523929045 0.987448330502957 1.28008922468871 1.61587284924462 1.24399739457294 1.66203959449194 1.48620257200673 1.70530040701851 1.38702601683326
1.65049998206086 1.73016002262011 1.57651760824956 0.974045260576531 1.75769515661523 1.11955611687154 1.90105755953118 1.72190096904524 1.02633395395242 1.56659832713194 1.91289509530179 1.57053459947929 1.79226803570054 1.26910254801624 0.953496755100787 1.6797409071587 1.5553885595873 1.24091703793965 1.75295639946125 0 1.57360706548207 1.13873855723068 1.41394465253688 1.79211217048578 1.74199040024541 1.39404451753944 1.54781236220151 1.92884270357899 1.46972862584516 1.84553318866529
1.15632082219236 1.14645616780035 1.09681736002676 1.77257739962079 1.95250733406283 1.17438503704034 1.35232053743675 1.22855598689057 1.68986719357781 1.40470725437626 1.25708641344681 1.60513864643872 1.78509848122485 1.8937754787039 1.27291419683024 1.49252224690281 1.6046593610663 1.93877080851234 1.2718477982562 1.57360706548207 0 1.72931836522184 1.61383816506714 1.54564450494945 1.17695868154988 0.989985428517684 1.39214095892385 1.71475114044733 1.29262797511183 1.00820149388164
1.60758642689325 1.24604996456765 1.51793351746164 1.8704742633272 1.31144781480543 1.29346062615514 1.4848815461155 1.68018462415785 1.2710522711277 1.77632059459575 1.7092398465611 1.93074892950244 1.92099393415265 1.34288816107437 1.85305057233199 1.34897087258287 1.23532732157037 1.45208194316365 1.93128523929045 1.13873855723068 1.72931836522184 0 1.86743704625405 1.15363531466573 1.38029491482303 1.20618775184266 1.14403792191297 1.42810521018691 1.25534656993113 1.2104644109495
1.17433820432052 1.07669285382144 1.84674495365471 1.75996433454566 1.14533655508421 1.8560296765063 1.23050419986248 1.39842849597335 1.45120356488042 1.84617915167473 1.12681760918349 1.2253833077848 1.5489065751899 0.958635453600436 1.94890921167098 1.19960453663953 1.19579190481454 1.68635080917738 0.987448330502957 1.41394465253688 1.61383816506714 1.86743704625405 0 1.8898111183662 1.49548180378042 1.8118183366023 1.69684192049317 1.19627195061184 1.86541172047146 1.17101669241674
1.10943387076259 1.55212200130336 1.93064081831835 1.11550250649452 1.29989215219393 1.20351483556442 1.04499425855465 1.13031023717485 1.46962873404846 1.05078141973354 1.34419992868789 1.20656286878511 1.17176389158703 1.55903371307068 1.3245674490463 1.84178646816872 1.39031152473763 0.961979612940922 1.28008922468871 1.79211217048578 1.54564450494945 1.15363531466573 1.8898111183662 0 1.02248998801224 1.7157136821188 1.92953167343512 1.28151284414344 1.90323195559904 1.58723163139075
0.972393018892035 1.81113215140067 1.30116784921847 1.77258729329333 0.999469988746569 1.37132278643548 1.71419502189383 1.8797542473767 1.4759827144444 1.04574530245736 1.05169933545403 1.48171921749599 1.89181991736405 1.76965998648666 1.75914074154571 1.15810927120037 1.45406792964786 1.43914648285136 1.61587284924462 1.74199040024541 1.17695868154988 1.38029491482303 1.49548180378042 1.02248998801224 0 1.10451672063209 1.35331113729626 1.60596672771499 1.50757426815107 1.82453629863448
1.75122931739315 1.24173408001661 1.58496396313421 1.91178436693735 1.52527276240289 1.411116134841 1.30327548505738 1.11164830811322 1.56367088505067 1.49057775805704 1.38570526172407 1.79679429973476 0.96014972939156 1.35879542143084 0.96406852430664 1.19398555485532 1.08223319635727 1.73296918044798 1.24399739457294 1.39404451753944 0.989985428517684 1.20618775184266 1.8118183366023 1.7157136821188 1.10451672063209 0 1.80373570695519 1.47962883650325 1.48367537045851 0.957534286892042
1.91326220915653 1.32541791978292 1.80337321967818 1.24754088348709 1.48505229176953 1.43860965105705 0.96222305111587 1.15331014082767 1.73579229647294 1.36410874896683 1.85955687472597 1.6228912784718 1.92136927251704 1.33415662357584 1.67340624495409 1.15574751584791 1.19095507008024 1.49852116126567 1.66203959449194 1.54781236220151 1.39214095892385 1.14403792191297 1.69684192049317 1.92953167343512 1.35331113729626 1.80373570695519 0 1.00810738070868 1.24362038588151 1.60753524443135
1.48821182409301 1.43468449870124 1.24338360480033 1.62290544505231 1.21967076952569 1.10295793740079 1.6908437886741 0.975756855215877 1.29986970126629 1.88462535827421 1.28265079809353 0.997512276517227 1.25374912447296 1.84732663515024 1.70837709098123 1.59869967587292 1.93557245121337 1.34845618740655 1.48620257200673 1.92884270357899 1.71475114044733 1.42810521018691 1.19627195061184 1.28151284414344 1.60596672771499 1.47962883650325 1.00810738070868 0 0.989108888432384 1.13445917959325
1.52927200403064 1.94564554304816 1.10174983879551 1.71406996389851 1.55455001397058 1.20166374300607 1.82665513595566 1.73835945408791 1.77663460606709 1.5441570871044 1.49414562410675 1.41072250483558 1.78807645500638 1.68946251273155 1.32418775325641 1.54405965283513 1.71373095572926 1.80417960858904 1.70530040701851 1.46972862584516 1.29262797511183 1.25534656993113 1.86541172047146 1.90323195559904 1.50757426815107 1.48367537045851 1.24362038588151 0.989108888432384 0 1.37962130829692
1.34081928245723 1.6191739696078 1.77847660868429 0.954250080045313 1.79375128028914 1.20027292380109 1.41842937236652 1.58104155655019 1.72501399437897 0.992076800903305 0.992464734707028 1.36258742003702 1.23373955162242 1.49947723769583 1.31690954510123 1.01430902653374 1.36812230315991 1.00172152346931 1.38702601683326 1.84553318866529 1.00820149388164 1.2104644109495 1.17101669241674 1.58723163139075 1.82453629863448 0.957534286892042 1.60753524443135 1.13445917959325 1.37962130829692 0
