0 1.83304830361158 1.48003960540518 1.64468625118025 1.15649537369609 1.77881785435602 1.25417843088508 1.77308185677975 0.963147825794294 1.17954161134548 1.2544239347335 1.19058224605396 1.40257092053071 1.38613627711311 1.73368246131577 0.952522616600618 1.46810957277194 1.56432121433318 1.88293342175893 1.32675319025293 1.74643487296999 1.82398677780293 1.36437941808254 1.60003859410062 1.07904963078909 1.49297114065848 1.42765212291852 1.40493501722813 1.65787506662309 1.26865161187015
1.83304830361158 0 1.62871213653125 1.41973420768045 1.22161790938117 0.954592074733227 1.37578010978177 1.4242943180725 1.18066224246286 1.49103416781873 0.950061711249873 1.20934847416356 1.92650871165097 1.08812599605881 1.32956942822784 1.62100607017055 1.47350802249275 1.27110780589283 1.27499416423962 1.91602382482961 1.52977379621007 1.03250159765594 1.82178225647658 1.82876082696021 1.19384782365523 1.20796445896849 1.02229064540006 1.24395879544318 1.71800743206404 1.52626868034713
1.48003960540518 1.62871213653125 0 1.47133356868289 1.23275219695643 1.669743970735 1.33632866595872 1.50287280604243 1.17095509846695 1.29796479851939 1.73018302442506 1.4846897306852 1.1390011634212 1.57133877230808 1.43685707007535 1.57882291637361 1.81825944688171 1.28063312079757 1.24106297036633 1.07875027763657 1.50030589429662 1.54187441547401 1.77802326367237 0.990378006361425 1.1008948800154 1.61637494224124 1.73564249719493 1.09835055121221 1.75020569912158 1.0705631072633
1.64468625118025 1.41973420768045 1.47133356868289 0 1.28551595984027 1.79362297290936 1.07082470529713 1.02157890889794 1.02718496206217 1.30569468508475 1.64981319080107 1.2808802628424 0.969905016943812 1.05007804557681 1.27337167365476 1.29377849539742 1.7010239684023 1.2000874534715 1.60099518322386 1.01388435228728 1.53216913319193 1.328747773543 1.4766682041809 1.12337812036276 1.78246440878138 1.22616949910298 0.956865818239748 1.64594061067328 1.83491705660708 1.28711189702153
1.15649537369609 1.22161790938117 1.23275219695643 1.28551595984027 0 1.42029489902779 1.29602160025388 1.2176164619159 1.36143070622347 1.50162547267973 1.47865377552807 1.35503695346415 1.6685027196072 1.00686678779311 1.83944873907603 1.26445811940357 1.28332154266536 1.38999678590335 1.33616784866899 1.46685668895952 1.8898146552965 1.5339694423601 1.77184941642918 1.04058485268615 1.27378143533133 1.6469754956197 1.88517808401957 1.69403466419317 1.67256584321149 1.14998471550643
1.77881785435602 0.954592074733227 1.669743970735 1.79362297290936 1.42029489902779 0 0.970356574049219 1.17843880131841 1.74786634603515 1.80224801157601 1.52408371050842 1.7986252179835 1.07235224265605 1.20565577759407 1.63611323223449 1.41251794109121 1.09242644999176 1.24545165314339 1.88257317454554 1.08206877438352 1.59388661244884 1.63707386166789 1.09381782519631 1.439231664408 1.50384409795515 1.57071595685557 1.93042471748777 1.12458662083372 1.72788797388785 1.04142356920056
1.25417843088508 1.37578010978177 1.33632866595872 1.07082470529713 1.29602160025388 0.970356574049219 0 1.66911695478484 1.60001864400692 1.81850217212923 1.37969476031139 1.38591144722886 1.64533717767335 1.08049932657741 1.91969795222394 1.88995491131209 1.90059194341302 0.965596402063966 1.5506476694718 1.58233793010004 1.87365985149518 1.46346950018778 1.66989086265676 1.20604709209874 1.86376462737098 1.05969432508573 1.93013953929767 1.12452599592507 1.28137336391956 1.90394340571947
1.77308185677975 1.4242943180725 1.50287280604243 1.02157890889794 1.2176164619159 1.17843880131841 1.66911695478484 0 0.97368429787457 1.63808645820245 1.03958980250172 1.66824046196416 1.1582261279691 0.94213190022856 1.18579381261952 1.66755058197305 1.01934396172874 1.87965586245991 1.77857567113824 1.52546954061836 1.48734084097669 1.603597197216 1.36278992309235 1.19954774854705 1.38958436786197 1.18851449736394 1.53766679088585 1.1197139560245 1.3463122562971 1.15477554639801
0.963147825794294 1.18066224246286 1.17095509846695 1.02718496206217 1.36143070622347 1.74786634603515 1.60001864400692 0.97368429787457 0 1.67072903667577 1.21978915389627 1.05809718882665 1.55313247069716 1.85755504923873 1.91743493452668 1.07405367819592 1.33779540657997 1.82439286005683 1.68815131625161 1.79938079928979 1.58589882217348 1.66019941191189 1.37467413116246 1.71761338203214 1.14709334331565 1.42054392094724 1.27461812435649 0.979460896924138 1.20335017261095 1.87118317605928
1.17954161134548 1.49103416781873 1.29796479851939 1.30569468508475 1.50162547267973 1.80224801157601 1.81850217212923 1.63808645820245 1.67072903667577 0 1.36288729566149 0.993759999750182 1.24607278523035 1.77582583320327 1.8684822502546 1.86990354117006 1.23864491702989 1.601749652531 1.34807226271369 1.30700089782476 1.60793370846659 1.5049116446171 1.51059412979521 1.72997675719671 1.01847740961239 1.094631327549 1.2156658875756 1.21828903723508 1.84496874292381 1.91048485366628
1.2544239347335 0.950061711249873 1.73018302442506 1.64981319080107 1.47865377552807 1.52408371050842 1.37969476031139 1.03958980250172 1.21978915389627 1.36288729566149 0 1.30323021579534 1.42040813597851 1.52384905330837 1.82873623701744 1.65705722849816 1.60203150101006 1.33199041709304 1.33713991381228 1.15711242053658 0.941469469107687 1.41012819856405 1.61949818721041 1.39684917684644 0.954962524119765 1.27577432896942 1.58133798604831 1.57118551968597 1.76210802630521 1.11599940224551
1.19058224605396 1.20934847416356 1.4846897306852 1.2808802628424 1.35503695346415 1.7986252179835 1.38591144722886 1.66824046196416 1.05809718882665 0.993759999750182 1.30323021579534 0 1.73464977461845 1.24367178813554 1.28733101557009 1.12420104048215 0.975196402985603 1.69426491414197 1.39095256337896 1.3712407737039 1.21595884975977 1.58263547066599 1.44553105253726 1.02612399682403 1.26483358046971 1.54117518034764 1.6701024021022 1.13070870493539 1.63917674892582 1.1234971054364
1.40257092053071 1.92650871165097 1.1390011634212 0.969905016943812 1.6685027196072 1.07235224265605 1.64533717767335 1.1582261279691 1.55313247069716 1.24607278523035 1.42040813597851 1.73464977461845 0 0.971851757029071 1.53419058839791 1.71252941410057 1.55511442944407 0.983856961596757 1.8660236496944 1.16489453543909 1.75185787840746 1.73153259162791 1.9213083111681 1.65812992188148 1.53454245463945 1.21156611177139 1.65861070109531 1.21522422763519 1.83074842090718 1.76972182607278
1.38613627711311 1.08812599605881 1.57133877230808 1.05007804557681 1.00686678779311 1.20565577759407 1.08049932657741 0.94213190022856 1.85755504923873 1.77582583320327 1.52384905330837 1.24367178813554 0.971851757029071 0 1.72003444447182 0.997975630918518 1.46733516152017 1.56663160212338 0.980492995353416 1.57041688729078 0.961819352116436 1.11606720951386 1.1900799931027 1.53442600695416 1.48672375339083 1.53236185340211 1.36251326627098 1.62878586212173 1.19688792270608 1.02570554590784
1.73368246131577 1.32956942822784 1.43685707007535 1.27337167365476 1.83944873907603 1.63611323223449 1.91969795222394 1.18579381261952 1.91743493452668 1.8684822502546 1.82873623701744 1.28733101557009 1.53419058839791 1.72003444447182 0 0.937206394039094 1.6899966315832 1.10756414756179 1.92339180689305 1.87734551541507 1.36347217438743 1.93315856298432 1.54355070367455 1.05737293534912 1.56355689023621 1.60106886224821 1.8673410853371 1.68987941765226 1.67655792203732 1.85689489822835
0.952522616600618 1.62100607017055 1.57882291637361 1.29377849539742 1.26445811940357 1.41251794109121 1.88995491131209 1.66755058197305 1.07405367819592 1.86990354117006 1.65705722849816 1.12420104048215 1.71252941410057 0.997975630918518 0.937206394039094 0 1.50970453978516 1.85709936078638 1.15840989956632 1.53063251613639 1.18206979590468 1.16348500479944 1.69333608611487 1.46328119887039 1.06750529282726 0.981845037778839 1.01395665761083 1.50082770246081 1.67175251757726 1.25963381747715
1.46810957277194 1.47350802249275 1.81825944688171 1.7010239684023 1.28332154266536 1.09242644999176 1.90059194341302 1.01934396172874 1.33779540657997 1.23864491702989 1.60203150101006 0.975196402985603 1.55511442944407 1.46733516152017 1.6899966315832 1.50970453978516 0 1.60965198278427 1.16712490166537 1.28865269012749 1.57821183325723 1.68580149742775 1.73314320738427 1.34285216755234 1.56591856922023 1.10822264943272 1.79780181869864 1.22598695964552 1.12257403740659 1.91644595749676
1.56432121433318 1.27110780589283 1.28063312079757 1.2000874534715 1.38999678590335 1.24545165314339 0.965596402063966 1.87965586245991 1.82439286005683 1.601749652531 1.33199041709304 1.69426491414197 0.983856961596757 1.56663160212338 1.10756414756179 1.85709936078638 1.60965198278427 0 1.92664196086116 1.43882336048409 1.08504770789295 1.07996414462104 1.21189690893516 0.940978159895167 1.36131859919988 1.54160766047426 1.22448927909136 1.08629091805778 1.24186325864866 0.938347003655508
1.88293342175893 1.27499416423962 1.24106297036633 1.60099518322386 1.33616784866899 1.88257317454554 1.5506476694718 1.77857567113824 1.68815131625161 1.34807226271369 1.33713991381228 1.39095256337896 1.8660236496944 0.980492995353416 1.92339180689305 1.15840989956632 1.16712490166537 1.92664196086116 0 1.0849688986782 1.20454840525053 1.73045371565968 1.65749605000019 1.13338682451285 1.86577664827928 1.15754442219622 1.79104754771106 1.35201634117402 1.79434407013468 1.08629721333273
1.32675319025293 1.91602382482961 1.07875027763657 1.01388435228728 1.46685668895952 1.08206877438352 1.58233793010004 1.52546954061836 1.79938079928979 1.30700089782476 1.15711242053658 1.3712407737039 1.16489453543909 1.57041688729078 1.87734551541507 1.53063251613639 1.28865269012749 1.43882336048409 1.0849688986782 0 1.79408718878403 1.71902247797698 1.52868430502713 1.4071699664928 0.968382373685017 1.02200711960904 1.31599677843042 1.82960783899762 1.61892299284227 1.08490609703586
1.74643487296999 1.52977379621007 1.50030589429662 1.53216913319193 1.8898146552965 1.59388661244884 1.87365985149518 1.48734084097669 1.58589882217348 1.60793370846659 0.941469469107687 1.21595884975977 1.75185787840746 0.961819352116436 1.36347217438743 1.18206979590468 1.57821183325723 1.08504770789295 1.20454840525053 1.79408718878403 0 1.48776699882001 1.89640523213893 1.85395170911215 1.31381335668266 1.12809383589774 1.13145572389476 1.29558131983504 1.57137119444087 1.34813495678827
1.82398677780293 1.03250159765594 1.54187441547401 1.328747773543 1.5339694423601 1.63707386166789 1.46346950018778 1.603597197216 1.66019941191189 1.5049116446171 1.41012819856405 1.58263547066599 1.73153259162791 1.11606720951386 1.93315856298432 1.16348500479944 1.68580149742775 1.07996414462104 1.73045371565968 1.71902247797698 1.48776699882001 0 1.18505698745139 1.58342198329046 1.41656805737875 1.86836499534547 1.38886524434201 1.31802289723419 1.5007046891842 0.994125539436936
1.36437941808254 1.82178225647658 1.77802326367237 1.4766682041809 1.77184941642918 1.09381782519631 1.66989086265676 1.36278992309235 1.37467413116246 1.51059412979521 1.61949818721041 1.44553105253726 1.9213083111681 1.1900799931027 1.54355070367455 1.69333608611487 1.73314320738427 1.21189690893516 1.65749605000019 1.52868430502713 1.89640523213893 1.18505698745139 0 1.93103577708825 1.49461089167744 1.18209251761436 1.24246834102087 1.0904072499834 1.6296550098341 1.34797076089308
1.60003859410062 1.82876082696021 0.990378006361425 1.12337812036276 1.04058485268615 1.439231664408 1.20604709209874 1.19954774854705 1.71761338203214 1.72997675719671 1.39684917684644 1.02612399682403 1.65812992188148 1.53442600695416 1.05737293534912 1.46328119887039 1.34285216755234 0.940978159895167 1.13338682451285 1.4071699664928 1.85395170911215 1.58342198329046 1.93103577708825 0 1.46157054533251 1.64362394763157 0.970601833192632 1.0638246962335 0.993025103351101 1.09939363156445
1.07904963078909 1.19384782365523 1.1008948800154 1.78246440878138 1.27378143533133 1.50384409795515 1.86376462737098 1.38958436786197 1.14709334331565 1.01847740961239 0.954962524119765 1.26483358046971 1.53454245463945 1.48672375339083 1.56355689023621 1.06750529282726 1.56591856922023 1.36131859919988 1.86577664827928 0.968382373685017 1.31381335668266 1.41656805737875 1.49461089167744 1.46157054533251 0 1.66004585032351 1.6919964638073 1.33456329582259 1.50993235525675 1.053004528163
1.49297114065848 1.20796445896849 1.61637494224124 1.22616949910298 1.6469754956197 1.57071595685557 1.05969432508573 1.18851449736394 1.42054392094724 1.094631327549 1.27577432896942 1.54117518034764 1.21156611177139 1.53236185340211 1.60106886224821 0.981845037778839 1.10822264943272 1.54160766047426 1.15754442219622 1.02200711960904 1.12809383589774 1.86836499534547 1.18209251761436 1.64362394763157 1.66004585032351 0 1.81411053822376 1.54770581237972 1.08585691498592 1.22654937813058
1.42765212291852 1.02229064540006 1.73564249719493 0.956865818239748 1.88517808401957 1.93042471748777 1.93013953929767 1.53766679088585 1.27461812435649 1.2156658875756 1.58133798604831 1.6701024021022 1.65861070109531 1.36251326627098 1.8673410853371 1.01395665761083 1.79780181869864 1.22448927909136 1.79104754771106 1.31599677843042 1.13145572389476 1.38886524434201 1.24246834102087 0.970601833192632 1.6919964638073 1.81411053822376 0 1.08166166162118 1.17512723966502 1.06101485528052
1.40493501722813 1.24395879544318 1.09835055121221 1.64594061067328 1.69403466419317 1.12458662083372 1.12452599592507 1.1197139560245 0.979460896924138 1.21828903723508 1.57118551968597 1.13070870493539 1.21522422763519 1.62878586212173 1.68987941765226 1.50082770246081 1.22598695964552 1.08629091805778 1.35201634117402 1.82960783899762 1.29558131983504 1.31802289723419 1.0904072499834 1.0638246962335 1.33456329582259 1.54770581237972 1.08166166162118 0 0.957258106442168 1.00805721967481
1.65787506662309 1.71800743206404 1.75020569912158 1.83491705660708 1.67256584321149 1.72788797388785 1.28137336391956 1.3463122562971 1.20335017261095 1.84496874292381 1.76210802630521 1.63917674892582 1.83074842090718 1.19688792270608 1.67655792203732 1.67175251757726 1.12257403740659 1.24186325864866 1.79434407013468 1.61892299284227 1.57137119444087 1.5007046891842 1.6296550098341 0.993025103351101 1.50993235525675 1.08585691498592 1.17512723966502 0.957258106442168 0 1.27106993366033
1.26865161187015 1.52626868034713 1.0705631072633 1.28711189702153 1.14998471550643 1.04142356920056 1.90394340571947 1.15477554639801 1.87118317605928 1.91048485366628 1.11599940224551 1.1234971054364 1.76972182607278 1.02570554590784 1.85689489822835 1.25963381747715 1.91644595749676 0.938347003655508 1.08629721333273 1.08490609703586 1.34813495678827 0.994125539436936 1.34797076089308 1.09939363156445 1.053004528163 1.22654937813058 1.06101485528052 1.00805721967481 1.27106993366033 0
