0 1.71945616486482 0.977593529038131 1.22533212532289 1.29321277886629 1.13624781672843 1.30916123860516 1.23677024245262 1.84530290658586 1.85704470286146 1.51247634156607 1.56129483156838 1.58632501307875 1.07472728262655 1.0205114108976 1.31135499966331 1.61722179153003 1.03014463651925 1.54904323583469 1.48798099905252 1.83982985070907 1.50876461039297 1.48172290856019 1.47223862051032 1.2172379901167 1.42534080939367 1.50175607856363 1.52773559768684 1.2295179606881 1.01058440702036
1.71945616486482 0 1.87020088499412 0.949059951584786 1.5820202336181 1.02814835333265 1.33105378272012 1.31359184836037 1.41214396804571 1.67269073519856 1.31122356024571 1.29270309419371 1.82188012055121 1.13464402477257 1.16657122340985 1.45571799576283 1.13798854267225 1.60082110459916 1.09686070377938 1.21814505825751 1.35425057425164 1.64362764754333 1.01407556910999 1.32470131269656 1.85552271804772 1.02977215079591 1.18275864375755 1.72510150214657 1.82106051081792 1.34431903949007
0.977593529038131 1.87020088499412 0 1.52721423050389 1.3960999653209 1.58613910060376 1.05463804444298 1.59830904495902 1.11835954757407 0.964054253417999 1.60570277622901 1.34536888706498 1.64788353256881 1.71593545703217 1.76402220362797 1.84751008730382 1.42537805181928 1.63709831261076 0.94725784426555 1.8702020002529 1.70320519269444 1.81528676836751 1.81598903774284 1.47536628413945 1.56263303034939 1.24313031276688 1.27032432076521 1.38304910878651 1.73174554808065 1.83309263642877
1.22533212532289 0.949059951584786 1.52721423050389 0 1.77679686411284 1.35710937855765 1.39217915572226 1.41299570607953 1.9209079418797 1.53016829583794 1.33785389480181 1.43211894272827 1.37121365894563 1.59222697955556 1.01625487348065 1.10409718519077 1.25618198351003 1.37057926412672 1.24017403437756 1.41682501486503 1.43743871012703 1.39854495692998 1.81524845189415 1.9199572771322 1.69092896860093 1.35784041020088 1.64275526511483 1.88166883285157 1.6464243538212 1.47865349170752
1.29321277886629 1.5820202336181 1.3960999653209 1.77679686411284 0 1.18310727993958 1.4096963701304 1.50131653924473 1.44469042192213 1.89163653971627 1.86129843373783 1.89458601968363 1.72306127287447 1.03805260616355 1.58728730166331 1.43207291606814 1.92556645558216 1.14824388246052 1.00006278068759 1.3571191332303 1.01612150901929 1.19329586462118 1.65712825325318 0.982020551105961 1.36814614804462 1.5922151224222 1.11040716641583 1.41744192875922 1.35498248785734 1.13188746618107
1.13624781672843 1.02814835333265 1.58613910060376 1.35710937855765 1.18310727993958 0 1.76450091041625 1.89301604544744 1.02936169411987 1.54549611522816 1.43102684454061 1.50602040160447 1.1143192385789 1.01585911284201 1.55695942114107 1.18697836599313 1.14691245765425 1.70487346919253 1.41102014528587 1.4509683479555 1.2589121258352 1.49838141445071 1.13187528052367 1.80435694614425 0.952899193624035 1.74850991275162 1.71130196982995 1.33971564774401 1.78541624173522 1.85123222181574
1.30916123860516 1.33105378272012 1.05463804444298 1.39217915572226 1.4096963701304 1.76450091041625 0 1.09468717523851 1.02146341395564 0.97942262981087 1.21660797810182 1.18931405385956 1.63158644340001 1.13110225694254 1.89123646961525 1.6044884880539 1.51175974868238 1.84619977953844 1.4825355366338 1.03514331765473 1.07882337644696 1.09137284383178 1.25502015068196 1.85001650243066 1.26413207966834 1.48684420110658 1.79282339778729 1.37998582050204 1.41922196559608 1.38056622375734
1.23677024245262 1.31359184836037 1.59830904495902 1.41299570607953 1.50131653924473 1.89301604544744 1.09468717523851 0 1.88768081809394 1.51062993123196 1.0712073193863 1.48926463653333 1.0694479343947 1.73565530497581 1.81287512648851 0.950863634468988 0.95298780198209 1.09302075649612 1.24195468844846 1.75497809052467 0.9956096613314 1.37780432356521 1.35018080752343 1.52808889187872 1.69673401420005 1.15373771288432 1.17484867898747 1.84126761625521 1.47911706566811 1.54501959192567
1.84530290658586 1.41214396804571 1.11835954757407 1.9209079418797 1.44469042192213 1.02936169411987 1.02146341395564 1.88768081809394 0 1.56976858526468 1.57446022029035 1.59649763070047 1.16912970435806 1.26113146124408 1.72419612528756 1.43951197038405 1.82455153716728 1.06225059041753 1.12799506587908 1.63281237566844 0.975909836823121 1.30088784988038 1.34028415684588 1.53280559158884 1.53319722902961 1.87397697381675 1.35461670090444 1.17925626900978 1.32962825871073 1.51292235706933
1.85704470286146 1.67269073519856 0.964054253417999 1.53016829583794 1.89163653971627 1.54549611522816 0.97942262981087 1.51062993123196 1.56976858526468 0 1.54422435723245 1.40075968019664 0.990612861467525 1.06956095597707 1.78896452137269 1.02523562521674 1.69393233116716 1.73020518175326 1.91131209768355 1.41420434881002 1.86768724233843 1.28600330324844 1.41618789290078 1.86565497214906 1.89706049370579 1.16800360521302 1.28163929725997 1.54755732230842 1.65666813845746 1.0629032147117
1.51247634156607 1.31122356024571 1.60570277622901 1.33785389480181 1.86129843373783 1.43102684454061 1.21660797810182 1.0712073193863 1.57446022029035 1.54422435723245 0 1.8812388186343 1.34994879015721 1.42005806160159 1.26766258035786 1.43849894497544 1.45691688149236 1.83295896742493 1.39869925193489 1.54614642774686 1.50566671951674 1.34367048810236 1.37998450407758 0.99001827603206 1.11205131164752 1.33161172876135 1.34419128275476 1.07082428107969 1.81911672465503 1.60834934958257
1.56129483156838 1.29270309419371 1.34536888706498 1.43211894272827 1.89458601968363 1.50602040160447 1.18931405385956 1.48926463653333 1.59649763070047 1.40075968019664 1.8812388186343 0 1.50433643418364 1.21168758370914 1.5084588713944 1.86987453349866 1.65903164818883 1.45250435499474 0.966298391809687 1.07759095542133 1.06005993182771 1.48496560286731 1.05248059378937 1.74390982813202 1.1182990942616 0.992729476187378 1.02338342717849 1.93142197164707 1.58331469539553 1.81685263453983
1.58632501307875 1.82188012055121 1.64788353256881 1.37121365894563 1.72306127287447 1.1143192385789 1.63158644340001 1.0694479343947 1.16912970435806 0.990612861467525 1.34994879015721 1.50433643418364 0 1.34597435151227 1.67877708678134 1.83975580846891 0.969707682030275 1.24560803896748 1.27728048362769 1.48881296743639 1.38528455304913 1.33333509927616 1.14013380603865 1.06106028752401 1.48766866209917 1.02378095965832 1.84303749469109 1.42805756628513 1.01901645236649 1.9412155712489
1.07472728262655 1.13464402477257 1.71593545703217 1.59222697955556 1.03805260616355 1.01585911284201 1.13110225694254 1.73565530497581 1.26113146124408 1.06956095597707 1.42005806160159 1.21168758370914 1.34597435151227 0 1.30190562922508 1.88586842245422 1.40703194099478 1.38918668567203 1.793073348701 1.17559461435303 1.84490897972137 1.56898829014972 1.01577180135064 1.73365258891135 1.51223263586871 1.42628321796656 1.88476845109835 1.5322097109165 1.17483544209972 1.85086112096906
1.0205114108976 1.16657122340985 1.76402220362797 1.01625487348065 1.58728730166331 1.55695942114107 1.89123646961525 1.81287512648851 1.72419612528756 1.78896452137269 1.26766258035786 1.5084588713944 1.67877708678134 1.30190562922508 0 1.26860454073176 1.8175106884446 1.84023865754716 1.17089532036334 1.6928356862627 1.61618024855852 1.56718180468306 1.27263943478465 1.43665433395654 1.37294467538595 1.00267129042186 1.76997041609138 1.62592317606322 1.81279829447158 1.37214363599196
1.31135499966331 1.45571799576283 1.84751008730382 1.10409718519077 1.43207291606814 1.18697836599313 1.6044884880539 0.950863634468988 1.43951197038405 1.02523562521674 1.43849894497544 1.86987453349866 1.83975580846891 1.88586842245422 1.26860454073176 0 1.82064063893631 1.10666960244998 1.17789543466642 1.31589111755602 1.04447406274267 1.02104990300722 1.87726420466788 1.31925757834688 1.10745875816792 1.33013331214897 1.8539566535037 1.87422558385879 1.57829896709882 1.16216450021602
1.61722179153003 1.13798854267225 1.42537805181928 1.25618198351003 1.92556645558216 1.14691245765425 1.51175974868238 0.95298780198209 1.82455153716728 1.69393233116716 1.45691688149236 1.65903164818883 0.969707682030275 1.40703194099478 1.8175106884446 1.82064063893631 0 1.78925837436691 1.08495128480718 1.51095661218278 1.49816369474865 1.1900908392854 1.41631155065261 1.3184018835891 1.08497526054271 1.32680660649203 1.57690794928931 1.03133679903112 1.50866976799443 1.29264178453013
1.03014463651925 1.60082110459916 1.63709831261076 1.37057926412672 1.14824388246052 1.70487346919253 1.84619977953844 1.09302075649612 1.06225059041753 1.73020518175326 1.83295896742493 1.45250435499474 1.24560803896748 1.38918668567203 1.84023865754716 1.10666960244998 1.78925837436691 0 1.69097799435258 1.00513284583576 1.93729162099771 1.82924221595749 1.40608095005155 1.7281100593973 1.72022379445843 1.28769617993385 1.78655071603134 1.14427525899373 1.6500075685326 1.34240038623102
1.54904323583469 1.09686070377938 0.94725784426555 1.24017403437756 1.00006278068759 1.41102014528587 1.4825355366338 1.24195468844846 1.12799506587908 1.91131209768355 1.39869925193489 0.966298391809687 1.27728048362769 1.793073348701 1.17089532036334 1.17789543466642 1.08495128480718 1.69097799435258 0 1.43629767512903 1.70236878283322 1.61523224622943 1.46595195168629 1.86934921471402 1.11172832059674 1.18610010156408 0.948099612258375 1.3616438973695 1.00293802865781 1.64153545768932
1.48798099905252 1.21814505825751 1.8702020002529 1.41682501486503 1.3571191332303 1.4509683479555 1.03514331765473 1.75497809052467 1.63281237566844 1.41420434881002 1.54614642774686 1.07759095542133 1.48881296743639 1.17559461435303 1.6928356862627 1.31589111755602 1.51095661218278 1.00513284583576 1.43629767512903 0 1.30138529930264 1.06994691467844 1.29891024786048 1.29709044890478 1.43489201995544 1.5394001766108 1.22996710077859 1.38902093330398 1.75840708194301 1.00227265828289
1.83982985070907 1.35425057425164 1.70320519269444 1.43743871012703 1.01612150901929 1.2589121258352 1.07882337644696 0.9956096613314 0.975909836823121 1.86768724233843 1.50566671951674 1.06005993182771 1.38528455304913 1.84490897972137 1.61618024855852 1.04447406274267 1.49816369474865 1.93729162099771 1.70236878283322 1.30138529930264 0 1.17793980007991 1.72019181423821 1.86705328663811 1.62353819934651 1.52337237726897 1.09425155911595 1.48987037292682 1.26413364033215 1.35898239235394
1.50876461039297 1.64362764754333 1.81528676836751 1.39854495692998 1.19329586462118 1.49838141445071 1.09137284383178 1.37780432356521 1.30088784988038 1.28600330324844 1.34367048810236 1.48496560286731 1.33333509927616 1.56898829014972 1.56718180468306 1.02104990300722 1.1900908392854 1.82924221595749 1.61523224622943 1.06994691467844 1.17793980007991 0 1.58401369024068 1.83501317491755 1.40519236889668 1.93942191172391 1.18049207096919 1.49192404188216 1.11992103490047 1.3644845278468
1.48172290856019 1.01407556910999 1.81598903774284 1.81524845189415 1.65712825325318 1.13187528052367 1.25502015068196 1.35018080752343 1.34028415684588 1.41618789290078 1.37998450407758 1.05248059378937 1.14013380603865 1.01577180135064 1.27263943478465 1.87726420466788 1.41631155065261 1.40608095005155 1.46595195168629 1.29891024786048 1.72019181423821 1.58401369024068 0 1.76447796588764 1.15642424509861 1.21001723222435 0.993833779124543 1.17779186973348 1.02331234514713 1.88207365642302
1.47223862051032 1.32470131269656 1.47536628413945 1.9199572771322 0.982020551105961 1.80435694614425 1.85001650243066 1.52808889187872 1.53280559158884 1.86565497214906 0.99001827603206 1.74390982813202 1.06106028752401 1.73365258891135 1.43665433395654 1.31925757834688 1.3184018835891 1.7281100593973 1.86934921471402 1.29709044890478 1.86705328663811 1.83501317491755 1.76447796588764 0 1.82137906341814 1.5953463697806 1.12008475139737 1.38191254343837 0.949733123648912 0.97513081273064
1.2172379901167 1.85552271804772 1.56263303034939 1.69092896860093 1.36814614804462 0.952899193624035 1.26413207966834 1.69673401420005 1.53319722902961 1.89706049370579 1.11205131164752 1.1182990942616 1.48766866209917 1.51223263586871 1.37294467538595 1.10745875816792 1.08497526054271 1.72022379445843 1.11172832059674 1.43489201995544 1.62353819934651 1.40519236889668 1.15642424509861 1.82137906341814 0 1.01395314652473 1.04141499497928 1.1200356525369 1.68756517022848 1.42533874302171
1.42534080939367 1.02977215079591 1.24313031276688 1.35784041020088 1.5922151224222 1.74850991275162 1.48684420110658 1.15373771288432 1.87397697381675 1.16800360521302 1.33161172876135 0.992729476187378 1.02378095965832 1.42628321796656 1.00267129042186 1.33013331214897 1.32680660649203 1.28769617993385 1.18610010156408 1.5394001766108 1.52337237726897 1.93942191172391 1.21001723222435 1.5953463697806 1.01395314652473 0 1.34146771859378 1.58402411523275 1.73352715186775 1.31532249506563
1.50175607856363 1.18275864375755 1.27032432076521 1.64275526511483 1.11040716641583 1.71130196982995 1.79282339778729 1.17484867898747 1.35461670090444 1.28163929725997 1.34419128275476 1.02338342717849 1.84303749469109 1.88476845109835 1.76997041609138 1.8539566535037 1.57690794928931 1.78655071603134 0.948099612258375 1.22996710077859 1.09425155911595 1.18049207096919 0.993833779124543 1.12008475139737 1.04141499497928 1.34146771859378 0 1.83268293808214 1.56464989529923 1.21452849032357
1.52773559768684 1.72510150214657 1.38304910878651 1.88166883285157 1.41744192875922 1.33971564774401 1.37998582050204 1.84126761625521 1.17925626900978 1.54755732230842 1.07082428107969 1.93142197164707 1.42805756628513 1.5322097109165 1.62592317606322 1.87422558385879 1.03133679903112 1.14427525899373 1.3616438973695 1.38902093330398 1.48987037292682 1.49192404188216 1.17779186973348 1.38191254343837 1.1200356525369 1.58402411523275 1.83268293808214 0 1.27259869687259 1.02905541821383
1.2295179606881 1.82106051081792 1.73174554808065 1.6464243538212 1.35498248785734 1.78541624173522 1.41922196559608 1.47911706566811 1.32962825871073 1.65666813845746 1.81911672465503 1.58331469539553 1.01901645236649 1.17483544209972 1.81279829447158 1.57829896709882 1.50866976799443 1.6500075685326 1.00293802865781 1.75840708194301 1.26413364033215 1.11992103490047 1.02331234514713 0.949733123648912 1.68756517022848 1.73352715186775 1.56464989529923 1.27259869687259 0 1.76234667049721
1.01058440702036 1.34431903949007 1.83309263642877 1.47865349170752 1.13188746618107 1.85123222181574 1.38056622375734 1.54501959192567 1.51292235706933 1.0629032147117 1.60834934958257 1.81685263453983 1.9412155712489 1.85086112096906 1.37214363599196 1.16216450021602 1.29264178453013 1.34240038623102 1.64153545768932 1.00227265828289 1.35898239235394 1.3644845278468 1.88207365642302 0.97513081273064 1.42533874302171 1.31532249506563 1.21452849032357 1.02905541821383 1.76234667049721 0
