0 1.59280356322415 1.23456127778627 1.49724465585314 1.84732745890506 1.09430038370192 1.42559663834982 1.68097646697424 1.60902579943649 0.987800140166655 1.22097603534348 1.22552706534043 1.3419486056082 1.25013648625463 1.27795462519862 1.23069714009762 1.19968246645294 1.66921359300613 1.1506910524331 0.981500984635204 1.50551234278828 1.73378180782311 0.93669639644213 1.56517547857948 1.43933829385787 1.2969484385103 1.69872037041932 1.30021229106933 1.60954604623839 1.35698096104898
1.59280356322415 0 1.02610088489018 1.5942445776891 1.19255633489229 1.21095908107236 0.955566897522658 1.0229710531421 0.932806666940451 1.18580350815319 1.71034765406512 1.67599695501849 0.928877547150478 1.04422055603936 1.2738847124856 1.53278530342504 1.11839770176448 1.57294753147289 1.83498719497584 0.938888943521306 1.8277850674931 1.80730309546925 1.04714612616226 1.70898673986085 1.33415821194649 1.13212656974792 1.45670337229967 0.893085398944095 1.01178304478526 1.07887251814827
1.23456127778627 1.02610088489018 0 1.07966433628462 1.78287245100364 1.06372832460329 1.03692141640931 0.955894500017166 1.56134057766758 1.27229989599437 1.6989244860597 1.15336239151657 0.895792252151296 0.986884291283786 1.29533454030752 1.16728683491237 1.21678640739992 1.35767354699783 1.86972384504043 1.47783849085681 1.16240434255451 1.41533203353174 1.20806271350011 1.03839456592686 1.56252661836334 1.23021193686873 1.2185639126692 1.73455066070892 1.11221056315117 0.994549185736105
1.49724465585314 1.5942445776891 1.07966433628462 0 1.12170445383526 1.46780636627227 1.0721690102946 1.83248409070075 1.54188928892836 1.62560624023899 1.28925814782269 1.76909826276824 0.890948564978316 0.973020050441846 1.73330790689215 1.10941567528062 1.55195177951828 1.51569179585204 1.32065301644616 1.35929330182262 1.70559093798511 1.01534577226266 1.86205247952603 1.21326615754515 1.85926369135268 0.889064692659304 1.26520463475026 1.31024544569664 1.2826522430405 1.18945155898109
1.84732745890506 1.19255633489229 1.78287245100364 1.12170445383526 0 0.894411278422922 1.05969475768507 1.5660019365605 1.17100759292953 1.02316389395855 1.86470810836181 1.66319847805426 1.65823763748631 1.40301430621184 1.66765138786286 1.66406219964847 1.66217913967557 1.85227743629366 1.50748008582741 1.12459454196505 1.30968878907152 1.73835324216634 1.79891314660199 1.18272865703329 0.983542337082326 1.83238505409099 1.79165515583009 0.896360472310334 1.51702060294338 1.76964739570394
1.09430038370192 1.21095908107236 1.06372832460329 1.46780636627227 0.894411278422922 0 1.76771504059434 1.43222917150706 1.81926200841554 1.45263466145843 1.69441958726384 1.4167057517916 0.97234751470387 1.52441684552468 1.06702226074412 1.54782251012512 1.60831905296072 1.61061836988665 0.904050475452095 1.7984387294855 1.11263759364374 1.24731096439064 1.66993690119125 1.7732890592888 1.62458947999403 1.65416289516725 0.948428567498922 1.59727888717316 0.921041972469538 1.84842307912186
1.42559663834982 0.955566897522658 1.03692141640931 1.0721690102946 1.05969475768507 1.76771504059434 0 0.900580120505765 1.43089866521768 0.937641329597682 1.22648551058955 1.14516974822618 1.6992696786765 1.07363427383825 1.2457600068301 1.70226601767354 1.29191381367855 1.2092098260764 1.61294135428034 1.24995750538073 1.10805684281513 1.34188065910712 1.3348563532345 1.62316737766378 1.62839246913791 1.4776717023924 1.36824561702088 0.944445547414944 1.42979381326586 1.00100097618997
1.68097646697424 1.0229710531421 0.955894500017166 1.83248409070075 1.5660019365605 1.43222917150706 0.900580120505765 0 1.87327587464824 1.67162339226343 1.65108059789054 1.85853286436759 0.941535525722429 1.51858414756134 1.37745054834522 1.10890711448155 0.916223844978958 0.939776606624946 1.03264630050398 0.979607068235055 1.72886709589511 0.899749587057158 1.13988382252865 1.21103158243932 1.26209530490451 1.56685079075396 1.27007210999727 1.10362865659408 0.929756333818659 1.06579591170885
1.60902579943649 0.932806666940451 1.56134057766758 1.54188928892836 1.17100759292953 1.81926200841554 1.43089866521768 1.87327587464824 0 1.7224687053822 1.8574163755402 1.51936911372468 1.26960988016799 1.02913157106377 1.24720014119521 1.12559840129688 1.27167175919749 1.41103903972544 0.967332643922418 1.8056812917348 0.960633831797168 1.039576822659 1.38890123204328 0.989492887165397 1.80911175813526 1.23457971238531 1.09918987401761 1.02117314748466 1.29554047412239 1.4735336008016
0.987800140166655 1.18580350815319 1.27229989599437 1.62560624023899 1.02316389395855 1.45263466145843 0.937641329597682 1.67162339226343 1.7224687053822 0 1.80453144526109 1.42542043467984 1.06146893952973 0.896101665683091 1.38529057335109 1.72458347817883 1.04750243877061 1.48938715341501 1.19335505622439 1.85597058525309 1.56181231187657 1.6976652292069 1.64655818790197 0.948019635630772 1.22815202269703 0.983751635067165 0.982710124459118 1.87830756697804 0.93986074347049 1.40403434378095
1.22097603534348 1.71034765406512 1.6989244860597 1.28925814782269 1.86470810836181 1.69441958726384 1.22648551058955 1.65108059789054 1.8574163755402 1.80453144526109 0 1.3570398488082 0.959978240309283 1.53762800246477 1.16171600553207 1.77288184920326 0.907181262504309 0.983549149241298 1.68549469509162 1.19297798350453 1.15711896121502 1.02345941727981 0.956724857212976 1.65063383826055 1.42901568580419 1.03941667103209 1.8398183665704 1.58435619925149 1.47990483418107 1.11016930849291
1.22552706534043 1.67599695501849 1.15336239151657 1.76909826276824 1.66319847805426 1.4167057517916 1.14516974822618 1.85853286436759 1.51936911372468 1.42542043467984 1.3570398488082 0 1.38027969747782 1.47945172083564 1.36610041675158 1.47008434473537 1.8821148138959 1.2285275964532 1.39468458783813 1.28818630659953 1.37545341462828 1.43576908344403 1.8831436780747 1.69302944419906 1.66419736575335 1.2678539508488 1.09874013368972 1.44836731138639 1.71568258502521 0.898700755788013
1.3419486056082 0.928877547150478 0.895792252151296 0.890948564978316 1.65823763748631 0.97234751470387 1.6992696786765 0.941535525722429 1.26960988016799 1.06146893952973 0.959978240309283 1.38027969747782 0 0.994610554771498 1.54390134010464 0.931421625195071 1.79298844723962 1.03137565683573 1.05252592777833 1.78346439939924 1.61889306688681 1.19100370793603 1.08525025635026 1.40822204016149 1.81925759441219 1.585937759839 1.18498521414585 1.09769001114182 1.64577707275748 1.8728487372864
1.25013648625463 1.04422055603936 0.986884291283786 0.973020050441846 1.40301430621184 1.52441684552468 1.07363427383825 1.51858414756134 1.02913157106377 0.896101665683091 1.53762800246477 1.47945172083564 0.994610554771498 0 1.34274477721192 0.916804572101682 1.28962422092445 1.55244065262377 0.98797269910574 1.09150322596543 1.20429658703506 1.36664188257419 1.08406326174736 1.7502981571015 0.931511765345931 1.22042676829733 1.26759284199215 1.12435938231647 1.13657839992084 1.49852364533581
1.27795462519862 1.2738847124856 1.29533454030752 1.73330790689215 1.66765138786286 1.06702226074412 1.2457600068301 1.37745054834522 1.24720014119521 1.38529057335109 1.16171600553207 1.36610041675158 1.54390134010464 1.34274477721192 0 1.15878941793926 1.83292001020163 1.79523210902698 1.48291196767241 1.86736140004359 1.10151300299913 1.8644858142361 1.34488297370262 1.42149089765735 1.64795814314857 1.46344317262992 1.34803414926864 1.5792272624094 0.979387066792697 1.14659693511203
1.23069714009762 1.53278530342504 1.16728683491237 1.10941567528062 1.66406219964847 1.54782251012512 1.70226601767354 1.10890711448155 1.12559840129688 1.72458347817883 1.77288184920326 1.47008434473537 0.931421625195071 0.916804572101682 1.15878941793926 0 1.86466871970333 1.78345107473433 1.7691056872718 1.16963662672788 1.84342528064735 1.12018852285109 1.03668647212908 1.45865985914133 1.00586078502238 0.989350396906957 1.48817397584207 1.50053164199926 1.32848502951674 1.21665063360706
1.19968246645294 1.11839770176448 1.21678640739992 1.55195177951828 1.66217913967557 1.60831905296072 1.29191381367855 0.916223844978958 1.27167175919749 1.04750243877061 0.907181262504309 1.8821148138959 1.79298844723962 1.28962422092445 1.83292001020163 1.86466871970333 0 1.1287519892212 1.65556802856736 1.84103222517297 1.154570216313 1.38273900118656 1.69712479086593 0.888588132103905 1.11272570420988 1.334704937879 1.16367488913238 0.934206071076915 1.31560143665411 1.87061370559968
1.66921359300613 1.57294753147289 1.35767354699783 1.51569179585204 1.85227743629366 1.61061836988665 1.2092098260764 0.939776606624946 1.41103903972544 1.48938715341501 0.983549149241298 1.2285275964532 1.03137565683573 1.55244065262377 1.79523210902698 1.78345107473433 1.1287519892212 0 1.43149644555524 1.72870957665145 1.36048459820449 1.66160652856342 1.67124583362602 1.09710685070604 1.72461104555987 1.06770203285851 1.68353653023951 1.45197846996598 1.2805973966606 1.48216765723191
1.1506910524331 1.83498719497584 1.86972384504043 1.32065301644616 1.50748008582741 0.904050475452095 1.61294135428034 1.03264630050398 0.967332643922418 1.19335505622439 1.68549469509162 1.39468458783813 1.05252592777833 0.98797269910574 1.48291196767241 1.7691056872718 1.65556802856736 1.43149644555524 0 1.69764686725102 1.50520296674222 1.07062012772076 0.967973000602797 1.87977474601939 1.09272520011291 1.60880893399008 1.84142677322961 1.75138627621345 1.39194157440215 1.04147454816848
0.981500984635204 0.938888943521306 1.47783849085681 1.35929330182262 1.12459454196505 1.7984387294855 1.24995750538073 0.979607068235055 1.8056812917348 1.85597058525309 1.19297798350453 1.28818630659953 1.78346439939924 1.09150322596543 1.86736140004359 1.16963662672788 1.84103222517297 1.72870957665145 1.69764686725102 0 0.977143909083679 1.08961776993237 1.67894761729985 1.40022232127376 1.59490912198089 1.60769109567627 1.33687280188315 1.08771543926559 1.47519444557838 1.53830818342976
1.50551234278828 1.8277850674931 1.16240434255451 1.70559093798511 1.30968878907152 1.11263759364374 1.10805684281513 1.72886709589511 0.960633831797168 1.56181231187657 1.15711896121502 1.37545341462828 1.61889306688681 1.20429658703506 1.10151300299913 1.84342528064735 1.154570216313 1.36048459820449 1.50520296674222 0.977143909083679 0 1.65114137833007 1.59201264288276 1.00646457821131 1.29611247894354 1.85995094012469 1.86780240037479 1.054281974677 0.94074038323015 1.0095216347836
1.73378180782311 1.80730309546925 1.41533203353174 1.01534577226266 1.73835324216634 1.24731096439064 1.34188065910712 0.899749587057158 1.039576822659 1.6976652292069 1.02345941727981 1.43576908344403 1.19100370793603 1.36664188257419 1.8644858142361 1.12018852285109 1.38273900118656 1.66160652856342 1.07062012772076 1.08961776993237 1.65114137833007 0 1.5860852340702 0.885829670820385 1.19968717894517 1.35176703357138 1.73278300394304 1.44833557377569 1.21099227457307 1.27792901941575
0.93669639644213 1.04714612616226 1.20806271350011 1.86205247952603 1.79891314660199 1.66993690119125 1.3348563532345 1.13988382252865 1.38890123204328 1.64655818790197 0.956724857212976 1.8831436780747 1.08525025635026 1.08406326174736 1.34488297370262 1.03668647212908 1.69712479086593 1.67124583362602 0.967973000602797 1.67894761729985 1.59201264288276 1.5860852340702 0 1.15016830153763 1.1684387254063 1.19630175363272 1.7678764113225 0.961462257197127 1.14103613258339 1.07828046218492
1.56517547857948 1.70898673986085 1.03839456592686 1.21326615754515 1.18272865703329 1.7732890592888 1.62316737766378 1.21103158243932 0.989492887165397 0.948019635630772 1.65063383826055 1.69302944419906 1.40822204016149 1.7502981571015 1.42149089765735 1.45865985914133 0.888588132103905 1.09710685070604 1.87977474601939 1.40022232127376 1.00646457821131 0.885829670820385 1.15016830153763 0 1.32720661233179 1.44572119344957 1.72015299252234 1.33722198172472 0.995392528595403 1.29380146297626
1.43933829385787 1.33415821194649 1.56252661836334 1.85926369135268 0.983542337082326 1.62458947999403 1.62839246913791 1.26209530490451 1.80911175813526 1.22815202269703 1.42901568580419 1.66419736575335 1.81925759441219 0.931511765345931 1.64795814314857 1.00586078502238 1.11272570420988 1.72461104555987 1.09272520011291 1.59490912198089 1.29611247894354 1.19968717894517 1.1684387254063 1.32720661233179 0 1.25520762964152 1.08214660244994 1.70072077657096 1.85261227516457 1.77992670540698
1.2969484385103 1.13212656974792 1.23021193686873 0.889064692659304 1.83238505409099 1.65416289516725 1.4776717023924 1.56685079075396 1.23457971238531 0.983751635067165 1.03941667103209 1.2678539508488 1.585937759839 1.22042676829733 1.46344317262992 0.989350396906957 1.334704937879 1.06770203285851 1.60880893399008 1.60769109567627 1.85995094012469 1.35176703357138 1.19630175363272 1.44572119344957 1.25520762964152 0 1.46007533348165 1.51545347156934 0.933864071499556 1.05429830006324
1.69872037041932 1.45670337229967 1.2185639126692 1.26520463475026 1.79165515583009 0.948428567498922 1.36824561702088 1.27007210999727 1.09918987401761 0.982710124459118 1.8398183665704 1.09874013368972 1.18498521414585 1.26759284199215 1.34803414926864 1.48817397584207 1.16367488913238 1.68353653023951 1.84142677322961 1.33687280188315 1.86780240037479 1.73278300394304 1.7678764113225 1.72015299252234 1.08214660244994 1.46007533348165 0 1.41083843121305 1.27824812289327 1.16427001170814
1.30021229106933 0.893085398944095 1.73455066070892 1.31024544569664 0.896360472310334 1.59727888717316 0.944445547414944 1.10362865659408 1.02117314748466 1.87830756697804 1.58435619925149 1.44836731138639 1.09769001114182 1.12435938231647 1.5792272624094 1.50053164199926 0.934206071076915 1.45197846996598 1.75138627621345 1.08771543926559 1.054281974677 1.44833557377569 0.961462257197127 1.33722198172472 1.70072077657096 1.51545347156934 1.41083843121305 0 1.76630826108158 1.59062434290536
1.60954604623839 1.01178304478526 1.11221056315117 1.2826522430405 1.51702060294338 0.921041972469538 1.42979381326586 0.929756333818659 1.29554047412239 0.93986074347049 1.47990483418107 1.71568258502521 1.64577707275748 1.13657839992084 0.979387066792697 1.32848502951674 1.31560143665411 1.2805973966606 1.39194157440215 1.47519444557838 0.94074038323015 1.21099227457307 1.14103613258339 0.995392528595403 1.85261227516457 0.933864071499556 1.27824812289327 1.76630826108158 0 1.84764708345756
1.35698096104898 1.07887251814827 0.994549185736105 1.18945155898109 1.76964739570394 1.84842307912186 1.00100097618997 1.06579591170885 1.4735336008016 1.40403434378095 1.11016930849291 0.898700755788013 1.8728487372864 1.49852364533581 1.14659693511203 1.21665063360706 1.87061370559968 1.48216765723191 1.04147454816848 1.53830818342976 1.0095216347836 1.27792901941575 1.07828046218492 1.29380146297626 1.77992670540698 1.05429830006324 1.16427001170814 1.59062434290536 1.84764708345756 0
