0 1.53230041149072 1.51655665691942 1.22220351547003 1.19126366241835 1.39847860555165 1.80715662031434 1.43756330152974 1.67895423714072 1.00738670513965 1.210115974769 1.31513769319281 1.19363464275375 0.964225478470325 1.65091245621443 1.16024691681378 1.52685384685174 1.9287711950019 1.84830377716571 1.44702746090479 0.95667862938717 1.5856970991008 1.72890086006373 1.59178756037727 1.45209936378524 1.02181329228915 1.35663694841787 1.7925880854018 1.78838654630817 1.09547903295606
1.53230041149072 0 1.77866087644361 1.04635854880325 1.01696489006281 1.40911395056173 1.70321620651521 1.0547278993763 1.01187904714607 1.85386492148973 1.64593270327896 1.26930220448412 1.67612980119884 1.23641488049179 1.8515052634757 1.87505559576675 1.71141276438721 1.67518932325765 1.18286971445195 1.48380691325292 1.43540287553333 1.61089825513773 1.86780345905572 1.73584514507093 1.34692004229873 1.30492103355937 1.42684656335041 1.45938210794702 1.12251062784344 1.25196627993137
1.51655665691942 1.77866087644361 0 1.31336930883117 1.53753578220494 1.22358165797777 1.03389421291649 1.08857327513397 1.57006006408483 1.91968629974872 1.17956644576043 0.983650702284649 1.61674204375595 1.65569612779655 1.57161218300462 1.33691394305788 1.29636505036615 1.43339984351769 1.22406309074722 1.14120971062221 1.68432192970067 1.03886367450468 1.31427896837704 1.15791942132637 1.76748028327711 1.8447649506852 1.1216652544681 1.14296205644496 1.86243510665372 1.49549401202239
1.22220351547003 1.04635854880325 1.31336930883117 0 1.12671124516055 0.991108575602993 1.25056486879475 1.81001453776844 1.81416585785337 1.09746099077165 0.953445735620335 1.23505633277819 1.93010483775288 1.81489707739092 1.09689700463787 1.85569380689412 1.85262449551374 1.09831888484769 1.81464231037535 1.49360598390922 1.37237462215126 1.30382346455008 1.22674755123444 1.33685870049521 1.93755294475704 1.87204332579859 1.01859868178144 1.12681680219248 1.07548374473117 1.85137806925923
1.19126366241835 1.01696489006281 1.53753578220494 1.12671124516055 0 0.945703452685848 1.10274562309496 1.54790618573315 1.89044833835214 1.48395749181509 1.90094981226139 0.944971014279872 1.5363140583504 1.708775062114 1.23594632558525 1.87271793629043 1.18890866404399 1.31760978884995 1.8328810702078 1.20164727629162 1.29503829102032 1.06292583560571 1.20853218459524 1.71209033997729 1.48987059737556 1.2076771967113 1.23310179635882 1.39899528771639 1.85531370504759 1.76085407682694
1.39847860555165 1.40911395056173 1.22358165797777 0.991108575602993 0.945703452685848 0 1.03990135621279 1.47305624419823 1.48549305973575 1.23424206627533 1.27334992075339 1.30366987013258 1.15214829519391 1.74525305093266 1.59696323331445 1.76974554080516 1.63470545224845 1.32105406885967 1.85781759978272 1.47707748715766 1.5439518801868 1.36567752878182 1.67356422333978 1.02463955944404 1.35406768578105 1.15276546496898 1.30624918686226 1.73584160069004 1.60828983830288 1.76690551242791
1.80715662031434 1.70321620651521 1.03389421291649 1.25056486879475 1.10274562309496 1.03990135621279 0 1.07256205729209 1.58858934184536 1.06907935068011 1.33896326832473 1.36699486291036 1.68678883067332 1.05444734846242 1.58628367376514 1.75457988562994 1.7284908730071 1.10294005298056 1.81606187229045 1.65299206739292 1.266601764597 1.11630432726815 1.66354683274403 1.05246222298592 1.88982108142227 1.77503477176651 1.70713479537517 1.78375849220902 1.21912491274998 1.52912596310489
1.43756330152974 1.0547278993763 1.08857327513397 1.81001453776844 1.54790618573315 1.47305624419823 1.07256205729209 0 1.05694013065659 1.28490263642743 0.966624980559573 1.36074092821218 0.999266277533025 1.75989392679185 1.84413862088695 1.18534313724376 1.8147696366068 1.06914155674167 1.40351903252304 0.962066364474595 1.12787114526145 1.9306980127003 0.971528879366815 1.00572870555334 1.37832501134835 1.47521736752242 1.43931990349665 1.49149329960346 1.8063042787835 1.06271070870571
1.67895423714072 1.01187904714607 1.57006006408483 1.81416585785337 1.89044833835214 1.48549305973575 1.58858934184536 1.05694013065659 0 1.09167064889334 1.87980977888219 1.80758449342102 1.09872961882502 1.8974047312513 1.43670616857708 1.22391676646657 1.23943026107736 1.51040154672228 1.58139818906784 1.29152822843753 0.947652332251891 1.91030272608623 1.52317564561963 1.0829344287049 1.70943575073034 1.92312634270638 1.82129246531986 1.753765366273 1.3322352913674 0.992736274609342
1.00738670513965 1.85386492148973 1.91968629974872 1.09746099077165 1.48395749181509 1.23424206627533 1.06907935068011 1.28490263642743 1.09167064889334 0 1.93176636984572 1.83341839606874 1.87442554719746 1.84049463621341 1.78774603363127 1.928116095718 1.28913192055188 0.963343246374279 1.19269833853468 1.34161584987305 1.6964841587469 1.73777977237478 1.28232405195013 1.40876062703319 1.35428513772786 1.6555984239094 1.87487265793607 1.58814077405259 1.74056454421952 1.07207828969695
1.210115974769 1.64593270327896 1.17956644576043 0.953445735620335 1.90094981226139 1.27334992075339 1.33896326832473 0.966624980559573 1.87980977888219 1.93176636984572 0 1.48226276738569 1.85793096455745 1.24367724056356 1.56408876599744 1.26885440386832 1.78408967494033 0.968423123471439 1.39182721590623 1.48105699615553 1.13644072297029 0.971370682818815 1.60829126508906 1.89755623578094 1.37082956312224 1.13271151459776 1.3017157735303 1.91226183366962 1.33730990160257 1.14064949774183
1.31513769319281 1.26930220448412 0.983650702284649 1.23505633277819 0.944971014279872 1.30366987013258 1.36699486291036 1.36074092821218 1.80758449342102 1.83341839606874 1.48226276738569 0 1.72400227887556 1.21499696443789 1.38230301160365 1.44268555520102 1.69429723522626 1.26581907295622 1.78433839557692 1.50929977954365 1.64234704128467 1.79795351508074 1.57046415144578 1.77524967980571 1.89673318387941 1.71332484902814 1.25953656667843 0.959387879585847 1.34026713110507 1.3726214771159
1.19363464275375 1.67612980119884 1.61674204375595 1.93010483775288 1.5363140583504 1.15214829519391 1.68678883067332 0.999266277533025 1.09872961882502 1.87442554719746 1.85793096455745 1.72400227887556 0 1.40419694944285 1.18080259743147 1.39539068285376 1.00051332497969 1.24373846570961 1.81259787362069 1.51852908241563 1.54547228035517 1.49290792923421 1.22391645913012 1.54425523267128 0.983658008743078 1.11338394228369 1.70129599329084 1.19629272632301 1.48678969684988 1.39122897689231
0.964225478470325 1.23641488049179 1.65569612779655 1.81489707739092 1.708775062114 1.74525305093266 1.05444734846242 1.75989392679185 1.8974047312513 1.84049463621341 1.24367724056356 1.21499696443789 1.40419694944285 0 1.93401817488484 1.45353184523992 1.03878076118417 1.58883570856415 1.52686464320868 1.51482509612106 1.69931253790855 1.83008794975467 1.87584693171084 1.76384621206671 1.49325920315459 1.66457635187544 1.37904059956782 1.91173734632321 1.79913496528752 1.08330065500923
1.65091245621443 1.8515052634757 1.57161218300462 1.09689700463787 1.23594632558525 1.59696323331445 1.58628367376514 1.84413862088695 1.43670616857708 1.78774603363127 1.56408876599744 1.38230301160365 1.18080259743147 1.93401817488484 0 1.57016132981516 1.07256678724661 1.69572062650695 0.989612114848569 1.34399498556741 1.76156097766943 1.21209649764933 1.92806090414524 1.23964328225702 1.2517304548528 1.24607093725353 1.07939857942984 1.67093575908802 1.72500931215473 1.68989160354249
1.16024691681378 1.87505559576675 1.33691394305788 1.85569380689412 1.87271793629043 1.76974554080516 1.75457988562994 1.18534313724376 1.22391676646657 1.928116095718 1.26885440386832 1.44268555520102 1.39539068285376 1.45353184523992 1.57016132981516 0 1.03201211406849 1.62814020900987 1.71590090310201 1.30815686029382 1.44751969305798 0.952303271042183 1.8402146443259 1.07048980193213 1.20525358989835 1.24982971558347 1.72864533145912 1.11888501187786 1.34976387768984 1.85853576869704
1.52685384685174 1.71141276438721 1.29636505036615 1.85262449551374 1.18890866404399 1.63470545224845 1.7284908730071 1.8147696366068 1.23943026107736 1.28913192055188 1.78408967494033 1.69429723522626 1.00051332497969 1.03878076118417 1.07256678724661 1.03201211406849 0 1.22257962985896 1.63176815141924 1.83567187213339 1.75915426225401 0.986876903334633 1.20543557615019 1.19754713890143 1.14516216563061 1.31283890060149 1.0539651918225 1.67343851202168 1.83124575880356 1.53133126045577
1.9287711950019 1.67518932325765 1.43339984351769 1.09831888484769 1.31760978884995 1.32105406885967 1.10294005298056 1.06914155674167 1.51040154672228 0.963343246374279 0.968423123471439 1.26581907295622 1.24373846570961 1.58883570856415 1.69572062650695 1.62814020900987 1.22257962985896 0 1.77246632822789 0.95643504220061 1.86413984117098 1.43783779256046 1.61278951703571 1.24631246528588 1.19572008564137 1.69086504005827 1.14310052758083 1.73925136285834 1.05246430402622 1.11790544213727
1.84830377716571 1.18286971445195 1.22406309074722 1.81464231037535 1.8328810702078 1.85781759978272 1.81606187229045 1.40351903252304 1.58139818906784 1.19269833853468 1.39182721590623 1.78433839557692 1.81259787362069 1.52686464320868 0.989612114848569 1.71590090310201 1.63176815141924 1.77246632822789 0 0.961338992929086 1.22654075291939 1.58136010169983 1.81782845035195 1.03685973910615 1.53289240738377 1.35946115129627 1.01737803220749 1.72867641737685 1.4010016284883 1.58718470484018
1.44702746090479 1.48380691325292 1.14120971062221 1.49360598390922 1.20164727629162 1.47707748715766 1.65299206739292 0.962066364474595 1.29152822843753 1.34161584987305 1.48105699615553 1.50929977954365 1.51852908241563 1.51482509612106 1.34399498556741 1.30815686029382 1.83567187213339 0.95643504220061 0.961338992929086 0 1.38064358429983 1.93756970763206 1.36352177336812 1.18362008244731 1.50017424114048 1.19742857129313 1.61264095944352 1.51479941816069 1.35788115789182 1.86961123649962
0.95667862938717 1.43540287553333 1.68432192970067 1.37237462215126 1.29503829102032 1.5439518801868 1.266601764597 1.12787114526145 0.947652332251891 1.6964841587469 1.13644072297029 1.64234704128467 1.54547228035517 1.69931253790855 1.76156097766943 1.44751969305798 1.75915426225401 1.86413984117098 1.22654075291939 1.38064358429983 0 1.15571291628294 0.976058886153623 1.5169180855155 0.956865014042705 1.54813470691442 1.5151968554128 1.50795175856911 1.17761552147567 1.20597031223588
1.5856970991008 1.61089825513773 1.03886367450468 1.30382346455008 1.06292583560571 1.36567752878182 1.11630432726815 1.9306980127003 1.91030272608623 1.73777977237478 0.971370682818815 1.79795351508074 1.49290792923421 1.83008794975467 1.21209649764933 0.952303271042183 0.986876903334633 1.43783779256046 1.58136010169983 1.93756970763206 1.15571291628294 0 1.20825820369646 1.02820103149861 1.2628164475318 1.26165982079692 1.02633152273484 1.87524397787638 1.51061672018841 1.29055248387158
1.72890086006373 1.86780345905572 1.31427896837704 1.22674755123444 1.20853218459524 1.67356422333978 1.66354683274403 0.971528879366815 1.52317564561963 1.28232405195013 1.60829126508906 1.57046415144578 1.22391645913012 1.87584693171084 1.92806090414524 1.8402146443259 1.20543557615019 1.61278951703571 1.81782845035195 1.36352177336812 0.976058886153623 1.20825820369646 0 1.39864491880871 1.68286089436151 1.50831745821051 1.64795393706299 1.30533596151508 0.968040508683771 1.68359824176878
1.59178756037727 1.73584514507093 1.15791942132637 1.33685870049521 1.71209033997729 1.02463955944404 1.05246222298592 1.00572870555334 1.0829344287049 1.40876062703319 1.89755623578094 1.77524967980571 1.54425523267128 1.76384621206671 1.23964328225702 1.07048980193213 1.19754713890143 1.24631246528588 1.03685973910615 1.18362008244731 1.5169180855155 1.02820103149861 1.39864491880871 0 1.37696966947988 1.30687388777733 1.76323906588368 1.54112879256718 1.21846059919335 1.44870936567895
1.45209936378524 1.34692004229873 1.76748028327711 1.93755294475704 1.48987059737556 1.35406768578105 1.88982108142227 1.37832501134835 1.70943575073034 1.35428513772786 1.37082956312224 1.89673318387941 0.983658008743078 1.49325920315459 1.2517304548528 1.20525358989835 1.14516216563061 1.19572008564137 1.53289240738377 1.50017424114048 0.956865014042705 1.2628164475318 1.68286089436151 1.37696966947988 0 1.61213275743648 1.81809449801221 1.91038118279539 1.16673542186618 1.74009246542118
1.02181329228915 1.30492103355937 1.8447649506852 1.87204332579859 1.2076771967113 1.15276546496898 1.77503477176651 1.47521736752242 1.92312634270638 1.6555984239094 1.13271151459776 1.71332484902814 1.11338394228369 1.66457635187544 1.24607093725353 1.24982971558347 1.31283890060149 1.69086504005827 1.35946115129627 1.19742857129313 1.54813470691442 1.26165982079692 1.50831745821051 1.30687388777733 1.61213275743648 0 0.9600827365648 1.03718860540539 1.23760849423707 0.993034372571856
1.35663694841787 1.42684656335041 1.1216652544681 1.01859868178144 1.23310179635882 1.30624918686226 1.70713479537517 1.43931990349665 1.82129246531986 1.87487265793607 1.3017157735303 1.25953656667843 1.70129599329084 1.37904059956782 1.07939857942984 1.72864533145912 1.0539651918225 1.14310052758083 1.01737803220749 1.61264095944352 1.5151968554128 1.02633152273484 1.64795393706299 1.76323906588368 1.81809449801221 0.9600827365648 0 1.87564170593396 1.57944104378112 1.3587000365369
1.7925880854018 1.45938210794702 1.14296205644496 1.12681680219248 1.39899528771639 1.73584160069004 1.78375849220902 1.49149329960346 1.753765366273 1.58814077405259 1.91226183366962 0.959387879585847 1.19629272632301 1.91173734632321 1.67093575908802 1.11888501187786 1.67343851202168 1.73925136285834 1.72867641737685 1.51479941816069 1.50795175856911 1.87524397787638 1.30533596151508 1.54112879256718 1.91038118279539 1.03718860540539 1.87564170593396 0 1.81823055702262 0.987679978366941
1.78838654630817 1.12251062784344 1.86243510665372 1.07548374473117 1.85531370504759 1.60828983830288 1.21912491274998 1.8063042787835 1.3322352913674 1.74056454421952 1.33730990160257 1.34026713110507 1.48678969684988 1.79913496528752 1.72500931215473 1.34976387768984 1.83124575880356 1.05246430402622 1.4010016284883 1.35788115789182 1.17761552147567 1.51061672018841 0.968040508683771 1.21846059919335 1.16673542186618 1.23760849423707 1.57944104378112 1.81823055702262 0 1.93589972238988
1.09547903295606 1.25196627993137 1.49549401202239 1.85137806925923 1.76085407682694 1.76690551242791 1.52912596310489 1.06271070870571 0.992736274609342 1.07207828969695 1.14064949774183 1.3726214771159 1.39122897689231 1.08330065500923 1.68989160354249 1.85853576869704 1.53133126045577 1.11790544213727 1.58718470484018 1.86961123649962 1.20597031223588 1.29055248387158 1.68359824176878 1.44870936567895 1.74009246542118 0.993034372571856 1.3587000365369 0.987679978366941 1.93589972238988 0
