0 1.26628285786137 1.0257441746071 1.26015854510479 1.0198713124264 1.34967687306926 1.46198837645352 0.902321967529133 1.74070078250952 1.18303435458802 0.960480491397902 0.96427155751735 1.13238177169114 1.00427894829772 1.62736657797359 1.18967182259075 1.24653941579163 1.2487846959848 0.994674520101398 1.1564592064824 1.86755678919144 1.50586604722776 1.81147286552005 0.976309427991509 0.948295299895108 1.696653499268 1.51895018969662 1.42388191446662 1.80231494060718 0.951071272604167
1.26628285786137 0 1.46352640143596 1.4749141219072 1.85196484718472 1.79453930654563 1.74069756502286 0.922632343368605 1.64225645712577 1.34733422519639 1.28253772901371 1.25366172916256 1.03892720094882 1.21252603805624 1.59853401500732 1.61597812711261 1.73187519120984 1.34483869792894 1.38133309292607 1.35265018604696 1.28646037029102 1.37199339875951 1.78534546354786 1.53705809847452 1.74178814888 1.14978415286168 0.943537130253389 1.05375583656132 1.53208480007015 1.15728290542029
1.0257441746071 1.46352640143596 0 1.0140252802521 1.23664285591803 1.42326811794192 1.2389638654422 1.13296755752526 1.26616549654864 1.27332974388264 0.905567951267585 1.18669413612224 1.63015702040866 0.886808071285486 1.85190352844074 1.71647953148931 1.58337061409838 1.82202607649378 1.14230841770768 1.38314642710611 1.49795350152999 1.11010298621841 1.1238480694592 0.935916626825929 0.979660650715232 1.13903226912953 0.934132404625416 1.31406388105825 1.13818780821748 1.5449848358985
1.26015854510479 1.4749141219072 1.0140252802521 0 1.54746939311735 1.81503016245551 1.50147814839147 1.2347701692488 1.31926467223093 1.21156589034945 1.07361221965402 1.14914923347533 1.13034604699351 0.991375555749983 1.12164615374058 1.38399902707897 1.5871731035877 1.73479067347944 1.45701753208414 1.52796754334122 1.41166770760901 1.77881267643534 1.11457607289776 1.05516180163249 1.52125155623071 1.50032235006802 1.52761305915192 1.50342456670478 1.20188352046534 0.996616423828527
1.0198713124264 1.85196484718472 1.23664285591803 1.54746939311735 0 1.30446932720952 1.04968332289718 1.46501490916125 0.992516533937305 1.34560991171747 1.30715083796531 1.78308574459516 1.1622588080354 1.52539376728237 1.21704277419485 1.60720753413625 1.23153496184386 0.925458517391235 1.21320248791017 0.997780203353614 1.6939542402979 1.53232243889943 1.77600047900341 1.36812581657432 1.08152008196339 1.29652086482383 1.04050009022467 1.21446173125878 1.45254521956667 1.02565237530507
1.34967687306926 1.79453930654563 1.42326811794192 1.81503016245551 1.30446932720952 0 1.696700128261 1.33386726723984 1.25725191482343 1.41688129375689 1.30722694518045 1.21845553233288 0.918978940695524 1.43405333231203 1.39313958841376 1.42870365106501 1.80488262232393 1.6694263133686 1.55479973973706 1.77326474152505 1.08355500223115 1.84692547377199 1.50112525094301 1.78684086189605 0.900061429012567 1.58682497637346 1.71626800601371 1.85728588304482 1.09943403908983 1.64156074565835
1.46198837645352 1.74069756502286 1.2389638654422 1.50147814839147 1.04968332289718 1.696700128261 0 0.959984473418444 1.09099757741205 1.38749279174954 1.33663751906715 1.61475155223161 0.907507086638361 1.73104211082682 1.7951838511508 1.50500742672011 1.07112558279186 1.62170812766999 0.975290985312313 1.48960561514832 1.82289415644482 1.41754375258461 1.87060332135297 1.14029632159509 0.926125806290656 1.17676749383099 1.32766206306405 1.73911302327178 0.929199629230425 1.61003628396429
0.902321967529133 0.922632343368605 1.13296755752526 1.2347701692488 1.46501490916125 1.33386726723984 0.959984473418444 0 1.06022683065385 1.31315172463655 1.55520950141363 1.55024876538664 1.05707194004208 1.87376083340496 1.87176518281922 1.78625659551471 1.59404998691753 1.29410194209777 1.15553350606933 1.83504424756393 1.21782077802345 1.88128944393247 0.988295434275642 1.07249980093911 0.948722216766328 1.60668199392967 0.923195655690506 1.73058868898079 1.23611268145032 1.46458739601076
1.74070078250952 1.64225645712577 1.26616549654864 1.31926467223093 0.992516533937305 1.25725191482343 1.09099757741205 1.06022683065385 0 0.907345516374335 1.67750187567435 1.63644800987095 1.26377554517239 1.28110224800184 1.02666738512926 1.54041319503449 1.53431136021391 1.62793068424799 1.49053745833226 1.29242934053764 1.86813247576356 1.83434473304078 1.15981625346467 1.46790334023535 1.18011557776481 0.951869442826137 1.0369102738332 1.87808226328343 1.64092546352185 1.63426577090286
1.18303435458802 1.34733422519639 1.27332974388264 1.21156589034945 1.34560991171747 1.41688129375689 1.38749279174954 1.31315172463655 0.907345516374335 0 1.53261002106592 0.997014571446925 1.37263010488823 1.69605209771544 1.33100358629599 1.13312503206544 0.960604079300538 1.78260261774994 1.22273775446229 0.906710341805592 1.81737296562642 1.28819264261983 1.03919474058785 1.07504147919826 1.83794293110259 1.76052566454746 1.47085711336695 1.77725348016247 0.923824879107997 1.11755327228457
0.960480491397902 1.28253772901371 0.905567951267585 1.07361221965402 1.30715083796531 1.30722694518045 1.33663751906715 1.55520950141363 1.67750187567435 1.53261002106592 0 1.63817656715401 1.57330448739231 1.43206754559651 1.3327377832029 1.62003470165655 1.60327297472395 1.72510932688601 1.87240455741994 1.65586289647035 1.13749605580233 1.85766312829219 1.18630406772718 1.00489803636447 0.886750804027542 1.65952847781591 1.28831068612635 1.25667935796082 1.64588636509143 1.20344973541796
0.96427155751735 1.25366172916256 1.18669413612224 1.14914923347533 1.78308574459516 1.21845553233288 1.61475155223161 1.55024876538664 1.63644800987095 0.997014571446925 1.63817656715401 0 1.57833357853815 1.47937680431642 1.67041057627648 1.86921418597922 0.943519318941981 1.44057467766106 1.01576008903794 1.63468492520042 1.32741272822022 1.77669111872092 1.13675258355215 1.79254536237568 1.06090111238882 0.966649840585887 1.74177374411374 1.24073748034425 1.36915912176482 1.75357915065251
1.13238177169114 1.03892720094882 1.63015702040866 1.13034604699351 1.1622588080354 0.918978940695524 0.907507086638361 1.05707194004208 1.26377554517239 1.37263010488823 1.57330448739231 1.57833357853815 0 1.41442004917189 1.39995680679567 1.06415928830393 0.956353651126847 1.54249519784935 1.61896195844747 1.29272714629769 1.12732057808898 1.44821417029016 0.96764876646921 1.48988282075152 1.53665108419955 1.65275767189451 1.31021277536638 1.20078945974819 1.79193762294017 1.86210289574228
1.00427894829772 1.21252603805624 0.886808071285486 0.991375555749983 1.52539376728237 1.43405333231203 1.73104211082682 1.87376083340496 1.28110224800184 1.69605209771544 1.43206754559651 1.47937680431642 1.41442004917189 0 1.5715730371885 1.08444252284244 1.67809397354722 1.61813150928356 0.936091032344848 1.09650661819614 1.69397515058517 1.16941916523501 1.34417533199303 1.19324720837176 1.36691109603271 1.04015541938134 1.05831024888903 1.69422599114478 1.47548705199733 1.23467829287983
1.62736657797359 1.59853401500732 1.85190352844074 1.12164615374058 1.21704277419485 1.39313958841376 1.7951838511508 1.87176518281922 1.02666738512926 1.33100358629599 1.3327377832029 1.67041057627648 1.39995680679567 1.5715730371885 0 0.909190820762888 1.76080034207553 1.59494016226381 1.24480600841343 1.40799804055132 1.43453592597507 1.21973388921469 1.55511904740706 1.47860576328821 1.86665501631796 1.23455532290973 1.54562387662008 1.45963072800077 1.1137283956632 1.43777863681316
1.18967182259075 1.61597812711261 1.71647953148931 1.38399902707897 1.60720753413625 1.42870365106501 1.50500742672011 1.78625659551471 1.54041319503449 1.13312503206544 1.62003470165655 1.86921418597922 1.06415928830393 1.08444252284244 0.909190820762888 0 1.4997786374297 0.898068912094459 1.72410955093801 1.53196191811003 1.60494130337611 1.15324875153601 1.04459122056141 1.38939556572586 1.38687649695203 0.976978038903326 1.21142142429017 1.77635510335676 1.32024498982355 1.38003570330329
1.24653941579163 1.73187519120984 1.58337061409838 1.5871731035877 1.23153496184386 1.80488262232393 1.07112558279186 1.59404998691753 1.53431136021391 0.960604079300538 1.60327297472395 0.943519318941981 0.956353651126847 1.67809397354722 1.76080034207553 1.4997786374297 0 1.80491330288351 0.977834904566407 1.86731442110613 1.05396290309727 0.966892182361335 1.62183258729056 1.03945807204582 0.907080191653222 1.36918006767519 1.37455262220465 1.07757982844487 1.60781601839699 1.69642826216295
1.2487846959848 1.34483869792894 1.82202607649378 1.73479067347944 0.925458517391235 1.6694263133686 1.62170812766999 1.29410194209777 1.62793068424799 1.78260261774994 1.72510932688601 1.44057467766106 1.54249519784935 1.61813150928356 1.59494016226381 0.898068912094459 1.80491330288351 0 0.933297467185184 1.19787783385254 1.78391809645109 0.955716095864773 1.18808413669467 1.84161579422653 1.64624515571631 1.09285085485317 1.62127676745877 1.09699425613508 1.69246539613232 1.54836162598804
0.994674520101398 1.38133309292607 1.14230841770768 1.45701753208414 1.21320248791017 1.55479973973706 0.975290985312313 1.15553350606933 1.49053745833226 1.22273775446229 1.87240455741994 1.01576008903794 1.61896195844747 0.936091032344848 1.24480600841343 1.72410955093801 0.977834904566407 0.933297467185184 0 1.34713191213086 1.80683357128873 1.18283162894659 1.17686705244705 0.968442098004743 1.84948514192365 1.65468043996952 1.11829623160884 1.56383043969981 0.984016512287781 1.75418789428659
1.1564592064824 1.35265018604696 1.38314642710611 1.52796754334122 0.997780203353614 1.77326474152505 1.48960561514832 1.83504424756393 1.29242934053764 0.906710341805592 1.65586289647035 1.63468492520042 1.29272714629769 1.09650661819614 1.40799804055132 1.53196191811003 1.86731442110613 1.19787783385254 1.34713191213086 0 1.15998360142112 1.68752048863098 1.24644035333768 0.983571445336565 1.3652045163326 1.65092366212048 1.32732347934507 1.33316754642874 1.48804578743875 1.7271020594053
1.86755678919144 1.28646037029102 1.49795350152999 1.41166770760901 1.6939542402979 1.08355500223115 1.82289415644482 1.21782077802345 1.86813247576356 1.81737296562642 1.13749605580233 1.32741272822022 1.12732057808898 1.69397515058517 1.43453592597507 1.60494130337611 1.05396290309727 1.78391809645109 1.80683357128873 1.15998360142112 0 1.7549411568325 1.55676444387063 1.05437073064968 1.42213152744807 1.30527394055389 1.68788968143053 1.21208494831808 1.35065656458028 1.15188641985878
1.50586604722776 1.37199339875951 1.11010298621841 1.77881267643534 1.53232243889943 1.84692547377199 1.41754375258461 1.88128944393247 1.83434473304078 1.28819264261983 1.85766312829219 1.77669111872092 1.44821417029016 1.16941916523501 1.21973388921469 1.15324875153601 0.966892182361335 0.955716095864773 1.18283162894659 1.68752048863098 1.7549411568325 0 1.36053552734666 1.17368068103679 1.18223084113561 1.77827330981381 1.70631692442112 1.71489506075159 1.36124338186346 1.19530491391197
1.81147286552005 1.78534546354786 1.1238480694592 1.11457607289776 1.77600047900341 1.50112525094301 1.87060332135297 0.988295434275642 1.15981625346467 1.03919474058785 1.18630406772718 1.13675258355215 0.96764876646921 1.34417533199303 1.55511904740706 1.04459122056141 1.62183258729056 1.18808413669467 1.17686705244705 1.24644035333768 1.55676444387063 1.36053552734666 0 1.39614772307687 1.2000697075855 0.925709355855361 1.26155322836712 1.0716206538491 1.48731835582294 1.4329320602119
0.976309427991509 1.53705809847452 0.935916626825929 1.05516180163249 1.36812581657432 1.78684086189605 1.14029632159509 1.07249980093911 1.46790334023535 1.07504147919826 1.00489803636447 1.79254536237568 1.48988282075152 1.19324720837176 1.47860576328821 1.38939556572586 1.03945807204582 1.84161579422653 0.968442098004743 0.983571445336565 1.05437073064968 1.17368068103679 1.39614772307687 0 1.36199624999426 1.73091541905887 1.30053497455083 1.29888096475042 1.23550482862629 1.84218480414711
0.948295299895108 1.74178814888 0.979660650715232 1.52125155623071 1.08152008196339 0.900061429012567 0.926125806290656 0.948722216766328 1.18011557776481 1.83794293110259 0.886750804027542 1.06090111238882 1.53665108419955 1.36691109603271 1.86665501631796 1.38687649695203 0.907080191653222 1.64624515571631 1.84948514192365 1.3652045163326 1.42213152744807 1.18223084113561 1.2000697075855 1.36199624999426 0 1.24468434229493 1.06628751289099 1.46183101925999 1.26406620000489 1.1113459051121
1.696653499268 1.14978415286168 1.13903226912953 1.50032235006802 1.29652086482383 1.58682497637346 1.17676749383099 1.60668199392967 0.951869442826137 1.76052566454746 1.65952847781591 0.966649840585887 1.65275767189451 1.04015541938134 1.23455532290973 0.976978038903326 1.36918006767519 1.09285085485317 1.65468043996952 1.65092366212048 1.30527394055389 1.77827330981381 0.925709355855361 1.73091541905887 1.24468434229493 0 1.14100819663145 1.66643044119701 1.2761929074768 1.02225822629407
1.51895018969662 0.943537130253389 0.934132404625416 1.52761305915192 1.04050009022467 1.71626800601371 1.32766206306405 0.923195655690506 1.0369102738332 1.47085711336695 1.28831068612635 1.74177374411374 1.31021277536638 1.05831024888903 1.54562387662008 1.21142142429017 1.37455262220465 1.62127676745877 1.11829623160884 1.32732347934507 1.68788968143053 1.70631692442112 1.26155322836712 1.30053497455083 1.06628751289099 1.14100819663145 0 1.65790289035067 1.84763378626667 1.63515358581208
1.42388191446662 1.05375583656132 1.31406388105825 1.50342456670478 1.21446173125878 1.85728588304482 1.73911302327178 1.73058868898079 1.87808226328343 1.77725348016247 1.25667935796082 1.24073748034425 1.20078945974819 1.69422599114478 1.45963072800077 1.77635510335676 1.07757982844487 1.09699425613508 1.56383043969981 1.33316754642874 1.21208494831808 1.71489506075159 1.0716206538491 1.29888096475042 1.46183101925999 1.66643044119701 1.65790289035067 0 1.04364229994826 1.70716135506518
1.80231494060718 1.53208480007015 1.13818780821748 1.20188352046534 1.45254521956667 1.09943403908983 0.929199629230425 1.23611268145032 1.64092546352185 0.923824879107997 1.64588636509143 1.36915912176482 1.79193762294017 1.47548705199733 1.1137283956632 1.32024498982355 1.60781601839699 1.69246539613232 0.984016512287781 1.48804578743875 1.35065656458028 1.36124338186346 1.48731835582294 1.23550482862629 1.26406620000489 1.2761929074768 1.84763378626667 1.04364229994826 0 1.56010605650954
0.951071272604167 1.15728290542029 1.5449848358985 0.996616423828527 1.02565237530507 1.64156074565835 1.61003628396429 1.46458739601076 1.63426577090286 1.11755327228457 1.20344973541796 1.75357915065251 1.86210289574228 1.23467829287983 1.43777863681316 1.38003570330329 1.69642826216295 1.54836162598804 1.75418789428659 1.7271020594053 1.15188641985878 1.19530491391197 1.4329320602119 1.84218480414711 1.1113459051121 1.02225822629407 1.63515358581208 1.70716135506518 1.56010605650954 0
