0 1.63097135047428 1.82744795386679 1.87940711993724 1.32647534785792 1.19745525461622 0.946593427332118 1.81849385029636 1.04806045885198 1.7577572921291 1.34860806004144 1.84606268815696 1.62782976543531 1.26632724027149 1.79723019618541 1.04554649675265 1.61273402697407 1.13144718017429 1.41313972952776 1.78516632854007 1.47700254968368 1.02977016125806 1.79097936814651 1.730064162286 1.56131951347925 1.52274384931661 1.05008841585368 1.04815955157392 1.7509926315397 1.6738314232789
1.63097135047428 0 1.49458828358911 1.74472335726023 1.50657101883553 1.85524492408149 1.31959998910315 1.57633382827044 1.73884426173754 1.87698573037051 1.84176730387844 1.21772080520168 1.84461714955978 1.60162055911496 1.2834974990692 1.63921653502621 1.43090685363859 1.15794799174182 1.64806121285073 1.20640781475231 1.28031172184274 1.55109896534123 1.03328451700509 1.2691496592015 1.01075353100896 1.22283947700635 1.10008466569707 1.91985222510993 1.0160253290087 1.82525326288305
1.82744795386679 1.49458828358911 0 1.73780509317294 1.4774861515034 1.44433982437477 1.81013415637426 1.14027322037145 1.28700627014041 0.949811347061768 0.935380809009075 1.00274567538872 0.963695558020845 1.83404212188907 1.12017939472571 1.69910233700648 1.1803989643231 1.18822888052091 0.997188984183595 1.55397616769187 1.76552864792757 1.52793291048147 1.24880907591432 1.09459880320355 1.34735766402446 1.87539962492883 1.42653891374357 1.09436349454336 1.05543396109715 1.68387143267319
1.87940711993724 1.74472335726023 1.73780509317294 0 1.26345379394479 1.8501096975524 1.59275466832332 0.981306081404909 1.58925309707411 1.6764617417939 1.14216507854871 0.996879898710176 1.78385104495101 0.956274383235723 1.39076978806406 1.43794668721966 1.77837192080915 1.54796237777919 1.52620523306541 1.10438911453821 1.47280769399367 1.7777735623531 1.32332424074411 1.50950321787968 1.4393387902528 1.21756135858595 1.17152116447687 1.35733785224147 1.03799042594619 1.08495374047197
1.32647534785792 1.50657101883553 1.4774861515034 1.26345379394479 0 1.38042822456919 1.08095769979991 1.5836230579298 0.948508618865162 1.42789429635741 1.55343598662876 1.86876103724353 1.16248265025206 0.938458062009886 1.22170590539463 1.49888247577474 1.24886491103098 1.08671335177496 1.13987123221159 1.12211388209835 1.30218516360037 1.59609527233988 1.52541839098558 1.67753928434104 1.08590603386983 1.86688635544851 1.13101063645445 1.48783223773353 1.53287565661594 1.87094385712408
1.19745525461622 1.85524492408149 1.44433982437477 1.8501096975524 1.38042822456919 0 1.91756384843029 1.21714659593999 1.21780461934395 1.28180560655892 1.02997286478058 1.27742624399252 1.23038159636781 1.84949748241343 1.41509383544326 1.56613983144052 1.44317585974932 1.13964400300756 1.40706742601469 1.85316641512327 1.31860569608398 1.57953439117409 1.8756567442324 1.80990840867162 1.46774717490189 1.40742695983499 0.997288646409288 1.73640095349401 0.932265720330179 1.38211073260754
0.946593427332118 1.31959998910315 1.81013415637426 1.59275466832332 1.08095769979991 1.91756384843029 0 1.78379273228347 1.2992657951545 1.5830101990141 1.65411291155033 1.29784703697078 1.14769987482578 0.939356788061559 1.13627145602368 1.27717583859339 1.88772234134376 1.88657726673409 1.59581398335285 1.19976330921054 1.57340577826835 1.14468165789731 1.47566112782806 1.12324502388947 1.31751545751467 1.53916255175136 1.74449584004469 1.34246613993309 1.50793839269318 1.3349137774203
1.81849385029636 1.57633382827044 1.14027322037145 0.981306081404909 1.5836230579298 1.21714659593999 1.78379273228347 0 1.06753819203004 1.01316829002462 1.3670963125769 1.02768731862307 1.02947506401688 1.66830234392546 1.35052344063297 1.57813238166273 1.39243389084004 1.77789626666345 1.15424431511201 0.95654175337404 1.66861461405642 1.8868812310975 1.45380878751166 1.76295438571833 1.27073203655891 1.03077379707247 1.84899942879565 1.80200707074255 1.70079743256792 1.51457176101394
1.04806045885198 1.73884426173754 1.28700627014041 1.58925309707411 0.948508618865162 1.21780461934395 1.2992657951545 1.06753819203004 0 1.70413720211945 1.36424770625308 1.71233968925662 1.3998855529353 1.3704118183814 1.27015638723969 1.16343657299876 1.50940410816111 1.72365351277404 1.63267199741676 1.79389369767159 1.64567753439769 1.58619602280669 1.62211063783616 1.19899500510655 1.14301769598387 1.29342694114894 1.40754812746309 1.69954562280327 1.0988305832725 0.983305151574314
1.7577572921291 1.87698573037051 0.949811347061768 1.6764617417939 1.42789429635741 1.28180560655892 1.5830101990141 1.01316829002462 1.70413720211945 0 1.62638856633566 1.06970420503058 1.7804768178612 1.27658590604551 1.21295668161474 1.55618107225746 1.84080406650901 1.47647741227411 1.1373689447064 1.27587954932824 1.1964930917602 1.62838807655498 1.56034586997703 1.12875318177976 1.37946762423962 1.13356789131649 1.26436368818395 1.50978561653756 1.2849253823515 1.92093294439837
1.34860806004144 1.84176730387844 0.935380809009075 1.14216507854871 1.55343598662876 1.02997286478058 1.65411291155033 1.3670963125769 1.36424770625308 1.62638856633566 0 1.28989191958681 1.06225416110829 1.25297126267105 1.07806718186475 1.61967544816434 1.59734014887363 1.62120232218876 1.31280073849484 1.1688052599784 1.20443005138077 1.56238187360577 0.955922049237415 1.80014743609354 1.4997213287279 1.87158181983978 1.38120431778952 1.77425911836326 1.81321516353637 1.40720927971415
1.84606268815696 1.21772080520168 1.00274567538872 0.996879898710176 1.86876103724353 1.27742624399252 1.29784703697078 1.02768731862307 1.71233968925662 1.06970420503058 1.28989191958681 0 1.53302670130506 1.69956516590901 1.78551043919288 1.47117240796797 1.5127055759076 1.3540104185231 1.32930933940224 1.9027817689348 0.999852773966268 1.0607143077068 1.41457074810751 0.987442076671869 0.956617569318041 1.6472434529569 1.45355424820445 1.09236798062921 1.11573385400698 0.938509858213365
1.62782976543531 1.84461714955978 0.963695558020845 1.78385104495101 1.16248265025206 1.23038159636781 1.14769987482578 1.02947506401688 1.3998855529353 1.7804768178612 1.06225416110829 1.53302670130506 0 1.15255243750289 0.987992751877755 1.45013689342886 1.25525250914507 1.17434457875788 1.85565962409601 1.55986742302775 1.89840301382355 1.4358775250148 1.3084816171322 1.70085497875698 1.21980824624188 1.37680589896627 1.88970114220865 1.68710265727714 1.22435007290915 1.53565386589617
1.26632724027149 1.60162055911496 1.83404212188907 0.956274383235723 0.938458062009886 1.84949748241343 0.939356788061559 1.66830234392546 1.3704118183814 1.27658590604551 1.25297126267105 1.69956516590901 1.15255243750289 0 1.47341190394945 1.85844950354658 0.948365553282201 1.324226685334 1.81905738823116 1.61095737386495 1.35081667010672 1.1691403798759 1.79195217788219 1.35514220129699 1.76867074961774 1.53593097371049 0.934831319376826 1.07023044372909 1.40030474262312 1.04080346808769
1.79723019618541 1.2834974990692 1.12017939472571 1.39076978806406 1.22170590539463 1.41509383544326 1.13627145602368 1.35052344063297 1.27015638723969 1.21295668161474 1.07806718186475 1.78551043919288 0.987992751877755 1.47341190394945 0 1.75263124634512 1.43532990571111 1.28980790940113 1.86530818953179 1.1012886010576 0.972202086821198 1.75204571825452 1.22512900270522 1.68223064439371 1.44010521867312 1.39954829867929 1.25730363721959 1.68647770537063 1.18196133896708 1.91793875605799
1.04554649675265 1.63921653502621 1.69910233700648 1.43794668721966 1.49888247577474 1.56613983144052 1.27717583859339 1.57813238166273 1.16343657299876 1.55618107225746 1.61967544816434 1.47117240796797 1.45013689342886 1.85844950354658 1.75263124634512 0 1.39650241914205 1.1084977502469 1.30320250312798 1.92748869699426 1.16810809983872 1.62438083672896 1.06956028798595 1.5001928366255 1.12472429382615 1.4003959831316 1.80523127526976 1.15398646355607 1.81202659965493 1.34245363133959
1.61273402697407 1.43090685363859 1.1803989643231 1.77837192080915 1.24886491103098 1.44317585974932 1.88772234134376 1.39243389084004 1.50940410816111 1.84080406650901 1.59734014887363 1.5127055759076 1.25525250914507 0.948365553282201 1.43532990571111 1.39650241914205 0 1.83788636885583 1.01162991113961 1.81464625848457 1.580036430154 1.72998823109083 1.91366481781006 1.72278437693603 1.12562674866058 1.04764965944923 1.84563241060823 1.88027888466604 1.47604058356956 1.70792034617625
1.13144718017429 1.15794799174182 1.18822888052091 1.54796237777919 1.08671335177496 1.13964400300756 1.88657726673409 1.77789626666345 1.72365351277404 1.47647741227411 1.62120232218876 1.3540104185231 1.17434457875788 1.324226685334 1.28980790940113 1.1084977502469 1.83788636885583 0 1.58312378404662 0.954155219951645 0.958354475907981 1.07967986748554 0.955694447271526 1.33478729007766 1.77938152290881 1.81204275414348 1.08340402203612 1.89642070233822 1.2247376262676 1.28422226570547
1.41313972952776 1.64806121285073 0.997188984183595 1.52620523306541 1.13987123221159 1.40706742601469 1.59581398335285 1.15424431511201 1.63267199741676 1.1373689447064 1.31280073849484 1.32930933940224 1.85565962409601 1.81905738823116 1.86530818953179 1.30320250312798 1.01162991113961 1.58312378404662 0 1.71298084151931 1.01386777660809 1.38100429601036 1.36584453517571 1.58201940939762 1.37848181044683 1.78837711084634 1.2096000330057 1.10131338518113 1.64346342836507 1.0433904689271
1.78516632854007 1.20640781475231 1.55397616769187 1.10438911453821 1.12211388209835 1.85316641512327 1.19976330921054 0.95654175337404 1.79389369767159 1.27587954932824 1.1688052599784 1.9027817689348 1.55986742302775 1.61095737386495 1.1012886010576 1.92748869699426 1.81464625848457 0.954155219951645 1.71298084151931 0 1.27601361623965 0.987977043958381 1.12032756977715 1.76949601620436 1.42715982138179 1.89429260557517 1.64966909657232 1.18090970139019 1.08556466409937 1.84525774535723
1.47700254968368 1.28031172184274 1.76552864792757 1.47280769399367 1.30218516360037 1.31860569608398 1.57340577826835 1.66861461405642 1.64567753439769 1.1964930917602 1.20443005138077 0.999852773966268 1.89840301382355 1.35081667010672 0.972202086821198 1.16810809983872 1.580036430154 0.958354475907981 1.01386777660809 1.27601361623965 0 1.22134142252617 1.2488881056197 0.953800917370245 1.66632338915952 1.68718335032463 1.33289919816889 1.06812435924076 1.56106567778625 1.46363476989791
1.02977016125806 1.55109896534123 1.52793291048147 1.7777735623531 1.59609527233988 1.57953439117409 1.14468165789731 1.8868812310975 1.58619602280669 1.62838807655498 1.56238187360577 1.0607143077068 1.4358775250148 1.1691403798759 1.75204571825452 1.62438083672896 1.72998823109083 1.07967986748554 1.38100429601036 0.987977043958381 1.22134142252617 0 1.75809533288702 1.80460600322112 1.82412779005244 1.25601470563561 1.80577327706851 1.22304715891369 1.55864051776007 1.64359814254567
1.79097936814651 1.03328451700509 1.24880907591432 1.32332424074411 1.52541839098558 1.8756567442324 1.47566112782806 1.45380878751166 1.62211063783616 1.56034586997703 0.955922049237415 1.41457074810751 1.3084816171322 1.79195217788219 1.22512900270522 1.06956028798595 1.91366481781006 0.955694447271526 1.36584453517571 1.12032756977715 1.2488881056197 1.75809533288702 0 1.79425075184554 1.34942637127824 1.09703288483433 1.06442323350348 1.60764940874651 1.64393898658454 1.0846889000386
1.730064162286 1.2691496592015 1.09459880320355 1.50950321787968 1.67753928434104 1.80990840867162 1.12324502388947 1.76295438571833 1.19899500510655 1.12875318177976 1.80014743609354 0.987442076671869 1.70085497875698 1.35514220129699 1.68223064439371 1.5001928366255 1.72278437693603 1.33478729007766 1.58201940939762 1.76949601620436 0.953800917370245 1.80460600322112 1.79425075184554 0 1.88269858597778 1.7035419002641 0.979417898692191 1.63326335418969 1.41406626580283 1.37814623629674
1.56131951347925 1.01075353100896 1.34735766402446 1.4393387902528 1.08590603386983 1.46774717490189 1.31751545751467 1.27073203655891 1.14301769598387 1.37946762423962 1.4997213287279 0.956617569318041 1.21980824624188 1.76867074961774 1.44010521867312 1.12472429382615 1.12562674866058 1.77938152290881 1.37848181044683 1.42715982138179 1.66632338915952 1.82412779005244 1.34942637127824 1.88269858597778 0 1.81322972523049 1.41902113123797 1.51789002609439 1.11135339713655 1.58951466646977
1.52274384931661 1.22283947700635 1.87539962492883 1.21756135858595 1.86688635544851 1.40742695983499 1.53916255175136 1.03077379707247 1.29342694114894 1.13356789131649 1.87158181983978 1.6472434529569 1.37680589896627 1.53593097371049 1.39954829867929 1.4003959831316 1.04764965944923 1.81204275414348 1.78837711084634 1.89429260557517 1.68718335032463 1.25601470563561 1.09703288483433 1.7035419002641 1.81322972523049 0 1.49328195047565 0.943124186713248 1.05663218977861 1.41516839154065
1.05008841585368 1.10008466569707 1.42653891374357 1.17152116447687 1.13101063645445 0.997288646409288 1.74449584004469 1.84899942879565 1.40754812746309 1.26436368818395 1.38120431778952 1.45355424820445 1.88970114220865 0.934831319376826 1.25730363721959 1.80523127526976 1.84563241060823 1.08340402203612 1.2096000330057 1.64966909657232 1.33289919816889 1.80577327706851 1.06442323350348 0.979417898692191 1.41902113123797 1.49328195047565 0 1.41948757367209 1.73375221365131 1.91787333320826
1.04815955157392 1.91985222510993 1.09436349454336 1.35733785224147 1.48783223773353 1.73640095349401 1.34246613993309 1.80200707074255 1.69954562280327 1.50978561653756 1.77425911836326 1.09236798062921 1.68710265727714 1.07023044372909 1.68647770537063 1.15398646355607 1.88027888466604 1.89642070233822 1.10131338518113 1.18090970139019 1.06812435924076 1.22304715891369 1.60764940874651 1.63326335418969 1.51789002609439 0.943124186713248 1.41948757367209 0 1.90355378761888 1.48477529664524
1.7509926315397 1.0160253290087 1.05543396109715 1.03799042594619 1.53287565661594 0.932265720330179 1.50793839269318 1.70079743256792 1.0988305832725 1.2849253823515 1.81321516353637 1.11573385400698 1.22435007290915 1.40030474262312 1.18196133896708 1.81202659965493 1.47604058356956 1.2247376262676 1.64346342836507 1.08556466409937 1.56106567778625 1.55864051776007 1.64393898658454 1.41406626580283 1.11135339713655 1.05663218977861 1.73375221365131 1.90355378761888 0 1.80938263516873
1.6738314232789 1.82525326288305 1.68387143267319 1.08495374047197 1.87094385712408 1.38211073260754 1.3349137774203 1.51457176101394 0.983305151574314 1.92093294439837 1.40720927971415 0.938509858213365 1.53565386589617 1.04080346808769 1.91793875605799 1.34245363133959 1.70792034617625 1.28422226570547 1.0433904689271 1.84525774535723 1.46363476989791 1.64359814254567 1.0846889000386 1.37814623629674 1.58951466646977 1.41516839154065 1.91787333320826 1.48477529664524 1.80938263516873 0
