0 1.88999480381608 1.23229589522816 1.85990990651771 1.80448343185708 1.0095732503105 1.47468023956753 0.960793167119846 1.70780539722182 1.27094445144758 1.87241956661455 1.38286410016008 1.00234098010696 1.76059215702116 1.92738163517788 1.02376382704824 1.14809871930629 1.28798915189691 1.38476506760344 1.5976625920739 1.86211070884019 1.55843706661835 1.85191293340176 1.21025160420686 0.962002619169652 1.68256756127812 1.10258975671604 0.9696817076765 1.66814916348085 1.56300756102428
1.88999480381608 0 1.19807711290196 1.27836538548581 1.12880421360023 1.32840182166547 1.72097200038843 1.66633215197362 1.54188734805211 1.2986614916008 1.53256638045423 1.33868479449302 1.04631070466712 1.91323471884243 1.27822200860828 0.970722661353648 1.62835666467436 1.78161414689384 1.50801531318575 1.67511742329225 1.55316892173141 1.75375911593437 1.57127143489197 1.28167526656762 0.957512577995658 1.27234085579403 1.37044067191891 1.11411530664191 0.998912384035066 1.50304774940014
1.23229589522816 1.19807711290196 0 1.10615914128721 0.93186878436245 1.64330934267491 1.7358781574294 1.24859771621414 1.30005537578836 1.80720519716851 1.87684728344902 1.29786255583167 1.13158303848468 1.10407436033711 1.75854521943256 1.46555681433529 1.76686805533245 1.13257582928054 1.29374800017104 1.01609125151299 1.07960880617611 1.12561186077073 1.20549493352883 1.72117902687751 1.49369590939023 1.1526692500338 1.43270449154079 1.78169348533265 1.18331488431431 1.74641179712489
1.85990990651771 1.27836538548581 1.10615914128721 0 1.20609800377861 1.13672603643499 1.25289625301957 1.18927845032886 1.42325244192034 1.50821018614806 1.89772803522646 0.929407374700531 1.09503817977384 1.71896536997519 1.64520215196535 1.50205162749626 1.78236256283708 1.40499184513465 1.02091745240614 1.01434072735719 1.06029638671316 1.18099273368716 1.88174489932135 1.26731860358268 1.0743160105776 1.04559955815785 1.05060710269026 1.67070227791555 1.47085758112371 1.2609308718238
1.80448343185708 1.12880421360023 0.93186878436245 1.20609800377861 0 1.1390778159257 1.25420576101169 1.89330018963665 1.46456590644084 1.35687678446993 1.61946116969921 1.11544822528958 1.07034041173756 1.81924217799678 1.75714788539335 1.60962639097124 1.90123287308961 1.49864597246051 1.24819569126703 1.62473146780394 1.63430309877731 1.88072251202539 1.87829720880836 1.37197877187282 1.14978881925344 1.90315482392907 1.44521145010367 1.37346675782464 1.03929099091329 1.43800407927483
1.0095732503105 1.32840182166547 1.64330934267491 1.13672603643499 1.1390778159257 0 1.40582138951868 1.59342390717939 1.50299665355124 1.88455019542016 0.986919663613662 1.79581200121902 0.985523744719103 1.11387439421378 1.80165258399211 1.48110448312946 0.966130414279178 1.66397833055817 1.42744029080495 1.84853933379054 1.44651084695943 1.48660759767517 1.3578765494749 1.20057620923035 1.43390650930814 1.69088940322399 1.90253286552615 1.22668087831698 1.04642169480212 1.2466598986648
1.47468023956753 1.72097200038843 1.7358781574294 1.25289625301957 1.25420576101169 1.40582138951868 0 1.72423584247008 1.1520719747059 1.86715598171577 1.44647235702723 1.6158802844584 1.73429880011827 1.65970414248295 1.73028338141739 1.88280020514503 1.86250104987994 1.31222091824748 1.46152333938517 0.98405697918497 1.2658484543208 1.47704552626237 1.42478077299893 1.43197699566372 1.22940016537905 1.12037573731504 1.75873970752582 1.68746048281901 0.972009556367993 1.40357613004744
0.960793167119846 1.66633215197362 1.24859771621414 1.18927845032886 1.89330018963665 1.59342390717939 1.72423584247008 0 1.45120331714861 1.65954453148879 1.40997501602396 1.52763033704832 1.5205384446308 0.987939353100955 1.31712980242446 1.83913945150562 1.3668604795821 1.1745018560905 1.03150519169867 1.67408538609743 1.39956277399324 1.60453920462169 1.14761255914345 1.22024405514821 1.84950757096522 1.8831784883514 1.32286391477101 1.38537802617066 0.97344357939437 1.51656858669594
1.70780539722182 1.54188734805211 1.30005537578836 1.42325244192034 1.46456590644084 1.50299665355124 1.1520719747059 1.45120331714861 0 1.27028834423982 1.47644167696126 1.41578695364296 1.39192302618176 1.68918686755933 1.21028985525481 1.14742977498099 1.92060243547894 1.3436498476658 1.77322289603762 1.19525131047703 1.26147530204616 1.80336465453729 0.999456740217283 1.61713525629602 1.2385407499969 1.26666794437915 1.13193856552243 1.72304737824015 1.29347438714467 1.90567845152691
1.27094445144758 1.2986614916008 1.80720519716851 1.50821018614806 1.35687678446993 1.88455019542016 1.86715598171577 1.65954453148879 1.27028834423982 0 1.49632652057335 1.68629161873832 1.77749290084466 1.06353943236172 1.23661101632752 1.17645404371433 1.29583169403486 1.02070348570123 1.09543116088025 1.61272099800408 1.05447683809325 1.01974815549329 1.81206267978996 1.91420438420027 1.46723952982575 1.51078390143812 1.63178882398643 1.50998043082654 1.1070220102556 0.96983884088695
1.87241956661455 1.53256638045423 1.87684728344902 1.89772803522646 1.61946116969921 0.986919663613662 1.44647235702723 1.40997501602396 1.47644167696126 1.49632652057335 0 1.38556147017516 1.41518125054426 1.30875380942598 1.16493899701163 1.512649865821 1.70520312618464 1.57918913522735 1.8887154799886 1.6846493834164 1.72593463258818 1.04201010428369 1.21318703843281 1.22499233623967 1.46184426452965 1.03904148028232 1.44404117506929 0.948613794753328 1.14939351426437 1.22405206761323
1.38286410016008 1.33868479449302 1.29786255583167 0.929407374700531 1.11544822528958 1.79581200121902 1.6158802844584 1.52763033704832 1.41578695364296 1.68629161873832 1.38556147017516 0 1.60169468028471 1.68867974751629 1.89711172296666 1.60450486768968 1.28154049627483 1.15134034305811 1.7031371742487 1.57098922645673 1.4238190096803 1.7338368378114 1.87560368608683 1.37056184397079 1.43864107411355 1.14851885195822 1.50317019340582 1.01701594004408 1.69063826277852 1.19217190635391
1.00234098010696 1.04631070466712 1.13158303848468 1.09503817977384 1.07034041173756 0.985523744719103 1.73429880011827 1.5205384446308 1.39192302618176 1.77749290084466 1.41518125054426 1.60169468028471 0 0.961810691980645 1.28995011281222 1.56878231209703 1.79911491228268 1.10620261821896 1.75120350439101 1.20481216884218 1.34498522756621 1.76089320145547 1.2081404752098 1.76445612357929 1.34384551434778 1.79459111089818 1.73430871847086 1.91055613220669 1.05220445920713 1.33347265259363
1.76059215702116 1.91323471884243 1.10407436033711 1.71896536997519 1.81924217799678 1.11387439421378 1.65970414248295 0.987939353100955 1.68918686755933 1.06353943236172 1.30875380942598 1.68867974751629 0.961810691980645 0 1.73139291070402 1.11982918088324 1.90618500974961 1.45694511127658 1.39424933679402 1.68067930312827 1.36731205089018 1.68879242055118 1.5237390412949 1.60921821626835 1.29659934155643 1.88839946361259 1.04964009136893 0.948745440226048 1.38179962080903 1.63896699226461
1.92738163517788 1.27822200860828 1.75854521943256 1.64520215196535 1.75714788539335 1.80165258399211 1.73028338141739 1.31712980242446 1.21028985525481 1.23661101632752 1.16493899701163 1.89711172296666 1.28995011281222 1.73139291070402 0 1.65053584822454 1.80859735468403 1.24990054662339 1.35284473840147 1.0868845959194 1.42346026888117 1.39193578436971 0.970609695883468 1.0929957954213 1.00066067045555 1.87175854993984 1.41353391320445 1.70816376013681 1.3589963351842 1.33077427884564
1.02376382704824 0.970722661353648 1.46555681433529 1.50205162749626 1.60962639097124 1.48110448312946 1.88280020514503 1.83913945150562 1.14742977498099 1.17645404371433 1.512649865821 1.60450486768968 1.56878231209703 1.11982918088324 1.65053584822454 0 0.952846498694271 1.07143835793249 1.61672751163132 1.30817944789305 1.90214535105042 1.60806764196604 1.35765772429295 1.91721650701948 1.31858798023313 1.0686796377413 1.39108080742881 1.59449764504097 1.52185090724379 1.39018621621653
1.14809871930629 1.62835666467436 1.76686805533245 1.78236256283708 1.90123287308961 0.966130414279178 1.86250104987994 1.3668604795821 1.92060243547894 1.29583169403486 1.70520312618464 1.28154049627483 1.79911491228268 1.90618500974961 1.80859735468403 0.952846498694271 0 1.37521197577007 1.07130470802076 1.84191787568852 1.47180644888431 1.10385939572006 0.997677799779922 1.26208317885175 1.71613263431937 1.83242759550922 1.43810216919519 1.45257774880156 1.31945036887191 1.55579546932131
1.28798915189691 1.78161414689384 1.13257582928054 1.40499184513465 1.49864597246051 1.66397833055817 1.31222091824748 1.1745018560905 1.3436498476658 1.02070348570123 1.57918913522735 1.15134034305811 1.10620261821896 1.45694511127658 1.24990054662339 1.07143835793249 1.37521197577007 0 1.04090276756324 1.07691008388065 1.21824141312391 1.07976868934929 1.77007673378102 1.08957584667951 1.75639834487811 1.52442424977198 1.8387049343437 1.2419002673123 1.30275704502128 1.49152565188706
1.38476506760344 1.50801531318575 1.29374800017104 1.02091745240614 1.24819569126703 1.42744029080495 1.46152333938517 1.03150519169867 1.77322289603762 1.09543116088025 1.8887154799886 1.7031371742487 1.75120350439101 1.39424933679402 1.35284473840147 1.61672751163132 1.07130470802076 1.04090276756324 0 1.3171350362245 0.994207108858973 1.89843023312278 1.3451817734167 1.32371670263819 1.80929992091842 1.08619835437275 1.71320300665684 1.70619590603746 1.52873634453863 1.13360357866623
1.5976625920739 1.67511742329225 1.01609125151299 1.01434072735719 1.62473146780394 1.84853933379054 0.98405697918497 1.67408538609743 1.19525131047703 1.61272099800408 1.6846493834164 1.57098922645673 1.20481216884218 1.68067930312827 1.0868845959194 1.30817944789305 1.84191787568852 1.07691008388065 1.3171350362245 0 1.32639365340583 1.54049320565537 1.57849878771231 1.8983124315273 1.45762610738166 1.14472181093879 1.66679487959482 1.49367027287371 1.68477922398597 1.58481650799513
1.86211070884019 1.55316892173141 1.07960880617611 1.06029638671316 1.63430309877731 1.44651084695943 1.2658484543208 1.39956277399324 1.26147530204616 1.05447683809325 1.72593463258818 1.4238190096803 1.34498522756621 1.36731205089018 1.42346026888117 1.90214535105042 1.47180644888431 1.21824141312391 0.994207108858973 1.32639365340583 0 1.61090436414815 1.41581610171124 1.43146862718277 1.89147396222688 1.48629605397582 1.52175614144653 1.29667104431428 1.70264730066992 1.49016596144065
1.55843706661835 1.75375911593437 1.12561186077073 1.18099273368716 1.88072251202539 1.48660759767517 1.47704552626237 1.60453920462169 1.80336465453729 1.01974815549329 1.04201010428369 1.7338368378114 1.76089320145547 1.68879242055118 1.39193578436971 1.60806764196604 1.10385939572006 1.07976868934929 1.89843023312278 1.54049320565537 1.61090436414815 0 1.00244384934194 1.03765514562838 1.74859776487574 1.37062042183243 1.70325894118287 1.80717575526796 1.81383558735251 1.41967423190363
1.85191293340176 1.57127143489197 1.20549493352883 1.88174489932135 1.87829720880836 1.3578765494749 1.42478077299893 1.14761255914345 0.999456740217283 1.81206267978996 1.21318703843281 1.87560368608683 1.2081404752098 1.5237390412949 0.970609695883468 1.35765772429295 0.997677799779922 1.77007673378102 1.3451817734167 1.57849878771231 1.41581610171124 1.00244384934194 0 1.44408428878523 1.32814931264147 1.77728643780574 1.53376535698771 1.52831060066819 1.01652805204503 1.42708770604804
1.21025160420686 1.28167526656762 1.72117902687751 1.26731860358268 1.37197877187282 1.20057620923035 1.43197699566372 1.22024405514821 1.61713525629602 1.91420438420027 1.22499233623967 1.37056184397079 1.76445612357929 1.60921821626835 1.0929957954213 1.91721650701948 1.26208317885175 1.08957584667951 1.32371670263819 1.8983124315273 1.43146862718277 1.03765514562838 1.44408428878523 0 1.46390967513435 1.69266693200916 1.16780634410679 1.6857432727702 0.963159505976364 1.48850008752197
0.962002619169652 0.957512577995658 1.49369590939023 1.0743160105776 1.14978881925344 1.43390650930814 1.22940016537905 1.84950757096522 1.2385407499969 1.46723952982575 1.46184426452965 1.43864107411355 1.34384551434778 1.29659934155643 1.00066067045555 1.31858798023313 1.71613263431937 1.75639834487811 1.80929992091842 1.45762610738166 1.89147396222688 1.74859776487574 1.32814931264147 1.46390967513435 0 0.945924628293142 1.22172107477672 1.36990281450562 1.130971562583 1.64263480342925
1.68256756127812 1.27234085579403 1.1526692500338 1.04559955815785 1.90315482392907 1.69088940322399 1.12037573731504 1.8831784883514 1.26666794437915 1.51078390143812 1.03904148028232 1.14851885195822 1.79459111089818 1.88839946361259 1.87175854993984 1.0686796377413 1.83242759550922 1.52442424977198 1.08619835437275 1.14472181093879 1.48629605397582 1.37062042183243 1.77728643780574 1.69266693200916 0.945924628293142 0 1.35516027058475 0.951918473700061 1.43681868910789 1.13160026352853
1.10258975671604 1.37044067191891 1.43270449154079 1.05060710269026 1.44521145010367 1.90253286552615 1.75873970752582 1.32286391477101 1.13193856552243 1.63178882398643 1.44404117506929 1.50317019340582 1.73430871847086 1.04964009136893 1.41353391320445 1.39108080742881 1.43810216919519 1.8387049343437 1.71320300665684 1.66679487959482 1.52175614144653 1.70325894118287 1.53376535698771 1.16780634410679 1.22172107477672 1.35516027058475 0 1.48121357196942 1.92518257373013 1.39084177510813
0.9696817076765 1.11411530664191 1.78169348533265 1.67070227791555 1.37346675782464 1.22668087831698 1.68746048281901 1.38537802617066 1.72304737824015 1.50998043082654 0.948613794753328 1.01701594004408 1.91055613220669 0.948745440226048 1.70816376013681 1.59449764504097 1.45257774880156 1.2419002673123 1.70619590603746 1.49367027287371 1.29667104431428 1.80717575526796 1.52831060066819 1.6857432727702 1.36990281450562 0.951918473700061 1.48121357196942 0 1.6818838652689 1.15313268941827
1.66814916348085 0.998912384035066 1.18331488431431 1.47085758112371 1.03929099091329 1.04642169480212 0.972009556367993 0.97344357939437 1.29347438714467 1.1070220102556 1.14939351426437 1.69063826277852 1.05220445920713 1.38179962080903 1.3589963351842 1.52185090724379 1.31945036887191 1.30275704502128 1.52873634453863 1.68477922398597 1.70264730066992 1.81383558735251 1.01652805204503 0.963159505976364 1.130971562583 1.43681868910789 1.92518257373013 1.6818838652689 0 1.06325828935951
1.56300756102428 1.50304774940014 1.74641179712489 1.2609308718238 1.43800407927483 1.2466598986648 1.40357613004744 1.51656858669594 1.90567845152691 0.96983884088695 1.22405206761323 1.19217190635391 1.33347265259363 1.63896699226461 1.33077427884564 1.39018621621653 1.55579546932131 1.49152565188706 1.13360357866623 1.58481650799513 1.49016596144065 1.41967423190363 1.42708770604804 1.48850008752197 1.64263480342925 1.13160026352853 1.39084177510813 1.15313268941827 1.06325828935951 0
