0 1.87499203742482 0.962760124821216 1.46214813832194 1.13546820008196 1.39297206327319 0.97243664204143 0.945815628394485 1.90776318917051 1.82175554218702 0.986817708704621 1.31141574657522 1.21500193909742 1.56440697703511 1.16564773302525 1.15754760568962 1.51128323609009 1.54366358602419 1.08359594154172 1.19144620327279 1.41481455042958 1.56876255455427 1.85690214554779 1.27573790494353 1.76042448566295 1.83120223367587 1.7029193895869 1.57345763570629 1.45254985592328 1.32852075225674
1.87499203742482 0 1.46830866020173 1.83892602403648 1.4158170344308 1.19608511589468 1.20737218041904 1.44995192624629 1.83851724583656 0.956151658901945 1.81278961268254 1.38319714390673 1.85727996006608 1.44539828575216 1.88815069571137 1.02280131075531 1.76237703743391 1.88160722795874 1.32050691265613 1.60851721651852 1.81113809929229 1.09907745523378 1.73781197797507 1.04094859817997 1.60968604777008 1.21521494328044 1.76182410446927 1.41537652839907 1.74154060566798 1.48929264070466
0.962760124821216 1.46830866020173 0 1.13305236469023 1.03015721589327 1.10532978572883 1.91817207820714 1.40899172914214 1.54218834615313 0.968844419810921 1.17050358233973 1.21738626272418 0.934242276242003 1.10552338184789 1.06494983797893 1.55347859486938 1.76530698570423 1.85299263964407 1.01631676126271 1.09749045711942 1.76197559200227 1.1298637855798 1.87541128112935 1.45219012675807 1.44409547140822 1.28613126277924 1.52329738112167 1.3452066082973 1.64046970382333 1.24826712254435
1.46214813832194 1.83892602403648 1.13305236469023 0 1.90436006570235 1.27994537097402 1.91046360880136 1.60167420608923 1.02401015185751 1.03396442718804 1.07454348122701 0.921741953352466 1.55213431664743 1.51946585066617 1.42593388096429 1.90382940671407 1.07170215970837 1.03738176240586 1.72232394316234 1.69677844690159 1.16363859642297 1.3401845889166 1.37354850489646 1.63672060216777 1.1221920188982 1.3874949994497 1.72959806607105 1.85907863057218 1.10679282364435 1.56870326353237
1.13546820008196 1.4158170344308 1.03015721589327 1.90436006570235 0 1.46052493806928 0.96846891194582 0.935348288621753 1.32924517965876 1.91212394577451 1.53903096844442 1.32103757886216 1.60896996990778 1.11944829742424 1.76718456298113 1.1249951638747 1.55213288892992 1.30905677285045 1.76639960287139 1.82435639388859 0.951053121360019 1.77386567485519 1.89517098804936 1.87257338920608 1.54143609269522 1.39523818320595 1.24246120103635 1.16467265412211 1.5038348371163 1.84495796263218
1.39297206327319 1.19608511589468 1.10532978572883 1.27994537097402 1.46052493806928 0 1.03675279486924 1.26618728321046 1.03805010765791 1.76523566897959 1.35514497384429 1.08503337088041 1.88905637618154 1.86638008407317 1.26972372829914 1.19455822138116 1.85735133686103 1.08032666589133 1.49780298979022 1.69739270000719 1.59398479154333 1.26707785623148 1.25801950413734 1.30305562191643 1.74009455554187 1.83047299319878 0.941156261367723 1.6651942525059 1.64712975081056 1.74177987780422
0.97243664204143 1.20737218041904 1.91817207820714 1.91046360880136 0.96846891194582 1.03675279486924 0 1.09805323067121 1.68908260343596 1.66456869547255 1.86135344370268 1.25133585720323 1.80347110377625 0.984146284405142 1.8378458020743 1.91125874710269 1.29742361651734 1.68436315539293 1.91137175471522 1.03393833618611 1.6054286963772 0.931703127454966 1.50448207184672 1.28134628152475 0.993458259152249 1.73865348682739 1.47028550133109 1.22278545214795 1.2023282344453 1.82195547944866
0.945815628394485 1.44995192624629 1.40899172914214 1.60167420608923 0.935348288621753 1.26618728321046 1.09805323067121 0 1.8410938391462 1.43538021715358 1.15450228611007 1.41770841972902 1.80932733369991 1.31997920689173 1.66781692113727 1.00096638454124 1.07637334498577 1.15080061927438 1.08202391723171 1.83558039250784 1.76289220224135 1.70436432003044 1.46363378432579 0.996038186131045 1.90528136305511 1.70053925551474 1.85204353346489 1.77862475137226 1.26926634390838 1.75378266861662
1.90776318917051 1.83851724583656 1.54218834615313 1.02401015185751 1.32924517965876 1.03805010765791 1.68908260343596 1.8410938391462 0 1.49148989003152 1.65566060063429 1.3162679777015 1.55384781840257 1.75209173862822 1.91464748745784 1.51746877748519 0.995790436863899 1.2997943488881 1.60934979934245 1.28195450338535 1.87987197842449 1.05171451228671 1.88632760499604 1.38646137458272 1.33287196629681 1.10113764740527 1.06940598343499 1.32357758143917 1.39112025080249 1.85643336549401
1.82175554218702 0.956151658901945 0.968844419810921 1.03396442718804 1.91212394577451 1.76523566897959 1.66456869547255 1.43538021715358 1.49148989003152 0 0.932687219930813 1.57697733514942 1.27274771616794 1.61245216219686 1.32972163287923 1.71285134856589 1.54705391032621 1.61189494328573 1.10359428054653 1.49352296069264 1.55744495103136 0.933362422976643 1.35202713659965 1.22758780629374 1.27766926330514 1.15572977485135 1.05046268971637 1.79486394394189 1.07421294250526 1.77088031452149
0.986817708704621 1.81278961268254 1.17050358233973 1.07454348122701 1.53903096844442 1.35514497384429 1.86135344370268 1.15450228611007 1.65566060063429 0.932687219930813 0 1.78354132687673 1.69608846795745 1.4903018316254 1.86024706833996 1.04874431598 1.05687394319102 1.66470216726884 1.90438514575362 1.83490627934225 1.15537495259196 1.23904713056982 1.47904297173955 1.20796890952624 1.35468291142024 1.43372539943084 1.01682494278066 1.54818877484649 0.990565943531692 1.53139494755305
1.31141574657522 1.38319714390673 1.21738626272418 0.921741953352466 1.32103757886216 1.08503337088041 1.25133585720323 1.41770841972902 1.3162679777015 1.57697733514942 1.78354132687673 0 1.89749398594722 1.00317171821371 1.53401437983848 1.65298553276807 1.2043792239856 0.97784587321803 0.991234137443826 1.09978760895319 1.03229404939339 1.01376223075204 1.74230831791647 1.10857417411171 1.11478783213533 1.31078450172208 1.4502599586267 1.08874129806645 1.12607286311686 1.13542314223014
1.21500193909742 1.85727996006608 0.934242276242003 1.55213431664743 1.60896996990778 1.88905637618154 1.80347110377625 1.80932733369991 1.55384781840257 1.27274771616794 1.69608846795745 1.89749398594722 0 1.14663987164386 1.18002797104418 1.58939942461438 1.63522603479214 1.56797236041166 1.61704450589605 1.77356002642773 1.60172243486159 1.90708446106873 1.00289805862121 0.99366451613605 1.03315179632045 1.4314228631556 0.94790011481382 1.54076475114562 1.14134939503856 1.22422072780319
1.56440697703511 1.44539828575216 1.10552338184789 1.51946585066617 1.11944829742424 1.86638008407317 0.984146284405142 1.31997920689173 1.75209173862822 1.61245216219686 1.4903018316254 1.00317171821371 1.14663987164386 0 1.66027653939091 1.29735832801089 1.23207123670727 1.57223170110956 1.42117047915235 1.12417301745154 1.85112996096723 0.925362369511276 0.953369417693466 1.17304460145533 1.80609114700928 1.41073677502573 1.03275020909496 1.219105635304 1.3186801224947 1.72953474870883
1.16564773302525 1.88815069571137 1.06494983797893 1.42593388096429 1.76718456298113 1.26972372829914 1.8378458020743 1.66781692113727 1.91464748745784 1.32972163287923 1.86024706833996 1.53401437983848 1.18002797104418 1.66027653939091 0 0.930060001323 1.36572996713221 1.37812796561047 0.994684536242858 1.90626572933979 1.56249206257053 1.07505393889733 1.28346063150093 1.1710753981024 1.47247007442638 1.26823369739577 1.37293480057269 1.02758444705978 1.72917705960572 1.43193295039237
1.15754760568962 1.02280131075531 1.55347859486938 1.90382940671407 1.1249951638747 1.19455822138116 1.91125874710269 1.00096638454124 1.51746877748519 1.71285134856589 1.04874431598 1.65298553276807 1.58939942461438 1.29735832801089 0.930060001323 0 1.41478700935841 1.61333023919724 1.18397880601697 1.24452159157954 0.924505104310811 1.01651352411136 0.941227994393557 0.9890467741061 1.70447898120619 1.30284913256764 1.9139502493199 1.04528134525754 1.19786663260311 1.79173398041166
1.51128323609009 1.76237703743391 1.76530698570423 1.07170215970837 1.55213288892992 1.85735133686103 1.29742361651734 1.07637334498577 0.995790436863899 1.54705391032621 1.05687394319102 1.2043792239856 1.63522603479214 1.23207123670727 1.36572996713221 1.41478700935841 0 0.997471127426252 0.98944956692867 1.64834604924545 1.47457186481915 1.53868764895014 1.83944508549757 1.05524343741126 0.979304353008047 1.70788477384485 1.12492523528636 1.18318992550485 1.81088657677174 1.14127056673169
1.54366358602419 1.88160722795874 1.85299263964407 1.03738176240586 1.30905677285045 1.08032666589133 1.68436315539293 1.15080061927438 1.2997943488881 1.61189494328573 1.66470216726884 0.97784587321803 1.56797236041166 1.57223170110956 1.37812796561047 1.61333023919724 0.997471127426252 0 0.957833928754553 1.25312495138496 1.43341103871353 1.42878641257994 1.34847708162852 1.80842555803247 1.12025636690669 0.963448213879019 1.08965491014533 1.87465686863288 1.45195844792761 1.36284475401044
1.08359594154172 1.32050691265613 1.01631676126271 1.72232394316234 1.76639960287139 1.49780298979022 1.91137175471522 1.08202391723171 1.60934979934245 1.10359428054653 1.90438514575362 0.991234137443826 1.61704450589605 1.42117047915235 0.994684536242858 1.18397880601697 0.98944956692867 0.957833928754553 0 1.2478957590647 1.26149331545457 1.65396307804622 1.06888895761222 1.62552600656636 1.58974272222258 1.61459768027999 1.02370146661997 1.46258491114713 1.82533533731475 1.37422934360802
1.19144620327279 1.60851721651852 1.09749045711942 1.69677844690159 1.82435639388859 1.69739270000719 1.03393833618611 1.83558039250784 1.28195450338535 1.49352296069264 1.83490627934225 1.09978760895319 1.77356002642773 1.12417301745154 1.90626572933979 1.24452159157954 1.64834604924545 1.25312495138496 1.2478957590647 0 0.924554790370166 1.7887670036871 1.8584632424172 1.40089532849379 1.10074175288901 1.47902089660056 1.36008913395926 0.971303650178015 1.27488915575668 1.06839977251366
1.41481455042958 1.81113809929229 1.76197559200227 1.16363859642297 0.951053121360019 1.59398479154333 1.6054286963772 1.76289220224135 1.87987197842449 1.55744495103136 1.15537495259196 1.03229404939339 1.60172243486159 1.85112996096723 1.56249206257053 0.924505104310811 1.47457186481915 1.43341103871353 1.26149331545457 0.924554790370166 0 0.986432931618765 1.38068794202991 1.04888541717082 1.11780868656933 1.05033845338039 1.4788215670269 1.88518952368759 1.00026102759875 1.64116079942323
1.56876255455427 1.09907745523378 1.1298637855798 1.3401845889166 1.77386567485519 1.26707785623148 0.931703127454966 1.70436432003044 1.05171451228671 0.933362422976643 1.23904713056982 1.01376223075204 1.90708446106873 0.925362369511276 1.07505393889733 1.01651352411136 1.53868764895014 1.42878641257994 1.65396307804622 1.7887670036871 0.986432931618765 0 1.48462391784415 1.06054522376508 1.51762984436937 1.25162411411293 1.65611875476316 1.31146991997957 1.28049497492611 1.41412246087566
1.85690214554779 1.73781197797507 1.87541128112935 1.37354850489646 1.89517098804936 1.25801950413734 1.50448207184672 1.46363378432579 1.88632760499604 1.35202713659965 1.47904297173955 1.74230831791647 1.00289805862121 0.953369417693466 1.28346063150093 0.941227994393557 1.83944508549757 1.34847708162852 1.06888895761222 1.8584632424172 1.38068794202991 1.48462391784415 0 1.78294027619995 1.03907622490078 1.80096265114844 1.61639121570624 1.49323716526851 1.4171154059004 1.61311171064153
1.27573790494353 1.04094859817997 1.45219012675807 1.63672060216777 1.87257338920608 1.30305562191643 1.28134628152475 0.996038186131045 1.38646137458272 1.22758780629374 1.20796890952624 1.10857417411171 0.99366451613605 1.17304460145533 1.1710753981024 0.9890467741061 1.05524343741126 1.80842555803247 1.62552600656636 1.40089532849379 1.04888541717082 1.06054522376508 1.78294027619995 0 1.45927872089669 1.26631929422729 1.70260852971114 1.279708734015 1.74076950852759 1.64717225939967
1.76042448566295 1.60968604777008 1.44409547140822 1.1221920188982 1.54143609269522 1.74009455554187 0.993458259152249 1.90528136305511 1.33287196629681 1.27766926330514 1.35468291142024 1.11478783213533 1.03315179632045 1.80609114700928 1.47247007442638 1.70447898120619 0.979304353008047 1.12025636690669 1.58974272222258 1.10074175288901 1.11780868656933 1.51762984436937 1.03907622490078 1.45927872089669 0 1.17307604732923 1.11337970173918 1.31652165204287 1.60261296760291 1.27632114035077
1.83120223367587 1.21521494328044 1.28613126277924 1.3874949994497 1.39523818320595 1.83047299319878 1.73865348682739 1.70053925551474 1.10113764740527 1.15572977485135 1.43372539943084 1.31078450172208 1.4314228631556 1.41073677502573 1.26823369739577 1.30284913256764 1.70788477384485 0.963448213879019 1.61459768027999 1.47902089660056 1.05033845338039 1.25162411411293 1.80096265114844 1.26631929422729 1.17307604732923 0 1.28996684448794 1.49792581051588 1.88984807021916 1.89816383155994
1.7029193895869 1.76182410446927 1.52329738112167 1.72959806607105 1.24246120103635 0.941156261367723 1.47028550133109 1.85204353346489 1.06940598343499 1.05046268971637 1.01682494278066 1.4502599586267 0.94790011481382 1.03275020909496 1.37293480057269 1.9139502493199 1.12492523528636 1.08965491014533 1.02370146661997 1.36008913395926 1.4788215670269 1.65611875476316 1.61639121570624 1.70260852971114 1.11337970173918 1.28996684448794 0 1.86704331240617 0.956932811765 1.20145844994113
1.57345763570629 1.41537652839907 1.3452066082973 1.85907863057218 1.16467265412211 1.6651942525059 1.22278545214795 1.77862475137226 1.32357758143917 1.79486394394189 1.54818877484649 1.08874129806645 1.54076475114562 1.219105635304 1.02758444705978 1.04528134525754 1.18318992550485 1.87465686863288 1.46258491114713 0.971303650178015 1.88518952368759 1.31146991997957 1.49323716526851 1.279708734015 1.31652165204287 1.49792581051588 1.86704331240617 0 1.31364769418724 1.59524416737258
1.45254985592328 1.74154060566798 1.64046970382333 1.10679282364435 1.5038348371163 1.64712975081056 1.2023282344453 1.26926634390838 1.39112025080249 1.07421294250526 0.990565943531692 1.12607286311686 1.14134939503856 1.3186801224947 1.72917705960572 1.19786663260311 1.81088657677174 1.45195844792761 1.82533533731475 1.27488915575668 1.00026102759875 1.28049497492611 1.4171154059004 1.74076950852759 1.60261296760291 1.88984807021916 0.956932811765 1.31364769418724 0 1.85182358091697
1.32852075225674 1.48929264070466 1.24826712254435 1.56870326353237 1.84495796263218 1.74177987780422 1.82195547944866 1.75378266861662 1.85643336549401 1.77088031452149 1.53139494755305 1.13542314223014 1.22422072780319 1.72953474870883 1.43193295039237 1.79173398041166 1.14127056673169 1.36284475401044 1.37422934360802 1.06839977251366 1.64116079942323 1.41412246087566 1.61311171064153 1.64717225939967 1.27632114035077 1.89816383155994 1.20145844994113 1.59524416737258 1.85182358091697 0
