0 1.47317626117729 1.6203986632172 1.8257590692956 1.48687154939398 1.1111797245685 1.7662177789025 1.442152709933 1.11806675698608 1.7423534176778 1.17464089719579 1.62448557070456 1.85104625043459 1.19805353344418 0.943828330840915 1.1199510586448 1.10949952574447 1.24707024148665 1.16878839815035 1.48617736017331 1.31868827925064 1.71733934804797 1.13783559016883 1.80444793682545 1.1720045208931 1.79216614714824 1.77634848374873 1.53362370911054 0.951698133954778 1.71477969246916
1.47317626117729 0 1.65348912589252 1.89522255887277 1.10677505237982 1.86141768377274 1.61923771910369 1.46443185559474 1.41471364139579 1.72894390928559 1.49666659720242 0.956782624591142 1.42396753490902 1.30853783455677 0.99920981680043 1.77372373500839 1.69200271717273 1.81712042610161 1.04519025422633 1.39685955247842 1.82656748266891 1.32673199800774 0.999469187809154 1.26913835224696 1.37056750059128 1.7485955033917 1.85941947903484 1.66435421258211 1.00367354904301 0.94820419116877
1.6203986632172 1.65348912589252 0 1.17620361503214 1.40030014514923 1.66625862638466 1.06267814454623 1.87617560871877 1.88453980605118 1.75400935648941 1.22228209814057 1.64711598050781 1.12176313926466 0.94797276193276 1.92829545098357 1.04960253997706 1.13664538715966 1.24953558249399 1.70913083665073 1.71983265900053 1.77397295669653 1.28818310028873 1.43051330861636 1.0709906166885 1.75336703541689 1.36523049534298 1.91100269369781 1.18588155764155 1.29109727800824 1.12140391720459
1.8257590692956 1.89522255887277 1.17620361503214 0 1.08094102749601 0.976956145139411 1.45327076339163 1.69452243554406 1.65125777409412 1.08699801098555 1.07369386102073 1.0307234399952 1.45469083450735 1.46363364160061 1.30597441247664 1.61995117226616 1.55744217382744 0.947728507686406 1.50300835981034 1.47400471009314 1.76227104337886 1.41298421472311 1.38340737810358 1.70997126773 1.91569725843146 1.57134967879392 1.88884970149957 1.46143221040256 1.53338085254654 1.69810055731796
1.48687154939398 1.10677505237982 1.40030014514923 1.08094102749601 0 1.22663646377623 1.56208690535277 1.18620879831724 1.4614643547684 1.16607017465867 1.76608693925664 1.80287320096977 0.954029365209863 0.98116140649654 1.41111895162612 1.30711118155159 0.975627239327878 1.77067980309948 1.08888422022574 1.78032691241242 1.09958473825827 1.77275538095273 1.23595861834474 1.1017291857861 1.07740096235648 1.58935890602879 1.53777346410789 1.32203715690412 1.15611027320847 1.73660317435861
1.1111797245685 1.86141768377274 1.66625862638466 0.976956145139411 1.22663646377623 0 1.08813636656851 1.53626351198182 1.77806424489245 1.22966897510923 1.45195417106152 1.66273066261783 1.01696136617102 1.26246797200292 1.59786804649048 1.01554331206717 0.971540570491925 1.48445552494377 1.81937389425002 1.30933347693644 1.32323596812785 1.61666044639423 1.3738430053927 1.62999321334064 1.42251876019873 1.4922451376915 1.24385720770806 1.17591597349383 1.08165515144356 1.24280066904612
1.7662177789025 1.61923771910369 1.06267814454623 1.45327076339163 1.56208690535277 1.08813636656851 0 1.40958057274111 1.85651290905662 1.8482332106214 1.42097286251374 1.32854733779095 1.40114527172409 1.77230354235508 1.78404108434916 1.36348813120276 1.18228876544163 1.81918565370142 1.66714295232669 1.67783941235393 1.19563811272383 1.26217157952487 1.91872784984298 1.20073503232561 1.01939424034208 1.8845001696609 1.37941029947251 1.4055317628663 1.74748300411738 1.11813465412706
1.442152709933 1.46443185559474 1.87617560871877 1.69452243554406 1.18620879831724 1.53626351198182 1.40958057274111 0 0.973949024453759 1.14806645736098 0.977861314779148 1.23032042500563 1.31514563807286 1.55718644545414 1.02158343535848 1.04521114239469 1.63367808214389 1.47875231876969 1.2047990381252 1.32719131093472 1.65022757276893 1.16196327493526 1.49935986474156 1.48501645866781 1.44269323325716 1.82803344703279 1.61811051261611 1.64063823944889 1.4399674939923 1.19721341994591
1.11806675698608 1.41471364139579 1.88453980605118 1.65125777409412 1.4614643547684 1.77806424489245 1.85651290905662 0.973949024453759 0 1.45579578750767 1.3440436096862 1.0951834328007 1.43788046925329 0.978921035304666 1.26883104466833 1.73066896991804 1.61152904224582 1.64875694084913 1.63676957879215 1.87278243387118 1.3412196750287 1.29866676358506 1.72861420642585 1.6908896069508 0.999406125629321 1.79454484558664 1.63149193557911 1.79107858426869 1.77202808926813 1.73776965681463
1.7423534176778 1.72894390928559 1.75400935648941 1.08699801098555 1.16607017465867 1.22966897510923 1.8482332106214 1.14806645736098 1.45579578750767 0 1.38979144860059 1.39017734210938 1.83815154689364 1.20449958671816 1.38900585286319 1.65500755538233 1.17585933045484 1.29858947708271 1.5725163188763 1.27581956540234 1.92659346247092 1.10898968414403 1.67933521606028 1.69809465366416 1.89075619215146 1.42453231336549 1.78475236240774 1.06027207453735 1.39118988672271 1.38454364449717
1.17464089719579 1.49666659720242 1.22228209814057 1.07369386102073 1.76608693925664 1.45195417106152 1.42097286251374 0.977861314779148 1.3440436096862 1.38979144860059 0 1.27303966297768 1.54151173401624 1.10421370039694 0.98556658742018 1.17769833724014 0.993249240098521 1.61362104630098 1.00503521529026 1.47174145630561 1.68538259295747 0.998054177034646 1.37266259454191 1.79543861886486 1.11408631084487 1.84428012371063 1.33517794730142 0.973263984546065 1.51879124739207 1.29495802847669
1.62448557070456 0.956782624591142 1.64711598050781 1.0307234399952 1.80287320096977 1.66273066261783 1.32854733779095 1.23032042500563 1.0951834328007 1.39017734210938 1.27303966297768 0 1.80122047150508 1.75199015298858 1.81251897849143 1.01331602106802 1.14688140200451 1.90616215276532 1.50076249940321 1.71711751818657 0.984760897466913 1.4980086684227 1.06785597139969 1.67020810884424 1.78801014763303 1.01005848567002 1.52111924113706 1.36456498992629 1.069150977768 1.5066570607014
1.85104625043459 1.42396753490902 1.12176313926466 1.45469083450735 0.954029365209863 1.01696136617102 1.40114527172409 1.31514563807286 1.43788046925329 1.83815154689364 1.54151173401624 1.80122047150508 0 1.08356256270781 0.954224448418245 1.27345887199044 1.92965660453774 0.952196320286021 1.80651164799929 1.56515324139036 1.87583318538964 1.26123941759579 1.24475686647929 1.22210399666801 1.02002925961278 1.21291229687631 1.78663313924335 0.980868686223403 1.2889845194295 1.66165202739649
1.19805353344418 1.30853783455677 0.94797276193276 1.46363364160061 0.98116140649654 1.26246797200292 1.77230354235508 1.55718644545414 0.978921035304666 1.20449958671816 1.10421370039694 1.75199015298858 1.08356256270781 0 1.93720518262126 1.88515229546465 1.6240553597454 1.68025167309679 1.44836922897957 1.20038883714005 1.62662916444242 1.50863195117563 1.10883932514116 1.56650355621241 1.65937018068507 1.44441817235202 1.72904564323835 1.14349658694118 1.35984956845641 1.93167047156021
0.943828330840915 0.99920981680043 1.92829545098357 1.30597441247664 1.41111895162612 1.59786804649048 1.78404108434916 1.02158343535848 1.26883104466833 1.38900585286319 0.98556658742018 1.81251897849143 0.954224448418245 1.93720518262126 0 1.12467718590051 1.49104261398315 1.21272562840022 1.47706155152991 1.93691094382666 1.2682937157806 1.60293458052911 1.00666616787203 1.77005510870367 1.68288768781349 1.58655526093207 1.17190782423131 1.30827322322875 1.79649778618477 1.79428232181817
1.1199510586448 1.77372373500839 1.04960253997706 1.61995117226616 1.30711118155159 1.01554331206717 1.36348813120276 1.04521114239469 1.73066896991804 1.65500755538233 1.17769833724014 1.01331602106802 1.27345887199044 1.88515229546465 1.12467718590051 0 1.41772570204921 0.973510633921251 1.7084353917744 1.91971119516529 1.59135971101932 1.08615053957328 1.33761003357358 1.72040892997757 1.55953140417114 1.57445814809762 1.55115598114207 1.37614769744687 1.61971445893869 1.69296899717301
1.10949952574447 1.69200271717273 1.13664538715966 1.55744217382744 0.975627239327878 0.971540570491925 1.18228876544163 1.63367808214389 1.61152904224582 1.17585933045484 0.993249240098521 1.14688140200451 1.92965660453774 1.6240553597454 1.49104261398315 1.41772570204921 0 1.01240050513297 1.93669468350708 1.73406858928502 1.07312797359191 1.02946382970549 1.32109337020665 1.61292217322625 1.6638252963312 1.62326975935139 1.00473803281784 1.12517669657245 1.90962901082821 1.42883735895157
1.24707024148665 1.81712042610161 1.24953558249399 0.947728507686406 1.77067980309948 1.48445552494377 1.81918565370142 1.47875231876969 1.64875694084913 1.29858947708271 1.61362104630098 1.90616215276532 0.952196320286021 1.68025167309679 1.21272562840022 0.973510633921251 1.01240050513297 0 1.11640022904612 1.37947064358741 1.42423107707873 1.00021780468524 1.03751844540238 1.66012471099384 1.86120449891314 1.16847524000332 1.18677327479236 1.44908917020075 1.41916634631343 1.66407937416807
1.16878839815035 1.04519025422633 1.70913083665073 1.50300835981034 1.08888422022574 1.81937389425002 1.66714295232669 1.2047990381252 1.63676957879215 1.5725163188763 1.00503521529026 1.50076249940321 1.80651164799929 1.44836922897957 1.47706155152991 1.7084353917744 1.93669468350708 1.11640022904612 0 1.30807064822875 1.93163826549426 1.26938123139553 1.48717323271558 1.52964188880287 1.49536082521081 1.21256595524028 1.61312726442702 1.40828331001103 1.85544436122291 1.90070479130372
1.48617736017331 1.39685955247842 1.71983265900053 1.47400471009314 1.78032691241242 1.30933347693644 1.67783941235393 1.32719131093472 1.87278243387118 1.27581956540234 1.47174145630561 1.71711751818657 1.56515324139036 1.20038883714005 1.93691094382666 1.91971119516529 1.73406858928502 1.37947064358741 1.30807064822875 0 1.74663367611356 1.35783648793586 1.33943071984686 1.83976110513322 1.52802940853871 1.14615713199601 0.983258897438645 1.07448840839788 1.829395708628 1.53241855208762
1.31868827925064 1.82656748266891 1.77397295669653 1.76227104337886 1.09958473825827 1.32323596812785 1.19563811272383 1.65022757276893 1.3412196750287 1.92659346247092 1.68538259295747 0.984760897466913 1.87583318538964 1.62662916444242 1.2682937157806 1.59135971101932 1.07312797359191 1.42423107707873 1.93163826549426 1.74663367611356 0 1.0675226340536 1.14389130356722 1.82066914322786 1.6206869375892 1.26355619495735 1.22362173721194 1.91755005135201 1.93938324600458 1.26573479408398
1.71733934804797 1.32673199800774 1.28818310028873 1.41298421472311 1.77275538095273 1.61666044639423 1.26217157952487 1.16196327493526 1.29866676358506 1.10898968414403 0.998054177034646 1.4980086684227 1.26123941759579 1.50863195117563 1.60293458052911 1.08615053957328 1.02946382970549 1.00021780468524 1.26938123139553 1.35783648793586 1.0675226340536 0 1.8752367971465 1.66247326391749 1.30329574318603 1.63989363238215 1.8935536108911 1.42996383970603 1.45744805992581 0.973551858915016
1.13783559016883 0.999469187809154 1.43051330861636 1.38340737810358 1.23595861834474 1.3738430053927 1.91872784984298 1.49935986474156 1.72861420642585 1.67933521606028 1.37266259454191 1.06785597139969 1.24475686647929 1.10883932514116 1.00666616787203 1.33761003357358 1.32109337020665 1.03751844540238 1.48717323271558 1.33943071984686 1.14389130356722 1.8752367971465 0 1.13939156103879 1.24727674736641 0.961967197945341 1.26912874961272 1.06798003357835 1.92393554304726 1.86428928142413
1.80444793682545 1.26913835224696 1.0709906166885 1.70997126773 1.1017291857861 1.62999321334064 1.20073503232561 1.48501645866781 1.6908896069508 1.69809465366416 1.79543861886486 1.67020810884424 1.22210399666801 1.56650355621241 1.77005510870367 1.72040892997757 1.61292217322625 1.66012471099384 1.52964188880287 1.83976110513322 1.82066914322786 1.66247326391749 1.13939156103879 0 1.68822111026384 1.57873815926723 1.65053294436075 1.24365089437924 1.03067729761824 1.02619396522641
1.1720045208931 1.37056750059128 1.75336703541689 1.91569725843146 1.07740096235648 1.42251876019873 1.01939424034208 1.44269323325716 0.999406125629321 1.89075619215146 1.11408631084487 1.78801014763303 1.02002925961278 1.65937018068507 1.68288768781349 1.55953140417114 1.6638252963312 1.86120449891314 1.49536082521081 1.52802940853871 1.6206869375892 1.30329574318603 1.24727674736641 1.68822111026384 0 1.8325847745873 1.8827012849506 1.35233149025589 1.3203838756308 1.76745571801439
1.79216614714824 1.7485955033917 1.36523049534298 1.57134967879392 1.58935890602879 1.4922451376915 1.8845001696609 1.82803344703279 1.79454484558664 1.42453231336549 1.84428012371063 1.01005848567002 1.21291229687631 1.44441817235202 1.58655526093207 1.57445814809762 1.62326975935139 1.16847524000332 1.21256595524028 1.14615713199601 1.26355619495735 1.63989363238215 0.961967197945341 1.57873815926723 1.8325847745873 0 1.24374311743304 1.54984154738486 1.78119431668893 1.86464475397952
1.77634848374873 1.85941947903484 1.91100269369781 1.88884970149957 1.53777346410789 1.24385720770806 1.37941029947251 1.61811051261611 1.63149193557911 1.78475236240774 1.33517794730142 1.52111924113706 1.78663313924335 1.72904564323835 1.17190782423131 1.55115598114207 1.00473803281784 1.18677327479236 1.61312726442702 0.983258897438645 1.22362173721194 1.8935536108911 1.26912874961272 1.65053294436075 1.8827012849506 1.24374311743304 0 1.70611086138524 1.60513738356531 1.5726372259669
1.53362370911054 1.66435421258211 1.18588155764155 1.46143221040256 1.32203715690412 1.17591597349383 1.4055317628663 1.64063823944889 1.79107858426869 1.06027207453735 0.973263984546065 1.36456498992629 0.980868686223403 1.14349658694118 1.30827322322875 1.37614769744687 1.12517669657245 1.44908917020075 1.40828331001103 1.07448840839788 1.91755005135201 1.42996383970603 1.06798003357835 1.24365089437924 1.35233149025589 1.54984154738486 1.70611086138524 0 1.12322728149593 1.39017352485098
0.951698133954778 1.00367354904301 1.29109727800824 1.53338085254654 1.15611027320847 1.08165515144356 1.74748300411738 1.4399674939923 1.77202808926813 1.39118988672271 1.51879124739207 1.069150977768 1.2889845194295 1.35984956845641 1.79649778618477 1.61971445893869 1.90962901082821 1.41916634631343 1.85544436122291 1.829395708628 1.93938324600458 1.45744805992581 1.92393554304726 1.03067729761824 1.3203838756308 1.78119431668893 1.60513738356531 1.12322728149593 0 1.32716038404033
1.71477969246916 0.94820419116877 1.12140391720459 1.69810055731796 1.73660317435861 1.24280066904612 1.11813465412706 1.19721341994591 1.73776965681463 1.38454364449717 1.29495802847669 1.5066570607014 1.66165202739649 1.93167047156021 1.79428232181817 1.69296899717301 1.42883735895157 1.66407937416807 1.90070479130372 1.53241855208762 1.26573479408398 0.973551858915016 1.86428928142413 1.02619396522641 1.76745571801439 1.86464475397952 1.5726372259669 1.39017352485098 1.32716038404033 0
