0 1.41123656230047 1.20998412230983 1.30311173596419 1.55403176764958 1.5776225910522 1.18107995181344 1.27217783220112 1.82977063721046 1.82507359562442 1.25676264287904 1.82757872552611 1.7538005632814 1.19510675850324 1.18252972722985 1.13171081291512 1.50978977233171 1.10298218997195 1.28032165230252 1.39776893542148 1.374189829221 1.71593283000402 1.54690531664528 1.5349564848002 1.76492919377051 1.7155025836546 1.04453564691357 1.05900465068407 1.34112204378471 1.52067916002125
1.41123656230047 0 1.5302025929559 1.85409944364801 1.57179047050886 1.61507655773312 1.03859905060381 1.01279725902714 1.51413228968158 1.872033291962 0.946969600161538 1.47068700613454 1.60641150176525 1.42430565855466 1.34908371162601 1.06430025259033 1.09295516950078 1.57340636383742 1.84971579583362 1.7223740441259 1.89232306275517 1.40939416899346 1.35893906233832 1.05132069997489 0.939470634330064 1.09170939680189 1.38612422440201 1.15937341563404 1.67619157792069 1.11578735848889
1.20998412230983 1.5302025929559 0 1.68454810907133 1.1626137085259 1.65431882906705 1.83915490051731 1.46296196291223 1.1347795969341 1.81416158284992 1.63867484359071 1.34095506556332 1.76651201397181 1.73940487299114 0.99363322975114 1.27903044223785 1.35072927037254 1.82373348204419 1.138457396999 1.20752927777357 1.23052539443597 1.3307638282422 1.15056576160714 0.965633006533608 1.60867139603943 1.44166884431615 1.69166749017313 1.66349545866251 1.04075620882213 0.989967676112428
1.30311173596419 1.85409944364801 1.68454810907133 0 1.02003963873722 1.1877316639293 1.29455807455815 1.53892140416428 1.50072201457806 1.55765365343541 1.89325649337843 1.15508634201251 1.74692031135783 1.25685132527724 1.88889976101927 1.61027403594926 1.33822847832926 1.67626203130931 0.920165528543293 1.12536194431596 1.67510620434768 0.928259522421286 1.77266397560015 1.5759055193048 1.43515762127936 1.86613690690137 0.959664546651766 1.82593031972647 1.64230764564127 1.64655958581716
1.55403176764958 1.57179047050886 1.1626137085259 1.02003963873722 0 1.71277748863213 1.22816298273392 1.78914563567378 0.938243990764022 1.36281487275846 1.10315632168204 1.58962996141054 1.81550311786123 1.1997446520254 1.29992946377024 1.1486221824307 1.0413675531745 1.3519579693675 1.35669338377193 1.69681991357356 1.7364213343244 1.74423841014504 1.41745713655837 0.996646676212549 1.50591192720458 0.953139962162822 1.36205213749781 1.08394092554227 1.30324998730794 1.59726579114795
1.5776225910522 1.61507655773312 1.65431882906705 1.1877316639293 1.71277748863213 0 1.04950474505313 1.43177118874155 1.61513939336874 1.72137322044 1.53538437909447 1.25308553408831 1.79213353455998 1.5580396822188 1.23275173874572 1.45375279989094 1.37817928032018 1.192753885407 1.622866575839 1.51344481366687 1.0229768413119 1.21963240532205 1.24498072103597 1.81927021662705 1.86115582473576 0.946314530912787 1.32798028620891 1.86762731452473 0.9504565813113 1.03297077142633
1.18107995181344 1.03859905060381 1.83915490051731 1.29455807455815 1.22816298273392 1.04950474505313 0 1.0279525234364 1.63943300326355 0.980437508085743 1.03870123135857 1.24599257251248 1.64433757006191 1.65820026490837 1.3906590025872 1.81447541760281 1.88746166834608 1.89491111808456 1.04444786603563 1.3723004127387 0.936070638010278 1.1395787182264 1.46390649559908 0.922410819912329 1.32195432716981 1.13893126882613 0.960551872150972 0.932955099735409 1.30537655670196 1.32740245712921
1.27217783220112 1.01279725902714 1.46296196291223 1.53892140416428 1.78914563567378 1.43177118874155 1.0279525234364 0 1.86558389640413 1.24319608998485 1.12918736599386 1.08763741469011 1.60582229378633 1.3941089422442 1.37939708540216 1.57571899495088 1.70997029566206 1.78594613517635 1.00653852685355 1.57364255189896 0.991294061066583 1.68269086210057 1.41026756423526 1.65281140292063 1.64631688175723 1.76302168355323 1.05153867811896 1.68666133354418 1.6846931448672 1.60705169290304
1.82977063721046 1.51413228968158 1.1347795969341 1.50072201457806 0.938243990764022 1.61513939336874 1.63943300326355 1.86558389640413 0 1.76199456839822 0.947757692774758 1.06045421445742 0.940673866309226 1.59770563640632 1.88048535189591 1.29520681709982 1.58285857597366 1.33247911254875 1.50912119238637 1.09473615838215 1.72251283167861 1.03265351802111 1.76258642203175 1.23966013919562 1.68836640310474 1.81418687966652 0.967521677725017 1.31953240488656 1.28764245007187 1.27818326978013
1.82507359562442 1.872033291962 1.81416158284992 1.55765365343541 1.36281487275846 1.72137322044 0.980437508085743 1.24319608998485 1.76199456839822 0 1.31998871290125 1.40437333518639 1.85519572580233 1.89930984633975 1.46925806533545 1.51380040822551 1.56384423188865 1.90002104500309 1.80948950047605 1.57045440375805 1.69322171853855 1.3954046680592 1.60217937408015 1.81807540846057 1.86945983301848 1.83908336632885 1.3698977578897 1.67372682294808 1.0342118779663 1.10626877821051
1.25676264287904 0.946969600161538 1.63867484359071 1.89325649337843 1.10315632168204 1.53538437909447 1.03870123135857 1.12918736599386 0.947757692774758 1.31998871290125 0 1.79732451890595 1.01962570403703 1.23948843195103 1.49093401036225 1.19137764489278 1.36147278221324 1.04426451330073 1.42119335359894 1.05357175203972 1.15612884401344 1.38618635293096 1.28111787838861 1.43889654730447 0.921520182630047 1.86844750563614 1.74741660780273 1.36123979580589 0.979072323534638 1.22307120170444
1.82757872552611 1.47068700613454 1.34095506556332 1.15508634201251 1.58962996141054 1.25308553408831 1.24599257251248 1.08763741469011 1.06045421445742 1.40437333518639 1.79732451890595 0 1.5162782324478 1.21251471806318 1.10641268920153 0.930032123578712 1.22388531593606 1.63116734102368 1.38848856580444 1.21389574953355 1.4409463647753 1.89597138669342 1.59935442707501 1.54496156494133 1.5072110099718 1.56164461537264 1.40487727848813 0.942680217558518 1.41278627351858 0.971285554813221
1.7538005632814 1.60641150176525 1.76651201397181 1.74692031135783 1.81550311786123 1.79213353455998 1.64433757006191 1.60582229378633 0.940673866309226 1.85519572580233 1.01962570403703 1.5162782324478 0 1.46604247484356 1.70533511950634 1.48271255544387 0.907452315092087 1.0670209240634 1.58398079616018 1.90073770377785 1.83103514299728 1.80497476528399 1.42752969777212 1.08780801994726 1.05650153337047 1.32122293766588 1.26973844156601 1.30105056683533 1.32245768955909 1.33213735558093
1.19510675850324 1.42430565855466 1.73940487299114 1.25685132527724 1.1997446520254 1.5580396822188 1.65820026490837 1.3941089422442 1.59770563640632 1.89930984633975 1.23948843195103 1.21251471806318 1.46604247484356 0 1.59849197114818 1.35963142104447 1.58431246434338 1.78333544381894 1.16971390298568 0.964928483590484 1.1093792761676 1.36592495488003 1.74901818251237 1.24573895824142 1.67607009131461 1.27468039421365 0.907147250603884 1.72512219985947 1.42493541073054 1.55287263053469
1.18252972722985 1.34908371162601 0.99363322975114 1.88889976101927 1.29992946377024 1.23275173874572 1.3906590025872 1.37939708540216 1.88048535189591 1.46925806533545 1.49093401036225 1.10641268920153 1.70533511950634 1.59849197114818 0 1.33390763914213 1.25540282321163 1.5535063680727 1.54956600256264 1.70142241800204 1.1142500070855 1.61935601965524 1.82445649709553 1.2484291261062 1.34469133452512 1.544085474452 0.931829773820937 1.71142212348059 1.29221544833854 1.76453332439996
1.13171081291512 1.06430025259033 1.27903044223785 1.61027403594926 1.1486221824307 1.45375279989094 1.81447541760281 1.57571899495088 1.29520681709982 1.51380040822551 1.19137764489278 0.930032123578712 1.48271255544387 1.35963142104447 1.33390763914213 0 1.0555962829385 1.60674293618649 1.31672935327515 1.57310559903271 1.6972080974374 1.11055606231093 1.57874001027085 1.18329878221266 1.43683592462912 1.29188201623037 1.55973906442523 1.35065600927919 1.0417685280554 0.937168861506507
1.50978977233171 1.09295516950078 1.35072927037254 1.33822847832926 1.0413675531745 1.37817928032018 1.88746166834608 1.70997029566206 1.58285857597366 1.56384423188865 1.36147278221324 1.22388531593606 0.907452315092087 1.58431246434338 1.25540282321163 1.0555962829385 0 1.16943583008833 1.2017055018805 1.3307805180084 1.47633114736527 1.15911976760253 1.36899774684571 0.974557011621073 1.41215220652521 1.75858788797632 1.56020672945306 0.97118973499164 1.003104908159 1.26986443530768
1.10298218997195 1.57340636383742 1.82373348204419 1.67626203130931 1.3519579693675 1.192753885407 1.89491111808456 1.78594613517635 1.33247911254875 1.90002104500309 1.04426451330073 1.63116734102368 1.0670209240634 1.78333544381894 1.5535063680727 1.60674293618649 1.16943583008833 0 0.914848280372098 1.84556157235056 1.44659059355035 1.59512906335294 0.909188696881756 1.00811654701829 1.09932997520082 1.50500540109351 1.37102644634433 1.89924875670113 1.55046139052138 1.30517613934353
1.28032165230252 1.84971579583362 1.138457396999 0.920165528543293 1.35669338377193 1.622866575839 1.04444786603563 1.00653852685355 1.50912119238637 1.80948950047605 1.42119335359894 1.38848856580444 1.58398079616018 1.16971390298568 1.54956600256264 1.31672935327515 1.2017055018805 0.914848280372098 0 1.87006564368494 1.36314640729688 1.53765494422987 1.42988965474069 1.5080239744857 1.80535105080344 1.17930719838478 1.87478240951896 1.16394020058215 1.35021772305481 1.13027518219315
1.39776893542148 1.7223740441259 1.20752927777357 1.12536194431596 1.69681991357356 1.51344481366687 1.3723004127387 1.57364255189896 1.09473615838215 1.57045440375805 1.05357175203972 1.21389574953355 1.90073770377785 0.964928483590484 1.70142241800204 1.57310559903271 1.3307805180084 1.84556157235056 1.87006564368494 0 0.92896113730967 1.09850031975657 1.10782597539946 1.5509808161296 1.30100087472238 1.10448558698408 1.62022379180416 1.89795230817981 1.65528627415188 1.39409189554863
1.374189829221 1.89232306275517 1.23052539443597 1.67510620434768 1.7364213343244 1.0229768413119 0.936070638010278 0.991294061066583 1.72251283167861 1.69322171853855 1.15612884401344 1.4409463647753 1.83103514299728 1.1093792761676 1.1142500070855 1.6972080974374 1.47633114736527 1.44659059355035 1.36314640729688 0.92896113730967 0 1.27140440256335 1.16736396099441 1.85848145792261 1.02147425175644 1.88954314147122 1.41324986983091 1.4028120979201 1.59841915802099 0.939678634749725
1.71593283000402 1.40939416899346 1.3307638282422 0.928259522421286 1.74423841014504 1.21963240532205 1.1395787182264 1.68269086210057 1.03265351802111 1.3954046680592 1.38618635293096 1.89597138669342 1.80497476528399 1.36592495488003 1.61935601965524 1.11055606231093 1.15911976760253 1.59512906335294 1.53765494422987 1.09850031975657 1.27140440256335 0 0.981243330053985 0.94406378059648 1.37961179576814 1.46868387586437 1.75806609052233 1.55351732950658 1.56740507413633 1.5368687780574
1.54690531664528 1.35893906233832 1.15056576160714 1.77266397560015 1.41745713655837 1.24498072103597 1.46390649559908 1.41026756423526 1.76258642203175 1.60217937408015 1.28111787838861 1.59935442707501 1.42752969777212 1.74901818251237 1.82445649709553 1.57874001027085 1.36899774684571 0.909188696881756 1.42988965474069 1.10782597539946 1.16736396099441 0.981243330053985 0 1.4087117749732 1.64274518960156 1.19139184057713 1.43116155429743 1.03350121737458 1.24395642778836 1.16128474683501
1.5349564848002 1.05132069997489 0.965633006533608 1.5759055193048 0.996646676212549 1.81927021662705 0.922410819912329 1.65281140292063 1.23966013919562 1.81807540846057 1.43889654730447 1.54496156494133 1.08780801994726 1.24573895824142 1.2484291261062 1.18329878221266 0.974557011621073 1.00811654701829 1.5080239744857 1.5509808161296 1.85848145792261 0.94406378059648 1.4087117749732 0 1.29258024739102 1.84947955678217 1.40615734644234 0.941935813752934 1.79185988008976 1.77581152692437
1.76492919377051 0.939470634330064 1.60867139603943 1.43515762127936 1.50591192720458 1.86115582473576 1.32195432716981 1.64631688175723 1.68836640310474 1.86945983301848 0.921520182630047 1.5072110099718 1.05650153337047 1.67607009131461 1.34469133452512 1.43683592462912 1.41215220652521 1.09932997520082 1.80535105080344 1.30100087472238 1.02147425175644 1.37961179576814 1.64274518960156 1.29258024739102 0 1.21726544573903 1.32115974323824 1.44199716812 1.54162969486788 1.07477850234136
1.7155025836546 1.09170939680189 1.44166884431615 1.86613690690137 0.953139962162822 0.946314530912787 1.13893126882613 1.76302168355323 1.81418687966652 1.83908336632885 1.86844750563614 1.56164461537264 1.32122293766588 1.27468039421365 1.544085474452 1.29188201623037 1.75858788797632 1.50500540109351 1.17930719838478 1.10448558698408 1.88954314147122 1.46868387586437 1.19139184057713 1.84947955678217 1.21726544573903 0 0.963803821476176 1.11669119936414 1.34884455916472 1.517504761694
1.04453564691357 1.38612422440201 1.69166749017313 0.959664546651766 1.36205213749781 1.32798028620891 0.960551872150972 1.05153867811896 0.967521677725017 1.3698977578897 1.74741660780273 1.40487727848813 1.26973844156601 0.907147250603884 0.931829773820937 1.55973906442523 1.56020672945306 1.37102644634433 1.87478240951896 1.62022379180416 1.41324986983091 1.75806609052233 1.43116155429743 1.40615734644234 1.32115974323824 0.963803821476176 0 1.84240870224312 1.4584047968965 1.02729102200828
1.05900465068407 1.15937341563404 1.66349545866251 1.82593031972647 1.08394092554227 1.86762731452473 0.932955099735409 1.68666133354418 1.31953240488656 1.67372682294808 1.36123979580589 0.942680217558518 1.30105056683533 1.72512219985947 1.71142212348059 1.35065600927919 0.97118973499164 1.89924875670113 1.16394020058215 1.89795230817981 1.4028120979201 1.55351732950658 1.03350121737458 0.941935813752934 1.44199716812 1.11669119936414 1.84240870224312 0 0.96473238710314 1.82514221128076
1.34112204378471 1.67619157792069 1.04075620882213 1.64230764564127 1.30324998730794 0.9504565813113 1.30537655670196 1.6846931448672 1.28764245007187 1.0342118779663 0.979072323534638 1.41278627351858 1.32245768955909 1.42493541073054 1.29221544833854 1.0417685280554 1.003104908159 1.55046139052138 1.35021772305481 1.65528627415188 1.59841915802099 1.56740507413633 1.24395642778836 1.79185988008976 1.54162969486788 1.34884455916472 1.4584047968965 0.96473238710314 0 1.00994429923594
1.52067916002125 1.11578735848889 0.989967676112428 1.64655958581716 1.59726579114795 1.03297077142633 1.32740245712921 1.60705169290304 1.27818326978013 1.10626877821051 1.22307120170444 0.971285554813221 1.33213735558093 1.55287263053469 1.76453332439996 0.937168861506507 1.26986443530768 1.30517613934353 1.13027518219315 1.39409189554863 0.939678634749725 1.5368687780574 1.16128474683501 1.77581152692437 1.07477850234136 1.517504761694 1.02729102200828 1.82514221128076 1.00994429923594 0
