0 1.73076109704562 1.29488771851175 1.84116628975607 1.8755125196185 1.91169414762408 1.89620421407744 1.89021865674295 1.38511949079111 1.5001777424477 1.38487387821078 1.72455885214731 1.15268876566552 1.14898961386643 1.2884468191769 1.60922388359904 1.68120474088937 1.48569581843913 1.81612503668293 1.21451257145964 1.53643394354731 1.20878784614615 0.996756293345243 1.11514025717042 1.0252780278679 1.74502416700125 1.14013117994182 1.11686859675683 1.33613180671819 1.25679227150977
1.73076109704562 0 1.47422582074068 1.51429794239812 1.93438949482515 0.977732543135062 1.03296258859336 1.58616944984533 1.56183438329026 1.86405833181925 1.2179863632191 1.79911374789663 1.71332265227102 1.30350035103038 1.19810238410719 1.59040104877204 1.80031590769067 1.20729069109075 1.78923882101662 1.05446297861636 1.87956344452687 1.72575805173256 1.82178945606574 1.70569986989722 1.11299196770415 1.68751685973257 1.74378411774524 1.22823019535281 1.30327675072476 1.36032022256404
1.29488771851175 1.47422582074068 0 1.59086002432741 1.28592060110532 1.28053857036866 1.20983328041621 0.98246220801957 1.00949234329164 1.13900326890871 1.48223494878039 1.14629946835339 1.58706968696788 1.56756376847625 1.30944813205861 1.22334754397161 1.72400402021594 1.3729918836616 1.17221899563447 1.40661585680209 0.972595719387755 1.71870933030732 1.1870110896416 1.67395092477091 1.41917878412642 1.81920033274218 1.52457949635573 1.15747880097479 1.50592502299696 1.4047680424992
1.84116628975607 1.51429794239812 1.59086002432741 0 1.60102937021293 1.66974213346839 1.61352631216869 1.40047241048887 1.10749529511668 1.68352093035355 1.41581517853774 1.10939345951192 1.74834416829981 1.6138691874221 1.63916798285209 1.29070148407482 1.13167207478546 1.57775199785829 0.984474767465144 1.91830097348429 0.975377554772422 1.4390274907928 1.13342634611763 1.47757203504443 1.80736688175239 1.1836985766422 1.95662426599301 1.55198945337906 1.86753414478153 1.27050238987431
1.8755125196185 1.93438949482515 1.28592060110532 1.60102937021293 0 1.10770291043445 1.95266819256358 0.991388801950961 1.13794727041386 1.70198144670576 1.79128505336121 1.46985596511513 1.25740984268486 1.2787021221593 1.76606468949467 1.07315559824929 1.77448459365405 1.83161002094857 1.08089919621125 1.50729356869124 0.972917617298663 1.85939502948895 1.09586601890624 1.72488542553037 1.12683470733464 1.82821731898002 1.4525813893415 1.57805546652526 1.19537338265218 1.3030814519152
1.91169414762408 0.977732543135062 1.28053857036866 1.66974213346839 1.10770291043445 0 1.81901650386862 1.28076366102323 1.29912106948905 1.83359134220518 1.17333215847611 1.70212163520046 1.02267917105928 1.5712965305429 1.51783947809599 1.92686704895459 1.34388938476332 1.34558717533946 1.80341383302584 1.75128049426712 1.11388196796179 1.06603276031092 1.07846427778713 1.72856884356588 1.25167605606839 1.22652377234772 1.41609716741368 1.72758553619497 1.37357287132181 1.3575642479118
1.89620421407744 1.03296258859336 1.20983328041621 1.61352631216869 1.95266819256358 1.81901650386862 0 1.81642957986332 1.55869029927999 1.49431381211616 1.60074765048921 1.22088120947592 1.05600716779009 1.7317903211806 1.41004935093224 1.67945489892736 1.36982719786465 1.77368486649357 1.53938969736919 1.78407578286715 1.07588783255778 1.93341829697601 1.75256660860032 1.78720186464489 1.48449944308959 1.74094583000988 1.8990964894183 1.08398884953931 1.52400903939269 1.3109319335781
1.89021865674295 1.58616944984533 0.98246220801957 1.40047241048887 0.991388801950961 1.28076366102323 1.81642957986332 0 1.4249582265038 1.84460507147014 1.52697919378988 1.11768804932944 1.71046931063756 1.49704369204119 1.86522655561566 1.94717674702406 1.62026005308144 1.34799126372673 1.36266214982606 1.72202104493044 1.29395914101042 1.43013231339864 1.84073866158724 1.5611834321171 1.50209703156725 1.21671039517969 1.08149017835967 1.02867834130302 1.43677135067992 1.7502537004184
1.38511949079111 1.56183438329026 1.00949234329164 1.10749529511668 1.13794727041386 1.29912106948905 1.55869029927999 1.4249582265038 0 1.43818542174995 1.44291777745821 1.18740897625685 1.29350715409964 1.48147753672674 1.5487372900825 1.68783026980236 1.61291635781527 1.15723229944706 1.06874518236145 1.31424983590841 1.31958297244273 1.0955313432496 1.57271914370358 1.90877218986861 1.471416401444 1.27748195291497 1.71446021343581 1.74015176761895 1.87001460720785 1.7900384736713
1.5001777424477 1.86405833181925 1.13900326890871 1.68352093035355 1.70198144670576 1.83359134220518 1.49431381211616 1.84460507147014 1.43818542174995 0 1.84817427676171 1.36328825470991 1.03712652437389 1.3676908663474 0.980615198379382 1.65834778314456 1.89151393226348 1.36781432596035 1.81090445350856 1.15427635586821 1.47819178318605 1.39841979253106 0.969375479966402 1.74430788983591 1.94573692465201 1.57173491315916 1.92696640826762 1.8397654730361 1.93858504970558 1.3576733681839
1.38487387821078 1.2179863632191 1.48223494878039 1.41581517853774 1.79128505336121 1.17333215847611 1.60074765048921 1.52697919378988 1.44291777745821 1.84817427676171 0 1.1000439946074 1.4848861542996 1.52732187882066 1.6264619845897 1.12842279090546 0.996927178930491 1.09917316399515 1.37661571032368 1.90052375895903 1.25091602699831 1.78243886493146 1.52842747606337 1.84926911722869 1.55211406177841 1.8305038260296 1.66677364404313 1.87996467598714 1.6829808675684 1.9038607487455
1.72455885214731 1.79911374789663 1.14629946835339 1.10939345951192 1.46985596511513 1.70212163520046 1.22088120947592 1.11768804932944 1.18740897625685 1.36328825470991 1.1000439946074 0 1.35547040682286 1.82068959926255 1.31088001537137 1.95134310331196 1.24528803839348 1.15452557173558 1.2659910004586 1.78243312286213 1.64412975963205 1.45411349018104 1.4409185431432 1.26877118134871 1.18533038138412 1.31239818152972 1.22877825703472 1.02303240308538 1.41671761474572 1.308638417162
1.15268876566552 1.71332265227102 1.58706968696788 1.74834416829981 1.25740984268486 1.02267917105928 1.05600716779009 1.71046931063756 1.29350715409964 1.03712652437389 1.4848861542996 1.35547040682286 0 1.93402329599485 1.39200032199733 1.21942149591632 1.43141031637788 1.37751483265311 1.93522695242427 1.09958035475574 1.21221718634479 1.59271871624514 1.9195851648692 1.07469786400907 1.13357474375516 1.29519758094102 1.26710745156743 1.13781303283758 1.73662270302884 1.65762136038393
1.14898961386643 1.30350035103038 1.56756376847625 1.6138691874221 1.2787021221593 1.5712965305429 1.7317903211806 1.49704369204119 1.48147753672674 1.3676908663474 1.52732187882066 1.82068959926255 1.93402329599485 0 1.63809768110514 1.41020458238199 1.86209521302953 1.61589301843196 1.60389141156338 1.36179310083389 1.53748429031111 1.849092108896 1.61905716429465 1.02042951248586 1.32907927781343 1.24036923772655 1.40020852256566 1.25654375529848 1.17537841107696 1.8617692484986
1.2884468191769 1.19810238410719 1.30944813205861 1.63916798285209 1.76606468949467 1.51783947809599 1.41004935093224 1.86522655561566 1.5487372900825 0.980615198379382 1.6264619845897 1.31088001537137 1.39200032199733 1.63809768110514 0 1.71406394033693 1.33432133262977 1.84800470923074 1.13301622588187 1.45225473493338 1.46122607192956 1.53737854980864 1.72167617990635 1.60650247312151 1.74075920064934 1.32882949709892 1.28590887109749 1.29580491222441 1.21260052546859 1.71964885666966
1.60922388359904 1.59040104877204 1.22334754397161 1.29070148407482 1.07315559824929 1.92686704895459 1.67945489892736 1.94717674702406 1.68783026980236 1.65834778314456 1.12842279090546 1.95134310331196 1.21942149591632 1.41020458238199 1.71406394033693 0 1.54781690961681 1.23447456723079 1.49709543841891 1.19664649781771 1.78837105119601 1.45403209188953 1.66244063060731 1.50060932803899 1.14307112223469 1.8483129022643 1.05745347822085 1.48209206410684 1.41581745585427 1.0337924468331
1.68120474088937 1.80031590769067 1.72400402021594 1.13167207478546 1.77448459365405 1.34388938476332 1.36982719786465 1.62026005308144 1.61291635781527 1.89151393226348 0.996927178930491 1.24528803839348 1.43141031637788 1.86209521302953 1.33432133262977 1.54781690961681 0 1.73657825752161 1.90393305127509 1.6699919430539 1.41235106275417 1.05956635298207 1.62845674296841 1.58493605698459 1.07821501535363 1.26630742894486 1.45537085644901 1.57287456770428 1.23338918341324 1.79221550561488
1.48569581843913 1.20729069109075 1.3729918836616 1.57775199785829 1.83161002094857 1.34558717533946 1.77368486649357 1.34799126372673 1.15723229944706 1.36781432596035 1.09917316399515 1.15452557173558 1.37751483265311 1.61589301843196 1.84800470923074 1.23447456723079 1.73657825752161 0 1.58898762636818 1.74596288008615 1.87743236892857 1.82316569797695 1.26481172931381 1.52753837476484 1.70396349695511 1.30233253724873 1.64202809031121 1.39893691963516 1.57469710847363 1.50428249174729
1.81612503668293 1.78923882101662 1.17221899563447 0.984474767465144 1.08089919621125 1.80341383302584 1.53938969736919 1.36266214982606 1.06874518236145 1.81090445350856 1.37661571032368 1.2659910004586 1.93522695242427 1.60389141156338 1.13301622588187 1.49709543841891 1.90393305127509 1.58898762636818 0 1.52821808238514 1.35611430206336 1.19131249655038 1.08073322963901 1.32721074391156 1.70009730220772 1.0880272728391 1.24210168514401 1.60165999946184 1.09922932065092 1.22390340873972
1.21451257145964 1.05446297861636 1.40661585680209 1.91830097348429 1.50729356869124 1.75128049426712 1.78407578286715 1.72202104493044 1.31424983590841 1.15427635586821 1.90052375895903 1.78243312286213 1.09958035475574 1.36179310083389 1.45225473493338 1.19664649781771 1.6699919430539 1.74596288008615 1.52821808238514 0 1.92674407572486 1.22162272920832 1.35281724832021 1.78031250066124 1.09190009394661 1.77156575676054 1.7054966785945 1.1483873326797 1.26516738696955 1.21884895884432
1.53643394354731 1.87956344452687 0.972595719387755 0.975377554772422 0.972917617298663 1.11388196796179 1.07588783255778 1.29395914101042 1.31958297244273 1.47819178318605 1.25091602699831 1.64412975963205 1.21221718634479 1.53748429031111 1.46122607192956 1.78837105119601 1.41235106275417 1.87743236892857 1.35611430206336 1.92674407572486 0 1.84721345291473 0.963825630489737 0.992615242023021 1.79730221442878 1.40076800948009 1.80827485979535 1.83135437848978 1.86614211951382 1.28022999153472
1.20878784614615 1.72575805173256 1.71870933030732 1.4390274907928 1.85939502948895 1.06603276031092 1.93341829697601 1.43013231339864 1.0955313432496 1.39841979253106 1.78243886493146 1.45411349018104 1.59271871624514 1.849092108896 1.53737854980864 1.45403209188953 1.05956635298207 1.82316569797695 1.19131249655038 1.22162272920832 1.84721345291473 0 1.38602915592492 1.85075040324591 1.16379671031609 1.44331666268408 1.54393821768463 1.19459248497151 1.10637897858396 1.32310098712333
0.996756293345243 1.82178945606574 1.1870110896416 1.13342634611763 1.09586601890624 1.07846427778713 1.75256660860032 1.84073866158724 1.57271914370358 0.969375479966402 1.52842747606337 1.4409185431432 1.9195851648692 1.61905716429465 1.72167617990635 1.66244063060731 1.62845674296841 1.26481172931381 1.08073322963901 1.35281724832021 0.963825630489737 1.38602915592492 0 1.34036389971152 1.62764514307491 1.30678255460225 1.90984965185635 1.28564052958973 0.969209569739178 1.68208051216789
1.11514025717042 1.70569986989722 1.67395092477091 1.47757203504443 1.72488542553037 1.72856884356588 1.78720186464489 1.5611834321171 1.90877218986861 1.74430788983591 1.84926911722869 1.26877118134871 1.07469786400907 1.02042951248586 1.60650247312151 1.50060932803899 1.58493605698459 1.52753837476484 1.32721074391156 1.78031250066124 0.992615242023021 1.85075040324591 1.34036389971152 0 0.978179677156731 1.68198553891852 1.83007400087081 1.21501523931511 1.51394378137775 1.48134562489577
1.0252780278679 1.11299196770415 1.41917878412642 1.80736688175239 1.12683470733464 1.25167605606839 1.48449944308959 1.50209703156725 1.471416401444 1.94573692465201 1.55211406177841 1.18533038138412 1.13357474375516 1.32907927781343 1.74075920064934 1.14307112223469 1.07821501535363 1.70396349695511 1.70009730220772 1.09190009394661 1.79730221442878 1.16379671031609 1.62764514307491 0.978179677156731 0 1.47445835266262 1.27974649728276 1.32898628083058 1.4225582908839 1.58367799641564
1.74502416700125 1.68751685973257 1.81920033274218 1.1836985766422 1.82821731898002 1.22652377234772 1.74094583000988 1.21671039517969 1.27748195291497 1.57173491315916 1.8305038260296 1.31239818152972 1.29519758094102 1.24036923772655 1.32882949709892 1.8483129022643 1.26630742894486 1.30233253724873 1.0880272728391 1.77156575676054 1.40076800948009 1.44331666268408 1.30678255460225 1.68198553891852 1.47445835266262 0 1.94479840877466 1.29014639044181 1.47997428197414 1.26316170208156
1.14013117994182 1.74378411774524 1.52457949635573 1.95662426599301 1.4525813893415 1.41609716741368 1.8990964894183 1.08149017835967 1.71446021343581 1.92696640826762 1.66677364404313 1.22877825703472 1.26710745156743 1.40020852256566 1.28590887109749 1.05745347822085 1.45537085644901 1.64202809031121 1.24210168514401 1.7054966785945 1.80827485979535 1.54393821768463 1.90984965185635 1.83007400087081 1.27974649728276 1.94479840877466 0 0.971902414225042 1.68969093100168 1.41598452185281
1.11686859675683 1.22823019535281 1.15747880097479 1.55198945337906 1.57805546652526 1.72758553619497 1.08398884953931 1.02867834130302 1.74015176761895 1.8397654730361 1.87996467598714 1.02303240308538 1.13781303283758 1.25654375529848 1.29580491222441 1.48209206410684 1.57287456770428 1.39893691963516 1.60165999946184 1.1483873326797 1.83135437848978 1.19459248497151 1.28564052958973 1.21501523931511 1.32898628083058 1.29014639044181 0.971902414225042 0 1.02729623881169 1.40543439169414
1.33613180671819 1.30327675072476 1.50592502299696 1.86753414478153 1.19537338265218 1.37357287132181 1.52400903939269 1.43677135067992 1.87001460720785 1.93858504970558 1.6829808675684 1.41671761474572 1.73662270302884 1.17537841107696 1.21260052546859 1.41581745585427 1.23338918341324 1.57469710847363 1.09922932065092 1.26516738696955 1.86614211951382 1.10637897858396 0.969209569739178 1.51394378137775 1.4225582908839 1.47997428197414 1.68969093100168 1.02729623881169 0 1.5355122750625
1.25679227150977 1.36032022256404 1.4047680424992 1.27050238987431 1.3030814519152 1.3575642479118 1.3109319335781 1.7502537004184 1.7900384736713 1.3576733681839 1.9038607487455 1.308638417162 1.65762136038393 1.8617692484986 1.71964885666966 1.0337924468331 1.79221550561488 1.50428249174729 1.22390340873972 1.21884895884432 1.28022999153472 1.32310098712333 1.68208051216789 1.48134562489577 1.58367799641564 1.26316170208156 1.41598452185281 1.40543439169414 1.5355122750625 0
