0 1.3578917440027 1.0800784046296 1.13963258126751 0.972257218789309 1.03397684940137 1.50874855695292 1.30803387565538 1.44898618245497 0.998356108786538 1.06160510168411 1.32098046457395 0.936929773772135 1.34427302447148 1.81315956474282 1.46292911283672 1.10820497665554 1.46559117315337 1.59029284468852 1.50565237714909 1.67481789644808 1.06468336447142 1.29221554636024 1.30498515418731 1.54263375583105 1.06761795422062 1.03295844444074 0.915885918075219 1.64254315360449 1.31325009488501
1.3578917440027 0 1.61831280007027 1.27012675697915 0.936423154082149 1.18159562232904 1.19304464617744 1.69059820659459 1.60827478580177 0.954389432677999 1.6800870206207 1.84982898994349 1.49161420017481 1.56795575097203 1.62426112242974 1.25710832816549 0.930801489390433 0.983527334174141 1.55963735282421 1.36771773756482 0.92590177222155 1.76881907205097 1.10398121853359 1.04412549547851 1.57656706823036 1.4219874155242 0.906598428729922 1.68819865304977 1.85425114515238 1.11866884562187
1.0800784046296 1.61831280007027 0 1.51290937699378 1.44224331178702 1.24605127610266 1.16698814486153 1.49338877573609 1.75037194718607 1.58307162392884 1.72830367297865 1.08982944511808 1.21757266786881 1.41364816529676 1.3764502031263 1.0435865954496 1.85420392197557 1.65526956808753 1.86979984794743 1.75729219638743 1.03122259560041 1.7381330775097 1.39183135586791 1.59346451400779 1.64956834493205 1.10194157040678 1.57543331501074 1.61195251229219 0.897425531642511 1.75319785950705
1.13963258126751 1.27012675697915 1.51290937699378 0 1.69022086146288 1.47312359302305 1.19563311245292 1.56935625011101 0.986782345687971 1.18776656663977 1.69702321966179 1.35148455016315 1.59737368742935 1.03632243000902 1.22001024801284 1.51589878415689 0.921145850094035 1.09034494007938 0.910376254934818 1.20513598062098 1.45029471209273 1.19470537221059 0.894403854617849 1.05843088077381 1.40021374984644 1.46023305482231 1.5565616900567 1.13270918000489 1.78881447506137 1.55679495213553
0.972257218789309 0.936423154082149 1.44224331178702 1.69022086146288 0 1.87570873368531 1.33242234261706 1.62785389926285 1.00473836320452 0.992062788689509 1.7684091089759 1.33206197363324 1.5943928186316 1.84485057252459 1.23896943009458 1.72354286094196 1.5229588681832 1.1343343728222 1.32471350254491 1.84171267854981 1.3037242339924 1.23355113877915 1.56944744219072 1.00891941785812 1.56382012926042 1.71824915939942 1.23169650137424 1.08088497398421 1.75862914719619 1.2836604656186
1.03397684940137 1.18159562232904 1.24605127610266 1.47312359302305 1.87570873368531 0 1.60064314864576 1.49656581832096 1.48541154945269 1.12835912033916 1.17189804255031 1.28199437470175 1.16488648275845 1.29955993848853 1.84138658409938 1.82928059226833 1.05084337759763 1.38449028460309 1.81027341145091 0.895614937879145 0.937779620755464 0.897110325982794 1.45587443979457 1.00515809422359 1.81158059695736 1.55861103069037 1.33915121364407 1.66879158047959 0.984630002407357 0.996987369609997
1.50874855695292 1.19304464617744 1.16698814486153 1.19563311245292 1.33242234261706 1.60064314864576 0 1.43519405391999 1.57170247239992 1.10065133194439 1.11486199800856 1.67527535627596 1.07646556547843 1.20895050722174 1.57949215569533 1.58711118390784 1.66416868241504 1.50318884872831 1.54259173409082 1.44724849099293 1.23160023777746 1.53189253201708 0.973012336995453 1.40117663936689 1.29160735826008 1.42282079020515 1.35158785106614 0.959596025524661 1.63526361226104 1.26677526743151
1.30803387565538 1.69059820659459 1.49338877573609 1.56935625011101 1.62785389926285 1.49656581832096 1.43519405391999 0 1.72793271997944 0.962677711155266 1.22318524424918 0.999593025771901 1.03219325747341 1.4804244574625 1.09350955346599 1.07429886283353 1.69691468728706 1.40475729620084 1.64467890560627 1.31846405332908 0.949454105226323 1.50328045035712 0.890218208311126 0.952724036760628 1.22146423207596 1.39640414505266 1.48447200004011 1.14834044827148 1.71847451478243 1.24926466238685
1.44898618245497 1.60827478580177 1.75037194718607 0.986782345687971 1.00473836320452 1.48541154945269 1.57170247239992 1.72793271997944 0 1.21226172475144 1.5976003985852 1.13667874014936 0.910851400345564 1.34809911902994 1.21531160268933 1.03121047350578 1.39043331891298 1.34834874956869 1.53120371256955 1.78336377372034 1.813865856966 1.18672452378087 1.21460038097575 1.33579192194156 1.10635385336354 1.83556408924051 1.39679594710469 1.26977134984918 1.3679876413662 1.09215841884725
0.998356108786538 0.954389432677999 1.58307162392884 1.18776656663977 0.992062788689509 1.12835912033916 1.10065133194439 0.962677711155266 1.21226172475144 0 1.84859764529392 1.21197949163616 1.66089568170719 1.30316593730822 1.28537664888427 0.991433198796585 1.79958719015121 1.88692135526799 1.5603625329677 1.70064443978481 1.16679782420397 1.35233487258665 1.03971576504409 1.35651172976941 1.64782236143947 0.97439828235656 1.56109578558244 1.40329305035993 1.1579051669687 0.961687060305849
1.06160510168411 1.6800870206207 1.72830367297865 1.69702321966179 1.7684091089759 1.17189804255031 1.11486199800856 1.22318524424918 1.5976003985852 1.84859764529392 0 1.50458558369428 1.7657291253563 1.37914702785201 1.40800232021138 1.11811493360437 1.62948439735919 1.69734419416636 1.75517916702665 0.938665130874142 1.55566714075394 1.26841975469142 1.63938692514785 1.79318396234885 1.82117086532526 1.58082670066506 1.23294951673597 1.69339011982083 1.44327653781511 1.73164647887461
1.32098046457395 1.84982898994349 1.08982944511808 1.35148455016315 1.33206197363324 1.28199437470175 1.67527535627596 0.999593025771901 1.13667874014936 1.21197949163616 1.50458558369428 0 1.39723452553153 1.35665466403589 1.02900367509574 1.75137376459315 0.958106776233763 1.40900307521224 1.18306961632334 0.891214719973505 1.31832666229457 1.77344059338793 0.940193781396374 1.51933885272592 1.62077858229168 1.55791035154834 1.86916504870169 1.42612897767685 1.31410234724171 1.26538871577941
0.936929773772135 1.49161420017481 1.21757266786881 1.59737368742935 1.5943928186316 1.16488648275845 1.07646556547843 1.03219325747341 0.910851400345564 1.66089568170719 1.7657291253563 1.39723452553153 0 1.27128238487057 1.52535233274102 1.42842141236179 1.37284236541018 1.33280693925917 1.67139958078042 1.16933184606023 1.12868666602299 1.74957981798798 1.06436395598575 1.01913697132841 1.71860809274949 1.53535616607405 1.26370580471121 1.33881278592162 1.69706264301203 1.63948525185697
1.34427302447148 1.56795575097203 1.41364816529676 1.03632243000902 1.84485057252459 1.29955993848853 1.20895050722174 1.4804244574625 1.34809911902994 1.30316593730822 1.37914702785201 1.35665466403589 1.27128238487057 0 0.956666510319337 1.31743078958243 1.13009166461416 1.58957619476132 1.83458158699796 1.35779931535944 1.4754369170405 1.64066189504229 1.76783815235831 1.7491441599559 1.45062156813219 1.82907804218121 1.64885136927478 1.14224430941977 1.16597855184227 1.56208692374639
1.81315956474282 1.62426112242974 1.3764502031263 1.22001024801284 1.23896943009458 1.84138658409938 1.57949215569533 1.09350955346599 1.21531160268933 1.28537664888427 1.40800232021138 1.02900367509574 1.52535233274102 0.956666510319337 0 1.32916811737232 1.54167691478506 1.63273104815744 1.20916318753734 1.66295186011121 1.04497816599905 1.26500951801427 0.974074287805706 1.37215239997022 1.12632580497302 1.65196065371856 0.903169560013339 1.62996670603752 0.936343131121248 1.37582367565483
1.46292911283672 1.25710832816549 1.0435865954496 1.51589878415689 1.72354286094196 1.82928059226833 1.58711118390784 1.07429886283353 1.03121047350578 0.991433198796585 1.11811493360437 1.75137376459315 1.42842141236179 1.31743078958243 1.32916811737232 0 1.07189836469479 1.0288106398657 1.01217500423081 1.33523753099144 1.23906335816719 1.81473941751756 0.970749793341383 1.77557914378121 1.68124922527932 1.63707323325798 1.55127549520694 1.15068302373402 1.65296250255778 1.41937432694249
1.10820497665554 0.930801489390433 1.85420392197557 0.921145850094035 1.5229588681832 1.05084337759763 1.66416868241504 1.69691468728706 1.39043331891298 1.79958719015121 1.62948439735919 0.958106776233763 1.37284236541018 1.13009166461416 1.54167691478506 1.07189836469479 0 1.69320267438889 1.47785195987672 1.36300173331983 1.22103186673485 1.12773023894988 1.08673425251618 1.54870054987259 1.48520060488954 1.84306300827302 1.67779265646823 1.63880757172592 1.4405442958232 1.73153414204717
1.46559117315337 0.983527334174141 1.65526956808753 1.09034494007938 1.1343343728222 1.38449028460309 1.50318884872831 1.40475729620084 1.34834874956869 1.88692135526799 1.69734419416636 1.40900307521224 1.33280693925917 1.58957619476132 1.63273104815744 1.0288106398657 1.69320267438889 0 1.2591535220854 1.74149299506098 1.19965361990035 1.76510212756693 1.55697008525021 1.00537954852916 0.981987979728729 1.83163076476194 1.63068320578896 1.7645176302176 1.24789954535663 1.37860123254359
1.59029284468852 1.55963735282421 1.86979984794743 0.910376254934818 1.32471350254491 1.81027341145091 1.54259173409082 1.64467890560627 1.53120371256955 1.5603625329677 1.75517916702665 1.18306961632334 1.67139958078042 1.83458158699796 1.20916318753734 1.01217500423081 1.47785195987672 1.2591535220854 0 1.59030519076623 1.22903189039789 1.88022447330877 1.80446305824444 0.958896156633273 1.3663276724983 1.50232880562544 1.02460824348964 1.29741321899928 1.76698333420791 1.0238325970713
1.50565237714909 1.36771773756482 1.75729219638743 1.20513598062098 1.84171267854981 0.895614937879145 1.44724849099293 1.31846405332908 1.78336377372034 1.70064443978481 0.938665130874142 0.891214719973505 1.16933184606023 1.35779931535944 1.66295186011121 1.33523753099144 1.36300173331983 1.74149299506098 1.59030519076623 0 1.1494281317573 1.79272526386194 0.975253604818135 1.88270623120479 1.21697194641456 1.79406397975981 1.77082720166072 1.66848869295791 1.24988432321697 1.34677554038353
1.67481789644808 0.92590177222155 1.03122259560041 1.45029471209273 1.3037242339924 0.937779620755464 1.23160023777746 0.949454105226323 1.813865856966 1.16679782420397 1.55566714075394 1.31832666229457 1.12868666602299 1.4754369170405 1.04497816599905 1.23906335816719 1.22103186673485 1.19965361990035 1.22903189039789 1.1494281317573 0 1.54034985578619 1.07772096595727 1.02047644904815 1.53313270956278 1.21898792008869 1.68701694672927 1.13892407016829 1.2684230604209 1.15199340251274
1.06468336447142 1.76881907205097 1.7381330775097 1.19470537221059 1.23355113877915 0.897110325982794 1.53189253201708 1.50328045035712 1.18672452378087 1.35233487258665 1.26841975469142 1.77344059338793 1.74957981798798 1.64066189504229 1.26500951801427 1.81473941751756 1.12773023894988 1.76510212756693 1.88022447330877 1.79272526386194 1.54034985578619 0 1.2562290856149 1.67470087390393 1.6793135816697 1.56113312672824 0.910618626978248 1.33155952184461 1.50842197821476 1.8603797769174
1.29221554636024 1.10398121853359 1.39183135586791 0.894403854617849 1.56944744219072 1.45587443979457 0.973012336995453 0.890218208311126 1.21460038097575 1.03971576504409 1.63938692514785 0.940193781396374 1.06436395598575 1.76783815235831 0.974074287805706 0.970749793341383 1.08673425251618 1.55697008525021 1.80446305824444 0.975253604818135 1.07772096595727 1.2562290856149 0 1.54951192531735 1.3887151691597 1.749361457536 1.79465652396902 1.4443539630156 1.6320144047495 1.00884866574779
1.30498515418731 1.04412549547851 1.59346451400779 1.05843088077381 1.00891941785812 1.00515809422359 1.40117663936689 0.952724036760628 1.33579192194156 1.35651172976941 1.79318396234885 1.51933885272592 1.01913697132841 1.7491441599559 1.37215239997022 1.77557914378121 1.54870054987259 1.00537954852916 0.958896156633273 1.88270623120479 1.02047644904815 1.67470087390393 1.54951192531735 0 1.37089934293181 1.32848651194945 1.37900533224456 1.78042698721401 1.77495310152881 1.87610508780926
1.54263375583105 1.57656706823036 1.64956834493205 1.40021374984644 1.56382012926042 1.81158059695736 1.29160735826008 1.22146423207596 1.10635385336354 1.64782236143947 1.82117086532526 1.62077858229168 1.71860809274949 1.45062156813219 1.12632580497302 1.68124922527932 1.48520060488954 0.981987979728729 1.3663276724983 1.21697194641456 1.53313270956278 1.6793135816697 1.3887151691597 1.37089934293181 0 1.80948678962886 1.21627575764433 1.04462453862652 1.14103086129762 1.87744050263427
1.06761795422062 1.4219874155242 1.10194157040678 1.46023305482231 1.71824915939942 1.55861103069037 1.42282079020515 1.39640414505266 1.83556408924051 0.97439828235656 1.58082670066506 1.55791035154834 1.53535616607405 1.82907804218121 1.65196065371856 1.63707323325798 1.84306300827302 1.83163076476194 1.50232880562544 1.79406397975981 1.21898792008869 1.56113312672824 1.749361457536 1.32848651194945 1.80948678962886 0 0.999234121758491 1.35726171103306 1.11493029375561 1.30375656136312
1.03295844444074 0.906598428729922 1.57543331501074 1.5565616900567 1.23169650137424 1.33915121364407 1.35158785106614 1.48447200004011 1.39679594710469 1.56109578558244 1.23294951673597 1.86916504870169 1.26370580471121 1.64885136927478 0.903169560013339 1.55127549520694 1.67779265646823 1.63068320578896 1.02460824348964 1.77082720166072 1.68701694672927 0.910618626978248 1.79465652396902 1.37900533224456 1.21627575764433 0.999234121758491 0 1.28362653497607 1.66695422050543 1.33028976852074
0.915885918075219 1.68819865304977 1.61195251229219 1.13270918000489 1.08088497398421 1.66879158047959 0.959596025524661 1.14834044827148 1.26977134984918 1.40329305035993 1.69339011982083 1.42612897767685 1.33881278592162 1.14224430941977 1.62996670603752 1.15068302373402 1.63880757172592 1.7645176302176 1.29741321899928 1.66848869295791 1.13892407016829 1.33155952184461 1.4443539630156 1.78042698721401 1.04462453862652 1.35726171103306 1.28362653497607 0 1.85239099641331 0.899203484877944
1.64254315360449 1.85425114515238 0.897425531642511 1.78881447506137 1.75862914719619 0.984630002407357 1.63526361226104 1.71847451478243 1.3679876413662 1.1579051669687 1.44327653781511 1.31410234724171 1.69706264301203 1.16597855184227 0.936343131121248 1.65296250255778 1.4405442958232 1.24789954535663 1.76698333420791 1.24988432321697 1.2684230604209 1.50842197821476 1.6320144047495 1.77495310152881 1.14103086129762 1.11493029375561 1.66695422050543 1.85239099641331 0 1.4990337297786
1.31325009488501 1.11866884562187 1.75319785950705 1.55679495213553 1.2836604656186 0.996987369609997 1.26677526743151 1.24926466238685 1.09215841884725 0.961687060305849 1.73164647887461 1.26538871577941 1.63948525185697 1.56208692374639 1.37582367565483 1.41937432694249 1.73153414204717 1.37860123254359 1.0238325970713 1.34677554038353 1.15199340251274 1.8603797769174 1.00884866574779 1.87610508780926 1.87744050263427 1.30375656136312 1.33028976852074 0.899203484877944 1.4990337297786 0
