0 0.986400960478932 1.42613590671681 1.74103923025541 1.71860566688702 1.26142350584269 1.736743302783 1.27550278767012 1.34197364724241 1.4515639541205 1.08970679785125 1.68391440296546 1.08187092724256 1.2166486736387 1.2843537197914 1.85939962626435 1.74439757550135 1.36520192562602 1.2467464110814 1.38719144579954 1.90113140945323 1.49163395725191 1.37349385069683 1.56631824630313 1.86698252824135 1.87992735300213 1.88830180326477 1.13060653326102 1.07033496000804 1.75176813267171
0.986400960478932 0 0.911901232786477 1.75138964969665 1.49323275405914 1.82961822394282 1.21946696424857 1.37682930310257 1.43893820676021 1.41405826620758 1.67764685070142 0.961475344374776 0.945471214363351 1.58670510561205 1.15219276538119 1.1738215284422 0.912085327552631 1.77108139032498 1.15564764640294 1.8304276689887 1.43916780408472 1.89298827387393 1.51020651613362 1.63104202132672 1.89646025095135 1.14631316880696 1.58051717374474 1.2418184990529 1.09619814273901 1.29731751373038
1.42613590671681 0.911901232786477 0 1.71483978396282 1.87731043621898 1.11514145089313 1.54932462004945 1.13389098132029 1.05479732248932 1.44810264208354 1.05446098465472 1.55536896456033 1.24626318388619 1.87337355292402 1.3400750590954 1.23546276427805 1.44335519499145 1.00085258367471 1.34973663487472 1.59486206900328 1.18175499048084 1.89444583212025 1.48845744971186 1.58175318338908 1.08282956434414 1.19250834896229 1.60651709884405 1.42981969960965 1.79457530216314 0.974863241193816
1.74103923025541 1.75138964969665 1.71483978396282 0 1.77080105943605 1.59829817479476 1.57732939603738 1.52488935529254 1.66545377648436 1.27534297341481 1.39506951416843 1.83725047018379 1.79683320224285 1.61296338494867 1.49821258592419 1.42163787852041 1.58911177818663 1.47604861063883 1.18926824512891 0.95527049456723 1.61444253637455 1.45904441550374 1.39562940853648 1.86103991186246 0.944320773473009 1.53168823453598 1.12567864614539 0.937094677239656 1.79167404212058 0.92451581871137
1.71860566688702 1.49323275405914 1.87731043621898 1.77080105943605 0 0.912879815790802 1.54034669790417 1.46722526941448 1.66646254993975 1.63143814750947 0.907323975581676 1.38510379055515 1.55128909298219 1.21315982169472 0.914459464140236 1.7865535907913 1.08706572791561 1.48066725023091 1.10439007007517 1.64871009462513 1.16124926134944 1.61630491935648 1.78112781443633 1.75996821536683 1.48145571839996 1.28523530391976 1.80626727128401 1.65166168310679 0.934026423841715 1.3009636902716
1.26142350584269 1.82961822394282 1.11514145089313 1.59829817479476 0.912879815790802 0 1.01444322685711 1.05259551946074 1.4575304845348 1.35323398350738 1.11117393872701 1.77948478772305 1.62322910130024 0.971471919678152 1.22084777220152 1.73397824633867 1.81351578515023 1.00114667275921 1.48593017528765 0.976262867217883 1.48852793336846 1.74213274545036 1.23622558778152 1.31898014247417 1.11410304484889 1.35830021672882 1.23288165405393 1.34806549968198 1.00669132638723 1.51457767048851
1.736743302783 1.21946696424857 1.54932462004945 1.57732939603738 1.54034669790417 1.01444322685711 0 1.22865775320679 1.00750192138366 1.51801288733259 1.26942824362777 1.11415253672749 1.51275012595579 1.2375082494691 1.38241071696393 0.943581399507821 1.1373967831023 1.67223050328903 1.68652423657477 1.46701427013613 1.1117811514996 1.58153991634026 1.44355956278741 1.72927158954553 1.25894054980017 1.09162985277362 1.31623952067457 1.3454513871111 1.32046245154925 0.970400639111176
1.27550278767012 1.37682930310257 1.13389098132029 1.52488935529254 1.46722526941448 1.05259551946074 1.22865775320679 0 1.69363544252701 1.7263278348837 1.02297858218662 1.03779059718363 0.949081643018872 1.80732563999481 1.23083347640932 1.60817911382765 1.35143180051818 1.74352313624695 1.63066867226735 1.393265071325 1.40760481799953 1.1109709686134 1.5670858444646 1.30542459222488 1.0382742783986 1.86137091275305 1.11886077816598 1.17562430538237 1.82603213377297 1.51015725079924
1.34197364724241 1.43893820676021 1.05479732248932 1.66545377648436 1.66646254993975 1.4575304845348 1.00750192138366 1.69363544252701 0 1.17428973712958 1.14623696822673 1.29709096904844 1.66730005666614 1.07519693486392 1.18455511890352 1.15391099103726 1.54693770059384 1.4500288835261 1.86555512412451 1.52163131115958 1.76213808404282 1.34168269811198 1.46206180844456 1.83298044279218 0.904727640096098 1.32037071557716 1.77600447461009 1.09091692627408 1.22808032110333 1.267502078088
1.4515639541205 1.41405826620758 1.44810264208354 1.27534297341481 1.63143814750947 1.35323398350738 1.51801288733259 1.7263278348837 1.17428973712958 0 1.21003420650959 1.88927253894508 1.10559369064867 1.009246872738 1.07590035931207 1.40902910195291 1.0316590948496 1.67167040822096 1.5249558375217 1.18144259671681 1.07426406419836 1.808910345193 1.51552606094629 1.69378934009001 1.181080653565 1.21202237042598 1.16909031104296 1.74986925697885 1.12022315734066 1.00217821798287
1.08970679785125 1.67764685070142 1.05446098465472 1.39506951416843 0.907323975581676 1.11117393872701 1.26942824362777 1.02297858218662 1.14623696822673 1.21003420650959 0 1.05973029043525 1.75163455260918 1.39752125972882 1.64714931463823 1.88194068870507 1.61831279820763 1.51024544402026 1.48437764588743 1.49642892298289 1.45814240444452 1.84743310883641 1.5230802660808 1.67275020829402 0.98379692947492 1.50460750516504 1.86073289997876 1.88474634708837 1.1783496523276 1.00969357392751
1.68391440296546 0.961475344374776 1.55536896456033 1.83725047018379 1.38510379055515 1.77948478772305 1.11415253672749 1.03779059718363 1.29709096904844 1.88927253894508 1.05973029043525 0 1.14998739492148 1.78665116801858 1.46465851506218 1.83861783496104 1.06501025520265 1.10459298780188 1.08594096754678 1.03574944403954 0.98077583219856 1.79198944452219 1.02566164033487 1.27185319690034 1.07242002431303 1.32242983044125 1.04235632554628 1.19834220176563 1.78673858894035 1.85577841871418
1.08187092724256 0.945471214363351 1.24626318388619 1.79683320224285 1.55128909298219 1.62322910130024 1.51275012595579 0.949081643018872 1.66730005666614 1.10559369064867 1.75163455260918 1.14998739492148 0 1.57285269815475 1.79055019281805 1.52469219570048 1.21021955180913 1.79814902227372 0.999337167246267 1.32447113329545 1.80411955714226 1.66569421463646 0.980318997055292 1.44554026727565 0.991650004638359 1.02721122093499 0.952398212626576 1.87580342614092 1.64284229069017 1.29248804342933
1.2166486736387 1.58670510561205 1.87337355292402 1.61296338494867 1.21315982169472 0.971471919678152 1.2375082494691 1.80732563999481 1.07519693486392 1.009246872738 1.39752125972882 1.78665116801858 1.57285269815475 0 1.03091031988151 1.87231724243611 1.2219160485547 1.40855246642604 1.59820700995624 1.60715488390997 1.84399042860605 1.01267912425101 1.51893257093616 1.17586947395466 1.65559203852899 1.24957962729968 1.01137623284012 1.58098862017505 1.07344365352765 1.16066034231335
1.2843537197914 1.15219276538119 1.3400750590954 1.49821258592419 0.914459464140236 1.22084777220152 1.38241071696393 1.23083347640932 1.18455511890352 1.07590035931207 1.64714931463823 1.46465851506218 1.79055019281805 1.03091031988151 0 1.03306252229959 1.44938607071526 1.67692631762475 1.34314028685912 1.63937241095118 1.86630175844766 1.15782705903985 1.52334186155349 1.63153740600683 1.45209499797784 1.47064906428568 1.28408198733814 1.34634474129416 1.42961148871109 1.87972942832857
1.85939962626435 1.1738215284422 1.23546276427805 1.42163787852041 1.7865535907913 1.73397824633867 0.943581399507821 1.60817911382765 1.15391099103726 1.40902910195291 1.88194068870507 1.83861783496104 1.52469219570048 1.87231724243611 1.03306252229959 0 1.23384125600569 1.40096543752588 0.97470363532193 1.22481317468919 1.45709067233838 0.929266248364002 1.11529632844031 1.25413452018984 1.58234080206603 1.89787221653387 1.11282426770777 1.6024386882782 1.63091518194415 1.87502479297109
1.74439757550135 0.912085327552631 1.44335519499145 1.58911177818663 1.08706572791561 1.81351578515023 1.1373967831023 1.35143180051818 1.54693770059384 1.0316590948496 1.61831279820763 1.06501025520265 1.21021955180913 1.2219160485547 1.44938607071526 1.23384125600569 0 1.58779729087837 1.66708680777811 1.64294444420375 1.83056168654002 1.76156517490745 1.01047033071518 1.12702310248278 1.54325466509908 1.61020989273675 1.85301986848935 1.34265984268859 1.343650017865 1.8163192672655
1.36520192562602 1.77108139032498 1.00085258367471 1.47604861063883 1.48066725023091 1.00114667275921 1.67223050328903 1.74352313624695 1.4500288835261 1.67167040822096 1.51024544402026 1.10459298780188 1.79814902227372 1.40855246642604 1.67692631762475 1.40096543752588 1.58779729087837 0 1.89116749027744 1.17550658108667 1.29559097136371 1.36274948180653 1.01346741616726 1.88870852370746 1.02818207256496 1.03777914028615 0.95190152944997 1.52497992478311 1.80460889893584 1.86057680519298
1.2467464110814 1.15564764640294 1.34973663487472 1.18926824512891 1.10439007007517 1.48593017528765 1.68652423657477 1.63066867226735 1.86555512412451 1.5249558375217 1.48437764588743 1.08594096754678 0.999337167246267 1.59820700995624 1.34314028685912 0.97470363532193 1.66708680777811 1.89116749027744 0 1.61556738009676 1.77239973517135 1.56595574785024 1.60407481109723 1.73091923049651 1.20090437564068 1.22419758420438 1.73555434332229 1.72445460478775 1.04198026983067 1.43640083400533
1.38719144579954 1.8304276689887 1.59486206900328 0.95527049456723 1.64871009462513 0.976262867217883 1.46701427013613 1.393265071325 1.52163131115958 1.18144259671681 1.49642892298289 1.03574944403954 1.32447113329545 1.60715488390997 1.63937241095118 1.22481317468919 1.64294444420375 1.17550658108667 1.61556738009676 0 1.05827813525684 1.06486987136304 1.21790654934011 0.940641367342323 1.8886540455278 1.59546664822847 1.67540168552659 1.69733235123567 1.75236022169702 1.10225112456828
1.90113140945323 1.43916780408472 1.18175499048084 1.61444253637455 1.16124926134944 1.48852793336846 1.1117811514996 1.40760481799953 1.76213808404282 1.07426406419836 1.45814240444452 0.98077583219856 1.80411955714226 1.84399042860605 1.86630175844766 1.45709067233838 1.83056168654002 1.29559097136371 1.77239973517135 1.05827813525684 0 1.36065349425189 1.1574576550629 1.55495948321186 1.28340611699969 1.28819935559295 1.34536188142374 1.68202150939032 1.75896160933189 1.76035195542499
1.49163395725191 1.89298827387393 1.89444583212025 1.45904441550374 1.61630491935648 1.74213274545036 1.58153991634026 1.1109709686134 1.34168269811198 1.808910345193 1.84743310883641 1.79198944452219 1.66569421463646 1.01267912425101 1.15782705903985 0.929266248364002 1.76156517490745 1.36274948180653 1.56595574785024 1.06486987136304 1.36065349425189 0 1.37037668423727 1.52364599844441 0.954569084802642 1.79084331425838 0.979657202959061 1.17962228669785 1.66636469773948 1.18801187979989
1.37349385069683 1.51020651613362 1.48845744971186 1.39562940853648 1.78112781443633 1.23622558778152 1.44355956278741 1.5670858444646 1.46206180844456 1.51552606094629 1.5230802660808 1.02566164033487 0.980318997055292 1.51893257093616 1.52334186155349 1.11529632844031 1.01047033071518 1.01346741616726 1.60407481109723 1.21790654934011 1.1574576550629 1.37037668423727 0 1.42498790333048 1.12844865513034 1.1877543721348 1.80770391994156 1.02132674050517 1.61604754556902 1.50730437412858
1.56631824630313 1.63104202132672 1.58175318338908 1.86103991186246 1.75996821536683 1.31898014247417 1.72927158954553 1.30542459222488 1.83298044279218 1.69378934009001 1.67275020829402 1.27185319690034 1.44554026727565 1.17586947395466 1.63153740600683 1.25413452018984 1.12702310248278 1.88870852370746 1.73091923049651 0.940641367342323 1.55495948321186 1.52364599844441 1.42498790333048 0 0.948012678185478 1.12905191117898 1.86706356843933 1.36024085781537 1.03797771572135 1.19666687748395
1.86698252824135 1.89646025095135 1.08282956434414 0.944320773473009 1.48145571839996 1.11410304484889 1.25894054980017 1.0382742783986 0.904727640096098 1.181080653565 0.98379692947492 1.07242002431303 0.991650004638359 1.65559203852899 1.45209499797784 1.58234080206603 1.54325466509908 1.02818207256496 1.20090437564068 1.8886540455278 1.28340611699969 0.954569084802642 1.12844865513034 0.948012678185478 0 1.65407668799162 1.71837643254548 1.47777656163089 1.49281984404661 1.81290787062608
1.87992735300213 1.14631316880696 1.19250834896229 1.53168823453598 1.28523530391976 1.35830021672882 1.09162985277362 1.86137091275305 1.32037071557716 1.21202237042598 1.50460750516504 1.32242983044125 1.02721122093499 1.24957962729968 1.47064906428568 1.89787221653387 1.61020989273675 1.03777914028615 1.22419758420438 1.59546664822847 1.28819935559295 1.79084331425838 1.1877543721348 1.12905191117898 1.65407668799162 0 1.76817185175605 1.44873975054361 1.89596152957529 1.2470681250561
1.88830180326477 1.58051717374474 1.60651709884405 1.12567864614539 1.80626727128401 1.23288165405393 1.31623952067457 1.11886077816598 1.77600447461009 1.16909031104296 1.86073289997876 1.04235632554628 0.952398212626576 1.01137623284012 1.28408198733814 1.11282426770777 1.85301986848935 0.95190152944997 1.73555434332229 1.67540168552659 1.34536188142374 0.979657202959061 1.80770391994156 1.86706356843933 1.71837643254548 1.76817185175605 0 1.48853663541377 1.69074803055264 1.22021663165651
1.13060653326102 1.2418184990529 1.42981969960965 0.937094677239656 1.65166168310679 1.34806549968198 1.3454513871111 1.17562430538237 1.09091692627408 1.74986925697885 1.88474634708837 1.19834220176563 1.87580342614092 1.58098862017505 1.34634474129416 1.6024386882782 1.34265984268859 1.52497992478311 1.72445460478775 1.69733235123567 1.68202150939032 1.17962228669785 1.02132674050517 1.36024085781537 1.47777656163089 1.44873975054361 1.48853663541377 0 1.05129609117284 0.974906146991998
1.07033496000804 1.09619814273901 1.79457530216314 1.79167404212058 0.934026423841715 1.00669132638723 1.32046245154925 1.82603213377297 1.22808032110333 1.12022315734066 1.1783496523276 1.78673858894035 1.64284229069017 1.07344365352765 1.42961148871109 1.63091518194415 1.343650017865 1.80460889893584 1.04198026983067 1.75236022169702 1.75896160933189 1.66636469773948 1.61604754556902 1.03797771572135 1.49281984404661 1.89596152957529 1.69074803055264 1.05129609117284 0 1.14465982653201
1.75176813267171 1.29731751373038 0.974863241193816 0.92451581871137 1.3009636902716 1.51457767048851 0.970400639111176 1.51015725079924 1.267502078088 1.00217821798287 1.00969357392751 1.85577841871418 1.29248804342933 1.16066034231335 1.87972942832857 1.87502479297109 1.8163192672655 1.86057680519298 1.43640083400533 1.10225112456828 1.76035195542499 1.18801187979989 1.50730437412858 1.19666687748395 1.81290787062608 1.2470681250561 1.22021663165651 0.974906146991998 1.14465982653201 0
