0 1.25272856140509 1.56562863336876 1.09770028712228 1.1651975591667 1.77863756078295 1.59971409128048 1.04658502014354 1.76119122421369 1.58774883672595 1.30630250577815 1.61149993026629 1.28848161245696 1.1839658068493 1.58672014414333 1.49818077124655 1.38715467392467 1.91694040130824 1.9551982562989 1.91792107233778 1.89095975481905 1.04103181813844 1.03286206745543 1.59307932015508 1.25764373713173 1.77863840409555 1.57796287699603 1.53961190767586 1.89299964508973 1.30889157485217
1.25272856140509 0 1.66877963440493 1.45815764414147 1.56731999176554 1.40790383610874 1.05776970111765 1.16757083218545 1.81616779672913 1.10524913552217 1.37253548903391 1.02148918877356 1.76916160946712 1.38508728519082 1.58730515022762 1.37755352887325 1.48653822718188 1.70846533635631 1.48277550027706 1.87893133703619 1.71062562265433 1.31192481471226 1.82519799098372 0.966117663076147 1.43781696539372 1.19324096967466 1.46724671986885 1.03156389878131 1.23924189177342 1.36913005984388
1.56562863336876 1.66877963440493 0 1.39000124484301 1.73946742899716 1.00921876332723 1.10854352894239 1.91757359425537 1.14874404738657 1.06504430249333 1.95608041528612 1.35457083838992 1.89999175677076 1.07800549222156 1.80130069260485 1.55050300480798 1.91266793734394 1.939967101207 1.76498517300934 1.11609904631041 1.41709383251145 1.42844904004596 1.16170699521899 1.01037144474685 1.84080308955163 1.32012070249766 1.53480704990216 1.18630197830498 1.14574976498261 1.1025410881266
1.09770028712228 1.45815764414147 1.39000124484301 0 1.12318977201357 1.65400503762066 1.58723465329967 1.67352888314053 1.10385909886099 1.30914406455122 1.7999981995672 1.27448039944284 1.0058118305169 1.47603049431928 1.87476710090414 1.28050488512963 1.05822660936974 1.86154187261127 1.75047742109746 1.29534794040956 1.53606467624195 1.63353424472734 1.9395706942305 1.95794067019597 1.18354833009653 1.92437033704482 1.13864754792303 1.72838996048085 1.45401221467182 1.46679071313702
1.1651975591667 1.56731999176554 1.73946742899716 1.12318977201357 0 1.44919667206705 1.50620039901696 1.04167569195852 1.92979846289381 1.66085455799475 1.0389861878939 1.77883888431825 1.1384679027833 1.94384321896359 1.7392710109707 1.37787743262015 1.18489031982608 1.35967197292484 1.04980005905963 1.35029171477072 1.59587558195926 1.72332247067243 1.81211117841303 1.74510213313624 1.8122812169604 1.73046263679862 1.1144292820245 1.17633030726574 1.28511996148154 1.89594242325984
1.77863756078295 1.40790383610874 1.00921876332723 1.65400503762066 1.44919667206705 0 1.12538098939694 1.53772242716514 1.61311441008002 1.8202311815694 1.65155116654932 1.79815655853599 1.69561884715222 1.5803882763721 1.47559374384582 1.58208288252354 1.82839650590904 0.985041861189529 1.27313151839189 1.34562101145275 1.76731250085868 1.3774542552419 1.40420654648915 1.44352771854028 1.47269218810834 1.56401643995196 1.74335566652007 1.34912802977487 1.69594988808967 1.33379276515916
1.59971409128048 1.05776970111765 1.10854352894239 1.58723465329967 1.50620039901696 1.12538098939694 0 1.11110420175828 1.58108597388491 1.00238938163966 0.96904456242919 1.36910490691662 1.05360673763789 1.68059470690787 1.57698827236891 1.21835276298225 1.59665150078945 1.84171585552394 1.55697032553144 1.24273388669826 1.87006212561391 1.35155079024844 1.55264905840158 1.65884951176122 1.94109080568887 1.27032045065425 1.25958948931657 1.58968100184575 1.10628597042523 1.18698581936769
1.04658502014354 1.16757083218545 1.91757359425537 1.67352888314053 1.04167569195852 1.53772242716514 1.11110420175828 0 1.71719402633607 1.31505030486733 1.28001993056387 1.76948690298013 1.42551982565783 1.93147628149018 1.59193588839844 1.71625718427822 0.987231202190742 1.29335334780626 1.12286907364614 1.35949355689809 1.14870548946783 1.27187661547214 1.43715933989733 1.91059041419066 1.16070467582904 1.7526303937193 0.968200097093359 1.52934734988958 1.06218645931222 1.95750356954522
1.76119122421369 1.81616779672913 1.14874404738657 1.10385909886099 1.92979846289381 1.61311441008002 1.58108597388491 1.71719402633607 0 1.4606270911172 1.85836166539229 1.76797967310995 1.8514766767621 1.72411983483471 1.15408075298183 1.42480057501234 1.22964011551812 1.86554012401029 1.71371111716144 1.86087828385644 1.43015692359768 1.31098942947574 1.79023423348553 0.98671732400544 1.70857498049736 1.90389152569696 1.41487790946849 1.60210788901895 1.30972363916226 1.29416758287698
1.58774883672595 1.10524913552217 1.06504430249333 1.30914406455122 1.66085455799475 1.8202311815694 1.00238938163966 1.31505030486733 1.4606270911172 0 1.62035823683254 1.39780044462532 1.49562740139663 1.67859639180824 1.56270565767772 1.56350566120818 0.976968347560614 1.93972109607421 1.13348464132287 1.03954610344954 1.15069238143042 1.3592657011468 1.5649370662868 1.94249584130011 1.36619415460154 0.975022585596889 1.18807991291396 1.4349284672644 0.974206552607939 1.77916012704372
1.30630250577815 1.37253548903391 1.95608041528612 1.7999981995672 1.0389861878939 1.65155116654932 0.96904456242919 1.28001993056387 1.85836166539229 1.62035823683254 0 0.972330837044865 1.93244308489375 1.46976134437136 1.25450317724608 1.29665735457093 1.69747698353603 1.72780971741304 0.991275517037138 1.57271133037284 1.04864436527714 1.85285608447157 1.61862329067662 1.63038146472536 0.972046243259683 1.8737964713946 1.04286322253756 1.25688603287563 1.53699389728718 1.60530246770941
1.61149993026629 1.02148918877356 1.35457083838992 1.27448039944284 1.77883888431825 1.79815655853599 1.36910490691662 1.76948690298013 1.76797967310995 1.39780044462532 0.972330837044865 0 1.65415261522867 1.59168437798508 1.86931887012906 1.63326284219511 0.973482171073556 1.79421433876269 1.83736998774111 0.967161419102922 1.89351730956696 1.01398390857503 1.39391957595944 1.69966141832992 1.90724260173738 1.5545642725192 1.7737542828545 1.94759143004194 1.30400127428584 0.98845648067072
1.28848161245696 1.76916160946712 1.89999175677076 1.0058118305169 1.1384679027833 1.69561884715222 1.05360673763789 1.42551982565783 1.8514766767621 1.49562740139663 1.93244308489375 1.65415261522867 0 1.4717704562936 1.64894797839224 1.35772325354628 1.93602513475344 1.45050397072919 1.79589135269634 1.72084434097633 1.35741110378876 1.6560350775253 1.81505919294432 1.86212606285699 1.13248677900992 1.89463699795306 1.90042293118313 1.33044174895622 1.1062892745249 1.84668316016905
1.1839658068493 1.38508728519082 1.07800549222156 1.47603049431928 1.94384321896359 1.5803882763721 1.68059470690787 1.93147628149018 1.72411983483471 1.67859639180824 1.46976134437136 1.59168437798508 1.4717704562936 0 1.00590110197663 1.87071011331864 1.74357912410051 1.60833723051473 1.08007131377235 1.49917577020824 1.48223148728721 1.66747762705199 1.58093424607068 1.32155534951016 1.58475910476409 1.32083247834817 1.50442474102601 1.11598669947125 1.2408362464048 1.24147660913877
1.58672014414333 1.58730515022762 1.80130069260485 1.87476710090414 1.7392710109707 1.47559374384582 1.57698827236891 1.59193588839844 1.15408075298183 1.56270565767772 1.25450317724608 1.86931887012906 1.64894797839224 1.00590110197663 0 1.59065419877879 1.14712671120651 1.25372777786106 1.74519779556431 1.24336149659939 1.93232773290947 1.06790841580369 1.90211453242227 1.37238624016754 1.48157427203842 1.81609059614129 1.14398717717268 1.32014564424753 1.85019041527994 1.5229650225956
1.49818077124655 1.37755352887325 1.55050300480798 1.28050488512963 1.37787743262015 1.58208288252354 1.21835276298225 1.71625718427822 1.42480057501234 1.56350566120818 1.29665735457093 1.63326284219511 1.35772325354628 1.87071011331864 1.59065419877879 0 1.4612405677326 1.41070583811961 1.83834439399652 1.88869376154616 1.37115755560808 0.970772728091106 1.39884072355926 1.63208777224645 1.24218454095535 1.41060627577826 1.83739669481292 1.9297027126886 0.969819691963494 1.17421783995815
1.38715467392467 1.48653822718188 1.91266793734394 1.05822660936974 1.18489031982608 1.82839650590904 1.59665150078945 0.987231202190742 1.22964011551812 0.976968347560614 1.69747698353603 0.973482171073556 1.93602513475344 1.74357912410051 1.14712671120651 1.4612405677326 0 1.85214063734747 1.8453403590247 1.44010637281463 1.9021864477545 1.37964505376294 1.1506411486771 1.14222712023184 1.28720562509261 1.66388901090249 1.7654062116053 1.89620735845529 1.59770481404848 1.70356026734225
1.91694040130824 1.70846533635631 1.939967101207 1.86154187261127 1.35967197292484 0.985041861189529 1.84171585552394 1.29335334780626 1.86554012401029 1.93972109607421 1.72780971741304 1.79421433876269 1.45050397072919 1.60833723051473 1.25372777786106 1.41070583811961 1.85214063734747 0 1.52918634517118 1.91668241959997 1.80970742716454 1.68868459761143 1.04466316103935 1.79342426150106 1.3667933747638 1.49420810420997 1.68559827306308 1.39363538986072 1.86014351155609 1.2745461112354
1.9551982562989 1.48277550027706 1.76498517300934 1.75047742109746 1.04980005905963 1.27313151839189 1.55697032553144 1.12286907364614 1.71371111716144 1.13348464132287 0.991275517037138 1.83736998774111 1.79589135269634 1.08007131377235 1.74519779556431 1.83834439399652 1.8453403590247 1.52918634517118 0 1.06942629930563 1.11610158719122 1.63425850658678 1.75674735940993 1.42526779347099 1.32696043723263 1.04616247140802 1.2940556446556 1.38760750298388 1.1824245841708 1.93422979908064
1.91792107233778 1.87893133703619 1.11609904631041 1.29534794040956 1.35029171477072 1.34562101145275 1.24273388669826 1.35949355689809 1.86087828385644 1.03954610344954 1.57271133037284 0.967161419102922 1.72084434097633 1.49917577020824 1.24336149659939 1.88869376154616 1.44010637281463 1.91668241959997 1.06942629930563 0 1.2891452871263 1.64376306906343 1.60244081402197 1.56735140224919 1.52872991119511 1.88905699946918 1.4427925767377 1.60578944417648 1.18939409265295 1.07726666913368
1.89095975481905 1.71062562265433 1.41709383251145 1.53606467624195 1.59587558195926 1.76731250085868 1.87006212561391 1.14870548946783 1.43015692359768 1.15069238143042 1.04864436527714 1.89351730956696 1.35741110378876 1.48223148728721 1.93232773290947 1.37115755560808 1.9021864477545 1.80970742716454 1.11610158719122 1.2891452871263 0 1.55309971887618 1.86429988406599 1.2661321698688 1.49358492041938 1.8520004840102 1.09038479416631 1.13172816298902 1.41958767874166 1.60258643724956
1.04103181813844 1.31192481471226 1.42844904004596 1.63353424472734 1.72332247067243 1.3774542552419 1.35155079024844 1.27187661547214 1.31098942947574 1.3592657011468 1.85285608447157 1.01398390857503 1.6560350775253 1.66747762705199 1.06790841580369 0.970772728091106 1.37964505376294 1.68868459761143 1.63425850658678 1.64376306906343 1.55309971887618 0 1.60308229923248 1.81672285776585 1.73407941241749 1.48104602727108 1.63118136650883 1.48016929067671 1.1615091599524 1.12063885596581
1.03286206745543 1.82519799098372 1.16170699521899 1.9395706942305 1.81211117841303 1.40420654648915 1.55264905840158 1.43715933989733 1.79023423348553 1.5649370662868 1.61862329067662 1.39391957595944 1.81505919294432 1.58093424607068 1.90211453242227 1.39884072355926 1.1506411486771 1.04466316103935 1.75674735940993 1.60244081402197 1.86429988406599 1.60308229923248 0 1.48990844655782 1.71242713229731 1.13352015195414 1.53341287351213 1.6565842719283 1.86139682168141 1.05422361567616
1.59307932015508 0.966117663076147 1.01037144474685 1.95794067019597 1.74510213313624 1.44352771854028 1.65884951176122 1.91059041419066 0.98671732400544 1.94249584130011 1.63038146472536 1.69966141832992 1.86212606285699 1.32155534951016 1.37238624016754 1.63208777224645 1.14222712023184 1.79342426150106 1.42526779347099 1.56735140224919 1.2661321698688 1.81672285776585 1.48990844655782 0 1.63484087004326 0.983111300738528 1.02920898003504 1.83920760266483 0.982288884930313 1.45265253633261
1.25764373713173 1.43781696539372 1.84080308955163 1.18354833009653 1.8122812169604 1.47269218810834 1.94109080568887 1.16070467582904 1.70857498049736 1.36619415460154 0.972046243259683 1.90724260173738 1.13248677900992 1.58475910476409 1.48157427203842 1.24218454095535 1.28720562509261 1.3667933747638 1.32696043723263 1.52872991119511 1.49358492041938 1.73407941241749 1.71242713229731 1.63484087004326 0 1.78639515023679 1.77562981424853 1.77482812968083 1.3384692245163 1.42181001813151
1.77863840409555 1.19324096967466 1.32012070249766 1.92437033704482 1.73046263679862 1.56401643995196 1.27032045065425 1.7526303937193 1.90389152569696 0.975022585596889 1.8737964713946 1.5545642725192 1.89463699795306 1.32083247834817 1.81609059614129 1.41060627577826 1.66388901090249 1.49420810420997 1.04616247140802 1.88905699946918 1.8520004840102 1.48104602727108 1.13352015195414 0.983111300738528 1.78639515023679 0 1.37055290513672 1.0238723771181 1.44005170138553 1.37977167917415
1.57796287699603 1.46724671986885 1.53480704990216 1.13864754792303 1.1144292820245 1.74335566652007 1.25958948931657 0.968200097093359 1.41487790946849 1.18807991291396 1.04286322253756 1.7737542828545 1.90042293118313 1.50442474102601 1.14398717717268 1.83739669481292 1.7654062116053 1.68559827306308 1.2940556446556 1.4427925767377 1.09038479416631 1.63118136650883 1.53341287351213 1.02920898003504 1.77562981424853 1.37055290513672 0 1.53404586366378 1.07738626538776 1.7403421793133
1.53961190767586 1.03156389878131 1.18630197830498 1.72838996048085 1.17633030726574 1.34912802977487 1.58968100184575 1.52934734988958 1.60210788901895 1.4349284672644 1.25688603287563 1.94759143004194 1.33044174895622 1.11598669947125 1.32014564424753 1.9297027126886 1.89620735845529 1.39363538986072 1.38760750298388 1.60578944417648 1.13172816298902 1.48016929067671 1.6565842719283 1.83920760266483 1.77482812968083 1.0238723771181 1.53404586366378 0 1.57717355922796 1.07539048790932
1.89299964508973 1.23924189177342 1.14574976498261 1.45401221467182 1.28511996148154 1.69594988808967 1.10628597042523 1.06218645931222 1.30972363916226 0.974206552607939 1.53699389728718 1.30400127428584 1.1062892745249 1.2408362464048 1.85019041527994 0.969819691963494 1.59770481404848 1.86014351155609 1.1824245841708 1.18939409265295 1.41958767874166 1.1615091599524 1.86139682168141 0.982288884930313 1.3384692245163 1.44005170138553 1.07738626538776 1.57717355922796 0 1.40354154375382
1.30889157485217 1.36913005984388 1.1025410881266 1.46679071313702 1.89594242325984 1.33379276515916 1.18698581936769 1.95750356954522 1.29416758287698 1.77916012704372 1.60530246770941 0.98845648067072 1.84668316016905 1.24147660913877 1.5229650225956 1.17421783995815 1.70356026734225 1.2745461112354 1.93422979908064 1.07726666913368 1.60258643724956 1.12063885596581 1.05422361567616 1.45265253633261 1.42181001813151 1.37977167917415 1.7403421793133 1.07539048790932 1.40354154375382 0
