0 1.28108357195742 1.84319286048412 1.13369660894386 1.66263544140384 0.922119533875957 1.7209539480973 1.37017151992768 0.888336224714294 0.973615823080763 1.59337688982487 1.6590212828014 0.917580014560372 0.986880620243028 1.76471165195107 1.3473330042325 1.34187207301147 1.82212948123924 1.21021246328019 1.57973262667656 1.19881410058588 1.19221922871657 1.75991632672958 1.47540165763348 1.48377795913257 1.62829369842075 1.73217434133403 1.61841740855016 1.05545529257506 1.40645739249885
1.28108357195742 0 1.42645732825622 1.02880188892595 1.06379539147019 1.744083203841 1.0554365972057 1.12231814698316 1.7232963219285 1.38641499704681 1.60396555135958 1.6444102707319 0.991187141276896 1.58264500740916 1.40397388860583 1.8838968789205 1.25170656968839 1.6787010023836 1.32331858295947 1.42341889580712 1.42766840639524 1.14194242167287 1.79039058205672 1.80138290440664 1.49242175160907 1.07027238840237 1.12402617861517 1.8181959616486 1.39024006598629 1.09947499237023
1.84319286048412 1.42645732825622 0 1.05765953334048 1.78582231095061 0.939054316375405 1.09006630512886 1.76785021042451 1.35604131268337 1.64899176172912 1.22862677113153 1.44356446922757 1.86236809752882 1.18569678021595 1.15141745796427 1.77005301532336 1.08933143340982 1.82974928547628 0.9078134810552 1.51775943860412 1.29907764680684 0.990616826806217 1.53559021931142 1.80029993876815 1.00387866864912 1.78710425645113 1.83110051578842 1.81927576195449 1.40319530386478 1.75512848445214
1.13369660894386 1.02880188892595 1.05765953334048 0 0.899580943398178 1.2961503372062 1.23059867112897 1.41214306792244 1.20843001757748 1.26368198171258 1.00849278457463 1.51085284445435 1.76354308635928 1.62629444594495 0.922275454504415 1.25224991794676 1.62144032726064 1.41107091424055 1.58011451363564 1.19179145549424 1.68627913086675 1.21191823203117 0.940506361424923 1.04788808478042 0.938902442576364 1.2160432075616 1.56371352239512 1.12367054563947 1.82374741672538 1.62248801486567
1.66263544140384 1.06379539147019 1.78582231095061 0.899580943398178 0 1.60280064563267 1.84102934319526 1.6688890743535 0.937775019556284 1.32419718569145 1.4118438186124 1.71000742376782 1.62457174318843 0.954601099248976 1.51139351213351 1.42020020540804 1.11270034057088 1.78401247574948 1.65623182361014 1.19511502794921 1.5680287827272 1.77437143260613 1.4694559937343 1.156060092384 1.44697154033929 1.34539741417393 1.65590574941598 1.32125201774761 1.85401602229103 1.55155923473649
0.922119533875957 1.744083203841 0.939054316375405 1.2961503372062 1.60280064563267 0 0.948100699111819 1.87321137893014 1.75984412617981 0.960361391538754 1.79985400172882 1.51091295224614 1.19718203879893 1.43611848214641 1.54208936612122 0.996092151384801 1.22895704978146 1.74077408551238 1.6298130932264 1.15749995992519 0.938705204287544 1.57892631203867 0.959693284472451 1.74405449791811 1.77847933396697 1.36567070963793 1.86495269695297 1.48596691247076 1.18711462290958 1.1060758237727
1.7209539480973 1.0554365972057 1.09006630512886 1.23059867112897 1.84102934319526 0.948100699111819 0 0.945651193615049 1.66707737208344 1.76609018584713 0.972697099437937 0.950604809215292 1.51046408037655 1.16785044316202 1.73641149955802 1.45418512937613 1.08083356521092 1.26958606299013 1.48736672312953 1.61472002486698 1.38168916292489 1.71251344378106 1.7641098445747 1.31406293110922 1.2840523312334 1.77670833002776 1.66287286416627 1.7856216346845 1.21660997043364 1.10012363968417
1.37017151992768 1.12231814698316 1.76785021042451 1.41214306792244 1.6688890743535 1.87321137893014 0.945651193615049 0 1.08565453928895 1.70630451035686 1.18430853192694 1.62455449672416 1.23136653355323 1.08551791519858 1.10884746699594 1.29435487696901 1.332211217843 1.21212689904496 1.1654677791521 1.50911566615105 1.42957708868198 1.88233037479222 1.8833699405659 1.1413595112972 1.44618200464174 1.09268488269299 1.40204303665087 1.76591487508267 1.46600304823369 1.29711125860922
0.888336224714294 1.7232963219285 1.35604131268337 1.20843001757748 0.937775019556284 1.75984412617981 1.66707737208344 1.08565453928895 0 1.63259228179231 1.00052411202341 1.82627508835867 1.41450943611562 1.34367586695589 1.38580355956219 1.2273769043386 1.18336384231225 1.62098902906291 0.952108641620725 1.70079584280029 1.10564730595797 1.36692640464753 1.87696229107678 0.935527312802151 1.63855385803618 1.00019247177988 1.73814330901951 1.83345079654828 1.43657251470722 1.53274610545486
0.973615823080763 1.38641499704681 1.64899176172912 1.26368198171258 1.32419718569145 0.960361391538754 1.76609018584713 1.70630451035686 1.63259228179231 0 1.67791960737668 1.77418880397454 0.97135391458869 1.55132608115673 1.30998245044611 1.37869205023162 1.33914144826122 1.56537526287138 1.67125811846927 1.39980520610698 1.11410195031203 1.1534771185834 1.11033899988979 1.65025642863475 1.5497666192241 1.35959661286324 1.47149116382934 1.85840858099982 0.891571448883042 1.28730836184695
1.59337688982487 1.60396555135958 1.22862677113153 1.00849278457463 1.4118438186124 1.79985400172882 0.972697099437937 1.18430853192694 1.00052411202341 1.67791960737668 0 1.25448384974152 1.54861615388654 0.921174825169146 0.983238417422399 1.60607733461075 1.48020386043936 0.982109356438741 1.12498786696233 1.19593196827918 1.07332280674018 1.39892111159861 1.74081077100709 1.48084782203659 0.972218007780612 1.70668788510375 1.23360084439628 1.12159171700478 1.7542392029427 1.43733080290258
1.6590212828014 1.6444102707319 1.44356446922757 1.51085284445435 1.71000742376782 1.51091295224614 0.950604809215292 1.62455449672416 1.82627508835867 1.77418880397454 1.25448384974152 0 1.20709046209231 1.76801699376665 1.42251973925158 1.75079573970288 1.35942133422941 1.57230712845922 1.80018930160441 1.03014752059244 1.2134211929515 1.51785478624515 0.988959174137563 1.68878363119438 0.939578979741782 1.0349058129359 1.2697529506404 1.15575948660262 1.66767792217433 1.25953642325476
0.917580014560372 0.991187141276896 1.86236809752882 1.76354308635928 1.62457174318843 1.19718203879893 1.51046408037655 1.23136653355323 1.41450943611562 0.97135391458869 1.54861615388654 1.20709046209231 0 1.20289781084284 1.61542142136022 1.36922816629522 1.40080456272699 0.932968208566308 1.32340119197033 1.08301862585358 1.1354729491286 1.80680963373743 1.04260119399987 1.78161166212521 1.11614605155773 1.68749601906165 1.80419425386935 1.72959774057381 1.67719625472091 1.69225767441094
0.986880620243028 1.58264500740916 1.18569678021595 1.62629444594495 0.954601099248976 1.43611848214641 1.16785044316202 1.08551791519858 1.34367586695589 1.55132608115673 0.921174825169146 1.76801699376665 1.20289781084284 0 1.39741653134115 1.66463057254441 1.37815015367232 1.10889336187392 1.5428694174625 0.904279213398695 1.7510624693241 1.11688821716234 1.87104499153793 1.18590877577662 1.73013782361522 1.55814548884518 1.50519544980489 1.32299036509357 1.08979035913944 1.24435623595491
1.76471165195107 1.40397388860583 1.15141745796427 0.922275454504415 1.51139351213351 1.54208936612122 1.73641149955802 1.10884746699594 1.38580355956219 1.30998245044611 0.983238417422399 1.42251973925158 1.61542142136022 1.39741653134115 0 1.53984930133447 1.58842283650301 1.3012086416129 1.76892619230784 1.60370324435644 1.18605750566348 1.53669525776058 1.21476414287463 1.56796660856344 1.45436771982349 1.43820361187682 1.33573393826373 1.80005015525967 1.22227616980672 1.1514206933789
1.3473330042325 1.8838968789205 1.77005301532336 1.25224991794676 1.42020020540804 0.996092151384801 1.45418512937613 1.29435487696901 1.2273769043386 1.37869205023162 1.60607733461075 1.75079573970288 1.36922816629522 1.66463057254441 1.53984930133447 0 1.50115264649503 1.1169982322026 1.29154748329893 1.71465262258425 1.10589570458978 1.66111250780523 1.69328042166308 1.84757316950709 0.913862309185788 1.36033731233329 0.925939556444064 1.09911973099224 1.41893429425545 1.56826545251533
1.34187207301147 1.25170656968839 1.08933143340982 1.62144032726064 1.11270034057088 1.22895704978146 1.08083356521092 1.332211217843 1.18336384231225 1.33914144826122 1.48020386043936 1.35942133422941 1.40080456272699 1.37815015367232 1.58842283650301 1.50115264649503 0 1.75668040732853 1.3361003564205 1.03403137298301 1.07878118264489 1.04917286266573 1.14289704244584 1.10795818688348 0.921584110474214 1.32277429848909 1.17152292956598 1.6641416256316 1.8402371336706 1.45055168378167
1.82212948123924 1.6787010023836 1.82974928547628 1.41107091424055 1.78401247574948 1.74077408551238 1.26958606299013 1.21212689904496 1.62098902906291 1.56537526287138 0.982109356438741 1.57230712845922 0.932968208566308 1.10889336187392 1.3012086416129 1.1169982322026 1.75668040732853 0 1.3300660031382 1.47167309559882 1.67163159349002 0.970009607961401 0.916147549869493 1.40085406671278 1.81940351519734 1.26707173278555 1.83587468671612 1.08531021513045 1.84826410841197 1.80698734638281
1.21021246328019 1.32331858295947 0.9078134810552 1.58011451363564 1.65623182361014 1.6298130932264 1.48736672312953 1.1654677791521 0.952108641620725 1.67125811846927 1.12498786696233 1.80018930160441 1.32340119197033 1.5428694174625 1.76892619230784 1.29154748329893 1.3361003564205 1.3300660031382 0 1.48385608638637 1.74329526768997 1.53150596795604 1.42202481767163 1.10075573879294 1.19950349000283 1.86636438895948 1.32979913335294 1.32147133909166 1.39189296471886 1.60891130659729
1.57973262667656 1.42341889580712 1.51775943860412 1.19179145549424 1.19511502794921 1.15749995992519 1.61472002486698 1.50911566615105 1.70079584280029 1.39980520610698 1.19593196827918 1.03014752059244 1.08301862585358 0.904279213398695 1.60370324435644 1.71465262258425 1.03403137298301 1.47167309559882 1.48385608638637 0 1.29118098691106 1.25705396267585 1.70761071098968 1.54269740404561 1.60886276280507 1.26218732213601 1.82932713441551 1.24102820386179 1.77091287449002 1.72281541046686
1.19881410058588 1.42766840639524 1.29907764680684 1.68627913086675 1.5680287827272 0.938705204287544 1.38168916292489 1.42957708868198 1.10564730595797 1.11410195031203 1.07332280674018 1.2134211929515 1.1354729491286 1.7510624693241 1.18605750566348 1.10589570458978 1.07878118264489 1.67163159349002 1.74329526768997 1.29118098691106 0 1.37356346542947 1.65688867098652 1.53957439470105 1.10189692350104 1.05488414457068 1.5287298313342 1.73664284916595 1.00501050474122 1.88556398148648
1.19221922871657 1.14194242167287 0.990616826806217 1.21191823203117 1.77437143260613 1.57892631203867 1.71251344378106 1.88233037479222 1.36692640464753 1.1534771185834 1.39892111159861 1.51785478624515 1.80680963373743 1.11688821716234 1.53669525776058 1.66111250780523 1.04917286266573 0.970009607961401 1.53150596795604 1.25705396267585 1.37356346542947 0 1.61111126746982 1.48853850387968 1.4387559434399 0.996762191411108 1.28811591840349 1.60312743461691 1.83330115466379 1.24818421131931
1.75991632672958 1.79039058205672 1.53559021931142 0.940506361424923 1.4694559937343 0.959693284472451 1.7641098445747 1.8833699405659 1.87696229107678 1.11033899988979 1.74081077100709 0.988959174137563 1.04260119399987 1.87104499153793 1.21476414287463 1.69328042166308 1.14289704244584 0.916147549869493 1.42202481767163 1.70761071098968 1.65688867098652 1.61111126746982 0 1.0189222744666 1.85549704381265 1.5932331867516 0.940572236664593 0.991531379520893 1.6276660754811 1.07253150315955
1.47540165763348 1.80138290440664 1.80029993876815 1.04788808478042 1.156060092384 1.74405449791811 1.31406293110922 1.1413595112972 0.935527312802151 1.65025642863475 1.48084782203659 1.68878363119438 1.78161166212521 1.18590877577662 1.56796660856344 1.84757316950709 1.10795818688348 1.40085406671278 1.10075573879294 1.54269740404561 1.53957439470105 1.48853850387968 1.0189222744666 0 1.33365355385467 0.999403783120215 1.06698104692623 1.08004781813361 1.54101914633065 1.53234875807539
1.48377795913257 1.49242175160907 1.00387866864912 0.938902442576364 1.44697154033929 1.77847933396697 1.2840523312334 1.44618200464174 1.63855385803618 1.5497666192241 0.972218007780612 0.939578979741782 1.11614605155773 1.73013782361522 1.45436771982349 0.913862309185788 0.921584110474214 1.81940351519734 1.19950349000283 1.60886276280507 1.10189692350104 1.4387559434399 1.85549704381265 1.33365355385467 0 0.955925657879561 1.83980186562985 1.8520441444125 1.79303000681102 1.32269055163488
1.62829369842075 1.07027238840237 1.78710425645113 1.2160432075616 1.34539741417393 1.36567070963793 1.77670833002776 1.09268488269299 1.00019247177988 1.35959661286324 1.70668788510375 1.0349058129359 1.68749601906165 1.55814548884518 1.43820361187682 1.36033731233329 1.32277429848909 1.26707173278555 1.86636438895948 1.26218732213601 1.05488414457068 0.996762191411108 1.5932331867516 0.999403783120215 0.955925657879561 0 0.980740636819974 1.2691458389163 0.980128121562302 1.16508023161441
1.73217434133403 1.12402617861517 1.83110051578842 1.56371352239512 1.65590574941598 1.86495269695297 1.66287286416627 1.40204303665087 1.73814330901951 1.47149116382934 1.23360084439628 1.2697529506404 1.80419425386935 1.50519544980489 1.33573393826373 0.925939556444064 1.17152292956598 1.83587468671612 1.32979913335294 1.82932713441551 1.5287298313342 1.28811591840349 0.940572236664593 1.06698104692623 1.83980186562985 0.980740636819974 0 0.905495686922222 0.925992975942791 1.10304492362775
1.61841740855016 1.8181959616486 1.81927576195449 1.12367054563947 1.32125201774761 1.48596691247076 1.7856216346845 1.76591487508267 1.83345079654828 1.85840858099982 1.12159171700478 1.15575948660262 1.72959774057381 1.32299036509357 1.80005015525967 1.09911973099224 1.6641416256316 1.08531021513045 1.32147133909166 1.24102820386179 1.73664284916595 1.60312743461691 0.991531379520893 1.08004781813361 1.8520441444125 1.2691458389163 0.905495686922222 0 1.69391606468707 1.04457833967172
1.05545529257506 1.39024006598629 1.40319530386478 1.82374741672538 1.85401602229103 1.18711462290958 1.21660997043364 1.46600304823369 1.43657251470722 0.891571448883042 1.7542392029427 1.66767792217433 1.67719625472091 1.08979035913944 1.22227616980672 1.41893429425545 1.8402371336706 1.84826410841197 1.39189296471886 1.77091287449002 1.00501050474122 1.83330115466379 1.6276660754811 1.54101914633065 1.79303000681102 0.980128121562302 0.925992975942791 1.69391606468707 0 1.67957578809001
1.40645739249885 1.09947499237023 1.75512848445214 1.62248801486567 1.55155923473649 1.1060758237727 1.10012363968417 1.29711125860922 1.53274610545486 1.28730836184695 1.43733080290258 1.25953642325476 1.69225767441094 1.24435623595491 1.1514206933789 1.56826545251533 1.45055168378167 1.80698734638281 1.60891130659729 1.72281541046686 1.88556398148648 1.24818421131931 1.07253150315955 1.53234875807539 1.32269055163488 1.16508023161441 1.10304492362775 1.04457833967172 1.67957578809001 0
