0 1.38750369846821 1.40678616403602 1.40585922682658 1.63341406290419 1.18489735154435 1.67500169295818 1.7725558038801 1.47460550162941 1.80122480471618 1.44972815923393 1.17615917208605 1.46435032878071 1.36480300012045 1.64414499769919 1.07488631061278 1.63278441806324 0.909667233936489 1.1694946156349 1.79351516487077 1.82181563437916 1.4286221715156 1.01094670849852 1.26746781053953 1.62995220348239 0.92758117406629 1.61413769610226 1.55436049005948 1.40181118785404 0.966301632346585
1.38750369846821 0 1.46131915063597 1.05678090802394 1.2212839263957 1.43968931306154 1.47473094565794 0.985155573580414 1.25172989326529 1.1885019778274 1.76163421408273 1.40013102139346 1.85700942506082 1.7081565852277 1.27558638551272 1.61434313072823 1.64532768214121 1.24213370564394 1.25524512934498 1.05249779159203 1.44812893099152 0.965332436608151 1.05967216170393 1.18667260417715 1.64402299700305 1.29505331628025 1.29720792290755 1.74715683748946 0.921481974422932 1.15433657937683
1.40678616403602 1.46131915063597 0 1.03026657807641 1.16534499265254 1.57789921248332 1.16875786986202 1.72347268485464 1.86350721749477 0.960539317457005 1.75765357282944 1.90346638835035 1.86862629861571 1.1097609277349 1.01330583891831 1.39051562664099 1.50949786254205 1.42518100142479 1.73352259583771 1.53539403388277 1.34202203759924 1.64903370384127 1.00907293474302 0.947276800638065 1.12941375467926 1.1120648116339 0.959917715983465 0.954185872338712 1.69630824681371 1.78228932316415
1.40585922682658 1.05678090802394 1.03026657807641 0 1.02155443397351 1.1047423761338 1.10427276859991 1.80679900432006 1.5977957455907 1.81082601263188 1.67073795385659 1.13782550347969 1.56501199211925 1.77264688978903 0.943813081132248 0.925059586530551 1.25754865934141 1.54649183829315 0.972018802072853 1.72271050163545 1.89266888308339 1.13624431355856 1.58089990983717 1.88035766361281 1.05195858282968 1.28362750215456 1.52935494552366 1.89316119370051 1.16935288789682 1.51603506598622
1.63341406290419 1.2212839263957 1.16534499265254 1.02155443397351 0 1.16536006634124 1.31444381014444 1.50824016379192 1.2506044767797 1.00826856424101 1.41328573832288 0.94481477024965 1.90207812050357 1.20722490898333 1.60081613785587 1.13688057241961 1.46372016635723 1.43924655485898 1.7864197618328 1.54495598236099 1.27286433102563 1.19464136008173 1.56522428710014 1.8156161068473 1.64607722312212 1.08494555647485 1.21505953744054 1.50906560267322 0.976470653666183 1.62753004883416
1.18489735154435 1.43968931306154 1.57789921248332 1.1047423761338 1.16536006634124 0 1.13225065381266 0.924042530357838 1.29438411444426 1.30874178605154 1.14574405062012 1.39950071554631 1.57627468858846 1.19701182702556 1.03525668126531 1.89441268029623 1.4431638456881 1.75541777489707 1.7106265083421 1.77755056275055 1.85015659825876 0.929097858723253 1.67028775415383 1.36764327669516 1.28870567516424 1.51968936226331 0.96311704069376 0.924596725497395 1.78682692605071 1.76196376443841
1.67500169295818 1.47473094565794 1.16875786986202 1.10427276859991 1.31444381014444 1.13225065381266 0 0.938222713302821 1.3779339462053 1.6182628639508 1.71161788073368 0.906730212271214 1.09743422223255 1.48180682514794 1.20200490090065 1.83214804972522 1.77733150753193 1.2648257962428 1.12123194942251 1.58118826942518 1.08389312378131 1.50278674345464 1.62614986975677 1.71571149164811 0.95745883602649 1.75134413922206 1.69895579665899 1.89321676664986 0.970925661036745 1.75429746578448
1.7725558038801 0.985155573580414 1.72347268485464 1.80679900432006 1.50824016379192 0.924042530357838 0.938222713302821 0 1.37403742852621 1.424831608776 1.11235550767742 1.07422459265217 0.978824195684865 1.83943424886093 1.48967236885801 1.34957053977996 1.54971071751788 0.991209494415671 1.87892451393418 1.69698180374689 1.78401703271084 1.7697584296111 1.39076661714353 0.939779412001371 1.15818084706552 1.58687990694307 1.8871595710516 1.49099807790481 1.79130083811469 1.02330889203586
1.47460550162941 1.25172989326529 1.86350721749477 1.5977957455907 1.2506044767797 1.29438411444426 1.3779339462053 1.37403742852621 0 1.0393712609075 0.956382572418079 1.12097706878558 1.90109649044462 1.36019032401964 0.994215339189395 1.21005489001982 1.05076785990968 1.38084509992041 1.46905847848393 1.78241849690676 1.37319773156196 1.78299517254345 1.10254370095208 1.08075708104298 1.19214400975034 1.39621118246578 1.60193672310561 1.73454137612134 1.82351988041773 0.959863168187439
1.80122480471618 1.1885019778274 0.960539317457005 1.81082601263188 1.00826856424101 1.30874178605154 1.6182628639508 1.424831608776 1.0393712609075 0 1.62846666201949 1.72686824109405 1.63542510918342 1.52780210739002 1.0724223901052 1.80747408885509 1.55338118853979 1.81987770553678 1.16180082014762 1.08091311412863 1.06842679250985 1.71301381615922 0.979325001593679 1.62226405832916 1.07073335815221 1.69147414201871 1.6372894323431 1.44273979449645 1.76094704936258 1.47531351493672
1.44972815923393 1.76163421408273 1.75765357282944 1.67073795385659 1.41328573832288 1.14574405062012 1.71161788073368 1.11235550767742 0.956382572418079 1.62846666201949 0 1.44799769250676 0.970888101262972 1.05246601416729 1.67427553259768 1.68614745489322 1.63349093915895 1.04654918774031 1.49546184949577 1.57622629101388 1.85673994221725 1.30469938064925 1.18084694538265 1.43573018186726 1.80393388564698 1.03248917474411 0.989322765963152 0.97630343446508 1.73455031355843 1.87238696264103
1.17615917208605 1.40013102139346 1.90346638835035 1.13782550347969 0.94481477024965 1.39950071554631 0.906730212271214 1.07422459265217 1.12097706878558 1.72686824109405 1.44799769250676 0 1.67405318189412 1.71292349416763 1.71545007126406 1.22019455675036 1.45655351923779 1.78933303803205 0.996369678759947 1.71589423064142 1.70990788890049 1.46477227658033 1.45151989813894 1.19574914453551 1.29965330916457 1.19062214577571 1.31255342252553 1.3555170185864 1.52367189549841 1.07005360419862
1.46435032878071 1.85700942506082 1.86862629861571 1.56501199211925 1.90207812050357 1.57627468858846 1.09743422223255 0.978824195684865 1.90109649044462 1.63542510918342 0.970888101262972 1.67405318189412 0 0.946049000136554 1.19381192745641 1.31977987475693 1.78388814185746 1.50801710039377 1.18753009242937 1.20646078931168 1.86823632684536 0.912021691445261 1.24002960021608 1.15567303379066 0.947951769921929 1.67831701971591 1.28984767314978 1.02664735284634 1.71798090822995 1.26830576825887
1.36480300012045 1.7081565852277 1.1097609277349 1.77264688978903 1.20722490898333 1.19701182702556 1.48180682514794 1.83943424886093 1.36019032401964 1.52780210739002 1.05246601416729 1.71292349416763 0.946049000136554 0 1.52861842885613 0.912662662332878 1.67866806872189 1.6477600093931 1.45721768611111 1.83721374557354 1.85747942654416 1.62808446935378 1.23437888501212 1.04736185423099 1.66046878974885 1.87466591130942 1.72839418821968 1.02498790575191 1.41464202478528 1.03240958927199
1.64414499769919 1.27558638551272 1.01330583891831 0.943813081132248 1.60081613785587 1.03525668126531 1.20200490090065 1.48967236885801 0.994215339189395 1.0724223901052 1.67427553259768 1.71545007126406 1.19381192745641 1.52861842885613 0 1.83625731430948 1.05040700617246 0.993786667007953 0.904655629070476 0.913125798571855 1.17173384409398 1.34927489422262 1.38777112727985 1.47753216815181 1.66305040032603 1.07625732244924 1.3045694178436 1.83786820829846 0.936517039779574 0.97194323502481
1.07488631061278 1.61434313072823 1.39051562664099 0.925059586530551 1.13688057241961 1.89441268029623 1.83214804972522 1.34957053977996 1.21005489001982 1.80747408885509 1.68614745489322 1.22019455675036 1.31977987475693 0.912662662332878 1.83625731430948 0 1.17478146427311 0.955774104921147 1.34249527845532 1.42885922221467 1.63476269110106 1.20509141893126 1.76697163004428 1.76340537588112 1.29161018878222 1.6798515424598 1.5022255112417 1.09431863133796 1.16662633512169 1.08502426953055
1.63278441806324 1.64532768214121 1.50949786254205 1.25754865934141 1.46372016635723 1.4431638456881 1.77733150753193 1.54971071751788 1.05076785990968 1.55338118853979 1.63349093915895 1.45655351923779 1.78388814185746 1.67866806872189 1.05040700617246 1.17478146427311 0 1.7596691029612 1.21382218855433 1.62963759945706 1.03451020270586 0.964926072396338 1.85607725940645 0.997041791444644 1.37745559192263 1.44025477883406 1.80531319277361 1.14088249532506 1.40009764488786 1.57357576792128
0.909667233936489 1.24213370564394 1.42518100142479 1.54649183829315 1.43924655485898 1.75541777489707 1.2648257962428 0.991209494415671 1.38084509992041 1.81987770553678 1.04654918774031 1.78933303803205 1.50801710039377 1.6477600093931 0.993786667007953 0.955774104921147 1.7596691029612 0 0.97811779868789 1.16899132472463 1.44815894658677 1.03628808655776 1.72678115824237 1.51294312044047 1.2134002703242 0.906642742222175 0.95482864533551 1.89338666805997 1.17170361522585 1.537671639584
1.1694946156349 1.25524512934498 1.73352259583771 0.972018802072853 1.7864197618328 1.7106265083421 1.12123194942251 1.87892451393418 1.46905847848393 1.16180082014762 1.49546184949577 0.996369678759947 1.18753009242937 1.45721768611111 0.904655629070476 1.34249527845532 1.21382218855433 0.97811779868789 0 1.18404610175639 1.80519214854576 1.77254970208742 1.7836785481777 1.78170346282423 1.69201086624525 0.92613463033922 1.82648657611571 1.27135829278268 1.47316655749455 1.26167324511334
1.79351516487077 1.05249779159203 1.53539403388277 1.72271050163545 1.54495598236099 1.77755056275055 1.58118826942518 1.69698180374689 1.78241849690676 1.08091311412863 1.57622629101388 1.71589423064142 1.20646078931168 1.83721374557354 0.913125798571855 1.42885922221467 1.62963759945706 1.16899132472463 1.18404610175639 0 1.67493818933144 1.62755450839177 1.10415102913976 1.17698555439711 1.7303209588863 1.58303398126736 1.86227776482701 1.20960790081881 1.43291959585622 1.79830953991041
1.82181563437916 1.44812893099152 1.34202203759924 1.89266888308339 1.27286433102563 1.85015659825876 1.08389312378131 1.78401703271084 1.37319773156196 1.06842679250985 1.85673994221725 1.70990788890049 1.86823632684536 1.85747942654416 1.17173384409398 1.63476269110106 1.03451020270586 1.44815894658677 1.80519214854576 1.67493818933144 0 0.977143045980483 1.32534265820868 1.8752128269989 0.992141139460728 1.08872761507519 1.09566584369168 1.23627762123942 1.82377481576987 1.3975762182381
1.4286221715156 0.965332436608151 1.64903370384127 1.13624431355856 1.19464136008173 0.929097858723253 1.50278674345464 1.7697584296111 1.78299517254345 1.71301381615922 1.30469938064925 1.46477227658033 0.912021691445261 1.62808446935378 1.34927489422262 1.20509141893126 0.964926072396338 1.03628808655776 1.77254970208742 1.62755450839177 0.977143045980483 0 0.984526117099449 1.10568403336219 0.971042848192155 1.02710981760174 1.65674823196605 1.00749954255298 0.955922820139676 1.8841182324104
1.01094670849852 1.05967216170393 1.00907293474302 1.58089990983717 1.56522428710014 1.67028775415383 1.62614986975677 1.39076661714353 1.10254370095208 0.979325001593679 1.18084694538265 1.45151989813894 1.24002960021608 1.23437888501212 1.38777112727985 1.76697163004428 1.85607725940645 1.72678115824237 1.7836785481777 1.10415102913976 1.32534265820868 0.984526117099449 0 1.8088228169363 1.52674155356362 1.15952827339061 1.30508330231532 1.08808341133408 1.27848796267062 1.57072278251871
1.26746781053953 1.18667260417715 0.947276800638065 1.88035766361281 1.8156161068473 1.36764327669516 1.71571149164811 0.939779412001371 1.08075708104298 1.62226405832916 1.43573018186726 1.19574914453551 1.15567303379066 1.04736185423099 1.47753216815181 1.76340537588112 0.997041791444644 1.51294312044047 1.78170346282423 1.17698555439711 1.8752128269989 1.10568403336219 1.8088228169363 0 0.933563999366015 1.38658867590129 1.78167918859981 1.20890554203652 1.41717374883592 1.79639690229669
1.62995220348239 1.64402299700305 1.12941375467926 1.05195858282968 1.64607722312212 1.28870567516424 0.95745883602649 1.15818084706552 1.19214400975034 1.07073335815221 1.80393388564698 1.29965330916457 0.947951769921929 1.66046878974885 1.66305040032603 1.29161018878222 1.37745559192263 1.2134002703242 1.69201086624525 1.7303209588863 0.992141139460728 0.971042848192155 1.52674155356362 0.933563999366015 0 1.10481898393482 1.18932075914927 1.08187805791385 1.86814535479061 1.3914514449425
0.92758117406629 1.29505331628025 1.1120648116339 1.28362750215456 1.08494555647485 1.51968936226331 1.75134413922206 1.58687990694307 1.39621118246578 1.69147414201871 1.03248917474411 1.19062214577571 1.67831701971591 1.87466591130942 1.07625732244924 1.6798515424598 1.44025477883406 0.906642742222175 0.92613463033922 1.58303398126736 1.08872761507519 1.02710981760174 1.15952827339061 1.38658867590129 1.10481898393482 0 1.68035997543484 1.52482463116758 1.39144071261398 1.10589611157775
1.61413769610226 1.29720792290755 0.959917715983465 1.52935494552366 1.21505953744054 0.96311704069376 1.69895579665899 1.8871595710516 1.60193672310561 1.6372894323431 0.989322765963152 1.31255342252553 1.28984767314978 1.72839418821968 1.3045694178436 1.5022255112417 1.80531319277361 0.95482864533551 1.82648657611571 1.86227776482701 1.09566584369168 1.65674823196605 1.30508330231532 1.78167918859981 1.18932075914927 1.68035997543484 0 1.72289738175459 1.41349944937974 1.31582916295156
1.55436049005948 1.74715683748946 0.954185872338712 1.89316119370051 1.50906560267322 0.924596725497395 1.89321676664986 1.49099807790481 1.73454137612134 1.44273979449645 0.97630343446508 1.3555170185864 1.02664735284634 1.02498790575191 1.83786820829846 1.09431863133796 1.14088249532506 1.89338666805997 1.27135829278268 1.20960790081881 1.23627762123942 1.00749954255298 1.08808341133408 1.20890554203652 1.08187805791385 1.52482463116758 1.72289738175459 0 1.44325664523058 1.26878513232805
1.40181118785404 0.921481974422932 1.69630824681371 1.16935288789682 0.976470653666183 1.78682692605071 0.970925661036745 1.79130083811469 1.82351988041773 1.76094704936258 1.73455031355843 1.52367189549841 1.71798090822995 1.41464202478528 0.936517039779574 1.16662633512169 1.40009764488786 1.17170361522585 1.47316655749455 1.43291959585622 1.82377481576987 0.955922820139676 1.27848796267062 1.41717374883592 1.86814535479061 1.39144071261398 1.41349944937974 1.44325664523058 0 1.15538030234165
0.966301632346585 1.15433657937683 1.78228932316415 1.51603506598622 1.62753004883416 1.76196376443841 1.75429746578448 1.02330889203586 0.959863168187439 1.47531351493672 1.87238696264103 1.07005360419862 1.26830576825887 1.03240958927199 0.97194323502481 1.08502426953055 1.57357576792128 1.537671639584 1.26167324511334 1.79830953991041 1.3975762182381 1.8841182324104 1.57072278251871 1.79639690229669 1.3914514449425 1.10589611157775 1.31582916295156 1.26878513232805 1.15538030234165 0
