0 1.88842614647001 1.32987142913043 1.75954568339512 1.85680807684548 1.5555719640106 1.61174015142024 1.4573439550586 1.51016358309425 1.01999685564078 1.54270670982078 1.82205476332456 1.21335545391776 1.34316571499221 1.44144564750604 1.24228335916996 1.30190860084258 1.77317417529412 1.92675509117544 1.21262168162502 1.06365808029659 1.21663251030259 1.08537786919624 1.91586522036232 1.64733571093529 1.64593461924233 1.82861001882702 1.25183606077917 1.06032460345887 1.21306137228385
1.88842614647001 0 0.963351633399725 1.46448557614349 1.27819903125055 1.44409198127687 1.38578668422997 1.74007333558984 1.23602603329346 1.58445787033997 1.27699483046308 1.63576279208064 1.45945394155569 1.12101954757236 1.03140783612616 1.9186285410542 0.997042437782511 1.18688829732127 1.49056002544239 1.24449398764409 1.47336859069765 1.92233703122474 1.84054243424907 1.54140810132958 1.20722177391872 1.42192823835649 1.50201588519849 1.11546721332707 1.0370491524227 1.09268844802864
1.32987142913043 0.963351633399725 0 1.10280054830946 1.09830856858753 1.69000159949064 1.34281698707491 1.04454551357776 1.32702180696651 1.79390163510107 0.980747868772596 1.64493222115561 1.09993357746862 1.85223520360887 1.02062492328696 0.971680427901447 1.77982787927613 1.69051777315326 1.84996681753546 1.91206090850756 1.31362860673107 1.16361844539642 1.47236978402361 1.35628409148194 1.66430877405219 1.53920605918393 1.43405912909657 1.58024899964221 1.39356105145998 1.84511158126406
1.75954568339512 1.46448557614349 1.10280054830946 0 1.4127132317517 1.29465641244315 1.31179961701855 1.47192795900628 1.0215809114743 0.92934162914753 1.71233842335641 1.79531253594905 1.65798642113805 1.04508479149081 1.55391816352494 1.65866679209284 1.70472028991207 1.86743457522243 1.49238411872648 1.76937936991453 1.37070469139144 1.18145303963684 1.80792931164615 1.75846853130497 1.38216302590445 1.43706156895496 1.24913592846133 1.65654779667966 1.00235639722086 1.25845510326326
1.85680807684548 1.27819903125055 1.09830856858753 1.4127132317517 0 0.94663835526444 1.41897360724397 1.926064863801 1.12034555431455 1.34527678298764 1.71768208686262 1.84739908808842 1.67913835472427 1.36308438587002 1.3135045953095 1.67448753956705 1.00851208367385 1.36211227858439 1.74367779120803 1.33896231441759 1.87071932363324 1.44077077042311 1.82380831288174 1.9193767036777 1.85545156686567 1.31691988441162 1.1449120354373 0.992534050485119 1.2451199113857 1.8165140922647
1.5555719640106 1.44409198127687 1.69000159949064 1.29465641244315 0.94663835526444 0 1.70397114218213 1.79957987065427 1.60358123341575 1.60991067904979 1.75125914160162 1.07354237185791 1.63717118115164 1.14144836761989 1.4504535801243 1.81236985535361 1.04934716690332 1.68319882359356 1.86753028375097 1.42210568161681 1.56753014912829 1.83429682767019 1.6181042434182 1.88177825720049 1.05640719411895 1.18837579456158 1.58076693234034 1.56005943519995 0.969879989046603 1.91621079086326
1.61174015142024 1.38578668422997 1.34281698707491 1.31179961701855 1.41897360724397 1.70397114218213 0 1.2286144613754 1.86254169279709 1.01308861537836 1.52828126586974 1.66377891832963 1.14439513976686 1.16236761491746 1.92676091869362 1.01346600195393 1.53702239948325 1.69707333738916 1.74298492516391 1.39881086163223 1.08506035804749 1.63576029846445 1.78279295773245 1.68294208613224 1.03998657455668 1.4826205431018 1.5861742682755 1.74455831572413 1.85400003823452 1.83196414494887
1.4573439550586 1.74007333558984 1.04454551357776 1.47192795900628 1.926064863801 1.79957987065427 1.2286144613754 0 1.77617192314938 1.19019039091654 1.28979444387369 1.19140501180664 1.01772612938657 1.00101369735785 1.72868857951835 1.28007392771542 1.7458559863735 1.17498948751017 1.17123965593055 1.88821869646199 1.56132374866866 1.17612544773147 1.20742695569061 1.39823857345618 1.03114375541918 1.17641729814932 1.32136552478187 1.59365594247356 1.39085500780493 1.63178694085218
1.51016358309425 1.23602603329346 1.32702180696651 1.0215809114743 1.12034555431455 1.60358123341575 1.86254169279709 1.77617192314938 0 1.86053391476162 1.52904035942629 1.70525107998401 1.44677995634265 1.2156380105298 1.30560854566284 1.9222991252318 1.12675069062971 1.26206897827797 1.33385101612657 1.49898983631283 1.36590541037731 1.69391404883936 1.26974422694184 1.6695787596982 1.79993061139248 0.969590580556542 1.88100547948852 1.45013893139549 1.21046288474463 1.17119057802483
1.01999685564078 1.58445787033997 1.79390163510107 0.92934162914753 1.34527678298764 1.60991067904979 1.01308861537836 1.19019039091654 1.86053391476162 0 1.3895661092829 1.14803226757795 1.47089328034781 1.49813406681642 1.38481186982244 1.87130214413628 0.941413506167009 0.938092946074903 1.34951845998876 1.31726348819211 1.29514255258255 1.68707698094659 1.31442733318545 1.43099494581111 1.28659747634083 1.61307039600797 1.04129199567251 1.35392021620646 1.39745824434794 1.17756369989365
1.54270670982078 1.27699483046308 0.980747868772596 1.71233842335641 1.71768208686262 1.75125914160162 1.52828126586974 1.28979444387369 1.52904035942629 1.3895661092829 0 0.973935942864046 1.07228387496434 1.60655647912063 1.25819401163608 1.17295974469744 1.72160238865763 1.219989790814 1.6049155110959 1.6754209366627 1.49352106102742 1.600047073327 1.40743011888117 1.81123119895346 0.948800743557513 1.1226539646741 1.74450226733461 1.48610641923733 1.36496076057665 1.76375250471756
1.82205476332456 1.63576279208064 1.64493222115561 1.79531253594905 1.84739908808842 1.07354237185791 1.66377891832963 1.19140501180664 1.70525107998401 1.14803226757795 0.973935942864046 0 1.73443461791612 1.349632963771 1.61577569646761 1.67979603726417 1.26124531845562 1.19643270247616 1.72593725356273 1.49611856951378 1.25787965836935 1.07887620106339 0.938658126164228 1.03856481052935 0.938285040203482 1.5948389286641 1.91211632452905 1.4409200954251 1.53175206226297 1.11705620610155
1.21335545391776 1.45945394155569 1.09993357746862 1.65798642113805 1.67913835472427 1.63717118115164 1.14439513976686 1.01772612938657 1.44677995634265 1.47089328034781 1.07228387496434 1.73443461791612 0 1.39098914689384 1.15097726904787 1.18875780981034 1.83586227684282 1.1114656443242 1.123850784963 1.06700652930886 1.39402229781263 1.89854784705676 1.3890991632361 1.47080159652978 1.6434193495661 1.00283978832886 0.986051068175584 0.963035590248182 1.12293001729995 1.76280592055991
1.34316571499221 1.12101954757236 1.85223520360887 1.04508479149081 1.36308438587002 1.14144836761989 1.16236761491746 1.00101369735785 1.2156380105298 1.49813406681642 1.60655647912063 1.349632963771 1.39098914689384 0 1.56125182472169 1.00248005380854 0.946607385529205 1.61215663631447 1.55847944808193 1.63529518409632 0.956210426753387 1.62058904813603 1.33137129829265 1.74831694038585 1.83618966583163 1.64524153666571 1.67777199740522 1.14114194340073 1.79280563397333 1.85548396967351
1.44144564750604 1.03140783612616 1.02062492328696 1.55391816352494 1.3135045953095 1.4504535801243 1.92676091869362 1.72868857951835 1.30560854566284 1.38481186982244 1.25819401163608 1.61577569646761 1.15097726904787 1.56125182472169 0 1.0171548705548 1.71750886552036 1.32155950507149 1.8722638161853 1.61217478360049 1.23784645181149 1.21158737083897 1.53296414925717 1.0765575831756 1.55908099352382 1.74650545744225 1.56575250159949 1.54805525089614 1.62873005331494 1.64591066748835
1.24228335916996 1.9186285410542 0.971680427901447 1.65866679209284 1.67448753956705 1.81236985535361 1.01346600195393 1.28007392771542 1.9222991252318 1.87130214413628 1.17295974469744 1.67979603726417 1.18875780981034 1.00248005380854 1.0171548705548 0 1.07610504608601 1.1729393559508 1.60003993264399 1.18371306941845 1.67441671201959 1.21484564361162 1.22021838347428 0.96301651163958 1.81517143780366 1.29983883188106 1.18215639842674 1.82496635685675 1.41830702312291 1.60168002150021
1.30190860084258 0.997042437782511 1.77982787927613 1.70472028991207 1.00851208367385 1.04934716690332 1.53702239948325 1.7458559863735 1.12675069062971 0.941413506167009 1.72160238865763 1.26124531845562 1.83586227684282 0.946607385529205 1.71750886552036 1.07610504608601 0 1.41879234765656 1.02661876240745 1.85898886295035 1.17603045538999 1.56968138203956 1.23568668123335 1.28689958387986 0.939006108092144 1.22811959381215 1.44549863529392 1.07770599005744 1.74382634693757 1.2082257787697
1.77317417529412 1.18688829732127 1.69051777315326 1.86743457522243 1.36211227858439 1.68319882359356 1.69707333738916 1.17498948751017 1.26206897827797 0.938092946074903 1.219989790814 1.19643270247616 1.1114656443242 1.61215663631447 1.32155950507149 1.1729393559508 1.41879234765656 0 1.23971072863787 1.0940300966613 1.77244272478856 1.71803229814395 1.3104781829752 1.05411552847363 1.47554944409057 1.62359057203867 1.64785388950258 1.22256928961724 1.26701654307544 1.27578735467978
1.92675509117544 1.49056002544239 1.84996681753546 1.49238411872648 1.74367779120803 1.86753028375097 1.74298492516391 1.17123965593055 1.33385101612657 1.34951845998876 1.6049155110959 1.72593725356273 1.123850784963 1.55847944808193 1.8722638161853 1.60003993264399 1.02661876240745 1.23971072863787 0 1.19926839624532 1.44810921419412 1.70719672809355 1.70564993238077 1.0697750300169 1.2516707109753 1.72233586735092 1.32638772507198 1.83024162333459 1.60946390451863 1.54285248997621
1.21262168162502 1.24449398764409 1.91206090850756 1.76937936991453 1.33896231441759 1.42210568161681 1.39881086163223 1.88821869646199 1.49898983631283 1.31726348819211 1.6754209366627 1.49611856951378 1.06700652930886 1.63529518409632 1.61217478360049 1.18371306941845 1.85898886295035 1.0940300966613 1.19926839624532 0 1.11390103073791 1.68891488481313 1.63354283454828 1.57865382963791 1.03089569066651 1.00745413522236 1.80515569983982 1.17456923006102 1.89765756181441 1.28993400535546
1.06365808029659 1.47336859069765 1.31362860673107 1.37070469139144 1.87071932363324 1.56753014912829 1.08506035804749 1.56132374866866 1.36590541037731 1.29514255258255 1.49352106102742 1.25787965836935 1.39402229781263 0.956210426753387 1.23784645181149 1.67441671201959 1.17603045538999 1.77244272478856 1.44810921419412 1.11390103073791 0 1.16947698709555 1.58630218217149 1.50653859670274 1.76771434629336 1.22387338615954 1.74794695712626 1.89317942550406 0.939480221131817 1.16853897506371
1.21663251030259 1.92233703122474 1.16361844539642 1.18145303963684 1.44077077042311 1.83429682767019 1.63576029846445 1.17612544773147 1.69391404883936 1.68707698094659 1.600047073327 1.07887620106339 1.89854784705676 1.62058904813603 1.21158737083897 1.21484564361162 1.56968138203956 1.71803229814395 1.70719672809355 1.68891488481313 1.16947698709555 0 1.64620148437098 1.90904683759436 1.44814716815017 0.944186294218525 1.61331027117558 1.74239839287475 1.65849124430679 1.56211258657277
1.08537786919624 1.84054243424907 1.47236978402361 1.80792931164615 1.82380831288174 1.6181042434182 1.78279295773245 1.20742695569061 1.26974422694184 1.31442733318545 1.40743011888117 0.938658126164228 1.3890991632361 1.33137129829265 1.53296414925717 1.22021838347428 1.23568668123335 1.3104781829752 1.70564993238077 1.63354283454828 1.58630218217149 1.64620148437098 0 1.00754812196828 1.80847267527133 1.79128262540326 1.84249920793809 1.81422456935979 1.67064382927492 1.57831679028459
1.91586522036232 1.54140810132958 1.35628409148194 1.75846853130497 1.9193767036777 1.88177825720049 1.68294208613224 1.39823857345618 1.6695787596982 1.43099494581111 1.81123119895346 1.03856481052935 1.47080159652978 1.74831694038585 1.0765575831756 0.96301651163958 1.28689958387986 1.05411552847363 1.0697750300169 1.57865382963791 1.50653859670274 1.90904683759436 1.00754812196828 0 1.90575789706782 1.46669412753545 1.10437157098204 1.84474600409158 1.11827332293615 1.6950244421605
1.64733571093529 1.20722177391872 1.66430877405219 1.38216302590445 1.85545156686567 1.05640719411895 1.03998657455668 1.03114375541918 1.79993061139248 1.28659747634083 0.948800743557513 0.938285040203482 1.6434193495661 1.83618966583163 1.55908099352382 1.81517143780366 0.939006108092144 1.47554944409057 1.2516707109753 1.03089569066651 1.76771434629336 1.44814716815017 1.80847267527133 1.90575789706782 0 1.06599188037217 1.86411734367721 1.69324827683158 1.17940387572162 1.41405249247327
1.64593461924233 1.42192823835649 1.53920605918393 1.43706156895496 1.31691988441162 1.18837579456158 1.4826205431018 1.17641729814932 0.969590580556542 1.61307039600797 1.1226539646741 1.5948389286641 1.00283978832886 1.64524153666571 1.74650545744225 1.29983883188106 1.22811959381215 1.62359057203867 1.72233586735092 1.00745413522236 1.22387338615954 0.944186294218525 1.79128262540326 1.46669412753545 1.06599188037217 0 1.0199392773211 0.931433209916577 1.82272937987 1.76656828261912
1.82861001882702 1.50201588519849 1.43405912909657 1.24913592846133 1.1449120354373 1.58076693234034 1.5861742682755 1.32136552478187 1.88100547948852 1.04129199567251 1.74450226733461 1.91211632452905 0.986051068175584 1.67777199740522 1.56575250159949 1.18215639842674 1.44549863529392 1.64785388950258 1.32638772507198 1.80515569983982 1.74794695712626 1.61331027117558 1.84249920793809 1.10437157098204 1.86411734367721 1.0199392773211 0 1.5731245863717 1.64794529555365 1.74565582326613
1.25183606077917 1.11546721332707 1.58024899964221 1.65654779667966 0.992534050485119 1.56005943519995 1.74455831572413 1.59365594247356 1.45013893139549 1.35392021620646 1.48610641923733 1.4409200954251 0.963035590248182 1.14114194340073 1.54805525089614 1.82496635685675 1.07770599005744 1.22256928961724 1.83024162333459 1.17456923006102 1.89317942550406 1.74239839287475 1.81422456935979 1.84474600409158 1.69324827683158 0.931433209916577 1.5731245863717 0 1.20693640434183 1.89669096330181
1.06032460345887 1.0370491524227 1.39356105145998 1.00235639722086 1.2451199113857 0.969879989046603 1.85400003823452 1.39085500780493 1.21046288474463 1.39745824434794 1.36496076057665 1.53175206226297 1.12293001729995 1.79280563397333 1.62873005331494 1.41830702312291 1.74382634693757 1.26701654307544 1.60946390451863 1.89765756181441 0.939480221131817 1.65849124430679 1.67064382927492 1.11827332293615 1.17940387572162 1.82272937987 1.64794529555365 1.20693640434183 0 1.60507740010507
1.21306137228385 1.09268844802864 1.84511158126406 1.25845510326326 1.8165140922647 1.91621079086326 1.83196414494887 1.63178694085218 1.17119057802483 1.17756369989365 1.76375250471756 1.11705620610155 1.76280592055991 1.85548396967351 1.64591066748835 1.60168002150021 1.2082257787697 1.27578735467978 1.54285248997621 1.28993400535546 1.16853897506371 1.56211258657277 1.57831679028459 1.6950244421605 1.41405249247327 1.76656828261912 1.74565582326613 1.89669096330181 1.60507740010507 0
