0 1.46239977725782 1.26341087534092 1.83578651351854 1.41476311581209 1.64370428887196 1.08926103031263 1.19447882962413 0.973551893606782 1.1560335168615 1.77716792770661 1.67674383707345 1.53279085387476 1.06534766056575 1.5950058081653 1.18883099965751 1.45982394972816 1.15246523614042 1.02374067204073 1.38535253494047 0.963415986625478 1.14784298581071 1.61315517616458 1.04610162065364 1.1890581806656 1.27032674383372 1.05541310575791 1.63814755552448 1.03292745095678 1.74308382649906
1.46239977725782 0 1.12209787522443 1.82912024948746 1.60495771910064 1.02098263800144 1.0058073240798 1.6771610439755 0.939913118025288 1.10922400234267 1.67793373065069 1.13226360874251 1.06573454430327 0.975884559564292 1.63296689977869 1.24247432965785 1.31982795940712 1.47151757637039 1.08659981261007 1.8228451772593 1.40167795214802 1.20921002072282 1.08028293866664 1.84224281832576 1.67861452256329 1.1421185194049 1.82570543186739 1.82733838376589 1.86204773373902 1.83182461559772
1.26341087534092 1.12209787522443 0 1.2280946590472 1.88198214676231 1.23566047055647 0.93711622338742 0.934748465428129 1.19317956431769 1.68728330102749 1.73848693794571 1.55106383305974 1.48410768085159 1.21523108519614 1.5058140552137 1.08010887028649 0.981943252263591 1.00132813397795 1.88079500361346 1.37720960518345 1.51168573112227 1.24876668746583 1.41313281934708 0.93256221502088 1.29794486938044 1.75223106122576 1.82278176140971 1.55114121246152 1.77322327438742 1.18615412921645
1.83578651351854 1.82912024948746 1.2280946590472 0 1.89560491289012 1.43058696528897 1.68399790069088 1.05097424122505 0.977875833632424 1.6248276180122 1.33392219198868 1.83185159810819 1.53330312902108 1.78635215456598 1.85097598354332 1.48054844513535 1.16444126679562 1.68568341294304 1.6160670092795 1.02545180986635 1.46093812398612 1.38942074100487 1.7353526817169 1.38633000105619 1.88227788964286 0.928141886834055 1.86324697360396 1.35522305197082 1.68330775178038 0.961963976500556
1.41476311581209 1.60495771910064 1.88198214676231 1.89560491289012 0 1.78038421156816 1.68576004263014 1.06398538057692 1.66417272435501 1.37518995301798 1.09437960153446 1.76518204552121 0.991289414698258 1.28249984653667 1.6639669064898 1.81248031649739 1.87852492136881 1.67973262746818 1.80818398972042 1.03520276537165 1.77851102966815 1.21777965710498 1.56453324318863 1.33160770358518 1.63825301453471 1.05322057753801 1.0332359788008 1.48243676987477 1.4942081226036 1.05577729991637
1.64370428887196 1.02098263800144 1.23566047055647 1.43058696528897 1.78038421156816 0 1.79227432305925 1.43913174793124 1.06324258237146 1.29622250492685 1.51113191014156 1.43947843974456 1.78479449078441 1.77420289069414 1.40900121140294 1.40926601737738 1.58657716657035 1.19683704013005 1.12421674351208 1.13443540548906 1.57595232315361 1.19554347381927 1.22098633158021 1.35720201930963 1.01562079647556 1.74705408862792 1.40676323417574 1.07651780103333 1.84593904693611 1.24559313524514
1.08926103031263 1.0058073240798 0.93711622338742 1.68399790069088 1.68576004263014 1.79227432305925 0 1.59573122835718 1.73564858036116 1.17642075382173 1.15831192978658 0.95627459557727 1.48130228207447 1.03692413424142 0.962170816957951 1.3615465615876 1.31230664765462 1.09416813915595 1.00609299982898 1.61791821243241 1.2962414175272 1.6692797828 1.5435920979362 1.42852087970823 1.86674516438507 1.4013573913835 1.06101175420918 1.64679236593656 1.54945854260586 1.7447281931527
1.19447882962413 1.6771610439755 0.934748465428129 1.05097424122505 1.06398538057692 1.43913174793124 1.59573122835718 0 0.979178125271574 1.45761221996509 1.44744871999137 1.69673668337055 1.45158538920805 1.76705544348806 1.2005920864176 1.85521682468243 1.51326171588153 1.32940361532383 1.1472719560843 1.11713713896461 1.03813421656378 1.1287016493734 1.27381221717224 1.63130967202596 0.949380418984219 1.16921962541528 1.8358652011957 1.70419279066846 1.57421531924047 1.01305153057911
0.973551893606782 0.939913118025288 1.19317956431769 0.977875833632424 1.66417272435501 1.06324258237146 1.73564858036116 0.979178125271574 0 1.63137998082675 1.74607077636756 1.75026596640237 0.946478376863524 1.89041674695909 1.33412162680179 1.90446398966014 1.45123698329553 1.87022989685647 1.55480207898654 1.2379866798874 1.35812370409258 1.47526796790771 1.45565730961971 1.84373619873077 1.48723986744881 1.00343801872805 0.920748350210488 1.87468812218867 1.35444542043842 1.162624130724
1.1560335168615 1.10922400234267 1.68728330102749 1.6248276180122 1.37518995301798 1.29622250492685 1.17642075382173 1.45761221996509 1.63137998082675 0 1.73688067146577 1.66840416006744 1.6469175319653 1.6006092063617 1.05855448590592 1.83006715145893 1.56859805481508 1.14979840768501 1.31423518853262 1.58241106639616 0.970916248392314 1.3618189948611 1.11932182684541 1.78160315053537 1.14193557505496 1.14930813317187 1.29552732012235 1.65557641466148 1.34814290725626 1.6633946087677
1.77716792770661 1.67793373065069 1.73848693794571 1.33392219198868 1.09437960153446 1.51113191014156 1.15831192978658 1.44744871999137 1.74607077636756 1.73688067146577 0 1.01525396085344 1.32209104904905 1.66124858311377 1.42402968928218 1.00648189266212 1.83149374951608 1.74588529486209 1.51078936085105 1.33697097422555 1.54975855397061 1.2846461343579 1.1969863481354 1.15668021468446 1.04508995986544 1.49436257104389 1.40922017907724 1.20620061131194 1.47031827201135 1.087699491065
1.67674383707345 1.13226360874251 1.55106383305974 1.83185159810819 1.76518204552121 1.43947843974456 0.95627459557727 1.69673668337055 1.75026596640237 1.66840416006744 1.01525396085344 0 1.09534659935161 1.11184366513044 1.1117825563997 1.1148615188431 1.68811146798544 1.29664355237037 1.20970652415417 1.21480871783569 1.38530421257019 1.00816436368041 1.6387928687036 1.73930416908115 1.26525729265995 1.29957312927581 1.16409434378147 1.41491804993711 1.33275769231841 1.75696680787951
1.53279085387476 1.06573454430327 1.48410768085159 1.53330312902108 0.991289414698258 1.78479449078441 1.48130228207447 1.45158538920805 0.946478376863524 1.6469175319653 1.32209104904905 1.09534659935161 0 0.976654565194622 1.70040079648606 1.20589030859992 1.90184844238684 1.01287443027832 1.89167944388464 1.56439471081831 1.01665796618909 1.16881258389913 1.84489671862684 1.6587606635876 1.7984608237166 1.07225417089649 1.35595017229207 1.45008390862495 1.78709200327285 1.03137666988187
1.06534766056575 0.975884559564292 1.21523108519614 1.78635215456598 1.28249984653667 1.77420289069414 1.03692413424142 1.76705544348806 1.89041674695909 1.6006092063617 1.66124858311377 1.11184366513044 0.976654565194622 0 1.58275196212344 1.41986010619439 1.29350462392904 1.48377243778668 1.36503737187013 1.91592670348473 1.6940653345082 1.76320252777077 1.35974314017221 1.4250937581528 1.85410611471161 1.01087719900534 1.44621360884048 1.06892085750587 1.21322876540944 1.64067566138692
1.5950058081653 1.63296689977869 1.5058140552137 1.85097598354332 1.6639669064898 1.40900121140294 0.962170816957951 1.2005920864176 1.33412162680179 1.05855448590592 1.42402968928218 1.1117825563997 1.70040079648606 1.58275196212344 0 0.971432789927348 1.01766867190599 1.61267374036834 1.26708483300172 1.50843443418853 1.6560566269327 1.05087003530934 1.5963102185633 1.34484958881512 1.69928682548925 0.922834096709266 1.73793673771434 1.87097055627964 1.18458182713948 1.28274714387953
1.18883099965751 1.24247432965785 1.08010887028649 1.48054844513535 1.81248031649739 1.40926601737738 1.3615465615876 1.85521682468243 1.90446398966014 1.83006715145893 1.00648189266212 1.1148615188431 1.20589030859992 1.41986010619439 0.971432789927348 0 1.068241806468 1.89658427075483 1.64860514504835 1.63938122265972 1.84587118937634 1.25494759669527 1.67981119058095 1.67303223907948 1.37057786528021 1.25278086145408 1.47639502678066 1.26751342532225 1.29298873431981 1.77872345619835
1.45982394972816 1.31982795940712 0.981943252263591 1.16444126679562 1.87852492136881 1.58657716657035 1.31230664765462 1.51326171588153 1.45123698329553 1.56859805481508 1.83149374951608 1.68811146798544 1.90184844238684 1.29350462392904 1.01766867190599 1.068241806468 0 1.90885312575847 1.42645513848402 1.19669419247657 1.01349041820504 1.45660494850017 1.50718755158596 1.7914852136746 1.19840447884053 1.45304021937773 1.284658100456 1.42470124014653 1.03106234921142 1.09805820835754
1.15246523614042 1.47151757637039 1.00132813397795 1.68568341294304 1.67973262746818 1.19683704013005 1.09416813915595 1.32940361532383 1.87022989685647 1.14979840768501 1.74588529486209 1.29664355237037 1.01287443027832 1.48377243778668 1.61267374036834 1.89658427075483 1.90885312575847 0 1.58170057064854 1.81857680995017 0.934563626768067 1.7420835995581 1.48954331083223 1.40092715178616 1.5259864658583 1.35104818409309 1.90649186074734 0.991990839829668 1.37891628383659 1.76644925423898
1.02374067204073 1.08659981261007 1.88079500361346 1.6160670092795 1.80818398972042 1.12421674351208 1.00609299982898 1.1472719560843 1.55480207898654 1.31423518853262 1.51078936085105 1.20970652415417 1.89167944388464 1.36503737187013 1.26708483300172 1.64860514504835 1.42645513848402 1.58170057064854 0 0.960919145261869 1.40691160527058 1.38723925570957 1.35792825231329 1.28905612160452 1.02577585307881 1.49065080517903 1.58058643108234 1.89060193113983 1.37112611485645 1.59522578003816
1.38535253494047 1.8228451772593 1.37720960518345 1.02545180986635 1.03520276537165 1.13443540548906 1.61791821243241 1.11713713896461 1.2379866798874 1.58241106639616 1.33697097422555 1.21480871783569 1.56439471081831 1.91592670348473 1.50843443418853 1.63938122265972 1.19669419247657 1.81857680995017 0.960919145261869 0 1.15778442355804 1.00685630715452 1.24284992995672 1.90652538696304 1.85347468778491 1.26348241302185 0.969892919994891 1.64982990524732 1.44861443061382 1.82037641247734
0.963415986625478 1.40167795214802 1.51168573112227 1.46093812398612 1.77851102966815 1.57595232315361 1.2962414175272 1.03813421656378 1.35812370409258 0.970916248392314 1.54975855397061 1.38530421257019 1.01665796618909 1.6940653345082 1.6560566269327 1.84587118937634 1.01349041820504 0.934563626768067 1.40691160527058 1.15778442355804 0 1.37291292054579 1.70427951100282 1.61337440344505 1.57401431724429 1.52590329339728 1.79003850207664 1.07690109941177 1.716472575441 1.25135092297569
1.14784298581071 1.20921002072282 1.24876668746583 1.38942074100487 1.21777965710498 1.19554347381927 1.6692797828 1.1287016493734 1.47526796790771 1.3618189948611 1.2846461343579 1.00816436368041 1.16881258389913 1.76320252777077 1.05087003530934 1.25494759669527 1.45660494850017 1.7420835995581 1.38723925570957 1.00685630715452 1.37291292054579 0 1.36699195788242 1.49126245756634 1.88060816843063 1.54253241256811 1.57818505680189 1.53165872721002 1.05970311979763 1.22019814583473
1.61315517616458 1.08028293866664 1.41313281934708 1.7353526817169 1.56453324318863 1.22098633158021 1.5435920979362 1.27381221717224 1.45565730961971 1.11932182684541 1.1969863481354 1.6387928687036 1.84489671862684 1.35974314017221 1.5963102185633 1.67981119058095 1.50718755158596 1.48954331083223 1.35792825231329 1.24284992995672 1.70427951100282 1.36699195788242 0 1.53470818558708 1.48331495723687 1.06428223149851 1.44651400507428 1.37241821503267 1.39792321645655 1.30794328218326
1.04610162065364 1.84224281832576 0.93256221502088 1.38633000105619 1.33160770358518 1.35720201930963 1.42852087970823 1.63130967202596 1.84373619873077 1.78160315053537 1.15668021468446 1.73930416908115 1.6587606635876 1.4250937581528 1.34484958881512 1.67303223907948 1.7914852136746 1.40092715178616 1.28905612160452 1.90652538696304 1.61337440344505 1.49126245756634 1.53470818558708 0 1.87056338461116 1.11825866647996 1.51554857846349 0.955729487817734 1.52026133891195 1.0529277625028
1.1890581806656 1.67861452256329 1.29794486938044 1.88227788964286 1.63825301453471 1.01562079647556 1.86674516438507 0.949380418984219 1.48723986744881 1.14193557505496 1.04508995986544 1.26525729265995 1.7984608237166 1.85410611471161 1.69928682548925 1.37057786528021 1.19840447884053 1.5259864658583 1.02577585307881 1.85347468778491 1.57401431724429 1.88060816843063 1.48331495723687 1.87056338461116 0 1.72624183725566 1.69768428872339 1.16501019638963 1.19407241558656 1.23933595605195
1.27032674383372 1.1421185194049 1.75223106122576 0.928141886834055 1.05322057753801 1.74705408862792 1.4013573913835 1.16921962541528 1.00343801872805 1.14930813317187 1.49436257104389 1.29957312927581 1.07225417089649 1.01087719900534 0.922834096709266 1.25278086145408 1.45304021937773 1.35104818409309 1.49065080517903 1.26348241302185 1.52590329339728 1.54253241256811 1.06428223149851 1.11825866647996 1.72624183725566 0 1.24904404999688 1.64026088733226 1.89302893448621 1.33065647748299
1.05541310575791 1.82570543186739 1.82278176140971 1.86324697360396 1.0332359788008 1.40676323417574 1.06101175420918 1.8358652011957 0.920748350210488 1.29552732012235 1.40922017907724 1.16409434378147 1.35595017229207 1.44621360884048 1.73793673771434 1.47639502678066 1.284658100456 1.90649186074734 1.58058643108234 0.969892919994891 1.79003850207664 1.57818505680189 1.44651400507428 1.51554857846349 1.69768428872339 1.24904404999688 0 1.49070850107819 1.87154396111146 1.19535779161379
1.63814755552448 1.82733838376589 1.55114121246152 1.35522305197082 1.48243676987477 1.07651780103333 1.64679236593656 1.70419279066846 1.87468812218867 1.65557641466148 1.20620061131194 1.41491804993711 1.45008390862495 1.06892085750587 1.87097055627964 1.26751342532225 1.42470124014653 0.991990839829668 1.89060193113983 1.64982990524732 1.07690109941177 1.53165872721002 1.37241821503267 0.955729487817734 1.16501019638963 1.64026088733226 1.49070850107819 0 1.04266816098243 0.971430021570995
1.03292745095678 1.86204773373902 1.77322327438742 1.68330775178038 1.4942081226036 1.84593904693611 1.54945854260586 1.57421531924047 1.35444542043842 1.34814290725626 1.47031827201135 1.33275769231841 1.78709200327285 1.21322876540944 1.18458182713948 1.29298873431981 1.03106234921142 1.37891628383659 1.37112611485645 1.44861443061382 1.716472575441 1.05970311979763 1.39792321645655 1.52026133891195 1.19407241558656 1.89302893448621 1.87154396111146 1.04266816098243 0 1.83510616933927
1.74308382649906 1.83182461559772 1.18615412921645 0.961963976500556 1.05577729991637 1.24559313524514 1.7447281931527 1.01305153057911 1.162624130724 1.6633946087677 1.087699491065 1.75696680787951 1.03137666988187 1.64067566138692 1.28274714387953 1.77872345619835 1.09805820835754 1.76644925423898 1.59522578003816 1.82037641247734 1.25135092297569 1.22019814583473 1.30794328218326 1.0529277625028 1.23933595605195 1.33065647748299 1.19535779161379 0.971430021570995 1.83510616933927 0
