0 1.21662080287933 1.01832315907814 1.04561841674149 1.22154039680026 1.6596208892297 1.87997574126348 1.66627969313413 1.21066945372149 1.84003887022845 1.22715340554714 1.18378270277753 1.06718977447599 1.72504867869429 1.10004693130031 1.51709153968841 1.66924206912518 1.14242962724529 1.39169792202301 1.34999936213717 1.81395350024104 1.56103423051536 1.17271259543486 1.33808351680636 0.987814737251028 1.15644033695571 1.42079624137841 1.67481238651089 1.2665939880535 1.52467960817739
1.21662080287933 0 0.984280395088717 1.4570631061215 1.32811764255166 1.09516816795804 1.26865640631877 1.38744662213139 1.81594221969135 0.996071497909725 1.02150121494196 0.996209902688861 1.69997435086407 1.86354668694548 1.69632646813989 1.86512672551908 1.26395137491636 1.41720424103551 1.4301676065661 1.70558208064176 1.0750496245455 1.46796485036612 1.15700346184894 1.53830695757642 1.00408464251086 1.78251972724684 1.87626089132391 1.94435076205991 1.48567754239775 0.968895559431985
1.01832315907814 0.984280395088717 0 1.78236226015724 1.73569427710027 1.00677515380085 1.32695003366098 1.71781606832519 1.11443492863327 1.67312734085135 1.70900189015083 1.13060954841785 1.72079074964859 1.23888170695864 1.42243439471349 1.42861743317917 1.47518789768219 1.58807632583193 1.09099118318409 1.85590805811808 1.02962177875452 1.20057565229945 1.24788698274642 1.6502652131021 1.52790884161368 1.37060509203002 1.64177117915824 1.81060619070195 1.61361200828105 1.91556371375918
1.04561841674149 1.4570631061215 1.78236226015724 0 1.29556318279356 1.46719457115978 1.69804092729464 1.60264618229121 1.6510808179155 1.30360898398794 1.05111242923886 1.59012828045525 1.45513564464636 0.978118957718834 1.31070678820834 1.76072233123705 1.43037085840479 1.18449888634495 1.67254348634742 1.32280976534821 1.18279714812525 1.05570010025986 1.24808754096739 1.11579986196011 1.52269477630034 1.84240771946497 1.27623304352164 1.14078872720711 1.72498383349739 1.02642779424787
1.22154039680026 1.32811764255166 1.73569427710027 1.29556318279356 0 0.957534497370943 1.74125565914437 1.39787563425489 1.53089443221688 1.91398038621992 1.10696538351476 1.34705971577205 1.35406544618309 1.27416052669287 1.66517629381269 1.70272424677387 1.41171322134323 1.88228136720136 1.62985717179254 1.41799417557195 1.45720439567231 1.93086975906044 1.4576655998826 1.68171130027622 1.82285839202814 1.73797767283395 1.80687708081678 1.94034030800685 1.25128561886959 1.93693353421986
1.6596208892297 1.09516816795804 1.00677515380085 1.46719457115978 0.957534497370943 0 1.34560286835767 1.24228337337263 1.40755361132324 1.50663812062703 1.11064132046886 1.76078151143156 1.53428814117797 1.48138244403526 1.03270254889503 1.83968308381736 1.59309877105989 1.73683385155164 1.18601392861456 1.53898845333606 1.69414754444733 1.64981726603583 1.74276813538745 1.62343808822334 1.59009860828519 1.66618345235474 1.34063611552119 1.91697209700942 1.26058171829209 1.63457358442247
1.87997574126348 1.26865640631877 1.32695003366098 1.69804092729464 1.74125565914437 1.34560286835767 0 1.76102498313412 1.90493723633699 1.19517194409855 1.09861975419335 1.35326122585684 1.86722790473141 1.06452840822749 1.1016345017124 1.05631852452643 1.14496965333819 1.11170039395802 1.16808325401507 1.69623966445215 1.08173014828935 0.952351695392281 1.65463048662059 1.85689002950676 1.64006967633031 1.58319239644334 1.24093929119408 1.22102703852579 1.24136327556334 1.68153602466919
1.66627969313413 1.38744662213139 1.71781606832519 1.60264618229121 1.39787563425489 1.24228337337263 1.76102498313412 0 1.83948251162656 1.57851988379844 1.9208624267485 1.29373635165393 1.8458897122182 1.05240946286358 1.74387479480356 1.44956555590034 1.00629911292344 1.69194042379968 1.43729398935102 1.62491935235448 1.84206123487093 1.9041645983234 1.69088840903714 1.55152391456068 1.24031789437868 1.08124936302193 1.14551541907713 1.34555521723814 1.36534613533877 1.53538987855427
1.21066945372149 1.81594221969135 1.11443492863327 1.6510808179155 1.53089443221688 1.40755361132324 1.90493723633699 1.83948251162656 0 1.68224649317563 1.23112070839852 1.30662972154096 1.83959247707389 1.58372704614885 1.93800472235307 1.88999206316657 1.85065148281865 1.93309731013142 1.83867232594639 1.5859983775299 1.56807630276307 1.49909809418023 1.74795867479406 1.91597640584223 1.75310402153991 1.13169730361551 1.26716824807227 1.77331044175662 1.88886982342228 1.62406731047668
1.84003887022845 0.996071497909725 1.67312734085135 1.30360898398794 1.91398038621992 1.50663812062703 1.19517194409855 1.57851988379844 1.68224649317563 0 1.72455463511869 1.13326227269135 1.75084249745123 1.38207344035618 1.45832429174334 0.961442083353177 1.46439369092695 1.5527400742285 1.90198551234789 0.962190927006304 0.966022048378363 1.33741655363701 1.83062612707727 1.50469342456199 1.00060232589021 1.6408044018317 1.87791621149518 1.08719167858362 1.35746692609973 1.36364852869883
1.22715340554714 1.02150121494196 1.70900189015083 1.05111242923886 1.10696538351476 1.11064132046886 1.09861975419335 1.9208624267485 1.23112070839852 1.72455463511869 0 1.15941100218333 1.31808204599656 1.84291447838768 1.64776225946844 1.86311050853692 1.18282883986831 1.28401300893165 1.08632828225382 1.82230162527412 1.64024809096009 1.20634669694118 1.11775715416297 1.14620438520797 1.01937947259285 1.84663487155922 1.03312976425514 1.34098242013715 1.92460895120166 1.36437424272299
1.18378270277753 0.996209902688861 1.13060954841785 1.59012828045525 1.34705971577205 1.76078151143156 1.35326122585684 1.29373635165393 1.30662972154096 1.13326227269135 1.15941100218333 0 1.6482627610676 1.76988507877104 0.990175215527415 0.958922343328595 1.90609314735048 0.985594770638272 1.12642852216959 1.86053457483649 1.33591972384602 1.65798348118551 0.999708463903517 1.20118117169477 1.70212936331518 1.43115344410762 1.86026785965078 1.0409783765208 1.83558098995127 1.215047637932
1.06718977447599 1.69997435086407 1.72079074964859 1.45513564464636 1.35406544618309 1.53428814117797 1.86722790473141 1.8458897122182 1.83959247707389 1.75084249745123 1.31808204599656 1.6482627610676 0 1.55651907040738 1.23693791870028 0.949986508348957 1.14861622336321 1.15665478887968 1.74468108941801 1.78494476596825 1.80778297665529 1.66828536917455 1.65227162721567 1.57050054008141 1.76098783803172 1.22258657519706 0.997068199794739 1.21447987505235 1.66153940814547 1.75342906988226
1.72504867869429 1.86354668694548 1.23888170695864 0.978118957718834 1.27416052669287 1.48138244403526 1.06452840822749 1.05240946286358 1.58372704614885 1.38207344035618 1.84291447838768 1.76988507877104 1.55651907040738 0 1.68932413007133 0.991496415808797 1.56493341107853 1.69509869418107 1.92428923072293 1.35430717375129 1.67893384234048 1.70766769116744 1.61200119554996 1.54447092511691 1.48515184735879 1.82245811983012 1.49995148438029 1.92959398892708 1.74673899752088 1.10942087089643
1.10004693130031 1.69632646813989 1.42243439471349 1.31070678820834 1.66517629381269 1.03270254889503 1.1016345017124 1.74387479480356 1.93800472235307 1.45832429174334 1.64776225946844 0.990175215527415 1.23693791870028 1.68932413007133 0 1.31582410307601 1.78148281108588 1.40876347059384 1.81171176908538 1.75922726211138 1.6494752059225 1.75448972010054 1.02315948647447 1.50293119903654 1.50601383647881 1.72782173613086 1.82489694049582 1.89180356357247 1.66010701889172 1.86876636603847
1.51709153968841 1.86512672551908 1.42861743317917 1.76072233123705 1.70272424677387 1.83968308381736 1.05631852452643 1.44956555590034 1.88999206316657 0.961442083353177 1.86311050853692 0.958922343328595 0.949986508348957 0.991496415808797 1.31582410307601 0 1.74526884546503 0.993697831872851 1.15387566690333 1.91820307821035 1.70332326134667 1.27990211476572 1.68582963221706 1.25007137237117 1.425142418826 1.46291178627871 1.91013908945024 1.37427263520658 1.31246597669087 1.7863993938081
1.66924206912518 1.26395137491636 1.47518789768219 1.43037085840479 1.41171322134323 1.59309877105989 1.14496965333819 1.00629911292344 1.85065148281865 1.46439369092695 1.18282883986831 1.90609314735048 1.14861622336321 1.56493341107853 1.78148281108588 1.74526884546503 0 1.31246426515281 1.1471957671456 1.04095529392362 1.55102318106219 1.18684437475167 1.31938589992933 1.47745870333165 1.85451349895447 1.49702684022486 1.40341367456131 1.9088018310722 1.65707535692491 1.67645228467882
1.14242962724529 1.41720424103551 1.58807632583193 1.18449888634495 1.88228136720136 1.73683385155164 1.11170039395802 1.69194042379968 1.93309731013142 1.5527400742285 1.28401300893165 0.985594770638272 1.15665478887968 1.69509869418107 1.40876347059384 0.993697831872851 1.31246426515281 0 1.20183715340681 1.89623052417301 1.245280087227 1.16433689603582 1.59270234988071 1.34799766121432 1.68392761074938 1.21474864962511 0.975142635405064 1.11367204599082 1.81029840256087 1.22181666316465
1.39169792202301 1.4301676065661 1.09099118318409 1.67254348634742 1.62985717179254 1.18601392861456 1.16808325401507 1.43729398935102 1.83867232594639 1.90198551234789 1.08632828225382 1.12642852216959 1.74468108941801 1.92428923072293 1.81171176908538 1.15387566690333 1.1471957671456 1.20183715340681 0 1.82666267966852 1.05366547824815 1.66451804339886 1.6755827574525 1.18980028061196 1.16799358301796 1.46157039445825 1.90720050525852 1.81896408996545 1.22799260751344 1.72047967626713
1.34999936213717 1.70558208064176 1.85590805811808 1.32280976534821 1.41799417557195 1.53898845333606 1.69623966445215 1.62491935235448 1.5859983775299 0.962190927006304 1.82230162527412 1.86053457483649 1.78494476596825 1.35430717375129 1.75922726211138 1.91820307821035 1.04095529392362 1.89623052417301 1.82666267966852 0 1.79091499466449 1.8192416196689 1.83927479037084 1.86252920608968 1.51133193820715 1.77739749173634 1.90343816066161 1.92546892422251 1.87040348467417 1.79948624433018
1.81395350024104 1.0750496245455 1.02962177875452 1.18279714812525 1.45720439567231 1.69414754444733 1.08173014828935 1.84206123487093 1.56807630276307 0.966022048378363 1.64024809096009 1.33591972384602 1.80778297665529 1.67893384234048 1.6494752059225 1.70332326134667 1.55102318106219 1.245280087227 1.05366547824815 1.79091499466449 0 1.86982153169811 1.47812076681294 1.86857765424065 1.33780706487596 1.68370441580191 1.48148773727007 1.15223199385218 1.03023737785406 1.85400953004137
1.56103423051536 1.46796485036612 1.20057565229945 1.05570010025986 1.93086975906044 1.64981726603583 0.952351695392281 1.9041645983234 1.49909809418023 1.33741655363701 1.20634669694118 1.65798348118551 1.66828536917455 1.70766769116744 1.75448972010054 1.27990211476572 1.18684437475167 1.16433689603582 1.66451804339886 1.8192416196689 1.86982153169811 0 1.86235959269106 1.85900139063597 1.46928278985433 1.49660956673324 1.53970389161259 1.62161435931921 1.1177189652808 1.86617644596845
1.17271259543486 1.15700346184894 1.24788698274642 1.24808754096739 1.4576655998826 1.74276813538745 1.65463048662059 1.69088840903714 1.74795867479406 1.83062612707727 1.11775715416297 0.999708463903517 1.65227162721567 1.61200119554996 1.02315948647447 1.68582963221706 1.31938589992933 1.59270234988071 1.6755827574525 1.83927479037084 1.47812076681294 1.86235959269106 0 1.42194805340841 1.37129070889205 1.36600353918038 1.59078214457259 0.945137670263648 1.51761404564604 1.0299221649766
1.33808351680636 1.53830695757642 1.6502652131021 1.11579986196011 1.68171130027622 1.62343808822334 1.85689002950676 1.55152391456068 1.91597640584223 1.50469342456199 1.14620438520797 1.20118117169477 1.57050054008141 1.54447092511691 1.50293119903654 1.25007137237117 1.47745870333165 1.34799766121432 1.18980028061196 1.86252920608968 1.86857765424065 1.85900139063597 1.42194805340841 0 1.6069622002542 1.31214703130536 1.41878305096179 1.04074989468791 1.25911497673951 1.68615413317457
0.987814737251028 1.00408464251086 1.52790884161368 1.52269477630034 1.82285839202814 1.59009860828519 1.64006967633031 1.24031789437868 1.75310402153991 1.00060232589021 1.01937947259285 1.70212936331518 1.76098783803172 1.48515184735879 1.50601383647881 1.425142418826 1.85451349895447 1.68392761074938 1.16799358301796 1.51133193820715 1.33780706487596 1.46928278985433 1.37129070889205 1.6069622002542 0 1.39966815290973 1.4382663667202 1.36142631410621 1.83366404520348 1.38051700755022
1.15644033695571 1.78251972724684 1.37060509203002 1.84240771946497 1.73797767283395 1.66618345235474 1.58319239644334 1.08124936302193 1.13169730361551 1.6408044018317 1.84663487155922 1.43115344410762 1.22258657519706 1.82245811983012 1.72782173613086 1.46291178627871 1.49702684022486 1.21474864962511 1.46157039445825 1.77739749173634 1.68370441580191 1.49660956673324 1.36600353918038 1.31214703130536 1.39966815290973 0 1.54601189750247 1.54456344665959 1.21994200628251 1.76379397069104
1.42079624137841 1.87626089132391 1.64177117915824 1.27623304352164 1.80687708081678 1.34063611552119 1.24093929119408 1.14551541907713 1.26716824807227 1.87791621149518 1.03312976425514 1.86026785965078 0.997068199794739 1.49995148438029 1.82489694049582 1.91013908945024 1.40341367456131 0.975142635405064 1.90720050525852 1.90343816066161 1.48148773727007 1.53970389161259 1.59078214457259 1.41878305096179 1.4382663667202 1.54601189750247 0 1.77634277986363 1.93631686479785 1.0768959634006
1.67481238651089 1.94435076205991 1.81060619070195 1.14078872720711 1.94034030800685 1.91697209700942 1.22102703852579 1.34555521723814 1.77331044175662 1.08719167858362 1.34098242013715 1.0409783765208 1.21447987505235 1.92959398892708 1.89180356357247 1.37427263520658 1.9088018310722 1.11367204599082 1.81896408996545 1.92546892422251 1.15223199385218 1.62161435931921 0.945137670263648 1.04074989468791 1.36142631410621 1.54456344665959 1.77634277986363 0 1.59912224835716 0.975455202627927
1.2665939880535 1.48567754239775 1.61361200828105 1.72498383349739 1.25128561886959 1.26058171829209 1.24136327556334 1.36534613533877 1.88886982342228 1.35746692609973 1.92460895120166 1.83558098995127 1.66153940814547 1.74673899752088 1.66010701889172 1.31246597669087 1.65707535692491 1.81029840256087 1.22799260751344 1.87040348467417 1.03023737785406 1.1177189652808 1.51761404564604 1.25911497673951 1.83366404520348 1.21994200628251 1.93631686479785 1.59912224835716 0 1.06234617717564
1.52467960817739 0.968895559431985 1.91556371375918 1.02642779424787 1.93693353421986 1.63457358442247 1.68153602466919 1.53538987855427 1.62406731047668 1.36364852869883 1.36437424272299 1.215047637932 1.75342906988226 1.10942087089643 1.86876636603847 1.7863993938081 1.67645228467882 1.22181666316465 1.72047967626713 1.79948624433018 1.85400953004137 1.86617644596845 1.0299221649766 1.68615413317457 1.38051700755022 1.76379397069104 1.0768959634006 0.975455202627927 1.06234617717564 0
