0 1.41007204540074 1.33677923469804 1.76848144317046 0.970416431548074 1.81100742542185 1.43074449105188 1.19361875578761 1.80243529309519 1.78671528049745 1.52807306172326 1.33286191755906 1.04340583062731 1.28723978088237 1.29133417853154 1.7360631020274 1.49248715257272 1.40065164701082 1.81430969014764 1.44565272890031 1.66220386652276 1.1343839999754 1.92243532720022 1.91051853774115 1.87299884133972 1.28269828110933 1.75101348431781 1.39027552935295 0.987674803473055 1.92975603579544
1.41007204540074 0 1.01998106343672 1.0747561105527 1.37380008748733 1.31386571889743 1.3564690630883 1.51940155401826 1.85441780998372 1.55895696301013 1.50588113977574 1.86970295966603 1.29392130603082 1.14217033330351 1.96229313523509 1.71981524839066 1.73484383383766 1.71968109440058 1.43965064757504 1.24889163789339 1.19355930294842 1.65992244286463 1.5049267699942 1.57247629202902 1.383061099099 1.6256325643044 1.07272257306613 1.21288372040726 1.02220484404825 1.60050706332549
1.33677923469804 1.01998106343672 0 1.86753408866934 1.51337482174858 1.45209108642302 1.72426174604334 1.82616463210434 1.12299192789942 0.998082678299397 1.09305662242696 1.69958106963895 1.62792790308595 1.86664170189761 1.43816175381653 0.988966772565618 1.74148733913898 1.38466846616939 1.02845060988329 1.3725144402124 1.866610908648 1.77421086514369 1.65470393327996 1.70756135554984 1.35209873155691 1.03781183739193 1.05858145165257 1.80745224119164 1.89381499192677 1.34532764018513
1.76848144317046 1.0747561105527 1.86753408866934 0 1.59392523346469 1.29068310139701 1.19374746317044 1.54053630493581 1.50971444696188 1.54867399623618 1.31639578263275 1.54799974453636 1.69289941084571 1.94342908496037 1.8445719408337 1.82672423194163 1.48985431157053 1.38865150790662 1.17225812887773 1.09723304398358 1.05761940940283 1.56189708854072 1.77678385167383 1.72393100638874 1.95327444653958 1.29040745133534 1.82204210362397 1.51488489704207 1.53662568540312 1.85152968531474
0.970416431548074 1.37380008748733 1.51337482174858 1.59392523346469 0 1.80164949898608 1.61208102852106 1.07306178519502 1.28809400834143 1.34255645028315 1.11468800879084 1.64082080638036 1.74461450264789 1.23935301159509 1.36059839837253 1.92121343687177 1.44202847825363 1.24123004171997 1.56217795889825 1.85754398093559 1.51075350097381 1.15757072530687 1.52911181934178 0.986828131834045 1.62556784809567 1.84028534102254 0.985459677875042 1.24677024688572 1.44001945760101 1.40580813679844
1.81100742542185 1.31386571889743 1.45209108642302 1.29068310139701 1.80164949898608 0 1.2148143008817 1.2058364932891 0.999560304684564 1.12901508039795 1.06686378875747 1.09633539989591 1.32778111635707 1.5316895165015 1.48202358954586 1.79702552175149 1.25751654012129 1.22208345239051 1.52343424921855 1.92983541055582 1.77652946347371 1.25199952744879 1.1408015312627 1.52490453631617 1.89525456307456 1.36041014641523 1.54545209975913 1.59285780298524 1.04026363790035 1.32861892646179
1.43074449105188 1.3564690630883 1.72426174604334 1.19374746317044 1.61208102852106 1.2148143008817 0 1.37778911250643 1.69821441615932 1.84243135340512 1.05178087227978 1.73304760246538 1.45790444384329 0.980094600003213 1.08433052268811 1.14359680865891 1.75828495319001 1.2559191135224 1.08517626021057 1.53496574657038 1.5952518042177 1.02192583982833 0.97991935745813 1.65777694038115 1.38012455753051 1.60999569902197 1.9561483564321 1.95612954348326 1.11149817029946 1.56150823249482
1.19361875578761 1.51940155401826 1.82616463210434 1.54053630493581 1.07306178519502 1.2058364932891 1.37778911250643 0 1.48224341450259 1.91912204911932 1.09628321742639 1.54388220026158 1.34706821618602 1.20726724131964 1.72300837049261 1.61678305291571 1.01743995491415 1.40265985811129 1.06888197106309 1.2792623678688 1.05296969832852 1.21220532734878 1.60248235450126 0.984963042428717 0.982008130988106 1.42967560165562 1.17315413453616 1.31840414879844 1.5600484511815 1.1475868797861
1.80243529309519 1.85441780998372 1.12299192789942 1.50971444696188 1.28809400834143 0.999560304684564 1.69821441615932 1.48224341450259 0 1.15680291224271 1.79760358575732 1.12027088250034 1.48807131848298 1.48188312747516 1.34030855214223 1.49110598512925 1.21171571919695 1.01571978465654 1.11198117746972 1.43579417164437 1.58795064338483 1.06003859359771 1.43017804366536 1.018108678516 1.56738250260241 1.282945812447 1.91018636268564 0.995695585850626 0.976158236851916 1.54737944784574
1.78671528049745 1.55895696301013 0.998082678299397 1.54867399623618 1.34255645028315 1.12901508039795 1.84243135340512 1.91912204911932 1.15680291224271 0 1.90033679269254 1.46709034056403 1.15905615035444 1.94839400611818 1.19202485936694 1.91301816375926 1.31466707377695 1.27001444622874 1.83476667734794 1.71073255874217 1.72146455850452 1.62296980619431 1.94933470804244 1.51682564662769 1.19090091693215 1.61087965941988 1.7723657884635 1.78215769072995 1.11838454776444 1.94977138587274
1.52807306172326 1.50588113977574 1.09305662242696 1.31639578263275 1.11468800879084 1.06686378875747 1.05178087227978 1.09628321742639 1.79760358575732 1.90033679269254 0 1.94922360335477 1.69283593026921 1.51417774497531 1.8388915497344 1.53318954841234 1.06784317665733 1.43530953465961 1.23634971445426 1.23110148776323 1.89932601503097 1.19770431471989 1.24943749606609 1.14326648321003 1.68721692939289 1.8682987394277 1.06923489947803 1.6067783664912 1.27197175472975 1.89094676170498
1.33286191755906 1.86970295966603 1.69958106963895 1.54799974453636 1.64082080638036 1.09633539989591 1.73304760246538 1.54388220026158 1.12027088250034 1.46709034056403 1.94922360335477 0 1.21637447108515 1.79282283200882 1.71650080266409 1.72469885461032 1.01754675409757 1.666291505564 1.41624462790787 1.17840468720533 1.36079627578147 0.982549135806039 0.998330498347059 1.24790777848102 1.40439571347088 1.17107864236459 0.976143087958917 1.08907410013489 0.98825859837234 1.82535547669977
1.04340583062731 1.29392130603082 1.62792790308595 1.69289941084571 1.74461450264789 1.32778111635707 1.45790444384329 1.34706821618602 1.48807131848298 1.15905615035444 1.69283593026921 1.21637447108515 0 1.42905173986219 1.22246042615734 1.56557441619225 1.17145773861557 1.16157999704592 1.22354163439013 1.93322956981137 1.76208027871326 1.53339875442907 1.83060267125256 1.74653429188766 1.57651743432507 1.19419916789047 1.20457410998642 1.7736540583428 0.991653885925189 1.46977625484578
1.28723978088237 1.14217033330351 1.86664170189761 1.94342908496037 1.23935301159509 1.5316895165015 0.980094600003213 1.20726724131964 1.48188312747516 1.94839400611818 1.51417774497531 1.79282283200882 1.42905173986219 0 1.76258038007654 1.16374938981608 1.88640633854084 1.5492828709539 1.56819903058931 1.77255342504941 1.61883122799918 1.79790369560942 1.6617835869547 1.91273082280532 1.24071437492967 1.52864809171297 1.07944092201069 1.03773370361887 1.33763434458524 1.23541866708547
1.29133417853154 1.96229313523509 1.43816175381653 1.8445719408337 1.36059839837253 1.48202358954586 1.08433052268811 1.72300837049261 1.34030855214223 1.19202485936694 1.8388915497344 1.71650080266409 1.22246042615734 1.76258038007654 0 1.09130316949449 1.5576406866312 1.3478656669613 1.77303858869709 0.992851823801175 1.67332679894753 0.96692356094718 1.57060941378586 1.03794556180947 1.67363300034776 1.42352646333165 1.09350148797967 1.11630892381072 1.02905871975236 1.21413041744381
1.7360631020274 1.71981524839066 0.988966772565618 1.82672423194163 1.92121343687177 1.79702552175149 1.14359680865891 1.61678305291571 1.49110598512925 1.91301816375926 1.53318954841234 1.72469885461032 1.56557441619225 1.16374938981608 1.09130316949449 0 1.5660003637895 1.9368819212541 1.8315542768687 1.72953622811474 1.35000720690005 1.82085334998555 1.49029190186411 1.19155364320613 1.6676110161934 1.14440510771237 1.04713574959897 1.64551885612309 1.91156592685729 1.77334964484908
1.49248715257272 1.73484383383766 1.74148733913898 1.48985431157053 1.44202847825363 1.25751654012129 1.75828495319001 1.01743995491415 1.21171571919695 1.31466707377695 1.06784317665733 1.01754675409757 1.17145773861557 1.88640633854084 1.5576406866312 1.5660003637895 0 1.67741956235841 1.88591071311384 1.30205089529045 1.15175566449761 1.17772469064221 1.32956236833706 1.54763346398249 1.49980161199346 1.9501524886582 1.77552460553125 1.59370293864049 1.64971123635769 1.50227711885236
1.40065164701082 1.71968109440058 1.38466846616939 1.38865150790662 1.24123004171997 1.22208345239051 1.2559191135224 1.40265985811129 1.01571978465654 1.27001444622874 1.43530953465961 1.666291505564 1.16157999704592 1.5492828709539 1.3478656669613 1.9368819212541 1.67741956235841 0 1.84585741534829 1.44301911676303 1.89993506041355 0.98819901724346 1.86755359033123 1.1574103704188 1.36212881677784 1.32554013771005 1.34494022908621 1.28921181685291 1.48573037935421 1.32885810337029
1.81430969014764 1.43965064757504 1.02845060988329 1.17225812887773 1.56217795889825 1.52343424921855 1.08517626021057 1.06888197106309 1.11198117746972 1.83476667734794 1.23634971445426 1.41624462790787 1.22354163439013 1.56819903058931 1.77303858869709 1.8315542768687 1.88591071311384 1.84585741534829 0 1.91536863031797 0.988151945639402 1.16550780809484 1.65290700807236 1.00977744045667 1.40708754840307 1.20981699950062 1.57606013142504 1.94543392118067 1.67343804053962 1.22634241101332
1.44565272890031 1.24889163789339 1.3725144402124 1.09723304398358 1.85754398093559 1.92983541055582 1.53496574657038 1.2792623678688 1.43579417164437 1.71073255874217 1.23110148776323 1.17840468720533 1.93322956981137 1.77255342504941 0.992851823801175 1.72953622811474 1.30205089529045 1.44301911676303 1.91536863031797 0 1.95772811374627 1.69715420133434 1.58221755828708 1.14248714642599 1.939591123024 1.86686480185017 1.0289370813407 1.02374146319926 1.32997905346565 1.53145529818721
1.66220386652276 1.19355930294842 1.866610908648 1.05761940940283 1.51075350097381 1.77652946347371 1.5952518042177 1.05296969832852 1.58795064338483 1.72146455850452 1.89932601503097 1.36079627578147 1.76208027871326 1.61883122799918 1.67332679894753 1.35000720690005 1.15175566449761 1.89993506041355 0.988151945639402 1.95772811374627 0 0.969734240090474 1.48725854745135 1.36768098035827 1.58435351401567 1.06255441182293 1.92757097212598 1.66869511594996 1.3982417981606 1.95654385653324
1.1343839999754 1.65992244286463 1.77421086514369 1.56189708854072 1.15757072530687 1.25199952744879 1.02192583982833 1.21220532734878 1.06003859359771 1.62296980619431 1.19770431471989 0.982549135806039 1.53339875442907 1.79790369560942 0.96692356094718 1.82085334998555 1.17772469064221 0.98819901724346 1.16550780809484 1.69715420133434 0.969734240090474 0 1.31808850541711 1.15318313823082 1.64125295076519 1.71302313543856 1.05112103722058 1.32618930749595 1.35583319631405 0.98680961644277
1.92243532720022 1.5049267699942 1.65470393327996 1.77678385167383 1.52911181934178 1.1408015312627 0.97991935745813 1.60248235450126 1.43017804366536 1.94933470804244 1.24943749606609 0.998330498347059 1.83060267125256 1.6617835869547 1.57060941378586 1.49029190186411 1.32956236833706 1.86755359033123 1.65290700807236 1.58221755828708 1.48725854745135 1.31808850541711 0 0.966536915395409 1.56597294588573 1.47010799171403 1.21842473116703 1.4859304826241 1.26132465759292 1.64515580493025
1.91051853774115 1.57247629202902 1.70756135554984 1.72393100638874 0.986828131834045 1.52490453631617 1.65777694038115 0.984963042428717 1.018108678516 1.51682564662769 1.14326648321003 1.24790777848102 1.74653429188766 1.91273082280532 1.03794556180947 1.19155364320613 1.54763346398249 1.1574103704188 1.00977744045667 1.14248714642599 1.36768098035827 1.15318313823082 0.966536915395409 0 1.25145873287693 1.63506532856263 1.71048467210494 1.62336376053281 1.65829285001382 1.25580584560521
1.87299884133972 1.383061099099 1.35209873155691 1.95327444653958 1.62556784809567 1.89525456307456 1.38012455753051 0.982008130988106 1.56738250260241 1.19090091693215 1.68721692939289 1.40439571347088 1.57651743432507 1.24071437492967 1.67363300034776 1.6676110161934 1.49980161199346 1.36212881677784 1.40708754840307 1.939591123024 1.58435351401567 1.64125295076519 1.56597294588573 1.25145873287693 0 1.2819948932156 1.06102771009319 1.44134738179855 1.60425359290093 1.47107340139337
1.28269828110933 1.6256325643044 1.03781183739193 1.29040745133534 1.84028534102254 1.36041014641523 1.60999569902197 1.42967560165562 1.282945812447 1.61087965941988 1.8682987394277 1.17107864236459 1.19419916789047 1.52864809171297 1.42352646333165 1.14440510771237 1.9501524886582 1.32554013771005 1.20981699950062 1.86686480185017 1.06255441182293 1.71302313543856 1.47010799171403 1.63506532856263 1.2819948932156 0 1.38830896001309 1.85848646610975 0.981327197514474 1.30147757777013
1.75101348431781 1.07272257306613 1.05858145165257 1.82204210362397 0.985459677875042 1.54545209975913 1.9561483564321 1.17315413453616 1.91018636268564 1.7723657884635 1.06923489947803 0.976143087958917 1.20457410998642 1.07944092201069 1.09350148797967 1.04713574959897 1.77552460553125 1.34494022908621 1.57606013142504 1.0289370813407 1.92757097212598 1.05112103722058 1.21842473116703 1.71048467210494 1.06102771009319 1.38830896001309 0 1.11638580192812 0.992002761224285 1.84171886788681
1.39027552935295 1.21288372040726 1.80745224119164 1.51488489704207 1.24677024688572 1.59285780298524 1.95612954348326 1.31840414879844 0.995695585850626 1.78215769072995 1.6067783664912 1.08907410013489 1.7736540583428 1.03773370361887 1.11630892381072 1.64551885612309 1.59370293864049 1.28921181685291 1.94543392118067 1.02374146319926 1.66869511594996 1.32618930749595 1.4859304826241 1.62336376053281 1.44134738179855 1.85848646610975 1.11638580192812 0 1.33639671211131 1.43796765198931
0.987674803473055 1.02220484404825 1.89381499192677 1.53662568540312 1.44001945760101 1.04026363790035 1.11149817029946 1.5600484511815 0.976158236851916 1.11838454776444 1.27197175472975 0.98825859837234 0.991653885925189 1.33763434458524 1.02905871975236 1.91156592685729 1.64971123635769 1.48573037935421 1.67343804053962 1.32997905346565 1.3982417981606 1.35583319631405 1.26132465759292 1.65829285001382 1.60425359290093 0.981327197514474 0.992002761224285 1.33639671211131 0 1.38458369020373
1.92975603579544 1.60050706332549 1.34532764018513 1.85152968531474 1.40580813679844 1.32861892646179 1.56150823249482 1.1475868797861 1.54737944784574 1.94977138587274 1.89094676170498 1.82535547669977 1.46977625484578 1.23541866708547 1.21413041744381 1.77334964484908 1.50227711885236 1.32885810337029 1.22634241101332 1.53145529818721 1.95654385653324 0.98680961644277 1.64515580493025 1.25580584560521 1.47107340139337 1.30147757777013 1.84171886788681 1.43796765198931 1.38458369020373 0
