0 1.59721398935653 1.13344680820592 1.15023620915599 0.981841943459585 1.12789597338997 1.80886509502307 1.51070644077845 1.20556943118572 1.56772841932252 1.74152009165846 1.35240365937352 1.8098424449563 1.33270504674874 1.12830046727322 1.79132165224291 1.59097220958211 1.48568003484979 1.07902907556854 0.966083059320226 1.84143508668058 1.20223395852372 1.37284524925053 1.90603954088874 1.7699887228664 1.34770565619692 1.85920984810218 1.46895316056907 1.41350951325148 1.86405257531442
1.59721398935653 0 1.25309182866476 1.87700215354562 1.03753521246836 1.10487286560237 1.06814876385033 0.960948583204299 1.62447456875816 1.49052062258124 1.44125616876408 1.41190618067048 1.7042943299748 1.4865581355989 1.38556998525746 1.1349107765127 1.90816532471217 1.36336868279614 1.77415915369056 1.933114514919 1.76891904370859 1.13887979276478 1.9013231350109 1.69778657983989 1.81510351924226 0.951511935796589 1.88939155708067 1.23139651119709 1.23063487745821 1.88773325853981
1.13344680820592 1.25309182866476 0 1.2400724447798 1.80216582794674 1.33299591671675 1.17395388102159 1.19535325118341 1.77923841727898 1.36761120171286 1.61094823130406 1.35114064719528 1.20060321083292 1.94188614422455 1.93262155144475 1.52929057879373 1.54717002832331 1.87089229980484 1.34130249917507 1.29601699113846 1.40633151470684 1.17136398050934 1.53086931770667 1.09204701590352 1.70059254649095 0.948969597695395 1.90997780160978 1.78449440398254 1.16729379142635 1.5502489618957
1.15023620915599 1.87700215354562 1.2400724447798 0 1.86056203744374 1.40956070437096 1.66660863626748 1.47974597406574 1.04411573102698 1.94359510578215 1.8267389126122 1.28447320312262 1.80805413518101 1.47241401509382 1.5537782611791 1.52361791371368 1.70315642631613 1.65598305640742 1.64711161912419 1.77843861514702 1.67586664948612 1.76489149546251 1.71705295657739 1.22144606453367 1.86319213197567 1.87175190309063 1.94475549296476 1.59536988427863 1.46905125631019 1.58740320219658
0.981841943459585 1.03753521246836 1.80216582794674 1.86056203744374 0 1.76665072864853 1.17042018100619 1.92222572141327 1.9000843949616 1.08328303857706 1.12510958663188 1.62594051216729 1.28157949866727 1.27687406912446 1.86242865584791 1.92343186330982 1.58513088407926 1.31604668777436 1.3694078985136 1.09616516041569 1.50659416080453 1.35687296814285 1.3426033698488 1.09504137071781 1.43908761558123 1.35468489793129 1.70403051795438 1.43319631787017 1.55734994867817 1.75278871716
1.12789597338997 1.10487286560237 1.33299591671675 1.40956070437096 1.76665072864853 0 1.10731197800487 1.63686504540965 1.51429828652181 1.87534701311961 1.70815080287866 1.93665845808573 1.08501967135817 1.05579256871715 1.86811513802968 1.84061046107672 1.52059730910696 1.25905453390442 1.27951419679448 1.45313357794657 1.66645544744097 1.27448555664159 1.92172387754545 1.63654199475423 1.78672550898045 1.2851631755475 1.6227685038466 1.56554811401293 1.62930155964568 1.26002427423373
1.80886509502307 1.06814876385033 1.17395388102159 1.66660863626748 1.17042018100619 1.10731197800487 0 1.12652727705427 1.59490778390318 1.27081243158318 1.17773113725707 1.56002027005889 1.63332927948795 1.18431565095671 1.71164095215499 1.12385385856032 0.953611899865791 1.41656888485886 1.9045805579517 1.29805626161397 1.55804480612278 1.10932992654853 1.18907015724108 1.05868599656969 1.3687894763425 1.62750949990004 1.1848978518974 1.13740521506406 1.5985227143392 1.39761810912751
1.51070644077845 0.960948583204299 1.19535325118341 1.47974597406574 1.92222572141327 1.63686504540965 1.12652727705427 0 1.93254509591497 1.81000390532427 1.2391591258347 1.87944677122869 1.02624462917447 1.32201700587757 1.59090420836583 1.55201374529861 1.02955861622468 1.66496276645921 1.85376689652912 1.66056833486073 1.06780586577952 1.13710406399332 1.69454581709579 1.36939309141599 1.06726228678599 1.36431275331415 1.73524881363846 1.81583438836969 1.83912976132706 1.73540736804716
1.20556943118572 1.62447456875816 1.77923841727898 1.04411573102698 1.9000843949616 1.51429828652181 1.59490778390318 1.93254509591497 0 1.48489595833234 1.87840769020841 1.82057502516545 1.69126543612219 1.32754407799803 0.977156450040638 1.92183851613663 0.961143201915547 1.9314328355249 1.58744846237823 1.89426552667283 1.63150377525017 1.92481422726996 1.31599943339825 1.18792195012793 1.60663291346282 1.22017305996269 1.21286522876471 1.90562010090798 1.75646336865611 1.28558445256203
1.56772841932252 1.49052062258124 1.36761120171286 1.94359510578215 1.08328303857706 1.87534701311961 1.27081243158318 1.81000390532427 1.48489595833234 0 1.29349176655523 1.4898358983919 1.88309675059281 1.68306172871962 1.8809887256939 1.87977833882906 1.4436294187326 1.80037761386484 1.64010801841505 1.35834839544259 1.12704100040719 1.54015040420927 1.15094864368439 1.78773528872989 1.91176584060304 1.75858604186215 1.12368954112753 1.29238123307005 1.41979816369712 1.82499811146408
1.74152009165846 1.44125616876408 1.61094823130406 1.8267389126122 1.12510958663188 1.70815080287866 1.17773113725707 1.2391591258347 1.87840769020841 1.29349176655523 0 1.70331882382743 1.10059413406998 1.32791753555648 1.85816806019284 1.80619942070916 1.45624619722366 1.51596286380664 1.53274219343439 1.6527164792642 1.56070454069413 1.42807505861856 1.14284550398588 1.88090122537687 1.7811330340337 1.00991454417817 1.92009743652306 1.39878892130218 1.83748073223978 1.02254192088731
1.35240365937352 1.41190618067048 1.35114064719528 1.28447320312262 1.62594051216729 1.93665845808573 1.56002027005889 1.87944677122869 1.82057502516545 1.4898358983919 1.70331882382743 0 1.67920626536943 1.59172423230484 1.90722345164977 1.09807382361032 1.45291925291531 1.87535567907616 1.84228174155578 1.37397282826714 1.700798840262 1.32236781483516 1.31808753474616 1.12139792717062 1.84741441090591 1.80866423575208 1.08365003927611 1.43567809276283 1.67320427601226 1.75778543390334
1.8098424449563 1.7042943299748 1.20060321083292 1.80805413518101 1.28157949866727 1.08501967135817 1.63332927948795 1.02624462917447 1.69126543612219 1.88309675059281 1.10059413406998 1.67920626536943 0 1.28498515114188 1.56403416604735 1.07319928193465 0.972940750652924 1.1239929755684 1.59572881530039 1.08407538803294 1.35673256567679 1.67324081924744 1.66212447802536 1.55500244861469 1.91599439899437 1.21011924394406 1.67828898970038 1.72370481304824 1.25347852148116 1.10821831715293
1.33270504674874 1.4865581355989 1.94188614422455 1.47241401509382 1.27687406912446 1.05579256871715 1.18431565095671 1.32201700587757 1.32754407799803 1.68306172871962 1.32791753555648 1.59172423230484 1.28498515114188 0 1.15969368512742 1.29590523033403 1.80182258109562 1.80866007856093 1.30843409593217 0.97024899860844 1.06869264063425 1.07040491350926 1.85550560988486 1.10741362860426 1.73685621283948 1.28924741060473 1.22842466668226 1.54929193272255 1.43304193718359 1.8899656063877
1.12830046727322 1.38556998525746 1.93262155144475 1.5537782611791 1.86242865584791 1.86811513802968 1.71164095215499 1.59090420836583 0.977156450040638 1.8809887256939 1.85816806019284 1.90722345164977 1.56403416604735 1.15969368512742 0 1.12408128031529 1.57785477279685 1.70956486021169 1.22355214040726 1.62501191627234 1.50619217939675 1.2377806098666 1.39204103802331 1.60924874898046 1.7635822428856 1.39727207412943 1.67895597522147 1.56492643151432 1.47023792145774 1.73901718691923
1.79132165224291 1.1349107765127 1.52929057879373 1.52361791371368 1.92343186330982 1.84061046107672 1.12385385856032 1.55201374529861 1.92183851613663 1.87977833882906 1.80619942070916 1.09807382361032 1.07319928193465 1.29590523033403 1.12408128031529 0 1.26991225592792 1.05779550294392 1.55695199780166 1.75974926468916 1.45096878078766 1.8160373182036 0.969986201962456 1.13026127894409 1.41724944324233 1.65910255629569 1.41762715554796 1.39911779155955 1.82550539611839 1.18392389500514
1.59097220958211 1.90816532471217 1.54717002832331 1.70315642631613 1.58513088407926 1.52059730910696 0.953611899865791 1.02955861622468 0.961143201915547 1.4436294187326 1.45624619722366 1.45291925291531 0.972940750652924 1.80182258109562 1.57785477279685 1.26991225592792 0 1.59835034329444 1.2286562572699 1.93182139960118 1.60713396104984 1.53343714983203 1.93721382319927 1.4043193210382 1.61451213806868 0.956653388915583 1.40592348133214 1.22510487842374 0.991562984418124 1.50496228109114
1.48568003484979 1.36336868279614 1.87089229980484 1.65598305640742 1.31604668777436 1.25905453390442 1.41656888485886 1.66496276645921 1.9314328355249 1.80037761386484 1.51596286380664 1.87535567907616 1.1239929755684 1.80866007856093 1.70956486021169 1.05779550294392 1.59835034329444 0 1.5870892428793 1.85325953853317 1.68591164285317 0.977078343043104 1.34030438051559 1.15038074180484 1.86931110662408 1.0636222155299 1.33217380032875 1.63898184499703 1.30123095493764 1.58272148738615
1.07902907556854 1.77415915369056 1.34130249917507 1.64711161912419 1.3694078985136 1.27951419679448 1.9045805579517 1.85376689652912 1.58744846237823 1.64010801841505 1.53274219343439 1.84228174155578 1.59572881530039 1.30843409593217 1.22355214040726 1.55695199780166 1.2286562572699 1.5870892428793 0 1.12728512729518 1.10532827512361 1.13363864412531 1.70455237990245 1.24846643884666 1.81125818099827 1.9255733739119 1.30025206482969 0.961216131458059 1.73414223734289 1.68532285327092
0.966083059320226 1.933114514919 1.29601699113846 1.77843861514702 1.09616516041569 1.45313357794657 1.29805626161397 1.66056833486073 1.89426552667283 1.35834839544259 1.6527164792642 1.37397282826714 1.08407538803294 0.97024899860844 1.62501191627234 1.75974926468916 1.93182139960118 1.85325953853317 1.12728512729518 0 1.17303098901175 1.93805931322277 1.32003848487511 0.954723169095814 1.08787957136519 1.57295190333389 1.26860880618915 1.30095437774435 1.09582784422673 1.32923326455057
1.84143508668058 1.76891904370859 1.40633151470684 1.67586664948612 1.50659416080453 1.66645544744097 1.55804480612278 1.06780586577952 1.63150377525017 1.12704100040719 1.56070454069413 1.700798840262 1.35673256567679 1.06869264063425 1.50619217939675 1.45096878078766 1.60713396104984 1.68591164285317 1.10532827512361 1.17303098901175 0 1.61666765296832 1.94176799966954 0.955581608694047 1.00084648607299 1.66068422584794 1.040435874369 1.77987804636359 1.7319821100682 1.33841323805973
1.20223395852372 1.13887979276478 1.17136398050934 1.76489149546251 1.35687296814285 1.27448555664159 1.10932992654853 1.13710406399332 1.92481422726996 1.54015040420927 1.42807505861856 1.32236781483516 1.67324081924744 1.07040491350926 1.2377806098666 1.8160373182036 1.53343714983203 0.977078343043104 1.13363864412531 1.93805931322277 1.61666765296832 0 0.988791210576892 1.72022421821021 1.24110117810778 1.51619398593903 0.992160181747749 1.33106544450857 1.39989787759259 1.17458647349849
1.37284524925053 1.9013231350109 1.53086931770667 1.71705295657739 1.3426033698488 1.92172387754545 1.18907015724108 1.69454581709579 1.31599943339825 1.15094864368439 1.14284550398588 1.31808753474616 1.66212447802536 1.85550560988486 1.39204103802331 0.969986201962456 1.93721382319927 1.34030438051559 1.70455237990245 1.32003848487511 1.94176799966954 0.988791210576892 0 1.05096714803949 1.43542198976502 1.10571518284269 1.73498244793154 1.61220537987538 1.37071159202605 0.958626717794687
1.90603954088874 1.69778657983989 1.09204701590352 1.22144606453367 1.09504137071781 1.63654199475423 1.05868599656969 1.36939309141599 1.18792195012793 1.78773528872989 1.88090122537687 1.12139792717062 1.55500244861469 1.10741362860426 1.60924874898046 1.13026127894409 1.4043193210382 1.15038074180484 1.24846643884666 0.954723169095814 0.955581608694047 1.72022421821021 1.05096714803949 0 1.48530446738005 1.84842855855823 1.9192992139142 1.55935247591697 1.7578009122517 1.36740687931888
1.7699887228664 1.81510351924226 1.70059254649095 1.86319213197567 1.43908761558123 1.78672550898045 1.3687894763425 1.06726228678599 1.60663291346282 1.91176584060304 1.7811330340337 1.84741441090591 1.91599439899437 1.73685621283948 1.7635822428856 1.41724944324233 1.61451213806868 1.86931110662408 1.81125818099827 1.08787957136519 1.00084648607299 1.24110117810778 1.43542198976502 1.48530446738005 0 0.986676422180608 1.10887804836966 1.22352810949087 1.07574641169049 1.6949041497428
1.34770565619692 0.951511935796589 0.948969597695395 1.87175190309063 1.35468489793129 1.2851631755475 1.62750949990004 1.36431275331415 1.22017305996269 1.75858604186215 1.00991454417817 1.80866423575208 1.21011924394406 1.28924741060473 1.39727207412943 1.65910255629569 0.956653388915583 1.0636222155299 1.9255733739119 1.57295190333389 1.66068422584794 1.51619398593903 1.10571518284269 1.84842855855823 0.986676422180608 0 1.69797155214474 1.85839371825568 1.7462248718366 1.86272332421504
1.85920984810218 1.88939155708067 1.90997780160978 1.94475549296476 1.70403051795438 1.6227685038466 1.1848978518974 1.73524881363846 1.21286522876471 1.12368954112753 1.92009743652306 1.08365003927611 1.67828898970038 1.22842466668226 1.67895597522147 1.41762715554796 1.40592348133214 1.33217380032875 1.30025206482969 1.26860880618915 1.040435874369 0.992160181747749 1.73498244793154 1.9192992139142 1.10887804836966 1.69797155214474 0 1.33465847978368 1.86057002097368 0.984205255052075
1.46895316056907 1.23139651119709 1.78449440398254 1.59536988427863 1.43319631787017 1.56554811401293 1.13740521506406 1.81583438836969 1.90562010090798 1.29238123307005 1.39878892130218 1.43567809276283 1.72370481304824 1.54929193272255 1.56492643151432 1.39911779155955 1.22510487842374 1.63898184499703 0.961216131458059 1.30095437774435 1.77987804636359 1.33106544450857 1.61220537987538 1.55935247591697 1.22352810949087 1.85839371825568 1.33465847978368 0 1.22375617921352 0.993435189593583
1.41350951325148 1.23063487745821 1.16729379142635 1.46905125631019 1.55734994867817 1.62930155964568 1.5985227143392 1.83912976132706 1.75646336865611 1.41979816369712 1.83748073223978 1.67320427601226 1.25347852148116 1.43304193718359 1.47023792145774 1.82550539611839 0.991562984418124 1.30123095493764 1.73414223734289 1.09582784422673 1.7319821100682 1.39989787759259 1.37071159202605 1.7578009122517 1.07574641169049 1.7462248718366 1.86057002097368 1.22375617921352 0 1.34298398415558
1.86405257531442 1.88773325853981 1.5502489618957 1.58740320219658 1.75278871716 1.26002427423373 1.39761810912751 1.73540736804716 1.28558445256203 1.82499811146408 1.02254192088731 1.75778543390334 1.10821831715293 1.8899656063877 1.73901718691923 1.18392389500514 1.50496228109114 1.58272148738615 1.68532285327092 1.32923326455057 1.33841323805973 1.17458647349849 0.958626717794687 1.36740687931888 1.6949041497428 1.86272332421504 0.984205255052075 0.993435189593583 1.34298398415558 0
