0 1.8888859602157 1.71774755395018 1.46147068031132 1.77407354093157 1.22274624090642 1.07461837492883 1.56914182356559 1.25918289856054 1.10064217983745 1.80883046309464 1.2825056721922 1.14338816772215 1.48733371589333 1.20010925503448 1.70027287560515 1.25049731042236 1.9256275780499 1.09525447897613 1.41024128091522 1.64546026894823 1.69195116171613 1.05797934811562 1.27522225794382 1.79942126967944 1.40911497711204 1.30211908882484 1.20915136998519 1.10359499161132 0.954539311118424
1.8888859602157 0 1.8665796041023 1.73213073448278 1.82798281707801 0.991215910762548 1.09771377267316 1.85378033481538 1.72861680365168 1.15512890601531 1.04535427782685 0.964250616030768 1.41457516211085 1.61549496999942 1.31468742480502 1.52481491933577 1.39116314752027 1.25913970218971 1.00608008634299 1.00666916905902 1.3961178555619 1.28322231513448 1.55565035901964 1.50549049349502 1.68634598283097 1.27837063814513 1.89953014324419 1.24118192587048 1.55553453043103 0.934346649097279
1.71774755395018 1.8665796041023 0 1.12911693728529 1.72813680395484 0.963652732549235 1.30021944479086 1.78313028998673 1.39552328502759 1.9117463096045 1.35436740540899 1.33602320728824 1.2808621886652 1.86794839822687 1.6129100152757 1.38766680913977 1.17930448893458 1.53302591014653 1.4197307061404 0.978773246752098 1.62670265440829 1.34756974922493 1.69357578200288 1.13398299203254 1.1646450040862 1.36922415043227 1.34701711055823 1.10579673130997 1.77777488669381 0.963246047729626
1.46147068031132 1.73213073448278 1.12911693728529 0 0.986632141284645 1.23501070472412 1.37763358978555 1.022297749063 1.7319706522394 1.24462024052627 1.39853945211507 1.30256021814421 0.952847382519394 0.968888487434015 1.11241794913076 1.3524143260438 0.928631306160241 0.995166482403874 1.5156893779058 0.983113161288202 1.65399204869755 1.21556520345621 1.33961454872042 1.35551895620301 1.25471253856085 1.70500406809151 1.06884134793654 1.11085735168308 1.46681272285059 1.70204148697667
1.77407354093157 1.82798281707801 1.72813680395484 0.986632141284645 0 1.22203348996118 1.72446988336742 1.04034172184765 1.0659518209286 1.72514849156141 1.57308583380654 1.41782610211521 1.36116543854587 1.15827380912378 0.979428210295737 1.26582028111443 1.64613597933203 1.34651074116118 1.33027989952825 1.4278679783456 1.72963333292864 1.74582290952094 1.25059385038912 0.995600300841033 0.960501434281468 1.21820609993301 0.956100500421599 1.40398053452373 1.91204450302757 1.43369603273459
1.22274624090642 0.991215910762548 0.963652732549235 1.23501070472412 1.22203348996118 0 1.20385298575275 1.03005823749118 1.60125899035484 1.63816628465429 1.36765922186896 1.22587805567309 1.83515592780896 1.55323185492307 1.10372636094689 1.4111144230701 1.18956620479003 1.03284627106041 1.12773726484738 1.38808463816531 1.19838326866738 1.76775164715946 1.53952517965809 1.6981493299827 1.47745174262673 1.47734373179264 1.5448139347136 1.10045327944681 1.92104715504684 1.43642083276063
1.07461837492883 1.09771377267316 1.30021944479086 1.37763358978555 1.72446988336742 1.20385298575275 0 1.1034193104133 0.996691803447902 1.35371904796921 1.10840406082571 1.63647293415852 1.18073149956763 1.58136965986341 1.2214401406236 1.09979788120836 1.64062451850623 1.0533681709785 1.52707453723997 0.945973131339997 1.66593696852215 1.18648923374712 1.90472494601272 1.60338174551725 1.8191739525646 1.71552099054679 0.972251418977976 1.19260010030121 1.24187665106729 1.76363341300748
1.56914182356559 1.85378033481538 1.78313028998673 1.022297749063 1.04034172184765 1.03005823749118 1.1034193104133 0 1.22360163857229 1.35618097404949 1.28235105401836 1.71194788091816 1.84824508987367 0.97656014165841 1.28151834872551 1.55153454188257 1.29266961966641 1.68118888302706 1.14223797852173 1.22505194251426 1.55809554038569 1.42144870921038 1.62207267293707 1.84930567350239 1.02602017461322 1.90971911675297 1.52738775149919 1.60514404904097 1.77541830739938 1.5245580484625
1.25918289856054 1.72861680365168 1.39552328502759 1.7319706522394 1.0659518209286 1.60125899035484 0.996691803447902 1.22360163857229 0 0.959123787004501 1.36356038879603 1.3933520745486 1.05199083196931 1.36046562762931 1.3503304857295 0.948143388377503 1.2193914684467 1.26754985167645 1.43272773595527 1.7037919384893 1.04888886050321 1.72905586101115 1.67423267406411 1.56961962487549 1.1938590076752 1.24349707225338 1.15935094747692 1.8784591446165 1.72041796543635 1.83148294943385
1.10064217983745 1.15512890601531 1.9117463096045 1.24462024052627 1.72514849156141 1.63816628465429 1.35371904796921 1.35618097404949 0.959123787004501 0 1.84442916512489 1.89818002842367 0.986360730137676 1.4828094469849 1.82646977016702 1.81637622998096 0.948951142141595 1.24697296321392 1.10309422994033 1.59963036817499 1.53762914915569 1.64149725693278 1.81953540234827 1.07821550639346 1.23274581786245 1.61416691914201 1.42725030123256 1.6451272922568 0.942440160317346 1.58369855605997
1.80883046309464 1.04535427782685 1.35436740540899 1.39853945211507 1.57308583380654 1.36765922186896 1.10840406082571 1.28235105401836 1.36356038879603 1.84442916512489 0 1.69902015500702 1.35081004840322 1.59244692651555 1.02230468718335 1.89601845364086 1.32289199158549 1.84400018304586 1.09870217903517 1.73231043363921 1.48346122680232 1.39207209320739 1.10936672589742 1.60231788665988 1.03126889909618 1.02096299128607 1.91859137942083 1.66495227674022 1.68161124037579 1.29662430752069
1.2825056721922 0.964250616030768 1.33602320728824 1.30256021814421 1.41782610211521 1.22587805567309 1.63647293415852 1.71194788091816 1.3933520745486 1.89818002842367 1.69902015500702 0 1.11844920972362 1.33191294595599 1.76928768656217 0.97215803572908 1.83175770938396 1.12582913739607 1.80693470570259 1.28533500083722 0.966487196274102 1.42646609502845 1.41900373133831 1.01862585567869 1.19308570493013 1.04333608481102 1.77192467148416 0.961351055651903 0.990841274382547 1.34657732024789
1.14338816772215 1.41457516211085 1.2808621886652 0.952847382519394 1.36116543854587 1.83515592780896 1.18073149956763 1.84824508987367 1.05199083196931 0.986360730137676 1.35081004840322 1.11844920972362 0 1.64821367757395 1.71330798254348 1.08727814792655 1.81026414572261 1.13606169912964 1.01933109457605 1.89238423737697 1.31703289668076 1.23735143989325 1.81113890814595 1.88378645898774 1.32346396287903 1.33263298054226 1.60571605945006 1.50777677283622 1.92163716349751 1.62881936249323
1.48733371589333 1.61549496999942 1.86794839822687 0.968888487434015 1.15827380912378 1.55323185492307 1.58136965986341 0.97656014165841 1.36046562762931 1.4828094469849 1.59244692651555 1.33191294595599 1.64821367757395 0 1.23068723175675 1.46679772180505 1.24799653701484 1.64742110180669 1.5636897792574 1.05551499850117 1.60643032123335 1.17568983696401 1.14455326716416 1.80118166352622 1.35041310312226 1.17644562129863 1.55216277344152 1.47638176754117 1.56565839727409 1.11601713625714
1.20010925503448 1.31468742480502 1.6129100152757 1.11241794913076 0.979428210295737 1.10372636094689 1.2214401406236 1.28151834872551 1.3503304857295 1.82646977016702 1.02230468718335 1.76928768656217 1.71330798254348 1.23068723175675 0 1.63361395825632 1.90388367162086 1.02486567175947 1.69814414530993 1.89853116264567 1.10502510261722 1.05695023923181 1.27696891548112 1.58366284309886 1.00369057850912 1.12640648521483 1.31987557327375 1.09310171427205 1.64585065143183 1.28387177269906
1.70027287560515 1.52481491933577 1.38766680913977 1.3524143260438 1.26582028111443 1.4111144230701 1.09979788120836 1.55153454188257 0.948143388377503 1.81637622998096 1.89601845364086 0.97215803572908 1.08727814792655 1.46679772180505 1.63361395825632 0 1.38158526737243 1.50152715598233 1.61280190339312 1.80283886473626 1.16190203861333 1.06953867967241 1.78519848175347 1.58697781665251 1.92041860311292 1.32262990158051 1.04031215840951 1.24567124829628 1.3578134435229 0.966747250175104
1.25049731042236 1.39116314752027 1.17930448893458 0.928631306160241 1.64613597933203 1.18956620479003 1.64062451850623 1.29266961966641 1.2193914684467 0.948951142141595 1.32289199158549 1.83175770938396 1.81026414572261 1.24799653701484 1.90388367162086 1.38158526737243 0 0.949580443790182 1.3500439375639 1.13954815082252 1.32619502069429 1.37754537025467 1.14738051756285 1.832297204528 1.79746569413692 1.61539249052294 1.34279348189011 1.45920090237632 1.65596437267959 1.16389351012185
1.9256275780499 1.25913970218971 1.53302591014653 0.995166482403874 1.34651074116118 1.03284627106041 1.0533681709785 1.68118888302706 1.26754985167645 1.24697296321392 1.84400018304586 1.12582913739607 1.13606169912964 1.64742110180669 1.02486567175947 1.50152715598233 0.949580443790182 0 1.03006900288165 1.70820306567475 1.39776888117194 1.27675203979015 1.82132280082442 1.91251711989753 1.05082148266956 1.81453455612063 1.85745481215417 1.82598190684803 1.62510189646855 1.33793815528043
1.09525447897613 1.00608008634299 1.4197307061404 1.5156893779058 1.33027989952825 1.12773726484738 1.52707453723997 1.14223797852173 1.43272773595527 1.10309422994033 1.09870217903517 1.80693470570259 1.01933109457605 1.5636897792574 1.69814414530993 1.61280190339312 1.3500439375639 1.03006900288165 0 1.12454981054179 1.50225072121248 1.73953846865334 1.20023444737308 1.23606604104862 1.88367274752818 1.16968107107095 1.19703585235402 1.90567979309708 1.73081890819594 1.09865381405689
1.41024128091522 1.00666916905902 0.978773246752098 0.983113161288202 1.4278679783456 1.38808463816531 0.945973131339997 1.22505194251426 1.7037919384893 1.59963036817499 1.73231043363921 1.28533500083722 1.89238423737697 1.05551499850117 1.89853116264567 1.80283886473626 1.13954815082252 1.70820306567475 1.12454981054179 0 1.89256931329146 0.953351864824072 1.25050427950919 1.05785448709503 1.55431469646282 1.52933623106219 1.70102800265886 1.67714019492269 1.59620482521132 1.77447910211049
1.64546026894823 1.3961178555619 1.62670265440829 1.65399204869755 1.72963333292864 1.19838326866738 1.66593696852215 1.55809554038569 1.04888886050321 1.53762914915569 1.48346122680232 0.966487196274102 1.31703289668076 1.60643032123335 1.10502510261722 1.16190203861333 1.32619502069429 1.39776888117194 1.50225072121248 1.89256931329146 0 1.68239706195891 1.77567099267617 1.66026464640163 1.60088121914305 1.66043017921038 1.62614432931878 1.56343980506063 1.34794484614395 1.30295111704618
1.69195116171613 1.28322231513448 1.34756974922493 1.21556520345621 1.74582290952094 1.76775164715946 1.18648923374712 1.42144870921038 1.72905586101115 1.64149725693278 1.39207209320739 1.42646609502845 1.23735143989325 1.17568983696401 1.05695023923181 1.06953867967241 1.37754537025467 1.27675203979015 1.73953846865334 0.953351864824072 1.68239706195891 0 1.7796157929115 1.36839012219571 0.937252284958959 1.89524669502862 1.78606657846831 1.55831892462447 1.23302372870967 1.59636419988237
1.05797934811562 1.55565035901964 1.69357578200288 1.33961454872042 1.25059385038912 1.53952517965809 1.90472494601272 1.62207267293707 1.67423267406411 1.81953540234827 1.10936672589742 1.41900373133831 1.81113890814595 1.14455326716416 1.27696891548112 1.78519848175347 1.14738051756285 1.82132280082442 1.20023444737308 1.25050427950919 1.77567099267617 1.7796157929115 0 1.31234439508989 1.6721595635172 1.59334226604551 1.68539886502549 1.53114800737239 1.80514116887935 1.86882683006115
1.27522225794382 1.50549049349502 1.13398299203254 1.35551895620301 0.995600300841033 1.6981493299827 1.60338174551725 1.84930567350239 1.56961962487549 1.07821550639346 1.60231788665988 1.01862585567869 1.88378645898774 1.80118166352622 1.58366284309886 1.58697781665251 1.832297204528 1.91251711989753 1.23606604104862 1.05785448709503 1.66026464640163 1.36839012219571 1.31234439508989 0 1.09182379068807 1.42563028377481 1.81323924916796 1.4675163179636 1.88490722724237 1.39214505744167
1.79942126967944 1.68634598283097 1.1646450040862 1.25471253856085 0.960501434281468 1.47745174262673 1.8191739525646 1.02602017461322 1.1938590076752 1.23274581786245 1.03126889909618 1.19308570493013 1.32346396287903 1.35041310312226 1.00369057850912 1.92041860311292 1.79746569413692 1.05082148266956 1.88367274752818 1.55431469646282 1.60088121914305 0.937252284958959 1.6721595635172 1.09182379068807 0 1.66894729761407 1.7118020823691 1.7951900488697 1.76934473239817 1.11592998192646
1.40911497711204 1.27837063814513 1.36922415043227 1.70500406809151 1.21820609993301 1.47734373179264 1.71552099054679 1.90971911675297 1.24349707225338 1.61416691914201 1.02096299128607 1.04333608481102 1.33263298054226 1.17644562129863 1.12640648521483 1.32262990158051 1.61539249052294 1.81453455612063 1.16968107107095 1.52933623106219 1.66043017921038 1.89524669502862 1.59334226604551 1.42563028377481 1.66894729761407 0 1.04096476174891 1.79877418954857 1.13751977635548 1.86485682264902
1.30211908882484 1.89953014324419 1.34701711055823 1.06884134793654 0.956100500421599 1.5448139347136 0.972251418977976 1.52738775149919 1.15935094747692 1.42725030123256 1.91859137942083 1.77192467148416 1.60571605945006 1.55216277344152 1.31987557327375 1.04031215840951 1.34279348189011 1.85745481215417 1.19703585235402 1.70102800265886 1.62614432931878 1.78606657846831 1.68539886502549 1.81323924916796 1.7118020823691 1.04096476174891 0 1.22727119014598 1.76863176585175 1.03005718928762
1.20915136998519 1.24118192587048 1.10579673130997 1.11085735168308 1.40398053452373 1.10045327944681 1.19260010030121 1.60514404904097 1.8784591446165 1.6451272922568 1.66495227674022 0.961351055651903 1.50777677283622 1.47638176754117 1.09310171427205 1.24567124829628 1.45920090237632 1.82598190684803 1.90567979309708 1.67714019492269 1.56343980506063 1.55831892462447 1.53114800737239 1.4675163179636 1.7951900488697 1.79877418954857 1.22727119014598 0 1.09752700617537 1.64814458880574
1.10359499161132 1.55553453043103 1.77777488669381 1.46681272285059 1.91204450302757 1.92104715504684 1.24187665106729 1.77541830739938 1.72041796543635 0.942440160317346 1.68161124037579 0.990841274382547 1.92163716349751 1.56565839727409 1.64585065143183 1.3578134435229 1.65596437267959 1.62510189646855 1.73081890819594 1.59620482521132 1.34794484614395 1.23302372870967 1.80514116887935 1.88490722724237 1.76934473239817 1.13751977635548 1.76863176585175 1.09752700617537 0 1.50546579039656
0.954539311118424 0.934346649097279 0.963246047729626 1.70204148697667 1.43369603273459 1.43642083276063 1.76363341300748 1.5245580484625 1.83148294943385 1.58369855605997 1.29662430752069 1.34657732024789 1.62881936249323 1.11601713625714 1.28387177269906 0.966747250175104 1.16389351012185 1.33793815528043 1.09865381405689 1.77447910211049 1.30295111704618 1.59636419988237 1.86882683006115 1.39214505744167 1.11592998192646 1.86485682264902 1.03005718928762 1.64814458880574 1.50546579039656 0
