0 1.87564032967202 0.948321244912222 1.70807833550498 1.33269595401362 1.17396571254358 1.88659787783399 1.0925519107841 1.73021668265574 1.88277290435508 1.33261280297302 1.21695956075564 1.38211582880467 1.64510672632605 1.28704977780581 1.56662119273096 1.75024473969825 1.6684477198869 1.55466695339419 1.26661692373455 1.71725116902962 1.85395071748644 1.52600742178038 1.5578937982209 1.12154071917757 1.15221653785557 1.76958583691157 1.73213051678613 1.47901763650589 1.42217626748607
1.87564032967202 0 1.75100614060648 1.88383520930074 1.55218860995956 1.64434119244106 1.62114837160334 1.15688565257005 1.47009054082446 1.58488798048347 1.9346343355719 1.20053427154198 1.67169755813666 1.68495794711635 1.70201855059713 1.39760458376259 1.2399661752861 1.6016077992972 1.27229978749529 1.03643051884137 1.64952186308801 1.67939365026541 1.80698744347319 1.25337336072698 1.60329688759521 1.75947079178877 1.20982805755921 1.75711045623757 1.21473173308186 1.59175837691873
0.948321244912222 1.75100614060648 0 1.30644946801476 1.85426267236471 1.28722494537942 1.26645672973245 1.25707852793857 1.11717188614421 1.34270598762669 1.24550039856695 1.73256464488804 1.52243111655116 1.08601563959382 1.91109062614851 1.48604765255004 1.1033988695126 1.64376595499925 1.41843757475726 1.71503987279721 1.17917516198941 1.05953226005659 1.5809191504959 1.02573941159062 1.15586262359284 1.48872411157936 1.39979613455944 1.00422082166187 1.50330661935732 1.58821916626766
1.70807833550498 1.88383520930074 1.30644946801476 0 1.22197644086555 1.90854472178034 1.44974188297056 1.86972270230763 1.78051855391823 1.5310436419677 1.90046563721262 1.54979723063298 1.0630185957998 1.55387349775992 1.69169175508432 1.11763035599142 1.43291473085992 1.55211728159338 1.34209892735817 1.11596608604304 1.93928284454159 1.63401486375369 0.979787052841857 1.15472010779195 1.02841311204247 1.85531627736054 1.17748146038502 1.31659495667554 1.00776507589035 1.47638255101629
1.33269595401362 1.55218860995956 1.85426267236471 1.22197644086555 0 1.81894885445945 1.29375651455484 1.40360108250752 1.93950922624208 1.9291622415185 1.52613625628874 1.01177902403288 1.04809908731841 1.67028780002147 1.90495692146942 1.86972240568139 1.59988804091699 1.01108747231774 1.85797501401976 1.93014463735744 1.17673399695195 1.92288580047898 1.24956026836298 1.73892731452361 1.7736294020433 0.993284460855648 1.38348120567389 1.525230120169 1.04579378175549 1.20685242512263
1.17396571254358 1.64434119244106 1.28722494537942 1.90854472178034 1.81894885445945 0 1.11119359149598 1.80824240692891 1.08468046807684 1.09636666462757 1.02402850333601 1.18462805240415 1.09286872739904 1.58791617094539 1.37292526755482 1.73601731285453 1.12123120878823 1.92389445542358 1.06763654272072 1.47388724493794 1.61033621430397 1.06451610382646 0.983256735140458 1.37548920162953 1.40911956899799 1.61940016807057 1.82946009328589 1.01883824169636 1.36907067894936 1.59698941698298
1.88659787783399 1.62114837160334 1.26645672973245 1.44974188297056 1.29375651455484 1.11119359149598 0 1.69294803356752 1.51116738258861 1.22891678893939 1.03624337515794 1.52493751700968 0.944734915159643 1.09603488980792 1.73012985032983 1.00969278509729 1.89408084657043 1.36828683316708 1.65904123149812 0.952130069723353 1.49063840927556 1.45764118572697 1.63154965941794 0.957724079489708 1.08816039678641 1.16526804864407 1.27934953127988 1.4518038991373 1.18451936310157 1.00775032280944
1.0925519107841 1.15688565257005 1.25707852793857 1.86972270230763 1.40360108250752 1.80824240692891 1.69294803356752 0 1.63132245186716 1.57406403846107 1.93463003914803 1.01786835142411 1.6391429186333 1.59780491795391 1.34249325445853 1.80046166433021 1.12139515508898 1.20607923599891 1.70677013322711 1.45201478409581 1.6605913983658 1.21044905413873 1.92084938962944 1.29605095647275 1.86840634304099 1.48560468899086 1.35383965284564 1.50178073137067 1.64619542309083 1.87785503733903
1.73021668265574 1.47009054082446 1.11717188614421 1.78051855391823 1.93950922624208 1.08468046807684 1.51116738258861 1.63132245186716 0 1.00030122837052 1.6219532538671 1.8588963386137 1.26484995218925 1.88161916984245 0.977344203274697 1.86739252088591 1.4499045573175 1.24378849030472 1.12146101472899 1.7106211730279 1.38546319282614 1.6516944298055 1.61837084335275 1.49918061378412 1.57425300870091 1.19767777924426 1.80714340135455 1.54311711527407 1.78434534673579 1.72157605970278
1.88277290435508 1.58488798048347 1.34270598762669 1.5310436419677 1.9291622415185 1.09636666462757 1.22891678893939 1.57406403846107 1.00030122837052 0 1.3655751820188 1.23454327555373 1.71791597385891 1.71024274989031 1.22696842066944 1.38013648614287 1.9256529873237 1.16410585888661 1.14079291652888 1.55793298012577 1.49929792410694 1.32801851327531 1.93734506540932 1.07269259355962 1.75495731085539 1.36561919539236 1.55179471615702 1.45976259722374 1.66898659570143 1.6002423085738
1.33261280297302 1.9346343355719 1.24550039856695 1.90046563721262 1.52613625628874 1.02402850333601 1.03624337515794 1.93463003914803 1.6219532538671 1.3655751820188 0 1.62286635651253 1.41658601025119 1.35951156332158 1.29704651935026 1.90619856771082 1.32952435431071 1.84047593246214 1.09215394523926 1.48903172835708 1.64556617825292 1.38902383833192 1.94233060022816 0.987923196982592 1.17383209941909 0.969653993612155 1.31747681437992 1.59771370817907 1.34753572847694 1.4443849127274
1.21695956075564 1.20053427154198 1.73256464488804 1.54979723063298 1.01177902403288 1.18462805240415 1.52493751700968 1.01786835142411 1.8588963386137 1.23454327555373 1.62286635651253 0 1.01796086737886 1.53291524061933 1.87413194705732 1.62421779683791 1.82012676890008 1.14830693579279 1.33266181475483 1.19523926032707 1.16385445464402 1.45043843006715 1.02266557398252 1.41157385031693 1.87460649805143 1.2932795798406 1.62914258870296 1.07042361889035 0.965000849217176 1.36863497970626
1.38211582880467 1.67169755813666 1.52243111655116 1.0630185957998 1.04809908731841 1.09286872739904 0.944734915159643 1.6391429186333 1.26484995218925 1.71791597385891 1.41658601025119 1.01796086737886 0 1.80917730485089 1.35709228436463 1.7855961045716 1.36234428500757 1.31588665093295 0.970893515273929 1.71090522385202 1.63893742486835 1.62506009708159 1.78583286167122 1.2019845014438 1.07979757688008 1.88481942261569 1.34830400417559 1.78647272265516 1.50840295967646 1.57894659251906
1.64510672632605 1.68495794711635 1.08601563959382 1.55387349775992 1.67028780002147 1.58791617094539 1.09603488980792 1.59780491795391 1.88161916984245 1.71024274989031 1.35951156332158 1.53291524061933 1.80917730485089 0 0.977692685788497 1.80322579550557 1.39577669231221 1.53232610714622 1.59969905205071 1.23851903900504 1.60614435467869 1.89176564873196 1.82299326686189 1.62242727447301 1.45356933306903 1.61489447718486 1.82893080939539 1.83904809108935 1.01925380108878 1.31877126358449
1.28704977780581 1.70201855059713 1.91109062614851 1.69169175508432 1.90495692146942 1.37292526755482 1.73012985032983 1.34249325445853 0.977344203274697 1.22696842066944 1.29704651935026 1.87413194705732 1.35709228436463 0.977692685788497 0 1.61964704259299 1.70067105372436 0.995051084086299 1.35394347179681 1.34463610430248 1.93442716635764 1.64069676701911 1.91824580146931 1.68935806932859 1.15088864741847 1.36147748026997 0.997576344991103 1.26471488992684 1.10036339657381 1.83609843067825
1.56662119273096 1.39760458376259 1.48604765255004 1.11763035599142 1.86972240568139 1.73601731285453 1.00969278509729 1.80046166433021 1.86739252088591 1.38013648614287 1.90619856771082 1.62421779683791 1.7855961045716 1.80322579550557 1.61964704259299 0 1.6524256807752 1.67645235336386 1.40288275224157 1.33034293493256 1.62808578251861 1.65503248828463 0.99204433360137 1.64309483044781 1.26184180192649 1.24814186408184 1.78486270084977 1.01141391298734 1.69110182067379 1.66795338504016
1.75024473969825 1.2399661752861 1.1033988695126 1.43291473085992 1.59988804091699 1.12123120878823 1.89408084657043 1.12139515508898 1.4499045573175 1.9256529873237 1.32952435431071 1.82012676890008 1.36234428500757 1.39577669231221 1.70067105372436 1.6524256807752 0 1.69158314424567 1.32198528223671 1.43125212355517 1.68038252927363 1.65078952908516 1.69663414126262 1.16798634338193 1.41509776446037 1.21520808525383 1.47540641343221 1.19133704970591 1.77026991709135 1.4226316944696
1.6684477198869 1.6016077992972 1.64376595499925 1.55211728159338 1.01108747231774 1.92389445542358 1.36828683316708 1.20607923599891 1.24378849030472 1.16410585888661 1.84047593246214 1.14830693579279 1.31588665093295 1.53232610714622 0.995051084086299 1.67645235336386 1.69158314424567 0 1.8264031293802 1.52768322196789 1.04577089915983 1.64860599301755 1.11995375296101 1.92384062730707 1.90607823710889 1.26934191538021 1.54329475690611 1.68491178378463 1.85719729494303 1.27887361240573
1.55466695339419 1.27229978749529 1.41843757475726 1.34209892735817 1.85797501401976 1.06763654272072 1.65904123149812 1.70677013322711 1.12146101472899 1.14079291652888 1.09215394523926 1.33266181475483 0.970893515273929 1.59969905205071 1.35394347179681 1.40288275224157 1.32198528223671 1.8264031293802 0 1.76205654582009 1.85888176551089 1.12178678438067 1.59143626946025 1.2476648837328 1.30579299805686 1.53234972665086 1.50496340054087 1.49666493432596 1.65311431977898 1.02349356259219
1.26661692373455 1.03643051884137 1.71503987279721 1.11596608604304 1.93014463735744 1.47388724493794 0.952130069723353 1.45201478409581 1.7106211730279 1.55793298012577 1.48903172835708 1.19523926032707 1.71090522385202 1.23851903900504 1.34463610430248 1.33034293493256 1.43125212355517 1.52768322196789 1.76205654582009 0 1.25784002128057 1.25756103149615 1.34824589500204 1.90985414921306 1.14998327288777 1.81810777564533 1.90578963560984 1.39475704054348 1.34208889026195 1.90625291666947
1.71725116902962 1.64952186308801 1.17917516198941 1.93928284454159 1.17673399695195 1.61033621430397 1.49063840927556 1.6605913983658 1.38546319282614 1.49929792410694 1.64556617825292 1.16385445464402 1.63893742486835 1.60614435467869 1.93442716635764 1.62808578251861 1.68038252927363 1.04577089915983 1.85888176551089 1.25784002128057 0 1.33088718284853 1.32092918502167 1.52958312490955 1.81910601002164 1.45658751274459 1.47097237734124 1.88945118500851 1.09700190392323 1.78154857060872
1.85395071748644 1.67939365026541 1.05953226005659 1.63401486375369 1.92288580047898 1.06451610382646 1.45764118572697 1.21044905413873 1.6516944298055 1.32801851327531 1.38902383833192 1.45043843006715 1.62506009708159 1.89176564873196 1.64069676701911 1.65503248828463 1.65078952908516 1.64860599301755 1.12178678438067 1.25756103149615 1.33088718284853 0 1.65808946010657 1.24021395621821 1.75624222354963 1.24643487413414 1.17239817953669 1.86544329230674 0.957604128867388 1.45603804080747
1.52600742178038 1.80698744347319 1.5809191504959 0.979787052841857 1.24956026836298 0.983256735140458 1.63154965941794 1.92084938962944 1.61837084335275 1.93734506540932 1.94233060022816 1.02266557398252 1.78583286167122 1.82299326686189 1.91824580146931 0.99204433360137 1.69663414126262 1.11995375296101 1.59143626946025 1.34824589500204 1.32092918502167 1.65808946010657 0 1.86229357076809 1.12326211319305 1.74355376069434 1.23892887798138 1.31244755280204 1.79862249456346 1.5821401567664
1.5578937982209 1.25337336072698 1.02573941159062 1.15472010779195 1.73892731452361 1.37548920162953 0.957724079489708 1.29605095647275 1.49918061378412 1.07269259355962 0.987923196982592 1.41157385031693 1.2019845014438 1.62242727447301 1.68935806932859 1.64309483044781 1.16798634338193 1.92384062730707 1.2476648837328 1.90985414921306 1.52958312490955 1.24021395621821 1.86229357076809 0 1.78746757120825 1.73119800863788 1.0254921130836 1.02735542878509 1.26402749330737 1.55866988771595
1.12154071917757 1.60329688759521 1.15586262359284 1.02841311204247 1.7736294020433 1.40911956899799 1.08816039678641 1.86840634304099 1.57425300870091 1.75495731085539 1.17383209941909 1.87460649805143 1.07979757688008 1.45356933306903 1.15088864741847 1.26184180192649 1.41509776446037 1.90607823710889 1.30579299805686 1.14998327288777 1.81910601002164 1.75624222354963 1.12326211319305 1.78746757120825 0 1.27832530695014 1.92567519564182 1.82478001178242 0.963031359482557 1.21770927286707
1.15221653785557 1.75947079178877 1.48872411157936 1.85531627736054 0.993284460855648 1.61940016807057 1.16526804864407 1.48560468899086 1.19767777924426 1.36561919539236 0.969653993612155 1.2932795798406 1.88481942261569 1.61489447718486 1.36147748026997 1.24814186408184 1.21520808525383 1.26934191538021 1.53234972665086 1.81810777564533 1.45658751274459 1.24643487413414 1.74355376069434 1.73119800863788 1.27832530695014 0 1.77903669886291 1.26150955050252 1.81112628942356 0.977959050331265
1.76958583691157 1.20982805755921 1.39979613455944 1.17748146038502 1.38348120567389 1.82946009328589 1.27934953127988 1.35383965284564 1.80714340135455 1.55179471615702 1.31747681437992 1.62914258870296 1.34830400417559 1.82893080939539 0.997576344991103 1.78486270084977 1.47540641343221 1.54329475690611 1.50496340054087 1.90578963560984 1.47097237734124 1.17239817953669 1.23892887798138 1.0254921130836 1.92567519564182 1.77903669886291 0 1.32181979622692 1.47674019192345 1.872396804858
1.73213051678613 1.75711045623757 1.00422082166187 1.31659495667554 1.525230120169 1.01883824169636 1.4518038991373 1.50178073137067 1.54311711527407 1.45976259722374 1.59771370817907 1.07042361889035 1.78647272265516 1.83904809108935 1.26471488992684 1.01141391298734 1.19133704970591 1.68491178378463 1.49666493432596 1.39475704054348 1.88945118500851 1.86544329230674 1.31244755280204 1.02735542878509 1.82478001178242 1.26150955050252 1.32181979622692 0 1.64062820211984 1.93731765844859
1.47901763650589 1.21473173308186 1.50330661935732 1.00776507589035 1.04579378175549 1.36907067894936 1.18451936310157 1.64619542309083 1.78434534673579 1.66898659570143 1.34753572847694 0.965000849217176 1.50840295967646 1.01925380108878 1.10036339657381 1.69110182067379 1.77026991709135 1.85719729494303 1.65311431977898 1.34208889026195 1.09700190392323 0.957604128867388 1.79862249456346 1.26402749330737 0.963031359482557 1.81112628942356 1.47674019192345 1.64062820211984 0 1.20067065139301
1.42217626748607 1.59175837691873 1.58821916626766 1.47638255101629 1.20685242512263 1.59698941698298 1.00775032280944 1.87785503733903 1.72157605970278 1.6002423085738 1.4443849127274 1.36863497970626 1.57894659251906 1.31877126358449 1.83609843067825 1.66795338504016 1.4226316944696 1.27887361240573 1.02349356259219 1.90625291666947 1.78154857060872 1.45603804080747 1.5821401567664 1.55866988771595 1.21770927286707 0.977959050331265 1.872396804858 1.93731765844859 1.20067065139301 0
