0 1.39007534086704 1.70096429344267 1.44890444143675 1.69067777064629 1.4644697252661 1.11260052397847 0.943668551975861 1.3980844898615 1.24206891283393 1.5015472213272 1.23780018417165 1.79643874755129 0.948420811444521 1.75593048380688 1.75906247110106 1.82117518014275 1.63909693178721 0.959253242239356 0.922431930433959 1.50890266010538 1.24524591537192 1.53495618957095 0.910355502972379 1.52631291304715 1.03541202144697 1.55700193135999 1.23855180013925 1.89294415945187 1.53772831964307
1.39007534086704 0 0.912930197548121 1.16128720878623 1.48654234944843 1.51442631916143 1.16395490826108 1.36526672448963 1.76471537281759 1.37621033657342 1.1904078356456 1.57840761425905 1.47234840737656 1.62963994592428 1.57618479360826 1.02080240380019 0.923021333990619 1.18754240288399 1.40068396669813 1.86505810427479 1.62088888813742 1.71080212364905 1.75727246003225 1.78154742857441 1.61301461816765 1.81587277911603 0.894849423319101 1.85067207063548 1.19905423559248 1.71691852551885
1.70096429344267 0.912930197548121 0 1.5376408516895 1.04899589647539 1.06118546216749 1.18936706706882 1.12136881006882 1.33133723959327 1.2169399948325 1.77812431706116 1.40964146982878 1.49488669238053 0.93339094077237 0.990087315207347 1.46976870251819 1.78174911835231 1.75708445347846 0.929184727370739 1.6713566116523 1.27217143005691 1.52212855103426 1.77450480335392 1.78014757437631 1.53481131419539 0.959934859303758 1.23693886655383 1.68839584896341 1.57286433852278 1.71445277938619
1.44890444143675 1.16128720878623 1.5376408516895 0 0.981250133831054 1.38766892603599 1.23888678778894 1.4789686112199 1.47616598871537 1.07741174963303 1.59696156857535 1.83285284577869 1.59066841704771 0.977357859257609 1.23816618858837 1.37816527858377 1.20645564980805 1.13776793330908 1.49574249028228 1.12730991351418 1.68074092501774 1.61648549092934 1.28723098267801 1.8901575927157 1.19376371474937 1.7345799584873 1.11248285439797 1.10021889675409 1.34299313765951 1.83213221398182
1.69067777064629 1.48654234944843 1.04899589647539 0.981250133831054 0 1.68482938827947 0.971586250932887 1.84990298817866 1.21386309713125 1.77213629428297 1.01721299928613 1.26266943453811 1.72048438549973 0.99217089638114 1.8084584036842 1.34750103089027 1.15551318414509 1.21486711315811 1.64577600988559 1.25448165461421 1.03081859112717 1.64367115194909 1.76275625242852 0.919926856411621 1.85625487356447 1.27234852453694 1.81396586052142 1.13774586422369 1.08891428285278 0.937565724831074
1.4644697252661 1.51442631916143 1.06118546216749 1.38766892603599 1.68482938827947 0 1.69928385107778 1.86488240095787 1.65798206906766 1.82988328672945 1.85653432179242 1.14551141648553 0.977207622723654 1.78475784463808 0.991309331497177 1.8512139946688 1.70326507557184 1.03400290780701 0.988530039554462 1.83613581536338 1.49094848521054 1.11476539843716 1.72963545680977 1.31982713262551 1.59610054618679 1.02569250785746 1.75209102570079 1.77292167651467 1.67300320928916 1.56168478913605
1.11260052397847 1.16395490826108 1.18936706706882 1.23888678778894 0.971586250932887 1.69928385107778 0 1.63708057696931 1.09563201130368 1.31097151874565 1.64604531018995 1.60136634833179 1.28015917097218 1.10419278312474 1.48385079647414 1.23730598436669 1.77265105978586 1.41912826057523 1.02036115154624 1.45019608014263 1.30519376788288 1.36156121385284 1.22879448323511 1.7942372248508 1.19815550628118 1.03543390566483 0.972109136171639 1.37066814326681 1.1756213309709 0.986434489721432
0.943668551975861 1.36526672448963 1.12136881006882 1.4789686112199 1.84990298817866 1.86488240095787 1.63708057696931 0 1.7806127385702 1.41428982606158 1.3293685298413 1.16786297457293 0.944360909517854 0.977988330181688 1.61879768571816 1.44065694906749 1.66926505533047 0.91662332881242 1.04288814612664 0.984268365893513 1.53617279441096 1.22840921161696 1.23355822148733 1.18404254619963 0.900688767898828 1.06017081951723 1.67695072316565 1.525725412881 1.08884931961074 1.4356185446959
1.3980844898615 1.76471537281759 1.33133723959327 1.47616598871537 1.21386309713125 1.65798206906766 1.09563201130368 1.7806127385702 0 1.12877834890969 1.26622626697645 1.46219277894124 1.84438318153843 1.26307851774618 1.69623312028125 1.06822973769158 1.62646506051533 1.66671012132429 0.992634075926617 1.81879048515111 1.24173966422677 1.10267290123738 1.42316965386271 1.02119101001881 1.48983905860223 1.48642449500039 1.59456579457037 1.42449826491065 1.55410314816982 1.48925719759427
1.24206891283393 1.37621033657342 1.2169399948325 1.07741174963303 1.77213629428297 1.82988328672945 1.31097151874565 1.41428982606158 1.12877834890969 0 1.01589090842754 1.38498277124017 1.58252399228513 1.59026993648149 1.11070417100564 1.56786730466411 1.33114611031488 1.45927761518396 1.55189598165452 1.46404834929854 1.42862858483568 1.29232930811122 1.49379721516743 1.87831741641276 1.05689187766984 1.48638633615337 1.22177354060113 1.5239623519592 1.60611646273173 1.80623172339983
1.5015472213272 1.1904078356456 1.77812431706116 1.59696156857535 1.01721299928613 1.85653432179242 1.64604531018995 1.3293685298413 1.26622626697645 1.01589090842754 0 1.28119270224124 1.59168393933214 0.987822922645137 1.76982876239344 1.62050892901607 1.7961131746415 1.46803978108801 1.84486750885844 1.38377596181817 1.40745650720783 1.62760924175382 1.61584395635873 1.47246833401732 1.77919105230831 1.39165101922117 1.22078047483228 1.28022699430585 1.26971147605218 1.39776820340194
1.23780018417165 1.57840761425905 1.40964146982878 1.83285284577869 1.26266943453811 1.14551141648553 1.60136634833179 1.16786297457293 1.46219277894124 1.38498277124017 1.28119270224124 0 1.37336077261716 1.16900388360955 1.68508674576879 1.80436480487697 1.41535771382041 1.08337871567346 0.946494169533253 1.3802988466341 1.84873655159026 1.36682128417306 1.77590738073923 1.72254368197173 0.964174956548959 1.75621831719764 1.0965664901305 1.02351363096386 1.72406388446689 1.56915449025109
1.79643874755129 1.47234840737656 1.49488669238053 1.59066841704771 1.72048438549973 0.977207622723654 1.28015917097218 0.944360909517854 1.84438318153843 1.58252399228513 1.59168393933214 1.37336077261716 0 1.79109428729862 1.15112922806293 1.88883108110167 1.06446435628459 1.34188361372799 1.44695530738682 1.78514963784255 1.83628543536179 1.8662112923339 1.32664253073744 1.33737319009379 0.959363196510822 1.38844922394492 1.52469145739451 1.56562557653524 1.55096865142696 1.60296952282079
0.948420811444521 1.62963994592428 0.93339094077237 0.977357859257609 0.99217089638114 1.78475784463808 1.10419278312474 0.977988330181688 1.26307851774618 1.59026993648149 0.987822922645137 1.16900388360955 1.79109428729862 0 1.49418926006183 1.5889559246134 1.77827935363166 1.13973846053705 1.72018548077904 1.87085274187848 1.08778845285997 1.77351813716814 0.968888954492286 1.2982950238511 1.51623476948589 1.08239756338298 1.01774131297134 1.66381945786998 1.61893548257649 1.31158494809642
1.75593048380688 1.57618479360826 0.990087315207347 1.23816618858837 1.8084584036842 0.991309331497177 1.48385079647414 1.61879768571816 1.69623312028125 1.11070417100564 1.76982876239344 1.68508674576879 1.15112922806293 1.49418926006183 0 0.950275473762304 1.53470220323652 1.15919464617036 1.5145463894587 1.16725207073614 1.59603286604397 1.55424044118263 0.944148525595665 1.40745613095351 1.60265044798143 1.47756409388967 0.956990126287565 1.50700843846425 1.47702254983597 1.81653172103688
1.75906247110106 1.02080240380019 1.46976870251819 1.37816527858377 1.34750103089027 1.8512139946688 1.23730598436669 1.44065694906749 1.06822973769158 1.56786730466411 1.62050892901607 1.80436480487697 1.88883108110167 1.5889559246134 0.950275473762304 0 1.25710318447091 1.74242146476172 1.28798729670234 1.07296900614165 1.10796171519905 1.46793317771517 1.46145744482055 0.97840341203846 1.25978226470761 1.51288306200877 0.982972799567506 1.09872814454138 1.3717434189748 1.34500728920102
1.82117518014275 0.923021333990619 1.78174911835231 1.20645564980805 1.15551318414509 1.70326507557184 1.77265105978586 1.66926505533047 1.62646506051533 1.33114611031488 1.7961131746415 1.41535771382041 1.06446435628459 1.77827935363166 1.53470220323652 1.25710318447091 0 1.15406775171869 1.36967239622027 1.46348234009929 1.82161847245879 0.903621478471905 1.56209390470758 1.77728820103221 1.18683356838301 1.50587741448544 1.234682115959 1.0374452273827 1.56941798119806 0.900495659792796
1.63909693178721 1.18754240288399 1.75708445347846 1.13776793330908 1.21486711315811 1.03400290780701 1.41912826057523 0.91662332881242 1.66671012132429 1.45927761518396 1.46803978108801 1.08337871567346 1.34188361372799 1.13973846053705 1.15919464617036 1.74242146476172 1.15406775171869 0 1.69430201570503 1.81899169785902 1.85836632736027 1.77657678397372 1.28580059763044 1.76788412290625 1.25829199305736 1.10129184019752 1.46349578211084 1.07282956526615 1.49113872065209 1.53778266697191
0.959253242239356 1.40068396669813 0.929184727370739 1.49574249028228 1.64577600988559 0.988530039554462 1.02036115154624 1.04288814612664 0.992634075926617 1.55189598165452 1.84486750885844 0.946494169533253 1.44695530738682 1.72018548077904 1.5145463894587 1.28798729670234 1.36967239622027 1.69430201570503 0 1.202434114879 1.00948226288892 1.20061461348087 1.11545472824946 1.6448681242764 1.056471867254 1.32916436274536 0.910800789948553 1.60230031935498 1.35046394262463 1.55919251241721
0.922431930433959 1.86505810427479 1.6713566116523 1.12730991351418 1.25448165461421 1.83613581536338 1.45019608014263 0.984268365893513 1.81879048515111 1.46404834929854 1.38377596181817 1.3802988466341 1.78514963784255 1.87085274187848 1.16725207073614 1.07296900614165 1.46348234009929 1.81899169785902 1.202434114879 0 1.43683761334978 1.31890020077117 1.7796278167516 1.2205422418192 1.83838980295695 1.04102498828433 1.35463887965307 1.66705833328888 1.23538143979385 1.31020374735817
1.50890266010538 1.62088888813742 1.27217143005691 1.68074092501774 1.03081859112717 1.49094848521054 1.30519376788288 1.53617279441096 1.24173966422677 1.42862858483568 1.40745650720783 1.84873655159026 1.83628543536179 1.08778845285997 1.59603286604397 1.10796171519905 1.82161847245879 1.85836632736027 1.00948226288892 1.43683761334978 0 1.00633511296473 1.29329674923792 1.43533439305611 1.52598497481085 1.09679579734802 1.26991167943925 1.54874284984544 1.045105492929 1.06600721739233
1.24524591537192 1.71080212364905 1.52212855103426 1.61648549092934 1.64367115194909 1.11476539843716 1.36156121385284 1.22840921161696 1.10267290123738 1.29232930811122 1.62760924175382 1.36682128417306 1.8662112923339 1.77351813716814 1.55424044118263 1.46793317771517 0.903621478471905 1.77657678397372 1.20061461348087 1.31890020077117 1.00633511296473 0 1.07216025236994 1.26451240945607 1.47249919432215 1.02654452365823 1.84866890916601 1.78109358600341 1.13099306053482 1.68076213472523
1.53495618957095 1.75727246003225 1.77450480335392 1.28723098267801 1.76275625242852 1.72963545680977 1.22879448323511 1.23355822148733 1.42316965386271 1.49379721516743 1.61584395635873 1.77590738073923 1.32664253073744 0.968888954492286 0.944148525595665 1.46145744482055 1.56209390470758 1.28580059763044 1.11545472824946 1.7796278167516 1.29329674923792 1.07216025236994 0 1.46797290304676 1.79661911027506 1.0767788446974 1.44082490797155 1.724716974888 1.02108605601825 1.12089969730005
0.910355502972379 1.78154742857441 1.78014757437631 1.8901575927157 0.919926856411621 1.31982713262551 1.7942372248508 1.18404254619963 1.02119101001881 1.87831741641276 1.47246833401732 1.72254368197173 1.33737319009379 1.2982950238511 1.40745613095351 0.97840341203846 1.77728820103221 1.76788412290625 1.6448681242764 1.2205422418192 1.43533439305611 1.26451240945607 1.46797290304676 0 1.63549722731113 1.50998558430001 1.75631777499802 1.64988505234942 1.4501590190921 1.21519119618461
1.52631291304715 1.61301461816765 1.53481131419539 1.19376371474937 1.85625487356447 1.59610054618679 1.19815550628118 0.900688767898828 1.48983905860223 1.05689187766984 1.77919105230831 0.964174956548959 0.959363196510822 1.51623476948589 1.60265044798143 1.25978226470761 1.18683356838301 1.25829199305736 1.056471867254 1.83838980295695 1.52598497481085 1.47249919432215 1.79661911027506 1.63549722731113 0 1.76417005993426 1.52907830337062 1.20369504787959 1.15237511089072 1.20843780739233
1.03541202144697 1.81587277911603 0.959934859303758 1.7345799584873 1.27234852453694 1.02569250785746 1.03543390566483 1.06017081951723 1.48642449500039 1.48638633615337 1.39165101922117 1.75621831719764 1.38844922394492 1.08239756338298 1.47756409388967 1.51288306200877 1.50587741448544 1.10129184019752 1.32916436274536 1.04102498828433 1.09679579734802 1.02654452365823 1.0767788446974 1.50998558430001 1.76417005993426 0 1.85680812201463 1.18470938969404 1.16478313226253 1.60201446455903
1.55700193135999 0.894849423319101 1.23693886655383 1.11248285439797 1.81396586052142 1.75209102570079 0.972109136171639 1.67695072316565 1.59456579457037 1.22177354060113 1.22078047483228 1.0965664901305 1.52469145739451 1.01774131297134 0.956990126287565 0.982972799567506 1.234682115959 1.46349578211084 0.910800789948553 1.35463887965307 1.26991167943925 1.84866890916601 1.44082490797155 1.75631777499802 1.52907830337062 1.85680812201463 0 1.19563677185215 1.42103324458003 1.25184603198431
1.23855180013925 1.85067207063548 1.68839584896341 1.10021889675409 1.13774586422369 1.77292167651467 1.37066814326681 1.525725412881 1.42449826491065 1.5239623519592 1.28022699430585 1.02351363096386 1.56562557653524 1.66381945786998 1.50700843846425 1.09872814454138 1.0374452273827 1.07282956526615 1.60230031935498 1.66705833328888 1.54874284984544 1.78109358600341 1.724716974888 1.64988505234942 1.20369504787959 1.18470938969404 1.19563677185215 0 1.53553305286914 1.09925306285731
1.89294415945187 1.19905423559248 1.57286433852278 1.34299313765951 1.08891428285278 1.67300320928916 1.1756213309709 1.08884931961074 1.55410314816982 1.60611646273173 1.26971147605218 1.72406388446689 1.55096865142696 1.61893548257649 1.47702254983597 1.3717434189748 1.56941798119806 1.49113872065209 1.35046394262463 1.23538143979385 1.045105492929 1.13099306053482 1.02108605601825 1.4501590190921 1.15237511089072 1.16478313226253 1.42103324458003 1.53553305286914 0 1.56977627007291
1.53772831964307 1.71691852551885 1.71445277938619 1.83213221398182 0.937565724831074 1.56168478913605 0.986434489721432 1.4356185446959 1.48925719759427 1.80623172339983 1.39776820340194 1.56915449025109 1.60296952282079 1.31158494809642 1.81653172103688 1.34500728920102 0.900495659792796 1.53778266697191 1.55919251241721 1.31020374735817 1.06600721739233 1.68076213472523 1.12089969730005 1.21519119618461 1.20843780739233 1.60201446455903 1.25184603198431 1.09925306285731 1.56977627007291 0
