0 0.963539697928354 1.51272496837191 1.76843934436329 1.6646453179419 1.32258496480063 1.45517572131939 1.62805534433573 1.23862648312934 0.983276282669976 1.78697930555791 1.80388281005435 1.01985162729397 1.0316956161987 0.970991084817797 1.49864938203245 1.91884188004769 1.26555398711935 0.954288825625554 1.45143218408339 1.45326509233564 1.73371341312304 1.5872712826822 1.81986106722616 0.932996352901682 0.972566947806627 1.44845226826146 1.61840943433344 1.31216431153007 1.89867195254192
0.963539697928354 0 1.22974505252205 1.39818345592357 1.03710752911866 1.85790135944262 1.35415256628767 1.81600831728429 1.13658790546469 0.947262490633875 1.25407852069475 1.44142495584674 1.61385686532594 0.974984127795324 1.24052387685515 1.74737171339802 1.45660976716317 0.971082472475246 1.49851431767456 1.54759284295142 1.71758385747671 0.994589392095804 1.70239501679316 1.28018649620935 1.2870939692948 1.79474937287159 1.454107896192 1.20538436551578 1.50715006142855 1.54416786460206
1.51272496837191 1.22974505252205 0 0.924090145854279 1.35061859455891 1.15646797046065 1.04361381800845 1.07548701716587 1.35427109175362 1.34523448790424 1.61648281593807 1.55768607370555 1.61284740129486 0.950240663485602 1.37359096878208 1.1493483481463 1.83655543881468 0.930848004762083 1.1632502048742 1.13496210100129 1.26149261696264 1.15223356639035 1.34921582648531 1.53403505543247 1.33335701562464 1.4014783881139 1.54406630224548 1.74147874978371 1.31785409431905 1.34947114787064
1.76843934436329 1.39818345592357 0.924090145854279 0 1.00938985566609 1.76639235019684 0.935374084161595 1.16106972587295 1.9104409890715 1.68862242344767 0.970903045730665 1.48440582747571 1.19609696557745 1.08008887246251 1.80166091304272 1.82262135040946 1.88649046653882 1.30138743249699 1.88983434368856 1.01887428038754 1.0695391104091 1.90550454333425 1.11087429104373 1.62460548221134 1.34661110141315 1.24569201562554 1.10793373011984 1.07696438347921 1.22289962368086 1.20666305045597
1.6646453179419 1.03710752911866 1.35061859455891 1.00938985566609 0 1.6429155189544 1.43011786555871 1.39818626269698 1.01191506371833 1.8625709132757 1.82843439467251 1.32518609892577 1.21139344549738 1.16469726641662 0.97305638785474 1.4193832713645 1.03240196313709 0.980750039219856 1.39373223530129 1.06974066002294 1.67112397635356 1.29686901764944 1.21633809641935 1.5573406489566 1.66917377337813 1.67502813553438 1.62226753798313 1.67987937270664 1.49456181796268 1.17024368233979
1.32258496480063 1.85790135944262 1.15646797046065 1.76639235019684 1.6429155189544 0 1.24980385601521 1.01692677987739 1.46146587166004 1.13434984744526 1.5796568300575 1.57832526578568 1.62618927541189 1.59624091908336 1.16342661343515 1.12524342676625 1.73631364526227 1.60772741632536 1.87673280085437 1.00660408521071 1.71860493579879 1.29096311703324 1.5097922058776 1.56693559861742 1.55159353883937 1.1711359154433 1.01641189702787 1.90039534494281 1.44069265853614 1.91153916763142
1.45517572131939 1.35415256628767 1.04361381800845 0.935374084161595 1.43011786555871 1.24980385601521 0 1.56012611859478 1.51109945308417 1.91116380202584 1.25960023747757 1.44463789020665 1.19820009963587 1.69444211293012 1.6887207494583 1.21278269519098 1.90217328630388 0.995378480292857 1.18095200159587 1.7476647971198 1.46829875581898 0.970714295748621 1.71672001923434 1.32763749989681 0.94267363101244 1.8504764365498 1.45914904889651 1.72518192604184 1.87596287508495 1.75681209866889
1.62805534433573 1.81600831728429 1.07548701716587 1.16106972587295 1.39818626269698 1.01692677987739 1.56012611859478 0 1.27152669546194 1.19736618641764 1.54298253869638 1.1047900612466 0.933223751140758 1.02128244610503 1.58008226705715 1.0997370055411 1.42236431851052 1.9135881299153 1.40247193048708 1.74207244347781 0.980520291719586 1.45585062308237 1.50347707094625 1.28000595932826 1.5888713945169 1.34986367612146 1.04515619017184 1.31730317277834 1.12336477078497 0.982304160948843
1.23862648312934 1.13658790546469 1.35427109175362 1.9104409890715 1.01191506371833 1.46146587166004 1.51109945308417 1.27152669546194 0 1.49845688743517 1.54183717141859 1.49331832141615 1.27095613349229 1.5671211804729 1.50874637975357 1.26031120750122 1.25874159671366 1.41114053083584 1.08143128990196 1.27543795853853 0.989113257266581 1.26113775395788 1.80180744198151 1.31664200732484 1.0121390237473 1.26708873664029 1.06070029851981 1.71486654691398 1.12727092974819 1.78915548278019
0.983276282669976 0.947262490633875 1.34523448790424 1.68862242344767 1.8625709132757 1.13434984744526 1.91116380202584 1.19736618641764 1.49845688743517 0 1.9195143817924 1.05199105897918 1.76048338133842 1.06615327694453 1.64417648967355 0.975122088799253 1.01342902565375 1.06412197719328 1.6660609843675 1.12394176726229 1.20318120764568 1.90364431124181 1.91469668853097 1.45686112879775 1.22336573665962 1.31092671607621 1.26982720941305 1.76515607512556 1.72988216183148 1.43009836319834
1.78697930555791 1.25407852069475 1.61648281593807 0.970903045730665 1.82843439467251 1.5796568300575 1.25960023747757 1.54298253869638 1.54183717141859 1.9195143817924 0 1.05905666388571 1.49627175484784 1.62626114115119 0.976171024609357 1.81040015630424 1.3858477785252 1.06120233261026 1.58867183839902 1.42762219370343 0.933239007834345 1.26055455813184 1.8450877526775 1.3817749270238 1.67375667695887 1.21334972628392 1.45159070426598 0.929709577234462 1.57632581400685 1.4748667657841
1.80388281005435 1.44142495584674 1.55768607370555 1.48440582747571 1.32518609892577 1.57832526578568 1.44463789020665 1.1047900612466 1.49331832141615 1.05199105897918 1.05905666388571 0 1.23395034600981 0.971109906909987 1.19996790634468 1.35491793556139 1.11022970802151 1.64473789045587 1.14660743484274 0.969757959246635 1.45197627251036 1.52125606848858 0.949718942167237 1.39603172056377 1.70172069384716 1.03887071227655 1.32120369072072 1.87702302215621 1.77881421940401 1.45386100071482
1.01985162729397 1.61385686532594 1.61284740129486 1.19609696557745 1.21139344549738 1.62618927541189 1.19820009963587 0.933223751140758 1.27095613349229 1.76048338133842 1.49627175484784 1.23395034600981 0 1.49846147815697 0.936688420595601 1.01966800936498 1.0878581260331 1.84143008198589 1.71703814878128 1.52323674084619 1.2199342881795 0.951003249268979 1.12650685291737 1.45191458100453 1.80079593742266 1.75404388131574 1.54075597575866 1.00972777837887 1.34192734770477 1.53467862308025
1.0316956161987 0.974984127795324 0.950240663485602 1.08008887246251 1.16469726641662 1.59624091908336 1.69444211293012 1.02128244610503 1.5671211804729 1.06615327694453 1.62626114115119 0.971109906909987 1.49846147815697 0 1.16705596470274 1.02387923444621 1.20421582181007 1.48201137525029 1.5817883585114 1.55508383712731 1.6861309488304 1.72151919011958 1.48953848402016 1.39837020565756 1.27376914629713 1.13807780412026 1.56099957739934 1.52615977381356 1.12614751770161 1.4287836838048
0.970991084817797 1.24052387685515 1.37359096878208 1.80166091304272 0.97305638785474 1.16342661343515 1.6887207494583 1.58008226705715 1.50874637975357 1.64417648967355 0.976171024609357 1.19996790634468 0.936688420595601 1.16705596470274 0 1.86311789578758 1.32787303440273 1.41241823369637 0.966957341879606 1.70159030449577 1.66481600608677 1.20481624803506 1.5094930997584 1.38494177861139 1.1698212469928 1.27000175090507 1.37221015035175 1.50909494538791 1.57031203550287 1.80267347744666
1.49864938203245 1.74737171339802 1.1493483481463 1.82262135040946 1.4193832713645 1.12524342676625 1.21278269519098 1.0997370055411 1.26031120750122 0.975122088799253 1.81040015630424 1.35491793556139 1.01966800936498 1.02387923444621 1.86311789578758 0 1.24229626823217 1.68993774009869 1.81704108533449 1.11141049303114 1.79065971798263 1.35970992874354 0.979682817356661 1.63868117984384 1.23080205451697 1.87708117277361 1.01549876248464 1.77313638664782 1.73631239612587 1.61035643913783
1.91884188004769 1.45660976716317 1.83655543881468 1.88649046653882 1.03240196313709 1.73631364526227 1.90217328630388 1.42236431851052 1.25874159671366 1.01342902565375 1.3858477785252 1.11022970802151 1.0878581260331 1.20421582181007 1.32787303440273 1.24229626823217 0 0.930903226835653 1.55910547426902 1.39337315224111 1.46314331959002 1.89570362726226 1.58254822460003 1.73864742880687 1.58783136541024 1.85008513811044 1.07908907486126 1.55782072572038 1.7360508821439 1.84972349787131
1.26555398711935 0.971082472475246 0.930848004762083 1.30138743249699 0.980750039219856 1.60772741632536 0.995378480292857 1.9135881299153 1.41114053083584 1.06412197719328 1.06120233261026 1.64473789045587 1.84143008198589 1.48201137525029 1.41241823369637 1.68993774009869 0.930903226835653 0 1.85095031955279 0.962779883295298 1.27988685551099 1.07460287655704 1.53907015663572 1.20177136873826 1.12217201665044 1.72386899590492 1.45109891868196 1.08221922046505 1.44083449430764 1.15983823058195
0.954288825625554 1.49851431767456 1.1632502048742 1.88983434368856 1.39373223530129 1.87673280085437 1.18095200159587 1.40247193048708 1.08143128990196 1.6660609843675 1.58867183839902 1.14660743484274 1.71703814878128 1.5817883585114 0.966957341879606 1.81704108533449 1.55910547426902 1.85095031955279 0 1.16484283027239 1.39873665641062 1.7512601937633 1.34602902643383 1.47925764531828 1.66159524093382 1.22891822247766 1.18145006825216 1.53609621431679 1.83647379279137 1.42755175102502
1.45143218408339 1.54759284295142 1.13496210100129 1.01887428038754 1.06974066002294 1.00660408521071 1.7476647971198 1.74207244347781 1.27543795853853 1.12394176726229 1.42762219370343 0.969757959246635 1.52323674084619 1.55508383712731 1.70159030449577 1.11141049303114 1.39337315224111 0.962779883295298 1.16484283027239 0 1.44596375781111 1.11981851654127 1.33441883022897 1.2524638955947 1.50233683479019 1.40125848934986 1.61581284645945 1.57143700215966 1.22385511780158 1.76379147008993
1.45326509233564 1.71758385747671 1.26149261696264 1.0695391104091 1.67112397635356 1.71860493579879 1.46829875581898 0.980520291719586 0.989113257266581 1.20318120764568 0.933239007834345 1.45197627251036 1.2199342881795 1.6861309488304 1.66481600608677 1.79065971798263 1.46314331959002 1.27988685551099 1.39873665641062 1.44596375781111 0 1.7552345583681 1.01158749195747 0.924862353364006 1.36771841300651 1.14715285832062 0.971718297572806 1.69112042780034 1.00485272216611 1.6926525530871
1.73371341312304 0.994589392095804 1.15223356639035 1.90550454333425 1.29686901764944 1.29096311703324 0.970714295748621 1.45585062308237 1.26113775395788 1.90364431124181 1.26055455813184 1.52125606848858 0.951003249268979 1.72151919011958 1.20481624803506 1.35970992874354 1.89570362726226 1.07460287655704 1.7512601937633 1.11981851654127 1.7552345583681 0 1.37332615419291 1.53841503919102 1.30636282544583 1.83626234275289 1.91250383108854 1.29804907552898 1.46967480471358 1.69385266397148
1.5872712826822 1.70239501679316 1.34921582648531 1.11087429104373 1.21633809641935 1.5097922058776 1.71672001923434 1.50347707094625 1.80180744198151 1.91469668853097 1.8450877526775 0.949718942167237 1.12650685291737 1.48953848402016 1.5094930997584 0.979682817356661 1.58254822460003 1.53907015663572 1.34602902643383 1.33441883022897 1.01158749195747 1.37332615419291 0 0.938164976425469 1.15068419021554 1.39144354010932 1.38804515521042 0.927304079988971 0.920266993809491 1.69300524005666
1.81986106722616 1.28018649620935 1.53403505543247 1.62460548221134 1.5573406489566 1.56693559861742 1.32763749989681 1.28000595932826 1.31664200732484 1.45686112879775 1.3817749270238 1.39603172056377 1.45191458100453 1.39837020565756 1.38494177861139 1.63868117984384 1.73864742880687 1.20177136873826 1.47925764531828 1.2524638955947 0.924862353364006 1.53841503919102 0.938164976425469 0 1.3627891971264 1.06684992089868 1.3316912248265 1.27607944677584 1.45628011389636 1.44066296727397
0.932996352901682 1.2870939692948 1.33335701562464 1.34661110141315 1.66917377337813 1.55159353883937 0.94267363101244 1.5888713945169 1.0121390237473 1.22336573665962 1.67375667695887 1.70172069384716 1.80079593742266 1.27376914629713 1.1698212469928 1.23080205451697 1.58783136541024 1.12217201665044 1.66159524093382 1.50233683479019 1.36771841300651 1.30636282544583 1.15068419021554 1.3627891971264 0 1.6454417835921 0.97936197812669 1.44019616162404 1.46546997921541 1.08068880671635
0.972566947806627 1.79474937287159 1.4014783881139 1.24569201562554 1.67502813553438 1.1711359154433 1.8504764365498 1.34986367612146 1.26708873664029 1.31092671607621 1.21334972628392 1.03887071227655 1.75404388131574 1.13807780412026 1.27000175090507 1.87708117277361 1.85008513811044 1.72386899590492 1.22891822247766 1.40125848934986 1.14715285832062 1.83626234275289 1.39144354010932 1.06684992089868 1.6454417835921 0 1.18396256794222 1.41623318800703 0.944835586706176 1.17296776478179
1.44845226826146 1.454107896192 1.54406630224548 1.10793373011984 1.62226753798313 1.01641189702787 1.45914904889651 1.04515619017184 1.06070029851981 1.26982720941305 1.45159070426598 1.32120369072072 1.54075597575866 1.56099957739934 1.37221015035175 1.01549876248464 1.07908907486126 1.45109891868196 1.18145006825216 1.61581284645945 0.971718297572806 1.91250383108854 1.38804515521042 1.3316912248265 0.97936197812669 1.18396256794222 0 1.60779015906155 1.30146272014827 1.70022513158619
1.61840943433344 1.20538436551578 1.74147874978371 1.07696438347921 1.67987937270664 1.90039534494281 1.72518192604184 1.31730317277834 1.71486654691398 1.76515607512556 0.929709577234462 1.87702302215621 1.00972777837887 1.52615977381356 1.50909494538791 1.77313638664782 1.55782072572038 1.08221922046505 1.53609621431679 1.57143700215966 1.69112042780034 1.29804907552898 0.927304079988971 1.27607944677584 1.44019616162404 1.41623318800703 1.60779015906155 0 1.4645059001632 1.48591974168085
1.31216431153007 1.50715006142855 1.31785409431905 1.22289962368086 1.49456181796268 1.44069265853614 1.87596287508495 1.12336477078497 1.12727092974819 1.72988216183148 1.57632581400685 1.77881421940401 1.34192734770477 1.12614751770161 1.57031203550287 1.73631239612587 1.7360508821439 1.44083449430764 1.83647379279137 1.22385511780158 1.00485272216611 1.46967480471358 0.920266993809491 1.45628011389636 1.46546997921541 0.944835586706176 1.30146272014827 1.4645059001632 0 1.8890709457919
1.89867195254192 1.54416786460206 1.34947114787064 1.20666305045597 1.17024368233979 1.91153916763142 1.75681209866889 0.982304160948843 1.78915548278019 1.43009836319834 1.4748667657841 1.45386100071482 1.53467862308025 1.4287836838048 1.80267347744666 1.61035643913783 1.84972349787131 1.15983823058195 1.42755175102502 1.76379147008993 1.6926525530871 1.69385266397148 1.69300524005666 1.44066296727397 1.08068880671635 1.17296776478179 1.70022513158619 1.48591974168085 1.8890709457919 0
