0 1.49920460116118 1.22645572642796 1.17407296271995 1.50812413799576 1.12950725248083 1.75806484697387 1.01011370541528 1.13606403395534 1.36082560871728 1.2289160520304 1.33522075926885 1.63203372759745 1.66475003771484 1.58323604008183 1.46011442854069 1.79166122316383 1.00186140555888 1.53883531503379 1.26645238650963 1.8254346139729 1.34744571638294 1.47721945680678 1.32540253154002 1.2182303275913 1.524970426457 0.923253245884553 1.75795018300414 1.73845251230523 1.21307421615347
1.49920460116118 0 1.05871507385746 1.34135275217704 1.25459511694498 1.703897703439 1.63360887183808 1.68261249037459 1.35088815283962 1.63520271074958 1.72932074102573 1.04015714093111 1.50226991460659 1.23341303574853 1.24282670440152 1.40306051215157 1.67125917947851 1.60360488132574 1.29283818928525 1.67168992967345 1.84850430162624 1.65564421191812 1.54973460244946 1.0968847849872 1.64711681986228 1.55145738250576 1.43902780045755 1.06785679282621 1.0131889982149 1.16894402890466
1.22645572642796 1.05871507385746 0 1.40512101841159 1.39406177960336 1.81031007203273 1.4934304014314 1.52312659588642 1.08993355068378 1.06579933175817 1.2911627816502 1.45602375664748 1.20679686940275 1.47868386376649 1.36852718447335 1.28891975758597 1.77330602635629 1.12719733431004 1.09718487015925 1.52142405533232 1.42577621294186 1.40220396895893 1.3447098385077 1.90613468713127 1.87463719001971 1.09965137927793 1.41158661851659 0.932710162363946 1.23327649361454 1.17692524078302
1.17407296271995 1.34135275217704 1.40512101841159 0 1.1519636081066 1.56240904936567 1.04752708831802 1.71899479231797 1.34150051046163 1.65359142213129 1.59087048703805 1.124891073443 1.86545992060564 1.67107829148881 1.29647198040038 1.18641609465703 1.86572077707388 1.81348414556123 1.66220819950104 1.37613249244168 1.34813254582696 0.963270517531782 0.956814548466355 1.44631293183193 1.72822423907928 1.33845202019438 1.04886589478701 1.80900254729204 1.64805153105408 1.39469230291434
1.50812413799576 1.25459511694498 1.39406177960336 1.1519636081066 0 1.03096729470417 1.81412499910221 1.12261147843674 1.12917694076896 1.17808781703934 1.80768043198623 1.34057166660205 1.69860849669203 1.39250053022988 1.00514211365953 1.61313322442584 1.8789414705243 1.44095168309286 0.951480556745082 1.4973138787318 1.14575960207731 1.39277458377182 1.43494342523627 1.14875236735679 0.957934322534129 1.72141051013023 1.1376133824233 1.1819687820971 0.943130558123812 0.935760313877836
1.12950725248083 1.703897703439 1.81031007203273 1.56240904936567 1.03096729470417 0 1.09640964283608 1.89894674625248 1.17836117860861 1.09740649210289 1.22325736307539 1.30603506299667 1.5779227677267 1.17926888889633 1.439385113772 1.19657798600383 1.85850869095884 1.21263372665271 1.51773861306719 1.77712971391156 1.70017756056041 1.08324928628281 1.76487754704431 1.31755818426609 1.38422979880124 1.12799261184409 0.917943842010573 1.03631154750474 1.90978339267895 1.70897081377916
1.75806484697387 1.63360887183808 1.4934304014314 1.04752708831802 1.81412499910221 1.09640964283608 0 1.63839775859378 1.06070815818384 1.02481757546775 1.50328172906302 1.85049756569788 1.42011621594429 1.13833454158157 1.29989987611771 1.26798746688291 1.25821950286627 1.16425397107378 1.71263134316541 1.59746052720584 1.2307872751262 1.12732758931816 1.67746802326292 1.07540585147217 1.27266826108098 0.972208439838141 1.78011166653596 1.63666174234822 1.14398968685418 1.30442320578732
1.01011370541528 1.68261249037459 1.52312659588642 1.71899479231797 1.12261147843674 1.89894674625248 1.63839775859378 0 1.90491458773613 1.20577043900266 1.49863468157127 1.74329472868703 1.16585466940887 1.70083142165095 1.24207919859327 1.35037053166889 1.43153120507486 1.40811571432278 1.85233949380927 1.84014112781733 1.5168873697985 1.15261256159283 1.08331366442144 1.1207914846018 1.84642703458667 1.66816393472254 1.78585023805499 1.0558487274684 1.81126073887572 1.27958188136108
1.13606403395534 1.35088815283962 1.08993355068378 1.34150051046163 1.12917694076896 1.17836117860861 1.06070815818384 1.90491458773613 0 1.07860675896518 1.56835462921299 1.12541201594286 1.78314488357864 1.39366746670566 1.09540128801018 1.24299552547745 1.4849983244203 1.22601123969071 1.30058930884115 1.69691539206542 1.19727555173449 1.82846505451016 1.4040978460107 1.77515138150193 1.8015728215687 1.79820938571356 1.57759478851222 1.63478169660084 1.31602933187969 1.31548081105575
1.36082560871728 1.63520271074958 1.06579933175817 1.65359142213129 1.17808781703934 1.09740649210289 1.02481757546775 1.20577043900266 1.07860675896518 0 1.59992245701142 1.31126122293063 1.22465466777794 1.3806576996576 1.02680210745893 1.66393432114273 1.03011927101761 1.51797106186859 1.25333075784147 1.09060083050281 1.53267539571971 1.47057757875882 0.918490061536431 1.76299766707234 1.67688710219227 1.54734039353207 1.3663740910124 1.45331436325796 1.45479847863317 1.03695657942444
1.2289160520304 1.72932074102573 1.2911627816502 1.59087048703805 1.80768043198623 1.22325736307539 1.50328172906302 1.49863468157127 1.56835462921299 1.59992245701142 0 0.930932552553713 1.58150255610235 1.29604827892035 0.990678479662165 1.43695655325428 1.40742193325423 1.14173743291758 1.48524717567489 1.50662722112611 1.11942620226182 1.82714070938528 1.86856842203997 1.46072903904133 1.78030015178956 1.54868817189708 1.50212762109004 1.3261817228049 1.1710265702568 1.74412757228129
1.33522075926885 1.04015714093111 1.45602375664748 1.124891073443 1.34057166660205 1.30603506299667 1.85049756569788 1.74329472868703 1.12541201594286 1.31126122293063 0.930932552553713 0 1.24341015890241 0.926286195637658 1.41464018984698 1.722392430529 1.90829898766242 1.70105597376823 1.15183593495749 1.00569352949969 1.17430635984056 1.28931978764012 1.39431481785141 1.69787221262231 1.81523972563446 1.81180553114973 0.933820881647989 0.924008575035259 1.45357733825222 1.40449539455585
1.63203372759745 1.50226991460659 1.20679686940275 1.86545992060564 1.69860849669203 1.5779227677267 1.42011621594429 1.16585466940887 1.78314488357864 1.22465466777794 1.58150255610235 1.24341015890241 0 1.02767216437496 1.12130363797769 1.65291308471933 1.34182411455549 1.41926869261079 1.49739573220722 1.51222273195162 1.41242367168888 1.69655911927111 1.44481329596601 1.77235588431358 1.77910095034167 1.01210091728717 1.70324772736058 1.2582654801663 1.23195487773046 1.41162761487067
1.66475003771484 1.23341303574853 1.47868386376649 1.67107829148881 1.39250053022988 1.17926888889633 1.13833454158157 1.70083142165095 1.39366746670566 1.3806576996576 1.29604827892035 0.926286195637658 1.02767216437496 0 0.974155670264736 1.69268567999825 1.21389696490951 1.40677381376736 0.960946926381439 1.35613365774043 1.33155091106892 1.11872594151646 1.04980007372797 1.43252315185964 1.22909958125092 1.02331214654259 1.17559611843899 1.03049373487011 0.929954517865553 1.32897146954201
1.58323604008183 1.24282670440152 1.36852718447335 1.29647198040038 1.00514211365953 1.439385113772 1.29989987611771 1.24207919859327 1.09540128801018 1.02680210745893 0.990678479662165 1.41464018984698 1.12130363797769 0.974155670264736 0 1.01493035652675 1.79351297486573 1.16354566602968 1.2450461529661 1.55525173945352 1.13653175975196 1.6432126716245 1.01951232086867 1.76402986538596 1.20047311671078 1.90172775043175 1.42335001798347 0.925381563371047 1.43080453178845 1.14816314959899
1.46011442854069 1.40306051215157 1.28891975758597 1.18641609465703 1.61313322442584 1.19657798600383 1.26798746688291 1.35037053166889 1.24299552547745 1.66393432114273 1.43695655325428 1.722392430529 1.65291308471933 1.69268567999825 1.01493035652675 0 0.987722110003233 1.22132216719911 1.25282854773104 1.41604805388488 1.34637416596524 1.70262971799821 1.01681112521328 1.89069334673695 1.67290605674498 1.75689566857181 1.17332143406384 1.33872400340624 1.52890358562581 1.1631983674597
1.79166122316383 1.67125917947851 1.77330602635629 1.86572077707388 1.8789414705243 1.85850869095884 1.25821950286627 1.43153120507486 1.4849983244203 1.03011927101761 1.40742193325423 1.90829898766242 1.34182411455549 1.21389696490951 1.79351297486573 0.987722110003233 0 1.81804338586517 1.02303323312663 1.23261926742271 1.4284978073556 1.37422374426387 1.39260758482851 1.57779873837717 1.16639829892665 1.02441073581576 1.7813816673588 1.10533305373974 1.4176054589916 1.41152007249184
1.00186140555888 1.60360488132574 1.12719733431004 1.81348414556123 1.44095168309286 1.21263372665271 1.16425397107378 1.40811571432278 1.22601123969071 1.51797106186859 1.14173743291758 1.70105597376823 1.41926869261079 1.40677381376736 1.16354566602968 1.22132216719911 1.81804338586517 0 1.24622904742137 1.23663829709403 1.70595941832289 1.15274346899241 1.08930997853167 1.16040967265144 1.68312495807186 1.77713829278946 1.09746774076484 1.63596309837885 0.978258841438219 1.82413254678249
1.53883531503379 1.29283818928525 1.09718487015925 1.66220819950104 0.951480556745082 1.51773861306719 1.71263134316541 1.85233949380927 1.30058930884115 1.25333075784147 1.48524717567489 1.15183593495749 1.49739573220722 0.960946926381439 1.2450461529661 1.25282854773104 1.02303323312663 1.24622904742137 0 1.45954883797094 0.914646525168791 0.968641307670623 1.43518174695782 1.51594633143395 1.88572473241948 1.6166716425214 1.45527417468838 1.4805249334313 0.914996431674808 1.48878031456843
1.26645238650963 1.67168992967345 1.52142405533232 1.37613249244168 1.4973138787318 1.77712971391156 1.59746052720584 1.84014112781733 1.69691539206542 1.09060083050281 1.50662722112611 1.00569352949969 1.51222273195162 1.35613365774043 1.55525173945352 1.41604805388488 1.23261926742271 1.23663829709403 1.45954883797094 0 1.85866875085048 1.8549005636014 1.15775839146227 1.0206475732848 0.923057758249342 1.04521507001482 1.89585226192139 1.80080017657019 1.58228492178023 1.31769588962197
1.8254346139729 1.84850430162624 1.42577621294186 1.34813254582696 1.14575960207731 1.70017756056041 1.2307872751262 1.5168873697985 1.19727555173449 1.53267539571971 1.11942620226182 1.17430635984056 1.41242367168888 1.33155091106892 1.13653175975196 1.34637416596524 1.4284978073556 1.70595941832289 0.914646525168791 1.85866875085048 0 1.74390407907777 1.86369092902169 1.62716913013719 1.54606329789385 0.98543075658381 1.70497701829299 1.42535374802537 1.8296429568436 1.63594335620292
1.34744571638294 1.65564421191812 1.40220396895893 0.963270517531782 1.39277458377182 1.08324928628281 1.12732758931816 1.15261256159283 1.82846505451016 1.47057757875882 1.82714070938528 1.28931978764012 1.69655911927111 1.11872594151646 1.6432126716245 1.70262971799821 1.37422374426387 1.15274346899241 0.968641307670623 1.8549005636014 1.74390407907777 0 1.63575625536032 1.28240246511996 0.996217871783301 1.2820253286045 1.75073212920688 1.84904356556945 1.38596040382981 1.85595683567226
1.47721945680678 1.54973460244946 1.3447098385077 0.956814548466355 1.43494342523627 1.76487754704431 1.67746802326292 1.08331366442144 1.4040978460107 0.918490061536431 1.86856842203997 1.39431481785141 1.44481329596601 1.04980007372797 1.01951232086867 1.01681112521328 1.39260758482851 1.08930997853167 1.43518174695782 1.15775839146227 1.86369092902169 1.63575625536032 0 1.38372270786203 1.0913613489829 0.9269157089293 1.73350184760056 1.28363996464759 1.90975320152938 1.44599157059565
1.32540253154002 1.0968847849872 1.90613468713127 1.44631293183193 1.14875236735679 1.31755818426609 1.07540585147217 1.1207914846018 1.77515138150193 1.76299766707234 1.46072903904133 1.69787221262231 1.77235588431358 1.43252315185964 1.76402986538596 1.89069334673695 1.57779873837717 1.16040967265144 1.51594633143395 1.0206475732848 1.62716913013719 1.28240246511996 1.38372270786203 0 1.46802988299169 1.13587345927954 0.942533580586314 1.08389909518883 1.51163663994521 1.21443184954114
1.2182303275913 1.64711681986228 1.87463719001971 1.72822423907928 0.957934322534129 1.38422979880124 1.27266826108098 1.84642703458667 1.8015728215687 1.67688710219227 1.78030015178956 1.81523972563446 1.77910095034167 1.22909958125092 1.20047311671078 1.67290605674498 1.16639829892665 1.68312495807186 1.88572473241948 0.923057758249342 1.54606329789385 0.996217871783301 1.0913613489829 1.46802988299169 0 1.32693655276671 1.89070554892533 1.05577945476398 1.46605518390425 1.74706710595638
1.524970426457 1.55145738250576 1.09965137927793 1.33845202019438 1.72141051013023 1.12799261184409 0.972208439838141 1.66816393472254 1.79820938571356 1.54734039353207 1.54868817189708 1.81180553114973 1.01210091728717 1.02331214654259 1.90172775043175 1.75689566857181 1.02441073581576 1.77713829278946 1.6166716425214 1.04521507001482 0.98543075658381 1.2820253286045 0.9269157089293 1.13587345927954 1.32693655276671 0 1.76104093389586 1.5820774580352 1.25176534825005 1.80352716613561
0.923253245884553 1.43902780045755 1.41158661851659 1.04886589478701 1.1376133824233 0.917943842010573 1.78011166653596 1.78585023805499 1.57759478851222 1.3663740910124 1.50212762109004 0.933820881647989 1.70324772736058 1.17559611843899 1.42335001798347 1.17332143406384 1.7813816673588 1.09746774076484 1.45527417468838 1.89585226192139 1.70497701829299 1.75073212920688 1.73350184760056 0.942533580586314 1.89070554892533 1.76104093389586 0 1.2419766979292 1.28101631626487 1.34488888084888
1.75795018300414 1.06785679282621 0.932710162363946 1.80900254729204 1.1819687820971 1.03631154750474 1.63666174234822 1.0558487274684 1.63478169660084 1.45331436325796 1.3261817228049 0.924008575035259 1.2582654801663 1.03049373487011 0.925381563371047 1.33872400340624 1.10533305373974 1.63596309837885 1.4805249334313 1.80080017657019 1.42535374802537 1.84904356556945 1.28363996464759 1.08389909518883 1.05577945476398 1.5820774580352 1.2419766979292 0 1.26377269392833 1.12140114768408
1.73845251230523 1.0131889982149 1.23327649361454 1.64805153105408 0.943130558123812 1.90978339267895 1.14398968685418 1.81126073887572 1.31602933187969 1.45479847863317 1.1710265702568 1.45357733825222 1.23195487773046 0.929954517865553 1.43080453178845 1.52890358562581 1.4176054589916 0.978258841438219 0.914996431674808 1.58228492178023 1.8296429568436 1.38596040382981 1.90975320152938 1.51163663994521 1.46605518390425 1.25176534825005 1.28101631626487 1.26377269392833 0 0.973710540682077
1.21307421615347 1.16894402890466 1.17692524078302 1.39469230291434 0.935760313877836 1.70897081377916 1.30442320578732 1.27958188136108 1.31548081105575 1.03695657942444 1.74412757228129 1.40449539455585 1.41162761487067 1.32897146954201 1.14816314959899 1.1631983674597 1.41152007249184 1.82413254678249 1.48878031456843 1.31769588962197 1.63594335620292 1.85595683567226 1.44599157059565 1.21443184954114 1.74706710595638 1.80352716613561 1.34488888084888 1.12140114768408 0.973710540682077 0
