0 1.93967249523848 1.06649610796012 1.61963544599712 1.44140872103162 1.76902111037634 1.90736310579814 1.1620364729315 1.51113388710655 1.57264432217926 1.21698444406502 1.7337540704757 1.37276812992059 1.22568242345005 1.47713401378132 1.49417706974782 1.01638907263987 1.65298631344922 1.03442179737613 1.93700756481849 1.64366703946143 0.99236236535944 1.47291040886194 1.55540614714846 1.95483200042509 1.87168944627047 1.65027431538329 1.5750883447472 1.82661017565988 1.00107125216164
1.93967249523848 0 1.31629349384457 1.86568554118276 1.55184274516068 1.11649632221088 1.53875473956577 1.92876611510292 1.44421452237293 1.00732014141977 1.589278166648 1.5746439145878 1.05358878010884 1.86954043922015 1.65277991606854 1.86400582874194 1.24688038975 1.40061590541154 1.67225558310747 1.44434448564425 1.60265836492181 1.14984545647167 1.82954029086977 1.74688878352754 1.14123303373344 1.04888336663134 1.3830832275562 1.91672416380607 1.94151684828103 1.07139646471478
1.06649610796012 1.31629349384457 0 1.70724411588162 1.51055675954558 1.54574922379106 1.81069832248613 1.019371769391 1.80514470417984 1.88047092803754 1.52745366469026 1.09487841860391 1.34503470920026 1.10671407636255 1.69949775934219 1.90147330891341 1.37593005108647 1.85665891459212 1.86930755712092 1.14232005923986 1.4548155234661 1.33029945450835 1.27932961750776 1.72382534504868 1.00916571705602 1.23060097638518 1.03880568081513 1.53817693050951 1.06413568649441 1.01129421056248
1.61963544599712 1.86568554118276 1.70724411588162 0 1.03243166138418 1.62854727962986 1.30064073670655 1.30581033090129 1.7723715940956 1.44412604602985 1.55046211625449 1.37316904426552 1.29519872250967 1.61030370160006 1.4215765541885 1.46123072737828 1.3397952420637 1.01487126434222 1.0731388523709 1.95061650127172 1.06215727468953 1.86622353177518 1.40005427203141 0.971149624790996 1.52099259616807 0.976777304662392 1.04090099129826 1.16630159621127 1.29821334430017 1.40249677328393
1.44140872103162 1.55184274516068 1.51055675954558 1.03243166138418 0 0.962572136428207 0.993459060555324 1.16211455129087 1.41583626717329 1.69989967602305 1.8543765579816 1.89809318538755 1.67024455755018 1.83902516728267 1.1214098657947 1.60314660007134 1.43091424740851 1.3758660540916 1.93498139944859 1.53344274056144 1.7988889743574 1.68510115076788 1.76542424503714 1.12322185607627 1.12511565815657 1.02429444622248 1.8688636503648 1.17379751708359 1.80425163451582 1.63270478555933
1.76902111037634 1.11649632221088 1.54574922379106 1.62854727962986 0.962572136428207 0 1.60079867439345 0.967380968853831 1.90202487795614 1.22298281523399 1.85702690132894 1.72125071217306 1.64661005581729 1.02193760988303 1.12439777166583 1.84613557602279 1.72096903552301 1.50438999081962 1.490415929351 1.4673976204358 1.69994198787026 1.92018688516691 1.04040173464455 0.999649287201464 1.55012957495637 1.67835221253335 1.82788673834875 1.26704762596637 1.03686885279603 1.6871263650246
1.90736310579814 1.53875473956577 1.81069832248613 1.30064073670655 0.993459060555324 1.60079867439345 0 1.26344784884714 1.93450463237241 1.37589480821043 1.67893273662776 1.56574290408753 1.70046642143279 1.58681181678548 1.53514151740819 1.15355723071843 1.06552123068832 1.25329570448957 1.39784486731514 1.55077147064731 1.28697004611604 1.15641075419262 1.63963344879448 1.23370933835395 1.18845013855025 1.07613699999638 1.09806376625784 1.43282209499739 1.63342651817948 1.04158919025213
1.1620364729315 1.92876611510292 1.019371769391 1.30581033090129 1.16211455129087 0.967380968853831 1.26344784884714 0 1.60514039825648 1.27536007808521 1.17243412486278 1.06773521681316 1.92912686802447 1.57739982474595 1.26270085899159 1.65541515289806 1.00017240527086 1.54611919471063 1.03678526566364 0.984874108340591 1.46328934445046 1.61889669066295 1.00119586568326 1.87768941815011 1.21813204325736 1.49527298519388 1.77540431846865 1.4323759758845 1.52230690489523 1.14431647374295
1.51113388710655 1.44421452237293 1.80514470417984 1.7723715940956 1.41583626717329 1.90202487795614 1.93450463237241 1.60514039825648 0 1.20588997611776 0.996847631176934 1.34299047803506 1.09906915156171 1.95577915129252 1.67706272588111 1.94188236445189 1.08400858007371 1.0275447065942 1.16165494034067 1.28116475488059 1.80436831549741 1.20110336481594 1.51978434599005 1.25406399043277 1.78578403312713 1.6040001786314 1.70114110945724 1.59410961065441 1.10113344155252 1.43451368878596
1.57264432217926 1.00732014141977 1.88047092803754 1.44412604602985 1.69989967602305 1.22298281523399 1.37589480821043 1.27536007808521 1.20588997611776 0 1.60983159579337 1.37080848985352 1.41125593450852 1.65190620603971 1.59749263478443 1.92019988619722 1.73462555068545 1.10525462240912 1.14974034018815 1.69826467242092 1.63950636703521 1.11715256725438 1.95364022580907 1.28237549844198 1.39856176660396 1.03441566834226 1.06723694247194 1.00778254237957 1.25252351677045 1.9564071232453
1.21698444406502 1.589278166648 1.52745366469026 1.55046211625449 1.8543765579816 1.85702690132894 1.67893273662776 1.17243412486278 0.996847631176934 1.60983159579337 0 1.58985400106758 1.71673184493557 1.89860020764172 1.16321472497657 1.75131823914126 1.61245329584926 1.93616905855015 1.26744873775169 1.56113592837937 1.02387689426541 1.49341220012866 1.04895652481355 1.35404344694689 1.24137668916956 1.29136451543309 1.88171446160413 1.44262851937674 1.10170631925575 1.94202827801928
1.7337540704757 1.5746439145878 1.09487841860391 1.37316904426552 1.89809318538755 1.72125071217306 1.56574290408753 1.06773521681316 1.34299047803506 1.37080848985352 1.58985400106758 0 1.16876593767665 1.69574865186587 1.64873390714638 1.35896812006831 1.10302753164433 1.02040748856962 1.65554468031041 1.78203327674419 1.20341248624027 1.63462286698632 1.25180794275366 1.18932852591388 1.82737215748057 1.60827662353404 1.87033665948547 1.20011891401373 0.964630967006087 1.89718256564811
1.37276812992059 1.05358878010884 1.34503470920026 1.29519872250967 1.67024455755018 1.64661005581729 1.70046642143279 1.92912686802447 1.09906915156171 1.41125593450852 1.71673184493557 1.16876593767665 0 1.53818902140483 1.45355708524585 0.990206316579133 1.28914126590826 1.22241096524522 1.08751189010218 1.59859804459848 1.92295827460475 1.23358194343746 1.60204209061339 1.10591066163033 1.05624772654846 1.30760709103197 1.54526545340195 1.92112399800681 0.964170603314415 1.18670488265343
1.22568242345005 1.86954043922015 1.10671407636255 1.61030370160006 1.83902516728267 1.02193760988303 1.58681181678548 1.57739982474595 1.95577915129252 1.65190620603971 1.89860020764172 1.69574865186587 1.53818902140483 0 1.32780910981819 1.58956330781803 1.79692816804163 1.59657497773878 1.68027122784406 1.29600866418332 1.61487431800924 1.70227010711096 0.995799804106355 1.23345972993411 1.38221439160407 1.6372150441166 1.62918795202859 1.1708078624215 1.1661255240906 1.39229237055406
1.47713401378132 1.65277991606854 1.69949775934219 1.4215765541885 1.1214098657947 1.12439777166583 1.53514151740819 1.26270085899159 1.67706272588111 1.59749263478443 1.16321472497657 1.64873390714638 1.45355708524585 1.32780910981819 0 1.03607567516156 1.48865969362669 1.65451909182593 1.50627587153576 1.42706551076844 1.67442991654389 1.86191358347423 1.31324517470784 0.99940555379726 1.17709213728085 1.93572685401887 1.39560284256004 1.22152541182004 1.22271776851267 1.92768704844639
1.49417706974782 1.86400582874194 1.90147330891341 1.46123072737828 1.60314660007134 1.84613557602279 1.15355723071843 1.65541515289806 1.94188236445189 1.92019988619722 1.75131823914126 1.35896812006831 0.990206316579133 1.58956330781803 1.03607567516156 0 1.81833949359134 1.32571089710109 1.39819472306408 1.45974643086083 1.61022965679877 1.69418849982321 1.88155725342222 1.67698248755187 1.44031263259239 1.41198713798076 1.47528192494065 1.32558511244133 1.56446770648472 1.76176994014531
1.01638907263987 1.24688038975 1.37593005108647 1.3397952420637 1.43091424740851 1.72096903552301 1.06552123068832 1.00017240527086 1.08400858007371 1.73462555068545 1.61245329584926 1.10302753164433 1.28914126590826 1.79692816804163 1.48865969362669 1.81833949359134 0 1.2107882888522 1.09749748953618 1.47409022622742 1.58698044507764 1.33853075280786 1.87280245567672 1.12184972176328 1.03532590670511 1.81181763857603 1.85436598747037 1.71700557693839 1.56663721171208 1.93267325521447
1.65298631344922 1.40061590541154 1.85665891459212 1.01487126434222 1.3758660540916 1.50438999081962 1.25329570448957 1.54611919471063 1.0275447065942 1.10525462240912 1.93616905855015 1.02040748856962 1.22241096524522 1.59657497773878 1.65451909182593 1.32571089710109 1.2107882888522 0 1.87022053962573 1.37239803071134 1.9525797276292 1.10289456672035 1.46326468372717 1.54741480550729 1.12225366034545 1.64697957760654 1.15682508586906 1.20350589766167 1.76193989766762 1.92048234655522
1.03442179737613 1.67225558310747 1.86930755712092 1.0731388523709 1.93498139944859 1.490415929351 1.39784486731514 1.03678526566364 1.16165494034067 1.14974034018815 1.26744873775169 1.65554468031041 1.08751189010218 1.68027122784406 1.50627587153576 1.39819472306408 1.09749748953618 1.87022053962573 0 1.39726444054395 1.27182175917551 1.33255290240049 1.10586745291948 1.59669912792742 1.55901576788165 1.07803435763344 1.81924725044519 1.73991525825113 1.03012612601742 1.29687872505747
1.93700756481849 1.44434448564425 1.14232005923986 1.95061650127172 1.53344274056144 1.4673976204358 1.55077147064731 0.984874108340591 1.28116475488059 1.69826467242092 1.56113592837937 1.78203327674419 1.59859804459848 1.29600866418332 1.42706551076844 1.45974643086083 1.47409022622742 1.37239803071134 1.39726444054395 0 1.25233121495694 1.12174769188277 1.55451982142404 1.15133501170203 1.18083408754319 1.13597061554901 0.974293717881665 1.41062619374134 1.07628111005761 1.69482498569414
1.64366703946143 1.60265836492181 1.4548155234661 1.06215727468953 1.7988889743574 1.69994198787026 1.28697004611604 1.46328934445046 1.80436831549741 1.63950636703521 1.02387689426541 1.20341248624027 1.92295827460475 1.61487431800924 1.67442991654389 1.61022965679877 1.58698044507764 1.9525797276292 1.27182175917551 1.25233121495694 0 1.71220238087699 1.43099251762033 1.73145897896029 1.10961861023679 1.88135080202483 1.87897965870798 1.94441605685279 1.48370643798262 1.21654017968103
0.99236236535944 1.14984545647167 1.33029945450835 1.86622353177518 1.68510115076788 1.92018688516691 1.15641075419262 1.61889669066295 1.20110336481594 1.11715256725438 1.49341220012866 1.63462286698632 1.23358194343746 1.70227010711096 1.86191358347423 1.69418849982321 1.33853075280786 1.10289456672035 1.33255290240049 1.12174769188277 1.71220238087699 0 1.90714776981622 1.43281505815685 1.41726569295861 1.80915385531262 1.70710119791329 1.45537263946608 1.4271778576076 1.95472235791385
1.47291040886194 1.82954029086977 1.27932961750776 1.40005427203141 1.76542424503714 1.04040173464455 1.63963344879448 1.00119586568326 1.51978434599005 1.95364022580907 1.04895652481355 1.25180794275366 1.60204209061339 0.995799804106355 1.31324517470784 1.88155725342222 1.87280245567672 1.46326468372717 1.10586745291948 1.55451982142404 1.43099251762033 1.90714776981622 0 1.39946362073533 1.59271573438309 1.32833356130868 1.26970326248556 1.2613656623289 1.44607611675747 1.24717409652658
1.55540614714846 1.74688878352754 1.72382534504868 0.971149624790996 1.12322185607627 0.999649287201464 1.23370933835395 1.87768941815011 1.25406399043277 1.28237549844198 1.35404344694689 1.18932852591388 1.10591066163033 1.23345972993411 0.99940555379726 1.67698248755187 1.12184972176328 1.54741480550729 1.59669912792742 1.15133501170203 1.73145897896029 1.43281505815685 1.39946362073533 0 1.11238272418268 1.94792692945339 1.19116981327534 1.76858902629465 1.92039566650055 1.73896666103974
1.95483200042509 1.14123303373344 1.00916571705602 1.52099259616807 1.12511565815657 1.55012957495637 1.18845013855025 1.21813204325736 1.78578403312713 1.39856176660396 1.24137668916956 1.82737215748057 1.05624772654846 1.38221439160407 1.17709213728085 1.44031263259239 1.03532590670511 1.12225366034545 1.55901576788165 1.18083408754319 1.10961861023679 1.41726569295861 1.59271573438309 1.11238272418268 0 1.17795448494144 1.2457113286946 1.89193739439361 1.39324111770838 1.617152325809
1.87168944627047 1.04888336663134 1.23060097638518 0.976777304662392 1.02429444622248 1.67835221253335 1.07613699999638 1.49527298519388 1.6040001786314 1.03441566834226 1.29136451543309 1.60827662353404 1.30760709103197 1.6372150441166 1.93572685401887 1.41198713798076 1.81181763857603 1.64697957760654 1.07803435763344 1.13597061554901 1.88135080202483 1.80915385531262 1.32833356130868 1.94792692945339 1.17795448494144 0 1.60576611733995 1.2207712624222 1.04708176804706 1.11547974147834
1.65027431538329 1.3830832275562 1.03880568081513 1.04090099129826 1.8688636503648 1.82788673834875 1.09806376625784 1.77540431846865 1.70114110945724 1.06723694247194 1.88171446160413 1.87033665948547 1.54526545340195 1.62918795202859 1.39560284256004 1.47528192494065 1.85436598747037 1.15682508586906 1.81924725044519 0.974293717881665 1.87897965870798 1.70710119791329 1.26970326248556 1.19116981327534 1.2457113286946 1.60576611733995 0 1.36189559730701 0.973911558277905 1.56883881054819
1.5750883447472 1.91672416380607 1.53817693050951 1.16630159621127 1.17379751708359 1.26704762596637 1.43282209499739 1.4323759758845 1.59410961065441 1.00778254237957 1.44262851937674 1.20011891401373 1.92112399800681 1.1708078624215 1.22152541182004 1.32558511244133 1.71700557693839 1.20350589766167 1.73991525825113 1.41062619374134 1.94441605685279 1.45537263946608 1.2613656623289 1.76858902629465 1.89193739439361 1.2207712624222 1.36189559730701 0 1.09106062282808 0.985860841814429
1.82661017565988 1.94151684828103 1.06413568649441 1.29821334430017 1.80425163451582 1.03686885279603 1.63342651817948 1.52230690489523 1.10113344155252 1.25252351677045 1.10170631925575 0.964630967006087 0.964170603314415 1.1661255240906 1.22271776851267 1.56446770648472 1.56663721171208 1.76193989766762 1.03012612601742 1.07628111005761 1.48370643798262 1.4271778576076 1.44607611675747 1.92039566650055 1.39324111770838 1.04708176804706 0.973911558277905 1.09106062282808 0 1.94028049730696
1.00107125216164 1.07139646471478 1.01129421056248 1.40249677328393 1.63270478555933 1.6871263650246 1.04158919025213 1.14431647374295 1.43451368878596 1.9564071232453 1.94202827801928 1.89718256564811 1.18670488265343 1.39229237055406 1.92768704844639 1.76176994014531 1.93267325521447 1.92048234655522 1.29687872505747 1.69482498569414 1.21654017968103 1.95472235791385 1.24717409652658 1.73896666103974 1.617152325809 1.11547974147834 1.56883881054819 0.985860841814429 1.94028049730696 0
