0 1.89276702399366 1.19198230840266 1.18761666119099 0.955731180962175 1.8939014095813 1.7606703559868 1.13785779150203 0.984190292423591 1.75381401809864 1.33972582267597 0.96113248472102 1.33187253819779 1.19572443817742 1.13402092782781 1.10370280966163 1.01645496673882 1.35855857073329 1.58301105047576 1.37109045358375 1.87771013821475 1.51196075160988 1.02676395722665 1.50690737785771 1.75042432104237 1.0755132639315 1.14208126626909 1.0340376694221 0.97599965101108 1.37877245224081
1.89276702399366 0 1.26870425231755 1.52025233558379 1.56339394068345 1.06592072034255 1.7176084483508 1.40686023794115 1.40853089373559 1.63871871703304 1.27599626476876 1.90727427182719 1.63269212236628 1.50619291327894 1.87322254269384 1.18898873310536 1.83897669054568 1.33551650028676 1.02050087950192 1.27446493692696 1.46952164219692 1.49125254270621 1.50901197060011 1.32219174341299 0.927575341425836 0.938855853397399 1.34688042965718 1.84740792890079 1.92182902805507 1.84712804621086
1.19198230840266 1.26870425231755 0 1.11443890235387 1.58381504006684 1.37225628946908 1.14252917445265 1.09894266258925 1.47792206192389 1.49825907335617 1.71721218107268 1.00563659821637 1.45451232092455 1.20293120970018 1.08347900188528 0.969200438819826 1.25230522593483 0.979717699810863 1.61569394217804 1.72208992531523 1.58249280881137 1.80447198287584 1.85593250347301 1.35422887909226 1.15734380669892 1.62768396246247 1.85264625493437 1.14429633459076 0.95280619780533 1.09971780027263
1.18761666119099 1.52025233558379 1.11443890235387 0 1.92175289453007 1.69816710753366 1.44668715959415 1.81003440590575 1.7682401498314 1.75367381074466 1.49691958376206 1.09986499906518 1.40984014584683 1.37670041248202 1.55800289544277 1.6108272948768 1.04490927769803 1.43957923119888 1.1777682302054 1.72434093011543 1.77146649733186 1.40698150033131 1.80613888660446 1.24254684173502 0.9592980153393 1.1069173712749 1.37600361090153 1.90006860322319 1.14174479851499 1.31525641819462
0.955731180962175 1.56339394068345 1.58381504006684 1.92175289453007 0 1.34335452714004 1.70041593676433 1.427665714873 1.09387035062537 1.28460307558998 1.25758006796241 1.49474300257862 1.05863001360558 1.54914227384143 1.84040811774321 1.15949079324491 1.80922280158848 1.86844047484919 1.01908528618515 1.47112003224902 1.71726197679527 1.45634749042802 1.25483897840604 1.51036697532982 1.55647570872679 1.89551861188374 1.19503467227332 1.58512483374216 1.70393031882122 1.60739137954079
1.8939014095813 1.06592072034255 1.37225628946908 1.69816710753366 1.34335452714004 0 1.69154412881471 1.29334090533666 1.24105319031514 1.59613638697192 1.15895645832643 1.88462667679414 1.40599996852688 1.13834439986385 0.975090844556689 1.37378709763288 1.44139281194657 1.91663439292461 1.90591692388989 1.62794086453505 1.71673372387886 1.33806579792872 1.51714277081192 1.92386637022719 1.21904664370231 1.48242617002688 1.5669887852855 1.66075332509354 1.74929771223105 1.61331046442501
1.7606703559868 1.7176084483508 1.14252917445265 1.44668715959415 1.70041593676433 1.69154412881471 0 0.980366331059486 1.80155609105714 1.29949660296552 1.62297697388567 1.06689530983567 1.09519064449705 1.9097747488413 1.80323715950362 1.16339683067054 1.62942600366659 1.01579556753859 1.91970536648296 1.63912441325374 1.37413066020235 1.1211411349941 1.49785906053148 1.17588202119805 1.21804595459253 1.44519175752066 1.74268352426589 1.73560324544087 1.0301334480755 1.50457887002267
1.13785779150203 1.40686023794115 1.09894266258925 1.81003440590575 1.427665714873 1.29334090533666 0.980366331059486 0 1.42857748968527 1.5425635818392 1.0429571592249 1.04086676775478 1.77288363454863 1.83016344928183 1.72507342440076 1.4452968200203 1.86479292577133 1.30948898452334 1.70129401958548 1.36489090463147 1.24890447151847 1.86794172599912 1.19117972929962 0.986770756077021 1.86979269399308 0.961650771321729 1.31729454034939 0.952897695591673 1.42072161682881 0.978288437472656
0.984190292423591 1.40853089373559 1.47792206192389 1.7682401498314 1.09387035062537 1.24105319031514 1.80155609105714 1.42857748968527 0 1.2691746186465 1.30531083606184 1.48015013313852 1.1814719424583 1.87010727636516 1.88251294614747 1.06703046965413 1.38188718538731 1.41104983398691 1.77446850109845 1.411310154479 1.6546189149376 1.82730280654505 1.59126284415834 1.09886493301019 1.07348083006218 1.42597736231983 1.51966075715609 1.56857691309415 1.88644105545245 1.77272721496411
1.75381401809864 1.63871871703304 1.49825907335617 1.75367381074466 1.28460307558998 1.59613638697192 1.29949660296552 1.5425635818392 1.2691746186465 0 1.35433806129731 1.51063574361615 1.56396176526323 1.25953960767947 1.49261641385965 1.25474525406025 0.945837067905813 1.44824294745922 1.84591748006642 1.18750759027898 1.6832623060327 1.08272941154428 1.1624892456457 1.25191263481975 1.42078453605063 1.29064684384502 1.14062908897176 1.28734716959298 1.72589295078069 1.04567672475241
1.33972582267597 1.27599626476876 1.71721218107268 1.49691958376206 1.25758006796241 1.15895645832643 1.62297697388567 1.0429571592249 1.30531083606184 1.35433806129731 0 1.64047144632787 1.67051706905477 1.34171024174429 1.91200236463919 1.493910464691 1.03834614157677 0.967938860645518 0.935693328734487 1.10226737102494 1.00976230669767 1.76093280990608 1.58699977840297 1.78032757272013 1.52511885901913 1.62261487077922 1.7300290549174 1.43804326513782 1.320192421088 0.964748705970123
0.96113248472102 1.90727427182719 1.00563659821637 1.09986499906518 1.49474300257862 1.88462667679414 1.06689530983567 1.04086676775478 1.48015013313852 1.51063574361615 1.64047144632787 0 1.4008121388033 1.38001414388418 1.24805266829208 1.18270945432596 0.990268074674532 1.51106906845234 1.42705457773991 1.89085564133711 1.39175393548794 1.74894785205834 1.83080176915973 1.30219748313539 1.03805293771438 1.52358842501417 1.77249349444173 1.39785532141104 1.10517604253255 0.984703300055116
1.33187253819779 1.63269212236628 1.45451232092455 1.40984014584683 1.05863001360558 1.40599996852688 1.09519064449705 1.77288363454863 1.1814719424583 1.56396176526323 1.67051706905477 1.4008121388033 0 1.52165549644269 1.03870638762601 1.70936882053502 1.01350730354898 0.998148393584415 1.68687408021651 1.73816991550848 1.33400928392075 1.26050529303029 1.3237873846665 1.25296902982518 1.43956556241028 1.90862030698918 1.92105695279315 1.62971137254499 1.18532740115188 0.98096270323731
1.19572443817742 1.50619291327894 1.20293120970018 1.37670041248202 1.54914227384143 1.13834439986385 1.9097747488413 1.83016344928183 1.87010727636516 1.25953960767947 1.34171024174429 1.38001414388418 1.52165549644269 0 1.84937444888055 1.74088948289864 1.80377465463243 1.62572422577068 1.13950047641993 1.12405561842024 1.58857255405746 1.2419014677871 1.57422063895501 1.0786307468079 1.75860750162974 1.63033404503949 1.0807396506425 1.44125973177142 1.80310151237063 1.27295719180256
1.13402092782781 1.87322254269384 1.08347900188528 1.55800289544277 1.84040811774321 0.975090844556689 1.80323715950362 1.72507342440076 1.88251294614747 1.49261641385965 1.91200236463919 1.24805266829208 1.03870638762601 1.84937444888055 0 1.89048742689192 1.37494155811146 1.55608215881512 0.976309035904706 1.02059209090658 1.27080602617934 1.82352388859726 1.36761204618961 1.04862638330087 1.38272916711867 1.01810794440098 1.39199388260022 1.79833887168206 0.938853130443022 1.42901825974695
1.10370280966163 1.18898873310536 0.969200438819826 1.6108272948768 1.15949079324491 1.37378709763288 1.16339683067054 1.4452968200203 1.06703046965413 1.25474525406025 1.493910464691 1.18270945432596 1.70936882053502 1.74088948289864 1.89048742689192 0 1.41827051644213 1.8985416223295 1.9216025355272 1.51157982158475 1.40325195179321 1.36047892086208 1.64589500892907 1.21283369115554 1.04959875019267 0.955961860250682 1.34997910936363 1.46980803599581 1.30769881908782 1.03414111677557
1.01645496673882 1.83897669054568 1.25230522593483 1.04490927769803 1.80922280158848 1.44139281194657 1.62942600366659 1.86479292577133 1.38188718538731 0.945837067905813 1.03834614157677 0.990268074674532 1.01350730354898 1.80377465463243 1.37494155811146 1.41827051644213 0 1.46518807159737 1.3872696259059 1.29264629399404 1.56147934542969 1.44924899283797 1.55801833118312 0.991658886428922 1.25080489553511 1.45123240747489 1.49293415364809 1.57167046237737 1.58620570460334 1.75249100197107
1.35855857073329 1.33551650028676 0.979717699810863 1.43957923119888 1.86844047484919 1.91663439292461 1.01579556753859 1.30948898452334 1.41104983398691 1.44824294745922 0.967938860645518 1.51106906845234 0.998148393584415 1.62572422577068 1.55608215881512 1.8985416223295 1.46518807159737 0 1.29034544038586 1.53365753428079 1.69492965470999 1.28216245630756 1.41033203341067 1.03424829756841 1.81609780923463 1.28205156908371 1.07552940957248 1.17792711337097 1.10070897149853 1.10413385345601
1.58301105047576 1.02050087950192 1.61569394217804 1.1777682302054 1.01908528618515 1.90591692388989 1.91970536648296 1.70129401958548 1.77446850109845 1.84591748006642 0.935693328734487 1.42705457773991 1.68687408021651 1.13950047641993 0.976309035904706 1.9216025355272 1.3872696259059 1.29034544038586 0 1.82494552480057 1.75744413468055 0.98005422973074 1.09225916140713 1.37568216538057 1.18476734915748 1.33503092429601 1.86270374152809 1.30519220372662 1.23098821588792 1.37336068972945
1.37109045358375 1.27446493692696 1.72208992531523 1.72434093011543 1.47112003224902 1.62794086453505 1.63912441325374 1.36489090463147 1.411310154479 1.18750759027898 1.10226737102494 1.89085564133711 1.73816991550848 1.12405561842024 1.02059209090658 1.51157982158475 1.29264629399404 1.53365753428079 1.82494552480057 0 1.50865984125994 1.12551831780002 1.31847472302616 1.41870937030762 1.28235163236968 0.936166083440185 1.70386573229916 1.01587324915454 1.7455163798295 1.80870778183453
1.87771013821475 1.46952164219692 1.58249280881137 1.77146649733186 1.71726197679527 1.71673372387886 1.37413066020235 1.24890447151847 1.6546189149376 1.6832623060327 1.00976230669767 1.39175393548794 1.33400928392075 1.58857255405746 1.27080602617934 1.40325195179321 1.56147934542969 1.69492965470999 1.75744413468055 1.50865984125994 0 0.943006588844582 1.38039838126861 0.994292984018102 1.16790145356208 1.69761302159168 1.05625670426525 1.88800543663092 1.27867530006915 1.27870529145002
1.51196075160988 1.49125254270621 1.80447198287584 1.40698150033131 1.45634749042802 1.33806579792872 1.1211411349941 1.86794172599912 1.82730280654505 1.08272941154428 1.76093280990608 1.74894785205834 1.26050529303029 1.2419014677871 1.82352388859726 1.36047892086208 1.44924899283797 1.28216245630756 0.98005422973074 1.12551831780002 0.943006588844582 0 1.36278421059251 1.375103876926 1.50754292705096 1.4824734646827 1.84708678512834 1.8622349021025 1.17480657040142 1.17976266634651
1.02676395722665 1.50901197060011 1.85593250347301 1.80613888660446 1.25483897840604 1.51714277081192 1.49785906053148 1.19117972929962 1.59126284415834 1.1624892456457 1.58699977840297 1.83080176915973 1.3237873846665 1.57422063895501 1.36761204618961 1.64589500892907 1.55801833118312 1.41033203341067 1.09225916140713 1.31847472302616 1.38039838126861 1.36278421059251 0 1.10601482982747 1.38528800592758 1.53254401730374 1.275792428758 0.977374445879832 1.6919718964491 1.35124325496145
1.50690737785771 1.32219174341299 1.35422887909226 1.24254684173502 1.51036697532982 1.92386637022719 1.17588202119805 0.986770756077021 1.09886493301019 1.25191263481975 1.78032757272013 1.30219748313539 1.25296902982518 1.0786307468079 1.04862638330087 1.21283369115554 0.991658886428922 1.03424829756841 1.37568216538057 1.41870937030762 0.994292984018102 1.375103876926 1.10601482982747 0 1.49500217218883 1.7980607827194 1.53906833962537 1.50590838096105 1.27812361740507 1.59587074327283
1.75042432104237 0.927575341425836 1.15734380669892 0.9592980153393 1.55647570872679 1.21904664370231 1.21804595459253 1.86979269399308 1.07348083006218 1.42078453605063 1.52511885901913 1.03805293771438 1.43956556241028 1.75860750162974 1.38272916711867 1.04959875019267 1.25080489553511 1.81609780923463 1.18476734915748 1.28235163236968 1.16790145356208 1.50754292705096 1.38528800592758 1.49500217218883 0 1.71345333848149 1.30592637578957 1.06052299286239 1.58391678961925 0.968014923855662
1.0755132639315 0.938855853397399 1.62768396246247 1.1069173712749 1.89551861188374 1.48242617002688 1.44519175752066 0.961650771321729 1.42597736231983 1.29064684384502 1.62261487077922 1.52358842501417 1.90862030698918 1.63033404503949 1.01810794440098 0.955961860250682 1.45123240747489 1.28205156908371 1.33503092429601 0.936166083440185 1.69761302159168 1.4824734646827 1.53254401730374 1.7980607827194 1.71345333848149 0 1.39346592780203 1.48995910072699 1.22530285804532 1.03130562533624
1.14208126626909 1.34688042965718 1.85264625493437 1.37600361090153 1.19503467227332 1.5669887852855 1.74268352426589 1.31729454034939 1.51966075715609 1.14062908897176 1.7300290549174 1.77249349444173 1.92105695279315 1.0807396506425 1.39199388260022 1.34997910936363 1.49293415364809 1.07552940957248 1.86270374152809 1.70386573229916 1.05625670426525 1.84708678512834 1.275792428758 1.53906833962537 1.30592637578957 1.39346592780203 0 1.36657032533549 1.62645451258868 1.20776735804975
1.0340376694221 1.84740792890079 1.14429633459076 1.90006860322319 1.58512483374216 1.66075332509354 1.73560324544087 0.952897695591673 1.56857691309415 1.28734716959298 1.43804326513782 1.39785532141104 1.62971137254499 1.44125973177142 1.79833887168206 1.46980803599581 1.57167046237737 1.17792711337097 1.30519220372662 1.01587324915454 1.88800543663092 1.8622349021025 0.977374445879832 1.50590838096105 1.06052299286239 1.48995910072699 1.36657032533549 0 1.04967146762647 1.25443311897106
0.97599965101108 1.92182902805507 0.95280619780533 1.14174479851499 1.70393031882122 1.74929771223105 1.0301334480755 1.42072161682881 1.88644105545245 1.72589295078069 1.320192421088 1.10517604253255 1.18532740115188 1.80310151237063 0.938853130443022 1.30769881908782 1.58620570460334 1.10070897149853 1.23098821588792 1.7455163798295 1.27867530006915 1.17480657040142 1.6919718964491 1.27812361740507 1.58391678961925 1.22530285804532 1.62645451258868 1.04967146762647 0 1.67891800869256
1.37877245224081 1.84712804621086 1.09971780027263 1.31525641819462 1.60739137954079 1.61331046442501 1.50457887002267 0.978288437472656 1.77272721496411 1.04567672475241 0.964748705970123 0.984703300055116 0.98096270323731 1.27295719180256 1.42901825974695 1.03414111677557 1.75249100197107 1.10413385345601 1.37336068972945 1.80870778183453 1.27870529145002 1.17976266634651 1.35124325496145 1.59587074327283 0.968014923855662 1.03130562533624 1.20776735804975 1.25443311897106 1.67891800869256 0
