0 1.87391082430258 0.898478268412873 1.34335333481431 1.25478977523744 1.02774826623499 1.60541135608219 1.04907255060971 1.55962160089985 1.01463213190436 1.68308774568141 1.77178406855091 1.33397724875249 1.14037012238987 1.34514350164682 1.56482740840875 1.16698138182983 1.89036920294166 1.71457347576506 1.82930300361477 1.77696034358814 1.46488166297786 1.79755621403456 1.30446821451187 1.02766587934457 1.6743282051757 1.4051464588847 1.42591527919285 1.35532251535915 1.59043339057826
1.87391082430258 0 1.20687842648476 1.13740042992868 1.19208909524605 1.28243928472511 1.24323928495869 1.56426069187 1.67665357817896 1.02633989369497 1.69258847250603 1.84193768678233 1.19880885747261 1.67016536043957 1.87877933005802 1.7716562282294 1.16173555119894 1.81908397446387 1.32165879500099 1.15048708021641 1.10274684126489 1.09708995441906 1.63021609047428 0.961965197697282 1.36856007180177 1.72140168678015 1.6348944932688 1.04893187968992 1.72425333806314 1.7444442473352
0.898478268412873 1.20687842648476 0 1.38253812328912 1.65971716167405 1.14554692804813 0.904564851429313 1.71529823006131 1.17478791740723 1.72213261504658 1.67140579526313 1.39833569875918 1.1285797203891 1.55581738403998 1.2797533958219 1.2020706278272 1.46525278058834 1.29549310845323 1.49854093673639 1.70235182950273 0.908500149613246 1.555216163164 1.78422246058472 1.55215770704672 0.932849942706525 1.75993427471258 1.373619585298 0.941678736824542 1.38140955986455 1.02275995374657
1.34335333481431 1.13740042992868 1.38253812328912 0 1.02600106364116 1.71625741967 1.73080334393308 0.981674744049087 1.34237426356412 1.19240568904206 1.15193990292028 1.15399487642571 1.49472768837586 1.27325125527568 1.03671660693362 1.62058393005282 1.19283430604264 1.44920511473902 1.45473442343064 1.83588610030711 1.89507994404994 1.86326981126331 1.53008295502514 1.78454272937961 1.73327886033803 1.31550262286328 1.57210478442721 1.83818159927614 1.12954195984639 1.24010372557677
1.25478977523744 1.19208909524605 1.65971716167405 1.02600106364116 0 1.31261122506112 1.52568999887444 1.01356363552622 1.7481355285272 1.68038847483695 1.16589891188778 1.73838069080375 1.82442945591174 1.2061710441485 1.80427452758886 1.84038990247063 1.80697304336354 1.32038331404328 1.03309620381333 1.10170261701569 1.73119749990292 1.5836137898732 1.353660678491 1.50949074700475 1.7721747753676 1.79947537300177 1.31903979671188 1.10882811131887 1.24168490502052 1.51849015639164
1.02774826623499 1.28243928472511 1.14554692804813 1.71625741967 1.31261122506112 0 1.16788901924156 1.09591913293116 1.25038885511458 1.82556558237411 0.992294360185042 1.45854284637608 1.09676762251183 0.995966577902436 1.41019125119783 1.22460583387874 0.907164787175134 1.22414226876572 1.54663803055882 1.61516182660125 1.70149679924361 1.83454421767965 1.86275772377849 1.80342279491015 0.972799278562889 1.65492016612552 1.31981983617879 1.39589738263749 1.38852679007687 0.948291350156069
1.60541135608219 1.24323928495869 0.904564851429313 1.73080334393308 1.52568999887444 1.16788901924156 0 1.70931832375936 1.41967761097476 0.935065540019423 1.49371011205949 0.989666365785524 1.38328523351811 1.41320666461252 1.78054319345392 1.20172932534479 1.83788959449157 1.47834906750359 1.83083123178221 1.70187477348372 1.54381893575191 1.67689032386988 1.66395335854031 1.58719560713507 0.960932578891516 1.324102003593 1.2090482248459 1.60848054452799 1.69300274155103 1.61729195457883
1.04907255060971 1.56426069187 1.71529823006131 0.981674744049087 1.01356363552622 1.09591913293116 1.70931832375936 0 1.8166438920889 1.12904715165496 1.42423179652542 1.04137860191986 1.56285744323395 1.87398517969996 1.5006200876087 0.987156955525279 1.30729506351054 1.54101672489196 0.988716847728938 1.64313888247125 1.1476067523472 1.10563250607811 1.22220291593112 1.6973520971369 1.55509393871762 1.31261422252283 1.86129969335161 1.04078567400575 1.39889099285938 1.67202124930918
1.55962160089985 1.67665357817896 1.17478791740723 1.34237426356412 1.7481355285272 1.25038885511458 1.41967761097476 1.8166438920889 0 1.82256213505752 1.77775201736949 1.75234180130064 1.01699100551195 1.75582226458937 1.2409017693717 1.25018985150382 1.80663685291074 1.0046311900951 1.0691448871512 1.10458749975078 1.63990774261765 0.953513798071072 1.85939513123594 1.11473307688721 1.03626003791578 1.83029126259498 1.34797161491588 1.59053769754246 1.34259905223735 0.901553496485576
1.01463213190436 1.02633989369497 1.72213261504658 1.19240568904206 1.68038847483695 1.82556558237411 0.935065540019423 1.12904715165496 1.82256213505752 0 1.09543400234543 1.23960555810481 1.47723331931047 1.07865267572924 1.37082510977052 1.82113547576591 1.21815468766727 1.31969630438834 1.46793284825981 1.21639491245151 1.00341198407114 1.38886368111707 1.25202288175933 1.76819804590195 0.983800869667903 1.0400988899637 1.32778154266998 1.43546826345846 1.36441019410267 1.31358313444071
1.68308774568141 1.69258847250603 1.67140579526313 1.15193990292028 1.16589891188778 0.992294360185042 1.49371011205949 1.42423179652542 1.77775201736949 1.09543400234543 0 1.79095213860273 1.48354624048807 1.26795157627203 1.36392719740979 1.30539605533704 1.28026458853856 1.25853539258242 1.29811046365649 1.45526287797838 1.54315055184998 1.36283145099878 1.04549900675192 1.0745086655952 1.70209683501162 1.15025290264748 1.56370228668675 1.02273191837594 1.28071462432854 1.31493232026696
1.77178406855091 1.84193768678233 1.39833569875918 1.15399487642571 1.73838069080375 1.45854284637608 0.989666365785524 1.04137860191986 1.75234180130064 1.23960555810481 1.79095213860273 0 1.7317687291652 1.68624474713579 1.56161800725386 1.54088146938011 1.64052874804474 1.62671277439222 1.31686081970111 1.56625415640883 1.3671883251518 1.63599168672226 1.67294274107553 1.37893739226274 1.33466027956456 1.42724186135456 1.89302051998675 1.25640683644451 1.44023244315758 1.57025978271849
1.33397724875249 1.19880885747261 1.1285797203891 1.49472768837586 1.82442945591174 1.09676762251183 1.38328523351811 1.56285744323395 1.01699100551195 1.47723331931047 1.48354624048807 1.7317687291652 0 0.91921449941583 1.65432623052038 1.31682309228927 1.26432090136223 0.970168256666511 1.18903020420112 1.03822968411259 1.05262255622074 1.38271440751851 1.24750001425855 1.02131413202733 1.81540499161929 0.896278980420902 1.25310901901685 1.24196844664402 0.953027495183051 1.18776431470178
1.14037012238987 1.67016536043957 1.55581738403998 1.27325125527568 1.2061710441485 0.995966577902436 1.41320666461252 1.87398517969996 1.75582226458937 1.07865267572924 1.26795157627203 1.68624474713579 0.91921449941583 0 1.85762815014459 0.955820093862712 1.50789403845556 0.926122803706676 1.55115260230377 1.51138674747199 1.28267812216654 1.04460910265334 1.59012460452504 0.989240909228101 1.08342264057137 1.18529401766136 1.70836336305365 1.52365193516016 0.986208402551711 1.21781845809892
1.34514350164682 1.87877933005802 1.2797533958219 1.03671660693362 1.80427452758886 1.41019125119783 1.78054319345392 1.5006200876087 1.2409017693717 1.37082510977052 1.36392719740979 1.56161800725386 1.65432623052038 1.85762815014459 0 1.55087633803487 1.65681393630803 1.25105265062302 1.08533881907351 1.22827215935104 1.19200003892183 1.33663646946661 1.49398179748096 1.44104423327371 0.913775160675868 1.38664236152545 1.42158114421181 1.82287743291818 1.80885343113914 1.10043903021142
1.56482740840875 1.7716562282294 1.2020706278272 1.62058393005282 1.84038990247063 1.22460583387874 1.20172932534479 0.987156955525279 1.25018985150382 1.82113547576591 1.30539605533704 1.54088146938011 1.31682309228927 0.955820093862712 1.55087633803487 0 1.42829922423698 0.958592981332913 1.54389818292111 0.988703257171437 1.39560205629095 1.75796682760119 1.19114209129475 1.64865914126858 1.66153335897252 1.70407767686993 1.30754821863957 1.70603677304462 0.933343148324639 1.83313212031499
1.16698138182983 1.16173555119894 1.46525278058834 1.19283430604264 1.80697304336354 0.907164787175134 1.83788959449157 1.30729506351054 1.80663685291074 1.21815468766727 1.28026458853856 1.64052874804474 1.26432090136223 1.50789403845556 1.65681393630803 1.42829922423698 0 1.77249669656157 1.81990208290517 0.925914003513753 1.19138997327536 1.79108652658761 1.43114947224967 1.43046106398106 1.4630249820184 1.07005543401465 0.915827971184626 1.45013500796631 1.18915308336727 1.51185404136777
1.89036920294166 1.81908397446387 1.29549310845323 1.44920511473902 1.32038331404328 1.22414226876572 1.47834906750359 1.54101672489196 1.0046311900951 1.31969630438834 1.25853539258242 1.62671277439222 0.970168256666511 0.926122803706676 1.25105265062302 0.958592981332913 1.77249669656157 0 1.4672648254782 0.961717996979132 1.41383656556718 1.82171330996789 1.48447664431296 1.30682398471981 1.43787877098657 1.83185660140589 1.0936208255589 1.77491696039215 1.89193612965755 1.58692964934744
1.71457347576506 1.32165879500099 1.49854093673639 1.45473442343064 1.03309620381333 1.54663803055882 1.83083123178221 0.988716847728938 1.0691448871512 1.46793284825981 1.29811046365649 1.31686081970111 1.18903020420112 1.55115260230377 1.08533881907351 1.54389818292111 1.81990208290517 1.4672648254782 0 1.80458012921736 1.80503207771108 1.8450455062557 1.31113963597454 1.40319418441504 1.25758311408572 1.18085102317855 1.21336568263359 0.933802620274946 1.25021623005159 1.37917695264332
1.82930300361477 1.15048708021641 1.70235182950273 1.83588610030711 1.10170261701569 1.61516182660125 1.70187477348372 1.64313888247125 1.10458749975078 1.21639491245151 1.45526287797838 1.56625415640883 1.03822968411259 1.51138674747199 1.22827215935104 0.988703257171437 0.925914003513753 0.961717996979132 1.80458012921736 0 0.948777525220066 1.23095266497694 0.900834663538262 1.27958989748731 1.1987068685703 1.75054059363902 1.17368746292777 1.19353884202428 1.08338240720332 1.06088754604571
1.77696034358814 1.10274684126489 0.908500149613246 1.89507994404994 1.73119749990292 1.70149679924361 1.54381893575191 1.1476067523472 1.63990774261765 1.00341198407114 1.54315055184998 1.3671883251518 1.05262255622074 1.28267812216654 1.19200003892183 1.39560205629095 1.19138997327536 1.41383656556718 1.80503207771108 0.948777525220066 0 1.24653844372369 1.71599745820276 0.952127523021773 0.975374610396102 1.72502687899396 1.54506461462006 1.07895406335592 0.907923106336966 1.07789248670451
1.46488166297786 1.09708995441906 1.555216163164 1.86326981126331 1.5836137898732 1.83454421767965 1.67689032386988 1.10563250607811 0.953513798071072 1.38886368111707 1.36283145099878 1.63599168672226 1.38271440751851 1.04460910265334 1.33663646946661 1.75796682760119 1.79108652658761 1.82171330996789 1.8450455062557 1.23095266497694 1.24653844372369 0 1.06532659614459 1.80695627070963 0.944823310011998 1.40099946898408 1.79894778737798 1.83000674867071 0.986944227013737 1.41374652623199
1.79755621403456 1.63021609047428 1.78422246058472 1.53008295502514 1.353660678491 1.86275772377849 1.66395335854031 1.22220291593112 1.85939513123594 1.25202288175933 1.04549900675192 1.67294274107553 1.24750001425855 1.59012460452504 1.49398179748096 1.19114209129475 1.43114947224967 1.48447664431296 1.31113963597454 0.900834663538262 1.71599745820276 1.06532659614459 0 0.91948506468907 1.6342474159319 1.42082626419142 1.36074945493601 1.50546797295101 1.09151595132425 1.65092209517024
1.30446821451187 0.961965197697282 1.55215770704672 1.78454272937961 1.50949074700475 1.80342279491015 1.58719560713507 1.6973520971369 1.11473307688721 1.76819804590195 1.0745086655952 1.37893739226274 1.02131413202733 0.989240909228101 1.44104423327371 1.64865914126858 1.43046106398106 1.30682398471981 1.40319418441504 1.27958989748731 0.952127523021773 1.80695627070963 0.91948506468907 0 0.965847451006994 1.3380688696634 1.25638138828799 1.55132598569617 1.24678641813807 1.67664801073261
1.02766587934457 1.36856007180177 0.932849942706525 1.73327886033803 1.7721747753676 0.972799278562889 0.960932578891516 1.55509393871762 1.03626003791578 0.983800869667903 1.70209683501162 1.33466027956456 1.81540499161929 1.08342264057137 0.913775160675868 1.66153335897252 1.4630249820184 1.43787877098657 1.25758311408572 1.1987068685703 0.975374610396102 0.944823310011998 1.6342474159319 0.965847451006994 0 1.1588957333006 0.942843743832782 0.96842692559585 1.84987215348519 1.47253942466341
1.6743282051757 1.72140168678015 1.75993427471258 1.31550262286328 1.79947537300177 1.65492016612552 1.324102003593 1.31261422252283 1.83029126259498 1.0400988899637 1.15025290264748 1.42724186135456 0.896278980420902 1.18529401766136 1.38664236152545 1.70407767686993 1.07005543401465 1.83185660140589 1.18085102317855 1.75054059363902 1.72502687899396 1.40099946898408 1.42082626419142 1.3380688696634 1.1588957333006 0 1.37317407294177 1.67679455783218 1.14376954780892 1.87307996256277
1.4051464588847 1.6348944932688 1.373619585298 1.57210478442721 1.31903979671188 1.31981983617879 1.2090482248459 1.86129969335161 1.34797161491588 1.32778154266998 1.56370228668675 1.89302051998675 1.25310901901685 1.70836336305365 1.42158114421181 1.30754821863957 0.915827971184626 1.0936208255589 1.21336568263359 1.17368746292777 1.54506461462006 1.79894778737798 1.36074945493601 1.25638138828799 0.942843743832782 1.37317407294177 0 0.918965607183054 1.29030284308828 1.31266932701692
1.42591527919285 1.04893187968992 0.941678736824542 1.83818159927614 1.10882811131887 1.39589738263749 1.60848054452799 1.04078567400575 1.59053769754246 1.43546826345846 1.02273191837594 1.25640683644451 1.24196844664402 1.52365193516016 1.82287743291818 1.70603677304462 1.45013500796631 1.77491696039215 0.933802620274946 1.19353884202428 1.07895406335592 1.83000674867071 1.50546797295101 1.55132598569617 0.96842692559585 1.67679455783218 0.918965607183054 0 1.0015714680776 1.25943048344925
1.35532251535915 1.72425333806314 1.38140955986455 1.12954195984639 1.24168490502052 1.38852679007687 1.69300274155103 1.39889099285938 1.34259905223735 1.36441019410267 1.28071462432854 1.44023244315758 0.953027495183051 0.986208402551711 1.80885343113914 0.933343148324639 1.18915308336727 1.89193612965755 1.25021623005159 1.08338240720332 0.907923106336966 0.986944227013737 1.09151595132425 1.24678641813807 1.84987215348519 1.14376954780892 1.29030284308828 1.0015714680776 0 1.46815099730156
1.59043339057826 1.7444442473352 1.02275995374657 1.24010372557677 1.51849015639164 0.948291350156069 1.61729195457883 1.67202124930918 0.901553496485576 1.31358313444071 1.31493232026696 1.57025978271849 1.18776431470178 1.21781845809892 1.10043903021142 1.83313212031499 1.51185404136777 1.58692964934744 1.37917695264332 1.06088754604571 1.07789248670451 1.41374652623199 1.65092209517024 1.67664801073261 1.47253942466341 1.87307996256277 1.31266932701692 1.25943048344925 1.46815099730156 0
