0 0.99601051886566 1.6526077510789 1.53829459659755 1.16631573345512 1.06030246382579 1.15822535473853 1.20915303076617 1.82567208097316 1.84110231348313 1.91405070247129 1.63569595152512 1.04747611307539 1.72993916948326 1.57396770315245 1.14707842911594 1.70900552161038 1.94209679402411 1.63389777718112 1.21947694988921 1.92200037045404 1.94055504119024 1.34244923223741 1.34305252018385 1.00872979778796 1.43063033442013 1.32655014842749 1.07908184756525 1.64619197626598 1.13692168518901
0.99601051886566 0 1.78353324299678 1.70238374266773 1.90579429641366 1.63029182888567 1.84105520602316 1.74110741890036 1.09474629722536 1.88079594681039 1.35746674356051 1.50653446069919 1.01783247664571 1.12314513674937 1.80639951350167 1.85778665938415 1.74744094000198 1.61081323446706 1.92261932929978 1.09960181475617 1.45728026563302 1.4110379293561 0.990205316338688 1.337923519779 1.20595875172876 1.58272903226316 1.80982505553402 1.67574893450364 1.43612876161933 1.43299429607578
1.6526077510789 1.78353324299678 0 1.57432163390331 1.33024762687273 1.43493455997668 1.54204043443315 1.03655647579581 1.94735270389356 1.93121517822146 1.50519480230287 1.47486160695553 1.04754724097438 1.2017441985663 1.88124046288431 1.07439481117763 1.94941090326756 1.76607407559641 1.27527717268094 1.87907653278671 1.72139029647224 1.14247206435539 1.41090506361797 1.53336654207669 1.22669658437371 0.969124289462343 1.75629487494007 1.35786497150548 1.7038827710785 1.50649938429706
1.53829459659755 1.70238374266773 1.57432163390331 0 1.59268059907481 1.18049356667325 1.80040404340252 1.62783182738349 1.94773509143852 1.69194108759984 1.07119445526041 1.23936145729385 1.38259356329218 0.96988806524314 1.51408403948881 1.78900941857137 1.05240310635418 1.82005096971989 1.57807060214691 1.35724592441693 1.06335166888312 1.46087558823638 1.5737779957708 1.67914006975479 1.87769996537827 0.972602361114696 1.17845871206373 1.38992038788274 1.53379117557779 1.13501690444537
1.16631573345512 1.90579429641366 1.33024762687273 1.59268059907481 0 1.18111396720633 1.95133875170723 1.7127355565317 1.76853211899288 1.7191144998651 1.09541918290779 1.28378824843094 1.88429439044558 1.63813842367381 1.47202765243128 1.75176490959711 1.06587361684069 1.54304426489398 1.22821088228375 1.08222777815536 1.94601061986759 1.11960667301901 1.31350158923306 1.51856566197239 1.95500347623602 1.79976343596354 1.53910928033292 1.25813303329051 1.02258840762079 1.61836502607912
1.06030246382579 1.63029182888567 1.43493455997668 1.18049356667325 1.18111396720633 0 1.48309237719513 1.9336849974934 1.65331473946571 1.61038713064045 0.976630181539804 1.84759265743196 1.80005978955887 1.42049936181866 1.86749037029222 1.04228838835843 1.87829530797899 1.4402826000005 1.16255947970785 1.86281037051231 1.65102631621994 1.57046347786672 1.66645926469937 1.27556138322689 1.86683799163438 1.15196829964407 1.29617020324804 1.5684303061571 1.44131939159706 1.55430630175397
1.15822535473853 1.84105520602316 1.54204043443315 1.80040404340252 1.95133875170723 1.48309237719513 0 1.78788066003472 1.23040871112607 1.02321995864622 1.65160114387982 1.56886603590101 1.81479098903947 1.06683998275548 1.79277250682935 1.01514107710682 1.23028205009177 1.84751840750687 0.956701005809009 1.5389149968978 0.981506839394569 1.24598251027055 1.15713473316282 1.69280666764826 1.16909994813614 1.68009576876648 1.89725501369685 1.725598965073 1.04549441905692 1.16942503442988
1.20915303076617 1.74110741890036 1.03655647579581 1.62783182738349 1.7127355565317 1.9336849974934 1.78788066003472 0 1.28214426035993 1.77737251203507 1.40827772160992 1.10595062375069 1.27665604348294 1.50613873684779 1.58771805441938 0.984860456315801 1.33850169996731 1.03915594960563 1.10595266893506 1.36173827084713 1.09388559404761 1.66818592138588 1.88010544027202 1.41169351246208 1.91599045065232 1.61265725921839 1.09332595672458 1.01857464760542 1.53006616630591 1.324366025161
1.82567208097316 1.09474629722536 1.94735270389356 1.94773509143852 1.76853211899288 1.65331473946571 1.23040871112607 1.28214426035993 0 0.983770557912067 1.92916618683375 1.09141323412769 1.02019612491131 1.39185195113532 1.04040816868655 1.72351103881374 1.75080554746091 0.97358945896849 1.8572078847792 1.6569462204352 1.2168890691828 1.85558915976435 1.00683217030019 1.36545761418529 1.06429806724191 1.21774881938472 1.0741272456944 1.11928059207276 1.32437860220671 0.994865438668057
1.84110231348313 1.88079594681039 1.93121517822146 1.69194108759984 1.7191144998651 1.61038713064045 1.02321995864622 1.77737251203507 0.983770557912067 0 1.11751910159364 1.95304661942646 1.38247616169974 1.39480964629911 1.07313628005795 1.8306035050191 1.37939274148084 1.02627330389805 1.17931283637881 1.08314074994996 1.52258557733148 1.44117386080325 1.64246811484918 1.08850763202645 1.86660205293447 1.4075565689709 1.3073086598888 1.61384592950344 1.44295193860307 1.5023232542444
1.91405070247129 1.35746674356051 1.50519480230287 1.07119445526041 1.09541918290779 0.976630181539804 1.65160114387982 1.40827772160992 1.92916618683375 1.11751910159364 0 1.48056846135296 1.54751225071959 1.93038306967355 1.60211030975915 1.90191924804822 1.40359880402684 1.84821970923804 1.48337701498531 1.88512623123825 1.23142799595371 1.5750059299171 1.52306335023604 1.39052737294696 1.15534363151528 1.03689769655466 1.70109776128083 1.05885209422559 0.98001532186754 1.74484450253658
1.63569595152512 1.50653446069919 1.47486160695553 1.23936145729385 1.28378824843094 1.84759265743196 1.56886603590101 1.10595062375069 1.09141323412769 1.95304661942646 1.48056846135296 0 1.29361103475094 1.41112533351406 1.3014998245053 0.982020490104333 1.1687727260869 1.81649794429541 1.28143105935305 1.88428088347428 1.05773317907006 1.16481632902287 1.69704808644019 1.02682885108516 1.95284837158397 1.62049126625061 1.31365934130736 1.32734485436231 1.46985826245509 1.71949871256948
1.04747611307539 1.01783247664571 1.04754724097438 1.38259356329218 1.88429439044558 1.80005978955887 1.81479098903947 1.27665604348294 1.02019612491131 1.38247616169974 1.54751225071959 1.29361103475094 0 1.57125176559202 0.989247667836025 1.1752552385442 1.69440730614588 1.48570337379351 1.62262362195179 1.00901106442325 1.73002471448854 1.00948402122594 1.55493463738821 1.14770904439501 1.50202547525987 1.53561841975898 1.7303750240244 1.5495630830992 1.89724533888511 1.76516098133288
1.72993916948326 1.12314513674937 1.2017441985663 0.96988806524314 1.63813842367381 1.42049936181866 1.06683998275548 1.50613873684779 1.39185195113532 1.39480964629911 1.93038306967355 1.41112533351406 1.57125176559202 0 1.07342338538729 1.26422175159678 1.09913363051601 1.55862935562618 1.13840399170294 1.35583063401282 1.61934093572199 1.92770411120728 1.78297678381205 1.54065228137188 1.25107226753607 1.94249042635784 1.12180652073584 1.56691004661843 1.34579445654526 1.75946179684252
1.57396770315245 1.80639951350167 1.88124046288431 1.51408403948881 1.47202765243128 1.86749037029222 1.79277250682935 1.58771805441938 1.04040816868655 1.07313628005795 1.60211030975915 1.3014998245053 0.989247667836025 1.07342338538729 0 1.94901037355885 1.20837647723965 1.63551220763475 1.42926684487611 1.35001219832338 1.95523068052717 1.18887293385342 1.3505741241388 1.63826196501032 1.45721606165171 1.3765871450305 1.14608878386207 1.06171758682467 1.68750054761767 1.76225899532437
1.14707842911594 1.85778665938415 1.07439481117763 1.78900941857137 1.75176490959711 1.04228838835843 1.01514107710682 0.984860456315801 1.72351103881374 1.8306035050191 1.90191924804822 0.982020490104333 1.1752552385442 1.26422175159678 1.94901037355885 0 1.04180131480098 1.42182752513327 1.50186668056995 1.54068312630989 1.69232956715859 1.49170682393014 1.73057987028733 1.67913311463781 1.02658568019979 0.979205924551934 1.88026026566513 1.09694165620022 1.6393080339767 1.43309771642089
1.70900552161038 1.74744094000198 1.94941090326756 1.05240310635418 1.06587361684069 1.87829530797899 1.23028205009177 1.33850169996731 1.75080554746091 1.37939274148084 1.40359880402684 1.1687727260869 1.69440730614588 1.09913363051601 1.20837647723965 1.04180131480098 0 1.45757315843366 1.25741342036054 1.66555009875447 1.62242693989538 1.11126514431089 1.48506345576607 1.01603630022146 1.61063024983741 1.77445794455707 1.57993501564488 0.973517573438585 1.36905023432337 1.64581804024056
1.94209679402411 1.61081323446706 1.76607407559641 1.82005096971989 1.54304426489398 1.4402826000005 1.84751840750687 1.03915594960563 0.97358945896849 1.02627330389805 1.84821970923804 1.81649794429541 1.48570337379351 1.55862935562618 1.63551220763475 1.42182752513327 1.45757315843366 0 1.77759338193573 0.979134461609647 1.3023518465925 1.49155813967809 0.995549410348758 1.90896010724828 1.00990075594746 1.03758279699832 1.02399947424419 1.1655228023883 1.65943273575976 1.45911414944567
1.63389777718112 1.92261932929978 1.27527717268094 1.57807060214691 1.22821088228375 1.16255947970785 0.956701005809009 1.10595266893506 1.8572078847792 1.17931283637881 1.48337701498531 1.28143105935305 1.62262362195179 1.13840399170294 1.42926684487611 1.50186668056995 1.25741342036054 1.77759338193573 0 1.08456947701052 1.84158465429209 1.1930098826997 1.84951009368524 1.41077381698415 1.57621520478278 1.74674181919545 1.74052170105278 1.27873781998642 1.06402033707127 0.970657293219119
1.21947694988921 1.09960181475617 1.87907653278671 1.35724592441693 1.08222777815536 1.86281037051231 1.5389149968978 1.36173827084713 1.6569462204352 1.08314074994996 1.88512623123825 1.88428088347428 1.00901106442325 1.35583063401282 1.35001219832338 1.54068312630989 1.66555009875447 0.979134461609647 1.08456947701052 0 1.89788635727018 1.71442894474603 1.66095102531835 1.02204349008389 1.36381197441369 1.65134631842375 1.1350032701157 1.63354226970114 1.18362475023605 1.58244935562834
1.92200037045404 1.45728026563302 1.72139029647224 1.06335166888312 1.94601061986759 1.65102631621994 0.981506839394569 1.09388559404761 1.2168890691828 1.52258557733148 1.23142799595371 1.05773317907006 1.73002471448854 1.61934093572199 1.95523068052717 1.69232956715859 1.62242693989538 1.3023518465925 1.84158465429209 1.89788635727018 0 1.76559790270403 1.09229192719795 1.28266893164255 1.06150911957957 1.4077040895354 1.04463129863143 1.87217098451219 1.40053897956386 1.06116611906327
1.94055504119024 1.4110379293561 1.14247206435539 1.46087558823638 1.11960667301901 1.57046347786672 1.24598251027055 1.66818592138588 1.85558915976435 1.44117386080325 1.5750059299171 1.16481632902287 1.00948402122594 1.92770411120728 1.18887293385342 1.49170682393014 1.11126514431089 1.49155813967809 1.1930098826997 1.71442894474603 1.76559790270403 0 1.38045411999337 1.93028838536702 1.16979502141476 1.14310889109038 1.60847904998809 1.2730517864693 1.15972982463427 1.69002860877663
1.34244923223741 0.990205316338688 1.41090506361797 1.5737779957708 1.31350158923306 1.66645926469937 1.15713473316282 1.88010544027202 1.00683217030019 1.64246811484918 1.52306335023604 1.69704808644019 1.55493463738821 1.78297678381205 1.3505741241388 1.73057987028733 1.48506345576607 0.995549410348758 1.84951009368524 1.66095102531835 1.09229192719795 1.38045411999337 0 1.32421372807585 1.34666656656191 1.41442813095637 1.17841871781275 1.5689368431922 1.30374214658514 1.3440018503461
1.34305252018385 1.337923519779 1.53336654207669 1.67914006975479 1.51856566197239 1.27556138322689 1.69280666764826 1.41169351246208 1.36545761418529 1.08850763202645 1.39052737294696 1.02682885108516 1.14770904439501 1.54065228137188 1.63826196501032 1.67913311463781 1.01603630022146 1.90896010724828 1.41077381698415 1.02204349008389 1.28266893164255 1.93028838536702 1.32421372807585 0 1.10256611998193 1.89960931171663 1.21545924036764 1.86933938902803 1.22053939080797 1.72961465478875
1.00872979778796 1.20595875172876 1.22669658437371 1.87769996537827 1.95500347623602 1.86683799163438 1.16909994813614 1.91599045065232 1.06429806724191 1.86660205293447 1.15534363151528 1.95284837158397 1.50202547525987 1.25107226753607 1.45721606165171 1.02658568019979 1.61063024983741 1.00990075594746 1.57621520478278 1.36381197441369 1.06150911957957 1.16979502141476 1.34666656656191 1.10256611998193 0 1.01155145373195 1.63773437822238 1.33190498873591 1.90842930274084 1.28184974845499
1.43063033442013 1.58272903226316 0.969124289462343 0.972602361114696 1.79976343596354 1.15196829964407 1.68009576876648 1.61265725921839 1.21774881938472 1.4075565689709 1.03689769655466 1.62049126625061 1.53561841975898 1.94249042635784 1.3765871450305 0.979205924551934 1.77445794455707 1.03758279699832 1.74674181919545 1.65134631842375 1.4077040895354 1.14310889109038 1.41442813095637 1.89960931171663 1.01155145373195 0 1.88581647840329 1.04767385940067 1.14889301918447 1.76416272995993
1.32655014842749 1.80982505553402 1.75629487494007 1.17845871206373 1.53910928033292 1.29617020324804 1.89725501369685 1.09332595672458 1.0741272456944 1.3073086598888 1.70109776128083 1.31365934130736 1.7303750240244 1.12180652073584 1.14608878386207 1.88026026566513 1.57993501564488 1.02399947424419 1.74052170105278 1.1350032701157 1.04463129863143 1.60847904998809 1.17841871781275 1.21545924036764 1.63773437822238 1.88581647840329 0 1.56520136934705 1.68189555453137 1.92316829180345
1.07908184756525 1.67574893450364 1.35786497150548 1.38992038788274 1.25813303329051 1.5684303061571 1.725598965073 1.01857464760542 1.11928059207276 1.61384592950344 1.05885209422559 1.32734485436231 1.5495630830992 1.56691004661843 1.06171758682467 1.09694165620022 0.973517573438585 1.1655228023883 1.27873781998642 1.63354226970114 1.87217098451219 1.2730517864693 1.5689368431922 1.86933938902803 1.33190498873591 1.04767385940067 1.56520136934705 0 1.65920295054093 1.03125825035386
1.64619197626598 1.43612876161933 1.7038827710785 1.53379117557779 1.02258840762079 1.44131939159706 1.04549441905692 1.53006616630591 1.32437860220671 1.44295193860307 0.98001532186754 1.46985826245509 1.89724533888511 1.34579445654526 1.68750054761767 1.6393080339767 1.36905023432337 1.65943273575976 1.06402033707127 1.18362475023605 1.40053897956386 1.15972982463427 1.30374214658514 1.22053939080797 1.90842930274084 1.14889301918447 1.68189555453137 1.65920295054093 0 1.65156351402402
1.13692168518901 1.43299429607578 1.50649938429706 1.13501690444537 1.61836502607912 1.55430630175397 1.16942503442988 1.324366025161 0.994865438668057 1.5023232542444 1.74484450253658 1.71949871256948 1.76516098133288 1.75946179684252 1.76225899532437 1.43309771642089 1.64581804024056 1.45911414944567 0.970657293219119 1.58244935562834 1.06116611906327 1.69002860877663 1.3440018503461 1.72961465478875 1.28184974845499 1.76416272995993 1.92316829180345 1.03125825035386 1.65156351402402 0
