0 1.5863154171966 1.01077708648518 1.2977639476303 1.09440469113179 1.70176272420213 1.46906862105243 1.78895136388019 1.90002780221403 1.58298055222258 1.6921048341319 1.73585185478441 1.32785881427117 1.51887126057409 1.43459667172283 1.89849101635627 1.36346962302923 1.24034505523741 0.976149649592116 1.27133341412991 1.47621413646266 1.11234903638251 1.60228479187936 1.20147882867604 1.64948027767241 1.18160208198242 1.39501136750914 1.88123964122497 1.58391523943283 1.82554817758501
1.5863154171966 0 1.77065824042074 1.92012133146636 1.82561450498179 1.61971406731755 1.81381680653431 1.72100860718638 1.30413775611669 1.33765577967279 1.05435141944326 1.50358223170042 1.60585239436477 1.75119111198001 1.58077271468937 1.90243558771908 1.45074402913451 1.24337840382941 1.41159273753874 1.0571040159557 1.35361977992579 1.48487576004118 1.8675276869908 1.02145209698938 1.29185693641193 1.23152510193177 1.73668623901904 1.10462741367519 1.87115015392192 1.73224322265014
1.01077708648518 1.77065824042074 0 1.72575992811471 1.73063413472846 1.69206185941584 1.80395802343264 1.51624553091824 1.47680953308009 1.60098076891154 1.05828284821473 1.57141551957466 1.77599869482219 1.35876336507499 1.64949496439658 1.47935996367596 1.44174264208414 1.34845417342149 1.78319204831496 1.92994719394483 1.51924343314022 1.57137044193223 1.43991036107764 1.19009628659114 1.65888060489669 1.20623437082395 1.73403004114516 1.94348093448207 1.47285217838362 1.23425698187202
1.2977639476303 1.92012133146636 1.72575992811471 0 1.09452411346138 1.1414790651761 1.34341164235957 1.75712621840648 1.75573232676834 1.82223133393563 1.56774848746136 1.57563088205643 1.31653951248154 1.33936046017334 1.00185911497101 1.35702954884619 1.05998752918094 1.65477673546411 1.1774959450122 1.14528453722596 1.28330006846227 1.5994613270741 1.1405908530578 1.40392752736807 1.77859301469289 1.32018257700838 1.78842383692972 1.68805635953322 1.5771378481295 1.10335145215504
1.09440469113179 1.82561450498179 1.73063413472846 1.09452411346138 0 1.81761530507356 1.56872198591009 1.90512634185143 1.6899602136109 1.78275129431859 1.15944199333899 1.72396437218413 1.32759383413941 1.64639256475493 1.19247198430821 1.14097183779813 1.85974577488378 1.30528992367908 1.93286980432458 1.84425467671826 1.42312034894712 1.20011180243455 1.5777119200211 1.80957521311939 1.59237903147005 1.30118869082071 1.68285554158501 1.04486863873899 0.976366864517331 1.40825051208958
1.70176272420213 1.61971406731755 1.69206185941584 1.1414790651761 1.81761530507356 0 1.92163574905135 1.393737641396 1.65920946304686 1.77220149268396 0.966568092117086 1.51308143115602 1.16144046024419 1.42415394377895 1.77460460434668 1.2262285402976 1.21831874386407 1.91740913246758 1.81193172652274 1.74037781287916 1.85703898244537 1.12412741500884 1.27823180076666 1.4478645187337 1.67348486301489 1.89155343640596 1.35125265223905 1.90686159301549 1.48480431968346 1.84236897761002
1.46906862105243 1.81381680653431 1.80395802343264 1.34341164235957 1.56872198591009 1.92163574905135 0 1.33938088594005 1.0593067118898 1.4624251825735 1.90722646936774 1.30278031807393 1.51921391696669 1.36853515496477 1.88365929014981 1.08627994963899 1.2903239345178 1.47826923010871 1.26945955562405 1.83063116273843 1.80627742875367 1.19912067940459 1.53987773344852 1.7165076029487 1.41263121855445 1.14888755837455 1.13194113620557 1.30501936376095 0.954967838944867 1.28554522967897
1.78895136388019 1.72100860718638 1.51624553091824 1.75712621840648 1.90512634185143 1.393737641396 1.33938088594005 0 1.19532081717625 1.67506800033152 1.05428547831252 1.72473077406175 1.7892278325744 1.1009751718957 0.99553086492233 1.13173681497574 1.27841917099431 1.06891949684359 1.80268242536113 1.66259342199191 1.44686791673303 1.88671642495319 1.27663774346001 1.07516881474294 1.67975212982856 1.02132061845623 1.74887106288224 1.40362965641543 1.34293938195333 1.72746971528977
1.90002780221403 1.30413775611669 1.47680953308009 1.75573232676834 1.6899602136109 1.65920946304686 1.0593067118898 1.19532081717625 0 1.86618424067274 1.47703016689047 1.19960049423389 1.52091172034852 1.85599485179409 1.06259312806651 1.523551549064 1.43977960385382 1.80411240854301 1.59370673634112 1.63882963173091 1.52474981849082 1.08939559850842 1.13566828100011 1.89019092475064 1.77512511028908 1.30169543623924 1.76384805957787 1.64444479509257 1.20515582733788 1.92394814291038
1.58298055222258 1.33765577967279 1.60098076891154 1.82223133393563 1.78275129431859 1.77220149268396 1.4624251825735 1.67506800033152 1.86618424067274 0 0.996191042475402 1.71802254859358 1.07306905905716 1.47830397053622 1.0772383841686 0.969694945262745 1.72482994059101 1.7871722204145 1.78124098014086 1.04430344770662 1.87620066176169 1.89589349064045 1.04083434538916 1.54265203187242 1.3939066065941 1.26128849689849 1.63963930704631 1.70551245263778 0.996552211232483 1.10591211472638
1.6921048341319 1.05435141944326 1.05828284821473 1.56774848746136 1.15944199333899 0.966568092117086 1.90722646936774 1.05428547831252 1.47703016689047 0.996191042475402 0 1.58034180058166 1.8595373693388 1.43934819498099 1.30540779838338 1.64934013271704 1.81373938871548 1.85318890935741 1.35637579928152 1.40217138570733 1.33545273006894 1.56457130191848 1.31374862999655 1.52059457823634 1.84939729608595 1.56513309455477 1.84452568227425 1.20517976861447 0.952258630422875 1.8885525430087
1.73585185478441 1.50358223170042 1.57141551957466 1.57563088205643 1.72396437218413 1.51308143115602 1.30278031807393 1.72473077406175 1.19960049423389 1.71802254859358 1.58034180058166 0 1.35534912836738 0.989803806412965 1.6991578603629 1.75149588123895 1.19748173467815 1.30925829568878 0.979341594967991 0.964017221704125 1.19288407405838 1.16241187462583 1.17616034834646 1.18324123183265 1.04333860520273 1.74260214134119 1.61112362099811 1.78242485737428 1.37960490654223 1.07599305012263
1.32785881427117 1.60585239436477 1.77599869482219 1.31653951248154 1.32759383413941 1.16144046024419 1.51921391696669 1.7892278325744 1.52091172034852 1.07306905905716 1.8595373693388 1.35534912836738 0 1.72917546820827 1.2559141672682 1.20369044272229 1.6476787077263 1.29083377309144 1.11407476221211 1.51000017439947 1.51041688746773 1.0923288972117 1.01713441777974 1.55357628175989 1.65104005020112 1.4414196216967 1.32108315080404 1.35722227604128 1.32146353530698 1.23299402208067
1.51887126057409 1.75119111198001 1.35876336507499 1.33936046017334 1.64639256475493 1.42415394377895 1.36853515496477 1.1009751718957 1.85599485179409 1.47830397053622 1.43934819498099 0.989803806412965 1.72917546820827 0 1.61527816858143 1.25532889249735 1.84205099125393 1.30825925245881 1.46095673157834 1.07173783495091 1.61834476515651 1.51473514921963 0.975169506855309 1.44069169904105 1.87346198735759 1.55237496760674 1.01618642662652 1.76174450479448 1.84638378280215 1.43669909238815
1.43459667172283 1.58077271468937 1.64949496439658 1.00185911497101 1.19247198430821 1.77460460434668 1.88365929014981 0.99553086492233 1.06259312806651 1.0772383841686 1.30540779838338 1.6991578603629 1.2559141672682 1.61527816858143 0 1.79638725542463 1.30154730123468 1.05727071221918 1.84193983953446 0.947691500885412 1.10775649407879 1.87000018754043 1.37883481360041 1.6726482170634 1.88713699905202 1.28027043817565 1.47072672261856 1.3564387881197 0.965909680118784 1.24724293639883
1.89849101635627 1.90243558771908 1.47935996367596 1.35702954884619 1.14097183779813 1.2262285402976 1.08627994963899 1.13173681497574 1.523551549064 0.969694945262745 1.64934013271704 1.75149588123895 1.20369044272229 1.25532889249735 1.79638725542463 0 1.2224799641408 1.1086632378865 1.00535403494723 1.17749114823528 1.29845456941985 1.56077729398385 1.23643408366479 1.11917704157531 1.69185316679068 1.62051134533249 1.52890296140686 1.67423827620223 1.02700402773917 1.41337281698361
1.36346962302923 1.45074402913451 1.44174264208414 1.05998752918094 1.85974577488378 1.21831874386407 1.2903239345178 1.27841917099431 1.43977960385382 1.72482994059101 1.81373938871548 1.19748173467815 1.6476787077263 1.84205099125393 1.30154730123468 1.2224799641408 0 1.94124032300897 1.26568321418017 1.63961288146675 1.93318919278681 1.3765135272406 1.46289820037782 1.40388234215789 1.76399241178297 1.73972628079355 0.974771606037393 1.64502167212777 1.01047524949536 1.7589605730027
1.24034505523741 1.24337840382941 1.34845417342149 1.65477673546411 1.30528992367908 1.91740913246758 1.47826923010871 1.06891949684359 1.80411240854301 1.7871722204145 1.85318890935741 1.30925829568878 1.29083377309144 1.30825925245881 1.05727071221918 1.1086632378865 1.94124032300897 0 1.88834862387739 1.49755728174932 1.14004355412908 1.31161619280465 1.79233837849461 1.1408511151094 1.39050940982997 1.63225421565585 1.16767688537948 1.92238481319509 1.27807938400656 1.80638946499676
0.976149649592116 1.41159273753874 1.78319204831496 1.1774959450122 1.93286980432458 1.81193172652274 1.26945955562405 1.80268242536113 1.59370673634112 1.78124098014086 1.35637579928152 0.979341594967991 1.11407476221211 1.46095673157834 1.84193983953446 1.00535403494723 1.26568321418017 1.88834862387739 0 1.29391836840659 0.947166511090472 1.64366203802638 1.28630043729208 1.69583789701574 1.70671639661305 1.59708517696708 1.02087635057978 1.53980288933963 1.43348608561791 1.48950419016182
1.27133341412991 1.0571040159557 1.92994719394483 1.14528453722596 1.84425467671826 1.74037781287916 1.83063116273843 1.66259342199191 1.63882963173091 1.04430344770662 1.40217138570733 0.964017221704125 1.51000017439947 1.07173783495091 0.947691500885412 1.17749114823528 1.63961288146675 1.49755728174932 1.29391836840659 0 1.47176867723465 1.84606615197845 1.81299163331278 1.30524628888816 1.67286913865246 0.96233820845373 1.66621570941061 1.52604051167145 1.03551971074194 1.01683687907644
1.47621413646266 1.35361977992579 1.51924343314022 1.28330006846227 1.42312034894712 1.85703898244537 1.80627742875367 1.44686791673303 1.52474981849082 1.87620066176169 1.33545273006894 1.19288407405838 1.51041688746773 1.61834476515651 1.10775649407879 1.29845456941985 1.93318919278681 1.14004355412908 0.947166511090472 1.47176867723465 0 1.4333578189835 1.90402395231649 1.01103314431384 1.69444730319083 1.6922092710156 1.84937730547972 1.47757233981974 1.41505190986209 0.95829816465266
1.11234903638251 1.48487576004118 1.57137044193223 1.5994613270741 1.20011180243455 1.12412741500884 1.19912067940459 1.88671642495319 1.08939559850842 1.89589349064045 1.56457130191848 1.16241187462583 1.0923288972117 1.51473514921963 1.87000018754043 1.56077729398385 1.3765135272406 1.31161619280465 1.64366203802638 1.84606615197845 1.4333578189835 0 1.2453641728498 1.4889476057142 1.41845888108946 1.39490885520354 1.02210456738248 1.88515480002388 1.60013172612526 1.40474231238477
1.60228479187936 1.8675276869908 1.43991036107764 1.1405908530578 1.5777119200211 1.27823180076666 1.53987773344852 1.27663774346001 1.13566828100011 1.04083434538916 1.31374862999655 1.17616034834646 1.01713441777974 0.975169506855309 1.37883481360041 1.23643408366479 1.46289820037782 1.79233837849461 1.28630043729208 1.81299163331278 1.90402395231649 1.2453641728498 0 1.02361267711967 1.10327465133741 1.27306997170672 1.5972221433185 1.85544815543108 1.75221035303548 1.33941073087044
1.20147882867604 1.02145209698938 1.19009628659114 1.40392752736807 1.80957521311939 1.4478645187337 1.7165076029487 1.07516881474294 1.89019092475064 1.54265203187242 1.52059457823634 1.18324123183265 1.55357628175989 1.44069169904105 1.6726482170634 1.11917704157531 1.40388234215789 1.1408511151094 1.69583789701574 1.30524628888816 1.01103314431384 1.4889476057142 1.02361267711967 0 1.57787820673548 1.32546795206144 1.37918627634645 1.34442507312633 1.642209980404 1.07333970442414
1.64948027767241 1.29185693641193 1.65888060489669 1.77859301469289 1.59237903147005 1.67348486301489 1.41263121855445 1.67975212982856 1.77512511028908 1.3939066065941 1.84939729608595 1.04333860520273 1.65104005020112 1.87346198735759 1.88713699905202 1.69185316679068 1.76399241178297 1.39050940982997 1.70671639661305 1.67286913865246 1.69444730319083 1.41845888108946 1.10327465133741 1.57787820673548 0 1.62783320224844 1.5154973345343 1.84037188393995 1.77597066224553 1.42917478387244
1.18160208198242 1.23152510193177 1.20623437082395 1.32018257700838 1.30118869082071 1.89155343640596 1.14888755837455 1.02132061845623 1.30169543623924 1.26128849689849 1.56513309455477 1.74260214134119 1.4414196216967 1.55237496760674 1.28027043817565 1.62051134533249 1.73972628079355 1.63225421565585 1.59708517696708 0.96233820845373 1.6922092710156 1.39490885520354 1.27306997170672 1.32546795206144 1.62783320224844 0 1.23145676986314 1.73637123778462 1.75033687986434 1.71809368673712
1.39501136750914 1.73668623901904 1.73403004114516 1.78842383692972 1.68285554158501 1.35125265223905 1.13194113620557 1.74887106288224 1.76384805957787 1.63963930704631 1.84452568227425 1.61112362099811 1.32108315080404 1.01618642662652 1.47072672261856 1.52890296140686 0.974771606037393 1.16767688537948 1.02087635057978 1.66621570941061 1.84937730547972 1.02210456738248 1.5972221433185 1.37918627634645 1.5154973345343 1.23145676986314 0 1.64812182239257 1.26120034465566 1.53566837892868
1.88123964122497 1.10462741367519 1.94348093448207 1.68805635953322 1.04486863873899 1.90686159301549 1.30501936376095 1.40362965641543 1.64444479509257 1.70551245263778 1.20517976861447 1.78242485737428 1.35722227604128 1.76174450479448 1.3564387881197 1.67423827620223 1.64502167212777 1.92238481319509 1.53980288933963 1.52604051167145 1.47757233981974 1.88515480002388 1.85544815543108 1.34442507312633 1.84037188393995 1.73637123778462 1.64812182239257 0 1.08350694365799 0.968371540075168
1.58391523943283 1.87115015392192 1.47285217838362 1.5771378481295 0.976366864517331 1.48480431968346 0.954967838944867 1.34293938195333 1.20515582733788 0.996552211232483 0.952258630422875 1.37960490654223 1.32146353530698 1.84638378280215 0.965909680118784 1.02700402773917 1.01047524949536 1.27807938400656 1.43348608561791 1.03551971074194 1.41505190986209 1.60013172612526 1.75221035303548 1.642209980404 1.77597066224553 1.75033687986434 1.26120034465566 1.08350694365799 0 0.947243023198098
1.82554817758501 1.73224322265014 1.23425698187202 1.10335145215504 1.40825051208958 1.84236897761002 1.28554522967897 1.72746971528977 1.92394814291038 1.10591211472638 1.8885525430087 1.07599305012263 1.23299402208067 1.43669909238815 1.24724293639883 1.41337281698361 1.7589605730027 1.80638946499676 1.48950419016182 1.01683687907644 0.95829816465266 1.40474231238477 1.33941073087044 1.07333970442414 1.42917478387244 1.71809368673712 1.53566837892868 0.968371540075168 0.947243023198098 0
