0 1.29177009034902 1.74113793834113 0.993631476070732 1.39657253702171 1.2112024994567 1.63837688951753 1.06584757682867 1.73294873093255 1.8183855228126 1.62968360842206 1.53210254828446 1.14424095372669 1.12804567604326 1.38984536961652 1.12594448099844 1.66346658882685 1.00871352199465 1.58937187353149 1.21642467705533 1.79004072560929 1.54634066578001 1.595878143562 1.12786397105083 1.20373923424631 1.76718770549633 1.32043431792408 1.6257175009232 1.35991657176055 0.914029382867739
1.29177009034902 0 1.09703943692148 1.39698349032551 1.60624344600365 1.05467322585173 1.69368235953152 1.73874066374265 1.12950310762972 1.43791530840099 1.31140112737194 1.77047919505276 1.02471324964426 1.04144640127197 1.31975513044745 1.2877522080671 0.977890768786892 1.47804887150414 1.09607598395087 1.40343761187978 1.18492721579969 1.42960800346918 1.30483702430502 1.30241676769219 1.11370929330587 1.67566813249141 1.59356396039948 1.34729625540785 1.63068232615478 1.58151999372058
1.74113793834113 1.09703943692148 0 1.82518712501042 1.69323966279626 1.64229788002558 0.999748057918623 1.88643102394417 1.89763832069002 1.8850313660223 1.80482982797548 1.16374766640365 0.91013921238482 1.15405908273533 1.7199190906249 0.966968724271283 1.67952415370382 1.5082489985507 1.5560821373947 1.2641559492331 1.23583549191244 1.06454184418544 1.83352015772834 1.89568704832345 1.43666223133914 1.32432325836271 1.0372314194683 1.68577653844841 1.51180729828775 1.02326656109653
0.993631476070732 1.39698349032551 1.82518712501042 0 1.25078982347623 1.24112126952969 1.03677160060033 1.31491515273228 1.7112820642069 1.83655050233938 1.52374371234328 1.74924662453122 1.80252080620266 0.985483181197196 0.953471320914105 1.53063439065591 1.74616672005504 1.58124908898026 1.38190739881247 1.19771254248917 1.16340598301031 1.74371013347991 1.76823623268865 0.946785356383771 1.63412179797888 1.6816878169775 1.41732022585347 1.18395993858576 1.8380016295705 1.29966003610753
1.39657253702171 1.60624344600365 1.69323966279626 1.25078982347623 0 1.45809690048918 1.46228345646523 1.47938184509985 1.6964570696 1.82534561632201 1.83574414323084 1.57128211832605 0.949601316358894 1.67435749596916 1.08046127762645 1.80458941799589 1.02435454167426 1.66133526409976 0.942144162487239 1.51264090323821 1.8354620328173 1.44630627403967 1.87744732946157 1.49648328963667 1.48838183446787 1.87996178306639 1.31115357065573 1.81642367714085 1.57986792526208 1.81519201537594
1.2112024994567 1.05467322585173 1.64229788002558 1.24112126952969 1.45809690048918 0 1.16389863169752 1.73645489080809 1.84143413417041 1.51723862579092 1.21851839590818 1.90459868963808 0.969548609806225 1.75182778853923 0.909486409509555 1.41903962148353 1.89168169023469 1.45436487905681 0.957422039238736 1.2998925941065 1.74624910019338 1.75350298825651 1.14849056093954 1.09023463702761 0.974804209079593 1.78255918715149 1.53756846440956 1.26088958536275 1.28603186272085 1.49948839563876
1.63837688951753 1.69368235953152 0.999748057918623 1.03677160060033 1.46228345646523 1.16389863169752 0 1.31003875122406 1.36628909129649 1.86920852470212 1.03259504027665 1.46927567757666 1.18965667299926 1.57913087587804 1.66142441006377 1.28790217777714 0.941286889370531 1.86288895667531 1.02912902762182 1.06221331330016 1.2900410478469 0.983848635107279 1.70949825667776 1.50716838659719 1.57935162982903 1.11414332152344 1.83356060250662 1.56680125906132 1.59349720994942 1.21532210032456
1.06584757682867 1.73874066374265 1.88643102394417 1.31491515273228 1.47938184509985 1.73645489080809 1.31003875122406 0 1.39693339844234 1.34514178149402 1.14043057220988 1.2150074322708 1.33670064760372 1.51299850316718 1.80174779938534 1.46497126366012 1.53889052453451 1.10146899777465 1.7366917647887 1.0961800632067 1.32268716744147 0.983092505251989 0.941969485022128 1.6700243356172 1.33025292074308 1.18926394288428 1.67286805715412 1.89908075612038 1.7768097827211 1.10844511305913
1.73294873093255 1.12950310762972 1.89763832069002 1.7112820642069 1.6964570696 1.84143413417041 1.36628909129649 1.39693339844234 0 1.61031614406966 1.8398442605976 1.14553553937003 1.29722958244383 1.04951824527234 1.22592039592564 1.31957378610969 1.00053807068616 1.22021637647413 1.69210244691931 0.949689633445814 0.989650434814394 1.58009160286747 1.70175640727393 1.52519150683656 1.44669468607754 1.56720650964417 1.88258290570229 1.07411987404339 1.80323429894634 1.58896574191749
1.8183855228126 1.43791530840099 1.8850313660223 1.83655050233938 1.82534561632201 1.51723862579092 1.86920852470212 1.34514178149402 1.61031614406966 0 1.59249799442478 1.05629208334722 0.981836034916341 1.38285928987898 1.90051521966234 1.26670534606092 0.927921635331586 1.03245665994473 1.30702177644707 1.8570642429404 1.8227146982681 1.4996958472766 1.21732504875399 1.03622315009125 1.14358369982801 1.67021640227176 1.45110491523519 1.19929074146785 1.31066029029898 1.34755818918347
1.62968360842206 1.31140112737194 1.80482982797548 1.52374371234328 1.83574414323084 1.21851839590818 1.03259504027665 1.14043057220988 1.8398442605976 1.59249799442478 0 1.90315883327276 1.58561065956019 1.47201063390821 0.967994358856231 1.7805510002654 0.981446720659733 1.00425926572643 1.77318118605763 1.50515693775378 1.51743850880302 1.5983573095873 1.33592904964462 0.994938761694357 1.29816719028167 1.5428247412201 0.968707080930471 1.47812886955217 0.964052658295259 1.4110943840351
1.53210254828446 1.77047919505276 1.16374766640365 1.74924662453122 1.57128211832605 1.90459868963808 1.46927567757666 1.2150074322708 1.14553553937003 1.05629208334722 1.90315883327276 0 1.03776531107724 1.79836475430056 1.03085955791175 1.57440798939206 1.42820952809416 1.26779245794751 1.24853204772808 0.975228517549112 1.72216327348724 1.79018633905798 1.88274374045432 1.09617008874193 1.06929193460383 1.90115893958136 1.37812788551673 1.06887201801874 1.51616747118533 1.06936919502914
1.14424095372669 1.02471324964426 0.91013921238482 1.80252080620266 0.949601316358894 0.969548609806225 1.18965667299926 1.33670064760372 1.29722958244383 0.981836034916341 1.58561065956019 1.03776531107724 0 1.55747682717629 1.58265435206704 1.36678947811015 1.28707600827329 1.75911835161969 1.54515545698814 1.3325232041534 1.78320890106261 1.00643050344661 1.86141383554786 1.00588315492496 1.77738785510883 1.78202304197475 1.80894358106889 0.982899573165923 1.55716959014535 1.582762070233
1.12804567604326 1.04144640127197 1.15405908273533 0.985483181197196 1.67435749596916 1.75182778853923 1.57913087587804 1.51299850316718 1.04951824527234 1.38285928987898 1.47201063390821 1.79836475430056 1.55747682717629 0 1.08549911552109 1.10709648579359 1.10357387200929 1.2033752463758 1.37747277854942 1.66378454677761 1.02236277400516 1.4334328956902 1.73067159834318 1.3644194258377 1.80602630088106 1.17081670998596 1.4844254066702 0.976824561599642 1.62470003543422 1.28196420148015
1.38984536961652 1.31975513044745 1.7199190906249 0.953471320914105 1.08046127762645 0.909486409509555 1.66142441006377 1.80174779938534 1.22592039592564 1.90051521966234 0.967994358856231 1.03085955791175 1.58265435206704 1.08549911552109 0 0.962388562737033 1.40527041186579 1.20391239784658 1.72997357114218 1.31030350341462 1.61451658303849 1.70297021442093 1.01199739729054 1.37897333665751 1.19971939944662 1.17269804072566 1.78995478269644 1.06644144887105 1.81363206310198 1.37770306575112
1.12594448099844 1.2877522080671 0.966968724271283 1.53063439065591 1.80458941799589 1.41903962148353 1.28790217777714 1.46497126366012 1.31957378610969 1.26670534606092 1.7805510002654 1.57440798939206 1.36678947811015 1.10709648579359 0.962388562737033 0 1.78479074547067 0.961444593034685 1.87847710051574 1.28066392033361 1.83094327501021 1.71485038474202 1.83420849614777 1.27999411802739 1.35067747090943 1.66651037987322 1.12053580232896 0.978736805729568 1.5080061792396 1.76339543028735
1.66346658882685 0.977890768786892 1.67952415370382 1.74616672005504 1.02435454167426 1.89168169023469 0.941286889370531 1.53889052453451 1.00053807068616 0.927921635331586 0.981446720659733 1.42820952809416 1.28707600827329 1.10357387200929 1.40527041186579 1.78479074547067 0 1.78408751892857 1.88328335271217 1.38353654881939 1.6447195506189 1.56282354402356 1.00184400798753 1.24326089001261 1.28034969698638 1.64011902618222 1.1451950580813 1.64332060632296 1.55968702584505 1.46224955609068
1.00871352199465 1.47804887150414 1.5082489985507 1.58124908898026 1.66133526409976 1.45436487905681 1.86288895667531 1.10146899777465 1.22021637647413 1.03245665994473 1.00425926572643 1.26779245794751 1.75911835161969 1.2033752463758 1.20391239784658 0.961444593034685 1.78408751892857 0 1.26519293244928 1.19247267511673 1.47818932402879 1.25662238383666 1.76999213593081 0.906897312263027 1.03291567740962 1.83914012368768 1.75479551474564 1.83721210993826 0.931684162467718 0.983444464858621
1.58937187353149 1.09607598395087 1.5560821373947 1.38190739881247 0.942144162487239 0.957422039238736 1.02912902762182 1.7366917647887 1.69210244691931 1.30702177644707 1.77318118605763 1.24853204772808 1.54515545698814 1.37747277854942 1.72997357114218 1.87847710051574 1.88328335271217 1.26519293244928 0 1.51157920667902 1.75778901437297 1.60941700963303 1.18637935467996 1.38223930262029 1.43362254812382 1.4003144542221 1.62241009948775 1.88121247617528 1.02300985623151 1.52778608724475
1.21642467705533 1.40343761187978 1.2641559492331 1.19771254248917 1.51264090323821 1.2998925941065 1.06221331330016 1.0961800632067 0.949689633445814 1.8570642429404 1.50515693775378 0.975228517549112 1.3325232041534 1.66378454677761 1.31030350341462 1.28066392033361 1.38353654881939 1.19247267511673 1.51157920667902 0 1.28328838245943 1.65176443685777 1.41180526721291 1.22477335552685 1.16339042875916 1.65932488115504 1.39603376155719 1.22989537240937 1.25676363147795 1.40330252563581
1.79004072560929 1.18492721579969 1.23583549191244 1.16340598301031 1.8354620328173 1.74624910019338 1.2900410478469 1.32268716744147 0.989650434814394 1.8227146982681 1.51743850880302 1.72216327348724 1.78320890106261 1.02236277400516 1.61451658303849 1.83094327501021 1.6447195506189 1.47818932402879 1.75778901437297 1.28328838245943 0 1.7335507508833 1.59540646430105 1.50003184354864 1.00659742974676 1.71153262490407 1.61212465679273 1.79722748952918 1.61681604082696 1.87376919435337
1.54634066578001 1.42960800346918 1.06454184418544 1.74371013347991 1.44630627403967 1.75350298825651 0.983848635107279 0.983092505251989 1.58009160286747 1.4996958472766 1.5983573095873 1.79018633905798 1.00643050344661 1.4334328956902 1.70297021442093 1.71485038474202 1.56282354402356 1.25662238383666 1.60941700963303 1.65176443685777 1.7335507508833 0 1.33118545054458 1.71340448618867 1.65760990208946 1.18427947582677 1.30693769175559 1.19431245722808 1.35497101489455 1.70407021697611
1.595878143562 1.30483702430502 1.83352015772834 1.76823623268865 1.87744732946157 1.14849056093954 1.70949825667776 0.941969485022128 1.70175640727393 1.21732504875399 1.33592904964462 1.88274374045432 1.86141383554786 1.73067159834318 1.01199739729054 1.83420849614777 1.00184400798753 1.76999213593081 1.18637935467996 1.41180526721291 1.59540646430105 1.33118545054458 0 1.83904332038946 0.995320489630103 1.53835546481423 1.18261765502393 1.00430855434388 1.29968761838973 1.24344888655469
1.12786397105083 1.30241676769219 1.89568704832345 0.946785356383771 1.49648328963667 1.09023463702761 1.50716838659719 1.6700243356172 1.52519150683656 1.03622315009125 0.994938761694357 1.09617008874193 1.00588315492496 1.3644194258377 1.37897333665751 1.27999411802739 1.24326089001261 0.906897312263027 1.38223930262029 1.22477335552685 1.50003184354864 1.71340448618867 1.83904332038946 0 1.25366855179891 1.85346400714479 1.86620370717719 1.84038108354434 1.58744569821283 1.57481954852119
1.20373923424631 1.11370929330587 1.43666223133914 1.63412179797888 1.48838183446787 0.974804209079593 1.57935162982903 1.33025292074308 1.44669468607754 1.14358369982801 1.29816719028167 1.06929193460383 1.77738785510883 1.80602630088106 1.19971939944662 1.35067747090943 1.28034969698638 1.03291567740962 1.43362254812382 1.16339042875916 1.00659742974676 1.65760990208946 0.995320489630103 1.25366855179891 0 1.23466128529981 0.925547008635476 1.34939640737139 1.61429498670623 1.30093976692297
1.76718770549633 1.67566813249141 1.32432325836271 1.6816878169775 1.87996178306639 1.78255918715149 1.11414332152344 1.18926394288428 1.56720650964417 1.67021640227176 1.5428247412201 1.90115893958136 1.78202304197475 1.17081670998596 1.17269804072566 1.66651037987322 1.64011902618222 1.83914012368768 1.4003144542221 1.65932488115504 1.71153262490407 1.18427947582677 1.53835546481423 1.85346400714479 1.23466128529981 0 1.04430806823075 1.11514265602455 1.16773642902263 1.77651117509231
1.32043431792408 1.59356396039948 1.0372314194683 1.41732022585347 1.31115357065573 1.53756846440956 1.83356060250662 1.67286805715412 1.88258290570229 1.45110491523519 0.968707080930471 1.37812788551673 1.80894358106889 1.4844254066702 1.78995478269644 1.12053580232896 1.1451950580813 1.75479551474564 1.62241009948775 1.39603376155719 1.61212465679273 1.30693769175559 1.18261765502393 1.86620370717719 0.925547008635476 1.04430806823075 0 1.61270244093612 1.55517053208314 1.09942908585072
1.6257175009232 1.34729625540785 1.68577653844841 1.18395993858576 1.81642367714085 1.26088958536275 1.56680125906132 1.89908075612038 1.07411987404339 1.19929074146785 1.47812886955217 1.06887201801874 0.982899573165923 0.976824561599642 1.06644144887105 0.978736805729568 1.64332060632296 1.83721210993826 1.88121247617528 1.22989537240937 1.79722748952918 1.19431245722808 1.00430855434388 1.84038108354434 1.34939640737139 1.11514265602455 1.61270244093612 0 1.89473679149523 0.939791709417477
1.35991657176055 1.63068232615478 1.51180729828775 1.8380016295705 1.57986792526208 1.28603186272085 1.59349720994942 1.7768097827211 1.80323429894634 1.31066029029898 0.964052658295259 1.51616747118533 1.55716959014535 1.62470003543422 1.81363206310198 1.5080061792396 1.55968702584505 0.931684162467718 1.02300985623151 1.25676363147795 1.61681604082696 1.35497101489455 1.29968761838973 1.58744569821283 1.61429498670623 1.16773642902263 1.55517053208314 1.89473679149523 0 1.69603411457501
0.914029382867739 1.58151999372058 1.02326656109653 1.29966003610753 1.81519201537594 1.49948839563876 1.21532210032456 1.10844511305913 1.58896574191749 1.34755818918347 1.4110943840351 1.06936919502914 1.582762070233 1.28196420148015 1.37770306575112 1.76339543028735 1.46224955609068 0.983444464858621 1.52778608724475 1.40330252563581 1.87376919435337 1.70407021697611 1.24344888655469 1.57481954852119 1.30093976692297 1.77651117509231 1.09942908585072 0.939791709417477 1.69603411457501 0
