0 1.77717153378762 0.953619757900015 1.69582563475706 0.985793463885784 1.47960492572747 1.11151247471571 1.40917361527681 1.72310664062388 1.57974797976203 1.29262130893767 1.65352296526544 1.93517583748326 1.01445287792012 1.25919118896127 1.94554526987486 1.25487917847931 1.47684522345662 1.59345900430344 1.39817626914009 1.35936332191341 1.70105863921344 1.17778545175679 1.18259084410965 1.45085962675512 1.28432692796923 1.86480162641965 1.81947715207934 1.64896350819618 1.66609653155319
1.77717153378762 0 1.41340852738358 1.07009808160365 1.43051998293959 1.90002622688189 1.20289867953397 0.99142219289206 1.73189566121437 1.52037295349874 1.54676042264327 1.5864607503172 1.56957651069388 1.89329523290507 1.28280292777345 1.19520452921279 0.984045800520107 1.10261446516961 1.9006307667587 1.69655432621948 1.11527942423709 1.64592390041798 0.987134634284303 1.65156220109202 1.06502793706022 1.25726545415819 1.70629582018591 1.37640315224417 1.45833244756795 1.38258166308515
0.953619757900015 1.41340852738358 0 1.06659883074462 1.86463649687357 1.34326158487238 1.87550832075067 1.16519640013576 1.52419529622421 1.81705900607631 1.20023316354491 1.41728295688517 1.3944657498505 1.45305885467678 1.20851151738316 1.13204552931711 1.84612363460474 1.02428192249499 1.89166073431261 1.71397426980548 1.11528607131913 1.34975839103572 1.58294411795214 1.59617385827005 1.84713343298063 1.73270145361312 1.22878929995932 1.05898375436664 1.91288046375848 0.997824159217998
1.69582563475706 1.07009808160365 1.06659883074462 0 1.774729113793 1.76945192553103 1.59708228055388 1.71611599787138 1.92272599204443 1.72054216591641 1.01597092254087 1.64800748624839 1.09129767050035 1.41914237453602 1.30829051393084 0.994778798427433 1.81277081044391 1.67558545735665 1.43607267970219 1.91296871332452 1.54676946089603 1.28343310416676 1.21244397968985 1.49920568591915 1.1669107391499 0.952476310078055 1.03977564279921 1.43891432019882 1.0309342010878 1.09682316845283
0.985793463885784 1.43051998293959 1.86463649687357 1.774729113793 0 1.62326597981155 1.76923795952462 1.88515391061082 1.53262453363277 1.78718605893664 1.7057453263551 1.46541521092877 1.60229264898226 1.74560332135297 1.79665700742044 1.01976800663397 1.12935870559886 1.45681173936464 1.60328166838735 1.64158318052068 1.17790210596286 1.89026998099871 1.04858228052035 1.81815786776133 1.82452959334478 1.44898688606918 1.92735676700249 1.14489887352102 1.36888111731969 1.21325988997705
1.47960492572747 1.90002622688189 1.34326158487238 1.76945192553103 1.62326597981155 0 1.07524384604767 1.39534198562615 1.07407621340826 1.59359840862453 1.65464029251598 1.52554932166822 1.38724101171829 1.9222770514898 1.88752777385525 1.3017605363857 0.974418567493558 1.71321715903468 1.10454526846297 1.5222644850146 1.14644672814757 1.81107691070065 1.0197528002318 1.22255495330319 1.5413170629181 1.51748530194163 1.93752530356869 1.18594516138546 1.78693810198456 1.304161245469
1.11151247471571 1.20289867953397 1.87550832075067 1.59708228055388 1.76923795952462 1.07524384604767 0 1.76270446064882 1.24122717347927 1.51806533290073 1.09086002130061 1.39993065851741 1.89618512825109 1.11890188837424 1.6336399319116 1.61758692422882 1.19075771374628 1.13205775013193 1.77448985190131 1.75514201028273 1.00376134645194 1.01912751980126 0.953309570671991 1.02665371191688 1.0515121393837 1.40864508622326 1.05296268034726 1.27512545068748 1.5307659516111 1.45748853846453
1.40917361527681 0.99142219289206 1.16519640013576 1.71611599787138 1.88515391061082 1.39534198562615 1.76270446064882 0 1.21995738893747 1.3100216074381 1.89493004372343 1.46287836367264 1.1387115160469 1.26208317861892 1.31146486871876 1.68536676163785 1.34796789521351 1.62126475106925 1.58656756510027 1.52657275367528 1.89259229414165 1.63095868006349 1.49532410828397 1.43231558403932 1.18417588970624 1.52542776288465 1.58915913873352 1.74256202112883 1.57249246025458 1.06358635053039
1.72310664062388 1.73189566121437 1.52419529622421 1.92272599204443 1.53262453363277 1.07407621340826 1.24122717347927 1.21995738893747 0 1.61472885403782 1.11238962085918 1.8585457156878 1.68910869443789 0.984715688275173 1.18906152551062 1.05886884755455 1.78159234020859 1.76392892608419 1.64936303021386 1.74225265183486 1.5449875399936 1.17047240887769 1.40597950085066 1.85186666296795 1.87778486544266 1.45645143580623 1.72423129738308 1.05951087153517 1.33053761580959 1.48035723366775
1.57974797976203 1.52037295349874 1.81705900607631 1.72054216591641 1.78718605893664 1.59359840862453 1.51806533290073 1.3100216074381 1.61472885403782 0 1.24434988410212 1.15424461965449 1.38009191583842 1.06135133560747 1.95014446391724 1.49178466736339 1.0824217714835 1.36843161704019 1.57770652603358 1.28957397234626 1.74515390233137 1.46707579679787 1.93450629734434 1.41484025795944 1.46535427728668 1.45480814669281 1.59783158125356 1.05128038092516 1.21928332839161 1.20344720990397
1.29262130893767 1.54676042264327 1.20023316354491 1.01597092254087 1.7057453263551 1.65464029251598 1.09086002130061 1.89493004372343 1.11238962085918 1.24434988410212 0 1.23686768161133 1.16255337651819 1.07123723463155 1.63936074031517 1.11096688034013 1.22004279657267 1.88995038322173 1.52944817114621 1.66510859085247 1.94860153202899 1.93340316275135 1.75007327855565 1.94557567127049 1.75518806790933 0.960329856025055 1.68507611844689 1.65997584909201 1.23771210294217 1.47678822278976
1.65352296526544 1.5864607503172 1.41728295688517 1.64800748624839 1.46541521092877 1.52554932166822 1.39993065851741 1.46287836367264 1.8585457156878 1.15424461965449 1.23686768161133 0 1.51410900545307 1.01755948853679 1.55183342122473 1.52745068655349 1.04778081341647 1.70975059224293 1.62712184851989 1.29050057614222 1.26913506467827 1.36101897805929 1.40632412023842 1.77862032363191 1.82173162838444 1.5938711350318 1.52735227718949 1.21590056782588 1.92704005283304 1.84281794400886
1.93517583748326 1.56957651069388 1.3944657498505 1.09129767050035 1.60229264898226 1.38724101171829 1.89618512825109 1.1387115160469 1.68910869443789 1.38009191583842 1.16255337651819 1.51410900545307 0 1.57901451154612 1.08684615744278 1.76408181362785 1.41560120065697 1.76856387779117 1.80119954724796 1.63574508414604 1.44798607495613 1.74240676849149 1.81636740150861 1.93260518508032 1.3511822684668 1.18288414413109 1.80982342897914 1.91359966481104 1.63238094607368 1.02902046078816
1.01445287792012 1.89329523290507 1.45305885467678 1.41914237453602 1.74560332135297 1.9222770514898 1.11890188837424 1.26208317861892 0.984715688275173 1.06135133560747 1.07123723463155 1.01755948853679 1.57901451154612 0 1.07951970212162 1.8776023092214 1.8748391866684 1.73796609090641 1.88032273948193 1.70468424167484 1.76474106777459 1.64007343817502 1.32221728144214 1.81774227856658 1.76049404894002 1.61865528137423 1.61388794262893 1.88109564688057 1.83080270187929 1.67726016882807
1.25919118896127 1.28280292777345 1.20851151738316 1.30829051393084 1.79665700742044 1.88752777385525 1.6336399319116 1.31146486871876 1.18906152551062 1.95014446391724 1.63936074031517 1.55183342122473 1.08684615744278 1.07951970212162 0 1.84032710525207 1.43859373941086 1.21532698255032 1.41638389229774 1.80494290636852 1.11755739944056 1.16239960375242 1.0149687603116 1.48343721381389 1.65501429606229 1.35551997250877 1.78926801774651 1.15471608680673 1.44256213190965 1.48894295096397
1.94554526987486 1.19520452921279 1.13204552931711 0.994778798427433 1.01976800663397 1.3017605363857 1.61758692422882 1.68536676163785 1.05886884755455 1.49178466736339 1.11096688034013 1.52745068655349 1.76408181362785 1.8776023092214 1.84032710525207 0 1.47037879028358 1.12665735092014 1.40020476770587 0.957979833474383 0.995044060749933 1.3378498731181 1.2100859938655 1.31952748540789 1.07479655114003 1.05844824225642 1.74036254151724 1.91339806700125 1.15627823024988 1.02720731077716
1.25487917847931 0.984045800520107 1.84612363460474 1.81277081044391 1.12935870559886 0.974418567493558 1.19075771374628 1.34796789521351 1.78159234020859 1.0824217714835 1.22004279657267 1.04778081341647 1.41560120065697 1.8748391866684 1.43859373941086 1.47037879028358 0 1.00558005156927 1.64585275063291 1.4794319216162 1.05603946326301 0.99947913037613 1.53740877774544 1.53905815328471 1.50497124600224 1.08936626184732 1.42688808590174 0.984427307965234 1.05857501737773 1.6572700527031
1.47684522345662 1.10261446516961 1.02428192249499 1.67558545735665 1.45681173936464 1.71321715903468 1.13205775013193 1.62126475106925 1.76392892608419 1.36843161704019 1.88995038322173 1.70975059224293 1.76856387779117 1.73796609090641 1.21532698255032 1.12665735092014 1.00558005156927 0 1.25357274198905 1.46800473914482 1.88712828839198 1.48181440378539 1.78228133171797 1.2834398127161 1.88426163909025 0.992932599736378 1.16612529405393 1.85614088922739 1.71597906621173 1.47771675349213
1.59345900430344 1.9006307667587 1.89166073431261 1.43607267970219 1.60328166838735 1.10454526846297 1.77448985190131 1.58656756510027 1.64936303021386 1.57770652603358 1.52944817114621 1.62712184851989 1.80119954724796 1.88032273948193 1.41638389229774 1.40020476770587 1.64585275063291 1.25357274198905 0 1.8370322168339 1.50784964696504 1.79286391171627 0.967417392414063 1.85833122651093 1.3583058079239 1.78758615627885 1.1965465079993 1.48894572234713 1.90032507083379 1.52677393518388
1.39817626914009 1.69655432621948 1.71397426980548 1.91296871332452 1.64158318052068 1.5222644850146 1.75514201028273 1.52657275367528 1.74225265183486 1.28957397234626 1.66510859085247 1.29050057614222 1.63574508414604 1.70468424167484 1.80494290636852 0.957979833474383 1.4794319216162 1.46800473914482 1.8370322168339 0 1.73181533487514 1.25778357870877 1.91579763032496 1.33545289840549 1.45069629047066 1.57405050098896 1.29407003382221 1.52670060563833 1.31665037060156 1.57716074632481
1.35936332191341 1.11527942423709 1.11528607131913 1.54676946089603 1.17790210596286 1.14644672814757 1.00376134645194 1.89259229414165 1.5449875399936 1.74515390233137 1.94860153202899 1.26913506467827 1.44798607495613 1.76474106777459 1.11755739944056 0.995044060749933 1.05603946326301 1.88712828839198 1.50784964696504 1.73181533487514 0 1.26403573458083 1.39016831759363 1.5309759597294 1.70887843845412 1.65708785899915 1.66479121008888 0.975453497143462 1.79587942268699 1.01003431342542
1.70105863921344 1.64592390041798 1.34975839103572 1.28343310416676 1.89026998099871 1.81107691070065 1.01912751980126 1.63095868006349 1.17047240887769 1.46707579679787 1.93340316275135 1.36101897805929 1.74240676849149 1.64007343817502 1.16239960375242 1.3378498731181 0.99947913037613 1.48181440378539 1.79286391171627 1.25778357870877 1.26403573458083 0 1.264459625585 1.02776611223817 1.04916534922086 1.54070438328199 1.87162382365204 1.178479031194 1.13127649878152 0.98669520788826
1.17778545175679 0.987134634284303 1.58294411795214 1.21244397968985 1.04858228052035 1.0197528002318 0.953309570671991 1.49532410828397 1.40597950085066 1.93450629734434 1.75007327855565 1.40632412023842 1.81636740150861 1.32221728144214 1.0149687603116 1.2100859938655 1.53740877774544 1.78228133171797 0.967417392414063 1.91579763032496 1.39016831759363 1.264459625585 0 1.18734118435532 1.00998721318319 1.00998074747622 1.53257778496481 1.64630333264358 1.35361289023422 1.1949473337736
1.18259084410965 1.65156220109202 1.59617385827005 1.49920568591915 1.81815786776133 1.22255495330319 1.02665371191688 1.43231558403932 1.85186666296795 1.41484025795944 1.94557567127049 1.77862032363191 1.93260518508032 1.81774227856658 1.48343721381389 1.31952748540789 1.53905815328471 1.2834398127161 1.85833122651093 1.33545289840549 1.5309759597294 1.02776611223817 1.18734118435532 0 1.13705171388574 0.985245815245435 0.996717866044492 1.87835737946443 1.9053300882224 1.94556251331232
1.45085962675512 1.06502793706022 1.84713343298063 1.1669107391499 1.82452959334478 1.5413170629181 1.0515121393837 1.18417588970624 1.87778486544266 1.46535427728668 1.75518806790933 1.82173162838444 1.3511822684668 1.76049404894002 1.65501429606229 1.07479655114003 1.50497124600224 1.88426163909025 1.3583058079239 1.45069629047066 1.70887843845412 1.04916534922086 1.00998721318319 1.13705171388574 0 1.33276975573972 0.975489226635545 1.32564560277387 1.6164635703899 1.61463238508441
1.28432692796923 1.25726545415819 1.73270145361312 0.952476310078055 1.44898688606918 1.51748530194163 1.40864508622326 1.52542776288465 1.45645143580623 1.45480814669281 0.960329856025055 1.5938711350318 1.18288414413109 1.61865528137423 1.35551997250877 1.05844824225642 1.08936626184732 0.992932599736378 1.78758615627885 1.57405050098896 1.65708785899915 1.54070438328199 1.00998074747622 0.985245815245435 1.33276975573972 0 1.47890622122213 1.30119114159606 1.4002845059149 1.92431011353619
1.86480162641965 1.70629582018591 1.22878929995932 1.03977564279921 1.92735676700249 1.93752530356869 1.05296268034726 1.58915913873352 1.72423129738308 1.59783158125356 1.68507611844689 1.52735227718949 1.80982342897914 1.61388794262893 1.78926801774651 1.74036254151724 1.42688808590174 1.16612529405393 1.1965465079993 1.29407003382221 1.66479121008888 1.87162382365204 1.53257778496481 0.996717866044492 0.975489226635545 1.47890622122213 0 1.18761003413238 1.86035610665567 1.22388229309581
1.81947715207934 1.37640315224417 1.05898375436664 1.43891432019882 1.14489887352102 1.18594516138546 1.27512545068748 1.74256202112883 1.05951087153517 1.05128038092516 1.65997584909201 1.21590056782588 1.91359966481104 1.88109564688057 1.15471608680673 1.91339806700125 0.984427307965234 1.85614088922739 1.48894572234713 1.52670060563833 0.975453497143462 1.178479031194 1.64630333264358 1.87835737946443 1.32564560277387 1.30119114159606 1.18761003413238 0 1.05025687091984 1.58733514789492
1.64896350819618 1.45833244756795 1.91288046375848 1.0309342010878 1.36888111731969 1.78693810198456 1.5307659516111 1.57249246025458 1.33053761580959 1.21928332839161 1.23771210294217 1.92704005283304 1.63238094607368 1.83080270187929 1.44256213190965 1.15627823024988 1.05857501737773 1.71597906621173 1.90032507083379 1.31665037060156 1.79587942268699 1.13127649878152 1.35361289023422 1.9053300882224 1.6164635703899 1.4002845059149 1.86035610665567 1.05025687091984 0 0.995798498624936
1.66609653155319 1.38258166308515 0.997824159217998 1.09682316845283 1.21325988997705 1.304161245469 1.45748853846453 1.06358635053039 1.48035723366775 1.20344720990397 1.47678822278976 1.84281794400886 1.02902046078816 1.67726016882807 1.48894295096397 1.02720731077716 1.6572700527031 1.47771675349213 1.52677393518388 1.57716074632481 1.01003431342542 0.98669520788826 1.1949473337736 1.94556251331232 1.61463238508441 1.92431011353619 1.22388229309581 1.58733514789492 0.995798498624936 0
