0 1.59849913208745 1.23211750178598 1.58941621123813 1.43987193261273 1.09781851270236 1.48753332416527 1.50322713912465 1.68157234392129 1.91877800039947 1.43143083131872 1.02713578962721 1.33794473181479 1.85916979727335 1.8798447791487 1.38999468949623 1.06792360474356 1.17252488923259 1.44890611199662 1.05399994668551 1.00572907505557 0.980586467776448 1.77788418601267 1.37285577249713 1.84815757372417 1.43629224249162 1.78305412316695 1.84059774293564 1.30950551130809 1.12651508534327
1.59849913208745 0 1.23785240529105 1.61258079088293 1.66964591061696 1.35359040624462 1.84501829231158 1.07545778853819 1.69954161089845 1.8267620652914 1.55160286650062 1.14945321739651 0.959039730019867 1.92714058002457 1.79306356119923 1.24360373895615 1.06678662309423 1.14835925167426 1.68030657619238 1.75216645770706 1.38596500898711 1.72544925520197 1.73861930868588 1.49835393042304 1.71293327724561 1.05498185288161 1.86634689453058 1.8449254645966 1.21428537881002 1.33228231733665
1.23211750178598 1.23785240529105 0 1.53279537218623 1.52219457831234 1.7176999184303 0.94435348524712 1.08043104107492 1.27404857799411 1.85044560371898 1.85907161002979 1.74173404905014 1.20454904669896 1.03556310944259 1.53541608713567 1.69763026572764 1.89783679461107 1.10433559515513 1.92615793598816 1.47342478600331 1.81944345775992 1.34746512863785 1.01426470209844 1.84799716575071 1.67960520717315 1.92433477449231 1.55974578834139 1.08095102501102 0.95045445067808 1.19740392686799
1.58941621123813 1.61258079088293 1.53279537218623 0 1.40661116107367 1.14326267992146 1.63388597220182 1.01253497321159 1.71753265499137 1.14195207296871 1.63504527742043 1.19691830943339 1.86124014854431 1.224304076517 1.0910449360963 1.02530296263285 1.21890920121223 1.27292843582109 1.68662546318956 1.76418446865864 1.71685804915614 1.76621243380941 1.93653660546988 1.69906341191381 1.42000374151394 1.25623245513998 1.4223383392673 1.68798756296746 1.151808824623 1.73792166402563
1.43987193261273 1.66964591061696 1.52219457831234 1.40661116107367 0 1.54430849803612 1.6116995816119 1.18281761999242 1.42873272066936 1.15376881998964 1.75850037275814 1.5688605979085 1.18665273510851 0.991165729006752 1.86407650681213 1.26716661732644 1.24991296092048 1.65283182100393 1.92599087487906 1.83088757260703 1.82125070528127 1.77369812992401 0.993301072623581 1.31276157614775 1.28484845487401 1.14440068346448 1.48104081349447 0.962308193556964 1.33923503011465 1.34520665998571
1.09781851270236 1.35359040624462 1.7176999184303 1.14326267992146 1.54430849803612 0 1.77347729122266 1.658664687071 1.41865963302553 1.2341509826947 1.6725373279769 1.89198296936229 1.56273509049788 1.58663504454307 1.12560647795908 1.05189214460552 0.975587998051196 0.995397196384147 1.74225666746497 1.7684349056799 1.82786074606702 1.61386488587596 1.17118741781451 1.27141983341426 0.943061536177993 1.83545511821285 1.34067874588072 1.13678004429676 1.31280409102328 1.49584413692355
1.48753332416527 1.84501829231158 0.94435348524712 1.63388597220182 1.6116995816119 1.77347729122266 0 1.20466595422477 1.74001276609488 1.59232469554991 1.2178845484741 1.50509745581076 1.46753312973306 1.2392091259826 1.59725897503085 1.35026883217506 0.966110198292881 1.3029314072337 0.981804450741038 1.8649692798499 1.4936712346971 1.8015217629727 1.76074111112393 1.29381360416301 1.93399284570478 1.76287309010513 1.42951317410916 1.85464705876075 1.50453382940032 1.39667076733895
1.50322713912465 1.07545778853819 1.08043104107492 1.01253497321159 1.18281761999242 1.658664687071 1.20466595422477 0 1.65120926173404 1.5950442769099 1.5557460419368 1.9261156427674 1.17999074631371 1.19430820038542 1.38198725436814 1.5035731610842 1.06685795797966 1.17552602733485 1.70674123684876 1.16834693169221 1.36184530961327 1.02758136461489 1.58043617382646 1.15628158627078 1.21032222709619 1.88893222459592 1.60721829533577 1.59161412110552 1.58837618259713 1.07159623550251
1.68157234392129 1.69954161089845 1.27404857799411 1.71753265499137 1.42873272066936 1.41865963302553 1.74001276609488 1.65120926173404 0 1.59342347132042 1.81367031275295 1.93429512530565 1.67500439984724 1.06903542694636 1.15748321730644 1.72322806110606 1.12438235571608 1.63867027056403 1.71182065829635 1.61005420889705 1.81956257647835 1.18711013090797 1.55638897744939 1.92928135977127 1.40670966822654 1.53946827119216 1.15225887973793 0.967218737117946 1.82516128779389 1.40011639101431
1.91877800039947 1.8267620652914 1.85044560371898 1.14195207296871 1.15376881998964 1.2341509826947 1.59232469554991 1.5950442769099 1.59342347132042 0 1.56598874134943 1.08223077747971 1.57980069774203 1.85299144173041 1.27237903210334 0.958625282160938 1.50481634028256 1.73353595938534 1.02829494210891 1.5557170570828 1.60180148575455 1.22458641184494 1.74414026131853 1.83811226021498 1.6565759414807 1.32231353479438 1.52386392559856 1.56786955636926 1.37807571003214 1.13863638602197
1.43143083131872 1.55160286650062 1.85907161002979 1.63504527742043 1.75850037275814 1.6725373279769 1.2178845484741 1.5557460419368 1.81367031275295 1.56598874134943 0 1.72539523220621 1.67900514253415 1.06652652798221 1.44570440007374 1.02941750222817 1.38775418815203 1.89587377780117 1.28847113833763 1.52062510605901 1.72985928226262 0.98552244878374 1.12681062007323 1.0371518554166 1.29526091273874 1.4576666445937 1.54686224693432 1.89004154340364 1.29496301105246 1.14803669298999
1.02713578962721 1.14945321739651 1.74173404905014 1.19691830943339 1.5688605979085 1.89198296936229 1.50509745581076 1.9261156427674 1.93429512530565 1.08223077747971 1.72539523220621 0 1.62275029579177 1.55804849253036 1.35017375089228 1.64405506267212 1.82660067710094 1.78695494798012 1.43842971371487 1.18538608867675 1.39815557352267 1.09031618060544 1.55326478392817 1.09363628108986 1.04001225624233 1.72047232789919 1.51474148593843 1.76947545702569 1.04368896014057 1.62323799403384
1.33794473181479 0.959039730019867 1.20454904669896 1.86124014854431 1.18665273510851 1.56273509049788 1.46753312973306 1.17999074631371 1.67500439984724 1.57980069774203 1.67900514253415 1.62275029579177 0 1.45599927566946 1.12097975704819 1.42702919943258 1.15137603087351 1.8111364976503 1.01997835165821 1.76318670040928 0.989460383309051 1.01989556872286 1.71526767499745 1.34048426616937 1.59859051415697 1.34833609964699 1.25222284765914 1.51531962584704 1.31082804501057 1.12656120816246
1.85916979727335 1.92714058002457 1.03556310944259 1.224304076517 0.991165729006752 1.58663504454307 1.2392091259826 1.19430820038542 1.06903542694636 1.85299144173041 1.06652652798221 1.55804849253036 1.45599927566946 0 1.92615755437873 1.41450725798495 1.32624113583006 1.19045142782852 1.13743833056651 1.46152988052927 1.54383560013957 1.12462327303365 1.61305991862901 1.32795622595586 1.60721990303136 1.1889266888611 1.33293055417016 1.55844625364989 1.69757468649186 1.80368073261343
1.8798447791487 1.79306356119923 1.53541608713567 1.0910449360963 1.86407650681213 1.12560647795908 1.59725897503085 1.38198725436814 1.15748321730644 1.27237903210334 1.44570440007374 1.35017375089228 1.12097975704819 1.92615755437873 0 1.36273623234592 1.76791220880114 1.19739408488385 1.1117758108303 1.36526659829542 1.41650290344842 1.66108696651645 1.60690498654731 1.89158355351537 1.59275022451766 1.28607432520948 1.42751340637915 1.74435139074922 1.83171068574302 1.72828012239188
1.38999468949623 1.24360373895615 1.69763026572764 1.02530296263285 1.26716661732644 1.05189214460552 1.35026883217506 1.5035731610842 1.72322806110606 0.958625282160938 1.02941750222817 1.64405506267212 1.42702919943258 1.41450725798495 1.36273623234592 0 1.58281285921112 1.82377727492712 1.80330255744047 1.44368406874128 1.93070286535658 1.20463147596456 1.07319541159086 0.972759228898212 1.26789365778677 1.09194875415415 1.59608114231378 1.82264989754185 1.46019930648617 1.91797800594941
1.06792360474356 1.06678662309423 1.89783679461107 1.21890920121223 1.24991296092048 0.975587998051196 0.966110198292881 1.06685795797966 1.12438235571608 1.50481634028256 1.38775418815203 1.82660067710094 1.15137603087351 1.32624113583006 1.76791220880114 1.58281285921112 0 1.78519197180867 0.969112450256944 1.00122562143952 1.22416067658924 1.29639112227596 1.720166006824 1.1067594201304 1.32511858874932 1.05971317738295 1.83254136308096 1.88554136781022 1.86353823612444 1.56565351504833
1.17252488923259 1.14835925167426 1.10433559515513 1.27292843582109 1.65283182100393 0.995397196384147 1.3029314072337 1.17552602733485 1.63867027056403 1.73353595938534 1.89587377780117 1.78695494798012 1.8111364976503 1.19045142782852 1.19739408488385 1.82377727492712 1.78519197180867 0 1.62710233032703 1.70234154141508 1.15420264448039 1.13549559260719 1.04172865790315 1.71418409771286 1.69661543960683 1.26989993313327 1.23000324564055 1.23690212960355 1.77620537695475 1.84603536245413
1.44890611199662 1.68030657619238 1.92615793598816 1.68662546318956 1.92599087487906 1.74225666746497 0.981804450741038 1.70674123684876 1.71182065829635 1.02829494210891 1.28847113833763 1.43842971371487 1.01997835165821 1.13743833056651 1.1117758108303 1.80330255744047 0.969112450256944 1.62710233032703 0 1.88087264215574 1.72495255968533 1.90845098625869 0.999000852461904 1.01281791273504 1.51448946003802 1.12780482508242 1.13359681284055 1.36599978175946 1.73605761490762 1.76298033678904
1.05399994668551 1.75216645770706 1.47342478600331 1.76418446865864 1.83088757260703 1.7684349056799 1.8649692798499 1.16834693169221 1.61005420889705 1.5557170570828 1.52062510605901 1.18538608867675 1.76318670040928 1.46152988052927 1.36526659829542 1.44368406874128 1.00122562143952 1.70234154141508 1.88087264215574 0 1.41664284560829 1.27924182545394 1.04023203393444 1.18196522002108 1.14483663067222 1.06244557444006 1.2557269835379 1.30908302520402 1.07146789878607 1.77926677954383
1.00572907505557 1.38596500898711 1.81944345775992 1.71685804915614 1.82125070528127 1.82786074606702 1.4936712346971 1.36184530961327 1.81956257647835 1.60180148575455 1.72985928226262 1.39815557352267 0.989460383309051 1.54383560013957 1.41650290344842 1.93070286535658 1.22416067658924 1.15420264448039 1.72495255968533 1.41664284560829 0 1.81119670090266 1.279194007162 1.10673507815227 1.29517123359255 1.88751205615699 1.77461018622853 1.12964770244434 1.01819322584197 1.26951458933763
0.980586467776448 1.72544925520197 1.34746512863785 1.76621243380941 1.77369812992401 1.61386488587596 1.8015217629727 1.02758136461489 1.18711013090797 1.22458641184494 0.98552244878374 1.09031618060544 1.01989556872286 1.12462327303365 1.66108696651645 1.20463147596456 1.29639112227596 1.13549559260719 1.90845098625869 1.27924182545394 1.81119670090266 0 1.03331863507628 1.92684039543383 1.24145227530971 1.77773861028254 1.72668509208597 0.988238082965836 0.96304427809082 1.52220306056552
1.77788418601267 1.73861930868588 1.01426470209844 1.93653660546988 0.993301072623581 1.17118741781451 1.76074111112393 1.58043617382646 1.55638897744939 1.74414026131853 1.12681062007323 1.55326478392817 1.71526767499745 1.61305991862901 1.60690498654731 1.07319541159086 1.720166006824 1.04172865790315 0.999000852461904 1.04023203393444 1.279194007162 1.03331863507628 0 1.74192333803512 1.12929423502646 1.15156458620913 1.85806401958689 1.71454338985495 1.22600463894196 1.63032018579543
1.37285577249713 1.49835393042304 1.84799716575071 1.69906341191381 1.31276157614775 1.27141983341426 1.29381360416301 1.15628158627078 1.92928135977127 1.83811226021498 1.0371518554166 1.09363628108986 1.34048426616937 1.32795622595586 1.89158355351537 0.972759228898212 1.1067594201304 1.71418409771286 1.01281791273504 1.18196522002108 1.10673507815227 1.92684039543383 1.74192333803512 0 1.22618487523869 1.24984679883346 1.15212658816017 1.91155627206899 1.53813952254131 1.33460157155059
1.84815757372417 1.71293327724561 1.67960520717315 1.42000374151394 1.28484845487401 0.943061536177993 1.93399284570478 1.21032222709619 1.40670966822654 1.6565759414807 1.29526091273874 1.04001225624233 1.59859051415697 1.60721990303136 1.59275022451766 1.26789365778677 1.32511858874932 1.69661543960683 1.51448946003802 1.14483663067222 1.29517123359255 1.24145227530971 1.12929423502646 1.22618487523869 0 1.80231568706222 1.5230621942319 1.23033035849221 1.69311409862712 1.74790330999531
1.43629224249162 1.05498185288161 1.92433477449231 1.25623245513998 1.14440068346448 1.83545511821285 1.76287309010513 1.88893222459592 1.53946827119216 1.32231353479438 1.4576666445937 1.72047232789919 1.34833609964699 1.1889266888611 1.28607432520948 1.09194875415415 1.05971317738295 1.26989993313327 1.12780482508242 1.06244557444006 1.88751205615699 1.77773861028254 1.15156458620913 1.24984679883346 1.80231568706222 0 1.35813820362091 1.66453234339133 1.27277191216126 1.79690026096068
1.78305412316695 1.86634689453058 1.55974578834139 1.4223383392673 1.48104081349447 1.34067874588072 1.42951317410916 1.60721829533577 1.15225887973793 1.52386392559856 1.54686224693432 1.51474148593843 1.25222284765914 1.33293055417016 1.42751340637915 1.59608114231378 1.83254136308096 1.23000324564055 1.13359681284055 1.2557269835379 1.77461018622853 1.72668509208597 1.85806401958689 1.15212658816017 1.5230621942319 1.35813820362091 0 1.67957242554985 1.25815088208765 1.50425756955519
1.84059774293564 1.8449254645966 1.08095102501102 1.68798756296746 0.962308193556964 1.13678004429676 1.85464705876075 1.59161412110552 0.967218737117946 1.56786955636926 1.89004154340364 1.76947545702569 1.51531962584704 1.55844625364989 1.74435139074922 1.82264989754185 1.88554136781022 1.23690212960355 1.36599978175946 1.30908302520402 1.12964770244434 0.988238082965836 1.71454338985495 1.91155627206899 1.23033035849221 1.66453234339133 1.67957242554985 0 1.29607928846963 1.16398357762955
1.30950551130809 1.21428537881002 0.95045445067808 1.151808824623 1.33923503011465 1.31280409102328 1.50453382940032 1.58837618259713 1.82516128779389 1.37807571003214 1.29496301105246 1.04368896014057 1.31082804501057 1.69757468649186 1.83171068574302 1.46019930648617 1.86353823612444 1.77620537695475 1.73605761490762 1.07146789878607 1.01819322584197 0.96304427809082 1.22600463894196 1.53813952254131 1.69311409862712 1.27277191216126 1.25815088208765 1.29607928846963 0 1.22398781520315
1.12651508534327 1.33228231733665 1.19740392686799 1.73792166402563 1.34520665998571 1.49584413692355 1.39667076733895 1.07159623550251 1.40011639101431 1.13863638602197 1.14803669298999 1.62323799403384 1.12656120816246 1.80368073261343 1.72828012239188 1.91797800594941 1.56565351504833 1.84603536245413 1.76298033678904 1.77926677954383 1.26951458933763 1.52220306056552 1.63032018579543 1.33460157155059 1.74790330999531 1.79690026096068 1.50425756955519 1.16398357762955 1.22398781520315 0
