0 1.75851260730997 1.47748020058498 1.31619053496979 1.64462782256305 1.59829893172719 1.49641199060716 1.0371265092399 1.19746210612357 1.1068825549446 1.52155253943056 1.20208327379078 1.22667681844905 1.55009002587758 1.21230024006218 1.89773328742012 1.17815461056307 1.80759531143121 1.35968123236671 1.65026030829176 1.37595379329287 1.12593956454657 1.33460860024206 1.89069312415086 1.24315376952291 1.14283423731104 1.14384570461698 1.14862978202291 1.3281175470911 0.946321847150102
1.75851260730997 0 1.14611843926832 0.974147188011557 1.1141680253204 1.69963046349585 1.62607921985909 0.984852203167975 1.71696156961843 1.25974870449863 1.54730144026689 1.85027278843336 1.40888213249855 1.50790142198093 1.66482038307004 1.79578065103851 1.43468235363252 1.21299927751534 1.4563872339204 1.69067419366911 1.2762568409089 1.5631596185267 1.64970236737281 1.24906818033196 1.81482219183818 1.5364724365063 1.81544681452215 1.30170467216522 1.82646584929898 1.69194246199913
1.47748020058498 1.14611843926832 0 1.39875975158066 1.03681413084269 1.10351326921955 1.66171108279377 1.50516114290804 1.27405662904494 1.64511225698516 1.00437969528139 1.12232680083252 1.8143155220896 1.72732914495282 1.46308853896335 1.16588715882972 1.18254658323713 1.69407171802595 0.926081476034597 0.976326564559713 1.65879345010035 1.61906799278222 1.66351757524535 1.69107260880992 1.64272750425152 1.90919561684132 1.56751514994539 0.979920655721799 1.37476545455866 1.89688957342878
1.31619053496979 0.974147188011557 1.39875975158066 0 0.968041308224201 1.04362710868008 1.15982780978084 0.944906396791339 1.62495995732024 1.06552350800484 1.45284304139204 1.52056543529034 1.07665034011006 1.56380012701266 1.36977886152454 1.63193238875829 1.80182416713797 1.7990677151829 1.01637507765554 1.17447157413699 1.12181508773938 1.67150692571886 1.79695468046702 1.38166453782469 1.67399003636092 0.981443772558123 1.12994522368535 1.23054810124449 1.53065123315901 1.62645107414573
1.64462782256305 1.1141680253204 1.03681413084269 0.968041308224201 0 0.973439524881542 0.95660169958137 0.99361678189598 1.2100585186854 1.03332722187042 1.30813342216425 1.2879610361997 1.66531103663146 1.6182003878057 1.77598767797463 1.74742073658854 1.73687688447535 1.78048048284836 1.02449175855145 1.90649336599745 1.85052541876212 1.81907508498989 1.05951284989715 1.22525525582023 1.86557382997125 1.14953101333231 1.73759278887883 1.2930094266776 1.14044151268899 1.31284975446761
1.59829893172719 1.69963046349585 1.10351326921955 1.04362710868008 0.973439524881542 0 1.72513803001493 1.37393909599632 1.10824696114287 1.53093984746374 1.31427586381324 1.39258371759206 1.78321156953461 1.33038779790513 1.25160992587917 0.920966630568728 1.60256007290445 0.961376364575699 1.05873299273662 1.52838208386675 1.45184050523676 1.07354738656431 0.94912072038278 1.77501579094678 1.65686905523762 1.17397795803845 1.65886169951409 0.936764635378495 1.66127204778604 1.39053951855749
1.49641199060716 1.62607921985909 1.66171108279377 1.15982780978084 0.95660169958137 1.72513803001493 0 1.77249641134404 1.6350919213146 1.25373357115313 1.19845040515065 1.67531512351707 1.13805837882683 1.78544823685661 1.78570570494048 1.75576410838403 1.34015676518902 1.66304488922469 1.5677542919293 1.65655616507865 1.49126747529954 1.7320400159806 1.61626073718071 1.79356914572418 1.27500832406804 1.2501104879193 1.00257054995745 1.84910567104816 1.38810316077434 1.71474166004919
1.0371265092399 0.984852203167975 1.50516114290804 0.944906396791339 0.99361678189598 1.37393909599632 1.77249641134404 0 1.64498087251559 1.44500725809485 1.69920177664608 1.87592644942924 0.977243530331179 1.41001338581555 1.23077001050115 1.5308965947479 1.43831857200712 1.01686329254881 0.980471084360033 0.982649073237553 1.10002570459619 1.13867745292373 1.76748759392649 0.915310631273314 1.26546678529121 1.19320966047235 1.23784082732163 1.48929695994593 1.5657346334774 1.78329307888635
1.19746210612357 1.71696156961843 1.27405662904494 1.62495995732024 1.2100585186854 1.10824696114287 1.6350919213146 1.64498087251559 0 1.44869463518262 1.08166207908653 1.58207210712135 1.4698140679393 1.60165723925456 1.23350906744599 1.75142448954284 1.14947941014543 1.05074744205922 1.0584248197265 1.18927807244472 1.74713704059832 1.63218508753926 0.984763000626117 1.2253691018559 1.6360332632903 1.83896862016991 1.68740431778133 1.08052440546453 1.31373844761401 1.27455610060133
1.1068825549446 1.25974870449863 1.64511225698516 1.06552350800484 1.03332722187042 1.53093984746374 1.25373357115313 1.44500725809485 1.44869463518262 0 1.36837582569569 1.76319206668995 1.25597160751931 1.90143849956803 1.51830217847601 1.33749799709767 1.36450427793898 1.8390353647992 1.01245281426236 0.941391616826877 1.54660321143456 1.82079834281467 1.7756514523644 1.42114717396908 1.33000879967585 1.52266460261308 1.50781582994387 1.09019336174242 1.37744822609238 1.36310421186499
1.52155253943056 1.54730144026689 1.00437969528139 1.45284304139204 1.30813342216425 1.31427586381324 1.19845040515065 1.69920177664608 1.08166207908653 1.36837582569569 0 1.84706655936316 0.925809279549867 1.10905321477912 1.51572530972771 1.36610947316512 1.31929672579281 1.33946887892671 1.2562133143656 0.968681369442493 1.64350945525803 1.61350333085284 1.87631035107188 1.61504963156767 1.68756668851711 1.71159655763768 1.56098335934803 1.65841621742584 1.00586830591783 1.66524717537686
1.20208327379078 1.85027278843336 1.12232680083252 1.52056543529034 1.2879610361997 1.39258371759206 1.67531512351707 1.87592644942924 1.58207210712135 1.76319206668995 1.84706655936316 0 1.16212718887255 1.00040105101652 1.56605849182233 1.78993068030104 1.15584246697836 1.49253728333861 1.43838653760031 1.6790147155989 1.83242558641359 1.64578091562726 0.968395083909854 0.978444759966806 1.29079876444302 1.86482730042189 1.33509931457229 1.70537393703125 0.981079850578681 1.66395356180146
1.22667681844905 1.40888213249855 1.8143155220896 1.07665034011006 1.66531103663146 1.78321156953461 1.13805837882683 0.977243530331179 1.4698140679393 1.25597160751931 0.925809279549867 1.16212718887255 0 1.1929774498567 1.61274404078722 1.11636018566787 1.1971062135417 1.23260229034349 1.90362449758686 1.40275624487549 1.56328874034807 1.04961681948043 1.80818333965726 1.502276111627 1.8710864984896 1.38886722084135 1.60115833580494 1.5400301173795 1.13524243980646 1.721467200201
1.55009002587758 1.50790142198093 1.72732914495282 1.56380012701266 1.6182003878057 1.33038779790513 1.78544823685661 1.41001338581555 1.60165723925456 1.90143849956803 1.10905321477912 1.00040105101652 1.1929774498567 0 1.34963039448485 1.42616445966996 1.15035482798703 1.46243867534213 1.62930362578481 1.78784697409719 1.78700904129073 1.35882060835138 1.50588161707856 1.41379263228737 1.23736278759316 1.41166482050903 1.52018108312041 1.66204993915744 1.87011615443043 1.12440835963935
1.21230024006218 1.66482038307004 1.46308853896335 1.36977886152454 1.77598767797463 1.25160992587917 1.78570570494048 1.23077001050115 1.23350906744599 1.51830217847601 1.51572530972771 1.56605849182233 1.61274404078722 1.34963039448485 0 0.942803037120029 1.39588326821104 1.57132665161043 1.55061941337772 1.06203935923986 1.4136942604091 1.90846478915773 1.08375291968696 1.12197131919675 1.88764244318008 1.26937507488765 1.72513749194331 0.980468074325472 1.44821447064169 1.17897896352224
1.89773328742012 1.79578065103851 1.16588715882972 1.63193238875829 1.74742073658854 0.920966630568728 1.75576410838403 1.5308965947479 1.75142448954284 1.33749799709767 1.36610947316512 1.78993068030104 1.11636018566787 1.42616445966996 0.942803037120029 0 1.79952924069948 1.69974123477004 1.08380350796506 0.959020501002669 1.89610951091163 1.03700083075091 1.69333180808462 1.45873673283495 1.56928675831296 1.75936592300422 1.68118303013034 1.85773126594722 0.913286064751446 1.48816666426137
1.17815461056307 1.43468235363252 1.18254658323713 1.80182416713797 1.73687688447535 1.60256007290445 1.34015676518902 1.43831857200712 1.14947941014543 1.36450427793898 1.31929672579281 1.15584246697836 1.1971062135417 1.15035482798703 1.39588326821104 1.79952924069948 0 1.64377923170105 1.84484649007209 1.86448579304852 1.43512402847409 1.3369485673029 1.07411908986978 1.81064237724058 0.949853902682662 1.77049430226907 1.65778394695371 1.60408853250556 1.82396448985673 1.19451743294485
1.80759531143121 1.21299927751534 1.69407171802595 1.7990677151829 1.78048048284836 0.961376364575699 1.66304488922469 1.01686329254881 1.05074744205922 1.8390353647992 1.33946887892671 1.49253728333861 1.23260229034349 1.46243867534213 1.57132665161043 1.69974123477004 1.64377923170105 0 1.88055878342129 1.87656029616483 1.57749624550343 1.63049681461416 1.86604095506482 1.69499416416511 1.17707172548398 1.35416356055066 1.40930457389913 1.89018348022364 1.44908379460685 1.13830269128084
1.35968123236671 1.4563872339204 0.926081476034597 1.01637507765554 1.02449175855145 1.05873299273662 1.5677542919293 0.980471084360033 1.0584248197265 1.01245281426236 1.2562133143656 1.43838653760031 1.90362449758686 1.62930362578481 1.55061941337772 1.08380350796506 1.84484649007209 1.88055878342129 0 1.34971016598865 1.33192201587372 1.42664301767945 0.924793314421549 1.21912237466313 1.09503389336169 1.70341970957816 0.956077295588329 1.46221766364761 1.56263096653856 0.995633590035141
1.65026030829176 1.69067419366911 0.976326564559713 1.17447157413699 1.90649336599745 1.52838208386675 1.65655616507865 0.982649073237553 1.18927807244472 0.941391616826877 0.968681369442493 1.6790147155989 1.40275624487549 1.78784697409719 1.06203935923986 0.959020501002669 1.86448579304852 1.87656029616483 1.34971016598865 0 1.41741421748884 1.40025215805508 1.27527480293065 1.30112770455889 1.49199500400573 1.21379632223397 1.72729354468174 1.49565408402123 1.14016798580997 1.27336196857505
1.37595379329287 1.2762568409089 1.65879345010035 1.12181508773938 1.85052541876212 1.45184050523676 1.49126747529954 1.10002570459619 1.74713704059832 1.54660321143456 1.64350945525803 1.83242558641359 1.56328874034807 1.78700904129073 1.4136942604091 1.89610951091163 1.43512402847409 1.57749624550343 1.33192201587372 1.41741421748884 0 1.06341248587705 1.25611433782615 1.58158295159228 1.3739699034486 1.76910280250013 1.48836756055243 1.04189028218389 1.51176052144729 1.0719733000733
1.12593956454657 1.5631596185267 1.61906799278222 1.67150692571886 1.81907508498989 1.07354738656431 1.7320400159806 1.13867745292373 1.63218508753926 1.82079834281467 1.61350333085284 1.64578091562726 1.04961681948043 1.35882060835138 1.90846478915773 1.03700083075091 1.3369485673029 1.63049681461416 1.42664301767945 1.40025215805508 1.06341248587705 0 0.977725896518677 1.17756457231008 0.966438211966306 1.20865828404203 1.31505313515663 0.976548393489793 0.917942102998495 1.83988859155215
1.33460860024206 1.64970236737281 1.66351757524535 1.79695468046702 1.05951284989715 0.94912072038278 1.61626073718071 1.76748759392649 0.984763000626117 1.7756514523644 1.87631035107188 0.968395083909854 1.80818333965726 1.50588161707856 1.08375291968696 1.69333180808462 1.07411908986978 1.86604095506482 0.924793314421549 1.27527480293065 1.25611433782615 0.977725896518677 0 1.22605738136917 1.78598325094208 1.26545474072918 1.47804432571866 1.2162230713293 1.07402916322462 1.27030149311759
1.89069312415086 1.24906818033196 1.69107260880992 1.38166453782469 1.22525525582023 1.77501579094678 1.79356914572418 0.915310631273314 1.2253691018559 1.42114717396908 1.61504963156767 0.978444759966806 1.502276111627 1.41379263228737 1.12197131919675 1.45873673283495 1.81064237724058 1.69499416416511 1.21912237466313 1.30112770455889 1.58158295159228 1.17756457231008 1.22605738136917 0 1.58602009387687 1.87049206183292 1.61993053602055 1.61719170981087 1.52441774029285 1.50921399798244
1.24315376952291 1.81482219183818 1.64272750425152 1.67399003636092 1.86557382997125 1.65686905523762 1.27500832406804 1.26546678529121 1.6360332632903 1.33000879967585 1.68756668851711 1.29079876444302 1.8710864984896 1.23736278759316 1.88764244318008 1.56928675831296 0.949853902682662 1.17707172548398 1.09503389336169 1.49199500400573 1.3739699034486 0.966438211966306 1.78598325094208 1.58602009387687 0 0.999346411786973 1.63814819348045 1.61033460358158 1.81783378100954 1.35544863389805
1.14283423731104 1.5364724365063 1.90919561684132 0.981443772558123 1.14953101333231 1.17397795803845 1.2501104879193 1.19320966047235 1.83896862016991 1.52266460261308 1.71159655763768 1.86482730042189 1.38886722084135 1.41166482050903 1.26937507488765 1.75936592300422 1.77049430226907 1.35416356055066 1.70341970957816 1.21379632223397 1.76910280250013 1.20865828404203 1.26545474072918 1.87049206183292 0.999346411786973 0 1.03082793205976 1.12245339411311 1.44067341461778 1.02368531795219
1.14384570461698 1.81544681452215 1.56751514994539 1.12994522368535 1.73759278887883 1.65886169951409 1.00257054995745 1.23784082732163 1.68740431778133 1.50781582994387 1.56098335934803 1.33509931457229 1.60115833580494 1.52018108312041 1.72513749194331 1.68118303013034 1.65778394695371 1.40930457389913 0.956077295588329 1.72729354468174 1.48836756055243 1.31505313515663 1.47804432571866 1.61993053602055 1.63814819348045 1.03082793205976 0 1.17600855976343 1.15795111353509 1.24058544822037
1.14862978202291 1.30170467216522 0.979920655721799 1.23054810124449 1.2930094266776 0.936764635378495 1.84910567104816 1.48929695994593 1.08052440546453 1.09019336174242 1.65841621742584 1.70537393703125 1.5400301173795 1.66204993915744 0.980468074325472 1.85773126594722 1.60408853250556 1.89018348022364 1.46221766364761 1.49565408402123 1.04189028218389 0.976548393489793 1.2162230713293 1.61719170981087 1.61033460358158 1.12245339411311 1.17600855976343 0 1.53409499395639 1.74791862186976
1.3281175470911 1.82646584929898 1.37476545455866 1.53065123315901 1.14044151268899 1.66127204778604 1.38810316077434 1.5657346334774 1.31373844761401 1.37744822609238 1.00586830591783 0.981079850578681 1.13524243980646 1.87011615443043 1.44821447064169 0.913286064751446 1.82396448985673 1.44908379460685 1.56263096653856 1.14016798580997 1.51176052144729 0.917942102998495 1.07402916322462 1.52441774029285 1.81783378100954 1.44067341461778 1.15795111353509 1.53409499395639 0 1.24709489243105
0.946321847150102 1.69194246199913 1.89688957342878 1.62645107414573 1.31284975446761 1.39053951855749 1.71474166004919 1.78329307888635 1.27455610060133 1.36310421186499 1.66524717537686 1.66395356180146 1.721467200201 1.12440835963935 1.17897896352224 1.48816666426137 1.19451743294485 1.13830269128084 0.995633590035141 1.27336196857505 1.0719733000733 1.83988859155215 1.27030149311759 1.50921399798244 1.35544863389805 1.02368531795219 1.24058544822037 1.74791862186976 1.24709489243105 0
