0 1.34359831060283 1.29809812735766 1.13936873176135 1.40362437209114 1.68016473273747 1.03971276991069 1.35194913414307 1.83311329386197 1.34642393933609 1.0527576727327 1.15673371846788 1.53525401209481 0.933924624696374 1.51463277474977 0.914922652533278 1.7130362491589 1.70480913529173 1.00982563686557 1.45880002086051 1.76484693866223 1.74065949954093 0.972516228444874 1.00782213313505 1.31737941107713 1.85679833870381 0.995526590850204 1.82664347672835 1.55810051248409 0.926574163604528
1.34359831060283 0 1.65489791007712 1.68213105783798 1.19930594996549 1.71804848662578 1.43000968033448 1.32250157487579 1.0212673235219 1.28927823365666 1.07957752724178 1.71814951160923 1.15508678322658 1.24317870335653 1.54420004808344 1.68523719487712 1.77895041042939 1.84599003125913 1.71310673956759 1.19145447714254 1.52487529208884 0.978131165727973 1.2114366479218 1.42237224499695 1.75024783657864 1.50887621380389 0.900580483255908 0.965745833935216 1.41865950706415 1.21969262324274
1.29809812735766 1.65489791007712 0 1.09667396941222 1.18728410732001 1.77538862195797 1.15258078160696 1.64153612288646 1.13307283446193 1.17931182240136 1.27270430373028 1.28188289399259 1.57724628318101 1.40432379138656 0.955749080283567 1.33759801089764 1.4072744762525 1.49365200451575 1.33596053812653 1.17465190775692 1.65646002767608 1.41772656817921 1.44928946346045 1.08863824629225 1.08956393832341 1.71881230012514 1.19867597217672 1.82698000431992 1.64218541607261 1.23130848514847
1.13936873176135 1.68213105783798 1.09667396941222 0 1.45772254443727 1.62484448449686 1.3946979099419 1.73445204040036 1.71902443724684 1.22024014568888 0.99987097363919 0.966361090540886 1.41029576794244 1.25044702226296 1.77490071393549 1.33570983889513 0.921262377174571 1.34434916684404 1.71302238758653 1.44632957479917 0.965495915850624 1.78305155248381 1.42787766875699 1.68553428933956 0.923157690092921 1.62638165731914 1.83045183680952 1.07027508039027 1.54556906293146 1.66868400294334
1.40362437209114 1.19930594996549 1.18728410732001 1.45772254443727 0 1.10497411247343 1.0479773208499 1.38288058596663 1.63725964422338 1.28547670715488 1.09378997120075 1.79840927361511 1.13687115046196 1.85724204126745 1.16815460147336 1.42946948902681 0.969017933821306 1.43149142106995 0.948210507631302 1.24031684338115 1.33253118395805 1.0251330381725 1.31164224422537 1.85502324043773 1.85355328791775 1.58897919557057 1.35948072955944 1.10358248022385 0.925893469946459 1.23163079679944
1.68016473273747 1.71804848662578 1.77538862195797 1.62484448449686 1.10497411247343 0 1.62728710891679 1.39033294119872 1.5038384355139 1.22863650601357 1.08819727040827 1.21996491472237 1.47339431289583 1.06674627703615 1.53775022411719 1.58374520810321 1.86310406355187 1.20184081234038 1.47214140370488 1.30899256956764 1.2726352235768 1.84170649666339 1.03978366055526 1.10700944927521 1.78045513830148 1.88840571627952 1.19373090262525 1.42177818156779 1.15122346580029 1.04431193624623
1.03971276991069 1.43000968033448 1.15258078160696 1.3946979099419 1.0479773208499 1.62728710891679 0 1.28746879450046 1.02063668332994 1.41065315320157 1.87913099280559 1.84775427961722 1.82815512362868 1.78564241318963 1.58198365313001 1.62196050118655 1.65286743827164 1.82389789656736 1.30741027323529 1.85741164488718 1.57894691475667 1.25555381551385 1.2143131014891 0.908988099778071 1.35303943813778 0.929440544452518 1.45341048529372 1.00378371658735 1.86760152503848 1.55217054043896
1.35194913414307 1.32250157487579 1.64153612288646 1.73445204040036 1.38288058596663 1.39033294119872 1.28746879450046 0 1.65238720295019 0.985024477122352 1.41850239038467 1.04763483861461 1.70024520182051 1.35603507561609 1.16842863243073 1.74037068686448 1.0439943249803 1.65058527048677 1.01906057610177 1.16217960952781 1.18623327906244 0.948954614344984 0.980843595229089 0.92251676809974 1.71707626315765 1.05617601494305 1.05687752505764 1.40549830743112 1.39375113882124 0.948336229426786
1.83311329386197 1.0212673235219 1.13307283446193 1.71902443724684 1.63725964422338 1.5038384355139 1.02063668332994 1.65238720295019 0 1.87890773522668 0.970948896836489 1.20076446887106 1.41814532829449 1.60433594975621 1.21388817788102 1.49468592368066 0.945185034302995 1.42111022328027 1.27132646879181 1.55732713826001 1.02200547326356 1.78015840775333 1.68240337632596 1.08556974376552 1.86334978416562 1.6627760976553 1.67057732841931 1.23895109281875 1.04717842396349 1.2286816786509
1.34642393933609 1.28927823365666 1.17931182240136 1.22024014568888 1.28547670715488 1.22863650601357 1.41065315320157 0.985024477122352 1.87890773522668 0 1.53708889125846 1.8779018400237 1.75459818332456 1.11704289983027 1.1675381148234 1.227936811978 1.72265367279761 1.87811383162625 1.66146592050791 1.33080032770522 1.01188734709285 1.47894779965281 1.57236225437373 1.24928692704998 1.21539576188661 1.87950059934519 1.87825107364915 1.73969172593206 1.70856551243924 0.937783489469439
1.0527576727327 1.07957752724178 1.27270430373028 0.99987097363919 1.09378997120075 1.08819727040827 1.87913099280559 1.41850239038467 0.970948896836489 1.53708889125846 0 1.27139230864123 1.00232464727014 1.07438683044165 0.946399421663955 1.88577341963537 1.57547756494023 1.39597652922384 1.7104299783241 1.10113837290555 1.77868476998992 1.40984786115587 1.41186486301012 1.17966410168447 1.32784723374061 1.30259332642891 1.14339728141204 1.27351711969823 1.16032812441699 1.49978929711506
1.15673371846788 1.71814951160923 1.28188289399259 0.966361090540886 1.79840927361511 1.21996491472237 1.84775427961722 1.04763483861461 1.20076446887106 1.8779018400237 1.27139230864123 0 1.34140855702572 1.83229579008184 0.99698869488202 1.11032132618129 1.39649695996195 1.49897945253178 1.77266544266604 1.28302129846998 1.58637059340253 1.89162139245309 1.02763849822804 1.54953767475672 1.59654716541991 1.52593429549597 1.47478601173498 0.941003498621285 1.22501973528415 1.02815390471369
1.53525401209481 1.15508678322658 1.57724628318101 1.41029576794244 1.13687115046196 1.47339431289583 1.82815512362868 1.70024520182051 1.41814532829449 1.75459818332456 1.00232464727014 1.34140855702572 0 1.49366215383634 1.6485596857965 1.30957914330065 0.996514467056841 0.975809613475576 1.55069492664188 1.67917525907978 1.31011568149552 1.86140506295487 1.83982188184746 1.72339247073978 1.71104762260802 1.60829429654405 1.00744133535773 1.50908931158483 0.934361278777942 1.11815310176462
0.933924624696374 1.24317870335653 1.40432379138656 1.25044702226296 1.85724204126745 1.06674627703615 1.78564241318963 1.35603507561609 1.60433594975621 1.11704289983027 1.07438683044165 1.83229579008184 1.49366215383634 0 1.04540999582969 1.77867888635956 1.49867436522618 1.64432396506891 1.8632363579236 1.32534406380728 1.77828391850926 1.10652729519643 1.83014094363898 1.78529983502813 0.980354926083237 1.04542276682332 1.76777002424933 1.18915282958187 1.13282808102667 1.43368381424807
1.51463277474977 1.54420004808344 0.955749080283567 1.77490071393549 1.16815460147336 1.53775022411719 1.58198365313001 1.16842863243073 1.21388817788102 1.1675381148234 0.946399421663955 0.99698869488202 1.6485596857965 1.04540999582969 0 1.64931639633141 1.29735559900291 1.12706859293394 1.71839211089537 1.57282503973693 0.958877334371209 1.72048708167858 1.04858377180062 1.06853047804907 1.48723392188549 1.005752063822 0.947815966093913 0.999806889565662 1.83157488098368 1.21187436580658
0.914922652533278 1.68523719487712 1.33759801089764 1.33570983889513 1.42946948902681 1.58374520810321 1.62196050118655 1.74037068686448 1.49468592368066 1.227936811978 1.88577341963537 1.11032132618129 1.30957914330065 1.77867888635956 1.64931639633141 0 1.51362566114403 1.00215449626558 1.62169859185815 1.69315696507692 1.51412117271684 1.6909092606511 1.04822445102036 1.48622221732512 1.28644169820473 1.67134702787735 1.51439044089057 0.99885610002093 0.97608948033303 1.84149681613781
1.7130362491589 1.77895041042939 1.4072744762525 0.921262377174571 0.969017933821306 1.86310406355187 1.65286743827164 1.0439943249803 0.945185034302995 1.72265367279761 1.57547756494023 1.39649695996195 0.996514467056841 1.49867436522618 1.29735559900291 1.51362566114403 0 1.37691142549738 1.71090948348865 1.17339897016063 1.78633349342272 0.899378343252465 1.5731879377272 1.60737358639017 1.05973207438365 1.80649631284177 0.929337689420208 1.16342315403745 1.65588445565663 1.25059069064446
1.70480913529173 1.84599003125913 1.49365200451575 1.34434916684404 1.43149142106995 1.20184081234038 1.82389789656736 1.65058527048677 1.42111022328027 1.87811383162625 1.39597652922384 1.49897945253178 0.975809613475576 1.64432396506891 1.12706859293394 1.00215449626558 1.37691142549738 0 1.13065635133535 1.14235139242373 1.59525182377547 1.65507775917649 1.54057888267562 1.6876203622669 0.940368578303605 1.57253429363482 1.72757030650973 1.01196957356296 1.02203834685497 1.68102890998125
1.00982563686557 1.71310673956759 1.33596053812653 1.71302238758653 0.948210507631302 1.47214140370488 1.30741027323529 1.01906057610177 1.27132646879181 1.66146592050791 1.7104299783241 1.77266544266604 1.55069492664188 1.8632363579236 1.71839211089537 1.62169859185815 1.71090948348865 1.13065635133535 0 1.80118060787208 1.09759696689434 1.13947434304282 1.88801169535145 1.60120799182914 1.45408945763484 1.33628726890311 0.986441634595394 0.92164180893451 1.79364466504194 1.76147264521569
1.45880002086051 1.19145447714254 1.17465190775692 1.44632957479917 1.24031684338115 1.30899256956764 1.85741164488718 1.16217960952781 1.55732713826001 1.33080032770522 1.10113837290555 1.28302129846998 1.67917525907978 1.32534406380728 1.57282503973693 1.69315696507692 1.17339897016063 1.14235139242373 1.80118060787208 0 1.17340238508768 1.81554362317547 1.00453542545438 1.66204962017946 1.09307189378887 1.16858215793036 1.86754164611921 1.12295007775538 1.24877185281366 1.02572782943025
1.76484693866223 1.52487529208884 1.65646002767608 0.965495915850624 1.33253118395805 1.2726352235768 1.57894691475667 1.18623327906244 1.02200547326356 1.01188734709285 1.77868476998992 1.58637059340253 1.31011568149552 1.77828391850926 0.958877334371209 1.51412117271684 1.78633349342272 1.59525182377547 1.09759696689434 1.17340238508768 0 1.38390830648132 1.22002495359629 1.55106625775807 1.56541134766303 1.26904001459479 1.49367821565829 0.977980461437255 1.59270832175389 1.08893746230751
1.74065949954093 0.978131165727973 1.41772656817921 1.78305155248381 1.0251330381725 1.84170649666339 1.25555381551385 0.948954614344984 1.78015840775333 1.47894779965281 1.40984786115587 1.89162139245309 1.86140506295487 1.10652729519643 1.72048708167858 1.6909092606511 0.899378343252465 1.65507775917649 1.13947434304282 1.81554362317547 1.38390830648132 0 1.68115227576345 1.34396843821742 1.50352091272362 1.08562878100201 0.963310005143285 1.83787295874208 1.74528267048299 1.69059627177194
0.972516228444874 1.2114366479218 1.44928946346045 1.42787766875699 1.31164224422537 1.03978366055526 1.2143131014891 0.980843595229089 1.68240337632596 1.57236225437373 1.41186486301012 1.02763849822804 1.83982188184746 1.83014094363898 1.04858377180062 1.04822445102036 1.5731879377272 1.54057888267562 1.88801169535145 1.00453542545438 1.22002495359629 1.68115227576345 0 1.85013751545921 1.53592951479368 1.46496872557327 1.14482046850026 1.59225602028891 1.55322696641088 1.73913841857575
1.00782213313505 1.42237224499695 1.08863824629225 1.68553428933956 1.85502324043773 1.10700944927521 0.908988099778071 0.92251676809974 1.08556974376552 1.24928692704998 1.17966410168447 1.54953767475672 1.72339247073978 1.78529983502813 1.06853047804907 1.48622221732512 1.60737358639017 1.6876203622669 1.60120799182914 1.66204962017946 1.55106625775807 1.34396843821742 1.85013751545921 0 0.949451501481235 1.30867996043526 1.71329581458122 1.45450455835089 1.0533489594236 1.85753129026853
1.31737941107713 1.75024783657864 1.08956393832341 0.923157690092921 1.85355328791775 1.78045513830148 1.35303943813778 1.71707626315765 1.86334978416562 1.21539576188661 1.32784723374061 1.59654716541991 1.71104762260802 0.980354926083237 1.48723392188549 1.28644169820473 1.05973207438365 0.940368578303605 1.45408945763484 1.09307189378887 1.56541134766303 1.50352091272362 1.53592951479368 0.949451501481235 0 1.50766955548897 1.38130115508102 1.34509636531584 1.06450894917361 1.53609951562248
1.85679833870381 1.50887621380389 1.71881230012514 1.62638165731914 1.58897919557057 1.88840571627952 0.929440544452518 1.05617601494305 1.6627760976553 1.87950059934519 1.30259332642891 1.52593429549597 1.60829429654405 1.04542276682332 1.005752063822 1.67134702787735 1.80649631284177 1.57253429363482 1.33628726890311 1.16858215793036 1.26904001459479 1.08562878100201 1.46496872557327 1.30867996043526 1.50766955548897 0 1.5811413640622 0.964327672496438 1.13219679682516 1.78528316202573
0.995526590850204 0.900580483255908 1.19867597217672 1.83045183680952 1.35948072955944 1.19373090262525 1.45341048529372 1.05687752505764 1.67057732841931 1.87825107364915 1.14339728141204 1.47478601173498 1.00744133535773 1.76777002424933 0.947815966093913 1.51439044089057 0.929337689420208 1.72757030650973 0.986441634595394 1.86754164611921 1.49367821565829 0.963310005143285 1.14482046850026 1.71329581458122 1.38130115508102 1.5811413640622 0 1.71863196464255 1.103282174794 1.89167473418638
1.82664347672835 0.965745833935216 1.82698000431992 1.07027508039027 1.10358248022385 1.42177818156779 1.00378371658735 1.40549830743112 1.23895109281875 1.73969172593206 1.27351711969823 0.941003498621285 1.50908931158483 1.18915282958187 0.999806889565662 0.99885610002093 1.16342315403745 1.01196957356296 0.92164180893451 1.12295007775538 0.977980461437255 1.83787295874208 1.59225602028891 1.45450455835089 1.34509636531584 0.964327672496438 1.71863196464255 0 1.80250007589348 1.25720651797019
1.55810051248409 1.41865950706415 1.64218541607261 1.54556906293146 0.925893469946459 1.15122346580029 1.86760152503848 1.39375113882124 1.04717842396349 1.70856551243924 1.16032812441699 1.22501973528415 0.934361278777942 1.13282808102667 1.83157488098368 0.97608948033303 1.65588445565663 1.02203834685497 1.79364466504194 1.24877185281366 1.59270832175389 1.74528267048299 1.55322696641088 1.0533489594236 1.06450894917361 1.13219679682516 1.103282174794 1.80250007589348 0 1.69371974421665
0.926574163604528 1.21969262324274 1.23130848514847 1.66868400294334 1.23163079679944 1.04431193624623 1.55217054043896 0.948336229426786 1.2286816786509 0.937783489469439 1.49978929711506 1.02815390471369 1.11815310176462 1.43368381424807 1.21187436580658 1.84149681613781 1.25059069064446 1.68102890998125 1.76147264521569 1.02572782943025 1.08893746230751 1.69059627177194 1.73913841857575 1.85753129026853 1.53609951562248 1.78528316202573 1.89167473418638 1.25720651797019 1.69371974421665 0
