0 1.79769290424883 1.60185142303817 1.27171210246161 1.7303500615526 1.71330533083528 1.43864259286784 1.53655859478749 1.87664637807757 1.63521462539211 1.17668767622672 1.02198846405372 1.76821046601981 1.52801260235719 1.17967342375778 1.2335212987382 1.69206084962934 1.58355943649076 1.14505794132128 1.63391591911204 1.27730106795207 0.946774082258344 1.04287747154012 1.63909246819094 1.4187604947947 1.14268853655085 1.20276311808266 1.07158919028006 1.67598699172959 1.7946663077455
1.79769290424883 0 1.05935423099436 0.969821849837899 1.83975318772718 1.83386950334534 1.46449241228402 1.37781612575054 1.79700429621153 1.31894141342491 1.07855039974675 1.45933478022926 1.14119274402037 1.48947737389244 1.67863407824188 0.961845634039491 1.88021184527315 1.44540664530359 1.79918172652833 1.33835811680183 1.78934833896346 0.97721570613794 1.64598477981053 1.51850479631685 1.19612454460002 1.88559708511457 1.34525843709707 1.53674440574832 1.13287845696323 1.01867638062686
1.60185142303817 1.05935423099436 0 1.26923720212653 1.79422527155839 1.15307323588058 0.912475601769984 1.27500997087918 1.34343493543565 1.3846415115986 1.31590775423683 1.30263631138951 0.909239859087393 0.980000160168856 1.83082227315754 0.967091269791126 1.70812553376891 1.09061785973608 0.936545626958832 1.7724666679278 1.51628613704816 1.08029135339893 1.18200759286992 0.956300287274644 1.17806439218111 1.13297090749256 1.42737879394554 1.74844163842499 1.53504743799567 1.32112616137601
1.27171210246161 0.969821849837899 1.26923720212653 0 1.18409603671171 1.38428805279545 1.61976468912326 1.6639773666393 1.72186428681016 0.918511786265299 1.20831909077242 1.55133594595827 0.944943530950695 1.69429972930811 1.72891323524527 0.951932871015742 1.05564228235744 1.80832027713768 1.80305897188373 1.69162566959858 1.85129155823961 1.25551529694349 1.50614539789967 1.58063679654151 1.55196638358757 1.39784496300854 1.46203641640022 1.38382291398011 1.03692627022974 0.94140437990427
1.7303500615526 1.83975318772718 1.79422527155839 1.18409603671171 0 1.02820826042444 1.55441355938092 1.59879417554475 1.03333298303187 1.23279439657927 1.33934934041463 1.26587459584698 1.18190119904466 1.37366905622184 0.99591683736071 1.40085273026489 1.22212736029178 1.69049766450189 1.78753616684116 0.934771675383672 1.73030079784803 1.81722124665976 1.55121597042307 1.03008465329185 0.939765905495733 1.78945244662464 1.641957184067 1.25594563595951 1.19631756888703 1.67117000115104
1.71330533083528 1.83386950334534 1.15307323588058 1.38428805279545 1.02820826042444 0 1.7362930465024 1.48749916115776 1.49594271578826 0.947151784552261 1.46119177597575 0.94228713773191 1.81882831896655 1.69792828545906 1.59518896136433 1.78499133232981 1.43061780603603 1.67100817407481 1.37348997592926 1.60489903972484 1.395893254783 1.00659859203734 1.31430672784336 0.909732840722427 1.06076262635179 1.67336370027624 1.55078682443127 1.81119188829325 0.957789100473747 1.85664574336261
1.43864259286784 1.46449241228402 0.912475601769984 1.61976468912326 1.55441355938092 1.7362930465024 0 0.959787046769634 1.74915215256624 1.13457169313915 1.63984735263512 1.2781226655934 1.12540975329466 1.42778732371517 1.55840242584236 1.34157764492556 1.20508165936917 1.74698421079665 0.934097606455907 0.936063653090969 1.61716229794547 1.1205372440163 1.10730981267989 1.55542367231101 1.48512117587961 1.73514320235699 1.80163897783495 1.76075552543625 1.76026582391933 1.79513295763172
1.53655859478749 1.37781612575054 1.27500997087918 1.6639773666393 1.59879417554475 1.48749916115776 0.959787046769634 0 0.920404967851937 1.71345689892769 1.34464687621221 1.58215450355783 1.78694404405542 1.21942932368256 1.26230011344887 0.974924590205774 1.65565471444279 1.52876488515176 0.961931969737634 1.65357245784253 1.70706861629151 1.36847041430883 1.07329180208035 1.50784348929301 1.3640794234816 0.979792600963265 1.53469930938445 1.10721821896732 0.973025507526472 1.74005384580232
1.87664637807757 1.79700429621153 1.34343493543565 1.72186428681016 1.03333298303187 1.49594271578826 1.74915215256624 0.920404967851937 0 1.48837821604684 1.0920782755129 1.79834637069143 0.945546764181927 1.4644699417986 1.14181005605496 1.42727789678611 0.923277466790751 1.05285678780638 1.01268694433384 1.50488137733191 1.55289467144758 1.77637662109919 0.952916154637933 1.54198970645666 1.73269934533164 1.87630223948509 1.17862121690996 1.60279278224334 1.74479075148702 0.933313198387623
1.63521462539211 1.31894141342491 1.3846415115986 0.918511786265299 1.23279439657927 0.947151784552261 1.13457169313915 1.71345689892769 1.48837821604684 0 1.50701811909676 1.11194398696534 1.19311070907861 1.36144850868732 1.27361303102225 1.59583653649315 1.58127595041879 1.76730008097365 1.50161165930331 1.27971293125302 1.35891937324777 1.21913401526399 1.72308574686758 1.70193168241531 1.83895059488714 1.83373496029526 1.66624480835162 1.57495485409163 1.44630272639915 1.36831534584053
1.17668767622672 1.07855039974675 1.31590775423683 1.20831909077242 1.33934934041463 1.46119177597575 1.63984735263512 1.34464687621221 1.0920782755129 1.50701811909676 0 1.71814020886086 1.18925124011002 1.21352586499415 1.73465043772012 1.57022904255427 1.78201727778651 1.62034286442213 1.89318899903446 1.02528348448686 1.40513954148628 1.04604388540611 1.27670842898078 1.78996382583864 1.85331885353662 1.78619687305763 1.70700834388845 1.79686490353197 1.71622251765803 1.54756702343002
1.02198846405372 1.45933478022926 1.30263631138951 1.55133594595827 1.26587459584698 0.94228713773191 1.2781226655934 1.58215450355783 1.79834637069143 1.11194398696534 1.71814020886086 0 0.989296627929434 1.16451037907973 1.83134452649392 1.7936248856131 1.85504042869434 1.06905090273358 1.83005669619888 1.33793119434267 1.14560985611752 0.98124576639384 1.03560043824837 1.83723685261793 1.59518997324631 1.64813195564784 1.37002529832534 1.03878407645971 1.88089714711532 1.56495037814602
1.76821046601981 1.14119274402037 0.909239859087393 0.944943530950695 1.18190119904466 1.81882831896655 1.12540975329466 1.78694404405542 0.945546764181927 1.19311070907861 1.18925124011002 0.989296627929434 0 1.02252086019143 1.60115806618705 1.5366935802158 1.76986332261004 1.83637623605318 0.993830678286031 0.929721854859963 1.89534371509217 1.53053314005956 1.40170362940989 1.02323116851039 1.39834486600012 1.42005289904773 1.72894174442627 1.28942267620005 0.932777114445344 1.47801441792399
1.52801260235719 1.48947737389244 0.980000160168856 1.69429972930811 1.37366905622184 1.69792828545906 1.42778732371517 1.21942932368256 1.4644699417986 1.36144850868732 1.21352586499415 1.16451037907973 1.02252086019143 0 1.66763960174285 1.01949996175244 1.67947730794549 1.36167879239656 1.27702195965685 1.33727255393751 1.33479622146115 1.3384678598959 1.04310278221965 0.936533329542726 1.60526077914983 0.983674429822713 1.14519329881296 1.6191183833871 1.45620806585066 1.65899756527506
1.17967342375778 1.67863407824188 1.83082227315754 1.72891323524527 0.99591683736071 1.59518896136433 1.55840242584236 1.26230011344887 1.14181005605496 1.27361303102225 1.73465043772012 1.83134452649392 1.60115806618705 1.66763960174285 0 1.73124337312765 1.84166679554619 1.4855066719465 1.17659348621964 0.941472789505497 0.968742681667209 1.67607107502408 1.66283335257322 1.83711279556155 1.70349709782749 1.07484319480136 1.07366936001927 1.63818589574657 1.56355301872827 1.55378683097661
1.2335212987382 0.961845634039491 0.967091269791126 0.951932871015742 1.40085273026489 1.78499133232981 1.34157764492556 0.974924590205774 1.42727789678611 1.59583653649315 1.57022904255427 1.7936248856131 1.5366935802158 1.01949996175244 1.73124337312765 0 1.89025198621675 1.09758334513754 1.31312708556652 0.962221168447286 1.05404930724762 1.31887473026291 1.245167308487 1.24239191343077 1.00477098557167 1.09152997820638 1.43653497495688 1.88516447786242 1.70083454251289 1.44537971331738
1.69206084962934 1.88021184527315 1.70812553376891 1.05564228235744 1.22212736029178 1.43061780603603 1.20508165936917 1.65565471444279 0.923277466790751 1.58127595041879 1.78201727778651 1.85504042869434 1.76986332261004 1.67947730794549 1.84166679554619 1.89025198621675 0 1.00372903095558 1.72010515560396 1.14884493174031 1.73636664939113 1.43728751759045 1.85014310386032 0.910707555012777 1.22425283887424 1.68514180881903 1.8845988959074 1.3982282790821 1.26698408019729 1.16353117977269
1.58355943649076 1.44540664530359 1.09061785973608 1.80832027713768 1.69049766450189 1.67100817407481 1.74698421079665 1.52876488515176 1.05285678780638 1.76730008097365 1.62034286442213 1.06905090273358 1.83637623605318 1.36167879239656 1.4855066719465 1.09758334513754 1.00372903095558 0 1.47643631696701 1.19951957766898 1.89476498193108 1.45480817020871 1.61766568827443 1.51841449621134 1.8650456527248 0.964774833293632 1.72159885149449 0.946012246888131 0.904537970665842 1.73975748871453
1.14505794132128 1.79918172652833 0.936545626958832 1.80305897188373 1.78753616684116 1.37348997592926 0.934097606455907 0.961931969737634 1.01268694433384 1.50161165930331 1.89318899903446 1.83005669619888 0.993830678286031 1.27702195965685 1.17659348621964 1.31312708556652 1.72010515560396 1.47643631696701 0 1.43667318345979 1.24508168804459 1.38170559378341 1.17814860702492 1.89094296167605 1.3658017416019 1.24622065550648 1.38702830881812 1.79732299153693 1.82790998765267 1.81191122136079
1.63391591911204 1.33835811680183 1.7724666679278 1.69162566959858 0.934771675383672 1.60489903972484 0.936063653090969 1.65357245784253 1.50488137733191 1.27971293125302 1.02528348448686 1.33793119434267 0.929721854859963 1.33727255393751 0.941472789505497 0.962221168447286 1.14884493174031 1.19951957766898 1.43667318345979 0 1.46785064437427 1.29351128241979 1.50954058556817 1.83805855596438 1.50430870498531 1.24519305070862 1.50903481338173 0.984840621007606 1.14306506561115 1.88672580919228
1.27730106795207 1.78934833896346 1.51628613704816 1.85129155823961 1.73030079784803 1.395893254783 1.61716229794547 1.70706861629151 1.55289467144758 1.35891937324777 1.40513954148628 1.14560985611752 1.89534371509217 1.33479622146115 0.968742681667209 1.05404930724762 1.73636664939113 1.89476498193108 1.24508168804459 1.46785064437427 0 1.33505091886036 1.35804271302186 1.64781787595712 1.5203254239168 1.32996438536793 0.992868179921061 1.03753624344245 1.49193107243627 1.20015647332184
0.946774082258344 0.97721570613794 1.08029135339893 1.25551529694349 1.81722124665976 1.00659859203734 1.1205372440163 1.36847041430883 1.77637662109919 1.21913401526399 1.04604388540611 0.98124576639384 1.53053314005956 1.3384678598959 1.67607107502408 1.31887473026291 1.43728751759045 1.45480817020871 1.38170559378341 1.29351128241979 1.33505091886036 0 1.35757065750659 1.39252318278886 1.78423217055388 1.06716387742199 1.80830271425657 1.69193502143025 0.93460006848909 1.51024052803405
1.04287747154012 1.64598477981053 1.18200759286992 1.50614539789967 1.55121597042307 1.31430672784336 1.10730981267989 1.07329180208035 0.952916154637933 1.72308574686758 1.27670842898078 1.03560043824837 1.40170362940989 1.04310278221965 1.66283335257322 1.245167308487 1.85014310386032 1.61766568827443 1.17814860702492 1.50954058556817 1.35804271302186 1.35757065750659 0 1.4724796214141 1.58304519136436 1.45661802310497 1.11122081032954 1.01976015418768 1.37144823861308 1.88622935302556
1.63909246819094 1.51850479631685 0.956300287274644 1.58063679654151 1.03008465329185 0.909732840722427 1.55542367231101 1.50784348929301 1.54198970645666 1.70193168241531 1.78996382583864 1.83723685261793 1.02323116851039 0.936533329542726 1.83711279556155 1.24239191343077 0.910707555012777 1.51841449621134 1.89094296167605 1.83805855596438 1.64781787595712 1.39252318278886 1.4724796214141 0 1.04165522451513 1.85715738800354 1.29033818328753 1.02815163251944 1.71212324057706 1.41323284478858
1.4187604947947 1.19612454460002 1.17806439218111 1.55196638358757 0.939765905495733 1.06076262635179 1.48512117587961 1.3640794234816 1.73269934533164 1.83895059488714 1.85331885353662 1.59518997324631 1.39834486600012 1.60526077914983 1.70349709782749 1.00477098557167 1.22425283887424 1.8650456527248 1.3658017416019 1.50430870498531 1.5203254239168 1.78423217055388 1.58304519136436 1.04165522451513 0 1.52320425654761 1.65193821466528 1.1705236393027 1.7175282551907 1.77895726566203
1.14268853655085 1.88559708511457 1.13297090749256 1.39784496300854 1.78945244662464 1.67336370027624 1.73514320235699 0.979792600963265 1.87630223948509 1.83373496029526 1.78619687305763 1.64813195564784 1.42005289904773 0.983674429822713 1.07484319480136 1.09152997820638 1.68514180881903 0.964774833293632 1.24622065550648 1.24519305070862 1.32996438536793 1.06716387742199 1.45661802310497 1.85715738800354 1.52320425654761 0 1.4614841924049 0.927605833625421 1.12868270161562 1.13817363721319
1.20276311808266 1.34525843709707 1.42737879394554 1.46203641640022 1.641957184067 1.55078682443127 1.80163897783495 1.53469930938445 1.17862121690996 1.66624480835162 1.70700834388845 1.37002529832534 1.72894174442627 1.14519329881296 1.07366936001927 1.43653497495688 1.8845988959074 1.72159885149449 1.38702830881812 1.50903481338173 0.992868179921061 1.80830271425657 1.11122081032954 1.29033818328753 1.65193821466528 1.4614841924049 0 1.5590544375591 1.25118249095976 1.43918790807948
1.07158919028006 1.53674440574832 1.74844163842499 1.38382291398011 1.25594563595951 1.81119188829325 1.76075552543625 1.10721821896732 1.60279278224334 1.57495485409163 1.79686490353197 1.03878407645971 1.28942267620005 1.6191183833871 1.63818589574657 1.88516447786242 1.3982282790821 0.946012246888131 1.79732299153693 0.984840621007606 1.03753624344245 1.69193502143025 1.01976015418768 1.02815163251944 1.1705236393027 0.927605833625421 1.5590544375591 0 1.17229848797433 1.28461744170636
1.67598699172959 1.13287845696323 1.53504743799567 1.03692627022974 1.19631756888703 0.957789100473747 1.76026582391933 0.973025507526472 1.74479075148702 1.44630272639915 1.71622251765803 1.88089714711532 0.932777114445344 1.45620806585066 1.56355301872827 1.70083454251289 1.26698408019729 0.904537970665842 1.82790998765267 1.14306506561115 1.49193107243627 0.93460006848909 1.37144823861308 1.71212324057706 1.7175282551907 1.12868270161562 1.25118249095976 1.17229848797433 0 1.70648527843878
1.7946663077455 1.01867638062686 1.32112616137601 0.94140437990427 1.67117000115104 1.85664574336261 1.79513295763172 1.74005384580232 0.933313198387623 1.36831534584053 1.54756702343002 1.56495037814602 1.47801441792399 1.65899756527506 1.55378683097661 1.44537971331738 1.16353117977269 1.73975748871453 1.81191122136079 1.88672580919228 1.20015647332184 1.51024052803405 1.88622935302556 1.41323284478858 1.77895726566203 1.13817363721319 1.43918790807948 1.28461744170636 1.70648527843878 0
