0 1.04337126994506 1.32508170371875 1.32279206998646 1.55909288581461 1.87222272879444 1.3368574087508 1.45420551090501 0.976608538534492 1.45025061862543 1.17799864779226 1.1539188392926 1.78241123468615 0.930107525084168 1.81495732534677 1.64587861602195 1.05145335849375 1.68102013436146 1.87202055403031 1.49211756372824 1.82252927287482 1.03856547316536 1.68057966441847 1.3970201855991 0.988439763197675 1.87396658444777 1.24652012763545 1.66617793939076 1.41197781427763 1.50949756498449
1.04337126994506 0 1.76912034233101 1.90167746460065 1.06608793325722 0.997151657007635 0.927369419950992 1.69982317602262 1.01300396048464 1.88889913936146 1.05282776150852 1.26890904339962 0.972738856216893 1.45537212328054 1.01820202823728 1.26605840213597 1.86633980390616 1.48581409291364 1.18059668270871 1.38948288559914 1.84655696083792 1.32253846246749 1.52671811054461 1.7936045716051 1.83252607355826 1.00694054993801 1.83925694273785 0.984655228210613 1.73344446602277 1.03536122827791
1.32508170371875 1.76912034233101 0 1.23437067470513 1.81581483385526 1.91494115325622 1.90154371992685 1.72771807084791 1.24353504739702 1.51579003874213 1.70965737453662 1.17147920513526 1.26145129255019 1.48978985380381 1.77035119221546 1.63247167714871 1.12813251488842 1.35796570172533 1.56762028275989 1.19607093068771 1.10736567503773 1.01981633459218 1.08813621802256 1.18748890305869 1.7280279782135 1.04267022386193 1.80982917547226 1.02854607021436 0.950777195394039 1.31695801531896
1.32279206998646 1.90167746460065 1.23437067470513 0 0.925310084130615 1.462536302628 1.44608443509787 1.23543649748899 1.54475032328628 1.15929859573953 1.74398933933116 1.6255517040845 1.40696645854041 1.39887061226182 1.79627144429833 1.55676117353141 1.12803484266624 1.05434032646008 1.67227924941108 1.67992620822042 0.935037142131478 1.90205532731488 1.53089592652395 1.0901499260217 1.56311166775413 1.74377983319573 1.20276849716902 1.29925939580426 1.46955649601296 1.78936300077476
1.55909288581461 1.06608793325722 1.81581483385526 0.925310084130615 0 1.17312371125445 1.80621907697059 0.935062533710152 1.75300780101679 1.53375223628245 1.20986029854976 1.15775002981536 1.90992274018936 1.60042039002292 1.90996804181486 1.57483133208007 1.6309075653553 1.03112394502386 1.61367692844942 1.48200635588728 1.35015792446211 1.5391644265037 1.83901905245148 1.32381536904722 1.01288728625514 1.39083374384791 1.78136859834194 1.22429275116883 1.43655145959929 1.08154405397363
1.87222272879444 0.997151657007635 1.91494115325622 1.462536302628 1.17312371125445 0 1.90270314528607 1.38257903908379 1.24739579414017 1.73600358492695 1.27906129788607 1.85976108838804 1.14945337525569 1.54732255125418 1.60178047791123 1.17816206905991 0.920889390865341 1.63814073731191 1.87600634689443 1.70408497471362 1.16917595406994 1.03687143581919 1.1131236795336 1.30053081200458 1.71028044284321 1.89489634684287 0.958234779071063 1.09358973335475 1.38978584366851 0.926043208921328
1.3368574087508 0.927369419950992 1.90154371992685 1.44608443509787 1.80621907697059 1.90270314528607 0 1.74232007213868 1.68505493504927 1.29472454101779 1.19606724590994 1.32192441704683 1.29904690920375 1.58499442995526 1.41639532893896 1.69159985333681 1.35217586439103 1.77787441853434 1.88467163825408 1.01804196834564 1.14168276963755 1.78475961694494 1.38347864081152 1.14377684029751 1.62496204790659 1.18092993227765 1.01609740941785 1.67814276483841 1.39630408375524 1.87387650948949
1.45420551090501 1.69982317602262 1.72771807084791 1.23543649748899 0.935062533710152 1.38257903908379 1.74232007213868 0 1.47152142599225 1.43768411269411 1.46035201125778 1.0288101118058 1.12353054643609 1.86596134421416 1.56890600221232 1.16182161401957 0.921401841100305 1.45367758907378 1.66044121445157 1.49546390655451 1.43692218000069 1.3017431164626 1.25855542393401 1.74070641584694 1.53630610718392 1.28806525492109 0.97479135543108 1.87304249266163 1.17935698013753 1.80065182992257
0.976608538534492 1.01300396048464 1.24353504739702 1.54475032328628 1.75300780101679 1.24739579414017 1.68505493504927 1.47152142599225 0 1.57349787303247 1.04887137538753 1.15457825362682 1.19004472601227 1.43030337314121 1.47947307000868 1.12262908928096 1.12079987744801 1.74339689454064 1.34705919004045 1.55328350304626 1.47563389339484 1.26557477051392 1.47209272230975 0.942908754572272 1.01111777685583 1.76819411339238 1.80408080783673 1.9082589240279 1.71554507222027 1.60321379778907
1.45025061862543 1.88889913936146 1.51579003874213 1.15929859573953 1.53375223628245 1.73600358492695 1.29472454101779 1.43768411269411 1.57349787303247 0 1.61750009586103 1.7506280853413 1.23691719118506 1.01330284634605 0.998980312375352 1.81367426528595 1.24156998749822 1.04309536144137 1.05119312391616 1.76327496557496 1.67584179481491 1.40546292532235 1.40479197353125 1.0690223746933 1.68673421698622 0.925312831997871 1.68346975767054 1.56143851252273 1.60383853362873 0.930717897834256
1.17799864779226 1.05282776150852 1.70965737453662 1.74398933933116 1.20986029854976 1.27906129788607 1.19606724590994 1.46035201125778 1.04887137538753 1.61750009586103 0 1.65946058067493 1.4674858963117 1.02212576102465 0.960600337013602 1.03339974326082 1.5070707667619 1.28535348060541 1.73910951521248 1.46779393102042 1.70118122152053 1.55672895768657 1.05310870613903 1.30181114235893 1.81023952737451 1.44059124588966 1.27024770295247 1.69081328203902 1.46260633808561 1.18391138128936
1.1539188392926 1.26890904339962 1.17147920513526 1.6255517040845 1.15775002981536 1.85976108838804 1.32192441704683 1.0288101118058 1.15457825362682 1.7506280853413 1.65946058067493 0 1.23474069475196 1.343623918714 0.975507502444088 1.18558422406204 1.91529657552019 1.21311873663217 1.52024127915502 1.7572206966579 1.59229141357355 1.76632475131191 1.54556167684495 1.19395927339792 1.78716185968369 1.86791208735667 0.978849377017468 1.71159201022238 1.64909134455957 1.76542190439068
1.78241123468615 0.972738856216893 1.26145129255019 1.40696645854041 1.90992274018936 1.14945337525569 1.29904690920375 1.12353054643609 1.19004472601227 1.23691719118506 1.4674858963117 1.23474069475196 0 1.00939215929247 1.11617629183456 1.02293491270393 0.931654992280528 1.82184123923071 1.76438267505728 1.53511980175972 1.74765823432244 1.35509509313852 1.75096715660766 1.54134911554866 1.79502835357562 1.38485714420676 1.1874804913532 1.90241479407996 0.99606503220275 1.57737144897692
0.930107525084168 1.45537212328054 1.48978985380381 1.39887061226182 1.60042039002292 1.54732255125418 1.58499442995526 1.86596134421416 1.43030337314121 1.01330284634605 1.02212576102465 1.343623918714 1.00939215929247 0 1.05220020911656 1.27289257850498 1.51765112788416 1.30975050968118 1.63870412600227 1.3628440471366 1.28201181045733 1.05157818016596 1.59110532747582 1.46936855069362 1.44120505475439 1.83563373726793 1.80182946147397 1.34549415181391 1.64046839321963 1.19164300523698
1.81495732534677 1.01820202823728 1.77035119221546 1.79627144429833 1.90996804181486 1.60178047791123 1.41639532893896 1.56890600221232 1.47947307000868 0.998980312375352 0.960600337013602 0.975507502444088 1.11617629183456 1.05220020911656 0 1.52212684042752 1.19586365832947 1.8869580514729 1.8327215637546 1.62712933076546 1.28667851747014 1.13865709328093 1.62179583497345 1.07693198439665 1.48966056667268 1.21563578210771 1.33663905155845 1.6055146669969 1.81738153705373 1.45760700572282
1.64587861602195 1.26605840213597 1.63247167714871 1.55676117353141 1.57483133208007 1.17816206905991 1.69159985333681 1.16182161401957 1.12262908928096 1.81367426528595 1.03339974326082 1.18558422406204 1.02293491270393 1.27289257850498 1.52212684042752 0 1.21864267950878 0.922896958189085 1.31704356637783 1.89849429018795 1.53571556159295 1.12301342771389 1.17312522977591 1.41757522593252 1.05773248919286 1.54923503706232 1.15728162764572 1.29823963716626 1.12348722619936 1.43361954437569
1.05145335849375 1.86633980390616 1.12813251488842 1.12803484266624 1.6309075653553 0.920889390865341 1.35217586439103 0.921401841100305 1.12079987744801 1.24156998749822 1.5070707667619 1.91529657552019 0.931654992280528 1.51765112788416 1.19586365832947 1.21864267950878 0 1.40786492684856 1.0268961803522 1.60814947704785 0.959686999907717 1.40673554758541 1.5781304682605 1.75053450535052 1.03906424087472 1.03584479750134 1.80621795263141 1.2910477227997 1.69059437001124 1.46491055726074
1.68102013436146 1.48581409291364 1.35796570172533 1.05434032646008 1.03112394502386 1.63814073731191 1.77787441853434 1.45367758907378 1.74339689454064 1.04309536144137 1.28535348060541 1.21311873663217 1.82184123923071 1.30975050968118 1.8869580514729 0.922896958189085 1.40786492684856 0 1.06744556431659 1.17954706726596 1.39751670067199 1.08066231338307 0.99671449069865 1.24018979654647 1.73854468623176 1.26107346755452 1.12566485791467 1.42980512510985 1.36180124944076 1.00531116407365
1.87202055403031 1.18059668270871 1.56762028275989 1.67227924941108 1.61367692844942 1.87600634689443 1.88467163825408 1.66044121445157 1.34705919004045 1.05119312391616 1.73910951521248 1.52024127915502 1.76438267505728 1.63870412600227 1.8327215637546 1.31704356637783 1.0268961803522 1.06744556431659 0 1.82430471922271 1.83609173400328 1.27428711787798 1.59272611793131 1.76048863702454 0.925452189985663 1.62366815027781 0.924465579213575 1.41762849595398 1.22993680275977 1.43652279558592
1.49211756372824 1.38948288559914 1.19607093068771 1.67992620822042 1.48200635588728 1.70408497471362 1.01804196834564 1.49546390655451 1.55328350304626 1.76327496557496 1.46779393102042 1.7572206966579 1.53511980175972 1.3628440471366 1.62712933076546 1.89849429018795 1.60814947704785 1.17954706726596 1.82430471922271 0 1.50795668479986 1.31962160998955 1.50837616669014 1.42292596306652 1.52153971325606 1.40416695084423 1.62785792862996 1.61438065208495 1.71344404993579 1.71449130051769
1.82252927287482 1.84655696083792 1.10736567503773 0.935037142131478 1.35015792446211 1.16917595406994 1.14168276963755 1.43692218000069 1.47563389339484 1.67584179481491 1.70118122152053 1.59229141357355 1.74765823432244 1.28201181045733 1.28667851747014 1.53571556159295 0.959686999907717 1.39751670067199 1.83609173400328 1.50795668479986 0 1.13304598676041 1.38307169498876 1.28946247743443 1.39686192036606 1.74476452660747 1.53732157731429 0.920323217753321 1.02184351650067 1.06390896486118
1.03856547316536 1.32253846246749 1.01981633459218 1.90205532731488 1.5391644265037 1.03687143581919 1.78475961694494 1.3017431164626 1.26557477051392 1.40546292532235 1.55672895768657 1.76632475131191 1.35509509313852 1.05157818016596 1.13865709328093 1.12301342771389 1.40673554758541 1.08066231338307 1.27428711787798 1.31962160998955 1.13304598676041 0 1.12982574454509 1.3713809705805 1.45604879781604 1.00142762437463 1.71196488616988 1.51415667589754 1.43121311813593 1.16384153440595
1.68057966441847 1.52671811054461 1.08813621802256 1.53089592652395 1.83901905245148 1.1131236795336 1.38347864081152 1.25855542393401 1.47209272230975 1.40479197353125 1.05310870613903 1.54556167684495 1.75096715660766 1.59110532747582 1.62179583497345 1.17312522977591 1.5781304682605 0.99671449069865 1.59272611793131 1.50837616669014 1.38307169498876 1.12982574454509 0 1.2568620853126 0.94280836940743 1.47901678062044 1.67644613306038 1.68196601886302 1.5223847522866 1.06589113478549
1.3970201855991 1.7936045716051 1.18748890305869 1.0901499260217 1.32381536904722 1.30053081200458 1.14377684029751 1.74070641584694 0.942908754572272 1.0690223746933 1.30181114235893 1.19395927339792 1.54134911554866 1.46936855069362 1.07693198439665 1.41757522593252 1.75053450535052 1.24018979654647 1.76048863702454 1.42292596306652 1.28946247743443 1.3713809705805 1.2568620853126 0 0.926116854418069 1.66665493114851 1.5866559271235 0.965350169455633 1.37525755167007 1.18066922202706
0.988439763197675 1.83252607355826 1.7280279782135 1.56311166775413 1.01288728625514 1.71028044284321 1.62496204790659 1.53630610718392 1.01111777685583 1.68673421698622 1.81023952737451 1.78716185968369 1.79502835357562 1.44120505475439 1.48966056667268 1.05773248919286 1.03906424087472 1.73854468623176 0.925452189985663 1.52153971325606 1.39686192036606 1.45604879781604 0.94280836940743 0.926116854418069 0 1.88791916309856 1.69750466593541 1.08576455456205 1.80360161978751 1.67016400303692
1.87396658444777 1.00694054993801 1.04267022386193 1.74377983319573 1.39083374384791 1.89489634684287 1.18092993227765 1.28806525492109 1.76819411339238 0.925312831997871 1.44059124588966 1.86791208735667 1.38485714420676 1.83563373726793 1.21563578210771 1.54923503706232 1.03584479750134 1.26107346755452 1.62366815027781 1.40416695084423 1.74476452660747 1.00142762437463 1.47901678062044 1.66665493114851 1.88791916309856 0 1.53442226001061 1.00499262684025 1.13296530186199 1.77321652532555
1.24652012763545 1.83925694273785 1.80982917547226 1.20276849716902 1.78136859834194 0.958234779071063 1.01609740941785 0.97479135543108 1.80408080783673 1.68346975767054 1.27024770295247 0.978849377017468 1.1874804913532 1.80182946147397 1.33663905155845 1.15728162764572 1.80621795263141 1.12566485791467 0.924465579213575 1.62785792862996 1.53732157731429 1.71196488616988 1.67644613306038 1.5866559271235 1.69750466593541 1.53442226001061 0 1.31096178665757 1.0834992416203 0.978264505043626
1.66617793939076 0.984655228210613 1.02854607021436 1.29925939580426 1.22429275116883 1.09358973335475 1.67814276483841 1.87304249266163 1.9082589240279 1.56143851252273 1.69081328203902 1.71159201022238 1.90241479407996 1.34549415181391 1.6055146669969 1.29823963716626 1.2910477227997 1.42980512510985 1.41762849595398 1.61438065208495 0.920323217753321 1.51415667589754 1.68196601886302 0.965350169455633 1.08576455456205 1.00499262684025 1.31096178665757 0 1.22038528113626 1.70392595767044
1.41197781427763 1.73344446602277 0.950777195394039 1.46955649601296 1.43655145959929 1.38978584366851 1.39630408375524 1.17935698013753 1.71554507222027 1.60383853362873 1.46260633808561 1.64909134455957 0.99606503220275 1.64046839321963 1.81738153705373 1.12348722619936 1.69059437001124 1.36180124944076 1.22993680275977 1.71344404993579 1.02184351650067 1.43121311813593 1.5223847522866 1.37525755167007 1.80360161978751 1.13296530186199 1.0834992416203 1.22038528113626 0 1.17186957085505
1.50949756498449 1.03536122827791 1.31695801531896 1.78936300077476 1.08154405397363 0.926043208921328 1.87387650948949 1.80065182992257 1.60321379778907 0.930717897834256 1.18391138128936 1.76542190439068 1.57737144897692 1.19164300523698 1.45760700572282 1.43361954437569 1.46491055726074 1.00531116407365 1.43652279558592 1.71449130051769 1.06390896486118 1.16384153440595 1.06589113478549 1.18066922202706 1.67016400303692 1.77321652532555 0.978264505043626 1.70392595767044 1.17186957085505 0
