0 1.79963100235909 1.38749339361675 1.11948972800747 1.81984134227969 0.973794734571129 1.9123096819967 1.16577427787706 1.08343391539529 1.9074986721389 1.08678949484602 1.51513339858502 1.21244448050857 1.86115407617763 1.90784795559011 1.91826358344406 1.5296004419215 1.53005294571631 1.27475098194554 0.94471015734598 1.02350721438415 1.21226143464446 1.57419733447023 1.1124513996765 1.66850418807007 1.71914377016947 1.17813469329849 1.31044055218808 1.67845790879801 1.68203880242072
1.79963100235909 0 1.740863742074 1.89436482149176 1.90795256732963 1.69424326112494 1.73729899781756 1.59182573086582 1.84060320118442 1.71385383512825 1.13491851324216 1.42638325993903 1.31115211802535 1.44607032742351 1.83239807304926 1.11532566556707 1.88217598292977 1.23011017171666 1.59374012774788 0.984797479584813 1.07770137675107 1.05399514525197 1.47696799202822 1.6978885687422 1.74406200018711 1.62399270758033 1.63773750094697 1.0227182128001 1.76293224981055 1.8691100620199
1.38749339361675 1.740863742074 0 1.82389981648885 1.30014242674224 0.980909763136879 1.56028892612085 1.05966021213681 0.982585886260495 1.23682717001066 1.82081233547069 1.63350698538125 1.58321110764518 1.80132390512154 0.933642414631322 1.43007000209764 1.16788259148598 1.21651889779605 1.14537632605061 1.85144265345298 1.36802741908468 1.23529705428518 1.21620057476684 0.941486966796219 1.1706526405178 1.78394868015312 1.71928927791305 1.04839597572573 1.64520445792004 1.25114255421795
1.11948972800747 1.89436482149176 1.82389981648885 0 1.64118471043184 1.56492281053215 1.57409502961673 1.4241815735586 1.15327110211365 1.53344721114263 1.08367308159359 1.45633391058072 1.85919178533368 1.49691945291124 1.57796037057415 1.22865274408832 1.84038009541109 1.23433468025178 1.4480564952828 0.991533618886024 1.04021038254723 1.52674890123308 0.92595440056175 1.85073717311025 1.53179354569875 1.82909817737527 1.69880757736973 0.937249303562567 1.30825038999319 1.02311373804696
1.81984134227969 1.90795256732963 1.30014242674224 1.64118471043184 0 1.71758270775899 1.83299195743166 1.57110401755199 0.99771491298452 1.84980046469718 1.29377947351895 1.62760934652761 0.971036683768034 1.53338013333268 1.79579578759149 1.05964303249493 1.3233153980691 0.939007572829723 1.57904521608725 1.24071386083961 1.16333835013211 1.19078960060142 1.12629356444813 1.82103327126242 1.10006009368226 0.930603832472116 1.38387457514182 1.71591699752025 1.004700305406 0.988729554926977
0.973794734571129 1.69424326112494 0.980909763136879 1.56492281053215 1.71758270775899 0 1.58691371581517 1.25832069525495 1.81415513902903 1.62636412167922 1.04644805169664 1.47296285326593 1.25623394548893 1.26935129752383 1.29369307658635 1.76045656739734 1.32472319854423 0.996224891161546 1.0655951295048 1.06221680575982 1.55609344504774 1.62040317384526 1.7572313612327 1.2178621776402 1.84005273552611 1.03793772868812 1.33924784045666 1.79496538615786 1.0929749191273 1.53891077963635
1.9123096819967 1.73729899781756 1.56028892612085 1.57409502961673 1.83299195743166 1.58691371581517 0 1.90368716907687 1.18598830886185 1.56468151602894 1.1012422319036 0.93839108850807 1.20630276971497 1.86947653326206 1.11254619644023 0.996061491081491 1.5089348864276 1.0592361013405 1.28100283117965 1.78289460716769 1.13015487184748 1.16079888003878 1.44271240546368 1.27314553898759 1.63349211565219 1.64964278880507 1.17459709150717 1.62602731469087 1.43569974601269 1.73389702453278
1.16577427787706 1.59182573086582 1.05966021213681 1.4241815735586 1.57110401755199 1.25832069525495 1.90368716907687 0 1.46328898938373 1.33694353187457 1.58837883151136 1.77618639403954 1.09543107496575 1.1070801790338 1.66601964831352 1.19321555900387 1.36212174454704 1.17247639736161 1.30054231872782 1.51918422756717 1.25997618306428 1.6933120735921 0.929250587942079 1.54347120737657 1.19589261640795 1.11748859588988 1.16038234694861 1.04001789866015 1.19078696845099 1.92268296238035
1.08343391539529 1.84060320118442 0.982585886260495 1.15327110211365 0.99771491298452 1.81415513902903 1.18598830886185 1.46328898938373 0 1.61782994004898 1.59413512423635 1.92197856423445 1.22533715493046 1.14143649488688 1.14397320430726 1.26242781663314 1.0437241892796 1.33345238841139 1.15389172174037 1.79228417971171 1.52934239292517 1.28895534109324 1.65221334295347 1.45560076832771 1.71054058894515 1.04948196164332 1.80014843749814 1.17716192547232 1.42530107777566 1.50914448127151
1.9074986721389 1.71385383512825 1.23682717001066 1.53344721114263 1.84980046469718 1.62636412167922 1.56468151602894 1.33694353187457 1.61782994004898 0 1.88754665711895 1.83709806995466 1.37281180568971 1.00181173742749 1.20258034439757 1.3558907485567 1.67605661205016 1.66362852999009 1.87977739516646 1.91373245953582 1.13687343592755 1.66049331473187 1.46249909792095 1.60967725585215 0.984948739875108 1.67776696383953 1.7304669439327 1.51159932743758 1.7755865547806 1.48793172952719
1.08678949484602 1.13491851324216 1.82081233547069 1.08367308159359 1.29377947351895 1.04644805169664 1.1012422319036 1.58837883151136 1.59413512423635 1.88754665711895 0 1.1400419739075 1.3256081813015 1.66149632446468 1.25344937061891 1.35349198617041 1.18855073815212 1.05058029782958 1.13242051261477 1.30444936826825 1.74860845995136 1.22884223074652 1.46269617136568 1.55642735376023 0.982918120454997 1.15140797290951 1.70135374064557 1.5659086483065 1.3779611273203 1.5250898739323
1.51513339858502 1.42638325993903 1.63350698538125 1.45633391058072 1.62760934652761 1.47296285326593 0.93839108850807 1.77618639403954 1.92197856423445 1.83709806995466 1.1400419739075 0 1.54771151021123 1.16196867916733 1.70132069662213 1.76321524544619 1.67152987606823 1.88452464877628 1.12335948599502 1.10654940572567 1.67403016448952 1.83056139224209 1.66997199249454 1.11641944083385 1.60919417697005 1.84513353998773 1.07732327980921 1.09557275590487 1.00945784314536 1.06075826799497
1.21244448050857 1.31115211802535 1.58321110764518 1.85919178533368 0.971036683768034 1.25623394548893 1.20630276971497 1.09543107496575 1.22533715493046 1.37281180568971 1.3256081813015 1.54771151021123 0 1.35821368708275 0.975148247787729 1.61697874357924 1.50483655673452 1.14122275426053 1.33915284508839 1.49160097283311 1.84757676464505 1.32600576267578 1.28247808944434 1.71113595715724 1.71639857860282 1.54480158700608 1.45109248184599 1.3403784323018 1.3163972152397 1.08124944404699
1.86115407617763 1.44607032742351 1.80132390512154 1.49691945291124 1.53338013333268 1.26935129752383 1.86947653326206 1.1070801790338 1.14143649488688 1.00181173742749 1.66149632446468 1.16196867916733 1.35821368708275 0 1.72592290327884 1.29184275539592 1.09887826233171 1.23638764582574 1.74066426069476 1.90110825398006 1.46630684216507 1.43036797922105 1.46070042951033 1.06797920190729 1.42126901447773 1.06305063422769 0.977919696131721 1.92287270026281 1.33435746724717 1.59375336393714
1.90784795559011 1.83239807304926 0.933642414631322 1.57796037057415 1.79579578759149 1.29369307658635 1.11254619644023 1.66601964831352 1.14397320430726 1.20258034439757 1.25344937061891 1.70132069662213 0.975148247787729 1.72592290327884 0 1.70536834048107 1.05067985784262 0.985661753453314 1.14050083677284 1.04757143906318 1.03397205355577 1.84109756350517 1.88050720118918 1.29847194510512 1.18174414965324 0.927719410974532 1.3644590198528 1.01272393786348 1.88621158711612 1.8860377673991
1.91826358344406 1.11532566556707 1.43007000209764 1.22865274408832 1.05964303249493 1.76045656739734 0.996061491081491 1.19321555900387 1.26242781663314 1.3558907485567 1.35349198617041 1.76321524544619 1.61697874357924 1.29184275539592 1.70536834048107 0 1.76497775525786 1.0358219537884 0.999232902191579 1.1880333062727 1.14471116289496 1.18498651590198 1.54485567170195 1.17399482452311 1.85818298486993 1.45081110089086 1.2358690300025 1.23086803662591 1.09254186064936 0.946984418202192
1.5296004419215 1.88217598292977 1.16788259148598 1.84038009541109 1.3233153980691 1.32472319854423 1.5089348864276 1.36212174454704 1.0437241892796 1.67605661205016 1.18855073815212 1.67152987606823 1.50483655673452 1.09887826233171 1.05067985784262 1.76497775525786 0 1.59593427553773 1.0815389812924 1.65744303213432 1.49871138087474 1.27122700610198 1.03680531051941 1.00110487034544 1.55117158894427 1.18110360368155 1.70373326004483 0.998692603548989 1.41774619487114 1.21503041102551
1.53005294571631 1.23011017171666 1.21651889779605 1.23433468025178 0.939007572829723 0.996224891161546 1.0592361013405 1.17247639736161 1.33345238841139 1.66362852999009 1.05058029782958 1.88452464877628 1.14122275426053 1.23638764582574 0.985661753453314 1.0358219537884 1.59593427553773 0 0.980901499278843 1.49974492751062 1.1838314384222 1.07690607267432 1.84475892386399 1.91306814621203 1.64236902096309 1.82467869948596 1.79642693186179 1.70405328087509 1.7370364877861 1.10010539041832
1.27475098194554 1.59374012774788 1.14537632605061 1.4480564952828 1.57904521608725 1.0655951295048 1.28100283117965 1.30054231872782 1.15389172174037 1.87977739516646 1.13242051261477 1.12335948599502 1.33915284508839 1.74066426069476 1.14050083677284 0.999232902191579 1.0815389812924 0.980901499278843 0 1.03676635003649 1.72486225701869 1.60784778906964 1.24721855996177 0.956184011884034 1.38659570133314 1.34793969639577 1.87874810956419 1.04913083650172 1.81131062237546 1.48304081056267
0.94471015734598 0.984797479584813 1.85144265345298 0.991533618886024 1.24071386083961 1.06221680575982 1.78289460716769 1.51918422756717 1.79228417971171 1.91373245953582 1.30444936826825 1.10654940572567 1.49160097283311 1.90110825398006 1.04757143906318 1.1880333062727 1.65744303213432 1.49974492751062 1.03676635003649 0 1.57348650158383 1.05216195434332 1.02425983920693 1.4781321499031 1.79881558637135 1.27695918781683 1.1728688897565 1.71993250097148 1.7736059287563 0.924314528470859
1.02350721438415 1.07770137675107 1.36802741908468 1.04021038254723 1.16333835013211 1.55609344504774 1.13015487184748 1.25997618306428 1.52934239292517 1.13687343592755 1.74860845995136 1.67403016448952 1.84757676464505 1.46630684216507 1.03397205355577 1.14471116289496 1.49871138087474 1.1838314384222 1.72486225701869 1.57348650158383 0 1.19011028157547 1.72373479651287 1.2373765273951 1.82908342522569 1.69854912604205 1.59526298404671 1.1228471363429 1.15526538365521 1.12154272687621
1.21226143464446 1.05399514525197 1.23529705428518 1.52674890123308 1.19078960060142 1.62040317384526 1.16079888003878 1.6933120735921 1.28895534109324 1.66049331473187 1.22884223074652 1.83056139224209 1.32600576267578 1.43036797922105 1.84109756350517 1.18498651590198 1.27122700610198 1.07690607267432 1.60784778906964 1.05216195434332 1.19011028157547 0 1.92028853483498 1.34554389887489 1.82956148008816 1.23257273808122 1.1266425861977 1.23816726263613 1.36366795445792 1.52852127421647
1.57419733447023 1.47696799202822 1.21620057476684 0.92595440056175 1.12629356444813 1.7572313612327 1.44271240546368 0.929250587942079 1.65221334295347 1.46249909792095 1.46269617136568 1.66997199249454 1.28247808944434 1.46070042951033 1.88050720118918 1.54485567170195 1.03680531051941 1.84475892386399 1.24721855996177 1.02425983920693 1.72373479651287 1.92028853483498 0 0.925514308270067 1.55786634935066 1.70572927640751 1.64841439411975 1.35257111419924 1.18811947316863 1.80190634937026
1.1124513996765 1.6978885687422 0.941486966796219 1.85073717311025 1.82103327126242 1.2178621776402 1.27314553898759 1.54347120737657 1.45560076832771 1.60967725585215 1.55642735376023 1.11641944083385 1.71113595715724 1.06797920190729 1.29847194510512 1.17399482452311 1.00110487034544 1.91306814621203 0.956184011884034 1.4781321499031 1.2373765273951 1.34554389887489 0.925514308270067 0 1.91356143541634 1.43837821716443 1.45560687407851 1.65130185196176 1.11146731977351 1.30724903824739
1.66850418807007 1.74406200018711 1.1706526405178 1.53179354569875 1.10006009368226 1.84005273552611 1.63349211565219 1.19589261640795 1.71054058894515 0.984948739875108 0.982918120454997 1.60919417697005 1.71639857860282 1.42126901447773 1.18174414965324 1.85818298486993 1.55117158894427 1.64236902096309 1.38659570133314 1.79881558637135 1.82908342522569 1.82956148008816 1.55786634935066 1.91356143541634 0 1.63206075318158 1.47698666481301 1.87266034865752 1.76270753098652 1.65704102744348
1.71914377016947 1.62399270758033 1.78394868015312 1.82909817737527 0.930603832472116 1.03793772868812 1.64964278880507 1.11748859588988 1.04948196164332 1.67776696383953 1.15140797290951 1.84513353998773 1.54480158700608 1.06305063422769 0.927719410974532 1.45081110089086 1.18110360368155 1.82467869948596 1.34793969639577 1.27695918781683 1.69854912604205 1.23257273808122 1.70572927640751 1.43837821716443 1.63206075318158 0 1.73940686555579 1.84034907561727 1.71650873776525 1.09626312204637
1.17813469329849 1.63773750094697 1.71928927791305 1.69880757736973 1.38387457514182 1.33924784045666 1.17459709150717 1.16038234694861 1.80014843749814 1.7304669439327 1.70135374064557 1.07732327980921 1.45109248184599 0.977919696131721 1.3644590198528 1.2358690300025 1.70373326004483 1.79642693186179 1.87874810956419 1.1728688897565 1.59526298404671 1.1266425861977 1.64841439411975 1.45560687407851 1.47698666481301 1.73940686555579 0 0.944953004131094 1.46236586198211 1.04762180079706
1.31044055218808 1.0227182128001 1.04839597572573 0.937249303562567 1.71591699752025 1.79496538615786 1.62602731469087 1.04001789866015 1.17716192547232 1.51159932743758 1.5659086483065 1.09557275590487 1.3403784323018 1.92287270026281 1.01272393786348 1.23086803662591 0.998692603548989 1.70405328087509 1.04913083650172 1.71993250097148 1.1228471363429 1.23816726263613 1.35257111419924 1.65130185196176 1.87266034865752 1.84034907561727 0.944953004131094 0 1.86220985022373 1.54526876867749
1.67845790879801 1.76293224981055 1.64520445792004 1.30825038999319 1.004700305406 1.0929749191273 1.43569974601269 1.19078696845099 1.42530107777566 1.7755865547806 1.3779611273203 1.00945784314536 1.3163972152397 1.33435746724717 1.88621158711612 1.09254186064936 1.41774619487114 1.7370364877861 1.81131062237546 1.7736059287563 1.15526538365521 1.36366795445792 1.18811947316863 1.11146731977351 1.76270753098652 1.71650873776525 1.46236586198211 1.86220985022373 0 1.09152695676312
1.68203880242072 1.8691100620199 1.25114255421795 1.02311373804696 0.988729554926977 1.53891077963635 1.73389702453278 1.92268296238035 1.50914448127151 1.48793172952719 1.5250898739323 1.06075826799497 1.08124944404699 1.59375336393714 1.8860377673991 0.946984418202192 1.21503041102551 1.10010539041832 1.48304081056267 0.924314528470859 1.12154272687621 1.52852127421647 1.80190634937026 1.30724903824739 1.65704102744348 1.09626312204637 1.04762180079706 1.54526876867749 1.09152695676312 0
