0 1.7125567253679 1.86052386229858 1.34897708287463 1.50224934890866 1.619706497062 1.77114451630041 1.51614513527602 1.07188383862376 1.84532726206817 1.78177720867097 1.39139347313903 1.21542233088985 1.54982517310418 1.38227985962294 1.63128634961322 1.86359941959381 1.83855967759155 1.80731177818961 1.01123796845786 0.969781166641042 1.47029621130787 1.76618084055372 1.68654339993373 1.47255727159791 1.34879357134923 1.22315919375978 1.80730970553122 1.42763696960174 0.952387656783685
1.7125567253679 0 1.25074631022289 1.16751756332815 1.36586483428255 1.33123652846552 1.25008040107787 1.84499914688058 1.56911986973137 1.39662241982296 1.14425708074123 1.11653790134005 0.958177565131336 1.61631977977231 1.69379094964825 1.00034903245978 1.71477759652771 1.2409322320018 1.53369568614289 1.54972163983621 1.32482561445795 1.63020610180683 1.28690795134753 1.72091894876212 1.10648410953581 1.20204615197144 1.55103831854649 0.903676710324362 1.4042074456811 1.21300289221108
1.86052386229858 1.25074631022289 0 1.07185428403318 1.79467113967985 1.63206201954745 1.7883460863959 1.13350778841414 1.60981686739251 1.56928855599836 1.34521600161679 1.35592312528752 1.39427662990056 1.01389365107752 1.41599763487466 1.63738060835749 1.53115927334875 1.55581796891056 1.76088784635067 1.52581363124773 1.66069875727408 1.45529222371988 1.59655614476651 0.936336393002421 1.04981005098671 1.45488522667438 1.22895369934849 1.3250426016748 1.84269665600732 1.381261683302
1.34897708287463 1.16751756332815 1.07185428403318 0 1.68517801701091 1.69598056608811 1.02966800401919 0.902748615248129 0.941135767148808 1.55784629262052 0.883987839100882 1.6924673600588 1.24892867798917 1.85627110279165 1.35471004270948 0.945443828357384 1.14498680899851 1.36759954737499 1.76690563559532 1.78423189162277 1.01695132558234 1.32906837575138 1.6437908555381 1.09520741202869 1.5699062012136 1.02655086037703 1.56794023513794 1.30438960553147 0.881264256546274 1.16001990111545
1.50224934890866 1.36586483428255 1.79467113967985 1.68517801701091 0 0.999176961835474 1.3973696695175 0.997603137977421 1.51574433478527 1.3202169619035 1.50224286527373 1.36022573104128 1.39082690491341 1.73450668132864 0.93533876654692 0.986624427139759 1.69729353161529 1.83247700100765 1.6480260246899 1.57766141789034 1.65011657052673 1.18497710488737 1.54003972630017 1.3719618646428 1.10953878378496 1.05894078756683 1.36897222418338 1.57914172881283 1.78627240797505 1.84673341270536
1.619706497062 1.33123652846552 1.63206201954745 1.69598056608811 0.999176961835474 0 1.80420683301054 1.70692343497649 1.67161447601393 1.0479264552705 0.937906512757763 1.71397473732941 1.29988184082322 1.5163212462794 1.84870153688826 1.1024187693838 1.67037896229886 0.978873922489583 1.16103508230299 1.05206138617359 0.940620555076748 1.47038977104239 1.52768786204979 1.29831792972982 1.54018667945638 1.24295821739361 1.56181838246994 1.44835755997337 1.47584168310277 1.37056447495706
1.77114451630041 1.25008040107787 1.7883460863959 1.02966800401919 1.3973696695175 1.80420683301054 0 1.34139535273425 1.19370815856382 0.91370903654024 1.24946935032494 0.908053656574339 1.40537685831077 0.945012601092458 1.75228832522407 1.53808206738904 1.19281284487806 1.50555599317886 1.47390715032816 1.18337031058036 1.03660016669892 1.27226767316461 1.54963504243642 0.893954531056806 1.17977728019468 1.67350736120716 1.76987935299985 1.62442957051098 1.62755095190369 0.984931349754333
1.51614513527602 1.84499914688058 1.13350778841414 0.902748615248129 0.997603137977421 1.70692343497649 1.34139535273425 0 1.42040706449188 0.969045556848869 1.66314465017058 1.68467789073475 1.01087127439678 1.0442662211135 1.75891815125942 1.19743699789979 1.13887376338243 1.28408812894486 1.16469150432386 1.32654823316261 1.51438209577464 1.72556537250057 1.56402603979222 1.56376913003623 1.64303422230296 1.45140587585047 1.80795893957838 1.32658282155171 1.20574612589553 1.20061685633846
1.07188383862376 1.56911986973137 1.60981686739251 0.941135767148808 1.51574433478527 1.67161447601393 1.19370815856382 1.42040706449188 0 1.30096609913744 1.25138015625998 1.41308898502029 1.05406714905985 1.31995436898433 1.71637392323464 1.09628809825517 1.20157078630291 1.03958687209524 1.1859250466805 1.22927332553081 0.92511076410301 1.74126064265147 1.37511805887334 1.04042475228198 1.35452060820535 0.981259743450209 1.31274200347252 1.53974225698039 1.73564532026649 1.42040303116664
1.84532726206817 1.39662241982296 1.56928855599836 1.55784629262052 1.3202169619035 1.0479264552705 0.91370903654024 0.969045556848869 1.30096609913744 0 0.896520019741729 1.12306755944155 1.29785195644945 1.79962033475749 1.254342246335 1.7651508168783 1.30286114499904 1.49359076563269 1.15598216559738 1.76120057841763 1.47507951175794 1.10584182967432 1.83497475157492 1.26064035017043 1.1469921763055 1.67251616786234 1.01230503316037 0.95662325178273 1.4495697862003 0.892939605284482
1.78177720867097 1.14425708074123 1.34521600161679 0.883987839100882 1.50224286527373 0.937906512757763 1.24946935032494 1.66314465017058 1.25138015625998 0.896520019741729 0 1.82046244572848 1.70765520608984 1.7388890569564 1.65397611586377 1.46130353212357 0.995840560412034 1.00573610770516 1.2477115734946 1.08768072072417 1.63677565706894 1.31651736726053 1.58580892207101 1.12852220050991 1.6690851545427 1.40684542362578 0.957899944856763 1.08336228760891 1.21377170248888 1.14082623412833
1.39139347313903 1.11653790134005 1.35592312528752 1.6924673600588 1.36022573104128 1.71397473732941 0.908053656574339 1.68467789073475 1.41308898502029 1.12306755944155 1.82046244572848 0 1.36001178529114 1.68463063752279 1.76018236088566 1.32936322898604 1.39975300361402 1.28498866455629 1.58289216458797 1.55585229466669 0.987603764748201 1.58235479914583 1.71710529294796 1.69014852307737 1.44920843327418 1.85976527282037 1.74713261937723 1.35168397985399 1.54218046902679 1.79201500816271
1.21542233088985 0.958177565131336 1.39427662990056 1.24892867798917 1.39082690491341 1.29988184082322 1.40537685831077 1.01087127439678 1.05406714905985 1.29785195644945 1.70765520608984 1.36001178529114 0 1.13257842953317 1.51885760691948 1.03863075003028 1.17524969484657 1.00910692336038 1.58730469434522 1.53607841860503 1.15221022837795 1.40674669644795 1.63499267399311 1.44357142644003 1.8086435100995 1.60407521785237 1.81019506347366 1.70930214598775 0.92295649042353 1.37643665145151
1.54982517310418 1.61631977977231 1.01389365107752 1.85627110279165 1.73450668132864 1.5163212462794 0.945012601092458 1.0442662211135 1.31995436898433 1.79962033475749 1.7388890569564 1.68463063752279 1.13257842953317 0 1.58823830634356 1.01135181146674 1.44372464274056 1.07799355010502 1.19097072724253 1.36098393215798 1.60818716837093 0.90281524695456 0.961380619788542 1.54990211850964 1.30589842121117 1.79575458681211 1.52633056673221 1.52505297143944 1.69886062783189 1.74800695828162
1.38227985962294 1.69379094964825 1.41599763487466 1.35471004270948 0.93533876654692 1.84870153688826 1.75228832522407 1.75891815125942 1.71637392323464 1.254342246335 1.65397611586377 1.76018236088566 1.51885760691948 1.58823830634356 0 1.39843818522058 1.4783951905556 1.44242875953205 1.01170742511749 1.56138780480251 1.22811931092292 1.51103663747199 1.36311283661053 1.66204846487381 1.304010104388 1.56895671901293 0.948755361372605 1.81543379160576 0.948175550205633 0.926195747917518
1.63128634961322 1.00034903245978 1.63738060835749 0.945443828357384 0.986624427139759 1.1024187693838 1.53808206738904 1.19743699789979 1.09628809825517 1.7651508168783 1.46130353212357 1.32936322898604 1.03863075003028 1.01135181146674 1.39843818522058 0 1.62197047378868 1.09457158274017 1.11590255377814 1.23586282134056 1.43631655839272 1.84812899050303 1.48560131457634 1.07355251046829 1.50260530342348 1.17129754438065 1.46987916342914 1.46208723564632 1.69592538150027 1.32482769456692
1.86359941959381 1.71477759652771 1.53115927334875 1.14498680899851 1.69729353161529 1.67037896229886 1.19281284487806 1.13887376338243 1.20157078630291 1.30286114499904 0.995840560412034 1.39975300361402 1.17524969484657 1.44372464274056 1.4783951905556 1.62197047378868 0 1.34834029176272 1.38024093210697 1.15951317921281 1.35894333245233 1.05780264502391 1.82725347718224 1.68284894060344 1.73073849175125 1.54853864666075 1.2667113894131 0.894851397257298 0.991501151584089 1.30749521125108
1.83855967759155 1.2409322320018 1.55581796891056 1.36759954737499 1.83247700100765 0.978873922489583 1.50555599317886 1.28408812894486 1.03958687209524 1.49359076563269 1.00573610770516 1.28498866455629 1.00910692336038 1.07799355010502 1.44242875953205 1.09457158274017 1.34834029176272 0 1.28885382483713 1.16812820965424 0.902815781300887 1.64376363204792 1.66568666184321 1.17384247435257 1.21488667908125 1.37295066285878 1.21406533150002 1.16781779844314 1.69339678692631 1.11201513698325
1.80731177818961 1.53369568614289 1.76088784635067 1.76690563559532 1.6480260246899 1.16103508230299 1.47390715032816 1.16469150432386 1.1859250466805 1.15598216559738 1.2477115734946 1.58289216458797 1.58730469434522 1.19097072724253 1.01170742511749 1.11590255377814 1.38024093210697 1.28885382483713 0 1.02900304598734 0.87536276364699 0.872828390216455 1.53371497290209 1.7394490337465 1.22464103344828 1.60152304498479 1.27980085625313 1.29041939135641 1.21878505637869 1.45039914059453
1.01123796845786 1.54972163983621 1.52581363124773 1.78423189162277 1.57766141789034 1.05206138617359 1.18337031058036 1.32654823316261 1.22927332553081 1.76120057841763 1.08768072072417 1.55585229466669 1.53607841860503 1.36098393215798 1.56138780480251 1.23586282134056 1.15951317921281 1.16812820965424 1.02900304598734 0 1.64980814652517 1.39077854622155 1.58988051861525 1.18534408765845 1.09589759423397 0.952296771341935 0.94116243114695 1.64468278968707 1.7077906189952 1.35525551741011
0.969781166641042 1.32482561445795 1.66069875727408 1.01695132558234 1.65011657052673 0.940620555076748 1.03660016669892 1.51438209577464 0.92511076410301 1.47507951175794 1.63677565706894 0.987603764748201 1.15221022837795 1.60818716837093 1.22811931092292 1.43631655839272 1.35894333245233 0.902815781300887 0.87536276364699 1.64980814652517 0 1.69964023213834 1.52909438521601 0.979768880642951 1.29004579526372 1.80347493104637 1.59895046590827 1.49451487278566 0.964830165496096 0.880598805146292
1.47029621130787 1.63020610180683 1.45529222371988 1.32906837575138 1.18497710488737 1.47038977104239 1.27226767316461 1.72556537250057 1.74126064265147 1.10584182967432 1.31651736726053 1.58235479914583 1.40674669644795 0.90281524695456 1.51103663747199 1.84812899050303 1.05780264502391 1.64376363204792 0.872828390216455 1.39077854622155 1.69964023213834 0 1.1746305427514 1.75133683905005 0.934630753472447 1.56392620783299 1.80545344832353 1.29877010337077 1.68976050452329 1.51664815912955
1.76618084055372 1.28690795134753 1.59655614476651 1.6437908555381 1.54003972630017 1.52768786204979 1.54963504243642 1.56402603979222 1.37511805887334 1.83497475157492 1.58580892207101 1.71710529294796 1.63499267399311 0.961380619788542 1.36311283661053 1.48560131457634 1.82725347718224 1.66568666184321 1.53371497290209 1.58988051861525 1.52909438521601 1.1746305427514 0 1.1297953047324 1.26190665457398 1.23140676319599 1.50143416924402 1.05304656340741 1.33281554537825 1.47145274374634
1.68654339993373 1.72091894876212 0.936336393002421 1.09520741202869 1.3719618646428 1.29831792972982 0.893954531056806 1.56376913003623 1.04042475228198 1.26064035017043 1.12852220050991 1.69014852307737 1.44357142644003 1.54990211850964 1.66204846487381 1.07355251046829 1.68284894060344 1.17384247435257 1.7394490337465 1.18534408765845 0.979768880642951 1.75133683905005 1.1297953047324 0 1.69712074147537 1.4631210246589 1.30200137104839 0.8783995420672 1.65045040799305 1.78424218832515
1.47255727159791 1.10648410953581 1.04981005098671 1.5699062012136 1.10953878378496 1.54018667945638 1.17977728019468 1.64303422230296 1.35452060820535 1.1469921763055 1.6690851545427 1.44920843327418 1.8086435100995 1.30589842121117 1.304010104388 1.50260530342348 1.73073849175125 1.21488667908125 1.22464103344828 1.09589759423397 1.29004579526372 0.934630753472447 1.26190665457398 1.69712074147537 0 1.29334004200064 1.66780825145543 1.732508901041 1.73496332019567 1.66256504389457
1.34879357134923 1.20204615197144 1.45488522667438 1.02655086037703 1.05894078756683 1.24295821739361 1.67350736120716 1.45140587585047 0.981259743450209 1.67251616786234 1.40684542362578 1.85976527282037 1.60407521785237 1.79575458681211 1.56895671901293 1.17129754438065 1.54853864666075 1.37295066285878 1.60152304498479 0.952296771341935 1.80347493104637 1.56392620783299 1.23140676319599 1.4631210246589 1.29334004200064 0 1.84974969620816 1.55090722534806 0.913972208276391 1.35609381087124
1.22315919375978 1.55103831854649 1.22895369934849 1.56794023513794 1.36897222418338 1.56181838246994 1.76987935299985 1.80795893957838 1.31274200347252 1.01230503316037 0.957899944856763 1.74713261937723 1.81019506347366 1.52633056673221 0.948755361372605 1.46987916342914 1.2667113894131 1.21406533150002 1.27980085625313 0.94116243114695 1.59895046590827 1.80545344832353 1.50143416924402 1.30200137104839 1.66780825145543 1.84974969620816 0 1.22788576246239 1.03530788887292 1.0966360620223
1.80730970553122 0.903676710324362 1.3250426016748 1.30438960553147 1.57914172881283 1.44835755997337 1.62442957051098 1.32658282155171 1.53974225698039 0.95662325178273 1.08336228760891 1.35168397985399 1.70930214598775 1.52505297143944 1.81543379160576 1.46208723564632 0.894851397257298 1.16781779844314 1.29041939135641 1.64468278968707 1.49451487278566 1.29877010337077 1.05304656340741 0.8783995420672 1.732508901041 1.55090722534806 1.22788576246239 0 0.883008930832148 1.84276882000268
1.42763696960174 1.4042074456811 1.84269665600732 0.881264256546274 1.78627240797505 1.47584168310277 1.62755095190369 1.20574612589553 1.73564532026649 1.4495697862003 1.21377170248888 1.54218046902679 0.92295649042353 1.69886062783189 0.948175550205633 1.69592538150027 0.991501151584089 1.69339678692631 1.21878505637869 1.7077906189952 0.964830165496096 1.68976050452329 1.33281554537825 1.65045040799305 1.73496332019567 0.913972208276391 1.03530788887292 0.883008930832148 0 1.71466927276924
0.952387656783685 1.21300289221108 1.381261683302 1.16001990111545 1.84673341270536 1.37056447495706 0.984931349754333 1.20061685633846 1.42040303116664 0.892939605284482 1.14082623412833 1.79201500816271 1.37643665145151 1.74800695828162 0.926195747917518 1.32482769456692 1.30749521125108 1.11201513698325 1.45039914059453 1.35525551741011 0.880598805146292 1.51664815912955 1.47145274374634 1.78424218832515 1.66256504389457 1.35609381087124 1.0966360620223 1.84276882000268 1.71466927276924 0
