0 0.87774235 0.99281836 1.01146 0.99658537 0.97978103 0.9860852 0.8933747 0.8713238 0.8783872 0.8643263 0.8956819 0.891731 1.0015109 0.9977191 0.87613255 0.8835664 0.88162 0.8754896 0.870685 0.86559373 0.8907466 1.0076177 0.88910866 0.9962078 0.86877173 0.8624292 0.84587634 0.98496884 1.01069
0.87774235 0 1.0053219 0.9827411 0.9845971 0.9801504 0.9939465 0.4004854 0.21656199 0.8745262 0.87613255 0.4826014 0.40424737 1.0053219 1.01069 0.8851922 0.87967867 0.31482518 0.31986335 0.2195042 0.21709608 0.40373325 0.9695119 0.4028772 0.9838541 0.8738847 0.8719632 0.85896355 0.9816297 0.9943229
0.99281836 1.0053219 0 0.5050084 0.5071684 0.5166672 0.5182621 1.0095364 0.99923354 1.0282096 1.0266355 1.0579402 1.0203725 0.21763055 0.22501844 1.0461482 1.0485728 0.99734104 0.9980974 0.99545324 0.9943229 1.019204 0.91643286 1.0157093 0.91643286 1.0361294 1.0270288 1.014548 0.51012385 0.5226656
1.01146 0.9827411 0.5050084 0 0.19136275 0.4224669 0.42194015 0.97573 0.9842255 1.000751 1.0060863 1.0223241 0.9872032 0.50129217 0.5005121 0.9939465 0.99357027 0.98794943 0.9827411 0.9857129 0.9768326 0.98051995 0.9113596 0.9779369 0.9106857 1.0049399 0.98645765 0.99169195 0.2519543 0.25419644
0.99658537 0.9845971 0.5071684 0.19136275 0 0.42211568 0.41495198 0.9842255 0.99131685 1.0053219 0.99357027 1.030972 0.98757625 0.50285465 0.5032458 0.9845971 0.99281836 0.97426224 0.9779369 0.98051995 0.9738958 0.99169195 0.8999856 0.99281836 0.9113596 0.9845971 0.98907024 0.9901927 0.25097546 0.25363526
0.97978103 0.9801504 0.5166672 0.4224669 0.42211568 0 0.17451672 0.97978103 0.98051995 0.9958304 0.9950763 1.0242808 0.98496884 0.5022683 0.5024637 1.01146 1.015322 0.97170067 0.97609735 0.97573 0.9713354 0.98348296 0.9053166 0.98125964 0.9013148 1.0049399 1.0095364 0.98496884 0.4166929 0.42846268
0.9860852 0.9939465 0.5182621 0.42194015 0.41495198 0.17451672 0 0.9838541 0.98757625 0.99885464 0.99658537 1.0262426 0.9924427 0.5010971 0.5061858 1.0126165 1.0141612 0.982 0.9894442 0.9808897 0.97499573 0.9857129 0.8956819 0.9860852 0.89469224 0.9980974 1.000751 0.9845971 0.40923536 0.4207125
0.8933747 0.4004854 1.0095364 0.97573 0.9842255 0.97978103 0.9838541 0 0.39997387 0.8783872 0.88943595 0.49526802 0.16063786 1.0034139 1.0072346 0.89932185 0.8940332 0.39691195 0.40202212 0.405105 0.39861146 0.16039012 0.9698763 0.16063786 0.99961257 0.8800019 0.85959244 0.85864925 0.98907024 1.0072346
0.8713238 0.21656199 0.99923354 0.9842255 0.99131685 0.98051995 0.98757625 0.39997387 0 0.8754896 0.87677604 0.48184055 0.40014434 1.0072346 1.0095364 0.8963424 0.8914027 0.31482518 0.31848595 0.15336403 0.14798503 0.401168 0.97352946 0.4004854 0.98907024 0.87645423 0.8643263 0.8502134 0.9779369 0.9969631
0.8783872 0.8745262 1.0282096 1.000751 1.0053219 0.9958304 0.99885464 0.8783872 0.8754896 0 0.12815055 0.8999856 0.88259256 1.0215429 1.0168724 0.8621135 0.8624292 0.86148244 0.86877173 0.8621135 0.8652767 0.8842163 0.99169195 0.88064873 0.9727974 0.8592779 0.86877173 0.8351422 0.990942 0.99734104
0.8643263 0.87613255 1.0266355 1.0060863 0.99357027 0.9950763 0.99658537 0.88943595 0.87677604 0.12815055 0 0.9043141 0.8910746 1.019204 1.018426 0.8652767 0.8649598 0.864643 0.8745262 0.8722831 0.877098 0.8973342 0.9901927 0.89469224 0.9827411 0.853951 0.85645306 0.8366663 0.9816297 0.9980974
0.8956819 0.4826014 1.0579402 1.0223241 1.030972 1.0242808 1.0262426 0.49526802 0.48184055 0.8999856 0.9043141 0 0.4960426 1.0409217 1.0417235 0.89601207 0.9029796 0.47918367 0.48127043 0.491407 0.4858436 0.5024637 1.0072346 0.50070703 1.0091523 0.88780093 0.8979962 0.8719632 1.0095364 1.0262426
0.891731 0.40424737 1.0203725 0.9872032 0.98757625 0.98496884 0.9924427 0.16063786 0.40014434 0.88259256 0.8910746 0.4960426 0 1.0141612 1.0172604 0.8920595 0.8897634 0.39895183 0.40373325 0.40682322 0.39997387 0.1098684 0.97978103 0.10963688 1.0091523 0.87967867 0.8713238 0.870685 0.99658537 1.0083846
1.0015109 1.0053219 0.21763055 0.50129217 0.50285465 0.5022683 0.5010971 1.0034139 1.0072346 1.0215429 1.019204 1.0409217 1.0141612 0 0.08370163 1.0227151 1.0270288 0.99545324 0.9901927 1.0072346 0.99885464 1.0172604 0.90665525 1.0176488 0.91541547 1.0049399 1.0199828 1.0003713 0.5075618 0.5152744
0.9977191 1.01069 0.22501844 0.5005121 0.5032458 0.5024637 0.5061858 1.0072346 1.0095364 1.0168724 1.018426 1.0417235 1.0172604 0.08370163 0 1.0329514 1.0401208 1.000751 0.9962078 1.0133885 1.001891 1.019204 0.90498227 1.0199828 0.9188122 0.99999183 1.025065 0.9950763 0.5061858 0.515871
0.87613255 0.8851922 1.0461482 0.9939465 0.9845971 1.01146 1.0126165 0.89932185 0.8963424 0.8621135 0.8652767 0.89601207 0.8920595 1.0227151 1.0329514 0 0.07073301 0.8722831 0.87967867 0.8973342 0.88943595 0.8848668 1.0157093 0.8842163 1.0313674 0.3789641 0.4008266 0.39436984 0.9845971 1.0030329
0.8835664 0.87967867 1.0485728 0.99357027 0.99281836 1.015322 1.0141612 0.8940332 0.8914027 0.8624292 0.8649598 0.9029796 0.8897634 1.0270288 1.0401208 0.07073301 0 0.8726031 0.88162 0.891731 0.8851922 0.88226825 1.0110749 0.88064873 1.0227151 0.38062337 0.4028772 0.39335543 0.98757625 0.9946995
0.88162 0.31482518 0.99734104 0.98794943 0.97426224 0.97170067 0.982 0.39691195 0.31482518 0.86148244 0.864643 0.47918367 0.39895183 0.99545324 1.000751 0.8722831 0.8726031 0 0.06744353 0.31909782 0.31421676 0.3962332 0.97206604 0.39436984 0.9894442 0.85488826 0.8523914 0.847732 0.9783054 0.99281836
0.8754896 0.31986335 0.9980974 0.9827411 0.9779369 0.97609735 0.9894442 0.40202212 0.31848595 0.86877173 0.8745262 0.48127043 0.40373325 0.9901927 0.9962078 0.87967867 0.88162 0.06744353 0 0.32185742 0.3177218 0.40150952 0.96226203 0.39980343 0.98348296 0.85332674 0.8542633 0.8455675 0.9746289 0.99281836
0.870685 0.2195042 0.99545324 0.9857129 0.98051995 0.97573 0.9808897 0.405105 0.15336403 0.8621135 0.8722831 0.491407 0.40682322 1.0072346 1.0133885 0.8973342 0.891731 0.31909782 0.32185742 0 0.061884318 0.40820062 0.96479154 0.40768382 0.9768326 0.88226825 0.8719632 0.8573935 0.9706055 0.99885464
0.86559373 0.21709608 0.9943229 0.9768326 0.9738958 0.9713354 0.97499573 0.39861146 0.14798503 0.8652767 0.877098 0.4858436 0.39997387 0.99885464 1.001891 0.88943595 0.8851922 0.31421676 0.3177218 0.061884318 0 0.40065598 0.9691478 0.40031484 0.98496884 0.8719632 0.8662283 0.8523914 0.9680563 0.9853408
0.8907466 0.40373325 1.019204 0.98051995 0.99169195 0.98348296 0.9857129 0.16039012 0.401168 0.8842163 0.8973342 0.5024637 0.1098684 1.0172604 1.019204 0.8848668 0.88226825 0.3962332 0.40150952 0.40820062 0.40065598 0 0.97499573 0.010574194 1.001891 0.8722831 0.86909026 0.86148244 0.9962078 1.0176488
1.0076177 0.9695119 0.91643286 0.9113596 0.8999856 0.9053166 0.8956819 0.9698763 0.97352946 0.99169195 0.9901927 1.0072346 0.97978103 0.90665525 0.90498227 1.0157093 1.0110749 0.97206604 0.96226203 0.96479154 0.9691478 0.97499573 0 0.9746289 0.40940794 1.0133885 1.0015109 0.98051995 0.8914027 0.9137229
0.88910866 0.4028772 1.0157093 0.9779369 0.99281836 0.98125964 0.9860852 0.16063786 0.4004854 0.88064873 0.89469224 0.50070703 0.10963688 1.0176488 1.0199828 0.8842163 0.88064873 0.39436984 0.39980343 0.40768382 0.40031484 0.010574194 0.9746289 0 0.99961257 0.86909026 0.8640098 0.85707986 0.99357027 1.0157093
0.9962078 0.9838541 0.91643286 0.9106857 0.9113596 0.9013148 0.89469224 0.99961257 0.98907024 0.9727974 0.9827411 1.0091523 1.0091523 0.91541547 0.9188122 1.0313674 1.0227151 0.9894442 0.98348296 0.9768326 0.98496884 1.001891 0.40940794 0.99961257 0 0.99999183 1.0266355 1.0030329 0.8989902 0.9086678
0.86877173 0.8738847 1.0361294 1.0049399 0.9845971 1.0049399 0.9980974 0.8800019 0.87645423 0.8592779 0.853951 0.88780093 0.87967867 1.0049399 0.99999183 0.3789641 0.38062337 0.85488826 0.85332674 0.88226825 0.8719632 0.8722831 1.0133885 0.86909026 0.99999183 0 0.39538565 0.38830376 0.9845971 1.0099207
0.8624292 0.8719632 1.0270288 0.98645765 0.98907024 1.0095364 1.000751 0.85959244 0.8643263 0.86877173 0.85645306 0.8979962 0.8713238 1.0199828 1.025065 0.4008266 0.4028772 0.8523914 0.8542633 0.8719632 0.8662283 0.86909026 1.0015109 0.8640098 1.0266355 0.39538565 0 0.35226277 0.9698763 0.99056727
0.84587634 0.85896355 1.014548 0.99169195 0.9901927 0.98496884 0.9845971 0.85864925 0.8502134 0.8351422 0.8366663 0.8719632 0.870685 1.0003713 0.9950763 0.39436984 0.39335543 0.847732 0.8455675 0.8573935 0.8523914 0.86148244 0.98051995 0.85707986 1.0030329 0.38830376 0.35226277 0 0.96406794 0.9950763
0.98496884 0.9816297 0.51012385 0.2519543 0.25097546 0.4166929 0.40923536 0.98907024 0.9779369 0.990942 0.9816297 1.0095364 0.99658537 0.5075618 0.5061858 0.9845971 0.98757625 0.9783054 0.9746289 0.9706055 0.9680563 0.9962078 0.8914027 0.99357027 0.8989902 0.9845971 0.9698763 0.96406794 0 0.25870097
1.01069 0.9943229 0.5226656 0.25419644 0.25363526 0.42846268 0.4207125 1.0072346 0.9969631 0.99734104 0.9980974 1.0262426 1.0083846 0.5152744 0.515871 1.0030329 0.9946995 0.99281836 0.99281836 0.99885464 0.9853408 1.0176488 0.9137229 1.0157093 0.9086678 1.0099207 0.99056727 0.9950763 0.25870097 0
