0 0.9860852 0.6837262 0.67531306 0.6713863 0.67580533 0.6662635 1.0037951 1.0037951 1.036926 1.0353336 0.68198633 0.67065233 0.67629796 0.67114156 0.9894442 0.9962078 0.67065233 0.671876 0.6694307 0.67016345 0.675067 0.66335183 0.67531306 0.67629796 0.67654437 0.67975533 0.66650665 0.6733471 0.9901927
0.9860852 0 0.9713354 0.97243166 0.9790429 0.9943229 0.9860852 0.33159682 0.33643606 0.537875 0.5399264 0.98869646 0.9801504 0.9946995 0.97609735 0.14981444 0.15115887 0.96298385 0.9644296 0.96406794 0.9669665 0.97426224 0.9853408 0.97573 0.99281836 0.97206604 0.9831119 0.93777436 0.97867405 0.16998726
0.6837262 0.9713354 0 0.13998818 0.51626897 0.58850837 0.5784937 0.98645765 0.9783054 1.0160967 1.0168724 0.5784937 0.41286817 0.41843793 0.52427334 0.97499573 0.97867405 0.41861266 0.41878742 0.4163444 0.4166929 0.5246758 0.50815225 0.5258845 0.41582194 0.29175103 0.420187 0.49876 0.50972915 0.95866317
0.67531306 0.97243166 0.13998818 0 0.51249665 0.5904835 0.57957584 0.99961257 0.99885464 1.0160967 1.0157093 0.5808764 0.41373572 0.41861266 0.52246493 0.98683035 0.99281836 0.41826323 0.41739044 0.41529983 0.41547385 0.52447456 0.5196604 0.52628785 0.4113091 0.29663607 0.41826323 0.50540066 0.5156721 0.9764649
0.6713863 0.9790429 0.51626897 0.51249665 0 0.60222155 0.58653843 0.99961257 0.99961257 0.99885464 0.99885464 0.6060258 0.5186613 0.51926064 0.12874396 0.98496884 0.99169195 0.50874317 0.5063822 0.5085462 0.5091374 0.13040799 0.4254588 0.13136052 0.52226424 0.5194605 0.5069718 0.4507451 0.45257127 0.9838541
0.67580533 0.9943229 0.58850837 0.5904835 0.60222155 0 0.11731494 1.0157093 1.0238891 1.0534456 1.0518178 0.45899805 0.59092313 0.59910303 0.6116556 1.0095364 1.015322 0.5964403 0.5977705 0.59180313 0.5915831 0.61369276 0.5977705 0.6132396 0.6037857 0.5915831 0.5955548 0.5784937 0.593787 1.0011308
0.6662635 0.9860852 0.5784937 0.57957584 0.58653843 0.11731494 0 1.0110749 1.0137748 1.0289978 1.036926 0.45385224 0.5845737 0.5911431 0.5964403 1.0003713 1.0053219 0.5902638 0.591363 0.58544624 0.5839199 0.59599745 0.5946704 0.59599745 0.59180313 0.57871 0.5845737 0.56903803 0.58588296 0.98832285
1.0037951 0.33159682 0.98645765 0.99961257 0.99961257 1.0157093 1.0110749 0 0.11731494 0.537875 0.5389 1.0133885 1.0060863 1.0172604 0.9924427 0.32957673 0.33081922 0.9853408 0.98907024 0.98683035 0.98683035 0.9898184 1.002652 0.9920673 1.0157093 0.9924427 1.0034139 0.9669665 0.99281836 0.33565342
1.0037951 0.33643606 0.9783054 0.99885464 0.99961257 1.0238891 1.0137748 0.11731494 0 0.54095423 0.5384899 1.0130024 1.001891 1.0137748 0.9950763 0.33455908 0.3353406 0.98496884 0.98683035 0.9845971 0.98496884 0.99131685 1.0072346 0.9943229 1.0110749 0.9898184 0.99961257 0.9637064 0.99847597 0.33596638
1.036926 0.537875 1.0160967 1.0160967 0.99885464 1.0534456 1.0289978 0.537875 0.54095423 0 0.049177624 1.0234975 1.0087683 1.0118452 1.005704 0.5407486 0.54177755 1.0110749 1.0118452 1.0133885 1.0149349 1.0072346 0.9894442 1.0041765 1.0357314 1.0215429 1.0083846 0.99357027 1.0254573 0.54177755
1.0353336 0.5399264 1.0168724 1.0157093 0.99885464 1.0518178 1.036926 0.5389 0.5384899 0.049177624 0 1.0258498 1.0172604 1.0215429 1.0064689 0.5423956 0.5428079 1.0215429 1.0215429 1.0227151 1.0246727 1.0064689 0.99545324 1.0041765 1.0329514 1.0176488 1.019204 0.9980974 1.0215429 0.5450797
0.68198633 0.98869646 0.5784937 0.5808764 0.6060258 0.45899805 0.45385224 1.0133885 1.0130024 1.0234975 1.0258498 0 0.59004414 0.6006607 0.60849774 1.000751 1.0072346 0.6017752 0.59888077 0.59954774 0.5973268 0.6109778 0.5946704 0.61052626 0.5971051 0.5778452 0.59932536 0.58304906 0.6019983 1.0034139
0.67065233 0.9801504 0.41286817 0.41373572 0.5186613 0.59092313 0.5845737 1.0060863 1.001891 1.0087683 1.0172604 0.59004414 0 0.039417937 0.5232681 0.9894442 0.990942 0.25265422 0.2522342 0.250696 0.25139478 0.5246758 0.52166253 0.5256829 0.35498682 0.4095806 0.26124668 0.515871 0.5277012 0.9801504
0.67629796 0.9946995 0.41843793 0.41861266 0.51926064 0.59910303 0.5911431 1.0172604 1.0137748 1.0118452 1.0215429 0.6006607 0.039417937 0 0.52527994 1.0076177 1.0091523 0.2582775 0.2577133 0.25616384 0.2567269 0.5264896 0.5277012 0.52729714 0.3562722 0.4130416 0.2649392 0.51926064 0.52972496 0.9969631
0.67114156 0.97609735 0.52427334 0.52246493 0.12874396 0.6116556 0.5964403 0.9924427 0.9950763 1.005704 1.0064689 0.60849774 0.5232681 0.52527994 0 0.9808897 0.98645765 0.5196604 0.5176636 0.5198604 0.5204606 0.032493845 0.42952576 0.033225194 0.52306724 0.52952236 0.52186304 0.45111 0.45899805 0.97352946
0.9894442 0.14981444 0.97499573 0.98683035 0.98496884 1.0095364 1.0003713 0.32957673 0.33455908 0.5407486 0.5423956 1.000751 0.9894442 1.0076177 0.9808897 0 0.016684206 0.97573 0.9779369 0.982 0.9838541 0.97573 0.9924427 0.9779369 1.014548 0.98832285 0.9969631 0.9557965 0.99281836 0.17023818
0.9962078 0.15115887 0.97867405 0.99281836 0.99169195 1.015322 1.0053219 0.33081922 0.3353406 0.54177755 0.5428079 1.0072346 0.990942 1.0091523 0.98645765 0.016684206 0 0.9764649 0.9779369 0.98051995 0.98237044 0.98348296 0.9962078 0.98496884 1.0160967 0.99357027 0.99999183 0.9611805 0.99734104 0.17287792
0.67065233 0.96298385 0.41861266 0.41826323 0.50874317 0.5964403 0.5902638 0.9853408 0.98496884 1.0110749 1.0215429 0.6017752 0.25265422 0.2582775 0.5196604 0.97573 0.9764649 0 0.010777061 0.026254207 0.025736572 0.5198604 0.51012385 0.5196604 0.35162324 0.41234812 0.2195042 0.50265914 0.5174642 0.9662408
0.671876 0.9644296 0.41878742 0.41739044 0.5063822 0.5977705 0.591363 0.98907024 0.98683035 1.0118452 1.0215429 0.59888077 0.2522342 0.2577133 0.5176636 0.9779369 0.9779369 0.010777061 0 0.025426164 0.024909101 0.5176636 0.5089403 0.5174642 0.34986734 0.414083 0.21870063 0.5022683 0.5172649 0.96769285
0.6694307 0.96406794 0.4163444 0.41529983 0.5085462 0.59180313 0.58544624 0.98683035 0.9845971 1.0133885 1.0227151 0.59954774 0.250696 0.25616384 0.5198604 0.982 0.98051995 0.026254207 0.025426164 0 0.00956068 0.5190608 0.5067752 0.51886106 0.35002682 0.41252142 0.21736327 0.50148726 0.5156721 0.9713354
0.67016345 0.9669665 0.4166929 0.41547385 0.5091374 0.5915831 0.5839199 0.98683035 0.98496884 1.0149349 1.0246727 0.5973268 0.25139478 0.2567269 0.5204606 0.9838541 0.98237044 0.025736572 0.024909101 0.00956068 0 0.5196604 0.50579315 0.5194605 0.3501863 0.41252142 0.21789792 0.50070703 0.5142812 0.97206604
0.675067 0.97426224 0.5246758 0.52447456 0.13040799 0.61369276 0.59599745 0.9898184 0.99131685 1.0072346 1.0064689 0.6109778 0.5246758 0.5264896 0.032493845 0.97573 0.98348296 0.5198604 0.5176636 0.5190608 0.5196604 0 0.4313009 0.0065283305 0.5258845 0.5317542 0.5254814 0.45348603 0.46010533 0.9691478
0.66335183 0.9853408 0.50815225 0.5196604 0.4254588 0.5977705 0.5946704 1.002652 1.0072346 0.9894442 0.99545324 0.5946704 0.52166253 0.5277012 0.42952576 0.9924427 0.9962078 0.51012385 0.5089403 0.5067752 0.50579315 0.4313009 0 0.4330803 0.5198604 0.51229864 0.50972915 0.44493115 0.4503804 0.9801504
0.67531306 0.97573 0.5258845 0.52628785 0.13136052 0.6132396 0.59599745 0.9920673 0.9943229 1.0041765 1.0041765 0.61052626 0.5256829 0.52729714 0.033225194 0.9779369 0.98496884 0.5196604 0.5174642 0.51886106 0.5194605 0.0065283305 0.4330803 0 0.52608615 0.53195745 0.5258845 0.45421863 0.4606596 0.9691478
0.67629796 0.99281836 0.41582194 0.4113091 0.52226424 0.6037857 0.59180313 1.0157093 1.0110749 1.0357314 1.0329514 0.5971051 0.35498682 0.3562722 0.52306724 1.014548 1.0160967 0.35162324 0.34986734 0.35002682 0.3501863 0.5258845 0.5198604 0.52608615 0 0.41356212 0.3545054 0.51229864 0.52427334 0.99357027
0.67654437 0.97206604 0.29175103 0.29663607 0.5194605 0.5915831 0.57871 0.9924427 0.9898184 1.0215429 1.0176488 0.5778452 0.4095806 0.4130416 0.52952236 0.98832285 0.99357027 0.41234812 0.414083 0.41252142 0.41252142 0.5317542 0.51229864 0.53195745 0.41356212 0 0.41529983 0.5063822 0.51806253 0.9713354
0.67975533 0.9831119 0.420187 0.41826323 0.5069718 0.5955548 0.5845737 1.0034139 0.99961257 1.0083846 1.019204 0.59932536 0.26124668 0.2649392 0.52186304 0.9969631 0.99999183 0.2195042 0.21870063 0.21736327 0.21789792 0.5254814 0.50972915 0.5258845 0.3545054 0.41529983 0 0.5132893 0.5266914 0.9827411
0.66650665 0.93777436 0.49876 0.50540066 0.4507451 0.5784937 0.56903803 0.9669665 0.9637064 0.99357027 0.9980974 0.58304906 0.515871 0.51926064 0.45111 0.9557965 0.9611805 0.50265914 0.5022683 0.50148726 0.50070703 0.45348603 0.44493115 0.45421863 0.51229864 0.5063822 0.5132893 0 0.1942076 0.9572284
0.6733471 0.97867405 0.50972915 0.5156721 0.45257127 0.593787 0.58588296 0.99281836 0.99847597 1.0254573 1.0215429 0.6019983 0.5277012 0.52972496 0.45899805 0.99281836 0.99734104 0.5174642 0.5172649 0.5156721 0.5142812 0.46010533 0.4503804 0.4606596 0.52427334 0.51806253 0.5266914 0.1942076 0 0.9920673
0.9901927 0.16998726 0.95866317 0.9764649 0.9838541 1.0011308 0.98832285 0.33565342 0.33596638 0.54177755 0.5450797 1.0034139 0.9801504 0.9969631 0.97352946 0.17023818 0.17287792 0.9662408 0.96769285 0.9713354 0.97206604 0.9691478 0.9801504 0.9691478 0.99357027 0.9713354 0.9827411 0.9572284 0.9920673 0
