0 0.9977191 0.8640098 0.98907024 0.98125964 0.87100434 0.811759 0.870685 0.88454145 0.8719632 0.863061 0.8406434 0.88162 0.8835664 0.80529344 0.8636934 0.8668633 0.8082254 0.8105793 1.0049399 0.99923354 1.0041765 0.9920673 1.0049399 0.7956984 0.86749893 0.88780093 1.0149349 0.85270303 0.85613984
0.9977191 0 1.0305767 0.62903446 0.62075216 0.99961257 0.9838541 0.9845971 0.9872032 0.99847597 1.0238891 0.9939465 1.0110749 1.0015109 0.9969631 1.0164845 1.0188149 0.9958304 0.99281836 0.19849518 0.20058286 0.24222292 0.6205234 0.24415912 0.97352946 0.99169195 1.0034139 0.30170265 1.0087683 1.0126165
0.8640098 1.0305767 0 1.0180373 1.0064689 0.67040783 0.8745262 0.6733471 0.6745752 0.6802505 0.18891452 0.63998693 0.67261124 0.67432946 0.8694089 0.1918792 0.19149184 0.86591095 0.86813504 1.0413225 1.0381224 1.0305767 1.055077 1.0293922 0.86274505 0.6740837 0.6894714 1.0612261 0.28733754 0.29263687
0.98907024 0.62903446 1.0180373 0 0.1764121 0.99847597 0.98348296 0.99357027 0.990942 1.0015109 1.0227151 0.9662408 0.99923354 1.0030329 0.98645765 1.0172604 1.0278157 0.9783054 0.9860852 0.61960906 0.6164175 0.62996036 0.5190608 0.6306556 0.9920673 0.9939465 0.9901927 0.62488186 0.98832285 1.0049399
0.98125964 0.62075216 1.0064689 0.1764121 0 0.98757625 0.9827411 0.98348296 0.9860852 0.98757625 1.0060863 0.9604604 0.9946995 0.99658537 0.98645765 0.99885464 1.0080011 0.9783054 0.982 0.6157354 0.61369276 0.62235546 0.5132893 0.62396216 0.98348296 0.9969631 0.990942 0.6269553 0.98496884 0.9939465
0.87100434 0.99961257 0.67040783 0.99847597 0.98757625 0 0.85864925 0.18621783 0.1918792 0.16274686 0.66359407 0.64564204 0.16399023 0.1638658 0.8722831 0.6672366 0.6740837 0.8624292 0.86972773 0.99885464 0.99734104 0.9943229 0.9924427 0.9962078 0.8652767 0.43183428 0.4268709 0.99923354 0.6575622 0.67212105
0.811759 0.9838541 0.8745262 0.98348296 0.9827411 0.85864925 0 0.8719632 0.87613255 0.8668633 0.87484723 0.84928197 0.85896355 0.85645306 0.13758163 0.8700467 0.87581104 0.13758163 0.13842306 0.9924427 0.9958304 0.98051995 0.9831119 0.982 0.47994182 0.863061 0.8881276 1.0011308 0.8505242 0.87100434
0.870685 0.9845971 0.6733471 0.99357027 0.98348296 0.18621783 0.8719632 0 0.12141876 0.18506506 0.66796726 0.6558819 0.18801454 0.18673073 0.8790327 0.6733471 0.67654437 0.8652767 0.877098 0.9898184 0.99658537 0.9838541 0.9946995 0.98496884 0.863061 0.42917123 0.41966185 0.99923354 0.66504896 0.6682109
0.88454145 0.9872032 0.6745752 0.990942 0.9860852 0.1918792 0.87613255 0.12141876 0 0.18981557 0.66918653 0.6582834 0.1918792 0.19123371 0.8774201 0.67580533 0.68173814 0.86813504 0.87581104 1.0087683 1.0110749 0.9946995 1.0022715 0.9962078 0.8726031 0.4361149 0.4297031 1.01069 0.66553456 0.675067
0.8719632 0.99847597 0.6802505 1.0015109 0.98757625 0.16274686 0.8668633 0.18506506 0.18981557 0 0.6699191 0.65876466 0.10077738 0.10031999 0.87774235 0.6767909 0.68149 0.8649598 0.8729233 1.0064689 1.0049399 0.99885464 1.0053219 0.99923354 0.8602219 0.43005788 0.42299402 1.0037951 0.66286767 0.67654437
0.863061 1.0238891 0.18891452 1.0227151 1.0060863 0.66359407 0.87484723 0.66796726 0.66918653 0.6699191 0 0.632745 0.66796726 0.6677236 0.8754896 0.10123505 0.102953784 0.86749893 0.87420535 1.0286036 1.0270288 1.0289978 1.0353336 1.0278157 0.87774235 0.67065233 0.6837262 1.0542608 0.28954104 0.29116106
0.8406434 0.9939465 0.63998693 0.9662408 0.9604604 0.64564204 0.84928197 0.6558819 0.6582834 0.65876466 0.632745 0 0.65444463 0.6530102 0.85645306 0.6444604 0.64540553 0.85613984 0.85833514 0.9939465 0.9946995 0.99545324 0.9831119 0.9958304 0.8523914 0.6616586 0.66359407 1.005704 0.63460726 0.64045656
0.88162 1.0110749 0.67261124 0.99923354 0.9946995 0.16399023 0.85896355 0.18801454 0.1918792 0.10077738 0.66796726 0.65444463 0 0.09746763 0.86654574 0.675067 0.6802505 0.85645306 0.86274505 1.0168724 1.0157093 1.0080011 0.99999183 1.01069 0.8624292 0.43290216 0.42952576 1.0172604 0.6619002 0.67089695
0.8835664 1.0015109 0.67432946 1.0030329 0.99658537 0.1638658 0.85645306 0.18673073 0.19123371 0.10031999 0.6677236 0.6530102 0.09746763 0 0.8652767 0.6740837 0.68000287 0.85864925 0.8643263 1.0064689 1.0064689 1.002652 1.001891 1.0041765 0.86972773 0.42492995 0.42211568 1.005704 0.66286767 0.6733471
0.80529344 0.9969631 0.8694089 0.98645765 0.98645765 0.8722831 0.13758163 0.8790327 0.8774201 0.87774235 0.8754896 0.85645306 0.86654574 0.8652767 0 0.86591095 0.8716434 0.06799078 0.0693058 0.9980974 1.0003713 0.99923354 0.9857129 1.000751 0.48146042 0.8700467 0.90264636 1.0103053 0.8514572 0.8668633
0.8636934 1.0164845 0.1918792 1.0172604 0.99885464 0.6672366 0.8700467 0.6733471 0.67580533 0.6767909 0.10123505 0.6444604 0.675067 0.6740837 0.86591095 0 0.061667144 0.8567664 0.8636934 1.0219333 1.0227151 1.0254573 1.0349361 1.0242808 0.8722831 0.6795078 0.6882187 1.0510052 0.2889528 0.2880713
0.8668633 1.0188149 0.19149184 1.0278157 1.0080011 0.6740837 0.87581104 0.67654437 0.68173814 0.68149 0.102953784 0.64540553 0.6802505 0.68000287 0.8716434 0.061667144 0 0.86337715 0.87100434 1.0317632 1.0301816 1.0286036 1.0429276 1.0266355 0.8729233 0.67975533 0.6922348 1.0542608 0.29234147 0.28968817
0.8082254 0.9958304 0.86591095 0.9783054 0.9783054 0.8624292 0.13758163 0.8652767 0.86813504 0.8649598 0.86749893 0.85613984 0.85645306 0.85864925 0.06799078 0.8567664 0.86337715 0 0.05442802 0.9946995 0.99923354 0.99658537 0.9931942 0.99734104 0.47823706 0.86179787 0.88780093 1.0053219 0.8489717 0.86591095
0.8105793 0.99281836 0.86813504 0.9860852 0.982 0.86972773 0.13842306 0.877098 0.87581104 0.8729233 0.87420535 0.85833514 0.86274505 0.8643263 0.0693058 0.8636934 0.87100434 0.05442802 0 0.99923354 1.0003713 0.9980974 0.990942 0.99923354 0.47729164 0.8678169 0.8910746 1.0060863 0.85207987 0.86813504
1.0049399 0.19849518 1.0413225 0.61960906 0.6157354 0.99885464 0.9924427 0.9898184 1.0087683 1.0064689 1.0286036 0.9939465 1.0168724 1.0064689 0.9980974 1.0219333 1.0317632 0.9946995 0.99923354 0 0.024392394 0.24222292 0.6040094 0.24346703 0.9946995 0.9920673 0.9950763 0.29842037 1.0207624 1.0246727
0.99923354 0.20058286 1.0381224 0.6164175 0.61369276 0.99734104 0.9958304 0.99658537 1.0110749 1.0049399 1.0270288 0.9946995 1.0157093 1.0064689 1.0003713 1.0227151 1.0301816 0.99923354 1.0003713 0.024392394 0 0.24291384 0.6060258 0.24415912 0.9962078 0.99169195 0.9980974 0.30020893 1.0219333 1.0258498
1.0041765 0.24222292 1.0305767 0.62996036 0.62235546 0.9943229 0.98051995 0.9838541 0.9946995 0.99885464 1.0289978 0.99545324 1.0080011 1.002652 0.99923354 1.0254573 1.0286036 0.99658537 0.9980974 0.24222292 0.24291384 0 0.6184676 0.0053188154 0.97352946 0.9709704 0.99999183 0.29648757 1.0072346 1.01069
0.9920673 0.6205234 1.055077 0.5190608 0.5132893 0.9924427 0.9831119 0.9946995 1.0022715 1.0053219 1.0353336 0.9831119 0.99999183 1.001891 0.9857129 1.0349361 1.0429276 0.9931942 0.990942 0.6040094 0.6060258 0.6184676 0 0.6198375 0.97609735 1.0223241 1.0060863 0.62996036 1.0053219 1.0110749
1.0049399 0.24415912 1.0293922 0.6306556 0.62396216 0.9962078 0.982 0.98496884 0.9962078 0.99923354 1.0278157 0.9958304 1.01069 1.0041765 1.000751 1.0242808 1.0266355 0.99734104 0.99923354 0.24346703 0.24415912 0.0053188154 0.6198375 0 0.97426224 0.97352946 0.99961257 0.29663607 1.0076177 1.0103053
0.7956984 0.97352946 0.86274505 0.9920673 0.98348296 0.8652767 0.47994182 0.863061 0.8726031 0.8602219 0.87774235 0.8523914 0.8624292 0.86972773 0.48146042 0.8722831 0.8729233 0.47823706 0.47729164 0.9946995 0.9962078 0.97352946 0.97609735 0.97426224 0 0.853951 0.8803252 1.0049399 0.8605368 0.85645306
0.86749893 0.99169195 0.6740837 0.9939465 0.9969631 0.43183428 0.863061 0.42917123 0.4361149 0.43005788 0.67065233 0.6616586 0.43290216 0.42492995 0.8700467 0.6795078 0.67975533 0.86179787 0.8678169 0.9920673 0.99169195 0.9709704 1.0223241 0.97352946 0.853951 0 0.39963302 1.000751 0.6623838 0.67383814
0.88780093 1.0034139 0.6894714 0.9901927 0.990942 0.4268709 0.8881276 0.41966185 0.4297031 0.42299402 0.6837262 0.66359407 0.42952576 0.42211568 0.90264636 0.6882187 0.6922348 0.88780093 0.8910746 0.9950763 0.9980974 0.99999183 1.0060863 0.99961257 0.8803252 0.39963302 0 1.0207624 0.6677236 0.67555916
1.0149349 0.30170265 1.0612261 0.62488186 0.6269553 0.99923354 1.0011308 0.99923354 1.01069 1.0037951 1.0542608 1.005704 1.0172604 1.005704 1.0103053 1.0510052 1.0542608 1.0053219 1.0060863 0.29842037 0.30020893 0.29648757 0.62996036 0.29663607 1.0049399 1.000751 1.0207624 0 1.0293922 1.0381224
0.85270303 1.0087683 0.28733754 0.98832285 0.98496884 0.6575622 0.8505242 0.66504896 0.66553456 0.66286767 0.28954104 0.63460726 0.6619002 0.66286767 0.8514572 0.2889528 0.29234147 0.8489717 0.85207987 1.0207624 1.0219333 1.0072346 1.0053219 1.0076177 0.8605368 0.6623838 0.6677236 1.0293922 0 0.29130852
0.85613984 1.0126165 0.29263687 1.0049399 0.9939465 0.67212105 0.87100434 0.6682109 0.675067 0.67654437 0.29116106 0.64045656 0.67089695 0.6733471 0.8668633 0.2880713 0.28968817 0.86591095 0.86813504 1.0246727 1.0258498 1.01069 1.0110749 1.0103053 0.85645306 0.67383814 0.67555916 1.0381224 0.29130852 0
