0 0.81590265 0.82395923 1.0034139 0.8266641 0.9969631 0.9924427 1.0130024 1.0207624 0.82066643 0.8114639 1.005704 1.0041765 0.83149695 0.8351422 0.81442016 0.8073446 1.0072346 1.01146 0.83972377 0.84187144 0.8105793 0.8257614 0.81087404 0.8567664 1.002652 0.98794943 0.9783054 0.84495026 0.8284728
0.81590265 0 0.5220636 1.0441338 0.1740121 1.0361294 1.0176488 1.0015109 1.0076177 0.4660386 0.4647367 1.0041765 0.9939465 0.31802738 0.31925085 0.16635834 0.16860871 0.9931942 0.9920673 0.5350124 0.537875 0.16885917 0.46790242 0.16860871 0.5391052 1.0157093 1.036926 1.0337447 0.5397211 0.14701116
0.82395923 0.5220636 0 1.0072346 0.52246493 1.0068517 0.99658537 0.9920673 0.99961257 0.5333815 0.5362379 1.0045581 0.9901927 0.52628785 0.5258845 0.51229864 0.513091 0.9931942 0.9958304 0.14022927 0.14228158 0.51547325 0.52628785 0.51607 0.31986335 0.9943229 0.99847597 0.98496884 0.20517004 0.5250785
1.0034139 1.0441338 1.0072346 0 1.0477637 0.10790278 0.109174065 0.58304906 0.58982456 1.019204 1.0176488 0.5637181 0.58850837 1.0437315 1.0397208 1.0246727 1.0349361 0.59092313 0.59004414 1.0053219 1.0130024 1.0274222 1.0286036 1.0278157 1.0345387 0.59932536 0.3063522 0.30215135 1.015322 1.0437315
0.8266641 0.1740121 0.52246493 1.0477637 0 1.0413225 1.0234975 1.01069 1.002652 0.47258234 0.4718316 0.9969631 1.000751 0.32478142 0.32339495 0.10582713 0.10640312 1.0060863 1.0099207 0.537056 0.54054296 0.10882714 0.46548036 0.108711526 0.537056 1.0274222 1.0469556 1.0437315 0.53644234 0.17187122
0.9969631 1.0361294 1.0068517 0.10790278 1.0413225 0 0.10272439 0.59004414 0.5964403 1.0278157 1.0258498 0.5592783 0.59246385 1.0297868 1.0242808 1.0172604 1.0313674 0.5948914 0.5957761 1.0060863 1.0172604 1.0254573 1.0207624 1.0258498 1.0301816 0.5984365 0.30394885 0.2975277 1.0195932 1.0381224
0.9924427 1.0176488 0.99658537 0.109174065 1.0234975 0.10272439 0 0.58413774 0.5911431 1.0180373 1.0227151 0.55885684 0.5902638 1.0122308 1.0083846 1.0003713 1.0091523 0.59246385 0.59422857 0.9977191 1.0087683 1.0037951 1.0160967 1.0041765 1.018426 0.5984365 0.30514956 0.29991055 1.0091523 1.0160967
1.0130024 1.0015109 0.9920673 0.58304906 1.01069 0.59004414 0.58413774 0 0.099520236 1.0270288 1.0211525 0.5850098 0.27094263 1.0258498 1.015322 0.9920673 1.0015109 0.27108616 0.27166054 1.0141612 1.0242808 0.99885464 1.0072346 0.99999183 1.0329514 0.29663607 0.5926842 0.5791428 1.0130024 1.0060863
1.0207624 1.0076177 0.99961257 0.58982456 1.002652 0.5964403 0.5911431 0.099520236 0 1.0278157 1.014548 0.57979244 0.26850688 1.0266355 1.0141612 0.9857129 0.99885464 0.27108616 0.27094263 1.0215429 1.0313674 0.9946995 1.0126165 0.9946995 1.0381224 0.2938196 0.59246385 0.58610135 1.019204 1.0037951
0.82066643 0.4660386 0.5333815 1.019204 0.47258234 1.0278157 1.0180373 1.0270288 1.0278157 0 0.09371904 1.01146 1.0262426 0.47559288 0.47729164 0.4578924 0.46158424 1.0289978 1.030972 0.547981 0.5481887 0.4621396 0.45275414 0.46251008 0.5502686 1.0215429 1.0168724 1.01069 0.54632175 0.46790242
0.8114639 0.4647367 0.5362379 1.0176488 0.4718316 1.0258498 1.0227151 1.0211525 1.014548 0.09371904 0 1.0064689 1.0157093 0.4744625 0.47729164 0.45623696 0.4578924 1.0176488 1.0188149 0.5481887 0.54528654 0.458445 0.44837776 0.45881367 0.5488121 1.0176488 1.0099207 1.0103053 0.54860425 0.46715635
1.005704 1.0041765 1.0045581 0.5637181 0.9969631 0.5592783 0.55885684 0.5850098 0.57979244 1.01146 1.0064689 0 0.58174473 1.0160967 1.0087683 0.9931942 0.9958304 0.5802258 0.5832667 1.0022715 1.0122308 0.99056727 1.000751 0.99056727 1.0227151 0.57871 0.5584356 0.55948913 1.0083846 1.0045581
1.0041765 0.9939465 0.9901927 0.58850837 1.000751 0.59246385 0.5902638 0.27094263 0.26850688 1.0262426 1.0157093 0.58174473 0 1.0325551 1.0234975 0.9790429 0.9920673 0.06974465 0.07062313 1.0076177 1.0168724 0.9894442 1.0083846 0.9894442 1.0297868 0.2955972 0.5977705 0.58348435 1.0103053 1.002652
0.83149695 0.31802738 0.52628785 1.0437315 0.32478142 1.0297868 1.0122308 1.0258498 1.0266355 0.47559288 0.4744625 1.0160967 1.0325551 0 0.058525212 0.3165008 0.31573868 1.0313674 1.0349361 0.5397211 0.5423956 0.31467304 0.4660386 0.31528178 0.54694355 1.0365276 1.0118452 1.0223241 0.5454935 0.32093644
0.8351422 0.31925085 0.5258845 1.0397208 0.32339495 1.0242808 1.0083846 1.015322 1.0141612 0.47729164 0.47729164 1.0087683 1.0234975 0.058525212 0 0.31573868 0.31497735 1.0242808 1.0262426 0.5403374 0.54177755 0.31528178 0.4673428 0.31589106 0.5444594 1.0377234 1.0053219 1.015322 0.54528654 0.32170385
0.81442016 0.16635834 0.51229864 1.0246727 0.10582713 1.0172604 1.0003713 0.9920673 0.9857129 0.4578924 0.45623696 0.9931942 0.9790429 0.3165008 0.31573868 0 0.051851805 0.97978103 0.98645765 0.52749914 0.53114486 0.051851805 0.4604748 0.05195897 0.5327709 1.0122308 1.0278157 1.0262426 0.5321607 0.163617
0.8073446 0.16860871 0.513091 1.0349361 0.10640312 1.0313674 1.0091523 1.0015109 0.99885464 0.46158424 0.4578924 0.9958304 0.9920673 0.31573868 0.31497735 0.051851805 0 0.99545324 1.0015109 0.5277012 0.5307389 0.053246155 0.4606596 0.053353522 0.53480834 1.0242808 1.0337447 1.0345387 0.5321607 0.16411468
1.0072346 0.9931942 0.9931942 0.59092313 1.0060863 0.5948914 0.59246385 0.27108616 0.27108616 1.0289978 1.0176488 0.5802258 0.06974465 1.0313674 1.0242808 0.97978103 0.99545324 0 0.042904105 1.0095364 1.0188149 0.9894442 1.0003713 0.990942 1.0270288 0.29633912 0.5951125 0.5828315 1.0091523 1.002652
1.01146 0.9920673 0.9958304 0.59004414 1.0099207 0.5957761 0.59422857 0.27166054 0.27094263 1.030972 1.0188149 0.5832667 0.07062313 1.0349361 1.0262426 0.98645765 1.0015109 0.042904105 0 1.0118452 1.018426 0.9980974 1.0103053 0.99885464 1.0270288 0.2988671 0.5951125 0.5828315 1.0133885 1.0022715
0.83972377 0.5350124 0.14022927 1.0053219 0.537056 1.0060863 0.9977191 1.0141612 1.0215429 0.547981 0.5481887 1.0022715 1.0076177 0.5397211 0.5403374 0.52749914 0.5277012 1.0095364 1.0118452 0 0.04216326 0.532364 0.53726065 0.53256744 0.32339495 1.0110749 1.0034139 0.9816297 0.21018235 0.53644234
0.84187144 0.537875 0.14228158 1.0130024 0.54054296 1.0172604 1.0087683 1.0242808 1.0313674 0.5481887 0.54528654 1.0122308 1.0168724 0.5423956 0.54177755 0.53114486 0.5307389 1.0188149 1.018426 0.04216326 0 0.5346044 0.5423956 0.53480834 0.32601598 1.0223241 1.0068517 0.9894442 0.21071193 0.54054296
0.8105793 0.16885917 0.51547325 1.0274222 0.10882714 1.0254573 1.0037951 0.99885464 0.9946995 0.4621396 0.458445 0.99056727 0.9894442 0.31467304 0.31528178 0.051851805 0.053246155 0.9894442 0.9980974 0.532364 0.5346044 0 0.46399376 0.002403848 0.53664684 1.0149349 1.033348 1.0341415 0.5358292 0.16598392
0.8257614 0.46790242 0.52628785 1.0286036 0.46548036 1.0207624 1.0160967 1.0072346 1.0126165 0.45275414 0.44837776 1.000751 1.0083846 0.4660386 0.4673428 0.4604748 0.4606596 1.0003713 1.0103053 0.53726065 0.5423956 0.46399376 0 0.46436512 0.5434268 1.0003713 1.0231062 0.9969631 0.53256744 0.46864927
0.81087404 0.16860871 0.51607 1.0278157 0.108711526 1.0258498 1.0041765 0.99999183 0.9946995 0.46251008 0.45881367 0.99056727 0.9894442 0.31528178 0.31589106 0.05195897 0.053353522 0.990942 0.99885464 0.53256744 0.53480834 0.002403848 0.46436512 0 0.53726065 1.0149349 1.033348 1.0349361 0.53664684 0.1661087
0.8567664 0.5391052 0.31986335 1.0345387 0.537056 1.0301816 1.018426 1.0329514 1.0381224 0.5502686 0.5488121 1.0227151 1.0297868 0.54694355 0.5444594 0.5327709 0.53480834 1.0270288 1.0270288 0.32339495 0.32601598 0.53664684 0.5434268 0.53726065 0 1.0282096 1.0164845 1.0118452 0.32478142 0.5346044
1.002652 1.0157093 0.9943229 0.59932536 1.0274222 0.5984365 0.5984365 0.29663607 0.2938196 1.0215429 1.0176488 0.57871 0.2955972 1.0365276 1.0377234 1.0122308 1.0242808 0.29633912 0.2988671 1.0110749 1.0223241 1.0149349 1.0003713 1.0149349 1.0282096 0 0.60043794 0.5915831 1.01146 1.0164845
0.98794943 1.036926 0.99847597 0.3063522 1.0469556 0.30394885 0.30514956 0.5926842 0.59246385 1.0168724 1.0099207 0.5584356 0.5977705 1.0118452 1.0053219 1.0278157 1.0337447 0.5951125 0.5951125 1.0034139 1.0068517 1.033348 1.0231062 1.033348 1.0164845 0.60043794 0 0.23767869 1.0164845 1.0457449
0.9783054 1.0337447 0.98496884 0.30215135 1.0437315 0.2975277 0.29991055 0.5791428 0.58610135 1.01069 1.0103053 0.55948913 0.58348435 1.0223241 1.015322 1.0262426 1.0345387 0.5828315 0.5828315 0.9816297 0.9894442 1.0341415 0.9969631 1.0349361 1.0118452 0.5915831 0.23767869 0 0.9962078 1.0293922
0.84495026 0.5397211 0.20517004 1.015322 0.53644234 1.0195932 1.0091523 1.0130024 1.019204 0.54632175 0.54860425 1.0083846 1.0103053 0.5454935 0.54528654 0.5321607 0.5321607 1.0091523 1.0133885 0.21018235 0.21071193 0.5358292 0.53256744 0.53664684 0.32478142 1.01146 1.0164845 0.9962078 0 0.54116
0.8284728 0.14701116 0.5250785 1.0437315 0.17187122 1.0381224 1.0160967 1.0060863 1.0037951 0.46790242 0.46715635 1.0045581 1.002652 0.32093644 0.32170385 0.163617 0.16411468 1.002652 1.0022715 0.53644234 0.54054296 0.16598392 0.46864927 0.1661087 0.5346044 1.0164845 1.0457449 1.0293922 0.54116 0
