0 0.9827411 1.0234975 1.0118452 1.0110749 1.0060863 0.9845971 1.01146 0.9816297 0.99357027 0.83849925 1.0246727 0.829681 0.99357027 0.98348296 0.98237044 0.9783054 1.0095364 1.0223241 0.99357027 0.9931942 0.96190137 0.97024083 0.959741 0.99131685 1.0037951 0.959741 0.97170067 1.0022715 0.99999183
0.9827411 0 0.38830376 0.3812881 0.43772647 0.44656178 1.0076177 0.3812881 0.16810805 0.17161976 1.0231062 0.43683073 1.0022715 1.0022715 0.9958304 1.0022715 0.9920673 0.3816207 0.38245285 0.44114006 0.4400604 0.99961257 0.9901927 1.0011308 0.27367437 1.0180373 0.9924427 0.990942 0.23398107 0.19875582
1.0234975 0.38830376 0 0.16039012 0.44096002 0.43844384 1.0254573 0.2976764 0.3836194 0.3866274 1.0231062 0.43575725 1.0076177 0.9946995 0.99961257 1.0345387 1.0130024 0.29693317 0.29737902 0.43808508 0.43916187 1.0087683 1.0003713 1.0091523 0.38345262 1.0353336 1.0157093 1.0049399 0.38295257 0.3841199
1.0118452 0.3812881 0.16039012 0 0.4366517 0.43432835 1.0157093 0.2954489 0.3801252 0.37912986 1.0203725 0.42846268 1.014548 1.0022715 1.000751 0.99357027 0.9768326 0.29619068 0.29693317 0.43700978 0.4366517 1.0045581 1.005704 1.0068517 0.37979326 1.0293922 1.0034139 1.0060863 0.37664723 0.3776393
1.0110749 0.43772647 0.44096002 0.4366517 0 0.15631437 0.99885464 0.44204095 0.44060004 0.44204095 1.019204 0.44078 1.0034139 1.001891 1.0072346 0.99734104 0.98907024 0.44294295 0.4463804 0.44168046 0.43970087 0.9977191 1.0011308 1.002652 0.44601783 1.0168724 0.98832285 0.99357027 0.43970087 0.43970087
1.0060863 0.44656178 0.43844384 0.43432835 0.15631437 0 1.0188149 0.44348466 0.44312346 0.44475016 1.030972 0.43593606 1.01069 0.9962078 0.99847597 1.0083846 0.9977191 0.44366533 0.4458366 0.43290216 0.43183428 1.01146 0.99281836 1.0137748 0.44240162 1.033348 0.9969631 1.0126165 0.44150028 0.44276246
0.9845971 1.0076177 1.0254573 1.0157093 0.99885464 1.0188149 0 1.015322 1.0141612 1.0168724 0.9950763 1.014548 0.982 0.61482686 0.61142963 0.60423315 0.604457 1.0137748 1.0278157 0.9943229 0.990942 0.15360944 0.43023533 0.15532963 1.0091523 0.26965213 0.2585598 0.26110503 1.0041765 1.0242808
1.01146 0.3812881 0.2976764 0.2954489 0.44204095 0.44348466 1.015322 0 0.37995923 0.3836194 1.0041765 0.4355785 0.990942 0.9764649 0.97206604 0.9969631 0.98832285 0.13674116 0.1369812 0.4330803 0.43219006 1.002652 0.99169195 1.01069 0.38178706 1.0317632 0.99999183 0.9946995 0.38378617 0.38780046
0.9816297 0.16810805 0.3836194 0.3801252 0.44060004 0.44312346 1.0141612 0.37995923 0 0.1288627 1.0099207 0.4297031 0.98645765 0.9939465 0.99281836 1.0122308 0.99658537 0.38029122 0.38112187 0.43325844 0.43290216 1.0076177 1.0015109 1.0083846 0.26965213 1.0219333 0.9931942 0.99357027 0.23070954 0.19693321
0.99357027 0.17161976 0.3866274 0.37912986 0.44204095 0.44475016 1.0168724 0.3836194 0.1288627 0 1.0274222 0.4371889 1.0099207 0.99545324 0.9950763 1.0091523 1.0011308 0.38445374 0.38595793 0.44060004 0.44096002 1.0110749 1.0080011 1.0130024 0.27094263 1.0274222 1.0076177 0.99847597 0.23398107 0.19862549
0.83849925 1.0231062 1.0231062 1.0203725 1.019204 1.030972 0.9950763 1.0041765 1.0099207 1.0274222 0 1.0091523 0.07591571 1.0141612 1.0060863 1.0215429 1.0176488 1.0068517 1.0072346 1.0060863 1.0083846 0.9808897 0.99923354 0.98907024 1.0072346 1.0053219 0.9790429 0.9980974 1.015322 1.0238891
1.0246727 0.43683073 0.43575725 0.42846268 0.44078 0.43593606 1.014548 0.4355785 0.4297031 0.4371889 1.0091523 0 0.99999183 1.0211525 1.0199828 1.0034139 0.9969631 0.43880278 0.4389823 0.43539977 0.4362938 1.0064689 0.9924427 1.005704 0.42598802 1.0278157 1.0110749 0.99847597 0.4254588 0.4355785
0.829681 1.0022715 1.0076177 1.014548 1.0034139 1.01069 0.982 0.990942 0.98645765 1.0099207 0.07591571 0.99999183 0 0.9920673 0.9857129 1.0015109 1.000751 0.9931942 0.9924427 1.000751 1.0011308 0.97024083 0.99056727 0.97609735 0.98794943 0.9946995 0.9695119 0.98794943 1.0041765 1.0045581
0.99357027 1.0022715 0.9946995 1.0022715 1.001891 0.9962078 0.61482686 0.9764649 0.9939465 0.99545324 1.0141612 1.0211525 0.9920673 0 0.08102306 0.50168246 0.497206 0.98125964 0.9827411 0.9738958 0.97024083 0.61664504 0.5999927 0.62258476 0.9831119 0.6202947 0.5946704 0.59910303 0.9939465 0.99847597
0.98348296 0.9958304 0.99961257 1.000751 1.0072346 0.99847597 0.61142963 0.97206604 0.99281836 0.9950763 1.0060863 1.0199828 0.9857129 0.08102306 0 0.49740008 0.4923704 0.9738958 0.98348296 0.9779369 0.9746289 0.61391944 0.5997702 0.6184676 0.9939465 0.6175558 0.5957761 0.5982144 0.99357027 1.0003713
0.98237044 1.0022715 1.0345387 0.99357027 0.99734104 1.0083846 0.60423315 0.9969631 1.0122308 1.0091523 1.0215429 1.0034139 1.0015109 0.50168246 0.49740008 0 0.06514945 0.99734104 1.0022715 0.98645765 0.98237044 0.60512894 0.6031149 0.60849774 0.98794943 0.6182396 0.5964403 0.60043794 1.0049399 1.0223241
0.9783054 0.9920673 1.0130024 0.9768326 0.98907024 0.9977191 0.604457 0.98832285 0.99658537 1.0011308 1.0176488 0.9969631 1.000751 0.497206 0.4923704 0.06514945 0 0.9816297 0.98869646 0.9764649 0.9738958 0.60669917 0.60692376 0.6091733 0.97720057 0.61664504 0.5999927 0.6031149 0.9920673 1.005704
1.0095364 0.3816207 0.29693317 0.29619068 0.44294295 0.44366533 1.0137748 0.13674116 0.38029122 0.38445374 1.0068517 0.43880278 0.9931942 0.98125964 0.9738958 0.99734104 0.9816297 0 0.053138807 0.4398806 0.43844384 1.000751 1.0053219 1.0068517 0.37846702 1.0305767 1.0015109 0.9924427 0.38228634 0.38512188
1.0223241 0.38245285 0.29737902 0.29693317 0.4463804 0.4458366 1.0278157 0.1369812 0.38112187 0.38595793 1.0072346 0.4389823 0.9924427 0.9827411 0.98348296 1.0022715 0.98869646 0.053138807 0 0.44042012 0.43916187 1.0157093 1.0137748 1.0203725 0.38078952 1.0361294 1.015322 1.0053219 0.38478774 0.38679487
0.99357027 0.44114006 0.43808508 0.43700978 0.44168046 0.43290216 0.9943229 0.4330803 0.43325844 0.44060004 1.0060863 0.43539977 1.000751 0.9738958 0.9779369 0.98645765 0.9764649 0.4398806 0.44042012 0 0.032180626 0.9768326 0.98869646 0.98051995 0.4336149 1.0122308 0.97978103 0.9783054 0.43165645 0.43683073
0.9931942 0.4400604 0.43916187 0.4366517 0.43970087 0.43183428 0.990942 0.43219006 0.43290216 0.44096002 1.0083846 0.4362938 1.0011308 0.97024083 0.9746289 0.98237044 0.9738958 0.43844384 0.43916187 0.032180626 0 0.97243166 0.990942 0.9775687 0.43236804 1.0091523 0.9746289 0.9779369 0.43219006 0.43539977
0.96190137 0.99961257 1.0087683 1.0045581 0.9977191 1.01146 0.15360944 1.002652 1.0076177 1.0110749 0.9808897 1.0064689 0.97024083 0.61664504 0.61391944 0.60512894 0.60669917 1.000751 1.0157093 0.9768326 0.97243166 0 0.42793173 0.029575553 1.000751 0.27295452 0.2601142 0.26365894 0.99131685 1.0110749
0.97024083 0.9901927 1.0003713 1.005704 1.0011308 0.99281836 0.43023533 0.99169195 1.0015109 1.0080011 0.99923354 0.9924427 0.99056727 0.5999927 0.5997702 0.6031149 0.60692376 1.0053219 1.0137748 0.98869646 0.990942 0.42793173 0 0.42917123 0.9842255 0.43183428 0.4113091 0.41843793 0.98348296 1.0110749
0.959741 1.0011308 1.0091523 1.0068517 1.002652 1.0137748 0.15532963 1.01069 1.0083846 1.0130024 0.98907024 1.005704 0.97609735 0.62258476 0.6184676 0.60849774 0.6091733 1.0068517 1.0203725 0.98051995 0.9775687 0.029575553 0.42917123 0 1.0053219 0.27583802 0.26124668 0.26822084 0.99357027 1.0160967
0.99131685 0.27367437 0.38345262 0.37979326 0.44601783 0.44240162 1.0091523 0.38178706 0.26965213 0.27094263 1.0072346 0.42598802 0.98794943 0.9831119 0.9939465 0.98794943 0.97720057 0.37846702 0.38078952 0.4336149 0.43236804 1.000751 0.9842255 1.0053219 0 1.0080011 0.99281836 0.9842255 0.26636422 0.27425072
1.0037951 1.0180373 1.0353336 1.0293922 1.0168724 1.033348 0.26965213 1.0317632 1.0219333 1.0274222 1.0053219 1.0278157 0.9946995 0.6202947 0.6175558 0.6182396 0.61664504 1.0305767 1.0361294 1.0122308 1.0091523 0.27295452 0.43183428 0.27583802 1.0080011 0 0.26664954 0.26736337 1.018426 1.0345387
0.959741 0.9924427 1.0157093 1.0034139 0.98832285 0.9969631 0.2585598 0.99999183 0.9931942 1.0076177 0.9790429 1.0110749 0.9695119 0.5946704 0.5957761 0.5964403 0.5999927 1.0015109 1.015322 0.97978103 0.9746289 0.2601142 0.4113091 0.26124668 0.99281836 0.26664954 0 0.23795332 1.000751 1.01069
0.97170067 0.990942 1.0049399 1.0060863 0.99357027 1.0126165 0.26110503 0.9946995 0.99357027 0.99847597 0.9980974 0.99847597 0.98794943 0.59910303 0.5982144 0.60043794 0.6031149 0.9924427 1.0053219 0.9783054 0.9779369 0.26365894 0.41843793 0.26822084 0.9842255 0.26736337 0.23795332 0 0.98907024 1.0011308
1.0022715 0.23398107 0.38295257 0.37664723 0.43970087 0.44150028 1.0041765 0.38378617 0.23070954 0.23398107 1.015322 0.4254588 1.0041765 0.9939465 0.99357027 1.0049399 0.9920673 0.38228634 0.38478774 0.43165645 0.43219006 0.99131685 0.98348296 0.99357027 0.26636422 1.018426 1.000751 0.98907024 0 0.23329833
0.99999183 0.19875582 0.3841199 0.3776393 0.43970087 0.44276246 1.0242808 0.38780046 0.19693321 0.19862549 1.0238891 0.4355785 1.0045581 0.99847597 1.0003713 1.0223241 1.005704 0.38512188 0.38679487 0.43683073 0.43539977 1.0110749 1.0110749 1.0160967 0.27425072 1.0345387 1.01069 1.0011308 0.23329833 0
