0 0.9188122 0.66553456 0.6590054 0.66359407 0.6733471 0.6852207 0.67802465 0.9229087 0.91915274 0.9977191 0.661417 1.0003713 0.6740837 0.9043141 0.9113596 0.9958304 0.9253087 0.9339434 0.6733471 0.6713863 0.9920673 0.6689425 0.99885464 0.9100125 0.6582834 0.9232511 1.0022715 0.9845971 0.92154074
0.9188122 0 0.9342909 0.94514287 0.953297 0.93151563 0.946908 0.9511613 0.7690214 0.7862246 1.005704 0.91643286 1.0168724 0.93082345 0.52106136 0.52346903 1.0064689 0.4919849 0.4956552 0.9322085 0.93116945 1.0011308 0.9270277 1.0045581 0.48622596 0.93082345 0.49526802 1.0011308 0.98794943 0.16760771
0.66553456 0.9342909 0 0.5724627 0.56818426 0.50265914 0.1633683 0.16486183 0.92909575 0.931862 1.018426 0.5694652 1.0188149 0.50265914 0.9253087 0.9335961 1.0011308 0.9568702 0.96226203 0.50344145 0.50344145 0.9958304 0.51012385 0.9977191 0.91779155 0.36273217 0.928061 1.0030329 0.98496884 0.9419761
0.6590054 0.94514287 0.5724627 0 0.124836154 0.5808764 0.5804426 0.5767656 0.93847305 0.92909575 1.0397208 0.537056 1.0297868 0.57806134 0.9253087 0.9370764 1.0022715 0.9346385 0.9405729 0.5769814 0.57590306 1.0064689 0.56754464 1.0091523 0.9222244 0.56393015 0.93812364 1.0199828 0.9924427 0.9493862
0.66359407 0.953297 0.56818426 0.124836154 0 0.57957584 0.57806134 0.57267725 0.9346385 0.9304776 1.0413225 0.5344004 1.0341415 0.58239657 0.93324894 0.94092345 1.0168724 0.9405729 0.9476152 0.5778452 0.5761186 1.019204 0.57053435 1.0231062 0.9222244 0.5628704 0.9388226 1.0305767 0.99999183 0.946908
0.6733471 0.93151563 0.50265914 0.5808764 0.57957584 0 0.50992644 0.5132893 0.9339434 0.9222244 1.005704 0.56626695 1.0172604 0.11486339 0.92017525 0.92771643 1.014548 0.9353342 0.9395222 0.115796365 0.114047974 1.0087683 0.50090206 1.0110749 0.92017525 0.51091397 0.91711193 1.0080011 0.99885464 0.93324894
0.6852207 0.946908 0.1633683 0.5804426 0.57806134 0.50992644 0 0.1104475 0.94479036 0.94514287 1.0168724 0.5778452 1.0168724 0.50972915 0.946908 0.9568702 1.0160967 0.9511613 0.959741 0.50972915 0.50972915 1.0130024 0.5107164 1.0133885 0.94127417 0.3643559 0.94232726 1.0157093 0.99923354 0.9655158
0.67802465 0.9511613 0.16486183 0.5767656 0.57267725 0.5132893 0.1104475 0 0.9458484 0.9440858 1.015322 0.57525676 1.0203725 0.5132893 0.9395222 0.94549555 1.0188149 0.9572284 0.9658782 0.5146783 0.5150757 1.0160967 0.50481236 1.0168724 0.9259958 0.36565742 0.94127417 1.0126165 1.0030329 0.9568702
0.9229087 0.7690214 0.92909575 0.93847305 0.9346385 0.9339434 0.94479036 0.9458484 0 0.07957615 0.99169195 0.9322085 1.000751 0.93568236 0.76429653 0.7690214 0.9950763 0.7667942 0.7723746 0.928061 0.927372 0.9901927 0.9043141 0.98907024 0.762636 0.91643286 0.77489936 0.97352946 0.9695119 0.77209455
0.91915274 0.7862246 0.931862 0.92909575 0.9304776 0.9222244 0.94514287 0.9440858 0.07957615 0 0.9898184 0.93116945 0.99734104 0.9218825 0.7760242 0.77940893 1.0011308 0.776869 0.78110707 0.9167723 0.9160936 0.9943229 0.91473794 0.9950763 0.76540554 0.92017525 0.7853693 0.9853408 0.97352946 0.7842303
0.9977191 1.005704 1.018426 1.0397208 1.0413225 1.005704 1.0168724 1.015322 0.99169195 0.9898184 0 0.99734104 0.064386316 1.0091523 0.97206604 0.9779369 0.49643022 1.005704 1.0099207 1.0034139 1.0022715 0.4946876 0.9958304 0.49623638 0.98348296 1.0053219 1.0049399 0.49063718 0.4919849 1.0034139
0.661417 0.91643286 0.5694652 0.537056 0.5344004 0.56626695 0.5778452 0.57525676 0.9322085 0.93116945 0.99734104 0 0.9977191 0.56818426 0.9130469 0.92119914 1.0053219 0.936379 0.93987226 0.5698927 0.56839764 1.000751 0.55885684 1.005704 0.9266836 0.57590306 0.9232511 0.9931942 0.98907024 0.92840576
1.0003713 1.0168724 1.0188149 1.0297868 1.0341415 1.0172604 1.0168724 1.0203725 1.000751 0.99734104 0.064386316 0.9977191 0 1.0234975 0.9894442 0.99658537 0.5038329 1.0110749 1.0141612 1.0168724 1.0141612 0.5022683 0.99734104 0.5032458 1.000751 1.0037951 1.0188149 0.497206 0.5010971 1.01146
0.6740837 0.93082345 0.50265914 0.57806134 0.58239657 0.11486339 0.50972915 0.5132893 0.93568236 0.9218825 1.0091523 0.56818426 1.0234975 0 0.9053166 0.90900373 1.0137748 0.92771643 0.93116945 0.027083166 0.027083166 1.0095364 0.49876 1.0126165 0.9086678 0.5103213 0.9174517 1.0083846 0.98757625 0.9346385
0.9043141 0.52106136 0.9253087 0.9253087 0.93324894 0.92017525 0.946908 0.9395222 0.76429653 0.7760242 0.97206604 0.9130469 0.9894442 0.9053166 0 0.02552962 0.99885464 0.5214621 0.52487713 0.90164745 0.90164745 0.99281836 0.9259958 0.9920673 0.5065787 0.91779155 0.51289284 0.98907024 0.9827411 0.5140827
0.9113596 0.52346903 0.9335961 0.9370764 0.94092345 0.92771643 0.9568702 0.94549555 0.7690214 0.77940893 0.9779369 0.92119914 0.99658537 0.90900373 0.02552962 0 1.0064689 0.5246758 0.5279034 0.9046481 0.9053166 0.99885464 0.9259958 0.99847597 0.5115071 0.9253087 0.5190608 0.99545324 0.98645765 0.51626897
0.9958304 1.0064689 1.0011308 1.0022715 1.0168724 1.014548 1.0160967 1.0188149 0.9950763 1.0011308 0.49643022 1.0053219 0.5038329 1.0137748 0.99885464 1.0064689 0 1.0180373 1.0234975 1.0060863 1.0122308 0.01821952 0.99545324 0.01821952 0.9845971 0.98794943 1.002652 0.21442941 0.16698276 0.9950763
0.9253087 0.4919849 0.9568702 0.9346385 0.9405729 0.9353342 0.9511613 0.9572284 0.7667942 0.776869 1.005704 0.936379 1.0110749 0.92771643 0.5214621 0.5246758 1.0180373 0 0.014132316 0.9266836 0.9249654 1.0118452 0.9205164 1.0110749 0.45056275 0.9402225 0.27916783 0.99357027 1.0011308 0.49778837
0.9339434 0.4956552 0.96226203 0.9405729 0.9476152 0.9395222 0.959741 0.9658782 0.7723746 0.78110707 1.0099207 0.93987226 1.0141612 0.93116945 0.52487713 0.5279034 1.0234975 0.014132316 0 0.9304776 0.928061 1.0172604 0.9259958 1.0157093 0.4500159 0.94620144 0.28192973 0.99885464 1.0045581 0.5003172
0.6733471 0.9322085 0.50344145 0.5769814 0.5778452 0.115796365 0.50972915 0.5146783 0.928061 0.9167723 1.0034139 0.5698927 1.0168724 0.027083166 0.90164745 0.9046481 1.0060863 0.9266836 0.9304776 0 0.011385991 1.001891 0.4979826 1.0041765 0.90098226 0.50953186 0.9167723 1.0049399 0.9857129 0.9346385
0.6713863 0.93116945 0.50344145 0.57590306 0.5761186 0.114047974 0.50972915 0.5150757 0.927372 0.9160936 1.0022715 0.56839764 1.0141612 0.027083166 0.90164745 0.9053166 1.0122308 0.9249654 0.928061 0.011385991 0 1.0080011 0.497206 1.01069 0.9043141 0.50933456 0.91541547 1.0110749 0.9894442 0.9335961
0.9920673 1.0011308 0.9958304 1.0064689 1.019204 1.0087683 1.0130024 1.0160967 0.9901927 0.9943229 0.4946876 1.000751 0.5022683 1.0095364 0.99281836 0.99885464 0.01821952 1.0118452 1.0172604 1.001891 1.0080011 0 0.9901927 0.012198669 0.9801504 0.9838541 0.99847597 0.21442941 0.16486183 0.98907024
0.6689425 0.9270277 0.51012385 0.56754464 0.57053435 0.50090206 0.5107164 0.50481236 0.9043141 0.91473794 0.9958304 0.55885684 0.99734104 0.49876 0.9259958 0.9259958 0.99545324 0.9205164 0.9259958 0.4979826 0.497206 0.9901927 0 0.98832285 0.91169673 0.50148726 0.92359364 0.9838541 0.9768326 0.9465546
0.99885464 1.0045581 0.9977191 1.0091523 1.0231062 1.0110749 1.0133885 1.0168724 0.98907024 0.9950763 0.49623638 1.005704 0.5032458 1.0126165 0.9920673 0.99847597 0.01821952 1.0110749 1.0157093 1.0041765 1.01069 0.012198669 0.98832285 0 0.9801504 0.9845971 0.99734104 0.21349831 0.1637414 0.99281836
0.9100125 0.48622596 0.91779155 0.9222244 0.9222244 0.92017525 0.94127417 0.9259958 0.762636 0.76540554 0.98348296 0.9266836 1.000751 0.9086678 0.5065787 0.5115071 0.9845971 0.45056275 0.4500159 0.90098226 0.9043141 0.9801504 0.91169673 0.9801504 0 0.9029796 0.44601783 0.9924427 0.98051995 0.4829821
0.6582834 0.93082345 0.36273217 0.56393015 0.5628704 0.51091397 0.3643559 0.36565742 0.91643286 0.92017525 1.0053219 0.57590306 1.0037951 0.5103213 0.91779155 0.9253087 0.98794943 0.9402225 0.94620144 0.50953186 0.50933456 0.9838541 0.50148726 0.9845971 0.9029796 0 0.9160936 0.99658537 0.98125964 0.9388226
0.9232511 0.49526802 0.928061 0.93812364 0.9388226 0.91711193 0.94232726 0.94127417 0.77489936 0.7853693 1.0049399 0.9232511 1.0188149 0.9174517 0.51289284 0.5190608 1.002652 0.27916783 0.28192973 0.9167723 0.91541547 0.99847597 0.92359364 0.99734104 0.44601783 0.9160936 0 0.9939465 0.98794943 0.49856558
1.0022715 1.0011308 1.0030329 1.0199828 1.0305767 1.0080011 1.0157093 1.0126165 0.97352946 0.9853408 0.49063718 0.9931942 0.497206 1.0083846 0.98907024 0.99545324 0.21442941 0.99357027 0.99885464 1.0049399 1.0110749 0.21442941 0.9838541 0.21349831 0.9924427 0.99658537 0.9939465 0 0.20912434 0.9827411
0.9845971 0.98794943 0.98496884 0.9924427 0.99999183 0.99885464 0.99923354 1.0030329 0.9695119 0.97352946 0.4919849 0.98907024 0.5010971 0.98757625 0.9827411 0.98645765 0.16698276 1.0011308 1.0045581 0.9857129 0.9894442 0.16486183 0.9768326 0.1637414 0.98051995 0.98125964 0.98794943 0.20912434 0 0.97609735
0.92154074 0.16760771 0.9419761 0.9493862 0.946908 0.93324894 0.9655158 0.9568702 0.77209455 0.7842303 1.0034139 0.92840576 1.01146 0.9346385 0.5140827 0.51626897 0.9950763 0.49778837 0.5003172 0.9346385 0.9335961 0.98907024 0.9465546 0.99281836 0.4829821 0.9388226 0.49856558 0.9827411 0.97609735 0
