0 0.98440721986 1.01702095986 0.99261620986 1.02051745986 0.97408762986 0.99637749986 0.98181395986 0.98440721986 0.97408762986 1.00319575986 0.96716505986 0.98887368986 0.98663715986 0.96680245986 0.96102490986 1.02129675986 1.01469905986 0.99675465986 0.98440721986 0.98589309986 0.99111695986 1.00548235986 0.99074265986 0.98812745986 0.99224110986 0.98962071986 0.97702160986 0.82488348986 0.82728735986
0.98440721986 0 0.98962071986 0.97482005986 0.98070528986 1.00548235986 1.00091608986 0.31059371986 0.31864605986 1.00053682986 0.98514975986 0.98775460986 0.99449452986 0.99336695986 0.99826529986 1.00319575986 0.99224110986 0.98477835986 0.98812745986 1.00739315986 1.00357625986 0.98999449986 1.01469905986 0.98962071986 0.99562375986 1.00129555986 0.41413932986 0.96789075986 1.00433815986 1.01547225986
1.01702095986 0.98962071986 0 0.25036410986 0.25934287986 1.01508545986 1.01585915986 0.98144420986 0.97959830986 0.99750962986 0.99036845986 1.00586415986 1.00739315986 1.01354075986 1.00357625986 1.00015779986 0.98329469986 0.98440721986 0.87033315986 1.00471935986 1.00510075986 0.87224805986 1.02246715986 0.87224805986 1.00777595986 1.01007655986 0.98850050986 0.35912858986 1.03824875986 1.00969255986
0.99261620986 0.97482005986 0.25036410986 0 0.19228700986 1.00930885986 1.00243515986 0.96463065986 0.96644005986 1.00015779986 0.98255395986 1.00930885986 0.99864335986 1.00091608986 0.99562375986 0.99224110986 0.97738915986 0.98218389986 0.87802225986 1.00015779986 1.00053682986 0.87866660986 1.00015779986 0.87866660986 1.00015779986 0.99411845986 0.97775685986 0.35767900986 1.01276945986 1.00205505986
1.02051745986 0.98070528986 0.25934287986 0.19228700986 0 1.00319575986 1.00969255986 0.98403615986 0.98033609986 0.99449452986 0.99750962986 1.01935025986 1.01084495986 1.00777595986 0.99562375986 0.99261620986 0.99224110986 0.99224110986 0.87160925986 0.99600055986 0.99637749986 0.87512960986 1.02207675986 0.87512960986 1.00815885986 0.99637749986 0.99487075986 0.35848399986 1.03625785986 1.02677405986
0.97408762986 1.00548235986 1.01508545986 1.00930885986 1.00319575986 0 0.61280595986 1.01547225986 1.00815885986 0.19280345986 0.47689431986 0.73189395986 0.61916385986 0.61734175986 0.21057742986 0.21256382986 0.47689431986 0.47388225986 0.99864335986 0.19061103986 0.19022480986 0.99600055986 0.72346099986 0.99487075986 0.75832605986 0.74445440986 1.02168665986 1.01084495986 1.03268745986 1.00471935986
0.99637749986 1.00091608986 1.01585915986 1.00243515986 1.00969255986 0.61280595986 0 0.99902165986 0.99149152986 0.61756929986 0.59891665986 0.73109935986 0.16503893986 0.16292608986 0.61371090986 0.60942199986 0.60560515986 0.60314580986 1.02012825986 0.62030485986 0.62099030986 1.01702095986 0.75176625986 1.01624625986 0.76855285986 0.76356025986 1.00777595986 0.98887368986 1.02520505986 1.04184595986
0.98181395986 0.31059371986 0.98144420986 0.96463065986 0.98403615986 1.01547225986 0.99902165986 0 0.14441570986 1.01779665986 1.00854195986 0.99299155986 1.00167525986 0.99487075986 1.01007655986 1.01469905986 1.01392665986 1.01431275986 0.97886115986 1.01547225986 1.01779665986 0.97922965986 1.00969255986 0.97959830986 1.00815885986 1.00777595986 0.41535472986 0.97408762986 1.01315505986 1.01238425986
0.98440721986 0.31864605986 0.97959830986 0.96644005986 0.98033609986 1.00815885986 0.99149152986 0.14441570986 0 1.00739315986 1.00281525986 0.98589309986 0.98552135986 0.98663715986 1.01199915986 1.01238425986 1.01624625986 1.00969255986 0.99524715986 1.00854195986 1.01007655986 0.99524715986 1.00205505986 0.99562375986 1.01238425986 1.01161425986 0.40964205986 0.98440721986 1.01702095986 1.02442175986
0.97408762986 1.00053682986 0.99750962986 1.00015779986 0.99449452986 0.19280345986 0.61756929986 1.01779665986 1.00739315986 0 0.47088225986 0.72582318986 0.62007650986 0.61077370986 0.21588623986 0.21815391986 0.47256825986 0.46994721986 1.00662825986 0.14550627986 0.14611281986 1.00471935986 0.71927979986 1.00319575986 0.74796601986 0.74796601986 1.01935025986 0.99111695986 1.01779665986 0.99487075986
1.00319575986 0.98514975986 0.99036845986 0.98255395986 0.99750962986 0.47689431986 0.59891665986 1.00854195986 1.00281525986 0.47088225986 0 0.72241350986 0.59936075986 0.59515282986 0.47369440986 0.47350659986 0.0806116098599999 0.0766186998599999 1.01161425986 0.47369440986 0.47425809986 1.00892535986 0.73242422986 1.00854195986 0.74310815986 0.73801430986 1.02873995986 0.99261620986 1.03110585986 1.02285755986
0.96716505986 0.98775460986 1.00586415986 1.00930885986 1.01935025986 0.73189395986 0.73109935986 0.99299155986 0.98589309986 0.72582318986 0.72241350986 0 0.73242422986 0.73587980986 0.72792920986 0.73057005986 0.72792920986 0.72450995986 1.02168665986 0.73057005986 0.73322025986 1.01508545986 0.46195357986 1.01469905986 0.75860061986 0.74580305986 1.00395715986 0.99864335986 1.01469905986 0.98589309986
0.98887368986 0.99449452986 1.00739315986 0.99864335986 1.01084495986 0.61916385986 0.16503893986 1.00167525986 0.98552135986 0.62007650986 0.59936075986 0.73242422986 0 0.0708884298599999 0.61688699986 0.61529725986 0.60359235986 0.60292255986 1.02716685986 0.61916385986 0.62167641986 1.02363935986 0.73401715986 1.02285755986 0.76688495986 0.76966685986 0.99977889986 0.99149152986 1.02168665986 1.03665565986
0.98663715986 0.99336695986 1.01354075986 1.00091608986 1.00777595986 0.61734175986 0.16292608986 0.99487075986 0.98663715986 0.61077370986 0.59515282986 0.73587980986 0.0708884298599999 0 0.61303205986 0.60852215986 0.59869475986 0.59758605986 1.01354075986 0.61597815986 0.61643245986 1.01315505986 0.74122741986 1.01238425986 0.76273135986 0.76052549986 1.00129555986 0.99487075986 1.02207675986 1.04546045986
0.96680245986 0.99826529986 1.00357625986 0.99562375986 0.99562375986 0.21057742986 0.61371090986 1.01007655986 1.01199915986 0.21588623986 0.47369440986 0.72792920986 0.61688699986 0.61303205986 0 0.0542777818599999 0.47557505986 0.47331885986 1.00815885986 0.21695252986 0.21681915986 1.00815885986 0.72634915986 1.00701055986 0.74986370986 0.74069095986 1.01702095986 0.99524715986 1.01896155986 1.01238425986
0.96102490986 1.00319575986 1.00015779986 0.99224110986 0.99261620986 0.21256382986 0.60942199986 1.01469905986 1.01238425986 0.21815391986 0.47350659986 0.73057005986 0.61529725986 0.60852215986 0.0542777818599999 0 0.47444608986 0.47181847986 1.01046065986 0.21868848986 0.21788677986 1.01276945986 0.72766565986 1.01161425986 0.75258311986 0.73828151986 1.01935025986 0.98887368986 1.01161425986 1.00624615986
1.02129675986 0.99224110986 0.98329469986 0.97738915986 0.99224110986 0.47689431986 0.60560515986 1.01392665986 1.01624625986 0.47256825986 0.0806116098599999 0.72792920986 0.60359235986 0.59869475986 0.47557505986 0.47444608986 0 0.0466927848599999 1.01585915986 0.47369440986 0.47576337986 1.01354075986 0.73828151986 1.01276945986 0.74472395986 0.73935141986 1.02246715986 0.98924710986 1.04144535986 1.03110585986
1.01469905986 0.98477835986 0.98440721986 0.98218389986 0.99224110986 0.47388225986 0.60314580986 1.01431275986 1.00969255986 0.46994721986 0.0766186998599999 0.72450995986 0.60292255986 0.59758605986 0.47331885986 0.47181847986 0.0466927848599999 0 1.00053682986 0.47125657986 0.47350659986 0.99940022986 0.73428295986 0.99864335986 0.74418495986 0.74069095986 1.02285755986 0.99261620986 1.03110585986 1.01973915986
0.99675465986 0.98812745986 0.87033315986 0.87802225986 0.87160925986 0.99864335986 1.02012825986 0.97886115986 0.99524715986 1.00662825986 1.01161425986 1.02168665986 1.02716685986 1.01354075986 1.00815885986 1.01046065986 1.01585915986 1.00053682986 0 1.00548235986 1.00395715986 0.0196562488599999 1.01779665986 0.0194512198599999 1.02012825986 1.00243515986 0.98366535986 0.85082705986 1.04345025986 1.03506575986
0.98440721986 1.00739315986 1.00471935986 1.00015779986 0.99600055986 0.19061103986 0.62030485986 1.01547225986 1.00854195986 0.14550627986 0.47369440986 0.73057005986 0.61916385986 0.61597815986 0.21695252986 0.21868848986 0.47369440986 0.47125657986 1.00548235986 0 0.0133262368599999 1.00510075986 0.71719792986 1.00357625986 0.75203845986 0.74688375986 1.02559695986 0.99940022986 1.01935025986 0.99977889986
0.98589309986 1.00357625986 1.00510075986 1.00053682986 0.99637749986 0.19022480986 0.62099030986 1.01779665986 1.01007655986 0.14611281986 0.47425809986 0.73322025986 0.62167641986 0.61643245986 0.21681915986 0.21788677986 0.47576337986 0.47350659986 1.00395715986 0.0133262368599999 0 1.00281525986 0.71954045986 1.00129555986 0.75421945986 0.75122215986 1.02090705986 1.00167525986 1.02129675986 0.99940022986
0.99111695986 0.98999449986 0.87224805986 0.87866660986 0.87512960986 0.99600055986 1.01702095986 0.97922965986 0.99524715986 1.00471935986 1.00892535986 1.01508545986 1.02363935986 1.01315505986 1.00815885986 1.01276945986 1.01354075986 0.99940022986 0.0196562488599999 1.00510075986 1.00281525986 0 1.01084495986 0.00152449999999989 1.01663355986 0.99487075986 0.98292425986 0.85487525986 1.03944605986 1.03427225986
1.00548235986 1.01469905986 1.02246715986 1.00015779986 1.02207675986 0.72346099986 0.75176625986 1.00969255986 1.00205505986 0.71927979986 0.73242422986 0.46195357986 0.73401715986 0.74122741986 0.72634915986 0.72766565986 0.73828151986 0.73428295986 1.01779665986 0.71719792986 0.71954045986 1.01084495986 0 1.01122955986 0.76799651986 0.74769529986 1.02873995986 1.00969255986 1.03745185986 1.02129675986
0.99074265986 0.98962071986 0.87224805986 0.87866660986 0.87512960986 0.99487075986 1.01624625986 0.97959830986 0.99562375986 1.00319575986 1.00854195986 1.01469905986 1.02285755986 1.01238425986 1.00701055986 1.01161425986 1.01276945986 0.99864335986 0.0194512198599999 1.00357625986 1.00129555986 0.00152449999999989 1.01122955986 0 1.01663355986 0.99449452986 0.98255395986 0.85487525986 1.03864765986 1.03347935986
0.98812745986 0.99562375986 1.00777595986 1.00015779986 1.00815885986 0.75832605986 0.76855285986 1.00815885986 1.01238425986 0.74796601986 0.74310815986 0.75860061986 0.76688495986 0.76273135986 0.74986370986 0.75258311986 0.74472395986 0.74418495986 1.02012825986 0.75203845986 0.75421945986 1.01663355986 0.76799651986 1.01663355986 0 0.44152429986 1.03506575986 0.99524715986 1.04666915986 1.02051745986
0.99224110986 1.00129555986 1.01007655986 0.99411845986 0.99637749986 0.74445440986 0.76356025986 1.00777595986 1.01161425986 0.74796601986 0.73801430986 0.74580305986 0.76966685986 0.76052549986 0.74069095986 0.73828151986 0.73935141986 0.74069095986 1.00243515986 0.74688375986 0.75122215986 0.99487075986 0.74769529986 0.99449452986 0.44152429986 0 1.02168665986 1.00015779986 1.03268745986 1.01199915986
0.98962071986 0.41413932986 0.98850050986 0.97775685986 0.99487075986 1.02168665986 1.00777595986 0.41535472986 0.40964205986 1.01935025986 1.02873995986 1.00395715986 0.99977889986 1.00129555986 1.01702095986 1.01935025986 1.02246715986 1.02285755986 0.98366535986 1.02559695986 1.02090705986 0.98292425986 1.02873995986 0.98255395986 1.03506575986 1.02168665986 0 0.99074265986 1.01046065986 1.00433815986
0.97702160986 0.96789075986 0.35912858986 0.35767900986 0.35848399986 1.01084495986 0.98887368986 0.97408762986 0.98440721986 0.99111695986 0.99261620986 0.99864335986 0.99149152986 0.99487075986 0.99524715986 0.98887368986 0.98924710986 0.99261620986 0.85082705986 0.99940022986 1.00167525986 0.85487525986 1.00969255986 0.85487525986 0.99524715986 1.00015779986 0.99074265986 0 0.99487075986 1.00662825986
0.82488348986 1.00433815986 1.03824875986 1.01276945986 1.03625785986 1.03268745986 1.02520505986 1.01315505986 1.01702095986 1.01779665986 1.03110585986 1.01469905986 1.02168665986 1.02207675986 1.01896155986 1.01161425986 1.04144535986 1.03110585986 1.04345025986 1.01935025986 1.02129675986 1.03944605986 1.03745185986 1.03864765986 1.04666915986 1.03268745986 1.01046065986 0.99487075986 0 0.35318702986
0.82728735986 1.01547225986 1.00969255986 1.00205505986 1.02677405986 1.00471935986 1.04184595986 1.01238425986 1.02442175986 0.99487075986 1.02285755986 0.98589309986 1.03665565986 1.04546045986 1.01238425986 1.00624615986 1.03110585986 1.01973915986 1.03506575986 0.99977889986 0.99940022986 1.03427225986 1.02129675986 1.03347935986 1.02051745986 1.01199915986 1.00433815986 1.00662825986 0.35318702986 0
