0 0.84340924 0.85770726 1.0022715 0.982 0.7862246 1.015322 1.0199828 1.0060863 0.9980974 0.83972377 0.98757625 0.7799746 0.8221614 0.8336212 0.8483516 0.84525883 0.77546155 0.77940893 0.83331734 0.8354467 1.0130024 0.82305974 1.0164845 1.0227151 0.77153486 0.8505242 0.8400302 0.8236593 0.78337723
0.84340924 0 0.14835055 1.025065 1.0133885 0.8480418 1.0289978 1.0317632 1.0365276 1.0297868 0.7574018 1.0076177 0.8461853 0.7376246 0.7394986 0.7419149 0.7400349 0.847732 0.84495026 0.75002605 0.7527494 0.9946995 0.74622995 0.99999183 1.0433295 0.83636117 0.76790696 0.750842 0.74030316 0.8499028
0.85770726 0.14835055 0 1.0381224 1.030972 0.86559373 1.0227151 1.0258498 1.0481682 1.0373245 0.7667942 1.0141612 0.86337715 0.7421839 0.74514884 0.7522039 0.75056994 0.8602219 0.8567664 0.7587757 0.7590508 0.99923354 0.74704176 1.0076177 1.0485728 0.83483773 0.7695792 0.75411475 0.7473126 0.8599071
1.0022715 1.025065 1.0381224 0 0.13159883 1.0341415 0.5354207 0.53094184 0.14761968 0.14786322 1.0176488 0.6116556 1.0381224 1.0203725 1.0258498 1.0231062 1.0164845 1.0297868 1.0274222 1.0034139 1.0068517 0.5142812 0.9939465 0.51786304 0.3588495 1.0080011 1.0266355 1.0034139 1.0126165 1.0274222
0.982 1.0133885 1.030972 0.13159883 0 1.0103053 0.5226656 0.5194605 0.14022927 0.14095297 0.99961257 0.60244477 1.0176488 1.0223241 1.025065 1.0234975 1.0133885 1.0110749 1.01069 0.99056727 0.990942 0.5115071 0.98051995 0.5172649 0.34986734 0.99999183 1.0053219 0.99999183 0.9977191 1.0083846
0.7862246 0.8480418 0.86559373 1.0341415 1.0103053 0 1.0373245 1.0357314 1.0397208 1.0282096 0.8567664 1.0211525 0.12815055 0.83788776 0.8455675 0.8555138 0.85520095 0.12708361 0.12554516 0.85959244 0.85613984 1.0341415 0.8242593 1.0365276 1.0421246 0.2890998 0.870685 0.85363877 0.8375822 0.15890548
1.015322 1.0289978 1.0227151 0.5354207 0.5226656 1.0373245 0 0.09213437 0.53419656 0.52810556 1.0278157 0.59444946 1.0413225 1.0215429 1.0266355 1.0099207 1.01069 1.0289978 1.0337447 1.0207624 1.018426 0.44656178 1.0053219 0.44674316 0.5335852 1.0246727 1.0223241 1.0091523 1.0110749 1.0421246
1.0199828 1.0317632 1.0258498 0.53094184 0.5194605 1.0357314 0.09213437 0 0.52952236 0.5258845 1.0141612 0.59092313 1.0433295 1.0080011 1.0126165 1.0022715 1.0045581 1.0282096 1.0353336 1.0083846 1.0064689 0.44475016 0.9853408 0.4461991 0.5386949 1.0305767 1.0137748 1.0015109 0.9924427 1.0477637
1.0060863 1.0365276 1.0481682 0.14761968 0.14022927 1.0397208 0.53419656 0.52952236 0 0.052924152 1.019204 0.60849774 1.0485728 1.0246727 1.0317632 1.0329514 1.0231062 1.042526 1.0397208 1.0091523 1.0122308 0.5194605 1.0011308 0.5246758 0.35226277 1.0164845 1.0234975 1.0141612 1.0203725 1.042526
0.9980974 1.0297868 1.0373245 0.14786322 0.14095297 1.0282096 0.52810556 0.5258845 0.052924152 0 1.014548 0.6037857 1.0357314 1.018426 1.0246727 1.0219333 1.0157093 1.0301816 1.025065 1.0049399 1.0060863 0.5176636 0.9958304 0.5232681 0.35098425 0.99923354 1.0227151 1.0091523 1.0080011 1.025065
0.83972377 0.7574018 0.7667942 1.0176488 0.99961257 0.8567664 1.0278157 1.0141612 1.019204 1.014548 0 0.99281836 0.85707986 0.7157541 0.72018194 0.7262145 0.7243734 0.8567664 0.85833514 0.03510909 0.034690037 1.0091523 0.7157541 1.01069 1.0266355 0.8381934 0.7486681 0.72332335 0.20754011 0.84649444
0.98757625 1.0076177 1.0141612 0.6116556 0.60244477 1.0211525 0.59444946 0.59092313 0.60849774 0.6037857 0.99281836 0 1.0231062 1.0030329 1.0034139 0.9860852 0.99169195 1.0293922 1.0242808 0.98645765 0.98683035 0.593787 0.98496884 0.59888077 0.6060258 0.9946995 0.9950763 0.96479154 0.9901927 1.0172604
0.7799746 0.8461853 0.86337715 1.0381224 1.0176488 0.12815055 1.0413225 1.0433295 1.0485728 1.0357314 0.85707986 1.0231062 0 0.83301365 0.84156424 0.8486616 0.847732 0.029679582 0.028536052 0.8592779 0.8555138 1.0219333 0.81828076 1.025065 1.0349361 0.29308018 0.8621135 0.84279376 0.8446418 0.16076176
0.8221614 0.7376246 0.7421839 1.0203725 1.0223241 0.83788776 1.0215429 1.0080011 1.0246727 1.018426 0.7157541 1.0030329 0.83301365 0 0.028951678 0.29352373 0.29263687 0.8293787 0.83028585 0.71342045 0.7149754 0.99131685 0.6731017 0.9958304 1.018426 0.81977093 0.6772841 0.64872307 0.70903224 0.8366663
0.8336212 0.7394986 0.74514884 1.0258498 1.025065 0.8455675 1.0266355 1.0126165 1.0317632 1.0246727 0.72018194 1.0034139 0.84156424 0.028951678 0 0.29308018 0.29263687 0.83849925 0.8388052 0.71783453 0.71835554 1.000751 0.6733471 1.0053219 1.0266355 0.8236593 0.68149 0.65277135 0.7129029 0.84279376
0.8483516 0.7419149 0.7522039 1.0231062 1.0234975 0.8555138 1.0099207 1.0022715 1.0329514 1.0219333 0.7262145 0.9860852 0.8486616 0.29352373 0.29308018 0 0.024495706 0.8502134 0.8474224 0.7243734 0.7264779 1.0080011 0.67629796 1.014548 1.0429276 0.829681 0.67975533 0.6643211 0.72122765 0.83972377
0.84525883 0.7400349 0.75056994 1.0164845 1.0133885 0.85520095 1.01069 1.0045581 1.0231062 1.0157093 0.7243734 0.99169195 0.847732 0.29263687 0.29263687 0.024495706 0 0.8483516 0.8455675 0.723061 0.7243734 1.005704 0.6760516 1.0130024 1.0409217 0.8257614 0.680994 0.6626257 0.72044325 0.8375822
0.77546155 0.847732 0.8602219 1.0297868 1.0110749 0.12708361 1.0289978 1.0282096 1.042526 1.0301816 0.8567664 1.0293922 0.029679582 0.8293787 0.83849925 0.8502134 0.8483516 0 0.020477012 0.85833514 0.8545757 1.015322 0.81442016 1.018426 1.033348 0.29396757 0.85864925 0.84125715 0.83972377 0.1602663
0.77940893 0.84495026 0.8567664 1.0274222 1.01069 0.12554516 1.0337447 1.0353336 1.0397208 1.025065 0.85833514 1.0242808 0.028536052 0.83028585 0.8388052 0.8474224 0.8455675 0.020477012 0 0.8599071 0.85613984 1.014548 0.8153093 1.018426 1.0305767 0.29234147 0.8555138 0.84125715 0.84033674 0.15853477
0.83331734 0.75002605 0.7587757 1.0034139 0.99056727 0.85959244 1.0207624 1.0083846 1.0091523 1.0049399 0.03510909 0.98645765 0.8592779 0.71342045 0.71783453 0.7243734 0.723061 0.85833514 0.8599071 0 0.014132316 1.0022715 0.70748955 1.0041765 1.0176488 0.83697146 0.7437997 0.718095 0.20425035 0.8499028
0.8354467 0.7527494 0.7590508 1.0068517 0.990942 0.85613984 1.018426 1.0064689 1.0122308 1.0060863 0.034690037 0.98683035 0.8555138 0.7149754 0.71835554 0.7264779 0.7243734 0.8545757 0.85613984 0.014132316 0 1.0015109 0.70903224 1.0034139 1.0164845 0.83210325 0.7432607 0.7196597 0.204513 0.8455675
1.0130024 0.9946995 0.99923354 0.5142812 0.5115071 1.0341415 0.44656178 0.44475016 0.5194605 0.5176636 1.0091523 0.593787 1.0219333 0.99131685 1.000751 1.0080011 1.005704 1.015322 1.014548 1.0022715 1.0015109 0 0.9980974 0.014540035 0.52166253 1.0076177 0.9872032 0.9816297 1.0103053 1.0195932
0.82305974 0.74622995 0.74704176 0.9939465 0.98051995 0.8242593 1.0053219 0.9853408 1.0011308 0.9958304 0.7157541 0.98496884 0.81828076 0.6731017 0.6733471 0.67629796 0.6760516 0.81442016 0.8153093 0.70748955 0.70903224 0.9980974 0 0.9977191 1.0258498 0.812645 0.50775856 0.5040287 0.69753873 0.81294054
1.0164845 0.99999183 1.0076177 0.51786304 0.5172649 1.0365276 0.44674316 0.4461991 0.5246758 0.5232681 1.01069 0.59888077 1.025065 0.9958304 1.0053219 1.014548 1.0130024 1.018426 1.018426 1.0041765 1.0034139 0.014540035 0.9977191 0 0.5250785 1.0087683 0.98645765 0.9845971 1.0122308 1.0242808
1.0227151 1.0433295 1.0485728 0.3588495 0.34986734 1.0421246 0.5335852 0.5386949 0.35226277 0.35098425 1.0266355 0.6060258 1.0349361 1.018426 1.0266355 1.0429276 1.0409217 1.033348 1.0305767 1.0176488 1.0164845 0.52166253 1.0258498 0.5250785 0 1.0242808 1.0353336 1.0254573 1.0188149 1.0365276
0.77153486 0.83636117 0.83483773 1.0080011 0.99999183 0.2890998 1.0246727 1.0305767 1.0164845 0.99923354 0.8381934 0.9946995 0.29308018 0.81977093 0.8236593 0.829681 0.8257614 0.29396757 0.29234147 0.83697146 0.83210325 1.0076177 0.812645 1.0087683 1.0242808 0 0.8461853 0.8251602 0.8221614 0.28382534
0.8505242 0.76790696 0.7695792 1.0266355 1.0053219 0.870685 1.0223241 1.0137748 1.0234975 1.0227151 0.7486681 0.9950763 0.8621135 0.6772841 0.68149 0.67975533 0.680994 0.85864925 0.8555138 0.7437997 0.7432607 0.9872032 0.50775856 0.98645765 1.0353336 0.8461853 0 0.27902275 0.72122765 0.8573935
0.8400302 0.750842 0.75411475 1.0034139 0.99999183 0.85363877 1.0091523 1.0015109 1.0141612 1.0091523 0.72332335 0.96479154 0.84279376 0.64872307 0.65277135 0.6643211 0.6626257 0.84125715 0.84125715 0.718095 0.7196597 0.9816297 0.5040287 0.9845971 1.0254573 0.8251602 0.27902275 0 0.7080034 0.83727676
0.8236593 0.74030316 0.7473126 1.0126165 0.9977191 0.8375822 1.0110749 0.9924427 1.0203725 1.0080011 0.20754011 0.9901927 0.8446418 0.70903224 0.7129029 0.72122765 0.72044325 0.83972377 0.84033674 0.20425035 0.204513 1.0103053 0.69753873 1.0122308 1.0188149 0.8221614 0.72122765 0.7080034 0 0.83180004
0.78337723 0.8499028 0.8599071 1.0274222 1.0083846 0.15890548 1.0421246 1.0477637 1.042526 1.025065 0.84649444 1.0172604 0.16076176 0.8366663 0.84279376 0.83972377 0.8375822 0.1602663 0.15853477 0.8499028 0.8455675 1.0195932 0.81294054 1.0242808 1.0365276 0.28382534 0.8573935 0.83727676 0.83180004 0
