0 1.0227151 1.0357314 0.99658537 0.7330929 0.5999927 0.5977705 0.9962078 0.9860852 0.9943229 1.0053219 0.7262145 1.0083846 1.01146 1.0164845 0.73842716 0.74030316 0.73709005 0.7427221 0.98869646 0.98645765 0.990942 1.0060863 0.9901927 0.9931942 0.60872287 1.0164845 1.0133885 0.72122765 0.72122765
1.0227151 0 0.17717159 0.47899425 0.99847597 0.9920673 0.98051995 0.47861555 0.47070688 0.4740861 0.680994 0.9901927 0.6852207 0.43165645 0.43862328 1.0037951 0.99734104 0.99357027 1.0087683 0.48032117 0.47994182 0.48013148 0.4820307 0.47994182 0.6882187 0.9939465 0.22366977 0.48184055 1.0207624 0.9962078
1.0357314 0.17717159 0 0.47502747 0.9962078 1.0022715 0.9838541 0.47333384 0.46659726 0.47108158 0.6807461 0.98237044 0.68049824 0.43272406 0.4366517 1.0072346 0.99885464 0.9977191 1.0099207 0.47937313 0.47653615 0.47333384 0.47370988 0.47220686 0.6795078 1.0037951 0.22636956 0.4752159 1.0199828 0.9977191
0.99658537 0.47899425 0.47502747 0 0.982 0.97978103 0.97243166 0.15693049 0.2529344 0.2543368 0.67975533 0.9644296 0.6812419 0.4630661 0.471644 1.000751 1.0022715 0.9969631 0.99961257 0.2527943 0.25349504 0.1576705 0.3172637 0.15816425 0.6864684 0.98832285 0.47502747 0.25743133 0.9857129 0.97206604
0.7330929 0.99847597 0.9962078 0.982 0 0.72044325 0.71783453 0.9801504 0.9568702 0.96298385 0.9845971 0.4004854 0.9931942 0.97206604 0.9845971 0.15324135 0.15434618 0.15140356 0.15115887 0.9857129 0.97978103 0.9775687 0.98645765 0.97499573 0.9980974 0.72332335 0.98869646 0.9691478 0.7139384 0.7235857
0.5999927 0.9920673 1.0022715 0.97978103 0.72044325 0 0.13926542 0.9706055 0.95794547 0.96010065 0.9898184 0.70646286 0.9816297 0.9943229 0.990942 0.7320306 0.7346892 0.7317652 0.73735726 0.9680563 0.96010065 0.96298385 0.9669665 0.9615409 0.98348296 0.30650267 0.9943229 0.9709704 0.7191378 0.723061
0.5977705 0.98051995 0.9838541 0.97243166 0.71783453 0.13926542 0 0.9655158 0.9575869 0.95794547 0.9845971 0.70774645 0.9738958 0.98237044 0.982 0.7259512 0.7251619 0.7251619 0.7293813 0.96769285 0.96479154 0.96298385 0.97206604 0.9611805 0.9746289 0.30499938 0.97941184 0.97352946 0.71835554 0.71549445
0.9962078 0.47861555 0.47333384 0.15693049 0.9801504 0.9706055 0.9655158 0 0.24860357 0.250696 0.68298006 0.9565121 0.68149 0.45330298 0.45899805 1.0053219 1.0034139 0.99999183 0.99961257 0.24180867 0.2427756 0.10398692 0.3133051 0.10525158 0.68972224 0.9838541 0.47258234 0.25532004 0.98683035 0.9666036
0.9860852 0.47070688 0.46659726 0.2529344 0.9568702 0.95794547 0.9575869 0.24860357 0 0.06449529 0.6849714 0.9746289 0.6854701 0.4522057 0.45918247 0.9860852 0.9931942 0.98794943 0.9977191 0.2529344 0.25321466 0.24943985 0.31345698 0.2493004 0.6892207 0.9816297 0.46678358 0.22380453 0.99999183 0.97609735
0.9943229 0.4740861 0.47108158 0.2543368 0.96298385 0.96010065 0.95794547 0.250696 0.06449529 0 0.680994 0.97867405 0.6812419 0.45697227 0.46417943 0.99056727 0.99545324 0.9920673 1.0015109 0.2577133 0.2575723 0.2519543 0.31406474 0.25167447 0.68621874 0.98832285 0.46864927 0.2265048 0.99131685 0.9680563
1.0053219 0.680994 0.6807461 0.67975533 0.9845971 0.9898184 0.9845971 0.68298006 0.6849714 0.680994 0 0.98645765 0.060690653 0.6740837 0.6834774 1.000751 1.002652 0.99847597 1.0022715 0.6882187 0.6847222 0.6844731 0.6832287 0.6834774 0.31925085 1.0095364 0.6782716 0.6907262 0.9831119 0.97170067
0.7262145 0.9901927 0.98237044 0.9644296 0.4004854 0.70646286 0.70774645 0.9565121 0.9746289 0.97867405 0.98645765 0 0.98496884 0.9775687 0.9827411 0.41443047 0.414083 0.41373572 0.41547385 0.97243166 0.9687838 0.95472425 0.98645765 0.9568702 0.9779369 0.7227989 0.98832285 0.97499573 0.7336246 0.7222747
1.0083846 0.6852207 0.68049824 0.6812419 0.9931942 0.9816297 0.9738958 0.68149 0.6854701 0.6812419 0.060690653 0.98496884 0 0.6731017 0.6834774 1.0030329 1.0041765 1.0011308 1.0045581 0.69148016 0.6887196 0.6832287 0.682483 0.68198633 0.31986335 1.0011308 0.6795078 0.6827315 0.9931942 0.97426224
1.01146 0.43165645 0.43272406 0.4630661 0.97206604 0.9943229 0.98237044 0.45330298 0.4522057 0.45697227 0.6740837 0.9775687 0.6731017 0 0.05993204 0.98757625 0.9901927 0.9853408 0.99545324 0.45881367 0.45807657 0.46102932 0.4578924 0.46029004 0.6760516 1.0103053 0.43486387 0.4604748 0.9980974 0.98348296
1.0164845 0.43862328 0.4366517 0.471644 0.9845971 0.990942 0.982 0.45899805 0.45918247 0.46417943 0.6834774 0.9827411 0.6834774 0.05993204 0 0.9958304 0.9946995 0.9898184 1.0003713 0.46771583 0.4647367 0.46902296 0.46678358 0.46790242 0.684224 1.0095364 0.43790576 0.47033232 1.0037951 0.98757625
0.73842716 1.0037951 1.0072346 1.000751 0.15324135 0.7320306 0.7259512 1.0053219 0.9860852 0.99056727 1.000751 0.41443047 1.0030329 0.98757625 0.9958304 0 0.050353087 0.04821725 0.04949802 0.9950763 0.99056727 1.0068517 0.99545324 1.0060863 1.0037951 0.73923063 0.99357027 0.9831119 0.73789203 0.73522204
0.74030316 0.99734104 0.99885464 1.0022715 0.15434618 0.7346892 0.7251619 1.0034139 0.9931942 0.99545324 1.002652 0.414083 1.0041765 0.9901927 0.9946995 0.050353087 0 0.027913041 0.029471537 1.001891 0.99961257 1.0045581 1.0034139 1.0034139 1.0068517 0.74110866 0.98907024 0.99357027 0.7365559 0.7328271
0.73709005 0.99357027 0.9977191 0.9969631 0.15140356 0.7317652 0.7251619 0.99999183 0.98794943 0.9920673 0.99847597 0.41373572 1.0011308 0.9853408 0.9898184 0.04821725 0.027913041 0 0.025012486 0.9958304 0.9950763 1.0037951 1.0011308 1.002652 1.0015109 0.7386949 0.9860852 0.9924427 0.7344229 0.732296
0.7427221 1.0087683 1.0099207 0.99961257 0.15115887 0.73735726 0.7293813 0.99961257 0.9977191 1.0015109 1.0022715 0.41547385 1.0045581 0.99545324 1.0003713 0.04949802 0.029471537 0.025012486 0 1.0037951 1.0003713 1.0064689 1.0072346 1.0045581 1.0110749 0.74353015 1.0003713 0.99847597 0.7386949 0.7354886
0.98869646 0.48032117 0.47937313 0.2527943 0.9857129 0.9680563 0.96769285 0.24180867 0.2529344 0.2577133 0.6882187 0.97243166 0.69148016 0.45881367 0.46771583 0.9950763 1.001891 0.9958304 1.0037951 0 0.024909101 0.24762909 0.3206297 0.24790739 0.68397504 0.98907024 0.48051092 0.26053867 0.9746289 0.9604604
0.98645765 0.47994182 0.47653615 0.25349504 0.97978103 0.96010065 0.96479154 0.2427756 0.25321466 0.2575723 0.6847222 0.9687838 0.6887196 0.45807657 0.4647367 0.99056727 0.99961257 0.9950763 1.0003713 0.024909101 0 0.24832502 0.32001656 0.24888222 0.6812419 0.98125964 0.47918367 0.26223904 0.9695119 0.9568702
0.990942 0.48013148 0.47333384 0.1576705 0.9775687 0.96298385 0.96298385 0.10398692 0.24943985 0.2519543 0.6844731 0.95472425 0.6832287 0.46102932 0.46902296 1.0068517 1.0045581 1.0037951 1.0064689 0.24762909 0.24832502 0 0.31604344 0.009054436 0.6889701 0.97978103 0.4714565 0.2623809 0.97609735 0.9583042
1.0060863 0.4820307 0.47370988 0.3172637 0.98645765 0.9669665 0.97206604 0.3133051 0.31345698 0.31406474 0.6832287 0.98645765 0.682483 0.4578924 0.46678358 0.99545324 1.0034139 1.0011308 1.0072346 0.3206297 0.32001656 0.31604344 0 0.31680587 0.68198633 0.9920673 0.471269 0.32555276 1.0003713 0.9768326
0.9901927 0.47994182 0.47220686 0.15816425 0.97499573 0.9615409 0.9611805 0.10525158 0.2493004 0.25167447 0.6834774 0.9568702 0.68198633 0.46029004 0.46790242 1.0060863 1.0034139 1.002652 1.0045581 0.24790739 0.24888222 0.009054436 0.31680587 0 0.68972224 0.98051995 0.4731459 0.2623809 0.97720057 0.95866317
0.9931942 0.6882187 0.6795078 0.6864684 0.9980974 0.98348296 0.9746289 0.68972224 0.6892207 0.68621874 0.31925085 0.9779369 0.31986335 0.6760516 0.684224 1.0037951 1.0068517 1.0015109 1.0110749 0.68397504 0.6812419 0.6889701 0.68198633 0.68972224 0 0.9943229 0.67555916 0.69753873 0.9969631 0.9658782
0.60872287 0.9939465 1.0037951 0.98832285 0.72332335 0.30650267 0.30499938 0.9838541 0.9816297 0.98832285 1.0095364 0.7227989 1.0011308 1.0103053 1.0095364 0.73923063 0.74110866 0.7386949 0.74353015 0.98907024 0.98125964 0.97978103 0.9920673 0.98051995 0.9943229 0 0.9931942 0.9831119 0.7312348 0.7386949
1.0164845 0.22366977 0.22636956 0.47502747 0.98869646 0.9943229 0.97941184 0.47258234 0.46678358 0.46864927 0.6782716 0.98832285 0.6795078 0.43486387 0.43790576 0.99357027 0.98907024 0.9860852 1.0003713 0.48051092 0.47918367 0.4714565 0.471269 0.4731459 0.67555916 0.9931942 0 0.47861555 1.0133885 0.99281836
1.0133885 0.48184055 0.4752159 0.25743133 0.9691478 0.9709704 0.97352946 0.25532004 0.22380453 0.2265048 0.6907262 0.97499573 0.6827315 0.4604748 0.47033232 0.9831119 0.99357027 0.9924427 0.99847597 0.26053867 0.26223904 0.2623809 0.32555276 0.2623809 0.69753873 0.9831119 0.47861555 0 0.9969631 0.9764649
0.72122765 1.0207624 1.0199828 0.9857129 0.7139384 0.7191378 0.71835554 0.98683035 0.99999183 0.99131685 0.9831119 0.7336246 0.9931942 0.9980974 1.0037951 0.73789203 0.7365559 0.7344229 0.7386949 0.9746289 0.9695119 0.97609735 1.0003713 0.97720057 0.9969631 0.7312348 1.0133885 0.9969631 0 0.19576387
0.72122765 0.9962078 0.9977191 0.97206604 0.7235857 0.723061 0.71549445 0.9666036 0.97609735 0.9680563 0.97170067 0.7222747 0.97426224 0.98348296 0.98757625 0.73522204 0.7328271 0.732296 0.7354886 0.9604604 0.9568702 0.9583042 0.9768326 0.95866317 0.9658782 0.7386949 0.99281836 0.9764649 0.19576387 0
