0 1.0077814328 0.9952526328 0.9956292328 0.9978928328 0.8526982328 0.8474241728 0.9807107628 0.9773946328 0.7479714928 0.7575084328 0.8336398328 0.9836708328 0.9821893728 0.5363504328 0.5402401328 1.0039626328 1.0073986328 0.5379857328 0.7649492328 0.7666128328 0.5392145728 0.7493265328 0.5388047328 0.9885059828 0.8468060728 0.9851552328 1.0201337328 0.5429132328 1.0066337328
1.0077814328 0 0.7058552328 0.6946761328 0.6801901628 0.9990271328 1.0020605328 0.6076289028 0.6107791828 1.0181901328 1.0256024328 0.9766597328 0.6214531328 0.6212244328 1.0154777328 1.0275652328 0.3221730528 0.3227871528 1.0295333328 1.0275652328 1.0283519328 1.0358658328 1.0108504328 1.0346744328 0.6964435328 0.9821893728 0.6031512828 0.6246621828 1.0299275328 0.1812741928
0.9952526328 0.7058552328 0 0.1367115128 0.1309808228 0.9975151028 0.9922465828 0.6896493328 0.6861504328 0.9719001328 0.9729957728 0.9711705628 0.6866492828 0.6849047728 1.0089308328 1.0070160328 0.6964435328 0.6972022328 1.0158646328 0.9986488328 0.9990271328 1.0181901328 0.9773946328 1.0178021328 0.4366869828 0.9792351328 0.6698722328 0.6911537828 1.0197446328 0.6898998328
0.9956292328 0.6946761328 0.1367115128 0 0.1171930228 0.9971375328 0.9971375328 0.6799428328 0.6794484328 0.9858985728 0.9881329328 0.9792351328 0.6876479328 0.6829160628 1.0100820328 1.0100820328 0.6944239928 0.6969492328 1.0150909328 1.0139321328 1.0139321328 1.0197446328 0.9978928328 1.0193557328 0.4429706828 0.9840416328 0.6774741028 0.6906519728 1.0139321328 0.6841584328
0.9978928328 0.6801901628 0.1309808228 0.1171930228 0 0.9941239328 0.9914970028 0.6799428328 0.6772276928 0.9929970328 0.9933724328 0.9759254628 0.6816758328 0.6787074328 1.0085474328 1.0039626328 0.6851537328 0.6836612328 1.0162517328 1.0158646328 1.0143182328 1.0201337328 0.9877600828 1.0197446328 0.4332977728 0.9671705328 0.6669501828 0.6851537328 1.0100820328 0.6757508328
0.8526982328 0.9990271328 0.9975151028 0.9971375328 0.9941239328 0 0.1163760928 0.9926216828 0.9963829728 0.8558179928 0.8471150328 0.5507818628 0.9885059828 1.0001632728 0.8580095928 0.8536327628 0.9997843728 1.0001632728 0.8539445328 0.8897112328 0.8877513028 0.8555054328 0.8461885628 0.8561306828 0.9896261928 0.3665871528 0.9933724328 0.9929970328 0.8598932828 0.9918717328
0.8474241728 1.0020605328 0.9922465828 0.9971375328 0.9914970028 0.1163760928 0 0.9941239328 0.9963829728 0.8605221728 0.8505220328 0.5460094328 0.9922465828 0.9975151028 0.8687466328 0.8662064328 1.0039626328 1.0047248328 0.8646231328 0.8809316328 0.8793169328 0.8693830328 0.8409599328 0.8697014628 0.9866426328 0.3622035628 0.9960060328 0.9858985728 0.8741733628 0.9952526328
0.9807107628 0.6076289028 0.6896493328 0.6799428328 0.6799428328 0.9926216828 0.9941239328 0 0.1092945428 1.0039626328 0.9986488328 0.9833001728 0.3630133728 0.3613945728 1.0039626328 1.0062516328 0.6180300328 0.6214531328 1.0131605328 1.0279585328 1.0291393328 1.0123897328 1.0150909328 1.0112350328 0.6851537328 0.9646361328 0.3626893328 0.3364267328 0.9994057028 0.6035978328
0.9773946328 0.6107791828 0.6861504328 0.6794484328 0.6772276928 0.9963829728 0.9963829728 0.1092945428 0 1.0073986328 1.0089308328 0.9922465828 0.3644733328 0.3615562828 1.0009215628 1.0039626328 0.6237439328 0.6283465828 1.0112350328 1.0291393328 1.0291393328 1.0123897328 1.0081643328 1.0108504328 0.6876479328 0.9733613928 0.3654481928 0.3392474528 0.9990271328 0.6074043728
0.7479714928 1.0181901328 0.9719001328 0.9858985728 0.9929970328 0.8558179928 0.8605221728 1.0039626328 1.0073986328 0 0.0809507828 0.8620968328 0.9881329328 0.9986488328 0.7693937028 0.7660578728 1.0123897328 1.0181901328 0.7564123328 0.6553743628 0.6544177728 0.7621847328 0.5033934328 0.7632893328 1.0024406328 0.8592648728 0.9997843728 1.0024406328 0.7572342328 1.0001632728
0.7575084328 1.0256024328 0.9729957728 0.9881329328 0.9933724328 0.8471150328 0.8505220328 0.9986488328 1.0089308328 0.0809507828 0 0.8592648728 0.9933724328 0.9994057028 0.7707879728 0.7666128328 1.0181901328 1.0228630328 0.7597054328 0.6572913328 0.6570514628 0.7632893328 0.5020268328 0.7643954928 1.0054878328 0.8536327628 1.0028207328 1.0009215628 0.7630130328 1.0089308328
0.8336398328 0.9766597328 0.9711705628 0.9792351328 0.9759254628 0.5507818628 0.5460094328 0.9833001728 0.9922465828 0.8620968328 0.8592648728 0 1.0016807328 1.0139321328 0.8502117028 0.8406535028 0.9708060328 0.9788666328 0.8345509328 0.8555054328 0.8586369928 0.8366811328 0.8511431328 0.8379011928 0.9956292328 0.5470442928 0.9784984328 0.9986488328 0.8539445328 0.9748255328
0.9836708328 0.6214531328 0.6866492828 0.6876479328 0.6816758328 0.9885059828 0.9922465828 0.3630133728 0.3644733328 0.9881329328 0.9933724328 1.0016807328 0 0.0504277528 0.9978928328 0.9914970028 0.6265021328 0.6297328628 1.0073986328 1.0178021328 1.0185785328 1.0127749328 0.9877600828 1.0112350328 0.6959381328 0.9722651328 0.3419212628 0.3782381928 1.0005423028 0.6110047328
0.9821893728 0.6212244328 0.6849047728 0.6829160628 0.6787074328 1.0001632728 0.9975151028 0.3613945728 0.3615562828 0.9986488328 0.9994057028 1.0139321328 0.0504277528 0 1.0020605328 0.9960060328 0.6292705328 0.6336747328 1.0100820328 1.0147045328 1.0150909328 1.0178021328 0.9892525828 1.0166390328 0.6964435328 0.9833001728 0.3401900328 0.3774117328 0.9945000028 0.6103283328
0.5363504328 1.0154777328 1.0089308328 1.0100820328 1.0085474328 0.8580095928 0.8687466328 1.0039626328 1.0009215628 0.7693937028 0.7707879728 0.8502117028 0.9978928328 1.0020605328 0 0.0516037228 1.0303219328 1.0382542328 0.2160249128 0.7923070328 0.7946085328 0.2186939628 0.7646723028 0.2184266228 1.0201337328 0.8732128328 1.0035817328 1.0104661328 0.1921634428 1.0181901328
0.5402401328 1.0275652328 1.0070160328 1.0100820328 1.0039626328 0.8536327628 0.8662064328 1.0062516328 1.0039626328 0.7660578728 0.7666128328 0.8406535028 0.9914970028 0.9960060328 0.0516037228 0 1.0354684328 1.0394515328 0.2169580028 0.7885821328 0.7900125328 0.2194965228 0.7652262628 0.2192289128 1.0135462328 0.8703386328 0.9956292328 1.0116197328 0.1931964928 1.0330887328
1.0039626328 0.3221730528 0.6964435328 0.6944239928 0.6851537328 0.9997843728 1.0039626328 0.6180300328 0.6237439328 1.0123897328 1.0181901328 0.9708060328 0.6265021328 0.6292705328 1.0303219328 1.0354684328 0 0.0518177348 1.0406505328 1.0224726328 1.0232538328 1.0499073328 0.9990271328 1.0499073328 0.6992292328 0.9937480928 0.6123593628 0.6320491328 1.0338811328 0.3081852128
1.0073986328 0.3227871528 0.6972022328 0.6969492328 0.6836612328 1.0001632728 1.0047248328 0.6214531328 0.6283465828 1.0181901328 1.0228630328 0.9788666328 0.6297328628 0.6336747328 1.0382542328 1.0394515328 0.0518177348 0 1.0523411328 1.0346744328 1.0346744328 1.0613330328 1.0081643328 1.0613330328 0.6964435328 0.9892525828 0.6105537328 0.6364698028 1.0454659328 0.3074324028
0.5379857328 1.0295333328 1.0158646328 1.0150909328 1.0162517328 0.8539445328 0.8646231328 1.0131605328 1.0112350328 0.7564123328 0.7597054328 0.8345509328 1.0073986328 1.0100820328 0.2160249128 0.2169580028 1.0406505328 1.0523411328 0 0.7749865828 0.7738646328 0.0161838108 0.7643954928 0.0161838108 1.0240359328 0.8681107928 1.0123897328 1.0143182328 0.2142951228 1.0263870328
0.7649492328 1.0275652328 0.9986488328 1.0139321328 1.0158646328 0.8897112328 0.8809316328 1.0279585328 1.0291393328 0.6553743628 0.6572913328 0.8555054328 1.0178021328 1.0147045328 0.7923070328 0.7885821328 1.0224726328 1.0346744328 0.7749865828 0 0.00796260399999997 0.7882963028 0.6468082828 0.7885821328 1.0382542328 0.8744937928 1.0322971328 1.0342777328 0.7880106728 1.0244272328
0.7666128328 1.0283519328 0.9990271328 1.0139321328 1.0143182328 0.8877513028 0.8793169328 1.0291393328 1.0291393328 0.6544177728 0.6570514628 0.8586369928 1.0185785328 1.0150909328 0.7946085328 0.7900125328 1.0232538328 1.0346744328 0.7738646328 0.00796260399999997 0 0.7871543328 0.6449179328 0.7874396628 1.0378557328 0.8732128328 1.0338811328 1.0366611328 0.7877251328 1.0240359328
0.5392145728 1.0358658328 1.0181901328 1.0197446328 1.0201337328 0.8555054328 0.8693830328 1.0123897328 1.0123897328 0.7621847328 0.7632893328 0.8366811328 1.0127749328 1.0178021328 0.2186939628 0.2194965228 1.0499073328 1.0613330328 0.0161838108 0.7882963028 0.7871543328 0 0.7685583328 0.00193039999999997 1.0299275328 0.8703386328 1.0185785328 1.0150909328 0.2154922528 1.0322971328
0.7493265328 1.0108504328 0.9773946328 0.9978928328 0.9877600828 0.8461885628 0.8409599328 1.0150909328 1.0081643328 0.5033934328 0.5020268328 0.8511431328 0.9877600828 0.9892525828 0.7646723028 0.7652262628 0.9990271328 1.0081643328 0.7643954928 0.6468082828 0.6449179328 0.7685583328 0 0.7688366928 1.0054878328 0.8526982328 1.0054878328 1.0047248328 0.7597054328 1.0104661328
0.5388047328 1.0346744328 1.0178021328 1.0193557328 1.0197446328 0.8561306828 0.8697014628 1.0112350328 1.0108504328 0.7632893328 0.7643954928 0.8379011928 1.0112350328 1.0166390328 0.2184266228 0.2192289128 1.0499073328 1.0613330328 0.0161838108 0.7885821328 0.7874396628 0.00193039999999997 0.7688366928 0 1.0299275328 0.8706574628 1.0170264328 1.0131605328 0.2153591428 1.0315064328
0.9885059828 0.6964435328 0.4366869828 0.4429706828 0.4332977728 0.9896261928 0.9866426328 0.6851537328 0.6876479328 1.0024406328 1.0054878328 0.9956292328 0.6959381328 0.6964435328 1.0201337328 1.0135462328 0.6992292328 0.6964435328 1.0240359328 1.0382542328 1.0378557328 1.0299275328 1.0054878328 1.0299275328 0 1.0005423028 0.6816758328 0.7055992728 1.0236448328 0.7002448328
0.8468060728 0.9821893728 0.9792351328 0.9840416328 0.9671705328 0.3665871528 0.3622035628 0.9646361328 0.9733613928 0.8592648728 0.8536327628 0.5470442928 0.9722651328 0.9833001728 0.8732128328 0.8703386328 0.9937480928 0.9892525828 0.8681107928 0.8744937928 0.8732128328 0.8703386328 0.8526982328 0.8706574628 1.0005423028 0 0.9766597328 0.9844126928 0.8716147328 0.9840416328
0.9851552328 0.6031512828 0.6698722328 0.6774741028 0.6669501828 0.9933724328 0.9960060328 0.3626893328 0.3654481928 0.9997843728 1.0028207328 0.9784984328 0.3419212628 0.3401900328 1.0035817328 0.9956292328 0.6123593628 0.6105537328 1.0123897328 1.0322971328 1.0338811328 1.0185785328 1.0054878328 1.0170264328 0.6816758328 0.9766597328 0 0.3746086328 1.0178021328 0.6051628828
1.0201337328 0.6246621828 0.6911537828 0.6906519728 0.6851537328 0.9929970328 0.9858985728 0.3364267328 0.3392474528 1.0024406328 1.0009215628 0.9986488328 0.3782381928 0.3774117328 1.0104661328 1.0116197328 0.6320491328 0.6364698028 1.0143182328 1.0342777328 1.0366611328 1.0150909328 1.0047248328 1.0131605328 0.7055992728 0.9844126928 0.3746086328 0 1.0154777328 0.6244325328
0.5429132328 1.0299275328 1.0197446328 1.0139321328 1.0100820328 0.8598932828 0.8741733628 0.9994057028 0.9990271328 0.7572342328 0.7630130328 0.8539445328 1.0005423028 0.9945000028 0.1921634428 0.1931964928 1.0338811328 1.0454659328 0.2142951228 0.7880106728 0.7877251328 0.2154922528 0.7597054328 0.2153591428 1.0236448328 0.8716147328 1.0178021328 1.0154777328 0 1.0283519328
1.0066337328 0.1812741928 0.6898998328 0.6841584328 0.6757508328 0.9918717328 0.9952526328 0.6035978328 0.6074043728 1.0001632728 1.0089308328 0.9748255328 0.6110047328 0.6103283328 1.0181901328 1.0330887328 0.3081852128 0.3074324028 1.0263870328 1.0244272328 1.0240359328 1.0322971328 1.0104661328 1.0315064328 0.7002448328 0.9840416328 0.6051628828 0.6244325328 1.0283519328 0
