0 0.76651627 0.7607034 0.7585007 0.756853 0.98237044 0.9860852 0.97941184 0.7620833 0.9977191 0.7593259 0.35546857 0.761255 0.9924427 0.99169195 0.98237044 0.9898184 0.99169195 0.9946995 0.990942 0.9901927 0.7631891 0.982 0.7623596 0.35306293 0.36046484 0.354345 0.7629125 0.76651627 1.001891
0.76651627 0 0.12803192 0.60984945 0.6078228 1.01069 1.0133885 1.0072346 0.6171003 1.0453417 0.60647464 0.7690214 0.6121078 1.0118452 1.01146 1.0160967 1.0238891 1.0262426 1.0286036 1.0168724 1.0195932 0.22758764 1.0041765 0.22785859 0.7830931 0.7802575 0.76540554 0.22962219 0.22718139 1.0274222
0.7607034 0.12803192 0 0.61369276 0.60872287 1.0199828 1.0258498 1.0195932 0.6175558 1.0445362 0.6073731 0.7593259 0.6141462 1.0130024 1.018426 1.01146 1.0180373 1.0242808 1.0254573 1.0246727 1.0266355 0.22731678 1.0176488 0.2279941 0.76651627 0.7734957 0.7557565 0.22935058 0.22609913 1.0274222
0.7585007 0.60984945 0.61369276 0 0.10043431 0.9894442 0.9857129 0.9943229 0.10513652 1.0118452 0.10031999 0.7618071 0.102151215 0.9898184 0.9857129 0.9898184 0.99734104 1.0003713 1.000751 0.98645765 0.9857129 0.603562 0.9962078 0.6033384 0.7757428 0.76429653 0.76042765 0.60669917 0.60804766 1.0034139
0.756853 0.6078228 0.60872287 0.10043431 0 1.0060863 1.005704 1.01146 0.07139264 1.0246727 0.065695025 0.7690214 0.06875759 1.0053219 1.005704 1.0072346 1.014548 1.0053219 1.0091523 1.0034139 1.000751 0.5973268 1.0053219 0.5979924 0.7676286 0.76457363 0.7590508 0.6013292 0.60804766 1.0126165
0.98237044 1.01069 1.0199828 0.9894442 1.0060863 0 0.05206615 0.051316205 1.0072346 0.44330403 0.9924427 0.96406794 0.99847597 0.113815166 0.115796365 0.12165394 0.12141876 0.43916187 0.44402677 0.115796365 0.11719802 0.9939465 0.27367437 0.9920673 0.9894442 0.97941184 0.95615417 1.015322 0.9931942 0.4362938
0.9860852 1.0133885 1.0258498 0.9857129 1.005704 0.05206615 0 0.05067399 1.005704 0.44946945 0.99281836 0.9673296 0.9962078 0.11848517 0.1200092 0.12578164 0.12542693 0.4471061 0.44965157 0.11953994 0.12047876 1.0037951 0.27757347 1.002652 0.9898184 0.982 0.96190137 1.0180373 0.9950763 0.44024023
0.97941184 1.0072346 1.0195932 0.9943229 1.01146 0.051316205 0.05067399 0 1.0083846 0.44983372 0.9950763 0.96406794 1.0003713 0.115796365 0.11778281 0.123302296 0.12342017 0.4458366 0.44819596 0.11754884 0.118719436 1.0022715 0.27656063 1.0003713 0.99056727 0.9831119 0.9637064 1.0157093 0.9939465 0.44132015
0.7620833 0.6171003 0.6175558 0.10513652 0.07139264 1.0072346 1.005704 1.0083846 0 1.0141612 0.047897395 0.7737762 0.051316205 1.0068517 1.0083846 1.0037951 1.0126165 1.0022715 1.0049399 1.0011308 0.99923354 0.6040094 0.99658537 0.6049049 0.7737762 0.7687426 0.76346576 0.61142963 0.6121078 1.0060863
0.9977191 1.0453417 1.0445362 1.0118452 1.0246727 0.44330403 0.44946945 0.44983372 1.0141612 0 1.0130024 0.99658537 1.019204 0.44656178 0.44874147 0.45623696 0.4578924 0.045768525 0.046512943 0.44874147 0.44855958 1.0381224 0.4461991 1.0381224 0.9980974 0.98794943 0.97573 1.0457449 1.0203725 0.134345
0.7593259 0.60647464 0.6073731 0.10031999 0.065695025 0.9924427 0.99281836 0.9950763 0.047897395 1.0130024 0 0.76623845 0.041211817 0.9931942 0.99545324 0.9943229 1.000751 0.9977191 1.001891 0.9894442 0.98832285 0.5957761 0.9939465 0.5962188 0.77209455 0.75960124 0.7563045 0.603562 0.6046809 1.0053219
0.35546857 0.7690214 0.7593259 0.7618071 0.7690214 0.96406794 0.9673296 0.96406794 0.7737762 0.99658537 0.76623845 0 0.77041674 0.96769285 0.9651536 0.9698763 0.97720057 0.99131685 0.9920673 0.9727974 0.9738958 0.762636 0.9651536 0.7618071 0.31741637 0.32201102 0.31619588 0.762636 0.76790696 0.9838541
0.761255 0.6121078 0.6141462 0.102151215 0.06875759 0.99847597 0.9962078 1.0003713 0.051316205 1.019204 0.041211817 0.77041674 0 0.99658537 0.99923354 0.99658537 1.0049399 1.0049399 1.0087683 0.9920673 0.99056727 0.6037857 0.9924427 0.604457 0.7737762 0.762636 0.761255 0.60625017 0.6091733 1.0118452
0.9924427 1.0118452 1.0130024 0.9898184 1.0053219 0.113815166 0.11848517 0.115796365 1.0068517 0.44656178 0.9931942 0.96769285 0.99658537 0 0.026461361 0.1274391 0.12767617 0.44240162 0.44565544 0.042057484 0.043327775 0.99357027 0.27641606 0.9943229 0.98794943 0.97978103 0.96298385 1.0118452 0.98832285 0.4361149
0.99169195 1.01146 1.018426 0.9857129 1.005704 0.115796365 0.1200092 0.11778281 1.0083846 0.44874147 0.99545324 0.9651536 0.99923354 0.026461361 0 0.12910022 0.12921901 0.44420755 0.44692463 0.043751683 0.045449715 0.9943229 0.27800795 0.9950763 0.98794943 0.98125964 0.9593815 1.0126165 0.9898184 0.43700978
0.98237044 1.0160967 1.01146 0.9898184 1.0072346 0.12165394 0.12578164 0.123302296 1.0037951 0.45623696 0.9943229 0.9698763 0.99658537 0.1274391 0.12910022 0 0.020477012 0.45293704 0.45642072 0.12910022 0.12945665 0.9980974 0.27511612 0.9980974 0.97978103 0.97024083 0.9593815 1.0164845 0.9958304 0.44874147
0.9898184 1.0238891 1.0180373 0.99734104 1.014548 0.12141876 0.12542693 0.12342017 1.0126165 0.4578924 1.000751 0.97720057 1.0049399 0.12767617 0.12921901 0.020477012 0 0.45513538 0.45807657 0.1295755 0.130289 1.0083846 0.27627152 1.0091523 0.9924427 0.97978103 0.9698763 1.0282096 1.005704 0.44910538
0.99169195 1.0262426 1.0242808 1.0003713 1.0053219 0.43916187 0.4471061 0.4458366 1.0022715 0.045768525 0.9977191 0.99131685 1.0049399 0.44240162 0.44420755 0.45293704 0.45513538 0 0.012707041 0.44366533 0.44384602 1.0254573 0.44132015 1.0262426 0.99281836 0.9816297 0.9666036 1.0325551 1.0049399 0.13147967
0.9946995 1.0286036 1.0254573 1.000751 1.0091523 0.44402677 0.44965157 0.44819596 1.0049399 0.046512943 1.001891 0.9920673 1.0087683 0.44565544 0.44692463 0.45642072 0.45807657 0.012707041 0 0.44656178 0.4471061 1.0282096 0.44456926 1.0289978 0.9931942 0.98051995 0.9698763 1.033348 1.0083846 0.13350815
0.990942 1.0168724 1.0246727 0.98645765 1.0034139 0.115796365 0.11953994 0.11754884 1.0011308 0.44874147 0.9894442 0.9727974 0.9920673 0.042057484 0.043751683 0.12910022 0.1295755 0.44366533 0.44656178 0 0.0070328712 0.99923354 0.2774287 0.99734104 0.98645765 0.98645765 0.9673296 1.0164845 0.9894442 0.4400604
0.9901927 1.0195932 1.0266355 0.9857129 1.000751 0.11719802 0.12047876 0.118719436 0.99923354 0.44855958 0.98832285 0.9738958 0.99056727 0.043327775 0.045449715 0.12945665 0.130289 0.44384602 0.4471061 0.0070328712 0 0.99923354 0.27873266 0.99734104 0.9842255 0.9857129 0.9658782 1.0168724 0.98869646 0.44114006
0.7631891 0.22758764 0.22731678 0.603562 0.5973268 0.9939465 1.0037951 1.0022715 0.6040094 1.0381224 0.5957761 0.762636 0.6037857 0.99357027 0.9943229 0.9980974 1.0083846 1.0254573 1.0282096 0.99923354 0.99923354 0 0.9946995 0.0060241288 0.77041674 0.7760242 0.7587757 0.15091425 0.14143583 1.0262426
0.982 1.0041765 1.0176488 0.9962078 1.0053219 0.27367437 0.27757347 0.27656063 0.99658537 0.4461991 0.9939465 0.9651536 0.9924427 0.27641606 0.27800795 0.27511612 0.27627152 0.44132015 0.44456926 0.2774287 0.27873266 0.9946995 0 0.99281836 0.98237044 0.9801504 0.9568702 1.0099207 0.9901927 0.44114006
0.7623596 0.22785859 0.2279941 0.6033384 0.5979924 0.9920673 1.002652 1.0003713 0.6049049 1.0381224 0.5962188 0.7618071 0.604457 0.9943229 0.9950763 0.9980974 1.0091523 1.0262426 1.0289978 0.99734104 0.99734104 0.0060241288 0.99281836 0 0.7690214 0.7743376 0.75603044 0.15177076 0.14167738 1.0246727
0.35306293 0.7830931 0.76651627 0.7757428 0.7676286 0.9894442 0.9898184 0.99056727 0.7737762 0.9980974 0.77209455 0.31741637 0.7737762 0.98794943 0.98794943 0.97978103 0.9924427 0.99281836 0.9931942 0.98645765 0.9842255 0.77041674 0.98237044 0.7690214 0 0.24001622 0.23987852 0.76485085 0.761531 1.001891
0.36046484 0.7802575 0.7734957 0.76429653 0.76457363 0.97941184 0.982 0.9831119 0.7687426 0.98794943 0.75960124 0.32201102 0.762636 0.97978103 0.98125964 0.97024083 0.97978103 0.9816297 0.98051995 0.98645765 0.9857129 0.7760242 0.9801504 0.7743376 0.24001622 0 0.23507477 0.7746184 0.7706961 0.9898184
0.354345 0.76540554 0.7557565 0.76042765 0.7590508 0.95615417 0.96190137 0.9637064 0.76346576 0.97573 0.7563045 0.31619588 0.761255 0.96298385 0.9593815 0.9593815 0.9698763 0.9666036 0.9698763 0.9673296 0.9658782 0.7587757 0.9568702 0.75603044 0.23987852 0.23507477 0 0.75165886 0.75960124 0.97978103
0.7629125 0.22962219 0.22935058 0.60669917 0.6013292 1.015322 1.0180373 1.0157093 0.61142963 1.0457449 0.603562 0.762636 0.60625017 1.0118452 1.0126165 1.0164845 1.0282096 1.0325551 1.033348 1.0164845 1.0168724 0.15091425 1.0099207 0.15177076 0.76485085 0.7746184 0.75165886 0 0.15520664 1.0289978
0.76651627 0.22718139 0.22609913 0.60804766 0.60804766 0.9931942 0.9950763 0.9939465 0.6121078 1.0203725 0.6046809 0.76790696 0.6091733 0.98832285 0.9898184 0.9958304 1.005704 1.0049399 1.0083846 0.9894442 0.98869646 0.14143583 0.9901927 0.14167738 0.761531 0.7706961 0.75960124 0.15520664 0 1.0122308
1.001891 1.0274222 1.0274222 1.0034139 1.0126165 0.4362938 0.44024023 0.44132015 1.0060863 0.134345 1.0053219 0.9838541 1.0118452 0.4361149 0.43700978 0.44874147 0.44910538 0.13147967 0.13350815 0.4400604 0.44114006 1.0262426 0.44114006 1.0246727 1.001891 0.9898184 0.97978103 1.0289978 1.0122308 0
