0 0.8164965 0.8424862 0.80617183 0.4979826 0.4999276 0.81323624 0.9962078 0.9962078 0.8194727 0.82156307 0.32524413 0.8102846 0.81828076 0.8147164 0.37730846 0.3758215 1.0262426 1.019204 0.86337715 0.8555138 0.83301365 0.8468036 0.83180004 0.84402525 0.83149695 0.81087404 0.82186216 0.83788776 0.8156059
0.8164965 0 0.43862328 0.66504896 0.82485974 0.82305974 0.66286767 0.98125964 0.9920673 0.661417 0.22313097 0.814124 0.65540254 0.6506254 0.6568416 0.811759 0.8096957 0.9977191 0.99169195 0.4575242 0.44983372 0.2288077 0.44096002 0.22812964 0.4458366 0.47748062 0.1740121 0.47672495 0.47766966 0.14397594
0.8424862 0.43862328 0 0.65612173 0.8523914 0.84279376 0.6484856 0.9783054 0.9894442 0.65110177 0.43880278 0.8480418 0.654684 0.65253264 0.6520554 0.83788776 0.83697146 0.9790429 0.98125964 0.14143583 0.13746151 0.4463804 0.383953 0.4458366 0.3841199 0.47389796 0.44312346 0.47823706 0.48488855 0.43272406
0.80617183 0.66504896 0.65612173 0 0.8094014 0.8156059 0.12094861 0.9768326 0.98794943 0.122948766 0.6522939 0.81679356 0.12036134 0.123184435 0.12235993 0.80353975 0.8017901 0.98237044 0.98869646 0.6652917 0.6558819 0.661417 0.6802505 0.6606927 0.67065233 0.6580429 0.65110177 0.67114156 0.66796726 0.64991146
0.4979826 0.82485974 0.8523914 0.8094014 0 0.12838785 0.81087404 0.9768326 0.9775687 0.81738806 0.83697146 0.50070703 0.8191745 0.8263631 0.83028585 0.48089057 0.4846977 0.97426224 0.9706055 0.8684533 0.8599071 0.8388052 0.85707986 0.83727676 0.8530148 0.82998335 0.82156307 0.8351422 0.8437172 0.82186216
0.4999276 0.82305974 0.84279376 0.8156059 0.12838785 0 0.81768554 0.9753628 0.9790429 0.82156307 0.8251602 0.49372122 0.82186216 0.8275679 0.83089113 0.48108047 0.4841254 0.97720057 0.9779369 0.8530148 0.84711295 0.83180004 0.85363877 0.83089113 0.8489717 0.8272665 0.82156307 0.8293787 0.83697146 0.82276016
0.81323624 0.66286767 0.6484856 0.12094861 0.81087404 0.81768554 0 0.97206604 0.9872032 0.11428086 0.6542054 0.812645 0.11556301 0.11626329 0.11684736 0.79888314 0.79859304 0.9808897 0.9898184 0.6604514 0.65134007 0.6602102 0.6686986 0.6611755 0.65948707 0.65948707 0.6582834 0.67040783 0.66918653 0.6501494
0.9962078 0.98125964 0.9783054 0.9768326 0.9768326 0.9753628 0.97206604 0 0.0966709 0.97426224 0.9691478 1.0015109 0.97243166 0.97316337 0.9783054 0.98051995 0.9768326 0.29057157 0.28499424 0.9680563 0.96769285 0.97720057 0.9709704 0.9768326 0.97170067 0.97978103 0.97206604 0.982 0.97352946 0.9644296
0.9962078 0.9920673 0.9894442 0.98794943 0.9775687 0.9790429 0.9872032 0.0966709 0 0.9831119 0.982 1.0133885 0.98907024 0.98237044 0.990942 0.99056727 0.99131685 0.29455975 0.28821814 0.97941184 0.98051995 0.98645765 0.9860852 0.9860852 0.97499573 0.9872032 0.9816297 0.99923354 0.98237044 0.9775687
0.8194727 0.661417 0.65110177 0.122948766 0.81738806 0.82156307 0.11428086 0.97426224 0.9831119 0 0.6489606 0.8212641 0.064386316 0.06635024 0.06602256 0.80324787 0.8000446 0.97978103 0.98496884 0.6580429 0.64824826 0.6599691 0.67432946 0.65972805 0.65852404 0.6539662 0.6522939 0.66553456 0.66335183 0.6444604
0.82156307 0.22313097 0.43880278 0.6522939 0.83697146 0.8251602 0.6542054 0.9691478 0.982 0.6489606 0 0.81709075 0.65110177 0.64587855 0.6508636 0.8041238 0.80705124 1.0011308 0.99885464 0.45642072 0.44910538 0.05776878 0.44348466 0.056581646 0.4474692 0.4826014 0.22515345 0.48184055 0.48355353 0.21642852
0.32524413 0.814124 0.8480418 0.81679356 0.50070703 0.49372122 0.812645 1.0015109 1.0133885 0.8212641 0.81709075 0 0.8153093 0.8191745 0.82276016 0.38112187 0.37780476 1.0180373 1.0072346 0.8668633 0.8611671 0.83301365 0.85896355 0.83149695 0.8480418 0.83483773 0.8147164 0.80851924 0.8357514 0.81857854
0.8102846 0.65540254 0.654684 0.12036134 0.8191745 0.82186216 0.11556301 0.97243166 0.98907024 0.064386316 0.65110177 0.8153093 0 0.05120913 0.05046004 0.8020814 0.79888314 0.9764649 0.9842255 0.6602102 0.6530102 0.6590054 0.67163116 0.65876466 0.6616586 0.6506254 0.6475366 0.66093403 0.65660155 0.64351636
0.81828076 0.6506254 0.65253264 0.123184435 0.8263631 0.8275679 0.11626329 0.97316337 0.98237044 0.06635024 0.64587855 0.8191745 0.05120913 0 0.052173346 0.8020814 0.80091685 0.97978103 0.98757625 0.6582834 0.6484856 0.65372705 0.67040783 0.65372705 0.6619002 0.64967364 0.64824826 0.6582834 0.6570817 0.6444604
0.8147164 0.6568416 0.6520554 0.12235993 0.83028585 0.83089113 0.11684736 0.9783054 0.990942 0.06602256 0.6508636 0.82276016 0.05046004 0.052173346 0 0.81087404 0.8088132 0.98237044 0.990942 0.6575622 0.64991146 0.65876466 0.67383814 0.6582834 0.6592462 0.6515784 0.6494359 0.65948707 0.6568416 0.64328057
0.37730846 0.811759 0.83788776 0.80353975 0.48089057 0.48108047 0.79888314 0.98051995 0.99056727 0.80324787 0.8041238 0.38112187 0.8020814 0.8020814 0.81087404 0 0.048537236 1.0110749 1.0068517 0.8480418 0.84095025 0.8156059 0.8263631 0.81442016 0.8305884 0.8275679 0.8164965 0.82998335 0.84310144 0.80353975
0.3758215 0.8096957 0.83697146 0.8017901 0.4846977 0.4841254 0.79859304 0.9768326 0.99131685 0.8000446 0.80705124 0.37780476 0.79888314 0.80091685 0.8088132 0.048537236 0 1.0064689 1.0011308 0.84928197 0.84217876 0.81857854 0.82276016 0.81679356 0.8266641 0.8257614 0.81828076 0.8224607 0.8375822 0.80441606
1.0262426 0.9977191 0.9790429 0.98237044 0.97426224 0.97720057 0.9808897 0.29057157 0.29455975 0.97978103 1.0011308 1.0180373 0.9764649 0.97978103 0.98237044 1.0110749 1.0064689 0 0.05056701 0.98869646 0.98832285 1.0118452 0.97243166 1.0118452 0.9706055 1.0076177 0.9931942 1.0030329 1.001891 0.9816297
1.019204 0.99169195 0.98125964 0.98869646 0.9706055 0.9779369 0.9898184 0.28499424 0.28821814 0.98496884 0.99885464 1.0072346 0.9842255 0.98757625 0.990942 1.0068517 1.0011308 0.05056701 0 0.982 0.9816297 1.0053219 0.97206604 1.005704 0.9713354 0.9969631 0.98794943 1.0030329 0.9924427 0.9753628
0.86337715 0.4575242 0.14143583 0.6652917 0.8684533 0.8530148 0.6604514 0.9680563 0.97941184 0.6580429 0.45642072 0.8668633 0.6602102 0.6582834 0.6575622 0.8480418 0.84928197 0.98869646 0.982 0 0.042057484 0.46084443 0.3898157 0.4606596 0.392005 0.4846977 0.46010533 0.48660854 0.4943009 0.4489234
0.8555138 0.44983372 0.13746151 0.6558819 0.8599071 0.84711295 0.65134007 0.96769285 0.98051995 0.64824826 0.44910538 0.8611671 0.6530102 0.6484856 0.64991146 0.84095025 0.84217876 0.98832285 0.9816297 0.042057484 0 0.45330298 0.3856234 0.45312 0.38679487 0.47861555 0.45238847 0.48393473 0.48737422 0.44312346
0.83301365 0.2288077 0.4463804 0.661417 0.8388052 0.83180004 0.6602102 0.97720057 0.98645765 0.6599691 0.05776878 0.83301365 0.6590054 0.65372705 0.65876466 0.8156059 0.81857854 1.0118452 1.0053219 0.46084443 0.45330298 0 0.44983372 0.004312374 0.45642072 0.48450688 0.23193468 0.48660854 0.487949 0.2204428
0.8468036 0.44096002 0.383953 0.6802505 0.85707986 0.85363877 0.6686986 0.9709704 0.9860852 0.67432946 0.44348466 0.85896355 0.67163116 0.67040783 0.67383814 0.8263631 0.82276016 0.97243166 0.97206604 0.3898157 0.3856234 0.44983372 0 0.44855958 0.23767869 0.47823706 0.44078 0.47861555 0.47559288 0.43504247
0.83180004 0.22812964 0.4458366 0.6606927 0.83727676 0.83089113 0.6611755 0.9768326 0.9860852 0.65972805 0.056581646 0.83149695 0.65876466 0.65372705 0.6582834 0.81442016 0.81679356 1.0118452 1.005704 0.4606596 0.45312 0.004312374 0.44855958 0 0.45513538 0.48393473 0.2311177 0.48507947 0.48718274 0.2195042
0.84402525 0.4458366 0.3841199 0.67065233 0.8530148 0.8489717 0.65948707 0.97170067 0.97499573 0.65852404 0.4474692 0.8480418 0.6616586 0.6619002 0.6592462 0.8305884 0.8266641 0.9706055 0.9713354 0.392005 0.38679487 0.45642072 0.23767869 0.45513538 0 0.48051092 0.45019814 0.48146042 0.4820307 0.4458366
0.83149695 0.47748062 0.47389796 0.6580429 0.82998335 0.8272665 0.65948707 0.97978103 0.9872032 0.6539662 0.4826014 0.83483773 0.6506254 0.64967364 0.6515784 0.8275679 0.8257614 1.0076177 0.9969631 0.4846977 0.47861555 0.48450688 0.47823706 0.48393473 0.48051092 0 0.4746508 0.20136724 0.2033318 0.47352183
0.81087404 0.1740121 0.44312346 0.65110177 0.82156307 0.82156307 0.6582834 0.97206604 0.9816297 0.6522939 0.22515345 0.8147164 0.6475366 0.64824826 0.6494359 0.8164965 0.81828076 0.9931942 0.98794943 0.46010533 0.45238847 0.23193468 0.44078 0.2311177 0.45019814 0.4746508 0 0.47766966 0.47748062 0.17048919
0.82186216 0.47672495 0.47823706 0.67114156 0.8351422 0.8293787 0.67040783 0.982 0.99923354 0.66553456 0.48184055 0.80851924 0.66093403 0.6582834 0.65948707 0.82998335 0.8224607 1.0030329 1.0030329 0.48660854 0.48393473 0.48660854 0.47861555 0.48507947 0.48146042 0.20136724 0.47766966 0 0.17363384 0.46678358
0.83788776 0.47766966 0.48488855 0.66796726 0.8437172 0.83697146 0.66918653 0.97352946 0.98237044 0.66335183 0.48355353 0.8357514 0.65660155 0.6570817 0.6568416 0.84310144 0.8375822 1.001891 0.9924427 0.4943009 0.48737422 0.487949 0.47559288 0.48718274 0.4820307 0.2033318 0.47748062 0.17363384 0 0.4675293
0.8156059 0.14397594 0.43272406 0.64991146 0.82186216 0.82276016 0.6501494 0.9644296 0.9775687 0.6444604 0.21642852 0.81857854 0.64351636 0.6444604 0.64328057 0.80353975 0.80441606 0.9816297 0.9753628 0.4489234 0.44312346 0.2204428 0.43504247 0.2195042 0.4458366 0.47352183 0.17048919 0.46678358 0.4675293 0
