0 0.557001381 0.564371921 1.041057881 1.029952381 1.033899881 1.035881381 1.043058381 1.047478381 1.049092281 0.572885081 0.573527481 0.569468231 1.034295681 1.034295681 1.041857481 1.038664281 1.035881381 1.033108681 0.383424781 0.385089251 1.043459181 1.052330181 1.043860181 0.386256581 0.386256581 1.045466181 1.043860181 1.033504081 1.017071581
0.557001381 0 0.0988075809999999 1.004027681 1.006313181 1.008988381 1.019397081 1.006694781 1.014753181 1.012441981 0.0959690409999999 0.323686981 0.0958557209999999 1.009371281 1.010521281 1.002128511 0.999855781 0.996459581 0.996459581 0.569042181 0.570961151 1.006694781 1.014753181 1.006694781 0.566491181 0.564795281 1.018621181 1.004408181 1.008988381 0.992329381
0.564371921 0.0988075809999999 0 1.011673081 1.007840681 1.011288981 1.017458681 1.012826681 1.017071581 1.012057381 0.0888631909999999 0.327689441 0.0892000409999999 1.008988381 1.007840681 1.011673081 1.008988381 1.008605581 1.007458581 0.571388281 0.573741681 1.019785481 1.026025781 1.019785481 0.569894481 0.572029381 1.024851781 1.006694781 1.013981881 0.996459581
1.041057881 1.004027681 1.011673081 0 0.315745561 0.312259651 0.313924781 0.0663050969999999 0.256613851 0.255631721 1.012826681 1.041857481 1.018621181 0.313470311 0.312864721 0.0647815949999999 0.0646728909999999 0.250183261 0.249765771 1.043058381 1.049496281 0.252553381 0.262816911 0.252693001 1.031923481 1.049092281 0.253251881 0.245465381 0.312562111 0.304737001
1.029952381 1.006313181 1.007840681 0.315745561 0 0.0503539309999999 0.0525967209999999 0.316809721 0.316505481 0.314531211 1.017458681 1.030740281 1.022119481 0.0502472959999999 0.0503539309999999 0.314986351 0.315745561 0.309392161 0.309090941 1.035881381 1.037072781 0.310749061 0.315593661 0.311806141 1.025242881 1.044261281 0.311503981 0.303839331 0.150852941 0.146961261
1.033899881 1.008988381 1.011288981 0.312259651 0.0503539309999999 0 0.0473739309999999 0.312410861 0.314682901 0.313470311 1.019397081 1.028379281 1.024460781 0.0456763809999999 0.0456763809999999 0.311201931 0.311957281 0.308940381 0.309241541 1.041857481 1.043860181 0.311201931 0.316353441 0.312410861 1.030346281 1.048284881 0.311806141 0.304437681 0.149878131 0.143089651
1.035881381 1.019397081 1.017458681 0.313924781 0.0525967209999999 0.0473739309999999 0 0.314834631 0.317723041 0.316201421 1.024460781 1.037072781 1.031134481 0.0321284359999999 0.0320243649999999 0.312562111 0.314076381 0.311352941 0.311503981 1.046672881 1.048688481 0.313016061 0.316353441 0.313773281 1.033899881 1.045466181 0.314076381 0.306835741 0.152806391 0.146354991
1.043058381 1.006694781 1.012826681 0.0663050969999999 0.316809721 0.312410861 0.314834631 0 0.256894711 0.255071081 1.015911481 1.043459181 1.021340681 0.314227941 0.313470311 0.0273559759999999 0.0272525639999999 0.249348521 0.249348521 1.043860181 1.051114281 0.252134561 0.262816911 0.252553381 1.038664281 1.050304881 0.253391661 0.244497731 0.314379581 0.304288031
1.047478381 1.014753181 1.017071581 0.256613851 0.316505481 0.314682901 0.317723041 0.256894711 0 0.0236420759999999 1.027986481 1.049900381 1.033108681 0.315745561 0.314531211 0.252413721 0.253251881 0.127327251 0.126264511 1.058030581 1.063774581 0.128273181 0.269357241 0.128509841 1.045064281 1.065423781 0.121442101 0.109462317 0.314227941 0.310749061
1.049092281 1.012441981 1.012057381 0.255631721 0.314531211 0.313470311 0.316201421 0.255071081 0.0236420759999999 0 1.023679581 1.051114281 1.028772181 0.314531211 0.313470311 0.250600971 0.251715991 0.125792661 0.124614347 1.052330181 1.057621881 0.126854736 0.267788061 0.127327251 1.044261281 1.058848481 0.120270591 0.106468301 0.313773281 0.309392161
0.572885081 0.0959690409999999 0.0888631909999999 1.012826681 1.017458681 1.019397081 1.024460781 1.015911481 1.027986481 1.023679581 0 0.325531631 0.0233334129999999 1.019785481 1.020173981 1.015139081 1.012441981 1.017071581 1.016297881 0.578686581 0.580198021 1.026417481 1.029165481 1.025634181 0.575028511 0.578039741 1.028379281 1.012441981 1.020951581 1.007076581
0.573527481 0.323686981 0.327689441 1.041857481 1.030740281 1.028379281 1.037072781 1.043459181 1.049900381 1.051114281 0.325531631 0 0.325070031 1.027201681 1.027593981 1.044662681 1.039062681 1.033108681 1.030740281 0.574384841 0.575028511 1.039461181 1.049900381 1.039062681 0.581063081 0.575243181 1.045064281 1.037470281 1.029165481 1.013211581
0.569468231 0.0958557209999999 0.0892000409999999 1.018621181 1.022119481 1.024460781 1.031134481 1.021340681 1.033108681 1.028772181 0.0233334129999999 0.325070031 0 1.024460781 1.024851781 1.019009081 1.016684681 1.023679581 1.022119481 0.577824281 0.579333931 1.032318281 1.034295681 1.031923481 0.576102581 0.576532631 1.034295681 1.019009081 1.027201681 1.010904981
1.034295681 1.009371281 1.008988381 0.313470311 0.0502472959999999 0.0456763809999999 0.0321284359999999 0.314227941 0.315745561 0.314531211 1.019785481 1.027201681 1.024460781 0 0.0161671009999999 0.312562111 0.313773281 0.309844181 0.310145681 1.042657781 1.045064281 0.311957281 0.316049431 0.312713421 1.026417481 1.043058381 0.312713421 0.304288031 0.148782971 0.142486521
1.034295681 1.010521281 1.007840681 0.312864721 0.0503539309999999 0.0456763809999999 0.0320243649999999 0.313470311 0.314531211 0.313470311 1.020173981 1.027593981 1.024851781 0.0161671009999999 0 0.311806141 0.312864721 0.308338481 0.308639351 1.040658481 1.043058381 0.310296481 0.316201421 0.311050921 1.027986481 1.041857481 0.311201931 0.303839331 0.149878131 0.143693271
1.041857481 1.002128511 1.011673081 0.0647815949999999 0.314986351 0.311201931 0.312562111 0.0273559759999999 0.252413721 0.250600971 1.015139081 1.044662681 1.019009081 0.312562111 0.311806141 0 0.0127108749999999 0.244912281 0.245188781 1.043058381 1.049900381 0.248098181 0.260132021 0.248514731 1.037470281 1.051114281 0.250322461 0.241464631 0.314076381 0.304437681
1.038664281 0.999855781 1.008988381 0.0646728909999999 0.315745561 0.311957281 0.314076381 0.0272525639999999 0.253251881 0.251715991 1.012441981 1.039062681 1.016684681 0.313773281 0.312864721 0.0127108749999999 0 0.246157321 0.246434291 1.039062681 1.046270481 0.249487581 0.259568011 0.249626671 1.033899881 1.046270481 0.250183261 0.242841801 0.314076381 0.305635751
1.035881381 0.996459581 1.008605581 0.250183261 0.309392161 0.308940381 0.311352941 0.249348521 0.127327251 0.125792661 1.017071581 1.033108681 1.023679581 0.309844181 0.308338481 0.244912281 0.246157321 0 0.00977544979999986 1.031923481 1.038266081 0.0427148749999999 0.262675351 0.0422927549999999 1.020562681 1.039461181 0.122380625 0.116534011 0.305635751 0.300854861
1.033108681 0.996459581 1.007458581 0.249765771 0.309090941 0.309241541 0.311503981 0.249348521 0.126264511 0.124614347 1.016297881 1.030740281 1.022119481 0.310145681 0.308639351 0.245188781 0.246434291 0.00977544979999986 0 1.028379281 1.034691781 0.0422927549999999 0.262533821 0.0418708729999999 1.017458681 1.038266081 0.121911216 0.116068251 0.304886731 0.300408221
0.383424781 0.569042181 0.571388281 1.043058381 1.035881381 1.041857481 1.046672881 1.043860181 1.058030581 1.052330181 0.578686581 0.574384841 0.577824281 1.042657781 1.040658481 1.043058381 1.039062681 1.031923481 1.028379281 0 0.00725409999999986 1.039860081 1.059257681 1.039860081 0.249348521 0.252413721 1.053954481 1.039461181 1.042657781 1.017458681
0.385089251 0.570961151 0.573741681 1.049496281 1.037072781 1.043860181 1.048688481 1.051114281 1.063774581 1.057621881 0.580198021 0.575028511 0.579333931 1.045064281 1.043058381 1.049900381 1.046270481 1.038266081 1.034691781 0.00725409999999986 0 1.046270481 1.062539981 1.046270481 0.250322461 0.253112141 1.058439481 1.045466181 1.045466181 1.021340681
1.043459181 1.006694781 1.019785481 0.252553381 0.310749061 0.311201931 0.313016061 0.252134561 0.128273181 0.126854736 1.026417481 1.039461181 1.032318281 0.311957281 0.310296481 0.248098181 0.249487581 0.0427148749999999 0.0422927549999999 1.039860081 1.046270481 0 0.264092061 0.00594634029999986 1.029952381 1.047881581 0.123202797 0.118399971 0.308037681 0.303689841
1.052330181 1.014753181 1.026025781 0.262816911 0.315593661 0.316353441 0.316353441 0.262816911 0.269357241 0.267788061 1.029165481 1.049900381 1.034295681 0.316049431 0.316201421 0.260132021 0.259568011 0.262675351 0.262533821 1.059257681 1.062539981 0.264092061 0 0.264092061 1.046672881 1.058030581 0.264517581 0.257878481 0.314682901 0.310598181
1.043860181 1.006694781 1.019785481 0.252693001 0.311806141 0.312410861 0.313773281 0.252553381 0.128509841 0.127327251 1.025634181 1.039062681 1.031923481 0.312713421 0.311050921 0.248514731 0.249626671 0.0422927549999999 0.0418708729999999 1.039860081 1.046270481 0.00594634029999986 0.264092061 0 1.028772181 1.047478381 0.123555441 0.118633541 0.308338481 0.303839331
0.386256581 0.566491181 0.569894481 1.031923481 1.025242881 1.030346281 1.033899881 1.038664281 1.045064281 1.044261281 0.575028511 0.581063081 0.576102581 1.026417481 1.027986481 1.037470281 1.033899881 1.020562681 1.017458681 0.249348521 0.250322461 1.029952381 1.046672881 1.028772181 0 0.196085201 1.045868181 1.040658481 1.046270481 1.019009081
0.386256581 0.564795281 0.572029381 1.049092281 1.044261281 1.048284881 1.045466181 1.050304881 1.065423781 1.058848481 0.578039741 0.575243181 0.576532631 1.043058381 1.041857481 1.051114281 1.046270481 1.039461181 1.038266081 0.252413721 0.253112141 1.047881581 1.058030581 1.047478381 0.196085201 0 1.064598781 1.061718081 1.047478381 1.037470281
1.045466181 1.018621181 1.024851781 0.253251881 0.311503981 0.311806141 0.314076381 0.253391661 0.121442101 0.120270591 1.028379281 1.045064281 1.034295681 0.312713421 0.311201931 0.250322461 0.250183261 0.122380625 0.121911216 1.053954481 1.058439481 0.123202797 0.264517581 0.123555441 1.045868181 1.064598781 0 0.111079441 0.308488881 0.302345611
1.043860181 1.004408181 1.006694781 0.245465381 0.303839331 0.304437681 0.306835741 0.244497731 0.109462317 0.106468301 1.012441981 1.037470281 1.019009081 0.304288031 0.303839331 0.241464631 0.242841801 0.116534011 0.116068251 1.039461181 1.045466181 0.118399971 0.257878481 0.118633541 1.040658481 1.061718081 0.111079441 0 0.303839331 0.299218451
1.033504081 1.008988381 1.013981881 0.312562111 0.150852941 0.149878131 0.152806391 0.314379581 0.314227941 0.313773281 1.020951581 1.029165481 1.027201681 0.148782971 0.149878131 0.314076381 0.314076381 0.305635751 0.304886731 1.042657781 1.045466181 0.308037681 0.314682901 0.308338481 1.046270481 1.047478381 0.308488881 0.303839331 0 0.0981253569999999
1.017071581 0.992329381 0.996459581 0.304737001 0.146961261 0.143089651 0.146354991 0.304288031 0.310749061 0.309392161 1.007076581 1.013211581 1.010904981 0.142486521 0.143693271 0.304437681 0.305635751 0.300854861 0.300408221 1.017458681 1.021340681 0.303689841 0.310598181 0.303839331 1.019009081 1.037470281 0.302345611 0.299218451 0.0981253569999999 0
