0 0.7023701 0.71006244 1.01069 0.72700495 0.69097745 0.7005865 0.6982995 1.0215429 0.70903224 0.7129029 0.70466954 1.0223241 1.0168724 0.7013504 1.0238891 1.0262426 0.70748955 0.7098048 0.7087749 0.7049255 0.70543754 0.49876 0.7067194 0.48852423 1.0015109 0.71316165 0.9950763 0.721751 0.7062064
0.7023701 0 0.28748423 1.000751 0.31543407 0.52367 0.53134793 0.6626257 1.002652 0.68223464 0.6772841 0.4268709 1.0068517 0.99885464 0.3074061 1.01069 1.0099207 0.30891424 0.30966946 0.41651866 0.41843793 0.6623838 0.72384816 0.6677236 0.70109564 1.0022715 0.6922348 0.99357027 0.70288044 0.31741637
0.71006244 0.28748423 0 0.98757625 0.3163483 0.53134793 0.53114486 0.6767909 0.9924427 0.68571955 0.6852207 0.43290216 0.9901927 0.990942 0.3133051 0.99923354 0.9950763 0.3177218 0.3163483 0.41582194 0.4163444 0.6760516 0.7139384 0.6767909 0.697032 0.9958304 0.69576657 0.9808897 0.6982995 0.31986335
1.01069 1.000751 0.98757625 0 1.0015109 0.9894442 1.0015109 1.0246727 0.28836504 1.0207624 1.0223241 0.9977191 0.29071888 0.28821814 0.99131685 0.29057157 0.29071888 0.99131685 0.99658537 0.9939465 1.000751 1.0274222 1.0317632 1.0254573 1.0053219 0.42899403 0.99357027 0.33284268 1.0110749 0.99885464
0.72700495 0.31543407 0.3163483 1.0015109 0 0.5339927 0.5352165 0.68571955 1.0091523 0.68571955 0.68721807 0.43486387 1.0049399 1.0011308 0.27295452 1.014548 1.0103053 0.27482754 0.2749718 0.43005788 0.43076792 0.682483 0.7207046 0.6812419 0.71342045 0.98496884 0.7033912 0.98757625 0.7085177 0.32124332
0.69097745 0.52367 0.53134793 0.9894442 0.5339927 0 0.18174478 0.66553456 0.9962078 0.68173814 0.6864684 0.5186613 0.99999183 0.99281836 0.5346044 1.0003713 0.9920673 0.5391052 0.5358292 0.52608615 0.5266914 0.67555916 0.7005865 0.680994 0.6972853 0.9939465 0.6731017 0.990942 0.69198316 0.53094184
0.7005865 0.53134793 0.53114486 1.0015109 0.5352165 0.18174478 0 0.6677236 1.0203725 0.68571955 0.6882187 0.5258845 1.0223241 1.0188149 0.531551 1.0180373 1.0149349 0.5337889 0.53644234 0.52931976 0.5287124 0.6812419 0.7157541 0.6844731 0.7049255 1.0168724 0.68049824 0.98794943 0.70288044 0.53297436
0.6982995 0.6626257 0.6767909 1.0246727 0.68571955 0.66553456 0.6677236 0 1.0353336 0.16685782 0.17375991 0.6733471 1.0211525 1.030972 0.68049824 1.0349361 1.0377234 0.68198633 0.6832287 0.68149 0.684224 0.14761968 0.72332335 0.14835055 0.7026252 1.0282096 0.36826724 1.0219333 0.33299854 0.68571955
1.0215429 1.002652 0.9924427 0.28836504 1.0091523 0.9962078 1.0203725 1.0353336 0 1.0461482 1.0389212 1.0099207 0.14264435 0.14059103 0.99545324 0.124836154 0.12448191 0.99961257 1.0080011 1.0068517 1.0157093 1.049788 1.0258498 1.0505993 1.0164845 0.420187 1.0130024 0.32787165 1.0485728 1.0149349
0.70903224 0.68223464 0.68571955 1.0207624 0.68571955 0.68173814 0.68571955 0.16685782 1.0461482 0 0.11230365 0.69122875 1.0258498 1.0377234 0.6894714 1.0433295 1.0413225 0.6962725 0.6960195 0.69349426 0.69576657 0.17099145 0.7397667 0.17086585 0.7157541 1.0317632 0.37055832 1.0246727 0.34020412 0.69198316
0.7129029 0.6772841 0.6852207 1.0223241 0.68721807 0.6864684 0.6882187 0.17375991 1.0389212 0.11230365 0 0.69122875 1.0176488 1.0297868 0.6892207 1.0353336 1.0289978 0.69399863 0.6932422 0.6927383 0.695261 0.1732558 0.7354886 0.17413822 0.7129029 1.0337447 0.38178706 1.0238891 0.34320065 0.697032
0.70466954 0.4268709 0.43290216 0.9977191 0.43486387 0.5186613 0.5258845 0.6733471 1.0099207 0.69122875 0.69122875 0 1.0211525 1.0211525 0.43094555 1.019204 1.0219333 0.43539977 0.42988047 0.42563516 0.42740113 0.675067 0.714716 0.67926043 0.68796843 1.001891 0.6907262 0.9838541 0.69779223 0.42810866
1.0223241 1.0068517 0.9901927 0.29071888 1.0049399 0.99999183 1.0223241 1.0211525 0.14264435 1.0258498 1.0176488 1.0211525 0 0.072493315 0.9872032 0.14010872 0.14143583 0.9962078 0.9977191 1.0015109 1.01146 1.032159 1.0317632 1.0329514 1.0083846 0.41321507 0.9980974 0.33113015 1.0301816 1.01069
1.0168724 0.99885464 0.990942 0.28821814 1.0011308 0.99281836 1.0188149 1.030972 0.14059103 1.0377234 1.0297868 1.0211525 0.072493315 0 0.9845971 0.13890429 0.1408323 0.9894442 0.9962078 1.0091523 1.0180373 1.0401208 1.0238891 1.0421246 1.0168724 0.41269478 0.99734104 0.32756203 1.0409217 1.01146
0.7013504 0.3074061 0.3133051 0.99131685 0.27295452 0.5346044 0.531551 0.68049824 0.99545324 0.6894714 0.6892207 0.43094555 0.9872032 0.9845971 0 0.99357027 0.9924427 0.06788129 0.06875759 0.41826323 0.41686726 0.68298006 0.7126442 0.68149 0.6955138 0.99281836 0.6960195 0.9838541 0.7005865 0.31421676
1.0238891 1.01069 0.99923354 0.29057157 1.014548 1.0003713 1.0180373 1.0349361 0.124836154 1.0433295 1.0353336 1.019204 0.14010872 0.13890429 0.99357027 0 0.055181086 0.9958304 1.0080011 1.0095364 1.0231062 1.0377234 1.0297868 1.042526 1.0164845 0.41651866 1.0118452 0.3267886 1.0373245 1.0195932
1.0262426 1.0099207 0.9950763 0.29071888 1.0103053 0.9920673 1.0149349 1.0377234 0.12448191 1.0413225 1.0289978 1.0219333 0.14143583 0.1408323 0.9924427 0.055181086 0 0.99545324 1.0060863 1.0126165 1.0219333 1.0389212 1.0286036 1.0417235 1.0286036 0.41913706 1.0122308 0.32756203 1.0357314 1.0180373
0.70748955 0.30891424 0.3177218 0.99131685 0.27482754 0.5391052 0.5337889 0.68198633 0.99961257 0.6962725 0.69399863 0.43539977 0.9962078 0.9894442 0.06788129 0.9958304 0.99545324 0 0.053675707 0.42281827 0.42299402 0.682483 0.71445674 0.68298006 0.6998234 1.0049399 0.695261 0.9946995 0.695261 0.31619588
0.7098048 0.30966946 0.3163483 0.99658537 0.2749718 0.5358292 0.53644234 0.6832287 1.0080011 0.6960195 0.6932422 0.42988047 0.9977191 0.9962078 0.06875759 1.0080011 1.0060863 0.053675707 0 0.4215892 0.42036211 0.68173814 0.71367943 0.682483 0.69804585 1.0118452 0.6972853 0.990942 0.70160514 0.31589106
0.7087749 0.41651866 0.41582194 0.9939465 0.43005788 0.52608615 0.52931976 0.68149 1.0068517 0.69349426 0.6927383 0.42563516 1.0015109 1.0091523 0.41826323 1.0095364 1.0126165 0.42281827 0.4215892 0 0.044387996 0.68049824 0.7259512 0.68173814 0.6947558 0.9962078 0.69122875 0.9931942 0.7005865 0.42229128
0.7049255 0.41843793 0.4163444 1.000751 0.43076792 0.5266914 0.5287124 0.684224 1.0157093 0.69576657 0.695261 0.42740113 1.01146 1.0180373 0.41686726 1.0231062 1.0219333 0.42299402 0.42036211 0.044387996 0 0.684224 0.7235857 0.68571955 0.6889701 1.0003713 0.6894714 1.0060863 0.6962725 0.4242254
0.70543754 0.6623838 0.6760516 1.0274222 0.682483 0.67555916 0.6812419 0.14761968 1.049788 0.17099145 0.1732558 0.675067 1.032159 1.0401208 0.68298006 1.0377234 1.0389212 0.682483 0.68173814 0.68049824 0.684224 0 0.7320306 0.022123104 0.7110941 1.042526 0.37417278 1.032159 0.33706275 0.69022405
0.49876 0.72384816 0.7139384 1.0317632 0.7207046 0.7005865 0.7157541 0.72332335 1.0258498 0.7397667 0.7354886 0.714716 1.0317632 1.0238891 0.7126442 1.0297868 1.0286036 0.71445674 0.71367943 0.7259512 0.7235857 0.7320306 0 0.732296 0.4147781 1.0429276 0.7293813 1.0149349 0.7330929 0.7193987
0.7067194 0.6677236 0.6767909 1.0254573 0.6812419 0.680994 0.6844731 0.14835055 1.0505993 0.17086585 0.17413822 0.67926043 1.0329514 1.0421246 0.68149 1.042526 1.0417235 0.68298006 0.682483 0.68173814 0.68571955 0.022123104 0.732296 0 0.7098048 1.0393208 0.3731853 1.0349361 0.33800378 0.69022405
0.48852423 0.70109564 0.697032 1.0053219 0.71342045 0.6972853 0.7049255 0.7026252 1.0164845 0.7157541 0.7129029 0.68796843 1.0083846 1.0168724 0.6955138 1.0164845 1.0286036 0.6998234 0.69804585 0.6947558 0.6889701 0.7110941 0.4147781 0.7098048 0 1.018426 0.7139384 0.99056727 0.72253674 0.6998234
1.0015109 1.0022715 0.9958304 0.42899403 0.98496884 0.9939465 1.0168724 1.0282096 0.420187 1.0317632 1.0337447 1.001891 0.41321507 0.41269478 0.99281836 0.41651866 0.41913706 1.0049399 1.0118452 0.9962078 1.0003713 1.042526 1.0429276 1.0393208 1.018426 0 1.0110749 0.41529983 1.0385218 1.0037951
0.71316165 0.6922348 0.69576657 0.99357027 0.7033912 0.6731017 0.68049824 0.36826724 1.0130024 0.37055832 0.38178706 0.6907262 0.9980974 0.99734104 0.6960195 1.0118452 1.0122308 0.695261 0.6972853 0.69122875 0.6894714 0.37417278 0.7293813 0.3731853 0.7139384 1.0110749 0 1.0076177 0.38512188 0.7087749
0.9950763 0.99357027 0.9808897 0.33284268 0.98757625 0.990942 0.98794943 1.0219333 0.32787165 1.0246727 1.0238891 0.9838541 0.33113015 0.32756203 0.9838541 0.3267886 0.32756203 0.9946995 0.990942 0.9931942 1.0060863 1.032159 1.0149349 1.0349361 0.99056727 0.41529983 1.0076177 0 1.0293922 0.9939465
0.721751 0.70288044 0.6982995 1.0110749 0.7085177 0.69198316 0.70288044 0.33299854 1.0485728 0.34020412 0.34320065 0.69779223 1.0301816 1.0409217 0.7005865 1.0373245 1.0357314 0.695261 0.70160514 0.7005865 0.6962725 0.33706275 0.7330929 0.33800378 0.72253674 1.0385218 0.38512188 1.0293922 0 0.7082605
0.7062064 0.31741637 0.31986335 0.99885464 0.32124332 0.53094184 0.53297436 0.68571955 1.0149349 0.69198316 0.697032 0.42810866 1.01069 1.01146 0.31421676 1.0195932 1.0180373 0.31619588 0.31589106 0.42229128 0.4242254 0.69022405 0.7193987 0.69022405 0.6998234 1.0037951 0.7087749 0.9939465 0.7082605 0
