0 0.22677536 0.23493797 0.57762915 0.582614 0.4628807 0.37269205 0.13890429 0.13830279 0.37863266 0.24776822 1.0064689 0.37219912 0.3702306 0.24818578 0.5761186 0.5754721 0.46548036 0.4630661 0.24651696 0.24651696 1.0103053 1.0103053 1.0091523 1.01146 0.46195444 0.58807015 0.585228 1.0003713 0.99999183
0.22677536 0 0.09383236 0.5649914 0.56584156 0.45348603 0.36208364 0.23166226 0.23166226 0.366472 0.23193468 0.98237044 0.3617596 0.36127383 0.23084556 0.5643545 0.56584156 0.45421863 0.45476854 0.2285364 0.22812964 0.9853408 0.99131685 0.9831119 0.9860852 0.45111 0.5810934 0.5756876 0.97609735 0.9857129
0.23493797 0.09383236 0 0.5769814 0.5774132 0.46585247 0.36451846 0.24111876 0.23905283 0.3702306 0.24194673 0.9962078 0.36582026 0.36565742 0.2420848 0.5763342 0.5750415 0.4647367 0.46380812 0.24139464 0.24056728 0.9943229 0.99885464 0.99281836 0.9943229 0.46325153 0.58697575 0.58413774 0.990942 1.0037951
0.57762915 0.5649914 0.5769814 0 0.07348531 0.5929046 0.58763224 0.58304906 0.5784937 0.5955548 0.59533364 0.97243166 0.5839199 0.58544624 0.5971051 0.48070073 0.48184055 0.5957761 0.5926842 0.58982456 0.59224355 0.9894442 0.99961257 0.9898184 0.99281836 0.5962188 0.4921776 0.49294904 0.9901927 1.0003713
0.582614 0.56584156 0.5774132 0.07348531 0 0.5966618 0.58828926 0.59004414 0.58588296 0.59533364 0.593787 0.9845971 0.5847917 0.58675706 0.59444946 0.4788049 0.48355353 0.5982144 0.5948914 0.58653843 0.58960503 1.0015109 1.0076177 1.0015109 1.0049399 0.60244477 0.4856525 0.48890796 0.99961257 1.0091523
0.4628807 0.45348603 0.46585247 0.5929046 0.5966618 0 0.47220686 0.46343702 0.466411 0.4769138 0.4718316 1.0313674 0.47352183 0.46939683 0.46808907 0.5926842 0.5957761 0.078354016 0.07657991 0.46864927 0.46771583 1.0297868 1.0091523 1.0282096 1.018426 0.1200092 0.5902638 0.58588296 1.01146 1.0223241
0.37269205 0.36208364 0.36451846 0.58763224 0.58828926 0.47220686 0 0.37780476 0.3743375 0.07514155 0.3812881 0.9920673 0.06908647 0.07018376 0.38112187 0.57590306 0.5778452 0.47108158 0.46920985 0.3821199 0.38078952 0.9943229 0.99923354 0.9920673 1.000751 0.46883607 0.58588296 0.58807015 0.9845971 0.99961257
0.13890429 0.23166226 0.24111876 0.58304906 0.59004414 0.46343702 0.37780476 0 0.073595606 0.3812881 0.24957931 1.0068517 0.37483186 0.37269205 0.25083572 0.5769814 0.5756876 0.466411 0.46325153 0.2493004 0.24916099 1.0087683 1.0011308 1.0068517 1.0015109 0.4628807 0.5911431 0.58588296 0.990942 0.9977191
0.13830279 0.23166226 0.23905283 0.5784937 0.58588296 0.466411 0.3743375 0.073595606 0 0.37598658 0.2504167 1.0203725 0.37055832 0.3697393 0.25139478 0.5711766 0.5711766 0.46883607 0.46548036 0.2504167 0.24957931 1.0188149 1.0122308 1.0172604 1.0103053 0.4628807 0.5856646 0.57979244 0.9962078 1.0072346
0.37863266 0.366472 0.3702306 0.5955548 0.59533364 0.4769138 0.07514155 0.3812881 0.37598658 0 0.38478774 1.0003713 0.055181086 0.05593491 0.3836194 0.58850837 0.5911431 0.47559288 0.47370988 0.38345262 0.38228634 1.000751 1.005704 0.99885464 1.01146 0.4714565 0.5984365 0.5982144 0.9980974 1.0034139
0.24776822 0.23193468 0.24194673 0.59533364 0.593787 0.4718316 0.3812881 0.24957931 0.2504167 0.38478774 0 1.0087683 0.37615168 0.3781358 0.05884963 0.59599745 0.5955548 0.46883607 0.46864927 0.05712102 0.05593491 1.0053219 1.0110749 1.0030329 1.0164845 0.47559288 0.604457 0.60244477 1.0003713 1.01069
1.0064689 0.98237044 0.9962078 0.97243166 0.9845971 1.0313674 0.9920673 1.0068517 1.0203725 1.0003713 1.0087683 0 0.9901927 0.98496884 1.0122308 0.98051995 0.9860852 1.0413225 1.0413225 1.0122308 1.0087683 0.124718055 0.43219006 0.12389187 0.42988047 1.0262426 1.0015109 0.99169195 0.43112323 0.43808508
0.37219912 0.3617596 0.36582026 0.5839199 0.5847917 0.47352183 0.06908647 0.37483186 0.37055832 0.055181086 0.37615168 0.9901927 0 0.045768525 0.37730846 0.5754721 0.57762915 0.46958384 0.46696994 0.37598658 0.3743375 0.99658537 0.9924427 0.9946995 0.99847597 0.46659726 0.58916616 0.58828926 0.9842255 0.9950763
0.3702306 0.36127383 0.36565742 0.58544624 0.58675706 0.46939683 0.07018376 0.37269205 0.3697393 0.05593491 0.3781358 0.98496884 0.045768525 0 0.3794615 0.57762915 0.58174473 0.46846247 0.4662248 0.37797028 0.37697777 0.990942 0.99545324 0.98832285 0.99885464 0.46678358 0.591363 0.58960503 0.99131685 0.99658537
0.24818578 0.23084556 0.2420848 0.5971051 0.59444946 0.46808907 0.38112187 0.25083572 0.25139478 0.3836194 0.05884963 1.0122308 0.37730846 0.3794615 0 0.593787 0.5920233 0.46678358 0.46790242 0.047684237 0.046406552 1.0060863 1.0087683 1.0030329 1.014548 0.47220686 0.59932536 0.6026681 0.9962078 1.0064689
0.5761186 0.5643545 0.5763342 0.48070073 0.4788049 0.5926842 0.57590306 0.5769814 0.5711766 0.58850837 0.59599745 0.98051995 0.5754721 0.57762915 0.593787 0 0.040578194 0.5979924 0.5935663 0.58807015 0.58653843 0.98869646 0.99961257 0.98794943 0.98683035 0.5902638 0.24762909 0.24499045 0.97978103 0.9977191
0.5754721 0.56584156 0.5750415 0.48184055 0.48355353 0.5957761 0.5778452 0.5756876 0.5711766 0.5911431 0.5955548 0.9860852 0.57762915 0.58174473 0.5920233 0.040578194 0 0.6008834 0.5964403 0.58675706 0.58653843 0.9943229 0.99169195 0.9943229 0.9853408 0.593787 0.25027704 0.24721184 0.9801504 0.99545324
0.46548036 0.45421863 0.4647367 0.5957761 0.5982144 0.078354016 0.47108158 0.466411 0.46883607 0.47559288 0.46883607 1.0413225 0.46958384 0.46846247 0.46678358 0.5979924 0.6008834 0 0.023463218 0.4656664 0.46455088 1.0389212 1.019204 1.0373245 1.0215429 0.12036134 0.5955548 0.59422857 1.0164845 1.0282096
0.4630661 0.45476854 0.46380812 0.5926842 0.5948914 0.07657991 0.46920985 0.46325153 0.46548036 0.47370988 0.46864927 1.0413225 0.46696994 0.4662248 0.46790242 0.5935663 0.5964403 0.023463218 0 0.4675293 0.4662248 1.0373245 1.0172604 1.0357314 1.0223241 0.11789983 0.5915831 0.5907033 1.0130024 1.0270288
0.24651696 0.2285364 0.24139464 0.58982456 0.58653843 0.46864927 0.3821199 0.2493004 0.2504167 0.38345262 0.05712102 1.0122308 0.37598658 0.37797028 0.047684237 0.58807015 0.58675706 0.4656664 0.4675293 0 0.021299606 1.0041765 1.0087683 1.001891 1.0180373 0.47220686 0.5982144 0.6008834 1.0049399 1.0122308
0.24651696 0.22812964 0.24056728 0.59224355 0.58960503 0.46771583 0.38078952 0.24916099 0.24957931 0.38228634 0.05593491 1.0087683 0.3743375 0.37697777 0.046406552 0.58653843 0.58653843 0.46455088 0.4662248 0.021299606 0 0.9980974 1.005704 0.9958304 1.0126165 0.4714565 0.5968834 0.6002153 1.0011308 1.0095364
1.0103053 0.9853408 0.9943229 0.9894442 1.0015109 1.0297868 0.9943229 1.0087683 1.0188149 1.000751 1.0053219 0.124718055 0.99658537 0.990942 1.0060863 0.98869646 0.9943229 1.0389212 1.0373245 1.0041765 0.9980974 0 0.44928738 0.0037091568 0.44674316 1.025065 1.0141612 1.0041765 0.442582 0.45056275
1.0103053 0.99131685 0.99885464 0.99961257 1.0076177 1.0091523 0.99923354 1.0011308 1.0122308 1.005704 1.0110749 0.43219006 0.9924427 0.99545324 1.0087683 0.99961257 0.99169195 1.019204 1.0172604 1.0087683 1.005704 0.44928738 0 0.4489234 0.11860229 1.0076177 1.0188149 1.001891 0.15103655 0.15594494
1.0091523 0.9831119 0.99281836 0.9898184 1.0015109 1.0282096 0.9920673 1.0068517 1.0172604 0.99885464 1.0030329 0.12389187 0.9946995 0.98832285 1.0030329 0.98794943 0.9943229 1.0373245 1.0357314 1.001891 0.9958304 0.0037091568 0.4489234 0 0.44601783 1.0234975 1.0126165 1.002652 0.4418607 0.4500159
1.01146 0.9860852 0.9943229 0.99281836 1.0049399 1.018426 1.000751 1.0015109 1.0103053 1.01146 1.0164845 0.42988047 0.99847597 0.99885464 1.014548 0.98683035 0.9853408 1.0215429 1.0223241 1.0180373 1.0126165 0.44674316 0.11860229 0.44601783 0 1.0137748 1.01146 0.9939465 0.14725451 0.15348673
0.46195444 0.45111 0.46325153 0.5962188 0.60244477 0.1200092 0.46883607 0.4628807 0.4628807 0.4714565 0.47559288 1.0262426 0.46659726 0.46678358 0.47220686 0.5902638 0.593787 0.12036134 0.11789983 0.47220686 0.4714565 1.025065 1.0076177 1.0234975 1.0137748 0 0.5926842 0.58807015 1.0076177 1.0103053
0.58807015 0.5810934 0.58697575 0.4921776 0.4856525 0.5902638 0.58588296 0.5911431 0.5856646 0.5984365 0.604457 1.0015109 0.58916616 0.591363 0.59932536 0.24762909 0.25027704 0.5955548 0.5915831 0.5982144 0.5968834 1.0141612 1.0188149 1.0126165 1.01146 0.5926842 0 0.10998418 1.01146 1.0207624
0.585228 0.5756876 0.58413774 0.49294904 0.48890796 0.58588296 0.58807015 0.58588296 0.57979244 0.5982144 0.60244477 0.99169195 0.58828926 0.58960503 0.6026681 0.24499045 0.24721184 0.59422857 0.5907033 0.6008834 0.6002153 1.0041765 1.001891 1.002652 0.9939465 0.58807015 0.10998418 0 0.99169195 1.005704
1.0003713 0.97609735 0.990942 0.9901927 0.99961257 1.01146 0.9845971 0.990942 0.9962078 0.9980974 1.0003713 0.43112323 0.9842255 0.99131685 0.9962078 0.97978103 0.9801504 1.0164845 1.0130024 1.0049399 1.0011308 0.442582 0.15103655 0.4418607 0.14725451 1.0076177 1.01146 0.99169195 0 0.1130009
0.99999183 0.9857129 1.0037951 1.0003713 1.0091523 1.0223241 0.99961257 0.9977191 1.0072346 1.0034139 1.01069 0.43808508 0.9950763 0.99658537 1.0064689 0.9977191 0.99545324 1.0282096 1.0270288 1.0122308 1.0095364 0.45056275 0.15594494 0.4500159 0.15348673 1.0103053 1.0207624 1.005704 0.1130009 0
