0 1.0041765 0.6318157 0.6998234 1.0199828 0.702115 0.6965256 0.7051815 0.6193806 0.6255724 1.0103053 0.9943229 1.005704 0.9958304 0.99847597 1.015322 0.99734104 0.99131685 1.002652 1.001891 0.99545324 1.0095364 0.6899731 1.0045581 0.62373245 0.99734104 0.62189704 0.6171003 0.6318157 0.98125964
1.0041765 0 1.0080011 0.99545324 0.2124356 0.9857129 0.9931942 1.0022715 1.0015109 0.9958304 0.21097685 0.45129248 0.2124356 0.48660854 0.4960426 0.47033232 0.47051957 0.46585247 0.46920985 0.2243438 0.22515345 0.21456252 0.9898184 0.21336539 0.97573 0.4452932 1.0068517 0.99545324 0.99545324 0.30035818
0.6318157 1.0080011 0 0.69779223 1.0060863 0.6960195 0.70288044 0.70033205 0.20833181 0.21270114 0.99999183 0.9901927 1.0072346 1.0015109 1.0041765 1.018426 1.0022715 0.98757625 1.0157093 0.9980974 1.0037951 1.0072346 0.69198316 1.0041765 0.4458366 0.99923354 0.50422454 0.48450688 0.497206 0.98348296
0.6998234 0.99545324 0.69779223 0 0.9946995 0.20149805 0.19641328 0.20241436 0.6877182 0.69399863 0.99131685 0.98237044 1.0022715 0.9977191 0.99999183 1.0083846 0.9980974 0.99131685 0.9939465 1.0080011 1.0015109 0.9898184 0.44366533 0.98496884 0.6947558 0.9669665 0.6945033 0.6849714 0.6827315 0.990942
1.0199828 0.2124356 1.0060863 0.9946995 0 0.9872032 0.99281836 1.0034139 1.0095364 1.005704 0.19797416 0.45623696 0.19771379 0.4915996 0.497012 0.47918367 0.47804788 0.47559288 0.4771027 0.23002975 0.2312538 0.18634602 1.01146 0.18544912 0.9845971 0.44384602 0.9980974 1.001891 0.9943229 0.30650267
0.702115 0.9857129 0.6960195 0.20149805 0.9872032 0 0.18161736 0.187244 0.6887196 0.6945033 0.99169195 0.9816297 1.0045581 0.9827411 0.99357027 1.0030329 0.99169195 0.97867405 0.98683035 0.98051995 0.9768326 0.9764649 0.4454743 0.9738958 0.6849714 0.97499573 0.6945033 0.6892207 0.6889701 0.97206604
0.6965256 0.9931942 0.70288044 0.19641328 0.99281836 0.18161736 0 0.15030305 0.69173163 0.69855326 0.9950763 0.9790429 1.0034139 1.0041765 1.0080011 1.0188149 1.0110749 0.99734104 1.0045581 0.99357027 0.9924427 0.98051995 0.43736804 0.97867405 0.6960195 0.98757625 0.7005865 0.69173163 0.6832287 0.9816297
0.7051815 1.0022715 0.70033205 0.20241436 1.0034139 0.187244 0.15030305 0 0.6937464 0.7018601 1.0064689 1.0041765 1.0215429 1.0030329 1.0110749 1.018426 1.005704 0.99961257 1.0041765 1.0091523 1.0045581 0.9939465 0.44294295 0.9939465 0.69804585 0.9939465 0.69956917 0.6849714 0.6854701 1.0022715
0.6193806 1.0015109 0.20833181 0.6877182 1.0095364 0.6887196 0.69173163 0.6937464 0 0.12578164 0.99658537 0.97170067 1.0068517 0.99734104 1.0076177 1.000751 0.98907024 0.98237044 0.9958304 0.9969631 1.0060863 1.0164845 0.6832287 1.0118452 0.43862328 0.98907024 0.48948392 0.48127043 0.4890999 0.97867405
0.6255724 0.9958304 0.21270114 0.69399863 1.005704 0.6945033 0.69855326 0.7018601 0.12578164 0 0.9946995 0.98125964 1.0022715 0.99961257 1.0103053 0.99923354 0.98348296 0.98237044 1.0011308 0.99885464 1.0072346 1.0122308 0.6844731 1.0099207 0.44168046 1.001891 0.496818 0.48355353 0.49006033 0.9845971
1.0103053 0.21097685 0.99999183 0.99131685 0.19797416 0.99169195 0.9950763 1.0064689 0.99658537 0.9946995 0 0.45312 0.12530875 0.48948392 0.49623638 0.4673428 0.46808907 0.46548036 0.47051957 0.22609913 0.22704603 0.19589372 0.9943229 0.19433716 0.9557965 0.44204095 0.97978103 0.9842255 0.98683035 0.308009
0.9943229 0.45129248 0.9901927 0.98237044 0.45623696 0.9816297 0.9790429 1.0041765 0.97170067 0.98125964 0.45312 0 0.46010533 0.47994182 0.48279172 0.45807657 0.45184028 0.44855958 0.45238847 0.46251008 0.4647367 0.45826077 0.9939465 0.45623696 0.9604604 0.42598802 0.982 0.9713354 0.9845971 0.44874147
1.005704 0.2124356 1.0072346 1.0022715 0.19771379 1.0045581 1.0034139 1.0215429 1.0068517 1.0022715 0.12530875 0.46010533 0 0.496818 0.5003172 0.472958 0.47333384 0.46977088 0.47389796 0.23002975 0.23002975 0.19563407 1.0072346 0.19446675 0.9746289 0.44475016 0.9845971 0.9853408 0.99961257 0.30424884
0.9958304 0.48660854 1.0015109 0.9977191 0.4915996 0.9827411 1.0041765 1.0030329 0.99734104 0.99961257 0.48948392 0.47994182 0.496818 0 0.12436386 0.5005121 0.50129217 0.49372122 0.49856558 0.4890999 0.4917922 0.49082956 0.99131685 0.4890999 0.9658782 0.47559288 0.98051995 0.97243166 0.98757625 0.48146042
0.99847597 0.4960426 1.0041765 0.99999183 0.497012 0.99357027 1.0080011 1.0110749 1.0076177 1.0103053 0.49623638 0.48279172 0.5003172 0.12436386 0 0.51091397 0.50344145 0.5030502 0.5030502 0.49662408 0.49914902 0.49507448 1.0068517 0.4927561 0.97941184 0.48756576 0.9808897 0.9860852 0.99357027 0.49449423
1.015322 0.47033232 1.018426 1.0083846 0.47918367 1.0030329 1.0188149 1.018426 1.000751 0.99923354 0.4673428 0.45807657 0.472958 0.5005121 0.51091397 0 0.1200092 0.11766582 0.11930542 0.48051092 0.48013148 0.471644 1.0242808 0.46958384 0.98907024 0.39318648 1.0103053 1.0041765 0.99545324 0.4660386
0.99734104 0.47051957 1.0022715 0.9980974 0.47804788 0.99169195 1.0110749 1.005704 0.98907024 0.98348296 0.46808907 0.45184028 0.47333384 0.50129217 0.50344145 0.1200092 0 0.09906361 0.101922065 0.47956264 0.48070073 0.47389796 1.0091523 0.47277015 0.9827411 0.392005 1.0160967 1.0049399 0.99658537 0.46902296
0.99131685 0.46585247 0.98757625 0.99131685 0.47559288 0.97867405 0.99734104 0.99961257 0.98237044 0.98237044 0.46548036 0.44855958 0.46977088 0.49372122 0.5030502 0.11766582 0.09906361 0 0.07051326 0.47748062 0.4769138 0.4718316 1.0037951 0.47033232 0.97609735 0.38712993 1.0003713 0.9946995 0.9939465 0.46325153
1.002652 0.46920985 1.0157093 0.9939465 0.4771027 0.98683035 1.0045581 1.0041765 0.9958304 1.0011308 0.47051957 0.45238847 0.47389796 0.49856558 0.5030502 0.11930542 0.101922065 0.07051326 0 0.47842628 0.47861555 0.47352183 1.0080011 0.4731459 0.9857129 0.38746512 1.0076177 1.0003713 0.9946995 0.46846247
1.001891 0.2243438 0.9980974 1.0080011 0.23002975 0.98051995 0.99357027 1.0091523 0.9969631 0.99885464 0.22609913 0.46251008 0.23002975 0.4890999 0.49662408 0.48051092 0.47956264 0.47748062 0.47842628 0 0.045874827 0.22286172 0.9962078 0.2223235 0.97243166 0.45513538 0.99357027 1.0064689 1.0103053 0.30785823
0.99545324 0.22515345 1.0037951 1.0015109 0.2312538 0.9768326 0.9924427 1.0045581 1.0060863 1.0072346 0.22704603 0.4647367 0.23002975 0.4917922 0.49914902 0.48013148 0.48070073 0.4769138 0.47861555 0.045874827 0 0.22299634 0.9969631 0.22272713 0.9768326 0.45513538 0.9962078 0.9962078 1.0064689 0.30861238
1.0095364 0.21456252 1.0072346 0.9898184 0.18634602 0.9764649 0.98051995 0.9939465 1.0164845 1.0122308 0.19589372 0.45826077 0.19563407 0.49082956 0.49507448 0.471644 0.47389796 0.4718316 0.47352183 0.22286172 0.22299634 0 1.0030329 0.0120970365 0.9842255 0.44601783 0.99734104 1.0041765 0.9969631 0.30349907
0.6899731 0.9898184 0.69198316 0.44366533 1.01146 0.4454743 0.43736804 0.44294295 0.6832287 0.6844731 0.9943229 0.9939465 1.0072346 0.99131685 1.0068517 1.0242808 1.0091523 1.0037951 1.0080011 0.9962078 0.9969631 1.0030329 0 0.99961257 0.684224 0.98907024 0.68796843 0.68621874 0.69425094 0.9845971
1.0045581 0.21336539 1.0041765 0.98496884 0.18544912 0.9738958 0.97867405 0.9939465 1.0118452 1.0099207 0.19433716 0.45623696 0.19446675 0.4890999 0.4927561 0.46958384 0.47277015 0.47033232 0.4731459 0.2223235 0.22272713 0.0120970365 0.99961257 0 0.9808897 0.4443884 0.9943229 0.99885464 0.9931942 0.30275005
0.62373245 0.97573 0.4458366 0.6947558 0.9845971 0.6849714 0.6960195 0.69804585 0.43862328 0.44168046 0.9557965 0.9604604 0.9746289 0.9658782 0.97941184 0.98907024 0.9827411 0.97609735 0.9857129 0.97243166 0.9768326 0.9842255 0.684224 0.9808897 0 0.9816297 0.4983712 0.4829821 0.48967603 0.9626228
0.99734104 0.4452932 0.99923354 0.9669665 0.44384602 0.97499573 0.98757625 0.9939465 0.98907024 1.001891 0.44204095 0.42598802 0.44475016 0.47559288 0.48756576 0.39318648 0.392005 0.38712993 0.38746512 0.45513538 0.45513538 0.44601783 0.98907024 0.4443884 0.9816297 0 0.9939465 0.99056727 0.9783054 0.45568597
0.62189704 1.0068517 0.50422454 0.6945033 0.9980974 0.6945033 0.7005865 0.69956917 0.48948392 0.496818 0.97978103 0.982 0.9845971 0.98051995 0.9808897 1.0103053 1.0160967 1.0003713 1.0076177 0.99357027 0.9962078 0.99734104 0.68796843 0.9943229 0.4983712 0.9939465 0 0.35338324 0.35949522 0.98683035
0.6171003 0.99545324 0.48450688 0.6849714 1.001891 0.6892207 0.69173163 0.6849714 0.48127043 0.48355353 0.9842255 0.9713354 0.9853408 0.97243166 0.9860852 1.0041765 1.0049399 0.9946995 1.0003713 1.0064689 0.9962078 1.0041765 0.68621874 0.99885464 0.4829821 0.99056727 0.35338324 0 0.34922987 0.9669665
0.6318157 0.99545324 0.497206 0.6827315 0.9943229 0.6889701 0.6832287 0.6854701 0.4890999 0.49006033 0.98683035 0.9845971 0.99961257 0.98757625 0.99357027 0.99545324 0.99658537 0.9939465 0.9946995 1.0103053 1.0064689 0.9969631 0.69425094 0.9931942 0.48967603 0.9783054 0.35949522 0.34922987 0 0.98757625
0.98125964 0.30035818 0.98348296 0.990942 0.30650267 0.97206604 0.9816297 1.0022715 0.97867405 0.9845971 0.308009 0.44874147 0.30424884 0.48146042 0.49449423 0.4660386 0.46902296 0.46325153 0.46846247 0.30785823 0.30861238 0.30349907 0.9845971 0.30275005 0.9626228 0.45568597 0.98683035 0.9669665 0.98757625 0
