0 1.00174253327 1.00250273327 0.35111711327 0.35399497327 0.35031966327 0.35543806327 0.34968231327 1.01091703327 1.01130173327 0.98335283327 0.33595233327 0.35559855327 0.98298217327 0.97634173327 0.97670908327 0.97928578327 0.99606497327 1.00060356327 0.97158213327 0.97085256327 0.35591970327 0.98113168327 0.35591970327 1.00098303327 0.97634173327 0.34968231327 0.34128819327 0.35159598327 0.98187137327
1.00174253327 0 0.11256701327 1.00746343327 1.01361413327 1.01091703327 1.00364463327 1.00708063327 0.16584740327 0.16497538327 0.91028783327 1.01632103327 1.02137413327 0.91806343327 0.91433463327 0.91129743327 0.90626276327 0.89201443327 0.89860793327 0.41782773327 0.41556371327 1.01981573327 0.89135833327 1.01903773327 0.89070273327 0.91670533327 1.00708063327 1.01245693327 1.00555163327 0.91197133327
1.00250273327 0.11256701327 0 1.01168663327 1.01787213327 1.01438653327 1.01322823327 1.01942663327 0.16597206327 0.16509990327 0.91230846327 1.02489253327 1.01709623327 0.90995158327 0.90827257327 0.91332083327 0.90860809327 0.89267123327 0.89827687327 0.42536549327 0.42378153327 1.01748413327 0.89563373327 1.01670843327 0.90059733327 0.91028783327 1.01053243327 1.01400023327 1.01130173327 0.90760203327
0.35111711327 1.00746343327 1.01168663327 0 0.10909209727 0.10551819327 0.15581837327 0.15042617327 1.00631573327 1.00899633327 0.98076213327 0.34952308327 0.17626510327 0.97744433327 0.97634173327 0.97450753327 0.98076213327 0.98856116327 0.99043013327 0.98706938327 0.98483723327 0.17651793327 0.98187137327 0.17639150327 1.01284253327 0.97340913327 0.21158858327 0.26270891327 0.26940475327 0.98818798327
0.35399497327 1.01361413327 1.01787213327 0.10909209727 0 0.0767487832700001 0.16236538327 0.15865251327 1.00593363327 1.00976403327 0.97231240327 0.35672311327 0.18197434327 0.97231240327 0.97048803327 0.96721533327 0.97012363327 0.97928578327 0.98224143327 0.98968197327 0.98856116327 0.18197434327 0.97781230327 0.18184700327 0.99568803327 0.96576533327 0.21650663327 0.26897556327 0.27443013327 0.97487397327
0.35031966327 1.01091703327 1.01438653327 0.10551819327 0.0767487832700001 0 0.15606438327 0.15299488327 1.00938003327 1.00861283327 0.97744433327 0.35319445327 0.17753007327 0.97524063327 0.97597453327 0.97524063327 0.97670908327 0.98595253327 0.98632463327 0.98150143327 0.98150143327 0.17841683327 0.96903170327 0.17829008327 0.99568803327 0.96830458327 0.21026490327 0.26242531327 0.26854663327 0.98483723327
0.35543806327 1.00364463327 1.01322823327 0.15581837327 0.16236538327 0.15606438327 0 0.0613023862700001 1.01245693327 1.01438653327 0.98335283327 0.35383479327 0.17613872327 0.98409469327 0.98187137327 0.97781230327 0.98409469327 0.99230368327 0.99493463327 0.99005593327 0.99043013327 0.17702383327 0.97891713327 0.17715036327 0.99681953327 0.96830458327 0.21238392327 0.26427067327 0.27155436327 0.99155373327
0.34968231327 1.00708063327 1.01942663327 0.15042617327 0.15865251327 0.15299488327 0.0613023862700001 0 1.00822943327 1.01130173327 0.97597453327 0.35127670327 0.17248295327 0.98187137327 0.98002357327 0.97340913327 0.97744433327 0.99117900327 0.99455823327 0.98818798327 0.98818798327 0.17286030327 0.96975953327 0.17273449327 0.98706938327 0.96794133327 0.20986824327 0.26143353327 0.26883257327 0.98856116327
1.01091703327 0.16584740327 0.16597206327 1.00631573327 1.00593363327 1.00938003327 1.01245693327 1.00822943327 0 0.0382400712700001 0.89201443327 1.01903773327 1.02528443327 0.90392473327 0.90126163327 0.89662380327 0.89234273327 0.88093693327 0.88612953327 0.41504220327 0.41313315327 1.02606903327 0.88678116327 1.02528443327 0.89201443327 0.89794593327 1.02332683327 1.02254503327 1.01981573327 0.88710713327
1.01130173327 0.16497538327 0.16509990327 1.00899633327 1.00976403327 1.00861283327 1.01438653327 1.01130173327 0.0382400712700001 0 0.90026543327 1.02020493327 1.02567673327 0.90726698327 0.90359133327 0.90559400327 0.90159399327 0.88320429327 0.88678116327 0.41782773327 0.41660780327 1.02176423327 0.88775963327 1.02098423327 0.89037513327 0.89960193327 1.01748413327 1.02332683327 1.01864903327 0.89761523327
0.98335283327 0.91028783327 0.91230846327 0.98076213327 0.97231240327 0.97744433327 0.98335283327 0.97597453327 0.89201443327 0.90026543327 0 0.97744433327 0.98706938327 0.19481933327 0.19326627327 0.0322706212700001 0.0328967492700001 0.46145616327 0.46090177327 0.89267123327 0.89234273327 0.98039276327 0.58148813327 0.98002357327 0.58083753327 0.46665033327 0.99005593327 0.98076213327 0.98224143327 0.15902296327
0.33595233327 1.01632103327 1.02489253327 0.34952308327 0.35672311327 0.35319445327 0.35383479327 0.35127670327 1.01903773327 1.02020493327 0.97744433327 0 0.35127670327 0.97670908327 0.97304339327 0.96830458327 0.97377510327 0.98781493327 0.99267903327 0.98744208327 0.98781493327 0.35287450327 0.99043013327 0.35255466327 1.00060356327 0.98224143327 0.35736648327 0.34460293327 0.35415516327 0.98558057327
0.35559855327 1.02137413327 1.01709623327 0.17626510327 0.18197434327 0.17753007327 0.17613872327 0.17248295327 1.02528443327 1.02567673327 0.98706938327 0.35127670327 0 0.99230368327 0.99080443327 0.98335283327 0.98632463327 0.99380593327 1.00174253327 0.98669693327 0.98781493327 0.0320620272700001 0.98298217327 0.0319577492700001 1.00326373327 0.97085256327 0.21597338327 0.26526623327 0.27443013327 0.99946637327
0.98298217327 0.91806343327 0.90995158327 0.97744433327 0.97231240327 0.97524063327 0.98409469327 0.98187137327 0.90392473327 0.90726698327 0.19481933327 0.97670908327 0.99230368327 0 0.0251074392700001 0.19559706327 0.19650545327 0.45924103327 0.45942540327 0.89794593327 0.89794593327 0.98261173327 0.58409608327 0.98372363327 0.59021676327 0.46832756327 0.99606497327 0.97781230327 0.98483723327 0.19949790327
0.97634173327 0.91433463327 0.90827257327 0.97634173327 0.97048803327 0.97597453327 0.98187137327 0.98002357327 0.90126163327 0.90359133327 0.19326627327 0.97304339327 0.99080443327 0.0251074392700001 0 0.19404239327 0.19443076327 0.45684869327 0.45795191327 0.89563373327 0.89497433327 0.98187137327 0.58062083327 0.98298217327 0.58649469327 0.46646420327 0.99305443327 0.98076213327 0.98409469327 0.19910691327
0.97670908327 0.91129743327 0.91332083327 0.97450753327 0.96721533327 0.97524063327 0.97781230327 0.97340913327 0.89662380327 0.90559400327 0.0322706212700001 0.96830458327 0.98335283327 0.19559706327 0.19404239327 0 0.0243845482700001 0.46053240327 0.45960978327 0.89464493327 0.89398643327 0.97928578327 0.58213926327 0.97928578327 0.57997103327 0.46590613327 0.98669693327 0.97707663327 0.98039276327 0.15877598327
0.97928578327 0.90626276327 0.90860809327 0.98076213327 0.97012363327 0.97670908327 0.98409469327 0.97744433327 0.89234273327 0.90159399327 0.0328967492700001 0.97377510327 0.98632463327 0.19650545327 0.19443076327 0.0243845482700001 0 0.46053240327 0.46034778327 0.88841266327 0.88808603327 0.98372363327 0.58213926327 0.98372363327 0.57997103327 0.46720899327 0.99305443327 0.97707663327 0.97965463327 0.15976443327
0.99606497327 0.89201443327 0.89267123327 0.98856116327 0.97928578327 0.98595253327 0.99230368327 0.99117900327 0.88093693327 0.88320429327 0.46145616327 0.98781493327 0.99380593327 0.45924103327 0.45684869327 0.46053240327 0.46053240327 0 0.0219113392700001 0.87803183327 0.87932163327 0.99192858327 0.59131503327 0.99192858327 0.58583973327 0.22239741327 1.00136273327 1.01168663327 1.00516983327 0.46164105327
1.00060356327 0.89860793327 0.89827687327 0.99043013327 0.98224143327 0.98632463327 0.99493463327 0.99455823327 0.88612953327 0.88678116327 0.46090177327 0.99267903327 1.00174253327 0.45942540327 0.45795191327 0.45960978327 0.46034778327 0.0219113392700001 0 0.88450293327 0.88482803327 0.99870913327 0.59285528327 0.99870913327 0.58540343327 0.22576518327 1.00631573327 1.01554663327 1.00938003327 0.46219597327
0.97158213327 0.41782773327 0.42536549327 0.98706938327 0.98968197327 0.98150143327 0.99005593327 0.98818798327 0.41504220327 0.41782773327 0.89267123327 0.98744208327 0.98669693327 0.89794593327 0.89563373327 0.89464493327 0.88841266327 0.87803183327 0.88450293327 0 0.0109831142700001 0.99192858327 0.86114853327 0.99230368327 0.86304093327 0.89794593327 0.99005593327 0.99644213327 1.00402563327 0.89365739327
0.97085256327 0.41556371327 0.42378153327 0.98483723327 0.98856116327 0.98150143327 0.99043013327 0.98818798327 0.41313315327 0.41660780327 0.89234273327 0.98781493327 0.98781493327 0.89794593327 0.89497433327 0.89398643327 0.88808603327 0.87932163327 0.88482803327 0.0109831142700001 0 0.99230368327 0.86398888327 0.99267903327 0.86367273327 0.89794593327 0.98968197327 0.99606497327 1.00022430327 0.89464493327
0.35591970327 1.01981573327 1.01748413327 0.17651793327 0.18197434327 0.17841683327 0.17702383327 0.17286030327 1.02606903327 1.02176423327 0.98039276327 0.35287450327 0.0320620272700001 0.98261173327 0.98187137327 0.97928578327 0.98372363327 0.99192858327 0.99870913327 0.99192858327 0.99230368327 0 0.98039276327 0.00111190000000008 1.00364463327 0.97524063327 0.21397712327 0.26398648327 0.27299089327 0.99343009327
0.98113168327 0.89135833327 0.89563373327 0.98187137327 0.97781230327 0.96903170327 0.97891713327 0.96975953327 0.88678116327 0.88775963327 0.58148813327 0.99043013327 0.98298217327 0.58409608327 0.58062083327 0.58213926327 0.58213926327 0.59131503327 0.59285528327 0.86114853327 0.86398888327 0.98039276327 0 0.98002357327 0.23227399327 0.57953813327 0.97670908327 0.98039276327 0.99568803327 0.58518543327
0.35591970327 1.01903773327 1.01670843327 0.17639150327 0.18184700327 0.17829008327 0.17715036327 0.17273449327 1.02528443327 1.02098423327 0.98002357327 0.35255466327 0.0319577492700001 0.98372363327 0.98298217327 0.97928578327 0.98372363327 0.99192858327 0.99870913327 0.99230368327 0.99267903327 0.00111190000000008 0.98002357327 0 1.00326373327 0.97414119327 0.21397712327 0.26455498327 0.27327851327 0.99343009327
1.00098303327 0.89070273327 0.90059733327 1.01284253327 0.99568803327 0.99568803327 0.99681953327 0.98706938327 0.89201443327 0.89037513327 0.58083753327 1.00060356327 1.00326373327 0.59021676327 0.58649469327 0.57997103327 0.57997103327 0.58583973327 0.58540343327 0.86304093327 0.86367273327 1.00364463327 0.23227399327 1.00326373327 0 0.58780623327 0.99870913327 0.99908770327 1.00516983327 0.58999730327
0.97634173327 0.91670533327 0.91028783327 0.97340913327 0.96576533327 0.96830458327 0.96830458327 0.96794133327 0.89794593327 0.89960193327 0.46665033327 0.98224143327 0.97085256327 0.46832756327 0.46646420327 0.46590613327 0.46720899327 0.22239741327 0.22576518327 0.89794593327 0.89794593327 0.97524063327 0.57953813327 0.97414119327 0.58780623327 0 0.98002357327 0.99117900327 0.98187137327 0.46720899327
0.34968231327 1.00708063327 1.01053243327 0.21158858327 0.21650663327 0.21026490327 0.21238392327 0.20986824327 1.02332683327 1.01748413327 0.99005593327 0.35736648327 0.21597338327 0.99606497327 0.99305443327 0.98669693327 0.99305443327 1.00136273327 1.00631573327 0.99005593327 0.98968197327 0.21397712327 0.97670908327 0.21397712327 0.99870913327 0.98002357327 0 0.26526623327 0.26569328327 0.99267903327
0.34128819327 1.01245693327 1.01400023327 0.26270891327 0.26897556327 0.26242531327 0.26427067327 0.26143353327 1.02254503327 1.02332683327 0.98076213327 0.34460293327 0.26526623327 0.97781230327 0.98076213327 0.97707663327 0.97707663327 1.01168663327 1.01554663327 0.99644213327 0.99606497327 0.26398648327 0.98039276327 0.26455498327 0.99908770327 0.99117900327 0.26526623327 0 0.17677083327 0.99043013327
0.35159598327 1.00555163327 1.01130173327 0.26940475327 0.27443013327 0.26854663327 0.27155436327 0.26883257327 1.01981573327 1.01864903327 0.98224143327 0.35415516327 0.27443013327 0.98483723327 0.98409469327 0.98039276327 0.97965463327 1.00516983327 1.00938003327 1.00402563327 1.00022430327 0.27299089327 0.99568803327 0.27327851327 1.00516983327 0.98187137327 0.26569328327 0.17677083327 0 0.98968197327
0.98187137327 0.91197133327 0.90760203327 0.98818798327 0.97487397327 0.98483723327 0.99155373327 0.98856116327 0.88710713327 0.89761523327 0.15902296327 0.98558057327 0.99946637327 0.19949790327 0.19910691327 0.15877598327 0.15976443327 0.46164105327 0.46219597327 0.89365739327 0.89464493327 0.99343009327 0.58518543327 0.99343009327 0.58999730327 0.46720899327 0.99267903327 0.99043013327 0.98968197327 0
