0 0.5174642 0.9980974 0.9845971 0.9845971 0.9845971 1.0130024 1.0053219 0.99131685 0.99131685 0.98907024 0.9853408 0.9857129 0.9838541 0.9894442 0.99545324 0.99961257 0.9808897 0.9779369 0.9801504 0.9746289 0.9790429 0.52387106 0.9775687 0.9655158 0.99961257 0.9898184 1.0091523 1.0188149 0.5196604
0.5174642 0 1.0130024 1.0072346 1.01069 1.0060863 1.0297868 1.0160967 1.0068517 1.0076177 1.002652 1.0141612 1.018426 1.0160967 1.0176488 1.0064689 1.0099207 0.9924427 0.9853408 1.0064689 1.000751 1.0133885 0.41651866 1.0110749 0.98832285 1.0034139 0.9943229 1.0258498 1.0262426 0.20241436
0.9980974 1.0130024 0 0.7429914 0.73575526 0.3872975 0.74650043 0.74622995 0.38478774 0.385289 0.38763276 0.7429914 0.20530151 0.39048862 0.3926799 0.3617596 0.36403087 0.7554826 0.75138646 0.39453906 0.392005 0.20661752 1.0060863 0.20754011 0.74541897 0.73923063 0.75712734 0.363706 0.75960124 1.0110749
0.9845971 1.0072346 0.7429914 0 0.16536033 0.7341567 0.48317254 0.48127043 0.7336246 0.7312348 0.7317652 0.47051957 0.74541897 0.73149997 0.73602206 0.7317652 0.73789203 0.4147781 0.41425672 0.73923063 0.7400349 0.7419149 0.99056727 0.7448788 0.27931294 0.48241112 0.42917123 0.74030316 0.23057352 1.0087683
0.9845971 1.01069 0.73575526 0.16536033 0 0.7207046 0.4731459 0.47540435 0.7227989 0.72332335 0.7193987 0.46808907 0.73815954 0.7191378 0.72568804 0.7262145 0.7333587 0.408373 0.40751162 0.7235857 0.723061 0.73709005 1.0022715 0.7386949 0.2743949 0.47823706 0.42528248 0.7365559 0.2223235 1.0072346
0.9845971 1.0060863 0.3872975 0.7341567 0.7207046 0 0.73575526 0.7328271 0.1807261 0.18059887 0.18021728 0.7243734 0.3832859 0.18480913 0.18930055 0.38629258 0.38863948 0.7235857 0.7251619 0.08426087 0.08091166 0.3801252 0.9808897 0.38095567 0.7207046 0.7259512 0.74406934 0.392005 0.7429914 0.9924427
1.0130024 1.0297868 0.74650043 0.48317254 0.4731459 0.73575526 0 0.07635845 0.7267414 0.7301751 0.7293813 0.42281827 0.7397667 0.7296458 0.7400349 0.71992075 0.72568804 0.47427428 0.469958 0.7389627 0.7365559 0.7400349 1.0238891 0.7413773 0.48355353 0.280911 0.5022683 0.7333587 0.4915996 1.0211525
1.0053219 1.0160967 0.74622995 0.48127043 0.47540435 0.7328271 0.07635845 0 0.721751 0.7262145 0.7241107 0.42281827 0.7429914 0.72779626 0.73815954 0.72463614 0.72885257 0.47559288 0.47220686 0.73709005 0.7346892 0.7429914 1.0172604 0.74433905 0.4843161 0.27989367 0.5030502 0.7317652 0.49082956 1.0130024
0.99131685 1.0068517 0.38478774 0.7336246 0.7227989 0.1807261 0.7267414 0.721751 0 0.048323896 0.04992543 0.72044325 0.38311923 0.06853842 0.07084291 0.38478774 0.38579065 0.7262145 0.7251619 0.18404187 0.17970881 0.3781358 0.9698763 0.37929565 0.72463614 0.7170537 0.7389627 0.38696238 0.7429914 1.0068517
0.99131685 1.0076177 0.385289 0.7312348 0.72332335 0.18059887 0.7301751 0.7262145 0.048323896 0 0.04417583 0.721751 0.38295257 0.06799078 0.070952825 0.38261938 0.3841199 0.7280602 0.72700495 0.18532108 0.18148997 0.37879837 0.9764649 0.3801252 0.723061 0.7207046 0.7421839 0.3836194 0.7448788 1.0034139
0.98907024 1.002652 0.38763276 0.7317652 0.7193987 0.18021728 0.7293813 0.7241107 0.04992543 0.04417583 0 0.72332335 0.38579065 0.06908647 0.07183272 0.38679487 0.38897535 0.72858834 0.72858834 0.1845533 0.1807261 0.38178706 0.96406794 0.38311923 0.7241107 0.71887696 0.7400349 0.38947943 0.7413773 1.001891
0.9853408 1.0141612 0.7429914 0.47051957 0.46808907 0.7243734 0.42281827 0.42281827 0.72044325 0.721751 0.72332335 0 0.7522039 0.72044325 0.72832423 0.7280602 0.7362889 0.45678836 0.4555024 0.72489893 0.72122765 0.7486681 1.0118452 0.74921095 0.46771583 0.4180886 0.47918367 0.73602206 0.47785875 1.0227151
0.9857129 1.018426 0.20530151 0.74541897 0.73815954 0.3832859 0.7397667 0.7429914 0.38311923 0.38295257 0.38579065 0.7522039 0 0.3884716 0.3884716 0.35901088 0.35997987 0.75302225 0.7478545 0.38345262 0.37962735 0.045024846 1.0068517 0.04555597 0.7394986 0.7419149 0.7524766 0.35675475 0.76429653 1.019204
0.9838541 1.0160967 0.39048862 0.73149997 0.7191378 0.18480913 0.7296458 0.72779626 0.06853842 0.06799078 0.06908647 0.72044325 0.3884716 0 0.046938658 0.38931137 0.39065698 0.7304399 0.7301751 0.18994439 0.18583338 0.38195345 0.97352946 0.38378617 0.7275324 0.723061 0.7427221 0.39183635 0.7524766 1.0064689
0.9894442 1.0176488 0.3926799 0.73602206 0.72568804 0.18930055 0.7400349 0.73815954 0.07084291 0.070952825 0.07183272 0.72832423 0.3884716 0.046938658 0 0.392005 0.3926799 0.7365559 0.73602206 0.1953745 0.19097567 0.3832859 0.9801504 0.38445374 0.7309697 0.7293813 0.74677104 0.3967422 0.7524766 1.01069
0.99545324 1.0064689 0.3617596 0.7317652 0.7262145 0.38629258 0.71992075 0.72463614 0.38478774 0.38261938 0.38679487 0.7280602 0.35901088 0.38931137 0.392005 0 0.043963727 0.7333587 0.7328271 0.392005 0.39099374 0.35820433 0.9946995 0.35820433 0.72832423 0.72832423 0.73842716 0.2223235 0.74975425 0.990942
0.99961257 1.0099207 0.36403087 0.73789203 0.7333587 0.38863948 0.72568804 0.72885257 0.38579065 0.3841199 0.38897535 0.7362889 0.35997987 0.39065698 0.3926799 0.043963727 0 0.7394986 0.73735726 0.39453906 0.392005 0.35965672 0.99847597 0.35997987 0.7307048 0.7333587 0.74406934 0.22366977 0.7524766 0.99961257
0.9808897 0.9924427 0.7554826 0.4147781 0.408373 0.7235857 0.47427428 0.47559288 0.7262145 0.7280602 0.72858834 0.45678836 0.75302225 0.7304399 0.7365559 0.7333587 0.7394986 0 0.033957258 0.7222747 0.72463614 0.7535683 0.9768326 0.75520885 0.4004854 0.4761587 0.26807785 0.7421839 0.4231698 0.9872032
0.9779369 0.9853408 0.75138646 0.41425672 0.40751162 0.7251619 0.469958 0.47220686 0.7251619 0.72700495 0.72858834 0.4555024 0.7478545 0.7301751 0.73602206 0.7328271 0.73735726 0.033957258 0 0.721751 0.723061 0.74893945 0.9783054 0.7502979 0.40202212 0.4744625 0.2657939 0.73842716 0.42281827 0.9872032
0.9801504 1.0064689 0.39453906 0.73923063 0.7235857 0.08426087 0.7389627 0.73709005 0.18404187 0.18532108 0.1845533 0.72489893 0.38345262 0.18994439 0.1953745 0.392005 0.39453906 0.7222747 0.721751 0 0.033225194 0.38112187 0.9827411 0.38195345 0.7222747 0.72779626 0.7473126 0.3947083 0.7437997 1.0015109
0.9746289 1.000751 0.392005 0.7400349 0.723061 0.08091166 0.7365559 0.7346892 0.17970881 0.18148997 0.1807261 0.72122765 0.37962735 0.18583338 0.19097567 0.39099374 0.392005 0.72463614 0.723061 0.033225194 0 0.37730846 0.9808897 0.3781358 0.721751 0.7235857 0.7478545 0.39183635 0.74514884 0.99847597
0.9790429 1.0133885 0.20661752 0.7419149 0.73709005 0.3801252 0.7400349 0.7429914 0.3781358 0.37879837 0.38178706 0.7486681 0.045024846 0.38195345 0.3832859 0.35820433 0.35965672 0.7535683 0.74893945 0.38112187 0.37730846 0 1.0049399 0.003910175 0.7446089 0.73735726 0.7532952 0.35723764 0.76540554 1.0157093
0.52387106 0.41651866 1.0060863 0.99056727 1.0022715 0.9808897 1.0238891 1.0172604 0.9698763 0.9764649 0.96406794 1.0118452 1.0068517 0.97352946 0.9801504 0.9946995 0.99847597 0.9768326 0.9783054 0.9827411 0.9808897 1.0049399 0 1.0041765 0.97499573 1.0041765 0.98832285 1.0157093 1.0234975 0.41148216
0.9775687 1.0110749 0.20754011 0.7448788 0.7386949 0.38095567 0.7413773 0.74433905 0.37929565 0.3801252 0.38311923 0.74921095 0.04555597 0.38378617 0.38445374 0.35820433 0.35997987 0.75520885 0.7502979 0.38195345 0.3781358 0.003910175 1.0041765 0 0.74622995 0.7386949 0.75520885 0.35707664 0.7687426 1.0118452
0.9655158 0.98832285 0.74541897 0.27931294 0.2743949 0.7207046 0.48355353 0.4843161 0.72463614 0.723061 0.7241107 0.46771583 0.7394986 0.7275324 0.7309697 0.72832423 0.7307048 0.4004854 0.40202212 0.7222747 0.721751 0.7446089 0.97499573 0.74622995 0 0.47729164 0.4166929 0.7328271 0.28192973 0.99734104
0.99961257 1.0034139 0.73923063 0.48241112 0.47823706 0.7259512 0.280911 0.27989367 0.7170537 0.7207046 0.71887696 0.4180886 0.7419149 0.723061 0.7293813 0.72832423 0.7333587 0.4761587 0.4744625 0.72779626 0.7235857 0.73735726 1.0041765 0.7386949 0.47729164 0 0.49410763 0.7354886 0.4956552 1.0060863
0.9898184 0.9943229 0.75712734 0.42917123 0.42528248 0.74406934 0.5022683 0.5030502 0.7389627 0.7421839 0.7400349 0.47918367 0.7524766 0.7427221 0.74677104 0.73842716 0.74406934 0.26807785 0.2657939 0.7473126 0.7478545 0.7532952 0.98832285 0.75520885 0.4166929 0.49410763 0 0.74921095 0.43468532 0.99847597
1.0091523 1.0258498 0.363706 0.74030316 0.7365559 0.392005 0.7333587 0.7317652 0.38696238 0.3836194 0.38947943 0.73602206 0.35675475 0.39183635 0.3967422 0.2223235 0.22366977 0.7421839 0.73842716 0.3947083 0.39183635 0.35723764 1.0157093 0.35707664 0.7328271 0.7354886 0.74921095 0 0.7532952 1.0045581
1.0188149 1.0262426 0.75960124 0.23057352 0.2223235 0.7429914 0.4915996 0.49082956 0.7429914 0.7448788 0.7413773 0.47785875 0.76429653 0.7524766 0.7524766 0.74975425 0.7524766 0.4231698 0.42281827 0.7437997 0.74514884 0.76540554 1.0234975 0.7687426 0.28192973 0.4956552 0.43468532 0.7532952 0 1.0203725
0.5196604 0.20241436 1.0110749 1.0087683 1.0072346 0.9924427 1.0211525 1.0130024 1.0068517 1.0034139 1.001891 1.0227151 1.019204 1.0064689 1.01069 0.990942 0.99961257 0.9872032 0.9872032 1.0015109 0.99847597 1.0157093 0.41148216 1.0118452 0.99734104 1.0060863 0.99847597 1.0045581 1.0203725 0
