0 0.89667284 0.8979962 0.88616943 0.8963424 0.8983274 0.9086678 0.90398026 0.7656831 0.77209455 0.9006499 1.0266355 0.90098226 1.0176488 1.0227151 0.8937039 0.8963424 0.8907466 0.89601207 1.0223241 1.0207624 1.0180373 0.7618071 1.0160967 0.7524766 0.8738847 0.8943626 0.89469224 0.8937039 0.8943626
0.89667284 0 0.16274686 0.2835334 0.30140367 0.29856926 0.29470786 0.2950042 0.86654574 0.86909026 0.1884001 1.0558939 0.1859615 1.0164845 1.0091523 0.18314771 0.18314771 0.28645793 0.28557938 1.0262426 1.0246727 1.0297868 0.8835664 1.0262426 0.8722831 0.35707664 0.2920462 0.35482633 0.35354343 0.16798292
0.8979962 0.16274686 0 0.28411737 0.30245066 0.30125424 0.29723036 0.2981227 0.86654574 0.8738847 0.18762916 1.0385218 0.1884001 1.0130024 1.0130024 0.1844254 0.18647423 0.28616497 0.28470182 1.0258498 1.0164845 1.0203725 0.8838912 1.0157093 0.87613255 0.35788196 0.29027697 0.35370368 0.34747958 0.16860871
0.88616943 0.2835334 0.28411737 0 0.30050746 0.29352373 0.30424884 0.30409884 0.87645423 0.88064873 0.28470182 1.0274222 0.28514048 1.0168724 1.0072346 0.28954104 0.28865886 0.14349145 0.14010872 1.0242808 1.0168724 1.0176488 0.8800019 1.0137748 0.8881276 0.35852686 0.29396757 0.35772082 0.35210282 0.28324157
0.8963424 0.30140367 0.30245066 0.30050746 0 0.13219498 0.19836488 0.19784397 0.8719632 0.877098 0.29976138 1.0397208 0.302301 1.0493827 1.0349361 0.30035818 0.30155316 0.30200177 0.30260032 1.0329514 1.0297868 1.032159 0.88064873 1.0270288 0.8933747 0.35965672 0.28426346 0.36451846 0.35178307 0.2991651
0.8983274 0.29856926 0.30125424 0.29352373 0.13219498 0 0.20084423 0.19888617 0.88259256 0.8874743 0.2981227 1.0393208 0.302301 1.042526 1.032159 0.2981227 0.30080608 0.2938196 0.29411557 1.033348 1.0325551 1.0345387 0.890091 1.0297868 0.903313 0.36127383 0.27974844 0.36111194 0.3545054 0.29619068
0.9086678 0.29470786 0.29723036 0.30424884 0.19836488 0.20084423 0 0.11567968 0.88910866 0.890091 0.2976764 1.0505993 0.30035818 1.0341415 1.0293922 0.2976764 0.29991055 0.30275005 0.3043989 1.0329514 1.0305767 1.0373245 0.8973342 1.0401208 0.8970035 0.3632189 0.28207538 0.3617596 0.34732068 0.29455975
0.90398026 0.2950042 0.2981227 0.30409884 0.19784397 0.19888617 0.11567968 0 0.8812961 0.8887815 0.30289978 1.0349361 0.30424884 1.0305767 1.0203725 0.2976764 0.30065674 0.30469906 0.3043989 1.0301816 1.0246727 1.0349361 0.8933747 1.0349361 0.8956819 0.36224574 0.28367934 0.3643559 0.35114396 0.29589388
0.7656831 0.86654574 0.86654574 0.87645423 0.8719632 0.88259256 0.88910866 0.8812961 0 0.09849323 0.87967867 1.018426 0.8787099 1.0130024 1.0099207 0.8700467 0.86559373 0.8754896 0.8793556 1.0095364 1.0087683 0.9939465 0.3654946 0.98496884 0.31695846 0.8790327 0.8716434 0.88454145 0.88454145 0.86749893
0.77209455 0.86909026 0.8738847 0.88064873 0.877098 0.8874743 0.890091 0.8887815 0.09849323 0 0.891731 1.0219333 0.8963424 1.01069 1.0080011 0.88194406 0.87677604 0.8848668 0.8864954 1.0130024 1.0141612 0.9931942 0.37154236 0.98645765 0.32431898 0.8887815 0.8858435 0.8855178 0.890091 0.87581104
0.9006499 0.1884001 0.18762916 0.28470182 0.29976138 0.2981227 0.2976764 0.30289978 0.87967867 0.891731 0 1.0469556 0.074147366 1.0219333 1.018426 0.18557718 0.18673073 0.28528675 0.282804 1.0199828 1.0141612 1.0219333 0.9069903 1.0211525 0.890091 0.35578993 0.29411557 0.35562924 0.35290283 0.18750076
1.0266355 1.0558939 1.0385218 1.0274222 1.0397208 1.0393208 1.0505993 1.0349361 1.018426 1.0219333 1.0469556 0 1.049788 0.44692463 0.44456926 1.0389212 1.0493827 1.0469556 1.0377234 0.40544835 0.40202212 0.40751162 1.0270288 0.40733945 0.9980974 1.0409217 1.0286036 1.0554852 1.0293922 1.0649401
0.90098226 0.1859615 0.1884001 0.28514048 0.302301 0.302301 0.30035818 0.30424884 0.8787099 0.8963424 0.074147366 1.049788 0 1.025065 1.0238891 0.18544912 0.1859615 0.2857257 0.28397134 1.0203725 1.0160967 1.0313674 0.9113596 1.0297868 0.8983274 0.35933372 0.29248914 0.354345 0.35258272 0.18711564
1.0176488 1.0164845 1.0130024 1.0168724 1.0493827 1.042526 1.0341415 1.0305767 1.0130024 1.01069 1.0219333 0.44692463 1.025065 0 0.074810006 1.0254573 1.0270288 1.0421246 1.0361294 0.4500159 0.44837776 0.45275414 1.0030329 0.4500159 1.0083846 1.0130024 1.025065 1.0242808 1.018426 1.0365276
1.0227151 1.0091523 1.0130024 1.0072346 1.0349361 1.032159 1.0293922 1.0203725 1.0099207 1.0080011 1.018426 0.44456926 1.0238891 0.074810006 0 1.0149349 1.01146 1.0361294 1.0305767 0.44692463 0.4471061 0.45421863 0.99847597 0.45147505 0.99847597 1.0037951 1.0215429 1.0160967 1.014548 1.0270288
0.8937039 0.18314771 0.1844254 0.28954104 0.30035818 0.2981227 0.2976764 0.2976764 0.8700467 0.88194406 0.18557718 1.0389212 0.18544912 1.0254573 1.0149349 0 0.05604266 0.2889528 0.2879245 1.0270288 1.0219333 1.0262426 0.8937039 1.025065 0.8874743 0.35675475 0.2918986 0.35482633 0.3501863 0.18480913
0.8963424 0.18314771 0.18647423 0.28865886 0.30155316 0.30080608 0.29991055 0.30065674 0.86559373 0.87677604 0.18673073 1.0493827 0.1859615 1.0270288 1.01146 0.05604266 0 0.29057157 0.28939393 1.0313674 1.0219333 1.0293922 0.8937039 1.0282096 0.8887815 0.35772082 0.294856 0.3619216 0.35290283 0.18583338
0.8907466 0.28645793 0.28616497 0.14349145 0.30200177 0.2938196 0.30275005 0.30469906 0.8754896 0.8848668 0.28528675 1.0469556 0.2857257 1.0421246 1.0361294 0.2889528 0.29057157 0 0.040156074 1.0389212 1.0297868 1.0357314 0.8927168 1.0345387 0.8897634 0.36257 0.29293236 0.36046484 0.35595062 0.28499424
0.89601207 0.28557938 0.28470182 0.14010872 0.30260032 0.29411557 0.3043989 0.3043989 0.8793556 0.8864954 0.282804 1.0377234 0.28397134 1.0361294 1.0305767 0.2879245 0.28939393 0.040156074 0 1.0293922 1.0242808 1.0258498 0.8884545 1.0258498 0.8940332 0.36062655 0.2918986 0.3614357 0.35482633 0.2825125
1.0223241 1.0262426 1.0258498 1.0242808 1.0329514 1.033348 1.0329514 1.0301816 1.0095364 1.0130024 1.0199828 0.40544835 1.0203725 0.4500159 0.44692463 1.0270288 1.0313674 1.0389212 1.0293922 0 0.038259473 0.2289434 1.0037951 0.22758764 0.99131685 1.0157093 1.0389212 1.0337447 1.0238891 1.0293922
1.0207624 1.0246727 1.0164845 1.0168724 1.0297868 1.0325551 1.0305767 1.0246727 1.0087683 1.0141612 1.0141612 0.40202212 1.0160967 0.44837776 0.4471061 1.0219333 1.0219333 1.0297868 1.0242808 0.038259473 0 0.2255586 0.99545324 0.22447868 0.98683035 1.0030329 1.0254573 1.0203725 1.0083846 1.0234975
1.0180373 1.0297868 1.0203725 1.0176488 1.032159 1.0345387 1.0373245 1.0349361 0.9939465 0.9931942 1.0219333 0.40751162 1.0313674 0.45275414 0.45421863 1.0262426 1.0293922 1.0357314 1.0258498 0.2289434 0.2255586 0 1.0053219 0.028951678 0.9872032 1.0083846 1.0160967 1.033348 1.0215429 1.0329514
0.7618071 0.8835664 0.8838912 0.8800019 0.88064873 0.890091 0.8973342 0.8933747 0.3654946 0.37154236 0.9069903 1.0270288 0.9113596 1.0030329 0.99847597 0.8937039 0.8937039 0.8927168 0.8884545 1.0037951 0.99545324 1.0053219 0 1.001891 0.3753265 0.8800019 0.8838912 0.8910746 0.8933747 0.90398026
1.0160967 1.0262426 1.0157093 1.0137748 1.0270288 1.0297868 1.0401208 1.0349361 0.98496884 0.98645765 1.0211525 0.40733945 1.0297868 0.4500159 0.45147505 1.025065 1.0282096 1.0345387 1.0258498 0.22758764 0.22447868 0.028951678 1.001891 0 0.9801504 1.01069 1.0168724 1.0365276 1.0180373 1.0357314
0.7524766 0.8722831 0.87613255 0.8881276 0.8933747 0.903313 0.8970035 0.8956819 0.31695846 0.32431898 0.890091 0.9980974 0.8983274 1.0083846 0.99847597 0.8874743 0.8887815 0.8897634 0.8940332 0.99131685 0.98683035 0.9872032 0.3753265 0.9801504 0 0.8970035 0.8970035 0.9013148 0.8910746 0.8956819
0.8738847 0.35707664 0.35788196 0.35852686 0.35965672 0.36127383 0.3632189 0.36224574 0.8790327 0.8887815 0.35578993 1.0409217 0.35933372 1.0130024 1.0037951 0.35675475 0.35772082 0.36257 0.36062655 1.0157093 1.0030329 1.0083846 0.8800019 1.01069 0.8970035 0 0.35210282 0.30140367 0.29663607 0.35611138
0.8943626 0.2920462 0.29027697 0.29396757 0.28426346 0.27974844 0.28207538 0.28367934 0.8716434 0.8858435 0.29411557 1.0286036 0.29248914 1.025065 1.0215429 0.2918986 0.294856 0.29293236 0.2918986 1.0389212 1.0254573 1.0160967 0.8838912 1.0168724 0.8970035 0.35210282 0 0.34891135 0.35194293 0.28954104
0.89469224 0.35482633 0.35370368 0.35772082 0.36451846 0.36111194 0.3617596 0.3643559 0.88454145 0.8855178 0.35562924 1.0554852 0.354345 1.0242808 1.0160967 0.35482633 0.3619216 0.36046484 0.3614357 1.0337447 1.0203725 1.033348 0.8910746 1.0365276 0.9013148 0.30140367 0.34891135 0 0.22313097 0.3562722
0.8937039 0.35354343 0.34747958 0.35210282 0.35178307 0.3545054 0.34732068 0.35114396 0.88454145 0.890091 0.35290283 1.0293922 0.35258272 1.018426 1.014548 0.3501863 0.35290283 0.35595062 0.35482633 1.0238891 1.0083846 1.0215429 0.8933747 1.0180373 0.8910746 0.29663607 0.35194293 0.22313097 0 0.35162324
0.8943626 0.16798292 0.16860871 0.28324157 0.2991651 0.29619068 0.29455975 0.29589388 0.86749893 0.87581104 0.18750076 1.0649401 0.18711564 1.0365276 1.0270288 0.18480913 0.18583338 0.28499424 0.2825125 1.0293922 1.0234975 1.0329514 0.90398026 1.0357314 0.8956819 0.35611138 0.28954104 0.3562722 0.35162324 0
