0 0.9687838 0.96479154 0.982 0.98237044 0.9706055 0.49623638 0.99056727 0.49817687 0.4975942 0.9838541 0.49063718 0.9691478 0.9698763 0.96190137 0.9673296 0.96479154 0.9615409 1.0003713 0.9816297 0.9898184 1.0045581 0.9894442 1.0034139 0.9626228 0.96841997 0.4958489 0.9536536 0.9872032 0.95866317
0.9687838 0 0.5279034 0.52487713 0.47370988 0.4673428 0.9691478 0.55801463 0.9790429 0.97426224 0.5559132 0.99734104 0.55089366 0.15360944 0.46846247 0.46920985 0.15018086 0.15324135 0.56202364 0.55256313 0.5521454 0.5571734 0.5575939 0.5584356 0.4752159 0.54528654 0.98832285 0.205433 0.5502686 0.52931976
0.96479154 0.5279034 0 0.13314977 0.5196604 0.5204606 0.9853408 0.5436332 1.014548 1.0133885 0.46902296 0.9709704 0.46808907 0.5250785 0.5198604 0.5200604 0.5214621 0.520861 0.54985213 0.5419835 0.5428079 0.5502686 0.5571734 0.5481887 0.5190608 0.46380812 0.9980974 0.51210064 0.471269 0.15693049
0.982 0.52487713 0.13314977 0 0.5152744 0.51607 0.9827411 0.54528654 1.0041765 1.0015109 0.46846247 0.96841997 0.4662248 0.52186304 0.51487696 0.51607 0.51786304 0.5172649 0.5586462 0.54013187 0.5413658 0.5557034 0.5523542 0.5529811 0.5182621 0.4623248 0.98832285 0.5146783 0.4723946 0.15459192
0.98237044 0.47370988 0.5196604 0.5152744 0 0.13183723 0.95080596 0.55110216 0.9695119 0.9698763 0.5228664 0.98237044 0.5196604 0.47502747 0.40065598 0.41044435 0.4662248 0.46771583 0.5582251 0.5492279 0.5473584 0.5552839 0.5483964 0.55256313 0.4106172 0.52709514 0.96769285 0.4621396 0.53256744 0.5214621
0.9706055 0.4673428 0.5204606 0.51607 0.13183723 0 0.94867724 0.5428079 0.96769285 0.96406794 0.520861 0.982 0.5204606 0.46659726 0.39572456 0.39895183 0.4606596 0.4575242 0.5521454 0.5477734 0.54673624 0.55256313 0.5428079 0.547981 0.39895183 0.5266914 0.9698763 0.45111 0.5307389 0.5170656
0.49623638 0.9691478 0.9853408 0.9827411 0.95080596 0.94867724 0 0.98645765 0.1288627 0.12732059 0.9894442 0.33113015 0.97720057 0.97609735 0.959741 0.96769285 0.96298385 0.9746289 0.9898184 1.0076177 1.0068517 0.99357027 1.0188149 0.9901927 0.9738958 0.9775687 0.2022834 0.95508146 0.98683035 0.98757625
0.99056727 0.55801463 0.5436332 0.54528654 0.55110216 0.5428079 0.98645765 0 1.0072346 0.99545324 0.5571734 0.99169195 0.55256313 0.5488121 0.537875 0.5421895 0.5504769 0.5488121 0.1266099 0.40031484 0.40270612 0.12353807 0.4106172 0.12448191 0.55256313 0.5502686 0.9980974 0.5407486 0.5533992 0.5559132
0.49817687 0.9790429 1.014548 1.0041765 0.9695119 0.96769285 0.1288627 1.0072346 0 0.08549268 0.9980974 0.33800378 0.98907024 0.99961257 0.97243166 0.97170067 0.9872032 0.99658537 1.0003713 1.0141612 1.0133885 0.99999183 1.0157093 0.99961257 0.97978103 0.99131685 0.20490715 0.9651536 0.98907024 1.0133885
0.4975942 0.97426224 1.0133885 1.0015109 0.9698763 0.96406794 0.12732059 0.99545324 0.08549268 0 0.9943229 0.33362237 0.9898184 0.99658537 0.9738958 0.9753628 0.9857129 0.990942 0.98907024 1.0072346 1.0068517 0.9920673 1.0126165 0.99131685 0.9845971 0.9860852 0.20346294 0.9565121 0.9977191 1.0149349
0.9838541 0.5559132 0.46902296 0.46846247 0.5228664 0.520861 0.9894442 0.5571734 0.9980974 0.9943229 0 0.9709704 0.07051326 0.5494359 0.5264896 0.5307389 0.5413658 0.54902 0.5628704 0.5523542 0.5515193 0.55885684 0.5628704 0.5578042 0.53195745 0.21776423 0.9943229 0.5415716 0.1761591 0.4720192
0.49063718 0.99734104 0.9709704 0.96841997 0.98237044 0.982 0.33113015 0.99169195 0.33800378 0.33362237 0.9709704 0 0.9568702 1.0103053 0.9673296 0.9746289 0.99056727 1.002652 0.9894442 0.99357027 0.9980974 0.99847597 1.000751 0.9969631 0.9827411 0.9669665 0.33175245 0.98645765 0.97352946 0.97243166
0.9691478 0.55089366 0.46808907 0.4662248 0.5196604 0.5204606 0.97720057 0.55256313 0.98907024 0.9898184 0.07051326 0.9568702 0 0.5434268 0.52487713 0.5277012 0.5360335 0.5413658 0.56117785 0.5521454 0.55089366 0.5584356 0.5597 0.5554936 0.53094184 0.21722966 0.98683035 0.53644234 0.17540063 0.46939683
0.9698763 0.15360944 0.5250785 0.52186304 0.47502747 0.46659726 0.97609735 0.5488121 0.99961257 0.99658537 0.5494359 1.0103053 0.5434268 0 0.46380812 0.46417943 0.061992925 0.06722474 0.5578042 0.5488121 0.5477734 0.5548647 0.5559132 0.5550743 0.46883607 0.5440462 0.99999183 0.20084423 0.5488121 0.52427334
0.96190137 0.46846247 0.5198604 0.51487696 0.40065598 0.39572456 0.959741 0.537875 0.97243166 0.9738958 0.5264896 0.9673296 0.52487713 0.46380812 0 0.069634914 0.45770827 0.45734018 0.5616006 0.54095423 0.54095423 0.5561231 0.5504769 0.5536084 0.23316185 0.53480834 0.9698763 0.45184028 0.5335852 0.51607
0.9673296 0.46920985 0.5200604 0.51607 0.41044435 0.39895183 0.96769285 0.5421895 0.97170067 0.9753628 0.5307389 0.9746289 0.5277012 0.46417943 0.069634914 0 0.45973605 0.4586293 0.5632941 0.54322046 0.54322046 0.5573836 0.55256313 0.5550743 0.23548532 0.5321607 0.9713354 0.4507451 0.5368514 0.5170656
0.96479154 0.15018086 0.5214621 0.51786304 0.4662248 0.4606596 0.96298385 0.5504769 0.9872032 0.9857129 0.5413658 0.99056727 0.5360335 0.061992925 0.45770827 0.45973605 0 0.061450038 0.5569632 0.54632175 0.5448729 0.55277205 0.5531901 0.55256313 0.46084443 0.54054296 0.98496884 0.19836488 0.5415716 0.5198604
0.9615409 0.15324135 0.520861 0.5172649 0.46771583 0.4575242 0.9746289 0.5488121 0.99658537 0.990942 0.54902 1.002652 0.5413658 0.06722474 0.45734018 0.4586293 0.061450038 0 0.5578042 0.5450797 0.5440462 0.5531901 0.5506852 0.5519366 0.46325153 0.5434268 0.9943229 0.20320067 0.5448729 0.5226656
1.0003713 0.56202364 0.54985213 0.5586462 0.5582251 0.5521454 0.9898184 0.1266099 1.0003713 0.98907024 0.5628704 0.9894442 0.56117785 0.5578042 0.5616006 0.5632941 0.5569632 0.5578042 0 0.417216 0.41948688 0.05067399 0.42299402 0.05013923 0.56647974 0.5584356 0.99923354 0.54902 0.5643545 0.5624469
0.9816297 0.55256313 0.5419835 0.54013187 0.5492279 0.5477734 1.0076177 0.40031484 1.0141612 1.0072346 0.5523542 0.99357027 0.5521454 0.5488121 0.54095423 0.54322046 0.54632175 0.5450797 0.417216 0 0.01852696 0.41356212 0.28426346 0.41217485 0.5368514 0.5519366 0.99923354 0.54054296 0.55256313 0.54528654
0.9898184 0.5521454 0.5428079 0.5413658 0.5473584 0.54673624 1.0068517 0.40270612 1.0133885 1.0068517 0.5515193 0.9980974 0.55089366 0.5477734 0.54095423 0.54322046 0.5448729 0.5440462 0.41948688 0.01852696 0 0.41599607 0.28660446 0.41460428 0.537056 0.55402696 0.99847597 0.5399264 0.5536084 0.54632175
1.0045581 0.5571734 0.5502686 0.5557034 0.5552839 0.55256313 0.99357027 0.12353807 0.99999183 0.9920673 0.55885684 0.99847597 0.5584356 0.5548647 0.5561231 0.5573836 0.55277205 0.5531901 0.05067399 0.41356212 0.41599607 0 0.42141378 0.015764525 0.5618121 0.5554936 1.002652 0.5454935 0.5573836 0.5624469
0.9894442 0.5575939 0.5571734 0.5523542 0.5483964 0.5428079 1.0188149 0.4106172 1.0157093 1.0126165 0.5628704 1.000751 0.5597 0.5559132 0.5504769 0.55256313 0.5531901 0.5506852 0.42299402 0.28426346 0.28660446 0.42141378 0 0.42088777 0.5523542 0.5628704 1.0053219 0.547981 0.56839764 0.5531901
1.0034139 0.5584356 0.5481887 0.5529811 0.55256313 0.547981 0.9901927 0.12448191 0.99961257 0.99131685 0.5578042 0.9969631 0.5554936 0.5550743 0.5536084 0.5550743 0.55256313 0.5519366 0.05013923 0.41217485 0.41460428 0.015764525 0.42088777 0 0.56117785 0.5544457 0.99923354 0.5459075 0.556543 0.5592783
0.9626228 0.4752159 0.5190608 0.5182621 0.4106172 0.39895183 0.9738958 0.55256313 0.97978103 0.9845971 0.53195745 0.9827411 0.53094184 0.46883607 0.23316185 0.23548532 0.46084443 0.46325153 0.56647974 0.5368514 0.537056 0.5618121 0.5523542 0.56117785 0 0.5350124 0.9775687 0.45807657 0.53644234 0.51806253
0.96841997 0.54528654 0.46380812 0.4623248 0.52709514 0.5266914 0.9775687 0.5502686 0.99131685 0.9860852 0.21776423 0.9669665 0.21722966 0.5440462 0.53480834 0.5321607 0.54054296 0.5434268 0.5584356 0.5519366 0.55402696 0.5554936 0.5628704 0.5544457 0.5350124 0 0.9860852 0.53664684 0.2215169 0.46251008
0.4958489 0.98832285 0.9980974 0.98832285 0.96769285 0.9698763 0.2022834 0.9980974 0.20490715 0.20346294 0.9943229 0.33175245 0.98683035 0.99999183 0.9698763 0.9713354 0.98496884 0.9943229 0.99923354 0.99923354 0.99847597 1.002652 1.0053219 0.99923354 0.9775687 0.9860852 0 0.9709704 0.98832285 0.9939465
0.9536536 0.205433 0.51210064 0.5146783 0.4621396 0.45111 0.95508146 0.5407486 0.9651536 0.9565121 0.5415716 0.98645765 0.53644234 0.20084423 0.45184028 0.4507451 0.19836488 0.20320067 0.54902 0.54054296 0.5399264 0.5454935 0.547981 0.5459075 0.45807657 0.53664684 0.9709704 0 0.5354207 0.515871
0.9872032 0.5502686 0.471269 0.4723946 0.53256744 0.5307389 0.98683035 0.5533992 0.98907024 0.9977191 0.1761591 0.97352946 0.17540063 0.5488121 0.5335852 0.5368514 0.5415716 0.5448729 0.5643545 0.55256313 0.5536084 0.5573836 0.56839764 0.556543 0.53644234 0.2215169 0.98832285 0.5354207 0 0.47033232
0.95866317 0.52931976 0.15693049 0.15459192 0.5214621 0.5170656 0.98757625 0.5559132 1.0133885 1.0149349 0.4720192 0.97243166 0.46939683 0.52427334 0.51607 0.5170656 0.5198604 0.5226656 0.5624469 0.54528654 0.54632175 0.5624469 0.5531901 0.5592783 0.51806253 0.46251008 0.9939465 0.515871 0.47033232 0
