0 1.0242808 0.9958304 0.99545324 1.0045581 1.0110749 1.014548 1.001891 1.001891 1.0034139 1.0126165 0.98348296 1.036926 1.0286036 0.9962078 1.0188149 1.0110749 1.0168724 1.0180373 1.0095364 1.0087683 1.0087683 0.99131685 1.0076177 0.99961257 1.0034139 0.9901927 1.0015109 0.99961257 1.0141612
1.0242808 0 0.3344029 0.6832287 0.6927383 0.7056938 0.9950763 0.99357027 0.8803252 0.67261124 0.6767909 0.6772841 0.34020412 0.33596638 0.675067 0.6844731 0.6782716 0.8800019 0.88682157 0.6772841 0.6782716 0.88682157 0.6150539 0.88616943 0.5703204 0.6847222 0.6899731 0.35595062 0.680994 0.6904751
0.9958304 0.3344029 0 0.67114156 0.67040783 0.67432946 1.000751 0.97978103 0.8592779 0.6575622 0.6662635 0.6795078 0.33643606 0.33004242 0.6667499 0.671876 0.6652917 0.8502134 0.8608519 0.67016345 0.67016345 0.8542633 0.59599745 0.8545757 0.56393015 0.6713863 0.68149 0.34589195 0.6684547 0.6767909
0.99545324 0.6832287 0.67114156 0 0.56903803 0.57267725 0.98794943 0.9775687 0.85707986 0.24790739 0.24846429 0.6619002 0.6745752 0.66577744 0.2551795 0.25532004 0.250696 0.8729233 0.87324363 0.25785428 0.25968993 0.85833514 0.67629796 0.85833514 0.6640787 0.5698927 0.40613547 0.65564215 0.56882447 0.32617044
1.0045581 0.6927383 0.67040783 0.56903803 0 0.25265422 0.98051995 0.9727974 0.87420535 0.5592783 0.5550743 0.6723661 0.6807461 0.6827315 0.56584156 0.56647974 0.5624469 0.8726031 0.8793556 0.56882447 0.5692516 0.87420535 0.66359407 0.8719632 0.67629796 0.42988047 0.5800091 0.67285645 0.3422531 0.5643545
1.0110749 0.7056938 0.67432946 0.57267725 0.25265422 0 0.97426224 0.9816297 0.8803252 0.5618121 0.56818426 0.6723661 0.6847222 0.6869681 0.56541634 0.5767656 0.5765499 0.8751683 0.8881276 0.56647974 0.56733155 0.88194406 0.67926043 0.8803252 0.6887196 0.44402677 0.5847917 0.67876583 0.3562722 0.5778452
1.014548 0.9950763 1.000751 0.98794943 0.98051995 0.97426224 0 0.22677536 0.9860852 0.9662408 0.97867405 0.9687838 0.9920673 0.990942 0.97720057 0.97609735 0.9775687 0.98125964 0.990942 0.97316337 0.9680563 0.98125964 0.982 0.9801504 0.97024083 0.9655158 0.98794943 0.9894442 0.98757625 0.9783054
1.001891 0.99357027 0.97978103 0.9775687 0.9727974 0.9816297 0.22677536 0 0.9827411 0.96190137 0.9698763 0.9644296 0.98907024 0.9894442 0.9709704 0.97243166 0.97316337 0.9695119 0.9783054 0.9727974 0.9662408 0.9713354 0.9753628 0.9691478 0.9779369 0.97573 0.9831119 0.9768326 0.98832285 0.98125964
1.001891 0.8803252 0.8592779 0.85707986 0.87420535 0.8803252 0.9860852 0.9827411 0 0.8455675 0.85864925 0.85363877 0.88454145 0.8874743 0.8555138 0.85802114 0.86274505 0.29737902 0.30035818 0.8545757 0.85707986 0.15018086 0.86909026 0.14957027 0.8608519 0.86148244 0.8605368 0.8567664 0.85114604 0.8555138
1.0034139 0.67261124 0.6575622 0.24790739 0.5592783 0.5618121 0.9662408 0.96190137 0.8455675 0 0.124836154 0.6611755 0.6623838 0.65612173 0.20833181 0.12969437 0.13005109 0.85207987 0.8545757 0.21177219 0.21296677 0.8400302 0.67040783 0.84033674 0.6484856 0.5529811 0.38863948 0.65181684 0.5660542 0.3201698
1.0126165 0.6767909 0.6662635 0.24846429 0.5550743 0.56818426 0.97867405 0.9698763 0.85864925 0.124836154 0 0.661417 0.67629796 0.6662635 0.21217017 0.07370593 0.07370593 0.86274505 0.8668633 0.21696252 0.21722966 0.85770726 0.68000287 0.85707986 0.6682109 0.5554936 0.39487758 0.66748005 0.56882447 0.32339495
0.98348296 0.6772841 0.6795078 0.6619002 0.6723661 0.6723661 0.9687838 0.9644296 0.85363877 0.6611755 0.661417 0 0.6932422 0.6812419 0.65876466 0.6694307 0.66383636 0.84402525 0.847732 0.66650665 0.661417 0.85114604 0.6669932 0.84928197 0.6652917 0.671876 0.67016345 0.662142 0.67089695 0.6837262
1.036926 0.34020412 0.33643606 0.6745752 0.6807461 0.6847222 0.9920673 0.98907024 0.88454145 0.6623838 0.67629796 0.6932422 0 0.063188665 0.66918653 0.682483 0.680994 0.8738847 0.8842163 0.67629796 0.67580533 0.88064873 0.60669917 0.8812961 0.5649914 0.6882187 0.6894714 0.35482633 0.6662635 0.6882187
1.0286036 0.33596638 0.33004242 0.66577744 0.6827315 0.6869681 0.990942 0.9894442 0.8874743 0.65612173 0.6662635 0.6812419 0.063188665 0 0.6696748 0.6723661 0.66918653 0.8790327 0.8881276 0.6775309 0.67531306 0.88259256 0.60557723 0.88291705 0.560333 0.68173814 0.6837262 0.35034582 0.6682109 0.67580533
0.9962078 0.675067 0.6667499 0.2551795 0.56584156 0.56541634 0.97720057 0.9709704 0.8555138 0.20833181 0.21217017 0.65876466 0.66918653 0.6696748 0 0.21789792 0.21509518 0.86559373 0.8684533 0.057876796 0.059390638 0.85770726 0.67163116 0.85707986 0.6568416 0.56223524 0.40065598 0.6643211 0.5616006 0.3281814
1.0188149 0.6844731 0.671876 0.25532004 0.56647974 0.5767656 0.97609735 0.97243166 0.85802114 0.12969437 0.07370593 0.6694307 0.682483 0.6723661 0.21789792 0 0.060690653 0.8700467 0.87324363 0.2204428 0.22097966 0.8545757 0.6927383 0.85332674 0.6669932 0.5584356 0.4028772 0.6684547 0.57224816 0.32663402
1.0110749 0.6782716 0.6652917 0.250696 0.5624469 0.5765499 0.9775687 0.97316337 0.86274505 0.13005109 0.07370593 0.66383636 0.680994 0.66918653 0.21509518 0.060690653 0 0.870685 0.87420535 0.2181654 0.22004041 0.8611671 0.68621874 0.8608519 0.66602045 0.560333 0.40065598 0.66918653 0.5707484 0.32478142
1.0168724 0.8800019 0.8502134 0.8729233 0.8726031 0.8751683 0.98125964 0.9695119 0.29737902 0.85207987 0.86274505 0.84402525 0.8738847 0.8790327 0.86559373 0.8700467 0.870685 0 0.0534609 0.86909026 0.8719632 0.29782516 0.8684533 0.2967846 0.8729233 0.87774235 0.85645306 0.85332674 0.85207987 0.8726031
1.0180373 0.88682157 0.8608519 0.87324363 0.8793556 0.8881276 0.990942 0.9783054 0.30035818 0.8545757 0.8668633 0.847732 0.8842163 0.8881276 0.8684533 0.87324363 0.87420535 0.0534609 0 0.87324363 0.8738847 0.3009554 0.87645423 0.29976138 0.87645423 0.8874743 0.8592779 0.8611671 0.8530148 0.87484723
1.0095364 0.6772841 0.67016345 0.25785428 0.56882447 0.56647974 0.97316337 0.9727974 0.8545757 0.21177219 0.21696252 0.66650665 0.67629796 0.6775309 0.057876796 0.2204428 0.2181654 0.86909026 0.87324363 0 0.036682628 0.8608519 0.6772841 0.8605368 0.65444463 0.56223524 0.405105 0.66383636 0.5711766 0.33081922
1.0087683 0.6782716 0.67016345 0.25968993 0.5692516 0.56733155 0.9680563 0.9662408 0.85707986 0.21296677 0.21722966 0.661417 0.67580533 0.67531306 0.059390638 0.22097966 0.22004041 0.8719632 0.8738847 0.036682628 0 0.8621135 0.67802465 0.8611671 0.65540254 0.5597 0.40321952 0.6616586 0.56903803 0.33221948
1.0087683 0.88682157 0.8542633 0.85833514 0.87420535 0.88194406 0.98125964 0.9713354 0.15018086 0.8400302 0.85770726 0.85114604 0.88064873 0.88259256 0.85770726 0.8545757 0.8611671 0.29782516 0.3009554 0.8608519 0.8621135 0 0.87324363 0.0028052398 0.8754896 0.86654574 0.86813504 0.8523914 0.8523914 0.86148244
0.99131685 0.6150539 0.59599745 0.67629796 0.66359407 0.67926043 0.982 0.9753628 0.86909026 0.67040783 0.68000287 0.6669932 0.60669917 0.60557723 0.67163116 0.6927383 0.68621874 0.8684533 0.87645423 0.6772841 0.67802465 0.87324363 0 0.87324363 0.6040094 0.6745752 0.6877182 0.6037857 0.6682109 0.6844731
1.0076177 0.88616943 0.8545757 0.85833514 0.8719632 0.8803252 0.9801504 0.9691478 0.14957027 0.84033674 0.85707986 0.84928197 0.8812961 0.88291705 0.85707986 0.85332674 0.8608519 0.2967846 0.29976138 0.8605368 0.8611671 0.0028052398 0.87324363 0 0.87581104 0.86559373 0.86813504 0.85270303 0.85114604 0.8605368
0.99961257 0.5703204 0.56393015 0.6640787 0.67629796 0.6887196 0.97024083 0.9779369 0.8608519 0.6484856 0.6682109 0.6652917 0.5649914 0.560333 0.6568416 0.6669932 0.66602045 0.8729233 0.87645423 0.65444463 0.65540254 0.8754896 0.6040094 0.87581104 0 0.67065233 0.67114156 0.549644 0.6748211 0.67212105
1.0034139 0.6847222 0.6713863 0.5698927 0.42988047 0.44402677 0.9655158 0.97573 0.86148244 0.5529811 0.5554936 0.671876 0.6882187 0.68173814 0.56223524 0.5584356 0.560333 0.87774235 0.8874743 0.56223524 0.5597 0.86654574 0.6745752 0.86559373 0.67065233 0 0.567971 0.6748211 0.44024023 0.5575939
0.9901927 0.6899731 0.68149 0.40613547 0.5800091 0.5847917 0.98794943 0.9831119 0.8605368 0.38863948 0.39487758 0.67016345 0.6894714 0.6837262 0.40065598 0.4028772 0.40065598 0.85645306 0.8592779 0.405105 0.40321952 0.86813504 0.6877182 0.86813504 0.67114156 0.567971 0 0.67285645 0.58763224 0.4100987
1.0015109 0.35595062 0.34589195 0.65564215 0.67285645 0.67876583 0.9894442 0.9768326 0.8567664 0.65181684 0.66748005 0.662142 0.35482633 0.35034582 0.6643211 0.6684547 0.66918653 0.85332674 0.8611671 0.66383636 0.6616586 0.8523914 0.6037857 0.85270303 0.549644 0.6748211 0.67285645 0 0.66093403 0.6602102
0.99961257 0.680994 0.6684547 0.56882447 0.3422531 0.3562722 0.98757625 0.98832285 0.85114604 0.5660542 0.56882447 0.67089695 0.6662635 0.6682109 0.5616006 0.57224816 0.5707484 0.85207987 0.8530148 0.5711766 0.56903803 0.8523914 0.6682109 0.85114604 0.6748211 0.44024023 0.58763224 0.66093403 0 0.56754464
1.0141612 0.6904751 0.6767909 0.32617044 0.5643545 0.5778452 0.9783054 0.98125964 0.8555138 0.3201698 0.32339495 0.6837262 0.6882187 0.67580533 0.3281814 0.32663402 0.32478142 0.8726031 0.87484723 0.33081922 0.33221948 0.86148244 0.6844731 0.8605368 0.67212105 0.5575939 0.4100987 0.6602102 0.56754464 0
