0 0.936379 0.94867724 0.7936788 0.79223955 0.8014989 0.8026644 0.9842255 0.9713354 0.95080596 0.8105793 1.01146 0.80705124 0.91473794 0.9253087 0.93324894 0.93324894 0.9249654 0.9270277 0.932902 0.927372 0.9458484 0.99734104 0.9504507 0.80617183 0.98348296 0.94903165 0.93082345 0.80705124 0.93116945
0.936379 0 0.26394325 0.928061 0.9242792 0.9353342 0.931862 0.98869646 0.99847597 0.74975425 0.9518725 1.0103053 0.9483231 0.8874743 0.8897634 0.7421839 0.7429914 0.8953518 0.895022 0.8937039 0.8940332 0.929441 1.0168724 0.92771643 0.9137229 0.9838541 0.92119914 0.9006499 0.93324894 0.89865875
0.94867724 0.26394325 0 0.9297863 0.93568236 0.95294064 0.94127417 1.0015109 1.01069 0.7543881 0.9608204 1.0133885 0.96298385 0.8963424 0.8953518 0.74030316 0.7421839 0.90264636 0.89932185 0.8973342 0.8983274 0.9256522 0.9958304 0.9256522 0.9259958 0.99131685 0.92017525 0.90565103 0.9388226 0.8989902
0.7936788 0.928061 0.9297863 0 0.26266474 0.65948707 0.6418672 0.9845971 0.9644296 0.9518725 0.46808907 1.0172604 0.46380812 0.9150766 0.9167723 0.9349863 0.9360306 0.9174517 0.91711193 0.91203403 0.91575444 0.9188122 0.98832285 0.9167723 0.64564204 0.9691478 0.9242792 0.90933985 0.31315327 0.9263396
0.79223955 0.9242792 0.93568236 0.26266474 0 0.66480625 0.6570817 0.9898184 0.9738958 0.9590223 0.48108047 1.0122308 0.471644 0.92085767 0.9188122 0.9388226 0.93987226 0.9232511 0.9225665 0.9205164 0.9232511 0.9335961 1.005704 0.93116945 0.6619002 0.9709704 0.9304776 0.91643286 0.31284967 0.9225665
0.8014989 0.9353342 0.95294064 0.65948707 0.66480625 0 0.2148288 0.99131685 0.9831119 0.97426224 0.6740837 1.01146 0.66286767 0.93151563 0.9225665 0.97426224 0.97170067 0.92840576 0.92771643 0.931862 0.931862 0.93116945 1.0095364 0.9304776 0.4366517 0.97720057 0.9511613 0.9130469 0.65564215 0.9433819
0.8026644 0.931862 0.94127417 0.6418672 0.6570817 0.2148288 0 0.9924427 0.9790429 0.9706055 0.66359407 0.99961257 0.66093403 0.9430302 0.9360306 0.9727974 0.9691478 0.93672764 0.9342909 0.9256522 0.928061 0.9225665 0.9977191 0.92085767 0.4371889 0.97170067 0.9472615 0.9073255 0.6539662 0.95615417
0.9842255 0.98869646 1.0015109 0.9845971 0.9898184 0.99131685 0.9924427 0 0.206881 0.99999183 1.0149349 1.0211525 1.0034139 1.0003713 0.9977191 0.9857129 0.9827411 1.0053219 1.0030329 0.98496884 0.9860852 0.99281836 1.0337447 0.9924427 0.9962078 0.38462073 1.001891 0.9857129 0.9924427 0.990942
0.9713354 0.99847597 1.01069 0.9644296 0.9738958 0.9831119 0.9790429 0.206881 0 1.005704 0.99885464 1.005704 0.9831119 0.98907024 0.9853408 0.9898184 0.98832285 0.9920673 0.9924427 0.9783054 0.98125964 0.9845971 1.002652 0.98496884 0.96226203 0.37830138 0.9901927 0.9808897 0.9746289 0.97352946
0.95080596 0.74975425 0.7543881 0.9518725 0.9590223 0.97426224 0.9706055 0.99999183 1.005704 0 0.9604604 1.0429276 0.95472425 0.9249654 0.9339434 0.19693321 0.19628336 0.9458484 0.9479691 0.93847305 0.94127417 0.927372 1.0278157 0.9287507 0.9440858 0.9838541 0.95794547 0.9167723 0.98125964 0.9554389
0.8105793 0.9518725 0.9608204 0.46808907 0.48108047 0.6740837 0.66359407 1.0149349 0.99885464 0.9604604 0 1.0099207 0.109174065 0.9322085 0.9287507 0.94620144 0.94620144 0.93847305 0.9374253 0.92771643 0.93255514 0.94232726 1.0091523 0.9402225 0.6568416 0.98645765 0.9511613 0.9205164 0.46846247 0.9374253
1.01146 1.0103053 1.0133885 1.0172604 1.0122308 1.01146 0.99961257 1.0211525 1.005704 1.0429276 1.0099207 0 1.0022715 0.99545324 0.99545324 1.032159 1.0345387 1.0003713 0.99847597 1.0072346 1.0083846 1.0091523 0.6694307 1.0091523 1.0172604 0.9842255 1.0274222 1.0083846 1.0246727 1.0126165
0.80705124 0.9483231 0.96298385 0.46380812 0.471644 0.66286767 0.66093403 1.0034139 0.9831119 0.95472425 0.109174065 1.0022715 0 0.931862 0.9229087 0.9419761 0.94127417 0.9335961 0.932902 0.92462224 0.9263396 0.928061 1.0015109 0.9266836 0.65612173 0.96769285 0.9479691 0.91711193 0.46399376 0.92909575
0.91473794 0.8874743 0.8963424 0.9150766 0.92085767 0.93151563 0.9430302 1.0003713 0.98907024 0.9249654 0.9322085 0.99545324 0.931862 0 0.10066301 0.9019803 0.89932185 0.10364238 0.10272439 0.2738184 0.2739625 0.41182843 0.982 0.41269478 0.92393637 0.9673296 0.42036211 0.40992597 0.92771643 0.3077075
0.9253087 0.8897634 0.8953518 0.9167723 0.9188122 0.9225665 0.9360306 0.9977191 0.9853408 0.9339434 0.9287507 0.99545324 0.9229087 0.10066301 0 0.91203403 0.90900373 0.055719454 0.0543205 0.2703688 0.2713733 0.41269478 1.0053219 0.41425672 0.91983426 0.96190137 0.417914 0.4087178 0.9242792 0.3063522
0.93324894 0.7421839 0.74030316 0.9349863 0.9388226 0.97426224 0.9727974 0.9857129 0.9898184 0.19693321 0.94620144 1.032159 0.9419761 0.9019803 0.91203403 0 0.01403042 0.91779155 0.92085767 0.91983426 0.92119914 0.9046481 1.0176488 0.9073255 0.9483231 0.97573 0.94092345 0.90933985 0.9497408 0.9297863
0.93324894 0.7429914 0.7421839 0.9360306 0.93987226 0.97170067 0.9691478 0.9827411 0.98832285 0.19628336 0.94620144 1.0345387 0.94127417 0.89932185 0.90900373 0.01403042 0 0.9133848 0.9167723 0.9188122 0.92017525 0.90498227 1.0130024 0.90766084 0.9472615 0.97573 0.93987226 0.9053166 0.95472425 0.928061
0.9249654 0.8953518 0.90264636 0.9174517 0.9232511 0.92840576 0.93672764 1.0053219 0.9920673 0.9458484 0.93847305 1.0003713 0.9335961 0.10364238 0.055719454 0.91779155 0.9133848 0 0.012300316 0.27511612 0.27482754 0.41269478 1.0015109 0.414083 0.9256522 0.9709704 0.420187 0.41217485 0.9301319 0.3084615
0.9270277 0.895022 0.89932185 0.91711193 0.9225665 0.92771643 0.9342909 1.0030329 0.9924427 0.9479691 0.9374253 0.99847597 0.932902 0.10272439 0.0543205 0.92085767 0.9167723 0.012300316 0 0.27324238 0.27295452 0.41113606 1.001891 0.41252142 0.92462224 0.9706055 0.4180886 0.41044435 0.9256522 0.3084615
0.932902 0.8937039 0.8973342 0.91203403 0.9205164 0.931862 0.9256522 0.98496884 0.9783054 0.93847305 0.92771643 1.0072346 0.92462224 0.2738184 0.2703688 0.91983426 0.9188122 0.27511612 0.27324238 0 0.008447394 0.40356198 0.9962078 0.40373325 0.9229087 0.9666036 0.41044435 0.39912206 0.93116945 0.30364898
0.927372 0.8940332 0.8983274 0.91575444 0.9232511 0.931862 0.928061 0.9860852 0.98125964 0.94127417 0.93255514 1.0083846 0.9263396 0.2739625 0.2713733 0.92119914 0.92017525 0.27482754 0.27295452 0.008447394 0 0.40270612 0.9950763 0.40270612 0.9242792 0.96841997 0.40992597 0.3981012 0.93082345 0.30349907
0.9458484 0.929441 0.9256522 0.9188122 0.9335961 0.93116945 0.9225665 0.99281836 0.9845971 0.927372 0.94232726 1.0091523 0.928061 0.41182843 0.41269478 0.9046481 0.90498227 0.41269478 0.41113606 0.40356198 0.40270612 0 1.0301816 0.0056210114 0.9218825 0.9691478 0.4215892 0.41425672 0.9322085 0.41356212
0.99734104 1.0168724 0.9958304 0.98832285 1.005704 1.0095364 0.9977191 1.0337447 1.002652 1.0278157 1.0091523 0.6694307 1.0015109 0.982 1.0053219 1.0176488 1.0130024 1.0015109 1.001891 0.9962078 0.9950763 1.0301816 0 1.030972 1.0246727 1.0053219 1.0149349 0.9779369 1.0064689 0.99658537
0.9504507 0.92771643 0.9256522 0.9167723 0.93116945 0.9304776 0.92085767 0.9924427 0.98496884 0.9287507 0.9402225 1.0091523 0.9266836 0.41269478 0.41425672 0.9073255 0.90766084 0.414083 0.41252142 0.40373325 0.40270612 0.0056210114 1.030972 0 0.91949344 0.9709704 0.4224669 0.41495198 0.931862 0.41286817
0.80617183 0.9137229 0.9259958 0.64564204 0.6619002 0.4366517 0.4371889 0.9962078 0.96226203 0.9440858 0.6568416 1.0172604 0.65612173 0.92393637 0.91983426 0.9483231 0.9472615 0.9256522 0.92462224 0.9229087 0.9242792 0.9218825 1.0246727 0.91949344 0 0.9764649 0.953297 0.9150766 0.65612173 0.936379
0.98348296 0.9838541 0.99131685 0.9691478 0.9709704 0.97720057 0.97170067 0.38462073 0.37830138 0.9838541 0.98645765 0.9842255 0.96769285 0.9673296 0.96190137 0.97573 0.97573 0.9709704 0.9706055 0.9666036 0.96841997 0.9691478 1.0053219 0.9709704 0.9764649 0 0.98757625 0.9608204 0.98832285 0.96406794
0.94903165 0.92119914 0.92017525 0.9242792 0.9304776 0.9511613 0.9472615 1.001891 0.9901927 0.95794547 0.9511613 1.0274222 0.9479691 0.42036211 0.417914 0.94092345 0.93987226 0.420187 0.4180886 0.41044435 0.40992597 0.4215892 1.0149349 0.4224669 0.953297 0.98757625 0 0.31604344 0.9433819 0.42211568
0.93082345 0.9006499 0.90565103 0.90933985 0.91643286 0.9130469 0.9073255 0.9857129 0.9808897 0.9167723 0.9205164 1.0083846 0.91711193 0.40992597 0.4087178 0.90933985 0.9053166 0.41217485 0.41044435 0.39912206 0.3981012 0.41425672 0.9779369 0.41495198 0.9150766 0.9608204 0.31604344 0 0.92154074 0.41217485
0.80705124 0.93324894 0.9388226 0.31315327 0.31284967 0.65564215 0.6539662 0.9924427 0.9746289 0.98125964 0.46846247 1.0246727 0.46399376 0.92771643 0.9242792 0.9497408 0.95472425 0.9301319 0.9256522 0.93116945 0.93082345 0.9322085 1.0064689 0.931862 0.65612173 0.98832285 0.9433819 0.92154074 0 0.932902
0.93116945 0.89865875 0.8989902 0.9263396 0.9225665 0.9433819 0.95615417 0.990942 0.97352946 0.9554389 0.9374253 1.0126165 0.92909575 0.3077075 0.3063522 0.9297863 0.928061 0.3084615 0.3084615 0.30364898 0.30349907 0.41356212 0.99658537 0.41286817 0.936379 0.96406794 0.42211568 0.41217485 0.932902 0
