0 0.9950763 1.0076177 0.99885464 0.99999183 0.9969631 0.9790429 0.9666036 0.76707226 0.7590508 0.99131685 0.7734957 0.99734104 0.7676286 0.76651627 0.9738958 0.9808897 0.74921095 0.75056994 0.76707226 0.7693002 0.83636117 1.0011308 0.83849925 1.001891 0.8272665 0.7511142 1.0076177 0.98645765 0.74406934
0.9950763 0 0.22677536 0.45605326 0.70109564 0.69097745 0.58348435 0.58697575 0.9827411 0.96769285 0.46010533 0.9962078 0.4656664 1.0373245 1.0219333 0.45476854 0.4558696 1.0053219 1.0034139 1.0258498 1.0219333 1.01146 0.45881367 1.0118452 0.41044435 1.0049399 1.0076177 0.4586293 0.4522057 1.0068517
1.0076177 0.22677536 0 0.45605326 0.6929902 0.67975533 0.59400773 0.58960503 0.9931942 0.9894442 0.45623696 0.9894442 0.45992067 1.042526 1.0262426 0.45312 0.45642072 1.0103053 1.002652 1.0203725 1.0168724 1.000751 0.46455088 1.0022715 0.4130416 1.0130024 1.0080011 0.4604748 0.44983372 1.0141612
0.99885464 0.45605326 0.45605326 0 0.70033205 0.6812419 0.5828315 0.5808764 0.9709704 0.9615409 0.20595923 0.98348296 0.21018235 1.0215429 1.0188149 0.31239453 0.30891424 0.9790429 0.97867405 1.0149349 1.0157093 1.0049399 0.41948688 1.0083846 0.4586293 1.0091523 0.9842255 0.31573868 0.31406474 0.98832285
0.99999183 0.70109564 0.6929902 0.70033205 0 0.2148288 0.6867182 0.6982995 0.99545324 0.98683035 0.69906104 1.0180373 0.6960195 1.0246727 1.0188149 0.6854701 0.6932422 1.0053219 1.0049399 1.0195932 1.0246727 1.0126165 0.6972853 1.01069 0.6955138 1.0195932 1.0242808 0.69855326 0.6972853 1.0157093
0.9969631 0.69097745 0.67975533 0.6812419 0.2148288 0 0.67629796 0.6844731 0.99923354 0.98683035 0.682483 1.0080011 0.68198633 1.0345387 1.0242808 0.680994 0.6844731 1.0164845 1.0149349 1.0282096 1.0313674 1.0003713 0.6877182 0.99961257 0.6802505 1.014548 1.0188149 0.6892207 0.6967787 1.0049399
0.9790429 0.58348435 0.59400773 0.5828315 0.6867182 0.67629796 0 0.19381903 0.99658537 0.9775687 0.57590306 0.9898184 0.5802258 1.015322 1.01069 0.57010657 0.5735361 0.99885464 0.99658537 1.0091523 1.0087683 1.014548 0.58610135 1.0164845 0.57439595 0.99999183 0.98869646 0.59180313 0.5832667 0.9860852
0.9666036 0.58697575 0.58960503 0.5808764 0.6982995 0.6844731 0.19381903 0 1.0087683 0.9801504 0.56818426 0.98348296 0.57719725 1.0313674 1.0242808 0.56754464 0.56818426 1.0091523 1.0041765 1.0199828 1.018426 1.0072346 0.5793593 1.0080011 0.5850098 1.0045581 0.9842255 0.5845737 0.5741809 0.9857129
0.76707226 0.9827411 0.9931942 0.9709704 0.99545324 0.99923354 0.99658537 1.0087683 0 0.12969437 0.99847597 0.7587757 0.97573 0.7977235 0.79252714 0.98907024 0.9872032 0.7799746 0.7746184 0.7890828 0.79109013 0.84187144 0.98794943 0.8474224 0.98237044 0.8446418 0.7629125 0.99847597 0.99169195 0.7847996
0.7590508 0.96769285 0.9894442 0.9615409 0.98683035 0.98683035 0.9775687 0.9801504 0.12969437 0 0.9790429 0.74975425 0.96334505 0.79859304 0.79483217 0.97609735 0.97573 0.7757428 0.7734957 0.7885103 0.7882242 0.8446418 0.9831119 0.8514572 0.97316337 0.83483773 0.756853 0.99131685 0.97426224 0.77715075
0.99131685 0.46010533 0.45623696 0.20595923 0.69906104 0.682483 0.57590306 0.56818426 0.99847597 0.9790429 0 0.98125964 0.11602979 1.025065 1.0238891 0.30831063 0.30785823 0.982 0.98683035 1.025065 1.0242808 0.98645765 0.4236974 0.9872032 0.45697227 1.0080011 0.9857129 0.31482518 0.30545005 0.990942
0.7734957 0.9962078 0.9894442 0.98348296 1.0180373 1.0080011 0.9898184 0.98348296 0.7587757 0.74975425 0.98125964 0 0.97941184 0.5694652 0.5739659 0.98496884 0.9831119 0.5618121 0.56117785 0.5713908 0.5694652 0.82186216 1.002652 0.82156307 0.99056727 0.81828076 0.5557034 1.01146 1.0087683 0.54632175
0.99734104 0.4656664 0.45992067 0.21018235 0.6960195 0.68198633 0.5802258 0.57719725 0.97573 0.96334505 0.11602979 0.97941184 0 1.0130024 1.0149349 0.30891424 0.30575064 0.9691478 0.97720057 1.0149349 1.014548 0.97867405 0.4189622 0.97978103 0.45973605 0.9939465 0.97243166 0.31711105 0.3119397 0.97978103
0.7676286 1.0373245 1.042526 1.0215429 1.0246727 1.0345387 1.015322 1.0313674 0.7977235 0.79859304 1.025065 0.5694652 1.0130024 0 0.10582713 1.0329514 1.0349361 0.35852686 0.35836557 0.105942294 0.10525158 0.85959244 1.0445362 0.85896355 1.0361294 0.8514572 0.30665317 1.042526 1.0341415 0.3463679
0.76651627 1.0219333 1.0262426 1.0188149 1.0188149 1.0242808 1.01069 1.0242808 0.79252714 0.79483217 1.0238891 0.5739659 1.0149349 0.10582713 0 1.0122308 1.0238891 0.35258272 0.35258272 0.08080027 0.078687124 0.8567664 1.0227151 0.85802114 1.0274222 0.84433347 0.3052998 1.0270288 1.015322 0.3484338
0.9738958 0.45476854 0.45312 0.31239453 0.6854701 0.680994 0.57010657 0.56754464 0.98907024 0.97609735 0.30831063 0.98496884 0.30891424 1.0329514 1.0122308 0 0.06635024 1.0030329 1.0015109 1.0122308 1.0099207 0.99545324 0.41148216 0.9962078 0.4571562 1.0080011 0.98645765 0.29086626 0.27771828 0.9827411
0.9808897 0.4558696 0.45642072 0.30891424 0.6932422 0.6844731 0.5735361 0.56818426 0.9872032 0.97573 0.30785823 0.9831119 0.30575064 1.0349361 1.0238891 0.06635024 0 1.0030329 1.002652 1.0176488 1.0157093 0.9969631 0.41495198 0.99847597 0.4571562 1.0137748 0.9931942 0.28983533 0.27974844 0.99169195
0.74921095 1.0053219 1.0103053 0.9790429 1.0053219 1.0164845 0.99885464 1.0091523 0.7799746 0.7757428 0.982 0.5618121 0.9691478 0.35852686 0.35258272 1.0030329 1.0030329 0 0.021711241 0.35595062 0.35354343 0.8366663 1.0180373 0.83941746 0.99169195 0.8266641 0.33237523 1.0172604 1.0195932 0.2458227
0.75056994 1.0034139 1.002652 0.97867405 1.0049399 1.0149349 0.99658537 1.0041765 0.7746184 0.7734957 0.98683035 0.56117785 0.97720057 0.35836557 0.35258272 1.0015109 1.002652 0.021711241 0 0.35546857 0.35290283 0.8375822 1.0149349 0.84033674 0.9931942 0.8269652 0.33206376 1.0180373 1.0234975 0.24485183
0.76707226 1.0258498 1.0203725 1.0149349 1.0195932 1.0282096 1.0091523 1.0199828 0.7890828 0.7885103 1.025065 0.5713908 1.0149349 0.105942294 0.08080027 1.0122308 1.0176488 0.35595062 0.35546857 0 0.017912205 0.86148244 1.0274222 0.863061 1.0246727 0.84125715 0.30605137 1.0301816 1.0160967 0.34970793
0.7693002 1.0219333 1.0168724 1.0157093 1.0246727 1.0313674 1.0087683 1.018426 0.79109013 0.7882242 1.0242808 0.5694652 1.014548 0.10525158 0.078687124 1.0099207 1.0157093 0.35354343 0.35290283 0.017912205 0 0.8599071 1.0278157 0.86179787 1.0258498 0.83911127 0.30424884 1.0297868 1.0137748 0.3481156
0.83636117 1.01146 1.000751 1.0049399 1.0126165 1.0003713 1.014548 1.0072346 0.84187144 0.8446418 0.98645765 0.82186216 0.97867405 0.85959244 0.8567664 0.99545324 0.9969631 0.8366663 0.8375822 0.86148244 0.8599071 0 1.0274222 0.011182959 0.9939465 0.3884716 0.8327101 0.99658537 0.9816297 0.8357514
1.0011308 0.45881367 0.46455088 0.41948688 0.6972853 0.6877182 0.58610135 0.5793593 0.98794943 0.9831119 0.4236974 1.002652 0.4189622 1.0445362 1.0227151 0.41148216 0.41495198 1.0180373 1.0149349 1.0274222 1.0278157 1.0274222 0 1.0274222 0.46827576 1.0234975 1.0231062 0.4236974 0.41460428 1.002652
0.83849925 1.0118452 1.0022715 1.0083846 1.01069 0.99961257 1.0164845 1.0080011 0.8474224 0.8514572 0.9872032 0.82156307 0.97978103 0.85896355 0.85802114 0.9962078 0.99847597 0.83941746 0.84033674 0.863061 0.86179787 0.011182959 1.0274222 0 0.9943229 0.38947943 0.8354467 0.9969631 0.9801504 0.83788776
1.001891 0.41044435 0.4130416 0.4586293 0.6955138 0.6802505 0.57439595 0.5850098 0.98237044 0.97316337 0.45697227 0.99056727 0.45973605 1.0361294 1.0274222 0.4571562 0.4571562 0.99169195 0.9931942 1.0246727 1.0258498 0.9939465 0.46827576 0.9943229 0 0.9962078 0.9962078 0.4714565 0.4571562 0.99131685
0.8272665 1.0049399 1.0130024 1.0091523 1.0195932 1.014548 0.99999183 1.0045581 0.8446418 0.83483773 1.0080011 0.81828076 0.9939465 0.8514572 0.84433347 1.0080011 1.0137748 0.8266641 0.8269652 0.84125715 0.83911127 0.3884716 1.0234975 0.38947943 0.9962078 0 0.82156307 1.0049399 1.0068517 0.8345334
0.7511142 1.0076177 1.0080011 0.9842255 1.0242808 1.0188149 0.98869646 0.9842255 0.7629125 0.756853 0.9857129 0.5557034 0.97243166 0.30665317 0.3052998 0.98645765 0.9931942 0.33237523 0.33206376 0.30605137 0.30424884 0.8327101 1.0231062 0.8354467 0.9962078 0.82156307 0 1.0091523 1.0160967 0.3340906
1.0076177 0.4586293 0.4604748 0.31573868 0.69855326 0.6892207 0.59180313 0.5845737 0.99847597 0.99131685 0.31482518 1.01146 0.31711105 1.042526 1.0270288 0.29086626 0.28983533 1.0172604 1.0180373 1.0301816 1.0297868 0.99658537 0.4236974 0.9969631 0.4714565 1.0049399 1.0091523 0 0.26950887 1.0087683
0.98645765 0.4522057 0.44983372 0.31406474 0.6972853 0.6967787 0.5832667 0.5741809 0.99169195 0.97426224 0.30545005 1.0087683 0.3119397 1.0341415 1.015322 0.27771828 0.27974844 1.0195932 1.0234975 1.0160967 1.0137748 0.9816297 0.41460428 0.9801504 0.4571562 1.0068517 1.0160967 0.26950887 0 1.0211525
0.74406934 1.0068517 1.0141612 0.98832285 1.0157093 1.0049399 0.9860852 0.9857129 0.7847996 0.77715075 0.990942 0.54632175 0.97978103 0.3463679 0.3484338 0.9827411 0.99169195 0.2458227 0.24485183 0.34970793 0.3481156 0.8357514 1.002652 0.83788776 0.99131685 0.8345334 0.3340906 1.0087683 1.0211525 0
