0 0.7264779001 0.7157541001 0.7238481601 0.7207046001 0.7157541001 0.7227989001 0.7275324001 0.7259512001 0.7272686401 0.4692098501 0.7204432501 0.4692098501 0.7201819401 0.7254249001 0.9622620301 0.7246361401 0.7175742001 0.7180950001 0.7246361401 0.7227989001 0.9706055001 0.7162736701 0.9706055001 0.7283242301 0.9812596401 0.7262145001 0.7288525701 0.7188769601 0.7108360501
0.7264779001 0 0.1490821401 0.4654803601 0.4582607701 0.4623248001 0.4578924001 0.6962725001 0.6967787001 0.4589980501 0.7299104301 0.7044136501 0.7230610001 0.4516576501 0.4578924001 1.0133885001 0.4632515301 0.2470728201 0.2474899901 0.4649225501 0.4632515301 1.0133885001 0.6955138001 1.0133885001 0.2953006301 1.0289978001 0.4580765701 0.7028804401 0.7031358001 0.6914801601
0.7157541001 0.1490821401 0 0.4601053301 0.4558696001 0.4527541401 0.4511100001 0.6887196001 0.6927383001 0.4586293001 0.7227989001 0.7092896701 0.7178345301 0.4491053801 0.4536691001 0.9988546401 0.4580765701 0.2416706401 0.2418086701 0.4597360501 0.4586293001 0.9984759701 0.6839750401 0.9984759701 0.2904242601 1.0080011001 0.4584450001 0.6909774501 0.6914801601 0.6807461001
0.7238481601 0.4654803601 0.4601053301 0 0.1168473601 0.4279317301 0.4242254001 0.6882187001 0.6889701001 0.1790737001 0.7277962601 0.7141975001 0.7183555401 0.1778051001 0.1821271301 0.9977191001 0.4194868801 0.4599206701 0.4610293201 0.4151258801 0.4149519801 0.9999918301 0.6950084001 0.9999918301 0.4575242001 1.0234975001 0.1867307301 0.7085177001 0.7110941001 0.7044136501
0.7207046001 0.4582607701 0.4558696001 0.1168473601 0 0.4194868801 0.4166929001 0.6919831601 0.6945033001 0.1745167201 0.7293813001 0.7141975001 0.7214892501 0.1713683801 0.1766651701 0.9916919501 0.4128681701 0.4549519401 0.4558696001 0.4087178001 0.4083730001 0.9965853701 0.6942509401 0.9965853701 0.4540354001 1.0199828001 0.1804716401 0.7026252001 0.7049255001 0.6993151001
0.7157541001 0.4623248001 0.4527541401 0.4279317301 0.4194868801 0 0.1082492801 0.6942509401 0.7031358001 0.4245776001 0.7280602001 0.7090322401 0.7204432501 0.4184379301 0.4186126601 0.9849688401 0.3057506401 0.4630661001 0.4636225401 0.3056003501 0.3052998001 0.9924427001 0.6942509401 0.9924427001 0.4575242001 1.0133885001 0.4261645001 0.6947558001 0.6993151001 0.6812419001
0.7227989001 0.4578924001 0.4511100001 0.4242254001 0.4166929001 0.1082492801 0 0.6972853001 0.7008410001 0.4251062001 0.7272686401 0.7144567401 0.7199207501 0.4156478601 0.4180886001 0.9842255001 0.3030495601 0.4613992301 0.4621396001 0.3028997801 0.3024506601 0.9920673001 0.6899731001 0.9920673001 0.4536691001 1.0133885001 0.4235215001 0.7000776501 0.7046695401 0.6879684301
0.7275324001 0.6962725001 0.6887196001 0.6882187001 0.6919831601 0.6942509401 0.6972853001 0 0.1173149401 0.6864684001 0.7157541001 0.6315835001 0.7069760601 0.6832287001 0.6809940001 0.9797810301 0.6877182001 0.6804982401 0.6775309001 0.6844731001 0.6832287001 0.9913168501 0.6175558001 0.9913168501 0.6790131001 1.0041765001 0.6899731001 0.5337889001 0.5329743601 0.5216625301
0.7259512001 0.6967787001 0.6927383001 0.6889701001 0.6945033001 0.7031358001 0.7008410001 0.1173149401 0 0.6907262001 0.7243734001 0.6353068001 0.7183555401 0.6892207001 0.6862187401 0.9913168501 0.6937464001 0.6753130601 0.6721210501 0.6884691001 0.6869681001 0.9954532401 0.6182396001 0.9954532401 0.6758053301 1.0057040001 0.6955138001 0.5430141001 0.5323640001 0.5230672401
0.7272686401 0.4589980501 0.4586293001 0.1790737001 0.1745167201 0.4245776001 0.4251062001 0.6864684001 0.6907262001 0 0.7230610001 0.7067194001 0.7162736701 0.1007773801 0.1041018001 1.0045581001 0.4177394501 0.4562369601 0.4564207201 0.4172160001 0.4172160001 1.0057040001 0.6990610401 1.0057040001 0.4556859701 1.0341415001 0.1842975301 0.7039022401 0.6957665701 0.6942509401
0.4692098501 0.7299104301 0.7227989001 0.7277962601 0.7293813001 0.7280602001 0.7272686401 0.7157541001 0.7243734001 0.7230610001 0 0.7134204501 0.1057119801 0.7299104301 0.7349555501 0.9857129001 0.7277962601 0.7157541001 0.7188769601 0.7285883401 0.7280602001 0.9954532401 0.7147160001 0.9954532401 0.7214892501 0.9924427001 0.7362889001 0.7312348001 0.7330929001 0.7233233501
0.7204432501 0.7044136501 0.7092896701 0.7141975001 0.7141975001 0.7090322401 0.7144567401 0.6315835001 0.6353068001 0.7067194001 0.7134204501 0 0.7105781001 0.7064628601 0.7116104401 1.0034139001 0.7134204501 0.6967787001 0.6960195001 0.7074895501 0.7080034001 1.0007510001 0.3841199001 1.0007510001 0.7000776501 1.0037951001 0.7147160001 0.6482482601 0.6520554001 0.6369415001
0.4692098501 0.7230610001 0.7178345301 0.7183555401 0.7214892501 0.7204432501 0.7199207501 0.7069760601 0.7183555401 0.7162736701 0.1057119801 0.7105781001 0 0.7165336001 0.7233233501 0.9864576501 0.7186162001 0.7149754001 0.7188769601 0.7196597001 0.7191378001 0.9946995001 0.7157541001 0.9946995001 0.7175742001 0.9879494301 0.7214892501 0.7199207501 0.7170537001 0.7103202301
0.7201819401 0.4516576501 0.4491053801 0.1778051001 0.1713683801 0.4184379301 0.4156478601 0.6832287001 0.6892207001 0.1007773801 0.7299104301 0.7064628601 0.7165336001 0 0.0892002701 0.9864576501 0.4107901201 0.4503804001 0.4507451001 0.4094079401 0.4095806001 0.9857129001 0.6932422001 0.9857129001 0.4507451001 1.0211525001 0.1778051001 0.6957665701 0.6950084001 0.6864684001
0.7254249001 0.4578924001 0.4536691001 0.1821271301 0.1766651701 0.4186126601 0.4180886001 0.6809940001 0.6862187401 0.1041018001 0.7349555501 0.7116104401 0.7233233501 0.0892002701 0 1.0030329001 0.4099259701 0.4551353801 0.4547685401 0.4066512301 0.4069952701 1.0099207001 0.6998234001 1.0099207001 0.4498337201 1.0373245001 0.1807261001 0.7013504001 0.7021150001 0.6939986301
0.9622620301 1.0133885001 0.9988546401 0.9977191001 0.9916919501 0.9849688401 0.9842255001 0.9797810301 0.9913168501 1.0045581001 0.9857129001 1.0034139001 0.9864576501 0.9864576501 1.0030329001 0 0.9764649001 1.0133885001 1.0083846001 0.9698763001 0.9738958001 0.0451310431 1.0110749001 0.0451310431 1.0080011001 0.2219201001 0.9943229001 1.0041765001 0.9999918301 0.9916919501
0.7246361401 0.4632515301 0.4580765701 0.4194868801 0.4128681701 0.3057506401 0.3030495601 0.6877182001 0.6937464001 0.4177394501 0.7277962601 0.7134204501 0.7186162001 0.4107901201 0.4099259701 0.9764649001 0 0.4593669501 0.4602900401 0.0250124861 0.0245990341 0.9783054001 0.6980458501 0.9783054001 0.4527541401 1.0095364001 0.4193119401 0.7005865001 0.7069760601 0.6907262001
0.7175742001 0.2470728201 0.2416706401 0.4599206701 0.4549519401 0.4630661001 0.4613992301 0.6804982401 0.6753130601 0.4562369601 0.7157541001 0.6967787001 0.7149754001 0.4503804001 0.4551353801 1.0133885001 0.4593669501 0 0.0201687721 0.4613992301 0.4593669501 1.0083846001 0.6782716001 1.0083846001 0.2921938301 1.0301816001 0.4569722701 0.6957665701 0.6867182001 0.6755591601
0.7180950001 0.2474899901 0.2418086701 0.4610293201 0.4558696001 0.4636225401 0.4621396001 0.6775309001 0.6721210501 0.4564207201 0.7188769601 0.6960195001 0.7188769601 0.4507451001 0.4547685401 1.0083846001 0.4602900401 0.0201687721 0 0.4623248001 0.4601053301 1.0030329001 0.6782716001 1.0030329001 0.2936716401 1.0274222001 0.4580765701 0.6962725001 0.6857195501 0.6733471001
0.7246361401 0.4649225501 0.4597360501 0.4151258801 0.4087178001 0.3056003501 0.3028997801 0.6844731001 0.6884691001 0.4172160001 0.7285883401 0.7074895501 0.7196597001 0.4094079401 0.4066512301 0.9698763001 0.0250124861 0.4613992301 0.4623248001 0 0.0050167414 0.9724316601 0.6952610001 0.9724316601 0.4534860301 1.0034139001 0.4184379301 0.6980458501 0.7049255001 0.6887196001
0.7227989001 0.4632515301 0.4586293001 0.4149519801 0.4083730001 0.3052998001 0.3024506601 0.6832287001 0.6869681001 0.4172160001 0.7280602001 0.7080034001 0.7191378001 0.4095806001 0.4069952701 0.9738958001 0.0245990341 0.4593669501 0.4601053301 0.0050167414 0 0.9760973501 0.6965256001 0.9760973501 0.4538522401 1.0076177001 0.4179140001 0.6972853001 0.7039022401 0.6862187401
0.9706055001 1.0133885001 0.9984759701 0.9999918301 0.9965853701 0.9924427001 0.9920673001 0.9913168501 0.9954532401 1.0057040001 0.9954532401 1.0007510001 0.9946995001 0.9857129001 1.0099207001 0.0451310431 0.9783054001 1.0083846001 1.0030329001 0.9724316601 0.9760973501 0 1.0118452001 1e-10 1.0095364001 0.2223235001 0.9999918301 1.0007510001 1.0011308001 0.9913168501
0.7162736701 0.6955138001 0.6839750401 0.6950084001 0.6942509401 0.6942509401 0.6899731001 0.6175558001 0.6182396001 0.6990610401 0.7147160001 0.3841199001 0.7157541001 0.6932422001 0.6998234001 1.0110749001 0.6980458501 0.6782716001 0.6782716001 0.6952610001 0.6965256001 1.0118452001 0 1.0118452001 0.6804982401 1.0099207001 0.6980458501 0.6327450001 0.6320479001 0.6308874501
0.9706055001 1.0133885001 0.9984759701 0.9999918301 0.9965853701 0.9924427001 0.9920673001 0.9913168501 0.9954532401 1.0057040001 0.9954532401 1.0007510001 0.9946995001 0.9857129001 1.0099207001 0.0451310431 0.9783054001 1.0083846001 1.0030329001 0.9724316601 0.9760973501 1e-10 1.0118452001 0 1.0095364001 0.2223235001 0.9999918301 1.0007510001 1.0011308001 0.9913168501
0.7283242301 0.2953006301 0.2904242601 0.4575242001 0.4540354001 0.4575242001 0.4536691001 0.6790131001 0.6758053301 0.4556859701 0.7214892501 0.7000776501 0.7175742001 0.4507451001 0.4498337201 1.0080011001 0.4527541401 0.2921938301 0.2936716401 0.4534860301 0.4538522401 1.0095364001 0.6804982401 1.0095364001 0 1.0365276001 0.4542186301 0.6985532601 0.6952610001 0.6832287001
0.9812596401 1.0289978001 1.0080011001 1.0234975001 1.0199828001 1.0133885001 1.0133885001 1.0041765001 1.0057040001 1.0341415001 0.9924427001 1.0037951001 0.9879494301 1.0211525001 1.0373245001 0.2219201001 1.0095364001 1.0301816001 1.0274222001 1.0034139001 1.0076177001 0.2223235001 1.0099207001 0.2223235001 1.0365276001 0 1.0270288001 1.0361294001 1.0445362001 1.0317632001
0.7262145001 0.4580765701 0.4584450001 0.1867307301 0.1804716401 0.4261645001 0.4235215001 0.6899731001 0.6955138001 0.1842975301 0.7362889001 0.7147160001 0.7214892501 0.1778051001 0.1807261001 0.9943229001 0.4193119401 0.4569722701 0.4580765701 0.4184379301 0.4179140001 0.9999918301 0.6980458501 0.9999918301 0.4542186301 1.0270288001 0 0.7049255001 0.7018601001 0.6998234001
0.7288525701 0.7028804401 0.6909774501 0.7085177001 0.7026252001 0.6947558001 0.7000776501 0.5337889001 0.5430141001 0.7039022401 0.7312348001 0.6482482601 0.7199207501 0.6957665701 0.7013504001 1.0041765001 0.7005865001 0.6957665701 0.6962725001 0.6980458501 0.6972853001 1.0007510001 0.6327450001 1.0007510001 0.6985532601 1.0361294001 0.7049255001 0 0.1849370901 0.1800901301
0.7188769601 0.7031358001 0.6914801601 0.7110941001 0.7049255001 0.6993151001 0.7046695401 0.5329743601 0.5323640001 0.6957665701 0.7330929001 0.6520554001 0.7170537001 0.6950084001 0.7021150001 0.9999918301 0.7069760601 0.6867182001 0.6857195501 0.7049255001 0.7039022401 1.0011308001 0.6320479001 1.0011308001 0.6952610001 1.0445362001 0.7018601001 0.1849370901 0 0.1479850301
0.7108360501 0.6914801601 0.6807461001 0.7044136501 0.6993151001 0.6812419001 0.6879684301 0.5216625301 0.5230672401 0.6942509401 0.7233233501 0.6369415001 0.7103202301 0.6864684001 0.6939986301 0.9916919501 0.6907262001 0.6755591601 0.6733471001 0.6887196001 0.6862187401 0.9913168501 0.6308874501 0.9913168501 0.6832287001 1.0317632001 0.6998234001 0.1800901301 0.1479850301 0
