0 0.555619473 0.561510073 0.561087773 0.576873373 0.573861273 0.571931373 0.559822323 0.562778413 0.566808973 0.563625173 0.562990013 0.560665723 0.559822323 0.561932623 0.568299413 0.568086323 0.569792803 0.570006373 0.564260843 0.563201673 0.563413373 0.568939033 0.563201673 1.019569673 0.562778413 0.568299413 0.561510073 1.009907073 0.995831073
0.555619473 0 0.124174943 0.274573173 0.338915493 0.331263173 0.331729443 0.329866073 0.333285773 0.331729443 0.341746303 0.273277733 0.337190833 0.275582313 0.276737273 0.342061493 0.339543643 0.344745973 0.343955423 0.338444743 0.338758553 0.342061493 0.330641923 0.342061493 1.010291173 0.334533173 0.160402203 0.334845373 1.007989373 0.997717873
0.561510073 0.124174943 0 0.281084273 0.345379023 0.338915493 0.341903873 0.336877673 0.341588733 0.342219113 0.347440123 0.287359233 0.344113473 0.281811233 0.282538893 0.346963973 0.344271543 0.350781593 0.350781593 0.344429643 0.344271543 0.346646723 0.338444743 0.346646723 1.010291173 0.340172323 0.163377423 0.346488143 1.005694673 0.986095573
0.561087773 0.274573173 0.281084273 0 0.346488143 0.337817523 0.341903873 0.335001493 0.338131073 0.337034223 0.340486853 0.267689773 0.336251773 0.125000613 0.124292843 0.340172323 0.338758553 0.345062433 0.345695733 0.335626373 0.334845373 0.339700753 0.343955423 0.339543643 1.027390273 0.338444743 0.283996343 0.339700753 1.018015173 1.003787673
0.576873373 0.338915493 0.345379023 0.346488143 0 0.0836741730000002 0.340801503 0.337034223 0.339229493 0.339543643 0.346646723 0.340644153 0.343955423 0.347281373 0.348870373 0.346329603 0.343165693 0.352857593 0.350303323 0.343955423 0.343323573 0.346171073 0.208426773 0.346171073 1.012214773 0.345379023 0.350462703 0.345062433 1.010675473 1.004168673
0.573861273 0.331263173 0.338915493 0.337817523 0.0836741730000002 0 0.335626373 0.332351593 0.333285773 0.333597453 0.339857903 0.333597453 0.337034223 0.338758553 0.340172323 0.339386553 0.335782673 0.348711313 0.346963973 0.337190833 0.336408193 0.338601623 0.201599003 0.338601623 0.995454273 0.336721153 0.342061493 0.336095373 0.991696773 0.984980273
0.571931373 0.331729443 0.341903873 0.341903873 0.340801503 0.335626373 0 0.0633996870000001 0.0927760830000001 0.0951539830000002 0.183136923 0.341746303 0.178559873 0.340015073 0.339543643 0.180972053 0.179828473 0.356705393 0.354138013 0.178053023 0.177040373 0.181099233 0.340644153 0.181099233 1.035293473 0.172248823 0.341903873 0.344271543 1.031331473 1.019569673
0.559822323 0.329866073 0.336877673 0.335001493 0.337034223 0.332351593 0.0633996870000001 0 0.0925500090000002 0.0931153230000002 0.178559873 0.339229493 0.174640773 0.335626373 0.334689273 0.176913873 0.175902753 0.349347713 0.347440123 0.174136563 0.173129173 0.175776473 0.336877673 0.175776473 1.021517173 0.168862823 0.337347443 0.340329553 1.016076773 1.005312873
0.562778413 0.333285773 0.341588733 0.338131073 0.339229493 0.333285773 0.0927760830000001 0.0925500090000002 0 0.0484390100000002 0.181608143 0.342061493 0.177673113 0.334065173 0.334689273 0.178940223 0.177799733 0.352537843 0.350462703 0.176660973 0.176029073 0.179447663 0.339700753 0.179447663 1.034896273 0.171495053 0.341903873 0.344113473 1.028176973 1.012599973
0.566808973 0.331729443 0.342219113 0.337034223 0.339543643 0.333597453 0.0951539830000002 0.0931153230000002 0.0484390100000002 0 0.182244743 0.340958893 0.178559873 0.336408193 0.335470113 0.180844903 0.179193903 0.354618723 0.352218213 0.177546533 0.176913873 0.180336523 0.338601623 0.180336523 1.032913773 0.170867483 0.342061493 0.344745973 1.025035573 1.012599973
0.563625173 0.341746303 0.347440123 0.340486853 0.346646723 0.339857903 0.183136923 0.178559873 0.181608143 0.182244743 0 0.340958893 0.0357590800000002 0.343955423 0.341588733 0.0791087890000002 0.0771132230000001 0.357348623 0.354779033 0.0757857830000001 0.0747917530000002 0.0580916510000002 0.346488143 0.0580916510000002 1.027390273 0.172625993 0.346012593 0.346329603 1.025427473 1.013371273
0.562990013 0.273277733 0.287359233 0.267689773 0.340644153 0.333597453 0.341746303 0.339229493 0.342061493 0.340958893 0.340958893 0 0.335470113 0.263703433 0.262993813 0.338444743 0.337347443 0.341588733 0.342376793 0.335626373 0.334845373 0.340329553 0.332195993 0.340015073 1.024643873 0.335938993 0.283850473 0.340958893 1.017239273 0.996962573
0.560665723 0.337190833 0.344113473 0.336251773 0.343955423 0.337034223 0.178559873 0.174640773 0.177673113 0.178559873 0.0357590800000002 0.335470113 0 0.340015073 0.338601623 0.0760068630000001 0.0744607030000002 0.352537843 0.350143973 0.0731379430000001 0.0717075980000002 0.0556130230000002 0.342692253 0.0556130230000002 1.025427473 0.170240443 0.343639433 0.342534513 1.025427473 1.009907073
0.559822323 0.275582313 0.281811233 0.125000613 0.347281373 0.338758553 0.340015073 0.335626373 0.334065173 0.336408193 0.343955423 0.263703433 0.340015073 0 0.0196918490000002 0.345379023 0.343323573 0.344113473 0.344745973 0.339229493 0.339072493 0.343481473 0.343323573 0.343481473 1.028964373 0.337190833 0.288679273 0.340015073 1.018015173 1.008755873
0.561932623 0.276737273 0.282538893 0.124292843 0.348870373 0.340172323 0.339543643 0.334689273 0.334689273 0.335470113 0.341588733 0.262993813 0.338601623 0.0196918490000002 0 0.343323573 0.341746303 0.343797413 0.344745973 0.337974273 0.337817523 0.341116313 0.344271543 0.341116313 1.029752573 0.335782673 0.287212703 0.338287893 1.021127273 1.007606473
0.568299413 0.342061493 0.346963973 0.340172323 0.346329603 0.339386553 0.180972053 0.176913873 0.178940223 0.180844903 0.0791087890000002 0.338444743 0.0760068630000001 0.345379023 0.343323573 0 0.0203074430000002 0.354939373 0.352857593 0.0278379390000002 0.0268018830000002 0.0785539330000002 0.343007873 0.0784430130000002 1.024252273 0.171620623 0.347757693 0.345220713 1.023469873 1.012214773
0.568086323 0.339543643 0.344271543 0.338758553 0.343165693 0.335782673 0.179828473 0.175902753 0.177799733 0.179193903 0.0771132230000001 0.337347443 0.0744607030000002 0.343323573 0.341746303 0.0203074430000002 0 0.353337493 0.350941073 0.0253538070000002 0.0245275880000002 0.0757857830000001 0.342061493 0.0756752780000002 1.021907273 0.170240443 0.345695733 0.346012593 1.022688073 1.011060073
0.569792803 0.344745973 0.350781593 0.345062433 0.352857593 0.348711313 0.356705393 0.349347713 0.352537843 0.354618723 0.357348623 0.341588733 0.352537843 0.344113473 0.343797413 0.354939373 0.353337493 0 0.0141741120000002 0.351100593 0.350941073 0.352857593 0.353497533 0.352697703 1.002645773 0.352378013 0.350143973 0.152035983 1.010675473 0.987585123
0.570006373 0.343955423 0.350781593 0.345695733 0.350303323 0.346963973 0.354138013 0.347440123 0.350462703 0.352218213 0.354779033 0.342376793 0.350143973 0.344745973 0.344745973 0.352857593 0.350941073 0.0141741120000002 0 0.348870373 0.348870373 0.351260153 0.351100593 0.351100593 1.007606473 0.350781593 0.349347713 0.151424483 1.016076773 0.991696773
0.564260843 0.338444743 0.344429643 0.335626373 0.343955423 0.337190833 0.178053023 0.174136563 0.176660973 0.177546533 0.0757857830000001 0.335626373 0.0731379430000001 0.339229493 0.337974273 0.0278379390000002 0.0253538070000002 0.351100593 0.348870373 0 0.00698054200000015 0.0746813830000002 0.341746303 0.0745710330000001 1.020737573 0.167362813 0.343481473 0.342850033 1.020347973 1.009523073
0.563201673 0.338758553 0.344271543 0.334845373 0.343323573 0.336408193 0.177040373 0.173129173 0.176029073 0.176913873 0.0747917530000002 0.334845373 0.0717075980000002 0.339072493 0.337817523 0.0268018830000002 0.0245275880000002 0.350941073 0.348870373 0.00698054200000015 0 0.0737990330000002 0.341116313 0.0736888130000002 1.021517173 0.166738693 0.343481473 0.343165693 1.020737573 1.008755873
0.563413373 0.342061493 0.346646723 0.339700753 0.346171073 0.338601623 0.181099233 0.175776473 0.179447663 0.180336523 0.0580916510000002 0.340329553 0.0556130230000002 0.343481473 0.341116313 0.0785539330000002 0.0757857830000001 0.352857593 0.351260153 0.0746813830000002 0.0737990330000002 0 0.346963973 0.00155520000000015 1.025035573 0.171118453 0.345854173 0.344745973 1.018403573 1.011060073
0.568939033 0.330641923 0.338444743 0.343955423 0.208426773 0.201599003 0.340644153 0.336877673 0.339700753 0.338601623 0.346488143 0.332195993 0.342692253 0.343323573 0.344271543 0.343007873 0.342061493 0.353497533 0.351100593 0.341746303 0.341116313 0.346963973 0 0.346963973 1.014143273 0.344113473 0.342061493 0.342061493 1.008372473 1.003787673
0.563201673 0.342061493 0.346646723 0.339543643 0.346171073 0.338601623 0.181099233 0.175776473 0.179447663 0.180336523 0.0580916510000002 0.340015073 0.0556130230000002 0.343481473 0.341116313 0.0784430130000002 0.0756752780000002 0.352697703 0.351100593 0.0745710330000001 0.0736888130000002 0.00155520000000015 0.346963973 0 1.026212073 0.171495053 0.345854173 0.344587803 1.019958773 1.011829673
1.019569673 1.010291173 1.010291173 1.027390273 1.012214773 0.995454273 1.035293473 1.021517173 1.034896273 1.032913773 1.027390273 1.024643873 1.025427473 1.028964373 1.029752573 1.024252273 1.021907273 1.002645773 1.007606473 1.020737573 1.021517173 1.025035573 1.014143273 1.026212073 0 1.008755873 1.016851473 1.002645773 0.186972603 0.181990043
0.562778413 0.334533173 0.340172323 0.338444743 0.345379023 0.336721153 0.172248823 0.168862823 0.171495053 0.170867483 0.172625993 0.335938993 0.170240443 0.337190833 0.335782673 0.171620623 0.170240443 0.352378013 0.350781593 0.167362813 0.166738693 0.171118453 0.344113473 0.171495053 1.008755873 0 0.340801503 0.343323573 1.009907073 1.003787673
0.568299413 0.160402203 0.163377423 0.283996343 0.350462703 0.342061493 0.341903873 0.337347443 0.341903873 0.342061493 0.346012593 0.283850473 0.343639433 0.288679273 0.287212703 0.347757693 0.345695733 0.350143973 0.349347713 0.343481473 0.343481473 0.345854173 0.342061493 0.345854173 1.016851473 0.340801503 0 0.347122673 1.005694673 0.998852173
0.561510073 0.334845373 0.346488143 0.339700753 0.345062433 0.336095373 0.344271543 0.340329553 0.344113473 0.344745973 0.346329603 0.340958893 0.342534513 0.340015073 0.338287893 0.345220713 0.346012593 0.152035983 0.151424483 0.342850033 0.343165693 0.344745973 0.342061493 0.344587803 1.002645773 0.343323573 0.347122673 0 1.010291173 0.990947473
1.009907073 1.007989373 1.005694673 1.018015173 1.010675473 0.991696773 1.031331473 1.016076773 1.028176973 1.025035573 1.025427473 1.017239273 1.025427473 1.018015173 1.021127273 1.023469873 1.022688073 1.010675473 1.016076773 1.020347973 1.020737573 1.018403573 1.008372473 1.019958773 0.186972603 1.009907073 1.005694673 1.010291173 0 0.142069863
0.995831073 0.997717873 0.986095573 1.003787673 1.004168673 0.984980273 1.019569673 1.005312873 1.012599973 1.012599973 1.013371273 0.996962573 1.009907073 1.008755873 1.007606473 1.012214773 1.011060073 0.987585123 0.991696773 1.009523073 1.008755873 1.011060073 1.003787673 1.011829673 0.181990043 1.003787673 0.998852173 0.990947473 0.142069863 0
