0 0.64729947 0.9946995 1.005704 1.0110749 1.005704 0.66577744 0.6619002 0.6539662 0.661417 0.9946995 0.66918653 1.0049399 1.0095364 0.65348804 0.6623838 0.6477737 0.7590508 0.7565787 0.65852404 0.65660155 0.6662635 0.9894442 0.6619002 0.9644296 0.63554007 0.64257354 0.75960124 0.6570817 0.75520885
0.64729947 0 1.0068517 1.005704 1.0164845 1.0072346 0.5055969 0.50540066 0.5055969 0.5069718 0.9980974 0.6109778 1.0164845 1.0072346 0.20254536 0.51249665 0.5030502 0.76512814 0.7746184 0.20648582 0.20438166 0.20701279 0.9931942 0.20372532 0.98832285 0.49044484 0.32617044 0.7563045 0.50736505 0.7726547
0.9946995 1.0068517 0 0.16885917 0.17124271 0.37039444 1.0325551 1.0133885 1.0130024 1.0195932 0.36794052 0.990942 0.36810386 0.36468107 1.0064689 1.0064689 1.0022715 1.0076177 1.0072346 1.0103053 1.0080011 1.019204 0.75466156 1.0180373 0.7609791 0.98683035 0.98832285 0.98683035 1.01069 0.99658537
1.005704 1.005704 0.16885917 0 0.17375991 0.37137827 1.0381224 1.019204 1.0254573 1.0278157 0.37072223 1.0095364 0.3717065 0.3690847 0.9943229 1.0126165 1.0076177 1.0238891 1.019204 1.0099207 1.005704 1.0118452 0.7640195 1.0076177 0.75384146 0.9816297 0.99658537 0.9969631 1.0231062 1.0045581
1.0110749 1.0164845 0.17124271 0.17375991 0 0.3789641 1.0445362 1.033348 1.0305767 1.0325551 0.38195345 1.0133885 0.3801252 0.37979326 1.01146 1.0203725 1.0087683 1.0076177 1.0049399 1.0262426 1.0219333 1.0238891 0.7601521 1.0180373 0.761531 0.9872032 1.0126165 0.99999183 1.0231062 0.99847597
1.005704 1.0072346 0.37039444 0.37137827 0.3789641 0 1.0246727 1.0176488 1.0180373 1.0095364 0.1341058 1.0172604 0.14143583 0.13782194 1.001891 1.005704 0.9958304 1.0164845 1.0160967 1.0060863 0.99961257 1.0110749 0.7757428 1.0064689 0.7757428 0.98794943 0.98794943 0.9946995 1.0080011 0.9977191
0.66577744 0.5055969 1.0325551 1.0381224 1.0445362 1.0246727 0 0.13998818 0.14047043 0.46362254 1.0262426 0.6075979 1.0282096 1.032159 0.50598943 0.4656664 0.45605326 0.7813905 0.7802575 0.5134875 0.5142812 0.5142812 0.9969631 0.51388425 0.99658537 0.39691195 0.50972915 0.7706961 0.46883607 0.77321523
0.6619002 0.50540066 1.0133885 1.019204 1.033348 1.0176488 0.13998818 0 0.105481744 0.4617693 1.0258498 0.59888077 1.0286036 1.0337447 0.5030502 0.46436512 0.45881367 0.7813905 0.77856135 0.5085462 0.5089403 0.50972915 0.9831119 0.5091374 0.9845971 0.392005 0.5018777 0.76651627 0.46343702 0.7676286
0.6539662 0.5055969 1.0130024 1.0254573 1.0305767 1.0180373 0.14047043 0.105481744 0 0.46492255 1.0207624 0.59599745 1.0286036 1.0254573 0.5067752 0.46715635 0.46010533 0.776869 0.7746184 0.51091397 0.5107164 0.51249665 0.9962078 0.5115071 0.9939465 0.39895183 0.50579315 0.76042765 0.47033232 0.76374257
0.661417 0.5069718 1.0195932 1.0278157 1.0325551 1.0095364 0.46362254 0.4617693 0.46492255 0 1.0049399 0.6078228 1.0110749 1.0080011 0.5065787 0.110099986 0.10226581 0.7763057 0.7760242 0.5132893 0.5146783 0.5132893 1.0003713 0.5105188 0.9845971 0.45129248 0.5040287 0.7598766 0.28484803 0.7695792
0.9946995 0.9980974 0.36794052 0.37072223 0.38195345 0.1341058 1.0262426 1.0258498 1.0207624 1.0049399 0 1.0133885 0.10157848 0.09917775 0.99999183 1.0076177 0.9958304 1.0223241 1.0223241 1.0091523 1.0015109 1.0099207 0.77181464 1.0068517 0.7693002 0.9901927 0.9977191 0.98794943 1.0087683 0.9950763
0.66918653 0.6109778 0.990942 1.0095364 1.0133885 1.0172604 0.6075979 0.59888077 0.59599745 0.6078228 1.0133885 0 1.018426 1.0157093 0.6116556 0.6118817 0.603562 0.78082377 0.77715075 0.6145999 0.6150539 0.6157354 0.99281836 0.6150539 0.99357027 0.58850837 0.5889469 0.7687426 0.6132396 0.78337723
1.0049399 1.0164845 0.36810386 0.3717065 0.3801252 0.14143583 1.0282096 1.0286036 1.0286036 1.0110749 0.10157848 1.018426 0 0.08057756 1.0068517 1.0099207 1.0030329 1.0262426 1.0254573 1.015322 1.0110749 1.0160967 0.78110707 1.0122308 0.7701374 0.982 1.0034139 0.9969631 1.0034139 1.0083846
1.0095364 1.0072346 0.36468107 0.3690847 0.37979326 0.13782194 1.032159 1.0337447 1.0254573 1.0080011 0.09917775 1.0157093 0.08057756 0 1.001891 1.01146 1.0053219 1.0149349 1.0160967 1.0164845 1.0076177 1.01069 0.77181464 1.0064689 0.76457363 0.9853408 0.99961257 0.9853408 1.0157093 0.9898184
0.65348804 0.20254536 1.0064689 0.9943229 1.01146 1.001891 0.50598943 0.5030502 0.5067752 0.5065787 0.99999183 0.6116556 1.0068517 1.001891 0 0.51249665 0.5040287 0.793967 0.79917336 0.06908647 0.06755295 0.07746644 0.99734104 0.07558383 0.9958304 0.4927561 0.32942155 0.7825251 0.50736505 0.7893693
0.6623838 0.51249665 1.0064689 1.0126165 1.0203725 1.005704 0.4656664 0.46436512 0.46715635 0.110099986 1.0076177 0.6118817 1.0099207 1.01146 0.51249665 0 0.06952519 0.78394586 0.7802575 0.5166672 0.51886106 0.51926064 1.001891 0.5166672 0.98683035 0.4621396 0.5089403 0.7609791 0.29086626 0.7712552
0.6477737 0.5030502 1.0022715 1.0076177 1.0087683 0.9958304 0.45605326 0.45881367 0.46010533 0.10226581 0.9958304 0.603562 1.0030329 1.0053219 0.5040287 0.06952519 0 0.77209455 0.76846397 0.5103213 0.5115071 0.5111116 0.99885464 0.5085462 0.9764649 0.45165765 0.49778837 0.74921095 0.28265825 0.7593259
0.7590508 0.76512814 1.0076177 1.0238891 1.0076177 1.0164845 0.7813905 0.7813905 0.776869 0.7763057 1.0223241 0.78082377 1.0262426 1.0149349 0.793967 0.78394586 0.77209455 0 0.032493845 0.7882242 0.7928149 0.7936788 1.0072346 0.79109013 0.9950763 0.76429653 0.7659607 0.3098206 0.791952 0.22785859
0.7565787 0.7746184 1.0072346 1.019204 1.0049399 1.0160967 0.7802575 0.77856135 0.7746184 0.7760242 1.0223241 0.77715075 1.0254573 1.0160967 0.79917336 0.7802575 0.76846397 0.032493845 0 0.79512084 0.800626 0.80120784 1.0095364 0.79888314 0.9980974 0.7673504 0.76540554 0.31027418 0.78508437 0.22935058
0.65852404 0.20648582 1.0103053 1.0099207 1.0262426 1.0060863 0.5134875 0.5085462 0.51091397 0.5132893 1.0091523 0.6145999 1.015322 1.0164845 0.06908647 0.5166672 0.5103213 0.7882242 0.79512084 0 0.018321985 0.08336629 1.005704 0.08135736 1.0015109 0.493142 0.33175245 0.78337723 0.513091 0.78565425
0.65660155 0.20438166 1.0080011 1.005704 1.0219333 0.99961257 0.5142812 0.5089403 0.5107164 0.5146783 1.0015109 0.6150539 1.0110749 1.0076177 0.06755295 0.51886106 0.5115071 0.7928149 0.800626 0.018321985 0 0.08135736 1.0049399 0.07924264 0.99885464 0.4939144 0.3326868 0.7830931 0.51170486 0.7876524
0.6662635 0.20701279 1.019204 1.0118452 1.0238891 1.0110749 0.5142812 0.50972915 0.51249665 0.5132893 1.0099207 0.6157354 1.0160967 1.01069 0.07746644 0.51926064 0.5111116 0.7936788 0.80120784 0.08336629 0.08135736 0 1.0099207 0.01067562 1.0037951 0.49507448 0.3337784 0.78650993 0.51170486 0.790803
0.9894442 0.9931942 0.75466156 0.7640195 0.7601521 0.7757428 0.9969631 0.9831119 0.9962078 1.0003713 0.77181464 0.99281836 0.78110707 0.77181464 0.99734104 1.001891 0.99885464 1.0072346 1.0095364 1.005704 1.0049399 1.0099207 0 1.0091523 0.43183428 0.9727974 0.98869646 1.0041765 1.01146 0.99281836
0.6619002 0.20372532 1.0180373 1.0076177 1.0180373 1.0064689 0.51388425 0.5091374 0.5115071 0.5105188 1.0068517 0.6150539 1.0122308 1.0064689 0.07558383 0.5166672 0.5085462 0.79109013 0.79888314 0.08135736 0.07924264 0.01067562 1.0091523 0 1.002652 0.4921776 0.3306638 0.7847996 0.51091397 0.78879654
0.9644296 0.98832285 0.7609791 0.75384146 0.761531 0.7757428 0.99658537 0.9845971 0.9939465 0.9845971 0.7693002 0.99357027 0.7701374 0.76457363 0.9958304 0.98683035 0.9764649 0.9950763 0.9980974 1.0015109 0.99885464 1.0037951 0.43183428 1.002652 0 0.98125964 0.982 0.9901927 0.98757625 0.9768326
0.63554007 0.49044484 0.98683035 0.9816297 0.9872032 0.98794943 0.39691195 0.392005 0.39895183 0.45129248 0.9901927 0.58850837 0.982 0.9853408 0.4927561 0.4621396 0.45165765 0.76429653 0.7673504 0.493142 0.4939144 0.49507448 0.9727974 0.4921776 0.98125964 0 0.4881407 0.7607034 0.45605326 0.7673504
0.64257354 0.32617044 0.98832285 0.99658537 1.0126165 0.98794943 0.50972915 0.5018777 0.50579315 0.5040287 0.9977191 0.5889469 1.0034139 0.99961257 0.32942155 0.5089403 0.49778837 0.7659607 0.76540554 0.33175245 0.3326868 0.3337784 0.98869646 0.3306638 0.982 0.4881407 0 0.7656831 0.5079554 0.7729349
0.75960124 0.7563045 0.98683035 0.9969631 0.99999183 0.9946995 0.7706961 0.76651627 0.76042765 0.7598766 0.98794943 0.7687426 0.9969631 0.9853408 0.7825251 0.7609791 0.74921095 0.3098206 0.31027418 0.78337723 0.7830931 0.78650993 1.0041765 0.7847996 0.9901927 0.7607034 0.7656831 0 0.77715075 0.31027418
0.6570817 0.50736505 1.01069 1.0231062 1.0231062 1.0080011 0.46883607 0.46343702 0.47033232 0.28484803 1.0087683 0.6132396 1.0034139 1.0157093 0.50736505 0.29086626 0.28265825 0.791952 0.78508437 0.513091 0.51170486 0.51170486 1.01146 0.51091397 0.98757625 0.45605326 0.5079554 0.77715075 0 0.7774327
0.75520885 0.7726547 0.99658537 1.0045581 0.99847597 0.9977191 0.77321523 0.7676286 0.76374257 0.7695792 0.9950763 0.78337723 1.0083846 0.9898184 0.7893693 0.7712552 0.7593259 0.22785859 0.22935058 0.78565425 0.7876524 0.790803 0.99281836 0.78879654 0.9768326 0.7673504 0.7729349 0.31027418 0.7774327 0
