0 0.5421895 0.54013187 1.014548 1.0195932 1.0064689 0.9779369 0.97499573 1.0168724 0.53134793 0.990942 0.98832285 0.99281836 1.0095364 0.99961257 1.0274222 1.0262426 1.0064689 1.0064689 0.5346044 0.5354207 1.0110749 0.5337889 1.0103053 0.5521454 0.97352946 0.98125964 0.9950763 1.002652 0.9872032
0.5421895 0 0.20701279 1.0103053 1.0246727 1.030972 0.9746289 0.97978103 1.0223241 0.52246493 1.0457449 1.014548 1.0413225 0.99999183 0.99131685 1.0397208 1.0353336 1.0286036 1.0168724 0.5264896 0.5285101 1.0313674 0.50579315 1.0262426 0.52387106 0.97867405 0.98794943 1.0373245 1.0041765 0.9898184
0.54013187 0.20701279 0 1.0041765 1.0176488 1.0329514 0.9644296 0.9709704 1.0329514 0.520861 1.0389212 1.0207624 1.0301816 1.0072346 0.9977191 1.0461482 1.0405211 1.0313674 1.0238891 0.5277012 0.5291173 1.0219333 0.51547325 1.0168724 0.52972496 0.9753628 0.982 1.0385218 1.0030329 0.9977191
1.014548 1.0103053 1.0041765 0 0.9297863 0.9346385 0.6475366 0.64587855 0.94092345 1.0034139 0.9184719 0.9006499 0.91169673 0.21163957 0.2093887 0.9370764 0.9322085 0.9266836 0.929441 1.0110749 1.0083846 0.9287507 0.99847597 0.9225665 1.0022715 1.001891 1.0262426 0.9019803 0.90398026 0.9036466
1.0195932 1.0246727 1.0176488 0.9297863 0 0.20254536 0.8940332 0.8970035 0.3614357 0.9808897 0.6015522 0.75960124 0.5997702 0.9053166 0.9063204 0.3617596 0.36257 0.23754142 0.2367183 0.9779369 0.98832285 0.23288897 0.99923354 0.23193468 1.033348 0.98757625 1.0103053 0.604457 0.75822586 0.75056994
1.0064689 1.030972 1.0329514 0.9346385 0.20254536 0 0.88780093 0.89865875 0.35788196 0.9950763 0.5926842 0.75520885 0.58916616 0.91473794 0.9218825 0.35901088 0.35820433 0.24153262 0.24194673 0.99847597 1.0053219 0.23712975 1.0049399 0.23617005 1.0172604 0.97170067 1.0053219 0.5971051 0.7565787 0.7519313
0.9779369 0.9746289 0.9644296 0.6475366 0.8940332 0.88780093 0 0.14264435 0.8920595 0.9775687 0.8953518 0.8703658 0.88910866 0.64163196 0.64469653 0.88259256 0.8855178 0.8999856 0.8999856 0.97941184 0.98125964 0.9096761 0.9838541 0.9046481 0.99131685 0.97941184 0.9857129 0.8848668 0.877098 0.8729233
0.97499573 0.97978103 0.9709704 0.64587855 0.8970035 0.89865875 0.14264435 0 0.8956819 0.99169195 0.8979962 0.8881276 0.88682157 0.6406915 0.64116156 0.8914027 0.8953518 0.8989902 0.90098226 0.99545324 0.99885464 0.9069903 0.9950763 0.9036466 1.0087683 0.982 0.9831119 0.8927168 0.8783872 0.8754896
1.0168724 1.0223241 1.0329514 0.94092345 0.3614357 0.35788196 0.8920595 0.8956819 0 1.002652 0.6157354 0.7726547 0.6150539 0.92393637 0.9301319 0.14203984 0.14131509 0.36761394 0.366472 1.0015109 1.0041765 0.36451846 1.0246727 0.3635436 1.0365276 0.9939465 1.002652 0.60535306 0.77041674 0.7554826
0.53134793 0.52246493 0.520861 1.0034139 0.9808897 0.9950763 0.9775687 0.99169195 1.002652 0 1.0157093 0.9962078 1.014548 1.0103053 1.0041765 1.0157093 1.0122308 0.99658537 0.99056727 0.14264435 0.14421831 0.9924427 0.46139923 0.9931942 0.47672495 0.97573 1.0172604 1.0126165 1.0195932 0.9764649
0.990942 1.0457449 1.0389212 0.9184719 0.6015522 0.5926842 0.8953518 0.8979962 0.6157354 1.0157093 0 0.7483968 0.078687124 0.90231323 0.8943626 0.60804766 0.61142963 0.59599745 0.5957761 1.0053219 1.0110749 0.6013292 0.98496884 0.59954774 1.036926 0.9801504 1.019204 0.35723764 0.76540554 0.74030316
0.98832285 1.014548 1.0207624 0.9006499 0.75960124 0.75520885 0.8703658 0.8881276 0.7726547 0.9962078 0.7483968 0 0.7386949 0.8871479 0.8897634 0.75960124 0.76512814 0.76346576 0.76457363 0.9894442 0.990942 0.77153486 1.001891 0.77153486 1.0286036 1.002652 1.0246727 0.7587757 0.44150028 0.44493115
0.99281836 1.0413225 1.0301816 0.91169673 0.5997702 0.58916616 0.88910866 0.88682157 0.6150539 1.014548 0.078687124 0.7386949 0 0.9053166 0.8979962 0.60872287 0.6082727 0.59312516 0.5929046 1.0037951 1.0095364 0.59910303 0.9950763 0.5971051 1.025065 0.9898184 1.0234975 0.35530797 0.7527494 0.7301751
1.0095364 0.99999183 1.0072346 0.21163957 0.9053166 0.91473794 0.64163196 0.6406915 0.92393637 1.0103053 0.90231323 0.8871479 0.9053166 0 0.07968735 0.91711193 0.91983426 0.9046481 0.903313 1.0126165 1.0133885 0.90665525 0.9931942 0.90031767 1.0297868 0.99734104 1.0099207 0.8940332 0.9013148 0.8963424
0.99961257 0.99131685 0.9977191 0.2093887 0.9063204 0.9218825 0.64469653 0.64116156 0.9301319 1.0041765 0.8943626 0.8897634 0.8979962 0.07968735 0 0.9222244 0.9256522 0.9043141 0.90565103 1.0095364 1.014548 0.90933985 0.9931942 0.9053166 1.0219333 0.9853408 0.99961257 0.8864954 0.90565103 0.8920595
1.0274222 1.0397208 1.0461482 0.9370764 0.3617596 0.35901088 0.88259256 0.8914027 0.14203984 1.0157093 0.60804766 0.75960124 0.60872287 0.91711193 0.9222244 0 0.042904105 0.37055832 0.3695756 1.0099207 1.0118452 0.3687576 1.0246727 0.36598316 1.049788 1.0030329 1.0238891 0.5964403 0.7598766 0.73923063
1.0262426 1.0353336 1.0405211 0.9322085 0.36257 0.35820433 0.8855178 0.8953518 0.14131509 1.0122308 0.61142963 0.76512814 0.6082727 0.91983426 0.9256522 0.042904105 0 0.3708862 0.36924827 1.0041765 1.0068517 0.37055832 1.0234975 0.36761394 1.0473596 1.0122308 1.0286036 0.5966618 0.7618071 0.73602206
1.0064689 1.0286036 1.0313674 0.9266836 0.23754142 0.24153262 0.8999856 0.8989902 0.36761394 0.99658537 0.59599745 0.76346576 0.59312516 0.9046481 0.9043141 0.37055832 0.3708862 0 0.031867538 0.98496884 0.9931942 0.1661087 1.0049399 0.16511104 1.0297868 0.99281836 1.0157093 0.5966618 0.75384146 0.75056994
1.0064689 1.0168724 1.0238891 0.929441 0.2367183 0.24194673 0.8999856 0.90098226 0.366472 0.99056727 0.5957761 0.76457363 0.5929046 0.903313 0.90565103 0.3695756 0.36924827 0.031867538 0 0.9831119 0.99169195 0.16423915 1.000751 0.1633683 1.0231062 0.990942 1.0168724 0.59910303 0.75520885 0.7478545
0.5346044 0.5264896 0.5277012 1.0110749 0.9779369 0.99847597 0.97941184 0.99545324 1.0015109 0.14264435 1.0053219 0.9894442 1.0037951 1.0126165 1.0095364 1.0099207 1.0041765 0.98496884 0.9831119 0 0.021814186 0.99545324 0.46864927 0.9946995 0.47597006 0.9727974 0.9958304 1.0034139 1.0041765 0.97573
0.5354207 0.5285101 0.5291173 1.0083846 0.98832285 1.0053219 0.98125964 0.99885464 1.0041765 0.14421831 1.0110749 0.990942 1.0095364 1.0133885 1.014548 1.0118452 1.0068517 0.9931942 0.99169195 0.021814186 0 1.0015109 0.469958 1.0015109 0.47861555 0.97499573 0.9977191 1.0049399 1.0087683 0.97609735
1.0110749 1.0313674 1.0219333 0.9287507 0.23288897 0.23712975 0.9096761 0.9069903 0.36451846 0.9924427 0.6013292 0.77153486 0.59910303 0.90665525 0.90933985 0.3687576 0.37055832 0.1661087 0.16423915 0.99545324 1.0015109 0 0.99357027 0.017195629 1.0207624 0.99056727 1.0141612 0.6013292 0.7640195 0.75822586
0.5337889 0.50579315 0.51547325 0.99847597 0.99923354 1.0049399 0.9838541 0.9950763 1.0246727 0.46139923 0.98496884 1.001891 0.9950763 0.9931942 0.9931942 1.0246727 1.0234975 1.0049399 1.000751 0.46864927 0.469958 0.99357027 0 0.99658537 0.37072223 0.9698763 0.9980974 1.0053219 1.0258498 0.9924427
1.0103053 1.0262426 1.0168724 0.9225665 0.23193468 0.23617005 0.9046481 0.9036466 0.3635436 0.9931942 0.59954774 0.77153486 0.5971051 0.90031767 0.9053166 0.36598316 0.36761394 0.16511104 0.1633683 0.9946995 1.0015109 0.017195629 0.99658537 0 1.0223241 0.98869646 1.0118452 0.60423315 0.76429653 0.7574018
0.5521454 0.52387106 0.52972496 1.0022715 1.033348 1.0172604 0.99131685 1.0087683 1.0365276 0.47672495 1.036926 1.0286036 1.025065 1.0297868 1.0219333 1.049788 1.0473596 1.0297868 1.0231062 0.47597006 0.47861555 1.0207624 0.37072223 1.0223241 0 0.99357027 0.9872032 1.0246727 1.0481682 1.0103053
0.97352946 0.97867405 0.9753628 1.001891 0.98757625 0.97170067 0.97941184 0.982 0.9939465 0.97573 0.9801504 1.002652 0.9898184 0.99734104 0.9853408 1.0030329 1.0122308 0.99281836 0.990942 0.9727974 0.97499573 0.99056727 0.9698763 0.98869646 0.99357027 0 0.37565646 0.9894442 1.0060863 0.9738958
0.98125964 0.98794943 0.982 1.0262426 1.0103053 1.0053219 0.9857129 0.9831119 1.002652 1.0172604 1.019204 1.0246727 1.0234975 1.0099207 0.99961257 1.0238891 1.0286036 1.0157093 1.0168724 0.9958304 0.9977191 1.0141612 0.9980974 1.0118452 0.9872032 0.37565646 0 1.0133885 1.0238891 1.0149349
0.9950763 1.0373245 1.0385218 0.9019803 0.604457 0.5971051 0.8848668 0.8927168 0.60535306 1.0126165 0.35723764 0.7587757 0.35530797 0.8940332 0.8864954 0.5964403 0.5966618 0.5966618 0.59910303 1.0034139 1.0049399 0.6013292 1.0053219 0.60423315 1.0246727 0.9894442 1.0133885 0 0.7709756 0.74650043
1.002652 1.0041765 1.0030329 0.90398026 0.75822586 0.7565787 0.877098 0.8783872 0.77041674 1.0195932 0.76540554 0.44150028 0.7527494 0.9013148 0.90565103 0.7598766 0.7618071 0.75384146 0.75520885 1.0041765 1.0087683 0.7640195 1.0258498 0.76429653 1.0481682 1.0060863 1.0238891 0.7709756 0 0.35162324
0.9872032 0.9898184 0.9977191 0.9036466 0.75056994 0.7519313 0.8729233 0.8754896 0.7554826 0.9764649 0.74030316 0.44493115 0.7301751 0.8963424 0.8920595 0.73923063 0.73602206 0.75056994 0.7478545 0.97573 0.97609735 0.75822586 0.9924427 0.7574018 1.0103053 0.9738958 1.0149349 0.74650043 0.35162324 0
