0 1.0053219 0.7427221 0.74514884 0.9349863 0.9270277 0.6532491 0.65564215 0.9962078 1.0270288 1.036926 1.0246727 1.0080011 0.9898184 0.85645306 0.8678169 0.67040783 1.0083846 1.0099207 0.671876 0.6667499 0.8345334 0.84340924 0.8345334 0.6542054 1.0080011 1.0080011 0.9259958 1.0141612 1.019204
1.0053219 0 1.0110749 1.0087683 1.01146 1.0141612 1.0053219 1.0076177 0.3018522 0.6343742 0.64163196 0.56117785 0.29663607 0.2981227 1.0034139 1.002652 1.0083846 0.36062655 0.36078832 1.000751 0.99885464 0.98869646 0.9808897 0.98757625 0.99658537 0.43790576 0.4215892 1.01069 0.6313514 0.6437523
0.7427221 1.0110749 0 0.2093887 0.9174517 0.90766084 0.7376246 0.72991043 1.019204 0.98237044 0.9924427 0.98794943 1.0099207 1.005704 0.85488826 0.8530148 0.75056994 1.0037951 0.99885464 0.7304399 0.7325615 0.814124 0.8573935 0.81590265 0.72122765 1.005704 1.0053219 0.92359364 1.0083846 1.0087683
0.74514884 1.0087683 0.2093887 0 0.9232511 0.90398026 0.7365559 0.73575526 1.0168724 0.9779369 0.9924427 1.0041765 1.0160967 1.0087683 0.8523914 0.8502134 0.7502979 1.005704 1.0060863 0.7397667 0.7354886 0.8203678 0.8608519 0.8188765 0.72122765 1.0045581 1.0091523 0.9266836 0.99734104 1.0176488
0.9349863 1.01146 0.9174517 0.9232511 0 0.14591707 0.9419761 0.93777436 1.014548 1.0083846 0.9950763 0.98237044 1.0122308 0.9894442 0.9405729 0.9370764 0.9479691 1.0137748 1.0126165 0.9388226 0.94092345 0.9370764 0.9222244 0.93777436 0.9287507 0.9958304 1.0141612 0.40270612 1.0188149 1.0137748
0.9270277 1.0141612 0.90766084 0.90398026 0.14591707 0 0.9483231 0.95080596 1.0083846 0.99847597 0.9853408 0.982 1.0064689 0.9901927 0.92771643 0.9270277 0.9374253 1.0122308 1.0083846 0.928061 0.9266836 0.9391723 0.9127091 0.9433819 0.9232511 0.9920673 1.0087683 0.40150952 0.99545324 1.0003713
0.6532491 1.0053219 0.7376246 0.7365559 0.9419761 0.9483231 0 0.10663364 1.018426 0.99056727 1.0095364 1.0049399 1.0254573 1.0168724 0.847732 0.84928197 0.5703204 0.99357027 0.9901927 0.56223524 0.5616006 0.8236593 0.84495026 0.82395923 0.55006033 0.99999183 1.0199828 0.9593815 1.0011308 1.0110749
0.65564215 1.0076177 0.72991043 0.73575526 0.93777436 0.95080596 0.10663364 0 1.018426 0.98869646 1.0030329 1.0034139 1.0246727 1.0137748 0.8514572 0.85114604 0.5628704 0.99734104 0.99658537 0.5561231 0.5569632 0.81679356 0.8461853 0.81738806 0.5440462 0.9969631 1.0149349 0.9615409 1.0099207 1.0118452
0.9962078 0.3018522 1.019204 1.0168724 1.014548 1.0083846 1.018426 1.018426 0 0.62926584 0.63554007 0.56202364 0.08358984 0.086277604 0.9969631 0.9872032 1.0083846 0.36062655 0.35852686 1.005704 1.0041765 1.005704 0.9779369 1.0053219 1.0022715 0.44060004 0.42757794 1.0195932 0.64824826 0.6444604
1.0270288 0.6343742 0.98237044 0.9779369 1.0083846 0.99847597 0.99056727 0.98869646 0.62926584 0 0.085828975 0.6255724 0.62903446 0.6221262 1.0133885 0.99545324 0.99734104 0.64967364 0.64540553 0.99169195 0.9898184 0.99658537 0.9775687 0.9946995 0.97573 0.627186 0.63881415 1.0282096 0.59004414 0.5971051
1.036926 0.64163196 0.9924427 0.9924427 0.9950763 0.9853408 1.0095364 1.0030329 0.63554007 0.085828975 0 0.62810963 0.62996036 0.6255724 1.0064689 0.9872032 1.01069 0.64991146 0.64516914 1.0041765 1.0034139 0.99357027 0.99281836 0.9943229 0.982 0.6262635 0.64163196 1.015322 0.5929046 0.5951125
1.0246727 0.56117785 0.98794943 1.0041765 0.98237044 0.982 1.0049399 1.0034139 0.56202364 0.6255724 0.62810963 0 0.5569632 0.5582251 1.0064689 0.99885464 0.99961257 0.5531901 0.5571734 0.9958304 0.9969631 0.9845971 0.9831119 0.9901927 0.99169195 0.55089366 0.5616006 0.99281836 0.6402217 0.63881415
1.0080011 0.29663607 1.0099207 1.0160967 1.0122308 1.0064689 1.0254573 1.0246727 0.08358984 0.62903446 0.62996036 0.5569632 0 0.075473234 1.0049399 0.9977191 1.0118452 0.35836557 0.35707664 1.0034139 1.0011308 0.99961257 0.9857129 0.99923354 1.015322 0.43754724 0.42176464 1.014548 0.6465887 0.64824826
0.9898184 0.2981227 1.005704 1.0087683 0.9894442 0.9901927 1.0168724 1.0137748 0.086277604 0.6221262 0.6255724 0.5582251 0.075473234 0 0.98645765 0.9816297 1.0087683 0.36127383 0.3588495 1.0053219 1.0041765 0.99056727 0.96841997 0.9894442 1.0072346 0.4389823 0.41931194 0.9931942 0.6395176 0.6413967
0.85645306 1.0034139 0.85488826 0.8523914 0.9405729 0.92771643 0.847732 0.8514572 0.9969631 1.0133885 1.0064689 1.0064689 1.0049399 0.98645765 0 0.07271364 0.8514572 0.9845971 0.98645765 0.8530148 0.84649444 0.83911127 0.50775856 0.83697146 0.828171 0.99357027 0.9939465 0.9253087 1.01146 0.9962078
0.8678169 1.002652 0.8530148 0.8502134 0.9370764 0.9270277 0.84928197 0.85114604 0.9872032 0.99545324 0.9872032 0.99885464 0.9977191 0.9816297 0.07271364 0 0.8508351 0.9872032 0.9894442 0.85207987 0.84649444 0.83972377 0.515871 0.83849925 0.82998335 0.9924427 0.99734104 0.92909575 1.0034139 0.99281836
0.67040783 1.0083846 0.75056994 0.7502979 0.9479691 0.9374253 0.5703204 0.5628704 1.0083846 0.99734104 1.01069 0.99961257 1.0118452 1.0087683 0.8514572 0.8508351 0 1.014548 1.0130024 0.056905225 0.05604266 0.8336212 0.8567664 0.8357514 0.5065787 0.9920673 1.019204 0.93568236 1.0022715 0.98832285
1.0083846 0.36062655 1.0037951 1.005704 1.0137748 1.0122308 0.99357027 0.99734104 0.36062655 0.64967364 0.64991146 0.5531901 0.35836557 0.36127383 0.9845971 0.9872032 1.014548 0 0.030512337 1.0099207 1.0080011 1.001891 0.9753628 1.000751 0.9950763 0.4400604 0.42106307 1.0149349 0.6313514 0.6267246
1.0099207 0.36078832 0.99885464 1.0060863 1.0126165 1.0083846 0.9901927 0.99658537 0.35852686 0.64540553 0.64516914 0.5571734 0.35707664 0.3588495 0.98645765 0.9894442 1.0130024 0.030512337 0 1.0060863 1.0034139 0.9980974 0.97609735 0.9946995 0.99169195 0.43736804 0.41966185 1.0099207 0.62926584 0.6244219
0.671876 1.000751 0.7304399 0.7397667 0.9388226 0.928061 0.56223524 0.5561231 1.005704 0.99169195 1.0041765 0.9958304 1.0034139 1.0053219 0.8530148 0.85207987 0.056905225 1.0099207 1.0060863 0 0.020785378 0.82485974 0.8514572 0.82877463 0.50148726 0.98348296 1.0030329 0.929441 0.99545324 0.9827411
0.6667499 0.99885464 0.7325615 0.7354886 0.94092345 0.9266836 0.5616006 0.5569632 1.0041765 0.9898184 1.0034139 0.9969631 1.0011308 1.0041765 0.84649444 0.84649444 0.05604266 1.0080011 1.0034139 0.020785378 0 0.82066643 0.84587634 0.82455945 0.49895447 0.9860852 1.0053219 0.9249654 0.99658537 0.98496884
0.8345334 0.98869646 0.814124 0.8203678 0.9370764 0.9391723 0.8236593 0.81679356 1.005704 0.99658537 0.99357027 0.9845971 0.99961257 0.99056727 0.83911127 0.83972377 0.8336212 1.001891 0.9980974 0.82485974 0.82066643 0 0.83605623 0.0177074 0.80587894 0.9831119 1.001891 0.93255514 1.0149349 1.0172604
0.84340924 0.9808897 0.8573935 0.8608519 0.9222244 0.9127091 0.84495026 0.8461853 0.9779369 0.9775687 0.99281836 0.9831119 0.9857129 0.96841997 0.50775856 0.515871 0.8567664 0.9753628 0.97609735 0.8514572 0.84587634 0.83605623 0 0.84095025 0.83301365 0.99131685 0.99357027 0.91813165 0.9816297 1.000751
0.8345334 0.98757625 0.81590265 0.8188765 0.93777436 0.9433819 0.82395923 0.81738806 1.0053219 0.9946995 0.9943229 0.9901927 0.99923354 0.9894442 0.83697146 0.83849925 0.8357514 1.000751 0.9946995 0.82877463 0.82455945 0.0177074 0.84095025 0 0.8088132 0.9838541 0.9962078 0.93568236 1.0137748 1.0207624
0.6542054 0.99658537 0.72122765 0.72122765 0.9287507 0.9232511 0.55006033 0.5440462 1.0022715 0.97573 0.982 0.99169195 1.015322 1.0072346 0.828171 0.82998335 0.5065787 0.9950763 0.99169195 0.50148726 0.49895447 0.80587894 0.83301365 0.8088132 0 0.9827411 0.9939465 0.91439945 1.0045581 0.9980974
1.0080011 0.43790576 1.005704 1.0045581 0.9958304 0.9920673 0.99999183 0.9969631 0.44060004 0.627186 0.6262635 0.55089366 0.43754724 0.4389823 0.99357027 0.9924427 0.9920673 0.4400604 0.43736804 0.98348296 0.9860852 0.9831119 0.99131685 0.9838541 0.9827411 0 0.43808508 0.9816297 0.6406915 0.6364741
1.0080011 0.4215892 1.0053219 1.0091523 1.0141612 1.0087683 1.0199828 1.0149349 0.42757794 0.63881415 0.64163196 0.5616006 0.42176464 0.41931194 0.9939465 0.99734104 1.019204 0.42106307 0.41966185 1.0030329 1.0053219 1.001891 0.99357027 0.9962078 0.9939465 0.43808508 0 1.0118452 0.6306556 0.6506254
0.9259958 1.01069 0.92359364 0.9266836 0.40270612 0.40150952 0.9593815 0.9615409 1.0195932 1.0282096 1.015322 0.99281836 1.014548 0.9931942 0.9253087 0.92909575 0.93568236 1.0149349 1.0099207 0.929441 0.9249654 0.93255514 0.91813165 0.93568236 0.91439945 0.9816297 1.0118452 0 1.0037951 1.0103053
1.0141612 0.6313514 1.0083846 0.99734104 1.0188149 0.99545324 1.0011308 1.0099207 0.64824826 0.59004414 0.5929046 0.6402217 0.6465887 0.6395176 1.01146 1.0034139 1.0022715 0.6313514 0.62926584 0.99545324 0.99658537 1.0149349 0.9816297 1.0137748 1.0045581 0.6406915 0.6306556 1.0037951 0 0.37219912
1.019204 0.6437523 1.0087683 1.0176488 1.0137748 1.0003713 1.0110749 1.0118452 0.6444604 0.5971051 0.5951125 0.63881415 0.64824826 0.6413967 0.9962078 0.99281836 0.98832285 0.6267246 0.6244219 0.9827411 0.98496884 1.0172604 1.000751 1.0207624 0.9980974 0.6364741 0.6506254 1.0103053 0.37219912 0
