0 1.0168724 1.0168724 0.98683035 1.0003713 0.99885464 1.0003713 1.0049399 0.99357027 1.002652 0.99999183 0.6748211 0.98645765 0.9943229 1.0034139 1.0034139 1.001891 1.0053219 1.002652 0.9924427 0.9950763 1.0110749 0.98794943 1.0099207 0.9980974 1.0130024 0.9962078 0.99545324 0.97573 1.0207624
1.0168724 0 0.3926799 1.0329514 1.033348 1.0401208 0.6606927 0.66286767 1.0215429 1.0397208 1.0389212 1.0215429 0.88259256 0.88454145 0.39538565 0.66093403 0.65660155 0.39420068 0.39487758 1.0176488 1.019204 0.23247984 1.0266355 0.23357135 0.8864954 0.40682322 0.8956819 1.015322 1.0034139 0.122948766
1.0168724 0.3926799 0 1.025065 1.0242808 1.0270288 0.6689425 0.6699191 1.0126165 1.0317632 1.0329514 1.0188149 0.877098 0.8838912 0.112419814 0.66456366 0.6623838 0.11276841 0.112536 1.0087683 1.0083846 0.40562007 1.0337447 0.40613547 0.8907466 0.35691568 0.910349 1.0091523 0.99357027 0.39369342
0.98683035 1.0329514 1.025065 0 0.087288015 0.8649598 1.0049399 1.0137748 0.1794547 0.863061 0.85802114 0.9779369 0.9977191 0.99999183 1.0413225 1.0211525 1.0195932 1.0417235 1.0381224 0.18263726 0.1835308 1.0297868 0.8545757 1.0278157 0.9860852 1.0262426 1.0301816 0.17212276 0.17187122 1.0437315
1.0003713 1.033348 1.0242808 0.087288015 0 0.86813504 1.01069 1.014548 0.17958175 0.86813504 0.8636934 0.98832285 1.0126165 1.0122308 1.0469556 1.0172604 1.0122308 1.0469556 1.0445362 0.18225464 0.18212713 1.036926 0.86559373 1.0341415 1.001891 1.0234975 1.0429276 0.17174548 0.17011271 1.0465518
0.99885464 1.0401208 1.0270288 0.8649598 0.86813504 0 1.0341415 1.0286036 0.864643 0.058417104 0.05798483 0.99131685 1.0126165 1.0126165 1.0365276 1.0168724 1.0141612 1.0429276 1.036926 0.8713238 0.8738847 1.0514114 0.48775735 1.055077 1.0080011 1.0365276 1.0176488 0.86274505 0.8640098 1.0282096
1.0003713 0.6606927 0.6689425 1.0049399 1.01069 1.0341415 0 0.049070854 1.0118452 1.0293922 1.0282096 0.99923354 0.86591095 0.86148244 0.6677236 0.47672495 0.47653615 0.67089695 0.6684547 1.018426 1.0203725 0.66504896 0.99281836 0.66577744 0.8787099 0.65516293 0.8703658 0.99131685 0.9969631 0.6689425
1.0049399 0.66286767 0.6699191 1.0137748 1.014548 1.0286036 0.049070854 0 1.0126165 1.0258498 1.0246727 0.9977191 0.8662283 0.864643 0.67016345 0.47918367 0.47956264 0.67285645 0.67089695 1.0180373 1.0188149 0.6652917 0.99847597 0.6662635 0.87420535 0.6602102 0.86813504 0.99357027 1.0041765 0.6731017
0.99357027 1.0215429 1.0126165 0.1794547 0.17958175 0.864643 1.0118452 1.0126165 0 0.86718106 0.8640098 0.9783054 0.99923354 1.0003713 1.0219333 1.0022715 0.99658537 1.018426 1.0149349 0.0489641 0.049818557 1.0293922 0.85332674 1.0289978 0.9779369 1.0087683 1.0365276 0.17312981 0.14628159 1.0389212
1.002652 1.0397208 1.0317632 0.863061 0.86813504 0.058417104 1.0293922 1.0258498 0.86718106 0 0.046832204 0.97867405 1.0103053 1.0118452 1.0361294 1.002652 1.0011308 1.0437315 1.0377234 0.8722831 0.8754896 1.0505993 0.49546158 1.0542608 1.019204 1.0345387 1.025065 0.8643263 0.8636934 1.0289978
0.99999183 1.0389212 1.0329514 0.85802114 0.8636934 0.05798483 1.0282096 1.0246727 0.8640098 0.046832204 0 0.98237044 1.0149349 1.0188149 1.0377234 1.0015109 0.99923354 1.0453417 1.0393208 0.86718106 0.86972773 1.0510052 0.49121448 1.0542608 1.0137748 1.030972 1.0353336 0.8605368 0.85959244 1.030972
0.6748211 1.0215429 1.0188149 0.9779369 0.98832285 0.99131685 0.99923354 0.9977191 0.9783054 0.97867405 0.98237044 0 1.0080011 1.0091523 1.0141612 0.9857129 0.9853408 1.0133885 1.01146 0.9894442 0.9901927 1.0345387 0.982 1.0329514 1.0083846 0.9939465 1.0157093 0.9615409 0.97243166 1.0385218
0.98645765 0.88259256 0.877098 0.9977191 1.0126165 1.0126165 0.86591095 0.8662283 0.99923354 1.0103053 1.0149349 1.0080011 0 0.026150651 0.87774235 0.8800019 0.8800019 0.88259256 0.8787099 0.9894442 0.990942 0.8713238 0.99545324 0.87324363 0.385289 0.8684533 0.31787458 0.99056727 0.98645765 0.88194406
0.9943229 0.88454145 0.8838912 0.99999183 1.0122308 1.0126165 0.86148244 0.864643 1.0003713 1.0118452 1.0188149 1.0091523 0.026150651 0 0.8851922 0.8793556 0.87967867 0.8910746 0.88682157 0.9901927 0.99281836 0.87806475 0.99281836 0.8800019 0.38629258 0.870685 0.32001656 0.99281836 0.9860852 0.8838912
1.0034139 0.39538565 0.112419814 1.0413225 1.0469556 1.0365276 0.6677236 0.67016345 1.0219333 1.0361294 1.0377234 1.0141612 0.87774235 0.8851922 0 0.6686986 0.6677236 0.017809795 0.017809795 1.018426 1.0180373 0.40665123 1.0313674 0.40682322 0.90031767 0.35965672 0.90665525 1.0282096 1.0064689 0.3974214
1.0034139 0.66093403 0.66456366 1.0211525 1.0172604 1.0168724 0.47672495 0.47918367 1.0022715 1.002652 1.0015109 0.9857129 0.8800019 0.8793556 0.6686986 0 0.011589078 0.66796726 0.6677236 1.0049399 1.0076177 0.6694307 0.9962078 0.67065233 0.8809723 0.66456366 0.8838912 1.0041765 0.99658537 0.6682109
1.001891 0.65660155 0.6623838 1.0195932 1.0122308 1.0141612 0.47653615 0.47956264 0.99658537 1.0011308 0.99923354 0.9853408 0.8800019 0.87967867 0.6677236 0.011589078 0 0.66577744 0.66553456 0.9980974 1.000751 0.66602045 0.9943229 0.6672366 0.8793556 0.6606927 0.88259256 1.0003713 0.9950763 0.66504896
1.0053219 0.39420068 0.11276841 1.0417235 1.0469556 1.0429276 0.67089695 0.67285645 1.018426 1.0437315 1.0453417 1.0133885 0.88259256 0.8910746 0.017809795 0.66796726 0.66577744 0 0.008042973 1.0180373 1.0172604 0.40785605 1.0377234 0.40785605 0.90665525 0.3601415 0.91203403 1.0297868 1.0087683 0.39776123
1.002652 0.39487758 0.112536 1.0381224 1.0445362 1.036926 0.6684547 0.67089695 1.0149349 1.0377234 1.0393208 1.01146 0.8787099 0.88682157 0.017809795 0.6677236 0.66553456 0.008042973 0 1.0137748 1.0133885 0.40699527 1.0301816 0.40699527 0.90164745 0.35949522 0.90665525 1.0254573 1.005704 0.39725155
0.9924427 1.0176488 1.0087683 0.18263726 0.18225464 0.8713238 1.018426 1.0180373 0.0489641 0.8722831 0.86718106 0.9894442 0.9894442 0.9901927 1.018426 1.0049399 0.9980974 1.0180373 1.0137748 0 0.008144057 1.0317632 0.8592779 1.0313674 0.97499573 1.01146 1.030972 0.17666517 0.14786322 1.0385218
0.9950763 1.019204 1.0083846 0.1835308 0.18212713 0.8738847 1.0203725 1.0188149 0.049818557 0.8754896 0.86972773 0.9901927 0.990942 0.99281836 1.0180373 1.0076177 1.000751 1.0172604 1.0133885 0.008144057 0 1.0337447 0.85896355 1.0329514 0.9753628 1.0103053 1.0337447 0.17767835 0.14835055 1.0393208
1.0110749 0.23247984 0.40562007 1.0297868 1.036926 1.0514114 0.66504896 0.6652917 1.0293922 1.0505993 1.0510052 1.0345387 0.8713238 0.87806475 0.40665123 0.6694307 0.66602045 0.40785605 0.40699527 1.0317632 1.0337447 0 1.0199828 0.006225769 0.88162 0.40441883 0.88454145 1.0176488 1.01146 0.23138992
0.98794943 1.0266355 1.0337447 0.8545757 0.86559373 0.48775735 0.99281836 0.99847597 0.85332674 0.49546158 0.49121448 0.982 0.99545324 0.99281836 1.0313674 0.9962078 0.9943229 1.0377234 1.0301816 0.8592779 0.85896355 1.0199828 0 1.019204 0.9939465 1.018426 1.0080011 0.84711295 0.8573935 1.014548
1.0099207 0.23357135 0.40613547 1.0278157 1.0341415 1.055077 0.66577744 0.6662635 1.0289978 1.0542608 1.0542608 1.0329514 0.87324363 0.8800019 0.40682322 0.67065233 0.6672366 0.40785605 0.40699527 1.0313674 1.0329514 0.006225769 1.019204 0 0.8835664 0.40476185 0.8864954 1.0168724 1.01069 0.23166226
0.9980974 0.8864954 0.8907466 0.9860852 1.001891 1.0080011 0.8787099 0.87420535 0.9779369 1.019204 1.0137748 1.0083846 0.385289 0.38629258 0.90031767 0.8809723 0.8793556 0.90665525 0.90164745 0.97499573 0.9753628 0.88162 0.9939465 0.8835664 0 0.8726031 0.39403155 0.98237044 0.9680563 0.88194406
1.0130024 0.40682322 0.35691568 1.0262426 1.0234975 1.0365276 0.65516293 0.6602102 1.0087683 1.0345387 1.030972 0.9939465 0.8684533 0.870685 0.35965672 0.66456366 0.6606927 0.3601415 0.35949522 1.01146 1.0103053 0.40441883 1.018426 0.40476185 0.8726031 0 0.8943626 1.0072346 0.98832285 0.40579182
0.9962078 0.8956819 0.910349 1.0301816 1.0429276 1.0176488 0.8703658 0.86813504 1.0365276 1.025065 1.0353336 1.0157093 0.31787458 0.32001656 0.90665525 0.8838912 0.88259256 0.91203403 0.90665525 1.030972 1.0337447 0.88454145 1.0080011 0.8864954 0.39403155 0.8943626 0 1.0199828 1.0049399 0.895022
0.99545324 1.015322 1.0091523 0.17212276 0.17174548 0.86274505 0.99131685 0.99357027 0.17312981 0.8643263 0.8605368 0.9615409 0.99056727 0.99281836 1.0282096 1.0041765 1.0003713 1.0297868 1.0254573 0.17666517 0.17767835 1.0176488 0.84711295 1.0168724 0.98237044 1.0072346 1.0199828 0 0.16798292 1.0325551
0.97573 1.0034139 0.99357027 0.17187122 0.17011271 0.8640098 0.9969631 1.0041765 0.14628159 0.8636934 0.85959244 0.97243166 0.98645765 0.9860852 1.0064689 0.99658537 0.9950763 1.0087683 1.005704 0.14786322 0.14835055 1.01146 0.8573935 1.01069 0.9680563 0.98832285 1.0049399 0.16798292 0 1.0215429
1.0207624 0.122948766 0.39369342 1.0437315 1.0465518 1.0282096 0.6689425 0.6731017 1.0389212 1.0289978 1.030972 1.0385218 0.88194406 0.8838912 0.3974214 0.6682109 0.66504896 0.39776123 0.39725155 1.0385218 1.0393208 0.23138992 1.014548 0.23166226 0.88194406 0.40579182 0.895022 1.0325551 1.0215429 0
