0 1.0249531524 1.0125112524 1.0044569524 0.5109968524 0.5092207524 1.0082815524 1.0014112524 0.5058773524 0.5082358524 0.6076535524 0.9942269524 0.6078783524 0.9852492924 0.9927231524 0.9863656524 0.5125790924 0.5092207524 0.9915973024 0.9915973024 0.5123810924 0.5137679524 0.5171468524 0.5135697524 0.9995139924 0.6083281124 0.6051853524 0.6056335124 0.5029395924 1.0006517524
1.0249531524 0 0.1853455124 0.8598728924 1.0324394524 1.0440119524 0.4659468524 0.4627905324 1.0140552524 1.0136689524 1.0121256524 0.4236260824 1.0175408524 0.8636576024 0.8646067524 0.7516669124 1.0249531524 1.0218233524 0.7565849524 0.7530298524 1.0364098524 1.0392016524 1.0432080524 1.0408015524 0.8605023524 1.0229955524 1.0396012524 1.0296726524 1.0179292524 0.7637462124
1.0125112524 0.1853455124 0 0.8433818924 1.0152153524 1.0218233524 0.4504785924 0.4492038524 0.9961108524 1.0014112524 1.0117404524 0.4083087524 1.0190953524 0.8486320524 0.8498727524 0.7530298524 1.0187064524 1.0125112524 0.7563108924 0.7546685524 1.0167649524 1.0198736524 1.0206529524 1.0190953524 0.8439976524 1.0156024524 1.0229955524 1.0187064524 1.0014112524 0.7648540824
1.0044569524 0.8598728924 0.8433818924 0 1.0190953524 1.0261302524 0.8526718524 0.8483222524 1.0125112524 1.0094327524 1.0257377524 0.8342055524 1.0198736524 0.0803015024 0.0786344684 0.8111544924 1.0033133524 1.0086650524 0.8164799524 0.8173712024 1.0300672524 1.0296726524 1.0269159524 1.0328355524 0.3022822224 1.0152153524 1.0253454524 1.0206529524 1.0056023524 0.8161831024
0.5109968524 1.0324394524 1.0152153524 1.0190953524 0 0.0584813854 1.0109704524 1.0156024524 0.3845672524 0.3865730324 0.6253923924 1.0175408524 0.6276973024 1.0059844524 1.0044569524 1.0117404524 0.4687429224 0.4689297224 1.0167649524 1.0190953524 0.0602124924 0.0609711054 0.3680576524 0.0610795424 1.0090487524 0.6283900824 0.6242426124 0.6253923924 0.4600165024 1.0269159524
0.5092207524 1.0440119524 1.0218233524 1.0261302524 0.0584813854 0 1.0102011524 1.0132828524 0.3784162524 0.3819011524 0.6276973024 1.0249531524 0.6288523524 1.0094327524 1.0071321524 1.0148284524 0.4639029924 0.4644598824 1.0187064524 1.0214329524 0.0579412374 0.0589137874 0.3605835824 0.0593464384 1.0006517524 0.6276973024 0.6247023524 0.6244724524 0.4565174124 1.0265230524
1.0082815524 0.4659468524 0.4504785924 0.8526718524 1.0109704524 1.0102011524 0 0.0495648584 0.9867381024 0.9889769124 1.0052203524 0.4425017324 1.0159897524 0.8545437524 0.8529834824 0.7435411524 1.0044569524 0.9968658224 0.7478639524 0.7459696524 1.0148284524 1.0156024524 1.0249531524 1.0183177524 0.8421518924 1.0179292524 1.0392016524 1.0249531524 0.9793233524 0.7612595524
1.0014112524 0.4627905324 0.4492038524 0.8483222524 1.0156024524 1.0132828524 0.0495648584 0 0.9841345524 0.9882298824 1.0010314524 0.4426820724 1.0102011524 0.8529834824 0.8514264924 0.7432718524 0.9983778524 0.9915973024 0.7470514924 0.7446195024 1.0194844524 1.0206529524 1.0198736524 1.0229955524 0.8354226524 1.0121256524 1.0316478524 1.0198736524 0.9767453524 0.7535756524
0.5058773524 1.0140552524 0.9961108524 1.0125112524 0.3845672524 0.3784162524 0.9867381024 0.9841345524 0 0.0447745524 0.6130671024 0.9923477524 0.6139732124 0.9938507224 0.9987564224 0.9938507224 0.4555993224 0.4559664224 0.9949799524 0.9976214924 0.3827333024 0.3832330224 0.3790788224 0.3844003524 1.0029324524 0.6130671024 0.6126145524 0.6040661524 0.4484764124 0.9953567524
0.5082358524 1.0136689524 1.0014112524 1.0094327524 0.3865730324 0.3819011524 0.9889769124 0.9882298824 0.0447745524 0 0.6162431924 0.9976214924 0.6164705524 0.9927231524 0.9972435524 0.9957336924 0.4583570224 0.4583570224 0.9949799524 0.9968658224 0.3850681924 0.3857366224 0.3824003524 0.3867404324 1.0017913524 0.6162431924 0.6157886524 0.6074288524 0.4472050824 0.9961108524
0.6076535524 1.0121256524 1.0117404524 1.0257377524 0.6253923924 0.6276973024 1.0052203524 1.0010314524 0.6130671024 0.6162431924 0 1.0086650524 0.0378036524 1.0187064524 1.0159897524 1.0010314524 0.6274664524 0.6293149124 1.0010314524 1.0006517524 0.6196610524 0.6205751524 0.6325606824 0.6210326124 1.0284900524 0.3022822224 0.3120685524 0.3125233524 0.6153343524 0.9946033524
0.9942269524 0.4236260824 0.4083087524 0.8342055524 1.0175408524 1.0249531524 0.4425017324 0.4426820724 0.9923477524 0.9976214924 1.0086650524 0 1.0140552524 0.8266435524 0.8299614524 0.7212465524 1.0010314524 0.9987564224 0.7264949524 0.7257053524 1.0148284524 1.0159897524 1.0067493524 1.0190953524 0.8248399024 1.0128969524 1.0340251524 1.0249531524 0.9863656524 0.7355024924
0.6078783524 1.0175408524 1.0190953524 1.0198736524 0.6276973024 0.6288523524 1.0159897524 1.0102011524 0.6139732124 0.6164705524 0.0378036524 1.0140552524 0 1.0156024524 1.0125112524 1.0075150524 0.6251623124 0.6286212524 1.0075150524 1.0067493524 0.6230946524 0.6237832524 0.6330254524 0.6249323024 1.0292782524 0.3025814524 0.3117655324 0.3120685524 0.6139732124 0.9987564224
0.9852492924 0.8636576024 0.8486320524 0.0803015024 1.0059844524 1.0094327524 0.8545437524 0.8529834824 0.9938507224 0.9927231524 1.0187064524 0.8266435524 1.0156024524 0 0.0247761584 0.8105650524 0.9949799524 0.9972435524 0.8152932524 0.8164799524 1.0125112524 1.0125112524 1.0179292524 1.0152153524 0.2995945524 1.0194844524 1.0288840524 1.0206529524 0.9957336924 0.8170740124
0.9927231524 0.8646067524 0.8498727524 0.0786344684 1.0044569524 1.0071321524 0.8529834824 0.8514264924 0.9987564224 0.9972435524 1.0159897524 0.8299614524 1.0125112524 0.0247761584 0 0.8085058524 0.9957336924 1.0006517524 0.8141083824 0.8152932524 1.0125112524 1.0125112524 1.0171528524 1.0159897524 0.3003401924 1.0183177524 1.0253454524 1.0210428524 0.9991350924 0.8158863524
0.9863656524 0.7516669124 0.7530298524 0.8111544924 1.0117404524 1.0148284524 0.7435411524 0.7432718524 0.9938507224 0.9957336924 1.0010314524 0.7212465524 1.0075150524 0.8105650524 0.8085058524 0 0.9915973024 0.9923477524 0.0258100724 0.0258100724 1.0113553524 1.0113553524 1.0105857524 1.0128969524 0.7991635924 0.9923477524 1.0148284524 1.0075150524 0.9841345524 0.1935817024
0.5125790924 1.0249531524 1.0187064524 1.0033133524 0.4687429224 0.4639029924 1.0044569524 0.9983778524 0.4555993224 0.4583570224 0.6274664524 1.0010314524 0.6251623124 0.9949799524 0.9957336924 0.9915973024 0 0.0184999724 0.9886033024 0.9919724024 0.4635319824 0.4653888724 0.4650171524 0.4650171524 1.0121256524 0.6040661524 0.6141998924 0.6031719524 0.2047934524 1.0036943524
0.5092207524 1.0218233524 1.0125112524 1.0086650524 0.4689297224 0.4644598824 0.9968658224 0.9915973024 0.4559664224 0.4583570224 0.6293149124 0.9987564224 0.6286212524 0.9972435524 1.0006517524 0.9923477524 0.0184999724 0 0.9889769124 0.9919724024 0.4646455724 0.4665052524 0.4635319824 0.4661329224 1.0082815524 0.6074288524 0.6146534524 0.6036188524 0.2041369924 1.0040755524
0.9915973024 0.7565849524 0.7563108924 0.8164799524 1.0167649524 1.0187064524 0.7478639524 0.7470514924 0.9949799524 0.9949799524 1.0010314524 0.7264949524 1.0075150524 0.8152932524 0.8141083824 0.0258100724 0.9886033024 0.9889769124 0 0.00620378139999996 1.0163771524 1.0167649524 1.0082815524 1.0179292524 0.8014882924 0.9915973024 1.0148284524 1.0063667524 0.9841345524 0.1955252124
0.9915973024 0.7530298524 0.7546685524 0.8173712024 1.0190953524 1.0214329524 0.7459696524 0.7446195024 0.9976214924 0.9968658224 1.0006517524 0.7257053524 1.0067493524 0.8164799524 0.8152932524 0.0258100724 0.9919724024 0.9919724024 0.00620378139999996 0 1.0187064524 1.0190953524 1.0125112524 1.0202632524 0.8003250524 0.9912224524 1.0148284524 1.0075150524 0.9863656524 0.1953954824
0.5123810924 1.0364098524 1.0167649524 1.0300672524 0.0602124924 0.0579412374 1.0148284524 1.0194844524 0.3827333024 0.3850681924 0.6196610524 1.0148284524 0.6230946524 1.0125112524 1.0125112524 1.0113553524 0.4635319824 0.4646455724 1.0163771524 1.0187064524 0 0.00388912019999996 0.3636616924 0.00439169999999996 1.0128969524 0.6242426124 0.6214903524 0.6212614524 0.4555993224 1.0269159524
0.5137679524 1.0392016524 1.0198736524 1.0296726524 0.0609711054 0.0589137874 1.0156024524 1.0206529524 0.3832330224 0.3857366224 0.6205751524 1.0159897524 0.6237832524 1.0125112524 1.0125112524 1.0113553524 0.4653888724 0.4665052524 1.0167649524 1.0190953524 0.00388912019999996 0 0.3651241524 0.00439169999999996 1.0128969524 0.6263135224 0.6226359124 0.6233241124 0.4567011724 1.0273092524
0.5171468524 1.0432080524 1.0206529524 1.0269159524 0.3680576524 0.3605835824 1.0249531524 1.0198736524 0.3790788224 0.3824003524 0.6325606824 1.0067493524 0.6330254524 1.0179292524 1.0171528524 1.0105857524 0.4650171524 0.4635319824 1.0082815524 1.0125112524 0.3636616924 0.3651241524 0 0.3652868524 1.0125112524 0.6367545524 0.6332580024 0.6256225824 0.4585412224 1.0040755524
0.5135697524 1.0408015524 1.0190953524 1.0328355524 0.0610795424 0.0593464384 1.0183177524 1.0229955524 0.3844003524 0.3867404324 0.6210326124 1.0190953524 0.6249323024 1.0152153524 1.0159897524 1.0128969524 0.4650171524 0.4661329224 1.0179292524 1.0202632524 0.00439169999999996 0.00439169999999996 0.3652868524 0 1.0159897524 0.6258528524 0.6228652124 0.6235536524 0.4568849524 1.0284900524
0.9995139924 0.8605023524 0.8439976524 0.3022822224 1.0090487524 1.0006517524 0.8421518924 0.8354226524 1.0029324524 1.0017913524 1.0284900524 0.8248399024 1.0292782524 0.2995945524 0.3003401924 0.7991635924 1.0121256524 1.0082815524 0.8014882924 0.8003250524 1.0128969524 1.0128969524 1.0125112524 1.0159897524 0 1.0159897524 1.0206529524 1.0148284524 0.9938507224 0.8108597524
0.6083281124 1.0229955524 1.0156024524 1.0152153524 0.6283900824 0.6276973024 1.0179292524 1.0121256524 0.6130671024 0.6162431924 0.3022822224 1.0128969524 0.3025814524 1.0194844524 1.0183177524 0.9923477524 0.6040661524 0.6074288524 0.9915973024 0.9912224524 0.6242426124 0.6263135224 0.6367545524 0.6258528524 1.0159897524 0 0.2394708324 0.2397460124 0.6027252224 0.9778491524
0.6051853524 1.0396012524 1.0229955524 1.0253454524 0.6242426124 0.6247023524 1.0392016524 1.0316478524 0.6126145524 0.6157886524 0.3120685524 1.0340251524 0.3117655324 1.0288840524 1.0253454524 1.0148284524 0.6141998924 0.6146534524 1.0148284524 1.0148284524 0.6214903524 0.6226359124 0.6332580024 0.6228652124 1.0206529524 0.2394708324 0 0.2222005524 0.6074288524 1.0010314524
0.6056335124 1.0296726524 1.0187064524 1.0206529524 0.6253923924 0.6244724524 1.0249531524 1.0198736524 0.6040661524 0.6074288524 0.3125233524 1.0249531524 0.3120685524 1.0206529524 1.0210428524 1.0075150524 0.6031719524 0.6036188524 1.0063667524 1.0075150524 0.6212614524 0.6233241124 0.6256225824 0.6235536524 1.0148284524 0.2397460124 0.2222005524 0 0.5980509524 0.9957336924
0.5029395924 1.0179292524 1.0014112524 1.0056023524 0.4600165024 0.4565174124 0.9793233524 0.9767453524 0.4484764124 0.4472050824 0.6153343524 0.9863656524 0.6139732124 0.9957336924 0.9991350924 0.9841345524 0.2047934524 0.2041369924 0.9841345524 0.9863656524 0.4555993224 0.4567011724 0.4585412224 0.4568849524 0.9938507224 0.6027252224 0.6074288524 0.5980509524 0 0.9874836524
1.0006517524 0.7637462124 0.7648540824 0.8161831024 1.0269159524 1.0265230524 0.7612595524 0.7535756524 0.9953567524 0.9961108524 0.9946033524 0.7355024924 0.9987564224 0.8170740124 0.8158863524 0.1935817024 1.0036943524 1.0040755524 0.1955252124 0.1953954824 1.0269159524 1.0273092524 1.0040755524 1.0284900524 0.8108597524 0.9778491524 1.0010314524 0.9957336924 0.9874836524 0
