0 0.75822586 0.7631891 1.0286036 0.59246385 0.61142963 1.0157093 1.0030329 1.0030329 1.01069 1.0141612 1.0103053 1.0030329 1.0133885 1.0234975 1.019204 1.0157093 1.0274222 1.0305767 1.036926 1.0278157 1.0053219 0.6008834 1.0003713 1.0157093 1.0160967 0.7524766 1.0130024 1.0293922 1.0099207
0.75822586 0 0.19953829 1.0091523 0.7389627 0.7494826 1.0064689 1.0130024 1.01146 1.0180373 1.0199828 1.005704 1.0207624 1.0254573 1.0045581 1.0045581 1.0141612 1.0072346 1.0103053 1.0207624 1.0137748 1.0083846 0.73709005 0.99734104 1.0211525 1.0305767 0.41321507 1.0164845 1.0385218 1.0254573
0.7631891 0.19953829 0 0.9946995 0.73602206 0.7483968 1.0064689 1.0505993 1.042526 1.0413225 1.0429276 1.0160967 1.0599923 1.0563028 1.0176488 1.0141612 1.0080011 1.01069 1.01146 1.0149349 1.0064689 1.0041765 0.7427221 0.9950763 1.0091523 1.0141612 0.4163444 1.0076177 1.0289978 1.0616379
1.0286036 1.0091523 0.9946995 0 1.0373245 1.0223241 1.0064689 0.6475366 0.6477737 0.65612173 0.6449328 0.632745 0.64919823 0.6578025 1.01069 1.0219333 0.99545324 1.0076177 1.0064689 0.15434618 0.15238315 1.0011308 1.0172604 0.98907024 0.7557565 0.7511142 0.99961257 0.31421676 1.0049399 0.6461152
0.59246385 0.7389627 0.73602206 1.0373245 0 0.14774145 0.9924427 1.0262426 1.0297868 1.0393208 1.0365276 0.9962078 1.0341415 1.0433295 0.9962078 1.000751 1.0060863 1.0211525 1.0199828 1.0211525 1.0234975 0.9946995 0.58131045 0.9898184 1.0270288 1.0215429 0.7267414 1.0313674 1.0219333 1.0270288
0.61142963 0.7494826 0.7483968 1.0223241 0.14774145 0 1.0003713 1.0219333 1.019204 1.0238891 1.0313674 0.99885464 1.0278157 1.0337447 1.0110749 1.0122308 1.0157093 1.0289978 1.0246727 1.0133885 1.0160967 1.0045581 0.5999927 1.0053219 1.036926 1.0203725 0.7309697 1.0270288 1.0274222 1.032159
1.0157093 1.0064689 1.0064689 1.0064689 0.9924427 1.0003713 0 0.97978103 0.98125964 1.015322 1.0060863 0.982 0.99169195 1.0003713 0.72384816 0.7296458 0.15042526 0.5630822 0.5584356 0.9943229 0.9920673 0.15140356 1.001891 0.14543132 0.99885464 0.9924427 0.99999183 0.9931942 0.5628704 0.9746289
1.0030329 1.0130024 1.0505993 0.6475366 1.0262426 1.0219333 0.97978103 0 0.13578178 0.41113606 0.4090628 0.59599745 0.13554212 0.13458428 0.9727974 0.98794943 0.98683035 0.9946995 0.9939465 0.65348804 0.65134007 0.9790429 1.0180373 0.97573 0.7631891 0.7563045 1.0219333 0.6395176 1.0199828 0.22205454
1.0030329 1.01146 1.042526 0.6477737 1.0297868 1.019204 0.98125964 0.13578178 0 0.41756493 0.417216 0.5957761 0.13243356 0.1341058 0.9860852 1.0045581 0.9924427 1.000751 1.0030329 0.6520554 0.64967364 0.9853408 1.0270288 0.9801504 0.75822586 0.7475835 1.0188149 0.6484856 1.0095364 0.2243438
1.01069 1.0180373 1.0413225 0.65612173 1.0393208 1.0238891 1.015322 0.41113606 0.41756493 0 0.13470393 0.5964403 0.41739044 0.41983685 1.014548 1.0365276 1.0215429 0.99961257 0.9977191 0.66335183 0.65660155 1.0130024 1.0234975 1.0080011 0.76846397 0.761255 1.0329514 0.6353068 1.015322 0.40441883
1.0141612 1.0199828 1.0429276 0.6449328 1.0365276 1.0313674 1.0060863 0.4090628 0.417216 0.13470393 0 0.59224355 0.41425672 0.41599607 1.0176488 1.0373245 1.0118452 0.99658537 0.9901927 0.65516293 0.6475366 0.99961257 1.0211525 0.9958304 0.7673504 0.76429653 1.0278157 0.6297288 1.0130024 0.40630734
1.0103053 1.005704 1.0160967 0.632745 0.9962078 0.99885464 0.982 0.59599745 0.5957761 0.5964403 0.59224355 0 0.59888077 0.604457 0.9924427 1.0049399 0.99885464 0.98757625 0.98496884 0.63881415 0.6350735 0.99131685 1.0091523 0.9860852 0.7389627 0.7437997 0.9827411 0.62189704 0.9783054 0.5929046
1.0030329 1.0207624 1.0599923 0.64919823 1.0341415 1.0278157 0.99169195 0.13554212 0.13243356 0.41739044 0.41425672 0.59888077 0 0.12767617 0.97978103 0.9931942 0.9898184 1.0037951 1.0068517 0.65348804 0.6494359 0.98645765 1.0381224 0.9838541 0.76846397 0.7598766 1.0172604 0.6413967 1.019204 0.22704603
1.0133885 1.0254573 1.0563028 0.6578025 1.0433295 1.0337447 1.0003713 0.13458428 0.1341058 0.41983685 0.41599607 0.604457 0.12767617 0 0.99131685 0.99885464 1.002652 1.0080011 1.0099207 0.66359407 0.6578025 1.001891 1.0518178 0.99961257 0.7673504 0.7532952 1.0258498 0.64564204 1.0180373 0.22921483
1.0234975 1.0045581 1.0176488 1.01069 0.9962078 1.0110749 0.72384816 0.9727974 0.9860852 1.014548 1.0176488 0.9924427 0.97978103 0.99131685 0 0.110099986 0.7330929 0.73789203 0.7397667 1.0064689 1.000751 0.7309697 1.0045581 0.72253674 1.0060863 0.9857129 1.0126165 0.9816297 0.7309697 0.97024083
1.019204 1.0045581 1.0141612 1.0219333 1.000751 1.0122308 0.7296458 0.98794943 1.0045581 1.0365276 1.0373245 1.0049399 0.9931942 0.99885464 0.110099986 0 0.732296 0.74164605 0.74110866 1.015322 1.01069 0.7338906 0.9920673 0.72384816 0.9943229 0.9827411 1.0060863 1.01069 0.7346892 0.990942
1.0157093 1.0141612 1.0080011 0.99545324 1.0060863 1.0157093 0.15042526 0.98683035 0.9924427 1.0215429 1.0118452 0.99885464 0.9898184 1.002652 0.7330929 0.732296 0 0.5784937 0.5750415 0.98794943 0.9853408 0.05722894 0.98645765 0.051851805 1.014548 1.0149349 0.99658537 0.9842255 0.5711766 0.9779369
1.0274222 1.0072346 1.01069 1.0076177 1.0211525 1.0289978 0.5630822 0.9946995 1.000751 0.99961257 0.99658537 0.98757625 1.0037951 1.0080011 0.73789203 0.74164605 0.5784937 0 0.03983964 0.9924427 0.990942 0.56967896 1.01069 0.5643545 0.99056727 1.005704 0.99545324 0.990942 0.32216468 0.9943229
1.0305767 1.0103053 1.01146 1.0064689 1.0199828 1.0246727 0.5584356 0.9939465 1.0030329 0.9977191 0.9901927 0.98496884 1.0068517 1.0099207 0.7397667 0.74110866 0.5750415 0.03983964 0 0.98907024 0.98757625 0.5677578 1.0199828 0.5632941 0.9943229 0.9980974 0.99734104 0.98869646 0.32124332 0.99734104
1.036926 1.0207624 1.0149349 0.15434618 1.0211525 1.0133885 0.9943229 0.65348804 0.6520554 0.66335183 0.65516293 0.63881415 0.65348804 0.66359407 1.0064689 1.015322 0.98794943 0.9924427 0.98907024 0 0.023463218 0.99056727 1.0133885 0.97941184 0.76540554 0.7565787 1.0037951 0.3166533 1.0015109 0.65444463
1.0278157 1.0137748 1.0064689 0.15238315 1.0234975 1.0160967 0.9920673 0.65134007 0.64967364 0.65660155 0.6475366 0.6350735 0.6494359 0.6578025 1.000751 1.01069 0.9853408 0.990942 0.98757625 0.023463218 0 0.98683035 1.0083846 0.9764649 0.7585007 0.74975425 0.99961257 0.31254622 1.000751 0.64635193
1.0053219 1.0083846 1.0041765 1.0011308 0.9946995 1.0045581 0.15140356 0.9790429 0.9853408 1.0130024 0.99961257 0.99131685 0.98645765 1.001891 0.7309697 0.7338906 0.05722894 0.56967896 0.5677578 0.99056727 0.98683035 0 0.9816297 0.024495706 0.9980974 0.99923354 0.98496884 0.98832285 0.56477904 0.9779369
0.6008834 0.73709005 0.7427221 1.0172604 0.58131045 0.5999927 1.001891 1.0180373 1.0270288 1.0234975 1.0211525 1.0091523 1.0381224 1.0518178 1.0045581 0.9920673 0.98645765 1.01069 1.0199828 1.0133885 1.0083846 0.9816297 0 0.97978103 1.0301816 1.025065 0.74433905 1.0231062 1.0080011 1.0270288
1.0003713 0.99734104 0.9950763 0.98907024 0.9898184 1.0053219 0.14543132 0.97573 0.9801504 1.0080011 0.9958304 0.9860852 0.9838541 0.99961257 0.72253674 0.72384816 0.051851805 0.5643545 0.5632941 0.97941184 0.9764649 0.024495706 0.97978103 0 0.9946995 0.99357027 0.9768326 0.9764649 0.5584356 0.9706055
1.0157093 1.0211525 1.0091523 0.7557565 1.0270288 1.036926 0.99885464 0.7631891 0.75822586 0.76846397 0.7673504 0.7389627 0.76846397 0.7673504 1.0060863 0.9943229 1.014548 0.99056727 0.9943229 0.76540554 0.7585007 0.9980974 1.0301816 0.9946995 0 0.5393104 1.0091523 0.7673504 1.0003713 0.76346576
1.0160967 1.0305767 1.0141612 0.7511142 1.0215429 1.0203725 0.9924427 0.7563045 0.7475835 0.761255 0.76429653 0.7437997 0.7598766 0.7532952 0.9857129 0.9827411 1.0149349 1.005704 0.9980974 0.7565787 0.74975425 0.99923354 1.025065 0.99357027 0.5393104 0 1.0103053 0.7519313 1.0022715 0.76512814
0.7524766 0.41321507 0.4163444 0.99961257 0.7267414 0.7309697 0.99999183 1.0219333 1.0188149 1.0329514 1.0278157 0.9827411 1.0172604 1.0258498 1.0126165 1.0060863 0.99658537 0.99545324 0.99734104 1.0037951 0.99961257 0.98496884 0.74433905 0.9768326 1.0091523 1.0103053 0 0.9838541 1.0091523 1.0266355
1.0130024 1.0164845 1.0076177 0.31421676 1.0313674 1.0270288 0.9931942 0.6395176 0.6484856 0.6353068 0.6297288 0.62189704 0.6413967 0.64564204 0.9816297 1.01069 0.9842255 0.990942 0.98869646 0.3166533 0.31254622 0.98832285 1.0231062 0.9764649 0.7673504 0.7519313 0.9838541 0 1.000751 0.6461152
1.0293922 1.0385218 1.0289978 1.0049399 1.0219333 1.0274222 0.5628704 1.0199828 1.0095364 1.015322 1.0130024 0.9783054 1.019204 1.0180373 0.7309697 0.7346892 0.5711766 0.32216468 0.32124332 1.0015109 1.000751 0.56477904 1.0080011 0.5584356 1.0003713 1.0022715 1.0091523 1.000751 0 1.0068517
1.0099207 1.0254573 1.0616379 0.6461152 1.0270288 1.032159 0.9746289 0.22205454 0.2243438 0.40441883 0.40630734 0.5929046 0.22704603 0.22921483 0.97024083 0.990942 0.9779369 0.9943229 0.99734104 0.65444463 0.64635193 0.9779369 1.0270288 0.9706055 0.76346576 0.76512814 1.0266355 0.6461152 1.0068517 0
