0 1.0168724 1.0168724 0.7400349 0.73789203 1.015322 1.0238891 0.7437997 0.73923063 0.67926043 0.67580533 1.0534456 0.65540254 0.6854701 0.6844731 1.0157093 1.0195932 0.6812419 0.68721807 0.72044325 0.71992075 0.6575622 0.68298006 0.65876466 0.68796843 0.6767909 0.7475835 1.0286036 1.0262426 0.67580533
1.0168724 0 0.27757347 1.0195932 0.99281836 0.7734957 0.7695792 0.98645765 1.0003713 0.9894442 1.002652 0.7751804 1.0164845 1.0176488 1.0180373 0.3348716 0.34083396 1.0157093 1.01069 1.0091523 1.0068517 1.0095364 1.0053219 1.0060863 1.0064689 1.0110749 1.0157093 0.29589388 0.74893945 1.0305767
1.0168724 0.27757347 0 1.042526 1.0164845 0.75165886 0.7527494 1.0133885 1.0180373 1.0045581 1.0172604 0.7601521 1.014548 1.0317632 1.0278157 0.33957478 0.34051898 1.015322 1.0195932 1.0215429 1.0207624 1.0053219 1.0103053 1.0037951 1.0126165 0.99847597 1.0377234 0.29976138 0.74514884 1.0258498
0.7400349 1.0195932 1.042526 0 0.6907262 1.0215429 1.0278157 0.6899731 0.69399863 0.7254249 0.72568804 1.049788 0.72332335 0.73735726 0.72779626 0.99131685 0.9939465 0.7235857 0.72332335 0.26266474 0.2649392 0.71601385 0.714716 0.71549445 0.71783453 0.73709005 0.7082605 1.0325551 1.0207624 0.72568804
0.73789203 0.99281836 1.0164845 0.6907262 0 1.033348 1.0313674 0.17958175 0.18519306 0.7207046 0.723061 1.0022715 0.7220128 0.73495555 0.73923063 1.0076177 1.0064689 0.7207046 0.72253674 0.6947558 0.6932422 0.7193987 0.7141975 0.71627367 0.732296 0.7296458 0.32647946 0.99056727 0.99357027 0.7267414
1.015322 0.7734957 0.75165886 1.0215429 1.033348 0 0.18085337 1.033348 1.0473596 1.0015109 1.0064689 0.5561231 1.0270288 1.0429276 1.0413225 0.7796917 0.7796917 1.0160967 1.0053219 0.99999183 1.001891 1.0149349 1.0118452 1.0172604 1.0099207 1.0126165 1.0409217 0.762636 0.28645793 1.0477637
1.0238891 0.7695792 0.7527494 1.0278157 1.0313674 0.18085337 0 1.0293922 1.0445362 0.9977191 1.002652 0.54985213 1.0215429 1.0301816 1.0215429 0.75960124 0.7623596 1.0072346 0.99847597 0.99847597 1.0011308 1.01069 1.0015109 1.0149349 1.0133885 1.0099207 1.0357314 0.75302225 0.2890998 1.0389212
0.7437997 0.98645765 1.0133885 0.6899731 0.17958175 1.033348 1.0293922 0 0.15643755 0.71835554 0.71783453 1.0091523 0.7222747 0.7312348 0.7307048 0.9962078 0.9946995 0.7167936 0.7193987 0.6927383 0.6929902 0.723061 0.71887696 0.7196597 0.7296458 0.72832423 0.3270979 0.9924427 1.0003713 0.7291169
0.73923063 1.0003713 1.0180373 0.69399863 0.18519306 1.0473596 1.0445362 0.15643755 0 0.71032023 0.7085177 1.0278157 0.7222747 0.7293813 0.72991043 1.0049399 1.0091523 0.7275324 0.73149997 0.6998234 0.69855326 0.7222747 0.72148925 0.71887696 0.72885257 0.7336246 0.32725257 0.9901927 1.0203725 0.7325615
0.67926043 0.9894442 1.0045581 0.7254249 0.7207046 1.0015109 0.9977191 0.71835554 0.71032023 0 0.11953994 0.99961257 0.55948913 0.5624469 0.55885684 0.9920673 0.99545324 0.6348403 0.6413967 0.72018194 0.7191378 0.5506852 0.6444604 0.5504769 0.48279172 0.5597 0.73842716 0.9980974 0.99169195 0.5523542
0.67580533 1.002652 1.0172604 0.72568804 0.723061 1.0064689 1.002652 0.71783453 0.7085177 0.11953994 0 0.9920673 0.5586462 0.56012195 0.5542363 1.0095364 1.0087683 0.64163196 0.6477737 0.72044325 0.7193987 0.5502686 0.64635193 0.5494359 0.4771027 0.55801463 0.73709005 1.0087683 0.9980974 0.5548647
1.0534456 0.7751804 0.7601521 1.049788 1.0022715 0.5561231 0.54985213 1.0091523 1.0278157 0.99961257 0.9920673 0 1.0160967 1.0278157 1.0325551 0.76429653 0.7609791 1.01146 0.99658537 1.0313674 1.0341415 0.99734104 1.0141612 1.000751 1.0289978 0.9980974 1.0199828 0.7765873 0.5536084 1.0188149
0.65540254 1.0164845 1.014548 0.72332335 0.7220128 1.0270288 1.0215429 0.7222747 0.7222747 0.55948913 0.5586462 1.0160967 0 0.44150028 0.4452932 1.0041765 1.0211525 0.65444463 0.65660155 0.7262145 0.7293813 0.11754884 0.6494359 0.116380066 0.57806134 0.44366533 0.7397667 1.0172604 0.99658537 0.4361149
0.6854701 1.0176488 1.0317632 0.73735726 0.73495555 1.0429276 1.0301816 0.7312348 0.7293813 0.5624469 0.56012195 1.0278157 0.44150028 0 0.10283908 1.0060863 1.0122308 0.6592462 0.65444463 0.7362889 0.7354886 0.4297031 0.6578025 0.42952576 0.5756876 0.37846702 0.7478545 1.030972 1.0242808 0.28719085
0.6844731 1.0180373 1.0278157 0.72779626 0.73923063 1.0413225 1.0215429 0.7307048 0.72991043 0.55885684 0.5542363 1.0325551 0.4452932 0.10283908 0 1.005704 1.0149349 0.6568416 0.65110177 0.72463614 0.7267414 0.43254602 0.65348804 0.43272406 0.573751 0.37565646 0.7502979 1.0433295 1.0130024 0.28616497
1.0157093 0.3348716 0.33957478 0.99131685 1.0076177 0.7796917 0.75960124 0.9962078 1.0049399 0.9920673 1.0095364 0.76429653 1.0041765 1.0060863 1.005704 0 0.06536763 1.0341415 1.0180373 0.99923354 1.0060863 0.99999183 0.99357027 0.9980974 1.0133885 1.0068517 1.0118452 0.32725257 0.75822586 1.0133885
1.0195932 0.34083396 0.34051898 0.9939465 1.0064689 0.7796917 0.7623596 0.9946995 1.0091523 0.99545324 1.0087683 0.7609791 1.0211525 1.0122308 1.0149349 0.06536763 0 1.0381224 1.0211525 1.002652 1.0072346 1.0126165 1.005704 1.0118452 1.025065 1.0176488 1.0180373 0.3305084 0.75520885 1.0203725
0.6812419 1.0157093 1.015322 0.7235857 0.7207046 1.0160967 1.0072346 0.7167936 0.7275324 0.6348403 0.64163196 1.01146 0.65444463 0.6592462 0.6568416 1.0341415 1.0381224 0 0.06101601 0.71161044 0.7141975 0.64919823 0.52749914 0.64801097 0.6439882 0.6539662 0.7330929 1.0325551 1.014548 0.65444463
0.68721807 1.01069 1.0195932 0.72332335 0.72253674 1.0053219 0.99847597 0.7193987 0.73149997 0.6413967 0.6477737 0.99658537 0.65660155 0.65444463 0.65110177 1.0180373 1.0211525 0.06101601 0 0.7113522 0.71342045 0.6522939 0.5337889 0.65134007 0.6494359 0.64635193 0.7304399 1.0274222 1.0068517 0.65516293
0.72044325 1.0091523 1.0215429 0.26266474 0.6947558 0.99999183 0.99847597 0.6927383 0.6998234 0.72018194 0.72044325 1.0313674 0.7262145 0.7362889 0.72463614 0.99923354 1.002652 0.71161044 0.7113522 0 0.02915958 0.7165336 0.70543754 0.71549445 0.7220128 0.73602206 0.70364666 1.0176488 0.9943229 0.7235857
0.71992075 1.0068517 1.0207624 0.2649392 0.6932422 1.001891 1.0011308 0.6929902 0.69855326 0.7191378 0.7193987 1.0341415 0.7293813 0.7354886 0.7267414 1.0060863 1.0072346 0.7141975 0.71342045 0.02915958 0 0.71992075 0.7067194 0.7191378 0.72253674 0.73842716 0.70390224 1.0168724 0.99961257 0.7243734
0.6575622 1.0095364 1.0053219 0.71601385 0.7193987 1.0149349 1.01069 0.723061 0.7222747 0.5506852 0.5502686 0.99734104 0.11754884 0.4297031 0.43254602 0.99999183 1.0126165 0.64919823 0.6522939 0.7165336 0.71992075 0 0.64351636 0.011893812 0.5669055 0.4345068 0.72700495 1.0168724 0.9838541 0.43094555
0.68298006 1.0053219 1.0103053 0.714716 0.7141975 1.0118452 1.0015109 0.71887696 0.72148925 0.6444604 0.64635193 1.0141612 0.6494359 0.6578025 0.65348804 0.99357027 1.005704 0.52749914 0.5337889 0.70543754 0.7067194 0.64351636 0 0.6421026 0.65348804 0.65038735 0.72148925 1.0030329 0.98907024 0.65876466
0.65876466 1.0060863 1.0037951 0.71549445 0.71627367 1.0172604 1.0149349 0.7196597 0.71887696 0.5504769 0.5494359 1.000751 0.116380066 0.42952576 0.43272406 0.9980974 1.0118452 0.64801097 0.65134007 0.71549445 0.7191378 0.011893812 0.6421026 0 0.56733155 0.43414992 0.7267414 1.0126165 0.98757625 0.43059036
0.68796843 1.0064689 1.0126165 0.71783453 0.732296 1.0099207 1.0133885 0.7296458 0.72885257 0.48279172 0.4771027 1.0289978 0.57806134 0.5756876 0.573751 1.0133885 1.025065 0.6439882 0.6494359 0.7220128 0.72253674 0.5669055 0.65348804 0.56733155 0 0.5804426 0.7312348 1.0118452 0.99847597 0.57525676
0.6767909 1.0110749 0.99847597 0.73709005 0.7296458 1.0126165 1.0099207 0.72832423 0.7336246 0.5597 0.55801463 0.9980974 0.44366533 0.37846702 0.37565646 1.0068517 1.0176488 0.6539662 0.64635193 0.73602206 0.73842716 0.4345068 0.65038735 0.43414992 0.5804426 0 0.7459595 1.0211525 0.99847597 0.37598658
0.7475835 1.0157093 1.0377234 0.7082605 0.32647946 1.0409217 1.0357314 0.3270979 0.32725257 0.73842716 0.73709005 1.0199828 0.7397667 0.7478545 0.7502979 1.0118452 1.0180373 0.7330929 0.7304399 0.70364666 0.70390224 0.72700495 0.72148925 0.7267414 0.7312348 0.7459595 0 1.0203725 1.030972 0.73495555
1.0286036 0.29589388 0.29976138 1.0325551 0.99056727 0.762636 0.75302225 0.9924427 0.9901927 0.9980974 1.0087683 0.7765873 1.0172604 1.030972 1.0433295 0.32725257 0.3305084 1.0325551 1.0274222 1.0176488 1.0168724 1.0168724 1.0030329 1.0126165 1.0118452 1.0211525 1.0203725 0 0.75002605 1.0365276
1.0262426 0.74893945 0.74514884 1.0207624 0.99357027 0.28645793 0.2890998 1.0003713 1.0203725 0.99169195 0.9980974 0.5536084 0.99658537 1.0242808 1.0130024 0.75822586 0.75520885 1.014548 1.0068517 0.9943229 0.99961257 0.9838541 0.98907024 0.98757625 0.99847597 0.99847597 1.030972 0.75002605 0 1.0286036
0.67580533 1.0305767 1.0258498 0.72568804 0.7267414 1.0477637 1.0389212 0.7291169 0.7325615 0.5523542 0.5548647 1.0188149 0.4361149 0.28719085 0.28616497 1.0133885 1.0203725 0.65444463 0.65516293 0.7235857 0.7243734 0.43094555 0.65876466 0.43059036 0.57525676 0.37598658 0.73495555 1.0365276 1.0286036 0
