0 1.0188149 1.0030329 1.0168724 1.0122308 0.5975486 0.58982456 0.31087938 0.30289978 0.35546857 0.35002682 0.6015522 0.33659267 0.34209526 0.6652917 0.66286767 1.0037951 0.6320479 0.6313514 0.9962078 1.0011308 0.6371753 0.335497 0.6421026 0.66553456 1.0172604 0.65277135 0.6501494 1.033348 1.0157093
1.0188149 0 0.14749794 0.15841123 0.15656075 0.99999183 1.0015109 1.0076177 1.002652 1.0242808 1.0246727 0.9950763 1.0076177 0.99961257 1.0203725 1.0199828 0.5964403 0.99961257 0.9958304 0.5984365 0.5966618 1.0045581 0.9924427 1.0122308 1.0234975 0.5720337 0.99847597 1.0211525 0.5763342 0.57827747
1.0030329 0.14749794 0 0.15656075 0.15569876 0.99658537 1.0053219 0.9950763 0.98496884 1.0030329 1.0087683 1.0034139 0.99923354 0.9969631 1.018426 1.0130024 0.59932536 1.0099207 1.0049399 0.60222155 0.5982144 1.014548 0.98757625 1.018426 1.0157093 0.5793593 1.019204 1.0274222 0.5735361 0.5778452
1.0168724 0.15841123 0.15656075 0 0.13482362 0.9845971 0.9920673 0.9969631 0.9950763 1.0118452 1.005704 0.9872032 1.0068517 1.0030329 1.0238891 1.0258498 0.6060258 1.0049399 0.99923354 0.60849774 0.6071484 1.0030329 0.99357027 1.0064689 1.019204 0.5741809 1.0015109 1.01146 0.57979244 0.5804426
1.0122308 0.15656075 0.15569876 0.13482362 0 0.9950763 1.0030329 0.99281836 0.98757625 1.0130024 1.005704 0.98794943 0.9939465 0.9958304 1.0126165 1.0130024 0.59599745 1.000751 0.9901927 0.59910303 0.5973268 0.99847597 0.9872032 1.0037951 1.0110749 0.5666926 1.0034139 1.0122308 0.5703204 0.5709624
0.5975486 0.99999183 0.99658537 0.9845971 0.9950763 0 0.10398692 0.59910303 0.6026681 0.5962188 0.59888077 0.28499424 0.6015522 0.60804766 0.66796726 0.66286767 1.0072346 0.64351636 0.6395176 1.0045581 1.0053219 0.64872307 0.6028915 0.6539662 0.6580429 1.0141612 0.6489606 0.6558819 1.0389212 1.0068517
0.58982456 1.0015109 1.0053219 0.9920673 1.0030329 0.10398692 0 0.5966618 0.6026681 0.5911431 0.5946704 0.28954104 0.5975486 0.60222155 0.6745752 0.66918653 1.0110749 0.64163196 0.64116156 1.0110749 1.0122308 0.64469653 0.59910303 0.6506254 0.6602102 1.0034139 0.64991146 0.6532491 1.0246727 1.0011308
0.31087938 1.0076177 0.9950763 0.9969631 0.99281836 0.59910303 0.5966618 0 0.09986288 0.35482633 0.35386395 0.603562 0.3425688 0.34193748 0.6461152 0.6409265 1.0188149 0.62787867 0.62488186 1.0137748 1.0227151 0.6334428 0.34525782 0.63881415 0.64516914 1.0389212 0.6402217 0.63811135 1.0530384 1.0409217
0.30289978 1.002652 0.98496884 0.9950763 0.98757625 0.6026681 0.6026681 0.09986288 0 0.35498682 0.35002682 0.60894805 0.34020412 0.34320065 0.63975227 0.6313514 1.0064689 0.61664504 0.6141462 0.9969631 1.0037951 0.6216679 0.3477975 0.62603307 0.64163196 1.0389212 0.6376432 0.627186 1.0445362 1.0377234
0.35546857 1.0242808 1.0030329 1.0118452 1.0130024 0.5962188 0.5911431 0.35482633 0.35498682 0 0.09258679 0.59422857 0.35386395 0.35949522 0.6539662 0.64682555 0.98757625 0.62304366 0.61778367 0.98683035 0.99131685 0.6255724 0.34970793 0.6304238 0.6590054 1.018426 0.64233804 0.6332101 1.0357314 1.0199828
0.35002682 1.0246727 1.0087683 1.005704 1.005704 0.59888077 0.5946704 0.35386395 0.35002682 0.09258679 0 0.59533364 0.3541846 0.35852686 0.6532491 0.64824826 0.9920673 0.6267246 0.620981 0.98794943 0.99734104 0.62810963 0.34795654 0.6313514 0.6592462 1.0211525 0.64116156 0.6357735 1.0337447 1.0258498
0.6015522 0.9950763 1.0034139 0.9872032 0.98794943 0.28499424 0.28954104 0.603562 0.60894805 0.59422857 0.59533364 0 0.603562 0.59954774 0.66918653 0.6699191 1.0068517 0.6484856 0.64516914 1.0072346 1.0095364 0.6520554 0.6019983 0.6582834 0.6686986 1.0238891 0.65038735 0.6590054 1.0172604 1.014548
0.33659267 1.0076177 0.99923354 1.0068517 0.9939465 0.6015522 0.5975486 0.3425688 0.34020412 0.35386395 0.3541846 0.603562 0 0.07194278 0.662142 0.65660155 1.0270288 0.6311194 0.6283408 1.0095364 1.0207624 0.6395176 0.27425072 0.64280915 0.6578025 1.0258498 0.6465887 0.64540553 1.0337447 1.0262426
0.34209526 0.99961257 0.9969631 1.0030329 0.9958304 0.60804766 0.60222155 0.34193748 0.34320065 0.35949522 0.35852686 0.59954774 0.07194278 0 0.65612173 0.65277135 1.018426 0.6304238 0.62488186 1.001891 1.01069 0.6369415 0.2806202 0.64163196 0.65038735 1.0282096 0.64540553 0.6442242 1.0385218 1.0180373
0.6652917 1.0203725 1.018426 1.0238891 1.0126165 0.66796726 0.6745752 0.6461152 0.63975227 0.6539662 0.6532491 0.66918653 0.662142 0.65612173 0 0.0688672 1.0301816 0.4923704 0.491022 1.0242808 1.0227151 0.4939144 0.6573219 0.49778837 0.28763095 1.0397208 0.5055969 0.4956552 1.0563028 1.0381224
0.66286767 1.0199828 1.0130024 1.0258498 1.0130024 0.66286767 0.66918653 0.6409265 0.6313514 0.64682555 0.64824826 0.6699191 0.65660155 0.65277135 0.0688672 0 1.018426 0.4917922 0.48967603 1.01146 1.0118452 0.49372122 0.65876466 0.49643022 0.28821814 1.0373245 0.5063822 0.496818 1.0522244 1.0305767
1.0037951 0.5964403 0.59932536 0.6060258 0.59599745 1.0072346 1.0110749 1.0188149 1.0064689 0.98757625 0.9920673 1.0068517 1.0270288 1.018426 1.0301816 1.018426 0 0.9950763 0.9950763 0.05410551 0.05625821 0.99357027 1.0045581 0.9958304 1.0160967 0.61142963 1.0030329 1.000751 0.6123341 0.60647464
0.6320479 0.99961257 1.0099207 1.0049399 1.000751 0.64351636 0.64163196 0.62787867 0.61664504 0.62304366 0.6267246 0.6484856 0.6311194 0.6304238 0.4923704 0.4917922 0.9950763 0 0.033120673 0.98757625 0.9872032 0.11778281 0.62880313 0.118719436 0.49025255 1.0099207 0.2105795 0.1841697 1.0172604 1.0064689
0.6313514 0.9958304 1.0049399 0.99923354 0.9901927 0.6395176 0.64116156 0.62488186 0.6141462 0.61778367 0.620981 0.64516914 0.6283408 0.62488186 0.491022 0.48967603 0.9950763 0.033120673 0 0.9838541 0.9853408 0.11649686 0.6221262 0.11895377 0.48852423 1.0126165 0.21031472 0.18429753 1.0215429 1.01069
0.9962078 0.5984365 0.60222155 0.60849774 0.59910303 1.0045581 1.0110749 1.0137748 0.9969631 0.98683035 0.98794943 1.0072346 1.0095364 1.001891 1.0242808 1.01146 0.05410551 0.98757625 0.9838541 0 0.028120654 0.9894442 1.001891 0.99131685 1.000751 0.614373 0.9901927 0.99056727 0.6103006 0.610752
1.0011308 0.5966618 0.5982144 0.6071484 0.5973268 1.0053219 1.0122308 1.0227151 1.0037951 0.99131685 0.99734104 1.0095364 1.0207624 1.01069 1.0227151 1.0118452 0.05625821 0.9872032 0.9853408 0.028120654 0 0.98869646 1.0103053 0.98869646 1.0060863 0.61142963 0.99169195 0.9931942 0.60849774 0.60849774
0.6371753 1.0045581 1.014548 1.0030329 0.99847597 0.64872307 0.64469653 0.6334428 0.6216679 0.6255724 0.62810963 0.6520554 0.6395176 0.6369415 0.4939144 0.49372122 0.99357027 0.11778281 0.11649686 0.9894442 0.98869646 0 0.6378772 0.020374252 0.496818 1.0238891 0.21270114 0.18161736 1.0405211 1.0289978
0.335497 0.9924427 0.98757625 0.99357027 0.9872032 0.6028915 0.59910303 0.34525782 0.3477975 0.34970793 0.34795654 0.6019983 0.27425072 0.2806202 0.6573219 0.65876466 1.0045581 0.62880313 0.6221262 1.001891 1.0103053 0.6378772 0 0.63834554 0.65660155 1.0133885 0.64045656 0.63998693 1.018426 1.0199828
0.6421026 1.0122308 1.018426 1.0064689 1.0037951 0.6539662 0.6506254 0.63881415 0.62603307 0.6304238 0.6313514 0.6582834 0.64280915 0.64163196 0.49778837 0.49643022 0.9958304 0.118719436 0.11895377 0.99131685 0.98869646 0.020374252 0.63834554 0 0.4999276 1.0289978 0.2158949 0.18532108 1.0469556 1.0305767
0.66553456 1.0234975 1.0157093 1.019204 1.0110749 0.6580429 0.6602102 0.64516914 0.64163196 0.6590054 0.6592462 0.6686986 0.6578025 0.65038735 0.28763095 0.28821814 1.0160967 0.49025255 0.48852423 1.000751 1.0060863 0.496818 0.65660155 0.4999276 0 1.0349361 0.5063822 0.49623638 1.0405211 1.0393208
1.0172604 0.5720337 0.5793593 0.5741809 0.5666926 1.0141612 1.0034139 1.0389212 1.0389212 1.018426 1.0211525 1.0238891 1.0258498 1.0282096 1.0397208 1.0373245 0.61142963 1.0099207 1.0126165 0.614373 0.61142963 1.0238891 1.0133885 1.0289978 1.0349361 0 1.0133885 1.0270288 0.23275258 0.23316185
0.65277135 0.99847597 1.019204 1.0015109 1.0034139 0.6489606 0.64991146 0.6402217 0.6376432 0.64233804 0.64116156 0.65038735 0.6465887 0.64540553 0.5055969 0.5063822 1.0030329 0.2105795 0.21031472 0.9901927 0.99169195 0.21270114 0.64045656 0.2158949 0.5063822 1.0133885 0 0.21682899 1.0286036 1.0160967
0.6501494 1.0211525 1.0274222 1.01146 1.0122308 0.6558819 0.6532491 0.63811135 0.627186 0.6332101 0.6357735 0.6590054 0.64540553 0.6442242 0.4956552 0.496818 1.000751 0.1841697 0.18429753 0.99056727 0.9931942 0.18161736 0.63998693 0.18532108 0.49623638 1.0270288 0.21682899 0 1.0417235 1.0293922
1.033348 0.5763342 0.5735361 0.57979244 0.5703204 1.0389212 1.0246727 1.0530384 1.0445362 1.0357314 1.0337447 1.0172604 1.0337447 1.0385218 1.0563028 1.0522244 0.6123341 1.0172604 1.0215429 0.6103006 0.60849774 1.0405211 1.018426 1.0469556 1.0405211 0.23275258 1.0286036 1.0417235 0 0.17161976
1.0157093 0.57827747 0.5778452 0.5804426 0.5709624 1.0068517 1.0011308 1.0409217 1.0377234 1.0199828 1.0258498 1.014548 1.0262426 1.0180373 1.0381224 1.0305767 0.60647464 1.0064689 1.01069 0.610752 0.60849774 1.0289978 1.0199828 1.0305767 1.0393208 0.23316185 1.0160967 1.0293922 0.17161976 0
