0 1.0246727 0.9229087 1.0227151 1.0157093 1.001891 1.0595814 1.049788 1.000751 0.99734104 0.9342909 0.9353342 0.93082345 0.93255514 1.0223241 1.0149349 1.0137748 1.0195932 1.0227151 1.0180373 1.0126165 1.0437315 1.0215429 1.0445362 1.0341415 1.0087683 1.0068517 0.931862 0.9232511 1.0053219
1.0246727 0 1.0080011 0.55885684 0.55131066 0.556543 0.83941746 0.83149695 0.5569632 0.5504769 0.9980974 1.0489776 1.0095364 1.0030329 0.5584356 0.55402696 0.5448729 0.55172795 0.54611456 0.19797416 0.19797416 0.8381934 0.8499028 0.8366663 0.5637181 0.5494359 0.81323624 1.0064689 1.01069 0.5380799
0.9229087 1.0080011 0 1.0118452 1.0305767 1.0149349 1.0223241 1.0211525 0.99281836 0.9924427 0.187244 0.48967603 0.18429753 0.18737236 1.0437315 1.0286036 1.0203725 1.0270288 1.0266355 1.0234975 1.0231062 1.0110749 1.0126165 1.0137748 1.0227151 0.9939465 1.0015109 0.42106307 0.4102715 1.0234975
1.0227151 0.55885684 1.0118452 0 0.52106136 0.52166253 0.82156307 0.8224607 0.17413822 0.17099145 0.98794943 1.0270288 0.9924427 0.9958304 0.5256829 0.52487713 0.5182621 0.52186304 0.5186613 0.5575939 0.55885684 0.83028585 0.83605623 0.8339251 0.4336149 0.38763276 0.8017901 1.0203725 0.99131685 0.51091397
1.0157093 0.55131066 1.0305767 0.52106136 0 0.16810805 0.83972377 0.8327101 0.5204606 0.52387106 1.0258498 1.0599923 1.025065 1.0207624 0.34747958 0.34430766 0.33784685 0.3441494 0.34304264 0.5692516 0.56733155 0.85582674 0.82998335 0.85488826 0.5362379 0.5327709 0.83210325 1.0215429 1.0126165 0.29842037
1.001891 0.556543 1.0149349 0.52166253 0.16810805 0 0.82455945 0.81709075 0.5240722 0.52346903 1.0122308 1.0441338 1.0160967 1.0068517 0.34304264 0.34162202 0.33019772 0.3373763 0.335497 0.5698927 0.56882447 0.83301365 0.8212641 0.8336212 0.5317542 0.53114486 0.81768554 1.0227151 0.99131685 0.29057157
1.0595814 0.83941746 1.0223241 0.82156307 0.83972377 0.82455945 0 0.14810686 0.8194727 0.8055861 1.000751 1.0341415 1.0034139 1.000751 0.8284728 0.8221614 0.8272665 0.8251602 0.8242593 0.85488826 0.85363877 0.31406474 0.4856525 0.3143688 0.84525883 0.8275679 0.37846702 1.0349361 1.0060863 0.81087404
1.049788 0.83149695 1.0211525 0.8224607 0.8327101 0.81709075 0.14810686 0 0.8114639 0.79743385 1.0188149 1.0313674 1.0195932 1.0180373 0.8242593 0.81857854 0.83028585 0.8275679 0.8272665 0.84928197 0.8483516 0.3077075 0.4788049 0.30755678 0.8406434 0.8105793 0.36826724 1.0401208 1.0003713 0.8099901
1.000751 0.5569632 0.99281836 0.17413822 0.5204606 0.5240722 0.8194727 0.8114639 0 0.09100451 0.98051995 1.0064689 0.9831119 0.98645765 0.5264896 0.5206608 0.51926064 0.51926064 0.5166672 0.5536084 0.5546552 0.8293787 0.8257614 0.8327101 0.4362938 0.3888074 0.7876524 0.9962078 0.9827411 0.51229864
0.99734104 0.5504769 0.9924427 0.17099145 0.52387106 0.52346903 0.8055861 0.79743385 0.09100451 0 0.97426224 1.0041765 0.97573 0.9779369 0.5279034 0.52186304 0.5240722 0.52246493 0.52106136 0.55277205 0.5542363 0.8293787 0.82335943 0.83331734 0.43112323 0.3866274 0.7847996 0.9977191 0.97941184 0.5132893
0.9342909 0.9980974 0.187244 0.98794943 1.0258498 1.0122308 1.000751 1.0188149 0.98051995 0.97426224 0 0.48852423 0.087962374 0.090553045 1.0215429 1.01146 1.014548 1.018426 1.0231062 1.0034139 1.002652 0.99357027 1.0034139 0.99658537 1.0164845 0.97720057 1.0011308 0.42176464 0.4087178 1.0188149
0.9353342 1.0489776 0.48967603 1.0270288 1.0599923 1.0441338 1.0341415 1.0313674 1.0064689 1.0041765 0.48852423 0 0.48355353 0.48603475 1.0670114 1.0563028 1.0465518 1.055077 1.0542608 1.0661821 1.0620499 1.0612261 1.0575305 1.0645266 1.0481682 1.0188149 1.0278157 0.49410763 0.48488855 1.049788
0.93082345 1.0095364 0.18429753 0.9924427 1.025065 1.0160967 1.0034139 1.0195932 0.9831119 0.97573 0.087962374 0.48355353 0 0.08897505 1.0246727 1.014548 1.015322 1.0286036 1.0289978 1.0133885 1.0122308 1.0003713 1.0130024 1.0037951 1.0234975 0.9790429 1.0080011 0.4166929 0.40236402 1.0227151
0.93255514 1.0030329 0.18737236 0.9958304 1.0207624 1.0068517 1.000751 1.0180373 0.98645765 0.9779369 0.090553045 0.48603475 0.08897505 0 1.0203725 1.0137748 1.0133885 1.0254573 1.0266355 1.000751 1.001891 0.9977191 1.0015109 1.000751 1.0083846 0.97941184 0.9980974 0.41861266 0.4080283 1.0091523
1.0223241 0.5584356 1.0437315 0.5256829 0.34747958 0.34304264 0.8284728 0.8242593 0.5264896 0.5279034 1.0215429 1.0670114 1.0246727 1.0203725 0 0.08470857 0.29027697 0.2954489 0.2954489 0.5763342 0.5761186 0.85207987 0.82606214 0.85270303 0.5350124 0.5299277 0.80500084 1.0349361 1.0141612 0.33863178
1.0149349 0.55402696 1.0286036 0.52487713 0.34430766 0.34162202 0.8221614 0.81857854 0.5206608 0.52186304 1.01146 1.0563028 1.014548 1.0137748 0.08470857 0 0.28924686 0.29263687 0.29293236 0.57224816 0.57181937 0.83972377 0.81768554 0.8406434 0.531551 0.52689326 0.7977235 1.0305767 1.0045581 0.3372195
1.0137748 0.5448729 1.0203725 0.5182621 0.33784685 0.33019772 0.8272665 0.83028585 0.51926064 0.5240722 1.014548 1.0465518 1.015322 1.0133885 0.29027697 0.28924686 0 0.07172267 0.0711727 0.55948913 0.55801463 0.8381934 0.82485974 0.83911127 0.5277012 0.52166253 0.8094014 1.0118452 1.0068517 0.3165008
1.0195932 0.55172795 1.0270288 0.52186304 0.3441494 0.3373763 0.8251602 0.8275679 0.51926064 0.52246493 1.018426 1.055077 1.0286036 1.0254573 0.2954489 0.29263687 0.07172267 0 0.02760173 0.5660542 0.56456673 0.84279376 0.83149695 0.84402525 0.531551 0.5254814 0.80295604 1.0203725 1.0095364 0.31925085
1.0227151 0.54611456 1.0266355 0.5186613 0.34304264 0.335497 0.8242593 0.8272665 0.5166672 0.52106136 1.0231062 1.0542608 1.0289978 1.0266355 0.2954489 0.29293236 0.0711727 0.02760173 0 0.5618121 0.560333 0.84402525 0.82606214 0.84525883 0.52729714 0.5186613 0.8055861 1.0176488 0.99961257 0.31802738
1.0180373 0.19797416 1.0234975 0.5575939 0.5692516 0.5698927 0.85488826 0.84928197 0.5536084 0.55277205 1.0034139 1.0661821 1.0133885 1.000751 0.5763342 0.57224816 0.55948913 0.5660542 0.5618121 0 0.008447394 0.8508351 0.8713238 0.8508351 0.5669055 0.56456673 0.82546073 1.0195932 1.0270288 0.556333
1.0126165 0.19797416 1.0231062 0.55885684 0.56733155 0.56882447 0.85363877 0.8483516 0.5546552 0.5542363 1.002652 1.0620499 1.0122308 1.001891 0.5761186 0.57181937 0.55801463 0.56456673 0.560333 0.008447394 0 0.8495923 0.8678169 0.8499028 0.5660542 0.5630822 0.8266641 1.0176488 1.0242808 0.556543
1.0437315 0.8381934 1.0110749 0.83028585 0.85582674 0.83301365 0.31406474 0.3077075 0.8293787 0.8293787 0.99357027 1.0612261 1.0003713 0.9977191 0.85207987 0.83972377 0.8381934 0.84279376 0.84402525 0.8508351 0.8495923 0 0.4935281 0.0047147884 0.84587634 0.84217876 0.3731853 1.0393208 1.0034139 0.83089113
1.0215429 0.8499028 1.0126165 0.83605623 0.82998335 0.8212641 0.4856525 0.4788049 0.8257614 0.82335943 1.0034139 1.0575305 1.0130024 1.0015109 0.82606214 0.81768554 0.82485974 0.83149695 0.82606214 0.8713238 0.8678169 0.4935281 0 0.4935281 0.8555138 0.8400302 0.46084443 1.053853 1.0325551 0.8251602
1.0445362 0.8366663 1.0137748 0.8339251 0.85488826 0.8336212 0.3143688 0.30755678 0.8327101 0.83331734 0.99658537 1.0645266 1.0037951 1.000751 0.85270303 0.8406434 0.83911127 0.84402525 0.84525883 0.8508351 0.8499028 0.0047147884 0.4935281 0 0.8480418 0.84340924 0.3733498 1.0401208 1.0045581 0.83422923
1.0341415 0.5637181 1.0227151 0.4336149 0.5362379 0.5317542 0.84525883 0.8406434 0.4362938 0.43112323 1.0164845 1.0481682 1.0234975 1.0083846 0.5350124 0.531551 0.5277012 0.531551 0.52729714 0.5669055 0.5660542 0.84587634 0.8555138 0.8480418 0 0.42988047 0.8120542 1.0270288 1.0313674 0.5337889
1.0087683 0.5494359 0.9939465 0.38763276 0.5327709 0.53114486 0.8275679 0.8105793 0.3888074 0.3866274 0.97720057 1.0188149 0.9790429 0.97941184 0.5299277 0.52689326 0.52166253 0.5254814 0.5186613 0.56456673 0.5630822 0.84217876 0.8400302 0.84340924 0.42988047 0 0.8076381 1.0126165 0.98645765 0.51806253
1.0068517 0.81323624 1.0015109 0.8017901 0.83210325 0.81768554 0.37846702 0.36826724 0.7876524 0.7847996 1.0011308 1.0278157 1.0080011 0.9980974 0.80500084 0.7977235 0.8094014 0.80295604 0.8055861 0.82546073 0.8266641 0.3731853 0.46084443 0.3733498 0.8120542 0.8076381 0 1.0421246 0.9977191 0.79540956
0.931862 1.0064689 0.42106307 1.0203725 1.0215429 1.0227151 1.0349361 1.0401208 0.9962078 0.9977191 0.42176464 0.49410763 0.4166929 0.41861266 1.0349361 1.0305767 1.0118452 1.0203725 1.0176488 1.0195932 1.0176488 1.0393208 1.053853 1.0401208 1.0270288 1.0126165 1.0421246 0 0.37187067 1.0195932
0.9232511 1.01069 0.4102715 0.99131685 1.0126165 0.99131685 1.0060863 1.0003713 0.9827411 0.97941184 0.4087178 0.48488855 0.40236402 0.4080283 1.0141612 1.0045581 1.0068517 1.0095364 0.99961257 1.0270288 1.0242808 1.0034139 1.0325551 1.0045581 1.0313674 0.98645765 0.9977191 0.37187067 0 1.0045581
1.0053219 0.5380799 1.0234975 0.51091397 0.29842037 0.29057157 0.81087404 0.8099901 0.51229864 0.5132893 1.0188149 1.049788 1.0227151 1.0091523 0.33863178 0.3372195 0.3165008 0.31925085 0.31802738 0.556333 0.556543 0.83089113 0.8251602 0.83422923 0.5337889 0.51806253 0.79540956 1.0195932 1.0045581 0
