0 0.5694652 0.83911127 0.83788776 0.43397155 0.43147868 0.8940332 0.87484723 0.32524413 0.88291705 0.87356406 0.27511612 0.87774235 0.8989902 0.9046481 0.43952116 0.44078 0.43880278 0.87774235 0.31955704 0.31925085 0.8793556 0.45111 0.8790327 0.87581104 0.99281836 1.0049399 1.0072346 0.56626695 0.5597
0.5694652 0 0.8293787 0.8275679 0.5584356 0.5550743 0.8933747 0.88226825 0.57224816 0.8970035 0.8927168 0.5630822 0.891731 0.8937039 0.90164745 0.55089366 0.5561231 0.5483964 0.87324363 0.56754464 0.5666926 0.8800019 0.560333 0.87613255 0.88194406 0.98907024 1.0157093 0.9969631 0.18698733 0.17199698
0.83911127 0.8293787 0 0.1488382 0.8191745 0.8082254 0.84587634 0.8621135 0.8284728 0.85488826 0.85802114 0.82335943 0.8530148 0.8502134 0.85270303 0.81323624 0.8114639 0.8120542 0.8611671 0.8242593 0.82606214 0.8621135 0.8269652 0.8640098 0.8599071 0.9669665 0.96298385 0.9738958 0.83972377 0.82998335
0.83788776 0.8275679 0.1488382 0 0.8263631 0.81442016 0.8592779 0.8684533 0.83605623 0.8514572 0.84711295 0.8272665 0.8514572 0.853951 0.85520095 0.8293787 0.828171 0.8278694 0.870685 0.83180004 0.83301365 0.87420535 0.8263631 0.87420535 0.85802114 0.9768326 0.97499573 0.9727974 0.8336212 0.8275679
0.43397155 0.5584356 0.8191745 0.8263631 0 0.123302296 0.8832416 0.86654574 0.4500159 0.8848668 0.8726031 0.43343666 0.8722831 0.8887815 0.8940332 0.20032158 0.20346294 0.19901656 0.8726031 0.44330403 0.44330403 0.87613255 0.25251418 0.87613255 0.8738847 0.99545324 1.0141612 1.0133885 0.55402696 0.547981
0.43147868 0.5550743 0.8082254 0.81442016 0.123302296 0 0.86909026 0.86148244 0.44837776 0.8722831 0.86337715 0.43094555 0.86591095 0.87420535 0.8787099 0.19927737 0.19875582 0.19758363 0.8602219 0.44042012 0.44024023 0.8640098 0.24846429 0.863061 0.8787099 0.97609735 0.9950763 0.9969631 0.5483964 0.54611456
0.8940332 0.8933747 0.84587634 0.8592779 0.8832416 0.86909026 0 0.79859304 0.9006499 0.85770726 0.847732 0.88259256 0.85770726 0.12224222 0.124718055 0.87356406 0.87581104 0.863061 0.80705124 0.8923881 0.8910746 0.8111689 0.8937039 0.8094014 0.7847996 0.98757625 0.99658537 0.9939465 0.8855178 0.8904187
0.87484723 0.88226825 0.8621135 0.8684533 0.86654574 0.86148244 0.79859304 0 0.87356406 0.8624292 0.8495923 0.85613984 0.85207987 0.7936788 0.8017901 0.87806475 0.8803252 0.8722831 0.11825097 0.8716434 0.870685 0.11673051 0.8874743 0.116380066 0.24443612 0.98794943 0.9980974 0.9950763 0.8809723 0.86972773
0.32524413 0.57224816 0.8284728 0.83605623 0.4500159 0.44837776 0.9006499 0.87356406 0 0.88162 0.8713238 0.3206297 0.87356406 0.8963424 0.90031767 0.44656178 0.44946945 0.4474692 0.8803252 0.115796365 0.11591307 0.8835664 0.46492255 0.88259256 0.8684533 0.98125964 0.9898184 1.0030329 0.5632941 0.56733155
0.88291705 0.8970035 0.85488826 0.8514572 0.8848668 0.8722831 0.85770726 0.8624292 0.88162 0 0.09405905 0.87581104 0.09156923 0.85114604 0.85707986 0.8803252 0.87774235 0.87967867 0.8605368 0.877098 0.8774201 0.86148244 0.8858435 0.86148244 0.8499028 0.9980974 1.0049399 0.9977191 0.8996537 0.89469224
0.87356406 0.8927168 0.85802114 0.84711295 0.8726031 0.86337715 0.847732 0.8495923 0.8713238 0.09405905 0 0.86972773 0.051851805 0.8400302 0.8483516 0.8700467 0.86909026 0.86972773 0.853951 0.864643 0.8668633 0.853951 0.8787099 0.85488826 0.84187144 0.9946995 1.0030329 1.005704 0.8940332 0.8897634
0.27511612 0.5630822 0.82335943 0.8272665 0.43343666 0.43094555 0.88259256 0.85613984 0.3206297 0.87581104 0.86972773 0 0.8729233 0.8973342 0.8973342 0.42846268 0.43486387 0.42988047 0.8542633 0.31467304 0.31467304 0.85707986 0.44674316 0.85707986 0.8542633 0.9698763 0.98683035 0.9931942 0.5554936 0.5536084
0.87774235 0.891731 0.8530148 0.8514572 0.8722831 0.86591095 0.85770726 0.85207987 0.87356406 0.09156923 0.051851805 0.8729233 0 0.8505242 0.85959244 0.8719632 0.8719632 0.8719632 0.85332674 0.86559373 0.86559373 0.8545757 0.8793556 0.85520095 0.8474224 0.9977191 1.0091523 1.0122308 0.89469224 0.8887815
0.8989902 0.8937039 0.8502134 0.853951 0.8887815 0.87420535 0.12224222 0.7936788 0.8963424 0.85114604 0.8400302 0.8973342 0.8505242 0 0.052924152 0.8793556 0.8842163 0.87613255 0.80529344 0.8933747 0.8940332 0.8088132 0.8937039 0.80705124 0.7885103 0.9950763 1.000751 0.9950763 0.8979962 0.8887815
0.9046481 0.90164745 0.85270303 0.85520095 0.8940332 0.8787099 0.124718055 0.8017901 0.90031767 0.85707986 0.8483516 0.8973342 0.85959244 0.052924152 0 0.8832416 0.8887815 0.87774235 0.81442016 0.89304566 0.8937039 0.81709075 0.9019803 0.8156059 0.79859304 1.0053219 1.0122308 1.0087683 0.9046481 0.8914027
0.43952116 0.55089366 0.81323624 0.8293787 0.20032158 0.19927737 0.87356406 0.87806475 0.44656178 0.8803252 0.8700467 0.42846268 0.8719632 0.8793556 0.8832416 0 0.050032325 0.045131043 0.88064873 0.44366533 0.44330403 0.8842163 0.2522342 0.88454145 0.8858435 0.9958304 1.0068517 1.0172604 0.5488121 0.54095423
0.44078 0.5561231 0.8114639 0.828171 0.20346294 0.19875582 0.87581104 0.8803252 0.44946945 0.87774235 0.86909026 0.43486387 0.8719632 0.8842163 0.8887815 0.050032325 0 0.043751683 0.8835664 0.4474692 0.4474692 0.8881276 0.25349504 0.8881276 0.8887815 0.99131685 1.0037951 1.002652 0.5529811 0.54902
0.43880278 0.5483964 0.8120542 0.8278694 0.19901656 0.19758363 0.863061 0.8722831 0.4474692 0.87967867 0.86972773 0.42988047 0.8719632 0.87613255 0.87774235 0.045131043 0.043751683 0 0.8787099 0.44060004 0.4398806 0.8803252 0.24985833 0.8809723 0.8838912 0.98348296 0.99961257 1.0049399 0.54985213 0.5413658
0.87774235 0.87324363 0.8611671 0.870685 0.8726031 0.8602219 0.80705124 0.11825097 0.8803252 0.8605368 0.853951 0.8542633 0.85332674 0.80529344 0.81442016 0.88064873 0.8835664 0.8787099 0 0.87774235 0.87613255 0.021814186 0.8858435 0.021814186 0.24943985 0.9658782 0.97720057 0.9695119 0.88291705 0.8751683
0.31955704 0.56754464 0.8242593 0.83180004 0.44330403 0.44042012 0.8923881 0.8716434 0.115796365 0.877098 0.864643 0.31467304 0.86559373 0.8933747 0.89304566 0.44366533 0.4474692 0.44060004 0.87774235 0 0.008953229 0.88064873 0.4566045 0.8790327 0.864643 0.98832285 0.99131685 0.9980974 0.5548647 0.5533992
0.31925085 0.5666926 0.82606214 0.83301365 0.44330403 0.44024023 0.8910746 0.870685 0.11591307 0.8774201 0.8668633 0.31467304 0.86559373 0.8940332 0.8937039 0.44330403 0.4474692 0.4398806 0.87613255 0.008953229 0 0.8790327 0.45678836 0.877098 0.8649598 0.9901927 0.9946995 0.99961257 0.5546552 0.5531901
0.8793556 0.8800019 0.8621135 0.87420535 0.87613255 0.8640098 0.8111689 0.11673051 0.8835664 0.86148244 0.853951 0.85707986 0.8545757 0.8088132 0.81709075 0.8842163 0.8881276 0.8803252 0.021814186 0.88064873 0.8790327 0 0.8910746 0.007840844 0.24679483 0.9691478 0.9790429 0.9695119 0.8884545 0.87677604
0.45111 0.560333 0.8269652 0.8263631 0.25251418 0.24846429 0.8937039 0.8874743 0.46492255 0.8858435 0.8787099 0.44674316 0.8793556 0.8937039 0.9019803 0.2522342 0.25349504 0.24985833 0.8858435 0.4566045 0.45678836 0.8910746 0 0.88943595 0.8940332 0.99734104 1.0168724 1.0103053 0.5578042 0.5544457
0.8790327 0.87613255 0.8640098 0.87420535 0.87613255 0.863061 0.8094014 0.116380066 0.88259256 0.86148244 0.85488826 0.85707986 0.85520095 0.80705124 0.8156059 0.88454145 0.8881276 0.8809723 0.021814186 0.8790327 0.877098 0.007840844 0.88943595 0 0.24610032 0.9662408 0.97609735 0.9673296 0.8848668 0.87420535
0.87581104 0.88194406 0.8599071 0.85802114 0.8738847 0.8787099 0.7847996 0.24443612 0.8684533 0.8499028 0.84187144 0.8542633 0.8474224 0.7885103 0.79859304 0.8858435 0.8887815 0.8838912 0.24943985 0.864643 0.8649598 0.24679483 0.8940332 0.24610032 0 0.9691478 0.98757625 0.9775687 0.88064873 0.87581104
0.99281836 0.98907024 0.9669665 0.9768326 0.99545324 0.97609735 0.98757625 0.98794943 0.98125964 0.9980974 0.9946995 0.9698763 0.9977191 0.9950763 1.0053219 0.9958304 0.99131685 0.98348296 0.9658782 0.98832285 0.9901927 0.9691478 0.99734104 0.9662408 0.9691478 0 0.21283394 0.21429633 0.9939465 0.99923354
1.0049399 1.0157093 0.96298385 0.97499573 1.0141612 0.9950763 0.99658537 0.9980974 0.9898184 1.0049399 1.0030329 0.98683035 1.0091523 1.000751 1.0122308 1.0068517 1.0037951 0.99961257 0.97720057 0.99131685 0.9946995 0.9790429 1.0168724 0.97609735 0.98757625 0.21283394 0 0.20162888 1.0227151 1.0180373
1.0072346 0.9969631 0.9738958 0.9727974 1.0133885 0.9969631 0.9939465 0.9950763 1.0030329 0.9977191 1.005704 0.9931942 1.0122308 0.9950763 1.0087683 1.0172604 1.002652 1.0049399 0.9695119 0.9980974 0.99961257 0.9695119 1.0103053 0.9673296 0.9775687 0.21429633 0.20162888 0 1.01069 1.0037951
0.56626695 0.18698733 0.83972377 0.8336212 0.55402696 0.5483964 0.8855178 0.8809723 0.5632941 0.8996537 0.8940332 0.5554936 0.89469224 0.8979962 0.9046481 0.5488121 0.5529811 0.54985213 0.88291705 0.5548647 0.5546552 0.8884545 0.5578042 0.8848668 0.88064873 0.9939465 1.0227151 1.01069 0 0.18136261
0.5597 0.17199698 0.82998335 0.8275679 0.547981 0.54611456 0.8904187 0.86972773 0.56733155 0.89469224 0.8897634 0.5536084 0.8887815 0.8887815 0.8914027 0.54095423 0.54902 0.5413658 0.8751683 0.5533992 0.5531901 0.87677604 0.5544457 0.87420535 0.87581104 0.99923354 1.0180373 1.0037951 0.18136261 0
