0 1.01069 0.6175558 0.9808897 1.0015109 0.61391944 0.6235028 0.9962078 0.98757625 0.617328 0.6193806 0.6013292 0.91983426 0.91473794 1.0083846 0.92154074 0.91813165 0.9920673 1.0011308 0.61596274 0.61256033 1.0103053 1.0227151 1.0095364 0.620981 0.60872287 0.6015522 0.9894442 0.5907033 0.5973268
1.01069 0 1.0091523 0.41564786 0.23275258 1.0195932 1.0305767 0.929441 0.9339434 1.0037951 1.0076177 1.0231062 0.9801504 0.97867405 0.23795332 0.9857129 0.9779369 0.2312538 0.2341177 1.0176488 1.0149349 0.417216 0.9253087 0.41599607 1.019204 0.9980974 0.99056727 0.26451218 0.97978103 1.0015109
0.6175558 1.0091523 0 1.0278157 1.0087683 0.58239657 0.58675706 1.000751 1.0053219 0.20267637 0.20833181 0.61778367 0.910349 0.90665525 1.0118452 0.9113596 0.9100125 1.0022715 1.0091523 0.5575939 0.5569632 1.0293922 1.0149349 1.032159 0.585228 0.54860425 0.55256313 1.000751 0.60535306 0.6132396
0.9808897 0.41564786 1.0278157 0 0.41443047 1.0160967 1.0345387 0.93255514 0.931862 1.0095364 1.018426 1.0203725 1.0053219 1.0091523 0.42281827 1.0141612 1.002652 0.420187 0.4261645 1.0254573 1.0223241 0.19123371 0.93672764 0.19226676 1.0433295 1.014548 0.9946995 0.4028772 0.9931942 1.0080011
1.0015109 0.23275258 1.0087683 0.41443047 0 1.0278157 1.0417235 0.9137229 0.9263396 1.0110749 1.0180373 1.0329514 1.0053219 1.0037951 0.18711564 1.0118452 1.0015109 0.18276484 0.1859615 1.0207624 1.019204 0.4147781 0.9167723 0.41425672 1.030972 1.0053219 0.9946995 0.26153007 0.97499573 0.98907024
0.61391944 1.0195932 0.58239657 1.0160967 1.0278157 0 0.13279158 1.0301816 1.0289978 0.5761186 0.5887276 0.64116156 0.93847305 0.9391723 1.0293922 0.931862 0.9304776 1.0188149 1.0282096 0.58239657 0.5828315 1.0393208 1.0381224 1.042526 0.3441494 0.5769814 0.5784937 1.0211525 0.6184676 0.6216679
0.6235028 1.0305767 0.58675706 1.0345387 1.0417235 0.13279158 0 1.0417235 1.0417235 0.58217925 0.5933457 0.6413967 0.9543672 0.96010065 1.0377234 0.94903165 0.95258445 1.0325551 1.0377234 0.58348435 0.58413774 1.055077 1.049788 1.0587604 0.35162324 0.5819619 0.58850837 1.0329514 0.6262635 0.6311194
0.9962078 0.929441 1.000751 0.93255514 0.9137229 1.0301816 1.0417235 0 0.08169181 1.0041765 1.0215429 1.0401208 1.0227151 1.0180373 0.9339434 1.0242808 1.0137748 0.9349863 0.9391723 1.0041765 1.0049399 0.91949344 0.39589408 0.9259958 1.0341415 1.0103053 0.99056727 0.91949344 1.0337447 1.0337447
0.98757625 0.9339434 1.0053219 0.931862 0.9263396 1.0289978 1.0417235 0.08169181 0 1.0049399 1.0219333 1.0469556 1.0234975 1.0231062 0.94514287 1.0223241 1.0137748 0.94514287 0.946908 1.0068517 1.01069 0.9242792 0.40065598 0.9304776 1.0353336 1.0095364 0.9831119 0.92119914 1.0231062 1.0282096
0.617328 1.0037951 0.20267637 1.0095364 1.0110749 0.5761186 0.58217925 1.0041765 1.0049399 0 0.07172267 0.6193806 0.9167723 0.9130469 1.0137748 0.91541547 0.91711193 0.9946995 1.0099207 0.54694355 0.5471509 1.0278157 1.0072346 1.0289978 0.58413774 0.55110216 0.54611456 0.9931942 0.60669917 0.6155082
0.6193806 1.0076177 0.20833181 1.018426 1.0180373 0.5887276 0.5933457 1.0215429 1.0219333 0.07172267 0 0.62787867 0.9229087 0.92359364 1.0246727 0.928061 0.9304776 1.002652 1.0172604 0.5554936 0.5557034 1.0286036 1.0176488 1.0301816 0.5935663 0.5571734 0.56096655 1.0022715 0.6112037 0.6186958
0.6013292 1.0231062 0.61778367 1.0203725 1.0329514 0.64116156 0.6413967 1.0401208 1.0469556 0.6193806 0.62787867 0 0.94127417 0.9353342 1.0361294 0.9259958 0.92393637 1.0199828 1.0305767 0.63414127 0.6306556 1.0437315 1.0349361 1.0493827 0.6362405 0.6244219 0.62903446 1.0137748 0.5754721 0.5810934
0.91983426 0.9801504 0.910349 1.0053219 1.0053219 0.93847305 0.9543672 1.0227151 1.0234975 0.9167723 0.9229087 0.94127417 0 0.07381626 0.9969631 0.1295755 0.1282692 0.99545324 0.98907024 0.927372 0.9266836 1.019204 1.0049399 1.018426 0.9493862 0.91813165 0.92154074 0.9706055 0.9232511 0.9229087
0.91473794 0.97867405 0.90665525 1.0091523 1.0037951 0.9391723 0.96010065 1.0180373 1.0231062 0.9130469 0.92359364 0.9353342 0.07381626 0 0.99281836 0.12767617 0.124836154 0.990942 0.9860852 0.9263396 0.9253087 1.0203725 1.0060863 1.0180373 0.95294064 0.9127091 0.91643286 0.9713354 0.9225665 0.9222244
1.0083846 0.23795332 1.0118452 0.42281827 0.18711564 1.0293922 1.0377234 0.9339434 0.94514287 1.0137748 1.0246727 1.0361294 0.9969631 0.99281836 0 0.99923354 0.9939465 0.06602256 0.06766238 1.0164845 1.0188149 0.4224669 0.9174517 0.42194015 1.0219333 1.0003713 0.99923354 0.26209718 0.97978103 0.99357027
0.92154074 0.9857129 0.9113596 1.0141612 1.0118452 0.931862 0.94903165 1.0242808 1.0223241 0.91541547 0.928061 0.9259958 0.1295755 0.12767617 0.99923354 0 0.04992543 0.9946995 0.9931942 0.9270277 0.9242792 1.0270288 1.0091523 1.025065 0.94092345 0.91575444 0.92017525 0.98757625 0.92840576 0.91915274
0.91813165 0.9779369 0.9100125 1.002652 1.0015109 0.9304776 0.95258445 1.0137748 1.0137748 0.91711193 0.9304776 0.92393637 0.1282692 0.124836154 0.9939465 0.04992543 0 0.98832285 0.9872032 0.9301319 0.9297863 1.0126165 0.99923354 1.01146 0.95080596 0.91439945 0.92085767 0.97499573 0.9263396 0.91983426
0.9920673 0.2312538 1.0022715 0.420187 0.18276484 1.0188149 1.0325551 0.9349863 0.94514287 0.9946995 1.002652 1.0199828 0.99545324 0.990942 0.06602256 0.9946995 0.98832285 0 0.04406977 1.01146 1.014548 0.41773945 0.9130469 0.4189622 1.0118452 0.9939465 0.98757625 0.25588247 0.96769285 0.9853408
1.0011308 0.2341177 1.0091523 0.4261645 0.1859615 1.0282096 1.0377234 0.9391723 0.946908 1.0099207 1.0172604 1.0305767 0.98907024 0.9860852 0.06766238 0.9931942 0.9872032 0.04406977 0 1.0180373 1.0231062 0.4224669 0.91643286 0.42299402 1.0188149 1.0045581 0.9946995 0.25997275 0.97573 0.9969631
0.61596274 1.0176488 0.5575939 1.0254573 1.0207624 0.58239657 0.58348435 1.0041765 1.0068517 0.54694355 0.5554936 0.63414127 0.927372 0.9263396 1.0164845 0.9270277 0.9301319 1.01146 1.0180373 0 0.02325689 1.019204 1.019204 1.019204 0.58807015 0.31680587 0.29367164 1.0122308 0.6116556 0.62006605
0.61256033 1.0149349 0.5569632 1.0223241 1.019204 0.5828315 0.58413774 1.0049399 1.01069 0.5471509 0.5557034 0.6306556 0.9266836 0.9253087 1.0188149 0.9242792 0.9297863 1.014548 1.0231062 0.02325689 0 1.0160967 1.0238891 1.0164845 0.5889469 0.31315327 0.29130852 1.0172604 0.6078228 0.6175558
1.0103053 0.417216 1.0293922 0.19123371 0.4147781 1.0393208 1.055077 0.91949344 0.9242792 1.0278157 1.0286036 1.0437315 1.019204 1.0203725 0.4224669 1.0270288 1.0126165 0.41773945 0.4224669 1.019204 1.0160967 0 0.9218825 0.016888734 1.0461482 1.0258498 0.99658537 0.40476185 1.0110749 1.0180373
1.0227151 0.9253087 1.0149349 0.93672764 0.9167723 1.0381224 1.049788 0.39589408 0.40065598 1.0072346 1.0176488 1.0349361 1.0049399 1.0060863 0.9174517 1.0091523 0.99923354 0.9130469 0.91643286 1.019204 1.0238891 0.9218825 0 0.9249654 1.0297868 1.0305767 1.0126165 0.9304776 1.0064689 1.0110749
1.0095364 0.41599607 1.032159 0.19226676 0.41425672 1.042526 1.0587604 0.9259958 0.9304776 1.0289978 1.0301816 1.0493827 1.018426 1.0180373 0.42194015 1.025065 1.01146 0.4189622 0.42299402 1.019204 1.0164845 0.016888734 0.9249654 0 1.0530384 1.0293922 1.0022715 0.4049334 1.0083846 1.014548
0.620981 1.019204 0.585228 1.0433295 1.030972 0.3441494 0.35162324 1.0341415 1.0353336 0.58413774 0.5935663 0.6362405 0.9493862 0.95294064 1.0219333 0.94092345 0.95080596 1.0118452 1.0188149 0.58807015 0.5889469 1.0461482 1.0297868 1.0530384 0 0.57806134 0.58631986 1.0242808 0.62603307 0.6334428
0.60872287 0.9980974 0.54860425 1.014548 1.0053219 0.5769814 0.5819619 1.0103053 1.0095364 0.55110216 0.5571734 0.6244219 0.91813165 0.9127091 1.0003713 0.91575444 0.91439945 0.9939465 1.0045581 0.31680587 0.31315327 1.0258498 1.0305767 1.0293922 0.57806134 0 0.31087938 1.0172604 0.60692376 0.61664504
0.6015522 0.99056727 0.55256313 0.9946995 0.9946995 0.5784937 0.58850837 0.99056727 0.9831119 0.54611456 0.56096655 0.62903446 0.92154074 0.91643286 0.99923354 0.92017525 0.92085767 0.98757625 0.9946995 0.29367164 0.29130852 0.99658537 1.0126165 1.0022715 0.58631986 0.31087938 0 0.9931942 0.60625017 0.61391944
0.9894442 0.26451218 1.000751 0.4028772 0.26153007 1.0211525 1.0329514 0.91949344 0.92119914 0.9931942 1.0022715 1.0137748 0.9706055 0.9713354 0.26209718 0.98757625 0.97499573 0.25588247 0.25997275 1.0122308 1.0172604 0.40476185 0.9304776 0.4049334 1.0242808 1.0172604 0.9931942 0 0.97243166 0.9898184
0.5907033 0.97978103 0.60535306 0.9931942 0.97499573 0.6184676 0.6262635 1.0337447 1.0231062 0.60669917 0.6112037 0.5754721 0.9232511 0.9225665 0.97978103 0.92840576 0.9263396 0.96769285 0.97573 0.6116556 0.6078228 1.0110749 1.0064689 1.0083846 0.62603307 0.60692376 0.60625017 0.97243166 0 0.24015395
0.5973268 1.0015109 0.6132396 1.0080011 0.98907024 0.6216679 0.6311194 1.0337447 1.0282096 0.6155082 0.6186958 0.5810934 0.9229087 0.9222244 0.99357027 0.91915274 0.91983426 0.9853408 0.9969631 0.62006605 0.6175558 1.0180373 1.0110749 1.014548 0.6334428 0.61664504 0.61391944 0.9898184 0.24015395 0
