0 0.9842255 0.9666036 0.97170067 0.27945808 0.2868976 0.28763095 0.29057157 0.27945808 0.2825125 0.28954104 0.98794943 0.2625228 0.9673296 0.9738958 0.29175103 0.28851193 0.9706055 0.9746289 0.26722056 0.26850688 0.28645793 0.26124668 0.28660446 0.26593643 0.9658782 1.0003713 1.002652 0.9651536 0.97978103
0.9842255 0 0.332531 0.33315444 0.9838541 1.0130024 0.99885464 1.0030329 0.99545324 0.99734104 1.0030329 0.2426374 0.97316337 0.22962219 0.2285364 1.0049399 1.0072346 0.22636956 0.22826521 0.98051995 0.98237044 0.990942 0.98907024 0.99847597 0.9738958 0.33113015 0.2148288 0.20490715 0.33175245 0.105942294
0.9666036 0.332531 0 0.08035491 0.96841997 0.9962078 0.9727974 0.98348296 0.9768326 0.97720057 0.98869646 0.3340906 0.9727974 0.33659267 0.3344029 0.98125964 0.9838541 0.33206376 0.33518422 0.97573 0.9764649 0.98645765 0.97609735 0.98794943 0.96841997 0.1794547 0.34462425 0.33690602 0.14749794 0.33284268
0.97170067 0.33315444 0.08035491 0 0.9673296 1.0003713 0.9838541 0.99056727 0.97941184 0.97941184 0.98832285 0.3340906 0.97316337 0.33690602 0.3350279 0.98645765 0.98496884 0.33190808 0.33706275 0.97978103 0.97941184 0.98683035 0.9753628 0.98832285 0.97573 0.17540063 0.3450994 0.33674935 0.14603856 0.3344029
0.27945808 0.9838541 0.96841997 0.9673296 0 0.19278383 0.19304249 0.19602357 0.07702305 0.07735557 0.19252525 0.99131685 0.2774287 0.9662408 0.9738958 0.19550428 0.19381903 0.97352946 0.9746289 0.2825125 0.28484803 0.19343066 0.2768499 0.19433716 0.27670524 0.9680563 0.99357027 0.9816297 0.97352946 0.97720057
0.2868976 1.0130024 0.9962078 1.0003713 0.19278383 0 0.15140356 0.15299605 0.19563407 0.19589372 0.15226063 1.005704 0.28440955 0.99056727 0.99961257 0.15287343 0.15054747 0.9958304 0.99545324 0.29071888 0.29101366 0.07183272 0.28821814 0.07293404 0.29057157 0.98757625 1.0188149 1.0072346 0.9894442 0.99734104
0.28763095 0.99885464 0.9727974 0.9838541 0.19304249 0.15140356 0 0.06471328 0.1953745 0.19901656 0.1070949 0.9939465 0.28748423 0.97316337 0.9845971 0.10778731 0.10605747 0.9779369 0.97867405 0.2942636 0.2954489 0.15128121 0.28660446 0.15226063 0.28719085 0.9713354 1.0011308 0.9901927 0.97426224 0.982
0.29057157 1.0030329 0.98348296 0.99056727 0.19602357 0.15299605 0.06471328 0 0.19810438 0.20084423 0.10801826 0.9946995 0.28968817 0.9783054 0.98907024 0.10859594 0.10674893 0.982 0.98348296 0.29619068 0.29693317 0.15360944 0.28704423 0.15483774 0.29145598 0.97867405 1.0053219 0.9962078 0.9790429 0.98794943
0.27945808 0.99545324 0.9768326 0.97941184 0.07702305 0.19563407 0.1953745 0.19810438 0 0.057660785 0.19485565 0.9962078 0.27989367 0.97499573 0.9838541 0.19628336 0.19446675 0.9827411 0.98348296 0.28704423 0.28851193 0.19511503 0.28382534 0.19628336 0.2857257 0.9727974 1.001891 0.9860852 0.9801504 0.98683035
0.2825125 0.99734104 0.97720057 0.97941184 0.07735557 0.19589372 0.19901656 0.20084423 0.057660785 0 0.19641328 0.99885464 0.27916783 0.97499573 0.9838541 0.19823462 0.19706325 0.9808897 0.9801504 0.28440955 0.28704423 0.19641328 0.28163853 0.19771379 0.28484803 0.97024083 0.9943229 0.9845971 0.9753628 0.9872032
0.28954104 1.0030329 0.98869646 0.98832285 0.19252525 0.15226063 0.1070949 0.10801826 0.19485565 0.19641328 0 1.0060863 0.28616497 0.9816297 0.9924427 0.05067399 0.04875064 0.98794943 0.98348296 0.29248914 0.29455975 0.15091425 0.28411737 0.1518932 0.28616497 0.97720057 1.0080011 1.002652 0.9853408 0.9920673
0.98794943 0.2426374 0.3340906 0.3340906 0.99131685 1.005704 0.9939465 0.9946995 0.9962078 0.99885464 1.0060863 0 0.97206604 0.24846429 0.24888222 1.0083846 1.0091523 0.24623917 0.24748999 0.9738958 0.982 0.99131685 0.9801504 0.99545324 0.9779369 0.3280265 0.2527943 0.24790739 0.33144122 0.25139478
0.2625228 0.97316337 0.9727974 0.97316337 0.2774287 0.28440955 0.28748423 0.28968817 0.27989367 0.27916783 0.28616497 0.97206604 0 0.9540103 0.96479154 0.2868976 0.28543305 0.96334505 0.96298385 0.0435397 0.044387996 0.282804 0.22867204 0.282804 0.21549493 0.9666036 0.9860852 0.9872032 0.9658782 0.97573
0.9673296 0.22962219 0.33659267 0.33690602 0.9662408 0.99056727 0.97316337 0.9783054 0.97499573 0.97499573 0.9816297 0.24846429 0.9540103 0 0.04068376 0.9842255 0.98645765 0.03731297 0.03889114 0.96298385 0.9666036 0.97867405 0.96298385 0.98237044 0.9540103 0.3333104 0.23767869 0.23288897 0.32988715 0.23507477
0.9738958 0.2285364 0.3344029 0.3350279 0.9738958 0.99961257 0.9845971 0.98907024 0.9838541 0.9838541 0.9924427 0.24888222 0.96479154 0.04068376 0 0.99847597 1.0003713 0.037628338 0.038996473 0.9695119 0.97499573 0.99131685 0.9738958 0.9946995 0.96479154 0.33175245 0.24015395 0.2365812 0.32756203 0.23179846
0.29175103 1.0049399 0.98125964 0.98645765 0.19550428 0.15287343 0.10778731 0.10859594 0.19628336 0.19823462 0.05067399 1.0083846 0.2868976 0.9842255 0.99847597 0 0.033225194 0.9901927 0.98757625 0.29396757 0.2954489 0.15164834 0.2880713 0.15262826 0.28836504 0.97243166 1.0072346 1.0022715 0.97941184 0.99545324
0.28851193 1.0072346 0.9838541 0.98496884 0.19381903 0.15054747 0.10605747 0.10674893 0.19446675 0.19706325 0.04875064 1.0091523 0.28543305 0.98645765 1.0003713 0.033225194 0 0.99056727 0.9894442 0.2920462 0.2938196 0.14957027 0.28645793 0.15066971 0.28660446 0.9775687 1.0083846 1.0076177 0.9827411 0.9950763
0.9706055 0.22636956 0.33206376 0.33190808 0.97352946 0.9958304 0.9779369 0.982 0.9827411 0.9808897 0.98794943 0.24623917 0.96334505 0.03731297 0.037628338 0.9901927 0.99056727 0 0.020374252 0.9691478 0.9727974 0.9857129 0.9695119 0.9894442 0.96010065 0.3291113 0.23685543 0.23193468 0.32601598 0.23138992
0.9746289 0.22826521 0.33518422 0.33706275 0.9746289 0.99545324 0.97867405 0.98348296 0.98348296 0.9801504 0.98348296 0.24748999 0.96298385 0.03889114 0.038996473 0.98757625 0.9894442 0.020374252 0 0.9695119 0.97316337 0.9831119 0.9706055 0.98683035 0.96406794 0.33237523 0.23809068 0.23439102 0.32988715 0.23247984
0.26722056 0.98051995 0.97573 0.97978103 0.2825125 0.29071888 0.2942636 0.29619068 0.28704423 0.28440955 0.29248914 0.9738958 0.0435397 0.96298385 0.9695119 0.29396757 0.2920462 0.9691478 0.9695119 0 0.02325689 0.29042426 0.23357135 0.29027697 0.22124824 0.9713354 0.98832285 0.99281836 0.9695119 0.9808897
0.26850688 0.98237044 0.9764649 0.97941184 0.28484803 0.29101366 0.2954489 0.29693317 0.28851193 0.28704423 0.29455975 0.982 0.044387996 0.9666036 0.97499573 0.2954489 0.2938196 0.9727974 0.97316337 0.02325689 0 0.29145598 0.2352116 0.29175103 0.2223235 0.97426224 0.9939465 0.9962078 0.97499573 0.98237044
0.28645793 0.990942 0.98645765 0.98683035 0.19343066 0.07183272 0.15128121 0.15360944 0.19511503 0.19641328 0.15091425 0.99131685 0.282804 0.97867405 0.99131685 0.15164834 0.14957027 0.9857129 0.9831119 0.29042426 0.29145598 0 0.2879245 0.013419339 0.29116106 0.97573 1.0053219 0.99847597 0.9783054 0.97978103
0.26124668 0.98907024 0.97609735 0.9753628 0.2768499 0.28821814 0.28660446 0.28704423 0.28382534 0.28163853 0.28411737 0.9801504 0.22867204 0.96298385 0.9738958 0.2880713 0.28645793 0.9695119 0.9706055 0.23357135 0.2352116 0.2879245 0 0.2889528 0.22609913 0.97573 0.99545324 0.9946995 0.9658782 0.97243166
0.28660446 0.99847597 0.98794943 0.98832285 0.19433716 0.07293404 0.15226063 0.15483774 0.19628336 0.19771379 0.1518932 0.99545324 0.282804 0.98237044 0.9946995 0.15262826 0.15066971 0.9894442 0.98683035 0.29027697 0.29175103 0.013419339 0.2889528 0 0.29130852 0.97720057 1.0118452 1.0037951 0.98125964 0.9853408
0.26593643 0.9738958 0.96841997 0.97573 0.27670524 0.29057157 0.28719085 0.29145598 0.2857257 0.28484803 0.28616497 0.9779369 0.21549493 0.9540103 0.96479154 0.28836504 0.28660446 0.96010065 0.96406794 0.22124824 0.2223235 0.29116106 0.22609913 0.29130852 0 0.97024083 0.98496884 0.98869646 0.9662408 0.9673296
0.9658782 0.33113015 0.1794547 0.17540063 0.9680563 0.98757625 0.9713354 0.97867405 0.9727974 0.97024083 0.97720057 0.3280265 0.9666036 0.3333104 0.33175245 0.97243166 0.9775687 0.3291113 0.33237523 0.9713354 0.97426224 0.97573 0.97573 0.97720057 0.97024083 0 0.34130672 0.33221948 0.17363384 0.3326868
1.0003713 0.2148288 0.34462425 0.3450994 0.99357027 1.0188149 1.0011308 1.0053219 1.001891 0.9943229 1.0080011 0.2527943 0.9860852 0.23767869 0.24015395 1.0072346 1.0083846 0.23685543 0.23809068 0.98832285 0.9939465 1.0053219 0.99545324 1.0118452 0.98496884 0.34130672 0 0.15705377 0.34525782 0.21722966
1.002652 0.20490715 0.33690602 0.33674935 0.9816297 1.0072346 0.9901927 0.9962078 0.9860852 0.9845971 1.002652 0.24790739 0.9872032 0.23288897 0.2365812 1.0022715 1.0076177 0.23193468 0.23439102 0.99281836 0.9962078 0.99847597 0.9946995 1.0037951 0.98869646 0.33221948 0.15705377 0 0.3361229 0.21097685
0.9651536 0.33175245 0.14749794 0.14603856 0.97352946 0.9894442 0.97426224 0.9790429 0.9801504 0.9753628 0.9853408 0.33144122 0.9658782 0.32988715 0.32756203 0.97941184 0.9827411 0.32601598 0.32988715 0.9695119 0.97499573 0.9783054 0.9658782 0.98125964 0.9662408 0.17363384 0.34525782 0.3361229 0 0.33424672
0.97978103 0.105942294 0.33284268 0.3344029 0.97720057 0.99734104 0.982 0.98794943 0.98683035 0.9872032 0.9920673 0.25139478 0.97573 0.23507477 0.23179846 0.99545324 0.9950763 0.23138992 0.23247984 0.9808897 0.98237044 0.97978103 0.97243166 0.9853408 0.9673296 0.3326868 0.21722966 0.21097685 0.33424672 0
