0 0.8605368 0.86909026 0.42828566 1.0095364 1.0060863 0.8722831 0.88162 0.877098 0.8713238 0.8649598 0.8700467 0.87356406 0.8621135 0.86877173 0.8751683 0.42775482 0.42810866 0.42440146 0.87484723 0.8719632 0.88616943 0.87356406 0.8848668 0.8855178 0.8636934 0.8855178 0.4236974 0.41931194 0.8636934
0.8605368 0 0.2609634 0.85802114 0.9969631 0.99734104 0.19628336 0.26593643 0.26965213 0.26053867 0.26408544 0.74514884 0.26195538 0.75411475 0.7486681 0.26266474 0.8678169 0.86718106 0.8640098 0.2625228 0.2625228 0.19706325 0.75493515 0.19719331 0.73735726 0.7376246 0.26508155 0.8608519 0.8505242 0.12696517
0.86909026 0.2609634 0 0.8545757 0.9898184 0.9872032 0.26807785 0.18034446 0.1845533 0.122830965 0.22461359 0.7640195 0.22826521 0.7618071 0.7601521 0.123302296 0.8542633 0.85896355 0.85770726 0.12353807 0.122006856 0.26764908 0.7676286 0.2675062 0.7532952 0.74893945 0.19162093 0.8611671 0.8489717 0.26053867
0.42828566 0.85802114 0.8545757 0 0.9853408 0.98645765 0.870685 0.8602219 0.8573935 0.8624292 0.8523914 0.8662283 0.85520095 0.84928197 0.8605368 0.864643 0.119774535 0.11895377 0.11684736 0.86559373 0.86591095 0.8678169 0.86654574 0.86813504 0.8703658 0.8621135 0.8652767 0.19110468 0.17869289 0.85833514
1.0095364 0.9969631 0.9898184 0.9853408 0 0.12755762 1.0130024 0.99169195 0.99847597 0.99131685 0.9857129 1.0049399 0.9980974 1.0064689 0.99847597 0.9920673 0.9901927 0.99658537 0.98683035 0.9920673 0.9943229 1.0188149 0.98757625 1.0195932 0.9808897 0.98907024 1.000751 0.99961257 0.97426224 1.0045581
1.0060863 0.99734104 0.9872032 0.98645765 0.12755762 0 1.0080011 0.9920673 0.9962078 0.98794943 0.9931942 0.99847597 1.0095364 0.99923354 0.9950763 0.9931942 0.9924427 0.9962078 0.98907024 0.9943229 0.99545324 1.0160967 0.98757625 1.018426 0.96769285 0.98496884 0.9969631 0.9977191 0.98496884 1.0037951
0.8722831 0.19628336 0.26807785 0.870685 1.0130024 1.0080011 0 0.27353033 0.2741066 0.27079913 0.26822084 0.75520885 0.2675062 0.762636 0.761255 0.2690793 0.8703658 0.8703658 0.8716434 0.26965213 0.26936567 0.12696517 0.76512814 0.12767617 0.7478545 0.7486681 0.26508155 0.8694089 0.85520095 0.1966732
0.88162 0.26593643 0.18034446 0.8602219 0.99169195 0.9920673 0.27353033 0 0.079353794 0.18212713 0.22582883 0.76429653 0.22826521 0.7659607 0.7629125 0.18327539 0.86559373 0.8662283 0.8662283 0.18238215 0.18161736 0.27223536 0.7746184 0.27324238 0.7532952 0.7609791 0.19123371 0.86909026 0.8567664 0.266079
0.877098 0.26965213 0.1845533 0.8573935 0.99847597 0.9962078 0.2741066 0.079353794 0 0.18340309 0.22962219 0.7687426 0.23152608 0.7640195 0.7618071 0.1844254 0.864643 0.864643 0.8662283 0.1846812 0.18327539 0.27425072 0.7751804 0.27425072 0.7609791 0.76374257 0.19368954 0.8703658 0.85520095 0.26893613
0.8713238 0.26053867 0.122830965 0.8624292 0.99131685 0.98794943 0.27079913 0.18212713 0.18340309 0 0.2274522 0.75767636 0.22812964 0.7557565 0.7519313 0.06210155 0.86559373 0.8678169 0.8668633 0.063188665 0.06210155 0.27094263 0.7687426 0.27094263 0.7563045 0.75822586 0.18968678 0.87420535 0.8592779 0.2646545
0.8649598 0.26408544 0.22461359 0.8523914 0.9857129 0.9931942 0.26822084 0.22582883 0.22962219 0.2274522 0 0.7557565 0.063297465 0.75411475 0.7565787 0.2279941 0.85833514 0.85520095 0.85802114 0.2265048 0.22596397 0.2746833 0.7609791 0.2739625 0.7456892 0.74893945 0.22636956 0.8602219 0.84433347 0.26522398
0.8700467 0.74514884 0.7640195 0.8662283 1.0049399 0.99847597 0.75520885 0.76429653 0.7687426 0.75767636 0.7557565 0 0.75165886 0.26679227 0.2646545 0.75960124 0.8729233 0.8713238 0.8700467 0.7590508 0.7590508 0.7557565 0.24153262 0.75712734 0.4489234 0.46102932 0.74704176 0.8624292 0.8424862 0.75493515
0.87356406 0.26195538 0.22826521 0.85520095 0.9980974 1.0095364 0.2675062 0.22826521 0.23152608 0.22812964 0.063297465 0.75165886 0 0.75466156 0.7532952 0.22812964 0.85520095 0.85613984 0.85645306 0.2279941 0.2277231 0.27353033 0.7579511 0.27281064 0.7473126 0.7478545 0.22609913 0.8621135 0.84433347 0.26153007
0.8621135 0.75411475 0.7618071 0.84928197 1.0064689 0.99923354 0.762636 0.7659607 0.7640195 0.7557565 0.75411475 0.26679227 0.75466156 0 0.042057484 0.7601521 0.8592779 0.85959244 0.85802114 0.7601521 0.7601521 0.7618071 0.26950887 0.7607034 0.44204095 0.4463804 0.75056994 0.85864925 0.8345334 0.7585007
0.86877173 0.7486681 0.7601521 0.8605368 0.99847597 0.9950763 0.761255 0.7629125 0.7618071 0.7519313 0.7565787 0.2646545 0.7532952 0.042057484 0 0.7565787 0.8694089 0.8716434 0.86813504 0.7563045 0.75603044 0.7565787 0.26864994 0.7554826 0.43826443 0.44420755 0.74677104 0.8643263 0.84340924 0.75466156
0.8751683 0.26266474 0.123302296 0.864643 0.9920673 0.9931942 0.2690793 0.18327539 0.1844254 0.06210155 0.2279941 0.75960124 0.22812964 0.7601521 0.7565787 0 0.8684533 0.86909026 0.86877173 0.037102796 0.036262695 0.2679349 0.7729349 0.26822084 0.7535683 0.75384146 0.18865727 0.8745262 0.8592779 0.26422766
0.42775482 0.8678169 0.8542633 0.119774535 0.9901927 0.9924427 0.8703658 0.86559373 0.864643 0.86559373 0.85833514 0.8729233 0.85520095 0.8592779 0.8694089 0.8684533 0 0.023876043 0.022020116 0.8700467 0.86972773 0.8832416 0.86559373 0.88162 0.88454145 0.8726031 0.86749893 0.19045985 0.1761591 0.8694089
0.42810866 0.86718106 0.85896355 0.11895377 0.99658537 0.9962078 0.8703658 0.8662283 0.864643 0.8678169 0.85520095 0.8713238 0.85613984 0.85959244 0.8716434 0.86909026 0.023876043 0 0.020374252 0.8703658 0.8703658 0.8812961 0.8684533 0.87967867 0.8851922 0.8722831 0.8726031 0.19110468 0.17653863 0.8700467
0.42440146 0.8640098 0.85770726 0.11684736 0.98683035 0.98907024 0.8716434 0.8662283 0.8662283 0.8668633 0.85802114 0.8700467 0.85645306 0.85802114 0.86813504 0.86877173 0.022020116 0.020374252 0 0.870685 0.8703658 0.8809723 0.8605368 0.8790327 0.8864954 0.8716434 0.86749893 0.18930055 0.17552699 0.8700467
0.87484723 0.2625228 0.12353807 0.86559373 0.9920673 0.9943229 0.26965213 0.18238215 0.1846812 0.063188665 0.2265048 0.7590508 0.2279941 0.7601521 0.7563045 0.037102796 0.8700467 0.8703658 0.870685 0 0.0074367486 0.2690793 0.776869 0.26936567 0.75603044 0.7563045 0.18788606 0.87356406 0.8545757 0.2643699
0.8719632 0.2625228 0.122006856 0.86591095 0.9943229 0.99545324 0.26936567 0.18161736 0.18327539 0.06210155 0.22596397 0.7590508 0.2277231 0.7601521 0.75603044 0.036262695 0.86972773 0.8703658 0.8703658 0.0074367486 0 0.26879302 0.7746184 0.2690793 0.7535683 0.7522039 0.1877576 0.8745262 0.853951 0.2638011
0.88616943 0.19706325 0.26764908 0.8678169 1.0188149 1.0160967 0.12696517 0.27223536 0.27425072 0.27094263 0.2746833 0.7557565 0.27353033 0.7618071 0.7565787 0.2679349 0.8832416 0.8812961 0.8809723 0.2690793 0.26879302 0 0.7640195 0.00956068 0.7486681 0.7483968 0.26650688 0.8668633 0.8643263 0.19745351
0.87356406 0.75493515 0.7676286 0.86654574 0.98757625 0.98757625 0.76512814 0.7746184 0.7751804 0.7687426 0.7609791 0.24153262 0.7579511 0.26950887 0.26864994 0.7729349 0.86559373 0.8684533 0.8605368 0.776869 0.7746184 0.7640195 0 0.76429653 0.4500159 0.44928738 0.7563045 0.85833514 0.8446418 0.76457363
0.8848668 0.19719331 0.2675062 0.86813504 1.0195932 1.018426 0.12767617 0.27324238 0.27425072 0.27094263 0.2739625 0.75712734 0.27281064 0.7607034 0.7554826 0.26822084 0.88162 0.87967867 0.8790327 0.26936567 0.2690793 0.00956068 0.76429653 0 0.74893945 0.7473126 0.26736337 0.8684533 0.86559373 0.19836488
0.8855178 0.73735726 0.7532952 0.8703658 0.9808897 0.96769285 0.7478545 0.7532952 0.7609791 0.7563045 0.7456892 0.4489234 0.7473126 0.44204095 0.43826443 0.7535683 0.88454145 0.8851922 0.8864954 0.75603044 0.7535683 0.7486681 0.4500159 0.74893945 0 0.19498533 0.7532952 0.86654574 0.8668633 0.7446089
0.8636934 0.7376246 0.74893945 0.8621135 0.98907024 0.98496884 0.7486681 0.7609791 0.76374257 0.75822586 0.74893945 0.46102932 0.7478545 0.4463804 0.44420755 0.75384146 0.8726031 0.8722831 0.8716434 0.7563045 0.7522039 0.7483968 0.44928738 0.7473126 0.19498533 0 0.7475835 0.85520095 0.85645306 0.7494826
0.8855178 0.26508155 0.19162093 0.8652767 1.000751 0.9969631 0.26508155 0.19123371 0.19368954 0.18968678 0.22636956 0.74704176 0.22609913 0.75056994 0.74677104 0.18865727 0.86749893 0.8726031 0.86749893 0.18788606 0.1877576 0.26650688 0.7563045 0.26736337 0.7532952 0.7475835 0 0.8652767 0.8530148 0.26266474
0.4236974 0.8608519 0.8611671 0.19110468 0.99961257 0.9977191 0.8694089 0.86909026 0.8703658 0.87420535 0.8602219 0.8624292 0.8621135 0.85864925 0.8643263 0.8745262 0.19045985 0.19110468 0.18930055 0.87356406 0.8745262 0.8668633 0.85833514 0.8684533 0.86654574 0.85520095 0.8652767 0 0.17250025 0.8700467
0.41931194 0.8505242 0.8489717 0.17869289 0.97426224 0.98496884 0.85520095 0.8567664 0.85520095 0.8592779 0.84433347 0.8424862 0.84433347 0.8345334 0.84340924 0.8592779 0.1761591 0.17653863 0.17552699 0.8545757 0.853951 0.8643263 0.8446418 0.86559373 0.8668633 0.85645306 0.8530148 0.17250025 0 0.8602219
0.8636934 0.12696517 0.26053867 0.85833514 1.0045581 1.0037951 0.1966732 0.266079 0.26893613 0.2646545 0.26522398 0.75493515 0.26153007 0.7585007 0.75466156 0.26422766 0.8694089 0.8700467 0.8700467 0.2643699 0.2638011 0.19745351 0.76457363 0.19836488 0.7446089 0.7494826 0.26266474 0.8700467 0.8602219 0
