0 0.99734104 0.83240664 0.84649444 1.0126165 1.0122308 0.8076381 0.79656565 0.99961257 0.9857129 0.97316337 0.79830307 0.97243166 0.8605368 0.85707986 0.8120542 0.812645 0.831194 0.84310144 0.8406434 0.83697146 0.8381934 0.8266641 0.8508351 0.8406434 1.0164845 1.0080011 0.97206604 0.9687838 0.8437172
0.99734104 0 0.98051995 0.97978103 0.32447308 0.32539845 0.9946995 0.9898184 0.20490715 0.21389721 0.98348296 0.98645765 0.982 0.97941184 0.9808897 0.96334505 0.9655158 0.9644296 0.97573 0.9764649 0.9753628 0.9816297 0.9838541 0.9958304 0.96479154 0.45605326 0.43379322 1.0122308 0.9924427 0.98348296
0.83240664 0.98051995 0 0.17363384 0.9946995 0.98794943 0.85332674 0.84340924 0.9827411 0.9790429 0.94373375 0.85613984 0.9522284 0.4170416 0.41547385 0.82335943 0.82546073 0.84217876 0.84433347 0.22826521 0.2279941 0.23002975 0.83697146 0.23781599 0.5174642 0.98832285 0.9898184 0.98348296 0.9680563 0.41599607
0.84649444 0.97978103 0.17363384 0 0.99131685 0.99357027 0.85802114 0.85270303 0.9790429 0.9838541 0.9540103 0.86718106 0.9669665 0.420187 0.4200119 0.8209652 0.82546073 0.8455675 0.8480418 0.23316185 0.22948638 0.23179846 0.8278694 0.23740417 0.52729714 0.9831119 0.9924427 0.9783054 0.9658782 0.41443047
1.0126165 0.32447308 0.9946995 0.99131685 0 0.1465247 0.99169195 0.9808897 0.32339495 0.332531 0.9808897 0.9783054 0.97867405 0.9946995 1.002652 0.9816297 0.9779369 0.9637064 0.9746289 1.0011308 0.990942 0.99169195 0.98051995 1.0068517 0.9857129 0.4558696 0.43325844 0.9872032 0.9901927 0.9898184
1.0122308 0.32539845 0.98794943 0.99357027 0.1465247 0 0.9924427 0.9801504 0.32447308 0.33299854 0.982 0.9831119 0.982 0.97867405 0.9901927 0.9898184 0.9860852 0.9497408 0.9604604 0.99281836 0.98645765 0.9831119 0.9857129 0.9943229 0.9706055 0.45697227 0.42952576 0.98832285 0.98645765 0.97978103
0.8076381 0.9946995 0.85332674 0.85802114 0.99169195 0.9924427 0 0.15128121 0.9939465 1.0022715 0.9680563 0.6112037 0.98496884 0.8505242 0.85488826 0.74030316 0.7413773 0.83422923 0.84156424 0.85770726 0.85207987 0.8611671 0.74650043 0.8678169 0.85582674 1.018426 1.0053219 0.9872032 0.9753628 0.8530148
0.79656565 0.9898184 0.84340924 0.85270303 0.9808897 0.9801504 0.15128121 0 0.982 0.99281836 0.9536536 0.62741685 0.97024083 0.85207987 0.85270303 0.73789203 0.73709005 0.83941746 0.8530148 0.8474224 0.8400302 0.85896355 0.7524766 0.8602219 0.85802114 1.0060863 0.9857129 0.97024083 0.9666036 0.8474224
0.99961257 0.20490715 0.9827411 0.9790429 0.32339495 0.32447308 0.9939465 0.982 0 0.114979945 0.9931942 0.97352946 0.9950763 0.9764649 0.9831119 0.95508146 0.96010065 0.9695119 0.9860852 0.9801504 0.97867405 0.9768326 0.9713354 0.98794943 0.95508146 0.45202297 0.42281827 0.9980974 0.990942 0.9801504
0.9857129 0.21389721 0.9790429 0.9838541 0.332531 0.33299854 1.0022715 0.99281836 0.114979945 0 0.99847597 0.9768326 0.99923354 0.9845971 0.99281836 0.9698763 0.97170067 0.98348296 0.9943229 0.98051995 0.9768326 0.98051995 0.9827411 0.9958304 0.9727974 0.46121424 0.43754724 1.0015109 1.0037951 0.98348296
0.97316337 0.98348296 0.94373375 0.9540103 0.9808897 0.982 0.9680563 0.9536536 0.9931942 0.99847597 0 0.97573 0.10100618 0.96841997 0.9522284 0.96769285 0.9615409 0.94162506 0.9543672 0.9709704 0.9680563 0.97352946 0.9768326 0.9687838 0.9662408 0.99961257 0.9943229 0.9342909 0.9160936 0.95258445
0.79830307 0.98645765 0.85613984 0.86718106 0.9783054 0.9831119 0.6112037 0.62741685 0.97352946 0.9768326 0.97573 0 0.9962078 0.84525883 0.85332674 0.72700495 0.72779626 0.83210325 0.8366663 0.85270303 0.84156424 0.87420535 0.7524766 0.8678169 0.84587634 1.0041765 0.97499573 0.98125964 0.9816297 0.8542633
0.97243166 0.982 0.9522284 0.9669665 0.97867405 0.982 0.98496884 0.97024083 0.9950763 0.99923354 0.10100618 0.9962078 0 0.9842255 0.9709704 0.94549555 0.9500957 0.9518725 0.9626228 0.97206604 0.97352946 0.97426224 0.9713354 0.97316337 0.9691478 1.0003713 0.99923354 0.9402225 0.93568236 0.96190137
0.8605368 0.97941184 0.4170416 0.420187 0.9946995 0.97867405 0.8505242 0.85207987 0.9764649 0.9845971 0.96841997 0.84525883 0.9842255 0 0.08068891 0.84279376 0.84187144 0.8437172 0.8542633 0.41425672 0.41547385 0.41826323 0.8381934 0.41931194 0.52628785 0.99961257 0.98907024 0.9783054 0.96479154 0.26181358
0.85707986 0.9808897 0.41547385 0.4200119 1.002652 0.9901927 0.85488826 0.85270303 0.9831119 0.99281836 0.9522284 0.85332674 0.9709704 0.08068891 0 0.8400302 0.84187144 0.84587634 0.85582674 0.41564786 0.4163444 0.41913706 0.8406434 0.4207125 0.5287124 1.01146 0.99961257 0.9827411 0.97426224 0.26323268
0.8120542 0.96334505 0.82335943 0.8209652 0.9816297 0.9898184 0.74030316 0.73789203 0.95508146 0.9698763 0.96769285 0.72700495 0.94549555 0.84279376 0.8400302 0 0.07205285 0.8111689 0.8221614 0.83605623 0.8224607 0.8351422 0.5307389 0.84495026 0.82335943 1.0041765 0.9604604 0.95151687 0.94232726 0.83849925
0.812645 0.9655158 0.82546073 0.82546073 0.9779369 0.9860852 0.7413773 0.73709005 0.96010065 0.97170067 0.9615409 0.72779626 0.9500957 0.84187144 0.84187144 0.07205285 0 0.80587894 0.8153093 0.83788776 0.82305974 0.8388052 0.5360335 0.85207987 0.8366663 1.0015109 0.96406794 0.9391723 0.93812364 0.84033674
0.831194 0.9644296 0.84217876 0.8455675 0.9637064 0.9497408 0.83422923 0.83941746 0.9695119 0.98348296 0.94162506 0.83210325 0.9518725 0.8437172 0.84587634 0.8111689 0.80587894 0 0.065913364 0.8555138 0.8468036 0.8542633 0.8194727 0.85707986 0.8480418 0.99281836 0.97609735 0.9666036 0.9669665 0.84711295
0.84310144 0.97573 0.84433347 0.8480418 0.9746289 0.9604604 0.84156424 0.8530148 0.9860852 0.9943229 0.9543672 0.8366663 0.9626228 0.8542633 0.85582674 0.8221614 0.8153093 0.065913364 0 0.86749893 0.8567664 0.8668633 0.83788776 0.86972773 0.85896355 0.99734104 0.99169195 0.9691478 0.9738958 0.8489717
0.8406434 0.9764649 0.22826521 0.23316185 1.0011308 0.99281836 0.85770726 0.8474224 0.9801504 0.98051995 0.9709704 0.85270303 0.97206604 0.41425672 0.41564786 0.83605623 0.83788776 0.8555138 0.86749893 0 0.06036544 0.1260182 0.8263631 0.13005109 0.5176636 0.9894442 0.9894442 0.9842255 0.9687838 0.4113091
0.83697146 0.9753628 0.2279941 0.22948638 0.990942 0.98645765 0.85207987 0.8400302 0.97867405 0.9768326 0.9680563 0.84156424 0.97352946 0.41547385 0.4163444 0.8224607 0.82305974 0.8468036 0.8567664 0.06036544 0 0.12353807 0.8251602 0.12684672 0.51547325 0.97978103 0.9857129 0.9738958 0.9698763 0.40751162
0.8381934 0.9816297 0.23002975 0.23179846 0.99169195 0.9831119 0.8611671 0.85896355 0.9768326 0.98051995 0.97352946 0.87420535 0.97426224 0.41826323 0.41913706 0.8351422 0.8388052 0.8542633 0.8668633 0.1260182 0.12353807 0 0.82907665 0.05561175 0.5250785 0.98051995 0.99056727 0.9853408 0.97024083 0.4106172
0.8266641 0.9838541 0.83697146 0.8278694 0.98051995 0.9857129 0.74650043 0.7524766 0.9713354 0.9827411 0.9768326 0.7524766 0.9713354 0.8381934 0.8406434 0.5307389 0.5360335 0.8194727 0.83788776 0.8263631 0.8251602 0.82907665 0 0.83180004 0.8272665 1.0037951 0.9901927 0.9779369 0.98051995 0.83788776
0.8508351 0.9958304 0.23781599 0.23740417 1.0068517 0.9943229 0.8678169 0.8602219 0.98794943 0.9958304 0.9687838 0.8678169 0.97316337 0.41931194 0.4207125 0.84495026 0.85207987 0.85707986 0.86972773 0.13005109 0.12684672 0.05561175 0.83180004 0 0.5327709 0.99169195 1.005704 0.98869646 0.9738958 0.41878742
0.8406434 0.96479154 0.5174642 0.52729714 0.9857129 0.9706055 0.85582674 0.85802114 0.95508146 0.9727974 0.9662408 0.84587634 0.9691478 0.52628785 0.5287124 0.82335943 0.8366663 0.8480418 0.85896355 0.5176636 0.51547325 0.5250785 0.8272665 0.5327709 0 0.9931942 0.98496884 0.96769285 0.95151687 0.5321607
1.0164845 0.45605326 0.98832285 0.9831119 0.4558696 0.45697227 1.018426 1.0060863 0.45202297 0.46121424 0.99961257 1.0041765 1.0003713 0.99961257 1.01146 1.0041765 1.0015109 0.99281836 0.99734104 0.9894442 0.97978103 0.98051995 1.0037951 0.99169195 0.9931942 0 0.46399376 0.990942 1.0053219 1.0003713
1.0080011 0.43379322 0.9898184 0.9924427 0.43325844 0.42952576 1.0053219 0.9857129 0.42281827 0.43754724 0.9943229 0.97499573 0.99923354 0.98907024 0.99961257 0.9604604 0.96406794 0.97609735 0.99169195 0.9894442 0.9857129 0.99056727 0.9901927 1.005704 0.98496884 0.46399376 0 1.002652 0.97941184 0.9894442
0.97206604 1.0122308 0.98348296 0.9783054 0.9872032 0.98832285 0.9872032 0.97024083 0.9980974 1.0015109 0.9342909 0.98125964 0.9402225 0.9783054 0.9827411 0.95151687 0.9391723 0.9666036 0.9691478 0.9842255 0.9738958 0.9853408 0.9779369 0.98869646 0.96769285 0.990942 1.002652 0 0.32771683 0.9845971
0.9687838 0.9924427 0.9680563 0.9658782 0.9901927 0.98645765 0.9753628 0.9666036 0.990942 1.0037951 0.9160936 0.9816297 0.93568236 0.96479154 0.97426224 0.94232726 0.93812364 0.9669665 0.9738958 0.9687838 0.9698763 0.97024083 0.98051995 0.9738958 0.95151687 1.0053219 0.97941184 0.32771683 0 0.96769285
0.8437172 0.98348296 0.41599607 0.41443047 0.9898184 0.97978103 0.8530148 0.8474224 0.9801504 0.98348296 0.95258445 0.8542633 0.96190137 0.26181358 0.26323268 0.83849925 0.84033674 0.84711295 0.8489717 0.4113091 0.40751162 0.4106172 0.83788776 0.41878742 0.5321607 1.0003713 0.9894442 0.9845971 0.96769285 0
