0 1.0041765 1.0049399 0.7791263 1.005704 1.0022715 0.7175742 1.0022715 1.0099207 0.7729349 0.7113522 0.79252714 0.71161044 0.76985824 0.7763057 1.0223241 1.0087683 0.77546155 0.77153486 0.469958 0.47258234 0.6640787 0.7802575 0.66456366 1.0099207 0.99056727 0.48641723 0.4943009 0.47502747 0.6539662
1.0041765 0 0.9842255 1.0015109 0.99281836 0.98832285 1.0223241 0.18199967 0.19097567 0.9931942 1.0137748 1.0199828 1.0141612 0.98794943 0.99999183 0.9779369 0.98348296 1.0022715 0.99734104 0.9775687 0.97720057 0.99545324 1.0141612 0.99847597 0.9853408 0.9977191 0.9924427 1.0076177 0.9924427 0.98237044
1.0049399 0.9842255 0 0.9568702 0.27757347 0.26679227 1.0037951 0.97024083 0.98051995 0.9637064 0.9977191 0.9669665 0.98683035 0.9575869 0.9608204 0.14264435 0.13998818 0.97426224 0.9680563 0.9872032 0.9898184 0.9790429 0.9637064 0.982 0.28968817 0.27771828 0.99131685 0.98683035 0.97573 0.97170067
0.7791263 1.0015109 0.9568702 0 0.98645765 0.9666036 0.78565425 0.9827411 0.9746289 0.31741637 0.78565425 0.33847472 0.78708094 0.12365598 0.13005109 0.9746289 0.9746289 0.31543407 0.31558636 0.7565787 0.75767636 0.77209455 0.3297319 0.7709756 0.9753628 0.9575869 0.77771467 0.78167397 0.76623845 0.76457363
1.005704 0.99281836 0.27757347 0.98645765 0 0.11801686 1.0238891 0.9768326 0.9783054 0.98683035 1.0180373 0.9958304 1.005704 0.9753628 0.98237044 0.28382534 0.27989367 0.9939465 0.9901927 0.9753628 0.9775687 0.95866317 0.99131685 0.96010065 0.2981227 0.28777772 0.9950763 1.01146 0.98051995 0.9511613
1.0022715 0.98832285 0.26679227 0.9666036 0.11801686 0 1.0234975 0.96479154 0.9727974 0.9727974 1.0203725 0.97978103 1.0049399 0.96190137 0.9644296 0.27786312 0.27367437 0.9816297 0.97609735 0.97170067 0.9727974 0.9651536 0.97024083 0.9666036 0.28998253 0.2825125 0.9946995 1.0060863 0.9779369 0.95472425
0.7175742 1.0223241 1.0037951 0.78565425 1.0238891 1.0234975 0 0.99357027 1.01069 0.7802575 0.119657226 0.7980132 0.114513814 0.7774327 0.7813905 1.014548 1.0022715 0.7980132 0.793967 0.6892207 0.6894714 0.70288044 0.79310274 0.7031358 1.0130024 0.9969631 0.6988071 0.718095 0.7033912 0.70903224
1.0022715 0.18199967 0.97024083 0.9827411 0.9768326 0.96479154 0.99357027 0 0.10123505 0.97573 0.9872032 1.0076177 0.98645765 0.97720057 0.9842255 0.9680563 0.9706055 0.98869646 0.9801504 0.9709704 0.9706055 0.9958304 0.99885464 0.9980974 0.9831119 0.9753628 0.99545324 1.0122308 0.98757625 0.9790429
1.0099207 0.19097567 0.98051995 0.9746289 0.9783054 0.9727974 1.01069 0.10123505 0 0.9687838 0.9969631 1.0068517 1.0041765 0.97499573 0.98051995 0.97352946 0.9768326 0.9827411 0.97316337 0.98348296 0.9842255 1.002652 0.9943229 1.0037951 1.0015109 0.98794943 1.000751 1.014548 0.99545324 0.98869646
0.7729349 0.9931942 0.9637064 0.31741637 0.98683035 0.9727974 0.7802575 0.97573 0.9687838 0 0.7779968 0.33753312 0.7802575 0.31406474 0.31925085 0.97316337 0.97352946 0.10043431 0.09894951 0.7475835 0.74921095 0.7763057 0.33019772 0.7763057 0.9779369 0.9662408 0.7746184 0.7774327 0.7676286 0.756853
0.7113522 1.0137748 0.9977191 0.78565425 1.0180373 1.0203725 0.119657226 0.9872032 0.9969631 0.7779968 0 0.79540956 0.06286237 0.77041674 0.7737762 1.0049399 0.9943229 0.79714435 0.7928149 0.6790131 0.68049824 0.70007765 0.79310274 0.70033205 1.001891 0.9845971 0.6998234 0.71549445 0.70109564 0.6965256
0.79252714 1.0199828 0.9669665 0.33847472 0.9958304 0.97978103 0.7980132 1.0076177 1.0068517 0.33753312 0.79540956 0 0.7956984 0.3337784 0.33659267 1.0037951 0.99885464 0.34383303 0.34383303 0.7706961 0.7723746 0.7885103 0.33424672 0.7896558 0.97720057 0.9738958 0.79109013 0.79830307 0.7847996 0.7760242
0.71161044 1.0141612 0.98683035 0.78708094 1.005704 1.0049399 0.114513814 0.98645765 1.0041765 0.7802575 0.06286237 0.7956984 0 0.7726547 0.7751804 0.99961257 0.98757625 0.7994636 0.79540956 0.67926043 0.680994 0.6965256 0.79512084 0.69753873 0.9950763 0.9831119 0.695261 0.71212715 0.69753873 0.6962725
0.76985824 0.98794943 0.9575869 0.12365598 0.9753628 0.96190137 0.7774327 0.97720057 0.97499573 0.31406474 0.77041674 0.3337784 0.7726547 0 0.061667144 0.97609735 0.97499573 0.3117881 0.3119397 0.7527494 0.75493515 0.7524766 0.3270979 0.7522039 0.9706055 0.946908 0.7693002 0.7802575 0.76457363 0.74541897
0.7763057 0.99999183 0.9608204 0.13005109 0.98237044 0.9644296 0.7813905 0.9842255 0.98051995 0.31925085 0.7737762 0.33659267 0.7751804 0.061667144 0 0.9790429 0.9790429 0.31741637 0.3172637 0.75767636 0.75960124 0.7579511 0.33455908 0.7579511 0.97243166 0.9511613 0.77405685 0.7836615 0.7737762 0.75411475
1.0223241 0.9779369 0.14264435 0.9746289 0.28382534 0.27786312 1.014548 0.9680563 0.97352946 0.97316337 1.0049399 1.0037951 0.99961257 0.97609735 0.9790429 0 0.037628338 0.9924427 0.98645765 0.99961257 0.99923354 0.9783054 1.0015109 0.98125964 0.29175103 0.2806202 0.9969631 0.9894442 0.99056727 0.9687838
1.0087683 0.98348296 0.13998818 0.9746289 0.27989367 0.27367437 1.0022715 0.9706055 0.9768326 0.97352946 0.9943229 0.99885464 0.98757625 0.97499573 0.9790429 0.037628338 0 0.9958304 0.990942 0.9962078 0.9962078 0.98051995 0.99357027 0.9831119 0.2879245 0.2784427 0.9845971 0.9924427 0.9842255 0.96769285
0.77546155 1.0022715 0.97426224 0.31543407 0.9939465 0.9816297 0.7980132 0.98869646 0.9827411 0.10043431 0.79714435 0.34383303 0.7994636 0.3117881 0.31741637 0.9924427 0.9958304 0 0.0097632725 0.7590508 0.76042765 0.78736657 0.33659267 0.7867954 0.97978103 0.97867405 0.7825251 0.78565425 0.7799746 0.7729349
0.77153486 0.99734104 0.9680563 0.31558636 0.9901927 0.97609735 0.793967 0.9801504 0.97316337 0.09894951 0.7928149 0.34383303 0.79540956 0.3119397 0.3172637 0.98645765 0.990942 0.0097632725 0 0.75384146 0.75520885 0.7862246 0.3358099 0.78565425 0.97316337 0.9738958 0.7799746 0.7813905 0.776869 0.77181464
0.469958 0.9775687 0.9872032 0.7565787 0.9753628 0.97170067 0.6892207 0.9709704 0.98348296 0.7475835 0.6790131 0.7706961 0.67926043 0.7527494 0.75767636 0.99961257 0.9962078 0.7590508 0.75384146 0 0.006427463 0.62189704 0.7631891 0.6221262 0.9962078 0.97316337 0.30289978 0.30906525 0.22812964 0.62258476
0.47258234 0.97720057 0.9898184 0.75767636 0.9775687 0.9727974 0.6894714 0.9706055 0.9842255 0.74921095 0.68049824 0.7723746 0.680994 0.75493515 0.75960124 0.99923354 0.9962078 0.76042765 0.75520885 0.006427463 0 0.624192 0.76429653 0.62511194 0.9980974 0.9746289 0.3033492 0.31072804 0.22921483 0.6258027
0.6640787 0.99545324 0.9790429 0.77209455 0.95866317 0.9651536 0.70288044 0.9958304 1.002652 0.7763057 0.70007765 0.7885103 0.6965256 0.7524766 0.7579511 0.9783054 0.98051995 0.78736657 0.7862246 0.62189704 0.624192 0 0.78793824 0.0036086678 0.9746289 0.97720057 0.6439882 0.6515784 0.6395176 0.2284008
0.7802575 1.0141612 0.9637064 0.3297319 0.99131685 0.97024083 0.79310274 0.99885464 0.9943229 0.33019772 0.79310274 0.33424672 0.79512084 0.3270979 0.33455908 1.0015109 0.99357027 0.33659267 0.3358099 0.7631891 0.76429653 0.78793824 0 0.7882242 0.9920673 0.9853408 0.7882242 0.7845149 0.76985824 0.7734957
0.66456366 0.99847597 0.982 0.7709756 0.96010065 0.9666036 0.7031358 0.9980974 1.0037951 0.7763057 0.70033205 0.7896558 0.69753873 0.7522039 0.7579511 0.98125964 0.9831119 0.7867954 0.78565425 0.6221262 0.62511194 0.0036086678 0.7882242 0 0.97499573 0.97867405 0.64469653 0.65134007 0.6409265 0.22921483
1.0099207 0.9853408 0.28968817 0.9753628 0.2981227 0.28998253 1.0130024 0.9831119 1.0015109 0.9779369 1.001891 0.97720057 0.9950763 0.9706055 0.97243166 0.29175103 0.2879245 0.97978103 0.97316337 0.9962078 0.9980974 0.9746289 0.9920673 0.97499573 0 0.28836504 0.990942 1.0095364 0.98907024 0.97720057
0.99056727 0.9977191 0.27771828 0.9575869 0.28777772 0.2825125 0.9969631 0.9753628 0.98794943 0.9662408 0.9845971 0.9738958 0.9831119 0.946908 0.9511613 0.2806202 0.2784427 0.97867405 0.9738958 0.97316337 0.9746289 0.97720057 0.9853408 0.97867405 0.28836504 0 0.9764649 0.9894442 0.96406794 0.9695119
0.48641723 0.9924427 0.99131685 0.77771467 0.9950763 0.9946995 0.6988071 0.99545324 1.000751 0.7746184 0.6998234 0.79109013 0.695261 0.7693002 0.77405685 0.9969631 0.9845971 0.7825251 0.7799746 0.30289978 0.3033492 0.6439882 0.7882242 0.64469653 0.990942 0.9764649 0 0.26110503 0.30997178 0.64729947
0.4943009 1.0076177 0.98683035 0.78167397 1.01146 1.0060863 0.718095 1.0122308 1.014548 0.7774327 0.71549445 0.79830307 0.71212715 0.7802575 0.7836615 0.9894442 0.9924427 0.78565425 0.7813905 0.30906525 0.31072804 0.6515784 0.7845149 0.65134007 1.0095364 0.9894442 0.26110503 0 0.32124332 0.65444463
0.47502747 0.9924427 0.97573 0.76623845 0.98051995 0.9779369 0.7033912 0.98757625 0.99545324 0.7676286 0.70109564 0.7847996 0.69753873 0.76457363 0.7737762 0.99056727 0.9842255 0.7799746 0.776869 0.22812964 0.22921483 0.6395176 0.76985824 0.6409265 0.98907024 0.96406794 0.30997178 0.32124332 0 0.64233804
0.6539662 0.98237044 0.97170067 0.76457363 0.9511613 0.95472425 0.70903224 0.9790429 0.98869646 0.756853 0.6965256 0.7760242 0.6962725 0.74541897 0.75411475 0.9687838 0.96769285 0.7729349 0.77181464 0.62258476 0.6258027 0.2284008 0.7734957 0.22921483 0.97720057 0.9695119 0.64729947 0.65444463 0.64233804 0
