0 0.9222244 1.0049399 1.0049399 0.99131685 1.0126165 0.98496884 1.0037951 0.9857129 0.9838541 1.0207624 1.0011308 1.0015109 0.9977191 1.002652 0.98348296 0.9872032 0.9497408 0.9554389 0.9222244 0.928061 0.9391723 0.9554389 0.93847305 0.97867405 1.0133885 1.01069 1.0149349 0.99961257 1.0141612
0.9222244 0 0.982 0.9977191 0.9898184 1.0030329 0.9658782 0.9894442 0.9768326 0.9662408 0.9695119 0.97867405 0.98869646 0.9838541 0.9924427 0.95294064 0.9565121 0.3888074 0.392005 0.863061 0.86654574 0.27829775 0.99847597 0.2784427 0.9655158 1.0003713 0.9894442 0.9845971 1.0034139 1.0099207
1.0049399 0.982 0 0.27670524 0.6255724 0.6269553 0.9977191 0.31391275 0.30725548 0.9980974 1.0103053 0.9939465 0.62075216 0.61278665 0.61664504 0.98832285 0.98348296 0.9845971 0.99847597 0.959741 0.95294064 0.9946995 0.58413774 1.0003713 0.9924427 0.6141462 0.98907024 0.62810963 0.63228023 0.62741685
1.0049399 0.9977191 0.27670524 0 0.6374092 0.64824826 1.0076177 0.31391275 0.31133363 1.0095364 1.0234975 1.0168724 0.62787867 0.6212099 0.6262635 1.0015109 0.9980974 1.000751 1.0095364 0.9816297 0.97720057 1.0141612 0.5911431 1.0195932 1.0037951 0.6353068 0.9939465 0.64328057 0.63460726 0.6444604
0.99131685 0.9898184 0.6255724 0.6374092 0 0.25799534 1.0049399 0.62304366 0.6123341 1.0087683 1.0301816 0.97867405 0.3914992 0.38914335 0.39861146 0.9709704 0.9608204 0.9962078 1.0076177 0.99056727 0.98496884 1.0072346 0.6132396 1.0126165 1.002652 0.36761394 1.0034139 0.32539845 0.32032305 0.29991055
1.0126165 1.0030329 0.6269553 0.64824826 0.25799534 0 1.0103053 0.632745 0.627186 1.0258498 1.032159 0.9977191 0.38746512 0.38947943 0.4008266 0.97352946 0.9753628 1.018426 1.0254573 0.98683035 0.97978103 1.0049399 0.6141462 1.01146 0.9977191 0.3749967 1.0188149 0.3237028 0.32293335 0.30005974
0.98496884 0.9658782 0.9977191 1.0076177 1.0049399 1.0103053 0 0.99169195 0.9920673 0.22205454 0.2341177 0.59865856 0.97426224 0.9801504 0.99357027 0.6672366 0.67531306 0.9845971 0.98496884 0.97243166 0.97024083 0.9801504 0.9842255 0.98051995 0.38679487 1.0157093 0.32988715 1.0103053 1.005704 0.99885464
1.0037951 0.9894442 0.31391275 0.31391275 0.62304366 0.632745 0.99169195 0 0.17920068 0.9931942 1.0195932 0.99961257 0.61687267 0.609624 0.6109778 0.98125964 0.97720057 1.0091523 1.0137748 0.96226203 0.9583042 0.9962078 0.58131045 0.99999183 1.0199828 0.6202947 0.9962078 0.62741685 0.63088745 0.6267246
0.9857129 0.9768326 0.30725548 0.31133363 0.6123341 0.627186 0.9920673 0.17920068 0 1.0015109 1.0126165 0.99056727 0.6123341 0.60557723 0.61052626 0.9746289 0.9651536 1.0003713 1.0060863 0.95508146 0.9511613 1.0041765 0.5889469 1.0045581 1.0083846 0.6175558 0.9943229 0.61664504 0.6244219 0.6212099
0.9838541 0.9662408 0.9980974 1.0095364 1.0087683 1.0258498 0.22205454 0.9931942 1.0015109 0 0.16748267 0.59932536 0.9827411 0.99545324 0.99734104 0.6623838 0.66602045 0.9790429 0.97867405 0.9593815 0.95472425 0.96190137 0.97316337 0.9655158 0.385289 1.0015109 0.32647946 1.0030329 1.01146 1.0068517
1.0207624 0.9695119 1.0103053 1.0234975 1.0301816 1.032159 0.2341177 1.0195932 1.0126165 0.16748267 0 0.61915225 0.99357027 1.0049399 1.0080011 0.6832287 0.6852207 0.99999183 1.0034139 0.96769285 0.9658782 0.9857129 1.0045581 0.98496884 0.39725155 1.0195932 0.33674935 1.0219333 1.032159 1.0160967
1.0011308 0.97867405 0.9939465 1.0168724 0.97867405 0.9977191 0.59865856 0.99961257 0.99056727 0.59932536 0.61915225 0 0.9816297 0.99734104 0.99658537 0.68397504 0.6832287 0.98645765 0.99658537 0.9536536 0.9483231 0.9687838 0.99281836 0.96226203 0.61687267 0.9816297 0.6198375 0.99658537 1.0076177 0.9962078
1.0015109 0.98869646 0.62075216 0.62787867 0.3914992 0.38746512 0.97426224 0.61687267 0.6123341 0.9827411 0.99357027 0.9816297 0 0.15754712 0.16187774 0.9666036 0.9626228 0.9969631 0.99847597 0.9801504 0.97426224 0.99734104 0.620981 1.0030329 0.97243166 0.3911622 0.9827411 0.38931137 0.38245285 0.38629258
0.9977191 0.9838541 0.61278665 0.6212099 0.38914335 0.38947943 0.9801504 0.609624 0.60557723 0.99545324 1.0049399 0.99734104 0.15754712 0 0.13219498 0.9860852 0.9831119 0.9950763 0.99999183 0.98645765 0.982 0.98757625 0.6164175 0.9946995 0.9872032 0.38462073 0.99169195 0.39082533 0.3836194 0.3842868
1.002652 0.9924427 0.61664504 0.6262635 0.39861146 0.4008266 0.99357027 0.6109778 0.61052626 0.99734104 1.0080011 0.99658537 0.16187774 0.13219498 0 0.9943229 0.9872032 1.0080011 1.0130024 0.99169195 0.9872032 0.9977191 0.62603307 1.0022715 0.9977191 0.3965725 0.9924427 0.40202212 0.3965725 0.39234236
0.98348296 0.95294064 0.98832285 1.0015109 0.9709704 0.97352946 0.6672366 0.98125964 0.9746289 0.6623838 0.6832287 0.68397504 0.9666036 0.9860852 0.9943229 0 0.07282383 0.9713354 0.97978103 0.959741 0.9568702 0.94127417 0.959741 0.9402225 0.67212105 0.99734104 0.67531306 0.98757625 1.0076177 0.9894442
0.9872032 0.9565121 0.98348296 0.9980974 0.9608204 0.9753628 0.67531306 0.97720057 0.9651536 0.66602045 0.6852207 0.6832287 0.9626228 0.9831119 0.9872032 0.07282383 0 0.9816297 0.99056727 0.97352946 0.9727974 0.95866317 0.9658782 0.9554389 0.6772841 0.99056727 0.67580533 0.9783054 1.0049399 0.98757625
0.9497408 0.3888074 0.9845971 1.000751 0.9962078 1.018426 0.9845971 1.0091523 1.0003713 0.9790429 0.99999183 0.98645765 0.9969631 0.9950763 1.0080011 0.9713354 0.9816297 0 0.028743835 0.87420535 0.8787099 0.38278595 0.98794943 0.3841199 0.9790429 1.0022715 1.0045581 1.0095364 1.0141612 0.99734104
0.9554389 0.392005 0.99847597 1.0095364 1.0076177 1.0254573 0.98496884 1.0137748 1.0060863 0.97867405 1.0034139 0.99658537 0.99847597 0.99999183 1.0130024 0.97978103 0.99056727 0.028743835 0 0.8745262 0.8787099 0.38478774 0.99056727 0.38612524 0.9831119 1.0087683 1.0022715 1.019204 1.0188149 1.005704
0.9222244 0.863061 0.959741 0.9816297 0.99056727 0.98683035 0.97243166 0.96226203 0.95508146 0.9593815 0.96769285 0.9536536 0.9801504 0.98645765 0.99169195 0.959741 0.97352946 0.87420535 0.8745262 0 0.021711241 0.8545757 0.9706055 0.8545757 0.94903165 0.97206604 0.9727974 0.98645765 0.99169195 0.99999183
0.928061 0.86654574 0.95294064 0.97720057 0.98496884 0.97978103 0.97024083 0.9583042 0.9511613 0.95472425 0.9658782 0.9483231 0.97426224 0.982 0.9872032 0.9568702 0.9727974 0.8787099 0.8787099 0.021711241 0 0.85959244 0.96298385 0.8599071 0.9483231 0.96334505 0.97243166 0.98051995 0.98869646 0.9969631
0.9391723 0.27829775 0.9946995 1.0141612 1.0072346 1.0049399 0.9801504 0.9962078 1.0041765 0.96190137 0.9857129 0.9687838 0.99734104 0.98757625 0.9977191 0.94127417 0.95866317 0.38278595 0.38478774 0.8545757 0.85959244 0 1.0087683 0.020579787 0.97720057 1.0110749 0.9894442 1.001891 0.99131685 1.01146
0.9554389 0.99847597 0.58413774 0.5911431 0.6132396 0.6141462 0.9842255 0.58131045 0.5889469 0.97316337 1.0045581 0.99281836 0.620981 0.6164175 0.62603307 0.959741 0.9658782 0.98794943 0.99056727 0.9706055 0.96298385 1.0087683 0 1.0118452 0.9845971 0.6141462 0.9845971 0.62511194 0.61256033 0.610752
0.93847305 0.2784427 1.0003713 1.0195932 1.0126165 1.01146 0.98051995 0.99999183 1.0045581 0.9655158 0.98496884 0.96226203 1.0030329 0.9946995 1.0022715 0.9402225 0.9554389 0.3841199 0.38612524 0.8545757 0.8599071 0.020579787 1.0118452 0 0.9779369 1.0168724 0.9920673 1.01069 0.99734104 1.0164845
0.97867405 0.9655158 0.9924427 1.0037951 1.002652 0.9977191 0.38679487 1.0199828 1.0083846 0.385289 0.39725155 0.61687267 0.97243166 0.9872032 0.9977191 0.67212105 0.6772841 0.9790429 0.9831119 0.94903165 0.9483231 0.97720057 0.9845971 0.9779369 0 1.001891 0.39335543 0.9924427 1.0180373 0.990942
1.0133885 1.0003713 0.6141462 0.6353068 0.36761394 0.3749967 1.0157093 0.6202947 0.6175558 1.0015109 1.0195932 0.9816297 0.3911622 0.38462073 0.3965725 0.99734104 0.99056727 1.0022715 1.0087683 0.97206604 0.96334505 1.0110749 0.6141462 1.0168724 1.001891 0 1.005704 0.38062337 0.36826724 0.3690847
1.01069 0.9894442 0.98907024 0.9939465 1.0034139 1.0188149 0.32988715 0.9962078 0.9943229 0.32647946 0.33674935 0.6198375 0.9827411 0.99169195 0.9924427 0.67531306 0.67580533 1.0045581 1.0022715 0.9727974 0.97243166 0.9894442 0.9845971 0.9920673 0.39335543 1.005704 0 1.0011308 1.0137748 1.0034139
1.0149349 0.9845971 0.62810963 0.64328057 0.32539845 0.3237028 1.0103053 0.62741685 0.61664504 1.0030329 1.0219333 0.99658537 0.38931137 0.39082533 0.40202212 0.98757625 0.9783054 1.0095364 1.019204 0.98645765 0.98051995 1.001891 0.62511194 1.01069 0.9924427 0.38062337 1.0011308 0 0.31345698 0.32555276
0.99961257 1.0034139 0.63228023 0.63460726 0.32032305 0.32293335 1.005704 0.63088745 0.6244219 1.01146 1.032159 1.0076177 0.38245285 0.3836194 0.3965725 1.0076177 1.0049399 1.0141612 1.0188149 0.99169195 0.98869646 0.99131685 0.61256033 0.99734104 1.0180373 0.36826724 1.0137748 0.31345698 0 0.31848595
1.0141612 1.0099207 0.62741685 0.6444604 0.29991055 0.30005974 0.99885464 0.6267246 0.6212099 1.0068517 1.0160967 0.9962078 0.38629258 0.3842868 0.39234236 0.9894442 0.98757625 0.99734104 1.005704 0.99999183 0.9969631 1.01146 0.610752 1.0164845 0.990942 0.3690847 1.0034139 0.32555276 0.31848595 0
