0 0.72779626 0.7191378 0.73522204 0.98496884 0.98237044 0.98683035 0.9939465 0.98757625 0.4837441 0.4843161 0.74704176 0.48146042 0.7432607 0.7394986 0.48070073 0.4820307 1.0080011 1.0099207 0.47578144 0.4752159 1.0068517 0.98757625 1.0091523 0.9783054 0.9898184 1.0034139 0.99281836 0.48488855 0.99999183
0.72779626 0 0.1408323 0.4258116 1.014548 1.015322 1.0118452 1.0203725 1.0049399 0.73789203 0.73602206 0.43970087 0.7254249 0.4345068 0.43468532 0.7320306 0.7259512 1.0122308 1.0149349 0.721751 0.72148925 1.0160967 0.9898184 1.0195932 0.98907024 0.99734104 0.9980974 1.01069 0.723061 1.0122308
0.7191378 0.1408323 0 0.41686726 1.0118452 1.0149349 1.0133885 0.99999183 0.98683035 0.7330929 0.7235857 0.43254602 0.714716 0.42211568 0.4212384 0.72463614 0.7222747 1.0126165 1.0164845 0.7082605 0.7067194 1.0188149 0.9920673 1.0195932 0.9845971 1.000751 1.000751 1.015322 0.71006244 1.0126165
0.73522204 0.4258116 0.41686726 0 1.0087683 1.0041765 1.0015109 0.9950763 0.9931942 0.7275324 0.71835554 0.43112323 0.7175742 0.11649686 0.11521312 0.7251619 0.7222747 0.99961257 1.0022715 0.7196597 0.71783453 1.0149349 0.98907024 1.0180373 0.9894442 1.0022715 1.0157093 1.0091523 0.7301751 0.9924427
0.98496884 1.014548 1.0118452 1.0087683 0 0.1042167 0.10272439 0.6360069 0.6418672 1.0022715 1.0118452 1.0022715 1.0099207 1.0160967 1.0137748 0.99658537 1.000751 0.3717065 0.3743375 0.98683035 0.98496884 0.18225464 0.4461991 0.18250969 0.44150028 0.2289434 0.3768125 0.15042526 0.99357027 0.14131509
0.98237044 1.015322 1.0149349 1.0041765 0.1042167 0 0.087625116 0.64257354 0.64564204 0.9962078 1.0037951 0.99923354 1.0022715 1.0095364 1.0091523 0.99131685 0.9924427 0.37400812 0.37549147 0.98794943 0.98757625 0.18263726 0.45202297 0.18314771 0.44294295 0.23288897 0.3768125 0.15520664 0.99923354 0.14458202
0.98683035 1.0118452 1.0133885 1.0015109 0.10272439 0.087625116 0 0.6364741 0.64280915 0.9920673 0.9958304 1.0030329 0.9950763 1.0049399 1.0049399 0.98683035 0.98757625 0.3728564 0.3753265 0.9831119 0.982 0.18034446 0.44765082 0.18047164 0.43468532 0.22812964 0.3736789 0.15054747 0.9931942 0.1438548
0.9939465 1.0203725 0.99999183 0.9950763 0.6360069 0.64257354 0.6364741 0 0.093265936 1.0049399 1.0234975 0.99999183 1.0180373 0.9980974 0.99999183 1.01146 1.0076177 0.65277135 0.65277135 1.0041765 1.0037951 0.63460726 0.65038735 0.6367077 0.63881415 0.63998693 0.64587855 0.6364741 1.014548 0.63251257
0.98757625 1.0049399 0.98683035 0.9931942 0.6418672 0.64564204 0.64280915 0.093265936 0 0.99545324 1.0091523 0.9946995 1.0068517 0.99357027 0.99545324 1.001891 0.9977191 0.6506254 0.65134007 1.0083846 1.0095364 0.6409265 0.6515784 0.64280915 0.64257354 0.64257354 0.64967364 0.6371753 1.0110749 0.6350735
0.4837441 0.73789203 0.7330929 0.7275324 1.0022715 0.9962078 0.9920673 1.0049399 0.99545324 0 0.16001868 0.7473126 0.15853477 0.7304399 0.72991043 0.08672651 0.086838774 0.9977191 1.0015109 0.35578993 0.3541846 1.01069 0.98794943 1.0137748 0.9842255 0.9946995 1.0053219 1.0095364 0.363706 1.0015109
0.4843161 0.73602206 0.7235857 0.71835554 1.0118452 1.0037951 0.9958304 1.0234975 1.0091523 0.16001868 0 0.7368229 0.07326475 0.7241107 0.72148925 0.15569876 0.15569876 1.005704 1.0080011 0.35354343 0.35194293 1.0168724 0.98348296 1.0195932 0.9920673 1.0099207 1.0157093 1.01069 0.3632189 1.0080011
0.74704176 0.43970087 0.43254602 0.43112323 1.0022715 0.99923354 1.0030329 0.99999183 0.9946995 0.7473126 0.7368229 0 0.7320306 0.43379322 0.43219006 0.73815954 0.7325615 1.0041765 1.0091523 0.7207046 0.71992075 1.0064689 0.99734104 1.0091523 1.0041765 0.99658537 1.0064689 1.0037951 0.72568804 0.9931942
0.48146042 0.7254249 0.714716 0.7175742 1.0099207 1.0022715 0.9950763 1.0180373 1.0068517 0.15853477 0.07326475 0.7320306 0 0.7175742 0.7157541 0.15336403 0.15434618 1.0068517 1.0087683 0.34891135 0.34747958 1.014548 0.9920673 1.0176488 0.99847597 1.0091523 1.0133885 1.0076177 0.35611138 1.01069
0.7432607 0.4345068 0.42211568 0.11649686 1.0160967 1.0095364 1.0049399 0.9980974 0.99357027 0.7304399 0.7241107 0.43379322 0.7175742 0 0.05389058 0.7262145 0.72332335 1.0083846 1.0122308 0.72832423 0.7264779 1.0227151 0.9898184 1.0262426 0.99885464 1.001891 1.0242808 1.0137748 0.74030316 1.0003713
0.7394986 0.43468532 0.4212384 0.11521312 1.0137748 1.0091523 1.0049399 0.99999183 0.99545324 0.72991043 0.72148925 0.43219006 0.7157541 0.05389058 0 0.72568804 0.71992075 1.0053219 1.0099207 0.7227989 0.72122765 1.0157093 0.9827411 1.0188149 0.9969631 1.0022715 1.0176488 1.0164845 0.7354886 1.0003713
0.48070073 0.7320306 0.72463614 0.7251619 0.99658537 0.99131685 0.98683035 1.01146 1.001891 0.08672651 0.15569876 0.73815954 0.15336403 0.7262145 0.72568804 0 0.036052816 0.9969631 0.9980974 0.35546857 0.35338324 1.0064689 0.9860852 1.0099207 0.98683035 0.99131685 1.0037951 1.0049399 0.3588495 0.9939465
0.4820307 0.7259512 0.7222747 0.7222747 1.000751 0.9924427 0.98757625 1.0076177 0.9977191 0.086838774 0.15569876 0.7325615 0.15434618 0.72332335 0.71992075 0.036052816 0 1.0034139 1.0053219 0.35723764 0.35466585 1.002652 0.98907024 1.0060863 0.9842255 0.98907024 1.0015109 1.0060863 0.36062655 0.99357027
1.0080011 1.0122308 1.0126165 0.99961257 0.3717065 0.37400812 0.3728564 0.65277135 0.6506254 0.9977191 1.005704 1.0041765 1.0068517 1.0083846 1.0053219 0.9969631 1.0034139 0 0.0097632725 0.99847597 0.99847597 0.3725277 0.4454743 0.37351432 0.43593606 0.3728564 0.22380453 0.37269205 1.0091523 0.3768125
1.0099207 1.0149349 1.0164845 1.0022715 0.3743375 0.37549147 0.3753265 0.65277135 0.65134007 1.0015109 1.0080011 1.0091523 1.0087683 1.0122308 1.0099207 0.9980974 1.0053219 0.0097632725 0 1.0011308 1.0003713 0.37417278 0.4463804 0.3751616 0.43772647 0.3753265 0.22420895 0.37400812 1.0095364 0.3789641
0.47578144 0.721751 0.7082605 0.7196597 0.98683035 0.98794943 0.9831119 1.0041765 1.0083846 0.35578993 0.35354343 0.7207046 0.34891135 0.72832423 0.7227989 0.35546857 0.35723764 0.99847597 1.0011308 0 0.00713382 1.002652 0.98051995 1.005704 0.9857129 0.9838541 0.99999183 0.99357027 0.15201566 0.990942
0.4752159 0.72148925 0.7067194 0.71783453 0.98496884 0.98757625 0.982 1.0037951 1.0095364 0.3541846 0.35194293 0.71992075 0.34747958 0.7264779 0.72122765 0.35338324 0.35466585 0.99847597 1.0003713 0.00713382 0 0.99999183 0.97867405 1.0030329 0.98496884 0.9801504 0.99885464 0.99169195 0.1518932 0.98907024
1.0068517 1.0160967 1.0188149 1.0149349 0.18225464 0.18263726 0.18034446 0.63460726 0.6409265 1.01069 1.0168724 1.0064689 1.014548 1.0227151 1.0157093 1.0064689 1.002652 0.3725277 0.37417278 1.002652 0.99999183 0 0.44874147 0.003910175 0.43880278 0.23002975 0.37466702 0.18225464 1.0122308 0.18034446
0.98757625 0.9898184 0.9920673 0.98907024 0.4461991 0.45202297 0.44765082 0.65038735 0.6515784 0.98794943 0.98348296 0.99734104 0.9920673 0.9898184 0.9827411 0.9860852 0.98907024 0.4454743 0.4463804 0.98051995 0.97867405 0.44874147 0 0.4507451 0.24762909 0.44222128 0.4480142 0.43736804 0.98907024 0.44692463
1.0091523 1.0195932 1.0195932 1.0180373 0.18250969 0.18314771 0.18047164 0.6367077 0.64280915 1.0137748 1.0195932 1.0091523 1.0176488 1.0262426 1.0188149 1.0099207 1.0060863 0.37351432 0.3751616 1.005704 1.0030329 0.003910175 0.4507451 0 0.4398806 0.23070954 0.3749967 0.18276484 1.0157093 0.18123527
0.9783054 0.98907024 0.9845971 0.9894442 0.44150028 0.44294295 0.43468532 0.63881415 0.64257354 0.9842255 0.9920673 1.0041765 0.99847597 0.99885464 0.9969631 0.98683035 0.9842255 0.43593606 0.43772647 0.9857129 0.98496884 0.43880278 0.24762909 0.4398806 0 0.4330803 0.44294295 0.43486387 0.9831119 0.43808508
0.9898184 0.99734104 1.000751 1.0022715 0.2289434 0.23288897 0.22812964 0.63998693 0.64257354 0.9946995 1.0099207 0.99658537 1.0091523 1.001891 1.0022715 0.99131685 0.98907024 0.3728564 0.3753265 0.9838541 0.9801504 0.23002975 0.44222128 0.23070954 0.4330803 0 0.3753265 0.22935058 0.9920673 0.2326162
1.0034139 0.9980974 1.000751 1.0157093 0.3768125 0.3768125 0.3736789 0.64587855 0.64967364 1.0053219 1.0157093 1.0064689 1.0133885 1.0242808 1.0176488 1.0037951 1.0015109 0.22380453 0.22420895 0.99999183 0.99885464 0.37466702 0.4480142 0.3749967 0.44294295 0.3753265 0 0.37400812 0.99961257 0.38029122
0.99281836 1.01069 1.015322 1.0091523 0.15042526 0.15520664 0.15054747 0.6364741 0.6371753 1.0095364 1.01069 1.0037951 1.0076177 1.0137748 1.0164845 1.0049399 1.0060863 0.37269205 0.37400812 0.99357027 0.99169195 0.18225464 0.43736804 0.18276484 0.43486387 0.22935058 0.37400812 0 1.001891 0.15275083
0.48488855 0.723061 0.71006244 0.7301751 0.99357027 0.99923354 0.9931942 1.014548 1.0110749 0.363706 0.3632189 0.72568804 0.35611138 0.74030316 0.7354886 0.3588495 0.36062655 1.0091523 1.0095364 0.15201566 0.1518932 1.0122308 0.98907024 1.0157093 0.9831119 0.9920673 0.99961257 1.001891 0 1.0041765
0.99999183 1.0122308 1.0126165 0.9924427 0.14131509 0.14458202 0.1438548 0.63251257 0.6350735 1.0015109 1.0080011 0.9931942 1.01069 1.0003713 1.0003713 0.9939465 0.99357027 0.3768125 0.3789641 0.990942 0.98907024 0.18034446 0.44692463 0.18123527 0.43808508 0.2326162 0.38029122 0.15275083 1.0041765 0
