0 0.97170067 0.6221262 0.5356249 0.5397211 0.624192 0.6228142 0.6276477 0.6318157 0.6267246 0.9764649 0.64587855 0.6357735 0.62511194 0.63297755 0.9790429 0.97941184 0.63297755 0.6269553 0.6235028 0.6255724 0.5459075 0.6374092 0.5440462 0.6669932 1.0003713 0.99545324 0.98645765 0.6669932 0.6542054
0.97170067 0 0.9768326 0.9857129 0.9827411 1.0041765 1.0068517 0.99999183 1.0168724 1.0099207 0.20320067 0.98496884 1.01146 1.0211525 1.0137748 0.20398779 0.205433 1.0149349 1.0103053 1.0095364 1.0126165 0.98832285 1.0087683 0.9924427 0.99169195 1.005704 1.0072346 1.0064689 1.0011308 0.9950763
0.6221262 0.9768326 0 0.6150539 0.6244219 0.35402426 0.16448817 0.16448817 0.354345 0.35675475 0.9604604 0.6418672 0.35852686 0.35659385 0.35772082 0.95258445 0.9575869 0.35611138 0.35290283 0.3493892 0.35178307 0.6376432 0.4723946 0.6390486 0.67016345 1.0049399 1.0080011 1.0068517 0.6530102 0.66383636
0.5356249 0.9857129 0.6150539 0 0.15471482 0.62143886 0.6313514 0.62534213 0.6313514 0.62373245 0.9853408 0.6465887 0.6318157 0.6255724 0.6350735 0.9857129 0.9901927 0.624192 0.6221262 0.6184676 0.62373245 0.23002975 0.63554007 0.2312538 0.65348804 1.0188149 1.0188149 0.99999183 0.6475366 0.65134007
0.5397211 0.9827411 0.6244219 0.15471482 0 0.6364741 0.6360069 0.6343742 0.64469653 0.6332101 0.97978103 0.6501494 0.6461152 0.6371753 0.6442242 0.9801504 0.97720057 0.62996036 0.62465185 0.6332101 0.6367077 0.2330254 0.6430448 0.2311177 0.6611755 1.0219333 1.0160967 1.0099207 0.65516293 0.6542054
0.624192 1.0041765 0.35402426 0.62143886 0.6364741 0 0.35354343 0.35482633 0.09462607 0.22353503 0.9845971 0.6570817 0.097126074 0.093379185 0.09542062 0.9831119 0.9901927 0.22124824 0.2188345 0.21110934 0.21522841 0.6371753 0.4673428 0.63554007 0.65277135 1.0130024 1.0180373 1.0227151 0.63975227 0.6508636
0.6228142 1.0068517 0.16448817 0.6313514 0.6360069 0.35354343 0 0.08829978 0.3562722 0.36062655 0.982 0.6409265 0.3609501 0.3562722 0.36078832 0.9842255 0.99357027 0.35820433 0.354345 0.35290283 0.35707664 0.6449328 0.46883607 0.64540553 0.66383636 1.0141612 1.0037951 1.0072346 0.64919823 0.6563616
0.6276477 0.99999183 0.16448817 0.62534213 0.6343742 0.35482633 0.08829978 0 0.35546857 0.35788196 0.9842255 0.6421026 0.35901088 0.356433 0.35836557 0.9853408 0.98832285 0.35788196 0.35354343 0.35274276 0.35546857 0.6475366 0.466411 0.6465887 0.6689425 1.0141612 1.005704 1.0064689 0.6501494 0.6602102
0.6318157 1.0168724 0.354345 0.6313514 0.64469653 0.09462607 0.3562722 0.35546857 0 0.2290791 0.9977191 0.6611755 0.076690674 0.07271364 0.07536265 0.9962078 0.9980974 0.2284008 0.22393931 0.21602827 0.22004041 0.6475366 0.4740861 0.6461152 0.6580429 1.0238891 1.0254573 1.025065 0.6477737 0.6582834
0.6267246 1.0099207 0.35675475 0.62373245 0.6332101 0.22353503 0.36062655 0.35788196 0.2290791 0 1.0015109 0.6580429 0.23234352 0.22867204 0.23193468 1.0034139 1.0045581 0.08358984 0.08035491 0.18801454 0.19136275 0.6360069 0.47823706 0.63554007 0.66918653 1.0149349 1.014548 1.01069 0.6520554 0.6606927
0.9764649 0.20320067 0.9604604 0.9853408 0.97978103 0.9845971 0.982 0.9842255 0.9977191 1.0015109 0 0.9637064 1.0030329 1.0037951 0.9980974 0.07536265 0.07525209 0.99357027 0.9920673 0.9853408 0.98794943 0.9831119 0.98125964 0.98496884 0.9939465 0.9779369 0.9931942 0.990942 0.9842255 0.9768326
0.64587855 0.98496884 0.6418672 0.6465887 0.6501494 0.6570817 0.6409265 0.6421026 0.6611755 0.6580429 0.9637064 0 0.66650665 0.6623838 0.66504896 0.95866317 0.96841997 0.6599691 0.65540254 0.65348804 0.6592462 0.6599691 0.65277135 0.65972805 0.47937313 1.0278157 1.0157093 1.0211525 0.48393473 0.47672495
0.6357735 1.01146 0.35852686 0.6318157 0.6461152 0.097126074 0.3609501 0.35901088 0.076690674 0.23234352 1.0030329 0.66650665 0 0.06952519 0.070293576 0.9962078 0.9977191 0.23002975 0.2277231 0.21856679 0.22245803 0.65134007 0.4723946 0.6508636 0.6573219 1.0341415 1.0278157 1.0405211 0.6506254 0.6573219
0.62511194 1.0211525 0.35659385 0.6255724 0.6371753 0.093379185 0.3562722 0.356433 0.07271364 0.22867204 1.0037951 0.6623838 0.06952519 0 0.065913364 1.0003713 1.0034139 0.22718139 0.22272713 0.21296677 0.21602827 0.6378772 0.47108158 0.63811135 0.65564215 1.0223241 1.0238891 1.025065 0.64824826 0.6573219
0.63297755 1.0137748 0.35772082 0.6350735 0.6442242 0.09542062 0.36078832 0.35836557 0.07536265 0.23193468 0.9980974 0.66504896 0.070293576 0.065913364 0 0.9950763 0.9958304 0.22948638 0.22691068 0.2148288 0.21776423 0.6515784 0.47033232 0.65110177 0.66480625 1.0215429 1.0211525 1.019204 0.65181684 0.66335183
0.9790429 0.20398779 0.95258445 0.9857129 0.9801504 0.9831119 0.9842255 0.9853408 0.9962078 1.0034139 0.07536265 0.95866317 0.9962078 1.0003713 0.9950763 0 0.06493133 0.99923354 0.9969631 0.98496884 0.98794943 0.9691478 0.9943229 0.9706055 0.99056727 0.982 0.98645765 0.99169195 0.9738958 0.97426224
0.97941184 0.205433 0.9575869 0.9901927 0.97720057 0.9901927 0.99357027 0.98832285 0.9980974 1.0045581 0.07525209 0.96841997 0.9977191 1.0034139 0.9958304 0.06493133 0 0.99999183 0.9969631 0.9872032 0.99131685 0.97867405 0.9943229 0.9790429 0.98794943 0.98757625 1.0003713 1.0003713 0.97941184 0.9764649
0.63297755 1.0149349 0.35611138 0.624192 0.62996036 0.22124824 0.35820433 0.35788196 0.2284008 0.08358984 0.99357027 0.6599691 0.23002975 0.22718139 0.22948638 0.99923354 0.99999183 0 0.041423146 0.18532108 0.18930055 0.6348403 0.47258234 0.6350735 0.66650665 1.015322 1.018426 1.0207624 0.65253264 0.6606927
0.6269553 1.0103053 0.35290283 0.6221262 0.62465185 0.2188345 0.354345 0.35354343 0.22393931 0.08035491 0.9920673 0.65540254 0.2277231 0.22272713 0.22691068 0.9969631 0.9969631 0.041423146 0 0.18059887 0.1841697 0.6315835 0.47108158 0.6332101 0.66504896 1.0118452 1.0030329 1.0130024 0.65277135 0.6590054
0.6235028 1.0095364 0.3493892 0.6184676 0.6332101 0.21110934 0.35290283 0.35274276 0.21602827 0.18801454 0.9853408 0.65348804 0.21856679 0.21296677 0.2148288 0.98496884 0.9872032 0.18532108 0.18059887 0 0.025012486 0.6367077 0.46362254 0.6367077 0.6599691 1.0022715 1.0080011 1.0045581 0.64801097 0.6563616
0.6255724 1.0126165 0.35178307 0.62373245 0.6367077 0.21522841 0.35707664 0.35546857 0.22004041 0.19136275 0.98794943 0.6592462 0.22245803 0.21602827 0.21776423 0.98794943 0.99131685 0.18930055 0.1841697 0.025012486 0 0.6395176 0.46864927 0.63998693 0.66359407 1.0015109 1.0072346 1.001891 0.64991146 0.6592462
0.5459075 0.98832285 0.6376432 0.23002975 0.2330254 0.6371753 0.6449328 0.6475366 0.6475366 0.6360069 0.9831119 0.6599691 0.65134007 0.6378772 0.6515784 0.9691478 0.97867405 0.6348403 0.6315835 0.6367077 0.6395176 0 0.64045656 0.023669602 0.6748211 1.0238891 1.0207624 0.99923354 0.6652917 0.6619002
0.6374092 1.0087683 0.4723946 0.63554007 0.6430448 0.4673428 0.46883607 0.466411 0.4740861 0.47823706 0.98125964 0.65277135 0.4723946 0.47108158 0.47033232 0.9943229 0.9943229 0.47258234 0.47108158 0.46362254 0.46864927 0.64045656 0 0.6418672 0.6640787 1.0329514 1.0211525 1.0203725 0.6532491 0.66650665
0.5440462 0.9924427 0.6390486 0.2312538 0.2311177 0.63554007 0.64540553 0.6465887 0.6461152 0.63554007 0.98496884 0.65972805 0.6508636 0.63811135 0.65110177 0.9706055 0.9790429 0.6350735 0.6332101 0.6367077 0.63998693 0.023669602 0.6418672 0 0.67383814 1.0223241 1.0207624 0.99999183 0.6643211 0.6623838
0.6669932 0.99169195 0.67016345 0.65348804 0.6611755 0.65277135 0.66383636 0.6689425 0.6580429 0.66918653 0.9939465 0.47937313 0.6573219 0.65564215 0.66480625 0.99056727 0.98794943 0.66650665 0.66504896 0.6599691 0.66359407 0.6748211 0.6640787 0.67383814 0 1.0160967 1.0076177 1.0037951 0.30951837 0.30514956
1.0003713 1.005704 1.0049399 1.0188149 1.0219333 1.0130024 1.0141612 1.0141612 1.0238891 1.0149349 0.9779369 1.0278157 1.0341415 1.0223241 1.0215429 0.982 0.98757625 1.015322 1.0118452 1.0022715 1.0015109 1.0238891 1.0329514 1.0223241 1.0160967 0 0.26323268 0.26593643 1.0180373 1.0211525
0.99545324 1.0072346 1.0080011 1.0188149 1.0160967 1.0180373 1.0037951 1.005704 1.0254573 1.014548 0.9931942 1.0157093 1.0278157 1.0238891 1.0211525 0.98645765 1.0003713 1.018426 1.0030329 1.0080011 1.0072346 1.0207624 1.0211525 1.0207624 1.0076177 0.26323268 0 0.24222292 1.0060863 1.0160967
0.98645765 1.0064689 1.0068517 0.99999183 1.0099207 1.0227151 1.0072346 1.0064689 1.025065 1.01069 0.990942 1.0211525 1.0405211 1.025065 1.019204 0.99169195 1.0003713 1.0207624 1.0130024 1.0045581 1.001891 0.99923354 1.0203725 0.99999183 1.0037951 0.26593643 0.24222292 0 1.0099207 1.0110749
0.6669932 1.0011308 0.6530102 0.6475366 0.65516293 0.63975227 0.64919823 0.6501494 0.6477737 0.6520554 0.9842255 0.48393473 0.6506254 0.64824826 0.65181684 0.9738958 0.97941184 0.65253264 0.65277135 0.64801097 0.64991146 0.6652917 0.6532491 0.6643211 0.30951837 1.0180373 1.0060863 1.0099207 0 0.21562824
0.6542054 0.9950763 0.66383636 0.65134007 0.6542054 0.6508636 0.6563616 0.6602102 0.6582834 0.6606927 0.9768326 0.47672495 0.6573219 0.6573219 0.66335183 0.97426224 0.9764649 0.6606927 0.6590054 0.6563616 0.6592462 0.6619002 0.66650665 0.6623838 0.30514956 1.0211525 1.0160967 1.0110749 0.21562824 0
