0 0.85833514 0.853951 0.85488826 0.83089113 0.8278694 0.8608519 0.8545757 0.8703658 0.8621135 0.8602219 0.8567664 0.86148244 0.86591095 0.8542633 0.85864925 0.8599071 0.85520095 0.85114604 0.828171 0.83089113 0.99357027 0.85270303 0.99658537 0.85114604 0.85207987 0.8474224 0.85896355 0.8573935 0.8573935
0.85833514 0 0.392005 0.38931137 0.84279376 0.83941746 0.1732558 0.17250025 0.8703658 0.86654574 0.8726031 0.5105188 0.870685 0.86654574 0.8636934 0.29234147 0.28865886 0.8636934 0.8643263 0.83483773 0.83605623 0.9962078 0.86179787 0.99658537 0.38998386 0.392005 0.3974214 0.66480625 0.6599691 0.6530102
0.853951 0.392005 0 0.16948567 0.83727676 0.84525883 0.38311923 0.38228634 0.86749893 0.87100434 0.86559373 0.5146783 0.8678169 0.85864925 0.864643 0.38964754 0.3856234 0.8599071 0.8567664 0.8272665 0.82907665 1.0064689 0.8602219 1.0072346 0.35130367 0.3481156 0.35755974 0.6626257 0.65277135 0.64801097
0.85488826 0.38931137 0.16948567 0 0.8375822 0.847732 0.37912986 0.37697777 0.85707986 0.85520095 0.85270303 0.49973288 0.85959244 0.84587634 0.8480418 0.38062337 0.38112187 0.84711295 0.8437172 0.81977093 0.82546073 0.9901927 0.8499028 0.99169195 0.35066497 0.33831772 0.34747958 0.6461152 0.6376432 0.63088745
0.83089113 0.84279376 0.83727676 0.8375822 0 0.14300726 0.84525883 0.829681 0.83210325 0.8305884 0.82546073 0.84525883 0.8351422 0.8251602 0.8150128 0.84033674 0.8424862 0.8212641 0.81738806 0.18711564 0.1859615 1.0034139 0.8209652 1.0083846 0.83911127 0.8366663 0.83727676 0.8400302 0.82156307 0.82907665
0.8278694 0.83941746 0.84525883 0.847732 0.14300726 0 0.84156424 0.82485974 0.828171 0.81857854 0.81768554 0.84217876 0.8293787 0.8221614 0.80617183 0.8400302 0.84402525 0.81382793 0.8099901 0.1764121 0.17514798 0.9783054 0.8088132 0.98237044 0.84340924 0.83605623 0.83911127 0.84340924 0.8269652 0.828171
0.8608519 0.1732558 0.38311923 0.37912986 0.84525883 0.84156424 0 0.122830965 0.86654574 0.86337715 0.86654574 0.50148726 0.870685 0.86337715 0.86591095 0.28499424 0.2835334 0.85896355 0.85833514 0.83240664 0.83422923 0.9924427 0.8514572 0.9950763 0.37879837 0.37912986 0.38763276 0.66359407 0.65444463 0.64991146
0.8545757 0.17250025 0.38228634 0.37697777 0.829681 0.82485974 0.122830965 0 0.8652767 0.86559373 0.86909026 0.49507448 0.8592779 0.8542633 0.86274505 0.28514048 0.28324157 0.8545757 0.85613984 0.8150128 0.81590265 0.9962078 0.85582674 0.99923354 0.38378617 0.38261938 0.39453906 0.6611755 0.6580429 0.6530102
0.8703658 0.8703658 0.86749893 0.85707986 0.83210325 0.828171 0.86654574 0.8652767 0 0.19576387 0.19058877 0.8700467 0.091795236 0.09236055 0.12530875 0.870685 0.8636934 0.122830965 0.122006856 0.83149695 0.83180004 0.98869646 0.28134742 0.98794943 0.86179787 0.85802114 0.85613984 0.8713238 0.86274505 0.8592779
0.8621135 0.86654574 0.87100434 0.85520095 0.8305884 0.81857854 0.86337715 0.86559373 0.19576387 0 0.055181086 0.87100434 0.1942076 0.19524476 0.19033095 0.86654574 0.8621135 0.19045985 0.18801454 0.82606214 0.82455945 0.9939465 0.28499424 0.9901927 0.86909026 0.864643 0.86591095 0.8848668 0.86718106 0.86337715
0.8602219 0.8726031 0.86559373 0.85270303 0.82546073 0.81768554 0.86654574 0.86909026 0.19058877 0.055181086 0 0.8668633 0.18942927 0.19149184 0.18852869 0.8668633 0.8636934 0.187244 0.18647423 0.8200693 0.8209652 0.9827411 0.28294984 0.9779369 0.864643 0.863061 0.8643263 0.8790327 0.86591095 0.86718106
0.8567664 0.5105188 0.5146783 0.49973288 0.84525883 0.84217876 0.50148726 0.49507448 0.8700467 0.87100434 0.8668633 0 0.8703658 0.8636934 0.8592779 0.51091397 0.5111116 0.85896355 0.8573935 0.8336212 0.83210325 1.01146 0.8624292 1.0126165 0.50815225 0.50265914 0.5103213 0.66480625 0.65372705 0.6475366
0.86148244 0.870685 0.8678169 0.85959244 0.8351422 0.8293787 0.870685 0.8592779 0.091795236 0.1942076 0.18942927 0.8703658 0 0.052173346 0.12094861 0.86909026 0.8649598 0.11848517 0.118719436 0.84033674 0.8388052 0.9838541 0.28003892 0.982 0.87324363 0.85520095 0.85520095 0.8738847 0.870685 0.86559373
0.86591095 0.86654574 0.85864925 0.84587634 0.8251602 0.8221614 0.86337715 0.8542633 0.09236055 0.19524476 0.19149184 0.8636934 0.052173346 0 0.12306659 0.8636934 0.8599071 0.120243944 0.11930542 0.828171 0.82907665 0.9790429 0.27902275 0.97941184 0.86654574 0.85645306 0.85270303 0.8649598 0.8608519 0.8567664
0.8542633 0.8636934 0.864643 0.8480418 0.8150128 0.80617183 0.86591095 0.86274505 0.12530875 0.19033095 0.18852869 0.8592779 0.12094861 0.12306659 0 0.8649598 0.85896355 0.0489641 0.049391206 0.8161995 0.81828076 0.9783054 0.2759825 0.97941184 0.864643 0.85645306 0.85270303 0.86148244 0.8608519 0.8545757
0.85864925 0.29234147 0.38964754 0.38062337 0.84033674 0.8400302 0.28499424 0.28514048 0.870685 0.86654574 0.8668633 0.51091397 0.86909026 0.8636934 0.8649598 0 0.02656496 0.8640098 0.86337715 0.82186216 0.8236593 0.99357027 0.8508351 0.9943229 0.38378617 0.38078952 0.39827126 0.6723661 0.6563616 0.65110177
0.8599071 0.28865886 0.3856234 0.38112187 0.8424862 0.84402525 0.2835334 0.28324157 0.8636934 0.8621135 0.8636934 0.5111116 0.8649598 0.8599071 0.85896355 0.02656496 0 0.85864925 0.85864925 0.8203678 0.8236593 0.990942 0.8483516 0.99131685 0.38311923 0.38078952 0.39725155 0.67261124 0.65348804 0.64824826
0.85520095 0.8636934 0.8599071 0.84711295 0.8212641 0.81382793 0.85896355 0.8545757 0.122830965 0.19045985 0.187244 0.85896355 0.11848517 0.120243944 0.0489641 0.8640098 0.85864925 0 0.027913041 0.82066643 0.82066643 0.97720057 0.27526045 0.9779369 0.86337715 0.85645306 0.8489717 0.8608519 0.8567664 0.85520095
0.85114604 0.8643263 0.8567664 0.8437172 0.81738806 0.8099901 0.85833514 0.85613984 0.122006856 0.18801454 0.18647423 0.8573935 0.118719436 0.11930542 0.049391206 0.86337715 0.85864925 0.027913041 0 0.8161995 0.8153093 0.9706055 0.27554917 0.9709704 0.86274505 0.85207987 0.84587634 0.86179787 0.8530148 0.8505242
0.828171 0.83483773 0.8272665 0.81977093 0.18711564 0.1764121 0.83240664 0.8150128 0.83149695 0.82606214 0.8200693 0.8336212 0.84033674 0.828171 0.8161995 0.82186216 0.8203678 0.82066643 0.8161995 0 0.013113986 0.99545324 0.82186216 0.99999183 0.8266641 0.8242593 0.8191745 0.8354467 0.8278694 0.8293787
0.83089113 0.83605623 0.82907665 0.82546073 0.1859615 0.17514798 0.83422923 0.81590265 0.83180004 0.82455945 0.8209652 0.83210325 0.8388052 0.82907665 0.81828076 0.8236593 0.8236593 0.82066643 0.8153093 0.013113986 0 0.99357027 0.8224607 0.9977191 0.8263631 0.82877463 0.8224607 0.8351422 0.82907665 0.8305884
0.99357027 0.9962078 1.0064689 0.9901927 1.0034139 0.9783054 0.9924427 0.9962078 0.98869646 0.9939465 0.9827411 1.01146 0.9838541 0.9790429 0.9783054 0.99357027 0.990942 0.97720057 0.9706055 0.99545324 0.99357027 0 0.9946995 0.010168623 0.9946995 0.9924427 0.9943229 0.99281836 0.9931942 0.990942
0.85270303 0.86179787 0.8602219 0.8499028 0.8209652 0.8088132 0.8514572 0.85582674 0.28134742 0.28499424 0.28294984 0.8624292 0.28003892 0.27902275 0.2759825 0.8508351 0.8483516 0.27526045 0.27554917 0.82186216 0.8224607 0.9946995 0 0.99169195 0.86274505 0.8602219 0.85707986 0.87420535 0.85270303 0.8611671
0.99658537 0.99658537 1.0072346 0.99169195 1.0083846 0.98237044 0.9950763 0.99923354 0.98794943 0.9901927 0.9779369 1.0126165 0.982 0.97941184 0.97941184 0.9943229 0.99131685 0.9779369 0.9709704 0.99999183 0.9977191 0.010168623 0.99169195 0 0.9958304 0.9931942 0.9931942 0.99169195 0.99281836 0.9901927
0.85114604 0.38998386 0.35130367 0.35066497 0.83911127 0.84340924 0.37879837 0.38378617 0.86179787 0.86909026 0.864643 0.50815225 0.87324363 0.86654574 0.864643 0.38378617 0.38311923 0.86337715 0.86274505 0.8266641 0.8263631 0.9946995 0.86274505 0.9958304 0 0.28324157 0.29086626 0.6699191 0.6667499 0.65972805
0.85207987 0.392005 0.3481156 0.33831772 0.8366663 0.83605623 0.37912986 0.38261938 0.85802114 0.864643 0.863061 0.50265914 0.85520095 0.85645306 0.85645306 0.38078952 0.38078952 0.85645306 0.85207987 0.8242593 0.82877463 0.9924427 0.8602219 0.9931942 0.28324157 0 0.21843298 0.6570817 0.6475366 0.6421026
0.8474224 0.3974214 0.35755974 0.34747958 0.83727676 0.83911127 0.38763276 0.39453906 0.85613984 0.86591095 0.8643263 0.5103213 0.85520095 0.85270303 0.85270303 0.39827126 0.39725155 0.8489717 0.84587634 0.8191745 0.8224607 0.9943229 0.85707986 0.9931942 0.29086626 0.21843298 0 0.6611755 0.6616586 0.65110177
0.85896355 0.66480625 0.6626257 0.6461152 0.8400302 0.84340924 0.66359407 0.6611755 0.8713238 0.8848668 0.8790327 0.66480625 0.8738847 0.8649598 0.86148244 0.6723661 0.67261124 0.8608519 0.86179787 0.8354467 0.8351422 0.99281836 0.87420535 0.99169195 0.6699191 0.6570817 0.6611755 0 0.21071193 0.21124187
0.8573935 0.6599691 0.65277135 0.6376432 0.82156307 0.8269652 0.65444463 0.6580429 0.86274505 0.86718106 0.86591095 0.65372705 0.870685 0.8608519 0.8608519 0.6563616 0.65348804 0.8567664 0.8530148 0.8278694 0.82907665 0.9931942 0.85270303 0.99281836 0.6667499 0.6475366 0.6616586 0.21071193 0 0.1732558
0.8573935 0.6530102 0.64801097 0.63088745 0.82907665 0.828171 0.64991146 0.6530102 0.8592779 0.86337715 0.86718106 0.6475366 0.86559373 0.8567664 0.8545757 0.65110177 0.64824826 0.85520095 0.8505242 0.8293787 0.8305884 0.990942 0.8611671 0.9901927 0.65972805 0.6421026 0.65110177 0.21124187 0.1732558 0
