0 1.0234975 0.99357027 0.98125964 1.0118452 1.0234975 0.9901927 1.0072346 0.662142 0.6662635 1.0087683 0.9801504 1.001891 0.5613892 0.5548647 1.0157093 1.0234975 0.6669932 0.66383636 1.01146 1.0168724 1.0393208 1.0238891 1.0282096 0.99847597 1.0234975 0.99885464 0.9901927 1.0034139 1.0176488
1.0234975 0 0.8082254 0.80324787 0.7977235 0.8055861 0.78736657 0.79339075 1.0087683 1.01069 0.79627645 0.7813905 0.7882242 1.0095364 1.0203725 0.8038317 0.81353205 0.98757625 1.0022715 0.8014989 0.79339075 0.8094014 0.81294054 0.8105793 0.3237028 0.33097467 0.79598737 0.79310274 0.8014989 0.21469565
0.99357027 0.8082254 0 0.21084438 0.6772841 0.6643211 0.4917922 0.45770827 0.99734104 0.99999183 0.6580429 0.6470625 0.6568416 0.99923354 1.0157093 0.4975942 0.49876 0.9950763 1.0080011 0.45421863 0.45129248 0.4628807 0.50168246 0.46585247 0.8105793 0.8242593 0.23384447 0.44674316 0.44965157 0.81442016
0.98125964 0.80324787 0.21084438 0 0.6770375 0.66335183 0.47823706 0.45238847 0.9958304 1.0080011 0.6626257 0.64328057 0.6575622 0.9980974 1.0219333 0.491022 0.4935281 0.9939465 1.0091523 0.45275414 0.4478325 0.4575242 0.49643022 0.46010533 0.8047084 0.80120784 0.22731678 0.44096002 0.44240162 0.80587894
1.0118452 0.7977235 0.6772841 0.6770375 0 0.21349831 0.6877182 0.6689425 0.9939465 0.98869646 0.43916187 0.3898157 0.4474692 1.0160967 1.0278157 0.6929902 0.6869681 0.98794943 0.98907024 0.66093403 0.66286767 0.69349426 0.6947558 0.69349426 0.8020814 0.8251602 0.68298006 0.6713863 0.67261124 0.81709075
1.0234975 0.8055861 0.6643211 0.66335183 0.21349831 0 0.66504896 0.66650665 0.9931942 0.98869646 0.43254602 0.3801252 0.43826443 1.0099207 1.018426 0.6723661 0.66456366 0.9950763 0.99923354 0.6592462 0.65612173 0.6760516 0.6807461 0.6790131 0.8105793 0.83240664 0.66335183 0.6580429 0.6672366 0.8200693
0.9901927 0.78736657 0.4917922 0.47823706 0.6877182 0.66504896 0 0.49410763 0.99885464 0.9977191 0.6611755 0.6578025 0.65348804 0.98907024 0.9924427 0.19576387 0.19810438 0.99847597 1.0211525 0.49082956 0.48641723 0.49256322 0.35901088 0.49410763 0.8026644 0.811759 0.47785875 0.48013148 0.48070073 0.8020814
1.0072346 0.79339075 0.45770827 0.45238847 0.6689425 0.66650665 0.49410763 0 1.0130024 1.018426 0.6558819 0.64516914 0.6570817 0.9980974 1.0141612 0.5001224 0.49876 1.0223241 1.0297868 0.18647423 0.18199967 0.4095806 0.5030502 0.40733945 0.80705124 0.8203678 0.4558696 0.40356198 0.40768382 0.806758
0.662142 1.0087683 0.99734104 0.9958304 0.9939465 0.9931942 0.99885464 1.0130024 0 0.13446462 1.0207624 0.9969631 0.9950763 0.6775309 0.66748005 1.0130024 1.0188149 0.16598392 0.16760771 1.0164845 1.0172604 1.030972 1.033348 1.025065 0.97867405 1.0160967 0.99056727 0.9898184 1.0195932 0.99545324
0.6662635 1.01069 0.99999183 1.0080011 0.98869646 0.98869646 0.9977191 1.018426 0.13446462 0 1.0207624 0.99923354 0.9901927 0.68049824 0.67654437 1.0203725 1.0266355 0.16548501 0.16848351 1.0234975 1.0180373 1.0305767 1.0357314 1.0278157 0.98907024 1.0389212 1.0053219 1.0015109 1.0157093 1.0030329
1.0087683 0.79627645 0.6580429 0.6626257 0.43916187 0.43254602 0.6611755 0.6558819 1.0207624 1.0207624 0 0.43023533 0.134345 1.0199828 1.0305767 0.66359407 0.67040783 1.0072346 1.0282096 0.6501494 0.65540254 0.67089695 0.67654437 0.6748211 0.80529344 0.8150128 0.66602045 0.6542054 0.6602102 0.81323624
0.9801504 0.7813905 0.6470625 0.64328057 0.3898157 0.3801252 0.6578025 0.64516914 0.9969631 0.99923354 0.43023533 0 0.4313009 0.98683035 0.990942 0.6604514 0.6643211 0.98907024 0.99999183 0.64824826 0.64280915 0.6669932 0.6652917 0.67089695 0.7845149 0.80587894 0.6522939 0.6332101 0.6409265 0.79888314
1.001891 0.7882242 0.6568416 0.6575622 0.4474692 0.43826443 0.65348804 0.6570817 0.9950763 0.9901927 0.134345 0.4313009 0 0.99961257 1.0076177 0.6623838 0.67163116 0.9691478 0.99357027 0.6530102 0.6515784 0.6740837 0.67040783 0.6775309 0.8017901 0.81590265 0.66480625 0.6643211 0.6580429 0.81323624
0.5613892 1.0095364 0.99923354 0.9980974 1.0160967 1.0099207 0.98907024 0.9980974 0.6775309 0.68049824 1.0199828 0.98683035 0.99961257 0 0.130289 0.9980974 1.0130024 0.6834774 0.6849714 1.001891 0.99658537 1.0353336 1.0286036 1.0405211 1.0049399 1.0266355 0.99961257 0.98757625 0.99961257 1.0122308
0.5548647 1.0203725 1.0157093 1.0219333 1.0278157 1.018426 0.9924427 1.0141612 0.66748005 0.67654437 1.0305767 0.990942 1.0076177 0.130289 0 1.0053219 1.0172604 0.6733471 0.675067 1.0110749 1.0126165 1.0518178 1.0231062 1.0563028 1.0045581 1.0413225 1.0087683 0.9950763 1.0122308 1.0137748
1.0157093 0.8038317 0.4975942 0.491022 0.6929902 0.6723661 0.19576387 0.5001224 1.0130024 1.0203725 0.66359407 0.6604514 0.6623838 0.9980974 1.0053219 0 0.11172312 1.0030329 1.0353336 0.497206 0.49333504 0.5103213 0.3614357 0.5107164 0.8102846 0.82546073 0.4921776 0.49643022 0.49507448 0.8096957
1.0234975 0.81353205 0.49876 0.4935281 0.6869681 0.66456366 0.19810438 0.49876 1.0188149 1.0266355 0.67040783 0.6643211 0.67163116 1.0130024 1.0172604 0.11172312 0 1.0130024 1.0417235 0.49876 0.49546158 0.5107164 0.36582026 0.5146783 0.8096957 0.8266641 0.4919849 0.4983712 0.5003172 0.8191745
0.6669932 0.98757625 0.9950763 0.9939465 0.98794943 0.9950763 0.99847597 1.0223241 0.16598392 0.16548501 1.0072346 0.98907024 0.9691478 0.6834774 0.6733471 1.0030329 1.0130024 0 0.093379185 1.0289978 1.0223241 1.0278157 1.0207624 1.0157093 0.98683035 1.0258498 0.99658537 0.99281836 1.0053219 0.99131685
0.66383636 1.0022715 1.0080011 1.0091523 0.98907024 0.99923354 1.0211525 1.0297868 0.16760771 0.16848351 1.0282096 0.99999183 0.99357027 0.6849714 0.675067 1.0353336 1.0417235 0.093379185 0 1.0437315 1.0361294 1.0453417 1.0542608 1.0413225 0.9958304 1.0365276 1.0045581 1.0091523 1.0223241 1.005704
1.01146 0.8014989 0.45421863 0.45275414 0.66093403 0.6592462 0.49082956 0.18647423 1.0164845 1.0234975 0.6501494 0.64824826 0.6530102 1.001891 1.0110749 0.497206 0.49876 1.0289978 1.0437315 0 0.077910095 0.40407598 0.49294904 0.40596363 0.80646485 0.82395923 0.45826077 0.4028772 0.40150952 0.81323624
1.0168724 0.79339075 0.45129248 0.4478325 0.66286767 0.65612173 0.48641723 0.18199967 1.0172604 1.0180373 0.65540254 0.64280915 0.6515784 0.99658537 1.0126165 0.49333504 0.49546158 1.0223241 1.0361294 0.077910095 0 0.40441883 0.49121448 0.40424737 0.799754 0.8161995 0.45312 0.40476185 0.40665123 0.80851924
1.0393208 0.8094014 0.4628807 0.4575242 0.69349426 0.6760516 0.49256322 0.4095806 1.030972 1.0305767 0.67089695 0.6669932 0.6740837 1.0353336 1.0518178 0.5103213 0.5107164 1.0278157 1.0453417 0.40407598 0.40441883 0 0.49934357 0.06613177 0.80851924 0.82877463 0.4623248 0.40562007 0.40630734 0.80529344
1.0238891 0.81294054 0.50168246 0.49643022 0.6947558 0.6807461 0.35901088 0.5030502 1.033348 1.0357314 0.67654437 0.6652917 0.67040783 1.0286036 1.0231062 0.3614357 0.36582026 1.0207624 1.0542608 0.49294904 0.49121448 0.49934357 0 0.5003172 0.81234956 0.8200693 0.49623638 0.491022 0.49333504 0.8161995
1.0282096 0.8105793 0.46585247 0.46010533 0.69349426 0.6790131 0.49410763 0.40733945 1.025065 1.0278157 0.6748211 0.67089695 0.6775309 1.0405211 1.0563028 0.5107164 0.5146783 1.0157093 1.0413225 0.40596363 0.40424737 0.06613177 0.5003172 0 0.81294054 0.83180004 0.46659726 0.41113606 0.414083 0.80910724
0.99847597 0.3237028 0.8105793 0.8047084 0.8020814 0.8105793 0.8026644 0.80705124 0.97867405 0.98907024 0.80529344 0.7845149 0.8017901 1.0049399 1.0045581 0.8102846 0.8096957 0.98683035 0.9958304 0.80646485 0.799754 0.80851924 0.81234956 0.81294054 0 0.26936567 0.7968549 0.79223955 0.8014989 0.32771683
1.0234975 0.33097467 0.8242593 0.80120784 0.8251602 0.83240664 0.811759 0.8203678 1.0160967 1.0389212 0.8150128 0.80587894 0.81590265 1.0266355 1.0413225 0.82546073 0.8266641 1.0258498 1.0365276 0.82395923 0.8161995 0.82877463 0.8200693 0.83180004 0.26936567 0 0.80587894 0.812645 0.8203678 0.33753312
0.99885464 0.79598737 0.23384447 0.22731678 0.68298006 0.66335183 0.47785875 0.4558696 0.99056727 1.0053219 0.66602045 0.6522939 0.66480625 0.99961257 1.0087683 0.4921776 0.4919849 0.99658537 1.0045581 0.45826077 0.45312 0.4623248 0.49623638 0.46659726 0.7968549 0.80587894 0 0.45111 0.45257127 0.80120784
0.9901927 0.79310274 0.44674316 0.44096002 0.6713863 0.6580429 0.48013148 0.40356198 0.9898184 1.0015109 0.6542054 0.6332101 0.6643211 0.98757625 0.9950763 0.49643022 0.4983712 0.99281836 1.0091523 0.4028772 0.40476185 0.40562007 0.491022 0.41113606 0.79223955 0.812645 0.45111 0 0.21709608 0.7980132
1.0034139 0.8014989 0.44965157 0.44240162 0.67261124 0.6672366 0.48070073 0.40768382 1.0195932 1.0157093 0.6602102 0.6409265 0.6580429 0.99961257 1.0122308 0.49507448 0.5003172 1.0053219 1.0223241 0.40150952 0.40665123 0.40630734 0.49333504 0.414083 0.8014989 0.8203678 0.45257127 0.21709608 0 0.8088132
1.0176488 0.21469565 0.81442016 0.80587894 0.81709075 0.8200693 0.8020814 0.806758 0.99545324 1.0030329 0.81323624 0.79888314 0.81323624 1.0122308 1.0137748 0.8096957 0.8191745 0.99131685 1.005704 0.81323624 0.80851924 0.80529344 0.8161995 0.80910724 0.32771683 0.33753312 0.80120784 0.7980132 0.8088132 0
