0 0.960130461 0.827830391 0.832358421 0.826026741 0.978299891 0.666273541 0.660472691 0.977564641 0.836305021 0.836913991 0.973898951 0.844261051 0.818855351 0.824227451 0.823329451 0.826627491 0.961927691 0.962287691 0.968070891 0.966983091 0.980510191 0.842110691 0.982726931 0.856668241 0.839355051 0.823927991 0.838133591 0.829336691 0.958695691
0.960130461 0 0.981617691 0.984208391 0.993909991 0.306616851 0.996920531 1.001079861 0.684944691 1.011003691 1.017176591 0.700274391 1.011387991 0.966983091 0.959771491 0.976463021 0.990537531 0.676780351 0.674078531 0.308270991 0.309174791 0.965896891 0.978299891 0.965535231 0.995790191 0.980141341 1.007936191 0.994661491 1.031648891 0.344984061
0.827830391 0.981617691 0 0.234765621 0.708186691 0.991659991 0.846417551 0.834480941 0.986064391 0.730848591 0.738824551 0.991659991 0.738557341 0.696728291 0.695718231 0.713077731 0.712819491 0.981987241 0.984950251 1.001838591 1.004881191 1.000700831 0.724266191 1.002978191 0.544275191 0.726629191 0.742038851 0.728472241 0.735091891 0.982726931
0.832358421 0.984208391 0.234765621 0 0.706904831 0.979404191 0.826327031 0.821238221 0.976830091 0.716961741 0.726629191 1.000321931 0.725840691 0.698499291 0.696981091 0.703582291 0.703582291 0.976463021 0.978299891 0.968070891 0.966620891 0.994285651 0.716702191 0.996166791 0.542627291 0.727681791 0.729791521 0.732967261 0.730319861 0.971708121
0.826026741 0.993909991 0.708186691 0.706904831 0 0.984208391 0.833570541 0.835088491 0.987552491 0.506279651 0.515351541 1.006407191 0.512974391 0.424812921 0.423056491 0.211914381 0.213637461 0.972437691 0.968796891 0.980510191 0.986064391 0.979404191 0.667001851 0.981617691 0.717740961 0.432235211 0.679738891 0.671142091 0.511788591 0.988297641
0.978299891 0.306616851 0.991659991 0.979404191 0.984208391 0 1.001459121 0.989790141 0.701036461 0.992784141 0.999186391 0.711529731 0.993909991 0.950853491 0.946962841 0.970251091 0.969160141 0.690437391 0.690687991 0.140010631 0.141094001 0.974630661 0.968433791 0.974630661 0.997297691 0.979035991 0.990911491 0.983837731 1.000321931 0.335401791
0.666273541 0.996920531 0.846417551 0.826327031 0.833570541 1.001459121 0 0.103733101 1.018727691 0.838744051 0.849818891 1.001079861 0.834480941 0.821536591 0.820343791 0.835088491 0.837523521 1.003358291 0.998052661 1.006407191 1.001838591 1.022229691 0.847961731 1.023791391 0.851370091 0.843646051 0.847343631 0.836913991 0.852613331 1.004881191
0.660472691 1.001079861 0.834480941 0.821238221 0.835088491 0.989790141 0.103733101 0 1.011387991 0.842417541 0.853235791 1.009851891 0.839355051 0.821238221 0.817073191 0.836609491 0.837523521 1.001838591 0.996166791 1.006025391 0.999943261 1.010619591 0.841191061 1.012157291 0.839966541 0.839355051 0.842417541 0.827228691 0.855106061 1.002598091
0.977564641 0.684944691 0.986064391 0.976830091 0.987552491 0.701036461 1.018727691 1.011387991 0 0.993909991 0.993159241 0.598350691 0.995413791 0.970979191 0.969160141 0.993159241 0.984950251 0.104191681 0.104535801 0.701290691 0.699766791 0.980141341 0.984950251 0.981248321 1.007553591 0.965173691 1.000700831 0.997675091 1.005643791 0.700782391
0.836305021 1.011003691 0.730848591 0.716961741 0.506279651 0.992784141 0.838744051 0.842417541 0.993909991 0 0.084721831 1.003358291 0.084275001 0.512974391 0.514756591 0.516741691 0.516741691 1.002218291 0.995413791 1.003358291 1.001838591 1.005262391 0.685193491 1.006789191 0.738290191 0.527150191 0.693953791 0.695465921 0.342774011 1.006789191
0.836913991 1.017176591 0.738824551 0.726629191 0.515351541 0.999186391 0.849818891 0.853235791 0.993159241 0.084721831 0 1.017176591 0.068910821 0.516940541 0.519529821 0.526747231 0.526545791 1.001079861 0.996166791 1.008318991 1.004500191 1.020282191 0.691691341 1.021060491 0.750678241 0.530989651 0.697739791 0.697233861 0.346725111 1.004881191
0.973898951 0.700274391 0.991659991 1.000321931 1.006407191 0.711529731 1.001079861 1.009851891 0.598350691 1.003358291 1.017176591 0 1.007936191 0.994285651 0.989790141 1.002218291 0.999943261 0.595916751 0.593931141 0.713077731 0.713594441 1.005262391 0.991285691 1.006789191 1.018339691 0.992784141 0.980141341 0.997297691 1.016402191 0.701799341
0.844261051 1.011387991 0.738557341 0.725840691 0.512974391 0.993909991 0.834480941 0.839355051 0.995413791 0.084275001 0.068910821 1.007936191 0 0.521927891 0.523530891 0.523932221 0.523731531 0.998808331 0.994661491 1.005262391 1.002978191 1.013698091 0.689685991 1.014855791 0.750135391 0.530787051 0.695970591 0.697486791 0.348629061 1.003738791
0.818855351 0.966983091 0.696728291 0.698499291 0.424812921 0.950853491 0.821536591 0.821238221 0.970979191 0.512974391 0.516940541 0.994285651 0.521927891 0 0.053640637 0.427984931 0.426749771 0.963368661 0.967708091 0.962647791 0.964090091 0.991659991 0.683701931 0.993159241 0.727418491 0.398209491 0.693953791 0.676780351 0.519729391 0.977564641
0.824227451 0.959771491 0.695718231 0.696981091 0.423056491 0.946962841 0.820343791 0.817073191 0.969160141 0.514756591 0.519529821 0.989790141 0.523530891 0.053640637 0 0.424988791 0.423056491 0.963008191 0.964451141 0.961567941 0.962647791 0.984208391 0.678751391 0.985692791 0.723218291 0.396683551 0.685691291 0.671386391 0.523932221 0.968433791
0.823329451 0.976463021 0.713077731 0.703582291 0.211914381 0.970251091 0.835088491 0.836609491 0.993159241 0.516741691 0.526747231 1.002218291 0.523932221 0.427984931 0.424988791 0 0.051499616 0.985692791 0.983096991 0.974996751 0.978667861 0.992784141 0.688185491 0.995037561 0.735890191 0.436867061 0.691440391 0.679738891 0.516542991 0.977564641
0.826627491 0.990537531 0.712819491 0.703582291 0.213637461 0.969160141 0.837523521 0.837523521 0.984950251 0.516741691 0.526545791 0.999943261 0.523731531 0.426749771 0.423056491 0.051499616 0 0.980141341 0.978667861 0.975363091 0.979772691 1.002218291 0.684944691 1.004500191 0.730584191 0.439911131 0.687686031 0.676534291 0.517338291 0.986436131
0.961927691 0.676780351 0.981987241 0.976463021 0.972437691 0.690437391 1.003358291 1.001838591 0.104191681 1.002218291 1.001079861 0.595916751 0.998808331 0.963368661 0.963008191 0.985692791 0.980141341 0 0.035738509 0.691691341 0.690938691 0.977564641 0.984208391 0.979035991 1.000700831 0.976463021 0.993534591 0.983467291 1.014083791 0.693198921
0.962287691 0.674078531 0.984950251 0.978299891 0.968796891 0.690687991 0.998052661 0.996166791 0.104535801 0.995413791 0.996166791 0.593931141 0.994661491 0.967708091 0.964451141 0.983096991 0.978667861 0.035738509 0 0.689185491 0.689185491 0.974264691 0.978299891 0.975363091 1.001459121 0.971708121 0.984208391 0.981248321 1.008701891 0.691942391
0.968070891 0.308270991 1.001838591 0.968070891 0.980510191 0.140010631 1.006407191 1.006025391 0.701290691 1.003358291 1.008318991 0.713077731 1.005262391 0.962647791 0.961567941 0.974996751 0.975363091 0.691691341 0.689185491 0 0.013056369 0.990163751 0.967708091 0.991285691 0.997675091 0.980879131 0.989416721 1.000321931 1.006407191 0.335714011
0.966983091 0.309174791 1.004881191 0.966620891 0.986064391 0.141094001 1.001838591 0.999943261 0.699766791 1.001838591 1.004500191 0.713594441 1.002978191 0.964090091 0.962647791 0.978667861 0.979772691 0.690938691 0.689185491 0.013056369 0 0.989416721 0.969160141 0.990537531 1.003358291 0.985321391 0.990911491 1.002598091 1.006789191 0.335714011
0.980510191 0.965896891 1.000700831 0.994285651 0.979404191 0.974630661 1.022229691 1.010619591 0.980141341 1.005262391 1.020282191 1.005262391 1.013698091 0.991659991 0.984208391 0.992784141 1.002218291 0.977564641 0.974264691 0.990163751 0.989416721 0 0.996920531 0.00306899999999998 1.003738791 1.001079861 1.008318991 0.999564691 1.017176591 0.980141341
0.842110691 0.978299891 0.724266191 0.716702191 0.667001851 0.968433791 0.847961731 0.841191061 0.984950251 0.685193491 0.691691341 0.991285691 0.689685991 0.683701931 0.678751391 0.688185491 0.684944691 0.984208391 0.978299891 0.967708091 0.969160141 0.996920531 0 0.998430391 0.721649231 0.696475691 0.552777951 0.541804691 0.691440391 0.980879131
0.982726931 0.965535231 1.002978191 0.996166791 0.981617691 0.974630661 1.023791391 1.012157291 0.981248321 1.006789191 1.021060491 1.006789191 1.014855791 0.993159241 0.985692791 0.995037561 1.004500191 0.979035991 0.975363091 0.991285691 0.990537531 0.00306899999999998 0.998430391 0 1.004500191 1.001838591 1.011387991 1.001459121 1.019116091 0.980141341
0.856668241 0.995790191 0.544275191 0.542627291 0.717740961 0.997297691 0.851370091 0.839966541 1.007553591 0.738290191 0.750678241 1.018339691 0.750135391 0.727418491 0.723218291 0.735890191 0.730584191 1.000700831 1.001459121 0.997675091 1.003358291 1.003738791 0.721649231 1.004500191 0 0.742844591 0.734028791 0.743113341 0.740697921 0.996166791
0.839355051 0.980141341 0.726629191 0.727681791 0.432235211 0.979035991 0.843646051 0.839355051 0.965173691 0.527150191 0.530989651 0.992784141 0.530787051 0.398209491 0.396683551 0.436867061 0.439911131 0.976463021 0.971708121 0.980879131 0.985321391 1.001079861 0.696475691 1.001838591 0.742844591 0 0.698752591 0.681717791 0.534848791 0.990911491
0.823927991 1.007936191 0.742038851 0.729791521 0.679738891 0.990911491 0.847343631 0.842417541 1.000700831 0.693953791 0.697739791 0.980141341 0.695970591 0.693953791 0.685691291 0.691440391 0.687686031 0.993534591 0.984208391 0.989416721 0.990911491 1.008318991 0.552777951 1.011387991 0.734028791 0.698752591 0 0.362255611 0.706904831 0.988670491
0.838133591 0.994661491 0.728472241 0.732967261 0.671142091 0.983837731 0.836913991 0.827228691 0.997675091 0.695465921 0.697233861 0.997297691 0.697486791 0.676780351 0.671386391 0.679738891 0.676534291 0.983467291 0.981248321 1.000321931 1.002598091 0.999564691 0.541804691 1.001459121 0.743113341 0.681717791 0.362255611 0 0.706904831 1.001459121
0.829336691 1.031648891 0.735091891 0.730319861 0.511788591 1.000321931 0.852613331 0.855106061 1.005643791 0.342774011 0.346725111 1.016402191 0.348629061 0.519729391 0.523932221 0.516542991 0.517338291 1.014083791 1.008701891 1.006407191 1.006789191 1.017176591 0.691440391 1.019116091 0.740697921 0.534848791 0.706904831 0.706904831 0 1.002218291
0.958695691 0.344984061 0.982726931 0.971708121 0.988297641 0.335401791 1.004881191 1.002598091 0.700782391 1.006789191 1.004881191 0.701799341 1.003738791 0.977564641 0.968433791 0.977564641 0.986436131 0.693198921 0.691942391 0.335714011 0.335714011 0.980141341 0.980879131 0.980141341 0.996166791 0.990911491 0.988670491 1.001459121 1.002218291 0
