0 1.0099207 1.0083846 0.6960195 0.7013504 0.78394586 0.7842303 0.68198633 0.69198316 0.7862246 0.7936788 0.76540554 0.9894442 0.9860852 0.6998234 0.695261 0.69576657 0.76485085 0.76651627 0.77884376 0.7825251 0.7796917 1.025065 0.7799746 1.0176488 0.7695792 0.7890828 1.0227151 1.0091523 1.0064689
1.0099207 0 0.46010533 1.0211525 1.0130024 1.018426 1.0068517 0.99545324 0.98757625 1.0195932 1.0286036 0.9738958 0.4566045 0.46436512 1.0034139 0.9958304 0.99885464 1.0076177 1.0126165 1.0118452 1.0099207 1.0195932 0.84310144 1.0160967 0.847732 1.0087683 1.0180373 0.8599071 0.85363877 0.31284967
1.0083846 0.46010533 0 1.030972 1.0219333 1.0037951 1.0188149 1.015322 1.0293922 1.0176488 1.0227151 0.9779369 0.24526776 0.24762909 1.0274222 1.019204 1.0262426 1.0238891 1.025065 0.99999183 1.0072346 1.0223241 0.83331734 1.0160967 0.8505242 1.0164845 1.0349361 0.84125715 0.8486616 0.46436512
0.6960195 1.0211525 1.030972 0 0.2288077 0.78650993 0.7779968 0.35755974 0.35981828 0.799754 0.80617183 0.7743376 1.0266355 1.0211525 0.3650064 0.3601415 0.36419335 0.7681854 0.761255 0.7916646 0.79339075 0.78650993 1.0199828 0.78736657 1.0172604 0.79425526 0.8038317 1.0505993 1.0282096 1.0188149
0.7013504 1.0130024 1.0219333 0.2288077 0 0.79425526 0.7867954 0.37072223 0.36712432 0.8079317 0.8150128 0.7876524 1.0141612 1.0080011 0.3751616 0.36745068 0.3712142 0.77041674 0.76346576 0.793967 0.7968549 0.791952 1.0072346 0.7956984 1.0118452 0.8003352 0.8088132 1.0421246 1.0188149 1.0072346
0.78394586 1.018426 1.0037951 0.78650993 0.79425526 0 0.1997993 0.78736657 0.7830931 0.72858834 0.73495555 0.67654437 1.002652 1.0080011 0.7916646 0.78708094 0.791952 0.71006244 0.70697606 0.7152349 0.7170537 0.7139384 1.0361294 0.71445674 1.0266355 0.71783453 0.7336246 1.0461482 1.0133885 0.9962078
0.7842303 1.0068517 1.0188149 0.7779968 0.7867954 0.1997993 0 0.7791263 0.78337723 0.72832423 0.73522204 0.6686986 1.0080011 1.0103053 0.78879654 0.7847996 0.7847996 0.70364666 0.7013504 0.70954716 0.7085177 0.71032023 1.032159 0.7098048 1.0301816 0.7173139 0.72148925 1.0469556 1.0282096 0.99281836
0.68198633 0.99545324 1.015322 0.35755974 0.37072223 0.78736657 0.7791263 0 0.15754712 0.80353975 0.8076381 0.7853693 1.0087683 1.01069 0.15940003 0.15865831 0.15791732 0.7701374 0.76429653 0.7853693 0.78650993 0.7763057 0.97426224 0.778279 1.0053219 0.78708094 0.8003352 1.0188149 1.0130024 1.0030329
0.69198316 0.98757625 1.0293922 0.35981828 0.36712432 0.7830931 0.78337723 0.15754712 0 0.8014989 0.80851924 0.7802575 1.0188149 1.0160967 0.14737621 0.14628159 0.1457956 0.7640195 0.7598766 0.78110707 0.7830931 0.77153486 0.990942 0.7734957 1.0011308 0.78708094 0.80587894 1.0341415 1.0274222 1.005704
0.7862246 1.0195932 1.0176488 0.799754 0.8079317 0.72858834 0.72832423 0.80353975 0.8014989 0 0.10226581 0.71887696 1.01069 0.9939465 0.8164965 0.8150128 0.81679356 0.31087938 0.31087938 0.5874133 0.58916616 0.20267637 1.0195932 0.20136724 1.0270288 0.57482624 0.5694652 1.0365276 1.0207624 1.0053219
0.7936788 1.0286036 1.0227151 0.80617183 0.8150128 0.73495555 0.73522204 0.8076381 0.80851924 0.10226581 0 0.7243734 1.0199828 1.01069 0.81294054 0.8161995 0.81679356 0.31482518 0.31558636 0.58938557 0.5904835 0.206881 1.0278157 0.20530151 1.0262426 0.5763342 0.56711847 1.0385218 1.0289978 1.019204
0.76540554 0.9738958 0.9779369 0.7743376 0.7876524 0.67654437 0.6686986 0.7853693 0.7802575 0.71887696 0.7243734 0 0.97426224 0.97941184 0.778279 0.77884376 0.776869 0.69753873 0.6965256 0.6965256 0.6945033 0.71083605 1.015322 0.70928967 1.0164845 0.71627367 0.70595 1.0234975 1.0215429 0.9669665
0.9894442 0.4566045 0.24526776 1.0266355 1.0141612 1.002652 1.0080011 1.0087683 1.0188149 1.01069 1.0199828 0.97426224 0 0.089876354 1.0157093 1.0103053 1.015322 1.0095364 1.0137748 0.99999183 1.001891 1.0118452 0.82877463 1.0076177 0.82907665 1.0133885 1.0137748 0.8263631 0.82907665 0.46251008
0.9860852 0.46436512 0.24762909 1.0211525 1.0080011 1.0080011 1.0103053 1.01069 1.0160967 0.9939465 1.01069 0.97941184 0.089876354 0 1.0126165 1.0011308 1.0099207 0.99847597 1.0045581 1.0034139 1.0099207 1.0034139 0.8251602 1.001891 0.83483773 0.99545324 1.0087683 0.829681 0.82485974 0.4656664
0.6998234 1.0034139 1.0274222 0.3650064 0.3751616 0.7916646 0.78879654 0.15940003 0.14737621 0.8164965 0.81294054 0.778279 1.0157093 1.0126165 0 0.0815803 0.080466226 0.7659607 0.76042765 0.78994244 0.79252714 0.7890828 0.98683035 0.790803 1.0087683 0.8038317 0.8150128 1.0266355 1.0234975 1.001891
0.695261 0.9958304 1.019204 0.3601415 0.36745068 0.78708094 0.7847996 0.15865831 0.14628159 0.8150128 0.8161995 0.77884376 1.0103053 1.0011308 0.0815803 0 0.045981143 0.76790696 0.76346576 0.7867954 0.790803 0.7885103 0.9783054 0.7902292 1.0099207 0.79656565 0.81234956 1.0361294 1.0317632 0.99923354
0.69576657 0.99885464 1.0262426 0.36419335 0.3712142 0.791952 0.7847996 0.15791732 0.1457956 0.81679356 0.81679356 0.776869 1.015322 1.0099207 0.080466226 0.045981143 0 0.76985824 0.7659607 0.7853693 0.7896558 0.7902292 0.9857129 0.7896558 1.0037951 0.7956984 0.80617183 1.0413225 1.0238891 0.99885464
0.76485085 1.0076177 1.0238891 0.7681854 0.77041674 0.71006244 0.70364666 0.7701374 0.7640195 0.31087938 0.31482518 0.69753873 1.0095364 0.99847597 0.7659607 0.76790696 0.76985824 0 0.03291167 0.5575939 0.5628704 0.2993141 1.0164845 0.29827154 1.0262426 0.55277205 0.5584356 1.0258498 1.015322 0.99885464
0.76651627 1.0126165 1.025065 0.761255 0.76346576 0.70697606 0.7013504 0.76429653 0.7598766 0.31087938 0.31558636 0.6965256 1.0137748 1.0045581 0.76042765 0.76346576 0.7659607 0.03291167 0 0.5571734 0.56117785 0.2988671 1.018426 0.2975277 1.0349361 0.55402696 0.5592783 1.0219333 1.01146 0.99847597
0.77884376 1.0118452 0.99999183 0.7916646 0.793967 0.7152349 0.70954716 0.7853693 0.78110707 0.5874133 0.58938557 0.6965256 0.99999183 1.0034139 0.78994244 0.7867954 0.7853693 0.5575939 0.5571734 0 0.029679582 0.5616006 1.014548 0.56456673 1.0030329 0.46029004 0.46251008 0.99545324 1.0049399 1.0087683
0.7825251 1.0099207 1.0072346 0.79339075 0.7968549 0.7170537 0.7085177 0.78650993 0.7830931 0.58916616 0.5904835 0.6945033 1.001891 1.0099207 0.79252714 0.790803 0.7896558 0.5628704 0.56117785 0.029679582 0 0.56456673 1.0137748 0.56584156 1.0068517 0.4656664 0.46510842 0.99923354 1.0068517 1.0137748
0.7796917 1.0195932 1.0223241 0.78650993 0.791952 0.7139384 0.71032023 0.7763057 0.77153486 0.20267637 0.206881 0.71083605 1.0118452 1.0034139 0.7890828 0.7885103 0.7902292 0.2993141 0.2988671 0.5616006 0.56456673 0 1.0234975 0.01535614 1.0278157 0.56393015 0.55885684 1.0361294 1.0180373 1.0160967
1.025065 0.84310144 0.83331734 1.0199828 1.0072346 1.0361294 1.032159 0.97426224 0.990942 1.0195932 1.0278157 1.015322 0.82877463 0.8251602 0.98683035 0.9783054 0.9857129 1.0164845 1.018426 1.014548 1.0137748 1.0234975 0 1.025065 0.662142 1.0188149 1.0215429 0.8147164 0.81768554 0.85613984
0.7799746 1.0160967 1.0160967 0.78736657 0.7956984 0.71445674 0.7098048 0.778279 0.7734957 0.20136724 0.20530151 0.70928967 1.0076177 1.001891 0.790803 0.7902292 0.7896558 0.29827154 0.2975277 0.56456673 0.56584156 0.01535614 1.025065 0 1.0286036 0.56626695 0.5597 1.030972 1.015322 1.015322
1.0176488 0.847732 0.8505242 1.0172604 1.0118452 1.0266355 1.0301816 1.0053219 1.0011308 1.0270288 1.0262426 1.0164845 0.82907665 0.83483773 1.0087683 1.0099207 1.0037951 1.0262426 1.0349361 1.0030329 1.0068517 1.0278157 0.662142 1.0286036 0 1.0060863 1.025065 0.83331734 0.84033674 0.83605623
0.7695792 1.0087683 1.0164845 0.79425526 0.8003352 0.71783453 0.7173139 0.78708094 0.78708094 0.57482624 0.5763342 0.71627367 1.0133885 0.99545324 0.8038317 0.79656565 0.7956984 0.55277205 0.55402696 0.46029004 0.4656664 0.56393015 1.0188149 0.56626695 1.0060863 0 0.43325844 1.025065 0.9958304 1.0045581
0.7890828 1.0180373 1.0349361 0.8038317 0.8088132 0.7336246 0.72148925 0.8003352 0.80587894 0.5694652 0.56711847 0.70595 1.0137748 1.0087683 0.8150128 0.81234956 0.80617183 0.5584356 0.5592783 0.46251008 0.46510842 0.55885684 1.0215429 0.5597 1.025065 0.43325844 0 1.0389212 1.025065 1.005704
1.0227151 0.8599071 0.84125715 1.0505993 1.0421246 1.0461482 1.0469556 1.0188149 1.0341415 1.0365276 1.0385218 1.0234975 0.8263631 0.829681 1.0266355 1.0361294 1.0413225 1.0258498 1.0219333 0.99545324 0.99923354 1.0361294 0.8147164 1.030972 0.83331734 1.025065 1.0389212 0 0.31986335 0.8339251
1.0091523 0.85363877 0.8486616 1.0282096 1.0188149 1.0133885 1.0282096 1.0130024 1.0274222 1.0207624 1.0289978 1.0215429 0.82907665 0.82485974 1.0234975 1.0317632 1.0238891 1.015322 1.01146 1.0049399 1.0068517 1.0180373 0.81768554 1.015322 0.84033674 0.9958304 1.025065 0.31986335 0 0.84433347
1.0064689 0.31284967 0.46436512 1.0188149 1.0072346 0.9962078 0.99281836 1.0030329 1.005704 1.0053219 1.019204 0.9669665 0.46251008 0.4656664 1.001891 0.99923354 0.99885464 0.99885464 0.99847597 1.0087683 1.0137748 1.0160967 0.85613984 1.015322 0.83605623 1.0045581 1.005704 0.8339251 0.84433347 0
