0 0.9790429 1.0176488 0.9746289 1.005704 1.0087683 1.005704 1.0072346 0.9808897 0.982 0.9779369 0.9801504 1.000751 1.002652 1.019204 1.0126165 0.9894442 0.98051995 0.9816297 0.9790429 0.9775687 0.9838541 1.0188149 0.9845971 0.99357027 0.9872032 0.96479154 0.9727974 0.98237044 1.0030329
0.9790429 0 0.946908 0.9476152 0.9458484 0.9568702 0.9476152 0.48241112 0.93777436 0.9301319 0.9335961 0.9518725 0.47766966 0.47766966 0.9662408 0.96769285 0.29530063 0.9391723 0.931862 0.29308018 0.2938196 0.932902 0.43504247 0.932902 0.43343666 0.44024023 0.9123715 0.9339434 0.55675304 0.568611
1.0176488 0.946908 0 0.91203403 0.27309844 0.27800795 0.27338633 0.9709704 0.8979962 0.8963424 0.9019803 0.8621135 0.95472425 0.95615417 0.27482754 0.2741066 0.9575869 0.90031767 0.9019803 0.94267863 0.94867724 0.9053166 0.9673296 0.9059856 0.95615417 0.96406794 0.82546073 0.83210325 0.944438 0.9565121
0.9746289 0.9476152 0.91203403 0 0.90231323 0.89601207 0.8920595 0.95258445 0.24291384 0.23685543 0.23905283 0.9019803 0.9395222 0.94903165 0.9046481 0.9006499 0.9374253 0.24139464 0.24471323 0.931862 0.9360306 0.24568392 0.9583042 0.24568392 0.94373375 0.9405729 0.8790327 0.8832416 0.9395222 0.9493862
1.005704 0.9458484 0.27309844 0.90231323 0 0.26408544 0.26209718 0.97170067 0.8999856 0.8881276 0.895022 0.85363877 0.9590223 0.9615409 0.23288897 0.22962219 0.94903165 0.89667284 0.8943626 0.936379 0.9391723 0.89469224 0.9666036 0.895022 0.9691478 0.9626228 0.83422923 0.83301365 0.9476152 0.9458484
1.0087683 0.9568702 0.27800795 0.89601207 0.26408544 0 0.14059103 0.97720057 0.8904187 0.890091 0.88780093 0.85114604 0.9709704 0.9713354 0.2609634 0.2589834 0.95794547 0.90164745 0.8979962 0.9472615 0.9504507 0.9029796 0.9673296 0.90264636 0.9680563 0.9637064 0.84125715 0.8266641 0.95080596 0.9583042
1.005704 0.9476152 0.27338633 0.8920595 0.26209718 0.14059103 0 0.9637064 0.8907466 0.8907466 0.8904187 0.85270303 0.9590223 0.9637064 0.25447717 0.25363526 0.94867724 0.90098226 0.8983274 0.9374253 0.93987226 0.9043141 0.96769285 0.9019803 0.9608204 0.9590223 0.83697146 0.8272665 0.944438 0.936379
1.0072346 0.48241112 0.9709704 0.95258445 0.97170067 0.97720057 0.9637064 0 0.9391723 0.946908 0.9391723 0.9479691 0.13386668 0.13147967 0.9658782 0.97573 0.472958 0.93812364 0.9402225 0.47220686 0.47370988 0.94232726 0.47559288 0.9402225 0.47729164 0.4731459 0.9036466 0.93082345 0.55402696 0.5669055
0.9808897 0.93777436 0.8979962 0.24291384 0.8999856 0.8904187 0.8907466 0.9391723 0 0.11813391 0.11895377 0.8943626 0.93151563 0.9395222 0.8920595 0.88910866 0.93568236 0.1488382 0.15201566 0.9304776 0.93812364 0.15140356 0.9522284 0.15103655 0.9346385 0.9500957 0.86877173 0.87806475 0.9335961 0.93324894
0.982 0.9301319 0.8963424 0.23685543 0.8881276 0.890091 0.8907466 0.946908 0.11813391 0 0.06471328 0.8940332 0.93987226 0.9433819 0.8884545 0.8920595 0.9266836 0.14616007 0.14920415 0.91949344 0.9270277 0.14774145 0.9322085 0.14786322 0.9253087 0.9388226 0.86972773 0.87806475 0.92840576 0.92017525
0.9779369 0.9335961 0.9019803 0.23905283 0.895022 0.88780093 0.8904187 0.9391723 0.11895377 0.06471328 0 0.890091 0.93568236 0.94514287 0.88780093 0.88780093 0.9266836 0.14506721 0.14761968 0.91711193 0.9256522 0.14822869 0.94267863 0.14810686 0.92085767 0.94373375 0.8599071 0.8729233 0.9256522 0.9205164
0.9801504 0.9518725 0.8621135 0.9019803 0.85363877 0.85114604 0.85270303 0.9479691 0.8943626 0.8940332 0.890091 0 0.95866317 0.9575869 0.8694089 0.8662283 0.9304776 0.8914027 0.89304566 0.91949344 0.9232511 0.88454145 0.953297 0.88291705 0.9395222 0.9402225 0.67040783 0.6760516 0.93568236 0.9335961
1.000751 0.47766966 0.95472425 0.9395222 0.9590223 0.9709704 0.9590223 0.13386668 0.93151563 0.93987226 0.93568236 0.95866317 0 0.05389058 0.96226203 0.9666036 0.46455088 0.9430302 0.94232726 0.4621396 0.4630661 0.9402225 0.47014514 0.93672764 0.46790242 0.46380812 0.91949344 0.94127417 0.5569632 0.56393015
1.002652 0.47766966 0.95615417 0.94903165 0.9615409 0.9713354 0.9637064 0.13147967 0.9395222 0.9433819 0.94514287 0.9575869 0.05389058 0 0.9687838 0.97499573 0.46883607 0.946908 0.9479691 0.4660386 0.4662248 0.9472615 0.47070688 0.94479036 0.47014514 0.46380812 0.91949344 0.93847305 0.5542363 0.57010657
1.019204 0.9662408 0.27482754 0.9046481 0.23288897 0.2609634 0.25447717 0.9658782 0.8920595 0.8884545 0.88780093 0.8694089 0.96226203 0.9687838 0 0.045662243 0.9540103 0.9013148 0.89667284 0.93847305 0.9440858 0.89865875 0.98757625 0.8973342 0.98051995 0.96190137 0.8446418 0.84525883 0.953297 0.959741
1.0126165 0.96769285 0.2741066 0.9006499 0.22962219 0.2589834 0.25363526 0.97573 0.88910866 0.8920595 0.88780093 0.8662283 0.9666036 0.97499573 0.045662243 0 0.9698763 0.90031767 0.8983274 0.9540103 0.9604604 0.895022 0.9943229 0.895022 0.9857129 0.97243166 0.8437172 0.84495026 0.9593815 0.95866317
0.9894442 0.29530063 0.9575869 0.9374253 0.94903165 0.95794547 0.94867724 0.472958 0.93568236 0.9266836 0.9266836 0.9304776 0.46455088 0.46883607 0.9540103 0.9698763 0 0.92840576 0.9259958 0.038680527 0.03889114 0.92017525 0.42651764 0.92085767 0.43397155 0.43254602 0.91949344 0.94479036 0.54425275 0.56054413
0.98051995 0.9391723 0.90031767 0.24139464 0.89667284 0.90164745 0.90098226 0.93812364 0.1488382 0.14616007 0.14506721 0.8914027 0.9430302 0.946908 0.9013148 0.90031767 0.92840576 0 0.026668571 0.9225665 0.9301319 0.10801826 0.9493862 0.10790278 0.93082345 0.93777436 0.86654574 0.87484723 0.927372 0.92119914
0.9816297 0.931862 0.9019803 0.24471323 0.8943626 0.8979962 0.8983274 0.9402225 0.15201566 0.14920415 0.14761968 0.89304566 0.94232726 0.9479691 0.89667284 0.8983274 0.9259958 0.026668571 0 0.91949344 0.9259958 0.10975263 0.9522284 0.10963688 0.93568236 0.94162506 0.870685 0.8754896 0.9301319 0.9249654
0.9790429 0.29308018 0.94267863 0.931862 0.936379 0.9472615 0.9374253 0.47220686 0.9304776 0.91949344 0.91711193 0.91949344 0.4621396 0.4660386 0.93847305 0.9540103 0.038680527 0.9225665 0.91949344 0 0.01484597 0.9160936 0.42334563 0.9160936 0.43201217 0.4297031 0.9036466 0.93082345 0.5444594 0.56012195
0.9775687 0.2938196 0.94867724 0.9360306 0.9391723 0.9504507 0.93987226 0.47370988 0.93812364 0.9270277 0.9256522 0.9232511 0.4630661 0.4662248 0.9440858 0.9604604 0.03889114 0.9301319 0.9259958 0.01484597 0 0.9218825 0.4231698 0.9225665 0.43005788 0.43041283 0.908332 0.93255514 0.54652894 0.5597
0.9838541 0.932902 0.9053166 0.24568392 0.89469224 0.9029796 0.9043141 0.94232726 0.15140356 0.14774145 0.14822869 0.88454145 0.9402225 0.9472615 0.89865875 0.895022 0.92017525 0.10801826 0.10975263 0.9160936 0.9218825 0 0.9433819 0.008649687 0.93812364 0.936379 0.86718106 0.8803252 0.9287507 0.9256522
1.0188149 0.43504247 0.9673296 0.9583042 0.9666036 0.9673296 0.96769285 0.47559288 0.9522284 0.9322085 0.94267863 0.953297 0.47014514 0.47070688 0.98757625 0.9943229 0.42651764 0.9493862 0.9522284 0.42334563 0.4231698 0.9433819 0 0.9472615 0.4418607 0.44946945 0.91915274 0.93812364 0.5529811 0.55906755
0.9845971 0.932902 0.9059856 0.24568392 0.895022 0.90264636 0.9019803 0.9402225 0.15103655 0.14786322 0.14810686 0.88291705 0.93672764 0.94479036 0.8973342 0.895022 0.92085767 0.10790278 0.10963688 0.9160936 0.9225665 0.008649687 0.9472615 0 0.9353342 0.9374253 0.8662283 0.8774201 0.929441 0.92771643
0.99357027 0.43343666 0.95615417 0.94373375 0.9691478 0.9680563 0.9608204 0.47729164 0.9346385 0.9253087 0.92085767 0.9395222 0.46790242 0.47014514 0.98051995 0.9857129 0.43397155 0.93082345 0.93568236 0.43201217 0.43005788 0.93812364 0.4418607 0.9353342 0 0.32942155 0.90799636 0.9188122 0.55006033 0.5582251
0.9872032 0.44024023 0.96406794 0.9405729 0.9626228 0.9637064 0.9590223 0.4731459 0.9500957 0.9388226 0.94373375 0.9402225 0.46380812 0.46380812 0.96190137 0.97243166 0.43254602 0.93777436 0.94162506 0.4297031 0.43041283 0.936379 0.44946945 0.9374253 0.32942155 0 0.9046481 0.9259958 0.5542363 0.57053435
0.96479154 0.9123715 0.82546073 0.8790327 0.83422923 0.84125715 0.83697146 0.9036466 0.86877173 0.86972773 0.8599071 0.67040783 0.91949344 0.91949344 0.8446418 0.8437172 0.91949344 0.86654574 0.870685 0.9036466 0.908332 0.86718106 0.91915274 0.8662283 0.90799636 0.9046481 0 0.31558636 0.9249654 0.94162506
0.9727974 0.9339434 0.83210325 0.8832416 0.83301365 0.8266641 0.8272665 0.93082345 0.87806475 0.87806475 0.8729233 0.6760516 0.94127417 0.93847305 0.84525883 0.84495026 0.94479036 0.87484723 0.8754896 0.93082345 0.93255514 0.8803252 0.93812364 0.8774201 0.9188122 0.9259958 0.31558636 0 0.9440858 0.95294064
0.98237044 0.55675304 0.944438 0.9395222 0.9476152 0.95080596 0.944438 0.55402696 0.9335961 0.92840576 0.9256522 0.93568236 0.5569632 0.5542363 0.953297 0.9593815 0.54425275 0.927372 0.9301319 0.5444594 0.54652894 0.9287507 0.5529811 0.929441 0.55006033 0.5542363 0.9249654 0.9440858 0 0.30080608
1.0030329 0.568611 0.9565121 0.9493862 0.9458484 0.9583042 0.936379 0.5669055 0.93324894 0.92017525 0.9205164 0.9335961 0.56393015 0.57010657 0.959741 0.95866317 0.56054413 0.92119914 0.9249654 0.56012195 0.5597 0.9256522 0.55906755 0.92771643 0.5582251 0.57053435 0.94162506 0.95294064 0.30080608 0
