0 1.0246727 0.99734104 1.0034139 1.0258498 1.025065 1.0345387 0.7105781 0.99923354 0.9969631 1.0393208 0.4752159 1.0301816 0.70033205 0.70109564 0.71601385 0.71316165 1.0072346 1.0080011 0.7031358 0.70697606 1.0176488 0.69779223 1.018426 0.69349426 1.0060863 0.7051815 0.70441365 1.0199828 0.6950084
1.0246727 0 0.7822413 0.78650993 0.33455908 0.23493797 0.23220722 1.0076177 0.79743385 0.79109013 0.32895625 1.0357314 0.33565342 1.0095364 1.01146 1.0567118 1.0473596 0.78793824 0.79109013 1.0437315 1.0421246 0.32124332 1.0157093 0.32231835 1.0381224 0.34320065 1.0068517 1.0501935 0.7853693 1.0365276
0.99734104 0.7822413 0 0.23357135 0.7486681 0.76485085 0.7620833 1.0157093 0.23329833 0.23166226 0.74921095 0.99545324 0.7502979 1.015322 1.0164845 1.018426 1.0064689 0.31300145 0.31421676 1.0049399 1.005704 0.7532952 0.98125964 0.75411475 0.99923354 0.7483968 1.0133885 1.0188149 0.3213968 0.98757625
1.0034139 0.78650993 0.23357135 0 0.7601521 0.76985824 0.7667942 1.0095364 0.19602357 0.19472599 0.750842 1.0037951 0.7532952 1.0060863 1.0095364 1.0118452 1.0110749 0.30785823 0.31057674 1.0022715 1.0060863 0.76374257 0.9827411 0.76374257 0.99961257 0.7601521 0.99847597 1.0227151 0.31925085 0.9920673
1.0258498 0.33455908 0.7486681 0.7601521 0 0.32508987 0.3281814 0.9980974 0.76651627 0.7574018 0.17476916 1.014548 0.17970881 1.0060863 1.01146 1.0449389 1.0317632 0.7579511 0.762636 1.0278157 1.0238891 0.3197102 1.0297868 0.3206297 1.0433295 0.33768997 0.9920673 1.033348 0.7667942 1.018426
1.025065 0.23493797 0.76485085 0.76985824 0.32508987 0 0.16785783 1.0091523 0.7836615 0.7709756 0.3177218 1.0341415 0.3197102 1.0091523 1.0141612 1.042526 1.0254573 0.76429653 0.76790696 1.0149349 1.01069 0.3116366 1.0133885 0.3117881 1.0254573 0.33315444 0.9958304 1.0361294 0.7673504 1.0130024
1.0345387 0.23220722 0.7620833 0.7667942 0.3281814 0.16785783 0 1.0083846 0.7802575 0.7729349 0.3213968 1.0385218 0.32447308 1.0022715 1.0141612 1.0469556 1.025065 0.76346576 0.7667942 1.030972 1.0274222 0.31118217 1.025065 0.3122429 1.0461482 0.3353406 0.99923354 1.0530384 0.7659607 1.0297868
0.7105781 1.0076177 1.0157093 1.0095364 0.9980974 1.0091523 1.0083846 0 1.0118452 1.0199828 1.0172604 0.7072328 1.0060863 0.12235993 0.12306659 0.7251619 0.7196597 1.0164845 1.0211525 0.55675304 0.5637181 1.0034139 0.6015522 1.0030329 0.6103006 1.0041765 0.32431898 0.5724627 1.0234975 0.5711766
0.99923354 0.79743385 0.23329833 0.19602357 0.76651627 0.7836615 0.7802575 1.0118452 0 0.114513814 0.7598766 0.99885464 0.76457363 1.0064689 1.0118452 1.015322 1.01069 0.31421676 0.31695846 0.99885464 1.0022715 0.7681854 0.99281836 0.7695792 0.99885464 0.76485085 1.0045581 1.0219333 0.3201698 0.9946995
0.9969631 0.79109013 0.23166226 0.19472599 0.7574018 0.7709756 0.7729349 1.0199828 0.114513814 0 0.7587757 0.99545324 0.756853 1.014548 1.0164845 1.0219333 1.0195932 0.31133363 0.3145209 1.014548 1.0176488 0.75960124 0.9939465 0.7590508 1.0030329 0.7629125 0.99847597 1.032159 0.32108986 1.0045581
1.0393208 0.32895625 0.74921095 0.750842 0.17476916 0.3177218 0.3213968 1.0172604 0.7598766 0.7587757 0 1.0207624 0.10651837 1.0199828 1.0258498 1.018426 1.0133885 0.74622995 0.7511142 1.0297868 1.0246727 0.31072804 1.0282096 0.3116366 1.042526 0.3305084 1.0080011 1.0361294 0.7631891 1.019204
0.4752159 1.0357314 0.99545324 1.0037951 1.014548 1.0341415 1.0385218 0.7072328 0.99885464 0.99545324 1.0207624 0 1.019204 0.7005865 0.70441365 0.71445674 0.71212715 0.99056727 0.9958304 0.7031358 0.71161044 1.0274222 0.69779223 1.025065 0.70415795 1.005704 0.7026252 0.70390224 0.99961257 0.69399863
1.0301816 0.33565342 0.7502979 0.7532952 0.17970881 0.3197102 0.32447308 1.0060863 0.76457363 0.756853 0.10651837 1.019204 0 1.0160967 1.0188149 1.019204 1.0080011 0.75603044 0.7593259 1.0227151 1.015322 0.31543407 1.0286036 0.31573868 1.0421246 0.33237523 1.0060863 1.033348 0.7687426 1.0188149
0.70033205 1.0095364 1.015322 1.0060863 1.0060863 1.0091523 1.0022715 0.12235993 1.0064689 1.014548 1.0199828 0.7005865 1.0160967 0 0.062644914 0.7149754 0.7098048 1.0126165 1.0172604 0.5618121 0.56818426 1.0130024 0.60512894 1.0118452 0.6091733 1.0053219 0.3226258 0.5767656 1.0199828 0.57289183
0.70109564 1.01146 1.0164845 1.0095364 1.01146 1.0141612 1.0141612 0.12306659 1.0118452 1.0164845 1.0258498 0.70441365 1.0188149 0.062644914 0 0.72018194 0.71627367 1.0180373 1.0254573 0.56393015 0.5709624 1.014548 0.6037857 1.0137748 0.615281 1.0072346 0.32493562 0.5750415 1.0133885 0.5733213
0.71601385 1.0567118 1.018426 1.0118452 1.0449389 1.042526 1.0469556 0.7251619 1.015322 1.0219333 1.018426 0.71445674 1.019204 0.7149754 0.72018194 0 0.05668949 1.0297868 1.0349361 0.7005865 0.70543754 1.0429276 0.71316165 1.0405211 0.70646286 1.0278157 0.7222747 0.714716 1.0083846 0.71212715
0.71316165 1.0473596 1.0064689 1.0110749 1.0317632 1.0254573 1.025065 0.7196597 1.01069 1.0195932 1.0133885 0.71212715 1.0080011 0.7098048 0.71627367 0.05668949 0 1.018426 1.0207624 0.6965256 0.6998234 1.0301816 0.7087749 1.0274222 0.70697606 1.0095364 0.71783453 0.7085177 1.0091523 0.71083605
1.0072346 0.78793824 0.31300145 0.30785823 0.7579511 0.76429653 0.76346576 1.0164845 0.31421676 0.31133363 0.74622995 0.99056727 0.75603044 1.0126165 1.0180373 1.0297868 1.018426 0 0.03794384 1.0060863 1.0064689 0.75603044 1.005704 0.75520885 1.0072346 0.75493515 1.0157093 1.0215429 0.27453908 0.99169195
1.0080011 0.79109013 0.31421676 0.31057674 0.762636 0.76790696 0.7667942 1.0211525 0.31695846 0.3145209 0.7511142 0.9958304 0.7593259 1.0172604 1.0254573 1.0349361 1.0207624 0.03794384 0 1.0034139 1.0034139 0.7629125 1.0064689 0.7620833 1.0080011 0.7535683 1.019204 1.0180373 0.2788777 0.9894442
0.7031358 1.0437315 1.0049399 1.0022715 1.0278157 1.0149349 1.030972 0.55675304 0.99885464 1.014548 1.0297868 0.7031358 1.0227151 0.5618121 0.56393015 0.7005865 0.6965256 1.0060863 1.0034139 0 0.020168772 1.0238891 0.60535306 1.0223241 0.6026681 1.0130024 0.5571734 0.3062018 1.0254573 0.2546176
0.70697606 1.0421246 1.005704 1.0060863 1.0238891 1.01069 1.0274222 0.5637181 1.0022715 1.0176488 1.0246727 0.71161044 1.015322 0.56818426 0.5709624 0.70543754 0.6998234 1.0064689 1.0034139 0.020168772 0 1.0195932 0.60512894 1.018426 0.60512894 1.0095364 0.5628704 0.3074061 1.0282096 0.25532004
1.0176488 0.32124332 0.7532952 0.76374257 0.3197102 0.3116366 0.31118217 1.0034139 0.7681854 0.75960124 0.31072804 1.0274222 0.31543407 1.0130024 1.014548 1.0429276 1.0301816 0.75603044 0.7629125 1.0238891 1.0195932 0 1.0087683 0.0060241288 1.0122308 0.33221948 1.0003713 1.0353336 0.76346576 1.0141612
0.69779223 1.0157093 0.98125964 0.9827411 1.0297868 1.0133885 1.025065 0.6015522 0.99281836 0.9939465 1.0282096 0.69779223 1.0286036 0.60512894 0.6037857 0.71316165 0.7087749 1.005704 1.0064689 0.60535306 0.60512894 1.0087683 0 1.0099207 0.4503804 1.0118452 0.61256033 0.62143886 0.9980974 0.60984945
1.018426 0.32231835 0.75411475 0.76374257 0.3206297 0.3117881 0.3122429 1.0030329 0.7695792 0.7590508 0.3116366 1.025065 0.31573868 1.0118452 1.0137748 1.0405211 1.0274222 0.75520885 0.7620833 1.0223241 1.018426 0.0060241288 1.0099207 0 1.0095364 0.3326868 0.9980974 1.030972 0.762636 1.0137748
0.69349426 1.0381224 0.99923354 0.99961257 1.0433295 1.0254573 1.0461482 0.6103006 0.99885464 1.0030329 1.042526 0.70415795 1.0421246 0.6091733 0.615281 0.70646286 0.70697606 1.0072346 1.0080011 0.6026681 0.60512894 1.0122308 0.4503804 1.0095364 0 1.0293922 0.61915225 0.60894805 1.0072346 0.60423315
1.0060863 0.34320065 0.7483968 0.7601521 0.33768997 0.33315444 0.3353406 1.0041765 0.76485085 0.7629125 0.3305084 1.005704 0.33237523 1.0053219 1.0072346 1.0278157 1.0095364 0.75493515 0.7535683 1.0130024 1.0095364 0.33221948 1.0118452 0.3326868 1.0293922 0 1.0076177 1.0325551 0.76790696 1.0091523
0.7051815 1.0068517 1.0133885 0.99847597 0.9920673 0.9958304 0.99923354 0.32431898 1.0045581 0.99847597 1.0080011 0.7026252 1.0060863 0.3226258 0.32493562 0.7222747 0.71783453 1.0157093 1.019204 0.5571734 0.5628704 1.0003713 0.61256033 0.9980974 0.61915225 1.0076177 0 0.5709624 1.0133885 0.56818426
0.70441365 1.0501935 1.0188149 1.0227151 1.033348 1.0361294 1.0530384 0.5724627 1.0219333 1.032159 1.0361294 0.70390224 1.033348 0.5767656 0.5750415 0.714716 0.7085177 1.0215429 1.0180373 0.3062018 0.3074061 1.0353336 0.62143886 1.030972 0.60894805 1.0325551 0.5709624 0 1.0246727 0.30605137
1.0199828 0.7853693 0.3213968 0.31925085 0.7667942 0.7673504 0.7659607 1.0234975 0.3201698 0.32108986 0.7631891 0.99961257 0.7687426 1.0199828 1.0133885 1.0083846 1.0091523 0.27453908 0.2788777 1.0254573 1.0282096 0.76346576 0.9980974 0.762636 1.0072346 0.76790696 1.0133885 1.0246727 0 1.0137748
0.6950084 1.0365276 0.98757625 0.9920673 1.018426 1.0130024 1.0297868 0.5711766 0.9946995 1.0045581 1.019204 0.69399863 1.0188149 0.57289183 0.5733213 0.71212715 0.71083605 0.99169195 0.9894442 0.2546176 0.25532004 1.0141612 0.60984945 1.0137748 0.60423315 1.0091523 0.56818426 0.30605137 1.0137748 0
