0 1.00553057333 1.00744237333 1.03116737333 0.56877493333 0.70321587333 1.02447977333 1.00667697333 1.00362357333 0.56792222333 0.57241004333 0.71452907333 1.00667697333 1.00629467333 1.02447977333 1.01746307333 1.01862797333 1.01475187333 1.01823947333 0.69635724333 0.69610447333 1.01979467333 1.02447977333 1.01979467333 1.00782527333 1.01552557333 0.71556607333 0.58298724333 0.99566697333 1.00897527333
1.00553057333 0 0.21942517333 0.77774142333 1.01629997333 1.00096197333 0.77380590333 0.60437637333 0.33203189333 1.02252397333 1.02958847333 1.00820837333 0.33421304333 0.33234312333 0.76488720333 0.76655137333 0.60214287333 0.60258897333 0.33343335333 1.00897527333 1.01166557333 0.33468127333 0.60036087333 0.33483739333 0.76766293333 0.76794107333 0.99906664333 1.02958847333 0.28836839333 0.29013171333
1.00744237333 0.21942517333 0 0.78028237333 1.00058250333 1.01707517333 0.77072807333 0.61451011333 0.33016740333 1.02408817333 1.01785107333 1.00514877333 0.33812379333 0.33843752333 0.76156977333 0.76019191333 0.61066567333 0.60976397333 0.33390107333 1.01940557333 1.02213357333 0.33468127333 0.61814647333 0.33483739333 0.77436687333 0.78056527333 1.00514877333 1.03116737333 0.28866197333 0.28807490333
1.03116737333 0.77774142333 0.78028237333 0 1.02252397333 1.01359307333 0.23007705333 0.78453653333 0.76544152333 1.03037747333 1.03156267333 0.99228262333 0.77464752333 0.77520907333 0.23238913333 0.23320687333 0.78852891333 0.78795724333 0.76599621333 0.99078337333 0.99378487333 0.76655137333 0.79715632333 0.76682912333 0.45188315333 0.44101079333 1.01320717333 1.03156267333 0.76766293333 0.77016987333
0.56877493333 1.01629997333 1.00058250333 1.02252397333 0 0.71271782333 1.01552557333 1.01979467333 1.01359307333 0.19324521333 0.19324521333 0.71013783333 1.01243587333 1.01862797333 1.00705957333 1.00859177333 1.02604797333 1.01707517333 1.01397917333 0.70988034333 0.71039547333 1.01629997333 1.03552677333 1.01552557333 0.99982421333 1.00820837333 0.72548960333 0.22872031333 1.00897527333 1.01901667333
0.70321587333 1.00096197333 1.01707517333 1.01359307333 0.71271782333 0 0.98630357333 0.98593147333 0.99303337333 0.71582557333 0.72181832333 0.31222727333 0.99040907333 1.00134167333 1.00400457333 1.00553057333 0.99190752333 0.99303337333 1.01552557333 0.17057793333 0.17045251333 1.01012707333 0.97229134333 1.01012707333 0.98518777333 0.99906664333 0.25142639333 0.73341777333 0.99717604333 1.00438577333
1.02447977333 0.77380590333 0.77072807333 0.23007705333 1.01552557333 0.98630357333 0 0.78852891333 0.75525223333 1.01591267333 1.02135307333 0.97779124333 0.76239777333 0.76239777333 0.16060935333 0.16259250333 0.78396790333 0.78113127333 0.76101832333 0.98966091333 0.99078337333 0.76156977333 0.79283022333 0.76156977333 0.45060657333 0.44407533333 1.00476717333 1.01862797333 0.76212167333 0.77296527333
1.00667697333 0.60437637333 0.61451011333 0.78453653333 1.01979467333 0.98593147333 0.78852891333 0 0.60013841333 1.00553057333 1.01166557333 0.98742102333 0.60504767333 0.60818857333 0.77492827333 0.78056527333 0.13469647333 0.13326289333 0.60504767333 0.98370257333 0.98407363333 0.60706531333 0.28324892333 0.60728984333 0.76766293333 0.76821927333 0.96828352333 1.02761947333 0.60728984333 0.60773907333
1.00362357333 0.33203189333 0.33016740333 0.76544152333 1.01359307333 0.99303337333 0.75525223333 0.60013841333 0 1.01359307333 1.03314577333 0.99416094333 0.15174954333 0.15272880333 0.74519957333 0.74196797333 0.60527157333 0.60437637333 0.12118686333 1.00438577333 1.00859177333 0.12471850333 0.61111693333 0.12471850333 0.76933327333 0.75799247333 0.97926472333 1.02526337333 0.32753392333 0.33032257333
0.56792222333 1.02252397333 1.02408817333 1.03037747333 0.19324521333 0.71582557333 1.01591267333 1.00553057333 1.01359307333 0 0.11022755333 0.71530667333 1.01282147333 1.02174317333 1.01282147333 1.01205067333 0.99830977333 0.99003487333 1.02487147333 0.71323487333 0.71349357333 1.02096317333 1.02526337333 1.02018387333 1.00820837333 1.00974297333 0.73050110333 0.23498169333 1.02369687333 1.03274967333
0.57241004333 1.02958847333 1.01785107333 1.03156267333 0.19324521333 0.72181832333 1.02135307333 1.01166557333 1.03314577333 0.11022755333 0 0.71427010333 1.02919427333 1.03393867333 1.01746307333 1.01552557333 1.01243587333 1.00553057333 1.03512937333 0.71530667333 0.71634477333 1.03195807333 1.02683327333 1.03116737333 1.00897527333 1.01707517333 0.73050110333 0.23525511333 1.02487147333 1.02801287333
0.71452907333 1.00820837333 1.00514877333 0.99228262333 0.71013783333 0.31222727333 0.97779124333 0.98742102333 0.99416094333 0.71530667333 0.71427010333 0 0.99265797333 0.98779387333 0.97742327333 0.97485291333 0.99604391333 0.99416094333 1.00286217333 0.30844890333 0.30875047333 1.00324267333 0.99040907333 1.00324267333 0.96538221333 0.99003487333 0.31177284333 0.72575257333 1.00553057333 0.99793171333
1.00667697333 0.33421304333 0.33812379333 0.77464752333 1.01243587333 0.99040907333 0.76239777333 0.60504767333 0.15174954333 1.01282147333 1.02919427333 0.99265797333 0 0.0782789133300001 0.75361292333 0.75306727333 0.61111693333 0.60908841333 0.15752116333 0.99416094333 0.99566697333 0.15887840333 0.61066567333 0.15887840333 0.78311577333 0.77352557333 0.99040907333 1.02369687333 0.33001222333 0.33655705333
1.00629467333 0.33234312333 0.33843752333 0.77520907333 1.01862797333 1.00134167333 0.76239777333 0.60818857333 0.15272880333 1.02174317333 1.03393867333 0.98779387333 0.0782789133300001 0 0.75497877333 0.75197713333 0.60908841333 0.61021467333 0.16073315333 1.00744237333 1.00591257333 0.16160028333 0.61179437333 0.16160028333 0.77240531333 0.76571881333 0.99793171333 1.02644047333 0.32985710333 0.33655705333
1.02447977333 0.76488720333 0.76156977333 0.23238913333 1.00705957333 1.00400457333 0.16060935333 0.77492827333 0.74519957333 1.01282147333 1.01746307333 0.97742327333 0.75361292333 0.75497877333 0 0.0671594433300001 0.77830534333 0.77605222333 0.75170487333 0.99604391333 0.99830977333 0.75088857333 0.78567504333 0.75088857333 0.44951407333 0.43760045333 1.00553057333 1.01940557333 0.75964147333 0.76295027333
1.01746307333 0.76655137333 0.76019191333 0.23320687333 1.00859177333 1.00553057333 0.16259250333 0.78056527333 0.74196797333 1.01205067333 1.01552557333 0.97485291333 0.75306727333 0.75197713333 0.0671594433300001 0 0.78567504333 0.78567504333 0.74466001333 0.99642107333 1.00020324333 0.74519957333 0.78938721333 0.74519957333 0.45151820333 0.43939345333 1.00058250333 1.01862797333 0.75909137333 0.76046727333
1.01862797333 0.60214287333 0.61066567333 0.78852891333 1.02604797333 0.99190752333 0.78396790333 0.13469647333 0.60527157333 0.99830977333 1.01243587333 0.99604391333 0.61111693333 0.60908841333 0.77830534333 0.78567504333 0 0.0412744333300001 0.60527157333 0.99830977333 0.99755377333 0.60684084333 0.28704860333 0.60728984333 0.76405643333 0.76905464333 0.97521957333 1.02801287333 0.60796377333 0.60796377333
1.01475187333 0.60258897333 0.60976397333 0.78795724333 1.01707517333 0.99303337333 0.78113127333 0.13326289333 0.60437637333 0.99003487333 1.00553057333 0.99416094333 0.60908841333 0.61021467333 0.77605222333 0.78567504333 0.0412744333300001 0 0.60706531333 0.99566697333 0.99642107333 0.60818857333 0.28412407333 0.60863833333 0.75799247333 0.76405643333 0.97375404333 1.01785107333 0.60706531333 0.60773907333
1.01823947333 0.33343335333 0.33390107333 0.76599621333 1.01397917333 1.01552557333 0.76101832333 0.60504767333 0.12118686333 1.02487147333 1.03512937333 1.00286217333 0.15752116333 0.16073315333 0.75170487333 0.74466001333 0.60527157333 0.60706531333 0 1.02683327333 1.02801287333 0.0354902103300001 0.61360377333 0.0354902103300001 0.77633347333 0.76933327333 1.00629467333 1.03393867333 0.33390107333 0.33765342333
0.69635724333 1.00897527333 1.01940557333 0.99078337333 0.70988034333 0.17057793333 0.98966091333 0.98370257333 1.00438577333 0.71323487333 0.71530667333 0.30844890333 0.99416094333 1.00744237333 0.99604391333 0.99642107333 0.99830977333 0.99566697333 1.02683327333 0 0.00934152733000007 1.02447977333 0.97926472333 1.02447977333 0.98037170333 1.00134167333 0.24821976333 0.72891490333 1.00591257333 1.00974297333
0.69610447333 1.01166557333 1.02213357333 0.99378487333 0.71039547333 0.17045251333 0.99078337333 0.98407363333 1.00859177333 0.71349357333 0.71634477333 0.30875047333 0.99566697333 1.00591257333 0.99830977333 1.00020324333 0.99755377333 0.99642107333 1.02801287333 0.00934152733000007 0 1.02644047333 0.97889607333 1.02644047333 0.98259067333 1.00591257333 0.24933355333 0.72891490333 1.01051137333 1.01089597333
1.01979467333 0.33468127333 0.33468127333 0.76655137333 1.01629997333 1.01012707333 0.76156977333 0.60706531333 0.12471850333 1.02096317333 1.03195807333 1.00324267333 0.15887840333 0.16160028333 0.75088857333 0.74519957333 0.60684084333 0.60818857333 0.0354902103300001 1.02447977333 1.02644047333 0 0.61609887333 0.000790700000000069 0.78425217333 0.77492827333 1.00248167333 1.03156267333 0.34000822333 0.34158220333
1.02447977333 0.60036087333 0.61814647333 0.79715632333 1.03552677333 0.97229134333 0.79283022333 0.28324892333 0.61111693333 1.02526337333 1.02683327333 0.99040907333 0.61066567333 0.61179437333 0.78567504333 0.78938721333 0.28704860333 0.28412407333 0.61360377333 0.97926472333 0.97889607333 0.61609887333 0 0.61655341333 0.77324537333 0.77380590333 0.96973847333 1.03751667333 0.60773907333 0.60998927333
1.01979467333 0.33483739333 0.33483739333 0.76682912333 1.01552557333 1.01012707333 0.76156977333 0.60728984333 0.12471850333 1.02018387333 1.03116737333 1.00324267333 0.15887840333 0.16160028333 0.75088857333 0.74519957333 0.60728984333 0.60863833333 0.0354902103300001 1.02447977333 1.02644047333 0.000790700000000069 0.61655341333 0 0.78425217333 0.77492827333 1.00248167333 1.03077227333 0.34016545333 0.34173977333
1.00782527333 0.76766293333 0.77436687333 0.45188315333 0.99982421333 0.98518777333 0.45060657333 0.76766293333 0.76933327333 1.00820837333 1.00897527333 0.96538221333 0.78311577333 0.77240531333 0.44951407333 0.45151820333 0.76405643333 0.75799247333 0.77633347333 0.98037170333 0.98259067333 0.78425217333 0.77324537333 0.78425217333 0 0.25971531333 0.98704832333 1.01012707333 0.77408637333 0.77577107333
1.01552557333 0.76794107333 0.78056527333 0.44101079333 1.00820837333 0.99906664333 0.44407533333 0.76821927333 0.75799247333 1.00974297333 1.01707517333 0.99003487333 0.77352557333 0.76571881333 0.43760045333 0.43939345333 0.76905464333 0.76405643333 0.76933327333 1.00134167333 1.00591257333 0.77492827333 0.77380590333 0.77492827333 0.25971531333 0 0.99830977333 1.01320717333 0.77436687333 0.77745967333
0.71556607333 0.99906664333 1.00514877333 1.01320717333 0.72548960333 0.25142639333 1.00476717333 0.96828352333 0.97926472333 0.73050110333 0.73050110333 0.31177284333 0.99040907333 0.99793171333 1.00553057333 1.00058250333 0.97521957333 0.97375404333 1.00629467333 0.24821976333 0.24933355333 1.00248167333 0.96973847333 1.00248167333 0.98704832333 0.99830977333 0 0.74844517333 1.00020324333 0.99906664333
0.58298724333 1.02958847333 1.03116737333 1.03156267333 0.22872031333 0.73341777333 1.01862797333 1.02761947333 1.02526337333 0.23498169333 0.23525511333 0.72575257333 1.02369687333 1.02644047333 1.01940557333 1.01862797333 1.02801287333 1.01785107333 1.03393867333 0.72891490333 0.72891490333 1.03156267333 1.03751667333 1.03077227333 1.01012707333 1.01320717333 0.74844517333 0 1.01629997333 1.02604797333
0.99566697333 0.28836839333 0.28866197333 0.76766293333 1.00897527333 0.99717604333 0.76212167333 0.60728984333 0.32753392333 1.02369687333 1.02487147333 1.00553057333 0.33001222333 0.32985710333 0.75964147333 0.75909137333 0.60796377333 0.60706531333 0.33390107333 1.00591257333 1.01051137333 0.34000822333 0.60773907333 0.34016545333 0.77408637333 0.77436687333 1.00020324333 1.01629997333 0 0.22358701333
1.00897527333 0.29013171333 0.28807490333 0.77016987333 1.01901667333 1.00438577333 0.77296527333 0.60773907333 0.33032257333 1.03274967333 1.02801287333 0.99793171333 0.33655705333 0.33655705333 0.76295027333 0.76046727333 0.60796377333 0.60773907333 0.33765342333 1.00974297333 1.01089597333 0.34158220333 0.60998927333 0.34173977333 0.77577107333 0.77745967333 0.99906664333 1.02604797333 0.22358701333 0
