0 0.6573219 0.6899731 0.6889701 0.9349863 0.92359364 0.98683035 0.944438 0.93255514 0.92840576 0.6573219 0.97867405 0.97720057 0.91949344 0.91949344 0.6508636 0.6470625 0.65372705 0.6568416 0.9687838 0.9655158 0.932902 0.9374253 0.9349863 0.9958304 0.98907024 0.9857129 0.99885464 0.64469653 0.65253264
0.6573219 0 0.6982995 0.6932422 0.94232726 0.93255514 0.9845971 0.91949344 0.9063204 0.9554389 0.22664008 0.9583042 0.96406794 0.9522284 0.9479691 0.22948638 0.22501844 0.22272713 0.2265048 0.96841997 0.96769285 0.9430302 0.9301319 0.946908 0.99734104 0.9845971 0.9673296 0.98348296 0.305901 0.22609913
0.6899731 0.6982995 0 0.18762916 0.927372 0.9096761 0.97978103 0.9370764 0.9346385 0.9242792 0.68621874 0.97170067 0.9662408 0.91406107 0.91406107 0.6927383 0.68397504 0.6847222 0.69198316 0.9695119 0.9687838 0.91813165 0.92771643 0.9167723 0.9753628 0.9680563 0.9691478 0.98683035 0.6864684 0.6945033
0.6889701 0.6932422 0.18762916 0 0.9342909 0.92154074 0.9969631 0.94232726 0.9370764 0.93255514 0.68298006 0.9790429 0.9801504 0.92771643 0.929441 0.68796843 0.68397504 0.6852207 0.6864684 0.9753628 0.9783054 0.931862 0.92840576 0.93082345 0.9860852 0.9764649 0.9753628 0.99885464 0.684224 0.68972224
0.9349863 0.94232726 0.927372 0.9342909 0 0.14835055 0.99545324 0.6672366 0.6662635 0.49488103 0.94549555 0.9680563 0.98907024 0.4923704 0.4858436 0.94620144 0.93151563 0.9388226 0.9458484 0.9808897 0.9827411 0.1500587 0.6506254 0.15079197 0.99999183 0.98794943 0.97499573 0.98794943 0.9301319 0.93847305
0.92359364 0.93255514 0.9096761 0.92154074 0.14835055 0 1.0049399 0.6558819 0.6580429 0.4846977 0.94127417 0.9611805 0.99056727 0.48127043 0.4771027 0.94232726 0.927372 0.9391723 0.944438 0.9894442 0.98869646 0.14300726 0.64967364 0.14433953 0.99545324 0.97609735 0.98125964 0.98496884 0.9150766 0.93987226
0.98683035 0.9845971 0.97978103 0.9969631 0.99545324 1.0049399 0 1.0345387 1.0270288 0.99545324 0.99658537 0.6772841 0.107671864 0.9946995 0.99658537 0.98794943 0.97720057 0.9857129 0.98757625 0.110911116 0.10882714 1.0053219 1.001891 1.0034139 0.69855326 0.7067194 0.36208364 0.31573868 0.98496884 0.9969631
0.944438 0.91949344 0.9370764 0.94232726 0.6672366 0.6558819 1.0345387 0 0.11033165 0.66359407 0.9346385 0.9853408 1.019204 0.66383636 0.6580429 0.9353342 0.9335961 0.93082345 0.93255514 1.0234975 1.0168724 0.6623838 0.4946876 0.6631097 1.0130024 0.98869646 0.9845971 1.0176488 0.9167723 0.9304776
0.93255514 0.9063204 0.9346385 0.9370764 0.6662635 0.6580429 1.0270288 0.11033165 0 0.6580429 0.91779155 0.97316337 1.0195932 0.6575622 0.6506254 0.9225665 0.9160936 0.91643286 0.9205164 1.019204 1.0118452 0.6599691 0.491022 0.661417 1.0076177 0.98496884 0.9801504 1.0110749 0.90098226 0.91541547
0.92840576 0.9554389 0.9242792 0.93255514 0.49488103 0.4846977 0.99545324 0.66359407 0.6580429 0 0.94479036 0.9593815 0.9808897 0.07458906 0.06996417 0.9483231 0.9402225 0.9504507 0.9522284 0.97426224 0.97024083 0.49410763 0.6449328 0.49526802 0.9977191 0.98125964 0.97573 0.9746289 0.91983426 0.94373375
0.6573219 0.22664008 0.68621874 0.68298006 0.94549555 0.94127417 0.99658537 0.9346385 0.91779155 0.94479036 0 0.9644296 0.98237044 0.9419761 0.94127417 0.16200183 0.16100961 0.06253621 0.065476745 0.98645765 0.9857129 0.9557965 0.9419761 0.9572284 1.0003713 0.99131685 0.99847597 0.9958304 0.30650267 0.22326563
0.97867405 0.9583042 0.97170067 0.9790429 0.9680563 0.9611805 0.6772841 0.9853408 0.97316337 0.9593815 0.9644296 0 0.6767909 0.95794547 0.9655158 0.97352946 0.9644296 0.9673296 0.97243166 0.6760516 0.67212105 0.9827411 0.982 0.9860852 0.57053435 0.56584156 0.67926043 0.6807461 0.95294064 0.946908
0.97720057 0.96406794 0.9662408 0.9801504 0.98907024 0.99056727 0.107671864 1.019204 1.0195932 0.9808897 0.98237044 0.6767909 0 0.97573 0.9783054 0.97978103 0.97024083 0.9727974 0.97170067 0.0472581 0.044812504 0.99056727 0.9853408 0.9894442 0.6929902 0.70288044 0.35162324 0.30469906 0.9662408 0.9920673
0.91949344 0.9522284 0.91406107 0.92771643 0.4923704 0.48127043 0.9946995 0.66383636 0.6575622 0.07458906 0.9419761 0.95794547 0.97573 0 0.047045123 0.9472615 0.93672764 0.9465546 0.9479691 0.9695119 0.9662408 0.48967603 0.6461152 0.49063718 0.9898184 0.9790429 0.9779369 0.9775687 0.91983426 0.9353342
0.91949344 0.9479691 0.91406107 0.929441 0.4858436 0.4771027 0.99658537 0.6580429 0.6506254 0.06996417 0.94127417 0.9655158 0.9783054 0.047045123 0 0.94479036 0.9342909 0.94267863 0.94549555 0.9709704 0.9706055 0.48241112 0.6430448 0.4826014 0.9939465 0.97867405 0.9768326 0.97609735 0.91949344 0.93672764
0.6508636 0.22948638 0.6927383 0.68796843 0.94620144 0.94232726 0.98794943 0.9353342 0.9225665 0.9483231 0.16200183 0.97352946 0.97978103 0.9472615 0.94479036 0 0.040789343 0.16076176 0.16436365 0.97573 0.97573 0.95151687 0.94092345 0.95151687 1.0045581 1.0022715 0.99923354 1.0041765 0.30424884 0.22528848
0.6470625 0.22501844 0.68397504 0.68397504 0.93151563 0.927372 0.97720057 0.9335961 0.9160936 0.9402225 0.16100961 0.9644296 0.97024083 0.93672764 0.9342909 0.040789343 0 0.15952373 0.16324396 0.96769285 0.9669665 0.9335961 0.9301319 0.931862 0.9898184 0.98832285 0.98869646 0.9931942 0.3018522 0.22313097
0.65372705 0.22272713 0.6847222 0.6852207 0.9388226 0.9391723 0.9857129 0.93082345 0.91643286 0.9504507 0.06253621 0.9673296 0.9727974 0.9465546 0.94267863 0.16076176 0.15952373 0 0.027290547 0.97609735 0.97609735 0.94903165 0.9395222 0.9518725 0.98907024 0.97978103 0.98832285 0.9842255 0.3052998 0.2219201
0.6568416 0.2265048 0.69198316 0.6864684 0.9458484 0.944438 0.98757625 0.93255514 0.9205164 0.9522284 0.065476745 0.97243166 0.97170067 0.9479691 0.94549555 0.16436365 0.16324396 0.027290547 0 0.97720057 0.9753628 0.95472425 0.944438 0.9583042 1.000751 0.9860852 0.98794943 0.98645765 0.31042543 0.22407411
0.9687838 0.96841997 0.9695119 0.9753628 0.9808897 0.9894442 0.110911116 1.0234975 1.019204 0.97426224 0.98645765 0.6760516 0.0472581 0.9695119 0.9709704 0.97573 0.96769285 0.97609735 0.97720057 0 0.020066053 0.9872032 0.98645765 0.9860852 0.6859691 0.6962725 0.35306293 0.30499938 0.9764649 0.9943229
0.9655158 0.96769285 0.9687838 0.9783054 0.9827411 0.98869646 0.10882714 1.0168724 1.0118452 0.97024083 0.9857129 0.67212105 0.044812504 0.9662408 0.9706055 0.97573 0.9669665 0.97609735 0.9753628 0.020066053 0 0.9853408 0.9779369 0.98496884 0.6854701 0.6982995 0.35178307 0.30379888 0.9713354 0.9950763
0.932902 0.9430302 0.91813165 0.931862 0.1500587 0.14300726 1.0053219 0.6623838 0.6599691 0.49410763 0.9557965 0.9827411 0.99056727 0.48967603 0.48241112 0.95151687 0.9335961 0.94903165 0.95472425 0.9872032 0.9853408 0 0.6406915 0.015560305 1.0041765 0.990942 0.9790429 0.990942 0.9184719 0.94232726
0.9374253 0.9301319 0.92771643 0.92840576 0.6506254 0.64967364 1.001891 0.4946876 0.491022 0.6449328 0.9419761 0.982 0.9853408 0.6461152 0.6430448 0.94092345 0.9301319 0.9395222 0.944438 0.98645765 0.9779369 0.6406915 0 0.6406915 0.9920673 0.97573 0.9783054 0.990942 0.92909575 0.93847305
0.9349863 0.946908 0.9167723 0.93082345 0.15079197 0.14433953 1.0034139 0.6631097 0.661417 0.49526802 0.9572284 0.9860852 0.9894442 0.49063718 0.4826014 0.95151687 0.931862 0.9518725 0.9583042 0.9860852 0.98496884 0.015560305 0.6406915 0 1.005704 0.990942 0.97867405 0.99131685 0.91643286 0.94267863
0.9958304 0.99734104 0.9753628 0.9860852 0.99999183 0.99545324 0.69855326 1.0130024 1.0076177 0.9977191 1.0003713 0.57053435 0.6929902 0.9898184 0.9939465 1.0045581 0.9898184 0.98907024 1.000751 0.6859691 0.6854701 1.0041765 0.9920673 1.005704 0 0.41321507 0.6899731 0.6884691 0.9768326 0.99658537
0.98907024 0.9845971 0.9680563 0.9764649 0.98794943 0.97609735 0.7067194 0.98869646 0.98496884 0.98125964 0.99131685 0.56584156 0.70288044 0.9790429 0.97867405 1.0022715 0.98832285 0.97978103 0.9860852 0.6962725 0.6982995 0.990942 0.97573 0.990942 0.41321507 0 0.714716 0.7072328 0.97170067 0.9727974
0.9857129 0.9673296 0.9691478 0.9753628 0.97499573 0.98125964 0.36208364 0.9845971 0.9801504 0.97573 0.99847597 0.67926043 0.35162324 0.9779369 0.9768326 0.99923354 0.98869646 0.98832285 0.98794943 0.35306293 0.35178307 0.9790429 0.9783054 0.97867405 0.6899731 0.714716 0 0.3643559 0.9666036 0.9920673
0.99885464 0.98348296 0.98683035 0.99885464 0.98794943 0.98496884 0.31573868 1.0176488 1.0110749 0.9746289 0.9958304 0.6807461 0.30469906 0.9775687 0.97609735 1.0041765 0.9931942 0.9842255 0.98645765 0.30499938 0.30379888 0.990942 0.990942 0.99131685 0.6884691 0.7072328 0.3643559 0 0.9753628 0.99999183
0.64469653 0.305901 0.6864684 0.684224 0.9301319 0.9150766 0.98496884 0.9167723 0.90098226 0.91983426 0.30650267 0.95294064 0.9662408 0.91983426 0.91949344 0.30424884 0.3018522 0.3052998 0.31042543 0.9764649 0.9713354 0.9184719 0.92909575 0.91643286 0.9768326 0.97170067 0.9666036 0.9753628 0 0.30499938
0.65253264 0.22609913 0.6945033 0.68972224 0.93847305 0.93987226 0.9969631 0.9304776 0.91541547 0.94373375 0.22326563 0.946908 0.9920673 0.9353342 0.93672764 0.22528848 0.22313097 0.2219201 0.22407411 0.9943229 0.9950763 0.94232726 0.93847305 0.94267863 0.99658537 0.9727974 0.9920673 0.99999183 0.30499938 0
