0 0.8545757 0.81857854 0.80500084 0.99885464 1.0068517 0.7193987 0.7175742 0.85582674 0.8474224 1.019204 0.8483516 1.0227151 1.0083846 1.0030329 0.99281836 0.9894442 0.83941746 0.83331734 0.8388052 0.84495026 1.0122308 0.9827411 1.0080011 1.0133885 0.9962078 1.000751 0.72253674 0.99885464 0.9831119
0.8545757 0 0.5010971 0.5030502 0.98237044 0.9898184 0.84495026 0.8381934 0.7968549 0.8003352 1.0003713 0.7623596 0.9860852 0.9980974 0.99847597 0.9706055 0.9783054 0.23016566 0.22515345 0.77489936 0.7695792 0.9931942 0.97499573 0.9920673 0.97941184 0.99357027 0.9753628 0.8437172 0.9790429 0.9698763
0.81857854 0.5010971 0 0.22474852 0.9746289 0.9901927 0.84433347 0.84433347 0.75712734 0.75520885 0.9962078 0.77041674 1.001891 0.9801504 0.9790429 0.96769285 0.9666036 0.5079554 0.50344145 0.7609791 0.7601521 0.9779369 0.97170067 0.98051995 0.97720057 0.9808897 0.98125964 0.853951 0.9651536 0.96190137
0.80500084 0.5030502 0.22474852 0 0.9962078 1.0015109 0.8474224 0.8354467 0.78879654 0.78167397 1.002652 0.7796917 0.9980974 0.99281836 0.9898184 0.98125964 0.9753628 0.5103213 0.5075618 0.762636 0.7629125 0.9857129 0.9790429 0.9838541 0.9808897 0.98907024 0.97573 0.84125715 0.96334505 0.96841997
0.99885464 0.98237044 0.9746289 0.9962078 0 0.20019098 1.0041765 0.9920673 0.9939465 0.97941184 0.60849774 1.0137748 0.6130131 0.6262635 0.62488186 0.47653615 0.47748062 0.96769285 0.96769285 0.959741 0.95794547 0.63928306 0.3884716 0.6390486 0.48718274 0.3074061 0.5003172 0.99658537 0.48929188 0.48603475
1.0068517 0.9898184 0.9901927 1.0015109 0.20019098 0 1.0149349 0.99131685 1.0064689 0.97867405 0.6058015 0.99131685 0.60692376 0.62603307 0.6304238 0.4829821 0.4829821 0.98832285 0.98645765 0.9680563 0.9669665 0.63554007 0.3836194 0.63460726 0.48660854 0.30560035 0.50129217 1.0160967 0.4919849 0.48833245
0.7193987 0.84495026 0.84433347 0.8474224 1.0041765 1.0149349 0 0.21977226 0.8754896 0.8649598 1.0341415 0.8700467 1.0357314 1.0457449 1.0365276 1.0045581 0.9924427 0.8523914 0.84587634 0.8567664 0.8545757 1.0242808 0.9827411 1.0234975 1.0219333 1.019204 1.0137748 0.2608218 1.0199828 0.9920673
0.7175742 0.8381934 0.84433347 0.8354467 0.9920673 0.99131685 0.21977226 0 0.87484723 0.85332674 1.0246727 0.8608519 1.0297868 1.0349361 1.0254573 0.9768326 0.97316337 0.84279376 0.83605623 0.8495923 0.8499028 1.0389212 0.9808897 1.0393208 0.99999183 1.0049399 0.99923354 0.25884217 1.0011308 0.9845971
0.85582674 0.7968549 0.75712734 0.78879654 0.9939465 1.0064689 0.8754896 0.87484723 0 0.20701279 0.9943229 0.57267725 1.005704 1.0015109 0.99545324 0.9790429 0.9845971 0.79252714 0.78394586 0.31940395 0.31909782 0.9950763 0.99056727 0.9962078 0.99056727 1.01146 0.97978103 0.87645423 1.0030329 0.98683035
0.8474224 0.8003352 0.75520885 0.78167397 0.97941184 0.97867405 0.8649598 0.85332674 0.20701279 0 0.9920673 0.56350607 1.0015109 1.0060863 1.0041765 0.9651536 0.97941184 0.78195757 0.78110707 0.31741637 0.31543407 1.0022715 0.9842255 1.001891 0.9775687 0.9962078 0.9608204 0.8716434 0.9860852 0.98051995
1.019204 1.0003713 0.9962078 1.002652 0.60849774 0.6058015 1.0341415 1.0246727 0.9943229 0.9920673 0 1.0003713 0.14059103 0.57439595 0.582614 0.6221262 0.6123341 1.0168724 1.0072346 0.99281836 0.9977191 0.5791428 0.6130131 0.57827747 0.6267246 0.62534213 0.627186 1.0270288 0.6205234 0.6258027
0.8483516 0.7623596 0.77041674 0.7796917 1.0137748 0.99131685 0.8700467 0.8608519 0.57267725 0.56350607 1.0003713 0 1.0126165 1.0160967 0.9950763 0.99131685 0.97426224 0.77715075 0.77153486 0.5578042 0.55675304 1.0030329 0.9920673 1.0064689 0.99169195 0.9872032 0.98348296 0.8713238 1.0045581 0.99131685
1.0227151 0.9860852 1.001891 0.9980974 0.6130131 0.60692376 1.0357314 1.0297868 1.005704 1.0015109 0.14059103 1.0126165 0 0.582614 0.5948914 0.6182396 0.6049049 0.99281836 0.9808897 0.98757625 0.99545324 0.58348435 0.6175558 0.5850098 0.62787867 0.62511194 0.6198375 1.0286036 0.6180116 0.6221262
1.0083846 0.9980974 0.9801504 0.99281836 0.6262635 0.62603307 1.0457449 1.0349361 1.0015109 1.0060863 0.57439595 1.0160967 0.582614 0 0.11369879 0.62810963 0.6123341 0.9980974 0.9950763 0.9838541 0.9831119 0.29396757 0.6221262 0.29367164 0.6336756 0.6362405 0.6306556 1.0441338 0.6161901 0.6186958
1.0030329 0.99847597 0.9790429 0.9898184 0.62488186 0.6304238 1.0365276 1.0254573 0.99545324 1.0041765 0.582614 0.9950763 0.5948914 0.11369879 0 0.6232732 0.61482686 0.9980974 0.990942 0.97867405 0.9764649 0.2976764 0.62996036 0.2979739 0.6258027 0.63857985 0.63088745 1.0286036 0.6198375 0.62741685
0.99281836 0.9706055 0.96769285 0.98125964 0.47653615 0.4829821 1.0045581 0.9768326 0.9790429 0.9651536 0.6221262 0.99131685 0.6182396 0.62810963 0.6232732 0 0.10778731 0.9816297 0.9746289 0.95508146 0.9572284 0.63414127 0.4869913 0.63460726 0.36582026 0.4943009 0.36712432 0.9958304 0.3635436 0.366472
0.9894442 0.9783054 0.9666036 0.9753628 0.47748062 0.4829821 0.9924427 0.97316337 0.9845971 0.97941184 0.6123341 0.97426224 0.6049049 0.6123341 0.61482686 0.10778731 0 0.97426224 0.9658782 0.96190137 0.9669665 0.6221262 0.47994182 0.6221262 0.35659385 0.491407 0.36224574 0.99734104 0.35965672 0.36516908
0.83941746 0.23016566 0.5079554 0.5103213 0.96769285 0.98832285 0.8523914 0.84279376 0.79252714 0.78195757 1.0168724 0.77715075 0.99281836 0.9980974 0.9980974 0.9816297 0.97426224 0 0.053246155 0.76623845 0.7631891 1.000751 0.9783054 1.0011308 0.9768326 1.0034139 0.98907024 0.84217876 0.97316337 0.9706055
0.83331734 0.22515345 0.50344145 0.5075618 0.96769285 0.98645765 0.84587634 0.83605623 0.78394586 0.78110707 1.0072346 0.77153486 0.9808897 0.9950763 0.990942 0.9746289 0.9658782 0.053246155 0 0.75603044 0.75411475 0.99169195 0.9783054 0.99357027 0.9746289 1.0011308 0.98051995 0.8354467 0.96479154 0.96010065
0.8388052 0.77489936 0.7609791 0.762636 0.959741 0.9680563 0.8567664 0.8495923 0.31940395 0.31741637 0.99281836 0.5578042 0.98757625 0.9838541 0.97867405 0.95508146 0.96190137 0.76623845 0.75603044 0 0.045981143 0.9738958 0.9540103 0.98051995 0.98907024 0.9709704 0.94903165 0.86148244 0.9738958 0.97316337
0.84495026 0.7695792 0.7601521 0.7629125 0.95794547 0.9669665 0.8545757 0.8499028 0.31909782 0.31543407 0.9977191 0.55675304 0.99545324 0.9831119 0.9764649 0.9572284 0.9669665 0.7631891 0.75411475 0.045981143 0 0.97316337 0.95794547 0.97941184 0.9838541 0.9669665 0.95151687 0.86179787 0.9713354 0.9706055
1.0122308 0.9931942 0.9779369 0.9857129 0.63928306 0.63554007 1.0242808 1.0389212 0.9950763 1.0022715 0.5791428 1.0030329 0.58348435 0.29396757 0.2976764 0.63414127 0.6221262 1.000751 0.99169195 0.9738958 0.97316337 0 0.6334428 0.016888734 0.63881415 0.64516914 0.6406915 1.0389212 0.632745 0.6244219
0.9827411 0.97499573 0.97170067 0.9790429 0.3884716 0.3836194 0.9827411 0.9808897 0.99056727 0.9842255 0.6130131 0.9920673 0.6175558 0.6221262 0.62996036 0.4869913 0.47994182 0.9783054 0.9783054 0.9540103 0.95794547 0.6334428 0 0.6339084 0.48871607 0.401168 0.4979826 0.98794943 0.49025255 0.4917922
1.0080011 0.9920673 0.98051995 0.9838541 0.6390486 0.63460726 1.0234975 1.0393208 0.9962078 1.001891 0.57827747 1.0064689 0.5850098 0.29367164 0.2979739 0.63460726 0.6221262 1.0011308 0.99357027 0.98051995 0.97941184 0.016888734 0.6339084 0 0.63857985 0.6418672 0.6409265 1.0409217 0.63251257 0.6258027
1.0133885 0.97941184 0.97720057 0.9808897 0.48718274 0.48660854 1.0219333 0.99999183 0.99056727 0.9775687 0.6267246 0.99169195 0.62787867 0.6336756 0.6258027 0.36582026 0.35659385 0.9768326 0.9746289 0.98907024 0.9838541 0.63881415 0.48871607 0.63857985 0 0.4917922 0.37203488 1.0122308 0.3654946 0.36630902
0.9962078 0.99357027 0.9808897 0.98907024 0.3074061 0.30560035 1.019204 1.0049399 1.01146 0.9962078 0.62534213 0.9872032 0.62511194 0.6362405 0.63857985 0.4943009 0.491407 1.0034139 1.0011308 0.9709704 0.9669665 0.64516914 0.401168 0.6418672 0.4917922 0 0.50363714 1.0160967 0.50090206 0.5040287
1.000751 0.9753628 0.98125964 0.97573 0.5003172 0.50129217 1.0137748 0.99923354 0.97978103 0.9608204 0.627186 0.98348296 0.6198375 0.6306556 0.63088745 0.36712432 0.36224574 0.98907024 0.98051995 0.94903165 0.95151687 0.6406915 0.4979826 0.6409265 0.37203488 0.50363714 0 1.000751 0.30560035 0.31209126
0.72253674 0.8437172 0.853951 0.84125715 0.99658537 1.0160967 0.2608218 0.25884217 0.87645423 0.8716434 1.0270288 0.8713238 1.0286036 1.0441338 1.0286036 0.9958304 0.99734104 0.84217876 0.8354467 0.86148244 0.86179787 1.0389212 0.98794943 1.0409217 1.0122308 1.0160967 1.000751 0 1.0160967 0.9779369
0.99885464 0.9790429 0.9651536 0.96334505 0.48929188 0.4919849 1.0199828 1.0011308 1.0030329 0.9860852 0.6205234 1.0045581 0.6180116 0.6161901 0.6198375 0.3635436 0.35965672 0.97316337 0.96479154 0.9738958 0.9713354 0.632745 0.49025255 0.63251257 0.3654946 0.50090206 0.30560035 1.0160967 0 0.2493004
0.9831119 0.9698763 0.96190137 0.96841997 0.48603475 0.48833245 0.9920673 0.9845971 0.98683035 0.98051995 0.6258027 0.99131685 0.6221262 0.6186958 0.62741685 0.366472 0.36516908 0.9706055 0.96010065 0.97316337 0.9706055 0.6244219 0.4917922 0.6258027 0.36630902 0.5040287 0.31209126 0.9779369 0.2493004 0
