0 0.98051995 0.927372 0.9287507 0.9808897 0.953297 0.9727974 0.98645765 0.9346385 0.93812364 0.9433819 0.9540103 0.9518725 0.96010065 0.95615417 0.9500957 0.9440858 0.9768326 0.97941184 0.9615409 0.96334505 0.9857129 0.9335961 0.99169195 0.93777436 0.9898184 0.98125964 0.94549555 0.9304776 0.97573
0.98051995 0 0.9977191 0.99545324 0.6390486 0.98869646 1.0064689 0.6395176 0.96406794 0.97867405 0.9746289 0.9801504 0.98125964 0.9746289 0.9790429 1.001891 1.0030329 0.64045656 0.6437523 0.98051995 0.97941184 0.6353068 0.9651536 0.63928306 0.97170067 0.4362938 0.4361149 0.97499573 0.98907024 0.31087938
0.927372 0.9977191 0 0.2857257 0.97170067 0.8838912 0.8943626 0.9554389 0.8871479 0.90031767 0.87324363 0.80120784 0.87613255 0.8832416 0.8800019 0.5202605 0.5214621 0.9680563 0.96769285 0.87677604 0.87806475 0.96769285 0.78994244 0.9709704 0.78337723 0.9924427 0.99923354 0.88616943 0.3077075 1.0034139
0.9287507 0.99545324 0.2857257 0 0.9666036 0.88910866 0.9019803 0.97941184 0.8927168 0.9043141 0.88162 0.81977093 0.8832416 0.8887815 0.88291705 0.5232681 0.51926064 0.9939465 0.9931942 0.8855178 0.8864954 0.9845971 0.8038317 0.9872032 0.77715075 0.99999183 0.9980974 0.8904187 0.3117881 1.0091523
0.9808897 0.6390486 0.97170067 0.9666036 0 0.96226203 0.9698763 0.23712975 0.9691478 0.97316337 0.96334505 0.9768326 0.97206604 0.953297 0.946908 0.98645765 0.9946995 0.24001622 0.24125668 0.9590223 0.96190137 0.24153262 0.9709704 0.2427756 0.9816297 0.6501494 0.6475366 0.95080596 0.97867405 0.6357735
0.953297 0.98869646 0.8838912 0.88910866 0.96226203 0 0.22826521 0.96334505 0.6515784 0.65540254 0.2889528 0.87100434 0.2888058 0.22636956 0.22138256 0.9059856 0.90933985 0.98051995 0.9857129 0.2204428 0.22138256 0.97426224 0.88682157 0.97720057 0.89304566 0.99545324 1.0064689 0.33518422 0.8790327 0.98757625
0.9727974 1.0064689 0.8943626 0.9019803 0.9698763 0.22826521 0 0.9779369 0.66286767 0.67261124 0.29441166 0.89601207 0.29145598 0.21990632 0.21763055 0.9242792 0.92462224 0.99169195 0.99658537 0.21442941 0.2148288 0.990942 0.8943626 0.9931942 0.903313 0.9977191 1.0072346 0.34177974 0.90031767 0.99131685
0.98645765 0.6395176 0.9554389 0.97941184 0.23712975 0.96334505 0.9779369 0 0.9658782 0.97573 0.959741 0.9669665 0.9801504 0.9706055 0.96226203 0.9695119 0.97941184 0.1841697 0.18378629 0.9764649 0.9753628 0.18225464 0.95294064 0.18327539 0.9853408 0.64587855 0.64564204 0.96334505 0.9575869 0.6371753
0.9346385 0.96406794 0.8871479 0.8927168 0.9691478 0.6515784 0.66286767 0.9658782 0 0.11183919 0.6570817 0.86654574 0.6470625 0.6570817 0.6532491 0.8855178 0.8881276 0.9901927 0.9950763 0.6575622 0.6606927 0.99169195 0.8754896 0.9950763 0.88291705 0.98683035 0.9901927 0.6563616 0.8832416 0.96406794
0.93812364 0.97867405 0.90031767 0.9043141 0.97316337 0.65540254 0.67261124 0.97573 0.11183919 0 0.66504896 0.8809723 0.6599691 0.6682109 0.6606927 0.9029796 0.90498227 1.0049399 1.0099207 0.66359407 0.66553456 1.0015109 0.88682157 1.0034139 0.8881276 1.0080011 1.0164845 0.6599691 0.89469224 0.98496884
0.9433819 0.9746289 0.87324363 0.88162 0.96334505 0.2889528 0.29441166 0.959741 0.6570817 0.66504896 0 0.8881276 0.09371904 0.29042426 0.2889528 0.88910866 0.89601207 0.9808897 0.98125964 0.28440955 0.28601852 0.97720057 0.8874743 0.9816297 0.8887815 0.9768326 0.9898184 0.34036154 0.86877173 0.97609735
0.9540103 0.9801504 0.80120784 0.81977093 0.9768326 0.87100434 0.89601207 0.9669665 0.86654574 0.8809723 0.8881276 0 0.88064873 0.8864954 0.87967867 0.8263631 0.8209652 0.9662408 0.96841997 0.88259256 0.8851922 0.96298385 0.76623845 0.9604604 0.75138646 0.99056727 0.97352946 0.88682157 0.8209652 0.98051995
0.9518725 0.98125964 0.87613255 0.8832416 0.97206604 0.2888058 0.29145598 0.9801504 0.6470625 0.6599691 0.09371904 0.88064873 0 0.28821814 0.2880713 0.90565103 0.908332 0.9842255 0.98645765 0.28367934 0.28557938 0.98794943 0.8783872 0.9924427 0.88194406 0.9962078 1.000751 0.3392603 0.87324363 0.9939465
0.96010065 0.9746289 0.8832416 0.8887815 0.953297 0.22636956 0.21990632 0.9706055 0.6570817 0.6682109 0.29042426 0.8864954 0.28821814 0 0.06842886 0.90098226 0.9086678 0.9709704 0.97499573 0.18519306 0.18634602 0.97426224 0.8937039 0.9775687 0.8907466 0.99131685 0.99961257 0.33894598 0.88616943 0.9831119
0.95615417 0.9790429 0.8800019 0.88291705 0.946908 0.22138256 0.21763055 0.96226203 0.6532491 0.6606927 0.2889528 0.87967867 0.2880713 0.06842886 0 0.9046481 0.9073255 0.9637064 0.9680563 0.18365853 0.18391407 0.97170067 0.8910746 0.97499573 0.890091 0.9898184 0.99734104 0.3361229 0.88162 0.98348296
0.9500957 1.001891 0.5202605 0.5232681 0.98645765 0.9059856 0.9242792 0.9695119 0.8855178 0.9029796 0.88910866 0.8263631 0.90565103 0.90098226 0.9046481 0 0.057336878 0.9801504 0.9842255 0.8897634 0.891731 0.9827411 0.79743385 0.98348296 0.80120784 1.0034139 1.0149349 0.908332 0.52608615 0.99847597
0.9440858 1.0030329 0.5214621 0.51926064 0.9946995 0.90933985 0.92462224 0.97941184 0.8881276 0.90498227 0.89601207 0.8209652 0.908332 0.9086678 0.9073255 0.057336878 0 0.99131685 0.9950763 0.891731 0.89304566 0.98907024 0.79743385 0.99056727 0.8003352 1.0095364 1.0274222 0.9113596 0.52527994 1.0080011
0.9768326 0.64045656 0.9680563 0.9939465 0.24001622 0.98051995 0.99169195 0.1841697 0.9901927 1.0049399 0.9808897 0.9662408 0.9842255 0.9709704 0.9637064 0.9801504 0.99131685 0 0.01403042 0.9857129 0.98832285 0.13938582 0.9673296 0.14047043 0.98125964 0.6568416 0.6578025 0.9698763 0.9790429 0.6390486
0.97941184 0.6437523 0.96769285 0.9931942 0.24125668 0.9857129 0.99658537 0.18378629 0.9950763 1.0099207 0.98125964 0.96841997 0.98645765 0.97499573 0.9680563 0.9842255 0.9950763 0.01403042 0 0.9931942 0.9958304 0.13926542 0.97024083 0.14034984 0.98348296 0.66093403 0.6590054 0.97499573 0.98348296 0.6402217
0.9615409 0.98051995 0.87677604 0.8855178 0.9590223 0.2204428 0.21442941 0.9764649 0.6575622 0.66359407 0.28440955 0.88259256 0.28367934 0.18519306 0.18365853 0.8897634 0.891731 0.9857129 0.9931942 0 0.010777061 0.98496884 0.89304566 0.98794943 0.8940332 0.99999183 1.0083846 0.3297319 0.87774235 0.9924427
0.96334505 0.97941184 0.87806475 0.8864954 0.96190137 0.22138256 0.2148288 0.9753628 0.6606927 0.66553456 0.28601852 0.8851922 0.28557938 0.18634602 0.18391407 0.891731 0.89304566 0.98832285 0.9958304 0.010777061 0 0.9857129 0.895022 0.98907024 0.8999856 0.99658537 1.0087683 0.3305084 0.8774201 0.9901927
0.9857129 0.6353068 0.96769285 0.9845971 0.24153262 0.97426224 0.990942 0.18225464 0.99169195 1.0015109 0.97720057 0.96298385 0.98794943 0.97426224 0.97170067 0.9827411 0.98907024 0.13938582 0.13926542 0.98496884 0.9857129 0 0.97426224 0.006225769 0.98237044 0.6494359 0.64635193 0.9779369 0.98051995 0.63228023
0.9335961 0.9651536 0.78994244 0.8038317 0.9709704 0.88682157 0.8943626 0.95294064 0.8754896 0.88682157 0.8874743 0.76623845 0.8783872 0.8937039 0.8910746 0.79743385 0.79743385 0.9673296 0.97024083 0.89304566 0.895022 0.97426224 0 0.97426224 0.52689326 0.9939465 0.98348296 0.88454145 0.800626 0.97316337
0.99169195 0.63928306 0.9709704 0.9872032 0.2427756 0.97720057 0.9931942 0.18327539 0.9950763 1.0034139 0.9816297 0.9604604 0.9924427 0.9775687 0.97499573 0.98348296 0.99056727 0.14047043 0.14034984 0.98794943 0.98907024 0.006225769 0.97426224 0 0.982 0.65277135 0.6475366 0.97941184 0.9801504 0.63460726
0.93777436 0.97170067 0.78337723 0.77715075 0.9816297 0.89304566 0.903313 0.9853408 0.88291705 0.8881276 0.8887815 0.75138646 0.88194406 0.8907466 0.890091 0.80120784 0.8003352 0.98125964 0.98348296 0.8940332 0.8999856 0.98237044 0.52689326 0.982 0 0.99885464 0.99131685 0.8800019 0.7896558 0.98645765
0.9898184 0.4362938 0.9924427 0.99999183 0.6501494 0.99545324 0.9977191 0.64587855 0.98683035 1.0080011 0.9768326 0.99056727 0.9962078 0.99131685 0.9898184 1.0034139 1.0095364 0.6568416 0.66093403 0.99999183 0.99658537 0.6494359 0.9939465 0.65277135 0.99885464 0 0.39048862 0.97170067 0.98237044 0.44674316
0.98125964 0.4361149 0.99923354 0.9980974 0.6475366 1.0064689 1.0072346 0.64564204 0.9901927 1.0164845 0.9898184 0.97352946 1.000751 0.99961257 0.99734104 1.0149349 1.0274222 0.6578025 0.6590054 1.0083846 1.0087683 0.64635193 0.98348296 0.6475366 0.99131685 0.39048862 0 0.9779369 0.98832285 0.43808508
0.94549555 0.97499573 0.88616943 0.8904187 0.95080596 0.33518422 0.34177974 0.96334505 0.6563616 0.6599691 0.34036154 0.88682157 0.3392603 0.33894598 0.3361229 0.908332 0.9113596 0.9698763 0.97499573 0.3297319 0.3305084 0.9779369 0.88454145 0.97941184 0.8800019 0.97170067 0.9779369 0 0.8871479 0.9691478
0.9304776 0.98907024 0.3077075 0.3117881 0.97867405 0.8790327 0.90031767 0.9575869 0.8832416 0.89469224 0.86877173 0.8209652 0.87324363 0.88616943 0.88162 0.52608615 0.52527994 0.9790429 0.98348296 0.87774235 0.8774201 0.98051995 0.800626 0.9801504 0.7896558 0.98237044 0.98832285 0.8871479 0 0.99281836
0.97573 0.31087938 1.0034139 1.0091523 0.6357735 0.98757625 0.99131685 0.6371753 0.96406794 0.98496884 0.97609735 0.98051995 0.9939465 0.9831119 0.98348296 0.99847597 1.0080011 0.6390486 0.6402217 0.9924427 0.9901927 0.63228023 0.97316337 0.63460726 0.98645765 0.44674316 0.43808508 0.9691478 0.99281836 0
