0 0.60984945 0.6093986 0.9943229 1.0080011 1.001891 0.9977191 0.9931942 1.0282096 0.6033384 0.59246385 1.01146 1.0149349 1.0164845 0.6132396 0.615281 1.0072346 1.0110749 1.005704 1.0258498 1.0413225 0.64564204 0.617328 0.64729947 0.60669917 0.6015522 0.61052626 0.6040094 0.6046809 0.64045656
0.60984945 0 0.11439733 0.9695119 1.014548 1.0015109 0.9746289 0.96841997 1.0118452 0.51190275 0.513091 0.99999183 1.0099207 1.0149349 0.1846812 0.18302007 0.990942 0.9950763 0.9950763 1.0223241 1.0258498 0.64824826 0.38245285 0.65181684 0.383953 0.5206608 0.31360888 0.32478142 0.3133051 0.6475366
0.6093986 0.11439733 0 0.98496884 1.0242808 1.01069 0.9857129 0.9783054 1.0099207 0.51646805 0.5168664 1.000751 1.0180373 1.0238891 0.1807261 0.17920068 0.99923354 1.0022715 1.0037951 1.0164845 1.0258498 0.6437523 0.38345262 0.64729947 0.38629258 0.5214621 0.3117881 0.3206297 0.3093673 0.64635193
0.9943229 0.9695119 0.98496884 0 0.7543881 0.7486681 0.113582425 0.11195528 0.7524766 0.99281836 0.98051995 0.45184028 0.76623845 0.7532952 0.97499573 0.97978103 0.27324238 0.27324238 0.2741066 0.7554826 0.7532952 0.98683035 0.9790429 0.9924427 0.9764649 0.98237044 0.9779369 0.98125964 0.9764649 0.9808897
1.0080011 1.014548 1.0242808 0.7543881 0 0.105596855 0.7527494 0.7554826 0.33784685 1.0080011 1.01146 0.77884376 0.2288077 0.22272713 1.033348 1.0405211 0.7656831 0.77153486 0.7687426 0.33973208 0.33847472 1.0234975 1.0064689 1.0254573 1.0137748 1.01069 1.0037951 1.0242808 1.0072346 1.0133885
1.001891 1.0015109 1.01069 0.7486681 0.105596855 0 0.7446089 0.7481256 0.3422531 0.99357027 0.9943229 0.76707226 0.22826521 0.22111394 1.0199828 1.0254573 0.7574018 0.7640195 0.7620833 0.34162202 0.34036154 1.0099207 0.99847597 1.0095364 1.0103053 0.99169195 0.98794943 1.0130024 1.0022715 0.99885464
0.9977191 0.9746289 0.9857129 0.113582425 0.7527494 0.7446089 0 0.10341278 0.7593259 0.99131685 0.9738958 0.45513538 0.762636 0.7481256 0.98237044 0.98832285 0.27612698 0.27916783 0.27800795 0.7618071 0.7587757 0.9924427 0.9845971 0.99885464 0.98348296 0.9808897 0.98237044 0.98645765 0.9845971 0.9931942
0.9931942 0.96841997 0.9783054 0.11195528 0.7554826 0.7481256 0.10341278 0 0.74650043 0.9958304 0.98051995 0.45111 0.7532952 0.7413773 0.9857129 0.9872032 0.27166054 0.2738184 0.2718042 0.7494826 0.74541897 0.98869646 0.99056727 0.9950763 0.97609735 0.9775687 0.9738958 0.9816297 0.98125964 0.9872032
1.0282096 1.0118452 1.0099207 0.7524766 0.33784685 0.3422531 0.7593259 0.74650043 0 1.0030329 1.0030329 0.7726547 0.3392603 0.33284268 1.0258498 1.0219333 0.75466156 0.75960124 0.7593259 0.09974865 0.10089177 1.032159 1.0045581 1.0337447 1.0080011 1.0110749 0.9977191 1.0168724 1.0137748 1.0122308
0.6033384 0.51190275 0.51646805 0.99281836 1.0080011 0.99357027 0.99131685 0.9958304 1.0030329 0 0.078687124 1.0080011 0.99847597 0.9950763 0.52447456 0.5190608 1.0003713 1.0095364 1.0099207 1.0030329 1.0095364 0.632745 0.5061858 0.6336756 0.5079554 0.25475803 0.5103213 0.5182621 0.51447976 0.6306556
0.59246385 0.513091 0.5168664 0.98051995 1.01146 0.9943229 0.9738958 0.98051995 1.0030329 0.078687124 0 0.9977191 0.9931942 0.99281836 0.52306724 0.5174642 0.9924427 1.0003713 1.002652 0.99923354 1.0064689 0.63460726 0.5044204 0.6362405 0.50972915 0.25630456 0.51487696 0.5202605 0.51646805 0.62996036
1.01146 0.99999183 1.000751 0.45184028 0.77884376 0.76707226 0.45513538 0.45111 0.7726547 1.0080011 0.9977191 0 0.77884376 0.77041674 1.0015109 1.0053219 0.45734018 0.46158424 0.4623248 0.76485085 0.7667942 0.9901927 0.98496884 0.99545324 1.005704 1.0080011 0.99885464 0.99923354 1.0076177 0.9939465
1.0149349 1.0099207 1.0180373 0.76623845 0.2288077 0.22826521 0.762636 0.7532952 0.3392603 0.99847597 0.9931942 0.77884376 0 0.069634914 1.0254573 1.0305767 0.75712734 0.756853 0.7598766 0.34367487 0.3439912 1.0087683 0.99999183 1.0126165 0.99999183 1.0118452 0.98125964 1.0137748 0.9958304 1.0045581
1.0164845 1.0149349 1.0238891 0.7532952 0.22272713 0.22111394 0.7481256 0.7413773 0.33284268 0.9950763 0.99281836 0.77041674 0.069634914 0 1.0234975 1.0305767 0.74650043 0.75002605 0.75165886 0.33690602 0.33690602 1.0103053 1.0064689 1.01146 0.99885464 1.0087683 0.9801504 1.0149349 0.99281836 1.0022715
0.6132396 0.1846812 0.1807261 0.97499573 1.033348 1.0199828 0.98237044 0.9857129 1.0258498 0.52447456 0.52306724 1.0015109 1.0254573 1.0234975 0 0.06275363 1.0072346 1.0110749 1.0130024 1.0365276 1.0441338 0.6570817 0.38914335 0.66286767 0.39453906 0.5317542 0.32047635 0.32756203 0.31787458 0.6570817
0.615281 0.18302007 0.17920068 0.97978103 1.0405211 1.0254573 0.98832285 0.9872032 1.0219333 0.5190608 0.5174642 1.0053219 1.0305767 1.0305767 0.06275363 0 0.99734104 0.99923354 1.0015109 1.036926 1.0453417 0.6568416 0.38964754 0.66286767 0.3911622 0.52810556 0.3201698 0.32957673 0.31741637 0.661417
1.0072346 0.990942 0.99923354 0.27324238 0.7656831 0.7574018 0.27612698 0.27166054 0.75466156 1.0003713 0.9924427 0.45734018 0.75712734 0.74650043 1.0072346 0.99734104 0 0.05120913 0.049284406 0.7565787 0.7574018 1.0076177 0.9977191 1.014548 0.98869646 0.9845971 0.9768326 0.99357027 0.98496884 1.0022715
1.0110749 0.9950763 1.0022715 0.27324238 0.77153486 0.7640195 0.27916783 0.2738184 0.75960124 1.0095364 1.0003713 0.46158424 0.756853 0.75002605 1.0110749 0.99923354 0.05120913 0 0.047897395 0.7563045 0.7593259 1.0103053 0.9969631 1.0188149 0.9943229 0.9872032 0.98645765 0.9950763 0.9853408 1.0034139
1.005704 0.9950763 1.0037951 0.2741066 0.7687426 0.7620833 0.27800795 0.2718042 0.7593259 1.0099207 1.002652 0.4623248 0.7598766 0.75165886 1.0130024 1.0015109 0.049284406 0.047897395 0 0.75466156 0.7587757 1.0133885 0.9980974 1.0211525 0.9931942 0.98683035 0.9838541 0.9931942 0.9853408 1.0034139
1.0258498 1.0223241 1.0164845 0.7554826 0.33973208 0.34162202 0.7618071 0.7494826 0.09974865 1.0030329 0.99923354 0.76485085 0.34367487 0.33690602 1.0365276 1.036926 0.7565787 0.7563045 0.75466156 0 0.04747114 1.0429276 1.0246727 1.0445362 1.018426 1.0072346 1.0053219 1.0234975 1.0207624 1.0286036
1.0413225 1.0258498 1.0258498 0.7532952 0.33847472 0.34036154 0.7587757 0.74541897 0.10089177 1.0095364 1.0064689 0.7667942 0.3439912 0.33690602 1.0441338 1.0453417 0.7574018 0.7593259 0.7587757 0.04747114 0 1.0449389 1.0317632 1.0461482 1.0207624 1.0223241 1.015322 1.0341415 1.0227151 1.0313674
0.64564204 0.64824826 0.6437523 0.98683035 1.0234975 1.0099207 0.9924427 0.98869646 1.032159 0.632745 0.63460726 0.9901927 1.0087683 1.0103053 0.6570817 0.6568416 1.0076177 1.0103053 1.0133885 1.0429276 1.0449389 0 0.64045656 0.0130122285 0.65492344 0.6336756 0.6406915 0.64516914 0.6430448 0.13291097
0.617328 0.38245285 0.38345262 0.9790429 1.0064689 0.99847597 0.9845971 0.99056727 1.0045581 0.5061858 0.5044204 0.98496884 0.99999183 1.0064689 0.38914335 0.38964754 0.9977191 0.9969631 0.9980974 1.0246727 1.0317632 0.64045656 0 0.6421026 0.37962735 0.5134875 0.38645998 0.39572456 0.3901521 0.6367077
0.64729947 0.65181684 0.64729947 0.9924427 1.0254573 1.0095364 0.99885464 0.9950763 1.0337447 0.6336756 0.6362405 0.99545324 1.0126165 1.01146 0.66286767 0.66286767 1.014548 1.0188149 1.0211525 1.0445362 1.0461482 0.0130122285 0.6421026 0 0.65852404 0.632745 0.6444604 0.6494359 0.64635193 0.134345
0.60669917 0.383953 0.38629258 0.9764649 1.0137748 1.0103053 0.98348296 0.97609735 1.0080011 0.5079554 0.50972915 1.005704 0.99999183 0.99885464 0.39453906 0.3911622 0.98869646 0.9943229 0.9931942 1.018426 1.0207624 0.65492344 0.37962735 0.65852404 0 0.5134875 0.3814544 0.3866274 0.38278595 0.6494359
0.6015522 0.5206608 0.5214621 0.98237044 1.01069 0.99169195 0.9808897 0.9775687 1.0110749 0.25475803 0.25630456 1.0080011 1.0118452 1.0087683 0.5317542 0.52810556 0.9845971 0.9872032 0.98683035 1.0072346 1.0223241 0.6336756 0.5134875 0.632745 0.5134875 0 0.5184617 0.53134793 0.5196604 0.6285719
0.61052626 0.31360888 0.3117881 0.9779369 1.0037951 0.98794943 0.98237044 0.9738958 0.9977191 0.5103213 0.51487696 0.99885464 0.98125964 0.9801504 0.32047635 0.3201698 0.9768326 0.98645765 0.9838541 1.0053219 1.015322 0.6406915 0.38645998 0.6444604 0.3814544 0.5184617 0 0.19020207 0.18365853 0.6376432
0.6040094 0.32478142 0.3206297 0.98125964 1.0242808 1.0130024 0.98645765 0.9816297 1.0168724 0.5182621 0.5202605 0.99923354 1.0137748 1.0149349 0.32756203 0.32957673 0.99357027 0.9950763 0.9931942 1.0234975 1.0341415 0.64516914 0.39572456 0.6494359 0.3866274 0.53134793 0.19020207 0 0.16175365 0.6374092
0.6046809 0.3133051 0.3093673 0.9764649 1.0072346 1.0022715 0.9845971 0.98125964 1.0137748 0.51447976 0.51646805 1.0076177 0.9958304 0.99281836 0.31787458 0.31741637 0.98496884 0.9853408 0.9853408 1.0207624 1.0227151 0.6430448 0.3901521 0.64635193 0.38278595 0.5196604 0.18365853 0.16175365 0 0.64045656
0.64045656 0.6475366 0.64635193 0.9808897 1.0133885 0.99885464 0.9931942 0.9872032 1.0122308 0.6306556 0.62996036 0.9939465 1.0045581 1.0022715 0.6570817 0.661417 1.0022715 1.0034139 1.0034139 1.0286036 1.0313674 0.13291097 0.6367077 0.134345 0.6494359 0.6285719 0.6376432 0.6374092 0.64045656 0
