0 0.932902 0.92154074 1.0068517 1.0157093 1.019204 1.0289978 1.0341415 1.0095364 1.0072346 0.9768326 0.910349 0.97573 0.9222244 0.91643286 0.9322085 0.9266836 0.91915274 0.92840576 0.92119914 0.9222244 0.9783054 1.0041765 0.97941184 0.9608204 0.9615409 0.9342909 0.9583042 0.97867405 0.97978103
0.932902 0 0.19110468 0.9543672 0.9816297 0.9801504 0.9666036 0.9958304 0.9713354 0.9764649 0.95258445 0.78565425 0.9644296 0.78736657 0.79627645 0.19784397 0.20097494 0.79310274 0.79339075 0.19914696 0.19966878 0.9626228 1.0118452 0.96298385 0.9709704 0.9540103 0.93812364 0.9518725 0.9709704 0.9768326
0.92154074 0.19110468 0 0.9615409 0.98757625 0.9827411 0.9706055 0.9931942 0.97941184 0.9764649 0.9374253 0.7805406 0.9458484 0.782809 0.7902292 0.18340309 0.18276484 0.78708094 0.7836615 0.18302007 0.18365853 0.9465546 1.0022715 0.9458484 0.9768326 0.94903165 0.92909575 0.928061 0.9611805 0.9611805
1.0068517 0.9543672 0.9615409 0 0.67555916 0.6770375 0.6570817 0.6699191 0.1732558 0.1788198 1.0080011 0.9950763 1.0219333 0.97941184 0.9783054 0.9583042 0.9615409 0.9753628 0.98794943 0.9572284 0.9593815 1.0133885 0.6677236 1.0126165 1.0203725 1.0373245 0.9845971 0.99281836 1.0223241 1.000751
1.0157093 0.9816297 0.98757625 0.67555916 0 0.12342017 0.40544835 0.40476185 0.6785187 0.680994 1.0223241 1.005704 1.0393208 0.98757625 0.9894442 0.98496884 0.9838541 0.98907024 0.99923354 0.9845971 0.98348296 0.99885464 0.49778837 0.99885464 1.0254573 1.015322 1.005704 0.98237044 1.0254573 1.0053219
1.019204 0.9801504 0.9827411 0.6770375 0.12342017 0 0.40099728 0.4028772 0.6785187 0.6790131 1.0270288 1.0203725 1.0373245 0.9894442 0.9931942 0.97426224 0.98051995 0.9924427 1.0011308 0.9790429 0.97867405 0.99734104 0.4975942 0.9977191 1.0361294 1.0103053 1.0130024 0.9808897 1.0317632 1.01146
1.0289978 0.9666036 0.9706055 0.6570817 0.40544835 0.40099728 0 0.11708111 0.654684 0.65876466 1.0266355 0.99885464 1.0329514 1.0172604 1.001891 0.9753628 0.98051995 1.0034139 1.0099207 0.9768326 0.97867405 1.0060863 0.49934357 1.0053219 1.0172604 1.015322 0.99847597 0.98237044 1.0624621 1.0076177
1.0341415 0.9958304 0.9931942 0.6699191 0.40476185 0.4028772 0.11708111 0 0.6604514 0.6667499 1.0270288 1.0041765 1.0357314 1.0286036 1.0188149 0.99056727 0.9950763 1.0149349 1.0234975 0.9980974 0.99923354 1.0176488 0.4975942 1.0172604 1.0262426 1.0477637 1.0215429 0.99999183 1.0665966 1.0219333
1.0095364 0.9713354 0.97941184 0.1732558 0.6785187 0.6785187 0.654684 0.6604514 0 0.09974865 1.015322 1.002652 1.0242808 0.9838541 0.9860852 0.97170067 0.97352946 0.9845971 0.9894442 0.97609735 0.97720057 1.015322 0.66650665 1.0141612 1.025065 1.0274222 0.98757625 1.000751 1.0329514 1.0087683
1.0072346 0.9764649 0.9764649 0.1788198 0.680994 0.6790131 0.65876466 0.6667499 0.09974865 0 1.018426 1.0091523 1.0246727 0.9860852 0.98869646 0.97426224 0.97609735 0.98869646 0.9969631 0.98125964 0.982 1.0176488 0.67285645 1.0168724 1.0317632 1.0361294 0.98794943 1.01069 1.0345387 1.0080011
0.9768326 0.95258445 0.9374253 1.0080011 1.0223241 1.0270288 1.0266355 1.0270288 1.015322 1.018426 0 0.94549555 0.07304426 0.936379 0.93847305 0.9557965 0.9568702 0.94127417 0.93812364 0.9440858 0.9465546 0.48679987 1.019204 0.48679987 0.828171 0.8275679 0.4106172 0.5024637 0.31833306 0.5069718
0.910349 0.78565425 0.7805406 0.9950763 1.005704 1.0203725 0.99885464 1.0041765 1.002652 1.0091523 0.94549555 0 0.96841997 0.73815954 0.74057156 0.7842303 0.77940893 0.7419149 0.7394986 0.7913773 0.79223955 0.96010065 1.001891 0.9583042 0.94867724 0.9575869 0.9349863 0.95151687 0.936379 0.9557965
0.97573 0.9644296 0.9458484 1.0219333 1.0393208 1.0373245 1.0329514 1.0357314 1.0242808 1.0246727 0.07304426 0.96841997 0 0.9391723 0.9433819 0.959741 0.9666036 0.9458484 0.9405729 0.9540103 0.9554389 0.491407 1.0223241 0.4923704 0.8257614 0.8275679 0.40854537 0.50344145 0.3189448 0.51229864
0.9222244 0.78736657 0.782809 0.97941184 0.98757625 0.9894442 1.0172604 1.0286036 0.9838541 0.9860852 0.936379 0.73815954 0.9391723 0 0.077244714 0.78994244 0.7845149 0.074147366 0.07591571 0.7853693 0.78650993 0.94162506 1.005704 0.94092345 0.9536536 0.9608204 0.93324894 0.93672764 0.9637064 0.9479691
0.91643286 0.79627645 0.7902292 0.9783054 0.9894442 0.9931942 1.001891 1.0188149 0.9860852 0.98869646 0.93847305 0.74057156 0.9433819 0.077244714 0 0.7882242 0.7859394 0.050353087 0.053675707 0.78994244 0.7913773 0.94373375 1.000751 0.94232726 0.94867724 0.95151687 0.9297863 0.9430302 0.9698763 0.94867724
0.9322085 0.19784397 0.18340309 0.9583042 0.98496884 0.97426224 0.9753628 0.99056727 0.97170067 0.97426224 0.9557965 0.7842303 0.959741 0.78994244 0.7882242 0 0.044706352 0.7862246 0.7847996 0.19317186 0.19330125 0.95615417 1.018426 0.95615417 0.9775687 0.9458484 0.9500957 0.9440858 0.9709704 0.96010065
0.9266836 0.20097494 0.18276484 0.9615409 0.9838541 0.98051995 0.98051995 0.9950763 0.97352946 0.97609735 0.9568702 0.77940893 0.9666036 0.7845149 0.7859394 0.044706352 0 0.7853693 0.7813905 0.19524476 0.1953745 0.959741 1.01146 0.96010065 0.9801504 0.95151687 0.9479691 0.95080596 0.98051995 0.9644296
0.91915274 0.79310274 0.78708094 0.9753628 0.98907024 0.9924427 1.0034139 1.0149349 0.9845971 0.98869646 0.94127417 0.7419149 0.9458484 0.074147366 0.050353087 0.7862246 0.7853693 0 0.042904105 0.7890828 0.7905161 0.9458484 1.0045581 0.94479036 0.95508146 0.9611805 0.92771643 0.94092345 0.9673296 0.9497408
0.92840576 0.79339075 0.7836615 0.98794943 0.99923354 1.0011308 1.0099207 1.0234975 0.9894442 0.9969631 0.93812364 0.7394986 0.9405729 0.07591571 0.053675707 0.7847996 0.7813905 0.042904105 0 0.7893693 0.790803 0.9433819 1.0126165 0.94232726 0.9543672 0.96769285 0.9253087 0.9370764 0.9637064 0.93987226
0.92119914 0.19914696 0.18302007 0.9572284 0.9845971 0.9790429 0.9768326 0.9980974 0.97609735 0.98125964 0.9440858 0.7913773 0.9540103 0.7853693 0.78994244 0.19317186 0.19524476 0.7890828 0.7893693 0 0.0028052398 0.9483231 1.01069 0.9479691 0.9738958 0.95258445 0.9402225 0.94232726 0.9572284 0.95508146
0.9222244 0.19966878 0.18365853 0.9593815 0.98348296 0.97867405 0.97867405 0.99923354 0.97720057 0.982 0.9465546 0.79223955 0.9554389 0.78650993 0.7913773 0.19330125 0.1953745 0.7905161 0.790803 0.0028052398 0 0.9493862 1.0110749 0.94903165 0.97499573 0.9540103 0.94092345 0.9419761 0.9583042 0.9554389
0.9783054 0.9626228 0.9465546 1.0133885 0.99885464 0.99734104 1.0060863 1.0176488 1.015322 1.0176488 0.48679987 0.96010065 0.491407 0.94162506 0.94373375 0.95615417 0.959741 0.9458484 0.9433819 0.9483231 0.9493862 0 1.0076177 0.003206846 0.8188765 0.8224607 0.48108047 0.3901521 0.4939144 0.27699456
1.0041765 1.0118452 1.0022715 0.6677236 0.49778837 0.4975942 0.49934357 0.4975942 0.66650665 0.67285645 1.019204 1.001891 1.0223241 1.005704 1.000751 1.018426 1.01146 1.0045581 1.0126165 1.01069 1.0110749 1.0076177 0 1.0103053 1.001891 1.0274222 0.9924427 0.99545324 1.0242808 1.0211525
0.97941184 0.96298385 0.9458484 1.0126165 0.99885464 0.9977191 1.0053219 1.0172604 1.0141612 1.0168724 0.48679987 0.9583042 0.4923704 0.94092345 0.94232726 0.95615417 0.96010065 0.94479036 0.94232726 0.9479691 0.94903165 0.003206846 1.0103053 0 0.8188765 0.8221614 0.48184055 0.39082533 0.49507448 0.27771828
0.9608204 0.9709704 0.9768326 1.0203725 1.0254573 1.0361294 1.0172604 1.0262426 1.025065 1.0317632 0.828171 0.94867724 0.8257614 0.9536536 0.94867724 0.9775687 0.9801504 0.95508146 0.9543672 0.9738958 0.97499573 0.8188765 1.001891 0.8188765 0 0.44819596 0.80120784 0.82186216 0.8156059 0.8150128
0.9615409 0.9540103 0.94903165 1.0373245 1.015322 1.0103053 1.015322 1.0477637 1.0274222 1.0361294 0.8275679 0.9575869 0.8275679 0.9608204 0.95151687 0.9458484 0.95151687 0.9611805 0.96769285 0.95258445 0.9540103 0.8224607 1.0274222 0.8221614 0.44819596 0 0.80705124 0.814124 0.8351422 0.83240664
0.9342909 0.93812364 0.92909575 0.9845971 1.005704 1.0130024 0.99847597 1.0215429 0.98757625 0.98794943 0.4106172 0.9349863 0.40854537 0.93324894 0.9297863 0.9500957 0.9479691 0.92771643 0.9253087 0.9402225 0.94092345 0.48108047 0.9924427 0.48184055 0.80120784 0.80705124 0 0.4858436 0.40975326 0.48660854
0.9583042 0.9518725 0.928061 0.99281836 0.98237044 0.9808897 0.98237044 0.99999183 1.000751 1.01069 0.5024637 0.95151687 0.50344145 0.93672764 0.9430302 0.9440858 0.95080596 0.94092345 0.9370764 0.94232726 0.9419761 0.3901521 0.99545324 0.39082533 0.82186216 0.814124 0.4858436 0 0.4919849 0.38780046
0.97867405 0.9709704 0.9611805 1.0223241 1.0254573 1.0317632 1.0624621 1.0665966 1.0329514 1.0345387 0.31833306 0.936379 0.3189448 0.9637064 0.9698763 0.9709704 0.98051995 0.9673296 0.9637064 0.9572284 0.9583042 0.4939144 1.0242808 0.49507448 0.8156059 0.8351422 0.40975326 0.4919849 0 0.50481236
0.97978103 0.9768326 0.9611805 1.000751 1.0053219 1.01146 1.0076177 1.0219333 1.0087683 1.0080011 0.5069718 0.9557965 0.51229864 0.9479691 0.94867724 0.96010065 0.9644296 0.9497408 0.93987226 0.95508146 0.9554389 0.27699456 1.0211525 0.27771828 0.8150128 0.83240664 0.48660854 0.38780046 0.50481236 0
