0 1.0254573 1.032159 1.0199828 1.0180373 0.9360306 0.9977191 0.99999183 0.94127417 0.94373375 0.94549555 0.69956917 0.95258445 0.94127417 0.94127417 0.9304776 0.9259958 0.99923354 0.9962078 1.018426 1.0242808 1.0357314 0.71161044 1.0397208 1.0301816 0.9270277 0.93777436 1.0341415 0.9511613 0.94267863
1.0254573 0 0.22948638 0.79627645 0.8017901 1.0060863 0.96010065 0.9709704 1.030972 1.0345387 1.0091523 1.0076177 1.0122308 1.0289978 1.0274222 0.9939465 0.9872032 0.9894442 0.97720057 0.8047084 0.8055861 0.24485183 1.0157093 0.24471323 0.5669055 0.98757625 1.0231062 0.8047084 1.0262426 1.0080011
1.032159 0.22948638 0 0.81590265 0.8200693 0.99999183 0.97867405 0.9801504 1.0234975 1.0258498 1.0160967 1.014548 1.0160967 1.018426 1.0126165 0.9898184 0.98757625 0.99131685 0.9838541 0.81442016 0.8153093 0.24388221 1.018426 0.2424992 0.56456673 0.99734104 1.0176488 0.806758 1.033348 1.0068517
1.0199828 0.79627645 0.81590265 0 0.18340309 1.0015109 0.9827411 0.9943229 1.0297868 1.0413225 1.000751 0.98348296 0.99658537 0.9857129 0.98907024 0.98794943 0.9939465 0.9969631 0.9920673 0.22785859 0.2290791 0.8038317 0.98348296 0.8114639 0.7994636 0.98757625 0.9962078 0.41756493 1.0401208 0.9958304
1.0180373 0.8017901 0.8200693 0.18340309 0 1.0118452 0.9920673 0.98832285 1.0168724 1.0286036 1.0053219 0.9943229 1.0049399 0.9872032 0.9872032 0.99961257 0.9924427 1.0015109 0.99131685 0.22636956 0.22664008 0.8096957 1.0003713 0.8156059 0.8079317 0.9831119 0.9950763 0.4147781 1.033348 0.9969631
0.9360306 1.0060863 0.99999183 1.0015109 1.0118452 0 0.9924427 0.99999183 0.87967867 0.8800019 0.8927168 0.91575444 0.895022 0.87967867 0.88291705 0.16986184 0.16961105 1.002652 0.99658537 1.0238891 1.0293922 1.0060863 0.92359364 1.0041765 1.0301816 0.8790327 0.4458366 1.0087683 0.8963424 0.8881276
0.9977191 0.96010065 0.97867405 0.9827411 0.9920673 0.9924427 0 0.12130119 1.019204 1.0168724 0.9969631 1.0091523 0.9946995 1.000751 0.9977191 0.98348296 0.98348296 0.14240249 0.14010872 0.96190137 0.9637064 0.97867405 0.9943229 0.9838541 0.97206604 0.9775687 1.0037951 0.9842255 0.9920673 1.0015109
0.99999183 0.9709704 0.9801504 0.9943229 0.98832285 0.99999183 0.12130119 0 0.99999183 1.0072346 0.98237044 0.98757625 0.9816297 0.98907024 0.9894442 0.9924427 0.9969631 0.141919 0.13950627 0.9768326 0.9838541 0.98237044 0.9845971 0.9845971 0.96298385 0.98125964 0.99923354 0.9950763 0.9939465 0.98832285
0.94127417 1.030972 1.0234975 1.0297868 1.0168724 0.87967867 1.019204 0.99999183 0 0.12412783 0.41338858 0.91473794 0.41739044 0.6795078 0.67802465 0.8809723 0.870685 1.0242808 1.025065 1.0227151 1.0254573 1.0246727 0.9218825 1.0199828 0.99169195 0.5767656 0.890091 1.0485728 0.4200119 0.41425672
0.94373375 1.0345387 1.0258498 1.0413225 1.0286036 0.8800019 1.0168724 1.0072346 0.12412783 0 0.4200119 0.93082345 0.42281827 0.69349426 0.6924865 0.8832416 0.8713238 1.0293922 1.0258498 1.0297868 1.0349361 1.0345387 0.92909575 1.0297868 1.0053219 0.5871945 0.8953518 1.0401208 0.42988047 0.4258116
0.94549555 1.0091523 1.0160967 1.000751 1.0053219 0.8927168 0.9969631 0.98237044 0.41338858 0.4200119 0 0.92119914 0.124718055 0.6807461 0.6877182 0.8851922 0.87806475 1.0015109 1.0118452 1.0207624 1.030972 1.019204 0.927372 1.0223241 0.9977191 0.5741809 0.90665525 1.0433295 0.31300145 0.27223536
0.69956917 1.0076177 1.014548 0.98348296 0.9943229 0.91575444 1.0091523 0.98757625 0.91473794 0.93082345 0.92119914 0 0.9263396 0.9256522 0.9222244 0.9073255 0.90900373 0.9950763 0.99131685 0.9842255 0.990942 1.0211525 0.702115 1.019204 1.002652 0.92017525 0.9430302 1.0215429 0.92085767 0.92359364
0.95258445 1.0122308 1.0160967 0.99658537 1.0049399 0.895022 0.9946995 0.9816297 0.41739044 0.42281827 0.124718055 0.9263396 0 0.680994 0.6892207 0.8884545 0.8754896 1.001891 1.0064689 1.0083846 1.019204 1.0180373 0.9335961 1.0203725 1.0037951 0.5750415 0.8871479 1.0405211 0.31528178 0.27728397
0.94127417 1.0289978 1.018426 0.9857129 0.9872032 0.87967867 1.000751 0.98907024 0.6795078 0.69349426 0.6807461 0.9256522 0.680994 0 0.07205285 0.8790327 0.8722831 0.98794943 0.98683035 0.9860852 0.99056727 1.0345387 0.91541547 1.032159 1.000751 0.6812419 0.8996537 1.0160967 0.68149 0.6772841
0.94127417 1.0274222 1.0126165 0.98907024 0.9872032 0.88291705 0.9977191 0.9894442 0.67802465 0.6924865 0.6877182 0.9222244 0.6892207 0.07205285 0 0.87774235 0.87420535 0.98832285 0.9853408 0.9845971 0.9901927 1.036926 0.9150766 1.0341415 0.9920673 0.6867182 0.89601207 1.0188149 0.6844731 0.6834774
0.9304776 0.9939465 0.9898184 0.98794943 0.99961257 0.16986184 0.98348296 0.9924427 0.8809723 0.8832416 0.8851922 0.9073255 0.8884545 0.8790327 0.87774235 0 0.06471328 0.99131685 0.98237044 1.0015109 1.0072346 0.99885464 0.91169673 0.99847597 1.0176488 0.8923881 0.44366533 1.0030329 0.8940332 0.88259256
0.9259958 0.9872032 0.98757625 0.9939465 0.9924427 0.16961105 0.98348296 0.9969631 0.870685 0.8713238 0.87806475 0.90900373 0.8754896 0.8722831 0.87420535 0.06471328 0 0.9962078 0.98645765 0.9946995 0.99961257 0.99961257 0.91779155 0.9962078 1.0034139 0.87645423 0.44475016 1.0037951 0.88259256 0.8793556
0.99923354 0.9894442 0.99131685 0.9969631 1.0015109 1.002652 0.14240249 0.141919 1.0242808 1.0293922 1.0015109 0.9950763 1.001891 0.98794943 0.98832285 0.99131685 0.9962078 0 0.0711727 0.97316337 0.9764649 0.9939465 0.99885464 0.99658537 0.9713354 0.9753628 1.0034139 0.9924427 1.0118452 0.99923354
0.9962078 0.97720057 0.9838541 0.9920673 0.99131685 0.99658537 0.14010872 0.13950627 1.025065 1.0258498 1.0118452 0.99131685 1.0064689 0.98683035 0.9853408 0.98237044 0.98645765 0.0711727 0 0.97499573 0.982 0.9857129 0.99131685 0.98237044 0.9611805 0.982 0.9958304 0.9924427 1.018426 1.0041765
1.018426 0.8047084 0.81442016 0.22785859 0.22636956 1.0238891 0.96190137 0.9768326 1.0227151 1.0297868 1.0207624 0.9842255 1.0083846 0.9860852 0.9845971 1.0015109 0.9946995 0.97316337 0.97499573 0 0.05830901 0.81382793 0.98757625 0.81768554 0.8102846 0.99056727 0.99923354 0.42088777 1.0254573 0.98832285
1.0242808 0.8055861 0.8153093 0.2290791 0.22664008 1.0293922 0.9637064 0.9838541 1.0254573 1.0349361 1.030972 0.990942 1.019204 0.99056727 0.9901927 1.0072346 0.99961257 0.9764649 0.982 0.05830901 0 0.8114639 0.9924427 0.81709075 0.81353205 0.9969631 0.9962078 0.42404935 1.0409217 1.0049399
1.0357314 0.24485183 0.24388221 0.8038317 0.8096957 1.0060863 0.97867405 0.98237044 1.0246727 1.0345387 1.019204 1.0211525 1.0180373 1.0345387 1.036926 0.99885464 0.99961257 0.9939465 0.9857129 0.81382793 0.8114639 0 1.0357314 0.03270273 0.571605 1.0087683 1.0207624 0.81828076 1.0313674 1.0195932
0.71161044 1.0157093 1.018426 0.98348296 1.0003713 0.92359364 0.9943229 0.9845971 0.9218825 0.92909575 0.927372 0.702115 0.9335961 0.91541547 0.9150766 0.91169673 0.91779155 0.99885464 0.99131685 0.98757625 0.9924427 1.0357314 0 1.0461482 1.0064689 0.9388226 0.932902 1.018426 0.93116945 0.92393637
1.0397208 0.24471323 0.2424992 0.8114639 0.8156059 1.0041765 0.9838541 0.9845971 1.0199828 1.0297868 1.0223241 1.019204 1.0203725 1.032159 1.0341415 0.99847597 0.9962078 0.99658537 0.98237044 0.81768554 0.81709075 0.03270273 1.0461482 0 0.57267725 1.0110749 1.0238891 0.8179831 1.0341415 1.014548
1.0301816 0.5669055 0.56456673 0.7994636 0.8079317 1.0301816 0.97206604 0.96298385 0.99169195 1.0053219 0.9977191 1.002652 1.0037951 1.000751 0.9920673 1.0176488 1.0034139 0.9713354 0.9611805 0.8102846 0.81353205 0.571605 1.0064689 0.57267725 0 0.9842255 1.0203725 0.80910724 1.0053219 0.9901927
0.9270277 0.98757625 0.99734104 0.98757625 0.9831119 0.8790327 0.9775687 0.98125964 0.5767656 0.5871945 0.5741809 0.92017525 0.5750415 0.6812419 0.6867182 0.8923881 0.87645423 0.9753628 0.982 0.99056727 0.9969631 1.0087683 0.9388226 1.0110749 0.9842255 0 0.8874743 1.0122308 0.5741809 0.57827747
0.93777436 1.0231062 1.0176488 0.9962078 0.9950763 0.4458366 1.0037951 0.99923354 0.890091 0.8953518 0.90665525 0.9430302 0.8871479 0.8996537 0.89601207 0.44366533 0.44475016 1.0034139 0.9958304 0.99923354 0.9962078 1.0207624 0.932902 1.0238891 1.0203725 0.8874743 0 1.0262426 0.8871479 0.88291705
1.0341415 0.8047084 0.806758 0.41756493 0.4147781 1.0087683 0.9842255 0.9950763 1.0485728 1.0401208 1.0433295 1.0215429 1.0405211 1.0160967 1.0188149 1.0030329 1.0037951 0.9924427 0.9924427 0.42088777 0.42404935 0.81828076 1.018426 0.8179831 0.80910724 1.0122308 1.0262426 0 1.0665966 1.0317632
0.9511613 1.0262426 1.033348 1.0401208 1.033348 0.8963424 0.9920673 0.9939465 0.4200119 0.42988047 0.31300145 0.92085767 0.31528178 0.68149 0.6844731 0.8940332 0.88259256 1.0118452 1.018426 1.0254573 1.0409217 1.0313674 0.93116945 1.0341415 1.0053219 0.5741809 0.8871479 1.0665966 0 0.31133363
0.94267863 1.0080011 1.0068517 0.9958304 0.9969631 0.8881276 1.0015109 0.98832285 0.41425672 0.4258116 0.27223536 0.92359364 0.27728397 0.6772841 0.6834774 0.88259256 0.8793556 0.99923354 1.0041765 0.98832285 1.0049399 1.0195932 0.92393637 1.014548 0.9901927 0.57827747 0.88291705 1.0317632 0.31133363 0
