0 0.9242792 0.6360069 1.0060863 1.0034139 1.0053219 0.9894442 1.0049399 0.6267246 0.6184676 0.9827411 1.0034139 0.99545324 1.0068517 0.9980974 0.91915274 0.90565103 0.6186958 0.6141462 1.0095364 1.0164845 0.6103006 0.959741 0.61369276 0.603562 0.98237044 0.9518725 0.9335961 0.6294973 0.60625017
0.9242792 0 0.9301319 0.9977191 0.99961257 0.9977191 0.97573 0.98348296 0.90264636 0.90398026 0.99658537 0.99734104 1.0278157 1.0103053 0.9950763 0.2520942 0.24748999 0.91473794 0.91439945 1.0030329 1.0160967 0.908332 0.990942 0.91439945 0.91711193 0.97206604 0.87806475 0.8855178 0.9073255 0.8996537
0.6360069 0.9301319 0 0.98869646 0.982 0.98683035 0.9709704 0.9801504 0.23767869 0.23439102 0.9768326 0.98757625 0.99658537 0.9901927 0.97352946 0.931862 0.91915274 0.40270612 0.40014434 0.97867405 0.98794943 0.39997387 0.95080596 0.40099728 0.49643022 0.990942 0.94867724 0.93672764 0.39217365 0.38045728
1.0060863 0.9977191 0.98869646 0 0.2515346 0.24637805 0.22731678 0.2288077 0.96010065 0.9662408 0.5548647 0.5607553 0.56223524 0.3712142 0.3702306 1.002652 0.99885464 0.9845971 0.98125964 0.3768125 0.3753265 0.97867405 0.5368514 0.97867405 0.98237044 0.55172795 1.0199828 1.0282096 0.97352946 0.9608204
1.0034139 0.99961257 0.982 0.2515346 0 0.22205454 0.24042948 0.25139478 0.9713354 0.9738958 0.56350607 0.5584356 0.56456673 0.36614606 0.35820433 0.99885464 0.99658537 0.9901927 0.9838541 0.3695756 0.3685941 0.9831119 0.5339927 0.9857129 0.99357027 0.5607553 1.0238891 1.018426 0.98907024 0.9842255
1.0053219 0.9977191 0.98683035 0.24637805 0.22205454 0 0.24374379 0.24610032 0.97170067 0.9673296 0.5554936 0.56054413 0.5607553 0.36892113 0.36386842 0.9962078 0.9943229 0.98125964 0.9764649 0.36614606 0.36761394 0.97573 0.53297436 0.97941184 0.99169195 0.5481887 1.0168724 1.0223241 0.9946995 0.97978103
0.9894442 0.97573 0.9709704 0.22731678 0.24042948 0.24374379 0 0.22124824 0.9500957 0.9590223 0.5492279 0.56223524 0.5569632 0.37055832 0.3635436 0.97352946 0.97316337 0.9644296 0.9572284 0.37154236 0.37072223 0.9568702 0.52527994 0.959741 0.9709704 0.53951573 0.9950763 0.99545324 0.98348296 0.9691478
1.0049399 0.98348296 0.9801504 0.2288077 0.25139478 0.24610032 0.22124824 0 0.95258445 0.96190137 0.5569632 0.5592783 0.5626586 0.3685941 0.363706 0.982 0.98237044 0.9872032 0.98125964 0.3733498 0.37466702 0.97941184 0.5358292 0.9845971 0.99169195 0.5488121 0.9931942 1.0133885 0.9958304 0.9695119
0.6267246 0.90264636 0.23767869 0.96010065 0.9713354 0.97170067 0.9500957 0.95258445 0 0.20635414 0.9583042 0.9857129 0.9713354 0.9783054 0.95615417 0.8927168 0.8923881 0.39133066 0.3866274 0.98051995 0.9894442 0.3884716 0.96010065 0.38931137 0.4979826 0.97024083 0.9440858 0.9339434 0.38245285 0.37714309
0.6184676 0.90398026 0.23439102 0.9662408 0.9738958 0.9673296 0.9590223 0.96190137 0.20635414 0 0.9575869 0.9783054 0.9753628 0.97941184 0.9680563 0.9006499 0.8920595 0.38931137 0.3884716 0.9695119 0.9783054 0.38897535 0.9611805 0.38931137 0.4858436 0.982 0.936379 0.936379 0.38295257 0.36924827
0.9827411 0.99658537 0.9768326 0.5548647 0.56350607 0.5554936 0.5492279 0.5569632 0.9583042 0.9575869 0 0.5761186 0.20110568 0.556543 0.5506852 0.9860852 0.9775687 0.97243166 0.9680563 0.55801463 0.5584356 0.96010065 0.54054296 0.96190137 0.98051995 0.43041283 1.000751 0.9958304 0.97024083 0.9738958
1.0034139 0.99734104 0.98757625 0.5607553 0.5584356 0.56054413 0.56223524 0.5592783 0.9857129 0.9783054 0.5761186 0 0.56754464 0.5506852 0.54322046 1.01146 1.0080011 0.98645765 0.98757625 0.54985213 0.5481887 0.9838541 0.5301304 0.9860852 0.98348296 0.55131066 1.0199828 1.0203725 0.99169195 0.98869646
0.99545324 1.0278157 0.99658537 0.56223524 0.56456673 0.5607553 0.5569632 0.5626586 0.9713354 0.9753628 0.20110568 0.56754464 0 0.5552839 0.549644 1.0141612 1.0095364 1.0037951 0.98832285 0.55402696 0.55381763 0.98832285 0.5421895 0.9898184 0.9980974 0.4212384 1.0099207 1.0022715 0.9969631 0.99885464
1.0068517 1.0103053 0.9901927 0.3712142 0.36614606 0.36892113 0.37055832 0.3685941 0.9783054 0.97941184 0.556543 0.5506852 0.5552839 0 0.06079909 0.9962078 0.99885464 0.97978103 0.9764649 0.14591707 0.14616007 0.9746289 0.51388425 0.97978103 0.9946995 0.54177755 1.032159 1.0133885 0.9860852 0.9860852
0.9980974 0.9950763 0.97352946 0.3702306 0.35820433 0.36386842 0.3635436 0.363706 0.95615417 0.9680563 0.5506852 0.54322046 0.549644 0.06079909 0 0.9898184 0.9901927 0.96298385 0.959741 0.141919 0.14264435 0.95794547 0.5071684 0.96334505 0.982 0.53419656 1.0266355 1.0064689 0.96298385 0.97316337
0.91915274 0.2520942 0.931862 1.002652 0.99885464 0.9962078 0.97352946 0.982 0.8927168 0.9006499 0.9860852 1.01146 1.0141612 0.9962078 0.9898184 0 0.060907543 0.9133848 0.9113596 0.9898184 0.99961257 0.9073255 0.9920673 0.9100125 0.90766084 0.9738958 0.88910866 0.87645423 0.9086678 0.89469224
0.90565103 0.24748999 0.91915274 0.99885464 0.99658537 0.9943229 0.97316337 0.98237044 0.8923881 0.8920595 0.9775687 1.0080011 1.0095364 0.99885464 0.9901927 0.060907543 0 0.90799636 0.9053166 0.98496884 0.9980974 0.9043141 0.98832285 0.9069903 0.8923881 0.96769285 0.8790327 0.8745262 0.89932185 0.8835664
0.6186958 0.91473794 0.40270612 0.9845971 0.9901927 0.98125964 0.9644296 0.9872032 0.39133066 0.38931137 0.97243166 0.98645765 1.0037951 0.97978103 0.96298385 0.9133848 0.90799636 0 0.04843056 0.97978103 0.98907024 0.048537236 0.97941184 0.05056701 0.50090206 0.9775687 0.94267863 0.93568236 0.39827126 0.38998386
0.6141462 0.91439945 0.40014434 0.98125964 0.9838541 0.9764649 0.9572284 0.98125964 0.3866274 0.3884716 0.9680563 0.98757625 0.98832285 0.9764649 0.959741 0.9113596 0.9053166 0.04843056 0 0.97573 0.982 0.036787648 0.9768326 0.039207175 0.5022683 0.98237044 0.9391723 0.9301319 0.39048862 0.38629258
1.0095364 1.0030329 0.97867405 0.3768125 0.3695756 0.36614606 0.37154236 0.3733498 0.98051995 0.9695119 0.55801463 0.54985213 0.55402696 0.14591707 0.141919 0.9898184 0.98496884 0.97978103 0.97573 0 0.02760173 0.97573 0.515871 0.9779369 0.99281836 0.54095423 1.0301816 1.002652 0.9860852 0.9727974
1.0164845 1.0160967 0.98794943 0.3753265 0.3685941 0.36761394 0.37072223 0.37466702 0.9894442 0.9783054 0.5584356 0.5481887 0.55381763 0.14616007 0.14264435 0.99961257 0.9980974 0.98907024 0.982 0.02760173 0 0.9838541 0.51806253 0.98683035 1.002652 0.5436332 1.0313674 1.0041765 0.990942 0.98496884
0.6103006 0.908332 0.39997387 0.97867405 0.9831119 0.97573 0.9568702 0.97941184 0.3884716 0.38897535 0.96010065 0.9838541 0.98832285 0.9746289 0.95794547 0.9073255 0.9043141 0.048537236 0.036787648 0.97573 0.9838541 0 0.9709704 0.018321985 0.50090206 0.9706055 0.93672764 0.92462224 0.39099374 0.38478774
0.959741 0.990942 0.95080596 0.5368514 0.5339927 0.53297436 0.52527994 0.5358292 0.96010065 0.9611805 0.54054296 0.5301304 0.5421895 0.51388425 0.5071684 0.9920673 0.98832285 0.97941184 0.9768326 0.515871 0.51806253 0.9709704 0 0.97024083 0.98237044 0.53195745 0.99357027 1.000751 0.96334505 0.9768326
0.61369276 0.91439945 0.40099728 0.97867405 0.9857129 0.97941184 0.959741 0.9845971 0.38931137 0.38931137 0.96190137 0.9860852 0.9898184 0.97978103 0.96334505 0.9100125 0.9069903 0.05056701 0.039207175 0.9779369 0.98683035 0.018321985 0.97024083 0 0.50070703 0.96841997 0.94162506 0.92840576 0.3935244 0.38897535
0.603562 0.91711193 0.49643022 0.98237044 0.99357027 0.99169195 0.9709704 0.99169195 0.4979826 0.4858436 0.98051995 0.98348296 0.9980974 0.9946995 0.982 0.90766084 0.8923881 0.50090206 0.5022683 0.99281836 1.002652 0.50090206 0.98237044 0.50070703 0 0.9669665 0.94620144 0.9232511 0.5032458 0.48718274
0.98237044 0.97206604 0.990942 0.55172795 0.5607553 0.5481887 0.53951573 0.5488121 0.97024083 0.982 0.43041283 0.55131066 0.4212384 0.54177755 0.53419656 0.9738958 0.96769285 0.9775687 0.98237044 0.54095423 0.5436332 0.9706055 0.53195745 0.96841997 0.9669665 0 0.990942 0.98683035 0.97941184 0.9857129
0.9518725 0.87806475 0.94867724 1.0199828 1.0238891 1.0168724 0.9950763 0.9931942 0.9440858 0.936379 1.000751 1.0199828 1.0099207 1.032159 1.0266355 0.88910866 0.8790327 0.94267863 0.9391723 1.0301816 1.0313674 0.93672764 0.99357027 0.94162506 0.94620144 0.990942 0 0.33237523 0.9511613 0.9405729
0.9335961 0.8855178 0.93672764 1.0282096 1.018426 1.0223241 0.99545324 1.0133885 0.9339434 0.936379 0.9958304 1.0203725 1.0022715 1.0133885 1.0064689 0.87645423 0.8745262 0.93568236 0.9301319 1.002652 1.0041765 0.92462224 1.000751 0.92840576 0.9232511 0.98683035 0.33237523 0 0.94620144 0.91779155
0.6294973 0.9073255 0.39217365 0.97352946 0.98907024 0.9946995 0.98348296 0.9958304 0.38245285 0.38295257 0.97024083 0.99169195 0.9969631 0.9860852 0.96298385 0.9086678 0.89932185 0.39827126 0.39048862 0.9860852 0.990942 0.39099374 0.96334505 0.3935244 0.5032458 0.97941184 0.9511613 0.94620144 0 0.28645793
0.60625017 0.8996537 0.38045728 0.9608204 0.9842255 0.97978103 0.9691478 0.9695119 0.37714309 0.36924827 0.9738958 0.98869646 0.99885464 0.9860852 0.97316337 0.89469224 0.8835664 0.38998386 0.38629258 0.9727974 0.98496884 0.38478774 0.9768326 0.38897535 0.48718274 0.9857129 0.9405729 0.91779155 0.28645793 0
