0 0.9123715 0.8989902 0.8923881 0.88943595 0.90098226 0.9086678 0.89766514 0.8923881 0.8979962 1.0011308 0.91541547 0.90766084 0.8887815 0.8989902 0.89865875 0.90031767 0.90933985 0.9086678 0.99734104 1.000751 0.8970035 0.877098 0.89766514 0.9263396 1.0083846 1.0203725 0.89932185 0.8953518 0.8956819
0.9123715 0 0.67114156 0.67629796 0.5656289 0.7026252 0.5802258 0.7222747 0.71161044 0.5698927 0.98125964 0.5597 0.5656289 0.7033912 0.7067194 0.187244 0.18737236 0.5784937 0.5756876 0.9857129 0.9845971 0.5656289 0.7005865 0.56456673 0.5750415 0.9962078 0.9831119 0.22057699 0.7098048 0.7152349
0.8989902 0.67114156 0 0.16162959 0.6777777 0.7013504 0.67383814 0.72148925 0.71006244 0.6834774 0.9768326 0.6772841 0.6899731 0.700841 0.70007765 0.66504896 0.6686986 0.6775309 0.6772841 0.9901927 0.98869646 0.68621874 0.70160514 0.68571955 0.6844731 0.9901927 1.0049399 0.66796726 0.7167936 0.7105781
0.8923881 0.67629796 0.16162959 0 0.66650665 0.695261 0.6772841 0.7207046 0.7082605 0.6790131 0.98794943 0.6775309 0.68198633 0.70160514 0.6998234 0.6699191 0.6699191 0.6785187 0.6790131 1.0003713 0.9977191 0.67654437 0.695261 0.6772841 0.6854701 0.99357027 1.0045581 0.66918653 0.71445674 0.7098048
0.88943595 0.5656289 0.6777777 0.66650665 0 0.6733471 0.5360335 0.68149 0.68397504 0.10490646 0.96841997 0.5264896 0.10790278 0.675067 0.6772841 0.56477904 0.568611 0.53297436 0.5289148 0.9698763 0.97170067 0.107671864 0.66504896 0.10663364 0.5376702 0.9783054 0.9673296 0.55948913 0.6832287 0.6832287
0.90098226 0.7026252 0.7013504 0.695261 0.6733471 0 0.6899731 0.09872133 0.09894951 0.68223464 0.97941184 0.6899731 0.6869681 0.10490646 0.105481744 0.7013504 0.7080034 0.6867182 0.6894714 0.9801504 0.9853408 0.6887196 0.29396757 0.68796843 0.6937464 0.9827411 0.9764649 0.7031358 0.21656199 0.18865727
0.9086678 0.5802258 0.67383814 0.6772841 0.5360335 0.6899731 0 0.7005865 0.70033205 0.5393104 0.9924427 0.5052045 0.54054296 0.6904751 0.6947558 0.5709624 0.5735361 0.09849323 0.09826519 0.98832285 0.98757625 0.5421895 0.6982995 0.5403374 0.29737902 0.99658537 0.9808897 0.5767656 0.69122875 0.69425094
0.89766514 0.7222747 0.72148925 0.7207046 0.68149 0.09872133 0.7005865 0 0.07558383 0.68571955 0.9827411 0.70109564 0.6955138 0.11033165 0.11230365 0.7056938 0.7149754 0.6962725 0.6993151 0.98645765 0.9901927 0.6955138 0.30514956 0.6947558 0.70288044 0.990942 0.9853408 0.71316165 0.2204428 0.19446675
0.8923881 0.71161044 0.71006244 0.7082605 0.68397504 0.09894951 0.70033205 0.07558383 0 0.68571955 0.9872032 0.69399863 0.69425094 0.11102706 0.11230365 0.70288044 0.71212715 0.697032 0.6967787 0.9931942 0.9980974 0.6937464 0.30245066 0.6922348 0.69956917 0.98907024 0.9857129 0.7080034 0.2201745 0.19304249
0.8979962 0.5698927 0.6834774 0.6790131 0.10490646 0.68223464 0.5393104 0.68571955 0.68571955 0 0.9790429 0.5250785 0.07183272 0.6795078 0.68049824 0.5649914 0.56626695 0.53726065 0.53195745 0.9790429 0.97978103 0.07139264 0.6713863 0.07084291 0.5403374 0.9898184 0.97316337 0.56012195 0.68972224 0.6859691
1.0011308 0.98125964 0.9768326 0.98794943 0.96841997 0.97941184 0.9924427 0.9827411 0.9872032 0.9790429 0 0.9790429 0.98348296 0.98757625 0.98832285 0.98237044 0.98645765 0.9924427 0.98496884 0.060907543 0.061450038 0.98237044 1.0015109 0.98496884 1.0072346 0.4371889 0.42846268 0.9958304 0.9860852 0.98348296
0.91541547 0.5597 0.6772841 0.6775309 0.5264896 0.6899731 0.5052045 0.70109564 0.69399863 0.5250785 0.9790429 0 0.52729714 0.69022405 0.6887196 0.55675304 0.5586462 0.50090206 0.49856558 0.97867405 0.97867405 0.5307389 0.6927383 0.5301304 0.50598943 0.990942 0.9687838 0.5552839 0.69576657 0.6988071
0.90766084 0.5656289 0.6899731 0.68198633 0.10790278 0.6869681 0.54054296 0.6955138 0.69425094 0.07183272 0.98348296 0.52729714 0 0.6887196 0.6884691 0.5649914 0.56541634 0.5386949 0.5344004 0.98237044 0.9845971 0.056150425 0.6775309 0.05528873 0.5454935 0.9962078 0.9790429 0.56350607 0.6955138 0.69753873
0.8887815 0.7033912 0.700841 0.70160514 0.675067 0.10490646 0.6904751 0.11033165 0.11102706 0.6795078 0.98757625 0.69022405 0.6887196 0 0.045131043 0.6998234 0.70466954 0.6874681 0.6874681 0.9931942 0.9969631 0.6882187 0.29976138 0.6867182 0.6950084 0.9894442 0.9872032 0.70033205 0.21536165 0.192396
0.8989902 0.7067194 0.70007765 0.6998234 0.6772841 0.105481744 0.6947558 0.11230365 0.11230365 0.68049824 0.98832285 0.6887196 0.6884691 0.045131043 0 0.70415795 0.70903224 0.69173163 0.69148016 0.9924427 0.99658537 0.69097745 0.3018522 0.68972224 0.70033205 0.99131685 0.9901927 0.7056938 0.21722966 0.19291314
0.89865875 0.187244 0.66504896 0.6699191 0.56477904 0.7013504 0.5709624 0.7056938 0.70288044 0.5649914 0.98237044 0.55675304 0.5649914 0.6998234 0.70415795 0 0.041423146 0.56903803 0.5692516 0.99169195 0.99169195 0.5616006 0.6962725 0.5624469 0.56393015 0.9946995 0.97867405 0.21977226 0.7013504 0.7072328
0.90031767 0.18737236 0.6686986 0.6699191 0.568611 0.7080034 0.5735361 0.7149754 0.71212715 0.56626695 0.98645765 0.5586462 0.56541634 0.70466954 0.70903224 0.041423146 0 0.57289183 0.57181937 0.9943229 0.99658537 0.5641423 0.70033205 0.56520385 0.56393015 0.99658537 0.98051995 0.21937022 0.7062064 0.71367943
0.90933985 0.5784937 0.6775309 0.6785187 0.53297436 0.6867182 0.09849323 0.6962725 0.697032 0.53726065 0.9924427 0.50090206 0.5386949 0.6874681 0.69173163 0.56903803 0.57289183 0 0.04005058 0.98907024 0.98757625 0.53951573 0.6967787 0.537875 0.30020893 0.9894442 0.98832285 0.5720337 0.68972224 0.6950084
0.9086678 0.5756876 0.6772841 0.6790131 0.5289148 0.6894714 0.09826519 0.6993151 0.6967787 0.53195745 0.98496884 0.49856558 0.5344004 0.6874681 0.69148016 0.5692516 0.57181937 0.04005058 0 0.98348296 0.9827411 0.5356249 0.6965256 0.53419656 0.30005974 0.97867405 0.97499573 0.5707484 0.6907262 0.6962725
0.99734104 0.9857129 0.9901927 1.0003713 0.9698763 0.9801504 0.98832285 0.98645765 0.9931942 0.9790429 0.060907543 0.97867405 0.98237044 0.9931942 0.9924427 0.99169195 0.9943229 0.98907024 0.98348296 0 0.016479736 0.9831119 1.002652 0.9853408 1.019204 0.43539977 0.43041283 0.9980974 0.99056727 0.99169195
1.000751 0.9845971 0.98869646 0.9977191 0.97170067 0.9853408 0.98757625 0.9901927 0.9980974 0.97978103 0.061450038 0.97867405 0.9845971 0.9969631 0.99658537 0.99169195 0.99658537 0.98757625 0.9827411 0.016479736 0 0.98496884 1.0037951 0.9872032 1.0168724 0.43772647 0.4313009 0.99923354 0.9969631 0.9943229
0.8970035 0.5656289 0.68621874 0.67654437 0.107671864 0.6887196 0.5421895 0.6955138 0.6937464 0.07139264 0.98237044 0.5307389 0.056150425 0.6882187 0.69097745 0.5616006 0.5641423 0.53951573 0.5356249 0.9831119 0.98496884 0 0.67580533 0.0065283305 0.54694355 0.99281836 0.97609735 0.56096655 0.6972853 0.69779223
0.877098 0.7005865 0.70160514 0.695261 0.66504896 0.29396757 0.6982995 0.30514956 0.30245066 0.6713863 1.0015109 0.6927383 0.6775309 0.29976138 0.3018522 0.6962725 0.70033205 0.6967787 0.6965256 1.002652 1.0037951 0.67580533 0 0.6740837 0.7080034 0.99923354 1.0022715 0.70109564 0.3052998 0.3062018
0.89766514 0.56456673 0.68571955 0.6772841 0.10663364 0.68796843 0.5403374 0.6947558 0.6922348 0.07084291 0.98496884 0.5301304 0.05528873 0.6867182 0.68972224 0.5624469 0.56520385 0.537875 0.53419656 0.9853408 0.9872032 0.0065283305 0.6740837 0 0.5454935 0.9931942 0.97573 0.5597 0.697032 0.6972853
0.9263396 0.5750415 0.6844731 0.6854701 0.5376702 0.6937464 0.29737902 0.70288044 0.69956917 0.5403374 1.0072346 0.50598943 0.5454935 0.6950084 0.70033205 0.56393015 0.56393015 0.30020893 0.30005974 1.019204 1.0168724 0.54694355 0.7080034 0.5454935 0 1.0034139 0.9779369 0.57590306 0.69753873 0.6982995
1.0083846 0.9962078 0.9901927 0.99357027 0.9783054 0.9827411 0.99658537 0.990942 0.98907024 0.9898184 0.4371889 0.990942 0.9962078 0.9894442 0.99131685 0.9946995 0.99658537 0.9894442 0.97867405 0.43539977 0.43772647 0.99281836 0.99923354 0.9931942 1.0034139 0 0.2312538 0.9980974 0.98757625 0.99056727
1.0203725 0.9831119 1.0049399 1.0045581 0.9673296 0.9764649 0.9808897 0.9853408 0.9857129 0.97316337 0.42846268 0.9687838 0.9790429 0.9872032 0.9901927 0.97867405 0.98051995 0.98832285 0.97499573 0.43041283 0.4313009 0.97609735 1.0022715 0.97573 0.9779369 0.2312538 0 0.9898184 0.9816297 0.9894442
0.89932185 0.22057699 0.66796726 0.66918653 0.55948913 0.7031358 0.5767656 0.71316165 0.7080034 0.56012195 0.9958304 0.5552839 0.56350607 0.70033205 0.7056938 0.21977226 0.21937022 0.5720337 0.5707484 0.9980974 0.99923354 0.56096655 0.70109564 0.5597 0.57590306 0.9980974 0.9898184 0 0.70595 0.7023701
0.8953518 0.7098048 0.7167936 0.71445674 0.6832287 0.21656199 0.69122875 0.2204428 0.2201745 0.68972224 0.9860852 0.69576657 0.6955138 0.21536165 0.21722966 0.7013504 0.7062064 0.68972224 0.6907262 0.99056727 0.9969631 0.6972853 0.3052998 0.697032 0.69753873 0.98757625 0.9816297 0.70595 0 0.22528848
0.8956819 0.7152349 0.7105781 0.7098048 0.6832287 0.18865727 0.69425094 0.19446675 0.19304249 0.6859691 0.98348296 0.6988071 0.69753873 0.192396 0.19291314 0.7072328 0.71367943 0.6950084 0.6962725 0.99169195 0.9943229 0.69779223 0.3062018 0.6972853 0.6982995 0.99056727 0.9894442 0.7023701 0.22528848 0
