0 1.0103053 1.0160967 1.0231062 1.0091523 1.0076177 0.9920673 0.9898184 0.5519366 1.0030329 1.002652 1.0022715 1.0041765 0.9898184 0.99131685 0.9768326 0.9790429 1.0072346 1.0080011 0.9644296 0.9644296 0.5573836 0.99847597 0.55675304 0.9931942 1.0083846 0.9898184 0.97206604 1.0157093 1.01069
1.0103053 0 0.2195042 0.22205454 0.14688952 0.14859433 0.9557965 0.9476152 0.9898184 0.9440858 0.9479691 0.5847917 0.21749689 0.9500957 0.95080596 0.9395222 0.94867724 0.21937022 0.22138256 0.944438 0.9476152 0.9898184 0.97316337 0.98832285 0.9405729 0.9608204 0.94479036 0.9419761 0.60043794 0.59246385
1.0160967 0.2195042 0 0.14458202 0.21990632 0.22111394 0.9458484 0.94867724 0.99961257 0.946908 0.9465546 0.58413774 0.14518856 0.9472615 0.9419761 0.9339434 0.944438 0.14482458 0.14591707 0.94867724 0.95294064 1.002652 0.98757625 1.0015109 0.9608204 0.96841997 0.95472425 0.95508146 0.5997702 0.5984365
1.0231062 0.22205454 0.14458202 0 0.21776423 0.22071119 0.94549555 0.94620144 0.9977191 0.9440858 0.94514287 0.5889469 0.14409712 0.94267863 0.94267863 0.9402225 0.94903165 0.14421831 0.14555272 0.9353342 0.94127417 0.9977191 0.9808897 0.99734104 0.9565121 0.9658782 0.9497408 0.93777436 0.604457 0.5982144
1.0091523 0.14688952 0.21990632 0.21776423 0 0.13686118 0.9554389 0.94903165 0.99885464 0.9476152 0.9518725 0.5761186 0.21270114 0.959741 0.9611805 0.96010065 0.9680563 0.21456252 0.21602827 0.93987226 0.94549555 0.9969631 0.9845971 0.9943229 0.944438 0.96841997 0.95080596 0.9479691 0.59444946 0.5904835
1.0076177 0.14859433 0.22111394 0.22071119 0.13686118 0 0.93672764 0.9388226 1.0091523 0.94867724 0.9511613 0.5832667 0.21576156 0.9391723 0.93812364 0.9402225 0.9458484 0.21803166 0.2188345 0.93324894 0.93672764 1.0045581 0.9680563 1.0041765 0.9465546 0.96010065 0.9518725 0.9287507 0.6006607 0.5957761
0.9920673 0.9557965 0.9458484 0.94549555 0.9554389 0.93672764 0 0.119774535 1.0037951 0.74704176 0.7486681 0.9353342 0.93987226 0.12803192 0.12578164 0.7607034 0.761531 0.9374253 0.93987226 0.5542363 0.5502686 1.0011308 0.55991095 1.0011308 0.60423315 0.6019983 0.60423315 0.568611 0.9405729 0.9405729
0.9898184 0.9476152 0.94867724 0.94620144 0.94903165 0.9388226 0.119774535 0 1.0087683 0.7593259 0.7579511 0.9374253 0.93672764 0.13005109 0.12791333 0.7623596 0.7681854 0.9353342 0.93777436 0.5515193 0.54902 1.0053219 0.55991095 1.0064689 0.604457 0.60222155 0.610075 0.56754464 0.9402225 0.9395222
0.5519366 0.9898184 0.99961257 0.9977191 0.99885464 1.0091523 1.0037951 1.0087683 0 0.99545324 0.9894442 0.9898184 0.9842255 0.9894442 0.98832285 0.9958304 1.000751 0.9816297 0.98907024 0.99281836 0.99131685 0.09156923 1.0227151 0.090778746 1.001891 1.0195932 1.0030329 0.9969631 1.019204 1.01069
1.0030329 0.9440858 0.946908 0.9440858 0.9476152 0.94867724 0.74704176 0.7593259 0.99545324 0 0.06602256 0.93082345 0.9543672 0.7494826 0.7475835 0.6093986 0.6123341 0.95258445 0.95472425 0.7446089 0.7421839 0.98832285 0.75520885 0.98645765 0.75493515 0.76540554 0.74921095 0.75466156 0.94549555 0.93812364
1.002652 0.9479691 0.9465546 0.94514287 0.9518725 0.9511613 0.7486681 0.7579511 0.9894442 0.06602256 0 0.932902 0.9518725 0.75384146 0.7522039 0.6013292 0.6019983 0.9518725 0.9536536 0.74622995 0.74353015 0.9808897 0.7590508 0.9790429 0.7554826 0.7712552 0.75384146 0.75822586 0.9518725 0.9476152
1.0022715 0.5847917 0.58413774 0.5889469 0.5761186 0.5832667 0.9353342 0.9374253 0.9898184 0.93082345 0.932902 0 0.5832667 0.93672764 0.931862 0.9518725 0.9572284 0.58348435 0.5839199 0.9249654 0.9222244 0.99847597 0.9458484 0.99734104 0.9565121 0.9465546 0.92840576 0.9225665 0.5126947 0.51926064
1.0041765 0.21749689 0.14518856 0.14409712 0.21270114 0.21576156 0.93987226 0.93672764 0.9842255 0.9543672 0.9518725 0.5832667 0 0.93987226 0.93672764 0.94267863 0.95258445 0.058633335 0.059390638 0.93082345 0.9346385 0.9845971 0.97316337 0.9838541 0.95080596 0.9568702 0.96010065 0.93672764 0.6013292 0.6040094
0.9898184 0.9500957 0.9472615 0.94267863 0.959741 0.9391723 0.12803192 0.13005109 0.9894442 0.7494826 0.75384146 0.93672764 0.93987226 0 0.029055621 0.7565787 0.7607034 0.9391723 0.94232726 0.5542363 0.55172795 0.98869646 0.5656289 0.9894442 0.6026681 0.5999927 0.60222155 0.5731065 0.9395222 0.94162506
0.99131685 0.95080596 0.9419761 0.94267863 0.9611805 0.93812364 0.12578164 0.12791333 0.98832285 0.7475835 0.7522039 0.931862 0.93672764 0.029055621 0 0.7629125 0.76707226 0.9374253 0.9405729 0.55381763 0.5515193 0.9845971 0.56520385 0.9853408 0.6015522 0.5999927 0.6071484 0.57224816 0.9346385 0.9391723
0.9768326 0.9395222 0.9339434 0.9402225 0.96010065 0.9402225 0.7607034 0.7623596 0.9958304 0.6093986 0.6013292 0.9518725 0.94267863 0.7565787 0.7629125 0 0.022638248 0.9346385 0.936379 0.7527494 0.7522039 0.98907024 0.7620833 0.99056727 0.76540554 0.77405685 0.7629125 0.75493515 0.95472425 0.97243166
0.9790429 0.94867724 0.944438 0.94903165 0.9680563 0.9458484 0.761531 0.7681854 1.000751 0.6123341 0.6019983 0.9572284 0.95258445 0.7607034 0.76707226 0.022638248 0 0.94373375 0.9472615 0.75603044 0.75493515 0.9931942 0.76707226 0.9946995 0.77041674 0.7779968 0.76623845 0.7585007 0.9666036 0.9768326
1.0072346 0.21937022 0.14482458 0.14421831 0.21456252 0.21803166 0.9374253 0.9353342 0.9816297 0.95258445 0.9518725 0.58348435 0.058633335 0.9391723 0.9374253 0.9346385 0.94373375 0 0.017912205 0.9346385 0.9391723 0.9827411 0.97206604 0.9816297 0.9554389 0.95866317 0.9565121 0.936379 0.6006607 0.5982144
1.0080011 0.22138256 0.14591707 0.14555272 0.21602827 0.2188345 0.93987226 0.93777436 0.98907024 0.95472425 0.9536536 0.5839199 0.059390638 0.94232726 0.9405729 0.936379 0.9472615 0.017912205 0 0.936379 0.94092345 0.9901927 0.9775687 0.98907024 0.9536536 0.9615409 0.9626228 0.93812364 0.60043794 0.5966618
0.9644296 0.944438 0.94867724 0.9353342 0.93987226 0.93324894 0.5542363 0.5515193 0.99281836 0.7446089 0.74622995 0.9249654 0.93082345 0.5542363 0.55381763 0.7527494 0.75603044 0.9346385 0.936379 0 0.009965921 0.9853408 0.37039444 0.98645765 0.58675706 0.59246385 0.59246385 0.31787458 0.9346385 0.9301319
0.9644296 0.9476152 0.95294064 0.94127417 0.94549555 0.93672764 0.5502686 0.54902 0.99131685 0.7421839 0.74353015 0.9222244 0.9346385 0.55172795 0.5515193 0.7522039 0.75493515 0.9391723 0.94092345 0.009965921 0 0.9857129 0.36810386 0.98683035 0.5889469 0.59400773 0.59400773 0.31741637 0.93568236 0.93116945
0.5573836 0.9898184 1.002652 0.9977191 0.9969631 1.0045581 1.0011308 1.0053219 0.09156923 0.98832285 0.9808897 0.99847597 0.9845971 0.98869646 0.9845971 0.98907024 0.9931942 0.9827411 0.9901927 0.9853408 0.9857129 0 1.018426 0.0027048716 1.0103053 1.0297868 1.0037951 0.9898184 1.0149349 1.0168724
0.99847597 0.97316337 0.98757625 0.9808897 0.9845971 0.9680563 0.55991095 0.55991095 1.0227151 0.75520885 0.7590508 0.9458484 0.97316337 0.5656289 0.56520385 0.7620833 0.76707226 0.97206604 0.9775687 0.37039444 0.36810386 1.018426 0 1.0203725 0.6078228 0.60244477 0.6145999 0.37154236 0.95508146 0.96298385
0.55675304 0.98832285 1.0015109 0.99734104 0.9943229 1.0041765 1.0011308 1.0064689 0.090778746 0.98645765 0.9790429 0.99734104 0.9838541 0.9894442 0.9853408 0.99056727 0.9946995 0.9816297 0.98907024 0.98645765 0.98683035 0.0027048716 1.0203725 0 1.0095364 1.0286036 1.0030329 0.99131685 1.0164845 1.0176488
0.9931942 0.9405729 0.9608204 0.9565121 0.944438 0.9465546 0.60423315 0.604457 1.001891 0.75493515 0.7554826 0.9565121 0.95080596 0.6026681 0.6015522 0.76540554 0.77041674 0.9554389 0.9536536 0.58675706 0.5889469 1.0103053 0.6078228 1.0095364 0 0.3708862 0.36826724 0.59444946 0.96334505 0.95294064
1.0083846 0.9608204 0.96841997 0.9658782 0.96841997 0.96010065 0.6019983 0.60222155 1.0195932 0.76540554 0.7712552 0.9465546 0.9568702 0.5999927 0.5999927 0.77405685 0.7779968 0.95866317 0.9615409 0.59246385 0.59400773 1.0297868 0.60244477 1.0286036 0.3708862 0 0.34891135 0.60244477 0.9764649 0.9687838
0.9898184 0.94479036 0.95472425 0.9497408 0.95080596 0.9518725 0.60423315 0.610075 1.0030329 0.74921095 0.75384146 0.92840576 0.96010065 0.60222155 0.6071484 0.7629125 0.76623845 0.9565121 0.9626228 0.59246385 0.59400773 1.0037951 0.6145999 1.0030329 0.36826724 0.34891135 0 0.6015522 0.9511613 0.9433819
0.97206604 0.9419761 0.95508146 0.93777436 0.9479691 0.9287507 0.568611 0.56754464 0.9969631 0.75466156 0.75822586 0.9225665 0.93672764 0.5731065 0.57224816 0.75493515 0.7585007 0.936379 0.93812364 0.31787458 0.31741637 0.9898184 0.37154236 0.99131685 0.59444946 0.60244477 0.6015522 0 0.94092345 0.9479691
1.0157093 0.60043794 0.5997702 0.604457 0.59444946 0.6006607 0.9405729 0.9402225 1.019204 0.94549555 0.9518725 0.5126947 0.6013292 0.9395222 0.9346385 0.95472425 0.9666036 0.6006607 0.60043794 0.9346385 0.93568236 1.0149349 0.95508146 1.0164845 0.96334505 0.9764649 0.9511613 0.94092345 0 0.2916035
1.01069 0.59246385 0.5984365 0.5982144 0.5904835 0.5957761 0.9405729 0.9395222 1.01069 0.93812364 0.9476152 0.51926064 0.6040094 0.94162506 0.9391723 0.97243166 0.9768326 0.5982144 0.5966618 0.9301319 0.93116945 1.0168724 0.96298385 1.0176488 0.95294064 0.9687838 0.9433819 0.9479691 0.2916035 0
