0 0.624192 0.8923881 0.87967867 0.61596274 0.98237044 0.61960906 0.6232732 0.6182396 0.61369276 0.61278665 1.0087683 0.610752 0.60872287 0.61687267 0.6180116 0.614373 0.98496884 0.9838541 0.98237044 0.9768326 0.6145999 0.90799636 0.6109778 0.8970035 0.90565103 0.9977191 0.9753628 0.8927168 0.8956819
0.624192 0 0.88162 0.8694089 0.19045985 0.9958304 0.3284912 0.19110468 0.18981557 0.32401082 0.3274073 1.0087683 0.3274073 0.32586154 0.40768382 0.40854537 0.32539845 1.0137748 1.0133885 0.99131685 0.9943229 0.32647946 0.9069903 0.32478142 0.90264636 0.91915274 0.9939465 0.99885464 0.8953518 0.89667284
0.8923881 0.88162 0 0.17111707 0.88682157 0.98125964 0.8787099 0.8838912 0.88454145 0.87420535 0.8754896 1.015322 0.87967867 0.86972773 0.9013148 0.9036466 0.88162 0.9980974 0.9969631 0.97316337 0.97978103 0.8851922 0.53114486 0.8800019 0.5352165 0.52972496 0.9969631 1.0045581 0.5228664 0.52689326
0.87967867 0.8694089 0.17111707 0 0.8838912 0.98869646 0.87967867 0.87677604 0.87677604 0.870685 0.87645423 1.0282096 0.88064873 0.8700467 0.8871479 0.8884545 0.87806475 0.99923354 0.99545324 0.98869646 0.9924427 0.88259256 0.5331779 0.87774235 0.5327709 0.5360335 1.0099207 1.0064689 0.52367 0.53114486
0.61596274 0.19045985 0.88682157 0.8838912 0 0.9950763 0.3280265 0.118719436 0.11789983 0.32447308 0.32601598 1.0149349 0.33035305 0.33019772 0.40596363 0.4080283 0.32632494 1.0037951 1.0030329 0.98907024 0.990942 0.3267886 0.9137229 0.32431898 0.90264636 0.90900373 0.9827411 0.99545324 0.89766514 0.9069903
0.98237044 0.9958304 0.98125964 0.98869646 0.9950763 0 0.99961257 0.99847597 0.99357027 0.9827411 0.98496884 1.0242808 1.0103053 1.002652 1.005704 1.0080011 0.99169195 1.0234975 1.025065 0.06777183 0.06853842 0.9924427 1.0176488 0.98757625 1.0137748 1.0289978 0.9857129 0.99734104 1.001891 1.0053219
0.61960906 0.3284912 0.8787099 0.87967867 0.3280265 0.99961257 0 0.32462722 0.32508987 0.10790278 0.10801826 1.0357314 0.06777183 0.07007396 0.40099728 0.40065598 0.16088566 1.0095364 1.0103053 0.9924427 0.9931942 0.16113356 0.9130469 0.15989491 0.8989902 0.9110226 1.0022715 1.000751 0.88616943 0.88616943
0.6232732 0.19110468 0.8838912 0.87677604 0.118719436 0.99847597 0.32462722 0 0.063188665 0.32124332 0.32478142 1.0203725 0.32601598 0.32555276 0.40596363 0.40751162 0.32462722 1.0110749 1.014548 0.98869646 0.99056727 0.32462722 0.91915274 0.32293335 0.90231323 0.91813165 0.99169195 1.0041765 0.9043141 0.90264636
0.6182396 0.18981557 0.88454145 0.87677604 0.11789983 0.99357027 0.32508987 0.063188665 0 0.3201698 0.3237028 1.014548 0.32586154 0.32586154 0.4045903 0.4049334 0.32231835 1.0130024 1.01146 0.9845971 0.98683035 0.3230872 0.92119914 0.3213968 0.89932185 0.91983426 0.99169195 0.99885464 0.9113596 0.90231323
0.61369276 0.32401082 0.87420535 0.870685 0.32447308 0.9827411 0.10790278 0.32124332 0.3201698 0 0.056581646 1.0118452 0.10444655 0.10605747 0.401168 0.40236402 0.15434618 0.9969631 0.9980974 0.97720057 0.9779369 0.15496069 0.8983274 0.15373218 0.88162 0.90164745 0.98683035 0.9853408 0.8851922 0.88616943
0.61278665 0.3274073 0.8754896 0.87645423 0.32601598 0.98496884 0.10801826 0.32478142 0.3237028 0.056581646 0 1.0172604 0.10467647 0.10663364 0.40065598 0.40168035 0.15656075 0.9977191 0.99885464 0.97867405 0.9801504 0.15693049 0.9096761 0.15532963 0.8858435 0.9100125 0.9980974 0.99056727 0.8871479 0.8871479
1.0087683 1.0087683 1.015322 1.0282096 1.0149349 1.0242808 1.0357314 1.0203725 1.014548 1.0118452 1.0172604 0 1.0227151 1.032159 1.0122308 1.0130024 1.0223241 0.57439595 0.5756876 1.0130024 1.0122308 1.0207624 1.0510052 1.0176488 1.018426 1.042526 0.42952576 0.4270476 1.0325551 1.0188149
0.610752 0.3274073 0.87967867 0.88064873 0.33035305 1.0103053 0.06777183 0.32601598 0.32586154 0.10444655 0.10467647 1.0227151 0 0.051423293 0.39997387 0.39997387 0.15582183 1.0103053 1.0130024 1.0068517 1.0072346 0.1561912 0.9130469 0.15483774 0.8881276 0.9043141 0.9977191 0.99056727 0.8881276 0.8897634
0.60872287 0.32586154 0.86972773 0.8700467 0.33019772 1.002652 0.07007396 0.32555276 0.32586154 0.10605747 0.10663364 1.032159 0.051423293 0 0.39521626 0.39606363 0.15680721 1.0095364 1.0118452 0.99961257 1.0003713 0.15717708 0.89932185 0.15594494 0.88943595 0.8999856 0.9969631 0.9898184 0.88226825 0.8871479
0.61687267 0.40768382 0.9013148 0.8871479 0.40596363 1.005704 0.40099728 0.40596363 0.4045903 0.401168 0.40065598 1.0122308 0.39997387 0.39521626 0 0.015254078 0.3975913 1.030972 1.0278157 1.0045581 1.0045581 0.3967422 0.93082345 0.39691195 0.9205164 0.92462224 1.0215429 1.014548 0.91915274 0.91949344
0.6180116 0.40854537 0.9036466 0.8884545 0.4080283 1.0080011 0.40065598 0.40751162 0.4049334 0.40236402 0.40168035 1.0130024 0.39997387 0.39606363 0.015254078 0 0.39912206 1.0274222 1.0246727 1.005704 1.0053219 0.39895183 0.931862 0.39878163 0.92017525 0.9249654 1.0223241 1.0133885 0.92154074 0.91779155
0.614373 0.32539845 0.88162 0.87806475 0.32632494 0.99169195 0.16088566 0.32462722 0.32231835 0.15434618 0.15656075 1.0223241 0.15582183 0.15680721 0.3975913 0.39912206 0 1.0095364 1.0122308 0.9816297 0.9808897 0.013317541 0.9205164 0.011995417 0.8983274 0.9086678 1.0215429 1.000751 0.8933747 0.9029796
0.98496884 1.0137748 0.9980974 0.99923354 1.0037951 1.0234975 1.0095364 1.0110749 1.0130024 0.9969631 0.9977191 0.57439595 1.0103053 1.0095364 1.030972 1.0274222 1.0095364 0 0.01403042 1.0211525 1.0227151 1.0076177 1.0219333 1.0053219 1.0262426 1.0137748 0.5571734 0.55172795 0.99961257 1.0130024
0.9838541 1.0133885 0.9969631 0.99545324 1.0030329 1.025065 1.0103053 1.014548 1.01146 0.9980974 0.99885464 0.5756876 1.0130024 1.0118452 1.0278157 1.0246727 1.0122308 0.01403042 0 1.0223241 1.0238891 1.0099207 1.0172604 1.0083846 1.0297868 1.0137748 0.5548647 0.55172795 1.0011308 1.0118452
0.98237044 0.99131685 0.97316337 0.98869646 0.98907024 0.06777183 0.9924427 0.98869646 0.9845971 0.97720057 0.97867405 1.0130024 1.0068517 0.99961257 1.0045581 1.005704 0.9816297 1.0211525 1.0223241 0 0.012503651 0.9816297 1.0072346 0.9775687 0.9901927 1.0172604 0.98757625 0.98832285 0.98907024 0.9977191
0.9768326 0.9943229 0.97978103 0.9924427 0.990942 0.06853842 0.9931942 0.99056727 0.98683035 0.9779369 0.9801504 1.0122308 1.0072346 1.0003713 1.0045581 1.0053219 0.9808897 1.0227151 1.0238891 0.012503651 0 0.98125964 1.0072346 0.9768326 0.99056727 1.0168724 0.99056727 0.98869646 0.98683035 0.9980974
0.6145999 0.32647946 0.8851922 0.88259256 0.3267886 0.9924427 0.16113356 0.32462722 0.3230872 0.15496069 0.15693049 1.0207624 0.1561912 0.15717708 0.3967422 0.39895183 0.013317541 1.0076177 1.0099207 0.9816297 0.98125964 0 0.9218825 0.0097632725 0.8953518 0.90933985 1.0242808 1.0041765 0.8920595 0.89932185
0.90799636 0.9069903 0.53114486 0.5331779 0.9137229 1.0176488 0.9130469 0.91915274 0.92119914 0.8983274 0.9096761 1.0510052 0.9130469 0.89932185 0.93082345 0.931862 0.9205164 1.0219333 1.0172604 1.0072346 1.0072346 0.9218825 0 0.9205164 0.37203488 0.37269205 1.0126165 1.0286036 0.36630902 0.3708862
0.6109778 0.32478142 0.8800019 0.87774235 0.32431898 0.98757625 0.15989491 0.32293335 0.3213968 0.15373218 0.15532963 1.0176488 0.15483774 0.15594494 0.39691195 0.39878163 0.011995417 1.0053219 1.0083846 0.9775687 0.9768326 0.0097632725 0.9205164 0 0.8940332 0.9063204 1.0215429 1.0022715 0.8907466 0.8983274
0.8970035 0.90264636 0.5352165 0.5327709 0.90264636 1.0137748 0.8989902 0.90231323 0.89932185 0.88162 0.8858435 1.018426 0.8881276 0.88943595 0.9205164 0.92017525 0.8983274 1.0262426 1.0297868 0.9901927 0.99056727 0.8953518 0.37203488 0.8940332 0 0.3723634 1.0087683 1.0126165 0.36127383 0.36941192
0.90565103 0.91915274 0.52972496 0.5360335 0.90900373 1.0289978 0.9110226 0.91813165 0.91983426 0.90164745 0.9100125 1.042526 0.9043141 0.8999856 0.92462224 0.9249654 0.9086678 1.0137748 1.0137748 1.0172604 1.0168724 0.90933985 0.37269205 0.9063204 0.3723634 0 1.0381224 1.0289978 0.31482518 0.32586154
0.9977191 0.9939465 0.9969631 1.0099207 0.9827411 0.9857129 1.0022715 0.99169195 0.99169195 0.98683035 0.9980974 0.42952576 0.9977191 0.9969631 1.0215429 1.0223241 1.0215429 0.5571734 0.5548647 0.98757625 0.99056727 1.0242808 1.0126165 1.0215429 1.0087683 1.0381224 0 0.2993141 1.0215429 1.0110749
0.9753628 0.99885464 1.0045581 1.0064689 0.99545324 0.99734104 1.000751 1.0041765 0.99885464 0.9853408 0.99056727 0.4270476 0.99056727 0.9898184 1.014548 1.0133885 1.000751 0.55172795 0.55172795 0.98832285 0.98869646 1.0041765 1.0286036 1.0022715 1.0126165 1.0289978 0.2993141 0 0.99999183 1.002652
0.8927168 0.8953518 0.5228664 0.52367 0.89766514 1.001891 0.88616943 0.9043141 0.9113596 0.8851922 0.8871479 1.0325551 0.8881276 0.88226825 0.91915274 0.92154074 0.8933747 0.99961257 1.0011308 0.98907024 0.98683035 0.8920595 0.36630902 0.8907466 0.36127383 0.31482518 1.0215429 0.99999183 0 0.22609913
0.8956819 0.89667284 0.52689326 0.53114486 0.9069903 1.0053219 0.88616943 0.90264636 0.90231323 0.88616943 0.8871479 1.0188149 0.8897634 0.8871479 0.91949344 0.91779155 0.9029796 1.0130024 1.0118452 0.9977191 0.9980974 0.89932185 0.3708862 0.8983274 0.36941192 0.32586154 1.0110749 1.002652 0.22609913 0
