0 0.6184676 0.63414127 0.9958304 0.99734104 0.99885464 0.98348296 0.6353068 0.62741685 0.7408401 0.7291169 0.99357027 1.0207624 0.9962078 0.9872032 0.7325615 0.7293813 1.0289978 1.0195932 0.7481256 0.7456892 0.98051995 0.75138646 0.9746289 0.9980974 1.0103053 0.99923354 1.0103053 0.6193806 0.99885464
0.6184676 0 0.2330254 1.0231062 1.0160967 1.0091523 0.9939465 0.47540435 0.47070688 0.7473126 0.74514884 1.0045581 1.0168724 1.015322 1.0072346 0.7427221 0.73815954 1.0180373 1.0180373 0.7563045 0.75767636 0.9920673 0.7667942 0.9860852 1.0130024 1.0231062 1.014548 1.0219333 0.26550886 1.0437315
0.63414127 0.2330254 0 1.033348 1.0211525 1.0118452 0.98794943 0.4723946 0.4675293 0.7394986 0.7421839 1.01146 1.0195932 1.0126165 0.99999183 0.7304399 0.7333587 1.0238891 1.0180373 0.75466156 0.75302225 1.0030329 0.7557565 0.99923354 1.0060863 1.0207624 0.9980974 1.019204 0.26068023 1.0441338
0.9958304 1.0231062 1.033348 0 0.18136261 0.417216 0.41096306 1.0168724 0.99923354 1.0227151 1.0231062 0.47108158 0.96479154 0.41773945 0.41861266 1.0234975 1.0231062 0.9557965 0.94620144 1.0095364 1.014548 0.41739044 1.0227151 0.41495198 0.35691568 0.41739044 0.42141378 0.41843793 1.0238891 0.2609634
0.99734104 1.0160967 1.0211525 0.18136261 0 0.40630734 0.40270612 1.0227151 0.99961257 1.0157093 1.0164845 0.46771583 0.9651536 0.4120016 0.41234812 1.0361294 1.0293922 0.9500957 0.9458484 1.0157093 1.0234975 0.40751162 1.0262426 0.40596363 0.35498682 0.41269478 0.41079012 0.40476185 1.0231062 0.25630456
0.99885464 1.0091523 1.0118452 0.417216 0.40630734 0 0.32431898 0.9962078 0.9950763 0.9946995 0.990942 0.46195444 0.9557965 0.33237523 0.33190808 0.99658537 0.99545324 0.946908 0.9339434 1.0037951 1.01069 0.17451672 1.015322 0.17199698 0.4095806 0.4018512 0.39386246 0.32771683 1.0045581 0.41495198
0.98348296 0.9939465 0.98794943 0.41096306 0.40270612 0.32431898 0 0.9860852 0.97426224 0.99131685 0.9831119 0.44765082 0.953297 0.15471482 0.15594494 0.99281836 0.98683035 0.9360306 0.936379 0.99131685 1.0003713 0.32462722 1.014548 0.32231835 0.40031484 0.3901521 0.38311923 0.25799534 0.9901927 0.40219304
0.6353068 0.47540435 0.4723946 1.0168724 1.0227151 0.9962078 0.9860852 0 0.14530993 0.7502979 0.750842 1.001891 1.0349361 1.0076177 0.99658537 0.7338906 0.7307048 1.0266355 1.018426 0.75138646 0.75493515 0.99131685 0.7598766 0.9842255 1.0141612 1.001891 0.98907024 1.0133885 0.4673428 1.0211525
0.62741685 0.47070688 0.4675293 0.99923354 0.99961257 0.9950763 0.97426224 0.14530993 0 0.7397667 0.7448788 0.9808897 1.0133885 0.99923354 0.99131685 0.72885257 0.7267414 1.01146 1.0037951 0.74406934 0.74353015 0.9768326 0.73709005 0.97316337 1.0110749 0.99999183 0.990942 1.0157093 0.4630661 1.014548
0.7408401 0.7473126 0.7394986 1.0227151 1.0157093 0.9946995 0.99131685 0.7502979 0.7397667 0 0.14737621 0.9860852 1.0118452 1.0015109 0.99169195 0.6892207 0.6859691 1.0041765 0.9943229 0.70364666 0.7026252 0.99847597 0.71601385 0.99281836 1.000751 1.015322 1.0141612 1.0231062 0.7446089 1.0219333
0.7291169 0.74514884 0.7421839 1.0231062 1.0164845 0.990942 0.9831119 0.750842 0.7448788 0.14737621 0 0.982 1.0072346 0.99357027 0.99281836 0.6849714 0.6802505 0.98907024 0.97867405 0.6988071 0.7005865 0.9901927 0.71342045 0.98348296 0.9969631 1.0068517 1.0083846 1.0110749 0.74110866 1.0137748
0.99357027 1.0045581 1.01146 0.47108158 0.46771583 0.46195444 0.44765082 1.001891 0.9808897 0.9860852 0.982 0 0.9644296 0.4578924 0.45899805 0.99885464 0.99734104 0.9479691 0.94514287 0.9746289 0.9768326 0.4606596 1.0064689 0.45770827 0.46455088 0.46659726 0.46920985 0.46121424 0.9950763 0.47033232
1.0207624 1.0168724 1.0195932 0.96479154 0.9651536 0.9557965 0.953297 1.0349361 1.0133885 1.0118452 1.0072346 0.9644296 0 0.9536536 0.9540103 1.0227151 1.0215429 0.13303037 0.13362764 1.0258498 1.0227151 0.944438 1.0501935 0.94267863 0.9568702 0.96298385 0.93987226 0.9568702 1.0357314 0.953297
0.9962078 1.015322 1.0126165 0.41773945 0.4120016 0.33237523 0.15471482 1.0076177 0.99923354 1.0015109 0.99357027 0.4578924 0.9536536 0 0.08829978 1.0045581 1.0045581 0.9518725 0.9476152 1.002652 1.0087683 0.32942155 1.0133885 0.3286462 0.40975326 0.39895183 0.3914992 0.2609634 1.0072346 0.40992597
0.9872032 1.0072346 0.99999183 0.41861266 0.41234812 0.33190808 0.15594494 0.99658537 0.99131685 0.99169195 0.99281836 0.45899805 0.9540103 0.08829978 0 1.0034139 0.9958304 0.95258445 0.9440858 0.9980974 1.0030329 0.33019772 1.0203725 0.3286462 0.4102715 0.39827126 0.39963302 0.26110503 0.99357027 0.41148216
0.7325615 0.7427221 0.7304399 1.0234975 1.0361294 0.99658537 0.99281836 0.7338906 0.72885257 0.6892207 0.6849714 0.99885464 1.0227151 1.0045581 1.0034139 0 0.060690653 1.0118452 1.001891 0.46455088 0.46158424 1.0037951 0.47033232 0.9950763 1.0207624 1.0164845 1.0137748 1.018426 0.72726864 1.0207624
0.7293813 0.73815954 0.7333587 1.0231062 1.0293922 0.99545324 0.98683035 0.7307048 0.7267414 0.6859691 0.6802505 0.99734104 1.0215429 1.0045581 0.9958304 0.060690653 0 1.0080011 0.99961257 0.4621396 0.45807657 1.0030329 0.47277015 0.99545324 1.018426 1.0157093 1.019204 1.0176488 0.72726864 1.0122308
1.0289978 1.0180373 1.0238891 0.9557965 0.9500957 0.946908 0.9360306 1.0266355 1.01146 1.0041765 0.98907024 0.9479691 0.13303037 0.9518725 0.95258445 1.0118452 1.0080011 0 0.05442802 1.0195932 1.0199828 0.94162506 1.0377234 0.9388226 0.9497408 0.95294064 0.931862 0.9472615 1.0381224 0.9395222
1.0195932 1.0180373 1.0180373 0.94620144 0.9458484 0.9339434 0.936379 1.018426 1.0037951 0.9943229 0.97867405 0.94514287 0.13362764 0.9476152 0.9440858 1.001891 0.99961257 0.05442802 0 1.015322 1.0141612 0.9353342 1.0345387 0.93116945 0.93672764 0.9479691 0.9259958 0.9458484 1.0301816 0.9360306
0.7481256 0.7563045 0.75466156 1.0095364 1.0157093 1.0037951 0.99131685 0.75138646 0.74406934 0.70364666 0.6988071 0.9746289 1.0258498 1.002652 0.9980974 0.46455088 0.4621396 1.0195932 1.015322 0 0.0472581 1.0015109 0.385289 0.99131685 1.0083846 1.0049399 1.019204 1.0076177 0.742453 1.0072346
0.7456892 0.75767636 0.75302225 1.014548 1.0234975 1.01069 1.0003713 0.75493515 0.74353015 0.7026252 0.7005865 0.9768326 1.0227151 1.0087683 1.0030329 0.46158424 0.45807657 1.0199828 1.0141612 0.0472581 0 1.0060863 0.38311923 0.9969631 1.0172604 1.0137748 1.0246727 1.014548 0.74353015 1.0080011
0.98051995 0.9920673 1.0030329 0.41739044 0.40751162 0.17451672 0.32462722 0.99131685 0.9768326 0.99847597 0.9901927 0.4606596 0.944438 0.32942155 0.33019772 1.0037951 1.0030329 0.94162506 0.9353342 1.0015109 1.0060863 0 1.01069 0.019655319 0.41079012 0.39725155 0.39725155 0.32539845 1.002652 0.41512588
0.75138646 0.7667942 0.7557565 1.0227151 1.0262426 1.015322 1.014548 0.7598766 0.73709005 0.71601385 0.71342045 1.0064689 1.0501935 1.0133885 1.0203725 0.47033232 0.47277015 1.0377234 1.0345387 0.385289 0.38311923 1.01069 0 0.99885464 1.0199828 1.0293922 1.018426 1.0282096 0.7535683 1.0118452
0.9746289 0.9860852 0.99923354 0.41495198 0.40596363 0.17199698 0.32231835 0.9842255 0.97316337 0.99281836 0.98348296 0.45770827 0.94267863 0.3286462 0.3286462 0.9950763 0.99545324 0.9388226 0.93116945 0.99131685 0.9969631 0.019655319 0.99885464 0 0.40579182 0.39487758 0.39284873 0.32170385 0.9980974 0.41425672
0.9980974 1.0130024 1.0060863 0.35691568 0.35498682 0.4095806 0.40031484 1.0141612 1.0110749 1.000751 0.9969631 0.46455088 0.9568702 0.40975326 0.4102715 1.0207624 1.018426 0.9497408 0.93672764 1.0083846 1.0172604 0.41079012 1.0199828 0.40579182 0 0.41165528 0.40562007 0.4120016 1.0103053 0.35739866
1.0103053 1.0231062 1.0207624 0.41739044 0.41269478 0.4018512 0.3901521 1.001891 0.99999183 1.015322 1.0068517 0.46659726 0.96298385 0.39895183 0.39827126 1.0164845 1.0157093 0.95294064 0.9479691 1.0049399 1.0137748 0.39725155 1.0293922 0.39487758 0.41165528 0 0.36127383 0.39946267 1.014548 0.41547385
0.99923354 1.014548 0.9980974 0.42141378 0.41079012 0.39386246 0.38311923 0.98907024 0.990942 1.0141612 1.0083846 0.46920985 0.93987226 0.3914992 0.39963302 1.0137748 1.019204 0.931862 0.9259958 1.019204 1.0246727 0.39725155 1.018426 0.39284873 0.40562007 0.36127383 0 0.39929235 1.0087683 0.4130416
1.0103053 1.0219333 1.019204 0.41843793 0.40476185 0.32771683 0.25799534 1.0133885 1.0157093 1.0231062 1.0110749 0.46121424 0.9568702 0.2609634 0.26110503 1.018426 1.0176488 0.9472615 0.9458484 1.0076177 1.014548 0.32539845 1.0282096 0.32170385 0.4120016 0.39946267 0.39929235 0 1.0266355 0.4163444
0.6193806 0.26550886 0.26068023 1.0238891 1.0231062 1.0045581 0.9901927 0.4673428 0.4630661 0.7446089 0.74110866 0.9950763 1.0357314 1.0072346 0.99357027 0.72726864 0.72726864 1.0381224 1.0301816 0.742453 0.74353015 1.002652 0.7535683 0.9980974 1.0103053 1.014548 1.0087683 1.0266355 0 1.049788
0.99885464 1.0437315 1.0441338 0.2609634 0.25630456 0.41495198 0.40219304 1.0211525 1.014548 1.0219333 1.0137748 0.47033232 0.953297 0.40992597 0.41148216 1.0207624 1.0122308 0.9395222 0.9360306 1.0072346 1.0080011 0.41512588 1.0118452 0.41425672 0.35739866 0.41547385 0.4130416 0.4163444 1.049788 0
