0 0.98125964 0.9575869 0.97426224 1.0015109 1.0049399 0.96190137 0.96769285 0.9695119 0.9790429 0.9775687 0.99281836 1.0011308 0.9946995 0.99999183 0.98348296 0.9853408 0.9511613 0.95615417 0.9568702 0.97573 0.97499573 0.9931942 0.97573 0.9626228 0.95794547 0.97206604 0.97170067 0.9669665 0.9827411
0.98125964 0 0.20635414 0.21910232 0.68298006 0.6775309 0.21349831 0.7105781 0.71887696 0.22084542 0.21722966 0.66748005 0.6869681 0.68173814 0.682483 0.4788049 0.47956264 0.47427428 0.47634742 0.47540435 0.48852423 0.48756576 0.7376246 0.48852423 0.71445674 0.47559288 0.48279172 0.7165336 0.71212715 0.7291169
0.9575869 0.20635414 0 0.20912434 0.680994 0.6777777 0.20175974 0.7026252 0.70466954 0.20714457 0.2072764 0.6570817 0.682483 0.6733471 0.6723661 0.4822209 0.4826014 0.46790242 0.46958384 0.47014514 0.48718274 0.4858436 0.7227989 0.4869913 0.7067194 0.4656664 0.47672495 0.7085177 0.69855326 0.72253674
0.97426224 0.21910232 0.20912434 0 0.6874681 0.6884691 0.13950627 0.70903224 0.7139384 0.14530993 0.1457956 0.6626257 0.68796843 0.6827315 0.6849714 0.48603475 0.48737422 0.47333384 0.47483912 0.47559288 0.49121448 0.49025255 0.7149754 0.491407 0.7087749 0.47540435 0.48051092 0.70903224 0.6988071 0.7207046
1.0015109 0.68298006 0.680994 0.6874681 0 0.094966486 0.682483 0.72885257 0.7259512 0.680994 0.6807461 0.4919849 0.09542062 0.09405905 0.09519352 0.67016345 0.6699191 0.67359257 0.6795078 0.6782716 0.67802465 0.6790131 0.7251619 0.6785187 0.714716 0.6626257 0.6713863 0.7301751 0.72489893 0.7394986
1.0049399 0.6775309 0.6777777 0.6884691 0.094966486 0 0.68223464 0.71992075 0.7170537 0.68049824 0.68298006 0.48871607 0.087962374 0.085941106 0.08706336 0.6667499 0.6684547 0.6731017 0.6785187 0.6767909 0.6740837 0.6745752 0.7264779 0.67432946 0.71887696 0.6616586 0.66577744 0.7259512 0.71992075 0.73522204
0.96190137 0.21349831 0.20175974 0.13950627 0.682483 0.68223464 0 0.70033205 0.70748955 0.078909285 0.07779916 0.6606927 0.6844731 0.67654437 0.67876583 0.47899425 0.4788049 0.47033232 0.4720192 0.47220686 0.4841254 0.4841254 0.718095 0.48507947 0.71212715 0.47258234 0.4714565 0.71549445 0.6993151 0.723061
0.96769285 0.7105781 0.7026252 0.70903224 0.72885257 0.71992075 0.70033205 0 0.07425776 0.71212715 0.7110941 0.71887696 0.72832423 0.7301751 0.7307048 0.71367943 0.71342045 0.69576657 0.6972853 0.6965256 0.7167936 0.7173139 0.40236402 0.7175742 0.39369342 0.69779223 0.7067194 0.40099728 0.40321952 0.4008266
0.9695119 0.71887696 0.70466954 0.7139384 0.7259512 0.7170537 0.70748955 0.07425776 0 0.71835554 0.71601385 0.71783453 0.7235857 0.7259512 0.72384816 0.71783453 0.71783453 0.700841 0.702115 0.70288044 0.71992075 0.7193987 0.40441883 0.7196597 0.3962332 0.7005865 0.7149754 0.40031484 0.40596363 0.40150952
0.9790429 0.22084542 0.20714457 0.14530993 0.680994 0.68049824 0.078909285 0.71212715 0.71835554 0 0.043963727 0.6626257 0.6849714 0.6772841 0.67926043 0.4856525 0.48527044 0.47277015 0.4740861 0.47540435 0.491022 0.49063718 0.721751 0.4917922 0.7196597 0.4769138 0.47918367 0.7222747 0.7087749 0.7325615
0.9775687 0.21722966 0.2072764 0.1457956 0.6807461 0.68298006 0.07779916 0.7110941 0.71601385 0.043963727 0 0.6619002 0.6849714 0.67629796 0.6790131 0.48241112 0.4829821 0.47108158 0.47220686 0.47370988 0.48948392 0.48929188 0.7251619 0.49025255 0.7165336 0.4746508 0.47937313 0.71992075 0.7085177 0.732296
0.99281836 0.66748005 0.6570817 0.6626257 0.4919849 0.48871607 0.6606927 0.71887696 0.71783453 0.6626257 0.6619002 0 0.4881407 0.48660854 0.487949 0.6677236 0.66748005 0.66602045 0.6694307 0.66796726 0.675067 0.675067 0.7291169 0.67555916 0.700841 0.67876583 0.6592462 0.7080034 0.7157541 0.71601385
1.0011308 0.6869681 0.682483 0.68796843 0.09542062 0.087962374 0.6844731 0.72832423 0.7235857 0.6849714 0.6849714 0.4881407 0 0.036052816 0.036262695 0.67555916 0.6760516 0.67876583 0.684224 0.6832287 0.682483 0.6834774 0.7291169 0.6832287 0.7152349 0.66504896 0.67432946 0.7251619 0.72489893 0.7427221
0.9946995 0.68173814 0.6733471 0.6827315 0.09405905 0.085941106 0.67654437 0.7301751 0.7259512 0.6772841 0.67629796 0.48660854 0.036052816 0 0.02305062 0.6699191 0.6699191 0.67580533 0.680994 0.68049824 0.6760516 0.6770375 0.7293813 0.6767909 0.71627367 0.6602102 0.6694307 0.7251619 0.723061 0.7376246
0.99999183 0.682483 0.6723661 0.6849714 0.09519352 0.08706336 0.67876583 0.7307048 0.72384816 0.67926043 0.6790131 0.487949 0.036262695 0.02305062 0 0.67089695 0.67114156 0.67285645 0.6785187 0.67802465 0.6767909 0.6777777 0.7264779 0.6775309 0.7173139 0.6616586 0.67065233 0.7220128 0.72489893 0.7376246
0.98348296 0.4788049 0.4822209 0.48603475 0.67016345 0.6667499 0.47899425 0.71367943 0.71783453 0.4856525 0.48241112 0.6677236 0.67555916 0.6699191 0.67089695 0 0.016377522 0.4008266 0.40253505 0.40270612 0.114513814 0.11416441 0.72700495 0.114746846 0.72148925 0.40356198 0.2643699 0.7346892 0.71238565 0.73495555
0.9853408 0.47956264 0.4826014 0.48737422 0.6699191 0.6684547 0.4788049 0.71342045 0.71783453 0.48527044 0.4829821 0.66748005 0.6760516 0.6699191 0.67114156 0.016377522 0 0.39980343 0.4018512 0.40150952 0.11439733 0.114047974 0.72726864 0.11463032 0.72018194 0.40099728 0.2638011 0.7336246 0.71367943 0.73575526
0.9511613 0.47427428 0.46790242 0.47333384 0.67359257 0.6731017 0.47033232 0.69576657 0.700841 0.47277015 0.47108158 0.66602045 0.67876583 0.67580533 0.67285645 0.4008266 0.39980343 0 0.008649687 0.00986459 0.40630734 0.40596363 0.72832423 0.40682322 0.70928967 0.2741066 0.40168035 0.71367943 0.70748955 0.7193987
0.95615417 0.47634742 0.46958384 0.47483912 0.6795078 0.6785187 0.4720192 0.6972853 0.702115 0.4740861 0.47220686 0.6694307 0.684224 0.680994 0.6785187 0.40253505 0.4018512 0.008649687 0 0.0076387688 0.408373 0.4080283 0.7291169 0.40889028 0.71212715 0.27728397 0.4039046 0.71627367 0.71006244 0.72253674
0.9568702 0.47540435 0.47014514 0.47559288 0.6782716 0.6767909 0.47220686 0.6965256 0.70288044 0.47540435 0.47370988 0.66796726 0.6832287 0.68049824 0.67802465 0.40270612 0.40150952 0.00986459 0.0076387688 0 0.4087178 0.408373 0.7280602 0.40923536 0.71238565 0.27771828 0.40373325 0.7149754 0.70928967 0.723061
0.97573 0.48852423 0.48718274 0.49121448 0.67802465 0.6740837 0.4841254 0.7167936 0.71992075 0.491022 0.48948392 0.675067 0.682483 0.6760516 0.6767909 0.114513814 0.11439733 0.40630734 0.408373 0.4087178 0 0.0019024108 0.7397667 0.002403848 0.72384816 0.40373325 0.26893613 0.73709005 0.7193987 0.73522204
0.97499573 0.48756576 0.4858436 0.49025255 0.6790131 0.6745752 0.4841254 0.7173139 0.7193987 0.49063718 0.48929188 0.675067 0.6834774 0.6770375 0.6777777 0.11416441 0.114047974 0.40596363 0.4080283 0.408373 0.0019024108 0 0.74057156 0.0021029455 0.723061 0.40339074 0.26850688 0.7376246 0.7196597 0.73602206
0.9931942 0.7376246 0.7227989 0.7149754 0.7251619 0.7264779 0.718095 0.40236402 0.40441883 0.721751 0.7251619 0.7291169 0.7291169 0.7293813 0.7264779 0.72700495 0.72726864 0.72832423 0.7291169 0.7280602 0.7397667 0.74057156 0 0.7400349 0.3648437 0.7251619 0.72122765 0.36990303 0.3731853 0.3728564
0.97573 0.48852423 0.4869913 0.491407 0.6785187 0.67432946 0.48507947 0.7175742 0.7196597 0.4917922 0.49025255 0.67555916 0.6832287 0.6767909 0.6775309 0.114746846 0.11463032 0.40682322 0.40889028 0.40923536 0.002403848 0.0021029455 0.7400349 0 0.72332335 0.40407598 0.26893613 0.7376246 0.718095 0.7341567
0.9626228 0.71445674 0.7067194 0.7087749 0.714716 0.71887696 0.71212715 0.39369342 0.3962332 0.7196597 0.7165336 0.700841 0.7152349 0.71627367 0.7173139 0.72148925 0.72018194 0.70928967 0.71212715 0.71238565 0.72384816 0.723061 0.3648437 0.72332335 0 0.70466954 0.7005865 0.32247207 0.32401082 0.32647946
0.95794547 0.47559288 0.4656664 0.47540435 0.6626257 0.6616586 0.47258234 0.69779223 0.7005865 0.4769138 0.4746508 0.67876583 0.66504896 0.6602102 0.6616586 0.40356198 0.40099728 0.2741066 0.27728397 0.27771828 0.40373325 0.40339074 0.7251619 0.40407598 0.70466954 0 0.39827126 0.70595 0.7023701 0.7243734
0.97206604 0.48279172 0.47672495 0.48051092 0.6713863 0.66577744 0.4714565 0.7067194 0.7149754 0.47918367 0.47937313 0.6592462 0.67432946 0.6694307 0.67065233 0.2643699 0.2638011 0.40168035 0.4039046 0.40373325 0.26893613 0.26850688 0.72122765 0.26893613 0.7005865 0.39827126 0 0.7196597 0.7051815 0.7126442
0.97170067 0.7165336 0.7085177 0.70903224 0.7301751 0.7259512 0.71549445 0.40099728 0.40031484 0.7222747 0.71992075 0.7080034 0.7251619 0.7251619 0.7220128 0.7346892 0.7336246 0.71367943 0.71627367 0.7149754 0.73709005 0.7376246 0.36990303 0.7376246 0.32247207 0.70595 0.7196597 0 0.25926593 0.2585598
0.9669665 0.71212715 0.69855326 0.6988071 0.72489893 0.71992075 0.6993151 0.40321952 0.40596363 0.7087749 0.7085177 0.7157541 0.72489893 0.723061 0.72489893 0.71238565 0.71367943 0.70748955 0.71006244 0.70928967 0.7193987 0.7196597 0.3731853 0.718095 0.32401082 0.7023701 0.7051815 0.25926593 0 0.22935058
0.9827411 0.7291169 0.72253674 0.7207046 0.7394986 0.73522204 0.723061 0.4008266 0.40150952 0.7325615 0.732296 0.71601385 0.7427221 0.7376246 0.7376246 0.73495555 0.73575526 0.7193987 0.72253674 0.723061 0.73522204 0.73602206 0.3728564 0.7341567 0.32647946 0.7243734 0.7126442 0.2585598 0.22935058 0
