0 0.98953203986 1.02591909986 1.02513449986 1.02200469986 1.02552679986 1.00425689986 1.02788399986 1.02044459986 1.00540169986 1.00273329986 1.04258639986 0.99440829986 1.01423659986 1.02200469986 1.02200469986 1.02474259986 1.01888779986 1.02161429986 1.01269259986 1.01849909986 1.00425689986 0.97987363986 1.00501989986 1.00349469986 0.99818089986 1.00578369986 1.00616579986 0.97987363986 0.98357369986
0.98953203986 0 0.94419554986 0.76892576986 0.77704909986 0.90544406986 0.76448129986 0.94103469986 0.95590069986 0.75594439986 0.75157599986 0.96200269986 0.75103173986 0.75813815986 0.91621623986 0.91148439986 0.92302829986 0.93336379986 0.93163124986 0.59623789986 0.59845419986 0.91655539986 0.58853194986 0.91689465986 0.76199279986 0.75430325986 0.93163124986 0.93301693986 0.93718943986 0.36433021986
1.02591909986 0.94419554986 0 0.93893484986 0.93614415986 0.48097271986 0.92955754986 0.27442429986 0.27183509986 0.95733199986 0.96452973986 0.66575349986 0.93544809986 0.93998399986 0.47285639986 0.46056712986 0.47398362986 0.46186102986 0.46761814986 0.95984329986 0.96272382986 0.47530091986 0.93788709986 0.47567769986 0.92611399986 0.95126775986 0.82622319986 0.83957306986 0.83438689986 0.94454759986
1.02513449986 0.76892576986 0.93893484986 0 0.24020262986 0.94103469986 0.34985099986 0.95984329986 0.95340243986 0.79298893986 0.79212639986 0.94984799986 0.34287271986 0.34239927986 0.92886755986 0.92611399986 0.94103469986 0.93823615986 0.93544809986 0.81015749986 0.80986319986 0.92302829986 0.76920439986 0.92371289986 0.79529396986 0.80341783986 0.93024809986 0.93128524986 0.91825334986 0.77704909986
1.02200469986 0.77704909986 0.93614415986 0.24020262986 0 0.94349199986 0.35256461986 0.96128219986 0.95590069986 0.81755254986 0.81133583986 0.95126775986 0.34571961986 0.35032913986 0.93544809986 0.92783379986 0.93510029986 0.94701639986 0.94701639986 0.81577109986 0.81577109986 0.93301693986 0.79241379986 0.93336379986 0.81814733986 0.81310679986 0.94138524986 0.93163124986 0.92234429986 0.78554616986
1.02552679986 0.90544406986 0.48097271986 0.94103469986 0.94349199986 0 0.93684079986 0.48401532986 0.49071434986 0.94984799986 0.95876599986 0.67380889986 0.93475269986 0.93336379986 0.21795868986 0.21622335986 0.21609003986 0.48249249986 0.48554126986 0.93753819986 0.95304624986 0.47530091986 0.93510029986 0.47492429986 0.93544809986 0.93858543986 0.84757474986 0.84695623986 0.83286843986 0.94068429986
1.00425689986 0.76448129986 0.92955754986 0.34985099986 0.35256461986 0.93684079986 0 0.94913903986 0.94843089986 0.78897209986 0.78156886986 0.94349199986 0.16532362986 0.16869496986 0.92645759986 0.91655539986 0.92439816986 0.96092219986 0.95984329986 0.80254319986 0.80312619986 0.92852279986 0.78897209986 0.92852279986 0.79442879986 0.79442879986 0.94454759986 0.94033405986 0.92097819986 0.77199665986
1.02788399986 0.94103469986 0.27442429986 0.95984329986 0.96128219986 0.48401532986 0.94913903986 0 0.15259992986 0.96236316986 0.96597759986 0.67848644986 0.94454759986 0.95020259986 0.47548926986 0.46892426986 0.47699794986 0.46445555986 0.46911106986 0.96924559986 0.97362516986 0.48173222986 0.94736979986 0.48135236986 0.94243789986 0.95554325986 0.84881339986 0.84695623986 0.84572062986 0.96489139986
1.02044459986 0.95590069986 0.27183509986 0.95340243986 0.95590069986 0.49071434986 0.94843089986 0.15259992986 0 0.96092219986 0.95948409986 0.67282789986 0.95518604986 0.95340243986 0.47718674986 0.47116867986 0.47888807986 0.47098136986 0.47454789986 0.96561539986 0.96960959986 0.48649654986 0.95162309986 0.48630539986 0.95162309986 0.96489139986 0.84110519986 0.85254166986 0.83590849986 0.96633999986
1.00540169986 0.75594439986 0.95733199986 0.79298893986 0.81755254986 0.94984799986 0.78897209986 0.96236316986 0.96092219986 0 0.14492254986 0.96815464986 0.79644916986 0.78754273986 0.94489979986 0.93544809986 0.94138524986 0.96236316986 0.95661596986 0.78611604986 0.78897209986 0.93267029986 0.77733079986 0.93301693986 0.58897016986 0.53813199986 0.92680139986 0.93024809986 0.92748949986 0.77395749986
1.00273329986 0.75157599986 0.96452973986 0.79212639986 0.81133583986 0.95876599986 0.78156886986 0.96597759986 0.95948409986 0.14492254986 0 0.96779139986 0.78925833986 0.77930555986 0.94103469986 0.93059369986 0.93788709986 0.95769019986 0.95697389986 0.77874079986 0.77817646986 0.93232379986 0.77423799986 0.93197742986 0.58897016986 0.53425069986 0.92508403986 0.93267029986 0.92714539986 0.76836875986
1.04258639986 0.96200269986 0.66575349986 0.94984799986 0.95126775986 0.67380889986 0.94349199986 0.67848644986 0.67282789986 0.96815464986 0.96779139986 0 0.94984799986 0.94843089986 0.66139582986 0.65802399986 0.66429815986 0.67577485986 0.67528289986 0.97950469986 0.98320289986 0.66429815986 0.93267029986 0.66454049986 0.94807699986 0.98990599986 0.85535005986 0.86320684986 0.84018556986 0.96525333986
0.99440829986 0.75103173986 0.93544809986 0.34287271986 0.34571961986 0.93475269986 0.16532362986 0.94454759986 0.95518604986 0.79644916986 0.78925833986 0.94984799986 0 0.12235099986 0.93649239986 0.93510029986 0.94243789986 0.96164229986 0.95590069986 0.79183909986 0.79702744986 0.92817822986 0.76337429986 0.92852279986 0.79500549986 0.79558263986 0.93059369986 0.94489979986 0.92817822986 0.75212065986
1.01423659986 0.75813815986 0.93998399986 0.34239927986 0.35032913986 0.93336379986 0.16869496986 0.95020259986 0.95340243986 0.78754273986 0.77930555986 0.94843089986 0.12235099986 0 0.93093939986 0.92337049986 0.92783379986 0.96561539986 0.95447209986 0.80663362986 0.80956903986 0.94173596986 0.77789449986 0.94208685986 0.79241379986 0.79558263986 0.92852279986 0.93128524986 0.92234429986 0.75348404986
1.02200469986 0.91621623986 0.47285639986 0.92886755986 0.93544809986 0.21795868986 0.92645759986 0.47548926986 0.47718674986 0.94489979986 0.94103469986 0.66139582986 0.93649239986 0.93093939986 0 0.10975153986 0.11160481986 0.46892426986 0.47511259986 0.93998399986 0.95091249986 0.47210579986 0.92783379986 0.47173079986 0.93718943986 0.93232379986 0.83165579986 0.83712809986 0.82863279986 0.94560466986
1.02200469986 0.91148439986 0.46056712986 0.92611399986 0.92783379986 0.21622335986 0.91655539986 0.46892426986 0.47116867986 0.93544809986 0.93059369986 0.65802399986 0.93510029986 0.92337049986 0.10975153986 0 0.0905636498599999 0.46445555986 0.47154337986 0.92611399986 0.94033405986 0.46724537986 0.92337049986 0.46687279986 0.93579599986 0.93440519986 0.83408299986 0.83226183986 0.82292249986 0.94525215986
1.02474259986 0.92302829986 0.47398362986 0.94103469986 0.93510029986 0.21609003986 0.92439816986 0.47699794986 0.47888807986 0.94138524986 0.93788709986 0.66429815986 0.94243789986 0.92783379986 0.11160481986 0.0905636498599999 0 0.47004563986 0.47699794986 0.93649239986 0.94772329986 0.47548926986 0.92852279986 0.47492429986 0.93336379986 0.93336379986 0.83377913986 0.84356323986 0.83438689986 0.94913903986
1.01888779986 0.93336379986 0.46186102986 0.93823615986 0.94701639986 0.48249249986 0.96092219986 0.46445555986 0.47098136986 0.96236316986 0.95769019986 0.67577485986 0.96164229986 0.96561539986 0.46892426986 0.46445555986 0.47004563986 0 0.0522064548599999 0.95518604986 0.96020279986 0.46557021986 0.94489979986 0.46557021986 0.94949344986 0.96200269986 0.84757474986 0.86005423986 0.83651802986 0.94913903986
1.02161429986 0.93163124986 0.46761814986 0.93544809986 0.94701639986 0.48554126986 0.95984329986 0.46911106986 0.47454789986 0.95661596986 0.95697389986 0.67528289986 0.95590069986 0.95447209986 0.47511259986 0.47154337986 0.47699794986 0.0522064548599999 0 0.95697389986 0.96380684986 0.47060693986 0.94525215986 0.47060693986 0.94949344986 0.96200269986 0.84664709986 0.85879693986 0.84356323986 0.95126775986
1.01269259986 0.59623789986 0.95984329986 0.81015749986 0.81577109986 0.93753819986 0.80254319986 0.96924559986 0.96561539986 0.78611604986 0.77874079986 0.97950469986 0.79183909986 0.80663362986 0.93998399986 0.92611399986 0.93649239986 0.95518604986 0.95697389986 0 0.0561812538599999 0.94807699986 0.61938579986 0.94843089986 0.79587135986 0.79760614986 0.93718943986 0.94772329986 0.92748949986 0.59889829986
1.01849909986 0.59845419986 0.96272382986 0.80986319986 0.81577109986 0.95304624986 0.80312619986 0.97362516986 0.96960959986 0.78897209986 0.77817646986 0.98320289986 0.79702744986 0.80956903986 0.95091249986 0.94033405986 0.94772329986 0.96020279986 0.96380684986 0.0561812538599999 0 0.95518604986 0.62534365986 0.95554325986 0.79587135986 0.79616019986 0.93998399986 0.94772329986 0.93753819986 0.60223699986
1.00425689986 0.91655539986 0.47530091986 0.92302829986 0.93301693986 0.47530091986 0.92852279986 0.48173222986 0.48649654986 0.93267029986 0.93232379986 0.66429815986 0.92817822986 0.94173596986 0.47210579986 0.46724537986 0.47548926986 0.46557021986 0.47060693986 0.94807699986 0.95518604986 0 0.91621623986 0.00106203999999995 0.94489979986 0.94913903986 0.84757474986 0.83682296986 0.83896104986 0.93301693986
0.97987363986 0.58853194986 0.93788709986 0.76920439986 0.79241379986 0.93510029986 0.78897209986 0.94736979986 0.95162309986 0.77733079986 0.77423799986 0.93267029986 0.76337429986 0.77789449986 0.92783379986 0.92337049986 0.92852279986 0.94489979986 0.94525215986 0.61938579986 0.62534365986 0.91621623986 0 0.91655539986 0.77115789986 0.77115789986 0.93024809986 0.93753819986 0.93093939986 0.61710683986
1.00501989986 0.91689465986 0.47567769986 0.92371289986 0.93336379986 0.47492429986 0.92852279986 0.48135236986 0.48630539986 0.93301693986 0.93197742986 0.66454049986 0.92852279986 0.94208685986 0.47173079986 0.46687279986 0.47492429986 0.46557021986 0.47060693986 0.94843089986 0.95554325986 0.00106203999999995 0.91655539986 0 0.94454759986 0.94807699986 0.84850359986 0.83773855986 0.83865519986 0.93232379986
1.00349469986 0.76199279986 0.92611399986 0.79529396986 0.81814733986 0.93544809986 0.79442879986 0.94243789986 0.95162309986 0.58897016986 0.58897016986 0.94807699986 0.79500549986 0.79241379986 0.93718943986 0.93579599986 0.93336379986 0.94949344986 0.94949344986 0.79587135986 0.79587135986 0.94489979986 0.77115789986 0.94454759986 0 0.57852313986 0.93579599986 0.94033405986 0.93475269986 0.77227643986
0.99818089986 0.75430325986 0.95126775986 0.80341783986 0.81310679986 0.93858543986 0.79442879986 0.95554325986 0.96489139986 0.53813199986 0.53425069986 0.98990599986 0.79558263986 0.79558263986 0.93232379986 0.93440519986 0.93336379986 0.96200269986 0.96200269986 0.79760614986 0.79616019986 0.94913903986 0.77115789986 0.94807699986 0.57852313986 0 0.95126775986 0.94595734986 0.95733199986 0.78043639986
1.00578369986 0.93163124986 0.82622319986 0.93024809986 0.94138524986 0.84757474986 0.94454759986 0.84881339986 0.84110519986 0.92680139986 0.92508403986 0.85535005986 0.93059369986 0.92852279986 0.83165579986 0.83408299986 0.83377913986 0.84757474986 0.84664709986 0.93718943986 0.93998399986 0.84757474986 0.93024809986 0.84850359986 0.93579599986 0.95126775986 0 0.51137576986 0.50116882986 0.93998399986
1.00616579986 0.93301693986 0.83957306986 0.93128524986 0.93163124986 0.84695623986 0.94033405986 0.84695623986 0.85254166986 0.93024809986 0.93267029986 0.86320684986 0.94489979986 0.93128524986 0.83712809986 0.83226183986 0.84356323986 0.86005423986 0.85879693986 0.94772329986 0.94772329986 0.83682296986 0.93753819986 0.83773855986 0.94033405986 0.94595734986 0.51137576986 0 0.46186102986 0.94103469986
0.97987363986 0.93718943986 0.83438689986 0.91825334986 0.92234429986 0.83286843986 0.92097819986 0.84572062986 0.83590849986 0.92748949986 0.92714539986 0.84018556986 0.92817822986 0.92234429986 0.82863279986 0.82292249986 0.83438689986 0.83651802986 0.84356323986 0.92748949986 0.93753819986 0.83896104986 0.93093939986 0.83865519986 0.93475269986 0.95733199986 0.50116882986 0.46186102986 0 0.95197866986
0.98357369986 0.36433021986 0.94454759986 0.77704909986 0.78554616986 0.94068429986 0.77199665986 0.96489139986 0.96633999986 0.77395749986 0.76836875986 0.96525333986 0.75212065986 0.75348404986 0.94560466986 0.94525215986 0.94913903986 0.94913903986 0.95126775986 0.59889829986 0.60223699986 0.93301693986 0.61710683986 0.93232379986 0.77227643986 0.78043639986 0.93998399986 0.94103469986 0.95197866986 0
