0 0.9899927986 0.9952506986 0.9873775986 0.9840284986 0.9914912486 0.9866320486 0.9911163986 0.9929927586 0.9956276386 0.9903670986 0.9770069986 0.9971374986 1.0047324986 0.9907416686 0.9937446686 0.9914912486 0.9941208986 0.9948738986 0.9937446686 0.9911163986 0.9862595986 0.9685943686 0.9873775986 0.9836573586 0.9788484486 0.9922416986 0.9881238286 0.9733377686 0.9870047486
0.9899927986 0 0.1105060486 0.8244336986 0.8238336986 0.8223357986 0.8277422986 0.8169679586 0.8265374986 0.2110187786 0.2086382486 0.6664378986 0.6769652986 0.6791874986 0.8247338486 0.8202436986 0.8214384986 0.8247338486 0.8235338286 0.8202436986 0.8205421986 0.8307627986 0.6441625986 0.8319744386 0.6465263286 0.8475967986 0.6594205986 0.6503237986 0.8268384986 0.8187529386
0.9952506986 0.1105060486 0 0.8362306286 0.8298553986 0.8313683986 0.8368406986 0.8319744386 0.8383677986 0.2134068886 0.2126099986 0.6681416586 0.6814162986 0.6821607286 0.8350121286 0.8283453986 0.8328844986 0.8356210986 0.8344036286 0.8298553986 0.8310655286 0.8328844986 0.6519912386 0.8340994986 0.6543797986 0.8553753486 0.6615913986 0.6558165486 0.8292510486 0.8292510486
0.9873775986 0.8244336986 0.8362306286 0 0.0840996786 0.0954814586 0.0916306586 0.1620521386 0.1640401986 0.8629194486 0.8451246586 0.8482161986 0.8535011386 0.8503877986 0.0954814586 0.0952543946 0.0941200986 0.0990098086 0.0984395886 0.0935535836 0.0940067586 0.6688729986 0.8506985986 0.6703378486 0.8516315986 0.6839005986 0.8398981686 0.8389795986 0.6720503986 0.1121296786
0.9840284986 0.8238336986 0.8298553986 0.0840996786 0 0.1002658036 0.0986676286 0.1679071586 0.1701616586 0.8575678986 0.8405111386 0.8457418986 0.8563142386 0.8535011386 0.1009517786 0.1000372786 0.0978698186 0.1033576486 0.1031281826 0.0980976786 0.0979837386 0.6688729986 0.8454332286 0.6708267286 0.8466688386 0.6769652986 0.8457418986 0.8451246586 0.6691168986 0.1188938346
0.9914912486 0.8223357986 0.8313683986 0.0954814586 0.1002658036 0 0.0726677136 0.1650362286 0.1662830986 0.8494563686 0.8292510486 0.8451246586 0.8585095386 0.8538131686 0.0993521486 0.0992380086 0.0971866486 0.1015238986 0.1010661686 0.0965041086 0.0968452986 0.6678979986 0.8503877986 0.6693609286 0.8469779986 0.6819125386 0.8475967986 0.8466688386 0.6686290986 0.1166712586
0.9866320486 0.8277422986 0.8368406986 0.0916306586 0.0986676286 0.0726677136 0 0.1635426986 0.1635426986 0.8591379486 0.8426605986 0.8479063986 0.8626035986 0.8600814986 0.0971866486 0.0970728486 0.0946870326 0.1000372786 0.0994662886 0.0937801326 0.0942334486 0.6637684686 0.8445078686 0.6649806486 0.8494563686 0.6767187686 0.8566274586 0.8516315986 0.6625581986 0.1152709226
0.9911163986 0.8169679586 0.8319744386 0.1620521386 0.1679071586 0.1650362286 0.1635426986 0 0.0566482166 0.8479063986 0.8340994986 0.8340994986 0.8402045986 0.8368406986 0.1644135486 0.1641646286 0.1639157986 0.1682824486 0.1681573186 0.1630455086 0.1632940586 0.6615913986 0.8475967986 0.6637684686 0.8482161986 0.6732760986 0.8423531586 0.8386736486 0.6666810486 0.1626728386
0.9929927586 0.8265374986 0.8383677986 0.1640401986 0.1701616586 0.1662830986 0.1635426986 0.0566482166 0 0.8519428986 0.8386736486 0.8383677986 0.8497666986 0.8482161986 0.1652854386 0.1654100686 0.1632940586 0.1687831086 0.1687831086 0.1632940586 0.1640401986 0.6674109986 0.8494563686 0.6693609286 0.8547500986 0.6745038586 0.8503877986 0.8451246586 0.6698491986 0.1656594086
0.9956276386 0.2110187786 0.2134068886 0.8629194486 0.8575678986 0.8494563686 0.8591379486 0.8479063986 0.8519428986 0 0.0472195216 0.6644954986 0.6781990486 0.6804248986 0.8585095386 0.8522542686 0.8519428986 0.8569407986 0.8566274586 0.8513204386 0.8525657986 0.8460507386 0.6594205986 0.8479063986 0.6546190286 0.8759854386 0.6594205986 0.6574962986 0.8408177986 0.8475967986
0.9903670986 0.2086382486 0.2126099986 0.8451246586 0.8405111386 0.8292510486 0.8426605986 0.8340994986 0.8386736486 0.0472195216 0 0.6611084286 0.6681416586 0.6703378486 0.8392856686 0.8334917386 0.8350121286 0.8383677986 0.8380621586 0.8331880486 0.8347077986 0.8365355686 0.6601434986 0.8374511586 0.6531845986 0.8600814986 0.6567759486 0.6534234986 0.8307627986 0.8301577486
0.9770069986 0.6664378986 0.6681416586 0.8482161986 0.8457418986 0.8451246586 0.8479063986 0.8340994986 0.8383677986 0.6644954986 0.6611084286 0 0.6919060286 0.6982202486 0.8445078686 0.8460507386 0.8417386386 0.8429681586 0.8414315486 0.8395918586 0.8420458386 0.8199453286 0.4418548586 0.8220365586 0.4396955586 0.8277422986 0.6824090386 0.6819125386 0.8247338486 0.8435836386
0.9971374986 0.6769652986 0.6814162986 0.8535011386 0.8563142386 0.8585095386 0.8626035986 0.8402045986 0.8497666986 0.6781990486 0.6681416586 0.6919060286 0 0.0332950716 0.8572542586 0.8544376986 0.8626035986 0.8560011386 0.8563142386 0.8560011386 0.8556881986 0.8316713486 0.6931645986 0.8328844986 0.6851457986 0.8466688386 0.7027995986 0.6946776986 0.8395918586 0.8528774286
1.0047324986 0.6791874986 0.6821607286 0.8503877986 0.8535011386 0.8538131686 0.8600814986 0.8368406986 0.8482161986 0.6804248986 0.6703378486 0.6982202486 0.0332950716 0 0.8556881986 0.8522542686 0.8603962986 0.8538131686 0.8538131686 0.8544376986 0.8541253986 0.8265374986 0.6936686586 0.8277422986 0.6898966386 0.8392856686 0.7040766386 0.6989814986 0.8347077986 0.8516315986
0.9907416686 0.8247338486 0.8350121286 0.0954814586 0.1009517786 0.0993521486 0.0971866486 0.1644135486 0.1652854386 0.8585095386 0.8392856686 0.8445078686 0.8572542586 0.8556881986 0 0.0322506456 0.0494588046 0.0411749506 0.0405415026 0.0490317586 0.0493520226 0.6676544486 0.8488359986 0.6693609286 0.8503877986 0.6784459986 0.8482161986 0.8479063986 0.6705822286 0.1145717286
0.9937446686 0.8202436986 0.8283453986 0.0952543946 0.1000372786 0.0992380086 0.0970728486 0.1641646286 0.1654100686 0.8522542686 0.8334917386 0.8460507386 0.8544376986 0.8522542686 0.0322506456 0 0.0490317586 0.0408581586 0.0402249786 0.0480717936 0.0483916486 0.6659518386 0.8457418986 0.6674109986 0.8441996486 0.6764723586 0.8441996486 0.8402045986 0.6659518386 0.1146882126
0.9914912486 0.8214384986 0.8328844986 0.0941200986 0.0978698186 0.0971866486 0.0946870326 0.1639157986 0.1632940586 0.8519428986 0.8350121286 0.8417386386 0.8626035986 0.8603962986 0.0494588046 0.0490317586 0 0.0523477446 0.0517047986 0.0214740046 0.0217827106 0.6661948486 0.8488359986 0.6681416586 0.8472873486 0.6757335586 0.8463596986 0.8457418986 0.6698491986 0.1134078536
0.9941208986 0.8247338486 0.8356210986 0.0990098086 0.1033576486 0.1015238986 0.1000372786 0.1682824486 0.1687831086 0.8569407986 0.8383677986 0.8429681586 0.8560011386 0.8538131686 0.0411749506 0.0408581586 0.0523477446 0 0.00589616860000001 0.0518119186 0.0521333686 0.6722954486 0.8503877986 0.6737669686 0.8525657986 0.6848965986 0.8457418986 0.8445078686 0.6749954986 0.1179572086
0.9948738986 0.8235338286 0.8344036286 0.0984395886 0.1031281826 0.1010661686 0.0994662886 0.1681573186 0.1687831086 0.8566274586 0.8380621586 0.8414315486 0.8563142386 0.8538131686 0.0405415026 0.0402249786 0.0517047986 0.00589616860000001 0 0.0511694286 0.0514906036 0.6730308486 0.8500771986 0.6745038586 0.8531891986 0.6848965986 0.8463596986 0.8420458386 0.6745038586 0.1173724186
0.9937446686 0.8202436986 0.8298553986 0.0935535836 0.0980976786 0.0965041086 0.0937801326 0.1630455086 0.1632940586 0.8513204386 0.8331880486 0.8395918586 0.8560011386 0.8544376986 0.0490317586 0.0480717936 0.0214740046 0.0518119186 0.0511694286 0 0.00468795290000001 0.6652233586 0.8472873486 0.6671675986 0.8475967986 0.6769652986 0.8463596986 0.8451246586 0.6696050986 0.1128265986
0.9911163986 0.8205421986 0.8310655286 0.0940067586 0.0979837386 0.0968452986 0.0942334486 0.1632940586 0.1640401986 0.8525657986 0.8347077986 0.8420458386 0.8556881986 0.8541253986 0.0493520226 0.0483916486 0.0217827106 0.0521333686 0.0514906036 0.00468795290000001 0 0.6671675986 0.8463596986 0.6691168986 0.8482161986 0.6786930986 0.8451246586 0.8448161986 0.6720503986 0.1134078536
0.9862595986 0.8307627986 0.8328844986 0.6688729986 0.6688729986 0.6678979986 0.6637684686 0.6615913986 0.6674109986 0.8460507386 0.8365355686 0.8199453286 0.8316713486 0.8265374986 0.6676544486 0.6659518386 0.6661948486 0.6722954486 0.6730308486 0.6652233586 0.6671675986 0 0.8316713486 0.00217707000000001 0.8313683986 0.1412480586 0.8347077986 0.8265374986 0.1323693786 0.6686290986
0.9685943686 0.6441625986 0.6519912386 0.8506985986 0.8454332286 0.8503877986 0.8445078686 0.8475967986 0.8494563686 0.6594205986 0.6601434986 0.4418548586 0.6931645986 0.6936686586 0.8488359986 0.8457418986 0.8488359986 0.8503877986 0.8500771986 0.8472873486 0.8463596986 0.8316713486 0 0.8325810386 0.2560568686 0.8244336986 0.6772118986 0.6806726386 0.8223357986 0.8432758386
0.9873775986 0.8319744386 0.8340994986 0.6703378486 0.6708267286 0.6693609286 0.6649806486 0.6637684686 0.6693609286 0.8479063986 0.8374511586 0.8220365586 0.8328844986 0.8277422986 0.6693609286 0.6674109986 0.6681416586 0.6737669686 0.6745038586 0.6671675986 0.6691168986 0.00217707000000001 0.8325810386 0 0.8307627986 0.1419725786 0.8362306286 0.8280437986 0.1334436186 0.6693609286
0.9836573586 0.6465263286 0.6543797986 0.8516315986 0.8466688386 0.8469779986 0.8494563686 0.8482161986 0.8547500986 0.6546190286 0.6531845986 0.4396955586 0.6851457986 0.6898966386 0.8503877986 0.8441996486 0.8472873486 0.8525657986 0.8531891986 0.8475967986 0.8482161986 0.8313683986 0.2560568686 0.8307627986 0 0.8292510486 0.6725404986 0.6705822286 0.8259357986 0.8448161986
0.9788484486 0.8475967986 0.8553753486 0.6839005986 0.6769652986 0.6819125386 0.6767187686 0.6732760986 0.6745038586 0.8759854386 0.8600814986 0.8277422986 0.8466688386 0.8392856686 0.6784459986 0.6764723586 0.6757335586 0.6848965986 0.6848965986 0.6769652986 0.6786930986 0.1412480586 0.8244336986 0.1419725786 0.8292510486 0 0.8405111386 0.8405111386 0.1404036686 0.6811683986
0.9922416986 0.6594205986 0.6615913986 0.8398981686 0.8457418986 0.8475967986 0.8566274586 0.8423531586 0.8503877986 0.6594205986 0.6567759486 0.6824090386 0.7027995986 0.7040766386 0.8482161986 0.8441996486 0.8463596986 0.8457418986 0.8463596986 0.8463596986 0.8451246586 0.8347077986 0.6772118986 0.8362306286 0.6725404986 0.8405111386 0 0.1347586786 0.8347077986 0.8482161986
0.9881238286 0.6503237986 0.6558165486 0.8389795986 0.8451246586 0.8466688386 0.8516315986 0.8386736486 0.8451246586 0.6574962986 0.6534234986 0.6819125386 0.6946776986 0.6989814986 0.8479063986 0.8402045986 0.8457418986 0.8445078686 0.8420458386 0.8451246586 0.8448161986 0.8265374986 0.6806726386 0.8280437986 0.6705822286 0.8405111386 0.1347586786 0 0.8295530986 0.8451246586
0.9733377686 0.8268384986 0.8292510486 0.6720503986 0.6691168986 0.6686290986 0.6625581986 0.6666810486 0.6698491986 0.8408177986 0.8307627986 0.8247338486 0.8395918586 0.8347077986 0.6705822286 0.6659518386 0.6698491986 0.6749954986 0.6745038586 0.6696050986 0.6720503986 0.1323693786 0.8223357986 0.1334436186 0.8259357986 0.1404036686 0.8347077986 0.8295530986 0 0.6727856386
0.9870047486 0.8187529386 0.8292510486 0.1121296786 0.1188938346 0.1166712586 0.1152709226 0.1626728386 0.1656594086 0.8475967986 0.8301577486 0.8435836386 0.8528774286 0.8516315986 0.1145717286 0.1146882126 0.1134078536 0.1179572086 0.1173724186 0.1128265986 0.1134078536 0.6686290986 0.8432758386 0.6693609286 0.8448161986 0.6811683986 0.8482161986 0.8451246586 0.6727856386 0
