0 0.7751804 0.76346576 0.96769285 0.9753628 0.7726547 0.76651627 0.9644296 0.95615417 0.76985824 0.7607034 0.76485085 0.76374257 0.9669665 0.96298385 0.7805406 0.7867954 0.7673504 0.7695792 0.97867405 0.9768326 0.7667942 0.9920673 0.7673504 0.7734957 0.77181464 0.76374257 0.7681854 0.7757428 0.77041674
0.7751804 0 0.19758363 1.0130024 1.005704 0.6573219 0.6558819 0.9898184 0.9958304 0.6489606 0.6602102 0.6409265 0.6662635 1.0083846 1.000751 0.66093403 0.6626257 0.65253264 0.6475366 0.9816297 0.9838541 0.64163196 1.0034139 0.6409265 0.6539662 0.67802465 0.64967364 0.6484856 0.65972805 0.6558819
0.76346576 0.19758363 0 1.0049399 0.99847597 0.6568416 0.6530102 0.9894442 0.9872032 0.6489606 0.64729947 0.6304238 0.6508636 0.99885464 0.9920673 0.6604514 0.6575622 0.65948707 0.65277135 0.99357027 0.9920673 0.63975227 1.0064689 0.64233804 0.64872307 0.66796726 0.6563616 0.64991146 0.661417 0.6599691
0.96769285 1.0130024 1.0049399 0 0.19381903 1.002652 0.99169195 0.39403155 0.38311923 1.0080011 0.9950763 0.99923354 1.0068517 0.38931137 0.38813597 1.0246727 1.0157093 1.0262426 1.0227151 0.40270612 0.40356198 1.0045581 0.38445374 1.0053219 1.0064689 1.0164845 1.0072346 1.0076177 1.0345387 0.9980974
0.9753628 1.005704 0.99847597 0.19381903 0 1.01069 1.0049399 0.39589408 0.37979326 1.014548 1.0091523 0.99847597 1.0172604 0.38679487 0.3842868 1.0246727 1.014548 1.0313674 1.0231062 0.39861146 0.40014434 1.0110749 0.38595793 1.0130024 1.0231062 1.0270288 0.9946995 1.0030329 1.0361294 0.9969631
0.7726547 0.6573219 0.6568416 1.002652 1.01069 0 0.12566338 0.9950763 0.9920673 0.52729714 0.49778837 0.47578144 0.5055969 1.0060863 1.0022715 0.5415716 0.5426017 0.52226424 0.5206608 1.001891 1.0022715 0.52810556 1.0207624 0.52689326 0.5299277 0.49372122 0.53419656 0.52709514 0.53134793 0.5358292
0.76651627 0.6558819 0.6530102 0.99169195 1.0049399 0.12566338 0 0.98125964 0.9943229 0.53195745 0.49121448 0.47277015 0.4960426 1.0122308 1.01146 0.5337889 0.5346044 0.5134875 0.51229864 0.99658537 1.0015109 0.5285101 1.01069 0.5287124 0.5250785 0.49063718 0.5289148 0.52608615 0.5277012 0.52931976
0.9644296 0.9898184 0.9894442 0.39403155 0.39589408 0.9950763 0.98125964 0 0.30469906 0.99281836 0.9980974 1.0003713 0.9980974 0.31589106 0.31239453 1.0149349 1.0064689 1.0053219 1.0037951 0.10882714 0.11056338 1.0003713 0.34922987 1.002652 0.99923354 1.0064689 0.9808897 0.9783054 1.0203725 0.9939465
0.95615417 0.9958304 0.9872032 0.38311923 0.37979326 0.9920673 0.9943229 0.30469906 0 0.98757625 0.99961257 0.9946995 1.0076177 0.10928974 0.107210256 1.0072346 1.002652 0.9980974 0.9943229 0.30755678 0.31118217 0.990942 0.34430766 0.99169195 0.99658537 1.0110749 0.9838541 0.9779369 1.0227151 0.9939465
0.76985824 0.6489606 0.6489606 1.0080011 1.014548 0.52729714 0.53195745 0.99281836 0.98757625 0 0.53297436 0.52810556 0.53828484 0.9969631 1.002652 0.38311923 0.38295257 0.34320065 0.34051898 0.99999183 1.0049399 0.09202131 1.0160967 0.09134329 0.34209526 0.5301304 0.34446594 0.3447826 0.35306293 0.34700292
0.7607034 0.6602102 0.64729947 0.9950763 1.0091523 0.49778837 0.49121448 0.9980974 0.99961257 0.53297436 0 0.4452932 0.06755295 1.0045581 0.99885464 0.53951573 0.54116 0.5266914 0.5250785 1.005704 1.0099207 0.52931976 0.99923354 0.5287124 0.5374654 0.3312857 0.5399264 0.5291173 0.5287124 0.5376702
0.76485085 0.6409265 0.6304238 0.99923354 0.99847597 0.47578144 0.47277015 1.0003713 0.9946995 0.52810556 0.4452932 0 0.45330298 1.0141612 1.0087683 0.5254814 0.5299277 0.5220636 0.5196604 1.0076177 1.0076177 0.520861 1.0060863 0.5196604 0.51886106 0.4452932 0.51646805 0.51547325 0.5190608 0.51886106
0.76374257 0.6662635 0.6508636 1.0068517 1.0172604 0.5055969 0.4960426 0.9980974 1.0076177 0.53828484 0.06755295 0.45330298 0 1.0149349 1.0141612 0.54528654 0.54632175 0.5291173 0.52810556 1.01146 1.0141612 0.53256744 1.0118452 0.5317542 0.5440462 0.33659267 0.5434268 0.5335852 0.53480834 0.5436332
0.9669665 1.0083846 0.99885464 0.38931137 0.38679487 1.0060863 1.0122308 0.31589106 0.10928974 0.9969631 1.0045581 1.0141612 1.0149349 0 0.05389058 1.0095364 1.0034139 1.0076177 1.0015109 0.31756908 0.32078305 1.0095364 0.3487521 1.0110749 0.99847597 1.0258498 0.9931942 0.98832285 1.0297868 1.0022715
0.96298385 1.000751 0.9920673 0.38813597 0.3842868 1.0022715 1.01146 0.31239453 0.107210256 1.002652 0.99885464 1.0087683 1.0141612 0.05389058 0 1.0133885 1.0076177 1.0049399 1.000751 0.31391275 0.31741637 1.0122308 0.34747958 1.0141612 1.0068517 1.018426 0.9969631 0.9920673 1.033348 1.0060863
0.7805406 0.66093403 0.6604514 1.0246727 1.0246727 0.5415716 0.5337889 1.0149349 1.0072346 0.38311923 0.53951573 0.5254814 0.54528654 1.0095364 1.0133885 0 0.03846997 0.37714309 0.3738435 1.0195932 1.0219333 0.38228634 1.0227151 0.3816207 0.3842868 0.5358292 0.38112187 0.38998386 0.38780046 0.39032033
0.7867954 0.6626257 0.6575622 1.0157093 1.014548 0.5426017 0.5346044 1.0064689 1.002652 0.38295257 0.54116 0.5299277 0.54632175 1.0034139 1.0076177 0.03846997 0 0.37565646 0.37351432 1.01146 1.014548 0.38045728 1.0172604 0.3801252 0.3842868 0.5393104 0.38062337 0.3911622 0.39065698 0.39217365
0.7673504 0.65253264 0.65948707 1.0262426 1.0313674 0.52226424 0.5134875 1.0053219 0.9980974 0.34320065 0.5266914 0.5220636 0.5291173 1.0076177 1.0049399 0.37714309 0.37565646 0 0.02656496 1.0188149 1.0211525 0.33784685 1.0157093 0.33565342 0.34193748 0.51646805 0.2702254 0.27858767 0.28134742 0.27728397
0.7695792 0.6475366 0.65277135 1.0227151 1.0231062 0.5206608 0.51229864 1.0037951 0.9943229 0.34051898 0.5250785 0.5196604 0.52810556 1.0015109 1.000751 0.3738435 0.37351432 0.02656496 0 1.0176488 1.0203725 0.3350279 1.0149349 0.3326868 0.34209526 0.5146783 0.26807785 0.27757347 0.28105646 0.2768499
0.97867405 0.9816297 0.99357027 0.40270612 0.39861146 1.001891 0.99658537 0.10882714 0.30755678 0.99999183 1.005704 1.0076177 1.01146 0.31756908 0.31391275 1.0195932 1.01146 1.0188149 1.0176488 0 0.014642 1.0072346 0.35178307 1.0095364 1.0060863 1.0141612 0.9920673 0.99357027 1.0337447 0.9962078
0.9768326 0.9838541 0.9920673 0.40356198 0.40014434 1.0022715 1.0015109 0.11056338 0.31118217 1.0049399 1.0099207 1.0076177 1.0141612 0.32078305 0.31741637 1.0219333 1.014548 1.0211525 1.0203725 0.014642 0 1.0118452 0.35466585 1.014548 1.0091523 1.0172604 0.9962078 0.9962078 1.0377234 0.99923354
0.7667942 0.64163196 0.63975227 1.0045581 1.0110749 0.52810556 0.5285101 1.0003713 0.990942 0.09202131 0.52931976 0.520861 0.53256744 1.0095364 1.0122308 0.38228634 0.38045728 0.33784685 0.3350279 1.0072346 1.0118452 0 1.015322 0.00956068 0.34099153 0.532364 0.34051898 0.34162202 0.34922987 0.34351677
0.9920673 1.0034139 1.0064689 0.38445374 0.38595793 1.0207624 1.01069 0.34922987 0.34430766 1.0160967 0.99923354 1.0060863 1.0118452 0.3487521 0.34747958 1.0227151 1.0172604 1.0157093 1.0149349 0.35178307 0.35466585 1.015322 0 1.0137748 1.0203725 1.0087683 0.9950763 0.990942 1.0341415 0.99357027
0.7673504 0.6409265 0.64233804 1.0053219 1.0130024 0.52689326 0.5287124 1.002652 0.99169195 0.09134329 0.5287124 0.5196604 0.5317542 1.0110749 1.0141612 0.3816207 0.3801252 0.33565342 0.3326868 1.0095364 1.014548 0.00956068 1.0137748 0 0.34083396 0.531551 0.33988938 0.34130672 0.34716177 0.34193748
0.7734957 0.6539662 0.64872307 1.0064689 1.0231062 0.5299277 0.5250785 0.99923354 0.99658537 0.34209526 0.5374654 0.51886106 0.5440462 0.99847597 1.0068517 0.3842868 0.3842868 0.34193748 0.34209526 1.0060863 1.0091523 0.34099153 1.0203725 0.34083396 0 0.5287124 0.34668535 0.34573337 0.35258272 0.34589195
0.77181464 0.67802465 0.66796726 1.0164845 1.0270288 0.49372122 0.49063718 1.0064689 1.0110749 0.5301304 0.3312857 0.4452932 0.33659267 1.0258498 1.018426 0.5358292 0.5393104 0.51646805 0.5146783 1.0141612 1.0172604 0.532364 1.0087683 0.531551 0.5287124 0 0.52306724 0.52447456 0.5285101 0.5258845
0.76374257 0.64967364 0.6563616 1.0072346 0.9946995 0.53419656 0.5289148 0.9808897 0.9838541 0.34446594 0.5399264 0.51646805 0.5434268 0.9931942 0.9969631 0.38112187 0.38062337 0.2702254 0.26807785 0.9920673 0.9962078 0.34051898 0.9950763 0.33988938 0.34668535 0.52306724 0 0.27931294 0.28704423 0.27931294
0.7681854 0.6484856 0.64991146 1.0076177 1.0030329 0.52709514 0.52608615 0.9783054 0.9779369 0.3447826 0.5291173 0.51547325 0.5335852 0.98832285 0.9920673 0.38998386 0.3911622 0.27858767 0.27757347 0.99357027 0.9962078 0.34162202 0.990942 0.34130672 0.34573337 0.52447456 0.27931294 0 0.24526776 0.23767869
0.7757428 0.65972805 0.661417 1.0345387 1.0361294 0.53134793 0.5277012 1.0203725 1.0227151 0.35306293 0.5287124 0.5190608 0.53480834 1.0297868 1.033348 0.38780046 0.39065698 0.28134742 0.28105646 1.0337447 1.0377234 0.34922987 1.0341415 0.34716177 0.35258272 0.5285101 0.28704423 0.24526776 0 0.19823462
0.77041674 0.6558819 0.6599691 0.9980974 0.9969631 0.5358292 0.52931976 0.9939465 0.9939465 0.34700292 0.5376702 0.51886106 0.5436332 1.0022715 1.0060863 0.39032033 0.39217365 0.27728397 0.2768499 0.9962078 0.99923354 0.34351677 0.99357027 0.34193748 0.34589195 0.5258845 0.27931294 0.23767869 0.19823462 0
