0 1.032159 0.97024083 0.98348296 0.9969631 1.0297868 1.01069 1.0103053 1.0060863 1.032159 1.0297868 0.7207046 0.98125964 1.0168724 1.0219333 1.0242808 1.0258498 1.0133885 1.014548 1.0188149 1.0164845 0.98051995 1.0345387 0.97867405 1.0329514 1.0003713 0.9808897 1.0133885 1.0068517 1.0231062
1.032159 0 0.99734104 1.0076177 1.0164845 0.6040094 0.59400773 0.5911431 0.58544624 0.6071484 0.6060258 1.0188149 0.99357027 0.5955548 0.5973268 0.60512894 0.6026681 1.0053219 1.0064689 0.6539662 0.6522939 0.9924427 0.36794052 0.9931942 0.59400773 1.01146 1.0297868 0.6590054 0.662142 0.12910022
0.97024083 0.99734104 0 0.1070949 0.4752159 1.001891 0.9853408 0.9857129 0.9931942 0.99999183 0.99923354 0.99545324 0.10686424 0.99734104 0.99961257 1.001891 0.99734104 0.46864927 0.46808907 0.9753628 0.97024083 0.10628789 0.99131685 0.105942294 1.0180373 0.3454163 0.35386395 0.9872032 0.9593815 0.9853408
0.98348296 1.0076177 0.1070949 0 0.47729164 1.0188149 0.99658537 1.000751 1.0068517 1.0122308 1.0141612 0.99885464 0.0787982 1.0103053 1.0133885 1.0137748 1.0099207 0.47070688 0.471269 0.9842255 0.9783054 0.07802105 1.0103053 0.07779916 1.0361294 0.35050538 0.35691568 0.99885464 0.9698763 0.99847597
0.9969631 1.0164845 0.4752159 0.47729164 0 1.0353336 1.0195932 1.0176488 1.0231062 1.0266355 1.0278157 1.0064689 0.47634742 1.0168724 1.018426 1.025065 1.0234975 0.08325454 0.08314281 0.98907024 0.98237044 0.4746508 1.0329514 0.47540435 1.0353336 0.4841254 0.49256322 0.98794943 0.9845971 1.0110749
1.0297868 0.6040094 1.001891 1.0188149 1.0353336 0 0.17451672 0.17350781 0.17552699 0.060257066 0.058633335 1.0409217 1.0157093 0.082584396 0.08057756 0.059390638 0.058092874 1.0329514 1.0301816 0.65348804 0.6515784 1.0087683 0.6071484 1.0122308 0.25419644 1.0176488 1.0289978 0.65972805 0.6606927 0.6011063
1.01069 0.59400773 0.9853408 0.99658537 1.0195932 0.17451672 0 0.062318847 0.06286237 0.17552699 0.1752743 1.0289978 0.99281836 0.17439054 0.173886 0.17514798 0.17451672 1.01069 1.0076177 0.65348804 0.6508636 0.9857129 0.60557723 0.9901927 0.25926593 1.0087683 1.0133885 0.65972805 0.66456366 0.5907033
1.0103053 0.5911431 0.9857129 1.000751 1.0176488 0.17350781 0.062318847 0 0.038364716 0.17565337 0.17489542 1.0234975 0.99923354 0.1732558 0.17224857 0.17426437 0.17426437 1.0149349 1.0126165 0.65972805 0.6568416 0.9920673 0.60669917 0.9962078 0.25743133 1.0076177 1.0091523 0.6640787 0.66650665 0.58807015
1.0060863 0.58544624 0.9931942 1.0068517 1.0231062 0.17552699 0.06286237 0.038364716 0 0.17729825 0.1764121 1.0195932 1.0037951 0.1750217 0.17426437 0.17603265 0.1759062 1.0199828 1.0176488 0.6522939 0.6489606 0.9969631 0.6037857 1.0011308 0.2589834 1.019204 1.019204 0.6604514 0.6611755 0.5847917
1.032159 0.6071484 0.99999183 1.0122308 1.0266355 0.060257066 0.17552699 0.17565337 0.17729825 0 0.01852696 1.0301816 1.0099207 0.085828975 0.084372774 0.018834526 0.01821952 1.0274222 1.0242808 0.6631097 0.661417 1.001891 0.61256033 1.005704 0.2582775 1.0211525 1.0215429 0.66748005 0.6689425 0.6015522
1.0297868 0.6060258 0.99923354 1.0141612 1.0278157 0.058633335 0.1752743 0.17489542 0.1764121 0.01852696 0 1.0293922 1.0099207 0.084372774 0.0829194 0.014438084 0.013724818 1.0278157 1.0246727 0.662142 0.6599691 1.002652 0.6118817 1.0060863 0.2556012 1.0223241 1.0242808 0.66796726 0.6682109 0.6017752
0.7207046 1.0188149 0.99545324 0.99885464 1.0064689 1.0409217 1.0289978 1.0234975 1.0195932 1.0301816 1.0293922 0 0.98496884 1.0381224 1.0409217 1.0242808 1.0286036 1.0211525 1.0203725 1.0087683 1.0045581 0.98496884 1.0417235 0.9853408 1.0505993 1.0195932 1.0266355 1.018426 1.0110749 1.0118452
0.98125964 0.99357027 0.10686424 0.0787982 0.47634742 1.0157093 0.99281836 0.99923354 1.0037951 1.0099207 1.0099207 0.98496884 0 1.0041765 1.0080011 1.0103053 1.0076177 0.46958384 0.46939683 0.982 0.9775687 0.015152031 1.0030329 0.014947977 1.0246727 0.3501863 0.35901088 0.99545324 0.9695119 0.98869646
1.0168724 0.5955548 0.99734104 1.0103053 1.0168724 0.082584396 0.17439054 0.1732558 0.1750217 0.085828975 0.084372774 1.0381224 1.0041765 0 0.013928539 0.08482053 0.08426087 1.014548 1.014548 0.654684 0.65444463 0.9977191 0.5977705 1.002652 0.25447717 1.015322 1.0168724 0.65876466 0.661417 0.58850837
1.0219333 0.5973268 0.99961257 1.0133885 1.018426 0.08057756 0.173886 0.17224857 0.17426437 0.084372774 0.0829194 1.0409217 1.0080011 0.013928539 0 0.08347805 0.08280771 1.0160967 1.0160967 0.654684 0.6539662 1.001891 0.5977705 1.0068517 0.25349504 1.0180373 1.0211525 0.6582834 0.6606927 0.5907033
1.0242808 0.60512894 1.001891 1.0137748 1.025065 0.059390638 0.17514798 0.17426437 0.17603265 0.018834526 0.014438084 1.0242808 1.0103053 0.08482053 0.08347805 0 0.011893812 1.0258498 1.0227151 0.6602102 0.65852404 1.002652 0.610075 1.0060863 0.25644532 1.0203725 1.0211525 0.6667499 0.6669932 0.6011063
1.0258498 0.6026681 0.99734104 1.0099207 1.0234975 0.058092874 0.17451672 0.17426437 0.1759062 0.01821952 0.013724818 1.0286036 1.0076177 0.08426087 0.08280771 0.011893812 0 1.025065 1.0219333 0.6611755 0.6590054 1.000751 0.61052626 1.0037951 0.2551795 1.0176488 1.0199828 0.6652917 0.66650665 0.59932536
1.0133885 1.0053219 0.46864927 0.47070688 0.08325454 1.0329514 1.01069 1.0149349 1.0199828 1.0274222 1.0278157 1.0211525 0.46958384 1.014548 1.0160967 1.0258498 1.025065 0 0.010371381 0.9827411 0.9764649 0.46939683 1.0337447 0.46977088 1.0270288 0.48070073 0.4869913 0.9816297 0.9827411 1.0083846
1.014548 1.0064689 0.46808907 0.471269 0.08314281 1.0301816 1.0076177 1.0126165 1.0176488 1.0242808 1.0246727 1.0203725 0.46939683 1.014548 1.0160967 1.0227151 1.0219333 0.010371381 0 0.9816297 0.97573 0.46939683 1.0317632 0.46977088 1.0242808 0.48184055 0.48679987 0.9816297 0.98051995 1.0068517
1.0188149 0.6539662 0.9753628 0.9842255 0.98907024 0.65348804 0.65348804 0.65972805 0.6522939 0.6631097 0.662142 1.0087683 0.982 0.654684 0.654684 0.6602102 0.6611755 0.9827411 0.9816297 0 0.007537752 0.97941184 0.67040783 0.98348296 0.6606927 0.9898184 0.99658537 0.14859433 0.14969234 0.65660155
1.0164845 0.6522939 0.97024083 0.9783054 0.98237044 0.6515784 0.6508636 0.6568416 0.6489606 0.661417 0.6599691 1.0045581 0.9775687 0.65444463 0.6539662 0.65852404 0.6590054 0.9764649 0.97573 0.007537752 0 0.97426224 0.66748005 0.9783054 0.6573219 0.9845971 0.99169195 0.14640313 0.14725451 0.6532491
0.98051995 0.9924427 0.10628789 0.07802105 0.4746508 1.0087683 0.9857129 0.9920673 0.9969631 1.001891 1.002652 0.98496884 0.015152031 0.9977191 1.001891 1.002652 1.000751 0.46939683 0.46939683 0.97941184 0.97426224 0 1.0030329 0.0063266093 1.0219333 0.34907058 0.35852686 0.9943229 0.9662408 0.98907024
1.0345387 0.36794052 0.99131685 1.0103053 1.0329514 0.6071484 0.60557723 0.60669917 0.6037857 0.61256033 0.6118817 1.0417235 1.0030329 0.5977705 0.5977705 0.610075 0.61052626 1.0337447 1.0317632 0.67040783 0.66748005 1.0030329 0 1.0003713 0.61369276 1.0030329 1.0297868 0.6802505 0.66918653 0.3717065
0.97867405 0.9931942 0.105942294 0.07779916 0.47540435 1.0122308 0.9901927 0.9962078 1.0011308 1.005704 1.0060863 0.9853408 0.014947977 1.002652 1.0068517 1.0060863 1.0037951 0.46977088 0.46977088 0.98348296 0.9783054 0.0063266093 1.0003713 0 1.0274222 0.3487521 0.35852686 0.99734104 0.9691478 0.990942
1.0329514 0.59400773 1.0180373 1.0361294 1.0353336 0.25419644 0.25926593 0.25743133 0.2589834 0.2582775 0.2556012 1.0505993 1.0246727 0.25447717 0.25349504 0.25644532 0.2551795 1.0270288 1.0242808 0.6606927 0.6573219 1.0219333 0.61369276 1.0274222 0 1.0313674 1.032159 0.67040783 0.67016345 0.593787
1.0003713 1.01146 0.3454163 0.35050538 0.4841254 1.0176488 1.0087683 1.0076177 1.019204 1.0211525 1.0223241 1.0195932 0.3501863 1.015322 1.0180373 1.0203725 1.0176488 0.48070073 0.48184055 0.9898184 0.9845971 0.34907058 1.0030329 0.3487521 1.0313674 0 0.17489542 0.99658537 0.9901927 1.0068517
0.9808897 1.0297868 0.35386395 0.35691568 0.49256322 1.0289978 1.0133885 1.0091523 1.019204 1.0215429 1.0242808 1.0266355 0.35901088 1.0168724 1.0211525 1.0211525 1.0199828 0.4869913 0.48679987 0.99658537 0.99169195 0.35852686 1.0297868 0.35852686 1.032159 0.17489542 0 1.0188149 1.002652 1.0266355
1.0133885 0.6590054 0.9872032 0.99885464 0.98794943 0.65972805 0.65972805 0.6640787 0.6604514 0.66748005 0.66796726 1.018426 0.99545324 0.65876466 0.6582834 0.6667499 0.6652917 0.9816297 0.9816297 0.14859433 0.14640313 0.9943229 0.6802505 0.99734104 0.67040783 0.99658537 1.0188149 0 0.1518932 0.65876466
1.0068517 0.662142 0.9593815 0.9698763 0.9845971 0.6606927 0.66456366 0.66650665 0.6611755 0.6689425 0.6682109 1.0110749 0.9695119 0.661417 0.6606927 0.6669932 0.66650665 0.9827411 0.98051995 0.14969234 0.14725451 0.9662408 0.66918653 0.9691478 0.67016345 0.9901927 1.002652 0.1518932 0 0.66286767
1.0231062 0.12910022 0.9853408 0.99847597 1.0110749 0.6011063 0.5907033 0.58807015 0.5847917 0.6015522 0.6017752 1.0118452 0.98869646 0.58850837 0.5907033 0.6011063 0.59932536 1.0083846 1.0068517 0.65660155 0.6532491 0.98907024 0.3717065 0.990942 0.593787 1.0068517 1.0266355 0.65876466 0.66286767 0
