0 1.001891 0.9980974 0.99999183 1.0329514 1.018426 1.0172604 1.0060863 0.9827411 0.9901927 1.001891 0.88943595 1.0083846 1.0195932 1.0126165 1.0030329 0.99999183 0.9853408 0.98348296 0.99885464 1.0003713 1.0130024 0.88454145 1.0122308 0.98237044 1.0168724 1.0137748 0.99999183 0.99847597 0.9853408
1.001891 0 0.7640195 0.7676286 0.83636117 0.83605623 0.7524766 0.7400349 0.9150766 0.9304776 0.3063522 0.9939465 0.3081598 0.3098206 0.81590265 0.65540254 0.6568416 0.75712734 0.7585007 0.74622995 0.74406934 0.811759 0.9920673 0.8099901 0.6864684 0.75603044 0.82546073 0.77715075 0.7609791 0.7590508
0.9980974 0.7640195 0 0.30710486 0.8266641 0.81857854 0.682483 0.6849714 0.9270277 0.9322085 0.75603044 0.99131685 0.7620833 0.7587757 0.82335943 0.761531 0.7524766 0.6849714 0.6864684 0.6937464 0.68972224 0.828171 0.9977191 0.82606214 0.7623596 0.6960195 0.806758 0.4820307 0.491407 0.38445374
0.99999183 0.7676286 0.30710486 0 0.8305884 0.8224607 0.69576657 0.6927383 0.92119914 0.93116945 0.7681854 0.98348296 0.76374257 0.77041674 0.8263631 0.7734957 0.76485085 0.6982995 0.6998234 0.6932422 0.6904751 0.82998335 0.9808897 0.8305884 0.7751804 0.7082605 0.81442016 0.4843161 0.49063718 0.39318648
1.0329514 0.83636117 0.8266641 0.8305884 0 0.3009554 0.81442016 0.8082254 0.9405729 0.9322085 0.83240664 1.0034139 0.84279376 0.84310144 0.5966618 0.8499028 0.8455675 0.82877463 0.831194 0.8088132 0.80910724 0.5971051 1.0080011 0.5955548 0.8194727 0.8388052 0.50540066 0.8345334 0.8474224 0.8339251
1.018426 0.83605623 0.81857854 0.8224607 0.3009554 0 0.812645 0.8082254 0.9133848 0.91541547 0.81738806 0.9775687 0.8221614 0.83240664 0.5971051 0.84156424 0.8357514 0.81977093 0.81768554 0.8094014 0.81087404 0.5948914 0.9924427 0.5929046 0.8200693 0.8257614 0.50874317 0.8212641 0.8336212 0.81738806
1.0172604 0.7524766 0.682483 0.69576657 0.81442016 0.812645 0 0.2807656 0.91541547 0.9160936 0.7473126 1.0015109 0.7522039 0.7598766 0.82606214 0.7524766 0.74433905 0.52367 0.5232681 0.47994182 0.48051092 0.8272665 1.0037951 0.828171 0.75520885 0.53664684 0.81234956 0.6889701 0.6924865 0.67555916
1.0060863 0.7400349 0.6849714 0.6927383 0.8082254 0.8082254 0.2807656 0 0.908332 0.90098226 0.73815954 0.99734104 0.7408401 0.75520885 0.8284728 0.7459595 0.7386949 0.52387106 0.52427334 0.47033232 0.46977088 0.831194 1.0030329 0.83240664 0.7459595 0.53094184 0.8150128 0.6790131 0.6869681 0.6832287
0.9827411 0.9150766 0.9270277 0.92119914 0.9405729 0.9133848 0.91541547 0.908332 0 0.205433 0.9127091 0.97978103 0.9229087 0.9242792 0.92462224 0.90031767 0.8851922 0.92393637 0.9167723 0.9053166 0.903313 0.92119914 0.9680563 0.91949344 0.8897634 0.91983426 0.91473794 0.9346385 0.9304776 0.908332
0.9901927 0.9304776 0.9322085 0.93116945 0.9322085 0.91541547 0.9160936 0.90098226 0.205433 0 0.9174517 0.9808897 0.9287507 0.9225665 0.92909575 0.91813165 0.90565103 0.92771643 0.9242792 0.9073255 0.9059856 0.9259958 0.9637064 0.9256522 0.89766514 0.92359364 0.91575444 0.9583042 0.94514287 0.9349863
1.001891 0.3063522 0.75603044 0.7681854 0.83240664 0.81738806 0.7473126 0.73815954 0.9127091 0.9174517 0 0.9831119 0.11989186 0.122830965 0.8179831 0.64116156 0.63975227 0.74514884 0.74406934 0.75411475 0.750842 0.82066643 0.9920673 0.8194727 0.6929902 0.75056994 0.82485974 0.77041674 0.7729349 0.761531
0.88943595 0.9939465 0.99131685 0.98348296 1.0034139 0.9775687 1.0015109 0.99734104 0.97978103 0.9808897 0.9831119 0 0.9943229 0.99281836 0.99999183 0.9853408 0.9872032 0.9853408 0.9980974 0.99923354 0.99999183 1.0072346 0.7262145 1.0080011 0.9790429 1.0176488 0.98237044 0.99545324 0.98496884 0.96298385
1.0083846 0.3081598 0.7620833 0.76374257 0.84279376 0.8221614 0.7522039 0.7408401 0.9229087 0.9287507 0.11989186 0.9943229 0 0.12578164 0.8156059 0.6489606 0.65038735 0.7519313 0.75002605 0.75056994 0.7483968 0.81294054 1.0064689 0.812645 0.70288044 0.7587757 0.8236593 0.7847996 0.7796917 0.7601521
1.0195932 0.3098206 0.7587757 0.77041674 0.84310144 0.83240664 0.7598766 0.75520885 0.9242792 0.9225665 0.122830965 0.99281836 0.12578164 0 0.8209652 0.64516914 0.6439882 0.7623596 0.7601521 0.7574018 0.75466156 0.8212641 1.0053219 0.8200693 0.70160514 0.76042765 0.8336212 0.7746184 0.7701374 0.762636
1.0126165 0.81590265 0.82335943 0.8263631 0.5966618 0.5971051 0.82606214 0.8284728 0.92462224 0.92909575 0.8179831 0.99999183 0.8156059 0.8209652 0 0.83089113 0.8242593 0.81738806 0.81442016 0.8224607 0.8221614 0.080466226 0.97978103 0.08002105 0.8088132 0.8461853 0.5889469 0.847732 0.8305884 0.8079317
1.0030329 0.65540254 0.761531 0.7734957 0.8499028 0.84156424 0.7524766 0.7459595 0.90031767 0.91813165 0.64116156 0.9853408 0.6489606 0.64516914 0.83089113 0 0.06253621 0.7565787 0.761255 0.761255 0.7593259 0.8327101 0.9943229 0.8305884 0.6967787 0.776869 0.8284728 0.76346576 0.7765873 0.7667942
0.99999183 0.6568416 0.7524766 0.76485085 0.8455675 0.8357514 0.74433905 0.7386949 0.8851922 0.90565103 0.63975227 0.9872032 0.65038735 0.6439882 0.8242593 0.06253621 0 0.7598766 0.76346576 0.7579511 0.7557565 0.82485974 0.9853408 0.8224607 0.6922348 0.7726547 0.8114639 0.7601521 0.7779968 0.762636
0.9853408 0.75712734 0.6849714 0.6982995 0.82877463 0.81977093 0.52367 0.52387106 0.92393637 0.92771643 0.74514884 0.9853408 0.7519313 0.7623596 0.81738806 0.7565787 0.7598766 0 0.04174025 0.52952236 0.5291173 0.8194727 1.0041765 0.8200693 0.7618071 0.54116 0.82156307 0.6967787 0.69122875 0.67114156
0.98348296 0.7585007 0.6864684 0.6998234 0.831194 0.81768554 0.5232681 0.52427334 0.9167723 0.9242792 0.74406934 0.9980974 0.75002605 0.7601521 0.81442016 0.761255 0.76346576 0.04174025 0 0.5287124 0.5279034 0.8200693 1.0083846 0.8203678 0.76374257 0.5446661 0.8236593 0.6962725 0.69173163 0.675067
0.99885464 0.74622995 0.6937464 0.6932422 0.8088132 0.8094014 0.47994182 0.47033232 0.9053166 0.9073255 0.75411475 0.99923354 0.75056994 0.7574018 0.8224607 0.761255 0.7579511 0.52952236 0.5287124 0 0.0076387688 0.8251602 1.0068517 0.82606214 0.7494826 0.5473584 0.80705124 0.69198316 0.69022405 0.6812419
1.0003713 0.74406934 0.68972224 0.6904751 0.80910724 0.81087404 0.48051092 0.46977088 0.903313 0.9059856 0.750842 0.99999183 0.7483968 0.75466156 0.8221614 0.7593259 0.7557565 0.5291173 0.5279034 0.0076387688 0 0.82395923 1.0064689 0.82455945 0.7486681 0.54611456 0.8073446 0.6899731 0.6892207 0.6795078
1.0130024 0.811759 0.828171 0.82998335 0.5971051 0.5948914 0.8272665 0.831194 0.92119914 0.9259958 0.82066643 1.0072346 0.81294054 0.8212641 0.080466226 0.8327101 0.82485974 0.8194727 0.8200693 0.8251602 0.82395923 0 0.98125964 0.004010705 0.81087404 0.84928197 0.5871945 0.84402525 0.8366663 0.8079317
0.88454145 0.9920673 0.9977191 0.9808897 1.0080011 0.9924427 1.0037951 1.0030329 0.9680563 0.9637064 0.9920673 0.7262145 1.0064689 1.0053219 0.97978103 0.9943229 0.9853408 1.0041765 1.0083846 1.0068517 1.0064689 0.98125964 0 0.97867405 0.9687838 1.0389212 0.98683035 0.9969631 1.0068517 0.98869646
1.0122308 0.8099901 0.82606214 0.8305884 0.5955548 0.5929046 0.828171 0.83240664 0.91949344 0.9256522 0.8194727 1.0080011 0.812645 0.8200693 0.08002105 0.8305884 0.8224607 0.8200693 0.8203678 0.82606214 0.82455945 0.004010705 0.97867405 0 0.8099901 0.8508351 0.58675706 0.84402525 0.83605623 0.8073446
0.98237044 0.6864684 0.7623596 0.7751804 0.8194727 0.8200693 0.75520885 0.7459595 0.8897634 0.89766514 0.6929902 0.9790429 0.70288044 0.70160514 0.8088132 0.6967787 0.6922348 0.7618071 0.76374257 0.7494826 0.7486681 0.81087404 0.9687838 0.8099901 0 0.77489936 0.81857854 0.77405685 0.78082377 0.7629125
1.0168724 0.75603044 0.6960195 0.7082605 0.8388052 0.8257614 0.53664684 0.53094184 0.91983426 0.92359364 0.75056994 1.0176488 0.7587757 0.76042765 0.8461853 0.776869 0.7726547 0.54116 0.5446661 0.5473584 0.54611456 0.84928197 1.0389212 0.8508351 0.77489936 0 0.8293787 0.69576657 0.7067194 0.6922348
1.0137748 0.82546073 0.806758 0.81442016 0.50540066 0.50874317 0.81234956 0.8150128 0.91473794 0.91575444 0.82485974 0.98237044 0.8236593 0.8336212 0.5889469 0.8284728 0.8114639 0.82156307 0.8236593 0.80705124 0.8073446 0.5871945 0.98683035 0.58675706 0.81857854 0.8293787 0 0.8305884 0.82998335 0.811759
0.99999183 0.77715075 0.4820307 0.4843161 0.8345334 0.8212641 0.6889701 0.6790131 0.9346385 0.9583042 0.77041674 0.99545324 0.7847996 0.7746184 0.847732 0.76346576 0.7601521 0.6967787 0.6962725 0.69198316 0.6899731 0.84402525 0.9969631 0.84402525 0.77405685 0.69576657 0.8305884 0 0.3965725 0.47540435
0.99847597 0.7609791 0.491407 0.49063718 0.8474224 0.8336212 0.6924865 0.6869681 0.9304776 0.94514287 0.7729349 0.98496884 0.7796917 0.7701374 0.8305884 0.7765873 0.7779968 0.69122875 0.69173163 0.69022405 0.6892207 0.8366663 1.0068517 0.83605623 0.78082377 0.7067194 0.82998335 0.3965725 0 0.4822209
0.9853408 0.7590508 0.38445374 0.39318648 0.8339251 0.81738806 0.67555916 0.6832287 0.908332 0.9349863 0.761531 0.96298385 0.7601521 0.762636 0.8079317 0.7667942 0.762636 0.67114156 0.675067 0.6812419 0.6795078 0.8079317 0.98869646 0.8073446 0.7629125 0.6922348 0.811759 0.47540435 0.4822209 0
