0 0.95955303327 0.98364263327 0.96027173327 1.01469193327 0.96858703327 0.96568433327 0.98216043327 0.97223140327 1.00891533327 1.01353313327 0.98997493327 0.99410100327 0.99787177327 1.00929903327 0.96171123327 0.96423713327 0.99034913327 0.99072343327 0.96351458327 0.96532227327 0.96027173327 1.00356363327 0.95991223327 1.01006713327 0.98290117327 0.95740093327 0.98179037327 0.99711610327 0.96858703327
0.95955303327 0 0.40409271327 0.41201289327 0.93586493327 0.41322551327 0.40855903327 0.41218601327 0.40632255327 0.92549613327 0.94426448327 0.99334909327 0.41827018327 0.92412437327 0.93273923327 0.40221108327 0.40255285327 0.41617859327 0.42001761327 0.40169873327 0.40016375327 0.74433043327 1.00814843327 0.74352213327 0.94849983327 0.41235916327 0.40942101327 0.25965537327 0.41879396327 0.17567871327
0.98364263327 0.40409271327 0 0.33243881327 0.92790273327 0.33368517327 0.33228318327 0.32933193327 0.32917693327 0.92275513327 0.93308587327 0.97846763327 0.39287309327 0.93447413327 0.93377967327 0.16253256327 0.16166429327 0.38515146327 0.38917021327 0.16302917327 0.16240847327 0.74621993327 0.99447723327 0.74594970327 0.95489793327 0.33790703327 0.37519775327 0.40683807327 0.38833119327 0.40718196327
0.96027173327 0.41201289327 0.33243881327 0 0.92618293327 0.14815041327 0.14827218327 0.31794710327 0.31322868327 0.92480993327 0.93621309327 0.98068113327 0.39202993327 0.93066263327 0.92721433327 0.32731933327 0.32577486327 0.38682331327 0.39068283327 0.33010746327 0.32917693327 0.74110229327 0.99824983327 0.74083389327 0.93830509327 0.33072845327 0.37999223327 0.41339890327 0.39001016327 0.40993867327
1.01469193327 0.93586493327 0.92790273327 0.92618293327 0 0.92549613327 0.93239273327 0.91764266327 0.92275513327 0.14802867327 0.14888128327 1.01006713327 0.94956238327 0.42634233327 0.42934761327 0.91696359327 0.91900263327 0.94040299327 0.94180490327 0.91798243327 0.91526867327 0.92928143327 1.00699963327 0.92928143327 0.42493219327 0.93447413327 0.93830509327 0.94145418327 0.93516923327 0.93621309327
0.96858703327 0.41322551327 0.33368517327 0.14815041327 0.92549613327 0 0.14160439327 0.32562060327 0.31916959327 0.91900263327 0.92138840327 0.98549957327 0.39863193327 0.91934293327 0.91866238327 0.33072845327 0.32886700327 0.39152447327 0.39439319327 0.33508981327 0.33352927327 0.73655279327 1.00814843327 0.73628599327 0.93830509327 0.32948698327 0.38348330327 0.41513501327 0.39354833327 0.41235916327
0.96568433327 0.40855903327 0.33228318327 0.14827218327 0.93239273327 0.14160439327 0 0.32670117327 0.31901668327 0.92002417327 0.93516923327 0.99222268327 0.40152801327 0.93343273327 0.93586493327 0.33197195327 0.33088378327 0.39337946327 0.39727293327 0.33352927327 0.33275021327 0.74244563327 0.99900670327 0.74217678327 0.94285799327 0.33352927327 0.38699071327 0.41183983327 0.40016375327 0.41132085327
0.98216043327 0.41218601327 0.32933193327 0.31794710327 0.91764266327 0.32562060327 0.32670117327 0 0.12430465327 0.91425363327 0.92138840327 0.96677153327 0.39017827327 0.93343273327 0.92859173327 0.32469563327 0.32423353327 0.38415013327 0.38615413327 0.32392568327 0.32392568327 0.72806313327 0.98773393327 0.72779937327 0.93412683327 0.26775129327 0.37240140327 0.40632255327 0.38715813327 0.41166679327
0.97223140327 0.40632255327 0.32917693327 0.31322868327 0.92275513327 0.31916959327 0.31901668327 0.12430465327 0 0.92755843327 0.93586493327 0.98142043327 0.38833119327 0.92618293327 0.92687033327 0.32315653327 0.32315653327 0.38148640327 0.38381663327 0.32500381327 0.32346408327 0.72859093327 0.99334909327 0.72832699327 0.93273923327 0.26418967327 0.36896140327 0.40701000327 0.38481753327 0.40821455327
1.00891533327 0.92549613327 0.92275513327 0.92480993327 0.14802867327 0.91900263327 0.92002417327 0.91425363327 0.92755843327 0 0.0888305132700001 1.01507873327 0.93970303327 0.42704837327 0.42881639327 0.91087973327 0.91560733327 0.92515297327 0.92859173327 0.91054323327 0.90919853327 0.92378183327 1.01391923327 0.92275513327 0.42687179327 0.92515297327 0.92172987327 0.93935333327 0.92036499327 0.92859173327
1.01353313327 0.94426448327 0.93308587327 0.93621309327 0.14888128327 0.92138840327 0.93516923327 0.92138840327 0.93586493327 0.0888305132700001 0 1.01237593327 0.95027153327 0.43058861327 0.43200941327 0.91696359327 0.92207147327 0.93830509327 0.93970303327 0.92104713327 0.91459180327 0.92687033327 1.01122073327 0.92583943327 0.43005649327 0.94005293327 0.93900378327 0.95454103327 0.92549613327 0.94532109327
0.98997493327 0.99334909327 0.97846763327 0.98068113327 1.01006713327 0.98549957327 0.99222268327 0.96677153327 0.98142043327 1.01507873327 1.01237593327 0 0.99711610327 1.01430553327 1.02129313327 0.97223140327 0.97077156327 1.00204163327 1.00204163327 0.97589353327 0.97589353327 0.97150113327 0.58227546327 0.97113623327 1.01546563327 0.97223140327 0.98068113327 0.97736333327 0.98736108327 0.98401369327
0.99410100327 0.41827018327 0.39287309327 0.39202993327 0.94956238327 0.39863193327 0.40152801327 0.39017827327 0.38833119327 0.93970303327 0.95027153327 0.99711610327 0 0.93447413327 0.93273923327 0.39169293327 0.39034643327 0.0925520432700001 0.0942497732700001 0.39169293327 0.38900233327 0.75164493327 1.01779113327 0.75191719327 0.95133669327 0.39931236327 0.26149413327 0.42282201327 0.20307609327 0.42071773327
0.99787177327 0.92412437327 0.93447413327 0.93066263327 0.42634233327 0.91934293327 0.93343273327 0.93343273327 0.92618293327 0.42704837327 0.43058861327 1.01430553327 0.93447413327 0 0.0360591132700001 0.92138840327 0.92997173327 0.93377967327 0.93690973327 0.91696359327 0.91696359327 0.92652653327 1.01934563327 0.92549613327 0.30658210327 0.92343943327 0.93482163327 0.92138840327 0.92928143327 0.90752103327
1.00929903327 0.93273923327 0.93377967327 0.92721433327 0.42934761327 0.91866238327 0.93586493327 0.92859173327 0.92687033327 0.42881639327 0.43200941327 1.02129313327 0.93273923327 0.0360591132700001 0 0.92309723327 0.93135418327 0.93412683327 0.93621309327 0.91696359327 0.91526867327 0.92275513327 1.02246403327 0.92172987327 0.30974699327 0.92687033327 0.93273923327 0.92412437327 0.93031703327 0.91526867327
0.96171123327 0.40221108327 0.16253256327 0.32731933327 0.91696359327 0.33072845327 0.33197195327 0.32469563327 0.32315653327 0.91087973327 0.91696359327 0.97223140327 0.39169293327 0.92138840327 0.92309723327 0 0.0145611532700001 0.38281707327 0.38715813327 0.0570045512700001 0.0568967372700001 0.73628599327 0.98885358327 0.73601933327 0.93377967327 0.32886700327 0.36586256327 0.40289475327 0.38632138327 0.40238193327
0.96423713327 0.40255285327 0.16166429327 0.32577486327 0.91900263327 0.32886700327 0.33088378327 0.32423353327 0.32315653327 0.91560733327 0.92207147327 0.97077156327 0.39034643327 0.92997173327 0.93135418327 0.0145611532700001 0 0.38248418327 0.38648866327 0.0570045512700001 0.0570045512700001 0.73842276327 0.98848016327 0.73815533327 0.94040299327 0.32948698327 0.36504919327 0.40255285327 0.38431690327 0.40289475327
0.99034913327 0.41617859327 0.38515146327 0.38682331327 0.94040299327 0.39152447327 0.39337946327 0.38415013327 0.38148640327 0.92515297327 0.93830509327 1.00204163327 0.0925520432700001 0.93377967327 0.93412683327 0.38281707327 0.38248418327 0 0.0146630492700001 0.38398335327 0.38165260327 0.75001333327 1.00699963327 0.75028498327 0.95027153327 0.39101935327 0.25641320327 0.41600458327 0.19889561327 0.41287885327
0.99072343327 0.42001761327 0.38917021327 0.39068283327 0.94180490327 0.39439319327 0.39727293327 0.38615413327 0.38381663327 0.92859173327 0.93970303327 1.00204163327 0.0942497732700001 0.93690973327 0.93621309327 0.38715813327 0.38648866327 0.0146630492700001 0 0.38782823327 0.38515146327 0.74919883327 1.00891533327 0.74947018327 0.95347137327 0.39574699327 0.25993798327 0.41879396327 0.20215961327 0.41704939327
0.96351458327 0.40169873327 0.16302917327 0.33010746327 0.91798243327 0.33508981327 0.33352927327 0.32392568327 0.32500381327 0.91054323327 0.92104713327 0.97589353327 0.39169293327 0.91696359327 0.91696359327 0.0570045512700001 0.0570045512700001 0.38398335327 0.38782823327 0 0.0136447192700001 0.74594970327 1.00204163327 0.74567957327 0.93343273327 0.33072845327 0.37125296327 0.40033416327 0.38883449327 0.40135733327
0.96532227327 0.40016375327 0.16240847327 0.32917693327 0.91526867327 0.33352927327 0.33275021327 0.32392568327 0.32346408327 0.90919853327 0.91459180327 0.97589353327 0.38900233327 0.91696359327 0.91526867327 0.0568967372700001 0.0570045512700001 0.38165260327 0.38515146327 0.0136447192700001 0 0.74594970327 1.00356363327 0.74567957327 0.93273923327 0.33197195327 0.37043376327 0.39829196327 0.38515146327 0.40118671327
0.96027173327 0.74433043327 0.74621993327 0.74110229327 0.92928143327 0.73655279327 0.74244563327 0.72806313327 0.72859093327 0.92378183327 0.92687033327 0.97150113327 0.75164493327 0.92652653327 0.92275513327 0.73628599327 0.73842276327 0.75001333327 0.74919883327 0.74594970327 0.74594970327 0 0.98922719327 0.00103090000000008 0.92997173327 0.74540953327 0.73388943327 0.75246203327 0.73681963327 0.73601933327
1.00356363327 1.00814843327 0.99447723327 0.99824983327 1.00699963327 1.00814843327 0.99900670327 0.98773393327 0.99334909327 1.01391923327 1.01122073327 0.58227546327 1.01779113327 1.01934563327 1.02246403327 0.98885358327 0.98848016327 1.00699963327 1.00891533327 1.00204163327 1.00356363327 0.98922719327 0 0.98848016327 0.99824983327 1.00432583327 0.99259803327 1.00318273327 1.01546563327 0.99147273327
0.95991223327 0.74352213327 0.74594970327 0.74083389327 0.92928143327 0.73628599327 0.74217678327 0.72779937327 0.72832699327 0.92275513327 0.92583943327 0.97113623327 0.75191719327 0.92549613327 0.92172987327 0.73601933327 0.73815533327 0.75028498327 0.74947018327 0.74567957327 0.74567957327 0.00103090000000008 0.98848016327 0 0.92962648327 0.74486978327 0.73415533327 0.75273463327 0.73655279327 0.73601933327
1.01006713327 0.94849983327 0.95489793327 0.93830509327 0.42493219327 0.93830509327 0.94285799327 0.93412683327 0.93273923327 0.42687179327 0.43005649327 1.01546563327 0.95133669327 0.30658210327 0.30974699327 0.93377967327 0.94040299327 0.95027153327 0.95347137327 0.93343273327 0.93273923327 0.92997173327 0.99824983327 0.92962648327 0 0.94005293327 0.93970303327 0.95027153327 0.93970303327 0.93795603327
0.98290117327 0.41235916327 0.33790703327 0.33072845327 0.93447413327 0.32948698327 0.33352927327 0.26775129327 0.26418967327 0.92515297327 0.94005293327 0.97223140327 0.39931236327 0.92343943327 0.92687033327 0.32886700327 0.32948698327 0.39101935327 0.39574699327 0.33072845327 0.33197195327 0.74540953327 1.00432583327 0.74486978327 0.94005293327 0 0.37982638327 0.40959353327 0.39388616327 0.41080223327
0.95740093327 0.40942101327 0.37519775327 0.37999223327 0.93830509327 0.38348330327 0.38699071327 0.37240140327 0.36896140327 0.92172987327 0.93900378327 0.98068113327 0.26149413327 0.93482163327 0.93273923327 0.36586256327 0.36504919327 0.25641320327 0.25993798327 0.37125296327 0.37043376327 0.73388943327 0.99259803327 0.73415533327 0.93970303327 0.37982638327 0 0.41426645327 0.26121096327 0.40632255327
0.98179037327 0.25965537327 0.40683807327 0.41339890327 0.94145418327 0.41513501327 0.41183983327 0.40632255327 0.40701000327 0.93935333327 0.95454103327 0.97736333327 0.42282201327 0.92138840327 0.92412437327 0.40289475327 0.40255285327 0.41600458327 0.41879396327 0.40033416327 0.39829196327 0.75246203327 1.00318273327 0.75273463327 0.95027153327 0.40959353327 0.41426645327 0 0.41617859327 0.25332503327
0.99711610327 0.41879396327 0.38833119327 0.39001016327 0.93516923327 0.39354833327 0.40016375327 0.38715813327 0.38481753327 0.92036499327 0.92549613327 0.98736108327 0.20307609327 0.92928143327 0.93031703327 0.38632138327 0.38431690327 0.19889561327 0.20215961327 0.38883449327 0.38515146327 0.73681963327 1.01546563327 0.73655279327 0.93970303327 0.39388616327 0.26121096327 0.41617859327 0 0.41809566327
0.96858703327 0.17567871327 0.40718196327 0.40993867327 0.93621309327 0.41235916327 0.41132085327 0.41166679327 0.40821455327 0.92859173327 0.94532109327 0.98401369327 0.42071773327 0.90752103327 0.91526867327 0.40238193327 0.40289475327 0.41287885327 0.41704939327 0.40135733327 0.40118671327 0.73601933327 0.99147273327 0.73601933327 0.93795603327 0.41080223327 0.40632255327 0.25332503327 0.41809566327 0
