0 1.0011308 0.94092345 0.91779155 1.019204 0.9924427 0.99961257 1.0022715 1.0030329 1.018426 1.0149349 0.95794547 1.0118452 0.99999183 1.0083846 0.9924427 0.98683035 1.0149349 1.0188149 1.0176488 1.0141612 1.0141612 0.9522284 1.0176488 1.0211525 1.0099207 1.01069 1.0118452 1.0286036 1.0270288
1.0011308 0 1.0022715 1.01146 0.9174517 0.76846397 0.8999856 0.90766084 0.57461107 0.57827747 0.890091 0.99131685 0.8937039 0.24180867 0.24707282 0.7640195 0.7693002 0.25419644 0.57525676 0.5739659 0.25616384 0.2556012 1.0341415 0.2556012 0.9249654 0.57010657 0.571605 0.5720337 0.58938557 0.32771683
0.94092345 1.0022715 0 0.23712975 1.0242808 0.99734104 1.0060863 1.0068517 1.0203725 1.0301816 1.0282096 0.9504507 1.0118452 0.99131685 0.9931942 1.0045581 1.014548 1.0003713 1.0199828 1.0076177 1.0049399 1.0034139 0.95794547 1.0041765 1.0103053 0.9842255 1.0049399 1.0068517 0.9969631 1.0227151
0.91779155 1.01146 0.23712975 0 1.01146 1.0015109 0.99885464 0.99056727 1.0168724 1.0409217 1.0091523 0.94127417 0.99658537 0.9958304 1.001891 1.0037951 1.0149349 1.0126165 1.0254573 1.0130024 1.0223241 1.0195932 0.9479691 1.0203725 1.01146 1.0011308 1.0176488 1.0060863 1.0034139 1.0385218
1.019204 0.9174517 1.0242808 1.01146 0 0.9019803 0.22380453 0.22867204 0.9150766 0.9133848 0.23179846 0.98683035 0.22488347 0.92462224 0.92119914 0.9043141 0.9113596 0.9184719 0.9150766 0.910349 0.93082345 0.9297863 0.9853408 0.92909575 0.7291169 0.91915274 0.9304776 0.9322085 0.9335961 0.9232511
0.9924427 0.76846397 0.99734104 1.0015109 0.9019803 0 0.87645423 0.8838912 0.7563045 0.75603044 0.8933747 1.0160967 0.88682157 0.76042765 0.75520885 0.21177219 0.21642852 0.76846397 0.7579511 0.7502979 0.7765873 0.77715075 0.99658537 0.7760242 0.90900373 0.7681854 0.7805406 0.7690214 0.7723746 0.77940893
0.99961257 0.8999856 1.0060863 0.99885464 0.22380453 0.87645423 0 0.20886007 0.91643286 0.9205164 0.21522841 0.9931942 0.20411906 0.89601207 0.89601207 0.8914027 0.90031767 0.89932185 0.9130469 0.9053166 0.90398026 0.90398026 0.982 0.9043141 0.7304399 0.9073255 0.9218825 0.9100125 0.9301319 0.90766084
1.0022715 0.90766084 1.0068517 0.99056727 0.22867204 0.8838912 0.20886007 0 0.89601207 0.8963424 0.20740825 0.99357027 0.1997993 0.90264636 0.9043141 0.8927168 0.89667284 0.90164745 0.8973342 0.8927168 0.90231323 0.9013148 0.9768326 0.8996537 0.72489893 0.910349 0.9086678 0.9130469 0.91541547 0.8996537
1.0030329 0.57461107 1.0203725 1.0168724 0.9150766 0.7563045 0.91643286 0.89601207 0 0.13494332 0.9086678 1.0068517 0.9036466 0.5592783 0.5735361 0.7640195 0.7709756 0.57053435 0.2625228 0.26124668 0.5767656 0.57482624 0.99658537 0.57525676 0.93672764 0.45257127 0.45826077 0.4480142 0.46084443 0.5800091
1.018426 0.57827747 1.0301816 1.0409217 0.9133848 0.75603044 0.9205164 0.8963424 0.13494332 0 0.90900373 1.0064689 0.90766084 0.5632941 0.5709624 0.75822586 0.7690214 0.5733213 0.2653664 0.26408544 0.58131045 0.5800091 1.0083846 0.5800091 0.93324894 0.45238847 0.45275414 0.44692463 0.4571562 0.58348435
1.0149349 0.890091 1.0282096 1.0091523 0.23179846 0.8933747 0.21522841 0.20740825 0.9086678 0.90900373 0 0.99999183 0.12130119 0.8933747 0.8973342 0.9053166 0.91406107 0.90398026 0.9029796 0.89932185 0.89865875 0.89766514 0.9695119 0.8973342 0.73923063 0.9059856 0.9150766 0.90665525 0.92085767 0.9073255
0.95794547 0.99131685 0.9504507 0.94127417 0.98683035 1.0160967 0.9931942 0.99357027 1.0068517 1.0064689 0.99999183 0 0.9872032 0.9943229 0.9872032 0.9898184 0.9898184 1.000751 1.018426 1.0246727 1.0060863 1.0060863 0.80441606 1.0080011 1.0034139 0.98794943 1.0083846 1.0095364 1.0076177 1.0118452
1.0118452 0.8937039 1.0118452 0.99658537 0.22488347 0.88682157 0.20411906 0.1997993 0.9036466 0.90766084 0.12130119 0.9872032 0 0.8887815 0.8956819 0.8937039 0.8970035 0.89601207 0.9046481 0.8956819 0.895022 0.89469224 0.96226203 0.8940332 0.71835554 0.9019803 0.9086678 0.9096761 0.91643286 0.9096761
0.99999183 0.24180867 0.99131685 0.9958304 0.92462224 0.76042765 0.89601207 0.90264636 0.5592783 0.5632941 0.8933747 0.9943229 0.8887815 0 0.084148996 0.75302225 0.7554826 0.20991771 0.5542363 0.55172795 0.21442941 0.21416326 1.0149349 0.21389721 0.91541547 0.55381763 0.5544457 0.5584356 0.56903803 0.31254622
1.0083846 0.24707282 0.9931942 1.001891 0.92119914 0.75520885 0.89601207 0.9043141 0.5735361 0.5709624 0.8973342 0.9872032 0.8956819 0.084148996 0 0.7456892 0.7483968 0.21509518 0.5618121 0.55948913 0.21829918 0.21776423 1.014548 0.21763055 0.9188122 0.56456673 0.5626586 0.56202364 0.5800091 0.32032305
0.9924427 0.7640195 1.0045581 1.0037951 0.9043141 0.21177219 0.8914027 0.8927168 0.7640195 0.75822586 0.9053166 0.9898184 0.8937039 0.75302225 0.7456892 0 0.07580507 0.76651627 0.750842 0.7494826 0.77546155 0.7737762 0.9842255 0.7737762 0.9188122 0.76374257 0.761531 0.7687426 0.76707226 0.78565425
0.98683035 0.7693002 1.014548 1.0149349 0.9113596 0.21642852 0.90031767 0.89667284 0.7709756 0.7690214 0.91406107 0.9898184 0.8970035 0.7554826 0.7483968 0.07580507 0 0.76707226 0.761531 0.7579511 0.7763057 0.77489936 0.9894442 0.7743376 0.9322085 0.7659607 0.76707226 0.77856135 0.7760242 0.78793824
1.0149349 0.25419644 1.0003713 1.0126165 0.9184719 0.76846397 0.89932185 0.90164745 0.57053435 0.5733213 0.90398026 1.000751 0.89601207 0.20991771 0.21509518 0.76651627 0.76707226 0 0.56903803 0.5656289 0.07073301 0.07040341 1.0030329 0.070293576 0.929441 0.5637181 0.5637181 0.5709624 0.57957584 0.3213968
1.0188149 0.57525676 1.0199828 1.0254573 0.9150766 0.7579511 0.9130469 0.8973342 0.2625228 0.2653664 0.9029796 1.018426 0.9046481 0.5542363 0.5618121 0.750842 0.761531 0.56903803 0 0.063188665 0.5739659 0.571605 1.0080011 0.57267725 0.931862 0.46139923 0.46269536 0.46010533 0.45973605 0.5724627
1.0176488 0.5739659 1.0076177 1.0130024 0.910349 0.7502979 0.9053166 0.8927168 0.26124668 0.26408544 0.89932185 1.0246727 0.8956819 0.55172795 0.55948913 0.7494826 0.7579511 0.5656289 0.063188665 0 0.5713908 0.5694652 0.990942 0.56967896 0.92017525 0.4555024 0.46084443 0.45642072 0.45623696 0.568611
1.0141612 0.25616384 1.0049399 1.0223241 0.93082345 0.7765873 0.90398026 0.90231323 0.5767656 0.58131045 0.89865875 1.0060863 0.895022 0.21442941 0.21829918 0.77546155 0.7763057 0.07073301 0.5739659 0.5713908 0 0.005923329 1.0080011 0.005520266 0.92393637 0.56733155 0.57224816 0.57827747 0.58588296 0.3267886
1.0141612 0.2556012 1.0034139 1.0195932 0.9297863 0.77715075 0.90398026 0.9013148 0.57482624 0.5800091 0.89766514 1.0060863 0.89469224 0.21416326 0.21776423 0.7737762 0.77489936 0.07040341 0.571605 0.5694652 0.005923329 0 1.0083846 0.0052181105 0.9218825 0.56626695 0.5711766 0.5774132 0.5850098 0.32555276
0.9522284 1.0341415 0.95794547 0.9479691 0.9853408 0.99658537 0.982 0.9768326 0.99658537 1.0083846 0.9695119 0.80441606 0.96226203 1.0149349 1.014548 0.9842255 0.9894442 1.0030329 1.0080011 0.990942 1.0080011 1.0083846 0 1.0091523 1.002652 0.98832285 1.025065 1.0157093 1.0122308 1.0045581
1.0176488 0.2556012 1.0041765 1.0203725 0.92909575 0.7760242 0.9043141 0.8996537 0.57525676 0.5800091 0.8973342 1.0080011 0.8940332 0.21389721 0.21763055 0.7737762 0.7743376 0.070293576 0.57267725 0.56967896 0.005520266 0.0052181105 1.0091523 0 0.9232511 0.56733155 0.57053435 0.5769814 0.585228 0.32586154
1.0211525 0.9249654 1.0103053 1.01146 0.7291169 0.90900373 0.7304399 0.72489893 0.93672764 0.93324894 0.73923063 1.0034139 0.71835554 0.91541547 0.9188122 0.9188122 0.9322085 0.929441 0.931862 0.92017525 0.92393637 0.9218825 1.002652 0.9232511 0 0.92359364 0.9113596 0.92119914 0.9349863 0.92462224
1.0099207 0.57010657 0.9842255 1.0011308 0.91915274 0.7681854 0.9073255 0.910349 0.45257127 0.45238847 0.9059856 0.98794943 0.9019803 0.55381763 0.56456673 0.76374257 0.7659607 0.5637181 0.46139923 0.4555024 0.56733155 0.56626695 0.98832285 0.56733155 0.92359364 0 0.41826323 0.4095806 0.41582194 0.5713908
1.01069 0.571605 1.0049399 1.0176488 0.9304776 0.7805406 0.9218825 0.9086678 0.45826077 0.45275414 0.9150766 1.0083846 0.9086678 0.5544457 0.5626586 0.761531 0.76707226 0.5637181 0.46269536 0.46084443 0.57224816 0.5711766 1.025065 0.57053435 0.9113596 0.41826323 0 0.4163444 0.41878742 0.5750415
1.0118452 0.5720337 1.0068517 1.0060863 0.9322085 0.7690214 0.9100125 0.9130469 0.4480142 0.44692463 0.90665525 1.0095364 0.9096761 0.5584356 0.56202364 0.7687426 0.77856135 0.5709624 0.46010533 0.45642072 0.57827747 0.5774132 1.0157093 0.5769814 0.92119914 0.4095806 0.4163444 0 0.39032033 0.58239657
1.0286036 0.58938557 0.9969631 1.0034139 0.9335961 0.7723746 0.9301319 0.91541547 0.46084443 0.4571562 0.92085767 1.0076177 0.91643286 0.56903803 0.5800091 0.76707226 0.7760242 0.57957584 0.45973605 0.45623696 0.58588296 0.5850098 1.0122308 0.585228 0.9349863 0.41582194 0.41878742 0.39032033 0 0.5926842
1.0270288 0.32771683 1.0227151 1.0385218 0.9232511 0.77940893 0.90766084 0.8996537 0.5800091 0.58348435 0.9073255 1.0118452 0.9096761 0.31254622 0.32032305 0.78565425 0.78793824 0.3213968 0.5724627 0.568611 0.3267886 0.32555276 1.0045581 0.32586154 0.92462224 0.5713908 0.5750415 0.58239657 0.5926842 0
