0 0.59400773 0.95794547 0.5616006 0.56393015 1.0076177 1.0149349 1.0301816 0.5488121 0.9557965 0.99847597 0.60423315 0.9969631 0.9946995 0.9920673 0.96841997 0.9706055 0.99357027 0.99847597 0.959741 0.9590223 0.54673624 0.5845737 0.54673624 0.9680563 0.9853408 0.98794943 0.5951125 0.5915831 0.585228
0.59400773 0 0.98051995 0.5929046 0.6017752 1.0080011 1.0199828 1.0274222 0.59224355 0.96841997 1.0053219 0.5669055 1.0041765 1.0064689 1.0103053 0.98757625 0.9898184 1.0223241 1.0238891 0.9658782 0.96298385 0.5902638 0.4820307 0.58938557 0.9738958 0.9860852 1.0091523 0.3935244 0.3832859 0.30545005
0.95794547 0.98051995 0 1.0037951 0.9946995 0.94373375 0.9611805 0.9458484 0.9669665 0.9853408 0.927372 0.97941184 0.92017525 0.91643286 0.9232511 0.29352373 0.29293236 0.92909575 0.9370764 0.98496884 0.9845971 0.9590223 0.9615409 0.9593815 1.0130024 0.3508246 0.9353342 0.9962078 0.97573 0.9801504
0.5616006 0.5929046 1.0037951 0 0.20952092 1.0297868 1.033348 1.0385218 0.4946876 0.98645765 1.0262426 0.6235028 1.0317632 1.0219333 1.0211525 1.0037951 1.0034139 1.036926 1.0365276 0.97426224 0.9706055 0.49044484 0.59004414 0.48871607 0.99131685 0.9857129 1.0164845 0.5979924 0.5765499 0.59422857
0.56393015 0.6017752 0.9946995 0.20952092 0 1.0176488 1.019204 1.0254573 0.48890796 0.9746289 1.0246727 0.62396216 1.0270288 1.0141612 1.0160967 0.99734104 0.9962078 1.025065 1.0242808 0.9637064 0.96190137 0.48929188 0.59180313 0.487949 0.9901927 0.99357027 1.0095364 0.60692376 0.58631986 0.59888077
1.0076177 1.0080011 0.94373375 1.0297868 1.0176488 0 0.20306955 0.19823462 1.0087683 0.9853408 0.45678836 1.0293922 0.45992067 0.4558696 0.45476854 0.944438 0.9493862 0.46510842 0.46251008 0.9924427 0.9946995 1.0203725 1.0266355 1.0188149 1.053853 0.9388226 0.469958 1.0297868 1.025065 1.014548
1.0149349 1.0199828 0.9611805 1.033348 1.019204 0.20306955 0 0.1723744 0.9898184 0.9946995 0.46084443 1.0293922 0.4606596 0.458445 0.45421863 0.9536536 0.9557965 0.46920985 0.4652944 1.01146 1.0118452 0.99923354 1.0301816 0.9977191 1.0493827 0.95080596 0.46659726 1.0274222 1.033348 1.0282096
1.0301816 1.0274222 0.9458484 1.0385218 1.0254573 0.19823462 0.1723744 0 1.0207624 1.0188149 0.46139923 1.0445362 0.46362254 0.45992067 0.4586293 0.9554389 0.95794547 0.46492255 0.46195444 1.0353336 1.0357314 1.0238891 1.0357314 1.0223241 1.0624621 0.95508146 0.469958 1.0254573 1.032159 1.0266355
0.5488121 0.59224355 0.9669665 0.4946876 0.48890796 1.0087683 0.9898184 1.0207624 0 0.9430302 1.0080011 0.6017752 1.0122308 1.0011308 0.99999183 0.9655158 0.9727974 0.9924427 0.9943229 0.944438 0.94162506 0.16287111 0.571605 0.16249844 0.95866317 0.98794943 1.0122308 0.59932536 0.5808764 0.5889469
0.9557965 0.96841997 0.9853408 0.98645765 0.9746289 0.9853408 0.9946995 1.0188149 0.9430302 0 1.0011308 0.9658782 1.0053219 0.9898184 0.9950763 0.9738958 0.9709704 1.014548 1.0149349 0.14920415 0.14701116 0.96010065 0.94514287 0.95866317 0.48948392 0.97316337 1.001891 0.9644296 0.94867724 0.9669665
0.99847597 1.0053219 0.927372 1.0262426 1.0246727 0.45678836 0.46084443 0.46139923 1.0080011 1.0011308 0 1.015322 0.09417242 0.09100451 0.0939457 0.9222244 0.92771643 0.3935244 0.39335543 1.0091523 1.0103053 0.9939465 1.0231062 0.99357027 1.0349361 0.91813165 0.35981828 1.0126165 1.0087683 0.9969631
0.60423315 0.5669055 0.97941184 0.6235028 0.62396216 1.0293922 1.0293922 1.0445362 0.6017752 0.9658782 1.015322 0 1.0231062 1.015322 1.0195932 0.98237044 0.98051995 1.0227151 1.0262426 0.9608204 0.96010065 0.58763224 0.5802258 0.58697575 0.98794943 0.9943229 1.0011308 0.58174473 0.5739659 0.5618121
0.9969631 1.0041765 0.92017525 1.0317632 1.0270288 0.45992067 0.4606596 0.46362254 1.0122308 1.0053219 0.09417242 1.0231062 0 0.059282407 0.06079909 0.929441 0.93324894 0.39183635 0.3914992 1.0034139 1.0045581 0.99999183 1.0099207 0.99961257 1.0164845 0.91813165 0.35981828 1.0211525 1.0099207 1.002652
0.9946995 1.0064689 0.91643286 1.0219333 1.0141612 0.4558696 0.458445 0.45992067 1.0011308 0.9898184 0.09100451 1.015322 0.059282407 0 0.05228056 0.92771643 0.93151563 0.39032033 0.38998386 0.990942 0.9943229 0.9838541 1.015322 0.98348296 1.001891 0.9188122 0.35675475 1.0130024 1.0053219 0.99658537
0.9920673 1.0103053 0.9232511 1.0211525 1.0160967 0.45476854 0.45421863 0.4586293 0.99999183 0.9950763 0.0939457 1.0195932 0.06079909 0.05228056 0 0.9322085 0.9360306 0.3911622 0.39099374 0.9958304 0.99923354 0.98832285 1.0064689 0.98757625 1.0083846 0.92393637 0.35997987 1.018426 1.0030329 0.99545324
0.96841997 0.98757625 0.29352373 1.0037951 0.99734104 0.944438 0.9536536 0.9554389 0.9655158 0.9738958 0.9222244 0.98237044 0.929441 0.92771643 0.9322085 0 0.03259828 0.9493862 0.95294064 0.9768326 0.9783054 0.9666036 0.9644296 0.9662408 0.9969631 0.34986734 0.9342909 1.0003713 0.97867405 0.9872032
0.9706055 0.9898184 0.29293236 1.0034139 0.9962078 0.9493862 0.9557965 0.95794547 0.9727974 0.9709704 0.92771643 0.98051995 0.93324894 0.93151563 0.9360306 0.03259828 0 0.95615417 0.9593815 0.97573 0.9768326 0.97170067 0.9615409 0.9709704 0.9980974 0.34970793 0.9405729 1.005704 0.98051995 0.9894442
0.99357027 1.0223241 0.92909575 1.036926 1.025065 0.46510842 0.46920985 0.46492255 0.9924427 1.014548 0.3935244 1.0227151 0.39183635 0.39032033 0.3911622 0.9493862 0.95615417 0 0.022638248 1.025065 1.0305767 0.9816297 1.015322 0.98051995 1.0397208 0.93847305 0.40253505 1.0203725 1.0072346 1.0231062
0.99847597 1.0238891 0.9370764 1.0365276 1.0242808 0.46251008 0.4652944 0.46195444 0.9943229 1.0149349 0.39335543 1.0262426 0.3914992 0.38998386 0.39099374 0.95294064 0.9593815 0.022638248 0 1.0238891 1.0286036 0.98237044 1.0164845 0.98125964 1.0445362 0.94479036 0.3981012 1.0160967 1.0087683 1.0238891
0.959741 0.9658782 0.98496884 0.97426224 0.9637064 0.9924427 1.01146 1.0353336 0.944438 0.14920415 1.0091523 0.9608204 1.0034139 0.990942 0.9958304 0.9768326 0.97573 1.025065 1.0238891 0 0.020374252 0.9540103 0.94092345 0.95258445 0.483363 0.9651536 1.0133885 0.95866317 0.944438 0.96010065
0.9590223 0.96298385 0.9845971 0.9706055 0.96190137 0.9946995 1.0118452 1.0357314 0.94162506 0.14701116 1.0103053 0.96010065 1.0045581 0.9943229 0.99923354 0.9783054 0.9768326 1.0305767 1.0286036 0.020374252 0 0.9540103 0.94092345 0.95258445 0.48146042 0.96406794 1.0160967 0.9572284 0.944438 0.9608204
0.54673624 0.5902638 0.9590223 0.49044484 0.48929188 1.0203725 0.99923354 1.0238891 0.16287111 0.96010065 0.9939465 0.58763224 0.99999183 0.9838541 0.98832285 0.9666036 0.97170067 0.9816297 0.98237044 0.9540103 0.9540103 0 0.57871 0.0020026714 0.959741 0.9753628 0.9950763 0.6031149 0.5847917 0.59180313
0.5845737 0.4820307 0.9615409 0.59004414 0.59180313 1.0266355 1.0301816 1.0357314 0.571605 0.94514287 1.0231062 0.5802258 1.0099207 1.015322 1.0064689 0.9644296 0.9615409 1.015322 1.0164845 0.94092345 0.94092345 0.57871 0 0.5784937 0.9691478 0.9924427 0.9946995 0.471644 0.47578144 0.47033232
0.54673624 0.58938557 0.9593815 0.48871607 0.487949 1.0188149 0.9977191 1.0223241 0.16249844 0.95866317 0.99357027 0.58697575 0.99961257 0.98348296 0.98757625 0.9662408 0.9709704 0.98051995 0.98125964 0.95258445 0.95258445 0.0020026714 0.5784937 0 0.9593815 0.97352946 0.9962078 0.6017752 0.5828315 0.59092313
0.9680563 0.9738958 1.0130024 0.99131685 0.9901927 1.053853 1.0493827 1.0624621 0.95866317 0.48948392 1.0349361 0.98794943 1.0164845 1.001891 1.0083846 0.9969631 0.9980974 1.0397208 1.0445362 0.483363 0.48146042 0.959741 0.9691478 0.9593815 0 1.0030329 1.0349361 0.990942 0.98645765 0.98907024
0.9853408 0.9860852 0.3508246 0.9857129 0.99357027 0.9388226 0.95080596 0.95508146 0.98794943 0.97316337 0.91813165 0.9943229 0.91813165 0.9188122 0.92393637 0.34986734 0.34970793 0.93847305 0.94479036 0.9651536 0.96406794 0.9753628 0.9924427 0.97352946 1.0030329 0 0.927372 1.0083846 0.98645765 0.9950763
0.98794943 1.0091523 0.9353342 1.0164845 1.0095364 0.469958 0.46659726 0.469958 1.0122308 1.001891 0.35981828 1.0011308 0.35981828 0.35675475 0.35997987 0.9342909 0.9405729 0.40253505 0.3981012 1.0133885 1.0160967 0.9950763 0.9946995 0.9962078 1.0349361 0.927372 0 0.9939465 0.99357027 1.0053219
0.5951125 0.3935244 0.9962078 0.5979924 0.60692376 1.0297868 1.0274222 1.0254573 0.59932536 0.9644296 1.0126165 0.58174473 1.0211525 1.0130024 1.018426 1.0003713 1.005704 1.0203725 1.0160967 0.95866317 0.9572284 0.6031149 0.471644 0.6017752 0.990942 1.0083846 0.9939465 0 0.32647946 0.38261938
0.5915831 0.3832859 0.97573 0.5765499 0.58631986 1.025065 1.033348 1.032159 0.5808764 0.94867724 1.0087683 0.5739659 1.0099207 1.0053219 1.0030329 0.97867405 0.98051995 1.0072346 1.0087683 0.944438 0.944438 0.5847917 0.47578144 0.5828315 0.98645765 0.98645765 0.99357027 0.32647946 0 0.37039444
0.585228 0.30545005 0.9801504 0.59422857 0.59888077 1.014548 1.0282096 1.0266355 0.5889469 0.9669665 0.9969631 0.5618121 1.002652 0.99658537 0.99545324 0.9872032 0.9894442 1.0231062 1.0238891 0.96010065 0.9608204 0.59180313 0.47033232 0.59092313 0.98907024 0.9950763 1.0053219 0.38261938 0.37039444 0
