0 1.0200750928 1.0104074928 0.9407433528 1.0154190928 1.0318430928 0.9035174528 1.0177434928 1.0127162928 1.0016220928 1.0027620928 0.9251502928 1.0119459928 1.0004836628 1.0111763928 1.0088721928 0.9303120928 1.0259360928 1.0310526928 0.9296217928 0.9327330928 1.0073399928 1.0061929928 1.0061929928 1.0346157928 0.9989684928 1.0096393928 1.0228043928 1.0251518928 1.0065750928
1.0200750928 0 0.2480829328 1.0286867928 0.6257529528 0.6481705628 1.0020018928 0.6225389928 0.6120747928 0.6220809928 0.6118488928 1.0031425928 0.6186547628 0.6220809928 0.6239147528 0.6223099528 1.0302632928 0.6505447328 0.6507825528 1.0302632928 1.0302632928 0.6294429928 0.6310631328 0.6285187928 0.6378125928 0.3360553128 0.6213944928 0.6503069928 0.6427382928 0.2785893728
1.0104074928 0.2480829328 0 1.0054291928 0.6434446328 0.6596357528 0.9888205228 0.6259830328 0.6216232528 0.6266737928 0.6181990928 0.9888205228 0.6262132228 0.6310631328 0.6271345928 0.6285187928 1.0138734928 0.6685946928 0.6710345428 1.0146458928 1.0165803928 0.6410927928 0.6375787928 0.6401541528 0.6427382928 0.3366809928 0.6359445928 0.6553157228 0.6465131328 0.2772871528
0.9407433528 1.0286867928 1.0054291928 0 1.0267208928 0.9714765928 0.2175665628 1.0271136928 0.9982121328 1.0200750928 1.0267208928 0.9078613928 1.0200750928 1.0084887928 1.0220235928 1.0310526928 0.2238674328 0.9888205228 0.9895675528 0.2221193328 0.2253497728 0.9780716628 0.9836121928 0.9762338928 1.0027620928 0.9899413328 1.0255437928 1.0115610928 0.9810214928 1.0286867928
1.0154190928 0.6257529528 0.6434446328 1.0267208928 0 0.6732371928 1.0069573928 0.2133066928 0.2164993328 0.5817474928 0.5876281528 1.0100233928 0.3262695428 0.3251900728 0.3231894428 0.3256525128 1.0326342928 0.6654347528 0.6644651628 1.0259360928 1.0298688928 0.6651921928 0.6678642928 0.6649497928 0.6788957428 0.6443874528 0.3295172928 0.6683511428 0.6572326928 0.6465131328
1.0318430928 0.6481705628 0.6596357528 0.9714765928 0.6732371928 0 0.9616914928 0.6754462928 0.6560340228 0.6493566928 0.6543591328 0.9877014428 0.6639807928 0.6625296928 0.6560340228 0.6577126928 0.9847251928 0.2166326528 0.2155667428 0.9813910428 0.9843540528 0.2429558928 0.5729047928 0.2424037128 0.5906956528 0.6749547928 0.6637387628 0.5830503428 0.5750519928 0.6610812928
0.9035174528 1.0020018928 0.9888205228 0.2175665628 1.0069573928 0.9616914928 0 0.9997257328 0.9888205228 1.0046661928 1.0039039928 0.8935878928 0.9963243328 0.9906894928 0.9985901928 1.0077227928 0.1346182428 0.9740344628 0.9725717628 0.1329468028 0.1341403128 0.9707473928 0.9802829328 0.9689273928 0.9862118928 0.9850965928 1.0104074928 0.9948175928 0.9888205228 1.0119459928
1.0177434928 0.6225389928 0.6259830328 1.0271136928 0.2133066928 0.6754462928 0.9997257328 0 0.1242912628 0.5815305428 0.5774209928 0.9914383628 0.3135690428 0.3122047228 0.3114478328 0.3123561728 1.0267208928 0.6717680428 0.6715234228 1.0212435928 1.0259360928 0.6664056528 0.6560340228 0.6654347528 0.6676209928 0.6364111628 0.3211941428 0.6666485328 0.6538812928 0.6361778928
1.0127162928 0.6120747928 0.6216232528 0.9982121328 0.2164993328 0.6560340228 0.9888205228 0.1242912628 0 0.5815305428 0.5834850928 0.9828710928 0.3163051628 0.3153919928 0.3093325928 0.3112965228 1.0134875928 0.6579527928 0.6555550928 1.0061929928 1.0115610928 0.6498316928 0.6503069928 0.6491193528 0.6574726428 0.6361778928 0.3218075328 0.6579527928 0.6441516628 0.6317585428
1.0016220928 0.6220809928 0.6266737928 1.0200750928 0.5817474928 0.6493566928 1.0046661928 0.5815305428 0.5815305428 0 0.1218197028 1.0042849928 0.5911348928 0.5830503428 0.5843554428 0.5911348928 1.0255437928 0.6598764928 0.6579527928 1.0177434928 1.0231951928 0.6462766228 0.6678642928 0.6460402328 0.6754462928 0.6345466928 0.5871909528 0.6712789228 0.6555550928 0.6271345928
1.0027620928 0.6118488928 0.6181990928 1.0267208928 0.5876281528 0.6543591328 1.0039039928 0.5774209928 0.5834850928 0.1218197028 0 1.0165803928 0.5891603528 0.5832676628 0.5795810928 0.5874095228 1.0290806928 0.6654347528 0.6634967928 1.0208538928 1.0294746928 0.6458038928 0.6729921428 0.6455676228 0.6779085928 0.6329189928 0.5837025928 0.6776619928 0.6632548928 0.6227681328
0.9251502928 1.0031425928 0.9888205228 0.9078613928 1.0100233928 0.9877014428 0.8935878928 0.9914383628 0.9828710928 1.0042849928 1.0165803928 0 1.0061929928 1.0069573928 1.0115610928 1.0100233928 0.9085319328 0.9899413328 0.9873287428 0.9058533628 0.9115567928 0.9884473428 0.9993470628 0.9877014428 1.0016220928 0.9989684928 1.0208538928 1.0020018928 0.9974564628 1.0189083928
1.0119459928 0.6186547628 0.6262132228 1.0200750928 0.3262695428 0.6639807928 0.9963243328 0.3135690428 0.3163051628 0.5911348928 0.5891603528 1.0061929928 0 0.1148026628 0.2810552728 0.2844044928 1.0263283928 0.6676209928 0.6666485328 1.0235861928 1.0255437928 0.6630130928 0.6601172928 0.6618051228 0.6605991428 0.6303683928 0.3027232928 0.6598764928 0.6514964928 0.6232265528
1.0004836628 0.6220809928 0.6310631328 1.0084887928 0.3251900728 0.6625296928 0.9906894928 0.3122047228 0.3153919928 0.5830503428 0.5832676628 1.0069573928 0.1148026628 0 0.2796037528 0.2806195328 1.0204642928 0.6632548928 0.6625296928 1.0216334928 1.0220235928 0.6579527928 0.6567529928 0.6567529928 0.6589139928 0.6317585428 0.3051199328 0.6622880928 0.6517346928 0.6319904928
1.0111763928 0.6239147528 0.6271345928 1.0220235928 0.3231894428 0.6560340228 0.9985901928 0.3114478328 0.3093325928 0.5843554428 0.5795810928 1.0115610928 0.2810552728 0.2796037528 0 0.0430343528 1.0263283928 0.6543591328 0.6555550928 1.0267208928 1.0275065928 0.6458038928 0.6550764928 0.6446233928 0.6615637928 0.6280570928 0.3030224428 0.6565132428 0.6548372928 0.6354783528
1.0088721928 0.6223099528 0.6285187928 1.0310526928 0.3256525128 0.6577126928 1.0077227928 0.3123561728 0.3112965228 0.5911348928 0.5874095228 1.0100233928 0.2844044928 0.2806195328 0.0430343528 0 1.0350125928 0.6565132428 0.6567529928 1.0358071928 1.0370004928 0.6488820628 0.6615637928 0.6476966428 0.6649497928 0.6285187928 0.3048199428 0.6569928228 0.6541201928 0.6336160928
0.9303120928 1.0302632928 1.0138734928 0.2238674328 1.0326342928 0.9847251928 0.1346182428 1.0267208928 1.0134875928 1.0255437928 1.0290806928 0.9085319328 1.0263283928 1.0204642928 1.0263283928 1.0350125928 0 0.9884473428 0.9914383628 0.0290955738 0.0300306728 0.9918130928 0.9944413628 0.9899413328 1.0084887928 1.0100233928 1.0442005928 1.0216334928 1.0023819928 1.0286867928
1.0259360928 0.6505447328 0.6685946928 0.9888205228 0.6654347528 0.2166326528 0.9740344628 0.6717680428 0.6579527928 0.6598764928 0.6654347528 0.9899413328 0.6676209928 0.6632548928 0.6543591328 0.6565132428 0.9884473428 0 0.0331561088 0.9903152928 0.9951939928 0.2469714128 0.5787162928 0.2468325928 0.5955414928 0.6678642928 0.6678642928 0.5944373928 0.5815305428 0.6630130928
1.0310526928 0.6507825528 0.6710345428 0.9895675528 0.6644651628 0.2155667428 0.9725717628 0.6715234228 0.6555550928 0.6579527928 0.6634967928 0.9873287428 0.6666485328 0.6625296928 0.6555550928 0.6567529928 0.9914383628 0.0331561088 0 0.9921879428 0.9982121328 0.2441997928 0.5815305428 0.2440614928 0.5962047328 0.6659200528 0.6690819928 0.5915743928 0.5804469328 0.6625296928
0.9296217928 1.0302632928 1.0146458928 0.2221193328 1.0259360928 0.9813910428 0.1329468028 1.0212435928 1.0061929928 1.0177434928 1.0208538928 0.9058533628 1.0235861928 1.0216334928 1.0267208928 1.0358071928 0.0290955738 0.9903152928 0.9921879428 0 0.0281616398 0.9854681928 0.9918130928 0.9836121928 0.9993470628 1.0046661928 1.0393928928 1.0212435928 1.0004836628 1.0278998928
0.9327330928 1.0302632928 1.0165803928 0.2253497728 1.0298688928 0.9843540528 0.1341403128 1.0259360928 1.0115610928 1.0231951928 1.0294746928 0.9115567928 1.0255437928 1.0220235928 1.0275065928 1.0370004928 0.0300306728 0.9951939928 0.9982121328 0.0281616398 0 0.9880742928 0.9970788928 0.9862118928 1.0061929928 1.0077227928 1.0362046928 1.0196859928 0.9989684928 1.0310526928
1.0073399928 0.6294429928 0.6410927928 0.9780716628 0.6651921928 0.2429558928 0.9707473928 0.6664056528 0.6498316928 0.6462766228 0.6458038928 0.9884473428 0.6630130928 0.6579527928 0.6458038928 0.6488820628 0.9918130928 0.2469714128 0.2441997928 0.9854681928 0.9880742928 0 0.5684157328 0.00187175999999997 0.5878468428 0.6572326928 0.6603581628 0.5791485628 0.5701226928 0.6462766228
1.0061929928 0.6310631328 0.6375787928 0.9836121928 0.6678642928 0.5729047928 0.9802829328 0.6560340228 0.6503069928 0.6678642928 0.6729921428 0.9993470628 0.6601172928 0.6567529928 0.6550764928 0.6615637928 0.9944413628 0.5787162928 0.5815305428 0.9918130928 0.9970788928 0.5684157328 0 0.5673508328 0.5442978928 0.6415625928 0.6613224928 0.5410029628 0.5273606928 0.6317585428
1.0061929928 0.6285187928 0.6401541528 0.9762338928 0.6649497928 0.2424037128 0.9689273928 0.6654347528 0.6491193528 0.6460402328 0.6455676228 0.9877014428 0.6618051228 0.6567529928 0.6446233928 0.6476966428 0.9899413328 0.2468325928 0.2440614928 0.9836121928 0.9862118928 0.00187175999999997 0.5673508328 0 0.5876281528 0.6567529928 0.6601172928 0.5782842928 0.5699091228 0.6455676228
1.0346157928 0.6378125928 0.6427382928 1.0027620928 0.6788957428 0.5906956528 0.9862118928 0.6676209928 0.6574726428 0.6754462928 0.6779085928 1.0016220928 0.6605991428 0.6589139928 0.6615637928 0.6649497928 1.0084887928 0.5955414928 0.5962047328 0.9993470628 1.0061929928 0.5878468428 0.5442978928 0.5876281528 0 0.6510204928 0.6710345428 0.4172154928 0.4052899228 0.6505447328
0.9989684928 0.3360553128 0.3366809928 0.9899413328 0.6443874528 0.6749547928 0.9850965928 0.6364111628 0.6361778928 0.6345466928 0.6329189928 0.9989684928 0.6303683928 0.6317585428 0.6280570928 0.6285187928 1.0100233928 0.6678642928 0.6659200528 1.0046661928 1.0077227928 0.6572326928 0.6415625928 0.6567529928 0.6510204928 0 0.6305998928 0.6644651628 0.6543591328 0.3376204428
1.0096393928 0.6213944928 0.6359445928 1.0255437928 0.3295172928 0.6637387628 1.0104074928 0.3211941428 0.3218075328 0.5871909528 0.5837025928 1.0208538928 0.3027232928 0.3051199328 0.3030224428 0.3048199428 1.0442005928 0.6678642928 0.6690819928 1.0393928928 1.0362046928 0.6603581628 0.6613224928 0.6601172928 0.6710345428 0.6305998928 0 0.6620465928 0.6531649928 0.6310631328
1.0228043928 0.6503069928 0.6553157228 1.0115610928 0.6683511428 0.5830503428 0.9948175928 0.6666485328 0.6579527928 0.6712789228 0.6776619928 1.0020018928 0.6598764928 0.6622880928 0.6565132428 0.6569928228 1.0216334928 0.5944373928 0.5915743928 1.0212435928 1.0196859928 0.5791485628 0.5410029628 0.5782842928 0.4172154928 0.6644651628 0.6620465928 0 0.2810552728 0.6538812928
1.0251518928 0.6427382928 0.6465131328 0.9810214928 0.6572326928 0.5750519928 0.9888205228 0.6538812928 0.6441516628 0.6555550928 0.6632548928 0.9974564628 0.6514964928 0.6517346928 0.6548372928 0.6541201928 1.0023819928 0.5815305428 0.5804469328 1.0004836628 0.9989684928 0.5701226928 0.5273606928 0.5699091228 0.4052899228 0.6543591328 0.6531649928 0.2810552728 0 0.6472230228
1.0065750928 0.2785893728 0.2772871528 1.0286867928 0.6465131328 0.6610812928 1.0119459928 0.6361778928 0.6317585428 0.6271345928 0.6227681328 1.0189083928 0.6232265528 0.6319904928 0.6354783528 0.6336160928 1.0286867928 0.6630130928 0.6625296928 1.0278998928 1.0310526928 0.6462766228 0.6317585428 0.6455676228 0.6505447328 0.3376204428 0.6310631328 0.6538812928 0.6472230228 0
