0 0.92017525 0.91203403 0.89766514 0.90799636 0.6413967 1.01069 1.002652 0.90933985 0.9063204 0.64351636 0.6332101 0.9167723 0.91575444 0.9225665 0.92771643 0.908332 0.91406107 0.91439945 0.6406915 0.6418672 0.90031767 0.9287507 0.8996537 0.64045656 0.91406107 0.929441 0.9266836 0.90264636 0.6371753
0.92017525 0 0.75960124 0.7579511 0.75056994 0.9304776 1.0180373 1.001891 0.750842 0.7475835 0.9374253 0.93116945 0.72384816 0.7259512 0.19992983 0.20464435 0.7565787 0.77041674 0.76651627 0.9242792 0.9222244 0.7587757 0.74677104 0.75603044 0.90264636 0.7673504 0.77405685 0.761531 0.7587757 0.9205164
0.91203403 0.75960124 0 0.18059887 0.18110794 0.92462224 1.0030329 0.9946995 0.1794547 0.18327539 0.91406107 0.91813165 0.75411475 0.7511142 0.74921095 0.75466156 0.280911 0.76429653 0.7726547 0.9263396 0.92462224 0.27800795 0.74514884 0.27627152 0.9133848 0.5847917 0.58850837 0.28018418 0.22867204 0.9133848
0.89766514 0.7579511 0.18059887 0 0.13866363 0.91203403 0.9946995 0.99847597 0.14300726 0.1457956 0.9096761 0.9133848 0.74975425 0.7481256 0.7478545 0.75767636 0.27670524 0.7693002 0.7723746 0.9130469 0.91473794 0.27324238 0.7397667 0.27237916 0.9073255 0.58435565 0.58916616 0.27583802 0.22474852 0.90231323
0.90799636 0.75056994 0.18110794 0.13866363 0 0.9229087 0.990942 0.9939465 0.14143583 0.14494589 0.90900373 0.90766084 0.7446089 0.742453 0.74704176 0.7524766 0.27699456 0.76457363 0.7667942 0.9137229 0.91406107 0.2739625 0.74514884 0.27194792 0.9253087 0.58131045 0.59180313 0.27511612 0.22582883 0.91169673
0.6413967 0.9304776 0.92462224 0.91203403 0.9229087 0 1.0095364 1.0015109 0.92771643 0.92017525 0.13554212 0.64469653 0.931862 0.9188122 0.9106857 0.9137229 0.9167723 0.92154074 0.91983426 0.13590164 0.1369812 0.9188122 0.9184719 0.9174517 0.35949522 0.91203403 0.9349863 0.9218825 0.9342909 0.22004041
1.01069 1.0180373 1.0030329 0.9946995 0.990942 1.0095364 0 0.12353807 0.9860852 0.9827411 1.0149349 1.0223241 0.9872032 0.98683035 0.99169195 1.0034139 1.0110749 0.9816297 0.9860852 1.0068517 1.0068517 1.0068517 0.9764649 1.0076177 1.0126165 0.9939465 1.0246727 1.0130024 1.0022715 1.0045581
1.002652 1.001891 0.9946995 0.99847597 0.9939465 1.0015109 0.12353807 0 0.9831119 0.9853408 1.0030329 1.0076177 0.97941184 0.98496884 0.98237044 0.98869646 0.99056727 0.97941184 0.97941184 1.0022715 1.0030329 0.99357027 0.9615409 0.99357027 1.0003713 0.99169195 1.0068517 1.0034139 1.0011308 0.98757625
0.90933985 0.750842 0.1794547 0.14300726 0.14143583 0.92771643 0.9860852 0.9831119 0 0.11067928 0.9174517 0.91203403 0.7362889 0.73522204 0.7481256 0.75411475 0.27338633 0.75603044 0.7601521 0.92085767 0.9229087 0.27079913 0.7389627 0.27065566 0.91711193 0.57461107 0.5808764 0.27079913 0.22124824 0.9100125
0.9063204 0.7475835 0.18327539 0.1457956 0.14494589 0.92017525 0.9827411 0.9853408 0.11067928 0 0.91439945 0.91406107 0.74406934 0.7408401 0.7483968 0.7563045 0.28120193 0.7607034 0.7631891 0.91439945 0.9150766 0.2768499 0.74057156 0.2768499 0.92017525 0.5774132 0.58435565 0.27974844 0.22718139 0.9096761
0.64351636 0.9374253 0.91406107 0.9096761 0.90900373 0.13554212 1.0149349 1.0030329 0.9174517 0.91439945 0 0.6367077 0.92017525 0.9059856 0.91439945 0.91949344 0.9150766 0.9123715 0.908332 0.101922065 0.10238043 0.91779155 0.90900373 0.91813165 0.35611138 0.9069903 0.93812364 0.91203403 0.9242792 0.21682899
0.6332101 0.93116945 0.91813165 0.9133848 0.90766084 0.64469653 1.0223241 1.0076177 0.91203403 0.91406107 0.6367077 0 0.93151563 0.9259958 0.9370764 0.94373375 0.91915274 0.9150766 0.9184719 0.6418672 0.6409265 0.9174517 0.9110226 0.9184719 0.6378772 0.9229087 0.92154074 0.92085767 0.9256522 0.6461152
0.9167723 0.72384816 0.75411475 0.74975425 0.7446089 0.931862 0.9872032 0.97941184 0.7362889 0.74406934 0.92017525 0.93151563 0 0.09145626 0.72779626 0.7307048 0.75384146 0.73575526 0.7336246 0.91575444 0.91779155 0.75466156 0.7157541 0.7543881 0.9043141 0.7543881 0.76429653 0.7574018 0.7535683 0.92017525
0.91575444 0.7259512 0.7511142 0.7481256 0.742453 0.9188122 0.98683035 0.98496884 0.73522204 0.7408401 0.9059856 0.9259958 0.09145626 0 0.7251619 0.72700495 0.7519313 0.72726864 0.7243734 0.9036466 0.90498227 0.75002605 0.7129029 0.7486681 0.88682157 0.7473126 0.7587757 0.7448788 0.7473126 0.91203403
0.9225665 0.19992983 0.74921095 0.7478545 0.74704176 0.9106857 0.99169195 0.98237044 0.7481256 0.7483968 0.91439945 0.9370764 0.72779626 0.7251619 0 0.05120913 0.75466156 0.7563045 0.75411475 0.90498227 0.9006499 0.756853 0.7312348 0.75466156 0.8887815 0.7659607 0.7601521 0.7535683 0.75002605 0.9113596
0.92771643 0.20464435 0.75466156 0.75767636 0.7524766 0.9137229 1.0034139 0.98869646 0.75411475 0.7563045 0.91949344 0.94373375 0.7307048 0.72700495 0.05120913 0 0.75822586 0.7609791 0.7607034 0.910349 0.9063204 0.7618071 0.7386949 0.7587757 0.8910746 0.7760242 0.76846397 0.7565787 0.75302225 0.91473794
0.908332 0.7565787 0.280911 0.27670524 0.27699456 0.9167723 1.0110749 0.99056727 0.27338633 0.28120193 0.9150766 0.91915274 0.75384146 0.7519313 0.75466156 0.75822586 0 0.7629125 0.76707226 0.91779155 0.91949344 0.04216326 0.7325615 0.041211817 0.90766084 0.5789264 0.57979244 0.2529344 0.27526045 0.9110226
0.91406107 0.77041674 0.76429653 0.7693002 0.76457363 0.92154074 0.9816297 0.97941184 0.75603044 0.7607034 0.9123715 0.9150766 0.73575526 0.72726864 0.7563045 0.7609791 0.7629125 0 0.039207175 0.91203403 0.9130469 0.7593259 0.35226277 0.7598766 0.9029796 0.76707226 0.7799746 0.761255 0.75960124 0.90766084
0.91439945 0.76651627 0.7726547 0.7723746 0.7667942 0.91983426 0.9860852 0.97941184 0.7601521 0.7631891 0.908332 0.9184719 0.7336246 0.7243734 0.75411475 0.7607034 0.76707226 0.039207175 0 0.9110226 0.9106857 0.76346576 0.35370368 0.7640195 0.90098226 0.7737762 0.7799746 0.761531 0.76346576 0.8996537
0.6406915 0.9242792 0.9263396 0.9130469 0.9137229 0.13590164 1.0068517 1.0022715 0.92085767 0.91439945 0.101922065 0.6418672 0.91575444 0.9036466 0.90498227 0.910349 0.91779155 0.91203403 0.9110226 0 0.0100672655 0.92154074 0.89865875 0.9225665 0.35370368 0.90799636 0.9322085 0.9297863 0.928061 0.21642852
0.6418672 0.9222244 0.92462224 0.91473794 0.91406107 0.1369812 1.0068517 1.0030329 0.9229087 0.9150766 0.10238043 0.6409265 0.91779155 0.90498227 0.9006499 0.9063204 0.91949344 0.9130469 0.9106857 0.0100672655 0 0.9242792 0.90098226 0.92393637 0.3541846 0.9113596 0.9339434 0.9301319 0.92840576 0.21669547
0.90031767 0.7587757 0.27800795 0.27324238 0.2739625 0.9188122 1.0068517 0.99357027 0.27079913 0.2768499 0.91779155 0.9174517 0.75466156 0.75002605 0.756853 0.7618071 0.04216326 0.7593259 0.76346576 0.92154074 0.9242792 0 0.7320306 0.008144057 0.910349 0.5784937 0.57957584 0.24999788 0.27166054 0.91473794
0.9287507 0.74677104 0.74514884 0.7397667 0.74514884 0.9184719 0.9764649 0.9615409 0.7389627 0.74057156 0.90900373 0.9110226 0.7157541 0.7129029 0.7312348 0.7386949 0.7325615 0.35226277 0.35370368 0.89865875 0.90098226 0.7320306 0 0.7312348 0.8940332 0.7629125 0.7706961 0.7330929 0.7408401 0.90264636
0.8996537 0.75603044 0.27627152 0.27237916 0.27194792 0.9174517 1.0076177 0.99357027 0.27065566 0.2768499 0.91813165 0.9184719 0.7543881 0.7486681 0.75466156 0.7587757 0.041211817 0.7598766 0.7640195 0.9225665 0.92393637 0.008144057 0.7312348 0 0.9110226 0.57762915 0.57762915 0.24916099 0.27079913 0.9137229
0.64045656 0.90264636 0.9133848 0.9073255 0.9253087 0.35949522 1.0126165 1.0003713 0.91711193 0.92017525 0.35611138 0.6378772 0.9043141 0.88682157 0.8887815 0.8910746 0.90766084 0.9029796 0.90098226 0.35370368 0.3541846 0.910349 0.8940332 0.9110226 0 0.91949344 0.9346385 0.91169673 0.92393637 0.35852686
0.91406107 0.7673504 0.5847917 0.58435565 0.58131045 0.91203403 0.9939465 0.99169195 0.57461107 0.5774132 0.9069903 0.9229087 0.7543881 0.7473126 0.7659607 0.7760242 0.5789264 0.76707226 0.7737762 0.90799636 0.9113596 0.5784937 0.7629125 0.57762915 0.91949344 0 0.27916783 0.57439595 0.58828926 0.9232511
0.929441 0.77405685 0.58850837 0.58916616 0.59180313 0.9349863 1.0246727 1.0068517 0.5808764 0.58435565 0.93812364 0.92154074 0.76429653 0.7587757 0.7601521 0.76846397 0.57979244 0.7799746 0.7799746 0.9322085 0.9339434 0.57957584 0.7706961 0.57762915 0.9346385 0.27916783 0 0.5810934 0.58785117 0.929441
0.9266836 0.761531 0.28018418 0.27583802 0.27511612 0.9218825 1.0130024 1.0034139 0.27079913 0.27974844 0.91203403 0.92085767 0.7574018 0.7448788 0.7535683 0.7565787 0.2529344 0.761255 0.761531 0.9297863 0.9301319 0.24999788 0.7330929 0.24916099 0.91169673 0.57439595 0.5810934 0 0.27829775 0.9133848
0.90264636 0.7587757 0.22867204 0.22474852 0.22582883 0.9342909 1.0022715 1.0011308 0.22124824 0.22718139 0.9242792 0.9256522 0.7535683 0.7473126 0.75002605 0.75302225 0.27526045 0.75960124 0.76346576 0.928061 0.92840576 0.27166054 0.7408401 0.27079913 0.92393637 0.58828926 0.58785117 0.27829775 0 0.91915274
0.6371753 0.9205164 0.9133848 0.90231323 0.91169673 0.22004041 1.0045581 0.98757625 0.9100125 0.9096761 0.21682899 0.6461152 0.92017525 0.91203403 0.9113596 0.91473794 0.9110226 0.90766084 0.8996537 0.21642852 0.21669547 0.91473794 0.90264636 0.9137229 0.35852686 0.9232511 0.929441 0.9133848 0.91915274 0
