0 1.0041765 1.0099207 0.7013504 0.70390224 0.6864684 0.702115 0.6950084 0.70364666 0.70697606 0.6770375 1.0337447 0.6777777 0.70646286 0.7018601 0.684224 0.6785187 0.69576657 0.6972853 0.6772841 0.67555916 0.69022405 0.6927383 0.6904751 0.680994 0.9977191 1.0011308 1.014548 0.7056938 0.6924865
1.0041765 0 0.11848517 1.0231062 1.0219333 1.0141612 1.0053219 1.002652 1.0211525 1.0234975 1.0080011 0.46492255 1.0118452 1.0219333 1.018426 0.9779369 0.9764649 1.0227151 1.0207624 0.9691478 0.97243166 1.0195932 1.015322 1.0219333 0.9946995 0.58610135 0.5999927 0.17540063 1.0087683 1.0164845
1.0099207 0.11848517 0 1.0219333 1.0141612 1.000751 1.0041765 0.9977191 1.0160967 1.0168724 0.9962078 0.45881367 0.99734104 1.0215429 1.014548 0.9779369 0.9775687 1.015322 1.0141612 0.9709704 0.97426224 1.0083846 1.0037951 1.0103053 0.99885464 0.5837021 0.59246385 0.17036368 1.0087683 0.99885464
0.7013504 1.0231062 1.0219333 0 0.08325454 0.28192973 0.2195042 0.21256836 0.21749689 0.21829918 0.28954104 1.0278157 0.2868976 0.08706336 0.084372774 0.59246385 0.58675706 0.21696252 0.21616167 0.59092313 0.5889469 0.28616497 0.3350279 0.2858721 0.59224355 1.0083846 1.0110749 1.0227151 0.1465247 0.293228
0.70390224 1.0219333 1.0141612 0.08325454 0 0.28018418 0.2148288 0.2093887 0.2148288 0.21669547 0.2868976 1.0215429 0.28222105 0.06471328 0.06221019 0.58631986 0.5819619 0.21522841 0.21416326 0.58413774 0.5828315 0.28455567 0.3340906 0.28440955 0.5837021 1.0126165 1.0053219 1.019204 0.14397594 0.28939393
0.6864684 1.0141612 1.000751 0.28192973 0.28018418 0 0.28411737 0.2768499 0.28397134 0.28865886 0.20071353 1.0091523 0.1966732 0.2835334 0.28192973 0.5850098 0.5839199 0.28163853 0.28105646 0.58348435 0.58174473 0.05830901 0.33878887 0.058200933 0.5832667 1.0072346 1.0022715 1.0157093 0.2857257 0.2022834
0.702115 1.0053219 1.0041765 0.2195042 0.2148288 0.28411737 0 0.05067399 0.061884318 0.063188665 0.28660446 1.0164845 0.28192973 0.21829918 0.21696252 0.59092313 0.58916616 0.06645949 0.06645949 0.5929046 0.59004414 0.28645793 0.33816072 0.2857257 0.5964403 1.0149349 1.0053219 1.015322 0.2181654 0.2916035
0.6950084 1.002652 0.9977191 0.21256836 0.2093887 0.2768499 0.05067399 0 0.05561175 0.056150425 0.27902275 1.0087683 0.2738184 0.21217017 0.21190482 0.5819619 0.58065945 0.059607152 0.060257066 0.58413774 0.5810934 0.27916783 0.3284912 0.27916783 0.58697575 1.0095364 1.0022715 1.0087683 0.21203749 0.28411737
0.70364666 1.0211525 1.0160967 0.21749689 0.2148288 0.28397134 0.061884318 0.05561175 0 0.045131043 0.28528675 1.0215429 0.2806202 0.21856679 0.21776423 0.58960503 0.58653843 0.065585874 0.065913364 0.59224355 0.5889469 0.28631145 0.33706275 0.28601852 0.5979924 1.015322 1.0091523 1.0262426 0.21856679 0.29057157
0.70697606 1.0234975 1.0168724 0.21829918 0.21669547 0.28865886 0.063188665 0.056150425 0.045131043 0 0.28939393 1.0301816 0.28470182 0.21937022 0.21789792 0.5889469 0.58631986 0.06678736 0.06733413 0.591363 0.58807015 0.28998253 0.33690602 0.28998253 0.5984365 1.0160967 1.0149349 1.0278157 0.21990632 0.294856
0.6770375 1.0080011 0.9962078 0.28954104 0.2868976 0.20071353 0.28660446 0.27902275 0.28528675 0.28939393 0 1.01146 0.03615775 0.29012972 0.2888058 0.58413774 0.5839199 0.28265825 0.2825125 0.5845737 0.5828315 0.20569606 0.3353406 0.20503858 0.59312516 1.0091523 1.0015109 1.0199828 0.29101366 0.14022927
1.0337447 0.46492255 0.45881367 1.0278157 1.0215429 1.0091523 1.0164845 1.0087683 1.0215429 1.0301816 1.01146 0 1.0103053 1.0341415 1.0262426 0.98757625 0.9808897 1.0199828 1.018426 0.9838541 0.9853408 1.018426 1.0297868 1.0203725 0.99131685 0.5808764 0.5951125 0.45147505 1.0234975 0.9980974
0.6777777 1.0118452 0.99734104 0.2868976 0.28222105 0.1966732 0.28192973 0.2738184 0.2806202 0.28470182 0.03615775 1.0103053 0 0.2857257 0.28528675 0.5828315 0.58217925 0.27771828 0.2768499 0.58174473 0.5800091 0.20097494 0.33019772 0.20058286 0.5887276 1.0091523 0.99961257 1.0122308 0.2868976 0.13758163
0.70646286 1.0219333 1.0215429 0.08706336 0.06471328 0.2835334 0.21829918 0.21217017 0.21856679 0.21937022 0.29012972 1.0341415 0.2857257 0 0.037207875 0.5951125 0.591363 0.21629508 0.21562824 0.59246385 0.5911431 0.28851193 0.34067646 0.28821814 0.5889469 1.018426 1.005704 1.0231062 0.14786322 0.29352373
0.7018601 1.018426 1.014548 0.084372774 0.06221019 0.28192973 0.21696252 0.21190482 0.21776423 0.21789792 0.2888058 1.0262426 0.28528675 0.037207875 0 0.5889469 0.5845737 0.2158949 0.21576156 0.58653843 0.5847917 0.28777772 0.33753312 0.28763095 0.58610135 1.0076177 1.0011308 1.0149349 0.14530993 0.29145598
0.684224 0.9779369 0.9779369 0.59246385 0.58631986 0.5850098 0.59092313 0.5819619 0.58960503 0.5889469 0.58413774 0.98757625 0.5828315 0.5951125 0.5889469 0 0.027290547 0.5828315 0.5856646 0.04736461 0.0472581 0.58960503 0.59422857 0.59004414 0.28514048 1.0053219 0.97978103 0.9816297 0.58675706 0.58916616
0.6785187 0.9764649 0.9775687 0.58675706 0.5819619 0.5839199 0.58916616 0.58065945 0.58653843 0.58631986 0.5839199 0.9808897 0.58217925 0.591363 0.5845737 0.027290547 0 0.57979244 0.5839199 0.045874827 0.045662243 0.58828926 0.5911431 0.5887276 0.28236675 1.0011308 0.9738958 0.9827411 0.58348435 0.5889469
0.69576657 1.0227151 1.015322 0.21696252 0.21522841 0.28163853 0.06645949 0.059607152 0.065585874 0.06678736 0.28265825 1.0199828 0.27771828 0.21629508 0.2158949 0.5828315 0.57979244 0 0.015866656 0.5832667 0.5800091 0.28499424 0.332531 0.28455567 0.5902638 1.0126165 1.0072346 1.0258498 0.21709608 0.28939393
0.6972853 1.0207624 1.0141612 0.21616167 0.21416326 0.28105646 0.06645949 0.060257066 0.065913364 0.06733413 0.2825125 1.018426 0.2768499 0.21562824 0.21576156 0.5856646 0.5839199 0.015866656 0 0.58675706 0.5837021 0.28484803 0.33144122 0.28440955 0.58938557 1.01146 1.0034139 1.0238891 0.21763055 0.28851193
0.6772841 0.9691478 0.9709704 0.59092313 0.58413774 0.58348435 0.5929046 0.58413774 0.59224355 0.591363 0.5845737 0.9838541 0.58174473 0.59246385 0.58653843 0.04736461 0.045874827 0.5832667 0.58675706 0 0.008750854 0.5904835 0.5926842 0.59092313 0.2835334 0.99131685 0.9662408 0.9790429 0.585228 0.58960503
0.67555916 0.97243166 0.97426224 0.5889469 0.5828315 0.58174473 0.59004414 0.5810934 0.5889469 0.58807015 0.5828315 0.9853408 0.5800091 0.5911431 0.5847917 0.0472581 0.045662243 0.5800091 0.5837021 0.008750854 0 0.5889469 0.59004414 0.58938557 0.28382534 0.9969631 0.96769285 0.98051995 0.5832667 0.58785117
0.69022405 1.0195932 1.0083846 0.28616497 0.28455567 0.05830901 0.28645793 0.27916783 0.28631145 0.28998253 0.20569606 1.018426 0.20097494 0.28851193 0.28777772 0.58960503 0.58828926 0.28499424 0.28484803 0.5904835 0.5889469 0 0.34525782 0.0036086678 0.58653843 1.0172604 1.0164845 1.0254573 0.28821814 0.20503858
0.6927383 1.015322 1.0037951 0.3350279 0.3340906 0.33878887 0.33816072 0.3284912 0.33706275 0.33690602 0.3353406 1.0297868 0.33019772 0.34067646 0.33753312 0.59422857 0.5911431 0.332531 0.33144122 0.5926842 0.59004414 0.34525782 0 0.34494096 0.5975486 1.0180373 1.0126165 1.0215429 0.33894598 0.33831772
0.6904751 1.0219333 1.0103053 0.2858721 0.28440955 0.058200933 0.2857257 0.27916783 0.28601852 0.28998253 0.20503858 1.0203725 0.20058286 0.28821814 0.28763095 0.59004414 0.5887276 0.28455567 0.28440955 0.59092313 0.58938557 0.0036086678 0.34494096 0 0.58916616 1.0207624 1.0199828 1.0274222 0.28777772 0.20530151
0.680994 0.9946995 0.99885464 0.59224355 0.5837021 0.5832667 0.5964403 0.58697575 0.5979924 0.5984365 0.59312516 0.99131685 0.5887276 0.5889469 0.58610135 0.28514048 0.28236675 0.5902638 0.58938557 0.2835334 0.28382534 0.58653843 0.5975486 0.58916616 0 1.0227151 0.99545324 0.9958304 0.58631986 0.58982456
0.9977191 0.58610135 0.5837021 1.0083846 1.0126165 1.0072346 1.0149349 1.0095364 1.015322 1.0160967 1.0091523 0.5808764 1.0091523 1.018426 1.0076177 1.0053219 1.0011308 1.0126165 1.01146 0.99131685 0.9969631 1.0172604 1.0180373 1.0207624 1.0227151 0 0.20846385 0.58413774 0.9939465 1.0022715
1.0011308 0.5999927 0.59246385 1.0110749 1.0053219 1.0022715 1.0053219 1.0022715 1.0091523 1.0149349 1.0015109 0.5951125 0.99961257 1.005704 1.0011308 0.97978103 0.9738958 1.0072346 1.0034139 0.9662408 0.96769285 1.0164845 1.0126165 1.0199828 0.99545324 0.20846385 0 0.58828926 0.9860852 0.99131685
1.014548 0.17540063 0.17036368 1.0227151 1.019204 1.0157093 1.015322 1.0087683 1.0262426 1.0278157 1.0199828 0.45147505 1.0122308 1.0231062 1.0149349 0.9816297 0.9827411 1.0258498 1.0238891 0.9790429 0.98051995 1.0254573 1.0215429 1.0274222 0.9958304 0.58413774 0.58828926 0 1.0091523 1.0126165
0.7056938 1.0087683 1.0087683 0.1465247 0.14397594 0.2857257 0.2181654 0.21203749 0.21856679 0.21990632 0.29101366 1.0234975 0.2868976 0.14786322 0.14530993 0.58675706 0.58348435 0.21709608 0.21763055 0.585228 0.5832667 0.28821814 0.33894598 0.28777772 0.58631986 0.9939465 0.9860852 1.0091523 0 0.2916035
0.6924865 1.0164845 0.99885464 0.293228 0.28939393 0.2022834 0.2916035 0.28411737 0.29057157 0.294856 0.14022927 0.9980974 0.13758163 0.29352373 0.29145598 0.58916616 0.5889469 0.28939393 0.28851193 0.58960503 0.58785117 0.20503858 0.33831772 0.20530151 0.58982456 1.0022715 0.99131685 1.0126165 0.2916035 0
