0 0.97573 0.6123341 0.60669917 0.69956917 0.6332101 0.7905161 0.80617183 0.6205234 0.61482686 0.71238565 1.000751 0.71212715 0.62075216 0.62189704 0.69576657 0.6350735 0.6336756 0.60512894 0.69349426 0.69122875 0.603562 1.002652 0.6040094 0.6947558 0.69122875 0.6297288 0.63019204 0.62006605 0.9727974
0.97573 0 0.9872032 0.9842255 0.98869646 0.99961257 0.99961257 1.0053219 0.98907024 0.98832285 1.0080011 0.6988071 0.9969631 0.9753628 0.98496884 0.9816297 0.9857129 0.99056727 0.9894442 0.98907024 0.9894442 0.9920673 0.702115 0.9924427 0.9746289 1.0087683 0.99885464 1.0015109 1.014548 0.30861238
0.6123341 0.9872032 0 0.50874317 0.70928967 0.5071684 0.790803 0.8017901 0.22259256 0.22623433 0.71238565 1.0003713 0.71161044 0.5115071 0.51190275 0.70007765 0.5065787 0.5065787 0.5010971 0.69349426 0.6965256 0.5050084 0.97867405 0.50265914 0.68972224 0.70774645 0.50775856 0.5202605 0.52226424 0.9698763
0.60669917 0.9842255 0.50874317 0 0.7026252 0.51646805 0.7928149 0.8000446 0.50953186 0.5172649 0.70007765 0.98645765 0.6945033 0.44096002 0.44420755 0.69097745 0.5132893 0.52166253 0.18289244 0.6950084 0.6907262 0.18532108 0.9842255 0.18302007 0.6859691 0.6889701 0.51229864 0.41113606 0.45147505 0.9709704
0.69956917 0.98869646 0.70928967 0.7026252 0 0.70928967 0.7805406 0.79339075 0.70466954 0.7062064 0.28851193 1.0003713 0.2807656 0.70441365 0.7080034 0.1846812 0.70441365 0.7126442 0.6960195 0.18047164 0.18199967 0.69576657 0.97316337 0.6947558 0.6439882 0.6374092 0.7105781 0.7139384 0.7157541 0.98907024
0.6332101 0.99961257 0.5071684 0.51646805 0.70928967 0 0.8082254 0.82395923 0.5174642 0.52367 0.7139384 1.018426 0.71238565 0.5368514 0.5419835 0.7031358 0.14567415 0.14628159 0.5132893 0.6967787 0.69753873 0.5166672 1.018426 0.5146783 0.70748955 0.70903224 0.49333504 0.53297436 0.53419656 0.9872032
0.7905161 0.99961257 0.790803 0.7928149 0.7805406 0.8082254 0 0.1369812 0.7916646 0.7928149 0.7916646 0.9901927 0.78879654 0.8099901 0.8114639 0.77321523 0.8105793 0.81294054 0.7890828 0.77546155 0.7796917 0.79109013 0.99961257 0.7905161 0.7723746 0.79512084 0.79743385 0.81977093 0.8000446 0.9738958
0.80617183 1.0053219 0.8017901 0.8000446 0.79339075 0.82395923 0.1369812 0 0.81087404 0.812645 0.8099901 1.0068517 0.80705124 0.82606214 0.83089113 0.7885103 0.8094014 0.81709075 0.800626 0.7896558 0.79109013 0.7980132 1.0122308 0.799754 0.7830931 0.79859304 0.80646485 0.82907665 0.8096957 0.9857129
0.6205234 0.98907024 0.22259256 0.50953186 0.70466954 0.5174642 0.7916646 0.81087404 0 0.1341058 0.7193987 0.9842255 0.7196597 0.5200604 0.5220636 0.7013504 0.51926064 0.5146783 0.5044204 0.6955138 0.6982995 0.5065787 0.97499573 0.50422454 0.6869681 0.7110941 0.5196604 0.5196604 0.5196604 0.96010065
0.61482686 0.98832285 0.22623433 0.5172649 0.7062064 0.52367 0.7928149 0.812645 0.1341058 0 0.72489893 0.9946995 0.7193987 0.52972496 0.5327709 0.700841 0.5246758 0.51886106 0.51012385 0.6982995 0.69956917 0.51626897 0.9842255 0.5126947 0.69122875 0.7165336 0.5254814 0.5321607 0.53033316 0.9565121
0.71238565 1.0080011 0.71238565 0.70007765 0.28851193 0.7139384 0.7916646 0.8099901 0.7193987 0.72489893 0 1.0030329 0.12862524 0.714716 0.7186162 0.28514048 0.7152349 0.718095 0.6812419 0.28294984 0.28499424 0.68721807 0.9898184 0.6852207 0.6470625 0.65110177 0.71212715 0.71445674 0.72148925 0.98051995
1.000751 0.6988071 1.0003713 0.98645765 1.0003713 1.018426 0.9901927 1.0068517 0.9842255 0.9946995 1.0030329 0 1.0099207 1.0034139 0.99885464 0.9962078 1.0034139 1.0160967 0.9831119 1.0015109 0.99923354 0.9845971 0.57957584 0.9894442 0.9958304 1.0011308 0.9958304 1.0141612 1.0258498 0.69122875
0.71212715 0.9969631 0.71161044 0.6945033 0.2807656 0.71238565 0.78879654 0.80705124 0.7196597 0.7193987 0.12862524 1.0099207 0 0.7149754 0.7207046 0.2806202 0.7105781 0.72044325 0.6849714 0.27670524 0.27858767 0.69148016 0.9779369 0.6904751 0.6406915 0.6444604 0.718095 0.71186876 0.72044325 0.98757625
0.62075216 0.9753628 0.5115071 0.44096002 0.70441365 0.5368514 0.8099901 0.82606214 0.5200604 0.52972496 0.714716 1.0034139 0.7149754 0 0.09689845 0.7067194 0.5344004 0.5448729 0.4371889 0.70390224 0.70543754 0.44096002 0.9969631 0.43880278 0.69855326 0.7141975 0.5317542 0.4652944 0.3728564 0.9783054
0.62189704 0.98496884 0.51190275 0.44420755 0.7080034 0.5419835 0.8114639 0.83089113 0.5220636 0.5327709 0.7186162 0.99885464 0.7207046 0.09689845 0 0.70697606 0.5407486 0.5473584 0.44294295 0.7018601 0.70441365 0.44674316 0.99169195 0.44366533 0.7031358 0.71161044 0.5356249 0.47089422 0.3768125 0.9838541
0.69576657 0.9816297 0.70007765 0.69097745 0.1846812 0.7031358 0.77321523 0.7885103 0.7013504 0.700841 0.28514048 0.9962078 0.2806202 0.7067194 0.70697606 0 0.70954716 0.7141975 0.6877182 0.08965093 0.08908765 0.6874681 0.97720057 0.6847222 0.63998693 0.6444604 0.71342045 0.714716 0.71342045 0.9853408
0.6350735 0.9857129 0.5065787 0.5132893 0.70441365 0.14567415 0.8105793 0.8094014 0.51926064 0.5246758 0.7152349 1.0034139 0.7105781 0.5344004 0.5407486 0.70954716 0 0.05884963 0.5091374 0.6982995 0.7018601 0.5103213 1.0180373 0.5103213 0.70288044 0.71238565 0.49372122 0.5339927 0.530536 0.9779369
0.6336756 0.99056727 0.5065787 0.52166253 0.7126442 0.14628159 0.81294054 0.81709075 0.5146783 0.51886106 0.718095 1.0160967 0.72044325 0.5448729 0.5473584 0.7141975 0.05884963 0 0.51547325 0.7056938 0.7082605 0.5176636 1.0211525 0.5176636 0.7085177 0.7207046 0.4919849 0.537875 0.53480834 0.97609735
0.60512894 0.9894442 0.5010971 0.18289244 0.6960195 0.5132893 0.7890828 0.800626 0.5044204 0.51012385 0.6812419 0.9831119 0.6849714 0.4371889 0.44294295 0.6877182 0.5091374 0.51547325 0 0.6844731 0.682483 0.05249503 1.0041765 0.04992543 0.68000287 0.684224 0.50598943 0.40785605 0.44384602 0.9637064
0.69349426 0.98907024 0.69349426 0.6950084 0.18047164 0.6967787 0.77546155 0.7896558 0.6955138 0.6982995 0.28294984 1.0015109 0.27670524 0.70390224 0.7018601 0.08965093 0.6982995 0.7056938 0.6844731 0 0.050888002 0.6877182 0.9709704 0.6854701 0.6406915 0.63928306 0.7013504 0.702115 0.71627367 0.99131685
0.69122875 0.9894442 0.6965256 0.6907262 0.18199967 0.69753873 0.7796917 0.79109013 0.6982995 0.69956917 0.28499424 0.99923354 0.27858767 0.70543754 0.70441365 0.08908765 0.7018601 0.7082605 0.682483 0.050888002 0 0.684224 0.97316337 0.682483 0.63975227 0.6413967 0.71006244 0.7085177 0.7167936 0.990942
0.603562 0.9920673 0.5050084 0.18532108 0.69576657 0.5166672 0.79109013 0.7980132 0.5065787 0.51626897 0.68721807 0.9845971 0.69148016 0.44096002 0.44674316 0.6874681 0.5103213 0.5176636 0.05249503 0.6877182 0.684224 0 0.99281836 0.012707041 0.6832287 0.6874681 0.5065787 0.40923536 0.44837776 0.9651536
1.002652 0.702115 0.97867405 0.9842255 0.97316337 1.018426 0.99961257 1.0122308 0.97499573 0.9842255 0.9898184 0.57957584 0.9779369 0.9969631 0.99169195 0.97720057 1.0180373 1.0211525 1.0041765 0.9709704 0.97316337 0.99281836 0 0.9962078 0.9980974 1.000751 0.9838541 1.005704 1.0199828 0.70364666
0.6040094 0.9924427 0.50265914 0.18302007 0.6947558 0.5146783 0.7905161 0.799754 0.50422454 0.5126947 0.6852207 0.9894442 0.6904751 0.43880278 0.44366533 0.6847222 0.5103213 0.5176636 0.04992543 0.6854701 0.682483 0.012707041 0.9962078 0 0.68149 0.6849714 0.5055969 0.4049334 0.44656178 0.9666036
0.6947558 0.9746289 0.68972224 0.6859691 0.6439882 0.70748955 0.7723746 0.7830931 0.6869681 0.69122875 0.6470625 0.9958304 0.6406915 0.69855326 0.7031358 0.63998693 0.70288044 0.7085177 0.68000287 0.6406915 0.63975227 0.6832287 0.9980974 0.68149 0 0.55089366 0.71006244 0.70646286 0.7031358 0.9779369
0.69122875 1.0087683 0.70774645 0.6889701 0.6374092 0.70903224 0.79512084 0.79859304 0.7110941 0.7165336 0.65110177 1.0011308 0.6444604 0.7141975 0.71161044 0.6444604 0.71238565 0.7207046 0.684224 0.63928306 0.6413967 0.6874681 1.000751 0.6849714 0.55089366 0 0.72253674 0.71161044 0.7175742 0.99357027
0.6297288 0.99885464 0.50775856 0.51229864 0.7105781 0.49333504 0.79743385 0.80646485 0.5196604 0.5254814 0.71212715 0.9958304 0.718095 0.5317542 0.5356249 0.71342045 0.49372122 0.4919849 0.50598943 0.7013504 0.71006244 0.5065787 0.9838541 0.5055969 0.71006244 0.72253674 0 0.5317542 0.5389 0.9753628
0.63019204 1.0015109 0.5202605 0.41113606 0.7139384 0.53297436 0.81977093 0.82907665 0.5196604 0.5321607 0.71445674 1.0141612 0.71186876 0.4652944 0.47089422 0.714716 0.5339927 0.537875 0.40785605 0.702115 0.7085177 0.40923536 1.005704 0.4049334 0.70646286 0.71161044 0.5317542 0 0.4771027 0.98907024
0.62006605 1.014548 0.52226424 0.45147505 0.7157541 0.53419656 0.8000446 0.8096957 0.5196604 0.53033316 0.72148925 1.0258498 0.72044325 0.3728564 0.3768125 0.71342045 0.530536 0.53480834 0.44384602 0.71627367 0.7167936 0.44837776 1.0199828 0.44656178 0.7031358 0.7175742 0.5389 0.4771027 0 1.0083846
0.9727974 0.30861238 0.9698763 0.9709704 0.98907024 0.9872032 0.9738958 0.9857129 0.96010065 0.9565121 0.98051995 0.69122875 0.98757625 0.9783054 0.9838541 0.9853408 0.9779369 0.97609735 0.9637064 0.99131685 0.990942 0.9651536 0.70364666 0.9666036 0.9779369 0.99357027 0.9753628 0.98907024 1.0083846 0
