0 0.81087404 0.8105793 0.8079317 0.8221614 0.8102846 0.8703658 0.8751683 0.8102846 0.81857854 0.8003352 0.8266641 1.0246727 1.0242808 0.8111689 0.81087404 0.8624292 0.86718106 0.81294054 0.8102846 0.81442016 0.812645 0.9160936 0.8120542 0.9301319 0.8099901 0.81679356 1.0270288 1.0157093 0.88194406
0.81087404 0 0.40339074 0.3601415 0.13005109 0.1274391 0.87100434 0.8722831 0.35562924 0.36111194 0.40253505 0.5061858 0.99961257 1.0095364 0.31695846 0.32108986 0.86337715 0.86877173 0.7304399 0.7254249 0.4004854 0.40202212 0.9063204 0.4004854 0.903313 0.7222747 0.7320306 0.99734104 0.9962078 0.87324363
0.8105793 0.40339074 0 0.40596363 0.4018512 0.3979312 0.85802114 0.8668633 0.39912206 0.40699527 0.114047974 0.49623638 1.0305767 1.0337447 0.3962332 0.40133873 0.853951 0.8611671 0.723061 0.7175742 0.113233455 0.114979945 0.91575444 0.113815166 0.9167723 0.7209661 0.7251619 1.0141612 1.0180373 0.864643
0.8079317 0.3601415 0.40596363 0 0.35290283 0.35178307 0.8678169 0.8719632 0.10824928 0.110099986 0.40270612 0.5024637 1.0103053 1.0015109 0.34922987 0.3524227 0.8624292 0.86718106 0.7365559 0.7338906 0.40339074 0.40527666 0.8914027 0.40321952 0.90231323 0.72384816 0.7421839 1.01146 0.99658537 0.88226825
0.8221614 0.13005109 0.4018512 0.35290283 0 0.089425564 0.8774201 0.88194406 0.3447826 0.3524227 0.39963302 0.49526802 0.9969631 1.0030329 0.31955704 0.32277957 0.864643 0.86972773 0.7251619 0.7220128 0.39725155 0.3979312 0.91983426 0.3967422 0.9335961 0.7149754 0.7309697 0.98496884 0.9946995 0.88780093
0.8102846 0.1274391 0.3979312 0.35178307 0.089425564 0 0.8729233 0.87324363 0.34668535 0.35338324 0.39420068 0.49662408 1.001891 1.0068517 0.31543407 0.3181802 0.8700467 0.8774201 0.7175742 0.7113522 0.39640284 0.3970817 0.9106857 0.39572456 0.9160936 0.7056938 0.7193987 0.9939465 0.9939465 0.88226825
0.8703658 0.87100434 0.85802114 0.8678169 0.8774201 0.8729233 0 0.09123035 0.86749893 0.8700467 0.8608519 0.8855178 0.98832285 0.98683035 0.8787099 0.86813504 0.7056938 0.70288044 0.84587634 0.84217876 0.86179787 0.86148244 0.90231323 0.8611671 0.89667284 0.8678169 0.8640098 0.9977191 0.99357027 0.22057699
0.8751683 0.8722831 0.8668633 0.8719632 0.88194406 0.87324363 0.09123035 0 0.8722831 0.87677604 0.8722831 0.8933747 0.99131685 0.9898184 0.88259256 0.87356406 0.7098048 0.7085177 0.85896355 0.85270303 0.870685 0.8713238 0.8933747 0.87100434 0.8874743 0.87484723 0.86337715 0.9920673 0.9924427 0.2188345
0.8102846 0.35562924 0.39912206 0.10824928 0.3447826 0.34668535 0.86749893 0.8722831 0 0.090214625 0.39827126 0.4960426 1.0176488 1.014548 0.35386395 0.3588495 0.86179787 0.86559373 0.71835554 0.7167936 0.3979312 0.39963302 0.9036466 0.3979312 0.91575444 0.71006244 0.7344229 1.014548 1.0049399 0.87806475
0.81857854 0.36111194 0.40699527 0.110099986 0.3524227 0.35338324 0.8700467 0.87677604 0.090214625 0 0.40373325 0.50344145 1.0254573 1.0203725 0.35466585 0.3601415 0.8611671 0.8643263 0.7220128 0.72044325 0.405105 0.40630734 0.89469224 0.4049334 0.90799636 0.7222747 0.7354886 1.0103053 1.0080011 0.8812961
0.8003352 0.40253505 0.114047974 0.40270612 0.39963302 0.39420068 0.8608519 0.8722831 0.39827126 0.40373325 0 0.49372122 1.0227151 1.0223241 0.39963302 0.40133873 0.85270303 0.8592779 0.73495555 0.72858834 0.07194278 0.073154494 0.903313 0.07194278 0.9150766 0.72726864 0.72779626 1.0083846 1.0045581 0.8678169
0.8266641 0.5061858 0.49623638 0.5024637 0.49526802 0.49662408 0.8855178 0.8933747 0.4960426 0.50344145 0.49372122 0 1.0341415 1.0389212 0.502073 0.5032458 0.8904187 0.8907466 0.7227989 0.72122765 0.49488103 0.49662408 0.9232511 0.49488103 0.94549555 0.72700495 0.7473126 1.0286036 1.0223241 0.895022
1.0246727 0.99961257 1.0305767 1.0103053 0.9969631 1.001891 0.98832285 0.99131685 1.0176488 1.0254573 1.0227151 1.0341415 0 0.043963727 1.0325551 1.0262426 1.0003713 0.99847597 0.99545324 0.98757625 1.0254573 1.0274222 1.0037951 1.0238891 1.0337447 0.9827411 1.0064689 0.3052998 0.3145209 0.9977191
1.0242808 1.0095364 1.0337447 1.0015109 1.0030329 1.0068517 0.98683035 0.9898184 1.014548 1.0203725 1.0223241 1.0389212 0.043963727 0 1.0317632 1.025065 0.99923354 0.99961257 0.99131685 0.98125964 1.0254573 1.0282096 1.0011308 1.0242808 1.0341415 0.9816297 1.0080011 0.3068037 0.31711105 1.0011308
0.8111689 0.31695846 0.3962332 0.34922987 0.31955704 0.31543407 0.8787099 0.88259256 0.35386395 0.35466585 0.39963302 0.502073 1.0325551 1.0317632 0 0.041845977 0.84928197 0.8545757 0.72700495 0.7227989 0.40065598 0.40168035 0.8937039 0.40031484 0.91779155 0.7330929 0.74057156 1.0180373 1.0223241 0.8835664
0.81087404 0.32108986 0.40133873 0.3524227 0.32277957 0.3181802 0.86813504 0.87356406 0.3588495 0.3601415 0.40133873 0.5032458 1.0262426 1.025065 0.041845977 0 0.84310144 0.847732 0.7262145 0.72148925 0.40407598 0.40527666 0.8973342 0.40356198 0.91949344 0.7317652 0.74057156 1.0103053 1.0122308 0.8783872
0.8624292 0.86337715 0.853951 0.8624292 0.864643 0.8700467 0.7056938 0.7098048 0.86179787 0.8611671 0.85270303 0.8904187 1.0003713 0.99923354 0.84928197 0.84310144 0 0.019347416 0.8678169 0.86591095 0.8567664 0.85613984 0.8668633 0.8555138 0.8933747 0.8643263 0.8726031 1.0041765 0.99056727 0.7113522
0.86718106 0.86877173 0.8611671 0.86718106 0.86972773 0.8774201 0.70288044 0.7085177 0.86559373 0.8643263 0.8592779 0.8907466 0.99847597 0.99961257 0.8545757 0.847732 0.019347416 0 0.8703658 0.8678169 0.8649598 0.8636934 0.8636934 0.863061 0.8927168 0.86749893 0.8751683 1.000751 0.98907024 0.71006244
0.81294054 0.7304399 0.723061 0.7365559 0.7251619 0.7175742 0.84587634 0.85896355 0.71835554 0.7220128 0.73495555 0.7227989 0.99545324 0.99131685 0.72700495 0.7262145 0.8678169 0.8703658 0 0.012503651 0.7309697 0.7304399 0.910349 0.72885257 0.92154074 0.31027418 0.2713733 1.0037951 1.0072346 0.85864925
0.8102846 0.7254249 0.7175742 0.7338906 0.7220128 0.7113522 0.84217876 0.85270303 0.7167936 0.72044325 0.72858834 0.72122765 0.98757625 0.98125964 0.7227989 0.72148925 0.86591095 0.8678169 0.012503651 0 0.72489893 0.7243734 0.9029796 0.7227989 0.91575444 0.30831063 0.26864994 0.9977191 1.0022715 0.85520095
0.81442016 0.4004854 0.113233455 0.40339074 0.39725155 0.39640284 0.86179787 0.870685 0.3979312 0.405105 0.07194278 0.49488103 1.0254573 1.0254573 0.40065598 0.40407598 0.8567664 0.8649598 0.7309697 0.72489893 0 0.006730106 0.9130469 0.005520266 0.91915274 0.72885257 0.72726864 1.0083846 0.99885464 0.87420535
0.812645 0.40202212 0.114979945 0.40527666 0.3979312 0.3970817 0.86148244 0.8713238 0.39963302 0.40630734 0.073154494 0.49662408 1.0274222 1.0282096 0.40168035 0.40527666 0.85613984 0.8636934 0.7304399 0.7243734 0.006730106 0 0.91169673 0.0044129575 0.91779155 0.7291169 0.7259512 1.0126165 1.0011308 0.8726031
0.9160936 0.9063204 0.91575444 0.8914027 0.91983426 0.9106857 0.90231323 0.8933747 0.9036466 0.89469224 0.903313 0.9232511 1.0037951 1.0011308 0.8937039 0.8973342 0.8668633 0.8636934 0.910349 0.9029796 0.9130469 0.91169673 0 0.910349 0.4120016 0.9137229 0.9069903 1.0118452 1.0083846 0.9100125
0.8120542 0.4004854 0.113815166 0.40321952 0.3967422 0.39572456 0.8611671 0.87100434 0.3979312 0.4049334 0.07194278 0.49488103 1.0238891 1.0242808 0.40031484 0.40356198 0.8555138 0.863061 0.72885257 0.7227989 0.005520266 0.0044129575 0.910349 0 0.91949344 0.72779626 0.7251619 1.0110749 0.99999183 0.8726031
0.9301319 0.903313 0.9167723 0.90231323 0.9335961 0.9160936 0.89667284 0.8874743 0.91575444 0.90799636 0.9150766 0.94549555 1.0337447 1.0341415 0.91779155 0.91949344 0.8933747 0.8927168 0.92154074 0.91575444 0.91915274 0.91779155 0.4120016 0.91949344 0 0.9174517 0.9188122 1.0357314 1.036926 0.9133848
0.8099901 0.7222747 0.7209661 0.72384816 0.7149754 0.7056938 0.8678169 0.87484723 0.71006244 0.7222747 0.72726864 0.72700495 0.9827411 0.9816297 0.7330929 0.7317652 0.8643263 0.86749893 0.31027418 0.30831063 0.72885257 0.7291169 0.9137229 0.72779626 0.9174517 0 0.32124332 0.9768326 0.9746289 0.8719632
0.81679356 0.7320306 0.7251619 0.7421839 0.7309697 0.7193987 0.8640098 0.86337715 0.7344229 0.7354886 0.72779626 0.7473126 1.0064689 1.0080011 0.74057156 0.74057156 0.8726031 0.8751683 0.2713733 0.26864994 0.72726864 0.7259512 0.9069903 0.7251619 0.9188122 0.32124332 0 1.0176488 1.0099207 0.863061
1.0270288 0.99734104 1.0141612 1.01146 0.98496884 0.9939465 0.9977191 0.9920673 1.014548 1.0103053 1.0083846 1.0286036 0.3052998 0.3068037 1.0180373 1.0103053 1.0041765 1.000751 1.0037951 0.9977191 1.0083846 1.0126165 1.0118452 1.0110749 1.0357314 0.9768326 1.0176488 0 0.2427756 1.0157093
1.0157093 0.9962078 1.0180373 0.99658537 0.9946995 0.9939465 0.99357027 0.9924427 1.0049399 1.0080011 1.0045581 1.0223241 0.3145209 0.31711105 1.0223241 1.0122308 0.99056727 0.98907024 1.0072346 1.0022715 0.99885464 1.0011308 1.0083846 0.99999183 1.036926 0.9746289 1.0099207 0.2427756 0 1.0003713
0.88194406 0.87324363 0.864643 0.88226825 0.88780093 0.88226825 0.22057699 0.2188345 0.87806475 0.8812961 0.8678169 0.895022 0.9977191 1.0011308 0.8835664 0.8783872 0.7113522 0.71006244 0.85864925 0.85520095 0.87420535 0.8726031 0.9100125 0.8726031 0.9133848 0.8719632 0.863061 1.0157093 1.0003713 0
