0 0.9608204 0.98907024 0.9894442 1.0034139 1.0130024 1.0091523 0.95794547 0.9565121 0.6157354 0.6132396 0.6297288 1.0301816 1.0278157 0.99545324 0.9845971 1.0003713 0.99131685 0.9779369 1.000751 1.0060863 0.6922348 0.68621874 0.682483 0.99734104 0.9575869 0.9590223 1.0254573 0.9651536 1.0015109
0.9608204 0 0.944438 0.9500957 0.9673296 0.98496884 0.97573 0.43023533 0.43379322 0.94867724 0.94514287 0.96010065 0.97867405 0.97243166 0.97941184 0.9801504 0.9669665 0.33627945 0.33565342 0.97316337 0.9669665 0.96298385 0.932902 0.95866317 0.97609735 0.4628807 0.47220686 0.97426224 0.43147868 0.9746289
0.98907024 0.944438 0 0.37466702 0.31012297 0.37830138 0.3866274 0.97206604 0.9583042 0.97941184 0.97499573 0.9764649 0.3974214 0.3849548 0.73735726 0.7328271 0.30695426 0.97316337 0.9655158 0.3068037 0.30319938 0.96334505 0.97206604 0.96010065 0.7362889 0.9604604 0.9706055 0.3821199 0.9615409 0.72858834
0.9894442 0.9500957 0.37466702 0 0.37780476 0.28528675 0.28514048 0.9698763 0.9775687 1.0045581 1.0011308 0.9943229 0.29352373 0.28954104 0.7427221 0.74893945 0.37466702 0.9920673 0.9943229 0.3768125 0.3758215 0.9901927 0.97573 0.9831119 0.74030316 0.9554389 0.9808897 0.3667981 0.9808897 0.72044325
1.0034139 0.9673296 0.31012297 0.37780476 0 0.38629258 0.3866274 0.97426224 0.96334505 0.9980974 0.98869646 0.97206604 0.39861146 0.38629258 0.7320306 0.73815954 0.26039714 0.982 0.9775687 0.25926593 0.2575723 0.9658782 0.97499573 0.9669665 0.72489893 0.9458484 0.9611805 0.38763276 0.953297 0.71083605
1.0130024 0.98496884 0.37830138 0.28528675 0.38629258 0 0.24443612 0.98794943 1.0034139 1.0068517 0.9920673 0.9958304 0.29071888 0.28748423 0.74650043 0.7554826 0.3849548 1.0072346 1.0080011 0.38830376 0.3888074 0.99056727 0.9779369 0.9827411 0.750842 0.9853408 0.9920673 0.3728564 0.97499573 0.7421839
1.0091523 0.97573 0.3866274 0.28514048 0.3866274 0.24443612 0 0.9753628 0.9920673 1.0122308 1.005704 0.99999183 0.2858721 0.28163853 0.75493515 0.75822586 0.37929565 0.9931942 0.99961257 0.3812881 0.38261938 0.9894442 0.9969631 0.98348296 0.74057156 0.9691478 0.98496884 0.36924827 0.97024083 0.7400349
0.95794547 0.43023533 0.97206604 0.9698763 0.97426224 0.98794943 0.9753628 0 0.15373218 0.9658782 0.9536536 0.959741 0.98125964 0.9738958 1.0034139 1.002652 0.96479154 0.4400604 0.43397155 0.9808897 0.9764649 0.9304776 0.9497408 0.9287507 0.98683035 0.45992067 0.47108158 0.98907024 0.3654946 0.99545324
0.9565121 0.43379322 0.9583042 0.9775687 0.96334505 1.0034139 0.9920673 0.15373218 0 0.95615417 0.94232726 0.96841997 0.98907024 0.97941184 0.9962078 1.000751 0.9753628 0.44168046 0.4352211 0.98348296 0.9845971 0.94232726 0.9651536 0.9430302 0.99885464 0.4652944 0.4788049 0.990942 0.3690847 0.9920673
0.6157354 0.94867724 0.97941184 1.0045581 0.9980974 1.0068517 1.0122308 0.9658782 0.95615417 0 0.15397772 0.58348435 1.0353336 1.0207624 1.0172604 1.0087683 1.000751 0.9860852 0.9666036 1.0168724 1.0095364 0.69855326 0.70415795 0.6924865 0.9969631 0.9658782 0.9651536 1.0389212 0.95472425 1.0068517
0.6132396 0.94514287 0.97499573 1.0011308 0.98869646 0.9920673 1.005704 0.9536536 0.94232726 0.15397772 0 0.57979244 1.0357314 1.0176488 1.0122308 1.0034139 1.001891 0.9842255 0.96334505 1.0130024 1.005704 0.6962725 0.70160514 0.6937464 1.0022715 0.96226203 0.9651536 1.0341415 0.9335961 1.001891
0.6297288 0.96010065 0.9764649 0.9943229 0.97206604 0.9958304 0.99999183 0.959741 0.96841997 0.58348435 0.57979244 0 1.0262426 1.0207624 1.0137748 1.0091523 0.990942 0.9838541 0.9845971 0.9808897 0.98237044 0.697032 0.721751 0.6950084 0.98496884 0.96010065 0.9572284 1.0053219 0.9511613 1.0211525
1.0301816 0.97867405 0.3974214 0.29352373 0.39861146 0.29071888 0.2858721 0.98125964 0.98907024 1.0353336 1.0357314 1.0262426 0 0.11801686 0.76457363 0.77489936 0.39589408 0.99545324 1.0003713 0.39725155 0.39606363 1.018426 1.0103053 1.005704 0.7676286 0.97941184 1.0045581 0.38245285 0.97499573 0.76623845
1.0278157 0.97243166 0.3849548 0.28954104 0.38629258 0.28748423 0.28163853 0.9738958 0.97941184 1.0207624 1.0176488 1.0207624 0.11801686 0 0.750842 0.7565787 0.38897535 1.0015109 1.0015109 0.38947943 0.38998386 1.0099207 0.98683035 1.0049399 0.76707226 0.9827411 1.0015109 0.3768125 0.97352946 0.7481256
0.99545324 0.97941184 0.73735726 0.7427221 0.7320306 0.74650043 0.75493515 1.0034139 0.9962078 1.0172604 1.0122308 1.0137748 0.76457363 0.750842 0 0.12436386 0.7389627 1.019204 1.01146 0.7478545 0.74057156 1.0030329 0.99658537 0.99885464 0.47108158 0.98496884 1.0172604 0.75302225 0.99999183 0.34462425
0.9845971 0.9801504 0.7328271 0.74893945 0.73815954 0.7554826 0.75822586 1.002652 1.000751 1.0087683 1.0034139 1.0091523 0.77489936 0.7565787 0.12436386 0 0.7448788 1.0137748 1.0091523 0.75384146 0.7456892 0.99999183 1.0015109 0.9980974 0.4731459 0.9706055 1.0076177 0.7565787 1.0034139 0.34462425
1.0003713 0.9669665 0.30695426 0.37466702 0.26039714 0.3849548 0.37929565 0.96479154 0.9753628 1.000751 1.001891 0.990942 0.39589408 0.38897535 0.7389627 0.7448788 0 0.9901927 0.9860852 0.07591571 0.07635845 0.96298385 0.99169195 0.9615409 0.74514884 0.9395222 0.9775687 0.3888074 0.95794547 0.72384816
0.99131685 0.33627945 0.97316337 0.9920673 0.982 1.0072346 0.9931942 0.4400604 0.44168046 0.9860852 0.9842255 0.9838541 0.99545324 1.0015109 1.019204 1.0137748 0.9901927 0 0.07194278 0.98832285 0.9969631 0.96769285 0.9651536 0.96406794 1.0361294 0.47258234 0.47918367 1.0087683 0.4458366 0.99169195
0.9779369 0.33565342 0.9655158 0.9943229 0.9775687 1.0080011 0.99961257 0.43397155 0.4352211 0.9666036 0.96334505 0.9845971 1.0003713 1.0015109 1.01146 1.0091523 0.9860852 0.07194278 0 0.98496884 0.99357027 0.9572284 0.9608204 0.95080596 1.0246727 0.46883607 0.47672495 1.0003713 0.43754724 0.98832285
1.000751 0.97316337 0.3068037 0.3768125 0.25926593 0.38830376 0.3812881 0.9808897 0.98348296 1.0168724 1.0130024 0.9808897 0.39725155 0.38947943 0.7478545 0.75384146 0.07591571 0.98832285 0.98496884 0 0.06974465 0.9768326 0.9924427 0.97170067 0.7459595 0.94514287 0.9808897 0.38645998 0.97024083 0.7275324
1.0060863 0.9669665 0.30319938 0.3758215 0.2575723 0.3888074 0.38261938 0.9764649 0.9845971 1.0095364 1.005704 0.98237044 0.39606363 0.38998386 0.74057156 0.7456892 0.07635845 0.9969631 0.99357027 0.06974465 0 0.97024083 0.9831119 0.96298385 0.74893945 0.9430302 0.9790429 0.38796818 0.9655158 0.7235857
0.6922348 0.96298385 0.96334505 0.9901927 0.9658782 0.99056727 0.9894442 0.9304776 0.94232726 0.69855326 0.6962725 0.697032 1.018426 1.0099207 1.0030329 0.99999183 0.96298385 0.96769285 0.9572284 0.9768326 0.97024083 0 0.5643545 0.07128266 1.0022715 0.94232726 0.93987226 1.0041765 0.9370764 0.99734104
0.68621874 0.932902 0.97206604 0.97573 0.97499573 0.9779369 0.9969631 0.9497408 0.9651536 0.70415795 0.70160514 0.721751 1.0103053 0.98683035 0.99658537 1.0015109 0.99169195 0.9651536 0.9608204 0.9924427 0.9831119 0.5643545 0 0.55402696 1.0219333 0.9476152 0.9680563 1.019204 0.96334505 1.001891
0.682483 0.95866317 0.96010065 0.9831119 0.9669665 0.9827411 0.98348296 0.9287507 0.9430302 0.6924865 0.6937464 0.6950084 1.005704 1.0049399 0.99885464 0.9980974 0.9615409 0.96406794 0.95080596 0.97170067 0.96298385 0.07128266 0.55402696 0 1.000751 0.9360306 0.9370764 0.99734104 0.93082345 0.99357027
0.99734104 0.97609735 0.7362889 0.74030316 0.72489893 0.750842 0.74057156 0.98683035 0.99885464 0.9969631 1.0022715 0.98496884 0.7676286 0.76707226 0.47108158 0.4731459 0.74514884 1.0361294 1.0246727 0.7459595 0.74893945 1.0022715 1.0219333 1.000751 0 0.9790429 1.0231062 0.7557565 0.98683035 0.4769138
0.9575869 0.4628807 0.9604604 0.9554389 0.9458484 0.9853408 0.9691478 0.45992067 0.4652944 0.9658782 0.96226203 0.96010065 0.97941184 0.9827411 0.98496884 0.9706055 0.9395222 0.47258234 0.46883607 0.94514287 0.9430302 0.94232726 0.9476152 0.9360306 0.9790429 0 0.4200119 0.9831119 0.4656664 0.9565121
0.9590223 0.47220686 0.9706055 0.9808897 0.9611805 0.9920673 0.98496884 0.47108158 0.4788049 0.9651536 0.9651536 0.9572284 1.0045581 1.0015109 1.0172604 1.0076177 0.9775687 0.47918367 0.47672495 0.9808897 0.9790429 0.93987226 0.9680563 0.9370764 1.0231062 0.4200119 0 1.01146 0.46939683 0.9838541
1.0254573 0.97426224 0.3821199 0.3667981 0.38763276 0.3728564 0.36924827 0.98907024 0.990942 1.0389212 1.0341415 1.0053219 0.38245285 0.3768125 0.75302225 0.7565787 0.3888074 1.0087683 1.0003713 0.38645998 0.38796818 1.0041765 1.019204 0.99734104 0.7557565 0.9831119 1.01146 0 0.982 0.7386949
0.9651536 0.43147868 0.9615409 0.9808897 0.953297 0.97499573 0.97024083 0.3654946 0.3690847 0.95472425 0.9335961 0.9511613 0.97499573 0.97352946 0.99999183 1.0034139 0.95794547 0.4458366 0.43754724 0.97024083 0.9655158 0.9370764 0.96334505 0.93082345 0.98683035 0.4656664 0.46939683 0.982 0 0.97978103
1.0015109 0.9746289 0.72858834 0.72044325 0.71083605 0.7421839 0.7400349 0.99545324 0.9920673 1.0068517 1.001891 1.0211525 0.76623845 0.7481256 0.34462425 0.34462425 0.72384816 0.99169195 0.98832285 0.7275324 0.7235857 0.99734104 1.001891 0.99357027 0.4769138 0.9565121 0.9838541 0.7386949 0.97978103 0
