0 0.903087627 0.887255927 0.892496127 0.900757927 0.900757927 0.988057457 0.876562257 0.987311227 0.988057457 1.011182927 0.513595527 0.900425697 0.912817127 1.004666127 1.000479327 0.493829247 0.495569607 0.888562527 0.987684277 0.991050027 0.889871427 0.520168427 0.889543977 0.929549027 0.913830927 1.009260327 0.903087627 0.889871427 0.921990527
0.903087627 0 0.377912787 0.379072127 0.167715737 0.162606467 1.008109127 0.374939887 0.995561267 1.020870427 1.020870427 0.873672087 0.679121127 0.692846327 1.012338827 1.011182927 0.867606957 0.864434327 0.377912787 1.013882827 1.015430027 0.381895087 0.882700587 0.382560877 0.679368457 0.688827627 1.004284527 0.320891077 0.371158207 0.667101227
0.887255927 0.377912787 0 0.150899997 0.379735377 0.374280807 0.988804487 0.249547877 0.990675297 1.010798027 1.015042927 0.875919067 0.678626727 0.692091187 0.975103757 0.987684277 0.891182627 0.888562527 0.249687337 0.992175327 0.993302227 0.254866057 0.894141227 0.255287527 0.677392127 0.676159627 0.973637487 0.377912787 0.258526647 0.671004977
0.892496127 0.379072127 0.150899997 0 0.381895087 0.374775047 0.993302227 0.253322687 0.995561267 1.000859027 1.006194327 0.880756757 0.674191727 0.685578127 0.973637487 0.982108027 0.883349627 0.879786697 0.255428067 0.991799977 0.993302227 0.259373957 0.895459827 0.259656597 0.671739187 0.670515857 0.980258427 0.373293327 0.257962307 0.667344627
0.900757927 0.167715737 0.379735377 0.381895087 0 0.143720577 1.031080027 0.381895087 1.011568027 1.021260527 1.020480527 0.884324327 0.690332077 0.706827427 1.014269227 1.014269227 0.870154727 0.861275127 0.379403677 1.013496527 1.013882827 0.386065957 0.883674427 0.387070407 0.691085477 0.693854427 1.011568027 0.323041377 0.372635727 0.685578127
0.900757927 0.162606467 0.374280807 0.374775047 0.143720577 0 1.004284527 0.374280807 1.000099857 1.006576927 1.006959727 0.879463627 0.679863357 0.696127527 1.000479327 1.001238827 0.868561327 0.865384727 0.371158207 1.002760027 1.002760027 0.377251117 0.896780867 0.378078307 0.692594527 0.681102027 0.997449067 0.314172767 0.366906127 0.679863357
0.988057457 1.008109127 0.988804487 0.993302227 1.031080027 1.004284527 0 0.997071127 0.144811307 0.401617547 0.403841277 0.967800877 1.031475427 1.037831427 0.403670007 0.407275377 0.978782077 0.981737727 1.011568027 0.142510517 0.141906207 1.011953227 0.979150927 1.013110427 1.006959727 1.015430027 0.318746887 1.012724527 0.978044927 1.047467627
0.876562257 0.374939887 0.249547877 0.253322687 0.381895087 0.374280807 0.997071127 0 0.987311227 0.995184327 1.005812027 0.863485177 0.677392127 0.688326727 0.977676727 0.989926427 0.870473827 0.866336327 0.106050321 0.994054527 0.994807527 0.111251047 0.878495227 0.111831147 0.675421087 0.676405987 0.980627977 0.381895087 0.257257527 0.669782827
0.987311227 0.995561267 0.990675297 0.995561267 1.011568027 1.000099857 0.144811307 0.987311227 0 0.406587297 0.404355397 0.976940627 1.029500227 1.039428827 0.406071657 0.406931247 0.975103757 0.983590987 1.000479327 0.104094947 0.103865237 0.998583997 0.983219927 0.999341567 1.011953227 1.014269227 0.321044467 1.011568027 0.977676727 1.043035627
0.988057457 1.020870427 1.010798027 1.000859027 1.021260527 1.006576927 0.401617547 0.995184327 0.406587297 0 0.0823575769999999 0.965261627 1.020480527 1.023214227 0.334979627 0.335917927 0.969255827 0.971078427 1.009644427 0.404698327 0.408308647 1.011568027 0.972174067 1.011182927 1.000099857 0.988057457 0.410379527 1.033852727 0.993678297 1.023997127
1.011182927 1.020870427 1.015042927 1.006194327 1.020480527 1.006959727 0.403841277 1.005812027 0.404355397 0.0823575769999999 0 0.982108027 1.028317627 1.031080027 0.335135927 0.336074407 0.985076867 0.984333527 1.025173027 0.404184007 0.406415367 1.025565327 0.984705127 1.025565327 1.016204727 1.003903127 0.410379527 1.024388827 0.992175327 1.026743527
0.513595527 0.873672087 0.875919067 0.880756757 0.884324327 0.879463627 0.967800877 0.863485177 0.976940627 0.965261627 0.982108027 0 0.894470627 0.898766777 0.985076867 0.979150927 0.511021997 0.514587787 0.877206027 0.971808697 0.973271397 0.881728027 0.374775047 0.882376277 0.892824827 0.899098227 0.978413427 0.889216687 0.855934767 0.898435427
0.900425697 0.679121127 0.678626727 0.674191727 0.690332077 0.679863357 1.031475427 0.677392127 1.029500227 1.020480527 1.028317627 0.894470627 0 0.0737036329999999 1.016592527 1.018145327 0.896450427 0.894141227 0.675421087 1.013882827 1.014656027 0.676159627 0.898766777 0.678132677 0.330927247 0.321044467 1.015817327 0.691336777 0.677638927 0.180325307
0.912817127 0.692846327 0.692091187 0.685578127 0.706827427 0.696127527 1.037831427 0.688326727 1.039428827 1.023214227 1.031080027 0.898766777 0.0737036329999999 0 1.022041327 1.027530227 0.907433527 0.908440027 0.687326097 1.022041327 1.021650927 0.688577127 0.919260767 0.690332077 0.337641147 0.326278467 1.023605527 0.702988467 0.685328727 0.188508127
1.004666127 1.012338827 0.975103757 0.973637487 1.014269227 1.000479327 0.403670007 0.977676727 0.406071657 0.334979627 0.335135927 0.985076867 1.016592527 1.022041327 0 0.0698526769999999 1.007342627 1.006194327 0.993302227 0.406931247 0.407103297 0.992550727 0.990300727 0.992926387 1.002760027 0.994430927 0.412109627 1.011182927 0.969255827 1.025173027
1.000479327 1.011182927 0.987684277 0.982108027 1.014269227 1.001238827 0.407275377 0.989926427 0.406931247 0.335917927 0.336074407 0.979150927 1.018145327 1.027530227 0.0698526769999999 0 0.994430927 0.993678297 1.001618927 0.409343387 0.409861287 0.997071127 0.989552227 0.997449067 1.011953227 0.994430927 0.411763307 1.015817327 0.976205377 1.031080027
0.493829247 0.867606957 0.891182627 0.883349627 0.870154727 0.868561327 0.978782077 0.870473827 0.975103757 0.969255827 0.985076867 0.511021997 0.896450427 0.907433527 1.007342627 0.994430927 0 0.0526030569999999 0.877206027 0.989178267 0.993678297 0.886277457 0.520168427 0.887908957 0.920624427 0.889871427 1.011953227 0.874634227 0.863801427 0.893153687
0.495569607 0.864434327 0.888562527 0.879786697 0.861275127 0.865384727 0.981737727 0.866336327 0.983590987 0.971078427 0.984333527 0.514587787 0.894141227 0.908440027 1.006194327 0.993678297 0.0526030569999999 0 0.874634227 0.989178267 0.993678297 0.883674427 0.523577057 0.885300227 0.916880327 0.884974827 1.009260327 0.862221527 0.859700467 0.893482727
0.888562527 0.377912787 0.249687337 0.255428067 0.379403677 0.371158207 1.011568027 0.106050321 1.000479327 1.009644427 1.025173027 0.877206027 0.675421087 0.687326097 0.993302227 1.001618927 0.877206027 0.874634227 0 1.010413327 1.010413327 0.0318712339999999 0.888562527 0.0327063069999999 0.675421087 0.678379627 0.989552227 0.383227257 0.261071427 0.668075287
0.987684277 1.013882827 0.992175327 0.991799977 1.013496527 1.002760027 0.142510517 0.994054527 0.104094947 0.404698327 0.404184007 0.971808697 1.013882827 1.022041327 0.406931247 0.409343387 0.989178267 0.989178267 1.010413327 0 0.0113924959999999 1.006576927 0.983590987 1.007342627 0.994054527 1.005812027 0.318135407 1.014269227 0.979150927 1.033852727
0.991050027 1.015430027 0.993302227 0.993302227 1.013882827 1.002760027 0.141906207 0.994807527 0.103865237 0.408308647 0.406415367 0.973271397 1.014656027 1.021650927 0.407103297 0.409861287 0.993678297 0.993678297 1.010413327 0.0113924959999999 0 1.006576927 0.985820927 1.007342627 0.995561267 1.008109127 0.319205847 1.014656027 0.977676727 1.035839427
0.889871427 0.381895087 0.254866057 0.259373957 0.386065957 0.377251117 1.011953227 0.111251047 0.998583997 1.011568027 1.025565327 0.881728027 0.676159627 0.688577127 0.992550727 0.997071127 0.886277457 0.883674427 0.0318712339999999 1.006576927 1.006576927 0 0.894800267 0.0023112599999999 0.677638927 0.682094357 0.996315827 0.392956757 0.263056687 0.668562727
0.520168427 0.882700587 0.894141227 0.895459827 0.883674427 0.896780867 0.979150927 0.878495227 0.983219927 0.972174067 0.984705127 0.374775047 0.898766777 0.919260767 0.990300727 0.989552227 0.520168427 0.523577057 0.888562527 0.983590987 0.985820927 0.894800267 0 0.897111527 0.905424627 0.909111757 1.007725727 0.902754387 0.868561327 0.902754387
0.889543977 0.382560877 0.255287527 0.259656597 0.387070407 0.378078307 1.013110427 0.111831147 0.999341567 1.011182927 1.025565327 0.882376277 0.678132677 0.690332077 0.992926387 0.997449067 0.887908957 0.885300227 0.0327063069999999 1.007342627 1.007342627 0.0023112599999999 0.897111527 0 0.679368457 0.683336727 0.995938427 0.393632427 0.263766967 0.669782827
0.929549027 0.679368457 0.677392127 0.671739187 0.691085477 0.692594527 1.006959727 0.675421087 1.011953227 1.000099857 1.016204727 0.892824827 0.330927247 0.337641147 1.002760027 1.011953227 0.920624427 0.916880327 0.675421087 0.994054527 0.995561267 0.677638927 0.905424627 0.679368457 0 0.331082697 1.007342627 0.679615827 0.672964477 0.327670057
0.913830927 0.688827627 0.676159627 0.670515857 0.693854427 0.681102027 1.015430027 0.676405987 1.014269227 0.988057457 1.003903127 0.899098227 0.321044467 0.326278467 0.994430927 0.994430927 0.889871427 0.884974827 0.678379627 1.005812027 1.008109127 0.682094357 0.909111757 0.683336727 0.331082697 0 0.996315827 0.683834227 0.674929127 0.318746887
1.009260327 1.004284527 0.973637487 0.980258427 1.011568027 0.997449067 0.318746887 0.980627977 0.321044467 0.410379527 0.410379527 0.978413427 1.015817327 1.023605527 0.412109627 0.411763307 1.011953227 1.009260327 0.989552227 0.318135407 0.319205847 0.996315827 1.007725727 0.995938427 1.007342627 0.996315827 0 0.999341567 0.976205377 1.037432527
0.903087627 0.320891077 0.377912787 0.373293327 0.323041377 0.314172767 1.012724527 0.381895087 1.011568027 1.033852727 1.024388827 0.889216687 0.691336777 0.702988467 1.011182927 1.015817327 0.874634227 0.862221527 0.383227257 1.014269227 1.014656027 0.392956757 0.902754387 0.393632427 0.679615827 0.683834227 0.999341567 0 0.376920527 0.672474127
0.889871427 0.371158207 0.258526647 0.257962307 0.372635727 0.366906127 0.978044927 0.257257527 0.977676727 0.993678297 0.992175327 0.855934767 0.677638927 0.685328727 0.969255827 0.976205377 0.863801427 0.859700467 0.261071427 0.979150927 0.977676727 0.263056687 0.868561327 0.263766967 0.672964477 0.674929127 0.976205377 0.376920527 0 0.669294557
0.921990527 0.667101227 0.671004977 0.667344627 0.685578127 0.679863357 1.047467627 0.669782827 1.043035627 1.023997127 1.026743527 0.898435427 0.180325307 0.188508127 1.025173027 1.031080027 0.893153687 0.893482727 0.668075287 1.033852727 1.035839427 0.668562727 0.902754387 0.669782827 0.327670057 0.318746887 1.037432527 0.672474127 0.669294557 0
