0 0.7312348 0.7264779 0.9860852 1.0126165 0.7320306 0.72885257 0.73495555 0.9572284 0.9658782 0.7291169 0.66602045 0.7275324 0.97426224 0.97941184 0.7317652 0.72832423 0.73735726 0.732296 0.721751 0.723061 1.0080011 1.018426 1.0076177 1.0188149 0.944438 0.7062064 0.93777436 0.936379 0.7165336
0.7312348 0 0.23946556 0.9713354 0.9939465 0.51786304 0.50953186 0.51210064 0.9673296 0.9604604 0.5024637 0.71161044 0.5065787 0.9727974 0.9644296 0.50598943 0.51646805 0.5103213 0.50481236 0.5194605 0.5198604 0.98237044 0.99999183 0.98125964 0.9827411 0.9698763 0.50579315 0.932902 0.95508146 0.24957931
0.7264779 0.23946556 0 0.96010065 0.98051995 0.51091397 0.51012385 0.51170486 0.95508146 0.94514287 0.4995382 0.70109564 0.5044204 0.9476152 0.9433819 0.5030502 0.5055969 0.5113093 0.50168246 0.502073 0.50540066 0.97941184 1.0164845 0.9779369 0.9838541 0.94903165 0.4999276 0.91406107 0.93151563 0.24707282
0.9860852 0.9713354 0.96010065 0 1.0030329 0.96841997 0.96226203 0.97352946 0.7291169 0.73495555 0.9845971 0.97243166 0.99357027 0.22731678 0.23016566 0.9901927 0.99545324 0.9801504 0.98051995 0.98645765 0.9872032 0.9946995 1.0199828 0.99357027 1.0141612 0.33362237 0.9775687 0.7609791 0.742453 0.9590223
1.0126165 0.9939465 0.98051995 1.0030329 0 0.9969631 0.9943229 1.002652 0.9962078 1.0137748 1.0122308 0.98832285 1.0242808 1.002652 1.0095364 1.01146 1.0015109 0.99999183 0.98645765 0.9831119 0.9872032 0.21522841 0.50598943 0.21469565 0.4461991 1.0149349 0.99131685 0.9845971 0.98869646 0.9977191
0.7320306 0.51786304 0.51091397 0.96841997 0.9969631 0 0.2093887 0.2557418 0.96190137 0.9536536 0.35402426 0.71783453 0.3481156 0.9626228 0.9590223 0.36338124 0.36630902 0.2527943 0.24999788 0.3484338 0.3508246 0.9838541 1.0072346 0.98348296 1.001891 0.9342909 0.29604226 0.93116945 0.93116945 0.497012
0.72885257 0.50953186 0.51012385 0.96226203 0.9943229 0.2093887 0 0.2504167 0.94620144 0.94549555 0.34605056 0.70595 0.34589195 0.9554389 0.9572284 0.35611138 0.35933372 0.250696 0.24679483 0.34446594 0.34573337 0.9768326 0.99357027 0.9764649 0.9962078 0.93255514 0.29589388 0.9253087 0.9249654 0.5038329
0.73495555 0.51210064 0.51170486 0.97352946 1.002652 0.2557418 0.2504167 0 0.9500957 0.9543672 0.34795654 0.7031358 0.35194293 0.9669665 0.9615409 0.35723764 0.36208364 0.19381903 0.19045985 0.34494096 0.3462092 0.9920673 1.0160967 0.99169195 1.0110749 0.9395222 0.2879245 0.94232726 0.9433819 0.5018777
0.9572284 0.9673296 0.95508146 0.7291169 0.9962078 0.96190137 0.94620144 0.9500957 0 0.14446075 0.959741 0.9374253 0.96190137 0.72463614 0.72332335 0.98125964 0.9768326 0.959741 0.9522284 0.959741 0.96190137 0.98645765 1.0034139 0.98794943 0.99056727 0.7293813 0.9557965 0.75520885 0.7535683 0.9568702
0.9658782 0.9604604 0.94514287 0.73495555 1.0137748 0.9536536 0.94549555 0.9543672 0.14446075 0 0.96406794 0.95258445 0.9608204 0.72489893 0.7293813 0.9860852 0.9779369 0.94867724 0.93847305 0.95794547 0.9575869 0.9857129 1.014548 0.98645765 0.99961257 0.7320306 0.95472425 0.7607034 0.750842 0.9575869
0.7291169 0.5024637 0.4995382 0.9845971 1.0122308 0.35402426 0.34605056 0.34795654 0.959741 0.96406794 0 0.7098048 0.13914502 0.9746289 0.96010065 0.3206297 0.32478142 0.34827465 0.34304264 0.32632494 0.3267886 0.99734104 1.0099207 0.9958304 1.0110749 0.959741 0.3373763 0.9753628 0.96334505 0.49294904
0.66602045 0.71161044 0.70109564 0.97243166 0.98832285 0.71783453 0.70595 0.7031358 0.9374253 0.95258445 0.7098048 0 0.70774645 0.9575869 0.9583042 0.723061 0.7227989 0.70903224 0.71161044 0.70903224 0.714716 0.9768326 0.99734104 0.9775687 0.9977191 0.9465546 0.70364666 0.9160936 0.9339434 0.70543754
0.7275324 0.5065787 0.5044204 0.99357027 1.0242808 0.3481156 0.34589195 0.35194293 0.96190137 0.9608204 0.13914502 0.70774645 0 0.9753628 0.9691478 0.32401082 0.33035305 0.35226277 0.34557483 0.32771683 0.3280265 1.01146 1.0188149 1.01069 1.0110749 0.97024083 0.3358099 0.97170067 0.9669665 0.5010971
0.97426224 0.9727974 0.9476152 0.22731678 1.002652 0.9626228 0.9554389 0.9669665 0.72463614 0.72489893 0.9746289 0.9575869 0.9753628 0 0.12083112 0.9842255 0.98051995 0.9590223 0.9557965 0.98237044 0.98496884 0.9920673 1.0087683 0.990942 0.99169195 0.3281814 0.95472425 0.7607034 0.7478545 0.9557965
0.97941184 0.9644296 0.9433819 0.23016566 1.0095364 0.9590223 0.9572284 0.9615409 0.72332335 0.7293813 0.96010065 0.9583042 0.9691478 0.12083112 0 0.97206604 0.97978103 0.96841997 0.9575869 0.97170067 0.9738958 1.0030329 1.0215429 1.0022715 1.0041765 0.33346638 0.9518725 0.7659607 0.7446089 0.9583042
0.7317652 0.50598943 0.5030502 0.9901927 1.01146 0.36338124 0.35611138 0.35723764 0.98125964 0.9860852 0.3206297 0.723061 0.32401082 0.9842255 0.97206604 0 0.101922065 0.35226277 0.34684414 0.32771683 0.32957673 0.9980974 0.99056727 0.9969631 1.0137748 0.9687838 0.3481156 0.97170067 0.9608204 0.49973288
0.72832423 0.51646805 0.5055969 0.99545324 1.0015109 0.36630902 0.35933372 0.36208364 0.9768326 0.9779369 0.32478142 0.7227989 0.33035305 0.98051995 0.97978103 0.101922065 0 0.35997987 0.356433 0.3326868 0.3344029 0.9901927 0.9827411 0.98869646 1.0103053 0.96841997 0.35274276 0.9669665 0.9593815 0.50540066
0.73735726 0.5103213 0.5113093 0.9801504 0.99999183 0.2527943 0.250696 0.19381903 0.959741 0.94867724 0.34827465 0.70903224 0.35226277 0.9590223 0.96841997 0.35226277 0.35997987 0 0.0444941 0.34304264 0.34684414 0.9845971 1.0060863 0.98348296 1.0011308 0.9568702 0.2918986 0.9405729 0.936379 0.5010971
0.732296 0.50481236 0.50168246 0.98051995 0.98645765 0.24999788 0.24679483 0.19045985 0.9522284 0.93847305 0.34304264 0.71161044 0.34557483 0.9557965 0.9575869 0.34684414 0.356433 0.0444941 0 0.3392603 0.34383303 0.9746289 0.9943229 0.9746289 0.99056727 0.94620144 0.2888058 0.9339434 0.93082345 0.49256322
0.721751 0.5194605 0.502073 0.98645765 0.9831119 0.3484338 0.34446594 0.34494096 0.959741 0.95794547 0.32632494 0.70903224 0.32771683 0.98237044 0.97170067 0.32771683 0.3326868 0.34304264 0.3392603 0 0.01607096 0.9644296 0.99658537 0.96334505 0.9950763 0.96190137 0.33863178 0.95615417 0.95794547 0.49934357
0.723061 0.5198604 0.50540066 0.9872032 0.9872032 0.3508246 0.34573337 0.3462092 0.96190137 0.9575869 0.3267886 0.714716 0.3280265 0.98496884 0.9738958 0.32957673 0.3344029 0.34684414 0.34383303 0.01607096 0 0.9706055 0.99734104 0.9695119 0.99961257 0.9626228 0.34099153 0.959741 0.9615409 0.5003172
1.0080011 0.98237044 0.97941184 0.9946995 0.21522841 0.9838541 0.9768326 0.9920673 0.98645765 0.9857129 0.99734104 0.9768326 1.01146 0.9920673 1.0030329 0.9980974 0.9901927 0.9845971 0.9746289 0.9644296 0.9706055 0 0.4881407 0.002303534 0.44168046 0.9901927 0.9827411 0.97316337 0.9727974 0.99056727
1.018426 0.99999183 1.0164845 1.0199828 0.50598943 1.0072346 0.99357027 1.0160967 1.0034139 1.014548 1.0099207 0.99734104 1.0188149 1.0087683 1.0215429 0.99056727 0.9827411 1.0060863 0.9943229 0.99658537 0.99734104 0.4881407 0 0.48737422 0.5022683 1.0266355 0.9977191 0.99734104 1.0068517 1.0045581
1.0076177 0.98125964 0.9779369 0.99357027 0.21469565 0.98348296 0.9764649 0.99169195 0.98794943 0.98645765 0.9958304 0.9775687 1.01069 0.990942 1.0022715 0.9969631 0.98869646 0.98348296 0.9746289 0.96334505 0.9695119 0.002303534 0.48737422 0 0.44042012 0.98832285 0.982 0.9738958 0.97206604 0.99056727
1.0188149 0.9827411 0.9838541 1.0141612 0.4461991 1.001891 0.9962078 1.0110749 0.99056727 0.99961257 1.0110749 0.9977191 1.0110749 0.99169195 1.0041765 1.0137748 1.0103053 1.0011308 0.99056727 0.9950763 0.99961257 0.44168046 0.5022683 0.44042012 0 0.99923354 0.97978103 0.9969631 0.99923354 0.98832285
0.944438 0.9698763 0.94903165 0.33362237 1.0149349 0.9342909 0.93255514 0.9395222 0.7293813 0.7320306 0.959741 0.9465546 0.97024083 0.3281814 0.33346638 0.9687838 0.96841997 0.9568702 0.94620144 0.96190137 0.9626228 0.9901927 1.0266355 0.98832285 0.99923354 0 0.9604604 0.7494826 0.7478545 0.96334505
0.7062064 0.50579315 0.4999276 0.9775687 0.99131685 0.29604226 0.29589388 0.2879245 0.9557965 0.95472425 0.3373763 0.70364666 0.3358099 0.95472425 0.9518725 0.3481156 0.35274276 0.2918986 0.2888058 0.33863178 0.34099153 0.9827411 0.9977191 0.982 0.97978103 0.9604604 0 0.9405729 0.9346385 0.49372122
0.93777436 0.932902 0.91406107 0.7609791 0.9845971 0.93116945 0.9253087 0.94232726 0.75520885 0.7607034 0.9753628 0.9160936 0.97170067 0.7607034 0.7659607 0.97170067 0.9669665 0.9405729 0.9339434 0.95615417 0.959741 0.97316337 0.99734104 0.9738958 0.9969631 0.7494826 0.9405729 0 0.27858767 0.91439945
0.936379 0.95508146 0.93151563 0.742453 0.98869646 0.93116945 0.9249654 0.9433819 0.7535683 0.750842 0.96334505 0.9339434 0.9669665 0.7478545 0.7446089 0.9608204 0.9593815 0.936379 0.93082345 0.95794547 0.9615409 0.9727974 1.0068517 0.97206604 0.99923354 0.7478545 0.9346385 0.27858767 0 0.9304776
0.7165336 0.24957931 0.24707282 0.9590223 0.9977191 0.497012 0.5038329 0.5018777 0.9568702 0.9575869 0.49294904 0.70543754 0.5010971 0.9557965 0.9583042 0.49973288 0.50540066 0.5010971 0.49256322 0.49934357 0.5003172 0.99056727 1.0045581 0.99056727 0.98832285 0.96334505 0.49372122 0.91439945 0.9304776 0
