0 1.0168724 0.8468036 1.0053219 1.0126165 0.671876 0.5362379 0.54860425 0.8461853 0.83727676 0.863061 1.000751 0.86274505 1.0234975 1.0234975 0.84033674 0.84433347 0.5317542 0.52810556 0.7763057 0.77405685 0.67089695 1.0049399 0.6696748 0.97573 0.53094184 0.6631097 0.52729714 0.79917336 0.7765873
1.0168724 0 1.0053219 0.5935663 0.5839199 0.99734104 0.9687838 0.98051995 1.0091523 0.99658537 1.014548 0.6421026 0.9977191 0.19641328 0.19771379 1.015322 1.0164845 0.9898184 0.98348296 1.0282096 1.0293922 1.0045581 0.65540254 1.0068517 0.47899425 1.0060863 0.9662408 0.99658537 1.0373245 1.0317632
0.8468036 1.0053219 0 1.0122308 0.9969631 0.8388052 0.8156059 0.8224607 0.1877576 0.18238215 0.38931137 0.98869646 0.39691195 1.0130024 1.0099207 0.23288897 0.23329833 0.83089113 0.8251602 0.877098 0.8729233 0.8275679 0.99885464 0.8366663 0.9894442 0.84217876 0.81353205 0.82877463 0.8832416 0.88162
1.0053219 0.5935663 1.0122308 0 0.14179818 1.0157093 0.9860852 1.0041765 1.0103053 0.9958304 1.005704 0.66286767 0.99847597 0.6017752 0.5984365 1.0118452 1.0130024 1.0091523 1.0060863 1.0110749 1.0126165 1.0211525 0.6626257 1.019204 0.5971051 1.0262426 0.9901927 0.98794943 1.0501935 1.0203725
1.0126165 0.5839199 0.9969631 0.14179818 0 1.002652 0.9853408 1.0137748 0.9939465 0.9831119 0.99999183 0.6582834 0.9943229 0.5935663 0.59422857 1.0045581 1.014548 0.9950763 0.9958304 1.0091523 1.0126165 1.0034139 0.65972805 1.0022715 0.58697575 1.0168724 0.98757625 0.99545324 1.0413225 1.0207624
0.671876 0.99734104 0.8388052 1.0157093 1.002652 0 0.66456366 0.67555916 0.853951 0.83149695 0.84187144 1.0053219 0.84495026 1.0087683 0.99961257 0.8339251 0.8375822 0.6669932 0.6604514 0.78708094 0.7890828 0.13040799 1.0030329 0.13171802 0.9977191 0.68000287 0.32570714 0.67040783 0.8000446 0.78708094
0.5362379 0.9687838 0.8156059 0.9860852 0.9853408 0.66456366 0 0.12118365 0.8242593 0.8150128 0.83972377 0.96298385 0.8446418 0.98832285 0.9790429 0.828171 0.83605623 0.46585247 0.4606596 0.7623596 0.76457363 0.66553456 0.9673296 0.66650665 0.9842255 0.39318648 0.64919823 0.45826077 0.7822413 0.7693002
0.54860425 0.98051995 0.8224607 1.0041765 1.0137748 0.67555916 0.12118365 0 0.8275679 0.82305974 0.8483516 0.9872032 0.85114604 0.99999183 0.99056727 0.8266641 0.83697146 0.47051957 0.46696994 0.7681854 0.76846397 0.67531306 0.98496884 0.67531306 0.98496884 0.39980343 0.65660155 0.46864927 0.79223955 0.78337723
0.8461853 1.0091523 0.1877576 1.0103053 0.9939465 0.853951 0.8242593 0.8275679 0 0.11218751 0.38796818 0.990942 0.3962332 1.0118452 1.0083846 0.2312538 0.23507477 0.83089113 0.8269652 0.86148244 0.85770726 0.84033674 1.0080011 0.85363877 0.99999183 0.8480418 0.8263631 0.83149695 0.8787099 0.8694089
0.83727676 0.99658537 0.18238215 0.9958304 0.9831119 0.83149695 0.8150128 0.82305974 0.11218751 0 0.38478774 0.9816297 0.3925111 0.9969631 0.9931942 0.22812964 0.2312538 0.831194 0.82546073 0.8461853 0.8455675 0.82335943 0.9962078 0.83149695 0.9779369 0.83727676 0.81709075 0.82305974 0.8774201 0.85833514
0.863061 1.014548 0.38931137 1.005704 0.99999183 0.84187144 0.83972377 0.8483516 0.38796818 0.38478774 0 0.98757625 0.1126522 1.0110749 1.0141612 0.38445374 0.38947943 0.8474224 0.8406434 0.88259256 0.8738847 0.8266641 1.0015109 0.83636117 0.9901927 0.853951 0.8272665 0.85363877 0.9029796 0.8904187
1.000751 0.6421026 0.98869646 0.66286767 0.6582834 1.0053219 0.96298385 0.9872032 0.990942 0.9816297 0.98757625 0 0.99281836 0.63857985 0.6353068 0.9950763 0.99658537 0.99357027 0.9860852 1.0076177 1.01146 1.0037951 0.53297436 1.0083846 0.65253264 1.0030329 0.98125964 0.98832285 1.0266355 1.0122308
0.86274505 0.9977191 0.39691195 0.99847597 0.9943229 0.84495026 0.8446418 0.85114604 0.3962332 0.3925111 0.1126522 0.99281836 0 1.0064689 1.0091523 0.3856234 0.39082533 0.8621135 0.85582674 0.88291705 0.8754896 0.83727676 0.99885464 0.84711295 0.9898184 0.8668633 0.82485974 0.8621135 0.903313 0.8943626
1.0234975 0.19641328 1.0130024 0.6017752 0.5935663 1.0087683 0.98832285 0.99999183 1.0118452 0.9969631 1.0110749 0.63857985 1.0064689 0 0.08370163 1.015322 1.0149349 0.9931942 0.98683035 1.0349361 1.0325551 1.0180373 0.6602102 1.0211525 0.48660854 1.018426 0.9946995 0.9977191 1.0558939 1.0493827
1.0234975 0.19771379 1.0099207 0.5984365 0.59422857 0.99961257 0.9790429 0.99056727 1.0083846 0.9931942 1.0141612 0.6353068 1.0091523 0.08370163 0 1.0211525 1.0199828 0.9872032 0.982 1.0289978 1.0246727 1.0103053 0.6568416 1.0141612 0.48679987 1.0133885 0.9790429 0.9939465 1.0405211 1.042526
0.84033674 1.015322 0.23288897 1.0118452 1.0045581 0.8339251 0.828171 0.8266641 0.2312538 0.22812964 0.38445374 0.9950763 0.3856234 1.015322 1.0211525 0 0.060148705 0.83422923 0.8327101 0.8649598 0.8640098 0.82546073 0.99131685 0.831194 0.9950763 0.8424862 0.8179831 0.83697146 0.88682157 0.8751683
0.84433347 1.0164845 0.23329833 1.0130024 1.014548 0.8375822 0.83605623 0.83697146 0.23507477 0.2312538 0.38947943 0.99658537 0.39082533 1.0149349 1.0199828 0.060148705 0 0.83180004 0.8269652 0.86591095 0.8649598 0.8272665 1.001891 0.8336212 0.99923354 0.85270303 0.82877463 0.83849925 0.88259256 0.88194406
0.5317542 0.9898184 0.83089113 1.0091523 0.9950763 0.6669932 0.46585247 0.47051957 0.83089113 0.831194 0.8474224 0.99357027 0.8621135 0.9931942 0.9872032 0.83422923 0.83180004 0 0.04174025 0.76651627 0.7667942 0.66553456 0.99923354 0.66504896 0.9687838 0.45955148 0.6489606 0.32108986 0.78337723 0.7765873
0.52810556 0.98348296 0.8251602 1.0060863 0.9958304 0.6604514 0.4606596 0.46696994 0.8269652 0.82546073 0.8406434 0.9860852 0.85582674 0.98683035 0.982 0.8327101 0.8269652 0.04174025 0 0.76374257 0.7609791 0.6604514 0.99734104 0.6599691 0.9687838 0.45678836 0.6444604 0.31863886 0.7751804 0.7765873
0.7763057 1.0282096 0.877098 1.0110749 1.0091523 0.78708094 0.7623596 0.7681854 0.86148244 0.8461853 0.88259256 1.0076177 0.88291705 1.0349361 1.0289978 0.8649598 0.86591095 0.76651627 0.76374257 0 0.031450294 0.77940893 1.0258498 0.7805406 1.002652 0.7676286 0.76540554 0.7557565 0.29856926 0.26266474
0.77405685 1.0293922 0.8729233 1.0126165 1.0126165 0.7890828 0.76457363 0.76846397 0.85770726 0.8455675 0.8738847 1.01146 0.8754896 1.0325551 1.0246727 0.8640098 0.8649598 0.7667942 0.7609791 0.031450294 0 0.78167397 1.0361294 0.7830931 1.001891 0.77153486 0.7693002 0.75302225 0.29961228 0.2643699
0.67089695 1.0045581 0.8275679 1.0211525 1.0034139 0.13040799 0.66553456 0.67531306 0.84033674 0.82335943 0.8266641 1.0037951 0.83727676 1.0180373 1.0103053 0.82546073 0.8272665 0.66553456 0.6604514 0.77940893 0.78167397 0 1.0203725 0.025426164 0.99734104 0.67016345 0.32508987 0.67359257 0.79310274 0.7859394
1.0049399 0.65540254 0.99885464 0.6626257 0.65972805 1.0030329 0.9673296 0.98496884 1.0080011 0.9962078 1.0015109 0.53297436 0.99885464 0.6602102 0.6568416 0.99131685 1.001891 0.99923354 0.99734104 1.0258498 1.0361294 1.0203725 0 1.0238891 0.6602102 1.0118452 0.97426224 0.98051995 1.0401208 1.0274222
0.6696748 1.0068517 0.8366663 1.019204 1.0022715 0.13171802 0.66650665 0.67531306 0.85363877 0.83149695 0.83636117 1.0083846 0.84711295 1.0211525 1.0141612 0.831194 0.8336212 0.66504896 0.6599691 0.7805406 0.7830931 0.025426164 1.0238891 0 0.99923354 0.67040783 0.32617044 0.67285645 0.79512084 0.7825251
0.97573 0.47899425 0.9894442 0.5971051 0.58697575 0.9977191 0.9842255 0.98496884 0.99999183 0.9779369 0.9901927 0.65253264 0.9898184 0.48660854 0.48679987 0.9950763 0.99923354 0.9687838 0.9687838 1.002652 1.001891 0.99734104 0.6602102 0.99923354 0 1.000751 0.98051995 0.97170067 1.0219333 1.0068517
0.53094184 1.0060863 0.84217876 1.0262426 1.0168724 0.68000287 0.39318648 0.39980343 0.8480418 0.83727676 0.853951 1.0030329 0.8668633 1.018426 1.0133885 0.8424862 0.85270303 0.45955148 0.45678836 0.7676286 0.77153486 0.67016345 1.0118452 0.67040783 1.000751 0 0.65348804 0.46510842 0.7928149 0.77940893
0.6631097 0.9662408 0.81353205 0.9901927 0.98757625 0.32570714 0.64919823 0.65660155 0.8263631 0.81709075 0.8272665 0.98125964 0.82485974 0.9946995 0.9790429 0.8179831 0.82877463 0.6489606 0.6444604 0.76540554 0.7693002 0.32508987 0.97426224 0.32617044 0.98051995 0.65348804 0 0.6623838 0.7751804 0.7706961
0.52729714 0.99658537 0.82877463 0.98794943 0.99545324 0.67040783 0.45826077 0.46864927 0.83149695 0.82305974 0.85363877 0.98832285 0.8621135 0.9977191 0.9939465 0.83697146 0.83849925 0.32108986 0.31863886 0.7557565 0.75302225 0.67359257 0.98051995 0.67285645 0.97170067 0.46510842 0.6623838 0 0.7743376 0.7706961
0.79917336 1.0373245 0.8832416 1.0501935 1.0413225 0.8000446 0.7822413 0.79223955 0.8787099 0.8774201 0.9029796 1.0266355 0.903313 1.0558939 1.0405211 0.88682157 0.88259256 0.78337723 0.7751804 0.29856926 0.29961228 0.79310274 1.0401208 0.79512084 1.0219333 0.7928149 0.7751804 0.7743376 0 0.29991055
0.7765873 1.0317632 0.88162 1.0203725 1.0207624 0.78708094 0.7693002 0.78337723 0.8694089 0.85833514 0.8904187 1.0122308 0.8943626 1.0493827 1.042526 0.8751683 0.88194406 0.7765873 0.7765873 0.26266474 0.2643699 0.7859394 1.0274222 0.7825251 1.0068517 0.77940893 0.7706961 0.7706961 0.29991055 0
