0 1.0049399 0.9946995 1.0133885 1.0130024 0.9853408 0.99923354 0.9943229 0.66918653 0.9860852 0.9779369 0.97426224 0.97024083 1.0049399 0.9977191 1.0099207 1.0076177 0.9698763 0.9673296 0.98757625 0.98869646 0.66918653 0.9775687 0.6682109 0.98869646 0.9901927 0.94514287 0.99056727 0.66504896 0.99885464
1.0049399 0 0.71238565 0.77771467 0.77209455 0.5845737 0.5793593 0.5784937 1.0130024 0.5845737 0.58653843 0.5756876 0.58675706 0.7013504 0.697032 0.6950084 0.6965256 0.6276477 0.6258027 0.5837021 0.58304906 1.0317632 0.5902638 1.0297868 0.58960503 0.79339075 0.5784937 0.78110707 0.98348296 0.25785428
0.9946995 0.71238565 0 0.8096957 0.79917336 0.7170537 0.7141975 0.7291169 1.0126165 0.7368229 0.72885257 0.69753873 0.7293813 0.24167064 0.2426374 0.24139464 0.24415912 0.71083605 0.70954716 0.7336246 0.7328271 1.0211525 0.7186162 1.0176488 0.71627367 0.7980132 0.732296 0.8041238 0.99999183 0.7222747
1.0133885 0.77771467 0.8096957 0 0.2312538 0.7977235 0.7928149 0.7746184 1.0087683 0.78508437 0.78082377 0.77546155 0.78110707 0.80120784 0.79512084 0.79917336 0.80324787 0.7825251 0.7845149 0.7799746 0.77856135 1.01146 0.79252714 1.0091523 0.78508437 0.43736804 0.8023729 0.31057674 1.0080011 0.78337723
1.0130024 0.77209455 0.79917336 0.2312538 0 0.7813905 0.7825251 0.78110707 1.0034139 0.7853693 0.78195757 0.7601521 0.776869 0.7928149 0.78650993 0.79917336 0.8023729 0.7763057 0.77546155 0.7885103 0.78508437 1.0045581 0.7813905 1.0030329 0.78708094 0.43147868 0.78650993 0.30170265 1.0003713 0.7746184
0.9853408 0.5845737 0.7170537 0.7977235 0.7813905 0 0.17338179 0.60244477 1.0053219 0.6017752 0.5984365 0.5450797 0.6002153 0.718095 0.7110941 0.71835554 0.72779626 0.6402217 0.6378772 0.60244477 0.6006607 0.9977191 0.5352165 0.9980974 0.50363714 0.7893693 0.5907033 0.7936788 0.9894442 0.5997702
0.99923354 0.5793593 0.7141975 0.7928149 0.7825251 0.17338179 0 0.59312516 1.0022715 0.5975486 0.5874133 0.5446661 0.5911431 0.7141975 0.70595 0.71161044 0.7191378 0.63414127 0.63088745 0.5951125 0.5955548 1.0022715 0.5317542 1.0022715 0.5030502 0.78167397 0.5907033 0.7830931 0.9842255 0.58850837
0.9943229 0.5784937 0.7291169 0.7746184 0.78110707 0.60244477 0.59312516 0 1.0034139 0.10859594 0.30575064 0.58807015 0.30921626 0.71835554 0.71238565 0.71212715 0.71627367 0.63881415 0.6371753 0.10824928 0.10755644 1.0037951 0.5889469 1.0030329 0.5979924 0.80441606 0.4236974 0.78082377 0.9853408 0.60244477
0.66918653 1.0130024 1.0126165 1.0087683 1.0034139 1.0053219 1.0022715 1.0034139 0 0.99131685 0.99281836 0.9958304 0.9860852 1.0133885 1.0095364 1.0011308 1.0030329 0.9950763 0.9943229 1.000751 1.0037951 0.08358984 0.9853408 0.08280771 0.99281836 0.98794943 0.97316337 0.9853408 0.2955972 1.0172604
0.9860852 0.5845737 0.7368229 0.78508437 0.7853693 0.6017752 0.5975486 0.10859594 0.99131685 0 0.30725548 0.59180313 0.3098206 0.7251619 0.71627367 0.7175742 0.7193987 0.6413967 0.6406915 0.07128266 0.070293576 0.98348296 0.5889469 0.9831119 0.5971051 0.80441606 0.42598802 0.7805406 0.96769285 0.6049049
0.9779369 0.58653843 0.72885257 0.78082377 0.78195757 0.5984365 0.5874133 0.30575064 0.99281836 0.30725548 0 0.59865856 0.07150263 0.7220128 0.7157541 0.71783453 0.7207046 0.6413967 0.6390486 0.30665317 0.30545005 0.99658537 0.5929046 0.99734104 0.58807015 0.80324787 0.43201217 0.7853693 0.96226203 0.5966618
0.97426224 0.5756876 0.69753873 0.77546155 0.7601521 0.5450797 0.5446661 0.58807015 0.9958304 0.59180313 0.59865856 0 0.5971051 0.6962725 0.69198316 0.6937464 0.6965256 0.62787867 0.62926584 0.5926842 0.5926842 1.0045581 0.54570043 1.002652 0.54570043 0.7709756 0.57719725 0.7726547 0.9872032 0.58065945
0.97024083 0.58675706 0.7293813 0.78110707 0.776869 0.6002153 0.5911431 0.30921626 0.9860852 0.3098206 0.07150263 0.5971051 0 0.72122765 0.71601385 0.7207046 0.72332335 0.6477737 0.6461152 0.30951837 0.30785823 0.9853408 0.5975486 0.9857129 0.5933457 0.80120784 0.43165645 0.77856135 0.9637064 0.5929046
1.0049399 0.7013504 0.24167064 0.80120784 0.7928149 0.718095 0.7141975 0.71835554 1.0133885 0.7251619 0.7220128 0.6962725 0.72122765 0 0.054212995 0.14908214 0.15079197 0.7110941 0.70954716 0.71992075 0.71887696 1.0207624 0.7033912 1.0203725 0.71445674 0.7977235 0.7165336 0.78736657 0.99357027 0.7186162
0.9977191 0.697032 0.2426374 0.79512084 0.78650993 0.7110941 0.70595 0.71238565 1.0095364 0.71627367 0.7157541 0.69198316 0.71601385 0.054212995 0 0.14969234 0.15140356 0.7051815 0.70543754 0.71186876 0.7105781 1.0223241 0.71032023 1.0211525 0.70928967 0.78879654 0.71186876 0.7799746 0.9901927 0.70415795
1.0099207 0.6950084 0.24139464 0.79917336 0.79917336 0.71835554 0.71161044 0.71212715 1.0011308 0.7175742 0.71783453 0.6937464 0.7207046 0.14908214 0.14969234 0 0.029575553 0.70748955 0.7067194 0.71783453 0.718095 1.0110749 0.7098048 1.0087683 0.7082605 0.7847996 0.7222747 0.7936788 0.98645765 0.71238565
1.0076177 0.6965256 0.24415912 0.80324787 0.8023729 0.72779626 0.7191378 0.71627367 1.0030329 0.7193987 0.7207046 0.6965256 0.72332335 0.15079197 0.15140356 0.029575553 0 0.7149754 0.714716 0.71835554 0.7186162 1.0087683 0.7149754 1.0064689 0.71549445 0.79512084 0.7307048 0.79598737 0.98757625 0.7149754
0.9698763 0.6276477 0.71083605 0.7825251 0.7763057 0.6402217 0.63414127 0.63881415 0.9950763 0.6413967 0.6413967 0.62787867 0.6477737 0.7110941 0.7051815 0.70748955 0.7149754 0 0.017912205 0.64328057 0.64351636 1.0064689 0.63998693 1.0049399 0.6470625 0.79743385 0.6350735 0.7765873 0.9860852 0.62373245
0.9673296 0.6258027 0.70954716 0.7845149 0.77546155 0.6378772 0.63088745 0.6371753 0.9943229 0.6406915 0.6390486 0.62926584 0.6461152 0.70954716 0.70543754 0.7067194 0.714716 0.017912205 0 0.63998693 0.6402217 1.0045581 0.6413967 1.0037951 0.6508636 0.79656565 0.6348403 0.77940893 0.9831119 0.62304366
0.98757625 0.5837021 0.7336246 0.7799746 0.7885103 0.60244477 0.5951125 0.10824928 1.000751 0.07128266 0.30665317 0.5926842 0.30951837 0.71992075 0.71186876 0.71783453 0.71835554 0.64328057 0.63998693 0 0.009459403 0.99885464 0.59224355 0.99847597 0.59932536 0.79714435 0.42528248 0.7867954 0.9842255 0.6060258
0.98869646 0.58304906 0.7328271 0.77856135 0.78508437 0.6006607 0.5955548 0.10755644 1.0037951 0.070293576 0.30545005 0.5926842 0.30785823 0.71887696 0.7105781 0.718095 0.7186162 0.64351636 0.6402217 0.009459403 0 1.000751 0.5926842 1.0003713 0.59932536 0.79627645 0.42634106 0.7853693 0.9853408 0.6058015
0.66918653 1.0317632 1.0211525 1.01146 1.0045581 0.9977191 1.0022715 1.0037951 0.08358984 0.98348296 0.99658537 1.0045581 0.9853408 1.0207624 1.0223241 1.0110749 1.0087683 1.0064689 1.0045581 0.99885464 1.000751 0 1.001891 0.00572177 0.9920673 0.9924427 0.9857129 0.9842255 0.29693317 1.0219333
0.9775687 0.5902638 0.7186162 0.79252714 0.7813905 0.5352165 0.5317542 0.5889469 0.9853408 0.5889469 0.5929046 0.54570043 0.5975486 0.7033912 0.71032023 0.7098048 0.7149754 0.63998693 0.6413967 0.59224355 0.5926842 1.001891 0 1.0022715 0.53419656 0.79598737 0.58828926 0.7913773 0.9768326 0.6019983
0.6682109 1.0297868 1.0176488 1.0091523 1.0030329 0.9980974 1.0022715 1.0030329 0.08280771 0.9831119 0.99734104 1.002652 0.9857129 1.0203725 1.0211525 1.0087683 1.0064689 1.0049399 1.0037951 0.99847597 1.0003713 0.00572177 1.0022715 0 0.990942 0.9958304 0.9845971 0.9831119 0.29604226 1.0215429
0.98869646 0.58960503 0.71627367 0.78508437 0.78708094 0.50363714 0.5030502 0.5979924 0.99281836 0.5971051 0.58807015 0.54570043 0.5933457 0.71445674 0.70928967 0.7082605 0.71549445 0.6470625 0.6508636 0.59932536 0.59932536 0.9920673 0.53419656 0.990942 0 0.79598737 0.58960503 0.80705124 0.9768326 0.60043794
0.9901927 0.79339075 0.7980132 0.43736804 0.43147868 0.7893693 0.78167397 0.80441606 0.98794943 0.80441606 0.80324787 0.7709756 0.80120784 0.7977235 0.78879654 0.7847996 0.79512084 0.79743385 0.79656565 0.79714435 0.79627645 0.9924427 0.79598737 0.9958304 0.79598737 0 0.7859394 0.43468532 0.97978103 0.79888314
0.94514287 0.5784937 0.732296 0.8023729 0.78650993 0.5907033 0.5907033 0.4236974 0.97316337 0.42598802 0.43201217 0.57719725 0.43165645 0.7165336 0.71186876 0.7222747 0.7307048 0.6350735 0.6348403 0.42528248 0.42634106 0.9857129 0.58828926 0.9845971 0.58960503 0.7859394 0 0.7882242 0.9644296 0.58065945
0.99056727 0.78110707 0.8041238 0.31057674 0.30170265 0.7936788 0.7830931 0.78082377 0.9853408 0.7805406 0.7853693 0.7726547 0.77856135 0.78736657 0.7799746 0.7936788 0.79598737 0.7765873 0.77940893 0.7867954 0.7853693 0.9842255 0.7913773 0.9831119 0.80705124 0.43468532 0.7882242 0 0.9860852 0.79223955
0.66504896 0.98348296 0.99999183 1.0080011 1.0003713 0.9894442 0.9842255 0.9853408 0.2955972 0.96769285 0.96226203 0.9872032 0.9637064 0.99357027 0.9901927 0.98645765 0.98757625 0.9860852 0.9831119 0.9842255 0.9853408 0.29693317 0.9768326 0.29604226 0.9768326 0.97978103 0.9644296 0.9860852 0 0.99131685
0.99885464 0.25785428 0.7222747 0.78337723 0.7746184 0.5997702 0.58850837 0.60244477 1.0172604 0.6049049 0.5966618 0.58065945 0.5929046 0.7186162 0.70415795 0.71238565 0.7149754 0.62373245 0.62304366 0.6060258 0.6058015 1.0219333 0.6019983 1.0215429 0.60043794 0.79888314 0.58065945 0.79223955 0.99131685 0
