0 0.8523273428 0.8598336928 0.8677334428 0.8545089128 0.8604625828 0.5517638028 0.5373124828 0.8412068828 0.8486021428 0.5607810928 0.6586726428 0.5645882428 0.6107195928 0.6102687428 0.5523894428 0.5534332728 0.8690051828 0.8651964428 0.8433563428 0.8476737428 0.9929374428 0.8467464828 0.9933128428 0.6021993428 0.8728333428 0.5387451428 0.8439715828 0.6601163428 0.6548363428
0.8523273428 0 0.1968937128 0.1994956328 0.6389814928 0.6361769428 0.8696418728 0.8712359428 0.5584640428 0.5641642428 0.8715551428 0.8588912828 0.8857369428 0.8560710928 0.8585774028 0.8629836428 0.8651964428 0.2917364028 0.2912944028 0.5567833428 0.5586743428 0.9906885428 0.4477947728 0.9899403828 0.8639311428 0.6324536428 0.8664638728 0.5471918928 0.8526386428 0.8464376428
0.8598336928 0.1968937128 0 0.1728671228 0.6280561428 0.6280561428 0.8821662428 0.8705978728 0.5667117028 0.5739766428 0.8779681428 0.8715551428 0.8962219428 0.8648799428 0.8670984428 0.8683690728 0.8686870428 0.2902640728 0.2915890228 0.5605701428 0.5626822428 0.9929374428 0.4443548028 0.9918121428 0.8629836428 0.6378116428 0.8802257428 0.5492665428 0.8639311428 0.8576365428
0.8677334428 0.1994956328 0.1728671228 0 0.6303674428 0.6282869928 0.8837871928 0.8747548428 0.5675627428 0.5703353428 0.8632993428 0.8636151928 0.8837871928 0.8541968828 0.8639311428 0.8645635428 0.8674158828 0.2920312028 0.2927687428 0.5593057428 0.5605701428 0.9925620928 0.4472505428 0.9918121428 0.8548211428 0.6329180428 0.8770026928 0.5442969428 0.8529500128 0.8598336928
0.8545089128 0.6389814928 0.6280561428 0.6303674428 0 0.1358134628 0.8760384428 0.8648799428 0.6211648428 0.6195659428 0.8579500028 0.8582636428 0.8699604028 0.8715551428 0.8718744828 0.8387579028 0.8492217428 0.6354774028 0.6303674428 0.6202507428 0.6213935428 0.9921869928 0.6340802428 0.9906885428 0.8658299428 0.4013555428 0.8651964428 0.6035382428 0.8741137728 0.8744342028
0.8604625828 0.6361769428 0.6280561428 0.6282869928 0.1358134628 0 0.8805488128 0.8702790428 0.6138832428 0.6175151828 0.8651964428 0.8725135428 0.8753963428 0.8667810928 0.8690051828 0.8504624428 0.8582636428 0.6331503728 0.6264425428 0.6181981428 0.6200223928 0.9880733428 0.6296732728 0.9873277928 0.8667810928 0.4039184828 0.8651964428 0.6019764428 0.8721939428 0.8715551428
0.5517638028 0.8696418728 0.8821662428 0.8837871928 0.8760384428 0.8805488128 0 0.1123611668 0.8690051828 0.8705978728 0.5436780428 0.6693248428 0.5507222728 0.6225380428 0.6236843428 0.3239573428 0.3213464928 0.8867136428 0.8876917128 0.8667810928 0.8645635428 1.0204633428 0.8945740428 1.0212426428 0.6191097428 0.8988663428 0.3584298828 0.8648799428 0.6627703428 0.6538803428
0.5373124828 0.8712359428 0.8705978728 0.8747548428 0.8648799428 0.8702790428 0.1123611668 0 0.8520161828 0.8595193928 0.5358825428 0.6591535428 0.5426476928 0.6150163428 0.6188817428 0.3225739928 0.3185919428 0.8792573428 0.8792573428 0.8563839428 0.8538849428 0.9910628428 0.8850864428 0.9914374128 0.6122997728 0.8773243728 0.3501000128 0.8510835428 0.6596348028 0.6560330728
0.8412068828 0.5584640428 0.5667117028 0.5675627428 0.6211648428 0.6138832428 0.8690051828 0.8520161828 0 0.0962907628 0.8560710928 0.8455119428 0.8648799428 0.8677334428 0.8632993428 0.8495317428 0.8541968828 0.5624707428 0.5605701428 0.1300891528 0.1312781328 0.9884463928 0.5540602428 0.9869553428 0.8786124928 0.6262122728 0.8595193928 0.2896759428 0.8648799428 0.8415135428
0.8486021428 0.5641642428 0.5739766428 0.5703353428 0.6195659428 0.6175151828 0.8705978728 0.8595193928 0.0962907628 0 0.8614069428 0.8464376428 0.8741137728 0.8636151928 0.8585774028 0.8570099828 0.8614069428 0.5720467428 0.5714044928 0.1286648828 0.1293766828 0.9914374128 0.5546877728 0.9895666028 0.8773243728 0.6271336428 0.8639311428 0.2914417128 0.8541968828 0.8418203928
0.5607810928 0.8715551428 0.8779681428 0.8632993428 0.8579500028 0.8651964428 0.5436780428 0.5358825428 0.8560710928 0.8614069428 0 0.6601163428 0.0873721628 0.6229963428 0.6181981428 0.5358825428 0.5362908428 0.8805488128 0.8776461828 0.8479830928 0.8495317428 0.9877004928 0.8563839428 0.9880733428 0.6236843428 0.8753963428 0.5301899028 0.8614069428 0.6720117028 0.6637378128
0.6586726428 0.8588912828 0.8715551428 0.8636151928 0.8582636428 0.8725135428 0.6693248428 0.6591535428 0.8455119428 0.8464376428 0.6601163428 0 0.6671336428 0.6727461428 0.6710335928 0.6749538428 0.6717670928 0.8648799428 0.8734732428 0.8366215428 0.8360123428 0.9993461128 0.8523273428 0.9997247828 0.6647065028 0.8721939428 0.6622871428 0.8427415828 0.5153499028 0.5037247928
0.5645882428 0.8857369428 0.8962219428 0.8837871928 0.8699604028 0.8753963428 0.5507222728 0.5426476928 0.8648799428 0.8741137728 0.0873721628 0.6671336428 0 0.6266728428 0.6229963428 0.5432657428 0.5410020128 0.9015200428 0.8988663428 0.8513943428 0.8535731728 0.9877004928 0.8658299428 0.9880733428 0.6299046028 0.8889977428 0.5338445028 0.8721939428 0.6769217428 0.6683501928
0.6107195928 0.8560710928 0.8648799428 0.8541968828 0.8715551428 0.8667810928 0.6225380428 0.6150163428 0.8677334428 0.8636151928 0.6229963428 0.6727461428 0.6266728428 0 0.0822275028 0.6234549028 0.6195659428 0.8670984428 0.8629836428 0.8601480428 0.8588912828 1.0077218428 0.8776461828 1.0069564428 0.3952399828 0.8670984428 0.6143362828 0.8498418428 0.6776610428 0.6671336428
0.6102687428 0.8585774028 0.8670984428 0.8639311428 0.8718744828 0.8690051828 0.6236843428 0.6188817428 0.8632993428 0.8585774028 0.6181981428 0.6710335928 0.6229963428 0.0822275028 0 0.6262122728 0.6229963428 0.8699604028 0.8664638728 0.8557584028 0.8545089128 1.0069564428 0.8860623428 1.0061920428 0.3915271228 0.8753963428 0.6152431428 0.8548211428 0.6751996028 0.6632539428
0.5523894428 0.8629836428 0.8683690728 0.8645635428 0.8387579028 0.8504624428 0.3239573428 0.3225739928 0.8495317428 0.8570099828 0.5358825428 0.6749538428 0.5432657428 0.6234549028 0.6262122728 0 0.0460011858 0.8753963428 0.8750754928 0.8520161828 0.8517052428 1.0251509428 0.8683690728 1.0251509428 0.6271336428 0.8705978728 0.3545738228 0.8455119428 0.6796359728 0.6644642128
0.5534332728 0.8651964428 0.8686870428 0.8674158828 0.8492217428 0.8582636428 0.3213464928 0.3185919428 0.8541968828 0.8614069428 0.5362908428 0.6717670928 0.5410020128 0.6195659428 0.6229963428 0.0460011858 0 0.8750754928 0.8763597428 0.8545089128 0.8541968828 1.0278989428 0.8699604028 1.0275056428 0.6266728428 0.8734732428 0.3521738128 0.8523273428 0.6769217428 0.6625287428
0.8690051828 0.2917364028 0.2902640728 0.2920312028 0.6354774028 0.6331503728 0.8867136428 0.8792573428 0.5624707428 0.5720467428 0.8805488128 0.8648799428 0.9015200428 0.8670984428 0.8699604028 0.8753963428 0.8750754928 0 0.0464261128 0.5605701428 0.5614142728 1.0181305428 0.4438130928 1.0181305428 0.8741137728 0.6417966428 0.8757173728 0.5582537428 0.8693234428 0.8595193928
0.8651964428 0.2912944028 0.2915890228 0.2927687428 0.6303674428 0.6264425428 0.8876917128 0.8792573428 0.5605701428 0.5714044928 0.8776461828 0.8734732428 0.8988663428 0.8629836428 0.8664638728 0.8750754928 0.8763597428 0.0464261128 0 0.5586743428 0.5603592728 1.0165794428 0.4430914228 1.0165794428 0.8683690728 0.6399187428 0.8725135428 0.5521808028 0.8699604028 0.8610920428
0.8433563428 0.5567833428 0.5605701428 0.5593057428 0.6202507428 0.6181981428 0.8667810928 0.8563839428 0.1300891528 0.1286648828 0.8479830928 0.8366215428 0.8513943428 0.8601480428 0.8557584028 0.8520161828 0.8545089128 0.5605701428 0.5586743428 0 0.0160221738 0.9810205428 0.5469847028 0.9795441928 0.8636151928 0.6266728428 0.8486021428 0.2930639728 0.8489119428 0.8278353428
0.8476737428 0.5586743428 0.5626822428 0.5605701428 0.6213935428 0.6200223928 0.8645635428 0.8538849428 0.1312781328 0.1293766828 0.8495317428 0.8360123428 0.8535731728 0.8588912828 0.8545089128 0.8517052428 0.8541968828 0.5614142728 0.5603592728 0.0160221738 0 0.9862109428 0.5496822428 0.9847242428 0.8636151928 0.6315257428 0.8473645828 0.2951337428 0.8436639028 0.8260303428
0.9929374428 0.9906885428 0.9929374428 0.9925620928 0.9921869928 0.9880733428 1.0204633428 0.9910628428 0.9884463928 0.9914374128 0.9877004928 0.9993461128 0.9877004928 1.0077218428 1.0069564428 1.0251509428 1.0278989428 1.0181305428 1.0165794428 0.9810205428 0.9862109428 0 0.9799130428 0.00187080999999997 1.0077218428 0.9982111828 0.9933128428 0.9914374128 1.0039030428 1.0039030428
0.8467464828 0.4477947728 0.4443548028 0.4472505428 0.6340802428 0.6296732728 0.8945740428 0.8850864428 0.5540602428 0.5546877728 0.8563839428 0.8523273428 0.8658299428 0.8776461828 0.8860623428 0.8683690728 0.8699604028 0.4438130928 0.4430914228 0.5469847028 0.5496822428 0.9799130428 0 0.9788070428 0.8815188728 0.6248323028 0.8802257428 0.5476063828 0.8563839428 0.8576365428
0.9933128428 0.9899403828 0.9918121428 0.9918121428 0.9906885428 0.9873277928 1.0212426428 0.9914374128 0.9869553428 0.9895666028 0.9880733428 0.9997247828 0.9880733428 1.0069564428 1.0061920428 1.0251509428 1.0275056428 1.0181305428 1.0165794428 0.9795441928 0.9847242428 0.00187080999999997 0.9788070428 0 1.0073390428 0.9974555128 0.9936885028 0.9899403828 1.0023810428 1.0023810428
0.6021993428 0.8639311428 0.8629836428 0.8548211428 0.8658299428 0.8667810928 0.6191097428 0.6122997728 0.8786124928 0.8773243728 0.6236843428 0.6647065028 0.6299046028 0.3952399828 0.3915271228 0.6271336428 0.6266728428 0.8741137728 0.8683690728 0.8636151928 0.8636151928 1.0077218428 0.8815188728 1.0073390428 0 0.8747548428 0.6175151828 0.8579500028 0.6698126428 0.6642219728
0.8728333428 0.6324536428 0.6378116428 0.6329180428 0.4013555428 0.4039184828 0.8988663428 0.8773243728 0.6262122728 0.6271336428 0.8753963428 0.8721939428 0.8889977428 0.8670984428 0.8753963428 0.8705978728 0.8734732428 0.6417966428 0.6399187428 0.6266728428 0.6315257428 0.9982111828 0.6248323028 0.9974555128 0.8747548428 0 0.8876917128 0.6143362828 0.8741137728 0.8712359428
0.5387451428 0.8664638728 0.8802257428 0.8770026928 0.8651964428 0.8651964428 0.3584298828 0.3501000128 0.8595193928 0.8639311428 0.5301899028 0.6622871428 0.5338445028 0.6143362828 0.6152431428 0.3545738228 0.3521738128 0.8757173728 0.8725135428 0.8486021428 0.8473645828 0.9933128428 0.8802257428 0.9936885028 0.6175151828 0.8876917128 0 0.8529500128 0.6634958428 0.6598755428
0.8439715828 0.5471918928 0.5492665428 0.5442969428 0.6035382428 0.6019764428 0.8648799428 0.8510835428 0.2896759428 0.2914417128 0.8614069428 0.8427415828 0.8721939428 0.8498418428 0.8548211428 0.8455119428 0.8523273428 0.5582537428 0.5521808028 0.2930639728 0.2951337428 0.9914374128 0.5476063828 0.9899403828 0.8579500028 0.6143362828 0.8529500128 0 0.8551334428 0.8344913428
0.6601163428 0.8526386428 0.8639311428 0.8529500128 0.8741137728 0.8721939428 0.6627703428 0.6596348028 0.8648799428 0.8541968828 0.6720117028 0.5153499028 0.6769217428 0.6776610428 0.6751996028 0.6796359728 0.6769217428 0.8693234428 0.8699604028 0.8489119428 0.8436639028 1.0039030428 0.8563839428 1.0023810428 0.6698126428 0.8741137728 0.6634958428 0.8551334428 0 0.2408863628
0.6548363428 0.8464376428 0.8576365428 0.8598336928 0.8744342028 0.8715551428 0.6538803428 0.6560330728 0.8415135428 0.8418203928 0.6637378128 0.5037247928 0.6683501928 0.6671336428 0.6632539428 0.6644642128 0.6625287428 0.8595193928 0.8610920428 0.8278353428 0.8260303428 1.0039030428 0.8576365428 1.0023810428 0.6642219728 0.8712359428 0.6598755428 0.8344913428 0.2408863628 0
