0 0.98794943 0.7365559 0.7421839 0.73522204 0.73575526 0.72885257 0.7532952 0.7368229 0.76540554 0.7676286 0.7502979 0.74406934 0.74164605 0.990942 0.7389627 0.7419149 0.7330929 0.7344229 1.0149349 1.0172604 0.9860852 0.74975425 0.98683035 0.5709624 0.58131045 0.74921095 0.7502979 0.7312348 0.73495555
0.98794943 0 1.0160967 1.0297868 0.99885464 1.0022715 0.99999183 1.0141612 1.0099207 1.0080011 1.025065 1.0286036 1.0126165 1.0227151 0.13291097 1.0080011 1.0168724 0.9924427 0.99999183 0.45184028 0.44946945 0.13195646 1.0037951 0.13195646 0.99847597 1.014548 1.0215429 1.0227151 1.01069 1.0278157
0.7365559 1.0160967 0 0.7026252 0.7543881 0.74893945 0.7535683 0.7018601 0.6950084 0.7640195 0.76429653 0.6790131 0.13207571 0.13231426 1.0122308 0.6837262 0.68000287 0.7554826 0.7486681 1.0022715 0.99847597 1.0076177 0.6892207 1.0091523 0.73842716 0.73815954 0.7080034 0.68972224 0.73842716 0.74541897
0.7421839 1.0297868 0.7026252 0 0.7574018 0.7511142 0.74921095 0.13590164 0.13326922 0.7421839 0.74650043 0.5707484 0.70466954 0.7062064 1.0337447 0.5850098 0.5828315 0.75603044 0.7543881 1.0242808 1.0160967 1.0149349 0.40647927 1.0160967 0.73575526 0.7394986 0.28777772 0.27989367 0.74514884 0.7527494
0.73522204 0.99885464 0.7543881 0.7574018 0 0.124718055 0.63297755 0.7478545 0.74650043 0.761255 0.75411475 0.7365559 0.75822586 0.7502979 1.000751 0.7502979 0.75302225 0.6348403 0.6353068 0.9860852 0.9790429 0.9958304 0.761531 0.9962078 0.7186162 0.7429914 0.74622995 0.7486681 0.59422857 0.59865856
0.73575526 1.0022715 0.74893945 0.7511142 0.124718055 0 0.63228023 0.74406934 0.7432607 0.76042765 0.7574018 0.73522204 0.7585007 0.7494826 1.0049399 0.7459595 0.7448788 0.6371753 0.6371753 0.9827411 0.97978103 0.9980974 0.74975425 0.99847597 0.72018194 0.7419149 0.74677104 0.7481256 0.58807015 0.59180313
0.72885257 0.99999183 0.7535683 0.74921095 0.63297755 0.63228023 0 0.7413773 0.7368229 0.76540554 0.7656831 0.7301751 0.75302225 0.7522039 0.990942 0.74406934 0.74975425 0.10628789 0.107325636 1.0003713 1.0103053 0.990942 0.75493515 0.990942 0.72858834 0.7400349 0.7524766 0.74893945 0.6378772 0.6376432
0.7532952 1.0141612 0.7018601 0.13590164 0.7478545 0.74406934 0.7413773 0 0.09906361 0.7419149 0.7437997 0.57871 0.70033205 0.700841 1.014548 0.58588296 0.58697575 0.750842 0.74921095 1.018426 1.0164845 1.0053219 0.40940794 1.0064689 0.74433905 0.74921095 0.29086626 0.28397134 0.7481256 0.7519313
0.7368229 1.0099207 0.6950084 0.13326922 0.74650043 0.7432607 0.7368229 0.09906361 0 0.7386949 0.7446089 0.5707484 0.6965256 0.6965256 1.0087683 0.57762915 0.5763342 0.7397667 0.73815954 1.0095364 1.005704 0.99923354 0.408373 0.99923354 0.74110866 0.7456892 0.28836504 0.28470182 0.7419149 0.7486681
0.76540554 1.0080011 0.7640195 0.7421839 0.761255 0.76042765 0.76540554 0.7419149 0.7386949 0 0.06722474 0.7427221 0.7631891 0.7607034 1.0068517 0.7419149 0.7432607 0.76346576 0.76651627 0.9920673 0.9931942 1.0118452 0.7532952 1.0099207 0.76540554 0.7706961 0.74541897 0.7631891 0.76346576 0.7656831
0.7676286 1.025065 0.76429653 0.74650043 0.75411475 0.7574018 0.7656831 0.7437997 0.7446089 0.06722474 0 0.750842 0.7659607 0.7620833 1.0223241 0.7473126 0.7478545 0.7640195 0.7681854 0.9898184 0.98869646 1.0238891 0.7554826 1.0231062 0.7701374 0.7757428 0.7483968 0.76846397 0.75960124 0.7629125
0.7502979 1.0286036 0.6790131 0.5707484 0.7365559 0.73522204 0.7301751 0.57871 0.5707484 0.7427221 0.750842 0 0.6760516 0.6777777 1.01069 0.42528248 0.42988047 0.73495555 0.7317652 0.9845971 0.9860852 1.0099207 0.56967896 1.0091523 0.7368229 0.7448788 0.57762915 0.57762915 0.73709005 0.7429914
0.74406934 1.0126165 0.13207571 0.70466954 0.75822586 0.7585007 0.75302225 0.70033205 0.6965256 0.7631891 0.7659607 0.6760516 0 0.06788129 1.0060863 0.68298006 0.67975533 0.7563045 0.7502979 0.99885464 0.99961257 1.0003713 0.6924865 1.0015109 0.7376246 0.7400349 0.7098048 0.6874681 0.73602206 0.74406934
0.74164605 1.0227151 0.13231426 0.7062064 0.7502979 0.7494826 0.7522039 0.700841 0.6965256 0.7607034 0.7620833 0.6777777 0.06788129 0 1.0168724 0.6889701 0.6867182 0.7574018 0.7486681 1.0034139 1.002652 1.01069 0.69576657 1.0122308 0.7362889 0.73149997 0.714716 0.6904751 0.7346892 0.7421839
0.990942 0.13291097 1.0122308 1.0337447 1.000751 1.0049399 0.990942 1.014548 1.0087683 1.0068517 1.0223241 1.01069 1.0060863 1.0168724 0 1.0053219 1.01146 0.9845971 0.9901927 0.4586293 0.45605326 0.06101601 0.99281836 0.060907543 0.99658537 0.99847597 1.0199828 1.0176488 1.0034139 1.0203725
0.7389627 1.0080011 0.6837262 0.5850098 0.7502979 0.7459595 0.74406934 0.58588296 0.57762915 0.7419149 0.7473126 0.42528248 0.68298006 0.6889701 1.0053219 0 0.06275363 0.74541897 0.74650043 0.9857129 0.99357027 1.0034139 0.58850837 1.0037951 0.7264779 0.73923063 0.59444946 0.582614 0.7524766 0.7486681
0.7419149 1.0168724 0.68000287 0.5828315 0.75302225 0.7448788 0.74975425 0.58697575 0.5763342 0.7432607 0.7478545 0.42988047 0.67975533 0.6867182 1.01146 0.06275363 0 0.75302225 0.7527494 0.99169195 0.99281836 1.0095364 0.5907033 1.0099207 0.7275324 0.742453 0.5935663 0.5789264 0.7437997 0.7481256
0.7330929 0.9924427 0.7554826 0.75603044 0.6348403 0.6371753 0.10628789 0.750842 0.7397667 0.76346576 0.7640195 0.73495555 0.7563045 0.7574018 0.9845971 0.74541897 0.75302225 0 0.057660785 0.9943229 1.0022715 0.98869646 0.7563045 0.98832285 0.7368229 0.7437997 0.7563045 0.7527494 0.6364741 0.6371753
0.7344229 0.99999183 0.7486681 0.7543881 0.6353068 0.6371753 0.107325636 0.74921095 0.73815954 0.76651627 0.7681854 0.7317652 0.7502979 0.7486681 0.9901927 0.74650043 0.7527494 0.057660785 0 1.0003713 1.0080011 0.9931942 0.7563045 0.99281836 0.7365559 0.73709005 0.7607034 0.7532952 0.6413967 0.64564204
1.0149349 0.45184028 1.0022715 1.0242808 0.9860852 0.9827411 1.0003713 1.018426 1.0095364 0.9920673 0.9898184 0.9845971 0.99885464 1.0034139 0.4586293 0.9857129 0.99169195 0.9943229 1.0003713 0 0.058525212 0.46010533 0.9943229 0.45955148 0.9950763 0.99734104 1.0003713 0.9920673 1.0095364 1.0301816
1.0172604 0.44946945 0.99847597 1.0160967 0.9790429 0.97978103 1.0103053 1.0164845 1.005704 0.9931942 0.98869646 0.9860852 0.99961257 1.002652 0.45605326 0.99357027 0.99281836 1.0022715 1.0080011 0.058525212 0 0.45697227 0.9842255 0.45623696 0.9898184 0.99131685 0.99885464 0.9898184 0.99999183 1.018426
0.9860852 0.13195646 1.0076177 1.0149349 0.9958304 0.9980974 0.990942 1.0053219 0.99923354 1.0118452 1.0238891 1.0099207 1.0003713 1.01069 0.06101601 1.0034139 1.0095364 0.98869646 0.9931942 0.46010533 0.45697227 0 0.9860852 0.002403848 0.99923354 1.0030329 1.0141612 1.0080011 1.0003713 1.0110749
0.74975425 1.0037951 0.6892207 0.40647927 0.761531 0.74975425 0.75493515 0.40940794 0.408373 0.7532952 0.7554826 0.56967896 0.6924865 0.69576657 0.99281836 0.58850837 0.5907033 0.7563045 0.7563045 0.9943229 0.9842255 0.9860852 0 0.9857129 0.7446089 0.7511142 0.4080283 0.40150952 0.7456892 0.7494826
0.98683035 0.13195646 1.0091523 1.0160967 0.9962078 0.99847597 0.990942 1.0064689 0.99923354 1.0099207 1.0231062 1.0091523 1.0015109 1.0122308 0.060907543 1.0037951 1.0099207 0.98832285 0.99281836 0.45955148 0.45623696 0.002403848 0.9857129 0 1.0011308 1.0015109 1.0130024 1.0064689 1.0011308 1.0118452
0.5709624 0.99847597 0.73842716 0.73575526 0.7186162 0.72018194 0.72858834 0.74433905 0.74110866 0.76540554 0.7701374 0.7368229 0.7376246 0.7362889 0.99658537 0.7264779 0.7275324 0.7368229 0.7365559 0.9950763 0.9898184 0.99923354 0.7446089 1.0011308 0 0.39048862 0.73923063 0.7527494 0.71445674 0.7149754
0.58131045 1.014548 0.73815954 0.7394986 0.7429914 0.7419149 0.7400349 0.74921095 0.7456892 0.7706961 0.7757428 0.7448788 0.7400349 0.73149997 0.99847597 0.73923063 0.742453 0.7437997 0.73709005 0.99734104 0.99131685 1.0030329 0.7511142 1.0015109 0.39048862 0 0.7446089 0.7554826 0.7330929 0.73842716
0.74921095 1.0215429 0.7080034 0.28777772 0.74622995 0.74677104 0.7524766 0.29086626 0.28836504 0.74541897 0.7483968 0.57762915 0.7098048 0.714716 1.0199828 0.59444946 0.5935663 0.7563045 0.7607034 1.0003713 0.99885464 1.0141612 0.4080283 1.0130024 0.73923063 0.7446089 0 0.28865886 0.74110866 0.74514884
0.7502979 1.0227151 0.68972224 0.27989367 0.7486681 0.7481256 0.74893945 0.28397134 0.28470182 0.7631891 0.76846397 0.57762915 0.6874681 0.6904751 1.0176488 0.582614 0.5789264 0.7527494 0.7532952 0.9920673 0.9898184 1.0080011 0.40150952 1.0064689 0.7527494 0.7554826 0.28865886 0 0.75822586 0.7590508
0.7312348 1.01069 0.73842716 0.74514884 0.59422857 0.58807015 0.6378772 0.7481256 0.7419149 0.76346576 0.75960124 0.73709005 0.73602206 0.7346892 1.0034139 0.7524766 0.7437997 0.6364741 0.6413967 1.0095364 0.99999183 1.0003713 0.7456892 1.0011308 0.71445674 0.7330929 0.74110866 0.75822586 0 0.15656075
0.73495555 1.0278157 0.74541897 0.7527494 0.59865856 0.59180313 0.6376432 0.7519313 0.7486681 0.7656831 0.7629125 0.7429914 0.74406934 0.7421839 1.0203725 0.7486681 0.7481256 0.6371753 0.64564204 1.0301816 1.018426 1.0110749 0.7494826 1.0118452 0.7149754 0.73842716 0.74514884 0.7590508 0.15656075 0
