0 0.610752 1.0199828 1.0289978 1.0313674 1.0227151 0.491022 0.48833245 1.0262426 1.0203725 1.0246727 0.58174473 1.0195932 1.0341415 1.0329514 0.9857129 1.000751 0.58131045 0.5847917 0.5845737 0.5800091 0.57590306 1.0353336 0.57590306 1.0110749 1.019204 1.0080011 0.58544624 0.5731065 0.6040094
0.610752 0 1.0231062 0.9943229 1.014548 0.98645765 0.603562 0.6075979 0.9920673 0.99281836 1.0141612 0.38796818 1.0168724 0.9831119 0.9958304 0.97867405 0.9931942 0.4927561 0.49856558 0.49526802 0.49410763 0.483363 0.982 0.48051092 1.0076177 1.0037951 0.98832285 0.493142 0.4843161 0.19368954
1.0199828 1.0231062 0 0.6972853 0.30755678 0.3052998 1.0060863 1.0149349 0.6955138 0.6892207 0.15422334 0.9950763 0.1525057 0.69097745 0.7005865 0.7051815 0.70390224 0.99131685 0.9958304 0.9924427 0.9969631 0.98869646 0.70160514 0.98125964 0.22542353 0.70748955 0.70748955 1.0049399 0.99169195 1.0141612
1.0289978 0.9943229 0.6972853 0 0.6844731 0.6782716 1.0030329 0.99131685 0.14373367 0.14022927 0.69576657 0.9775687 0.69779223 0.14421831 0.14409712 0.6669932 0.6770375 0.9924427 0.9962078 1.0003713 0.98869646 0.9920673 0.4555024 0.9790429 0.684224 0.45623696 0.44855958 0.98645765 0.97316337 1.000751
1.0313674 1.014548 0.30755678 0.6844731 0 0.109174065 0.98683035 0.9894442 0.6807461 0.682483 0.3063522 0.9894442 0.30575064 0.68298006 0.68721807 0.6937464 0.6889701 0.9943229 0.9939465 0.9931942 0.9931942 0.99281836 0.68223464 0.9950763 0.30050746 0.6993151 0.6993151 0.9920673 0.97499573 1.0254573
1.0227151 0.98645765 0.3052998 0.6782716 0.109174065 0 0.9651536 0.9709704 0.67802465 0.6772841 0.30650267 0.96479154 0.3052998 0.67654437 0.6812419 0.69022405 0.6899731 0.9746289 0.9746289 0.97426224 0.9706055 0.9768326 0.67654437 0.9746289 0.3009554 0.6950084 0.6922348 0.97941184 0.9626228 0.9946995
0.491022 0.603562 1.0060863 1.0030329 0.98683035 0.9651536 0 0.10089177 1.0034139 0.9962078 0.99923354 0.5791428 0.9980974 1.0053219 0.99885464 0.9764649 0.98125964 0.5763342 0.5774132 0.5808764 0.5735361 0.57181937 1.0076177 0.56818426 0.98683035 1.0126165 1.0045581 0.5765499 0.56626695 0.59954774
0.48833245 0.6075979 1.0149349 0.99131685 0.9894442 0.9709704 0.10089177 0 0.9920673 0.98794943 1.005704 0.5904835 0.99923354 0.9980974 0.99281836 0.98051995 0.98683035 0.57181937 0.5763342 0.5802258 0.5720337 0.57482624 0.9939465 0.57010657 0.99847597 1.001891 0.9920673 0.58435565 0.5707484 0.6071484
1.0262426 0.9920673 0.6955138 0.14373367 0.6807461 0.67802465 1.0034139 0.9920673 0 0.10341278 0.69804585 0.982 0.6965256 0.10387206 0.10100618 0.6626257 0.6677236 0.990942 0.9857129 1.0011308 0.9845971 0.9838541 0.4578924 0.97243166 0.6775309 0.45881367 0.45184028 0.97316337 0.9713354 1.0095364
1.0203725 0.99281836 0.6892207 0.14022927 0.682483 0.6772841 0.9962078 0.98794943 0.10341278 0 0.6965256 0.9687838 0.6962725 0.10020569 0.09929189 0.6602102 0.6669932 0.9857129 0.9860852 0.98907024 0.9775687 0.97499573 0.4578924 0.9691478 0.6790131 0.45312 0.45385224 0.97499573 0.9637064 0.99999183
1.0246727 1.0141612 0.15422334 0.69576657 0.3063522 0.30650267 0.99923354 1.005704 0.69804585 0.6965256 0 0.9894442 0.10169299 0.69804585 0.7013504 0.7062064 0.6998234 0.9775687 0.9860852 0.9753628 0.98348296 0.98348296 0.70903224 0.98051995 0.22205454 0.71445674 0.71032023 0.9831119 0.97573 0.99999183
0.58174473 0.38796818 0.9950763 0.9775687 0.9894442 0.96479154 0.5791428 0.5904835 0.982 0.9687838 0.9894442 0 0.97352946 0.97352946 0.9706055 0.95294064 0.9658782 0.47918367 0.48070073 0.47956264 0.47937313 0.47258234 0.9655158 0.47014514 0.9783054 0.97243166 0.97170067 0.4761587 0.47502747 0.38228634
1.0195932 1.0168724 0.1525057 0.69779223 0.30575064 0.3052998 0.9980974 0.99923354 0.6965256 0.6962725 0.10169299 0.97352946 0 0.6927383 0.6972853 0.7023701 0.69753873 0.9872032 0.99131685 0.9845971 0.99169195 0.97867405 0.70288044 0.97720057 0.22245803 0.71212715 0.71083605 0.9779369 0.9680563 1.0037951
1.0341415 0.9831119 0.69097745 0.14421831 0.68298006 0.67654437 1.0053219 0.9980974 0.10387206 0.10020569 0.69804585 0.97352946 0.6927383 0 0.08650202 0.66602045 0.67089695 0.99281836 0.98683035 0.9962078 0.9808897 0.9845971 0.45642072 0.9713354 0.6777777 0.4555024 0.45330298 0.97573 0.9673296 0.9946995
1.0329514 0.9958304 0.7005865 0.14409712 0.68721807 0.6812419 0.99885464 0.99281836 0.10100618 0.09929189 0.7013504 0.9706055 0.6972853 0.08650202 0 0.6626257 0.67261124 0.98907024 0.9842255 0.98907024 0.9790429 0.98125964 0.4571562 0.9727974 0.68571955 0.46102932 0.4545852 0.9698763 0.9687838 1.0091523
0.9857129 0.97867405 0.7051815 0.6669932 0.6937464 0.69022405 0.9764649 0.98051995 0.6626257 0.6602102 0.7062064 0.95294064 0.7023701 0.66602045 0.6626257 0 0.061884318 0.96190137 0.9626228 0.96479154 0.9583042 0.97316337 0.67065233 0.9651536 0.6854701 0.67580533 0.66602045 0.97352946 0.9626228 1.0064689
1.000751 0.9931942 0.70390224 0.6770375 0.6889701 0.6899731 0.98125964 0.98683035 0.6677236 0.6669932 0.6998234 0.9658782 0.69753873 0.67089695 0.67261124 0.061884318 0 0.97720057 0.9764649 0.9808897 0.97499573 0.9801504 0.675067 0.97352946 0.68000287 0.6748211 0.67212105 0.9746289 0.97426224 1.0149349
0.58131045 0.4927561 0.99131685 0.9924427 0.9943229 0.9746289 0.5763342 0.57181937 0.990942 0.9857129 0.9775687 0.47918367 0.9872032 0.99281836 0.98907024 0.96190137 0.97720057 0 0.05722894 0.05625821 0.05604266 0.2646545 0.9853408 0.26195538 0.9838541 0.98869646 0.97243166 0.26979542 0.2623809 0.49025255
0.5847917 0.49856558 0.9958304 0.9962078 0.9939465 0.9746289 0.5774132 0.5763342 0.9857129 0.9860852 0.9860852 0.48070073 0.99131685 0.98683035 0.9842255 0.9626228 0.9764649 0.05722894 0 0.059282407 0.058417104 0.26722056 0.9860852 0.26422766 0.98645765 0.98645765 0.9738958 0.27482754 0.26850688 0.4939144
0.5845737 0.49526802 0.9924427 1.0003713 0.9931942 0.97426224 0.5808764 0.5802258 1.0011308 0.98907024 0.9753628 0.47956264 0.9845971 0.9962078 0.98907024 0.96479154 0.9808897 0.05625821 0.059282407 0 0.05410551 0.2649392 0.98348296 0.26280668 0.9801504 0.9931942 0.98348296 0.2741066 0.26722056 0.4890999
0.5800091 0.49410763 0.9969631 0.98869646 0.9931942 0.9706055 0.5735361 0.5720337 0.9845971 0.9775687 0.98348296 0.47937313 0.99169195 0.9808897 0.9790429 0.9583042 0.97499573 0.05604266 0.058417104 0.05410551 0 0.26451218 0.9801504 0.26195538 0.98348296 0.99131685 0.97316337 0.27166054 0.26351684 0.48929188
0.57590306 0.483363 0.98869646 0.9920673 0.99281836 0.9768326 0.57181937 0.57482624 0.9838541 0.97499573 0.98348296 0.47258234 0.97867405 0.9845971 0.98125964 0.97316337 0.9801504 0.2646545 0.26722056 0.2649392 0.26451218 0 0.9860852 0.034690037 0.9831119 0.98794943 0.97941184 0.2554606 0.25743133 0.48184055
1.0353336 0.982 0.70160514 0.4555024 0.68223464 0.67654437 1.0076177 0.9939465 0.4578924 0.4578924 0.70903224 0.9655158 0.70288044 0.45642072 0.4571562 0.67065233 0.675067 0.9853408 0.9860852 0.98348296 0.9801504 0.9860852 0 0.9779369 0.6927383 0.31711105 0.3145209 0.9746289 0.97170067 0.98237044
0.57590306 0.48051092 0.98125964 0.9790429 0.9950763 0.9746289 0.56818426 0.57010657 0.97243166 0.9691478 0.98051995 0.47014514 0.97720057 0.9713354 0.9727974 0.9651536 0.97352946 0.26195538 0.26422766 0.26280668 0.26195538 0.034690037 0.9779369 0 0.9779369 0.98051995 0.97352946 0.25602314 0.25602314 0.48051092
1.0110749 1.0076177 0.22542353 0.684224 0.30050746 0.3009554 0.98683035 0.99847597 0.6775309 0.6790131 0.22205454 0.9783054 0.22245803 0.6777777 0.68571955 0.6854701 0.68000287 0.9838541 0.98645765 0.9801504 0.98348296 0.9831119 0.6927383 0.9779369 0 0.6960195 0.6962725 0.9779369 0.9816297 1.0041765
1.019204 1.0037951 0.70748955 0.45623696 0.6993151 0.6950084 1.0126165 1.001891 0.45881367 0.45312 0.71445674 0.97243166 0.71212715 0.4555024 0.46102932 0.67580533 0.6748211 0.98869646 0.98645765 0.9931942 0.99131685 0.98794943 0.31711105 0.98051995 0.6960195 0 0.21296677 0.9764649 0.96769285 0.9924427
1.0080011 0.98832285 0.70748955 0.44855958 0.6993151 0.6922348 1.0045581 0.9920673 0.45184028 0.45385224 0.71032023 0.97170067 0.71083605 0.45330298 0.4545852 0.66602045 0.67212105 0.97243166 0.9738958 0.98348296 0.97316337 0.97941184 0.3145209 0.97352946 0.6962725 0.21296677 0 0.97206604 0.9808897 0.98757625
0.58544624 0.493142 1.0049399 0.98645765 0.9920673 0.97941184 0.5765499 0.58435565 0.97316337 0.97499573 0.9831119 0.4761587 0.9779369 0.97573 0.9698763 0.97352946 0.9746289 0.26979542 0.27482754 0.2741066 0.27166054 0.2554606 0.9746289 0.25602314 0.9779369 0.9764649 0.97206604 0 0.20019098 0.48450688
0.5731065 0.4843161 0.99169195 0.97316337 0.97499573 0.9626228 0.56626695 0.5707484 0.9713354 0.9637064 0.97573 0.47502747 0.9680563 0.9673296 0.9687838 0.9626228 0.97426224 0.2623809 0.26850688 0.26722056 0.26351684 0.25743133 0.97170067 0.25602314 0.9816297 0.96769285 0.9808897 0.20019098 0 0.48450688
0.6040094 0.19368954 1.0141612 1.000751 1.0254573 0.9946995 0.59954774 0.6071484 1.0095364 0.99999183 0.99999183 0.38228634 1.0037951 0.9946995 1.0091523 1.0064689 1.0149349 0.49025255 0.4939144 0.4890999 0.48929188 0.48184055 0.98237044 0.48051092 1.0041765 0.9924427 0.98757625 0.48450688 0.48450688 0
