0 0.67629796 1.0199828 0.69097745 0.68571955 0.66602045 1.0357314 1.0329514 1.0242808 1.0242808 0.65948707 0.67876583 0.67654437 0.6662635 0.6694307 0.9205164 0.92017525 0.6532491 0.65181684 0.6740837 0.67040783 0.6960195 0.6770375 0.6960195 0.6904751 0.99961257 1.0246727 0.67285645 0.9127091 0.9150766
0.67629796 0 0.99131685 0.6907262 0.6892207 0.4045903 1.0365276 1.0325551 0.9946995 1.0072346 0.32926643 0.4018512 0.33221948 0.15927635 0.16448817 0.8809723 0.88454145 0.3970817 0.39538565 0.39521626 0.39878163 0.7031358 0.4028772 0.7005865 0.6945033 1.0122308 1.0357314 0.69097745 0.9133848 0.9205164
1.0199828 0.99131685 0 0.9764649 0.98645765 0.97978103 0.42634106 0.42988047 0.1637414 0.16486183 0.98832285 0.99847597 0.98794943 0.9857129 0.97316337 0.9666036 0.97243166 0.9853408 0.97720057 0.9790429 0.9764649 1.0157093 0.97867405 1.0099207 1.002652 0.42281827 0.41966185 1.0130024 0.98869646 0.9950763
0.69097745 0.6907262 0.9764649 0 0.14640313 0.68149 1.0141612 1.0122308 0.9838541 0.98869646 0.67531306 0.6795078 0.6844731 0.68223464 0.6847222 0.8745262 0.87613255 0.6807461 0.67802465 0.68621874 0.6869681 0.32694325 0.68149 0.32339495 0.31833306 1.0003713 0.99885464 0.32093644 0.9019803 0.91575444
0.68571955 0.6892207 0.98645765 0.14640313 0 0.6887196 1.019204 1.0130024 0.98496884 0.9939465 0.6827315 0.69097745 0.69022405 0.68173814 0.6844731 0.87420535 0.8783872 0.6847222 0.68397504 0.6907262 0.6924865 0.3187918 0.68796843 0.3165008 0.31209126 1.01146 1.0137748 0.31087938 0.90164745 0.9150766
0.66602045 0.4045903 0.97978103 0.68149 0.6887196 0 1.0258498 1.014548 0.9764649 0.9946995 0.39844134 0.34241092 0.40682322 0.40014434 0.40854537 0.8970035 0.89865875 0.11907097 0.11463032 0.20740825 0.2072764 0.6960195 0.33315444 0.6962725 0.684224 1.0130024 0.99999183 0.68397504 0.8914027 0.8953518
1.0357314 1.0365276 0.42634106 1.0141612 1.019204 1.0258498 0 0.10744102 0.4224669 0.42475376 1.0076177 1.0274222 1.0270288 1.0305767 1.0305767 0.9831119 0.98832285 1.0188149 1.0126165 1.0126165 1.01069 1.0361294 1.0195932 1.0282096 1.0405211 0.3947083 0.39861146 1.0313674 1.0203725 1.0317632
1.0329514 1.0325551 0.42988047 1.0122308 1.0130024 1.014548 0.10744102 0 0.42229128 0.42634106 1.0068517 1.0215429 1.0234975 1.0137748 1.0160967 0.98907024 0.9969631 1.0157093 1.0034139 1.0091523 1.0045581 1.0457449 1.0215429 1.0385218 1.0389212 0.39166775 0.3925111 1.0449389 1.0149349 1.0266355
1.0242808 0.9946995 0.1637414 0.9838541 0.98496884 0.9764649 0.4224669 0.42229128 0 0.09632971 0.9842255 1.0060863 0.9853408 0.99545324 0.9872032 0.9557965 0.96406794 0.9753628 0.97499573 0.97499573 0.9666036 1.0041765 0.9860852 0.9980974 0.9977191 0.41931194 0.41529983 0.9977191 0.9727974 0.98757625
1.0242808 1.0072346 0.16486183 0.98869646 0.9939465 0.9946995 0.42475376 0.42634106 0.09632971 0 0.99056727 1.0130024 0.99847597 1.0068517 0.9969631 0.96406794 0.97206604 0.9920673 0.9962078 0.9853408 0.9775687 1.0130024 0.99281836 1.0080011 1.0130024 0.41756493 0.414083 1.0053219 0.9816297 0.99658537
0.65948707 0.32926643 0.98832285 0.67531306 0.6827315 0.39844134 1.0076177 1.0068517 0.9842255 0.99056727 0 0.3979312 0.100548655 0.32586154 0.32942155 0.86877173 0.877098 0.3926799 0.39166775 0.3965725 0.39487758 0.7026252 0.39691195 0.69855326 0.6864684 0.9920673 1.0022715 0.69022405 0.8983274 0.89932185
0.67876583 0.4018512 0.99847597 0.6795078 0.69097745 0.34241092 1.0274222 1.0215429 1.0060863 1.0130024 0.3979312 0 0.40562007 0.39386246 0.40099728 0.8914027 0.890091 0.3373763 0.33424672 0.3411491 0.34036154 0.700841 0.3337784 0.70441365 0.68571955 1.0126165 1.0133885 0.6899731 0.8996537 0.9043141
0.67654437 0.33221948 0.98794943 0.6844731 0.69022405 0.40682322 1.0270288 1.0234975 0.9853408 0.99847597 0.100548655 0.40562007 0 0.3281814 0.3348716 0.8803252 0.8887815 0.39946267 0.39912206 0.4039046 0.4028772 0.7141975 0.39997387 0.71083605 0.70415795 1.0037951 1.0176488 0.7005865 0.8996537 0.91203403
0.6662635 0.15927635 0.9857129 0.68223464 0.68173814 0.40014434 1.0305767 1.0137748 0.99545324 1.0068517 0.32586154 0.39386246 0.3281814 0 0.066678055 0.85363877 0.8624292 0.39386246 0.39386246 0.39980343 0.39963302 0.7051815 0.39691195 0.7026252 0.68972224 1.0022715 1.0118452 0.6892207 0.9053166 0.91169673
0.6694307 0.16448817 0.97316337 0.6847222 0.6844731 0.40854537 1.0305767 1.0160967 0.9872032 0.9969631 0.32942155 0.40099728 0.3348716 0.066678055 0 0.85332674 0.8599071 0.40219304 0.39997387 0.40253505 0.405105 0.70595 0.40321952 0.70390224 0.68721807 1.0003713 1.0149349 0.6904751 0.9013148 0.90900373
0.9205164 0.8809723 0.9666036 0.8745262 0.87420535 0.8970035 0.9831119 0.98907024 0.9557965 0.96406794 0.86877173 0.8914027 0.8803252 0.85363877 0.85332674 0 0.05625821 0.8855178 0.8809723 0.8963424 0.90031767 0.91473794 0.8923881 0.9150766 0.88616943 0.9746289 0.97499573 0.89865875 0.8745262 0.87356406
0.92017525 0.88454145 0.97243166 0.87613255 0.8783872 0.89865875 0.98832285 0.9969631 0.96406794 0.97206604 0.877098 0.890091 0.8887815 0.8624292 0.8599071 0.05625821 0 0.8871479 0.8842163 0.8907466 0.8953518 0.9205164 0.8940332 0.9174517 0.8963424 0.9838541 0.9845971 0.90398026 0.88616943 0.88064873
0.6532491 0.3970817 0.9853408 0.6807461 0.6847222 0.11907097 1.0188149 1.0157093 0.9753628 0.9920673 0.3926799 0.3373763 0.39946267 0.39386246 0.40219304 0.8855178 0.8871479 0 0.054643106 0.20320067 0.20241436 0.6899731 0.33284268 0.69097745 0.68223464 1.0011308 0.9924427 0.67802465 0.8927168 0.88943595
0.65181684 0.39538565 0.97720057 0.67802465 0.68397504 0.11463032 1.0126165 1.0034139 0.97499573 0.9962078 0.39166775 0.33424672 0.39912206 0.39386246 0.39997387 0.8809723 0.8842163 0.054643106 0 0.1997993 0.2000604 0.6889701 0.32647946 0.6922348 0.6760516 0.9860852 0.9808897 0.6775309 0.8864954 0.88616943
0.6740837 0.39521626 0.9790429 0.68621874 0.6907262 0.20740825 1.0126165 1.0091523 0.97499573 0.9853408 0.3965725 0.3411491 0.4039046 0.39980343 0.40253505 0.8963424 0.8907466 0.20320067 0.1997993 0 0.037207875 0.7026252 0.32895625 0.70697606 0.6884691 0.99169195 0.9924427 0.6899731 0.8907466 0.9096761
0.67040783 0.39878163 0.9764649 0.6869681 0.6924865 0.2072764 1.01069 1.0045581 0.9666036 0.9775687 0.39487758 0.34036154 0.4028772 0.39963302 0.405105 0.90031767 0.8953518 0.20241436 0.2000604 0.037207875 0 0.7085177 0.3281814 0.714716 0.69148016 0.98683035 0.9901927 0.69097745 0.8904187 0.9063204
0.6960195 0.7031358 1.0157093 0.32694325 0.3187918 0.6960195 1.0361294 1.0457449 1.0041765 1.0130024 0.7026252 0.700841 0.7141975 0.7051815 0.70595 0.91473794 0.9205164 0.6899731 0.6889701 0.7026252 0.7085177 0 0.69349426 0.032493845 0.30424884 1.0365276 1.0176488 0.18340309 0.910349 0.9222244
0.6770375 0.4028772 0.97867405 0.68149 0.68796843 0.33315444 1.0195932 1.0215429 0.9860852 0.99281836 0.39691195 0.3337784 0.39997387 0.39691195 0.40321952 0.8923881 0.8940332 0.33284268 0.32647946 0.32895625 0.3281814 0.69349426 0 0.6972853 0.6740837 0.9958304 1.0118452 0.68049824 0.89766514 0.8979962
0.6960195 0.7005865 1.0099207 0.32339495 0.3165008 0.6962725 1.0282096 1.0385218 0.9980974 1.0080011 0.69855326 0.70441365 0.71083605 0.7026252 0.70390224 0.9150766 0.9174517 0.69097745 0.6922348 0.70697606 0.714716 0.032493845 0.6972853 0 0.30065674 1.033348 1.0164845 0.18276484 0.90565103 0.91643286
0.6904751 0.6945033 1.002652 0.31833306 0.31209126 0.684224 1.0405211 1.0389212 0.9977191 1.0130024 0.6864684 0.68571955 0.70415795 0.68972224 0.68721807 0.88616943 0.8963424 0.68223464 0.6760516 0.6884691 0.69148016 0.30424884 0.6740837 0.30065674 0 1.025065 1.0087683 0.29976138 0.8871479 0.90264636
0.99961257 1.0122308 0.42281827 1.0003713 1.01146 1.0130024 0.3947083 0.39166775 0.41931194 0.41756493 0.9920673 1.0126165 1.0037951 1.0022715 1.0003713 0.9746289 0.9838541 1.0011308 0.9860852 0.99169195 0.98683035 1.0365276 0.9958304 1.033348 1.025065 0 0.24222292 1.0397208 0.99885464 1.018426
1.0246727 1.0357314 0.41966185 0.99885464 1.0137748 0.99999183 0.39861146 0.3925111 0.41529983 0.414083 1.0022715 1.0133885 1.0176488 1.0118452 1.0149349 0.97499573 0.9845971 0.9924427 0.9808897 0.9924427 0.9901927 1.0176488 1.0118452 1.0164845 1.0087683 0.24222292 0 1.0215429 1.0034139 1.0211525
0.67285645 0.69097745 1.0130024 0.32093644 0.31087938 0.68397504 1.0313674 1.0449389 0.9977191 1.0053219 0.69022405 0.6899731 0.7005865 0.6892207 0.6904751 0.89865875 0.90398026 0.67802465 0.6775309 0.6899731 0.69097745 0.18340309 0.68049824 0.18276484 0.29976138 1.0397208 1.0215429 0 0.90164745 0.9160936
0.9127091 0.9133848 0.98869646 0.9019803 0.90164745 0.8914027 1.0203725 1.0149349 0.9727974 0.9816297 0.8983274 0.8996537 0.8996537 0.9053166 0.9013148 0.8745262 0.88616943 0.8927168 0.8864954 0.8907466 0.8904187 0.910349 0.89766514 0.90565103 0.8871479 0.99885464 1.0034139 0.90164745 0 0.16986184
0.9150766 0.9205164 0.9950763 0.91575444 0.9150766 0.8953518 1.0317632 1.0266355 0.98757625 0.99658537 0.89932185 0.9043141 0.91203403 0.91169673 0.90900373 0.87356406 0.88064873 0.88943595 0.88616943 0.9096761 0.9063204 0.9222244 0.8979962 0.91643286 0.90264636 1.018426 1.0211525 0.9160936 0.16986184 0
