0 1.05656102835201 1.28681431291625 0.909189795143902 1.0202484766487 1.25312434718944 1.25087102944963 1.45597877772525 1.47970562428236 1.81161205982789 1.38197854533792 1.10740816919133 0.950674826744944 1.5041346559301 1.021002542926 1.43170245713554 0.975907901069149 1.52194343577139 1.37049739668146 0.991165736690164 1.50293773156591 1.23310016724281 1.70313075045124 1.10519178700633 1.59980108169839 0.979393597692251 1.82627887069248 1.59706203243695 1.49801937700249 1.24801945569925
1.05656102835201 0 1.51945089013316 1.32333368225954 1.83411830593832 1.56081490498036 1.16531403316185 1.8794415476732 1.14818530878983 1.20810784609057 0.945277297636494 1.4828508940991 1.03442716738209 1.78866315307096 1.03604555572383 1.5903129526414 1.135094339028 1.45092309638858 1.45822022389621 1.80282621365041 1.49040558654815 1.88935284782201 1.79198618372902 1.62500982638448 0.944111986085773 1.46700453734957 1.10227003972977 1.38855087780394 1.87275368114933 1.16950946603902
1.28681431291625 1.51945089013316 0 1.30039356765337 1.84724407270551 1.77608655695803 1.17747776652686 1.0074776171241 0.938697712263092 1.08061650325544 1.68850084301084 1.70313104148954 1.36240547802299 1.69804958021268 1.2698392199818 1.66797127667814 1.10360858193599 1.39976791618392 1.52455695904791 1.33678394253366 1.5350940246135 1.51824697270058 1.37747370125726 1.75551052996889 1.77925913454965 1.79895135201514 1.0272844764404 1.56712220329791 1.0219391817227 1.14700089162216
0.909189795143902 1.32333368225954 1.30039356765337 0 1.6434847661294 1.19839425967075 1.00048080109991 1.39802731922828 1.88086935481988 1.44620979181491 1.71527355560102 0.99486013315618 1.5170598004479 1.67590515455231 1.3377662494313 1.54273789213039 0.932105480693281 1.65087507106364 1.57533894269727 1.04128734325059 1.77102326974273 1.28876890358515 1.82433080626652 1.16238187695853 1.67477305582725 1.5752695761621 1.01963997050188 1.78528100112453 1.60414510127157 1.3604200349655
1.0202484766487 1.83411830593832 1.84724407270551 1.6434847661294 0 1.33707552636042 1.62129213637672 0.931915181456134 1.66592699405737 1.81065089441836 1.54304248350672 1.74572269478813 1.36921556014568 1.70190626266412 1.14033942995593 0.96248252177611 1.14625362423249 0.969077933812514 0.986890173284337 0.911461969139054 1.22997767385095 1.14810604043305 1.28460272401571 1.18521726178005 1.26989189954475 1.71449783537537 1.2293042386882 1.83481384720653 1.72567980736494 0.95416685868986
1.25312434718944 1.56081490498036 1.77608655695803 1.19839425967075 1.33707552636042 0 1.13330340944231 1.44742153258994 1.67970799421892 1.8089570091106 1.17141754738986 1.5735722836107 1.67621289659292 1.68987667211331 1.18878167541698 1.1641608311329 1.33443348668516 1.37535265949555 1.51100038317963 0.974017956061289 0.92355148633942 1.8869846125599 1.46150773833506 1.65903058485128 1.39771963329986 1.35569513542578 0.960941442055628 1.39158927556127 1.83299236884341 1.73022170574404
1.25087102944963 1.16531403316185 1.17747776652686 1.00048080109991 1.62129213637672 1.13330340944231 0 1.48461857484654 1.42596875340678 1.38251889357343 1.4403581561055 1.54463836876675 0.983216369524598 1.58712923713028 1.36527384957299 1.51238203188404 1.72569774021395 1.21502322051674 1.02337566064671 1.04791904403828 1.86526385322213 1.09295384236611 1.36493001016788 1.86231730831787 1.64606014965102 1.72406949056312 1.48114204313606 1.33607035782188 0.961658247979358 1.18850161507726
1.45597877772525 1.8794415476732 1.0074776171241 1.39802731922828 0.931915181456134 1.44742153258994 1.48461857484654 0 1.66109538567252 1.62586918543093 1.63745965459384 1.54350482462905 1.86636060127057 1.23823615838774 1.63033140520565 1.80007381783798 1.57035889755934 1.68938893545419 1.68556341761723 1.09121805755422 1.6172273424454 1.85707210609689 1.66478838422336 1.20612961240113 1.31227394659072 1.399877615273 1.53597772773355 1.70017107506283 1.10330455913208 1.40498251770623
1.47970562428236 1.14818530878983 0.938697712263092 1.88086935481988 1.66592699405737 1.67970799421892 1.42596875340678 1.66109538567252 0 1.74556240136735 1.47342802351341 1.18611574545503 1.09011196671054 1.51212601666339 1.44130766228773 1.29143601004034 1.32624127552845 1.71660456922837 1.72392158559524 1.20648601395078 1.07572992169298 1.42932711052708 1.0697604813613 1.31013483530842 1.3991996885743 0.913005637237802 1.2825188585557 1.66691506374627 0.948769058100879 1.27842090581544
1.81161205982789 1.20810784609057 1.08061650325544 1.44620979181491 1.81065089441836 1.8089570091106 1.38251889357343 1.62586918543093 1.74556240136735 0 1.57270211400464 1.72664031409658 1.75652832607739 1.25973432511091 1.50391635694541 1.72729870351031 1.85652347281575 1.40484870574437 1.46435308759101 1.6593103047926 1.85033113183454 1.54753987956792 1.40703364112414 1.73748433031142 1.89050775486976 1.81979366205633 1.37338817794807 1.31212220923044 1.2919511271175 1.67979260464199
1.38197854533792 0.945277297636494 1.68850084301084 1.71527355560102 1.54304248350672 1.17141754738986 1.4403581561055 1.63745965459384 1.47342802351341 1.57270211400464 0 1.78749404568225 1.48787540174089 1.42291927873157 1.55141453351825 1.65687224920839 1.10466817812994 1.26801455859095 1.62259071250446 1.54978359583765 1.67836376046762 1.37030057935044 1.0537556449417 1.30800832784735 0.988222360145301 1.36700329836458 1.43382007814944 1.67105768667534 1.03189041698352 0.965578952804208
1.10740816919133 1.4828508940991 1.70313104148954 0.99486013315618 1.74572269478813 1.5735722836107 1.54463836876675 1.54350482462905 1.18611574545503 1.72664031409658 1.78749404568225 0 1.49765980662778 1.20087545015849 1.41382130398415 1.59215291193686 1.42967055505142 1.32318003638647 1.44407701003365 1.50093618268147 0.988571663154289 1.61465829843655 1.72396076051518 1.67673332872801 1.84856073791161 1.74036210216582 1.64342575799674 1.01476002950221 1.36092173471116 1.28439941140823
0.950674826744944 1.03442716738209 1.36240547802299 1.5170598004479 1.36921556014568 1.67621289659292 0.983216369524598 1.86636060127057 1.09011196671054 1.75652832607739 1.48787540174089 1.49765980662778 0 1.52070406079292 1.28605138254352 1.16270312527195 1.51265341904946 0.956759008811787 1.00965176499449 1.49426332022995 1.4642603949178 0.919816229259595 1.74509754544124 1.5037328582257 1.75923753622919 1.86125019239262 1.87253339565359 1.35853579058312 1.31174356420524 1.18360569793731
1.5041346559301 1.78866315307096 1.69804958021268 1.67590515455231 1.70190626266412 1.68987667211331 1.58712923713028 1.23823615838774 1.51212601666339 1.25973432511091 1.42291927873157 1.20087545015849 1.52070406079292 0 1.24262582627125 1.31311477976851 1.77253739279695 1.34570211381651 1.313449294772 1.04845614754595 1.31741117383353 1.13984196959063 1.67338371602818 0.954757594037801 0.966037859208882 0.950672013917938 1.35882708407007 1.7788678847719 1.50496549345553 1.89802304119803
1.021002542926 1.03604555572383 1.2698392199818 1.3377662494313 1.14033942995593 1.18878167541698 1.36527384957299 1.63033140520565 1.44130766228773 1.50391635694541 1.55141453351825 1.41382130398415 1.28605138254352 1.24262582627125 0 1.85419618105516 1.77447423967533 1.19774183863774 1.04709327360615 1.3443552472163 1.76538656675257 1.86801126832142 0.915870286524296 1.8106295701582 1.25642380747013 1.16437996458262 1.11440628999844 1.7321309489198 1.70847081346437 1.21548148337752
1.43170245713554 1.5903129526414 1.66797127667814 1.54273789213039 0.96248252177611 1.1641608311329 1.51238203188404 1.80007381783798 1.29143601004034 1.72729870351031 1.65687224920839 1.59215291193686 1.16270312527195 1.31311477976851 1.85419618105516 0 1.17477614432573 1.75791700137779 1.6317961870227 1.53861569869332 0.982323091244325 0.979240927146748 1.89909738861024 1.07779577863403 1.37095614080317 1.84311234485358 1.57012167666107 1.69264915422536 0.943934248993173 1.02505330811255
0.975907901069149 1.135094339028 1.10360858193599 0.932105480693281 1.14625362423249 1.33443348668516 1.72569774021395 1.57035889755934 1.32624127552845 1.85652347281575 1.10466817812994 1.42967055505142 1.51265341904946 1.77253739279695 1.77447423967533 1.17477614432573 0 1.62259088992141 0.934855925384909 1.3804666090291 1.36801100661978 1.66340537043288 0.937394879525527 1.75246809353121 1.4215483861044 1.51096174377017 1.67689666803926 1.12709450349212 1.34272047202103 1.53225366096012
1.52194343577139 1.45092309638858 1.39976791618392 1.65087507106364 0.969077933812514 1.37535265949555 1.21502322051674 1.68938893545419 1.71660456922837 1.40484870574437 1.26801455859095 1.32318003638647 0.956759008811787 1.34570211381651 1.19774183863774 1.75791700137779 1.62259088992141 0 1.52610608609393 1.00899465102702 1.29382725968026 1.44518707343377 1.74485906027257 1.09587056655437 1.17144060903229 1.57493326370604 1.3957570923958 1.74009176320396 1.28934785956517 1.62647847319022
1.37049739668146 1.45822022389621 1.52455695904791 1.57533894269727 0.986890173284337 1.51100038317963 1.02337566064671 1.68556341761723 1.72392158559524 1.46435308759101 1.62259071250446 1.44407701003365 1.00965176499449 1.313449294772 1.04709327360615 1.6317961870227 0.934855925384909 1.52610608609393 0 1.30633430718444 1.89221144584008 1.12554349843413 0.973689314210787 1.0382584691979 1.54592843842693 1.01538330549374 1.07318577473052 1.70945819001645 1.69301151763648 1.29043986904435
0.991165736690164 1.80282621365041 1.33678394253366 1.04128734325059 0.911461969139054 0.974017956061289 1.04791904403828 1.09121805755422 1.20648601395078 1.6593103047926 1.54978359583765 1.50093618268147 1.49426332022995 1.04845614754595 1.3443552472163 1.53861569869332 1.3804666090291 1.00899465102702 1.30633430718444 0 1.89756944240071 1.87178740790114 1.89786488679238 1.40174421435222 1.36929472605698 1.0938937140163 1.87882081093267 1.19267132831737 1.35187521460466 0.955483760684729
1.50293773156591 1.49040558654815 1.5350940246135 1.77102326974273 1.22997767385095 0.92355148633942 1.86526385322213 1.6172273424454 1.07572992169298 1.85033113183454 1.67836376046762 0.988571663154289 1.4642603949178 1.31741117383353 1.76538656675257 0.982323091244325 1.36801100661978 1.29382725968026 1.89221144584008 1.89756944240071 0 0.969681224087253 0.946345623582602 1.68744696700014 1.70380334020592 1.74502289062366 1.58126996806823 0.907532147597522 0.996786837931722 1.55083476821892
1.23310016724281 1.88935284782201 1.51824697270058 1.28876890358515 1.14810604043305 1.8869846125599 1.09295384236611 1.85707210609689 1.42932711052708 1.54753987956792 1.37030057935044 1.61465829843655 0.919816229259595 1.13984196959063 1.86801126832142 0.979240927146748 1.66340537043288 1.44518707343377 1.12554349843413 1.87178740790114 0.969681224087253 0 1.64068946032785 1.57184541318566 1.84382394538261 1.89377120579593 1.13084595627151 1.59286689292639 1.88018919341266 1.48252732143737
1.70313075045124 1.79198618372902 1.37747370125726 1.82433080626652 1.28460272401571 1.46150773833506 1.36493001016788 1.66478838422336 1.0697604813613 1.40703364112414 1.0537556449417 1.72396076051518 1.74509754544124 1.67338371602818 0.915870286524296 1.89909738861024 0.937394879525527 1.74485906027257 0.973689314210787 1.89786488679238 0.946345623582602 1.64068946032785 0 1.41975319967605 1.17240729928017 0.952845607884228 1.56199695589021 1.49012849689461 1.53191489074379 1.58146217931062
1.10519178700633 1.62500982638448 1.75551052996889 1.16238187695853 1.18521726178005 1.65903058485128 1.86231730831787 1.20612961240113 1.31013483530842 1.73748433031142 1.30800832784735 1.67673332872801 1.5037328582257 0.954757594037801 1.8106295701582 1.07779577863403 1.75246809353121 1.09587056655437 1.0382584691979 1.40174421435222 1.68744696700014 1.57184541318566 1.41975319967605 0 1.71680273418315 1.18172812717967 1.07334329443984 1.80147876869887 1.88974025729112 1.90508607099764
1.59980108169839 0.944111986085773 1.77925913454965 1.67477305582725 1.26989189954475 1.39771963329986 1.64606014965102 1.31227394659072 1.3991996885743 1.89050775486976 0.988222360145301 1.84856073791161 1.75923753622919 0.966037859208882 1.25642380747013 1.37095614080317 1.4215483861044 1.17144060903229 1.54592843842693 1.36929472605698 1.70380334020592 1.84382394538261 1.17240729928017 1.71680273418315 0 1.10594052425586 1.76121886959299 1.41673747636378 1.7188297486864 1.53292683162726
0.979393597692251 1.46700453734957 1.79895135201514 1.5752695761621 1.71449783537537 1.35569513542578 1.72406949056312 1.399877615273 0.913005637237802 1.81979366205633 1.36700329836458 1.74036210216582 1.86125019239262 0.950672013917938 1.16437996458262 1.84311234485358 1.51096174377017 1.57493326370604 1.01538330549374 1.0938937140163 1.74502289062366 1.89377120579593 0.952845607884228 1.18172812717967 1.10594052425586 0 0.941458711167797 1.3392038831953 1.63076652097516 1.90048659848981
1.82627887069248 1.10227003972977 1.0272844764404 1.01963997050188 1.2293042386882 0.960941442055628 1.48114204313606 1.53597772773355 1.2825188585557 1.37338817794807 1.43382007814944 1.64342575799674 1.87253339565359 1.35882708407007 1.11440628999844 1.57012167666107 1.67689666803926 1.3957570923958 1.07318577473052 1.87882081093267 1.58126996806823 1.13084595627151 1.56199695589021 1.07334329443984 1.76121886959299 0.941458711167797 0 1.42980338679627 1.36290942505002 1.74961176724173
1.59706203243695 1.38855087780394 1.56712220329791 1.78528100112453 1.83481384720653 1.39158927556127 1.33607035782188 1.70017107506283 1.66691506374627 1.31212220923044 1.67105768667534 1.01476002950221 1.35853579058312 1.7788678847719 1.7321309489198 1.69264915422536 1.12709450349212 1.74009176320396 1.70945819001645 1.19267132831737 0.907532147597522 1.59286689292639 1.49012849689461 1.80147876869887 1.41673747636378 1.3392038831953 1.42980338679627 0 1.17175325937569 1.07897967775352
1.49801937700249 1.87275368114933 1.0219391817227 1.60414510127157 1.72567980736494 1.83299236884341 0.961658247979358 1.10330455913208 0.948769058100879 1.2919511271175 1.03189041698352 1.36092173471116 1.31174356420524 1.50496549345553 1.70847081346437 0.943934248993173 1.34272047202103 1.28934785956517 1.69301151763648 1.35187521460466 0.996786837931722 1.88018919341266 1.53191489074379 1.88974025729112 1.7188297486864 1.63076652097516 1.36290942505002 1.17175325937569 0 1.71721819601953
1.24801945569925 1.16950946603902 1.14700089162216 1.3604200349655 0.95416685868986 1.73022170574404 1.18850161507726 1.40498251770623 1.27842090581544 1.67979260464199 0.965578952804208 1.28439941140823 1.18360569793731 1.89802304119803 1.21548148337752 1.02505330811255 1.53225366096012 1.62647847319022 1.29043986904435 0.955483760684729 1.55083476821892 1.48252732143737 1.58146217931062 1.90508607099764 1.53292683162726 1.90048659848981 1.74961176724173 1.07897967775352 1.71721819601953 0
