0 1.51700057042763 1.8847924603615 1.72691380162723 1.90263130958192 1.01217170292512 1.67146809445694 1.24182531191036 1.80885955644771 1.82964122504927 1.16957309353165 1.58752553118393 1.11908762482926 1.69582209223881 1.8791488383431 1.92911251960322 1.21473089256324 1.46172080654651 1.18003840767778 1.56735514779575 1.32609654613771 1.64114011614583 1.31831421586685 0.954596295487136 1.50587344449013 1.78393333521672 1.05379766621627 1.37087558931671 1.91682981094345 1.30644009378739
1.51700057042763 0 1.80577444564551 1.18272777972743 1.65832420857623 1.14629093464464 1.37468538619578 1.74881477863528 1.3011595334392 1.76890624361113 1.7403183451388 1.48639359860681 1.20800181408413 1.61509600304998 1.69840523949824 1.03464532876387 1.73119997628964 1.76778287161142 1.30078117083758 1.18197765550576 1.40454944572411 1.66450781957246 1.30480644945055 1.22165389009751 1.12551477993838 1.07763708033599 1.83197881514207 1.79983938322403 1.828346129274 1.18752555106767
1.8847924603615 1.80577444564551 0 1.54553146287799 1.83733478095382 1.36116212583147 1.24021635530517 1.78120458265767 1.71361976838671 1.68740365444683 1.62973723351024 1.29089149064384 0.962773877428845 1.56773150037043 1.31480852933601 1.33476538327523 1.01477179140784 0.985491300933063 1.6439209759701 0.990237153600901 1.14662443334237 1.8891272416804 1.57324214396067 1.05320943589322 1.55169785209 1.69093344151042 1.02608842821792 1.34462856128812 1.34169477852993 1.87092801299877
1.72691380162723 1.18272777972743 1.54553146287799 0 1.7035964585375 1.24911747453734 1.92206887714565 0.991850108606741 0.956348057370633 1.57509973994456 1.58847085130401 1.30489109875634 1.28461316041648 1.43232427327894 1.46910227951594 1.20102962944657 1.05977287678979 1.45324123161845 1.66495991079137 1.68099213624373 1.22737950040027 1.81310523557477 1.22530430066399 1.18613975704648 1.73241808195598 1.88281403575093 0.993145721498877 1.71570686181076 1.8991788693238 1.22260516532697
1.90263130958192 1.65832420857623 1.83733478095382 1.7035964585375 0 1.74190201121382 0.962294858181849 1.02773153339513 1.09493122459389 1.06334915454499 1.35366813465953 1.34274871647358 1.01069113099948 1.2743518052157 0.977213645586744 1.20937928161584 1.92458928958513 1.46322379307821 1.85740926256403 1.26132962410338 1.56172636477277 0.977013176539913 1.27874305355363 1.05307529564016 1.55738889030181 1.15846962924115 1.85109330178238 1.76106384512968 1.48589284811169 1.18104883399792
1.01217170292512 1.14629093464464 1.36116212583147 1.24911747453734 1.74190201121382 0 1.77040191483684 1.43384967697784 1.10549404658377 1.85625676764175 1.93481329246424 1.9420967141632 1.280258995248 1.77899671974592 1.05928779230453 1.5637757643126 1.27335998998024 1.00879683787934 1.7420290177688 1.44269928173162 1.14861149783246 1.61694395286031 1.16864763572812 1.29721967596561 1.67529836669564 1.34858430386521 1.2849814328365 1.80584073159844 1.79869093885645 1.68253224994987
1.67146809445694 1.37468538619578 1.24021635530517 1.92206887714565 0.962294858181849 1.77040191483684 0 1.40069675375707 1.54939420218579 0.956306759733707 1.52034295187332 1.92296506091952 1.42683045752347 1.16285162745044 1.69253800506704 1.37544174981304 1.11032697511837 1.80527607025579 1.22244051867165 1.62700594472699 1.22330976882949 1.48101247777231 1.92974611581303 1.72000374086201 1.92261351714842 1.37172342650592 1.41674760705791 1.28318892372772 1.82884779572487 1.46554198302329
1.24182531191036 1.74881477863528 1.78120458265767 0.991850108606741 1.02773153339513 1.43384967697784 1.40069675375707 0 1.15852849790826 1.28778169164434 1.11909875646234 0.979377345414832 1.42400875547901 1.55230702785775 1.07876263535582 1.35298955626786 1.23464148165658 1.84241845784709 1.31508364668116 1.84996478934772 1.89866535412148 1.11358752776869 1.30475158593617 1.72073255386204 1.66427511582151 1.92179677239619 1.01212213793769 1.29765251511708 1.37404094287194 1.4247691470664
1.80885955644771 1.3011595334392 1.71361976838671 0.956348057370633 1.09493122459389 1.10549404658377 1.54939420218579 1.15852849790826 0 1.18808667850681 1.57925319997594 0.973968729376793 1.27051789592952 1.15215568593703 1.26202874653973 1.59979332773946 1.93736201408319 1.77654045377858 1.79792592697777 1.58808059222065 1.18551258207299 1.77295266487636 1.93685139925219 1.49452795973048 1.76034495094791 1.2239097780548 1.47806846606545 0.996579221449792 1.80191622138955 1.60760835278779
1.82964122504927 1.76890624361113 1.68740365444683 1.57509973994456 1.06334915454499 1.85625676764175 0.956306759733707 1.28778169164434 1.18808667850681 0 1.79219028889202 0.966658301185817 1.8487818588037 1.64151638071053 1.21187815559097 1.52304921951145 1.35590174328536 1.22032511048019 1.26231418643147 1.71130086481571 1.44868521555327 1.28602308966219 1.72952683921903 1.14852189878002 1.50363138201647 1.0444453204982 1.54098243592307 1.64133843034506 1.68147599557415 1.88832633220591
1.16957309353165 1.7403183451388 1.62973723351024 1.58847085130401 1.35366813465953 1.93481329246424 1.52034295187332 1.11909875646234 1.57925319997594 1.79219028889202 0 1.73194169555791 1.90066463593394 1.07295467192307 1.61925398861058 1.15158203593455 1.25733173498884 0.954501738073304 1.41150417085737 1.28078106208704 1.22767098830082 1.86623949487694 1.24971357523464 1.32670025900006 1.06426357990131 1.17727421782911 1.82517323619686 1.68598416866735 0.967930581187829 0.994382991688326
1.58752553118393 1.48639359860681 1.29089149064384 1.30489109875634 1.34274871647358 1.9420967141632 1.92296506091952 0.979377345414832 0.973968729376793 0.966658301185817 1.73194169555791 0 1.83371328539215 1.39148247684352 1.37431765743531 1.0118181090802 1.40269711427391 1.55110071692616 1.24601980368607 1.26091501698829 1.63046813081019 1.08292533317581 1.78205282520503 1.2531845739577 1.66616393672302 1.58835627068765 1.21361430175602 1.77817070088349 1.41627272800542 1.39803372882307
1.11908762482926 1.20800181408413 0.962773877428845 1.28461316041648 1.01069113099948 1.280258995248 1.42683045752347 1.42400875547901 1.27051789592952 1.8487818588037 1.90066463593394 1.83371328539215 0 1.22242794465274 1.70849178545177 1.67399077489972 1.71617036499083 1.76038138219155 1.72963343560696 1.3980968084652 1.2669580518268 1.9282029888127 1.37705426011235 1.4655909081921 1.58126628794707 1.17408174881712 1.934422864113 0.992364058503881 1.07785830972716 1.78764857817441
1.69582209223881 1.61509600304998 1.56773150037043 1.43232427327894 1.2743518052157 1.77899671974592 1.16285162745044 1.55230702785775 1.15215568593703 1.64151638071053 1.07295467192307 1.39148247684352 1.22242794465274 0 1.63826930406503 1.74717638082802 1.71060962672345 1.1749242732767 1.16286828718148 1.21884315367788 1.74765924899839 1.59226807951927 1.00493546202779 1.26344397990033 1.22737077879719 1.01255323691294 1.01156470226124 1.88823418365791 1.84282056288794 1.32406432530843
1.8791488383431 1.69840523949824 1.31480852933601 1.46910227951594 0.977213645586744 1.05928779230453 1.69253800506704 1.07876263535582 1.26202874653973 1.21187815559097 1.61925398861058 1.37431765743531 1.70849178545177 1.63826930406503 0 1.73932138900273 1.53424659650773 1.8009547595866 1.41141500067897 1.93156545190141 1.30176846543327 1.03996038739569 1.14885752601549 1.5624909917824 1.48957192664966 0.949209589976817 1.29099200526252 1.77495724940673 1.89471559342928 0.990810666698962
1.92911251960322 1.03464532876387 1.33476538327523 1.20102962944657 1.20937928161584 1.5637757643126 1.37544174981304 1.35298955626786 1.59979332773946 1.52304921951145 1.15158203593455 1.0118181090802 1.67399077489972 1.74717638082802 1.73932138900273 0 1.57191831967793 1.88717437512241 1.70848876261152 0.966481928247958 1.02358009503223 1.04198611015454 1.34230358107015 0.986359854927287 1.19678096682765 1.58251941832714 1.8811672385782 0.972527337260544 1.66452455404215 1.33892059815116
1.21473089256324 1.73119997628964 1.01477179140784 1.05977287678979 1.92458928958513 1.27335998998024 1.11032697511837 1.23464148165658 1.93736201408319 1.35590174328536 1.25733173498884 1.40269711427391 1.71617036499083 1.71060962672345 1.53424659650773 1.57191831967793 0 1.7437133952044 1.44806562410668 0.997785092098638 1.082126427209 1.79656419972889 1.29763188236393 1.59467640658841 1.68566203303635 1.33724963734858 1.393822979182 1.00647056964226 1.06039272085764 1.82844895031303
1.46172080654651 1.76778287161142 0.985491300933063 1.45324123161845 1.46322379307821 1.00879683787934 1.80527607025579 1.84241845784709 1.77654045377858 1.22032511048019 0.954501738073304 1.55110071692616 1.76038138219155 1.1749242732767 1.8009547595866 1.88717437512241 1.7437133952044 0 1.72132713883184 1.14360193884932 1.68483717972413 1.55576713755727 1.43094905931503 1.21320758317597 1.01963133295067 1.01704359985888 1.44816778646782 1.44765393715352 1.68768034502864 1.74511240865104
1.18003840767778 1.30078117083758 1.6439209759701 1.66495991079137 1.85740926256403 1.7420290177688 1.22244051867165 1.31508364668116 1.79792592697777 1.26231418643147 1.41150417085737 1.24601980368607 1.72963343560696 1.16286828718148 1.41141500067897 1.70848876261152 1.44806562410668 1.72132713883184 0 1.88431167136878 1.06741765909828 1.22334571857937 1.19310172484256 1.7494563893415 1.47416642308235 1.23468623310328 1.68746161996387 1.00778870889917 1.89803550369106 1.28503586142324
1.56735514779575 1.18197765550576 0.990237153600901 1.68099213624373 1.26132962410338 1.44269928173162 1.62700594472699 1.84996478934772 1.58808059222065 1.71130086481571 1.28078106208704 1.26091501698829 1.3980968084652 1.21884315367788 1.93156545190141 0.966481928247958 0.997785092098638 1.14360193884932 1.88431167136878 0 1.54919786844403 1.86904308805242 1.37720410665497 1.90506444638595 1.20927961869165 1.31553402170539 1.46658144379035 1.53264824789949 1.08287412766367 1.75912429392338
1.32609654613771 1.40454944572411 1.14662443334237 1.22737950040027 1.56172636477277 1.14861149783246 1.22330976882949 1.89866535412148 1.18551258207299 1.44868521555327 1.22767098830082 1.63046813081019 1.2669580518268 1.74765924899839 1.30176846543327 1.02358009503223 1.082126427209 1.68483717972413 1.06741765909828 1.54919786844403 0 1.55101512675174 1.64322729548439 1.44511322979815 0.969320579897612 1.09100568946451 1.0391556515824 1.79356723325327 1.53142011654563 1.19828743464313
1.64114011614583 1.66450781957246 1.8891272416804 1.81310523557477 0.977013176539913 1.61694395286031 1.48101247777231 1.11358752776869 1.77295266487636 1.28602308966219 1.86623949487694 1.08292533317581 1.9282029888127 1.59226807951927 1.03996038739569 1.04198611015454 1.79656419972889 1.55576713755727 1.22334571857937 1.86904308805242 1.55101512675174 0 1.17658860771917 1.7592222825624 1.52515453589149 1.6741066146642 1.91543540311977 1.60401596175507 1.58332594670355 1.0599153933581
1.31831421586685 1.30480644945055 1.57324214396067 1.22530430066399 1.27874305355363 1.16864763572812 1.92974611581303 1.30475158593617 1.93685139925219 1.72952683921903 1.24971357523464 1.78205282520503 1.37705426011235 1.00493546202779 1.14885752601549 1.34230358107015 1.29763188236393 1.43094905931503 1.19310172484256 1.37720410665497 1.64322729548439 1.17658860771917 0 0.951268802164122 1.7874035644345 1.33549255528487 1.28652840922587 1.43559213727713 1.49044518382289 1.82394992862828
0.954596295487136 1.22165389009751 1.05320943589322 1.18613975704648 1.05307529564016 1.29721967596561 1.72000374086201 1.72073255386204 1.49452795973048 1.14852189878002 1.32670025900006 1.2531845739577 1.4655909081921 1.26344397990033 1.5624909917824 0.986359854927287 1.59467640658841 1.21320758317597 1.7494563893415 1.90506444638595 1.44511322979815 1.7592222825624 0.951268802164122 0 1.18710181349888 1.26580692594871 1.71606140164658 1.70628657401539 1.0734096779488 1.64384702080861
1.50587344449013 1.12551477993838 1.55169785209 1.73241808195598 1.55738889030181 1.67529836669564 1.92261351714842 1.66427511582151 1.76034495094791 1.50363138201647 1.06426357990131 1.66616393672302 1.58126628794707 1.22737077879719 1.48957192664966 1.19678096682765 1.68566203303635 1.01963133295067 1.47416642308235 1.20927961869165 0.969320579897612 1.52515453589149 1.7874035644345 1.18710181349888 0 0.97022190480493 1.71352613135241 1.45604894706048 1.42047399003059 1.10095067578368
1.78393333521672 1.07763708033599 1.69093344151042 1.88281403575093 1.15846962924115 1.34858430386521 1.37172342650592 1.92179677239619 1.2239097780548 1.0444453204982 1.17727421782911 1.58835627068765 1.17408174881712 1.01255323691294 0.949209589976817 1.58251941832714 1.33724963734858 1.01704359985888 1.23468623310328 1.31553402170539 1.09100568946451 1.6741066146642 1.33549255528487 1.26580692594871 0.97022190480493 0 1.30123809329234 1.25569782056846 1.34020198206417 1.65629792981781
1.05379766621627 1.83197881514207 1.02608842821792 0.993145721498877 1.85109330178238 1.2849814328365 1.41674760705791 1.01212213793769 1.47806846606545 1.54098243592307 1.82517323619686 1.21361430175602 1.934422864113 1.01156470226124 1.29099200526252 1.8811672385782 1.393822979182 1.44816778646782 1.68746161996387 1.46658144379035 1.0391556515824 1.91543540311977 1.28652840922587 1.71606140164658 1.71352613135241 1.30123809329234 0 0.999136799015105 1.06870933040045 1.38150615734048
1.37087558931671 1.79983938322403 1.34462856128812 1.71570686181076 1.76106384512968 1.80584073159844 1.28318892372772 1.29765251511708 0.996579221449792 1.64133843034506 1.68598416866735 1.77817070088349 0.992364058503881 1.88823418365791 1.77495724940673 0.972527337260544 1.00647056964226 1.44765393715352 1.00778870889917 1.53264824789949 1.79356723325327 1.60401596175507 1.43559213727713 1.70628657401539 1.45604894706048 1.25569782056846 0.999136799015105 0 1.64210456097499 1.22931773029268
1.91682981094345 1.828346129274 1.34169477852993 1.8991788693238 1.48589284811169 1.79869093885645 1.82884779572487 1.37404094287194 1.80191622138955 1.68147599557415 0.967930581187829 1.41627272800542 1.07785830972716 1.84282056288794 1.89471559342928 1.66452455404215 1.06039272085764 1.68768034502864 1.89803550369106 1.08287412766367 1.53142011654563 1.58332594670355 1.49044518382289 1.0734096779488 1.42047399003059 1.34020198206417 1.06870933040045 1.64210456097499 0 1.32801492558792
1.30644009378739 1.18752555106767 1.87092801299877 1.22260516532697 1.18104883399792 1.68253224994987 1.46554198302329 1.4247691470664 1.60760835278779 1.88832633220591 0.994382991688326 1.39803372882307 1.78764857817441 1.32406432530843 0.990810666698962 1.33892059815116 1.82844895031303 1.74511240865104 1.28503586142324 1.75912429392338 1.19828743464313 1.0599153933581 1.82394992862828 1.64384702080861 1.10095067578368 1.65629792981781 1.38150615734048 1.22931773029268 1.32801492558792 0
