0 1.49666223605163 0.907241474604234 1.32607053313404 1.75508618052118 1.43375275051221 1.26920264423825 1.78919874643907 1.82403214462101 1.25895676715299 1.43796281307004 1.77598435990512 1.25561424857005 1.45548461377621 1.75502008222975 1.14569900510833 1.15096346847713 1.25844179303385 1.52077122335322 0.870817492017522 1.03302023094147 1.56377250538208 1.12126058293507 1.00378666259348 1.29321567900479 1.64960927632637 1.16850834782235 1.15325236064382 1.55980835622177 0.987286393996328
1.49666223605163 0 1.78990079299547 1.71921531995758 1.44994469638914 1.02584145311266 1.46131255710497 1.54765866696835 1.8276149071753 1.13149450020865 1.16980976774357 1.28892204747535 1.85774268279783 1.38221556600183 1.16247350419872 0.883991142734885 1.20082649448887 0.954898902680725 1.79639059724286 1.70863480074331 0.961384969763458 1.77109638717957 1.20920717413537 1.59811366326176 1.64538736338727 0.94406131352298 1.03465929557569 1.78151905699633 1.0408908626996 1.76322208927013
0.907241474604234 1.78990079299547 0 1.42699464433827 0.905967322411016 1.1723362065386 1.76386780967005 0.893812231021002 1.25615271623246 1.42966264253482 1.63400442455895 1.59103064495139 0.899769698269665 1.53615021309815 1.00594183499925 1.08842632244341 1.76593245309778 1.09601934696548 0.93665032973513 1.01471507595852 1.7925948719494 1.15860142349266 0.941571722738445 1.47578206448816 0.86841039871797 1.06103501259349 1.48023652820848 1.38322309078649 1.18158876337111 1.53830742277205
1.32607053313404 1.71921531995758 1.42699464433827 0 1.72696895292029 1.15489222225733 1.52800232660957 1.00076564867049 1.09663984994404 0.952440998982638 1.65119313099422 1.37020719354041 1.69453457044438 1.76882479805499 1.43326642783359 0.93404229125008 1.66210922552273 1.03588134958409 1.21066787466407 0.960702018113807 1.74328233976848 1.70592399197631 0.881915092933923 1.77112291310914 1.13493378134444 1.43291857792065 1.6927013208624 1.67896309890784 1.56347505282611 1.45511949830689
1.75508618052118 1.44994469638914 0.905967322411016 1.72696895292029 0 1.36066687572747 1.35201030340977 0.924404842313379 1.5338316380512 1.21817379584536 1.2976202594582 1.58291920623742 1.38204580894671 1.70459551899694 1.30716873123311 0.95667914673686 0.876074453815818 1.37913252995349 1.6899814333301 1.14119862997904 1.53546360763721 1.76164699601941 1.81767091271468 1.27710682712495 1.26618618052453 1.4273548964411 1.14522562548518 1.81701034680009 1.70460459263995 1.22981421533041
1.43375275051221 1.02584145311266 1.1723362065386 1.15489222225733 1.36066687572747 0 1.09514608955942 1.2439934425056 1.29079074622132 1.12064158939756 1.62534846761264 0.897410265402868 1.49644477851689 1.01011660066433 1.23644597036764 1.86406734399498 1.24939378164709 1.07859986741096 1.67031964659691 1.56658405740745 1.46762131853029 0.963690249947831 1.09823649097234 0.925264045828953 1.10330680757761 1.73536914912984 1.16169947804883 1.74709810689092 1.69722327706404 1.42034450545907
1.26920264423825 1.46131255710497 1.76386780967005 1.52800232660957 1.35201030340977 1.09514608955942 0 0.870055578649044 1.30911648808978 1.80743273370899 1.54990620817989 1.26732868421823 1.13994948915206 1.59640644933097 1.7223366741091 1.70426429482177 1.396601929795 1.4620489992667 1.09716627001762 1.32060940656811 1.00632434594445 1.51099783321843 1.05352737079374 1.57395916758105 1.86418837704696 1.52358062868007 0.969266814412549 1.05775314220227 1.18437341670506 1.70201639132574
1.78919874643907 1.54765866696835 0.893812231021002 1.00076564867049 0.924404842313379 1.2439934425056 0.870055578649044 0 1.319244279759 1.2474075909704 1.39383812760934 1.73339213011786 1.59556474420242 1.26477187755518 0.90247123548761 1.10857559903525 1.18360336660407 1.228432508884 1.04131306009367 1.51121815992519 1.59645508229733 1.75876115635037 1.39924061996862 1.60046171839349 1.41429975349456 0.904034943785518 1.15746218827553 1.17027196614072 1.68793691252358 0.914743746630847
1.82403214462101 1.8276149071753 1.25615271623246 1.09663984994404 1.5338316380512 1.29079074622132 1.30911648808978 1.319244279759 0 1.02247080532834 1.57489468972199 1.61165113537572 1.07374319294468 1.26099876244552 1.79137506638654 1.63368993648328 1.58733448828571 1.16253893193789 1.11215554364026 1.14107558666728 1.59335907688364 1.40701314690523 0.898254748200998 1.82577498652972 1.37575122737326 1.52747993334197 1.34497889084741 1.2257888824679 1.41188471764326 1.72217645705678
1.25895676715299 1.13149450020865 1.42966264253482 0.952440998982638 1.21817379584536 1.12064158939756 1.80743273370899 1.2474075909704 1.02247080532834 0 1.04363007191569 1.36148990271613 1.78832623478957 0.939252438489348 1.05343423527665 1.58634672034532 1.02539965440519 1.61715405201539 1.07289867266081 1.32270876970142 1.35814361041412 1.43177144299261 1.47074569994584 1.23405305878259 1.77704512071796 1.28576722531579 1.20516711985692 1.6796017230954 1.79267651541159 1.57599853933789
1.43796281307004 1.16980976774357 1.63400442455895 1.65119313099422 1.2976202594582 1.62534846761264 1.54990620817989 1.39383812760934 1.57489468972199 1.04363007191569 0 0.978216869290918 0.980650211684406 1.54671699251048 1.54542408115231 1.06308794487268 1.59535539220087 1.28159658121876 1.48975802701898 1.46617957996204 1.49927988997661 1.55930794891901 1.16328039066866 1.65413887728937 1.47899888292886 1.03982352069579 1.59301737858914 0.945472290739417 0.965828896733001 0.988573981216177
1.77598435990512 1.28892204747535 1.59103064495139 1.37020719354041 1.58291920623742 0.897410265402868 1.26732868421823 1.73339213011786 1.61165113537572 1.36148990271613 0.978216869290918 0 1.67138296552002 1.60857915994711 0.916501647792757 1.67166931997053 1.02112197456881 1.0253765436355 0.909906247397885 1.32734179496765 0.904708870686591 1.62413812149316 1.33585934340954 0.91919700987637 1.20808026473969 1.38047596998513 1.06011846615002 1.62787180184387 1.04666478442959 1.13703963928856
1.25561424857005 1.85774268279783 0.899769698269665 1.69453457044438 1.38204580894671 1.49644477851689 1.13994948915206 1.59556474420242 1.07374319294468 1.78832623478957 0.980650211684406 1.67138296552002 0 0.957250919891521 1.68153125420213 1.17970540351234 1.79276272747666 1.83339980058372 1.21736495499499 1.5479539022781 1.77778221969493 0.901087228674442 1.00944282510318 1.7170122419484 0.921842258889228 0.947156996233389 1.50253420183435 1.18368553277105 1.86684745270759 1.4563601273112
1.45548461377621 1.38221556600183 1.53615021309815 1.76882479805499 1.70459551899694 1.01011660066433 1.59640644933097 1.26477187755518 1.26099876244552 0.939252438489348 1.54671699251048 1.60857915994711 0.957250919891521 0 1.22482864535414 1.39035241655074 1.52742422511801 1.44898576219566 1.46485687536187 0.996232557343319 0.979637810494751 1.02827626932412 1.7894773343578 1.00677277380601 0.93181711086072 1.15721403597854 0.951680629048496 1.53078689659014 1.10968820122071 0.909802501555532
1.75502008222975 1.16247350419872 1.00594183499925 1.43326642783359 1.30716873123311 1.23644597036764 1.7223366741091 0.90247123548761 1.79137506638654 1.05343423527665 1.54542408115231 0.916501647792757 1.68153125420213 1.22482864535414 0 0.88722370704636 1.60289430432022 1.68183043156751 1.81060194969177 1.32773881987669 1.6539278307464 1.19816254894249 1.78596175392158 1.10769062372856 1.22536189807579 1.46730903699063 0.958820955595002 1.21964234276675 1.35101657081395 1.34990632045083
1.14569900510833 0.883991142734885 1.08842632244341 0.93404229125008 0.95667914673686 1.86406734399498 1.70426429482177 1.10857559903525 1.63368993648328 1.58634672034532 1.06308794487268 1.67166931997053 1.17970540351234 1.39035241655074 0.88722370704636 0 1.3246588956099 1.47784872422926 1.15512246196158 1.73378655593842 1.30373065848835 1.36037273495458 1.64585794159211 1.46900865039788 0.882873667404056 0.983168395934626 1.66604378330521 1.81632263632491 0.99336112011224 1.39272882440127
1.15096346847713 1.20082649448887 1.76593245309778 1.66210922552273 0.876074453815818 1.24939378164709 1.396601929795 1.18360336660407 1.58733448828571 1.02539965440519 1.59535539220087 1.02112197456881 1.79276272747666 1.52742422511801 1.60289430432022 1.3246588956099 0 1.04026963189244 1.83641092479229 1.60691250907257 1.34755900758319 1.37968867761083 1.31081518530846 1.41282444982789 1.76402797270566 1.63917285623029 1.54306876240298 1.67191652185284 0.980705545749515 1.82261779834516
1.25844179303385 0.954898902680725 1.09601934696548 1.03588134958409 1.37913252995349 1.07859986741096 1.4620489992667 1.228432508884 1.16253893193789 1.61715405201539 1.28159658121876 1.0253765436355 1.83339980058372 1.44898576219566 1.68183043156751 1.47784872422926 1.04026963189244 0 1.19204471609555 1.58482186193578 1.59923982061446 1.27917702868581 1.82183438329957 1.03408939554356 1.3248441843316 1.52307675289921 1.59215513709933 1.3797133974731 0.989491730928421 1.46007982571609
1.52077122335322 1.79639059724286 0.93665032973513 1.21066787466407 1.6899814333301 1.67031964659691 1.09716627001762 1.04131306009367 1.11215554364026 1.07289867266081 1.48975802701898 0.909906247397885 1.21736495499499 1.46485687536187 1.81060194969177 1.15512246196158 1.83641092479229 1.19204471609555 0 1.29736935324036 1.34894681815058 0.963562005432323 1.29805576754734 1.43058195151389 1.70261567784473 1.14134733751416 0.908157552126795 0.925258337054402 1.57601182931103 1.62154299137183
0.870817492017522 1.70863480074331 1.01471507595852 0.960702018113807 1.14119862997904 1.56658405740745 1.32060940656811 1.51121815992519 1.14107558666728 1.32270876970142 1.46617957996204 1.32734179496765 1.5479539022781 0.996232557343319 1.32773881987669 1.73378655593842 1.60691250907257 1.58482186193578 1.29736935324036 0 1.59027085383423 1.17717805015855 1.53123328345828 1.01207367400639 1.73968889680691 1.69508300698362 1.55124259460717 1.29498548805714 0.98774356325157 1.59407752612606
1.03302023094147 0.961384969763458 1.7925948719494 1.74328233976848 1.53546360763721 1.46762131853029 1.00632434594445 1.59645508229733 1.59335907688364 1.35814361041412 1.49927988997661 0.904708870686591 1.77778221969493 0.979637810494751 1.6539278307464 1.30373065848835 1.34755900758319 1.59923982061446 1.34894681815058 1.59027085383423 0 1.8184842900373 0.925046757329255 1.23664110549726 1.81558382697403 1.33282952266745 1.59723164793104 1.46291917329654 1.06058161263354 1.3717884903308
1.56377250538208 1.77109638717957 1.15860142349266 1.70592399197631 1.76164699601941 0.963690249947831 1.51099783321843 1.75876115635037 1.40701314690523 1.43177144299261 1.55930794891901 1.62413812149316 0.901087228674442 1.02827626932412 1.19816254894249 1.36037273495458 1.37968867761083 1.27917702868581 0.963562005432323 1.17717805015855 1.8184842900373 0 1.5501787092071 0.910405546193942 1.20852600620128 1.52079895837232 1.51010810467415 1.66499917651527 1.00152171077207 1.63430418423377
1.12126058293507 1.20920717413537 0.941571722738445 0.881915092933923 1.81767091271468 1.09823649097234 1.05352737079374 1.39924061996862 0.898254748200998 1.47074569994584 1.16328039066866 1.33585934340954 1.00944282510318 1.7894773343578 1.78596175392158 1.64585794159211 1.31081518530846 1.82183438329957 1.29805576754734 1.53123328345828 0.925046757329255 1.5501787092071 0 1.47626124089584 1.54283150332049 1.04447874636389 1.25642741797492 1.33680087421089 0.975762521149591 1.53388595115393
1.00378666259348 1.59811366326176 1.47578206448816 1.77112291310914 1.27710682712495 0.925264045828953 1.57395916758105 1.60046171839349 1.82577498652972 1.23405305878259 1.65413887728937 0.91919700987637 1.7170122419484 1.00677277380601 1.10769062372856 1.46900865039788 1.41282444982789 1.03408939554356 1.43058195151389 1.01207367400639 1.23664110549726 0.910405546193942 1.47626124089584 0 1.61856267880648 1.51373645081185 1.55298277921975 1.85664484091103 1.73640378750861 1.72794197802432
1.29321567900479 1.64538736338727 0.86841039871797 1.13493378134444 1.26618618052453 1.10330680757761 1.86418837704696 1.41429975349456 1.37575122737326 1.77704512071796 1.47899888292886 1.20808026473969 0.921842258889228 0.93181711086072 1.22536189807579 0.882873667404056 1.76402797270566 1.3248441843316 1.70261567784473 1.73968889680691 1.81558382697403 1.20852600620128 1.54283150332049 1.61856267880648 0 1.25891160056926 1.08643935620785 1.78150334279053 0.974933830322698 1.24117236235179
1.64960927632637 0.94406131352298 1.06103501259349 1.43291857792065 1.4273548964411 1.73536914912984 1.52358062868007 0.904034943785518 1.52747993334197 1.28576722531579 1.03982352069579 1.38047596998513 0.947156996233389 1.15721403597854 1.46730903699063 0.983168395934626 1.63917285623029 1.52307675289921 1.14134733751416 1.69508300698362 1.33282952266745 1.52079895837232 1.04447874636389 1.51373645081185 1.25891160056926 0 1.53787804371677 1.70822313404642 1.71994615602307 1.73019233369268
1.16850834782235 1.03465929557569 1.48023652820848 1.6927013208624 1.14522562548518 1.16169947804883 0.969266814412549 1.15746218827553 1.34497889084741 1.20516711985692 1.59301737858914 1.06011846615002 1.50253420183435 0.951680629048496 0.958820955595002 1.66604378330521 1.54306876240298 1.59215513709933 0.908157552126795 1.55124259460717 1.59723164793104 1.51010810467415 1.25642741797492 1.55298277921975 1.08643935620785 1.53787804371677 0 0.928935608826578 1.74910619598813 1.55505349370651
1.15325236064382 1.78151905699633 1.38322309078649 1.67896309890784 1.81701034680009 1.74709810689092 1.05775314220227 1.17027196614072 1.2257888824679 1.6796017230954 0.945472290739417 1.62787180184387 1.18368553277105 1.53078689659014 1.21964234276675 1.81632263632491 1.67191652185284 1.3797133974731 0.925258337054402 1.29498548805714 1.46291917329654 1.66499917651527 1.33680087421089 1.85664484091103 1.78150334279053 1.70822313404642 0.928935608826578 0 1.13091845414601 1.31519726105034
1.55980835622177 1.0408908626996 1.18158876337111 1.56347505282611 1.70460459263995 1.69722327706404 1.18437341670506 1.68793691252358 1.41188471764326 1.79267651541159 0.965828896733001 1.04666478442959 1.86684745270759 1.10968820122071 1.35101657081395 0.99336112011224 0.980705545749515 0.989491730928421 1.57601182931103 0.98774356325157 1.06058161263354 1.00152171077207 0.975762521149591 1.73640378750861 0.974933830322698 1.71994615602307 1.74910619598813 1.13091845414601 0 1.28540368634276
0.987286393996328 1.76322208927013 1.53830742277205 1.45511949830689 1.22981421533041 1.42034450545907 1.70201639132574 0.914743746630847 1.72217645705678 1.57599853933789 0.988573981216177 1.13703963928856 1.4563601273112 0.909802501555532 1.34990632045083 1.39272882440127 1.82261779834516 1.46007982571609 1.62154299137183 1.59407752612606 1.3717884903308 1.63430418423377 1.53388595115393 1.72794197802432 1.24117236235179 1.73019233369268 1.55505349370651 1.31519726105034 1.28540368634276 0
