0 1.85771742952056 1.81948593701236 0.995114331133664 1.79793965234421 1.73008841904812 1.15865362528712 1.62957514426671 0.970720296027139 1.90938985045068 1.52731463452801 1.14376936643384 1.15276727243327 1.1686132424511 0.969600030919537 1.10566863254644 1.83488039369695 1.01334678451531 1.55573950847611 1.84388549812138 1.4392723152414 1.74762779823504 1.47611739928834 1.4204927762039 1.15464495657943 1.59620627318509 1.51761030429043 1.62176372902468 1.85980661935173 0.924052462913096
1.85771742952056 0 1.60808904538862 1.61487136478536 1.5168397098314 1.14928713371046 1.14620581362396 0.942461779341102 1.5441473366227 1.52072893199511 1.1423392239958 1.56140598864295 1.27081996155903 1.08754253364168 1.03766192146577 1.1201069355011 1.91792964050546 1.88047443632968 1.73454283503816 1.73920925357379 1.7032825758215 1.06105427420698 1.3271344427485 1.80592658906244 1.69410490617156 1.83903542533517 1.41340335435234 1.33586037578061 1.85634267679416 1.06241413136013
1.81948593701236 1.60808904538862 0 1.43450339627452 1.58602572767995 1.28839523671195 1.68905164650641 1.55889482819475 1.2322967343498 1.66037188400514 1.34507758333348 1.09014748455957 1.14915493596345 1.7259726934135 1.68458185787313 1.45945532550104 1.29390294873156 0.965038332156837 1.69837849098258 0.960129705490544 1.66383731644601 1.5191578308586 1.26570674683899 1.38574761431664 1.38870299514383 0.927058473462239 1.8250730226282 1.7158153837081 1.13868397613987 1.90179762546904
0.995114331133664 1.61487136478536 1.43450339627452 0 1.04437187546864 1.34000065829605 1.29157059476711 1.68930206471123 1.26501584704965 1.54517558543012 1.35045875771903 1.4616419384256 1.00124455592595 1.87627560738474 1.91498793987557 1.04759107902646 1.51060124370269 1.86407342855819 1.55503975879401 1.58179738209583 1.25554240634665 1.91180935804732 0.924484696472064 1.7055073925294 1.85177294281311 1.18321470427327 1.41924097202718 1.36200072336942 1.88213492464274 1.18917121761478
1.79793965234421 1.5168397098314 1.58602572767995 1.04437187546864 0 1.43892044806853 0.959575133398175 1.66729280492291 1.46714024967514 1.47825492825359 1.762362068519 1.65514939720742 1.11927186301909 1.79401498776861 1.43790058302693 1.65561989275739 1.26966544892639 1.41648406232707 1.82506710384041 1.38014971767552 0.993828068720177 1.51948969205841 1.30715687293559 1.00748091633432 1.83573495526798 1.91745806625113 1.07905239891261 0.95674094883725 1.88253171998076 1.68976572388783
1.73008841904812 1.14928713371046 1.28839523671195 1.34000065829605 1.43892044806853 0 1.74306807806715 1.78655688231811 1.14965365151875 0.957780578173697 1.86692384071648 0.960357148433104 0.996568738482893 1.23976264079101 1.18694967147894 1.44239518977702 1.16070553380996 1.23376105935313 1.48225824045949 1.61783785908483 1.26857384806499 1.51082944869995 1.00184485106729 0.963405980495736 1.5068336497061 1.19568135915324 1.39368600025773 1.06860293005593 1.35321018542163 1.20254846639
1.15865362528712 1.14620581362396 1.68905164650641 1.29157059476711 0.959575133398175 1.74306807806715 0 1.07269020774402 1.65546536026523 0.977450788253918 1.56941925431602 1.21117674652487 1.27748374221846 1.51749310479499 1.04731101845391 1.70434688497335 1.3761401725933 1.19490978890099 1.47249300219119 1.41055196383968 1.86935462011024 1.41822380176745 1.71534555451944 1.20940987789072 1.72668880946003 1.23793829465285 1.0493493124377 1.12328592408448 0.922956586582586 1.53156825178303
1.62957514426671 0.942461779341102 1.55889482819475 1.68930206471123 1.66729280492291 1.78655688231811 1.07269020774402 0 0.965088742785156 1.18958477047272 1.82010366255417 1.91218527103774 0.922731948783621 0.932897921185941 1.6573139145039 1.73103691916913 1.0594851647038 1.74754423554987 1.72107890062034 1.32029274548404 0.953528152080253 1.56990772369318 1.21914538019337 1.25546572054736 1.05401549115777 1.83540457929485 1.62254041177221 1.64676130888984 0.969290559878573 0.930406157160178
0.970720296027139 1.5441473366227 1.2322967343498 1.26501584704965 1.46714024967514 1.14965365151875 1.65546536026523 0.965088742785156 0 1.16829873551615 1.01486025843769 1.71502574603073 1.6181172139477 1.4894693819806 0.926062548300251 1.10964903025888 1.56568831368349 1.59379251254722 1.12014030222781 1.08394747367129 1.49613491049968 0.954001289792359 1.65596657758579 1.31311298371293 0.995152191957459 1.69109953986481 1.19250177545473 1.18482253234833 1.9173881073948 1.19971164641902
1.90938985045068 1.52072893199511 1.66037188400514 1.54517558543012 1.47825492825359 0.957780578173697 0.977450788253918 1.18958477047272 1.16829873551615 0 1.64567328570411 1.62833290034905 1.0902686342597 1.80965296365321 1.54237975389697 1.32856023544446 1.47793673095293 1.48140503442846 1.5482458753977 1.58112351829186 1.74198785051703 1.45684024249204 1.24252716405317 1.49237544694915 1.28506425372325 1.5242030241061 1.80636750371195 1.65728342044167 1.38222045474686 1.08690185798332
1.52731463452801 1.1423392239958 1.34507758333348 1.35045875771903 1.762362068519 1.86692384071648 1.56941925431602 1.82010366255417 1.01486025843769 1.64567328570411 0 1.43703804770485 1.77288707415573 0.932905576890334 1.25748994876631 1.5095560788177 1.00572174368426 1.57050437480211 1.51768053602427 1.38336445996538 1.33127973368391 1.34660504478961 1.73745378991589 1.01396809099242 1.57640535989776 1.75522055430338 1.05950060789473 1.52537778369151 1.19028383656405 1.48233561078086
1.14376936643384 1.56140598864295 1.09014748455957 1.4616419384256 1.65514939720742 0.960357148433104 1.21117674652487 1.91218527103774 1.71502574603073 1.62833290034905 1.43703804770485 0 1.67353403498419 1.2775404881686 1.54326492664404 1.46327009960078 1.81880055018701 1.82192420237698 1.38854676438496 1.30165773979388 1.73021092289127 0.967389828525484 1.66434836620465 1.48502905084752 1.57103250245564 1.7589015502017 1.77897821250372 1.08671129960567 1.12427101563662 1.39858607109636
1.15276727243327 1.27081996155903 1.14915493596345 1.00124455592595 1.11927186301909 0.996568738482893 1.27748374221846 0.922731948783621 1.6181172139477 1.0902686342597 1.77288707415573 1.67353403498419 0 1.16578160971403 1.54171107709408 1.91813892126083 1.57148182368837 1.47249173023738 1.73532687989064 1.09290232835338 1.84076409437694 1.61271925107576 1.02754625328816 1.47293490893207 1.0805409415625 1.09081889782101 1.01964326063171 1.3529741151724 1.50167178595439 1.05082145449705
1.1686132424511 1.08754253364168 1.7259726934135 1.87627560738474 1.79401498776861 1.23976264079101 1.51749310479499 0.932897921185941 1.4894693819806 1.80965296365321 0.932905576890334 1.2775404881686 1.16578160971403 0 1.22189309448004 0.978227674728259 1.80228916276246 1.00410611694679 1.6012165627908 1.55972028756514 1.16475782566704 1.30651328363456 0.979352421825752 1.00890538119711 1.42650941200554 1.77996211196296 1.08925220789388 1.05676704086363 1.33840184332803 1.29094102815725
0.969600030919537 1.03766192146577 1.68458185787313 1.91498793987557 1.43790058302693 1.18694967147894 1.04731101845391 1.6573139145039 0.926062548300251 1.54237975389697 1.25748994876631 1.54326492664404 1.54171107709408 1.22189309448004 0 1.52381190750748 0.924067520070821 1.56542149046436 1.48378348839469 1.67947180592455 0.989456102950498 0.999255573144183 1.88059734785929 1.07500424049795 1.41857185889967 0.986868205713108 1.50874102278613 1.04241763427854 1.53872428112663 1.62381575466134
1.10566863254644 1.1201069355011 1.45945532550104 1.04759107902646 1.65561989275739 1.44239518977702 1.70434688497335 1.73103691916913 1.10964903025888 1.32856023544446 1.5095560788177 1.46327009960078 1.91813892126083 0.978227674728259 1.52381190750748 0 1.82302379840985 1.14885638724081 1.47254269872792 1.76875335746445 1.03119130432606 1.81308361445554 1.07189134135842 1.14200755790807 1.33506481559016 1.16538287117146 1.69216879690066 1.05530384276062 1.51169441174716 1.72171080694534
1.83488039369695 1.91792964050546 1.29390294873156 1.51060124370269 1.26966544892639 1.16070553380996 1.3761401725933 1.0594851647038 1.56568831368349 1.47793673095293 1.00572174368426 1.81880055018701 1.57148182368837 1.80228916276246 0.924067520070821 1.82302379840985 0 1.2207295501139 1.44002604391426 1.18650924018584 1.81947923544794 1.81407637428492 1.03424677648582 1.5911692858208 1.78934317477979 0.986486693145707 1.32973827375099 0.99992851074785 1.25566726760007 1.22243153862655
1.01334678451531 1.88047443632968 0.965038332156837 1.86407342855819 1.41648406232707 1.23376105935313 1.19490978890099 1.74754423554987 1.59379251254722 1.48140503442846 1.57050437480211 1.82192420237698 1.47249173023738 1.00410611694679 1.56542149046436 1.14885638724081 1.2207295501139 0 1.46527940104716 1.40665212040767 1.5282987204846 1.71378719550557 1.67119459551759 1.37370269792154 1.72700833901763 1.81494473293424 1.65318748611026 1.32529694843106 1.38372875889763 1.21277356287464
1.55573950847611 1.73454283503816 1.69837849098258 1.55503975879401 1.82506710384041 1.48225824045949 1.47249300219119 1.72107890062034 1.12014030222781 1.5482458753977 1.51768053602427 1.38854676438496 1.73532687989064 1.6012165627908 1.48378348839469 1.47254269872792 1.44002604391426 1.46527940104716 0 1.42927627288736 1.28931930987164 1.63445520796813 1.08540762984194 1.4205347711686 1.34903416596353 1.11906967964023 1.31651062634774 1.39867518073879 1.47271760553122 1.09919919795357
1.84388549812138 1.73920925357379 0.960129705490544 1.58179738209583 1.38014971767552 1.61783785908483 1.41055196383968 1.32029274548404 1.08394747367129 1.58112351829186 1.38336445996538 1.30165773979388 1.09290232835338 1.55972028756514 1.67947180592455 1.76875335746445 1.18650924018584 1.40665212040767 1.42927627288736 0 1.31066548754461 1.57042536279187 1.5736022151541 1.86713572125882 1.20209096325561 1.32129828096367 1.39082307321951 1.38945937948301 1.37238938943483 0.991416304837912
1.4392723152414 1.7032825758215 1.66383731644601 1.25554240634665 0.993828068720177 1.26857384806499 1.86935462011024 0.953528152080253 1.49613491049968 1.74198785051703 1.33127973368391 1.73021092289127 1.84076409437694 1.16475782566704 0.989456102950498 1.03119130432606 1.81947923544794 1.5282987204846 1.28931930987164 1.31066548754461 0 1.27553497697227 1.09813403408043 1.51814041519538 1.65279519814067 0.956559162354097 1.45389767340384 1.80945584340952 1.88675387576222 1.67521773278713
1.74762779823504 1.06105427420698 1.5191578308586 1.91180935804732 1.51948969205841 1.51082944869995 1.41822380176745 1.56990772369318 0.954001289792359 1.45684024249204 1.34660504478961 0.967389828525484 1.61271925107576 1.30651328363456 0.999255573144183 1.81308361445554 1.81407637428492 1.71378719550557 1.63445520796813 1.57042536279187 1.27553497697227 0 1.69408008083701 1.50262075266801 1.70943616563454 1.47131406445988 1.61369612230919 1.18389901425689 1.37851647264324 1.33273188932799
1.47611739928834 1.3271344427485 1.26570674683899 0.924484696472064 1.30715687293559 1.00184485106729 1.71534555451944 1.21914538019337 1.65596657758579 1.24252716405317 1.73745378991589 1.66434836620465 1.02754625328816 0.979352421825752 1.88059734785929 1.07189134135842 1.03424677648582 1.67119459551759 1.08540762984194 1.5736022151541 1.09813403408043 1.69408008083701 0 1.26351964031346 1.27004406275228 0.98416018858552 1.8679965515621 1.41762690339237 1.89420417021029 1.47769880341366
1.4204927762039 1.80592658906244 1.38574761431664 1.7055073925294 1.00748091633432 0.963405980495736 1.20940987789072 1.25546572054736 1.31311298371293 1.49237544694915 1.01396809099242 1.48502905084752 1.47293490893207 1.00890538119711 1.07500424049795 1.14200755790807 1.5911692858208 1.37370269792154 1.4205347711686 1.86713572125882 1.51814041519538 1.50262075266801 1.26351964031346 0 1.3026018331293 1.51776639395393 1.44360121106729 1.05114491237327 1.38535830914043 1.16281254752539
1.15464495657943 1.69410490617156 1.38870299514383 1.85177294281311 1.83573495526798 1.5068336497061 1.72668880946003 1.05401549115777 0.995152191957459 1.28506425372325 1.57640535989776 1.57103250245564 1.0805409415625 1.42650941200554 1.41857185889967 1.33506481559016 1.78934317477979 1.72700833901763 1.34903416596353 1.20209096325561 1.65279519814067 1.70943616563454 1.27004406275228 1.3026018331293 0 1.42536289081909 1.5036072912626 1.5223372920882 1.06149029964581 1.70545928180218
1.59620627318509 1.83903542533517 0.927058473462239 1.18321470427327 1.91745806625113 1.19568135915324 1.23793829465285 1.83540457929485 1.69109953986481 1.5242030241061 1.75522055430338 1.7589015502017 1.09081889782101 1.77996211196296 0.986868205713108 1.16538287117146 0.986486693145707 1.81494473293424 1.11906967964023 1.32129828096367 0.956559162354097 1.47131406445988 0.98416018858552 1.51776639395393 1.42536289081909 0 1.47794035892002 1.13193890778348 1.42043834109791 1.09995799488388
1.51761030429043 1.41340335435234 1.8250730226282 1.41924097202718 1.07905239891261 1.39368600025773 1.0493493124377 1.62254041177221 1.19250177545473 1.80636750371195 1.05950060789473 1.77897821250372 1.01964326063171 1.08925220789388 1.50874102278613 1.69216879690066 1.32973827375099 1.65318748611026 1.31651062634774 1.39082307321951 1.45389767340384 1.61369612230919 1.8679965515621 1.44360121106729 1.5036072912626 1.47794035892002 0 1.69759305031039 1.51643665274605 1.76722429716028
1.62176372902468 1.33586037578061 1.7158153837081 1.36200072336942 0.95674094883725 1.06860293005593 1.12328592408448 1.64676130888984 1.18482253234833 1.65728342044167 1.52537778369151 1.08671129960567 1.3529741151724 1.05676704086363 1.04241763427854 1.05530384276062 0.99992851074785 1.32529694843106 1.39867518073879 1.38945937948301 1.80945584340952 1.18389901425689 1.41762690339237 1.05114491237327 1.5223372920882 1.13193890778348 1.69759305031039 0 1.6813661896158 1.75541401468217
1.85980661935173 1.85634267679416 1.13868397613987 1.88213492464274 1.88253171998076 1.35321018542163 0.922956586582586 0.969290559878573 1.9173881073948 1.38222045474686 1.19028383656405 1.12427101563662 1.50167178595439 1.33840184332803 1.53872428112663 1.51169441174716 1.25566726760007 1.38372875889763 1.47271760553122 1.37238938943483 1.88675387576222 1.37851647264324 1.89420417021029 1.38535830914043 1.06149029964581 1.42043834109791 1.51643665274605 1.6813661896158 0 1.23794138105586
0.924052462913096 1.06241413136013 1.90179762546904 1.18917121761478 1.68976572388783 1.20254846639 1.53156825178303 0.930406157160178 1.19971164641902 1.08690185798332 1.48233561078086 1.39858607109636 1.05082145449705 1.29094102815725 1.62381575466134 1.72171080694534 1.22243153862655 1.21277356287464 1.09919919795357 0.991416304837912 1.67521773278713 1.33273188932799 1.47769880341366 1.16281254752539 1.70545928180218 1.09995799488388 1.76722429716028 1.75541401468217 1.23794138105586 0
