0 1.580663964618 0.982903601136059 1.2633794087451 1.38327997620218 1.07174313510768 1.49032831494696 1.6018394860439 1.40708475327119 1.39270029310137 1.2084218938835 1.45065294089727 1.31298316596076 1.06159603898413 1.78979785833508 1.29965075477958 1.34037493076175 1.65137177798897 1.69837467418984 1.90118045150302 1.54190287366509 1.48308208491653 0.949336408404633 1.9109957087785 1.290714813862 1.2353037269786 1.68359578982927 1.2449405847583 1.73047363338992 0.947666326304898
1.580663964618 0 0.933109729085118 1.06389343598858 1.31569589488208 0.974025677656755 1.91855891072191 1.39176749344915 1.33389628049918 1.59741960349493 1.00883897789754 1.85499432682991 1.7970470439177 0.98743422771804 1.64055461180396 1.65454163425602 1.54981643543579 1.73599766613916 1.30462479009293 1.06277390662581 1.04514207178727 1.25507018249482 1.19233244843781 1.35593296401203 1.1153132065665 1.64771695970558 1.34504687855951 1.36566512426361 1.16927126608789 1.53111362922937
0.982903601136059 0.933109729085118 0 1.81411097245291 1.16707633156329 1.56058520940132 1.77773033222184 1.53127126186155 1.13026858773082 1.74507519463077 1.83632235974073 1.59578490932472 1.31932447780855 1.28529157745652 1.82456829375587 1.52229744940996 0.936343662673607 1.70222323271446 1.75980198918842 1.64144057151861 1.12335226475261 0.97057145438157 1.1199738769792 1.33754806849174 1.79945669090375 1.05110197234899 1.83631967473775 1.03167447703891 0.972634600941092 1.91307165916078
1.2633794087451 1.06389343598858 1.81411097245291 0 1.21853659092449 1.75567535613663 1.34132611122914 1.42947891191579 1.09480354306288 1.0959198938217 1.66889337589964 1.2269227700308 1.79736557067372 1.4492784680333 1.1693504373543 1.26374349324033 0.971549540525302 1.39740270539187 1.90345087088645 1.68830457725562 1.91030786954798 1.74387589166872 1.56359646306373 1.8681898994837 1.10917939548381 1.26534633082338 1.33021665737033 1.45618462609127 1.78341590473428 1.86369230318815
1.38327997620218 1.31569589488208 1.16707633156329 1.21853659092449 0 1.2821904621087 0.988295149523765 1.0592059136834 0.942968341289088 1.52609568228945 1.32650813786313 1.28228871664032 1.33989908266813 1.64827388431877 1.73545346758328 0.990528402384371 1.17043619998731 1.23669145582244 1.22627056436613 1.58257718454115 1.8690264497418 1.87087285914458 1.64623829349875 1.09915366116911 1.4148436060641 1.56641734787263 1.36169847613201 1.84773445385508 1.77875811513513 1.89663396775723
1.07174313510768 0.974025677656755 1.56058520940132 1.75567535613663 1.2821904621087 0 1.74567243177444 1.12011254136451 1.06064628227614 1.08944264543243 1.09669002494775 1.80609566206113 1.69236888759769 1.47723886859603 1.15901387995109 1.03609605086967 1.1636681961827 1.82407022826374 1.35066905757412 0.92679120763205 1.87126195849851 1.03775283810683 1.80239088670351 1.7010622904636 1.09286381932907 0.964805075200275 1.33420195663348 1.29872316448018 1.80078545678407 1.44909876771271
1.49032831494696 1.91855891072191 1.77773033222184 1.34132611122914 0.988295149523765 1.74567243177444 0 1.7393221326638 1.88312639924698 1.58624762436375 1.30962200229988 1.48770755785517 1.75714080035686 1.37136786966585 0.977033746894449 1.68467215914279 1.14025335712358 1.31361901247874 1.70119797019288 1.72924164240249 1.6822501514107 1.68615775369108 1.31388905341737 1.63918725820258 1.00464803911746 1.31753785745241 1.86784579535015 1.67460235161707 1.03393279877491 1.75937598990276
1.6018394860439 1.39176749344915 1.53127126186155 1.42947891191579 1.0592059136834 1.12011254136451 1.7393221326638 0 1.63390963245183 1.79569055582397 1.30443555023521 1.68646253133193 1.32038118364289 1.00908770994283 1.25439811125398 1.03898963541724 1.76349294255488 1.10462346859276 1.23290498415008 1.52439586468972 1.56135075283237 1.2867934985552 1.0199834543746 1.52045155758969 1.81694649206474 1.25010880245827 1.2526272921823 1.76805137074552 1.1215888261795 1.65214303182438
1.40708475327119 1.33389628049918 1.13026858773082 1.09480354306288 0.942968341289088 1.06064628227614 1.88312639924698 1.63390963245183 0 1.14943312993273 1.27057631779462 1.14189925813116 1.50455684075132 1.39759424165823 1.83619921398349 1.26232013711706 1.72664484987035 1.06839521718211 1.18547822348773 1.73558067250997 1.23143892455846 1.63673454034142 1.8070913166739 1.70175797725096 1.62561900936998 1.44541403581388 1.82305773859844 1.59453707723878 0.982976975152269 1.19495127862319
1.39270029310137 1.59741960349493 1.74507519463077 1.0959198938217 1.52609568228945 1.08944264543243 1.58624762436375 1.79569055582397 1.14943312993273 0 0.921224321005866 1.12713210866787 1.25316265760921 0.968473623972386 1.78783779032528 1.26369718438946 1.09785150154494 1.21493952604942 1.37448376743123 1.04500099853612 1.91936196829192 1.26806220877916 0.991627780487761 1.79057809035294 1.45215589995496 1.30864363792352 1.25905770552345 1.61280436418019 1.46408506575972 1.02664617565461
1.2084218938835 1.00883897789754 1.83632235974073 1.66889337589964 1.32650813786313 1.09669002494775 1.30962200229988 1.30443555023521 1.27057631779462 0.921224321005866 0 1.31627825903706 1.66520675877109 0.972153294598684 1.18124108319171 1.55373204685748 1.8958523941692 1.71318904380314 0.93839618191123 1.48755116132088 1.8593703082297 1.4047069074586 1.11937404004857 1.0302968651522 1.41085687326267 0.991976219462231 1.63221359299496 1.44371535559185 1.80724770459346 1.52761726500466
1.45065294089727 1.85499432682991 1.59578490932472 1.2269227700308 1.28228871664032 1.80609566206113 1.48770755785517 1.68646253133193 1.14189925813116 1.12713210866787 1.31627825903706 0 1.37914128694683 1.35589615022764 1.26799537823536 1.73783530946821 1.8451631476637 0.964157948968932 1.61736928764731 1.13074013218284 1.04734081635252 1.80512616201304 1.07635570666753 1.11671828338876 1.47669436805882 1.18337621353567 0.990751042030752 1.68512329668738 1.06092622387223 1.37912736320868
1.31298316596076 1.7970470439177 1.31932447780855 1.79736557067372 1.33989908266813 1.69236888759769 1.75714080035686 1.32038118364289 1.50455684075132 1.25316265760921 1.66520675877109 1.37914128694683 0 1.00811168807559 1.07826270372607 0.920991281978786 1.90850185533054 0.976112807402387 1.2304792990908 1.4148646092508 1.59435776714236 0.981818704633042 1.36338861822151 1.51859061955474 1.29223524034023 1.08516996121034 1.46036631707102 1.37198502128012 1.23888709652238 1.33569732960314
1.06159603898413 0.98743422771804 1.28529157745652 1.4492784680333 1.64827388431877 1.47723886859603 1.37136786966585 1.00908770994283 1.39759424165823 0.968473623972386 0.972153294598684 1.35589615022764 1.00811168807559 0 1.36400968860835 1.47489827079698 1.64889831771143 1.85460130125284 1.24417553236708 1.70290112891234 1.83633827278391 1.50136701925658 0.977795819519088 1.67601577262394 1.29481441248208 1.58200338971801 1.83360859262757 1.08981481380761 1.71667971718125 1.14862738363445
1.78979785833508 1.64055461180396 1.82456829375587 1.1693504373543 1.73545346758328 1.15901387995109 0.977033746894449 1.25439811125398 1.83619921398349 1.78783779032528 1.18124108319171 1.26799537823536 1.07826270372607 1.36400968860835 0 1.11316389939748 1.38964617671445 1.46192648704164 1.4911175344605 1.29878038680181 1.24833172536455 1.35985835571773 1.19743537786417 1.83617956400849 1.61894771899097 1.18903057952411 1.18777175946161 1.16979672224261 1.39390534162521 1.84192744805478
1.29965075477958 1.65454163425602 1.52229744940996 1.26374349324033 0.990528402384371 1.03609605086967 1.68467215914279 1.03898963541724 1.26232013711706 1.26369718438946 1.55373204685748 1.73783530946821 0.920991281978786 1.47489827079698 1.11316389939748 0 1.70998328714631 1.89710408938117 1.40558122470975 1.35207594558597 1.54333282215521 1.13152440148406 1.64007373689674 0.956238441867754 1.54161895229481 1.35440380265936 1.04888080479577 1.1712820653338 1.33714514086023 1.63011781265959
1.34037493076175 1.54981643543579 0.936343662673607 0.971549540525302 1.17043619998731 1.1636681961827 1.14025335712358 1.76349294255488 1.72664484987035 1.09785150154494 1.8958523941692 1.8451631476637 1.90850185533054 1.64889831771143 1.38964617671445 1.70998328714631 0 0.953909789677709 1.77067218860611 1.09349279920571 1.83332230593078 1.02873128768988 1.49915105174296 1.11842143349349 1.6975946133025 0.936290401499718 1.15615477995016 1.85029777768068 1.18517364328727 1.79035222087987
1.65137177798897 1.73599766613916 1.70222323271446 1.39740270539187 1.23669145582244 1.82407022826374 1.31361901247874 1.10462346859276 1.06839521718211 1.21493952604942 1.71318904380314 0.964157948968932 0.976112807402387 1.85460130125284 1.46192648704164 1.89710408938117 0.953909789677709 0 0.935313943540677 1.81140432134271 1.23586461390369 1.48355036508292 1.30294292559847 1.39887383580208 1.41632638336159 1.26999948755838 1.73512398824096 1.26823337282985 1.74535663193092 1.06033135903999
1.69837467418984 1.30462479009293 1.75980198918842 1.90345087088645 1.22627056436613 1.35066905757412 1.70119797019288 1.23290498415008 1.18547822348773 1.37448376743123 0.93839618191123 1.61736928764731 1.2304792990908 1.24417553236708 1.4911175344605 1.40558122470975 1.77067218860611 0.935313943540677 0 1.10562513559125 1.85443637706339 1.4904638628941 0.995132475858554 1.53358100145124 1.54928832990117 1.65813397429883 1.42529775924049 1.90668018977158 1.33741003810428 0.927560538984835
1.90118045150302 1.06277390662581 1.64144057151861 1.68830457725562 1.58257718454115 0.92679120763205 1.72924164240249 1.52439586468972 1.73558067250997 1.04500099853612 1.48755116132088 1.13074013218284 1.4148646092508 1.70290112891234 1.29878038680181 1.35207594558597 1.09349279920571 1.81140432134271 1.10562513559125 0 1.74490031623282 1.56363667710684 1.67514560674317 1.06756921391934 1.31530213868245 1.59066864359193 1.19162430358119 1.66051510092802 1.8816331718117 1.09204616444185
1.54190287366509 1.04514207178727 1.12335226475261 1.91030786954798 1.8690264497418 1.87126195849851 1.6822501514107 1.56135075283237 1.23143892455846 1.91936196829192 1.8593703082297 1.04734081635252 1.59435776714236 1.83633827278391 1.24833172536455 1.54333282215521 1.83332230593078 1.23586461390369 1.85443637706339 1.74490031623282 0 1.00227424339391 1.73896269360557 1.08041378716007 1.68679018528201 0.940795725211501 1.90750663471408 1.34165552025661 1.18185721943155 1.40430354978889
1.48308208491653 1.25507018249482 0.97057145438157 1.74387589166872 1.87087285914458 1.03775283810683 1.68615775369108 1.2867934985552 1.63673454034142 1.26806220877916 1.4047069074586 1.80512616201304 0.981818704633042 1.50136701925658 1.35985835571773 1.13152440148406 1.02873128768988 1.48355036508292 1.4904638628941 1.56363667710684 1.00227424339391 0 0.954633976332843 1.2563968016766 1.79808637034148 1.08082041423768 1.32983386400156 0.980113141704351 1.89040543977171 1.54974414408207
0.949336408404633 1.19233244843781 1.1199738769792 1.56359646306373 1.64623829349875 1.80239088670351 1.31388905341737 1.0199834543746 1.8070913166739 0.991627780487761 1.11937404004857 1.07635570666753 1.36338861822151 0.977795819519088 1.19743537786417 1.64007373689674 1.49915105174296 1.30294292559847 0.995132475858554 1.67514560674317 1.73896269360557 0.954633976332843 0 1.43939976068214 1.56664754846133 1.23844719445333 1.62901220936328 1.80188728077337 1.70752010541037 1.28840315667912
1.9109957087785 1.35593296401203 1.33754806849174 1.8681898994837 1.09915366116911 1.7010622904636 1.63918725820258 1.52045155758969 1.70175797725096 1.79057809035294 1.0302968651522 1.11671828338876 1.51859061955474 1.67601577262394 1.83617956400849 0.956238441867754 1.11842143349349 1.39887383580208 1.53358100145124 1.06756921391934 1.08041378716007 1.2563968016766 1.43939976068214 0 1.1868102166336 1.37967466237023 1.49798699375242 1.74022784386761 1.82043329929002 1.03315011854284
1.290714813862 1.1153132065665 1.79945669090375 1.10917939548381 1.4148436060641 1.09286381932907 1.00464803911746 1.81694649206474 1.62561900936998 1.45215589995496 1.41085687326267 1.47669436805882 1.29223524034023 1.29481441248208 1.61894771899097 1.54161895229481 1.6975946133025 1.41632638336159 1.54928832990117 1.31530213868245 1.68679018528201 1.79808637034148 1.56664754846133 1.1868102166336 0 1.71183651639149 1.91865314799361 1.04710252420045 1.13166523166001 1.85260886116885
1.2353037269786 1.64771695970558 1.05110197234899 1.26534633082338 1.56641734787263 0.964805075200275 1.31753785745241 1.25010880245827 1.44541403581388 1.30864363792352 0.991976219462231 1.18337621353567 1.08516996121034 1.58200338971801 1.18903057952411 1.35440380265936 0.936290401499718 1.26999948755838 1.65813397429883 1.59066864359193 0.940795725211501 1.08082041423768 1.23844719445333 1.37967466237023 1.71183651639149 0 1.72545774606988 1.81435128324665 1.05716345482506 1.24875617492944
1.68359578982927 1.34504687855951 1.83631967473775 1.33021665737033 1.36169847613201 1.33420195663348 1.86784579535015 1.2526272921823 1.82305773859844 1.25905770552345 1.63221359299496 0.990751042030752 1.46036631707102 1.83360859262757 1.18777175946161 1.04888080479577 1.15615477995016 1.73512398824096 1.42529775924049 1.19162430358119 1.90750663471408 1.32983386400156 1.62901220936328 1.49798699375242 1.91865314799361 1.72545774606988 0 1.69454890605994 1.67387616937049 1.65663518733345
1.2449405847583 1.36566512426361 1.03167447703891 1.45618462609127 1.84773445385508 1.29872316448018 1.67460235161707 1.76805137074552 1.59453707723878 1.61280436418019 1.44371535559185 1.68512329668738 1.37198502128012 1.08981481380761 1.16979672224261 1.1712820653338 1.85029777768068 1.26823337282985 1.90668018977158 1.66051510092802 1.34165552025661 0.980113141704351 1.80188728077337 1.74022784386761 1.04710252420045 1.81435128324665 1.69454890605994 0 1.80203327443451 1.60440809116699
1.73047363338992 1.16927126608789 0.972634600941092 1.78341590473428 1.77875811513513 1.80078545678407 1.03393279877491 1.1215888261795 0.982976975152269 1.46408506575972 1.80724770459346 1.06092622387223 1.23888709652238 1.71667971718125 1.39390534162521 1.33714514086023 1.18517364328727 1.74535663193092 1.33741003810428 1.8816331718117 1.18185721943155 1.89040543977171 1.70752010541037 1.82043329929002 1.13166523166001 1.05716345482506 1.67387616937049 1.80203327443451 0 1.1037837609183
0.947666326304898 1.53111362922937 1.91307165916078 1.86369230318815 1.89663396775723 1.44909876771271 1.75937598990276 1.65214303182438 1.19495127862319 1.02664617565461 1.52761726500466 1.37912736320868 1.33569732960314 1.14862738363445 1.84192744805478 1.63011781265959 1.79035222087987 1.06033135903999 0.927560538984835 1.09204616444185 1.40430354978889 1.54974414408207 1.28840315667912 1.03315011854284 1.85260886116885 1.24875617492944 1.65663518733345 1.60440809116699 1.1037837609183 0
