0 1.55273982742801 0.92277606879361 1.89863935322501 1.33013763162307 1.3112350795418 1.11981194047257 1.84712364547886 1.06085862894543 1.76763211446814 1.26499654515646 1.37643649848178 1.26233792491257 1.4018821422942 1.69335302570835 1.19231797731481 1.89985413523391 1.29169114399701 1.88658383255824 1.26435925439 1.39340688800439 1.43207282037474 1.86415423615836 1.8108409952838 1.60323672089726 1.61185072013177 1.28553098184057 1.78161116503179 1.23130204272456 1.14797287853435
1.55273982742801 0 0.950576005736366 1.49905897327699 1.20603183913045 1.6425096814055 1.44966024695896 1.62603278388269 1.49629381066188 1.89420706639066 1.86313381884247 1.55895992275327 0.929210018832237 1.71405405621044 1.52104861056432 1.68210861855187 1.22273447341286 0.924988279817626 1.25465084635653 1.45534427976236 1.09331624535844 1.75241214619018 1.09866805118509 1.03983849030919 1.78121770522557 1.70335749606602 1.36237752786838 0.972763944650069 1.84711243119091 1.78443133668043
0.92277606879361 0.950576005736366 0 1.8791655737441 1.07458450994454 1.348829775583 1.19512306875549 1.59620243567042 1.79811337543651 1.67103253933601 1.75668283295818 1.77634540689178 1.26149177993648 1.35526486020535 1.8394616311416 1.57351447921246 1.27226160466671 1.2641508358065 1.50620742677711 1.79595534526743 1.42967064119875 1.40707535063848 1.38116196147166 1.77121078548953 1.83462232560851 1.45266768708825 1.6584495077841 1.55288543994538 1.89990436285734 1.83933111862279
1.89863935322501 1.49905897327699 1.8791655737441 0 1.05649849609472 0.979625337058678 1.7919880640693 1.18695127940737 1.63868542877026 1.16437647212297 1.84955044090748 1.46406788495369 1.69562581670471 0.997291471576318 1.42450779234059 1.01543598435819 1.79211338609457 1.22622806020081 0.938723009545356 1.60453666141257 0.947004646994174 1.45166888204403 0.913935890654102 0.987962682498619 1.16770718549378 0.958619811804965 1.29055728972889 1.1179855694063 1.84355237125419 1.58502940321341
1.33013763162307 1.20603183913045 1.07458450994454 1.05649849609472 0 1.29126092721708 1.51776047912426 1.4258358089719 1.54320040624589 1.83471817430109 1.36921779671684 1.80708456644788 1.56594806560315 1.71975137083791 1.71481343056075 1.50695844157599 1.45730980928056 1.7964261311572 1.07680545235053 1.7168473796919 1.00482732849196 1.00687786075287 1.78325254283845 1.51919032260776 1.48784363386221 1.75101352995262 1.78450684901327 1.63230205210857 1.69714972702786 1.53016435238533
1.3112350795418 1.6425096814055 1.348829775583 0.979625337058678 1.29126092721708 0 1.77325625345111 1.77403172524646 1.21739256568253 1.60959156951867 1.26229871599935 1.60717482259497 1.18476840970106 1.65924323955551 0.992943121818826 1.20425931690261 1.30287329829298 1.56928059039637 1.36799412057735 1.58740940573625 1.84302835864946 0.97476327419281 1.38208538480103 1.73897817893885 1.45701142307371 1.512994983932 1.35250118328258 1.70548169477843 1.25129682896659 1.40561014297418
1.11981194047257 1.44966024695896 1.19512306875549 1.7919880640693 1.51776047912426 1.77325625345111 0 1.60786715056747 0.925508293323219 1.06680434779264 1.70702190999873 1.10211987351067 1.13628386822529 1.68715028115548 1.12064958456904 1.02707087527961 0.945676427334547 1.33307123975828 1.86024466878735 1.60305471578613 1.26584969530813 0.992163017159328 1.13518511480652 1.21953713148832 1.59298535622656 1.38370895455591 1.78915602667257 1.55202124034986 1.5292377921287 1.44462108239532
1.84712364547886 1.62603278388269 1.59620243567042 1.18695127940737 1.4258358089719 1.77403172524646 1.60786715056747 0 1.78957483288832 1.42785027413629 1.24707228713669 0.971271560294554 1.18052514852025 0.94976799027063 1.03855031612329 1.01186621026136 1.37796771293506 1.59885229007341 1.05853973608464 1.6422007502988 1.56306879711337 1.69978500436991 1.44525446882471 1.70818988513201 1.39894285984337 1.59501394466497 1.53621447016485 1.67953575146385 1.47643685620278 1.61705084098503
1.06085862894543 1.49629381066188 1.79811337543651 1.63868542877026 1.54320040624589 1.21739256568253 0.925508293323219 1.78957483288832 0 1.4109058061149 1.648327447474 1.53742511966266 1.1380789198447 1.6990649800282 1.24223375413567 1.4978822087869 1.40276951226406 1.44634664687328 1.68732624477707 1.26047890936024 1.75569341913797 1.69018774060532 1.4848839272745 1.8927172801923 1.16602283064276 1.80136516061611 1.6676455931738 1.69517272221856 1.57086902414449 1.54670901806094
1.76763211446814 1.89420706639066 1.67103253933601 1.16437647212297 1.83471817430109 1.60959156951867 1.06680434779264 1.42785027413629 1.4109058061149 0 1.88847731798887 0.920130181126297 1.07731249812059 1.09515770850703 1.53603833331726 1.39915011031553 1.87940204329789 1.1130432356149 1.16146389604546 0.964933831710368 1.58959316811524 1.32716400874779 1.45359707530588 1.22463162452914 1.04173218552023 1.3064733564388 1.57570895715617 1.56327476142906 1.49655355629511 1.45149072306231
1.26499654515646 1.86313381884247 1.75668283295818 1.84955044090748 1.36921779671684 1.26229871599935 1.70702190999873 1.24707228713669 1.648327447474 1.88847731798887 0 1.40153885958716 1.02837958768941 0.943799079163 1.21178491623141 1.47760312166065 1.56639976543374 1.55001326068304 1.78051082114689 1.34581461339258 1.63268528180197 1.14658132777549 1.53343435144052 1.79453495517373 1.27312964666635 1.61893729283474 1.88556957058609 1.68559080478735 1.22571568191051 1.54171923804097
1.37643649848178 1.55895992275327 1.77634540689178 1.46406788495369 1.80708456644788 1.60717482259497 1.10211987351067 0.971271560294554 1.53742511966266 0.920130181126297 1.40153885958716 0 1.55747771495953 1.33401998574845 1.65206317068078 0.908735467121005 1.86003782972693 1.67407392640598 1.54681596136652 1.0099015487358 1.80108595825732 1.18698361888528 1.18609172990546 1.04950354574248 1.59961990616284 1.18369811354205 1.77975213294849 1.84903343184851 0.909275447251275 1.89804423437454
1.26233792491257 0.929210018832237 1.26149177993648 1.69562581670471 1.56594806560315 1.18476840970106 1.13628386822529 1.18052514852025 1.1380789198447 1.07731249812059 1.02837958768941 1.55747771495953 0 1.70365047175437 1.60224054893479 1.87574043590575 1.7903312726412 1.67244802042842 1.79041659552604 1.82432004786097 1.69337791088037 1.61812802636996 1.6342185488902 1.32704964093864 1.38610407477245 1.47554345824756 1.59336323174648 1.31789249880239 1.45566933485679 1.48693056032062
1.4018821422942 1.71405405621044 1.35526486020535 0.997291471576318 1.71975137083791 1.65924323955551 1.68715028115548 0.94976799027063 1.6990649800282 1.09515770850703 0.943799079163 1.33401998574845 1.70365047175437 0 1.08381541538984 1.33068143064156 1.36956211831421 1.63090486451983 1.4827954035718 1.80814725067466 1.05984948761761 1.73024099180475 1.09787877625786 1.01632479205728 1.07067824830301 1.79464720049873 1.34597869939171 1.42395807034336 1.70273245405406 1.51870914455503
1.69335302570835 1.52104861056432 1.8394616311416 1.42450779234059 1.71481343056075 0.992943121818826 1.12064958456904 1.03855031612329 1.24223375413567 1.53603833331726 1.21178491623141 1.65206317068078 1.60224054893479 1.08381541538984 0 1.18372750305571 0.94850205257535 0.963256860384718 1.7349539345596 1.09882058855146 0.917905604001135 1.7567856318783 1.37423413386568 1.26011480065063 1.19538458553143 1.10960909258574 1.78693259740248 1.04245769395493 1.49658855143934 1.64130521868356
1.19231797731481 1.68210861855187 1.57351447921246 1.01543598435819 1.50695844157599 1.20425931690261 1.02707087527961 1.01186621026136 1.4978822087869 1.39915011031553 1.47760312166065 0.908735467121005 1.87574043590575 1.33068143064156 1.18372750305571 0 1.25433855783194 1.19189436617307 1.36599624715745 1.20890543074347 1.45743486029096 0.945141869597137 1.37440784205683 1.43572959303856 1.89712397311814 1.06267210794613 1.36918004066683 1.31287568924017 1.05435691680759 1.38045949023217
1.89985413523391 1.22273447341286 1.27226160466671 1.79211338609457 1.45730980928056 1.30287329829298 0.945676427334547 1.37796771293506 1.40276951226406 1.87940204329789 1.56639976543374 1.86003782972693 1.7903312726412 1.36956211831421 0.94850205257535 1.25433855783194 0 1.52713093417697 1.37440651841462 1.4292389980983 1.08938601636328 1.42018361086957 1.4156696323771 1.16419391287491 1.54265083419159 1.14234139211476 1.01574001996778 1.81157773779705 0.981548084178939 0.984301595948637
1.29169114399701 0.924988279817626 1.2641508358065 1.22622806020081 1.7964261311572 1.56928059039637 1.33307123975828 1.59885229007341 1.44634664687328 1.1130432356149 1.55001326068304 1.67407392640598 1.67244802042842 1.63090486451983 0.963256860384718 1.19189436617307 1.52713093417697 0 1.2463864882011 1.35656920564361 1.21783129777759 1.68698046915233 1.074967604829 0.981835265411064 1.56930667883717 1.38991427980363 1.84626622707583 1.3283380153589 1.59232293418609 1.67588853486814
1.88658383255824 1.25465084635653 1.50620742677711 0.938723009545356 1.07680545235053 1.36799412057735 1.86024466878735 1.05853973608464 1.68732624477707 1.16146389604546 1.78051082114689 1.54681596136652 1.79041659552604 1.4827954035718 1.7349539345596 1.36599624715745 1.37440651841462 1.2463864882011 0 1.65202220808715 1.63798651355319 1.4168847464025 1.6783695302438 1.40024454402737 1.05707972659729 1.89734282135032 1.35898089641705 1.49309272854589 1.79266932373866 0.9206572631374
1.26435925439 1.45534427976236 1.79595534526743 1.60453666141257 1.7168473796919 1.58740940573625 1.60305471578613 1.6422007502988 1.26047890936024 0.964933831710368 1.34581461339258 1.0099015487358 1.82432004786097 1.80814725067466 1.09882058855146 1.20890543074347 1.4292389980983 1.35656920564361 1.65202220808715 0 1.01961309369653 1.26763870962895 1.62717961356975 1.53718231804669 1.76250357483514 1.70088295266032 0.988470094278455 1.21540481830016 1.26937906397507 1.42825484555215
1.39340688800439 1.09331624535844 1.42967064119875 0.947004646994174 1.00482732849196 1.84302835864946 1.26584969530813 1.56306879711337 1.75569341913797 1.58959316811524 1.63268528180197 1.80108595825732 1.69337791088037 1.05984948761761 0.917905604001135 1.45743486029096 1.08938601636328 1.21783129777759 1.63798651355319 1.01961309369653 0 1.22172666247934 1.47512123174965 1.08267117431387 1.12839542329311 0.999914317857474 0.940037406748161 1.25921035162173 0.988726546755061 0.981007253285497
1.43207282037474 1.75241214619018 1.40707535063848 1.45166888204403 1.00687786075287 0.97476327419281 0.992163017159328 1.69978500436991 1.69018774060532 1.32716400874779 1.14658132777549 1.18698361888528 1.61812802636996 1.73024099180475 1.7567856318783 0.945141869597137 1.42018361086957 1.68698046915233 1.4168847464025 1.26763870962895 1.22172666247934 0 1.23054813151248 1.1044715072494 0.976294637424871 1.40499870479107 1.31495271297172 1.6498669849243 0.910496004857123 1.55133091215976
1.86415423615836 1.09866805118509 1.38116196147166 0.913935890654102 1.78325254283845 1.38208538480103 1.13518511480652 1.44525446882471 1.4848839272745 1.45359707530588 1.53343435144052 1.18609172990546 1.6342185488902 1.09787877625786 1.37423413386568 1.37440784205683 1.4156696323771 1.074967604829 1.6783695302438 1.62717961356975 1.47512123174965 1.23054813151248 0 1.17022682889365 1.02605372248217 1.44135144189931 1.85766384005547 1.44846084550954 1.63366512022913 1.74775573145598
1.8108409952838 1.03983849030919 1.77121078548953 0.987962682498619 1.51919032260776 1.73897817893885 1.21953713148832 1.70818988513201 1.8927172801923 1.22463162452914 1.79453495517373 1.04950354574248 1.32704964093864 1.01632479205728 1.26011480065063 1.43572959303856 1.16419391287491 0.981835265411064 1.40024454402737 1.53718231804669 1.08267117431387 1.1044715072494 1.17022682889365 0 1.52230735961348 1.61882646102458 1.22514734091237 1.43620087322779 1.11348710069433 0.931476044235751
1.60323672089726 1.78121770522557 1.83462232560851 1.16770718549378 1.48784363386221 1.45701142307371 1.59298535622656 1.39894285984337 1.16602283064276 1.04173218552023 1.27312964666635 1.59961990616284 1.38610407477245 1.07067824830301 1.19538458553143 1.89712397311814 1.54265083419159 1.56930667883717 1.05707972659729 1.76250357483514 1.12839542329311 0.976294637424871 1.02605372248217 1.52230735961348 0 1.08598400093615 1.55086910864338 1.36807532957755 1.82461130013689 1.89720467105508
1.61185072013177 1.70335749606602 1.45266768708825 0.958619811804965 1.75101352995262 1.512994983932 1.38370895455591 1.59501394466497 1.80136516061611 1.3064733564388 1.61893729283474 1.18369811354205 1.47554345824756 1.79464720049873 1.10960909258574 1.06267210794613 1.14234139211476 1.38991427980363 1.89734282135032 1.70088295266032 0.999914317857474 1.40499870479107 1.44135144189931 1.61882646102458 1.08598400093615 0 1.4793049339205 0.963728255126625 1.22438390692696 1.21897953539155
1.28553098184057 1.36237752786838 1.6584495077841 1.29055728972889 1.78450684901327 1.35250118328258 1.78915602667257 1.53621447016485 1.6676455931738 1.57570895715617 1.88556957058609 1.77975213294849 1.59336323174648 1.34597869939171 1.78693259740248 1.36918004066683 1.01574001996778 1.84626622707583 1.35898089641705 0.988470094278455 0.940037406748161 1.31495271297172 1.85766384005547 1.22514734091237 1.55086910864338 1.4793049339205 0 1.77007364551537 1.1689462903887 1.00472255330533
1.78161116503179 0.972763944650069 1.55288543994538 1.1179855694063 1.63230205210857 1.70548169477843 1.55202124034986 1.67953575146385 1.69517272221856 1.56327476142906 1.68559080478735 1.84903343184851 1.31789249880239 1.42395807034336 1.04245769395493 1.31287568924017 1.81157773779705 1.3283380153589 1.49309272854589 1.21540481830016 1.25921035162173 1.6498669849243 1.44846084550954 1.43620087322779 1.36807532957755 0.963728255126625 1.77007364551537 0 1.41249521984719 1.85876037483104
1.23130204272456 1.84711243119091 1.89990436285734 1.84355237125419 1.69714972702786 1.25129682896659 1.5292377921287 1.47643685620278 1.57086902414449 1.49655355629511 1.22571568191051 0.909275447251275 1.45566933485679 1.70273245405406 1.49658855143934 1.05435691680759 0.981548084178939 1.59232293418609 1.79266932373866 1.26937906397507 0.988726546755061 0.910496004857123 1.63366512022913 1.11348710069433 1.82461130013689 1.22438390692696 1.1689462903887 1.41249521984719 0 1.28429349535145
1.14797287853435 1.78443133668043 1.83933111862279 1.58502940321341 1.53016435238533 1.40561014297418 1.44462108239532 1.61705084098503 1.54670901806094 1.45149072306231 1.54171923804097 1.89804423437454 1.48693056032062 1.51870914455503 1.64130521868356 1.38045949023217 0.984301595948637 1.67588853486814 0.9206572631374 1.42825484555215 0.981007253285497 1.55133091215976 1.74775573145598 0.931476044235751 1.89720467105508 1.21897953539155 1.00472255330533 1.85876037483104 1.28429349535145 0
