0 1.91848495020531 1.36946212826297 1.57079413649626 1.44046476227231 1.3908477537334 1.05089361104183 1.90241565881297 1.22965148556978 1.11810682411306 1.91750248731114 1.9072218160145 1.72188080032356 1.90318913571537 1.00110399280675 1.2385793433059 1.73949433933012 1.48464186163619 1.53392466437072 1.5740817124024 1.30690089100972 1.11615787888877 0.996898168697953 1.15843479381874 1.2018980414141 1.36633231071755 1.87822794215754 1.18445118935779 1.50691049871966 1.54138592421077
1.91848495020531 0 1.5704977135174 1.95787018467672 1.41108057508245 1.3728522292804 1.63631934672594 1.02302676276304 1.66219152277336 1.08845979021862 1.21366974315606 1.41235377499834 1.42006436758675 1.2198845804669 1.5355049953796 1.56187480967492 1.0650344886817 1.73613668745384 1.11525400332175 1.29417904210277 1.53603227017447 1.75251002260484 1.78678613877855 1.17191536864266 1.41731035988778 1.94507587677799 0.982448350870982 1.25432265992276 1.52767221909016 1.60677180206403
1.36946212826297 1.5704977135174 0 1.69599944283254 1.538206118159 1.45418176939711 1.91250721318647 1.88865751284175 1.59273293497972 1.35097698797472 1.26522122533061 1.10849722265266 1.16259038937278 1.43963735969737 1.65090980823152 1.88675947813317 1.05063493060879 1.02242066338658 1.62785008689389 1.69291274761781 1.8347481591627 1.28126425971277 1.65579682006501 1.58208782435395 1.59526557405479 1.69314534636214 1.42479017307051 1.7114042758476 1.41710749478079 1.83087807102129
1.57079413649626 1.95787018467672 1.69599944283254 0 1.27718454506248 0.993174989940599 1.19139434443787 1.56664325925522 1.4727839876432 1.17293455684558 1.13767090532929 1.69664123887196 1.65557137131691 1.97423560335301 1.90361830056645 1.20863357372582 1.65541918436065 1.30585117568262 1.21293754712678 1.15929210791364 1.79056309559382 1.94586228183471 1.87961997790262 1.23671155096963 1.83581493259408 1.23911215201952 1.07536492403597 1.45211943914182 1.56038663093932 1.85453939833678
1.44046476227231 1.41108057508245 1.538206118159 1.27718454506248 0 1.93590061692521 1.01033500535414 1.62098864279687 1.29619525698945 1.55715471319854 1.15810639876872 1.85899268253706 1.76386359427124 1.4672289560549 1.04180407826789 0.982285381993279 1.5231248321943 1.29135031136684 1.63009290141053 1.6929712772835 0.977136008208618 1.80035567167215 1.66906685987487 1.1778493092861 1.96137412311509 1.00380754331127 1.61282995459624 1.53784160828218 1.96244488959201 1.05820621456951
1.3908477537334 1.3728522292804 1.45418176939711 0.993174989940599 1.93590061692521 0 1.66362223005854 1.23814926412888 1.58464060071856 1.96503478451632 1.22904592985287 1.18482961482368 1.63636726769619 1.92110039014369 1.50919292890467 1.24203551956452 1.26945525663905 1.31772796344012 1.31469378643669 1.36846767622046 1.80030048312619 1.4935718413908 1.0082883676514 1.02775361738168 1.66510178660974 1.53481734544039 1.7979559530504 1.58936783857644 1.16790253436193 0.985840820940211
1.05089361104183 1.63631934672594 1.91250721318647 1.19139434443787 1.01033500535414 1.66362223005854 0 1.83427921193652 1.51443798956461 1.4633422717452 1.34914375143126 1.57194833224639 1.95408944971859 1.4692700591404 1.1024943778757 1.78197582811117 1.8838563458994 1.7158560147509 1.5692359758541 1.68299619783647 1.76835185405798 1.73927600029856 1.5872607268393 1.67825461179018 1.29041656968184 1.26981309708208 1.20789875229821 1.19927706802264 1.26284481817856 1.34303598292172
1.90241565881297 1.02302676276304 1.88865751284175 1.56664325925522 1.62098864279687 1.23814926412888 1.83427921193652 0 1.25473264581524 1.96203099936247 1.21673562843353 1.01876506162807 0.995178258279338 1.3295168671757 1.36623488226905 1.08727267081849 1.48023093002848 1.68871578993276 1.62135748821311 1.31364143034443 1.54317047190852 1.87995199370198 1.90946118533611 1.25570248765871 1.25944984913804 1.23593101021834 1.03751087142155 1.95981408772059 1.1843570235651 1.86353714112192
1.22965148556978 1.66219152277336 1.59273293497972 1.4727839876432 1.29619525698945 1.58464060071856 1.51443798956461 1.25473264581524 0 1.40595777868293 1.5838069843594 1.04261079034768 1.83848849707283 1.84898039861582 1.41499067493714 1.76278175669722 1.64082993986085 1.61393767502159 1.7325409706682 1.16664069890976 1.24387403111905 1.85451386566274 1.71955063310452 1.45853181323037 1.63685913733207 1.35953307687305 1.34587556053884 1.0997067426797 1.46523070475087 1.32087052171119
1.11810682411306 1.08845979021862 1.35097698797472 1.17293455684558 1.55715471319854 1.96503478451632 1.4633422717452 1.96203099936247 1.40595777868293 0 1.56605607410893 1.80361946974881 1.5924063262064 1.59364020824432 1.27052743616514 1.56458044960164 1.22153873741627 1.64925213088281 1.10333104594611 0.981284036068246 1.39247296052054 1.71063695149496 1.01317653269507 1.1282919831574 1.3054754731711 1.97210585768335 1.91258973255754 0.98181202611886 1.20082076592371 1.07162940502167
1.91750248731114 1.21366974315606 1.26522122533061 1.13767090532929 1.15810639876872 1.22904592985287 1.34914375143126 1.21673562843353 1.5838069843594 1.56605607410893 0 1.64636385114864 1.74201900768094 0.975488535827026 1.45956579525955 1.86056975950487 1.64634992531501 1.14602576405741 1.23580233473331 1.67344919941388 1.80304450029507 1.48777258931659 1.68343031895347 1.8258918938227 1.52541415579617 1.27146063535474 1.57412417768501 1.92831560992636 1.11653332901187 1.11874789698049
1.9072218160145 1.41235377499834 1.10849722265266 1.69664123887196 1.85899268253706 1.18482961482368 1.57194833224639 1.01876506162807 1.04261079034768 1.80361946974881 1.64636385114864 0 1.2273869891651 1.15673005324788 1.25416154344566 1.60008119721897 1.33767815073952 1.64554761839099 1.159778901143 1.54425897216424 1.01733200391755 1.79645116836764 1.90869892993942 1.25382459373213 1.63413691497408 1.71669994806871 1.2262623286806 1.62556219915859 1.75457431399263 1.94982793205418
1.72188080032356 1.42006436758675 1.16259038937278 1.65557137131691 1.76386359427124 1.63636726769619 1.95408944971859 0.995178258279338 1.83848849707283 1.5924063262064 1.74201900768094 1.2273869891651 0 1.8328500946518 1.21322929440066 1.16347411065362 1.88762628473341 1.63460504170507 1.68787151901051 1.94829565519467 1.97390526696108 0.994839181192219 1.15080743585713 1.31141862622462 1.47238852712326 1.05675009661354 1.50967982294969 1.54083236888982 1.62510375841521 1.04017006489448
1.90318913571537 1.2198845804669 1.43963735969737 1.97423560335301 1.4672289560549 1.92110039014369 1.4692700591404 1.3295168671757 1.84898039861582 1.59364020824432 0.975488535827026 1.15673005324788 1.8328500946518 0 1.55937493802048 1.0305674734991 1.28329723002389 1.89375791652128 1.54127348051406 1.4726050850004 1.78982248064131 1.4757652238477 1.91921301512048 1.03311107051559 1.78916846262291 1.13483287557028 1.37301520537585 1.94114455208182 1.89878366095945 1.82197676179931
1.00110399280675 1.5355049953796 1.65090980823152 1.90361830056645 1.04180407826789 1.50919292890467 1.1024943778757 1.36623488226905 1.41499067493714 1.27052743616514 1.45956579525955 1.25416154344566 1.21322929440066 1.55937493802048 0 1.43629304505885 1.63629947626032 1.19455441040918 1.44535773666576 1.44011867092922 1.82695864350535 1.53094697045162 1.64693696517497 1.55141803482547 1.11132603394799 1.61140679079108 1.51072120130993 1.72699993150309 1.41486869286746 1.377211072715
1.2385793433059 1.56187480967492 1.88675947813317 1.20863357372582 0.982285381993279 1.24203551956452 1.78197582811117 1.08727267081849 1.76278175669722 1.56458044960164 1.86056975950487 1.60008119721897 1.16347411065362 1.0305674734991 1.43629304505885 0 1.2062830326613 1.29670318146236 1.93079924862832 1.74324009660631 1.9594213902019 1.24794739740901 1.64436775865033 0.978269253158942 1.3819686959032 1.73465325240977 1.96672327304259 1.5450748805888 1.64228971628472 1.36072070663795
1.73949433933012 1.0650344886817 1.05063493060879 1.65541918436065 1.5231248321943 1.26945525663905 1.8838563458994 1.48023093002848 1.64082993986085 1.22153873741627 1.64634992531501 1.33767815073952 1.88762628473341 1.28329723002389 1.63629947626032 1.2062830326613 0 1.70853250776418 1.75320705492049 1.15045745112002 1.61802804819308 1.03788408590481 1.92905191844329 1.41768628335558 1.34143710113131 1.1783222167287 1.85885488358326 1.11223561922088 1.43770423880778 1.87709197984077
1.48464186163619 1.73613668745384 1.02242066338658 1.30585117568262 1.29135031136684 1.31772796344012 1.7158560147509 1.68871578993276 1.61393767502159 1.64925213088281 1.14602576405741 1.64554761839099 1.63460504170507 1.89375791652128 1.19455441040918 1.29670318146236 1.70853250776418 0 1.76144329737872 1.75110933696851 0.979913195129484 1.40664762444794 1.02121435757726 1.02326661953703 1.0413815015927 1.58307299157605 1.60292239347473 1.19737182720564 1.25629620649852 1.89980143611319
1.53392466437072 1.11525400332175 1.62785008689389 1.21293754712678 1.63009290141053 1.31469378643669 1.5692359758541 1.62135748821311 1.7325409706682 1.10333104594611 1.23580233473331 1.159778901143 1.68787151901051 1.54127348051406 1.44535773666576 1.93079924862832 1.75320705492049 1.76144329737872 0 1.78836331889033 1.32938613579609 1.23902119533159 1.65195954078808 1.32529065548442 1.09195655444637 1.46950338361785 1.80000214907341 1.74159954860806 1.17815387365408 1.26771323615685
1.5740817124024 1.29417904210277 1.69291274761781 1.15929210791364 1.6929712772835 1.36846767622046 1.68299619783647 1.31364143034443 1.16664069890976 0.981284036068246 1.67344919941388 1.54425897216424 1.94829565519467 1.4726050850004 1.44011867092922 1.74324009660631 1.15045745112002 1.75110933696851 1.78836331889033 0 1.88708368688822 1.87024911143817 1.91083453805186 1.08000746252947 1.32062625838444 1.82276941579767 1.24674103059806 1.02668689889833 1.96437709848396 1.08457987732254
1.30690089100972 1.53603227017447 1.8347481591627 1.79056309559382 0.977136008208618 1.80030048312619 1.76835185405798 1.54317047190852 1.24387403111905 1.39247296052054 1.80304450029507 1.01733200391755 1.97390526696108 1.78982248064131 1.82695864350535 1.9594213902019 1.61802804819308 0.979913195129484 1.32938613579609 1.88708368688822 0 1.43638966511935 1.74150847573765 1.4910592532251 1.42197684501298 1.44148535747081 1.31407291861251 1.62495518685319 1.37285325536504 1.79363881936297
1.11615787888877 1.75251002260484 1.28126425971277 1.94586228183471 1.80035567167215 1.4935718413908 1.73927600029856 1.87995199370198 1.85451386566274 1.71063695149496 1.48777258931659 1.79645116836764 0.994839181192219 1.4757652238477 1.53094697045162 1.24794739740901 1.03788408590481 1.40664762444794 1.23902119533159 1.87024911143817 1.43638966511935 0 1.64196000085212 1.77737937238999 1.84584274096414 1.88895917148329 1.221565855667 1.61056428262964 1.46571522392333 1.0585709803272
0.996898168697953 1.78678613877855 1.65579682006501 1.87961997790262 1.66906685987487 1.0082883676514 1.5872607268393 1.90946118533611 1.71955063310452 1.01317653269507 1.68343031895347 1.90869892993942 1.15080743585713 1.91921301512048 1.64693696517497 1.64436775865033 1.92905191844329 1.02121435757726 1.65195954078808 1.91083453805186 1.74150847573765 1.64196000085212 0 1.36039859079756 1.88170411670581 1.48908692016266 1.58490438084118 1.34843740263022 1.49412152310833 1.81868129223585
1.15843479381874 1.17191536864266 1.58208782435395 1.23671155096963 1.1778493092861 1.02775361738168 1.67825461179018 1.25570248765871 1.45853181323037 1.1282919831574 1.8258918938227 1.25382459373213 1.31141862622462 1.03311107051559 1.55141803482547 0.978269253158942 1.41768628335558 1.02326661953703 1.32529065548442 1.08000746252947 1.4910592532251 1.77737937238999 1.36039859079756 0 1.61813679989427 1.82988961017691 1.96152368909679 1.6487758429721 1.05158175877295 1.66362008242868
1.2018980414141 1.41731035988778 1.59526557405479 1.83581493259408 1.96137412311509 1.66510178660974 1.29041656968184 1.25944984913804 1.63685913733207 1.3054754731711 1.52541415579617 1.63413691497408 1.47238852712326 1.78916846262291 1.11132603394799 1.3819686959032 1.34143710113131 1.0413815015927 1.09195655444637 1.32062625838444 1.42197684501298 1.84584274096414 1.88170411670581 1.61813679989427 0 1.8181331413798 1.03876335942186 1.09599506226368 1.40419191122055 1.2303062051069
1.36633231071755 1.94507587677799 1.69314534636214 1.23911215201952 1.00380754331127 1.53481734544039 1.26981309708208 1.23593101021834 1.35953307687305 1.97210585768335 1.27146063535474 1.71669994806871 1.05675009661354 1.13483287557028 1.61140679079108 1.73465325240977 1.1783222167287 1.58307299157605 1.46950338361785 1.82276941579767 1.44148535747081 1.88895917148329 1.48908692016266 1.82988961017691 1.8181331413798 0 1.07512240414508 1.34018132300116 1.26316530769691 1.49063469516113
1.87822794215754 0.982448350870982 1.42479017307051 1.07536492403597 1.61282995459624 1.7979559530504 1.20789875229821 1.03751087142155 1.34587556053884 1.91258973255754 1.57412417768501 1.2262623286806 1.50967982294969 1.37301520537585 1.51072120130993 1.96672327304259 1.85885488358326 1.60292239347473 1.80000214907341 1.24674103059806 1.31407291861251 1.221565855667 1.58490438084118 1.96152368909679 1.03876335942186 1.07512240414508 0 1.9417574738618 1.16372487042099 1.43453160347417
1.18445118935779 1.25432265992276 1.7114042758476 1.45211943914182 1.53784160828218 1.58936783857644 1.19927706802264 1.95981408772059 1.0997067426797 0.98181202611886 1.92831560992636 1.62556219915859 1.54083236888982 1.94114455208182 1.72699993150309 1.5450748805888 1.11223561922088 1.19737182720564 1.74159954860806 1.02668689889833 1.62495518685319 1.61056428262964 1.34843740263022 1.6487758429721 1.09599506226368 1.34018132300116 1.9417574738618 0 1.32601937558502 1.56191032682545
1.50691049871966 1.52767221909016 1.41710749478079 1.56038663093932 1.96244488959201 1.16790253436193 1.26284481817856 1.1843570235651 1.46523070475087 1.20082076592371 1.11653332901187 1.75457431399263 1.62510375841521 1.89878366095945 1.41486869286746 1.64228971628472 1.43770423880778 1.25629620649852 1.17815387365408 1.96437709848396 1.37285325536504 1.46571522392333 1.49412152310833 1.05158175877295 1.40419191122055 1.26316530769691 1.16372487042099 1.32601937558502 0 1.88408452318981
1.54138592421077 1.60677180206403 1.83087807102129 1.85453939833678 1.05820621456951 0.985840820940211 1.34303598292172 1.86353714112192 1.32087052171119 1.07162940502167 1.11874789698049 1.94982793205418 1.04017006489448 1.82197676179931 1.377211072715 1.36072070663795 1.87709197984077 1.89980143611319 1.26771323615685 1.08457987732254 1.79363881936297 1.0585709803272 1.81868129223585 1.66362008242868 1.2303062051069 1.49063469516113 1.43453160347417 1.56191032682545 1.88408452318981 0
