0 1.7950911168009 1.27228497550823 1.33384291920811 1.41155634727329 1.52530560363084 0.957774118985981 0.923392984783277 1.80055996472947 1.8137751056347 1.48318235133775 1.22454649093561 1.39025957067497 1.49671827512793 1.31898998492397 1.53412835136987 1.62986592901871 1.45593587053008 1.16908893524669 1.61944269645028 1.30832327576354 1.33744634012692 1.77789487480186 0.923636864870787 1.69932627445087 1.13302306993864 1.36414264631458 1.2969348798506 1.26223819679581 1.2833044922445
1.7950911168009 0 1.52238966873847 1.63322056550533 1.10923363058828 1.07160801044665 1.22540207230486 1.87624987121671 1.60231996234506 1.4452760652639 1.2447006793227 1.57622395758517 0.928160770563409 1.59514018776827 1.26391822681762 0.915075788972899 1.40009455801919 1.8946779796388 1.58815473690629 0.963978812796995 1.62912565818988 1.44048622995615 1.29288602177985 1.17325165774673 0.906235105590895 1.83889490552247 0.934851571684703 0.951813384890556 1.80870318156667 1.42835601209663
1.27228497550823 1.52238966873847 0 1.29251193441451 1.7882786472328 1.82444672193378 1.11745233577676 1.78980363043956 1.62510794843547 1.48977281479165 1.12426985986531 1.38877091114409 1.33923142659478 1.42847056151368 1.42284875479527 1.46095732692629 1.10225076111965 1.16379890055396 1.41662082727998 1.15862533985637 1.59982501668856 1.66817999910563 1.20515015465207 0.955090414732695 1.34048031410202 1.69397021853365 1.36618753359653 1.30129270791076 1.64839650108479 1.27686548884958
1.33384291920811 1.63322056550533 1.29251193441451 0 1.39722012728453 1.32170230848715 1.00650847330689 1.39099109219387 1.68640431272797 1.64174100873061 1.43892572610639 1.63046580739319 1.74721037829295 1.79395531886257 1.7031705759 1.05716212769039 1.70099558564834 1.15234363358468 1.38346666935831 1.58932786132209 1.49767241533846 1.87558915605769 1.01526758191176 1.28573043178767 1.14159740228206 1.82987656397745 1.38619773113169 1.21425577579066 1.33388885599561 0.970724587095901
1.41155634727329 1.10923363058828 1.7882786472328 1.39722012728453 0 1.70191424363293 1.42166116484441 1.74582618521526 1.17620238708332 1.25721631199121 1.74715148285031 0.996745791751891 1.16405753674917 1.09853129461408 1.42323497962207 1.01918853120878 0.984188779490069 1.57731510722078 1.83325113193132 1.48300377442501 1.03534626401961 1.61449349485338 1.35615294333547 0.970760432071984 1.67389287264086 1.04110675072297 1.76620429381728 1.70220744842663 1.84602219937369 1.23448493843898
1.52530560363084 1.07160801044665 1.82444672193378 1.32170230848715 1.70191424363293 0 1.89653132809326 1.08626962895505 1.89263263065368 1.01499649439938 1.18167894985527 1.90059647196904 1.72472356958315 1.33178479620256 1.56315546296537 1.58478145021945 1.06739474018104 1.19702660245821 1.40700850216672 1.13763566780835 1.29040399054065 1.44673248124309 1.07631542952731 1.72689111786895 1.89152724016458 1.3751283546444 1.3528968943283 0.923093182267621 1.19390925532207 1.10517522436567
0.957774118985981 1.22540207230486 1.11745233577676 1.00650847330689 1.42166116484441 1.89653132809326 0 1.02432538103312 1.39785940130241 0.992346864426509 1.25024797674268 1.12753006326966 1.01821479992941 1.51470064907335 1.88748713675886 1.78414555708878 1.5609221579507 1.44293075334281 1.64479916356504 1.21830033627339 1.48218137258664 1.39304766478017 1.78253441303968 0.959223620360717 1.45619583385997 1.62808499322273 1.64585146843456 1.46067552710883 1.38862102595158 1.28254957334138
0.923392984783277 1.87624987121671 1.78980363043956 1.39099109219387 1.74582618521526 1.08626962895505 1.02432538103312 0 1.30228205444291 1.7488939568866 0.931506659602746 1.08562104217708 1.88847938226536 1.45929800276645 1.21524329343811 1.81650101672858 0.982617556583136 1.61876071128063 1.28071164479479 1.78180348919705 1.58640312426724 1.2017445047386 1.22913899226114 0.910752633353695 1.74506099894643 1.11372071737424 1.7848218108993 1.649738217704 1.58512061135843 1.22392888530158
1.80055996472947 1.60231996234506 1.62510794843547 1.68640431272797 1.17620238708332 1.89263263065368 1.39785940130241 1.30228205444291 0 1.32588922930881 1.36444830382243 1.29322625789791 1.22131210868247 1.31872341502458 1.14820913015865 1.47606339491904 1.50393325020559 1.04521108232439 1.8376576337032 0.921487274812534 1.34648916055448 1.55738402763382 1.81184498267248 1.39883342687972 0.96108468179591 1.41453024419025 1.06874763197266 1.12105190404691 0.956063775578514 1.28561754222028
1.8137751056347 1.4452760652639 1.48977281479165 1.64174100873061 1.25721631199121 1.01499649439938 0.992346864426509 1.7488939568866 1.32588922930881 0 1.61370940995403 1.76891250000335 1.89665746199898 1.83326387801208 1.01638173311949 1.04401088412851 1.6110134231858 1.67870534048416 1.05285984370857 1.57389356871136 0.999422146705911 1.71023231418803 1.73095886199735 1.45524486433715 1.12790514621884 1.30010954965837 1.27035549003631 1.5225522229448 1.46559899952263 1.04403430409729
1.48318235133775 1.2447006793227 1.12426985986531 1.43892572610639 1.74715148285031 1.18167894985527 1.25024797674268 0.931506659602746 1.36444830382243 1.61370940995403 0 1.63485894724727 1.87939698831178 1.18216702039354 0.999083666829392 1.81205758731812 1.86511176428758 1.2844255620148 1.5928119039163 1.3840771955438 1.60733212972991 1.14101845840923 1.77389829000458 1.02393453125842 1.69446513289586 1.87405908084475 1.10355686442927 1.17674151831307 1.38732760562561 1.46692852559499
1.22454649093561 1.57622395758517 1.38877091114409 1.63046580739319 0.996745791751891 1.90059647196904 1.12753006326966 1.08562104217708 1.29322625789791 1.76891250000335 1.63485894724727 0 1.8814888226334 1.11223225225694 1.13856822182424 1.11678849952295 1.79331358219497 1.17944507510401 1.52665920252912 1.82735750963911 1.16215381980874 1.36782940872945 1.38522008247674 1.37893615080975 1.8435413944535 1.13294431637041 0.922330262837932 1.73987210635096 1.08750623022206 1.73620131565258
1.39025957067497 0.928160770563409 1.33923142659478 1.74721037829295 1.16405753674917 1.72472356958315 1.01821479992941 1.88847938226536 1.22131210868247 1.89665746199898 1.87939698831178 1.8814888226334 0 1.18667401280254 1.88321343995631 1.79422380658798 1.67055004369467 1.81434652325697 1.39712732541375 1.78489936864935 1.08726066583768 1.52129302010871 1.7993342122063 1.51323738950305 1.37824386241846 1.47363376268186 1.8519141713623 1.74316895008087 1.25474259769544 1.33424738468602
1.49671827512793 1.59514018776827 1.42847056151368 1.79395531886257 1.09853129461408 1.33178479620256 1.51470064907335 1.45929800276645 1.31872341502458 1.83326387801208 1.18216702039354 1.11223225225694 1.18667401280254 0 1.38243946083821 1.23298947839066 1.10501140658744 1.5045786711853 1.58764401101507 1.75257351552136 1.53654462564737 1.21474425843917 1.12787007004954 1.86411432991736 1.39728895691223 1.1421202167403 1.65864876005799 1.7937863082625 1.75926119694486 1.54818337364122
1.31898998492397 1.26391822681762 1.42284875479527 1.7031705759 1.42323497962207 1.56315546296537 1.88748713675886 1.21524329343811 1.14820913015865 1.01638173311949 0.999083666829392 1.13856822182424 1.88321343995631 1.38243946083821 0 1.65152192232199 0.939200719119981 1.4677972632926 1.51410662406124 0.978431906783953 1.60776846413501 1.32109807082452 1.88290827092715 1.65828701830469 0.997471768409014 1.49830441665836 1.85497813974507 1.53414961928502 1.48292484181002 1.52609089389443
1.53412835136987 0.915075788972899 1.46095732692629 1.05716212769039 1.01918853120878 1.58478145021945 1.78414555708878 1.81650101672858 1.47606339491904 1.04401088412851 1.81205758731812 1.11678849952295 1.79422380658798 1.23298947839066 1.65152192232199 0 1.42010195995681 1.53193334187381 1.43235315545462 1.87905460176989 1.54753895290196 1.88591055059806 1.48146298597567 1.67778630577959 1.22642226377502 1.14005538006313 0.958708348916844 1.27936175093055 1.10724728112109 1.69915449875407
1.62986592901871 1.40009455801919 1.10225076111965 1.70099558564834 0.984188779490069 1.06739474018104 1.5609221579507 0.982617556583136 1.50393325020559 1.6110134231858 1.86511176428758 1.79331358219497 1.67055004369467 1.10501140658744 0.939200719119981 1.42010195995681 0 1.32136800000444 1.88179313694127 1.07195393764414 1.74550217599608 1.53158916160464 1.34045040537603 1.48335258290172 0.941001380095258 1.12669357075356 1.39757069665939 0.998400786425918 1.31297956244089 1.63601535302587
1.45593587053008 1.8946779796388 1.16379890055396 1.15234363358468 1.57731510722078 1.19702660245821 1.44293075334281 1.61876071128063 1.04521108232439 1.67870534048416 1.2844255620148 1.17944507510401 1.81434652325697 1.5045786711853 1.4677972632926 1.53193334187381 1.32136800000444 0 1.60629474255256 1.63133839750662 1.16462948429398 1.28852388658561 1.74242476583458 1.00726640946232 1.51592383300886 1.07351004472002 1.30381140881218 1.64053952111863 1.03635419299826 1.85230970964767
1.16908893524669 1.58815473690629 1.41662082727998 1.38346666935831 1.83325113193132 1.40700850216672 1.64479916356504 1.28071164479479 1.8376576337032 1.05285984370857 1.5928119039163 1.52665920252912 1.39712732541375 1.58764401101507 1.51410662406124 1.43235315545462 1.88179313694127 1.60629474255256 0 1.13053658674471 1.14313104003668 1.43356461008079 1.05954300891608 0.95274312258698 0.953870298806578 1.48537800461054 1.27294895541854 1.60682399291545 1.44493781402707 1.33535216795281
1.61944269645028 0.963978812796995 1.15862533985637 1.58932786132209 1.48300377442501 1.13763566780835 1.21830033627339 1.78180348919705 0.921487274812534 1.57389356871136 1.3840771955438 1.82735750963911 1.78489936864935 1.75257351552136 0.978431906783953 1.87905460176989 1.07195393764414 1.63133839750662 1.13053658674471 0 1.1565177377779 1.10094603360631 1.67421202291735 1.89550562086515 0.933598560513929 1.52557106176391 1.06121076433919 1.69317311281338 1.46290213242173 1.53910323930904
1.30832327576354 1.62912565818988 1.59982501668856 1.49767241533846 1.03534626401961 1.29040399054065 1.48218137258664 1.58640312426724 1.34648916055448 0.999422146705911 1.60733212972991 1.16215381980874 1.08726066583768 1.53654462564737 1.60776846413501 1.54753895290196 1.74550217599608 1.16462948429398 1.14313104003668 1.1565177377779 0 1.8751155862119 1.31086683203466 1.44003833434545 1.22084047272801 1.68728062789887 1.10041829082184 1.23577382718213 1.73970490251668 1.30609411839396
1.33744634012692 1.44048622995615 1.66817999910563 1.87558915605769 1.61449349485338 1.44673248124309 1.39304766478017 1.2017445047386 1.55738402763382 1.71023231418803 1.14101845840923 1.36782940872945 1.52129302010871 1.21474425843917 1.32109807082452 1.88591055059806 1.53158916160464 1.28852388658561 1.43356461008079 1.10094603360631 1.8751155862119 0 1.86949698114768 0.943855329416692 1.47968974523246 1.59976857807487 1.73778517683968 1.18081530136988 1.10793312522583 1.40801728377119
1.77789487480186 1.29288602177985 1.20515015465207 1.01526758191176 1.35615294333547 1.07631542952731 1.78253441303968 1.22913899226114 1.81184498267248 1.73095886199735 1.77389829000458 1.38522008247674 1.7993342122063 1.12787007004954 1.88290827092715 1.48146298597567 1.34045040537603 1.74242476583458 1.05954300891608 1.67421202291735 1.31086683203466 1.86949698114768 0 1.25479389494285 1.72540458012372 1.72251595370471 1.66759608197026 1.61578549421392 1.20435180934146 0.925017799949273
0.923636864870787 1.17325165774673 0.955090414732695 1.28573043178767 0.970760432071984 1.72689111786895 0.959223620360717 0.910752633353695 1.39883342687972 1.45524486433715 1.02393453125842 1.37893615080975 1.51323738950305 1.86411432991736 1.65828701830469 1.67778630577959 1.48335258290172 1.00726640946232 0.95274312258698 1.89550562086515 1.44003833434545 0.943855329416692 1.25479389494285 0 1.73175431252457 1.47759742080234 1.32349064527079 1.72783068497665 1.79671441880055 1.85643430356868
1.69932627445087 0.906235105590895 1.34048031410202 1.14159740228206 1.67389287264086 1.89152724016458 1.45619583385997 1.74506099894643 0.96108468179591 1.12790514621884 1.69446513289586 1.8435413944535 1.37824386241846 1.39728895691223 0.997471768409014 1.22642226377502 0.941001380095258 1.51592383300886 0.953870298806578 0.933598560513929 1.22084047272801 1.47968974523246 1.72540458012372 1.73175431252457 0 1.55453473958187 1.56304558413103 1.03336585941724 1.18997214594856 1.58153106225654
1.13302306993864 1.83889490552247 1.69397021853365 1.82987656397745 1.04110675072297 1.3751283546444 1.62808499322273 1.11372071737424 1.41453024419025 1.30010954965837 1.87405908084475 1.13294431637041 1.47363376268186 1.1421202167403 1.49830441665836 1.14005538006313 1.12669357075356 1.07351004472002 1.48537800461054 1.52557106176391 1.68728062789887 1.59976857807487 1.72251595370471 1.47759742080234 1.55453473958187 0 1.86969583225437 1.0622272985056 1.8213043869473 1.25150106754154
1.36414264631458 0.934851571684703 1.36618753359653 1.38619773113169 1.76620429381728 1.3528968943283 1.64585146843456 1.7848218108993 1.06874763197266 1.27035549003631 1.10355686442927 0.922330262837932 1.8519141713623 1.65864876005799 1.85497813974507 0.958708348916844 1.39757069665939 1.30381140881218 1.27294895541854 1.06121076433919 1.10041829082184 1.73778517683968 1.66759608197026 1.32349064527079 1.56304558413103 1.86969583225437 0 1.00646527390927 1.67014816286974 1.65307175857015
1.2969348798506 0.951813384890556 1.30129270791076 1.21425577579066 1.70220744842663 0.923093182267621 1.46067552710883 1.649738217704 1.12105190404691 1.5225522229448 1.17674151831307 1.73987210635096 1.74316895008087 1.7937863082625 1.53414961928502 1.27936175093055 0.998400786425918 1.64053952111863 1.60682399291545 1.69317311281338 1.23577382718213 1.18081530136988 1.61578549421392 1.72783068497665 1.03336585941724 1.0622272985056 1.00646527390927 0 0.910302704200149 1.7102663286496
1.26223819679581 1.80870318156667 1.64839650108479 1.33388885599561 1.84602219937369 1.19390925532207 1.38862102595158 1.58512061135843 0.956063775578514 1.46559899952263 1.38732760562561 1.08750623022206 1.25474259769544 1.75926119694486 1.48292484181002 1.10724728112109 1.31297956244089 1.03635419299826 1.44493781402707 1.46290213242173 1.73970490251668 1.10793312522583 1.20435180934146 1.79671441880055 1.18997214594856 1.8213043869473 1.67014816286974 0.910302704200149 0 1.1781566850841
1.2833044922445 1.42835601209663 1.27686548884958 0.970724587095901 1.23448493843898 1.10517522436567 1.28254957334138 1.22392888530158 1.28561754222028 1.04403430409729 1.46692852559499 1.73620131565258 1.33424738468602 1.54818337364122 1.52609089389443 1.69915449875407 1.63601535302587 1.85230970964767 1.33535216795281 1.53910323930904 1.30609411839396 1.40801728377119 0.925017799949273 1.85643430356868 1.58153106225654 1.25150106754154 1.65307175857015 1.7102663286496 1.1781566850841 0
