0 1.62348544434644 0.937613180140033 1.55344851035625 1.29255394055508 1.53881608764641 1.047492897138 0.99494735780172 1.6761414706707 1.1022839024663 1.19868069817312 1.16992769762874 1.53956857393496 1.7726492928341 1.38058198848739 1.04521468118764 0.959589633625001 1.18196064955555 1.24520861008205 1.30917894537561 1.26844564941712 1.78194080805406 1.02258458407596 1.04394015436992 1.90868114703335 1.37316183024086 1.55274203978479 1.18505915882997 1.91426262771711 0.978861745912582
1.62348544434644 0 1.35625613830052 1.06788353878073 1.68595424760133 1.3041136818938 1.41361273662187 1.30016471352428 1.1029079190921 1.16579431621358 1.04448203882203 1.91499356948771 1.10376769374125 1.47176293889061 1.46248239348643 1.24824730143882 1.72085170750506 1.4256642581895 1.44926630868576 1.38538725161925 1.7361301172059 1.40147416759282 1.7357607842423 0.94679685914889 1.17216969258152 1.31491302279755 1.69086498068646 1.05198663799092 1.66770112863742 1.74882210884243
0.937613180140033 1.35625613830052 0 0.958158588036895 1.25106032681651 1.52338296733797 1.51969175413251 1.27826184616424 1.22000392433256 1.15709141688421 1.90192541945726 1.2545774653554 0.971882224548608 1.83922623447143 1.63460154482163 1.80803507845849 1.83405086304992 1.70151565410197 1.56585769308731 1.47115680435672 1.12113407696597 1.28553318255581 1.40575351542793 1.64254194661044 1.55145993689075 0.998346848646179 1.11826836527325 1.8226927574724 1.62782251113094 1.82503283116966
1.55344851035625 1.06788353878073 0.958158588036895 0 1.08837850228883 1.1038774503395 1.58309616334736 1.39021208044142 1.19851194764487 0.931799141224474 1.47780519071966 1.00316885765642 1.78943091235124 1.84568079211749 1.5411942047067 1.82111068628728 1.37036478845403 1.29176636878401 1.59857252938673 0.991135665448382 1.40870533674024 1.64174459781498 0.938966329209507 1.44033308629878 1.24381141620688 1.27151265344582 1.82363515743054 1.2591240752954 1.51361757190898 1.80842483532615
1.29255394055508 1.68595424760133 1.25106032681651 1.08837850228883 0 1.21015782770701 1.12742460891604 1.32070368924178 0.978976393351331 1.29664104431868 1.50043763383292 0.950999655993655 1.51901645842008 1.23410563659854 0.924130626954138 1.34793713176623 1.2466075650882 1.86338824778795 1.01097216363996 1.17096040560864 1.68156027328223 1.8934495721478 1.44355298113078 1.76470290659927 1.63417120650411 0.976550817489624 1.86795393703505 0.968964372295886 1.51682033739053 1.49598103878088
1.53881608764641 1.3041136818938 1.52338296733797 1.1038774503395 1.21015782770701 0 1.3487895433791 1.641180137638 0.965712649049237 1.32895516161807 1.51499355235137 0.95664816419594 1.46110434434377 1.50893649528734 1.89730853238143 1.24876167159528 1.8477183401119 0.941554454853758 1.46752425353043 1.58225842029788 1.79400914371945 1.2013415931724 0.979409857885912 1.42364709498361 1.32344681303948 1.87527398299426 1.38504421385005 1.11902458011173 1.38168571726419 1.90025870432146
1.047492897138 1.41361273662187 1.51969175413251 1.58309616334736 1.12742460891604 1.3487895433791 0 0.982117501785979 1.13999810558744 1.04058540263213 1.35953325335868 1.19982323376462 1.23441544943489 1.36075816815719 1.74099145503715 1.27475456264801 1.40760542149656 1.16415013140067 1.4564048924949 1.47483651572838 1.41371090919711 1.02201806334779 1.24608653481118 1.77013501338661 1.80540195037611 1.80958749284036 1.67903977283277 1.05745103303343 1.55461313505657 1.04765269905329
0.99494735780172 1.30016471352428 1.27826184616424 1.39021208044142 1.32070368924178 1.641180137638 0.982117501785979 0 1.3869393914938 1.45534567208961 1.46389946644194 1.36742204404436 1.01877324027009 1.20732709765434 1.78521547629498 1.07201594579965 1.32490478828549 1.38850929751061 1.90389653830789 1.57792915403843 1.60786362364888 1.28921952447854 1.76688541169278 1.00809319037944 1.08386033936404 1.69582871696912 1.30744861485437 1.30251094698906 0.971112758852541 1.08679845859297
1.6761414706707 1.1029079190921 1.22000392433256 1.19851194764487 0.978976393351331 0.965712649049237 1.13999810558744 1.3869393914938 0 1.03371468931437 1.61651067552157 1.3804977433756 1.38967302790843 1.70645722141489 1.77058570552617 1.70738447480835 1.67718751868233 1.44159866170958 1.73414297145791 1.78782696602866 1.86558954697102 1.07708829175681 1.77224469115026 1.58799677225761 1.7595107795205 1.34386510006152 1.34599015396088 1.64102916186675 1.13434707839042 1.20521796145476
1.1022839024663 1.16579431621358 1.15709141688421 0.931799141224474 1.29664104431868 1.32895516161807 1.04058540263213 1.45534567208961 1.03371468931437 0 1.15718176029623 1.91199910477735 1.57480439869687 1.46584054757841 1.09706897102296 1.33409858704545 1.09537909389473 1.0067963085603 1.88569733966142 1.49698649626225 0.961829614127055 1.63773347949609 1.57756945630535 1.81393928546458 1.60843309038319 1.01255120430142 1.84895222447813 1.36432255362161 1.29260389320552 1.79398961015977
1.19868069817312 1.04448203882203 1.90192541945726 1.47780519071966 1.50043763383292 1.51499355235137 1.35953325335868 1.46389946644194 1.61651067552157 1.15718176029623 0 1.38463168847375 1.76570879737847 1.3787966503296 1.05158467032015 1.74254924547859 1.32020347402431 1.17090397025459 1.23436957155354 1.2841972343158 1.18072399660014 1.30926910438575 1.49114927253686 1.00138086522929 1.70268014073372 1.43710614042357 0.955926559166983 1.06318386597559 1.01010323339142 1.49540808610618
1.16992769762874 1.91499356948771 1.2545774653554 1.00316885765642 0.950999655993655 0.95664816419594 1.19982323376462 1.36742204404436 1.3804977433756 1.91199910477735 1.38463168847375 0 1.63450551452115 1.09865295886993 1.46197957545519 1.01185181317851 1.1822804780677 0.966083359438926 1.4112267869059 1.53387059806846 1.91277409275062 1.69084384478629 1.09232113952748 1.77458963613026 1.86906507774256 1.03707336285152 1.87374682258815 1.8086703189183 1.52506646653637 1.23377102054656
1.53956857393496 1.10376769374125 0.971882224548608 1.78943091235124 1.51901645842008 1.46110434434377 1.23441544943489 1.01877324027009 1.38967302790843 1.57480439869687 1.76570879737847 1.63450551452115 0 1.12229387299158 1.03787155961618 1.28254349948838 1.0365331186913 0.953839793102816 1.87610738584772 1.13697593798861 1.83809897187166 1.61511593591422 1.09036305430345 1.47922911238857 0.919685412198305 1.03735020407476 1.55711542349309 1.07892648037523 1.82809485075995 1.7763956496492
1.7726492928341 1.47176293889061 1.83922623447143 1.84568079211749 1.23410563659854 1.50893649528734 1.36075816815719 1.20732709765434 1.70645722141489 1.46584054757841 1.3787966503296 1.09865295886993 1.12229387299158 0 1.44374268944375 1.69821677287109 1.1250268726144 1.00477651483379 1.20672421716154 1.08130273013376 1.2042343209032 1.62536991992965 1.07491284119897 1.79912343574688 1.18165114382282 1.11435456923209 1.36799485515803 1.3009274576325 1.34492693725042 1.61731111374684
1.38058198848739 1.46248239348643 1.63460154482163 1.5411942047067 0.924130626954138 1.89730853238143 1.74099145503715 1.78521547629498 1.77058570552617 1.09706897102296 1.05158467032015 1.46197957545519 1.03787155961618 1.44374268944375 0 1.39509380771779 1.79022302664816 1.2010219306685 1.510670108255 1.8773474956397 1.12891347287223 1.44577006343752 1.45856587169692 1.28229133272544 1.78073476743884 1.56074946257286 1.84965257160366 1.81014996254817 1.61893761251122 1.06086907489225
1.04521468118764 1.24824730143882 1.80803507845849 1.82111068628728 1.34793713176623 1.24876167159528 1.27475456264801 1.07201594579965 1.70738447480835 1.33409858704545 1.74254924547859 1.01185181317851 1.28254349948838 1.69821677287109 1.39509380771779 0 1.58723521581851 1.48382605984807 1.6635237284936 1.20887793903239 1.25409016385674 1.83009696006775 1.37154370755889 1.27226668410003 1.396810145583 0.962803411064669 0.923280209535733 1.01426926720887 1.42592613003217 1.01757705979981
0.959589633625001 1.72085170750506 1.83405086304992 1.37036478845403 1.2466075650882 1.8477183401119 1.40760542149656 1.32490478828549 1.67718751868233 1.09537909389473 1.32020347402431 1.1822804780677 1.0365331186913 1.1250268726144 1.79022302664816 1.58723521581851 0 1.08506254618987 1.35203537764028 1.21640902548097 1.63715348718688 1.50236327107996 1.56674828240648 1.04623417439871 1.37612155266106 1.53293748758733 1.33624057820998 1.90505455783568 1.1470737545751 1.62292445567437
1.18196064955555 1.4256642581895 1.70151565410197 1.29176636878401 1.86338824778795 0.941554454853758 1.16415013140067 1.38850929751061 1.44159866170958 1.0067963085603 1.17090397025459 0.966083359438926 0.953839793102816 1.00477651483379 1.2010219306685 1.48382605984807 1.08506254618987 0 1.89339175540954 1.25173581182025 1.17463640379719 0.945219123736024 1.85171674983576 1.40043690125458 1.40979222278111 1.19866799470037 1.51650836109184 0.972560230875388 1.77552304673009 1.56959026446566
1.24520861008205 1.44926630868576 1.56585769308731 1.59857252938673 1.01097216363996 1.46752425353043 1.4564048924949 1.90389653830789 1.73414297145791 1.88569733966142 1.23436957155354 1.4112267869059 1.87610738584772 1.20672421716154 1.510670108255 1.6635237284936 1.35203537764028 1.89339175540954 0 1.26468835584819 1.09343970613554 1.04598114150576 1.60627693193965 1.90709578199312 1.38831815472804 1.15270875883289 1.0408646883443 1.74800325441174 1.45768195646815 0.977045890176669
1.30917894537561 1.38538725161925 1.47115680435672 0.991135665448382 1.17096040560864 1.58225842029788 1.47483651572838 1.57792915403843 1.78782696602866 1.49698649626225 1.2841972343158 1.53387059806846 1.13697593798861 1.08130273013376 1.8773474956397 1.20887793903239 1.21640902548097 1.25173581182025 1.26468835584819 0 1.78196678496897 1.4253495268058 0.987619218416512 1.19591634301469 1.34509101836011 1.76873368886299 1.83152092271484 1.24124907725491 1.05069107189775 1.76386536145583
1.26844564941712 1.7361301172059 1.12113407696597 1.40870533674024 1.68156027328223 1.79400914371945 1.41371090919711 1.60786362364888 1.86558954697102 0.961829614127055 1.18072399660014 1.91277409275062 1.83809897187166 1.2042343209032 1.12891347287223 1.25409016385674 1.63715348718688 1.17463640379719 1.09343970613554 1.78196678496897 0 1.04502248158678 1.02898897929117 1.43451612768695 1.23793569672853 1.70007328432985 1.90827854513191 1.25987345306203 1.79262912063859 1.35395710845478
1.78194080805406 1.40147416759282 1.28553318255581 1.64174459781498 1.8934495721478 1.2013415931724 1.02201806334779 1.28921952447854 1.07708829175681 1.63773347949609 1.30926910438575 1.69084384478629 1.61511593591422 1.62536991992965 1.44577006343752 1.83009696006775 1.50236327107996 0.945219123736024 1.04598114150576 1.4253495268058 1.04502248158678 0 1.14679965027608 1.53389890864491 1.64561861171387 1.53585244249552 1.53759204526432 1.86265993048437 1.55085318628699 1.47490191482939
1.02258458407596 1.7357607842423 1.40575351542793 0.938966329209507 1.44355298113078 0.979409857885912 1.24608653481118 1.76688541169278 1.77224469115026 1.57756945630535 1.49114927253686 1.09232113952748 1.09036305430345 1.07491284119897 1.45856587169692 1.37154370755889 1.56674828240648 1.85171674983576 1.60627693193965 0.987619218416512 1.02898897929117 1.14679965027608 0 1.69332015234977 1.06952929846011 1.06573970988393 1.75066554523073 0.920421537943184 1.81472136941738 1.05494567216374
1.04394015436992 0.94679685914889 1.64254194661044 1.44033308629878 1.76470290659927 1.42364709498361 1.77013501338661 1.00809319037944 1.58799677225761 1.81393928546458 1.00138086522929 1.77458963613026 1.47922911238857 1.79912343574688 1.28229133272544 1.27226668410003 1.04623417439871 1.40043690125458 1.90709578199312 1.19591634301469 1.43451612768695 1.53389890864491 1.69332015234977 0 1.7516847231891 1.04345726408064 1.90455190697685 0.939548924565315 1.90476904879324 1.00648461631499
1.90868114703335 1.17216969258152 1.55145993689075 1.24381141620688 1.63417120650411 1.32344681303948 1.80540195037611 1.08386033936404 1.7595107795205 1.60843309038319 1.70268014073372 1.86906507774256 0.919685412198305 1.18165114382282 1.78073476743884 1.396810145583 1.37612155266106 1.40979222278111 1.38831815472804 1.34509101836011 1.23793569672853 1.64561861171387 1.06952929846011 1.7516847231891 0 1.50703767640516 1.583141785115 1.90669467393309 1.26008479320444 1.86492580035701
1.37316183024086 1.31491302279755 0.998346848646179 1.27151265344582 0.976550817489624 1.87527398299426 1.80958749284036 1.69582871696912 1.34386510006152 1.01255120430142 1.43710614042357 1.03707336285152 1.03735020407476 1.11435456923209 1.56074946257286 0.962803411064669 1.53293748758733 1.19866799470037 1.15270875883289 1.76873368886299 1.70007328432985 1.53585244249552 1.06573970988393 1.04345726408064 1.50703767640516 0 1.15030907094479 1.84151216596365 0.957740894518793 1.72995565552264
1.55274203978479 1.69086498068646 1.11826836527325 1.82363515743054 1.86795393703505 1.38504421385005 1.67903977283277 1.30744861485437 1.34599015396088 1.84895222447813 0.955926559166983 1.87374682258815 1.55711542349309 1.36799485515803 1.84965257160366 0.923280209535733 1.33624057820998 1.51650836109184 1.0408646883443 1.83152092271484 1.90827854513191 1.53759204526432 1.75066554523073 1.90455190697685 1.583141785115 1.15030907094479 0 1.05222076992504 1.47750959615223 1.73067143885419
1.18505915882997 1.05198663799092 1.8226927574724 1.2591240752954 0.968964372295886 1.11902458011173 1.05745103303343 1.30251094698906 1.64102916186675 1.36432255362161 1.06318386597559 1.8086703189183 1.07892648037523 1.3009274576325 1.81014996254817 1.01426926720887 1.90505455783568 0.972560230875388 1.74800325441174 1.24124907725491 1.25987345306203 1.86265993048437 0.920421537943184 0.939548924565315 1.90669467393309 1.84151216596365 1.05222076992504 0 1.73537459177896 1.56692407839
1.91426262771711 1.66770112863742 1.62782251113094 1.51361757190898 1.51682033739053 1.38168571726419 1.55461313505657 0.971112758852541 1.13434707839042 1.29260389320552 1.01010323339142 1.52506646653637 1.82809485075995 1.34492693725042 1.61893761251122 1.42592613003217 1.1470737545751 1.77552304673009 1.45768195646815 1.05069107189775 1.79262912063859 1.55085318628699 1.81472136941738 1.90476904879324 1.26008479320444 0.957740894518793 1.47750959615223 1.73537459177896 0 0.935400881804526
0.978861745912582 1.74882210884243 1.82503283116966 1.80842483532615 1.49598103878088 1.90025870432146 1.04765269905329 1.08679845859297 1.20521796145476 1.79398961015977 1.49540808610618 1.23377102054656 1.7763956496492 1.61731111374684 1.06086907489225 1.01757705979981 1.62292445567437 1.56959026446566 0.977045890176669 1.76386536145583 1.35395710845478 1.47490191482939 1.05494567216374 1.00648461631499 1.86492580035701 1.72995565552264 1.73067143885419 1.56692407839 0.935400881804526 0
