0 1.38275200431235 1.21160201658495 1.65896599832922 1.43153415829875 1.36362728499807 1.38910596608184 1.44330114545301 1.34888882352971 1.40998173458502 1.04629585915245 1.16232729051262 1.80285911099054 0.930267716990784 1.17485074768774 1.32116952515207 0.974191215354949 1.39820120716467 1.18588489666581 1.82729147747159 0.915280667599291 1.24943619291298 1.21114979032427 0.953922858228907 1.17274116538465 0.957438846584409 1.7202446598094 1.72055947245099 1.17585802823305 1.24396297801286
1.38275200431235 0 1.76841781800613 1.73569427407347 1.28073425521143 1.15689544426277 0.953723332844675 1.03009770438075 1.62841317383572 1.53126004850492 1.10501262755133 1.74972096877173 1.87193434336223 1.53723535686731 1.68744036974385 1.6606708096806 1.33763381582685 1.80768533539958 1.17074084747583 1.83817046973854 1.17310619377531 1.00085203582421 0.911259125219658 1.3379834855441 1.46445836196654 1.22008178662509 1.51391326473095 1.0130800572224 1.36696250806563 1.00061027961783
1.21160201658495 1.76841781800613 0 1.61929290997796 0.913112132111564 1.24099469138309 1.5588728399016 1.74391829618253 0.97529036947526 1.23115006717853 1.63329814467579 1.4073857141193 1.43891937076114 1.18587112706155 1.16802657674998 1.07953316322528 1.10801276937127 1.82424236345105 1.0799044885207 1.35241229785606 1.68309741979465 1.07959732459858 1.36884770286269 1.25921619310975 1.34401328349486 1.2318795309402 1.20473026111722 1.07897853036411 0.921612192643806 1.37618229468353
1.65896599832922 1.73569427407347 1.61929290997796 0 1.14596369978972 1.15877436497249 1.19159771385603 1.71378383948468 1.03350313333794 1.58188777859323 1.72986234817654 1.41960800834931 0.933135510422289 1.15647096792236 0.900062276283279 1.88291643210687 1.45839837309904 1.00855017965659 1.40730918990448 1.44197741989046 1.06096333498135 0.945074473042041 1.1095167696476 1.74631390022114 1.20769481686875 1.25995162688196 1.1231211873237 1.40229096356779 1.61139081045985 1.5417620241642
1.43153415829875 1.28073425521143 0.913112132111564 1.14596369978972 0 1.83931180881336 1.7974484260194 1.63623115886003 1.41417002538219 1.20568089769222 1.0751083928626 1.24190799077041 0.937548126559705 1.36723878467456 1.08120110747404 1.40369727998041 1.1703385845758 1.55320533085614 1.01178910932504 1.21104282676242 1.62816502898932 1.37378740147687 1.62759948079474 1.39003296219744 1.28076169383712 1.73538336902857 0.898251061560586 1.570291594835 1.2410392484162 1.54999588592909
1.36362728499807 1.15689544426277 1.24099469138309 1.15877436497249 1.83931180881336 0 0.968398235505447 1.14446326484904 1.0181257664226 1.48047604854219 1.39560014661402 1.4522703520488 1.59599848464131 1.46467377617955 0.980636951746419 1.65935808909126 1.55303012044169 1.03495630901307 1.71675944607705 1.46920330007561 1.00727517181076 1.40347028523684 1.81426434963942 1.0628207931295 1.7236374381464 1.22170679271221 1.71416579093784 1.29094585892744 1.84901757747866 1.03094987384975
1.38910596608184 0.953723332844675 1.5588728399016 1.19159771385603 1.7974484260194 0.968398235505447 0 1.31218130281195 1.50628652027808 1.13719660183415 1.65735912858509 0.918683381285518 0.918211010517552 1.0883860886097 0.99471831554547 1.25926014827564 1.19305907050148 1.02494439226575 1.82188841467723 1.46121991379187 1.40704374900088 1.09123054612428 1.23173995874822 1.81730129779316 1.09941850439645 1.33922110847197 1.18151879124343 1.55057138809934 1.71183039131574 1.4302427591756
1.44330114545301 1.03009770438075 1.74391829618253 1.71378383948468 1.63623115886003 1.14446326484904 1.31218130281195 0 1.12543434440158 1.44429144845344 1.25939157488756 1.05189224053174 0.909656308358535 1.41488868300803 1.04536971612833 0.990258876234293 0.950767641421407 1.27170339459553 1.65270959795453 1.67898757057264 1.09288019686937 1.06111523299478 1.3088604058139 0.940666071139276 1.17401031497866 1.02943578525446 1.44519705139101 1.1361483708024 1.7577566774562 1.51138471462764
1.34888882352971 1.62841317383572 0.97529036947526 1.03350313333794 1.41417002538219 1.0181257664226 1.50628652027808 1.12543434440158 0 1.66821796563454 1.87571706809103 1.07186822220683 1.5531093487516 1.10093257157132 1.80629047006369 1.49763484764844 1.36625584284775 1.63019352499396 1.37264828500338 1.36818104120903 1.50965644558892 1.43326646205969 1.56913601071574 1.33949781581759 1.40534107689746 1.03750486695208 1.86402447428554 1.07601808337495 1.00105793913826 0.936171174747869
1.40998173458502 1.53126004850492 1.23115006717853 1.58188777859323 1.20568089769222 1.48047604854219 1.13719660183415 1.44429144845344 1.66821796563454 0 1.37554358877242 1.20939090708271 1.50628020544536 1.3439948244486 1.67878287960775 1.17558798659593 1.81203771801665 1.19200584455393 0.896712696179748 1.75457815383561 1.24814747972414 0.959726280765608 1.79903392749839 0.985544471768662 1.40647994121537 1.64197460608557 1.88135074893944 1.04863965744153 1.69392462377436 1.15728018223308
1.04629585915245 1.10501262755133 1.63329814467579 1.72986234817654 1.0751083928626 1.39560014661402 1.65735912858509 1.25939157488756 1.87571706809103 1.37554358877242 0 1.27680512215011 1.87933044275269 1.72613092581742 1.25747987325303 1.67174821463414 1.69140692893416 1.57302557211369 1.16334581701085 1.00695220986381 1.58390009519644 1.34544077073224 1.51630813302472 1.48247291753069 1.89480175706558 1.48124765278772 1.70834044902585 1.19933897675946 1.02897557942197 1.40353531390429
1.16232729051262 1.74972096877173 1.4073857141193 1.41960800834931 1.24190799077041 1.4522703520488 0.918683381285518 1.05189224053174 1.07186822220683 1.20939090708271 1.27680512215011 0 1.22007987555116 1.25058208173141 1.64965871418826 1.87519158935174 1.20067567192018 1.13876733393408 1.37198888068087 1.68911866797134 1.65717527060769 0.97318344633095 1.86935712466948 1.28500093566254 1.54229869088158 1.68773307278752 1.5090351018589 1.52990817441605 1.01611907174811 1.73448278568685
1.80285911099054 1.87193434336223 1.43891937076114 0.933135510422289 0.937548126559705 1.59599848464131 0.918211010517552 0.909656308358535 1.5531093487516 1.50628020544536 1.87933044275269 1.22007987555116 0 1.49385669687763 1.48120765341446 1.25404293695465 1.80432833125815 1.62471820344217 1.04135214025155 0.943863541586325 1.79449473856948 0.927046610275283 1.22875166474842 1.71095336717553 1.37972800992429 1.32552644796669 1.46522156638093 1.00437270454131 1.24147770064883 1.35415229038335
0.930267716990784 1.53723535686731 1.18587112706155 1.15647096792236 1.36723878467456 1.46467377617955 1.0883860886097 1.41488868300803 1.10093257157132 1.3439948244486 1.72613092581742 1.25058208173141 1.49385669687763 0 1.38955956837162 1.34764169855043 1.51743428688496 1.68447691900656 1.5060658978764 1.47533091739751 1.35397563735023 1.82695214287378 1.15020240144804 1.64833612274379 1.45109515381046 0.996413275133818 1.67017949861474 1.3458666477818 1.65856934688054 1.74343559308909
1.17485074768774 1.68744036974385 1.16802657674998 0.900062276283279 1.08120110747404 0.980636951746419 0.99471831554547 1.04536971612833 1.80629047006369 1.67878287960775 1.25747987325303 1.64965871418826 1.48120765341446 1.38955956837162 0 1.74709865148179 1.06709362752736 1.32985044526868 1.45644869655371 1.86458115582354 1.39638441358693 1.54593482543714 1.71391048189253 1.60219817468897 1.03255148557946 1.53092360845767 1.09914063406177 1.5039578625001 1.60586609458551 1.29818050330505
1.32116952515207 1.6606708096806 1.07953316322528 1.88291643210687 1.40369727998041 1.65935808909126 1.25926014827564 0.990258876234293 1.49763484764844 1.17558798659593 1.67174821463414 1.87519158935174 1.25404293695465 1.34764169855043 1.74709865148179 0 1.64381009410135 1.40996391302906 1.09754239558242 1.1682570388075 1.52266485290602 1.20222224877216 0.914859368698671 1.32636372605339 1.77752292016521 1.20454459241591 1.05768538126722 1.8821466465015 1.54338298458606 1.42291565029882
0.974191215354949 1.33763381582685 1.10801276937127 1.45839837309904 1.1703385845758 1.55303012044169 1.19305907050148 0.950767641421407 1.36625584284775 1.81203771801665 1.69140692893416 1.20067567192018 1.80432833125815 1.51743428688496 1.06709362752736 1.64381009410135 0 1.4568242393434 1.66206534416415 1.8135662949644 1.67075463291258 1.06327127385885 1.18007596279494 1.57633866928518 1.71836643782444 1.08419839548878 1.72247392171994 1.17329617426731 1.78552948473953 1.42074564681388
1.39820120716467 1.80768533539958 1.82424236345105 1.00855017965659 1.55320533085614 1.03495630901307 1.02494439226575 1.27170339459553 1.63019352499396 1.19200584455393 1.57302557211369 1.13876733393408 1.62471820344217 1.68447691900656 1.32985044526868 1.40996391302906 1.4568242393434 0 0.992024339968339 1.43306764261797 1.29009954002686 1.05361066060141 1.30629971530288 1.02105822856538 1.56998623395339 1.73529983055778 1.85960920760408 1.08391353418119 1.46357990801334 0.933450915385038
1.18588489666581 1.17074084747583 1.0799044885207 1.40730918990448 1.01178910932504 1.71675944607705 1.82188841467723 1.65270959795453 1.37264828500338 0.896712696179748 1.16334581701085 1.37198888068087 1.04135214025155 1.5060658978764 1.45644869655371 1.09754239558242 1.66206534416415 0.992024339968339 0 1.26836674008518 1.85404367744923 1.74551579798572 1.2617871472612 1.76372591173276 1.27497237571515 1.67848973185755 1.75998157006688 1.64396155555733 1.72182244062424 1.43042694451287
1.82729147747159 1.83817046973854 1.35241229785606 1.44197741989046 1.21104282676242 1.46920330007561 1.46121991379187 1.67898757057264 1.36818104120903 1.75457815383561 1.00695220986381 1.68911866797134 0.943863541586325 1.47533091739751 1.86458115582354 1.1682570388075 1.8135662949644 1.43306764261797 1.26836674008518 0 1.08455267478712 1.83959817001596 1.57310702209361 1.76009853812866 1.27877168543637 1.6959438144695 1.75217147381045 1.44561094720848 1.13831647718325 1.38142925431021
0.915280667599291 1.17310619377531 1.68309741979465 1.06096333498135 1.62816502898932 1.00727517181076 1.40704374900088 1.09288019686937 1.50965644558892 1.24814747972414 1.58390009519644 1.65717527060769 1.79449473856948 1.35397563735023 1.39638441358693 1.52266485290602 1.67075463291258 1.29009954002686 1.85404367744923 1.08455267478712 0 1.62681388156489 1.01809228374623 1.385061848443 1.86605466483161 1.77109133568592 1.15416960022412 1.2523852000013 1.49703334481455 1.34408321371302
1.24943619291298 1.00085203582421 1.07959732459858 0.945074473042041 1.37378740147687 1.40347028523684 1.09123054612428 1.06111523299478 1.43326646205969 0.959726280765608 1.34544077073224 0.97318344633095 0.927046610275283 1.82695214287378 1.54593482543714 1.20222224877216 1.06327127385885 1.05361066060141 1.74551579798572 1.83959817001596 1.62681388156489 0 1.54789456236176 1.44579182867892 1.32090327283368 0.903162961127236 1.53560071135871 1.27601960557513 1.50897819246165 0.904994956217706
1.21114979032427 0.911259125219658 1.36884770286269 1.1095167696476 1.62759948079474 1.81426434963942 1.23173995874822 1.3088604058139 1.56913601071574 1.79903392749839 1.51630813302472 1.86935712466948 1.22875166474842 1.15020240144804 1.71391048189253 0.914859368698671 1.18007596279494 1.30629971530288 1.2617871472612 1.57310702209361 1.01809228374623 1.54789456236176 0 1.4375487701036 1.07720783585683 1.32282823207788 1.39399688714184 1.84826541715302 1.05878135771491 1.27968957088888
0.953922858228907 1.3379834855441 1.25921619310975 1.74631390022114 1.39003296219744 1.0628207931295 1.81730129779316 0.940666071139276 1.33949781581759 0.985544471768662 1.48247291753069 1.28500093566254 1.71095336717553 1.64833612274379 1.60219817468897 1.32636372605339 1.57633866928518 1.02105822856538 1.76372591173276 1.76009853812866 1.385061848443 1.44579182867892 1.4375487701036 0 1.33428790280595 1.07020500279032 1.34699518419802 1.65418024966493 1.00150319049135 1.82872209511697
1.17274116538465 1.46445836196654 1.34401328349486 1.20769481686875 1.28076169383712 1.7236374381464 1.09941850439645 1.17401031497866 1.40534107689746 1.40647994121537 1.89480175706558 1.54229869088158 1.37972800992429 1.45109515381046 1.03255148557946 1.77752292016521 1.71836643782444 1.56998623395339 1.27497237571515 1.27877168543637 1.86605466483161 1.32090327283368 1.07720783585683 1.33428790280595 0 1.87909530568868 1.21759584546089 1.42153898673132 0.916078265290707 1.20545499981381
0.957438846584409 1.22008178662509 1.2318795309402 1.25995162688196 1.73538336902857 1.22170679271221 1.33922110847197 1.02943578525446 1.03750486695208 1.64197460608557 1.48124765278772 1.68773307278752 1.32552644796669 0.996413275133818 1.53092360845767 1.20454459241591 1.08419839548878 1.73529983055778 1.67848973185755 1.6959438144695 1.77109133568592 0.903162961127236 1.32282823207788 1.07020500279032 1.87909530568868 0 1.17331825988367 0.978992245160043 1.44763078610413 1.23853903729469
1.7202446598094 1.51391326473095 1.20473026111722 1.1231211873237 0.898251061560586 1.71416579093784 1.18151879124343 1.44519705139101 1.86402447428554 1.88135074893944 1.70834044902585 1.5090351018589 1.46522156638093 1.67017949861474 1.09914063406177 1.05768538126722 1.72247392171994 1.85960920760408 1.75998157006688 1.75217147381045 1.15416960022412 1.53560071135871 1.39399688714184 1.34699518419802 1.21759584546089 1.17331825988367 0 1.34174667904153 1.67031266284175 1.16840431513265
1.72055947245099 1.0130800572224 1.07897853036411 1.40229096356779 1.570291594835 1.29094585892744 1.55057138809934 1.1361483708024 1.07601808337495 1.04863965744153 1.19933897675946 1.52990817441605 1.00437270454131 1.3458666477818 1.5039578625001 1.8821466465015 1.17329617426731 1.08391353418119 1.64396155555733 1.44561094720848 1.2523852000013 1.27601960557513 1.84826541715302 1.65418024966493 1.42153898673132 0.978992245160043 1.34174667904153 0 1.19114264496602 1.41035718866624
1.17585802823305 1.36696250806563 0.921612192643806 1.61139081045985 1.2410392484162 1.84901757747866 1.71183039131574 1.7577566774562 1.00105793913826 1.69392462377436 1.02897557942197 1.01611907174811 1.24147770064883 1.65856934688054 1.60586609458551 1.54338298458606 1.78552948473953 1.46357990801334 1.72182244062424 1.13831647718325 1.49703334481455 1.50897819246165 1.05878135771491 1.00150319049135 0.916078265290707 1.44763078610413 1.67031266284175 1.19114264496602 0 1.80709115648642
1.24396297801286 1.00061027961783 1.37618229468353 1.5417620241642 1.54999588592909 1.03094987384975 1.4302427591756 1.51138471462764 0.936171174747869 1.15728018223308 1.40353531390429 1.73448278568685 1.35415229038335 1.74343559308909 1.29818050330505 1.42291565029882 1.42074564681388 0.933450915385038 1.43042694451287 1.38142925431021 1.34408321371302 0.904994956217706 1.27968957088888 1.82872209511697 1.20545499981381 1.23853903729469 1.16840431513265 1.41035718866624 1.80709115648642 0
