0 1.5825575904455 0.944148829905316 1.01801973138936 1.54070936865173 1.59877827600576 0.915962963132188 0.984925197903067 1.69800504529849 1.3532616852317 1.03196634422056 1.73555995803326 1.17415926046669 0.907089095795527 1.65802736068144 1.69725755834952 1.46390544390306 1.56931919069029 1.61741166817956 1.78819055622444 1.44011611980386 1.53649774682708 1.04089883156121 1.12913310411386 1.04850477701984 1.28383854730055 1.06673668767326 1.78675935254432 1.46499870764092 0.905237603699788
1.5825575904455 0 1.40383148682304 1.32574578654021 1.24015716044232 1.15464607556351 1.3248929309193 1.64717366616242 1.23927694535814 0.89529382949695 1.74861634895205 1.80429256730713 1.5231129154563 1.79800711711869 1.65233990410343 1.17514381697401 1.5385902649723 1.76441867859103 1.06421401933767 1.24666211474687 1.77367820567451 0.867463564500213 1.68493102770299 1.44515543431044 1.36645253305323 1.74827931961045 0.889048431301489 1.3744420115836 1.07837254460901 1.7397323094774
0.944148829905316 1.40383148682304 0 1.35470101144165 1.48858527443372 1.2234657490626 1.39618759276345 1.67836524453014 1.48410316370428 1.03057130356319 1.68853042717092 1.11517149326392 1.82493299990892 1.26362540596165 1.29532966110855 1.43822468398139 1.26796691608615 1.12985647795722 1.32378907315433 0.981622298015282 0.998940530233085 0.909552177879959 1.58260135259479 1.16273653460667 1.04423846653663 1.46448595030233 0.971735194558278 1.18738075857982 1.26846398902126 1.14749434473924
1.01801973138936 1.32574578654021 1.35470101144165 0 1.57567022345029 0.974048990989104 0.982319031376392 1.77408733591437 1.14481139741838 1.38890598923899 1.68697785795666 1.53250005375594 0.998676085146144 0.90025377785787 0.956282048951834 1.0373333147727 1.06211901106872 1.02430367912166 1.09090558555909 1.78878947533667 1.64313183957711 1.35697451676242 1.05300040915608 1.44243428483605 1.63811787660234 1.47928675985895 1.05931438109837 1.49106539902277 0.968700737226754 1.02401142474264
1.54070936865173 1.24015716044232 1.48858527443372 1.57567022345029 0 1.16616516304202 1.41174344182946 1.31472756923176 1.07462590164505 1.32012649229728 1.33188676601276 1.47100665373728 1.34352323389612 1.11898023099639 1.04499826510437 1.53933495795354 1.71498712152243 0.947028500493616 1.5109585900791 1.29078438924626 0.86691676126793 1.14887321391143 1.80863035377115 1.55320048867725 1.56866730726324 1.7096369122155 0.889644073555246 1.45695596328005 1.11542765167542 1.69315126352012
1.59877827600576 1.15464607556351 1.2234657490626 0.974048990989104 1.16616516304202 0 0.962018715683371 1.58533681347035 1.61171008553356 1.1106499216985 1.0632039597258 1.03792791324668 1.51415192941204 1.25494405324571 1.80421764752828 0.878412263933569 1.54759079311043 1.51395788299851 1.21122797904536 1.07184045063332 0.878767181420699 0.872112466022372 1.33455650438555 1.59953975165263 0.991896063089371 1.71348106558435 1.24310789420269 1.50563111738302 1.49435743899085 0.854608435416594
0.915962963132188 1.3248929309193 1.39618759276345 0.982319031376392 1.41174344182946 0.962018715683371 0 1.76280091004446 1.78984493250027 1.39797479379922 1.32258562021889 1.3609924139455 1.59623374580406 1.34221725654788 1.26634516054764 1.12701117456891 1.10791283566505 1.36424570600502 1.36976434779353 0.916322892531753 1.06326683913358 1.29138480452821 1.24845307925716 1.16635344433598 1.6828424197156 1.5207855287008 1.40010124910623 1.76738299336284 1.06377038755454 1.32843704568222
0.984925197903067 1.64717366616242 1.67836524453014 1.77408733591437 1.31472756923176 1.58533681347035 1.76280091004446 0 1.75818073493429 1.11564060533419 1.5567086704541 1.15262192627415 1.80209313589148 1.46567631978542 1.63303515105508 1.01365622342564 1.65241678152233 1.34955727402121 1.17063878523186 1.73214843310416 1.05903998669237 1.79869400290772 1.34390529431403 1.25782846310176 1.50891430210322 1.17046097107232 1.63478306145407 1.22355187288485 1.7084455427248 1.10794542217627
1.69800504529849 1.23927694535814 1.48410316370428 1.14481139741838 1.07462590164505 1.61171008553356 1.78984493250027 1.75818073493429 0 1.58456022874452 1.07275263429619 0.872124856337905 1.52325045503676 1.29521257523447 1.04406160465442 1.00094866915606 1.31197509355843 1.79990720958449 0.923086329596117 1.3458751779981 1.37403835682198 1.12429192522541 0.925510850036517 1.27099375706166 1.76131360628642 0.942444153828546 1.55641851224937 1.8101144246757 1.48288788925856 1.37426244420931
1.3532616852317 0.89529382949695 1.03057130356319 1.38890598923899 1.32012649229728 1.1106499216985 1.39797479379922 1.11564060533419 1.58456022874452 0 1.75003179046325 1.10484115569852 1.12682680017315 1.06509642093442 1.08590951305814 1.57872528373264 1.27087488793768 0.985324179986492 1.34090610570274 1.71526128659025 0.923535281559452 0.997863504569978 1.09010936878622 1.2508603699971 1.43381539429538 1.48052288172767 0.978955574799329 1.67850889335386 1.38697025785223 1.12025503790937
1.03196634422056 1.74861634895205 1.68853042717092 1.68697785795666 1.33188676601276 1.0632039597258 1.32258562021889 1.5567086704541 1.07275263429619 1.75003179046325 0 1.15933176968247 1.67490077926777 1.20427744556218 1.4578294295352 1.70068304240704 1.57054989109747 0.999941195594147 1.16345387906767 1.47923689917661 1.24981423234567 1.17230371339247 0.917983915191144 1.26787514635362 0.944928690558299 0.966093499679118 1.30138886650093 1.43652527825907 1.81808523857035 1.82145967730321
1.73555995803326 1.80429256730713 1.11517149326392 1.53250005375594 1.47100665373728 1.03792791324668 1.3609924139455 1.15262192627415 0.872124856337905 1.10484115569852 1.15933176968247 0 1.18051950517111 1.57797459932044 0.948408309370279 1.72699836897664 1.54834088217467 1.7090791282244 0.95348127419129 1.04484526161104 1.71209974400699 1.38496008655056 1.71685623563826 1.6287397404667 1.47750640101731 0.846714199520648 1.01994791254401 1.32776331505738 1.29152403981425 1.26425320608541
1.17415926046669 1.5231129154563 1.82493299990892 0.998676085146144 1.34352323389612 1.51415192941204 1.59623374580406 1.80209313589148 1.52325045503676 1.12682680017315 1.67490077926777 1.18051950517111 0 1.63327754754573 1.38411472947337 0.846264905994758 0.963354907464236 1.43445940036327 1.43969510053284 1.50854141823947 0.993337702471763 1.42603340488859 1.70424191234633 1.84492314211093 1.35026012663729 1.82708676718175 1.58761669835076 1.43126693437807 1.78723790450022 1.56920687784441
0.907089095795527 1.79800711711869 1.26362540596165 0.90025377785787 1.11898023099639 1.25494405324571 1.34221725654788 1.46567631978542 1.29521257523447 1.06509642093442 1.20427744556218 1.57797459932044 1.63327754754573 0 1.47511021886021 1.20276967110112 1.02549116080627 1.30648128618486 1.50117728183977 1.09107180288993 1.11904398864135 1.29530416033231 1.61991642555222 0.86959478049539 1.31728831212968 1.62830116599798 1.42903841543011 1.591687630862 1.0853346157819 0.922461243346334
1.65802736068144 1.65233990410343 1.29532966110855 0.956282048951834 1.04499826510437 1.80421764752828 1.26634516054764 1.63303515105508 1.04406160465442 1.08590951305814 1.4578294295352 0.948408309370279 1.38411472947337 1.47511021886021 0 1.21312160184607 1.79912741389126 1.32384304562584 1.37535122432746 1.54792656656355 1.76303954143077 1.36729949526489 1.21846171328798 1.45154507411644 1.18136213347316 0.873188852332532 0.86662815650925 1.31235830043443 1.06355916825123 1.23925400502048
1.69725755834952 1.17514381697401 1.43822468398139 1.0373333147727 1.53933495795354 0.878412263933569 1.12701117456891 1.01365622342564 1.00094866915606 1.57872528373264 1.70068304240704 1.72699836897664 0.846264905994758 1.20276967110112 1.21312160184607 0 1.5248949425295 1.53426741692238 1.2547934523318 1.32301043230109 1.40147454105318 1.64748004893772 1.46571427024901 1.14801343507133 1.35101168998517 1.52619345742278 0.937493870267645 0.965227660257369 1.07054897258058 1.26288415468298
1.46390544390306 1.5385902649723 1.26796691608615 1.06211901106872 1.71498712152243 1.54759079311043 1.10791283566505 1.65241678152233 1.31197509355843 1.27087488793768 1.57054989109747 1.54834088217467 0.963354907464236 1.02549116080627 1.79912741389126 1.5248949425295 0 0.98235751898028 1.41287628631108 1.78870245232247 0.944782057544217 1.58365008095279 1.00673322589137 1.61891585332341 1.27018299745396 1.64958855696023 1.64443708769977 1.30634620832279 0.94597745873034 1.28202503873035
1.56931919069029 1.76441867859103 1.12985647795722 1.02430367912166 0.947028500493616 1.51395788299851 1.36424570600502 1.34955727402121 1.79990720958449 0.985324179986492 0.999941195594147 1.7090791282244 1.43445940036327 1.30648128618486 1.32384304562584 1.53426741692238 0.98235751898028 0 1.04337830236182 1.80452330526896 1.80039260652848 1.57932542869821 1.52261196891777 1.60274801729247 1.4160802741535 1.19514634995721 1.10884356615134 1.82154637225904 1.05069579347037 1.16098320786841
1.61741166817956 1.06421401933767 1.32378907315433 1.09090558555909 1.5109585900791 1.21122797904536 1.36976434779353 1.17063878523186 0.923086329596117 1.34090610570274 1.16345387906767 0.95348127419129 1.43969510053284 1.50117728183977 1.37535122432746 1.2547934523318 1.41287628631108 1.04337830236182 0 1.78436853270978 1.10750595573336 1.31160003319383 1.83479107078165 1.01758799469098 1.16443550190888 0.887021818431094 1.28061823779717 1.11236782302149 1.78774510626681 1.31980997230858
1.78819055622444 1.24666211474687 0.981622298015282 1.78878947533667 1.29078438924626 1.07184045063332 0.916322892531753 1.73214843310416 1.3458751779981 1.71526128659025 1.47923689917661 1.04484526161104 1.50854141823947 1.09107180288993 1.54792656656355 1.32301043230109 1.78870245232247 1.80452330526896 1.78436853270978 0 1.11260761623271 1.59397657960653 1.32908911118284 0.990357966162264 1.11650133621879 1.30637005064636 1.49527205503546 1.34987327759154 1.09027762361802 1.41042696638033
1.44011611980386 1.77367820567451 0.998940530233085 1.64313183957711 0.86691676126793 0.878767181420699 1.06326683913358 1.05903998669237 1.37403835682198 0.923535281559452 1.24981423234567 1.71209974400699 0.993337702471763 1.11904398864135 1.76303954143077 1.40147454105318 0.944782057544217 1.80039260652848 1.10750595573336 1.11260761623271 0 1.14105704077519 1.59874443267472 1.20138165727258 1.8350882853847 1.40274637099355 1.50462245382369 1.27901655761525 1.41882316488773 1.21541238646023
1.53649774682708 0.867463564500213 0.909552177879959 1.35697451676242 1.14887321391143 0.872112466022372 1.29138480452821 1.79869400290772 1.12429192522541 0.997863504569978 1.17230371339247 1.38496008655056 1.42603340488859 1.29530416033231 1.36729949526489 1.64748004893772 1.58365008095279 1.57932542869821 1.31160003319383 1.59397657960653 1.14105704077519 0 0.866669851355255 1.81646184832789 1.67525706859306 1.72709327237681 1.58031491097063 1.16231573675759 0.953844615258276 0.982611468294635
1.04089883156121 1.68493102770299 1.58260135259479 1.05300040915608 1.80863035377115 1.33455650438555 1.24845307925716 1.34390529431403 0.925510850036517 1.09010936878622 0.917983915191144 1.71685623563826 1.70424191234633 1.61991642555222 1.21846171328798 1.46571427024901 1.00673322589137 1.52261196891777 1.83479107078165 1.32908911118284 1.59874443267472 0.866669851355255 0 1.64766555209644 1.23209732933901 1.13439709343947 1.63834400475025 0.897112938808277 1.41253289720044 1.10158811230212
1.12913310411386 1.44515543431044 1.16273653460667 1.44243428483605 1.55320048867725 1.59953975165263 1.16635344433598 1.25782846310176 1.27099375706166 1.2508603699971 1.26787514635362 1.6287397404667 1.84492314211093 0.86959478049539 1.45154507411644 1.14801343507133 1.61891585332341 1.60274801729247 1.01758799469098 0.990357966162264 1.20138165727258 1.81646184832789 1.64766555209644 0 0.879153499379754 1.52200766606256 1.65697094402276 1.0520893225912 1.01880062487908 1.12589346058667
1.04850477701984 1.36645253305323 1.04423846653663 1.63811787660234 1.56866730726324 0.991896063089371 1.6828424197156 1.50891430210322 1.76131360628642 1.43381539429538 0.944928690558299 1.47750640101731 1.35026012663729 1.31728831212968 1.18136213347316 1.35101168998517 1.27018299745396 1.4160802741535 1.16443550190888 1.11650133621879 1.8350882853847 1.67525706859306 1.23209732933901 0.879153499379754 0 1.31812680698931 1.27708172937855 1.1287698619999 1.65162653126754 0.89848372945562
1.28383854730055 1.74827931961045 1.46448595030233 1.47928675985895 1.7096369122155 1.71348106558435 1.5207855287008 1.17046097107232 0.942444153828546 1.48052288172767 0.966093499679118 0.846714199520648 1.82708676718175 1.62830116599798 0.873188852332532 1.52619345742278 1.64958855696023 1.19514634995721 0.887021818431094 1.30637005064636 1.40274637099355 1.72709327237681 1.13439709343947 1.52200766606256 1.31812680698931 0 1.54427215736359 1.40215648151934 0.93466747039929 0.904219693271443
1.06673668767326 0.889048431301489 0.971735194558278 1.05931438109837 0.889644073555246 1.24310789420269 1.40010124910623 1.63478306145407 1.55641851224937 0.978955574799329 1.30138886650093 1.01994791254401 1.58761669835076 1.42903841543011 0.86662815650925 0.937493870267645 1.64443708769977 1.10884356615134 1.28061823779717 1.49527205503546 1.50462245382369 1.58031491097063 1.63834400475025 1.65697094402276 1.27708172937855 1.54427215736359 0 1.66779672098346 0.984535750932992 1.70932138338685
1.78675935254432 1.3744420115836 1.18738075857982 1.49106539902277 1.45695596328005 1.50563111738302 1.76738299336284 1.22355187288485 1.8101144246757 1.67850889335386 1.43652527825907 1.32776331505738 1.43126693437807 1.591687630862 1.31235830043443 0.965227660257369 1.30634620832279 1.82154637225904 1.11236782302149 1.34987327759154 1.27901655761525 1.16231573675759 0.897112938808277 1.0520893225912 1.1287698619999 1.40215648151934 1.66779672098346 0 1.77683650515974 0.881750551983714
1.46499870764092 1.07837254460901 1.26846398902126 0.968700737226754 1.11542765167542 1.49435743899085 1.06377038755454 1.7084455427248 1.48288788925856 1.38697025785223 1.81808523857035 1.29152403981425 1.78723790450022 1.0853346157819 1.06355916825123 1.07054897258058 0.94597745873034 1.05069579347037 1.78774510626681 1.09027762361802 1.41882316488773 0.953844615258276 1.41253289720044 1.01880062487908 1.65162653126754 0.93466747039929 0.984535750932992 1.77683650515974 0 0.895085953176022
0.905237603699788 1.7397323094774 1.14749434473924 1.02401142474264 1.69315126352012 0.854608435416594 1.32843704568222 1.10794542217627 1.37426244420931 1.12025503790937 1.82145967730321 1.26425320608541 1.56920687784441 0.922461243346334 1.23925400502048 1.26288415468298 1.28202503873035 1.16098320786841 1.31980997230858 1.41042696638033 1.21541238646023 0.982611468294635 1.10158811230212 1.12589346058667 0.89848372945562 0.904219693271443 1.70932138338685 0.881750551983714 0.895085953176022 0
