0 1.17620222526602 1.16234877402894 1.31935264752246 0.94077226636 1.01074546016753 1.51448989962228 1.58606060757302 1.33455001446418 1.4572232007049 1.33470543287694 1.08591226558201 1.64808526285924 1.6686983241234 1.52070704195648 1.41697433148511 1.4174621484708 1.78607105091214 1.40383477928117 1.17313781497069 0.984789534006268 1.17747849901207 1.04040028201416 0.907127000391483 1.75908901146613 1.1678368980065 1.54049160843715 1.48313971818425 1.67761394800618 1.81005147239193
1.17620222526602 0 1.84425208019093 1.18534692702815 1.25899457954802 1.73209357098676 1.80647514946759 1.45171730197035 1.46262285509147 1.55570480902679 1.82629572344013 1.53131308080629 1.06205918965861 1.12783224578016 1.25990681303665 1.5004324237816 1.10923523735255 1.64178592548706 1.29167055594735 1.22951798769645 1.440541066695 1.27519154828042 0.949445303762332 1.52001001080498 0.961232320638373 1.59426898765378 0.970382653176785 1.01482476154342 1.31527403765358 1.63170966482721
1.16234877402894 1.84425208019093 0 1.2697206728626 1.70795967662707 1.31596762430854 1.17166671669111 1.05477465689182 1.23425740911625 1.36823700042441 1.74273342662491 1.28911011409946 0.913068699184805 1.17167465481907 1.68566324096173 1.33941244194284 1.11601170315407 1.84022315545008 1.29934708494693 1.58355096797459 0.881726171821356 1.08261097711511 1.2754688442219 1.51003889925778 1.45444625313394 1.47286093165167 1.47500033210963 1.3989261649549 1.02550876908936 1.45029932516627
1.31935264752246 1.18534692702815 1.2697206728626 0 1.60440862434916 1.31472904514521 1.52141572302207 1.53780565387569 1.64951390121132 1.57619567797519 1.82331835571676 1.15597386774607 1.70073915575631 1.03484192979522 1.26502678962424 1.47047699429095 1.01070738071576 1.03966993489303 1.01002358575352 0.944403316825628 1.53623522352427 1.74448794615455 1.50172907789238 0.899333602050319 1.853858434828 1.51627939101309 1.87084324704483 1.61389479343779 1.70337919192389 1.34258388262242
0.94077226636 1.25899457954802 1.70795967662707 1.60440862434916 0 1.11039523337968 0.915734250796959 1.32604906591587 1.8588514982257 1.19524043379351 1.08148122439161 1.26203841855749 1.2572071084287 1.15755220898427 1.72694256878458 1.04623913369142 1.25843850872479 1.13009694288485 1.00780978379771 1.06575715728104 1.23125977395102 1.16236311802641 1.17452276917174 1.84789926675148 1.7321051179897 1.8512588494923 1.71614357619546 1.40453616972081 1.4445280674845 1.7146277341526
1.01074546016753 1.73209357098676 1.31596762430854 1.31472904514521 1.11039523337968 0 1.7575156732928 1.24415459553711 1.46198560856283 1.1650797217153 1.51020364626311 1.83626558165997 1.76773421932012 0.965218391036615 1.55441573937424 1.26478012418374 1.41022584517486 1.39971139095724 1.20854649506509 1.5802105285693 1.47650415985845 1.6394577731844 1.72594692162238 1.80694849253632 1.04127496550791 0.922276393510401 1.79660353460349 0.937119693262503 1.22040820447728 1.03973594098352
1.51448989962228 1.80647514946759 1.17166671669111 1.52141572302207 0.915734250796959 1.7575156732928 0 1.4283779063262 1.64030297240242 1.52079537627287 1.44693871587515 0.993528711609542 1.75293399626389 1.08743882318959 0.964761733775958 1.23288357746787 1.4668263241183 1.85050966963172 1.79636608995497 1.21651579462923 1.35150207136758 1.00245812884532 1.44214639323764 1.38144397758879 1.09097291645594 1.08256218256429 1.24329121643677 1.78260114812292 1.38992498186417 1.51038697990589
1.58606060757302 1.45171730197035 1.05477465689182 1.53780565387569 1.32604906591587 1.24415459553711 1.4283779063262 0 0.982265346683562 1.0174505028408 1.67320391652174 1.49754793196917 1.44882117887028 0.906145887449384 1.07670630677603 1.14211298478767 1.69588491413742 0.933031603926793 1.41757803759538 1.67143041756935 1.64521238580346 1.04964871588163 1.04173940350302 1.0345141843427 1.20957301976159 1.40687609440647 0.970306469360366 1.21658604056574 1.08389159059152 1.4197896362748
1.33455001446418 1.46262285509147 1.23425740911625 1.64951390121132 1.8588514982257 1.46198560856283 1.64030297240242 0.982265346683562 0 1.43647276773117 1.80935863521881 1.2621748088859 1.11035226169042 0.956481932196766 1.45401422888972 1.19409125368111 1.81320216972381 1.02414307463914 1.05524248909205 0.883110855240375 0.961200613761321 1.44384781341068 1.76495658000931 1.71957016922534 1.00480296835303 1.08631075988524 1.05351920635439 1.49828364513814 1.6220434771385 1.37267211521976
1.4572232007049 1.55570480902679 1.36823700042441 1.57619567797519 1.19524043379351 1.1650797217153 1.52079537627287 1.0174505028408 1.43647276773117 0 1.06001549237408 1.26279033790343 1.42045083502308 1.33930129534565 1.16483035194688 1.41057140612975 1.85715865693055 1.26859736652113 1.80206531682052 1.15203793882392 1.84385522129014 1.32082615653053 0.970582399517298 1.19347610278055 1.35833921749145 1.1573349207174 1.15454491367564 1.06857435498387 0.972541847499087 1.27259228285402
1.33470543287694 1.82629572344013 1.74273342662491 1.82331835571676 1.08148122439161 1.51020364626311 1.44693871587515 1.67320391652174 1.80935863521881 1.06001549237408 0 0.910495529416949 1.73234733357094 1.49926773342304 1.3898632703349 1.3203063448891 1.20855565369129 1.59660484129563 1.53468429879285 1.19296277849935 1.31275287712924 0.989288984099403 1.0521018684376 1.1087003624998 1.31943141738884 1.63156007486396 1.53364468133077 1.72856039088219 1.09214435867034 1.58715571695939
1.08591226558201 1.53131308080629 1.28911011409946 1.15597386774607 1.26203841855749 1.83626558165997 0.993528711609542 1.49754793196917 1.2621748088859 1.26279033790343 0.910495529416949 0 1.13401390984654 1.1781617202796 1.08078526961617 1.84650149545632 0.931020004209131 1.80965276109055 1.21136276121251 1.7092285247054 1.20441169082187 1.04991075349972 1.24840459739789 1.16405122331344 1.79579809238203 1.83026941609569 1.39095610962249 1.57743333978578 1.74921058816835 1.54132855357602
1.64808526285924 1.06205918965861 0.913068699184805 1.70073915575631 1.2572071084287 1.76773421932012 1.75293399626389 1.44882117887028 1.11035226169042 1.42045083502308 1.73234733357094 1.13401390984654 0 1.35859429556876 1.38413771358319 1.31571017974056 1.10392820392735 1.14979900978506 1.5628895428963 1.80842698412016 1.09694847138599 0.901749076554552 1.70764113566838 1.66647705202922 1.63519130041823 1.21247820719145 1.49049895489588 1.59862087364309 1.38280570250936 1.47441447945312
1.6686983241234 1.12783224578016 1.17167465481907 1.03484192979522 1.15755220898427 0.965218391036615 1.08743882318959 0.906145887449384 0.956481932196766 1.33930129534565 1.49926773342304 1.1781617202796 1.35859429556876 0 1.32161076017655 1.41494498145767 1.42377512413077 0.912882251897827 1.66653607203625 1.24719483964145 0.952659080270678 1.1635566430632 0.949555761646479 1.3228208173532 1.47523010359146 1.62192445318215 1.80597335728817 1.48894133232534 0.929448813199997 1.70631643058732
1.52070704195648 1.25990681303665 1.68566324096173 1.26502678962424 1.72694256878458 1.55441573937424 0.964761733775958 1.07670630677603 1.45401422888972 1.16483035194688 1.3898632703349 1.08078526961617 1.38413771358319 1.32161076017655 0 1.60903674014844 1.25664656283334 0.971325790742412 1.45340421842411 1.36533008283004 1.28174643102102 1.21529847593047 1.21359554724768 1.28301389398985 1.21691958815791 0.982618599431589 1.4836735103745 1.31288016657345 1.16321370820515 1.67776754847728
1.41697433148511 1.5004324237816 1.33941244194284 1.47047699429095 1.04623913369142 1.26478012418374 1.23288357746787 1.14211298478767 1.19409125368111 1.41057140612975 1.3203063448891 1.84650149545632 1.31571017974056 1.41494498145767 1.60903674014844 0 1.23229941749014 1.63665886991657 1.29609167599119 1.01862955512479 1.5631233016029 1.11114337318577 1.80064108688384 1.71289900504053 1.67045989935286 1.45276242517866 1.68663304019719 1.16549669043161 1.68546889978461 1.59857087559067
1.4174621484708 1.10923523735255 1.11601170315407 1.01070738071576 1.25843850872479 1.41022584517486 1.4668263241183 1.69588491413742 1.81320216972381 1.85715865693055 1.20855565369129 0.931020004209131 1.10392820392735 1.42377512413077 1.25664656283334 1.23229941749014 0 1.25367454322986 1.85664547444321 1.59114869427867 1.0020742402412 1.40569116827101 1.30951221450232 1.47325466852635 1.09070312953554 1.32588469306938 1.49547545867972 1.45019729412161 1.2677662037313 1.5128814431373
1.78607105091214 1.64178592548706 1.84022315545008 1.03966993489303 1.13009694288485 1.39971139095724 1.85050966963172 0.933031603926793 1.02414307463914 1.26859736652113 1.59660484129563 1.80965276109055 1.14979900978506 0.912882251897827 0.971325790742412 1.63665886991657 1.25367454322986 0 1.61989743891172 1.12884440505877 1.61559968325309 1.37376434798352 1.56070283474401 1.43187909247354 1.03350984095596 1.76964938035235 1.35315855685622 1.43494154699147 1.19794382480904 1.65232815290801
1.40383477928117 1.29167055594735 1.29934708494693 1.01002358575352 1.00780978379771 1.20854649506509 1.79636608995497 1.41757803759538 1.05524248909205 1.80206531682052 1.53468429879285 1.21136276121251 1.5628895428963 1.66653607203625 1.45340421842411 1.29609167599119 1.85664547444321 1.61989743891172 0 1.56078045396134 1.43556847283617 1.6029095321428 1.73790419963188 0.941426893230528 1.12860427238047 1.52818852337077 1.23344724113122 1.50170010747388 1.51461311476305 1.82059163809754
1.17313781497069 1.22951798769645 1.58355096797459 0.944403316825628 1.06575715728104 1.5802105285693 1.21651579462923 1.67143041756935 0.883110855240375 1.15203793882392 1.19296277849935 1.7092285247054 1.80842698412016 1.24719483964145 1.36533008283004 1.01862955512479 1.59114869427867 1.12884440505877 1.56078045396134 0 1.52286721114069 1.17906127031893 1.53192975977436 1.53947833459824 1.37559864483774 1.20638305554166 1.73660483933054 1.19976549805142 1.26059306808747 1.5673550341744
0.984789534006268 1.440541066695 0.881726171821356 1.53623522352427 1.23125977395102 1.47650415985845 1.35150207136758 1.64521238580346 0.961200613761321 1.84385522129014 1.31275287712924 1.20441169082187 1.09694847138599 0.952659080270678 1.28174643102102 1.5631233016029 1.0020742402412 1.61559968325309 1.43556847283617 1.52286721114069 0 1.60960179870017 1.07099338714033 1.31950349546969 1.00475261476822 1.23469914053567 1.11397840338759 1.13911774056032 1.83618882764131 1.2578800637275
1.17747849901207 1.27519154828042 1.08261097711511 1.74448794615455 1.16236311802641 1.6394577731844 1.00245812884532 1.04964871588163 1.44384781341068 1.32082615653053 0.989288984099403 1.04991075349972 0.901749076554552 1.1635566430632 1.21529847593047 1.11114337318577 1.40569116827101 1.37376434798352 1.6029095321428 1.17906127031893 1.60960179870017 0 1.24889763607644 0.882648491300642 1.13264793646522 1.53340903157368 1.31487823231146 0.987152875168249 1.43900079419836 1.15307240234688
1.04040028201416 0.949445303762332 1.2754688442219 1.50172907789238 1.17452276917174 1.72594692162238 1.44214639323764 1.04173940350302 1.76495658000931 0.970582399517298 1.0521018684376 1.24840459739789 1.70764113566838 0.949555761646479 1.21359554724768 1.80064108688384 1.30951221450232 1.56070283474401 1.73790419963188 1.53192975977436 1.07099338714033 1.24889763607644 0 1.74286471051164 1.47321414551698 1.84373317961581 1.79303553979844 0.940897413063794 1.22521368507296 0.944731556111947
0.907127000391483 1.52001001080498 1.51003889925778 0.899333602050319 1.84789926675148 1.80694849253632 1.38144397758879 1.0345141843427 1.71957016922534 1.19347610278055 1.1087003624998 1.16405122331344 1.66647705202922 1.3228208173532 1.28301389398985 1.71289900504053 1.47325466852635 1.43187909247354 0.941426893230528 1.53947833459824 1.31950349546969 0.882648491300642 1.74286471051164 0 1.64811548404396 1.55643475754187 1.04652038309723 1.46350728208199 1.27128008427098 1.841903868597
1.75908901146613 0.961232320638373 1.45444625313394 1.853858434828 1.7321051179897 1.04127496550791 1.09097291645594 1.20957301976159 1.00480296835303 1.35833921749145 1.31943141738884 1.79579809238203 1.63519130041823 1.47523010359146 1.21691958815791 1.67045989935286 1.09070312953554 1.03350984095596 1.12860427238047 1.37559864483774 1.00475261476822 1.13264793646522 1.47321414551698 1.64811548404396 0 1.8744199515786 1.28940579970367 1.18325974466279 1.41769193345681 1.36318153748289
1.1678368980065 1.59426898765378 1.47286093165167 1.51627939101309 1.8512588494923 0.922276393510401 1.08256218256429 1.40687609440647 1.08631075988524 1.1573349207174 1.63156007486396 1.83026941609569 1.21247820719145 1.62192445318215 0.982618599431589 1.45276242517866 1.32588469306938 1.76964938035235 1.52818852337077 1.20638305554166 1.23469914053567 1.53340903157368 1.84373317961581 1.55643475754187 1.8744199515786 0 1.4940576471854 1.51786124706268 1.8292623066809 1.87318813288584
1.54049160843715 0.970382653176785 1.47500033210963 1.87084324704483 1.71614357619546 1.79660353460349 1.24329121643677 0.970306469360366 1.05351920635439 1.15454491367564 1.53364468133077 1.39095610962249 1.49049895489588 1.80597335728817 1.4836735103745 1.68663304019719 1.49547545867972 1.35315855685622 1.23344724113122 1.73660483933054 1.11397840338759 1.31487823231146 1.79303553979844 1.04652038309723 1.28940579970367 1.4940576471854 0 1.66556797316298 1.65754366782494 1.589648359688
1.48313971818425 1.01482476154342 1.3989261649549 1.61389479343779 1.40453616972081 0.937119693262503 1.78260114812292 1.21658604056574 1.49828364513814 1.06857435498387 1.72856039088219 1.57743333978578 1.59862087364309 1.48894133232534 1.31288016657345 1.16549669043161 1.45019729412161 1.43494154699147 1.50170010747388 1.19976549805142 1.13911774056032 0.987152875168249 0.940897413063794 1.46350728208199 1.18325974466279 1.51786124706268 1.66556797316298 0 1.84270813409239 0.9013128047809
1.67761394800618 1.31527403765358 1.02550876908936 1.70337919192389 1.4445280674845 1.22040820447728 1.38992498186417 1.08389159059152 1.6220434771385 0.972541847499087 1.09214435867034 1.74921058816835 1.38280570250936 0.929448813199997 1.16321370820515 1.68546889978461 1.2677662037313 1.19794382480904 1.51461311476305 1.26059306808747 1.83618882764131 1.43900079419836 1.22521368507296 1.27128008427098 1.41769193345681 1.8292623066809 1.65754366782494 1.84270813409239 0 1.71306654252112
1.81005147239193 1.63170966482721 1.45029932516627 1.34258388262242 1.7146277341526 1.03973594098352 1.51038697990589 1.4197896362748 1.37267211521976 1.27259228285402 1.58715571695939 1.54132855357602 1.47441447945312 1.70631643058732 1.67776754847728 1.59857087559067 1.5128814431373 1.65232815290801 1.82059163809754 1.5673550341744 1.2578800637275 1.15307240234688 0.944731556111947 1.841903868597 1.36318153748289 1.87318813288584 1.589648359688 0.9013128047809 1.71306654252112 0
