0 1.46192591544241 0.906260395888239 1.20356349204667 1.27494632476009 1.03355885436758 1.66509159840643 1.52745196432807 1.1738927711267 1.30779461143538 1.77811150974594 1.64236174221151 1.52162576536648 1.49666127492674 1.24963325052522 1.84171336982399 1.8409954267554 1.02032278990373 1.17399388737977 1.47450519283302 1.33175852941349 1.28097941842861 1.77842001104727 1.26929445122369 1.44622426084243 1.73347022011876 1.15960970171727 1.74948901729658 0.928159741684794 1.08612443553284
1.46192591544241 0 1.4729806012474 1.13337827264331 1.40412717452273 1.10697669512592 1.18095968686976 1.24934294517152 1.64253936032765 1.69630294945091 0.960436779772863 1.69734736671671 0.966798739507794 1.25311315245926 1.79466311866418 1.16677779844031 1.13924627122469 1.09037925046869 1.57948982645757 1.04610672383569 1.07943439413793 1.24565244209953 1.36451719189063 1.78525325423107 1.16639224300161 1.82069522864185 1.74626034987159 0.965069393860176 1.41885382402688 1.06396863749251
0.906260395888239 1.4729806012474 0 1.71700545726344 0.948681659763679 1.70654659043066 1.33317979821004 0.922524677822366 1.2077901342418 1.30452638678253 1.54816028592177 1.46400848170742 0.904493210371584 1.17309924354777 0.858918045181781 1.15806401707232 1.8539220278617 1.02055439772084 1.71283839805983 1.56917460332625 1.83959743427113 1.18805626919493 0.924006581073627 1.04052861477248 1.19444170407951 0.90561469248496 1.25288233510219 1.69451439799741 1.52468356140889 1.07856206526048
1.20356349204667 1.13337827264331 1.71700545726344 0 1.04210513224825 1.23372860415839 0.94123623939231 1.6957759866491 1.64458686136641 1.32897221110761 1.56145945587195 1.43494351929985 1.06704620691016 1.46422754041851 1.17852418567054 1.22940434189513 1.84583238139749 1.81491798977368 1.83045535557903 1.6731340715196 1.82308516046032 1.18806803878397 0.960601279512048 1.24639359838329 0.92555331857875 1.73959672101773 1.19500304199755 1.53099877317436 1.81659531127661 1.71141621726565
1.27494632476009 1.40412717452273 0.948681659763679 1.04210513224825 0 1.17309155641124 1.71697588497773 1.84063202398829 1.02609636751004 1.24602399417199 1.50406953366473 1.41289907041937 1.38360320637003 1.20008664391935 1.75097928196192 1.44778020028025 1.28427922655828 1.6562015558593 1.2987784196157 1.6584518016316 1.38801552355289 1.67981869960204 1.07641252921894 1.40444437973201 1.17530131340027 1.2033403259702 0.901830910472199 1.48620660230517 1.41323260637 1.41885491646826
1.03355885436758 1.10697669512592 1.70654659043066 1.23372860415839 1.17309155641124 0 1.09444593288936 0.870646411320195 1.26609595073387 1.52760362997651 1.62968017021194 1.75315679213963 1.23623729473911 1.32684076926671 1.4378287314903 1.68271126691252 1.41827874677256 1.28755755256861 1.6889767057728 1.85447339201346 0.992709997110069 1.64083538204432 1.02299978677183 1.41478974581696 1.56874038488604 0.913906322093681 0.876087758457288 1.81730612739921 1.01243089209311 1.35594487469643
1.66509159840643 1.18095968686976 1.33317979821004 0.94123623939231 1.71697588497773 1.09444593288936 0 1.14839048869908 1.08278025733307 1.79002694413066 1.53737551276572 1.0010471988935 1.72306338674389 0.952206777408719 1.46133998222649 1.78789452789351 1.30678065959364 1.36699960450642 1.63811609428376 1.56443439563736 0.971721661975607 1.5923350865487 1.83799238759093 1.56923674698919 1.53645944874734 1.54025515844114 1.71401610900648 1.15478041907772 1.61214835685678 1.23198976321146
1.52745196432807 1.24934294517152 0.922524677822366 1.6957759866491 1.84063202398829 0.870646411320195 1.14839048869908 0 1.25287513295189 1.3283275431022 1.53096424019895 1.43050031620078 1.28554946766235 1.40373974177055 1.60519241564907 1.43251083022915 1.60358228930272 0.92722437158227 1.73988247499801 1.70439456542954 1.83019930426963 0.999864497920498 1.06163737992756 1.85314852977172 1.82794256415218 1.63375326571986 1.2139841101598 1.57230540527962 1.42687326809391 0.875592200085521
1.1738927711267 1.64253936032765 1.2077901342418 1.64458686136641 1.02609636751004 1.26609595073387 1.08278025733307 1.25287513295189 0 1.3853857642971 1.10967396060005 1.51588088506833 1.3189285856206 1.45004653534852 1.48551796050742 1.4070169434417 1.19334302237257 0.891387494746596 1.04150142753497 1.61726624378935 1.02553205564618 1.26456068689004 0.991155293537304 1.44932937435806 1.66658287472092 1.58389588072896 1.74431552481838 1.38743123109452 1.41555129922926 1.11424483451992
1.30779461143538 1.69630294945091 1.30452638678253 1.32897221110761 1.24602399417199 1.52760362997651 1.79002694413066 1.3283275431022 1.3853857642971 0 1.39233250194229 1.85443907044828 1.85163229797035 1.09266366506927 1.85009535518475 1.30561456317082 1.69250733917579 1.42454912047833 1.09880962828174 0.908970358083025 1.05880624009296 1.12727478821762 1.76817514211871 1.51909058541059 1.64019529428333 1.11660494911484 1.25614658789709 0.890442892210558 1.61005217884667 1.48523390945047
1.77811150974594 0.960436779772863 1.54816028592177 1.56145945587195 1.50406953366473 1.62968017021194 1.53737551276572 1.53096424019895 1.10967396060005 1.39233250194229 0 1.84119604667649 1.08695715223439 1.78003671951592 1.79830668796785 1.55574828060344 1.61291896551847 1.17228234861977 1.33579653757624 1.47587519045919 1.38832726003602 1.57991140824743 1.07707579340786 1.29015333973803 1.52284449362196 0.863501811400056 1.29750760388561 0.891859034076333 1.63290696637705 1.39294850500301
1.64236174221151 1.69734736671671 1.46400848170742 1.43494351929985 1.41289907041937 1.75315679213963 1.0010471988935 1.43050031620078 1.51588088506833 1.85443907044828 1.84119604667649 0 1.01980802090839 1.63519258261658 1.67242450802587 1.66020766831934 1.81966847879812 1.12157452688552 0.989503537770361 1.80917445127852 1.12269498035312 1.78026764886454 1.28528093290515 1.64223677944392 1.67134878784418 1.26132293534465 1.8478219632525 1.42677547386847 1.39711056696251 1.40355138690211
1.52162576536648 0.966798739507794 0.904493210371584 1.06704620691016 1.38360320637003 1.23623729473911 1.72306338674389 1.28554946766235 1.3189285856206 1.85163229797035 1.08695715223439 1.01980802090839 0 1.21404883032665 1.08406060398556 0.894701576093212 1.11998740723357 1.64135596132837 1.63018846092746 1.19606766593643 1.54609354352579 1.23354408005252 1.11967966496013 1.74898912780918 1.16365709202364 1.53661421546713 0.98422663519159 1.34367402270436 1.45268223574385 1.02220669900998
1.49666127492674 1.25311315245926 1.17309924354777 1.46422754041851 1.20008664391935 1.32684076926671 0.952206777408719 1.40373974177055 1.45004653534852 1.09266366506927 1.78003671951592 1.63519258261658 1.21404883032665 0 1.10508760437369 1.05883375648409 1.00756951770745 1.62629658216611 1.77830304950476 0.985404694918543 1.23624388151802 0.89362234249711 1.7089976191055 1.27725740359165 1.1484277525451 1.66869155084714 1.28504791413434 1.84955760138109 1.52507152198814 1.42135730548762
1.24963325052522 1.79466311866418 0.858918045181781 1.17852418567054 1.75097928196192 1.4378287314903 1.46133998222649 1.60519241564907 1.48551796050742 1.85009535518475 1.79830668796785 1.67242450802587 1.08406060398556 1.10508760437369 0 1.55545333726332 1.71187446569093 1.14727164828219 1.28514674119651 1.25312507641502 1.5745363784954 1.61631638952531 1.63776057516225 1.34304571524262 0.884532424621284 1.06831456022337 1.6594056263566 1.53987176646478 1.59210277837701 0.928900327533484
1.84171336982399 1.16677779844031 1.15806401707232 1.22940434189513 1.44778020028025 1.68271126691252 1.78789452789351 1.43251083022915 1.4070169434417 1.30561456317082 1.55574828060344 1.66020766831934 0.894701576093212 1.05883375648409 1.55545333726332 0 1.60437894798815 0.939789453521371 1.14575620228425 1.78055657888763 1.44653954845853 1.631224374054 1.75207441719249 1.00893123401329 1.43774611875415 1.77079601283185 1.45533703849651 0.896880887215957 1.28410425269976 0.999842126620933
1.8409954267554 1.13924627122469 1.8539220278617 1.84583238139749 1.28427922655828 1.41827874677256 1.30678065959364 1.60358228930272 1.19334302237257 1.69250733917579 1.61291896551847 1.81966847879812 1.11998740723357 1.00756951770745 1.71187446569093 1.60437894798815 0 1.45321664703079 1.49071365175769 1.56498978845775 1.01560473628342 0.860956080956385 1.15192191419192 1.65887601953 1.44480746705085 1.00637113512494 1.29697912372649 1.68615853972733 1.32579898415133 1.40640403237194
1.02032278990373 1.09037925046869 1.02055439772084 1.81491798977368 1.6562015558593 1.28755755256861 1.36699960450642 0.92722437158227 0.891387494746596 1.42454912047833 1.17228234861977 1.12157452688552 1.64135596132837 1.62629658216611 1.14727164828219 0.939789453521371 1.45321664703079 0 1.20685398182832 1.39413533685729 0.937103429343551 1.15262260264717 1.56368893012404 1.85110114631243 1.07794704195112 1.25762421707623 1.65304968971759 0.863890318432823 1.75186813552864 1.50127935688943
1.17399388737977 1.57948982645757 1.71283839805983 1.83045535557903 1.2987784196157 1.6889767057728 1.63811609428376 1.73988247499801 1.04150142753497 1.09880962828174 1.33579653757624 0.989503537770361 1.63018846092746 1.77830304950476 1.28514674119651 1.14575620228425 1.49071365175769 1.20685398182832 0 1.34947384241968 0.951346095418558 0.938747868873179 1.61987429717556 1.84552450757474 1.65727985836565 1.40439211507328 1.51147908996791 1.84375833999366 1.54702323582023 1.13604245567694
1.47450519283302 1.04610672383569 1.56917460332625 1.6731340715196 1.6584518016316 1.85447339201346 1.56443439563736 1.70439456542954 1.61726624378935 0.908970358083025 1.47587519045919 1.80917445127852 1.19606766593643 0.985404694918543 1.25312507641502 1.78055657888763 1.56498978845775 1.39413533685729 1.34947384241968 0 1.23520950786769 1.53727557626553 1.38160965731367 1.85738844401203 1.35681528807618 0.94056706991978 1.74788765097037 1.18429626058787 1.75533530768007 1.24288279656321
1.33175852941349 1.07943439413793 1.83959743427113 1.82308516046032 1.38801552355289 0.992709997110069 0.971721661975607 1.83019930426963 1.02553205564618 1.05880624009296 1.38832726003602 1.12269498035312 1.54609354352579 1.23624388151802 1.5745363784954 1.44653954845853 1.01560473628342 0.937103429343551 0.951346095418558 1.23520950786769 0 1.3263705985155 1.06779354554601 0.953255547676235 1.01556404330768 1.12907461612485 1.20554681331851 1.23528561089188 1.83389487140812 1.67298303311691
1.28097941842861 1.24565244209953 1.18805626919493 1.18806803878397 1.67981869960204 1.64083538204432 1.5923350865487 0.999864497920498 1.26456068689004 1.12727478821762 1.57991140824743 1.78026764886454 1.23354408005252 0.89362234249711 1.61631638952531 1.631224374054 0.860956080956385 1.15262260264717 0.938747868873179 1.53727557626553 1.3263705985155 0 1.75393253820948 1.80666310014203 1.06093052704819 1.29784698667936 1.53762998036109 1.1285588296596 1.58209804375656 1.81147663271986
1.77842001104727 1.36451719189063 0.924006581073627 0.960601279512048 1.07641252921894 1.02299978677183 1.83799238759093 1.06163737992756 0.991155293537304 1.76817514211871 1.07707579340786 1.28528093290515 1.11967966496013 1.7089976191055 1.63776057516225 1.75207441719249 1.15192191419192 1.56368893012404 1.61987429717556 1.38160965731367 1.06779354554601 1.75393253820948 0 1.45347224432044 1.53241521422751 1.36637447052635 1.43874502624385 1.0152273317799 1.13638054090552 0.993991187307984
1.26929445122369 1.78525325423107 1.04052861477248 1.24639359838329 1.40444437973201 1.41478974581696 1.56923674698919 1.85314852977172 1.44932937435806 1.51909058541059 1.29015333973803 1.64223677944392 1.74898912780918 1.27725740359165 1.34304571524262 1.00893123401329 1.65887601953 1.85110114631243 1.84552450757474 1.85738844401203 0.953255547676235 1.80666310014203 1.45347224432044 0 1.45101906894706 1.76067305309698 1.31261265138164 1.81491528800689 1.51824871799909 1.39467785344459
1.44622426084243 1.16639224300161 1.19444170407951 0.92555331857875 1.17530131340027 1.56874038488604 1.53645944874734 1.82794256415218 1.66658287472092 1.64019529428333 1.52284449362196 1.67134878784418 1.16365709202364 1.1484277525451 0.884532424621284 1.43774611875415 1.44480746705085 1.07794704195112 1.65727985836565 1.35681528807618 1.01556404330768 1.06093052704819 1.53241521422751 1.45101906894706 0 1.80188375874422 1.36068233125843 1.14702273788862 1.25865295622498 1.67665035510436
1.73347022011876 1.82069522864185 0.90561469248496 1.73959672101773 1.2033403259702 0.913906322093681 1.54025515844114 1.63375326571986 1.58389588072896 1.11660494911484 0.863501811400056 1.26132293534465 1.53661421546713 1.66869155084714 1.06831456022337 1.77079601283185 1.00637113512494 1.25762421707623 1.40439211507328 0.94056706991978 1.12907461612485 1.29784698667936 1.36637447052635 1.76067305309698 1.80188375874422 0 1.14897420513444 1.2360915329773 1.47920711128972 0.94285823777318
1.15960970171727 1.74626034987159 1.25288233510219 1.19500304199755 0.901830910472199 0.876087758457288 1.71401610900648 1.2139841101598 1.74431552481838 1.25614658789709 1.29750760388561 1.8478219632525 0.98422663519159 1.28504791413434 1.6594056263566 1.45533703849651 1.29697912372649 1.65304968971759 1.51147908996791 1.74788765097037 1.20554681331851 1.53762998036109 1.43874502624385 1.31261265138164 1.36068233125843 1.14897420513444 0 1.59962406056002 1.00062686135061 0.959088742500171
1.74948901729658 0.965069393860176 1.69451439799741 1.53099877317436 1.48620660230517 1.81730612739921 1.15478041907772 1.57230540527962 1.38743123109452 0.890442892210558 0.891859034076333 1.42677547386847 1.34367402270436 1.84955760138109 1.53987176646478 0.896880887215957 1.68615853972733 0.863890318432823 1.84375833999366 1.18429626058787 1.23528561089188 1.1285588296596 1.0152273317799 1.81491528800689 1.14702273788862 1.2360915329773 1.59962406056002 0 1.69395037274808 1.29502397915348
0.928159741684794 1.41885382402688 1.52468356140889 1.81659531127661 1.41323260637 1.01243089209311 1.61214835685678 1.42687326809391 1.41555129922926 1.61005217884667 1.63290696637705 1.39711056696251 1.45268223574385 1.52507152198814 1.59210277837701 1.28410425269976 1.32579898415133 1.75186813552864 1.54702323582023 1.75533530768007 1.83389487140812 1.58209804375656 1.13638054090552 1.51824871799909 1.25865295622498 1.47920711128972 1.00062686135061 1.69395037274808 0 1.2381598635111
1.08612443553284 1.06396863749251 1.07856206526048 1.71141621726565 1.41885491646826 1.35594487469643 1.23198976321146 0.875592200085521 1.11424483451992 1.48523390945047 1.39294850500301 1.40355138690211 1.02220669900998 1.42135730548762 0.928900327533484 0.999842126620933 1.40640403237194 1.50127935688943 1.13604245567694 1.24288279656321 1.67298303311691 1.81147663271986 0.993991187307984 1.39467785344459 1.67665035510436 0.94285823777318 0.959088742500171 1.29502397915348 1.2381598635111 0
