0 1.31781939673238 1.2017811643891 1.17084436398 1.37235273048282 1.84000419755466 1.84970315499231 1.00984285096638 1.61472255201079 1.4273194198031 1.0275035793893 1.67844175803475 1.91697714407928 1.26846601860598 1.78009838960133 1.47869429923594 1.4535205590073 1.3748222484719 1.15351614705287 1.15480863838457 1.68870441196486 1.5713985026814 1.58766691223718 1.04956541350111 1.5175963237416 1.23337868368253 1.31768841552548 1.19911403674632 1.53216343629174 1.26914093317464
1.31781939673238 0 1.15627017756924 0.964239452499896 1.86353857838549 1.82548555359244 0.937656606314704 1.14680129289627 1.41876745363697 0.948763786815107 1.30643318989314 1.41401568241417 1.66471882187761 0.950230116723105 1.50305095873773 1.18172970646992 1.17097382899374 1.79974608146586 1.62935527856462 1.70022310246713 1.8438002106268 1.60893123736605 1.53411940252408 1.34573122160509 1.17807885352522 1.13724162708968 1.45450984593481 1.53616350865923 0.958765829913318 1.41457868902944
1.2017811643891 1.15627017756924 0 1.69665961852297 1.49278905289248 1.81843557488173 1.70998381706886 1.57001835829578 0.924484937917441 1.56933154095896 0.968766493722796 1.37502594990656 1.47722460189834 1.2597277071327 1.57433802052401 1.10250090109184 1.50548502942547 1.08323040953837 1.02115526609123 1.37618721136823 1.76421789010055 1.03886989806779 1.38385520153679 0.926966812927276 1.1827127635479 1.3477302887477 1.07649373589084 1.04481168906204 1.58112625149079 1.32745664613321
1.17084436398 0.964239452499896 1.69665961852297 0 1.21131701976992 1.91720852372237 1.10053564282134 1.57235938683152 1.79941989900544 1.81967068277299 1.02315008686855 1.72246194910258 1.6217012621928 1.51145990937948 1.29696202045307 1.50136935710907 1.91794693330303 1.45780185004696 1.53319939295761 1.83310188562609 1.61376876221038 0.951038705185056 1.11300168582238 1.3814359807875 1.34527775039896 1.61696373019367 1.70993774966337 0.93748440942727 1.29136182344519 1.54306558752432
1.37235273048282 1.86353857838549 1.49278905289248 1.21131701976992 0 1.29125495743938 1.86238211998716 1.79266429808922 1.72583750798367 1.89431741903536 1.5377830285579 1.42530120443553 0.950285846134648 1.55258318339474 1.06427581398748 0.943412816151977 1.14717609877698 1.06514902529307 1.46051038126461 1.48406924074516 1.6016449064482 1.21677065803669 0.944918289314955 1.18934689695016 0.987336347578093 1.68141697370447 1.56057287775911 1.90910688089207 1.90706722135656 1.48407988599502
1.84000419755466 1.82548555359244 1.81843557488173 1.91720852372237 1.29125495743938 0 1.77904225629754 1.79094997490756 1.2790422514081 1.90948283160105 1.71429776144214 1.37940294016153 1.90679683093913 1.57529729302041 1.7384311829228 1.62433514511213 1.44041832978837 1.55640971777029 1.39526821440086 1.51232320303097 1.26188719761558 1.86387977562845 1.11030354746617 1.84892015415244 1.25343057746068 1.81090631848201 1.25542717217468 1.12115352298133 1.38014461705461 0.970604820875451
1.84970315499231 0.937656606314704 1.70998381706886 1.10053564282134 1.86238211998716 1.77904225629754 0 1.77556908130646 1.4468560051173 1.88642039312981 1.39677300024778 1.62177824066021 1.06658405903727 1.38409264571965 1.87336948281154 1.32673359266482 1.21583074820228 1.66548286168836 1.14099133200943 1.81290573556907 0.997004333883524 1.53235187404789 1.23453224659897 1.18677343917079 1.68230871739797 1.83190055051818 1.64868004061282 1.60360127594322 1.00488255149685 1.22527468297631
1.00984285096638 1.14680129289627 1.57001835829578 1.57235938683152 1.79266429808922 1.79094997490756 1.77556908130646 0 1.65191106079146 1.90062262839638 0.963330724509433 1.20354681625031 0.959438393358141 1.23162794322707 0.960205317940563 1.27000757819042 1.05080030346289 1.25012492807582 1.90368016972207 1.76997747318819 1.63915116339922 1.41929792752489 1.68929859669879 1.188362946501 1.23183778929524 1.32839204464108 1.81726403906941 1.39808262395673 1.48308632383123 1.57300861412659
1.61472255201079 1.41876745363697 0.924484937917441 1.79941989900544 1.72583750798367 1.2790422514081 1.4468560051173 1.65191106079146 0 1.22256898018532 1.21600326616317 1.67482339171693 1.82492344290949 1.58008826710284 1.76280635874718 1.13388616009615 1.63124107779004 1.39434095053002 1.81044452404603 1.73445639223792 1.60712665645406 0.943234836449847 1.22526586032473 1.34153125504963 1.9205595459789 0.994128917576745 1.69951933133416 1.27935275784694 1.70957796345465 1.32799728307873
1.4273194198031 0.948763786815107 1.56933154095896 1.81967068277299 1.89431741903536 1.90948283160105 1.88642039312981 1.90062262839638 1.22256898018532 0 1.28522301046178 0.997778732795268 1.22711187135428 1.06154986005276 1.57876879768446 0.997005148092285 1.12507584947161 1.69645349611528 1.00533164455555 1.29886043770239 1.49035375914536 1.12289964663796 1.92248009308241 1.31288849445991 1.23931682296097 1.37779811467044 1.61758757173084 1.32028847979382 1.67205449589528 1.44453126960434
1.0275035793893 1.30643318989314 0.968766493722796 1.02315008686855 1.5377830285579 1.71429776144214 1.39677300024778 0.963330724509433 1.21600326616317 1.28522301046178 0 1.80106818699278 1.39155965205282 1.74663945287466 0.953159102238715 1.90597115433775 1.58103337138891 1.83861016016454 1.32732357340865 1.03632370545529 0.997738046804443 1.8606787386816 1.65156798297539 1.09116559452377 1.28025439381599 1.27189410966821 1.31658507231623 1.27360432338901 0.997544621815905 1.45287912618369
1.67844175803475 1.41401568241417 1.37502594990656 1.72246194910258 1.42530120443553 1.37940294016153 1.62177824066021 1.20354681625031 1.67482339171693 0.997778732795268 1.80106818699278 0 0.962783822789788 1.73573951353319 1.51767022302374 1.27910821908154 1.0079704222735 1.03033010335639 1.07231371523812 1.33077958668582 1.23019971395843 1.24973749741912 1.84364916151389 1.65015194518492 0.954527985770255 1.6257566048298 1.38564810180105 1.69272209587507 1.21499386220239 1.80745664448477
1.91697714407928 1.66471882187761 1.47722460189834 1.6217012621928 0.950285846134648 1.90679683093913 1.06658405903727 0.959438393358141 1.82492344290949 1.22711187135428 1.39155965205282 0.962783822789788 0 1.31607897137292 1.6138272639364 1.70384137192741 1.67305092117749 1.08593301614746 1.83907247288153 1.6450471598655 1.11730349622667 0.992613570764661 1.65363750886172 1.30293222051114 1.3957606642507 1.33760254853405 1.39186643436551 1.62813207344152 1.7134507605806 0.956819479120895
1.26846601860598 0.950230116723105 1.2597277071327 1.51145990937948 1.55258318339474 1.57529729302041 1.38409264571965 1.23162794322707 1.58008826710284 1.06154986005276 1.74663945287466 1.73573951353319 1.31607897137292 0 1.8914013390895 1.53353037429042 1.33973874780349 1.0334145759698 1.7051743066404 1.14748395886272 1.1776234654244 1.22124840412289 1.78789179562591 1.46838498720899 1.26745003601536 1.32366746058688 1.35980953881517 1.74042126629502 1.86009138007648 1.48085330426693
1.78009838960133 1.50305095873773 1.57433802052401 1.29696202045307 1.06427581398748 1.7384311829228 1.87336948281154 0.960205317940563 1.76280635874718 1.57876879768446 0.953159102238715 1.51767022302374 1.6138272639364 1.8914013390895 0 1.60080730356276 1.12282617134042 1.52711676317267 1.64543123077601 1.9187090548221 1.22772561642341 1.05777757056057 1.65471675177105 1.71130651421845 1.21055160160176 0.971428795484826 1.85605824086815 1.6454532360658 1.68604534468614 1.59307602536865
1.47869429923594 1.18172970646992 1.10250090109184 1.50136935710907 0.943412816151977 1.62433514511213 1.32673359266482 1.27000757819042 1.13388616009615 0.997005148092285 1.90597115433775 1.27910821908154 1.70384137192741 1.53353037429042 1.60080730356276 0 1.19380962103605 1.57685589720495 1.33217972889543 1.061886575073 1.51803533872589 1.47687726886943 1.26541672763415 0.977748261764646 1.10176493646577 1.18460764875636 1.72964368853718 1.36903969640844 1.27912104176357 1.57870328519493
1.4535205590073 1.17097382899374 1.50548502942547 1.91794693330303 1.14717609877698 1.44041832978837 1.21583074820228 1.05080030346289 1.63124107779004 1.12507584947161 1.58103337138891 1.0079704222735 1.67305092117749 1.33973874780349 1.12282617134042 1.19380962103605 0 1.33929277397692 1.19979933835566 1.50291076209396 1.63410387258045 1.383858169429 0.977650012355298 1.42203497095034 1.34294218593277 1.40316332317889 1.75157741317526 1.67060169600882 1.42349383211695 1.04166227253154
1.3748222484719 1.79974608146586 1.08323040953837 1.45780185004696 1.06514902529307 1.55640971777029 1.66548286168836 1.25012492807582 1.39434095053002 1.69645349611528 1.83861016016454 1.03033010335639 1.08593301614746 1.0334145759698 1.52711676317267 1.57685589720495 1.33929277397692 0 0.978643864160404 1.34512296342291 0.966703084763139 1.40234409249388 1.12026998517103 1.76170293940231 1.2676599114202 1.33207612787373 1.69504797435366 1.73764150007628 1.88679923606105 1.30938146915287
1.15351614705287 1.62935527856462 1.02115526609123 1.53319939295761 1.46051038126461 1.39526821440086 1.14099133200943 1.90368016972207 1.81044452404603 1.00533164455555 1.32732357340865 1.07231371523812 1.83907247288153 1.7051743066404 1.64543123077601 1.33217972889543 1.19979933835566 0.978643864160404 0 1.58570676296949 1.49677339871414 1.11603491846472 1.4864012664184 1.49177965149283 1.16959155444056 1.41247322480194 1.12525392696261 1.29729330306873 1.29373186384328 1.48236410389654
1.15480863838457 1.70022310246713 1.37618721136823 1.83310188562609 1.48406924074516 1.51232320303097 1.81290573556907 1.76997747318819 1.73445639223792 1.29886043770239 1.03632370545529 1.33077958668582 1.6450471598655 1.14748395886272 1.9187090548221 1.061886575073 1.50291076209396 1.34512296342291 1.58570676296949 0 1.11383187188767 1.46863773255609 1.59695026441477 1.89469121140428 1.42358332895674 1.70805357210338 1.4282301759813 1.37192222219892 1.20669709495269 1.51313391583972
1.68870441196486 1.8438002106268 1.76421789010055 1.61376876221038 1.6016449064482 1.26188719761558 0.997004333883524 1.63915116339922 1.60712665645406 1.49035375914536 0.997738046804443 1.23019971395843 1.11730349622667 1.1776234654244 1.22772561642341 1.51803533872589 1.63410387258045 0.966703084763139 1.49677339871414 1.11383187188767 0 1.70277623436414 1.31507704919204 1.60569810750894 1.61747833690606 1.11500168824568 0.938895793864504 1.89404808892868 1.18850920395926 1.46537346043624
1.5713985026814 1.60893123736605 1.03886989806779 0.951038705185056 1.21677065803669 1.86387977562845 1.53235187404789 1.41929792752489 0.943234836449847 1.12289964663796 1.8606787386816 1.24973749741912 0.992613570764661 1.22124840412289 1.05777757056057 1.47687726886943 1.383858169429 1.40234409249388 1.11603491846472 1.46863773255609 1.70277623436414 0 1.29707899340428 1.21983346366324 1.24317979696207 1.1145083066076 1.43221176578663 1.09563996898942 1.11552203726023 1.36162349791266
1.58766691223718 1.53411940252408 1.38385520153679 1.11300168582238 0.944918289314955 1.11030354746617 1.23453224659897 1.68929859669879 1.22526586032473 1.92248009308241 1.65156798297539 1.84364916151389 1.65363750886172 1.78789179562591 1.65471675177105 1.26541672763415 0.977650012355298 1.12026998517103 1.4864012664184 1.59695026441477 1.31507704919204 1.29707899340428 0 1.82826715405099 1.2848371588625 1.62196063646115 1.164935690118 1.05971287377179 1.00449617998675 1.28921803319827
1.04956541350111 1.34573122160509 0.926966812927276 1.3814359807875 1.18934689695016 1.84892015415244 1.18677343917079 1.188362946501 1.34153125504963 1.31288849445991 1.09116559452377 1.65015194518492 1.30293222051114 1.46838498720899 1.71130651421845 0.977748261764646 1.42203497095034 1.76170293940231 1.49177965149283 1.89469121140428 1.60569810750894 1.21983346366324 1.82826715405099 0 1.32015267014503 0.946113942191005 1.31292996346019 1.05916541768238 1.8834133062046 1.25749965384603
1.5175963237416 1.17807885352522 1.1827127635479 1.34527775039896 0.987336347578093 1.25343057746068 1.68230871739797 1.23183778929524 1.9205595459789 1.23931682296097 1.28025439381599 0.954527985770255 1.3957606642507 1.26745003601536 1.21055160160176 1.10176493646577 1.34294218593277 1.2676599114202 1.16959155444056 1.42358332895674 1.61747833690606 1.24317979696207 1.2848371588625 1.32015267014503 0 1.00206522597 1.40019719488919 1.15937219490297 1.26141111203469 1.55697717657313
1.23337868368253 1.13724162708968 1.3477302887477 1.61696373019367 1.68141697370447 1.81090631848201 1.83190055051818 1.32839204464108 0.994128917576745 1.37779811467044 1.27189410966821 1.6257566048298 1.33760254853405 1.32366746058688 0.971428795484826 1.18460764875636 1.40316332317889 1.33207612787373 1.41247322480194 1.70805357210338 1.11500168824568 1.1145083066076 1.62196063646115 0.946113942191005 1.00206522597 0 1.21382752852514 1.4914914383553 1.64292367827147 1.37598903896287
1.31768841552548 1.45450984593481 1.07649373589084 1.70993774966337 1.56057287775911 1.25542717217468 1.64868004061282 1.81726403906941 1.69951933133416 1.61758757173084 1.31658507231623 1.38564810180105 1.39186643436551 1.35980953881517 1.85605824086815 1.72964368853718 1.75157741317526 1.69504797435366 1.12525392696261 1.4282301759813 0.938895793864504 1.43221176578663 1.164935690118 1.31292996346019 1.40019719488919 1.21382752852514 0 0.955479969037697 1.11031672148965 1.74174910155125
1.19911403674632 1.53616350865923 1.04481168906204 0.93748440942727 1.90910688089207 1.12115352298133 1.60360127594322 1.39808262395673 1.27935275784694 1.32028847979382 1.27360432338901 1.69272209587507 1.62813207344152 1.74042126629502 1.6454532360658 1.36903969640844 1.67060169600882 1.73764150007628 1.29729330306873 1.37192222219892 1.89404808892868 1.09563996898942 1.05971287377179 1.05916541768238 1.15937219490297 1.4914914383553 0.955479969037697 0 0.974865380208939 1.83346767467447
1.53216343629174 0.958765829913318 1.58112625149079 1.29136182344519 1.90706722135656 1.38014461705461 1.00488255149685 1.48308632383123 1.70957796345465 1.67205449589528 0.997544621815905 1.21499386220239 1.7134507605806 1.86009138007648 1.68604534468614 1.27912104176357 1.42349383211695 1.88679923606105 1.29373186384328 1.20669709495269 1.18850920395926 1.11552203726023 1.00449617998675 1.8834133062046 1.26141111203469 1.64292367827147 1.11031672148965 0.974865380208939 0 1.14128214702941
1.26914093317464 1.41457868902944 1.32745664613321 1.54306558752432 1.48407988599502 0.970604820875451 1.22527468297631 1.57300861412659 1.32799728307873 1.44453126960434 1.45287912618369 1.80745664448477 0.956819479120895 1.48085330426693 1.59307602536865 1.57870328519493 1.04166227253154 1.30938146915287 1.48236410389654 1.51313391583972 1.46537346043624 1.36162349791266 1.28921803319827 1.25749965384603 1.55697717657313 1.37598903896287 1.74174910155125 1.83346767467447 1.14128214702941 0
