0 1.43150873156264 1.06241955514997 1.85811272496358 1.18202745821327 1.66928716609254 1.52661420614459 0.986554669914767 1.89167052321136 1.66252863802947 1.77177554368973 1.8231908287853 1.52571597718634 1.27728183707222 1.24904986377805 1.50184158305638 1.86143962782808 1.00108171580359 1.58434905577451 1.17278702906333 0.93532889476046 1.81435515475459 1.53639626386575 1.03416973422281 1.90633107512258 1.7358975650277 1.08613148494624 1.45035091252066 1.40637397114187 1.62805018294603
1.43150873156264 0 1.38782875449397 1.09768952964805 1.86731846025214 1.71521712210961 1.16976792109199 1.43010276416317 1.65623835846782 0.975487013580278 1.09660335513763 1.72051248443313 1.58224311587401 1.32690590037964 1.10821504681371 0.981173984706402 0.987924008630216 1.83851713966578 1.71192581858486 1.50245370320044 1.28711732756346 1.42857373086736 1.71935031074099 1.37674548500217 1.09452650486492 1.23199847107753 1.19258222123608 1.42802278953604 1.1826794068329 1.54551001428626
1.06241955514997 1.38782875449397 0 1.1447177354712 1.62769982055761 1.85482653276995 1.61408618208952 1.11138899391517 1.12807946209796 1.40106351231225 1.6440367307514 1.90197152947076 1.41343633574434 1.68740847148001 0.997649547178298 0.9855655094143 1.58656045561656 1.42527296068147 1.3713439584244 1.86828489415348 1.7608580593951 1.9272520323284 1.62192771513946 1.88154494948685 1.76857055025175 1.49325774982572 1.42408051993698 1.11869596014731 1.89664367819205 1.59693787014112
1.85811272496358 1.09768952964805 1.1447177354712 0 0.937251338735223 0.946740713203326 1.79700296535157 1.29668948077597 1.45553186489269 1.01210382790305 1.32966431160457 1.77930223336443 1.87422762950882 1.79875582898967 1.51151438290253 1.84402508917265 1.70769034023397 1.00514940451831 1.68406801717356 1.45284787099808 1.21163652394898 1.4152017373126 1.18950223480351 1.91238807002082 1.30126397870481 1.82460446050391 1.26152737485245 1.48360477224924 1.82963573653251 1.58404603181407
1.18202745821327 1.86731846025214 1.62769982055761 0.937251338735223 0 1.53866549255326 1.15172175667249 1.84685242292471 1.59820568957366 1.01650019898079 1.50939811044373 1.09693270688877 1.27617816254497 1.05531859747134 1.7053012882825 1.25358449947089 1.72540451795794 1.10862285248004 1.59487959323451 1.14097965089604 1.29941924614832 1.66927891829982 0.947130449814722 1.47193622402847 1.42172357882373 1.70251629548147 1.22481115767732 1.17629041941836 0.989657130558044 1.85047333524562
1.66928716609254 1.71521712210961 1.85482653276995 0.946740713203326 1.53866549255326 0 0.996610542759299 1.36847194074653 1.09024835750461 1.00037317094393 1.10111891874112 1.88665124075487 1.40846021729521 1.47918438934721 1.9234125611838 1.83477919944562 0.965256346156821 1.08721574302763 1.66615864192136 1.45589124737307 1.01284800982103 1.62267351988703 1.44679109216668 1.50789757585153 1.12791735865176 1.08687865966931 1.03791419626214 1.08271664218046 1.01714211399667 1.34270180412568
1.52661420614459 1.16976792109199 1.61408618208952 1.79700296535157 1.15172175667249 0.996610542759299 0 1.11010919860564 1.11966134887189 1.50502480519935 1.17450709477998 1.8632233676035 1.7849120835308 1.70647542155348 1.41606949875131 1.74139131954871 1.14565129950643 1.03075047279708 1.27059693471529 1.46261903666891 1.18237177981064 1.19463447690941 1.48141096672043 1.5130011071451 1.42609954089858 1.1725670255255 1.45182866114192 1.2354665545281 1.50489431014284 1.38972654985264
0.986554669914767 1.43010276416317 1.11138899391517 1.29668948077597 1.84685242292471 1.36847194074653 1.11010919860564 0 1.65328443725593 1.21716338745318 1.58345005870797 1.07313316245563 1.3520663487725 1.79769627680071 1.38405453274027 1.20717335795052 1.37342570652254 1.62878845748492 1.82703913631849 1.35617300658487 1.92188356467523 1.40845478023402 1.4025228775572 1.27874675439671 1.76221882761456 1.70439520245418 1.44365266594104 1.04802238428965 1.72750940546393 1.02070335741155
1.89167052321136 1.65623835846782 1.12807946209796 1.45553186489269 1.59820568957366 1.09024835750461 1.11966134887189 1.65328443725593 0 1.24805883318186 1.794422672363 1.20267562149093 1.74711401434615 1.90358196338639 1.78598292474635 1.81438227044418 1.78284096182324 1.43159145954996 1.87400772189721 1.01932843332179 1.25667345267721 1.03851664136164 1.03271857416257 1.31865178165026 1.87047996162437 1.361964416923 1.85854203789495 1.51871213922277 1.5653109040577 1.83747538132593
1.66252863802947 0.975487013580278 1.40106351231225 1.01210382790305 1.01650019898079 1.00037317094393 1.50502480519935 1.21716338745318 1.24805883318186 0 0.963674345053732 1.10208592936397 1.92792211147025 1.37430726992898 1.64762462070212 1.78242758242413 1.1618652290199 1.36569608934224 1.33481156523339 1.12575091561303 1.16841882723384 1.07684122817591 1.49663179344498 1.54239197471179 1.72006989479996 0.97893679770641 1.55797818978317 1.73795196670108 1.462698624935 1.38406638312154
1.77177554368973 1.09660335513763 1.6440367307514 1.32966431160457 1.50939811044373 1.10111891874112 1.17450709477998 1.58345005870797 1.794422672363 0.963674345053732 0 1.24140822910704 1.35195783851668 1.19964428432286 1.02828911412507 1.88412188855 1.6385307405144 1.85844547045417 1.0182308095973 1.42535099037923 0.94720262940973 1.83935059793293 1.85009963368066 1.89028594619595 1.73417725833133 1.8558685653843 1.84330527368002 0.975601439597085 1.62093960936181 1.51753916405141
1.8231908287853 1.72051248443313 1.90197152947076 1.77930223336443 1.09693270688877 1.88665124075487 1.8632233676035 1.07313316245563 1.20267562149093 1.10208592936397 1.24140822910704 0 1.12770649744198 1.37371694017202 1.06834360794164 1.44266176153906 0.962554816622287 1.73704589158297 1.00619673123583 1.69114091410302 1.57843564683571 1.44085326581262 1.87787790293805 1.85506055620499 1.55986345349811 1.60443087853491 1.01785716158338 1.58432187302969 1.88943313085474 1.4773579610046
1.52571597718634 1.58224311587401 1.41343633574434 1.87422762950882 1.27617816254497 1.40846021729521 1.7849120835308 1.3520663487725 1.74711401434615 1.92792211147025 1.35195783851668 1.12770649744198 0 1.10504565481097 1.34374396409839 1.40641115466133 1.13534643058665 1.34042120119557 1.89974560518749 1.39221751643345 1.31742771086283 1.57825086871162 1.7847216730006 1.73452018550597 1.11335416813381 1.49394958489574 1.25003456114791 1.32685182197019 1.53215619293042 1.29826624365523
1.27728183707222 1.32690590037964 1.68740847148001 1.79875582898967 1.05531859747134 1.47918438934721 1.70647542155348 1.79769627680071 1.90358196338639 1.37430726992898 1.19964428432286 1.37371694017202 1.10504565481097 0 1.92976201488636 1.06764190341346 1.2155608178582 1.08740399614908 1.83935473370366 1.51948590367101 1.33786020218395 1.34848058898933 1.31654298468493 1.02784578618594 1.21003605774604 1.88217376242392 1.04144352837466 0.933900346746668 1.88850345928222 1.65259775449522
1.24904986377805 1.10821504681371 0.997649547178298 1.51151438290253 1.7053012882825 1.9234125611838 1.41606949875131 1.38405453274027 1.78598292474635 1.64762462070212 1.02828911412507 1.06834360794164 1.34374396409839 1.92976201488636 0 1.88449561130255 1.7386366375722 1.00996967009269 1.78130407375284 1.57540220324881 1.84347125375643 1.91289875539951 1.56633060821332 1.00672578974627 1.32759622996673 1.31078140647151 1.00491576269269 1.23441071319394 1.0394406276755 1.67623978760093
1.50184158305638 0.981173984706402 0.9855655094143 1.84402508917265 1.25358449947089 1.83477919944562 1.74139131954871 1.20717335795052 1.81438227044418 1.78242758242413 1.88412188855 1.44266176153906 1.40641115466133 1.06764190341346 1.88449561130255 0 1.34341085050255 1.54946402111091 1.50547066098079 1.73771929740906 1.46282157208771 1.44240795075893 1.59971391409636 1.60665695276111 1.78582290769555 1.09839011216536 1.06612317776307 1.2238343723584 1.20129978936166 1.03104074136354
1.86143962782808 0.987924008630216 1.58656045561656 1.70769034023397 1.72540451795794 0.965256346156821 1.14565129950643 1.37342570652254 1.78284096182324 1.1618652290199 1.6385307405144 0.962554816622287 1.13534643058665 1.2155608178582 1.7386366375722 1.34341085050255 0 1.82571242703125 1.91057435795665 0.969795767217875 1.00940795522183 1.59754565660842 1.01227413676679 1.57865410065278 1.07529895217158 1.57402321603149 1.40757929184474 0.977156223030761 1.16558134742081 1.39444933203049
1.00108171580359 1.83851713966578 1.42527296068147 1.00514940451831 1.10862285248004 1.08721574302763 1.03075047279708 1.62878845748492 1.43159145954996 1.36569608934224 1.85844547045417 1.73704589158297 1.34042120119557 1.08740399614908 1.00996967009269 1.54946402111091 1.82571242703125 0 0.936049876734614 1.02996096783318 1.5174338275101 1.03143471991643 1.88653953233734 1.22027863422409 1.58000043453649 1.12946029612795 1.87936674174853 1.24528580508195 1.51895059691742 1.19715375103988
1.58434905577451 1.71192581858486 1.3713439584244 1.68406801717356 1.59487959323451 1.66615864192136 1.27059693471529 1.82703913631849 1.87400772189721 1.33481156523339 1.0182308095973 1.00619673123583 1.89974560518749 1.83935473370366 1.78130407375284 1.50547066098079 1.91057435795665 0.936049876734614 0 1.31022841739468 1.18156664073467 1.82659940863959 1.70852383831516 1.53163546090946 0.947332862764597 1.82749963086098 1.60223849001341 1.42752763465978 1.79442477202974 1.27409004000947
1.17278702906333 1.50245370320044 1.86828489415348 1.45284787099808 1.14097965089604 1.45589124737307 1.46261903666891 1.35617300658487 1.01932843332179 1.12575091561303 1.42535099037923 1.69114091410302 1.39221751643345 1.51948590367101 1.57540220324881 1.73771929740906 0.969795767217875 1.02996096783318 1.31022841739468 0 1.07796594058163 1.64902566955425 1.06026600766927 1.72118160990067 1.41919587831944 1.86900904937647 1.27896028803661 1.01525209937245 1.28342056181282 1.84325717785396
0.93532889476046 1.28711732756346 1.7608580593951 1.21163652394898 1.29941924614832 1.01284800982103 1.18237177981064 1.92188356467523 1.25667345267721 1.16841882723384 0.94720262940973 1.57843564683571 1.31742771086283 1.33786020218395 1.84347125375643 1.46282157208771 1.00940795522183 1.5174338275101 1.18156664073467 1.07796594058163 0 1.28723383136094 1.09112901054323 1.21402545575984 1.49987669242546 1.09094018954784 1.91712457453832 1.91998146823607 1.84904440841638 1.34475149051286
1.81435515475459 1.42857373086736 1.9272520323284 1.4152017373126 1.66927891829982 1.62267351988703 1.19463447690941 1.40845478023402 1.03851664136164 1.07684122817591 1.83935059793293 1.44085326581262 1.57825086871162 1.34848058898933 1.91289875539951 1.44240795075893 1.59754565660842 1.03143471991643 1.82659940863959 1.64902566955425 1.28723383136094 0 1.62402298208326 0.939383945427835 1.04144514282234 1.00722287641838 0.975436465349048 1.58822957007214 1.83669289131649 1.60129721439444
1.53639626386575 1.71935031074099 1.62192771513946 1.18950223480351 0.947130449814722 1.44679109216668 1.48141096672043 1.4025228775572 1.03271857416257 1.49663179344498 1.85009963368066 1.87787790293805 1.7847216730006 1.31654298468493 1.56633060821332 1.59971391409636 1.01227413676679 1.88653953233734 1.70852383831516 1.06026600766927 1.09112901054323 1.62402298208326 0 1.69734891713597 1.89429971831851 1.7349594575353 1.74104517581873 1.73892170633189 1.02091355551966 0.97100543580018
1.03416973422281 1.37674548500217 1.88154494948685 1.91238807002082 1.47193622402847 1.50789757585153 1.5130011071451 1.27874675439671 1.31865178165026 1.54239197471179 1.89028594619595 1.85506055620499 1.73452018550597 1.02784578618594 1.00672578974627 1.60665695276111 1.57865410065278 1.22027863422409 1.53163546090946 1.72118160990067 1.21402545575984 0.939383945427835 1.69734891713597 0 1.89333702228032 1.70343483728357 1.06570862769149 1.00438976497389 1.77654093480669 1.92644879221916
1.90633107512258 1.09452650486492 1.76857055025175 1.30126397870481 1.42172357882373 1.12791735865176 1.42609954089858 1.76221882761456 1.87047996162437 1.72006989479996 1.73417725833133 1.55986345349811 1.11335416813381 1.21003605774604 1.32759622996673 1.78582290769555 1.07529895217158 1.58000043453649 0.947332862764597 1.41919587831944 1.49987669242546 1.04144514282234 1.89429971831851 1.89333702228032 0 1.28335615969263 1.22363893548027 1.1474559775088 1.13937434484251 1.68842583126388
1.7358975650277 1.23199847107753 1.49325774982572 1.82460446050391 1.70251629548147 1.08687865966931 1.1725670255255 1.70439520245418 1.361964416923 0.97893679770641 1.8558685653843 1.60443087853491 1.49394958489574 1.88217376242392 1.31078140647151 1.09839011216536 1.57402321603149 1.12946029612795 1.82749963086098 1.86900904937647 1.09094018954784 1.00722287641838 1.7349594575353 1.70343483728357 1.28335615969263 0 1.64324159035459 1.9094430427067 1.39108575927094 1.32185186399147
1.08613148494624 1.19258222123608 1.42408051993698 1.26152737485245 1.22481115767732 1.03791419626214 1.45182866114192 1.44365266594104 1.85854203789495 1.55797818978317 1.84330527368002 1.01785716158338 1.25003456114791 1.04144352837466 1.00491576269269 1.06612317776307 1.40757929184474 1.87936674174853 1.60223849001341 1.27896028803661 1.91712457453832 0.975436465349048 1.74104517581873 1.06570862769149 1.22363893548027 1.64324159035459 0 1.5835673189722 1.75025732256472 1.68776450119913
1.45035091252066 1.42802278953604 1.11869596014731 1.48360477224924 1.17629041941836 1.08271664218046 1.2354665545281 1.04802238428965 1.51871213922277 1.73795196670108 0.975601439597085 1.58432187302969 1.32685182197019 0.933900346746668 1.23441071319394 1.2238343723584 0.977156223030761 1.24528580508195 1.42752763465978 1.01525209937245 1.91998146823607 1.58822957007214 1.73892170633189 1.00438976497389 1.1474559775088 1.9094430427067 1.5835673189722 0 1.85650990367867 1.44833051320165
1.40637397114187 1.1826794068329 1.89664367819205 1.82963573653251 0.989657130558044 1.01714211399667 1.50489431014284 1.72750940546393 1.5653109040577 1.462698624935 1.62093960936181 1.88943313085474 1.53215619293042 1.88850345928222 1.0394406276755 1.20129978936166 1.16558134742081 1.51895059691742 1.79442477202974 1.28342056181282 1.84904440841638 1.83669289131649 1.02091355551966 1.77654093480669 1.13937434484251 1.39108575927094 1.75025732256472 1.85650990367867 0 1.35304107819684
1.62805018294603 1.54551001428626 1.59693787014112 1.58404603181407 1.85047333524562 1.34270180412568 1.38972654985264 1.02070335741155 1.83747538132593 1.38406638312154 1.51753916405141 1.4773579610046 1.29826624365523 1.65259775449522 1.67623978760093 1.03104074136354 1.39444933203049 1.19715375103988 1.27409004000947 1.84325717785396 1.34475149051286 1.60129721439444 0.97100543580018 1.92644879221916 1.68842583126388 1.32185186399147 1.68776450119913 1.44833051320165 1.35304107819684 0
