0 1.61881562462077 1.59792316216044 1.78160425554961 1.64839456928894 1.67033383157104 0.981289628194645 1.3553841044195 1.36501476843841 1.71597482007928 0.96837431541644 1.49569779424928 1.83293709065765 1.34231028612703 1.14182311971672 1.74067661887966 1.32313059293665 1.13668075646274 1.32390112127177 1.12062540347688 0.971596034709364 1.04872883460484 1.31302984221838 1.89478788827546 1.52588526438922 1.85589981335215 1.23416461935267 1.6286168997176 1.0194303272292 1.5507662629243
1.61881562462077 0 0.969083471456543 1.26201713131741 1.74576268764213 1.1313917725347 1.42729052412324 1.29294284293428 1.40480693918653 1.4567315580789 1.75151356984861 1.33924604952335 1.53595493920147 0.991685416782275 1.68477662932128 1.27429244131781 1.10721159377135 1.67492408188991 1.91877615638077 1.86570079205558 1.69547589193098 1.68355761747807 1.76123551721685 1.90386495715939 1.67728960863315 1.64429486030713 1.00024667591788 1.48260291665792 1.43744723009877 1.81061831652187
1.59792316216044 0.969083471456543 0 1.68379765027203 1.14667737320997 1.02089285897091 1.15530884382315 1.83023034990765 1.93883903091773 1.51164260995574 1.70766639267094 1.23807080835104 1.82769867964089 1.0477323285304 1.00896041980013 1.93209572019987 1.91264779726043 1.06024902826175 1.10715861688368 1.72439160244539 1.31162446760572 1.41253253864124 1.50124458246864 1.91588813159615 1.27688432880677 1.45731575903483 1.90975427743979 1.31890569278039 0.954605033155531 1.61601987876929
1.78160425554961 1.26201713131741 1.68379765027203 0 0.993600980145857 1.03472802322358 1.50321012642235 1.42265338986181 1.84136670059524 1.44682714040391 1.04048152617179 1.85594380344264 1.11589201772586 1.28839036263525 1.95050819427706 1.19354244717397 1.67335367761552 1.61541765928268 1.6253504161723 1.21042040968314 1.13823636597954 1.57823040056974 1.48513575945981 0.968162346631289 1.91220527468249 1.52186376159079 0.984776702942327 1.83738294709474 1.43893656786531 1.78183180652559
1.64839456928894 1.74576268764213 1.14667737320997 0.993600980145857 0 1.36205193749629 1.60808117385022 1.70291478163563 1.07954364083707 1.84952757647261 1.51446493528783 1.73274537106045 1.04867186234333 1.1550479773432 0.956907214131206 1.29174543800764 1.89953530672938 1.57713748188689 1.13480957248248 1.7122869703453 1.2345732501708 1.38176823197864 1.84270842885599 1.06697037629783 1.70672824815847 1.54396726284176 1.01389887952246 1.84841348300688 1.89674911298789 1.02800323185511
1.67033383157104 1.1313917725347 1.02089285897091 1.03472802322358 1.36205193749629 0 1.71112458826974 1.34598161932081 1.06123180268332 1.70310872001573 1.04868821124546 0.954759743064642 1.43810922792181 1.92709428165108 1.94201730308123 1.51516322535463 1.31884263455868 1.63008728576824 1.6765320498962 1.1967284984421 1.59911064640619 1.50738008413464 0.955603977432474 1.93724227766506 1.2550385214854 1.44565627165139 1.56618624273688 1.0781340689864 1.28835240472108 1.09779845387675
0.981289628194645 1.42729052412324 1.15530884382315 1.50321012642235 1.60808117385022 1.71112458826974 0 1.83395522623323 1.87149621057324 1.03629107307643 1.16242791968398 1.08767405617982 1.470381162595 1.05244426196441 1.7401066638995 1.91330998460762 1.62979355687276 1.66874980437569 1.68839779193513 1.28915833169594 1.89449151232839 1.25512282410637 1.18928707903251 1.62868933402933 1.01453284942545 1.26505301333964 1.54629021696746 1.013603792293 1.5666627776809 1.18637096183375
1.3553841044195 1.29294284293428 1.83023034990765 1.42265338986181 1.70291478163563 1.34598161932081 1.83395522623323 0 1.23024510848336 1.72100830357522 1.49965312704444 1.26052651461214 1.21401176275685 1.50682012480684 1.25740018230863 1.33612087625079 1.39997165696695 1.12724173744209 1.9269670357462 1.0668766470626 1.91472639096901 1.55972741707228 1.36013533780351 1.54471884085797 1.71665026247501 1.07837275974452 1.35356145026162 1.37666256725788 1.11928325193003 1.94375067250803
1.36501476843841 1.40480693918653 1.93883903091773 1.84136670059524 1.07954364083707 1.06123180268332 1.87149621057324 1.23024510848336 0 0.955001793103293 1.54396302462555 1.42173835961148 1.25955784926191 1.29351595952176 1.43606031360105 1.65731824049726 1.04022642597556 1.29744615056552 1.69937652512453 1.0786888350267 1.75247423024848 1.62375322123989 1.23690311843529 1.50712340185419 1.31327266478911 1.42557074991055 1.76025161496364 1.21509612235241 1.27695163572207 1.53632464958355
1.71597482007928 1.4567315580789 1.51164260995574 1.44682714040391 1.84952757647261 1.70310872001573 1.03629107307643 1.72100830357522 0.955001793103293 0 1.65223240875639 1.07728186575696 1.00345202558674 1.61796505283564 1.04263545572758 1.41839943593368 1.26806753687561 1.8073107842356 1.7920297102537 1.70749625633471 1.06205964833498 0.979579331586137 1.35250433348119 1.30891135870479 1.43583476869389 1.8207538111601 1.92308951029554 1.05108214518987 1.22824615007266 1.55743135069497
0.96837431541644 1.75151356984861 1.70766639267094 1.04048152617179 1.51446493528783 1.04868821124546 1.16242791968398 1.49965312704444 1.54396302462555 1.65223240875639 0 1.1923826453276 1.69906519260257 1.02048343233764 1.4074635442812 1.58291847887449 1.91487456648611 1.23844507709146 1.43968654074706 1.47678035125136 1.80361294047907 1.4263920376543 1.58242383669131 1.65949260885827 1.8988687179517 1.63652700837702 1.88248675083742 1.44619767484255 1.39235086389817 1.71344583504833
1.49569779424928 1.33924604952335 1.23807080835104 1.85594380344264 1.73274537106045 0.954759743064642 1.08767405617982 1.26052651461214 1.42173835961148 1.07728186575696 1.1923826453276 0 1.1192995288875 1.05283099948429 1.66687843366526 1.83352028066292 1.1364856287837 1.04912795615382 1.18974162265658 1.08895216137171 1.10946917696856 1.14064870867878 1.42810245091096 1.42722524749115 1.63339185155928 1.7123695621267 1.16201579407789 0.974340889370069 1.27488933713175 1.56371787190437
1.83293709065765 1.53595493920147 1.82769867964089 1.11589201772586 1.04867186234333 1.43810922792181 1.470381162595 1.21401176275685 1.25955784926191 1.00345202558674 1.69906519260257 1.1192995288875 0 1.66946780774742 1.38192911446095 1.2459980729036 1.20252870023251 1.35807892587036 1.04608672298491 1.77678120229393 1.64026713860221 1.43579119886272 1.83837017021142 1.18531517544761 1.73767133010551 1.91588136274368 1.14373264904134 1.48100039362907 1.05223235208541 0.957099473336712
1.34231028612703 0.991685416782275 1.0477323285304 1.28839036263525 1.1550479773432 1.92709428165108 1.05244426196441 1.50682012480684 1.29351595952176 1.61796505283564 1.02048343233764 1.05283099948429 1.66946780774742 0 1.16951365768909 1.87998166144826 1.22121813893318 1.57532738195732 1.2735066418536 1.43786796438508 1.67047606711276 1.28060040506534 1.85909404908307 1.91979991947301 1.34656528872438 0.990434685023502 1.20461656549014 1.87497510341927 1.93933282094076 1.07361751561984
1.14182311971672 1.68477662932128 1.00896041980013 1.95050819427706 0.956907214131206 1.94201730308123 1.7401066638995 1.25740018230863 1.43606031360105 1.04263545572758 1.4074635442812 1.66687843366526 1.38192911446095 1.16951365768909 0 1.34028473449871 1.01033156760968 1.19044045126066 1.28656599950045 1.00935257319361 1.42463272949681 1.36298229801469 1.89115364244208 1.52928443369456 1.52018453297205 1.35994440037757 1.57566828117706 1.04561606235802 1.69916073721834 1.63358075288124
1.74067661887966 1.27429244131781 1.93209572019987 1.19354244717397 1.29174543800764 1.51516322535463 1.91330998460762 1.33612087625079 1.65731824049726 1.41839943593368 1.58291847887449 1.83352028066292 1.2459980729036 1.87998166144826 1.34028473449871 0 1.86878090421669 1.36843766248785 1.58538911980577 1.55938202608377 1.12886948394589 1.67545029637404 1.54957296815701 1.62817939417437 0.967463948996738 1.66816771891899 1.26738267880864 1.92970086494461 1.65657993406057 1.71970771811903
1.32313059293665 1.10721159377135 1.91264779726043 1.67335367761552 1.89953530672938 1.31884263455868 1.62979355687276 1.39997165696695 1.04022642597556 1.26806753687561 1.91487456648611 1.1364856287837 1.20252870023251 1.22121813893318 1.01033156760968 1.86878090421669 0 1.02528501767665 1.13581401156262 1.42600060254335 1.49015042628162 1.58455863571726 1.56647186400369 1.80288885952905 1.37456068838947 1.23431979655288 1.29395166574977 1.42258977913298 1.71525758178905 1.44518411136232
1.13668075646274 1.67492408188991 1.06024902826175 1.61541765928268 1.57713748188689 1.63008728576824 1.66874980437569 1.12724173744209 1.29744615056552 1.8073107842356 1.23844507709146 1.04912795615382 1.35807892587036 1.57532738195732 1.19044045126066 1.36843766248785 1.02528501767665 0 1.85652512055822 1.94921006890945 1.44087427225895 1.36818460258655 1.18273814441636 1.16992805222981 1.43184466310777 1.41480225650594 1.65385506255552 1.93952981196344 1.07835939992219 1.67252065287903
1.32390112127177 1.91877615638077 1.10715861688368 1.6253504161723 1.13480957248248 1.6765320498962 1.68839779193513 1.9269670357462 1.69937652512453 1.7920297102537 1.43968654074706 1.18974162265658 1.04608672298491 1.2735066418536 1.28656599950045 1.58538911980577 1.13581401156262 1.85652512055822 0 0.959511546650901 1.61214255169034 1.38977921474725 1.34088366990909 1.78348139883019 1.03089662943967 1.04300803970546 1.07857579248957 1.41875241417438 1.94629006134346 1.45840028603561
1.12062540347688 1.86570079205558 1.72439160244539 1.21042040968314 1.7122869703453 1.1967284984421 1.28915833169594 1.0668766470626 1.0786888350267 1.70749625633471 1.47678035125136 1.08895216137171 1.77678120229393 1.43786796438508 1.00935257319361 1.55938202608377 1.42600060254335 1.94921006890945 0.959511546650901 0 1.11605681129731 1.43218121840619 1.39800123102032 1.77700062142685 1.48180841840804 1.27358508482575 1.85930221481249 0.992855960736051 1.37859600037336 1.04669514112175
0.971596034709364 1.69547589193098 1.31162446760572 1.13823636597954 1.2345732501708 1.59911064640619 1.89449151232839 1.91472639096901 1.75247423024848 1.06205964833498 1.80361294047907 1.10946917696856 1.64026713860221 1.67047606711276 1.42463272949681 1.12886948394589 1.49015042628162 1.44087427225895 1.61214255169034 1.11605681129731 0 1.02093840879388 1.50918176863343 1.34016341040842 0.992528316564858 1.65410455642268 1.13536755600944 1.01977465278469 1.44980998151004 1.39359738724306
1.04872883460484 1.68355761747807 1.41253253864124 1.57823040056974 1.38176823197864 1.50738008413464 1.25512282410637 1.55972741707228 1.62375322123989 0.979579331586137 1.4263920376543 1.14064870867878 1.43579119886272 1.28060040506534 1.36298229801469 1.67545029637404 1.58455863571726 1.36818460258655 1.38977921474725 1.43218121840619 1.02093840879388 0 1.49111803714186 1.53433136316016 1.85846384451725 1.19344206037931 1.01546605257317 1.79198953229934 1.3485730162356 1.14008992956951
1.31302984221838 1.76123551721685 1.50124458246864 1.48513575945981 1.84270842885599 0.955603977432474 1.18928707903251 1.36013533780351 1.23690311843529 1.35250433348119 1.58242383669131 1.42810245091096 1.83837017021142 1.85909404908307 1.89115364244208 1.54957296815701 1.56647186400369 1.18273814441636 1.34088366990909 1.39800123102032 1.50918176863343 1.49111803714186 0 1.29541809414513 1.44859795994125 1.73132238327526 1.07821272197179 1.0370716007892 1.41578072519042 1.25949318404309
1.89478788827546 1.90386495715939 1.91588813159615 0.968162346631289 1.06697037629783 1.93724227766506 1.62868933402933 1.54471884085797 1.50712340185419 1.30891135870479 1.65949260885827 1.42722524749115 1.18531517544761 1.91979991947301 1.52928443369456 1.62817939417437 1.80288885952905 1.16992805222981 1.78348139883019 1.77700062142685 1.34016341040842 1.53433136316016 1.29541809414513 0 1.64312576991506 1.54640906560235 1.15212651737966 1.03705548588187 1.11437943577766 1.79825644870289
1.52588526438922 1.67728960863315 1.27688432880677 1.91220527468249 1.70672824815847 1.2550385214854 1.01453284942545 1.71665026247501 1.31327266478911 1.43583476869389 1.8988687179517 1.63339185155928 1.73767133010551 1.34656528872438 1.52018453297205 0.967463948996738 1.37456068838947 1.43184466310777 1.03089662943967 1.48180841840804 0.992528316564858 1.85846384451725 1.44859795994125 1.64312576991506 0 1.37684064125642 1.51882839738391 1.74943890585564 1.50085154315457 1.39425437594764
1.85589981335215 1.64429486030713 1.45731575903483 1.52186376159079 1.54396726284176 1.44565627165139 1.26505301333964 1.07837275974452 1.42557074991055 1.8207538111601 1.63652700837702 1.7123695621267 1.91588136274368 0.990434685023502 1.35994440037757 1.66816771891899 1.23431979655288 1.41480225650594 1.04300803970546 1.27358508482575 1.65410455642268 1.19344206037931 1.73132238327526 1.54640906560235 1.37684064125642 0 1.29697407851927 1.58297768817283 0.978288958314806 1.8119650313165
1.23416461935267 1.00024667591788 1.90975427743979 0.984776702942327 1.01389887952246 1.56618624273688 1.54629021696746 1.35356145026162 1.76025161496364 1.92308951029554 1.88248675083742 1.16201579407789 1.14373264904134 1.20461656549014 1.57566828117706 1.26738267880864 1.29395166574977 1.65385506255552 1.07857579248957 1.85930221481249 1.13536755600944 1.01546605257317 1.07821272197179 1.15212651737966 1.51882839738391 1.29697407851927 0 1.30456174700521 1.39280571043491 1.51813179301098
1.6286168997176 1.48260291665792 1.31890569278039 1.83738294709474 1.84841348300688 1.0781340689864 1.013603792293 1.37666256725788 1.21509612235241 1.05108214518987 1.44619767484255 0.974340889370069 1.48100039362907 1.87497510341927 1.04561606235802 1.92970086494461 1.42258977913298 1.93952981196344 1.41875241417438 0.992855960736051 1.01977465278469 1.79198953229934 1.0370716007892 1.03705548588187 1.74943890585564 1.58297768817283 1.30456174700521 0 1.58553295349702 1.18409537314437
1.0194303272292 1.43744723009877 0.954605033155531 1.43893656786531 1.89674911298789 1.28835240472108 1.5666627776809 1.11928325193003 1.27695163572207 1.22824615007266 1.39235086389817 1.27488933713175 1.05223235208541 1.93933282094076 1.69916073721834 1.65657993406057 1.71525758178905 1.07835939992219 1.94629006134346 1.37859600037336 1.44980998151004 1.3485730162356 1.41578072519042 1.11437943577766 1.50085154315457 0.978288958314806 1.39280571043491 1.58553295349702 0 1.73451281455345
1.5507662629243 1.81061831652187 1.61601987876929 1.78183180652559 1.02800323185511 1.09779845387675 1.18637096183375 1.94375067250803 1.53632464958355 1.55743135069497 1.71344583504833 1.56371787190437 0.957099473336712 1.07361751561984 1.63358075288124 1.71970771811903 1.44518411136232 1.67252065287903 1.45840028603561 1.04669514112175 1.39359738724306 1.14008992956951 1.25949318404309 1.79825644870289 1.39425437594764 1.8119650313165 1.51813179301098 1.18409537314437 1.73451281455345 0
