0 1.58982972311787 1.10367696662433 0.958498988999054 1.12086264882237 1.87871902016923 1.47148664970882 1.88761147018522 1.56325184437446 1.40160674671642 1.45166520494968 1.39300450263545 1.33548293006606 1.56967635522597 1.58602631348185 1.49389565130696 1.52192500978708 1.51129502942786 1.01338538480923 1.53680892474949 1.73564749350771 1.74655879312195 1.8275438095443 1.46107777487487 1.22470694244839 1.15260372124612 0.970823642099276 1.06774468440562 1.78574846033007 1.6874516713433
1.58982972311787 0 1.10277346847579 1.20263232896104 1.89337340835482 1.02630175231025 1.21366944350302 1.61734026437625 1.09594983188435 0.998384431237355 1.94246543990448 1.38649102230556 1.01547503005713 1.54868852766231 1.08624414657243 1.70788414194249 1.37071187305264 0.969843553146347 1.74167754082009 1.26893029455096 0.949089116416872 1.02199742686935 1.9438492320478 1.6201409639325 1.0867587539833 1.81715213693678 0.971247659996152 1.35489104408771 1.11213754094206 1.90981825673953
1.10367696662433 1.10277346847579 0 1.80965238809586 1.01967172161676 1.24367310362868 1.70141670736484 1.1012254441157 1.02568330289796 1.66319530038163 1.53416635468602 1.25428701541387 1.85919741052203 1.69852671562694 1.76705016288906 1.54450383596122 1.88156373007223 1.47931400197558 1.9410109356977 1.1091934479773 1.62393612950109 1.73558135377243 1.94678195845336 1.60942266741768 1.46165155642666 1.50156183284707 1.06412745872512 1.83320320467465 1.68591381353326 1.45084462221712
0.958498988999054 1.20263232896104 1.80965238809586 0 0.996339299948886 1.74094002181664 1.88979567424394 1.39399137743749 1.87189637450501 1.77279693842866 1.59633433283307 1.7096406663768 1.52534266235307 1.24183516087942 1.50363576761447 1.91011792235076 1.03276827232912 1.15645391563885 1.18335637380369 1.55453111114912 1.89852937008254 1.47335921786726 1.80713458429091 1.62671759398654 1.48340652487241 1.68707316927612 1.90397068927996 1.73673151107505 1.3386111643631 1.83286558883265
1.12086264882237 1.89337340835482 1.01967172161676 0.996339299948886 0 1.36144595895894 1.68160564103164 1.71853660233319 1.02286187862046 1.02005912619643 1.924680150114 1.89334694342688 1.53023417317308 1.48979040374979 1.41021504206583 1.45458274730481 1.4421648371499 1.77306230412796 1.86207446525805 1.04388376371935 1.77868226380087 1.73288452555425 1.68880302691832 1.69836274604313 1.18942814460024 1.10023301420733 1.16784914233722 1.05414819228463 1.93431810219772 1.75539577822201
1.87871902016923 1.02630175231025 1.24367310362868 1.74094002181664 1.36144595895894 0 1.39790816698223 1.51297658495605 1.54800515365787 1.88798714289442 1.71417793468572 1.19050878169946 1.43049940606579 1.59860965632834 1.80675618280657 1.88639278174378 1.41699197445996 1.8142108975444 1.45895544672385 1.12861883081496 1.56965775531717 0.977750977966934 1.17000167025253 1.40658751898445 1.53428126941435 1.84113596170209 1.07219438278116 1.9060895552393 1.82660717773251 1.73096723714843
1.47148664970882 1.21366944350302 1.70141670736484 1.88979567424394 1.68160564103164 1.39790816698223 0 1.69458948611282 1.19731843844056 1.25434312992729 1.87868665484712 1.90867294929922 1.4525994497817 1.87363289459608 1.25835192808881 1.50672188471071 1.79855041531846 1.53421216015704 1.0874394311104 0.965039472328499 0.960718761663884 1.21314429491758 1.90960860182531 1.91719061508775 1.60533367469907 0.99257614905946 1.41495667700656 1.78858110494912 1.67601697030477 1.43485211604275
1.88761147018522 1.61734026437625 1.1012254441157 1.39399137743749 1.71853660233319 1.51297658495605 1.69458948611282 0 1.66525844857097 1.04110315954313 1.21220882469788 1.25496875797398 0.960937706986442 1.22025613766164 1.52059116144665 0.951450022403151 1.54646968329325 1.80798029876314 1.32266943505965 1.69942682399414 1.77778225345537 1.64977264869958 1.34258845727891 1.00664422172122 1.92963160411455 1.37324408604763 1.67159875319339 1.37076004850678 1.48233313090168 1.28961412748322
1.56325184437446 1.09594983188435 1.02568330289796 1.87189637450501 1.02286187862046 1.54800515365787 1.19731843844056 1.66525844857097 0 1.14674818422645 1.57898778608069 0.959685984766111 1.86713744630106 1.45751387113705 1.37164968019351 1.69878798816353 1.4168751554098 1.46468479302712 1.54548517451622 0.987050544237718 1.15686283074319 1.65817809686996 1.69762286171317 1.11003394052386 1.82456885860302 1.2611890162807 1.93691795621999 1.54975707619451 1.54048983007669 1.55838698707521
1.40160674671642 0.998384431237355 1.66319530038163 1.77279693842866 1.02005912619643 1.88798714289442 1.25434312992729 1.04110315954313 1.14674818422645 0 1.07463516737334 1.23469088505954 1.1374787944369 1.7947229242418 1.35069662099704 1.10547242639586 1.77664536982775 1.89315593894571 1.24419659283012 1.90480258502066 1.7557571970392 1.23065983294509 1.73414990771562 0.983879365958273 1.67510842788033 1.68279121047817 1.66177059453912 0.963731670053676 1.46549281664193 1.91208319435827
1.45166520494968 1.94246543990448 1.53416635468602 1.59633433283307 1.924680150114 1.71417793468572 1.87868665484712 1.21220882469788 1.57898778608069 1.07463516737334 0 1.74202189361677 1.32761987578124 1.55012683663517 1.53885569865815 1.33234015782364 1.20176881854422 1.10720173385926 1.07743941061199 1.00392588693649 1.5740719975438 1.49338429118507 1.54872049530968 1.50867897737771 0.948129854397848 1.36957459244877 1.07404588023201 0.961546894861385 1.38441188633442 1.06547543825582
1.39300450263545 1.38649102230556 1.25428701541387 1.7096406663768 1.89334694342688 1.19050878169946 1.90867294929922 1.25496875797398 0.959685984766111 1.23469088505954 1.74202189361677 0 1.44570864434354 1.55388089385815 1.01447021053173 1.77440024376847 1.43006197316572 1.91630017501302 1.19152563251555 1.62075763219036 1.10060414508916 1.31632938166149 1.90990705764852 0.984333896078169 1.7407575850375 1.05822725431062 1.7253086399287 1.24437232408673 1.33322821417823 1.12856134166941
1.33548293006606 1.01547503005713 1.85919741052203 1.52534266235307 1.53023417317308 1.43049940606579 1.4525994497817 0.960937706986442 1.86713744630106 1.1374787944369 1.32761987578124 1.44570864434354 0 1.93600351875648 1.57918320549652 1.86065462022088 1.71517215692438 1.78001368977129 1.11513034137897 1.03752760612406 0.977518315892667 1.2790939998813 1.87411121279001 1.84345126571134 1.25661852909252 0.947477092035115 1.78376400424168 1.40666832216084 0.985458104405552 1.3918662762735
1.56967635522597 1.54868852766231 1.69852671562694 1.24183516087942 1.48979040374979 1.59860965632834 1.87363289459608 1.22025613766164 1.45751387113705 1.7947229242418 1.55012683663517 1.55388089385815 1.93600351875648 0 1.36866333079524 1.61379411770031 1.83999521424994 1.34004141925834 1.11554309655912 1.40878663677722 1.00487854401581 1.39081297861412 1.84789847722277 1.82808555196971 1.54599858517759 1.16755329002626 1.73307576403022 1.69113638694398 1.71551062865183 1.90542528149672
1.58602631348185 1.08624414657243 1.76705016288906 1.50363576761447 1.41021504206583 1.80675618280657 1.25835192808881 1.52059116144665 1.37164968019351 1.35069662099704 1.53885569865815 1.01447021053173 1.57918320549652 1.36866333079524 0 1.02200542832725 1.73283381969668 1.2484967962373 1.62242165068164 1.69510399526916 1.83261165278964 1.12453969637863 1.89253528043628 1.79214793373831 1.30111058126204 1.86359005980194 1.33143002074212 1.19502285472117 1.38826695270836 1.64630229980685
1.49389565130696 1.70788414194249 1.54450383596122 1.91011792235076 1.45458274730481 1.88639278174378 1.50672188471071 0.951450022403151 1.69878798816353 1.10547242639586 1.33234015782364 1.77440024376847 1.86065462022088 1.61379411770031 1.02200542832725 0 1.36438655783422 1.688097496517 1.08050255873241 1.60400403407402 1.10045324778184 1.45909313415177 1.29154492798261 1.08594419853762 1.72674428927712 1.61978194932453 1.86961194616742 1.2147930811625 1.5828306528274 1.24608882912435
1.52192500978708 1.37071187305264 1.88156373007223 1.03276827232912 1.4421648371499 1.41699197445996 1.79855041531846 1.54646968329325 1.4168751554098 1.77664536982775 1.20176881854422 1.43006197316572 1.71517215692438 1.83999521424994 1.73283381969668 1.36438655783422 0 1.04482331569307 1.9466225609649 1.59665257763118 1.49608486425132 1.80286500183865 1.60203752247617 0.994836144847795 1.0297331486363 1.36760363704525 1.7868672022596 1.18308152654208 1.67204892891459 1.71210712008178
1.51129502942786 0.969843553146347 1.47931400197558 1.15645391563885 1.77306230412796 1.8142108975444 1.53421216015704 1.80798029876314 1.46468479302712 1.89315593894571 1.10720173385926 1.91630017501302 1.78001368977129 1.34004141925834 1.2484967962373 1.688097496517 1.04482331569307 0 1.77281416323967 1.7989956268575 1.32757221139036 1.24490553047508 1.6129314887803 1.6787734546233 1.86817717016675 1.41595353605226 1.82388418866321 1.45514108962379 1.90271668904461 1.43868171586655
1.01338538480923 1.74167754082009 1.9410109356977 1.18335637380369 1.86207446525805 1.45895544672385 1.0874394311104 1.32266943505965 1.54548517451622 1.24419659283012 1.07743941061199 1.19152563251555 1.11513034137897 1.11554309655912 1.62242165068164 1.08050255873241 1.9466225609649 1.77281416323967 0 1.85270306840539 1.49763197172433 1.93332206993364 1.42865279456601 1.40695461304858 1.49950206908397 0.9937840977218 1.82098153792322 1.21586221177131 1.20376906380989 1.56207570643164
1.53680892474949 1.26893029455096 1.1091934479773 1.55453111114912 1.04388376371935 1.12861883081496 0.965039472328499 1.69942682399414 0.987050544237718 1.90480258502066 1.00392588693649 1.62075763219036 1.03752760612406 1.40878663677722 1.69510399526916 1.60400403407402 1.59665257763118 1.7989956268575 1.85270306840539 0 1.44171256455593 1.40582245122641 1.64558034995571 1.42103933938779 1.24647480039857 1.45062045869417 1.72779756318778 1.86992097017355 1.65814047236927 1.86526948912069
1.73564749350771 0.949089116416872 1.62393612950109 1.89852937008254 1.77868226380087 1.56965775531717 0.960718761663884 1.77778225345537 1.15686283074319 1.7557571970392 1.5740719975438 1.10060414508916 0.977518315892667 1.00487854401581 1.83261165278964 1.10045324778184 1.49608486425132 1.32757221139036 1.49763197172433 1.44171256455593 0 1.25469008483924 1.77596945920959 1.81867604982108 1.34099370590411 1.50788419973105 1.61046014586464 1.57429981091991 1.08607633784413 1.31536754826084
1.74655879312195 1.02199742686935 1.73558135377243 1.47335921786726 1.73288452555425 0.977750977966934 1.21314429491758 1.64977264869958 1.65817809686996 1.23065983294509 1.49338429118507 1.31632938166149 1.2790939998813 1.39081297861412 1.12453969637863 1.45909313415177 1.80286500183865 1.24490553047508 1.93332206993364 1.40582245122641 1.25469008483924 0 1.57839722093195 1.55056249233894 0.98523071478121 1.21946118096821 1.34787078108639 1.09666658751667 1.84393659885973 1.86266059055924
1.8275438095443 1.9438492320478 1.94678195845336 1.80713458429091 1.68880302691832 1.17000167025253 1.90960860182531 1.34258845727891 1.69762286171317 1.73414990771562 1.54872049530968 1.90990705764852 1.87411121279001 1.84789847722277 1.89253528043628 1.29154492798261 1.60203752247617 1.6129314887803 1.42865279456601 1.64558034995571 1.77596945920959 1.57839722093195 0 1.78804043936543 1.91641778731719 1.82375659118406 1.12939064763486 1.76287878747098 1.50462587364018 1.07648867834359
1.46107777487487 1.6201409639325 1.60942266741768 1.62671759398654 1.69836274604313 1.40658751898445 1.91719061508775 1.00664422172122 1.11003394052386 0.983879365958273 1.50867897737771 0.984333896078169 1.84345126571134 1.82808555196971 1.79214793373831 1.08594419853762 0.994836144847795 1.6787734546233 1.40695461304858 1.42103933938779 1.81867604982108 1.55056249233894 1.78804043936543 0 1.68123605055735 1.28999869688414 1.58303626067936 1.38044086587615 1.1778320085723 1.92239078576677
1.22470694244839 1.0867587539833 1.46165155642666 1.48340652487241 1.18942814460024 1.53428126941435 1.60533367469907 1.92963160411455 1.82456885860302 1.67510842788033 0.948129854397848 1.7407575850375 1.25661852909252 1.54599858517759 1.30111058126204 1.72674428927712 1.0297331486363 1.86817717016675 1.49950206908397 1.24647480039857 1.34099370590411 0.98523071478121 1.91641778731719 1.68123605055735 0 1.64965050923638 1.05303282337263 1.90967674925923 0.9785629902035 1.75964767066762
1.15260372124612 1.81715213693678 1.50156183284707 1.68707316927612 1.10023301420733 1.84113596170209 0.99257614905946 1.37324408604763 1.2611890162807 1.68279121047817 1.36957459244877 1.05822725431062 0.947477092035115 1.16755329002626 1.86359005980194 1.61978194932453 1.36760363704525 1.41595353605226 0.9937840977218 1.45062045869417 1.50788419973105 1.21946118096821 1.82375659118406 1.28999869688414 1.64965050923638 0 1.93652406777255 1.79530387115665 1.46360171865672 1.32767074671574
0.970823642099276 0.971247659996152 1.06412745872512 1.90397068927996 1.16784914233722 1.07219438278116 1.41495667700656 1.67159875319339 1.93691795621999 1.66177059453912 1.07404588023201 1.7253086399287 1.78376400424168 1.73307576403022 1.33143002074212 1.86961194616742 1.7868672022596 1.82388418866321 1.82098153792322 1.72779756318778 1.61046014586464 1.34787078108639 1.12939064763486 1.58303626067936 1.05303282337263 1.93652406777255 0 1.04277137340978 1.87354144244455 1.73427783395164
1.06774468440562 1.35489104408771 1.83320320467465 1.73673151107505 1.05414819228463 1.9060895552393 1.78858110494912 1.37076004850678 1.54975707619451 0.963731670053676 0.961546894861385 1.24437232408673 1.40666832216084 1.69113638694398 1.19502285472117 1.2147930811625 1.18308152654208 1.45514108962379 1.21586221177131 1.86992097017355 1.57429981091991 1.09666658751667 1.76287878747098 1.38044086587615 1.90967674925923 1.79530387115665 1.04277137340978 0 0.963807410327718 1.34976227022707
1.78574846033007 1.11213754094206 1.68591381353326 1.3386111643631 1.93431810219772 1.82660717773251 1.67601697030477 1.48233313090168 1.54048983007669 1.46549281664193 1.38441188633442 1.33322821417823 0.985458104405552 1.71551062865183 1.38826695270836 1.5828306528274 1.67204892891459 1.90271668904461 1.20376906380989 1.65814047236927 1.08607633784413 1.84393659885973 1.50462587364018 1.1778320085723 0.9785629902035 1.46360171865672 1.87354144244455 0.963807410327718 0 1.82623049337417
1.6874516713433 1.90981825673953 1.45084462221712 1.83286558883265 1.75539577822201 1.73096723714843 1.43485211604275 1.28961412748322 1.55838698707521 1.91208319435827 1.06547543825582 1.12856134166941 1.3918662762735 1.90542528149672 1.64630229980685 1.24608882912435 1.71210712008178 1.43868171586655 1.56207570643164 1.86526948912069 1.31536754826084 1.86266059055924 1.07648867834359 1.92239078576677 1.75964767066762 1.32767074671574 1.73427783395164 1.34976227022707 1.82623049337417 0
