0 1.86949437716976 1.81979859154671 1.34357234975323 1.28511170274578 1.22157137910835 1.32284760917537 1.84404052048922 1.14343543141149 1.63831714983098 1.4891113161575 1.6665559692774 1.84695492498577 0.947448264108971 1.37320047966205 1.6224937683437 0.950987185817212 1.0523122344166 0.961042360635474 1.10723400954157 1.78141364897601 1.62688526464626 1.86646387469955 1.56047453661449 1.60388367250562 1.48344133188948 1.06709777982906 0.913675538497046 1.51115417899564 1.6423872015439
1.86949437716976 0 1.52963078930043 1.74149963818491 1.74051421345212 1.15548510150984 0.987691859249026 1.5121049892623 1.51145709212869 0.975304841995239 1.097863716539 1.55105598759837 1.65719337761402 1.30309828696772 1.46366369305179 1.24519042321481 1.04563445807435 1.42411525244825 1.10646732104942 1.57668507099152 1.3501906148158 1.12005937611684 1.19307419913821 0.974252241197973 1.05963232112117 1.13184818602167 1.80333740334027 1.82056860323064 1.4732206244953 1.27446097694337
1.81979859154671 1.52963078930043 0 1.59905442781746 1.63775593228638 1.65512591064908 1.5474933385849 0.962745937518775 1.59378378372639 1.30444680666551 0.916304383892566 1.5993519059848 1.30446144030429 1.50615823245607 1.79252041713335 1.02092970698141 1.25880157249048 1.60956112458371 1.86139260069467 1.27027037623338 1.27357798512094 1.59295519231819 1.44938103668392 0.996404346311465 1.47685690224171 1.3687058405485 1.27191713359207 0.986057869391516 1.04908505454659 1.87645492097363
1.34357234975323 1.74149963818491 1.59905442781746 0 1.25732420082204 1.68841275549494 1.568838278763 1.21871230565012 1.54106180462986 1.32922860817052 1.6826208983548 1.75649502896704 1.18300689570606 1.12643741792999 1.63778276881203 1.5881274798885 0.993657381506637 1.1891314832028 1.85026718326844 1.77833680179901 1.21146139735356 1.87391215842217 1.24889644701034 1.60549633321352 1.87588425702415 1.50183427636512 1.56178396823816 1.75879008811899 1.58561591245234 0.965115511789918
1.28511170274578 1.74051421345212 1.63775593228638 1.25732420082204 0 1.34389264928177 1.23152114730328 1.31871323543601 1.23270556889474 1.83159109926783 1.49612040421925 1.67745604831725 1.67863250989467 1.1247809829656 1.59478772617877 1.89821310294792 1.8720332516823 1.61554678995162 1.18702264409512 0.971231318078935 0.914140504784882 1.81521867425181 1.81778207374737 1.69935980485752 0.961257802322507 1.20177603745833 1.69056346989237 1.22824440849945 0.93909229314886 1.17484797653742
1.22157137910835 1.15548510150984 1.65512591064908 1.68841275549494 1.34389264928177 0 1.22376631828956 1.62133225472644 1.079664635472 1.43816726002842 0.927857773611322 0.993436105549335 1.11053462955169 1.52754845935851 1.8686153315939 0.990290109999478 1.3889892664738 1.2785499561578 1.57863773358986 1.22670804592781 1.22293398855254 1.77477604802698 1.52827419387177 1.64035998983309 1.8521282474976 1.08753270399757 1.86966580851004 1.42340558487922 1.81135609862395 1.60497251409106
1.32284760917537 0.987691859249026 1.5474933385849 1.568838278763 1.23152114730328 1.22376631828956 0 1.41607577376999 1.36971672135405 1.37273282255046 1.87882447498851 1.08092355402187 0.976352982921526 1.4989599888213 1.53435986698605 1.67630977975205 1.26760970172472 1.02183610224165 1.2528647587169 1.75522125419229 1.03321268595755 1.72705540363677 1.74393188441172 1.32075428892858 1.36142889875919 1.74943929654546 1.42772878683172 1.16343636601232 1.20781832560897 1.369788300246
1.84404052048922 1.5121049892623 0.962745937518775 1.21871230565012 1.31871323543601 1.62133225472644 1.41607577376999 0 1.56969562522136 0.983164395205677 1.39226642623544 0.942628864431754 1.81751468777657 1.27957593649626 1.53067098301835 1.29793338594027 1.05914788343944 1.21117996308021 1.47074826154858 1.48817845806479 1.14634012011811 1.23146513896063 1.20036099897698 1.16854192316532 1.30515735596418 1.68985762586817 1.41507427603938 1.71194956498221 0.945711769396439 1.74240232747979
1.14343543141149 1.51145709212869 1.59378378372639 1.54106180462986 1.23270556889474 1.079664635472 1.36971672135405 1.56969562522136 0 1.01535642007366 1.78736698883586 1.48975661350414 0.922942609060556 1.18300894298591 0.998850633157417 1.78327919938602 1.14465309632942 1.50737475487404 1.42107749264687 1.69104783562943 1.34849115600809 1.89873705850914 1.67029903340153 1.13845804147422 1.90433594305068 1.12596960226074 1.62169907754287 1.72058039763942 1.45533108711243 1.27306751371361
1.63831714983098 0.975304841995239 1.30444680666551 1.32922860817052 1.83159109926783 1.43816726002842 1.37273282255046 0.983164395205677 1.01535642007366 0 1.85507282847539 1.39020403381437 1.49932352616452 1.75302169681527 1.8452658331953 1.890812470112 1.30874663428403 1.71289922459982 1.22222559922375 1.80482834135182 1.61562287947163 1.57009673374705 1.22717622481287 1.64148585731164 1.62718245340511 1.2563035141211 1.01722506573424 1.84836930921301 1.14205849613063 1.36247121263295
1.4891113161575 1.097863716539 0.916304383892566 1.6826208983548 1.49612040421925 0.927857773611322 1.87882447498851 1.39226642623544 1.78736698883586 1.85507282847539 0 1.46124075585976 0.943796549225226 1.30343799712136 1.30836142925546 1.66021169070154 1.02219185116701 1.350756368367 1.57436909968965 1.06869309279136 1.48573208693415 1.90691416338086 1.48580332333222 1.84457776718773 0.979496887885034 1.48894511512481 1.52698286855593 1.13359409174882 1.79452004330233 1.38726264541037
1.6665559692774 1.55105598759837 1.5993519059848 1.75649502896704 1.67745604831725 0.993436105549335 1.08092355402187 0.942628864431754 1.48975661350414 1.39020403381437 1.46124075585976 0 1.36044237413444 1.3850467405282 1.53377419174649 1.21480525704101 0.913408420747146 1.04596133180894 1.52517077955417 1.8372222201433 1.24708469421603 1.18504192540422 1.07396207237616 1.16041599260643 1.32721218746156 1.21113592968322 1.7909220289439 1.57926872349344 1.53369488311 1.01272963057272
1.84695492498577 1.65719337761402 1.30446144030429 1.18300689570606 1.67863250989467 1.11053462955169 0.976352982921526 1.81751468777657 0.922942609060556 1.49932352616452 0.943796549225226 1.36044237413444 0 1.43900789576583 0.915728027699515 1.14006598829292 1.38028475479223 1.55210779164918 1.62517695687711 1.32826926838607 1.02610305906273 1.52312996564433 1.08333712513559 1.45553570659831 1.08783946209587 1.87744479207322 1.25489630759694 1.0037447263021 1.26104955282062 1.59398621111177
0.947448264108971 1.30309828696772 1.50615823245607 1.12643741792999 1.1247809829656 1.52754845935851 1.4989599888213 1.27957593649626 1.18300894298591 1.75302169681527 1.30343799712136 1.3850467405282 1.43900789576583 0 1.63274314301088 1.60700390068814 1.35330815427005 1.23998811352067 1.69671707949601 1.12430506804958 1.03991788695566 1.68924614740536 1.4655754910782 1.06824319716543 1.80337101314217 1.29832062544301 1.81641991063952 0.942459357669577 1.12713459506631 1.617469671648
1.37320047966205 1.46366369305179 1.79252041713335 1.63778276881203 1.59478772617877 1.8686153315939 1.53435986698605 1.53067098301835 0.998850633157417 1.8452658331953 1.30836142925546 1.53377419174649 0.915728027699515 1.63274314301088 0 1.89423360861838 1.75550656975247 1.37353594857268 1.36559700523503 1.74988595535979 0.937890125671402 1.78499236283824 1.39250190951861 1.63611736916937 1.27648709481582 1.24710144847631 1.22415842744522 1.30511798942462 1.1096470777411 1.63781292829663
1.6224937683437 1.24519042321481 1.02092970698141 1.5881274798885 1.89821310294792 0.990290109999478 1.67630977975205 1.29793338594027 1.78327919938602 1.890812470112 1.66021169070154 1.21480525704101 1.14006598829292 1.60700390068814 1.89423360861838 0 1.181713757338 1.02842847560532 1.46493561845273 1.78554259822704 1.29027914325707 1.37279424304143 1.71812877757475 1.09517308534123 1.8691981730517 1.90438320161775 1.79955987422727 1.07350083766505 1.82399937324226 1.40225709835067
0.950987185817212 1.04563445807435 1.25880157249048 0.993657381506637 1.8720332516823 1.3889892664738 1.26760970172472 1.05914788343944 1.14465309632942 1.30874663428403 1.02219185116701 0.913408420747146 1.38028475479223 1.35330815427005 1.75550656975247 1.181713757338 0 1.69457355840132 1.06138063035905 1.35725428117439 1.01055264868774 1.88962553325109 1.6176844316069 1.36910841218196 1.79637935664505 1.36721663014032 1.10920598637313 1.67826134525239 0.932940958533436 1.13872608891688
1.0523122344166 1.42411525244825 1.60956112458371 1.1891314832028 1.61554678995162 1.2785499561578 1.02183610224165 1.21117996308021 1.50737475487404 1.71289922459982 1.350756368367 1.04596133180894 1.55210779164918 1.23998811352067 1.37353594857268 1.02842847560532 1.69457355840132 0 1.73442067811266 0.96040744241327 1.69451277679764 1.52630320284516 1.28196013299748 1.74938964936882 1.11035121115856 1.63842355692759 1.02573230932467 1.48379124607891 1.05339778517373 1.78412170568481
0.961042360635474 1.10646732104942 1.86139260069467 1.85026718326844 1.18702264409512 1.57863773358986 1.2528647587169 1.47074826154858 1.42107749264687 1.22222559922375 1.57436909968965 1.52517077955417 1.62517695687711 1.69671707949601 1.36559700523503 1.46493561845273 1.06138063035905 1.73442067811266 0 1.76262439903803 1.39340294199064 1.79667083662935 1.5811654671561 1.01047321199439 1.8777353358455 1.840456251055 1.04634193726815 1.17584253754467 1.7353118613828 1.4761241148226
1.10723400954157 1.57668507099152 1.27027037623338 1.77833680179901 0.971231318078935 1.22670804592781 1.75522125419229 1.48817845806479 1.69104783562943 1.80482834135182 1.06869309279136 1.8372222201433 1.32826926838607 1.12430506804958 1.74988595535979 1.78554259822704 1.35725428117439 0.96040744241327 1.76262439903803 0 1.80179248936474 1.79759124177508 1.53227649978362 1.23446607938968 1.28809804283082 0.93115604412742 0.998888071393594 1.51006397604942 1.32888759067282 1.54606739222072
1.78141364897601 1.3501906148158 1.27357798512094 1.21146139735356 0.914140504784882 1.22293398855254 1.03321268595755 1.14634012011811 1.34849115600809 1.61562287947163 1.48573208693415 1.24708469421603 1.02610305906273 1.03991788695566 0.937890125671402 1.29027914325707 1.01055264868774 1.69451277679764 1.39340294199064 1.80179248936474 0 1.79647650243714 1.13417367474176 1.72527949442156 1.45660178409889 1.17718029208481 1.06762017891742 1.23171623819508 0.952636102680117 1.75764183630235
1.62688526464626 1.12005937611684 1.59295519231819 1.87391215842217 1.81521867425181 1.77477604802698 1.72705540363677 1.23146513896063 1.89873705850914 1.57009673374705 1.90691416338086 1.18504192540422 1.52312996564433 1.68924614740536 1.78499236283824 1.37279424304143 1.88962553325109 1.52630320284516 1.79667083662935 1.79759124177508 1.79647650243714 0 1.44573090528138 1.83376874960959 1.19126919191331 1.84735884331167 0.966975699877366 1.06260655703954 1.60473613999784 1.51211223681457
1.86646387469955 1.19307419913821 1.44938103668392 1.24889644701034 1.81778207374737 1.52827419387177 1.74393188441172 1.20036099897698 1.67029903340153 1.22717622481287 1.48580332333222 1.07396207237616 1.08333712513559 1.4655754910782 1.39250190951861 1.71812877757475 1.6176844316069 1.28196013299748 1.5811654671561 1.53227649978362 1.13417367474176 1.44573090528138 0 1.49170595430769 1.88414262863807 1.80470806197263 1.75005628587678 1.53470981237479 1.50158409704454 1.79901273828
1.56047453661449 0.974252241197973 0.996404346311465 1.60549633321352 1.69935980485752 1.64035998983309 1.32075428892858 1.16854192316532 1.13845804147422 1.64148585731164 1.84457776718773 1.16041599260643 1.45553570659831 1.06824319716543 1.63611736916937 1.09517308534123 1.36910841218196 1.74938964936882 1.01047321199439 1.23446607938968 1.72527949442156 1.83376874960959 1.49170595430769 0 1.37652116315439 1.78515150281601 1.85409849905409 1.79395182360895 1.19111210969277 1.28655034676194
1.60388367250562 1.05963232112117 1.47685690224171 1.87588425702415 0.961257802322507 1.8521282474976 1.36142889875919 1.30515735596418 1.90433594305068 1.62718245340511 0.979496887885034 1.32721218746156 1.08783946209587 1.80337101314217 1.27648709481582 1.8691981730517 1.79637935664505 1.11035121115856 1.8777353358455 1.28809804283082 1.45660178409889 1.19126919191331 1.88414262863807 1.37652116315439 0 1.69064851454459 1.75457235355861 1.58390830457211 1.35550003661774 1.27688906341791
1.48344133188948 1.13184818602167 1.3687058405485 1.50183427636512 1.20177603745833 1.08753270399757 1.74943929654546 1.68985762586817 1.12596960226074 1.2563035141211 1.48894511512481 1.21113592968322 1.87744479207322 1.29832062544301 1.24710144847631 1.90438320161775 1.36721663014032 1.63842355692759 1.840456251055 0.93115604412742 1.17718029208481 1.84735884331167 1.80470806197263 1.78515150281601 1.69064851454459 0 1.20935372705571 1.4394835268613 1.06420400016941 1.44972587609664
1.06709777982906 1.80333740334027 1.27191713359207 1.56178396823816 1.69056346989237 1.86966580851004 1.42772878683172 1.41507427603938 1.62169907754287 1.01722506573424 1.52698286855593 1.7909220289439 1.25489630759694 1.81641991063952 1.22415842744522 1.79955987422727 1.10920598637313 1.02573230932467 1.04634193726815 0.998888071393594 1.06762017891742 0.966975699877366 1.75005628587678 1.85409849905409 1.75457235355861 1.20935372705571 0 0.991464089136571 1.89707664866 1.83008402655832
0.913675538497046 1.82056860323064 0.986057869391516 1.75879008811899 1.22824440849945 1.42340558487922 1.16343636601232 1.71194956498221 1.72058039763942 1.84836930921301 1.13359409174882 1.57926872349344 1.0037447263021 0.942459357669577 1.30511798942462 1.07350083766505 1.67826134525239 1.48379124607891 1.17584253754467 1.51006397604942 1.23171623819508 1.06260655703954 1.53470981237479 1.79395182360895 1.58390830457211 1.4394835268613 0.991464089136571 0 1.17872126377188 1.21113997302018
1.51115417899564 1.4732206244953 1.04908505454659 1.58561591245234 0.93909229314886 1.81135609862395 1.20781832560897 0.945711769396439 1.45533108711243 1.14205849613063 1.79452004330233 1.53369488311 1.26104955282062 1.12713459506631 1.1096470777411 1.82399937324226 0.932940958533436 1.05339778517373 1.7353118613828 1.32888759067282 0.952636102680117 1.60473613999784 1.50158409704454 1.19111210969277 1.35550003661774 1.06420400016941 1.89707664866 1.17872126377188 0 1.1931867368985
1.6423872015439 1.27446097694337 1.87645492097363 0.965115511789918 1.17484797653742 1.60497251409106 1.369788300246 1.74240232747979 1.27306751371361 1.36247121263295 1.38726264541037 1.01272963057272 1.59398621111177 1.617469671648 1.63781292829663 1.40225709835067 1.13872608891688 1.78412170568481 1.4761241148226 1.54606739222072 1.75764183630235 1.51211223681457 1.79901273828 1.28655034676194 1.27688906341791 1.44972587609664 1.83008402655832 1.21113997302018 1.1931867368985 0
