0 1.93634309899062 1.07501307362691 1.22472459985875 1.82009845459834 1.7755584390834 1.48769385367632 1.15483278152533 1.55809070449322 1.62462127488106 1.63036590535194 1.00789997191168 1.3245281195268 1.49981978372671 1.83043335098773 1.4472798446659 1.34694625227712 1.59512875275686 1.79302117484622 1.16663917829283 1.1015899151098 1.56705183209851 1.29686980741099 1.88856653450057 1.02495957491919 1.4537230913993 1.70253643020988 1.92262851004489 1.84489338472486 1.52144942898303
1.93634309899062 0 1.31076443335041 0.97785201924853 1.59292119229212 1.88929374702275 1.39321124157868 1.1638422452379 1.43364845542237 1.47904437314719 1.08894292660989 1.24252122151665 1.92286847485229 1.86649634479545 1.29534062882885 1.03073776653036 1.34070975426584 1.42780270637013 1.93247230118141 1.71739074890502 1.0938300602138 1.51604112028144 1.69908014102839 1.76026289840229 1.0385662780609 1.11044197180308 1.55111086624674 1.33874748740345 1.68650829396211 1.62566515454091
1.07501307362691 1.31076443335041 0 1.46864365483634 1.12872699438594 0.986735859420151 0.981573633151129 1.39967144443654 1.52595553640276 1.35672776610591 1.8320750517305 1.89848541258834 1.04998834757134 1.74048883910291 1.02854019519873 1.59105809149332 1.96609975537285 1.90171822719276 1.07593365898356 1.55072111380287 1.08493169746362 1.16869897418655 1.09404058894143 0.977086221799254 1.59669355326332 1.23603146523237 1.04537460394204 1.76632956438698 1.48676314391196 1.89385056286119
1.22472459985875 0.97785201924853 1.46864365483634 0 1.11492654588073 1.10411689151078 1.42144617484882 1.03865072107874 1.2312951204367 1.59613559418358 1.83787423209287 1.62346087675542 1.80037389136851 1.94542388408445 1.76731006382033 1.94755422347225 1.37353782635182 1.00369059294462 1.20798702654429 1.60149987484328 1.34059514151886 1.49367516697384 1.03020465909503 1.19960626517422 1.68181366636418 1.00763810030185 1.04288570652716 1.26038361573592 0.99304186902009 1.2119108196348
1.82009845459834 1.59292119229212 1.12872699438594 1.11492654588073 0 1.68557871459052 1.93610949069262 1.67593775200658 1.54382523987442 1.10127886733972 1.40891578607261 1.11311994818971 1.91761157684959 1.94003175222315 1.13441349333152 1.12610324355774 1.73251900076866 1.13543379982002 1.38192457100376 1.8449719788041 1.84830335271545 1.186553475447 1.21378851355985 1.94074825313874 1.6837400442455 1.01292839413509 1.20706881862134 1.60001564119011 1.38607872184366 1.22841823589988
1.7755584390834 1.88929374702275 0.986735859420151 1.10411689151078 1.68557871459052 0 1.58201754488982 1.51691956724972 1.87372673791833 1.12899785279296 1.81749775633216 1.86638517491519 1.60942778969184 1.71234731655568 1.59288288489915 1.20494049601257 1.59308942896314 1.16060613305308 0.98002186184749 1.08078723703511 0.986700114561245 1.35706289228983 1.90245767496526 1.534111316083 1.37141309678555 1.37729647220112 1.15472655184567 1.04259549500421 1.24651960097253 1.25557073950768
1.48769385367632 1.39321124157868 0.981573633151129 1.42144617484882 1.93610949069262 1.58201754488982 0 1.75899247918278 1.25491208024323 1.84532462363131 1.86414407636039 1.58206451451406 1.78735234751366 0.980787692358717 1.73071849695407 1.39874934102409 1.06927941180766 1.14764526276849 1.82495726644993 1.53296806081198 1.31559283519164 1.43998182541691 1.65002483874559 1.63919211667962 1.4021414052695 1.47945696022362 1.60108756902628 1.58461840520613 1.14265779801644 1.62097621196881
1.15483278152533 1.1638422452379 1.39967144443654 1.03865072107874 1.67593775200658 1.51691956724972 1.75899247918278 0 1.2014882825315 1.08656652783975 1.47807880979963 1.13065959722735 1.3088736217469 0.981601590523496 1.54416872048751 1.86801149183884 1.26397872017696 1.23148001241498 1.29314177040942 1.68608254543506 1.87808781652711 1.84013846330345 1.62745361425914 1.56231100554578 1.52232333109714 1.75304561899975 1.59919070033357 1.78931938973255 1.54961580224335 1.31594581599347
1.55809070449322 1.43364845542237 1.52595553640276 1.2312951204367 1.54382523987442 1.87372673791833 1.25491208024323 1.2014882825315 0 1.47028668993153 1.03380016819574 1.3186354204081 1.28777875564992 1.55321670393459 1.06849118927494 1.36585702584125 1.04606429743581 1.17617665440775 1.75639488175511 1.36206867732108 1.55452178209089 1.93430501478724 0.987392097013071 0.992239543702453 1.60982025950216 1.60443328111432 1.96585296560079 1.95800184295513 1.07658252352849 1.57240571407601
1.62462127488106 1.47904437314719 1.35672776610591 1.59613559418358 1.10127886733972 1.12899785279296 1.84532462363131 1.08656652783975 1.47028668993153 0 1.10547694005072 1.60105336597189 1.11952787823975 1.78737748088315 1.27302155597135 1.107238892233 1.833894074196 1.65496877254918 1.90399349224754 1.72418730473146 1.74358294578269 1.63385560014285 1.06797039625235 1.32125220820308 1.59977612574585 1.65628246450797 1.71993545466103 1.12138201459311 1.62478381232359 1.70339793595485
1.63036590535194 1.08894292660989 1.8320750517305 1.83787423209287 1.40891578607261 1.81749775633216 1.86414407636039 1.47807880979963 1.03380016819574 1.10547694005072 0 1.92092576785944 1.73690790077671 1.93675940157846 1.1068950954359 1.96226453804411 1.41865542600863 1.10974936187267 1.33238692418672 1.25613297452219 1.64874040801078 1.86722833663225 0.996369944419712 1.46371103171259 1.16378799686208 1.4056525924243 1.47962879273109 0.989976608660072 1.17527187406085 1.63318738085218
1.00789997191168 1.24252122151665 1.89848541258834 1.62346087675542 1.11311994818971 1.86638517491519 1.58206451451406 1.13065959722735 1.3186354204081 1.60105336597189 1.92092576785944 0 1.87517923186533 1.93618382629938 1.2250034341123 1.40783203183673 1.18850629287772 1.91896338574588 1.09261336107738 1.63160859677009 1.70089878467843 1.02548195724376 1.11723298067227 0.982480176724494 1.08610623469576 1.42545163934119 1.02748185489327 1.88975099427626 0.985590942203999 1.29576928983442
1.3245281195268 1.92286847485229 1.04998834757134 1.80037389136851 1.91761157684959 1.60942778969184 1.78735234751366 1.3088736217469 1.28777875564992 1.11952787823975 1.73690790077671 1.87517923186533 0 1.71256680646911 1.22475997521542 1.40647273650393 1.5046433582902 1.93143723881803 1.9093757821247 1.22330383490771 1.79781994223595 1.42950961412862 1.50700843683444 1.47638390213251 1.22259820625186 1.7375642969273 1.60895719029941 1.30653940490447 1.78229087009095 1.6060810207855
1.49981978372671 1.86649634479545 1.74048883910291 1.94542388408445 1.94003175222315 1.71234731655568 0.980787692358717 0.981601590523496 1.55321670393459 1.78737748088315 1.93675940157846 1.93618382629938 1.71256680646911 0 1.6341125771869 1.2024983598385 1.94560260348953 1.92598482896574 1.05206019710749 1.2027413980104 1.78396940324455 1.5752637272235 1.67040721839294 1.74409053497948 0.978295018430799 1.57763710501604 1.96133416728117 1.7298275011126 1.24223703541793 1.73086020769551
1.83043335098773 1.29534062882885 1.02854019519873 1.76731006382033 1.13441349333152 1.59288288489915 1.73071849695407 1.54416872048751 1.06849118927494 1.27302155597135 1.1068950954359 1.2250034341123 1.22475997521542 1.6341125771869 0 1.6634934451431 1.56751662422903 1.73329738853499 1.44629412447102 1.49501507263631 1.24660347728059 1.72038649884053 1.69367917627096 1.49183093570173 1.08727941499092 1.73576208250597 1.35763272177428 1.56915515125729 1.63634747220203 1.36088656471111
1.4472798446659 1.03073776653036 1.59105809149332 1.94755422347225 1.12610324355774 1.20494049601257 1.39874934102409 1.86801149183884 1.36585702584125 1.107238892233 1.96226453804411 1.40783203183673 1.40647273650393 1.2024983598385 1.6634934451431 0 1.13207530416548 1.95478062913753 1.90665596025065 1.95887016505003 1.14968821592629 1.00875484151766 1.9501100780908 1.19387453817762 1.8995619637426 1.58360773953609 1.25384532799944 1.42707490269095 1.42358863563277 1.60024501523003
1.34694625227712 1.34070975426584 1.96609975537285 1.37353782635182 1.73251900076866 1.59308942896314 1.06927941180766 1.26397872017696 1.04606429743581 1.833894074196 1.41865542600863 1.18850629287772 1.5046433582902 1.94560260348953 1.56751662422903 1.13207530416548 0 1.11096110730432 1.94511136505753 0.979031145572662 1.80679476098157 1.03550366661511 1.71247092820704 1.86807074770331 1.21436566859484 1.41662502544932 1.56534630688839 1.07098444923759 1.72481748624705 1.27992443018593
1.59512875275686 1.42780270637013 1.90171822719276 1.00369059294462 1.13543379982002 1.16060613305308 1.14764526276849 1.23148001241498 1.17617665440775 1.65496877254918 1.10974936187267 1.91896338574588 1.93143723881803 1.92598482896574 1.73329738853499 1.95478062913753 1.11096110730432 0 0.993986413115636 1.6089521413669 1.88446449139155 1.88915728777647 1.18344256398268 1.41435689758509 1.11259540519677 1.52806994318962 1.44655944337137 1.32256668107584 1.80866374541074 1.76022177608684
1.79302117484622 1.93247230118141 1.07593365898356 1.20798702654429 1.38192457100376 0.98002186184749 1.82495726644993 1.29314177040942 1.75639488175511 1.90399349224754 1.33238692418672 1.09261336107738 1.9093757821247 1.05206019710749 1.44629412447102 1.90665596025065 1.94511136505753 0.993986413115636 0 1.41914342809469 1.96672197640873 1.25741333281621 1.49184563616291 1.25759980664589 1.59081229474396 1.22578829689883 1.42780950898305 1.38078209222294 1.35286111827008 1.0206034926232
1.16663917829283 1.71739074890502 1.55072111380287 1.60149987484328 1.8449719788041 1.08078723703511 1.53296806081198 1.68608254543506 1.36206867732108 1.72418730473146 1.25613297452219 1.63160859677009 1.22330383490771 1.2027413980104 1.49501507263631 1.95887016505003 0.979031145572662 1.6089521413669 1.41914342809469 0 1.29017702396959 1.24532689712942 1.91975305206142 1.56526043987833 1.21003365260549 1.18830015743151 1.11877370928414 1.52692413842306 1.91423154133372 1.46214908431284
1.1015899151098 1.0938300602138 1.08493169746362 1.34059514151886 1.84830335271545 0.986700114561245 1.31559283519164 1.87808781652711 1.55452178209089 1.74358294578269 1.64874040801078 1.70089878467843 1.79781994223595 1.78396940324455 1.24660347728059 1.14968821592629 1.80679476098157 1.88446449139155 1.96672197640873 1.29017702396959 0 1.73186062090099 1.64139360375702 1.71420786343515 1.77016015164554 1.1534134238027 1.76531194685958 1.02485698857345 1.94349786010571 1.74098974140361
1.56705183209851 1.51604112028144 1.16869897418655 1.49367516697384 1.186553475447 1.35706289228983 1.43998182541691 1.84013846330345 1.93430501478724 1.63385560014285 1.86722833663225 1.02548195724376 1.42950961412862 1.5752637272235 1.72038649884053 1.00875484151766 1.03550366661511 1.88915728777647 1.25741333281621 1.24532689712942 1.73186062090099 0 1.8872460834682 1.38367117918096 1.49903165409341 1.29087201459333 1.53038737433963 1.1082744714804 1.36823978414759 1.6955055615399
1.29686980741099 1.69908014102839 1.09404058894143 1.03020465909503 1.21378851355985 1.90245767496526 1.65002483874559 1.62745361425914 0.987392097013071 1.06797039625235 0.996369944419712 1.11723298067227 1.50700843683444 1.67040721839294 1.69367917627096 1.9501100780908 1.71247092820704 1.18344256398268 1.49184563616291 1.91975305206142 1.64139360375702 1.8872460834682 0 1.4116262444295 1.11569176474586 1.15249991044402 1.52927225711755 1.39127936353907 1.310882744845 1.82475189259276
1.88856653450057 1.76026289840229 0.977086221799254 1.19960626517422 1.94074825313874 1.534111316083 1.63919211667962 1.56231100554578 0.992239543702453 1.32125220820308 1.46371103171259 0.982480176724494 1.47638390213251 1.74409053497948 1.49183093570173 1.19387453817762 1.86807074770331 1.41435689758509 1.25759980664589 1.56526043987833 1.71420786343515 1.38367117918096 1.4116262444295 0 1.45948712574318 1.78529318398796 1.5738448286429 1.01345587940887 1.28113990346901 1.30410237121396
1.02495957491919 1.0385662780609 1.59669355326332 1.68181366636418 1.6837400442455 1.37141309678555 1.4021414052695 1.52232333109714 1.60982025950216 1.59977612574585 1.16378799686208 1.08610623469576 1.22259820625186 0.978295018430799 1.08727941499092 1.8995619637426 1.21436566859484 1.11259540519677 1.59081229474396 1.21003365260549 1.77016015164554 1.49903165409341 1.11569176474586 1.45948712574318 0 1.93094796664082 1.72625162405893 1.95433423947543 1.96304115280509 1.27295401808806
1.4537230913993 1.11044197180308 1.23603146523237 1.00763810030185 1.01292839413509 1.37729647220112 1.47945696022362 1.75304561899975 1.60443328111432 1.65628246450797 1.4056525924243 1.42545163934119 1.7375642969273 1.57763710501604 1.73576208250597 1.58360773953609 1.41662502544932 1.52806994318962 1.22578829689883 1.18830015743151 1.1534134238027 1.29087201459333 1.15249991044402 1.78529318398796 1.93094796664082 0 1.74130781320855 1.43813875387423 1.3802395791281 1.55009425873868
1.70253643020988 1.55111086624674 1.04537460394204 1.04288570652716 1.20706881862134 1.15472655184567 1.60108756902628 1.59919070033357 1.96585296560079 1.71993545466103 1.47962879273109 1.02748185489327 1.60895719029941 1.96133416728117 1.35763272177428 1.25384532799944 1.56534630688839 1.44655944337137 1.42780950898305 1.11877370928414 1.76531194685958 1.53038737433963 1.52927225711755 1.5738448286429 1.72625162405893 1.74130781320855 0 1.8470130416099 1.74586409004405 1.79732413357124
1.92262851004489 1.33874748740345 1.76632956438698 1.26038361573592 1.60001564119011 1.04259549500421 1.58461840520613 1.78931938973255 1.95800184295513 1.12138201459311 0.989976608660072 1.88975099427626 1.30653940490447 1.7298275011126 1.56915515125729 1.42707490269095 1.07098444923759 1.32256668107584 1.38078209222294 1.52692413842306 1.02485698857345 1.1082744714804 1.39127936353907 1.01345587940887 1.95433423947543 1.43813875387423 1.8470130416099 0 1.35952899581753 1.43346059462056
1.84489338472486 1.68650829396211 1.48676314391196 0.99304186902009 1.38607872184366 1.24651960097253 1.14265779801644 1.54961580224335 1.07658252352849 1.62478381232359 1.17527187406085 0.985590942203999 1.78229087009095 1.24223703541793 1.63634747220203 1.42358863563277 1.72481748624705 1.80866374541074 1.35286111827008 1.91423154133372 1.94349786010571 1.36823978414759 1.310882744845 1.28113990346901 1.96304115280509 1.3802395791281 1.74586409004405 1.35952899581753 0 1.78777837310918
1.52144942898303 1.62566515454091 1.89385056286119 1.2119108196348 1.22841823589988 1.25557073950768 1.62097621196881 1.31594581599347 1.57240571407601 1.70339793595485 1.63318738085218 1.29576928983442 1.6060810207855 1.73086020769551 1.36088656471111 1.60024501523003 1.27992443018593 1.76022177608684 1.0206034926232 1.46214908431284 1.74098974140361 1.6955055615399 1.82475189259276 1.30410237121396 1.27295401808806 1.55009425873868 1.79732413357124 1.43346059462056 1.78777837310918 0
