0 1.26414905511774 1.76317729288712 1.47844298370183 1.79625550191849 1.43874672544189 1.20353050413541 1.20628815027885 1.38706720317714 1.9398737361189 1.83705845265649 1.22457582759671 1.67778626410291 1.3122352771461 1.02440810506232 1.46017359639518 0.984788716072217 1.05486314650625 1.37007526797242 1.78624847228639 1.78413517028093 1.51203558128327 1.1140261029359 1.20269140228629 1.53310884535313 1.73936754954048 1.18505111779086 1.77276006923057 1.33753428119235 1.88470499636605
1.26414905511774 0 1.57129210047424 1.09724797215313 1.07561134197749 1.38450709963217 1.32362744491547 1.61945759411901 1.75525035848841 1.7038225880824 1.67965874029323 1.68050399795175 1.29592744051479 1.35678419051692 1.6904866383411 1.30493796709925 1.06113733560778 1.27278472413309 1.35253440611996 1.38251916272566 1.12468625092879 1.90148436743766 1.23513861815445 1.35440020170063 1.67554442631081 1.68705950467847 0.997552011627704 1.44045173283666 1.71316195628606 1.91564383427612
1.76317729288712 1.57129210047424 0 1.9525751019828 1.54372218390927 1.36284005385824 1.35407957690768 1.73806941043586 1.16574526508339 1.07965767243877 1.3789900643751 1.31109475228004 1.03739106515422 1.08039663662203 1.89838046440855 1.85533315874636 0.99827180779539 1.46468682796694 1.46614553988911 1.6914721170906 1.03522915323265 1.66383106471039 1.5826515071094 1.3995431822259 1.14669084292836 1.68648979533464 1.08978452626616 1.6377961258404 1.61532863229513 1.91573677328415
1.47844298370183 1.09724797215313 1.9525751019828 0 1.30403810669668 0.983510359888896 1.58748547360301 1.04736950900406 1.87398720509373 1.0026126105804 1.75958125526085 1.71169257140718 1.42807566933334 1.53544001700357 1.6303288647905 1.68334855907597 0.954303294187412 1.0607238325756 1.91969464649446 1.7684443204198 1.84690610086545 1.94136539683677 0.973954471526667 1.93079246440902 1.40014686854556 1.19958076043986 1.26572175440378 1.1989350868389 1.37271318933927 1.85239141783677
1.79625550191849 1.07561134197749 1.54372218390927 1.30403810669668 0 1.65885328641161 1.50717225531116 1.09661708027124 1.21624534437433 1.92789848870598 1.34434272511862 0.954227486625314 1.80796618922614 1.46909136231989 1.31941101001576 1.13876449153759 1.87465385277756 1.21536472113803 1.23332501389086 1.32809757324867 1.44661531038582 1.09242230653763 1.63402171782218 1.4196219923906 1.2682808812242 0.997125862631947 1.82314362097532 1.32880828343332 1.65249007148668 1.8141388760414
1.43874672544189 1.38450709963217 1.36284005385824 0.983510359888896 1.65885328641161 0 1.94735499471426 1.44877136219293 1.14605045155622 1.80822390969843 1.55311573902145 1.81843795860186 1.78772704885341 1.8686529956758 0.994946028338745 1.356106354855 1.22166773607023 1.21359738963656 1.4620714278426 1.69230847223662 1.11540568200871 0.960811047116295 1.72373818908818 1.41607655561529 1.31595859327354 1.15044139744714 1.76564353448339 1.14438050682656 1.85618444858119 1.57728838501498
1.20353050413541 1.32362744491547 1.35407957690768 1.58748547360301 1.50717225531116 1.94735499471426 0 1.86706114024855 1.53164868499152 1.73585407086648 1.52256419719197 1.47730595129542 1.05280047934502 1.85151515901089 1.50627000606619 1.82761464663781 1.56794604985043 1.0534990245942 1.72571333893575 1.31261907611042 1.12034459644929 1.0680443351157 1.24964826926589 1.71119097876363 1.41598074603826 1.53829700849019 1.92811203794554 1.7960483324714 1.37986463867128 1.57885780488141
1.20628815027885 1.61945759411901 1.73806941043586 1.04736950900406 1.09661708027124 1.44877136219293 1.86706114024855 0 1.3251118818298 1.01803043601103 1.52878572139889 1.75330223725177 1.47363484185189 1.40856278943829 1.36543777096085 1.24102643691003 1.25738845323212 1.07844303455204 1.43606021767482 1.70834547886625 1.74280543788336 1.57653609942645 1.29152543842793 1.87453890405595 1.04868476558477 1.41159669402987 1.4316835179925 1.45994513342157 1.12924596783705 1.53308882680722
1.38706720317714 1.75525035848841 1.16574526508339 1.87398720509373 1.21624534437433 1.14605045155622 1.53164868499152 1.3251118818298 0 1.8792950308416 1.09892216743901 1.47235161182471 1.27089211088605 0.954067976446822 0.955584902781993 1.38543346710503 1.58567936136387 1.2128593144007 1.93456707289442 1.34380993829109 1.80588856176473 1.34684909973294 0.999324330827221 1.87451001093723 1.03791232197545 1.32935609295964 1.22410600469448 1.03270009136759 1.67766602477059 1.35006360081024
1.9398737361189 1.7038225880824 1.07965767243877 1.0026126105804 1.92789848870598 1.80822390969843 1.73585407086648 1.01803043601103 1.8792950308416 0 1.76855192962103 1.31271333200857 1.42946080584079 1.38226236845367 1.58056936366484 1.72196957678534 1.26484286994673 1.90083227632567 0.979592845309526 1.89626426715404 1.41944429534487 1.03964800573885 1.13031056826003 1.64566594455391 1.7739019964356 1.33448324492201 1.54716434259899 1.92577628558502 1.40072985412553 1.85365651664324
1.83705845265649 1.67965874029323 1.3789900643751 1.75958125526085 1.34434272511862 1.55311573902145 1.52256419719197 1.52878572139889 1.09892216743901 1.76855192962103 0 1.87873511691578 1.94146428047679 1.57721956446767 1.16300553688779 1.53916316386312 1.32817581179552 1.10104916547425 1.00939435511827 1.19359418470412 1.93394919577986 1.24388901074417 1.21665911609307 1.18531365413219 1.6930762315169 1.07621792657301 1.67893009609543 1.0910169952549 1.14461138332263 1.18133879522793
1.22457582759671 1.68050399795175 1.31109475228004 1.71169257140718 0.954227486625314 1.81843795860186 1.47730595129542 1.75330223725177 1.47235161182471 1.31271333200857 1.87873511691578 0 1.6718530592043 1.51611901144497 1.3104229925666 1.07475355314091 1.69680720614269 1.45935597526841 1.27373031154275 1.11296114488505 1.61569593846798 1.51297893421724 1.60861346428283 1.48356622760184 1.44734882446937 1.40353294438682 1.73605783330277 1.10650249896571 0.984156001126394 1.88264230708592
1.67778626410291 1.29592744051479 1.03739106515422 1.42807566933334 1.80796618922614 1.78772704885341 1.05280047934502 1.47363484185189 1.27089211088605 1.42946080584079 1.94146428047679 1.6718530592043 0 1.09139308403246 1.31336359377019 1.38902206136845 1.753097838955 1.68312657834031 1.06663910648786 1.21039819717407 1.01717443787493 1.07790036848746 1.94212499656714 1.53113901708275 1.0873502579052 1.56098347599618 1.55275606666692 1.71377114159986 1.07471097237431 1.26084668538533
1.3122352771461 1.35678419051692 1.08039663662203 1.53544001700357 1.46909136231989 1.8686529956758 1.85151515901089 1.40856278943829 0.954067976446822 1.38226236845367 1.57721956446767 1.51611901144497 1.09139308403246 0 1.58132692519575 1.71401209942997 1.0909830275923 1.12974394625053 1.58693043189123 1.49793432815932 1.53826204733923 1.39026598469354 1.3935096047353 1.53558232751675 1.94520812481642 1.59169514570385 1.48685361421667 1.65427406458184 1.35307500814088 1.86292272922583
1.02440810506232 1.6904866383411 1.89838046440855 1.6303288647905 1.31941101001576 0.994946028338745 1.50627000606619 1.36543777096085 0.955584902781993 1.58056936366484 1.16300553688779 1.3104229925666 1.31336359377019 1.58132692519575 0 1.35115275788121 1.1556439017877 1.44224042235874 1.6674032448791 1.78032388514839 1.19164780038409 1.86896444368176 0.964583990629762 1.25023043621331 1.00200595706701 1.79385404847562 1.57288923882879 0.969467486254871 1.02922464348376 1.60568730137311
1.46017359639518 1.30493796709925 1.85533315874636 1.68334855907597 1.13876449153759 1.356106354855 1.82761464663781 1.24102643691003 1.38543346710503 1.72196957678534 1.53916316386312 1.07475355314091 1.38902206136845 1.71401209942997 1.35115275788121 0 1.37616623169743 1.4328452302143 1.76749454438686 1.85405664774589 1.66567453439347 1.6842064561788 1.53537495038472 1.37692139483988 1.72035542293452 1.76613010372967 1.27803698577918 1.10472765169106 1.83228472573683 1.84417181531899
0.984788716072217 1.06113733560778 0.99827180779539 0.954303294187412 1.87465385277756 1.22166773607023 1.56794604985043 1.25738845323212 1.58567936136387 1.26484286994673 1.32817581179552 1.69680720614269 1.753097838955 1.0909830275923 1.1556439017877 1.37616623169743 0 1.7463442129083 1.17054224153981 1.78552191425115 1.22483539045788 1.16599962906912 1.47609415533952 1.14985020249151 1.93809777870774 1.95316721359268 1.88452483993024 1.81681407056749 1.44420469598845 1.38644036534242
1.05486314650625 1.27278472413309 1.46468682796694 1.0607238325756 1.21536472113803 1.21359738963656 1.0534990245942 1.07844303455204 1.2128593144007 1.90083227632567 1.10104916547425 1.45935597526841 1.68312657834031 1.12974394625053 1.44224042235874 1.4328452302143 1.7463442129083 0 1.52234268467873 1.67145873443224 1.92651077709161 1.69491349346936 1.25277281482704 1.79328195331618 1.38647103379481 1.35000804369338 1.7340312381275 1.42112839804031 1.62430765200406 1.95045332354493
1.37007526797242 1.35253440611996 1.46614553988911 1.91969464649446 1.23332501389086 1.4620714278426 1.72571333893575 1.43606021767482 1.93456707289442 0.979592845309526 1.00939435511827 1.27373031154275 1.06663910648786 1.58693043189123 1.6674032448791 1.76749454438686 1.17054224153981 1.52234268467873 0 1.9196443867404 1.65468269120902 1.04892585752532 1.28287331969477 1.54024763358757 1.43608914152719 1.33770436467603 1.03010796243325 1.55823034700006 1.12048438377678 1.37658359506167
1.78624847228639 1.38251916272566 1.6914721170906 1.7684443204198 1.32809757324867 1.69230847223662 1.31261907611042 1.70834547886625 1.34380993829109 1.89626426715404 1.19359418470412 1.11296114488505 1.21039819717407 1.49793432815932 1.78032388514839 1.85405664774589 1.78552191425115 1.67145873443224 1.9196443867404 0 1.87629934353754 1.39343260508031 1.25263628037646 1.44232334126718 1.21193287032656 0.989089596318081 1.55806605494581 1.73581626871601 1.77763990592211 1.80058988765813
1.78413517028093 1.12468625092879 1.03522915323265 1.84690610086545 1.44661531038582 1.11540568200871 1.12034459644929 1.74280543788336 1.80588856176473 1.41944429534487 1.93394919577986 1.61569593846798 1.01717443787493 1.53826204733923 1.19164780038409 1.66567453439347 1.22483539045788 1.92651077709161 1.65468269120902 1.87629934353754 0 1.58640026696958 1.25556526193395 1.60341602750123 1.80927968979813 1.07043817779049 1.1736610813532 1.20921425637789 1.81209696293809 0.983072343748063
1.51203558128327 1.90148436743766 1.66383106471039 1.94136539683677 1.09242230653763 0.960811047116295 1.0680443351157 1.57653609942645 1.34684909973294 1.03964800573885 1.24388901074417 1.51297893421724 1.07790036848746 1.39026598469354 1.86896444368176 1.6842064561788 1.16599962906912 1.69491349346936 1.04892585752532 1.39343260508031 1.58640026696958 0 1.71276859776117 1.58563874894753 1.10320295300335 1.49964580591768 1.04164719558321 1.82586236018687 0.963942213682458 1.32374307629652
1.1140261029359 1.23513861815445 1.5826515071094 0.973954471526667 1.63402171782218 1.72373818908818 1.24964826926589 1.29152543842793 0.999324330827221 1.13031056826003 1.21665911609307 1.60861346428283 1.94212499656714 1.3935096047353 0.964583990629762 1.53537495038472 1.47609415533952 1.25277281482704 1.28287331969477 1.25263628037646 1.25556526193395 1.71276859776117 0 1.11821124795824 1.55005724378861 1.6384730397258 1.38942594407126 1.16585650551133 1.34726842329837 1.43618289800361
1.20269140228629 1.35440020170063 1.3995431822259 1.93079246440902 1.4196219923906 1.41607655561529 1.71119097876363 1.87453890405595 1.87451001093723 1.64566594455391 1.18531365413219 1.48356622760184 1.53113901708275 1.53558232751675 1.25023043621331 1.37692139483988 1.14985020249151 1.79328195331618 1.54024763358757 1.44232334126718 1.60341602750123 1.58563874894753 1.11821124795824 0 1.71304627112113 1.03418647963554 1.15087912417948 0.990162634756416 1.09463023860008 1.1279897831846
1.53310884535313 1.67554442631081 1.14669084292836 1.40014686854556 1.2682808812242 1.31595859327354 1.41598074603826 1.04868476558477 1.03791232197545 1.7739019964356 1.6930762315169 1.44734882446937 1.0873502579052 1.94520812481642 1.00200595706701 1.72035542293452 1.93809777870774 1.38647103379481 1.43608914152719 1.21193287032656 1.80927968979813 1.10320295300335 1.55005724378861 1.71304627112113 0 1.87971507874317 1.85250515397638 1.57216313225217 1.89175834832713 1.48859273199923
1.73936754954048 1.68705950467847 1.68648979533464 1.19958076043986 0.997125862631947 1.15044139744714 1.53829700849019 1.41159669402987 1.32935609295964 1.33448324492201 1.07621792657301 1.40353294438682 1.56098347599618 1.59169514570385 1.79385404847562 1.76613010372967 1.95316721359268 1.35000804369338 1.33770436467603 0.989089596318081 1.07043817779049 1.49964580591768 1.6384730397258 1.03418647963554 1.87971507874317 0 1.70118608791381 1.01155965705402 1.31807021819986 1.91963968402706
1.18505111779086 0.997552011627704 1.08978452626616 1.26572175440378 1.82314362097532 1.76564353448339 1.92811203794554 1.4316835179925 1.22410600469448 1.54716434259899 1.67893009609543 1.73605783330277 1.55275606666692 1.48685361421667 1.57288923882879 1.27803698577918 1.88452483993024 1.7340312381275 1.03010796243325 1.55806605494581 1.1736610813532 1.04164719558321 1.38942594407126 1.15087912417948 1.85250515397638 1.70118608791381 0 1.27034708717838 1.55473275156692 1.32951814564876
1.77276006923057 1.44045173283666 1.6377961258404 1.1989350868389 1.32880828343332 1.14438050682656 1.7960483324714 1.45994513342157 1.03270009136759 1.92577628558502 1.0910169952549 1.10650249896571 1.71377114159986 1.65427406458184 0.969467486254871 1.10472765169106 1.81681407056749 1.42112839804031 1.55823034700006 1.73581626871601 1.20921425637789 1.82586236018687 1.16585650551133 0.990162634756416 1.57216313225217 1.01155965705402 1.27034708717838 0 1.83648730791174 0.981365912826732
1.33753428119235 1.71316195628606 1.61532863229513 1.37271318933927 1.65249007148668 1.85618444858119 1.37986463867128 1.12924596783705 1.67766602477059 1.40072985412553 1.14461138332263 0.984156001126394 1.07471097237431 1.35307500814088 1.02922464348376 1.83228472573683 1.44420469598845 1.62430765200406 1.12048438377678 1.77763990592211 1.81209696293809 0.963942213682458 1.34726842329837 1.09463023860008 1.89175834832713 1.31807021819986 1.55473275156692 1.83648730791174 0 0.985277921892703
1.88470499636605 1.91564383427612 1.91573677328415 1.85239141783677 1.8141388760414 1.57728838501498 1.57885780488141 1.53308882680722 1.35006360081024 1.85365651664324 1.18133879522793 1.88264230708592 1.26084668538533 1.86292272922583 1.60568730137311 1.84417181531899 1.38644036534242 1.95045332354493 1.37658359506167 1.80058988765813 0.983072343748063 1.32374307629652 1.43618289800361 1.1279897831846 1.48859273199923 1.91963968402706 1.32951814564876 0.981365912826732 0.985277921892703 0
