0 1.05732800578699 1.25228951126337 1.11090046376921 1.53086109482683 1.8687431300059 1.63631673483178 1.86193979647942 1.75191792100668 1.07089876406826 1.18219268671237 1.42572225467302 1.4569512589369 1.38107825885527 1.10196233890019 1.35248262085952 0.996153567451984 1.66929830377921 1.25573949865066 0.980187990237027 1.11456871777773 1.0978393398691 1.41587317944504 1.88243953720666 1.38092826958746 1.74376146961004 0.933225001441315 1.13582176528871 1.3435487349052 0.950819110032171
1.05732800578699 0 0.930984353879467 1.12217934662476 1.16005637263879 1.54265964194201 1.62860382907093 1.26139872102067 0.932869860436767 1.47677851677872 1.66506237187423 0.97511522192508 1.01781025761738 1.44503185502253 1.77859491389245 0.957486760569736 1.47447598446161 1.02694721962325 1.17492634616792 1.8785162800923 1.16515268362127 1.30953562958166 0.930912989890203 1.40558341308497 1.91911941347644 1.57651705550961 1.16126205376349 1.06785050733015 1.61408400000073 1.15941756893881
1.25228951126337 0.930984353879467 0 1.46891054417938 1.76056424924172 1.83823871845379 1.13316624215804 1.88152712164447 1.02985360356979 1.52421867102385 1.69190909946337 1.28425523871556 1.0744363903068 1.102280437015 1.73306768783368 1.8884711144492 1.88626801874489 1.55598520697095 1.1931323017925 1.19251322932541 0.93829321465455 1.26011951337568 1.55324379005469 1.15410557994619 1.29991268203594 1.59325173357502 1.0330591048114 1.23968552239239 1.2971745391842 1.1553282502573
1.11090046376921 1.12217934662476 1.46891054417938 0 1.29272209969349 1.75711476011202 1.22697804053314 1.13022534782067 1.46051809005439 1.51525287679397 0.945790572091937 1.597520098323 1.90098901488818 1.7970174588263 1.2978941577021 1.60282727144659 1.11762848007493 0.970588823314756 1.02782319253311 1.06469023926184 1.21895978227258 1.1246111211367 1.35088591440581 1.37554157013074 1.91477409261279 1.56098099634983 1.24467770894989 1.17944183573127 1.42763393628411 1.31908120331354
1.53086109482683 1.16005637263879 1.76056424924172 1.29272209969349 0 1.67218760075048 1.85163756483234 1.01532247220166 1.67175835603848 0.937537454999983 1.55276058800519 1.15404432266951 1.06978414021432 1.025271612918 0.985350551316515 1.84266429487616 1.17456407868303 1.59817794128321 1.60598277626559 1.06672492879443 1.05719837616198 1.67302533728071 0.931628223275766 1.36847867630422 1.87601012620144 1.63292646920308 0.948718611383811 1.91463652485982 1.30794030171819 1.1583838458173
1.8687431300059 1.54265964194201 1.83823871845379 1.75711476011202 1.67218760075048 0 1.40911720623262 1.76465796749108 1.07604828872718 1.47732471372001 1.51084623276256 1.36778134969063 1.04576111002825 1.67401651549153 0.998565965564921 1.25100300670601 1.86934736720286 1.14100377890281 1.49746338184923 1.16878360928968 1.83753275987692 1.18595532514155 1.1075532627292 1.30475591332652 1.63169165723957 1.56723466189578 1.37053343607113 1.37053267285228 0.984216386917979 1.21950974618085
1.63631673483178 1.62860382907093 1.13316624215804 1.22697804053314 1.85163756483234 1.40911720623262 0 1.00612981151789 1.17504674755037 1.06936167203821 1.07731971004978 1.72960589616559 1.54077951377258 1.02396203554235 1.623370972462 1.43161051394418 1.11141501530074 1.2888704398647 1.23876034305431 1.63951602671295 1.20228397171013 1.2744596300181 1.53691049176268 1.10846425010823 0.9544836897403 1.40740529354662 1.8024664549157 1.57561602280475 1.26133380550891 1.51428506663069
1.86193979647942 1.26139872102067 1.88152712164447 1.13022534782067 1.01532247220166 1.76465796749108 1.00612981151789 0 1.65918380673975 1.18382562953047 1.25750986416824 1.05892594950274 0.981491196434945 1.56525411526673 1.39571417006664 1.316629947396 1.00767025584355 1.56329264934175 0.968247853918001 1.58574249548838 1.43187294248492 1.7294258531183 1.36606572009623 1.91168896248564 1.33023123582825 1.06038708984852 1.10369423846714 1.2909078928642 1.2223431551829 1.70849984465167
1.75191792100668 0.932869860436767 1.02985360356979 1.46051809005439 1.67175835603848 1.07604828872718 1.17504674755037 1.65918380673975 0 1.60835006670095 1.72436759364791 1.34557434357703 1.36425694264472 1.89824967482127 1.72864224133082 1.86032573599368 1.37347303540446 1.17350365407765 1.3815874683205 0.99901886144653 1.81854067277163 1.23600282776169 1.05130270170048 1.07518838276155 1.48919624928385 1.64083177736029 1.25135359773412 1.45112049998716 1.17970384401269 1.34090918279253
1.07089876406826 1.47677851677872 1.52421867102385 1.51525287679397 0.937537454999983 1.47732471372001 1.06936167203821 1.18382562953047 1.60835006670095 0 1.77782200323418 1.27424674364738 0.963541965465993 1.77252599806525 0.99674458662048 1.86252555274405 0.972773088142276 1.2777144301217 1.74468115158379 1.21422025840729 1.04003445571288 1.15986991324462 1.74688560236245 1.51759266271256 0.967264730017632 1.49202934908681 1.1470978166908 1.489601993002 1.06298911524937 1.89304111851379
1.18219268671237 1.66506237187423 1.69190909946337 0.945790572091937 1.55276058800519 1.51084623276256 1.07731971004978 1.25750986416824 1.72436759364791 1.77782200323418 0 1.57696227030829 1.91725657624193 1.70947869238444 1.81309045758098 1.32654626411386 1.60030431882478 1.35253107477911 1.29221657454036 1.5571721419692 0.96279100398533 1.59374924236909 0.978014851920307 1.65246001956984 1.49985027103685 1.761829480296 1.26820921804756 1.10608346341178 1.61244529532269 0.994235467398539
1.42572225467302 0.97511522192508 1.28425523871556 1.597520098323 1.15404432266951 1.36778134969063 1.72960589616559 1.05892594950274 1.34557434357703 1.27424674364738 1.57696227030829 0 1.32909188326448 1.74786869063973 1.10807795845903 1.0884577028919 1.42957233707421 1.78111542016268 1.11487747798674 1.57095613982528 1.25007651769556 1.90647507412359 1.76599812996574 0.950631959829479 1.38834635913372 1.30332942050882 1.82453058636747 1.42867804435082 1.78376702498645 1.06121554551646
1.4569512589369 1.01781025761738 1.0744363903068 1.90098901488818 1.06978414021432 1.04576111002825 1.54077951377258 0.981491196434945 1.36425694264472 0.963541965465993 1.91725657624193 1.32909188326448 0 1.4462320629973 1.40535995224491 1.45913059613667 1.78593432484195 1.10440773842856 1.50902315485291 1.28084724955261 1.80173933203332 0.937825781293213 1.61128417402506 1.5740795279853 1.76290285075083 1.41111308499239 1.09147076006047 1.28829945577309 1.18082362203859 1.73738469346426
1.38107825885527 1.44503185502253 1.102280437015 1.7970174588263 1.025271612918 1.67401651549153 1.02396203554235 1.56525411526673 1.89824967482127 1.77252599806525 1.70947869238444 1.74786869063973 1.4462320629973 0 1.86448662518524 1.56989877880551 1.50209001987241 1.13497892022133 1.27612090599723 1.09676965116523 1.0563121305313 1.42849939409643 1.21408333140425 1.4303040355444 1.52134433202446 1.08420458715409 1.76402296870947 1.40959204942919 1.13044135714881 0.952451694756746
1.10196233890019 1.77859491389245 1.73306768783368 1.2978941577021 0.985350551316515 0.998565965564921 1.623370972462 1.39571417006664 1.72864224133082 0.99674458662048 1.81309045758098 1.10807795845903 1.40535995224491 1.86448662518524 0 0.998166545061395 1.24745852407068 1.30032823467627 1.44284184253775 1.54740716749802 1.45355495018885 1.68138499255292 1.72184569458477 1.89385162852705 1.56222183885984 0.978260672418401 1.51666331011802 1.79160299454816 1.54540892946534 1.03670899034478
1.35248262085952 0.957486760569736 1.8884711144492 1.60282727144659 1.84266429487616 1.25100300670601 1.43161051394418 1.316629947396 1.86032573599368 1.86252555274405 1.32654626411386 1.0884577028919 1.45913059613667 1.56989877880551 0.998166545061395 0 1.43780005467124 1.11557121947408 0.974213718436658 1.47287578717805 1.58992174477316 1.92334552318789 1.75109001831152 1.36215397762135 1.80853146477602 1.63027025572956 1.61664965981618 1.62622795416974 1.91426229174249 1.08468678034842
0.996153567451984 1.47447598446161 1.88626801874489 1.11762848007493 1.17456407868303 1.86934736720286 1.11141501530074 1.00767025584355 1.37347303540446 0.972773088142276 1.60030431882478 1.42957233707421 1.78593432484195 1.50209001987241 1.24745852407068 1.43780005467124 0 1.73061764147133 1.20807645400055 1.46980117866769 1.3941884378437 0.976837290450931 1.22209294140339 1.26744742132723 1.20289427414536 1.80269324965775 1.03447565925308 1.49369288398884 1.1324308491312 1.36267644050531
1.66929830377921 1.02694721962325 1.55598520697095 0.970588823314756 1.59817794128321 1.14100377890281 1.2888704398647 1.56329264934175 1.17350365407765 1.2777144301217 1.35253107477911 1.78111542016268 1.10440773842856 1.13497892022133 1.30032823467627 1.11557121947408 1.73061764147133 0 1.81445176829584 1.82475485047325 0.975404579425231 1.74994673347101 1.4022012965288 1.39399503450841 1.20144804590382 1.44194669486023 1.56305668479763 1.71605414990336 1.62030210858211 1.28168265009299
1.25573949865066 1.17492634616792 1.1931323017925 1.02782319253311 1.60598277626559 1.49746338184923 1.23876034305431 0.968247853918001 1.3815874683205 1.74468115158379 1.29221657454036 1.11487747798674 1.50902315485291 1.27612090599723 1.44284184253775 0.974213718436658 1.20807645400055 1.81445176829584 0 1.54457253566943 1.08303662459366 1.6379599138163 1.44468072592281 1.35022487258539 0.969373046886176 1.52423332794569 1.39829433243722 1.37447235081345 1.06718264147639 1.14240075089037
0.980187990237027 1.8785162800923 1.19251322932541 1.06469023926184 1.06672492879443 1.16878360928968 1.63951602671295 1.58574249548838 0.99901886144653 1.21422025840729 1.5571721419692 1.57095613982528 1.28084724955261 1.09676965116523 1.54740716749802 1.47287578717805 1.46980117866769 1.82475485047325 1.54457253566943 0 1.17315661581233 1.88403563061729 1.10620844084769 1.56643032329157 1.88980459142476 1.50130181876011 1.09429346350953 1.75800306699239 1.51634168531746 1.82212315453216
1.11456871777773 1.16515268362127 0.93829321465455 1.21895978227258 1.05719837616198 1.83753275987692 1.20228397171013 1.43187294248492 1.81854067277163 1.04003445571288 0.96279100398533 1.25007651769556 1.80173933203332 1.0563121305313 1.45355495018885 1.58992174477316 1.3941884378437 0.975404579425231 1.08303662459366 1.17315661581233 0 1.27563772280701 1.06076871859841 1.80767957516946 1.02709532761946 0.960642816964537 1.35727237234823 1.86681821080856 1.19767098128796 1.50305347447284
1.0978393398691 1.30953562958166 1.26011951337568 1.1246111211367 1.67302533728071 1.18595532514155 1.2744596300181 1.7294258531183 1.23600282776169 1.15986991324462 1.59374924236909 1.90647507412359 0.937825781293213 1.42849939409643 1.68138499255292 1.92334552318789 0.976837290450931 1.74994673347101 1.6379599138163 1.88403563061729 1.27563772280701 0 1.63157135341316 1.48570448206738 1.28977549099363 1.29840009054169 1.7680742747616 0.95923366677016 1.864993768977 1.06407472956926
1.41587317944504 0.930912989890203 1.55324379005469 1.35088591440581 0.931628223275766 1.1075532627292 1.53691049176268 1.36606572009623 1.05130270170048 1.74688560236245 0.978014851920307 1.76599812996574 1.61128417402506 1.21408333140425 1.72184569458477 1.75109001831152 1.22209294140339 1.4022012965288 1.44468072592281 1.10620844084769 1.06076871859841 1.63157135341316 0 1.43701945873909 1.8558559443336 1.66946188011207 1.47786559956148 1.32815209357068 1.46302238316275 1.52427157154307
1.88243953720666 1.40558341308497 1.15410557994619 1.37554157013074 1.36847867630422 1.30475591332652 1.10846425010823 1.91168896248564 1.07518838276155 1.51759266271256 1.65246001956984 0.950631959829479 1.5740795279853 1.4303040355444 1.89385162852705 1.36215397762135 1.26744742132723 1.39399503450841 1.35022487258539 1.56643032329157 1.80767957516946 1.48570448206738 1.43701945873909 0 1.60598500538617 1.07600448420271 1.65131663298234 1.25432444806211 1.5519769594539 1.3589840955101
1.38092826958746 1.91911941347644 1.29991268203594 1.91477409261279 1.87601012620144 1.63169165723957 0.9544836897403 1.33023123582825 1.48919624928385 0.967264730017632 1.49985027103685 1.38834635913372 1.76290285075083 1.52134433202446 1.56222183885984 1.80853146477602 1.20289427414536 1.20144804590382 0.969373046886176 1.88980459142476 1.02709532761946 1.28977549099363 1.8558559443336 1.60598500538617 0 0.933258142322302 1.64413350494578 1.12869991804473 0.992924646940082 1.01813038252294
1.74376146961004 1.57651705550961 1.59325173357502 1.56098099634983 1.63292646920308 1.56723466189578 1.40740529354662 1.06038708984852 1.64083177736029 1.49202934908681 1.761829480296 1.30332942050882 1.41111308499239 1.08420458715409 0.978260672418401 1.63027025572956 1.80269324965775 1.44194669486023 1.52423332794569 1.50130181876011 0.960642816964537 1.29840009054169 1.66946188011207 1.07600448420271 0.933258142322302 0 1.92614215263166 1.41281864861958 0.958230823744088 1.70261133019812
0.933225001441315 1.16126205376349 1.0330591048114 1.24467770894989 0.948718611383811 1.37053343607113 1.8024664549157 1.10369423846714 1.25135359773412 1.1470978166908 1.26820921804756 1.82453058636747 1.09147076006047 1.76402296870947 1.51666331011802 1.61664965981618 1.03447565925308 1.56305668479763 1.39829433243722 1.09429346350953 1.35727237234823 1.7680742747616 1.47786559956148 1.65131663298234 1.64413350494578 1.92614215263166 0 1.50484685134143 1.12098562321626 1.46901831286959
1.13582176528871 1.06785050733015 1.23968552239239 1.17944183573127 1.91463652485982 1.37053267285228 1.57561602280475 1.2909078928642 1.45112049998716 1.489601993002 1.10608346341178 1.42867804435082 1.28829945577309 1.40959204942919 1.79160299454816 1.62622795416974 1.49369288398884 1.71605414990336 1.37447235081345 1.75800306699239 1.86681821080856 0.95923366677016 1.32815209357068 1.25432444806211 1.12869991804473 1.41281864861958 1.50484685134143 0 0.940475220791996 1.6955131071154
1.3435487349052 1.61408400000073 1.2971745391842 1.42763393628411 1.30794030171819 0.984216386917979 1.26133380550891 1.2223431551829 1.17970384401269 1.06298911524937 1.61244529532269 1.78376702498645 1.18082362203859 1.13044135714881 1.54540892946534 1.91426229174249 1.1324308491312 1.62030210858211 1.06718264147639 1.51634168531746 1.19767098128796 1.864993768977 1.46302238316275 1.5519769594539 0.992924646940082 0.958230823744088 1.12098562321626 0.940475220791996 0 1.78958037891425
0.950819110032171 1.15941756893881 1.1553282502573 1.31908120331354 1.1583838458173 1.21950974618085 1.51428506663069 1.70849984465167 1.34090918279253 1.89304111851379 0.994235467398539 1.06121554551646 1.73738469346426 0.952451694756746 1.03670899034478 1.08468678034842 1.36267644050531 1.28168265009299 1.14240075089037 1.82212315453216 1.50305347447284 1.06407472956926 1.52427157154307 1.3589840955101 1.01813038252294 1.70261133019812 1.46901831286959 1.6955131071154 1.78958037891425 0
