0 0.983669387409464 1.41090852790512 1.40164309111424 1.01763600599952 1.49880394875072 1.5884031674359 1.0070989432279 1.34819194395095 1.7454203593079 1.23274608538486 0.966408738400787 1.14056337741204 1.107931725448 1.92446830892004 1.71778926998377 1.05411664675921 1.55428058281541 1.32489011972211 0.97475648066029 1.09567897277884 1.17441432015039 1.63987665297464 1.30564772803336 1.08862414513715 1.34989054431207 1.12602306692861 1.12732982472517 1.2602884862572 1.46208292222582
0.983669387409464 0 1.43967463285662 1.34333484107628 1.84291016752832 1.90565484785475 1.33217831002548 1.08085350878537 1.87762607680634 1.10882848198526 1.21359702432528 1.33084751944989 1.06746942573227 1.40731085557491 0.945783917792141 1.5415837012697 1.60933123831637 1.45747831417248 1.62477700435556 1.8195756895002 1.58006237773225 1.09656785312109 1.70045370445587 1.81574534275569 1.36571946321055 1.20219233562239 1.1285239297431 1.78276633401401 1.81622089608572 1.05314505472779
1.41090852790512 1.43967463285662 0 1.06913139903918 1.3303604372777 1.67180341575295 1.1670855958946 1.47020711190999 1.90727482573129 1.64525953563862 1.86041213176213 1.17392660584301 1.46380015881732 1.29874338884838 1.92189061990939 1.88002424035221 1.71955933072604 0.954286376712844 1.53302204818465 1.60221736342646 1.24989548465237 1.642930225702 1.03205242310651 0.939560109749436 1.72594480239786 1.31167560257018 1.61959613626823 1.61141971522011 1.58305705222301 1.9194961974863
1.40164309111424 1.34333484107628 1.06913139903918 0 1.14379387698136 1.84652254683897 1.34482733812183 1.78844692814164 1.81068162154406 1.75951309129596 1.83079550648108 1.73887684568763 1.57137843128294 1.50494484882802 1.92258695932105 1.16839667153545 1.86220196960494 1.46453308593482 1.36586788133718 1.51486593717709 1.52556002303027 1.34195802547038 1.71798462397419 1.14684007735923 1.36282719904557 1.44775457913056 1.3588289860636 1.13467441522516 1.73095156089403 1.40209639794193
1.01763600599952 1.84291016752832 1.3303604372777 1.14379387698136 0 1.14266502507962 1.54617137811147 1.03095474140719 1.80643975641578 1.76084401714616 1.46146045671776 1.69185911421664 1.4614867027849 1.23067587031983 1.92283925367519 1.88320849067532 1.77166847512126 1.46361445775256 1.35145867220126 1.73299336945638 1.04215778759681 1.36685868608765 1.88589308573864 1.67146676988341 1.30544821708463 1.92215595277958 0.963748838985339 1.34961977554485 1.72961176908575 1.60104596777819
1.49880394875072 1.90565484785475 1.67180341575295 1.84652254683897 1.14266502507962 0 1.88296490255743 1.10000796755776 1.79600895871408 1.46063670166768 1.47751124552451 1.81506922026165 1.57609284669161 1.3902074189391 1.4428065600805 1.45163093111478 1.65336337895133 1.39459593570791 1.34898499934934 1.79766368516721 1.88487264304422 1.43067246745341 1.24192324094474 1.2130258763209 1.70235348236747 1.06153067783453 1.87436313880607 1.51100972713903 1.09279666026123 1.35949340160005
1.5884031674359 1.33217831002548 1.1670855958946 1.34482733812183 1.54617137811147 1.88296490255743 0 1.78798794816248 1.14172293129377 1.5929239615798 0.943521266337484 1.10999355255626 1.83551919204183 1.78271945752203 1.40111142513342 1.23221198329702 1.03462688298896 1.07960706367157 1.68827191181481 1.30144838616252 1.44166889111511 1.8902495643124 1.83819863153622 1.52735524857417 1.68503474281169 1.36566809099168 1.51165422610939 1.66493288101628 1.3205847425852 1.64794972259551
1.0070989432279 1.08085350878537 1.47020711190999 1.78844692814164 1.03095474140719 1.10000796755776 1.78798794816248 0 1.36353397998028 1.26179529959336 0.982954569393769 1.80256023607217 1.73592708050273 1.12680014618672 1.4133223881945 1.49207834037952 1.1542348426301 0.980816106544808 1.2948533964809 1.78769287373871 1.37667734082788 1.92226232984103 1.67110784747638 1.38757185498253 1.11305890674703 1.54682031041011 1.27203432843089 0.951392879942432 1.39178457902744 1.22170535707846
1.34819194395095 1.87762607680634 1.90727482573129 1.81068162154406 1.80643975641578 1.79600895871408 1.14172293129377 1.36353397998028 0 1.0815812505316 1.92784971627407 1.22943071369082 1.32841150299646 1.10119741084054 1.55400764220394 1.26434306474403 1.24657498300076 1.02114316821098 1.12235787929967 1.49774057976902 1.64313880982809 1.58132579107769 1.38743752241135 1.2161161233671 1.24386031436734 1.41282575693913 1.10546877305023 1.68567166733555 0.989314697915688 1.64310588501394
1.7454203593079 1.10882848198526 1.64525953563862 1.75951309129596 1.76084401714616 1.46063670166768 1.5929239615798 1.26179529959336 1.0815812505316 0 1.30808579805307 1.7945962480735 1.5872979729902 1.08980053546838 1.18297475459985 1.64047977793962 1.31922183604911 1.5715178262908 1.29247300093994 1.29077039542608 1.81842991150916 1.68430393538438 1.03222640510648 1.29625630518422 1.65830590063706 1.57023940351792 1.47089965431951 1.5781403100118 1.42767081665806 1.79244249290787
1.23274608538486 1.21359702432528 1.86041213176213 1.83079550648108 1.46146045671776 1.47751124552451 0.943521266337484 0.982954569393769 1.92784971627407 1.30808579805307 0 1.91006415849552 1.65933326655068 1.19421708607115 1.092767248163 1.02941044699401 1.80068879644386 1.71904711960815 1.70780181046575 1.05858530732803 1.70319817308336 1.72298248088919 1.82902594981715 1.28009386430494 1.78332970361225 1.79991525108926 0.956382695585489 1.20365085406229 1.21446335874498 1.77686961693689
0.966408738400787 1.33084751944989 1.17392660584301 1.73887684568763 1.69185911421664 1.81506922026165 1.10999355255626 1.80256023607217 1.22943071369082 1.7945962480735 1.91006415849552 0 1.4527887722943 1.23090067692101 1.1282472149469 1.47497658757493 1.85350866452791 1.4948425036855 1.58393183676526 1.23499646037817 1.27281381282955 1.4643343698699 1.51063562161289 1.75335849239491 1.80515636294149 1.52998795197345 1.86807669256814 1.14490231801756 1.03175296890549 1.50708363810554
1.14056337741204 1.06746942573227 1.46380015881732 1.57137843128294 1.4614867027849 1.57609284669161 1.83551919204183 1.73592708050273 1.32841150299646 1.5872979729902 1.65933326655068 1.4527887722943 0 1.11107039474882 1.14941413048655 1.31313687330112 1.21949895680882 1.71997374482453 1.56671789917164 1.36053952970542 1.9167199654039 1.56635583518073 1.88254946959205 0.954403736861423 1.58309309836477 1.60587820690125 1.02642828924581 1.51461632922292 1.39759557042271 1.17900799843483
1.107931725448 1.40731085557491 1.29874338884838 1.50494484882802 1.23067587031983 1.3902074189391 1.78271945752203 1.12680014618672 1.10119741084054 1.08980053546838 1.19421708607115 1.23090067692101 1.11107039474882 0 1.26787207252346 1.43996028997935 1.00468965107575 1.30472438735887 1.20203470881097 1.05076771276072 1.32542376895435 1.15566458273679 0.944667820585892 1.35231214482337 1.00033602654003 1.69117300515063 1.20282349130139 1.82513745455071 1.82198572671041 1.89429013803601
1.92446830892004 0.945783917792141 1.92189061990939 1.92258695932105 1.92283925367519 1.4428065600805 1.40111142513342 1.4133223881945 1.55400764220394 1.18297475459985 1.092767248163 1.1282472149469 1.14941413048655 1.26787207252346 0 1.66781088826247 0.967953015351668 1.87499333289452 1.40320216724649 1.060267762281 1.10195109853521 0.9618784065824 1.68048532423563 1.27452269452624 1.33565843151882 1.33976481272839 1.85131300752982 1.2447934425436 1.17905875993893 1.16015161457472
1.71778926998377 1.5415837012697 1.88002424035221 1.16839667153545 1.88320849067532 1.45163093111478 1.23221198329702 1.49207834037952 1.26434306474403 1.64047977793962 1.02941044699401 1.47497658757493 1.31313687330112 1.43996028997935 1.66781088826247 0 1.53527671494521 1.6948449711781 1.52219708543271 1.75546861067414 1.04146884800866 1.55403660330921 1.44097306160256 1.49973946949467 1.64468898391351 1.14104570471682 1.71120602381416 1.53362165391445 1.74642392294481 1.67232016054913
1.05411664675921 1.60933123831637 1.71955933072604 1.86220196960494 1.77166847512126 1.65336337895133 1.03462688298896 1.1542348426301 1.24657498300076 1.31922183604911 1.80068879644386 1.85350866452791 1.21949895680882 1.00468965107575 0.967953015351668 1.53527671494521 0 1.32389745139517 1.40702759008855 1.43120403331704 1.82015076722018 1.5007777758874 1.66317596379668 1.89493187540211 1.03746883408166 1.26319949747995 1.38738922798075 1.72241756436415 1.01910077384673 1.58045826014131
1.55428058281541 1.45747831417248 0.954286376712844 1.46453308593482 1.46361445775256 1.39459593570791 1.07960706367157 0.980816106544808 1.02114316821098 1.5715178262908 1.71904711960815 1.4948425036855 1.71997374482453 1.30472438735887 1.87499333289452 1.6948449711781 1.32389745139517 0 1.1620248388499 1.62592070642859 1.15104881068692 1.69830615422688 1.70916093559936 1.32543662120588 1.29069607658312 1.77327945549041 1.51461584027857 1.18525843019597 1.50489655067213 0.965209820773453
1.32489011972211 1.62477700435556 1.53302204818465 1.36586788133718 1.35145867220126 1.34898499934934 1.68827191181481 1.2948533964809 1.12235787929967 1.29247300093994 1.70780181046575 1.58393183676526 1.56671789917164 1.20203470881097 1.40320216724649 1.52219708543271 1.40702759008855 1.1620248388499 0 1.09713679528795 1.92825246136636 1.63814524980262 1.39831180102192 1.36748841963708 1.09483816847205 1.55731025128625 1.82504260726273 1.21909715048969 1.58496922091581 0.967200970510021
0.97475648066029 1.8195756895002 1.60221736342646 1.51486593717709 1.73299336945638 1.79766368516721 1.30144838616252 1.78769287373871 1.49774057976902 1.29077039542608 1.05858530732803 1.23499646037817 1.36053952970542 1.05076771276072 1.060267762281 1.75546861067414 1.43120403331704 1.62592070642859 1.09713679528795 0 1.74859300884418 1.32812728709541 1.08961987472139 1.23012570175342 1.03285988746211 1.20642954297364 1.38502841349691 1.11459513264708 1.66356553672813 1.73232021415606
1.09567897277884 1.58006237773225 1.24989548465237 1.52556002303027 1.04215778759681 1.88487264304422 1.44166889111511 1.37667734082788 1.64313880982809 1.81842991150916 1.70319817308336 1.27281381282955 1.9167199654039 1.32542376895435 1.10195109853521 1.04146884800866 1.82015076722018 1.15104881068692 1.92825246136636 1.74859300884418 0 0.938230481464416 1.19664764637128 1.77278215647675 0.95617482624948 1.60142862610519 1.85985118732788 1.42599113984033 1.33030437724665 1.78239066619426
1.17441432015039 1.09656785312109 1.642930225702 1.34195802547038 1.36685868608765 1.43067246745341 1.8902495643124 1.92226232984103 1.58132579107769 1.68430393538438 1.72298248088919 1.4643343698699 1.56635583518073 1.15566458273679 0.9618784065824 1.55403660330921 1.5007777758874 1.69830615422688 1.63814524980262 1.32812728709541 0.938230481464416 0 1.18220232240856 1.79899373603985 1.58357285615057 1.8081579124555 1.0369631331414 1.57366608502343 1.69778664386831 1.16455418174155
1.63987665297464 1.70045370445587 1.03205242310651 1.71798462397419 1.88589308573864 1.24192324094474 1.83819863153622 1.67110784747638 1.38743752241135 1.03222640510648 1.82902594981715 1.51063562161289 1.88254946959205 0.944667820585892 1.68048532423563 1.44097306160256 1.66317596379668 1.70916093559936 1.39831180102192 1.08961987472139 1.19664764637128 1.18220232240856 0 1.90501041803509 1.77675254060887 1.59079823363572 1.24073165818118 1.04218594403937 1.42347606644034 1.06013702997006
1.30564772803336 1.81574534275569 0.939560109749436 1.14684007735923 1.67146676988341 1.2130258763209 1.52735524857417 1.38757185498253 1.2161161233671 1.29625630518422 1.28009386430494 1.75335849239491 0.954403736861423 1.35231214482337 1.27452269452624 1.49973946949467 1.89493187540211 1.32543662120588 1.36748841963708 1.23012570175342 1.77278215647675 1.79899373603985 1.90501041803509 0 1.6901050421875 0.946880149422213 1.48068834235892 1.1162923257798 1.61309530586004 1.26293062604964
1.08862414513715 1.36571946321055 1.72594480239786 1.36282719904557 1.30544821708463 1.70235348236747 1.68503474281169 1.11305890674703 1.24386031436734 1.65830590063706 1.78332970361225 1.80515636294149 1.58309309836477 1.00033602654003 1.33565843151882 1.64468898391351 1.03746883408166 1.29069607658312 1.09483816847205 1.03285988746211 0.95617482624948 1.58357285615057 1.77675254060887 1.6901050421875 0 1.01948465802707 1.35477012372576 1.54361980152316 1.721364001045 1.27905906713568
1.34989054431207 1.20219233562239 1.31167560257018 1.44775457913056 1.92215595277958 1.06153067783453 1.36566809099168 1.54682031041011 1.41282575693913 1.57023940351792 1.79991525108926 1.52998795197345 1.60587820690125 1.69117300515063 1.33976481272839 1.14104570471682 1.26319949747995 1.77327945549041 1.55731025128625 1.20642954297364 1.60142862610519 1.8081579124555 1.59079823363572 0.946880149422213 1.01948465802707 0 1.33263043593615 1.46103387605399 1.67820118134841 1.52248533559032
1.12602306692861 1.1285239297431 1.61959613626823 1.3588289860636 0.963748838985339 1.87436313880607 1.51165422610939 1.27203432843089 1.10546877305023 1.47089965431951 0.956382695585489 1.86807669256814 1.02642828924581 1.20282349130139 1.85131300752982 1.71120602381416 1.38738922798075 1.51461584027857 1.82504260726273 1.38502841349691 1.85985118732788 1.0369631331414 1.24073165818118 1.48068834235892 1.35477012372576 1.33263043593615 0 1.39363319822587 1.72147592669353 0.938987232279032
1.12732982472517 1.78276633401401 1.61141971522011 1.13467441522516 1.34961977554485 1.51100972713903 1.66493288101628 0.951392879942432 1.68567166733555 1.5781403100118 1.20365085406229 1.14490231801756 1.51461632922292 1.82513745455071 1.2447934425436 1.53362165391445 1.72241756436415 1.18525843019597 1.21909715048969 1.11459513264708 1.42599113984033 1.57366608502343 1.04218594403937 1.1162923257798 1.54361980152316 1.46103387605399 1.39363319822587 0 1.01498281024396 1.44644710002467
1.2602884862572 1.81622089608572 1.58305705222301 1.73095156089403 1.72961176908575 1.09279666026123 1.3205847425852 1.39178457902744 0.989314697915688 1.42767081665806 1.21446335874498 1.03175296890549 1.39759557042271 1.82198572671041 1.17905875993893 1.74642392294481 1.01910077384673 1.50489655067213 1.58496922091581 1.66356553672813 1.33030437724665 1.69778664386831 1.42347606644034 1.61309530586004 1.721364001045 1.67820118134841 1.72147592669353 1.01498281024396 0 1.76282522222027
1.46208292222582 1.05314505472779 1.9194961974863 1.40209639794193 1.60104596777819 1.35949340160005 1.64794972259551 1.22170535707846 1.64310588501394 1.79244249290787 1.77686961693689 1.50708363810554 1.17900799843483 1.89429013803601 1.16015161457472 1.67232016054913 1.58045826014131 0.965209820773453 0.967200970510021 1.73232021415606 1.78239066619426 1.16455418174155 1.06013702997006 1.26293062604964 1.27905906713568 1.52248533559032 0.938987232279032 1.44644710002467 1.76282522222027 0
