0 1.82998550939374 1.45486770640127 1.79084383929148 0.958470063284039 0.950720173539594 1.18322311644442 1.07365488470532 0.983554331352934 1.02748167235404 1.68199345190078 1.31482815044001 1.12582039670087 1.40292306104675 1.74953867867589 1.55073042819276 1.52639940031804 1.71325620287098 1.33121142117307 1.21886071981862 1.35347729362547 1.13426371011883 1.06541212229058 1.19052334269509 1.09293000516482 1.52343538310379 1.06907755415887 1.70685923984274 1.25327140814625 1.69821374001913
1.82998550939374 0 1.73710445407778 1.07585983583704 1.0766245869454 1.80998025648296 1.14859447884373 1.46024432801642 1.22645913437009 1.15726238908246 0.956430613994598 1.55615304387175 1.46815140149556 1.65349742118269 0.9876325908117 1.54940456035547 1.33789433795027 1.48592792986892 1.35127648711205 1.3165581903886 1.91476170299575 1.93338868068531 1.12056372500956 1.33272127830423 1.58201019233093 1.58002944290638 1.47794055263512 1.70649230992422 1.48442187090404 0.966286728158593
1.45486770640127 1.73710445407778 0 0.99862610292621 1.26827197312377 1.57469734083861 1.19262581225485 1.02368832728826 1.63517459924333 1.07731049670838 1.02190176071599 1.11449680803344 1.32791791670024 1.16266598273069 1.08341925381683 1.79850009619258 0.952359684510157 1.36094160587527 1.8342445329763 1.55331865674816 1.69995947135612 1.09659904660657 1.601031008875 1.60450043831952 1.21851765434258 0.9883139252197 1.04715518373996 0.996327691245824 1.25197099079378 1.74542304035276
1.79084383929148 1.07585983583704 0.99862610292621 0 1.87116127228364 1.50731666339561 1.89242628146894 1.25101100187749 1.0023879732471 1.58623174228705 1.63559964764863 1.66351537895389 1.76784666720778 1.83821863285266 0.958289957139641 1.9131235962268 1.24555756896734 1.59964285651222 1.18685678648762 1.77166270511225 1.67174198338762 1.92372587719001 1.32252916973084 1.91747015737928 1.18063191371039 1.58076313068159 1.24526315485127 1.64694189769216 1.86245328816585 1.86502845864743
0.958470063284039 1.0766245869454 1.26827197312377 1.87116127228364 0 1.499858509982 1.77913163788617 1.85590352979489 1.09800948039629 1.30856994516216 1.08093948638998 1.1641525933519 1.67742300336249 1.89956894540228 1.35840571695007 1.70322047267109 1.65970962541178 0.945324145257473 1.80696805845946 0.965928666992113 1.36288914014585 1.04855149914511 1.51849163044244 1.15059519303031 1.18842921499163 1.52926103584468 1.31623410922475 1.15068448591046 1.43913751002401 1.49166435329244
0.950720173539594 1.80998025648296 1.57469734083861 1.50731666339561 1.499858509982 0 1.89488706435077 1.5635055990424 1.22954279207624 1.49736032309011 1.61774869146757 1.80932774743997 1.2144231647253 1.61820154869929 1.41391577455215 1.02458156133071 1.06267273356207 1.0122080205474 0.96903496212326 1.92460381030105 1.23426809092052 1.15744827780873 1.22021108237095 1.50351999304257 0.985708340303972 1.88678530347534 1.16966387699358 1.20300690364093 1.56081648450345 1.40029674139805
1.18322311644442 1.14859447884373 1.19262581225485 1.89242628146894 1.77913163788617 1.89488706435077 0 1.00892934040166 1.32047645165585 1.46375508978963 1.60050350124948 1.29176013893448 1.34717808756977 1.15225842641667 1.85785135184415 1.92229396197945 1.62537737423554 1.80478596920148 0.975333852227777 1.5863333765883 1.37260609329678 1.26765117887408 1.69182288786396 1.05470330151729 1.50337512628175 1.61919769784436 1.40983801032417 1.34011368197389 1.59902475890703 1.53166405740194
1.07365488470532 1.46024432801642 1.02368832728826 1.25101100187749 1.85590352979489 1.5635055990424 1.00892934040166 0 1.85925783985294 1.40738812694326 1.04604612267576 1.93340740608983 1.44323111814447 1.77256043301895 1.73885976336896 1.4336029086262 1.03800436947495 1.38712123897858 1.25673083192669 1.72250193334185 1.43320670071989 1.92882820591331 1.17243209248409 0.950293001020327 1.28261670679785 1.50765102985315 1.46348244720139 1.57377677550539 1.26287856628187 1.02140446542762
0.983554331352934 1.22645913437009 1.63517459924333 1.0023879732471 1.09800948039629 1.22954279207624 1.32047645165585 1.85925783985294 0 1.60186640941538 1.25857705785893 1.70305567607284 1.70367792458273 1.12484515225515 1.16475953510962 1.56743463198654 1.34653327148408 1.4765034110751 0.965289823245257 1.14866758068092 1.44895577360876 1.63285769452341 1.9298066238407 1.29548576590605 1.14655155944638 0.957039123633876 1.46169695118442 0.963524613529444 1.55060844868422 1.65248525165953
1.02748167235404 1.15726238908246 1.07731049670838 1.58623174228705 1.30856994516216 1.49736032309011 1.46375508978963 1.40738812694326 1.60186640941538 0 1.06602496886626 1.31679577636532 1.03719935659319 1.58299946435727 1.72568547679111 1.42680371855386 1.01703672017902 1.01992677105591 1.22097281715833 1.2893910841085 1.11531297280453 1.57195887481794 1.18751270417124 1.06087520159781 1.83904030430131 1.93199720466509 1.85347249079496 1.86047078436241 1.34123105206527 1.47580658318475
1.68199345190078 0.956430613994598 1.02190176071599 1.63559964764863 1.08093948638998 1.61774869146757 1.60050350124948 1.04604612267576 1.25857705785893 1.06602496886626 0 1.7522921373602 1.53965460695326 0.969176502665505 1.23079147562385 1.90484827104956 1.93518531206064 1.32089464389719 1.69395781494677 1.64280882268213 1.82615280593745 0.976958066690713 1.92171701183543 1.14113093866035 1.62668413179927 1.5849046355579 1.70073044160381 1.18238365813158 1.23745525092818 1.17010206030682
1.31482815044001 1.55615304387175 1.11449680803344 1.66351537895389 1.1641525933519 1.80932774743997 1.29176013893448 1.93340740608983 1.70305567607284 1.31679577636532 1.7522921373602 0 1.85155803966336 1.60275310254656 1.29733734857291 1.80914159119129 1.0928635566961 1.86113763274625 1.32564024743624 1.039379772963 1.55213322071359 1.6150136757642 1.36799964820966 1.63444206095301 1.38840539031662 1.48121359711513 1.54786930931732 1.72271369956434 1.79242962040007 1.81960559473373
1.12582039670087 1.46815140149556 1.32791791670024 1.76784666720778 1.67742300336249 1.2144231647253 1.34717808756977 1.44323111814447 1.70367792458273 1.03719935659319 1.53965460695326 1.85155803966336 0 1.43797104153782 1.64126520627178 1.71108515537344 1.79649358754978 1.44406174728647 1.88065653014928 1.59783372678794 1.55011987756006 1.56226178770885 1.47233550366946 1.41567769343965 1.83044876414351 1.3554974545259 1.82524166302755 1.65296610631049 1.55529554840177 1.42072739638388
1.40292306104675 1.65349742118269 1.16266598273069 1.83821863285266 1.89956894540228 1.61820154869929 1.15225842641667 1.77256043301895 1.12484515225515 1.58299946435727 0.969176502665505 1.60275310254656 1.43797104153782 0 0.981065002502874 1.90044012945145 0.981754002394155 1.27880850993097 1.49325588368811 1.14621313358657 1.21706507122144 1.44441376673058 1.07131387363188 1.44002956175245 0.945456511573866 1.73749436205253 1.73499054904096 1.49990188307129 1.28265860583633 0.995611520018429
1.74953867867589 0.9876325908117 1.08341925381683 0.958289957139641 1.35840571695007 1.41391577455215 1.85785135184415 1.73885976336896 1.16475953510962 1.72568547679111 1.23079147562385 1.29733734857291 1.64126520627178 0.981065002502874 0 1.77534139715135 1.59456567000598 1.40023910021409 1.03457668819465 1.85140000400133 1.21732966834679 1.84628745890222 1.55201147939079 1.31333892396651 1.2865978081245 1.0651614908129 1.2514469337184 1.89212506241165 1.40852228016593 1.65191716048867
1.55073042819276 1.54940456035547 1.79850009619258 1.9131235962268 1.70322047267109 1.02458156133071 1.92229396197945 1.4336029086262 1.56743463198654 1.42680371855386 1.90484827104956 1.80914159119129 1.71108515537344 1.90044012945145 1.77534139715135 0 1.75031039514579 1.53246585652232 1.11013750382699 1.41660030628555 1.70376726356335 1.44627252127975 1.64089896017686 1.73655554582365 1.61518627265468 1.70152257359587 1.33007048862055 1.4771786252968 1.40379404393025 1.56351187475957
1.52639940031804 1.33789433795027 0.952359684510157 1.24555756896734 1.65970962541178 1.06267273356207 1.62537737423554 1.03800436947495 1.34653327148408 1.01703672017902 1.93518531206064 1.0928635566961 1.79649358754978 0.981754002394155 1.59456567000598 1.75031039514579 0 1.6635322526563 1.87292138300836 1.54360089520924 1.01103746960871 1.6787032505963 1.50044380617328 1.41140898503363 1.32472338527441 1.74551582895219 1.81041782489046 0.993160078302026 1.02151443809271 1.89394646487199
1.71325620287098 1.48592792986892 1.36094160587527 1.59964285651222 0.945324145257473 1.0122080205474 1.80478596920148 1.38712123897858 1.4765034110751 1.01992677105591 1.32089464389719 1.86113763274625 1.44406174728647 1.27880850993097 1.40023910021409 1.53246585652232 1.6635322526563 0 1.56927743065171 1.81960166501813 1.88411974837072 1.13671612623148 1.67493375320919 1.92053756443784 1.07511716452427 1.57914477679878 1.48061797954142 1.05595927522518 1.18662123382092 1.18729492858984
1.33121142117307 1.35127648711205 1.8342445329763 1.18685678648762 1.80696805845946 0.96903496212326 0.975333852227777 1.25673083192669 0.965289823245257 1.22097281715833 1.69395781494677 1.32564024743624 1.88065653014928 1.49325588368811 1.03457668819465 1.11013750382699 1.87292138300836 1.56927743065171 0 1.61938065430149 1.86044552363455 1.13337938743643 1.23549560923129 0.996535843238235 1.26000974932685 0.968198869843036 1.58528821868822 1.90758351562545 1.14227801794186 1.14634448522702
1.21886071981862 1.3165581903886 1.55331865674816 1.77166270511225 0.965928666992113 1.92460381030105 1.5863333765883 1.72250193334185 1.14866758068092 1.2893910841085 1.64280882268213 1.039379772963 1.59783372678794 1.14621313358657 1.85140000400133 1.41660030628555 1.54360089520924 1.81960166501813 1.61938065430149 0 1.43965441780165 1.72117881593294 1.48331529344432 1.70687752845697 1.38662915723398 1.28289026254788 1.16415475262329 1.72868705261499 1.29325701342896 1.87288200994954
1.35347729362547 1.91476170299575 1.69995947135612 1.67174198338762 1.36288914014585 1.23426809092052 1.37260609329678 1.43320670071989 1.44895577360876 1.11531297280453 1.82615280593745 1.55213322071359 1.55011987756006 1.21706507122144 1.21732966834679 1.70376726356335 1.01103746960871 1.88411974837072 1.86044552363455 1.43965441780165 0 1.43785641668364 1.10857855249196 1.82274187146686 1.2354331149254 1.52568210940808 1.69147588685155 1.21104949316941 1.11563114379533 1.43215178675018
1.13426371011883 1.93338868068531 1.09659904660657 1.92372587719001 1.04855149914511 1.15744827780873 1.26765117887408 1.92882820591331 1.63285769452341 1.57195887481794 0.976958066690713 1.6150136757642 1.56226178770885 1.44441376673058 1.84628745890222 1.44627252127975 1.6787032505963 1.13671612623148 1.13337938743643 1.72117881593294 1.43785641668364 0 1.03439137875102 1.32829619548284 1.46967722848058 1.49841568130068 1.00988789508119 1.84461349667981 1.46002392889932 1.07738481671549
1.06541212229058 1.12056372500956 1.601031008875 1.32252916973084 1.51849163044244 1.22021108237095 1.69182288786396 1.17243209248409 1.9298066238407 1.18751270417124 1.92171701183543 1.36799964820966 1.47233550366946 1.07131387363188 1.55201147939079 1.64089896017686 1.50044380617328 1.67493375320919 1.23549560923129 1.48331529344432 1.10857855249196 1.03439137875102 0 1.10869885678403 1.74900606065057 1.58310093078762 1.83355652401224 0.969839832047001 1.61789605417289 1.90590327931568
1.19052334269509 1.33272127830423 1.60450043831952 1.91747015737928 1.15059519303031 1.50351999304257 1.05470330151729 0.950293001020327 1.29548576590605 1.06087520159781 1.14113093866035 1.63444206095301 1.41567769343965 1.44002956175245 1.31333892396651 1.73655554582365 1.41140898503363 1.92053756443784 0.996535843238235 1.70687752845697 1.82274187146686 1.32829619548284 1.10869885678403 0 1.43319003400393 1.72535995673388 1.73632004507817 1.39793082862161 1.06705898419023 1.38431110605597
1.09293000516482 1.58201019233093 1.21851765434258 1.18063191371039 1.18842921499163 0.985708340303972 1.50337512628175 1.28261670679785 1.14655155944638 1.83904030430131 1.62668413179927 1.38840539031662 1.83044876414351 0.945456511573866 1.2865978081245 1.61518627265468 1.32472338527441 1.07511716452427 1.26000974932685 1.38662915723398 1.2354331149254 1.46967722848058 1.74900606065057 1.43319003400393 0 1.92072681267746 1.21412363136187 1.47502745478414 0.98137926729396 1.4686849839054
1.52343538310379 1.58002944290638 0.9883139252197 1.58076313068159 1.52926103584468 1.88678530347534 1.61919769784436 1.50765102985315 0.957039123633876 1.93199720466509 1.5849046355579 1.48121359711513 1.3554974545259 1.73749436205253 1.0651614908129 1.70152257359587 1.74551582895219 1.57914477679878 0.968198869843036 1.28289026254788 1.52568210940808 1.49841568130068 1.58310093078762 1.72535995673388 1.92072681267746 0 1.12589275231585 1.38820135733113 1.37235653912649 1.41976873693056
1.06907755415887 1.47794055263512 1.04715518373996 1.24526315485127 1.31623410922475 1.16966387699358 1.40983801032417 1.46348244720139 1.46169695118442 1.85347249079496 1.70073044160381 1.54786930931732 1.82524166302755 1.73499054904096 1.2514469337184 1.33007048862055 1.81041782489046 1.48061797954142 1.58528821868822 1.16415475262329 1.69147588685155 1.00988789508119 1.83355652401224 1.73632004507817 1.21412363136187 1.12589275231585 0 1.56736570759676 0.971904119011015 0.949728571111336
1.70685923984274 1.70649230992422 0.996327691245824 1.64694189769216 1.15068448591046 1.20300690364093 1.34011368197389 1.57377677550539 0.963524613529444 1.86047078436241 1.18238365813158 1.72271369956434 1.65296610631049 1.49990188307129 1.89212506241165 1.4771786252968 0.993160078302026 1.05595927522518 1.90758351562545 1.72868705261499 1.21104949316941 1.84461349667981 0.969839832047001 1.39793082862161 1.47502745478414 1.38820135733113 1.56736570759676 0 1.60901290131733 1.49764655064791
1.25327140814625 1.48442187090404 1.25197099079378 1.86245328816585 1.43913751002401 1.56081648450345 1.59902475890703 1.26287856628187 1.55060844868422 1.34123105206527 1.23745525092818 1.79242962040007 1.55529554840177 1.28265860583633 1.40852228016593 1.40379404393025 1.02151443809271 1.18662123382092 1.14227801794186 1.29325701342896 1.11563114379533 1.46002392889932 1.61789605417289 1.06705898419023 0.98137926729396 1.37235653912649 0.971904119011015 1.60901290131733 0 1.77764232154004
1.69821374001913 0.966286728158593 1.74542304035276 1.86502845864743 1.49166435329244 1.40029674139805 1.53166405740194 1.02140446542762 1.65248525165953 1.47580658318475 1.17010206030682 1.81960559473373 1.42072739638388 0.995611520018429 1.65191716048867 1.56351187475957 1.89394646487199 1.18729492858984 1.14634448522702 1.87288200994954 1.43215178675018 1.07738481671549 1.90590327931568 1.38431110605597 1.4686849839054 1.41976873693056 0.949728571111336 1.49764655064791 1.77764232154004 0
