0 1.37964032357559 1.2891221542377 0.97883816016838 1.08595220465213 1.31070799240842 1.96420587738976 1.47834832896478 1.69687412097119 1.49846642371267 1.20871242089197 1.69851266569458 1.14187763421796 1.44136843224987 1.50083640357479 1.25404900452122 1.60256552346982 1.40683991881087 1.25875807274133 1.94244569772854 1.95725571131334 1.90675708930939 1.00387952267192 1.66109134186991 1.07806142419577 1.11443383805454 1.2976366369985 1.52157776802778 1.79961740388535 1.97044903715141
1.37964032357559 0 1.51996864308603 1.04020016570576 1.05026154313236 1.31975352810696 1.47789307567291 1.24815167603083 1.43104487541132 1.70150603610091 1.05839741858654 1.73725985432975 1.17418949631974 1.25585319241509 1.35078680911101 1.89832321298309 1.53633007803001 1.13013440882787 1.04562905593775 1.45397010841407 1.46157364244573 1.19665545132011 1.05557715799659 1.77973854658194 1.32911038212478 1.9415181260556 1.9171858234331 0.995854563545436 1.48516130866483 1.30549826077186
1.2891221542377 1.51996864308603 0 0.98433544463478 1.14540186757222 1.22112921997905 1.1559057587292 0.977389837848023 1.83866964979097 1.90723677468486 1.66185453580692 1.13339427812025 1.02041427255608 1.61901398189366 1.1420803880319 1.2397769279778 1.35638039396144 1.46448685578071 0.999838595511392 1.12704870593734 1.39876112830825 1.48741795076057 1.46387069346383 1.11675283289514 1.47138647153042 1.85602130065672 1.04402678599581 1.09302174812183 1.68408454675227 1.77197273657657
0.97883816016838 1.04020016570576 0.98433544463478 0 1.41372796520591 1.83425906952471 1.68816376966424 1.11306995991617 1.93975123041309 1.26136466301978 1.00207728426903 1.7100052468013 1.75408686813898 1.81155462283641 1.77286083274521 1.13234974513762 1.09798130462877 1.50966272689402 1.74481702269986 1.1991201036144 1.13327240990475 1.36495874449611 1.48229654785246 1.77874284773134 1.5282810467761 1.6010716969613 1.75289514753968 1.93815636029467 1.37511735176668 0.991610876983032
1.08595220465213 1.05026154313236 1.14540186757222 1.41372796520591 0 1.13009094819427 1.48487558728084 1.21332707675174 1.85970936203375 1.54467124864459 1.96320241037756 1.18453320465051 1.4821154573001 1.386259828927 1.87142175459303 1.31991668255068 1.85034352191724 1.56694993958808 1.10413444344886 1.96645035268739 1.9267693136353 1.40701927780174 1.95109738921747 1.87447545374744 1.97031576861627 1.5653798636049 1.72337407525629 1.92907504737377 1.22920478926972 1.57995868078433
1.31070799240842 1.31975352810696 1.22112921997905 1.83425906952471 1.13009094819427 0 1.18710094527341 1.95464008091949 1.89267165260389 0.989473530324176 1.37749359873123 1.32299162400886 1.51406947220676 1.58437615982257 1.38674394600093 1.86673527793027 0.997094696387649 1.41451745457016 0.996387322200462 1.95722501119599 1.09500149847008 1.71339966519736 1.80562603985891 1.74351777415723 1.37931402469985 1.64609907451086 1.46839244780131 1.9368353523314 1.76755562378094 1.83474690816365
1.96420587738976 1.47789307567291 1.1559057587292 1.68816376966424 1.48487558728084 1.18710094527341 0 1.41798223182559 1.92177865444683 1.75801325333305 1.8926169546321 1.88800726016052 1.02015482145362 1.09975242894143 1.32921951729804 1.24962162016891 1.75355888227932 1.68534879409708 1.35793179553002 1.72177296318114 1.04281183658168 1.78638691757806 1.3723526224494 1.56978525524028 1.91332976240665 1.02585675846785 1.85962377698161 1.37916673324071 1.61764831328765 1.1512846890837
1.47834832896478 1.24815167603083 0.977389837848023 1.11306995991617 1.21332707675174 1.95464008091949 1.41798223182559 0 1.08209990663454 1.63085397076793 1.36751338886097 1.31938262563199 1.15428979555145 1.55970021965913 1.68071151617914 1.68848071899265 1.29430198320188 1.71024446189404 1.2951024712529 1.44509240728803 1.20739632379264 1.25493207620457 1.69515374535695 1.81824228959158 1.25942439516075 1.78771664109081 0.9790131917689 1.66614237450995 1.16453557880595 1.89681101287715
1.69687412097119 1.43104487541132 1.83866964979097 1.93975123041309 1.85970936203375 1.89267165260389 1.92177865444683 1.08209990663454 0 1.18409695802256 1.80146362469532 1.56258664326742 1.21947897830978 1.72807558206841 1.96466427389532 1.65856754989363 1.30752943642437 1.29530589934438 1.74042810313404 1.79447924112901 1.12714133295231 1.06059982022271 1.35614991257899 1.13872202113271 1.32719711028039 1.25013284478337 1.02574638277292 1.31748222187161 0.992324106395245 1.29482631059363
1.49846642371267 1.70150603610091 1.90723677468486 1.26136466301978 1.54467124864459 0.989473530324176 1.75801325333305 1.63085397076793 1.18409695802256 0 1.44156092125922 1.73145213304088 1.64852065872401 0.979036025470123 1.00428074435331 1.02906547999009 1.79103309730999 0.973754823906347 1.26429356541485 1.85441852896474 1.13923877570778 1.04476112150587 1.9308219444938 1.39955323608592 1.45191864110529 1.68456345587038 1.23559424094856 1.95503048994578 1.59101989376359 1.56437238818035
1.20871242089197 1.05839741858654 1.66185453580692 1.00207728426903 1.96320241037756 1.37749359873123 1.8926169546321 1.36751338886097 1.80146362469532 1.44156092125922 0 1.02972518885508 1.24698530999012 1.33117563021369 0.98132522800006 1.29277506307699 1.09392676921561 1.38633013959043 1.03163550281897 1.40057411976159 1.77304616337642 1.64664623327553 1.58822315977886 1.35290611162782 1.61313413269818 1.91549595212564 1.28342394134961 1.1093403280247 1.3949997771997 1.5994228431955
1.69851266569458 1.73725985432975 1.13339427812025 1.7100052468013 1.18453320465051 1.32299162400886 1.88800726016052 1.31938262563199 1.56258664326742 1.73145213304088 1.02972518885508 0 1.59257533145137 1.74874344817363 1.83443553443067 1.18790884432383 1.38042901386507 1.4827318538446 1.65649191103876 1.46661330433562 1.84564814856276 1.20635837316513 1.1917483501602 1.80201707454398 1.1941964388825 1.04763735923916 1.8535056358669 1.87955009844154 1.73872347036377 1.76014594524167
1.14187763421796 1.17418949631974 1.02041427255608 1.75408686813898 1.4821154573001 1.51406947220676 1.02015482145362 1.15428979555145 1.21947897830978 1.64852065872401 1.24698530999012 1.59257533145137 0 1.18044961057603 1.86844718945213 1.52793715172447 0.991908734664321 1.734342971351 1.63253461266868 1.11908673797734 1.27587524824776 1.92379687353969 1.74013457540423 1.77257157047279 1.60034398757853 1.68678318848833 1.01355112716556 1.51815225579776 1.71709640324116 1.64025259227492
1.44136843224987 1.25585319241509 1.61901398189366 1.81155462283641 1.386259828927 1.58437615982257 1.09975242894143 1.55970021965913 1.72807558206841 0.979036025470123 1.33117563021369 1.74874344817363 1.18044961057603 0 1.10828719264828 1.19981981930323 1.88184480089694 1.18819088093005 1.56984899332747 1.8836489985697 1.24487775983289 1.01741547579877 1.56099930079654 1.84514794358984 1.61364822904579 1.83037755615078 1.96757777850144 1.13285156176426 1.31069078901783 1.20805947063491
1.50083640357479 1.35078680911101 1.1420803880319 1.77286083274521 1.87142175459303 1.38674394600093 1.32921951729804 1.68071151617914 1.96466427389532 1.00428074435331 0.98132522800006 1.83443553443067 1.86844718945213 1.10828719264828 0 1.16590559156612 1.38856403715909 1.35975693142973 1.3712177821435 1.87727985461242 0.97637114697136 1.4164069890976 1.61177139659412 1.35016782628372 1.13197830319405 1.44430496334098 1.2973818317987 1.66762755857781 0.987256731372327 1.33757391711697
1.25404900452122 1.89832321298309 1.2397769279778 1.13234974513762 1.31991668255068 1.86673527793027 1.24962162016891 1.68848071899265 1.65856754989363 1.02906547999009 1.29277506307699 1.18790884432383 1.52793715172447 1.19981981930323 1.16590559156612 0 1.85217461339198 1.48679741006345 1.83053171890788 1.52735819388181 1.65787435951643 1.22178959078155 0.999359083594754 1.27320232475176 1.54191418737173 1.01957316347398 1.60029723099433 1.3419695366174 1.96863778913394 1.11721605039202
1.60256552346982 1.53633007803001 1.35638039396144 1.09798130462877 1.85034352191724 0.997094696387649 1.75355888227932 1.29430198320188 1.30752943642437 1.79103309730999 1.09392676921561 1.38042901386507 0.991908734664321 1.88184480089694 1.38856403715909 1.85217461339198 0 1.01399361738004 1.09305796516128 1.69919786998071 1.62502437573858 1.26938625355251 1.74434151104651 1.01957963593304 1.32071698340587 1.18102195905522 1.34344273619354 1.83837518957444 1.19702581339516 1.33818039065227
1.40683991881087 1.13013440882787 1.46448685578071 1.50966272689402 1.56694993958808 1.41451745457016 1.68534879409708 1.71024446189404 1.29530589934438 0.973754823906347 1.38633013959043 1.4827318538446 1.734342971351 1.18819088093005 1.35975693142973 1.48679741006345 1.01399361738004 0 1.49735333584249 1.04303024616092 1.20707109221257 1.25268839276396 1.15295016788878 1.97018174408004 1.16072705062106 1.435445162002 1.28941808477975 1.7347308921162 1.19726340612397 1.12138543836772
1.25875807274133 1.04562905593775 0.999838595511392 1.74481702269986 1.10413444344886 0.996387322200462 1.35793179553002 1.2951024712529 1.74042810313404 1.26429356541485 1.03163550281897 1.65649191103876 1.63253461266868 1.56984899332747 1.3712177821435 1.83053171890788 1.09305796516128 1.49735333584249 0 1.76425695116632 1.47548662428744 1.14056275621988 1.33801728812978 1.27874712157063 1.89417300070636 1.0294403443113 1.23504899232648 1.93877920648083 1.31790858064778 1.4121718427632
1.94244569772854 1.45397010841407 1.12704870593734 1.1991201036144 1.96645035268739 1.95722501119599 1.72177296318114 1.44509240728803 1.79447924112901 1.85441852896474 1.40057411976159 1.46661330433562 1.11908673797734 1.8836489985697 1.87727985461242 1.52735819388181 1.69919786998071 1.04303024616092 1.76425695116632 0 1.63321228208952 1.12172759138048 1.22694553085603 1.42812055372633 1.48640629812144 1.7302769869566 1.64811604795977 1.89912557927892 1.23626239458099 1.8413110692054
1.95725571131334 1.46157364244573 1.39876112830825 1.13327240990475 1.9267693136353 1.09500149847008 1.04281183658168 1.20739632379264 1.12714133295231 1.13923877570778 1.77304616337642 1.84564814856276 1.27587524824776 1.24487775983289 0.97637114697136 1.65787435951643 1.62502437573858 1.20707109221257 1.47548662428744 1.63321228208952 0 1.33484864630736 1.5516666257754 1.94905478297733 1.2521676060278 1.67227975348942 1.76982810883783 1.4024854360614 1.32555909780785 1.95458967820741
1.90675708930939 1.19665545132011 1.48741795076057 1.36495874449611 1.40701927780174 1.71339966519736 1.78638691757806 1.25493207620457 1.06059982022271 1.04476112150587 1.64664623327553 1.20635837316513 1.92379687353969 1.01741547579877 1.4164069890976 1.22178959078155 1.26938625355251 1.25268839276396 1.14056275621988 1.12172759138048 1.33484864630736 0 1.69536232715473 1.93520558997989 1.1989133877214 0.997067600721493 1.81715954723768 1.56984764989465 1.09362298925407 1.82983791525476
1.00387952267192 1.05557715799659 1.46387069346383 1.48229654785246 1.95109738921747 1.80562603985891 1.3723526224494 1.69515374535695 1.35614991257899 1.9308219444938 1.58822315977886 1.1917483501602 1.74013457540423 1.56099930079654 1.61177139659412 0.999359083594754 1.74434151104651 1.15295016788878 1.33801728812978 1.22694553085603 1.5516666257754 1.69536232715473 0 1.66500222403556 1.54715302982368 1.33418541285209 1.0212668965105 1.04162911046296 1.46465835324489 1.49116456997581
1.66109134186991 1.77973854658194 1.11675283289514 1.77874284773134 1.87447545374744 1.74351777415723 1.56978525524028 1.81824228959158 1.13872202113271 1.39955323608592 1.35290611162782 1.80201707454398 1.77257157047279 1.84514794358984 1.35016782628372 1.27320232475176 1.01957963593304 1.97018174408004 1.27874712157063 1.42812055372633 1.94905478297733 1.93520558997989 1.66500222403556 0 1.80827007675543 1.26026015658863 1.67623639246449 1.4365194553975 1.06115623493679 1.9582955443766
1.07806142419577 1.32911038212478 1.47138647153042 1.5282810467761 1.97031576861627 1.37931402469985 1.91332976240665 1.25942439516075 1.32719711028039 1.45191864110529 1.61313413269818 1.1941964388825 1.60034398757853 1.61364822904579 1.13197830319405 1.54191418737173 1.32071698340587 1.16072705062106 1.89417300070636 1.48640629812144 1.2521676060278 1.1989133877214 1.54715302982368 1.80827007675543 0 1.45845618704334 1.47575622634031 1.24601495382376 1.63969438709319 1.14063599938527
1.11443383805454 1.9415181260556 1.85602130065672 1.6010716969613 1.5653798636049 1.64609907451086 1.02585675846785 1.78771664109081 1.25013284478337 1.68456345587038 1.91549595212564 1.04763735923916 1.68678318848833 1.83037755615078 1.44430496334098 1.01957316347398 1.18102195905522 1.435445162002 1.0294403443113 1.7302769869566 1.67227975348942 0.997067600721493 1.33418541285209 1.26026015658863 1.45845618704334 0 1.29432397708297 1.64987746742554 1.29754482442513 1.07940525282174
1.2976366369985 1.9171858234331 1.04402678599581 1.75289514753968 1.72337407525629 1.46839244780131 1.85962377698161 0.9790131917689 1.02574638277292 1.23559424094856 1.28342394134961 1.8535056358669 1.01355112716556 1.96757777850144 1.2973818317987 1.60029723099433 1.34344273619354 1.28941808477975 1.23504899232648 1.64811604795977 1.76982810883783 1.81715954723768 1.0212668965105 1.67623639246449 1.47575622634031 1.29432397708297 0 1.82952909870073 1.42694213264622 1.34623595885932
1.52157776802778 0.995854563545436 1.09302174812183 1.93815636029467 1.92907504737377 1.9368353523314 1.37916673324071 1.66614237450995 1.31748222187161 1.95503048994578 1.1093403280247 1.87955009844154 1.51815225579776 1.13285156176426 1.66762755857781 1.3419695366174 1.83837518957444 1.7347308921162 1.93877920648083 1.89912557927892 1.4024854360614 1.56984764989465 1.04162911046296 1.4365194553975 1.24601495382376 1.64987746742554 1.82952909870073 0 1.81119405617937 1.70278838439845
1.79961740388535 1.48516130866483 1.68408454675227 1.37511735176668 1.22920478926972 1.76755562378094 1.61764831328765 1.16453557880595 0.992324106395245 1.59101989376359 1.3949997771997 1.73872347036377 1.71709640324116 1.31069078901783 0.987256731372327 1.96863778913394 1.19702581339516 1.19726340612397 1.31790858064778 1.23626239458099 1.32555909780785 1.09362298925407 1.46465835324489 1.06115623493679 1.63969438709319 1.29754482442513 1.42694213264622 1.81119405617937 0 1.67186223086901
1.97044903715141 1.30549826077186 1.77197273657657 0.991610876983032 1.57995868078433 1.83474690816365 1.1512846890837 1.89681101287715 1.29482631059363 1.56437238818035 1.5994228431955 1.76014594524167 1.64025259227492 1.20805947063491 1.33757391711697 1.11721605039202 1.33818039065227 1.12138543836772 1.4121718427632 1.8413110692054 1.95458967820741 1.82983791525476 1.49116456997581 1.9582955443766 1.14063599938527 1.07940525282174 1.34623595885932 1.70278838439845 1.67186223086901 0
