0 1.24126207875088 1.59164488851093 1.20333183184266 1.59540728386492 1.44903031922877 1.30242028436624 1.86394896102138 1.19864301453345 1.55212273891084 1.67985168658197 1.26936632581055 0.938298584427685 1.76717040035874 1.14973027794622 1.1406398108229 1.48294404381886 1.11979745444842 1.4901160094887 1.54748185910285 1.77361354487948 1.17240819707513 0.977875246200711 1.29776952741668 1.49390299478546 1.25591279822402 1.34343592007644 1.85256097861566 1.53023271402344 1.18381487461738
1.24126207875088 0 0.97682863031514 1.80434436444193 1.61496510589495 1.59585944749415 1.71242776256986 1.24427421437576 0.987962269224226 1.835633514449 1.13478886871599 1.11968909739517 1.53633236396126 1.46591035439633 0.983414809219539 1.71682593459263 1.13699901872315 0.919778727227822 1.74940176354721 1.88847277499735 1.07918388326652 1.65525690792128 1.7343167711515 1.31709455163218 1.63443845929578 1.44346336438321 0.960068356012926 1.30028220405802 1.72896781680174 1.20565643068403
1.59164488851093 0.97682863031514 0 1.71511353482492 1.3868742887862 1.82716362481005 1.17095516272821 1.29565423470922 1.11169389169663 1.4485385788139 1.49891769443639 1.47854352230206 1.19310395536013 1.22480933251791 1.40365990507416 1.27885567187332 1.57476588641293 1.29525357065722 1.10587612562813 1.82915017800406 1.00252917571925 1.01226875092834 1.18411413347349 1.69398295553401 1.77451847423799 1.10013705049641 1.83474773145281 1.34630598127842 1.64797769114375 1.58047457761131
1.20333183184266 1.80434436444193 1.71511353482492 0 1.5191290252842 1.34112845477648 1.75716038234532 1.24644897552207 0.996408740989864 1.12043077079579 1.29945970396511 1.04011428798549 1.21996471704915 1.13819395727478 1.43314830376767 1.72076370497234 1.3479050018359 1.5089772362262 1.63230945635587 1.69342976342887 1.5256126804743 1.55323504772969 1.79897990636528 1.35401029256172 1.1806157680694 1.12545597902499 1.22498110448942 1.52461554855108 1.88903443189338 1.25633297674358
1.59540728386492 1.61496510589495 1.3868742887862 1.5191290252842 0 1.53570227394812 1.83907756931148 1.64910881803371 0.955243313452229 1.84721873886883 1.30103339278139 1.08881679968908 1.4152690526098 1.38734467886388 1.82063512597233 1.03485126723535 1.33436504169367 1.2065396043472 1.58596406970173 1.40712495846674 1.86571306572296 1.26606932911091 1.79811699222773 1.541444941191 1.47005434846506 1.71287321764976 0.961531264241785 1.04422956961207 1.62593513121828 1.56203922233544
1.44903031922877 1.59585944749415 1.82716362481005 1.34112845477648 1.53570227394812 0 1.56302858167328 1.89903850457631 1.43332357890904 1.06348634650931 1.05934187211096 1.36308435769752 1.35909624444321 0.939190540928394 1.87533375713974 0.992294481256977 1.0638808386866 1.12118729017675 1.63324287626892 1.54392690747045 1.19829209707677 1.24711547465995 1.06539227534086 1.00014327093959 1.04116186825559 0.970545308897272 1.56477381382138 1.77900826721452 1.19634642801248 1.626106351614
1.30242028436624 1.71242776256986 1.17095516272821 1.75716038234532 1.83907756931148 1.56302858167328 0 0.977497659623623 1.53691407805309 1.12408231268637 1.13261927734129 1.69508301536553 1.39147599670105 1.25282610114664 1.01896560168825 1.36312801390886 1.24716162984259 1.59453264577314 1.19537983625196 1.53193348832428 1.8626390947029 1.84136500861496 1.8906167531386 1.82504396722652 1.32877717819065 1.03185916948132 1.57359895319678 1.61622042325325 1.71008756291121 1.78015029896051
1.86394896102138 1.24427421437576 1.29565423470922 1.24644897552207 1.64910881803371 1.89903850457631 0.977497659623623 0 1.79320063022897 1.41616295231506 1.63054874166846 1.53945055394433 1.24182079639286 1.64925498887897 1.15761835756712 0.920957321999595 1.61427102657035 1.67983035813086 1.2174281689804 1.39764751191251 1.58384228195064 1.12630470190197 1.42252756166272 0.947023306041956 1.11730211065151 1.59276172309183 1.20277019450441 1.08442949689925 1.62073885439895 1.0918846107088
1.19864301453345 0.987962269224226 1.11169389169663 0.996408740989864 0.955243313452229 1.43332357890904 1.53691407805309 1.79320063022897 0 1.1492296368815 1.16066799079999 1.24337453441694 1.39323431113735 1.59754045121372 1.38580224313773 1.36133548174985 1.20759849878959 1.81069263978861 1.49583021225408 1.03439722047187 1.28675206005573 1.77872287691571 1.49952511140145 1.06933194235899 1.24426175607368 0.950405303854495 1.85764103243127 1.84432787704282 1.74878736166283 1.55425702943467
1.55212273891084 1.835633514449 1.4485385788139 1.12043077079579 1.84721873886883 1.06348634650931 1.12408231268637 1.41616295231506 1.1492296368815 0 1.82360122189857 1.25193061609752 1.34514614357613 1.78595887264237 1.6556982754264 1.31163294008002 1.4141460172832 1.29114055423997 1.78337841923349 1.42406409420073 1.16776111861691 1.12680293899029 1.16078473697416 1.83237187401392 1.64608082571067 0.997361578512937 0.937533763935789 1.28920672112145 1.66954591916874 1.76884933840483
1.67985168658197 1.13478886871599 1.49891769443639 1.29945970396511 1.30103339278139 1.05934187211096 1.13261927734129 1.63054874166846 1.16066799079999 1.82360122189857 0 1.28117790236138 1.53058641031384 1.53288737311959 1.90550062246621 1.16186501970515 1.60901447641663 1.39819572889246 1.02673998009413 1.9023658495862 1.62483229162171 1.18310929718427 1.35659475205466 1.90176830161363 1.53024019650184 1.58477814286016 1.83765337080695 1.35443151229993 1.79612307972275 1.68675079103559
1.26936632581055 1.11968909739517 1.47854352230206 1.04011428798549 1.08881679968908 1.36308435769752 1.69508301536553 1.53945055394433 1.24337453441694 1.25193061609752 1.28117790236138 0 1.2449009004049 1.87743392726406 1.55968756228685 1.5168602571357 1.15866399207152 1.71941403928213 1.42764882673509 1.41066195536405 1.66111951461062 1.26434704964049 1.06053227442317 1.30156103638001 1.53731853282079 1.12469335622154 1.5621859091334 1.11696840636432 1.44179013534449 1.28823040076531
0.938298584427685 1.53633236396126 1.19310395536013 1.21996471704915 1.4152690526098 1.35909624444321 1.39147599670105 1.24182079639286 1.39323431113735 1.34514614357613 1.53058641031384 1.2449009004049 0 1.36931887432002 1.6091117807664 1.20685265981592 1.76218500453979 1.42141264444217 1.73649870255031 1.14469494041987 1.17807334358804 1.87989333178848 1.3903661230579 1.09002658887766 1.23292031581514 1.37219203077257 0.992382194614038 1.28580994461663 1.38778537744656 1.49953677668236
1.76717040035874 1.46591035439633 1.22480933251791 1.13819395727478 1.38734467886388 0.939190540928394 1.25282610114664 1.64925498887897 1.59754045121372 1.78595887264237 1.53288737311959 1.87743392726406 1.36931887432002 0 1.83661242364906 1.1273926498834 1.26509958785027 1.19791920366697 1.04918785928749 1.31409030500799 1.25566857820377 1.26218029577285 1.88573163514957 1.28015719307587 0.96415663161315 1.84942114190198 1.25423560012132 1.30474817100912 1.21558856335469 1.05902550765313
1.14973027794622 0.983414809219539 1.40365990507416 1.43314830376767 1.82063512597233 1.87533375713974 1.01896560168825 1.15761835756712 1.38580224313773 1.6556982754264 1.90550062246621 1.55968756228685 1.6091117807664 1.83661242364906 0 1.83413998549804 1.7430232251063 1.79734012950212 1.63316726521589 1.28120105108246 0.93348159827292 1.33654102543369 1.3516458584927 1.32202385435812 1.65495306416415 1.64385893871076 1.73642778792419 1.51302796602249 1.54973454982974 0.992244134657085
1.1406398108229 1.71682593459263 1.27885567187332 1.72076370497234 1.03485126723535 0.992294481256977 1.36312801390886 0.920957321999595 1.36133548174985 1.31163294008002 1.16186501970515 1.5168602571357 1.20685265981592 1.1273926498834 1.83413998549804 0 1.67539418442175 1.63074935600162 1.78034341032617 1.83018205105327 1.40224290639162 0.98969835950993 1.83247774234042 1.39008397120051 0.993263168027624 1.15600109775551 1.67758941091597 1.20513608073816 1.4427269117441 1.37911689304747
1.48294404381886 1.13699901872315 1.57476588641293 1.3479050018359 1.33436504169367 1.0638808386866 1.24716162984259 1.61427102657035 1.20759849878959 1.4141460172832 1.60901447641663 1.15866399207152 1.76218500453979 1.26509958785027 1.7430232251063 1.67539418442175 0 1.48385018249974 1.4921546196565 1.49167903838679 1.56733190594241 0.998612083494663 1.62327496265061 1.66925208293833 1.33620655909181 1.13588907523081 1.79162317025475 1.11490415036678 1.68148052832112 1.54153358004987
1.11979745444842 0.919778727227822 1.29525357065722 1.5089772362262 1.2065396043472 1.12118729017675 1.59453264577314 1.67983035813086 1.81069263978861 1.29114055423997 1.39819572889246 1.71941403928213 1.42141264444217 1.19791920366697 1.79734012950212 1.63074935600162 1.48385018249974 0 1.9027690209914 1.33037201943807 1.00335282715969 1.16982355318032 1.22282639890909 1.77691988600418 1.06102129421197 1.22682038228959 0.978979028295726 1.7376948252786 1.40525865624659 1.43516245018691
1.4901160094887 1.74940176354721 1.10587612562813 1.63230945635587 1.58596406970173 1.63324287626892 1.19537983625196 1.2174281689804 1.49583021225408 1.78337841923349 1.02673998009413 1.42764882673509 1.73649870255031 1.04918785928749 1.63316726521589 1.78034341032617 1.4921546196565 1.9027690209914 0 1.7636969180312 1.72787582478486 1.15005765040405 1.18881167471409 1.22735276748426 1.56712588877417 1.81409256206825 1.80325931147672 1.50217496370897 1.36274006636813 1.65865184576251
1.54748185910285 1.88847277499735 1.82915017800406 1.69342976342887 1.40712495846674 1.54392690747045 1.53193348832428 1.39764751191251 1.03439722047187 1.42406409420073 1.9023658495862 1.41066195536405 1.14469494041987 1.31409030500799 1.28120105108246 1.83018205105327 1.49167903838679 1.33037201943807 1.7636969180312 0 1.4561310026329 1.09562602429651 1.47128842468373 1.70609198021702 0.928446819074452 1.32913072733209 0.928404418984428 1.26113094412722 1.78826030786149 1.15915936580859
1.77361354487948 1.07918388326652 1.00252917571925 1.5256126804743 1.86571306572296 1.19829209707677 1.8626390947029 1.58384228195064 1.28675206005573 1.16776111861691 1.62483229162171 1.66111951461062 1.17807334358804 1.25566857820377 0.93348159827292 1.40224290639162 1.56733190594241 1.00335282715969 1.72787582478486 1.4561310026329 0 1.43030519364402 1.57064765389077 1.77789486548863 1.3788777908776 1.89526868565008 1.6512731583789 1.25319795217365 1.30141333420761 0.991455730516464
1.17240819707513 1.65525690792128 1.01226875092834 1.55323504772969 1.26606932911091 1.24711547465995 1.84136500861496 1.12630470190197 1.77872287691571 1.12680293899029 1.18310929718427 1.26434704964049 1.87989333178848 1.26218029577285 1.33654102543369 0.98969835950993 0.998612083494663 1.16982355318032 1.15005765040405 1.09562602429651 1.43030519364402 0 1.77767747431062 1.47776905749924 1.40932503249496 1.75281040812843 1.00022373348475 1.5257567698136 1.75515760784037 1.52352067572065
0.977875246200711 1.7343167711515 1.18411413347349 1.79897990636528 1.79811699222773 1.06539227534086 1.8906167531386 1.42252756166272 1.49952511140145 1.16078473697416 1.35659475205466 1.06053227442317 1.3903661230579 1.88573163514957 1.3516458584927 1.83247774234042 1.62327496265061 1.22282639890909 1.18881167471409 1.47128842468373 1.57064765389077 1.77767747431062 0 1.84380400017835 1.64583219704218 1.26588231953792 1.89831639057957 1.79283964564092 1.39905172749422 1.40025896742009
1.29776952741668 1.31709455163218 1.69398295553401 1.35401029256172 1.541444941191 1.00014327093959 1.82504396722652 0.947023306041956 1.06933194235899 1.83237187401392 1.90176830161363 1.30156103638001 1.09002658887766 1.28015719307587 1.32202385435812 1.39008397120051 1.66925208293833 1.77691988600418 1.22735276748426 1.70609198021702 1.77789486548863 1.47776905749924 1.84380400017835 0 1.19926680997014 1.73432224523276 1.50537570682354 1.27478746813722 1.25453764037229 1.87615654920228
1.49390299478546 1.63443845929578 1.77451847423799 1.1806157680694 1.47005434846506 1.04116186825559 1.32877717819065 1.11730211065151 1.24426175607368 1.64608082571067 1.53024019650184 1.53731853282079 1.23292031581514 0.96415663161315 1.65495306416415 0.993263168027624 1.33620655909181 1.06102129421197 1.56712588877417 0.928446819074452 1.3788777908776 1.40932503249496 1.64583219704218 1.19926680997014 0 0.90954222669825 1.17006365093403 0.947805485920981 1.66361725237221 1.01205496420152
1.25591279822402 1.44346336438321 1.10013705049641 1.12545597902499 1.71287321764976 0.970545308897272 1.03185916948132 1.59276172309183 0.950405303854495 0.997361578512937 1.58477814286016 1.12469335622154 1.37219203077257 1.84942114190198 1.64385893871076 1.15600109775551 1.13588907523081 1.22682038228959 1.81409256206825 1.32913072733209 1.89526868565008 1.75281040812843 1.26588231953792 1.73432224523276 0.90954222669825 0 1.2058594727423 1.1877146253828 1.69460295257159 1.70643668156117
1.34343592007644 0.960068356012926 1.83474773145281 1.22498110448942 0.961531264241785 1.56477381382138 1.57359895319678 1.20277019450441 1.85764103243127 0.937533763935789 1.83765337080695 1.5621859091334 0.992382194614038 1.25423560012132 1.73642778792419 1.67758941091597 1.79162317025475 0.978979028295726 1.80325931147672 0.928404418984428 1.6512731583789 1.00022373348475 1.89831639057957 1.50537570682354 1.17006365093403 1.2058594727423 0 1.15349900024012 1.85226829652674 0.929158817278221
1.85256097861566 1.30028220405802 1.34630598127842 1.52461554855108 1.04422956961207 1.77900826721452 1.61622042325325 1.08442949689925 1.84432787704282 1.28920672112145 1.35443151229993 1.11696840636432 1.28580994461663 1.30474817100912 1.51302796602249 1.20513608073816 1.11490415036678 1.7376948252786 1.50217496370897 1.26113094412722 1.25319795217365 1.5257567698136 1.79283964564092 1.27478746813722 0.947805485920981 1.1877146253828 1.15349900024012 0 1.20667166635394 1.84372093551792
1.53023271402344 1.72896781680174 1.64797769114375 1.88903443189338 1.62593513121828 1.19634642801248 1.71008756291121 1.62073885439895 1.74878736166283 1.66954591916874 1.79612307972275 1.44179013534449 1.38778537744656 1.21558856335469 1.54973454982974 1.4427269117441 1.68148052832112 1.40525865624659 1.36274006636813 1.78826030786149 1.30141333420761 1.75515760784037 1.39905172749422 1.25453764037229 1.66361725237221 1.69460295257159 1.85226829652674 1.20667166635394 0 0.965002877404913
1.18381487461738 1.20565643068403 1.58047457761131 1.25633297674358 1.56203922233544 1.626106351614 1.78015029896051 1.0918846107088 1.55425702943467 1.76884933840483 1.68675079103559 1.28823040076531 1.49953677668236 1.05902550765313 0.992244134657085 1.37911689304747 1.54153358004987 1.43516245018691 1.65865184576251 1.15915936580859 0.991455730516464 1.52352067572065 1.40025896742009 1.87615654920228 1.01205496420152 1.70643668156117 0.929158817278221 1.84372093551792 0.965002877404913 0
