0 1.59341623121873 1.31018503056839 1.23215225315653 0.987631583120674 1.61827328358777 0.987697396194562 1.03400107682683 1.08054905664176 1.63084884430282 1.76934014610015 1.71994251571596 1.61172716435976 1.9311833132524 1.5513468098361 1.15251443418674 1.21945336414501 1.24120543780737 1.02860702178441 1.47687375266105 0.989575911778957 1.1157275584992 1.27319170883857 1.62179961963557 1.47378798574209 1.20991224353202 1.01123025128618 1.64639526023529 0.974852213170379 1.33515991060995
1.59341623121873 0 0.961039902409539 0.994878138415515 1.31099497550167 1.00512026087381 1.01405881997198 1.91983095975593 1.15843700710684 1.19276253855787 1.92299986677244 1.01826924760826 1.5168742206879 1.38820286560804 1.26336521212943 1.13655723864213 1.58543322980404 0.974072047509253 1.41490672389045 1.48412164091133 1.55321334209293 1.30857429583557 1.89894705964252 1.04330412275158 1.88551842630841 1.07853095023893 0.985928105190396 1.70260988571681 1.32498122612014 1.44560285052285
1.31018503056839 0.961039902409539 0 1.29178794519976 1.21921052713878 1.91802424471825 1.4303519455716 1.20107021811418 1.00471260608174 1.58580051409081 1.20263518439606 1.28760013822466 1.87840983271599 1.0154640704859 1.77336510526948 1.33696241141297 1.69319588877261 1.14485991839319 1.09546866687015 1.27015479421243 1.09503304073587 1.01782817393541 1.07226026942953 0.966416249983013 1.20389318047091 1.28156361519359 0.958940725773573 1.53145489492454 1.16419435269199 1.62201591185294
1.23215225315653 0.994878138415515 1.29178794519976 0 0.986400073859841 1.09929133602418 1.71714711422101 1.19593833340332 1.18043723423034 1.14036614168435 1.3657530292403 1.40592121426016 1.77234740415588 1.07592358044349 1.88946494879201 1.61314149131067 1.6954856000375 1.39757894957438 1.1379598157946 1.4005820362363 1.28972024004906 1.38784953323193 1.15047426940873 1.57105556945316 1.09911848581396 1.68708013487048 1.61430503777228 1.92639436759055 1.89165528933518 1.70351229025982
0.987631583120674 1.31099497550167 1.21921052713878 0.986400073859841 0 1.31515659298748 1.6961789787747 1.29640983557329 1.09840650553815 1.08057143283077 1.31332980282605 1.69635272817686 1.71435232227668 1.21672840532847 1.82620430039242 1.90850169328041 1.34721705736592 1.11130352737382 1.63134277262725 1.4040269004181 1.79684031824581 1.50790871796198 1.3924873676151 1.90022318111733 1.05707271792926 1.76679861266166 0.981196972774342 1.49330077669583 1.51851312047802 1.1578601107467
1.61827328358777 1.00512026087381 1.91802424471825 1.09929133602418 1.31515659298748 0 1.44547779182903 1.27086389437318 1.67372663435526 1.41676544724032 1.21107883425429 1.50679188291542 1.89426070242189 1.69973582308739 1.92213601153344 1.06440690485761 1.09807969885878 1.88633778039366 1.33837147057056 1.90121315442957 1.0383489553351 1.33128683757968 1.45323182852007 1.14981514681131 1.00448498758487 1.49632157711312 1.07899065921083 1.57691080705263 1.29329413641244 1.31863928074017
0.987697396194562 1.01405881997198 1.4303519455716 1.71714711422101 1.6961789787747 1.44547779182903 0 1.12107795290649 1.37366388388909 1.73277843464166 1.91601532418281 1.90732217370532 1.78316176100634 1.36092622205615 1.75665465695783 1.43990740296431 1.48958936706185 1.68118305667304 1.57326233037747 1.5542234973982 1.28345033479854 1.34351665782742 1.81269754539244 1.18439093069173 1.48373244307004 1.66888258256949 1.41706594405696 1.66436705458909 1.17057073977776 1.6412452692166
1.03400107682683 1.91983095975593 1.20107021811418 1.19593833340332 1.29640983557329 1.27086389437318 1.12107795290649 0 1.30742164887488 1.85429589822888 1.67157667246647 1.01916049118154 1.52333127148449 0.946880643256009 1.28489316161722 1.24171361280605 1.54025862016715 1.42958502471447 1.59226143360138 1.60334197781049 0.962349958950654 1.42033848492429 1.45445644669235 1.57084086560644 1.73510609054938 0.979439007351175 1.31496415170841 1.17477147351019 1.84230131166987 1.24850985687226
1.08054905664176 1.15843700710684 1.00471260608174 1.18043723423034 1.09840650553815 1.67372663435526 1.37366388388909 1.30742164887488 0 1.9192461152561 1.18500162684359 1.04065055167302 1.6254149293527 1.07416115165688 1.24321788782254 1.6073602756951 1.2969332956709 1.00687248143367 1.62151288194582 1.24894256633706 1.44926989404485 1.79997218144126 1.24878685618751 1.61151594598778 1.18251838511787 1.3758884423878 1.04307743324898 1.63534977356903 1.87171057891101 1.4985237615183
1.63084884430282 1.19276253855787 1.58580051409081 1.14036614168435 1.08057143283077 1.41676544724032 1.73277843464166 1.85429589822888 1.9192461152561 0 1.86214986303821 1.4280412516091 1.0204356610775 1.85465546255 1.87854852643795 1.21060536638834 1.07909950963221 1.22609732067212 1.08439852320589 1.40074846032076 1.85639112838544 1.88208986143582 1.41416809312068 0.936926641501486 1.21453030710109 1.39471988123842 1.86190233379602 1.36320194299333 1.00581469293684 1.88293665205128
1.76934014610015 1.92299986677244 1.20263518439606 1.3657530292403 1.31332980282605 1.21107883425429 1.91601532418281 1.67157667246647 1.18500162684359 1.86214986303821 0 1.11585609987378 1.3893359862268 1.02906133700162 0.984518959186971 1.76459192996845 1.43967078230344 1.29704091674648 1.20346500561573 1.47861868701875 1.8188662850298 1.2974324435927 1.00791744911112 1.6296746484004 1.22373307449743 1.35206403862685 0.937071761582047 1.42382393172011 1.25265036826022 1.31384028913453
1.71994251571596 1.01826924760826 1.28760013822466 1.40592121426016 1.69635272817686 1.50679188291542 1.90732217370532 1.01916049118154 1.04065055167302 1.4280412516091 1.11585609987378 0 1.74758754344657 1.83931420580484 1.37533626309596 1.1981680074241 1.54664257448167 1.26068586390465 1.8969379903283 1.91779981087893 0.942835532594472 1.52234301157296 1.87286709155887 1.01454454706982 1.03919310355559 1.53791968384758 1.78672167728655 1.08066085586324 1.21231173910201 1.93526821373962
1.61172716435976 1.5168742206879 1.87840983271599 1.77234740415588 1.71435232227668 1.89426070242189 1.78316176100634 1.52333127148449 1.6254149293527 1.0204356610775 1.3893359862268 1.74758754344657 0 1.30409546289593 0.964126585051417 1.58594652311876 1.05547422682866 1.66003300179727 1.41967728896998 1.43086566193961 1.92850074148737 1.12443418102339 1.16490865219384 1.73318425379694 1.03392586205155 1.5000775817316 0.945248470408842 1.70107132522389 1.61242084461264 1.19006580463611
1.9311833132524 1.38820286560804 1.0154640704859 1.07592358044349 1.21672840532847 1.69973582308739 1.36092622205615 0.946880643256009 1.07416115165688 1.85465546255 1.02906133700162 1.83931420580484 1.30409546289593 0 1.43975588888861 1.0255021317862 1.49755460652523 1.49815487675369 1.41036115656607 1.88281321339309 1.61338956025429 1.63060195557773 1.46402335609309 1.59848626540042 1.37933950475417 1.15165904746391 1.27310591679998 1.73748879833147 1.90801901114173 1.21673051826656
1.5513468098361 1.26336521212943 1.77336510526948 1.88946494879201 1.82620430039242 1.92213601153344 1.75665465695783 1.28489316161722 1.24321788782254 1.87854852643795 0.984518959186971 1.37533626309596 0.964126585051417 1.43975588888861 0 1.91340594948269 1.55860620015301 1.01967879082076 1.03457908099517 1.6232496148441 1.49019648390822 1.12918177666143 1.55168420914561 1.23205754929222 1.57389394915663 0.939782198518515 1.09819960338064 1.71291233319789 1.51640016492456 1.43365497607738
1.15251443418674 1.13655723864213 1.33696241141297 1.61314149131067 1.90850169328041 1.06440690485761 1.43990740296431 1.24171361280605 1.6073602756951 1.21060536638834 1.76459192996845 1.1981680074241 1.58594652311876 1.0255021317862 1.91340594948269 0 1.84020169870928 1.30317305750214 1.49317187280394 1.4377880662214 1.62109016161412 1.06816028617322 1.70132356486283 1.6296964881476 1.29731875355355 1.40902610938065 1.13405397953466 1.17673539207317 1.26104180235416 1.75631596008316
1.21945336414501 1.58543322980404 1.69319588877261 1.6954856000375 1.34721705736592 1.09807969885878 1.48958936706185 1.54025862016715 1.2969332956709 1.07909950963221 1.43967078230344 1.54664257448167 1.05547422682866 1.49755460652523 1.55860620015301 1.84020169870928 0 1.01848495285958 1.40483149164356 1.81781253567897 1.25584105984308 1.65781230526045 1.22428378043696 1.40677940892056 1.35280607570894 1.91784449876286 1.26344485022128 1.44770818715915 1.50246107578278 1.24110121675767
1.24120543780737 0.974072047509253 1.14485991839319 1.39757894957438 1.11130352737382 1.88633778039366 1.68118305667304 1.42958502471447 1.00687248143367 1.22609732067212 1.29704091674648 1.26068586390465 1.66003300179727 1.49815487675369 1.01967879082076 1.30317305750214 1.01848495285958 0 1.56564503069967 0.985977423610166 1.7090109589044 1.61053569801152 1.45429827389307 1.08170392503962 1.41119430959225 1.46120452834293 1.04582845792174 1.6540531066712 0.996872677700594 1.78392456332222
1.02860702178441 1.41490672389045 1.09546866687015 1.1379598157946 1.63134277262725 1.33837147057056 1.57326233037747 1.59226143360138 1.62151288194582 1.08439852320589 1.20346500561573 1.8969379903283 1.41967728896998 1.41036115656607 1.03457908099517 1.49317187280394 1.40483149164356 1.56564503069967 0 1.17352457670495 1.53137122979388 1.81357613252476 1.87354218470864 1.35212667938322 1.84008164866827 1.72485237265937 1.30148189328611 1.841414765222 1.86868779431097 1.76953807799146
1.47687375266105 1.48412164091133 1.27015479421243 1.4005820362363 1.4040269004181 1.90121315442957 1.5542234973982 1.60334197781049 1.24894256633706 1.40074846032076 1.47861868701875 1.91779981087893 1.43086566193961 1.88281321339309 1.6232496148441 1.4377880662214 1.81781253567897 0.985977423610166 1.17352457670495 0 1.74642360350117 1.62796273012646 1.71422473946586 1.27471719984896 1.76877129008062 1.43314989027567 1.71024398668669 1.04085727967322 1.27847526129335 1.54677321901545
0.989575911778957 1.55321334209293 1.09503304073587 1.28972024004906 1.79684031824581 1.0383489553351 1.28345033479854 0.962349958950654 1.44926989404485 1.85639112838544 1.8188662850298 0.942835532594472 1.92850074148737 1.61338956025429 1.49019648390822 1.62109016161412 1.25584105984308 1.7090109589044 1.53137122979388 1.74642360350117 0 1.11448348197155 1.26310072792694 1.41356690996327 1.66238614916801 1.41449688258581 1.50769226253033 1.36238434282131 1.87722139176913 1.69953070976771
1.1157275584992 1.30857429583557 1.01782817393541 1.38784953323193 1.50790871796198 1.33128683757968 1.34351665782742 1.42033848492429 1.79997218144126 1.88208986143582 1.2974324435927 1.52234301157296 1.12443418102339 1.63060195557773 1.12918177666143 1.06816028617322 1.65781230526045 1.61053569801152 1.81357613252476 1.62796273012646 1.11448348197155 0 1.45469193253666 1.87566693220288 1.48449837043881 1.84455075231381 1.34636732609943 1.17487187799998 0.956745716044679 1.17724801693112
1.27319170883857 1.89894705964252 1.07226026942953 1.15047426940873 1.3924873676151 1.45323182852007 1.81269754539244 1.45445644669235 1.24878685618751 1.41416809312068 1.00791744911112 1.87286709155887 1.16490865219384 1.46402335609309 1.55168420914561 1.70132356486283 1.22428378043696 1.45429827389307 1.87354218470864 1.71422473946586 1.26310072792694 1.45469193253666 0 1.36613968992606 1.02750634239055 1.69218834652565 1.90690287714824 1.21636608382687 1.20557135669515 1.67336054518819
1.62179961963557 1.04330412275158 0.966416249983013 1.57105556945316 1.90022318111733 1.14981514681131 1.18439093069173 1.57084086560644 1.61151594598778 0.936926641501486 1.6296746484004 1.01454454706982 1.73318425379694 1.59848626540042 1.23205754929222 1.6296964881476 1.40677940892056 1.08170392503962 1.35212667938322 1.27471719984896 1.41356690996327 1.87566693220288 1.36613968992606 0 1.5867454467807 1.27445942931809 1.53878923202865 1.68035007733852 1.38061247370206 1.5403269585222
1.47378798574209 1.88551842630841 1.20389318047091 1.09911848581396 1.05707271792926 1.00448498758487 1.48373244307004 1.73510609054938 1.18251838511787 1.21453030710109 1.22373307449743 1.03919310355559 1.03392586205155 1.37933950475417 1.57389394915663 1.29731875355355 1.35280607570894 1.41119430959225 1.84008164866827 1.76877129008062 1.66238614916801 1.48449837043881 1.02750634239055 1.5867454467807 0 1.43174569960684 1.84891467005946 1.75751443626359 1.26510532130487 1.56474337331019
1.20991224353202 1.07853095023893 1.28156361519359 1.68708013487048 1.76679861266166 1.49632157711312 1.66888258256949 0.979439007351175 1.3758884423878 1.39471988123842 1.35206403862685 1.53791968384758 1.5000775817316 1.15165904746391 0.939782198518515 1.40902610938065 1.91784449876286 1.46120452834293 1.72485237265937 1.43314989027567 1.41449688258581 1.84455075231381 1.69218834652565 1.27445942931809 1.43174569960684 0 1.52834771107882 1.05113062844612 1.41065938258544 1.84390072152019
1.01123025128618 0.985928105190396 0.958940725773573 1.61430503777228 0.981196972774342 1.07899065921083 1.41706594405696 1.31496415170841 1.04307743324898 1.86190233379602 0.937071761582047 1.78672167728655 0.945248470408842 1.27310591679998 1.09819960338064 1.13405397953466 1.26344485022128 1.04582845792174 1.30148189328611 1.71024398668669 1.50769226253033 1.34636732609943 1.90690287714824 1.53878923202865 1.84891467005946 1.52834771107882 0 1.50049838377163 1.60805616737343 1.34752628207207
1.64639526023529 1.70260988571681 1.53145489492454 1.92639436759055 1.49330077669583 1.57691080705263 1.66436705458909 1.17477147351019 1.63534977356903 1.36320194299333 1.42382393172011 1.08066085586324 1.70107132522389 1.73748879833147 1.71291233319789 1.17673539207317 1.44770818715915 1.6540531066712 1.841414765222 1.04085727967322 1.36238434282131 1.17487187799998 1.21636608382687 1.68035007733852 1.75751443626359 1.05113062844612 1.50049838377163 0 0.969773891847581 1.62376954895444
0.974852213170379 1.32498122612014 1.16419435269199 1.89165528933518 1.51851312047802 1.29329413641244 1.17057073977776 1.84230131166987 1.87171057891101 1.00581469293684 1.25265036826022 1.21231173910201 1.61242084461264 1.90801901114173 1.51640016492456 1.26104180235416 1.50246107578278 0.996872677700594 1.86868779431097 1.27847526129335 1.87722139176913 0.956745716044679 1.20557135669515 1.38061247370206 1.26510532130487 1.41065938258544 1.60805616737343 0.969773891847581 0 1.50967684132047
1.33515991060995 1.44560285052285 1.62201591185294 1.70351229025982 1.1578601107467 1.31863928074017 1.6412452692166 1.24850985687226 1.4985237615183 1.88293665205128 1.31384028913453 1.93526821373962 1.19006580463611 1.21673051826656 1.43365497607738 1.75631596008316 1.24110121675767 1.78392456332222 1.76953807799146 1.54677321901545 1.69953070976771 1.17724801693112 1.67336054518819 1.5403269585222 1.56474337331019 1.84390072152019 1.34752628207207 1.62376954895444 1.50967684132047 0
