0 1.19823242165148 1.65343216760084 1.8879248755984 1.14124960964546 0.940130785107613 0.913395813899115 1.52253860305063 1.2437664673198 1.8343636947684 1.21327509009279 1.0685529364273 1.8448051395826 1.55792196583934 1.58796847588383 1.67824032413773 1.76038882671855 1.86515085538849 1.62325067468919 1.18433699756861 1.38271898939274 1.06539246463217 1.49704621941783 1.82550645642914 1.13912790338509 1.4705269781407 1.87990126176737 1.80361278075725 1.80045598139986 1.37006149813533
1.19823242165148 0 1.23997454019263 1.60906654270366 1.11291003855877 1.84691478707828 1.80759545206092 0.981310264207423 1.23055754741654 1.74550258065574 1.04927519219927 1.18933027377352 1.17958654696122 1.52437873487361 1.68151432019658 1.20941336173564 1.7619439412374 1.44893063884228 1.74408929306082 0.941283926134929 0.967873002868146 1.61439631413668 1.00017062877305 1.84488380793482 1.24310159869492 1.05763293616474 1.31645412510261 1.68295210786164 0.968565962044522 1.22164676664397
1.65343216760084 1.23997454019263 0 1.17446046578698 0.924683408113196 1.33401524857618 1.12193740648217 1.27428522123955 1.25263809668832 1.54259942425415 1.26193307922222 1.84455366316251 0.950156868668273 1.07024507294409 1.50225299689919 1.83595510968007 1.88096941937692 1.28231924097054 1.84017625683919 1.53916596528143 1.70870430627838 1.53183460654691 0.93879510788247 1.18772207247093 1.89665557607077 1.50821216707118 1.25971131934784 0.938022507820278 1.62961345352232 1.76422239840031
1.8879248755984 1.60906654270366 1.17446046578698 0 1.09829102805816 1.89853337430395 1.72611596970819 1.1885012993589 1.06175763928331 1.60132458154112 1.55826297099702 1.1533785588108 1.27291697985493 1.02274010959081 1.09096186747774 1.26303723896854 0.986590046668425 1.39609505981207 1.55886892974377 1.24939844966866 1.8313383127097 1.59018859430216 1.80133702000603 1.18811623658985 1.0257568936795 1.71422519069165 0.990859939716756 0.940550188766792 1.81537111662328 1.43870670744218
1.14124960964546 1.11291003855877 0.924683408113196 1.09829102805816 0 1.06434355559759 1.0154509942513 1.69330370752141 1.71285237022676 1.20705395773984 0.9222614353057 1.62679946911521 1.60420581046492 1.22962461668067 1.83362117176875 1.40499953040853 1.43498980440199 1.29000680916943 1.74373889248818 1.38983843359165 1.43376827728935 1.84725225088187 1.38825345621444 1.28802074608393 1.42229393147863 1.35909073287621 1.52981126168743 1.85300107346848 1.66056831134483 1.19198969192803
0.940130785107613 1.84691478707828 1.33401524857618 1.89853337430395 1.06434355559759 0 1.04195439582691 1.12401716387831 1.89009057893418 1.657560701482 1.47440652013756 1.6935355081223 1.22488089138642 0.959564668592066 1.43092611944303 1.69530715397559 1.0960974059999 1.11080374009907 1.64958740724251 1.04317053081468 1.3905939841643 1.60675122239627 1.59058563434519 0.931639699963853 0.95015780813992 1.55933320755139 1.5362182224635 1.32466292125173 1.04169039591216 1.28628369490616
0.913395813899115 1.80759545206092 1.12193740648217 1.72611596970819 1.0154509942513 1.04195439582691 0 1.75657494505867 1.03359198803082 1.55912878247909 1.18182169296779 1.47850818117149 1.31479529151693 1.49748008698225 0.997627575183287 1.38423357182182 1.69208729593083 1.51190315582789 1.4505547482986 1.22306291782297 1.02789911674336 1.26592486258596 1.72009590594098 1.0952435862273 1.69455184973776 1.30637919926085 1.59693440585397 1.24603732256219 1.74525401764549 1.28532844898291
1.52253860305063 0.981310264207423 1.27428522123955 1.1885012993589 1.69330370752141 1.12401716387831 1.75657494505867 0 1.53805322526023 0.948078390210867 1.35239784768783 1.8057221006602 0.945652536582202 1.67331724124961 0.934053169796243 1.49552037520334 1.12578719248995 1.42984805000015 1.61273997696117 1.77772776386701 1.32577524613589 1.62118337722495 1.08971816929989 1.23382540349849 1.60553081938997 1.89014048804529 1.36381198116578 1.46916944184341 1.66967491270043 1.06612393399701
1.2437664673198 1.23055754741654 1.25263809668832 1.06175763928331 1.71285237022676 1.89009057893418 1.03359198803082 1.53805322526023 0 1.42222757521085 1.88036735053174 1.2920096074231 1.46231798455119 1.82069478882477 1.07658312609419 1.7518737972714 1.44192437129095 1.06448520021513 1.69251695950516 1.26365589350462 1.54311963357031 1.51781401131302 1.47054485487752 1.75365380547009 1.05449283472262 1.37759296689183 1.39570187404752 1.12513856519945 1.84092477802187 1.80686435452662
1.8343636947684 1.74550258065574 1.54259942425415 1.60132458154112 1.20705395773984 1.657560701482 1.55912878247909 0.948078390210867 1.42222757521085 0 1.56011534319259 1.88770813401788 1.34768292494118 1.05473084026016 1.05551907233894 1.70866511925124 1.31683056917973 1.10983561980538 1.19597449363209 1.38762974296696 0.95531880762428 1.60950888274238 0.993020724039525 1.67649019649252 1.38620960363187 1.48615590552799 1.44246162823401 1.48852725536563 1.22994770877995 1.54231227608398
1.21327509009279 1.04927519219927 1.26193307922222 1.55826297099702 0.9222614353057 1.47440652013756 1.18182169296779 1.35239784768783 1.88036735053174 1.56011534319259 0 1.25649163592607 1.26933634863235 1.64833718980663 1.43264899798669 1.43339782347903 1.24447101121768 1.37469418067485 1.76183231407776 1.47542222845368 1.29304671380669 1.09671396296471 1.69412850704975 1.2603577435948 1.44716329709627 1.87345450278372 1.00815633381717 0.930739638162777 1.61267146421596 1.09142257971689
1.0685529364273 1.18933027377352 1.84455366316251 1.1533785588108 1.62679946911521 1.6935355081223 1.47850818117149 1.8057221006602 1.2920096074231 1.88770813401788 1.25649163592607 0 1.68496029032394 1.6130968562793 1.46514943661168 1.33413562201895 1.49632749520242 0.990070174215361 1.58808001759462 0.962206525728106 1.78033171687275 1.66352435410954 1.70813051378354 1.64216804387979 1.58921175752766 1.39773967000656 1.69955454557203 1.81845854455605 1.77226216322742 1.55889342282899
1.8448051395826 1.17958654696122 0.950156868668273 1.27291697985493 1.60420581046492 1.22488089138642 1.31479529151693 0.945652536582202 1.46231798455119 1.34768292494118 1.26933634863235 1.68496029032394 0 1.10652496223338 1.06737612630241 1.4831632906571 1.75547007517889 1.18889543996193 0.922739613801241 1.43060007481836 1.04225902073085 1.16337607242167 1.19429680146277 1.56848143460229 1.66119568003342 1.21535955695435 1.52993067028001 0.974587350850925 1.45678869751282 1.39755912916735
1.55792196583934 1.52437873487361 1.07024507294409 1.02274010959081 1.22962461668067 0.959564668592066 1.49748008698225 1.67331724124961 1.82069478882477 1.05473084026016 1.64833718980663 1.6130968562793 1.10652496223338 0 1.63172169588506 1.21885192184709 1.49027344654314 1.52596649341285 1.69364465074614 1.51805972959846 1.4001296039205 1.19392544566654 1.48960388381965 1.41514597926289 0.988086717901751 1.75304398103617 1.39902018429711 1.73370247217827 1.80659559345804 1.11225897376426
1.58796847588383 1.68151432019658 1.50225299689919 1.09096186747774 1.83362117176875 1.43092611944303 0.997627575183287 0.934053169796243 1.07658312609419 1.05551907233894 1.43264899798669 1.46514943661168 1.06737612630241 1.63172169588506 0 1.8509445535019 1.40515040419996 1.89621330494992 1.49515496008098 1.62450416130014 1.67485986673273 1.80796669889241 1.49715364165604 1.49680122430436 1.74853852950037 1.26412108447403 1.2701228344813 1.73376288078725 0.986570599488914 1.78101347875781
1.67824032413773 1.20941336173564 1.83595510968007 1.26303723896854 1.40499953040853 1.69530715397559 1.38423357182182 1.49552037520334 1.7518737972714 1.70866511925124 1.43339782347903 1.33413562201895 1.4831632906571 1.21885192184709 1.8509445535019 0 1.73008130514063 1.74651188636199 1.02704639872536 1.0932734941598 1.59713577898219 1.55632747337222 1.44925331417471 1.16148153459653 1.52453093673103 0.913747680606321 0.943582914303988 1.08715892396867 1.61668678931892 1.06550975190476
1.76038882671855 1.7619439412374 1.88096941937692 0.986590046668425 1.43498980440199 1.0960974059999 1.69208729593083 1.12578719248995 1.44192437129095 1.31683056917973 1.24447101121768 1.49632749520242 1.75547007517889 1.49027344654314 1.40515040419996 1.73008130514063 0 1.2730288116727 1.38903762376867 1.86456701648422 1.27682399330661 1.6596222803928 1.83282403135672 1.25673365755938 1.56605950975791 1.84250321961008 1.5537104702089 1.25574429472908 1.16908764396794 1.20593890571035
1.86515085538849 1.44893063884228 1.28231924097054 1.39609505981207 1.29000680916943 1.11080374009907 1.51190315582789 1.42984805000015 1.06448520021513 1.10983561980538 1.37469418067485 0.990070174215361 1.18889543996193 1.52596649341285 1.89621330494992 1.74651188636199 1.2730288116727 0 1.28996482328512 0.950100472662598 1.70170197100379 1.00687839253806 1.39713386353105 1.65929876430891 0.947809209581465 1.65812785085291 1.44434380764142 1.58433068357408 1.70390029344708 1.11823228187859
1.62325067468919 1.74408929306082 1.84017625683919 1.55886892974377 1.74373889248818 1.64958740724251 1.4505547482986 1.61273997696117 1.69251695950516 1.19597449363209 1.76183231407776 1.58808001759462 0.922739613801241 1.69364465074614 1.49515496008098 1.02704639872536 1.38903762376867 1.28996482328512 0 1.76890351553448 0.938423416344449 1.89667400647886 1.24215055885725 1.27183250337839 1.49057477060705 1.32033429504372 1.04561239155009 1.07762285927311 1.50885378755629 1.27583386516199
1.18433699756861 0.941283926134929 1.53916596528143 1.24939844966866 1.38983843359165 1.04317053081468 1.22306291782297 1.77772776386701 1.26365589350462 1.38762974296696 1.47542222845368 0.962206525728106 1.43060007481836 1.51805972959846 1.62450416130014 1.0932734941598 1.86456701648422 0.950100472662598 1.76890351553448 0 1.20807605748996 1.26304364553653 1.35930734593421 1.75912830978632 1.83038387307897 1.54861185862683 1.72920020669699 1.38151640864089 1.12605240219273 0.997789607616141
1.38271898939274 0.967873002868146 1.70870430627838 1.8313383127097 1.43376827728935 1.3905939841643 1.02789911674336 1.32577524613589 1.54311963357031 0.95531880762428 1.29304671380669 1.78033171687275 1.04225902073085 1.4001296039205 1.67485986673273 1.59713577898219 1.27682399330661 1.70170197100379 0.938423416344449 1.20807605748996 0 1.06487406999804 1.28817799617536 1.90997214848176 1.05084901442751 1.41964180790819 1.14133302704431 1.19562772847712 1.38521110243164 1.29256642237306
1.06539246463217 1.61439631413668 1.53183460654691 1.59018859430216 1.84725225088187 1.60675122239627 1.26592486258596 1.62118337722495 1.51781401131302 1.60950888274238 1.09671396296471 1.66352435410954 1.16337607242167 1.19392544566654 1.80796669889241 1.55632747337222 1.6596222803928 1.00687839253806 1.89667400647886 1.26304364553653 1.06487406999804 0 1.60313688684255 1.40813661669381 1.86528596794233 1.52843928756192 1.6752139958553 1.10905950353481 1.14821581030264 1.55843280581757
1.49704621941783 1.00017062877305 0.93879510788247 1.80133702000603 1.38825345621444 1.59058563434519 1.72009590594098 1.08971816929989 1.47054485487752 0.993020724039525 1.69412850704975 1.70813051378354 1.19429680146277 1.48960388381965 1.49715364165604 1.44925331417471 1.83282403135672 1.39713386353105 1.24215055885725 1.35930734593421 1.28817799617536 1.60313688684255 0 1.77516984636895 1.09289222839288 1.475364448037 1.73737287498079 1.00147303869016 1.54251895518973 0.986720761749893
1.82550645642914 1.84488380793482 1.18772207247093 1.18811623658985 1.28802074608393 0.931639699963853 1.0952435862273 1.23382540349849 1.75365380547009 1.67649019649252 1.2603577435948 1.64216804387979 1.56848143460229 1.41514597926289 1.49680122430436 1.16148153459653 1.25673365755938 1.65929876430891 1.27183250337839 1.75912830978632 1.90997214848176 1.40813661669381 1.77516984636895 0 1.11007080669515 1.42031532130204 1.68720933911391 1.61212634621188 1.69291512737982 1.76191815384664
1.13912790338509 1.24310159869492 1.89665557607077 1.0257568936795 1.42229393147863 0.95015780813992 1.69455184973776 1.60553081938997 1.05449283472262 1.38620960363187 1.44716329709627 1.58921175752766 1.66119568003342 0.988086717901751 1.74853852950037 1.52453093673103 1.56605950975791 0.947809209581465 1.49057477060705 1.83038387307897 1.05084901442751 1.86528596794233 1.09289222839288 1.11007080669515 0 1.00254694325849 1.64425210910849 1.00267828255892 1.2332154919859 1.28825437952764
1.4705269781407 1.05763293616474 1.50821216707118 1.71422519069165 1.35909073287621 1.55933320755139 1.30637919926085 1.89014048804529 1.37759296689183 1.48615590552799 1.87345450278372 1.39773967000656 1.21535955695435 1.75304398103617 1.26412108447403 0.913747680606321 1.84250321961008 1.65812785085291 1.32033429504372 1.54861185862683 1.41964180790819 1.52843928756192 1.475364448037 1.42031532130204 1.00254694325849 0 1.4817493208684 1.69959335494787 1.25433329725638 1.66093059559353
1.87990126176737 1.31645412510261 1.25971131934784 0.990859939716756 1.52981126168743 1.5362182224635 1.59693440585397 1.36381198116578 1.39570187404752 1.44246162823401 1.00815633381717 1.69955454557203 1.52993067028001 1.39902018429711 1.2701228344813 0.943582914303988 1.5537104702089 1.44434380764142 1.04561239155009 1.72920020669699 1.14133302704431 1.6752139958553 1.73737287498079 1.68720933911391 1.64425210910849 1.4817493208684 0 1.80985840875655 1.21678467630409 1.48279219260439
1.80361278075725 1.68295210786164 0.938022507820278 0.940550188766792 1.85300107346848 1.32466292125173 1.24603732256219 1.46916944184341 1.12513856519945 1.48852725536563 0.930739638162777 1.81845854455605 0.974587350850925 1.73370247217827 1.73376288078725 1.08715892396867 1.25574429472908 1.58433068357408 1.07762285927311 1.38151640864089 1.19562772847712 1.10905950353481 1.00147303869016 1.61212634621188 1.00267828255892 1.69959335494787 1.80985840875655 0 1.11458304687403 1.03155581187457
1.80045598139986 0.968565962044522 1.62961345352232 1.81537111662328 1.66056831134483 1.04169039591216 1.74525401764549 1.66967491270043 1.84092477802187 1.22994770877995 1.61267146421596 1.77226216322742 1.45678869751282 1.80659559345804 0.986570599488914 1.61668678931892 1.16908764396794 1.70390029344708 1.50885378755629 1.12605240219273 1.38521110243164 1.14821581030264 1.54251895518973 1.69291512737982 1.2332154919859 1.25433329725638 1.21678467630409 1.11458304687403 0 1.26560952933505
1.37006149813533 1.22164676664397 1.76422239840031 1.43870670744218 1.19198969192803 1.28628369490616 1.28532844898291 1.06612393399701 1.80686435452662 1.54231227608398 1.09142257971689 1.55889342282899 1.39755912916735 1.11225897376426 1.78101347875781 1.06550975190476 1.20593890571035 1.11823228187859 1.27583386516199 0.997789607616141 1.29256642237306 1.55843280581757 0.986720761749893 1.76191815384664 1.28825437952764 1.66093059559353 1.48279219260439 1.03155581187457 1.26560952933505 0
