0 1.31476454087533 1.69985149079002 1.46716435952112 1.32582294777967 1.41547004971653 1.5878235292621 1.15541932662018 1.09597521135584 1.20809901319444 1.61369787785225 1.4357036370784 1.34769946639426 1.42383611248806 1.66754073696211 1.24612130969763 1.83386129513383 1.4806619216688 1.54535369342193 1.49662341806106 1.10580827970989 1.29083141963929 0.963678146479651 1.87383983586915 1.13272831542417 1.34874604456127 1.31455705338158 1.59617016045377 1.64730708650313 1.67495000851341
1.31476454087533 0 1.34089646954089 1.41262767277658 1.91832358203828 1.6438300088048 1.34465904580429 1.05505684809759 1.03261363250203 1.1452221586369 1.90777712408453 1.4887873546686 1.33710614964366 1.8763357240241 1.89330327929929 1.63445777422749 0.942703440319747 1.81778084789403 1.30530235660262 1.54610904026777 1.41964324656874 1.0040166482795 0.943936297670007 1.10019207536243 0.939871137496084 0.982371862744913 1.35586054599844 1.79266727669165 1.81555570568889 0.952580554876477
1.69985149079002 1.34089646954089 0 1.78476405912079 1.88612432451919 1.14275776757859 1.29733137856238 1.3170561788138 1.84056207188405 1.13232915732078 1.14405447919853 1.73953800532036 1.34347545076162 1.42011061543599 1.60926603758708 1.72330359742045 1.43124829884619 1.1933098633308 0.943126598140225 1.62559886206873 1.90840030927211 1.70133683970198 1.71084043756127 1.24208725150675 1.6114998483099 1.65468100365251 1.6803751278203 1.65533858654089 1.32207958307117 1.89993560104631
1.46716435952112 1.41262767277658 1.78476405912079 0 1.48935131891631 1.44556521205232 1.03432691516355 0.946388773387298 1.34635518235154 1.43454971746542 1.76124542322941 1.62102135736495 1.4042675900273 1.40097515890375 1.23537926049903 1.34963667695411 1.44236905849539 0.974072310142219 1.43852441618219 1.59629790834151 1.66762510011904 1.85126166092232 1.58291409607045 1.24222342437133 1.8598103527911 1.85306821926497 1.06883625569753 1.11116624181159 1.29933707951568 1.30630940035917
1.32582294777967 1.91832358203828 1.88612432451919 1.48935131891631 0 1.5770451114513 1.24419834138826 1.51430390612222 1.16604051785544 1.8114406093955 1.5444751768373 1.61406694469042 1.23190544871613 1.28873760136776 1.66238917713054 0.963866942329332 1.26774850767106 1.0936157067772 1.29934103204869 1.81574488035403 1.5767955519259 1.02500034705736 1.80194012913853 1.58297743089497 1.34959770203568 1.89141227118671 1.77940118429251 1.89063806342892 0.950387198943645 1.29561615246348
1.41547004971653 1.6438300088048 1.14275776757859 1.44556521205232 1.5770451114513 0 1.82696925778873 1.06890078587458 1.19238392100669 0.970312781399116 1.50249452400021 1.30983617040329 1.13597322790883 1.55849135876633 1.55472816922702 1.87012151582167 1.89559347461909 1.40892274235375 1.12235812866129 1.67364731337875 1.51524475472979 1.72329632006586 1.58925002301112 1.52665025228634 1.37641090457328 1.11024443712085 1.52724195504561 1.69061305630021 1.32836392847821 1.71531080896966
1.5878235292621 1.34465904580429 1.29733137856238 1.03432691516355 1.24419834138826 1.82696925778873 0 1.344877761323 1.90671529737301 1.77374786511064 1.41718904860318 1.13357609137893 1.1484889513813 1.15040952456184 1.59783401712775 1.06585615104996 1.26882747816853 1.2383734784089 1.00273529137485 1.65606954623945 1.49079211545177 0.983323686756194 1.78146548429504 1.19246504316106 1.18779769656248 1.45492541883141 0.972993111703545 1.03891497151926 1.18139218189754 1.32528968597762
1.15541932662018 1.05505684809759 1.3170561788138 0.946388773387298 1.51430390612222 1.06890078587458 1.344877761323 0 1.12633756455034 1.58173881657422 1.18887915974483 1.59012164967135 1.27179265045561 1.74031791323796 1.41268788697198 0.922433676430956 1.91503506503068 1.87916969927028 1.34875502390787 1.67472444009036 1.15035512112081 1.6485157541465 1.12367964489385 1.09639616520144 1.89868904696777 0.977857472142205 1.51546692126431 1.09650838072412 1.44802078534849 1.22689220984466
1.09597521135584 1.03261363250203 1.84056207188405 1.34635518235154 1.16604051785544 1.19238392100669 1.90671529737301 1.12633756455034 0 1.54281858401373 1.71341041545384 1.02720689447597 1.24530152208172 1.21237152419053 1.55097534065135 1.46233439794742 1.09402172756381 1.70169192692265 1.05227490910329 1.46171764051542 1.52420535869896 1.89205546071753 1.81718068290502 1.51008187327534 1.75300200283527 1.41108592855744 1.86032085050829 0.96526380488649 1.72269698325545 1.54921873426065
1.20809901319444 1.1452221586369 1.13232915732078 1.43454971746542 1.8114406093955 0.970312781399116 1.77374786511064 1.58173881657422 1.54281858401373 0 1.74603944155388 1.2040223442018 1.27307653613389 1.69753671297804 0.922731053549796 1.80584011180326 1.06007162923925 1.1165300605353 1.33729569520801 1.77262092637829 1.78704438894056 1.60618187906221 1.24517367198132 1.53051534038968 1.06946626515128 1.90814380720258 1.41206728783436 1.15660244598985 1.23562145908363 1.59777998947538
1.61369787785225 1.90777712408453 1.14405447919853 1.76124542322941 1.5444751768373 1.50249452400021 1.41718904860318 1.18887915974483 1.71341041545384 1.74603944155388 0 1.85087342839688 1.79598215734586 1.77022934751585 1.544421012979 1.18404327007011 1.91588354087435 1.61820781417191 1.14978272141889 1.44980047107674 1.8146422188729 1.65615703025833 0.975696307839826 1.64039768278599 1.36314920778386 1.76071490626782 1.36823986424133 1.74527577427216 1.5049366930034 1.11338931927457
1.4357036370784 1.4887873546686 1.73953800532036 1.62102135736495 1.61406694469042 1.30983617040329 1.13357609137893 1.59012164967135 1.02720689447597 1.2040223442018 1.85087342839688 0 1.70959102502093 1.29437620961107 1.67206349293701 1.22649769694544 1.19599734782241 0.971426848554984 1.85201791883446 1.91227446403354 1.84640065045096 1.69613179331645 1.78185655199923 0.933889067266136 1.11560949170962 1.62331838859245 1.74099145480432 1.53422158583999 1.06836201646365 1.29018723755144
1.34769946639426 1.33710614964366 1.34347545076162 1.4042675900273 1.23190544871613 1.13597322790883 1.1484889513813 1.27179265045561 1.24530152208172 1.27307653613389 1.79598215734586 1.70959102502093 0 1.8118838861119 1.58260338683613 1.75448567350395 1.52496501826681 1.83764896402135 1.04728366038762 1.2667554882355 1.18143238150515 0.960786621551961 1.32164127612486 1.48463130835444 1.27189414738677 0.947465061675757 1.42089090123773 1.10183051624335 1.82332943682559 1.8478736395482
1.42383611248806 1.8763357240241 1.42011061543599 1.40097515890375 1.28873760136776 1.55849135876633 1.15040952456184 1.74031791323796 1.21237152419053 1.69753671297804 1.77022934751585 1.29437620961107 1.8118838861119 0 1.80173330870457 1.79127564397641 1.26078388420865 1.70099295349792 1.22159863915294 1.39035390713252 1.74501681653783 0.991230158368126 1.62138560274616 1.17264300701208 1.78243181109428 1.49023549933918 1.27844479773194 1.18205871712416 1.43800832959823 1.00514647993259
1.66754073696211 1.89330327929929 1.60926603758708 1.23537926049903 1.66238917713054 1.55472816922702 1.59783401712775 1.41268788697198 1.55097534065135 0.922731053549796 1.544421012979 1.67206349293701 1.58260338683613 1.80173330870457 0 1.34970967308618 1.4296030907426 1.8013835856691 1.36532532889396 1.39296258310787 1.75102415191941 0.952499149600044 1.86047591967508 1.6747686304152 1.4405162113253 1.60933272680268 1.36893138359301 1.78947170428 1.06904489174485 1.05659762397408
1.24612130969763 1.63445777422749 1.72330359742045 1.34963667695411 0.963866942329332 1.87012151582167 1.06585615104996 0.922433676430956 1.46233439794742 1.80584011180326 1.18404327007011 1.22649769694544 1.75448567350395 1.79127564397641 1.34970967308618 0 1.47895639808849 1.18743147840723 1.54051757138222 1.3584448043257 1.16225100145675 1.33439322467893 1.48918860708363 1.76409991458058 1.6020611631684 0.927545328857377 1.20161808398552 1.72291914792731 0.941657618852332 1.81636163406074
1.83386129513383 0.942703440319747 1.43124829884619 1.44236905849539 1.26774850767106 1.89559347461909 1.26882747816853 1.91503506503068 1.09402172756381 1.06007162923925 1.91588354087435 1.19599734782241 1.52496501826681 1.26078388420865 1.4296030907426 1.47895639808849 0 1.41552779008634 1.44373796088621 1.81205329764634 1.28426543273963 0.940636010374874 0.989408561261371 1.04937439016066 1.86876909434795 1.80279035726562 1.81521042645909 1.66555463476107 0.928487884812057 1.3193443887867
1.4806619216688 1.81778084789403 1.1933098633308 0.974072310142219 1.0936157067772 1.40892274235375 1.2383734784089 1.87916969927028 1.70169192692265 1.1165300605353 1.61820781417191 0.971426848554984 1.83764896402135 1.70099295349792 1.8013835856691 1.18743147840723 1.41552779008634 0 1.58026579325087 0.994515853002667 0.94278687168844 1.32718437537551 1.71074693882838 1.075841934653 1.13529318850487 1.1188699840568 1.64614772144705 1.20342489681207 1.02612901595421 1.40842674789019
1.54535369342193 1.30530235660262 0.943126598140225 1.43852441618219 1.29934103204869 1.12235812866129 1.00273529137485 1.34875502390787 1.05227490910329 1.33729569520801 1.14978272141889 1.85201791883446 1.04728366038762 1.22159863915294 1.36532532889396 1.54051757138222 1.44373796088621 1.58026579325087 0 1.18718818761408 1.14672305807471 0.988867418840528 1.59753946890123 1.43828222015873 1.53001963044517 1.78591987281106 1.86158731579781 1.22236992744729 1.60743198893033 1.27938975370489
1.49662341806106 1.54610904026777 1.62559886206873 1.59629790834151 1.81574488035403 1.67364731337875 1.65606954623945 1.67472444009036 1.46171764051542 1.77262092637829 1.44980047107674 1.91227446403354 1.2667554882355 1.39035390713252 1.39296258310787 1.3584448043257 1.81205329764634 0.994515853002667 1.18718818761408 0 1.57043031277135 1.29838772118092 1.3611575383693 1.57947611669078 1.64051107107662 1.91718538221903 1.31924909492955 1.17330215591937 1.28842250281014 1.77324864570983
1.10580827970989 1.41964324656874 1.90840030927211 1.66762510011904 1.5767955519259 1.51524475472979 1.49079211545177 1.15035512112081 1.52420535869896 1.78704438894056 1.8146422188729 1.84640065045096 1.18143238150515 1.74501681653783 1.75102415191941 1.16225100145675 1.28426543273963 0.94278687168844 1.14672305807471 1.57043031277135 0 1.0533565855585 1.03373827715404 1.6192554726731 1.05311511317268 1.18303496600129 1.41471354383975 1.65865519852377 1.31477147573605 1.87158080539666
1.29083141963929 1.0040166482795 1.70133683970198 1.85126166092232 1.02500034705736 1.72329632006586 0.983323686756194 1.6485157541465 1.89205546071753 1.60618187906221 1.65615703025833 1.69613179331645 0.960786621551961 0.991230158368126 0.952499149600044 1.33439322467893 0.940636010374874 1.32718437537551 0.988867418840528 1.29838772118092 1.0533565855585 0 1.18334338557906 1.14729611366056 1.33174855657853 0.982497358229011 1.21586626605131 1.35686459532008 1.54353987681679 1.2108804853633
0.963678146479651 0.943936297670007 1.71084043756127 1.58291409607045 1.80194012913853 1.58925002301112 1.78146548429504 1.12367964489385 1.81718068290502 1.24517367198132 0.975696307839826 1.78185655199923 1.32164127612486 1.62138560274616 1.86047591967508 1.48918860708363 0.989408561261371 1.71074693882838 1.59753946890123 1.3611575383693 1.03373827715404 1.18334338557906 0 1.698762266431 1.73672328423709 1.02219729986973 1.5584158685524 1.59264823445119 1.8147036540322 0.934268615441397
1.87383983586915 1.10019207536243 1.24208725150675 1.24222342437133 1.58297743089497 1.52665025228634 1.19246504316106 1.09639616520144 1.51008187327534 1.53051534038968 1.64039768278599 0.933889067266136 1.48463130835444 1.17264300701208 1.6747686304152 1.76409991458058 1.04937439016066 1.075841934653 1.43828222015873 1.57947611669078 1.6192554726731 1.14729611366056 1.698762266431 0 1.74076986312866 1.77842346369289 1.47768813674338 1.76442696363665 1.62278810911812 0.940318287117407
1.13272831542417 0.939871137496084 1.6114998483099 1.8598103527911 1.34959770203568 1.37641090457328 1.18779769656248 1.89868904696777 1.75300200283527 1.06946626515128 1.36314920778386 1.11560949170962 1.27189414738677 1.78243181109428 1.4405162113253 1.6020611631684 1.86876909434795 1.13529318850487 1.53001963044517 1.64051107107662 1.05311511317268 1.33174855657853 1.73672328423709 1.74076986312866 0 1.86513591650873 1.73116091219708 1.71866451459937 1.18879492254928 1.10711657721549
1.34874604456127 0.982371862744913 1.65468100365251 1.85306821926497 1.89141227118671 1.11024443712085 1.45492541883141 0.977857472142205 1.41108592855744 1.90814380720258 1.76071490626782 1.62331838859245 0.947465061675757 1.49023549933918 1.60933272680268 0.927545328857377 1.80279035726562 1.1188699840568 1.78591987281106 1.91718538221903 1.18303496600129 0.982497358229011 1.02219729986973 1.77842346369289 1.86513591650873 0 1.74191180081107 1.42400314682163 0.968788399826735 1.16485742339864
1.31455705338158 1.35586054599844 1.6803751278203 1.06883625569753 1.77940118429251 1.52724195504561 0.972993111703545 1.51546692126431 1.86032085050829 1.41206728783436 1.36823986424133 1.74099145480432 1.42089090123773 1.27844479773194 1.36893138359301 1.20161808398552 1.81521042645909 1.64614772144705 1.86158731579781 1.31924909492955 1.41471354383975 1.21586626605131 1.5584158685524 1.47768813674338 1.73116091219708 1.74191180081107 0 1.61685175774619 1.14569303789176 1.52324905851856
1.59617016045377 1.79266727669165 1.65533858654089 1.11116624181159 1.89063806342892 1.69061305630021 1.03891497151926 1.09650838072412 0.96526380488649 1.15660244598985 1.74527577427216 1.53422158583999 1.10183051624335 1.18205871712416 1.78947170428 1.72291914792731 1.66555463476107 1.20342489681207 1.22236992744729 1.17330215591937 1.65865519852377 1.35686459532008 1.59264823445119 1.76442696363665 1.71866451459937 1.42400314682163 1.61685175774619 0 1.67082417663187 1.29082167497836
1.64730708650313 1.81555570568889 1.32207958307117 1.29933707951568 0.950387198943645 1.32836392847821 1.18139218189754 1.44802078534849 1.72269698325545 1.23562145908363 1.5049366930034 1.06836201646365 1.82332943682559 1.43800832959823 1.06904489174485 0.941657618852332 0.928487884812057 1.02612901595421 1.60743198893033 1.28842250281014 1.31477147573605 1.54353987681679 1.8147036540322 1.62278810911812 1.18879492254928 0.968788399826735 1.14569303789176 1.67082417663187 0 1.23000932927243
1.67495000851341 0.952580554876477 1.89993560104631 1.30630940035917 1.29561615246348 1.71531080896966 1.32528968597762 1.22689220984466 1.54921873426065 1.59777998947538 1.11338931927457 1.29018723755144 1.8478736395482 1.00514647993259 1.05659762397408 1.81636163406074 1.3193443887867 1.40842674789019 1.27938975370489 1.77324864570983 1.87158080539666 1.2108804853633 0.934268615441397 0.940318287117407 1.10711657721549 1.16485742339864 1.52324905851856 1.29082167497836 1.23000932927243 0
