0 1.35158109432086 1.44633189425804 1.8480127574876 0.977040752535686 1.3521743377205 1.6519794203341 1.66860632435419 1.34532444202341 0.938790151616558 1.32266862969846 1.73874923679978 0.930390833411366 1.69968201476149 1.22327502840199 0.968758002156392 0.95419397810474 0.940640520770103 1.20224606338888 1.32295025489293 1.19513107626699 1.71974452841096 1.86926911701448 1.29967802925967 1.22492545540445 1.41766625992022 1.00965732103214 1.5601270662155 1.44039385719225 1.6447335917037
1.35158109432086 0 1.9037134994287 0.972036547958851 1.44797152653337 1.18679586285725 1.64772269735113 1.78651650552638 1.63541300152428 1.1091745744925 1.2325045701582 0.928097707452253 1.29026442230679 1.67213303525932 1.76607956876978 1.90499994601123 1.03046852117404 1.58639188855886 1.5270292039495 0.980171331204474 1.51186874089763 1.11790882353671 1.73208044073544 1.32038066792302 1.6340617754031 0.999722733860835 1.75715121882968 1.05711977998726 1.38624454196543 1.63201910140924
1.44633189425804 1.9037134994287 0 1.10576688149013 1.64026842848398 1.74344847607426 1.54334986908361 1.69313383521512 1.56231665657833 1.36372365849093 1.07584674353711 1.6892016727943 1.79521874478087 1.72646818356588 1.49615702102892 1.03637744579464 1.7219590486493 0.966650801012293 1.76825363026001 1.82584676123224 1.32966786366887 1.83168362732977 1.31436726287939 1.69776856899261 1.90600205748342 1.41487269965 1.02009265916422 1.8734998262953 1.08713860926218 1.08640535944141
1.8480127574876 0.972036547958851 1.10576688149013 0 1.82795881223865 1.54347683954984 0.988838010234758 1.67726256279275 1.59017281373963 1.23989941738546 1.64444980304688 1.75159902591258 1.24905027449131 1.82490131165832 1.52392691187561 1.27179297688417 1.37407606234774 1.80749887530692 1.79552135965787 1.14396244310774 1.25408277101815 1.63338899053633 1.21981481392868 1.8601326062344 1.89985226513818 1.72294949996285 1.17778957285918 1.88437349279411 1.30634082970209 1.57509284024127
0.977040752535686 1.44797152653337 1.64026842848398 1.82795881223865 0 1.23236278351396 1.12082316470332 1.55690418975428 1.0730029665865 1.20756067265756 1.68537844577804 1.73771088989452 1.58999437699094 1.0999142837245 1.52713280613534 1.86833070381545 1.82512515806593 0.983593689277768 1.12939366418868 0.969904024386778 1.47396466392092 1.10322848823853 1.36090245493688 1.55900219478644 1.28004036657512 1.48233785806224 1.59938171948306 1.42574484949 1.58526719780639 0.930811424972489
1.3521743377205 1.18679586285725 1.74344847607426 1.54347683954984 1.23236278351396 0 1.60037084901705 1.01780201215297 1.67494721803814 0.971348739927635 1.41036448185332 1.65634313970804 1.07980244536884 1.01673664036207 1.83932668040507 1.88939853850752 1.76057517179288 1.48650447512046 0.921768658794463 1.3602481407579 1.09454647940584 1.42893037386239 1.52958217216656 1.28841849928722 1.46179933380336 1.07356482115574 0.935913760913536 1.1634957534261 1.5630453764461 1.7558399788104
1.6519794203341 1.64772269735113 1.54334986908361 0.988838010234758 1.12082316470332 1.60037084901705 0 1.21128301112913 1.32418149150908 1.16052363230847 1.60113619617186 0.988199846120551 0.921888399403542 1.5325331191998 1.62281452538446 1.53412395785563 1.68274441617541 1.0141078971792 1.81000073323958 1.64855405711569 1.5791394924745 1.50805097399279 0.995092560537159 1.08707414311357 1.87302570976317 1.3636489934288 0.93513478175737 1.91426928294823 1.48221408948302 1.47853537113406
1.66860632435419 1.78651650552638 1.69313383521512 1.67726256279275 1.55690418975428 1.01780201215297 1.21128301112913 0 1.39766163239256 1.59284879942425 1.53873954247683 1.57544743595645 1.91178966360167 1.87173245009035 0.976425539236516 1.80004230467603 1.12643963121809 1.31720385467634 1.35959008010104 1.72427214821801 1.75390347233042 1.52870961255394 1.56137593719177 1.6074070550967 0.9989939853549 1.86124244052917 1.48302603582852 1.87406274559908 1.28276258800179 1.09713215590455
1.34532444202341 1.63541300152428 1.56231665657833 1.59017281373963 1.0730029665865 1.67494721803814 1.32418149150908 1.39766163239256 0 1.84381028241478 1.58884518546984 1.05406560166739 1.83389328466728 1.06302717723884 1.79625001177192 1.52916076593101 1.50344789517112 0.99096291908063 1.03430709661916 1.81698723463342 1.015680084005 1.58280848292634 1.55228645936586 1.25930510088801 1.04292557574809 1.8233262388967 1.53615302452818 1.18783368146978 1.40517819277011 1.60730795515701
0.938790151616558 1.1091745744925 1.36372365849093 1.23989941738546 1.20756067265756 0.971348739927635 1.16052363230847 1.59284879942425 1.84381028241478 0 1.65177327510901 1.63109979429282 1.67461858619936 1.21995301241986 1.91130017023534 1.07756499201059 1.06367767718621 0.997750563314185 1.22137817693874 1.75972820445895 1.87226629373617 1.2085862334352 1.67075089132413 1.49901609565131 1.65049311728217 1.3453073259443 1.17445069085807 1.34665621351451 1.81136226514354 1.31947838724591
1.32266862969846 1.2325045701582 1.07584674353711 1.64444980304688 1.68537844577804 1.41036448185332 1.60113619617186 1.53873954247683 1.58884518546984 1.65177327510901 0 1.04079967597499 1.33584603853524 1.79133622115478 1.84231811249629 1.30353740067221 0.984641721937805 1.26294321473688 1.42191099375486 1.91917674452998 1.84762275544927 1.40330565255135 1.81993609108031 1.76435417332686 1.56032137293369 1.86062177456915 1.16378703550436 1.86038329266012 1.197279922897 1.49333777488209
1.73874923679978 0.928097707452253 1.6892016727943 1.75159902591258 1.73771088989452 1.65634313970804 0.988199846120551 1.57544743595645 1.05406560166739 1.63109979429282 1.04079967597499 0 1.48672352475114 1.06812449474819 1.85585676506162 0.979101762408391 1.60903864493594 1.74908439908177 1.90494567365386 1.31282081641257 1.84363334509544 0.981700111879036 1.5853916653432 1.88710109214298 1.03546920255758 1.82010720460676 1.57017484400421 1.43540205224417 1.12233482673764 1.3949342884589
0.930390833411366 1.29026442230679 1.79521874478087 1.24905027449131 1.58999437699094 1.07980244536884 0.921888399403542 1.91178966360167 1.83389328466728 1.67461858619936 1.33584603853524 1.48672352475114 0 1.51120268530212 1.36877911281772 1.80735414521769 1.06904470175505 1.5988119977992 1.35780827701092 1.26435080426745 1.29794990783557 1.60324329440482 1.54322960786521 1.60930812498555 1.58991335565224 1.48367438418791 1.74278482561931 1.44151609949768 1.72087862319313 1.41194944479503
1.69968201476149 1.67213303525932 1.72646818356588 1.82490131165832 1.0999142837245 1.01673664036207 1.5325331191998 1.87173245009035 1.06302717723884 1.21995301241986 1.79133622115478 1.06812449474819 1.51120268530212 0 1.40485092950985 1.14849981642328 1.68098249053583 1.30706957634538 1.66241460409947 1.85293497587554 1.10575247206725 1.41520037478767 0.937098069582134 1.92031907360069 1.12698413105682 1.68171297945082 1.05111017473973 1.00032201223075 1.23518780712038 1.79728634376079
1.22327502840199 1.76607956876978 1.49615702102892 1.52392691187561 1.52713280613534 1.83932668040507 1.62281452538446 0.976425539236516 1.79625001177192 1.91130017023534 1.84231811249629 1.85585676506162 1.36877911281772 1.40485092950985 0 1.90102398511954 1.11219591274858 1.82732238806784 1.23847415926866 1.6472415861208 1.5589633199852 1.35834248061292 1.52470568404533 1.18906997540034 1.72026014281437 1.89537398819812 1.42772031761706 1.35414725192823 1.68658361560665 1.42086569662206
0.968758002156392 1.90499994601123 1.03637744579464 1.27179297688417 1.86833070381545 1.88939853850752 1.53412395785563 1.80004230467603 1.52916076593101 1.07756499201059 1.30353740067221 0.979101762408391 1.80735414521769 1.14849981642328 1.90102398511954 0 0.946349747246131 1.47560118092224 1.05550444498658 1.13088286737911 0.97513020853512 1.49616427347064 1.10404521063901 1.0553281949833 1.02614312199876 1.91107634501532 1.10841278382577 1.86745508294553 1.57498616306111 1.58887294796295
0.95419397810474 1.03046852117404 1.7219590486493 1.37407606234774 1.82512515806593 1.76057517179288 1.68274441617541 1.12643963121809 1.50344789517112 1.06367767718621 0.984641721937805 1.60903864493594 1.06904470175505 1.68098249053583 1.11219591274858 0.946349747246131 0 1.32252321764827 1.29411458247341 1.87232575938106 1.30845351982862 1.83446605806239 1.67968530603684 1.78270459896885 1.78863519243896 1.82987767411396 1.15795830637217 1.14267077296972 1.09560237475671 1.04455455136485
0.940640520770103 1.58639188855886 0.966650801012293 1.80749887530692 0.983593689277768 1.48650447512046 1.0141078971792 1.31720385467634 0.99096291908063 0.997750563314185 1.26294321473688 1.74908439908177 1.5988119977992 1.30706957634538 1.82732238806784 1.47560118092224 1.32252321764827 0 1.0064147869125 1.58011443959549 1.25409146375023 1.2144940267317 1.5090847837273 1.17819818365388 1.8331793025136 1.78497244231403 1.78142547165044 0.931443859357387 1.12104242667556 1.02699486818165
1.20224606338888 1.5270292039495 1.76825363026001 1.79552135965787 1.12939366418868 0.921768658794463 1.81000073323958 1.35959008010104 1.03430709661916 1.22137817693874 1.42191099375486 1.90494567365386 1.35780827701092 1.66241460409947 1.23847415926866 1.05550444498658 1.29411458247341 1.0064147869125 0 1.3534790200647 1.74970290181227 1.19152711494826 1.22714506555349 1.21560812415555 1.65251968684606 1.50494022131898 1.04112028330564 1.87433924572542 1.63910902570933 1.60857599112205
1.32295025489293 0.980171331204474 1.82584676123224 1.14396244310774 0.969904024386778 1.3602481407579 1.64855405711569 1.72427214821801 1.81698723463342 1.75972820445895 1.91917674452998 1.31282081641257 1.26435080426745 1.85293497587554 1.6472415861208 1.13088286737911 1.87232575938106 1.58011443959549 1.3534790200647 0 1.53234443906695 1.60951247694902 1.47842674772255 1.29741885187104 1.71618551248685 1.25833110138774 0.956018765922636 1.1076623860281 0.939630442997441 1.5630853693001
1.19513107626699 1.51186874089763 1.32966786366887 1.25408277101815 1.47396466392092 1.09454647940584 1.5791394924745 1.75390347233042 1.015680084005 1.87226629373617 1.84762275544927 1.84363334509544 1.29794990783557 1.10575247206725 1.5589633199852 0.97513020853512 1.30845351982862 1.25409146375023 1.74970290181227 1.53234443906695 0 1.7521728859283 1.47422978258692 1.16211203346029 1.60609657107852 1.28928794991225 1.90463935816661 1.68775883829221 1.60381755325943 1.0365181111265
1.71974452841096 1.11790882353671 1.83168362732977 1.63338899053633 1.10322848823853 1.42893037386239 1.50805097399279 1.52870961255394 1.58280848292634 1.2085862334352 1.40330565255135 0.981700111879036 1.60324329440482 1.41520037478767 1.35834248061292 1.49616427347064 1.83446605806239 1.2144940267317 1.19152711494826 1.60951247694902 1.7521728859283 0 1.05151695758104 0.940681596519426 1.00110243982635 1.13958370103501 1.63524732831866 1.83070492604747 1.32027577934787 1.05281957006082
1.86926911701448 1.73208044073544 1.31436726287939 1.21981481392868 1.36090245493688 1.52958217216656 0.995092560537159 1.56137593719177 1.55228645936586 1.67075089132413 1.81993609108031 1.5853916653432 1.54322960786521 0.937098069582134 1.52470568404533 1.10404521063901 1.67968530603684 1.5090847837273 1.22714506555349 1.47842674772255 1.47422978258692 1.05151695758104 0 1.84938956401311 1.54385826946236 1.39223085995764 1.89508262928575 1.31091682449915 1.409966371255 1.02280592825264
1.29967802925967 1.32038066792302 1.69776856899261 1.8601326062344 1.55900219478644 1.28841849928722 1.08707414311357 1.6074070550967 1.25930510088801 1.49901609565131 1.76435417332686 1.88710109214298 1.60930812498555 1.92031907360069 1.18906997540034 1.0553281949833 1.78270459896885 1.17819818365388 1.21560812415555 1.29741885187104 1.16211203346029 0.940681596519426 1.84938956401311 0 1.14875254477374 1.47086564125493 1.7228710425552 1.45723668416031 1.02094713388942 1.07088682404719
1.22492545540445 1.6340617754031 1.90600205748342 1.89985226513818 1.28004036657512 1.46179933380336 1.87302570976317 0.9989939853549 1.04292557574809 1.65049311728217 1.56032137293369 1.03546920255758 1.58991335565224 1.12698413105682 1.72026014281437 1.02614312199876 1.78863519243896 1.8331793025136 1.65251968684606 1.71618551248685 1.60609657107852 1.00110243982635 1.54385826946236 1.14875254477374 0 1.79338786145672 0.9378909280058 1.31780011998489 1.77513204910792 1.14644996705465
1.41766625992022 0.999722733860835 1.41487269965 1.72294949996285 1.48233785806224 1.07356482115574 1.3636489934288 1.86124244052917 1.8233262388967 1.3453073259443 1.86062177456915 1.82010720460676 1.48367438418791 1.68171297945082 1.89537398819812 1.91107634501532 1.82987767411396 1.78497244231403 1.50494022131898 1.25833110138774 1.28928794991225 1.13958370103501 1.39223085995764 1.47086564125493 1.79338786145672 0 1.7734628811013 1.36580793745816 1.6446126869414 0.949220795417204
1.00965732103214 1.75715121882968 1.02009265916422 1.17778957285918 1.59938171948306 0.935913760913536 0.93513478175737 1.48302603582852 1.53615302452818 1.17445069085807 1.16378703550436 1.57017484400421 1.74278482561931 1.05111017473973 1.42772031761706 1.10841278382577 1.15795830637217 1.78142547165044 1.04112028330564 0.956018765922636 1.90463935816661 1.63524732831866 1.89508262928575 1.7228710425552 0.9378909280058 1.7734628811013 0 1.66108434926718 1.4023652926553 1.52118301484734
1.5601270662155 1.05711977998726 1.8734998262953 1.88437349279411 1.42574484949 1.1634957534261 1.91426928294823 1.87406274559908 1.18783368146978 1.34665621351451 1.86038329266012 1.43540205224417 1.44151609949768 1.00032201223075 1.35414725192823 1.86745508294553 1.14267077296972 0.931443859357387 1.87433924572542 1.1076623860281 1.68775883829221 1.83070492604747 1.31091682449915 1.45723668416031 1.31780011998489 1.36580793745816 1.66108434926718 0 1.41503959731199 0.956936272792518
1.44039385719225 1.38624454196543 1.08713860926218 1.30634082970209 1.58526719780639 1.5630453764461 1.48221408948302 1.28276258800179 1.40517819277011 1.81136226514354 1.197279922897 1.12233482673764 1.72087862319313 1.23518780712038 1.68658361560665 1.57498616306111 1.09560237475671 1.12104242667556 1.63910902570933 0.939630442997441 1.60381755325943 1.32027577934787 1.409966371255 1.02094713388942 1.77513204910792 1.6446126869414 1.4023652926553 1.41503959731199 0 1.34363403101452
1.6447335917037 1.63201910140924 1.08640535944141 1.57509284024127 0.930811424972489 1.7558399788104 1.47853537113406 1.09713215590455 1.60730795515701 1.31947838724591 1.49333777488209 1.3949342884589 1.41194944479503 1.79728634376079 1.42086569662206 1.58887294796295 1.04455455136485 1.02699486818165 1.60857599112205 1.5630853693001 1.0365181111265 1.05281957006082 1.02280592825264 1.07088682404719 1.14644996705465 0.949220795417204 1.52118301484734 0.956936272792518 1.34363403101452 0
