0 1.0672939941287 1.07363488548435 0.972875003470108 1.71707782382146 1.17665888578631 1.6162782930769 1.54487448954023 1.43696473282762 1.8209650889039 1.25212012953125 1.4877958111465 1.56789924926125 1.2832053839229 1.17208635993302 1.23241804772988 1.62845736788586 0.997129519237205 1.72396094771102 1.27918897243217 1.91392171848565 1.62674383004196 1.31136910710484 1.21247178246267 1.41445230483077 1.23939029220492 1.00938488868997 1.91428226232529 1.37718386040069 0.983373472932726
1.0672939941287 0 1.94933670363389 1.61807680525817 1.32218136964366 1.53608423750848 1.20574604836293 1.50040448945947 1.71803715266287 1.10324983531609 1.01588064222597 1.0441267080605 1.37893638992682 1.05751299671829 1.70900633279234 1.12183234165423 0.967060367343947 1.75310259498656 1.10442976350896 1.40659376839176 1.25117172906175 1.27337378100492 1.80251517472789 1.1122835080605 1.19623047811911 1.08067716471851 1.19177126605064 1.1184321299661 1.06364009063691 1.87292637396604
1.07363488548435 1.94933670363389 0 0.982367241987959 1.56564761069603 1.23445138987154 1.69245035946369 1.11247339495458 1.19745813193731 0.960205859737471 1.47483891178854 1.72139462991618 1.59888606867753 1.54825466452166 1.75650596106425 1.57990645198151 1.65529444790445 1.12038554158062 1.915243960917 1.09747531474568 1.74297985318117 1.15708941454068 1.24987973435782 1.0988944421988 1.07123364484869 1.10102636110969 1.7482291595079 1.56598710385151 1.8983921406325 1.54597141430713
0.972875003470108 1.61807680525817 0.982367241987959 0 1.09106439142488 1.91633164742962 1.01473691617139 1.24682119535282 1.23936516372487 1.91946386732161 1.57282801088877 1.25715642725118 1.70220976439305 1.03570058639161 1.1003103973344 1.59509787685238 0.964557211380452 1.40741527150385 1.44624340254813 0.99675263161771 0.961873592576012 1.00379882846028 1.26841512462124 1.28749501821585 1.32648701430298 1.48080818518065 1.69466815097257 1.22904875618406 1.67592842131853 1.1410030676052
1.71707782382146 1.32218136964366 1.56564761069603 1.09106439142488 0 1.19133555307053 1.58431270951405 1.69836857495829 1.27995325764641 1.06160590890795 1.22811223100871 1.37200054666027 1.77709518000484 1.67648136522621 1.1056568773929 1.6973691615276 1.26719848718494 1.42348085204139 1.88704913202673 1.26891158358194 1.66278871544637 1.58250683057122 1.32011092430912 1.78901820350438 1.83943729335442 1.74544637836516 1.1981226624921 1.92653485317715 1.5918747195974 1.12843440962024
1.17665888578631 1.53608423750848 1.23445138987154 1.91633164742962 1.19133555307053 0 1.82800304400735 1.70087740523741 1.0451789451763 1.51033477438614 1.60415887646377 1.03130697552115 1.89424646366388 1.0122237005271 1.00205302517861 1.10197817976587 1.45184276765212 1.72555809468031 1.17233543214388 1.69079687539488 1.26327789388597 1.45877366443165 1.88095579971559 1.24567840388045 1.85544140334241 0.970545771066099 1.37749965023249 1.55659035174176 1.64681041031145 1.80941221886314
1.6162782930769 1.20574604836293 1.69245035946369 1.01473691617139 1.58431270951405 1.82800304400735 0 1.64922489668243 1.67380854580551 1.53587734582834 1.06993350898847 1.40980476746336 1.4250366371125 1.01273207948543 1.28812231682241 1.06015405547805 1.31537016876973 1.86661561834626 1.27120599313639 1.26758477976546 1.03265311499126 1.56190686533228 1.67581469588913 1.74648478766903 1.84626216581091 0.998031934723258 1.77321124682203 0.963071924401447 1.76951594697312 1.85452834749594
1.54487448954023 1.50040448945947 1.11247339495458 1.24682119535282 1.69836857495829 1.70087740523741 1.64922489668243 0 1.01918589952402 1.39908717572689 1.53611934906803 1.14171570120379 1.88503596186638 1.78597792517394 1.15213046362624 1.05377617967315 1.3516884453129 1.42873517191038 1.33129334053956 1.32750804745592 1.12968791997992 1.77793306298554 1.64927461487241 1.16370989056304 1.25000830902718 1.22204266861081 1.40004379232414 1.09587048226967 1.13573972391896 1.53909289976582
1.43696473282762 1.71803715266287 1.19745813193731 1.23936516372487 1.27995325764641 1.0451789451763 1.67380854580551 1.01918589952402 0 1.44463196839206 1.50899106846191 1.03948776889592 1.23013683315367 1.73237019474618 0.963430292904377 1.60089539433829 1.58678078162484 1.52858091122471 1.82305352156982 1.893024451565 0.963658798718825 1.53038449934684 1.54554716101848 1.02103632944636 1.92723337747157 1.37197358161211 1.72157985181548 1.69575865752995 1.14864730834961 1.46235693851486
1.8209650889039 1.10324983531609 0.960205859737471 1.91946386732161 1.06160590890795 1.51033477438614 1.53587734582834 1.39908717572689 1.44463196839206 0 1.460681542987 1.30498697119765 1.73583310516551 1.44981611846015 1.46532403095625 0.972041433444247 1.04228353779763 1.93112860131077 1.81213814252988 1.82191052101552 1.82875965628773 1.33263702620752 1.20966060343198 1.61793523561209 1.25335423462093 1.51658622152172 1.35005642543547 1.20899581350386 1.22031263750978 1.03766806214117
1.25212012953125 1.01588064222597 1.47483891178854 1.57282801088877 1.22811223100871 1.60415887646377 1.06993350898847 1.53611934906803 1.50899106846191 1.460681542987 0 0.984647329198197 1.87121846643277 1.68639787519351 1.36504448647611 1.25728380354121 1.54446187498979 1.78110576677136 1.82111195637845 1.3052566414699 1.71495315083303 1.71933209779672 1.50835697329603 1.53141369717196 1.39177385461517 1.75052879448049 1.26466330536641 1.02600196166895 1.74483118322678 1.01874580676667
1.4877958111465 1.0441267080605 1.72139462991618 1.25715642725118 1.37200054666027 1.03130697552115 1.40980476746336 1.14171570120379 1.03948776889592 1.30498697119765 0.984647329198197 0 1.65029812743887 1.07522556628101 1.32984846155159 1.68435615696944 1.76083299331367 1.62769261468202 1.75061654811725 1.59789883252233 1.81431817961857 0.98075316939503 1.6864141325932 1.08510146755725 1.19528194703162 1.03728230972774 1.2706742498558 1.29935238324106 1.20257621398196 1.65143356891349
1.56789924926125 1.37893638992682 1.59888606867753 1.70220976439305 1.77709518000484 1.89424646366388 1.4250366371125 1.88503596186638 1.23013683315367 1.73583310516551 1.87121846643277 1.65029812743887 0 1.83328380063176 1.27296765311621 1.75456554652192 1.55579059920274 1.5692392794881 1.5543607599102 1.6695278310217 1.34904039674439 1.26247942284681 1.57143585640006 1.3275324406568 1.78782319137827 1.07921206229366 1.16325440746732 1.74382435670123 1.19317333889194 1.27288569463417
1.2832053839229 1.05751299671829 1.54825466452166 1.03570058639161 1.67648136522621 1.0122237005271 1.01273207948543 1.78597792517394 1.73237019474618 1.44981611846015 1.68639787519351 1.07522556628101 1.83328380063176 0 1.58645513793454 1.19823557906784 1.36226585390978 1.11497904243879 1.48546194913797 1.73250719206408 1.4494244758971 1.569908200996 0.997403357410803 1.12898196559399 1.02685691905208 1.11408554553054 1.41674221656285 1.87472201976925 1.48528665490448 1.86917163152248
1.17208635993302 1.70900633279234 1.75650596106425 1.1003103973344 1.1056568773929 1.00205302517861 1.28812231682241 1.15213046362624 0.963430292904377 1.46532403095625 1.36504448647611 1.32984846155159 1.27296765311621 1.58645513793454 0 1.89434381527826 1.13031378993765 1.52517177839763 1.34097840078175 1.47054393170401 1.9165060070809 1.85456526582129 1.35308171459474 1.32532546808943 0.963803084567189 0.997295155189931 1.02210969338194 1.554408531636 1.06731992587447 1.2143216158729
1.23241804772988 1.12183234165423 1.57990645198151 1.59509787685238 1.6973691615276 1.10197817976587 1.06015405547805 1.05377617967315 1.60089539433829 0.972041433444247 1.25728380354121 1.68435615696944 1.75456554652192 1.19823557906784 1.89434381527826 0 1.93697372451425 1.87898501544259 1.72643131716177 1.85711674462073 1.29514816310257 1.57678565895185 1.01234476314858 1.18574357731268 1.92067028302699 1.24226010404527 1.36052364576608 1.55331207462586 1.44359005428851 1.17542494949885
1.62845736788586 0.967060367343947 1.65529444790445 0.964557211380452 1.26719848718494 1.45184276765212 1.31537016876973 1.3516884453129 1.58678078162484 1.04228353779763 1.54446187498979 1.76083299331367 1.55579059920274 1.36226585390978 1.13031378993765 1.93697372451425 0 1.03641084744595 1.79714573011734 1.14532937458716 1.48178470996208 1.60765521088615 1.82153237238526 1.41952374856919 1.39749683695845 1.08202302781865 1.52209564647637 1.79006232623942 1.53925643465482 1.08382104313932
0.997129519237205 1.75310259498656 1.12038554158062 1.40741527150385 1.42348085204139 1.72555809468031 1.86661561834626 1.42873517191038 1.52858091122471 1.93112860131077 1.78110576677136 1.62769261468202 1.5692392794881 1.11497904243879 1.52517177839763 1.87898501544259 1.03641084744595 0 1.44643656653352 1.60485456069 1.91180446208455 1.37159931310453 1.35067606624216 1.30159249668941 1.53973680827767 1.41079875314608 1.32732244697399 1.26645351666957 1.67779474076815 1.6442138121929
1.72396094771102 1.10442976350896 1.915243960917 1.44624340254813 1.88704913202673 1.17233543214388 1.27120599313639 1.33129334053956 1.82305352156982 1.81213814252988 1.82111195637845 1.75061654811725 1.5543607599102 1.48546194913797 1.34097840078175 1.72643131716177 1.79714573011734 1.44643656653352 0 1.11794448341243 1.39224866987206 1.18682022183202 1.63251755805686 1.62242046371102 1.84807085827924 1.43353181658313 1.34065035404637 1.64019112498499 1.04882551752962 1.61247591325082
1.27918897243217 1.40659376839176 1.09747531474568 0.99675263161771 1.26891158358194 1.69079687539488 1.26758477976546 1.32750804745592 1.893024451565 1.82191052101552 1.3052566414699 1.59789883252233 1.6695278310217 1.73250719206408 1.47054393170401 1.85711674462073 1.14532937458716 1.60485456069 1.11794448341243 0 1.88350804289803 1.30042358045466 1.44062576233409 1.07002566242591 1.73482458875515 1.69472333276644 1.17270232411101 1.59200149751268 0.959188448963687 0.978709984803572
1.91392171848565 1.25117172906175 1.74297985318117 0.961873592576012 1.66278871544637 1.26327789388597 1.03265311499126 1.12968791997992 0.963658798718825 1.82875965628773 1.71495315083303 1.81431817961857 1.34904039674439 1.4494244758971 1.9165060070809 1.29514816310257 1.48178470996208 1.91180446208455 1.39224866987206 1.88350804289803 0 1.88278337172233 1.6597432019189 1.39455046807416 1.91426860284992 1.92907892633229 1.28335330286063 1.44266860513017 1.14680210920051 0.982946192380041
1.62674383004196 1.27337378100492 1.15708941454068 1.00379882846028 1.58250683057122 1.45877366443165 1.56190686533228 1.77793306298554 1.53038449934684 1.33263702620752 1.71933209779672 0.98075316939503 1.26247942284681 1.569908200996 1.85456526582129 1.57678565895185 1.60765521088615 1.37159931310453 1.18682022183202 1.30042358045466 1.88278337172233 0 1.14435511105694 1.34088658518158 1.12387756118551 1.81099320435897 1.10745005914941 1.82984681217931 1.26021356624551 1.29143015993759
1.31136910710484 1.80251517472789 1.24987973435782 1.26841512462124 1.32011092430912 1.88095579971559 1.67581469588913 1.64927461487241 1.54554716101848 1.20966060343198 1.50835697329603 1.6864141325932 1.57143585640006 0.997403357410803 1.35308171459474 1.01234476314858 1.82153237238526 1.35067606624216 1.63251755805686 1.44062576233409 1.6597432019189 1.14435511105694 0 1.34943041275255 1.42460410855711 1.19865332753398 1.3269269594457 1.92447882494889 1.30295243905857 1.23787948023528
1.21247178246267 1.1122835080605 1.0988944421988 1.28749501821585 1.78901820350438 1.24567840388045 1.74648478766903 1.16370989056304 1.02103632944636 1.61793523561209 1.53141369717196 1.08510146755725 1.3275324406568 1.12898196559399 1.32532546808943 1.18574357731268 1.41952374856919 1.30159249668941 1.62242046371102 1.07002566242591 1.39455046807416 1.34088658518158 1.34943041275255 0 1.65273776324466 1.81691054091789 1.38106100331061 1.33169362111948 1.47443608380854 1.77239283686504
1.41445230483077 1.19623047811911 1.07123364484869 1.32648701430298 1.83943729335442 1.85544140334241 1.84626216581091 1.25000830902718 1.92723337747157 1.25335423462093 1.39177385461517 1.19528194703162 1.78782319137827 1.02685691905208 0.963803084567189 1.92067028302699 1.39749683695845 1.53973680827767 1.84807085827924 1.73482458875515 1.91426860284992 1.12387756118551 1.42460410855711 1.65273776324466 0 1.19185485318303 1.40123551781289 1.44397596665658 1.82929209433496 1.19167647906579
1.23939029220492 1.08067716471851 1.10102636110969 1.48080818518065 1.74544637836516 0.970545771066099 0.998031934723258 1.22204266861081 1.37197358161211 1.51658622152172 1.75052879448049 1.03728230972774 1.07921206229366 1.11408554553054 0.997295155189931 1.24226010404527 1.08202302781865 1.41079875314608 1.43353181658313 1.69472333276644 1.92907892633229 1.81099320435897 1.19865332753398 1.81691054091789 1.19185485318303 0 1.39549784874544 1.13144770474173 1.19277895847335 1.14300819020718
1.00938488868997 1.19177126605064 1.7482291595079 1.69466815097257 1.1981226624921 1.37749965023249 1.77321124682203 1.40004379232414 1.72157985181548 1.35005642543547 1.26466330536641 1.2706742498558 1.16325440746732 1.41674221656285 1.02210969338194 1.36052364576608 1.52209564647637 1.32732244697399 1.34065035404637 1.17270232411101 1.28335330286063 1.10745005914941 1.3269269594457 1.38106100331061 1.40123551781289 1.39549784874544 0 1.15296508790925 1.74545014719479 0.993575133848935
1.91428226232529 1.1184321299661 1.56598710385151 1.22904875618406 1.92653485317715 1.55659035174176 0.963071924401447 1.09587048226967 1.69575865752995 1.20899581350386 1.02600196166895 1.29935238324106 1.74382435670123 1.87472201976925 1.554408531636 1.55331207462586 1.79006232623942 1.26645351666957 1.64019112498499 1.59200149751268 1.44266860513017 1.82984681217931 1.92447882494889 1.33169362111948 1.44397596665658 1.13144770474173 1.15296508790925 0 1.56224004970863 1.57347165141255
1.37718386040069 1.06364009063691 1.8983921406325 1.67592842131853 1.5918747195974 1.64681041031145 1.76951594697312 1.13573972391896 1.14864730834961 1.22031263750978 1.74483118322678 1.20257621398196 1.19317333889194 1.48528665490448 1.06731992587447 1.44359005428851 1.53925643465482 1.67779474076815 1.04882551752962 0.959188448963687 1.14680210920051 1.26021356624551 1.30295243905857 1.47443608380854 1.82929209433496 1.19277895847335 1.74545014719479 1.56224004970863 0 1.07253742031753
0.983373472932726 1.87292637396604 1.54597141430713 1.1410030676052 1.12843440962024 1.80941221886314 1.85452834749594 1.53909289976582 1.46235693851486 1.03766806214117 1.01874580676667 1.65143356891349 1.27288569463417 1.86917163152248 1.2143216158729 1.17542494949885 1.08382104313932 1.6442138121929 1.61247591325082 0.978709984803572 0.982946192380041 1.29143015993759 1.23787948023528 1.77239283686504 1.19167647906579 1.14300819020718 0.993575133848935 1.57347165141255 1.07253742031753 0
