0 1.38539031078108 1.42086112895049 1.38337174989283 1.27255625650287 1.57434880919755 1.22860576002859 0.992214418947697 1.89868923882023 1.26494181901217 1.4200779707171 1.59565592953004 1.63065958791412 1.70470008137636 1.66240161051974 1.47085100971162 1.42452186369337 1.6146117397584 1.72718099644408 1.32984446850605 1.69301203382201 1.80126947001554 1.23482720204629 1.16074293595739 1.50702659063973 1.87643420766108 1.0585095344577 1.35857779835351 1.88422962347977 1.59459495055489
1.38539031078108 0 1.64490423025563 1.48072039172985 1.0875766670797 1.60523879132234 1.51284192153253 1.67144406493753 1.33485742285848 1.14036374539137 1.67248119018041 1.11344905919395 1.31664252839983 1.37012226670049 1.91952620190568 1.39475329266861 1.55982523993589 1.43518486339599 1.24149238108657 1.13307561236434 1.89873363496736 1.09090732503682 1.58819867507555 1.0593070150353 1.04207423492335 1.42111578886397 1.53335605678149 1.18127482314594 1.74941535596736 1.84362301765941
1.42086112895049 1.64490423025563 0 1.77570195496082 1.09790638671257 1.41543332627043 1.30475760344416 1.23848006990738 1.67675092071295 1.02894100360572 1.03058991581202 1.17662807879969 1.16616304963827 1.64200754044577 1.37656528945081 1.15497183008119 1.12512289755978 1.20185729465447 1.38714220956899 1.83815669966862 1.20671604177915 1.36077902419493 1.59757977747358 1.76802646089345 1.84489135839976 1.71032623574138 1.43418205226772 1.39428508118726 1.67236479837447 1.3940142672509
1.38337174989283 1.48072039172985 1.77570195496082 0 1.93300368264318 1.86802926543169 1.46080380934291 1.4265803063754 1.7146745370701 1.76951100467704 1.82301650033332 1.2052427593153 1.60261440579779 1.48097860673442 1.58667433029041 1.245606262004 1.02103921072558 1.47013119026087 1.81645069061778 1.69841970573179 1.68159523932263 1.25953842839226 1.73911885451525 1.21505977935158 1.43589527904987 1.73948488640599 1.02621702407487 1.01003283634782 1.3518645807635 1.47285859356634
1.27255625650287 1.0875766670797 1.09790638671257 1.93300368264318 0 1.35474575613625 1.56043104617856 1.93937235651538 1.79383888165466 1.72157871327363 1.55399480229244 1.37507369997911 0.955925995251164 1.85856845625676 1.27943399641663 1.19380514486693 0.972398655721918 1.65777494641952 1.10712811490521 1.90823935042135 1.3948175329715 1.1509297566954 1.70048899226822 1.93133086990565 1.64591421117075 1.93072574655525 1.73139257496223 1.51213443768211 1.74171167076565 1.88694879715331
1.57434880919755 1.60523879132234 1.41543332627043 1.86802926543169 1.35474575613625 0 1.79701489303261 1.83470444520935 1.16439586272463 1.68367890897207 1.26524572307244 1.3266078478191 1.72255114489235 1.65609282627702 1.63246005121619 1.3851058522705 1.08439777512103 1.68086934136227 1.55783812748268 1.76716599869542 1.93228619894944 1.8593895516824 1.01604872522876 1.05670526018366 1.2746815434657 1.84211549465545 1.10738103627227 1.62889545108192 1.20304774283431 0.972491543041542
1.22860576002859 1.51284192153253 1.30475760344416 1.46080380934291 1.56043104617856 1.79701489303261 0 1.91090970113873 1.30123536940664 1.25869426084682 1.37086307257414 1.04002389637753 1.35955363698304 1.43608861905523 1.84740111860447 1.04450355912559 1.12283693952486 1.33913156297058 1.40529354917817 1.74281740142033 1.26887108804658 1.31902597984299 1.44087949348614 1.2094894181937 1.59919077530503 1.08572540897876 1.40128211234696 1.86187944584526 1.71488838247024 1.60238055721857
0.992214418947697 1.67144406493753 1.23848006990738 1.4265803063754 1.93937235651538 1.83470444520935 1.91090970113873 0 1.04984051710926 1.53017877298407 1.92150249937549 1.82919272291474 1.82608777331188 1.30497929221019 1.84292760281824 1.46138832042925 1.19541352964006 1.50848674681038 1.64904535352252 1.07693772390485 1.50022445293143 1.33926172484644 1.63561111246236 1.09318533004262 1.70231938036159 1.54228878300637 1.73402600479312 1.27409419068135 1.11911226506345 1.23629279411398
1.89868923882023 1.33485742285848 1.67675092071295 1.7146745370701 1.79383888165466 1.16439586272463 1.30123536940664 1.04984051710926 0 1.07867563213222 1.50110377487727 0.994966545142233 0.956304689636454 1.66342020174488 1.56068101106212 1.73055275832303 1.93732191878371 1.44135087984614 1.62479697959498 0.973963564960286 1.7741161652375 1.31006854493171 1.56386836990714 1.79030778468587 1.79302491387352 1.4719962363597 1.37690855329856 1.81032627518289 1.25103865144774 1.83795868675224
1.26494181901217 1.14036374539137 1.02894100360572 1.76951100467704 1.72157871327363 1.68367890897207 1.25869426084682 1.53017877298407 1.07867563213222 0 1.06056822976097 1.67727527860552 1.24944856134243 1.68657004646957 1.89111477648839 1.69980854191817 1.16784251574427 1.39725643070415 1.15710102114826 1.08392325951718 1.25352288060822 1.01067804847844 1.4814144091215 1.40349843003787 1.77021460002288 1.67601586738601 1.43107781582512 1.32004091027193 1.34288191515952 1.56896204454824
1.4200779707171 1.67248119018041 1.03058991581202 1.82301650033332 1.55399480229244 1.26524572307244 1.37086307257414 1.92150249937549 1.50110377487727 1.06056822976097 0 1.05278697423637 1.24697913834825 1.52016282803379 1.93993427255191 1.60957637242973 1.22783392155543 1.11068049236201 1.68401729967445 1.67960396502167 1.73968117474578 1.04641931899823 1.31207560794428 1.65519393444993 1.14237171597779 1.85004825075157 1.55688997218385 1.71727242507041 1.54128218372352 1.13727868162096
1.59565592953004 1.11344905919395 1.17662807879969 1.2052427593153 1.37507369997911 1.3266078478191 1.04002389637753 1.82919272291474 0.994966545142233 1.67727527860552 1.05278697423637 0 1.33786752447486 1.2229454361368 1.14531545527279 1.1302872793749 1.8198266569525 1.02945601381361 1.28422191017307 1.7285845617298 1.42297411570325 1.93729000072926 1.02036053687334 1.51160556799732 1.31109485938214 1.70203074673191 1.50824701390229 1.10331604583189 1.15095002157614 1.10070046479814
1.63065958791412 1.31664252839983 1.16616304963827 1.60261440579779 0.955925995251164 1.72255114489235 1.35955363698304 1.82608777331188 0.956304689636454 1.24944856134243 1.24697913834825 1.33786752447486 0 1.91584575455636 1.68819277756847 1.59425510372967 1.18695104960352 1.41674260329455 1.81821800442412 1.24309026147239 1.76700718258508 1.46086760866456 1.7384690863546 1.74342106166296 1.11996916960925 1.56856334581971 1.90421667741612 1.66026127105579 1.24271973199211 1.09736831719056
1.70470008137636 1.37012226670049 1.64200754044577 1.48097860673442 1.85856845625676 1.65609282627702 1.43608861905523 1.30497929221019 1.66342020174488 1.68657004646957 1.52016282803379 1.2229454361368 1.91584575455636 0 1.07689951523207 1.46554527315311 1.3138596219942 1.05366558977403 1.58024174813181 1.50176935154013 1.12273894064128 1.91591993602924 1.37001263187267 0.987455732887611 1.82041556038894 1.53844181727618 1.41607895493507 1.48261470720172 1.4882591816131 1.67677724245004
1.66240161051974 1.91952620190568 1.37656528945081 1.58667433029041 1.27943399641663 1.63246005121619 1.84740111860447 1.84292760281824 1.56068101106212 1.89111477648839 1.93993427255191 1.14531545527279 1.68819277756847 1.07689951523207 0 1.7925472331699 1.82214916939847 1.38659802800976 0.985554815968499 1.29822209244594 1.11083104717545 1.67731884028763 1.21497135749087 1.30643313936889 1.14043729542755 1.28526153485291 1.26088600768708 1.57526807743125 1.27935022301972 1.17502633505501
1.47085100971162 1.39475329266861 1.15497183008119 1.245606262004 1.19380514486693 1.3851058522705 1.04450355912559 1.46138832042925 1.73055275832303 1.69980854191817 1.60957637242973 1.1302872793749 1.59425510372967 1.46554527315311 1.7925472331699 0 0.941994087537751 1.16998743312433 1.6376534816809 1.56970173656009 1.79225912177935 1.37959175067954 1.60854280833155 1.63004174293019 1.63876136764884 1.299073030008 1.30957777914591 0.983906652778387 1.70195347303525 1.34781736531295
1.42452186369337 1.55982523993589 1.12512289755978 1.02103921072558 0.972398655721918 1.08439777512103 1.12283693952486 1.19541352964006 1.93732191878371 1.16784251574427 1.22783392155543 1.8198266569525 1.18695104960352 1.3138596219942 1.82214916939847 0.941994087537751 0 1.72017317521386 1.92449935502373 1.34313086280599 1.39580140728503 1.11777062248439 1.11311259726062 1.92831017868593 1.28981283120811 1.37964634387754 1.45529106725007 1.09805272007361 1.63347096415237 1.3245499888435
1.6146117397584 1.43518486339599 1.20185729465447 1.47013119026087 1.65777494641952 1.68086934136227 1.33913156297058 1.50848674681038 1.44135087984614 1.39725643070415 1.11068049236201 1.02945601381361 1.41674260329455 1.05366558977403 1.38659802800976 1.16998743312433 1.72017317521386 0 1.24813938466832 1.72376050474122 1.69260375085287 1.18923556152731 1.26756850816309 1.09525329666212 1.16198414517567 1.69556951080449 1.84333917405456 1.27771796425804 1.18349952599965 0.961355449166149
1.72718099644408 1.24149238108657 1.38714220956899 1.81645069061778 1.10712811490521 1.55783812748268 1.40529354917817 1.64904535352252 1.62479697959498 1.15710102114826 1.68401729967445 1.28422191017307 1.81821800442412 1.58024174813181 0.985554815968499 1.6376534816809 1.92449935502373 1.24813938466832 0 1.77355503849685 1.58209345908836 1.78882694616914 0.959984978660941 1.89681462012231 1.28872242476791 1.08921380434185 1.78953714529052 1.47982450155541 1.51705966237932 1.67906654207036
1.32984446850605 1.13307561236434 1.83815669966862 1.69841970573179 1.90823935042135 1.76716599869542 1.74281740142033 1.07693772390485 0.973963564960286 1.08392325951718 1.67960396502167 1.7285845617298 1.24309026147239 1.50176935154013 1.29822209244594 1.56970173656009 1.34313086280599 1.72376050474122 1.77355503849685 0 1.64506662683561 1.28741062735207 1.92453661607578 1.03264184715226 1.36814385419711 1.1102743523661 1.30881699617021 1.03152348846197 1.7732125017792 1.39292708155699
1.69301203382201 1.89873363496736 1.20671604177915 1.68159523932263 1.3948175329715 1.93228619894944 1.26887108804658 1.50022445293143 1.7741161652375 1.25352288060822 1.73968117474578 1.42297411570325 1.76700718258508 1.12273894064128 1.11083104717545 1.79225912177935 1.39580140728503 1.69260375085287 1.58209345908836 1.64506662683561 0 1.21767319808714 1.55923322308809 1.40996890235692 1.5785228679888 1.49125129193999 1.32534829596989 1.85453236219473 1.9035501962062 0.959794655907899
1.80126947001554 1.09090732503682 1.36077902419493 1.25953842839226 1.1509297566954 1.8593895516824 1.31902597984299 1.33926172484644 1.31006854493171 1.01067804847844 1.04641931899823 1.93729000072926 1.46086760866456 1.91591993602924 1.67731884028763 1.37959175067954 1.11777062248439 1.18923556152731 1.78882694616914 1.28741062735207 1.21767319808714 0 1.66966567793861 1.70480708661489 1.09382568811998 1.67397964792326 1.15515617514029 1.83178897737525 1.90964882541448 1.12218143953942
1.23482720204629 1.58819867507555 1.59757977747358 1.73911885451525 1.70048899226822 1.01604872522876 1.44087949348614 1.63561111246236 1.56386836990714 1.4814144091215 1.31207560794428 1.02036053687334 1.7384690863546 1.37001263187267 1.21497135749087 1.60854280833155 1.11311259726062 1.26756850816309 0.959984978660941 1.92453661607578 1.55923322308809 1.66966567793861 0 1.14743515523151 1.28409767034464 1.82644541724585 1.08262229687534 1.24142463994212 1.90588196157478 1.17775632534176
1.16074293595739 1.0593070150353 1.76802646089345 1.21505977935158 1.93133086990565 1.05670526018366 1.2094894181937 1.09318533004262 1.79030778468587 1.40349843003787 1.65519393444993 1.51160556799732 1.74342106166296 0.987455732887611 1.30643313936889 1.63004174293019 1.92831017868593 1.09525329666212 1.89681462012231 1.03264184715226 1.40996890235692 1.70480708661489 1.14743515523151 0 1.23700041812845 1.66543301544152 1.25270821689628 1.50760479830205 1.65759872621857 1.10669010737911
1.50702659063973 1.04207423492335 1.84489135839976 1.43589527904987 1.64591421117075 1.2746815434657 1.59919077530503 1.70231938036159 1.79302491387352 1.77021460002288 1.14237171597779 1.31109485938214 1.11996916960925 1.82041556038894 1.14043729542755 1.63876136764884 1.28981283120811 1.16198414517567 1.28872242476791 1.36814385419711 1.5785228679888 1.09382568811998 1.28409767034464 1.23700041812845 0 1.78380997758359 1.93698899145238 1.8276741609443 0.98275758814998 1.36069036275148
1.87643420766108 1.42111578886397 1.71032623574138 1.73948488640599 1.93072574655525 1.84211549465545 1.08572540897876 1.54228878300637 1.4719962363597 1.67601586738601 1.85004825075157 1.70203074673191 1.56856334581971 1.53844181727618 1.28526153485291 1.299073030008 1.37964634387754 1.69556951080449 1.08921380434185 1.1102743523661 1.49125129193999 1.67397964792326 1.82644541724585 1.66543301544152 1.78380997758359 0 1.27814339147881 1.71943312278017 1.24290523002855 1.50497265020385
1.0585095344577 1.53335605678149 1.43418205226772 1.02621702407487 1.73139257496223 1.10738103627227 1.40128211234696 1.73402600479312 1.37690855329856 1.43107781582512 1.55688997218385 1.50824701390229 1.90421667741612 1.41607895493507 1.26088600768708 1.30957777914591 1.45529106725007 1.84333917405456 1.78953714529052 1.30881699617021 1.32534829596989 1.15515617514029 1.08262229687534 1.25270821689628 1.93698899145238 1.27814339147881 0 1.3531900239177 1.30124820931815 0.942466197302565
1.35857779835351 1.18127482314594 1.39428508118726 1.01003283634782 1.51213443768211 1.62889545108192 1.86187944584526 1.27409419068135 1.81032627518289 1.32004091027193 1.71727242507041 1.10331604583189 1.66026127105579 1.48261470720172 1.57526807743125 0.983906652778387 1.09805272007361 1.27771796425804 1.47982450155541 1.03152348846197 1.85453236219473 1.83178897737525 1.24142463994212 1.50760479830205 1.8276741609443 1.71943312278017 1.3531900239177 0 1.2981500341557 1.01388444355689
1.88422962347977 1.74941535596736 1.67236479837447 1.3518645807635 1.74171167076565 1.20304774283431 1.71488838247024 1.11911226506345 1.25103865144774 1.34288191515952 1.54128218372352 1.15095002157614 1.24271973199211 1.4882591816131 1.27935022301972 1.70195347303525 1.63347096415237 1.18349952599965 1.51705966237932 1.7732125017792 1.9035501962062 1.90964882541448 1.90588196157478 1.65759872621857 0.98275758814998 1.24290523002855 1.30124820931815 1.2981500341557 0 1.87214965838939
1.59459495055489 1.84362301765941 1.3940142672509 1.47285859356634 1.88694879715331 0.972491543041542 1.60238055721857 1.23629279411398 1.83795868675224 1.56896204454824 1.13727868162096 1.10070046479814 1.09736831719056 1.67677724245004 1.17502633505501 1.34781736531295 1.3245499888435 0.961355449166149 1.67906654207036 1.39292708155699 0.959794655907899 1.12218143953942 1.17775632534176 1.10669010737911 1.36069036275148 1.50497265020385 0.942466197302565 1.01388444355689 1.87214965838939 0
