0 1.3418867692817 1.30156842456199 1.17345466208644 1.22098285192624 0.977720660855994 1.32276743627153 1.63977758376859 0.952777733793482 1.044190059416 1.86881992802955 1.88748584524728 0.982900843257084 1.29805667302571 1.30995225836523 1.18227610294707 1.08417446212843 0.945239101303741 0.960677719675004 1.69385861209594 1.07080442761071 1.22108603594825 1.76428658259101 1.19499008823186 1.16601512324996 1.57245333911851 1.07010878133588 1.58928454574198 1.10316881001927 1.86863647424616
1.3418867692817 0 1.91537795029581 1.88357616378926 1.1053954064846 0.958027464337647 1.6721488116309 1.16859825886786 1.93803602224216 1.10470069758594 1.61759465234354 1.67070489726029 1.7057487082202 1.34187185321935 1.53559930855408 1.57984929322265 1.91736704250798 1.94001003704034 1.28902082052082 1.79156011505984 1.71872812975198 1.30691839125939 1.62220185785554 1.13523864303716 1.19531898992136 1.3671652674675 1.90129274711944 1.34569197962992 1.54950809502043 1.36671567382291
1.30156842456199 1.91537795029581 0 1.8707121280022 1.04969825176522 1.49849274125881 1.00541977095418 1.54474578984082 1.90663527324796 1.09191535320133 1.5010138200596 1.71662000380456 1.60552859748714 1.72545933257788 1.71013078070246 1.8419772235211 1.57237036922015 1.37921790406108 1.26405230094679 1.45915823196992 1.46916830795817 1.20092563750222 1.80754535039887 1.39596386160702 1.26320390496403 1.55648263217881 1.23901199596003 1.08218766725622 1.50993789359927 1.69983180752024
1.17345466208644 1.88357616378926 1.8707121280022 0 1.85508278012276 1.57598262000829 1.76044042943977 1.53104990394786 1.01032824674621 0.975642504170537 1.0695125956554 1.12791619659401 1.0392318291124 1.85337788239121 1.08393382793292 1.85888007842004 1.05435354774818 1.85646355547942 1.51709497021511 1.60200458602048 1.7037906514015 1.11053181160241 1.31890293466859 1.39692616229877 1.70026913611218 1.67795123509131 1.8771329370793 1.27982795331627 1.6763015082106 1.54405747330748
1.22098285192624 1.1053954064846 1.04969825176522 1.85508278012276 0 1.27804703544825 1.49802531115711 1.46740199462511 1.46690198406577 1.0209921724163 1.48688036180101 1.30422194488347 1.80828365497291 1.37874845508486 1.07222016947344 1.09994068252854 1.28800002159551 1.15679732942954 1.06371908728033 1.20453508198261 1.6140359218698 1.8868230166845 1.04246009862982 1.80763167561963 1.59284940944053 1.7311190625187 1.21407986059785 1.28101061703637 1.73956728330813 1.81931276619434
0.977720660855994 0.958027464337647 1.49849274125881 1.57598262000829 1.27804703544825 0 1.22317387768999 1.54129157168791 1.85572458454408 1.75890274439007 1.79032364604063 1.31060945568606 1.00976361869834 1.6565737167839 1.4147570466157 1.0595807468053 0.959339578170329 1.00727574946359 1.91957422182895 1.28566873399541 1.70086962543428 1.50052313040942 1.8989569125697 1.44959736382589 1.83432670612819 1.21659343317151 1.53754295851104 1.85476231831126 1.28780020750128 1.91987935383804
1.32276743627153 1.6721488116309 1.00541977095418 1.76044042943977 1.49802531115711 1.22317387768999 0 1.29240931989625 1.58907655137591 1.67071236646734 1.06341475644149 1.68740154569969 1.64838283602148 1.17810352263041 1.78437743755057 1.49009013967589 1.16946427011862 1.44018951943144 1.89184006396681 0.949816845823079 1.32508322875947 1.88851594831795 1.0763301346451 1.53318984992802 1.83208040473983 1.60441374755464 1.72751185088418 1.66004774626344 1.60546589037403 1.57856070622802
1.63977758376859 1.16859825886786 1.54474578984082 1.53104990394786 1.46740199462511 1.54129157168791 1.29240931989625 0 1.85038269823417 1.56720909057185 1.46360160899349 1.22172005241737 1.22568909823895 1.15892550908029 1.0809368158225 1.2231407223735 1.46070222812705 1.59339757752605 1.82893358659931 1.40966742066666 1.32824874506332 1.13156885141507 1.26647912198678 1.68208076432347 1.43740626657382 1.81420377455652 1.85246814670973 1.45745692029595 1.11101862671785 1.4939256166108
0.952777733793482 1.93803602224216 1.90663527324796 1.01032824674621 1.46690198406577 1.85572458454408 1.58907655137591 1.85038269823417 0 1.5014516771771 1.71238147397526 1.91554674389772 1.53905879636295 1.28247714135796 1.74462240864523 1.0067014680244 1.41989284823649 1.81394911045209 1.23553720326163 1.92237873701379 1.71542985807173 0.956007402623072 1.92595048109069 1.02587449806742 0.96888992888853 0.99015233758837 1.54859587550163 1.91615366144106 0.997758028330281 1.89061781414784
1.044190059416 1.10470069758594 1.09191535320133 0.975642504170537 1.0209921724163 1.75890274439007 1.67071236646734 1.56720909057185 1.5014516771771 0 1.20890962867998 1.00815892661922 1.61679080408067 1.01950176130049 1.66524845804088 1.44875828921795 1.80131503124721 1.17990979459137 1.69346550712362 1.32266279263422 1.81177509576082 0.989630011143163 1.30930140661076 1.54936563805677 1.18422698811628 1.13591613830067 1.06701075239107 1.07217559404671 1.23698298865929 1.55270535452291
1.86881992802955 1.61759465234354 1.5010138200596 1.0695125956554 1.48688036180101 1.79032364604063 1.06341475644149 1.46360160899349 1.71238147397526 1.20890962867998 0 1.27649958385155 1.57995634851977 1.67648314940743 1.27115130145103 1.36395005090162 1.69318317109719 1.58095734845847 1.64881696528755 1.86418090900406 1.51237492007203 1.59270279016346 1.36276122694835 1.78290799283423 1.84701032354496 1.48778002336621 1.70349241024815 1.53764333878644 1.00057487073354 1.66586924996227
1.88748584524728 1.67070489726029 1.71662000380456 1.12791619659401 1.30422194488347 1.31060945568606 1.68740154569969 1.22172005241737 1.91554674389772 1.00815892661922 1.27649958385155 0 1.28857039171271 1.25880362745374 1.66402190318331 1.90596373565495 1.05093750194646 1.26530275982805 1.57672898843884 1.2671109167859 0.98580815223977 1.69799222843722 1.25183298927732 1.00768244382925 1.03789672232233 1.22611307119951 1.19064642069861 1.3852549912408 1.20618837792426 1.38119411561638
0.982900843257084 1.7057487082202 1.60552859748714 1.0392318291124 1.80828365497291 1.00976361869834 1.64838283602148 1.22568909823895 1.53905879636295 1.61679080408067 1.57995634851977 1.28857039171271 0 1.89949634484947 1.83833347284235 1.75054781860672 1.14927626983263 1.85960826929659 1.1222210500855 1.1001136074774 1.51630486082286 1.90031503210776 1.45057291118428 1.20216455101036 1.19696520431899 1.09535594680347 1.74479502649046 1.12923657079227 1.91586993564852 1.72985403588973
1.29805667302571 1.34187185321935 1.72545933257788 1.85337788239121 1.37874845508486 1.6565737167839 1.17810352263041 1.15892550908029 1.28247714135796 1.01950176130049 1.67648314940743 1.25880362745374 1.89949634484947 0 1.11112944362685 1.07688516704366 1.49711928050965 1.86128631513566 1.39823187491857 1.52966609573923 1.65276963706128 1.03820335911587 1.67857231199741 1.1461904826574 1.45797351631336 1.92353184125386 1.36782086850144 1.70854125800543 1.62131941271946 0.972054401878268
1.30995225836523 1.53559930855408 1.71013078070246 1.08393382793292 1.07222016947344 1.4147570466157 1.78437743755057 1.0809368158225 1.74462240864523 1.66524845804088 1.27115130145103 1.66402190318331 1.83833347284235 1.11112944362685 0 1.70092372293584 1.08040717174299 0.950197813799605 1.92645601159893 1.43542334507219 1.50330069568008 1.38814206980169 1.07785056438297 1.29490595846437 1.45516266580671 1.18216378544457 1.89641376538202 1.64195713447407 0.970653523225337 1.86179601657204
1.18227610294707 1.57984929322265 1.8419772235211 1.85888007842004 1.09994068252854 1.0595807468053 1.49009013967589 1.2231407223735 1.0067014680244 1.44875828921795 1.36395005090162 1.90596373565495 1.75054781860672 1.07688516704366 1.70092372293584 0 1.88395090703852 1.46224905923009 1.23251511249691 1.24168388196267 0.998644336825237 1.10168183152564 1.4851029550191 1.58395011350513 1.57465884997509 1.77726477384567 1.52646882971749 1.57638540212065 1.81510055228136 1.22017641272396
1.08417446212843 1.91736704250798 1.57237036922015 1.05435354774818 1.28800002159551 0.959339578170329 1.16946427011862 1.46070222812705 1.41989284823649 1.80131503124721 1.69318317109719 1.05093750194646 1.14927626983263 1.49711928050965 1.08040717174299 1.88395090703852 0 1.85855049779639 1.84428572817706 1.13501627836376 1.92384964879602 0.980463795829564 1.71939913649112 0.945621016202495 1.07176879257895 1.22324237087741 1.43731359834783 1.49489021720365 1.21971751865931 1.58722090022638
0.945239101303741 1.94001003704034 1.37921790406108 1.85646355547942 1.15679732942954 1.00727574946359 1.44018951943144 1.59339757752605 1.81394911045209 1.17990979459137 1.58095734845847 1.26530275982805 1.85960826929659 1.86128631513566 0.950197813799605 1.46224905923009 1.85855049779639 0 1.13425373262726 1.8788216104731 1.35586274135858 1.41515705757774 1.70738218910992 1.37778810295276 1.00745764514431 1.89826491801068 1.65553470212035 0.995138369500637 1.37447201530449 1.74706236086786
0.960677719675004 1.28902082052082 1.26405230094679 1.51709497021511 1.06371908728033 1.91957422182895 1.89184006396681 1.82893358659931 1.23553720326163 1.69346550712362 1.64881696528755 1.57672898843884 1.1222210500855 1.39823187491857 1.92645601159893 1.23251511249691 1.84428572817706 1.13425373262726 0 1.10679799225181 1.40169215388596 1.04401014838368 1.89634754601866 1.44878506357782 1.2866466708947 1.08321208646521 1.35325140156783 1.69001835328527 1.43189904629253 0.962281035492197
1.69385861209594 1.79156011505984 1.45915823196992 1.60200458602048 1.20453508198261 1.28566873399541 0.949816845823079 1.40966742066666 1.92237873701379 1.32266279263422 1.86418090900406 1.2671109167859 1.1001136074774 1.52966609573923 1.43542334507219 1.24168388196267 1.13501627836376 1.8788216104731 1.10679799225181 0 1.16769269132055 1.6156755250413 0.977124368073419 1.14341795258224 1.40043064416386 1.59991094307043 1.40950664458796 1.63774170400575 1.58157857786864 1.70904204202816
1.07080442761071 1.71872812975198 1.46916830795817 1.7037906514015 1.6140359218698 1.70086962543428 1.32508322875947 1.32824874506332 1.71542985807173 1.81177509576082 1.51237492007203 0.98580815223977 1.51630486082286 1.65276963706128 1.50330069568008 0.998644336825237 1.92384964879602 1.35586274135858 1.40169215388596 1.16769269132055 0 1.36999151529744 1.10146019584499 1.85553072113544 0.977983578108251 1.48274480528198 1.02996167191304 0.982541799079627 1.10127630783245 1.30270200851373
1.22108603594825 1.30691839125939 1.20092563750222 1.11053181160241 1.8868230166845 1.50052313040942 1.88851594831795 1.13156885141507 0.956007402623072 0.989630011143163 1.59270279016346 1.69799222843722 1.90031503210776 1.03820335911587 1.38814206980169 1.10168183152564 0.980463795829564 1.41515705757774 1.04401014838368 1.6156755250413 1.36999151529744 0 1.34893319173716 1.83080311585218 1.20314843510278 1.0868757343851 1.26705143111758 1.85422244109213 1.92420223751105 1.28758819610812
1.76428658259101 1.62220185785554 1.80754535039887 1.31890293466859 1.04246009862982 1.8989569125697 1.0763301346451 1.26647912198678 1.92595048109069 1.30930140661076 1.36276122694835 1.25183298927732 1.45057291118428 1.67857231199741 1.07785056438297 1.4851029550191 1.71939913649112 1.70738218910992 1.89634754601866 0.977124368073419 1.10146019584499 1.34893319173716 0 0.973316416377202 1.19655734696425 0.959263724507764 1.44387618359178 1.90979713294655 1.68689278722741 1.43587930966169
1.19499008823186 1.13523864303716 1.39596386160702 1.39692616229877 1.80763167561963 1.44959736382589 1.53318984992802 1.68208076432347 1.02587449806742 1.54936563805677 1.78290799283423 1.00768244382925 1.20216455101036 1.1461904826574 1.29490595846437 1.58395011350513 0.945621016202495 1.37778810295276 1.44878506357782 1.14341795258224 1.85553072113544 1.83080311585218 0.973316416377202 0 1.68996023153886 1.47562907938845 1.61014466872439 1.07364701037295 1.59652523649856 1.47360241413116
1.16601512324996 1.19531898992136 1.26320390496403 1.70026913611218 1.59284940944053 1.83432670612819 1.83208040473983 1.43740626657382 0.96888992888853 1.18422698811628 1.84701032354496 1.03789672232233 1.19696520431899 1.45797351631336 1.45516266580671 1.57465884997509 1.07176879257895 1.00745764514431 1.2866466708947 1.40043064416386 0.977983578108251 1.20314843510278 1.19655734696425 1.68996023153886 0 1.69994470034726 1.412243045168 1.75207142625004 1.28524385159835 1.69151609321125
1.57245333911851 1.3671652674675 1.55648263217881 1.67795123509131 1.7311190625187 1.21659343317151 1.60441374755464 1.81420377455652 0.99015233758837 1.13591613830067 1.48778002336621 1.22611307119951 1.09535594680347 1.92353184125386 1.18216378544457 1.77726477384567 1.22324237087741 1.89826491801068 1.08321208646521 1.59991094307043 1.48274480528198 1.0868757343851 0.959263724507764 1.47562907938845 1.69994470034726 0 1.86486890679225 1.30769342347048 1.87781545333564 1.14791374956258
1.07010878133588 1.90129274711944 1.23901199596003 1.8771329370793 1.21407986059785 1.53754295851104 1.72751185088418 1.85246814670973 1.54859587550163 1.06701075239107 1.70349241024815 1.19064642069861 1.74479502649046 1.36782086850144 1.89641376538202 1.52646882971749 1.43731359834783 1.65553470212035 1.35325140156783 1.40950664458796 1.02996167191304 1.26705143111758 1.44387618359178 1.61014466872439 1.412243045168 1.86486890679225 0 1.65349832363427 1.81066668103449 1.61107901134528
1.58928454574198 1.34569197962992 1.08218766725622 1.27982795331627 1.28101061703637 1.85476231831126 1.66004774626344 1.45745692029595 1.91615366144106 1.07217559404671 1.53764333878644 1.3852549912408 1.12923657079227 1.70854125800543 1.64195713447407 1.57638540212065 1.49489021720365 0.995138369500637 1.69001835328527 1.63774170400575 0.982541799079627 1.85422244109213 1.90979713294655 1.07364701037295 1.75207142625004 1.30769342347048 1.65349832363427 0 1.92743104789406 1.38824858958833
1.10316881001927 1.54950809502043 1.50993789359927 1.6763015082106 1.73956728330813 1.28780020750128 1.60546589037403 1.11101862671785 0.997758028330281 1.23698298865929 1.00057487073354 1.20618837792426 1.91586993564852 1.62131941271946 0.970653523225337 1.81510055228136 1.21971751865931 1.37447201530449 1.43189904629253 1.58157857786864 1.10127630783245 1.92420223751105 1.68689278722741 1.59652523649856 1.28524385159835 1.87781545333564 1.81066668103449 1.92743104789406 0 1.33189505920745
1.86863647424616 1.36671567382291 1.69983180752024 1.54405747330748 1.81931276619434 1.91987935383804 1.57856070622802 1.4939256166108 1.89061781414784 1.55270535452291 1.66586924996227 1.38119411561638 1.72985403588973 0.972054401878268 1.86179601657204 1.22017641272396 1.58722090022638 1.74706236086786 0.962281035492197 1.70904204202816 1.30270200851373 1.28758819610812 1.43587930966169 1.47360241413116 1.69151609321125 1.14791374956258 1.61107901134528 1.38824858958833 1.33189505920745 0
