0 1.14525812631473 0.979948716470972 1.79273584089242 1.41482153837569 1.70583743951283 1.7042699388694 1.7385310116224 1.84986305632629 1.24228916619904 1.37389250705019 1.75911753531545 1.30671417550184 1.7052172513213 1.41856183041818 1.51476086047478 1.57576668122783 1.34980896045454 1.45775308762677 1.39764548605308 1.69435041281395 1.58608240191825 1.6949676591903 0.921294012106955 1.47565584047697 1.56451354175806 1.60394305782393 1.67588153667748 0.98389343963936 1.10205594380386
1.14525812631473 0 1.02397597185336 1.8100366841536 1.58602397073992 1.29254814307205 1.08579200343229 1.51361302053556 1.81791797466576 1.36947904434055 0.909032616764307 1.54954182263464 1.4440634206403 1.71972240135074 1.49919401761144 1.16912257531658 0.99513149028644 1.61673710867763 1.15198568464257 1.88134436332621 1.68517671013251 1.79247565986589 1.75946734147146 1.39254693104886 1.66842566407286 1.88799408101477 1.71930610598065 1.0831316257827 1.32516942266375 0.975148153025657
0.979948716470972 1.02397597185336 0 1.78116555023007 0.956291802925989 1.46428035222925 1.12694193143398 1.21167018520646 1.33909944654442 1.6643326964695 1.73523386754096 1.80070894793607 1.40992714720778 1.05286765517667 1.70213528326713 1.55341934529133 1.71041566226631 0.934687251457945 1.42673714528792 1.02710077841766 0.957866989541799 1.27935894601978 1.35265397164039 1.11483388883062 1.2187159974128 1.58740243944339 1.21565695269965 1.20682391198352 1.72389761172235 0.945890838978812
1.79273584089242 1.8100366841536 1.78116555023007 0 1.09226429415867 1.23634828347713 1.57290487946011 1.56613742769696 1.60067286901176 1.83509646146558 1.63789550936781 1.41400817595422 1.06210448499769 1.57025201595388 1.79443283961155 1.5590571090579 1.83014350594021 1.51038886420429 1.55816475651227 1.60169870872051 1.12975715938956 1.46594135765918 1.43997465027496 1.12063162308186 1.10521286609583 0.946152933407575 1.72276181494817 1.31565599166788 1.46541767055169 1.71716526406817
1.41482153837569 1.58602397073992 0.956291802925989 1.09226429415867 0 1.38740189839154 1.80648965993896 1.82519746944308 1.79592645261437 1.1994782728143 0.974759361706674 1.03012489015236 1.56052340078168 1.84073304198682 1.81866020173766 1.69293209700845 1.11855457676575 1.77440210664645 1.77724785124883 1.36806574021466 1.12847181456164 1.85703660803847 1.79247353202663 1.52674318547361 1.5218659483362 1.78405842650682 0.978186734952033 1.77185539226048 1.47395825549029 1.62501719268039
1.70583743951283 1.29254814307205 1.46428035222925 1.23634828347713 1.38740189839154 0 1.33813346363604 1.75915685924701 1.20244082342833 1.64852628693916 0.947065351065248 1.7333084163256 1.79714796529151 1.14398298645392 1.32404203829356 1.54432137613185 1.72334593860433 1.84510996402241 1.5944019050803 1.30944428546354 1.31661270046607 1.77545559150167 1.81890037772246 0.934865964576602 0.991895228391513 1.45993530517444 0.964185607619584 1.73936253250577 1.87087534810416 0.950257401447743
1.7042699388694 1.08579200343229 1.12694193143398 1.57290487946011 1.80648965993896 1.33813346363604 0 1.10276277828962 1.32214251509868 1.10213987412862 0.966957450378686 1.22412960673682 1.67629906069487 0.95219532540068 1.07025945046917 1.55083298729733 1.48316103871912 1.81395461061038 1.31834453134798 1.79690932878293 1.66960164392367 1.90323064476252 1.11681028571911 1.886329513276 1.48396049439907 1.24700468638912 1.40931425313465 0.986207206035033 0.972238984424621 1.18247870844789
1.7385310116224 1.51361302053556 1.21167018520646 1.56613742769696 1.82519746944308 1.75915685924701 1.10276277828962 0 1.57794153201394 1.77272798633203 1.87818843382411 1.52127539552748 1.47521808836609 1.31067439354956 1.46458902256563 1.19625827483833 1.87494806060567 1.85137053858489 1.47425734507851 1.7608996394556 1.66313966480084 1.50745377782732 1.14087988506071 1.47107818117365 1.07605617167428 1.41520633129403 1.25731738423929 1.12680693203583 1.1929370961152 1.19993401272222
1.84986305632629 1.81791797466576 1.33909944654442 1.60067286901176 1.79592645261437 1.20244082342833 1.32214251509868 1.57794153201394 0 1.79054287378676 1.8802933099214 1.7951596789062 1.13906627474353 1.07320632832125 1.64097440009937 1.23897339357063 1.16363561782055 1.1802033293061 0.940379020525143 1.70301395584829 1.89173127710819 0.990086244186386 1.14810100500472 1.17973896698095 1.66205268539488 1.59351833653636 1.36838602414355 1.83162195631303 1.89128311956301 1.85967550380155
1.24228916619904 1.36947904434055 1.6643326964695 1.83509646146558 1.1994782728143 1.64852628693916 1.10213987412862 1.77272798633203 1.79054287378676 0 1.37209109123796 1.87310498906299 1.60714771784842 1.53957346943207 1.60098998062313 1.78832097165287 1.41835047584027 1.00005283765495 1.48361016158015 1.21696980576962 1.86628013197333 1.11628614808433 1.41545161558315 1.64033923833631 1.37143577681854 1.64015508093871 1.353946254123 1.57611855957657 1.23724063229747 1.81666748761199
1.37389250705019 0.909032616764307 1.73523386754096 1.63789550936781 0.974759361706674 0.947065351065248 0.966957450378686 1.87818843382411 1.8802933099214 1.37209109123796 0 0.957738413242623 0.984807076863945 1.42451657867059 1.09696728317067 1.34627356356941 1.83653756650165 1.16180096217431 0.985373304225504 1.19312075758353 1.70240124431439 1.15254436945543 0.969239422585815 1.69341122033074 1.82867057621479 1.5358446855098 1.21397275850177 1.60372417932376 1.50890945387073 1.205113501288
1.75911753531545 1.54954182263464 1.80070894793607 1.41400817595422 1.03012489015236 1.7333084163256 1.22412960673682 1.52127539552748 1.7951596789062 1.87310498906299 0.957738413242623 0 1.39998310757801 1.76035678689368 1.74588775634766 1.07653311965987 1.85593514703214 1.80046327621676 1.81606009299867 1.31462466251105 1.4832624278497 1.29406109196134 0.925100724445656 0.971270971465856 1.35407827771269 1.86317931977101 1.85552634089254 1.6504290397279 0.913687576306984 1.09098749957047
1.30671417550184 1.4440634206403 1.40992714720778 1.06210448499769 1.56052340078168 1.79714796529151 1.67629906069487 1.47521808836609 1.13906627474353 1.60714771784842 0.984807076863945 1.39998310757801 0 1.52479103254154 1.41886329534464 1.81979174213484 1.44238171027973 1.27689327974804 1.43846326787025 1.29619036009535 1.03452105168253 1.0686194517184 1.53824656130746 1.09879390872084 1.66168110305443 1.47203995217569 1.2110723152291 1.05379962967709 1.47074144543149 1.76500948611647
1.7052172513213 1.71972240135074 1.05286765517667 1.57025201595388 1.84073304198682 1.14398298645392 0.95219532540068 1.31067439354956 1.07320632832125 1.53957346943207 1.42451657867059 1.76035678689368 1.52479103254154 0 1.18231032975018 1.24141713022254 1.08587307762355 1.19833169784397 1.53018779424019 1.14218917442486 1.16837032628246 1.53847918729298 1.02171438513324 1.60090641747229 0.999250190332532 0.963507149601355 1.1161629636772 1.80608423077501 1.8177168443799 1.48195191682316
1.41856183041818 1.49919401761144 1.70213528326713 1.79443283961155 1.81866020173766 1.32404203829356 1.07025945046917 1.46458902256563 1.64097440009937 1.60098998062313 1.09696728317067 1.74588775634766 1.41886329534464 1.18231032975018 0 0.988039904274046 1.48021065350622 1.8195591988042 1.8491862337105 1.01121831312776 1.49723702319898 0.985296512953937 1.10565142612904 1.76754601765424 1.64687420171686 1.20092196948826 1.89688991801813 1.23224106617272 1.67810287466273 1.29515929543413
1.51476086047478 1.16912257531658 1.55341934529133 1.5590571090579 1.69293209700845 1.54432137613185 1.55083298729733 1.19625827483833 1.23897339357063 1.78832097165287 1.34627356356941 1.07653311965987 1.81979174213484 1.24141713022254 0.988039904274046 0 0.920939529314637 1.18046264583245 1.7571393570397 1.58813794050366 1.10372118605301 1.68738867854699 1.64143946324475 0.942008555168286 1.12251379783265 1.49630217556842 1.74141419073567 1.58958715526387 1.42365170456469 1.75457922019996
1.57576668122783 0.99513149028644 1.71041566226631 1.83014350594021 1.11855457676575 1.72334593860433 1.48316103871912 1.87494806060567 1.16363561782055 1.41835047584027 1.83653756650165 1.85593514703214 1.44238171027973 1.08587307762355 1.48021065350622 0.920939529314637 0 1.19555981224403 1.88475275575183 1.86222960148007 1.49484621547163 1.67945384327322 1.14381562569179 1.14574197353795 1.07046855310909 1.65340696694329 1.39781584986486 1.33243373967707 1.25401924992912 1.00429468438961
1.34980896045454 1.61673710867763 0.934687251457945 1.51038886420429 1.77440210664645 1.84510996402241 1.81395461061038 1.85137053858489 1.1802033293061 1.00005283765495 1.16180096217431 1.80046327621676 1.27689327974804 1.19833169784397 1.8195591988042 1.18046264583245 1.19555981224403 0 1.72564876498654 1.86415986786596 1.55099883722141 1.31700814655051 1.47109047928825 1.3553358647041 1.38489045971073 1.87330687162466 1.60536628658883 1.75205388944596 1.2670441986993 1.44103215867653
1.45775308762677 1.15198568464257 1.42673714528792 1.55816475651227 1.77724785124883 1.5944019050803 1.31834453134798 1.47425734507851 0.940379020525143 1.48361016158015 0.985373304225504 1.81606009299867 1.43846326787025 1.53018779424019 1.8491862337105 1.7571393570397 1.88475275575183 1.72564876498654 0 1.2663655471988 1.280662789708 1.51266819960438 1.51161029795185 1.48997244844213 1.19929557596333 0.911982495570555 1.47348955529742 1.56167578627355 0.989566144300625 1.64461667696014
1.39764548605308 1.88134436332621 1.02710077841766 1.60169870872051 1.36806574021466 1.30944428546354 1.79690932878293 1.7608996394556 1.70301395584829 1.21696980576962 1.19312075758353 1.31462466251105 1.29619036009535 1.14218917442486 1.01121831312776 1.58813794050366 1.86222960148007 1.86415986786596 1.2663655471988 0 1.3573587059509 0.938171905698255 1.3954541683197 1.85463250544854 1.45153159578331 1.78792259306647 1.87192856101319 1.5552135638427 1.65958038135432 1.13523648143746
1.69435041281395 1.68517671013251 0.957866989541799 1.12975715938956 1.12847181456164 1.31661270046607 1.66960164392367 1.66313966480084 1.89173127710819 1.86628013197333 1.70240124431439 1.4832624278497 1.03452105168253 1.16837032628246 1.49723702319898 1.10372118605301 1.49484621547163 1.55099883722141 1.280662789708 1.3573587059509 0 1.63982283882797 0.931115662679076 1.56177082774229 1.16907930956222 1.71386087150313 1.38731238013133 1.60782913654111 1.20115562109277 1.28276458475739
1.58608240191825 1.79247565986589 1.27935894601978 1.46594135765918 1.85703660803847 1.77545559150167 1.90323064476252 1.50745377782732 0.990086244186386 1.11628614808433 1.15254436945543 1.29406109196134 1.0686194517184 1.53847918729298 0.985296512953937 1.68738867854699 1.67945384327322 1.31700814655051 1.51266819960438 0.938171905698255 1.63982283882797 0 1.46870971703902 0.91646059975028 1.1986830518581 1.63505686889403 1.40483139082789 1.8151474641636 1.84126958367415 1.10998659743927
1.6949676591903 1.75946734147146 1.35265397164039 1.43997465027496 1.79247353202663 1.81890037772246 1.11681028571911 1.14087988506071 1.14810100500472 1.41545161558315 0.969239422585815 0.925100724445656 1.53824656130746 1.02171438513324 1.10565142612904 1.64143946324475 1.14381562569179 1.47109047928825 1.51161029795185 1.3954541683197 0.931115662679076 1.46870971703902 0 0.999595672357827 1.0529363527894 1.39880929724313 0.976656487910077 1.71952207922004 1.30340211093426 1.55567387654446
0.921294012106955 1.39254693104886 1.11483388883062 1.12063162308186 1.52674318547361 0.934865964576602 1.886329513276 1.47107818117365 1.17973896698095 1.64033923833631 1.69341122033074 0.971270971465856 1.09879390872084 1.60090641747229 1.76754601765424 0.942008555168286 1.14574197353795 1.3553358647041 1.48997244844213 1.85463250544854 1.56177082774229 0.91646059975028 0.999595672357827 0 1.07392654102296 1.48700423864648 1.09668750315905 1.42121173930354 1.52881005825475 1.4884019435849
1.47565584047697 1.66842566407286 1.2187159974128 1.10521286609583 1.5218659483362 0.991895228391513 1.48396049439907 1.07605617167428 1.66205268539488 1.37143577681854 1.82867057621479 1.35407827771269 1.66168110305443 0.999250190332532 1.64687420171686 1.12251379783265 1.07046855310909 1.38489045971073 1.19929557596333 1.45153159578331 1.16907930956222 1.1986830518581 1.0529363527894 1.07392654102296 0 1.35173566266894 1.55208353325725 1.78234833967872 1.25548387598246 1.18933035735972
1.56451354175806 1.88799408101477 1.58740243944339 0.946152933407575 1.78405842650682 1.45993530517444 1.24700468638912 1.41520633129403 1.59351833653636 1.64015508093871 1.5358446855098 1.86317931977101 1.47203995217569 0.963507149601355 1.20092196948826 1.49630217556842 1.65340696694329 1.87330687162466 0.911982495570555 1.78792259306647 1.71386087150313 1.63505686889403 1.39880929724313 1.48700423864648 1.35173566266894 0 1.68810480111279 1.57246516202576 1.82017593109049 1.04891393473372
1.60394305782393 1.71930610598065 1.21565695269965 1.72276181494817 0.978186734952033 0.964185607619584 1.40931425313465 1.25731738423929 1.36838602414355 1.353946254123 1.21397275850177 1.85552634089254 1.2110723152291 1.1161629636772 1.89688991801813 1.74141419073567 1.39781584986486 1.60536628658883 1.47348955529742 1.87192856101319 1.38731238013133 1.40483139082789 0.976656487910077 1.09668750315905 1.55208353325725 1.68810480111279 0 1.81656166003086 1.88224304886535 1.47058582445607
1.67588153667748 1.0831316257827 1.20682391198352 1.31565599166788 1.77185539226048 1.73936253250577 0.986207206035033 1.12680693203583 1.83162195631303 1.57611855957657 1.60372417932376 1.6504290397279 1.05379962967709 1.80608423077501 1.23224106617272 1.58958715526387 1.33243373967707 1.75205388944596 1.56167578627355 1.5552135638427 1.60782913654111 1.8151474641636 1.71952207922004 1.42121173930354 1.78234833967872 1.57246516202576 1.81656166003086 0 1.54979484784417 1.61798236938193
0.98389343963936 1.32516942266375 1.72389761172235 1.46541767055169 1.47395825549029 1.87087534810416 0.972238984424621 1.1929370961152 1.89128311956301 1.23724063229747 1.50890945387073 0.913687576306984 1.47074144543149 1.8177168443799 1.67810287466273 1.42365170456469 1.25401924992912 1.2670441986993 0.989566144300625 1.65958038135432 1.20115562109277 1.84126958367415 1.30340211093426 1.52881005825475 1.25548387598246 1.82017593109049 1.88224304886535 1.54979484784417 0 1.68533404613845
1.10205594380386 0.975148153025657 0.945890838978812 1.71716526406817 1.62501719268039 0.950257401447743 1.18247870844789 1.19993401272222 1.85967550380155 1.81666748761199 1.205113501288 1.09098749957047 1.76500948611647 1.48195191682316 1.29515929543413 1.75457922019996 1.00429468438961 1.44103215867653 1.64461667696014 1.13523648143746 1.28276458475739 1.10998659743927 1.55567387654446 1.4884019435849 1.18933035735972 1.04891393473372 1.47058582445607 1.61798236938193 1.68533404613845 0
