0 0.991923074470833 1.63425779598765 1.84865105780773 1.17172640818171 1.80086903646588 0.973119276808575 1.86428229394369 1.00782172032632 1.56087195919827 1.60703058284707 1.12091423314996 1.92230332852341 1.57538611395285 1.08320379047655 1.68625631276518 1.02014134917408 1.6466258962173 1.81787401181646 1.40856949007139 1.28754385071807 1.00882592378184 1.82919785496779 1.42867039586417 1.58910578466021 1.69707846059464 1.68009621812962 1.59048825665377 1.04604996112175 1.13110463391058
0.991923074470833 0 1.15647011483088 1.02098212973215 1.48763722716831 0.994422798976302 1.42731757671572 1.23908242513426 1.44638543087058 1.16750472714193 1.80212285346352 1.9029717114754 1.76566052413546 1.51422813464887 1.9189741301816 1.40038736793213 1.48878153366968 1.71467310679145 1.93999051768333 1.07392434962094 1.93363530072384 1.37732965196483 1.91764594614506 0.967211628332734 1.68843394797295 1.31717165629379 1.16806675307453 1.75205690786242 1.68074947129935 1.2184309870936
1.63425779598765 1.15647011483088 0 1.49829657748342 1.27643391722813 1.57609865185805 1.1654195797164 1.1613416809123 1.25615925434977 1.74868199974298 1.12111632269807 1.53271242487244 1.15155874215998 1.15479364944622 1.15661164140329 1.12296513514593 1.03439880278893 1.07351977122016 1.91461301408708 1.20595802878961 1.05691024078988 1.90201452258043 1.40786798065528 1.77214360143989 1.34845909266733 1.35129796853289 1.09291250817478 0.984015179332346 1.36831840802915 1.69754272885621
1.84865105780773 1.02098212973215 1.49829657748342 0 1.73338986886665 1.81001578923315 1.85340989707038 1.38752981764264 1.65839304775 1.44066694309004 1.85822582361288 1.14064424321987 1.45530356140807 1.4999857605435 1.0881032908801 1.87650404102169 1.35540304565802 1.25374122103676 1.93375385203399 1.47311509586871 1.2997639621608 0.998386369552463 1.15324265882373 1.34001879440621 0.986805758904666 1.52347215195186 1.14270145026967 1.91187148704194 1.89673542114906 1.5004473568406
1.17172640818171 1.48763722716831 1.27643391722813 1.73338986886665 0 1.93276229454204 1.52038626908325 1.06376834958792 1.38930412218906 1.52170863491483 1.62290738825686 1.57440735795535 1.26296735042706 1.68384147481993 1.24000505870208 1.38273688731715 1.22112986352295 1.14604229526594 1.25779461534694 1.4048481695354 1.20496303937398 0.963814265094697 0.995030435500666 1.08967288676649 1.09642988350242 1.60347096249461 1.3797031857539 1.70698651089333 1.16284578549676 1.04884752654471
1.80086903646588 0.994422798976302 1.57609865185805 1.81001578923315 1.93276229454204 0 0.984118959866464 1.7398949295748 1.17304643103853 1.39311670465395 1.04174335789867 1.07712824712507 1.06857175356708 1.92488880292512 1.70149154867977 1.30134877166711 1.07412309758365 1.76617804099806 1.55478692171164 1.05555095849559 1.28470190009102 1.78038805280812 1.42342085577548 1.05290740961209 1.6924014815595 1.86300491844304 1.0812571211718 1.28974053799175 1.0501141641289 1.48053403222002
0.973119276808575 1.42731757671572 1.1654195797164 1.85340989707038 1.52038626908325 0.984118959866464 0 1.38108870130964 0.985552166588604 1.31077145924792 1.61634089518338 1.78786015999503 1.3592353805434 1.01409911480732 1.57608921104111 1.1264221589081 1.93418074771762 1.30693102208897 1.19914919068106 1.71773670706898 1.26032218639739 1.57325118407607 1.82339877262712 1.59010314568877 1.86575013329275 1.34869984118268 1.13007438834757 1.31126450235024 1.5139410700649 1.1130271917209
1.86428229394369 1.23908242513426 1.1613416809123 1.38752981764264 1.06376834958792 1.7398949295748 1.38108870130964 0 1.19707409315743 1.79329478205182 1.70242611318827 1.19540012069046 1.32590718567371 1.69716108147986 1.54484265600331 1.83582183462568 1.0616929277312 1.75710352277383 1.04540219111368 1.25210235477425 1.45338707673363 1.33206311543472 0.977646436542273 1.85419950215146 1.91706654499285 1.27511245314963 1.73404111526906 1.00222836784087 1.74894091812894 1.20150205725804
1.00782172032632 1.44638543087058 1.25615925434977 1.65839304775 1.38930412218906 1.17304643103853 0.985552166588604 1.19707409315743 0 0.9600069609005 1.23892111773603 1.03424303047359 1.39737285277806 1.80921230907552 1.2480949992314 1.06764411111362 1.26618678984232 1.16208637855016 1.85670101526193 1.00636132038198 1.07280162977986 1.35883232858032 1.67384013487026 1.48827213211916 1.46436661342159 0.964371436275542 1.20353731466457 1.85846385825425 1.80283496342599 1.53482718020678
1.56087195919827 1.16750472714193 1.74868199974298 1.44066694309004 1.52170863491483 1.39311670465395 1.31077145924792 1.79329478205182 0.9600069609005 0 1.1720519925002 1.50490099261515 1.17674793652259 1.91179135465063 1.1632757622283 1.71635505650192 1.05912073818035 1.06787447142415 1.22844507591799 1.11895339097828 1.38103413232602 1.5864338921383 0.997698589693755 1.42918948759325 1.56526282289997 1.71589856920764 1.07488339347765 1.2329733078368 1.00280249933712 1.75360803562216
1.60703058284707 1.80212285346352 1.12111632269807 1.85822582361288 1.62290738825686 1.04174335789867 1.61634089518338 1.70242611318827 1.23892111773603 1.1720519925002 0 1.78182828938589 1.37173947435804 1.12740436848253 1.25701412162744 1.94840246671811 0.954813336022198 1.36409605620429 1.42484703403898 1.65307734534144 1.60070543061011 1.20302259363234 0.974933200515807 1.11185507732444 1.83060025493614 1.93228984205052 1.12544265342876 1.63600492477417 1.40240677376278 1.70100679108873
1.12091423314996 1.9029717114754 1.53271242487244 1.14064424321987 1.57440735795535 1.07712824712507 1.78786015999503 1.19540012069046 1.03424303047359 1.50490099261515 1.78182828938589 0 0.951540358830243 1.3371938939672 1.46930033154786 1.84316127491184 1.45125399623066 1.34417214547284 1.48994743824005 1.57205816195346 1.74769004667178 1.40038650739007 1.73507897625677 1.33163600880653 1.40979138645343 1.07610403583385 1.9138560181018 0.980452946620062 1.68596035521477 1.48467404884286
1.92230332852341 1.76566052413546 1.15155874215998 1.45530356140807 1.26296735042706 1.06857175356708 1.3592353805434 1.32590718567371 1.39737285277806 1.17674793652259 1.37173947435804 0.951540358830243 0 1.31503135804087 1.31651764013804 1.10907653602771 1.10745324380696 1.40128869889304 1.76916987355798 1.06704451562837 1.43931469321251 1.29056390933692 1.17332866461948 1.60273460927419 1.87710865447298 1.50843509612605 1.86792532075197 1.4661181892734 1.59472461231053 1.2518652274739
1.57538611395285 1.51422813464887 1.15479364944622 1.4999857605435 1.68384147481993 1.92488880292512 1.01409911480732 1.69716108147986 1.80921230907552 1.91179135465063 1.12740436848253 1.3371938939672 1.31503135804087 0 1.41464945208281 1.27946662390605 1.34444917342626 0.977474975865334 1.36144024506211 1.18923677899875 1.59266051207669 1.16005247412249 1.56008838373236 1.41199480579235 1.27433352195658 1.61300919577479 1.94885652838275 1.4497567708604 1.70324691967107 1.69852613704279
1.08320379047655 1.9189741301816 1.15661164140329 1.0881032908801 1.24000505870208 1.70149154867977 1.57608921104111 1.54484265600331 1.2480949992314 1.1632757622283 1.25701412162744 1.46930033154786 1.31651764013804 1.41464945208281 0 1.4800668314565 1.37112866668031 0.96176927536726 1.70116569963284 1.14384399354458 1.08825160562992 1.40952692343853 1.60127712972462 1.56921577919275 1.5693749866914 1.24275348288938 0.957135780481622 1.43761404789984 1.03829663083889 1.36620100727305
1.68625631276518 1.40038736793213 1.12296513514593 1.87650404102169 1.38273688731715 1.30134877166711 1.1264221589081 1.83582183462568 1.06764411111362 1.71635505650192 1.94840246671811 1.84316127491184 1.10907653602771 1.27946662390605 1.4800668314565 0 1.58941947366111 1.5817188997753 1.65251415269449 1.48599667241797 1.55251432606019 1.94420471997 1.62240888061933 1.12739467830397 1.75416063261218 1.14679536875337 1.8598319827579 1.59390053222887 1.34307866613381 1.32775101391599
1.02014134917408 1.48878153366968 1.03439880278893 1.35540304565802 1.22112986352295 1.07412309758365 1.93418074771762 1.0616929277312 1.26618678984232 1.05912073818035 0.954813336022198 1.45125399623066 1.10745324380696 1.34444917342626 1.37112866668031 1.58941947366111 0 1.83350386447273 1.09570277226157 1.28242495330051 0.95955340587534 1.66957173706032 1.22261312045157 1.63673111633398 1.24341925908811 1.79366393736564 1.88450123835355 1.01149902050383 1.10585253708996 1.80969383940101
1.6466258962173 1.71467310679145 1.07351977122016 1.25374122103676 1.14604229526594 1.76617804099806 1.30693102208897 1.75710352277383 1.16208637855016 1.06787447142415 1.36409605620429 1.34417214547284 1.40128869889304 0.977474975865334 0.96176927536726 1.5817188997753 1.83350386447273 0 1.4991292138584 1.70567292836495 1.08962573390454 1.634677343769 0.970167297869921 1.56770067382604 1.37819298170507 1.66785934264772 1.91890505584888 1.34786154236645 1.21427148999646 1.63576581049711
1.81787401181646 1.93999051768333 1.91461301408708 1.93375385203399 1.25779461534694 1.55478692171164 1.19914919068106 1.04540219111368 1.85670101526193 1.22844507591799 1.42484703403898 1.48994743824005 1.76916987355798 1.36144024506211 1.70116569963284 1.65251415269449 1.09570277226157 1.4991292138584 0 1.91557023627684 1.45221128035337 1.61464640987106 1.29219244816341 1.26788315572776 1.24879350117408 1.69932199758478 1.73868243722245 1.78196123195812 1.01921778963879 1.25590358301997
1.40856949007139 1.07392434962094 1.20595802878961 1.47311509586871 1.4048481695354 1.05555095849559 1.71773670706898 1.25210235477425 1.00636132038198 1.11895339097828 1.65307734534144 1.57205816195346 1.06704451562837 1.18923677899875 1.14384399354458 1.48599667241797 1.28242495330051 1.70567292836495 1.91557023627684 0 1.36328380927444 1.7406897561159 1.71451282012276 1.50282566971146 0.989223351469263 1.92709109792486 1.64654942275956 1.90569233871065 1.49799537821673 1.67391597642563
1.28754385071807 1.93363530072384 1.05691024078988 1.2997639621608 1.20496303937398 1.28470190009102 1.26032218639739 1.45338707673363 1.07280162977986 1.38103413232602 1.60070543061011 1.74769004667178 1.43931469321251 1.59266051207669 1.08825160562992 1.55251432606019 0.95955340587534 1.08962573390454 1.45221128035337 1.36328380927444 0 1.11374680534936 1.39616304216906 1.21324808103964 1.28837674320675 1.05474600428715 1.85729365167208 1.15578504628502 1.0887540220283 1.17158900643699
1.00882592378184 1.37732965196483 1.90201452258043 0.998386369552463 0.963814265094697 1.78038805280812 1.57325118407607 1.33206311543472 1.35883232858032 1.5864338921383 1.20302259363234 1.40038650739007 1.29056390933692 1.16005247412249 1.40952692343853 1.94420471997 1.66957173706032 1.634677343769 1.61464640987106 1.7406897561159 1.11374680534936 0 1.56203852896579 1.53351106168702 1.90353073831648 1.19217706169002 0.981793687213212 1.09313754597679 1.42344799218699 1.85699998843484
1.82919785496779 1.91764594614506 1.40786798065528 1.15324265882373 0.995030435500666 1.42342085577548 1.82339877262712 0.977646436542273 1.67384013487026 0.997698589693755 0.974933200515807 1.73507897625677 1.17332866461948 1.56008838373236 1.60127712972462 1.62240888061933 1.22261312045157 0.970167297869921 1.29219244816341 1.71451282012276 1.39616304216906 1.56203852896579 0 1.43493944080546 1.90164985088632 1.73899278137833 1.82549237692729 0.951647614594549 1.72730941348709 1.68468875507824
1.42867039586417 0.967211628332734 1.77214360143989 1.34001879440621 1.08967288676649 1.05290740961209 1.59010314568877 1.85419950215146 1.48827213211916 1.42918948759325 1.11185507732444 1.33163600880653 1.60273460927419 1.41199480579235 1.56921577919275 1.12739467830397 1.63673111633398 1.56770067382604 1.26788315572776 1.50282566971146 1.21324808103964 1.53351106168702 1.43493944080546 0 1.89288928941824 1.26396705280058 0.957466823514551 1.3685371815227 1.89399966225028 1.44892855011858
1.58910578466021 1.68843394797295 1.34845909266733 0.986805758904666 1.09642988350242 1.6924014815595 1.86575013329275 1.91706654499285 1.46436661342159 1.56526282289997 1.83060025493614 1.40979138645343 1.87710865447298 1.27433352195658 1.5693749866914 1.75416063261218 1.24341925908811 1.37819298170507 1.24879350117408 0.989223351469263 1.28837674320675 1.90353073831648 1.90164985088632 1.89288928941824 0 1.48302351636812 1.67219672165811 1.67081281030551 1.68671438540332 1.27817979315296
1.69707846059464 1.31717165629379 1.35129796853289 1.52347215195186 1.60347096249461 1.86300491844304 1.34869984118268 1.27511245314963 0.964371436275542 1.71589856920764 1.93228984205052 1.07610403583385 1.50843509612605 1.61300919577479 1.24275348288938 1.14679536875337 1.79366393736564 1.66785934264772 1.69932199758478 1.92709109792486 1.05474600428715 1.19217706169002 1.73899278137833 1.26396705280058 1.48302351636812 0 1.70858423109166 1.43815545015968 0.987494413740933 1.32983781467192
1.68009621812962 1.16806675307453 1.09291250817478 1.14270145026967 1.3797031857539 1.0812571211718 1.13007438834757 1.73404111526906 1.20353731466457 1.07488339347765 1.12544265342876 1.9138560181018 1.86792532075197 1.94885652838275 0.957135780481622 1.8598319827579 1.88450123835355 1.91890505584888 1.73868243722245 1.64654942275956 1.85729365167208 0.981793687213212 1.82549237692729 0.957466823514551 1.67219672165811 1.70858423109166 0 1.41727072396316 1.65017394861206 1.47526947897859
1.59048825665377 1.75205690786242 0.984015179332346 1.91187148704194 1.70698651089333 1.28974053799175 1.31126450235024 1.00222836784087 1.85846385825425 1.2329733078368 1.63600492477417 0.980452946620062 1.4661181892734 1.4497567708604 1.43761404789984 1.59390053222887 1.01149902050383 1.34786154236645 1.78196123195812 1.90569233871065 1.15578504628502 1.09313754597679 0.951647614594549 1.3685371815227 1.67081281030551 1.43815545015968 1.41727072396316 0 1.82182182744145 1.49142374400981
1.04604996112175 1.68074947129935 1.36831840802915 1.89673542114906 1.16284578549676 1.0501141641289 1.5139410700649 1.74894091812894 1.80283496342599 1.00280249933712 1.40240677376278 1.68596035521477 1.59472461231053 1.70324691967107 1.03829663083889 1.34307866613381 1.10585253708996 1.21427148999646 1.01921778963879 1.49799537821673 1.0887540220283 1.42344799218699 1.72730941348709 1.89399966225028 1.68671438540332 0.987494413740933 1.65017394861206 1.82182182744145 0 1.56736761610955
1.13110463391058 1.2184309870936 1.69754272885621 1.5004473568406 1.04884752654471 1.48053403222002 1.1130271917209 1.20150205725804 1.53482718020678 1.75360803562216 1.70100679108873 1.48467404884286 1.2518652274739 1.69852613704279 1.36620100727305 1.32775101391599 1.80969383940101 1.63576581049711 1.25590358301997 1.67391597642563 1.17158900643699 1.85699998843484 1.68468875507824 1.44892855011858 1.27817979315296 1.32983781467192 1.47526947897859 1.49142374400981 1.56736761610955 0
