0 1.7967100625392 1.21030220715329 1.86582020064816 1.7229686868377 1.59850676148199 1.37189421500079 1.26822532876395 1.18270539771765 1.72784993378446 0.975946702295914 1.80468663596548 1.27735626487993 0.971418093889952 1.11315428977832 1.05111328954808 1.83148550940678 1.34934523049742 1.25041356799193 1.66137421340682 1.26096315216273 1.19207752379589 1.60435902071185 1.396710827481 1.8386671137996 0.928766059922054 1.53599188267253 1.42265818291344 1.63062689872459 1.67401918373071
1.7967100625392 0 1.108167137485 0.953189031453803 1.83695674245246 1.69513053237461 1.66274323570542 0.99825408286415 1.82961380854249 1.20079571427777 1.67035915446468 1.0459239569027 1.56774314679205 1.10611249227077 1.64444900024682 1.27951243938878 1.17101671779528 1.26009130477905 1.79940981697291 1.68020675913431 1.10929395747371 1.50472626485862 0.878348434343934 1.59807951934636 1.84805755619891 1.29701384482905 1.70725607685745 1.49636516696773 1.08214207203127 1.73678166954778
1.21030220715329 1.108167137485 0 0.922427808167413 1.64403718803078 1.00394734181464 0.891059863381088 1.43415665091015 1.25200906931423 1.00035229511559 1.26781714172103 1.50366413570009 1.87523266859353 1.80691173463129 1.07031293865293 1.67333334917203 0.940467681502923 1.1707321878057 1.25650721299462 1.58137081796303 1.55116920918226 1.11521382024512 1.58212304674089 1.73019653535448 1.0432393446099 1.53505294700153 1.18703138176352 1.82309748395346 1.54812994087115 1.67230382561684
1.86582020064816 0.953189031453803 0.922427808167413 0 1.51069152611308 1.62820826168172 1.01842009089887 1.4094840916805 1.78346193861216 1.43663290608674 1.69667331920937 1.41788797080517 1.49069388280623 1.82879836764187 1.28116972441785 1.0962336063385 0.937794029479846 1.41534431232139 1.48500470677391 1.09616173407994 1.51086527132429 1.09299600031227 1.13256528950296 1.60437184362672 1.66260224627331 1.84044043603353 1.18916612677276 1.67858885088935 1.44451187597588 1.64487980026752
1.7229686868377 1.83695674245246 1.64403718803078 1.51069152611308 0 1.2565504189115 1.72516269725747 1.35834861383773 1.26301914267242 1.20407888991758 0.936613093363121 1.07172205857933 1.07689324487001 1.10760032129474 1.05284139118157 1.54006597935222 1.03984803333879 1.76524277264252 0.997823339421302 1.19869261654094 1.00076933694072 1.3372450969182 1.329362251563 1.84298875904642 1.37701986287721 1.40062617603689 1.19053960125893 1.5189701851923 1.37421090295538 0.958535737590864
1.59850676148199 1.69513053237461 1.00394734181464 1.62820826168172 1.2565504189115 0 1.73469520476647 1.00608762889169 1.0948255925905 1.36798588582315 1.35525800753385 1.07321084942669 1.04645153763704 1.64560499601066 1.10138724464923 1.5542948495131 1.13205777411349 1.68187444494106 1.44148834911175 1.52320317178965 1.57306705019437 1.87545103626326 1.81838459242135 1.66355021810159 1.58682145294733 1.07591870916076 1.63539720722474 1.84946426912211 1.42764187348075 1.00957167265005
1.37189421500079 1.66274323570542 0.891059863381088 1.01842009089887 1.72516269725747 1.73469520476647 0 1.84773937053978 1.70863873814233 0.988429876044393 1.69446893292479 1.65318279759958 1.51498457510024 1.21210941020399 1.05932568619028 1.62982891709544 1.389932946302 1.72041764599271 1.36981188738719 1.87594918627292 1.76686313282698 1.61820742068812 1.63322325679474 1.59836211451329 1.21057503833435 1.21695129852742 1.71431155223399 1.10655706189573 1.69016488594934 0.994089303538203
1.26822532876395 0.99825408286415 1.43415665091015 1.4094840916805 1.35834861383773 1.00608762889169 1.84773937053978 0 1.11657494097017 0.995221088174731 1.36362141161226 1.36042619310319 1.00592473265715 1.85073791025206 1.21001821337268 1.58315583062358 1.43383405613713 1.05358517332934 1.65395414549857 1.11102474969812 1.03085889061913 1.54313961975276 1.31470327731222 1.67287589143962 1.24631699919701 1.74037544406019 1.60132370726205 1.62177821202204 1.85812925337814 1.5726333244238
1.18270539771765 1.82961380854249 1.25200906931423 1.78346193861216 1.26301914267242 1.0948255925905 1.70863873814233 1.11657494097017 0 0.937303887447342 1.06375678256154 1.15358188119717 1.00235960050486 1.31782294623554 1.5662379511632 1.66834306088276 1.22756941453554 1.02299315435812 1.71955101424828 1.67103898222558 1.26126489462331 0.946743133943528 1.7684795150999 1.07182891340926 1.71298153395765 1.28536908235401 1.58635352854617 1.65267231315374 1.8369961201679 1.67261439142749
1.72784993378446 1.20079571427777 1.00035229511559 1.43663290608674 1.20407888991758 1.36798588582315 0.988429876044393 0.995221088174731 0.937303887447342 0 1.48063015262596 1.0110856408719 1.12179987179115 1.3261129448656 1.61670039780438 1.64438851969317 1.73576849885285 1.20627723843791 1.80520738125779 1.07728668116033 1.00075262528844 1.63059988082387 1.81041726889089 1.44347116537392 0.916625939076766 1.39579210733064 1.66242265398614 1.30833695759065 1.6826670113951 1.12947405246086
0.975946702295914 1.67035915446468 1.26781714172103 1.69667331920937 0.936613093363121 1.35525800753385 1.69446893292479 1.36362141161226 1.06375678256154 1.48063015262596 0 1.09103323100135 0.932546194409952 1.73958518519066 1.25907737668604 1.29366232245229 1.57575602014549 1.5664581626188 1.62116179452278 1.23035600595176 0.970187698025256 1.04880572156981 1.79623342817649 1.27596756001003 1.19908789778128 1.12240533716977 1.75812532217242 1.8747585255187 1.86323543754406 1.66042614472099
1.80468663596548 1.0459239569027 1.50366413570009 1.41788797080517 1.07172205857933 1.07321084942669 1.65318279759958 1.36042619310319 1.15358188119717 1.0110856408719 1.09103323100135 0 1.27056828630157 1.07880303985439 1.19013005541638 1.82558753248304 1.50908105680719 1.36862753494643 1.57877035019919 1.16038917936385 1.46154218493029 1.85223068995401 1.54034930793568 1.23265279293992 1.09731105226092 1.16378047852777 1.42278327303939 1.13786827796139 1.15376765863039 1.18552471976727
1.27735626487993 1.56774314679205 1.87523266859353 1.49069388280623 1.07689324487001 1.04645153763704 1.51498457510024 1.00592473265715 1.00235960050486 1.12179987179115 0.932546194409952 1.27056828630157 0 1.04393611638807 1.75115695409477 1.66061668260954 1.32366986921988 1.30820134025998 0.959435235243291 1.06812793109566 1.22644372447394 1.31079237442464 1.16382539574988 1.21243621967733 1.85587968467735 1.5307408766821 1.11795245367102 1.33561864471994 1.52849150076509 1.48925388487987
0.971418093889952 1.10611249227077 1.80691173463129 1.82879836764187 1.10760032129474 1.64560499601066 1.21210941020399 1.85073791025206 1.31782294623554 1.3261129448656 1.73958518519066 1.07880303985439 1.04393611638807 0 1.21993378852494 0.877272978657857 1.71660027629696 1.05989934992976 1.68760199262761 0.924267021473497 1.84474215400405 1.8741198440548 1.83291061292402 1.37079435167834 1.21779856458306 0.982183798914775 1.7896476003807 1.26214215229265 1.66370041691698 1.55460328236222
1.11315428977832 1.64444900024682 1.07031293865293 1.28116972441785 1.05284139118157 1.10138724464923 1.05932568619028 1.21001821337268 1.5662379511632 1.61670039780438 1.25907737668604 1.19013005541638 1.75115695409477 1.21993378852494 0 1.53286973736249 1.18857450550422 1.67263871338218 1.16267416253686 1.4616688459646 1.06066060741432 1.26579523435794 1.86279709031805 1.40750878234394 1.726526892744 1.39138330542482 1.44933781400323 1.68598543782718 0.916589048458263 1.27211932721548
1.05111328954808 1.27951243938878 1.67333334917203 1.0962336063385 1.54006597935222 1.5542948495131 1.62982891709544 1.58315583062358 1.66834306088276 1.64438851969317 1.29366232245229 1.82558753248304 1.66061668260954 0.877272978657857 1.53286973736249 0 1.63961077667773 1.68852103524841 1.57645092462189 1.61764247715473 1.18588455929421 1.8415178458672 1.79878373816609 1.03641041438095 1.07487315894105 1.3483193742577 0.957644197158515 1.47853300045244 1.7515879329294 1.57639404246584
1.83148550940678 1.17101671779528 0.940467681502923 0.937794029479846 1.03984803333879 1.13205777411349 1.389932946302 1.43383405613713 1.22756941453554 1.73576849885285 1.57575602014549 1.50908105680719 1.32366986921988 1.71660027629696 1.18857450550422 1.63961077667773 0 1.04155445005745 1.40125834103674 0.877409352688119 1.68808521539904 1.40738274645992 1.37696604267694 1.20690787676722 1.3207130683586 1.07545577036217 1.10901554487646 0.976312090875581 1.38925725175068 1.34789817966521
1.34934523049742 1.26009130477905 1.1707321878057 1.41534431232139 1.76524277264252 1.68187444494106 1.72041764599271 1.05358517332934 1.02299315435812 1.20627723843791 1.5664581626188 1.36862753494643 1.30820134025998 1.05989934992976 1.67263871338218 1.68852103524841 1.04155445005745 0 1.46059224684723 1.85864639515057 1.38203531363979 0.911369231296703 1.15613295766525 0.895029799779877 1.39450121344998 1.11547960084863 0.896885842783377 1.32860533567145 1.54622281808406 0.908633573446423
1.25041356799193 1.79940981697291 1.25650721299462 1.48500470677391 0.997823339421302 1.44148834911175 1.36981188738719 1.65395414549857 1.71955101424828 1.80520738125779 1.62116179452278 1.57877035019919 0.959435235243291 1.68760199262761 1.16267416253686 1.57645092462189 1.40125834103674 1.46059224684723 0 1.2314362928737 1.82666700379923 1.48468044376932 1.3000745724421 1.75773285864852 1.84821441932581 1.05073024355806 1.1363313421607 1.51427331287414 1.40752441855147 0.914666924625635
1.66137421340682 1.68020675913431 1.58137081796303 1.09616173407994 1.19869261654094 1.52320317178965 1.87594918627292 1.11102474969812 1.67103898222558 1.07728668116033 1.23035600595176 1.16038917936385 1.06812793109566 0.924267021473497 1.4616688459646 1.61764247715473 0.877409352688119 1.85864639515057 1.2314362928737 0 1.86730378982611 1.00576299871318 1.61108739743941 1.44874278781936 1.51628471910954 1.38527851505205 1.27420524484478 1.82154337712564 1.81686654826626 1.0315440853592
1.26096315216273 1.10929395747371 1.55116920918226 1.51086527132429 1.00076933694072 1.57306705019437 1.76686313282698 1.03085889061913 1.26126489462331 1.00075262528844 0.970187698025256 1.46154218493029 1.22644372447394 1.84474215400405 1.06066060741432 1.18588455929421 1.68808521539904 1.38203531363979 1.82666700379923 1.86730378982611 0 1.39041175763123 1.57356217969209 1.74319255608134 1.69477271777578 1.81116727506742 1.71234773704782 1.21066121733747 1.67856453871354 1.29038165858947
1.19207752379589 1.50472626485862 1.11521382024512 1.09299600031227 1.3372450969182 1.87545103626326 1.61820742068812 1.54313961975276 0.946743133943528 1.63059988082387 1.04880572156981 1.85223068995401 1.31079237442464 1.8741198440548 1.26579523435794 1.8415178458672 1.40738274645992 0.911369231296703 1.48468044376932 1.00576299871318 1.39041175763123 0 1.85839366796426 0.973342341370881 1.68687468022108 1.47733004204929 1.07368377246894 1.41114698559977 1.55572904413566 1.51975251175463
1.60435902071185 0.878348434343934 1.58212304674089 1.13256528950296 1.329362251563 1.81838459242135 1.63322325679474 1.31470327731222 1.7684795150999 1.81041726889089 1.79623342817649 1.54034930793568 1.16382539574988 1.83291061292402 1.86279709031805 1.79878373816609 1.37696604267694 1.15613295766525 1.3000745724421 1.61108739743941 1.57356217969209 1.85839366796426 0 0.885051326593384 1.65975961997174 1.57591557060368 1.79705014335923 1.04095367272384 1.83662729756907 1.79663799912669
1.396710827481 1.59807951934636 1.73019653535448 1.60437184362672 1.84298875904642 1.66355021810159 1.59836211451329 1.67287589143962 1.07182891340926 1.44347116537392 1.27596756001003 1.23265279293992 1.21243621967733 1.37079435167834 1.40750878234394 1.03641041438095 1.20690787676722 0.895029799779877 1.75773285864852 1.44874278781936 1.74319255608134 0.973342341370881 0.885051326593384 0 1.00017885910347 1.4992997450754 0.958057586336508 0.973513963632286 1.71925056586042 1.45005478872918
1.8386671137996 1.84805755619891 1.0432393446099 1.66260224627331 1.37701986287721 1.58682145294733 1.21057503833435 1.24631699919701 1.71298153395765 0.916625939076766 1.19908789778128 1.09731105226092 1.85587968467735 1.21779856458306 1.726526892744 1.07487315894105 1.3207130683586 1.39450121344998 1.84821441932581 1.51628471910954 1.69477271777578 1.68687468022108 1.65975961997174 1.00017885910347 0 1.08246619720012 1.3820777379442 1.72275161906146 1.74468882661313 1.60379781364463
0.928766059922054 1.29701384482905 1.53505294700153 1.84044043603353 1.40062617603689 1.07591870916076 1.21695129852742 1.74037544406019 1.28536908235401 1.39579210733064 1.12240533716977 1.16378047852777 1.5307408766821 0.982183798914775 1.39138330542482 1.3483193742577 1.07545577036217 1.11547960084863 1.05073024355806 1.38527851505205 1.81116727506742 1.47733004204929 1.57591557060368 1.4992997450754 1.08246619720012 0 1.00067513273098 1.0961517940741 0.985739874886349 1.84755577309988
1.53599188267253 1.70725607685745 1.18703138176352 1.18916612677276 1.19053960125893 1.63539720722474 1.71431155223399 1.60132370726205 1.58635352854617 1.66242265398614 1.75812532217242 1.42278327303939 1.11795245367102 1.7896476003807 1.44933781400323 0.957644197158515 1.10901554487646 0.896885842783377 1.1363313421607 1.27420524484478 1.71234773704782 1.07368377246894 1.79705014335923 0.958057586336508 1.3820777379442 1.00067513273098 0 1.14059499534778 0.885654392652214 1.16355985822156
1.42265818291344 1.49636516696773 1.82309748395346 1.67858885088935 1.5189701851923 1.84946426912211 1.10655706189573 1.62177821202204 1.65267231315374 1.30833695759065 1.8747585255187 1.13786827796139 1.33561864471994 1.26214215229265 1.68598543782718 1.47853300045244 0.976312090875581 1.32860533567145 1.51427331287414 1.82154337712564 1.21066121733747 1.41114698559977 1.04095367272384 0.973513963632286 1.72275161906146 1.0961517940741 1.14059499534778 0 0.913712426787242 0.997769556008279
1.63062689872459 1.08214207203127 1.54812994087115 1.44451187597588 1.37421090295538 1.42764187348075 1.69016488594934 1.85812925337814 1.8369961201679 1.6826670113951 1.86323543754406 1.15376765863039 1.52849150076509 1.66370041691698 0.916589048458263 1.7515879329294 1.38925725175068 1.54622281808406 1.40752441855147 1.81686654826626 1.67856453871354 1.55572904413566 1.83662729756907 1.71925056586042 1.74468882661313 0.985739874886349 0.885654392652214 0.913712426787242 0 1.3888588459231
1.67401918373071 1.73678166954778 1.67230382561684 1.64487980026752 0.958535737590864 1.00957167265005 0.994089303538203 1.5726333244238 1.67261439142749 1.12947405246086 1.66042614472099 1.18552471976727 1.48925388487987 1.55460328236222 1.27211932721548 1.57639404246584 1.34789817966521 0.908633573446423 0.914666924625635 1.0315440853592 1.29038165858947 1.51975251175463 1.79663799912669 1.45005478872918 1.60379781364463 1.84755577309988 1.16355985822156 0.997769556008279 1.3888588459231 0
