0 1.25953018432483 1.5808721082285 1.52261679363437 1.17297332314774 0.917111275019124 1.02747661224566 1.87878690916114 1.23881979309954 1.0243980884552 1.02472436032258 1.51248970581219 1.12709510349669 1.46174006164074 1.52871280140243 1.80649223714136 1.07478840462863 1.85283843474463 1.18762719584629 1.67738854931667 1.15040662046522 1.26273261802271 1.02969528967515 1.06628820276819 0.918131600832567 0.916087246267125 1.82895334204659 1.14680218952708 1.68252761149779 1.44670408731326
1.25953018432483 0 1.2775892468635 1.36906263325363 1.58259192458354 1.72230520984158 1.48536353907548 0.976999481907114 1.35484233056195 1.64837924181484 1.230554463109 1.82310064951889 1.47901343810372 1.81855295039713 0.95579653326422 1.60731510142796 1.11376688000746 1.58437679614872 1.53801417397335 1.09260009694844 1.03661463200115 1.84894488123246 1.75727851362899 1.89377007330768 1.06595990457572 0.997621616115794 1.25433555711061 1.17713761609048 0.95071127731353 1.33176797465421
1.5808721082285 1.2775892468635 0 1.07860626885667 1.03209736384451 1.70165381603874 1.8984137061052 1.64317572629079 1.88666757429019 1.21391926659271 1.87875833874568 1.14855624479242 1.62523400830105 0.958199929911643 1.03227093536407 1.09484947752208 1.51617403095588 1.58739289478399 1.86729106795974 1.51394439558499 1.19655947736464 1.03653408330865 1.69652160420083 1.50002471264452 1.44455813406967 1.82135810586624 1.27923415927216 1.06587783130817 1.53501086984761 1.10229741572402
1.52261679363437 1.36906263325363 1.07860626885667 0 1.58360339817591 1.88922272063792 1.38316413993016 1.80243184883147 1.54807884898037 0.936385015724227 1.49044771445915 1.24274332262576 1.00747745297849 1.54343475098722 1.54740808927454 1.22700577205978 1.41182766878046 1.21459771180525 1.45528902625665 1.00591889652424 1.51111347111873 1.80683678970672 1.60345766926184 1.41447465261444 1.73889002599753 1.16309879743494 1.88438833551481 1.19234881387092 1.17711952351965 1.83664638013579
1.17297332314774 1.58259192458354 1.03209736384451 1.58360339817591 0 1.51703505008481 1.68955797026865 1.64336285507306 1.8154136936646 0.940678376238793 1.18421624950133 1.25202491180971 1.40505323559046 1.74688030639663 1.18227950390428 1.60845551150851 1.76470515318215 1.18464196962304 1.75469603436068 1.38759291707538 1.50877813110128 1.82570854062214 1.34208138519898 1.24734529969282 1.21674287249334 1.82711867406033 1.68946034577675 1.22202872717753 1.00666378182359 1.25081780878827
0.917111275019124 1.72230520984158 1.70165381603874 1.88922272063792 1.51703505008481 0 1.26148870284669 1.0255353145767 1.70494701573625 1.81118143885396 1.0941113519948 1.10693580377847 1.50244196667336 1.8612383720465 1.85755627742037 1.81724610738456 0.984510784503073 1.00475512142293 1.16590737970546 1.48059863853268 1.75470354757272 1.11526654590853 1.38327444903553 1.80310594872572 1.17324882349931 1.09579957392998 1.20825466327369 1.58987383171916 1.38314706087112 1.5053783711046
1.02747661224566 1.48536353907548 1.8984137061052 1.38316413993016 1.68955797026865 1.26148870284669 0 1.16067367861979 1.71939006424509 1.18278889497742 1.48652297467925 0.943370942724869 1.77413938730024 1.57876600977033 1.70014712330885 0.964556059800088 1.72629288700409 1.75988675351255 1.82174000516534 1.401701802155 1.00774124939926 1.00688707246445 1.83658160082996 1.15224911645055 1.17820657929406 1.16156145907007 1.06247059861198 1.33107400382869 0.925808211555704 1.31454976089299
1.87878690916114 0.976999481907114 1.64317572629079 1.80243184883147 1.64336285507306 1.0255353145767 1.16067367861979 0 1.76651926874183 1.0466147644911 0.964434987865388 1.37773390510119 1.44332944974303 1.59460741840303 1.2564149396494 1.81082481821068 1.22117980383337 1.68681375798769 1.64541438873857 1.7354451448191 1.26405168091878 1.13202798808925 1.35819146735594 1.03816420701332 1.2669401250314 1.28891421179287 1.28112272103317 1.50204183813184 1.86127126822248 1.73165154526941
1.23881979309954 1.35484233056195 1.88666757429019 1.54807884898037 1.8154136936646 1.70494701573625 1.71939006424509 1.76651926874183 0 1.50675292359665 1.06741998833604 1.65885863802396 1.20702761714347 0.979959513992071 1.81381707871333 1.61434243549593 1.80070809437893 1.64096502540633 1.13546513346955 0.905704912729561 1.72715623746626 1.13876584405079 1.73817372415215 1.28825229383074 1.60780904209241 1.5068235413637 1.37888397229835 1.68766572885215 1.33831901894882 1.42372714658268
1.0243980884552 1.64837924181484 1.21391926659271 0.936385015724227 0.940678376238793 1.81118143885396 1.18278889497742 1.0466147644911 1.50675292359665 0 1.17345434683375 1.26096135796979 1.57983210682869 1.04971184418537 1.48647740762681 1.33834823779762 1.38675513979979 1.07476176763885 1.54509833874181 1.10347988642752 1.33389184228145 1.15339473704807 1.29072941280901 1.51470002764836 1.3475839055609 1.09336154372431 1.00292544346303 1.14069296815433 1.27070517581888 0.981923337327316
1.02472436032258 1.230554463109 1.87875833874568 1.49044771445915 1.18421624950133 1.0941113519948 1.48652297467925 0.964434987865388 1.06741998833604 1.17345434683375 0 1.42896915320307 1.88971507758833 1.5444533964619 1.77374131930992 1.79725740570575 1.15285591850989 1.52614318486303 1.6175713094417 1.60504675912671 1.50446941470727 1.60630668327212 1.75747303641401 1.68424897640944 1.19656201219186 1.89573854999617 1.55860405066051 1.41424937918782 1.54790487443097 1.20486714201979
1.51248970581219 1.82310064951889 1.14855624479242 1.24274332262576 1.25202491180971 1.10693580377847 0.943370942724869 1.37773390510119 1.65885863802396 1.26096135796979 1.42896915320307 0 1.3253089163918 1.42001434438862 1.13694393658079 1.71814933931455 1.81732283532619 1.68626896059141 1.20265418058261 1.06764232460409 1.35677433968522 1.30666487105191 1.03549104067497 1.52838996425271 1.45031858771108 1.38458566204645 1.11326519609429 1.11739975074306 1.32013265765272 1.3978522347752
1.12709510349669 1.47901343810372 1.62523400830105 1.00747745297849 1.40505323559046 1.50244196667336 1.77413938730024 1.44332944974303 1.20702761714347 1.57983210682869 1.88971507758833 1.3253089163918 0 1.43771289568394 1.05089356470853 1.6217965320684 1.02704193373211 1.54852493386716 1.56852954230271 0.999375410843641 0.957309908233583 1.48881459725089 1.25988416513428 1.89252298115753 1.26288672862574 0.929746133508161 1.05866390839219 1.28943503671326 1.61022671568207 1.74065250251442
1.46174006164074 1.81855295039713 0.958199929911643 1.54343475098722 1.74688030639663 1.8612383720465 1.57876600977033 1.59460741840303 0.979959513992071 1.04971184418537 1.5444533964619 1.42001434438862 1.43771289568394 0 1.07638146076351 1.85548442113213 0.96651849267073 1.68610952328891 0.929897675989196 1.01948108430952 1.62379762390628 1.66283894842491 1.44338897615671 1.54275777703151 1.35363368224353 1.32158730714582 1.53763696854003 1.69044026150368 1.3715264450293 1.84619880258106
1.52871280140243 0.95579653326422 1.03227093536407 1.54740808927454 1.18227950390428 1.85755627742037 1.70014712330885 1.2564149396494 1.81381707871333 1.48647740762681 1.77374131930992 1.13694393658079 1.05089356470853 1.07638146076351 0 1.44036041549407 1.5092648146674 1.75111881224439 1.00169514073059 1.86762645863928 1.02747293142602 1.62844664976001 0.99548112670891 1.29121245536953 0.958397405454889 1.07094662007876 1.0197962699458 1.04489842616022 1.36382343480363 0.960162468254566
1.80649223714136 1.60731510142796 1.09484947752208 1.22700577205978 1.60845551150851 1.81724610738456 0.964556059800088 1.81082481821068 1.61434243549593 1.33834823779762 1.79725740570575 1.71814933931455 1.6217965320684 1.85548442113213 1.44036041549407 0 1.73065827926621 1.11884338804521 0.939112509135157 1.44491122523323 1.07840807060711 1.11862057470717 1.63918650662526 0.904989713570103 1.67325482144952 1.7969475670252 1.7139301369898 1.02235404471867 1.87682708911598 0.922933488385752
1.07478840462863 1.11376688000746 1.51617403095588 1.41182766878046 1.76470515318215 0.984510784503073 1.72629288700409 1.22117980383337 1.80070809437893 1.38675513979979 1.15285591850989 1.81732283532619 1.02704193373211 0.96651849267073 1.5092648146674 1.73065827926621 0 1.26171280629933 1.22485915524885 1.39749783743173 0.927026815246791 1.43699092976749 0.993371988181025 1.55969229666516 1.70428330916911 1.54238255089149 1.63240584684536 1.04276173911057 1.28858611849137 1.89457111246884
1.85283843474463 1.58437679614872 1.58739289478399 1.21459771180525 1.18464196962304 1.00475512142293 1.75988675351255 1.68681375798769 1.64096502540633 1.07476176763885 1.52614318486303 1.68626896059141 1.54852493386716 1.68610952328891 1.75111881224439 1.11884338804521 1.26171280629933 0 1.55760281556286 1.35623441101052 1.18401650362648 1.07682901131921 1.09906888823025 1.23831920023076 1.34394621476531 1.5101220018696 1.6313449665904 1.40347071364522 1.55295858113095 0.9860675111413
1.18762719584629 1.53801417397335 1.86729106795974 1.45528902625665 1.75469603436068 1.16590737970546 1.82174000516534 1.64541438873857 1.13546513346955 1.54509833874181 1.6175713094417 1.20265418058261 1.56852954230271 0.929897675989196 1.00169514073059 0.939112509135157 1.22485915524885 1.55760281556286 0 1.88059320067987 1.16947305155918 1.26730954903178 1.46372848353349 1.20632350887172 1.20041227829643 1.05227321991697 1.70585020561703 1.76547491387464 1.64304251875728 1.52829537028447
1.67738854931667 1.09260009694844 1.51394439558499 1.00591889652424 1.38759291707538 1.48059863853268 1.401701802155 1.7354451448191 0.905704912729561 1.10347988642752 1.60504675912671 1.06764232460409 0.999375410843641 1.01948108430952 1.86762645863928 1.44491122523323 1.39749783743173 1.35623441101052 1.88059320067987 0 1.54750119405799 1.80371636804193 0.967687916010618 1.84229990770109 1.18740632524714 1.86958675971255 1.41973101487383 1.50523761147633 1.5603057523258 1.26183878793381
1.15040662046522 1.03661463200115 1.19655947736464 1.51111347111873 1.50877813110128 1.75470354757272 1.00774124939926 1.26405168091878 1.72715623746626 1.33389184228145 1.50446941470727 1.35677433968522 0.957309908233583 1.62379762390628 1.02747293142602 1.07840807060711 0.927026815246791 1.18401650362648 1.16947305155918 1.54750119405799 0 1.13584474707022 1.3140935911797 1.84492413979024 1.62036018748768 1.88705604174174 1.16932001081295 1.36260717525147 1.31995477364399 1.89994710288011
1.26273261802271 1.84894488123246 1.03653408330865 1.80683678970672 1.82570854062214 1.11526654590853 1.00688707246445 1.13202798808925 1.13876584405079 1.15339473704807 1.60630668327212 1.30666487105191 1.48881459725089 1.66283894842491 1.62844664976001 1.11862057470717 1.43699092976749 1.07682901131921 1.26730954903178 1.80371636804193 1.13584474707022 0 1.28331953799352 1.63792030047625 1.33178393053822 1.05780207621865 1.29782733996399 1.09430398885161 1.32641658745706 1.82348680892028
1.02969528967515 1.75727851362899 1.69652160420083 1.60345766926184 1.34208138519898 1.38327444903553 1.83658160082996 1.35819146735594 1.73817372415215 1.29072941280901 1.75747303641401 1.03549104067497 1.25988416513428 1.44338897615671 0.99548112670891 1.63918650662526 0.993371988181025 1.09906888823025 1.46372848353349 0.967687916010618 1.3140935911797 1.28331953799352 0 1.85790135967545 1.85788002284244 1.62661119387485 1.1403102404438 1.40565953729674 0.980627059238032 1.67500559380278
1.06628820276819 1.89377007330768 1.50002471264452 1.41447465261444 1.24734529969282 1.80310594872572 1.15224911645055 1.03816420701332 1.28825229383074 1.51470002764836 1.68424897640944 1.52838996425271 1.89252298115753 1.54275777703151 1.29121245536953 0.904989713570103 1.55969229666516 1.23831920023076 1.20632350887172 1.84229990770109 1.84492413979024 1.63792030047625 1.85790135967545 0 1.47750575258397 1.51686731330119 1.27541806618683 1.89184598508291 1.73934307717718 1.76493458962068
0.918131600832567 1.06595990457572 1.44455813406967 1.73889002599753 1.21674287249334 1.17324882349931 1.17820657929406 1.2669401250314 1.60780904209241 1.3475839055609 1.19656201219186 1.45031858771108 1.26288672862574 1.35363368224353 0.958397405454889 1.67325482144952 1.70428330916911 1.34394621476531 1.20041227829643 1.18740632524714 1.62036018748768 1.33178393053822 1.85788002284244 1.47750575258397 0 1.3782637855038 1.69725182373077 1.8070913341362 1.429178804392 1.71832331619225
0.916087246267125 0.997621616115794 1.82135810586624 1.16309879743494 1.82711867406033 1.09579957392998 1.16156145907007 1.28891421179287 1.5068235413637 1.09336154372431 1.89573854999617 1.38458566204645 0.929746133508161 1.32158730714582 1.07094662007876 1.7969475670252 1.54238255089149 1.5101220018696 1.05227321991697 1.86958675971255 1.88705604174174 1.05780207621865 1.62661119387485 1.51686731330119 1.3782637855038 0 0.916335992282256 0.997191644506529 1.32933838991448 1.70445421733893
1.82895334204659 1.25433555711061 1.27923415927216 1.88438833551481 1.68946034577675 1.20825466327369 1.06247059861198 1.28112272103317 1.37888397229835 1.00292544346303 1.55860405066051 1.11326519609429 1.05866390839219 1.53763696854003 1.0197962699458 1.7139301369898 1.63240584684536 1.6313449665904 1.70585020561703 1.41973101487383 1.16932001081295 1.29782733996399 1.1403102404438 1.27541806618683 1.69725182373077 0.916335992282256 0 1.43502993835136 1.81317247101106 1.07359414617531
1.14680218952708 1.17713761609048 1.06587783130817 1.19234881387092 1.22202872717753 1.58987383171916 1.33107400382869 1.50204183813184 1.68766572885215 1.14069296815433 1.41424937918782 1.11739975074306 1.28943503671326 1.69044026150368 1.04489842616022 1.02235404471867 1.04276173911057 1.40347071364522 1.76547491387464 1.50523761147633 1.36260717525147 1.09430398885161 1.40565953729674 1.89184598508291 1.8070913341362 0.997191644506529 1.43502993835136 0 1.27914899843745 1.18767621321604
1.68252761149779 0.95071127731353 1.53501086984761 1.17711952351965 1.00666378182359 1.38314706087112 0.925808211555704 1.86127126822248 1.33831901894882 1.27070517581888 1.54790487443097 1.32013265765272 1.61022671568207 1.3715264450293 1.36382343480363 1.87682708911598 1.28858611849137 1.55295858113095 1.64304251875728 1.5603057523258 1.31995477364399 1.32641658745706 0.980627059238032 1.73934307717718 1.429178804392 1.32933838991448 1.81317247101106 1.27914899843745 0 1.6887811741326
1.44670408731326 1.33176797465421 1.10229741572402 1.83664638013579 1.25081780878827 1.5053783711046 1.31454976089299 1.73165154526941 1.42372714658268 0.981923337327316 1.20486714201979 1.3978522347752 1.74065250251442 1.84619880258106 0.960162468254566 0.922933488385752 1.89457111246884 0.9860675111413 1.52829537028447 1.26183878793381 1.89994710288011 1.82348680892028 1.67500559380278 1.76493458962068 1.71832331619225 1.70445421733893 1.07359414617531 1.18767621321604 1.6887811741326 0
