0 1.84587367181666 1.66998485289514 1.12449300661683 1.87075739656575 1.86420178506523 1.60565211856738 1.2559957720805 1.94673878676258 1.51439453964122 1.30054809246212 1.340475843288 1.51079568522982 1.27048809593543 1.54131695022807 1.85324951377697 1.28975335904397 1.84303645510226 1.87705512600951 1.46118895569816 1.43540968187153 1.46038060029969 1.76958013721742 1.49126778403297 1.82351412670687 1.91455123550259 1.8654212532565 1.77487037307583 1.11828199354932 1.89753013779409
1.84587367181666 0 1.2440009182319 1.38156200479716 1.19363887584768 0.967631366569549 1.86299111694098 1.26639237371273 1.10347543726675 1.49755527544767 1.71286690467969 1.24983142828569 1.07424580911174 1.49578327289782 1.85257805045694 1.51135489949957 1.92153185163625 1.35802006861195 1.33315479336306 1.13281179475598 1.81387431570329 1.66659738821909 1.41589352628216 1.45067339437082 1.32984908716753 1.20543132862076 1.30417798063718 1.06173705193214 1.2095653929282 1.15569378528744
1.66998485289514 1.2440009182319 0 1.37760888691992 1.30150159914047 1.87595635233447 1.6053650053218 1.49206668371335 1.51857459032908 1.71151028783061 1.28101676842198 1.27776925521903 1.37284087855369 1.33260854776017 1.41471885913052 1.29345298768021 0.99697342584841 1.86071831104346 1.38031502487138 1.01423131255433 1.39128814125434 1.19087050762028 1.15765426820144 1.70312418392859 1.71005472051911 1.36817204253748 1.68416380975395 1.39740050816908 1.81125688366592 1.47519054077566
1.12449300661683 1.38156200479716 1.37760888691992 0 1.71381852868944 1.13704493688419 1.33209957182407 1.65712191304192 1.45517712156288 1.8849214236252 1.28541759890504 1.01075608562678 1.36332109663635 1.44157050014473 1.12568244594149 1.7561118658632 1.01038935640827 1.92546655726619 1.45137717016041 1.17330717947334 1.1089433375746 1.63283732859418 1.56593355559744 1.49084296193905 1.82561795716174 1.74932530918159 1.59192565153353 1.53185011073947 1.34611815214157 1.28588045644574
1.87075739656575 1.19363887584768 1.30150159914047 1.71381852868944 0 1.81650411570445 0.991403050953522 1.53062717290595 1.66118498682044 1.1432579390239 1.22348221484572 1.90767491399311 1.23860095348209 1.56513252086006 1.67813328467309 1.21914595784619 1.05193596729077 1.50620706239715 1.85649224976078 1.70297973346896 1.80737534468062 1.58392317011021 1.7954083730001 1.36018244875595 1.15298832720146 1.56805482902564 1.91957280994393 1.29099926399067 1.40744531317614 0.987217519199476
1.86420178506523 0.967631366569549 1.87595635233447 1.13704493688419 1.81650411570445 0 1.16006204509176 1.50247849081643 1.17617459711619 1.67000912036747 1.87216322333552 1.76507044257596 1.88958934671246 1.3680407544598 1.61850032932125 1.76687462301925 1.17294455179945 1.1649001580663 1.37886348366737 1.42643587943166 1.91267572622746 1.37935572606511 1.44348244741559 1.78288053977303 1.18539446522482 0.987088162219152 0.968761703697965 1.79686151025817 1.06209943816066 0.963338916422799
1.60565211856738 1.86299111694098 1.6053650053218 1.33209957182407 0.991403050953522 1.16006204509176 0 1.03300179960206 1.10180375911295 1.37490107794292 1.02713419497013 1.44952576956712 1.10883222683333 0.996303042629734 1.0392899333965 0.992486724397168 1.41094001755118 1.1600288071204 0.970260444097221 1.61636888189241 1.82200204744004 0.974943347508088 1.58259549620561 1.08739375206642 1.67451840196736 1.47292624553666 1.2603970465716 1.939155502012 1.90684815542772 1.01199639472179
1.2559957720805 1.26639237371273 1.49206668371335 1.65712191304192 1.53062717290595 1.50247849081643 1.03300179960206 0 1.56612358544953 1.79041407932527 1.11274270387366 1.11634002276696 1.12940277438611 1.89915612852201 1.87840191484429 1.595034717815 1.27625437173992 1.19404145074077 1.61278344667517 1.74853425705805 1.73982288199477 1.60294887563214 1.7839059594553 1.46682113851421 1.73077255790122 1.85233667609282 1.305383117171 1.84694015281275 1.46077154832892 1.33215160481632
1.94673878676258 1.10347543726675 1.51857459032908 1.45517712156288 1.66118498682044 1.17617459711619 1.10180375911295 1.56612358544953 0 1.05595077411272 1.08709418703802 1.26368413656019 1.8786561107263 1.28568214643747 1.58121130359359 1.56756566907279 1.8026371577289 1.72338663856499 1.45893047004938 0.997767488239333 1.79763566586189 1.56239944486879 1.24839115189388 1.32103810273111 1.47057016962208 0.993705053813756 1.68159659742378 1.03556898189709 1.74304062873125 1.06978765502572
1.51439453964122 1.49755527544767 1.71151028783061 1.8849214236252 1.1432579390239 1.67000912036747 1.37490107794292 1.79041407932527 1.05595077411272 0 1.50376832438633 1.45909822452813 1.41143727349117 1.80086848628707 1.14966616104357 1.78319140453823 1.28508634283207 1.54447924625129 1.76487321825698 1.38977519143373 1.58133289800026 1.60378324147314 1.02167590241879 1.27441773074679 1.8347113984637 1.82548247976229 1.87337703630328 1.73364722635597 1.15866934857331 1.30380126531236
1.30054809246212 1.71286690467969 1.28101676842198 1.28541759890504 1.22348221484572 1.87216322333552 1.02713419497013 1.11274270387366 1.08709418703802 1.50376832438633 0 1.43918616767041 1.0584254458081 0.976159627782181 1.66167107131332 1.72589315357618 1.58480824809521 1.50685621565208 1.52451506443322 1.34216891066171 1.50824270281009 1.62316470500082 1.86215446027927 1.69551579141989 1.49782538157888 1.40841358248144 1.20102609950118 1.55404210020788 1.8840296366252 1.57626560749486
1.340475843288 1.24983142828569 1.27776925521903 1.01075608562678 1.90767491399311 1.76507044257596 1.44952576956712 1.11634002276696 1.26368413656019 1.45909822452813 1.43918616767041 0 1.1819906369783 1.52865745872259 1.53640159731731 1.94257184700109 1.68479225342162 1.66328301327303 1.71046504168771 1.71805853466503 1.70102563593537 1.08672018372454 1.39334478159435 1.90800509601831 1.68075756216422 1.10742625757121 1.94718217942864 1.54405264835805 1.7477111639455 1.61131443222985
1.51079568522982 1.07424580911174 1.37284087855369 1.36332109663635 1.23860095348209 1.88958934671246 1.10883222683333 1.12940277438611 1.8786561107263 1.41143727349117 1.0584254458081 1.1819906369783 0 1.17971857171506 1.27732344996184 1.37495440756902 1.51193074090406 1.22965342807584 1.69143483135849 1.56256692833267 1.86703269928694 1.78446651808918 1.51294775609858 1.93956078519113 1.95256168115884 1.67254593176767 1.75583414174616 1.76683735009283 1.66100221057422 1.37760694976896
1.27048809593543 1.49578327289782 1.33260854776017 1.44157050014473 1.56513252086006 1.3680407544598 0.996303042629734 1.89915612852201 1.28568214643747 1.80086848628707 0.976159627782181 1.52865745872259 1.17971857171506 0 1.4345294830855 1.4498196952045 1.17581492289901 1.38226806488819 1.93552913656458 1.77497606375255 0.980308270314708 1.81752222077921 1.55141902039759 1.49794549983926 1.37614794401452 1.59467536443844 1.2573157560546 1.46579469321296 1.12175640533678 1.41924813832156
1.54131695022807 1.85257805045694 1.41471885913052 1.12568244594149 1.67813328467309 1.61850032932125 1.0392899333965 1.87840191484429 1.58121130359359 1.14966616104357 1.66167107131332 1.53640159731731 1.27732344996184 1.4345294830855 0 1.04874786315486 1.06628471286967 1.25592514080927 1.18955239234492 0.98131825751625 1.79192898143083 1.2294058946427 1.80178988561966 1.25694107823074 1.95202447590418 1.74382221116684 1.50562070356682 1.20706646563485 1.17404956859536 1.66974552418105
1.85324951377697 1.51135489949957 1.29345298768021 1.7561118658632 1.21914595784619 1.76687462301925 0.992486724397168 1.595034717815 1.56756566907279 1.78319140453823 1.72589315357618 1.94257184700109 1.37495440756902 1.4498196952045 1.04874786315486 0 1.77720747631975 1.94527658820152 1.3648585176561 1.02634838130325 1.08996440912597 1.11759650101885 0.954105257289484 1.05129112768918 1.32041691057384 0.971967469900846 1.36206535575911 1.4532452954445 1.8390242413152 1.16498921811581
1.28975335904397 1.92153185163625 0.99697342584841 1.01038935640827 1.05193596729077 1.17294455179945 1.41094001755118 1.27625437173992 1.8026371577289 1.28508634283207 1.58480824809521 1.68479225342162 1.51193074090406 1.17581492289901 1.06628471286967 1.77720747631975 0 1.55677727400325 1.926803792594 1.79705255501904 1.71125754481182 1.17144925449975 1.15893738716841 1.19942385051399 1.0549592578318 1.75589031795971 1.11341888830066 1.44901052187197 1.55748154898174 1.5753334662877
1.84303645510226 1.35802006861195 1.86071831104346 1.92546655726619 1.50620706239715 1.1649001580663 1.1600288071204 1.19404145074077 1.72338663856499 1.54447924625129 1.50685621565208 1.66328301327303 1.22965342807584 1.38226806488819 1.25592514080927 1.94527658820152 1.55677727400325 0 1.23599935532548 1.81186864059418 1.13191720447503 1.25393646489829 1.28659885260276 1.65024794894271 1.01073843589984 1.86932122334838 1.37256014719605 1.13706749095581 1.52215448650531 1.07462732330896
1.87705512600951 1.33315479336306 1.38031502487138 1.45137717016041 1.85649224976078 1.37886348366737 0.970260444097221 1.61278344667517 1.45893047004938 1.76487321825698 1.52451506443322 1.71046504168771 1.69143483135849 1.93552913656458 1.18955239234492 1.3648585176561 1.926803792594 1.23599935532548 0 1.91641400381923 1.02774284267798 1.54980844049715 1.70153701421805 0.965741399209946 1.09199407091364 1.29362986213528 1.29211882106028 0.968895057914779 1.12221723748371 1.17077618022449
1.46118895569816 1.13281179475598 1.01423131255433 1.17330717947334 1.70297973346896 1.42643587943166 1.61636888189241 1.74853425705805 0.997767488239333 1.38977519143373 1.34216891066171 1.71805853466503 1.56256692833267 1.77497606375255 0.98131825751625 1.02634838130325 1.79705255501904 1.81186864059418 1.91641400381923 0 1.47877507191151 1.46760951401666 1.01565044815652 1.05035783420317 1.3573368806392 1.67011083010584 1.03193831723183 1.1093411219772 1.25099241151474 1.06667708489113
1.43540968187153 1.81387431570329 1.39128814125434 1.1089433375746 1.80737534468062 1.91267572622746 1.82200204744004 1.73982288199477 1.79763566586189 1.58133289800026 1.50824270281009 1.70102563593537 1.86703269928694 0.980308270314708 1.79192898143083 1.08996440912597 1.71125754481182 1.13191720447503 1.02774284267798 1.47877507191151 0 1.7363676908426 1.50818403461017 1.79287180467509 1.39937534416094 1.79502418381162 1.67103506647982 1.24397520767525 1.48867508722469 1.502012421377
1.46038060029969 1.66659738821909 1.19087050762028 1.63283732859418 1.58392317011021 1.37935572606511 0.974943347508088 1.60294887563214 1.56239944486879 1.60378324147314 1.62316470500082 1.08672018372454 1.78446651808918 1.81752222077921 1.2294058946427 1.11759650101885 1.17144925449975 1.25393646489829 1.54980844049715 1.46760951401666 1.7363676908426 0 1.47913470491767 1.77200674801134 1.1716259601526 1.12286080559716 1.23919418267906 1.11638796818443 1.55238297930919 1.36765018710867
1.76958013721742 1.41589352628216 1.15765426820144 1.56593355559744 1.7954083730001 1.44348244741559 1.58259549620561 1.7839059594553 1.24839115189388 1.02167590241879 1.86215446027927 1.39334478159435 1.51294775609858 1.55141902039759 1.80178988561966 0.954105257289484 1.15893738716841 1.28659885260276 1.70153701421805 1.01565044815652 1.50818403461017 1.47913470491767 0 1.25311489147134 1.65232915570959 1.47555763763376 0.990590725559741 1.61421982455067 1.32486870302819 1.40273931482807
1.49126778403297 1.45067339437082 1.70312418392859 1.49084296193905 1.36018244875595 1.78288053977303 1.08739375206642 1.46682113851421 1.32103810273111 1.27441773074679 1.69551579141989 1.90800509601831 1.93956078519113 1.49794549983926 1.25694107823074 1.05129112768918 1.19942385051399 1.65024794894271 0.965741399209946 1.05035783420317 1.79287180467509 1.77200674801134 1.25311489147134 0 1.90211771870963 1.86190825654194 1.34494403819554 1.19917254219763 1.16628008964472 1.94360996107571
1.82351412670687 1.32984908716753 1.71005472051911 1.82561795716174 1.15298832720146 1.18539446522482 1.67451840196736 1.73077255790122 1.47057016962208 1.8347113984637 1.49782538157888 1.68075756216422 1.95256168115884 1.37614794401452 1.95202447590418 1.32041691057384 1.0549592578318 1.01073843589984 1.09199407091364 1.3573368806392 1.39937534416094 1.1716259601526 1.65232915570959 1.90211771870963 0 1.21144227171317 1.49663385027088 1.43757845577784 1.55908057792112 1.54563978384249
1.91455123550259 1.20543132862076 1.36817204253748 1.74932530918159 1.56805482902564 0.987088162219152 1.47292624553666 1.85233667609282 0.993705053813756 1.82548247976229 1.40841358248144 1.10742625757121 1.67254593176767 1.59467536443844 1.74382221116684 0.971967469900846 1.75589031795971 1.86932122334838 1.29362986213528 1.67011083010584 1.79502418381162 1.12286080559716 1.47555763763376 1.86190825654194 1.21144227171317 0 1.38512388430536 0.962164137046784 1.34136867988855 0.961301979841664
1.8654212532565 1.30417798063718 1.68416380975395 1.59192565153353 1.91957280994393 0.968761703697965 1.2603970465716 1.305383117171 1.68159659742378 1.87337703630328 1.20102609950118 1.94718217942864 1.75583414174616 1.2573157560546 1.50562070356682 1.36206535575911 1.11341888830066 1.37256014719605 1.29211882106028 1.03193831723183 1.67103506647982 1.23919418267906 0.990590725559741 1.34494403819554 1.49663385027088 1.38512388430536 0 1.77031909977086 1.22926142672077 1.56022646045312
1.77487037307583 1.06173705193214 1.39740050816908 1.53185011073947 1.29099926399067 1.79686151025817 1.939155502012 1.84694015281275 1.03556898189709 1.73364722635597 1.55404210020788 1.54405264835805 1.76683735009283 1.46579469321296 1.20706646563485 1.4532452954445 1.44901052187197 1.13706749095581 0.968895057914779 1.1093411219772 1.24397520767525 1.11638796818443 1.61421982455067 1.19917254219763 1.43757845577784 0.962164137046784 1.77031909977086 0 1.83996151573956 1.75570890842937
1.11828199354932 1.2095653929282 1.81125688366592 1.34611815214157 1.40744531317614 1.06209943816066 1.90684815542772 1.46077154832892 1.74304062873125 1.15866934857331 1.8840296366252 1.7477111639455 1.66100221057422 1.12175640533678 1.17404956859536 1.8390242413152 1.55748154898174 1.52215448650531 1.12221723748371 1.25099241151474 1.48867508722469 1.55238297930919 1.32486870302819 1.16628008964472 1.55908057792112 1.34136867988855 1.22926142672077 1.83996151573956 0 1.54998646466993
1.89753013779409 1.15569378528744 1.47519054077566 1.28588045644574 0.987217519199476 0.963338916422799 1.01199639472179 1.33215160481632 1.06978765502572 1.30380126531236 1.57626560749486 1.61131443222985 1.37760694976896 1.41924813832156 1.66974552418105 1.16498921811581 1.5753334662877 1.07462732330896 1.17077618022449 1.06667708489113 1.502012421377 1.36765018710867 1.40273931482807 1.94360996107571 1.54563978384249 0.961301979841664 1.56022646045312 1.75570890842937 1.54998646466993 0
