0 1.8887339788489 1.82918068370782 1.47258771699853 1.09643900417723 1.60275548347272 1.67017985344864 1.54747273190878 1.16346907243133 1.12756871292368 1.00744071672671 1.23689769720659 1.39874273026362 1.88607539888471 1.25101980520412 1.30160578573123 0.981505542295054 1.13491415185854 1.56491301348433 1.74768460867926 1.48296431172639 1.02326915273443 1.64103396097198 1.34140917682089 1.6179677862674 1.32839451008476 1.12467513373122 1.58179014269263 1.71840243390761 1.18028765451163
1.8887339788489 0 1.48302997346036 1.72834470449015 1.04863609257154 1.0365358418785 1.82201404334046 1.61977420304902 1.20101529103704 1.80957917193882 1.23752032336779 1.20375147904269 1.67840196029283 1.76338815968484 1.65175790013745 1.36389187956229 1.10084590129554 1.52733315876685 1.82521819113754 1.1865634273272 1.11077182251029 0.943198081105947 1.1391282028053 1.07322759833187 1.88588029355742 1.36637643747963 1.56069269310683 1.5684094526805 1.10127667128108 1.17100564716384
1.82918068370782 1.48302997346036 0 1.73130953428335 1.56814026623033 1.12230520439334 1.32547687389888 1.22178128594533 1.55609242455103 1.65046980697662 1.56000419519842 1.69394396198913 1.44356416002847 1.59130636812188 1.06983886589296 1.68145624990575 1.8167040515691 1.54655767418444 1.84649407560937 1.12363413232379 1.33048518211581 1.68168490752578 1.16849129926413 1.44980059261434 1.62460864568129 1.76419049222022 1.07508521201089 1.60970858857036 1.0931324120611 1.20730381482281
1.47258771699853 1.72834470449015 1.73130953428335 0 1.1306061334908 1.8768993022386 0.990650433581322 1.43554789107293 1.90866275154985 1.3720758643467 1.78169816522859 1.79386762646027 0.972183412872255 1.90502204862423 1.86422392260283 1.34651747881435 1.14476947532967 1.39767126413062 1.77507493062876 1.87529950658791 1.77097297995351 1.78779996396042 0.952164255315438 1.47325097583234 1.10259054740891 1.37403573072515 1.3790591142606 1.08730837749317 1.90701900166459 1.35915602068417
1.09643900417723 1.04863609257154 1.56814026623033 1.1306061334908 0 1.04203846724704 1.7043564200867 1.25619869213551 1.04750948958099 1.77215679292567 1.78781384392641 1.31293921289034 1.40001151501201 1.69416781258769 1.83500379836187 1.47015017201193 1.30435124132782 1.50809293682687 1.06924548908137 1.89694546954706 1.14110858994536 1.60584369301796 1.66976920259185 1.40319633018225 1.51116028195247 1.46263689477928 1.53773578209803 1.41186642623506 1.40709686675109 1.50435581896454
1.60275548347272 1.0365358418785 1.12230520439334 1.8768993022386 1.04203846724704 0 1.82847585203126 1.19068306381814 1.47657067282125 1.27542222384363 1.54327514441684 1.7602427599486 1.28386515169404 1.20232970733196 1.40261667128652 1.17761974059977 1.88822370022535 1.12073315586895 1.0940250470303 1.67721353378147 1.89791116351262 1.89319357415661 0.949796208646148 1.88287663157098 1.78863231604919 1.8237742614001 1.11690932651982 0.971668917452917 1.20505616255105 1.62893915246241
1.67017985344864 1.82201404334046 1.32547687389888 0.990650433581322 1.7043564200867 1.82847585203126 0 1.77840336714871 1.54446379677393 1.18182559194975 1.07055544573814 1.69651331845671 0.970913599710912 1.53876771475188 0.957925056107342 1.37522193416953 1.77348308241926 1.39516277075745 1.68921544030309 1.75501807546243 1.86376468394883 0.95896305819042 1.58037114562467 1.09126297058538 1.58046924695373 1.90771877719089 1.88744029053487 1.87564164260402 1.65046149515547 1.0409616001416
1.54747273190878 1.61977420304902 1.22178128594533 1.43554789107293 1.25619869213551 1.19068306381814 1.77840336714871 0 1.03368618199602 1.68175796791911 1.70532814809121 1.05436892434955 1.6455646045506 1.28990908549167 1.14684146828949 1.91830565291457 1.21860481309704 1.55707439128309 0.94894839474 1.55085720377974 1.77116654906422 1.28209198033437 1.60455715237185 1.05015678633936 1.05459329392761 1.11742228548974 1.72939265077002 1.03028849768452 1.30671144090593 1.04016880923882
1.16346907243133 1.20101529103704 1.55609242455103 1.90866275154985 1.04750948958099 1.47657067282125 1.54446379677393 1.03368618199602 0 1.05653656623326 1.33811096381396 1.60844776988961 1.39163919351995 1.73294786387123 1.57033439772204 1.83432714315131 1.5630548580084 0.933073408901691 1.50238506100141 1.08780297683552 1.64320788159966 0.959318157983944 1.47172669554129 1.22636263212189 1.37423290661536 1.59314573230222 1.82273147720844 1.02846351475455 1.83933830773458 1.09206441347487
1.12756871292368 1.80957917193882 1.65046980697662 1.3720758643467 1.77215679292567 1.27542222384363 1.18182559194975 1.68175796791911 1.05653656623326 0 1.84946022112854 1.60834456677549 0.958446044940501 1.59655120130628 1.04736490803771 0.920420909766108 1.84069313504733 1.10117327189073 1.36735301394947 1.07240704772994 1.34299175976776 1.4099880179856 1.49624391808175 1.24834227259271 1.85616687568836 1.66969916899689 1.68682550871745 1.36253961082548 1.03658752632327 1.17724921950139
1.00744071672671 1.23752032336779 1.56000419519842 1.78169816522859 1.78781384392641 1.54327514441684 1.07055544573814 1.70532814809121 1.33811096381396 1.84946022112854 0 0.964176325127482 1.4966975657735 1.66324891825207 1.81166186300106 1.00601439503953 1.40207614237443 1.57614328968339 1.48973065661266 1.6836701023858 0.926336599048227 1.62493642885238 1.43304060166702 1.3485194016248 1.88324556965381 1.12814851826988 1.07700715586543 1.79081588820554 1.15536530595273 1.63364174030721
1.23689769720659 1.20375147904269 1.69394396198913 1.79386762646027 1.31293921289034 1.7602427599486 1.69651331845671 1.05436892434955 1.60844776988961 1.60834456677549 0.964176325127482 0 0.95000470476225 1.46742456709035 1.38361680041999 1.65781020186841 1.85575691284612 0.995745097752661 1.3216425976716 1.7235842528753 1.56200471636839 1.91499630361795 1.22834779485129 1.68819059547968 1.80925126280636 1.60559839266352 1.17459563724697 1.48904331563972 1.69838492223062 1.42747307545505
1.39874273026362 1.67840196029283 1.44356416002847 0.972183412872255 1.40001151501201 1.28386515169404 0.970913599710912 1.6455646045506 1.39163919351995 0.958446044940501 1.4966975657735 0.95000470476225 0 1.84827596065588 1.77752085099928 1.0317398130428 1.7900956068188 1.42380613926798 1.14309085952118 1.8309194650501 1.06297447741963 1.28938881773502 1.27989765140228 1.25520848855376 1.82934170216322 1.35522218211554 0.926904517691582 1.68627838883549 1.85130689642392 1.18863933859393
1.88607539888471 1.76338815968484 1.59130636812188 1.90502204862423 1.69416781258769 1.20232970733196 1.53876771475188 1.28990908549167 1.73294786387123 1.59655120130628 1.66324891825207 1.46742456709035 1.84827596065588 0 1.56505425088108 1.40338543895632 0.950159702682868 1.04814199940301 1.43061503185891 1.23089679400437 1.195236424217 1.03116575046442 1.36501554003917 1.65981317264959 0.997569357510656 1.81931925006211 1.33617731346749 1.68607240193523 1.08595897164196 1.5363373986911
1.25101980520412 1.65175790013745 1.06983886589296 1.86422392260283 1.83500379836187 1.40261667128652 0.957925056107342 1.14684146828949 1.57033439772204 1.04736490803771 1.81166186300106 1.38361680041999 1.77752085099928 1.56505425088108 0 1.27524244249798 1.41889774869196 1.52677517826669 1.09012921364047 1.28292565071024 1.19645516388118 0.967116303741932 1.77036402910016 1.53388268360868 1.51463396335021 1.07685316819698 1.03911769366823 1.06364143500105 1.35521830851212 1.02411655639298
1.30160578573123 1.36389187956229 1.68145624990575 1.34651747881435 1.47015017201193 1.17761974059977 1.37522193416953 1.91830565291457 1.83432714315131 0.920420909766108 1.00601439503953 1.65781020186841 1.0317398130428 1.40338543895632 1.27524244249798 0 1.46113125840202 1.84953708969988 1.67660293588415 1.63983606314287 1.62847905163653 1.45234093465842 1.2039182158187 1.83289498952217 1.13583689765073 1.49481673166156 1.64209562400356 1.45963973761536 1.72798991575837 1.44435567269102
0.981505542295054 1.10084590129554 1.8167040515691 1.14476947532967 1.30435124132782 1.88822370022535 1.77348308241926 1.21860481309704 1.5630548580084 1.84069313504733 1.40207614237443 1.85575691284612 1.7900956068188 0.950159702682868 1.41889774869196 1.46113125840202 0 1.57986177923158 1.68077441048808 1.21864416520111 1.17315023089759 1.3467285844963 1.27700844034553 1.4604756499175 1.02760844817385 1.91378183406778 1.62387231085449 1.61120473477058 1.54479023418389 1.15317453164607
1.13491415185854 1.52733315876685 1.54655767418444 1.39767126413062 1.50809293682687 1.12073315586895 1.39516277075745 1.55707439128309 0.933073408901691 1.10117327189073 1.57614328968339 0.995745097752661 1.42380613926798 1.04814199940301 1.52677517826669 1.84953708969988 1.57986177923158 0 1.00085104606114 1.75213669636287 1.10454924521036 1.6555699580349 1.45348060433753 0.995284957345575 1.34533310611732 0.959303358802572 1.54771503456868 1.77421588799916 0.981275197351351 1.18450269591995
1.56491301348433 1.82521819113754 1.84649407560937 1.77507493062876 1.06924548908137 1.0940250470303 1.68921544030309 0.94894839474 1.50238506100141 1.36735301394947 1.48973065661266 1.3216425976716 1.14309085952118 1.43061503185891 1.09012921364047 1.67660293588415 1.68077441048808 1.00085104606114 0 1.77509691868909 1.20954399462789 1.14331504772417 0.920899740420282 1.35953051177785 1.39637622912414 1.09922183654271 1.5858564383816 0.99868845148012 1.66969750332646 0.927137376507744
1.74768460867926 1.1865634273272 1.12363413232379 1.87529950658791 1.89694546954706 1.67721353378147 1.75501807546243 1.55085720377974 1.08780297683552 1.07240704772994 1.6836701023858 1.7235842528753 1.8309194650501 1.23089679400437 1.28292565071024 1.63983606314287 1.21864416520111 1.75213669636287 1.77509691868909 0 1.6215317195747 1.91452883882448 1.35969519033097 1.73656086227857 1.87514668866061 1.22633963287808 1.61296526296064 1.8437497257255 1.72978353966027 1.57441338966601
1.48296431172639 1.11077182251029 1.33048518211581 1.77097297995351 1.14110858994536 1.89791116351262 1.86376468394883 1.77116654906422 1.64320788159966 1.34299175976776 0.926336599048227 1.56200471636839 1.06297447741963 1.195236424217 1.19645516388118 1.62847905163653 1.17315023089759 1.10454924521036 1.20954399462789 1.6215317195747 0 1.62157343956642 1.85903208004311 1.21393044269644 1.17002027644776 1.13038561679423 1.8646331820637 1.5006153085269 1.04832984367386 0.951091440627351
1.02326915273443 0.943198081105947 1.68168490752578 1.78779996396042 1.60584369301796 1.89319357415661 0.95896305819042 1.28209198033437 0.959318157983944 1.4099880179856 1.62493642885238 1.91499630361795 1.28938881773502 1.03116575046442 0.967116303741932 1.45234093465842 1.3467285844963 1.6555699580349 1.14331504772417 1.91452883882448 1.62157343956642 0 1.4537449022755 1.39576601656154 1.56375439022668 1.86266512656584 1.84545163623989 1.84687426080927 1.54428473510779 1.14158060215414
1.64103396097198 1.1391282028053 1.16849129926413 0.952164255315438 1.66976920259185 0.949796208646148 1.58037114562467 1.60455715237185 1.47172669554129 1.49624391808175 1.43304060166702 1.22834779485129 1.27989765140228 1.36501554003917 1.77036402910016 1.2039182158187 1.27700844034553 1.45348060433753 0.920899740420282 1.35969519033097 1.85903208004311 1.4537449022755 0 1.71936291921884 1.61718612210825 1.56189633463509 1.07937974343076 1.58697400195524 0.954854746349156 1.31440706830472
1.34140917682089 1.07322759833187 1.44980059261434 1.47325097583234 1.40319633018225 1.88287663157098 1.09126297058538 1.05015678633936 1.22636263212189 1.24834227259271 1.3485194016248 1.68819059547968 1.25520848855376 1.65981317264959 1.53388268360868 1.83289498952217 1.4604756499175 0.995284957345575 1.35953051177785 1.73656086227857 1.21393044269644 1.39576601656154 1.71936291921884 0 1.12094058422372 1.66886758594774 1.27951127267443 1.42486995109357 1.1066728560254 1.52292278315872
1.6179677862674 1.88588029355742 1.62460864568129 1.10259054740891 1.51116028195247 1.78863231604919 1.58046924695373 1.05459329392761 1.37423290661536 1.85616687568836 1.88324556965381 1.80925126280636 1.82934170216322 0.997569357510656 1.51463396335021 1.13583689765073 1.02760844817385 1.34533310611732 1.39637622912414 1.87514668866061 1.17002027644776 1.56375439022668 1.61718612210825 1.12094058422372 0 1.3365331699606 1.54782376857474 1.55758415069431 1.31489908043295 1.22829396068119
1.32839451008476 1.36637643747963 1.76419049222022 1.37403573072515 1.46263689477928 1.8237742614001 1.90771877719089 1.11742228548974 1.59314573230222 1.66969916899689 1.12814851826988 1.60559839266352 1.35522218211554 1.81931925006211 1.07685316819698 1.49481673166156 1.91378183406778 0.959303358802572 1.09922183654271 1.22633963287808 1.13038561679423 1.86266512656584 1.56189633463509 1.66886758594774 1.3365331699606 0 1.89300316153094 1.86947655631229 1.25670646107756 1.27108818665147
1.12467513373122 1.56069269310683 1.07508521201089 1.3790591142606 1.53773578209803 1.11690932651982 1.88744029053487 1.72939265077002 1.82273147720844 1.68682550871745 1.07700715586543 1.17459563724697 0.926904517691582 1.33617731346749 1.03911769366823 1.64209562400356 1.62387231085449 1.54771503456868 1.5858564383816 1.61296526296064 1.8646331820637 1.84545163623989 1.07937974343076 1.27951127267443 1.54782376857474 1.89300316153094 0 1.29186200979166 1.09889511228539 1.21529248566367
1.58179014269263 1.5684094526805 1.60970858857036 1.08730837749317 1.41186642623506 0.971668917452917 1.87564164260402 1.03028849768452 1.02846351475455 1.36253961082548 1.79081588820554 1.48904331563972 1.68627838883549 1.68607240193523 1.06364143500105 1.45963973761536 1.61120473477058 1.77421588799916 0.99868845148012 1.8437497257255 1.5006153085269 1.84687426080927 1.58697400195524 1.42486995109357 1.55758415069431 1.86947655631229 1.29186200979166 0 1.2820281512104 1.54755714279599
1.71840243390761 1.10127667128108 1.0931324120611 1.90701900166459 1.40709686675109 1.20505616255105 1.65046149515547 1.30671144090593 1.83933830773458 1.03658752632327 1.15536530595273 1.69838492223062 1.85130689642392 1.08595897164196 1.35521830851212 1.72798991575837 1.54479023418389 0.981275197351351 1.66969750332646 1.72978353966027 1.04832984367386 1.54428473510779 0.954854746349156 1.1066728560254 1.31489908043295 1.25670646107756 1.09889511228539 1.2820281512104 0 0.967367745237425
1.18028765451163 1.17100564716384 1.20730381482281 1.35915602068417 1.50435581896454 1.62893915246241 1.0409616001416 1.04016880923882 1.09206441347487 1.17724921950139 1.63364174030721 1.42747307545505 1.18863933859393 1.5363373986911 1.02411655639298 1.44435567269102 1.15317453164607 1.18450269591995 0.927137376507744 1.57441338966601 0.951091440627351 1.14158060215414 1.31440706830472 1.52292278315872 1.22829396068119 1.27108818665147 1.21529248566367 1.54755714279599 0.967367745237425 0
