0 1.71986276330426 0.919197429670021 1.43142864713445 1.14670295640826 1.33795147086494 1.76710858847946 1.19024369982071 1.34787227376364 1.25045566726476 0.973607827909291 1.55479402653873 1.16783326840959 1.79719223082066 1.77621744014323 1.54463557945564 1.83290111366659 1.13061793427914 1.89447276038118 1.07612919784151 1.24800012004562 1.68707680376247 1.00676453998312 1.44857619074173 1.74729028088041 1.44750624103472 1.32122714188881 1.38752738409676 1.72597214858979 1.03195892926306
1.71986276330426 0 0.988872536690906 1.7023326093331 1.20759635535069 1.05638115550391 1.49677559384145 1.12891737092286 1.19050312996842 1.16688739182428 1.72386618680321 1.69774602819234 1.42324825958349 1.04330332530662 1.23146560229361 1.42295727925375 1.61611418542452 1.50610670400783 0.957534851506352 1.48437313339673 1.20068801101297 0.957192620495334 1.7431326599326 1.37550592282787 1.55051207449287 1.36167367640883 1.3197708283551 0.964656530180946 1.68414274882525 1.09083227789961
0.919197429670021 0.988872536690906 0 1.68550452287309 1.18679306469858 1.6369029530324 1.46749484725296 1.84786369372159 1.00633408525027 1.30007428769022 1.13122120522894 1.17356121656485 1.08082185476087 0.958817559760064 1.86463832925074 1.01583870919421 1.26561690610833 1.05571410199627 1.03775316267274 1.48771894304082 0.939572540810332 1.06273697782308 1.55491773923859 1.33457680116408 1.29342346382327 1.16025672061369 1.69000686635263 1.24496421148069 1.68631078745238 1.01481642737053
1.43142864713445 1.7023326093331 1.68550452287309 0 1.83749705622904 1.86483096866868 1.36011301260442 1.01879626023583 1.30612377054058 1.18575266445987 1.43342545791529 1.20336180971935 1.19009806122631 1.77999855601229 1.01173415291123 1.51409867894836 1.23062848672271 1.00848532305099 1.5046572140418 1.39624055521563 1.79515964258462 0.949192337226123 1.46524320822209 1.7267296188511 1.38524099090137 1.82541446760297 1.14866614318453 1.50369323045015 1.17123947246 1.20438379305415
1.14670295640826 1.20759635535069 1.18679306469858 1.83749705622904 0 1.19081152440049 0.911620344733819 1.48698251997121 1.30034058098681 1.0909039399121 1.47003179881722 1.29159649484791 1.51060155616142 1.3546186061576 1.82964227185585 1.14842780027539 1.01719434349798 1.31890826881863 1.5837765855249 1.53006216650829 1.7970736050047 1.74307528045028 1.81376540265046 1.11854553432204 1.09959470201284 1.74667149642482 1.2961002853699 1.12130179302767 1.71184544172138 1.58617318049073
1.33795147086494 1.05638115550391 1.6369029530324 1.86483096866868 1.19081152440049 0 1.70552079658955 0.927837227238342 1.8336733954493 1.50768761965446 1.26403269218281 1.25025572464801 1.01559177134186 0.992087675258517 1.72695571323857 1.09572892519645 1.88494132226333 1.66679832316004 1.1189191529993 1.68093054438941 1.21433754544705 1.83159383805469 1.08491196506657 1.61209058458917 1.24021182162687 1.49325644876808 1.41263703070581 1.78764010360464 1.17932358710095 1.30470213922672
1.76710858847946 1.49677559384145 1.46749484725296 1.36011301260442 0.911620344733819 1.70552079658955 0 0.952528384979814 1.89111793413758 0.952060634968802 1.28319712146185 1.45648179599084 1.58832201408222 0.975279142148793 1.68477271473967 1.25003873044625 1.59770703664981 1.0756064504385 1.76015771087259 1.09287612116896 1.69557529874146 0.923334894469008 1.55479673389345 1.03960070526227 1.20082375896163 1.2088917971123 1.47491549700499 1.02159978193231 1.13366570090875 0.983632615534589
1.19024369982071 1.12891737092286 1.84786369372159 1.01879626023583 1.48698251997121 0.927837227238342 0.952528384979814 0 1.24065817939118 1.41340243397281 1.28867610311136 1.44773753243499 1.71228942321613 1.56095426157117 1.44406710145995 0.932190955150872 1.84154928661883 1.07274114037864 1.83272819058038 1.74321357603185 1.46366324508563 1.38334985496476 1.51154713705182 1.13512032176368 1.22864488582127 1.23264333582483 1.70005064737052 1.48909556190483 1.06872136401944 1.35164715489373
1.34787227376364 1.19050312996842 1.00633408525027 1.30612377054058 1.30034058098681 1.8336733954493 1.89111793413758 1.24065817939118 0 1.42422460834496 1.04400100093335 0.961148018948734 1.05793449957855 1.63401351985522 1.44399033370428 1.16813336801715 1.86964806378819 1.42495666956529 1.60229868302122 1.37467858032323 1.08744707424194 1.07179193105549 1.39209927129559 1.15964919491671 1.75221873889677 1.61472984985448 1.81864796299487 0.91699155792594 1.74774618982337 1.49118835176341
1.25045566726476 1.16688739182428 1.30007428769022 1.18575266445987 1.0909039399121 1.50768761965446 0.952060634968802 1.41340243397281 1.42422460834496 0 1.50513271964155 1.11566029675305 1.83796514710411 1.72325311484747 1.24831275036559 1.06235197372735 1.8188894118648 1.64103354862891 0.923648931318894 1.0255857380107 1.67477200413123 1.1341353894677 1.38719778810628 1.17609698534943 1.53475603833795 1.34821956395172 1.43030914268456 1.14689899794757 1.1396235821303 1.82393708801828
0.973607827909291 1.72386618680321 1.13122120522894 1.43342545791529 1.47003179881722 1.26403269218281 1.28319712146185 1.28867610311136 1.04400100093335 1.50513271964155 0 1.06904481328093 1.23146577668376 1.49713443568908 1.31318820174783 1.42155699315481 0.930009860312566 1.56428932351992 1.32754485099576 1.45797045063227 1.26334908697754 1.03130771475844 0.910089366137981 1.41251214104705 1.08240133244544 1.21076096780598 1.56243501952849 1.59690515394323 1.76788828312419 1.31698696641251
1.55479402653873 1.69774602819234 1.17356121656485 1.20336180971935 1.29159649484791 1.25025572464801 1.45648179599084 1.44773753243499 0.961148018948734 1.11566029675305 1.06904481328093 0 1.33121746801771 0.916693416889757 0.999945824034512 1.41639604326338 1.44186418154277 0.934321387670934 1.77669273503125 1.36949197598733 1.25385693996213 1.79116683476605 1.33251575496979 1.29939141334035 1.74659056891687 1.34718470135704 1.58813755004667 1.56008537812158 1.86127009149641 1.84936158615164
1.16783326840959 1.42324825958349 1.08082185476087 1.19009806122631 1.51060155616142 1.01559177134186 1.58832201408222 1.71228942321613 1.05793449957855 1.83796514710411 1.23146577668376 1.33121746801771 0 1.63279948453419 1.76974006090313 1.16913460241631 1.36185944825411 1.39651414076798 1.58156963251531 1.76001021638513 1.28358329902403 1.24146242230199 1.50580596667714 1.45531030581333 1.32608861010522 1.86367302760482 1.42771378299221 1.43065506359562 1.54275784478523 1.35804184619337
1.79719223082066 1.04330332530662 0.958817559760064 1.77999855601229 1.3546186061576 0.992087675258517 0.975279142148793 1.56095426157117 1.63401351985522 1.72325311484747 1.49713443568908 0.916693416889757 1.63279948453419 0 1.07095057447441 1.51136385160498 1.57673143106513 1.00296974531375 1.10833490244113 1.14493878348731 1.45160673558712 1.79263503244147 1.01999492943287 1.18113822187297 1.89075049478561 1.30924447625875 1.2299817095045 1.36246248986572 1.75773166096769 1.83238133299164
1.77621744014323 1.23146560229361 1.86463832925074 1.01173415291123 1.82964227185585 1.72695571323857 1.68477271473967 1.44406710145995 1.44399033370428 1.24831275036559 1.31318820174783 0.999945824034512 1.76974006090313 1.07095057447441 0 1.88575591170229 1.11599223315716 1.01314687891863 0.93223697762005 1.84540285682306 1.89617193886079 1.08936630724929 1.10708300769329 1.35432073217817 1.1484350215178 1.78833211446181 1.73489979095757 1.07563622412272 1.68931535328738 1.15392179181799
1.54463557945564 1.42295727925375 1.01583870919421 1.51409867894836 1.14842780027539 1.09572892519645 1.25003873044625 0.932190955150872 1.16813336801715 1.06235197372735 1.42155699315481 1.41639604326338 1.16913460241631 1.51136385160498 1.88575591170229 0 1.00789291178808 1.35238135815598 0.95351893408224 1.3095665210858 1.35525821568444 1.23090502410196 1.39777850359678 1.64529181504622 1.43907291139476 1.55571236810647 1.45270460378379 1.82970563042909 1.71526191267185 1.3977684956044
1.83290111366659 1.61611418542452 1.26561690610833 1.23062848672271 1.01719434349798 1.88494132226333 1.59770703664981 1.84154928661883 1.86964806378819 1.8188894118648 0.930009860312566 1.44186418154277 1.36185944825411 1.57673143106513 1.11599223315716 1.00789291178808 0 1.51510702027008 1.07292149378918 1.52306366059929 1.79596474068239 1.05714693618938 1.59837006195448 1.07658038218506 1.63445860054344 1.48475428065285 1.29665898997337 1.23388725402765 1.37694735452533 1.85715300356969
1.13061793427914 1.50610670400783 1.05571410199627 1.00848532305099 1.31890826881863 1.66679832316004 1.0756064504385 1.07274114037864 1.42495666956529 1.64103354862891 1.56428932351992 0.934321387670934 1.39651414076798 1.00296974531375 1.01314687891863 1.35238135815598 1.51510702027008 0 1.6085361156147 1.79129332769662 0.985901452600956 1.26319445669651 0.974851246690378 1.75431508035399 0.964188565732911 1.70636092009954 1.25509275263175 0.953567464370281 1.88136610691436 1.00071484199725
1.89447276038118 0.957534851506352 1.03775316267274 1.5046572140418 1.5837765855249 1.1189191529993 1.76015771087259 1.83272819058038 1.60229868302122 0.923648931318894 1.32754485099576 1.77669273503125 1.58156963251531 1.10833490244113 0.93223697762005 0.95351893408224 1.07292149378918 1.6085361156147 0 1.39557662466541 1.49327160581015 1.70039052073844 1.12990021822043 1.44898841413669 1.86367943300866 1.02404096839018 1.00671053025872 1.85185904148966 1.36657923553139 1.87482755025849
1.07612919784151 1.48437313339673 1.48771894304082 1.39624055521563 1.53006216650829 1.68093054438941 1.09287612116896 1.74321357603185 1.37467858032323 1.0255857380107 1.45797045063227 1.36949197598733 1.76001021638513 1.14493878348731 1.84540285682306 1.3095665210858 1.52306366059929 1.79129332769662 1.39557662466541 0 1.12096155667678 1.5748897367157 1.37349429470487 1.37184074404649 0.95154415210709 1.14076007436961 1.01211464568041 1.52699385117739 1.47108566667885 1.77605234924704
1.24800012004562 1.20068801101297 0.939572540810332 1.79515964258462 1.7970736050047 1.21433754544705 1.69557529874146 1.46366324508563 1.08744707424194 1.67477200413123 1.26334908697754 1.25385693996213 1.28358329902403 1.45160673558712 1.89617193886079 1.35525821568444 1.79596474068239 0.985901452600956 1.49327160581015 1.12096155667678 0 1.30115915345959 1.51298184762709 1.05733436276205 1.81031312095001 1.90283266152255 0.984969318378717 1.6126674672123 1.83804083592258 1.75716163148172
1.68707680376247 0.957192620495334 1.06273697782308 0.949192337226123 1.74307528045028 1.83159383805469 0.923334894469008 1.38334985496476 1.07179193105549 1.1341353894677 1.03130771475844 1.79116683476605 1.24146242230199 1.79263503244147 1.08936630724929 1.23090502410196 1.05714693618938 1.26319445669651 1.70039052073844 1.5748897367157 1.30115915345959 0 1.17084029549733 1.75795900961384 0.980818000389263 1.07841375120915 1.819621859584 1.44907117029652 1.57323180744424 1.36865789326839
1.00676453998312 1.7431326599326 1.55491773923859 1.46524320822209 1.81376540265046 1.08491196506657 1.55479673389345 1.51154713705182 1.39209927129559 1.38719778810628 0.910089366137981 1.33251575496979 1.50580596667714 1.01999492943287 1.10708300769329 1.39777850359678 1.59837006195448 0.974851246690378 1.12990021822043 1.37349429470487 1.51298184762709 1.17084029549733 0 1.55498724570498 1.76418893621303 1.05379477958195 1.09450356080197 1.11419340386055 1.28309492627159 1.817538931733
1.44857619074173 1.37550592282787 1.33457680116408 1.7267296188511 1.11854553432204 1.61209058458917 1.03960070526227 1.13512032176368 1.15964919491671 1.17609698534943 1.41251214104705 1.29939141334035 1.45531030581333 1.18113822187297 1.35432073217817 1.64529181504622 1.07658038218506 1.75431508035399 1.44898841413669 1.37184074404649 1.05733436276205 1.75795900961384 1.55498724570498 0 1.86610744451173 1.00495962449349 1.68236935581081 1.63078919053078 1.51326085627079 0.905095912981778
1.74729028088041 1.55051207449287 1.29342346382327 1.38524099090137 1.09959470201284 1.24021182162687 1.20082375896163 1.22864488582127 1.75221873889677 1.53475603833795 1.08240133244544 1.74659056891687 1.32608861010522 1.89075049478561 1.1484350215178 1.43907291139476 1.63445860054344 0.964188565732911 1.86367943300866 0.95154415210709 1.81031312095001 0.980818000389263 1.76418893621303 1.86610744451173 0 1.17449615662917 1.56291791051626 1.34325179946609 1.25973932608031 1.07174484897405
1.44750624103472 1.36167367640883 1.16025672061369 1.82541446760297 1.74667149642482 1.49325644876808 1.2088917971123 1.23264333582483 1.61472984985448 1.34821956395172 1.21076096780598 1.34718470135704 1.86367302760482 1.30924447625875 1.78833211446181 1.55571236810647 1.48475428065285 1.70636092009954 1.02404096839018 1.14076007436961 1.90283266152255 1.07841375120915 1.05379477958195 1.00495962449349 1.17449615662917 0 1.17647831025533 1.19380799634382 1.85557755781338 1.86266597174108
1.32122714188881 1.3197708283551 1.69000686635263 1.14866614318453 1.2961002853699 1.41263703070581 1.47491549700499 1.70005064737052 1.81864796299487 1.43030914268456 1.56243501952849 1.58813755004667 1.42771378299221 1.2299817095045 1.73489979095757 1.45270460378379 1.29665898997337 1.25509275263175 1.00671053025872 1.01211464568041 0.984969318378717 1.819621859584 1.09450356080197 1.68236935581081 1.56291791051626 1.17647831025533 0 1.56235429807566 1.42389983055182 1.79360715206712
1.38752738409676 0.964656530180946 1.24496421148069 1.50369323045015 1.12130179302767 1.78764010360464 1.02159978193231 1.48909556190483 0.91699155792594 1.14689899794757 1.59690515394323 1.56008537812158 1.43065506359562 1.36246248986572 1.07563622412272 1.82970563042909 1.23388725402765 0.953567464370281 1.85185904148966 1.52699385117739 1.6126674672123 1.44907117029652 1.11419340386055 1.63078919053078 1.34325179946609 1.19380799634382 1.56235429807566 0 1.01491384836845 1.54529673000798
1.72597214858979 1.68414274882525 1.68631078745238 1.17123947246 1.71184544172138 1.17932358710095 1.13366570090875 1.06872136401944 1.74774618982337 1.1396235821303 1.76788828312419 1.86127009149641 1.54275784478523 1.75773166096769 1.68931535328738 1.71526191267185 1.37694735452533 1.88136610691436 1.36657923553139 1.47108566667885 1.83804083592258 1.57323180744424 1.28309492627159 1.51326085627079 1.25973932608031 1.85557755781338 1.42389983055182 1.01491384836845 0 1.41375387180597
1.03195892926306 1.09083227789961 1.01481642737053 1.20438379305415 1.58617318049073 1.30470213922672 0.983632615534589 1.35164715489373 1.49118835176341 1.82393708801828 1.31698696641251 1.84936158615164 1.35804184619337 1.83238133299164 1.15392179181799 1.3977684956044 1.85715300356969 1.00071484199725 1.87482755025849 1.77605234924704 1.75716163148172 1.36865789326839 1.817538931733 0.905095912981778 1.07174484897405 1.86266597174108 1.79360715206712 1.54529673000798 1.41375387180597 0
