0 1.34255232382566 1.28583472734317 1.74437639908865 1.0608896764461 1.00335554545745 0.920101626543328 1.21764548914507 1.83982533565722 1.44689937704243 0.928093630122021 0.997984929475933 1.72125382698141 1.27801642916165 1.71319920709357 0.882247330853716 1.71129859169014 1.19689177395776 1.53703538584523 1.65271027293056 1.43974432884715 1.09111076872796 1.49182494636625 1.84101739223115 1.76959449541755 1.75562328426167 1.6350964710582 1.72011766512878 0.983490881277248 1.01777875167318
1.34255232382566 0 1.6042099413462 0.900295836851001 1.30955971847288 1.32451407494955 1.17467487393878 1.66361776762642 1.45962236775085 1.58056005393155 1.45243975403719 1.39991616923362 1.45278566260822 1.04603969794698 1.74300128617324 1.19301979476586 1.35156018240377 1.34818108985201 1.81862574745901 0.955788197927177 1.06024345662445 1.26843641186133 1.38060161937028 0.881266351090744 1.3305512892548 1.25541631458327 1.44935093866661 1.72205710411072 1.53045902983285 1.44822613219731
1.28583472734317 1.6042099413462 0 1.1847159601748 1.85545373638161 1.51457240246236 1.74233961314894 1.52043971372768 1.59355181618594 0.930391460424289 1.72085314197466 1.09677910245955 1.37451603123918 1.11854873783886 1.46964916633442 1.66201024875045 1.79619635245763 1.63748474186286 1.45487050595693 1.32878328347579 0.890447090379894 0.978617274202406 1.23283896478824 1.39872622978874 1.09317348431796 1.48419496743008 1.09046868234873 1.03567167627625 1.38227190030739 1.35812294762582
1.74437639908865 0.900295836851001 1.1847159601748 0 1.19836524990387 1.76404631370679 1.05168926063925 1.66431035706773 1.01986244530417 1.05657194182277 0.879288429161534 0.92522637383081 1.15533354668878 1.04541917797178 1.35086904186755 1.12537607830018 0.98643720173277 1.40858884551562 1.2329260352999 1.50561723508872 1.28978943522088 1.59229404921643 1.84216580097564 1.03151516523212 1.31387891899794 1.39233533479273 1.16421737312339 1.776312276721 1.29142306395806 0.951534488936886
1.0608896764461 1.30955971847288 1.85545373638161 1.19836524990387 0 1.37011941918172 1.1246343171224 1.3072544769384 0.915882640052587 1.70003001322038 0.9651036511641 1.67802893323824 1.11528481752612 1.43221221701242 1.64402832882479 1.17353911045939 1.52266225568019 1.69025859911926 1.12392296502367 1.6903817220591 1.26616443833336 1.41207923996262 1.59979839343578 1.32198581844568 1.22703966824338 1.33215839928016 0.903548581525683 1.681513923686 1.67189120827243 1.00035955640487
1.00335554545745 1.32451407494955 1.51457240246236 1.76404631370679 1.37011941918172 0 1.15427923481911 1.47369965002872 1.6027213241905 1.41547762416303 1.84044778370298 1.51749037741683 1.36788264336064 1.5907125021331 1.37748889508657 0.968620582018048 1.33547323476523 1.84727666992694 1.51553875673562 0.872198287397623 1.80036656814627 1.18776305066422 1.77337443735451 1.50358946761116 1.18789485958405 1.50064314436167 1.57370573864318 1.04925020202063 1.66156745236367 1.39373802486807
0.920101626543328 1.17467487393878 1.74233961314894 1.05168926063925 1.1246343171224 1.15427923481911 0 1.03878078004345 1.70981637993827 1.36411329731345 1.17879698984325 0.899613807443529 1.33196112397127 1.45384453423321 1.6852195749525 1.31112015200779 1.0200768543873 1.45208507007919 1.12615056312643 0.989794545574114 1.38487068167888 1.49213943560608 1.26054607215337 1.17073547723703 1.49825811758637 1.54554684786126 0.874609069898725 1.87070069415495 1.76564927003346 1.6955194901675
1.21764548914507 1.66361776762642 1.52043971372768 1.66431035706773 1.3072544769384 1.47369965002872 1.03878078004345 0 1.25753428647295 1.20069469371811 1.55595173430629 1.57439222442918 1.57174135441892 1.34636848513037 1.04240700206719 1.716054613702 1.68550202529877 1.64148023654707 1.31618468137458 1.85873185028322 1.67153014033101 1.12187648168765 1.23334153345786 1.024910610402 1.36591319786385 1.16521050827578 1.70259561063722 1.10472574294545 0.904215852729976 1.6398811605759
1.83982533565722 1.45962236775085 1.59355181618594 1.01986244530417 0.915882640052587 1.6027213241905 1.70981637993827 1.25753428647295 0 0.92652832926251 1.08942022826523 1.62692831503227 0.998058841796592 1.37945835269056 1.60594989568926 1.85940956277773 1.31277604098432 1.47153672296554 1.82841660128906 1.35807131533511 1.38487882423215 1.30195653648116 1.76513843634166 1.21830427530222 1.67336158920079 1.2200073574204 1.50166868488304 1.12080464651808 1.15091274934821 1.86091517121531
1.44689937704243 1.58056005393155 0.930391460424289 1.05657194182277 1.70003001322038 1.41547762416303 1.36411329731345 1.20069469371811 0.92652832926251 0 1.21962703298777 1.59344419324771 1.44430986791849 0.873869271948934 1.29663214413449 1.4847573901061 1.78728612163104 0.979625663952902 0.903895322466269 1.85065854410641 1.04886103398167 1.182915719226 1.44062696001492 1.4666093736887 1.05953924800269 1.82834375975654 1.53726079268381 1.50331129785627 0.939835997764021 0.934386841952801
0.928093630122021 1.45243975403719 1.72085314197466 0.879288429161534 0.9651036511641 1.84044778370298 1.17879698984325 1.55595173430629 1.08942022826523 1.21962703298777 0 1.73585239308886 1.18808859330602 1.7918242237065 1.16118148108944 1.35979349212721 1.55857233167626 1.75891806907021 1.5532144990284 1.81537574226968 1.12464087922126 1.25988022657111 1.43291842960753 0.947089690947905 1.33205811027437 1.83445736183785 1.81484044087119 1.24469159869477 1.01030792202801 1.31133113056421
0.997984929475933 1.39991616923362 1.09677910245955 0.92522637383081 1.67802893323824 1.51749037741683 0.899613807443529 1.57439222442918 1.62692831503227 1.59344419324771 1.73585239308886 0 1.24431335995905 1.18525767326355 1.13085803505965 1.22099697124213 0.984241875587031 1.68246014858596 1.73501469939947 1.83845922606997 1.22414956823923 1.51361016533338 1.15703059453517 1.23742786538787 0.951008230447769 1.74645336647518 1.32801476074383 1.16333018313162 1.56484290934168 1.71878365986049
1.72125382698141 1.45278566260822 1.37451603123918 1.15533354668878 1.11528481752612 1.36788264336064 1.33196112397127 1.57174135441892 0.998058841796592 1.44430986791849 1.18808859330602 1.24431335995905 0 1.05861775274388 1.24253368075006 1.26744446228258 0.957838820992038 1.02153214043938 1.7488248583395 1.72255410323851 1.66306945774704 1.3428973457776 1.25450907973573 1.86988495127298 1.29765737964772 1.81539960554801 1.22942997142673 0.992157804314047 1.20931224874221 1.03381284675561
1.27801642916165 1.04603969794698 1.11854873783886 1.04541917797178 1.43221221701242 1.5907125021331 1.45384453423321 1.34636848513037 1.37945835269056 0.873869271948934 1.7918242237065 1.18525767326355 1.05861775274388 0 1.28872178634629 1.45751444809139 1.32307888101786 1.33646273310296 1.30350646656007 1.27298015053384 1.73565692966804 1.21531931590289 1.01735662319697 0.980228738393635 1.83781048911624 1.1851468142122 0.882053088862449 1.33536240109242 1.46795487287454 1.73645536764525
1.71319920709357 1.74300128617324 1.46964916633442 1.35086904186755 1.64402832882479 1.37748889508657 1.6852195749525 1.04240700206719 1.60594989568926 1.29663214413449 1.16118148108944 1.13085803505965 1.24253368075006 1.28872178634629 0 1.07375566381961 1.12757269944996 1.79581830394454 1.77304961928166 1.67124705016613 1.81417968450114 1.585139505798 1.12598110619001 1.23566776071675 0.878895161207765 1.31434970977716 1.12750065466389 1.32762656686828 1.64556082896888 1.40717146848328
0.882247330853716 1.19301979476586 1.66201024875045 1.12537607830018 1.17353911045939 0.968620582018048 1.31112015200779 1.716054613702 1.85940956277773 1.4847573901061 1.35979349212721 1.22099697124213 1.26744446228258 1.45751444809139 1.07375566381961 0 0.90057125966996 1.61285881139338 1.79124825634062 1.66304710903205 0.942797883413732 0.95741645176895 1.58898518048227 1.34387950319797 1.30173647939228 1.36954670608975 1.26222541136667 1.64452080219053 1.64481075829826 1.73931407858618
1.71129859169014 1.35156018240377 1.79619635245763 0.98643720173277 1.52266225568019 1.33547323476523 1.0200768543873 1.68550202529877 1.31277604098432 1.78728612163104 1.55857233167626 0.984241875587031 0.957838820992038 1.32307888101786 1.12757269944996 0.90057125966996 0 1.82227389398031 1.07673332304694 1.04910463001579 0.942603044211864 0.967314368812367 1.72320686327294 1.68336420576088 1.16250920318998 1.22450698143803 1.14027164154686 1.69771302770823 1.84617140004411 1.67914819857106
1.19689177395776 1.34818108985201 1.63748474186286 1.40858884551562 1.69025859911926 1.84727666992694 1.45208507007919 1.64148023654707 1.47153672296554 0.979625663952902 1.75891806907021 1.68246014858596 1.02153214043938 1.33646273310296 1.79581830394454 1.61285881139338 1.82227389398031 0 1.47068749857135 0.989336754195392 1.20630139508285 1.26435352442786 1.34489521663636 1.42829634109512 1.39667927776463 1.55481169279665 1.56936607393436 1.68513772147708 1.65254231821746 1.42529312078841
1.53703538584523 1.81862574745901 1.45487050595693 1.2329260352999 1.12392296502367 1.51553875673562 1.12615056312643 1.31618468137458 1.82841660128906 0.903895322466269 1.5532144990284 1.73501469939947 1.7488248583395 1.30350646656007 1.77304961928166 1.79124825634062 1.07673332304694 1.47068749857135 0 1.10566656803712 1.480461623054 1.63431768910959 1.74438117491081 1.74325594957918 1.7261617409531 1.70295996544883 1.68279611761682 1.85756089305505 0.984967958182096 1.36978694517165
1.65271027293056 0.955788197927177 1.32878328347579 1.50561723508872 1.6903817220591 0.872198287397623 0.989794545574114 1.85873185028322 1.35807131533511 1.85065854410641 1.81537574226968 1.83845922606997 1.72255410323851 1.27298015053384 1.67124705016613 1.66304710903205 1.04910463001579 0.989336754195392 1.10566656803712 0 1.32951600337401 1.78927741525695 1.78123157704249 1.61061438801698 1.57795186177827 1.52697902033105 1.85687268106267 0.896739952499047 1.05738210701384 1.01474050898105
1.43974432884715 1.06024345662445 0.890447090379894 1.28978943522088 1.26616443833336 1.80036656814627 1.38487068167888 1.67153014033101 1.38487882423215 1.04886103398167 1.12464087922126 1.22414956823923 1.66306945774704 1.73565692966804 1.81417968450114 0.942797883413732 0.942603044211864 1.20630139508285 1.480461623054 1.32951600337401 0 1.21841959632002 1.38503989926539 1.42532961233519 1.1327940535266 1.0143665925134 1.61930040828884 1.66457067895681 1.24068661523052 1.4180174684152
1.09111076872796 1.26843641186133 0.978617274202406 1.59229404921643 1.41207923996262 1.18776305066422 1.49213943560608 1.12187648168765 1.30195653648116 1.182915719226 1.25988022657111 1.51361016533338 1.3428973457776 1.21531931590289 1.585139505798 0.95741645176895 0.967314368812367 1.26435352442786 1.63431768910959 1.78927741525695 1.21841959632002 0 1.37083296570927 0.981810924131423 1.61029202933423 1.35428775660694 1.43106749234721 1.63561498583294 1.85426385863684 1.66892950143665
1.49182494636625 1.38060161937028 1.23283896478824 1.84216580097564 1.59979839343578 1.77337443735451 1.26054607215337 1.23334153345786 1.76513843634166 1.44062696001492 1.43291842960753 1.15703059453517 1.25450907973573 1.01735662319697 1.12598110619001 1.58898518048227 1.72320686327294 1.34489521663636 1.74438117491081 1.78123157704249 1.38503989926539 1.37083296570927 0 1.45644755102694 1.82371738296933 1.60211752983741 1.46485385042615 1.5370210534893 1.53357156482525 1.83791278116405
1.84101739223115 0.881266351090744 1.39872622978874 1.03151516523212 1.32198581844568 1.50358946761116 1.17073547723703 1.024910610402 1.21830427530222 1.4666093736887 0.947089690947905 1.23742786538787 1.86988495127298 0.980228738393635 1.23566776071675 1.34387950319797 1.68336420576088 1.42829634109512 1.74325594957918 1.61061438801698 1.42532961233519 0.981810924131423 1.45644755102694 0 1.0712225320749 1.62384940427728 1.57910390966572 1.62354886461981 1.54506664536893 1.38422951055691
1.76959449541755 1.3305512892548 1.09317348431796 1.31387891899794 1.22703966824338 1.18789485958405 1.49825811758637 1.36591319786385 1.67336158920079 1.05953924800269 1.33205811027437 0.951008230447769 1.29765737964772 1.83781048911624 0.878895161207765 1.30173647939228 1.16250920318998 1.39667927776463 1.7261617409531 1.57795186177827 1.1327940535266 1.61029202933423 1.82371738296933 1.0712225320749 0 1.3097046003677 1.84711685334332 0.98875714186579 1.58235398307443 1.63629465550184
1.75562328426167 1.25541631458327 1.48419496743008 1.39233533479273 1.33215839928016 1.50064314436167 1.54554684786126 1.16521050827578 1.2200073574204 1.82834375975654 1.83445736183785 1.74645336647518 1.81539960554801 1.1851468142122 1.31434970977716 1.36954670608975 1.22450698143803 1.55481169279665 1.70295996544883 1.52697902033105 1.0143665925134 1.35428775660694 1.60211752983741 1.62384940427728 1.3097046003677 0 1.20406168117188 1.81852123932913 1.55295818066224 1.80532502895221
1.6350964710582 1.44935093866661 1.09046868234873 1.16421737312339 0.903548581525683 1.57370573864318 0.874609069898725 1.70259561063722 1.50166868488304 1.53726079268381 1.81484044087119 1.32801476074383 1.22942997142673 0.882053088862449 1.12750065466389 1.26222541136667 1.14027164154686 1.56936607393436 1.68279611761682 1.85687268106267 1.61930040828884 1.43106749234721 1.46485385042615 1.57910390966572 1.84711685334332 1.20406168117188 0 1.48647986166179 1.33074835478328 1.29066594014876
1.72011766512878 1.72205710411072 1.03567167627625 1.776312276721 1.681513923686 1.04925020202063 1.87070069415495 1.10472574294545 1.12080464651808 1.50331129785627 1.24469159869477 1.16333018313162 0.992157804314047 1.33536240109242 1.32762656686828 1.64452080219053 1.69771302770823 1.68513772147708 1.85756089305505 0.896739952499047 1.66457067895681 1.63561498583294 1.5370210534893 1.62354886461981 0.98875714186579 1.81852123932913 1.48647986166179 0 1.32300708931871 1.81677465187386
0.983490881277248 1.53045902983285 1.38227190030739 1.29142306395806 1.67189120827243 1.66156745236367 1.76564927003346 0.904215852729976 1.15091274934821 0.939835997764021 1.01030792202801 1.56484290934168 1.20931224874221 1.46795487287454 1.64556082896888 1.64481075829826 1.84617140004411 1.65254231821746 0.984967958182096 1.05738210701384 1.24068661523052 1.85426385863684 1.53357156482525 1.54506664536893 1.58235398307443 1.55295818066224 1.33074835478328 1.32300708931871 0 1.45914985612035
1.01777875167318 1.44822613219731 1.35812294762582 0.951534488936886 1.00035955640487 1.39373802486807 1.6955194901675 1.6398811605759 1.86091517121531 0.934386841952801 1.31133113056421 1.71878365986049 1.03381284675561 1.73645536764525 1.40717146848328 1.73931407858618 1.67914819857106 1.42529312078841 1.36978694517165 1.01474050898105 1.4180174684152 1.66892950143665 1.83791278116405 1.38422951055691 1.63629465550184 1.80532502895221 1.29066594014876 1.81677465187386 1.45914985612035 0
