0 1.43990518990904 1.38053631968796 1.7305583381094 1.76082549314015 1.10654559568502 1.73089440516196 1.8331001943443 1.7267408578191 1.80987970228307 1.24519360810518 1.33354452159256 0.953522345516831 0.951350821414962 0.995581407332793 1.6933748004958 1.78550050547346 1.11382038565353 1.26369230914861 1.57747601438314 1.51881197583862 1.12978819990531 1.24863319401629 1.50887427083217 1.43506479240023 1.27293061651289 1.82364082382992 1.55126791726798 1.7547094237525 1.30102554312907
1.43990518990904 0 1.52668892336078 1.86744658276439 1.04597911401652 1.06745074782521 1.59569159569219 1.82000506762415 1.62926866393536 0.994972186163068 1.2462461842224 1.46689037652686 1.13212267169729 1.36216096975841 1.64410500740632 0.946535042487085 1.53857722179964 1.75347569026053 1.33429764630273 1.33869143901393 1.47587428824045 1.55649798456579 1.81075354409404 1.58240848057903 1.49227787833661 1.12367903953418 1.11190087092109 1.11520213610493 1.60738298133947 1.22511735185981
1.38053631968796 1.52668892336078 0 1.05989641021006 1.81280410848558 1.38878265116364 1.89705599704757 1.84056045417674 1.78608839795925 0.989392811665311 1.59011234552599 0.968758899485692 1.78102654544637 0.990295533789322 1.35771190770902 1.55987874930725 1.57646740996279 1.4442816239316 1.41609705309384 1.78429712960497 1.24881480331533 0.935073263011873 1.45849741832353 1.3490871861577 1.71297898376361 1.12875491869636 1.54692693473771 1.30393667146564 1.34316782210954 1.08307090518065
1.7305583381094 1.86744658276439 1.05989641021006 0 1.81863614008762 1.58253077999689 1.76322380872443 1.81074283993803 1.40779615612701 1.84041333431378 1.79073219560087 1.51152530312538 1.84251451608725 1.40905158477835 1.76078770123422 1.07922359043732 1.55593707761727 1.5473854932934 1.63828243594617 1.39929232047871 1.82929415605031 1.3963600336574 1.49173498968594 1.85142222163267 1.57742127985694 1.08256248012185 1.76616633497179 1.80541866947897 1.23180081136525 1.24976786482148
1.76082549314015 1.04597911401652 1.81280410848558 1.81863614008762 0 1.58928012778051 1.89251269050874 1.25854563666508 1.38919753883965 0.923045489005744 1.085960266646 1.36372131179087 1.41081742406823 1.00702725281008 1.18078002729453 0.981427075108513 1.87466579978354 1.42248228495009 1.42022006376646 1.8928336694371 1.15698310919106 1.14583901269361 1.16643176251091 1.13796683726832 1.33562439703383 0.942213164642453 1.77417924092151 1.49101665988564 1.64348499034531 1.44979515927844
1.10654559568502 1.06745074782521 1.38878265116364 1.58253077999689 1.58928012778051 0 1.8437355956994 1.11031287186779 1.3350337955635 1.72647991101258 1.40985593968071 0.971502313390374 1.50132164708339 1.61892975564115 1.12719806306995 1.15651753894053 1.21322825970128 1.49704747181386 0.935065156081691 1.13418645854108 1.06964648421854 1.50104106683284 1.6535594270099 0.957891736412421 1.51306534744799 1.51320177572779 1.0091929291375 1.03566812467761 1.4031837740913 1.08425603783689
1.73089440516196 1.59569159569219 1.89705599704757 1.76322380872443 1.89251269050874 1.8437355956994 0 1.57222548057325 1.27172822086141 1.16206698142923 1.62355797854252 1.2316921283491 1.18319407338277 0.991293262224644 0.9160128866788 1.32481411402114 1.07861687219702 1.16514319949783 1.14910583593883 1.32690463471226 1.63711220538244 1.866686782334 1.00900418660603 1.43623775849119 1.78319403599016 1.89114431687631 1.8827604977414 1.29384096059948 1.42882944201119 1.08305871719494
1.8331001943443 1.82000506762415 1.84056045417674 1.81074283993803 1.25854563666508 1.11031287186779 1.57222548057325 0 1.50821290328167 1.17882267152891 1.38005003100261 1.84289955650456 1.2309055426158 1.470267359633 1.39343267004006 1.76700447313488 1.78823316586204 1.30476289684884 1.35857973690145 1.90926590445451 0.971419314155355 1.7060307613574 1.59289539675228 1.47582664503716 1.09121925849468 0.948538749478757 1.74038737267256 1.39724255749024 1.50136399175972 1.36119317659177
1.7267408578191 1.62926866393536 1.78608839795925 1.40779615612701 1.38919753883965 1.3350337955635 1.27172822086141 1.50821290328167 0 1.42639121273533 0.978945055743679 1.52449938072823 1.61117259203456 1.09433152666315 1.07811438618228 1.52355048432946 1.48827757546678 1.72754591633566 1.71252514165826 1.04450157471001 1.54630659101531 1.29419798380695 1.15097292140126 1.8624763097614 1.58948992448859 1.39424392743967 1.85527139459737 1.19123516837135 1.85628171381541 1.47376353736036
1.80987970228307 0.994972186163068 0.989392811665311 1.84041333431378 0.923045489005744 1.72647991101258 1.16206698142923 1.17882267152891 1.42639121273533 0 1.76816899306141 1.13680396927521 1.1164076635614 1.43673551362008 1.3980483955238 1.39133614371531 1.04743709764443 1.75228330097161 1.54080894030631 1.40513910818845 1.90203078137711 0.972479078918695 1.5936094482895 1.90268681012094 1.63760034320876 1.4224298375193 0.987412257585675 0.988232775358483 1.74891760316677 1.43546173255891
1.24519360810518 1.2462461842224 1.59011234552599 1.79073219560087 1.085960266646 1.40985593968071 1.62355797854252 1.38005003100261 0.978945055743679 1.76816899306141 0 1.37595773651265 1.74472106737085 1.02366362418979 1.58608101122081 1.63727619219571 1.29354652459733 1.56649594008923 0.93443038337864 1.2745450460352 1.65904625342228 1.2319805463776 1.83354642195627 1.73062474280596 1.78258471866138 1.80716370441951 1.47824293142185 1.50502942409366 1.25226393039338 1.23681949893944
1.33354452159256 1.46689037652686 0.968758899485692 1.51152530312538 1.36372131179087 0.971502313390374 1.2316921283491 1.84289955650456 1.52449938072823 1.13680396927521 1.37595773651265 0 1.77254005079158 1.00079436344095 1.82333961944096 1.63601940916851 1.21601558686234 1.9110564137809 1.72337436280213 1.66343001462519 1.17330849426799 1.51118638366461 1.58881550678052 0.920715059386566 0.951054850360379 1.21582575654611 1.54704373446293 1.46164562506601 1.32852231874131 1.04620898724534
0.953522345516831 1.13212267169729 1.78102654544637 1.84251451608725 1.41081742406823 1.50132164708339 1.18319407338277 1.2309055426158 1.61117259203456 1.1164076635614 1.74472106737085 1.77254005079158 0 1.2783900948707 1.82188579300418 1.14321932685561 1.8296412602067 0.95368334883824 1.69101627380587 1.16468859696761 1.80575712444261 1.71442024689168 1.65792741230689 1.55714554036967 1.50877330079675 1.21216901950538 1.19845262425952 0.986356803448871 1.45851178234443 1.46729057305492
0.951350821414962 1.36216096975841 0.990295533789322 1.40905158477835 1.00702725281008 1.61892975564115 0.991293262224644 1.470267359633 1.09433152666315 1.43673551362008 1.02366362418979 1.00079436344095 1.2783900948707 0 1.75717865419574 1.01541578141041 1.59945725346915 1.24073518672958 1.44113216013648 1.75445790681988 1.64452252513729 1.57623322191648 1.31928603071719 1.48824423435144 1.08038909966126 1.12228020443581 1.21186968614347 1.69280231464654 1.22098142537288 1.89441192452796
0.995581407332793 1.64410500740632 1.35771190770902 1.76078770123422 1.18078002729453 1.12719806306995 0.9160128866788 1.39343267004006 1.07811438618228 1.3980483955238 1.58608101122081 1.82333961944096 1.82188579300418 1.75717865419574 0 1.60102910059504 1.74565255246125 1.82498266035691 1.29324438399635 0.937911315821111 1.47273076511919 1.38695741281845 1.4544514240697 1.67030400922522 1.56479316647165 1.11889767134562 1.63407625397667 1.04203181783669 1.85245745792054 1.11346355150454
1.6933748004958 0.946535042487085 1.55987874930725 1.07922359043732 0.981427075108513 1.15651753894053 1.32481411402114 1.76700447313488 1.52355048432946 1.39133614371531 1.63727619219571 1.63601940916851 1.14321932685561 1.01541578141041 1.60102910059504 0 1.16706654243171 0.917560830945149 1.77594467811286 1.73773183906451 0.95058511197567 1.39545618160628 1.0004165826831 1.82708234991878 1.7093679162208 1.57049242337234 1.03642719704658 1.19708591117524 1.42133537586778 1.06680232845247
1.78550050547346 1.53857722179964 1.57646740996279 1.55593707761727 1.87466579978354 1.21322825970128 1.07861687219702 1.78823316586204 1.48827757546678 1.04743709764443 1.29354652459733 1.21601558686234 1.8296412602067 1.59945725346915 1.74565255246125 1.16706654243171 0 1.69481805386022 1.11711948574521 1.3987771847751 1.23435665364377 1.89183794194832 1.60529217985459 1.65824369178154 1.45508674182929 1.48932562861592 1.43854981125332 1.05748053197749 1.39349919185042 1.09346013353206
1.11382038565353 1.75347569026053 1.4442816239316 1.5473854932934 1.42248228495009 1.49704747181386 1.16514319949783 1.30476289684884 1.72754591633566 1.75228330097161 1.56649594008923 1.9110564137809 0.95368334883824 1.24073518672958 1.82498266035691 0.917560830945149 1.69481805386022 0 1.57768971542828 1.01208968111314 1.38796032918617 1.11019236058928 1.60131391719915 1.28105162130669 0.985463625518605 1.77966061607003 1.89592847018503 1.52041817875579 1.13277698261663 1.23529911227524
1.26369230914861 1.33429764630273 1.41609705309384 1.63828243594617 1.42022006376646 0.935065156081691 1.14910583593883 1.35857973690145 1.71252514165826 1.54080894030631 0.93443038337864 1.72337436280213 1.69101627380587 1.44113216013648 1.29324438399635 1.77594467811286 1.11711948574521 1.57768971542828 0 1.66395414015278 1.88200194435194 1.82874752534553 1.01152139855549 1.65054329414852 1.53607361530885 1.34789323899895 1.5906178986188 1.18387253466062 1.66406388324685 1.67878161789849
1.57747601438314 1.33869143901393 1.78429712960497 1.39929232047871 1.8928336694371 1.13418645854108 1.32690463471226 1.90926590445451 1.04450157471001 1.40513910818845 1.2745450460352 1.66343001462519 1.16468859696761 1.75445790681988 0.937911315821111 1.73773183906451 1.3987771847751 1.01208968111314 1.66395414015278 0 0.937846590299159 1.82787083112635 1.36703854938969 1.45186195522547 1.85533568216488 1.37518095690757 1.16751664411277 1.72634740360081 0.943157149478793 1.1450666654855
1.51881197583862 1.47587428824045 1.24881480331533 1.82929415605031 1.15698310919106 1.06964648421854 1.63711220538244 0.971419314155355 1.54630659101531 1.90203078137711 1.65904625342228 1.17330849426799 1.80575712444261 1.64452252513729 1.47273076511919 0.95058511197567 1.23435665364377 1.38796032918617 1.88200194435194 0.937846590299159 0 1.44905629148707 1.39234527759254 1.83453594800085 1.38905278779566 1.41522403853014 0.919453006703407 0.937456807587296 1.78077476657927 1.83201858913526
1.12978819990531 1.55649798456579 0.935073263011873 1.3963600336574 1.14583901269361 1.50104106683284 1.866686782334 1.7060307613574 1.29419798380695 0.972479078918695 1.2319805463776 1.51118638366461 1.71442024689168 1.57623322191648 1.38695741281845 1.39545618160628 1.89183794194832 1.11019236058928 1.82874752534553 1.82787083112635 1.44905629148707 0 1.44848828297108 1.26399640063755 1.64083607145585 1.4981434433721 0.915102267637849 0.983872449258342 1.29149599303491 1.19415986374952
1.24863319401629 1.81075354409404 1.45849741832353 1.49173498968594 1.16643176251091 1.6535594270099 1.00900418660603 1.59289539675228 1.15097292140126 1.5936094482895 1.83354642195627 1.58881550678052 1.65792741230689 1.31928603071719 1.4544514240697 1.0004165826831 1.60529217985459 1.60131391719915 1.01152139855549 1.36703854938969 1.39234527759254 1.44848828297108 0 1.55139788845554 1.73941160133108 1.23685835907236 1.47851797775365 1.73008621763438 0.940570052945986 1.50936341425404
1.50887427083217 1.58240848057903 1.3490871861577 1.85142222163267 1.13796683726832 0.957891736412421 1.43623775849119 1.47582664503716 1.8624763097614 1.90268681012094 1.73062474280596 0.920715059386566 1.55714554036967 1.48824423435144 1.67030400922522 1.82708234991878 1.65824369178154 1.28105162130669 1.65054329414852 1.45186195522547 1.83453594800085 1.26399640063755 1.55139788845554 0 1.16975005739368 1.88193823746406 1.0042458048556 1.71626998810098 1.56588898343034 1.0042087554466
1.43506479240023 1.49227787833661 1.71297898376361 1.57742127985694 1.33562439703383 1.51306534744799 1.78319403599016 1.09121925849468 1.58948992448859 1.63760034320876 1.78258471866138 0.951054850360379 1.50877330079675 1.08038909966126 1.56479316647165 1.7093679162208 1.45508674182929 0.985463625518605 1.53607361530885 1.85533568216488 1.38905278779566 1.64083607145585 1.73941160133108 1.16975005739368 0 1.72622735518962 1.14523977227509 1.54285922064446 1.69073439086787 1.66092706471682
1.27293061651289 1.12367903953418 1.12875491869636 1.08256248012185 0.942213164642453 1.51320177572779 1.89114431687631 0.948538749478757 1.39424392743967 1.4224298375193 1.80716370441951 1.21582575654611 1.21216901950538 1.12228020443581 1.11889767134562 1.57049242337234 1.48932562861592 1.77966061607003 1.34789323899895 1.37518095690757 1.41522403853014 1.4981434433721 1.23685835907236 1.88193823746406 1.72622735518962 0 1.00605394458398 1.12842053407803 1.88274852372706 1.10796179831959
1.82364082382992 1.11190087092109 1.54692693473771 1.76616633497179 1.77417924092151 1.0091929291375 1.8827604977414 1.74038737267256 1.85527139459737 0.987412257585675 1.47824293142185 1.54704373446293 1.19845262425952 1.21186968614347 1.63407625397667 1.03642719704658 1.43854981125332 1.89592847018503 1.5906178986188 1.16751664411277 0.919453006703407 0.915102267637849 1.47851797775365 1.0042458048556 1.14523977227509 1.00605394458398 0 1.54370035743341 1.25634611607529 1.88920343131758
1.55126791726798 1.11520213610493 1.30393667146564 1.80541866947897 1.49101665988564 1.03566812467761 1.29384096059948 1.39724255749024 1.19123516837135 0.988232775358483 1.50502942409366 1.46164562506601 0.986356803448871 1.69280231464654 1.04203181783669 1.19708591117524 1.05748053197749 1.52041817875579 1.18387253466062 1.72634740360081 0.937456807587296 0.983872449258342 1.73008621763438 1.71626998810098 1.54285922064446 1.12842053407803 1.54370035743341 0 1.0957902292721 1.47494245530106
1.7547094237525 1.60738298133947 1.34316782210954 1.23180081136525 1.64348499034531 1.4031837740913 1.42882944201119 1.50136399175972 1.85628171381541 1.74891760316677 1.25226393039338 1.32852231874131 1.45851178234443 1.22098142537288 1.85245745792054 1.42133537586778 1.39349919185042 1.13277698261663 1.66406388324685 0.943157149478793 1.78077476657927 1.29149599303491 0.940570052945986 1.56588898343034 1.69073439086787 1.88274852372706 1.25634611607529 1.0957902292721 0 1.79867354151793
1.30102554312907 1.22511735185981 1.08307090518065 1.24976786482148 1.44979515927844 1.08425603783689 1.08305871719494 1.36119317659177 1.47376353736036 1.43546173255891 1.23681949893944 1.04620898724534 1.46729057305492 1.89441192452796 1.11346355150454 1.06680232845247 1.09346013353206 1.23529911227524 1.67878161789849 1.1450666654855 1.83201858913526 1.19415986374952 1.50936341425404 1.0042087554466 1.66092706471682 1.10796179831959 1.88920343131758 1.47494245530106 1.79867354151793 0
