0 1.0083846 0.99357027 1.0377234 1.0118452 1.0176488 1.015322 1.0234975 0.99885464 0.99999183 1.0064689 0.99169195 0.89601207 1.018426 1.01069 1.0317632 1.0262426 1.019204 1.0199828 0.8940332 0.8897634 1.0076177 1.000751 1.0072346 1.0015109 1.0199828 1.0157093 1.0176488 0.92154074 0.8970035
1.0083846 0 1.0053219 0.55402696 0.99281836 0.62996036 0.62741685 0.5446661 0.9931942 0.99056727 0.99545324 0.79310274 1.000751 0.21203749 0.20793585 0.5426017 0.55131066 0.7867954 0.78337723 0.99885464 0.9943229 0.5459075 0.97941184 0.5448729 0.99357027 0.6311194 0.7791263 0.7799746 1.0110749 0.9853408
0.99357027 1.0053219 0 1.000751 0.19097567 1.0076177 1.0215429 1.0003713 0.18994439 0.19317186 0.19252525 1.0099207 1.0293922 1.0060863 1.0045581 0.9958304 0.99847597 1.0099207 0.9898184 1.0118452 1.0083846 0.99734104 0.3238568 1.002652 0.32047635 0.9962078 0.99545324 0.9931942 0.9939465 0.9977191
1.0377234 0.55402696 1.000751 0 0.9738958 0.6304238 0.6297288 0.18238215 0.9764649 0.9842255 0.9783054 0.77884376 1.0258498 0.5607553 0.556333 0.50070703 0.502073 0.7723746 0.7676286 1.0168724 1.0211525 0.18378629 0.9706055 0.18327539 0.9727974 0.6334428 0.76623845 0.7737762 1.018426 1.005704
1.0118452 0.99281836 0.19097567 0.9738958 0 1.0137748 1.0282096 0.98832285 0.17742492 0.1807261 0.1790737 0.99999183 1.0234975 0.99056727 0.98794943 0.99131685 0.99545324 0.99734104 0.9808897 1.0053219 1.0011308 0.98237044 0.32756203 0.9842255 0.32478142 1.0049399 0.99169195 0.99281836 0.98645765 0.9790429
1.0176488 0.62996036 1.0076177 0.6304238 1.0137748 0 0.13052699 0.6205234 1.01146 1.0215429 1.0188149 0.7726547 1.0099207 0.6362405 0.62903446 0.63251257 0.6334428 0.7687426 0.7701374 0.99545324 1.000751 0.6232732 0.99923354 0.61960906 1.0095364 0.2993141 0.7706961 0.76985824 1.0072346 1.0072346
1.015322 0.62741685 1.0215429 0.6297288 1.0282096 0.13052699 0 0.62373245 1.0137748 1.0234975 1.0231062 0.7799746 1.0164845 0.64045656 0.6311194 0.63019204 0.62903446 0.7791263 0.7734957 0.9931942 0.9980974 0.6255724 1.0087683 0.62465185 1.019204 0.302301 0.778279 0.7779968 1.0083846 1.0041765
1.0234975 0.5446661 1.0003713 0.18238215 0.98832285 0.6205234 0.62373245 0 0.9894442 0.9969631 0.99847597 0.77209455 1.0049399 0.54694355 0.54528654 0.4946876 0.49817687 0.7693002 0.76651627 0.99169195 0.9946995 0.12459997 0.9637064 0.12389187 0.97316337 0.6164175 0.7726547 0.7743376 1.0034139 0.98832285
0.99885464 0.9931942 0.18994439 0.9764649 0.17742492 1.01146 1.0137748 0.9894442 0 0.113466084 0.11183919 1.0076177 1.0122308 0.9962078 0.99131685 0.98125964 0.9827411 1.0068517 0.990942 0.9943229 0.9943229 0.9746289 0.32078305 0.9808897 0.31925085 1.0118452 0.99923354 0.99658537 0.99357027 0.9831119
0.99999183 0.99056727 0.19317186 0.9842255 0.1807261 1.0215429 1.0234975 0.9969631 0.113466084 0 0.10975263 1.018426 1.0329514 1.002652 0.9872032 0.9827411 0.98794943 1.0110749 0.9950763 1.0103053 1.0087683 0.9783054 0.32570714 0.98496884 0.32185742 1.0037951 0.9977191 1.0041765 1.0037951 0.9943229
1.0064689 0.99545324 0.19252525 0.9783054 0.1790737 1.0188149 1.0231062 0.99847597 0.11183919 0.10975263 0 1.0207624 1.0188149 1.0034139 0.9931942 0.9946995 1.0003713 1.014548 0.9980974 1.0060863 1.0053219 0.98645765 0.32632494 0.9894442 0.32493562 1.0176488 1.0122308 1.0091523 0.9962078 0.98907024
0.99169195 0.79310274 1.0099207 0.77884376 0.99999183 0.7726547 0.7799746 0.77209455 1.0076177 1.018426 1.0207624 0 1.0083846 0.7902292 0.7905161 0.7853693 0.7890828 0.36826724 0.3619216 0.9920673 0.9946995 0.7609791 0.9920673 0.76374257 1.0037951 0.7836615 0.47089422 0.47483912 1.0219333 1.0037951
0.89601207 1.000751 1.0293922 1.0258498 1.0234975 1.0099207 1.0164845 1.0049399 1.0122308 1.0329514 1.0188149 1.0083846 0 1.0195932 1.0227151 1.0041765 1.005704 1.0238891 1.0254573 0.09872133 0.0983792 1.0003713 1.015322 1.0034139 1.0037951 1.0091523 1.0274222 1.0068517 0.6539662 0.63881415
1.018426 0.21203749 1.0060863 0.5607553 0.99056727 0.6362405 0.64045656 0.54694355 0.9962078 1.002652 1.0034139 0.7902292 1.0195932 0 0.09190826 0.5521454 0.56202364 0.7836615 0.7774327 1.0199828 1.0176488 0.55006033 0.98125964 0.5481887 1.0022715 0.63414127 0.7802575 0.7862246 1.0278157 1.0099207
1.01069 0.20793585 1.0045581 0.556333 0.98794943 0.62903446 0.6311194 0.54528654 0.99131685 0.9872032 0.9931942 0.7905161 1.0227151 0.09190826 0 0.5444594 0.5531901 0.77546155 0.77041674 1.0188149 1.0168724 0.5475659 0.9727974 0.5471509 1.000751 0.6374092 0.7726547 0.7791263 1.0223241 1.0045581
1.0317632 0.5426017 0.9958304 0.50070703 0.99131685 0.63251257 0.63019204 0.4946876 0.98125964 0.9827411 0.9946995 0.7853693 1.0041765 0.5521454 0.5444594 0 0.064822294 0.778279 0.7712552 0.98683035 0.9946995 0.4943009 0.9768326 0.4958489 0.98794943 0.6244219 0.78195757 0.778279 1.0122308 1.002652
1.0262426 0.55131066 0.99847597 0.502073 0.99545324 0.6334428 0.62903446 0.49817687 0.9827411 0.98794943 1.0003713 0.7890828 1.005704 0.56202364 0.5531901 0.064822294 0 0.78508437 0.77405685 0.9924427 1.0003713 0.5001224 0.9775687 0.5030502 0.99734104 0.6228142 0.7902292 0.78110707 1.0199828 1.0087683
1.019204 0.7867954 1.0099207 0.7723746 0.99734104 0.7687426 0.7791263 0.7693002 1.0068517 1.0110749 1.014548 0.36826724 1.0238891 0.7836615 0.77546155 0.778279 0.78508437 0 0.06536763 1.0103053 1.01146 0.75603044 0.98237044 0.7598766 0.9958304 0.78195757 0.46790242 0.46958384 1.0211525 1.0157093
1.0199828 0.78337723 0.9898184 0.7676286 0.9808897 0.7701374 0.7734957 0.76651627 0.990942 0.9950763 0.9980974 0.3619216 1.0254573 0.7774327 0.77041674 0.7712552 0.77405685 0.06536763 0 1.0091523 1.0095364 0.7554826 0.9658782 0.75960124 0.9783054 0.7799746 0.466411 0.46939683 1.0215429 1.0126165
0.8940332 0.99885464 1.0118452 1.0168724 1.0053219 0.99545324 0.9931942 0.99169195 0.9943229 1.0103053 1.0060863 0.9920673 0.09872133 1.0199828 1.0188149 0.98683035 0.9924427 1.0103053 1.0091523 0 0.025943583 0.99169195 0.99999183 0.9950763 0.9924427 0.9958304 1.0219333 0.99885464 0.65516293 0.6376432
0.8897634 0.9943229 1.0083846 1.0211525 1.0011308 1.000751 0.9980974 0.9946995 0.9943229 1.0087683 1.0053219 0.9946995 0.0983792 1.0176488 1.0168724 0.9946995 1.0003713 1.01146 1.0095364 0.025943583 0 0.9969631 1.0011308 1.0003713 0.9901927 0.99885464 1.0168724 1.0003713 0.65492344 0.63834554
1.0076177 0.5459075 0.99734104 0.18378629 0.98237044 0.6232732 0.6255724 0.12459997 0.9746289 0.9783054 0.98645765 0.7609791 1.0003713 0.55006033 0.5475659 0.4943009 0.5001224 0.75603044 0.7554826 0.99169195 0.9969631 0 0.9644296 0.024392394 0.97978103 0.6221262 0.7618071 0.7701374 0.99999183 0.982
1.000751 0.97941184 0.3238568 0.9706055 0.32756203 0.99923354 1.0087683 0.9637064 0.32078305 0.32570714 0.32632494 0.9920673 1.015322 0.98125964 0.9727974 0.9768326 0.9775687 0.98237044 0.9658782 0.99999183 1.0011308 0.9644296 0 0.96841997 0.3284912 1.0103053 0.98757625 1.0095364 1.0164845 0.9924427
1.0072346 0.5448729 1.002652 0.18327539 0.9842255 0.61960906 0.62465185 0.12389187 0.9808897 0.98496884 0.9894442 0.76374257 1.0034139 0.5481887 0.5471509 0.4958489 0.5030502 0.7598766 0.75960124 0.9950763 1.0003713 0.024392394 0.96841997 0 0.9838541 0.6216679 0.76707226 0.77405685 1.0053219 0.9808897
1.0015109 0.99357027 0.32047635 0.9727974 0.32478142 1.0095364 1.019204 0.97316337 0.31925085 0.32185742 0.32493562 1.0037951 1.0037951 1.0022715 1.000751 0.98794943 0.99734104 0.9958304 0.9783054 0.9924427 0.9901927 0.97978103 0.3284912 0.9838541 0 1.0011308 1.0045581 1.0118452 0.9962078 0.9816297
1.0199828 0.6311194 0.9962078 0.6334428 1.0049399 0.2993141 0.302301 0.6164175 1.0118452 1.0037951 1.0176488 0.7836615 1.0091523 0.63414127 0.6374092 0.6244219 0.6228142 0.78195757 0.7799746 0.9958304 0.99885464 0.6221262 1.0103053 0.6216679 1.0011308 0 0.77715075 0.7867954 1.0168724 1.0122308
1.0157093 0.7791263 0.99545324 0.76623845 0.99169195 0.7706961 0.778279 0.7726547 0.99923354 0.9977191 1.0122308 0.47089422 1.0274222 0.7802575 0.7726547 0.78195757 0.7902292 0.46790242 0.466411 1.0219333 1.0168724 0.7618071 0.98757625 0.76707226 1.0045581 0.77715075 0 0.26266474 1.0172604 1.0160967
1.0176488 0.7799746 0.9931942 0.7737762 0.99281836 0.76985824 0.7779968 0.7743376 0.99658537 1.0041765 1.0091523 0.47483912 1.0068517 0.7862246 0.7791263 0.778279 0.78110707 0.46958384 0.46939683 0.99885464 1.0003713 0.7701374 1.0095364 0.77405685 1.0118452 0.7867954 0.26266474 0 0.9943229 0.9801504
0.92154074 1.0110749 0.9939465 1.018426 0.98645765 1.0072346 1.0083846 1.0034139 0.99357027 1.0037951 0.9962078 1.0219333 0.6539662 1.0278157 1.0223241 1.0122308 1.0199828 1.0211525 1.0215429 0.65516293 0.65492344 0.99999183 1.0164845 1.0053219 0.9962078 1.0168724 1.0172604 0.9943229 0 0.21709608
0.8970035 0.9853408 0.9977191 1.005704 0.9790429 1.0072346 1.0041765 0.98832285 0.9831119 0.9943229 0.98907024 1.0037951 0.63881415 1.0099207 1.0045581 1.002652 1.0087683 1.0157093 1.0126165 0.6376432 0.63834554 0.982 0.9924427 0.9808897 0.9816297 1.0122308 1.0160967 0.9801504 0.21709608 0
