0 1.00741557333 1.02485367333 1.00245247333 0.66039117333 0.66961167333 0.99752201333 0.99074824333 1.00626727333 0.46510352333 0.47144997333 0.66183957333 0.47088785333 0.46547537333 0.46454609333 1.00779867333 1.00169187333 1.00321387333 1.00435747333 0.99790007333 0.99752201333 1.00397607333 0.67574013333 1.00397607333 1.00093197333 1.01899587333 1.00703267333 0.46621957333 0.47955410333 1.01202617333
1.00741557333 0 0.37238009333 0.37402447333 0.99488047333 0.98477807333 0.40855397333 0.40838159333 0.41582883333 0.99563421333 0.99601137333 1.00359487333 0.99714407333 1.00588497333 1.00550287333 0.40614460333 0.40374295333 0.39845223333 0.39981399333 0.40838159333 0.40648831333 0.39455081333 1.01472897333 0.39455081333 0.41062532333 0.30353017333 0.36210257333 0.98218097333 0.99375124333 0.16131453333
1.02485367333 0.37238009333 0 0.12324756333 1.01550297333 1.01356947333 0.41010694333 0.40855397333 0.41495907333 1.02446177333 1.02603077333 1.04632917333 1.02681647333 1.03432247333 1.03233997333 0.41200940333 0.40924377333 0.40322931333 0.40254499333 0.41079817333 0.41097109333 0.40169049333 1.04391247333 0.40169049333 0.40220309333 0.37221585333 0.26697324333 1.01048627333 1.02720977333 0.37221585333
1.00245247333 0.37402447333 0.12324756333 0 1.01511587333 1.01164097333 0.40924377333 0.40631644333 0.41356955333 1.01279747333 1.00703267333 1.02878457333 1.00703267333 1.02603077333 1.02211427333 0.41010694333 0.40683220333 0.40220309333 0.40357171333 0.40993423333 0.40958891333 0.40134897333 1.03273607333 0.40134897333 0.40305817333 0.37435375333 0.27299161333 0.99790007333 1.00473907333 0.37616755333
0.66039117333 0.99488047333 1.01550297333 1.01511587333 0 0.12430880333 0.98070092333 0.97811787333 0.99224827333 0.66159797333 0.66304864333 0.47596241333 0.66159797333 0.66087367333 0.66208117333 1.01318337333 0.99903561333 1.00131177333 1.00207197333 1.00588497333 1.00473907333 1.00435747333 0.40666024333 1.00435747333 0.99224827333 1.00933327333 0.99865694333 0.66135647333 0.68216730333 1.01821827333
0.66961167333 0.98477807333 1.01356947333 1.01164097333 0.12430880333 0 0.97774967333 0.97664587333 0.99224827333 0.66425967333 0.67156727333 0.47539687333 0.67083330333 0.66232297333 0.66522993333 1.00933327333 0.99979354333 1.00359487333 1.00435747333 1.00856557333 1.00894927333 0.99790007333 0.40254499333 0.99752201333 0.99037367333 1.00283297333 0.99865694333 0.67156727333 0.68590052333 1.01666547333
0.99752201333 0.40855397333 0.41010694333 0.40924377333 0.98070092333 0.97774967333 0 0.10302005333 0.10669934333 1.00512087333 0.97774967333 1.00093197333 0.97627832333 1.01202617333 1.00779867333 0.26156933333 0.25916437333 0.27934880333 0.27992941333 0.25718955333 0.25704871333 0.27789925333 1.00894927333 0.27789925333 0.31227223333 0.41218257333 0.40271602333 0.97517670333 1.00933327333 0.40614460333
0.99074824333 0.40838159333 0.40855397333 0.40631644333 0.97811787333 0.97664587333 0.10302005333 0 0.10324948333 1.00741557333 0.96969287333 0.98999937333 0.97664587333 1.01511587333 1.01048627333 0.25831739333 0.25718955333 0.27992941333 0.28051047333 0.25409679333 0.25423707333 0.27789925333 0.99488047333 0.27789925333 0.31196907333 0.41582883333 0.40271602333 0.96896477333 1.00703267333 0.40924377333
1.00626727333 0.41582883333 0.41495907333 0.41356955333 0.99224827333 0.99224827333 0.10669934333 0.10324948333 0 1.01899587333 0.98552177333 1.00473907333 0.98738417333 1.02878457333 1.02603077333 0.26640255333 0.26369781333 0.28298497333 0.28444443333 0.26043663333 0.26043663333 0.28181950333 1.02603077333 0.28181950333 0.31227223333 0.41704823333 0.41270239333 0.98403507333 1.01627767333 0.41495907333
0.46510352333 0.99563421333 1.02446177333 1.01279747333 0.66159797333 0.66425967333 1.00512087333 1.00741557333 1.01899587333 0 0.44348500333 0.67254707333 0.44420774333 0.05579272333 0.05579272333 1.03075767333 1.02367847333 1.02760317333 1.03036257333 1.03870277333 1.03790437333 1.02603077333 0.67598630333 1.02603077333 1.02839057333 1.01666547333 1.02524597333 0.44565527333 0.22695633333 1.00207197333
0.47144997333 0.99601137333 1.02603077333 1.00703267333 0.66304864333 0.67156727333 0.97774967333 0.96969287333 0.98552177333 0.44348500333 0 0.66425967333 0.05235431933 0.43934284333 0.44168125333 1.00131177333 0.98999937333 0.99790007333 0.99790007333 0.99827837333 0.99752201333 1.00359487333 0.66766102333 1.00321387333 0.97664587333 0.99714407333 1.01241177333 0.23662510333 0.45623423333 1.00093197333
0.66183957333 1.00359487333 1.04632917333 1.02878457333 0.47596241333 0.47539687333 1.00093197333 0.98999937333 1.00473907333 0.67254707333 0.66425967333 0 0.66474463333 0.67205697333 0.67500207333 1.01589027333 1.01125587333 1.01010167333 1.01434217333 1.01627767333 1.01899587333 1.01048627333 0.46883024333 1.01048627333 0.99714407333 1.02407007333 1.01705337333 0.66256477333 0.68390717333 1.02839057333
0.47088785333 0.99714407333 1.02681647333 1.00703267333 0.66159797333 0.67083330333 0.97627832333 0.97664587333 0.98738417333 0.44420774333 0.05235431933 0.66474463333 0 0.44276297333 0.44294343333 1.00359487333 0.99262367333 1.00017280333 0.99903561333 0.99412747333 0.99337517333 1.00359487333 0.66450207333 1.00321387333 0.97627832333 0.99450387333 1.01279747333 0.23813429333 0.45715324333 1.00245247333
0.46547537333 1.00588497333 1.03432247333 1.02603077333 0.66087367333 0.66232297333 1.01202617333 1.01511587333 1.02878457333 0.05579272333 0.43934284333 0.67205697333 0.44276297333 0 0.02767896133 1.03790437333 1.03115297333 1.03511707333 1.03591237333 1.04915857333 1.04834917333 1.03631037333 0.67721847333 1.03631037333 1.03432247333 1.02407007333 1.03392567333 0.44438852333 0.22655053333 1.00894927333
0.46454609333 1.00550287333 1.03233997333 1.02211427333 0.66208117333 0.66522993333 1.00779867333 1.01048627333 1.02603077333 0.05579272333 0.44168125333 0.67500207333 0.44294343333 0.02767896133 0 1.03115297333 1.02407007333 1.03511707333 1.03710697333 1.04471717333 1.04391247333 1.03591237333 0.67697187333 1.03591237333 1.03392567333 1.02328717333 1.03233997333 0.44475023333 0.22573957333 1.00933327333
1.00779867333 0.40614460333 0.41200940333 0.41010694333 1.01318337333 1.00933327333 0.26156933333 0.25831739333 0.26640255333 1.03075767333 1.00131177333 1.01589027333 1.00359487333 1.03790437333 1.03115297333 0 0.02850929733 0.28036515333 0.28094657333 0.18729661333 0.18716830333 0.27717553333 1.03910217333 0.27732022333 0.31607203333 0.40993423333 0.41062532333 0.99149782333 1.02133347333 0.40717624333
1.00169187333 0.40374295333 0.40924377333 0.40683220333 0.99903561333 0.99979354333 0.25916437333 0.25718955333 0.26369781333 1.02367847333 0.98999937333 1.01125587333 0.99262367333 1.03115297333 1.02407007333 0.02850929733 0 0.27920372333 0.27978421333 0.18371177333 0.18358406333 0.27616347333 1.03075767333 0.27630795333 0.31485401333 0.40786479333 0.40855397333 0.98144061333 1.01395577333 0.40408557333
1.00321387333 0.39845223333 0.40322931333 0.40220309333 1.00131177333 1.00359487333 0.27934880333 0.27992941333 0.28298497333 1.02760317333 0.99790007333 1.01010167333 1.00017280333 1.03511707333 1.03511707333 0.28036515333 0.27920372333 0 0.01278631133 0.28080117333 0.28021989333 0.09764860333 1.03392567333 0.09742087733 0.31106035333 0.40186132333 0.40100757333 0.99941451333 1.01744137333 0.39964364333
1.00435747333 0.39981399333 0.40254499333 0.40357171333 1.00207197333 1.00435747333 0.27992941333 0.28051047333 0.28444443333 1.03036257333 0.99790007333 1.01434217333 0.99903561333 1.03591237333 1.03710697333 0.28094657333 0.27978421333 0.01278631133 0 0.28254772333 0.28196509333 0.09878824333 1.03750547333 0.09856017333 0.31136314333 0.40357171333 0.40237401333 1.00169187333 1.02172387333 0.40015484333
0.99790007333 0.40838159333 0.41079817333 0.40993423333 1.00588497333 1.00856557333 0.25718955333 0.25409679333 0.26043663333 1.03870277333 0.99827837333 1.01627767333 0.99412747333 1.04915857333 1.04471717333 0.18729661333 0.18371177333 0.28080117333 0.28254772333 0 0.00449334733 0.27746494333 1.02407007333 0.27746494333 0.31470187333 0.41774590333 0.40889877333 0.99488047333 1.02055347333 0.41079817333
0.99752201333 0.40648831333 0.41097109333 0.40958891333 1.00473907333 1.00894927333 0.25704871333 0.25423707333 0.26043663333 1.03790437333 0.99752201333 1.01899587333 0.99337517333 1.04834917333 1.04391247333 0.18716830333 0.18358406333 0.28021989333 0.28196509333 0.00449334733 0 0.27703087333 1.02524597333 0.27703087333 0.31394177333 0.41652537333 0.40734832333 0.99375124333 1.01938497333 0.40993423333
1.00397607333 0.39455081333 0.40169049333 0.40134897333 1.00435747333 0.99790007333 0.27789925333 0.27789925333 0.28181950333 1.02603077333 1.00359487333 1.01048627333 1.00359487333 1.03631037333 1.03591237333 0.27717553333 0.27616347333 0.09764860333 0.09878824333 0.27746494333 0.27703087333 0 1.02328717333 0.000381 0.30548077333 0.40528597333 0.39777227333 0.99827837333 1.02407007333 0.39692317333
0.67574013333 1.01472897333 1.04391247333 1.03273607333 0.40666024333 0.40254499333 1.00894927333 0.99488047333 1.02603077333 0.67598630333 0.66766102333 0.46883024333 0.66450207333 0.67721847333 0.67697187333 1.03910217333 1.03075767333 1.03392567333 1.03750547333 1.02407007333 1.02524597333 1.02328717333 0 1.02328717333 1.00588497333 1.03036257333 1.00933327333 0.66936750333 0.67820562333 1.02957317333
1.00397607333 0.39455081333 0.40169049333 0.40134897333 1.00435747333 0.99752201333 0.27789925333 0.27789925333 0.28181950333 1.02603077333 1.00321387333 1.01048627333 1.00321387333 1.03631037333 1.03591237333 0.27732022333 0.27630795333 0.09742087733 0.09856017333 0.27746494333 0.27703087333 0.000381 1.02328717333 0 0.30548077333 0.40528597333 0.39777227333 0.99827837333 1.02407007333 0.39692317333
1.00093197333 0.41062532333 0.40220309333 0.40305817333 0.99224827333 0.99037367333 0.31227223333 0.31196907333 0.31227223333 1.02839057333 0.97664587333 0.99714407333 0.97627832333 1.03432247333 1.03392567333 0.31607203333 0.31485401333 0.31106035333 0.31136314333 0.31470187333 0.31394177333 0.30548077333 1.00588497333 0.30548077333 0 0.41861890333 0.40357171333 0.96823727333 1.01472897333 0.40958891333
1.01899587333 0.30353017333 0.37221585333 0.37435375333 1.00933327333 1.00283297333 0.41218257333 0.41582883333 0.41704823333 1.01666547333 0.99714407333 1.02407007333 0.99450387333 1.02407007333 1.02328717333 0.40993423333 0.40786479333 0.40186132333 0.40357171333 0.41774590333 0.41652537333 0.40528597333 1.03036257333 0.40528597333 0.41861890333 0 0.36437432333 0.99979354333 1.00818207333 0.30442981333
1.00703267333 0.36210257333 0.26697324333 0.27299161333 0.99865694333 0.99865694333 0.40271602333 0.40271602333 0.41270239333 1.02524597333 1.01241177333 1.01705337333 1.01279747333 1.03392567333 1.03233997333 0.41062532333 0.40855397333 0.40100757333 0.40237401333 0.40889877333 0.40734832333 0.39777227333 1.00933327333 0.39777227333 0.40357171333 0.36437432333 0 0.98775722333 1.02799667333 0.36437432333
0.46621957333 0.98218097333 1.01048627333 0.99790007333 0.66135647333 0.67156727333 0.97517670333 0.96896477333 0.98403507333 0.44565527333 0.23662510333 0.66256477333 0.23813429333 0.44438852333 0.44475023333 0.99149782333 0.98144061333 0.99941451333 1.00169187333 0.99488047333 0.99375124333 0.99827837333 0.66936750333 0.99827837333 0.96823727333 0.99979354333 0.98775722333 0 0.45531635333 0.99112297333
0.47955410333 0.99375124333 1.02720977333 1.00473907333 0.68216730333 0.68590052333 1.00933327333 1.00703267333 1.01627767333 0.22695633333 0.45623423333 0.68390717333 0.45715324333 0.22655053333 0.22573957333 1.02133347333 1.01395577333 1.01744137333 1.02172387333 1.02055347333 1.01938497333 1.02407007333 0.67820562333 1.02407007333 1.01472897333 1.00818207333 1.02799667333 0.45531635333 0 1.01550297333
1.01202617333 0.16131453333 0.37221585333 0.37616755333 1.01821827333 1.01666547333 0.40614460333 0.40924377333 0.41495907333 1.00207197333 1.00093197333 1.02839057333 1.00245247333 1.00894927333 1.00933327333 0.40717624333 0.40408557333 0.39964364333 0.40015484333 0.41079817333 0.40993423333 0.39692317333 1.02957317333 0.39692317333 0.40958891333 0.30442981333 0.36437432333 0.99112297333 1.01550297333 0
