0 0.958345824 0.967345254 0.980497054 0.995010014 0.987532454 0.967345254 0.957630554 0.960854824 0.729987914 0.731837454 0.924758154 1.017513654 0.966259594 0.966621254 1.001804224 0.988276854 0.970611624 0.970247954 0.988276854 0.989394854 1.014422454 0.730779994 1.014808154 0.977921654 0.986417154 1.013651654 0.957273114 1.003702554 0.716648394
0.958345824 0 0.149081174 0.974989054 1.002942654 0.996514554 0.719245354 0.703287294 0.720547194 0.944518914 0.960495854 0.702015054 1.007895654 0.993133654 0.984191654 0.984932754 0.981234554 0.722634904 0.721851354 0.999910754 1.001804224 1.011728054 0.952642354 1.010192754 0.744644654 0.984191654 0.999910754 0.362333154 0.991635854 0.954776104
0.967345254 0.149081174 0 0.983081354 0.999532694 1.004463154 0.722373594 0.704306654 0.716648394 0.937177954 0.951577854 0.706349604 0.993133654 0.998777024 0.989767904 0.996891154 0.994634354 0.720807854 0.719765854 0.996138154 0.995010014 0.998022054 0.958345824 0.996138154 0.736614554 0.976453894 1.003322454 0.365086054 1.002562954 0.963012054
0.980497054 0.974989054 0.983081354 0 0.870963384 0.874154854 0.997267954 0.973892324 0.990141084 1.008277954 0.993508504 0.970247954 0.538225154 0.858018394 0.850233454 0.633079104 0.623630514 0.995385854 0.996514554 0.128683184 0.129275264 0.538225154 0.991261894 0.538020854 1.007513554 0.523253014 0.643588354 0.993508504 0.866517954 0.986417154
0.995010014 1.002942654 0.999532694 0.870963384 0 0.125611824 1.007895654 0.991635854 1.015966454 0.988276854 0.989022004 0.978289004 0.886407954 0.222634454 0.221427904 0.886082854 0.882516854 1.019452054 1.026080754 0.879289654 0.880578854 0.883811654 1.005986754 0.884135714 1.026472454 0.887383854 0.873195994 1.021006554 0.358303034 0.964093024
0.987532454 0.996514554 1.004463154 0.874154854 0.125611824 0 1.005224554 0.990514504 1.015194054 0.989394854 0.998399454 0.979392224 0.880578854 0.222500304 0.221829884 0.889013224 0.892610354 1.017900954 1.024124954 0.877681254 0.879934004 0.885108704 1.007513554 0.885433254 1.023734554 0.878967694 0.881224354 1.005986754 0.359107334 0.974257694
0.967345254 0.719245354 0.722373594 0.997267954 1.007895654 1.005224554 0 0.110440934 0.218753644 0.942063914 0.945573554 0.581118054 1.017513654 0.994258954 0.989394854 1.006368154 1.000667624 0.220490834 0.219154174 1.007513554 1.009809354 1.010959954 0.963732554 1.013651654 0.372586094 0.993133654 0.997644894 0.735284554 1.001046294 0.948746254
0.957630554 0.703287294 0.704306654 0.973892324 0.991635854 0.990514504 0.110440934 0 0.213566074 0.937177954 0.936482554 0.579173054 1.002942654 0.990141084 0.982711604 0.996514554 0.988649304 0.216754174 0.214892794 0.982711604 0.983451294 0.997644894 0.955488654 0.999154754 0.368826674 0.970247954 0.984932754 0.713543854 0.991261894 0.938222254
0.960854824 0.720547194 0.716648394 0.990141084 1.015966454 1.015194054 0.218753644 0.213566074 0 0.948746254 0.949453154 0.587201454 1.032768354 1.010192754 1.010576254 1.020228954 1.010576254 0.097953054 0.09840767 1.015194054 1.017513654 1.021395654 0.968069854 1.021395654 0.374883704 1.003702554 1.015580154 0.736348354 1.015966454 0.952287354
0.729987914 0.944518914 0.937177954 1.008277954 0.988276854 0.989394854 0.942063914 0.937177954 0.948746254 0 0.100798924 0.939966014 1.054416054 0.977921654 0.983821354 1.021395654 1.008660554 0.956201954 0.950160754 1.010576254 1.008660554 1.053603054 0.573154054 1.056452454 0.960137124 1.032768354 1.024906754 0.959420054 0.986788754 0.282811854
0.731837454 0.960495854 0.951577854 0.993508504 0.989022004 0.998399454 0.945573554 0.936482554 0.949453154 0.100798924 0 0.944518914 1.041912454 0.976820554 0.984191654 1.034350654 1.024515754 0.956915904 0.951932454 0.992384354 0.990888114 1.041912454 0.578525854 1.045923154 0.952642354 1.005605554 1.020617654 0.966621254 0.988276854 0.286016994
0.924758154 0.702015054 0.706349604 0.970247954 0.978289004 0.979392224 0.581118054 0.579173054 0.587201454 0.939966014 0.944518914 0 0.984562094 0.984191654 0.984562094 0.978656554 0.972797154 0.588948714 0.588511514 0.969884504 0.968795254 0.982711604 0.942063914 0.981603494 0.597083054 0.972432484 0.982711604 0.727616554 0.976453894 0.942063914
1.017513654 1.007895654 0.993133654 0.538225154 0.886407954 0.880578854 1.017513654 1.002942654 1.032768354 1.054416054 1.041912454 0.984562094 0 0.868419954 0.870963384 0.641240254 0.639133154 1.037923054 1.034350654 0.545824854 0.546857754 0.096477454 1.044717654 0.096817724 1.021784854 0.363465484 0.662401854 1.020228954 0.885108704 1.019064054
0.966259594 0.993133654 0.998777024 0.858018394 0.222634454 0.222500304 0.994258954 0.990141084 1.010192754 0.977921654 0.976820554 0.984191654 0.868419954 0 0.065054024 0.877359954 0.873195994 1.012112354 1.021006554 0.867151454 0.870644954 0.863989524 0.991635854 0.864305154 1.015194054 0.875755714 0.874154854 1.007895654 0.353495324 0.957988154
0.966621254 0.984191654 0.989767904 0.850233454 0.221427904 0.221829884 0.989394854 0.982711604 1.010576254 0.983821354 0.984191654 0.984562094 0.870963384 0.065054024 0 0.874154854 0.870963384 1.011728054 1.022174454 0.863358754 0.866201454 0.867151454 0.985674614 0.867468354 1.017900954 0.873835054 0.874474754 0.995385854 0.350625454 0.960137124
1.001804224 0.984932754 0.996891154 0.633079104 0.886082854 0.889013224 1.006368154 0.996514554 1.020228954 1.021395654 1.034350654 0.978656554 0.641240254 0.877359954 0.874154854 0 0.064510501 1.021006554 1.019064054 0.637498454 0.638899354 0.645236454 1.003702554 0.645472224 1.035936354 0.641474714 0.355574894 1.014036854 0.883811654 1.015580154
0.988276854 0.981234554 0.994634354 0.623630514 0.882516854 0.892610354 1.000667624 0.988649304 1.010576254 1.008660554 1.024515754 0.972797154 0.639133154 0.873195994 0.870963384 0.064510501 0 1.009043354 1.005605554 0.627303594 0.630301284 0.643588354 0.987532454 0.643823614 1.024124954 0.632383694 0.352218474 1.007131554 0.884135714 1.011343954
0.970611624 0.722634904 0.720807854 0.995385854 1.019452054 1.017900954 0.220490834 0.216754174 0.097953054 0.956201954 0.956915904 0.588948714 1.037923054 1.012112354 1.011728054 1.021006554 1.009043354 0 0.044249138 1.021395654 1.022954054 1.032373254 0.976820554 1.032768354 0.375212484 1.003322454 1.021395654 0.735284554 1.015580154 0.965536704
0.970247954 0.721851354 0.719765854 0.996514554 1.026080754 1.024124954 0.219154174 0.214892794 0.09840767 0.950160754 0.951932454 0.588511514 1.034350654 1.021006554 1.022174454 1.019064054 1.005605554 0.044249138 0 1.020228954 1.022174454 1.026080754 0.973892324 1.026080754 0.379500114 1.007895654 1.014036854 0.735284554 1.023734554 0.957988154
0.988276854 0.999910754 0.996138154 0.128683184 0.879289654 0.877681254 1.007513554 0.982711604 1.015194054 1.010576254 0.992384354 0.969884504 0.545824854 0.867151454 0.863358754 0.637498454 0.627303594 1.021395654 1.020228954 0 0.012157575 0.544793354 0.980865704 0.544793354 1.022174454 0.527270154 0.643588354 0.998399454 0.873515454 0.983821354
0.989394854 1.001804224 0.995010014 0.129275264 0.880578854 0.879934004 1.009809354 0.983451294 1.017513654 1.008660554 0.990888114 0.968795254 0.546857754 0.870644954 0.866201454 0.638899354 0.630301284 1.022954054 1.022174454 0.012157575 0 0.544587254 0.979024254 0.544381154 1.024515754 0.528277804 0.643118154 0.996514554 0.877359954 0.986045754
1.014422454 1.011728054 0.998022054 0.538225154 0.883811654 0.885108704 1.010959954 0.997644894 1.021395654 1.053603054 1.041912454 0.982711604 0.096477454 0.863989524 0.867151454 0.645236454 0.643588354 1.032373254 1.026080754 0.544793354 0.544587254 0 1.035143054 0.00539849999999999 1.024124954 0.367198054 0.655679694 1.012881654 0.878645884 1.011728054
0.730779994 0.952642354 0.958345824 0.991261894 1.005986754 1.007513554 0.963732554 0.955488654 0.968069854 0.573154054 0.578525854 0.942063914 1.044717654 0.991635854 0.985674614 1.003702554 0.987532454 0.976820554 0.973892324 0.980865704 0.979024254 1.035143054 0 1.034746754 0.980497054 0.993133654 1.021395654 0.965175504 1.012881654 0.572726004
1.014808154 1.010192754 0.996138154 0.538020854 0.884135714 0.885433254 1.013651654 0.999154754 1.021395654 1.056452454 1.045923154 0.981603494 0.096817724 0.864305154 0.867468354 0.645472224 0.643823614 1.032768354 1.026080754 0.544793354 0.544381154 0.00539849999999999 1.034746754 0 1.025689154 0.366710114 0.657115094 1.010576254 0.877681254 1.017126554
0.977921654 0.744644654 0.736614554 1.007513554 1.026472454 1.023734554 0.372586094 0.368826674 0.374883704 0.960137124 0.952642354 0.597083054 1.021784854 1.015194054 1.017900954 1.035936354 1.024124954 0.375212484 0.379500114 1.022174454 1.024515754 1.024124954 0.980497054 1.025689154 0 1.009809354 1.037525254 0.741422284 1.008660554 0.949453154
0.986417154 0.984191654 0.976453894 0.523253014 0.887383854 0.878967694 0.993133654 0.970247954 1.003702554 1.032768354 1.005605554 0.972432484 0.363465484 0.875755714 0.873835054 0.641474714 0.632383694 1.003322454 1.007895654 0.527270154 0.528277804 0.367198054 0.993133654 0.366710114 1.009809354 0 0.660234554 0.982711604 0.873835054 0.995385854
1.013651654 0.999910754 1.003322454 0.643588354 0.873195994 0.881224354 0.997644894 0.984932754 1.015580154 1.024906754 1.020617654 0.982711604 0.662401854 0.874154854 0.874474754 0.355574894 0.352218474 1.021395654 1.014036854 0.643588354 0.643118154 0.655679694 1.021395654 0.657115094 1.037525254 0.660234554 0 1.016352854 0.886733104 1.019452054
0.957273114 0.362333154 0.365086054 0.993508504 1.021006554 1.005986754 0.735284554 0.713543854 0.736348354 0.959420054 0.966621254 0.727616554 1.020228954 1.007895654 0.995385854 1.014036854 1.007131554 0.735284554 0.735284554 0.998399454 0.996514554 1.012881654 0.965175504 1.010576254 0.741422284 0.982711604 1.016352854 0 1.023734554 0.961573154
1.003702554 0.991635854 1.002562954 0.866517954 0.358303034 0.359107334 1.001046294 0.991261894 1.015966454 0.986788754 0.988276854 0.976453894 0.885108704 0.353495324 0.350625454 0.883811654 0.884135714 1.015580154 1.023734554 0.873515454 0.877359954 0.878645884 1.012881654 0.877681254 1.008660554 0.873835054 0.886733104 1.023734554 0 0.980128554
0.716648394 0.954776104 0.963012054 0.986417154 0.964093024 0.974257694 0.948746254 0.938222254 0.952287354 0.282811854 0.286016994 0.942063914 1.019064054 0.957988154 0.960137124 1.015580154 1.011343954 0.965536704 0.957988154 0.983821354 0.986045754 1.011728054 0.572726004 1.017126554 0.949453154 0.995385854 1.019452054 0.961573154 0.980128554 0
