0 0.568611 0.5618121 1.019204 0.9980974 1.0022715 1.0083846 0.9872032 0.97206604 0.9827411 1.0034139 0.98869646 0.99281836 0.99131685 0.9845971 1.001891 1.0030329 0.99169195 0.9898184 1.0045581 1.001891 1.005704 0.97867405 1.0049399 1.0060863 1.0103053 1.0137748 0.99169195 0.9838541 1.0130024
0.568611 0 0.3093673 1.0219333 0.99734104 1.0041765 1.0103053 1.0076177 0.9943229 0.99885464 0.99169195 0.9920673 0.9939465 1.0099207 1.0045581 1.019204 1.014548 1.01146 1.0049399 1.0015109 1.0011308 1.0068517 0.99999183 1.0076177 0.99734104 1.0060863 1.019204 1.0180373 0.9898184 1.0254573
0.5618121 0.3093673 0 0.990942 0.9898184 0.98869646 0.99357027 0.9768326 0.9626228 0.9590223 0.97206604 0.9950763 0.9790429 1.0160967 1.0091523 1.0262426 1.0160967 0.99885464 0.9969631 0.9943229 0.99357027 0.98832285 0.9662408 0.9872032 0.98907024 0.99545324 0.99169195 0.9969631 0.97573 0.98125964
1.019204 1.0219333 0.990942 0 0.9845971 0.28748423 0.2858721 0.7291169 0.7170537 0.7152349 0.98051995 0.97426224 0.9746289 0.9554389 0.9543672 0.959741 0.96190137 0.74406934 0.73789203 0.98051995 0.9827411 0.74353015 0.7354886 0.74650043 0.97024083 0.9658782 0.6962725 0.6937464 0.723061 0.7317652
0.9980974 0.99734104 0.9898184 0.9845971 0 0.9939465 0.9920673 0.9695119 0.96190137 0.96334505 0.23507477 0.6078228 0.22989386 0.6116556 0.6082727 0.6123341 0.6186958 0.97243166 0.9604604 0.23193468 0.23070954 0.99169195 0.96298385 0.99169195 0.5979924 0.60894805 0.9662408 0.9764649 0.9655158 0.97978103
1.0022715 1.0041765 0.98869646 0.28748423 0.9939465 0 0.100091405 0.71083605 0.6988071 0.6965256 0.9808897 0.9655158 0.97941184 0.946908 0.94903165 0.96479154 0.97024083 0.7243734 0.7173139 0.98348296 0.9831119 0.723061 0.718095 0.72384816 0.97352946 0.94867724 0.6672366 0.68173814 0.7209661 0.72832423
1.0083846 1.0103053 0.99357027 0.2858721 0.9920673 0.100091405 0 0.71367943 0.70390224 0.70364666 0.97867405 0.9680563 0.9783054 0.9465546 0.94514287 0.96298385 0.96841997 0.72018194 0.71367943 0.97978103 0.9808897 0.72832423 0.72044325 0.7296458 0.9695119 0.95615417 0.6611755 0.67212105 0.7173139 0.7207046
0.9872032 1.0076177 0.9768326 0.7291169 0.9695119 0.71083605 0.71367943 0 0.08124591 0.08336629 0.9458484 0.95508146 0.9402225 0.94620144 0.94514287 0.9511613 0.95615417 0.48450688 0.47994182 0.94267863 0.9433819 0.4958489 0.43575725 0.4975942 0.9504507 0.9301319 0.7307048 0.7264779 0.67212105 0.6802505
0.97206604 0.9943229 0.9626228 0.7170537 0.96190137 0.6988071 0.70390224 0.08124591 0 0.07128266 0.9522284 0.95080596 0.94620144 0.9430302 0.9419761 0.94903165 0.9536536 0.48146042 0.4769138 0.9479691 0.9483231 0.49256322 0.42528248 0.49507448 0.9500957 0.931862 0.72885257 0.7254249 0.6686986 0.67876583
0.9827411 0.99885464 0.9590223 0.7152349 0.96334505 0.6965256 0.70364666 0.08336629 0.07128266 0 0.94867724 0.946908 0.9402225 0.9395222 0.9388226 0.94620144 0.94903165 0.4856525 0.48127043 0.94373375 0.9440858 0.48986816 0.43041283 0.4921776 0.9430302 0.92909575 0.7280602 0.72463614 0.67359257 0.67975533
1.0034139 0.99169195 0.97206604 0.98051995 0.23507477 0.9808897 0.97867405 0.9458484 0.9522284 0.94867724 0 0.6103006 0.06036544 0.61482686 0.6123341 0.61596274 0.6193806 0.97609735 0.9673296 0.070293576 0.0693058 1.0003713 0.9680563 0.99999183 0.59932536 0.60872287 0.9768326 0.9838541 0.95615417 0.97206604
0.98869646 0.9920673 0.9950763 0.97426224 0.6078228 0.9655158 0.9680563 0.95508146 0.95080596 0.946908 0.6103006 0 0.60535306 0.50363714 0.50070703 0.5038329 0.50598943 0.97206604 0.9687838 0.6091733 0.60984945 0.97941184 0.9458484 0.9808897 0.50285465 0.50285465 0.98683035 0.95866317 0.9342909 0.96298385
0.99281836 0.9939465 0.9790429 0.9746289 0.22989386 0.97941184 0.9783054 0.9402225 0.94620144 0.9402225 0.06036544 0.60535306 0 0.6123341 0.6091733 0.609624 0.61482686 0.96479154 0.9557965 0.06766238 0.067115374 0.9943229 0.9687838 0.99281836 0.59092313 0.60244477 0.97867405 0.97978103 0.95080596 0.97024083
0.99131685 1.0099207 1.0160967 0.9554389 0.6116556 0.946908 0.9465546 0.94620144 0.9430302 0.9395222 0.61482686 0.50363714 0.6123341 0 0.034271218 0.07447861 0.07657991 0.9695119 0.96010065 0.61482686 0.6157354 0.9808897 0.95258445 0.97978103 0.41321507 0.3425688 0.9583042 0.9465546 0.94620144 0.9604604
0.9845971 1.0045581 1.0091523 0.9543672 0.6082727 0.94903165 0.94514287 0.94514287 0.9419761 0.9388226 0.6123341 0.50070703 0.6091733 0.034271218 0 0.07018376 0.07205285 0.959741 0.9504507 0.61142963 0.6116556 0.97316337 0.9536536 0.97206604 0.41148216 0.33973208 0.9593815 0.95080596 0.93568236 0.9554389
1.001891 1.019204 1.0262426 0.959741 0.6123341 0.96479154 0.96298385 0.9511613 0.94903165 0.94620144 0.61596274 0.5038329 0.609624 0.07447861 0.07018376 0 0.03364343 0.97206604 0.96298385 0.6118817 0.6132396 0.9831119 0.96298385 0.982 0.41269478 0.34462425 0.97352946 0.9611805 0.94620144 0.9669665
1.0030329 1.014548 1.0160967 0.96190137 0.6186958 0.97024083 0.96841997 0.95615417 0.9536536 0.94903165 0.6193806 0.50598943 0.61482686 0.07657991 0.07205285 0.03364343 0 0.9775687 0.96769285 0.6155082 0.61664504 0.98794943 0.96298385 0.98757625 0.41460428 0.34589195 0.9666036 0.9583042 0.9500957 0.96769285
0.99169195 1.01146 0.99885464 0.74406934 0.97243166 0.7243734 0.72018194 0.48450688 0.48146042 0.4856525 0.97609735 0.97206604 0.96479154 0.9695119 0.959741 0.97206604 0.9775687 0 0.030824859 0.9687838 0.96769285 0.26053867 0.4841254 0.26124668 0.9626228 0.9590223 0.7344229 0.74514884 0.67555916 0.67802465
0.9898184 1.0049399 0.9969631 0.73789203 0.9604604 0.7173139 0.71367943 0.47994182 0.4769138 0.48127043 0.9673296 0.9687838 0.9557965 0.96010065 0.9504507 0.96298385 0.96769285 0.030824859 0 0.95866317 0.95794547 0.25870097 0.48165047 0.25912464 0.9493862 0.94867724 0.7235857 0.7362889 0.66553456 0.67089695
1.0045581 1.0015109 0.9943229 0.98051995 0.23193468 0.98348296 0.97978103 0.94267863 0.9479691 0.94373375 0.070293576 0.6091733 0.06766238 0.61482686 0.61142963 0.6118817 0.6155082 0.9687838 0.95866317 0 0.007840844 0.99281836 0.97243166 0.9931942 0.59888077 0.60625017 0.9698763 0.97316337 0.96226203 0.97867405
1.001891 1.0011308 0.99357027 0.9827411 0.23070954 0.9831119 0.9808897 0.9433819 0.9483231 0.9440858 0.0693058 0.60984945 0.067115374 0.6157354 0.6116556 0.6132396 0.61664504 0.96769285 0.95794547 0.007840844 0 0.9931942 0.9680563 0.99281836 0.5984365 0.6058015 0.97024083 0.97170067 0.96406794 0.9738958
1.005704 1.0068517 0.98832285 0.74353015 0.99169195 0.723061 0.72832423 0.4958489 0.49256322 0.48986816 1.0003713 0.97941184 0.9943229 0.9808897 0.97316337 0.9831119 0.98794943 0.26053867 0.25870097 0.99281836 0.9931942 0 0.49662408 0.006427463 0.97243166 0.9611805 0.74677104 0.73789203 0.6847222 0.69753873
0.97867405 0.99999183 0.9662408 0.7354886 0.96298385 0.718095 0.72044325 0.43575725 0.42528248 0.43041283 0.9680563 0.9458484 0.9687838 0.95258445 0.9536536 0.96298385 0.96298385 0.4841254 0.48165047 0.97243166 0.9680563 0.49662408 0 0.49643022 0.9608204 0.929441 0.74110866 0.72148925 0.67580533 0.6869681
1.0049399 1.0076177 0.9872032 0.74650043 0.99169195 0.72384816 0.7296458 0.4975942 0.49507448 0.4921776 0.99999183 0.9808897 0.99281836 0.97978103 0.97206604 0.982 0.98757625 0.26124668 0.25912464 0.9931942 0.99281836 0.006427463 0.49643022 0 0.9727974 0.96190137 0.7459595 0.7389627 0.6884691 0.69906104
1.0060863 0.99734104 0.98907024 0.97024083 0.5979924 0.97352946 0.9695119 0.9504507 0.9500957 0.9430302 0.59932536 0.50285465 0.59092313 0.41321507 0.41148216 0.41269478 0.41460428 0.9626228 0.9493862 0.59888077 0.5984365 0.97243166 0.9608204 0.9727974 0 0.40647927 0.9500957 0.9430302 0.96298385 0.95258445
1.0103053 1.0060863 0.99545324 0.9658782 0.60894805 0.94867724 0.95615417 0.9301319 0.931862 0.92909575 0.60872287 0.50285465 0.60244477 0.3425688 0.33973208 0.34462425 0.34589195 0.9590223 0.94867724 0.60625017 0.6058015 0.9611805 0.929441 0.96190137 0.40647927 0 0.953297 0.93255514 0.9483231 0.9370764
1.0137748 1.019204 0.99169195 0.6962725 0.9662408 0.6672366 0.6611755 0.7307048 0.72885257 0.7280602 0.9768326 0.98683035 0.97867405 0.9583042 0.9593815 0.97352946 0.9666036 0.7344229 0.7235857 0.9698763 0.97024083 0.74677104 0.74110866 0.7459595 0.9500957 0.953297 0 0.33957478 0.7165336 0.7259512
0.99169195 1.0180373 0.9969631 0.6937464 0.9764649 0.68173814 0.67212105 0.7264779 0.7254249 0.72463614 0.9838541 0.95866317 0.97978103 0.9465546 0.95080596 0.9611805 0.9583042 0.74514884 0.7362889 0.97316337 0.97170067 0.73789203 0.72148925 0.7389627 0.9430302 0.93255514 0.33957478 0 0.723061 0.7354886
0.9838541 0.9898184 0.97573 0.723061 0.9655158 0.7209661 0.7173139 0.67212105 0.6686986 0.67359257 0.95615417 0.9342909 0.95080596 0.94620144 0.93568236 0.94620144 0.9500957 0.67555916 0.66553456 0.96226203 0.96406794 0.6847222 0.67580533 0.6884691 0.96298385 0.9483231 0.7165336 0.723061 0 0.31741637
1.0130024 1.0254573 0.98125964 0.7317652 0.97978103 0.72832423 0.7207046 0.6802505 0.67876583 0.67975533 0.97206604 0.96298385 0.97024083 0.9604604 0.9554389 0.9669665 0.96769285 0.67802465 0.67089695 0.97867405 0.9738958 0.69753873 0.6869681 0.69906104 0.95258445 0.9370764 0.7259512 0.7354886 0.31741637 0
