0 0.62996036 0.62534213 0.6315835 1.0095364 0.99847597 0.6336756 1.0003713 0.9969631 1.0037951 1.0110749 0.62880313 0.62465185 0.6304238 0.6318157 0.62926584 0.6269553 1.0080011 1.0099207 0.61369276 0.6193806 1.0072346 0.6285719 1.0091523 0.63088745 0.6360069 0.9946995 0.9980974 0.6315835 1.002652
0.62996036 0 0.42211568 0.4236974 1.0238891 1.0176488 0.4180886 1.0133885 1.018426 1.015322 1.0278157 0.4180886 0.23043755 0.4170416 0.41878742 0.16100961 0.16548501 1.0223241 1.032159 0.22366977 0.22474852 0.9980974 0.2774287 0.99847597 0.3801252 0.37863266 1.0041765 0.99961257 0.24015395 1.0095364
0.62534213 0.42211568 0 0.12969437 1.0126165 0.9980974 0.16748267 1.0045581 1.0064689 1.0060863 1.0266355 0.34859294 0.4200119 0.16635834 0.16723268 0.4258116 0.42651764 1.0262426 1.0313674 0.41079012 0.41217485 0.99056727 0.41843793 0.9872032 0.4130416 0.42141378 0.98496884 1.0068517 0.43112323 1.0015109
0.6315835 0.4236974 0.12969437 0 1.0160967 1.0076177 0.16873392 1.0099207 1.0137748 1.014548 1.0286036 0.34747958 0.4200119 0.163617 0.16748267 0.43005788 0.43219006 1.0242808 1.0289978 0.41165528 0.41217485 0.98348296 0.41599607 0.9827411 0.417914 0.4261645 0.9853408 0.99923354 0.42634106 1.0103053
1.0095364 1.0238891 1.0126165 1.0160967 0 0.10571198 1.0118452 0.19394852 0.19654323 0.192396 0.44402677 1.0003713 1.0095364 1.0083846 1.0049399 1.0262426 1.0180373 0.43772647 0.4361149 1.0053219 1.0076177 0.71316165 1.0068517 0.71783453 1.0015109 1.0110749 0.22718139 0.71367943 1.0041765 0.1968032
0.99847597 1.0176488 0.9980974 1.0076177 0.10571198 0 1.0034139 0.19602357 0.20162888 0.1968032 0.44294295 0.9924427 0.99545324 1.0022715 0.9980974 1.0215429 1.0133885 0.43397155 0.43432835 0.99281836 0.9977191 0.718095 0.99734104 0.7222747 0.9920673 0.99999183 0.2285364 0.71342045 1.0015109 0.20162888
0.6336756 0.4180886 0.16748267 0.16873392 1.0118452 1.0034139 0 1.005704 1.0110749 1.01146 1.0234975 0.34605056 0.41966185 0.080466226 0.0820264 0.42141378 0.42036211 1.0195932 1.0246727 0.4130416 0.41390935 0.98125964 0.41686726 0.9790429 0.417914 0.4245776 0.9901927 0.99056727 0.42634106 1.0076177
1.0003713 1.0133885 1.0045581 1.0099207 0.19394852 0.19602357 1.005704 0 0.06635024 0.063297465 0.43201217 1.0011308 0.99999183 1.0003713 1.0003713 1.0137748 1.005704 0.42492995 0.42528248 0.9958304 0.9924427 0.7098048 1.0041765 0.71342045 0.97243166 0.9950763 0.22501844 0.7129029 0.99545324 0.17958175
0.9969631 1.018426 1.0064689 1.0137748 0.19654323 0.20162888 1.0110749 0.06635024 0 0.06177572 0.43826443 1.002652 1.0011308 1.0037951 1.0037951 1.0195932 1.0110749 0.4293485 0.42952576 1.001891 0.99961257 0.70954716 1.0049399 0.7141975 0.9842255 1.001891 0.2284008 0.7186162 1.0053219 0.18289244
1.0037951 1.015322 1.0060863 1.014548 0.192396 0.1968032 1.01146 0.063297465 0.06177572 0 0.43808508 0.99658537 1.0015109 1.0030329 0.99847597 1.0199828 1.0118452 0.42988047 0.42899403 1.0011308 0.9977191 0.70160514 1.0064689 0.70441365 0.98757625 1.0045581 0.22582883 0.7080034 1.0030329 0.1788198
1.0110749 1.0278157 1.0266355 1.0286036 0.44402677 0.44294295 1.0234975 0.43201217 0.43826443 0.43808508 0 1.0015109 1.0087683 1.0126165 1.0083846 1.0266355 1.0199828 0.06373281 0.06373281 1.0072346 1.0091523 0.71783453 1.0110749 0.7222747 0.99885464 1.0130024 0.42404935 0.70595 1.0133885 0.43094555
0.62880313 0.4180886 0.34859294 0.34747958 1.0003713 0.9924427 0.34605056 1.0011308 1.002652 0.99658537 1.0015109 0 0.41773945 0.3433587 0.3463679 0.42106307 0.4215892 1.0072346 1.0053219 0.40889028 0.4087178 0.99658537 0.41826323 0.9943229 0.4147781 0.41843793 0.98348296 1.0041765 0.4242254 1.0003713
0.62465185 0.23043755 0.4200119 0.4200119 1.0095364 0.99545324 0.41966185 0.99999183 1.0011308 1.0015109 1.0087683 0.41773945 0 0.42088777 0.42194015 0.23030159 0.23275258 1.0095364 1.0118452 0.05485825 0.057336878 0.99847597 0.27367437 0.9977191 0.37105018 0.37203488 0.99734104 1.0068517 0.18955801 0.9977191
0.6304238 0.4170416 0.16635834 0.163617 1.0083846 1.0022715 0.080466226 1.0003713 1.0037951 1.0030329 1.0126165 0.3433587 0.42088777 0 0.05067399 0.41913706 0.417914 1.0126165 1.019204 0.41390935 0.41443047 0.97426224 0.41599607 0.9727974 0.41338858 0.42106307 0.97867405 0.99056727 0.4245776 1.0022715
0.6318157 0.41878742 0.16723268 0.16748267 1.0049399 0.9980974 0.0820264 1.0003713 1.0037951 0.99847597 1.0083846 0.3463679 0.42194015 0.05067399 0 0.42211568 0.42194015 1.0083846 1.014548 0.414083 0.41460428 0.98125964 0.41773945 0.97978103 0.41564786 0.4231698 0.98051995 0.9950763 0.42757794 0.9946995
0.62926584 0.16100961 0.4258116 0.43005788 1.0262426 1.0215429 0.42141378 1.0137748 1.0195932 1.0199828 1.0266355 0.42106307 0.23030159 0.41913706 0.42211568 0 0.03773349 1.0270288 1.032159 0.22259256 0.22420895 1.0168724 0.27309844 1.0149349 0.37598658 0.3738435 1.0076177 1.0003713 0.23712975 1.0180373
0.6269553 0.16548501 0.42651764 0.43219006 1.0180373 1.0133885 0.42036211 1.005704 1.0110749 1.0118452 1.0199828 0.4215892 0.23275258 0.417914 0.42194015 0.03773349 0 1.019204 1.0266355 0.22380453 0.2256937 1.0195932 0.27425072 1.0199828 0.3794615 0.37797028 0.9980974 1.0041765 0.24098085 1.0053219
1.0080011 1.0223241 1.0262426 1.0242808 0.43772647 0.43397155 1.0195932 0.42492995 0.4293485 0.42988047 0.06373281 1.0072346 1.0095364 1.0126165 1.0083846 1.0270288 1.019204 0 0.036577623 1.0095364 1.0118452 0.71342045 1.0091523 0.7173139 0.99734104 1.0103053 0.41756493 0.70466954 1.0141612 0.42281827
1.0099207 1.032159 1.0313674 1.0289978 0.4361149 0.43432835 1.0246727 0.42528248 0.42952576 0.42899403 0.06373281 1.0053219 1.0118452 1.019204 1.014548 1.032159 1.0266355 0.036577623 0 1.0099207 1.01069 0.7141975 1.0126165 0.71835554 0.99885464 1.0110749 0.41686726 0.7051815 1.0141612 0.42211568
0.61369276 0.22366977 0.41079012 0.41165528 1.0053219 0.99281836 0.4130416 0.9958304 1.001891 1.0011308 1.0072346 0.40889028 0.05485825 0.41390935 0.414083 0.22259256 0.22380453 1.0095364 1.0099207 0 0.026150651 0.9962078 0.2649392 0.99545324 0.36614606 0.36338124 0.9920673 1.0091523 0.18340309 0.99658537
0.6193806 0.22474852 0.41217485 0.41217485 1.0076177 0.9977191 0.41390935 0.9924427 0.99961257 0.9977191 1.0091523 0.4087178 0.057336878 0.41443047 0.41460428 0.22420895 0.2256937 1.0118452 1.01069 0.026150651 0 0.9931942 0.26593643 0.99281836 0.3672875 0.36386842 0.9901927 1.002652 0.18378629 0.9958304
1.0072346 0.9980974 0.99056727 0.98348296 0.71316165 0.718095 0.98125964 0.7098048 0.70954716 0.70160514 0.71783453 0.99658537 0.99847597 0.97426224 0.98125964 1.0168724 1.0195932 0.71342045 0.7141975 0.9962078 0.9931942 0 1.0030329 0.015560305 0.9943229 1.0022715 0.69956917 0.21870063 0.98869646 0.70390224
0.6285719 0.2774287 0.41843793 0.41599607 1.0068517 0.99734104 0.41686726 1.0041765 1.0049399 1.0064689 1.0110749 0.41826323 0.27367437 0.41599607 0.41773945 0.27309844 0.27425072 1.0091523 1.0126165 0.2649392 0.26593643 1.0030329 0 0.9977191 0.36810386 0.37137827 0.9939465 0.99999183 0.28207538 1.0011308
1.0091523 0.99847597 0.9872032 0.9827411 0.71783453 0.7222747 0.9790429 0.71342045 0.7141975 0.70441365 0.7222747 0.9943229 0.9977191 0.9727974 0.97978103 1.0149349 1.0199828 0.7173139 0.71835554 0.99545324 0.99281836 0.015560305 0.9977191 0 0.99658537 0.99999183 0.7018601 0.21910232 0.98907024 0.70748955
0.63088745 0.3801252 0.4130416 0.417914 1.0015109 0.9920673 0.417914 0.97243166 0.9842255 0.98757625 0.99885464 0.4147781 0.37105018 0.41338858 0.41564786 0.37598658 0.3794615 0.99734104 0.99885464 0.36614606 0.3672875 0.9943229 0.36810386 0.99658537 0 0.24832502 0.98496884 0.99999183 0.37846702 0.9845971
0.6360069 0.37863266 0.42141378 0.4261645 1.0110749 0.99999183 0.4245776 0.9950763 1.001891 1.0045581 1.0130024 0.41843793 0.37203488 0.42106307 0.4231698 0.3738435 0.37797028 1.0103053 1.0110749 0.36338124 0.36386842 1.0022715 0.37137827 0.99999183 0.24832502 0 0.9898184 1.000751 0.37549147 0.99999183
0.9946995 1.0041765 0.98496884 0.9853408 0.22718139 0.2285364 0.9901927 0.22501844 0.2284008 0.22582883 0.42404935 0.98348296 0.99734104 0.97867405 0.98051995 1.0076177 0.9980974 0.41756493 0.41686726 0.9920673 0.9901927 0.69956917 0.9939465 0.7018601 0.98496884 0.9898184 0 0.697032 0.9962078 0.2265048
0.9980974 0.99961257 1.0068517 0.99923354 0.71367943 0.71342045 0.99056727 0.7129029 0.7186162 0.7080034 0.70595 1.0041765 1.0068517 0.99056727 0.9950763 1.0003713 1.0041765 0.70466954 0.7051815 1.0091523 1.002652 0.21870063 0.99999183 0.21910232 0.99999183 1.000751 0.697032 0 0.9872032 0.7129029
0.6315835 0.24015395 0.43112323 0.42634106 1.0041765 1.0015109 0.42634106 0.99545324 1.0053219 1.0030329 1.0133885 0.4242254 0.18955801 0.4245776 0.42757794 0.23712975 0.24098085 1.0141612 1.0141612 0.18340309 0.18378629 0.98869646 0.28207538 0.98907024 0.37846702 0.37549147 0.9962078 0.9872032 0 1.0068517
1.002652 1.0095364 1.0015109 1.0103053 0.1968032 0.20162888 1.0076177 0.17958175 0.18289244 0.1788198 0.43094555 1.0003713 0.9977191 1.0022715 0.9946995 1.0180373 1.0053219 0.42281827 0.42211568 0.99658537 0.9958304 0.70390224 1.0011308 0.70748955 0.9845971 0.99999183 0.2265048 0.7129029 1.0068517 0
