0 0.9829920807 0.9815113407 0.9774542407 0.9923135907 0.9941919107 0.9767189907 0.9833627407 0.9763516407 0.9741511007 0.9822513407 0.5632802407 0.9893181007 0.9833627407 0.9752505407 0.9789270407 0.9844757407 0.9983407407 0.9956979407 0.9774542407 0.9804026707 0.9987190407 0.5679531907 0.9979626807 1.0194365407 0.9956979407 0.9930643407 0.9908143407 0.9915636407 0.9852187407
0.9829920807 0 0.1948292407 0.2556606207 0.2580529707 0.9052697407 0.8845128407 0.8989490407 0.9610820407 0.9998551807 1.0047981407 1.0097739407 0.9032680007 0.6003918407 0.6001693807 0.9745174407 0.9774542407 0.9062726707 0.9022690907 0.2581939407 0.2590402607 0.9099614907 0.9745174407 0.9062726707 0.9062726707 1.0082393407 0.3305087907 0.5085770407 0.5097590407 0.9549888407
0.9815113407 0.1948292407 0 0.2583349407 0.2584759207 0.9140064407 0.8848379407 0.8972944807 0.9607222907 0.9938158407 1.0021325407 0.9789270407 0.9092894407 0.5893492407 0.5970619407 0.9675881407 0.9683144907 0.9126556707 0.9123183707 0.2637123107 0.2641384807 0.9076119407 0.9694054407 0.9042682407 0.8845128407 1.0032736407 0.3353369807 0.5091678407 0.5058261407 0.9646895807
0.9774542407 0.2556606207 0.2583349407 0 0.1566897007 0.9092894407 0.8690749407 0.8959734407 0.9650512407 0.9941919107 0.9975847407 0.9829920807 0.9116442407 0.5836707007 0.5891300107 0.9778222107 0.9796645407 0.9204559007 0.9194338407 0.1790607707 0.1795683907 0.9036012407 0.9829920807 0.9019364407 0.8939963407 1.0116965407 0.3383116107 0.5091678407 0.5048461807 0.9610820407
0.9923135907 0.2580529707 0.2584759207 0.1566897007 0 0.9170545007 0.8780417407 0.9046019007 0.9668624407 0.9949445407 1.0002342107 0.9796645407 0.9173939407 0.5875973907 0.5913249407 0.9848471407 0.9855904807 0.9255870407 0.9225041407 0.1836417107 0.1846635107 0.9207968907 0.9697694407 0.9187532907 0.8989490407 1.0021325407 0.3476245607 0.5156973407 0.5172888407 0.9767189907
0.9941919107 0.9052697407 0.9140064407 0.9092894407 0.9170545007 0 0.1592799507 0.1623752907 0.9650512407 0.9855904807 0.9874519907 0.9911889107 0.3493737407 0.9150210907 0.9143445407 0.9800334807 0.9815113407 0.3508079407 0.3520850807 0.9201150807 0.9180733407 0.8409583807 1.0063256407 0.8400391007 0.8333317407 0.9852187407 0.9062726707 0.8989490407 0.9049357407 0.9867068407
0.9767189907 0.8845128407 0.8848379407 0.8690749407 0.8780417407 0.1592799507 0 0.1488503307 0.9628836707 0.9781903407 0.9785585407 0.9829920807 0.3422436607 0.8963035407 0.8969640407 0.9763516407 0.9811415907 0.3401964207 0.3416131707 0.8897303007 0.8858138407 0.8245808707 0.9904400407 0.8239810707 0.8215868407 0.9712271407 0.8851630907 0.8832142007 0.8835386907 0.9855904807
0.9833627407 0.8989490407 0.8972944807 0.8959734407 0.9046019007 0.1623752907 0.1488503307 0 0.9741511007 0.9949445407 0.9983407407 0.9900658407 0.3414556007 0.9042682407 0.9066072407 0.9919384907 0.9953211407 0.3376843907 0.3389393607 0.9089536407 0.9072768907 0.8269847407 1.0074733407 0.8248809407 0.8287926407 0.9919384907 0.8986178407 0.8884225707 0.8887492407 0.9956979407
0.9763516407 0.9610820407 0.9607222907 0.9650512407 0.9668624407 0.9650512407 0.9628836707 0.9741511007 0 0.9844757407 0.9833627407 0.9826216407 0.9800334807 0.9603626407 0.9503624407 0.1251035507 0.1258122107 0.9852187407 0.9874519907 0.9496532907 0.9571337407 0.9701335407 0.9639666907 0.9668624407 0.9539186407 0.9926889407 0.9625230107 0.9429489007 0.9589258407 0.2025122607
0.9741511007 0.9998551807 0.9938158407 0.9941919107 0.9949445407 0.9855904807 0.9781903407 0.9949445407 0.9844757407 0 0.0958151607 0.9833627407 0.9893181007 0.9968294407 1.0055615407 0.9863345407 0.9934400007 0.9960748807 1.0009929407 0.9923135907 0.9915636407 0.9915636407 0.9867068407 0.9908143407 0.9867068407 0.3560902107 0.9911889107 0.9960748807 1.0101580407 0.9923135907
0.9822513407 1.0047981407 1.0021325407 0.9975847407 1.0002342107 0.9874519907 0.9785585407 0.9983407407 0.9833627407 0.0958151607 0 0.9908143407 0.9889444907 0.9983407407 1.0059435407 0.9852187407 0.9919384907 0.9934400007 0.9987190407 1.0032736407 1.0032736407 0.9908143407 0.9945681407 0.9896918807 0.9885710707 0.3581813807 0.9870792907 0.9934400007 1.0097739407 0.9841046007
0.5632802407 1.0097739407 0.9789270407 0.9829920807 0.9796645407 0.9911889107 0.9829920807 0.9900658407 0.9826216407 0.9833627407 0.9908143407 0 0.9829920807 0.9844757407 0.9818812807 0.9885710707 0.9915636407 0.9804026707 0.9734190407 0.9859624407 0.9855904807 1.0044167407 0.4986042407 1.0021325407 0.9896918807 0.9904400407 1.0082393407 0.9945681407 1.0101580407 0.9730533007
0.9893181007 0.9032680007 0.9092894407 0.9116442407 0.9173939407 0.3493737407 0.3422436607 0.3414556007 0.9800334807 0.9893181007 0.9889444907 0.9829920807 0 0.9039346407 0.9072768907 0.9926889407 0.9941919107 0.0757631907 0.0772015507 0.9113073407 0.9092894407 0.8431078407 0.9998551807 0.8406518407 0.8431078407 0.9934400007 0.9076119407 0.8920243407 0.9016039007 0.9956979407
0.9833627407 0.6003918407 0.5893492407 0.5836707007 0.5875973907 0.9150210907 0.8963035407 0.9042682407 0.9603626407 0.9968294407 0.9983407407 0.9844757407 0.9039346407 0 0.0592549757 0.9600031407 0.9715920407 0.9163760807 0.9153595807 0.5944086407 0.5992802007 0.9126556707 0.9686779407 0.9113073407 0.9146827107 0.9964520407 0.5955130407 0.5922047407 0.5869415007 0.9582085407
0.9752505407 0.6001693807 0.5970619407 0.5891300107 0.5913249407 0.9143445407 0.8969640407 0.9066072407 0.9503624407 1.0055615407 1.0059435407 0.9818812807 0.9072768907 0.0592549757 0 0.9542752407 0.9643280407 0.9150210907 0.9146827107 0.5999470007 0.6035131407 0.9211380407 0.9564181407 0.9194338407 0.9180733407 1.0078562407 0.5941879407 0.5919846407 0.5891300107 0.9557031007
0.9789270407 0.9745174407 0.9675881407 0.9778222107 0.9848471407 0.9800334807 0.9763516407 0.9919384907 0.1251035507 0.9863345407 0.9852187407 0.9885710707 0.9926889407 0.9600031407 0.9542752407 0 0.0263582127 0.9945681407 0.9926889407 0.9672252407 0.9704979407 0.9792956907 0.9582085407 0.9748838807 0.9646895807 0.9990976107 0.9726876807 0.9528500407 0.9610820407 0.2002904207
0.9844757407 0.9774542407 0.9683144907 0.9796645407 0.9855904807 0.9815113407 0.9811415907 0.9953211407 0.1258122107 0.9934400007 0.9919384907 0.9915636407 0.9941919107 0.9715920407 0.9643280407 0.0263582127 0 0.9934400007 0.9915636407 0.9686779407 0.9715920407 0.9822513407 0.9589258407 0.9778222107 0.9726876807 1.0032736407 0.9741511007 0.9532060907 0.9701335407 0.2014658707
0.9983407407 0.9062726707 0.9126556707 0.9204559007 0.9255870407 0.3508079407 0.3401964207 0.3376843907 0.9852187407 0.9960748807 0.9934400007 0.9804026707 0.0757631907 0.9163760807 0.9150210907 0.9945681407 0.9934400007 0 0.0167947747 0.9221623807 0.9197743807 0.8502139407 1.0124668407 0.8486634407 0.8437230807 0.9994762807 0.9160371107 0.9066072407 0.9207968907 0.9979626807
0.9956979407 0.9022690907 0.9123183707 0.9194338407 0.9225041407 0.3520850807 0.3416131707 0.3389393607 0.9874519907 1.0009929407 0.9987190407 0.9734190407 0.0772015507 0.9153595807 0.9146827107 0.9926889407 0.9915636407 0.0167947747 0 0.9187532907 0.9167152407 0.8474252407 1.0109269407 0.8458804707 0.8424930807 1.0032736407 0.9113073407 0.9009393107 0.9156982407 0.9987190407
0.9774542407 0.2581939407 0.2637123107 0.1790607707 0.1836417107 0.9201150807 0.8897303007 0.9089536407 0.9496532907 0.9923135907 1.0032736407 0.9859624407 0.9113073407 0.5944086407 0.5999470007 0.9672252407 0.9686779407 0.9221623807 0.9187532907 0 0.0116016227 0.9156982407 0.9672252407 0.9143445407 0.8966337107 0.9987190407 0.3403537207 0.5077900407 0.5105480807 0.9560605407
0.9804026707 0.2590402607 0.2641384807 0.1795683907 0.1846635107 0.9180733407 0.8858138407 0.9072768907 0.9571337407 0.9915636407 1.0032736407 0.9855904807 0.9092894407 0.5992802007 0.6035131407 0.9704979407 0.9715920407 0.9197743807 0.9167152407 0.0116016227 0 0.9163760807 0.9661374407 0.9153595807 0.8986178407 0.9990976107 0.3411406207 0.5105480807 0.5135144807 0.9592848107
0.9987190407 0.9099614907 0.9076119407 0.9036012407 0.9207968907 0.8409583807 0.8245808707 0.8269847407 0.9701335407 0.9915636407 0.9908143407 1.0044167407 0.8431078407 0.9126556707 0.9211380407 0.9792956907 0.9822513407 0.8502139407 0.8474252407 0.9156982407 0.9163760807 0 0.9863345407 0.00443130000000004 0.5220837407 0.9723223107 0.9026019407 0.9039346407 0.8976251407 0.9826216407
0.5679531907 0.9745174407 0.9694054407 0.9829920807 0.9697694407 1.0063256407 0.9904400407 1.0074733407 0.9639666907 0.9867068407 0.9945681407 0.4986042407 0.9998551807 0.9686779407 0.9564181407 0.9582085407 0.9589258407 1.0124668407 1.0109269407 0.9672252407 0.9661374407 0.9863345407 0 0.9870792907 0.9694054407 0.9983407407 0.9953211407 0.9852187407 0.9911889107 0.9610820407
0.9979626807 0.9062726707 0.9042682407 0.9019364407 0.9187532907 0.8400391007 0.8239810707 0.8248809407 0.9668624407 0.9908143407 0.9896918807 1.0021325407 0.8406518407 0.9113073407 0.9194338407 0.9748838807 0.9778222107 0.8486634407 0.8458804707 0.9143445407 0.9153595807 0.00443130000000004 0.9870792907 0 0.5206820407 0.9741511007 0.9016039007 0.9032680007 0.8959734407 0.9781903407
1.0194365407 0.9062726707 0.8845128407 0.8939963407 0.8989490407 0.8333317407 0.8215868407 0.8287926407 0.9539186407 0.9867068407 0.9885710707 0.9896918807 0.8431078407 0.9146827107 0.9180733407 0.9646895807 0.9726876807 0.8437230807 0.8424930807 0.8966337107 0.8986178407 0.5220837407 0.9694054407 0.5206820407 0 0.9908143407 0.9109706407 0.8992803907 0.8939963407 0.9639666907
0.9956979407 1.0082393407 1.0032736407 1.0116965407 1.0021325407 0.9852187407 0.9712271407 0.9919384907 0.9926889407 0.3560902107 0.3581813807 0.9904400407 0.9934400007 0.9964520407 1.0078562407 0.9990976107 1.0032736407 0.9994762807 1.0032736407 0.9987190407 0.9990976107 0.9723223107 0.9983407407 0.9741511007 0.9908143407 0 0.9960748807 0.9987190407 1.0213840407 0.9926889407
0.9930643407 0.3305087907 0.3353369807 0.3383116107 0.3476245607 0.9062726707 0.8851630907 0.8986178407 0.9625230107 0.9911889107 0.9870792907 1.0082393407 0.9076119407 0.5955130407 0.5941879407 0.9726876807 0.9741511007 0.9160371107 0.9113073407 0.3403537207 0.3411406207 0.9026019407 0.9953211407 0.9016039007 0.9109706407 0.9960748807 0 0.5064147907 0.5149028407 0.9650512407
0.9908143407 0.5085770407 0.5091678407 0.5091678407 0.5156973407 0.8989490407 0.8832142007 0.8884225707 0.9429489007 0.9960748807 0.9934400007 0.9945681407 0.8920243407 0.5922047407 0.5919846407 0.9528500407 0.9532060907 0.9066072407 0.9009393107 0.5077900407 0.5105480807 0.9039346407 0.9852187407 0.9032680007 0.8992803907 0.9987190407 0.5064147907 0 0.2486682207 0.9450596407
0.9915636407 0.5097590407 0.5058261407 0.5048461807 0.5172888407 0.9049357407 0.8835386907 0.8887492407 0.9589258407 1.0101580407 1.0097739407 1.0101580407 0.9016039007 0.5869415007 0.5891300107 0.9610820407 0.9701335407 0.9207968907 0.9156982407 0.5105480807 0.5135144807 0.8976251407 0.9911889107 0.8959734407 0.8939963407 1.0213840407 0.5149028407 0.2486682207 0 0.9672252407
0.9852187407 0.9549888407 0.9646895807 0.9610820407 0.9767189907 0.9867068407 0.9855904807 0.9956979407 0.2025122607 0.9923135907 0.9841046007 0.9730533007 0.9956979407 0.9582085407 0.9557031007 0.2002904207 0.2014658707 0.9979626807 0.9987190407 0.9560605407 0.9592848107 0.9826216407 0.9610820407 0.9781903407 0.9639666907 0.9926889407 0.9650512407 0.9450596407 0.9672252407 0
