0 1.0065397839 0.7393015139 0.7452197239 1.0153928839 1.0208332839 1.0019618839 1.0208332839 1.0015817839 0.9955241239 1.0255281839 1.0096072839 1.0153928839 1.0150057839 1.0192748839 1.0235683839 1.0223949839 1.0208332839 1.0188857839 0.9959012839 0.9966562539 1.0119160839 1.0012016839 1.0088391839 0.7286592239 0.7160847339 1.0061571839 1.0130732839 1.0019618839 1.0119160839
1.0065397839 0 1.0338155839 1.0223949839 0.7286592239 0.7270758339 0.7260220839 0.7297166839 0.2001312839 0.2005230939 0.3404324239 0.7276032839 0.3399602639 0.3427975839 0.3499382239 0.3493007539 0.2007844139 0.2019615039 0.2020924039 0.1509851339 0.1504961439 0.3394884339 0.4730288839 0.3391740139 1.0270996839 1.0111457839 0.7334295839 0.2465878439 0.7363597839 0.2030093539
0.7393015139 1.0338155839 0 0.0881457098999999 1.0099915839 1.0208332839 1.0146188839 1.0184968839 1.0405919839 1.0346095839 1.0409925839 1.0263134839 1.0334188839 1.0255281839 1.0282804839 1.0377942839 1.0421954839 1.0393916839 1.0365984839 1.0220041839 1.0216137839 1.0278865839 1.0126873839 1.0267063839 0.3890462339 0.3840238839 1.0138456839 1.0502643839 1.0173312839 1.0358022839
0.7452197239 1.0223949839 0.0881457098999999 0 0.9993044239 1.0111457839 1.0027228839 1.0096072839 1.0346095839 1.0251358839 1.0150057839 1.0181081839 1.0042473839 1.0000627139 1.0096072839 1.0184968839 1.0362002839 1.0338155839 1.0322298839 1.0169432839 1.0157801839 1.0038659839 1.0046289839 1.0027228839 0.3870332639 0.3805281639 1.0034847839 1.0377942839 1.0080719839 1.0346095839
1.0153928839 0.7286592239 1.0099915839 0.9993044239 0 0.0770939338999999 0.1116779439 0.1135369679 0.7387657839 0.7368937839 0.7363597839 0.5167380839 0.7368937839 0.7358261439 0.7409109839 0.7446797839 0.7342275839 0.7347600839 0.7336954839 0.7244442839 0.7241815839 0.7387657839 0.7205141339 0.7384980439 1.0138456839 0.9940173839 0.3307346839 0.7417169339 0.2284716839 0.7294521839
1.0208332839 0.7270758339 1.0208332839 1.0111457839 0.0770939338999999 0 0.1094763199 0.1098235139 0.7336954839 0.7297166839 0.7393015139 0.5101947339 0.7398375839 0.7409109839 0.7427929839 0.7449496839 0.7321014839 0.7334295839 0.7326323839 0.7220836839 0.7215601339 0.7398375839 0.7249698139 0.7395694839 1.0184968839 0.9962786839 0.3280973839 0.7433315839 0.2258997139 0.7231318839
1.0019618839 0.7260220839 1.0146188839 1.0027228839 0.1116779439 0.1094763199 0 0.0796470338999999 0.7401057839 0.7401057839 0.7433315839 0.5137567839 0.7438705839 0.7454898539 0.7492818339 0.7528202839 0.7342275839 0.7339614839 0.7344937839 0.7252327839 0.7249698139 0.7419857839 0.7334295839 0.7417169339 1.0204433839 0.9842963839 0.3344737839 0.7436010339 0.2328234639 0.7226076239
1.0208332839 0.7297166839 1.0184968839 1.0096072839 0.1135369679 0.1098235139 0.0796470338999999 0 0.7382304239 0.7368937839 0.7460303839 0.5169372839 0.7471126439 0.7457600839 0.7460303839 0.7506408239 0.7321014839 0.7323668839 0.7328979839 0.7265487839 0.7260220839 0.7454898539 0.7310405839 0.7452197239 1.0204433839 0.9876471339 0.3330694239 0.7460303839 0.2307804239 0.7257589239
1.0015817839 0.2001312839 1.0405919839 1.0346095839 0.7387657839 0.7336954839 0.7401057839 0.7382304239 0 0.0510659138999999 0.3456457139 0.7382304239 0.3480274239 0.3493007539 0.3461214439 0.3453287039 0.1786368839 0.1799067839 0.1797796939 0.1992178439 0.1983055039 0.3448534839 0.4758523239 0.3451702839 1.0434003839 1.0239599839 0.7417169339 0.2488137639 0.7414481839 0.2076109939
0.9955241239 0.2005230939 1.0346095839 1.0251358839 0.7368937839 0.7297166839 0.7401057839 0.7368937839 0.0510659138999999 0 0.3485046839 0.7393015139 0.3516941239 0.3520138139 0.3493007539 0.3483455339 0.1793985639 0.1813061539 0.1811788239 0.2003924639 0.1996091739 0.3483455339 0.4798230839 0.3488229839 1.0438023839 1.0204433839 0.7465713139 0.2496501939 0.7433315839 0.2081387039
1.0255281839 0.3404324239 1.0409925839 1.0150057839 0.7363597839 0.7393015139 0.7433315839 0.7460303839 0.3456457139 0.3485046839 0 0.7276032839 0.0556826338999999 0.0561135438999999 0.2658647839 0.2670058839 0.3456457139 0.3453287039 0.3454871839 0.3413776039 0.3412199839 0.0481814988999999 0.4713398839 0.0481814988999999 1.0409925839 1.0251358839 0.7406424439 0.3510551339 0.7430622839 0.3537745639
1.0096072839 0.7276032839 1.0263134839 1.0181081839 0.5167380839 0.5101947339 0.5137567839 0.5169372839 0.7382304239 0.7393015139 0.7276032839 0 0.7281310839 0.7339614839 0.7468419239 0.7479253839 0.7414481839 0.7401057839 0.7387657839 0.7387657839 0.7384980439 0.7283951139 0.7436010339 0.7291877839 1.0239599839 1.0157801839 0.5094054439 0.7492818339 0.5215329839 0.7352929239
1.0153928839 0.3399602639 1.0334188839 1.0042473839 0.7368937839 0.7398375839 0.7438705839 0.7471126439 0.3480274239 0.3516941239 0.0556826338999999 0.7281310839 0 0.0431867938999999 0.2654372839 0.2661498839 0.3478683839 0.3472326539 0.3473915639 0.3413776039 0.3412199839 0.0562213088999999 0.4704032039 0.0560057938999999 1.0263134839 1.0212233839 0.7427929839 0.3528136439 0.7430622839 0.3545762839
1.0150057839 0.3427975839 1.0255281839 1.0000627139 0.7358261439 0.7409109839 0.7454898539 0.7457600839 0.3493007539 0.3520138139 0.0561135438999999 0.7339614839 0.0431867938999999 0 0.2645830639 0.2654372839 0.3488229839 0.3483455339 0.3473915639 0.3429555439 0.3427975839 0.0572998238999999 0.4719024839 0.0570839968999999 1.0227859839 1.0126873839 0.7419857839 0.3542554839 0.7438705839 0.3550577039
1.0192748839 0.3499382239 1.0282804839 1.0096072839 0.7409109839 0.7427929839 0.7492818339 0.7460303839 0.3461214439 0.3493007539 0.2658647839 0.7468419239 0.2654372839 0.2645830639 0 0.0219880278999999 0.3467562339 0.3459628339 0.3467562339 0.3454871839 0.3458042539 0.2648677039 0.4754752339 0.2650100839 1.0080719839 1.0038659839 0.7425238839 0.3520138139 0.7465713139 0.3520138139
1.0235683839 0.3493007539 1.0377942839 1.0184968839 0.7446797839 0.7449496839 0.7528202839 0.7506408239 0.3453287039 0.3483455339 0.2670058839 0.7479253839 0.2661498839 0.2654372839 0.0219880278999999 0 0.3465974839 0.3458042539 0.3465974839 0.3450118439 0.3454871839 0.2658647839 0.4735927139 0.2660073139 1.0181081839 1.0130732839 0.7479253839 0.3523336539 0.7490103339 0.3513745539
1.0223949839 0.2007844139 1.0421954839 1.0362002839 0.7342275839 0.7321014839 0.7342275839 0.7321014839 0.1786368839 0.1793985639 0.3456457139 0.7414481839 0.3478683839 0.3488229839 0.3467562339 0.3465974839 0 0.0195209208999999 0.0199315428999999 0.1996091739 0.1986963739 0.3446951339 0.4745333839 0.3446951339 1.0522952839 1.0322298839 0.7414481839 0.2478391039 0.7366267839 0.2052409239
1.0208332839 0.2019615039 1.0393916839 1.0338155839 0.7347600839 0.7334295839 0.7339614839 0.7323668839 0.1799067839 0.1813061539 0.3453287039 0.7401057839 0.3472326539 0.3483455339 0.3459628339 0.3458042539 0.0195209208999999 0 0.00922654089999987 0.2009151139 0.2003924639 0.3437457539 0.4743451639 0.3435876539 1.0482390839 1.0314382839 0.7427929839 0.2486744539 0.7350264339 0.2076109939
1.0188857839 0.2020924039 1.0365984839 1.0322298839 0.7336954839 0.7326323839 0.7344937839 0.7328979839 0.1797796939 0.1811788239 0.3454871839 0.7387657839 0.3473915639 0.3473915639 0.3467562339 0.3465974839 0.0199315428999999 0.00922654089999987 0 0.2010458239 0.2005230939 0.3435876539 0.4741569839 0.3434295839 1.0470264839 1.0282804839 0.7395694839 0.2490924739 0.7344937839 0.2081387039
0.9959012839 0.1509851339 1.0220041839 1.0169432839 0.7244442839 0.7220836839 0.7252327839 0.7265487839 0.1992178439 0.2003924639 0.3413776039 0.7387657839 0.3413776039 0.3429555439 0.3454871839 0.3450118439 0.1996091739 0.2009151139 0.2010458239 0 0.00569189529999987 0.3398029639 0.4767958339 0.3396456639 1.0235683839 1.0065397839 0.7310405839 0.2439530939 0.7323668839 0.2031404339
0.9966562539 0.1504961439 1.0216137839 1.0157801839 0.7241815839 0.7215601339 0.7249698139 0.7260220839 0.1983055039 0.1996091739 0.3412199839 0.7384980439 0.3412199839 0.3427975839 0.3458042539 0.3454871839 0.1986963739 0.2003924639 0.2005230939 0.00569189529999987 0 0.3398029639 0.4752867839 0.3396456639 1.0227859839 1.0065397839 0.7310405839 0.2440915239 0.7336954839 0.2034026839
1.0119160839 0.3394884339 1.0278865839 1.0038659839 0.7387657839 0.7398375839 0.7419857839 0.7454898539 0.3448534839 0.3483455339 0.0481814988999999 0.7283951139 0.0562213088999999 0.0572998238999999 0.2648677039 0.2658647839 0.3446951339 0.3437457539 0.3435876539 0.3398029639 0.3398029639 0 0.4685333539 0.00307689999999987 1.0208332839 1.0142320839 0.7403740439 0.3497788139 0.7425238839 0.3520138139
1.0012016839 0.4730288839 1.0126873839 1.0046289839 0.7205141339 0.7249698139 0.7334295839 0.7310405839 0.4758523239 0.4798230839 0.4713398839 0.7436010339 0.4704032039 0.4719024839 0.4754752339 0.4735927139 0.4745333839 0.4743451639 0.4741569839 0.4767958339 0.4752867839 0.4685333539 0 0.4690938439 1.0243516839 1.0065397839 0.7228697839 0.4815313039 0.7368937839 0.4851503539
1.0088391839 0.3391740139 1.0267063839 1.0027228839 0.7384980439 0.7395694839 0.7417169339 0.7452197239 0.3451702839 0.3488229839 0.0481814988999999 0.7291877839 0.0560057938999999 0.0570839968999999 0.2650100839 0.2660073139 0.3446951339 0.3435876539 0.3434295839 0.3396456639 0.3396456639 0.00307689999999987 0.4690938439 0 1.0192748839 1.0115308839 0.7411795439 0.3491414639 0.7422547839 0.3520138139
0.7286592239 1.0270996839 0.3890462339 0.3870332639 1.0138456839 1.0184968839 1.0204433839 1.0204433839 1.0434003839 1.0438023839 1.0409925839 1.0239599839 1.0263134839 1.0227859839 1.0080719839 1.0181081839 1.0522952839 1.0482390839 1.0470264839 1.0235683839 1.0227859839 1.0208332839 1.0243516839 1.0192748839 0 0.3332253239 1.0177196839 1.0310428839 1.0076885839 1.0334188839
0.7160847339 1.0111457839 0.3840238839 0.3805281639 0.9940173839 0.9962786839 0.9842963839 0.9876471339 1.0239599839 1.0204433839 1.0251358839 1.0157801839 1.0212233839 1.0126873839 1.0038659839 1.0130732839 1.0322298839 1.0314382839 1.0282804839 1.0065397839 1.0065397839 1.0142320839 1.0065397839 1.0115308839 0.3332253239 0 0.9966562539 1.0212233839 0.9898892839 1.0204433839
1.0061571839 0.7334295839 1.0138456839 1.0034847839 0.3307346839 0.3280973839 0.3344737839 0.3330694239 0.7417169339 0.7465713139 0.7406424439 0.5094054439 0.7427929839 0.7419857839 0.7425238839 0.7479253839 0.7414481839 0.7427929839 0.7395694839 0.7310405839 0.7310405839 0.7403740439 0.7228697839 0.7411795439 1.0177196839 0.9966562539 0 0.7471126439 0.3372903839 0.7342275839
1.0130732839 0.2465878439 1.0502643839 1.0377942839 0.7417169339 0.7433315839 0.7436010339 0.7460303839 0.2488137639 0.2496501939 0.3510551339 0.7492818339 0.3528136439 0.3542554839 0.3520138139 0.3523336539 0.2478391039 0.2486744539 0.2490924739 0.2439530939 0.2440915239 0.3497788139 0.4815313039 0.3491414639 1.0310428839 1.0212233839 0.7471126439 0 0.7479253839 0.2577841839
1.0019618839 0.7363597839 1.0173312839 1.0080719839 0.2284716839 0.2258997139 0.2328234639 0.2307804239 0.7414481839 0.7433315839 0.7430622839 0.5215329839 0.7430622839 0.7438705839 0.7465713139 0.7490103339 0.7366267839 0.7350264339 0.7344937839 0.7323668839 0.7336954839 0.7425238839 0.7368937839 0.7422547839 1.0076885839 0.9898892839 0.3372903839 0.7479253839 0 0.7387657839
1.0119160839 0.2030093539 1.0358022839 1.0346095839 0.7294521839 0.7231318839 0.7226076239 0.7257589239 0.2076109939 0.2081387039 0.3537745639 0.7352929239 0.3545762839 0.3550577039 0.3520138139 0.3513745539 0.2052409239 0.2076109939 0.2081387039 0.2031404339 0.2034026839 0.3520138139 0.4851503539 0.3520138139 1.0334188839 1.0204433839 0.7342275839 0.2577841839 0.7387657839 0
