0 0.45164555986 0.97846915986 0.44764361986 0.44655589986 1.00355245986 1.00241135986 0.99221730986 0.99597675986 0.25917795986 0.25636105986 0.43952373986 0.98549755986 0.45805665986 0.45787272986 0.26313949986 0.26598200986 0.99371881986 0.99146772986 0.96968425986 0.96895675986 0.99824149986 1.00203125986 0.99937642986 1.00584035986 0.26158068986 0.27012292986 0.99409465986 0.99899785986 0.44764361986
0.45164555986 0 1.00507695986 0.41359523986 0.41480980986 1.04987805986 1.04142155986 1.00851815986 1.01622245986 0.44186047986 0.44366291986 0.40634880986 0.99975509986 0.47216945986 0.47011030986 0.44855127986 0.45018783986 1.01043685986 1.00890155986 0.99522335986 0.99522335986 1.01971535986 1.04543665986 1.02049365986 1.04182215986 0.45383749986 0.45677005986 1.02635775986 1.03583655986 0.11564730586
0.97846915986 1.00507695986 0 0.99975509986 0.99371881986 0.78883869986 0.79112965986 0.76797271986 0.77355515986 0.99635369986 0.98922330986 0.98847670986 0.76381295986 0.99673085986 0.99034465986 0.99559995986 1.00660445986 0.76630599986 0.76491995986 0.10592194386 0.10488737986 0.76936442986 0.78541535986 0.77020065986 0.77355515986 0.99071885986 1.01854925986 0.76132810986 0.76215545986 0.99296775986
0.44764361986 0.41359523986 0.99975509986 0 0.08381985986 1.01777285986 1.01428895986 1.00089228986 1.01120575986 0.44168045986 0.44096085986 0.25411511986 0.98810365986 0.46489421986 0.46507988986 0.44583160986 0.44891465986 0.99409465986 0.99221730986 0.98586929986 0.98364155986 1.01159045986 1.01816085986 1.01274565986 1.01583535986 0.45146320986 0.45530233986 0.98624125986 0.99710825986 0.40720779986
0.44655589986 0.41480980986 0.99371881986 0.08381985986 0 1.01583535986 1.01313125986 0.99109315986 1.01043685986 0.44402391986 0.44204051986 0.25411511986 0.97920585986 0.46174488986 0.46229968986 0.44312173986 0.44709955986 0.98735810986 0.98475455986 0.97883735986 0.97663045986 1.01236045986 1.01043685986 1.01351695986 1.00966875986 0.44982385986 0.45383749986 0.98997069986 0.99710825986 0.41065371986
1.00355245986 1.04987805986 0.78883869986 1.01777285986 1.01583535986 0 0.07317350986 0.38351983986 0.38401968986 0.98922330986 0.99748582986 1.00393335986 0.38102565986 1.03504195986 1.02950405986 1.01351695986 1.01313125986 0.38719303986 0.38451985986 0.78484631986 0.78370945986 0.38468662986 0.21346881986 0.38518725986 0.38970785986 1.01622245986 1.02478955986 0.38268751986 0.38318679986 1.01777285986
1.00241135986 1.04142155986 0.79112965986 1.01428895986 1.01313125986 0.07317350986 0 0.38385302986 0.38385302986 0.98959691986 0.99447072986 1.00051302986 0.38102565986 1.02989825986 1.02871615986 1.01816085986 1.01738495986 0.38535419986 0.38268751986 0.78370945986 0.78257442986 0.38552118986 0.21240743986 0.38602233986 0.38937205986 1.01274565986 1.02911005986 0.37936747986 0.37705213986 1.01971535986
0.99221730986 1.00851815986 0.76797271986 1.00089228986 0.99109315986 0.38351983986 0.38385302986 0 0.17365247986 0.97846915986 0.98253015986 0.99409465986 0.06506887586 1.01313125986 1.01428895986 0.99259240986 0.99748582986 0.06834398986 0.06517781986 0.76769465986 0.76408955986 0.17491255986 0.38003031986 0.17529099986 0.19290881986 0.99786355986 1.00584035986 0.36851439986 0.37145877986 0.99034465986
0.99597675986 1.01622245986 0.77355515986 1.01120575986 1.01043685986 0.38401968986 0.38385302986 0.17365247986 0 0.97552935986 0.98179015986 1.00013399986 0.17076229986 1.00545855986 1.00393335986 0.98810365986 0.99259240986 0.17630108986 0.17390432986 0.77243531986 0.76936442986 0.05975008986 0.38119167986 0.05975008986 0.19523761986 0.99824149986 1.01274565986 0.37573231986 0.37953311986 0.99861955986
0.25917795986 0.44186047986 0.99635369986 0.44168045986 0.44402391986 0.98922330986 0.98959691986 0.97846915986 0.97552935986 0 0.04954438786 0.43362451986 0.97736535986 0.45713741986 0.45750495986 0.14608901986 0.14778997986 0.98031229986 0.97920585986 0.98327089986 0.98216009986 0.98068148986 0.98364155986 0.98142040986 0.98773080986 0.17566961986 0.18149932986 0.96895675986 0.97626325986 0.43469367986
0.25636105986 0.44366291986 0.98922330986 0.44096085986 0.44204051986 0.99748582986 0.99447072986 0.98253015986 0.98179015986 0.04954438786 0 0.43630022986 0.98105085986 0.45456955986 0.45511908986 0.14608901986 0.14742515986 0.98179015986 0.98253015986 0.97516269986 0.97479625986 0.98290045986 0.99221730986 0.98327089986 0.98735810986 0.17529099986 0.18035515986 0.97442991986 0.97810102986 0.43665770986
0.43952373986 0.40634880986 0.98847670986 0.25411511986 0.25411511986 1.00393335986 1.00051302986 0.99409465986 1.00013399986 0.43362451986 0.43630022986 0 0.97846915986 0.45566899986 0.45511908986 0.44276115986 0.44492722986 0.98735810986 0.98698565986 0.96968425986 0.96895675986 0.99184245986 0.99824149986 0.99334315986 1.00355245986 0.44402391986 0.45128085986 0.97552935986 0.97920585986 0.40514782986
0.98549755986 0.99975509986 0.76381295986 0.98810365986 0.97920585986 0.38102565986 0.38102565986 0.06506887586 0.17076229986 0.97736535986 0.98105085986 0.97846915986 0 1.00736935986 1.00622235986 0.98884988986 0.99409465986 0.04179539986 0.03873911586 0.76270755986 0.75885155986 0.17176630986 0.37705213986 0.17214316986 0.18981497986 0.99334315986 1.00469555986 0.36558152986 0.36574415986 0.98068148986
0.45805665986 0.47216945986 0.99673085986 0.46489421986 0.46174488986 1.03504195986 1.02989825986 1.01313125986 1.00545855986 0.45713741986 0.45456955986 0.45566899986 1.00736935986 0 0.03287234686 0.46359581986 0.46433747986 1.01506165986 1.01428895986 0.97663045986 0.97552935986 1.01313125986 1.02596545986 1.01428895986 1.02205295986 0.46304005986 0.46824325986 0.99975509986 1.00851815986 0.47029728986
0.45787272986 0.47011030986 0.99034465986 0.46507988986 0.46229968986 1.02950405986 1.02871615986 1.01428895986 1.00393335986 0.45750495986 0.45511908986 0.45511908986 1.00622235986 0.03287234686 0 0.46304005986 0.46433747986 1.01467525986 1.01120575986 0.97479625986 0.97369785986 1.01313125986 1.02088325986 1.01428895986 1.01893775986 0.46211469986 0.46712525986 1.00431435986 1.01467525986 0.47123277986
0.26313949986 0.44855127986 0.99559995986 0.44583160986 0.44312173986 1.01351695986 1.01816085986 0.99259240986 0.98810365986 0.14608901986 0.14608901986 0.44276115986 0.98884988986 0.46359581986 0.46304005986 0 0.03078814386 0.99447072986 0.99861955986 0.98401235986 0.98401235986 0.99334315986 1.00890155986 0.99409465986 0.99748582986 0.18137209986 0.18404816986 0.98586929986 0.98884988986 0.43826849986
0.26598200986 0.45018783986 1.00660445986 0.44891465986 0.44709955986 1.01313125986 1.01738495986 0.99748582986 0.99259240986 0.14778997986 0.14742515986 0.44492722986 0.99409465986 0.46433747986 0.46433747986 0.03078814386 0 0.99786355986 1.00165145986 0.99484695986 0.99447072986 0.99409465986 1.01120575986 0.99484695986 1.00203125986 0.18404816986 0.18583754986 0.98884988986 0.99409465986 0.44132057986
0.99371881986 1.01043685986 0.76630599986 0.99409465986 0.98735810986 0.38719303986 0.38535419986 0.06834398986 0.17630108986 0.98031229986 0.98179015986 0.98735810986 0.04179539986 1.01506165986 1.01467525986 0.99447072986 0.99786355986 0 0.02933263986 0.76602859986 0.76270755986 0.17819870986 0.38235485986 0.17857880986 0.19446055986 0.99786355986 1.00966875986 0.37080348986 0.37227872986 0.99522335986
0.99146772986 1.00890155986 0.76491995986 0.99221730986 0.98475455986 0.38451985986 0.38268751986 0.06517781986 0.17390432986 0.97920585986 0.98253015986 0.98698565986 0.03873911586 1.01428895986 1.01120575986 0.99861955986 1.00165145986 0.02933263986 0 0.76519698986 0.76132810986 0.17579587986 0.38168997986 0.17617475986 0.19200513986 0.99673085986 1.00928505986 0.36884097986 0.36933112986 0.98698565986
0.96968425986 0.99522335986 0.10592194386 0.98586929986 0.97883735986 0.78484631986 0.78370945986 0.76769465986 0.77243531986 0.98327089986 0.97516269986 0.96968425986 0.76270755986 0.97663045986 0.97479625986 0.98401235986 0.99484695986 0.76602859986 0.76519698986 0 0.00471011915999998 0.76602859986 0.78002675986 0.76658355986 0.77131719986 0.98179015986 1.00013399986 0.76160385986 0.75610930986 0.97957450986
0.96895675986 0.99522335986 0.10488737986 0.98364155986 0.97663045986 0.78370945986 0.78257442986 0.76408955986 0.76936442986 0.98216009986 0.97479625986 0.96895675986 0.75885155986 0.97552935986 0.97369785986 0.98401235986 0.99447072986 0.76270755986 0.76132810986 0.00471011915999998 0 0.76215545986 0.77917945986 0.76270755986 0.76769465986 0.98216009986 1.00165145986 0.76105255986 0.75610930986 0.97957450986
0.99824149986 1.01971535986 0.76936442986 1.01159045986 1.01236045986 0.38468662986 0.38552118986 0.17491255986 0.05975008986 0.98068148986 0.98290045986 0.99184245986 0.17176630986 1.01313125986 1.01313125986 0.99334315986 0.99409465986 0.17819870986 0.17579587986 0.76602859986 0.76215545986 0 0.38235485986 0.00150069999999998 0.19420170986 1.00127175986 1.01699715986 0.37771295986 0.37804354986 0.99710825986
1.00203125986 1.04543665986 0.78541535986 1.01816085986 1.01043685986 0.21346881986 0.21240743986 0.38003031986 0.38119167986 0.98364155986 0.99221730986 0.99824149986 0.37705213986 1.02596545986 1.02088325986 1.00890155986 1.01120575986 0.38235485986 0.38168997986 0.78002675986 0.77917945986 0.38235485986 0 0.38285390986 0.38752785986 1.01005275986 1.03226785986 0.38036195986 0.37721727986 1.02675025986
0.99937642986 1.02049365986 0.77020065986 1.01274565986 1.01351695986 0.38518725986 0.38602233986 0.17529099986 0.05975008986 0.98142040986 0.98327089986 0.99334315986 0.17214316986 1.01428895986 1.01428895986 0.99409465986 0.99484695986 0.17857880986 0.17617475986 0.76658355986 0.76270755986 0.00150069999999998 0.38285390986 0 0.19446055986 1.00203125986 1.01777285986 0.37804354986 0.37853975986 0.99786355986
1.00584035986 1.04182215986 0.77355515986 1.01583535986 1.00966875986 0.38970785986 0.38937205986 0.19290881986 0.19523761986 0.98773080986 0.98735810986 1.00355245986 0.18981497986 1.02205295986 1.01893775986 0.99748582986 1.00203125986 0.19446055986 0.19200513986 0.77131719986 0.76769465986 0.19420170986 0.38752785986 0.19446055986 0 1.00775215986 1.01932645986 0.37622695986 0.37672195986 1.02166285986
0.26158068986 0.45383749986 0.99071885986 0.45146320986 0.44982385986 1.01622245986 1.01274565986 0.99786355986 0.99824149986 0.17566961986 0.17529099986 0.44402391986 0.99334315986 0.46304005986 0.46211469986 0.18137209986 0.18404816986 0.99786355986 0.99673085986 0.98179015986 0.98216009986 1.00127175986 1.01005275986 1.00203125986 1.00775215986 0 0.18507015986 0.98290045986 0.98773080986 0.44655589986
0.27012292986 0.45677005986 1.01854925986 0.45530233986 0.45383749986 1.02478955986 1.02911005986 1.00584035986 1.01274565986 0.18149932986 0.18035515986 0.45128085986 1.00469555986 0.46824325986 0.46712525986 0.18404816986 0.18583754986 1.00966875986 1.00928505986 1.00013399986 1.00165145986 1.01699715986 1.03226785986 1.01777285986 1.01932645986 0.18507015986 0 1.00545855986 1.00890155986 0.45219293986
0.99409465986 1.02635775986 0.76132810986 0.98624125986 0.98997069986 0.38268751986 0.37936747986 0.36851439986 0.37573231986 0.96895675986 0.97442991986 0.97552935986 0.36558152986 0.99975509986 1.00431435986 0.98586929986 0.98884988986 0.37080348986 0.36884097986 0.76160385986 0.76105255986 0.37771295986 0.38036195986 0.37804354986 0.37622695986 0.98290045986 1.00545855986 0 0.15573819986 0.99673085986
0.99899785986 1.03583655986 0.76215545986 0.99710825986 0.99710825986 0.38318679986 0.37705213986 0.37145877986 0.37953311986 0.97626325986 0.97810102986 0.97920585986 0.36574415986 1.00851815986 1.01467525986 0.98884988986 0.99409465986 0.37227872986 0.36933112986 0.75610930986 0.75610930986 0.37804354986 0.37721727986 0.37853975986 0.37672195986 0.98773080986 1.00890155986 0.15573819986 0 1.01467525986
0.44764361986 0.11564730586 0.99296775986 0.40720779986 0.41065371986 1.01777285986 1.01971535986 0.99034465986 0.99861955986 0.43469367986 0.43665770986 0.40514782986 0.98068148986 0.47029728986 0.47123277986 0.43826849986 0.44132057986 0.99522335986 0.98698565986 0.97957450986 0.97957450986 0.99710825986 1.02675025986 0.99786355986 1.02166285986 0.44655589986 0.45219293986 0.99673085986 1.01467525986 0
