0 0.95866317 0.9738958 0.9827411 0.98794943 0.9775687 0.97426224 0.9669665 0.98645765 0.9901927 0.9980974 0.9604604 0.9604604 0.9857129 0.99357027 1.0064689 0.99923354 0.9637064 0.9593815 0.9666036 0.9691478 0.95866317 0.9764649 0.9572284 0.9691478 0.9779369 0.98051995 0.9969631 1.0034139 1.0080011
0.95866317 0 0.23685543 0.97867405 0.9980974 0.9698763 0.26209718 0.9651536 0.97426224 0.9572284 0.96190137 0.98794943 0.2565861 0.8020814 0.8026644 0.9962078 0.9962078 0.25588247 0.25912464 0.8147164 0.812645 0.25125498 0.9790429 0.25251418 0.9950763 1.0072346 0.38931137 1.0122308 1.0072346 0.9695119
0.9738958 0.23685543 0 0.95258445 0.9662408 0.9522284 0.2529344 0.9764649 0.97352946 0.9540103 0.9666036 1.0091523 0.25139478 0.7902292 0.79310274 0.9980974 0.99999183 0.24776822 0.2520942 0.7936788 0.79310274 0.2430521 0.99281836 0.24374379 0.97024083 0.99169195 0.385289 1.0053219 1.0053219 0.9669665
0.9827411 0.97867405 0.95258445 0 0.21349831 0.20965317 0.97206604 0.97352946 0.96769285 0.8716434 0.8729233 0.9962078 0.9764649 0.96479154 0.97499573 1.0157093 1.0110749 0.97243166 0.9790429 0.9536536 0.95472425 0.96841997 0.99734104 0.9706055 0.99923354 1.001891 0.9554389 1.025065 1.0227151 0.8719632
0.98794943 0.9980974 0.9662408 0.21349831 0 0.19706325 0.9808897 0.9775687 0.9768326 0.8592779 0.8652767 0.99885464 0.9962078 0.959741 0.9706055 0.9980974 0.9931942 0.97720057 0.9783054 0.9504507 0.95080596 0.97941184 0.9931942 0.9808897 0.9860852 0.99658537 0.9658782 1.0083846 0.99923354 0.8668633
0.9775687 0.9698763 0.9522284 0.20965317 0.19706325 0 0.96841997 0.9709704 0.9680563 0.86654574 0.86654574 0.99658537 0.96334505 0.9680563 0.9857129 0.9958304 0.9950763 0.9666036 0.96479154 0.96334505 0.9666036 0.9658782 0.98125964 0.96479154 0.9838541 0.99999183 0.95258445 1.014548 1.0188149 0.8636934
0.97426224 0.26209718 0.2529344 0.97206604 0.9808897 0.96841997 0 0.98794943 0.97867405 0.96334505 0.97499573 0.9655158 0.2000604 0.79714435 0.8047084 0.9872032 0.99169195 0.19706325 0.20071353 0.806758 0.80617183 0.19368954 0.97426224 0.19472599 0.98125964 1.0080011 0.3935244 1.0141612 1.0091523 0.97720057
0.9669665 0.9651536 0.9764649 0.97352946 0.9775687 0.9709704 0.98794943 0 0.18136261 0.9962078 1.0041765 0.6889701 0.96190137 0.9845971 0.9894442 0.9860852 0.9924427 0.9662408 0.9695119 0.9713354 0.9695119 0.97170067 0.64233804 0.9746289 0.9901927 0.99357027 0.98832285 0.9901927 0.9894442 0.9939465
0.98645765 0.97426224 0.97352946 0.96769285 0.9768326 0.9680563 0.97867405 0.18136261 0 0.98683035 0.9977191 0.68621874 0.9557965 0.990942 0.9924427 0.9962078 1.0080011 0.96010065 0.9662408 0.982 0.9860852 0.96841997 0.63975227 0.97024083 0.9853408 0.9958304 0.9838541 0.990942 0.99847597 0.9931942
0.9901927 0.9572284 0.9540103 0.8716434 0.8592779 0.86654574 0.96334505 0.9962078 0.98683035 0 0.13171802 0.9924427 0.95508146 0.9898184 1.0041765 1.0215429 1.0164845 0.96190137 0.96226203 0.9655158 0.9611805 0.9568702 1.0011308 0.9583042 0.98794943 1.0301816 0.96226203 1.0266355 1.01146 0.28645793
0.9980974 0.96190137 0.9666036 0.8729233 0.8652767 0.86654574 0.97499573 1.0041765 0.9977191 0.13171802 0 1.001891 0.9655158 1.0015109 1.0095364 1.0211525 1.0168724 0.9698763 0.9669665 0.97316337 0.9727974 0.9673296 1.0118452 0.9687838 0.9950763 1.0203725 0.9831119 1.0199828 1.019204 0.2835334
0.9604604 0.98794943 1.0091523 0.9962078 0.99885464 0.99658537 0.9655158 0.6889701 0.68621874 0.9924427 1.001891 0 0.9666036 0.9860852 0.9931942 1.0377234 1.0413225 0.97499573 0.9651536 0.9845971 0.9872032 0.9709704 0.68049824 0.97206604 1.0053219 1.0126165 0.9845971 1.0045581 1.0064689 1.0060863
0.9604604 0.2565861 0.25139478 0.9764649 0.9962078 0.96334505 0.2000604 0.96190137 0.9557965 0.95508146 0.9655158 0.9666036 0 0.8102846 0.8079317 0.99658537 0.99545324 0.130289 0.1342254 0.8073446 0.80705124 0.11836807 0.97609735 0.11942267 0.97243166 0.98348296 0.3816207 0.98832285 0.9842255 0.9738958
0.9857129 0.8020814 0.7902292 0.96479154 0.959741 0.9680563 0.79714435 0.9845971 0.990942 0.9898184 1.0015109 0.9860852 0.8102846 0 0.11195528 1.0293922 1.0301816 0.8079317 0.81382793 0.26053867 0.25926593 0.8026644 1.01069 0.80324787 0.9950763 1.0060863 0.7822413 1.0068517 1.0110749 0.98496884
0.99357027 0.8026644 0.79310274 0.97499573 0.9706055 0.9857129 0.8047084 0.9894442 0.9924427 1.0041765 1.0095364 0.9931942 0.8079317 0.11195528 0 1.0329514 1.036926 0.81353205 0.8150128 0.25968993 0.25785428 0.8120542 1.0083846 0.8111689 0.9853408 1.0076177 0.79310274 1.019204 1.0207624 0.9931942
1.0064689 0.9962078 0.9980974 1.0157093 0.9980974 0.9958304 0.9872032 0.9860852 0.9962078 1.0215429 1.0211525 1.0377234 0.99658537 1.0293922 1.0329514 0 0.0983792 0.99056727 0.9898184 1.001891 0.99961257 0.99545324 1.0522244 1.000751 0.8153093 0.82998335 0.97426224 0.59865856 0.5765499 1.0164845
0.99923354 0.9962078 0.99999183 1.0110749 0.9931942 0.9950763 0.99169195 0.9924427 1.0080011 1.0164845 1.0168724 1.0413225 0.99545324 1.0301816 1.036926 0.0983792 0 0.990942 0.98794943 0.9946995 0.99056727 0.9962078 1.0595814 1.000751 0.81382793 0.8179831 0.9801504 0.5979924 0.57590306 1.0060863
0.9637064 0.25588247 0.24776822 0.97243166 0.97720057 0.9666036 0.19706325 0.9662408 0.96010065 0.96190137 0.9698763 0.97499573 0.130289 0.8079317 0.81353205 0.99056727 0.990942 0 0.08931291 0.8194727 0.81768554 0.12342017 0.9901927 0.12436386 0.98348296 0.9950763 0.38478774 0.97573 0.9827411 0.97573
0.9593815 0.25912464 0.2520942 0.9790429 0.9783054 0.96479154 0.20071353 0.9695119 0.9662408 0.96226203 0.9669665 0.9651536 0.1342254 0.81382793 0.8150128 0.9898184 0.98794943 0.08931291 0 0.81590265 0.81679356 0.12566338 0.9962078 0.12625483 0.9827411 0.9977191 0.38178706 0.97867405 0.98757625 0.98237044
0.9666036 0.8147164 0.7936788 0.9536536 0.9504507 0.96334505 0.806758 0.9713354 0.982 0.9655158 0.97316337 0.9845971 0.8073446 0.26053867 0.25968993 1.001891 0.9946995 0.8194727 0.81590265 0 0.013521152 0.811759 0.98683035 0.811759 0.9680563 0.98237044 0.80324787 0.99281836 0.9939465 0.9753628
0.9691478 0.812645 0.79310274 0.95472425 0.95080596 0.9666036 0.80617183 0.9695119 0.9860852 0.9611805 0.9727974 0.9872032 0.80705124 0.25926593 0.25785428 0.99961257 0.99056727 0.81768554 0.81679356 0.013521152 0 0.81234956 0.99056727 0.81234956 0.9709704 0.9808897 0.8023729 0.9962078 0.9950763 0.97206604
0.95866317 0.25125498 0.2430521 0.96841997 0.97941184 0.9658782 0.19368954 0.97170067 0.96841997 0.9568702 0.9673296 0.9709704 0.11836807 0.8026644 0.8120542 0.99545324 0.9962078 0.12342017 0.12566338 0.811759 0.81234956 0 0.97426224 0.010269996 0.97243166 0.98757625 0.38178706 0.99056727 0.99357027 0.9727974
0.9764649 0.9790429 0.99281836 0.99734104 0.9931942 0.98125964 0.97426224 0.64233804 0.63975227 1.0011308 1.0118452 0.68049824 0.97609735 1.01069 1.0083846 1.0522244 1.0595814 0.9901927 0.9962078 0.98683035 0.99056727 0.97426224 0 0.9753628 1.0164845 1.0282096 0.9746289 1.0270288 1.032159 1.0072346
0.9572284 0.25251418 0.24374379 0.9706055 0.9808897 0.96479154 0.19472599 0.9746289 0.97024083 0.9583042 0.9687838 0.97206604 0.11942267 0.80324787 0.8111689 1.000751 1.000751 0.12436386 0.12625483 0.811759 0.81234956 0.010269996 0.9753628 0 0.97426224 0.9898184 0.38245285 0.99281836 0.9958304 0.97243166
0.9691478 0.9950763 0.97024083 0.99923354 0.9860852 0.9838541 0.98125964 0.9901927 0.9853408 0.98794943 0.9950763 1.0053219 0.97243166 0.9950763 0.9853408 0.8153093 0.81382793 0.98348296 0.9827411 0.9680563 0.9709704 0.97243166 1.0164845 0.97426224 0 0.4958489 0.982 0.8278694 0.82907665 1.0053219
0.9779369 1.0072346 0.99169195 1.001891 0.99658537 0.99999183 1.0080011 0.99357027 0.9958304 1.0301816 1.0203725 1.0126165 0.98348296 1.0060863 1.0076177 0.82998335 0.8179831 0.9950763 0.9977191 0.98237044 0.9808897 0.98757625 1.0282096 0.9898184 0.4958489 0 0.9775687 0.82455945 0.8263631 1.0258498
0.98051995 0.38931137 0.385289 0.9554389 0.9658782 0.95258445 0.3935244 0.98832285 0.9838541 0.96226203 0.9831119 0.9845971 0.3816207 0.7822413 0.79310274 0.97426224 0.9801504 0.38478774 0.38178706 0.80324787 0.8023729 0.38178706 0.9746289 0.38245285 0.982 0.9775687 0 0.99923354 1.0011308 0.97867405
0.9969631 1.0122308 1.0053219 1.025065 1.0083846 1.014548 1.0141612 0.9901927 0.990942 1.0266355 1.0199828 1.0045581 0.98832285 1.0068517 1.019204 0.59865856 0.5979924 0.97573 0.97867405 0.99281836 0.9962078 0.99056727 1.0270288 0.99281836 0.8278694 0.82455945 0.99923354 0 0.34430766 1.0215429
1.0034139 1.0072346 1.0053219 1.0227151 0.99923354 1.0188149 1.0091523 0.9894442 0.99847597 1.01146 1.019204 1.0064689 0.9842255 1.0110749 1.0207624 0.5765499 0.57590306 0.9827411 0.98757625 0.9939465 0.9950763 0.99357027 1.032159 0.9958304 0.82907665 0.8263631 1.0011308 0.34430766 0 1.0246727
1.0080011 0.9695119 0.9669665 0.8719632 0.8668633 0.8636934 0.97720057 0.9939465 0.9931942 0.28645793 0.2835334 1.0060863 0.9738958 0.98496884 0.9931942 1.0164845 1.0060863 0.97573 0.98237044 0.9753628 0.97206604 0.9727974 1.0072346 0.97243166 1.0053219 1.0258498 0.97867405 1.0215429 1.0246727 0
