0 0.9565121 0.61596274 0.6157354 0.6221262 0.9518725 0.9479691 0.620981 0.9827411 0.94092345 0.9405729 0.9950763 0.6255724 0.98125964 0.97941184 1.0045581 0.9958304 0.62258476 0.6193806 0.9816297 0.98645765 0.97499573 0.97243166 0.97941184 0.9430302 0.94373375 0.93082345 0.9270277 0.9831119 0.9511613
0.9565121 0 0.9540103 0.9575869 0.9575869 0.5426017 0.5421895 0.9493862 0.9845971 0.55006033 0.54902 1.001891 0.9691478 1.0034139 1.0011308 1.0022715 0.9962078 0.95258445 0.95472425 0.97573 0.97867405 0.9962078 0.9950763 0.99734104 0.3888074 0.5407486 0.30906525 0.53094184 0.9857129 0.19914696
0.61596274 0.9540103 0 0.18161736 0.26068023 0.9483231 0.94620144 0.26110503 0.9845971 0.9500957 0.9493862 0.96226203 0.2649392 0.98907024 0.98757625 0.9950763 0.9894442 0.25983134 0.2577133 0.9753628 0.9727974 0.98757625 0.9746289 0.9894442 0.9304776 0.94549555 0.9395222 0.9342909 0.9845971 0.9608204
0.6157354 0.9575869 0.18161736 0 0.25181437 0.9335961 0.93847305 0.25700858 0.9801504 0.94549555 0.9511613 0.9590223 0.25447717 0.9816297 0.97978103 0.98832285 0.9845971 0.2515346 0.25055632 0.9727974 0.9687838 0.9842255 0.98757625 0.9894442 0.94162506 0.9335961 0.9497408 0.91575444 0.9768326 0.9644296
0.6221262 0.9575869 0.26068023 0.25181437 0 0.927372 0.92840576 0.17818545 0.9860852 0.9476152 0.946908 0.98348296 0.18289244 0.9901927 0.9872032 0.9901927 0.9853408 0.17894675 0.18059887 0.98348296 0.9831119 0.9939465 0.9901927 0.9977191 0.93082345 0.9287507 0.9370764 0.92840576 0.98907024 0.9583042
0.9518725 0.5426017 0.9483231 0.9335961 0.927372 0 0.13231426 0.929441 1.0080011 0.42264256 0.41983685 0.9901927 0.93672764 1.0203725 1.0246727 1.0164845 1.0126165 0.93082345 0.9304776 0.9901927 0.98907024 0.9872032 0.9842255 0.98907024 0.537056 0.34036154 0.53828484 0.2889528 1.0060863 0.5421895
0.9479691 0.5421895 0.94620144 0.93847305 0.92840576 0.13231426 0 0.9304776 1.0015109 0.4215892 0.4200119 0.9808897 0.9395222 1.005704 1.0095364 1.0087683 1.000751 0.92909575 0.931862 0.9827411 0.98237044 0.9831119 0.9845971 0.9860852 0.5264896 0.33643606 0.53828484 0.28851193 1.001891 0.5384899
0.620981 0.9493862 0.26110503 0.25700858 0.17818545 0.929441 0.9304776 0 0.98237044 0.94232726 0.9433819 0.97978103 0.12012657 0.99056727 0.9857129 0.9950763 0.9860852 0.116146535 0.11754884 0.9775687 0.9790429 0.99545324 0.97867405 0.9969631 0.91983426 0.9304776 0.92840576 0.91779155 0.9946995 0.9557965
0.9827411 0.9845971 0.9845971 0.9801504 0.9860852 1.0080011 1.0015109 0.98237044 0 1.0003713 0.9950763 0.5828315 0.98794943 0.12755762 0.12542693 0.08672651 0.08493251 0.9845971 0.98496884 0.6155082 0.61664504 0.61960906 0.5277012 0.62304366 1.0076177 1.0122308 0.99961257 1.0045581 0.6318157 1.0207624
0.94092345 0.55006033 0.9500957 0.94549555 0.9476152 0.42264256 0.4215892 0.94232726 1.0003713 0 0.061558582 1.0053219 0.9568702 1.0137748 1.0099207 1.0157093 1.0080011 0.944438 0.9500957 0.97499573 0.9746289 1.0068517 0.9779369 1.0118452 0.53644234 0.41773945 0.55089366 0.41739044 0.9831119 0.5504769
0.9405729 0.54902 0.9493862 0.9511613 0.946908 0.41983685 0.4200119 0.9433819 0.9950763 0.061558582 0 1.0095364 0.96010065 1.0045581 1.0011308 1.01146 1.002652 0.9479691 0.95258445 0.9698763 0.97170067 1.005704 0.9651536 1.0091523 0.53480834 0.41338858 0.5483964 0.417216 0.9831119 0.55110216
0.9950763 1.001891 0.96226203 0.9590223 0.98348296 0.9901927 0.9808897 0.97978103 0.5828315 1.0053219 1.0095364 0 0.98348296 0.5904835 0.58697575 0.58413774 0.5819619 0.97573 0.9783054 0.6198375 0.618924 0.6283408 0.5810934 0.6267246 1.0030329 1.0037951 1.0168724 0.98907024 0.62189704 1.0037951
0.6255724 0.9691478 0.2649392 0.25447717 0.18289244 0.93672764 0.9395222 0.12012657 0.98794943 0.9568702 0.96010065 0.98348296 0 0.9920673 0.98869646 0.99658537 0.98869646 0.035004307 0.036262695 0.98051995 0.9808897 1.0080011 0.98237044 1.01146 0.9346385 0.94092345 0.9593815 0.9259958 0.99056727 0.9775687
0.98125964 1.0034139 0.98907024 0.9816297 0.9901927 1.0203725 1.005704 0.99056727 0.12755762 1.0137748 1.0045581 0.5904835 0.9920673 0 0.032807194 0.13207571 0.12838785 0.99131685 0.99169195 0.61915225 0.6212099 0.6244219 0.53480834 0.62903446 1.0180373 1.01069 1.0015109 1.0022715 0.6311194 1.0341415
0.97941184 1.0011308 0.98757625 0.97978103 0.9872032 1.0246727 1.0095364 0.9857129 0.12542693 1.0099207 1.0011308 0.58697575 0.98869646 0.032807194 0 0.12981327 0.12755762 0.9872032 0.98794943 0.6132396 0.614373 0.6235028 0.53033316 0.627186 1.0133885 1.0130024 1.0030329 0.99961257 0.62926584 1.033348
1.0045581 1.0022715 0.9950763 0.98832285 0.9901927 1.0164845 1.0087683 0.9950763 0.08672651 1.0157093 1.01146 0.58413774 0.99658537 0.13207571 0.12981327 0 0.026254207 0.99169195 0.99281836 0.6164175 0.617328 0.632745 0.5350124 0.63554007 1.019204 1.0211525 1.0083846 1.0099207 0.63414127 1.0353336
0.9958304 0.9962078 0.9894442 0.9845971 0.9853408 1.0126165 1.000751 0.9860852 0.08493251 1.0080011 1.002652 0.5819619 0.98869646 0.12838785 0.12755762 0.026254207 0 0.9853408 0.98645765 0.60872287 0.6091733 0.62880313 0.5291173 0.6315835 1.0103053 1.0172604 1.0037951 1.0064689 0.6285719 1.0274222
0.62258476 0.95258445 0.25983134 0.2515346 0.17894675 0.93082345 0.92909575 0.116146535 0.9845971 0.944438 0.9479691 0.97573 0.035004307 0.99131685 0.9872032 0.99169195 0.9853408 0 0.026254207 0.9783054 0.97941184 1.0034139 0.9746289 1.0060863 0.92393637 0.93116945 0.9458484 0.9188122 0.9920673 0.96406794
0.6193806 0.95472425 0.2577133 0.25055632 0.18059887 0.9304776 0.931862 0.11754884 0.98496884 0.9500957 0.95258445 0.9783054 0.036262695 0.99169195 0.98794943 0.99281836 0.98645765 0.026254207 0 0.98348296 0.9842255 1.0060863 0.9727974 1.0080011 0.928061 0.93151563 0.94514287 0.91711193 0.9898184 0.96334505
0.9816297 0.97573 0.9753628 0.9727974 0.98348296 0.9901927 0.9827411 0.9775687 0.6155082 0.97499573 0.9698763 0.6198375 0.98051995 0.61915225 0.6132396 0.6164175 0.60872287 0.9783054 0.98348296 0 0.01924481 0.55089366 0.6121078 0.54985213 0.9838541 0.9853408 0.98125964 0.9738958 0.27309844 0.9857129
0.98645765 0.97867405 0.9727974 0.9687838 0.9831119 0.98907024 0.98237044 0.9790429 0.61664504 0.9746289 0.97170067 0.618924 0.9808897 0.6212099 0.614373 0.617328 0.6091733 0.97941184 0.9842255 0.01924481 0 0.5506852 0.6150539 0.54902 0.9872032 0.9853408 0.9827411 0.9727974 0.27079913 0.99169195
0.97499573 0.9962078 0.98757625 0.9842255 0.9939465 0.9872032 0.9831119 0.99545324 0.61960906 1.0068517 1.005704 0.6283408 1.0080011 0.6244219 0.6235028 0.632745 0.62880313 1.0034139 1.0060863 0.55089366 0.5506852 0 0.6232732 0.016581964 1.0203725 0.9958304 1.0053219 0.9831119 0.5536084 1.0053219
0.97243166 0.9950763 0.9746289 0.98757625 0.9901927 0.9842255 0.9845971 0.97867405 0.5277012 0.9779369 0.9651536 0.5810934 0.98237044 0.53480834 0.53033316 0.5350124 0.5291173 0.9746289 0.9727974 0.6121078 0.6150539 0.6232732 0 0.62741685 1.0160967 0.9842255 1.0053219 0.98869646 0.62511194 1.0262426
0.97941184 0.99734104 0.9894442 0.9894442 0.9977191 0.98907024 0.9860852 0.9969631 0.62304366 1.0118452 1.0091523 0.6267246 1.01146 0.62903446 0.627186 0.63554007 0.6315835 1.0060863 1.0080011 0.54985213 0.54902 0.016581964 0.62741685 0 1.019204 0.99658537 1.000751 0.9898184 0.5529811 1.0060863
0.9430302 0.3888074 0.9304776 0.94162506 0.93082345 0.537056 0.5264896 0.91983426 1.0076177 0.53644234 0.53480834 1.0030329 0.9346385 1.0180373 1.0133885 1.019204 1.0103053 0.92393637 0.928061 0.9838541 0.9872032 1.0203725 1.0160967 1.019204 0 0.52931976 0.38195345 0.5200604 1.0034139 0.38863948
0.94373375 0.5407486 0.94549555 0.9335961 0.9287507 0.34036154 0.33643606 0.9304776 1.0122308 0.41773945 0.41338858 1.0037951 0.94092345 1.01069 1.0130024 1.0211525 1.0172604 0.93116945 0.93151563 0.9853408 0.9853408 0.9958304 0.9842255 0.99658537 0.52931976 0 0.5384899 0.3339345 1.000751 0.54095423
0.93082345 0.30906525 0.9395222 0.9497408 0.9370764 0.53828484 0.53828484 0.92840576 0.99961257 0.55089366 0.5483964 1.0168724 0.9593815 1.0015109 1.0030329 1.0083846 1.0037951 0.9458484 0.94514287 0.98125964 0.9827411 1.0053219 1.0053219 1.000751 0.38195345 0.5384899 0 0.52306724 1.0041765 0.31558636
0.9270277 0.53094184 0.9342909 0.91575444 0.92840576 0.2889528 0.28851193 0.91779155 1.0045581 0.41739044 0.417216 0.98907024 0.9259958 1.0022715 0.99961257 1.0099207 1.0064689 0.9188122 0.91711193 0.9738958 0.9727974 0.9831119 0.98869646 0.9898184 0.5200604 0.3339345 0.52306724 0 0.9860852 0.5339927
0.9831119 0.9857129 0.9845971 0.9768326 0.98907024 1.0060863 1.001891 0.9946995 0.6318157 0.9831119 0.9831119 0.62189704 0.99056727 0.6311194 0.62926584 0.63414127 0.6285719 0.9920673 0.9898184 0.27309844 0.27079913 0.5536084 0.62511194 0.5529811 1.0034139 1.000751 1.0041765 0.9860852 0 1.005704
0.9511613 0.19914696 0.9608204 0.9644296 0.9583042 0.5421895 0.5384899 0.9557965 1.0207624 0.5504769 0.55110216 1.0037951 0.9775687 1.0341415 1.033348 1.0353336 1.0274222 0.96406794 0.96334505 0.9857129 0.99169195 1.0053219 1.0262426 1.0060863 0.38863948 0.54095423 0.31558636 0.5339927 1.005704 0
