0 1.0278157 1.0130024 0.29842037 0.9349863 0.9522284 0.95080596 1.000751 0.929441 0.93847305 0.30364898 1.0168724 0.30005974 0.94903165 0.93847305 0.9225665 0.92462224 1.01069 1.000751 0.44656178 0.44456926 0.94267863 0.9160936 0.94514287 0.9297863 0.95472425 0.9232511 0.9242792 0.92393637 0.93987226
1.0278157 0 0.14798503 1.005704 1.0045581 1.0011308 0.99923354 0.15508364 0.99847597 0.99281836 1.0211525 0.21870063 1.0118452 0.99885464 1.0045581 0.9962078 1.0003713 0.15717708 0.15594494 1.0160967 1.0110749 1.0011308 0.9950763 0.99658537 1.0003713 1.01069 0.9946995 0.99885464 0.99999183 1.0068517
1.0130024 0.14798503 0 0.97573 0.99923354 1.0030329 0.99999183 0.15238315 0.99734104 0.9898184 0.9939465 0.21150698 0.98832285 0.99658537 1.001891 0.99357027 0.9950763 0.15311868 0.15311868 1.0110749 1.0064689 0.99847597 0.98348296 0.99357027 1.001891 0.9969631 0.99658537 0.98794943 0.9831119 0.99847597
0.29842037 1.005704 0.97573 0 0.9242792 0.9360306 0.92909575 0.9738958 0.9150766 0.9249654 0.12519057 0.99545324 0.122006856 0.9433819 0.93812364 0.91813165 0.92359364 0.9857129 0.9857129 0.4398806 0.44330403 0.9465546 0.91406107 0.9472615 0.91813165 0.94867724 0.9130469 0.91813165 0.92085767 0.92840576
0.9349863 1.0045581 0.99923354 0.9242792 0 0.70646286 0.69956917 0.9898184 0.12224222 0.11860229 0.9370764 1.0060863 0.9360306 0.7013504 0.70954716 0.56584156 0.5666926 1.0015109 0.9977191 0.96298385 0.9644296 0.7067194 0.5649914 0.7049255 0.5628704 0.7051815 0.5626586 0.55948913 0.5660542 0.16287111
0.9522284 1.0011308 1.0030329 0.9360306 0.70646286 0 0.07680145 0.9816297 0.7126442 0.70697606 0.92909575 0.9980974 0.9346385 0.29042426 0.29027697 0.6867182 0.6847222 0.98683035 0.98907024 0.94549555 0.9500957 0.29396757 0.67802465 0.293228 0.6955138 0.28236675 0.6847222 0.6807461 0.6899731 0.70390224
0.95080596 0.99923354 0.99999183 0.92909575 0.69956917 0.07680145 0 0.9831119 0.70364666 0.6993151 0.93082345 0.9962078 0.93568236 0.28968817 0.28733754 0.675067 0.6760516 0.98869646 0.98645765 0.9540103 0.9590223 0.29145598 0.6684547 0.29145598 0.680994 0.28120193 0.6723661 0.6669932 0.68223464 0.6922348
1.000751 0.15508364 0.15238315 0.9738958 0.9898184 0.9816297 0.9831119 0 0.9842255 0.9775687 0.98794943 0.21496198 0.9801504 0.9783054 0.9857129 0.9808897 0.9801504 0.08224955 0.0799098 1.0064689 1.0030329 0.9831119 0.97573 0.97978103 0.9894442 0.9816297 0.98496884 0.9894442 0.98869646 0.9924427
0.929441 0.99847597 0.99734104 0.9150766 0.12224222 0.7126442 0.70364666 0.9842255 0 0.066896684 0.93082345 1.0095364 0.92462224 0.70415795 0.7113522 0.5731065 0.57525676 1.0034139 0.9901927 0.953297 0.9557965 0.7080034 0.56818426 0.7062064 0.57181937 0.70288044 0.567971 0.56754464 0.57482624 0.16810805
0.93847305 0.99281836 0.9898184 0.9249654 0.11860229 0.70697606 0.6993151 0.9775687 0.066896684 0 0.9391723 1.0041765 0.93568236 0.6993151 0.7067194 0.5735361 0.5754721 0.99281836 0.9842255 0.96298385 0.9669665 0.70415795 0.56647974 0.7013504 0.5707484 0.69425094 0.5669055 0.56711847 0.57827747 0.16498642
0.30364898 1.0211525 0.9939465 0.12519057 0.9370764 0.92909575 0.93082345 0.98794943 0.93082345 0.9391723 0 1.0095364 0.06221019 0.9349863 0.92909575 0.92017525 0.92359364 0.99281836 0.9943229 0.43290216 0.43504247 0.9304776 0.91983426 0.9287507 0.92119914 0.94514287 0.9110226 0.9150766 0.93116945 0.9374253
1.0168724 0.21870063 0.21150698 0.99545324 1.0060863 0.9980974 0.9962078 0.21496198 1.0095364 1.0041765 1.0095364 0 1.0045581 0.9857129 0.9894442 0.99923354 0.99999183 0.21522841 0.2124356 1.0037951 0.99885464 0.98645765 0.99658537 0.98645765 1.0164845 0.99357027 1.0083846 1.005704 0.9977191 1.0133885
0.30005974 1.0118452 0.98832285 0.122006856 0.9360306 0.9346385 0.93568236 0.9801504 0.92462224 0.93568236 0.06221019 1.0045581 0 0.93812364 0.9349863 0.9304776 0.9335961 0.99281836 0.9924427 0.43272406 0.43414992 0.93672764 0.93082345 0.9349863 0.9256522 0.9504507 0.91813165 0.92393637 0.9346385 0.93255514
0.94903165 0.99885464 0.99658537 0.9433819 0.7013504 0.29042426 0.28968817 0.9783054 0.70415795 0.6993151 0.9349863 0.9857129 0.93812364 0 0.046193816 0.68198633 0.6802505 0.98237044 0.98683035 0.96298385 0.9626228 0.06678736 0.67926043 0.06678736 0.67802465 0.19149184 0.6772841 0.675067 0.68621874 0.69576657
0.93847305 1.0045581 1.001891 0.93812364 0.70954716 0.29027697 0.28733754 0.9857129 0.7113522 0.7067194 0.92909575 0.9894442 0.9349863 0.046193816 0 0.6852207 0.6844731 0.98496884 0.9901927 0.9626228 0.9662408 0.06788129 0.6889701 0.06788129 0.6837262 0.19110468 0.6782716 0.67531306 0.6849714 0.70364666
0.9225665 0.9962078 0.99357027 0.91813165 0.56584156 0.6867182 0.675067 0.9808897 0.5731065 0.5735361 0.92017525 0.99923354 0.9304776 0.68198633 0.6852207 0 0.051316205 0.9931942 0.9931942 0.9493862 0.95866317 0.6795078 0.21296677 0.68049824 0.20372532 0.6869681 0.4100987 0.40923536 0.18136261 0.568611
0.92462224 1.0003713 0.9950763 0.92359364 0.5666926 0.6847222 0.6760516 0.9801504 0.57525676 0.5754721 0.92359364 0.99999183 0.9335961 0.6802505 0.6844731 0.051316205 0 0.99545324 0.9920673 0.9504507 0.9572284 0.68049824 0.21323249 0.68049824 0.20267637 0.68173814 0.40682322 0.40733945 0.1794547 0.5660542
1.01069 0.15717708 0.15311868 0.9857129 1.0015109 0.98683035 0.98869646 0.08224955 1.0034139 0.99281836 0.99281836 0.21522841 0.99281836 0.98237044 0.98496884 0.9931942 0.99545324 0 0.043857697 1.0087683 1.0091523 0.9831119 0.990942 0.97978103 1.0034139 0.9842255 0.99885464 0.99169195 1.0022715 1.0045581
1.000751 0.15594494 0.15311868 0.9857129 0.9977191 0.98907024 0.98645765 0.0799098 0.9901927 0.9842255 0.9943229 0.2124356 0.9924427 0.98683035 0.9901927 0.9931942 0.9920673 0.043857697 0 1.0188149 1.015322 0.98683035 0.9842255 0.9842255 0.99923354 0.9853408 0.9980974 0.99281836 0.9977191 0.9980974
0.44656178 1.0160967 1.0110749 0.4398806 0.96298385 0.94549555 0.9540103 1.0064689 0.953297 0.96298385 0.43290216 1.0037951 0.43272406 0.96298385 0.9626228 0.9493862 0.9504507 1.0087683 1.0188149 0 0.03259828 0.95866317 0.9433819 0.9575869 0.95472425 0.9666036 0.95151687 0.9554389 0.9497408 0.94479036
0.44456926 1.0110749 1.0064689 0.44330403 0.9644296 0.9500957 0.9590223 1.0030329 0.9557965 0.9669665 0.43504247 0.99885464 0.43414992 0.9626228 0.9662408 0.95866317 0.9572284 1.0091523 1.015322 0.03259828 0 0.9608204 0.9511613 0.95866317 0.95794547 0.9698763 0.9568702 0.96334505 0.9615409 0.9511613
0.94267863 1.0011308 0.99847597 0.9465546 0.7067194 0.29396757 0.29145598 0.9831119 0.7080034 0.70415795 0.9304776 0.98645765 0.93672764 0.06678736 0.06788129 0.6795078 0.68049824 0.9831119 0.98683035 0.95866317 0.9608204 0 0.67654437 0.0097632725 0.67555916 0.192396 0.6775309 0.67555916 0.68000287 0.70109564
0.9160936 0.9950763 0.98348296 0.91406107 0.5649914 0.67802465 0.6684547 0.97573 0.56818426 0.56647974 0.91983426 0.99658537 0.93082345 0.67926043 0.6889701 0.21296677 0.21323249 0.990942 0.9842255 0.9433819 0.9511613 0.67654437 0 0.6745752 0.205433 0.6731017 0.40682322 0.40476185 0.21018235 0.5649914
0.94514287 0.99658537 0.99357027 0.9472615 0.7049255 0.293228 0.29145598 0.97978103 0.7062064 0.7013504 0.9287507 0.98645765 0.9349863 0.06678736 0.06788129 0.68049824 0.68049824 0.97978103 0.9842255 0.9575869 0.95866317 0.0097632725 0.6745752 0 0.67531306 0.19162093 0.6777777 0.67531306 0.67926043 0.69956917
0.9297863 1.0003713 1.001891 0.91813165 0.5628704 0.6955138 0.680994 0.9894442 0.57181937 0.5707484 0.92119914 1.0164845 0.9256522 0.67802465 0.6837262 0.20372532 0.20267637 1.0034139 0.99923354 0.95472425 0.95794547 0.67555916 0.205433 0.67531306 0 0.6854701 0.40527666 0.40236402 0.19966878 0.5656289
0.95472425 1.01069 0.9969631 0.94867724 0.7051815 0.28236675 0.28120193 0.9816297 0.70288044 0.69425094 0.94514287 0.99357027 0.9504507 0.19149184 0.19110468 0.6869681 0.68173814 0.9842255 0.9853408 0.9666036 0.9698763 0.192396 0.6731017 0.19162093 0.6854701 0 0.6686986 0.66748005 0.6874681 0.7033912
0.9232511 0.9946995 0.99658537 0.9130469 0.5626586 0.6847222 0.6723661 0.98496884 0.567971 0.5669055 0.9110226 1.0083846 0.91813165 0.6772841 0.6782716 0.4100987 0.40682322 0.99885464 0.9980974 0.95151687 0.9568702 0.6775309 0.40682322 0.6777777 0.40527666 0.6686986 0 0.17666517 0.40716735 0.5666926
0.9242792 0.99885464 0.98794943 0.91813165 0.55948913 0.6807461 0.6669932 0.9894442 0.56754464 0.56711847 0.9150766 1.005704 0.92393637 0.675067 0.67531306 0.40923536 0.40733945 0.99169195 0.99281836 0.9554389 0.96334505 0.67555916 0.40476185 0.67531306 0.40236402 0.66748005 0.17666517 0 0.41182843 0.568611
0.92393637 0.99999183 0.9831119 0.92085767 0.5660542 0.6899731 0.68223464 0.98869646 0.57482624 0.57827747 0.93116945 0.9977191 0.9346385 0.68621874 0.6849714 0.18136261 0.1794547 1.0022715 0.9977191 0.9497408 0.9615409 0.68000287 0.21018235 0.67926043 0.19966878 0.6874681 0.40716735 0.41182843 0 0.568611
0.93987226 1.0068517 0.99847597 0.92840576 0.16287111 0.70390224 0.6922348 0.9924427 0.16810805 0.16498642 0.9374253 1.0133885 0.93255514 0.69576657 0.70364666 0.568611 0.5660542 1.0045581 0.9980974 0.94479036 0.9511613 0.70109564 0.5649914 0.69956917 0.5656289 0.7033912 0.5666926 0.568611 0.568611 0
