0 0.9808897 0.96479154 0.77321523 0.7799746 1.0037951 1.0176488 0.9939465 1.0022715 0.7830931 0.68621874 0.51646805 0.78337723 0.78650993 0.5107164 0.50874317 0.6884691 0.6864684 0.9924427 1.0211525 1.0168724 0.990942 1.0072346 0.9946995 0.9713354 0.7690214 0.99999183 0.9901927 0.51886106 1.01146
0.9808897 0 0.18852869 0.9583042 0.97867405 0.6640787 0.67065233 0.66553456 0.65948707 0.990942 1.0045581 1.0293922 0.98237044 0.97206604 1.005704 1.0068517 1.0227151 1.0149349 0.34446594 0.68000287 0.6802505 0.34525782 0.6777777 0.34430766 0.66480625 0.9698763 0.6790131 0.67629796 1.005704 0.671876
0.96479154 0.18852869 0 0.9575869 0.9615409 0.65110177 0.65660155 0.64116156 0.64967364 0.97024083 0.990942 1.0130024 0.9615409 0.9604604 0.98645765 0.9853408 0.99999183 0.9969631 0.34304264 0.6667499 0.6677236 0.34288466 0.6699191 0.34430766 0.6520554 0.94867724 0.6631097 0.6599691 0.97867405 0.6568416
0.77321523 0.9583042 0.9575869 0 0.19045985 0.98237044 0.9790429 1.000751 0.9801504 0.3926799 0.77181464 0.8014989 0.3856234 0.39032033 0.782809 0.7882242 0.7830931 0.7709756 0.99734104 0.99999183 1.001891 0.9894442 0.9946995 0.99281836 0.9746289 0.38095567 0.990942 0.9853408 0.7968549 0.9977191
0.7799746 0.97867405 0.9615409 0.19045985 0 0.9901927 0.9857129 1.0141612 0.9939465 0.39640284 0.76346576 0.8082254 0.38964754 0.392005 0.790803 0.791952 0.7802575 0.77153486 0.9977191 1.0110749 1.0141612 0.9980974 0.9980974 1.0003713 0.98757625 0.38512188 1.000751 0.9939465 0.8096957 0.9969631
1.0037951 0.6640787 0.65110177 0.98237044 0.9901927 0 0.18123527 0.27166054 0.26807785 1.015322 1.025065 1.0126165 1.0122308 1.0110749 1.0137748 1.0118452 1.0361294 1.0234975 0.6812419 0.34716177 0.34763852 0.68049824 0.46958384 0.68298006 0.43486387 0.9924427 0.33690602 0.31955704 1.01146 0.18429753
1.0176488 0.67065233 0.65660155 0.9790429 0.9857129 0.18123527 0 0.27094263 0.2675062 1.0041765 1.0270288 1.0365276 1.0049399 0.99056727 1.0227151 1.0223241 1.0317632 1.0176488 0.67531306 0.3508246 0.35130367 0.67531306 0.4769138 0.67555916 0.43647274 0.98869646 0.34241092 0.32078305 1.0313674 0.1884001
0.9939465 0.66553456 0.64116156 1.000751 1.0141612 0.27166054 0.27094263 0 0.17074028 1.005704 1.0045581 1.0172604 1.0149349 1.0122308 0.99999183 0.99169195 1.0227151 1.0076177 0.6684547 0.34763852 0.34605056 0.6667499 0.46659726 0.66748005 0.43325844 0.99923354 0.34241092 0.31756908 0.990942 0.2759825
1.0022715 0.65948707 0.64967364 0.9801504 0.9939465 0.26807785 0.2675062 0.17074028 0 0.9898184 1.0053219 1.0234975 0.9946995 0.98496884 1.0030329 1.0011308 1.014548 1.0037951 0.671876 0.34605056 0.34573337 0.67212105 0.46883607 0.6723661 0.42793173 0.9768326 0.34193748 0.31711105 1.000751 0.27554917
0.7830931 0.990942 0.97024083 0.3926799 0.39640284 1.015322 1.0041765 1.005704 0.9898184 0 0.77940893 0.7945437 0.13770178 0.14155659 0.78565425 0.7896558 0.79743385 0.7847996 1.0064689 1.0130024 1.0130024 1.0011308 1.0160967 1.0045581 0.99281836 0.3781358 1.0060863 1.0068517 0.7902292 1.0149349
0.68621874 1.0045581 0.990942 0.77181464 0.76346576 1.025065 1.0270288 1.0045581 1.0053219 0.77940893 0 0.702115 0.7681854 0.7802575 0.6945033 0.69399863 0.13530254 0.12791333 0.9939465 1.0282096 1.0254573 0.99281836 1.0083846 0.9931942 0.98051995 0.7557565 0.99999183 1.0211525 0.6884691 1.01146
0.51646805 1.0293922 1.0130024 0.8014989 0.8082254 1.0126165 1.0365276 1.0172604 1.0234975 0.7945437 0.702115 0 0.7913773 0.80441606 0.4923704 0.49294904 0.7113522 0.7031358 1.0361294 1.0313674 1.0278157 1.0361294 1.049788 1.0349361 1.0157093 0.78736657 1.0076177 1.0349361 0.49449423 1.0110749
0.78337723 0.98237044 0.9615409 0.3856234 0.38964754 1.0122308 1.0049399 1.0149349 0.9946995 0.13770178 0.7681854 0.7913773 0 0.094966486 0.782809 0.78508437 0.78565425 0.77489936 0.9943229 1.0133885 1.0095364 0.9920673 1.0234975 0.9946995 0.9943229 0.37450224 0.99923354 1.0091523 0.7885103 1.0130024
0.78650993 0.97206604 0.9604604 0.39032033 0.392005 1.0110749 0.99056727 1.0122308 0.98496884 0.14155659 0.7802575 0.80441606 0.094966486 0 0.7885103 0.79310274 0.793967 0.7847996 0.9827411 1.0080011 1.0037951 0.97978103 1.01146 0.9816297 0.9808897 0.37995923 0.99734104 0.9980974 0.7928149 1.0072346
0.5107164 1.005704 0.98645765 0.782809 0.790803 1.0137748 1.0227151 0.99999183 1.0030329 0.78565425 0.6945033 0.4923704 0.782809 0.7885103 0 0.045981143 0.71212715 0.70415795 1.000751 1.0118452 1.0095364 0.99847597 1.0141612 1.0003713 0.96841997 0.76512814 0.9853408 1.0045581 0.20149805 1.0011308
0.50874317 1.0068517 0.9853408 0.7882242 0.791952 1.0118452 1.0223241 0.99169195 1.0011308 0.7896558 0.69399863 0.49294904 0.78508437 0.79310274 0.045981143 0 0.70903224 0.69956917 0.9950763 1.0076177 1.0053219 0.9901927 1.0037951 0.99281836 0.95794547 0.761531 0.9764649 0.99961257 0.19849518 0.9962078
0.6884691 1.0227151 0.99999183 0.7830931 0.7802575 1.0361294 1.0317632 1.0227151 1.014548 0.79743385 0.13530254 0.7113522 0.78565425 0.793967 0.71212715 0.70903224 0 0.036892682 1.0083846 1.0345387 1.030972 1.0080011 1.0211525 1.0080011 1.0053219 0.7757428 1.0133885 1.0227151 0.7023701 1.0278157
0.6864684 1.0149349 0.9969631 0.7709756 0.77153486 1.0234975 1.0176488 1.0076177 1.0037951 0.7847996 0.12791333 0.7031358 0.77489936 0.7847996 0.70415795 0.69956917 0.036892682 0 1.0053219 1.0282096 1.0246727 1.0049399 1.0060863 1.0037951 0.99169195 0.76485085 1.002652 1.0072346 0.70007765 1.0157093
0.9924427 0.34446594 0.34304264 0.99734104 0.9977191 0.6812419 0.67531306 0.6684547 0.671876 1.0064689 0.9939465 1.0361294 0.9943229 0.9827411 1.000751 0.9950763 1.0083846 1.0053219 0 0.6877182 0.6882187 0.030095844 0.6770375 0.03092906 0.67555916 0.97941184 0.6869681 0.6894714 1.0034139 0.6847222
1.0211525 0.68000287 0.6667499 0.99999183 1.0110749 0.34716177 0.3508246 0.34763852 0.34605056 1.0130024 1.0282096 1.0313674 1.0133885 1.0080011 1.0118452 1.0076177 1.0345387 1.0282096 0.6877182 0 0.011487528 0.6907262 0.47785875 0.6892207 0.44276246 1.002652 0.35723764 0.35675475 1.0095364 0.35194293
1.0168724 0.6802505 0.6677236 1.001891 1.0141612 0.34763852 0.35130367 0.34605056 0.34573337 1.0130024 1.0254573 1.0278157 1.0095364 1.0037951 1.0095364 1.0053219 1.030972 1.0246727 0.6882187 0.011487528 0 0.69122875 0.47672495 0.6894714 0.44402677 0.99885464 0.356433 0.35659385 1.0053219 0.35210282
0.990942 0.34525782 0.34288466 0.9894442 0.9980974 0.68049824 0.67531306 0.6667499 0.67212105 1.0011308 0.99281836 1.0361294 0.9920673 0.97978103 0.99847597 0.9901927 1.0080011 1.0049399 0.030095844 0.6907262 0.69122875 0 0.67975533 0.012503651 0.6733471 0.9713354 0.6899731 0.6894714 1.000751 0.6837262
1.0072346 0.6777777 0.6699191 0.9946995 0.9980974 0.46958384 0.4769138 0.46659726 0.46883607 1.0160967 1.0083846 1.049788 1.0234975 1.01146 1.0141612 1.0037951 1.0211525 1.0060863 0.6770375 0.47785875 0.47672495 0.67975533 0 0.6782716 0.46139923 1.014548 0.47258234 0.47220686 1.0099207 0.47729164
0.9946995 0.34430766 0.34430766 0.99281836 1.0003713 0.68298006 0.67555916 0.66748005 0.6723661 1.0045581 0.9931942 1.0349361 0.9946995 0.9816297 1.0003713 0.99281836 1.0080011 1.0037951 0.03092906 0.6892207 0.6894714 0.012503651 0.6782716 0 0.6723661 0.97316337 0.6899731 0.68972224 1.001891 0.6864684
0.9713354 0.66480625 0.6520554 0.9746289 0.98757625 0.43486387 0.43647274 0.43325844 0.42793173 0.99281836 0.98051995 1.0157093 0.9943229 0.9808897 0.96841997 0.95794547 1.0053219 0.99169195 0.67555916 0.44276246 0.44402677 0.6733471 0.46139923 0.6723661 0 0.9790429 0.43844384 0.43683073 0.9801504 0.44132015
0.7690214 0.9698763 0.94867724 0.38095567 0.38512188 0.9924427 0.98869646 0.99923354 0.9768326 0.3781358 0.7557565 0.78736657 0.37450224 0.37995923 0.76512814 0.761531 0.7757428 0.76485085 0.97941184 1.002652 0.99885464 0.9713354 1.014548 0.97316337 0.9790429 0 1.0076177 0.99131685 0.7709756 0.99885464
0.99999183 0.6790131 0.6631097 0.990942 1.000751 0.33690602 0.34241092 0.34241092 0.34193748 1.0060863 0.99999183 1.0076177 0.99923354 0.99734104 0.9853408 0.9764649 1.0133885 1.002652 0.6869681 0.35723764 0.356433 0.6899731 0.47258234 0.6899731 0.43844384 1.0076177 0 0.3439912 0.98645765 0.3433587
0.9901927 0.67629796 0.6599691 0.9853408 0.9939465 0.31955704 0.32078305 0.31756908 0.31711105 1.0068517 1.0211525 1.0349361 1.0091523 0.9980974 1.0045581 0.99961257 1.0227151 1.0072346 0.6894714 0.35675475 0.35659385 0.6894714 0.47220686 0.68972224 0.43683073 0.99131685 0.3439912 0 1.0099207 0.31909782
0.51886106 1.005704 0.97867405 0.7968549 0.8096957 1.01146 1.0313674 0.990942 1.000751 0.7902292 0.6884691 0.49449423 0.7885103 0.7928149 0.20149805 0.19849518 0.7023701 0.70007765 1.0034139 1.0095364 1.0053219 1.000751 1.0099207 1.001891 0.9801504 0.7709756 0.98645765 1.0099207 0 0.9980974
1.01146 0.671876 0.6568416 0.9977191 0.9969631 0.18429753 0.1884001 0.2759825 0.27554917 1.0149349 1.01146 1.0110749 1.0130024 1.0072346 1.0011308 0.9962078 1.0278157 1.0157093 0.6847222 0.35194293 0.35210282 0.6837262 0.47729164 0.6864684 0.44132015 0.99885464 0.3433587 0.31909782 0.9980974 0
