0 0.98869646 1.0060863 0.99885464 1.0053219 0.982 1.0353336 1.0313674 0.96406794 0.9831119 0.99999183 1.0286036 0.9738958 0.9543672 0.9962078 0.98496884 0.93777436 0.9637064 0.9651536 0.9301319 0.9353342 0.95866317 0.9388226 0.9536536 0.9483231 0.9360306 0.97978103 0.9816297 1.000751 0.9920673
0.98869646 0 0.45973605 0.32663402 0.32570714 0.46343702 0.48527044 0.4771027 0.98683035 0.46121424 0.46455088 0.74704176 1.0341415 1.01069 0.7673504 0.7734957 0.99056727 0.9920673 0.98683035 0.9801504 0.9845971 0.982 0.97867405 0.990942 0.9827411 0.9969631 1.0168724 0.99357027 0.7574018 0.7681854
1.0060863 0.45973605 0 0.45955148 0.4621396 0.28851193 0.4788049 0.47823706 1.002652 0.28601852 0.2825125 0.742453 1.0293922 1.0231062 0.76042765 0.7593259 0.9898184 0.99961257 0.9946995 0.9845971 0.9901927 0.98869646 0.9842255 0.9946995 0.9808897 0.97499573 1.018426 1.0037951 0.7527494 0.75712734
0.99885464 0.32663402 0.45955148 0 0.29589388 0.4623248 0.48146042 0.48603475 0.9706055 0.46029004 0.46958384 0.75411475 1.0449389 1.0211525 0.77041674 0.78082377 0.9946995 0.9783054 0.9727974 0.9860852 0.98832285 0.9842255 0.9557965 0.9853408 0.9583042 0.9958304 1.0015109 0.9894442 0.7502979 0.7723746
1.0053219 0.32570714 0.4621396 0.29589388 0 0.4571562 0.4923704 0.48948392 0.98348296 0.45513538 0.45568597 0.74921095 1.0180373 0.99357027 0.76846397 0.7709756 1.0034139 0.98683035 0.9845971 0.9838541 0.990942 0.9857129 0.9698763 0.99357027 0.97024083 0.99658537 0.9980974 0.97573 0.7676286 0.7709756
0.982 0.46343702 0.28851193 0.4623248 0.4571562 0 0.48070073 0.48165047 0.9872032 0.2699387 0.26850688 0.7419149 1.0211525 1.0072346 0.76485085 0.75056994 0.99999183 0.9924427 0.9790429 0.9801504 0.9872032 0.9611805 0.96298385 0.9680563 0.9651536 0.98051995 1.0041765 1.0037951 0.75411475 0.761531
1.0353336 0.48527044 0.4788049 0.48146042 0.4923704 0.48070073 0 0.27223536 0.98794943 0.47956264 0.48089057 0.7478545 1.0195932 1.0099207 0.7673504 0.76707226 1.0164845 0.99357027 0.98832285 1.0064689 1.014548 0.98348296 0.98832285 0.98794943 0.9860852 0.99734104 1.0103053 0.98645765 0.75493515 0.7681854
1.0313674 0.4771027 0.47823706 0.48603475 0.48948392 0.48165047 0.27223536 0 0.9969631 0.46678358 0.47729164 0.7519313 1.0207624 1.014548 0.76429653 0.76374257 1.0254573 0.9980974 0.9962078 1.0227151 1.030972 1.002652 0.99357027 1.005704 1.0041765 1.0083846 1.0141612 0.98683035 0.75767636 0.7709756
0.96406794 0.98683035 1.002652 0.9706055 0.98348296 0.9872032 0.98794943 0.9969631 0 0.9898184 0.99847597 1.0034139 0.98496884 0.95472425 0.97941184 0.98794943 0.6782716 0.2571495 0.25799534 0.6760516 0.6807461 0.47899425 0.49526802 0.4744625 0.46827576 0.6662635 0.9687838 0.9615409 1.000751 0.9838541
0.9831119 0.46121424 0.28601852 0.46029004 0.45513538 0.2699387 0.47956264 0.46678358 0.9898184 0 0.20071353 0.7532952 1.0282096 1.0297868 0.7779968 0.7706961 1.0022715 0.9845971 0.9845971 0.98683035 0.99923354 0.9783054 0.9651536 0.98496884 0.97573 0.9658782 1.0215429 1.0011308 0.75165886 0.7522039
0.99999183 0.46455088 0.2825125 0.46958384 0.45568597 0.26850688 0.48089057 0.47729164 0.99847597 0.20071353 0 0.7475835 1.0293922 1.0266355 0.77181464 0.7701374 1.0095364 0.99131685 0.98869646 0.9860852 1.0015109 0.98125964 0.9713354 0.98683035 0.97978103 0.98757625 1.0118452 1.005704 0.76042765 0.75712734
1.0286036 0.74704176 0.742453 0.75411475 0.74921095 0.7419149 0.7478545 0.7519313 1.0034139 0.7532952 0.7475835 0 1.0542608 1.0595814 0.7913773 0.79714435 0.99056727 0.9872032 0.9969631 0.9860852 1.0034139 1.0072346 0.9950763 1.0176488 0.9894442 1.0164845 1.0449389 1.018426 0.7859394 0.7847996
0.9738958 1.0341415 1.0293922 1.0449389 1.0180373 1.0211525 1.0195932 1.0207624 0.98496884 1.0282096 1.0293922 1.0542608 0 0.19862549 1.0126165 1.0203725 0.97720057 0.9738958 0.9615409 0.9845971 0.9920673 0.97867405 0.9691478 0.9783054 0.9753628 0.9775687 0.45293704 0.44765082 1.0045581 0.98496884
0.9543672 1.01069 1.0231062 1.0211525 0.99357027 1.0072346 1.0099207 1.014548 0.95472425 1.0297868 1.0266355 1.0595814 0.19862549 0 0.99169195 0.9980974 0.95472425 0.9557965 0.94867724 0.9626228 0.9673296 0.9611805 0.9440858 0.9608204 0.96406794 0.96010065 0.45238847 0.43862328 0.9943229 0.9738958
0.9962078 0.7673504 0.76042765 0.77041674 0.76846397 0.76485085 0.7673504 0.76429653 0.97941184 0.7779968 0.77181464 0.7913773 1.0126165 0.99169195 0 0.14506721 0.9611805 0.97978103 0.9644296 0.9590223 0.96479154 0.9727974 0.9662408 0.9680563 0.9764649 0.9816297 1.0095364 0.982 0.6508636 0.65181684
0.98496884 0.7734957 0.7593259 0.78082377 0.7709756 0.75056994 0.76707226 0.76374257 0.98794943 0.7706961 0.7701374 0.79714435 1.0203725 0.9980974 0.14506721 0 0.9662408 0.99169195 0.9842255 0.9709704 0.9727974 0.9950763 0.9691478 0.99169195 0.9924427 0.98757625 1.0030329 0.990942 0.6532491 0.65516293
0.93777436 0.99056727 0.9898184 0.9946995 1.0034139 0.99999183 1.0164845 1.0254573 0.6782716 1.0022715 1.0095364 0.99056727 0.97720057 0.95472425 0.9611805 0.9662408 0 0.67212105 0.6686986 0.08908765 0.09145626 0.67261124 0.66748005 0.6733471 0.65972805 0.44204095 0.9738958 0.9565121 0.99734104 0.98237044
0.9637064 0.9920673 0.99961257 0.9783054 0.98683035 0.9924427 0.99357027 0.9980974 0.2571495 0.9845971 0.99131685 0.9872032 0.9738958 0.9557965 0.97978103 0.99169195 0.67212105 0 0.09123035 0.66602045 0.6733471 0.47937313 0.48241112 0.47861555 0.4617693 0.65253264 0.97206604 0.9557965 0.99131685 0.9779369
0.9651536 0.98683035 0.9946995 0.9727974 0.9845971 0.9790429 0.98832285 0.9962078 0.25799534 0.9845971 0.98869646 0.9969631 0.9615409 0.94867724 0.9644296 0.9842255 0.6686986 0.09123035 0 0.66286767 0.67163116 0.47804788 0.48070073 0.47483912 0.45421863 0.65348804 0.9698763 0.9395222 0.9920673 0.97352946
0.9301319 0.9801504 0.9845971 0.9860852 0.9838541 0.9801504 1.0064689 1.0227151 0.6760516 0.98683035 0.9860852 0.9860852 0.9845971 0.9626228 0.9590223 0.9709704 0.08908765 0.66602045 0.66286767 0 0.03983964 0.67114156 0.662142 0.6696748 0.654684 0.44330403 0.9626228 0.94903165 0.99169195 0.9713354
0.9353342 0.9845971 0.9901927 0.98832285 0.990942 0.9872032 1.014548 1.030972 0.6807461 0.99923354 1.0015109 1.0034139 0.9920673 0.9673296 0.96479154 0.9727974 0.09145626 0.6733471 0.67163116 0.03983964 0 0.6770375 0.6662635 0.6777777 0.6573219 0.44601783 0.9655158 0.9476152 0.99734104 0.98496884
0.95866317 0.982 0.98869646 0.9842255 0.9857129 0.9611805 0.98348296 1.002652 0.47899425 0.9783054 0.98125964 1.0072346 0.97867405 0.9611805 0.9727974 0.9950763 0.67261124 0.47937313 0.47804788 0.67114156 0.6770375 0 0.49507448 0.035633236 0.42404935 0.6570817 0.97499573 0.9518725 1.0041765 0.9857129
0.9388226 0.97867405 0.9842255 0.9557965 0.9698763 0.96298385 0.98832285 0.99357027 0.49526802 0.9651536 0.9713354 0.9950763 0.9691478 0.9440858 0.9662408 0.9691478 0.66748005 0.48241112 0.48070073 0.662142 0.6662635 0.49507448 0 0.49256322 0.4761587 0.6626257 0.953297 0.9504507 0.98869646 0.96479154
0.9536536 0.990942 0.9946995 0.9853408 0.99357027 0.9680563 0.98794943 1.005704 0.4744625 0.98496884 0.98683035 1.0176488 0.9783054 0.9608204 0.9680563 0.99169195 0.6733471 0.47861555 0.47483912 0.6696748 0.6777777 0.035633236 0.49256322 0 0.4212384 0.65516293 0.9738958 0.9522284 1.0045581 0.9894442
0.9483231 0.9827411 0.9808897 0.9583042 0.97024083 0.9651536 0.9860852 1.0041765 0.46827576 0.97573 0.97978103 0.9894442 0.9753628 0.96406794 0.9764649 0.9924427 0.65972805 0.4617693 0.45421863 0.654684 0.6573219 0.42404935 0.4761587 0.4212384 0 0.65253264 0.953297 0.9304776 0.98645765 0.9669665
0.9360306 0.9969631 0.97499573 0.9958304 0.99658537 0.98051995 0.99734104 1.0083846 0.6662635 0.9658782 0.98757625 1.0164845 0.9775687 0.96010065 0.9816297 0.98757625 0.44204095 0.65253264 0.65348804 0.44330403 0.44601783 0.6570817 0.6626257 0.65516293 0.65253264 0 0.96406794 0.95258445 0.9939465 0.9775687
0.97978103 1.0168724 1.018426 1.0015109 0.9980974 1.0041765 1.0103053 1.0141612 0.9687838 1.0215429 1.0118452 1.0449389 0.45293704 0.45238847 1.0095364 1.0030329 0.9738958 0.97206604 0.9698763 0.9626228 0.9655158 0.97499573 0.953297 0.9738958 0.953297 0.96406794 0 0.43023533 0.9898184 0.9845971
0.9816297 0.99357027 1.0037951 0.9894442 0.97573 1.0037951 0.98645765 0.98683035 0.9615409 1.0011308 1.005704 1.018426 0.44765082 0.43862328 0.982 0.990942 0.9565121 0.9557965 0.9395222 0.94903165 0.9476152 0.9518725 0.9504507 0.9522284 0.9304776 0.95258445 0.43023533 0 0.98051995 0.9666036
1.000751 0.7574018 0.7527494 0.7502979 0.7676286 0.75411475 0.75493515 0.75767636 1.000751 0.75165886 0.76042765 0.7859394 1.0045581 0.9943229 0.6508636 0.6532491 0.99734104 0.99131685 0.9920673 0.99169195 0.99734104 1.0041765 0.98869646 1.0045581 0.98645765 0.9939465 0.9898184 0.98051995 0 0.36941192
0.9920673 0.7681854 0.75712734 0.7723746 0.7709756 0.761531 0.7681854 0.7709756 0.9838541 0.7522039 0.75712734 0.7847996 0.98496884 0.9738958 0.65181684 0.65516293 0.98237044 0.9779369 0.97352946 0.9713354 0.98496884 0.9857129 0.96479154 0.9894442 0.9669665 0.9775687 0.9845971 0.9666036 0.36941192 0
