0 0.981265118 0.950840868 1.003016668 0.994315438 1.002256068 1.008746268 1.038468568 1.038069668 0.992062018 0.999221138 1.031717168 1.000357738 1.000736998 0.956541668 0.952617668 0.951906468 1.007596868 1.007214068 1.000357738 1.000736998 1.007214068 1.036078768 1.007214068 1.007214068 0.957257268 1.022288068 0.940617428 1.014133668 0.987575518
0.981265118 0 0.990937868 0.702095568 0.685218268 0.273987548 0.274707668 0.708234718 0.701586168 0.693987368 0.698030468 0.704647408 0.694743798 0.698537398 0.995821468 0.999599808 0.995821468 0.697017668 0.694996108 0.696764668 0.694996108 0.269967638 0.701586168 0.269967638 0.279477828 1.003016668 0.702095568 0.992062018 0.274275498 0.099124368
0.950840868 0.990937868 0 0.998464268 0.996198408 1.001116468 0.998464268 1.007979768 1.010665868 1.016454468 1.014519968 1.016841868 1.012590368 1.015680068 0.102438158 0.101865774 0.100608048 1.019949168 1.018005568 1.011435168 1.010281568 0.986085968 1.017229668 0.986085968 0.989815408 0.188117528 1.006067068 0.123105098 0.991312438 0.990563568
1.003016668 0.702095568 0.998464268 0 0.094124353 0.687963238 0.700822818 0.480307808 0.480307808 0.688713598 0.694996108 0.365914248 0.691220268 0.690969218 1.010281568 1.017229668 1.010665868 0.479360718 0.477847868 0.692728328 0.692476798 0.688963868 0.470703168 0.689214268 0.706438968 0.996952968 0.480876648 1.002256068 0.692979968 0.698791018
0.994315438 0.685218268 0.996198408 0.094124353 0 0.683725228 0.693231668 0.475772638 0.477658968 0.679510998 0.684471368 0.359756048 0.681739168 0.684222568 1.009129768 1.016454468 1.009897468 0.478225788 0.476715228 0.682731498 0.682483308 0.679263868 0.470703168 0.679510998 0.697017668 0.989441628 0.474455048 1.000357738 0.685467368 0.683476668
1.002256068 0.273987548 1.001116468 0.687963238 0.683725228 0 0.089945438 0.684720208 0.683228168 0.690216568 0.692728328 0.702860168 0.684720208 0.691722618 1.002256068 1.004159068 1.002636168 0.689214268 0.687213568 0.687213568 0.685965868 0.270254038 0.701840808 0.270254038 0.219847488 1.006831468 0.684222568 0.999978708 0.276583188 0.271831328
1.008746268 0.274707668 0.998464268 0.700822818 0.693231668 0.089945438 0 0.692225328 0.687213568 0.695248468 0.696764668 0.706951568 0.690216568 0.697270768 0.993939368 0.998464268 0.994691668 0.697777168 0.695753568 0.693483468 0.693231668 0.271831328 0.706951568 0.271831328 0.217040248 0.998086208 0.695248468 0.998464268 0.276727668 0.272980528
1.038468568 0.708234718 1.007979768 0.480307808 0.475772638 0.684720208 0.692225328 0 0.071038744 0.694996108 0.690216568 0.485252048 0.685218268 0.689965868 1.015293168 1.018782468 1.013747568 0.447488328 0.446581768 0.687713268 0.687463368 0.699806208 0.435609038 0.700060268 0.699552268 1.004540268 0.435787638 1.010665868 0.709520068 0.712097368
1.038069668 0.701586168 1.010665868 0.480307808 0.477658968 0.683228168 0.687213568 0.071038744 0 0.693483468 0.690467408 0.485061268 0.684471368 0.689214268 1.018393968 1.022678468 1.021507568 0.442245448 0.441525168 0.688713598 0.688963868 0.693231668 0.429384938 0.693483468 0.694743798 0.998086208 0.431157998 1.011820068 0.704647408 0.700822818
0.992062018 0.693987368 1.016454468 0.688713598 0.679510998 0.690216568 0.695248468 0.694996108 0.693483468 0 0.063825048 0.690718268 0.061110608 0.064042633 1.021897668 1.023069268 1.019171168 0.694239428 0.694491568 0.063825048 0.063607538 0.687213568 0.703370368 0.687463368 0.687713268 1.017229668 0.692979968 1.006067068 0.699298428 0.692476798
0.999221138 0.698030468 1.014519968 0.694996108 0.684471368 0.692728328 0.696764668 0.690216568 0.690467408 0.063825048 0 0.695500968 0.040795748 0.043755168 1.016067168 1.016841868 1.012590368 0.691471368 0.690969218 0.043120025 0.042908428 0.687963238 0.706182708 0.688213268 0.686963908 1.015680068 0.687463368 1.004159068 0.699298428 0.695500968
1.031717168 0.704647408 1.016841868 0.365914248 0.359756048 0.702860168 0.706951568 0.485252048 0.485061268 0.690718268 0.695500968 0 0.691220268 0.696006168 1.021897668 1.030926768 1.023460268 0.493501268 0.492730068 0.696006168 0.695500968 0.697017668 0.485061268 0.697270768 0.704903118 1.027380668 0.482015598 1.019171168 0.699044668 0.698283898
1.000357738 0.694743798 1.012590368 0.691220268 0.681739168 0.684720208 0.690216568 0.685218268 0.684471368 0.061110608 0.040795748 0.691220268 0 0.019887386 1.016454468 1.017617568 1.014519968 0.692476798 0.691973918 0.019067153 0.018862236 0.685218268 0.703625608 0.685467368 0.685965868 1.008746268 0.689464768 1.002636168 0.696258968 0.692476798
1.000736998 0.698537398 1.015680068 0.690969218 0.684222568 0.691722618 0.697270768 0.689965868 0.689214268 0.064042633 0.043755168 0.696006168 0.019887386 0 1.021117668 1.021507568 1.018782468 0.695248468 0.694743798 0.0219419 0.021736195 0.688463368 0.704136368 0.688713598 0.688213268 1.011050468 0.690467408 1.004159068 0.699044668 0.696511738
0.956541668 0.995821468 0.102438158 1.010281568 1.009129768 1.002256068 0.993939368 1.015293168 1.018393968 1.021897668 1.016067168 1.021897668 1.016454468 1.021117668 0 0.015081316 0.013960925 1.026202468 1.027380668 1.014133668 1.012975968 0.984970668 1.023851368 0.984970668 0.996952968 0.193658308 1.018782468 0.125581322 0.993187868 0.993563528
0.952617668 0.999599808 0.101865774 1.017229668 1.016454468 1.004159068 0.998464268 1.018782468 1.022678468 1.023069268 1.016841868 1.030926768 1.017617568 1.021507568 0.015081316 0 0.0116236825 1.027380668 1.028560868 1.014133668 1.012975968 0.990189368 1.028167368 0.990189368 1.003016668 0.193270418 1.022288068 0.124401148 0.995068068 0.997708268
0.951906468 0.995821468 0.100608048 1.010665868 1.009897468 1.002636168 0.994691668 1.013747568 1.021507568 1.019171168 1.012590368 1.023460268 1.014519968 1.018782468 0.013960925 0.0116236825 0 1.027380668 1.028560868 1.011050468 1.009897468 0.984970668 1.026202468 0.984970668 0.998086208 0.191205018 1.019171168 0.123576133 0.992062018 0.993187868
1.007596868 0.697017668 1.019949168 0.479360718 0.478225788 0.689214268 0.697777168 0.447488328 0.442245448 0.694239428 0.691471368 0.493501268 0.692476798 0.695248468 1.026202468 1.027380668 1.027380668 0 0.00224667000000002 0.697017668 0.696764668 0.687963238 0.275716968 0.687963238 0.696006168 1.022288068 0.176272158 1.021117668 0.700060268 0.692225328
1.007214068 0.694996108 1.018005568 0.477847868 0.476715228 0.687213568 0.695753568 0.446581768 0.441525168 0.694491568 0.690969218 0.492730068 0.691973918 0.694743798 1.027380668 1.028560868 1.028560868 0.00224667000000002 0 0.696006168 0.695753568 0.685716568 0.274707668 0.685716568 0.693987368 1.021117668 0.175514328 1.020338368 0.698537398 0.691220268
1.000357738 0.696764668 1.011435168 0.692728328 0.682731498 0.687213568 0.693483468 0.687713268 0.688713598 0.063825048 0.043120025 0.696006168 0.019067153 0.0219419 1.014133668 1.014133668 1.011050468 0.697017668 0.696006168 0 0.00194612910000002 0.687963238 0.704647408 0.688213268 0.689715268 1.004921668 0.690969218 0.999221138 0.697777168 0.693231668
1.000736998 0.694996108 1.010281568 0.692476798 0.682483308 0.685965868 0.693231668 0.687463368 0.688963868 0.063607538 0.042908428 0.695500968 0.018862236 0.021736195 1.012975968 1.012975968 1.009897468 0.696764668 0.695753568 0.00194612910000002 0 0.687213568 0.704136368 0.687463368 0.688963868 1.003778068 0.690718268 0.998464268 0.697523868 0.691471368
1.007214068 0.269967638 0.986085968 0.688963868 0.679263868 0.270254038 0.271831328 0.699806208 0.693231668 0.687213568 0.687963238 0.697017668 0.685218268 0.688463368 0.984970668 0.990189368 0.984970668 0.687963238 0.685716568 0.687963238 0.687213568 0 0.695248468 0.000845174670000018 0.278608288 0.982374868 0.685467368 0.979788068 0.116774958 0.269681298
1.036078768 0.701586168 1.017229668 0.470703168 0.470703168 0.701840808 0.706951568 0.435609038 0.429384938 0.703370368 0.706182708 0.485061268 0.703625608 0.704136368 1.023851368 1.028167368 1.026202468 0.275716968 0.274707668 0.704647408 0.704136368 0.695248468 0 0.695248468 0.698030468 1.013361668 0.270683868 1.022288068 0.701586168 0.710549968
1.007214068 0.269967638 0.986085968 0.689214268 0.679510998 0.270254038 0.271831328 0.700060268 0.693483468 0.687463368 0.688213268 0.697270768 0.685467368 0.688713598 0.984970668 0.990189368 0.984970668 0.687963238 0.685716568 0.688213268 0.687463368 0.000845174670000018 0.695248468 0 0.278608288 0.982374868 0.685467368 0.979788068 0.116774958 0.269681298
1.007214068 0.279477828 0.989815408 0.706438968 0.697017668 0.219847488 0.217040248 0.699552268 0.694743798 0.687713268 0.686963908 0.704903118 0.685965868 0.688213268 0.996952968 1.003016668 0.998086208 0.696006168 0.693987368 0.689715268 0.688963868 0.278608288 0.698030468 0.278608288 0 0.995821468 0.688213268 1.003397168 0.280493608 0.279332838
0.957257268 1.003016668 0.188117528 0.996952968 0.989441628 1.006831468 0.998086208 1.004540268 0.998086208 1.017229668 1.015680068 1.027380668 1.008746268 1.011050468 0.193658308 0.193270418 0.191205018 1.022288068 1.021117668 1.004921668 1.003778068 0.982374868 1.013361668 0.982374868 0.995821468 0 1.009129768 0.187475898 0.981634868 1.002256068
1.022288068 0.702095568 1.006067068 0.480876648 0.474455048 0.684222568 0.695248468 0.435787638 0.431157998 0.692979968 0.687463368 0.482015598 0.689464768 0.690467408 1.018782468 1.022288068 1.019171168 0.176272158 0.175514328 0.690969218 0.690718268 0.685467368 0.270683868 0.685467368 0.688213268 1.009129768 0 1.010665868 0.693987368 0.700822818
0.940617428 0.992062018 0.123105098 1.002256068 1.000357738 0.999978708 0.998464268 1.010665868 1.011820068 1.006067068 1.004159068 1.019171168 1.002636168 1.004159068 0.125581322 0.124401148 0.123576133 1.021117668 1.020338368 0.999221138 0.998464268 0.979788068 1.022288068 0.979788068 1.003397168 0.187475898 1.010665868 0 0.982745168 0.991312438
1.014133668 0.274275498 0.991312438 0.692979968 0.685467368 0.276583188 0.276727668 0.709520068 0.704647408 0.699298428 0.699298428 0.699044668 0.696258968 0.699044668 0.993187868 0.995068068 0.992062018 0.700060268 0.698537398 0.697777168 0.697523868 0.116774958 0.701586168 0.116774958 0.280493608 0.981634868 0.693987368 0.982745168 0 0.270970568
0.987575518 0.099124368 0.990563568 0.698791018 0.683476668 0.271831328 0.272980528 0.712097368 0.700822818 0.692476798 0.695500968 0.698283898 0.692476798 0.696511738 0.993563528 0.997708268 0.993187868 0.692225328 0.691220268 0.693231668 0.691471368 0.269681298 0.710549968 0.269681298 0.279332838 1.002256068 0.700822818 0.991312438 0.270970568 0
