0 0.67016345 1.0130024 0.9853408 1.0110749 0.98348296 0.98869646 0.98869646 0.9831119 0.99923354 1.0317632 0.7746184 1.0053219 1.0110749 1.0188149 1.0130024 0.99847597 0.9764649 0.9706055 1.001891 0.99885464 0.9962078 0.75384146 0.99734104 0.7853693 0.9977191 0.9943229 0.9816297 0.6894714 0.6745752
0.67016345 0 1.0095364 0.98907024 1.0103053 0.9943229 1.0022715 1.01069 1.0083846 0.9943229 1.0188149 0.7853693 0.9920673 1.0103053 1.002652 0.99281836 1.01146 0.9939465 0.99169195 1.0041765 0.99961257 0.9790429 0.76374257 0.97941184 0.7977235 1.0160967 0.99545324 0.98237044 0.30951837 0.2759825
1.0130024 1.0095364 0 0.38931137 0.98757625 0.39335543 0.3901521 0.6501494 0.6542054 0.97573 0.97867405 1.0168724 0.23493797 0.9790429 0.98125964 0.24042948 0.97978103 0.4028772 0.4039046 0.982 0.97573 0.23630708 0.9698763 0.23617005 1.0068517 0.6694307 0.9816297 0.98051995 1.0242808 1.0227151
0.9853408 0.98907024 0.38931137 0 0.9669665 0.19343066 0.19175006 0.64163196 0.64801097 0.9775687 0.9962078 0.9816297 0.38462073 0.9637064 0.9593815 0.38813597 0.9500957 0.35868815 0.35933372 0.9575869 0.9557965 0.38228634 0.9783054 0.3812881 0.9962078 0.65372705 0.95794547 0.94903165 0.9894442 0.99658537
1.0110749 1.0103053 0.98757625 0.9669665 0 0.98907024 0.98051995 0.9801504 0.9816297 0.6371753 0.6371753 1.0195932 0.9727974 0.18059887 0.1778051 0.9666036 0.17338179 0.97499573 0.9738958 0.1750217 0.17363384 0.9666036 0.9857129 0.9662408 1.0305767 0.97978103 0.68173814 0.6844731 1.0211525 1.0195932
0.98348296 0.9943229 0.39335543 0.19343066 0.98907024 0 0.17212276 0.6336756 0.6444604 0.99131685 0.9950763 0.9842255 0.39065698 0.9857129 0.98907024 0.3898157 0.97243166 0.35804313 0.36111194 0.97720057 0.97609735 0.3898157 0.9779369 0.38947943 0.9980974 0.66286767 0.9783054 0.97206604 0.9931942 1.0126165
0.98869646 1.0022715 0.3901521 0.19175006 0.98051995 0.17212276 0 0.6406915 0.64801097 1.0011308 0.9962078 1.0011308 0.38478774 0.9746289 0.98051995 0.38579065 0.9655158 0.35595062 0.35820433 0.9691478 0.9662408 0.38595793 0.9808897 0.385289 0.99961257 0.66480625 0.9655158 0.9568702 1.0022715 1.0095364
0.98869646 1.01069 0.6501494 0.64163196 0.9801504 0.6336756 0.6406915 0 0.15079197 0.9901927 0.99658537 1.0195932 0.64540553 0.9838541 0.9816297 0.63998693 0.97867405 0.64682555 0.6444604 0.97867405 0.97499573 0.64045656 0.9673296 0.6413967 1.0015109 0.37187067 0.98683035 0.96841997 1.0133885 1.0313674
0.9831119 1.0083846 0.6542054 0.64801097 0.9816297 0.6444604 0.64801097 0.15079197 0 1.0045581 1.0087683 1.0203725 0.65492344 0.9931942 0.9816297 0.64516914 0.9738958 0.65540254 0.65516293 0.97426224 0.9706055 0.6484856 0.9713354 0.64872307 1.0130024 0.38261938 0.9894442 0.97978103 1.0095364 1.0278157
0.99923354 0.9943229 0.97573 0.9775687 0.6371753 0.99131685 1.0011308 0.9901927 1.0045581 0 0.1637414 1.0262426 0.96226203 0.632745 0.6297288 0.9637064 0.6311194 0.9753628 0.97720057 0.6313514 0.62810963 0.9440858 1.0076177 0.94373375 0.99885464 0.9853408 0.6889701 0.6640787 1.0168724 0.99885464
1.0317632 1.0188149 0.97867405 0.9962078 0.6371753 0.9950763 0.9962078 0.99658537 1.0087683 0.1637414 0 1.0337447 0.9662408 0.63460726 0.63414127 0.9698763 0.62996036 0.97609735 0.97609735 0.6313514 0.6294973 0.95472425 1.0168724 0.9543672 1.0110749 1.0041765 0.6937464 0.6733471 1.0329514 1.0227151
0.7746184 0.7853693 1.0168724 0.9816297 1.0195932 0.9842255 1.0011308 1.0195932 1.0203725 1.0262426 1.0337447 0 0.99923354 1.0254573 1.025065 1.0053219 1.014548 0.9898184 0.98683035 1.0168724 1.0149349 0.99999183 0.6611755 0.99847597 0.68223464 1.0091523 1.019204 1.0122308 0.7774327 0.7968549
1.0053219 0.9920673 0.23493797 0.38462073 0.9727974 0.39065698 0.38478774 0.64540553 0.65492344 0.96226203 0.9662408 0.99923354 0 0.97316337 0.9768326 0.130646 0.9666036 0.38998386 0.3888074 0.9727974 0.96841997 0.1260182 0.9838541 0.12625483 0.9842255 0.6590054 0.9637064 0.9557965 0.99923354 1.005704
1.0110749 1.0103053 0.9790429 0.9637064 0.18059887 0.9857129 0.9746289 0.9838541 0.9931942 0.632745 0.63460726 1.0254573 0.97316337 0 0.12921901 0.9611805 0.12542693 0.96479154 0.96406794 0.1295755 0.12708361 0.9655158 0.9709704 0.9666036 1.0137748 0.9931942 0.69122875 0.68198633 1.0234975 1.030972
1.0188149 1.002652 0.98125964 0.9593815 0.1778051 0.98907024 0.98051995 0.9816297 0.9816297 0.6297288 0.63414127 1.025065 0.9768326 0.12921901 0 0.9669665 0.119774535 0.97352946 0.97316337 0.12353807 0.12083112 0.96334505 0.9962078 0.9644296 1.0160967 0.97941184 0.6892207 0.68149 1.0141612 1.0072346
1.0130024 0.99281836 0.24042948 0.38813597 0.9666036 0.3898157 0.38579065 0.63998693 0.64516914 0.9637064 0.9698763 1.0053219 0.130646 0.9611805 0.9669665 0 0.9575869 0.38863948 0.38796818 0.95508146 0.95615417 0.110911116 0.9695119 0.111259006 0.9831119 0.65660155 0.9604604 0.96010065 0.98683035 0.99961257
0.99847597 1.01146 0.97978103 0.9500957 0.17338179 0.97243166 0.9655158 0.97867405 0.9738958 0.6311194 0.62996036 1.014548 0.9666036 0.12542693 0.119774535 0.9575869 0 0.96479154 0.9637064 0.07602637 0.07403698 0.9565121 0.98125964 0.9575869 1.0011308 0.9838541 0.67926043 0.6745752 1.0160967 1.0164845
0.9764649 0.9939465 0.4028772 0.35868815 0.97499573 0.35804313 0.35595062 0.64682555 0.65540254 0.9753628 0.97609735 0.9898184 0.38998386 0.96479154 0.97352946 0.38863948 0.96479154 0 0.028639937 0.9626228 0.96406794 0.38964754 0.97573 0.38947943 1.000751 0.66335183 0.9706055 0.96298385 1.001891 1.0126165
0.9706055 0.99169195 0.4039046 0.35933372 0.9738958 0.36111194 0.35820433 0.6444604 0.65516293 0.97720057 0.97609735 0.98683035 0.3888074 0.96406794 0.97316337 0.38796818 0.9637064 0.028639937 0 0.96190137 0.96298385 0.38931137 0.97316337 0.38914335 0.9977191 0.6619002 0.9764649 0.9666036 1.0045581 1.01146
1.001891 1.0041765 0.982 0.9575869 0.1750217 0.97720057 0.9691478 0.97867405 0.97426224 0.6313514 0.6313514 1.0168724 0.9727974 0.1295755 0.12353807 0.95508146 0.07602637 0.9626228 0.96190137 0 0.02305062 0.9593815 0.9872032 0.959741 1.0064689 0.98496884 0.68298006 0.67876583 1.019204 1.0118452
0.99885464 0.99961257 0.97573 0.9557965 0.17363384 0.97609735 0.9662408 0.97499573 0.9706055 0.62810963 0.6294973 1.0149349 0.96841997 0.12708361 0.12083112 0.95615417 0.07403698 0.96406794 0.96298385 0.02305062 0 0.9583042 0.9845971 0.95866317 1.0110749 0.98348296 0.684224 0.67654437 1.015322 1.0099207
0.9962078 0.9790429 0.23630708 0.38228634 0.9666036 0.3898157 0.38595793 0.64045656 0.6484856 0.9440858 0.95472425 0.99999183 0.1260182 0.9655158 0.96334505 0.110911116 0.9565121 0.38964754 0.38931137 0.9593815 0.9583042 0 0.97720057 0.002403848 0.97720057 0.65372705 0.9687838 0.9522284 0.97867405 0.9857129
0.75384146 0.76374257 0.9698763 0.9783054 0.9857129 0.9779369 0.9808897 0.9673296 0.9713354 1.0076177 1.0168724 0.6611755 0.9838541 0.9709704 0.9962078 0.9695119 0.98125964 0.97573 0.97316337 0.9872032 0.9845971 0.97720057 0 0.97867405 0.549644 0.9783054 1.0068517 1.0278157 0.77041674 0.7726547
0.99734104 0.97941184 0.23617005 0.3812881 0.9662408 0.38947943 0.385289 0.6413967 0.64872307 0.94373375 0.9543672 0.99847597 0.12625483 0.9666036 0.9644296 0.111259006 0.9575869 0.38947943 0.38914335 0.959741 0.95866317 0.002403848 0.97867405 0 0.9775687 0.65253264 0.9691478 0.95258445 0.97867405 0.9857129
0.7853693 0.7977235 1.0068517 0.9962078 1.0305767 0.9980974 0.99961257 1.0015109 1.0130024 0.99885464 1.0110749 0.68223464 0.9842255 1.0137748 1.0160967 0.9831119 1.0011308 1.000751 0.9977191 1.0064689 1.0110749 0.97720057 0.549644 0.9775687 0 1.01069 1.0141612 1.0234975 0.79512084 0.80705124
0.9977191 1.0160967 0.6694307 0.65372705 0.97978103 0.66286767 0.66480625 0.37187067 0.38261938 0.9853408 1.0041765 1.0091523 0.6590054 0.9931942 0.97941184 0.65660155 0.9838541 0.66335183 0.6619002 0.98496884 0.98348296 0.65372705 0.9783054 0.65253264 1.01069 0 0.97499573 0.97170067 1.0168724 1.0329514
0.9943229 0.99545324 0.9816297 0.95794547 0.68173814 0.9783054 0.9655158 0.98683035 0.9894442 0.6889701 0.6937464 1.019204 0.9637064 0.69122875 0.6892207 0.9604604 0.67926043 0.9706055 0.9764649 0.68298006 0.684224 0.9687838 1.0068517 0.9691478 1.0141612 0.97499573 0 0.3373763 1.001891 1.0041765
0.9816297 0.98237044 0.98051995 0.94903165 0.6844731 0.97206604 0.9568702 0.96841997 0.97978103 0.6640787 0.6733471 1.0122308 0.9557965 0.68198633 0.68149 0.96010065 0.6745752 0.96298385 0.9666036 0.67876583 0.67654437 0.9522284 1.0278157 0.95258445 1.0234975 0.97170067 0.3373763 0 0.9831119 0.98683035
0.6894714 0.30951837 1.0242808 0.9894442 1.0211525 0.9931942 1.0022715 1.0133885 1.0095364 1.0168724 1.0329514 0.7774327 0.99923354 1.0234975 1.0141612 0.98683035 1.0160967 1.001891 1.0045581 1.019204 1.015322 0.97867405 0.77041674 0.97867405 0.79512084 1.0168724 1.001891 0.9831119 0 0.31543407
0.6745752 0.2759825 1.0227151 0.99658537 1.0195932 1.0126165 1.0095364 1.0313674 1.0278157 0.99885464 1.0227151 0.7968549 1.005704 1.030972 1.0072346 0.99961257 1.0164845 1.0126165 1.01146 1.0118452 1.0099207 0.9857129 0.7726547 0.9857129 0.80705124 1.0329514 1.0041765 0.98683035 0.31543407 0
