0 1.0188149 1.0041765 0.9980974 0.64469653 0.8236593 0.83028585 1.0234975 1.01146 1.0072346 0.99885464 0.8284728 1.0211525 1.0199828 0.67359257 0.6689425 0.6348403 0.64991146 0.6515784 0.6353068 0.6348403 0.6444604 0.67089695 0.6439882 0.98683035 0.6667499 0.88162 0.6255724 0.9046481 0.9019803
1.0188149 0 0.23562221 0.5808764 1.0072346 1.0485728 1.0421246 0.24084297 0.23754142 0.568611 0.5713908 1.0449389 0.24167064 0.23891531 1.0149349 1.000751 1.0015109 1.0234975 1.0231062 0.99923354 1.0011308 1.0172604 1.015322 1.019204 0.5778452 1.0341415 0.99847597 1.0286036 0.9845971 1.0037951
1.0041765 0.23562221 0 0.573751 0.99885464 1.0317632 1.030972 0.23098162 0.22731678 0.56456673 0.5713908 1.0270288 0.22582883 0.22340032 1.0087683 1.000751 1.0011308 1.0160967 1.0137748 0.99999183 1.002652 1.0157093 1.0095364 1.014548 0.57719725 1.0188149 1.014548 1.0357314 0.98907024 1.0045581
0.9980974 0.5808764 0.573751 0 0.9943229 1.0215429 1.0180373 0.58435565 0.5847917 0.20175974 0.20477574 1.0149349 0.57461107 0.5731065 1.015322 1.0110749 1.0278157 1.0072346 1.0053219 1.0258498 1.0301816 1.0099207 1.0110749 1.0068517 0.5335852 1.0211525 1.0199828 1.0389212 1.01069 1.0305767
0.64469653 1.0072346 0.99885464 0.9943229 0 0.811759 0.8111689 1.0110749 1.0080011 0.9901927 0.9939465 0.82066643 1.005704 1.0049399 0.64116156 0.6367077 0.67285645 0.1968032 0.19602357 0.67359257 0.671876 0.11288465 0.5384899 0.11218751 0.98907024 0.6402217 0.8887815 0.6643211 0.9096761 0.8910746
0.8236593 1.0485728 1.0317632 1.0215429 0.811759 0 0.09689845 1.0389212 1.0282096 0.9980974 1.0087683 0.5506852 1.0227151 1.0317632 0.8150128 0.8111689 0.8269652 0.81679356 0.8191745 0.8203678 0.82276016 0.81382793 0.83180004 0.81442016 1.01146 0.8203678 0.87100434 0.81977093 0.87613255 0.8897634
0.83028585 1.0421246 1.030972 1.0180373 0.8111689 0.09689845 0 1.0457449 1.0289978 0.99923354 1.002652 0.55172795 1.0353336 1.0353336 0.8188765 0.81590265 0.8263631 0.81679356 0.8188765 0.8194727 0.82276016 0.8073446 0.8164965 0.8082254 1.0122308 0.812645 0.88226825 0.8212641 0.87645423 0.8907466
1.0234975 0.24084297 0.23098162 0.58435565 1.0110749 1.0389212 1.0457449 0 0.09906361 0.5694652 0.5756876 1.0341415 0.2367183 0.23275258 1.0141612 0.99923354 1.0176488 1.0231062 1.0215429 1.0133885 1.0168724 1.025065 1.0274222 1.025065 0.57957584 1.0341415 1.0207624 1.0389212 0.9980974 1.0168724
1.01146 0.23754142 0.22731678 0.5847917 1.0080011 1.0282096 1.0289978 0.09906361 0 0.56520385 0.57267725 1.0188149 0.23617005 0.23138992 1.002652 0.990942 1.0172604 1.0246727 1.0242808 1.0137748 1.0168724 1.0195932 1.014548 1.0203725 0.57461107 1.0381224 1.0091523 1.0207624 0.9946995 0.99999183
1.0072346 0.568611 0.56456673 0.20175974 0.9901927 0.9980974 0.99923354 0.5694652 0.56520385 0 0.09746763 0.99847597 0.5713908 0.57267725 1.0034139 0.9894442 1.0262426 0.99545324 0.99545324 1.0231062 1.025065 0.99961257 1.0099207 0.9977191 0.5350124 1.0207624 1.0087683 1.015322 0.9901927 1.0103053
0.99885464 0.5713908 0.5713908 0.20477574 0.9939465 1.0087683 1.002652 0.5756876 0.57267725 0.09746763 0 0.99923354 0.5741809 0.57439595 1.0095364 0.99545324 1.0118452 1.001891 1.0030329 1.0091523 1.0110749 1.0076177 1.0103053 1.0045581 0.5362379 1.025065 0.99658537 1.0246727 0.99169195 1.0087683
0.8284728 1.0449389 1.0270288 1.0149349 0.82066643 0.5506852 0.55172795 1.0341415 1.0188149 0.99847597 0.99923354 0 1.0246727 1.0286036 0.8188765 0.814124 0.8224607 0.81709075 0.81709075 0.8164965 0.81709075 0.81738806 0.8105793 0.81828076 1.0080011 0.81977093 0.8999856 0.82186216 0.9043141 0.9127091
1.0211525 0.24167064 0.22582883 0.57461107 1.005704 1.0227151 1.0353336 0.2367183 0.23617005 0.5713908 0.5741809 1.0246727 0 0.096216016 1.01146 1.0080011 1.0172604 1.0099207 1.01069 1.0126165 1.014548 1.0126165 1.0103053 1.0141612 0.5724627 1.0317632 1.014548 1.0227151 0.99056727 1.01146
1.0199828 0.23891531 0.22340032 0.5731065 1.0049399 1.0317632 1.0353336 0.23275258 0.23138992 0.57267725 0.57439595 1.0286036 0.096216016 0 1.0133885 1.0064689 1.0203725 1.0160967 1.0157093 1.0176488 1.019204 1.0172604 1.01146 1.0176488 0.57979244 1.0349361 1.0083846 1.0203725 0.99169195 1.0072346
0.67359257 1.0149349 1.0087683 1.015322 0.64116156 0.8150128 0.8188765 1.0141612 1.002652 1.0034139 1.0095364 0.8188765 1.01146 1.0133885 0 0.06755295 0.66383636 0.64967364 0.65038735 0.66577744 0.6652917 0.6494359 0.63857985 0.6477737 1.0126165 0.47785875 0.88259256 0.6602102 0.903313 0.9006499
0.6689425 1.000751 1.000751 1.0110749 0.6367077 0.8111689 0.81590265 0.99923354 0.990942 0.9894442 0.99545324 0.814124 1.0080011 1.0064689 0.06755295 0 0.6631097 0.64729947 0.6461152 0.66359407 0.66359407 0.64729947 0.64280915 0.64564204 1.0049399 0.48165047 0.8864954 0.6573219 0.8996537 0.9069903
0.6348403 1.0015109 1.0011308 1.0278157 0.67285645 0.8269652 0.8263631 1.0176488 1.0172604 1.0262426 1.0118452 0.8224607 1.0172604 1.0203725 0.66383636 0.6631097 0 0.6619002 0.6611755 0.015152031 0.015968801 0.66918653 0.6699191 0.6684547 0.9842255 0.67040783 0.8887815 0.2825125 0.9013148 0.89932185
0.64991146 1.0234975 1.0160967 1.0072346 0.1968032 0.81679356 0.81679356 1.0231062 1.0246727 0.99545324 1.001891 0.81709075 1.0099207 1.0160967 0.64967364 0.64729947 0.6619002 0 0.010979982 0.6611755 0.6611755 0.20071353 0.5436332 0.19940782 0.99847597 0.6437523 0.87806475 0.6592462 0.91439945 0.89304566
0.6515784 1.0231062 1.0137748 1.0053219 0.19602357 0.8191745 0.8188765 1.0215429 1.0242808 0.99545324 1.0030329 0.81709075 1.01069 1.0157093 0.65038735 0.6461152 0.6611755 0.010979982 0 0.65972805 0.65972805 0.20071353 0.54322046 0.19940782 0.99923354 0.6418672 0.87645423 0.65612173 0.9123715 0.8904187
0.6353068 0.99923354 0.99999183 1.0258498 0.67359257 0.8203678 0.8194727 1.0133885 1.0137748 1.0231062 1.0091523 0.8164965 1.0126165 1.0176488 0.66577744 0.66359407 0.015152031 0.6611755 0.65972805 0 0.007234783 0.6696748 0.66650665 0.6689425 0.97867405 0.67163116 0.8864954 0.28324157 0.8979962 0.8999856
0.6348403 1.0011308 1.002652 1.0301816 0.671876 0.82276016 0.82276016 1.0168724 1.0168724 1.025065 1.0110749 0.81709075 1.014548 1.019204 0.6652917 0.66359407 0.015968801 0.6611755 0.65972805 0.007234783 0 0.6689425 0.66383636 0.6682109 0.9816297 0.6686986 0.8881276 0.2825125 0.8970035 0.8973342
0.6444604 1.0172604 1.0157093 1.0099207 0.11288465 0.81382793 0.8073446 1.025065 1.0195932 0.99961257 1.0076177 0.81738806 1.0126165 1.0172604 0.6494359 0.64729947 0.66918653 0.20071353 0.20071353 0.6696748 0.6689425 0 0.5436332 0.0049160765 0.99734104 0.64824826 0.8923881 0.6599691 0.9113596 0.8920595
0.67089695 1.015322 1.0095364 1.0110749 0.5384899 0.83180004 0.8164965 1.0274222 1.014548 1.0099207 1.0103053 0.8105793 1.0103053 1.01146 0.63857985 0.64280915 0.6699191 0.5436332 0.54322046 0.66650665 0.66383636 0.5436332 0 0.5440462 0.9894442 0.6350735 0.8832416 0.6682109 0.8851922 0.895022
0.6439882 1.019204 1.014548 1.0068517 0.11218751 0.81442016 0.8082254 1.025065 1.0203725 0.9977191 1.0045581 0.81828076 1.0141612 1.0176488 0.6477737 0.64564204 0.6684547 0.19940782 0.19940782 0.6689425 0.6682109 0.0049160765 0.5440462 0 0.9962078 0.64824826 0.89304566 0.65852404 0.9113596 0.891731
0.98683035 0.5778452 0.57719725 0.5335852 0.98907024 1.01146 1.0122308 0.57957584 0.57461107 0.5350124 0.5362379 1.0080011 0.5724627 0.57979244 1.0126165 1.0049399 0.9842255 0.99847597 0.99923354 0.97867405 0.9816297 0.99734104 0.9894442 0.9962078 0 1.0110749 1.0103053 1.025065 0.9842255 1.0168724
0.6667499 1.0341415 1.0188149 1.0211525 0.6402217 0.8203678 0.812645 1.0341415 1.0381224 1.0207624 1.025065 0.81977093 1.0317632 1.0349361 0.47785875 0.48165047 0.67040783 0.6437523 0.6418672 0.67163116 0.6686986 0.64824826 0.6350735 0.64824826 1.0110749 0 0.8793556 0.6682109 0.8793556 0.8907466
0.88162 0.99847597 1.014548 1.0199828 0.8887815 0.87100434 0.88226825 1.0207624 1.0091523 1.0087683 0.99658537 0.8999856 1.014548 1.0083846 0.88259256 0.8864954 0.8887815 0.87806475 0.87645423 0.8864954 0.8881276 0.8923881 0.8832416 0.89304566 1.0103053 0.8793556 0 0.8803252 0.36794052 0.3731853
0.6255724 1.0286036 1.0357314 1.0389212 0.6643211 0.81977093 0.8212641 1.0389212 1.0207624 1.015322 1.0246727 0.82186216 1.0227151 1.0203725 0.6602102 0.6573219 0.2825125 0.6592462 0.65612173 0.28324157 0.2825125 0.6599691 0.6682109 0.65852404 1.025065 0.6682109 0.8803252 0 0.8920595 0.8904187
0.9046481 0.9845971 0.98907024 1.01069 0.9096761 0.87613255 0.87645423 0.9980974 0.9946995 0.9901927 0.99169195 0.9043141 0.99056727 0.99169195 0.903313 0.8996537 0.9013148 0.91439945 0.9123715 0.8979962 0.8970035 0.9113596 0.8851922 0.9113596 0.9842255 0.8793556 0.36794052 0.8920595 0 0.27583802
0.9019803 1.0037951 1.0045581 1.0305767 0.8910746 0.8897634 0.8907466 1.0168724 0.99999183 1.0103053 1.0087683 0.9127091 1.01146 1.0072346 0.9006499 0.9069903 0.89932185 0.89304566 0.8904187 0.8999856 0.8973342 0.8920595 0.895022 0.891731 1.0168724 0.8907466 0.3731853 0.8904187 0.27583802 0
