0 0.9831119 0.9894442 0.97243166 0.97573 0.97573 1.0103053 1.0072346 1.0034139 1.0286036 1.0282096 0.6320479 0.99961257 0.99961257 0.99545324 1.002652 1.0068517 1.01146 1.0080011 0.9946995 1.0049399 0.9958304 0.97024083 0.9920673 1.0203725 1.0060863 1.0126165 0.9950763 0.97867405 0.99847597
0.9831119 0 0.07913151 0.4251062 0.42528248 0.4189622 0.23767869 0.23685543 0.58850837 0.8923881 0.891731 0.9857129 0.5907033 0.5902638 0.5946704 0.5935663 0.5955548 0.5904835 0.591363 0.8774201 0.8787099 0.5975486 0.41321507 0.6006607 0.8812961 0.23288897 0.26025566 0.2556012 0.42229128 0.58916616
0.9894442 0.07913151 0 0.42194015 0.42176464 0.41756493 0.23891531 0.23754142 0.5856646 0.90031767 0.8999856 0.98645765 0.58960503 0.58982456 0.59246385 0.59246385 0.5933457 0.58807015 0.58938557 0.88291705 0.88259256 0.5979924 0.41096306 0.6011063 0.8881276 0.23057352 0.25686774 0.2546176 0.41756493 0.58807015
0.97243166 0.4251062 0.42194015 0 0.08191486 0.079353794 0.43076792 0.4258116 0.593787 0.8927168 0.8887815 0.9680563 0.5975486 0.5964403 0.6008834 0.5982144 0.59954774 0.6017752 0.6006607 0.8855178 0.8923881 0.604457 0.30379888 0.604457 0.8907466 0.42404935 0.42528248 0.42088777 0.11056338 0.5975486
0.97573 0.42528248 0.42176464 0.08191486 0 0.075473234 0.4313009 0.42651764 0.5966618 0.8910746 0.8874743 0.96406794 0.6013292 0.5982144 0.6011063 0.6006607 0.5999927 0.59888077 0.59954774 0.8864954 0.891731 0.60423315 0.30050746 0.60647464 0.8996537 0.42387336 0.42563516 0.4235215 0.111491024 0.5979924
0.97573 0.4189622 0.41756493 0.079353794 0.075473234 0 0.43183428 0.4268709 0.59246385 0.8927168 0.88910866 0.9655158 0.59599745 0.5948914 0.5971051 0.5962188 0.5955548 0.59599745 0.5955548 0.88291705 0.8884545 0.6013292 0.3011048 0.6002153 0.8897634 0.41773945 0.42299402 0.4189622 0.10859594 0.5948914
1.0103053 0.23767869 0.23891531 0.43076792 0.4313009 0.43183428 0 0.06700602 0.5977705 0.90565103 0.9013148 1.0103053 0.59910303 0.5979924 0.60222155 0.6019983 0.60043794 0.6040094 0.6028915 0.8884545 0.8887815 0.60669917 0.42211568 0.60849774 0.91406107 0.23138992 0.26593643 0.26039714 0.43076792 0.60043794
1.0072346 0.23685543 0.23754142 0.4258116 0.42651764 0.4268709 0.06700602 0 0.5971051 0.9096761 0.9063204 0.9969631 0.5997702 0.59910303 0.5999927 0.60244477 0.6015522 0.6008834 0.6002153 0.8897634 0.890091 0.60625017 0.42141378 0.60804766 0.9133848 0.22962219 0.26294866 0.25700858 0.42775482 0.5984365
1.0034139 0.58850837 0.5856646 0.593787 0.5966618 0.59246385 0.5977705 0.5971051 0 0.8970035 0.89865875 0.9655158 0.061558582 0.06079909 0.16063786 0.10066301 0.09894951 0.09100451 0.09371904 0.90164745 0.9043141 0.16548501 0.57827747 0.16448817 0.90231323 0.5889469 0.5929046 0.5929046 0.59004414 0.093265936
1.0286036 0.8923881 0.90031767 0.8927168 0.8910746 0.8927168 0.90565103 0.9096761 0.8970035 0 0.048537236 0.99169195 0.89865875 0.89932185 0.8927168 0.9029796 0.90498227 0.910349 0.91169673 0.39640284 0.3962332 0.9036466 0.9013148 0.8983274 0.26351684 0.89667284 0.90498227 0.8963424 0.8910746 0.9073255
1.0282096 0.891731 0.8999856 0.8887815 0.8874743 0.88910866 0.9013148 0.9063204 0.89865875 0.048537236 0 0.9950763 0.90098226 0.9019803 0.8904187 0.9013148 0.90498227 0.91169673 0.9127091 0.40150952 0.4018512 0.8996537 0.8970035 0.89304566 0.26394325 0.8953518 0.90565103 0.90031767 0.8874743 0.90766084
0.6320479 0.9857129 0.98645765 0.9680563 0.96406794 0.9655158 1.0103053 0.9969631 0.9655158 0.99169195 0.9950763 0 0.9746289 0.9666036 0.97426224 0.97243166 0.9691478 0.97941184 0.9779369 0.97316337 0.9775687 0.9753628 0.97243166 0.9753628 0.98832285 0.97316337 0.9958304 0.98125964 0.9673296 0.9695119
0.99961257 0.5907033 0.58960503 0.5975486 0.6013292 0.59599745 0.59910303 0.5997702 0.061558582 0.89865875 0.90098226 0.9746289 0 0.049818557 0.16299537 0.10272439 0.10169299 0.093379185 0.096102335 0.9069903 0.90766084 0.16848351 0.5802258 0.16735767 0.9029796 0.59180313 0.5973268 0.5968834 0.5911431 0.09564779
0.99961257 0.5902638 0.58982456 0.5964403 0.5982144 0.5948914 0.5979924 0.59910303 0.06079909 0.89932185 0.9019803 0.9666036 0.049818557 0 0.16299537 0.10249507 0.101120606 0.093265936 0.09587503 0.9059856 0.90766084 0.16760771 0.5810934 0.16748267 0.90231323 0.5929046 0.5933457 0.5935663 0.591363 0.09632971
0.99545324 0.5946704 0.59246385 0.6008834 0.6011063 0.5971051 0.60222155 0.5999927 0.16063786 0.8927168 0.8904187 0.97426224 0.16299537 0.16299537 0 0.16436365 0.16436365 0.16076176 0.16399023 0.88943595 0.8914027 0.038049035 0.5907033 0.0375232 0.90098226 0.591363 0.6019983 0.5979924 0.59533364 0.15989491
1.002652 0.5935663 0.59246385 0.5982144 0.6006607 0.5962188 0.6019983 0.60244477 0.10066301 0.9029796 0.9013148 0.97243166 0.10272439 0.10249507 0.16436365 0 0.041106176 0.10203663 0.10387206 0.90799636 0.9130469 0.1691097 0.57957584 0.16810805 0.9096761 0.5955548 0.6019983 0.5975486 0.5926842 0.097126074
1.0068517 0.5955548 0.5933457 0.59954774 0.5999927 0.5955548 0.60043794 0.6015522 0.09894951 0.90498227 0.90498227 0.9691478 0.10169299 0.101120606 0.16436365 0.041106176 0 0.10043431 0.10306851 0.9069903 0.90933985 0.16961105 0.5789264 0.16823317 0.90398026 0.5951125 0.6015522 0.5984365 0.5915831 0.096216016
1.01146 0.5904835 0.58807015 0.6017752 0.59888077 0.59599745 0.6040094 0.6008834 0.09100451 0.910349 0.91169673 0.97941184 0.093379185 0.093265936 0.16076176 0.10203663 0.10043431 0 0.036787648 0.9130469 0.9123715 0.16585916 0.582614 0.16436365 0.9133848 0.5929046 0.5935663 0.5979924 0.5973268 0.096102335
1.0080011 0.591363 0.58938557 0.6006607 0.59954774 0.5955548 0.6028915 0.6002153 0.09371904 0.91169673 0.9127091 0.9779369 0.096102335 0.09587503 0.16399023 0.10387206 0.10306851 0.036787648 0 0.9184719 0.9188122 0.16885917 0.58065945 0.16723268 0.91406107 0.5948914 0.5964403 0.59865856 0.5951125 0.09758151
0.9946995 0.8774201 0.88291705 0.8855178 0.8864954 0.88291705 0.8884545 0.8897634 0.90164745 0.39640284 0.40150952 0.97316337 0.9069903 0.9059856 0.88943595 0.90799636 0.9069903 0.9130469 0.9184719 0 0.034375902 0.8999856 0.8855178 0.9019803 0.40099728 0.88454145 0.8973342 0.8907466 0.8884545 0.9167723
1.0049399 0.8787099 0.88259256 0.8923881 0.891731 0.8884545 0.8887815 0.890091 0.9043141 0.3962332 0.4018512 0.9775687 0.90766084 0.90766084 0.8914027 0.9130469 0.90933985 0.9123715 0.9188122 0.034375902 0 0.9013148 0.890091 0.903313 0.39861146 0.8858435 0.89932185 0.895022 0.8927168 0.92085767
0.9958304 0.5975486 0.5979924 0.604457 0.60423315 0.6013292 0.60669917 0.60625017 0.16548501 0.9036466 0.8996537 0.9753628 0.16848351 0.16760771 0.038049035 0.1691097 0.16961105 0.16585916 0.16885917 0.8999856 0.9013148 0 0.59533364 0.033016164 0.90900373 0.5962188 0.6026681 0.5999927 0.5971051 0.16548501
0.97024083 0.41321507 0.41096306 0.30379888 0.30050746 0.3011048 0.42211568 0.42141378 0.57827747 0.9013148 0.8970035 0.97243166 0.5802258 0.5810934 0.5907033 0.57957584 0.5789264 0.582614 0.58065945 0.8855178 0.890091 0.59533364 0 0.59180313 0.89601207 0.41529983 0.417216 0.41425672 0.2988671 0.57590306
0.9920673 0.6006607 0.6011063 0.604457 0.60647464 0.6002153 0.60849774 0.60804766 0.16448817 0.8983274 0.89304566 0.9753628 0.16735767 0.16748267 0.0375232 0.16810805 0.16823317 0.16436365 0.16723268 0.9019803 0.903313 0.033016164 0.59180313 0 0.908332 0.5977705 0.6049049 0.6011063 0.5968834 0.16399023
1.0203725 0.8812961 0.8881276 0.8907466 0.8996537 0.8897634 0.91406107 0.9133848 0.90231323 0.26351684 0.26394325 0.98832285 0.9029796 0.90231323 0.90098226 0.9096761 0.90398026 0.9133848 0.91406107 0.40099728 0.39861146 0.90900373 0.89601207 0.908332 0 0.8910746 0.8996537 0.89667284 0.8953518 0.910349
1.0060863 0.23288897 0.23057352 0.42404935 0.42387336 0.41773945 0.23138992 0.22962219 0.5889469 0.89667284 0.8953518 0.97316337 0.59180313 0.5929046 0.591363 0.5955548 0.5951125 0.5929046 0.5948914 0.88454145 0.8858435 0.5962188 0.41529983 0.5977705 0.8910746 0 0.25884217 0.25363526 0.42088777 0.58938557
1.0126165 0.26025566 0.25686774 0.42528248 0.42563516 0.42299402 0.26593643 0.26294866 0.5929046 0.90498227 0.90565103 0.9958304 0.5973268 0.5933457 0.6019983 0.6019983 0.6015522 0.5935663 0.5964403 0.8973342 0.89932185 0.6026681 0.417216 0.6049049 0.8996537 0.25884217 0 0.13267222 0.4242254 0.5929046
0.9950763 0.2556012 0.2546176 0.42088777 0.4235215 0.4189622 0.26039714 0.25700858 0.5929046 0.8963424 0.90031767 0.98125964 0.5968834 0.5935663 0.5979924 0.5975486 0.5984365 0.5979924 0.59865856 0.8907466 0.895022 0.5999927 0.41425672 0.6011063 0.89667284 0.25363526 0.13267222 0 0.41843793 0.5948914
0.97867405 0.42229128 0.41756493 0.11056338 0.111491024 0.10859594 0.43076792 0.42775482 0.59004414 0.8910746 0.8874743 0.9673296 0.5911431 0.591363 0.59533364 0.5926842 0.5915831 0.5973268 0.5951125 0.8884545 0.8927168 0.5971051 0.2988671 0.5968834 0.8953518 0.42088777 0.4242254 0.41843793 0 0.5926842
0.99847597 0.58916616 0.58807015 0.5975486 0.5979924 0.5948914 0.60043794 0.5984365 0.093265936 0.9073255 0.90766084 0.9695119 0.09564779 0.09632971 0.15989491 0.097126074 0.096216016 0.096102335 0.09758151 0.9167723 0.92085767 0.16548501 0.57590306 0.16399023 0.910349 0.58938557 0.5929046 0.5948914 0.5926842 0
