0 0.93241764333 0.94499364333 0.98440974333 0.91970838333 0.91936784333 0.92073089333 0.94994184333 0.95278404333 0.94887874333 0.94218070333 0.91868729333 0.44512490333 0.44349859333 0.48068712333 0.47936054333 0.98329674333 0.98478114333 0.98813189333 0.44711742333 0.44566778333 0.98775884333 0.91834719333 0.98775884333 0.94077814333 0.93311078333 0.94218070333 0.95670981333 0.94218070333 0.91834719333
0.93241764333 0 0.12965586333 0.98925210333 0.28818659333 0.29083261333 0.29304478333 0.71917184333 0.72756059333 0.65356584333 0.65404368333 0.70063329333 0.96715924333 0.96462358333 0.96824849333 0.96137604333 1.00054747333 1.00511374333 0.99487854333 0.98218534333 0.98144534333 0.99299834333 0.66318134333 0.99224759333 0.65356584333 0.65261104333 0.71501238333 0.73737854333 0.71449404333 0.69987074333
0.94499364333 0.12965586333 0 0.99525514333 0.29142190333 0.29496730333 0.29630116333 0.71708924333 0.72466634333 0.65907968333 0.66390747333 0.70650564333 0.96498524333 0.96897561333 0.97043194333 0.96534718333 1.00282714333 1.00702454333 1.00092694333 0.97481788333 0.97518454333 0.99714101333 0.67341209333 0.99638604333 0.66221424333 0.65811784333 0.71865064333 0.73577768333 0.71656949333 0.70394684333
0.98440974333 0.98925210333 0.99525514333 0 0.98181528333 0.99374984333 0.98925210333 0.98218534333 0.99563194333 1.00244664333 1.01086094333 0.98440974333 0.97886104333 0.98329674333 0.98775884333 0.98515274333 0.33215246333 0.33355418333 0.11518596333 0.99487854333 0.99487854333 0.11576876333 0.98887849333 0.11553558833 0.99187249333 1.00511374333 0.99074834333 1.00587754333 0.99714101333 0.98589644333
0.91970838333 0.28818659333 0.29142190333 0.98181528333 0 0.10707401333 0.10557712733 0.71449404333 0.72335454333 0.65763734333 0.65883904333 0.71760934333 0.94994184333 0.95065134333 0.95850111333 0.95420924333 0.99224759333 0.99337400333 0.98664084333 0.95706774333 0.95742584333 0.98515274333 0.66173114333 0.98440974333 0.66124834333 0.66004271333 0.71164974333 0.73364854333 0.71553104333 0.69961668333
0.91936784333 0.29083261333 0.29496730333 0.99374984333 0.10707401333 0 0.10156182333 0.71527164333 0.72126024333 0.66269764333 0.66414971333 0.71917184333 0.94923288333 0.95171694333 0.94923288333 0.94675708333 1.00016821333 0.99827474333 0.99941028333 0.95706774333 0.95563710333 0.99789668333 0.66293944333 0.99714101333 0.66245584333 0.65932030333 0.71242440333 0.73524484333 0.72152174333 0.71036044333
0.92073089333 0.29304478333 0.29630116333 0.98925210333 0.10557712733 0.10156182333 0 0.72440380333 0.73818024333 0.66100704333 0.66414971333 0.71579054333 0.94182981333 0.94077814333 0.95527989333 0.95278404333 0.99224759333 0.99074834333 0.99262294333 0.95635214333 0.95456594333 0.99187249333 0.66730554333 0.99112291333 0.65883904333 0.66414971333 0.72492904333 0.74220169333 0.71319984333 0.70394684333
0.94994184333 0.71917184333 0.71708924333 0.98218534333 0.71449404333 0.71527164333 0.72440380333 0 0.07084921933 0.72571754333 0.72178329333 0.71190784333 0.96570924333 0.96861194333 0.95706774333 0.96209654333 0.99299834333 0.98925210333 0.97152604333 0.96570924333 0.96534718333 0.96824849333 0.73551119333 0.96861194333 0.73844767333 0.73232084333 0.28774649333 0.28745324333 0.73497854333 0.72571754333
0.95278404333 0.72756059333 0.72466634333 0.99563194333 0.72335454333 0.72126024333 0.73818024333 0.07084921933 0 0.72808804333 0.72519178333 0.71449404333 0.96933944333 0.96715924333 0.95242814333 0.95670981333 1.00817334333 1.00779024333 0.98775884333 0.97152604333 0.97043194333 0.98626854333 0.74193294333 0.98626854333 0.73925054333 0.73391434333 0.29127452333 0.29053817333 0.73338274333 0.72703354333
0.94887874333 0.65356584333 0.65907968333 1.00244664333 0.65763734333 0.66269764333 0.66100704333 0.72571754333 0.72808804333 0 0.05466115333 0.73978627333 0.96643384333 0.96752214333 0.96245701333 0.95670981333 0.99903161333 0.99487854333 1.00587754333 0.96281767333 0.96101604333 1.00549554333 0.34359828333 1.00511374333 0.33777514333 0.34217766333 0.72729704333 0.73791290333 0.74139574333 0.72335454333
0.94218070333 0.65404368333 0.66390747333 1.01086094333 0.65883904333 0.66414971333 0.66414971333 0.72178329333 0.72519178333 0.05466115333 0 0.73737854333 0.95742584333 0.95670981333 0.95814254333 0.95207251333 1.00358854333 1.00130664333 1.01317214333 0.96101604333 0.95957794333 1.01278644333 0.34502158333 1.01240084333 0.33793194333 0.34470504333 0.72835190333 0.73258624333 0.74273954333 0.72861584333
0.91868729333 0.70063329333 0.70650564333 0.98440974333 0.71760934333 0.71917184333 0.71579054333 0.71190784333 0.71449404333 0.73978627333 0.73737854333 0 0.95814254333 0.96029664333 0.94253174333 0.94042790333 1.01278644333 1.01898164333 0.98813189333 0.95029644333 0.94994184333 0.99224759333 0.72624368333 0.99187249333 0.72178329333 0.73073074333 0.71113374333 0.70063329333 0.41099999333 0.40360398333
0.44512490333 0.96715924333 0.96498524333 0.97886104333 0.94994184333 0.94923288333 0.94182981333 0.96570924333 0.96933944333 0.96643384333 0.95742584333 0.95814254333 0 0.01959528333 0.47182464333 0.46771199333 0.98850507333 0.98664084333 0.98255564333 0.17899477333 0.17810727333 0.97996748333 0.94393754333 0.97996748333 0.94253174333 0.95242814333 0.96752214333 0.96426204333 0.98107559333 0.96101604333
0.44349859333 0.96462358333 0.96897561333 0.98329674333 0.95065134333 0.95171694333 0.94077814333 0.96861194333 0.96715924333 0.96752214333 0.95670981333 0.96029664333 0.01959528333 0 0.47070078333 0.46715290333 0.99187249333 0.98999984333 0.98887849333 0.17823399333 0.17747398333 0.98515274333 0.94393754333 0.98515274333 0.94781714333 0.95207251333 0.97152604333 0.96137604333 0.98107559333 0.96029664333
0.48068712333 0.96824849333 0.97043194333 0.98775884333 0.95850111333 0.94923288333 0.95527989333 0.95706774333 0.95242814333 0.96245701333 0.95814254333 0.94253174333 0.47182464333 0.47070078333 0 0.01816066133 1.00092694333 0.99941028333 0.99941028333 0.47163722333 0.47107521333 0.99789668333 0.94781714333 0.99751874333 0.95420924333 0.96065629333 0.95742584333 0.97189104333 0.97481788333 0.94852474333
0.47936054333 0.96137604333 0.96534718333 0.98515274333 0.95420924333 0.94675708333 0.95278404333 0.96209654333 0.95670981333 0.95670981333 0.95207251333 0.94042790333 0.46771199333 0.46715290333 0.01816066133 0 0.99714101333 0.99450214333 0.99676344333 0.46789844333 0.46733922333 0.99487854333 0.94112854333 0.99450214333 0.94464144333 0.95029644333 0.95885984333 0.97189104333 0.97371901333 0.94994184333
0.98329674333 1.00054747333 1.00282714333 0.33215246333 0.99224759333 1.00016821333 0.99224759333 0.99299834333 1.00817334333 0.99903161333 1.00358854333 1.01278644333 0.98850507333 0.99187249333 1.00092694333 0.99714101333 0 0.01652444433 0.33511472333 0.99941028333 0.99865304333 0.33542724333 1.00932394333 0.33527098333 0.99978918333 1.00625964333 1.01587764333 1.01549054333 1.02562064333 0.99487854333
0.98478114333 1.00511374333 1.00702454333 0.33355418333 0.99337400333 0.99827474333 0.99074834333 0.98925210333 1.00779024333 0.99487854333 1.00130664333 1.01898164333 0.98664084333 0.98999984333 0.99941028333 0.99450214333 0.01652444433 0 0.33699170333 1.00130664333 1.00054747333 0.33746166333 1.00549554333 0.33730499333 0.99865304333 1.00664194333 1.01898164333 1.01510364333 1.02601294333 0.99525514333
0.98813189333 0.99487854333 1.00092694333 0.11518596333 0.98664084333 0.99941028333 0.99262294333 0.97152604333 0.98775884333 1.00587754333 1.01317214333 0.98813189333 0.98255564333 0.98887849333 0.99941028333 0.99676344333 0.33511472333 0.33699170333 0 0.99563194333 0.99337400333 0.01621805133 0.98664084333 0.01601385833 0.99751874333 1.00244664333 0.99487854333 0.99789668333 1.01163054333 0.99865304333
0.44711742333 0.98218534333 0.97481788333 0.99487854333 0.95706774333 0.95706774333 0.95635214333 0.96570924333 0.97152604333 0.96281767333 0.96101604333 0.95029644333 0.17899477333 0.17823399333 0.47163722333 0.46789844333 0.99941028333 1.00130664333 0.99563194333 0 0.00718485473000002 0.99487854333 0.94675708333 0.99487854333 0.95599454333 0.95420924333 0.95957794333 0.96426204333 0.96897561333 0.95100634333
0.44566778333 0.98144534333 0.97518454333 0.99487854333 0.95742584333 0.95563710333 0.95456594333 0.96534718333 0.97043194333 0.96101604333 0.95957794333 0.94994184333 0.17810727333 0.17747398333 0.47107521333 0.46733922333 0.99865304333 1.00054747333 0.99337400333 0.00718485473000002 0 0.99262294333 0.94569851333 0.99262294333 0.95420924333 0.95314009333 0.96173614333 0.96570924333 0.96679644333 0.94887874333
0.98775884333 0.99299834333 0.99714101333 0.11576876333 0.98515274333 0.99789668333 0.99187249333 0.96824849333 0.98626854333 1.00549554333 1.01278644333 0.99224759333 0.97996748333 0.98515274333 0.99789668333 0.99487854333 0.33542724333 0.33746166333 0.01621805133 0.99487854333 0.99262294333 0 0.98589644333 0.000755670000000022 0.99299834333 0.99827474333 0.99299834333 0.99676344333 1.00932394333 0.99978918333
0.91834719333 0.66318134333 0.67341209333 0.98887849333 0.66173114333 0.66293944333 0.66730554333 0.73551119333 0.74193294333 0.34359828333 0.34502158333 0.72624368333 0.94393754333 0.94393754333 0.94781714333 0.94112854333 1.00932394333 1.00549554333 0.98664084333 0.94675708333 0.94569851333 0.98589644333 0 0.98552448333 0.32904684333 0.33121944333 0.73444624333 0.74220169333 0.73684454333 0.72519178333
0.98775884333 0.99224759333 0.99638604333 0.11553558833 0.98440974333 0.99714101333 0.99112291333 0.96861194333 0.98626854333 1.00511374333 1.01240084333 0.99187249333 0.97996748333 0.98515274333 0.99751874333 0.99450214333 0.33527098333 0.33730499333 0.01601385833 0.99487854333 0.99262294333 0.000755670000000022 0.98552448333 0 0.99299834333 0.99789668333 0.99262294333 0.99638604333 1.00894024333 0.99941028333
0.94077814333 0.65356584333 0.66221424333 0.99187249333 0.66124834333 0.66245584333 0.65883904333 0.73844767333 0.73925054333 0.33777514333 0.33793194333 0.72178329333 0.94253174333 0.94781714333 0.95420924333 0.94464144333 0.99978918333 0.99865304333 0.99751874333 0.95599454333 0.95420924333 0.99299834333 0.32904684333 0.99299834333 0 0.29039097333 0.73844767333 0.73711154333 0.73099554333 0.72466634333
0.93311078333 0.65261104333 0.65811784333 1.00511374333 0.66004271333 0.65932030333 0.66414971333 0.73232084333 0.73391434333 0.34217766333 0.34470504333 0.73073074333 0.95242814333 0.95207251333 0.96065629333 0.95029644333 1.00625964333 1.00664194333 1.00244664333 0.95420924333 0.95314009333 0.99827474333 0.33121944333 0.99789668333 0.29039097333 0 0.73631090333 0.73444624333 0.74005424333 0.72887987333
0.94218070333 0.71501238333 0.71865064333 0.99074834333 0.71164974333 0.71242440333 0.72492904333 0.28774649333 0.29127452333 0.72729704333 0.72835190333 0.71113374333 0.96752214333 0.97152604333 0.95742584333 0.95885984333 1.01587764333 1.01898164333 0.99487854333 0.95957794333 0.96173614333 0.99299834333 0.73444624333 0.99262294333 0.73844767333 0.73631090333 0 0.28496519333 0.72650684333 0.71423507333
0.95670981333 0.73737854333 0.73577768333 1.00587754333 0.73364854333 0.73524484333 0.74220169333 0.28745324333 0.29053817333 0.73791290333 0.73258624333 0.70063329333 0.96426204333 0.96137604333 0.97189104333 0.97189104333 1.01549054333 1.01510364333 0.99789668333 0.96426204333 0.96570924333 0.99676344333 0.74220169333 0.99638604333 0.73711154333 0.73444624333 0.28496519333 0 0.73046607333 0.70445788333
0.94218070333 0.71449404333 0.71656949333 0.99714101333 0.71553104333 0.72152174333 0.71319984333 0.73497854333 0.73338274333 0.74139574333 0.74273954333 0.41099999333 0.98107559333 0.98107559333 0.97481788333 0.97371901333 1.02562064333 1.02601294333 1.01163054333 0.96897561333 0.96679644333 1.00932394333 0.73684454333 1.00894024333 0.73099554333 0.74005424333 0.72650684333 0.73046607333 0 0.22234132333
0.91834719333 0.69987074333 0.70394684333 0.98589644333 0.69961668333 0.71036044333 0.70394684333 0.72571754333 0.72703354333 0.72335454333 0.72861584333 0.40360398333 0.96101604333 0.96029664333 0.94852474333 0.94994184333 0.99487854333 0.99525514333 0.99865304333 0.95100634333 0.94887874333 0.99978918333 0.72519178333 0.99941028333 0.72466634333 0.72887987333 0.71423507333 0.70445788333 0.22234132333 0
