0 0.70466954 0.95794547 0.9419761 0.9388226 0.9644296 0.9673296 0.9655158 0.9572284 0.9637064 0.70928967 0.9465546 0.7141975 1.0195932 1.0195932 0.7082605 0.7049255 0.9497408 0.9433819 0.9479691 0.95472425 0.7175742 0.93082345 0.7193987 0.96479154 0.7222747 0.953297 0.93847305 0.7175742 0.7170537
0.70466954 0 0.9256522 0.9086678 0.9113596 0.90565103 0.90766084 0.92085767 0.9253087 0.9218825 0.114746846 0.9100125 0.113117166 0.98645765 0.97499573 0.11172312 0.10790278 0.91915274 0.91473794 0.90933985 0.9110226 0.5929046 0.8999856 0.59224355 0.91203403 0.5887276 0.90665525 0.9123715 0.5926842 0.58544624
0.95794547 0.9256522 0 0.617328 0.617328 0.6228142 0.6294973 0.07503101 0.07503101 0.07824301 0.9483231 0.56520385 0.94903165 1.0282096 1.0337447 0.94127417 0.93568236 0.20320067 0.20175974 0.63414127 0.6339084 0.9479691 0.618924 0.9511613 0.6350735 0.9218825 0.62006605 0.19849518 0.931862 0.9263396
0.9419761 0.9086678 0.617328 0 0.06974465 0.28924686 0.29234147 0.609624 0.61278665 0.61346614 0.92462224 0.59400773 0.91983426 0.9727974 0.96769285 0.9174517 0.90766084 0.60849774 0.60647464 0.29337585 0.29352373 0.8996537 0.42634106 0.90398026 0.27367437 0.8989902 0.2920462 0.6049049 0.90900373 0.8956819
0.9388226 0.9113596 0.617328 0.06974465 0 0.29234147 0.2938196 0.6109778 0.61369276 0.6157354 0.92359364 0.5920233 0.92085767 0.9764649 0.9706055 0.91983426 0.9106857 0.6091733 0.60625017 0.29574552 0.29663607 0.90799636 0.42264256 0.910349 0.27338633 0.9133848 0.29411557 0.6033384 0.9123715 0.8983274
0.9644296 0.90565103 0.6228142 0.28924686 0.29234147 0 0.06580418 0.610752 0.61369276 0.61369276 0.9270277 0.5955548 0.9256522 0.97573 0.9698763 0.91813165 0.90900373 0.6109778 0.60512894 0.13998818 0.14047043 0.88910866 0.41878742 0.8910746 0.29248914 0.89601207 0.16187774 0.6082727 0.89865875 0.8904187
0.9673296 0.90766084 0.6294973 0.29234147 0.2938196 0.06580418 0 0.6157354 0.6171003 0.62235546 0.9253087 0.59932536 0.92359364 0.9831119 0.98125964 0.91779155 0.9069903 0.6150539 0.61052626 0.14264435 0.14288628 0.8927168 0.42211568 0.89469224 0.2951524 0.908332 0.16735767 0.61482686 0.90231323 0.895022
0.9655158 0.92085767 0.07503101 0.609624 0.6109778 0.610752 0.6157354 0 0.064386316 0.06744353 0.93812364 0.5637181 0.9388226 1.0246727 1.0305767 0.93151563 0.927372 0.20032158 0.19875582 0.62143886 0.6212099 0.9430302 0.61596274 0.9465546 0.63019204 0.92393637 0.61391944 0.19797416 0.9253087 0.9287507
0.9572284 0.9253087 0.07503101 0.61278665 0.61369276 0.61369276 0.6171003 0.064386316 0 0.06373281 0.94479036 0.5641423 0.9430302 1.0083846 1.0168724 0.93847305 0.93568236 0.20189062 0.20162888 0.6267246 0.62741685 0.9472615 0.6198375 0.9497408 0.63297755 0.9222244 0.61778367 0.20058286 0.9249654 0.9249654
0.9637064 0.9218825 0.07824301 0.61346614 0.6157354 0.61369276 0.62235546 0.06744353 0.06373281 0 0.9405729 0.5643545 0.94127417 1.0215429 1.0301816 0.93324894 0.93151563 0.20411906 0.20359412 0.6267246 0.62649405 0.95258445 0.61778367 0.95472425 0.6318157 0.9256522 0.614373 0.20202152 0.9335961 0.9301319
0.70928967 0.114746846 0.9483231 0.92462224 0.92359364 0.9270277 0.9253087 0.93812364 0.94479036 0.9405729 0 0.92909575 0.054643106 1.0003713 0.9958304 0.09746763 0.09269994 0.9479691 0.94267863 0.9232511 0.928061 0.59422857 0.9225665 0.5915831 0.931862 0.5935663 0.92359364 0.9405729 0.59533364 0.5966618
0.9465546 0.9100125 0.56520385 0.59400773 0.5920233 0.5955548 0.59932536 0.5637181 0.5641423 0.5643545 0.92909575 0 0.9263396 1.0072346 1.0072346 0.92085767 0.91406107 0.56202364 0.5637181 0.6006607 0.59954774 0.91711193 0.591363 0.92119914 0.5999927 0.8970035 0.5935663 0.5618121 0.8923881 0.9046481
0.7141975 0.113117166 0.94903165 0.91983426 0.92085767 0.9256522 0.92359364 0.9388226 0.9430302 0.94127417 0.054643106 0.9263396 0 0.9977191 0.9894442 0.0957614 0.09224745 0.9419761 0.9388226 0.9229087 0.927372 0.5966618 0.9232511 0.59422857 0.929441 0.58828926 0.9188122 0.93082345 0.5904835 0.5904835
1.0195932 0.98645765 1.0282096 0.9727974 0.9764649 0.97573 0.9831119 1.0246727 1.0083846 1.0215429 1.0003713 1.0072346 0.9977191 0 0.053246155 1.000751 0.9943229 1.0118452 1.0087683 0.99545324 1.0041765 1.0141612 0.9977191 1.0157093 0.97720057 0.99169195 0.99131685 0.99999183 0.9950763 0.98869646
1.0195932 0.97499573 1.0337447 0.96769285 0.9706055 0.9698763 0.98125964 1.0305767 1.0168724 1.0301816 0.9958304 1.0072346 0.9894442 0.053246155 0 0.9977191 0.99131685 1.0211525 1.0164845 0.9894442 0.99734104 0.99961257 1.0022715 1.001891 0.97941184 0.9831119 0.99056727 1.0064689 0.99131685 0.9857129
0.7082605 0.11172312 0.94127417 0.9174517 0.91983426 0.91813165 0.91779155 0.93151563 0.93847305 0.93324894 0.09746763 0.92085767 0.0957614 1.000751 0.9977191 0 0.041423146 0.9342909 0.9297863 0.91575444 0.9188122 0.59444946 0.9137229 0.59312516 0.92085767 0.5856646 0.9137229 0.92771643 0.5955548 0.58763224
0.7049255 0.10790278 0.93568236 0.90766084 0.9106857 0.90900373 0.9069903 0.927372 0.93568236 0.93151563 0.09269994 0.91406107 0.09224745 0.9943229 0.99131685 0.041423146 0 0.9301319 0.9270277 0.9059856 0.90933985 0.5887276 0.9029796 0.58675706 0.9150766 0.5789264 0.90031767 0.92462224 0.5871945 0.5828315
0.9497408 0.91915274 0.20320067 0.60849774 0.6091733 0.6109778 0.6150539 0.20032158 0.20189062 0.20411906 0.9479691 0.56202364 0.9419761 1.0118452 1.0211525 0.9342909 0.9301319 0 0.02687584 0.6318157 0.6297288 0.95615417 0.61052626 0.95866317 0.6175558 0.9287507 0.6182396 0.14179818 0.92462224 0.9160936
0.9433819 0.91473794 0.20175974 0.60647464 0.60625017 0.60512894 0.61052626 0.19875582 0.20162888 0.20359412 0.94267863 0.5637181 0.9388226 1.0087683 1.0164845 0.9297863 0.9270277 0.02687584 0 0.6244219 0.62143886 0.95508146 0.60849774 0.9583042 0.6164175 0.9259958 0.61278665 0.14119436 0.9232511 0.9133848
0.9479691 0.90933985 0.63414127 0.29337585 0.29574552 0.13998818 0.14264435 0.62143886 0.6267246 0.6267246 0.9232511 0.6006607 0.9229087 0.99545324 0.9894442 0.91575444 0.9059856 0.6318157 0.6244219 0 0.024495706 0.89766514 0.43414992 0.90164745 0.29991055 0.90565103 0.1740121 0.6202947 0.90766084 0.8999856
0.95472425 0.9110226 0.6339084 0.29352373 0.29663607 0.14047043 0.14288628 0.6212099 0.62741685 0.62649405 0.928061 0.59954774 0.927372 1.0041765 0.99734104 0.9188122 0.90933985 0.6297288 0.62143886 0.024495706 0 0.9013148 0.43700978 0.9046481 0.30005974 0.9069903 0.173886 0.62075216 0.908332 0.90098226
0.7175742 0.5929046 0.9479691 0.8996537 0.90799636 0.88910866 0.8927168 0.9430302 0.9472615 0.95258445 0.59422857 0.91711193 0.5966618 1.0141612 0.99961257 0.59444946 0.5887276 0.95615417 0.95508146 0.89766514 0.9013148 0 0.92085767 0.015866656 0.92393637 0.4522057 0.8937039 0.9504507 0.45881367 0.45955148
0.93082345 0.8999856 0.618924 0.42634106 0.42264256 0.41878742 0.42211568 0.61596274 0.6198375 0.61778367 0.9225665 0.591363 0.9232511 0.9977191 1.0022715 0.9137229 0.9029796 0.61052626 0.60849774 0.43414992 0.43700978 0.92085767 0 0.92154074 0.42651764 0.8970035 0.43112323 0.60692376 0.9106857 0.90398026
0.7193987 0.59224355 0.9511613 0.90398026 0.910349 0.8910746 0.89469224 0.9465546 0.9497408 0.95472425 0.5915831 0.92119914 0.59422857 1.0157093 1.001891 0.59312516 0.58675706 0.95866317 0.9583042 0.90164745 0.9046481 0.015866656 0.92154074 0 0.927372 0.45165765 0.8940332 0.9554389 0.4586293 0.45992067
0.96479154 0.91203403 0.6350735 0.27367437 0.27338633 0.29248914 0.2951524 0.63019204 0.63297755 0.6318157 0.931862 0.5999927 0.929441 0.97720057 0.97941184 0.92085767 0.9150766 0.6175558 0.6164175 0.29991055 0.30005974 0.92393637 0.42651764 0.927372 0 0.91541547 0.29530063 0.62143886 0.92771643 0.9167723
0.7222747 0.5887276 0.9218825 0.8989902 0.9133848 0.89601207 0.908332 0.92393637 0.9222244 0.9256522 0.5935663 0.8970035 0.58828926 0.99169195 0.9831119 0.5856646 0.5789264 0.9287507 0.9259958 0.90565103 0.9069903 0.4522057 0.8970035 0.45165765 0.91541547 0 0.8943626 0.92085767 0.21990632 0.21990632
0.953297 0.90665525 0.62006605 0.2920462 0.29411557 0.16187774 0.16735767 0.61391944 0.61778367 0.614373 0.92359364 0.5935663 0.9188122 0.99131685 0.99056727 0.9137229 0.90031767 0.6182396 0.61278665 0.1740121 0.173886 0.8937039 0.43112323 0.8940332 0.29530063 0.8943626 0 0.6150539 0.89469224 0.8842163
0.93847305 0.9123715 0.19849518 0.6049049 0.6033384 0.6082727 0.61482686 0.19797416 0.20058286 0.20202152 0.9405729 0.5618121 0.93082345 0.99999183 1.0064689 0.92771643 0.92462224 0.14179818 0.14119436 0.6202947 0.62075216 0.9504507 0.60692376 0.9554389 0.62143886 0.92085767 0.6150539 0 0.92771643 0.9184719
0.7175742 0.5926842 0.931862 0.90900373 0.9123715 0.89865875 0.90231323 0.9253087 0.9249654 0.9335961 0.59533364 0.8923881 0.5904835 0.9950763 0.99131685 0.5955548 0.5871945 0.92462224 0.9232511 0.90766084 0.908332 0.45881367 0.9106857 0.4586293 0.92771643 0.21990632 0.89469224 0.92771643 0 0.123184435
0.7170537 0.58544624 0.9263396 0.8956819 0.8983274 0.8904187 0.895022 0.9287507 0.9249654 0.9301319 0.5966618 0.9046481 0.5904835 0.98869646 0.9857129 0.58763224 0.5828315 0.9160936 0.9133848 0.8999856 0.90098226 0.45955148 0.90398026 0.45992067 0.9167723 0.21990632 0.8842163 0.9184719 0.123184435 0
