0 0.97170067 0.9958304 0.9842255 0.9924427 0.9872032 0.9901927 0.99847597 0.9808897 0.9977191 0.98869646 0.90231323 0.99169195 0.99961257 0.9980974 0.9962078 0.9946995 0.98757625 0.99545324 1.0011308 0.9980974 0.9920673 0.8832416 0.990942 0.8999856 1.0080011 1.0118452 0.98125964 0.9838541 0.9962078
0.97170067 0 0.58174473 0.5839199 0.582614 0.5756876 0.58807015 0.58435565 0.83849925 0.83941746 0.58304906 0.9946995 0.58239657 0.58938557 0.5874133 0.5856646 0.18685901 0.1846812 0.33518422 0.33753312 0.33706275 0.5837021 1.0207624 0.58217925 1.0118452 0.6258027 0.60423315 0.5847917 0.57957584 0.34288466
0.9958304 0.58174473 0 0.414083 0.17312981 0.52106136 0.5182621 0.4242254 0.83028585 0.83636117 0.4087178 1.0091523 0.4130416 0.4120016 0.17426437 0.17262612 0.58653843 0.5904835 0.5874133 0.58960503 0.58807015 0.41495198 1.032159 0.41564786 1.0060863 0.6311194 0.63834554 0.5184617 0.40647927 0.6058015
0.9842255 0.5839199 0.414083 0 0.42141378 0.51806253 0.5212617 0.21097685 0.8275679 0.83301365 0.16039012 1.005704 0.15841123 0.16125754 0.4245776 0.41931194 0.5948914 0.59599745 0.585228 0.59092313 0.58960503 0.20622247 1.0305767 0.20648582 1.0274222 0.6409265 0.6150539 0.5140827 0.25954857 0.5971051
0.9924427 0.582614 0.17312981 0.42141378 0 0.52367 0.5184617 0.42281827 0.8278694 0.831194 0.41338858 1.0231062 0.41651866 0.41651866 0.15054747 0.14810686 0.5904835 0.5962188 0.58828926 0.591363 0.58850837 0.4161702 1.032159 0.4163444 1.0195932 0.6334428 0.63297755 0.52106136 0.40785605 0.60043794
0.9872032 0.5756876 0.52106136 0.51806253 0.52367 0 0.11719802 0.51607 0.82395923 0.82485974 0.51289284 0.99999183 0.5136859 0.51626897 0.52628785 0.51886106 0.5911431 0.5948914 0.58152753 0.58413774 0.5832667 0.51646805 1.0076177 0.51626897 1.0110749 0.6315835 0.62488186 0.47502747 0.51229864 0.58982456
0.9901927 0.58807015 0.5182621 0.5212617 0.5184617 0.11719802 0 0.5174642 0.83089113 0.831194 0.51447976 1.0083846 0.5156721 0.5202605 0.5198604 0.51626897 0.603562 0.60669917 0.5957761 0.5977705 0.5973268 0.5186613 1.0126165 0.5184617 1.0289978 0.6350735 0.632745 0.47014514 0.51626897 0.6060258
0.99847597 0.58435565 0.4242254 0.21097685 0.42281827 0.51607 0.5174642 0 0.8345334 0.84156424 0.20490715 1.000751 0.20385654 0.20833181 0.42740113 0.42229128 0.5951125 0.5968834 0.593787 0.5971051 0.5957761 0.107671864 1.0337447 0.10755644 1.0231062 0.627186 0.6132396 0.5079554 0.26138836 0.6019983
0.9808897 0.83849925 0.83028585 0.8275679 0.8278694 0.82395923 0.83089113 0.8345334 0 0.084372774 0.8272665 0.990942 0.82998335 0.8345334 0.84525883 0.8381934 0.8545757 0.85802114 0.8461853 0.84649444 0.84649444 0.8209652 0.99999183 0.82276016 0.9931942 0.84156424 0.8275679 0.83422923 0.82546073 0.86179787
0.9977191 0.83941746 0.83636117 0.83301365 0.831194 0.82485974 0.831194 0.84156424 0.084372774 0 0.8275679 1.0003713 0.8336212 0.84217876 0.84402525 0.83697146 0.85707986 0.85707986 0.8567664 0.8545757 0.85520095 0.8266641 1.0072346 0.82877463 0.9943229 0.8336212 0.83210325 0.83483773 0.83483773 0.85770726
0.98869646 0.58304906 0.4087178 0.16039012 0.41338858 0.51289284 0.51447976 0.20490715 0.8272665 0.8275679 0 1.0053219 0.07326475 0.07735557 0.41843793 0.41443047 0.5920233 0.5926842 0.582614 0.58610135 0.58544624 0.1997993 1.0227151 0.2000604 1.0231062 0.6402217 0.61915225 0.5067752 0.25813642 0.59224355
0.90231323 0.9946995 1.0091523 1.005704 1.0231062 0.99999183 1.0083846 1.000751 0.990942 1.0003713 1.0053219 0 0.99847597 1.0037951 1.0278157 1.0195932 0.9962078 1.0122308 0.99357027 0.9939465 0.99281836 0.990942 0.8605368 0.9898184 0.86877173 1.0227151 1.0045581 0.9768326 0.99847597 1.0045581
0.99169195 0.58239657 0.4130416 0.15841123 0.41651866 0.5136859 0.5156721 0.20385654 0.82998335 0.8336212 0.07326475 0.99847597 0 0.050780986 0.41826323 0.41599607 0.59004414 0.58982456 0.57979244 0.58348435 0.58239657 0.1973234 1.0164845 0.19758363 1.0242808 0.64116156 0.61960906 0.5046164 0.2543368 0.59180313
0.99961257 0.58938557 0.4120016 0.16125754 0.41651866 0.51626897 0.5202605 0.20833181 0.8345334 0.84217876 0.07735557 1.0037951 0.050780986 0 0.41773945 0.41582194 0.5966618 0.59865856 0.58544624 0.58960503 0.58763224 0.20149805 1.0317632 0.20189062 1.0353336 0.64351636 0.62189704 0.5063822 0.25799534 0.5999927
0.9980974 0.5874133 0.17426437 0.4245776 0.15054747 0.52628785 0.5198604 0.42740113 0.84525883 0.84402525 0.41843793 1.0278157 0.41826323 0.41773945 0 0.044918668 0.5935663 0.5979924 0.5904835 0.5955548 0.59246385 0.4170416 1.0401208 0.41739044 1.0199828 0.6336756 0.6313514 0.5166672 0.4100987 0.59422857
0.9962078 0.5856646 0.17262612 0.41931194 0.14810686 0.51886106 0.51626897 0.42229128 0.8381934 0.83697146 0.41443047 1.0195932 0.41599607 0.41582194 0.044918668 0 0.5933457 0.5979924 0.5915831 0.5948914 0.5920233 0.41165528 1.0357314 0.4120016 1.0141612 0.6297288 0.6348403 0.5134875 0.40820062 0.5926842
0.9946995 0.18685901 0.58653843 0.5948914 0.5904835 0.5911431 0.603562 0.5951125 0.8545757 0.85707986 0.5920233 0.9962078 0.59004414 0.5966618 0.5935663 0.5933457 0 0.039101817 0.34367487 0.3450994 0.34446594 0.58938557 1.0361294 0.58763224 1.0270288 0.63881415 0.6155082 0.5839199 0.5887276 0.354345
0.98757625 0.1846812 0.5904835 0.59599745 0.5962188 0.5948914 0.60669917 0.5968834 0.85802114 0.85707986 0.5926842 1.0122308 0.58982456 0.59865856 0.5979924 0.5979924 0.039101817 0 0.34320065 0.34573337 0.34462425 0.59422857 1.0385218 0.59246385 1.0215429 0.6406915 0.6193806 0.5920233 0.59180313 0.35354343
0.99545324 0.33518422 0.5874133 0.585228 0.58828926 0.58152753 0.5957761 0.593787 0.8461853 0.8567664 0.582614 0.99357027 0.57979244 0.58544624 0.5904835 0.5915831 0.34367487 0.34320065 0 0.024909101 0.024289096 0.58960503 1.01146 0.58938557 1.0258498 0.62143886 0.61687267 0.5839199 0.5850098 0.24874288
1.0011308 0.33753312 0.58960503 0.59092313 0.591363 0.58413774 0.5977705 0.5971051 0.84649444 0.8545757 0.58610135 0.9939465 0.58348435 0.58960503 0.5955548 0.5948914 0.3450994 0.34573337 0.024909101 0 0.009459403 0.5926842 1.0164845 0.5926842 1.0317632 0.62396216 0.6182396 0.58588296 0.5911431 0.2511152
0.9980974 0.33706275 0.58807015 0.58960503 0.58850837 0.5832667 0.5973268 0.5957761 0.84649444 0.85520095 0.58544624 0.99281836 0.58239657 0.58763224 0.59246385 0.5920233 0.34446594 0.34462425 0.024289096 0.009459403 0 0.5933457 1.0149349 0.5933457 1.0289978 0.62189704 0.6161901 0.5847917 0.5902638 0.25013745
0.9920673 0.5837021 0.41495198 0.20622247 0.4161702 0.51646805 0.5186613 0.107671864 0.8209652 0.8266641 0.1997993 0.990942 0.1973234 0.20149805 0.4170416 0.41165528 0.58938557 0.59422857 0.58960503 0.5926842 0.5933457 0 1.0254573 0.0029056212 1.0188149 0.6306556 0.6130131 0.50481236 0.25321466 0.59180313
0.8832416 1.0207624 1.032159 1.0305767 1.032159 1.0076177 1.0126165 1.0337447 0.99999183 1.0072346 1.0227151 0.8605368 1.0164845 1.0317632 1.0401208 1.0357314 1.0361294 1.0385218 1.01146 1.0164845 1.0149349 1.0254573 0 1.0262426 0.72332335 1.0133885 1.0227151 1.0099207 1.0199828 1.0289978
0.990942 0.58217925 0.41564786 0.20648582 0.4163444 0.51626897 0.5184617 0.10755644 0.82276016 0.82877463 0.2000604 0.9898184 0.19758363 0.20189062 0.41739044 0.4120016 0.58763224 0.59246385 0.58938557 0.5926842 0.5933457 0.0029056212 1.0262426 0 1.0172604 0.63019204 0.6123341 0.50363714 0.25335485 0.5911431
0.8999856 1.0118452 1.0060863 1.0274222 1.0195932 1.0110749 1.0289978 1.0231062 0.9931942 0.9943229 1.0231062 0.86877173 1.0242808 1.0353336 1.0199828 1.0141612 1.0270288 1.0215429 1.0258498 1.0317632 1.0289978 1.0188149 0.72332335 1.0172604 0 0.9980974 1.0168724 0.9924427 1.0433295 1.0417235
1.0080011 0.6258027 0.6311194 0.6409265 0.6334428 0.6315835 0.6350735 0.627186 0.84156424 0.8336212 0.6402217 1.0227151 0.64116156 0.64351636 0.6336756 0.6297288 0.63881415 0.6406915 0.62143886 0.62396216 0.62189704 0.6306556 1.0133885 0.63019204 0.9980974 0 0.515871 0.63251257 0.63414127 0.6306556
1.0118452 0.60423315 0.63834554 0.6150539 0.63297755 0.62488186 0.632745 0.6132396 0.8275679 0.83210325 0.61915225 1.0045581 0.61960906 0.62189704 0.6313514 0.6348403 0.6155082 0.6193806 0.61687267 0.6182396 0.6161901 0.6130131 1.0227151 0.6123341 1.0168724 0.515871 0 0.61596274 0.61142963 0.62534213
0.98125964 0.5847917 0.5184617 0.5140827 0.52106136 0.47502747 0.47014514 0.5079554 0.83422923 0.83483773 0.5067752 0.9768326 0.5046164 0.5063822 0.5166672 0.5134875 0.5839199 0.5920233 0.5839199 0.58588296 0.5847917 0.50481236 1.0099207 0.50363714 0.9924427 0.63251257 0.61596274 0 0.50168246 0.59312516
0.9838541 0.57957584 0.40647927 0.25954857 0.40785605 0.51229864 0.51626897 0.26138836 0.82546073 0.83483773 0.25813642 0.99847597 0.2543368 0.25799534 0.4100987 0.40820062 0.5887276 0.59180313 0.5850098 0.5911431 0.5902638 0.25321466 1.0199828 0.25335485 1.0433295 0.63414127 0.61142963 0.50168246 0 0.5951125
0.9962078 0.34288466 0.6058015 0.5971051 0.60043794 0.58982456 0.6060258 0.6019983 0.86179787 0.85770726 0.59224355 1.0045581 0.59180313 0.5999927 0.59422857 0.5926842 0.354345 0.35354343 0.24874288 0.2511152 0.25013745 0.59180313 1.0289978 0.5911431 1.0417235 0.6306556 0.62534213 0.59312516 0.5951125 0
