0 0.98125964 0.97609735 0.97941184 0.98757625 0.5804426 0.5582251 0.55256313 0.5523542 0.5761186 0.9816297 1.0080011 0.97978103 0.8983274 0.9853408 0.9842255 0.89932185 0.8970035 0.89667284 0.8973342 0.8999856 0.5767656 0.97316337 0.5774132 0.97978103 0.4080283 0.90098226 0.9013148 0.41460428 0.4200119
0.98125964 0 0.14701116 0.14397594 0.14616007 0.9898184 0.9838541 0.98757625 0.9827411 0.9924427 0.12637316 0.3672875 0.12530875 1.0234975 0.14518856 0.14786322 1.0242808 1.0041765 1.005704 1.0254573 1.0270288 0.9962078 0.26565138 0.9962078 0.20202152 0.9615409 0.99961257 1.0034139 0.9669665 0.98832285
0.97609735 0.14701116 0 0.113233455 0.114979945 0.98832285 0.99056727 0.9943229 0.98645765 0.9962078 0.14349145 0.3667981 0.14203984 1.0270288 0.113117166 0.11532973 1.025065 1.0122308 1.0122308 1.025065 1.0270288 0.99734104 0.26622158 0.99658537 0.205433 0.95794547 1.001891 1.000751 0.96190137 0.9898184
0.97941184 0.14397594 0.113233455 0 0.11056338 0.9816297 0.9894442 1.0003713 0.99281836 0.9853408 0.14288628 0.35949522 0.14095297 1.0133885 0.1090584 0.11183919 1.0149349 1.0083846 1.0091523 1.0149349 1.0157093 0.98907024 0.2675062 0.9898184 0.20477574 0.95258445 1.0015109 1.005704 0.9669665 0.9827411
0.98757625 0.14616007 0.114979945 0.11056338 0 0.9943229 1.0060863 1.014548 1.0083846 1.0003713 0.14530993 0.36565742 0.14349145 1.0199828 0.055827174 0.060148705 1.0188149 1.0049399 1.005704 1.0188149 1.0199828 1.0103053 0.266935 1.0099207 0.20635414 0.9543672 1.0103053 1.0083846 0.96190137 0.9808897
0.5804426 0.9898184 0.98832285 0.9816297 0.9943229 0 0.58413774 0.5819619 0.58413774 0.060148705 0.98907024 1.0211525 0.9853408 0.8983274 0.9958304 0.9924427 0.89667284 0.8851922 0.8887815 0.8983274 0.89865875 0.058741476 0.9666036 0.058633335 0.9775687 0.5819619 0.8963424 0.90098226 0.57806134 0.58850837
0.5582251 0.9838541 0.99056727 0.9894442 1.0060863 0.58413774 0 0.05442802 0.05507346 0.58413774 0.99885464 1.0080011 0.99885464 0.910349 1.0003713 0.99734104 0.9123715 0.9242792 0.9229087 0.90766084 0.908332 0.5810934 0.9779369 0.58174473 0.99131685 0.5504769 0.91439945 0.9232511 0.5492279 0.5557034
0.55256313 0.98757625 0.9943229 1.0003713 1.014548 0.5819619 0.05442802 0 0.045768525 0.58131045 1.0095364 1.0130024 1.0099207 0.9069903 1.0103053 1.0083846 0.90665525 0.91575444 0.9137229 0.9029796 0.903313 0.5808764 0.98645765 0.58152753 1.002652 0.5492279 0.9123715 0.92119914 0.5477734 0.55089366
0.5523542 0.9827411 0.98645765 0.99281836 1.0083846 0.58413774 0.05507346 0.045768525 0 0.582614 0.99923354 1.0103053 0.99923354 0.90933985 1.0022715 0.99923354 0.91203403 0.92462224 0.9232511 0.90766084 0.90766084 0.5810934 0.9808897 0.58174473 0.9950763 0.5521454 0.910349 0.9259958 0.549644 0.5569632
0.5761186 0.9924427 0.9962078 0.9853408 1.0003713 0.060148705 0.58413774 0.58131045 0.582614 0 0.9931942 1.0231062 0.99056727 0.8940332 1.0011308 0.9977191 0.891731 0.8855178 0.8881276 0.8943626 0.8940332 0.049818557 0.9709704 0.049818557 0.982 0.5804426 0.8973342 0.8970035 0.5741809 0.58763224
0.9816297 0.12637316 0.14349145 0.14288628 0.14530993 0.98907024 0.99885464 1.0095364 0.99923354 0.9931942 0 0.363706 0.025012486 1.0199828 0.14337038 0.14616007 1.0180373 1.000751 1.000751 1.019204 1.0211525 0.99923354 0.2653664 0.99847597 0.19888617 0.94867724 0.98794943 0.9958304 0.9568702 0.97941184
1.0080011 0.3672875 0.3667981 0.35949522 0.36565742 1.0211525 1.0080011 1.0130024 1.0103053 1.0231062 0.363706 0 0.35917228 1.0176488 0.36208364 0.3654946 1.0137748 1.0064689 1.0049399 1.0164845 1.0195932 1.0246727 0.36843067 1.0234975 0.36582026 0.99658537 1.0083846 1.0227151 0.99885464 1.0180373
0.97978103 0.12530875 0.14203984 0.14095297 0.14349145 0.9853408 0.99885464 1.0099207 0.99923354 0.99056727 0.025012486 0.35917228 0 1.018426 0.14155659 0.14409712 1.0160967 1.0015109 1.0011308 1.0176488 1.018426 0.9958304 0.2623809 0.9950763 0.19823462 0.946908 0.9901927 0.99885464 0.9565121 0.9831119
0.8983274 1.0234975 1.0270288 1.0133885 1.0199828 0.8983274 0.910349 0.9069903 0.90933985 0.8940332 1.0199828 1.0176488 1.018426 0 1.0242808 1.0223241 0.02843218 0.24790739 0.24957931 0.027705485 0.027394261 0.8923881 0.9980974 0.8907466 1.005704 0.87613255 0.25447717 0.25841862 0.8884545 0.89601207
0.9853408 0.14518856 0.113117166 0.1090584 0.055827174 0.9958304 1.0003713 1.0103053 1.0022715 1.0011308 0.14337038 0.36208364 0.14155659 1.0242808 0 0.025219295 1.0270288 1.0133885 1.0133885 1.0262426 1.0282096 1.005704 0.2638011 1.0053219 0.204513 0.9479691 1.0083846 1.0130024 0.9611805 0.9768326
0.9842255 0.14786322 0.11532973 0.11183919 0.060148705 0.9924427 0.99734104 1.0083846 0.99923354 0.9977191 0.14616007 0.3654946 0.14409712 1.0223241 0.025219295 0 1.0254573 1.0168724 1.0180373 1.0242808 1.0258498 1.002652 0.266079 1.0022715 0.20793585 0.9472615 1.0087683 1.0091523 0.9593815 0.97573
0.89932185 1.0242808 1.025065 1.0149349 1.0188149 0.89667284 0.9123715 0.90665525 0.91203403 0.891731 1.0180373 1.0137748 1.0160967 0.02843218 1.0270288 1.0254573 0 0.25181437 0.25335485 0.00986459 0.009459403 0.8914027 1.002652 0.88943595 1.000751 0.87484723 0.25799534 0.2623809 0.8884545 0.89469224
0.8970035 1.0041765 1.0122308 1.0083846 1.0049399 0.8851922 0.9242792 0.91575444 0.92462224 0.8855178 1.000751 1.0064689 1.0015109 0.24790739 1.0133885 1.0168724 0.25181437 0 0.005923329 0.25027704 0.24985833 0.8838912 0.99131685 0.88291705 0.9958304 0.877098 0.26323268 0.26822084 0.9043141 0.8940332
0.89667284 1.005704 1.0122308 1.0091523 1.005704 0.8887815 0.9229087 0.9137229 0.9232511 0.8881276 1.000751 1.0049399 1.0011308 0.24957931 1.0133885 1.0180373 0.25335485 0.005923329 0 0.25181437 0.25139478 0.88616943 0.9924427 0.8851922 0.9969631 0.87613255 0.26408544 0.2703688 0.90498227 0.89469224
0.8973342 1.0254573 1.025065 1.0149349 1.0188149 0.8983274 0.90766084 0.9029796 0.90766084 0.8943626 1.019204 1.0164845 1.0176488 0.027705485 1.0262426 1.0242808 0.00986459 0.25027704 0.25181437 0 0.0054195337 0.8943626 1.0041765 0.8923881 1.001891 0.87613255 0.25686774 0.26181358 0.8920595 0.8970035
0.8999856 1.0270288 1.0270288 1.0157093 1.0199828 0.89865875 0.908332 0.903313 0.90766084 0.8940332 1.0211525 1.0195932 1.018426 0.027394261 1.0282096 1.0258498 0.009459403 0.24985833 0.25139478 0.0054195337 0 0.8943626 1.0034139 0.8923881 1.0015109 0.877098 0.25644532 0.2608218 0.8920595 0.89932185
0.5767656 0.9962078 0.99734104 0.98907024 1.0103053 0.058741476 0.5810934 0.5808764 0.5810934 0.049818557 0.99923354 1.0246727 0.9958304 0.8923881 1.005704 1.002652 0.8914027 0.8838912 0.88616943 0.8943626 0.8943626 0 0.98125964 0.0021029455 0.98348296 0.5800091 0.8953518 0.89865875 0.5778452 0.5889469
0.97316337 0.26565138 0.26622158 0.2675062 0.266935 0.9666036 0.9779369 0.98645765 0.9808897 0.9709704 0.2653664 0.36843067 0.2623809 0.9980974 0.2638011 0.266079 1.002652 0.99131685 0.9924427 1.0041765 1.0034139 0.98125964 0 0.9808897 0.26451218 0.9575869 0.98757625 1.0157093 0.96190137 0.98125964
0.5774132 0.9962078 0.99658537 0.9898184 1.0099207 0.058633335 0.58174473 0.58152753 0.58174473 0.049818557 0.99847597 1.0234975 0.9950763 0.8907466 1.0053219 1.0022715 0.88943595 0.88291705 0.8851922 0.8923881 0.8923881 0.0021029455 0.9808897 0 0.98348296 0.5802258 0.8937039 0.8979962 0.57806134 0.58938557
0.97978103 0.20202152 0.205433 0.20477574 0.20635414 0.9775687 0.99131685 1.002652 0.9950763 0.982 0.19888617 0.36582026 0.19823462 1.005704 0.204513 0.20793585 1.000751 0.9958304 0.9969631 1.001891 1.0015109 0.98348296 0.26451218 0.98348296 0 0.9604604 0.9950763 1.0060863 0.9651536 0.9853408
0.4080283 0.9615409 0.95794547 0.95258445 0.9543672 0.5819619 0.5504769 0.5492279 0.5521454 0.5804426 0.94867724 0.99658537 0.946908 0.87613255 0.9479691 0.9472615 0.87484723 0.877098 0.87613255 0.87613255 0.877098 0.5800091 0.9575869 0.5802258 0.9604604 0 0.8897634 0.88226825 0.18634602 0.18917185
0.90098226 0.99961257 1.001891 1.0015109 1.0103053 0.8963424 0.91439945 0.9123715 0.910349 0.8973342 0.98794943 1.0083846 0.9901927 0.25447717 1.0083846 1.0087683 0.25799534 0.26323268 0.26408544 0.25686774 0.25644532 0.8953518 0.98757625 0.8937039 0.9950763 0.8897634 0 0.1794547 0.8970035 0.8970035
0.9013148 1.0034139 1.000751 1.005704 1.0083846 0.90098226 0.9232511 0.92119914 0.9259958 0.8970035 0.9958304 1.0227151 0.99885464 0.25841862 1.0130024 1.0091523 0.2623809 0.26822084 0.2703688 0.26181358 0.2608218 0.89865875 1.0157093 0.8979962 1.0060863 0.88226825 0.1794547 0 0.89865875 0.8907466
0.41460428 0.9669665 0.96190137 0.9669665 0.96190137 0.57806134 0.5492279 0.5477734 0.549644 0.5741809 0.9568702 0.99885464 0.9565121 0.8884545 0.9611805 0.9593815 0.8884545 0.9043141 0.90498227 0.8920595 0.8920595 0.5778452 0.96190137 0.57806134 0.9651536 0.18634602 0.8970035 0.89865875 0 0.14957027
0.4200119 0.98832285 0.9898184 0.9827411 0.9808897 0.58850837 0.5557034 0.55089366 0.5569632 0.58763224 0.97941184 1.0180373 0.9831119 0.89601207 0.9768326 0.97573 0.89469224 0.8940332 0.89469224 0.8970035 0.89932185 0.5889469 0.98125964 0.58938557 0.9853408 0.18917185 0.8970035 0.8907466 0.14957027 0
