0 1.0022715 0.9939465 1.0207624 0.98496884 0.9920673 0.8293787 0.9860852 0.99545324 1.0041765 1.0003713 1.0401208 0.9977191 0.9924427 0.99169195 0.8357514 0.8339251 0.98645765 0.9831119 0.97499573 0.97426224 1.002652 0.87774235 1.002652 0.8953518 0.8649598 0.98051995 0.84095025 1.0049399 1.015322
1.0022715 0 0.97024083 0.9270277 0.90900373 0.97316337 1.002652 1.005704 1.0064689 0.9894442 0.9845971 0.8953518 0.98757625 0.9898184 0.9901927 1.0041765 1.0072346 0.9808897 0.97170067 0.9673296 0.9706055 0.9753628 1.0030329 0.9746289 1.0126165 1.0034139 0.9604604 1.0176488 0.98645765 0.23016566
0.9939465 0.97024083 0 0.99056727 0.9746289 0.59422857 0.9977191 0.7207046 0.72384816 0.7152349 0.5962188 0.9583042 0.5962188 0.71316165 0.71238565 1.0041765 1.0022715 0.6046809 0.59246385 0.141919 0.14506721 0.40889028 0.98907024 0.4106172 1.0118452 0.9898184 0.44910538 0.9920673 0.6082727 0.9709704
1.0207624 0.9270277 0.99056727 0 0.12862524 0.9898184 1.0381224 0.98683035 0.98348296 0.9827411 1.0099207 0.7609791 0.99847597 0.98051995 0.97867405 1.0501935 1.0485728 1.0049399 0.9943229 0.9894442 0.9943229 0.9939465 1.0317632 0.98757625 1.0591708 1.0429276 0.9860852 1.0286036 1.0037951 0.90565103
0.98496884 0.90900373 0.9746289 0.12862524 0 0.97206604 1.0305767 0.9779369 0.98051995 0.9662408 0.9857129 0.7598766 0.9779369 0.96769285 0.96479154 1.0401208 1.036926 0.9898184 0.9775687 0.9644296 0.9669665 0.97352946 1.0345387 0.9706055 1.042526 1.019204 0.9691478 1.015322 0.9845971 0.9043141
0.9920673 0.97316337 0.59422857 0.9898184 0.97206604 0 1.0041765 0.7376246 0.7309697 0.7341567 0.16760771 0.9727974 0.16785783 0.73522204 0.7325615 1.0037951 0.9969631 0.13458428 0.13136052 0.58785117 0.58960503 0.6031149 0.99281836 0.6046809 1.0242808 0.9857129 0.59444946 0.9969631 0.28616497 0.9662408
0.8293787 1.002652 0.9977191 1.0381224 1.0305767 1.0041765 0 1.018426 1.0207624 1.0122308 1.0164845 1.0453417 1.0160967 1.018426 1.019204 0.12862524 0.13326922 1.01146 1.000751 0.99281836 0.99545324 0.98645765 0.88162 0.9860852 0.8979962 0.8897634 0.9943229 0.3935244 1.01069 1.0045581
0.9860852 1.005704 0.7207046 0.98683035 0.9779369 0.7376246 1.018426 0 0.09815121 0.12235993 0.7419149 0.99847597 0.74353015 0.12094861 0.119657226 1.0176488 1.0095364 0.7386949 0.7291169 0.7301751 0.73575526 0.7191378 0.9980974 0.72332335 1.018426 0.9860852 0.7243734 1.0141612 0.73815954 0.9857129
0.99545324 1.0064689 0.72384816 0.98348296 0.98051995 0.7309697 1.0207624 0.09815121 0 0.12153634 0.73815954 0.98869646 0.7376246 0.12130119 0.11953994 1.0211525 1.0141612 0.73602206 0.72384816 0.7259512 0.7320306 0.7157541 1.0022715 0.72018194 1.0188149 0.98237044 0.7220128 1.0164845 0.7354886 0.9931942
1.0041765 0.9894442 0.7152349 0.9827411 0.9662408 0.7341567 1.0122308 0.12235993 0.12153634 0 0.7400349 0.98869646 0.73815954 0.09519352 0.093265936 1.0137748 1.0053219 0.7362889 0.72463614 0.7186162 0.72726864 0.70903224 0.99169195 0.71212715 1.0091523 0.9709704 0.7191378 1.0064689 0.7376246 0.98237044
1.0003713 0.9845971 0.5962188 1.0099207 0.9857129 0.16760771 1.0164845 0.7419149 0.73815954 0.7400349 0 0.97941184 0.09247366 0.732296 0.73735726 1.0176488 1.0110749 0.16948567 0.16835833 0.5929046 0.5935663 0.5971051 1.0072346 0.59865856 1.0246727 0.9931942 0.60222155 1.0227151 0.29130852 0.9857129
1.0401208 0.8953518 0.9583042 0.7609791 0.7598766 0.9727974 1.0453417 0.99847597 0.98869646 0.98869646 0.97941184 0 0.9845971 0.9764649 0.97941184 1.0501935 1.0465518 0.9753628 0.9655158 0.9695119 0.9691478 0.9831119 1.0469556 0.9857129 1.0522244 1.0188149 0.9746289 1.0301816 0.99847597 0.9006499
0.9977191 0.98757625 0.5962188 0.99847597 0.9779369 0.16785783 1.0160967 0.74353015 0.7376246 0.73815954 0.09247366 0.9845971 0 0.7344229 0.73575526 1.0130024 1.0110749 0.16798292 0.16698276 0.59312516 0.5929046 0.59932536 0.9969631 0.59910303 1.025065 0.99131685 0.59932536 1.0133885 0.29175103 0.9853408
0.9924427 0.9898184 0.71316165 0.98051995 0.96769285 0.73522204 1.018426 0.12094861 0.12130119 0.09519352 0.732296 0.9764649 0.7344229 0 0.07957615 1.0118452 1.0068517 0.7307048 0.7193987 0.72253674 0.7275324 0.70288044 1.0015109 0.70646286 1.0149349 0.9783054 0.7113522 1.01069 0.7330929 0.99056727
0.99169195 0.9901927 0.71238565 0.97867405 0.96479154 0.7325615 1.019204 0.119657226 0.11953994 0.093265936 0.73735726 0.97941184 0.73575526 0.07957615 0 1.0180373 1.01146 0.7291169 0.71835554 0.7170537 0.7227989 0.7062064 0.9943229 0.7082605 1.01069 0.9738958 0.71887696 1.0091523 0.7344229 0.97867405
0.8357514 1.0041765 1.0041765 1.0501935 1.0401208 1.0037951 0.12862524 1.0176488 1.0211525 1.0137748 1.0176488 1.0501935 1.0130024 1.0118452 1.0180373 0 0.07702305 1.0103053 1.0068517 1.0045581 1.0080011 0.97978103 0.88064873 0.98237044 0.8897634 0.8864954 1.0064689 0.392005 1.0053219 1.0215429
0.8339251 1.0072346 1.0022715 1.0485728 1.036926 0.9969631 0.13326922 1.0095364 1.0141612 1.0053219 1.0110749 1.0465518 1.0110749 1.0068517 1.01146 0.07702305 0 1.005704 0.9969631 0.99131685 0.9946995 0.9768326 0.8700467 0.9775687 0.8887815 0.8842163 0.99999183 0.39099374 0.99999183 1.0149349
0.98645765 0.9808897 0.6046809 1.0049399 0.9898184 0.13458428 1.01146 0.7386949 0.73602206 0.7362889 0.16948567 0.9753628 0.16798292 0.7307048 0.7291169 1.0103053 1.005704 0 0.057876796 0.59246385 0.59312516 0.60625017 1.0060863 0.60804766 1.0337447 0.9931942 0.6011063 1.0126165 0.29175103 0.9801504
0.9831119 0.97170067 0.59246385 0.9943229 0.9775687 0.13136052 1.000751 0.7291169 0.72384816 0.72463614 0.16835833 0.9655158 0.16698276 0.7193987 0.71835554 1.0068517 0.9969631 0.057876796 0 0.58588296 0.5871945 0.6013292 1.0072346 0.6028915 1.0278157 0.9827411 0.5955548 1.005704 0.2920462 0.97316337
0.97499573 0.9673296 0.141919 0.9894442 0.9644296 0.58785117 0.99281836 0.7301751 0.7259512 0.7186162 0.5929046 0.9695119 0.59312516 0.72253674 0.7170537 1.0045581 0.99131685 0.59246385 0.58588296 0 0.031658888 0.4039046 0.99545324 0.4028772 1.0164845 0.9939465 0.44475016 0.99131685 0.60557723 0.9565121
0.97426224 0.9706055 0.14506721 0.9943229 0.9669665 0.58960503 0.99545324 0.73575526 0.7320306 0.72726864 0.5935663 0.9691478 0.5929046 0.7275324 0.7227989 1.0080011 0.9946995 0.59312516 0.5871945 0.031658888 0 0.40768382 0.9950763 0.40699527 1.0195932 0.99545324 0.44475016 0.98757625 0.60849774 0.9593815
1.002652 0.9753628 0.40889028 0.9939465 0.97352946 0.6031149 0.98645765 0.7191378 0.7157541 0.70903224 0.5971051 0.9831119 0.59932536 0.70288044 0.7062064 0.97978103 0.9768326 0.60625017 0.6013292 0.4039046 0.40768382 0 0.9962078 0.019757982 1.0118452 0.96479154 0.45330298 0.982 0.6130131 0.9691478
0.87774235 1.0030329 0.98907024 1.0317632 1.0345387 0.99281836 0.88162 0.9980974 1.0022715 0.99169195 1.0072346 1.0469556 0.9969631 1.0015109 0.9943229 0.88064873 0.8700467 1.0060863 1.0072346 0.99545324 0.9950763 0.9962078 0 0.9939465 0.5800091 0.57267725 0.98794943 0.8713238 0.9980974 1.0030329
1.002652 0.9746289 0.4106172 0.98757625 0.9706055 0.6046809 0.9860852 0.72332335 0.72018194 0.71212715 0.59865856 0.9857129 0.59910303 0.70646286 0.7082605 0.98237044 0.9775687 0.60804766 0.6028915 0.4028772 0.40699527 0.019757982 0.9939465 0 1.019204 0.9706055 0.45385224 0.98348296 0.6145999 0.9706055
0.8953518 1.0126165 1.0118452 1.0591708 1.042526 1.0242808 0.8979962 1.018426 1.0188149 1.0091523 1.0246727 1.0522244 1.025065 1.0149349 1.01069 0.8897634 0.8887815 1.0337447 1.0278157 1.0164845 1.0195932 1.0118452 0.5800091 1.019204 0 0.5393104 1.0180373 0.8874743 1.0305767 1.0317632
0.8649598 1.0034139 0.9898184 1.0429276 1.019204 0.9857129 0.8897634 0.9860852 0.98237044 0.9709704 0.9931942 1.0188149 0.99131685 0.9783054 0.9738958 0.8864954 0.8842163 0.9931942 0.9827411 0.9939465 0.99545324 0.96479154 0.57267725 0.9706055 0.5393104 0 0.98683035 0.87581104 0.9901927 1.0076177
0.98051995 0.9604604 0.44910538 0.9860852 0.9691478 0.59444946 0.9943229 0.7243734 0.7220128 0.7191378 0.60222155 0.9746289 0.59932536 0.7113522 0.71887696 1.0064689 0.99999183 0.6011063 0.5955548 0.44475016 0.44475016 0.45330298 0.98794943 0.45385224 1.0180373 0.98683035 0 1.001891 0.603562 0.97170067
0.84095025 1.0176488 0.9920673 1.0286036 1.015322 0.9969631 0.3935244 1.0141612 1.0164845 1.0064689 1.0227151 1.0301816 1.0133885 1.01069 1.0091523 0.392005 0.39099374 1.0126165 1.005704 0.99131685 0.98757625 0.982 0.8713238 0.98348296 0.8874743 0.87581104 1.001891 0 1.0110749 1.0168724
1.0049399 0.98645765 0.6082727 1.0037951 0.9845971 0.28616497 1.01069 0.73815954 0.7354886 0.7376246 0.29130852 0.99847597 0.29175103 0.7330929 0.7344229 1.0053219 0.99999183 0.29175103 0.2920462 0.60557723 0.60849774 0.6130131 0.9980974 0.6145999 1.0305767 0.9901927 0.603562 1.0110749 0 0.9783054
1.015322 0.23016566 0.9709704 0.90565103 0.9043141 0.9662408 1.0045581 0.9857129 0.9931942 0.98237044 0.9857129 0.9006499 0.9853408 0.99056727 0.97867405 1.0215429 1.0149349 0.9801504 0.97316337 0.9565121 0.9593815 0.9691478 1.0030329 0.9706055 1.0317632 1.0076177 0.97170067 1.0168724 0.9783054 0
