0 0.7496086756 0.7211427756 0.6962388756 0.7159398156 0.7069206156 0.7033431756 0.7023240756 0.7190572756 0.7214038256 0.9702668756 0.6990218056 0.9838535156 0.7133518356 0.7399102356 0.6934662356 0.6949773356 0.9898059256 0.9831127756 0.7097435756 0.7105153156 0.7436669756 0.7038531756 0.7439360756 0.9905533156 0.7624621756 0.9890593256 0.9853371756 0.9779479756 0.7143859756
0.7496086756 0 0.7691116756 0.7452827756 0.7630140756 0.7749787756 0.7789157756 0.7677215256 0.7564182256 0.7649488356 0.9939257756 0.7190572756 0.9973134756 0.7608089756 0.1818275356 0.7242819756 0.7234958756 0.9939257756 0.9935503756 0.7727382756 0.7730179356 0.1808107556 0.7564182256 0.1811918856 0.9924250756 0.4000945356 0.9905533156 1.0018543756 0.9871959756 0.7732977156
0.7211427756 0.7691116756 0 0.7263820056 0.7079459356 0.7025787156 0.7033431756 0.7000363356 0.1668434056 0.1667187456 0.9969363156 0.7005441156 0.9927999256 0.7066645756 0.7730179356 0.7198386156 0.7190572756 1.0029939756 0.9988241156 0.7154214756 0.7154214756 0.7671661756 0.7399102356 0.7674437756 0.9965593756 0.7696684756 1.0238071756 1.0068049756 1.0164179756 0.7133518356
0.6962388756 0.7452827756 0.7263820056 0 0.7203600356 0.7082024756 0.7053853156 0.7053853156 0.7190572756 0.7295432756 0.9992021756 0.6480717756 0.9976908756 0.7076894756 0.7531419356 0.1542339056 0.1559521156 1.0137138756 1.0129430756 0.7208817756 0.7206208756 0.7496086756 0.4213199256 0.7498798756 0.9901795356 0.7649488356 0.9935503756 1.0214658756 0.9834830756 0.7130935156
0.7159398156 0.7630140756 0.7079459356 0.7203600356 0 0.2789117756 0.2857465356 0.2813767456 0.6995289256 0.7030882156 1.0289052756 0.7167179756 1.0249805756 0.1417123456 0.7594341756 0.7071768756 0.7061526156 1.0152578756 1.0144854756 0.1450956256 0.1449745256 0.7583360756 0.7224491756 0.7577875756 1.0222454756 0.7696684756 1.0106353756 1.0269403756 1.0152578756 0.2922019556
0.7069206156 0.7749787756 0.7025787156 0.7082024756 0.2789117756 0 0.1209057456 0.1186810956 0.6962388756 0.6964914756 1.0007166156 0.7115455156 0.9946772756 0.2810863156 0.7682772756 0.7013064756 0.7020695756 0.9931750256 0.9857085756 0.2829760256 0.2828304956 0.7608089756 0.7013064756 0.7599837756 0.9739147356 0.7677215256 0.9735491156 0.9898059256 0.9860801756 0.2695609256
0.7033431756 0.7789157756 0.7033431756 0.7053853156 0.2857465356 0.1209057456 0 0.1135544656 0.6982617756 0.7010522456 0.9935503756 0.7133518356 0.9868238756 0.2837041256 0.7668886156 0.6952294756 0.6957340156 0.9875682756 0.9812641056 0.2867698256 0.2867698256 0.7605338756 0.6995289256 0.7594341756 0.9680866756 0.7688334756 0.9684495756 0.9946772756 0.9831127756 0.2732872756
0.7023240756 0.7677215256 0.7000363356 0.7053853156 0.2813767456 0.1186810956 0.1135544656 0 0.6927118256 0.6939695756 0.9901795356 0.7164584756 0.9871959756 0.2803607756 0.7591594356 0.6977555756 0.7000363356 0.9924250756 0.9827427156 0.2812315156 0.2812315156 0.7520530156 0.6972496456 0.7523250756 0.9677238756 0.7586104156 0.9605053756 0.9927999256 0.9845949756 0.2682753456
0.7190572756 0.7564182256 0.1668434056 0.7190572756 0.6995289256 0.6962388756 0.6982617756 0.6927118256 0 0.1048958556 0.9772130756 0.6869531756 0.9786836456 0.6949773356 0.7608089756 0.7107727456 0.7118033056 1.0048969756 1.0018543756 0.7092295256 0.7097435756 0.7594341756 0.7324527756 0.7591594356 0.9805259756 0.7682772756 1.0022340756 0.9909272756 0.9999590456 0.7074330756
0.7214038256 0.7649488356 0.1667187456 0.7295432756 0.7030882156 0.6964914756 0.7010522456 0.6939695756 0.1048958556 0 0.9875682756 0.6859561756 0.9834830756 0.6995289256 0.7632901756 0.7255937756 0.7276975756 0.9988241156 0.9969363156 0.7133518356 0.7146447256 0.7621864756 0.7380389756 0.7621864756 0.9842241756 0.7657796056 1.0125579756 1.0037545756 1.0079519756 0.7053853156
0.9702668756 0.9939257756 0.9969363156 0.9992021756 1.0289052756 1.0007166156 0.9935503756 0.9901795356 0.9772130756 0.9875682756 0 0.9823727756 0.0949755315999999 1.0110194756 0.9823727756 0.9886862756 0.9958059756 0.8566840256 0.8582494756 1.0171923756 1.0187434756 0.9834830756 0.9992021756 0.9849660356 0.4040181256 0.9644669256 0.5157642756 0.5157642756 0.3134227756 1.0075693756
0.6990218056 0.7190572756 0.7005441156 0.6480717756 0.7167179756 0.7115455156 0.7133518356 0.7164584756 0.6869531756 0.6859561756 0.9823727756 0 0.9842241756 0.7082024756 0.7324527756 0.6405316756 0.6440566156 1.0045159756 1.0060411756 0.7079459356 0.7084591356 0.7316581756 0.6483086256 0.7321878756 0.9950533456 0.7597089356 1.0094841756 1.0110194756 0.9988241156 0.7169775256
0.9838535156 0.9973134756 0.9927999256 0.9976908756 1.0249805756 0.9946772756 0.9868238756 0.9871959756 0.9786836456 0.9834830756 0.0949755315999999 0.9842241756 0 1.0010956456 0.9834830756 0.9954295756 0.9988241156 0.8576229156 0.8601323256 1.0098676756 1.0114037756 0.9857085756 0.9935503756 0.9871959756 0.4122731956 0.9669988756 0.5261588756 0.5281744756 0.3207339256 1.0083347756
0.7133518356 0.7608089756 0.7066645756 0.7076894756 0.1417123456 0.2810863156 0.2837041256 0.2803607756 0.6949773356 0.6995289256 1.0110194756 0.7082024756 1.0010956456 0 0.7531419356 0.6982617756 0.6980086756 1.0121730756 1.0102513756 0.0875363355999999 0.0877606795999999 0.7555978256 0.7076894756 0.7550513756 0.9961825756 0.7707832756 0.9909272756 1.0183554756 0.9965593756 0.2861848956
0.7399102356 0.1818275356 0.7730179356 0.7531419356 0.7594341756 0.7682772756 0.7668886156 0.7591594356 0.7608089756 0.7632901756 0.9823727756 0.7324527756 0.9834830756 0.7531419356 0 0.7255937756 0.7232340756 0.9827427156 0.9794199756 0.7666112156 0.7679993456 0.0467203255999999 0.7542324756 0.0470390455999999 0.9768458756 0.3989044756 1.0060411756 0.9958059756 0.9739147356 0.7643955756
0.6934662356 0.7242819756 0.7198386156 0.1542339056 0.7071768756 0.7013064756 0.6952294756 0.6977555756 0.7107727456 0.7255937756 0.9886862756 0.6405316756 0.9954295756 0.6982617756 0.7255937756 0 0.0231943165999999 0.9931750256 0.9931750256 0.7097435756 0.7097435756 0.7240198156 0.4171309356 0.7242819756 0.9816334756 0.7577875756 0.9838535156 1.0052781756 0.9783156756 0.7051297356
0.6949773356 0.7234958756 0.7190572756 0.1559521156 0.7061526156 0.7020695756 0.6957340156 0.7000363356 0.7118033056 0.7276975756 0.9958059756 0.6440566156 0.9988241156 0.6980086756 0.7232340756 0.0231943165999999 0 0.9924250756 0.9920503456 0.7089726256 0.7089726256 0.7216650156 0.4164350556 0.7219263256 0.9845949756 0.7558711756 0.9864519156 1.0091007756 0.9842241756 0.7051297356
0.9898059256 0.9939257756 1.0029939756 1.0137138756 1.0152578756 0.9931750256 0.9875682756 0.9924250756 1.0048969756 0.9988241156 0.8566840256 1.0045159756 0.8576229156 1.0121730756 0.9827427156 0.9931750256 0.9924250756 0 0.0210357455999999 1.0245892756 1.0269403756 0.9786836456 0.9775804256 0.9797884756 0.8476683756 0.9838535156 0.8598182156 0.8535629456 0.8520072756 0.9969363156
0.9831127756 0.9935503756 0.9988241156 1.0129430756 1.0144854756 0.9857085756 0.9812641056 0.9827427156 1.0018543756 0.9969363156 0.8582494756 1.0060411756 0.8601323256 1.0102513756 0.9794199756 0.9931750256 0.9920503456 0.0210357455999999 0 1.0210762756 1.0234163756 0.9750125356 0.9779479756 0.9761119756 0.8489054756 0.9834830756 0.8582494756 0.8513858756 0.8576229156 0.9939257756
0.7097435756 0.7727382756 0.7154214756 0.7208817756 0.1450956256 0.2829760256 0.2867698256 0.2812315156 0.7092295256 0.7133518356 1.0171923756 0.7079459356 1.0098676756 0.0875363355999999 0.7666112156 0.7097435756 0.7089726256 1.0245892756 1.0210762756 0 0.00458949999999994 0.7646721756 0.7195780756 0.7641190756 1.0052781756 0.7789157756 0.9995804756 1.0199090756 1.0037545756 0.2902888756
0.7105153156 0.7730179356 0.7154214756 0.7206208756 0.1449745256 0.2828304956 0.2867698256 0.2812315156 0.7097435756 0.7146447256 1.0187434756 0.7084591356 1.0114037756 0.0877606795999999 0.7679993456 0.7097435756 0.7089726256 1.0269403756 1.0234163756 0.00458949999999994 0 0.7666112156 0.7195780756 0.7660567056 1.0098676756 0.7800444256 1.0018543756 1.0238071756 1.0075693756 0.2901419356
0.7436669756 0.1808107556 0.7671661756 0.7496086756 0.7583360756 0.7608089756 0.7605338756 0.7520530156 0.7594341756 0.7621864756 0.9834830756 0.7316581756 0.9857085756 0.7555978256 0.0467203255999999 0.7240198156 0.7216650156 0.9786836456 0.9750125356 0.7646721756 0.7666112156 0 0.7460919756 0.00238361603999994 0.9801571256 0.4017979156 0.9984461756 0.9916757756 0.9695393756 0.7655025756
0.7038531756 0.7564182256 0.7399102356 0.4213199256 0.7224491756 0.7013064756 0.6995289256 0.6972496456 0.7324527756 0.7380389756 0.9992021756 0.6483086256 0.9935503756 0.7076894756 0.7542324756 0.4171309356 0.4164350556 0.9775804256 0.9779479756 0.7195780756 0.7195780756 0.7460919756 0 0.7466319156 0.9761119756 0.7569656756 0.9757453156 1.0098676756 0.9786836456 0.7064085756
0.7439360756 0.1811918856 0.7674437756 0.7498798756 0.7577875756 0.7599837756 0.7594341756 0.7523250756 0.7591594356 0.7621864756 0.9849660356 0.7321878756 0.9871959756 0.7550513756 0.0470390455999999 0.7242819756 0.7219263256 0.9797884756 0.9761119756 0.7641190756 0.7660567056 0.00238361603999994 0.7466319156 0 0.9808949156 0.4026510756 0.9995804756 0.9927999256 0.9706308756 0.7646721756
0.9905533156 0.9924250756 0.9965593756 0.9901795356 1.0222454756 0.9739147356 0.9680866756 0.9677238756 0.9805259756 0.9842241756 0.4040181256 0.9950533456 0.4122731956 0.9961825756 0.9768458756 0.9816334756 0.9845949756 0.8476683756 0.8489054756 1.0052781756 1.0098676756 0.9801571256 0.9761119756 0.9808949156 0 0.9783156756 0.5055117756 0.5191466756 0.4036761156 0.9871959756
0.7624621756 0.4000945356 0.7696684756 0.7649488356 0.7696684756 0.7677215256 0.7688334756 0.7586104156 0.7682772756 0.7657796056 0.9644669256 0.7597089356 0.9669988756 0.7707832756 0.3989044756 0.7577875756 0.7558711756 0.9838535156 0.9834830756 0.7789157756 0.7800444256 0.4017979156 0.7569656756 0.4026510756 0.9783156756 0 0.9976908756 0.9958059756 0.9655510156 0.7597089356
0.9890593256 0.9905533156 1.0238071756 0.9935503756 1.0106353756 0.9735491156 0.9684495756 0.9605053756 1.0022340756 1.0125579756 0.5157642756 1.0094841756 0.5261588756 0.9909272756 1.0060411756 0.9838535156 0.9864519156 0.8598182156 0.8582494756 0.9995804756 1.0018543756 0.9984461756 0.9757453156 0.9995804756 0.5055117756 0.9976908756 0 0.3889481956 0.5189472756 0.9931750256
0.9853371756 1.0018543756 1.0068049756 1.0214658756 1.0269403756 0.9898059256 0.9946772756 0.9927999256 0.9909272756 1.0037545756 0.5157642756 1.0110194756 0.5281744756 1.0183554756 0.9958059756 1.0052781756 1.0091007756 0.8535629456 0.8513858756 1.0199090756 1.0238071756 0.9916757756 1.0098676756 0.9927999256 0.5191466756 0.9958059756 0.3889481956 0 0.5147723756 1.0218555756
0.9779479756 0.9871959756 1.0164179756 0.9834830756 1.0152578756 0.9860801756 0.9831127756 0.9845949756 0.9999590456 1.0079519756 0.3134227756 0.9988241156 0.3207339256 0.9965593756 0.9739147356 0.9783156756 0.9842241756 0.8520072756 0.8576229156 1.0037545756 1.0075693756 0.9695393756 0.9786836456 0.9706308756 0.4036761156 0.9655510156 0.5189472756 0.5147723756 0 0.9871959756
0.7143859756 0.7732977156 0.7133518356 0.7130935156 0.2922019556 0.2695609256 0.2732872756 0.2682753456 0.7074330756 0.7053853156 1.0075693756 0.7169775256 1.0083347756 0.2861848956 0.7643955756 0.7051297356 0.7051297356 0.9969363156 0.9939257756 0.2902888756 0.2901419356 0.7655025756 0.7064085756 0.7646721756 0.9871959756 0.7597089356 0.9931750256 1.0218555756 0.9871959756 0
