0 0.9901927 0.5578042 0.56647974 0.7693002 0.7695792 0.9969631 1.0130024 1.019204 1.0076177 1.0325551 0.471269 1.0254573 1.0199828 1.0168724 0.75603044 0.9831119 0.7618071 0.7563045 0.9842255 0.98496884 1.0076177 0.47748062 1.0080011 0.99056727 0.7620833 1.014548 1.0254573 0.7574018 0.9946995
0.9901927 0 0.9924427 0.99847597 0.99961257 1.0003713 0.43575725 0.43970087 0.5804426 0.4452932 0.58217925 0.99734104 0.5789264 0.4478325 0.45165765 0.99885464 0.43468532 1.0011308 0.9950763 0.43325844 0.4366517 0.58239657 0.9894442 0.5828315 0.4366517 1.0231062 0.5889469 0.5784937 1.0238891 0.18557718
0.5578042 0.9924427 0 0.1740121 0.7620833 0.7579511 0.9669665 0.98794943 0.9857129 0.9768326 0.99961257 0.5415716 0.99357027 0.9753628 0.9853408 0.7400349 0.9666036 0.74650043 0.7429914 0.96841997 0.97243166 0.99357027 0.54177755 0.99281836 0.9842255 0.7813905 1.0053219 0.9920673 0.75384146 1.000751
0.56647974 0.99847597 0.1740121 0 0.7673504 0.7554826 0.9753628 0.99545324 0.99734104 0.9845971 1.0188149 0.5446661 1.0095364 0.98348296 0.9958304 0.74514884 0.97352946 0.75138646 0.74975425 0.97867405 0.9827411 0.99999183 0.5421895 1.0003713 0.9946995 0.7774327 1.0203725 1.0091523 0.75411475 1.0041765
0.7693002 0.99961257 0.7620833 0.7673504 0 0.15385495 0.9857129 0.9958304 0.98757625 0.99734104 1.0041765 0.76374257 0.9931942 0.99281836 1.000751 0.40544835 0.9831119 0.40940794 0.4080283 0.97867405 0.97978103 0.98496884 0.75493515 0.9857129 0.9860852 0.42281827 1.01146 0.9901927 0.41113606 1.0099207
0.7695792 1.0003713 0.7579511 0.7554826 0.15385495 0 0.97941184 0.9946995 0.9801504 0.9920673 1.0049399 0.7456892 0.99169195 0.9860852 0.99169195 0.41582194 0.9924427 0.420187 0.41948688 0.98832285 0.99281836 0.9808897 0.74057156 0.9801504 0.9901927 0.43397155 1.0091523 0.98832285 0.42088777 1.019204
0.9969631 0.43575725 0.9669665 0.9753628 0.9857129 0.97941184 0 0.13938582 0.56711847 0.169235 0.58174473 0.9831119 0.57053435 0.17023818 0.17161976 0.95794547 0.31482518 0.9565121 0.95794547 0.31239453 0.31528178 0.56967896 0.9713354 0.5703204 0.34907058 0.9898184 0.57439595 0.5707484 0.9706055 0.43504247
1.0130024 0.43970087 0.98794943 0.99545324 0.9958304 0.9946995 0.13938582 0 0.57525676 0.17111707 0.582614 1.0157093 0.5724627 0.17489542 0.17540063 0.98051995 0.3206297 0.9872032 0.9831119 0.3201698 0.32247207 0.5707484 1.0068517 0.5707484 0.35322306 1.015322 0.57827747 0.57525676 0.9853408 0.4454743
1.019204 0.5804426 0.9857129 0.99734104 0.98757625 0.9801504 0.56711847 0.57525676 0 0.5784937 0.16760771 1.0011308 0.1637414 0.58174473 0.5847917 0.9842255 0.55906755 0.9853408 0.9838541 0.5586462 0.55948913 0.10043431 1.0034139 0.09986288 0.5756876 0.98683035 0.25926593 0.24888222 0.9931942 0.58435565
1.0076177 0.4452932 0.9768326 0.9845971 0.99734104 0.9920673 0.169235 0.17111707 0.5784937 0 0.58785117 0.99734104 0.57719725 0.1013495 0.10123505 0.97024083 0.3270979 0.97499573 0.9746289 0.32431898 0.32431898 0.57762915 0.98869646 0.57806134 0.35997987 1.0064689 0.58916616 0.58152753 0.9801504 0.44946945
1.0325551 0.58217925 0.99961257 1.0188149 1.0041765 1.0049399 0.58174473 0.582614 0.16760771 0.58785117 0 1.0305767 0.08908765 0.59312516 0.59533364 0.9962078 0.5735361 1.0053219 1.0041765 0.5731065 0.5756876 0.163617 1.01146 0.16324396 0.57979244 1.0160967 0.26522398 0.25251418 1.0126165 0.5887276
0.471269 0.99734104 0.5415716 0.5446661 0.76374257 0.7456892 0.9831119 1.0157093 1.0011308 0.99734104 1.0305767 0 1.019204 1.0037951 1.0130024 0.7481256 0.97352946 0.75603044 0.7511142 0.97426224 0.97243166 0.99885464 0.3738435 0.99658537 0.99923354 0.75712734 1.0172604 1.0188149 0.7543881 0.9898184
1.0254573 0.5789264 0.99357027 1.0095364 0.9931942 0.99169195 0.57053435 0.5724627 0.1637414 0.57719725 0.08908765 1.019204 0 0.58131045 0.58131045 0.98869646 0.5632941 0.99545324 0.99658537 0.560333 0.5643545 0.15878189 1.0045581 0.15791732 0.5763342 1.0087683 0.26280668 0.25083572 1.0076177 0.58631986
1.0199828 0.4478325 0.9753628 0.98348296 0.99281836 0.9860852 0.17023818 0.17489542 0.58174473 0.1013495 0.59312516 1.0037951 0.58131045 0 0.053353522 0.9801504 0.32570714 0.9831119 0.9816297 0.32401082 0.32508987 0.58131045 0.9977191 0.58131045 0.35836557 1.014548 0.5948914 0.5845737 0.98907024 0.44456926
1.0168724 0.45165765 0.9853408 0.9958304 1.000751 0.99169195 0.17161976 0.17540063 0.5847917 0.10123505 0.59533364 1.0130024 0.58131045 0.053353522 0 0.9872032 0.33097467 0.9894442 0.99056727 0.32926643 0.33081922 0.58588296 1.0037951 0.58631986 0.36257 1.0246727 0.5975486 0.58588296 0.98907024 0.4474692
0.75603044 0.99885464 0.7400349 0.74514884 0.40544835 0.41582194 0.95794547 0.98051995 0.9842255 0.97024083 0.9962078 0.7481256 0.98869646 0.9801504 0.9872032 0 0.9709704 0.04417583 0.044918668 0.9738958 0.9775687 0.97352946 0.7502979 0.97426224 0.9827411 0.26622158 1.0130024 0.99999183 0.20215245 1.0076177
0.9831119 0.43468532 0.9666036 0.97352946 0.9831119 0.9924427 0.31482518 0.3206297 0.55906755 0.3270979 0.5735361 0.97352946 0.5632941 0.32570714 0.33097467 0.9709704 0 0.97352946 0.9738958 0.031763207 0.034585312 0.5637181 0.9644296 0.5641423 0.34320065 1.0045581 0.5720337 0.5624469 0.98907024 0.43952116
0.7618071 1.0011308 0.74650043 0.75138646 0.40940794 0.420187 0.9565121 0.9872032 0.9853408 0.97499573 1.0053219 0.75603044 0.99545324 0.9831119 0.9894442 0.04417583 0.97352946 0 0.03040819 0.9779369 0.98051995 0.9779369 0.75384146 0.97867405 0.98237044 0.2699387 1.0110749 1.0011308 0.2033318 1.0060863
0.7563045 0.9950763 0.7429914 0.74975425 0.4080283 0.41948688 0.95794547 0.9831119 0.9838541 0.9746289 1.0041765 0.7511142 0.99658537 0.9816297 0.99056727 0.044918668 0.9738958 0.03040819 0 0.9790429 0.98125964 0.97316337 0.75138646 0.9738958 0.9816297 0.2690793 1.0099207 0.99923354 0.20267637 0.99999183
0.9842255 0.43325844 0.96841997 0.97867405 0.97867405 0.98832285 0.31239453 0.3201698 0.5586462 0.32431898 0.5731065 0.97426224 0.560333 0.32401082 0.32926643 0.9738958 0.031763207 0.9779369 0.9790429 0 0.013622978 0.56350607 0.96479154 0.5637181 0.34209526 1.0011308 0.5733213 0.5571734 0.98757625 0.43575725
0.98496884 0.4366517 0.97243166 0.9827411 0.97978103 0.99281836 0.31528178 0.32247207 0.55948913 0.32431898 0.5756876 0.97243166 0.5643545 0.32508987 0.33081922 0.9775687 0.034585312 0.98051995 0.98125964 0.013622978 0 0.56477904 0.9655158 0.5649914 0.34573337 1.0064689 0.5761186 0.5607553 0.9939465 0.4400604
1.0076177 0.58239657 0.99357027 0.99999183 0.98496884 0.9808897 0.56967896 0.5707484 0.10043431 0.57762915 0.163617 0.99885464 0.15878189 0.58131045 0.58588296 0.97352946 0.5637181 0.9779369 0.97316337 0.56350607 0.56477904 0 0.99885464 0.0036086678 0.5713908 0.98869646 0.25686774 0.24471323 0.9827411 0.5839199
0.47748062 0.9894442 0.54177755 0.5421895 0.75493515 0.74057156 0.9713354 1.0068517 1.0034139 0.98869646 1.01146 0.3738435 1.0045581 0.9977191 1.0037951 0.7502979 0.9644296 0.75384146 0.75138646 0.96479154 0.9655158 0.99885464 0 0.9980974 0.9901927 0.7585007 1.0080011 0.99999183 0.75822586 0.98907024
1.0080011 0.5828315 0.99281836 1.0003713 0.9857129 0.9801504 0.5703204 0.5707484 0.09986288 0.57806134 0.16324396 0.99658537 0.15791732 0.58131045 0.58631986 0.97426224 0.5641423 0.97867405 0.9738958 0.5637181 0.5649914 0.0036086678 0.9980974 0 0.57181937 0.9901927 0.2571495 0.24402064 0.98348296 0.5847917
0.99056727 0.4366517 0.9842255 0.9946995 0.9860852 0.9901927 0.34907058 0.35322306 0.5756876 0.35997987 0.57979244 0.99923354 0.5763342 0.35836557 0.36257 0.9827411 0.34320065 0.98237044 0.9816297 0.34209526 0.34573337 0.5713908 0.9901927 0.57181937 0 1.0080011 0.58217925 0.5774132 1.0037951 0.43862328
0.7620833 1.0231062 0.7813905 0.7774327 0.42281827 0.43397155 0.9898184 1.015322 0.98683035 1.0064689 1.0160967 0.75712734 1.0087683 1.014548 1.0246727 0.26622158 1.0045581 0.2699387 0.2690793 1.0011308 1.0064689 0.98869646 0.7585007 0.9901927 1.0080011 0 1.0172604 1.0053219 0.27094263 1.0357314
1.014548 0.5889469 1.0053219 1.0203725 1.01146 1.0091523 0.57439595 0.57827747 0.25926593 0.58916616 0.26522398 1.0172604 0.26280668 0.5948914 0.5975486 1.0130024 0.5720337 1.0110749 1.0099207 0.5733213 0.5761186 0.25686774 1.0080011 0.2571495 0.58217925 1.0172604 0 0.2290791 1.0122308 0.59312516
1.0254573 0.5784937 0.9920673 1.0091523 0.9901927 0.98832285 0.5707484 0.57525676 0.24888222 0.58152753 0.25251418 1.0188149 0.25083572 0.5845737 0.58588296 0.99999183 0.5624469 1.0011308 0.99923354 0.5571734 0.5607553 0.24471323 0.99999183 0.24402064 0.5774132 1.0053219 0.2290791 0 0.99885464 0.58675706
0.7574018 1.0238891 0.75384146 0.75411475 0.41113606 0.42088777 0.9706055 0.9853408 0.9931942 0.9801504 1.0126165 0.7543881 1.0076177 0.98907024 0.98907024 0.20215245 0.98907024 0.2033318 0.20267637 0.98757625 0.9939465 0.9827411 0.75822586 0.98348296 1.0037951 0.27094263 1.0122308 0.99885464 0 1.0258498
0.9946995 0.18557718 1.000751 1.0041765 1.0099207 1.019204 0.43504247 0.4454743 0.58435565 0.44946945 0.5887276 0.9898184 0.58631986 0.44456926 0.4474692 1.0076177 0.43952116 1.0060863 0.99999183 0.43575725 0.4400604 0.5839199 0.98907024 0.5847917 0.43862328 1.0357314 0.59312516 0.58675706 1.0258498 0
