0 0.9698763 0.9695119 0.9691478 0.98496884 0.9920673 0.99056727 0.98051995 0.9568702 0.9753628 0.99545324 0.9842255 0.95151687 0.9680563 0.9939465 0.98683035 0.95151687 0.94267863 0.9827411 0.9698763 0.9713354 0.98051995 0.99131685 0.982 0.9687838 0.97426224 0.98683035 1.002652 0.9857129 0.97941184
0.9698763 0 0.7312348 0.3177218 0.3206297 0.9565121 0.7459595 0.7421839 0.6667499 0.9554389 0.9593815 0.931862 0.908332 0.9160936 0.9713354 0.97206604 0.66577744 0.65972805 0.7307048 0.66359407 0.6599691 0.7296458 0.91439945 0.7296458 0.9218825 0.959741 0.9554389 0.97024083 0.72489893 0.74030316
0.9695119 0.7312348 0 0.7293813 0.7419149 0.9536536 0.28983533 0.2890998 0.71627367 0.9540103 0.96226203 0.9113596 0.90164745 0.9036466 0.97573 0.9738958 0.71367943 0.71549445 0.5707484 0.74057156 0.73735726 0.56456673 0.9608204 0.5669055 0.9543672 0.95080596 0.94867724 0.9669665 0.6019983 0.59246385
0.9691478 0.3177218 0.7293813 0 0.22785859 0.9476152 0.7419149 0.732296 0.6575622 0.9651536 0.97170067 0.91949344 0.89865875 0.91541547 0.9727974 0.97316337 0.66456366 0.6599691 0.7220128 0.66335183 0.65972805 0.7193987 0.932902 0.7193987 0.93777436 0.96479154 0.95472425 0.9608204 0.71783453 0.72858834
0.98496884 0.3206297 0.7419149 0.22785859 0 0.9543672 0.7483968 0.74921095 0.6748211 0.9709704 0.98051995 0.94162506 0.9130469 0.9184719 0.9768326 0.9783054 0.6745752 0.67359257 0.7362889 0.6682109 0.66359407 0.7362889 0.93568236 0.7376246 0.9497408 0.9658782 0.95294064 0.9709704 0.7330929 0.7344229
0.9920673 0.9565121 0.9536536 0.9476152 0.9543672 0 0.9543672 0.9611805 0.93568236 0.21429633 0.21736327 0.95615417 0.9349863 0.9391723 0.22299634 0.21870063 0.936379 0.929441 0.96479154 0.9604604 0.9575869 0.9608204 0.88064873 0.9644296 0.87100434 0.5115071 0.5254814 0.41079012 0.9575869 0.95472425
0.99056727 0.7459595 0.28983533 0.7419149 0.7483968 0.9543672 0 0.114513814 0.7325615 0.9388226 0.94373375 0.93116945 0.90799636 0.91711193 0.9593815 0.9575869 0.72832423 0.7296458 0.57525676 0.74704176 0.7429914 0.5698927 0.94479036 0.5711766 0.946908 0.9554389 0.96479154 0.96226203 0.5975486 0.59224355
0.98051995 0.7421839 0.2890998 0.732296 0.74921095 0.9611805 0.114513814 0 0.72779626 0.9433819 0.9493862 0.9335961 0.910349 0.92085767 0.96406794 0.96406794 0.723061 0.72148925 0.5839199 0.74704176 0.7386949 0.5761186 0.96334505 0.5774132 0.9518725 0.9593815 0.9565121 0.98237044 0.60647464 0.59224355
0.9568702 0.6667499 0.71627367 0.6575622 0.6748211 0.93568236 0.7325615 0.72779626 0 0.946908 0.9583042 0.90665525 0.8851922 0.89601207 0.96769285 0.9673296 0.10813376 0.10824928 0.7296458 0.5055969 0.5046164 0.7241107 0.93568236 0.7259512 0.9346385 0.94162506 0.9405729 0.9572284 0.71887696 0.7087749
0.9753628 0.9554389 0.9540103 0.9651536 0.9709704 0.21429633 0.9388226 0.9433819 0.946908 0 0.061124492 0.9713354 0.9565121 0.95472425 0.10387206 0.099977136 0.94162506 0.9360306 0.96841997 0.95258445 0.95151687 0.9691478 0.88064873 0.97170067 0.8790327 0.51806253 0.52387106 0.41096306 0.9522284 0.95508146
0.99545324 0.9593815 0.96226203 0.97170067 0.98051995 0.21736327 0.94373375 0.9493862 0.9583042 0.061124492 0 0.97426224 0.9536536 0.9536536 0.1042167 0.1013495 0.9543672 0.9483231 0.9827411 0.9662408 0.96406794 0.98348296 0.8809723 0.9860852 0.87774235 0.52387106 0.5301304 0.41269478 0.96010065 0.9604604
0.9842255 0.931862 0.9113596 0.91949344 0.94162506 0.95615417 0.93116945 0.9335961 0.90665525 0.9713354 0.97426224 0 0.48641723 0.49333504 0.9753628 0.9727974 0.9205164 0.9123715 0.9458484 0.9349863 0.93082345 0.9395222 0.9746289 0.9405729 0.96479154 0.9783054 0.9575869 0.96010065 0.92840576 0.93151563
0.95151687 0.908332 0.90164745 0.89865875 0.9130469 0.9349863 0.90799636 0.910349 0.8851922 0.9565121 0.9536536 0.48641723 0 0.06058223 0.96226203 0.96841997 0.8920595 0.88454145 0.91541547 0.8973342 0.89469224 0.9188122 0.9370764 0.9184719 0.9184719 0.944438 0.9465546 0.9590223 0.91473794 0.91949344
0.9680563 0.9160936 0.9036466 0.91541547 0.9184719 0.9391723 0.91711193 0.92085767 0.89601207 0.95472425 0.9536536 0.49333504 0.06058223 0 0.9644296 0.97024083 0.90098226 0.8937039 0.9167723 0.89865875 0.8979962 0.91915274 0.946908 0.91949344 0.91779155 0.944438 0.9476152 0.9568702 0.9242792 0.92393637
0.9939465 0.9713354 0.97573 0.9727974 0.9768326 0.22299634 0.9593815 0.96406794 0.96769285 0.10387206 0.1042167 0.9753628 0.96226203 0.9644296 0 0.06210155 0.96479154 0.95508146 0.98683035 0.9783054 0.97609735 0.98683035 0.890091 0.9894442 0.8803252 0.5250785 0.52952236 0.41443047 0.9698763 0.96298385
0.98683035 0.97206604 0.9738958 0.97316337 0.9783054 0.21870063 0.9575869 0.96406794 0.9673296 0.099977136 0.1013495 0.9727974 0.96841997 0.97024083 0.06210155 0 0.96010065 0.9518725 0.97978103 0.9808897 0.9816297 0.9827411 0.8832416 0.98496884 0.87677604 0.5206608 0.5285101 0.41495198 0.97206604 0.96298385
0.95151687 0.66577744 0.71367943 0.66456366 0.6745752 0.936379 0.72832423 0.723061 0.10813376 0.94162506 0.9543672 0.9205164 0.8920595 0.90098226 0.96479154 0.96010065 0 0.039101817 0.72885257 0.5055969 0.5065787 0.7235857 0.9500957 0.7259512 0.9497408 0.94127417 0.946908 0.96298385 0.71238565 0.71212715
0.94267863 0.65972805 0.71549445 0.6599691 0.67359257 0.929441 0.7296458 0.72148925 0.10824928 0.9360306 0.9483231 0.9123715 0.88454145 0.8937039 0.95508146 0.9518725 0.039101817 0 0.732296 0.5040287 0.50422454 0.72885257 0.9479691 0.7309697 0.9458484 0.93777436 0.9391723 0.9593815 0.71783453 0.7129029
0.9827411 0.7307048 0.5707484 0.7220128 0.7362889 0.96479154 0.57525676 0.5839199 0.7296458 0.96841997 0.9827411 0.9458484 0.91541547 0.9167723 0.98683035 0.97978103 0.72885257 0.732296 0 0.7175742 0.7152349 0.02915958 0.97978103 0.030095844 0.9838541 0.9709704 0.9709704 0.9658782 0.617328 0.6071484
0.9698763 0.66359407 0.74057156 0.66335183 0.6682109 0.9604604 0.74704176 0.74704176 0.5055969 0.95258445 0.9662408 0.9349863 0.8973342 0.89865875 0.9783054 0.9808897 0.5055969 0.5040287 0.7175742 0 0.026668571 0.7191378 0.94373375 0.72018194 0.9465546 0.9593815 0.9536536 0.9768326 0.72568804 0.71992075
0.9713354 0.6599691 0.73735726 0.65972805 0.66359407 0.9575869 0.7429914 0.7386949 0.5046164 0.95151687 0.96406794 0.93082345 0.89469224 0.8979962 0.97609735 0.9816297 0.5065787 0.50422454 0.7152349 0.026668571 0 0.718095 0.93847305 0.718095 0.9433819 0.9572284 0.9575869 0.97206604 0.7235857 0.71887696
0.98051995 0.7296458 0.56456673 0.7193987 0.7362889 0.9608204 0.5698927 0.5761186 0.7241107 0.9691478 0.98348296 0.9395222 0.9188122 0.91915274 0.98683035 0.9827411 0.7235857 0.72885257 0.02915958 0.7191378 0.718095 0 0.9783054 0.003910175 0.98348296 0.9666036 0.96479154 0.9666036 0.614373 0.6060258
0.99131685 0.91439945 0.9608204 0.932902 0.93568236 0.88064873 0.94479036 0.96334505 0.93568236 0.88064873 0.8809723 0.9746289 0.9370764 0.946908 0.890091 0.8832416 0.9500957 0.9479691 0.97978103 0.94373375 0.93847305 0.9783054 0 0.98051995 0.40219304 0.8787099 0.8662283 0.8914027 0.9615409 0.9500957
0.982 0.7296458 0.5669055 0.7193987 0.7376246 0.9644296 0.5711766 0.5774132 0.7259512 0.97170067 0.9860852 0.9405729 0.9184719 0.91949344 0.9894442 0.98496884 0.7259512 0.7309697 0.030095844 0.72018194 0.718095 0.003910175 0.98051995 0 0.9842255 0.9673296 0.9673296 0.9691478 0.61596274 0.6078228
0.9687838 0.9218825 0.9543672 0.93777436 0.9497408 0.87100434 0.946908 0.9518725 0.9346385 0.8790327 0.87774235 0.96479154 0.9184719 0.91779155 0.8803252 0.87677604 0.9497408 0.9458484 0.9838541 0.9465546 0.9433819 0.98348296 0.40219304 0.9842255 0 0.870685 0.87806475 0.87774235 0.97499573 0.944438
0.97426224 0.959741 0.95080596 0.96479154 0.9658782 0.5115071 0.9554389 0.9593815 0.94162506 0.51806253 0.52387106 0.9783054 0.944438 0.944438 0.5250785 0.5206608 0.94127417 0.93777436 0.9709704 0.9593815 0.9572284 0.9666036 0.8787099 0.9673296 0.870685 0 0.41756493 0.5156721 0.9651536 0.9465546
0.98683035 0.9554389 0.94867724 0.95472425 0.95294064 0.5254814 0.96479154 0.9565121 0.9405729 0.52387106 0.5301304 0.9575869 0.9465546 0.9476152 0.52952236 0.5285101 0.946908 0.9391723 0.9709704 0.9536536 0.9575869 0.96479154 0.8662283 0.9673296 0.87806475 0.41756493 0 0.51447976 0.95472425 0.9572284
1.002652 0.97024083 0.9669665 0.9608204 0.9709704 0.41079012 0.96226203 0.98237044 0.9572284 0.41096306 0.41269478 0.96010065 0.9590223 0.9568702 0.41443047 0.41495198 0.96298385 0.9593815 0.9658782 0.9768326 0.97206604 0.9666036 0.8914027 0.9691478 0.87774235 0.5156721 0.51447976 0 0.9738958 0.9637064
0.9857129 0.72489893 0.6019983 0.71783453 0.7330929 0.9575869 0.5975486 0.60647464 0.71887696 0.9522284 0.96010065 0.92840576 0.91473794 0.9242792 0.9698763 0.97206604 0.71238565 0.71783453 0.617328 0.72568804 0.7235857 0.614373 0.9615409 0.61596274 0.97499573 0.9651536 0.95472425 0.9738958 0 0.35562924
0.97941184 0.74030316 0.59246385 0.72858834 0.7344229 0.95472425 0.59224355 0.59224355 0.7087749 0.95508146 0.9604604 0.93151563 0.91949344 0.92393637 0.96298385 0.96298385 0.71212715 0.7129029 0.6071484 0.71992075 0.71887696 0.6060258 0.9500957 0.6078228 0.944438 0.9465546 0.9572284 0.9637064 0.35562924 0
