0 1.030972 1.0095364 1.0172604 1.0157093 1.0103053 0.9958304 1.0080011 1.0083846 1.0433295 1.0199828 1.0266355 1.0130024 1.0317632 1.0053219 0.9557965 0.9695119 1.01069 1.0030329 1.0353336 1.0297868 1.0238891 1.01069 1.025065 1.0293922 1.0103053 1.0365276 0.99885464 0.9958304 1.0103053
1.030972 0 0.6019983 0.34605056 0.39963302 0.4163444 0.58785117 0.5920233 0.5982144 0.3493892 0.33706275 0.8523914 0.33159682 0.60043794 0.5946704 0.5964403 0.5975486 1.0137748 1.019204 0.85645306 0.86179787 0.35114396 0.84310144 0.35402426 0.55256313 0.59246385 0.5999927 1.0072346 0.99961257 0.8678169
1.0095364 0.6019983 0 0.6019983 0.5920233 0.6026681 0.36451846 0.37450224 0.38228634 0.6205234 0.5977705 0.8381934 0.59400773 0.3712142 0.36630902 0.33206376 0.33753312 1.0157093 1.0188149 0.8573935 0.8599071 0.61596274 0.83301365 0.6212099 0.59910303 0.48089057 0.48089057 0.9958304 1.0049399 0.8668633
1.0172604 0.34605056 0.6019983 0 0.40014434 0.417216 0.5957761 0.59865856 0.60692376 0.31802738 0.2577133 0.85896355 0.25251418 0.6026681 0.5955548 0.58675706 0.58916616 1.0337447 1.0393208 0.8505242 0.8517685 0.3201698 0.8375822 0.32231835 0.54902 0.6058015 0.6006607 0.9924427 1.0076177 0.87967867
1.0157093 0.39963302 0.5920233 0.40014434 0 0.2589834 0.57806134 0.5804426 0.6002153 0.41425672 0.39048862 0.84156424 0.38763276 0.59444946 0.58938557 0.5845737 0.5902638 0.9943229 0.99545324 0.8483516 0.8530148 0.41321507 0.8327101 0.4113091 0.54013187 0.58850837 0.58960503 0.98794943 0.9872032 0.8636934
1.0103053 0.4163444 0.6026681 0.417216 0.2589834 0 0.6006607 0.5933457 0.6028915 0.42176464 0.40992597 0.8573935 0.4045903 0.60804766 0.59865856 0.593787 0.5968834 1.0083846 1.01146 0.84402525 0.85114604 0.42528248 0.83697146 0.4235215 0.5436332 0.5968834 0.6013292 0.9853408 0.98907024 0.85332674
0.9958304 0.58785117 0.36451846 0.5957761 0.57806134 0.6006607 0 0.2571495 0.26068023 0.60692376 0.58152753 0.8272665 0.5804426 0.30921626 0.30349907 0.3695756 0.3753265 1.0238891 1.0227151 0.85363877 0.8567664 0.6073731 0.83697146 0.6121078 0.59865856 0.47672495 0.47559288 0.9894442 1.0068517 0.8505242
1.0080011 0.5920233 0.37450224 0.59865856 0.5804426 0.5933457 0.2571495 0 0.26394325 0.6015522 0.5819619 0.8424862 0.58217925 0.3137608 0.31118217 0.3738435 0.37797028 1.0188149 1.0172604 0.85864925 0.8573935 0.6060258 0.82066643 0.6078228 0.5968834 0.49063718 0.48737422 0.99734104 1.0099207 0.85363877
1.0083846 0.5982144 0.38228634 0.60692376 0.6002153 0.6028915 0.26068023 0.26394325 0 0.60849774 0.58850837 0.84525883 0.5920233 0.31848595 0.31467304 0.38679487 0.3914992 1.0242808 1.0325551 0.86337715 0.86337715 0.6123341 0.8366663 0.6145999 0.61052626 0.4921776 0.48929188 1.0060863 1.0080011 0.8599071
1.0433295 0.3493892 0.6205234 0.31802738 0.41425672 0.42176464 0.60692376 0.6015522 0.60849774 0 0.3122429 0.8592779 0.31209126 0.6082727 0.6046809 0.6008834 0.6040094 1.0575305 1.0558939 0.87581104 0.87420535 0.11439733 0.8495923 0.11754884 0.55381763 0.6046809 0.610752 1.0262426 1.0337447 0.8907466
1.0199828 0.33706275 0.5977705 0.2577133 0.39048862 0.40992597 0.58152753 0.5819619 0.58850837 0.3122429 0 0.8406434 0.08459662 0.59312516 0.5839199 0.5871945 0.5915831 1.0231062 1.0317632 0.8542633 0.85363877 0.31027418 0.8305884 0.3119397 0.537875 0.5968834 0.5966618 0.9977191 1.0076177 0.86749893
1.0266355 0.8523914 0.8381934 0.85896355 0.84156424 0.8573935 0.8272665 0.8424862 0.84525883 0.8592779 0.8406434 0 0.83727676 0.8530148 0.8437172 0.8194727 0.81738806 1.0305767 1.0254573 0.78195757 0.7845149 0.85582674 0.7712552 0.86179787 0.8624292 0.84033674 0.84495026 0.9857129 0.99847597 0.78195757
1.0130024 0.33159682 0.59400773 0.25251418 0.38763276 0.4045903 0.5804426 0.58217925 0.5920233 0.31209126 0.08459662 0.83727676 0 0.58588296 0.57806134 0.58065945 0.5856646 1.018426 1.0286036 0.85582674 0.8545757 0.3093673 0.83028585 0.31103078 0.5374654 0.58916616 0.59092313 0.9931942 1.0064689 0.863061
1.0317632 0.60043794 0.3712142 0.6026681 0.59444946 0.60804766 0.30921626 0.3137608 0.31848595 0.6082727 0.59312516 0.8530148 0.58588296 0 0.06744353 0.37351432 0.38078952 1.0172604 1.025065 0.8738847 0.87581104 0.61278665 0.8486616 0.617328 0.6073731 0.48871607 0.49449423 1.0099207 1.002652 0.87581104
1.0053219 0.5946704 0.36630902 0.5955548 0.58938557 0.59865856 0.30349907 0.31118217 0.31467304 0.6046809 0.5839199 0.8437172 0.57806134 0.06744353 0 0.3702306 0.37598658 1.0103053 1.0149349 0.86654574 0.86972773 0.609624 0.8388052 0.61256033 0.6033384 0.48660854 0.48718274 0.9857129 0.98869646 0.8678169
0.9557965 0.5964403 0.33206376 0.58675706 0.5845737 0.593787 0.3695756 0.3738435 0.38679487 0.6008834 0.5871945 0.8194727 0.58065945 0.37351432 0.3702306 0 0.063515104 0.9980974 0.99961257 0.8461853 0.8461853 0.60625017 0.81590265 0.6082727 0.5887276 0.47578144 0.47597006 0.9775687 0.9779369 0.8480418
0.9695119 0.5975486 0.33753312 0.58916616 0.5902638 0.5968834 0.3753265 0.37797028 0.3914992 0.6040094 0.5915831 0.81738806 0.5856646 0.38078952 0.37598658 0.063515104 0 0.99847597 0.99847597 0.8437172 0.84587634 0.610075 0.8200693 0.6118817 0.58938557 0.47483912 0.47823706 0.99169195 0.9931942 0.85613984
1.01069 1.0137748 1.0157093 1.0337447 0.9943229 1.0083846 1.0238891 1.0188149 1.0242808 1.0575305 1.0231062 1.0305767 1.018426 1.0172604 1.0103053 0.9980974 0.99847597 0 0.06123299 1.0219333 1.0130024 1.0381224 1.0199828 1.042526 1.001891 1.0068517 1.01146 0.54013187 0.5446661 1.0254573
1.0030329 1.019204 1.0188149 1.0393208 0.99545324 1.01146 1.0227151 1.0172604 1.0325551 1.0558939 1.0317632 1.0254573 1.0286036 1.025065 1.0149349 0.99961257 0.99847597 0.06123299 0 1.025065 1.0168724 1.0385218 1.0149349 1.0429276 1.0103053 1.0083846 1.0137748 0.53644234 0.5459075 1.0223241
1.0353336 0.85645306 0.8573935 0.8505242 0.8483516 0.84402525 0.85363877 0.85864925 0.86337715 0.87581104 0.8542633 0.78195757 0.85582674 0.8738847 0.86654574 0.8461853 0.8437172 1.0219333 1.025065 0 0.033852633 0.86877173 0.7524766 0.87677604 0.8904187 0.86591095 0.85802114 1.0076177 0.990942 0.37154236
1.0297868 0.86179787 0.8599071 0.8517685 0.8530148 0.85114604 0.8567664 0.8573935 0.86337715 0.87420535 0.85363877 0.7845149 0.8545757 0.87581104 0.86972773 0.8461853 0.84587634 1.0130024 1.0168724 0.033852633 0 0.864643 0.75384146 0.87356406 0.8927168 0.8703658 0.8611671 1.0099207 0.99357027 0.37417278
1.0238891 0.35114396 0.61596274 0.3201698 0.41321507 0.42528248 0.6073731 0.6060258 0.6123341 0.11439733 0.31027418 0.85582674 0.3093673 0.61278665 0.609624 0.60625017 0.610075 1.0381224 1.0385218 0.86877173 0.864643 0 0.8357514 0.028639937 0.5552839 0.6015522 0.6028915 1.0188149 1.0274222 0.8963424
1.01069 0.84310144 0.83301365 0.8375822 0.8327101 0.83697146 0.83697146 0.82066643 0.8366663 0.8495923 0.8305884 0.7712552 0.83028585 0.8486616 0.8388052 0.81590265 0.8200693 1.0199828 1.0149349 0.7524766 0.75384146 0.8357514 0 0.84495026 0.8608519 0.84187144 0.8505242 0.9842255 0.99056727 0.7486681
1.025065 0.35402426 0.6212099 0.32231835 0.4113091 0.4235215 0.6121078 0.6078228 0.6145999 0.11754884 0.3119397 0.86179787 0.31103078 0.617328 0.61256033 0.6082727 0.6118817 1.042526 1.0429276 0.87677604 0.87356406 0.028639937 0.84495026 0 0.5529811 0.604457 0.60557723 1.018426 1.0325551 0.90264636
1.0293922 0.55256313 0.59910303 0.54902 0.54013187 0.5436332 0.59865856 0.5968834 0.61052626 0.55381763 0.537875 0.8624292 0.5374654 0.6073731 0.6033384 0.5887276 0.58938557 1.001891 1.0103053 0.8904187 0.8927168 0.5552839 0.8608519 0.5529811 0 0.5902638 0.6017752 0.9845971 1.0060863 0.88226825
1.0103053 0.59246385 0.48089057 0.6058015 0.58850837 0.5968834 0.47672495 0.49063718 0.4921776 0.6046809 0.5968834 0.84033674 0.58916616 0.48871607 0.48660854 0.47578144 0.47483912 1.0068517 1.0083846 0.86591095 0.8703658 0.6015522 0.84187144 0.604457 0.5902638 0 0.43023533 1.0072346 1.000751 0.8624292
1.0365276 0.5999927 0.48089057 0.6006607 0.58960503 0.6013292 0.47559288 0.48737422 0.48929188 0.610752 0.5966618 0.84495026 0.59092313 0.49449423 0.48718274 0.47597006 0.47823706 1.01146 1.0137748 0.85802114 0.8611671 0.6028915 0.8505242 0.60557723 0.6017752 0.43023533 0 0.99885464 0.9838541 0.8713238
0.99885464 1.0072346 0.9958304 0.9924427 0.98794943 0.9853408 0.9894442 0.99734104 1.0060863 1.0262426 0.9977191 0.9857129 0.9931942 1.0099207 0.9857129 0.9775687 0.99169195 0.54013187 0.53644234 1.0076177 1.0099207 1.0188149 0.9842255 1.018426 0.9845971 1.0072346 0.99885464 0 0.36030313 1.0083846
0.9958304 0.99961257 1.0049399 1.0076177 0.9872032 0.98907024 1.0068517 1.0099207 1.0080011 1.0337447 1.0076177 0.99847597 1.0064689 1.002652 0.98869646 0.9779369 0.9931942 0.5446661 0.5459075 0.990942 0.99357027 1.0274222 0.99056727 1.0325551 1.0060863 1.000751 0.9838541 0.36030313 0 1.0149349
1.0103053 0.8678169 0.8668633 0.87967867 0.8636934 0.85332674 0.8505242 0.85363877 0.8599071 0.8907466 0.86749893 0.78195757 0.863061 0.87581104 0.8678169 0.8480418 0.85613984 1.0254573 1.0223241 0.37154236 0.37417278 0.8963424 0.7486681 0.90264636 0.88226825 0.8624292 0.8713238 1.0083846 1.0149349 0
