0 1.0076177 1.0457449 1.0126165 1.0041765 1.025065 1.0130024 1.0227151 1.0278157 1.0337447 1.0231062 1.0011308 0.99847597 1.0254573 1.0258498 1.0397208 1.0211525 1.0041765 0.99658537 1.0060863 1.01069 0.9946995 0.9950763 0.9950763 1.0030329 1.0393208 1.0122308 1.005704 0.98348296 0.9860852
1.0076177 0 0.40596363 0.3962332 0.776869 0.40339074 0.4102715 0.7667942 0.4362938 0.43468532 0.43539977 0.74921095 0.7799746 0.44601783 0.44511214 0.76623845 0.7631891 0.77209455 0.7763057 0.23220722 0.2367183 0.77321523 0.4330803 0.7734957 0.7483968 0.41599607 0.77041674 0.3981012 0.57053435 0.56456673
1.0457449 0.40596363 0 0.22380453 0.78082377 0.37631682 0.37565646 0.7726547 0.43970087 0.43593606 0.43700978 0.7673504 0.7743376 0.44656178 0.44493115 0.76623845 0.7620833 0.77209455 0.7751804 0.41286817 0.41425672 0.7565787 0.43593606 0.7574018 0.7656831 0.34668535 0.7796917 0.31345698 0.5713908 0.571605
1.0126165 0.3962332 0.22380453 0 0.7706961 0.3743375 0.37615168 0.7656831 0.4330803 0.4254588 0.4254588 0.75411475 0.776869 0.44456926 0.44222128 0.761255 0.75493515 0.7681854 0.7751804 0.40150952 0.40407598 0.74514884 0.42492995 0.74650043 0.75165886 0.3481156 0.7601521 0.31027418 0.5624469 0.5703204
1.0041765 0.776869 0.78082377 0.7706961 0 0.7640195 0.77489936 0.6232732 0.7757428 0.7690214 0.7681854 0.6060258 0.19992983 0.7779968 0.7693002 0.6198375 0.62006605 0.20149805 0.20123646 0.77041674 0.7712552 0.6501494 0.75493515 0.6515784 0.610752 0.77884376 0.33190808 0.77489936 0.7631891 0.7609791
1.025065 0.40339074 0.37631682 0.3743375 0.7640195 0 0.19162093 0.7701374 0.43468532 0.43343666 0.4313009 0.76512814 0.7687426 0.4452932 0.44366533 0.7690214 0.7629125 0.7640195 0.76623845 0.41234812 0.41286817 0.76651627 0.43468532 0.7673504 0.7659607 0.39453906 0.7687426 0.37830138 0.5808764 0.58152753
1.0130024 0.4102715 0.37565646 0.37615168 0.77489936 0.19162093 0 0.7695792 0.43254602 0.44078 0.4366517 0.76042765 0.77771467 0.4454743 0.44330403 0.7734957 0.762636 0.77771467 0.7825251 0.4130416 0.41390935 0.78110707 0.4454743 0.7842303 0.75712734 0.40014434 0.78195757 0.38595793 0.582614 0.58588296
1.0227151 0.7667942 0.7726547 0.7656831 0.6232732 0.7701374 0.7695792 0 0.78195757 0.7774327 0.7726547 0.5839199 0.6184676 0.7842303 0.7796917 0.13446462 0.13686118 0.6164175 0.61915225 0.7640195 0.7607034 0.6619002 0.7656831 0.6619002 0.39082533 0.78508437 0.6334428 0.77181464 0.76457363 0.76623845
1.0278157 0.4362938 0.43970087 0.4330803 0.7757428 0.43468532 0.43254602 0.78195757 0 0.13638125 0.1369812 0.75603044 0.7796917 0.46121424 0.45992067 0.7802575 0.7712552 0.7751804 0.7760242 0.44096002 0.44132015 0.7746184 0.44910538 0.7763057 0.7813905 0.4463804 0.77771467 0.4336149 0.58348435 0.59246385
1.0337447 0.43468532 0.43593606 0.4254588 0.7690214 0.43343666 0.44078 0.7774327 0.13638125 0 0.101922065 0.7667942 0.77715075 0.46195444 0.46158424 0.77856135 0.77041674 0.77181464 0.7734957 0.44096002 0.44204095 0.76790696 0.45165765 0.7695792 0.7712552 0.4418607 0.7631891 0.4293485 0.5845737 0.5904835
1.0231062 0.43539977 0.43700978 0.4254588 0.7681854 0.4313009 0.4366517 0.7726547 0.1369812 0.101922065 0 0.7631891 0.7779968 0.46269536 0.46325153 0.778279 0.76985824 0.77181464 0.7726547 0.44042012 0.44132015 0.77181464 0.4480142 0.77209455 0.77181464 0.44656178 0.7734957 0.4362938 0.58850837 0.58916616
1.0011308 0.74921095 0.7673504 0.75411475 0.6060258 0.76512814 0.76042765 0.5839199 0.75603044 0.7667942 0.7631891 0 0.60043794 0.7681854 0.7706961 0.5874133 0.5837021 0.6008834 0.6026681 0.756853 0.7554826 0.6602102 0.7524766 0.6592462 0.5887276 0.77181464 0.6037857 0.7527494 0.756853 0.74921095
0.99847597 0.7799746 0.7743376 0.776869 0.19992983 0.7687426 0.77771467 0.6184676 0.7796917 0.77715075 0.7779968 0.60043794 0 0.7757428 0.77041674 0.61256033 0.6130131 0.09689845 0.09632971 0.7706961 0.7709756 0.6489606 0.76042765 0.6484856 0.6015522 0.7822413 0.3361229 0.7743376 0.7554826 0.7593259
1.0254573 0.44601783 0.44656178 0.44456926 0.7779968 0.4452932 0.4454743 0.7842303 0.46121424 0.46195444 0.46269536 0.7681854 0.7757428 0 0.08650202 0.7746184 0.77940893 0.76985824 0.7743376 0.4458366 0.44565544 0.77856135 0.41547385 0.77771467 0.7734957 0.4621396 0.7751804 0.44965157 0.5800091 0.58982456
1.0258498 0.44511214 0.44493115 0.44222128 0.7693002 0.44366533 0.44330403 0.7796917 0.45992067 0.46158424 0.46325153 0.7706961 0.77041674 0.08650202 0 0.7687426 0.7751804 0.76707226 0.76846397 0.44294295 0.44240162 0.76790696 0.41044435 0.7690214 0.7659607 0.46158424 0.77153486 0.44475016 0.5778452 0.58304906
1.0397208 0.76623845 0.76623845 0.761255 0.6198375 0.7690214 0.7734957 0.13446462 0.7802575 0.77856135 0.778279 0.5874133 0.61256033 0.7746184 0.7687426 0 0.06722474 0.6112037 0.6150539 0.7565787 0.7543881 0.6616586 0.76790696 0.6611755 0.38746512 0.7882242 0.62880313 0.76540554 0.7609791 0.77153486
1.0211525 0.7631891 0.7620833 0.75493515 0.62006605 0.7629125 0.762636 0.13686118 0.7712552 0.77041674 0.76985824 0.5837021 0.6130131 0.77940893 0.7751804 0.06722474 0 0.610752 0.6121078 0.75411475 0.7494826 0.65277135 0.7620833 0.65253264 0.3841199 0.77771467 0.62304366 0.76485085 0.7618071 0.7681854
1.0041765 0.77209455 0.77209455 0.7681854 0.20149805 0.7640195 0.77771467 0.6164175 0.7751804 0.77181464 0.77181464 0.6008834 0.09689845 0.76985824 0.76707226 0.6112037 0.610752 0 0.044812504 0.76985824 0.7687426 0.6475366 0.7565787 0.6475366 0.60557723 0.776869 0.33518422 0.7723746 0.7519313 0.7585007
0.99658537 0.7763057 0.7751804 0.7751804 0.20123646 0.76623845 0.7825251 0.61915225 0.7760242 0.7734957 0.7726547 0.6026681 0.09632971 0.7743376 0.76846397 0.6150539 0.6121078 0.044812504 0 0.7712552 0.77153486 0.64824826 0.7585007 0.6475366 0.610075 0.7830931 0.33706275 0.7734957 0.7524766 0.75603044
1.0060863 0.23220722 0.41286817 0.40150952 0.77041674 0.41234812 0.4130416 0.7640195 0.44096002 0.44096002 0.44042012 0.756853 0.7706961 0.4458366 0.44294295 0.7565787 0.75411475 0.76985824 0.7712552 0 0.024289096 0.7623596 0.4361149 0.7623596 0.7535683 0.42828566 0.7618071 0.4113091 0.5709624 0.5694652
1.01069 0.2367183 0.41425672 0.40407598 0.7712552 0.41286817 0.41390935 0.7607034 0.44132015 0.44204095 0.44132015 0.7554826 0.7709756 0.44565544 0.44240162 0.7543881 0.7494826 0.7687426 0.77153486 0.024289096 0 0.7618071 0.4393415 0.7620833 0.7486681 0.42917123 0.7631891 0.41321507 0.5707484 0.57053435
0.9946995 0.77321523 0.7565787 0.74514884 0.6501494 0.76651627 0.78110707 0.6619002 0.7746184 0.76790696 0.77181464 0.6602102 0.6489606 0.77856135 0.76790696 0.6616586 0.65277135 0.6475366 0.64824826 0.7623596 0.7618071 0 0.75466156 0.009155657 0.65852404 0.7687426 0.6532491 0.7535683 0.77856135 0.7590508
0.9950763 0.4330803 0.43593606 0.42492995 0.75493515 0.43468532 0.4454743 0.7656831 0.44910538 0.45165765 0.4480142 0.7524766 0.76042765 0.41547385 0.41044435 0.76790696 0.7620833 0.7565787 0.7585007 0.4361149 0.4393415 0.75466156 0 0.75493515 0.7543881 0.4558696 0.750842 0.44096002 0.56733155 0.57957584
0.9950763 0.7734957 0.7574018 0.74650043 0.6515784 0.7673504 0.7842303 0.6619002 0.7763057 0.7695792 0.77209455 0.6592462 0.6484856 0.77771467 0.7690214 0.6611755 0.65253264 0.6475366 0.6475366 0.7623596 0.7620833 0.009155657 0.75493515 0 0.654684 0.76790696 0.6542054 0.75493515 0.778279 0.75960124
1.0030329 0.7483968 0.7656831 0.75165886 0.610752 0.7659607 0.75712734 0.39082533 0.7813905 0.7712552 0.77181464 0.5887276 0.6015522 0.7734957 0.7659607 0.38746512 0.3841199 0.60557723 0.610075 0.7535683 0.7486681 0.65852404 0.7543881 0.654684 0 0.7690214 0.6157354 0.74975425 0.7486681 0.7712552
1.0393208 0.41599607 0.34668535 0.3481156 0.77884376 0.39453906 0.40014434 0.78508437 0.4463804 0.4418607 0.44656178 0.77181464 0.7822413 0.4621396 0.46158424 0.7882242 0.77771467 0.776869 0.7830931 0.42828566 0.42917123 0.7687426 0.4558696 0.76790696 0.7690214 0 0.77856135 0.35562924 0.591363 0.5984365
1.0122308 0.77041674 0.7796917 0.7601521 0.33190808 0.7687426 0.78195757 0.6334428 0.77771467 0.7631891 0.7734957 0.6037857 0.3361229 0.7751804 0.77153486 0.62880313 0.62304366 0.33518422 0.33706275 0.7618071 0.7631891 0.6532491 0.750842 0.6542054 0.6157354 0.77856135 0 0.76707226 0.7543881 0.761255
1.005704 0.3981012 0.31345698 0.31027418 0.77489936 0.37830138 0.38595793 0.77181464 0.4336149 0.4293485 0.4362938 0.7527494 0.7743376 0.44965157 0.44475016 0.76540554 0.76485085 0.7723746 0.7734957 0.4113091 0.41321507 0.7535683 0.44096002 0.75493515 0.74975425 0.35562924 0.76707226 0 0.5698927 0.58217925
0.98348296 0.57053435 0.5713908 0.5624469 0.7631891 0.5808764 0.582614 0.76457363 0.58348435 0.5845737 0.58850837 0.756853 0.7554826 0.5800091 0.5778452 0.7609791 0.7618071 0.7519313 0.7524766 0.5709624 0.5707484 0.77856135 0.56733155 0.778279 0.7486681 0.591363 0.7543881 0.5698927 0 0.2459615
0.9860852 0.56456673 0.571605 0.5703204 0.7609791 0.58152753 0.58588296 0.76623845 0.59246385 0.5904835 0.58916616 0.74921095 0.7593259 0.58982456 0.58304906 0.77153486 0.7681854 0.7585007 0.75603044 0.5694652 0.57053435 0.7590508 0.57957584 0.75960124 0.7712552 0.5984365 0.761255 0.58217925 0.2459615 0
