0 0.9860852 0.39386246 0.98907024 1.0126165 1.0072346 0.9746289 0.40014434 0.39912206 0.9958304 0.98645765 0.39929235 0.99131685 0.3749967 0.3842868 0.98757625 0.98907024 0.39065698 0.38696238 0.9931942 0.99658537 1.0068517 0.9898184 1.000751 0.3898157 1.001891 1.000751 0.5428079 0.5521454 0.9827411
0.9860852 0 0.97573 0.41286817 0.5808764 0.5845737 0.4120016 0.97024083 0.97426224 0.41390935 0.41843793 0.97352946 0.4130416 0.98757625 0.9924427 0.491407 0.4919849 0.9680563 0.96298385 0.4163444 0.41512588 0.41460428 0.5847917 0.41443047 0.9946995 0.5984365 0.5962188 0.97206604 0.97609735 0.16860871
0.39386246 0.97573 0 0.99056727 0.9950763 0.990942 0.9962078 0.15299605 0.14737621 0.9857129 0.9860852 0.32570714 0.99923354 0.3975913 0.39861146 0.9872032 0.9816297 0.18225464 0.17831227 0.99357027 0.9898184 1.0083846 0.9626228 1.0045581 0.24707282 0.98794943 0.9962078 0.5307389 0.5352165 0.97206604
0.98907024 0.41286817 0.99056727 0 0.59092313 0.59444946 0.34573337 0.97499573 0.9845971 0.141919 0.14312829 0.97024083 0.3484338 0.9958304 1.0130024 0.5038329 0.502073 0.97206604 0.9713354 0.3481156 0.3484338 0.34922987 0.59444946 0.34668535 1.000751 0.60872287 0.60557723 0.99281836 0.99734104 0.420187
1.0126165 0.5808764 0.9950763 0.59092313 0 0.10617267 0.5804426 1.001891 0.99734104 0.59312516 0.5957761 1.014548 0.5767656 1.0168724 1.0286036 0.5926842 0.5957761 0.9857129 0.9872032 0.585228 0.58348435 0.59180313 0.32047635 0.59444946 1.0076177 0.38062337 0.3768125 1.0137748 1.0091523 0.58763224
1.0072346 0.5845737 0.990942 0.59444946 0.10617267 0 0.5810934 0.99658537 0.9950763 0.5975486 0.59954774 1.0076177 0.58152753 1.0068517 1.0164845 0.59422857 0.59444946 0.9872032 0.98645765 0.58850837 0.58675706 0.5955548 0.3163483 0.5977705 1.005704 0.37995923 0.37039444 0.99357027 0.99357027 0.59180313
0.9746289 0.4120016 0.9962078 0.34573337 0.5804426 0.5810934 0 0.97024083 0.9827411 0.34891135 0.3487521 0.9709704 0.11218751 0.9898184 0.99545324 0.50775856 0.5050084 0.9706055 0.97170067 0.11033165 0.10963688 0.35002682 0.5933457 0.3493892 0.9713354 0.59932536 0.6013292 0.9764649 0.98794943 0.41826323
0.40014434 0.97024083 0.15299605 0.97499573 1.001891 0.99658537 0.97024083 0 0.094512634 0.9727974 0.97206604 0.32231835 0.97499573 0.39776123 0.40065598 0.9857129 0.9764649 0.1798359 0.1778051 0.97720057 0.9691478 0.99999183 0.9658782 0.99734104 0.24637805 0.9764649 0.9842255 0.52972496 0.532364 0.9615409
0.39912206 0.97426224 0.14737621 0.9845971 0.99734104 0.9950763 0.9827411 0.094512634 0 0.982 0.98125964 0.3241649 0.98869646 0.39538565 0.39606363 0.99131685 0.98125964 0.1759062 0.17350781 0.9860852 0.9801504 1.0064689 0.959741 1.0022715 0.2424992 0.98496884 0.9898184 0.52709514 0.5344004 0.9651536
0.9958304 0.41390935 0.9857129 0.141919 0.59312516 0.5975486 0.34891135 0.9727974 0.982 0 0.09872133 0.96190137 0.35194293 0.9980974 1.01069 0.5085462 0.5071684 0.96841997 0.9655158 0.35562924 0.3551474 0.35338324 0.59599745 0.35178307 0.98348296 0.60894805 0.60692376 0.9853408 0.99545324 0.4242254
0.98645765 0.41843793 0.9860852 0.14312829 0.5957761 0.59954774 0.3487521 0.97206604 0.98125964 0.09872133 0 0.9637064 0.3524227 0.9894442 1.0011308 0.5024637 0.5003172 0.96841997 0.9669665 0.35466585 0.35354343 0.35386395 0.6006607 0.35178307 0.9894442 0.6116556 0.6130131 0.9898184 0.9943229 0.4245776
0.39929235 0.97352946 0.32570714 0.97024083 1.014548 1.0076177 0.9709704 0.32231835 0.3241649 0.96190137 0.9637064 0 0.9838541 0.39980343 0.40219304 0.9808897 0.97316337 0.31955704 0.31802738 0.98051995 0.9783054 0.98794943 0.97352946 0.98757625 0.3181802 0.9901927 0.97941184 0.5358292 0.5380799 0.9753628
0.99131685 0.4130416 0.99923354 0.3484338 0.5767656 0.58152753 0.11218751 0.97499573 0.98869646 0.35194293 0.3524227 0.9838541 0 1.0011308 1.0064689 0.50598943 0.50481236 0.97573 0.97426224 0.095988676 0.094966486 0.35066497 0.5837021 0.3501863 0.99056727 0.59224355 0.5982144 0.9838541 0.9894442 0.4212384
0.3749967 0.98757625 0.3975913 0.9958304 1.0168724 1.0068517 0.9898184 0.39776123 0.39538565 0.9980974 0.9894442 0.39980343 1.0011308 0 0.07514155 1.0034139 0.9950763 0.3930176 0.39234236 0.9857129 0.9838541 1.0172604 0.99131685 1.0180373 0.3935244 1.0072346 1.0068517 0.54902 0.5391052 0.9950763
0.3842868 0.9924427 0.39861146 1.0130024 1.0286036 1.0164845 0.99545324 0.40065598 0.39606363 1.01069 1.0011308 0.40219304 1.0064689 0.07514155 0 1.0176488 1.0049399 0.39640284 0.39555508 0.9977191 0.9980974 1.0317632 0.990942 1.0297868 0.39878163 1.0053219 1.01069 0.5506852 0.5440462 0.9924427
0.98757625 0.491407 0.9872032 0.5038329 0.5926842 0.59422857 0.50775856 0.9857129 0.99131685 0.5085462 0.5024637 0.9808897 0.50598943 1.0034139 1.0176488 0 0.039207175 0.9727974 0.97426224 0.5075618 0.50874317 0.5091374 0.58065945 0.50775856 0.99056727 0.6145999 0.61391944 0.99734104 1.0037951 0.4999276
0.98907024 0.4919849 0.9816297 0.502073 0.5957761 0.59444946 0.5050084 0.9764649 0.98125964 0.5071684 0.5003172 0.97316337 0.50481236 0.9950763 1.0049399 0.039207175 0 0.96298385 0.9651536 0.50540066 0.5061858 0.5069718 0.58544624 0.5055969 0.9816297 0.6130131 0.61369276 0.98907024 0.9950763 0.5001224
0.39065698 0.9680563 0.18225464 0.97206604 0.9857129 0.9872032 0.9706055 0.1798359 0.1759062 0.96841997 0.96841997 0.31955704 0.97573 0.3930176 0.39640284 0.9727974 0.96298385 0 0.026461361 0.97206604 0.96841997 0.9860852 0.9540103 0.9831119 0.2424992 0.9651536 0.97499573 0.5287124 0.5333815 0.9608204
0.38696238 0.96298385 0.17831227 0.9713354 0.9872032 0.98645765 0.97170067 0.1778051 0.17350781 0.9655158 0.9669665 0.31802738 0.97426224 0.39234236 0.39555508 0.97426224 0.9651536 0.026461361 0 0.97316337 0.9691478 0.98757625 0.95258445 0.9857129 0.23960319 0.9669665 0.9746289 0.52709514 0.5299277 0.95866317
0.9931942 0.4163444 0.99357027 0.3481156 0.585228 0.58850837 0.11033165 0.97720057 0.9860852 0.35562924 0.35466585 0.98051995 0.095988676 0.9857129 0.9977191 0.5075618 0.50540066 0.97206604 0.97316337 0 0.022226105 0.35050538 0.5887276 0.3493892 0.982 0.6011063 0.6082727 0.9768326 0.98907024 0.42563516
0.99658537 0.41512588 0.9898184 0.3484338 0.58348435 0.58675706 0.10963688 0.9691478 0.9801504 0.3551474 0.35354343 0.9783054 0.094966486 0.9838541 0.9980974 0.50874317 0.5061858 0.96841997 0.9691478 0.022226105 0 0.34954855 0.5871945 0.34827465 0.9764649 0.5975486 0.6046809 0.97867405 0.9901927 0.42264256
1.0068517 0.41460428 1.0083846 0.34922987 0.59180313 0.5955548 0.35002682 0.99999183 1.0064689 0.35338324 0.35386395 0.98794943 0.35066497 1.0172604 1.0317632 0.5091374 0.5069718 0.9860852 0.98757625 0.35050538 0.34954855 0 0.5889469 0.015866656 1.000751 0.5977705 0.591363 1.0126165 1.0110749 0.4251062
0.9898184 0.5847917 0.9626228 0.59444946 0.32047635 0.3163483 0.5933457 0.9658782 0.959741 0.59599745 0.6006607 0.97352946 0.5837021 0.99131685 0.990942 0.58065945 0.58544624 0.9540103 0.95258445 0.5887276 0.5871945 0.5889469 0 0.59180313 0.9543672 0.36712432 0.3672875 0.982 0.9838541 0.5907033
1.000751 0.41443047 1.0045581 0.34668535 0.59444946 0.5977705 0.3493892 0.99734104 1.0022715 0.35178307 0.35178307 0.98757625 0.3501863 1.0180373 1.0297868 0.50775856 0.5055969 0.9831119 0.9857129 0.3493892 0.34827465 0.015866656 0.59180313 0 0.99658537 0.6006607 0.5951125 1.0083846 1.005704 0.42387336
0.3898157 0.9946995 0.24707282 1.000751 1.0076177 1.005704 0.9713354 0.24637805 0.2424992 0.98348296 0.9894442 0.3181802 0.99056727 0.3935244 0.39878163 0.99056727 0.9816297 0.2424992 0.23960319 0.982 0.9764649 1.000751 0.9543672 0.99658537 0 0.9931942 0.9962078 0.53480834 0.5339927 0.990942
1.001891 0.5984365 0.98794943 0.60872287 0.38062337 0.37995923 0.59932536 0.9764649 0.98496884 0.60894805 0.6116556 0.9901927 0.59224355 1.0072346 1.0053219 0.6145999 0.6130131 0.9651536 0.9669665 0.6011063 0.5975486 0.5977705 0.36712432 0.6006607 0.9931942 0 0.2522342 0.98125964 0.9764649 0.6019983
1.000751 0.5962188 0.9962078 0.60557723 0.3768125 0.37039444 0.6013292 0.9842255 0.9898184 0.60692376 0.6130131 0.97941184 0.5982144 1.0068517 1.01069 0.61391944 0.61369276 0.97499573 0.9746289 0.6082727 0.6046809 0.591363 0.3672875 0.5951125 0.9962078 0.2522342 0 0.9779369 0.9727974 0.59224355
0.5428079 0.97206604 0.5307389 0.99281836 1.0137748 0.99357027 0.9764649 0.52972496 0.52709514 0.9853408 0.9898184 0.5358292 0.9838541 0.54902 0.5506852 0.99734104 0.98907024 0.5287124 0.52709514 0.9768326 0.97867405 1.0126165 0.982 1.0083846 0.53480834 0.98125964 0.9779369 0 0.21843298 0.9709704
0.5521454 0.97609735 0.5352165 0.99734104 1.0091523 0.99357027 0.98794943 0.532364 0.5344004 0.99545324 0.9943229 0.5380799 0.9894442 0.5391052 0.5440462 1.0037951 0.9950763 0.5333815 0.5299277 0.98907024 0.9901927 1.0110749 0.9838541 1.005704 0.5339927 0.9764649 0.9727974 0.21843298 0 0.9738958
0.9827411 0.16860871 0.97206604 0.420187 0.58763224 0.59180313 0.41826323 0.9615409 0.9651536 0.4242254 0.4245776 0.9753628 0.4212384 0.9950763 0.9924427 0.4999276 0.5001224 0.9608204 0.95866317 0.42563516 0.42264256 0.4251062 0.5907033 0.42387336 0.990942 0.6019983 0.59224355 0.9709704 0.9738958 0
