0 1.036926 1.0485728 0.99923354 1.0305767 0.98907024 0.9958304 0.9958304 0.9977191 1.0227151 1.0301816 0.9950763 0.99923354 1.0203725 1.0305767 1.018426 1.0188149 1.005704 1.0234975 1.0080011 1.0076177 1.018426 1.0262426 1.014548 1.0489776 1.0049399 1.0289978 1.0037951 1.0195932 1.0274222
1.036926 0 0.18955801 0.82276016 0.56967896 0.814124 0.8164965 0.5624469 0.5711766 0.56584156 0.56350607 0.5557034 0.33957478 0.34430766 0.78565425 0.55948913 0.5626586 0.55381763 0.5597 0.5550743 0.5475659 0.7836615 0.80500084 0.7822413 0.7796917 0.8242593 0.34288466 0.828171 0.8114639 0.56584156
1.0485728 0.18955801 0 0.82998335 0.5666926 0.8224607 0.82186216 0.5573836 0.55885684 0.5582251 0.556543 0.55256313 0.33988938 0.3447826 0.776869 0.56012195 0.5643545 0.5419835 0.54528654 0.5554936 0.549644 0.7813905 0.8020814 0.778279 0.7836615 0.82998335 0.3411491 0.8278694 0.81382793 0.55991095
0.99923354 0.82276016 0.82998335 0 0.83727676 0.18276484 0.18942927 0.81590265 0.8105793 0.82606214 0.8275679 0.79859304 0.82335943 0.82998335 0.81382793 0.82546073 0.8278694 0.79540956 0.8023729 0.8221614 0.8179831 0.81323624 0.8263631 0.8120542 0.8088132 0.29308018 0.829681 0.6103006 0.60692376 0.83149695
1.0305767 0.56967896 0.5666926 0.83727676 0 0.82546073 0.8336212 0.5656289 0.5669055 0.5578042 0.5586462 0.560333 0.5561231 0.56223524 0.7765873 0.5660542 0.56733155 0.5669055 0.5735361 0.15422334 0.15336403 0.7690214 0.7956984 0.7667942 0.7802575 0.83697146 0.5578042 0.82998335 0.82156307 0.5641423
0.98907024 0.814124 0.8224607 0.18276484 0.82546073 0 0.11230365 0.799754 0.7977235 0.8164965 0.8114639 0.78565425 0.8105793 0.81977093 0.8047084 0.82186216 0.8221614 0.7968549 0.79540956 0.8041238 0.8000446 0.80353975 0.8020814 0.8017901 0.7845149 0.294856 0.81382793 0.59932536 0.5955548 0.812645
0.9958304 0.8164965 0.82186216 0.18942927 0.8336212 0.11230365 0 0.8099901 0.8073446 0.82335943 0.8150128 0.7813905 0.81857854 0.8257614 0.80910724 0.8242593 0.82305974 0.79656565 0.8020814 0.81590265 0.8105793 0.80851924 0.80705124 0.80705124 0.7928149 0.30005974 0.82156307 0.6011063 0.5977705 0.81234956
0.9958304 0.5624469 0.5573836 0.81590265 0.5656289 0.799754 0.8099901 0 0.10628789 0.4555024 0.44837776 0.33659267 0.55110216 0.5569632 0.7847996 0.57482624 0.5731065 0.49895447 0.50265914 0.55089366 0.5483964 0.7734957 0.8017901 0.77153486 0.7945437 0.8147164 0.5554936 0.82066643 0.82186216 0.4489234
0.9977191 0.5711766 0.55885684 0.8105793 0.5669055 0.7977235 0.8073446 0.10628789 0 0.4536691 0.44493115 0.3372195 0.56202364 0.5643545 0.7822413 0.5666926 0.56626695 0.49817687 0.5050084 0.5546552 0.55110216 0.7737762 0.8073446 0.7729349 0.79656565 0.81323624 0.5592783 0.8099901 0.81087404 0.45056275
1.0227151 0.56584156 0.5582251 0.82606214 0.5578042 0.8164965 0.82335943 0.4555024 0.4536691 0 0.085941106 0.44837776 0.5616006 0.56584156 0.7842303 0.56393015 0.5641423 0.50265914 0.5040287 0.5481887 0.5481887 0.7853693 0.8073446 0.7842303 0.79743385 0.83331734 0.55948913 0.82606214 0.8082254 0.20806782
1.0301816 0.56350607 0.556543 0.8275679 0.5586462 0.8114639 0.8150128 0.44837776 0.44493115 0.085941106 0 0.44042012 0.55948913 0.5578042 0.7862246 0.5624469 0.5637181 0.5055969 0.51012385 0.5502686 0.5494359 0.7876524 0.80353975 0.78736657 0.793967 0.8269652 0.55381763 0.81679356 0.8088132 0.207672
0.9950763 0.5557034 0.55256313 0.79859304 0.560333 0.78565425 0.7813905 0.33659267 0.3372195 0.44837776 0.44042012 0 0.5494359 0.55801463 0.7977235 0.556333 0.56223524 0.497206 0.5005121 0.5492279 0.54632175 0.7885103 0.79598737 0.78650993 0.7796917 0.80587894 0.5607553 0.806758 0.8026644 0.44874147
0.99923354 0.33957478 0.33988938 0.82335943 0.5561231 0.8105793 0.81857854 0.55110216 0.56202364 0.5616006 0.55948913 0.5494359 0 0.08784994 0.7690214 0.5584356 0.56541634 0.5481887 0.5504769 0.55006033 0.54673624 0.7706961 0.7980132 0.7701374 0.7726547 0.82156307 0.26650688 0.8088132 0.8038317 0.5578042
1.0203725 0.34430766 0.3447826 0.82998335 0.56223524 0.81977093 0.8257614 0.5569632 0.5643545 0.56584156 0.5578042 0.55801463 0.08784994 0 0.77181464 0.5660542 0.5724627 0.5475659 0.55110216 0.5584356 0.5536084 0.77940893 0.80646485 0.77940893 0.7825251 0.8188765 0.2702254 0.81828076 0.8120542 0.56202364
1.0305767 0.78565425 0.776869 0.81382793 0.7765873 0.8047084 0.80910724 0.7847996 0.7822413 0.7842303 0.7862246 0.7977235 0.7690214 0.77181464 0 0.8003352 0.79310274 0.7723746 0.77771467 0.77209455 0.7729349 0.08493251 0.50129217 0.084037125 0.49294904 0.79888314 0.76985824 0.806758 0.81768554 0.77715075
1.018426 0.55948913 0.56012195 0.82546073 0.5660542 0.82186216 0.8242593 0.57482624 0.5666926 0.56393015 0.5624469 0.556333 0.5584356 0.5660542 0.8003352 0 0.070293576 0.56393015 0.5692516 0.5575939 0.55801463 0.7994636 0.82305974 0.8003352 0.7890828 0.8188765 0.5703204 0.83941746 0.8293787 0.56350607
1.0188149 0.5626586 0.5643545 0.8278694 0.56733155 0.8221614 0.82305974 0.5731065 0.56626695 0.5641423 0.5637181 0.56223524 0.56541634 0.5724627 0.79310274 0.070293576 0 0.56096655 0.56711847 0.5546552 0.5559132 0.7882242 0.8079317 0.7882242 0.78082377 0.82305974 0.568611 0.83331734 0.82066643 0.5677578
1.005704 0.55381763 0.5419835 0.79540956 0.5669055 0.7968549 0.79656565 0.49895447 0.49817687 0.50265914 0.5055969 0.497206 0.5481887 0.5475659 0.7723746 0.56393015 0.56096655 0 0.06635024 0.5454935 0.5446661 0.77181464 0.7867954 0.7709756 0.7667942 0.79425526 0.54632175 0.812645 0.8026644 0.5085462
1.0234975 0.5597 0.54528654 0.8023729 0.5735361 0.79540956 0.8020814 0.50265914 0.5050084 0.5040287 0.51012385 0.5005121 0.5504769 0.55110216 0.77771467 0.5692516 0.56711847 0.06635024 0 0.5523542 0.5502686 0.77884376 0.79512084 0.77715075 0.77405685 0.7980132 0.55131066 0.8150128 0.80441606 0.5113093
1.0080011 0.5550743 0.5554936 0.8221614 0.15422334 0.8041238 0.81590265 0.55089366 0.5546552 0.5481887 0.5502686 0.5492279 0.55006033 0.5584356 0.77209455 0.5575939 0.5546552 0.5454935 0.5523542 0 0.019347416 0.76707226 0.78167397 0.76485085 0.7676286 0.8191745 0.5552839 0.8209652 0.8164965 0.5584356
1.0076177 0.5475659 0.549644 0.8179831 0.15336403 0.8000446 0.8105793 0.5483964 0.55110216 0.5481887 0.5494359 0.54632175 0.54673624 0.5536084 0.7729349 0.55801463 0.5559132 0.5446661 0.5502686 0.019347416 0 0.7695792 0.78082377 0.7673504 0.7640195 0.8179831 0.5521454 0.81768554 0.8082254 0.5544457
1.018426 0.7836615 0.7813905 0.81323624 0.7690214 0.80353975 0.80851924 0.7734957 0.7737762 0.7853693 0.7876524 0.7885103 0.7706961 0.77940893 0.08493251 0.7994636 0.7882242 0.77181464 0.77884376 0.76707226 0.7695792 0 0.49856558 0.006124942 0.48718274 0.80324787 0.7743376 0.80441606 0.8114639 0.78110707
1.0262426 0.80500084 0.8020814 0.8263631 0.7956984 0.8020814 0.80705124 0.8017901 0.8073446 0.8073446 0.80353975 0.79598737 0.7980132 0.80646485 0.50129217 0.82305974 0.8079317 0.7867954 0.79512084 0.78167397 0.78082377 0.49856558 0 0.4975942 0.30725548 0.81977093 0.7928149 0.84402525 0.8336212 0.79512084
1.014548 0.7822413 0.778279 0.8120542 0.7667942 0.8017901 0.80705124 0.77153486 0.7729349 0.7842303 0.78736657 0.78650993 0.7701374 0.77940893 0.084037125 0.8003352 0.7882242 0.7709756 0.77715075 0.76485085 0.7673504 0.006124942 0.4975942 0 0.48641723 0.80295604 0.7737762 0.8017901 0.80910724 0.7791263
1.0489776 0.7796917 0.7836615 0.8088132 0.7802575 0.7845149 0.7928149 0.7945437 0.79656565 0.79743385 0.793967 0.7796917 0.7726547 0.7825251 0.49294904 0.7890828 0.78082377 0.7667942 0.77405685 0.7676286 0.7640195 0.48718274 0.30725548 0.48641723 0 0.7968549 0.7890828 0.8120542 0.8156059 0.7893693
1.0049399 0.8242593 0.82998335 0.29308018 0.83697146 0.294856 0.30005974 0.8147164 0.81323624 0.83331734 0.8269652 0.80587894 0.82156307 0.8188765 0.79888314 0.8188765 0.82305974 0.79425526 0.7980132 0.8191745 0.8179831 0.80324787 0.81977093 0.80295604 0.7968549 0 0.8224607 0.59599745 0.5966618 0.8257614
1.0289978 0.34288466 0.3411491 0.829681 0.5578042 0.81382793 0.82156307 0.5554936 0.5592783 0.55948913 0.55381763 0.5607553 0.26650688 0.2702254 0.76985824 0.5703204 0.568611 0.54632175 0.55131066 0.5552839 0.5521454 0.7743376 0.7928149 0.7737762 0.7890828 0.8224607 0 0.83605623 0.8114639 0.5630822
1.0037951 0.828171 0.8278694 0.6103006 0.82998335 0.59932536 0.6011063 0.82066643 0.8099901 0.82606214 0.81679356 0.806758 0.8088132 0.81828076 0.806758 0.83941746 0.83331734 0.812645 0.8150128 0.8209652 0.81768554 0.80441606 0.84402525 0.8017901 0.8120542 0.59599745 0.83605623 0 0.26664954 0.8266641
1.0195932 0.8114639 0.81382793 0.60692376 0.82156307 0.5955548 0.5977705 0.82186216 0.81087404 0.8082254 0.8088132 0.8026644 0.8038317 0.8120542 0.81768554 0.8293787 0.82066643 0.8026644 0.80441606 0.8164965 0.8082254 0.8114639 0.8336212 0.80910724 0.8156059 0.5966618 0.8114639 0.26664954 0 0.81977093
1.0274222 0.56584156 0.55991095 0.83149695 0.5641423 0.812645 0.81234956 0.4489234 0.45056275 0.20806782 0.207672 0.44874147 0.5578042 0.56202364 0.77715075 0.56350607 0.5677578 0.5085462 0.5113093 0.5584356 0.5544457 0.78110707 0.79512084 0.7791263 0.7893693 0.8257614 0.5630822 0.8266641 0.81977093 0
