0 1.0231062 1.0207624 0.7296458 0.778279 0.7805406 0.7853693 0.7478545 0.74514884 0.7376246 0.7296458 1.018426 0.99885464 1.0076177 0.9901927 0.7845149 0.7836615 0.7400349 0.74110866 1.01069 1.0238891 0.9958304 0.7309697 0.99357027 1.0164845 1.0172604 0.7368229 0.7262145 0.76346576 0.7336246
1.0231062 0 0.3312857 1.0188149 1.053853 1.0397208 1.0246727 1.0534456 1.0413225 1.0064689 1.0215429 0.537056 0.3274073 0.32586154 0.6950084 1.001891 0.99357027 1.0329514 1.0437315 0.50972915 0.51388425 0.6982995 0.98496884 0.6998234 0.7013504 0.4536691 1.0270288 1.0329514 1.0341415 1.0199828
1.0207624 0.3312857 0 0.9958304 1.0317632 1.0286036 1.0137748 1.0095364 1.0133885 0.9958304 0.99923354 0.53951573 0.2571495 0.25968993 0.69855326 1.0083846 1.0076177 0.99545324 1.0072346 0.5250785 0.52729714 0.70646286 0.99056727 0.7080034 0.71032023 0.45899805 0.9980974 1.0060863 1.0289978 1.0015109
0.7296458 1.0188149 0.9958304 0 0.79310274 0.80587894 0.8073446 0.38830376 0.38679487 0.38863948 0.25997275 1.0211525 0.9969631 0.98869646 0.98645765 0.79310274 0.7822413 0.25983134 0.26451218 1.0015109 1.0041765 0.99281836 0.5228664 0.9946995 1.0068517 0.99961257 0.530536 0.5256829 0.790803 0.332531
0.778279 1.053853 1.0317632 0.79310274 0 0.2556012 0.2582775 0.7867954 0.7902292 0.76512814 0.7836615 1.0199828 1.0242808 1.0160967 0.9950763 0.5774132 0.57827747 0.7890828 0.79483217 1.0242808 1.0207624 0.99923354 0.79425526 1.002652 1.0095364 1.0246727 0.7799746 0.78082377 0.34367487 0.7876524
0.7805406 1.0397208 1.0286036 0.80587894 0.2556012 0 0.25013745 0.7928149 0.80353975 0.7862246 0.7916646 1.0157093 1.0258498 1.0080011 0.9901927 0.5709624 0.5720337 0.8003352 0.8047084 1.0231062 1.0242808 0.99999183 0.7913773 1.0045581 1.01146 1.030972 0.7687426 0.7659607 0.33674935 0.79830307
0.7853693 1.0246727 1.0137748 0.8073446 0.2582775 0.25013745 0 0.8014989 0.80353975 0.79109013 0.79512084 1.000751 1.0072346 0.9920673 0.9831119 0.57181937 0.57461107 0.8076381 0.8094014 1.0041765 1.0041765 0.99131685 0.79339075 0.99734104 0.99961257 1.0231062 0.7701374 0.7774327 0.34795654 0.8088132
0.7478545 1.0534456 1.0095364 0.38830376 0.7867954 0.7928149 0.8014989 0 0.23098162 0.22948638 0.3849548 1.0262426 1.0080011 1.0037951 0.9673296 0.8000446 0.790803 0.38195345 0.38830376 1.0172604 1.0207624 0.97426224 0.5380799 0.9738958 1.0176488 1.0118452 0.53664684 0.53419656 0.77884376 0.38746512
0.74514884 1.0413225 1.0133885 0.38679487 0.7902292 0.80353975 0.80353975 0.23098162 0 0.23507477 0.38830376 1.036926 1.018426 1.0072346 0.9801504 0.79540956 0.791952 0.3872975 0.39453906 1.0223241 1.0227151 0.9853408 0.5331779 0.98348296 1.0087683 1.0325551 0.52527994 0.52427334 0.78394586 0.385289
0.7376246 1.0064689 0.9958304 0.38863948 0.76512814 0.7862246 0.79109013 0.22948638 0.23507477 0 0.38897535 1.0103053 1.002652 0.99056727 0.9626228 0.7791263 0.7757428 0.38629258 0.39420068 1.0083846 1.0083846 0.97426224 0.537056 0.9727974 1.0072346 1.014548 0.53297436 0.5256829 0.7726547 0.38813597
0.7296458 1.0215429 0.99923354 0.25997275 0.7836615 0.7916646 0.79512084 0.3849548 0.38830376 0.38897535 0 1.0149349 0.99734104 0.9943229 0.99281836 0.79540956 0.7902292 0.18009013 0.18544912 0.9969631 1.0076177 0.9962078 0.5214621 0.99885464 0.9857129 1.018426 0.53256744 0.5220636 0.77715075 0.3305084
1.018426 0.537056 0.53951573 1.0211525 1.0199828 1.0157093 1.000751 1.0262426 1.036926 1.0103053 1.0149349 0 0.5352165 0.53664684 0.6965256 1.0110749 1.0130024 1.0180373 1.0301816 0.5421895 0.54095423 0.6947558 0.98832285 0.697032 0.69576657 0.5397211 1.0270288 1.0211525 1.014548 1.0203725
0.99885464 0.3274073 0.2571495 0.9969631 1.0242808 1.0258498 1.0072346 1.0080011 1.018426 1.002652 0.99734104 0.5352165 0 0.10100618 0.69198316 0.99734104 0.99961257 1.0034139 1.0118452 0.50953186 0.51249665 0.6947558 0.9831119 0.6960195 0.6884691 0.45918247 1.018426 1.0207624 1.0231062 0.99658537
1.0076177 0.32586154 0.25968993 0.98869646 1.0160967 1.0080011 0.9920673 1.0037951 1.0072346 0.99056727 0.9943229 0.53664684 0.10100618 0 0.6887196 0.99999183 0.99999183 0.99734104 1.0076177 0.51229864 0.51447976 0.6932422 0.9842255 0.69425094 0.6837262 0.45495194 1.0091523 1.0195932 1.025065 0.98907024
0.9901927 0.6950084 0.69855326 0.98645765 0.9950763 0.9901927 0.9831119 0.9673296 0.9801504 0.9626228 0.99281836 0.6965256 0.69198316 0.6887196 0 0.9920673 0.99281836 0.98348296 0.9939465 0.684224 0.6864684 0.10020569 0.9801504 0.1013495 0.47352183 0.6887196 0.9738958 0.9872032 0.982 0.9666036
0.7845149 1.001891 1.0083846 0.79310274 0.5774132 0.5709624 0.57181937 0.8000446 0.79540956 0.7791263 0.79540956 1.0110749 0.99734104 0.99999183 0.9920673 0 0.062318847 0.80353975 0.812645 1.0034139 1.0060863 1.0080011 0.79252714 1.01069 1.01069 1.0080011 0.7853693 0.79512084 0.5502686 0.8079317
0.7836615 0.99357027 1.0076177 0.7822413 0.57827747 0.5720337 0.57461107 0.790803 0.791952 0.7757428 0.7902292 1.0130024 0.99961257 0.99999183 0.99281836 0.062318847 0 0.7916646 0.80091685 1.0015109 1.005704 1.0037951 0.79252714 1.0053219 1.001891 0.99923354 0.78994244 0.79512084 0.54985213 0.8003352
0.7400349 1.0329514 0.99545324 0.25983134 0.7890828 0.8003352 0.8076381 0.38195345 0.3872975 0.38629258 0.18009013 1.0180373 1.0034139 0.99734104 0.98348296 0.80353975 0.7916646 0 0.031450294 1.0037951 1.0126165 0.990942 0.53134793 0.99131685 0.99734104 1.0203725 0.5289148 0.5232681 0.78994244 0.3344029
0.74110866 1.0437315 1.0072346 0.26451218 0.79483217 0.8047084 0.8094014 0.38830376 0.39453906 0.39420068 0.18544912 1.0301816 1.0118452 1.0076177 0.9939465 0.812645 0.80091685 0.031450294 0 1.0157093 1.0219333 0.9950763 0.5380799 0.9962078 1.0064689 1.0297868 0.53256744 0.5283078 0.7945437 0.33957478
1.01069 0.50972915 0.5250785 1.0015109 1.0242808 1.0231062 1.0041765 1.0172604 1.0223241 1.0083846 0.9969631 0.5421895 0.50953186 0.51229864 0.684224 1.0034139 1.0015109 1.0037951 1.0157093 0 0.022947505 0.6894714 0.9939465 0.6892207 0.7026252 0.51190275 1.0246727 1.0381224 1.0301816 0.99923354
1.0238891 0.51388425 0.52729714 1.0041765 1.0207624 1.0242808 1.0041765 1.0207624 1.0227151 1.0083846 1.0076177 0.54095423 0.51249665 0.51447976 0.6864684 1.0060863 1.005704 1.0126165 1.0219333 0.022947505 0 0.6927383 1.0011308 0.6924865 0.7080034 0.5150757 1.0301816 1.0429276 1.030972 1.0103053
0.9958304 0.6982995 0.70646286 0.99281836 0.99923354 0.99999183 0.99131685 0.97426224 0.9853408 0.97426224 0.9962078 0.6947558 0.6947558 0.6932422 0.10020569 1.0080011 1.0037951 0.990942 0.9950763 0.6894714 0.6927383 0 0.99357027 0.0108785145 0.48184055 0.6982995 0.9860852 0.9857129 0.99545324 0.9753628
0.7309697 0.98496884 0.99056727 0.5228664 0.79425526 0.7913773 0.79339075 0.5380799 0.5331779 0.537056 0.5214621 0.98832285 0.9831119 0.9842255 0.9801504 0.79252714 0.79252714 0.53134793 0.5380799 0.9939465 1.0011308 0.99357027 0 0.99357027 1.001891 1.0160967 0.5331779 0.5279034 0.77940893 0.5289148
0.99357027 0.6998234 0.7080034 0.9946995 1.002652 1.0045581 0.99734104 0.9738958 0.98348296 0.9727974 0.99885464 0.697032 0.6960195 0.69425094 0.1013495 1.01069 1.0053219 0.99131685 0.9962078 0.6892207 0.6924865 0.0108785145 0.99357027 0 0.48450688 0.70007765 0.98907024 0.98832285 1.001891 0.9746289
1.0164845 0.7013504 0.71032023 1.0068517 1.0095364 1.01146 0.99961257 1.0176488 1.0087683 1.0072346 0.9857129 0.69576657 0.6884691 0.6837262 0.47352183 1.01069 1.001891 0.99734104 1.0064689 0.7026252 0.7080034 0.48184055 1.001891 0.48450688 0 0.6907262 1.0149349 1.0254573 1.0199828 0.9950763
1.0172604 0.4536691 0.45899805 0.99961257 1.0246727 1.030972 1.0231062 1.0118452 1.0325551 1.014548 1.018426 0.5397211 0.45918247 0.45495194 0.6887196 1.0080011 0.99923354 1.0203725 1.0297868 0.51190275 0.5150757 0.6982995 1.0160967 0.70007765 0.6907262 0 1.0080011 1.0345387 1.0160967 1.0211525
0.7368229 1.0270288 0.9980974 0.530536 0.7799746 0.7687426 0.7701374 0.53664684 0.52527994 0.53297436 0.53256744 1.0270288 1.018426 1.0091523 0.9738958 0.7853693 0.78994244 0.5289148 0.53256744 1.0246727 1.0301816 0.9860852 0.5331779 0.98907024 1.0149349 1.0080011 0 0.33894598 0.76985824 0.5360335
0.7262145 1.0329514 1.0060863 0.5256829 0.78082377 0.7659607 0.7774327 0.53419656 0.52427334 0.5256829 0.5220636 1.0211525 1.0207624 1.0195932 0.9872032 0.79512084 0.79512084 0.5232681 0.5283078 1.0381224 1.0429276 0.9857129 0.5279034 0.98832285 1.0254573 1.0345387 0.33894598 0 0.7673504 0.5287124
0.76346576 1.0341415 1.0289978 0.790803 0.34367487 0.33674935 0.34795654 0.77884376 0.78394586 0.7726547 0.77715075 1.014548 1.0231062 1.025065 0.982 0.5502686 0.54985213 0.78994244 0.7945437 1.0301816 1.030972 0.99545324 0.77940893 1.001891 1.0199828 1.0160967 0.76985824 0.7673504 0 0.7859394
0.7336246 1.0199828 1.0015109 0.332531 0.7876524 0.79830307 0.8088132 0.38746512 0.385289 0.38813597 0.3305084 1.0203725 0.99658537 0.98907024 0.9666036 0.8079317 0.8003352 0.3344029 0.33957478 0.99923354 1.0103053 0.9753628 0.5289148 0.9746289 0.9950763 1.0211525 0.5360335 0.5287124 0.7859394 0
