0 0.9816297 0.84095025 0.86559373 0.9816297 0.982 0.97720057 0.86337715 0.9853408 0.97024083 0.9857129 0.8437172 0.8468036 0.9931942 0.9898184 0.9962078 0.9969631 0.8592779 0.8505242 0.8662283 0.86909026 0.83636117 0.9709704 0.83483773 0.85488826 1.0041765 0.97426224 0.84125715 0.84711295 0.98348296
0.9816297 0 0.97941184 0.99169195 0.18994439 0.99056727 0.9764649 1.0011308 0.1877576 0.9673296 0.9775687 0.9943229 0.98051995 0.18852869 0.18327539 0.5156721 0.5200604 0.982 0.9768326 0.9860852 0.9853408 0.9673296 0.9783054 0.9666036 0.97573 0.5228664 0.21963823 0.9753628 0.9727974 0.5115071
0.84095025 0.97941184 0 0.55277205 0.9939465 0.9651536 0.95508146 0.5506852 0.9872032 0.9565121 0.97170067 0.6877182 0.17679176 0.99281836 0.9860852 1.0064689 1.0095364 0.18263726 0.17996301 0.5559132 0.5569632 0.67802465 0.9504507 0.67926043 0.6837262 1.0060863 0.99131685 0.26936567 0.266935 1.0037951
0.86559373 0.99169195 0.55277205 0 0.99923354 1.0053219 0.9713354 0.17540063 1.0091523 0.9790429 0.98907024 0.7062064 0.54860425 1.0011308 0.99923354 1.0126165 1.0122308 0.5483964 0.5483964 0.17426437 0.17679176 0.6972853 0.9669665 0.70007765 0.69804585 1.0345387 0.99885464 0.5521454 0.5533992 1.0095364
0.9816297 0.18994439 0.9939465 0.99923354 0 0.98683035 0.97867405 1.0076177 0.1525057 0.9775687 0.9842255 1.0037951 0.99961257 0.15594494 0.15422334 0.5152744 0.51547325 0.9898184 0.9924427 0.99923354 0.99658537 0.97170067 0.9801504 0.97609735 0.9894442 0.5196604 0.21937022 0.97024083 0.98237044 0.50148726
0.982 0.99056727 0.9651536 1.0053219 0.98683035 0 0.14143583 0.98869646 0.97573 0.13782194 0.14433953 0.99999183 0.9590223 0.9838541 0.97941184 1.0030329 1.0064689 0.9753628 0.9709704 0.9980974 0.99847597 0.9790429 0.46269536 0.97720057 0.98832285 1.0080011 0.9768326 0.96841997 0.9691478 0.982
0.97720057 0.9764649 0.95508146 0.9713354 0.97867405 0.14143583 0 0.9680563 0.9713354 0.10836481 0.11602979 0.9894442 0.9511613 0.97024083 0.9658782 0.9943229 1.000751 0.96010065 0.953297 0.9727974 0.9709704 0.9695119 0.45936695 0.9658782 0.9783054 0.9894442 0.9666036 0.9593815 0.9554389 0.9808897
0.86337715 1.0011308 0.5506852 0.17540063 1.0076177 0.98869646 0.9680563 0 1.0172604 0.9706055 0.97941184 0.71032023 0.5391052 1.015322 1.0137748 1.0080011 1.0072346 0.54013187 0.5374654 0.11743188 0.11860229 0.7082605 0.97499573 0.7087749 0.7085177 1.032159 1.0030329 0.5399264 0.54425275 1.0045581
0.9853408 0.1877576 0.9872032 1.0091523 0.1525057 0.97573 0.9713354 1.0172604 0 0.96479154 0.9706055 1.0049399 0.9831119 0.113117166 0.110795185 0.5065787 0.5089403 0.9790429 0.98237044 1.0037951 1.0030329 0.97316337 0.9651536 0.97609735 0.9853408 0.5071684 0.2148288 0.9698763 0.9727974 0.4939144
0.97024083 0.9673296 0.9565121 0.9790429 0.9775687 0.13782194 0.10836481 0.9706055 0.96479154 0 0.10169299 0.98496884 0.9575869 0.97024083 0.96479154 0.9980974 1.0041765 0.97024083 0.9658782 0.9764649 0.9768326 0.96298385 0.45019814 0.9590223 0.97206604 1.000751 0.9644296 0.9557965 0.96298385 0.98645765
0.9857129 0.9775687 0.97170067 0.98907024 0.9842255 0.14433953 0.11602979 0.97941184 0.9706055 0.10169299 0 0.9980974 0.9709704 0.9790429 0.96769285 1.0060863 1.0141612 0.98051995 0.9746289 0.9842255 0.98348296 0.9695119 0.46455088 0.96298385 0.9738958 1.0022715 0.9709704 0.9706055 0.9658782 0.9943229
0.8437172 0.9943229 0.6877182 0.7062064 1.0037951 0.99999183 0.9894442 0.71032023 1.0049399 0.98496884 0.9980974 0 0.6937464 1.0068517 1.0095364 1.0041765 1.01069 0.6852207 0.6837262 0.7220128 0.7262145 0.69753873 0.9626228 0.69779223 0.7080034 1.0072346 0.9958304 0.6775309 0.6852207 1.002652
0.8468036 0.98051995 0.17679176 0.54860425 0.99961257 0.9590223 0.9511613 0.5391052 0.9831119 0.9575869 0.9709704 0.6937464 0 1.0053219 0.9958304 1.014548 1.0180373 0.094512634 0.0931527 0.54322046 0.5450797 0.68198633 0.9615409 0.6802505 0.67285645 1.015322 0.99281836 0.2713733 0.26508155 1.0130024
0.9931942 0.18852869 0.99281836 1.0011308 0.15594494 0.9838541 0.97024083 1.015322 0.113117166 0.97024083 0.9790429 1.0068517 1.0053219 0 0.08638981 0.51210064 0.513091 1.002652 1.0011308 1.001891 1.000751 0.97867405 0.9753628 0.9790429 0.9950763 0.5105188 0.21363124 0.9831119 0.98051995 0.49914902
0.9898184 0.18327539 0.9860852 0.99923354 0.15422334 0.97941184 0.9658782 1.0137748 0.110795185 0.96479154 0.96769285 1.0095364 0.9958304 0.08638981 0 0.50972915 0.50933456 0.9808897 0.9842255 0.99847597 0.9962078 0.9698763 0.97170067 0.9713354 0.9827411 0.5071684 0.21110934 0.97720057 0.97426224 0.5001224
0.9962078 0.5156721 1.0064689 1.0126165 0.5152744 1.0030329 0.9943229 1.0080011 0.5065787 0.9980974 1.0060863 1.0041765 1.014548 0.51210064 0.50972915 0 0.045024846 1.0203725 1.0219333 1.000751 0.99961257 1.0068517 1.0095364 1.0126165 1.019204 0.28660446 0.50992644 0.98794943 0.99281836 0.19213755
0.9969631 0.5200604 1.0095364 1.0122308 0.51547325 1.0064689 1.000751 1.0072346 0.5089403 1.0041765 1.0141612 1.01069 1.0180373 0.513091 0.50933456 0.045024846 0 1.0238891 1.0242808 1.0022715 1.002652 1.0068517 1.0060863 1.015322 1.0149349 0.2830957 0.5126947 0.9898184 0.99999183 0.18942927
0.8592779 0.982 0.18263726 0.5483964 0.9898184 0.9753628 0.96010065 0.54013187 0.9790429 0.97024083 0.98051995 0.6852207 0.094512634 1.002652 0.9808897 1.0203725 1.0238891 0 0.033957258 0.5473584 0.5494359 0.6844731 0.96769285 0.6849714 0.6767909 1.0274222 0.99961257 0.27281064 0.2679349 1.0160967
0.8505242 0.9768326 0.17996301 0.5483964 0.9924427 0.9709704 0.953297 0.5374654 0.98237044 0.9658782 0.9746289 0.6837262 0.0931527 1.0011308 0.9842255 1.0219333 1.0242808 0.033957258 0 0.5488121 0.5504769 0.6807461 0.9611805 0.6812419 0.67654437 1.0231062 0.9962078 0.27237916 0.26636422 1.0149349
0.8662283 0.9860852 0.5559132 0.17426437 0.99923354 0.9980974 0.9727974 0.11743188 1.0037951 0.9764649 0.9842255 0.7220128 0.54322046 1.001891 0.99847597 1.000751 1.0022715 0.5473584 0.5488121 0 0.037207875 0.71992075 0.982 0.71835554 0.71161044 1.0219333 0.9898184 0.54985213 0.5529811 0.9958304
0.86909026 0.9853408 0.5569632 0.17679176 0.99658537 0.99847597 0.9709704 0.11860229 1.0030329 0.9768326 0.98348296 0.7262145 0.5450797 1.000751 0.9962078 0.99961257 1.002652 0.5494359 0.5504769 0.037207875 0 0.72018194 0.9842255 0.7191378 0.7105781 1.0168724 0.990942 0.5502686 0.5557034 0.9958304
0.83636117 0.9673296 0.67802465 0.6972853 0.97170067 0.9790429 0.9695119 0.7082605 0.97316337 0.96298385 0.9695119 0.69753873 0.68198633 0.97867405 0.9698763 1.0068517 1.0068517 0.6844731 0.6807461 0.71992075 0.72018194 0 0.9669665 0.030512337 0.29663607 1.0110749 0.9709704 0.6795078 0.6884691 0.9977191
0.9709704 0.9783054 0.9504507 0.9669665 0.9801504 0.46269536 0.45936695 0.97499573 0.9651536 0.45019814 0.46455088 0.9626228 0.9615409 0.9753628 0.97170067 1.0095364 1.0060863 0.96769285 0.9611805 0.982 0.9842255 0.9669665 0 0.9575869 0.9753628 0.9969631 0.9691478 0.9493862 0.9497408 0.98757625
0.83483773 0.9666036 0.67926043 0.70007765 0.97609735 0.97720057 0.9658782 0.7087749 0.97609735 0.9590223 0.96298385 0.69779223 0.6802505 0.9790429 0.9713354 1.0126165 1.015322 0.6849714 0.6812419 0.71835554 0.7191378 0.030512337 0.9575869 0 0.2955972 1.0215429 0.97024083 0.6859691 0.6904751 1.0022715
0.85488826 0.97573 0.6837262 0.69804585 0.9894442 0.98832285 0.9783054 0.7085177 0.9853408 0.97206604 0.9738958 0.7080034 0.67285645 0.9950763 0.9827411 1.019204 1.0149349 0.6767909 0.67654437 0.71161044 0.7105781 0.29663607 0.9753628 0.2955972 0 1.0160967 0.9775687 0.67802465 0.6922348 1.0003713
1.0041765 0.5228664 1.0060863 1.0345387 0.5196604 1.0080011 0.9894442 1.032159 0.5071684 1.000751 1.0022715 1.0072346 1.015322 0.5105188 0.5071684 0.28660446 0.2830957 1.0274222 1.0231062 1.0219333 1.0168724 1.0110749 0.9969631 1.0215429 1.0160967 0 0.5200604 0.9962078 1.0160967 0.27353033
0.97426224 0.21963823 0.99131685 0.99885464 0.21937022 0.9768326 0.9666036 1.0030329 0.2148288 0.9644296 0.9709704 0.9958304 0.99281836 0.21363124 0.21110934 0.50992644 0.5126947 0.99961257 0.9962078 0.9898184 0.990942 0.9709704 0.9691478 0.97024083 0.9775687 0.5200604 0 0.97352946 0.9853408 0.5046164
0.84125715 0.9753628 0.26936567 0.5521454 0.97024083 0.96841997 0.9593815 0.5399264 0.9698763 0.9557965 0.9706055 0.6775309 0.2713733 0.9831119 0.97720057 0.98794943 0.9898184 0.27281064 0.27237916 0.54985213 0.5502686 0.6795078 0.9493862 0.6859691 0.67802465 0.9962078 0.97352946 0 0.21084438 0.9894442
0.84711295 0.9727974 0.266935 0.5533992 0.98237044 0.9691478 0.9554389 0.54425275 0.9727974 0.96298385 0.9658782 0.6852207 0.26508155 0.98051995 0.97426224 0.99281836 0.99999183 0.2679349 0.26636422 0.5529811 0.5557034 0.6884691 0.9497408 0.6904751 0.6922348 1.0160967 0.9853408 0.21084438 0 1.0003713
0.98348296 0.5115071 1.0037951 1.0095364 0.50148726 0.982 0.9808897 1.0045581 0.4939144 0.98645765 0.9943229 1.002652 1.0130024 0.49914902 0.5001224 0.19213755 0.18942927 1.0160967 1.0149349 0.9958304 0.9958304 0.9977191 0.98757625 1.0022715 1.0003713 0.27353033 0.5046164 0.9894442 1.0003713 0
