0 0.97720057 0.97941184 1.0409217 1.0072346 1.001891 0.99885464 1.0270288 1.0215429 1.0080011 1.0164845 1.0195932 1.0130024 1.0015109 0.9872032 1.0211525 1.0223241 1.0242808 1.0234975 1.0164845 1.0176488 0.9977191 1.0083846 0.99999183 0.98348296 1.019204 1.0083846 0.99545324 0.9980974 1.0270288
0.97720057 0 0.23534843 0.7734957 0.9297863 0.9335961 0.65948707 0.8999856 0.90164745 0.6745752 0.8979962 0.6364741 0.8897634 0.671876 0.6626257 0.7565787 0.7585007 0.776869 0.77771467 0.90498227 0.90398026 0.6733471 0.5677578 0.6740837 0.49643022 0.47033232 0.895022 0.50874317 0.51626897 0.68298006
0.97941184 0.23534843 0 0.7726547 0.903313 0.90766084 0.66504896 0.9073255 0.90498227 0.6795078 0.88682157 0.6244219 0.8874743 0.6631097 0.65660155 0.76042765 0.7620833 0.77209455 0.7723746 0.8989902 0.8983274 0.67975533 0.56711847 0.6807461 0.5046164 0.46827576 0.9006499 0.50598943 0.5142812 0.6937464
1.0409217 0.7734957 0.7726547 0 0.9673296 0.9440858 0.77153486 0.9059856 0.91711193 0.7681854 0.9263396 0.7693002 0.92017525 0.77884376 0.76485085 0.18506506 0.18570527 0.25743133 0.25686774 0.9150766 0.9123715 0.7690214 0.77489936 0.7690214 0.7623596 0.7830931 0.90498227 0.75002605 0.74921095 0.78736657
1.0072346 0.9297863 0.903313 0.9673296 0 0.18161736 0.95794547 0.9430302 0.946908 0.9568702 0.94514287 0.931862 0.9440858 0.9395222 0.92393637 0.94373375 0.94514287 0.95866317 0.9593815 0.9402225 0.94092345 0.96010065 0.927372 0.9626228 0.90398026 0.9063204 0.959741 0.9086678 0.9096761 0.9543672
1.001891 0.9335961 0.90766084 0.9440858 0.18161736 0 0.93151563 0.95508146 0.95151687 0.9346385 0.9476152 0.9225665 0.9583042 0.9405729 0.91949344 0.92359364 0.92462224 0.95294064 0.95080596 0.9543672 0.9572284 0.9395222 0.9353342 0.944438 0.91541547 0.9133848 0.95258445 0.9110226 0.9110226 0.94620144
0.99885464 0.65948707 0.66504896 0.77153486 0.95794547 0.93151563 0 0.91203403 0.908332 0.11602979 0.91439945 0.6520554 0.9059856 0.6740837 0.66480625 0.77546155 0.7734957 0.78994244 0.7913773 0.9013148 0.90264636 0.11895377 0.65110177 0.119657226 0.6568416 0.6643211 0.9019803 0.65852404 0.66456366 0.3133051
1.0270288 0.8999856 0.9073255 0.9059856 0.9430302 0.95508146 0.91203403 0 0.11684736 0.92462224 0.2424992 0.92119914 0.24111876 0.9006499 0.8848668 0.8979962 0.89469224 0.9184719 0.91439945 0.23919038 0.24042948 0.9222244 0.9205164 0.92393637 0.88780093 0.9123715 0.40975326 0.9167723 0.90164745 0.9465546
1.0215429 0.90164745 0.90498227 0.91711193 0.946908 0.95151687 0.908332 0.11684736 0 0.9184719 0.24180867 0.9086678 0.2420848 0.8963424 0.8790327 0.9069903 0.90231323 0.92017525 0.9160936 0.23822805 0.24001622 0.91983426 0.8979962 0.92085767 0.88780093 0.90264636 0.40923536 0.903313 0.8933747 0.931862
1.0080011 0.6745752 0.6795078 0.7681854 0.9568702 0.9346385 0.11602979 0.92462224 0.9184719 0 0.9259958 0.6662635 0.9123715 0.67629796 0.6669932 0.77715075 0.7765873 0.7822413 0.7825251 0.9100125 0.91203403 0.08829978 0.65660155 0.08841228 0.67040783 0.67580533 0.9106857 0.66796726 0.6767909 0.3213968
1.0164845 0.8979962 0.88682157 0.9263396 0.94514287 0.9476152 0.91439945 0.2424992 0.24180867 0.9259958 0 0.9133848 0.078687124 0.9133848 0.9036466 0.9053166 0.90164745 0.9259958 0.92119914 0.2451291 0.24651696 0.9297863 0.9013148 0.93116945 0.8754896 0.90264636 0.40889028 0.88780093 0.8963424 0.9405729
1.0195932 0.6364741 0.6244219 0.7693002 0.931862 0.9225665 0.6520554 0.92119914 0.9086678 0.6662635 0.9133848 0 0.9043141 0.6770375 0.66359407 0.7659607 0.76485085 0.7765873 0.7760242 0.9053166 0.903313 0.6672366 0.615281 0.6677236 0.6285719 0.6343742 0.90098226 0.61596274 0.620981 0.6602102
1.0130024 0.8897634 0.8874743 0.92017525 0.9440858 0.9583042 0.9059856 0.24111876 0.2420848 0.9123715 0.078687124 0.9043141 0 0.90231323 0.8884545 0.89667284 0.8923881 0.9256522 0.92085767 0.2427756 0.24374379 0.91813165 0.890091 0.92017525 0.8700467 0.9029796 0.41234812 0.8904187 0.8914027 0.9297863
1.0015109 0.671876 0.6631097 0.77884376 0.9395222 0.9405729 0.6740837 0.9006499 0.8963424 0.67629796 0.9133848 0.6770375 0.90231323 0 0.05625821 0.76790696 0.7729349 0.7882242 0.78708094 0.8979962 0.8956819 0.6844731 0.6623838 0.6827315 0.6578025 0.6686986 0.90398026 0.6508636 0.6599691 0.6733471
0.9872032 0.6626257 0.65660155 0.76485085 0.92393637 0.91949344 0.66480625 0.8848668 0.8790327 0.6669932 0.9036466 0.66359407 0.8884545 0.05625821 0 0.7532952 0.7590508 0.7701374 0.7709756 0.8832416 0.8812961 0.67654437 0.6558819 0.67432946 0.65253264 0.6640787 0.8920595 0.64045656 0.65253264 0.66286767
1.0211525 0.7565787 0.76042765 0.18506506 0.94373375 0.92359364 0.77546155 0.8979962 0.9069903 0.77715075 0.9053166 0.7659607 0.89667284 0.76790696 0.7532952 0 0.013419339 0.2585598 0.2571495 0.90231323 0.8999856 0.77940893 0.7676286 0.7774327 0.7519313 0.7729349 0.89667284 0.74541897 0.73923063 0.7845149
1.0223241 0.7585007 0.7620833 0.18570527 0.94514287 0.92462224 0.7734957 0.89469224 0.90231323 0.7765873 0.90164745 0.76485085 0.8923881 0.7729349 0.7590508 0.013419339 0 0.2585598 0.25700858 0.90031767 0.8979962 0.7774327 0.76374257 0.7757428 0.75138646 0.7723746 0.8956819 0.74541897 0.73923063 0.78508437
1.0242808 0.776869 0.77209455 0.25743133 0.95866317 0.95294064 0.78994244 0.9184719 0.92017525 0.7822413 0.9259958 0.7765873 0.9256522 0.7882242 0.7701374 0.2585598 0.2585598 0 0.011487528 0.9270277 0.9253087 0.776869 0.7802575 0.778279 0.77321523 0.7853693 0.90264636 0.7574018 0.756853 0.7842303
1.0234975 0.77771467 0.7723746 0.25686774 0.9593815 0.95080596 0.7913773 0.91439945 0.9160936 0.7825251 0.92119914 0.7760242 0.92085767 0.78708094 0.7709756 0.2571495 0.25700858 0.011487528 0 0.9225665 0.92085767 0.778279 0.7774327 0.7796917 0.77489936 0.7859394 0.90031767 0.7585007 0.75822586 0.7836615
1.0164845 0.90498227 0.8989902 0.9150766 0.9402225 0.9543672 0.9013148 0.23919038 0.23822805 0.9100125 0.2451291 0.9053166 0.2427756 0.8979962 0.8832416 0.90231323 0.90031767 0.9270277 0.9225665 0 0.008649687 0.9167723 0.8970035 0.9174517 0.8809723 0.8973342 0.405105 0.8983274 0.89865875 0.93324894
1.0176488 0.90398026 0.8983274 0.9123715 0.94092345 0.9572284 0.90264636 0.24042948 0.24001622 0.91203403 0.24651696 0.903313 0.24374379 0.8956819 0.8812961 0.8999856 0.8979962 0.9253087 0.92085767 0.008649687 0 0.9188122 0.89766514 0.91915274 0.8809723 0.89865875 0.40613547 0.8970035 0.9013148 0.9342909
0.9977191 0.6733471 0.67975533 0.7690214 0.96010065 0.9395222 0.11895377 0.9222244 0.91983426 0.08829978 0.9297863 0.6672366 0.91813165 0.6844731 0.67654437 0.77940893 0.7774327 0.776869 0.778279 0.9167723 0.9188122 0 0.65972805 0.008852034 0.6713863 0.67654437 0.91949344 0.6684547 0.66918653 0.31955704
1.0083846 0.5677578 0.56711847 0.77489936 0.927372 0.9353342 0.65110177 0.9205164 0.8979962 0.65660155 0.9013148 0.615281 0.890091 0.6623838 0.6558819 0.7676286 0.76374257 0.7802575 0.7774327 0.8970035 0.89766514 0.65972805 0 0.6602102 0.5707484 0.57289183 0.8963424 0.5529811 0.56541634 0.67629796
0.99999183 0.6740837 0.6807461 0.7690214 0.9626228 0.944438 0.119657226 0.92393637 0.92085767 0.08841228 0.93116945 0.6677236 0.92017525 0.6827315 0.67432946 0.7774327 0.7757428 0.778279 0.7796917 0.9174517 0.91915274 0.008852034 0.6602102 0 0.67285645 0.67580533 0.9225665 0.66918653 0.6731017 0.32124332
0.98348296 0.49643022 0.5046164 0.7623596 0.90398026 0.91541547 0.6568416 0.88780093 0.88780093 0.67040783 0.8754896 0.6285719 0.8700467 0.6578025 0.65253264 0.7519313 0.75138646 0.77321523 0.77489936 0.8809723 0.8809723 0.6713863 0.5707484 0.67285645 0 0.50168246 0.8983274 0.5001224 0.49740008 0.68049824
1.019204 0.47033232 0.46827576 0.7830931 0.9063204 0.9133848 0.6643211 0.9123715 0.90264636 0.67580533 0.90264636 0.6343742 0.9029796 0.6686986 0.6640787 0.7729349 0.7723746 0.7853693 0.7859394 0.8973342 0.89865875 0.67654437 0.57289183 0.67580533 0.50168246 0 0.8933747 0.5176636 0.5132893 0.69097745
1.0083846 0.895022 0.9006499 0.90498227 0.959741 0.95258445 0.9019803 0.40975326 0.40923536 0.9106857 0.40889028 0.90098226 0.41234812 0.90398026 0.8920595 0.89667284 0.8956819 0.90264636 0.90031767 0.405105 0.40613547 0.91949344 0.8963424 0.9225665 0.8983274 0.8933747 0 0.891731 0.9110226 0.9127091
0.99545324 0.50874317 0.50598943 0.75002605 0.9086678 0.9110226 0.65852404 0.9167723 0.903313 0.66796726 0.88780093 0.61596274 0.8904187 0.6508636 0.64045656 0.74541897 0.74541897 0.7574018 0.7585007 0.8983274 0.8970035 0.6684547 0.5529811 0.66918653 0.5001224 0.5176636 0.891731 0 0.38931137 0.67016345
0.9980974 0.51626897 0.5142812 0.74921095 0.9096761 0.9110226 0.66456366 0.90164745 0.8933747 0.6767909 0.8963424 0.620981 0.8914027 0.6599691 0.65253264 0.73923063 0.73923063 0.756853 0.75822586 0.89865875 0.9013148 0.66918653 0.56541634 0.6731017 0.49740008 0.5132893 0.9110226 0.38931137 0 0.67065233
1.0270288 0.68298006 0.6937464 0.78736657 0.9543672 0.94620144 0.3133051 0.9465546 0.931862 0.3213968 0.9405729 0.6602102 0.9297863 0.6733471 0.66286767 0.7845149 0.78508437 0.7842303 0.7836615 0.93324894 0.9342909 0.31955704 0.67629796 0.32124332 0.68049824 0.69097745 0.9127091 0.67016345 0.67065233 0
