0 0.8212641 1.0022715 0.83180004 0.6892207 0.69349426 0.8508351 0.85270303 0.99999183 0.83911127 0.84340924 1.0095364 0.9872032 0.8269652 0.8272665 1.0045581 1.0110749 1.0064689 1.0011308 0.6785187 0.67802465 1.0126165 1.0011308 1.0083846 0.99131685 1.0083846 0.68173814 0.8424862 0.8406434 0.8293787
0.8212641 0 0.9962078 0.16311966 0.8611671 0.86909026 0.72568804 0.7241107 1.0172604 0.3789641 0.37797028 1.002652 1.0195932 0.16860871 0.16698276 1.0041765 1.0110749 1.0231062 1.0266355 0.85520095 0.8517685 1.0103053 1.0286036 1.0068517 1.0103053 1.0207624 0.86749893 0.7275324 0.72384816 0.71835554
1.0022715 0.9962078 0 0.98237044 1.0172604 1.0172604 1.0034139 1.0095364 0.7607034 1.015322 1.0168724 0.7524766 0.7511142 0.98907024 0.98348296 0.76985824 0.7673504 0.76623845 0.7673504 0.98645765 0.98645765 0.16088566 0.76512814 0.16100961 0.73789203 0.74164605 1.0015109 1.0126165 0.98757625 0.9857129
0.83180004 0.16311966 0.98237044 0 0.85645306 0.8649598 0.72332335 0.72148925 1.0262426 0.3758215 0.37730846 1.0060863 1.0242808 0.130646 0.13100317 1.01146 1.0199828 1.0337447 1.0297868 0.85645306 0.85520095 0.99131685 1.0361294 0.9860852 1.018426 1.0149349 0.8621135 0.72253674 0.7191378 0.7170537
0.6892207 0.8611671 1.0172604 0.85645306 0 0.1266099 0.8461853 0.84711295 1.0297868 0.8530148 0.85520095 1.01069 1.0357314 0.86718106 0.8662283 1.0137748 1.0141612 1.0445362 1.0405211 0.417216 0.41547385 1.0095364 1.0137748 1.0072346 1.0087683 1.01069 0.18673073 0.8486616 0.84525883 0.84402525
0.69349426 0.86909026 1.0172604 0.8649598 0.1266099 0 0.85270303 0.8483516 1.0195932 0.86179787 0.8668633 1.0149349 1.025065 0.8684533 0.86718106 1.0133885 1.01146 1.0389212 1.0377234 0.4106172 0.4087178 1.0072346 1.0080011 1.0049399 1.0095364 1.0149349 0.1818722 0.85864925 0.8461853 0.84217876
0.8508351 0.72568804 1.0034139 0.72332335 0.8461853 0.85270303 0 0.11195528 0.9939465 0.70646286 0.71367943 0.9943229 1.0072346 0.72253674 0.7165336 1.0103053 1.0099207 0.99923354 1.0087683 0.8514572 0.8502134 1.0141612 1.0176488 1.0157093 1.0041765 1.0199828 0.84587634 0.17287792 0.42106307 0.42387336
0.85270303 0.7241107 1.0095364 0.72148925 0.84711295 0.8483516 0.11195528 0 0.9939465 0.7087749 0.7165336 1.0015109 1.0041765 0.72044325 0.71032023 1.01146 1.0080011 1.0045581 1.0095364 0.84587634 0.84495026 1.0215429 1.0238891 1.0223241 1.019204 1.0223241 0.8375822 0.16898443 0.41234812 0.4161702
0.99999183 1.0172604 0.7607034 1.0262426 1.0297868 1.0195932 0.9939465 0.9939465 0 1.0034139 1.019204 0.3749967 0.09644342 1.019204 1.0126165 0.38595793 0.38178706 0.10169299 0.10283908 1.0099207 1.01069 0.7543881 0.3816207 0.75603044 0.7532952 0.74030316 1.0049399 0.9860852 0.9969631 0.99885464
0.83911127 0.3789641 1.015322 0.3758215 0.8530148 0.86179787 0.70646286 0.7087749 1.0034139 0 0.099520236 0.98869646 0.99847597 0.37697777 0.37483186 0.9939465 1.0022715 1.0037951 1.0103053 0.84402525 0.84279376 1.0164845 1.0049399 1.0126165 0.99961257 1.0099207 0.85645306 0.7139384 0.7113522 0.7098048
0.84340924 0.37797028 1.0168724 0.37730846 0.85520095 0.8668633 0.71367943 0.7165336 1.019204 0.099520236 0 0.9860852 1.0110749 0.37979326 0.37730846 0.99545324 0.99961257 1.0211525 1.0254573 0.84928197 0.8489717 1.018426 1.0049399 1.0133885 1.0099207 1.0091523 0.8611671 0.7186162 0.71783453 0.7209661
1.0095364 1.002652 0.7524766 1.0060863 1.01069 1.0149349 0.9943229 1.0015109 0.3749967 0.98869646 0.9860852 0 0.36843067 0.9977191 0.99357027 0.3821199 0.38462073 0.37846702 0.37879837 0.9860852 0.98794943 0.75384146 0.37450224 0.7527494 0.7618071 0.7389627 0.9924427 0.99999183 0.99056727 0.9860852
0.9872032 1.0195932 0.7511142 1.0242808 1.0357314 1.025065 1.0072346 1.0041765 0.09644342 0.99847597 1.0110749 0.36843067 0 1.0110749 1.0064689 0.3816207 0.38112187 0.07779916 0.078687124 1.0083846 1.0091523 0.74921095 0.38078952 0.7502979 0.74921095 0.7427221 1.0083846 1.0022715 1.0041765 1.0076177
0.8269652 0.16860871 0.98907024 0.130646 0.86718106 0.8684533 0.72253674 0.72044325 1.019204 0.37697777 0.37979326 0.9977191 1.0110749 0 0.07525209 0.98907024 1.0003713 1.0199828 1.0242808 0.8468036 0.84711295 1.000751 1.0195932 0.9969631 1.000751 1.0037951 0.8605368 0.72122765 0.71238565 0.7085177
0.8272665 0.16698276 0.98348296 0.13100317 0.8662283 0.86718106 0.7165336 0.71032023 1.0126165 0.37483186 0.37730846 0.99357027 1.0064689 0.07525209 0 0.99357027 1.0011308 1.0188149 1.0207624 0.84433347 0.8446418 0.99658537 1.0282096 0.99281836 0.99847597 1.0015109 0.86179787 0.71627367 0.7126442 0.71212715
1.0045581 1.0041765 0.76985824 1.01146 1.0137748 1.0133885 1.0103053 1.01146 0.38595793 0.9939465 0.99545324 0.3821199 0.3816207 0.98907024 0.99357027 0 0.057013113 0.38914335 0.39166775 0.99357027 0.9950763 0.77405685 0.35739866 0.7737762 0.76651627 0.7557565 0.99357027 1.014548 0.9845971 0.98832285
1.0110749 1.0110749 0.7673504 1.0199828 1.0141612 1.01146 1.0099207 1.0080011 0.38178706 1.0022715 0.99961257 0.38462073 0.38112187 1.0003713 1.0011308 0.057013113 0 0.3866274 0.3898157 0.9857129 0.98683035 0.7706961 0.35595062 0.76985824 0.76346576 0.75138646 0.9950763 1.0103053 0.98907024 0.9842255
1.0064689 1.0231062 0.76623845 1.0337447 1.0445362 1.0389212 0.99923354 1.0045581 0.10169299 1.0037951 1.0211525 0.37846702 0.07779916 1.0199828 1.0188149 0.38914335 0.3866274 0 0.0489641 1.0195932 1.0207624 0.762636 0.38746512 0.76485085 0.7629125 0.75466156 1.0211525 1.0060863 1.014548 1.0076177
1.0011308 1.0266355 0.7673504 1.0297868 1.0405211 1.0377234 1.0087683 1.0095364 0.10283908 1.0103053 1.0254573 0.37879837 0.078687124 1.0242808 1.0207624 0.39166775 0.3898157 0.0489641 0 1.0195932 1.019204 0.762636 0.38964754 0.76485085 0.7598766 0.74650043 1.0137748 1.0083846 1.0095364 1.0110749
0.6785187 0.85520095 0.98645765 0.85645306 0.417216 0.4106172 0.8514572 0.84587634 1.0099207 0.84402525 0.84928197 0.9860852 1.0083846 0.8468036 0.84433347 0.99357027 0.9857129 1.0195932 1.0195932 0 0.014234225 0.98645765 0.982 0.9842255 0.98757625 1.0011308 0.40733945 0.8486616 0.8461853 0.83972377
0.67802465 0.8517685 0.98645765 0.85520095 0.41547385 0.4087178 0.8502134 0.84495026 1.01069 0.84279376 0.8489717 0.98794943 1.0091523 0.84711295 0.8446418 0.9950763 0.98683035 1.0207624 1.019204 0.014234225 0 0.98907024 0.9853408 0.9872032 0.990942 0.99923354 0.40665123 0.8474224 0.8468036 0.84095025
1.0126165 1.0103053 0.16088566 0.99131685 1.0095364 1.0072346 1.0141612 1.0215429 0.7543881 1.0164845 1.018426 0.75384146 0.74921095 1.000751 0.99658537 0.77405685 0.7706961 0.762636 0.762636 0.98645765 0.98907024 0 0.7659607 0.007234783 0.7222747 0.7362889 1.0003713 1.0122308 1.005704 1.001891
1.0011308 1.0286036 0.76512814 1.0361294 1.0137748 1.0080011 1.0176488 1.0238891 0.3816207 1.0049399 1.0049399 0.37450224 0.38078952 1.0195932 1.0282096 0.35739866 0.35595062 0.38746512 0.38964754 0.982 0.9853408 0.7659607 0 0.76540554 0.7737762 0.75493515 0.98683035 1.0099207 0.9977191 0.9962078
1.0083846 1.0068517 0.16100961 0.9860852 1.0072346 1.0049399 1.0157093 1.0223241 0.75603044 1.0126165 1.0133885 0.7527494 0.7502979 0.9969631 0.99281836 0.7737762 0.76985824 0.76485085 0.76485085 0.9842255 0.9872032 0.007234783 0.76540554 0 0.72044325 0.7368229 0.99999183 1.0137748 1.0037951 1.0011308
0.99131685 1.0103053 0.73789203 1.018426 1.0087683 1.0095364 1.0041765 1.019204 0.7532952 0.99961257 1.0099207 0.7618071 0.74921095 1.000751 0.99847597 0.76651627 0.76346576 0.7629125 0.7598766 0.98757625 0.990942 0.7222747 0.7737762 0.72044325 0 0.28367934 1.0022715 1.0270288 1.01146 1.0137748
1.0083846 1.0207624 0.74164605 1.0149349 1.01069 1.0149349 1.0199828 1.0223241 0.74030316 1.0099207 1.0091523 0.7389627 0.7427221 1.0037951 1.0015109 0.7557565 0.75138646 0.75466156 0.74650043 1.0011308 0.99923354 0.7362889 0.75493515 0.7368229 0.28367934 0 0.9977191 1.0289978 1.0262426 1.0270288
0.68173814 0.86749893 1.0015109 0.8621135 0.18673073 0.1818722 0.84587634 0.8375822 1.0049399 0.85645306 0.8611671 0.9924427 1.0083846 0.8605368 0.86179787 0.99357027 0.9950763 1.0211525 1.0137748 0.40733945 0.40665123 1.0003713 0.98683035 0.99999183 1.0022715 0.9977191 0 0.8555138 0.8495923 0.84649444
0.8424862 0.7275324 1.0126165 0.72253674 0.8486616 0.85864925 0.17287792 0.16898443 0.9860852 0.7139384 0.7186162 0.99999183 1.0022715 0.72122765 0.71627367 1.014548 1.0103053 1.0060863 1.0083846 0.8486616 0.8474224 1.0122308 1.0099207 1.0137748 1.0270288 1.0289978 0.8555138 0 0.4242254 0.42528248
0.8406434 0.72384816 0.98757625 0.7191378 0.84525883 0.8461853 0.42106307 0.41234812 0.9969631 0.7113522 0.71783453 0.99056727 1.0041765 0.71238565 0.7126442 0.9845971 0.98907024 1.014548 1.0095364 0.8461853 0.8468036 1.005704 0.9977191 1.0037951 1.01146 1.0262426 0.8495923 0.4242254 0 0.16660804
0.8293787 0.71835554 0.9857129 0.7170537 0.84402525 0.84217876 0.42387336 0.4161702 0.99885464 0.7098048 0.7209661 0.9860852 1.0076177 0.7085177 0.71212715 0.98832285 0.9842255 1.0076177 1.0110749 0.83972377 0.84095025 1.001891 0.9962078 1.0011308 1.0137748 1.0270288 0.84649444 0.42528248 0.16660804 0
