0 0.93255514 0.9232511 0.9184719 0.94867724 0.95151687 0.5450797 0.89601207 0.89601207 0.91439945 0.5544457 0.5331779 0.55006033 0.91541547 0.9160936 0.91575444 0.91169673 0.9063204 0.90031767 0.9669665 0.96226203 0.90799636 0.94162506 0.9096761 0.94232726 0.9958304 1.01146 0.94127417 0.90766084 0.9536536
0.93255514 0 0.8079317 0.8263631 0.44060004 0.4480142 0.91575444 0.9063204 0.92154074 0.9184719 0.9174517 0.92119914 0.91915274 0.9536536 0.9465546 0.92393637 0.9137229 0.9342909 0.9322085 0.22111394 0.22004041 0.9253087 0.79656565 0.9270277 0.3812881 0.9775687 0.9853408 0.44475016 0.91711193 0.45111
0.9232511 0.8079317 0 0.20267637 0.80646485 0.8047084 0.8937039 0.936379 0.9391723 0.946908 0.8973342 0.89469224 0.90164745 0.93151563 0.936379 0.9511613 0.94127417 0.9497408 0.94549555 0.8111689 0.81234956 0.9388226 0.44565544 0.94514287 0.7853693 0.9894442 0.9853408 0.8017901 0.9430302 0.8102846
0.9184719 0.8263631 0.20267637 0 0.84402525 0.84433347 0.89865875 0.9458484 0.94479036 0.94514287 0.910349 0.9019803 0.91779155 0.95508146 0.95794547 0.94514287 0.94514287 0.9651536 0.9590223 0.82998335 0.83028585 0.95794547 0.45330298 0.96406794 0.8161995 0.99999183 0.9924427 0.8242593 0.9493862 0.8437172
0.94867724 0.44060004 0.80646485 0.84402525 0 0.16585916 0.9301319 0.94267863 0.9583042 0.9339434 0.9395222 0.9440858 0.9388226 0.94232726 0.9465546 0.93812364 0.9402225 0.96334505 0.9568702 0.44294295 0.44150028 0.95472425 0.82156307 0.96010065 0.4471061 0.9651536 0.97573 0.3238568 0.936379 0.2341177
0.95151687 0.4480142 0.8047084 0.84433347 0.16585916 0 0.9297863 0.9430302 0.9583042 0.94162506 0.944438 0.9388226 0.93812364 0.9479691 0.946908 0.9395222 0.94127417 0.9557965 0.9493862 0.4489234 0.44511214 0.9465546 0.8263631 0.9500957 0.4474692 0.9698763 0.98907024 0.33144122 0.9388226 0.23534843
0.5450797 0.91575444 0.8937039 0.89865875 0.9301319 0.9297863 0 0.8694089 0.86274505 0.8812961 0.15631437 0.537875 0.15631437 0.91541547 0.9160936 0.8933747 0.88910866 0.87806475 0.87484723 0.91949344 0.91779155 0.8722831 0.9123715 0.87581104 0.9113596 1.000751 0.99056727 0.9256522 0.8832416 0.91813165
0.89601207 0.9063204 0.936379 0.9458484 0.94267863 0.9430302 0.8694089 0 0.13362764 0.42299402 0.87806475 0.86591095 0.88064873 0.9229087 0.9150766 0.42810866 0.43112323 0.16961105 0.17061472 0.9256522 0.9225665 0.16673292 0.94092345 0.16673292 0.9160936 0.9962078 1.0049399 0.9256522 0.2739625 0.92393637
0.89601207 0.92154074 0.9391723 0.94479036 0.9583042 0.9583042 0.86274505 0.13362764 0 0.4270476 0.87100434 0.86148244 0.8722831 0.9229087 0.9127091 0.43094555 0.43041283 0.173886 0.17439054 0.9419761 0.93812364 0.17287792 0.9430302 0.17250025 0.92462224 1.0049399 1.0130024 0.9339434 0.28018418 0.9353342
0.91439945 0.9184719 0.946908 0.94514287 0.9339434 0.94162506 0.8812961 0.42299402 0.4270476 0 0.88616943 0.8787099 0.8956819 0.9229087 0.910349 0.09089162 0.09269994 0.42828566 0.43059036 0.9342909 0.9360306 0.4371889 0.9691478 0.43593606 0.9270277 1.0266355 1.015322 0.9205164 0.4297031 0.9184719
0.5544457 0.9174517 0.8973342 0.910349 0.9395222 0.944438 0.15631437 0.87806475 0.87100434 0.88616943 0 0.54652894 0.09010185 0.927372 0.9297863 0.8989902 0.8933747 0.88226825 0.87967867 0.928061 0.9229087 0.8871479 0.9301319 0.8904187 0.9339434 1.0034139 1.000751 0.92840576 0.8963424 0.9322085
0.5331779 0.92119914 0.89469224 0.9019803 0.9440858 0.9388226 0.537875 0.86591095 0.86148244 0.8787099 0.54652894 0 0.5352165 0.9053166 0.9113596 0.8800019 0.8803252 0.8812961 0.8751683 0.931862 0.9225665 0.8793556 0.9253087 0.8812961 0.9253087 1.001891 0.99169195 0.93082345 0.8842163 0.929441
0.55006033 0.91915274 0.90164745 0.91779155 0.9388226 0.93812364 0.15631437 0.88064873 0.8722831 0.8956819 0.09010185 0.5352165 0 0.91813165 0.92771643 0.90231323 0.8989902 0.8851922 0.8842163 0.92393637 0.92085767 0.88454145 0.91915274 0.8887815 0.9322085 1.0030329 1.0011308 0.93116945 0.8943626 0.9249654
0.91541547 0.9536536 0.93151563 0.95508146 0.94232726 0.9479691 0.91541547 0.9229087 0.9229087 0.9229087 0.927372 0.9053166 0.91813165 0 0.078687124 0.9229087 0.91915274 0.9229087 0.92017525 0.95794547 0.9504507 0.93672764 0.9511613 0.93847305 0.9738958 1.0110749 1.0325551 0.9479691 0.9518725 0.93116945
0.9160936 0.9465546 0.936379 0.95794547 0.9465546 0.946908 0.9160936 0.9150766 0.9127091 0.910349 0.9297863 0.9113596 0.92771643 0.078687124 0 0.9133848 0.90665525 0.91983426 0.9184719 0.9518725 0.9430302 0.92154074 0.95472425 0.92393637 0.96479154 1.014548 1.0373245 0.9370764 0.93672764 0.93082345
0.91575444 0.92393637 0.9511613 0.94514287 0.93812364 0.9395222 0.8933747 0.42810866 0.43094555 0.09089162 0.8989902 0.8800019 0.90231323 0.9229087 0.9133848 0 0.05046004 0.4336149 0.4361149 0.931862 0.9342909 0.43952116 0.9695119 0.4362938 0.927372 1.0361294 1.0227151 0.927372 0.42881688 0.92119914
0.91169673 0.9137229 0.94127417 0.94514287 0.9402225 0.94127417 0.88910866 0.43112323 0.43041283 0.09269994 0.8933747 0.8803252 0.8989902 0.91915274 0.90665525 0.05046004 0 0.43290216 0.43539977 0.9322085 0.9322085 0.43916187 0.96769285 0.4361149 0.9266836 1.032159 1.0180373 0.9259958 0.43076792 0.9222244
0.9063204 0.9342909 0.9497408 0.9651536 0.96334505 0.9557965 0.87806475 0.16961105 0.173886 0.42828566 0.88226825 0.8812961 0.8851922 0.9229087 0.91983426 0.4336149 0.43290216 0 0.033120673 0.94373375 0.9405729 0.1807261 0.9575869 0.18161736 0.9395222 0.99169195 1.0122308 0.95151687 0.27800795 0.9476152
0.90031767 0.9322085 0.94549555 0.9590223 0.9568702 0.9493862 0.87484723 0.17061472 0.17439054 0.43059036 0.87967867 0.8751683 0.8842163 0.92017525 0.9184719 0.4361149 0.43539977 0.033120673 0 0.9402225 0.93777436 0.18110794 0.95294064 0.18161736 0.9353342 0.99658537 1.0130024 0.9483231 0.27931294 0.9433819
0.9669665 0.22111394 0.8111689 0.82998335 0.44294295 0.4489234 0.91949344 0.9256522 0.9419761 0.9342909 0.928061 0.931862 0.92393637 0.95794547 0.9518725 0.931862 0.9322085 0.94373375 0.9402225 0 0.020374252 0.93777436 0.8194727 0.936379 0.39082533 0.9894442 0.9838541 0.44837776 0.93777436 0.4489234
0.96226203 0.22004041 0.81234956 0.83028585 0.44150028 0.44511214 0.91779155 0.9225665 0.93812364 0.9360306 0.9229087 0.9225665 0.92085767 0.9504507 0.9430302 0.9342909 0.9322085 0.9405729 0.93777436 0.020374252 0 0.931862 0.8188765 0.93082345 0.3911622 0.98348296 0.98051995 0.44965157 0.93672764 0.45019814
0.90799636 0.9253087 0.9388226 0.95794547 0.95472425 0.9465546 0.8722831 0.16673292 0.17287792 0.4371889 0.8871479 0.8793556 0.88454145 0.93672764 0.92154074 0.43952116 0.43916187 0.1807261 0.18110794 0.93777436 0.931862 0 0.94267863 0.013622978 0.93116945 0.9962078 1.0049399 0.94549555 0.28455567 0.9395222
0.94162506 0.79656565 0.44565544 0.45330298 0.82156307 0.8263631 0.9123715 0.94092345 0.9430302 0.9691478 0.9301319 0.9253087 0.91915274 0.9511613 0.95472425 0.9695119 0.96769285 0.9575869 0.95294064 0.8194727 0.8188765 0.94267863 0 0.9479691 0.80705124 1.0168724 1.0095364 0.8094014 0.94479036 0.8354467
0.9096761 0.9270277 0.94514287 0.96406794 0.96010065 0.9500957 0.87581104 0.16673292 0.17250025 0.43593606 0.8904187 0.8812961 0.8887815 0.93847305 0.92393637 0.4362938 0.4361149 0.18161736 0.18161736 0.936379 0.93082345 0.013622978 0.9479691 0 0.9297863 0.9943229 1.0068517 0.9472615 0.28338745 0.94267863
0.94232726 0.3812881 0.7853693 0.8161995 0.4471061 0.4474692 0.9113596 0.9160936 0.92462224 0.9270277 0.9339434 0.9253087 0.9322085 0.9738958 0.96479154 0.927372 0.9266836 0.9395222 0.9353342 0.39082533 0.3911622 0.93116945 0.80705124 0.9297863 0 0.9950763 1.0041765 0.45918247 0.90933985 0.4555024
0.9958304 0.9775687 0.9894442 0.99999183 0.9651536 0.9698763 1.000751 0.9962078 1.0049399 1.0266355 1.0034139 1.001891 1.0030329 1.0110749 1.014548 1.0361294 1.032159 0.99169195 0.99658537 0.9894442 0.98348296 0.9962078 1.0168724 0.9943229 0.9950763 0 0.3856234 0.9713354 1.000751 0.9764649
1.01146 0.9853408 0.9853408 0.9924427 0.97573 0.98907024 0.99056727 1.0049399 1.0130024 1.015322 1.000751 0.99169195 1.0011308 1.0325551 1.0373245 1.0227151 1.0180373 1.0122308 1.0130024 0.9838541 0.98051995 1.0049399 1.0095364 1.0068517 1.0041765 0.3856234 0 0.97720057 1.0172604 0.9845971
0.94127417 0.44475016 0.8017901 0.8242593 0.3238568 0.33144122 0.9256522 0.9256522 0.9339434 0.9205164 0.92840576 0.93082345 0.93116945 0.9479691 0.9370764 0.927372 0.9259958 0.95151687 0.9483231 0.44837776 0.44965157 0.94549555 0.8094014 0.9472615 0.45918247 0.9713354 0.97720057 0 0.92840576 0.33035305
0.90766084 0.91711193 0.9430302 0.9493862 0.936379 0.9388226 0.8832416 0.2739625 0.28018418 0.4297031 0.8963424 0.8842163 0.8943626 0.9518725 0.93672764 0.42881688 0.43076792 0.27800795 0.27931294 0.93777436 0.93672764 0.28455567 0.94479036 0.28338745 0.90933985 1.000751 1.0172604 0.92840576 0 0.932902
0.9536536 0.45111 0.8102846 0.8437172 0.2341177 0.23534843 0.91813165 0.92393637 0.9353342 0.9184719 0.9322085 0.929441 0.9249654 0.93116945 0.93082345 0.92119914 0.9222244 0.9476152 0.9433819 0.4489234 0.45019814 0.9395222 0.8354467 0.94267863 0.4555024 0.9764649 0.9845971 0.33035305 0.932902 0
