0 0.97305397327 0.90831343327 0.89009659327 0.89964668327 0.99155520327 0.96795443327 0.95714210327 0.97378533327 0.97929333327 1.00097976327 0.98261763327 1.00060050327 0.64474023327 0.64592073327 0.91302196327 0.91945983327 1.01090863327 1.01708463327 0.97892483327 0.98632873327 0.95714210327 0.99757330327 0.95606939327 0.61854373327 0.97049983327 0.71700178327 0.71648238327 0.70950563327 0.99568743327
0.97305397327 0 1.02998573327 1.02214043327 1.01437643327 0.75701837327 0.75128583327 0.74236523327 0.74667713327 0.75019888327 0.73754383327 0.76556156327 0.73861253327 1.01244793327 1.01786033327 1.01090863327 1.01129323327 0.66168063327 0.66530903327 0.75128583327 0.75401018327 0.74263398327 0.76114003327 0.74236523327 0.98447089327 0.75319183327 0.98781828327 1.01980283327 0.96216843327 0.31748873327
0.90831343327 1.02998573327 0 0.30718973327 0.62495009327 1.01283313327 1.02097073327 1.01786033327 0.99493443327 0.98781828327 1.03038013327 1.02058113327 1.03275113327 0.95250480327 0.94331519327 0.62357269327 0.62380213327 1.03831243327 1.03791393327 0.99380629327 1.00135923327 1.00325943327 0.99870703327 1.00363993327 0.91640340327 1.00707423327 0.92116318327 0.92116318327 0.89173453327 1.03871133327
0.89009659327 1.02214043327 0.30718973327 0 0.61740543327 0.99606423327 1.00669193327 1.00249883327 0.97892483327 0.98595677327 1.01052433327 1.00898903327 1.01437643327 0.93042893327 0.92561017327 0.61377458327 0.61490737327 1.02998573327 1.03314693327 0.99005817327 0.99418213327 1.00402083327 1.01786033327 1.00440183327 0.88846223327 0.99984257327 0.91980013327 0.91167363327 0.89403359327 1.03552663327
0.89964668327 1.01437643327 0.62495009327 0.61740543327 0 1.00402083327 1.02998573327 1.02998573327 0.99267988327 0.99380629327 1.01514913327 1.00325943327 1.02841013327 0.93876229327 0.93597423327 0.28495927327 0.28656731327 1.03235533327 1.03235533327 0.99267988327 0.99757330327 1.01980283327 1.01786033327 1.01941393327 0.89568017327 0.97929333327 0.91066403327 0.90730833327 0.88780950327 1.03235533327
0.99155520327 0.75701837327 1.01283313327 0.99606423327 1.00402083327 0 0.71674203327 0.71259837327 0.18592502327 0.18925950327 0.71648238327 0.76390043327 0.70847748327 0.99305523327 0.98856418327 0.99984257327 1.00822253327 0.77729363327 0.78408103327 0.18643705327 0.18964520327 0.72169253327 0.77588729327 0.72169253327 0.99455820327 0.43228883327 0.99043213327 0.98187763327 0.98558503327 0.76473050327
0.96795443327 0.75128583327 1.02097073327 1.00669193327 1.02998573327 0.71674203327 0 0.16759597327 0.70284803327 0.71856213327 0.35165290327 0.78039686327 0.35421099327 1.03552663327 1.02292123327 1.01399033327 1.02214043327 0.76528446327 0.76611607327 0.70822073327 0.70950563327 0.30523677327 0.78152853327 0.30508677327 0.99155520327 0.71856213327 0.99795103327 0.99984257327 0.99043213327 0.77644948327
0.95714210327 0.74236523327 1.01786033327 1.00249883327 1.02998573327 0.71259837327 0.16759597327 0 0.69196538327 0.70412373327 0.35085527327 0.77140467327 0.35533293327 1.00937253327 1.00097976327 1.00937253327 1.01630993327 0.77196353327 0.77112533327 0.69903378327 0.70310293327 0.30313928327 0.76417703327 0.30313928327 0.97195833327 0.70540158327 0.99380629327 0.99418213327 0.98187763327 0.76945190327
0.97378533327 0.74667713327 0.99493443327 0.97892483327 0.99267988327 0.18592502327 0.70284803327 0.69196538327 0 0.08011944327 0.69322273327 0.74075463327 0.69071017327 0.97598366327 0.97305397327 0.99343063327 0.99946390327 0.76224293327 0.76945190327 0.07934194927 0.08145415927 0.69928743327 0.75701837327 0.69903378327 0.98372903327 0.43069103327 0.96977173327 0.96614153327 0.96614153327 0.74830053327
0.97929333327 0.75019888327 0.98781828327 0.98595677327 0.99380629327 0.18925950327 0.71856213327 0.70412373327 0.08011944327 0 0.70284803327 0.74451808327 0.70030303327 0.98447089327 0.98113833327 0.99719573327 1.00478303327 0.77336253327 0.77983169327 0.07989721827 0.08167684327 0.71752153327 0.77056713327 0.71726160327 0.99606423327 0.43585180327 0.97415130327 0.96324996327 0.97268860327 0.75482939327
1.00097976327 0.73754383327 1.03038013327 1.01052433327 1.01514913327 0.71648238327 0.35165290327 0.35085527327 0.69322273327 0.70284803327 0 0.76667103327 0.07084233327 1.04070873327 1.03433593327 0.98893736327 0.99832897327 0.77336253327 0.77336253327 0.69221668327 0.69549123327 0.33523465327 0.76141558327 0.33492243327 1.00249883327 0.71700178327 0.99380629327 1.00516443327 0.99267988327 0.75811527327
0.98261763327 0.76556156327 1.02058113327 1.00898903327 1.00325943327 0.76390043327 0.78039686327 0.77140467327 0.74075463327 0.74451808327 0.76667103327 0 0.76722638327 0.99230478327 0.98632873327 0.98558503327 0.98781828327 0.78408103327 0.78181170327 0.74640690327 0.74911353327 0.77392283327 0.57130833327 0.77336253327 0.98707313327 0.73968283327 0.99795103327 0.98595677327 1.00249883327 0.76114003327
1.00060050327 0.73861253327 1.03275113327 1.01437643327 1.02841013327 0.70847748327 0.35421099327 0.35533293327 0.69071017327 0.70030303327 0.07084233327 0.76722638327 0 1.03990913327 1.02998573327 1.00669193327 1.02019193327 0.77983169327 0.77813868327 0.69146303327 0.69372623327 0.33805068327 0.76473050327 0.33805068327 0.99531083327 0.71466736327 0.99908533327 1.00097976327 0.98595677327 0.75428313327
0.64474023327 1.01244793327 0.95250480327 0.93042893327 0.93876229327 0.99305523327 1.03552663327 1.00937253327 0.97598366327 0.98447089327 1.04070873327 0.99230478327 1.03990913327 0 0.07172094327 0.94966517327 0.94824943327 1.03235533327 1.03632153327 0.98632873327 0.99493443327 1.02058113327 1.00975623327 1.01980283327 0.49374403327 0.98261763327 0.72772933327 0.73408083327 0.73169273327 1.01747243327
0.64592073327 1.01786033327 0.94331519327 0.92561017327 0.93597423327 0.98856418327 1.02292123327 1.00097976327 0.97305397327 0.98113833327 1.03433593327 0.98632873327 1.02998573327 0.07172094327 0 0.94156083327 0.94016023327 1.03314693327 1.03671933327 0.97488373327 0.98409983327 1.00860563327 1.01321873327 1.00783963327 0.49316553327 0.97378533327 0.72984050327 0.73301853327 0.72984050327 1.02487703327
0.91302196327 1.01090863327 0.62357269327 0.61377458327 0.28495927327 0.99984257327 1.01399033327 1.00937253327 0.99343063327 0.99719573327 0.98893736327 0.98558503327 1.00669193327 0.94966517327 0.94156083327 0 0.05305408327 1.02998573327 1.03156463327 0.99644117327 1.00249883327 1.01786033327 0.99118063327 1.01669723327 0.91538738327 0.97268860327 0.90563603327 0.90831343327 0.89075133327 1.03116953327
0.91945983327 1.01129323327 0.62380213327 0.61490737327 0.28656731327 1.00822253327 1.02214043327 1.01630993327 0.99946390327 1.00478303327 0.99832897327 0.98781828327 1.02019193327 0.94824943327 0.94016023327 0.05305408327 0 1.02526873327 1.02605293327 1.00022147327 1.00669193327 1.01941393327 0.99267988327 1.01824833327 0.90396753327 0.99043213327 0.90730833327 0.90898429327 0.88715736327 1.03552663327
1.01090863327 0.66168063327 1.03831243327 1.02998573327 1.03235533327 0.77729363327 0.76528446327 0.77196353327 0.76224293327 0.77336253327 0.77336253327 0.78408103327 0.77983169327 1.03235533327 1.03314693327 1.02998573327 1.02526873327 0 0.02167050827 0.76086453327 0.76169133327 0.77983169327 0.78864033327 0.77954928327 1.00211873327 0.76611607327 1.01321873327 1.01980283327 1.00783963327 0.66798113327
1.01708463327 0.66530903327 1.03791393327 1.03314693327 1.03235533327 0.78408103327 0.76611607327 0.77112533327 0.76945190327 0.77983169327 0.77336253327 0.78181170327 0.77813868327 1.03632153327 1.03671933327 1.03156463327 1.02605293327 0.02167050827 0 0.76833833327 0.76945190327 0.77983169327 0.78949823327 0.77954928327 1.00898903327 0.77056713327 1.01824833327 1.02526873327 1.01167793327 0.66798113327
0.97892483327 0.75128583327 0.99380629327 0.99005817327 0.99267988327 0.18643705327 0.70822073327 0.69903378327 0.07934194927 0.07989721827 0.69221668327 0.74640690327 0.69146303327 0.98632873327 0.97488373327 0.99644117327 1.00022147327 0.76086453327 0.76833833327 0 0.01379668927 0.70668173327 0.77000933327 0.70642547327 0.99043213327 0.43710283327 0.97305397327 0.96324996327 0.97049983327 0.75210213327
0.98632873327 0.75401018327 1.00135923327 0.99418213327 0.99757330327 0.18964520327 0.70950563327 0.70310293327 0.08145415927 0.08167684327 0.69549123327 0.74911353327 0.69372623327 0.99493443327 0.98409983327 1.00249883327 1.00669193327 0.76169133327 0.76945190327 0.01379668927 0 0.70873438327 0.77112533327 0.70847748327 0.99757330327 0.43781866327 0.97195833327 0.96722873327 0.97488373327 0.75482939327
0.95714210327 0.74263398327 1.00325943327 1.00402083327 1.01980283327 0.72169253327 0.30523677327 0.30313928327 0.69928743327 0.71752153327 0.33523465327 0.77392283327 0.33805068327 1.02058113327 1.00860563327 1.01786033327 1.01941393327 0.77983169327 0.77983169327 0.70668173327 0.70873438327 0 0.75319183327 0.00148810000000002 0.96036943327 0.70565747327 0.99795103327 0.98261763327 0.98707313327 0.76556156327
0.99757330327 0.76114003327 0.99870703327 1.01786033327 1.01786033327 0.77588729327 0.78152853327 0.76417703327 0.75701837327 0.77056713327 0.76141558327 0.57130833327 0.76473050327 1.00975623327 1.01321873327 0.99118063327 0.99267988327 0.78864033327 0.78949823327 0.77000933327 0.77112533327 0.75319183327 0 0.75237439327 1.00363993327 0.75921379327 0.98409983327 1.01747243327 1.00630983327 0.76445369327
0.95606939327 0.74236523327 1.00363993327 1.00440183327 1.01941393327 0.72169253327 0.30508677327 0.30313928327 0.69903378327 0.71726160327 0.33492243327 0.77336253327 0.33805068327 1.01980283327 1.00783963327 1.01669723327 1.01824833327 0.77954928327 0.77954928327 0.70642547327 0.70847748327 0.00148810000000002 0.75237439327 0 0.96036943327 0.70591343327 0.99681833327 0.98150788327 0.98558503327 0.76556156327
0.61854373327 0.98447089327 0.91640340327 0.88846223327 0.89568017327 0.99455820327 0.99155520327 0.97195833327 0.98372903327 0.99606423327 1.00249883327 0.98707313327 0.99531083327 0.49374403327 0.49316553327 0.91538738327 0.90396753327 1.00211873327 1.00898903327 0.99043213327 0.99757330327 0.96036943327 1.00363993327 0.96036943327 0 0.98595677327 0.70463459327 0.70055710327 0.68770613327 0.99192993327
0.97049983327 0.75319183327 1.00707423327 0.99984257327 0.97929333327 0.43228883327 0.71856213327 0.70540158327 0.43069103327 0.43585180327 0.71700178327 0.73968283327 0.71466736327 0.98261763327 0.97378533327 0.97268860327 0.99043213327 0.76611607327 0.77056713327 0.43710283327 0.43781866327 0.70565747327 0.75921379327 0.70591343327 0.98595677327 0 0.97855663327 0.96868078327 0.99343063327 0.75264679327
0.71700178327 0.98781828327 0.92116318327 0.91980013327 0.91066403327 0.99043213327 0.99795103327 0.99380629327 0.96977173327 0.97415130327 0.99380629327 0.99795103327 0.99908533327 0.72772933327 0.72984050327 0.90563603327 0.90730833327 1.01321873327 1.01824833327 0.97305397327 0.97195833327 0.99795103327 0.98409983327 0.99681833327 0.70463459327 0.97855663327 0 0.38527473327 0.37450225327 1.01592283327
0.71648238327 1.01980283327 0.92116318327 0.91167363327 0.90730833327 0.98187763327 0.99984257327 0.99418213327 0.96614153327 0.96324996327 1.00516443327 0.98595677327 1.00097976327 0.73408083327 0.73301853327 0.90831343327 0.90898429327 1.01980283327 1.02526873327 0.96324996327 0.96722873327 0.98261763327 1.01747243327 0.98150788327 0.70055710327 0.96868078327 0.38527473327 0 0.34497913327 1.00554603327
0.70950563327 0.96216843327 0.89173453327 0.89403359327 0.88780950327 0.98558503327 0.99043213327 0.98187763327 0.96614153327 0.97268860327 0.99267988327 1.00249883327 0.98595677327 0.73169273327 0.72984050327 0.89075133327 0.88715736327 1.00783963327 1.01167793327 0.97049983327 0.97488373327 0.98707313327 1.00630983327 0.98558503327 0.68770613327 0.99343063327 0.37450225327 0.34497913327 0 0.97671793327
0.99568743327 0.31748873327 1.03871133327 1.03552663327 1.03235533327 0.76473050327 0.77644948327 0.76945190327 0.74830053327 0.75482939327 0.75811527327 0.76114003327 0.75428313327 1.01747243327 1.02487703327 1.03116953327 1.03552663327 0.66798113327 0.66798113327 0.75210213327 0.75482939327 0.76556156327 0.76445369327 0.76556156327 0.99192993327 0.75264679327 1.01592283327 1.00554603327 0.97671793327 0
