0 1.0041765 0.6602102 0.6604514 0.5707484 0.56054413 0.6371753 0.6409265 0.7483968 0.74650043 1.0030329 0.8495923 1.0099207 1.0080011 1.0034139 0.5763342 0.5573836 0.5828315 0.5856646 0.5544457 0.55381763 0.65948707 0.8275679 0.65972805 0.5750415 0.99923354 0.84711295 0.853951 1.0157093 1.0072346
1.0041765 0 1.0176488 1.0246727 0.9931942 1.0068517 0.9801504 1.002652 0.9666036 0.9764649 0.21709608 1.0289978 0.21296677 0.2223235 0.21656199 1.005704 0.98794943 0.9969631 1.0080011 0.9746289 0.9706055 1.0076177 0.98496884 1.0072346 0.9977191 0.33627945 0.990942 0.9946995 0.21843298 0.17451672
0.6602102 1.0176488 0 0.100091405 0.6590054 0.65876466 0.568611 0.57181937 0.7687426 0.7695792 1.0041765 0.84340924 1.0064689 1.0110749 1.014548 0.6573219 0.6640787 0.6578025 0.65972805 0.6606927 0.662142 0.15311868 0.83483773 0.1525057 0.66650665 1.0011308 0.83849925 0.84928197 1.0118452 1.0133885
0.6604514 1.0246727 0.100091405 0 0.6616586 0.6631097 0.57053435 0.5735361 0.7687426 0.7712552 1.015322 0.84310144 1.0188149 1.0207624 1.0199828 0.65948707 0.65948707 0.65876466 0.66093403 0.65540254 0.6570817 0.15508364 0.83941746 0.15446904 0.66650665 1.0130024 0.84125715 0.85520095 1.015322 1.0188149
0.5707484 0.9931942 0.6590054 0.6616586 0 0.09383236 0.6619002 0.65876466 0.76374257 0.75960124 1.0053219 0.84340924 1.002652 1.0041765 1.0037951 0.5168664 0.54652894 0.5182621 0.52106136 0.54673624 0.547981 0.6575622 0.82186216 0.6582834 0.52186304 1.0103053 0.8424862 0.8406434 1.0157093 0.99885464
0.56054413 1.0068517 0.65876466 0.6631097 0.09383236 0 0.65253264 0.6515784 0.7522039 0.7494826 1.0110749 0.8474224 1.0083846 1.0080011 1.0083846 0.51249665 0.54570043 0.5134875 0.5140827 0.5438397 0.54528654 0.66577744 0.82186216 0.6669932 0.5150757 1.0207624 0.83727676 0.83180004 1.0234975 1.0080011
0.6371753 0.9801504 0.568611 0.57053435 0.6619002 0.65253264 0 0.07613705 0.75493515 0.7543881 0.99357027 0.8517685 0.9931942 0.98794943 0.9924427 0.66748005 0.65852404 0.6626257 0.6669932 0.6573219 0.6580429 0.57053435 0.831194 0.5692516 0.6640787 0.97316337 0.8678169 0.8555138 1.000751 0.98051995
0.6409265 1.002652 0.57181937 0.5735361 0.65876466 0.6515784 0.07613705 0 0.7593259 0.7554826 1.0076177 0.86148244 1.0080011 1.0037951 1.0022715 0.6745752 0.662142 0.6699191 0.67359257 0.6616586 0.6626257 0.57525676 0.8339251 0.5739659 0.6619002 0.99281836 0.8652767 0.85864925 1.014548 1.0022715
0.7483968 0.9666036 0.7687426 0.7687426 0.76374257 0.7522039 0.75493515 0.7593259 0 0.068647996 0.9779369 0.84125715 0.9783054 0.9801504 0.97426224 0.76512814 0.7631891 0.76512814 0.7695792 0.761531 0.7587757 0.7743376 0.8339251 0.7746184 0.77153486 0.9706055 0.8242593 0.8339251 0.98683035 0.9575869
0.74650043 0.9764649 0.7695792 0.7712552 0.75960124 0.7494826 0.7543881 0.7554826 0.068647996 0 0.9838541 0.8400302 0.98496884 0.98869646 0.9831119 0.75960124 0.7640195 0.762636 0.7629125 0.76512814 0.7623596 0.77546155 0.831194 0.77489936 0.77209455 0.9838541 0.8275679 0.83483773 0.9950763 0.96841997
1.0030329 0.21709608 1.0041765 1.015322 1.0053219 1.0110749 0.99357027 1.0076177 0.9779369 0.9838541 0 1.018426 0.06242752 0.2033318 0.19888617 0.98869646 1.0172604 0.98348296 0.98757625 1.014548 1.0103053 1.0041765 0.9746289 1.0072346 0.99658537 0.33643606 0.9860852 0.97499573 0.20175974 0.21736327
0.8495923 1.0289978 0.84340924 0.84310144 0.84340924 0.8474224 0.8517685 0.86148244 0.84125715 0.8400302 1.018426 0 1.0172604 1.0301816 1.0274222 0.8608519 0.86337715 0.86591095 0.87324363 0.8567664 0.85488826 0.83028585 0.3463679 0.83028585 0.8480418 1.0060863 0.8242593 0.8305884 1.0301816 1.0095364
1.0099207 0.21296677 1.0064689 1.0188149 1.002652 1.0083846 0.9931942 1.0080011 0.9783054 0.98496884 0.06242752 1.0172604 0 0.19940782 0.19459637 0.9901927 1.0133885 0.98496884 0.98794943 1.0087683 1.0064689 0.99734104 0.98496884 1.0003713 0.99885464 0.32988715 0.9845971 0.9746289 0.19550428 0.21018235
1.0080011 0.2223235 1.0110749 1.0207624 1.0041765 1.0080011 0.98794943 1.0037951 0.9801504 0.98869646 0.2033318 1.0301816 0.19940782 0 0.052387785 1.0110749 1.0068517 1.0041765 1.0110749 0.9950763 0.990942 0.99847597 1.0034139 1.001891 1.002652 0.34859294 0.98051995 0.9857129 0.18583338 0.22165129
1.0034139 0.21656199 1.014548 1.0199828 1.0037951 1.0083846 0.9924427 1.0022715 0.97426224 0.9831119 0.19888617 1.0274222 0.19459637 0.052387785 0 1.0083846 1.0072346 1.002652 1.0095364 0.9958304 0.9920673 1.0030329 0.99923354 1.0064689 1.0003713 0.34004673 0.98348296 0.9872032 0.18174478 0.21749689
0.5763342 1.005704 0.6573219 0.65948707 0.5168664 0.51249665 0.66748005 0.6745752 0.76512814 0.75960124 0.98869646 0.8608519 0.9901927 1.0110749 1.0083846 0 0.54860425 0.050246153 0.052173346 0.5492279 0.54860425 0.6592462 0.83240664 0.6602102 0.34288466 0.99281836 0.85207987 0.8502134 1.0313674 0.98645765
0.5573836 0.98794943 0.6640787 0.65948707 0.54652894 0.54570043 0.65852404 0.662142 0.7631891 0.7640195 1.0172604 0.86337715 1.0133885 1.0068517 1.0072346 0.54860425 0 0.5531901 0.55131066 0.038996473 0.039101817 0.65852404 0.84402525 0.6580429 0.5561231 0.9827411 0.84711295 0.84495026 1.015322 0.99923354
0.5828315 0.9969631 0.6578025 0.65876466 0.5182621 0.5134875 0.6626257 0.6699191 0.76512814 0.762636 0.98348296 0.86591095 0.98496884 1.0041765 1.002652 0.050246153 0.5531901 0 0.028951678 0.5531901 0.5531901 0.6611755 0.83605623 0.661417 0.33894598 0.9958304 0.8555138 0.8505242 1.0254573 0.98125964
0.5856646 1.0080011 0.65972805 0.66093403 0.52106136 0.5140827 0.6669932 0.67359257 0.7695792 0.7629125 0.98757625 0.87324363 0.98794943 1.0110749 1.0095364 0.052173346 0.55131066 0.028951678 0 0.5521454 0.55172795 0.66553456 0.84125715 0.6662635 0.34162202 0.9977191 0.8545757 0.8499028 1.032159 0.990942
0.5544457 0.9746289 0.6606927 0.65540254 0.54673624 0.5438397 0.6573219 0.6616586 0.761531 0.76512814 1.014548 0.8567664 1.0087683 0.9950763 0.9958304 0.5492279 0.038996473 0.5531901 0.5521454 0 0.005520266 0.65444463 0.8357514 0.6539662 0.5561231 0.97609735 0.8424862 0.8406434 1.0064689 0.98683035
0.55381763 0.9706055 0.662142 0.6570817 0.547981 0.54528654 0.6580429 0.6626257 0.7587757 0.7623596 1.0103053 0.85488826 1.0064689 0.990942 0.9920673 0.54860425 0.039101817 0.5531901 0.55172795 0.005520266 0 0.65540254 0.83636117 0.65516293 0.5557034 0.9709704 0.84156424 0.83972377 1.0030329 0.982
0.65948707 1.0076177 0.15311868 0.15508364 0.6575622 0.66577744 0.57053435 0.57525676 0.7743376 0.77546155 1.0041765 0.83028585 0.99734104 0.99847597 1.0030329 0.6592462 0.65852404 0.6611755 0.66553456 0.65444463 0.65540254 0 0.8251602 0.005923329 0.6669932 0.9969631 0.8351422 0.85270303 1.0091523 1.0091523
0.8275679 0.98496884 0.83483773 0.83941746 0.82186216 0.82186216 0.831194 0.8339251 0.8339251 0.831194 0.9746289 0.3463679 0.98496884 1.0034139 0.99923354 0.83240664 0.84402525 0.83605623 0.84125715 0.8357514 0.83636117 0.8251602 0 0.82606214 0.83180004 0.9768326 0.8203678 0.8147164 1.0030329 0.9746289
0.65972805 1.0072346 0.1525057 0.15446904 0.6582834 0.6669932 0.5692516 0.5739659 0.7746184 0.77489936 1.0072346 0.83028585 1.0003713 1.001891 1.0064689 0.6602102 0.6580429 0.661417 0.6662635 0.6539662 0.65516293 0.005923329 0.82606214 0 0.6667499 0.9977191 0.83605623 0.8523914 1.01146 1.01069
0.5750415 0.9977191 0.66650665 0.66650665 0.52186304 0.5150757 0.6640787 0.6619002 0.77153486 0.77209455 0.99658537 0.8480418 0.99885464 1.002652 1.0003713 0.34288466 0.5561231 0.33894598 0.34162202 0.5561231 0.5557034 0.6669932 0.83180004 0.6667499 0 1.0199828 0.85114604 0.8605368 1.019204 0.9950763
0.99923354 0.33627945 1.0011308 1.0130024 1.0103053 1.0207624 0.97316337 0.99281836 0.9706055 0.9838541 0.33643606 1.0060863 0.32988715 0.34859294 0.34004673 0.99281836 0.9827411 0.9958304 0.9977191 0.97609735 0.9709704 0.9969631 0.9768326 0.9977191 1.0199828 0 0.97609735 0.9713354 0.33910313 0.3326868
0.84711295 0.990942 0.83849925 0.84125715 0.8424862 0.83727676 0.8678169 0.8652767 0.8242593 0.8275679 0.9860852 0.8242593 0.9845971 0.98051995 0.98348296 0.85207987 0.84711295 0.8555138 0.8545757 0.8424862 0.84156424 0.8351422 0.8203678 0.83605623 0.85114604 0.97609735 0 0.21789792 0.98645765 0.97170067
0.853951 0.9946995 0.84928197 0.85520095 0.8406434 0.83180004 0.8555138 0.85864925 0.8339251 0.83483773 0.97499573 0.8305884 0.9746289 0.9857129 0.9872032 0.8502134 0.84495026 0.8505242 0.8499028 0.8406434 0.83972377 0.85270303 0.8147164 0.8523914 0.8605368 0.9713354 0.21789792 0 0.9898184 0.97024083
1.0157093 0.21843298 1.0118452 1.015322 1.0157093 1.0234975 1.000751 1.014548 0.98683035 0.9950763 0.20175974 1.0301816 0.19550428 0.18583338 0.18174478 1.0313674 1.015322 1.0254573 1.032159 1.0064689 1.0030329 1.0091523 1.0030329 1.01146 1.019204 0.33910313 0.98645765 0.9898184 0 0.22084542
1.0072346 0.17451672 1.0133885 1.0188149 0.99885464 1.0080011 0.98051995 1.0022715 0.9575869 0.96841997 0.21736327 1.0095364 0.21018235 0.22165129 0.21749689 0.98645765 0.99923354 0.98125964 0.990942 0.98683035 0.982 1.0091523 0.9746289 1.01069 0.9950763 0.3326868 0.97170067 0.97024083 0.22084542 0
