0 0.814875383 0.809562463 0.826818323 0.945950773 0.802828123 0.802536623 0.949486873 0.950905923 0.992897923 1.010760523 1.021607723 0.956251723 0.796731673 1.008839823 1.000826523 1.005777123 0.958759423 0.960196223 0.811329263 0.812214223 0.796731673 1.010760523 0.796153623 0.811919123 0.816654723 0.794710483 0.795576063 0.787536163 1.014616423
0.814875383 0 0.149049553 0.153328653 0.933357223 0.825014673 0.830136223 0.954822423 0.960555873 1.010375923 1.020827723 1.027484023 0.946656663 0.806041323 1.027090723 1.021998123 1.022388523 0.949486873 0.949132463 0.632270923 0.628333893 0.805163623 1.010375923 0.804871283 0.831952173 0.824714523 0.819033763 0.811919123 0.820823023 1.021607723
0.809562463 0.149049553 0 0.150269663 0.910131323 0.802245323 0.810739823 0.924048863 0.929550973 1.001586023 1.018492523 1.027484023 0.916888083 0.790111023 1.029058823 1.025520223 1.024736023 0.923706323 0.923021723 0.632503123 0.628333893 0.789538023 1.010375923 0.789251763 0.817248783 0.803703093 0.808093323 0.793845973 0.796731673 1.020438023
0.826818323 0.153328653 0.150269663 0 0.905437493 0.823514963 0.828324623 0.918246773 0.925763923 1.016551923 1.026305023 1.051054523 0.913502123 0.807213223 1.030242023 1.027877423 1.022388523 0.922337723 0.922679623 0.641851923 0.639503823 0.803703093 1.008456323 0.803994973 0.811624123 0.817248783 0.818140763 0.812509423 0.819033763 1.017715623
0.945950773 0.933357223 0.910131323 0.905437493 0 0.944541023 0.949132463 0.151247193 0.152470883 1.007689823 1.016939723 1.029058823 0.211697093 0.927827223 0.999309863 1.006541523 1.005013323 0.213421993 0.212492713 0.930587123 0.926107423 0.928516223 1.016939723 0.928171653 0.951616523 0.944893223 0.919948663 0.931624673 0.926107423 0.992897923
0.802828123 0.825014673 0.802245323 0.823514963 0.944541023 0 0.100318103 0.946303623 0.940677723 1.000447053 1.012300423 1.000067793 0.948070423 0.678726823 1.021217623 1.015003223 1.012686023 0.956251723 0.959836723 0.811919123 0.812214223 0.688173423 1.009223523 0.688173423 0.554900923 0.550099223 0.683186723 0.684928323 0.680705723 1.008456323
0.802536623 0.830136223 0.810739823 0.828324623 0.949132463 0.100318103 0 0.948424323 0.948070423 1.015777223 1.023952723 0.998931193 0.955536683 0.688173423 1.036584623 1.026305023 1.027484023 0.964523163 0.965971023 0.819033763 0.818438323 0.694201623 1.020438023 0.694201623 0.556158623 0.551765883 0.693949483 0.697233923 0.688924323 1.013457623
0.949486873 0.954822423 0.924048863 0.918246773 0.151247193 0.946303623 0.948424323 0 0.0844923479999999 0.997796263 1.007689823 1.031822623 0.214485443 0.924391593 0.993273583 1.006924123 0.998552623 0.212094793 0.210902313 0.925763923 0.919607963 0.919267423 1.024344323 0.919607963 0.953752223 0.946303623 0.920630473 0.925077463 0.919607963 0.999688763
0.950905923 0.960555873 0.929550973 0.925763923 0.152470883 0.940677723 0.948070423 0.0844923479999999 0 1.020048423 1.029453023 1.032218423 0.218754403 0.930932823 1.012686023 1.027090723 1.020827723 0.218888203 0.218620623 0.939627523 0.934746123 0.926794823 1.029453023 0.926794823 0.959118393 0.945950773 0.922679623 0.928171653 0.930932823 1.015777223
0.992897923 1.010375923 1.001586023 1.016551923 1.007689823 1.000447053 1.015777223 0.997796263 1.020048423 0 0.0779216629999999 0.690679273 1.017715623 1.004631723 0.256337693 0.253249523 0.254230763 1.023561423 1.020048423 1.008072923 1.000447053 1.004631723 0.344921163 1.005395123 1.012686023 1.020048423 0.992147173 0.999309863 1.009223523 0.251570423
1.010760523 1.020827723 1.018492523 1.026305023 1.016939723 1.012300423 1.023952723 1.007689823 1.029453023 0.0779216629999999 0 0.699516263 1.024736023 1.015777223 0.259438623 0.256759783 0.256759783 1.030242023 1.027090723 1.014230023 1.007306923 1.016939723 0.350322563 1.017715623 1.028270923 1.033803223 1.011915223 1.008839823 1.029847423 0.250732263
1.021607723 1.027484023 1.027484023 1.051054523 1.029058823 1.000067793 0.998931193 1.031822623 1.032218423 0.690679273 0.699516263 0 1.023952723 1.020438023 0.688173423 0.681449223 0.678232923 1.027877423 1.026697823 1.039376423 1.031031923 1.030242023 0.684430263 1.029453023 1.025520223 1.015777223 1.040976323 1.025520223 1.029058823 0.686174773
0.956251723 0.946656663 0.916888083 0.913502123 0.211697093 0.948070423 0.955536683 0.214485443 0.218754403 1.017715623 1.024736023 1.023952723 0 0.930932823 1.013071723 1.019270123 1.011915223 0.0648415389999999 0.0636438879999999 0.943133853 0.938578863 0.936137583 1.010760523 0.936137583 0.944541023 0.943837123 0.931278673 0.926451023 0.932663723 1.018492523
0.796731673 0.806041323 0.790111023 0.807213223 0.927827223 0.678726823 0.688173423 0.924391593 0.930932823 1.004631723 1.015777223 1.020438023 0.930932823 0 1.010760523 1.005777123 1.005777123 0.934746123 0.936834223 0.815764523 0.816654723 0.0561746769999999 1.014230023 0.0559592829999999 0.695211023 0.683435283 0.329256423 0.322466243 0.217818493 1.008072923
1.008839823 1.027090723 1.029058823 1.030242023 0.999309863 1.021217623 1.036584623 0.993273583 1.012686023 0.256337693 0.259438623 0.688173423 1.013071723 1.010760523 0 0.0486724729999999 0.0505944529999999 1.023170323 1.016939723 1.031031923 1.025127923 1.005013323 0.344446423 1.005777123 1.015777223 1.020438023 1.014230023 1.022388523 1.026697823 0.222106513
1.000826523 1.021998123 1.025520223 1.027877423 1.006541523 1.015003223 1.026305023 1.006924123 1.027090723 0.253249523 0.256759783 0.681449223 1.019270123 1.005777123 0.0486724729999999 0 0.0303429069999999 1.026305023 1.020048423 1.024736023 1.017715623 0.998552623 0.343655873 0.999309863 1.009223523 1.020048423 1.012686023 1.015390123 1.018492523 0.219557543
1.005777123 1.022388523 1.024736023 1.022388523 1.005013323 1.012686023 1.027484023 0.998552623 1.020827723 0.254230763 0.256759783 0.678232923 1.011915223 1.005777123 0.0505944529999999 0.0303429069999999 0 1.018881223 1.015390123 1.021607723 1.015003223 0.997418323 0.347140573 0.997418323 1.001206223 1.016551923 1.008839823 1.011915223 1.023952723 0.222240903
0.958759423 0.949486873 0.923706323 0.922337723 0.213421993 0.956251723 0.964523163 0.212094793 0.218888203 1.023561423 1.030242023 1.027877423 0.0648415389999999 0.934746123 1.023170323 1.026305023 1.018881223 0 0.0214462499999999 0.951261183 0.947716723 0.937531623 1.021607723 0.937531623 0.955536683 0.955894123 0.942080283 0.934051323 0.929205923 1.025520223
0.960196223 0.949132463 0.923021723 0.922679623 0.212492713 0.959836723 0.965971023 0.210902313 0.218620623 1.020048423 1.027090723 1.026697823 0.0636438879999999 0.936834223 1.016939723 1.020048423 1.015390123 0.0214462499999999 0 0.952683623 0.948778323 0.938928273 1.019659223 0.938928273 0.958400693 0.960555873 0.944541023 0.935093723 0.933357223 1.022388523
0.811329263 0.632270923 0.632503123 0.641851923 0.930587123 0.811919123 0.819033763 0.925763923 0.939627523 1.008072923 1.014230023 1.039376423 0.943133853 0.815764523 1.031031923 1.024736023 1.021607723 0.951261183 0.952683623 0 0.0164240239999999 0.824114523 1.024344323 0.823814653 0.809268423 0.806041323 0.812214223 0.796153623 0.801954123 0.994401723
0.812214223 0.628333893 0.628333893 0.639503823 0.926107423 0.812214223 0.818438323 0.919607963 0.934746123 1.000447053 1.007306923 1.031031923 0.938578863 0.816654723 1.025127923 1.017715623 1.015003223 0.947716723 0.948778323 0.0164240239999999 0 0.825014673 1.020438023 0.824714523 0.808680623 0.804286923 0.810739823 0.792694773 0.798468423 0.992522523
0.796731673 0.805163623 0.789538023 0.803703093 0.928516223 0.688173423 0.694201623 0.919267423 0.926794823 1.004631723 1.016939723 1.030242023 0.936137583 0.0561746769999999 1.005013323 0.998552623 0.997418323 0.937531623 0.938928273 0.824114523 0.825014673 0 1.012300423 0.00125564999999989 0.701296223 0.691683973 0.331274443 0.326007983 0.221434883 0.998552623
1.010760523 1.010375923 1.010375923 1.008456323 1.016939723 1.009223523 1.020438023 1.024344323 1.029453023 0.344921163 0.350322563 0.684430263 1.010760523 1.014230023 0.344446423 0.343655873 0.347140573 1.021607723 1.019659223 1.024344323 1.020438023 1.012300423 0 1.013071723 1.015390123 1.009223523 1.007306923 1.016939723 1.023170323 0.344921163
0.796153623 0.804871283 0.789251763 0.803994973 0.928171653 0.688173423 0.694201623 0.919607963 0.926794823 1.005395123 1.017715623 1.029453023 0.936137583 0.0559592829999999 1.005777123 0.999309863 0.997418323 0.937531623 0.938928273 0.823814653 0.824714523 0.00125564999999989 1.013071723 0 0.700278623 0.690428323 0.330963623 0.326007983 0.221300643 0.999309863
0.811919123 0.831952173 0.817248783 0.811624123 0.951616523 0.554900923 0.556158623 0.953752223 0.959118393 1.012686023 1.028270923 1.025520223 0.944541023 0.695211023 1.015777223 1.009223523 1.001206223 0.955536683 0.958400693 0.809268423 0.808680623 0.701296223 1.015390123 0.700278623 0 0.250592673 0.696727723 0.699008483 0.692186853 0.997796263
0.816654723 0.824714523 0.803703093 0.817248783 0.944893223 0.550099223 0.551765883 0.946303623 0.945950773 1.020048423 1.033803223 1.015777223 0.943837123 0.683435283 1.020438023 1.020048423 1.016551923 0.955894123 0.960555873 0.806041323 0.804286923 0.691683973 1.009223523 0.690428323 0.250592673 0 0.693193523 0.694201623 0.692438383 1.011145223
0.794710483 0.819033763 0.808093323 0.818140763 0.919948663 0.683186723 0.693949483 0.920630473 0.922679623 0.992147173 1.011915223 1.040976323 0.931278673 0.329256423 1.014230023 1.012686023 1.008839823 0.942080283 0.944541023 0.812214223 0.810739823 0.331274443 1.007306923 0.330963623 0.696727723 0.693193523 0 0.237173523 0.326780163 1.001586023
0.795576063 0.811919123 0.793845973 0.812509423 0.931624673 0.684928323 0.697233923 0.925077463 0.928171653 0.999309863 1.008839823 1.025520223 0.926451023 0.322466243 1.022388523 1.015390123 1.011915223 0.934051323 0.935093723 0.796153623 0.792694773 0.326007983 1.016939723 0.326007983 0.699008483 0.694201623 0.237173523 0 0.324158023 1.012300423
0.787536163 0.820823023 0.796731673 0.819033763 0.926107423 0.680705723 0.688924323 0.919607963 0.930932823 1.009223523 1.029847423 1.029058823 0.932663723 0.217818493 1.026697823 1.018492523 1.023952723 0.929205923 0.933357223 0.801954123 0.798468423 0.221434883 1.023170323 0.221300643 0.692186853 0.692438383 0.326780163 0.324158023 0 1.022388523
1.014616423 1.021607723 1.020438023 1.017715623 0.992897923 1.008456323 1.013457623 0.999688763 1.015777223 0.251570423 0.250732263 0.686174773 1.018492523 1.008072923 0.222106513 0.219557543 0.222240903 1.025520223 1.022388523 0.994401723 0.992522523 0.998552623 0.344921163 0.999309863 0.997796263 1.011145223 1.001586023 1.012300423 1.022388523 0
