0 1.0254573 1.0227151 1.0030329 0.9977191 0.76985824 0.8640098 0.8555138 0.8729233 0.82485974 0.8275679 1.0164845 0.82156307 0.8257614 0.8719632 0.86877173 0.8716434 0.863061 0.762636 1.0015109 0.99885464 0.76512814 0.990942 0.76457363 1.0266355 1.0313674 0.86559373 0.81977093 0.864643 1.0068517
1.0254573 0 0.26593643 0.7408401 0.71992075 1.002652 1.015322 0.97609735 0.9931942 0.9860852 0.98832285 0.7386949 0.9958304 1.0180373 1.0064689 1.0045581 0.99131685 0.99169195 0.98237044 0.71367943 0.71316165 0.98832285 0.44910538 0.9920673 0.8611671 0.864643 0.99961257 0.99734104 0.97170067 0.7336246
1.0227151 0.26593643 0 0.73815954 0.72568804 1.0149349 0.9958304 0.9790429 0.99131685 0.9946995 1.0037951 0.73923063 0.9901927 1.0045581 0.98757625 0.9950763 0.9901927 0.98237044 0.9950763 0.7193987 0.7191378 0.9943229 0.44222128 0.9969631 0.8694089 0.87484723 0.9872032 0.9698763 0.99545324 0.7413773
1.0030329 0.7408401 0.73815954 0 0.26068023 1.0385218 1.0180373 0.9969631 0.9939465 0.9939465 0.9980974 0.4917922 0.98125964 0.9946995 0.99281836 1.002652 0.99999183 0.9845971 1.0172604 0.51547325 0.5140827 1.0133885 0.74110866 1.0137748 0.877098 0.8678169 0.982 1.002652 0.99734104 0.29130852
0.9977191 0.71992075 0.72568804 0.26068023 0 1.0341415 1.015322 0.98832285 1.0015109 0.9901927 0.99056727 0.48527044 0.98237044 1.0083846 1.0141612 1.0215429 0.9860852 0.982 1.0258498 0.50598943 0.5067752 1.0168724 0.7309697 1.0164845 0.86179787 0.8636934 0.97978103 0.9853408 1.000751 0.28514048
0.76985824 1.002652 1.0149349 1.0385218 1.0341415 0 0.88259256 0.8643263 0.8719632 0.8236593 0.84495026 1.0053219 0.8164965 0.83240664 0.8611671 0.8751683 0.8738847 0.86591095 0.24111876 1.015322 1.0180373 0.23589608 0.98125964 0.23562221 1.0421246 1.0469556 0.8787099 0.8191745 0.85707986 1.0234975
0.8640098 1.015322 0.9958304 1.0180373 1.015322 0.88259256 0 0.55381763 0.5533992 0.8599071 0.8640098 1.0091523 0.82998335 0.8486616 0.60535306 0.615281 0.23507477 0.2326162 0.86179787 1.0180373 1.0219333 0.8678169 0.9768326 0.8643263 1.0337447 1.0231062 0.59865856 0.83301365 0.5521454 1.0262426
0.8555138 0.97609735 0.9790429 0.9969631 0.98832285 0.8643263 0.55381763 0 0.19472599 0.8366663 0.83849925 0.98237044 0.82305974 0.8424862 0.610752 0.61778367 0.5578042 0.55256313 0.8508351 0.98757625 0.99169195 0.8474224 0.97206604 0.847732 0.98757625 0.9753628 0.60244477 0.84279376 0.3898157 1.0157093
0.8729233 0.9931942 0.99131685 0.9939465 1.0015109 0.8719632 0.5533992 0.19472599 0 0.84587634 0.85645306 0.99961257 0.8269652 0.84495026 0.6155082 0.614373 0.5618121 0.5561231 0.8624292 1.0034139 1.0034139 0.85645306 0.98348296 0.8545757 1.0126165 0.9898184 0.6019983 0.85114604 0.37697777 1.0164845
0.82485974 0.9860852 0.9946995 0.9939465 0.9901927 0.8236593 0.8599071 0.8366663 0.84587634 0 0.20754011 1.0022715 0.57181937 0.5800091 0.85802114 0.85645306 0.8461853 0.84587634 0.81382793 0.9939465 0.990942 0.8120542 0.98832285 0.81234956 0.99885464 1.0049399 0.8483516 0.5750415 0.84095025 0.9831119
0.8275679 0.98832285 1.0037951 0.9980974 0.99056727 0.84495026 0.8640098 0.83849925 0.85645306 0.20754011 0 1.0068517 0.5761186 0.57871 0.8652767 0.8567664 0.85488826 0.8523914 0.8203678 0.99658537 0.9962078 0.8191745 0.982 0.8188765 0.99658537 1.0011308 0.84340924 0.571605 0.8542633 0.99169195
1.0164845 0.7386949 0.73923063 0.4917922 0.48527044 1.0053219 1.0091523 0.98237044 0.99961257 1.0022715 1.0068517 0 0.99357027 1.0246727 1.0072346 1.0045581 1.0015109 0.99281836 0.9853408 0.5055969 0.50422454 0.97720057 0.7341567 0.97978103 0.86559373 0.8662283 0.9831119 0.98348296 1.0157093 0.48507947
0.82156307 0.9958304 0.9901927 0.98125964 0.98237044 0.8164965 0.82998335 0.82305974 0.8269652 0.57181937 0.5761186 0.99357027 0 0.1846812 0.84217876 0.83331734 0.84156424 0.8375822 0.80295604 0.9738958 0.97352946 0.80120784 0.9857129 0.8020814 1.0022715 1.002652 0.8351422 0.38712993 0.8327101 0.98869646
0.8257614 1.0180373 1.0045581 0.9946995 1.0083846 0.83240664 0.8486616 0.8424862 0.84495026 0.5800091 0.57871 1.0246727 0.1846812 0 0.8640098 0.85645306 0.84156424 0.84495026 0.8114639 1.0133885 1.0126165 0.8120542 0.99885464 0.8114639 1.0049399 1.0199828 0.8446418 0.3901521 0.84649444 1.0041765
0.8719632 1.0064689 0.98757625 0.99281836 1.0141612 0.8611671 0.60535306 0.610752 0.6155082 0.85802114 0.8652767 1.0072346 0.84217876 0.8640098 0 0.15385495 0.6082727 0.60647464 0.85270303 1.0049399 1.0045581 0.84649444 1.0049399 0.8461853 1.0262426 1.019204 0.4189622 0.8495923 0.6019983 1.0130024
0.86877173 1.0045581 0.9950763 1.002652 1.0215429 0.8751683 0.615281 0.61778367 0.614373 0.85645306 0.8567664 1.0045581 0.83331734 0.85645306 0.15385495 0 0.617328 0.6164175 0.86591095 0.9969631 0.9980974 0.85270303 1.0003713 0.85363877 1.0242808 1.0242808 0.41966185 0.83788776 0.610075 1.0122308
0.8716434 0.99131685 0.9901927 0.99999183 0.9860852 0.8738847 0.23507477 0.5578042 0.5618121 0.8461853 0.85488826 1.0015109 0.84156424 0.84156424 0.6082727 0.617328 0 0.122477666 0.8499028 1.0207624 1.0231062 0.8599071 0.9924427 0.85770726 1.0246727 1.0103053 0.60625017 0.84433347 0.55172795 1.0227151
0.863061 0.99169195 0.98237044 0.9845971 0.982 0.86591095 0.2326162 0.55256313 0.5561231 0.84587634 0.8523914 0.99281836 0.8375822 0.84495026 0.60647464 0.6164175 0.122477666 0 0.84433347 1.0003713 1.005704 0.8480418 0.97609735 0.8461853 1.0301816 1.0238891 0.60804766 0.8483516 0.5423956 1.0141612
0.762636 0.98237044 0.9950763 1.0172604 1.0258498 0.24111876 0.86179787 0.8508351 0.8624292 0.81382793 0.8203678 0.9853408 0.80295604 0.8114639 0.85270303 0.86591095 0.8499028 0.84433347 0 1.0068517 1.0041765 0.07293404 0.96841997 0.07260347 1.0176488 1.0558939 0.863061 0.80529344 0.8388052 1.0180373
1.0015109 0.71367943 0.7193987 0.51547325 0.50598943 1.015322 1.0180373 0.98757625 1.0034139 0.9939465 0.99658537 0.5055969 0.9738958 1.0133885 1.0049399 0.9969631 1.0207624 1.0003713 1.0068517 0 0.023772815 0.9969631 0.72148925 0.9969631 0.85959244 0.86274505 0.9857129 0.9898184 1.0076177 0.5055969
0.99885464 0.71316165 0.7191378 0.5140827 0.5067752 1.0180373 1.0219333 0.99169195 1.0034139 0.990942 0.9962078 0.50422454 0.97352946 1.0126165 1.0045581 0.9980974 1.0231062 1.005704 1.0041765 0.023772815 0 0.9969631 0.7193987 0.9980974 0.85645306 0.85770726 0.9901927 0.9894442 1.0060863 0.50148726
0.76512814 0.98832285 0.9943229 1.0133885 1.0168724 0.23589608 0.8678169 0.8474224 0.85645306 0.8120542 0.8191745 0.97720057 0.80120784 0.8120542 0.84649444 0.85270303 0.8599071 0.8480418 0.07293404 0.9969631 0.9969631 0 0.97024083 0.006931936 1.0231062 1.0433295 0.8508351 0.79917336 0.84125715 1.0091523
0.990942 0.44910538 0.44222128 0.74110866 0.7309697 0.98125964 0.9768326 0.97206604 0.98348296 0.98832285 0.982 0.7341567 0.9857129 0.99885464 1.0049399 1.0003713 0.9924427 0.97609735 0.96841997 0.72148925 0.7193987 0.97024083 0 0.9727974 0.8608519 0.8555138 0.99357027 0.97206604 0.9662408 0.74650043
0.76457363 0.9920673 0.9969631 1.0137748 1.0164845 0.23562221 0.8643263 0.847732 0.8545757 0.81234956 0.8188765 0.97978103 0.8020814 0.8114639 0.8461853 0.85363877 0.85770726 0.8461853 0.07260347 0.9969631 0.9980974 0.006931936 0.9727974 0 1.0231062 1.0481682 0.8486616 0.79830307 0.84217876 1.0099207
1.0266355 0.8611671 0.8694089 0.877098 0.86179787 1.0421246 1.0337447 0.98757625 1.0126165 0.99885464 0.99658537 0.86559373 1.0022715 1.0049399 1.0262426 1.0242808 1.0246727 1.0301816 1.0176488 0.85959244 0.85645306 1.0231062 0.8608519 1.0231062 0 0.41529983 0.9920673 0.9764649 0.99961257 0.847732
1.0313674 0.864643 0.87484723 0.8678169 0.8636934 1.0469556 1.0231062 0.9753628 0.9898184 1.0049399 1.0011308 0.8662283 1.002652 1.0199828 1.019204 1.0242808 1.0103053 1.0238891 1.0558939 0.86274505 0.85770726 1.0433295 0.8555138 1.0481682 0.41529983 0 0.98869646 1.0037951 1.0099207 0.8480418
0.86559373 0.99961257 0.9872032 0.982 0.97978103 0.8787099 0.59865856 0.60244477 0.6019983 0.8483516 0.84340924 0.9831119 0.8351422 0.8446418 0.4189622 0.41966185 0.60625017 0.60804766 0.863061 0.9857129 0.9901927 0.8508351 0.99357027 0.8486616 0.9920673 0.98869646 0 0.8502134 0.6028915 1.0180373
0.81977093 0.99734104 0.9698763 1.002652 0.9853408 0.8191745 0.83301365 0.84279376 0.85114604 0.5750415 0.571605 0.98348296 0.38712993 0.3901521 0.8495923 0.83788776 0.84433347 0.8483516 0.80529344 0.9898184 0.9894442 0.79917336 0.97206604 0.79830307 0.9764649 1.0037951 0.8502134 0 0.83849925 1.0110749
0.864643 0.97170067 0.99545324 0.99734104 1.000751 0.85707986 0.5521454 0.3898157 0.37697777 0.84095025 0.8542633 1.0157093 0.8327101 0.84649444 0.6019983 0.610075 0.55172795 0.5423956 0.8388052 1.0076177 1.0060863 0.84125715 0.9662408 0.84217876 0.99961257 1.0099207 0.6028915 0.83849925 0 1.0317632
1.0068517 0.7336246 0.7413773 0.29130852 0.28514048 1.0234975 1.0262426 1.0157093 1.0164845 0.9831119 0.99169195 0.48507947 0.98869646 1.0041765 1.0130024 1.0122308 1.0227151 1.0141612 1.0180373 0.5055969 0.50148726 1.0091523 0.74650043 1.0099207 0.847732 0.8480418 1.0180373 1.0110749 1.0317632 0
