0 1.84208555333316 1.31771068228409 1.3002426053863 1.18894672626629 1.0356453359127 1.26671673031524 0.972274720435962 1.79035993665457 1.82642027712427 1.95334800588898 1.13165596756153 1.47764318203554 0.965848287101835 1.77924541686662 1.45341085316613 1.04213635018095 1.71754723554477 1.46683259797283 1.13334944169037 1.90852980478667 1.72152563044801 1.86167127289809 1.49842792656273 1.87522242683917 1.71476355055347 1.32253172923811 1.87628336134367 1.44170505809598 1.32388930418529
1.84208555333316 0 1.88258024584502 1.83433939306997 1.65684810979292 1.51271205674857 1.10193910147063 1.67176446481608 0.974739660741761 1.86533452523872 1.42988649685867 1.32348346919753 1.0066089341417 1.41742481081747 1.66790676186793 1.47855264996178 1.28964138170704 1.95364005165175 1.50699153915048 1.31750633683987 1.49965948145837 1.78413589438424 1.20559005672112 1.59354819357395 1.05555576621555 1.07983541558497 1.1873883518856 1.25190099468455 1.16821739845909 0.965844381367788
1.31771068228409 1.88258024584502 0 1.73400163534097 1.93299560202286 1.22716243681498 1.44176838570274 1.42308931355365 1.85738737718202 1.75638745073229 1.17439882270992 1.08255115849897 1.94162802933715 1.12423764844425 1.22682110639289 1.44445153744891 1.12727010878734 1.73687319434248 1.37939280457795 1.75197387277149 1.50063446653076 1.07624528626911 1.28851254330948 1.73564053419977 1.75624750624411 1.59015126805753 0.998457870678976 1.54684367147274 1.46326602366753 1.12630354519933
1.3002426053863 1.83433939306997 1.73400163534097 0 1.91722233383916 1.01225399877876 1.65851210081019 1.55230251536705 1.25413519702852 1.33416551002301 1.40508144279011 1.7270101159811 1.02424753573723 1.68405836075544 1.52393604954705 1.83230344718322 1.12136038555764 1.33523721853271 1.71758369519375 1.12695741537027 1.27781698107719 1.92215789901093 1.67444731411524 1.77941637276672 1.94577150931582 1.91834370815195 1.75168097647838 1.08471466810443 1.56886749831028 1.90625118231401
1.18894672626629 1.65684810979292 1.93299560202286 1.91722233383916 0 1.35891323070973 1.93028868362308 1.05315018235706 1.78465956542641 1.71525041083805 1.62794002285227 1.26550417323597 1.75702797039412 1.31603424320929 1.05895410105586 1.76097604027018 1.24092375300825 1.64962458354421 1.44396356469952 1.32353172474541 1.8548804547172 1.38894688012078 1.14798533194698 1.41299813287333 1.74241939419881 1.06490142969415 1.4728465701919 1.51721375389025 1.92585596442223 1.3728081334848
1.0356453359127 1.51271205674857 1.22716243681498 1.01225399877876 1.35891323070973 0 1.50280757457949 1.21482543717138 1.01844725338742 1.20120974024758 1.77070193667896 1.89657629234716 1.87197709945031 1.27030762447976 1.85109445243143 0.996291956631467 1.57347413571551 1.84975279867649 1.77185843372717 1.7681102543138 1.77340885880403 1.74200779851526 1.79045669222251 1.3607589812018 1.43965509231202 1.11660248367116 1.88052388653159 1.68185028457083 1.88476218469441 1.00788406282663
1.26671673031524 1.10193910147063 1.44176838570274 1.65851210081019 1.93028868362308 1.50280757457949 0 1.39055577944964 1.30708615272306 1.64588249870576 1.4117166029755 1.4418788687326 1.28524307440966 1.92362223099917 1.38024862343445 1.95986977778375 1.20944362459704 1.14642368094064 1.64298376441002 1.9208917983342 1.22699546907097 1.47321343305521 1.02884896704927 1.09185149148107 1.92871175101027 1.6368669832591 1.21660099760629 1.52697763987817 1.29598396201618 1.77690890152007
0.972274720435962 1.67176446481608 1.42308931355365 1.55230251536705 1.05315018235706 1.21482543717138 1.39055577944964 0 0.98843968543224 1.94427806278691 1.7326017844025 1.82022417779081 1.93236139789224 1.90537422872148 1.12794615095481 1.72421735082753 1.7988432997372 1.81714192708023 1.07594818458892 1.00048092054203 0.998467479366809 1.62599872611463 1.0778816207312 1.860873098718 0.965457806363702 1.65262407856062 1.70839627832174 1.40058050584048 1.10455595818348 1.52193703246303
1.79035993665457 0.974739660741761 1.85738737718202 1.25413519702852 1.78465956542641 1.01844725338742 1.30708615272306 0.98843968543224 0 1.890564448433 1.55896828160621 1.51868542796001 1.46832419722341 1.01893126708455 0.979413308668882 1.67109311022796 1.59164128964767 0.978900390909985 1.70664582727477 1.73994349362329 1.8911382262595 1.87577050551772 1.00670607713982 1.83050921419635 1.67381775658578 1.33413001731969 0.965695826336741 1.2226416382473 1.40195999597199 1.71248984290287
1.82642027712427 1.86533452523872 1.75638745073229 1.33416551002301 1.71525041083805 1.20120974024758 1.64588249870576 1.94427806278691 1.890564448433 0 1.59191565029323 1.86863548052497 1.51352989207953 1.94592666253448 1.89938523527235 1.21570734330453 1.82531475648284 1.74016898055561 1.36419103993103 1.11138677410781 0.98999198153615 1.55486701941118 1.77640839596279 1.72826917353086 1.74604769982398 1.89717022399418 1.50202922709286 1.95694128284231 1.26272427942604 1.96000108867884
1.95334800588898 1.42988649685867 1.17439882270992 1.40508144279011 1.62794002285227 1.77070193667896 1.4117166029755 1.7326017844025 1.55896828160621 1.59191565029323 0 0.961936505278572 1.03089150716551 1.49514235625975 1.72757352772169 1.05787423602305 1.7961968195159 1.26475775218569 1.70681357104331 1.13478142628446 1.12955572945066 1.88082626252435 1.83872502367012 1.53768499521539 1.1402457843069 1.60542652616277 1.00011602393351 1.34029760328121 1.62639167066664 1.03603793331422
1.13165596756153 1.32348346919753 1.08255115849897 1.7270101159811 1.26550417323597 1.89657629234716 1.4418788687326 1.82022417779081 1.51868542796001 1.86863548052497 0.961936505278572 0 1.88986692903563 1.28574216319248 1.58289152220823 1.95098891435191 1.9586011772044 1.68129146238789 1.85397679847665 1.38261954067275 1.07704279245809 1.28187341778539 1.91444458346814 0.997814939823002 1.20458457269706 1.56225325283594 1.48314693453722 1.199809639249 1.35435558040626 1.36216216627508
1.47764318203554 1.0066089341417 1.94162802933715 1.02424753573723 1.75702797039412 1.87197709945031 1.28524307440966 1.93236139789224 1.46832419722341 1.51352989207953 1.03089150716551 1.88986692903563 0 1.60087996860966 1.6016646111384 1.18874034960754 1.38535347674042 1.0019533156883 1.77601670566946 1.27815502788872 1.88966037821956 1.71495371568017 1.35012342804112 1.5712672630325 0.978093724930659 1.43560978001915 1.70114949764684 1.59068878833205 1.89924000017345 0.991606188938022
0.965848287101835 1.41742481081747 1.12423764844425 1.68405836075544 1.31603424320929 1.27030762447976 1.92362223099917 1.90537422872148 1.01893126708455 1.94592666253448 1.49514235625975 1.28574216319248 1.60087996860966 0 1.35111852316186 1.43801720556803 1.60310518508777 1.34274114039727 1.60494838189334 1.66532730264589 1.30690282536671 1.54718798771501 1.66318453662097 1.06689496617764 1.49565390241332 1.5012093691621 1.55826627835631 1.48949851468205 1.68268286646344 1.57674391730689
1.77924541686662 1.66790676186793 1.22682110639289 1.52393604954705 1.05895410105586 1.85109445243143 1.38024862343445 1.12794615095481 0.979413308668882 1.89938523527235 1.72757352772169 1.58289152220823 1.6016646111384 1.35111852316186 0 1.87939573195763 1.55739548825659 1.54567095870152 1.23296396504156 1.54490700759925 1.10027475352399 1.70747633744031 1.12506357510574 1.57292056479491 0.978340639732778 1.60621451120824 1.21598511841148 1.91148659260944 1.87547071790323 1.11191738746129
1.45341085316613 1.47855264996178 1.44445153744891 1.83230344718322 1.76097604027018 0.996291956631467 1.95986977778375 1.72421735082753 1.67109311022796 1.21570734330453 1.05787423602305 1.95098891435191 1.18874034960754 1.43801720556803 1.87939573195763 0 1.68817206542008 1.16773344040848 1.46877108467743 1.60907570971176 1.75703840237111 1.69051049510017 1.22015910851769 1.2639562303666 0.96992191975005 0.964505363954231 1.56463080784306 1.25133361900225 1.9217650173232 1.1939534440171
1.04213635018095 1.28964138170704 1.12727010878734 1.12136038555764 1.24092375300825 1.57347413571551 1.20944362459704 1.7988432997372 1.59164128964767 1.82531475648284 1.7961968195159 1.9586011772044 1.38535347674042 1.60310518508777 1.55739548825659 1.68817206542008 0 1.58765033725649 1.27556218765676 1.78168860869482 1.43312853481621 1.62511872150935 1.7484904373996 1.74439535033889 1.50046971230768 1.50871670851484 1.7951555904001 1.57166300946847 1.35575762181543 1.26632148236968
1.71754723554477 1.95364005165175 1.73687319434248 1.33523721853271 1.64962458354421 1.84975279867649 1.14642368094064 1.81714192708023 0.978900390909985 1.74016898055561 1.26475775218569 1.68129146238789 1.0019533156883 1.34274114039727 1.54567095870152 1.16773344040848 1.58765033725649 0 1.83434704877436 1.87330034095794 1.71311131957918 1.40853387769312 1.35338651458733 1.08817761950195 1.39687834098004 1.61808696994558 1.16799414949492 1.15605051303282 1.8587446322199 1.89050722005777
1.46683259797283 1.50699153915048 1.37939280457795 1.71758369519375 1.44396356469952 1.77185843372717 1.64298376441002 1.07594818458892 1.70664582727477 1.36419103993103 1.70681357104331 1.85397679847665 1.77601670566946 1.60494838189334 1.23296396504156 1.46877108467743 1.27556218765676 1.83434704877436 0 1.20428149122745 1.06852081697434 1.7131076566875 1.66974026965909 1.34764684457332 1.31723417551257 1.74429321661592 1.5470398736652 1.22353620058857 1.0343820003327 1.62172144744545
1.13334944169037 1.31750633683987 1.75197387277149 1.12695741537027 1.32353172474541 1.7681102543138 1.9208917983342 1.00048092054203 1.73994349362329 1.11138677410781 1.13478142628446 1.38261954067275 1.27815502788872 1.66532730264589 1.54490700759925 1.60907570971176 1.78168860869482 1.87330034095794 1.20428149122745 0 1.4624092921149 1.73607077333145 1.35314186639152 1.63735934789293 1.10636961832643 1.55974026117474 1.14681265037507 1.53407527855597 1.79875452094711 1.11595947598107
1.90852980478667 1.49965948145837 1.50063446653076 1.27781698107719 1.8548804547172 1.77340885880403 1.22699546907097 0.998467479366809 1.8911382262595 0.98999198153615 1.12955572945066 1.07704279245809 1.88966037821956 1.30690282536671 1.10027475352399 1.75703840237111 1.43312853481621 1.71311131957918 1.06852081697434 1.4624092921149 0 1.3891633071471 1.78238824475557 1.30609083664604 0.965485073626041 1.68356890720315 1.39099700842053 1.78883331920952 1.70646568178199 1.95325500424951
1.72152563044801 1.78413589438424 1.07624528626911 1.92215789901093 1.38894688012078 1.74200779851526 1.47321343305521 1.62599872611463 1.87577050551772 1.55486701941118 1.88082626252435 1.28187341778539 1.71495371568017 1.54718798771501 1.70747633744031 1.69051049510017 1.62511872150935 1.40853387769312 1.7131076566875 1.73607077333145 1.3891633071471 0 0.991525346180424 1.46544814389199 1.52440242632292 0.973973726853728 1.48927592672408 1.37027347763069 1.30237767868675 1.96016271947883
1.86167127289809 1.20559005672112 1.28851254330948 1.67444731411524 1.14798533194698 1.79045669222251 1.02884896704927 1.0778816207312 1.00670607713982 1.77640839596279 1.83872502367012 1.91444458346814 1.35012342804112 1.66318453662097 1.12506357510574 1.22015910851769 1.7484904373996 1.35338651458733 1.66974026965909 1.35314186639152 1.78238824475557 0.991525346180424 0 1.72741203173064 1.91178396437317 1.00098198861815 1.44326841086149 1.59069676371291 0.982750336173922 1.17800868744962
1.49842792656273 1.59354819357395 1.73564053419977 1.77941637276672 1.41299813287333 1.3607589812018 1.09185149148107 1.860873098718 1.83050921419635 1.72826917353086 1.53768499521539 0.997814939823002 1.5712672630325 1.06689496617764 1.57292056479491 1.2639562303666 1.74439535033889 1.08817761950195 1.34764684457332 1.63735934789293 1.30609083664604 1.46544814389199 1.72741203173064 0 1.72657941281796 1.47848022403196 1.56261345907114 1.03675834159367 1.78859957610257 1.04308775486425
1.87522242683917 1.05555576621555 1.75624750624411 1.94577150931582 1.74241939419881 1.43965509231202 1.92871175101027 0.965457806363702 1.67381775658578 1.74604769982398 1.1402457843069 1.20458457269706 0.978093724930659 1.49565390241332 0.978340639732778 0.96992191975005 1.50046971230768 1.39687834098004 1.31723417551257 1.10636961832643 0.965485073626041 1.52440242632292 1.91178396437317 1.72657941281796 0 1.14270634809509 1.95320217707194 1.6448976972606 1.87615983351134 1.86891337437555
1.71476355055347 1.07983541558497 1.59015126805753 1.91834370815195 1.06490142969415 1.11660248367116 1.6368669832591 1.65262407856062 1.33413001731969 1.89717022399418 1.60542652616277 1.56225325283594 1.43560978001915 1.5012093691621 1.60621451120824 0.964505363954231 1.50871670851484 1.61808696994558 1.74429321661592 1.55974026117474 1.68356890720315 0.973973726853728 1.00098198861815 1.47848022403196 1.14270634809509 0 1.56584216514602 1.4129216929432 0.978269474813715 1.34040300035849
1.32253172923811 1.1873883518856 0.998457870678976 1.75168097647838 1.4728465701919 1.88052388653159 1.21660099760629 1.70839627832174 0.965695826336741 1.50202922709286 1.00011602393351 1.48314693453722 1.70114949764684 1.55826627835631 1.21598511841148 1.56463080784306 1.7951555904001 1.16799414949492 1.5470398736652 1.14681265037507 1.39099700842053 1.48927592672408 1.44326841086149 1.56261345907114 1.95320217707194 1.56584216514602 0 1.20939805405214 1.59149864758365 1.79884759150445
1.87628336134367 1.25190099468455 1.54684367147274 1.08471466810443 1.51721375389025 1.68185028457083 1.52697763987817 1.40058050584048 1.2226416382473 1.95694128284231 1.34029760328121 1.199809639249 1.59068878833205 1.48949851468205 1.91148659260944 1.25133361900225 1.57166300946847 1.15605051303282 1.22353620058857 1.53407527855597 1.78883331920952 1.37027347763069 1.59069676371291 1.03675834159367 1.6448976972606 1.4129216929432 1.20939805405214 0 1.52382627595216 1.9325190866366
1.44170505809598 1.16821739845909 1.46326602366753 1.56886749831028 1.92585596442223 1.88476218469441 1.29598396201618 1.10455595818348 1.40195999597199 1.26272427942604 1.62639167066664 1.35435558040626 1.89924000017345 1.68268286646344 1.87547071790323 1.9217650173232 1.35575762181543 1.8587446322199 1.0343820003327 1.79875452094711 1.70646568178199 1.30237767868675 0.982750336173922 1.78859957610257 1.87615983351134 0.978269474813715 1.59149864758365 1.52382627595216 0 1.61754569667391
1.32388930418529 0.965844381367788 1.12630354519933 1.90625118231401 1.3728081334848 1.00788406282663 1.77690890152007 1.52193703246303 1.71248984290287 1.96000108867884 1.03603793331422 1.36216216627508 0.991606188938022 1.57674391730689 1.11191738746129 1.1939534440171 1.26632148236968 1.89050722005777 1.62172144744545 1.11595947598107 1.95325500424951 1.96016271947883 1.17800868744962 1.04308775486425 1.86891337437555 1.34040300035849 1.79884759150445 1.9325190866366 1.61754569667391 0
