0 1.71197195304558 1.87864812719636 1.6938673411496 1.67256834194995 1.23238799674436 1.49272227031179 1.43976543820463 1.68830179888755 1.07248653634451 1.76753347925842 1.5164742951747 1.70611225743778 0.979915441246703 1.38447427959181 1.1424309713766 1.74308061413467 0.979805007809773 1.76629915996455 1.28144746948965 1.36562568764202 1.27313248557039 1.26062745507807 1.78049731976353 1.19072907953523 0.951403076993302 1.38489235006273 1.68699200078845 1.02589396527037 1.46658287849277
1.71197195304558 0 1.06025594519451 1.38761646579951 1.72262843395583 1.06472093588673 1.80647116596811 1.17839138279669 1.63328793318942 1.54589984426275 1.37506779516116 1.66675137332641 1.11802164814435 1.79593932791613 1.55810615071096 1.75269199581817 1.62956138513982 1.53603482223116 1.10801131650805 1.30096941627562 1.73018558486365 1.20806167391129 1.47938582790084 1.45954079506919 1.64391420362517 1.46711240941659 1.40640071453527 1.39818330598064 1.14094447041862 1.25842587393709
1.87864812719636 1.06025594519451 0 1.34792917803861 1.67980255465955 1.26002310705371 1.79892458324321 1.74088287376799 1.54980501532555 1.15133576490916 1.12722997483797 1.81068224296905 1.34307868848555 0.927214653464034 1.56501450412907 1.70695510762744 1.36771447211504 1.47177893924527 1.52469733334146 1.51089637703262 1.76721823960543 1.82545549725182 1.50542409531772 1.39066405501217 1.57961570867337 1.75388281024061 1.77259332314134 1.20154243009165 1.02387361251749 1.53031385270879
1.6938673411496 1.38761646579951 1.34792917803861 0 1.33799012517557 1.37766026658937 1.44099527667277 1.6706876354292 1.26197385601699 1.45501629798673 1.24546806374565 1.39503960940056 1.05507429339923 1.68980268761516 1.25784967979416 1.07006668346003 0.899134009843692 1.08421524753794 1.62991741602309 1.76234933803789 1.2717016893439 1.865134797059 1.64438049704768 1.57516694325022 1.61803856864572 1.0394626527559 1.30594500456937 1.55694738333113 1.02174349292181 1.27362212864682
1.67256834194995 1.72262843395583 1.67980255465955 1.33799012517557 0 1.31176042580046 1.75469807512127 1.17624011216685 1.88237551948987 1.71559166535735 1.0240257428959 1.47216352168471 1.52109895739704 1.05835922341794 1.85840058792382 0.901355904759839 1.34139766474254 1.37341383425519 1.74328546621837 1.5619816055987 1.54222777555697 1.30595506844111 0.939737588632852 1.37683648546226 1.40076674567536 1.01223921147175 1.73504760069773 1.58932481519878 1.68650813773274 1.37480988330208
1.23238799674436 1.06472093588673 1.26002310705371 1.37766026658937 1.31176042580046 0 1.53739690384828 1.63503204728477 1.59442486288026 1.28986815689132 1.50016863248311 1.1973028825596 1.11473403428681 1.30855523678474 1.04951707343571 1.37333659105934 1.47605967987329 1.45842528552748 1.52811176376417 1.4410385042429 1.18564762338065 1.02464988431893 1.81332354201004 1.73070724704303 1.12799358717166 1.1145248033572 1.06465136539191 1.63011739542708 1.61701895296574 1.04775565676391
1.49272227031179 1.80647116596811 1.79892458324321 1.44099527667277 1.75469807512127 1.53739690384828 0 1.8224774627015 1.21231172513217 1.80182448704727 1.47239175462164 1.85433391481638 1.200417999411 1.60869307629764 1.76801410876215 1.02674311981536 0.974033175036311 1.50869506434537 1.59899392095394 0.920253359014168 1.80304622231051 1.0850179286208 1.28147387737408 1.27494914853014 1.57352202618495 1.49671936500818 1.47326985746622 0.953643140848726 1.64146824576892 1.67689088801853
1.43976543820463 1.17839138279669 1.74088287376799 1.6706876354292 1.17624011216685 1.63503204728477 1.8224774627015 0 1.69828020501882 1.01565707940608 1.39262374071404 0.938839992741123 1.38316844776273 1.61422347044572 1.76245838939212 1.22928400360979 1.26705105323344 1.77836944791488 1.77733251801692 1.09606537246145 1.14086005208082 1.03820773586631 0.987583086825907 1.46175885782577 1.35986622376367 1.24151047458872 1.3138385170605 1.37931794510223 0.90433108760044 1.18289274163544
1.68830179888755 1.63328793318942 1.54980501532555 1.26197385601699 1.88237551948987 1.59442486288026 1.21231172513217 1.69828020501882 0 1.43075805250555 1.04882685188204 1.15906588104554 0.941358534619212 0.937614957103506 1.44173034559935 1.45434417249635 1.66500238375738 0.912382029928267 1.02405765978619 1.75415988103487 1.31415548315272 1.75778940087184 1.51939062820747 1.32298997882754 1.07957525225356 1.42124453303404 1.24871715484187 1.4830216516275 1.62107514799573 1.742091067601
1.07248653634451 1.54589984426275 1.15133576490916 1.45501629798673 1.71559166535735 1.28986815689132 1.80182448704727 1.01565707940608 1.43075805250555 0 1.06705095153302 1.59349892917089 1.68116110214032 1.38652591384016 1.16470501339063 1.72177990386263 1.24671489745378 1.50937011511996 1.31022727093659 1.38863791897893 1.73357972572558 1.8625613427721 1.13898913585581 0.900030066492036 1.14855590369552 1.85921502602287 1.03157228138298 1.824964358937 1.10255383281037 1.5551229941193
1.76753347925842 1.37506779516116 1.12722997483797 1.24546806374565 1.0240257428959 1.50016863248311 1.47239175462164 1.39262374071404 1.04882685188204 1.06705095153302 0 1.82491666753776 1.60730510926805 1.14957749564201 1.75886341743171 1.66668839100748 1.24066685163416 1.42634077346884 1.28488933364861 0.942451003240421 1.43679367541336 1.7859623269178 1.79820126271807 1.44701466336846 0.928433057153597 1.7778198341839 0.953039710875601 1.45120458491147 1.33629364985973 0.883564149728045
1.5164742951747 1.66675137332641 1.81068224296905 1.39503960940056 1.47216352168471 1.1973028825596 1.85433391481638 0.938839992741123 1.15906588104554 1.59349892917089 1.82491666753776 0 1.69359985273331 1.22793550789356 1.87428496871144 0.956538339378312 1.67358688800596 1.30575947300531 1.65907299076207 1.06808243924752 0.919381362153217 0.960244478425011 1.0583145362325 1.47289587906562 1.49840679485351 1.06584423733875 1.38905589655042 1.319782004226 0.98565974785015 1.59891424630769
1.70611225743778 1.11802164814435 1.34307868848555 1.05507429339923 1.52109895739704 1.11473403428681 1.200417999411 1.38316844776273 0.941358534619212 1.68116110214032 1.60730510926805 1.69359985273331 0 1.12892487482168 1.28950689360499 1.34887042548507 1.42745633074082 1.44123873719946 1.231108980719 1.6284336054232 1.76162445638329 1.61888460558839 1.57617083494551 1.4667081690859 1.64046937203966 1.6449902174063 1.65027780644596 1.17477660067379 1.61240355088376 1.43031527474523
0.979915441246703 1.79593932791613 0.927214653464034 1.68980268761516 1.05835922341794 1.30855523678474 1.60869307629764 1.61422347044572 0.937614957103506 1.38652591384016 1.14957749564201 1.22793550789356 1.12892487482168 0 1.52794549800456 1.03186060977168 1.5347707644105 1.77202831511386 1.67615607753396 1.55435235705227 1.83192793908529 1.10665272152983 0.890379204414785 1.57683621696196 1.00917413062416 1.3009485702496 1.53925816831179 1.47851161519065 1.72440959443338 1.11870844080113
1.38447427959181 1.55810615071096 1.56501450412907 1.25784967979416 1.85840058792382 1.04951707343571 1.76801410876215 1.76245838939212 1.44173034559935 1.16470501339063 1.75886341743171 1.87428496871144 1.28950689360499 1.52794549800456 0 1.66457839612849 1.24006721866317 1.7916402365081 1.66569919348694 0.949704317841679 1.58262348757125 1.30349973309785 1.48107527079992 1.67355988617055 1.5760738782119 1.4095296158921 1.782141613774 1.26042662002146 1.66697334987111 1.77942202542908
1.1424309713766 1.75269199581817 1.70695510762744 1.07006668346003 0.901355904759839 1.37333659105934 1.02674311981536 1.22928400360979 1.45434417249635 1.72177990386263 1.66668839100748 0.956538339378312 1.34887042548507 1.03186060977168 1.66457839612849 0 1.5289742492605 1.60719327372499 1.58334659575485 1.44000380206853 1.32901731599122 1.80569819849916 1.1460136428941 1.29601685306989 1.33549487497658 1.14500178815797 1.5605710237287 1.12898277374916 1.07189556653611 0.91488111182116
1.74308061413467 1.62956138513982 1.36771447211504 0.899134009843692 1.34139766474254 1.47605967987329 0.974033175036311 1.26705105323344 1.66500238375738 1.24671489745378 1.24066685163416 1.67358688800596 1.42745633074082 1.5347707644105 1.24006721866317 1.5289742492605 0 0.90162317478098 1.60489724902436 1.27431198512204 1.37121219490655 1.66091893962584 0.934231390245259 1.23299770988524 1.78826123499312 0.92281531682238 1.58001020434313 1.22835839120671 1.4945693812333 1.644258557586
0.979805007809773 1.53603482223116 1.47177893924527 1.08421524753794 1.37341383425519 1.45842528552748 1.50869506434537 1.77836944791488 0.912382029928267 1.50937011511996 1.42634077346884 1.30575947300531 1.44123873719946 1.77202831511386 1.7916402365081 1.60719327372499 0.90162317478098 0 1.66105800541118 1.31482251407579 1.68775140517391 1.42196190031245 1.42001827480271 1.01282937452197 1.72364111663774 0.922169963829219 1.72866699262522 1.31129455263726 1.04309791279957 0.932222861330956
1.76629915996455 1.10801131650805 1.52469733334146 1.62991741602309 1.74328546621837 1.52811176376417 1.59899392095394 1.77733251801692 1.02405765978619 1.31022727093659 1.28488933364861 1.65907299076207 1.231108980719 1.67615607753396 1.66569919348694 1.58334659575485 1.60489724902436 1.66105800541118 0 1.52018424286507 1.59495226643048 1.01459329808131 1.29810897447169 1.8186540924944 1.80649884976447 0.910631489939988 1.87493276060559 1.35040521202609 0.929111311910674 1.81264422019012
1.28144746948965 1.30096941627562 1.51089637703262 1.76234933803789 1.5619816055987 1.4410385042429 0.920253359014168 1.09606537246145 1.75415988103487 1.38863791897893 0.942451003240421 1.06808243924752 1.6284336054232 1.55435235705227 0.949704317841679 1.44000380206853 1.27431198512204 1.31482251407579 1.52018424286507 0 1.07721452810802 1.78016872587614 1.11861354461871 1.69693395169452 0.960592434043065 1.02646633982658 1.24127418315038 1.07708352711052 1.33103791577742 1.82321735401638
1.36562568764202 1.73018558486365 1.76721823960543 1.2717016893439 1.54222777555697 1.18564762338065 1.80304622231051 1.14086005208082 1.31415548315272 1.73357972572558 1.43679367541336 0.919381362153217 1.76162445638329 1.83192793908529 1.58262348757125 1.32901731599122 1.37121219490655 1.68775140517391 1.59495226643048 1.07721452810802 0 0.962535029975697 1.50942208082415 1.56597857014276 1.03110740799457 0.945530465105549 1.25548335560597 1.45469072810374 1.28694999008439 1.65743228117935
1.27313248557039 1.20806167391129 1.82545549725182 1.865134797059 1.30595506844111 1.02464988431893 1.0850179286208 1.03820773586631 1.75778940087184 1.8625613427721 1.7859623269178 0.960244478425011 1.61888460558839 1.10665272152983 1.30349973309785 1.80569819849916 1.66091893962584 1.42196190031245 1.01459329808131 1.78016872587614 0.962535029975697 0 1.66223823023029 1.36423189239576 1.16015383787453 1.24236556375399 1.50872535281815 1.63686707406305 0.917573186336085 1.4390689493157
1.26062745507807 1.47938582790084 1.50542409531772 1.64438049704768 0.939737588632852 1.81332354201004 1.28147387737408 0.987583086825907 1.51939062820747 1.13898913585581 1.79820126271807 1.0583145362325 1.57617083494551 0.890379204414785 1.48107527079992 1.1460136428941 0.934231390245259 1.42001827480271 1.29810897447169 1.11861354461871 1.50942208082415 1.66223823023029 0 1.40315668703988 0.995744925923645 1.03822750365362 1.40732642193325 1.7036356467288 1.0695574937854 1.05386828398332
1.78049731976353 1.45954079506919 1.39066405501217 1.57516694325022 1.37683648546226 1.73070724704303 1.27494914853014 1.46175885782577 1.32298997882754 0.900030066492036 1.44701466336846 1.47289587906562 1.4667081690859 1.57683621696196 1.67355988617055 1.29601685306989 1.23299770988524 1.01282937452197 1.8186540924944 1.69693395169452 1.56597857014276 1.36423189239576 1.40315668703988 0 1.28921837336384 1.51336629432626 1.39945209841244 1.56452132738195 1.43503857310861 1.093810075894
1.19072907953523 1.64391420362517 1.57961570867337 1.61803856864572 1.40076674567536 1.12799358717166 1.57352202618495 1.35986622376367 1.07957525225356 1.14855590369552 0.928433057153597 1.49840679485351 1.64046937203966 1.00917413062416 1.5760738782119 1.33549487497658 1.78826123499312 1.72364111663774 1.80649884976447 0.960592434043065 1.03110740799457 1.16015383787453 0.995744925923645 1.28921837336384 0 0.95414805226028 1.38177303620614 1.12745842384174 1.60480963625014 1.52791325584985
0.951403076993302 1.46711240941659 1.75388281024061 1.0394626527559 1.01223921147175 1.1145248033572 1.49671936500818 1.24151047458872 1.42124453303404 1.85921502602287 1.7778198341839 1.06584423733875 1.6449902174063 1.3009485702496 1.4095296158921 1.14500178815797 0.92281531682238 0.922169963829219 0.910631489939988 1.02646633982658 0.945530465105549 1.24236556375399 1.03822750365362 1.51336629432626 0.95414805226028 0 1.03750198637135 1.57590062124655 1.72938800952397 1.53964841598645
1.38489235006273 1.40640071453527 1.77259332314134 1.30594500456937 1.73504760069773 1.06465136539191 1.47326985746622 1.3138385170605 1.24871715484187 1.03157228138298 0.953039710875601 1.38905589655042 1.65027780644596 1.53925816831179 1.782141613774 1.5605710237287 1.58001020434313 1.72866699262522 1.87493276060559 1.24127418315038 1.25548335560597 1.50872535281815 1.40732642193325 1.39945209841244 1.38177303620614 1.03750198637135 0 1.31334637897089 0.965429285308346 1.63473412580788
1.68699200078845 1.39818330598064 1.20154243009165 1.55694738333113 1.58932481519878 1.63011739542708 0.953643140848726 1.37931794510223 1.4830216516275 1.824964358937 1.45120458491147 1.319782004226 1.17477660067379 1.47851161519065 1.26042662002146 1.12898277374916 1.22835839120671 1.31129455263726 1.35040521202609 1.07708352711052 1.45469072810374 1.63686707406305 1.7036356467288 1.56452132738195 1.12745842384174 1.57590062124655 1.31334637897089 0 0.916007082210854 0.910189633257687
1.02589396527037 1.14094447041862 1.02387361251749 1.02174349292181 1.68650813773274 1.61701895296574 1.64146824576892 0.90433108760044 1.62107514799573 1.10255383281037 1.33629364985973 0.98565974785015 1.61240355088376 1.72440959443338 1.66697334987111 1.07189556653611 1.4945693812333 1.04309791279957 0.929111311910674 1.33103791577742 1.28694999008439 0.917573186336085 1.0695574937854 1.43503857310861 1.60480963625014 1.72938800952397 0.965429285308346 0.916007082210854 0 1.82619671546854
1.46658287849277 1.25842587393709 1.53031385270879 1.27362212864682 1.37480988330208 1.04775565676391 1.67689088801853 1.18289274163544 1.742091067601 1.5551229941193 0.883564149728045 1.59891424630769 1.43031527474523 1.11870844080113 1.77942202542908 0.91488111182116 1.644258557586 0.932222861330956 1.81264422019012 1.82321735401638 1.65743228117935 1.4390689493157 1.05386828398332 1.093810075894 1.52791325584985 1.53964841598645 1.63473412580788 0.910189633257687 1.82619671546854 0
