0 1.63822141778655 1.5816325887572 1.03157402179204 1.87990581197664 1.73069021548145 0.997407229151577 1.35314990160987 1.66846941015683 1.50725228269584 1.29068401479162 1.5344879727345 1.00657013221644 1.01440540514886 1.69971223850735 1.08931598020718 1.14789363974705 1.79813384707086 1.61508983606473 1.8026956433896 0.958710712147877 1.86324542784132 1.91664202534594 1.81609998899512 1.66125763440505 0.961234233807772 1.92926000826992 1.84422626020387 1.20724240341224 1.59808186371811
1.63822141778655 0 1.30839840346016 1.30010941857472 1.79343548393808 1.31969017442316 1.82470838027075 1.17740254313685 1.28788902470842 1.72232741094194 1.32342028059065 1.89207643549889 1.51302060158923 1.936185288243 1.63734910264611 1.66181557020172 0.954044729704037 1.43769139889628 1.74428532784805 1.70625760522671 1.28169377916493 1.7841622531414 1.35431866906583 1.14472296391614 0.995672541670501 1.13572407653555 1.49840610218234 1.76679577142932 1.24629016942345 1.44546521711163
1.5816325887572 1.30839840346016 0 1.49166723433882 1.8388016927056 1.15341546735726 1.37016079132445 1.8720796990674 1.15993030951358 1.66552610788494 1.03585498221219 1.12705707782879 1.78766334755346 1.73678895505145 1.1412136668805 1.80239212699234 1.51099968282506 1.01964223734103 1.82474900758825 1.22212202078663 1.9069597076159 1.11133333318867 1.65241818339564 1.84585079760291 1.12739503500052 1.5100281459745 1.18517932388932 1.6085746306926 1.54018193576485 0.97027509030886
1.03157402179204 1.30010941857472 1.49166723433882 0 1.39312812057324 0.966376636177301 1.31762890424579 1.02839991939254 1.74653141875751 1.00417071860284 1.70062018116005 1.91096825082786 1.42431756830774 1.24868207820691 1.10390683659352 1.81667289230973 1.2720388432499 1.06357683916576 1.86580391018651 1.48712746379897 1.21582943992689 0.994597332319245 1.01329881837592 1.3112354753539 1.79306411393918 0.959236331284046 1.33005493506789 1.87107140873559 1.14426451828331 1.65849292208441
1.87990581197664 1.79343548393808 1.8388016927056 1.39312812057324 0 1.66777015663683 1.5615724218078 1.18955824500881 1.48160008271225 1.41943926899694 1.61754015064798 1.61055131652392 1.31965954531915 1.15309164603241 1.76591989165172 1.63972698966973 1.73151371208951 1.75797253800556 1.3871790911071 1.43096970999613 1.46813417202793 1.65704312175512 1.56957579660229 1.31958204531111 1.09805094241165 1.64576906757429 1.47766375401989 1.05951460986398 1.9433740710374 1.68901610025205
1.73069021548145 1.31969017442316 1.15341546735726 0.966376636177301 1.66777015663683 0 1.11018215748481 1.81760384561494 1.84080622834153 1.50033062696457 1.634987143334 1.7121852603741 1.31125044403598 1.63990181568079 1.25210341345519 1.30585313565098 1.87066636094823 1.60798470326699 1.42512549646199 1.74329557921737 1.33134472277015 1.51949805952609 1.84042037883773 1.39065147936344 1.16222162405029 1.2230023581069 1.55667629162781 1.00929036200978 1.04723721113987 1.43580809934065
0.997407229151577 1.82470838027075 1.37016079132445 1.31762890424579 1.5615724218078 1.11018215748481 0 1.49529795837589 1.66138137923554 1.84557885816321 1.64904000493698 1.03243682160974 1.89536617230624 1.16227677091956 1.43008165829815 1.44866465334781 1.39083952945657 1.67626421782188 1.06482096505351 1.6118022063747 1.79814644600265 1.80675458465703 1.57483582338318 1.3426374825649 1.64790864521638 1.17884819186293 1.26796419965103 1.65138710779138 1.54490073560737 1.44673547288403
1.35314990160987 1.17740254313685 1.8720796990674 1.02839991939254 1.18955824500881 1.81760384561494 1.49529795837589 0 1.57784471707419 1.90483390237205 1.02321104495786 1.67827645363286 1.57936657918617 1.26550252968445 1.5148813908454 1.1734546367079 1.27837394876406 1.61763865244575 1.36749086319469 0.961393876234069 1.17283089109696 1.68116361438297 1.91485558496788 1.28937283833511 1.77720405650325 1.58574276370928 1.48317699460313 1.31202379381284 1.56304888031445 1.21806761715561
1.66846941015683 1.28788902470842 1.15993030951358 1.74653141875751 1.48160008271225 1.84080622834153 1.66138137923554 1.57784471707419 0 1.18954392033629 1.40433424455114 1.41097545064986 1.1460405564867 1.81537991389632 1.60099235363305 1.21239925175905 1.40411355835386 1.60583616467193 0.962444304954261 1.84120361786336 1.71334669389762 1.52719707973301 1.94962135469541 1.09237442770973 1.14663333306089 1.61971976072527 0.954954778309911 1.23829118022695 1.06718127080239 1.62340590078384
1.50725228269584 1.72232741094194 1.66552610788494 1.00417071860284 1.41943926899694 1.50033062696457 1.84557885816321 1.90483390237205 1.18954392033629 0 1.57430672738701 1.85736049548723 1.7147348895669 1.09777992055751 1.94200973236002 1.09574909857474 1.48313612653874 1.06928754737601 1.84049242781475 1.7249450806994 1.05912668607198 1.23073185794055 1.89809799008071 0.962894086493179 1.64511907030828 1.2918516357895 1.65325270663016 0.965883066644892 1.88598426198587 0.986903050681576
1.29068401479162 1.32342028059065 1.03585498221219 1.70062018116005 1.61754015064798 1.634987143334 1.64904000493698 1.02321104495786 1.40433424455114 1.57430672738701 0 1.43727561528794 1.63225982734002 1.84589582472108 1.37694419664331 1.59256654162891 1.32081946032122 1.29119924199767 1.25543713755906 1.64487242535688 1.78083456633613 1.37616114947014 1.88553883368149 1.14250179356895 1.01293741888367 1.79151857015677 1.40732329548337 1.87335092737339 1.84173068939708 1.16881484515034
1.5344879727345 1.89207643549889 1.12705707782879 1.91096825082786 1.61055131652392 1.7121852603741 1.03243682160974 1.67827645363286 1.41097545064986 1.85736049548723 1.43727561528794 0 1.53343097260222 1.52999823749997 1.17067904258147 1.22888784110546 1.91574765276164 1.88547024293803 1.11687285150401 1.15819217287935 0.987247368553653 1.20803485065699 1.70343413273804 1.47023572702892 1.64813140919432 1.19935174332932 1.15994553500786 1.50224679615349 1.70173571561463 1.6587212800514
1.00657013221644 1.51302060158923 1.78766334755346 1.42431756830774 1.31965954531915 1.31125044403598 1.89536617230624 1.57936657918617 1.1460405564867 1.7147348895669 1.63225982734002 1.53343097260222 0 1.77378587145358 1.55366369010881 1.30941573437303 1.66073283622973 1.56145182880573 1.58774020452984 1.49290612246841 1.59366443194449 1.13941538496874 1.02270996826701 1.15834879223257 1.93043186236173 0.995332527207211 1.50350197963417 1.02693951502442 1.6844501059968 1.54940272006206
1.01440540514886 1.936185288243 1.73678895505145 1.24868207820691 1.15309164603241 1.63990181568079 1.16227677091956 1.26550252968445 1.81537991389632 1.09777992055751 1.84589582472108 1.52999823749997 1.77378587145358 0 1.7477869540453 1.17770748725161 1.86833251966164 1.91515834303573 1.49333845428191 1.06757744005881 1.02973135653883 1.06452610134147 1.13926356122829 1.90497611137107 1.15526713663712 1.78304251446389 0.973773536505178 1.51443326612934 1.46512330137193 1.5277198527474
1.69971223850735 1.63734910264611 1.1412136668805 1.10390683659352 1.76591989165172 1.25210341345519 1.43008165829815 1.5148813908454 1.60099235363305 1.94200973236002 1.37694419664331 1.17067904258147 1.55366369010881 1.7477869540453 0 1.80188757413998 1.11224258155562 1.38876492669806 1.9083662442863 1.08202893496491 1.84962786221877 1.86400025663897 1.17306018620729 1.00720793171786 1.76814563618973 1.40940494998358 0.992751921992749 1.04524091118947 1.86073232581839 1.93055639741942
1.08931598020718 1.66181557020172 1.80239212699234 1.81667289230973 1.63972698966973 1.30585313565098 1.44866465334781 1.1734546367079 1.21239925175905 1.09574909857474 1.59256654162891 1.22888784110546 1.30941573437303 1.17770748725161 1.80188757413998 0 1.80973253468983 1.08332505775616 1.0614207405597 1.91505004395731 1.65561751509085 1.30553941894323 1.86531559354626 1.85664966213517 1.37109076860361 1.4256076766178 1.57723359949887 1.4828245905228 1.79482284979895 1.81778314267285
1.14789363974705 0.954044729704037 1.51099968282506 1.2720388432499 1.73151371208951 1.87066636094823 1.39083952945657 1.27837394876406 1.40411355835386 1.48313612653874 1.32081946032122 1.91574765276164 1.66073283622973 1.86833251966164 1.11224258155562 1.80973253468983 0 0.990022879326716 1.33494737208821 1.57220621523447 1.93492886493914 1.69698879704811 1.39893005066551 1.13489088439383 1.71602324186824 1.51781452610157 1.86836982681416 1.90521255508065 1.07563546672463 1.02452121046372
1.79813384707086 1.43769139889628 1.01964223734103 1.06357683916576 1.75797253800556 1.60798470326699 1.67626421782188 1.61763865244575 1.60583616467193 1.06928754737601 1.29119924199767 1.88547024293803 1.56145182880573 1.91515834303573 1.38876492669806 1.08332505775616 0.990022879326716 0 1.43202666006982 0.961505374638364 1.89071538043208 1.74037131294608 1.57721441984177 1.6133584594354 1.7980953133665 1.63556145853363 0.999033119762316 1.00353712169454 1.51249479525723 1.2864461869467
1.61508983606473 1.74428532784805 1.82474900758825 1.86580391018651 1.3871790911071 1.42512549646199 1.06482096505351 1.36749086319469 0.962444304954261 1.84049242781475 1.25543713755906 1.11687285150401 1.58774020452984 1.49333845428191 1.9083662442863 1.0614207405597 1.33494737208821 1.43202666006982 0 1.2492937897332 1.92033004038967 1.52535940171219 1.73743451107293 1.40595193696208 0.958715120097622 1.80893412139267 1.29549398901872 1.86987873306498 1.85202705278061 1.25661804853007
1.8026956433896 1.70625760522671 1.22212202078663 1.48712746379897 1.43096970999613 1.74329557921737 1.6118022063747 0.961393876234069 1.84120361786336 1.7249450806994 1.64487242535688 1.15819217287935 1.49290612246841 1.06757744005881 1.08202893496491 1.91505004395731 1.57220621523447 0.961505374638364 1.2492937897332 0 1.72937385016121 1.63392986054532 1.93562470166944 1.17240550136194 1.94739556917921 1.30824665306136 1.70590616227128 1.7930855860468 1.83421231037937 1.23156172945164
0.958710712147877 1.28169377916493 1.9069597076159 1.21582943992689 1.46813417202793 1.33134472277015 1.79814644600265 1.17283089109696 1.71334669389762 1.05912668607198 1.78083456633613 0.987247368553653 1.59366443194449 1.02973135653883 1.84962786221877 1.65561751509085 1.93492886493914 1.89071538043208 1.92033004038967 1.72937385016121 0 1.57612616196275 1.00257765711285 1.33257857477292 0.96161492029205 1.05403043096885 1.56888319109567 1.77658965275623 1.08284916798584 1.02104243193753
1.86324542784132 1.7841622531414 1.11133333318867 0.994597332319245 1.65704312175512 1.51949805952609 1.80675458465703 1.68116361438297 1.52719707973301 1.23073185794055 1.37616114947014 1.20803485065699 1.13941538496874 1.06452610134147 1.86400025663897 1.30553941894323 1.69698879704811 1.74037131294608 1.52535940171219 1.63392986054532 1.57612616196275 0 1.62031621485949 1.39102904102765 1.33094987017103 1.27196954656392 1.7364753074944 1.72148892260157 1.55800604098476 1.16323669161648
1.91664202534594 1.35431866906583 1.65241818339564 1.01329881837592 1.56957579660229 1.84042037883773 1.57483582338318 1.91485558496788 1.94962135469541 1.89809799008071 1.88553883368149 1.70343413273804 1.02270996826701 1.13926356122829 1.17306018620729 1.86531559354626 1.39893005066551 1.57721441984177 1.73743451107293 1.93562470166944 1.00257765711285 1.62031621485949 0 1.11963977920823 1.21003652154468 1.36928493715823 1.09272682876326 1.38744127051905 1.00348958326504 0.997232551686466
1.81609998899512 1.14472296391614 1.84585079760291 1.3112354753539 1.31958204531111 1.39065147936344 1.3426374825649 1.28937283833511 1.09237442770973 0.962894086493179 1.14250179356895 1.47023572702892 1.15834879223257 1.90497611137107 1.00720793171786 1.85664966213517 1.13489088439383 1.6133584594354 1.40595193696208 1.17240550136194 1.33257857477292 1.39102904102765 1.11963977920823 0 1.379348204704 1.04564665490761 1.30411163764074 1.35211557382718 1.55730330920778 1.35668614925817
1.66125763440505 0.995672541670501 1.12739503500052 1.79306411393918 1.09805094241165 1.16222162405029 1.64790864521638 1.77720405650325 1.14663333306089 1.64511907030828 1.01293741888367 1.64813140919432 1.93043186236173 1.15526713663712 1.76814563618973 1.37109076860361 1.71602324186824 1.7980953133665 0.958715120097622 1.94739556917921 0.96161492029205 1.33094987017103 1.21003652154468 1.379348204704 0 0.990884218132123 1.48560767876916 0.989268664969131 1.15066307922825 1.91326021985151
0.961234233807772 1.13572407653555 1.5100281459745 0.959236331284046 1.64576906757429 1.2230023581069 1.17884819186293 1.58574276370928 1.61971976072527 1.2918516357895 1.79151857015677 1.19935174332932 0.995332527207211 1.78304251446389 1.40940494998358 1.4256076766178 1.51781452610157 1.63556145853363 1.80893412139267 1.30824665306136 1.05403043096885 1.27196954656392 1.36928493715823 1.04564665490761 0.990884218132123 0 1.03363879211247 1.13045521848835 1.65009419620037 1.84483695891686
1.92926000826992 1.49840610218234 1.18517932388932 1.33005493506789 1.47766375401989 1.55667629162781 1.26796419965103 1.48317699460313 0.954954778309911 1.65325270663016 1.40732329548337 1.15994553500786 1.50350197963417 0.973773536505178 0.992751921992749 1.57723359949887 1.86836982681416 0.999033119762316 1.29549398901872 1.70590616227128 1.56888319109567 1.7364753074944 1.09272682876326 1.30411163764074 1.48560767876916 1.03363879211247 0 1.82266032928601 1.65230732620694 1.24570959224366
1.84422626020387 1.76679577142932 1.6085746306926 1.87107140873559 1.05951460986398 1.00929036200978 1.65138710779138 1.31202379381284 1.23829118022695 0.965883066644892 1.87335092737339 1.50224679615349 1.02693951502442 1.51443326612934 1.04524091118947 1.4828245905228 1.90521255508065 1.00353712169454 1.86987873306498 1.7930855860468 1.77658965275623 1.72148892260157 1.38744127051905 1.35211557382718 0.989268664969131 1.13045521848835 1.82266032928601 0 1.67689919145778 1.43438397860155
1.20724240341224 1.24629016942345 1.54018193576485 1.14426451828331 1.9433740710374 1.04723721113987 1.54490073560737 1.56304888031445 1.06718127080239 1.88598426198587 1.84173068939708 1.70173571561463 1.6844501059968 1.46512330137193 1.86073232581839 1.79482284979895 1.07563546672463 1.51249479525723 1.85202705278061 1.83421231037937 1.08284916798584 1.55800604098476 1.00348958326504 1.55730330920778 1.15066307922825 1.65009419620037 1.65230732620694 1.67689919145778 0 1.56158483680338
1.59808186371811 1.44546521711163 0.97027509030886 1.65849292208441 1.68901610025205 1.43580809934065 1.44673547288403 1.21806761715561 1.62340590078384 0.986903050681576 1.16881484515034 1.6587212800514 1.54940272006206 1.5277198527474 1.93055639741942 1.81778314267285 1.02452121046372 1.2864461869467 1.25661804853007 1.23156172945164 1.02104243193753 1.16323669161648 0.997232551686466 1.35668614925817 1.91326021985151 1.84483695891686 1.24570959224366 1.43438397860155 1.56158483680338 0
