0 1.08346132608131 1.05930650583468 1.73255911935121 1.02231120644137 1.39800897194073 1.61438975902274 1.00644622836262 1.28239550767466 0.962972263107076 1.27163661504164 1.84129816154018 1.41328072734177 1.03810815280303 1.2888475197833 1.39363145967945 1.2566399089992 1.02956964937039 1.06767679867335 0.995626919204369 0.99160199938342 1.45884365192614 1.54439886356704 1.11975981504656 1.6714057396166 1.56107193115167 0.964759323280305 1.32979570701718 1.4299080746714 1.94809553772211
1.08346132608131 0 1.25985980406404 1.32577022723854 1.3172416058369 1.96176270046271 1.51127042411827 1.09407983976416 1.41183666023426 1.65677441749722 1.62305247364566 1.07804733770899 1.45118925673887 1.26463536964729 1.19178682309575 1.10827115247957 1.30034652771428 1.3179514342919 1.17601509112865 1.61127352295443 1.3157909011934 1.74247914762236 1.53141332184896 1.27218368765898 1.17165164253674 1.44267569342628 1.83088469784707 1.04619470587932 1.93972986820154 1.23758778837509
1.05930650583468 1.25985980406404 0 1.21852025599219 1.78928935597651 1.194597275462 1.18810053099878 1.17796674161218 1.70164938271046 1.53897450538352 1.94312426680699 1.32885568519123 0.962051086593419 1.0356179329101 1.43643788807094 1.6527515524067 1.92166647152044 1.93466805387288 1.0434520940762 1.85387346730568 1.47376426192932 1.67688866332173 1.21428522584029 1.13621865352616 1.05150812165812 1.32838728302158 1.79610239295289 1.05182387121022 1.86805247375742 1.70287942932919
1.73255911935121 1.32577022723854 1.21852025599219 0 1.44009806169197 1.29004239663482 1.40169783984311 0.984231418231502 1.63399705616757 1.19110206118785 1.11455313232727 1.11839500791393 1.00357123580761 1.82957721315324 1.28320591337979 1.51920001488179 1.72262720996514 1.78685077861883 1.21331356978044 1.51719513651915 1.85913991509005 1.68140054913238 1.29105650866404 1.13607876538299 1.52105102688074 1.36336715146899 1.67243681498803 1.4647146104835 1.44441209733486 1.63981774379499
1.02231120644137 1.3172416058369 1.78928935597651 1.44009806169197 0 1.61436508316547 1.03484493703581 1.4157554525882 1.51716904388741 1.92107168305665 1.71411294071004 1.25454605789855 1.70138781610876 1.11459863837808 0.977892901049927 1.60296840337105 1.43106316728517 1.0663445291575 1.84518137737177 0.97494016145356 1.54939183779061 1.30811265925877 1.49371712864377 1.82424257043749 1.11014066403732 1.89086947846226 1.59125849045813 1.39672701153904 1.83459067507647 1.60727606411092
1.39800897194073 1.96176270046271 1.194597275462 1.29004239663482 1.61436508316547 0 1.77973697707057 0.974202097626403 1.1992554909084 1.89803839917295 1.36269782437012 1.8218686284963 1.65562207135372 1.93201615149155 1.5683829728514 1.64393404801376 1.47761582350358 1.47433662600815 1.86826846306212 1.22053619008511 1.16842429549433 1.0856850722339 1.92368405405432 1.94535680743866 1.86428817408159 1.22057422599755 1.50259372545406 1.40390579286031 1.5993397324346 1.03235999145545
1.61438975902274 1.51127042411827 1.18810053099878 1.40169783984311 1.03484493703581 1.77973697707057 0 1.70812028599903 1.91923122899607 1.18169818725437 1.13685724092647 1.17923562740907 1.92831301526166 1.83851926983334 0.997209112625569 1.25735234585591 1.12864655163139 1.29711433523335 1.63924460485578 1.93025258346461 0.98798430711031 1.14182286965661 1.93840521690436 1.56099897692911 1.34660891047679 1.11002341867425 1.30125919426791 1.50391577347182 0.964246309362352 1.2027405416593
1.00644622836262 1.09407983976416 1.17796674161218 0.984231418231502 1.4157554525882 0.974202097626403 1.70812028599903 0 1.44354025949724 1.11576086562127 1.49344482948072 1.69376841653138 1.87272508465685 1.77713728370145 1.55958549096249 1.09945128671825 1.02197093656287 1.32461356464773 1.88070984603837 1.56973880110309 1.41084460099228 1.3318523960188 1.00700788362883 1.79547439329326 1.8952769706957 1.86151372082531 1.35754042980261 1.24569585639983 1.64521977701224 1.37301762891002
1.28239550767466 1.41183666023426 1.70164938271046 1.63399705616757 1.51716904388741 1.1992554909084 1.91923122899607 1.44354025949724 0 1.66700328956358 1.66961808386259 1.93260118342005 1.36422079848126 1.36564815230668 1.10508777713403 1.47090257820673 1.23551573697478 1.179084131727 1.61828817334026 1.41121429018676 1.3898838441819 1.293493705336 1.3445229656063 1.71755661861971 1.22954773646779 1.66896984772757 1.18724864837714 1.93238873383962 0.984141605440527 1.47336070984602
0.962972263107076 1.65677441749722 1.53897450538352 1.19110206118785 1.92107168305665 1.89803839917295 1.18169818725437 1.11576086562127 1.66700328956358 0 1.37068683537655 1.89741850295104 1.93715324788354 1.13893255032599 1.78565926407464 1.25155134196393 1.46271330164745 1.74911297042854 1.50228251260705 1.95859918231145 1.74542547715828 1.42286332533695 1.57120125833899 1.14778175787069 1.0182196428068 0.993560536764562 1.77215967769735 1.59301795437932 1.06418516696431 1.7631168498192
1.27163661504164 1.62305247364566 1.94312426680699 1.11455313232727 1.71411294071004 1.36269782437012 1.13685724092647 1.49344482948072 1.66961808386259 1.37068683537655 0 1.54773584404029 1.29977551079355 1.03896061168052 1.22368931095116 1.69395113061182 1.07744911499321 1.16777178854682 1.84856158914044 1.036434821086 1.88590895826928 1.31441126973368 1.44284428469837 1.08892022911459 1.7750271758996 1.48282875260338 1.17946353554726 1.89165659272112 1.25108805415221 1.03862478071824
1.84129816154018 1.07804733770899 1.32885568519123 1.11839500791393 1.25454605789855 1.8218686284963 1.17923562740907 1.69376841653138 1.93260118342005 1.89741850295104 1.54773584404029 0 1.31809410522692 1.62298676744103 1.60633431351744 1.89292974933051 1.14487845310941 1.88160027191043 1.61421377304941 1.01249296683818 1.79190514562652 1.6667590001598 1.07488500024192 1.93381307995878 1.8372371639125 1.86956984177232 1.28803941677324 1.68826432479545 1.310677154921 1.08751907804981
1.41328072734177 1.45118925673887 0.962051086593419 1.00357123580761 1.70138781610876 1.65562207135372 1.92831301526166 1.87272508465685 1.36422079848126 1.93715324788354 1.29977551079355 1.31809410522692 0 1.48238802189007 1.1769671915099 1.16182815982029 1.87879505823366 1.39587475918233 1.68404085934162 1.1146297340747 1.43937668134458 1.93559699552134 1.27052262704819 0.970387379638851 1.80229846620932 1.25731909135357 1.6898226744961 1.60878296033479 1.1473171224352 1.51254441984929
1.03810815280303 1.26463536964729 1.0356179329101 1.82957721315324 1.11459863837808 1.93201615149155 1.83851926983334 1.77713728370145 1.36564815230668 1.13893255032599 1.03896061168052 1.62298676744103 1.48238802189007 0 1.7649593653623 1.8767921407707 1.71822981629521 1.54847450158559 1.54523579240777 1.00283848238178 1.12456743745133 1.92795310309157 0.969607276376337 1.60281375050545 1.65699463733472 1.19875236367807 1.13380606705323 1.72373847430572 1.03734680777416 1.16578723979183
1.2888475197833 1.19178682309575 1.43643788807094 1.28320591337979 0.977892901049927 1.5683829728514 0.997209112625569 1.55958549096249 1.10508777713403 1.78565926407464 1.22368931095116 1.60633431351744 1.1769671915099 1.7649593653623 0 1.42328189010732 0.99649050552398 0.967629659222439 1.85275856452063 1.0560112381354 1.49353972868994 1.80094071757048 1.55775128002279 1.49080690578558 1.62838464532979 1.48209081962705 1.61421915423125 1.27033884963021 1.27340751537122 1.79310704325326
1.39363145967945 1.10827115247957 1.6527515524067 1.51920001488179 1.60296840337105 1.64393404801376 1.25735234585591 1.09945128671825 1.47090257820673 1.25155134196393 1.69395113061182 1.89292974933051 1.16182815982029 1.8767921407707 1.42328189010732 0 1.68523399881087 1.27153021586128 0.982932154787704 1.59506524400786 1.57953946106136 1.19483552128077 1.9219869482331 1.19148914329708 1.49868430173956 1.23979777609929 1.8619714549277 1.20052627637051 1.81169170304202 1.77334569278173
1.2566399089992 1.30034652771428 1.92166647152044 1.72262720996514 1.43106316728517 1.47761582350358 1.12864655163139 1.02197093656287 1.23551573697478 1.46271330164745 1.07744911499321 1.14487845310941 1.87879505823366 1.71822981629521 0.99649050552398 1.68523399881087 0 1.26691150502302 1.91633429913782 1.06833793781698 1.18487255298533 1.01715587778017 1.07299218792468 1.3855246938765 1.07419343409128 1.38352145254612 1.09056077781133 1.92862549074925 1.79314268520102 1.40530892834067
1.02956964937039 1.3179514342919 1.93466805387288 1.78685077861883 1.0663445291575 1.47433662600815 1.29711433523335 1.32461356464773 1.179084131727 1.74911297042854 1.16777178854682 1.88160027191043 1.39587475918233 1.54847450158559 0.967629659222439 1.27153021586128 1.26691150502302 0 1.76354991365224 1.30101773748174 0.978433409472927 1.94178897328675 1.90874050464481 1.83074758131988 1.30641287681647 1.24098702473566 1.08067438309081 1.24819159484468 1.23912272020243 1.34834180446342
1.06767679867335 1.17601509112865 1.0434520940762 1.21331356978044 1.84518137737177 1.86826846306212 1.63924460485578 1.88070984603837 1.61828817334026 1.50228251260705 1.84856158914044 1.61421377304941 1.68404085934162 1.54523579240777 1.85275856452063 0.982932154787704 1.91633429913782 1.76354991365224 0 1.36375327291898 1.29540401115082 1.42135711736046 1.23699748702347 1.09402281558141 1.81705938279629 1.8681957651861 1.90958339371718 1.36535630770959 1.09741806564853 1.43089774181135
0.995626919204369 1.61127352295443 1.85387346730568 1.51719513651915 0.97494016145356 1.22053619008511 1.93025258346461 1.56973880110309 1.41121429018676 1.95859918231145 1.036434821086 1.01249296683818 1.1146297340747 1.00283848238178 1.0560112381354 1.59506524400786 1.06833793781698 1.30101773748174 1.36375327291898 0 1.13472168473527 1.81493856338784 1.60148098738864 1.77573436521925 1.35834673955105 1.16447606962174 1.09672587784007 0.973133218241856 1.32734343688935 1.17831776360981
0.99160199938342 1.3157909011934 1.47376426192932 1.85913991509005 1.54939183779061 1.16842429549433 0.98798430711031 1.41084460099228 1.3898838441819 1.74542547715828 1.88590895826928 1.79190514562652 1.43937668134458 1.12456743745133 1.49353972868994 1.57953946106136 1.18487255298533 0.978433409472927 1.29540401115082 1.13472168473527 0 1.17630182043649 0.976673389552161 1.14190260833129 1.00732315471396 1.3216603633482 1.0438169548288 1.62661885726266 1.55307407653891 1.33927715593018
1.45884365192614 1.74247914762236 1.67688866332173 1.68140054913238 1.30811265925877 1.0856850722339 1.14182286965661 1.3318523960188 1.293493705336 1.42286332533695 1.31441126973368 1.6667590001598 1.93559699552134 1.92795310309157 1.80094071757048 1.19483552128077 1.01715587778017 1.94178897328675 1.42135711736046 1.81493856338784 1.17630182043649 0 1.64472861937247 1.43422067514621 1.58993654418737 1.11320056486875 1.96060090884566 0.964700521668419 1.13351343851537 1.27757849730551
1.54439886356704 1.53141332184896 1.21428522584029 1.29105650866404 1.49371712864377 1.92368405405432 1.93840521690436 1.00700788362883 1.3445229656063 1.57120125833899 1.44284428469837 1.07488500024192 1.27052262704819 0.969607276376337 1.55775128002279 1.9219869482331 1.07299218792468 1.90874050464481 1.23699748702347 1.60148098738864 0.976673389552161 1.64472861937247 0 1.62041740049608 1.6980898398906 1.29544342006557 1.04060192988254 1.08129696454853 1.7461559122894 1.08339237514883
1.11975981504656 1.27218368765898 1.13621865352616 1.13607876538299 1.82424257043749 1.94535680743866 1.56099897692911 1.79547439329326 1.71755661861971 1.14778175787069 1.08892022911459 1.93381307995878 0.970387379638851 1.60281375050545 1.49080690578558 1.19148914329708 1.3855246938765 1.83074758131988 1.09402281558141 1.77573436521925 1.14190260833129 1.43422067514621 1.62041740049608 0 1.10575992544182 1.7546119261533 1.66185924317688 1.75481241825037 1.38941144896671 1.84376550093293
1.6714057396166 1.17165164253674 1.05150812165812 1.52105102688074 1.11014066403732 1.86428817408159 1.34660891047679 1.8952769706957 1.22954773646779 1.0182196428068 1.7750271758996 1.8372371639125 1.80229846620932 1.65699463733472 1.62838464532979 1.49868430173956 1.07419343409128 1.30641287681647 1.81705938279629 1.35834673955105 1.00732315471396 1.58993654418737 1.6980898398906 1.10575992544182 0 1.10520727722906 1.01278519211337 1.9160547319334 1.72059868322685 1.78695977688767
1.56107193115167 1.44267569342628 1.32838728302158 1.36336715146899 1.89086947846226 1.22057422599755 1.11002341867425 1.86151372082531 1.66896984772757 0.993560536764562 1.48282875260338 1.86956984177232 1.25731909135357 1.19875236367807 1.48209081962705 1.23979777609929 1.38352145254612 1.24098702473566 1.8681957651861 1.16447606962174 1.3216603633482 1.11320056486875 1.29544342006557 1.7546119261533 1.10520727722906 0 0.997496779309586 1.10544441221282 1.20750159327872 1.49240662064403
0.964759323280305 1.83088469784707 1.79610239295289 1.67243681498803 1.59125849045813 1.50259372545406 1.30125919426791 1.35754042980261 1.18724864837714 1.77215967769735 1.17946353554726 1.28803941677324 1.6898226744961 1.13380606705323 1.61421915423125 1.8619714549277 1.09056077781133 1.08067438309081 1.90958339371718 1.09672587784007 1.0438169548288 1.96060090884566 1.04060192988254 1.66185924317688 1.01278519211337 0.997496779309586 0 1.21096864505671 1.55499442270957 1.39213192113675
1.32979570701718 1.04619470587932 1.05182387121022 1.4647146104835 1.39672701153904 1.40390579286031 1.50391577347182 1.24569585639983 1.93238873383962 1.59301795437932 1.89165659272112 1.68826432479545 1.60878296033479 1.72373847430572 1.27033884963021 1.20052627637051 1.92862549074925 1.24819159484468 1.36535630770959 0.973133218241856 1.62661885726266 0.964700521668419 1.08129696454853 1.75481241825037 1.9160547319334 1.10544441221282 1.21096864505671 0 1.52720297221094 1.06729628145695
1.4299080746714 1.93972986820154 1.86805247375742 1.44441209733486 1.83459067507647 1.5993397324346 0.964246309362352 1.64521977701224 0.984141605440527 1.06418516696431 1.25108805415221 1.310677154921 1.1473171224352 1.03734680777416 1.27340751537122 1.81169170304202 1.79314268520102 1.23912272020243 1.09741806564853 1.32734343688935 1.55307407653891 1.13351343851537 1.7461559122894 1.38941144896671 1.72059868322685 1.20750159327872 1.55499442270957 1.52720297221094 0 1.5549755608663
1.94809553772211 1.23758778837509 1.70287942932919 1.63981774379499 1.60727606411092 1.03235999145545 1.2027405416593 1.37301762891002 1.47336070984602 1.7631168498192 1.03862478071824 1.08751907804981 1.51254441984929 1.16578723979183 1.79310704325326 1.77334569278173 1.40530892834067 1.34834180446342 1.43089774181135 1.17831776360981 1.33927715593018 1.27757849730551 1.08339237514883 1.84376550093293 1.78695977688767 1.49240662064403 1.39213192113675 1.06729628145695 1.5549755608663 0
