0 1.51360098365694 1.14940763544291 1.02836590795778 1.43079388746992 1.62596485600807 1.23432894540019 1.5344955783803 1.42110612383112 1.83258259389549 1.22763567138463 1.76106955297291 1.47646190272644 1.79454460483976 1.72867340012453 1.52600779454224 1.5950091322884 1.18867395445704 1.55790113192052 0.969063229626045 1.43642734060995 1.67727721319534 0.970917938975617 1.39774400671013 1.46343738585711 1.25051074917428 1.3633314576 1.38852770836093 1.85814751149155 0.943089885637164
1.51360098365694 0 1.23749961145222 1.53691659285687 1.22551575559191 1.49569489690475 1.90761393727735 1.58149067591876 1.5090389708057 1.05306618427858 1.01806903001852 1.26907688705251 1.40492822881788 0.946307826088741 1.05384054104798 0.993981526000425 1.2164923385717 1.2631695328746 1.82177866250277 1.17656203755178 1.43653542269021 0.931660500355065 1.15211755083874 0.994174591032788 1.82563510187902 1.77446679444984 1.65616342402063 1.8560370747 1.7316273925826 1.45406904444098
1.14940763544291 1.23749961145222 0 1.60348438401707 1.64295548433438 1.57764890789986 1.17917331680655 1.5273828220088 1.72232701163739 1.78980316454545 1.58151987264864 1.90554749802686 1.12771276943386 1.87709525227547 1.17209263285622 1.07937798788771 1.11181212146766 1.1028860444203 1.31494355713949 1.24992198683321 0.998688744613901 1.22504127095453 1.66183788212948 1.84156650141813 1.76071072183549 1.21478828694671 1.32722792145796 1.88500850764103 1.82258043112233 1.51720861438662
1.02836590795778 1.53691659285687 1.60348438401707 0 1.50947595504113 1.50945981452242 0.96556907123886 1.4495395491831 1.31462516705506 1.8928302039858 1.33365807146765 1.84329938259907 0.943579973187298 0.987938104895875 1.32786736637354 1.38486870843917 1.84435764583759 1.09742589318193 1.05697822477669 1.67825836455449 1.08822240121663 0.941817002138123 1.69876044825651 1.37006842694245 1.13964898511767 1.1885826792568 0.926365753635764 0.97287450521253 1.05603881599382 1.8880549329333
1.43079388746992 1.22551575559191 1.64295548433438 1.50947595504113 0 1.69951649429277 1.6659513998311 0.920620479155332 0.917649151291698 1.91272789123468 1.6836849336978 0.918453984195367 1.00133979413658 0.979302269173786 1.90714480052702 1.05864669010043 1.90092313266359 1.52759465388954 1.22794777201489 1.54984904057346 1.56266792397946 1.70111879287288 1.44924366171472 1.35430673020892 1.77110205031931 1.9107187858317 1.30853899056092 1.37970776762813 1.12977088522166 1.5231097987853
1.62596485600807 1.49569489690475 1.57764890789986 1.50945981452242 1.69951649429277 0 1.52419944712892 0.970059140818194 1.5276405622717 1.33635494206101 1.66058143344708 1.22550606029108 1.62637565145269 1.02074226317927 1.41512635094114 0.977067706175148 0.961848666658625 1.41377417766489 1.34447957552038 1.66167623735964 1.88745363405906 1.24166083242744 1.64644025522284 1.82988922926597 1.04707918362692 1.34428951260634 0.920125378295779 1.79717206093483 1.67711513349786 1.01776415691711
1.23432894540019 1.90761393727735 1.17917331680655 0.96556907123886 1.6659513998311 1.52419944712892 0 1.07620190759189 1.17651155986823 1.09781675995328 1.13405651273206 1.88348263013177 1.85549734160304 1.29271705145948 1.00484817381948 1.87794456724077 1.09499000245705 1.63094903854653 0.936276305932552 1.64268337399699 1.48666559183039 1.82539731496945 1.85803654487245 1.56702942121774 0.949447894003242 1.4602032401599 0.965992465848103 1.78865503589623 1.69449565559626 0.930395769421011
1.5344955783803 1.58149067591876 1.5273828220088 1.4495395491831 0.920620479155332 0.970059140818194 1.07620190759189 0 1.6921213446185 1.56130111240782 1.28473513456993 0.964405729668215 1.63259102008305 1.05374098545872 1.26781352609396 1.15688731148839 1.83425999386236 1.30869893822819 1.41229469818063 1.41652123071253 0.949695543153211 1.69634968903847 0.957035476341844 1.72627436858602 1.08422266435809 1.53847766434774 1.82821021554992 1.60170378023759 1.784504491603 1.76235588430427
1.42110612383112 1.5090389708057 1.72232701163739 1.31462516705506 0.917649151291698 1.5276405622717 1.17651155986823 1.6921213446185 0 1.60272314143367 1.27075182111003 1.11870800191537 1.48184948344715 1.45124570513144 1.51258693658747 1.76091559091583 1.82811291166581 1.07328557269648 1.49341369746253 1.1322456933558 1.91478777583688 1.03341491566971 1.64459493500181 1.40869631501846 1.85079031577334 1.1423842695076 1.41177802137099 1.78667223872617 1.64825971913524 1.31906833895482
1.83258259389549 1.05306618427858 1.78980316454545 1.8928302039858 1.91272789123468 1.33635494206101 1.09781675995328 1.56130111240782 1.60272314143367 0 1.79904962913133 1.57574833463877 1.80402349098586 0.96217749081552 1.38332769484259 1.27370134787634 1.38516235537827 1.69237538217567 1.36960756778717 1.50895535270683 0.957631844561547 0.966543044894934 1.66987800132483 1.63725010678172 1.23838794371113 1.106779047288 1.20054027833976 1.47449744911864 1.68971065664664 0.996627197600901
1.22763567138463 1.01806903001852 1.58151987264864 1.33365807146765 1.6836849336978 1.66058143344708 1.13405651273206 1.28473513456993 1.27075182111003 1.79904962913133 0 1.73965112678707 1.59522142447531 1.0076159327291 1.00872488622554 1.75530385039747 1.17453532991931 1.69742232863791 1.76269870693795 1.73383344034664 1.70069945044816 1.33437716146 0.945929150097072 1.46966768731363 1.03657030244358 1.27693569241092 1.22262253053486 1.16313822381198 1.41404522489756 1.143973284401
1.76106955297291 1.26907688705251 1.90554749802686 1.84329938259907 0.918453984195367 1.22550606029108 1.88348263013177 0.964405729668215 1.11870800191537 1.57574833463877 1.73965112678707 0 1.51448648562655 0.917375963414088 0.988690816331655 1.68874911079183 1.72099451674148 1.24249686091207 1.83820444880985 1.84317226032726 1.36673590261489 1.34681603428908 1.28039427078329 1.74034883198328 1.79729285626672 1.63360768486746 1.18545556510799 1.05440781707875 1.21633875300176 1.68692963430658
1.47646190272644 1.40492822881788 1.12771276943386 0.943579973187298 1.00133979413658 1.62637565145269 1.85549734160304 1.63259102008305 1.48184948344715 1.80402349098586 1.59522142447531 1.51448648562655 0 1.91089084604755 1.55071557802148 1.12711114552803 1.58045095461421 1.37894344283268 1.3121248818934 1.12380146957003 1.69351151422597 1.62104963301681 1.16297506028786 1.79162986157462 1.50820571975783 1.22796319797635 1.12489192909561 1.43891698610969 1.40539395296946 1.49269860982895
1.79454460483976 0.946307826088741 1.87709525227547 0.987938104895875 0.979302269173786 1.02074226317927 1.29271705145948 1.05374098545872 1.45124570513144 0.96217749081552 1.0076159327291 0.917375963414088 1.91089084604755 0 1.69395593344234 1.01228956948034 1.22412790148519 1.28317313385196 1.29988308832981 1.20099474582821 1.45237747277133 1.05502807791345 1.6030222279951 1.65653537586331 1.80763073801063 1.15284000430256 0.992221859283745 1.24881693650968 1.22565535455942 1.09835928818211
1.72867340012453 1.05384054104798 1.17209263285622 1.32786736637354 1.90714480052702 1.41512635094114 1.00484817381948 1.26781352609396 1.51258693658747 1.38332769484259 1.00872488622554 0.988690816331655 1.55071557802148 1.69395593344234 0 1.91433244105428 1.71655010757968 1.77030737581663 1.84475678089075 1.15256200358272 0.918837990611792 1.37309431261383 1.56597280804999 1.20865592244081 1.56209954316728 1.69663502695039 1.5152375723701 1.87467135884799 1.81273050396703 1.71122367447242
1.52600779454224 0.993981526000425 1.07937798788771 1.38486870843917 1.05864669010043 0.977067706175148 1.87794456724077 1.15688731148839 1.76091559091583 1.27370134787634 1.75530385039747 1.68874911079183 1.12711114552803 1.01228956948034 1.91433244105428 0 1.08853104664013 0.93311187857762 1.7157289411407 1.48879387369379 1.47448688675649 1.23167605395429 1.76342306821607 1.18779886933044 1.86721893795766 1.58524810732342 1.20872509293258 1.84810670651495 1.20468749385327 1.18389415880665
1.5950091322884 1.2164923385717 1.11181212146766 1.84435764583759 1.90092313266359 0.961848666658625 1.09499000245705 1.83425999386236 1.82811291166581 1.38516235537827 1.17453532991931 1.72099451674148 1.58045095461421 1.22412790148519 1.71655010757968 1.08853104664013 0 1.72145433118567 0.918982757953927 1.10713659459725 1.18747893162072 1.0005632347893 1.72381662577391 1.81447057705373 0.959959723753855 1.03199572023004 0.975997960194945 1.69694441463798 1.10722728958353 1.85624643135816
1.18867395445704 1.2631695328746 1.1028860444203 1.09742589318193 1.52759465388954 1.41377417766489 1.63094903854653 1.30869893822819 1.07328557269648 1.69237538217567 1.69742232863791 1.24249686091207 1.37894344283268 1.28317313385196 1.77030737581663 0.93311187857762 1.72145433118567 0 1.1758858577814 1.54672910529189 1.50222711125389 1.85762657644227 1.31070351833478 1.69767043972388 1.82778117456473 1.19118171464652 1.41086161113344 1.20705603552051 1.81453081825748 1.08162301778793
1.55790113192052 1.82177866250277 1.31494355713949 1.05697822477669 1.22794777201489 1.34447957552038 0.936276305932552 1.41229469818063 1.49341369746253 1.36960756778717 1.76269870693795 1.83820444880985 1.3121248818934 1.29988308832981 1.84475678089075 1.7157289411407 0.918982757953927 1.1758858577814 0 1.74928508070298 1.25906169554219 1.69402315397747 1.04079127800651 1.65223589562811 1.2023027613759 1.73155734082684 1.50251146638766 0.972396521363407 1.25222544837743 1.3762984809
0.969063229626045 1.17656203755178 1.24992198683321 1.67825836455449 1.54984904057346 1.66167623735964 1.64268337399699 1.41652123071253 1.1322456933558 1.50895535270683 1.73383344034664 1.84317226032726 1.12380146957003 1.20099474582821 1.15256200358272 1.48879387369379 1.10713659459725 1.54672910529189 1.74928508070298 0 1.2643733995501 1.90253415540792 1.57130012614653 1.54384465981275 1.62036793888547 1.08631839533336 1.84759172424674 1.01132840849459 1.72413510479964 0.992308640154079
1.43642734060995 1.43653542269021 0.998688744613901 1.08822240121663 1.56266792397946 1.88745363405906 1.48666559183039 0.949695543153211 1.91478777583688 0.957631844561547 1.70069945044816 1.36673590261489 1.69351151422597 1.45237747277133 0.918837990611792 1.47448688675649 1.18747893162072 1.50222711125389 1.25906169554219 1.2643733995501 0 1.58604301256128 0.915699159959331 1.120330756763 1.64467209530994 1.71799506433308 1.89696265291423 1.6892408428248 1.48577001364902 0.936108275782317
1.67727721319534 0.931660500355065 1.22504127095453 0.941817002138123 1.70111879287288 1.24166083242744 1.82539731496945 1.69634968903847 1.03341491566971 0.966543044894934 1.33437716146 1.34681603428908 1.62104963301681 1.05502807791345 1.37309431261383 1.23167605395429 1.0005632347893 1.85762657644227 1.69402315397747 1.90253415540792 1.58604301256128 0 1.68521548714489 1.39382509025745 1.44341908209026 1.7177495979704 1.75012187031098 1.2196260523051 1.69534664950334 1.47980073071085
0.970917938975617 1.15211755083874 1.66183788212948 1.69876044825651 1.44924366171472 1.64644025522284 1.85803654487245 0.957035476341844 1.64459493500181 1.66987800132483 0.945929150097072 1.28039427078329 1.16297506028786 1.6030222279951 1.56597280804999 1.76342306821607 1.72381662577391 1.31070351833478 1.04079127800651 1.57130012614653 0.915699159959331 1.68521548714489 0 0.944607856683433 1.5145276139956 1.22837989078835 1.47436184855178 1.71896803053096 1.7996202877257 1.65516773518175
1.39774400671013 0.994174591032788 1.84156650141813 1.37006842694245 1.35430673020892 1.82988922926597 1.56702942121774 1.72627436858602 1.40869631501846 1.63725010678172 1.46966768731363 1.74034883198328 1.79162986157462 1.65653537586331 1.20865592244081 1.18779886933044 1.81447057705373 1.69767043972388 1.65223589562811 1.54384465981275 1.120330756763 1.39382509025745 0.944607856683433 0 1.34943733667023 1.72048234473914 1.41598744620569 1.59263238590211 1.70683031994849 1.13982729124837
1.46343738585711 1.82563510187902 1.76071072183549 1.13964898511767 1.77110205031931 1.04707918362692 0.949447894003242 1.08422266435809 1.85079031577334 1.23838794371113 1.03657030244358 1.79729285626672 1.50820571975783 1.80763073801063 1.56209954316728 1.86721893795766 0.959959723753855 1.82778117456473 1.2023027613759 1.62036793888547 1.64467209530994 1.44341908209026 1.5145276139956 1.34943733667023 0 1.51666601630859 1.52926441235468 1.4763107446488 1.29399413289502 1.77701893867925
1.25051074917428 1.77446679444984 1.21478828694671 1.1885826792568 1.9107187858317 1.34428951260634 1.4602032401599 1.53847766434774 1.1423842695076 1.106779047288 1.27693569241092 1.63360768486746 1.22796319797635 1.15284000430256 1.69663502695039 1.58524810732342 1.03199572023004 1.19118171464652 1.73155734082684 1.08631839533336 1.71799506433308 1.7177495979704 1.22837989078835 1.72048234473914 1.51666601630859 0 1.72363962000236 1.07878693961538 1.15925766713917 1.58317758981138
1.3633314576 1.65616342402063 1.32722792145796 0.926365753635764 1.30853899056092 0.920125378295779 0.965992465848103 1.82821021554992 1.41177802137099 1.20054027833976 1.22262253053486 1.18545556510799 1.12489192909561 0.992221859283745 1.5152375723701 1.20872509293258 0.975997960194945 1.41086161113344 1.50251146638766 1.84759172424674 1.89696265291423 1.75012187031098 1.47436184855178 1.41598744620569 1.52926441235468 1.72363962000236 0 1.6582500198856 1.21365601732396 1.88031009142287
1.38852770836093 1.8560370747 1.88500850764103 0.97287450521253 1.37970776762813 1.79717206093483 1.78865503589623 1.60170378023759 1.78667223872617 1.47449744911864 1.16313822381198 1.05440781707875 1.43891698610969 1.24881693650968 1.87467135884799 1.84810670651495 1.69694441463798 1.20705603552051 0.972396521363407 1.01132840849459 1.6892408428248 1.2196260523051 1.71896803053096 1.59263238590211 1.4763107446488 1.07878693961538 1.6582500198856 0 1.27450929977931 1.89934675488621
1.85814751149155 1.7316273925826 1.82258043112233 1.05603881599382 1.12977088522166 1.67711513349786 1.69449565559626 1.784504491603 1.64825971913524 1.68971065664664 1.41404522489756 1.21633875300176 1.40539395296946 1.22565535455942 1.81273050396703 1.20468749385327 1.10722728958353 1.81453081825748 1.25222544837743 1.72413510479964 1.48577001364902 1.69534664950334 1.7996202877257 1.70683031994849 1.29399413289502 1.15925766713917 1.21365601732396 1.27450929977931 0 1.83284432278015
0.943089885637164 1.45406904444098 1.51720861438662 1.8880549329333 1.5231097987853 1.01776415691711 0.930395769421011 1.76235588430427 1.31906833895482 0.996627197600901 1.143973284401 1.68692963430658 1.49269860982895 1.09835928818211 1.71122367447242 1.18389415880665 1.85624643135816 1.08162301778793 1.3762984809 0.992308640154079 0.936108275782317 1.47980073071085 1.65516773518175 1.13982729124837 1.77701893867925 1.58317758981138 1.88031009142287 1.89934675488621 1.83284432278015 0
