0 1.54017226607539 1.11029021907598 0.999304694356397 1.75897022266872 1.29881760408171 1.60852225124836 1.49808776634745 1.50736384582706 1.6305903843604 1.88602777128108 1.48079632688314 1.89746155473404 1.60989185445942 1.11319899489172 1.07240738463588 1.75142928678542 1.75927021261305 1.08395503973588 1.91486877133138 1.47562343953177 1.72994141210802 1.87608012929559 1.15304424148053 1.16925551043823 1.27914609597065 1.93285036692396 1.67843704880215 1.53298484557308 1.41867935564369
1.54017226607539 0 1.18733531492762 0.944180606864393 1.29949998436496 1.69602930895053 1.30639731069095 1.30094171408564 1.49181978381239 1.44069969467819 1.46482416824438 1.32363369315863 1.09603213495575 1.54490658221766 1.0129140035715 1.92307772813365 1.12949434341863 1.45974286668934 1.4407187004108 1.54759074817412 1.28486168058589 1.16513704881072 1.72270462079905 1.27300127223134 1.00004590046592 1.59886619448662 1.79271073802374 1.49175853608176 1.27276437613182 1.00777956843376
1.11029021907598 1.18733531492762 0 1.76360558229499 1.69006902258843 1.57442006608471 1.66537653561682 1.51192196737975 1.02596823358908 1.85896845092066 1.57113323290832 1.80607860046439 1.39131470327266 1.63722914410755 1.46636238740757 1.63355095428415 0.99670846061781 1.46361872274429 1.39181888382882 1.10424365778454 1.19339066161774 1.71494146762416 1.34709579264745 1.30975883547217 1.61168565321714 1.82804609788582 1.23208055784926 1.32512199692428 1.19131507561542 1.02372677787207
0.999304694356397 0.944180606864393 1.76360558229499 0 1.56112562678754 1.15839862311259 1.2853878447786 1.01405412587337 1.6260618516244 1.83527474547736 1.35170492017642 1.13076390395872 1.36768643907271 1.75277961371467 1.30533268512227 1.406020012917 1.38754098024219 1.17180221737362 0.986687243217602 1.89525561826304 1.00087152025662 1.35939553403296 1.35091355931945 1.73173390701413 0.941623780643567 0.938466538442299 1.03932579793036 1.35067127202637 1.29423546185717 1.19436046900228
1.75897022266872 1.29949998436496 1.69006902258843 1.56112562678754 0 1.32660233252682 1.22036665980704 1.21955942781642 1.27007361245342 1.22774843382649 1.01387765142135 1.42259018891491 1.36436044820584 1.26044538035057 1.81787515757605 1.2054299111478 1.61549246707 1.24367800052278 1.3823800527025 1.68798566306941 1.24618751183152 1.81240477249958 1.84679620224051 1.42406709608622 1.59893908025697 1.70618069102056 1.13738797442056 1.31350330961868 1.64192646718584 1.79187711304985
1.29881760408171 1.69602930895053 1.57442006608471 1.15839862311259 1.32660233252682 0 1.3557182434015 1.10683224210516 1.20940163708292 1.47355237626471 1.19122259900905 1.15090014017187 1.30447015864775 1.28608935768716 1.59079155814834 1.37766875326633 1.51079311990179 1.90600933670066 1.26737956306897 1.64531051553786 1.49835522705689 0.972045662347227 0.994695678818971 0.970723224570975 1.48173675243743 1.22098168847151 1.74933419702575 1.59496198524721 1.49284001602791 1.24411573843099
1.60852225124836 1.30639731069095 1.66537653561682 1.2853878447786 1.22036665980704 1.3557182434015 0 1.64939830265939 1.08248295891099 1.35773489554413 1.34935281332582 1.84037688490935 1.46141787222587 0.964301562868059 1.08904210361652 1.48666122998111 1.18738806759939 1.14662330597639 1.34119128109887 1.13544998201542 1.69230133877136 1.90538737992756 1.50079771922901 1.48820790485479 1.2180453564506 1.328075485304 1.66239597508684 1.34435683046468 1.40866262488998 1.64121182565577
1.49808776634745 1.30094171408564 1.51192196737975 1.01405412587337 1.21955942781642 1.10683224210516 1.64939830265939 0 1.61043258872814 1.88633437687531 0.941728045698255 1.1730567170307 1.32228480209596 1.2808396096807 1.16304636397399 1.31717319064774 1.67995208827779 1.77743137301877 1.91215796722099 1.5283643763978 1.04537944798358 1.12018007971346 1.45081930304877 1.64064986840822 1.62165313912556 1.84061798360199 1.16983222798444 1.25791960884817 1.75157119217329 1.62913388037123
1.50736384582706 1.49181978381239 1.02596823358908 1.6260618516244 1.27007361245342 1.20940163708292 1.08248295891099 1.61043258872814 0 1.10842830385081 1.75141222658567 1.7969074358698 1.46410540235229 1.24789518420584 1.71637457655743 1.30128361075185 1.2761854797136 0.963378896238282 1.12160425097682 1.35281031904742 1.77321634651162 1.17628939682618 1.00297126779333 1.61156831821427 1.74561162455939 1.80516020487994 1.25034720846452 1.85634524258785 1.11521643819287 1.19033246464096
1.6305903843604 1.44069969467819 1.85896845092066 1.83527474547736 1.22774843382649 1.47355237626471 1.35773489554413 1.88633437687531 1.10842830385081 0 1.65899886540137 1.77208130201325 0.966425717109814 1.52661701175384 1.93188193487003 1.37517677340657 1.09138039057143 1.69244923791848 1.76392360404134 1.61874404083937 1.14424898661673 1.4910770826973 1.72348285047337 1.74607310607098 1.33026613504626 1.04058963502757 1.20436096936464 1.57753207162023 1.25091302907094 1.43648738018237
1.88602777128108 1.46482416824438 1.57113323290832 1.35170492017642 1.01387765142135 1.19122259900905 1.34935281332582 0.941728045698255 1.75141222658567 1.65899886540137 0 1.23931935918517 1.7482667141594 1.91014191322029 1.72813046863303 1.16420023189858 1.04814048949629 1.28101866878569 1.63911616709083 1.16598275117576 1.30930902273394 1.67775126569904 1.24318763962947 1.65870043961331 1.67066151904874 1.49711660086177 1.06984297162853 1.52612684993073 0.961065181763843 1.24247780605219
1.48079632688314 1.32363369315863 1.80607860046439 1.13076390395872 1.42259018891491 1.15090014017187 1.84037688490935 1.1730567170307 1.7969074358698 1.77208130201325 1.23931935918517 0 1.74398302449845 1.25617403024808 1.70724458550103 1.67150059272535 1.76374344620854 1.62358758319169 1.82952945725992 1.62146367854439 1.61735395388678 1.39985945820808 1.66946745035239 1.74198885215446 1.19664939912036 0.977198184933513 0.941186445299536 1.37932386063039 1.7962064628955 1.42018471867777
1.89746155473404 1.09603213495575 1.39131470327266 1.36768643907271 1.36436044820584 1.30447015864775 1.46141787222587 1.32228480209596 1.46410540235229 0.966425717109814 1.7482667141594 1.74398302449845 0 1.84824873576872 0.96545621776022 1.07959057576954 1.35869063041173 1.07102893805131 1.4563737816643 1.05091557232663 1.5915290818084 1.5377483360935 1.78261111467145 1.18674034951255 1.06399878300726 1.17637990205549 1.08606939623132 1.82668833411299 1.70865574665368 0.981741731287912
1.60989185445942 1.54490658221766 1.63722914410755 1.75277961371467 1.26044538035057 1.28608935768716 0.964301562868059 1.2808396096807 1.24789518420584 1.52661701175384 1.91014191322029 1.25617403024808 1.84824873576872 0 1.35337910498492 1.60854895692319 1.69867435120977 1.47770989337005 1.93488635448739 1.88179534790106 1.86371325422078 1.78142339317128 1.64467652444728 1.64525896799751 1.56349245808087 1.34881872637197 1.0579514738638 1.64832706050947 1.73166743735783 1.74406349565834
1.11319899489172 1.0129140035715 1.46636238740757 1.30533268512227 1.81787515757605 1.59079155814834 1.08904210361652 1.16304636397399 1.71637457655743 1.93188193487003 1.72813046863303 1.70724458550103 0.96545621776022 1.35337910498492 0 1.38309829635546 1.68676349380985 1.5683047901839 1.88101109978743 1.35784989455715 1.63987091346644 1.42021537106484 1.77694780612364 1.23781246435829 1.85396881168708 1.0189643104095 1.5954500134103 1.87144184624776 1.7755707227625 1.08544544456527
1.07240738463588 1.92307772813365 1.63355095428415 1.406020012917 1.2054299111478 1.37766875326633 1.48666122998111 1.31717319064774 1.30128361075185 1.37517677340657 1.16420023189858 1.67150059272535 1.07959057576954 1.60854895692319 1.38309829635546 0 1.34726462187245 1.59217436402105 1.26046683755703 1.75855398317799 1.90246626129374 1.88521613297053 0.944283619755879 1.27279041218571 1.36549727013335 0.983370368136093 1.5267339067068 1.57043842389248 1.8221501132939 1.37660858756863
1.75142928678542 1.12949434341863 0.99670846061781 1.38754098024219 1.61549246707 1.51079311990179 1.18738806759939 1.67995208827779 1.2761854797136 1.09138039057143 1.04814048949629 1.76374344620854 1.35869063041173 1.69867435120977 1.68676349380985 1.34726462187245 0 1.24458137201145 1.66005782154389 1.33327420754358 1.43506726063788 1.00711056706496 1.31601986545138 1.2638336464297 1.01367476698942 1.40800117258914 1.32388562359847 1.14173109387048 1.44739496824332 1.40772251831368
1.75927021261305 1.45974286668934 1.46361872274429 1.17180221737362 1.24367800052278 1.90600933670066 1.14662330597639 1.77743137301877 0.963378896238282 1.69244923791848 1.28101866878569 1.62358758319169 1.07102893805131 1.47770989337005 1.5683047901839 1.59217436402105 1.24458137201145 0 1.10280594252981 1.29299648059532 1.47655287734233 1.00520432670601 1.77748598018661 1.68759636511095 1.43780043208972 1.3553614357952 1.46452865866013 1.01525282673538 1.32846170291305 1.31390248984098
1.08395503973588 1.4407187004108 1.39181888382882 0.986687243217602 1.3823800527025 1.26737956306897 1.34119128109887 1.91215796722099 1.12160425097682 1.76392360404134 1.63911616709083 1.82952945725992 1.4563737816643 1.93488635448739 1.88101109978743 1.26046683755703 1.66005782154389 1.10280594252981 0 1.48787373770028 1.37898267037235 1.40435674623586 1.91270512389019 1.65596161480062 1.21075707580894 1.57998516387306 1.88077464955859 0.977816862287 1.15031099738553 1.0901198592037
1.91486877133138 1.54759074817412 1.10424365778454 1.89525561826304 1.68798566306941 1.64531051553786 1.13544998201542 1.5283643763978 1.35281031904742 1.61874404083937 1.16598275117576 1.62146367854439 1.05091557232663 1.88179534790106 1.35784989455715 1.75855398317799 1.33327420754358 1.29299648059532 1.48787373770028 0 1.27514557889663 1.55511292931624 1.08306826115586 1.82358432421461 1.14682278502733 1.33889399678446 1.14720407384448 1.20933865988627 1.87716969847679 1.06756659480743
1.47562343953177 1.28486168058589 1.19339066161774 1.00087152025662 1.24618751183152 1.49835522705689 1.69230133877136 1.04537944798358 1.77321634651162 1.14424898661673 1.30930902273394 1.61735395388678 1.5915290818084 1.86371325422078 1.63987091346644 1.90246626129374 1.43506726063788 1.47655287734233 1.37898267037235 1.27514557889663 0 0.960947558050975 1.74548195977695 1.25166561990045 1.28781877201982 1.06947884242982 1.88460525753908 1.88180592376739 1.15907046548091 1.0254243304953
1.72994141210802 1.16513704881072 1.71494146762416 1.35939553403296 1.81240477249958 0.972045662347227 1.90538737992756 1.12018007971346 1.17628939682618 1.4910770826973 1.67775126569904 1.39985945820808 1.5377483360935 1.78142339317128 1.42021537106484 1.88521613297053 1.00711056706496 1.00520432670601 1.40435674623586 1.55511292931624 0.960947558050975 0 1.61259483895265 1.362245780183 1.23354320926592 1.75004432629794 1.89510700874962 1.80111184902489 1.70554611971602 1.72992197610438
1.87608012929559 1.72270462079905 1.34709579264745 1.35091355931945 1.84679620224051 0.994695678818971 1.50079771922901 1.45081930304877 1.00297126779333 1.72348285047337 1.24318763962947 1.66946745035239 1.78261111467145 1.64467652444728 1.77694780612364 0.944283619755879 1.31601986545138 1.77748598018661 1.91270512389019 1.08306826115586 1.74548195977695 1.61259483895265 0 1.30612642271444 1.35119321104139 1.17972924257629 1.73949284851551 1.51303503126837 0.992020335048437 1.10423466865905
1.15304424148053 1.27300127223134 1.30975883547217 1.73173390701413 1.42406709608622 0.970723224570975 1.48820790485479 1.64064986840822 1.61156831821427 1.74607310607098 1.65870043961331 1.74198885215446 1.18674034951255 1.64525896799751 1.23781246435829 1.27279041218571 1.2638336464297 1.68759636511095 1.65596161480062 1.82358432421461 1.25166561990045 1.362245780183 1.30612642271444 0 1.4918311459478 1.11123965284787 1.70500505529344 1.10989096900448 1.38997687539086 1.38160320161842
1.16925551043823 1.00004590046592 1.61168565321714 0.941623780643567 1.59893908025697 1.48173675243743 1.2180453564506 1.62165313912556 1.74561162455939 1.33026613504626 1.67066151904874 1.19664939912036 1.06399878300726 1.56349245808087 1.85396881168708 1.36549727013335 1.01367476698942 1.43780043208972 1.21075707580894 1.14682278502733 1.28781877201982 1.23354320926592 1.35119321104139 1.4918311459478 0 1.15007682982832 1.28364564152434 1.14383435924537 1.82705981004983 1.8518458919134
1.27914609597065 1.59886619448662 1.82804609788582 0.938466538442299 1.70618069102056 1.22098168847151 1.328075485304 1.84061798360199 1.80516020487994 1.04058963502757 1.49711660086177 0.977198184933513 1.17637990205549 1.34881872637197 1.0189643104095 0.983370368136093 1.40800117258914 1.3553614357952 1.57998516387306 1.33889399678446 1.06947884242982 1.75004432629794 1.17972924257629 1.11123965284787 1.15007682982832 0 1.83717827335931 1.19431364955381 1.61729664541781 1.00313621712849
1.93285036692396 1.79271073802374 1.23208055784926 1.03932579793036 1.13738797442056 1.74933419702575 1.66239597508684 1.16983222798444 1.25034720846452 1.20436096936464 1.06984297162853 0.941186445299536 1.08606939623132 1.0579514738638 1.5954500134103 1.5267339067068 1.32388562359847 1.46452865866013 1.88077464955859 1.14720407384448 1.88460525753908 1.89510700874962 1.73949284851551 1.70500505529344 1.28364564152434 1.83717827335931 0 1.00349410949275 1.34846960776486 1.43577313283458
1.67843704880215 1.49175853608176 1.32512199692428 1.35067127202637 1.31350330961868 1.59496198524721 1.34435683046468 1.25791960884817 1.85634524258785 1.57753207162023 1.52612684993073 1.37932386063039 1.82668833411299 1.64832706050947 1.87144184624776 1.57043842389248 1.14173109387048 1.01525282673538 0.977816862287 1.20933865988627 1.88180592376739 1.80111184902489 1.51303503126837 1.10989096900448 1.14383435924537 1.19431364955381 1.00349410949275 0 1.2056765507441 1.81739208451472
1.53298484557308 1.27276437613182 1.19131507561542 1.29423546185717 1.64192646718584 1.49284001602791 1.40866262488998 1.75157119217329 1.11521643819287 1.25091302907094 0.961065181763843 1.7962064628955 1.70865574665368 1.73166743735783 1.7755707227625 1.8221501132939 1.44739496824332 1.32846170291305 1.15031099738553 1.87716969847679 1.15907046548091 1.70554611971602 0.992020335048437 1.38997687539086 1.82705981004983 1.61729664541781 1.34846960776486 1.2056765507441 0 1.53985573793761
1.41867935564369 1.00777956843376 1.02372677787207 1.19436046900228 1.79187711304985 1.24411573843099 1.64121182565577 1.62913388037123 1.19033246464096 1.43648738018237 1.24247780605219 1.42018471867777 0.981741731287912 1.74406349565834 1.08544544456527 1.37660858756863 1.40772251831368 1.31390248984098 1.0901198592037 1.06756659480743 1.0254243304953 1.72992197610438 1.10423466865905 1.38160320161842 1.8518458919134 1.00313621712849 1.43577313283458 1.81739208451472 1.53985573793761 0
