0 0.9914067722857 0.909884905442595 1.25364557816647 1.34344548406079 1.31121682981029 0.90055524581112 1.38178468914703 1.32322362833656 0.995608854107559 0.991681475425139 1.42154154460877 1.7036115990486 1.52884087269194 1.61276066396385 1.02058641635813 1.26558280759491 1.61566107720137 1.41663369955495 1.09133853879757 1.36371516110376 1.0660885667894 1.74591257236898 0.974315589992329 1.73313180217519 1.0699822215829 1.34207780938596 1.26745715574361 1.63258431083523 1.25333950622007
0.9914067722857 0 1.44607002288103 1.43310203333385 1.56101008877158 1.04783144895919 0.986380293732509 1.00485815340653 0.970132656162605 1.21895898925141 1.6116607922595 1.4162105883006 1.04652402969077 0.924484741408378 1.09553510579281 1.57550164847635 1.73633972369134 1.73125060321763 1.19570978544652 1.48144640098326 1.35485473438166 1.05339082563296 0.97491072001867 1.33411744050682 1.77072322112508 1.08979432168417 1.65095938951708 0.960933536058292 1.06570119969547 1.3274914608337
0.909884905442595 1.44607002288103 0 1.76308811386116 1.24914250895381 1.11736952303909 1.08490304113366 0.932434221729636 1.19634996214882 1.38814275991172 1.26926692039706 1.12801756593399 1.51797441579401 0.936644843779504 1.01276583387516 1.65983272017911 1.19949815166183 1.84730890556239 1.17854648036882 1.03219825471751 1.53765987255611 0.976639013271779 0.920494241639972 0.977371610235423 1.61735132313333 1.22924831998535 1.09715178259648 1.17970902612433 1.61999818589538 0.995852699503303
1.25364557816647 1.43310203333385 1.76308811386116 0 1.27456184406765 1.44361884729005 1.12042377656326 0.913387174485251 1.50039976462722 1.65686912718229 1.19647251325659 1.2222373909317 1.52106588170864 0.926959868520498 1.47855160920881 1.37065481999889 1.20920389471576 1.09054027474485 1.1392031495925 1.87052134843543 1.03733370942064 1.68763053277507 1.25705169839785 0.999591494677588 1.57108082040213 1.8438028478995 1.84980845847167 1.26908723521046 1.37596311210655 1.65751828672364
1.34344548406079 1.56101008877158 1.24914250895381 1.27456184406765 0 1.20205457368866 1.62800107384101 1.86550940875895 1.08246045932174 1.7575905600097 1.79693724773824 1.11472527193837 1.2958494098857 1.41395857511088 1.52577841444872 1.79021205101162 1.29880655743182 1.78457872918807 1.64166676346213 1.88075653975829 1.73444940894842 1.23692863527685 1.5969783172477 1.86902690632269 1.63515669666231 1.87911845464259 1.40498797106557 1.02623526309617 0.964832640951499 1.81211410672404
1.31121682981029 1.04783144895919 1.11736952303909 1.44361884729005 1.20205457368866 0 1.47684906073846 1.71371144591831 1.09373259963468 1.46248888177797 1.76119899330661 1.46340019488707 1.2738288785331 1.23055037180893 1.84519966877997 1.70893368660472 1.00735401990823 1.58522420516238 1.78733021393418 1.39407542254776 1.7714045511093 1.37647388153709 0.994275137549266 1.88144014892168 1.01062453957275 1.58842257596552 1.55141286598518 1.39601603918709 1.56908377003856 1.62201733142138
0.90055524581112 0.986380293732509 1.08490304113366 1.12042377656326 1.62800107384101 1.47684906073846 0 1.38268894073553 1.33370469836518 1.78559196135029 1.06871568528004 1.88370782323182 1.46885515050963 1.40160790691152 0.932644594460726 1.16437156870961 1.54448048793711 1.51190131204203 1.41251938068308 1.6053789074067 1.76894163060933 0.924848890397698 0.984954009763896 1.76837147143669 1.52886917022988 1.39388734265231 1.4520789522212 1.18815372209065 1.48328731837682 1.18044354696758
1.38178468914703 1.00485815340653 0.932434221729636 0.913387174485251 1.86550940875895 1.71371144591831 1.38268894073553 0 1.05196549510583 1.14768136898056 1.80471309134737 1.49764325655997 1.69279696443118 1.06555770733394 1.23302371264435 1.69298990466632 1.62690530251712 0.946667966898531 1.79843043885194 0.95713417395018 1.46202876721509 1.62956832209602 1.63508085906506 1.5206958684139 1.1133614522405 1.71866481774487 1.03826356283389 0.989167926134542 1.19319000840187 1.21540281223133
1.32322362833656 0.970132656162605 1.19634996214882 1.50039976462722 1.08246045932174 1.09373259963468 1.33370469836518 1.05196549510583 0 1.25067163538188 1.48852075845934 1.61072055925615 1.88708500773646 1.09484146931209 1.66476384783164 1.74575324449688 1.52253678604029 1.14416096033528 1.51825707545504 1.74365990003571 1.4038061555475 1.05595902097411 0.92497479217127 1.81697709532455 1.84074861253612 1.54660220025107 1.32111473754048 0.901529723079875 1.05657617375255 1.61084525939077
0.995608854107559 1.21895898925141 1.38814275991172 1.65686912718229 1.7575905600097 1.46248888177797 1.78559196135029 1.14768136898056 1.25067163538188 0 0.99701104266569 1.14704717812128 1.32410614099354 0.926591514144093 0.999521714635193 1.41378697799519 1.86175577761605 1.47097202693112 1.22547735692933 1.34847012464888 1.43761240062304 1.18553478154354 1.51044743019156 1.07277140393853 1.40293271653354 1.54769509495236 1.33219666103832 1.06109175062738 1.31924150162376 1.80648673186079
0.991681475425139 1.6116607922595 1.26926692039706 1.19647251325659 1.79693724773824 1.76119899330661 1.06871568528004 1.80471309134737 1.48852075845934 0.99701104266569 0 1.32821188145317 1.23033947823569 1.47703338903375 1.06009374256246 1.7336716405116 1.33244349178858 1.3839936889708 1.07661231677048 1.54832589812577 1.4064396310132 1.69140738155693 1.1745504825376 1.24189050146379 1.24552373425104 1.54659472103231 0.969268918735906 1.02019737940282 0.98996138991788 1.88228899543174
1.42154154460877 1.4162105883006 1.12801756593399 1.2222373909317 1.11472527193837 1.46340019488707 1.88370782323182 1.49764325655997 1.61072055925615 1.14704717812128 1.32821188145317 0 1.01262178807519 1.56793462811038 1.750361291226 1.2898282178212 1.52635322534479 1.02498034015298 1.64261184632778 1.55092075071298 1.35210141725838 1.66987483645789 0.903476244304329 1.68443864420988 1.31948572723195 1.85544594260864 1.41807410703041 1.52787194633856 1.26082080416381 1.60259805317037
1.7036115990486 1.04652402969077 1.51797441579401 1.52106588170864 1.2958494098857 1.2738288785331 1.46885515050963 1.69279696443118 1.88708500773646 1.32410614099354 1.23033947823569 1.01262178807519 0 1.48050518310629 1.19835481559858 0.927739846054465 1.27436776924878 1.60725716524757 1.84364787698723 1.14167109760456 1.14440592867322 1.42133531346917 1.76752236345783 1.74159526545554 1.24324539606459 1.50441055139527 1.3015547960531 1.15904376190156 1.35716821369715 1.2305427598767
1.52884087269194 0.924484741408378 0.936644843779504 0.926959868520498 1.41395857511088 1.23055037180893 1.40160790691152 1.06555770733394 1.09484146931209 0.926591514144093 1.47703338903375 1.56793462811038 1.48050518310629 0 1.3126684720628 1.21245192876086 1.78166474215686 1.13163956557401 0.993086931528524 1.07618461363018 1.38585982867517 1.80379137722775 1.62336924509145 1.89229889912531 1.84698140458204 1.17567179282196 1.21562741557136 1.23287820117548 1.78474069712684 1.67060720128939
1.61276066396385 1.09553510579281 1.01276583387516 1.47855160920881 1.52577841444872 1.84519966877997 0.932644594460726 1.23302371264435 1.66476384783164 0.999521714635193 1.06009374256246 1.750361291226 1.19835481559858 1.3126684720628 0 1.08748137601651 1.53050779248588 1.46007150341757 1.68914771219715 1.40702343452722 1.7807716242969 1.20041093253531 1.81100063258782 1.52808241266757 1.49405752657913 1.85797800892033 1.33529306668788 0.90924156177789 1.06878448068164 1.87471187883057
1.02058641635813 1.57550164847635 1.65983272017911 1.37065481999889 1.79021205101162 1.70893368660472 1.16437156870961 1.69298990466632 1.74575324449688 1.41378697799519 1.7336716405116 1.2898282178212 0.927739846054465 1.21245192876086 1.08748137601651 0 1.32793364091776 1.15939809358679 1.44520850945264 1.74710014904849 1.14757326012477 1.49323278618976 1.89054036908783 1.37171806115657 1.36580544477329 1.19474372733384 1.00449020182714 1.20529418135993 1.86828827741556 1.84798849886283
1.26558280759491 1.73633972369134 1.19949815166183 1.20920389471576 1.29880655743182 1.00735401990823 1.54448048793711 1.62690530251712 1.52253678604029 1.86175577761605 1.33244349178858 1.52635322534479 1.27436776924878 1.78166474215686 1.53050779248588 1.32793364091776 0 1.66068022488616 0.92901358823292 0.923165513202548 1.73145352536812 1.20268570212647 1.07248461223207 1.10697781480849 1.88294304464944 1.61515193013474 1.50305898627266 0.932887169532478 1.50310482410714 1.30345290643163
1.61566107720137 1.73125060321763 1.84730890556239 1.09054027474485 1.78457872918807 1.58522420516238 1.51190131204203 0.946667966898531 1.14416096033528 1.47097202693112 1.3839936889708 1.02498034015298 1.60725716524757 1.13163956557401 1.46007150341757 1.15939809358679 1.66068022488616 0 1.69053576211445 0.921537914313376 1.5679898483213 1.43326208251528 1.29201767896302 1.81920085265301 1.52426970587112 1.37313235527836 1.63562078797258 1.24976234021597 1.02821065485477 1.12234714790247
1.41663369955495 1.19570978544652 1.17854648036882 1.1392031495925 1.64166676346213 1.78733021393418 1.41251938068308 1.79843043885194 1.51825707545504 1.22547735692933 1.07661231677048 1.64261184632778 1.84364787698723 0.993086931528524 1.68914771219715 1.44520850945264 0.92901358823292 1.69053576211445 0 1.39142402703874 0.956744322786108 1.06579713104293 1.71587953786366 1.65178614924662 1.87191448919475 1.25070120720193 1.83769811224192 1.10693001770414 1.52790030953474 1.0457385731861
1.09133853879757 1.48144640098326 1.03219825471751 1.87052134843543 1.88075653975829 1.39407542254776 1.6053789074067 0.95713417395018 1.74365990003571 1.34847012464888 1.54832589812577 1.55092075071298 1.14167109760456 1.07618461363018 1.40702343452722 1.74710014904849 0.923165513202548 0.921537914313376 1.39142402703874 0 1.30906878272071 1.83642449043691 1.61446268251166 1.59657611092553 1.7105096639134 1.83929901360534 1.2619636321906 1.02644296875224 1.52355742338113 1.48469841526821
1.36371516110376 1.35485473438166 1.53765987255611 1.03733370942064 1.73444940894842 1.7714045511093 1.76894163060933 1.46202876721509 1.4038061555475 1.43761240062304 1.4064396310132 1.35210141725838 1.14440592867322 1.38585982867517 1.7807716242969 1.14757326012477 1.73145352536812 1.5679898483213 0.956744322786108 1.30906878272071 0 1.5899717474822 1.25277022598311 0.92742885556072 1.04408316151239 1.28560070390813 1.2433847184293 1.48063638759777 1.04579430585727 0.900636257603765
1.0660885667894 1.05339082563296 0.976639013271779 1.68763053277507 1.23692863527685 1.37647388153709 0.924848890397698 1.62956832209602 1.05595902097411 1.18553478154354 1.69140738155693 1.66987483645789 1.42133531346917 1.80379137722775 1.20041093253531 1.49323278618976 1.20268570212647 1.43326208251528 1.06579713104293 1.83642449043691 1.5899717474822 0 1.42595975729637 1.29432927607559 1.72848300309852 1.59855903615244 1.16066231089644 1.79705952014774 1.58854532102123 0.907243866240606
1.74591257236898 0.97491072001867 0.920494241639972 1.25705169839785 1.5969783172477 0.994275137549266 0.984954009763896 1.63508085906506 0.92497479217127 1.51044743019156 1.1745504825376 0.903476244304329 1.76752236345783 1.62336924509145 1.81100063258782 1.89054036908783 1.07248461223207 1.29201767896302 1.71587953786366 1.61446268251166 1.25277022598311 1.42595975729637 0 1.69692209688947 1.77008342416957 1.02513521676883 1.59119263244793 0.924127497244626 1.84875485301018 1.56446626735851
0.974315589992329 1.33411744050682 0.977371610235423 0.999591494677588 1.86902690632269 1.88144014892168 1.76837147143669 1.5206958684139 1.81697709532455 1.07277140393853 1.24189050146379 1.68443864420988 1.74159526545554 1.89229889912531 1.52808241266757 1.37171806115657 1.10697781480849 1.81920085265301 1.65178614924662 1.59657611092553 0.92742885556072 1.29432927607559 1.69692209688947 0 1.49526397837326 0.910567651502788 1.08742127195001 1.1988485804759 1.17514834250323 1.44944926793687
1.73313180217519 1.77072322112508 1.61735132313333 1.57108082040213 1.63515669666231 1.01062453957275 1.52886917022988 1.1133614522405 1.84074861253612 1.40293271653354 1.24552373425104 1.31948572723195 1.24324539606459 1.84698140458204 1.49405752657913 1.36580544477329 1.88294304464944 1.52426970587112 1.87191448919475 1.7105096639134 1.04408316151239 1.72848300309852 1.77008342416957 1.49526397837326 0 1.74593215528876 1.78983377083205 1.46474475855939 1.6095748944208 0.982502531260252
1.0699822215829 1.08979432168417 1.22924831998535 1.8438028478995 1.87911845464259 1.58842257596552 1.39388734265231 1.71866481774487 1.54660220025107 1.54769509495236 1.54659472103231 1.85544594260864 1.50441055139527 1.17567179282196 1.85797800892033 1.19474372733384 1.61515193013474 1.37313235527836 1.25070120720193 1.83929901360534 1.28560070390813 1.59855903615244 1.02513521676883 0.910567651502788 1.74593215528876 0 1.22411859547719 1.50153477326967 1.78037764714099 1.33654674724676
1.34207780938596 1.65095938951708 1.09715178259648 1.84980845847167 1.40498797106557 1.55141286598518 1.4520789522212 1.03826356283389 1.32111473754048 1.33219666103832 0.969268918735906 1.41807410703041 1.3015547960531 1.21562741557136 1.33529306668788 1.00449020182714 1.50305898627266 1.63562078797258 1.83769811224192 1.2619636321906 1.2433847184293 1.16066231089644 1.59119263244793 1.08742127195001 1.78983377083205 1.22411859547719 0 1.6646945530083 1.57671475689858 1.26961079542525
1.26745715574361 0.960933536058292 1.17970902612433 1.26908723521046 1.02623526309617 1.39601603918709 1.18815372209065 0.989167926134542 0.901529723079875 1.06109175062738 1.02019737940282 1.52787194633856 1.15904376190156 1.23287820117548 0.90924156177789 1.20529418135993 0.932887169532478 1.24976234021597 1.10693001770414 1.02644296875224 1.48063638759777 1.79705952014774 0.924127497244626 1.1988485804759 1.46474475855939 1.50153477326967 1.6646945530083 0 1.63395866937935 1.17760111577809
1.63258431083523 1.06570119969547 1.61999818589538 1.37596311210655 0.964832640951499 1.56908377003856 1.48328731837682 1.19319000840187 1.05657617375255 1.31924150162376 0.98996138991788 1.26082080416381 1.35716821369715 1.78474069712684 1.06878448068164 1.86828827741556 1.50310482410714 1.02821065485477 1.52790030953474 1.52355742338113 1.04579430585727 1.58854532102123 1.84875485301018 1.17514834250323 1.6095748944208 1.78037764714099 1.57671475689858 1.63395866937935 0 1.78539028065279
1.25333950622007 1.3274914608337 0.995852699503303 1.65751828672364 1.81211410672404 1.62201733142138 1.18044354696758 1.21540281223133 1.61084525939077 1.80648673186079 1.88228899543174 1.60259805317037 1.2305427598767 1.67060720128939 1.87471187883057 1.84798849886283 1.30345290643163 1.12234714790247 1.0457385731861 1.48469841526821 0.900636257603765 0.907243866240606 1.56446626735851 1.44944926793687 0.982502531260252 1.33654674724676 1.26961079542525 1.17760111577809 1.78539028065279 0
