0 1.76121238106862 1.19581832061522 1.28331385203637 1.88020042958669 1.67136419634335 1.19939629524015 1.76411185017787 1.06535131717101 1.73015030100942 1.23561364831403 1.90102569595911 1.39017815398984 1.1267342204228 1.02784231561236 1.15163550176658 1.47436409560032 0.912753761047497 1.01446082023904 1.4962833665777 1.35697289649397 1.11441030004062 1.04860103572719 0.942017166875303 1.36669164407067 1.55318585387431 1.11168839852326 0.923416458303109 1.67498964210972 1.35207645851187
1.76121238106862 0 1.57496341969818 1.50798118580133 1.83652527071536 1.18465881096199 0.914402574766427 1.70483192708343 1.42603520629928 1.82600909797475 1.5496849946212 1.15473751164973 1.06469683721662 0.950426601571962 1.48769900365733 1.66132357041351 1.73821971518919 1.0230291064363 0.909529749071226 1.43025986175053 1.77856792230159 1.89105930668302 1.77119392156601 1.01072516757995 1.62312311958522 1.52157871937379 1.33405651664361 1.73551865946501 1.89521433855407 1.6577973421663
1.19581832061522 1.57496341969818 0 1.80701986467466 1.35311170341447 1.26308463537134 1.85712613258511 1.29252692591399 1.14587340853177 1.56583982799202 1.78136221389286 1.30545758828521 1.13944466901012 1.0754572940059 1.17651307885535 1.66649352572858 1.71417439798824 1.34592445194721 1.26479331403971 1.38754186523147 1.63428463810124 1.68897093157284 1.38158602570184 1.23660048586316 1.5763277313672 0.989155041286722 1.03941367124207 1.09966154862195 1.40246169758029 1.73541603493504
1.28331385203637 1.50798118580133 1.80701986467466 0 1.85043516848236 0.975212700897828 1.13382818805985 1.20771467196755 1.74994993209839 1.2454962101765 1.33952302881517 1.85542588098906 1.88873370597139 1.08394427387975 1.37130670971237 1.14953033812344 1.77055490901694 1.13354447693564 1.37349173403345 1.30717708403245 1.16078671067953 1.88698560697958 1.68458517850377 1.60414444888011 1.78497868799604 0.922602398088202 1.79922682745382 1.28283304721117 1.04309929045849 1.05647533736192
1.88020042958669 1.83652527071536 1.35311170341447 1.85043516848236 0 1.84828928345814 1.00513884355314 1.43620104482397 1.02791429287754 1.80621437355876 1.4253441253677 1.69012340437621 1.23470348189585 1.02516460116021 1.63631474459544 1.17477535945363 1.43944233772345 1.86334971874021 1.7357164141722 1.75862867804244 1.63127718050964 1.29610703629442 1.37939976598136 0.956873490242288 1.26017705979757 1.56774831004441 1.83111934480257 1.38855906040408 1.80824066512287 1.24662769935094
1.67136419634335 1.18465881096199 1.26308463537134 0.975212700897828 1.84828928345814 0 1.86001236969605 1.61517267278396 1.16796233085915 1.58204161725007 1.36094607133418 1.07379953470081 1.67677249060944 1.77726884116419 1.49804076156579 0.926518167136237 1.37008730415255 1.80384456575848 1.10872452519834 0.960680292686448 1.6467680206988 1.77039532386698 1.17861976916902 1.85290153953247 1.50150284706615 1.4741183440201 0.94928493257612 1.70262462110259 1.46284302719869 1.32933434424922
1.19939629524015 0.914402574766427 1.85712613258511 1.13382818805985 1.00513884355314 1.86001236969605 0 1.79266154160723 1.72811003518291 0.95157039607875 1.15653605107218 1.25512493378483 1.71424553426914 0.9374484133441 1.58680809289217 1.08507782942615 0.966985708568245 1.43687657010742 1.28722091787495 1.85435993946157 1.29231966193765 1.23766105948016 1.17448473838158 1.20398570410907 1.27430610801093 1.88992818305269 1.14151851437055 1.64352077897638 1.73423732817173 1.56738146976568
1.76411185017787 1.70483192708343 1.29252692591399 1.20771467196755 1.43620104482397 1.61517267278396 1.79266154160723 0 1.6311871628277 1.50461456854828 1.25363648915663 1.40736673865467 0.93421665718779 1.03464133688249 1.37318196613342 1.73069989611395 1.02187504433095 0.9703120123595 1.90299594518729 1.44504508026876 1.81854095077142 1.01171006588265 1.10060222493485 1.25748853688128 0.939994283718988 1.05668322555721 1.04620738094673 1.83903285302222 1.05495698959567 1.0809219297953
1.06535131717101 1.42603520629928 1.14587340853177 1.74994993209839 1.02791429287754 1.16796233085915 1.72811003518291 1.6311871628277 0 1.78044986841269 1.41582072642632 1.05957036744803 1.9081642604433 1.53421549475752 1.29668264673091 1.09833838278428 1.61738107376732 1.65725799347274 1.2862356773112 1.86346400412731 1.38885632972233 1.04299298767 1.8398889543023 1.10986540536396 1.0115293066483 1.70940668904223 1.83714243606664 1.5634967868682 1.1579861342907 1.50597789091989
1.73015030100942 1.82600909797475 1.56583982799202 1.2454962101765 1.80621437355876 1.58204161725007 0.95157039607875 1.50461456854828 1.78044986841269 0 1.29163315752521 1.36880997614935 1.47810007748194 1.05424753436819 1.38160051777959 0.909103597747162 1.19000343023799 1.17926861252636 1.89575271797366 1.47574027627707 0.980188774876297 1.73786503495649 1.25797179690562 1.68808073480614 1.75675855902955 1.08360039512627 1.73676903964952 1.05873480159789 1.49307992588729 1.21989313978702
1.23561364831403 1.5496849946212 1.78136221389286 1.33952302881517 1.4253441253677 1.36094607133418 1.15653605107218 1.25363648915663 1.41582072642632 1.29163315752521 0 1.65332246175967 1.57143455767073 1.29652698640712 1.76705503300764 1.47981001017615 1.06787085765973 1.66064122621901 1.58274207659997 1.41836290806532 1.33072495996021 0.961499119177461 0.957880548899993 1.20439257915132 1.39850084134378 1.5758438622579 1.79412587569095 1.22565429238603 1.43134999717586 1.29723004391417
1.90102569595911 1.15473751164973 1.30545758828521 1.85542588098906 1.69012340437621 1.07379953470081 1.25512493378483 1.40736673865467 1.05957036744803 1.36880997614935 1.65332246175967 0 0.960972049273551 1.77896414534189 1.64951050467789 1.67099596560001 1.06000354234129 1.90634340955876 1.13357102428563 1.11309423716739 1.26093461830169 1.36899449303746 1.15789721719921 1.29252652078867 1.28840793576092 1.85354969464242 1.25325053441338 1.16938317520544 1.09403457073495 1.55357620026916
1.39017815398984 1.06469683721662 1.13944466901012 1.88873370597139 1.23470348189585 1.67677249060944 1.71424553426914 0.93421665718779 1.9081642604433 1.47810007748194 1.57143455767073 0.960972049273551 0 1.56475371611305 1.37363811838441 1.54188415152021 1.15350843570195 1.54448435641825 1.40324965491891 1.35033307503909 1.22458712104708 1.49018211779185 1.09356715413742 1.24828649032861 1.82187751401216 1.86678666993976 1.72339840256609 1.89340701303445 1.44604490906931 1.43805506033823
1.1267342204228 0.950426601571962 1.0754572940059 1.08394427387975 1.02516460116021 1.77726884116419 0.9374484133441 1.03464133688249 1.53421549475752 1.05424753436819 1.29652698640712 1.77896414534189 1.56475371611305 0 0.985534105217084 1.36106763686985 1.80146932252683 0.92181745544076 1.7395259917248 1.52428282028995 1.23826035973616 1.27189504611306 1.18401629454456 1.07736210222356 1.02645398513414 1.52869242033921 1.0699586449191 1.71757363597862 1.19022240815684 1.5931385892909
1.02784231561236 1.48769900365733 1.17651307885535 1.37130670971237 1.63631474459544 1.49804076156579 1.58680809289217 1.37318196613342 1.29668264673091 1.38160051777959 1.76705503300764 1.64951050467789 1.37363811838441 0.985534105217084 0 1.49988959077746 1.62991367839277 1.64706297614612 1.8812429944519 1.70684425975196 1.34180893842131 1.47938923351467 1.45593902771361 1.41650216863491 1.84512127749622 1.8343526176177 1.24318341980688 1.62323071225546 1.35079982876778 1.44118945556693
1.15163550176658 1.66132357041351 1.66649352572858 1.14953033812344 1.17477535945363 0.926518167136237 1.08507782942615 1.73069989611395 1.09833838278428 0.909103597747162 1.47981001017615 1.67099596560001 1.54188415152021 1.36106763686985 1.49988959077746 0 1.39005629555322 0.924018844496459 1.63022772618569 1.57955090305768 1.36561425635591 0.908886605175212 1.64669583598152 1.46360491169617 1.80197421158664 1.21591229084879 1.44037386984564 1.18630543490872 1.6138188696932 1.7011806666851
1.47436409560032 1.73821971518919 1.71417439798824 1.77055490901694 1.43944233772345 1.37008730415255 0.966985708568245 1.02187504433095 1.61738107376732 1.19000343023799 1.06787085765973 1.06000354234129 1.15350843570195 1.80146932252683 1.62991367839277 1.39005629555322 0 0.927366732619703 1.43037665449083 1.1363744654227 1.26384571334347 1.40999016119167 1.65305369347334 1.3456875490956 1.1060369820334 1.14161404198967 1.33043989422731 1.5126238190569 1.14865119755268 1.09893915592693
0.912753761047497 1.0230291064363 1.34592445194721 1.13354447693564 1.86334971874021 1.80384456575848 1.43687657010742 0.9703120123595 1.65725799347274 1.17926861252636 1.66064122621901 1.90634340955876 1.54448435641825 0.92181745544076 1.64706297614612 0.924018844496459 0.927366732619703 0 1.10666244244203 1.65067642438225 1.34666599729098 1.45560273877345 1.5023383682128 1.11320341704413 1.51261754729785 1.8336148080416 1.6094701255206 1.76109616179019 1.76791945262812 1.76359047158621
1.01446082023904 0.909529749071226 1.26479331403971 1.37349173403345 1.7357164141722 1.10872452519834 1.28722091787495 1.90299594518729 1.2862356773112 1.89575271797366 1.58274207659997 1.13357102428563 1.40324965491891 1.7395259917248 1.8812429944519 1.63022772618569 1.43037665449083 1.10666244244203 0 1.31468931632116 1.73901436920278 1.67113257176243 1.3925073905848 1.43377983360551 1.26249169511721 1.72984042204916 1.21105142030865 1.33912141318433 1.02329148747958 1.55231220228598
1.4962833665777 1.43025986175053 1.38754186523147 1.30717708403245 1.75862867804244 0.960680292686448 1.85435993946157 1.44504508026876 1.86346400412731 1.47574027627707 1.41836290806532 1.11309423716739 1.35033307503909 1.52428282028995 1.70684425975196 1.57955090305768 1.1363744654227 1.65067642438225 1.31468931632116 0 1.85338890948333 1.30844311020337 1.51715003978461 1.68254328402691 0.973870108136907 0.984517767094076 1.28194779739715 1.11917563760653 1.61901608109474 1.833733409876
1.35697289649397 1.77856792230159 1.63428463810124 1.16078671067953 1.63127718050964 1.6467680206988 1.29231966193765 1.81854095077142 1.38885632972233 0.980188774876297 1.33072495996021 1.26093461830169 1.22458712104708 1.23826035973616 1.34180893842131 1.36561425635591 1.26384571334347 1.34666599729098 1.73901436920278 1.85338890948333 0 1.08733761962503 1.31331401411444 1.1468288146425 1.39003866026178 1.65959176793694 0.949500389629975 1.16517357248813 1.19674269715324 0.943643092177808
1.11441030004062 1.89105930668302 1.68897093157284 1.88698560697958 1.29610703629442 1.77039532386698 1.23766105948016 1.01171006588265 1.04299298767 1.73786503495649 0.961499119177461 1.36899449303746 1.49018211779185 1.27189504611306 1.47938923351467 0.908886605175212 1.40999016119167 1.45560273877345 1.67113257176243 1.30844311020337 1.08733761962503 0 1.75743496930227 1.54846272896975 1.48214675742202 0.964383208891377 1.71388307632878 1.88601262122393 1.88702274928801 1.65169394784607
1.04860103572719 1.77119392156601 1.38158602570184 1.68458517850377 1.37939976598136 1.17861976916902 1.17448473838158 1.10060222493485 1.8398889543023 1.25797179690562 0.957880548899993 1.15789721719921 1.09356715413742 1.18401629454456 1.45593902771361 1.64669583598152 1.65305369347334 1.5023383682128 1.3925073905848 1.51715003978461 1.31331401411444 1.75743496930227 0 1.75380136538297 1.62442900962196 1.46810843399726 1.15604376932606 1.19897263287567 1.30571697186679 1.20204090792686
0.942017166875303 1.01072516757995 1.23660048586316 1.60414444888011 0.956873490242288 1.85290153953247 1.20398570410907 1.25748853688128 1.10986540536396 1.68808073480614 1.20439257915132 1.29252652078867 1.24828649032861 1.07736210222356 1.41650216863491 1.46360491169617 1.3456875490956 1.11320341704413 1.43377983360551 1.68254328402691 1.1468288146425 1.54846272896975 1.75380136538297 0 1.32817520294338 1.85009785322472 1.85865567484871 1.44372116494924 1.61291142832488 1.38466989877634
1.36669164407067 1.62312311958522 1.5763277313672 1.78497868799604 1.26017705979757 1.50150284706615 1.27430610801093 0.939994283718988 1.0115293066483 1.75675855902955 1.39850084134378 1.28840793576092 1.82187751401216 1.02645398513414 1.84512127749622 1.80197421158664 1.1060369820334 1.51261754729785 1.26249169511721 0.973870108136907 1.39003866026178 1.48214675742202 1.62442900962196 1.32817520294338 0 1.86740623810329 1.2448239622172 1.61583042261191 1.52103909337893 1.33295381884091
1.55318585387431 1.52157871937379 0.989155041286722 0.922602398088202 1.56774831004441 1.4741183440201 1.88992818305269 1.05668322555721 1.70940668904223 1.08360039512627 1.5758438622579 1.85354969464242 1.86678666993976 1.52869242033921 1.8343526176177 1.21591229084879 1.14161404198967 1.8336148080416 1.72984042204916 0.984517767094076 1.65959176793694 0.964383208891377 1.46810843399726 1.85009785322472 1.86740623810329 0 1.56742071150802 1.34402819769457 1.54476904659532 1.65248828497715
1.11168839852326 1.33405651664361 1.03941367124207 1.79922682745382 1.83111934480257 0.94928493257612 1.14151851437055 1.04620738094673 1.83714243606664 1.73676903964952 1.79412587569095 1.25325053441338 1.72339840256609 1.0699586449191 1.24318341980688 1.44037386984564 1.33043989422731 1.6094701255206 1.21105142030865 1.28194779739715 0.949500389629975 1.71388307632878 1.15604376932606 1.85865567484871 1.2448239622172 1.56742071150802 0 1.85226728976704 1.31649709050544 1.0024468221236
0.923416458303109 1.73551865946501 1.09966154862195 1.28283304721117 1.38855906040408 1.70262462110259 1.64352077897638 1.83903285302222 1.5634967868682 1.05873480159789 1.22565429238603 1.16938317520544 1.89340701303445 1.71757363597862 1.62323071225546 1.18630543490872 1.5126238190569 1.76109616179019 1.33912141318433 1.11917563760653 1.16517357248813 1.88601262122393 1.19897263287567 1.44372116494924 1.61583042261191 1.34402819769457 1.85226728976704 0 1.06250470480882 1.17006179201417
1.67498964210972 1.89521433855407 1.40246169758029 1.04309929045849 1.80824066512287 1.46284302719869 1.73423732817173 1.05495698959567 1.1579861342907 1.49307992588729 1.43134999717586 1.09403457073495 1.44604490906931 1.19022240815684 1.35079982876778 1.6138188696932 1.14865119755268 1.76791945262812 1.02329148747958 1.61901608109474 1.19674269715324 1.88702274928801 1.30571697186679 1.61291142832488 1.52103909337893 1.54476904659532 1.31649709050544 1.06250470480882 0 1.22116940212436
1.35207645851187 1.6577973421663 1.73541603493504 1.05647533736192 1.24662769935094 1.32933434424922 1.56738146976568 1.0809219297953 1.50597789091989 1.21989313978702 1.29723004391417 1.55357620026916 1.43805506033823 1.5931385892909 1.44118945556693 1.7011806666851 1.09893915592693 1.76359047158621 1.55231220228598 1.833733409876 0.943643092177808 1.65169394784607 1.20204090792686 1.38466989877634 1.33295381884091 1.65248828497715 1.0024468221236 1.17006179201417 1.22116940212436 0
