0 1.80639193532988 1.89304863382131 1.50348079251125 1.05558362882584 1.09981361380778 1.90828975802287 1.53734094346873 0.936918024439365 1.39463479630649 1.88046617992222 1.31355199287646 1.57809392083436 1.76093123503961 1.26208956423216 1.02902272925712 1.09630060917698 1.71188407437876 1.69526248471811 1.71027862024494 1.5404543816112 0.945367743261158 1.52978246030398 1.09764237306081 1.00870779808611 1.04645336419344 1.5836349572055 1.76364485477097 1.69526738882996 1.06997277610935
1.80639193532988 0 1.2634273127187 1.50943654915318 1.37998540676199 1.00456286990084 1.83583343937062 1.60067122615874 1.50937047693878 1.60906530474313 1.60172198945656 1.19839972374029 1.49097423325293 1.03580859838985 1.17741807969287 1.13001364120282 1.56331617594697 1.29079673439264 1.5581508402247 1.30217769206502 1.79363316413946 1.72769283130765 0.976893703918904 1.22942846221849 1.37689804821275 1.41852575610392 1.2058817720972 1.38997161271982 1.0796887325123 1.07340977783315
1.89304863382131 1.2634273127187 0 1.19021814409643 1.01474107080139 1.75443227705546 1.31784194544889 1.30239031743258 1.30717926495709 1.67753299558535 1.34091695398092 1.6776135370601 1.51261504762806 1.63182030222379 1.27544986223802 1.57811084971763 1.30867819976993 1.880007349886 1.18780230684206 1.19942937511951 1.2893228395842 1.5720346653834 1.16548150219023 1.16900601889938 1.26232318626717 1.10369528504089 1.07587820081972 1.01375554827973 1.66540183965117 1.62476614769548
1.50348079251125 1.50943654915318 1.19021814409643 0 1.66339185810648 1.66483166511171 1.43918852391653 1.80291661596857 1.02826584991999 1.62700767652132 1.58297027763911 1.39993384224363 1.87859034445137 0.933143022935838 1.22130828187801 1.4342042170465 1.65944436378777 0.96925877709873 0.96197451534681 1.77981922402978 1.89484828850254 1.1979594072327 1.29402615386061 1.21034200815484 1.84349363087676 1.35305057489313 1.27359272865579 1.45720557076856 1.01289893547073 1.76602082885802
1.05558362882584 1.37998540676199 1.01474107080139 1.66339185810648 0 0.998283896129578 0.971933545311913 1.33243669266813 1.525099638151 1.40430229296908 1.8095840360038 1.88267463049851 1.46788490982726 1.0426498001907 1.21876096283086 1.11617452884093 1.2319407062605 1.77991229738109 0.991394101874903 0.991051597055048 1.78894211514853 1.36804746533744 1.209145745961 1.03400005097501 1.52144435816444 0.922499189386144 1.7489850029815 1.87602800014429 0.982528495369479 1.37747440696694
1.09981361380778 1.00456286990084 1.75443227705546 1.66483166511171 0.998283896129578 0 1.22772804368287 1.75931226788089 1.80002353340387 1.47451126785018 1.44196094502695 1.66299736173823 1.36634883238003 1.45853264443576 1.44599181273952 1.03983199852519 1.01519852411002 1.38949124398641 1.28913883911446 1.37205512658693 1.72587127261795 1.23398247733712 1.83901106053963 1.91055452194996 1.88139211386442 1.28089734003879 0.926981177413836 1.57503873854876 1.04714396805502 1.71589804557152
1.90828975802287 1.83583343937062 1.31784194544889 1.43918852391653 0.971933545311913 1.22772804368287 0 1.57159798266366 1.00980623951182 1.17797874705866 1.00865721399896 1.37540403450839 1.39387385686859 1.55557128996588 1.40911814570427 1.26077055931091 1.65628062328324 1.67439665459096 1.79608386498876 1.88766329130158 1.27012705500238 1.1830939326901 1.3956216906663 1.14660750282928 1.71733820415102 1.27033535251394 1.49801405193284 1.75202329037711 1.71089466637932 1.62193109141663
1.53734094346873 1.60067122615874 1.30239031743258 1.80291661596857 1.33243669266813 1.75931226788089 1.57159798266366 0 1.33273349283263 1.73911267728545 1.30111413518898 1.47861371748149 1.56259707128629 1.02893140632659 1.82848272263072 1.64055004739203 1.57665598578751 1.11493433383293 1.49957905360498 1.03103015315719 1.5990822177846 1.25731555279344 1.08264929614961 1.66133535676636 1.76624310528859 1.13101954711601 1.49621427478269 1.00088962889276 1.733055483317 1.48213051748462
0.936918024439365 1.50937047693878 1.30717926495709 1.02826584991999 1.525099638151 1.80002353340387 1.00980623951182 1.33273349283263 0 1.14639496058226 1.54556229966693 1.21756604034454 1.64336848142557 1.05599527526647 1.51172832143493 1.66112382523715 0.924788653152063 1.22657851176336 1.58587349019945 0.970321579370648 1.52390445186757 1.53771762829274 1.76079055457376 0.9738366054371 1.35243997164071 0.953542948001996 1.42949463939294 1.46520535461605 1.00218163523823 1.47019432159141
1.39463479630649 1.60906530474313 1.67753299558535 1.62700767652132 1.40430229296908 1.47451126785018 1.17797874705866 1.73911267728545 1.14639496058226 0 1.3824953888543 1.65673270169646 1.74688262538984 1.42166186915711 1.19892687606625 1.13956607808359 1.45563637511805 1.65736019914038 0.96279267128557 1.45751280570403 1.12291935947724 1.53818733175285 1.76218179473653 1.7134368873667 1.70404082722962 1.46277831634507 1.7844754208345 1.62780222273432 1.40159094729461 1.03051594365388
1.88046617992222 1.60172198945656 1.34091695398092 1.58297027763911 1.8095840360038 1.44196094502695 1.00865721399896 1.30111413518898 1.54556229966693 1.3824953888543 0 1.36894344119355 1.78250847198069 0.924188676755875 1.6308765669819 1.87315197824501 0.955143065890297 1.15104721137322 0.950856781331822 1.0816268757917 1.38200606592 1.74902000371367 1.90564272459596 1.55225882027298 1.66367911593989 1.80804338329472 1.15622723847628 1.18864700431004 1.28942727600224 1.21078157890588
1.31355199287646 1.19839972374029 1.6776135370601 1.39993384224363 1.88267463049851 1.66299736173823 1.37540403450839 1.47861371748149 1.21756604034454 1.65673270169646 1.36894344119355 0 1.16768365190364 1.5274637544062 1.66308053256944 1.24569577071816 1.37043537711725 1.79512541275471 1.47111205523834 1.72757712821476 1.89006452611648 1.13135426258668 1.54228768520989 1.7666811523959 1.37516231485642 1.49395797797479 1.67880358570255 1.40995320631191 1.40579828666523 1.02049139258452
1.57809392083436 1.49097423325293 1.51261504762806 1.87859034445137 1.46788490982726 1.36634883238003 1.39387385686859 1.56259707128629 1.64336848142557 1.74688262538984 1.78250847198069 1.16768365190364 0 1.82175880810246 1.27114293398336 1.14402970368974 1.75629702885635 1.27112489868887 1.48671308392659 1.3702943820972 1.34169166395441 1.01923741493374 1.86434499034658 1.02394643123262 1.40119601180777 0.999965397408232 1.07179157668725 1.5154939533677 1.62902847188525 1.69167999411002
1.76093123503961 1.03580859838985 1.63182030222379 0.933143022935838 1.0426498001907 1.45853264443576 1.55557128996588 1.02893140632659 1.05599527526647 1.42166186915711 0.924188676755875 1.5274637544062 1.82175880810246 0 1.7137085404247 1.0616876850836 1.42490938329138 1.40510469907895 1.83735981956124 1.12180083896965 1.30625387630425 1.21940959710628 1.81198548385873 1.76262909150682 1.09716184739955 1.64284870424308 1.38740662229247 1.06971819675528 1.54260319611058 1.18051743251272
1.26208956423216 1.17741807969287 1.27544986223802 1.22130828187801 1.21876096283086 1.44599181273952 1.40911814570427 1.82848272263072 1.51172832143493 1.19892687606625 1.6308765669819 1.66308053256944 1.27114293398336 1.7137085404247 0 1.48721036571078 1.72431337577291 1.42712720599957 1.46616316237487 0.976791916182265 1.46381920273416 1.30362689425237 1.16176801081747 1.14163301885128 1.52741851541214 1.76177960610949 1.64806306734681 1.56669460958801 1.19679132150486 1.35352418618277
1.02902272925712 1.13001364120282 1.57811084971763 1.4342042170465 1.11617452884093 1.03983199852519 1.26077055931091 1.64055004739203 1.66112382523715 1.13956607808359 1.87315197824501 1.24569577071816 1.14402970368974 1.0616876850836 1.48721036571078 0 1.04547685896978 1.63665805244818 1.60245635476895 1.87815974350087 1.1393180587329 1.27473384700716 1.35224905982614 1.90258993417956 1.5297636128962 1.51689910003915 1.27078921534121 1.2141235594172 1.28064475744031 1.51515310280956
1.09630060917698 1.56331617594697 1.30867819976993 1.65944436378777 1.2319407062605 1.01519852411002 1.65628062328324 1.57665598578751 0.924788653152063 1.45563637511805 0.955143065890297 1.37043537711725 1.75629702885635 1.42490938329138 1.72431337577291 1.04547685896978 0 1.01855039619841 1.43586561526172 1.89511023252271 1.19705199101008 1.68146989354864 1.16182179702446 1.88819087203592 1.55897200130858 1.65961201861501 1.52709784335457 1.39892076514661 1.74675820791163 1.89853199059144
1.71188407437876 1.29079673439264 1.880007349886 0.96925877709873 1.77991229738109 1.38949124398641 1.67439665459096 1.11493433383293 1.22657851176336 1.65736019914038 1.15104721137322 1.79512541275471 1.27112489868887 1.40510469907895 1.42712720599957 1.63665805244818 1.01855039619841 0 1.59516505617648 1.90713886590675 1.62941378518008 1.66969625465572 1.13255464937538 1.6754501957912 1.34558230894618 1.84956291387789 1.02866714750417 1.11313909245655 1.07259094179608 1.22277017799206
1.69526248471811 1.5581508402247 1.18780230684206 0.96197451534681 0.991394101874903 1.28913883911446 1.79608386498876 1.49957905360498 1.58587349019945 0.96279267128557 0.950856781331822 1.47111205523834 1.48671308392659 1.83735981956124 1.46616316237487 1.60245635476895 1.43586561526172 1.59516505617648 0 1.90153275453486 1.73502878448926 1.35626540635712 1.33277600887232 0.949339835206047 1.0089852870442 1.11716088675894 1.09725333238021 1.2963116155006 0.985145290382206 1.54646220896393
1.71027862024494 1.30217769206502 1.19942937511951 1.77981922402978 0.991051597055048 1.37205512658693 1.88766329130158 1.03103015315719 0.970321579370648 1.45751280570403 1.0816268757917 1.72757712821476 1.3702943820972 1.12180083896965 0.976791916182265 1.87815974350087 1.89511023252271 1.90713886590675 1.90153275453486 0 1.61779996799305 1.64341133553535 1.29321246640757 1.88078720215708 1.52497901162133 1.61526358104311 1.81258391169831 1.14205322624184 1.20493535627611 1.62921108235605
1.5404543816112 1.79363316413946 1.2893228395842 1.89484828850254 1.78894211514853 1.72587127261795 1.27012705500238 1.5990822177846 1.52390445186757 1.12291935947724 1.38200606592 1.89006452611648 1.34169166395441 1.30625387630425 1.46381920273416 1.1393180587329 1.19705199101008 1.62941378518008 1.73502878448926 1.61779996799305 0 1.79442760301754 1.87333081872202 1.90234727133065 1.08211924321949 1.18495792034082 0.95613224664703 1.02616350632161 1.01040158374235 1.14128721109591
0.945367743261158 1.72769283130765 1.5720346653834 1.1979594072327 1.36804746533744 1.23398247733712 1.1830939326901 1.25731555279344 1.53771762829274 1.53818733175285 1.74902000371367 1.13135426258668 1.01923741493374 1.21940959710628 1.30362689425237 1.27473384700716 1.68146989354864 1.66969625465572 1.35626540635712 1.64341133553535 1.79442760301754 0 1.03200306836516 1.59639385296032 1.50166718498804 1.46899924124591 1.17940937378444 1.86887273448519 1.53285270929337 1.23834812548012
1.52978246030398 0.976893703918904 1.16548150219023 1.29402615386061 1.209145745961 1.83901106053963 1.3956216906663 1.08264929614961 1.76079055457376 1.76218179473653 1.90564272459596 1.54228768520989 1.86434499034658 1.81198548385873 1.16176801081747 1.35224905982614 1.16182179702446 1.13255464937538 1.33277600887232 1.29321246640757 1.87333081872202 1.03200306836516 0 1.27520094858482 1.09947814838961 0.934439351316541 1.33071785303764 1.70499278511852 1.29754565702751 1.53198208170943
1.09764237306081 1.22942846221849 1.16900601889938 1.21034200815484 1.03400005097501 1.91055452194996 1.14660750282928 1.66133535676636 0.9738366054371 1.7134368873667 1.55225882027298 1.7666811523959 1.02394643123262 1.76262909150682 1.14163301885128 1.90258993417956 1.88819087203592 1.6754501957912 0.949339835206047 1.88078720215708 1.90234727133065 1.59639385296032 1.27520094858482 0 1.88188927201554 0.958547048503533 1.37308321567252 1.78061799728312 0.944966116221622 1.64278294704854
1.00870779808611 1.37689804821275 1.26232318626717 1.84349363087676 1.52144435816444 1.88139211386442 1.71733820415102 1.76624310528859 1.35243997164071 1.70404082722962 1.66367911593989 1.37516231485642 1.40119601180777 1.09716184739955 1.52741851541214 1.5297636128962 1.55897200130858 1.34558230894618 1.0089852870442 1.52497901162133 1.08211924321949 1.50166718498804 1.09947814838961 1.88188927201554 0 1.54687877139077 1.67228544922546 1.689487548545 1.80927224364132 1.54333386127837
1.04645336419344 1.41852575610392 1.10369528504089 1.35305057489313 0.922499189386144 1.28089734003879 1.27033535251394 1.13101954711601 0.953542948001996 1.46277831634507 1.80804338329472 1.49395797797479 0.999965397408232 1.64284870424308 1.76177960610949 1.51689910003915 1.65961201861501 1.84956291387789 1.11716088675894 1.61526358104311 1.18495792034082 1.46899924124591 0.934439351316541 0.958547048503533 1.54687877139077 0 1.73635750985704 1.25178465712816 1.53817850886844 1.71134337969124
1.5836349572055 1.2058817720972 1.07587820081972 1.27359272865579 1.7489850029815 0.926981177413836 1.49801405193284 1.49621427478269 1.42949463939294 1.7844754208345 1.15622723847628 1.67880358570255 1.07179157668725 1.38740662229247 1.64806306734681 1.27078921534121 1.52709784335457 1.02866714750417 1.09725333238021 1.81258391169831 0.95613224664703 1.17940937378444 1.33071785303764 1.37308321567252 1.67228544922546 1.73635750985704 0 1.68534610443749 1.5788856674917 0.932019237661734
1.76364485477097 1.38997161271982 1.01375554827973 1.45720557076856 1.87602800014429 1.57503873854876 1.75202329037711 1.00088962889276 1.46520535461605 1.62780222273432 1.18864700431004 1.40995320631191 1.5154939533677 1.06971819675528 1.56669460958801 1.2141235594172 1.39892076514661 1.11313909245655 1.2963116155006 1.14205322624184 1.02616350632161 1.86887273448519 1.70499278511852 1.78061799728312 1.689487548545 1.25178465712816 1.68534610443749 0 1.06369191594422 1.87045545759611
1.69526738882996 1.0796887325123 1.66540183965117 1.01289893547073 0.982528495369479 1.04714396805502 1.71089466637932 1.733055483317 1.00218163523823 1.40159094729461 1.28942727600224 1.40579828666523 1.62902847188525 1.54260319611058 1.19679132150486 1.28064475744031 1.74675820791163 1.07259094179608 0.985145290382206 1.20493535627611 1.01040158374235 1.53285270929337 1.29754565702751 0.944966116221622 1.80927224364132 1.53817850886844 1.5788856674917 1.06369191594422 0 1.82920476072468
1.06997277610935 1.07340977783315 1.62476614769548 1.76602082885802 1.37747440696694 1.71589804557152 1.62193109141663 1.48213051748462 1.47019432159141 1.03051594365388 1.21078157890588 1.02049139258452 1.69167999411002 1.18051743251272 1.35352418618277 1.51515310280956 1.89853199059144 1.22277017799206 1.54646220896393 1.62921108235605 1.14128721109591 1.23834812548012 1.53198208170943 1.64278294704854 1.54333386127837 1.71134337969124 0.932019237661734 1.87045545759611 1.82920476072468 0
