0 1.08137610065751 1.17866277438588 0.961378702893853 1.5865065108519 1.78256357531063 1.79073089081794 1.24981823400594 1.46777435694821 1.54113148734905 1.35556631162763 1.43763850047253 1.73845327366143 1.34682653727941 1.25743669318035 1.42906671809033 1.17435116064735 1.83726603025571 1.29395555402152 1.2656382501591 1.17741859541275 1.93908880464733 1.64112974400632 1.3760732288938 1.66587478853762 1.20028534717858 1.38209491828457 0.962252516066656 1.16774078924209 1.30314334132709
1.08137610065751 0 1.144973839866 1.34816541732289 1.05271223396994 1.93646230502054 1.39455537474714 1.93821618473157 1.6219100416638 1.64770370861515 1.24973698775284 1.67438719049096 1.16474454035051 1.4523084780667 1.16730761877261 1.84920653444715 1.75192707497627 1.12062816438265 1.5209313032683 1.79626603843644 1.81934862397611 1.54660634347238 1.29699463304132 1.38246386428364 1.71259172307327 0.988593918504193 1.72990252822638 1.701964488253 1.84693387150764 1.18365048826672
1.17866277438588 1.144973839866 0 1.74339066352695 1.82823367975652 1.27300984994508 1.51584896678105 1.87808917858638 1.72886054217815 1.32689982512966 1.52061863429844 1.51068850723095 1.89921441860497 1.87765281810425 1.0360556228552 0.978017173474655 1.84439818840474 1.6530571738258 1.66480130632408 1.72933025984094 1.06808248814195 1.22053547995165 1.03691378328949 1.02188651636243 1.21708756126463 1.34491459117271 1.91205238411203 1.85698387492448 1.77403699723072 1.05164420930669
0.961378702893853 1.34816541732289 1.74339066352695 0 1.77302029193379 1.81576022342779 1.25979159213603 1.90225204732269 1.04725624318235 1.11660001170821 1.525276388973 1.14916755491868 1.64407112123445 0.977411921136081 1.6078020145651 1.16921960562468 1.78484363248572 1.13541457755491 1.41303828079253 1.2129160517361 1.93501406256109 1.47970744920895 1.29812750499696 0.968586413189769 1.06007820297964 1.15863523469307 1.73828664631583 1.36185863474384 1.54518642299809 1.33197281090543
1.5865065108519 1.05271223396994 1.82823367975652 1.77302029193379 0 1.58214371860959 1.93104893853888 1.21119461138733 1.86870122374967 1.02968901093118 0.99233481194824 1.06595896091312 1.92844296200201 1.93074891716242 1.94710880937055 1.85487541859038 1.53496371489018 1.21222367463633 1.45919479778968 1.29356253100559 1.61240493692458 1.52602029195987 1.35378037462942 1.24608617834747 1.93849931028672 1.8005572152324 1.82437147037126 1.94989512301981 1.38877969770692 1.35474149906076
1.78256357531063 1.93646230502054 1.27300984994508 1.81576022342779 1.58214371860959 0 0.95642069960013 1.66032253578305 1.89124328526668 1.0701944315806 1.64860696508549 0.9701718010474 1.06654184544459 1.61498958314769 1.39327109768055 1.40151078347117 1.18453100020997 1.31714725121856 1.70443651382811 1.14828274492174 1.69328299490735 1.23174920165911 0.973191918572411 1.34198089898564 0.966189780505374 1.70657278061844 1.68393119587563 1.02898543677293 1.45505997026339 1.16225071717054
1.79073089081794 1.39455537474714 1.51584896678105 1.25979159213603 1.93104893853888 0.95642069960013 0 1.84069934440777 1.59246830060147 1.72490211599506 1.81637341552414 1.78267276030965 1.00475580873899 1.870710947318 1.92202960071154 1.40276241884567 1.76611130381934 1.09592290199362 1.3959804547485 1.32965204794891 0.978289557853714 1.87988829868846 1.31587778986432 1.45277444901876 1.53880234574899 1.10394873982295 0.99613857222721 1.81803475739434 1.21165960957296 1.69298701919615
1.24981823400594 1.93821618473157 1.87808917858638 1.90225204732269 1.21119461138733 1.66032253578305 1.84069934440777 0 1.68067567143589 0.955153094837442 1.03051043767482 1.17358855856583 1.27109666122124 1.70295057957992 1.10568864736706 1.20164726651274 1.1693982493598 1.91053047752939 1.95209988369606 1.17105463100597 1.02000572066754 1.14163433806971 1.55824715620838 1.53339049592614 1.48129878682084 1.57370435353369 1.69713722565211 1.62858810415491 1.25287951272912 1.52435998758301
1.46777435694821 1.6219100416638 1.72886054217815 1.04725624318235 1.86870122374967 1.89124328526668 1.59246830060147 1.68067567143589 0 1.7551181842573 1.4610259514302 1.6125713000074 1.42670018505305 1.33924263110384 1.63240484124981 1.03375948173925 1.90983617817983 1.81402162951417 1.07525288523175 1.12732138228603 1.39827077882364 1.83006191672757 1.01700433879159 1.73170455102809 1.85982096497901 1.31769784516655 1.04677299619652 0.965164089808241 1.56497875857167 1.75161244021729
1.54113148734905 1.64770370861515 1.32689982512966 1.11660001170821 1.02968901093118 1.0701944315806 1.72490211599506 0.955153094837442 1.7551181842573 0 1.20621042372659 1.51231105602346 1.10013186372817 1.48078943393193 1.39212227030657 1.45299815270118 1.4991038388107 1.27472103131004 1.82523268926889 1.46231627627276 1.71079504466616 1.49278637301177 1.33267711359076 1.55488311941735 1.30577412759885 1.34064679476433 1.49827089719474 1.50862931134179 1.09404113236815 1.4433243481908
1.35556631162763 1.24973698775284 1.52061863429844 1.525276388973 0.99233481194824 1.64860696508549 1.81637341552414 1.03051043767482 1.4610259514302 1.20621042372659 0 1.06216271175072 1.31414979184046 1.69401696603745 1.6981859037187 1.77353898086585 1.17611135030165 1.62025387352332 1.20328407525085 1.69189360411838 1.87637026445009 0.977889938047156 1.55307084042579 1.09785672696307 1.3974353261292 1.52415048913099 1.73210108862258 1.92975797131658 1.57623345428146 1.26527142082341
1.43763850047253 1.67438719049096 1.51068850723095 1.14916755491868 1.06595896091312 0.9701718010474 1.78267276030965 1.17358855856583 1.6125713000074 1.51231105602346 1.06216271175072 0 1.3441613225732 1.6494448913727 0.981645524734631 1.83644047239795 1.5762565578334 1.2388678137213 1.64666700665839 1.9404915033374 1.81913095177151 1.27602800913155 1.46227342449129 1.69142291112803 1.45496377092786 1.61205594381317 1.09824723494239 1.83644030522555 1.50272247707471 1.22247942653485
1.73845327366143 1.16474454035051 1.89921441860497 1.64407112123445 1.92844296200201 1.06654184544459 1.00475580873899 1.27109666122124 1.42670018505305 1.10013186372817 1.31414979184046 1.3441613225732 0 1.79246633802541 1.43358517903835 1.21093348646536 1.33255033777095 1.71587686846033 1.65024842694402 1.752488266211 1.02235952322371 1.08107917173766 1.77372288214974 1.39131673355587 1.36024001659825 1.00739626586437 1.85585576412268 1.28769659437239 0.996034292271361 1.43987782322802
1.34682653727941 1.4523084780667 1.87765281810425 0.977411921136081 1.93074891716242 1.61498958314769 1.870710947318 1.70295057957992 1.33924263110384 1.48078943393193 1.69401696603745 1.6494448913727 1.79246633802541 0 1.85091378935613 1.83883434068412 1.50342861306854 1.26342099253088 1.58872380689718 1.05150249134749 0.957602141425014 1.58176374924369 1.89419485838152 1.14763836818747 1.21875924244523 1.29279383644462 1.41554435528815 1.02402688656002 1.60214006109163 1.44882334396243
1.25743669318035 1.16730761877261 1.0360556228552 1.6078020145651 1.94710880937055 1.39327109768055 1.92202960071154 1.10568864736706 1.63240484124981 1.39212227030657 1.6981859037187 0.981645524734631 1.43358517903835 1.85091378935613 0 1.11069392692298 1.23370424145833 1.66824309644289 1.40617488278076 1.4006454416085 1.66580587346107 1.86095425323583 1.57816647249274 1.6045975361485 1.4857379491441 1.21851076371968 1.771872876212 1.34175789100118 1.48306138324551 1.60635229805484
1.42906671809033 1.84920653444715 0.978017173474655 1.16921960562468 1.85487541859038 1.40151078347117 1.40276241884567 1.20164726651274 1.03375948173925 1.45299815270118 1.77353898086585 1.83644047239795 1.21093348646536 1.83883434068412 1.11069392692298 0 1.52240485395305 1.67556101200171 1.19407762540504 1.33884107624181 1.37137786997482 1.8221632593777 1.56008063233458 0.975790621479973 1.76687891129404 1.16761713428423 1.20501605374739 1.37705253437161 1.71199314366095 1.8954110594932
1.17435116064735 1.75192707497627 1.84439818840474 1.78484363248572 1.53496371489018 1.18453100020997 1.76611130381934 1.1693982493598 1.90983617817983 1.4991038388107 1.17611135030165 1.5762565578334 1.33255033777095 1.50342861306854 1.23370424145833 1.52240485395305 0 1.57349417544901 1.14670389750972 1.17150598415174 1.71226130332798 1.02451288048178 1.53350056265481 1.24978398578241 1.13914728653617 0.99186033802107 1.8185301986523 1.35038333223201 1.42983845598064 0.976480758748949
1.83726603025571 1.12062816438265 1.6530571738258 1.13541457755491 1.21222367463633 1.31714725121856 1.09592290199362 1.91053047752939 1.81402162951417 1.27472103131004 1.62025387352332 1.2388678137213 1.71587686846033 1.26342099253088 1.66824309644289 1.67556101200171 1.57349417544901 0 1.03825470549054 1.15505345887505 1.86211139406078 1.06915843603201 1.30255863233469 1.63656287267804 1.75534293311648 1.42674444545992 1.26828751084395 1.90220324858092 1.71175689436495 1.24261586437933
1.29395555402152 1.5209313032683 1.66480130632408 1.41303828079253 1.45919479778968 1.70443651382811 1.3959804547485 1.95209988369606 1.07525288523175 1.82523268926889 1.20328407525085 1.64666700665839 1.65024842694402 1.58872380689718 1.40617488278076 1.19407762540504 1.14670389750972 1.03825470549054 0 1.02741251746193 1.22640361380763 1.46501362859271 1.83004001155496 1.15977886179462 1.4133931347169 1.46583197033033 1.75139619363472 1.41125886677764 1.59882052289322 1.26888706278987
1.2656382501591 1.79626603843644 1.72933025984094 1.2129160517361 1.29356253100559 1.14828274492174 1.32965204794891 1.17105463100597 1.12732138228603 1.46231627627276 1.69189360411838 1.9404915033374 1.752488266211 1.05150249134749 1.4006454416085 1.33884107624181 1.17150598415174 1.15505345887505 1.02741251746193 0 1.65807913220488 1.01483631390147 1.13588046119548 1.0932833631523 1.46842070948333 1.12035633507185 1.22586781694554 1.63192583457567 1.04985538357869 1.43530498538166
1.17741859541275 1.81934862397611 1.06808248814195 1.93501406256109 1.61240493692458 1.69328299490735 0.978289557853714 1.02000572066754 1.39827077882364 1.71079504466616 1.87637026445009 1.81913095177151 1.02235952322371 0.957602141425014 1.66580587346107 1.37137786997482 1.71226130332798 1.86211139406078 1.22640361380763 1.65807913220488 0 1.55933276331052 1.64719581068493 1.14167472394183 1.56532449601218 1.54823111114092 1.72637312510051 1.27504809992388 1.49242300237529 1.39271536748856
1.93908880464733 1.54660634347238 1.22053547995165 1.47970744920895 1.52602029195987 1.23174920165911 1.87988829868846 1.14163433806971 1.83006191672757 1.49278637301177 0.977889938047156 1.27602800913155 1.08107917173766 1.58176374924369 1.86095425323583 1.8221632593777 1.02451288048178 1.06915843603201 1.46501362859271 1.01483631390147 1.55933276331052 0 1.39743312750943 1.80101683479734 1.47933584148996 1.71566208428703 1.60094384918921 1.85254258965142 1.89113461994566 1.60586372972466
1.64112974400632 1.29699463304132 1.03691378328949 1.29812750499696 1.35378037462942 0.973191918572411 1.31587778986432 1.55824715620838 1.01700433879159 1.33267711359076 1.55307084042579 1.46227342449129 1.77372288214974 1.89419485838152 1.57816647249274 1.56008063233458 1.53350056265481 1.30255863233469 1.83004001155496 1.13588046119548 1.64719581068493 1.39743312750943 0 0.982092807767913 1.4833440228831 1.12372080003843 1.69777029729448 1.35208712611347 1.13267480302602 1.57005073432811
1.3760732288938 1.38246386428364 1.02188651636243 0.968586413189769 1.24608617834747 1.34198089898564 1.45277444901876 1.53339049592614 1.73170455102809 1.55488311941735 1.09785672696307 1.69142291112803 1.39131673355587 1.14763836818747 1.6045975361485 0.975790621479973 1.24978398578241 1.63656287267804 1.15977886179462 1.0932833631523 1.14167472394183 1.80101683479734 0.982092807767913 0 1.34668563026935 1.32751541398466 1.33058628090657 1.37633573822677 1.23524773609824 1.24151575565338
1.66587478853762 1.71259172307327 1.21708756126463 1.06007820297964 1.93849931028672 0.966189780505374 1.53880234574899 1.48129878682084 1.85982096497901 1.30577412759885 1.3974353261292 1.45496377092786 1.36024001659825 1.21875924244523 1.4857379491441 1.76687891129404 1.13914728653617 1.75534293311648 1.4133931347169 1.46842070948333 1.56532449601218 1.47933584148996 1.4833440228831 1.34668563026935 0 1.74242879147641 1.3439052705653 1.24994192016311 1.45795206539333 1.43880200781859
1.20028534717858 0.988593918504193 1.34491459117271 1.15863523469307 1.8005572152324 1.70657278061844 1.10394873982295 1.57370435353369 1.31769784516655 1.34064679476433 1.52415048913099 1.61205594381317 1.00739626586437 1.29279383644462 1.21851076371968 1.16761713428423 0.99186033802107 1.42674444545992 1.46583197033033 1.12035633507185 1.54823111114092 1.71566208428703 1.12372080003843 1.32751541398466 1.74242879147641 0 1.9020521689672 1.29478713334538 1.64862591028214 1.81773791578598
1.38209491828457 1.72990252822638 1.91205238411203 1.73828664631583 1.82437147037126 1.68393119587563 0.99613857222721 1.69713722565211 1.04677299619652 1.49827089719474 1.73210108862258 1.09824723494239 1.85585576412268 1.41554435528815 1.771872876212 1.20501605374739 1.8185301986523 1.26828751084395 1.75139619363472 1.22586781694554 1.72637312510051 1.60094384918921 1.69777029729448 1.33058628090657 1.3439052705653 1.9020521689672 0 1.32517633773386 1.84946845774539 1.93294461071491
0.962252516066656 1.701964488253 1.85698387492448 1.36185863474384 1.94989512301981 1.02898543677293 1.81803475739434 1.62858810415491 0.965164089808241 1.50862931134179 1.92975797131658 1.83644030522555 1.28769659437239 1.02402688656002 1.34175789100118 1.37705253437161 1.35038333223201 1.90220324858092 1.41125886677764 1.63192583457567 1.27504809992388 1.85254258965142 1.35208712611347 1.37633573822677 1.24994192016311 1.29478713334538 1.32517633773386 0 1.90376515104435 1.79288967745379
1.16774078924209 1.84693387150764 1.77403699723072 1.54518642299809 1.38877969770692 1.45505997026339 1.21165960957296 1.25287951272912 1.56497875857167 1.09404113236815 1.57623345428146 1.50272247707471 0.996034292271361 1.60214006109163 1.48306138324551 1.71199314366095 1.42983845598064 1.71175689436495 1.59882052289322 1.04985538357869 1.49242300237529 1.89113461994566 1.13267480302602 1.23524773609824 1.45795206539333 1.64862591028214 1.84946845774539 1.90376515104435 0 1.35616990877315
1.30314334132709 1.18365048826672 1.05164420930669 1.33197281090543 1.35474149906076 1.16225071717054 1.69298701919615 1.52435998758301 1.75161244021729 1.4433243481908 1.26527142082341 1.22247942653485 1.43987782322802 1.44882334396243 1.60635229805484 1.8954110594932 0.976480758748949 1.24261586437933 1.26888706278987 1.43530498538166 1.39271536748856 1.60586372972466 1.57005073432811 1.24151575565338 1.43880200781859 1.81773791578598 1.93294461071491 1.79288967745379 1.35616990877315 0
