0 0.997827788349241 0.946342152543366 0.941236257087439 1.16296726535074 1.17734491941519 1.88483049394563 1.07246173196472 1.29914195695892 1.22362236515619 1.17707815067843 1.52091355249286 0.95205568568781 1.2044115124736 1.54232894908637 1.14956555655226 1.35009935777634 1.23428930994123 1.27371796220541 1.03681856510229 1.65243290388025 1.7223333271686 1.05542333773337 1.50626253546216 1.73515748605132 1.80262092500925 1.09765474754386 1.6659485977143 1.4779592754785 1.69710167287849
0.997827788349241 0 0.975101913325489 0.988167114090174 1.09407895570621 0.914635145338252 1.58451202884316 1.08725589537062 1.44516374357045 1.47934850328602 1.55673488997854 1.09958972083405 1.82783003337681 1.37005533790216 1.84694800688885 1.76438859011978 1.73436823906377 1.27999964752235 1.76281468151137 1.59256591764279 1.52247815369628 1.21107045095414 1.06993449432775 1.6856166953221 1.31873628566973 1.75657605659217 1.32768183783628 1.03657669806853 1.77229416323826 1.22903151647188
0.946342152543366 0.975101913325489 0 1.03307086788118 1.49758002487943 0.914865834871307 1.06929516117088 1.79619060805999 1.58575486321934 1.50319778593257 1.3479695438873 1.51364686666057 1.7770300663542 1.10388264618814 1.80243536015041 1.03127179038711 1.75579347577877 1.10449769767001 1.28748927684501 1.03008157922886 1.59568565501831 1.89767978293821 1.01302074803971 1.19871324347332 1.73155105346814 1.0142292114906 1.16210988722742 0.93663491983898 1.59990270086564 1.4532606175635
0.941236257087439 0.988167114090174 1.03307086788118 0 1.51711923466064 1.48182544880547 0.980300009949133 1.76283663604409 1.87978839781135 0.954025719780475 1.6537723322399 1.34523280034773 1.63663884811103 1.65265830000862 1.11401846236549 1.27013801317662 1.10050940141082 1.25215016119182 1.28818030050024 1.45621406240389 1.84161792392842 1.48133100778796 1.45194141753018 1.32711681048386 1.77961470093578 1.02856239234097 0.977479634573683 1.64074924937449 1.12899650679901 1.31054763984866
1.16296726535074 1.09407895570621 1.49758002487943 1.51711923466064 0 1.30739600514062 1.04066221043468 1.71647925232537 1.72684351331554 1.51409949013032 1.35541268787347 1.19248736137524 1.60292128752917 1.02917438116856 1.31605226173997 1.82944176881574 1.3188888146542 1.51533870538697 1.63723276625387 1.44638655660674 1.87618398549967 1.38633015984669 0.983242439571768 1.10016530449502 1.61857042089105 1.84073194861412 0.95733339432627 0.962891244795173 1.68895309022628 1.85582530684769
1.17734491941519 0.914635145338252 0.914865834871307 1.48182544880547 1.30739600514062 0 1.81370839849114 1.04525291314349 1.63038459490053 1.04113136348315 1.24865764984861 1.42292298027314 1.64935475122184 1.89152853563428 1.59201169316657 0.96223999466747 1.44583296217024 0.936530014267191 1.87970310566016 1.14342034445144 1.3375246510841 1.22272249660455 1.15949555137195 1.60279308026657 1.55614130524918 1.09995290706865 1.79499293561094 0.91777156596072 1.19681094540283 1.89292217139155
1.88483049394563 1.58451202884316 1.06929516117088 0.980300009949133 1.04066221043468 1.81370839849114 0 1.01015641074628 1.23718016734347 1.2744913015049 1.74930002889596 1.3091066388879 1.71886616316624 0.990364630008116 0.93668249854818 1.66054305247962 1.29768133233301 1.42456970131025 1.58624044945464 1.6617561748717 1.7392949857749 1.36375397420488 1.8807444376871 1.18947593891062 1.55452824803069 1.8679416263476 1.18526790081523 1.21045701368712 1.34841088484973 1.36361681646667
1.07246173196472 1.08725589537062 1.79619060805999 1.76283663604409 1.71647925232537 1.04525291314349 1.01015641074628 0 1.76449917908758 1.46270402311347 1.57405335688964 1.14169940678403 1.80427744751796 1.63887462439016 1.63319513015449 0.934732991503552 1.88728406699374 1.51551950140856 1.15762424771674 1.5406971743796 1.47656294051558 1.62392030493356 1.34523061802611 1.21062490157783 1.13709589024074 1.58405291382223 1.75350987236015 1.23343947879039 0.919665446504951 1.08819300425239
1.29914195695892 1.44516374357045 1.58575486321934 1.87978839781135 1.72684351331554 1.63038459490053 1.23718016734347 1.76449917908758 0 1.49172588484362 1.43399148085155 1.10717118089087 1.72912919218652 1.34606322343461 1.15251125604846 1.67689712392166 1.825626836624 1.25566214858554 1.3978172482457 0.966041842941195 1.11672184127383 1.16066066781059 1.36175494035706 1.62544339336455 1.42275585769676 1.7851450627204 1.64709330745973 1.78902313299477 1.29366996907629 1.6849239661824
1.22362236515619 1.47934850328602 1.50319778593257 0.954025719780475 1.51409949013032 1.04113136348315 1.2744913015049 1.46270402311347 1.49172588484362 0 1.18136061308905 1.40510436869226 1.71000568429008 1.34299229551107 1.21879419754259 1.06787814432755 0.996361827012151 1.26636000676081 1.22750779939815 1.09863703045994 1.35758308484219 1.3459524072241 1.76012735744007 1.52925703930669 1.49693088512868 1.6627282355912 1.52231153170578 0.989690451417118 1.097746839514 1.85961706470698
1.17707815067843 1.55673488997854 1.3479695438873 1.6537723322399 1.35541268787347 1.24865764984861 1.74930002889596 1.57405335688964 1.43399148085155 1.18136061308905 0 1.30816572718322 1.84990778029896 1.76965396129526 1.66827305895276 1.38786232331768 1.35051046288572 1.23340413323604 1.55866088531911 1.10381358047016 1.15482652303763 1.83078672783449 1.76819097064435 1.55693415133283 1.45949667645618 1.32952236919664 1.54493758641183 1.09265990112908 1.28530830144882 1.40406135562807
1.52091355249286 1.09958972083405 1.51364686666057 1.34523280034773 1.19248736137524 1.42292298027314 1.3091066388879 1.14169940678403 1.10717118089087 1.40510436869226 1.30816572718322 0 1.34104370861314 1.14436204615049 1.17020607856102 1.42372069437988 1.89221379370429 0.930904662003741 1.21437524957582 1.730304595083 1.80975877307355 1.5812764717266 1.82151885679923 0.904432803625241 1.22458149655722 1.21005536383018 1.32815217901953 1.06471213372424 1.21396547649056 1.0063670896925
0.95205568568781 1.82783003337681 1.7770300663542 1.63663884811103 1.60292128752917 1.64935475122184 1.71886616316624 1.80427744751796 1.72912919218652 1.71000568429008 1.84990778029896 1.34104370861314 0 1.15437564160675 1.36288307607174 1.12496557505801 1.10668778698891 1.66313617490232 1.41224665567279 1.56270485813729 1.01603152812459 1.80170541536063 1.16149137751199 1.41767133935355 0.986761231906712 1.37692713760771 1.61903137806803 1.65803063078783 1.3462533087004 1.46432404196821
1.2044115124736 1.37005533790216 1.10388264618814 1.65265830000862 1.02917438116856 1.89152853563428 0.990364630008116 1.63887462439016 1.34606322343461 1.34299229551107 1.76965396129526 1.14436204615049 1.15437564160675 0 1.57959595322609 1.45004713279195 1.44505249499343 1.40082532563247 1.42752701207064 1.80531412595883 1.27528369380161 1.69883857946843 1.14334918465465 0.977668776875362 1.38533083489165 1.8737032986246 1.19500533258542 0.980694739380851 1.82770585431717 0.92081680893898
1.54232894908637 1.84694800688885 1.80243536015041 1.11401846236549 1.31605226173997 1.59201169316657 0.93668249854818 1.63319513015449 1.15251125604846 1.21879419754259 1.66827305895276 1.17020607856102 1.36288307607174 1.57959595322609 0 1.68948730430566 1.8458984172903 1.64389662956819 1.65399680146948 1.28747398289852 1.49102828279138 1.5218195929192 0.944061939138919 1.22047272860073 1.03340007457882 1.61575720179826 1.11147431004792 1.36692063091323 1.14877127832733 1.3879943175707
1.14956555655226 1.76438859011978 1.03127179038711 1.27013801317662 1.82944176881574 0.96223999466747 1.66054305247962 0.934732991503552 1.67689712392166 1.06787814432755 1.38786232331768 1.42372069437988 1.12496557505801 1.45004713279195 1.68948730430566 0 1.65290343458764 1.4483460590709 1.0188058950007 1.80138764623553 1.07908126502298 1.40481345099397 1.07606973079965 1.0037271680776 1.02325001358986 1.23619296518154 1.72218179353513 1.04172732820734 1.59061450511217 1.68549772701226
1.35009935777634 1.73436823906377 1.75579347577877 1.10050940141082 1.3188888146542 1.44583296217024 1.29768133233301 1.88728406699374 1.825626836624 0.996361827012151 1.35051046288572 1.89221379370429 1.10668778698891 1.44505249499343 1.8458984172903 1.65290343458764 0 1.31535902712494 0.999446186004207 1.55477628740482 1.06778576457873 0.925828659441322 1.70293200039305 1.4905310200993 1.70944290678017 1.19411245826632 1.31299758818932 1.67836581543088 1.46205351571552 1.39322078111582
1.23428930994123 1.27999964752235 1.10449769767001 1.25215016119182 1.51533870538697 0.936530014267191 1.42456970131025 1.51551950140856 1.25566214858554 1.26636000676081 1.23340413323604 0.930904662003741 1.66313617490232 1.40082532563247 1.64389662956819 1.4483460590709 1.31535902712494 0 1.06679939292371 1.73215287528001 1.82664135377854 1.27778274030425 1.21546045015566 1.68444315949455 0.944231119006872 1.70413312152959 1.24464182159863 1.64285950432532 1.26576163619757 1.69108041934669
1.27371796220541 1.76281468151137 1.28748927684501 1.28818030050024 1.63723276625387 1.87970310566016 1.58624044945464 1.15762424771674 1.3978172482457 1.22750779939815 1.55866088531911 1.21437524957582 1.41224665567279 1.42752701207064 1.65399680146948 1.0188058950007 0.999446186004207 1.06679939292371 0 1.18036764697172 1.62511396873742 1.85013220552355 0.919201479759067 0.993355112383142 1.43588076042943 1.40044324309565 1.73409197852015 1.33254279266112 1.88202038384043 1.850699438015
1.03681856510229 1.59256591764279 1.03008157922886 1.45621406240389 1.44638655660674 1.14342034445144 1.6617561748717 1.5406971743796 0.966041842941195 1.09863703045994 1.10381358047016 1.730304595083 1.56270485813729 1.80531412595883 1.28747398289852 1.80138764623553 1.55477628740482 1.73215287528001 1.18036764697172 0 1.69880731939338 1.63640790944919 1.6113199130632 1.10438952408731 1.46897755935788 1.3455344256945 1.78662479924969 1.76187346852385 1.32245128252544 1.00671440502629
1.65243290388025 1.52247815369628 1.59568565501831 1.84161792392842 1.87618398549967 1.3375246510841 1.7392949857749 1.47656294051558 1.11672184127383 1.35758308484219 1.15482652303763 1.80975877307355 1.01603152812459 1.27528369380161 1.49102828279138 1.07908126502298 1.06778576457873 1.82664135377854 1.62511396873742 1.69880731939338 0 1.58687536767684 1.76295858481899 1.55827310937457 1.07210466219112 1.2637349832803 1.42747940984555 1.16383982938714 1.51221443479881 1.44011877453886
1.7223333271686 1.21107045095414 1.89767978293821 1.48133100778796 1.38633015984669 1.22272249660455 1.36375397420488 1.62392030493356 1.16066066781059 1.3459524072241 1.83078672783449 1.5812764717266 1.80170541536063 1.69883857946843 1.5218195929192 1.40481345099397 0.925828659441322 1.27778274030425 1.85013220552355 1.63640790944919 1.58687536767684 0 1.40495818969794 1.00441680545919 1.85064125107601 0.984444470377639 1.87636159430258 1.15015999623574 0.992866755230352 1.73913648095913
1.05542333773337 1.06993449432775 1.01302074803971 1.45194141753018 0.983242439571768 1.15949555137195 1.8807444376871 1.34523061802611 1.36175494035706 1.76012735744007 1.76819097064435 1.82151885679923 1.16149137751199 1.14334918465465 0.944061939138919 1.07606973079965 1.70293200039305 1.21546045015566 0.919201479759067 1.6113199130632 1.76295858481899 1.40495818969794 0 1.57704708538949 1.20754401991144 1.10045989812352 1.72506518475711 1.69209686666727 1.06782310758717 1.49401767272502
1.50626253546216 1.6856166953221 1.19871324347332 1.32711681048386 1.10016530449502 1.60279308026657 1.18947593891062 1.21062490157783 1.62544339336455 1.52925703930669 1.55693415133283 0.904432803625241 1.41767133935355 0.977668776875362 1.22047272860073 1.0037271680776 1.4905310200993 1.68444315949455 0.993355112383142 1.10438952408731 1.55827310937457 1.00441680545919 1.57704708538949 0 1.57878912193701 1.77184326341376 1.18129667360336 1.75698689813726 1.4517590443138 1.06945859268308
1.73515748605132 1.31873628566973 1.73155105346814 1.77961470093578 1.61857042089105 1.55614130524918 1.55452824803069 1.13709589024074 1.42275585769676 1.49693088512868 1.45949667645618 1.22458149655722 0.986761231906712 1.38533083489165 1.03340007457882 1.02325001358986 1.70944290678017 0.944231119006872 1.43588076042943 1.46897755935788 1.07210466219112 1.85064125107601 1.20754401991144 1.57878912193701 0 0.930884544970468 1.68162145395763 1.39703310187906 1.54542134515941 1.55242076818831
1.80262092500925 1.75657605659217 1.0142292114906 1.02856239234097 1.84073194861412 1.09995290706865 1.8679416263476 1.58405291382223 1.7851450627204 1.6627282355912 1.32952236919664 1.21005536383018 1.37692713760771 1.8737032986246 1.61575720179826 1.23619296518154 1.19411245826632 1.70413312152959 1.40044324309565 1.3455344256945 1.2637349832803 0.984444470377639 1.10045989812352 1.77184326341376 0.930884544970468 0 1.2722365509253 0.91118921386078 1.67259159381501 1.0528788396623
1.09765474754386 1.32768183783628 1.16210988722742 0.977479634573683 0.95733339432627 1.79499293561094 1.18526790081523 1.75350987236015 1.64709330745973 1.52231153170578 1.54493758641183 1.32815217901953 1.61903137806803 1.19500533258542 1.11147431004792 1.72218179353513 1.31299758818932 1.24464182159863 1.73409197852015 1.78662479924969 1.42747940984555 1.87636159430258 1.72506518475711 1.18129667360336 1.68162145395763 1.2722365509253 0 1.363616673043 1.8580028261058 1.51262963260524
1.6659485977143 1.03657669806853 0.93663491983898 1.64074924937449 0.962891244795173 0.91777156596072 1.21045701368712 1.23343947879039 1.78902313299477 0.989690451417118 1.09265990112908 1.06471213372424 1.65803063078783 0.980694739380851 1.36692063091323 1.04172732820734 1.67836581543088 1.64285950432532 1.33254279266112 1.76187346852385 1.16383982938714 1.15015999623574 1.69209686666727 1.75698689813726 1.39703310187906 0.91118921386078 1.363616673043 0 1.39752033050172 1.56864950875752
1.4779592754785 1.77229416323826 1.59990270086564 1.12899650679901 1.68895309022628 1.19681094540283 1.34841088484973 0.919665446504951 1.29366996907629 1.097746839514 1.28530830144882 1.21396547649056 1.3462533087004 1.82770585431717 1.14877127832733 1.59061450511217 1.46205351571552 1.26576163619757 1.88202038384043 1.32245128252544 1.51221443479881 0.992866755230352 1.06782310758717 1.4517590443138 1.54542134515941 1.67259159381501 1.8580028261058 1.39752033050172 0 1.69606882263906
1.69710167287849 1.22903151647188 1.4532606175635 1.31054763984866 1.85582530684769 1.89292217139155 1.36361681646667 1.08819300425239 1.6849239661824 1.85961706470698 1.40406135562807 1.0063670896925 1.46432404196821 0.92081680893898 1.3879943175707 1.68549772701226 1.39322078111582 1.69108041934669 1.850699438015 1.00671440502629 1.44011877453886 1.73913648095913 1.49401767272502 1.06945859268308 1.55242076818831 1.0528788396623 1.51262963260524 1.56864950875752 1.69606882263906 0
