0 1.47806663787924 1.61458361125551 1.92783286049962 1.93403631169349 1.7889296237845 1.72560242610052 1.61806015647016 1.59646383253857 1.47509975172579 1.92988489777781 1.75153394811787 1.80708702187985 1.74099034792744 0.97820839099586 1.08054761774838 1.78346483572386 1.2951233072672 1.27417398220859 1.37094151321799 1.01901582721621 1.30268284864724 1.28245556703769 1.45077534392476 1.46152393170632 1.40456971363164 1.06028087669984 1.10513546480797 1.25296106212772 0.985994773218408
1.47806663787924 0 1.53085930505767 1.11989312944934 1.60748415370472 1.52605218975805 1.14828738360666 1.61720752948895 1.14671147242188 1.83783675264567 1.20417762151919 1.38272439618595 1.14959278749302 1.72578429570422 1.52457412146032 1.06809118296951 1.24643202824518 1.88466176902875 1.53765426599421 1.77572831022553 1.25629347888753 1.79291660361923 1.79389229905792 1.67548465146683 1.24562641372904 1.80264248140156 1.26254642754793 1.4160509898793 1.65391510981135 0.994701167801395
1.61458361125551 1.53085930505767 0 1.47679703542963 1.25354752875865 1.70148946600966 1.05964803509414 1.33095927210525 1.13297360367142 1.8290647433605 1.16697841417044 1.83672230434604 0.960116978501901 1.85901574650779 1.15073880157433 1.71398408780806 1.6344048702158 1.26445279316977 1.02579534100369 1.11069738818333 1.78142550121993 1.09047792549245 1.03359395731241 1.50020310049877 1.91782259219326 1.79304196080193 1.52013292140327 1.84980937163346 1.05884393746965 1.94530949112959
1.92783286049962 1.11989312944934 1.47679703542963 0 1.62878237082623 1.5380655687768 1.24379266239703 1.19664386357181 1.35380931315012 1.93027348676696 1.53456784342416 1.78231496945955 1.56212491472252 1.27487615938298 1.24274637689814 1.04417661158368 1.66938355960883 1.51068989373744 1.33408241765574 1.61021157936193 1.62105571269058 1.38204987091012 1.13858583359979 1.00438814912923 1.51225516549312 1.60012013581581 1.05210583237931 1.26954570203088 1.61158257606439 1.23263160022907
1.93403631169349 1.60748415370472 1.25354752875865 1.62878237082623 0 1.10804463387467 1.54960029292852 1.28909508837387 1.20120376208797 1.00456958403811 1.24295193864964 1.73563582845964 1.08226456213742 1.29660766758025 0.955827920697629 1.04303541453555 1.16816273448057 1.03820387250744 1.85910730971955 1.47783675859682 1.8231748782564 0.974939784966409 1.39373999251984 1.51481217402034 1.31149041838944 1.88285978022031 1.24158952920698 1.78646326554008 1.29262771899812 1.19908985076472
1.7889296237845 1.52605218975805 1.70148946600966 1.5380655687768 1.10804463387467 0 1.93412317940965 1.76207171729766 1.68695370433852 1.60247128200717 1.45758941560052 1.60293510439806 1.26839918177575 1.50037160795182 1.8117174943909 1.57207174622454 1.71744721848518 1.48425090196542 0.960695358691737 1.03790493239649 1.36709960503504 1.47157237655483 1.30817869305611 1.71512589650229 1.64442399563268 1.8530143997632 0.959270923398435 1.31678761262447 1.10860847565345 1.17344040051103
1.72560242610052 1.14828738360666 1.05964803509414 1.24379266239703 1.54960029292852 1.93412317940965 0 1.57549259834923 1.1520606323611 1.88562368578278 1.32709807949141 1.0227246528957 1.24645706126466 1.11371681327 1.01491747912951 1.81315227528103 1.35672802175395 1.2702611417044 1.18108428851701 1.79022295493633 1.07046888023615 1.40990234445781 1.94479471328668 1.84079298540018 1.77441431954503 1.6061574651394 1.8134728113655 1.37389536225237 1.1191571385134 1.53139007021673
1.61806015647016 1.61720752948895 1.33095927210525 1.19664386357181 1.28909508837387 1.76207171729766 1.57549259834923 0 1.34320167824626 1.81112801912241 1.65807942138053 1.69707768782973 1.80066610639915 1.23887070757337 1.13664541207254 1.76752897747792 1.22068530251272 1.10917670698836 1.83184045855887 1.48622967302799 0.950304296333343 0.964309267932549 1.26066594128497 1.62449635402299 1.36561766127124 1.84552509710193 1.91439194092527 1.154032535851 1.42043403186835 1.67427051160485
1.59646383253857 1.14671147242188 1.13297360367142 1.35380931315012 1.20120376208797 1.68695370433852 1.1520606323611 1.34320167824626 0 1.44468062394299 1.15102166240104 1.69938083109446 1.9306780740153 1.4577812908683 1.77335562789813 1.7074169407133 1.58452410250902 1.2372316736728 1.72474522166885 1.55140186240897 1.24232187401503 1.51511030225083 1.10419652680866 1.07826516218483 1.04484857176431 1.66150237713009 0.992071186192334 1.74690735572949 0.991534186294302 1.09997757337987
1.47509975172579 1.83783675264567 1.8290647433605 1.93027348676696 1.00456958403811 1.60247128200717 1.88562368578278 1.81112801912241 1.44468062394299 0 1.22290339507163 1.01500422740355 1.91619615163654 1.48482102435082 1.90986242517829 1.24641162715852 1.42351727397181 1.14308696170337 1.24193679448217 1.19036376383156 1.4837605622597 1.61561915720813 1.90737244859338 0.983928526518866 1.93401299719699 1.22454180056229 1.88522855192423 1.61355964047834 1.64145811460912 1.44424799690023
1.92988489777781 1.20417762151919 1.16697841417044 1.53456784342416 1.24295193864964 1.45758941560052 1.32709807949141 1.65807942138053 1.15102166240104 1.22290339507163 0 1.79635619651526 1.06480269739404 1.39926572307013 1.22988685779274 1.84358081198297 1.66703334078193 1.68226053286344 1.30341049912386 1.77320807613432 1.67313236440532 1.90063543315046 1.74440512643196 1.00553571502678 1.82994620245881 1.42268025921658 1.5369569666218 1.39631376415491 1.01716900640167 1.50764605985023
1.75153394811787 1.38272439618595 1.83672230434604 1.78231496945955 1.73563582845964 1.60293510439806 1.0227246528957 1.69707768782973 1.69938083109446 1.01500422740355 1.79635619651526 0 1.09065410215408 1.56918392400257 1.26296278741211 1.69315297016874 1.50597101775929 1.94021704769693 1.5128851630725 1.40016168169677 1.28249220666476 1.00081936386414 1.12495948304422 1.64446419128217 1.6981275503058 1.91775379818864 1.90971464826725 1.22610900271684 1.40988434897736 1.34706149436533
1.80708702187985 1.14959278749302 0.960116978501901 1.56212491472252 1.08226456213742 1.26839918177575 1.24645706126466 1.80066610639915 1.9306780740153 1.91619615163654 1.06480269739404 1.09065410215408 0 1.23625414306298 1.60154773131944 1.26786466059275 1.15315501554869 1.66945185768418 1.93479986558668 1.49204256758094 1.92792599811219 1.71836613188498 1.36905853636563 1.92027655337006 1.83583973534405 1.10431569372304 1.14272174378857 1.58810774050653 1.70288911578245 1.01744205388241
1.74099034792744 1.72578429570422 1.85901574650779 1.27487615938298 1.29660766758025 1.50037160795182 1.11371681327 1.23887070757337 1.4577812908683 1.48482102435082 1.39926572307013 1.56918392400257 1.23625414306298 0 1.70581658370793 1.171194632072 1.45049805543385 1.40543422685005 1.39346902258694 0.959688679780811 1.59787211404182 1.65700158942491 1.66333331610076 1.4482135437429 1.17009765608236 1.7234769766219 1.54268127982505 1.11354799778201 1.00630361284129 1.79934347118251
0.97820839099586 1.52457412146032 1.15073880157433 1.24274637689814 0.955827920697629 1.8117174943909 1.01491747912951 1.13664541207254 1.77335562789813 1.90986242517829 1.22988685779274 1.26296278741211 1.60154773131944 1.70581658370793 0 1.16780570917763 1.03757642884739 1.89149671676569 1.93175339302979 1.42422415246256 1.54039137461223 1.29671313264407 1.2414463032037 1.04717369773425 1.40838952246122 1.06900499085896 1.6411812461447 1.85596861271188 1.47246600012295 1.7613776512444
1.08054761774838 1.06809118296951 1.71398408780806 1.04417661158368 1.04303541453555 1.57207174622454 1.81315227528103 1.76752897747792 1.7074169407133 1.24641162715852 1.84358081198297 1.69315297016874 1.26786466059275 1.171194632072 1.16780570917763 0 1.66630039922893 1.21189621440135 1.13783755572513 1.16599361994304 1.67871146299876 1.31036198604852 1.4444918083027 1.0976722878404 1.31545183248818 1.29105007788166 1.31085791694932 1.65698148822412 1.20860354905017 1.30955709866248
1.78346483572386 1.24643202824518 1.6344048702158 1.66938355960883 1.16816273448057 1.71744721848518 1.35672802175395 1.22068530251272 1.58452410250902 1.42351727397181 1.66703334078193 1.50597101775929 1.15315501554869 1.45049805543385 1.03757642884739 1.66630039922893 0 1.0837862661574 1.24329532287084 1.25785916205496 1.18672285880893 1.20079616853036 1.84564138809219 1.09062328818254 1.44699655496515 1.00601455941796 1.48476992058568 1.24941547703929 1.67825416312553 1.47653106320649
1.2951233072672 1.88466176902875 1.26445279316977 1.51068989373744 1.03820387250744 1.48425090196542 1.2702611417044 1.10917670698836 1.2372316736728 1.14308696170337 1.68226053286344 1.94021704769693 1.66945185768418 1.40543422685005 1.89149671676569 1.21189621440135 1.0837862661574 0 1.07712192204781 1.64054799149744 1.94602615945041 1.86168391117826 1.11171074374579 1.35744887823239 1.41419781348668 1.42410537507385 1.02417771727778 1.67136741918512 1.82632523472421 1.27060394803993
1.27417398220859 1.53765426599421 1.02579534100369 1.33408241765574 1.85910730971955 0.960695358691737 1.18108428851701 1.83184045855887 1.72474522166885 1.24193679448217 1.30341049912386 1.5128851630725 1.93479986558668 1.39346902258694 1.93175339302979 1.13783755572513 1.24329532287084 1.07712192204781 0 1.48254125728272 1.48777351272292 1.52932777348906 1.50104517955333 1.75986659480259 1.21713087847456 1.44462594483048 1.13256408576854 1.91114081372507 1.79842783161439 1.66838984726928
1.37094151321799 1.77572831022553 1.11069738818333 1.61021157936193 1.47783675859682 1.03790493239649 1.79022295493633 1.48622967302799 1.55140186240897 1.19036376383156 1.77320807613432 1.40016168169677 1.49204256758094 0.959688679780811 1.42422415246256 1.16599361994304 1.25785916205496 1.64054799149744 1.48254125728272 0 1.53252223692834 0.995885783340782 1.74894109321758 1.46118964417838 0.955472158035263 1.13909041904844 1.94244308490306 1.05445237411186 1.46968489908613 1.23516953107901
1.01901582721621 1.25629347888753 1.78142550121993 1.62105571269058 1.8231748782564 1.36709960503504 1.07046888023615 0.950304296333343 1.24232187401503 1.4837605622597 1.67313236440532 1.28249220666476 1.92792599811219 1.59787211404182 1.54039137461223 1.67871146299876 1.18672285880893 1.94602615945041 1.48777351272292 1.53252223692834 0 1.1482153031975 1.32597175450064 1.21962646627799 1.15023309015669 1.00079684657976 1.78101010597311 1.36236294079572 1.00609018257819 0.961001995950937
1.30268284864724 1.79291660361923 1.09047792549245 1.38204987091012 0.974939784966409 1.47157237655483 1.40990234445781 0.964309267932549 1.51511030225083 1.61561915720813 1.90063543315046 1.00081936386414 1.71836613188498 1.65700158942491 1.29671313264407 1.31036198604852 1.20079616853036 1.86168391117826 1.52932777348906 0.995885783340782 1.1482153031975 0 1.62061730516143 1.04301154287532 1.20827785041183 1.62822656822391 1.59765373566188 1.51061093015596 1.45718676084653 0.991715646814555
1.28245556703769 1.79389229905792 1.03359395731241 1.13858583359979 1.39373999251984 1.30817869305611 1.94479471328668 1.26066594128497 1.10419652680866 1.90737244859338 1.74440512643196 1.12495948304422 1.36905853636563 1.66333331610076 1.2414463032037 1.4444918083027 1.84564138809219 1.11171074374579 1.50104517955333 1.74894109321758 1.32597175450064 1.62061730516143 0 1.01553685148247 1.34558002487756 1.76654005097225 1.70293313846923 1.51999002043158 0.980394681217149 1.07187932217494
1.45077534392476 1.67548465146683 1.50020310049877 1.00438814912923 1.51481217402034 1.71512589650229 1.84079298540018 1.62449635402299 1.07826516218483 0.983928526518866 1.00553571502678 1.64446419128217 1.92027655337006 1.4482135437429 1.04717369773425 1.0976722878404 1.09062328818254 1.35744887823239 1.75986659480259 1.46118964417838 1.21962646627799 1.04301154287532 1.01553685148247 0 1.16062100045383 1.02828120975755 1.76776664447971 1.21205472620204 1.90904287737794 1.52119971555658
1.46152393170632 1.24562641372904 1.91782259219326 1.51225516549312 1.31149041838944 1.64442399563268 1.77441431954503 1.36561766127124 1.04484857176431 1.93401299719699 1.82994620245881 1.6981275503058 1.83583973534405 1.17009765608236 1.40838952246122 1.31545183248818 1.44699655496515 1.41419781348668 1.21713087847456 0.955472158035263 1.15023309015669 1.20827785041183 1.34558002487756 1.16062100045383 0 1.61156592401676 1.17791256448254 1.8244714550674 1.14844852080569 1.18280987488106
1.40456971363164 1.80264248140156 1.79304196080193 1.60012013581581 1.88285978022031 1.8530143997632 1.6061574651394 1.84552509710193 1.66150237713009 1.22454180056229 1.42268025921658 1.91775379818864 1.10431569372304 1.7234769766219 1.06900499085896 1.29105007788166 1.00601455941796 1.42410537507385 1.44462594483048 1.13909041904844 1.00079684657976 1.62822656822391 1.76654005097225 1.02828120975755 1.61156592401676 0 1.74218759685755 1.06800066516735 1.31845728098415 1.36783683649264
1.06028087669984 1.26254642754793 1.52013292140327 1.05210583237931 1.24158952920698 0.959270923398435 1.8134728113655 1.91439194092527 0.992071186192334 1.88522855192423 1.5369569666218 1.90971464826725 1.14272174378857 1.54268127982505 1.6411812461447 1.31085791694932 1.48476992058568 1.02417771727778 1.13256408576854 1.94244308490306 1.78101010597311 1.59765373566188 1.70293313846923 1.76776664447971 1.17791256448254 1.74218759685755 0 1.86457833321765 1.4548097490333 1.16497866809368
1.10513546480797 1.4160509898793 1.84980937163346 1.26954570203088 1.78646326554008 1.31678761262447 1.37389536225237 1.154032535851 1.74690735572949 1.61355964047834 1.39631376415491 1.22610900271684 1.58810774050653 1.11354799778201 1.85596861271188 1.65698148822412 1.24941547703929 1.67136741918512 1.91114081372507 1.05445237411186 1.36236294079572 1.51061093015596 1.51999002043158 1.21205472620204 1.8244714550674 1.06800066516735 1.86457833321765 0 1.53109703841619 1.44073532288894
1.25296106212772 1.65391510981135 1.05884393746965 1.61158257606439 1.29262771899812 1.10860847565345 1.1191571385134 1.42043403186835 0.991534186294302 1.64145811460912 1.01716900640167 1.40988434897736 1.70288911578245 1.00630361284129 1.47246600012295 1.20860354905017 1.67825416312553 1.82632523472421 1.79842783161439 1.46968489908613 1.00609018257819 1.45718676084653 0.980394681217149 1.90904287737794 1.14844852080569 1.31845728098415 1.4548097490333 1.53109703841619 0 0.96328262379393
0.985994773218408 0.994701167801395 1.94530949112959 1.23263160022907 1.19908985076472 1.17344040051103 1.53139007021673 1.67427051160485 1.09997757337987 1.44424799690023 1.50764605985023 1.34706149436533 1.01744205388241 1.79934347118251 1.7613776512444 1.30955709866248 1.47653106320649 1.27060394803993 1.66838984726928 1.23516953107901 0.961001995950937 0.991715646814555 1.07187932217494 1.52119971555658 1.18280987488106 1.36783683649264 1.16497866809368 1.44073532288894 0.96328262379393 0
