0 1.30627205991186 1.57309360755607 1.55951058864594 1.0300469500944 1.71908881422132 1.39038788992912 1.77979561989196 1.88771257316694 0.958940477808937 1.2768102507107 1.05447316658683 1.50268543907441 1.43476958852261 1.08997725485824 1.61626174976118 1.54250003281049 1.45647162478417 1.17930161277764 1.16140035819262 1.01119238254614 1.20034078136086 1.03694138373248 1.30442103953101 1.2555288344156 1.40349504142068 1.94035970722325 1.62389731477015 1.62800532556139 1.71390004991554
1.30627205991186 0 1.88190183090046 1.0848187203519 1.44402317795902 1.16602156101726 1.53620645916089 1.1388323167339 1.27605689759366 1.53116762707941 1.46636050054803 1.46474885335192 1.30415576067753 1.59762716363184 1.69718284509145 1.74148088460788 1.18959306599572 1.80686367396265 1.59117555734701 1.0470211233478 1.38057906925678 1.40792777133174 1.46140529122204 1.34760002675466 1.41689300816506 1.6923923753202 1.57213457394391 1.6781446011737 1.49801277066581 1.6171366374474
1.57309360755607 1.88190183090046 0 1.39209254458547 1.05394640518352 0.992530236020684 1.53599545708857 1.18376388167962 1.82921597152017 1.71559015475214 1.37480279291049 1.29662094032392 1.58610268402845 1.57421737140976 1.00653995061293 1.64509555627592 1.3500003668014 1.14501482760534 1.40433206432499 1.37982383323833 1.50258411536925 1.68251918512397 0.97038450371474 1.27026523672976 1.65782458987087 1.52226216741838 1.52170960092917 1.81492943060584 1.61765928589739 1.59477361198515
1.55951058864594 1.0848187203519 1.39209254458547 0 1.12403887859546 0.989965179236606 1.49809170677327 1.3264123564586 1.16642676480114 1.57843913673423 1.1027277612593 1.94640140188858 1.83644706290215 1.11424793861806 1.08287345641293 1.8122353090439 1.75471166917123 1.15004215948284 1.72943624295294 1.14103677123785 1.54082919284701 0.97334359982051 1.90757183916867 1.8164394646883 1.95080860075541 1.14328427007422 1.109370859107 1.00126048130915 1.43878504703753 1.86556727509014
1.0300469500944 1.44402317795902 1.05394640518352 1.12403887859546 0 1.03598184976727 1.58702079951763 1.81782227684744 1.72960291965865 1.34079987066798 1.2600586626213 1.24518649862148 1.87293663085438 1.68763143685646 1.6138672567904 1.59054382494651 1.8346659860108 1.28281294391491 1.82527854549699 1.91625785129145 1.51459861570038 1.85701731755398 1.61402825755067 1.61861286126077 1.47253447817639 1.88129683281295 1.57196704507805 1.85137921548449 1.03443351457827 1.47038708766922
1.71908881422132 1.16602156101726 0.992530236020684 0.989965179236606 1.03598184976727 0 1.01605304214172 1.1917466535233 1.6915006483905 1.03087731054984 1.71817890019156 1.08476331806742 1.05180412321351 0.958322173217312 1.50367621425539 0.99813427682966 1.75034435885027 1.83808262227103 1.33293214347214 1.45785611635074 1.62211968563497 1.31261239317246 1.45450844499283 1.76719022728503 1.90143455960788 1.08753082016483 1.93310648901388 1.5746465169359 1.87872755643912 1.24960719514638
1.39038788992912 1.53620645916089 1.53599545708857 1.49809170677327 1.58702079951763 1.01605304214172 0 1.32644334295765 1.34406666713767 1.09524442511611 1.66937825875357 1.05093273194507 1.08478816249408 1.10845239553601 1.28630401426926 1.92750837281346 1.8124790310394 1.9540805015713 1.05384728172794 1.88502898183651 1.49219831521623 1.94237169134431 1.16407732316293 1.31258917157538 1.12616014201194 1.17562092049047 1.60015464294702 1.94256109301932 1.3985450072214 0.993701912462711
1.77979561989196 1.1388323167339 1.18376388167962 1.3264123564586 1.81782227684744 1.1917466535233 1.32644334295765 0 1.33519139024429 1.88831307576038 1.47607762063853 1.67985446401872 1.63146813353524 1.02587667340413 1.30311903660186 1.51482806890272 1.3123179175891 1.53738019079901 1.50814152089879 1.7675518754404 1.20150262676179 1.7865225141868 1.20783396949992 1.77652206202038 0.97191755915992 1.45667332736775 1.18961732159369 1.30584755144082 1.28169377939776 1.49581725057214
1.88771257316694 1.27605689759366 1.82921597152017 1.16642676480114 1.72960291965865 1.6915006483905 1.34406666713767 1.33519139024429 0 1.66525926208124 1.02398928347975 1.31158939888701 1.30091811763123 1.89843751606531 1.60150837665424 1.27418273547664 1.49661040795036 1.39030133467168 1.5467463969253 1.85713806585409 1.93771126843058 0.966547366464511 1.19892202364281 1.10798383736983 1.10866218223237 1.5441412103828 1.74172830488533 1.37975767953321 1.00620542094111 1.86825735075399
0.958940477808937 1.53116762707941 1.71559015475214 1.57843913673423 1.34079987066798 1.03087731054984 1.09524442511611 1.88831307576038 1.66525926208124 0 1.10569297382608 1.41350246965885 1.15745197562501 1.37969004153274 1.51949704787694 1.08036522963084 1.67536093480885 1.51950589055195 1.74316470162012 1.4262424975168 1.50310162268579 1.18433095980436 1.40518889739178 1.37087510759011 1.36667342064902 0.976950448937714 1.41629228368402 1.0253994918894 1.02570115984417 1.34526317496784
1.2768102507107 1.46636050054803 1.37480279291049 1.1027277612593 1.2600586626213 1.71817890019156 1.66937825875357 1.47607762063853 1.02398928347975 1.10569297382608 0 1.73566749389283 1.8724327320233 1.4670421378687 1.27031557098962 1.84384570107795 1.88949232199229 1.86539630265906 1.22308882884681 1.32636247761548 0.994413137901574 1.56210633157752 1.62384407967329 1.69528149906546 1.37822221778333 1.70185568858869 1.80100494157523 1.42064831149764 1.28094041743316 1.54671788658015
1.05447316658683 1.46474885335192 1.29662094032392 1.94640140188858 1.24518649862148 1.08476331806742 1.05093273194507 1.67985446401872 1.31158939888701 1.41350246965885 1.73566749389283 0 1.48599015478976 1.33191496413201 1.45873473468237 1.1858445298858 1.8729193022009 1.82377229770645 1.78074999991804 1.45322936377488 1.42597431689501 1.86605752119794 1.51866214210168 1.44835257623345 1.57006406993605 0.993407657369971 1.77618001680821 1.84831517958082 1.08436646265909 1.53849514853209
1.50268543907441 1.30415576067753 1.58610268402845 1.83644706290215 1.87293663085438 1.05180412321351 1.08478816249408 1.63146813353524 1.30091811763123 1.15745197562501 1.8724327320233 1.48599015478976 0 1.16773617104627 1.19670561817475 1.39461714145727 1.43694867263548 1.2324493099004 1.37971452879719 1.57230816804804 1.61821388266981 1.50263594114222 1.46177756856196 1.01398879592307 1.04361175559461 1.86075919563882 1.5787791069597 1.68033902812749 1.52727203257382 1.00598862860352
1.43476958852261 1.59762716363184 1.57421737140976 1.11424793861806 1.68763143685646 0.958322173217312 1.10845239553601 1.02587667340413 1.89843751606531 1.37969004153274 1.4670421378687 1.33191496413201 1.16773617104627 0 1.55438458127901 0.973161042202264 1.88878393429331 1.62831979710609 0.963113917503506 1.78555125114508 1.35651753982529 1.41184317902662 1.76420094585046 1.70594013039954 1.88497680122964 1.4249374861829 1.64946232852526 0.962969410931692 1.84258110588416 1.36823896481656
1.08997725485824 1.69718284509145 1.00653995061293 1.08287345641293 1.6138672567904 1.50367621425539 1.28630401426926 1.30311903660186 1.60150837665424 1.51949704787694 1.27031557098962 1.45873473468237 1.19670561817475 1.55438458127901 0 1.67190361930989 1.08152036415413 1.12386420485564 1.85881589073688 1.1869568254333 1.05398465855978 1.83449211902916 1.59949850221165 1.7275766658131 1.6820886079222 1.13862188160419 1.06197180761956 1.56653436738998 1.39787382492796 1.89333209441975
1.61626174976118 1.74148088460788 1.64509555627592 1.8122353090439 1.59054382494651 0.99813427682966 1.92750837281346 1.51482806890272 1.27418273547664 1.08036522963084 1.84384570107795 1.1858445298858 1.39461714145727 0.973161042202264 1.67190361930989 0 1.56700088107027 1.60372018883936 0.957752302056178 1.14337235875428 1.11003480991349 1.11445472529158 1.78500293404795 1.18169702682644 1.52493545366451 1.34014803986065 1.65106378984638 1.06267037452199 1.24237659550272 1.38294686423615
1.54250003281049 1.18959306599572 1.3500003668014 1.75471166917123 1.8346659860108 1.75034435885027 1.8124790310394 1.3123179175891 1.49661040795036 1.67536093480885 1.88949232199229 1.8729193022009 1.43694867263548 1.88878393429331 1.08152036415413 1.56700088107027 0 1.25788925308734 1.57587584969588 1.28429014910944 1.35891842423007 0.969905639067292 1.88004649663344 1.51709269569255 1.5112394047901 1.1294017706532 1.43967069359496 1.52229512296617 1.48244982771575 1.9136720651295
1.45647162478417 1.80686367396265 1.14501482760534 1.15004215948284 1.28281294391491 1.83808262227103 1.9540805015713 1.53738019079901 1.39030133467168 1.51950589055195 1.86539630265906 1.82377229770645 1.2324493099004 1.62831979710609 1.12386420485564 1.60372018883936 1.25788925308734 0 1.33225521538407 1.17359693231992 1.56063412432559 1.05083190230653 1.91543970117345 0.985838811611757 1.90115162706934 1.94346581748687 1.1236232239753 1.43458936945535 1.60402398346923 0.960378589108586
1.17930161277764 1.59117555734701 1.40433206432499 1.72943624295294 1.82527854549699 1.33293214347214 1.05384728172794 1.50814152089879 1.5467463969253 1.74316470162012 1.22308882884681 1.78074999991804 1.37971452879719 0.963113917503506 1.85881589073688 0.957752302056178 1.57587584969588 1.33225521538407 0 1.88433950790204 1.11734033143148 1.05465100822039 1.12187630846165 1.45107056829147 1.83934814203531 1.32530693640001 1.82893841085024 1.39751088293269 1.4962130789645 1.68899106723256
1.16140035819262 1.0470211233478 1.37982383323833 1.14103677123785 1.91625785129145 1.45785611635074 1.88502898183651 1.7675518754404 1.85713806585409 1.4262424975168 1.32636247761548 1.45322936377488 1.57230816804804 1.78555125114508 1.1869568254333 1.14337235875428 1.28429014910944 1.17359693231992 1.88433950790204 0 1.21235013660043 1.2708480192814 1.4257803177461 1.85876007587649 1.38746499409899 1.15765249077231 1.59836158412509 1.25696203461848 1.45456553716213 1.94149277592078
1.01119238254614 1.38057906925678 1.50258411536925 1.54082919284701 1.51459861570038 1.62211968563497 1.49219831521623 1.20150262676179 1.93771126843058 1.50310162268579 0.994413137901574 1.42597431689501 1.61821388266981 1.35651753982529 1.05398465855978 1.11003480991349 1.35891842423007 1.56063412432559 1.11734033143148 1.21235013660043 0 1.46744681266136 1.75379944755696 1.43896838719957 1.07576620811597 0.986981788650155 1.59413486951962 1.94007658562623 1.14154863427393 1.42729575093836
1.20034078136086 1.40792777133174 1.68251918512397 0.97334359982051 1.85701731755398 1.31261239317246 1.94237169134431 1.7865225141868 0.966547366464511 1.18433095980436 1.56210633157752 1.86605752119794 1.50263594114222 1.41184317902662 1.83449211902916 1.11445472529158 0.969905639067292 1.05083190230653 1.05465100822039 1.2708480192814 1.46744681266136 0 1.19073863024823 1.89567085495219 1.12648342293687 1.87278874590993 1.20700680534355 1.0480547263287 1.48883946286514 1.43572071078233
1.03694138373248 1.46140529122204 0.97038450371474 1.90757183916867 1.61402825755067 1.45450844499283 1.16407732316293 1.20783396949992 1.19892202364281 1.40518889739178 1.62384407967329 1.51866214210168 1.46177756856196 1.76420094585046 1.59949850221165 1.78500293404795 1.88004649663344 1.91543970117345 1.12187630846165 1.4257803177461 1.75379944755696 1.19073863024823 0 1.00553146516904 1.90741429571062 1.56582395057194 1.67208135547116 1.16804596362635 1.82991723925807 1.1276759437751
1.30442103953101 1.34760002675466 1.27026523672976 1.8164394646883 1.61861286126077 1.76719022728503 1.31258917157538 1.77652206202038 1.10798383736983 1.37087510759011 1.69528149906546 1.44835257623345 1.01398879592307 1.70594013039954 1.7275766658131 1.18169702682644 1.51709269569255 0.985838811611757 1.45107056829147 1.85876007587649 1.43896838719957 1.89567085495219 1.00553146516904 0 1.82818891643547 1.53074584295973 1.66909527033567 1.79131383146159 1.45770548842847 1.73425203468651
1.2555288344156 1.41689300816506 1.65782458987087 1.95080860075541 1.47253447817639 1.90143455960788 1.12616014201194 0.97191755915992 1.10866218223237 1.36667342064902 1.37822221778333 1.57006406993605 1.04361175559461 1.88497680122964 1.6820886079222 1.52493545366451 1.5112394047901 1.90115162706934 1.83934814203531 1.38746499409899 1.07576620811597 1.12648342293687 1.90741429571062 1.82818891643547 0 1.79861249541864 1.81376704387367 1.54280130448751 1.09994597081095 1.38168622576632
1.40349504142068 1.6923923753202 1.52226216741838 1.14328427007422 1.88129683281295 1.08753082016483 1.17562092049047 1.45667332736775 1.5441412103828 0.976950448937714 1.70185568858869 0.993407657369971 1.86075919563882 1.4249374861829 1.13862188160419 1.34014803986065 1.1294017706532 1.94346581748687 1.32530693640001 1.15765249077231 0.986981788650155 1.87278874590993 1.56582395057194 1.53074584295973 1.79861249541864 0 1.93427783320658 1.59819015720859 1.30588455335237 1.18927159579471
1.94035970722325 1.57213457394391 1.52170960092917 1.109370859107 1.57196704507805 1.93310648901388 1.60015464294702 1.18961732159369 1.74172830488533 1.41629228368402 1.80100494157523 1.77618001680821 1.5787791069597 1.64946232852526 1.06197180761956 1.65106378984638 1.43967069359496 1.1236232239753 1.82893841085024 1.59836158412509 1.59413486951962 1.20700680534355 1.67208135547116 1.66909527033567 1.81376704387367 1.93427783320658 0 1.40059826080687 1.24423274910077 1.67609358625486
1.62389731477015 1.6781446011737 1.81492943060584 1.00126048130915 1.85137921548449 1.5746465169359 1.94256109301932 1.30584755144082 1.37975767953321 1.0253994918894 1.42064831149764 1.84831517958082 1.68033902812749 0.962969410931692 1.56653436738998 1.06267037452199 1.52229512296617 1.43458936945535 1.39751088293269 1.25696203461848 1.94007658562623 1.0480547263287 1.16804596362635 1.79131383146159 1.54280130448751 1.59819015720859 1.40059826080687 0 1.15126180346124 1.9025622298941
1.62800532556139 1.49801277066581 1.61765928589739 1.43878504703753 1.03443351457827 1.87872755643912 1.3985450072214 1.28169377939776 1.00620542094111 1.02570115984417 1.28094041743316 1.08436646265909 1.52727203257382 1.84258110588416 1.39787382492796 1.24237659550272 1.48244982771575 1.60402398346923 1.4962130789645 1.45456553716213 1.14154863427393 1.48883946286514 1.82991723925807 1.45770548842847 1.09994597081095 1.30588455335237 1.24423274910077 1.15126180346124 0 1.44718255591579
1.71390004991554 1.6171366374474 1.59477361198515 1.86556727509014 1.47038708766922 1.24960719514638 0.993701912462711 1.49581725057214 1.86825735075399 1.34526317496784 1.54671788658015 1.53849514853209 1.00598862860352 1.36823896481656 1.89333209441975 1.38294686423615 1.9136720651295 0.960378589108586 1.68899106723256 1.94149277592078 1.42729575093836 1.43572071078233 1.1276759437751 1.73425203468651 1.38168622576632 1.18927159579471 1.67609358625486 1.9025622298941 1.44718255591579 0
