0 1.74525398947299 1.16770842112601 1.5641801818274 1.20882620150223 1.38908522133715 1.20724832685664 1.83033534092829 0.987332846038043 0.970696575939655 1.39286405849271 1.90998926083557 1.28037476935424 1.86024058051407 1.29451393871568 1.01281918445602 1.82166219106875 0.97048924327828 1.30096538807265 1.85661454172805 1.15719957370311 1.54713029391132 1.38918662420474 1.37100268783979 1.53626289498061 1.11262807715684 1.5785432998091 1.63241460127756 1.0213911361061 0.98522972362116
1.74525398947299 0 1.55619090422988 1.05815757135861 1.82910586986691 1.18512400332838 1.88096809550188 1.53425026498735 1.86963091837242 1.29448764049448 1.91452031140216 1.47479198034853 1.30840808409266 1.72337278560735 1.89605745463632 1.07208831934258 1.8586884806864 1.40681176004 1.85101564996876 0.985346435569227 1.92596081597731 1.33461708039977 1.75863368809223 1.23407249338925 1.80331667675637 1.7737217459362 1.64563290937804 1.24289468536153 1.00709077646025 1.37161547481082
1.16770842112601 1.55619090422988 0 1.00641572196037 1.74766613636166 1.81721631390974 1.79862901591696 1.80189315695316 1.14467741199769 1.91000845376402 1.57977871526964 1.41493355087005 1.83992918906733 0.975988563848659 1.55669936537743 1.88587731635198 1.74531524931081 1.63031364441849 1.73748002038337 1.40659912046976 1.26878383057192 1.49890905828215 1.16348592215218 1.02371777384542 1.8689294627402 1.39156114240177 1.45312653714791 1.29031931539066 1.82486788532697 1.14528452372178
1.5641801818274 1.05815757135861 1.00641572196037 0 1.58837210107595 1.38041857699864 1.05233974591829 1.65287331724539 1.05656774807721 1.531197224278 0.931254173861817 1.13386990106665 1.44263221183792 1.58098802366294 1.8760433960706 1.48357148002833 1.50222580949776 1.70599088305607 1.66801828099415 1.38100143289194 1.55596638936549 1.70635950518772 1.59092701622285 1.79742656741291 1.34835603716783 1.4469607793726 1.87741977907717 1.00588067783974 1.83110008551739 1.64142323099077
1.20882620150223 1.82910586986691 1.74766613636166 1.58837210107595 0 1.51533430628479 1.22351598134264 1.32295172149315 1.66713612573221 1.21698146453127 1.71850614529103 1.61825690837577 1.91335584688932 0.996730051934719 0.954406547127292 1.46390026737936 1.822208001744 1.81943118199706 1.27144341240637 1.19572073058225 1.58119123848155 1.20107143046334 1.61147291911766 1.51960291224532 1.80173769127578 1.60510140447877 1.22994067310356 1.77495315857232 1.74277888401411 1.41370402788743
1.38908522133715 1.18512400332838 1.81721631390974 1.38041857699864 1.51533430628479 0 1.00371293420903 1.4096115117427 1.71112970053218 1.33029005979188 1.50403047609143 1.17445780034177 1.25156329968013 1.50347234355286 0.990406356984749 1.56099756387994 1.55508191417903 1.7062912483234 1.81702395202592 1.05722762458026 1.88225149316713 1.27606229786761 1.90891889343038 1.23508472018875 1.8850333946757 1.11178967449814 1.31598354130983 0.934491277206689 1.23418590147048 1.26924500823952
1.20724832685664 1.88096809550188 1.79862901591696 1.05233974591829 1.22351598134264 1.00371293420903 0 1.09546847594902 1.67327738832682 1.18583747139201 1.52238672156818 1.08595484006219 1.46540132025257 1.14691346161999 1.6453732221853 1.22247185488231 0.937157878885046 1.22870669863187 1.15951158641838 1.84944350761361 1.50302379555069 1.01913434872404 1.79810148733668 1.25655118166469 1.47355282236822 1.23420994682238 1.24350952031091 1.70655312086456 1.1417028545402 1.5823791353032
1.83033534092829 1.53425026498735 1.80189315695316 1.65287331724539 1.32295172149315 1.4096115117427 1.09546847594902 0 1.24436457711272 1.33174850675277 1.12846971582621 1.57255176547915 1.13754062261432 1.36812567291781 1.88691962230951 1.74664329225197 1.25610741460696 1.13313747802749 1.58367981575429 1.53175364085473 1.1542213652283 1.34994529793039 0.941663366509601 0.993436695775017 1.77318267710507 0.957575928652659 1.20339521137066 1.91513693588786 1.55443298909813 1.46122155687772
0.987332846038043 1.86963091837242 1.14467741199769 1.05656774807721 1.66713612573221 1.71112970053218 1.67327738832682 1.24436457711272 0 1.80453322152607 1.69836427876726 1.21953868819401 1.5630848784931 1.71127745416015 1.76262468122877 1.54463591822423 1.78702802443877 1.79775294777937 1.91856041294523 1.67246740637347 1.67252653255127 1.00562908663414 1.30540253128856 0.949069189606234 1.27749103866518 1.375243534334 1.76217821473256 1.11975408904254 1.34859665646218 1.24128015944734
0.970696575939655 1.29448764049448 1.91000845376402 1.531197224278 1.21698146453127 1.33029005979188 1.18583747139201 1.33174850675277 1.80453322152607 0 1.81976358429529 1.79895747778937 1.78396717179567 1.04039544146508 1.12636527745053 1.07328881206922 1.01262905960903 1.72440858208574 1.47129573789425 1.61825007712469 1.58743194281124 1.09808796877041 1.63639513310045 1.13363406970166 1.51580616668798 1.13254374149255 1.2808028855361 0.943509138189256 1.76827787025832 1.87932397611439
1.39286405849271 1.91452031140216 1.57977871526964 0.931254173861817 1.71850614529103 1.50403047609143 1.52238672156818 1.12846971582621 1.69836427876726 1.81976358429529 0 1.47548794606701 1.49813596229069 1.01137592480518 0.944789222208783 1.01869469089434 1.5147229663562 1.09463477064855 1.43691444420256 1.41452863090672 1.09967369074002 0.974172327434644 1.13316182256676 1.55387536645867 1.30291854776442 1.55342209571972 1.72311286488548 1.46852790703997 0.974675424396992 1.09920271695592
1.90998926083557 1.47479198034853 1.41493355087005 1.13386990106665 1.61825690837577 1.17445780034177 1.08595484006219 1.57255176547915 1.21953868819401 1.79895747778937 1.47548794606701 0 1.48016337491572 1.02667116071098 1.66836949600838 1.07963795564137 1.13168023922481 1.08044016011991 1.21393533144146 1.29033191199414 1.5139602588024 1.50763768865727 0.971678091445938 1.25962085300125 1.55169145786203 1.38206257112324 1.64410678623244 0.99537772173062 1.78436095546931 1.80759885208681
1.28037476935424 1.30840808409266 1.83992918906733 1.44263221183792 1.91335584688932 1.25156329968013 1.46540132025257 1.13754062261432 1.5630848784931 1.78396717179567 1.49813596229069 1.48016337491572 0 1.27088434132747 1.31863260199316 1.34542751777917 0.96166532416828 1.3903200943023 0.997078264597803 1.28856301330961 0.997724013868719 1.76294144708663 0.928314114222303 1.76739587867633 1.12824015761726 1.26904803421348 1.83646449050866 1.6954314771574 1.75450215558521 1.63461267016828
1.86024058051407 1.72337278560735 0.975988563848659 1.58098802366294 0.996730051934719 1.50347234355286 1.14691346161999 1.36812567291781 1.71127745416015 1.04039544146508 1.01137592480518 1.02667116071098 1.27088434132747 0 1.7859791717492 1.73195961047895 1.55937245883979 1.30937897390686 1.35854239738546 1.01250301999971 1.56289820652455 1.12296258611605 1.79376845364459 1.24340881616808 1.86098457477055 1.84871848928742 1.21188124804758 1.39533935603686 1.7904283949174 1.73192840395495
1.29451393871568 1.89605745463632 1.55669936537743 1.8760433960706 0.954406547127292 0.990406356984749 1.6453732221853 1.88691962230951 1.76262468122877 1.12636527745053 0.944789222208783 1.66836949600838 1.31863260199316 1.7859791717492 0 1.69361170008779 1.26862206938677 1.577450705925 0.928374082781374 1.71382924169302 1.27379518933594 0.980843220371753 1.76414932892658 1.4024964265991 1.77724043279886 1.69490203633904 1.88823537179269 1.30472397897393 1.14835967472754 1.58798677590676
1.01281918445602 1.07208831934258 1.88587731635198 1.48357148002833 1.46390026737936 1.56099756387994 1.22247185488231 1.74664329225197 1.54463591822423 1.07328881206922 1.01869469089434 1.07963795564137 1.34542751777917 1.73195961047895 1.69361170008779 0 1.45939068892039 1.12974900053814 1.66513650445268 1.35899883159436 1.39902293286286 1.45726724551059 1.88221888430417 1.18026355328038 1.2025182582438 1.01158509799279 1.34769243467599 1.26468669227324 1.66923817479983 1.78237188560888
1.82166219106875 1.8586884806864 1.74531524931081 1.50222580949776 1.822208001744 1.55508191417903 0.937157878885046 1.25610741460696 1.78702802443877 1.01262905960903 1.5147229663562 1.13168023922481 0.96166532416828 1.55937245883979 1.26862206938677 1.45939068892039 0 1.53450475702994 1.55957067781128 1.56063750968315 0.955399005440995 1.19706627400592 1.32710631727241 1.42548479279503 1.59327550488524 0.96736675244756 1.51574253500439 1.22410607710481 1.40531842596829 1.18987963092513
0.97048924327828 1.40681176004 1.63031364441849 1.70599088305607 1.81943118199706 1.7062912483234 1.22870669863187 1.13313747802749 1.79775294777937 1.72440858208574 1.09463477064855 1.08044016011991 1.3903200943023 1.30937897390686 1.577450705925 1.12974900053814 1.53450475702994 0 1.72607754217461 1.6582663282752 1.1111648757942 1.40909173805267 1.3001910103485 1.80788364959881 1.51726558688097 1.21775974659249 1.13424808299169 1.14619286777452 1.41344125522301 1.21874347468838
1.30096538807265 1.85101564996876 1.73748002038337 1.66801828099415 1.27144341240637 1.81702395202592 1.15951158641838 1.58367981575429 1.91856041294523 1.47129573789425 1.43691444420256 1.21393533144146 0.997078264597803 1.35854239738546 0.928374082781374 1.66513650445268 1.55957067781128 1.72607754217461 0 1.3774130307138 1.17350347177126 1.85632469505072 0.954669154249132 1.36668220558204 1.82459441502579 1.32046923716553 1.5115572095383 1.52871062955819 1.64602200454101 1.73737915488891
1.85661454172805 0.985346435569227 1.40659912046976 1.38100143289194 1.19572073058225 1.05722762458026 1.84944350761361 1.53175364085473 1.67246740637347 1.61825007712469 1.41452863090672 1.29033191199414 1.28856301330961 1.01250301999971 1.71382924169302 1.35899883159436 1.56063750968315 1.6582663282752 1.3774130307138 0 1.11408353364095 1.17914835526608 1.29744295007549 1.35514487861656 1.10455622058362 1.52577965660021 1.5381874802988 1.21047567762434 1.49621338350698 1.76273558079265
1.15719957370311 1.92596081597731 1.26878383057192 1.55596638936549 1.58119123848155 1.88225149316713 1.50302379555069 1.1542213652283 1.67252653255127 1.58743194281124 1.09967369074002 1.5139602588024 0.997724013868719 1.56289820652455 1.27379518933594 1.39902293286286 0.955399005440995 1.1111648757942 1.17350347177126 1.11408353364095 0 1.7484668539837 1.91724103665911 1.85189849254675 1.30663683405146 0.938691157614812 1.32456439430825 1.57413841132075 1.18414249434136 1.12325708754361
1.54713029391132 1.33461708039977 1.49890905828215 1.70635950518772 1.20107143046334 1.27606229786761 1.01913434872404 1.34994529793039 1.00562908663414 1.09808796877041 0.974172327434644 1.50763768865727 1.76294144708663 1.12296258611605 0.980843220371753 1.45726724551059 1.19706627400592 1.40909173805267 1.85632469505072 1.17914835526608 1.7484668539837 0 1.53183734719642 1.66622174228542 1.54914871091023 1.19760331208818 1.23867408349179 1.09184244018979 1.05129103315994 1.87415755796246
1.38918662420474 1.75863368809223 1.16348592215218 1.59092701622285 1.61147291911766 1.90891889343038 1.79810148733668 0.941663366509601 1.30540253128856 1.63639513310045 1.13316182256676 0.971678091445938 0.928314114222303 1.79376845364459 1.76414932892658 1.88221888430417 1.32710631727241 1.3001910103485 0.954669154249132 1.29744295007549 1.91724103665911 1.53183734719642 0 1.80249016731977 1.69595016958192 1.124325763667 1.16191249457188 1.72621881077066 1.79204489034601 1.6489235223271
1.37100268783979 1.23407249338925 1.02371777384542 1.79742656741291 1.51960291224532 1.23508472018875 1.25655118166469 0.993436695775017 0.949069189606234 1.13363406970166 1.55387536645867 1.25962085300125 1.76739587867633 1.24340881616808 1.4024964265991 1.18026355328038 1.42548479279503 1.80788364959881 1.36668220558204 1.35514487861656 1.85189849254675 1.66622174228542 1.80249016731977 0 1.85834029852413 1.63837082590908 1.68106802273542 1.82234422885813 1.38785169483162 1.16925296885893
1.53626289498061 1.80331667675637 1.8689294627402 1.34835603716783 1.80173769127578 1.8850333946757 1.47355282236822 1.77318267710507 1.27749103866518 1.51580616668798 1.30291854776442 1.55169145786203 1.12824015761726 1.86098457477055 1.77724043279886 1.2025182582438 1.59327550488524 1.51726558688097 1.82459441502579 1.10455622058362 1.30663683405146 1.54914871091023 1.69595016958192 1.85834029852413 0 1.20058381883428 1.40136878448538 1.24559902283363 0.974334952421486 1.45802465477027
1.11262807715684 1.7737217459362 1.39156114240177 1.4469607793726 1.60510140447877 1.11178967449814 1.23420994682238 0.957575928652659 1.375243534334 1.13254374149255 1.55342209571972 1.38206257112324 1.26904803421348 1.84871848928742 1.69490203633904 1.01158509799279 0.96736675244756 1.21775974659249 1.32046923716553 1.52577965660021 0.938691157614812 1.19760331208818 1.124325763667 1.63837082590908 1.20058381883428 0 1.07052952656522 1.89833867410198 1.30437320051715 1.43701629783027
1.5785432998091 1.64563290937804 1.45312653714791 1.87741977907717 1.22994067310356 1.31598354130983 1.24350952031091 1.20339521137066 1.76217821473256 1.2808028855361 1.72311286488548 1.64410678623244 1.83646449050866 1.21188124804758 1.88823537179269 1.34769243467599 1.51574253500439 1.13424808299169 1.5115572095383 1.5381874802988 1.32456439430825 1.23867408349179 1.16191249457188 1.68106802273542 1.40136878448538 1.07052952656522 0 1.71712059457786 1.61206092964858 1.34038997255266
1.63241460127756 1.24289468536153 1.29031931539066 1.00588067783974 1.77495315857232 0.934491277206689 1.70655312086456 1.91513693588786 1.11975408904254 0.943509138189256 1.46852790703997 0.99537772173062 1.6954314771574 1.39533935603686 1.30472397897393 1.26468669227324 1.22410607710481 1.14619286777452 1.52871062955819 1.21047567762434 1.57413841132075 1.09184244018979 1.72621881077066 1.82234422885813 1.24559902283363 1.89833867410198 1.71712059457786 0 1.09744935366325 0.959966022986919
1.0213911361061 1.00709077646025 1.82486788532697 1.83110008551739 1.74277888401411 1.23418590147048 1.1417028545402 1.55443298909813 1.34859665646218 1.76827787025832 0.974675424396992 1.78436095546931 1.75450215558521 1.7904283949174 1.14835967472754 1.66923817479983 1.40531842596829 1.41344125522301 1.64602200454101 1.49621338350698 1.18414249434136 1.05129103315994 1.79204489034601 1.38785169483162 0.974334952421486 1.30437320051715 1.61206092964858 1.09744935366325 0 1.28915534541011
0.98522972362116 1.37161547481082 1.14528452372178 1.64142323099077 1.41370402788743 1.26924500823952 1.5823791353032 1.46122155687772 1.24128015944734 1.87932397611439 1.09920271695592 1.80759885208681 1.63461267016828 1.73192840395495 1.58798677590676 1.78237188560888 1.18987963092513 1.21874347468838 1.73737915488891 1.76273558079265 1.12325708754361 1.87415755796246 1.6489235223271 1.16925296885893 1.45802465477027 1.43701629783027 1.34038997255266 0.959966022986919 1.28915534541011 0
