0 0.963266426231712 1.5721083341632 1.20378538803197 1.57775555504486 1.78558979788795 1.83400290505961 1.39184231264517 1.79415952740237 1.60089229000732 0.993762321770191 1.71543464832939 1.42183673544787 1.88322790386155 1.37785154255107 1.86641102703288 1.73578210477717 1.38604047731496 1.6056863819249 1.70173265365884 1.00959615153261 1.05886038532481 1.80850461986847 1.68652631877922 1.48748834105209 1.49907840951346 1.50776948826388 1.64612795109861 1.83624096191488 1.04647135478444
0.963266426231712 0 1.91028947103769 1.05120065598749 1.61806249502115 1.77405071607791 1.36214858805761 1.6501323566772 1.63761629583314 1.52791532408446 1.80995075171813 1.90522327180952 1.6645671823062 1.58445328962989 1.7604584749788 1.91062990319915 1.04001096496359 1.78549936204217 1.03161324490793 1.03186252014711 1.46353425690904 1.86260168254375 1.78361508180387 1.24968310119584 1.16332109551877 1.12081199837849 1.7665247078985 1.20881546847522 1.89954064693302 1.31095537100919
1.5721083341632 1.91028947103769 0 1.61008906201459 1.88368564844131 1.12292871880345 0.966601335443556 1.63363160099834 1.55805620690808 1.73660863586701 1.2790970208589 1.62115985620767 1.21122777415439 1.53883055294864 1.55954393465072 1.73937496822327 1.81588031351566 1.66912008728832 0.937496864702553 1.56121130473912 1.22640161588788 1.82938138931058 1.88861755141988 1.10856880503707 1.16225680056959 1.00980532658286 1.0558739437256 1.61220567137934 1.12587740737945 1.76928578270599
1.20378538803197 1.05120065598749 1.61008906201459 0 1.23319779965095 1.84847168927081 1.20613169227727 1.19141050078906 1.29295977624133 1.63380169006996 1.70639910199679 1.53969678934664 1.03992359479889 1.82799398270436 1.90424120775424 0.945262603228912 1.44109254516661 1.66516532585956 1.46726639894769 1.76042798114941 1.07607225654647 1.31447589746676 1.67706047487445 1.37605647696182 1.72011676384136 1.10399219347164 1.0975632800255 1.1528655688744 1.07669963990338 1.34700957778841
1.57775555504486 1.61806249502115 1.88368564844131 1.23319779965095 0 1.80342511949129 1.39168944139965 0.957214289577678 1.47462555137463 1.36095686256886 1.46245363191701 0.958600093843415 1.81218035938218 1.18104415899143 1.41283358144574 1.48052269010805 1.50756099633873 1.20824089809321 1.91092991735786 1.86002547759563 1.10102525516413 1.92629713774659 1.07940811105072 1.05671415221877 0.986053311498836 1.13106978568248 1.37695758556947 1.89118978520855 1.85983012267388 1.46904179384001
1.78558979788795 1.77405071607791 1.12292871880345 1.84847168927081 1.80342511949129 0 1.23845146270469 1.0361199688632 1.86632983526215 1.89167760848068 1.67221899516881 1.33389661996625 1.35847078333609 1.68035512720235 1.80846939701587 1.57842603186145 1.43132745311595 1.58568354300223 1.09722658083774 1.83413843438029 1.63811874226667 1.38750722911209 1.01275565079413 0.943718044320121 1.29012291622348 1.42767677665688 1.39615682559088 1.79360478068702 1.38342478103004 1.16189268394373
1.83400290505961 1.36214858805761 0.966601335443556 1.20613169227727 1.39168944139965 1.23845146270469 0 1.52132110483944 1.92511053546332 1.06013472611085 1.77970381570049 0.996698922710493 1.0224950616248 1.57116079702973 1.58602981432341 1.71037728525698 1.75192251102999 1.59516994119622 1.3654410506133 1.70718953688629 1.5693908969406 1.81855391222052 1.41891045914963 1.37052147695795 1.91093298955821 1.59833098878153 1.49708643020131 1.72171081206761 1.10255429870449 1.10881030117162
1.39184231264517 1.6501323566772 1.63363160099834 1.19141050078906 0.957214289577678 1.0361199688632 1.52132110483944 0 1.39888855163008 1.49794725631364 1.52677697711624 1.37726021767594 0.951620877254754 1.58823619130999 1.24955224292353 1.67636280995794 1.15609583817422 1.32276809914038 1.01402780693024 1.10645771538839 1.78183987713419 1.49309717840515 1.19639436947182 1.6462331044022 1.14733032044023 1.50444003683515 1.23367960052565 1.79080904158764 1.34673091256991 0.935042368248105
1.79415952740237 1.63761629583314 1.55805620690808 1.29295977624133 1.47462555137463 1.86632983526215 1.92511053546332 1.39888855163008 0 1.04449679446407 1.78997842199169 1.41044320166111 0.994815650396049 1.64068187982775 1.55057061789557 1.81373738241382 1.06584667274728 1.46290188934654 1.71199843520299 0.972306930925697 1.35522224544547 1.28415726916865 1.92563357390463 1.21679911343381 1.6322384851519 1.35871269507334 1.41713285632432 1.83015871606767 1.31964336615056 0.985230135731399
1.60089229000732 1.52791532408446 1.73660863586701 1.63380169006996 1.36095686256886 1.89167760848068 1.06013472611085 1.49794725631364 1.04449679446407 0 1.52415532129817 1.29432185413316 1.65936729637906 1.3016363773495 1.46002584882081 1.25294217071496 1.81757716042921 1.05359469098039 1.44186547282152 1.1908334128093 1.24649238609709 1.91609826870263 1.23875094321556 1.53233629558235 1.53153727622703 1.63845153874718 1.42035623732954 1.12618887959979 1.60338172316551 1.53181928489357
0.993762321770191 1.80995075171813 1.2790970208589 1.70639910199679 1.46245363191701 1.67221899516881 1.77970381570049 1.52677697711624 1.78997842199169 1.52415532129817 0 1.32278684317134 1.42540538683534 1.74270634003915 1.06720803515054 1.0671368050389 1.73028589459136 1.43789776903577 1.92095717205666 1.83040998084471 0.996423879871145 1.27131891506724 1.08292433712631 0.966500120935962 1.75429242709652 1.11215472547337 1.33504438819364 1.70817140769213 1.60269685927778 1.55694239516743
1.71543464832939 1.90522327180952 1.62115985620767 1.53969678934664 0.958600093843415 1.33389661996625 0.996698922710493 1.37726021767594 1.41044320166111 1.29432185413316 1.32278684317134 0 1.56445632665418 1.89240832487121 1.79187080054544 1.90481828106567 1.81084683560766 1.12742100469768 1.6603758437559 1.52855837228708 1.25647907541133 1.71607587230392 1.06483795610256 1.34706229064614 1.29438893310726 1.69661412364803 1.74382685427554 1.40782075887546 1.3497431492433 1.49643550417386
1.42183673544787 1.6645671823062 1.21122777415439 1.03992359479889 1.81218035938218 1.35847078333609 1.0224950616248 0.951620877254754 0.994815650396049 1.65936729637906 1.42540538683534 1.56445632665418 0 1.67752594593912 1.08679137402214 1.86552691785619 1.60559801384807 1.90395819349214 1.13951476942748 1.37664868682623 0.941465464653447 1.14186745812185 0.999117798171937 1.70971699152142 1.64391232607886 1.81829768884927 1.36641759192571 1.65865549515001 1.49367763986811 1.72572817211039
1.88322790386155 1.58445328962989 1.53883055294864 1.82799398270436 1.18104415899143 1.68035512720235 1.57116079702973 1.58823619130999 1.64068187982775 1.3016363773495 1.74270634003915 1.89240832487121 1.67752594593912 0 1.49717066856101 1.43428153637797 1.51733004045673 1.08243573689833 1.44553980324417 1.34136090963148 1.84152749576606 1.08988938434049 1.50208502006717 1.73583884350955 1.72061308170669 1.78067533182912 1.41576497233473 1.48051021667197 1.19327029562555 1.92560345632955
1.37785154255107 1.7604584749788 1.55954393465072 1.90424120775424 1.41283358144574 1.80846939701587 1.58602981432341 1.24955224292353 1.55057061789557 1.46002584882081 1.06720803515054 1.79187080054544 1.08679137402214 1.49717066856101 0 1.35288883466274 1.34592416859232 1.35162211931311 1.09082123078406 1.66998270479962 1.26473471242934 1.16577538242564 1.05141582409851 1.03067398560233 1.16526981675997 1.71525391377509 1.36386273126118 1.36244792211801 1.58848141157068 1.60108406539075
1.86641102703288 1.91062990319915 1.73937496822327 0.945262603228912 1.48052269010805 1.57842603186145 1.71037728525698 1.67636280995794 1.81373738241382 1.25294217071496 1.0671368050389 1.90481828106567 1.86552691785619 1.43428153637797 1.35288883466274 0 1.42350095743313 1.69828405533917 1.64194954629056 1.53568490361795 1.92988245468587 1.469392236555 1.87933039618656 1.1784024250228 1.70176614983939 1.70979392644949 1.2473282571882 1.04352006572299 1.34383373521268 1.30296166217886
1.73578210477717 1.04001096496359 1.81588031351566 1.44109254516661 1.50756099633873 1.43132745311595 1.75192251102999 1.15609583817422 1.06584667274728 1.81757716042921 1.73028589459136 1.81084683560766 1.60559801384807 1.51733004045673 1.34592416859232 1.42350095743313 0 1.02005612896755 1.03533054306172 1.31316390424035 0.977766833035275 1.89692864962853 1.62322755204514 1.2357017477043 1.64267210639082 1.68827078770846 1.21576628414914 0.987637726590037 1.81483836518601 1.09974247403443
1.38604047731496 1.78549936204217 1.66912008728832 1.66516532585956 1.20824089809321 1.58568354300223 1.59516994119622 1.32276809914038 1.46290188934654 1.05359469098039 1.43789776903577 1.12742100469768 1.90395819349214 1.08243573689833 1.35162211931311 1.69828405533917 1.02005612896755 0 1.92217409075238 1.24874928453937 1.27580327121541 1.54924638546072 1.58692504186183 1.91941863298416 1.20542499236763 1.00728581822477 1.21227524802089 0.99384639877826 1.58431557100266 1.49995614239015
1.6056863819249 1.03161324490793 0.937496864702553 1.46726639894769 1.91092991735786 1.09722658083774 1.3654410506133 1.01402780693024 1.71199843520299 1.44186547282152 1.92095717205666 1.6603758437559 1.13951476942748 1.44553980324417 1.09082123078406 1.64194954629056 1.03533054306172 1.92217409075238 0 1.40487685706466 1.89256956777535 1.60196131770499 0.951120686717331 1.29941756674089 1.75898264790885 1.43201592634432 1.41868605464697 1.04686295962892 1.04173542046919 1.89263946982101
1.70173265365884 1.03186252014711 1.56121130473912 1.76042798114941 1.86002547759563 1.83413843438029 1.70718953688629 1.10645771538839 0.972306930925697 1.1908334128093 1.83040998084471 1.52855837228708 1.37664868682623 1.34136090963148 1.66998270479962 1.53568490361795 1.31316390424035 1.24874928453937 1.40487685706466 0 1.77013155864552 1.5384247188922 1.62135998555459 1.22318645776249 1.30628960067406 1.42044215556234 1.42257273755968 1.70240371022373 1.4075660801027 0.98068160796538
1.00959615153261 1.46353425690904 1.22640161588788 1.07607225654647 1.10102525516413 1.63811874226667 1.5693908969406 1.78183987713419 1.35522224544547 1.24649238609709 0.996423879871145 1.25647907541133 0.941465464653447 1.84152749576606 1.26473471242934 1.92988245468587 0.977766833035275 1.27580327121541 1.89256956777535 1.77013155864552 0 1.03965449566022 1.86276991711929 1.78772794548422 1.64143881225027 1.77210108889267 1.19420673255809 1.7704316994641 1.82015858939849 1.72858419292606
1.05886038532481 1.86260168254375 1.82938138931058 1.31447589746676 1.92629713774659 1.38750722911209 1.81855391222052 1.49309717840515 1.28415726916865 1.91609826870263 1.27131891506724 1.71607587230392 1.14186745812185 1.08988938434049 1.16577538242564 1.469392236555 1.89692864962853 1.54924638546072 1.60196131770499 1.5384247188922 1.03965449566022 0 0.934815345099196 1.23723712447099 1.02762827882543 1.02007519244216 1.37393530225381 1.25207261811011 1.15869404748082 1.20466470136307
1.80850461986847 1.78361508180387 1.88861755141988 1.67706047487445 1.07940811105072 1.01275565079413 1.41891045914963 1.19639436947182 1.92563357390463 1.23875094321556 1.08292433712631 1.06483795610256 0.999117798171937 1.50208502006717 1.05141582409851 1.87933039618656 1.62322755204514 1.58692504186183 0.951120686717331 1.62135998555459 1.86276991711929 0.934815345099196 0 1.40307157603092 1.78697055950761 1.73084595822729 1.35876649152488 1.68841129890643 1.11521394387819 1.44170005177148
1.68652631877922 1.24968310119584 1.10856880503707 1.37605647696182 1.05671415221877 0.943718044320121 1.37052147695795 1.6462331044022 1.21679911343381 1.53233629558235 0.966500120935962 1.34706229064614 1.70971699152142 1.73583884350955 1.03067398560233 1.1784024250228 1.2357017477043 1.91941863298416 1.29941756674089 1.22318645776249 1.78772794548422 1.23723712447099 1.40307157603092 0 1.53071717475541 1.87166498135775 1.00020351423882 1.14408440236002 1.49146028747782 1.32725923322141
1.48748834105209 1.16332109551877 1.16225680056959 1.72011676384136 0.986053311498836 1.29012291622348 1.91093298955821 1.14733032044023 1.6322384851519 1.53153727622703 1.75429242709652 1.29438893310726 1.64391232607886 1.72061308170669 1.16526981675997 1.70176614983939 1.64267210639082 1.20542499236763 1.75898264790885 1.30628960067406 1.64143881225027 1.02762827882543 1.78697055950761 1.53071717475541 0 0.952585881110281 1.70060992008075 1.53926992416382 1.39975681691431 1.01397126703523
1.49907840951346 1.12081199837849 1.00980532658286 1.10399219347164 1.13106978568248 1.42767677665688 1.59833098878153 1.50444003683515 1.35871269507334 1.63845153874718 1.11215472547337 1.69661412364803 1.81829768884927 1.78067533182912 1.71525391377509 1.70979392644949 1.68827078770846 1.00728581822477 1.43201592634432 1.42044215556234 1.77210108889267 1.02007519244216 1.73084595822729 1.87166498135775 0.952585881110281 0 1.43031713482924 1.4959724182263 1.09735743771307 0.954753102036193
1.50776948826388 1.7665247078985 1.0558739437256 1.0975632800255 1.37695758556947 1.39615682559088 1.49708643020131 1.23367960052565 1.41713285632432 1.42035623732954 1.33504438819364 1.74382685427554 1.36641759192571 1.41576497233473 1.36386273126118 1.2473282571882 1.21576628414914 1.21227524802089 1.41868605464697 1.42257273755968 1.19420673255809 1.37393530225381 1.35876649152488 1.00020351423882 1.70060992008075 1.43031713482924 0 1.31503089773469 0.960936024319381 1.72312414366752
1.64612795109861 1.20881546847522 1.61220567137934 1.1528655688744 1.89118978520855 1.79360478068702 1.72171081206761 1.79080904158764 1.83015871606767 1.12618887959979 1.70817140769213 1.40782075887546 1.65865549515001 1.48051021667197 1.36244792211801 1.04352006572299 0.987637726590037 0.99384639877826 1.04686295962892 1.70240371022373 1.7704316994641 1.25207261811011 1.68841129890643 1.14408440236002 1.53926992416382 1.4959724182263 1.31503089773469 0 1.17251100344583 1.20465910807252
1.83624096191488 1.89954064693302 1.12587740737945 1.07669963990338 1.85983012267388 1.38342478103004 1.10255429870449 1.34673091256991 1.31964336615056 1.60338172316551 1.60269685927778 1.3497431492433 1.49367763986811 1.19327029562555 1.58848141157068 1.34383373521268 1.81483836518601 1.58431557100266 1.04173542046919 1.4075660801027 1.82015858939849 1.15869404748082 1.11521394387819 1.49146028747782 1.39975681691431 1.09735743771307 0.960936024319381 1.17251100344583 0 1.7064920370467
1.04647135478444 1.31095537100919 1.76928578270599 1.34700957778841 1.46904179384001 1.16189268394373 1.10881030117162 0.935042368248105 0.985230135731399 1.53181928489357 1.55694239516743 1.49643550417386 1.72572817211039 1.92560345632955 1.60108406539075 1.30296166217886 1.09974247403443 1.49995614239015 1.89263946982101 0.98068160796538 1.72858419292606 1.20466470136307 1.44170005177148 1.32725923322141 1.01397126703523 0.954753102036193 1.72312414366752 1.20465910807252 1.7064920370467 0
