0 1.11893484764732 0.989272366976365 1.72620688960887 1.55369057343341 0.940648865187541 1.66954580205493 1.10721677192487 1.44594772858545 1.68184662982821 0.938693931559101 1.52893297490664 1.50269042211585 1.13443651376292 1.85880554234609 1.51941688684747 1.61706472886726 1.32666882080957 1.81657152017578 1.49004585458897 1.07737452257425 1.32592104421929 1.77072144323029 1.79945280449465 1.59901089523919 1.35498835355975 1.77665362413973 1.58205072931014 1.66872577299364 1.43083416693844
1.11893484764732 0 1.20269912108779 1.76899932790548 1.26382158114575 1.44633893575519 1.84135284111835 1.4951700407546 1.75127208256163 1.07864765939303 1.05857429769821 1.25650969427079 1.77901421650313 0.971629386534914 1.46723263058811 1.71063260408118 1.83806864148937 1.47210233495571 1.01713481545448 1.81888588378206 1.30334727908485 1.12422009464353 1.6019116579555 1.87486316310242 0.986890432890505 1.38197290897369 1.81764399283566 1.84858353645541 0.936571373371407 1.55020501674153
0.989272366976365 1.20269912108779 0 1.41761134797707 1.51350072072819 1.44481167546473 1.29924549092539 1.64149837126024 1.24708057497628 1.89926511677913 1.30666954023764 0.980924857081845 1.28164265491068 1.78066161344759 1.52666172781028 1.37551171844825 1.51654495345429 1.57250649458729 1.4851999534294 1.38858670531772 1.63901800522581 1.22877017315477 1.16045312909409 1.50485939229839 1.46237804181874 1.55876599322073 1.55801337608136 1.2482534670271 1.01027609687299 1.42972532822751
1.72620688960887 1.76899932790548 1.41761134797707 0 0.935853936010972 1.90756273735315 0.944206777494401 1.62227650266141 1.14475132874213 1.76694951765239 1.48727945797145 0.99709508381784 1.4877640940249 1.68780398322269 1.40710560791194 1.69666839623824 1.40103813121095 1.04806761094369 1.02961156144738 1.15584558947012 1.58052476262674 1.22481328831054 1.0365237458609 1.59777634800412 1.85115870903246 1.01394160906784 1.02881145454012 1.63580783409998 1.57313396479003 1.16294770757668
1.55369057343341 1.26382158114575 1.51350072072819 0.935853936010972 0 1.13299806602299 1.6579119709786 1.52953926101327 1.18723842734471 1.61674355412833 1.34818931133486 1.76514215092175 0.917425392661244 1.74935936788097 1.70801913551986 1.7006356397178 0.947546626674011 1.00102023873478 1.25142896268517 1.06906634569168 1.6002276642248 1.67154102749191 1.75427154893987 1.00394661468454 0.915304773021489 1.65566723956726 1.75100931036286 1.90486961207353 1.0048519980628 1.52244582306594
0.940648865187541 1.44633893575519 1.44481167546473 1.90756273735315 1.13299806602299 0 1.1709629110992 1.29830482578836 1.71256197965704 1.41325002117082 1.29266280541196 1.59622055571526 1.87804749072529 1.27112274151295 1.77279852866195 1.22469665971585 1.87970102205873 1.02003774233162 1.66687990981154 1.6544803539291 1.80319986259565 1.5821917199064 1.54877107753418 1.62535214447416 1.50012358557433 1.2670734920539 1.55683967494406 1.51668408885598 1.37519443966448 1.38834669534117
1.66954580205493 1.84135284111835 1.29924549092539 0.944206777494401 1.6579119709786 1.1709629110992 0 1.50530492048711 0.945067305816337 1.3029909550678 1.68072106246836 1.17576432973146 1.27094562444836 1.13992573623545 1.47368193953298 0.941856866702437 0.984919005073607 1.56951558240689 1.64709379384294 1.26095551578328 1.49601433752105 1.7842823008541 1.84749382711016 1.53431621473283 1.11204928322695 1.29535083007067 1.60249607078731 0.931281692348421 1.68629741552286 1.13226422830485
1.10721677192487 1.4951700407546 1.64149837126024 1.62227650266141 1.52953926101327 1.29830482578836 1.50530492048711 0 1.31798439868726 1.67289717216045 0.934395944466814 1.33516848622821 1.23837644793093 1.23952623130754 1.10035120812245 1.79384138132446 1.30841756775044 0.976485807448626 1.85975189739838 1.43996373214759 1.66538232006133 1.20880636502989 1.55644786008634 1.59805294312537 1.33737247926183 1.54408620903268 1.48256977275014 1.22495953389443 1.26256165513769 1.85114337224513
1.44594772858545 1.75127208256163 1.24708057497628 1.14475132874213 1.18723842734471 1.71256197965704 0.945067305816337 1.31798439868726 0 1.02257497166283 1.82027575699612 0.975648260908201 1.65323967696168 1.69059941614978 1.49352096696384 1.10103794955648 1.65278602624312 1.62843952793628 1.12530654692091 1.11944412905723 1.88474068068899 1.30141062312759 1.44829351408407 0.919576543616131 1.71696898480877 0.940333436243236 1.77956456015818 1.52559157996438 1.14941852190532 1.28407417982817
1.68184662982821 1.07864765939303 1.89926511677913 1.76694951765239 1.61674355412833 1.41325002117082 1.3029909550678 1.67289717216045 1.02257497166283 0 1.37602242501453 1.90089446702041 1.5525200816337 0.970466669881716 1.22730638086796 1.57787561556324 1.28502297122031 1.70945530990139 1.01634877501056 1.77423947164789 0.918241603765637 1.26564055401832 1.54097304493189 1.34328490984626 1.28024209383875 1.74584004073404 1.14299984415993 1.0067969490774 1.28837391943671 1.33414080902003
0.938693931559101 1.05857429769821 1.30666954023764 1.48727945797145 1.34818931133486 1.29266280541196 1.68072106246836 0.934395944466814 1.82027575699612 1.37602242501453 0 1.30024562869221 1.58955334499478 1.21357066836208 1.44171491242014 1.0106333468575 1.13907685293816 1.11088454327546 1.71341723552905 1.71673224773258 1.76976858777925 1.6297843712382 1.68528064480051 0.999957734486088 0.987680901540443 1.41442313231528 1.39255626127124 1.79218273563311 1.65428848727606 1.18634665315039
1.52893297490664 1.25650969427079 0.980924857081845 0.99709508381784 1.76514215092175 1.59622055571526 1.17576432973146 1.33516848622821 0.975648260908201 1.90089446702041 1.30024562869221 0 1.52246388769709 1.21825514198281 1.15930532570928 1.43979787593707 1.55034540500492 1.63623037701473 1.54941506753676 1.34373817429878 1.61838492681272 1.66536626010202 1.50291995191947 1.80957285314798 0.9183396815788 1.76807122048922 1.24520962242968 0.939936082810163 1.67846141918562 1.47855316242203
1.50269042211585 1.77901421650313 1.28164265491068 1.4877640940249 0.917425392661244 1.87804749072529 1.27094562444836 1.23837644793093 1.65323967696168 1.5525200816337 1.58955334499478 1.52246388769709 0 1.62001270358451 1.85822812351398 1.00909152557142 1.34615670703351 1.23748245299794 1.76830505602993 1.65882359724492 1.72765609668568 1.45977386995219 1.72838271781802 0.997808618238196 1.42893540090881 0.94842483708635 1.78324282472022 1.6356463667471 1.02473644004203 1.00785230961628
1.13443651376292 0.971629386534914 1.78066161344759 1.68780398322269 1.74935936788097 1.27112274151295 1.13992573623545 1.23952623130754 1.69059941614978 0.970466669881716 1.21357066836208 1.21825514198281 1.62001270358451 0 1.58169124554843 0.988748158793896 1.67833376885392 1.49353400245309 1.74228162528016 1.72473971708678 1.43017147807404 1.3402108817827 1.13644058350474 1.69693175936118 1.81801252649166 0.997315513668582 1.41492193355225 0.99848564574495 0.955658516846597 1.74293739534914
1.85880554234609 1.46723263058811 1.52666172781028 1.40710560791194 1.70801913551986 1.77279852866195 1.47368193953298 1.10035120812245 1.49352096696384 1.22730638086796 1.44171491242014 1.15930532570928 1.85822812351398 1.58169124554843 0 1.20784053462557 1.87550724158064 1.49575594905764 1.52112601231784 1.42971266526729 1.72149596503004 1.23668523156084 1.50431177881546 1.46436247392558 1.65853920113295 1.74804467265494 1.08269684179686 1.7668606240768 1.19512505992316 1.77574939210899
1.51941688684747 1.71063260408118 1.37551171844825 1.69666839623824 1.7006356397178 1.22469665971585 0.941856866702437 1.79384138132446 1.10103794955648 1.57787561556324 1.0106333468575 1.43979787593707 1.00909152557142 0.988748158793896 1.20784053462557 0 1.41454840009101 1.30295681464486 1.29144245572388 1.03304806421511 1.87014847062528 1.24665690190159 1.37764789792709 1.39666713424958 1.10601294226944 1.62850831937976 1.7762386505492 1.43566753086634 1.40754268364981 1.48946903226897
1.61706472886726 1.83806864148937 1.51654495345429 1.40103813121095 0.947546626674011 1.87970102205873 0.984919005073607 1.30841756775044 1.65278602624312 1.28502297122031 1.13907685293816 1.55034540500492 1.34615670703351 1.67833376885392 1.87550724158064 1.41454840009101 0 1.10838367370889 1.10560666932724 1.49452146305703 1.42618901305832 1.14429242140613 1.89118537702598 1.22003780724481 0.969502003164962 1.04027461865917 1.1370047442615 1.79466486070305 1.57803260022774 1.50436886097305
1.32666882080957 1.47210233495571 1.57250649458729 1.04806761094369 1.00102023873478 1.02003774233162 1.56951558240689 0.976485807448626 1.62843952793628 1.70945530990139 1.11088454327546 1.63623037701473 1.23748245299794 1.49353400245309 1.49575594905764 1.30295681464486 1.10838367370889 0 1.87391879735515 1.155369047774 1.12007648427971 1.2261591933202 1.68368834559806 1.50681480020285 0.918823634972796 1.18008889071643 0.948800469283015 1.43067873106338 1.41141082951799 0.964705835562199
1.81657152017578 1.01713481545448 1.4851999534294 1.02961156144738 1.25142896268517 1.66687990981154 1.64709379384294 1.85975189739838 1.12530654692091 1.01634877501056 1.71341723552905 1.54941506753676 1.76830505602993 1.74228162528016 1.52112601231784 1.29144245572388 1.10560666932724 1.87391879735515 0 1.35127399559133 1.58419393422082 1.10500413458794 1.08057095529512 1.41501626744866 0.968586016912013 1.29145723837428 1.37403878639452 1.02105541946366 1.63296588812955 1.46975016244687
1.49004585458897 1.81888588378206 1.38858670531772 1.15584558947012 1.06906634569168 1.6544803539291 1.26095551578328 1.43996373214759 1.11944412905723 1.77423947164789 1.71673224773258 1.34373817429878 1.65882359724492 1.72473971708678 1.42971266526729 1.03304806421511 1.49452146305703 1.155369047774 1.35127399559133 0 1.30904282606207 1.53296241723001 1.11756930500269 1.17601550021209 1.34188209543936 1.43936299392954 1.56433297810145 1.20617771334946 1.40739381290041 1.2689539717976
1.07737452257425 1.30334727908485 1.63901800522581 1.58052476262674 1.6002276642248 1.80319986259565 1.49601433752105 1.66538232006133 1.88474068068899 0.918241603765637 1.76976858777925 1.61838492681272 1.72765609668568 1.43017147807404 1.72149596503004 1.87014847062528 1.42618901305832 1.12007648427971 1.58419393422082 1.30904282606207 0 1.0760294534266 1.04189657745883 1.59729036083445 1.56292018597014 1.47406863071956 1.87327870749868 1.28382899588905 1.56501130457036 1.03505410766229
1.32592104421929 1.12422009464353 1.22877017315477 1.22481328831054 1.67154102749191 1.5821917199064 1.7842823008541 1.20880636502989 1.30141062312759 1.26564055401832 1.6297843712382 1.66536626010202 1.45977386995219 1.3402108817827 1.23668523156084 1.24665690190159 1.14429242140613 1.2261591933202 1.10500413458794 1.53296241723001 1.0760294534266 0 0.928549020085484 1.13536593131721 1.0437433803454 1.68027125904337 1.80264376685955 1.34009044105187 0.926466926001012 1.62938180193305
1.77072144323029 1.6019116579555 1.16045312909409 1.0365237458609 1.75427154893987 1.54877107753418 1.84749382711016 1.55644786008634 1.44829351408407 1.54097304493189 1.68528064480051 1.50291995191947 1.72838271781802 1.13644058350474 1.50431177881546 1.37764789792709 1.89118537702598 1.68368834559806 1.08057095529512 1.11756930500269 1.04189657745883 0.928549020085484 0 1.42476456984878 1.35608888184652 1.60349439992569 0.99470516294241 1.82717966102064 1.2000053783413 1.2254473392386
1.79945280449465 1.87486316310242 1.50485939229839 1.59777634800412 1.00394661468454 1.62535214447416 1.53431621473283 1.59805294312537 0.919576543616131 1.34328490984626 0.999957734486088 1.80957285314798 0.997808618238196 1.69693175936118 1.46436247392558 1.39666713424958 1.22003780724481 1.50681480020285 1.41501626744866 1.17601550021209 1.59729036083445 1.13536593131721 1.42476456984878 0 1.79949631937779 1.69744502450339 1.55438790726475 1.03005740907975 1.70419231033884 1.47478820104152
1.59901089523919 0.986890432890505 1.46237804181874 1.85115870903246 0.915304773021489 1.50012358557433 1.11204928322695 1.33737247926183 1.71696898480877 1.28024209383875 0.987680901540443 0.9183396815788 1.42893540090881 1.81801252649166 1.65853920113295 1.10601294226944 0.969502003164962 0.918823634972796 0.968586016912013 1.34188209543936 1.56292018597014 1.0437433803454 1.35608888184652 1.79949631937779 0 0.98754237126559 1.42972609703429 1.80517475260422 1.49202298559248 1.13275657780468
1.35498835355975 1.38197290897369 1.55876599322073 1.01394160906784 1.65566723956726 1.2670734920539 1.29535083007067 1.54408620903268 0.940333436243236 1.74584004073404 1.41442313231528 1.76807122048922 0.94842483708635 0.997315513668582 1.74804467265494 1.62850831937976 1.04027461865917 1.18008889071643 1.29145723837428 1.43936299392954 1.47406863071956 1.68027125904337 1.60349439992569 1.69744502450339 0.98754237126559 0 1.49575194041245 1.58452179841697 1.20092825172469 0.943276333622634
1.77665362413973 1.81764399283566 1.55801337608136 1.02881145454012 1.75100931036286 1.55683967494406 1.60249607078731 1.48256977275014 1.77956456015818 1.14299984415993 1.39255626127124 1.24520962242968 1.78324282472022 1.41492193355225 1.08269684179686 1.7762386505492 1.1370047442615 0.948800469283015 1.37403878639452 1.56433297810145 1.87327870749868 1.80264376685955 0.99470516294241 1.55438790726475 1.42972609703429 1.49575194041245 0 0.98027101252228 1.34941920218989 1.4373167231679
1.58205072931014 1.84858353645541 1.2482534670271 1.63580783409998 1.90486961207353 1.51668408885598 0.931281692348421 1.22495953389443 1.52559157996438 1.0067969490774 1.79218273563311 0.939936082810163 1.6356463667471 0.99848564574495 1.7668606240768 1.43566753086634 1.79466486070305 1.43067873106338 1.02105541946366 1.20617771334946 1.28382899588905 1.34009044105187 1.82717966102064 1.03005740907975 1.80517475260422 1.58452179841697 0.98027101252228 0 0.973504121182486 1.09812210546806
1.66872577299364 0.936571373371407 1.01027609687299 1.57313396479003 1.0048519980628 1.37519443966448 1.68629741552286 1.26256165513769 1.14941852190532 1.28837391943671 1.65428848727606 1.67846141918562 1.02473644004203 0.955658516846597 1.19512505992316 1.40754268364981 1.57803260022774 1.41141082951799 1.63296588812955 1.40739381290041 1.56501130457036 0.926466926001012 1.2000053783413 1.70419231033884 1.49202298559248 1.20092825172469 1.34941920218989 0.973504121182486 0 1.52392058074474
1.43083416693844 1.55020501674153 1.42972532822751 1.16294770757668 1.52244582306594 1.38834669534117 1.13226422830485 1.85114337224513 1.28407417982817 1.33414080902003 1.18634665315039 1.47855316242203 1.00785230961628 1.74293739534914 1.77574939210899 1.48946903226897 1.50436886097305 0.964705835562199 1.46975016244687 1.2689539717976 1.03505410766229 1.62938180193305 1.2254473392386 1.47478820104152 1.13275657780468 0.943276333622634 1.4373167231679 1.09812210546806 1.52392058074474 0
