0 1.44219530839473 1.77562286518514 1.60438308934681 1.0947524625808 1.89736142964102 1.691011097515 1.47127952286974 1.32030399446376 1.16662777052261 1.36752666835673 1.52632272499613 1.73761744587682 1.63557439530268 1.89418953796849 0.974756092065945 1.53530775266699 1.23660272965208 1.36472065979615 0.929874837398529 1.85864828201011 1.76186846522614 1.30121039669029 0.936360264662653 1.52720953780226 1.55552556458861 1.63032694673166 1.4298583806958 1.5278377213981 1.53948419424705
1.44219530839473 0 1.63428555987775 1.53397262352519 1.31826961040497 1.68286923621781 1.15326358866878 1.6857315315865 1.29342250782065 1.42790764570236 1.58115277509205 1.7036689191591 1.74956090771593 1.15129163698293 1.81152110220864 1.67164019378833 1.03836848819628 1.34649741346948 1.3321684463881 1.33347763679922 1.35656345728785 1.46212376165204 1.55888923094608 1.092657917412 1.38726787967607 1.83765172143467 1.90339137963019 1.45628150948323 1.11417385097593 1.01391465985216
1.77562286518514 1.63428555987775 0 1.44998771883547 1.26453484571539 1.52117020078003 1.87256573303603 1.17881155246869 0.994790163589641 1.72349395626225 1.68731091893278 0.987395856762305 1.09355423296802 1.08699368103407 1.42178933671676 1.49370467406698 1.62907659914345 0.984381274320185 1.5626038799528 1.51754609588534 1.25681555178016 1.23305216920562 1.31502591143362 0.995235076639801 1.41123778605834 1.24916380248033 1.06968458439223 0.993028929457068 1.26587119884789 0.984904291573912
1.60438308934681 1.53397262352519 1.44998771883547 0 1.459668695461 1.05492107034661 1.65064887353219 1.71349458186887 1.55565794953145 1.80907611222938 1.47458190424368 1.07851403346285 1.72043207613751 1.72568037128076 1.04148423695005 1.22449573758058 1.74284335901029 1.57152564940043 1.15046967775561 1.23530700383708 1.84298904635943 1.5681111922022 0.959594955202192 1.85407111444511 1.14512811647728 1.00150909880176 1.06446508388035 1.03869336284697 1.60483934590593 1.66818823083304
1.0947524625808 1.31826961040497 1.26453484571539 1.459668695461 0 1.8954963509459 1.3074112131726 1.46367065492086 1.05930378008634 1.71681129559875 1.60334525164217 1.30950459302403 1.0532682875637 1.06051470688544 0.913493845844641 1.18288992228918 1.17018336453475 1.75197778316215 0.945172504056245 0.969450272619724 1.7844033704605 1.59140781802125 1.32543505378999 1.67689206730574 1.20700667239726 1.24517382308841 1.34206939628348 1.90732506592758 1.03525673737749 0.945855429628864
1.89736142964102 1.68286923621781 1.52117020078003 1.05492107034661 1.8954963509459 0 1.35310758743435 1.7401864817366 1.35011513717473 1.23557061119936 1.70239089475945 1.28544131736271 1.25746125727892 1.62943173549138 1.53146609710529 1.62977403937839 1.0885245022364 1.16969061363488 1.64292687620036 1.86866193404421 0.956419591326267 1.59313487145118 1.22357440530322 1.32961193006486 1.06629505520687 1.05783687508665 1.90368090313859 1.69035337259993 1.45749394129962 1.12525563547388
1.691011097515 1.15326358866878 1.87256573303603 1.65064887353219 1.3074112131726 1.35310758743435 0 1.0895922111813 0.93102791486308 1.31419773609377 1.1858604834415 1.43684992473572 1.80032009095885 1.8466931162402 1.09134641196579 0.925388980424032 1.42552373022772 1.82512373430654 1.41727307927795 1.46535863913596 1.32269408111461 1.08974028122611 1.03167127678171 1.30800707614981 1.13002774887718 1.74039596645162 1.90511079784483 1.10243480233476 1.6730030705221 0.991022936999798
1.47127952286974 1.6857315315865 1.17881155246869 1.71349458186887 1.46367065492086 1.7401864817366 1.0895922111813 0 1.15236623235978 1.30101710278541 1.04514040169306 1.82868571183644 1.06971312407404 1.24462491041049 1.28535679052584 1.61149031762034 1.8576197149232 1.2400638051331 1.22140210843645 1.7955237373244 1.18744004820473 1.83885494968854 1.45807431498542 0.964032562449574 1.63006585882977 1.36818476137705 1.78445336595178 1.51706741563976 1.7784056912642 1.72382225655019
1.32030399446376 1.29342250782065 0.994790163589641 1.55565794953145 1.05930378008634 1.35011513717473 0.93102791486308 1.15236623235978 0 1.23116920865141 1.00936369807459 1.86355962511152 1.51755639421754 0.915665201377124 1.12563537643291 1.00400812271982 1.10553346038796 1.11271355696954 1.71982430317439 1.88468959834427 0.913289744639769 1.74005822977051 1.22916856594384 1.60873011383228 1.36463698837906 1.08610418718308 1.5550584543962 1.85570484260097 1.61379284248687 1.50630078953691
1.16662777052261 1.42790764570236 1.72349395626225 1.80907611222938 1.71681129559875 1.23557061119936 1.31419773609377 1.30101710278541 1.23116920865141 0 1.86088665481657 1.8610967011191 1.02484720759094 1.08282488724217 1.9002268796321 1.57140102284029 1.2914926353842 1.84420442488045 1.7142191734165 1.1425310280174 1.10029974067584 1.50173273659311 1.39817375130951 1.52312774257734 1.60029633087106 1.19708597939461 1.84444438875653 1.09652964537963 0.958929351298138 1.8894176275935
1.36752666835673 1.58115277509205 1.68731091893278 1.47458190424368 1.60334525164217 1.70239089475945 1.1858604834415 1.04514040169306 1.00936369807459 1.86088665481657 0 1.64009065879509 1.3131108880043 1.39491052599624 1.25806500972249 1.30222043325193 1.72787534398958 1.61614110553637 1.03525768313557 1.5833615034353 1.17802756442688 1.17676417273469 1.10830762865953 1.730593778193 1.33106704708189 1.7480862417724 1.8891920952592 1.66706675384194 1.89259481686167 1.50459527224302
1.52632272499613 1.7036689191591 0.987395856762305 1.07851403346285 1.30950459302403 1.28544131736271 1.43684992473572 1.82868571183644 1.86355962511152 1.8610967011191 1.64009065879509 0 1.57059326954186 1.61356796580367 1.29189225123264 0.995458640391007 1.0746686309576 1.09942520549521 1.08643893012777 1.34431816847064 1.05142458993942 1.74613097449765 1.12096381164156 1.32682196912356 1.02736848476343 1.19335973542184 1.27831680723466 1.1570763415657 1.0439813984558 1.63212442584336
1.73761744587682 1.74956090771593 1.09355423296802 1.72043207613751 1.0532682875637 1.25746125727892 1.80032009095885 1.06971312407404 1.51755639421754 1.02484720759094 1.3131108880043 1.57059326954186 0 1.41262651700526 1.45295064803213 1.04909740481526 1.54813180677593 0.958506201859564 1.64421656448394 1.67273556278087 0.995204130420461 1.26690255803987 1.79562572087161 1.00346240401268 1.46404955838807 1.73212147923186 1.7268561986275 0.942122499458492 1.05550599261187 1.79449014109559
1.63557439530268 1.15129163698293 1.08699368103407 1.72568037128076 1.06051470688544 1.62943173549138 1.8466931162402 1.24462491041049 0.915665201377124 1.08282488724217 1.39491052599624 1.61356796580367 1.41262651700526 0 1.15769484383054 1.30128909205087 1.53100909176283 1.8943264640402 1.23639025003649 1.5719497106038 1.46785251819529 1.50731381238438 1.42845314135775 1.30535341030918 1.22394682117738 1.31487546837889 1.39411636674777 0.953775064786896 1.40200686641037 1.33710200758651
1.89418953796849 1.81152110220864 1.42178933671676 1.04148423695005 0.913493845844641 1.53146609710529 1.09134641196579 1.28535679052584 1.12563537643291 1.9002268796321 1.25806500972249 1.29189225123264 1.45295064803213 1.15769484383054 0 1.07486690930091 1.76402211119421 1.56911156605929 1.84347366192378 1.70455312775448 1.73637862713076 1.40062517044134 1.40581286302768 1.23018291709013 1.39311573281884 1.28450948302634 1.40480764978565 1.80143297230825 1.64541731402278 0.97337359469384
0.974756092065945 1.67164019378833 1.49370467406698 1.22449573758058 1.18288992228918 1.62977403937839 0.925388980424032 1.61149031762034 1.00400812271982 1.57140102284029 1.30222043325193 0.995458640391007 1.04909740481526 1.30128909205087 1.07486690930091 0 1.77653660578653 1.47836846625432 0.912839370546862 1.09764746902511 1.67489815154113 1.87514114193618 1.48206083918922 1.76550060510635 1.90384602919221 1.37316064815968 1.83104495774023 1.10437909211032 1.58602451626211 1.55051388172433
1.53530775266699 1.03836848819628 1.62907659914345 1.74284335901029 1.17018336453475 1.0885245022364 1.42552373022772 1.8576197149232 1.10553346038796 1.2914926353842 1.72787534398958 1.0746686309576 1.54813180677593 1.53100909176283 1.76402211119421 1.77653660578653 0 1.35637523490004 1.64691114914604 1.64296049415134 0.946495186071843 0.988725777249783 1.33379510510713 1.38615708542056 1.51193632022478 1.41290762671269 1.03462699288502 1.6651357493829 1.66641372791491 1.57775742933154
1.23660272965208 1.34649741346948 0.984381274320185 1.57152564940043 1.75197778316215 1.16969061363488 1.82512373430654 1.2400638051331 1.11271355696954 1.84420442488045 1.61614110553637 1.09942520549521 0.958506201859564 1.8943264640402 1.56911156605929 1.47836846625432 1.35637523490004 0 1.27205547480844 1.09098766278476 1.28258177777752 1.02579632424749 1.36234081233852 1.7972738542594 1.05301726213656 0.924724735552445 1.00272334017791 1.28494753292762 1.08880657353438 1.87114660139196
1.36472065979615 1.3321684463881 1.5626038799528 1.15046967775561 0.945172504056245 1.64292687620036 1.41727307927795 1.22140210843645 1.71982430317439 1.7142191734165 1.03525768313557 1.08643893012777 1.64421656448394 1.23639025003649 1.84347366192378 0.912839370546862 1.64691114914604 1.27205547480844 0 1.3198626015801 1.46430084342137 1.82614530948922 1.60417581652291 1.2309241197072 1.35303062642924 1.02982393652201 1.88292542565614 1.02567704324611 1.18950010417029 1.73384056985378
0.929874837398529 1.33347763679922 1.51754609588534 1.23530700383708 0.969450272619724 1.86866193404421 1.46535863913596 1.7955237373244 1.88468959834427 1.1425310280174 1.5833615034353 1.34431816847064 1.67273556278087 1.5719497106038 1.70455312775448 1.09764746902511 1.64296049415134 1.09098766278476 1.3198626015801 0 1.25815873453394 0.984765991102904 1.48124468442984 1.81291053676978 1.35041719698347 1.2294335574843 1.06821393710561 1.82714926428162 1.13304837024771 1.61976206419058
1.85864828201011 1.35656345728785 1.25681555178016 1.84298904635943 1.7844033704605 0.956419591326267 1.32269408111461 1.18744004820473 0.913289744639769 1.10029974067584 1.17802756442688 1.05142458993942 0.995204130420461 1.46785251819529 1.73637862713076 1.67489815154113 0.946495186071843 1.28258177777752 1.46430084342137 1.25815873453394 0 0.979896212462336 1.19803597708233 1.39024863694794 1.28418679861352 1.40409853751771 1.07384525751695 1.05460724257864 1.68213092978112 1.50966912251897
1.76186846522614 1.46212376165204 1.23305216920562 1.5681111922022 1.59140781802125 1.59313487145118 1.08974028122611 1.83885494968854 1.74005822977051 1.50173273659311 1.17676417273469 1.74613097449765 1.26690255803987 1.50731381238438 1.40062517044134 1.87514114193618 0.988725777249783 1.02579632424749 1.82614530948922 0.984765991102904 0.979896212462336 0 1.44643429014832 1.53488850407302 1.11147499829531 1.58685442176647 1.5359924803488 1.77297334652394 1.11259666155092 1.84130160091445
1.30121039669029 1.55888923094608 1.31502591143362 0.959594955202192 1.32543505378999 1.22357440530322 1.03167127678171 1.45807431498542 1.22916856594384 1.39817375130951 1.10830762865953 1.12096381164156 1.79562572087161 1.42845314135775 1.40581286302768 1.48206083918922 1.33379510510713 1.36234081233852 1.60417581652291 1.48124468442984 1.19803597708233 1.44643429014832 0 1.44851361564361 1.48308975971304 1.51333799120039 0.935829021735117 1.19010271085426 0.941588811809197 1.02025649533607
0.936360264662653 1.092657917412 0.995235076639801 1.85407111444511 1.67689206730574 1.32961193006486 1.30800707614981 0.964032562449574 1.60873011383228 1.52312774257734 1.730593778193 1.32682196912356 1.00346240401268 1.30535341030918 1.23018291709013 1.76550060510635 1.38615708542056 1.7972738542594 1.2309241197072 1.81291053676978 1.39024863694794 1.53488850407302 1.44851361564361 0 1.53349411790259 1.24622526648454 1.67091570561752 1.7917109944392 0.913729766616598 0.921286390163004
1.52720953780226 1.38726787967607 1.41123778605834 1.14512811647728 1.20700667239726 1.06629505520687 1.13002774887718 1.63006585882977 1.36463698837906 1.60029633087106 1.33106704708189 1.02736848476343 1.46404955838807 1.22394682117738 1.39311573281884 1.90384602919221 1.51193632022478 1.05301726213656 1.35303062642924 1.35041719698347 1.28418679861352 1.11147499829531 1.48308975971304 1.53349411790259 0 1.01771169877611 1.83869715523906 0.95889067882672 1.12100665247999 1.00563200446777
1.55552556458861 1.83765172143467 1.24916380248033 1.00150909880176 1.24517382308841 1.05783687508665 1.74039596645162 1.36818476137705 1.08610418718308 1.19708597939461 1.7480862417724 1.19335973542184 1.73212147923186 1.31487546837889 1.28450948302634 1.37316064815968 1.41290762671269 0.924724735552445 1.02982393652201 1.2294335574843 1.40409853751771 1.58685442176647 1.51333799120039 1.24622526648454 1.01771169877611 0 1.87876601074822 1.49548917938955 1.71445242245682 1.30265734763816
1.63032694673166 1.90339137963019 1.06968458439223 1.06446508388035 1.34206939628348 1.90368090313859 1.90511079784483 1.78445336595178 1.5550584543962 1.84444438875653 1.8891920952592 1.27831680723466 1.7268561986275 1.39411636674777 1.40480764978565 1.83104495774023 1.03462699288502 1.00272334017791 1.88292542565614 1.06821393710561 1.07384525751695 1.5359924803488 0.935829021735117 1.67091570561752 1.83869715523906 1.87876601074822 0 0.942723046289757 0.942193387076259 1.45295237982646
1.4298583806958 1.45628150948323 0.993028929457068 1.03869336284697 1.90732506592758 1.69035337259993 1.10243480233476 1.51706741563976 1.85570484260097 1.09652964537963 1.66706675384194 1.1570763415657 0.942122499458492 0.953775064786896 1.80143297230825 1.10437909211032 1.6651357493829 1.28494753292762 1.02567704324611 1.82714926428162 1.05460724257864 1.77297334652394 1.19010271085426 1.7917109944392 0.95889067882672 1.49548917938955 0.942723046289757 0 1.41544656804763 1.14259326364845
1.5278377213981 1.11417385097593 1.26587119884789 1.60483934590593 1.03525673737749 1.45749394129962 1.6730030705221 1.7784056912642 1.61379284248687 0.958929351298138 1.89259481686167 1.0439813984558 1.05550599261187 1.40200686641037 1.64541731402278 1.58602451626211 1.66641372791491 1.08880657353438 1.18950010417029 1.13304837024771 1.68213092978112 1.11259666155092 0.941588811809197 0.913729766616598 1.12100665247999 1.71445242245682 0.942193387076259 1.41544656804763 0 1.66257652454078
1.53948419424705 1.01391465985216 0.984904291573912 1.66818823083304 0.945855429628864 1.12525563547388 0.991022936999798 1.72382225655019 1.50630078953691 1.8894176275935 1.50459527224302 1.63212442584336 1.79449014109559 1.33710200758651 0.97337359469384 1.55051388172433 1.57775742933154 1.87114660139196 1.73384056985378 1.61976206419058 1.50966912251897 1.84130160091445 1.02025649533607 0.921286390163004 1.00563200446777 1.30265734763816 1.45295237982646 1.14259326364845 1.66257652454078 0
