0 1.52589092310518 1.73263711528853 1.52455187914893 1.52054916624911 1.87338600377552 1.57689064880833 0.946712278295308 1.44813017034903 1.85729895159602 1.1863691394683 1.90704518579878 1.58215621835552 1.53506842697971 1.10712590161711 0.955926361028105 0.998477795626968 1.19123130408116 1.59610764984973 1.05870673595928 1.85003195237368 1.76540220715106 1.07479663030244 1.91906883427873 1.32529146783054 1.2499100996647 1.47281037340872 1.02304735197686 1.89239863678813 1.76500947261229
1.52589092310518 0 1.77704920899123 1.89813444879837 1.02650736714713 0.968779334332794 1.74332092120312 1.41997296037152 1.04804462729953 1.93733485345729 1.15904852980748 1.25236019911245 1.42731013614684 1.71203103964217 1.69253790006042 1.82648255396634 1.32160248258151 1.38626258587465 1.84723908500746 1.52604923467152 1.5829844775144 1.33157749916427 1.92383643658832 1.02034425409511 1.56723870756105 0.947667186846957 1.3573038931936 0.958146891091019 1.00405808934011 1.69582469249144
1.73263711528853 1.77704920899123 0 1.6875013532117 1.86413321970031 0.975524948909879 1.05771457985975 1.49015304003842 1.29550191061571 1.41331074736081 1.72162722679786 1.05649373028427 1.6989438124001 1.87353938049637 1.25493988161907 1.08927014702931 1.08294478291646 1.22851439076476 1.34535151580349 1.35070195235312 1.22497560456395 1.79643869074062 1.5828614262864 1.19633250473998 1.64660516590811 1.18273385544308 1.4959883952979 1.42239137366414 1.92571918270551 1.87948698247783
1.52455187914893 1.89813444879837 1.6875013532117 0 1.5834103343077 1.23452415876091 1.25950461719185 1.72729058610275 1.77976894099265 1.0910569622647 1.36787668080069 1.05122295068577 1.52751367655583 0.959710363531485 1.63032287615351 1.31111114798114 1.51887321891263 1.40414143772796 1.64213210879825 1.68353810347617 1.56119185429998 1.57949224649929 1.57545885862783 1.43668451090343 1.70670462329872 1.48987864470109 1.41971458215266 1.80092738685198 1.51100937067531 1.20286409580149
1.52054916624911 1.02650736714713 1.86413321970031 1.5834103343077 0 1.59233234962448 0.985867512412369 1.83618011558428 1.5468083510641 1.93572955857962 1.20030111656524 1.43967409362085 1.79679387086071 1.90402863780037 1.21241114335135 1.16800584550947 1.76996125676669 1.57922513294034 1.34366573649459 1.81954372953624 1.34694661409594 1.57559576095082 1.39594972552732 1.14226116472855 1.04892240348272 1.93617374752648 1.88833073666319 1.11886809160933 1.15835028444417 1.32394170365296
1.87338600377552 0.968779334332794 0.975524948909879 1.23452415876091 1.59233234962448 0 1.55995131260715 1.66082539246418 1.8786236140877 1.38969421805814 1.27854015887715 1.01565148727968 1.46708379290067 1.12901708576828 1.71542360191233 1.34032263886184 1.16199234337546 1.3932691400405 1.82066627475433 1.83585633500479 1.20019634719938 1.60344446916133 1.35127390525304 0.954656423069537 1.16496918257326 1.26843228098005 1.12897589779459 1.75452199066058 1.67496735602617 1.13952200929634
1.57689064880833 1.74332092120312 1.05771457985975 1.25950461719185 0.985867512412369 1.55995131260715 0 1.43182163010351 0.979168607154861 1.41774373361841 1.40896319458261 1.1227978207171 1.43851717980579 1.49478801712394 1.033989966847 1.91554291336797 1.75674614263698 1.56899337400682 1.63391180243343 1.62262080353685 1.38287939527072 1.79822801006958 1.35763630340807 1.85962218628265 1.34018499567173 1.284845281858 1.2213706637267 1.17633724003099 1.00929948315024 1.23066269024275
0.946712278295308 1.41997296037152 1.49015304003842 1.72729058610275 1.83618011558428 1.66082539246418 1.43182163010351 0 1.69067847006954 1.91506080050021 1.86259384406731 1.59185766032897 1.12576184328645 1.2448570986744 1.07053622812964 0.946214032359421 1.40022506262176 1.52429606369697 1.67524760402739 1.50761612295173 1.63366686273366 1.62586088385433 1.1346974989865 1.57600088953041 1.74684068746865 1.00173253729008 1.37511103623547 1.47106605791487 1.41787342028692 1.45211909944192
1.44813017034903 1.04804462729953 1.29550191061571 1.77976894099265 1.5468083510641 1.8786236140877 0.979168607154861 1.69067847006954 0 1.58807111019269 1.01202928042039 1.0929954922758 1.518151672557 1.02373250364326 1.73347864742391 1.04112941678613 1.11193974455819 1.90779006294906 1.69477698300034 1.91288777184673 1.70619019446895 1.79156899917871 1.93241608235985 1.04101281566545 1.89600066747516 1.61690450180322 1.15891643660143 1.72329578874633 1.30430948128924 1.81473082304001
1.85729895159602 1.93733485345729 1.41331074736081 1.0910569622647 1.93572955857962 1.38969421805814 1.41774373361841 1.91506080050021 1.58807111019269 0 1.51121291751042 1.50452527939342 1.01949087576941 1.19531874661334 1.82615646277554 1.55450463132001 1.76154679479077 1.76571952854283 1.93819089396857 1.05906120035797 1.89875266584568 1.33111476362683 1.55949017824605 1.56112402537838 1.89770119613968 1.16631572158076 1.5984511191491 1.47905750456266 1.74615230388008 0.996414159424603
1.1863691394683 1.15904852980748 1.72162722679786 1.36787668080069 1.20030111656524 1.27854015887715 1.40896319458261 1.86259384406731 1.01202928042039 1.51121291751042 0 1.52049110014923 1.58027324848808 1.75150274578482 1.13575375499204 1.39577114651911 1.599964390276 0.947449517436326 1.59588378597982 1.90177666163072 0.955144120613113 1.67377582890913 1.75283264881 1.76076982822269 1.43026100681163 1.19834621390328 1.41009772312827 1.06878152792342 1.03568802773952 1.37316060299054
1.90704518579878 1.25236019911245 1.05649373028427 1.05122295068577 1.43967409362085 1.01565148727968 1.1227978207171 1.59185766032897 1.0929954922758 1.50452527939342 1.52049110014923 0 1.79218963929452 1.92283162591048 1.09896086133085 1.73905833857134 1.82923880312592 1.78933102218434 1.38051125756465 1.24941982282326 1.6380567017477 1.15690398775041 1.63666667765938 1.3824242556002 1.77117075864226 1.30881581548601 1.93000189564191 1.54782313178293 1.29759422596544 1.43040015245788
1.58215621835552 1.42731013614684 1.6989438124001 1.52751367655583 1.79679387086071 1.46708379290067 1.43851717980579 1.12576184328645 1.518151672557 1.01949087576941 1.58027324848808 1.79218963929452 0 1.81243811990134 1.3751318170689 1.0211768313311 1.17967315413989 1.74182506417856 1.48128055874258 1.49132947414182 1.24685255740769 1.7377882131841 0.969821522012353 1.63330423505977 1.34157323115505 1.61266874242574 1.85123528586701 1.45887668500654 1.23400130053051 1.35023513436317
1.53506842697971 1.71203103964217 1.87353938049637 0.959710363531485 1.90402863780037 1.12901708576828 1.49478801712394 1.2448570986744 1.02373250364326 1.19531874661334 1.75150274578482 1.92283162591048 1.81243811990134 0 1.86761147226207 1.04427138878964 0.980166352586821 1.59415230946615 1.81409481051378 1.25410202192143 1.64137182105333 1.39434151235037 1.31137314857915 1.26487848465331 1.66326784901321 1.86309078056365 1.05252372520044 1.63264331710525 1.01829087268561 1.09636151324958
1.10712590161711 1.69253790006042 1.25493988161907 1.63032287615351 1.21241114335135 1.71542360191233 1.033989966847 1.07053622812964 1.73347864742391 1.82615646277554 1.13575375499204 1.09896086133085 1.3751318170689 1.86761147226207 0 1.89386596693657 1.47826183517464 1.90615610848181 1.69538617390208 1.81108734128065 1.85159334167838 1.20226894691586 1.80728978756815 1.62987395888194 1.49233693815768 1.22665671934374 1.84729652176611 1.72878200863488 1.29063979815692 1.68119012448005
0.955926361028105 1.82648255396634 1.08927014702931 1.31111114798114 1.16800584550947 1.34032263886184 1.91554291336797 0.946214032359421 1.04112941678613 1.55450463132001 1.39577114651911 1.73905833857134 1.0211768313311 1.04427138878964 1.89386596693657 0 1.15094949887134 1.94433084083721 1.04928719368763 1.15469657257199 1.29964159941301 1.8750320142135 1.43513273168355 1.27284331247211 1.0046823611483 0.984797442099079 1.08181644440629 1.64054134511389 1.73168249498121 1.14286375395022
0.998477795626968 1.32160248258151 1.08294478291646 1.51887321891263 1.76996125676669 1.16199234337546 1.75674614263698 1.40022506262176 1.11193974455819 1.76154679479077 1.599964390276 1.82923880312592 1.17967315413989 0.980166352586821 1.47826183517464 1.15094949887134 0 0.960656299255788 1.82594809657894 1.62612111773342 1.48329622973688 1.6963615375571 1.59761571744457 1.35497123654932 1.82788737374358 1.29701877967454 1.00316108902916 0.998274739133194 1.17092300322838 1.75201564258896
1.19123130408116 1.38626258587465 1.22851439076476 1.40414143772796 1.57922513294034 1.3932691400405 1.56899337400682 1.52429606369697 1.90779006294906 1.76571952854283 0.947449517436326 1.78933102218434 1.74182506417856 1.59415230946615 1.90615610848181 1.94433084083721 0.960656299255788 0 1.77185860159807 1.35523878550157 1.48274093191139 0.981823937734589 1.66175413201563 1.22702698293142 1.77887517213821 1.13068484002724 1.94346165168099 0.995040636276826 1.62477109069005 1.32048843405209
1.59610764984973 1.84723908500746 1.34535151580349 1.64213210879825 1.34366573649459 1.82066627475433 1.63391180243343 1.67524760402739 1.69477698300034 1.93819089396857 1.59588378597982 1.38051125756465 1.48128055874258 1.81409481051378 1.69538617390208 1.04928719368763 1.82594809657894 1.77185860159807 0 1.5326203648001 1.5434619311709 1.60228493739851 1.91813500784338 1.24279094091617 1.61716921837069 1.65495552006178 1.78683811915107 1.61777970101684 1.06750732986256 1.38358679483645
1.05870673595928 1.52604923467152 1.35070195235312 1.68353810347617 1.81954372953624 1.83585633500479 1.62262080353685 1.50761612295173 1.91288777184673 1.05906120035797 1.90177666163072 1.24941982282326 1.49132947414182 1.25410202192143 1.81108734128065 1.15469657257199 1.62612111773342 1.35523878550157 1.5326203648001 0 1.17906919540837 1.72300056344829 1.76248367852531 1.21685949526727 1.21816479158588 1.7478972862009 1.30109188123606 1.67839797050692 0.963614106411114 0.963697772938758
1.85003195237368 1.5829844775144 1.22497560456395 1.56119185429998 1.34694661409594 1.20019634719938 1.38287939527072 1.63366686273366 1.70619019446895 1.89875266584568 0.955144120613113 1.6380567017477 1.24685255740769 1.64137182105333 1.85159334167838 1.29964159941301 1.48329622973688 1.48274093191139 1.5434619311709 1.17906919540837 0 1.13289417233318 1.78273343364708 1.26109848544002 1.88753504981287 1.93696051649749 1.34451354527846 1.91893322672695 0.965073836734518 1.92881141416728
1.76540220715106 1.33157749916427 1.79643869074062 1.57949224649929 1.57559576095082 1.60344446916133 1.79822801006958 1.62586088385433 1.79156899917871 1.33111476362683 1.67377582890913 1.15690398775041 1.7377882131841 1.39434151235037 1.20226894691586 1.8750320142135 1.6963615375571 0.981823937734589 1.60228493739851 1.72300056344829 1.13289417233318 0 1.32354101818055 1.20309490943328 1.25723058311269 1.01902489457279 1.43748402269557 1.61272783437744 1.76044376986101 1.39411266124807
1.07479663030244 1.92383643658832 1.5828614262864 1.57545885862783 1.39594972552732 1.35127390525304 1.35763630340807 1.1346974989865 1.93241608235985 1.55949017824605 1.75283264881 1.63666667765938 0.969821522012353 1.31137314857915 1.80728978756815 1.43513273168355 1.59761571744457 1.66175413201563 1.91813500784338 1.76248367852531 1.78273343364708 1.32354101818055 0 1.70538831059821 1.31534437835217 0.976169249741361 1.29011610033922 1.05500140483491 1.16369501291774 1.18984615523368
1.91906883427873 1.02034425409511 1.19633250473998 1.43668451090343 1.14226116472855 0.954656423069537 1.85962218628265 1.57600088953041 1.04101281566545 1.56112402537838 1.76076982822269 1.3824242556002 1.63330423505977 1.26487848465331 1.62987395888194 1.27284331247211 1.35497123654932 1.22702698293142 1.24279094091617 1.21685949526727 1.26109848544002 1.20309490943328 1.70538831059821 0 1.89544591587037 1.43832479440607 0.968181511154398 1.0831799285952 1.5903509517666 1.81068143364973
1.32529146783054 1.56723870756105 1.64660516590811 1.70670462329872 1.04892240348272 1.16496918257326 1.34018499567173 1.74684068746865 1.89600066747516 1.89770119613968 1.43026100681163 1.77117075864226 1.34157323115505 1.66326784901321 1.49233693815768 1.0046823611483 1.82788737374358 1.77887517213821 1.61716921837069 1.21816479158588 1.88753504981287 1.25723058311269 1.31534437835217 1.89544591587037 0 1.84474155982025 1.14261658187024 1.69828843465075 1.84468404762447 1.90492102270946
1.2499100996647 0.947667186846957 1.18273385544308 1.48987864470109 1.93617374752648 1.26843228098005 1.284845281858 1.00173253729008 1.61690450180322 1.16631572158076 1.19834621390328 1.30881581548601 1.61266874242574 1.86309078056365 1.22665671934374 0.984797442099079 1.29701877967454 1.13068484002724 1.65495552006178 1.7478972862009 1.93696051649749 1.01902489457279 0.976169249741361 1.43832479440607 1.84474155982025 0 1.36921274731867 1.75400190008804 1.09184917761013 1.81691131740808
1.47281037340872 1.3573038931936 1.4959883952979 1.41971458215266 1.88833073666319 1.12897589779459 1.2213706637267 1.37511103623547 1.15891643660143 1.5984511191491 1.41009772312827 1.93000189564191 1.85123528586701 1.05252372520044 1.84729652176611 1.08181644440629 1.00316108902916 1.94346165168099 1.78683811915107 1.30109188123606 1.34451354527846 1.43748402269557 1.29011610033922 0.968181511154398 1.14261658187024 1.36921274731867 0 1.91742807277478 1.75960859213956 1.47348364302889
1.02304735197686 0.958146891091019 1.42239137366414 1.80092738685198 1.11886809160933 1.75452199066058 1.17633724003099 1.47106605791487 1.72329578874633 1.47905750456266 1.06878152792342 1.54782313178293 1.45887668500654 1.63264331710525 1.72878200863488 1.64054134511389 0.998274739133194 0.995040636276826 1.61777970101684 1.67839797050692 1.91893322672695 1.61272783437744 1.05500140483491 1.0831799285952 1.69828843465075 1.75400190008804 1.91742807277478 0 0.958635450107977 1.41901645739563
1.89239863678813 1.00405808934011 1.92571918270551 1.51100937067531 1.15835028444417 1.67496735602617 1.00929948315024 1.41787342028692 1.30430948128924 1.74615230388008 1.03568802773952 1.29759422596544 1.23400130053051 1.01829087268561 1.29063979815692 1.73168249498121 1.17092300322838 1.62477109069005 1.06750732986256 0.963614106411114 0.965073836734518 1.76044376986101 1.16369501291774 1.5903509517666 1.84468404762447 1.09184917761013 1.75960859213956 0.958635450107977 0 1.08355333819054
1.76500947261229 1.69582469249144 1.87948698247783 1.20286409580149 1.32394170365296 1.13952200929634 1.23066269024275 1.45211909944192 1.81473082304001 0.996414159424603 1.37316060299054 1.43040015245788 1.35023513436317 1.09636151324958 1.68119012448005 1.14286375395022 1.75201564258896 1.32048843405209 1.38358679483645 0.963697772938758 1.92881141416728 1.39411266124807 1.18984615523368 1.81068143364973 1.90492102270946 1.81691131740808 1.47348364302889 1.41901645739563 1.08355333819054 0
