0 1.48553366912529 1.84086009860039 1.54543640394695 1.80098137282766 1.05189930647612 1.69729402870871 1.20094334869646 1.41906401631422 1.05997679848224 1.43407830689102 1.83414755668491 1.55078619951382 1.24837690079585 1.75600673421286 1.39698428288102 1.46924468735233 1.05735831637867 1.09557102317922 1.22034743800759 1.5464484016411 1.22868794761598 1.55716962087899 1.7826912314631 1.8977636853233 1.95620361715555 1.44378371094353 1.69214815367013 1.57319353730418 1.45750892325304
1.48553366912529 0 1.91533039137721 1.8667940008454 1.12884094938636 0.993605227675289 1.03400992811657 1.37078102212399 1.72751914313994 1.03210471221246 1.81488998513669 1.8040808478836 1.0815088879317 1.94864135235548 1.55703808856197 1.01162519515492 1.04631238523871 1.38372907042503 1.70727123436518 1.93248364957981 1.32439018576406 1.34171789302491 1.66049677366391 1.05211225198582 0.9597317292355 1.62950238375925 1.25413690856658 1.72531391656958 1.26216564094648 0.989057959988713
1.84086009860039 1.91533039137721 0 1.66482133953832 1.61373031348921 1.65699138655327 1.53221368533559 1.61237686942331 1.58626199210994 1.67048760526814 1.90326536633074 1.65804780996405 1.7468203487806 1.32807445176877 1.58273636340164 1.44876898522489 1.487843436189 1.44711280427873 1.49866510205902 1.75605114479549 1.41415053443052 0.988077860558406 1.58327986020595 1.32801192277111 1.72984064090997 1.44220517389476 1.82689017895609 1.12140340614133 1.88632616144605 1.80149488174357
1.54543640394695 1.8667940008454 1.66482133953832 0 1.93700742674991 1.15673129959032 1.07089359965175 1.23258355655707 1.12450814363547 1.58472123229876 1.25268113729544 1.0842391026672 1.67752030608244 1.76099149975926 1.04482690361328 1.25883894809522 1.91740214452147 1.06539404718205 1.55265435273759 1.06342379376292 1.78687442257069 1.57089788815938 1.49836711981334 1.4103729587514 1.85170556255616 1.86156139476225 1.57802115078084 1.34512394363992 1.80956535181031 1.06378072267398
1.80098137282766 1.12884094938636 1.61373031348921 1.93700742674991 0 1.6340851734858 1.62052572751418 1.12589000421576 1.85799470799975 1.88407643837854 1.68280115351081 0.970977179706097 1.06159483059309 1.60794788203202 1.22332618199289 1.26740272622555 1.0180561314337 1.95522887888364 1.28608101420105 1.67355485726148 1.10403448925354 1.35389561532065 1.25889278785326 1.10599336004816 1.32320698606782 1.14601511787623 1.38786741485819 1.62165502691641 1.44944119523279 1.74624179955572
1.05189930647612 0.993605227675289 1.65699138655327 1.15673129959032 1.6340851734858 0 1.06919658253901 1.66429661074653 1.54246012470685 1.04224660852924 1.03576313494705 1.69193965545855 1.25340968556702 1.28402865002863 1.90247749048285 1.01913342182525 0.9832040569745 1.30300506320782 1.26977346930653 1.08226043521427 1.50061380304396 1.55017192824744 1.47457474772818 1.71073613944463 1.29047705791891 1.83299751742743 1.78163064923137 1.9494446022436 1.44941805209965 1.0812056788709
1.69729402870871 1.03400992811657 1.53221368533559 1.07089359965175 1.62052572751418 1.06919658253901 0 1.65170051227324 1.90446460433304 1.49698987673037 1.22550230915658 1.08048207918182 1.19120764546096 1.57892004563473 1.04510489595123 1.04157274309546 1.48905329592526 1.47919499524869 1.80694248410873 1.22888568276539 0.991943145170808 1.49414455797523 1.70489249727689 1.3451157102827 1.08933023177087 1.17949372646399 1.80258527817205 1.94147336529568 1.13812202867121 1.43547667260282
1.20094334869646 1.37078102212399 1.61237686942331 1.23258355655707 1.12589000421576 1.66429661074653 1.65170051227324 0 1.56170044559985 1.35848168283701 1.64525721292011 1.14793686685152 1.20507874456234 1.18330499739386 1.42350851092488 1.64129746216349 1.22081589885056 1.6725900080055 1.72523880749941 1.12854973087087 1.28160729818046 1.47703318553977 1.17435986641794 1.74114060029387 1.02789648668841 1.1763024602551 1.2856317916885 1.62650850135833 1.86760048242286 1.11238243826665
1.41906401631422 1.72751914313994 1.58626199210994 1.12450814363547 1.85799470799975 1.54246012470685 1.90446460433304 1.56170044559985 0 1.40547138289548 1.64868283527903 1.27659784583375 1.43559034704231 1.67612311965786 1.05934796249494 1.62743120174855 1.47077246918343 1.12440746789798 1.88877836894244 1.71709722373635 1.92043905006722 1.57759032677859 1.92529875435866 1.76186839374714 1.41390860732645 1.1517485936638 1.75261793821119 1.26433271029964 0.976280611939728 1.10351014207117
1.05997679848224 1.03210471221246 1.67048760526814 1.58472123229876 1.88407643837854 1.04224660852924 1.49698987673037 1.35848168283701 1.40547138289548 0 1.20680824504234 1.42175505496562 1.56901056366041 1.24105663504452 1.5626451394055 1.75792553741485 1.68825016147457 1.22866368014365 1.9121169410646 1.26995132141747 1.92846570443362 1.88180564483628 1.15577714052051 1.3092639669776 1.54132408159785 1.67950799455866 1.78350508934818 1.03939724038355 1.15578237804584 1.72377303661779
1.43407830689102 1.81488998513669 1.90326536633074 1.25268113729544 1.68280115351081 1.03576313494705 1.22550230915658 1.64525721292011 1.64868283527903 1.20680824504234 0 1.45797869726084 1.61207964550704 1.66274500824511 1.08895251573995 1.13953955983743 1.55886835581623 1.41229471680708 1.61578596150503 1.91720598540269 1.04805294796824 1.51417187834159 1.19311823439784 1.30187164572999 1.07668369775638 1.39282220718451 1.07048458210193 1.66759451222606 1.16961731738411 1.21887068659998
1.83414755668491 1.8040808478836 1.65804780996405 1.0842391026672 0.970977179706097 1.69193965545855 1.08048207918182 1.14793686685152 1.27659784583375 1.42175505496562 1.45797869726084 0 1.44654885935597 1.8540020135697 1.39945019874722 1.51097722235136 1.42355802329257 1.78318250621669 1.79565000557341 1.32283027400263 1.16599244065583 1.8478876054287 1.69655757211149 1.07213129382581 1.11062133964151 1.73949687904678 1.27371122315526 1.28731054067612 1.82615303318016 1.89572004065849
1.55078619951382 1.0815088879317 1.7468203487806 1.67752030608244 1.06159483059309 1.25340968556702 1.19120764546096 1.20507874456234 1.43559034704231 1.56901056366041 1.61207964550704 1.44654885935597 0 1.29234572895803 0.972410884918645 1.10832475079224 1.82132783858106 1.86125375819393 1.76546556991525 1.52118595037609 1.2497670231387 1.11998318252154 1.78950319811702 1.34937276900746 1.3287666561082 1.95725637115538 1.61045372323133 1.19458803418092 1.1248855390586 1.47459147754125
1.24837690079585 1.94864135235548 1.32807445176877 1.76099149975926 1.60794788203202 1.28402865002863 1.57892004563473 1.18330499739386 1.67612311965786 1.24105663504452 1.66274500824511 1.8540020135697 1.29234572895803 0 1.52766314265318 1.64023999590427 1.53139613149688 1.16384873003699 1.08403946296312 1.07454275316559 1.83357280888595 1.8985112272203 1.17135290848091 1.62392055639066 1.10318401851691 1.5718507533893 1.44089863146655 1.93415150744841 1.89541236311197 1.10459681646898
1.75600673421286 1.55703808856197 1.58273636340164 1.04482690361328 1.22332618199289 1.90247749048285 1.04510489595123 1.42350851092488 1.05934796249494 1.5626451394055 1.08895251573995 1.39945019874722 0.972410884918645 1.52766314265318 0 1.83984872186556 1.51001285086386 1.43953970936127 1.27582640154287 1.43837568536401 1.78303571557626 1.21676977653988 1.95066043897532 1.69001202704385 1.24866213696077 1.21946817729622 1.5955245194491 1.94681261945516 1.82345633860677 1.49223244818859
1.39698428288102 1.01162519515492 1.44876898522489 1.25883894809522 1.26740272622555 1.01913342182525 1.04157274309546 1.64129746216349 1.62743120174855 1.75792553741485 1.13953955983743 1.51097722235136 1.10832475079224 1.64023999590427 1.83984872186556 0 1.42996189580299 1.84674977022223 1.45271741133183 1.29157665511593 1.69514319370501 1.09965996141545 1.05432576453313 1.75050358241424 1.28249126975425 1.6368424675893 1.65696180681698 1.09997690771706 1.89464034372941 1.11739063775167
1.46924468735233 1.04631238523871 1.487843436189 1.91740214452147 1.0180561314337 0.9832040569745 1.48905329592526 1.22081589885056 1.47077246918343 1.68825016147457 1.55886835581623 1.42355802329257 1.82132783858106 1.53139613149688 1.51001285086386 1.42996189580299 0 1.88494153739884 1.65105298021808 1.84117639088072 1.00606357026845 1.56933326763101 1.76745320460759 1.19088169839233 1.82657713885419 1.30163049232215 1.10159554635175 0.966240545269102 1.66807271889411 1.42605981952511
1.05735831637867 1.38372907042503 1.44711280427873 1.06539404718205 1.95522887888364 1.30300506320782 1.47919499524869 1.6725900080055 1.12440746789798 1.22866368014365 1.41229471680708 1.78318250621669 1.86125375819393 1.16384873003699 1.43953970936127 1.84674977022223 1.88494153739884 0 1.38219059095718 1.32202743389644 1.23347840900533 1.87571509554982 1.25294407666661 1.27992072468624 1.78546360484324 1.49639102839865 1.60073202755302 1.93842540564947 1.11997981299646 1.60581058333628
1.09557102317922 1.70727123436518 1.49866510205902 1.55265435273759 1.28608101420105 1.26977346930653 1.80694248410873 1.72523880749941 1.88877836894244 1.9121169410646 1.61578596150503 1.79565000557341 1.76546556991525 1.08403946296312 1.27582640154287 1.45271741133183 1.65105298021808 1.38219059095718 0 1.00420240592211 1.58113065105863 1.62227253965102 1.31460770918056 1.39957098476589 1.04344966798089 1.34688401129097 1.29128983570263 1.47711321106181 1.71543240966275 1.16646521631628
1.22034743800759 1.93248364957981 1.75605114479549 1.06342379376292 1.67355485726148 1.08226043521427 1.22888568276539 1.12854973087087 1.71709722373635 1.26995132141747 1.91720598540269 1.32283027400263 1.52118595037609 1.07454275316559 1.43837568536401 1.29157665511593 1.84117639088072 1.32202743389644 1.00420240592211 0 1.35235335654579 1.63940409920178 1.27497089072131 1.15960953943431 0.999756327830255 1.80006929743104 1.4135586344637 1.65350625431165 1.07392767397687 1.92588584451005
1.5464484016411 1.32439018576406 1.41415053443052 1.78687442257069 1.10403448925354 1.50061380304396 0.991943145170808 1.28160729818046 1.92043905006722 1.92846570443362 1.04805294796824 1.16599244065583 1.2497670231387 1.83357280888595 1.78303571557626 1.69514319370501 1.00606357026845 1.23347840900533 1.58113065105863 1.35235335654579 0 1.59321895777248 1.10500431293622 1.47927915444598 1.06633594282903 1.68994946498424 1.64393409411423 1.26825681561604 1.91528821643442 1.59504882339388
1.22868794761598 1.34171789302491 0.988077860558406 1.57089788815938 1.35389561532065 1.55017192824744 1.49414455797523 1.47703318553977 1.57759032677859 1.88180564483628 1.51417187834159 1.8478876054287 1.11998318252154 1.8985112272203 1.21676977653988 1.09965996141545 1.56933326763101 1.87571509554982 1.62227253965102 1.63940409920178 1.59321895777248 0 1.60326532018371 1.76599435508251 1.10472311172634 1.15375569183379 1.33685154258274 1.85390059347264 1.05068108276464 1.83876267331652
1.55716962087899 1.66049677366391 1.58327986020595 1.49836711981334 1.25889278785326 1.47457474772818 1.70489249727689 1.17435986641794 1.92529875435866 1.15577714052051 1.19311823439784 1.69655757211149 1.78950319811702 1.17135290848091 1.95066043897532 1.05432576453313 1.76745320460759 1.25294407666661 1.31460770918056 1.27497089072131 1.10500431293622 1.60326532018371 0 1.17915359092876 1.54921424901113 1.65223718131892 1.04691307898611 1.91048007202335 1.08707872894593 1.88995276787318
1.7826912314631 1.05211225198582 1.32801192277111 1.4103729587514 1.10599336004816 1.71073613944463 1.3451157102827 1.74114060029387 1.76186839374714 1.3092639669776 1.30187164572999 1.07213129382581 1.34937276900746 1.62392055639066 1.69001202704385 1.75050358241424 1.19088169839233 1.27992072468624 1.39957098476589 1.15960953943431 1.47927915444598 1.76599435508251 1.17915359092876 0 1.26392358820885 1.53570096031763 1.84799690265208 1.58830532757565 1.45642878231592 1.82434445084073
1.8977636853233 0.9597317292355 1.72984064090997 1.85170556255616 1.32320698606782 1.29047705791891 1.08933023177087 1.02789648668841 1.41390860732645 1.54132408159785 1.07668369775638 1.11062133964151 1.3287666561082 1.10318401851691 1.24866213696077 1.28249126975425 1.82657713885419 1.78546360484324 1.04344966798089 0.999756327830255 1.06633594282903 1.10472311172634 1.54921424901113 1.26392358820885 0 0.980205717962235 1.18999038264155 1.41517423954792 1.03519958304241 1.29947505216114
1.95620361715555 1.62950238375925 1.44220517389476 1.86156139476225 1.14601511787623 1.83299751742743 1.17949372646399 1.1763024602551 1.1517485936638 1.67950799455866 1.39282220718451 1.73949687904678 1.95725637115538 1.5718507533893 1.21946817729622 1.6368424675893 1.30163049232215 1.49639102839865 1.34688401129097 1.80006929743104 1.68994946498424 1.15375569183379 1.65223718131892 1.53570096031763 0.980205717962235 0 1.12831732444465 1.0903391558677 1.48898447724059 1.36658140271902
1.44378371094353 1.25413690856658 1.82689017895609 1.57802115078084 1.38786741485819 1.78163064923137 1.80258527817205 1.2856317916885 1.75261793821119 1.78350508934818 1.07048458210193 1.27371122315526 1.61045372323133 1.44089863146655 1.5955245194491 1.65696180681698 1.10159554635175 1.60073202755302 1.29128983570263 1.4135586344637 1.64393409411423 1.33685154258274 1.04691307898611 1.84799690265208 1.18999038264155 1.12831732444465 0 1.90697007928975 1.30429143342189 1.24445978156291
1.69214815367013 1.72531391656958 1.12140340614133 1.34512394363992 1.62165502691641 1.9494446022436 1.94147336529568 1.62650850135833 1.26433271029964 1.03939724038355 1.66759451222606 1.28731054067612 1.19458803418092 1.93415150744841 1.94681261945516 1.09997690771706 0.966240545269102 1.93842540564947 1.47711321106181 1.65350625431165 1.26825681561604 1.85390059347264 1.91048007202335 1.58830532757565 1.41517423954792 1.0903391558677 1.90697007928975 0 1.34887673496269 1.12484807847068
1.57319353730418 1.26216564094648 1.88632616144605 1.80956535181031 1.44944119523279 1.44941805209965 1.13812202867121 1.86760048242286 0.976280611939728 1.15578237804584 1.16961731738411 1.82615303318016 1.1248855390586 1.89541236311197 1.82345633860677 1.89464034372941 1.66807271889411 1.11997981299646 1.71543240966275 1.07392767397687 1.91528821643442 1.05068108276464 1.08707872894593 1.45642878231592 1.03519958304241 1.48898447724059 1.30429143342189 1.34887673496269 0 1.28991188923828
1.45750892325304 0.989057959988713 1.80149488174357 1.06378072267398 1.74624179955572 1.0812056788709 1.43547667260282 1.11238243826665 1.10351014207117 1.72377303661779 1.21887068659998 1.89572004065849 1.47459147754125 1.10459681646898 1.49223244818859 1.11739063775167 1.42605981952511 1.60581058333628 1.16646521631628 1.92588584451005 1.59504882339388 1.83876267331652 1.88995276787318 1.82434445084073 1.29947505216114 1.36658140271902 1.24445978156291 1.12484807847068 1.28991188923828 0
