0 1.72131737484597 1.06402292265557 1.58903636340983 1.32250909181312 1.67285626125522 1.29959147935733 1.31147782085463 1.08618196076714 1.91818652371876 1.25514151738025 1.22600634908304 1.7206910692621 1.04645184054971 1.45652800775133 1.81863347929902 1.87057493650354 1.07487420341931 1.78011167910881 1.088038808899 0.987208056496456 1.14468825841323 1.63202391797677 1.71120958053507 1.65063714538701 1.43525542318821 1.8142492256593 1.66727871610783 1.90213482617401 1.94245657068677
1.72131737484597 0 1.56765362294391 1.93249366641976 1.89862249605358 1.05125765991397 1.71555051207542 1.63506573461927 1.6699426160194 1.28468030528165 1.74861691356637 1.63548954506405 1.05904506030492 1.19067453988828 1.57017814530991 1.89204218937084 1.84739731252193 1.34137849812396 1.77481984905899 1.55081824585795 1.08514469815418 1.86700041010045 1.31424971716478 1.02857652609237 1.37850163108669 1.70590331451967 1.18348062597215 1.63969907257706 1.93926792498678 1.90101692685857
1.06402292265557 1.56765362294391 0 1.6788826379925 1.08941791765392 0.964074182324111 0.990062440978363 1.86443564901128 1.71132780401967 1.90476882411167 0.993381265085191 1.58634146931581 1.31509725819342 1.44865945074707 1.55037774564698 1.88761427486315 1.44449742604047 1.82655709795654 1.15528229484335 1.4163192040287 1.41246780869551 1.75352017511614 1.36298841587268 1.49346230691299 0.966513874940574 1.47067725472152 1.55055928207003 1.06246833130717 1.25139445671812 1.90414972184226
1.58903636340983 1.93249366641976 1.6788826379925 0 1.56899179518223 1.60618372401223 1.41940456978045 1.28140483354218 1.1432568829041 1.1471738582477 1.15743476222269 1.86390783917159 1.26758178626187 1.37512284121476 1.84128399728797 1.48647762439214 1.43313737632707 1.68015031772666 1.58023787266575 1.92895510955714 1.36015338706784 1.94466442521662 1.49861573497765 1.59275384084322 1.44239385193214 1.4010508263018 1.42757267691195 1.87664250214584 1.112091840012 1.82118243072182
1.32250909181312 1.89862249605358 1.08941791765392 1.56899179518223 0 1.42459883284755 1.24414264387451 1.40547991311178 1.62577360798605 1.51087421318516 1.08028835384175 1.72285142843612 1.4402412569616 1.18131689704023 1.2651250725612 1.43844446842559 1.48500057659112 1.04568905988708 1.49778390419669 1.62607934023254 1.80319858551957 1.64264121605083 0.966363857965916 1.89712149137631 1.47036021319218 1.15372046106495 1.30545367766172 1.82429618062451 1.64290685439482 1.34161119558848
1.67285626125522 1.05125765991397 0.964074182324111 1.60618372401223 1.42459883284755 0 1.20710487058386 1.63356730085798 1.80551062012091 1.58453051000834 1.10161266499199 1.2900334848091 1.30468476610258 1.66550200153142 1.02346652233973 1.67572780861519 1.10572062642314 1.64794549066573 1.3785344066564 1.23452725959942 1.01422673068009 1.36618704092689 1.17362077301368 1.06088074017316 1.7003538319841 1.88428247487172 1.24458893900737 1.13220342528075 1.12376494915225 0.991953617427498
1.29959147935733 1.71555051207542 0.990062440978363 1.41940456978045 1.24414264387451 1.20710487058386 0 1.4517148132436 1.42128090537153 1.7783799842 1.13615427608602 1.52536930306815 1.75162641238421 1.13828143011779 1.70932403719053 1.80117044225335 1.57132736104541 1.94906543963589 1.48342324350961 1.9172541780863 1.81956840935163 1.6197500100825 1.8981660134159 1.05105288559571 1.49331488483585 1.35260870936327 1.58446658006869 1.40733991400339 1.12381673511118 1.33651627670042
1.31147782085463 1.63506573461927 1.86443564901128 1.28140483354218 1.40547991311178 1.63356730085798 1.4517148132436 0 1.41864397353493 1.87774036219344 0.965051715029404 1.43492919323035 1.04171279259026 1.52702954947017 1.67709604464471 1.60185832949355 1.05249693384394 1.82329504517838 1.69671870279126 1.43128864630125 1.47507549799047 1.69452629424632 1.40758464182727 0.965274205431342 1.71651965170167 1.26103961118497 1.5620333685074 1.23036654060706 1.8842441921588 1.13423321233131
1.08618196076714 1.6699426160194 1.71132780401967 1.1432568829041 1.62577360798605 1.80551062012091 1.42128090537153 1.41864397353493 0 1.49946616194211 1.92975556617603 1.37629597564228 1.93435965711251 1.1475583249703 1.45491075864993 1.87247382453643 1.32475341623649 1.82030362589285 0.984916995977983 1.36017312761396 1.02095622033812 1.00420980621129 1.0705647196155 1.61746305343695 1.32960732607171 1.61872934130952 1.45490304590203 1.77374953217804 1.64835697715171 1.6704190063756
1.91818652371876 1.28468030528165 1.90476882411167 1.1471738582477 1.51087421318516 1.58453051000834 1.7783799842 1.87774036219344 1.49946616194211 0 1.45453997165896 1.36595745570958 1.54741372936405 1.6029153149575 1.34361632936634 1.8761227496434 1.126102268463 1.08414461906068 1.36187851801515 1.69043513806537 1.86157205956988 1.28499224386178 1.60745276580565 1.42702800757252 1.17858357960358 1.89197531808168 0.960780443390831 1.17636761255562 1.8943301003892 1.35763071477413
1.25514151738025 1.74861691356637 0.993381265085191 1.15743476222269 1.08028835384175 1.10161266499199 1.13615427608602 0.965051715029404 1.92975556617603 1.45453997165896 0 1.20250395522453 1.81673200801015 1.85502999508753 1.72596656740643 1.83263370790519 1.28138178796507 0.99253372522071 1.53076660307124 1.45803408022039 1.71708331117406 1.06314692995511 1.47417730186135 1.93032592046075 1.11894734739326 1.94543125131167 1.18628747272305 1.87068475899287 1.60484435129911 1.29535179398954
1.22600634908304 1.63548954506405 1.58634146931581 1.86390783917159 1.72285142843612 1.2900334848091 1.52536930306815 1.43492919323035 1.37629597564228 1.36595745570958 1.20250395522453 0 1.38867667340674 1.63762657297775 1.40253271674737 1.18076549167745 1.18246746505611 1.69106825510971 1.67546838452108 1.47535530594178 1.86755025805905 1.56975038861856 1.50542673515156 1.2001739826519 1.12399231269956 0.972316893050447 1.8567114577163 1.02889527729712 1.61607928317972 1.53894593054429
1.7206910692621 1.05904506030492 1.31509725819342 1.26758178626187 1.4402412569616 1.30468476610258 1.75162641238421 1.04171279259026 1.93435965711251 1.54741372936405 1.81673200801015 1.38867667340674 0 1.57846879214048 1.29254250065424 1.73008697130717 1.08245314285159 1.57287874398753 1.0058505279012 1.28133433824405 1.38817803119309 1.56819259165786 1.16755628515966 1.18670075573027 1.52856979239732 0.971610117238015 1.83800774533302 1.77917550643906 1.53809739695862 1.59152789716609
1.04645184054971 1.19067453988828 1.44865945074707 1.37512284121476 1.18131689704023 1.66550200153142 1.13828143011779 1.52702954947017 1.1475583249703 1.6029153149575 1.85502999508753 1.63762657297775 1.57846879214048 0 1.71591849788092 1.43516309303232 1.55351533624344 1.70802956307307 1.95260769990273 0.9742237967439 1.60362536623143 1.4573509732727 1.59745595208369 1.67192300618626 1.19466687203385 1.48593270569108 1.36252401862293 1.86334545304999 1.28438105084933 1.81875293096527
1.45652800775133 1.57017814530991 1.55037774564698 1.84128399728797 1.2651250725612 1.02346652233973 1.70932403719053 1.67709604464471 1.45491075864993 1.34361632936634 1.72596656740643 1.40253271674737 1.29254250065424 1.71591849788092 0 1.9104960472323 0.964029100025073 1.33731329906732 1.93355285841972 1.46290582115762 1.29735213704407 1.21499665919691 1.32618555636145 1.6564344430808 1.34754823707044 1.54343843786046 1.4205791244749 1.81001140247099 1.78253013943322 1.31510952441022
1.81863347929902 1.89204218937084 1.88761427486315 1.48647762439214 1.43844446842559 1.67572780861519 1.80117044225335 1.60185832949355 1.87247382453643 1.8761227496434 1.83263370790519 1.18076549167745 1.73008697130717 1.43516309303232 1.9104960472323 0 1.43136825133115 1.93388166511431 1.39679232402705 1.28426718572155 1.52549047232606 1.00743842939846 1.94065835839137 1.88659786339849 1.31480682850815 1.4832384318579 1.79916550777853 1.62334949872456 1.06578748370521 1.31920204684138
1.87057493650354 1.84739731252193 1.44449742604047 1.43313737632707 1.48500057659112 1.10572062642314 1.57132736104541 1.05249693384394 1.32475341623649 1.126102268463 1.28138178796507 1.18246746505611 1.08245314285159 1.55351533624344 0.964029100025073 1.43136825133115 0 1.18446537666023 1.88502217759378 1.66547395242378 1.32288048113696 0.996383945224807 1.15728414733894 1.78394653717987 1.47736280364916 1.83439061534591 1.87209293292835 1.78411404090002 1.45487723103724 1.02247968525626
1.07487420341931 1.34137849812396 1.82655709795654 1.68015031772666 1.04568905988708 1.64794549066573 1.94906543963589 1.82329504517838 1.82030362589285 1.08414461906068 0.99253372522071 1.69106825510971 1.57287874398753 1.70802956307307 1.33731329906732 1.93388166511431 1.18446537666023 0 1.29086227621883 1.33622902142815 1.33049174863845 0.986771424300969 1.32943879649974 1.75406830362044 1.89626354142092 1.50293707568198 1.31226240587421 1.87673833873123 1.14238797058351 1.6393695352599
1.78011167910881 1.77481984905899 1.15528229484335 1.58023787266575 1.49778390419669 1.3785344066564 1.48342324350961 1.69671870279126 0.984916995977983 1.36187851801515 1.53076660307124 1.67546838452108 1.0058505279012 1.95260769990273 1.93355285841972 1.39679232402705 1.88502217759378 1.29086227621883 0 1.50792705500498 1.67053809226491 1.93659303337336 1.55471303709783 1.06732100434601 1.14480179990642 1.63756713527255 1.0875265467912 1.04903281899169 1.62662462308072 1.21097950288095
1.088038808899 1.55081824585795 1.4163192040287 1.92895510955714 1.62607934023254 1.23452725959942 1.9172541780863 1.43128864630125 1.36017312761396 1.69043513806537 1.45803408022039 1.47535530594178 1.28133433824405 0.9742237967439 1.46290582115762 1.28426718572155 1.66547395242378 1.33622902142815 1.50792705500498 0 1.28056170418859 1.22774217301048 1.83671086211689 1.94699436775409 1.10213891742751 1.10933552845381 1.44510557572357 1.82425099611282 1.2373401268851 1.53823594166897
0.987208056496456 1.08514469815418 1.41246780869551 1.36015338706784 1.80319858551957 1.01422673068009 1.81956840935163 1.47507549799047 1.02095622033812 1.86157205956988 1.71708331117406 1.86755025805905 1.38817803119309 1.60362536623143 1.29735213704407 1.52549047232606 1.32288048113696 1.33049174863845 1.67053809226491 1.28056170418859 0 1.02727683936246 1.22302941023372 1.76679559773766 1.80065629188903 1.74920021183789 1.35720170522109 1.14376973616891 1.58953764033504 1.85699494183064
1.14468825841323 1.86700041010045 1.75352017511614 1.94466442521662 1.64264121605083 1.36618704092689 1.6197500100825 1.69452629424632 1.00420980621129 1.28499224386178 1.06314692995511 1.56975038861856 1.56819259165786 1.4573509732727 1.21499665919691 1.00743842939846 0.996383945224807 0.986771424300969 1.93659303337336 1.22774217301048 1.02727683936246 0 1.82521760137752 1.12264073290862 1.6557097483892 1.20324910292402 1.89263322204351 1.51710555865429 1.65772289177403 1.64245554688387
1.63202391797677 1.31424971716478 1.36298841587268 1.49861573497765 0.966363857965916 1.17362077301368 1.8981660134159 1.40758464182727 1.0705647196155 1.60745276580565 1.47417730186135 1.50542673515156 1.16755628515966 1.59745595208369 1.32618555636145 1.94065835839137 1.15728414733894 1.32943879649974 1.55471303709783 1.83671086211689 1.22302941023372 1.82521760137752 0 1.65319788362831 1.05251616495661 1.73842805461027 1.5196123237256 1.68314102501608 1.41974933166057 1.53278347756714
1.71120958053507 1.02857652609237 1.49346230691299 1.59275384084322 1.89712149137631 1.06088074017316 1.05105288559571 0.965274205431342 1.61746305343695 1.42702800757252 1.93032592046075 1.2001739826519 1.18670075573027 1.67192300618626 1.6564344430808 1.88659786339849 1.78394653717987 1.75406830362044 1.06732100434601 1.94699436775409 1.76679559773766 1.12264073290862 1.65319788362831 0 1.77510993834585 1.27278254367411 1.12273864727467 1.62802537204698 1.13260844745673 1.77171396114863
1.65063714538701 1.37850163108669 0.966513874940574 1.44239385193214 1.47036021319218 1.7003538319841 1.49331488483585 1.71651965170167 1.32960732607171 1.17858357960358 1.11894734739326 1.12399231269956 1.52856979239732 1.19466687203385 1.34754823707044 1.31480682850815 1.47736280364916 1.89626354142092 1.14480179990642 1.10213891742751 1.80065629188903 1.6557097483892 1.05251616495661 1.77510993834585 0 1.37260623904876 1.31532763037831 1.53896991745569 1.66647112905048 1.92316843639128
1.43525542318821 1.70590331451967 1.47067725472152 1.4010508263018 1.15372046106495 1.88428247487172 1.35260870936327 1.26103961118497 1.61872934130952 1.89197531808168 1.94543125131167 0.972316893050447 0.971610117238015 1.48593270569108 1.54343843786046 1.4832384318579 1.83439061534591 1.50293707568198 1.63756713527255 1.10933552845381 1.74920021183789 1.20324910292402 1.73842805461027 1.27278254367411 1.37260623904876 0 1.6143360924907 1.65716725541279 1.21599686029367 1.81538113649003
1.8142492256593 1.18348062597215 1.55055928207003 1.42757267691195 1.30545367766172 1.24458893900737 1.58446658006869 1.5620333685074 1.45490304590203 0.960780443390831 1.18628747272305 1.8567114577163 1.83800774533302 1.36252401862293 1.4205791244749 1.79916550777853 1.87209293292835 1.31226240587421 1.0875265467912 1.44510557572357 1.35720170522109 1.89263322204351 1.5196123237256 1.12273864727467 1.31532763037831 1.6143360924907 0 1.35971617116593 1.00448787538335 1.05875050532632
1.66727871610783 1.63969907257706 1.06246833130717 1.87664250214584 1.82429618062451 1.13220342528075 1.40733991400339 1.23036654060706 1.77374953217804 1.17636761255562 1.87068475899287 1.02889527729712 1.77917550643906 1.86334545304999 1.81001140247099 1.62334949872456 1.78411404090002 1.87673833873123 1.04903281899169 1.82425099611282 1.14376973616891 1.51710555865429 1.68314102501608 1.62802537204698 1.53896991745569 1.65716725541279 1.35971617116593 0 1.81103119975887 1.63017200143076
1.90213482617401 1.93926792498678 1.25139445671812 1.112091840012 1.64290685439482 1.12376494915225 1.12381673511118 1.8842441921588 1.64835697715171 1.8943301003892 1.60484435129911 1.61607928317972 1.53809739695862 1.28438105084933 1.78253013943322 1.06578748370521 1.45487723103724 1.14238797058351 1.62662462308072 1.2373401268851 1.58953764033504 1.65772289177403 1.41974933166057 1.13260844745673 1.66647112905048 1.21599686029367 1.00448787538335 1.81103119975887 0 1.72411679802462
1.94245657068677 1.90101692685857 1.90414972184226 1.82118243072182 1.34161119558848 0.991953617427498 1.33651627670042 1.13423321233131 1.6704190063756 1.35763071477413 1.29535179398954 1.53894593054429 1.59152789716609 1.81875293096527 1.31510952441022 1.31920204684138 1.02247968525626 1.6393695352599 1.21097950288095 1.53823594166897 1.85699494183064 1.64245554688387 1.53278347756714 1.77171396114863 1.92316843639128 1.81538113649003 1.05875050532632 1.63017200143076 1.72411679802462 0
