0 1.35284852562472 1.75664657913148 1.30510429362766 1.78517169086263 0.974721880862489 1.28079248708673 1.21334954770282 1.30566183617339 1.04219427076168 1.65578702278435 1.42095990316011 1.86741555668414 1.69622198399156 1.73938581370749 1.33031193655916 1.69216138008051 1.92777392175049 1.05912529607303 1.24830554332584 1.72228349628858 1.78073855373077 1.02025615423918 1.47449871874414 1.13055715733208 1.41432056343183 1.70222920691594 1.7314577139914 1.41941039008088 1.50919941184111
1.35284852562472 0 1.3399219980929 1.21090964996256 1.18376652384177 1.24935854203068 1.74205542937852 1.32973853079602 1.88438991736621 1.94161507533863 0.983809166122228 1.77054807380773 1.41113564907573 1.66000587609597 1.79991523409262 1.47259315685369 1.94007866946049 1.46917064138688 1.1476520022843 1.0094944157172 1.62616318417713 1.20678057265468 1.68491810420528 1.70450874371454 1.32215462555178 1.6034910841845 1.310339841526 1.1791158542037 1.09475584700704 1.21689375839196
1.75664657913148 1.3399219980929 0 1.65122863999568 1.05073175532743 1.34901237371378 1.01855076709762 1.85454985848628 1.22022912255488 1.44438483868726 1.77949080127291 1.09348012180999 1.03757131425664 1.57062347768806 1.40764335496351 1.78468371368945 1.14262174232863 1.11496186908334 1.92478522425517 1.79674376221374 1.16049518808722 1.06345106451772 1.66240464732982 1.86767961736768 1.36018971493468 1.13651627884246 1.382640611846 1.40779631189071 1.8426437091548 1.43823719513603
1.30510429362766 1.21090964996256 1.65122863999568 0 1.40004816232249 1.55101285385899 1.75375775620341 1.44568868121132 1.06514862854965 1.38248032960109 1.364983222913 1.10163125256076 1.55480135930702 1.47831768495962 1.4563883561641 1.68454090552405 1.5803815361578 1.40828233212233 1.47383447317407 1.63959880592301 1.86939457780682 1.47879695077427 1.31212396477349 1.48593930108473 1.51183034153655 1.02355829835869 1.93936227657832 1.73930477327667 1.81126631703228 1.21683050203137
1.78517169086263 1.18376652384177 1.05073175532743 1.40004816232249 0 0.953916358062997 1.12484408728778 1.37965387222357 0.956926925806329 1.0058946243953 1.62161505850963 1.49509475869127 1.86066604475491 0.956217243568972 1.86931070615537 1.55657750321552 1.60612243274227 1.56039417698048 1.93207647115923 1.5520666949451 1.15358974435367 1.59372803708538 1.9479830970522 1.05228992504999 1.37391843553632 1.93933563190512 1.3895360995084 1.55087489145808 1.32740665716119 1.92795274103992
0.974721880862489 1.24935854203068 1.34901237371378 1.55101285385899 0.953916358062997 0 1.13142762356438 1.09037910797633 1.69798796041869 1.72267438401468 1.41482936823741 1.68787620449439 1.50151837826706 1.45828553591855 1.0930469064042 1.35519940685481 1.65094866533764 1.41035644523799 1.56809141649865 1.09895980963483 1.21564839803614 1.25167342321947 0.994066738989204 1.54335403814912 1.093016827479 1.88962439959869 1.01068506320007 0.996053701965138 1.33835274260491 1.65810310537927
1.28079248708673 1.74205542937852 1.01855076709762 1.75375775620341 1.12484408728778 1.13142762356438 0 0.979378928430378 1.80813600518741 1.19002748234197 1.79156758147292 1.13585902168415 1.43344117724337 1.58969029411674 1.36232709349133 1.85229280870408 1.3799810805358 1.72342110122554 1.1334990512114 1.9265728937462 1.07077646558173 1.51611508126371 1.8613862383645 1.83229998475872 1.79977989918552 1.92058262927458 1.07007126300596 1.63318269257434 1.83076956612058 1.28087139222771
1.21334954770282 1.32973853079602 1.85454985848628 1.44568868121132 1.37965387222357 1.09037910797633 0.979378928430378 0 1.79478984815069 1.7450981172733 1.25506793754175 1.81078084977344 1.39328198297881 1.67791504436173 1.63182036532089 1.45540874009021 1.22795356949791 1.32777496729977 1.2076926024165 0.953752412460744 1.69565408513881 1.84372059185989 1.82158346008509 1.78973060916178 1.79888462251984 1.02288225316443 1.61861480469815 1.31370596052147 1.81125606247224 1.5927656700369
1.30566183617339 1.88438991736621 1.22022912255488 1.06514862854965 0.956926925806329 1.69798796041869 1.80813600518741 1.79478984815069 0 1.51019350299612 1.47337549249642 1.37911062897183 1.0533151414711 1.15202796901576 1.0255871519912 1.38796492945403 1.84248139429837 1.38794941967353 1.68358706845902 1.83705092757009 1.30329793016426 1.94543861947022 1.35651090438478 1.27682456676848 1.04784505674616 1.58160293940455 1.00085061090067 1.63331276644021 1.71467960136943 1.88460000185296
1.04219427076168 1.94161507533863 1.44438483868726 1.38248032960109 1.0058946243953 1.72267438401468 1.19002748234197 1.7450981172733 1.51019350299612 0 1.69684871053323 0.983827372314408 1.42157521680929 1.76443715579808 1.2599015715532 1.85112825618125 1.68470128183253 1.04012505058199 1.95319894491695 1.24924694234505 1.29140131734312 1.00597148621455 1.22940070810728 1.33456404041499 1.82618343480863 1.89590471819974 1.72684837854467 1.83756896969862 1.72432172298431 0.994318314362317
1.65578702278435 0.983809166122228 1.77949080127291 1.364983222913 1.62161505850963 1.41482936823741 1.79156758147292 1.25506793754175 1.47337549249642 1.69684871053323 0 1.8595996752847 1.51168669993058 1.74672957905568 1.35941359447315 1.68591464310884 1.41220754105598 1.56785907084122 1.57308546383865 1.00054650870152 1.02823952701874 1.52415466797538 1.68163668434136 1.5858626535628 1.53547197743319 1.21383689017966 1.25849182507955 1.0730002282653 1.73133516474627 1.80907879699953
1.42095990316011 1.77054807380773 1.09348012180999 1.10163125256076 1.49509475869127 1.68787620449439 1.13585902168415 1.81078084977344 1.37911062897183 0.983827372314408 1.8595996752847 0 0.966475324705243 1.40471687819809 1.70921186590567 1.8941976793576 1.28110000328161 1.47699637943879 0.985748406732455 1.38931765500456 1.75485862372443 1.57713371794671 1.03695205994882 1.17680215393193 1.36084579303861 1.57502483623102 1.28462626924738 1.33951734751463 1.90890402323566 0.987558241700754
1.86741555668414 1.41113564907573 1.03757131425664 1.55480135930702 1.86066604475491 1.50151837826706 1.43344117724337 1.39328198297881 1.0533151414711 1.42157521680929 1.51168669993058 0.966475324705243 0 1.75272160232998 1.73337656236254 1.30023517343216 1.57853037887253 1.02081194799393 1.2871512575075 1.91153076430783 1.15073235775344 1.13037103437819 1.7307300674729 1.32858665357344 1.71733166160993 1.42049389425665 1.31045974534936 1.48414630698971 1.71172847552225 1.23458436992951
1.69622198399156 1.66000587609597 1.57062347768806 1.47831768495962 0.956217243568972 1.45828553591855 1.58969029411674 1.67791504436173 1.15202796901576 1.76443715579808 1.74672957905568 1.40471687819809 1.75272160232998 0 1.6658785098698 1.3768021510914 1.5349379000254 1.55008023767732 1.8124105699826 1.35269804578274 1.46146965352818 1.46543526975438 1.71193036925979 1.91461152094416 1.65560559486039 1.60947221308015 0.964775211410597 1.57485788990743 1.14713033102453 1.13549930788577
1.73938581370749 1.79991523409262 1.40764335496351 1.4563883561641 1.86931070615537 1.0930469064042 1.36232709349133 1.63182036532089 1.0255871519912 1.2599015715532 1.35941359447315 1.70921186590567 1.73337656236254 1.6658785098698 0 1.91107919532806 1.49116417416371 1.6945828658063 1.05243547842838 1.53492503869347 0.989596229512244 0.992821197258309 1.00614819373004 1.50761458836496 1.0426607937552 1.52710243384354 1.56172669329681 1.73573751235381 1.26859311200678 1.4523038722109
1.33031193655916 1.47259315685369 1.78468371368945 1.68454090552405 1.55657750321552 1.35519940685481 1.85229280870408 1.45540874009021 1.38796492945403 1.85112825618125 1.68591464310884 1.8941976793576 1.30023517343216 1.3768021510914 1.91107919532806 0 1.09211390977725 1.0592585967388 1.78316867188551 1.92307631042786 1.63605366297998 1.03388814511709 1.34954412537627 1.36475923331454 1.61967559158802 1.66727180383168 1.93590996763669 1.86023997934535 1.94408638845198 1.60076650464907
1.69216138008051 1.94007866946049 1.14262174232863 1.5803815361578 1.60612243274227 1.65094866533764 1.3799810805358 1.22795356949791 1.84248139429837 1.68470128183253 1.41220754105598 1.28110000328161 1.57853037887253 1.5349379000254 1.49116417416371 1.09211390977725 0 1.64640596555546 1.50335355638526 1.15096297929995 1.04506692523137 1.14239611895755 1.58331690146588 1.85152809042484 1.47153339069337 1.75637721852399 1.11485851998441 1.07447321899235 1.17792151938193 1.29267885838635
1.92777392175049 1.46917064138688 1.11496186908334 1.40828233212233 1.56039417698048 1.41035644523799 1.72342110122554 1.32777496729977 1.38794941967353 1.04012505058199 1.56785907084122 1.47699637943879 1.02081194799393 1.55008023767732 1.6945828658063 1.0592585967388 1.64640596555546 0 1.19878619513474 1.05577151081525 1.32239586673677 1.12206459324807 1.0359269073233 1.79605407686904 0.97066290397197 1.12105642142706 1.22033766377717 1.06795087759383 1.73473752872087 1.5179538379889
1.05912529607303 1.1476520022843 1.92478522425517 1.47383447317407 1.93207647115923 1.56809141649865 1.1334990512114 1.2076926024165 1.68358706845902 1.95319894491695 1.57308546383865 0.985748406732455 1.2871512575075 1.8124105699826 1.05243547842838 1.78316867188551 1.50335355638526 1.19878619513474 0 1.32194506074302 1.60288344928995 1.06459643226117 1.73603060143068 1.17915496765636 0.968667486682534 1.6386374598369 1.48302474664524 1.76406292826869 1.81856361310929 1.3778837560676
1.24830554332584 1.0094944157172 1.79674376221374 1.63959880592301 1.5520666949451 1.09895980963483 1.9265728937462 0.953752412460744 1.83705092757009 1.24924694234505 1.00054650870152 1.38931765500456 1.91153076430783 1.35269804578274 1.53492503869347 1.92307631042786 1.15096297929995 1.05577151081525 1.32194506074302 0 1.08133905869909 1.45991289219819 1.12208347464912 1.69260004116222 1.29225249378942 1.75197149137966 1.43256604089402 1.64387675561011 1.38576844963245 1.76207144022919
1.72228349628858 1.62616318417713 1.16049518808722 1.86939457780682 1.15358974435367 1.21564839803614 1.07077646558173 1.69565408513881 1.30329793016426 1.29140131734312 1.02823952701874 1.75485862372443 1.15073235775344 1.46146965352818 0.989596229512244 1.63605366297998 1.04506692523137 1.32239586673677 1.60288344928995 1.08133905869909 0 1.57565731089562 1.25946191581897 1.08726989012212 1.61538339126855 1.52064420003444 1.15258955466561 1.39517419203185 1.57980303023942 1.57797600259073
1.78073855373077 1.20678057265468 1.06345106451772 1.47879695077427 1.59372803708538 1.25167342321947 1.51611508126371 1.84372059185989 1.94543861947022 1.00597148621455 1.52415466797538 1.57713371794671 1.13037103437819 1.46543526975438 0.992821197258309 1.03388814511709 1.14239611895755 1.12206459324807 1.06459643226117 1.45991289219819 1.57565731089562 0 1.8318698243238 1.09366829926148 1.49537561601028 1.80620466754772 0.998838684521616 1.38666368089616 1.30192475789227 1.8344485971611
1.02025615423918 1.68491810420528 1.66240464732982 1.31212396477349 1.9479830970522 0.994066738989204 1.8613862383645 1.82158346008509 1.35651090438478 1.22940070810728 1.68163668434136 1.03695205994882 1.7307300674729 1.71193036925979 1.00614819373004 1.34954412537627 1.58331690146588 1.0359269073233 1.73603060143068 1.12208347464912 1.25946191581897 1.8318698243238 0 1.90229967003688 1.89238378196023 1.71630417183042 1.53931641508825 1.19322213181295 1.82896666740999 1.5317188303452
1.47449871874414 1.70450874371454 1.86767961736768 1.48593930108473 1.05228992504999 1.54335403814912 1.83229998475872 1.78973060916178 1.27682456676848 1.33456404041499 1.5858626535628 1.17680215393193 1.32858665357344 1.91461152094416 1.50761458836496 1.36475923331454 1.85152809042484 1.79605407686904 1.17915496765636 1.69260004116222 1.08726989012212 1.09366829926148 1.90229967003688 0 1.77721383632161 1.64842716115527 1.62502748193219 1.06022202502936 1.06902020075358 1.33893658057787
1.13055715733208 1.32215462555178 1.36018971493468 1.51183034153655 1.37391843553632 1.093016827479 1.79977989918552 1.79888462251984 1.04784505674616 1.82618343480863 1.53547197743319 1.36084579303861 1.71733166160993 1.65560559486039 1.0426607937552 1.61967559158802 1.47153339069337 0.97066290397197 0.968667486682534 1.29225249378942 1.61538339126855 1.49537561601028 1.89238378196023 1.77721383632161 0 1.75071009714156 1.40992365567945 1.0143368979916 1.87931596720591 0.99026789306663
1.41432056343183 1.6034910841845 1.13651627884246 1.02355829835869 1.93933563190512 1.88962439959869 1.92058262927458 1.02288225316443 1.58160293940455 1.89590471819974 1.21383689017966 1.57502483623102 1.42049389425665 1.60947221308015 1.52710243384354 1.66727180383168 1.75637721852399 1.12105642142706 1.6386374598369 1.75197149137966 1.52064420003444 1.80620466754772 1.71630417183042 1.64842716115527 1.75071009714156 0 1.93688889406621 1.79389883973636 1.16950393933803 1.33233590354212
1.70222920691594 1.310339841526 1.382640611846 1.93936227657832 1.3895360995084 1.01068506320007 1.07007126300596 1.61861480469815 1.00085061090067 1.72684837854467 1.25849182507955 1.28462626924738 1.31045974534936 0.964775211410597 1.56172669329681 1.93590996763669 1.11485851998441 1.22033766377717 1.48302474664524 1.43256604089402 1.15258955466561 0.998838684521616 1.53931641508825 1.62502748193219 1.40992365567945 1.93688889406621 0 1.43201207485981 1.8740942585282 1.07613446819596
1.7314577139914 1.1791158542037 1.40779631189071 1.73930477327667 1.55087489145808 0.996053701965138 1.63318269257434 1.31370596052147 1.63331276644021 1.83756896969862 1.0730002282653 1.33951734751463 1.48414630698971 1.57485788990743 1.73573751235381 1.86023997934535 1.07447321899235 1.06795087759383 1.76406292826869 1.64387675561011 1.39517419203185 1.38666368089616 1.19322213181295 1.06022202502936 1.0143368979916 1.79389883973636 1.43201207485981 0 1.08076455863193 0.958012311719358
1.41941039008088 1.09475584700704 1.8426437091548 1.81126631703228 1.32740665716119 1.33835274260491 1.83076956612058 1.81125606247224 1.71467960136943 1.72432172298431 1.73133516474627 1.90890402323566 1.71172847552225 1.14713033102453 1.26859311200678 1.94408638845198 1.17792151938193 1.73473752872087 1.81856361310929 1.38576844963245 1.57980303023942 1.30192475789227 1.82896666740999 1.06902020075358 1.87931596720591 1.16950393933803 1.8740942585282 1.08076455863193 0 1.80484574986622
1.50919941184111 1.21689375839196 1.43823719513603 1.21683050203137 1.92795274103992 1.65810310537927 1.28087139222771 1.5927656700369 1.88460000185296 0.994318314362317 1.80907879699953 0.987558241700754 1.23458436992951 1.13549930788577 1.4523038722109 1.60076650464907 1.29267885838635 1.5179538379889 1.3778837560676 1.76207144022919 1.57797600259073 1.8344485971611 1.5317188303452 1.33893658057787 0.99026789306663 1.33233590354212 1.07613446819596 0.958012311719358 1.80484574986622 0
