0 1.1227952693589 1.63482814677991 1.12580285291187 1.01361078466289 1.78929840074852 1.07911703875288 1.61427972116508 1.09140812442638 1.18799360794947 1.83900398761034 1.72970987367444 1.28547796956263 1.70203134277835 1.37613237509504 1.22131153661758 1.38886933261529 1.39455591351725 1.31574913114309 1.59757707617246 1.03463682672009 1.9267355420161 1.14953661873005 1.12202389817685 1.60500868153758 1.07820510305464 1.35168276797049 1.03933785483241 1.76045149448328 1.9221993254032
1.1227952693589 0 1.23990787472576 1.55627273349091 1.7351610136684 1.58486593305133 0.979446835815907 1.41119247046299 1.58305168757215 0.981069601606578 1.13831776659936 1.92355502466671 1.44318502862006 1.61811988102272 1.62217826838605 1.96640908741392 1.55921221710742 1.2218863517046 1.33273364440538 1.56553457234986 1.11142646451481 1.89368358044885 1.53378671966493 1.57295618625358 1.6688677247148 1.06280676880851 1.90555718750693 1.852306796005 1.88153723324649 1.71551406546496
1.63482814677991 1.23990787472576 0 1.71336836484261 1.96973673650064 1.43110069842078 1.44069645251147 1.82093722117133 1.66543650766835 1.15250111930072 1.77193692955188 1.59699711366557 1.11747812549584 1.76977035379969 1.81820159009658 1.04487178474665 1.5153721680399 1.91880285437219 1.33471643808298 1.45875372551382 1.60425893426873 1.01099962648004 1.54359522135928 1.38219773862511 0.989451334346086 1.10155465616845 1.74606251344085 1.62126905284822 1.77831734297797 1.57482277601957
1.12580285291187 1.55627273349091 1.71336836484261 0 1.63734765560366 1.71086084772833 1.24744753702544 1.51247649639845 1.44001414533705 1.92611229675822 1.16621775878593 1.44694333197549 1.39420774113387 0.990378211019561 0.991171426372603 1.75833793450147 1.08750241994858 0.976485122228041 1.59348255721852 1.31823180499487 1.36579529917799 1.49466450023465 1.5961915536318 1.80988256144337 1.03561526583508 1.4872838424053 1.25985964410938 1.45118617615663 1.45643994933926 1.3219511017669
1.01361078466289 1.7351610136684 1.96973673650064 1.63734765560366 0 1.90388064552099 1.15283465618268 1.74402016121894 1.12222947203554 1.2737890125718 1.46069059870206 1.32889286056161 1.25564534566365 1.88956516701728 1.28098915913142 1.35549898957834 0.970544026698917 1.78466368862428 1.29310841858387 1.67332212883048 1.09349560691044 1.85923477751203 1.90547791309655 1.21515634283423 1.52432358660735 1.77156658936292 1.82983749057166 1.49471294647083 1.89363080449402 1.64115510205738
1.78929840074852 1.58486593305133 1.43110069842078 1.71086084772833 1.90388064552099 0 1.93448202754371 1.6511945920065 1.08001054567285 1.07144178380258 1.48719661077484 1.126414016122 1.2713198394049 1.82855857163668 1.37561478093266 1.62725736876018 1.79563242010772 1.30338676134124 1.09734345157631 0.987185371108353 1.749883787008 1.44371878635138 1.00203555310145 1.81844292231835 1.07341766403988 1.92946236371063 0.9867095684167 1.35033940291032 1.79387413035147 1.11769561306573
1.07911703875288 0.979446835815907 1.44069645251147 1.24744753702544 1.15283465618268 1.93448202754371 0 1.49631827510893 1.91951214405708 1.09966956428252 1.92278955201618 1.27237192681059 1.80323259788565 1.02329965052195 1.12582889967598 1.79532407037914 1.21554432460107 1.32339287945069 1.9038702249527 1.34922877396457 1.2403766347561 1.4501470841933 1.74588971491903 1.87743807584047 1.26488549239002 1.50529246241786 1.61605589371175 1.74130034819245 1.59087988757528 1.18431215593591
1.61427972116508 1.41119247046299 1.82093722117133 1.51247649639845 1.74402016121894 1.6511945920065 1.49631827510893 0 1.3864019496832 1.68181321723387 1.90630273171701 1.94943028641865 1.00951307360083 1.58892461634241 1.7239407831803 1.82127359881997 1.61352400155738 1.72095290827565 1.16235780296847 1.03144699428231 1.57501486735418 1.26455322513357 1.28498234320432 1.33074960368685 1.49036389659159 1.7713355566375 1.10745516559109 1.7820819017943 1.68977562151849 1.15099257952534
1.09140812442638 1.58305168757215 1.66543650766835 1.44001414533705 1.12222947203554 1.08001054567285 1.91951214405708 1.3864019496832 0 1.15739165642299 1.76911037112586 1.89689470035955 1.72166804946028 1.3564306916669 1.5295300274156 0.984176556812599 1.45783022395335 1.30007532984018 1.5330061474815 1.1170701996889 1.71996715688147 0.998973042471334 1.38511361344717 1.85778270359151 1.33027340681292 1.59954964788631 1.37134769908153 1.73734636348672 1.76616013748571 1.24779116222635
1.18799360794947 0.981069601606578 1.15250111930072 1.92611229675822 1.2737890125718 1.07144178380258 1.09966956428252 1.68181321723387 1.15739165642299 0 1.35769735625945 1.62310388381593 0.985665639862418 1.50041894195601 1.42943537584506 0.985339485807344 1.86069116089493 1.66903180629015 1.20583928585984 1.35277075110935 1.43264159513637 1.79672135249712 1.48795684031211 1.41371389711276 1.26543550263159 1.07585979229771 1.49750745249912 1.08532569580711 1.81501972978003 1.8861608505249
1.83900398761034 1.13831776659936 1.77193692955188 1.16621775878593 1.46069059870206 1.48719661077484 1.92278955201618 1.90630273171701 1.76911037112586 1.35769735625945 0 1.32256162329577 1.11619882797822 1.96974545391276 1.03006760287099 1.41423917771317 1.66734788101166 1.4476845418103 1.14199372893199 1.59948856174015 1.82927541667596 1.71307713305578 1.69832853460684 1.15266472054645 1.17085446300916 1.70986851863563 1.86462333565578 1.75808797753416 1.57772619626485 1.88882593298331
1.72970987367444 1.92355502466671 1.59699711366557 1.44694333197549 1.32889286056161 1.126414016122 1.27237192681059 1.94943028641865 1.89689470035955 1.62310388381593 1.32256162329577 0 1.00263864570297 1.07393726985902 1.68684930540621 1.60240520304069 1.31677002529614 0.976767108542845 1.40611240686849 1.21647967328317 1.22214333550073 1.41494249482639 1.65000842628069 1.65161684295163 1.9180246097967 1.35318635776639 1.4914319771342 1.09857976692729 1.78984998655505 1.47967954119667
1.28547796956263 1.44318502862006 1.11747812549584 1.39420774113387 1.25564534566365 1.2713198394049 1.80323259788565 1.00951307360083 1.72166804946028 0.985665639862418 1.11619882797822 1.00263864570297 0 1.91998572018929 1.41134587279521 1.14564326987602 1.05386765534058 1.65864616236649 1.75897284317762 1.85282309213653 1.38571870722808 1.24736244557425 1.24903429765254 1.53266196628101 1.9534829177428 1.31808105041273 1.26973663596436 1.88066428760067 1.26592311821878 1.46318279812112
1.70203134277835 1.61811988102272 1.76977035379969 0.990378211019561 1.88956516701728 1.82855857163668 1.02329965052195 1.58892461634241 1.3564306916669 1.50041894195601 1.96974545391276 1.07393726985902 1.91998572018929 0 1.28898388124071 1.07976546301506 1.56475310144015 1.60410762159154 1.31913653854281 1.52930321684107 1.21870140475221 1.60311839682981 1.12602496449836 1.39699240005575 1.51760595617816 1.87361081433482 1.0409958853852 1.89273248962127 1.89487168355845 1.64379112934694
1.37613237509504 1.62217826838605 1.81820159009658 0.991171426372603 1.28098915913142 1.37561478093266 1.12582889967598 1.7239407831803 1.5295300274156 1.42943537584506 1.03006760287099 1.68684930540621 1.41134587279521 1.28898388124071 0 1.06349730514921 1.43914477783255 1.25667000026442 1.7122175404802 1.47800706699491 1.47192362556234 1.20415620529093 1.24672028655186 1.37614366016351 1.20800969330594 1.6372673031874 0.991186919622123 1.1966358970385 1.07581772608683 1.66463212762028
1.22131153661758 1.96640908741392 1.04487178474665 1.75833793450147 1.35549898957834 1.62725736876018 1.79532407037914 1.82127359881997 0.984176556812599 0.985339485807344 1.41423917771317 1.60240520304069 1.14564326987602 1.07976546301506 1.06349730514921 0 1.88421553676017 1.49744023475796 1.66082505881786 1.50136410631239 1.91077577183023 1.90881633688696 1.79833153751679 1.77218687348068 1.18318018736318 1.40554332383908 1.33289168216288 1.1628196395468 1.84199197567068 1.83531543519348
1.38886933261529 1.55921221710742 1.5153721680399 1.08750241994858 0.970544026698917 1.79563242010772 1.21554432460107 1.61352400155738 1.45783022395335 1.86069116089493 1.66734788101166 1.31677002529614 1.05386765534058 1.56475310144015 1.43914477783255 1.88421553676017 0 1.52320442278869 1.63961242651567 1.62587474426255 1.71905135479756 1.89716575341299 1.45066126179881 1.28127337736078 1.62235915940255 1.10560960462317 1.30175078217871 1.24485118151642 1.32144669489935 0.978858232032508
1.39455591351725 1.2218863517046 1.91880285437219 0.976485122228041 1.78466368862428 1.30338676134124 1.32339287945069 1.72095290827565 1.30007532984018 1.66903180629015 1.4476845418103 0.976767108542845 1.65864616236649 1.60410762159154 1.25667000026442 1.49744023475796 1.52320442278869 0 1.84802633314393 1.14348614169285 1.68769284314476 1.54667738266289 1.09719452331774 1.90173536422662 1.65528673538938 1.95298227551393 1.78267625486478 1.17131587699987 1.96198309841566 1.48320398502983
1.31574913114309 1.33273364440538 1.33471643808298 1.59348255721852 1.29310841858387 1.09734345157631 1.9038702249527 1.16235780296847 1.5330061474815 1.20583928585984 1.14199372893199 1.40611240686849 1.75897284317762 1.31913653854281 1.7122175404802 1.66082505881786 1.63961242651567 1.84802633314393 0 1.81727289268747 1.96674495353363 1.03633996518329 1.44298149831593 1.21104721724987 1.07046676333994 1.4698141424451 1.21017050067894 1.22370457067154 1.63631835835986 1.90255408873782
1.59757707617246 1.56553457234986 1.45875372551382 1.31823180499487 1.67332212883048 0.987185371108353 1.34922877396457 1.03144699428231 1.1170701996889 1.35277075110935 1.59948856174015 1.21647967328317 1.85282309213653 1.52930321684107 1.47800706699491 1.50136410631239 1.62587474426255 1.14348614169285 1.81727289268747 0 1.33355079311877 1.31426252867095 1.17774076433852 1.91742382524535 1.53388172760606 1.31726996181533 1.10776224825531 1.83806774555705 1.77600159146823 1.28789619589224
1.03463682672009 1.11142646451481 1.60425893426873 1.36579529917799 1.09349560691044 1.749883787008 1.2403766347561 1.57501486735418 1.71996715688147 1.43264159513637 1.82927541667596 1.22214333550073 1.38571870722808 1.21870140475221 1.47192362556234 1.91077577183023 1.71905135479756 1.68769284314476 1.96674495353363 1.33355079311877 0 1.65702512301505 1.63551913527772 1.78068116609938 1.20648184930906 1.32379492442124 0.980301686329767 1.40503939101472 1.82567984517664 1.30825183913112
1.9267355420161 1.89368358044885 1.01099962648004 1.49466450023465 1.85923477751203 1.44371878635138 1.4501470841933 1.26455322513357 0.998973042471334 1.79672135249712 1.71307713305578 1.41494249482639 1.24736244557425 1.60311839682981 1.20415620529093 1.90881633688696 1.89716575341299 1.54667738266289 1.03633996518329 1.31426252867095 1.65702512301505 0 1.946664896328 1.17790479399264 1.27552497643046 1.38157172058709 1.31847363384441 1.00072909286246 1.24987013079226 1.84667610237375
1.14953661873005 1.53378671966493 1.54359522135928 1.5961915536318 1.90547791309655 1.00203555310145 1.74588971491903 1.28498234320432 1.38511361344717 1.48795684031211 1.69832853460684 1.65000842628069 1.24903429765254 1.12602496449836 1.24672028655186 1.79833153751679 1.45066126179881 1.09719452331774 1.44298149831593 1.17774076433852 1.63551913527772 1.946664896328 0 1.84348679101095 1.56302344077267 1.22785052587278 1.90634287660941 1.61957248905674 1.77602300094441 1.77526087407023
1.12202389817685 1.57295618625358 1.38219773862511 1.80988256144337 1.21515634283423 1.81844292231835 1.87743807584047 1.33074960368685 1.85778270359151 1.41371389711276 1.15266472054645 1.65161684295163 1.53266196628101 1.39699240005575 1.37614366016351 1.77218687348068 1.28127337736078 1.90173536422662 1.21104721724987 1.91742382524535 1.78068116609938 1.17790479399264 1.84348679101095 0 1.24680943088606 1.48095449735411 1.28555507422425 1.49014601088129 1.22111166547984 1.29638270870782
1.60500868153758 1.6688677247148 0.989451334346086 1.03561526583508 1.52432358660735 1.07341766403988 1.26488549239002 1.49036389659159 1.33027340681292 1.26543550263159 1.17085446300916 1.9180246097967 1.9534829177428 1.51760595617816 1.20800969330594 1.18318018736318 1.62235915940255 1.65528673538938 1.07046676333994 1.53388172760606 1.20648184930906 1.27552497643046 1.56302344077267 1.24680943088606 0 1.78666590899229 1.28099120850675 1.10399885382503 1.72874287259765 1.86596266110428
1.07820510305464 1.06280676880851 1.10155465616845 1.4872838424053 1.77156658936292 1.92946236371063 1.50529246241786 1.7713355566375 1.59954964788631 1.07585979229771 1.70986851863563 1.35318635776639 1.31808105041273 1.87361081433482 1.6372673031874 1.40554332383908 1.10560960462317 1.95298227551393 1.4698141424451 1.31726996181533 1.32379492442124 1.38157172058709 1.22785052587278 1.48095449735411 1.78666590899229 0 1.91387691325508 1.44023179425858 1.67664318322204 1.05100761260837
1.35168276797049 1.90555718750693 1.74606251344085 1.25985964410938 1.82983749057166 0.9867095684167 1.61605589371175 1.10745516559109 1.37134769908153 1.49750745249912 1.86462333565578 1.4914319771342 1.26973663596436 1.0409958853852 0.991186919622123 1.33289168216288 1.30175078217871 1.78267625486478 1.21017050067894 1.10776224825531 0.980301686329767 1.31847363384441 1.90634287660941 1.28555507422425 1.28099120850675 1.91387691325508 0 1.66764133842662 1.23832088708878 0.993037473177537
1.03933785483241 1.852306796005 1.62126905284822 1.45118617615663 1.49471294647083 1.35033940291032 1.74130034819245 1.7820819017943 1.73734636348672 1.08532569580711 1.75808797753416 1.09857976692729 1.88066428760067 1.89273248962127 1.1966358970385 1.1628196395468 1.24485118151642 1.17131587699987 1.22370457067154 1.83806774555705 1.40503939101472 1.00072909286246 1.61957248905674 1.49014601088129 1.10399885382503 1.44023179425858 1.66764133842662 0 1.93862349539995 1.09698996297084
1.76045149448328 1.88153723324649 1.77831734297797 1.45643994933926 1.89363080449402 1.79387413035147 1.59087988757528 1.68977562151849 1.76616013748571 1.81501972978003 1.57772619626485 1.78984998655505 1.26592311821878 1.89487168355845 1.07581772608683 1.84199197567068 1.32144669489935 1.96198309841566 1.63631835835986 1.77600159146823 1.82567984517664 1.24987013079226 1.77602300094441 1.22111166547984 1.72874287259765 1.67664318322204 1.23832088708878 1.93862349539995 0 1.31352859339677
1.9221993254032 1.71551406546496 1.57482277601957 1.3219511017669 1.64115510205738 1.11769561306573 1.18431215593591 1.15099257952534 1.24779116222635 1.8861608505249 1.88882593298331 1.47967954119667 1.46318279812112 1.64379112934694 1.66463212762028 1.83531543519348 0.978858232032508 1.48320398502983 1.90255408873782 1.28789619589224 1.30825183913112 1.84667610237375 1.77526087407023 1.29638270870782 1.86596266110428 1.05100761260837 0.993037473177537 1.09698996297084 1.31352859339677 0
