0 1.26528219715692 1.12534618470818 1.06093252706341 1.28271083231084 0.933389883255586 0.990241386462003 1.84379798639566 1.06869605346583 1.85615137824789 1.67597756069154 1.8863250897266 1.5775629284326 1.01563412393443 1.69066876079887 1.38404729310423 1.8449742118828 1.33510042354465 1.91475698584691 1.71192401461303 1.06695780018345 1.15866522397846 1.13235592562705 1.69258286640979 1.79792447108775 1.29068341851234 1.6216399425175 1.00812691939063 1.83623893931508 1.67905573057942
1.26528219715692 0 1.55542534124106 1.13862422201782 1.82371414103545 1.35562383499928 1.4056396947708 1.76973907998763 1.38182096462697 1.68542678537779 1.66600613784976 1.8224232706707 1.11776196607389 1.35830540605821 1.761528842384 1.82603524578735 1.14794029807672 0.955700752791017 1.90537013695575 1.89039312582463 1.80833432986401 1.83634056476876 1.32994438405149 1.29394123563543 1.02225705352612 1.672193874605 0.956707921344787 1.24840502906591 1.69368656119332 1.52489527827129
1.12534618470818 1.55542534124106 0 1.31000101775862 1.18178899516352 1.31335967429914 1.09154592524283 1.04318300052546 1.89834012533538 1.55213092360646 1.44815342011862 1.06429524999112 1.90151033597067 1.67996824276634 1.09431020426564 1.71759163262323 1.00431744963862 1.83636513235979 1.26848916220479 1.19383172574453 1.8956805835478 1.37628436158411 1.13379230885766 1.73960416973568 1.29258668283001 0.933915889821947 1.37784083234146 1.22340818936937 1.6214134816546 1.40520921256393
1.06093252706341 1.13862422201782 1.31000101775862 0 1.49629358714446 1.57322907843627 1.22023052442819 1.65221832622774 1.46085989847779 1.29432138777338 1.39987468766049 1.40706811985001 1.33452260913327 1.38029154203832 1.38412657869048 1.27744328416884 1.60900658369064 1.71749229636043 0.929547016043216 1.0373704538215 1.90313815698028 1.49908778187819 1.3064478058368 1.59976011305116 1.1703668939881 1.63935058121569 1.06392458546907 1.57956706662662 1.59809514367953 1.14773886092007
1.28271083231084 1.82371414103545 1.18178899516352 1.49629358714446 0 1.04563940968364 1.39386550965719 1.4218536731787 1.44798585982062 1.86091126338579 1.2599082083907 1.65300016943365 1.5415657015983 1.49338572937995 1.10570812411606 1.12549781496637 1.54085268313065 0.985100490506738 1.57623865851201 1.78370198677294 1.65175619348884 1.83742912625894 1.50988600007258 1.02985050319694 1.32582388771698 1.45656137308106 1.19568194798194 1.47074781241827 1.04007143061608 1.50772362365387
0.933389883255586 1.35562383499928 1.31335967429914 1.57322907843627 1.04563940968364 0 1.39113605814055 1.55743405944668 1.01320427982137 1.12003886816092 1.03602074924856 1.8855656592641 1.23780725919642 1.72359974775463 1.13798131630756 1.45418736431748 1.66112274071202 1.00504584610462 1.29799901880324 0.992470744997263 1.68516987725161 0.997835345333442 1.13703383947723 1.45622624433599 1.5327222479973 1.23726305924356 1.24915626016445 1.766630763188 1.65858588297851 1.264421176631
0.990241386462003 1.4056396947708 1.09154592524283 1.22023052442819 1.39386550965719 1.39113605814055 0 1.77747814473696 1.70530014904216 1.40310014854185 1.3167948469054 1.08686222764663 1.62337423930876 1.4668466297444 1.66507191024721 1.91189394146204 1.14326397958212 1.88115721964277 1.54248167923652 1.85834543313831 1.12868731259368 1.45451170648448 1.31900763278827 1.48104826221243 0.946612528292462 1.39919862244278 1.84124635183252 1.77827395219356 1.77581171761267 1.67756035155617
1.84379798639566 1.76973907998763 1.04318300052546 1.65221832622774 1.4218536731787 1.55743405944668 1.77747814473696 0 1.01029391773045 1.81582817109302 1.73316915333271 1.51366394595243 1.19703396153636 1.87187959603034 1.46850105165504 1.90429947222583 1.33761550975032 0.945797217311338 1.87330539175309 1.8184051674325 1.15784876281396 1.66606605029665 1.38322896533646 1.41748450044543 1.81613366887905 1.70524358330294 1.38144281343557 1.63025998556986 1.17315997788683 1.68030395242386
1.06869605346583 1.38182096462697 1.89834012533538 1.46085989847779 1.44798585982062 1.01320427982137 1.70530014904216 1.01029391773045 0 1.69020101707429 1.66910760151222 1.8237621053122 1.15712928655557 1.50928817712702 1.85384401050396 1.1380051842425 1.40332823293284 1.14657567208633 1.76790354959667 1.12322220718488 1.62159924698062 1.09633262245916 1.77683415263891 1.58894166862592 1.12535227765329 1.41045836522244 1.40724998549558 1.37814119830728 1.17311090952717 1.45258473255672
1.85615137824789 1.68542678537779 1.55213092360646 1.29432138777338 1.86091126338579 1.12003886816092 1.40310014854185 1.81582817109302 1.69020101707429 0 1.08318166970275 1.00215787277557 1.5727599884849 1.22091988287866 1.42316255578771 0.966566367074847 1.42725166562013 1.57902212953195 1.57833465375006 1.81595738767646 1.12645312049426 1.23500786232762 1.33872032654472 1.77234686957672 0.973888879641891 1.21881384518929 1.45613603619859 1.80125731206499 1.00339337228797 1.70635507139377
1.67597756069154 1.66600613784976 1.44815342011862 1.39987468766049 1.2599082083907 1.03602074924856 1.3167948469054 1.73316915333271 1.66910760151222 1.08318166970275 0 1.11813784157857 1.28210124582984 1.90361243369989 1.3634903121274 1.38845318602398 1.19931114255451 1.63300332566723 1.03313299990259 1.23097637901083 1.24990362045355 1.83692138711922 1.52670736494474 1.53840666520409 1.29993520886637 1.79192997422069 1.73527607810684 1.18585876678117 0.956895863404498 1.92614966491237
1.8863250897266 1.8224232706707 1.06429524999112 1.40706811985001 1.65300016943365 1.8855656592641 1.08686222764663 1.51366394595243 1.8237621053122 1.00215787277557 1.11813784157857 0 1.62310606986284 1.03247800515965 1.06329738162458 1.75916873151436 1.70178999193013 1.66523454361595 1.45845112577081 1.6151410061866 1.18924400489777 1.25651247100905 1.09372618747875 1.1540180479642 1.37853666953743 1.19369764439762 1.05962015828118 1.90333782392554 1.51805936405435 1.33375412831083
1.5775629284326 1.11776196607389 1.90151033597067 1.33452260913327 1.5415657015983 1.23780725919642 1.62337423930876 1.19703396153636 1.15712928655557 1.5727599884849 1.28210124582984 1.62310606986284 0 1.53258671611547 1.58753237011842 1.03449521539733 1.12509991880506 1.66666934057139 1.7210911361035 1.8776273985859 1.74388998001814 0.946395418141037 1.1831850388553 1.1161297231447 1.87185562495142 1.67077696882188 0.960442455252632 0.962078204844147 1.45511160418391 1.13818081468344
1.01563412393443 1.35830540605821 1.67996824276634 1.38029154203832 1.49338572937995 1.72359974775463 1.4668466297444 1.87187959603034 1.50928817712702 1.22091988287866 1.90361243369989 1.03247800515965 1.53258671611547 0 1.21887501399033 1.53763621929102 1.53101211856119 1.34933433309197 1.76785795949399 1.41288240952417 1.3492827641312 1.15934593137354 1.36662288499065 1.61436621332541 1.06319239619188 1.62055315449834 1.77437011711299 1.38541276007891 1.43869001790881 1.34345754585229
1.69066876079887 1.761528842384 1.09431020426564 1.38412657869048 1.10570812411606 1.13798131630756 1.66507191024721 1.46850105165504 1.85384401050396 1.42316255578771 1.3634903121274 1.06329738162458 1.58753237011842 1.21887501399033 0 1.03174883313477 1.70855231792666 1.34430823661387 0.959665989736095 1.54493178334087 1.20364705636166 0.959744091378525 1.27549781207927 1.62106487923302 1.14395392895676 1.6302375793457 0.942319638095796 1.75742386817001 1.73577990895137 1.54588559060358
1.38404729310423 1.82603524578735 1.71759163262323 1.27744328416884 1.12549781496637 1.45418736431748 1.91189394146204 1.90429947222583 1.1380051842425 0.966566367074847 1.38845318602398 1.75916873151436 1.03449521539733 1.53763621929102 1.03174883313477 0 1.1697292572353 1.69878843892366 1.17731118714437 1.18336934549734 1.39897186402231 1.79868687130511 1.24941249680705 1.5714016915299 1.50944566586986 1.17480009444989 1.31399285653606 1.5734456256032 1.45942609477788 1.1735759919975
1.8449742118828 1.14794029807672 1.00431744963862 1.60900658369064 1.54085268313065 1.66112274071202 1.14326397958212 1.33761550975032 1.40332823293284 1.42725166562013 1.19931114255451 1.70178999193013 1.12509991880506 1.53101211856119 1.70855231792666 1.1697292572353 0 1.42654499597847 1.39040873548947 1.43125517410226 1.30933965556324 1.46926889754832 1.00084977480583 1.09370710421354 1.35976150585338 1.66766481590457 1.81036302121356 1.30391123564914 1.73852340015583 1.80440641613677
1.33510042354465 0.955700752791017 1.83636513235979 1.71749229636043 0.985100490506738 1.00504584610462 1.88115721964277 0.945797217311338 1.14657567208633 1.57902212953195 1.63300332566723 1.66523454361595 1.66666934057139 1.34933433309197 1.34430823661387 1.69878843892366 1.42654499597847 0 1.04624593257904 1.42429857095703 1.04300775774755 1.50188599317335 1.42940944014117 1.75201373407617 1.78478177054785 1.79506056336686 1.01558150723577 1.36854352476075 1.39778338046744 1.57798473467119
1.91475698584691 1.90537013695575 1.26848916220479 0.929547016043216 1.57623865851201 1.29799901880324 1.54248167923652 1.87330539175309 1.76790354959667 1.57833465375006 1.03313299990259 1.45845112577081 1.7210911361035 1.76785795949399 0.959665989736095 1.17731118714437 1.39040873548947 1.04624593257904 0 1.39309012284502 1.0129809807986 1.2895066998899 1.16671819845214 0.932120979065076 1.40941242780536 1.50627324148081 0.95342160994187 0.999217069940642 1.6619343040511 0.927475478267297
1.71192401461303 1.89039312582463 1.19383172574453 1.0373704538215 1.78370198677294 0.992470744997263 1.85834543313831 1.8184051674325 1.12322220718488 1.81595738767646 1.23097637901083 1.6151410061866 1.8776273985859 1.41288240952417 1.54493178334087 1.18336934549734 1.43125517410226 1.42429857095703 1.39309012284502 0 1.60945088323206 1.15514063695446 1.19477118761279 1.47464406047948 1.19038880243897 1.58719784836285 1.7418299105484 0.947917382931337 1.75027080485597 1.46000413130969
1.06695780018345 1.80833432986401 1.8956805835478 1.90313815698028 1.65175619348884 1.68516987725161 1.12868731259368 1.15784876281396 1.62159924698062 1.12645312049426 1.24990362045355 1.18924400489777 1.74388998001814 1.3492827641312 1.20364705636166 1.39897186402231 1.30933965556324 1.04300775774755 1.0129809807986 1.60945088323206 0 1.39058506628498 0.976823138771579 1.40781784662977 1.67088476358913 1.10642613423988 0.928004018031061 1.42221036134288 1.67870636237785 1.34172851103358
1.15866522397846 1.83634056476876 1.37628436158411 1.49908778187819 1.83742912625894 0.997835345333442 1.45451170648448 1.66606605029665 1.09633262245916 1.23500786232762 1.83692138711922 1.25651247100905 0.946395418141037 1.15934593137354 0.959744091378525 1.79868687130511 1.46926889754832 1.50188599317335 1.2895066998899 1.15514063695446 1.39058506628498 0 1.42356494674459 1.27006633486599 1.51755896466784 1.42811807477847 1.90206372947432 1.44353663455695 1.83403579494916 1.0785536209587
1.13235592562705 1.32994438405149 1.13379230885766 1.3064478058368 1.50988600007258 1.13703383947723 1.31900763278827 1.38322896533646 1.77683415263891 1.33872032654472 1.52670736494474 1.09372618747875 1.1831850388553 1.36662288499065 1.27549781207927 1.24941249680705 1.00084977480583 1.42940944014117 1.16671819845214 1.19477118761279 0.976823138771579 1.42356494674459 0 1.75232190592214 1.79198267799802 1.33747449959628 1.57078494783491 1.81694583594799 1.21973785851151 1.15514297271147
1.69258286640979 1.29394123563543 1.73960416973568 1.59976011305116 1.02985050319694 1.45622624433599 1.48104826221243 1.41748450044543 1.58894166862592 1.77234686957672 1.53840666520409 1.1540180479642 1.1161297231447 1.61436621332541 1.62106487923302 1.5714016915299 1.09370710421354 1.75201373407617 0.932120979065076 1.47464406047948 1.40781784662977 1.27006633486599 1.75232190592214 0 1.16775560798123 1.47725202166475 1.68351491075009 1.85735069052316 1.63580584619194 1.16040116478689
1.79792447108775 1.02225705352612 1.29258668283001 1.1703668939881 1.32582388771698 1.5327222479973 0.946612528292462 1.81613366887905 1.12535227765329 0.973888879641891 1.29993520886637 1.37853666953743 1.87185562495142 1.06319239619188 1.14395392895676 1.50944566586986 1.35976150585338 1.78478177054785 1.40941242780536 1.19038880243897 1.67088476358913 1.51755896466784 1.79198267799802 1.16775560798123 0 1.05241919192486 1.84401935781352 1.76340287690982 1.57438936876133 1.11277706548572
1.29068341851234 1.672193874605 0.933915889821947 1.63935058121569 1.45656137308106 1.23726305924356 1.39919862244278 1.70524358330294 1.41045836522244 1.21881384518929 1.79192997422069 1.19369764439762 1.67077696882188 1.62055315449834 1.6302375793457 1.17480009444989 1.66766481590457 1.79506056336686 1.50627324148081 1.58719784836285 1.10642613423988 1.42811807477847 1.33747449959628 1.47725202166475 1.05241919192486 0 1.7057970801834 1.08693560492247 1.45531814685091 1.75170512846671
1.6216399425175 0.956707921344787 1.37784083234146 1.06392458546907 1.19568194798194 1.24915626016445 1.84124635183252 1.38144281343557 1.40724998549558 1.45613603619859 1.73527607810684 1.05962015828118 0.960442455252632 1.77437011711299 0.942319638095796 1.31399285653606 1.81036302121356 1.01558150723577 0.95342160994187 1.7418299105484 0.928004018031061 1.90206372947432 1.57078494783491 1.68351491075009 1.84401935781352 1.7057970801834 0 1.10254590166733 1.67862045951188 1.33090375736356
1.00812691939063 1.24840502906591 1.22340818936937 1.57956706662662 1.47074781241827 1.766630763188 1.77827395219356 1.63025998556986 1.37814119830728 1.80125731206499 1.18585876678117 1.90333782392554 0.962078204844147 1.38541276007891 1.75742386817001 1.5734456256032 1.30391123564914 1.36854352476075 0.999217069940642 0.947917382931337 1.42221036134288 1.44353663455695 1.81694583594799 1.85735069052316 1.76340287690982 1.08693560492247 1.10254590166733 0 1.69532059086487 1.42301109968685
1.83623893931508 1.69368656119332 1.6214134816546 1.59809514367953 1.04007143061608 1.65858588297851 1.77581171761267 1.17315997788683 1.17311090952717 1.00339337228797 0.956895863404498 1.51805936405435 1.45511160418391 1.43869001790881 1.73577990895137 1.45942609477788 1.73852340015583 1.39778338046744 1.6619343040511 1.75027080485597 1.67870636237785 1.83403579494916 1.21973785851151 1.63580584619194 1.57438936876133 1.45531814685091 1.67862045951188 1.69532059086487 0 1.21553612407297
1.67905573057942 1.52489527827129 1.40520921256393 1.14773886092007 1.50772362365387 1.264421176631 1.67756035155617 1.68030395242386 1.45258473255672 1.70635507139377 1.92614966491237 1.33375412831083 1.13818081468344 1.34345754585229 1.54588559060358 1.1735759919975 1.80440641613677 1.57798473467119 0.927475478267297 1.46000413130969 1.34172851103358 1.0785536209587 1.15514297271147 1.16040116478689 1.11277706548572 1.75170512846671 1.33090375736356 1.42301109968685 1.21553612407297 0
