0 1.60061803925782 1.89884338038974 1.4348091846332 1.07846691086888 1.43302555289119 0.967142781242728 1.84842784283683 1.54243115964346 1.67818981711753 1.38701973319985 1.09351098677143 1.4047228267882 1.85537710995413 1.02611927408725 1.90165592799895 1.81625843932852 1.55418524052948 1.89326109271497 1.33590068574995 1.05803795601241 1.63836954208091 1.58985982276499 1.6930168310646 1.20176367135718 1.17091251187958 1.83601685031317 1.59415164520033 1.89997031376697 1.05542683508247
1.60061803925782 0 1.02658362477086 1.66971333953552 1.62268550740555 1.46471895021386 1.33957043127157 1.51779757626355 1.0288237738423 1.85557692893781 1.00271836901084 1.83221877110191 1.20724417455494 1.58358039171435 0.976789675885811 1.22833699453622 1.06122040585615 1.38066388946027 1.08353778254241 1.87771223997697 1.22470474941656 1.44715262716636 1.64252612018026 1.28095801663585 1.70820962521248 1.83614116255194 1.15953937778249 1.26034157699905 1.4546663723886 1.60422340291552
1.89884338038974 1.02658362477086 0 1.47795683681034 1.00076954602264 1.08468996826559 1.76845737244003 1.43388066370972 0.999934384832159 1.03475173050538 1.4313269557897 1.68947692378424 1.62373142968863 1.01091719442047 1.31200532242656 1.90578138967976 0.986937768291682 1.498857334489 1.70964224077761 1.2741599874571 1.07736057625152 1.53128716093488 1.27816935349256 1.27936628437601 1.19921743078157 1.47950036148541 1.49228575290181 1.79840997303836 1.86108171963133 1.76161292474717
1.4348091846332 1.66971333953552 1.47795683681034 0 1.46851872350089 1.71514581516385 1.05773059790954 1.4099848701153 1.44255034136586 1.86837327107787 1.88318770565093 1.2028671046719 1.67855085013434 1.7980953536462 1.39834340079688 1.8535891957581 1.22164002712816 1.457549049519 1.16116852243431 1.18738743360154 1.13329010549933 1.70761550031602 1.07295128307305 1.39986149501055 1.79242703830823 1.69289509579539 1.55443973885849 1.02566399448551 1.04301615641452 0.990342305740342
1.07846691086888 1.62268550740555 1.00076954602264 1.46851872350089 0 1.17622564220801 1.56691743945703 1.78051540418528 1.77734192740172 1.16839039209299 1.60603350866586 1.17299985093996 1.248141576536 1.86338889272884 1.40445253299549 1.51983347442001 0.972719291225076 1.37723654252477 1.02986030653119 1.29721746547148 1.1597328109201 0.982915975619107 1.47058092639782 1.09214986185543 1.06890814146027 1.57524311542511 1.48293635994196 1.04050636989996 1.30501523823477 1.06190669932403
1.43302555289119 1.46471895021386 1.08468996826559 1.71514581516385 1.17622564220801 0 1.86799676087685 1.26588331302628 1.12410515849479 1.76312490226701 1.36025673174299 1.01132736029103 1.7896267962642 1.04498541681096 0.922213661717251 1.13540369807743 1.70582966762595 1.63728091469966 1.2282200739719 1.82154025300406 1.34187512518838 1.87452305643819 1.40207821852528 1.25006002839655 1.07805259665474 1.06005896721035 1.89134237845428 1.58641482843086 0.922686631791294 1.90597138809972
0.967142781242728 1.33957043127157 1.76845737244003 1.05773059790954 1.56691743945703 1.86799676087685 0 1.8136780676432 1.68321189191192 1.6891162393149 1.62338226404972 1.37993154558353 0.909087863285094 1.24660655879416 1.57771018869244 0.93635297822766 1.52965971664526 1.15945332497358 1.60751616070047 0.911466198507696 0.995954651152715 1.79613105859607 1.50825114874169 1.38365669199266 1.81252993014641 1.08926906203851 1.02380886534229 1.12522475188598 1.27425521588884 1.86638144170865
1.84842784283683 1.51779757626355 1.43388066370972 1.4099848701153 1.78051540418528 1.26588331302628 1.8136780676432 0 1.12192485877313 1.05823573796079 1.1299201855436 1.58556726225652 1.77621425245889 1.63287778687663 1.83921335893683 1.57221219711937 1.26051005977206 1.62334729498252 1.52229006262496 0.938843281241134 1.12810534541495 1.78216594061814 1.28204326191917 1.70790639985353 1.40284870099276 1.06345250457525 1.60816267132759 1.67242355900817 1.62621079059318 1.2733124117367
1.54243115964346 1.0288237738423 0.999934384832159 1.44255034136586 1.77734192740172 1.12410515849479 1.68321189191192 1.12192485877313 0 1.5480027499143 1.17684760550037 1.50526620377786 0.914038866758347 1.35642112023197 1.21925827395171 1.48208361817524 1.4819298912771 1.76367815956473 1.0817697418388 1.34095527417958 1.66351071675308 1.22878462169319 1.87140461406671 1.82737309997901 1.32098394911736 1.86897988570854 1.1116156950593 1.7538913669996 0.958714983891696 1.46116250753403
1.67818981711753 1.85557692893781 1.03475173050538 1.86837327107787 1.16839039209299 1.76312490226701 1.6891162393149 1.05823573796079 1.5480027499143 0 1.32665230543353 1.04725873214193 1.08176389499567 1.02583315456286 1.30791712203063 1.54626968526281 1.69316425197758 1.24661424849182 1.473208112875 1.51941435388289 1.49654533551075 1.72331610368565 1.38276372477412 1.83036998682655 1.41778796329163 1.39071050216444 1.01619461155497 1.39029110246338 1.49039114709012 0.928961493773386
1.38701973319985 1.00271836901084 1.4313269557897 1.88318770565093 1.60603350866586 1.36025673174299 1.62338226404972 1.1299201855436 1.17684760550037 1.32665230543353 0 1.76363466819748 1.26852312823758 1.35618398454972 1.58955572335981 1.08329333039001 0.914629963226616 0.971245052060112 1.73756829206832 1.66508049611002 1.64362036064267 1.24472309486009 1.51518167485483 1.02929748990573 1.51823412254453 1.58751344191842 0.991932240314782 1.74031399632804 1.16947366460226 1.05141909816302
1.09351098677143 1.83221877110191 1.68947692378424 1.2028671046719 1.17299985093996 1.01132736029103 1.37993154558353 1.58556726225652 1.50526620377786 1.04725873214193 1.76363466819748 0 1.17294167168438 1.26258389884606 1.42353426734917 1.21970247360878 1.14562377263792 1.36332018952817 1.19901640224271 1.38705496559851 1.77160323155113 1.33814787631854 1.07193536357954 1.79864594526589 1.7898551071994 1.37924820487387 1.17930561676621 1.8375241314061 1.62640195153654 1.3994468934834
1.4047228267882 1.20724417455494 1.62373142968863 1.67855085013434 1.248141576536 1.7896267962642 0.909087863285094 1.77621425245889 0.914038866758347 1.08176389499567 1.26852312823758 1.17294167168438 0 1.17946359887719 1.23261413350701 1.13126732432283 1.00237220176496 1.06099367700517 1.63847486814484 1.30047554289922 1.24849127070047 1.32315091462806 1.59863075707108 1.45164170302451 1.73525886447169 0.960943018551916 1.89405335998163 1.81265804986469 1.06644085329026 1.6962883931119
1.85537710995413 1.58358039171435 1.01091719442047 1.7980953536462 1.86338889272884 1.04498541681096 1.24660655879416 1.63287778687663 1.35642112023197 1.02583315456286 1.35618398454972 1.26258389884606 1.17946359887719 0 1.62180036120117 1.60910220304504 1.47478293813765 1.17645228374749 1.84357441402972 0.989547394914553 1.31104326061904 1.7056746033486 1.34346020314842 1.85069323913194 1.4953210290987 1.85579872899689 1.3707771487534 1.41735930508003 1.38748417655006 1.64145613298751
1.02611927408725 0.976789675885811 1.31200532242656 1.39834340079688 1.40445253299549 0.922213661717251 1.57771018869244 1.83921335893683 1.21925827395171 1.30791712203063 1.58955572335981 1.42353426734917 1.23261413350701 1.62180036120117 0 1.89893107488751 1.68073401111178 1.55634427117184 1.28164907591417 1.5036643112544 1.3472338821739 1.31918895756826 1.098246157635 1.76596430595964 1.33362377481535 1.28771081473678 1.14849093928933 1.05025132466108 1.32758599403314 1.56124628707767
1.90165592799895 1.22833699453622 1.90578138967976 1.8535891957581 1.51983347442001 1.13540369807743 0.93635297822766 1.57221219711937 1.48208361817524 1.54626968526281 1.08329333039001 1.21970247360878 1.13126732432283 1.60910220304504 1.89893107488751 0 1.13712860643864 1.20864380314015 1.72607701411471 0.95572517439723 1.16824801382609 1.02492988482118 1.31937217386439 1.86124334693886 1.09979934524745 1.4430564972572 1.37980022770353 0.923570139566436 1.50905215879902 1.62351563456468
1.81625843932852 1.06122040585615 0.986937768291682 1.22164002712816 0.972719291225076 1.70582966762595 1.52965971664526 1.26051005977206 1.4819298912771 1.69316425197758 0.914629963226616 1.14562377263792 1.00237220176496 1.47478293813765 1.68073401111178 1.13712860643864 0 1.85867087054066 1.7093219414819 1.35771664441563 0.927811770001426 1.70948134246282 0.917186694452539 1.88629884668626 1.36426102858968 1.81750783347525 1.83600742788985 1.87860445654951 1.85173296486028 1.40706324460916
1.55418524052948 1.38066388946027 1.498857334489 1.457549049519 1.37723654252477 1.63728091469966 1.15945332497358 1.62334729498252 1.76367815956473 1.24661424849182 0.971245052060112 1.36332018952817 1.06099367700517 1.17645228374749 1.55634427117184 1.20864380314015 1.85867087054066 0 1.73885544366203 1.88001758721657 1.1814521132037 1.47496742219664 1.68364186421968 1.27337630558759 0.929812916554511 1.23540399805643 1.61446180124767 0.972953401971608 1.40809834958054 1.49061209941283
1.89326109271497 1.08353778254241 1.70964224077761 1.16116852243431 1.02986030653119 1.2282200739719 1.60751616070047 1.52229006262496 1.0817697418388 1.473208112875 1.73756829206832 1.19901640224271 1.63847486814484 1.84357441402972 1.28164907591417 1.72607701411471 1.7093219414819 1.73885544366203 0 1.2802051382605 1.27056233375333 1.44086457556114 1.44377432251349 1.58997135865502 1.12196806608699 1.33330201753415 1.01732267555781 0.925797353731468 1.88615291146562 1.65027963253669
1.33590068574995 1.87771223997697 1.2741599874571 1.18738743360154 1.29721746547148 1.82154025300406 0.911466198507696 0.938843281241134 1.34095527417958 1.51941435388289 1.66508049611002 1.38705496559851 1.30047554289922 0.989547394914553 1.5036643112544 0.95572517439723 1.35771664441563 1.88001758721657 1.2802051382605 0 1.1479998617433 1.65596401202492 1.86733780428767 1.89758620550856 1.28409427590668 1.0304508258123 1.42609765287489 1.87929531396367 0.974089587107301 1.59796074125916
1.05803795601241 1.22470474941656 1.07736057625152 1.13329010549933 1.1597328109201 1.34187512518838 0.995954651152715 1.12810534541495 1.66351071675308 1.49654533551075 1.64362036064267 1.77160323155113 1.24849127070047 1.31104326061904 1.3472338821739 1.16824801382609 0.927811770001426 1.1814521132037 1.27056233375333 1.1479998617433 0 1.70652764616534 1.67732850695029 1.03684303932823 1.29651780053973 1.51525700185448 1.73494109138846 0.983676841715351 1.08071126113646 1.69251806824468
1.63836954208091 1.44715262716636 1.53128716093488 1.70761550031602 0.982915975619107 1.87452305643819 1.79613105859607 1.78216594061814 1.22878462169319 1.72331610368565 1.24472309486009 1.33814787631854 1.32315091462806 1.7056746033486 1.31918895756826 1.02492988482118 1.70948134246282 1.47496742219664 1.44086457556114 1.65596401202492 1.70652764616534 0 0.955667266855016 1.57079267455265 1.06614832719788 1.62055931333452 0.924360137898475 1.85069965501316 1.27434243727475 1.8260976835154
1.58985982276499 1.64252612018026 1.27816935349256 1.07295128307305 1.47058092639782 1.40207821852528 1.50825114874169 1.28204326191917 1.87140461406671 1.38276372477412 1.51518167485483 1.07193536357954 1.59863075707108 1.34346020314842 1.098246157635 1.31937217386439 0.917186694452539 1.68364186421968 1.44377432251349 1.86733780428767 1.67732850695029 0.955667266855016 0 1.46778775774874 1.70559963304549 1.582066842122 1.1587606377434 1.40776970493607 1.79467473831028 1.25485536875203
1.6930168310646 1.28095801663585 1.27936628437601 1.39986149501055 1.09214986185543 1.25006002839655 1.38365669199266 1.70790639985353 1.82737309997901 1.83036998682655 1.02929748990573 1.79864594526589 1.45164170302451 1.85069323913194 1.76596430595964 1.86124334693886 1.88629884668626 1.27337630558759 1.58997135865502 1.89758620550856 1.03684303932823 1.57079267455265 1.46778775774874 0 1.8787040754687 1.6870043464005 1.55359816527925 1.09343075496145 1.6555786295794 1.90250396472402
1.20176367135718 1.70820962521248 1.19921743078157 1.79242703830823 1.06890814146027 1.07805259665474 1.81252993014641 1.40284870099276 1.32098394911736 1.41778796329163 1.51823412254453 1.7898551071994 1.73525886447169 1.4953210290987 1.33362377481535 1.09979934524745 1.36426102858968 0.929812916554511 1.12196806608699 1.28409427590668 1.29651780053973 1.06614832719788 1.70559963304549 1.8787040754687 0 0.973279535304755 0.940102942753583 1.05070466781035 1.77882176963612 1.5674232901074
1.17091251187958 1.83614116255194 1.47950036148541 1.69289509579539 1.57524311542511 1.06005896721035 1.08926906203851 1.06345250457525 1.86897988570854 1.39071050216444 1.58751344191842 1.37924820487387 0.960943018551916 1.85579872899689 1.28771081473678 1.4430564972572 1.81750783347525 1.23540399805643 1.33330201753415 1.0304508258123 1.51525700185448 1.62055931333452 1.582066842122 1.6870043464005 0.973279535304755 0 0.950205207336694 1.61355658201501 0.992142785573378 1.46052549709566
1.83601685031317 1.15953937778249 1.49228575290181 1.55443973885849 1.48293635994196 1.89134237845428 1.02380886534229 1.60816267132759 1.1116156950593 1.01619461155497 0.991932240314782 1.17930561676621 1.89405335998163 1.3707771487534 1.14849093928933 1.37980022770353 1.83600742788985 1.61446180124767 1.01732267555781 1.42609765287489 1.73494109138846 0.924360137898475 1.1587606377434 1.55359816527925 0.940102942753583 0.950205207336694 0 1.27590315206908 1.13136250711977 1.76183463865891
1.59415164520033 1.26034157699905 1.79840997303836 1.02566399448551 1.04050636989996 1.58641482843086 1.12522475188598 1.67242355900817 1.7538913669996 1.39029110246338 1.74031399632804 1.8375241314061 1.81265804986469 1.41735930508003 1.05025132466108 0.923570139566436 1.87860445654951 0.972953401971608 0.925797353731468 1.87929531396367 0.983676841715351 1.85069965501316 1.40776970493607 1.09343075496145 1.05070466781035 1.61355658201501 1.27590315206908 0 1.79087186348625 1.69628285313956
1.89997031376697 1.4546663723886 1.86108171963133 1.04301615641452 1.30501523823477 0.922686631791294 1.27425521588884 1.62621079059318 0.958714983891696 1.49039114709012 1.16947366460226 1.62640195153654 1.06644085329026 1.38748417655006 1.32758599403314 1.50905215879902 1.85173296486028 1.40809834958054 1.88615291146562 0.974089587107301 1.08071126113646 1.27434243727475 1.79467473831028 1.6555786295794 1.77882176963612 0.992142785573378 1.13136250711977 1.79087186348625 0 1.08066293038428
1.05542683508247 1.60422340291552 1.76161292474717 0.990342305740342 1.06190669932403 1.90597138809972 1.86638144170865 1.2733124117367 1.46116250753403 0.928961493773386 1.05141909816302 1.3994468934834 1.6962883931119 1.64145613298751 1.56124628707767 1.62351563456468 1.40706324460916 1.49061209941283 1.65027963253669 1.59796074125916 1.69251806824468 1.8260976835154 1.25485536875203 1.90250396472402 1.5674232901074 1.46052549709566 1.76183463865891 1.69628285313956 1.08066293038428 0
