0 1.8300532870926 0.967930496437475 1.62072236440144 1.48751428420655 1.69020260218531 1.34156882367097 1.01281923265196 1.60920817661099 1.36398885608651 1.16968096839264 1.67459505447187 1.69355483283289 1.67059911880642 1.36929324711673 1.89925915608183 1.33269418496639 1.07705418439582 0.982064122799784 1.4455887824297 1.73556922143325 1.90234962687828 1.18476807838306 1.82070069597103 1.37797747715376 1.65990008763038 1.06764554046094 1.82208981201984 1.477086575469 1.03362309630029
1.8300532870926 0 1.29932022280991 1.72638093726709 0.967468650080264 1.33561464399099 1.66229407442734 1.64081130339764 1.77116955746897 1.89483598386869 1.13103901525028 1.60193789028563 1.23425832181238 0.99569493974559 0.979440486989915 1.52345270453952 1.9154472486116 1.80569738103077 1.5632800234016 1.94018408167176 1.49965869402513 1.70087956963107 1.3574318329338 1.24644518666901 1.05756977619603 1.10229086596519 1.05693768360652 1.41420293203555 1.5478017248679 1.12049018172547
0.967930496437475 1.29932022280991 0 1.72100680111907 1.92588992486708 1.43227235646918 1.55187986092642 1.19487039325759 1.0666579157114 1.10917682619765 1.08818753017113 1.34912037965842 1.41298439051025 1.33561059390195 1.39201142755337 1.74074640218168 1.57440654863603 1.39111882727593 1.00318990414962 1.13005864713341 1.52013975824229 1.0876412182115 1.66823696391657 1.05283581581898 1.09047043765895 1.39059553388506 1.15632368111983 1.61771320062689 1.67770032747649 1.2721137017943
1.62072236440144 1.72638093726709 1.72100680111907 0 1.11465723486617 0.995638789376244 1.46347907255404 1.30193422455341 1.28619895526208 0.956600457429886 1.38034741114825 1.94469797727652 1.87754087080248 1.49520206567831 1.95161908236332 1.66976498276927 1.12748639332131 1.04751847567968 1.8927813845221 1.69574955501594 1.75359589024447 1.23149062832817 1.23155385814607 1.3612180845812 1.54597655055113 1.6758504291065 1.72672927868553 1.16737761045806 1.39797054510564 1.4413515527267
1.48751428420655 0.967468650080264 1.92588992486708 1.11465723486617 0 1.03864147979766 1.55606934800744 1.31463108770549 1.61416623368859 1.71930832485668 1.89381296630017 1.01618809136562 1.77382950438187 0.985748727805912 1.26627719937824 1.02082560444251 1.90698654926382 1.32971082837321 1.71031418303028 1.55419089714997 1.26217873976566 1.69006662070751 1.59792171930894 0.969327635597438 1.18101414525881 1.40497156255879 1.53131975722499 1.8131564008072 1.57629728736356 0.975538555532694
1.69020260218531 1.33561464399099 1.43227235646918 0.995638789376244 1.03864147979766 0 1.68002838641405 1.10566281527281 1.78638548031449 1.9303632886149 1.3854964626953 1.90484103700146 1.7886599150952 1.19504022039473 1.81386168650351 1.82521321298555 0.9604327166453 0.982776578981429 1.14078896818683 1.64788454584777 1.54946630750783 1.30175244645216 1.63018702552654 1.69370536948554 1.72492549801245 1.22250785515644 1.90391144622117 1.23943263408728 1.0690426689107 1.22672512265854
1.34156882367097 1.66229407442734 1.55187986092642 1.46347907255404 1.55606934800744 1.68002838641405 0 1.7047932157293 1.66801649564877 1.36522899894044 1.00111769069918 1.10111818020232 1.27794847008772 1.53014989616349 1.59597446187399 1.63274483662099 1.9409252658952 1.63664680230431 1.89828559174202 0.970916307065636 1.70784278679639 1.71012185141444 1.26381077431142 1.72807316295803 1.64588151546195 1.10458678775467 1.68975069979206 1.13233548752032 1.63579374388792 1.46134995413013
1.01281923265196 1.64081130339764 1.19487039325759 1.30193422455341 1.31463108770549 1.10566281527281 1.7047932157293 0 1.01001262106001 1.89975885231979 1.57637905376032 1.44956430466846 1.63657162128948 1.02256664377637 1.82878806139342 1.89450449543074 1.93406279850751 1.10602013743483 0.992898897733539 1.39107695827261 1.78643538686447 1.53269198699854 1.71630728477612 1.17224384634756 1.22978207352571 1.48644682718441 1.93138246191666 1.77930304710753 1.23067787336186 1.3013775057625
1.60920817661099 1.77116955746897 1.0666579157114 1.28619895526208 1.61416623368859 1.78638548031449 1.66801649564877 1.01001262106001 0 1.09258663072251 1.60961395362392 1.77135053998791 1.68626689608209 1.08213227638043 1.53625290817581 1.10141859645955 1.42806847393513 1.12925440934487 1.42657985188998 0.995765655301511 0.970393143128604 1.5597395573277 1.71315649733879 1.30304900207557 1.91527272411622 1.27226051338948 1.03962874412537 1.3912591363769 1.07532052183524 1.4529897258617
1.36398885608651 1.89483598386869 1.10917682619765 0.956600457429886 1.71930832485668 1.9303632886149 1.36522899894044 1.89975885231979 1.09258663072251 0 1.38010592595674 1.01326254452579 1.86644153436646 1.16657172166742 1.93951140344143 1.82481280551292 1.88085126248188 1.31895019044168 1.74292715359479 1.12800871906802 1.04986096080393 1.49194493493997 1.77851849235594 1.60737708793022 1.77033692854457 1.57765575731173 1.67138837627135 0.998510725563392 1.74545483407564 1.30473237112164
1.16968096839264 1.13103901525028 1.08818753017113 1.38034741114825 1.89381296630017 1.3854964626953 1.00111769069918 1.57637905376032 1.60961395362392 1.38010592595674 0 1.11967320181429 1.81057287426665 1.48632370308042 0.993673521094024 1.90037392056547 1.00041247508489 0.983975015813485 1.09585483162664 1.10636880551465 0.990147416014224 1.29398983367719 1.45919053466059 1.63602847838774 1.64484089566395 1.78027088847011 1.83549609431066 1.58516656514257 1.66846216423437 1.26234004064463
1.67459505447187 1.60193789028563 1.34912037965842 1.94469797727652 1.01618809136562 1.90484103700146 1.10111818020232 1.44956430466846 1.77135053998791 1.01326254452579 1.11967320181429 0 1.90733908768743 1.77541067334823 1.71846018405631 1.29940336430445 1.88019766611978 1.58820015005767 1.57917904737405 1.54118774435483 1.1601654146798 1.4384526158683 1.70065169990994 1.67414669902064 1.79997340636328 1.94644781085663 1.16352072311565 1.36166587285697 1.64887397526763 1.11653676838614
1.69355483283289 1.23425832181238 1.41298439051025 1.87754087080248 1.77382950438187 1.7886599150952 1.27794847008772 1.63657162128948 1.68626689608209 1.86644153436646 1.81057287426665 1.90733908768743 0 0.961360817309469 1.10884522157721 1.73855694499798 1.02204550988972 1.50961257540621 1.95398700260557 1.24249963508919 1.92225621338002 1.27867046534084 1.58980812761001 1.94866496976465 1.51676699030213 1.39366404805332 1.74895543279126 1.01667358377017 1.12038842425682 1.41064169001766
1.67059911880642 0.99569493974559 1.33561059390195 1.49520206567831 0.985748727805912 1.19504022039473 1.53014989616349 1.02256664377637 1.08213227638043 1.16657172166742 1.48632370308042 1.77541067334823 0.961360817309469 0 1.20712036732584 1.50021169753745 1.88877121987753 1.40913526224904 1.49846118618734 1.13807353749871 1.70990521810018 1.66000038990751 1.88712542876601 1.95507636340335 0.965655340347439 1.92081633326598 1.35749705671333 1.08716867538169 1.42904692213051 1.82714123791084
1.36929324711673 0.979440486989915 1.39201142755337 1.95161908236332 1.26627719937824 1.81386168650351 1.59597446187399 1.82878806139342 1.53625290817581 1.93951140344143 0.993673521094024 1.71846018405631 1.10884522157721 1.20712036732584 0 1.49719177489169 1.71554829669185 1.65273180697113 1.90077172685415 1.74951618397608 1.00655668601394 1.698873198824 1.63635412813164 1.9221486793831 1.43061474268325 1.82455788669176 1.52741128974594 1.8861881440971 1.66709197079763 1.5747371034231
1.89925915608183 1.52345270453952 1.74074640218168 1.66976498276927 1.02082560444251 1.82521321298555 1.63274483662099 1.89450449543074 1.10141859645955 1.82481280551292 1.90037392056547 1.29940336430445 1.73855694499798 1.50021169753745 1.49719177489169 0 1.4971683495678 1.15325446124189 1.29315682500601 1.87338364147581 1.09642566437833 0.989823596319184 1.74417286855169 1.00606938358396 1.36832466884516 1.68451200425625 1.73634163313545 1.76185975037515 1.58593829581514 1.38068401045166
1.33269418496639 1.9154472486116 1.57440654863603 1.12748639332131 1.90698654926382 0.9604327166453 1.9409252658952 1.93406279850751 1.42806847393513 1.88085126248188 1.00041247508489 1.88019766611978 1.02204550988972 1.88877121987753 1.71554829669185 1.4971683495678 0 1.53288779710419 1.86534289526753 1.89070133608766 1.57043800130486 1.93460423802026 1.09347817371599 1.26939577097073 1.57618802459911 1.76902797841467 1.24675167212263 1.80843700980768 1.74494693847373 1.75610798993148
1.07705418439582 1.80569738103077 1.39111882727593 1.04751847567968 1.32971082837321 0.982776578981429 1.63664680230431 1.10602013743483 1.12925440934487 1.31895019044168 0.983975015813485 1.58820015005767 1.50961257540621 1.40913526224904 1.65273180697113 1.15325446124189 1.53288779710419 0 1.11409361544065 1.80447722692043 1.46293613943271 1.82500727800652 1.54223326640204 0.962612893199548 1.91947693331167 1.91953578661196 1.94219768466428 1.61125007062219 1.90895484481007 0.980581267271191
0.982064122799784 1.5632800234016 1.00318990414962 1.8927813845221 1.71031418303028 1.14078896818683 1.89828559174202 0.992898897733539 1.42657985188998 1.74292715359479 1.09585483162664 1.57917904737405 1.95398700260557 1.49846118618734 1.90077172685415 1.29315682500601 1.86534289526753 1.11409361544065 0 1.92829059786163 1.07200803724118 1.25660928338766 1.28781278943643 1.78615107992664 1.64563136687502 1.29388790833764 0.995520129799843 1.08058265945874 1.12177732726559 1.58053868520074
1.4455887824297 1.94018408167176 1.13005864713341 1.69574955501594 1.55419089714997 1.64788454584777 0.970916307065636 1.39107695827261 0.995765655301511 1.12800871906802 1.10636880551465 1.54118774435483 1.24249963508919 1.13807353749871 1.74951618397608 1.87338364147581 1.89070133608766 1.80447722692043 1.92829059786163 0 1.85077918204479 1.8720417113509 1.12988569168374 1.10491564590484 1.37040180386975 1.02009274321608 1.60118025471456 1.29290420701727 1.52532775257714 1.56349686393514
1.73556922143325 1.49965869402513 1.52013975824229 1.75359589024447 1.26217873976566 1.54946630750783 1.70784278679639 1.78643538686447 0.970393143128604 1.04986096080393 0.990147416014224 1.1601654146798 1.92225621338002 1.70990521810018 1.00655668601394 1.09642566437833 1.57043800130486 1.46293613943271 1.07200803724118 1.85077918204479 0 1.51212281617336 1.271610729862 1.46242646011524 1.82765793707222 1.74587917979807 1.10507870349102 1.87812342075631 1.4082678493578 1.23958859150298
1.90234962687828 1.70087956963107 1.0876412182115 1.23149062832817 1.69006662070751 1.30175244645216 1.71012185141444 1.53269198699854 1.5597395573277 1.49194493493997 1.29398983367719 1.4384526158683 1.27867046534084 1.66000038990751 1.698873198824 0.989823596319184 1.93460423802026 1.82500727800652 1.25660928338766 1.8720417113509 1.51212281617336 0 1.5732950984966 1.18144806101918 1.24759945995174 1.6133606354706 1.43327138153836 1.84469611546956 1.87668548407964 1.59775037551299
1.18476807838306 1.3574318329338 1.66823696391657 1.23155385814607 1.59792171930894 1.63018702552654 1.26381077431142 1.71630728477612 1.71315649733879 1.77851849235594 1.45919053466059 1.70065169990994 1.58980812761001 1.88712542876601 1.63635412813164 1.74417286855169 1.09347817371599 1.54223326640204 1.28781278943643 1.12988569168374 1.271610729862 1.5732950984966 0 0.987685747211799 1.94149097427726 1.15440437407233 1.47190590179525 1.42038885736838 1.53379609668627 1.53700662706979
1.82070069597103 1.24644518666901 1.05283581581898 1.3612180845812 0.969327635597438 1.69370536948554 1.72807316295803 1.17224384634756 1.30304900207557 1.60737708793022 1.63602847838774 1.67414669902064 1.94866496976465 1.95507636340335 1.9221486793831 1.00606938358396 1.26939577097073 0.962612893199548 1.78615107992664 1.10491564590484 1.46242646011524 1.18144806101918 0.987685747211799 0 1.58941032574512 1.82395829586312 1.82883358607069 1.6588502638042 1.48145878128707 1.28962452197447
1.37797747715376 1.05756977619603 1.09047043765895 1.54597655055113 1.18101414525881 1.72492549801245 1.64588151546195 1.22978207352571 1.91527272411622 1.77033692854457 1.64484089566395 1.79997340636328 1.51676699030213 0.965655340347439 1.43061474268325 1.36832466884516 1.57618802459911 1.91947693331167 1.64563136687502 1.37040180386975 1.82765793707222 1.24759945995174 1.94149097427726 1.58941032574512 0 1.80296538281254 1.61674510128796 1.1514831550885 1.9153531123884 1.08218282507733
1.65990008763038 1.10229086596519 1.39059553388506 1.6758504291065 1.40497156255879 1.22250785515644 1.10458678775467 1.48644682718441 1.27226051338948 1.57765575731173 1.78027088847011 1.94644781085663 1.39366404805332 1.92081633326598 1.82455788669176 1.68451200425625 1.76902797841467 1.91953578661196 1.29388790833764 1.02009274321608 1.74587917979807 1.6133606354706 1.15440437407233 1.82395829586312 1.80296538281254 0 1.52076578722335 1.51278315926902 1.02382533927448 1.30418383213691
1.06764554046094 1.05693768360652 1.15632368111983 1.72672927868553 1.53131975722499 1.90391144622117 1.68975069979206 1.93138246191666 1.03962874412537 1.67138837627135 1.83549609431066 1.16352072311565 1.74895543279126 1.35749705671333 1.52741128974594 1.73634163313545 1.24675167212263 1.94219768466428 0.995520129799843 1.60118025471456 1.10507870349102 1.43327138153836 1.47190590179525 1.82883358607069 1.61674510128796 1.52076578722335 0 1.58759026112966 0.987089531030506 1.81810835469514
1.82208981201984 1.41420293203555 1.61771320062689 1.16737761045806 1.8131564008072 1.23943263408728 1.13233548752032 1.77930304710753 1.3912591363769 0.998510725563392 1.58516656514257 1.36166587285697 1.01667358377017 1.08716867538169 1.8861881440971 1.76185975037515 1.80843700980768 1.61125007062219 1.08058265945874 1.29290420701727 1.87812342075631 1.84469611546956 1.42038885736838 1.6588502638042 1.1514831550885 1.51278315926902 1.58759026112966 0 1.07417209469713 1.74207570124418
1.477086575469 1.5478017248679 1.67770032747649 1.39797054510564 1.57629728736356 1.0690426689107 1.63579374388792 1.23067787336186 1.07532052183524 1.74545483407564 1.66846216423437 1.64887397526763 1.12038842425682 1.42904692213051 1.66709197079763 1.58593829581514 1.74494693847373 1.90895484481007 1.12177732726559 1.52532775257714 1.4082678493578 1.87668548407964 1.53379609668627 1.48145878128707 1.9153531123884 1.02382533927448 0.987089531030506 1.07417209469713 0 1.78253651433624
1.03362309630029 1.12049018172547 1.2721137017943 1.4413515527267 0.975538555532694 1.22672512265854 1.46134995413013 1.3013775057625 1.4529897258617 1.30473237112164 1.26234004064463 1.11653676838614 1.41064169001766 1.82714123791084 1.5747371034231 1.38068401045166 1.75610798993148 0.980581267271191 1.58053868520074 1.56349686393514 1.23958859150298 1.59775037551299 1.53700662706979 1.28962452197447 1.08218282507733 1.30418383213691 1.81810835469514 1.74207570124418 1.78253651433624 0
