0 1.59801563923247 1.31001538876444 1.3565992959775 1.51859202398919 1.68039514147677 1.86688363202848 1.21116343024187 1.68872646265663 1.23933092644438 0.903976977104321 1.82758754328825 1.45190663752146 1.63072811905295 1.30360444169492 1.67592521896586 1.55170863983221 1.41888328804635 1.76860042382032 1.18333439785056 1.25028442358598 1.49533583852462 1.71169276325963 0.968961504520848 1.57860138476826 1.76851899572648 1.07371049071662 1.44223231519572 1.61211750051007 1.35802321019582
1.59801563923247 0 1.65921295201406 1.02681576786563 1.04754292825237 0.923406282905489 1.25865205004811 1.31242111744359 1.47334359586239 1.05995719972998 1.08433129196055 1.50502656074241 1.72956561017781 1.68420701823197 1.65495136007667 1.28971216641366 1.42861894890666 1.28489438351244 1.09303890005685 1.83457560488023 0.969568571774289 1.8503119405359 0.92966147698462 1.42471349216066 1.03303472488187 1.42549295956269 1.54752945015207 1.03479834622703 1.33058955310844 0.941748569719493
1.31001538876444 1.65921295201406 0 1.83461118256673 1.83693484263495 1.38984611374326 1.17095949384384 1.40236288239248 1.6920507743489 1.68194143823348 1.45987913012505 1.34502818644978 1.45546759897843 1.1574982071761 1.19242202467285 1.77823345595971 1.58489895565435 1.59696582588367 0.895405398216099 1.56601221812889 0.989950696704909 1.47208859515376 1.77683093002997 1.55542586464435 1.450891276123 1.36039947089739 1.20409586792812 1.81773306452669 1.10237791365944 1.81359575083479
1.3565992959775 1.02681576786563 1.83461118256673 0 1.86316596530378 1.53186681098305 1.29109100950882 1.29510040511377 1.02409032452852 0.980222311103716 1.48270490765572 1.24426423478872 1.74937684740871 1.77396826958284 1.14519754191861 0.973181910347193 0.888160368660465 1.34428239380941 1.22138171060942 0.931714084697887 1.27780244406313 0.948077119188383 1.28489276510663 1.53412205865607 1.12653508852236 1.05253857490607 0.929977515013888 1.77203685417771 0.942476327065378 1.5721464746166
1.51859202398919 1.04754292825237 1.83693484263495 1.86316596530378 0 1.14928595069796 1.66727822599933 1.82927259500138 0.909310558577999 1.19780955160968 1.54077690583654 1.36832713196054 1.75031534372829 1.32057927059941 1.31894150725566 1.48492313874885 1.60622967337258 1.58187033422291 1.49017780669965 1.43114413600415 1.21903397189453 1.66373693570495 1.57346428814344 1.59905576729216 1.27418911084533 1.14809645689093 1.62713083834387 1.64234766503796 1.40303089772351 1.45526298251934
1.68039514147677 0.923406282905489 1.38984611374326 1.53186681098305 1.14928595069796 0 1.06206546560861 0.908709147246554 1.29479094780982 1.4696698540356 1.09765716060065 1.64988045860082 1.14923733868636 1.10424505569972 1.28811183827929 1.32217649975792 1.77184976730496 0.892409145599231 1.1144756951835 1.62397880828939 1.29766311589628 0.987092884955928 1.10213833907619 1.42741415696219 1.25564143294469 0.904846790246665 1.72311621322297 1.62036701152101 1.28585154493339 0.915680757956579
1.86688363202848 1.25865205004811 1.17095949384384 1.29109100950882 1.66727822599933 1.06206546560861 0 1.21794690820388 1.37071249680594 1.27427853434347 1.12297317059711 1.50643999502063 1.70615278184414 0.892211901722476 0.892057292629033 0.936005739727989 1.02669371152297 1.20965075562708 1.67605712264776 0.9024174567312 1.03142933687195 1.3788612303324 1.65675595751964 1.61141080851667 1.59638658119366 1.13456631242298 1.16892737871967 0.915080981329083 1.06215456640348 1.84895163704641
1.21116343024187 1.31242111744359 1.40236288239248 1.29510040511377 1.82927259500138 0.908709147246554 1.21794690820388 0 1.70855984906666 1.4246140960604 1.26513020507991 1.13948412402533 1.04398730979301 1.53340404736809 1.62931264401414 1.12359759281389 1.49519825866446 1.12350940098986 1.78555008815601 1.15454787551425 1.39443421759643 1.72695730486885 1.16433542082086 1.84450103691779 1.21048617782071 1.32759615080431 1.24940997897647 1.52146192709915 1.54264052817598 1.46182723669335
1.68872646265663 1.47334359586239 1.6920507743489 1.02409032452852 0.909310558577999 1.29479094780982 1.37071249680594 1.70855984906666 0 1.3332829833962 1.75695551745594 1.50048229051754 1.28930516308174 0.889270734973252 1.18318437109701 1.339112843154 1.58510316652246 1.79980188165791 1.56398568977602 1.69366848492064 1.45538882259279 1.30381248239428 1.37652526074089 1.61107132514007 1.47894879779778 1.69642314128578 1.09413097589277 1.04970850236714 0.89937835955061 1.17564499401487
1.23933092644438 1.05995719972998 1.68194143823348 0.980222311103716 1.19780955160968 1.4696698540356 1.27427853434347 1.4246140960604 1.3332829833962 0 1.74532198952511 1.75272585870698 1.14343863516115 1.82509234221652 1.68111367686652 0.933904600096866 1.80242002638988 1.83611751487479 1.45023024501279 1.43039782019332 0.900470776716247 0.903362778713927 1.44150600885041 1.69662581174634 1.56195800635032 1.42133616446517 1.78292625001632 1.62715510674752 1.1513753766194 1.02696878206916
0.903976977104321 1.08433129196055 1.45987913012505 1.48270490765572 1.54077690583654 1.09765716060065 1.12297317059711 1.26513020507991 1.75695551745594 1.74532198952511 0 1.48457178473473 1.83615778083913 1.71010743570514 1.81808481132612 0.988118544686586 1.08354677795433 1.31302534323186 1.18126756348647 1.17934966273606 1.3986683844123 1.73907609982416 1.27124244370498 1.69178326427937 1.51872251858003 1.01829978358001 1.10515387682244 1.35248320875689 1.6495543543715 0.943450161023065
1.82758754328825 1.50502656074241 1.34502818644978 1.24426423478872 1.36832713196054 1.64988045860082 1.50643999502063 1.13948412402533 1.50048229051754 1.75272585870698 1.48457178473473 0 1.03447729093023 1.11125253839418 0.95153153152205 1.47883605328389 1.85257817897946 1.06955759762786 0.902274126186967 1.32345179072581 1.14684646460228 1.65338172880001 1.59640471334569 0.973826131783426 1.08139123790897 1.26091796392575 0.949964764062315 0.927214318420738 1.07599477865733 1.82151644141413
1.45190663752146 1.72956561017781 1.45546759897843 1.74937684740871 1.75031534372829 1.14923733868636 1.70615278184414 1.04398730979301 1.28930516308174 1.14343863516115 1.83615778083913 1.03447729093023 0 1.42155786883086 1.35046604718082 1.44621686544269 1.75009051663801 1.50998838501982 0.973884365288541 1.45956283388659 1.32580809784122 1.390296545811 1.34696159255691 1.3814880035352 1.60923094023019 0.923423762666062 0.988330487627536 1.70797310955822 1.10695275571197 1.43335820222273
1.63072811905295 1.68420701823197 1.1574982071761 1.77396826958284 1.32057927059941 1.10424505569972 0.892211901722476 1.53340404736809 0.889270734973252 1.82509234221652 1.71010743570514 1.11125253839418 1.42155786883086 0 0.992744550574571 1.58872360177338 1.62853541807272 1.0597982306499 1.33267525746487 1.74751805607229 1.30021347734146 1.2357602303382 1.03188000177033 0.981910324189812 1.44543794472702 1.32695976435207 1.59725724812597 1.59350080741569 1.16103605716489 1.20861118729226
1.30360444169492 1.65495136007667 1.19242202467285 1.14519754191861 1.31894150725566 1.28811183827929 0.892057292629033 1.62931264401414 1.18318437109701 1.68111367686652 1.81808481132612 0.95153153152205 1.35046604718082 0.992744550574571 0 1.69835218973458 1.7863918277435 1.7925027650781 0.973712743027136 1.67842210247181 1.51955626043491 1.61487684841268 1.81180737074465 1.65506813721731 1.80031041521579 1.23138055857271 1.43965199962258 0.932298094732687 0.944971347227693 1.77925145998597
1.67592521896586 1.28971216641366 1.77823345595971 0.973181910347193 1.48492313874885 1.32217649975792 0.936005739727989 1.12359759281389 1.339112843154 0.933904600096866 0.988118544686586 1.47883605328389 1.44621686544269 1.58872360177338 1.69835218973458 0 1.00739836902358 1.03600338031538 1.12055071839131 1.742751539452 1.59481243859045 1.22089018509723 1.18940037419088 1.27985644037835 1.08488665451296 1.36760965129361 1.7019077851437 1.32421291596256 1.05077647534199 1.1543018205557
1.55170863983221 1.42861894890666 1.58489895565435 0.888160368660465 1.60622967337258 1.77184976730496 1.02669371152297 1.49519825866446 1.58510316652246 1.80242002638988 1.08354677795433 1.85257817897946 1.75009051663801 1.62853541807272 1.7863918277435 1.00739836902358 0 1.78288341220468 1.80793981160969 1.16415623854846 0.934381289407611 1.61457611736841 1.32040692353621 1.61783648096025 1.7879978325218 1.54328224644996 1.69084201590158 0.993736962554976 1.53266045288183 1.20510192378424
1.41888328804635 1.28489438351244 1.59696582588367 1.34428239380941 1.58187033422291 0.892409145599231 1.20965075562708 1.12350940098986 1.79980188165791 1.83611751487479 1.31302534323186 1.06955759762786 1.50998838501982 1.0597982306499 1.7925027650781 1.03600338031538 1.78288341220468 0 1.72202113410458 1.78844029596075 1.46892474871129 1.64686113642529 0.870161265600473 1.20031936164014 1.59887546231039 1.12502229562961 1.25946479919367 1.15259249089286 0.989908003015444 1.61797719611786
1.76860042382032 1.09303890005685 0.895405398216099 1.22138171060942 1.49017780669965 1.1144756951835 1.67605712264776 1.78555008815601 1.56398568977602 1.45023024501279 1.18126756348647 0.902274126186967 0.973884365288541 1.33267525746487 0.973712743027136 1.12055071839131 1.80793981160969 1.72202113410458 0 1.10251625650562 1.14836851344444 1.81389331864193 1.06099810940214 1.44596393709071 1.11159072234295 0.954061071155593 1.3750351855997 1.53866752609611 1.19263864448294 1.15114031126723
1.18333439785056 1.83457560488023 1.56601221812889 0.931714084697887 1.43114413600415 1.62397880828939 0.9024174567312 1.15454787551425 1.69366848492064 1.43039782019332 1.17934966273606 1.32345179072581 1.45956283388659 1.74751805607229 1.67842210247181 1.742751539452 1.16415623854846 1.78844029596075 1.10251625650562 0 0.938892212230712 1.31250601867214 0.977553009521216 1.2793267511297 1.01831155270338 1.73548112530261 1.1259369472973 1.34746837615967 1.66344767180271 0.955571858910844
1.25028442358598 0.969568571774289 0.989950696704909 1.27780244406313 1.21903397189453 1.29766311589628 1.03142933687195 1.39443421759643 1.45538882259279 0.900470776716247 1.3986683844123 1.14684646460228 1.32580809784122 1.30021347734146 1.51955626043491 1.59481243859045 0.934381289407611 1.46892474871129 1.14836851344444 0.938892212230712 0 0.963241759222001 1.48340356512927 0.902408871566877 1.28173262882046 1.82392168650404 1.30549308168702 1.53907420067117 1.30672597419471 1.79763937112875
1.49533583852462 1.8503119405359 1.47208859515376 0.948077119188383 1.66373693570495 0.987092884955928 1.3788612303324 1.72695730486885 1.30381248239428 0.903362778713927 1.73907609982416 1.65338172880001 1.390296545811 1.2357602303382 1.61487684841268 1.22089018509723 1.61457611736841 1.64686113642529 1.81389331864193 1.31250601867214 0.963241759222001 0 1.29554597614333 1.32761677354574 1.7000073750969 0.87612842139788 1.19061781303026 0.919714614516124 1.8271657419391 1.44904732890427
1.71169276325963 0.92966147698462 1.77683093002997 1.28489276510663 1.57346428814344 1.10213833907619 1.65675595751964 1.16433542082086 1.37652526074089 1.44150600885041 1.27124244370498 1.59640471334569 1.34696159255691 1.03188000177033 1.81180737074465 1.18940037419088 1.32040692353621 0.870161265600473 1.06099810940214 0.977553009521216 1.48340356512927 1.29554597614333 0 1.2882289250847 1.84660292719491 1.86500976816751 1.29974527913146 1.80197911756113 0.898847853764892 1.32632206054404
0.968961504520848 1.42471349216066 1.55542586464435 1.53412205865607 1.59905576729216 1.42741415696219 1.61141080851667 1.84450103691779 1.61107132514007 1.69662581174634 1.69178326427937 0.973826131783426 1.3814880035352 0.981910324189812 1.65506813721731 1.27985644037835 1.61783648096025 1.20031936164014 1.44596393709071 1.2793267511297 0.902408871566877 1.32761677354574 1.2882289250847 0 1.77571909083053 1.14766412577592 1.52900072303601 1.57136442186311 1.66787205846049 0.91822334844619
1.57860138476826 1.03303472488187 1.450891276123 1.12653508852236 1.27418911084533 1.25564143294469 1.59638658119366 1.21048617782071 1.47894879779778 1.56195800635032 1.51872251858003 1.08139123790897 1.60923094023019 1.44543794472702 1.80031041521579 1.08488665451296 1.7879978325218 1.59887546231039 1.11159072234295 1.01831155270338 1.28173262882046 1.7000073750969 1.84660292719491 1.77571909083053 0 1.40329182427377 1.05495828622952 1.50483045983128 1.25265586329624 1.02340367040597
1.76851899572648 1.42549295956269 1.36039947089739 1.05253857490607 1.14809645689093 0.904846790246665 1.13456631242298 1.32759615080431 1.69642314128578 1.42133616446517 1.01829978358001 1.26091796392575 0.923423762666062 1.32695976435207 1.23138055857271 1.36760965129361 1.54328224644996 1.12502229562961 0.954061071155593 1.73548112530261 1.82392168650404 0.87612842139788 1.86500976816751 1.14766412577592 1.40329182427377 0 1.20740895159543 1.17980173090473 0.966161914402619 1.39118030387908
1.07371049071662 1.54752945015207 1.20409586792812 0.929977515013888 1.62713083834387 1.72311621322297 1.16892737871967 1.24940997897647 1.09413097589277 1.78292625001632 1.10515387682244 0.949964764062315 0.988330487627536 1.59725724812597 1.43965199962258 1.7019077851437 1.69084201590158 1.25946479919367 1.3750351855997 1.1259369472973 1.30549308168702 1.19061781303026 1.29974527913146 1.52900072303601 1.05495828622952 1.20740895159543 0 1.70910603739321 1.69150488986634 0.894006335409358
1.44223231519572 1.03479834622703 1.81773306452669 1.77203685417771 1.64234766503796 1.62036701152101 0.915080981329083 1.52146192709915 1.04970850236714 1.62715510674752 1.35248320875689 0.927214318420738 1.70797310955822 1.59350080741569 0.932298094732687 1.32421291596256 0.993736962554976 1.15259249089286 1.53866752609611 1.34746837615967 1.53907420067117 0.919714614516124 1.80197911756113 1.57136442186311 1.50483045983128 1.17980173090473 1.70910603739321 0 0.910735003883019 1.40678694285452
1.61211750051007 1.33058955310844 1.10237791365944 0.942476327065378 1.40303089772351 1.28585154493339 1.06215456640348 1.54264052817598 0.89937835955061 1.1513753766194 1.6495543543715 1.07599477865733 1.10695275571197 1.16103605716489 0.944971347227693 1.05077647534199 1.53266045288183 0.989908003015444 1.19263864448294 1.66344767180271 1.30672597419471 1.8271657419391 0.898847853764892 1.66787205846049 1.25265586329624 0.966161914402619 1.69150488986634 0.910735003883019 0 1.17131861136295
1.35802321019582 0.941748569719493 1.81359575083479 1.5721464746166 1.45526298251934 0.915680757956579 1.84895163704641 1.46182723669335 1.17564499401487 1.02696878206916 0.943450161023065 1.82151644141413 1.43335820222273 1.20861118729226 1.77925145998597 1.1543018205557 1.20510192378424 1.61797719611786 1.15114031126723 0.955571858910844 1.79763937112875 1.44904732890427 1.32632206054404 0.91822334844619 1.02340367040597 1.39118030387908 0.894006335409358 1.40678694285452 1.17131861136295 0
