0 1.70102710020728 0.946424814406782 1.04601599718444 1.62857302743942 1.04256027913652 1.19837505486794 0.977798506850377 1.90644155396149 1.92796850018203 1.01445116940886 1.44690747116692 1.78091062093154 0.946893743239343 1.07057498395443 1.45704073505476 1.77892838278785 1.30252129747532 1.53548186388798 1.28799074934795 1.70557635161094 1.89219435211271 0.997464560670778 1.12247291277163 1.4089978931006 1.14994283346459 1.74447906017303 1.24025710392743 1.76426109368913 1.11981459590606
1.70102710020728 0 1.09826156683266 1.52595984470099 1.03005212778226 1.75189155433327 1.39683320256881 1.85393196088262 1.0595973727759 1.9037316434551 1.1397469828371 1.82479599723592 1.35668493388221 1.93759249406867 1.07743236981332 1.12394070089795 1.72338599525392 1.66542438440956 1.0674334410578 1.73715063813142 1.36197557183914 1.10442197299562 1.70898493425921 1.61445137951523 1.41593517595902 1.68286271975376 1.50907751987688 1.21905168518424 1.25932157412171 1.38025400298648
0.946424814406782 1.09826156683266 0 1.69886357709765 1.93791498360224 1.38863456505351 1.64094000984915 1.23943946394138 1.39093054458499 0.98154368577525 1.03276922809891 1.40542956534773 1.7939791388344 1.81426085415296 1.55274096224457 1.23589240270667 1.51794147212058 1.41685906518251 1.40958431386389 1.3923318979796 1.28303782478906 1.79261218081228 1.43531398056075 1.75543738063425 1.70054389722645 1.25025649764575 1.66503567434847 1.6395419833716 1.74919933825731 1.26621633511968
1.04601599718444 1.52595984470099 1.69886357709765 0 1.73960314737633 1.20317318802699 1.39730001846328 1.89874005201273 1.15544953756034 1.41537970630452 1.90639154566452 1.50560648739338 1.05829899478704 1.71638841624372 1.47725208499469 1.46590636880137 1.5422771810554 1.21220480138436 1.02037692326121 1.35214009368792 1.91933556739241 1.72256396780722 1.3793472237885 1.10626495024189 1.40763530530967 1.37420043488964 1.47768581449054 1.06761690508574 1.43365813745186 1.61663390160538
1.62857302743942 1.03005212778226 1.93791498360224 1.73960314737633 0 1.21753007546067 1.91325494158082 1.2679263073951 1.14278231468052 1.33424667012878 1.41339537152089 1.11012959224172 1.74765764572658 1.52065753145143 1.70983418938704 1.83528939029202 0.975265472661704 1.54570469958708 1.53774005454034 1.78769557969645 1.58107766369358 1.92041203938425 1.20782677456737 1.00573840481229 1.14095614524558 1.85194260696881 0.955425607273355 1.54018848575652 1.21316712279804 1.45518458099104
1.04256027913652 1.75189155433327 1.38863456505351 1.20317318802699 1.21753007546067 0 1.45482342946343 1.09424686501734 1.52914335113019 0.988987385295331 1.11672408413142 1.87706502340734 1.3231961322017 1.074714071583 1.12884396035224 1.64486569375731 1.90113937435672 1.54614050872624 1.06793093075976 1.87647189479321 1.3697829300072 1.92758233658969 1.06575579824857 1.8562225503847 1.15365032362752 1.53547975118272 1.03331769024953 1.06238439190201 1.32306092465296 0.99407856632024
1.19837505486794 1.39683320256881 1.64094000984915 1.39730001846328 1.91325494158082 1.45482342946343 0 1.54544743406586 1.28422462916933 1.52490520104766 1.22324681235477 1.19709276384674 1.89373931661248 1.54697301774286 1.59877304080874 1.81815208261833 1.35612925281748 1.80825286149047 1.14192765764892 1.37015233980492 1.92196236387827 1.84025429026224 1.59916258370504 1.83761981106363 1.40981932124123 1.67306127189659 1.70420825621113 1.62880390905775 1.53331953170709 1.4300625580363
0.977798506850377 1.85393196088262 1.23943946394138 1.89874005201273 1.2679263073951 1.09424686501734 1.54544743406586 0 1.27350409864448 1.94030669773929 1.12936605862342 1.77138498658314 1.07850899430923 1.76613362203352 1.45689878077246 1.47766092303209 1.4400865745265 1.76834515086375 1.42475073295645 1.22763512493111 1.5518681590911 1.56195199885406 1.21501153311692 1.5398849863559 1.41231355490163 1.50729557266459 1.72050472092815 1.5956416875124 1.63811586052179 1.89749146695249
1.90644155396149 1.0595973727759 1.39093054458499 1.15544953756034 1.14278231468052 1.52914335113019 1.28422462916933 1.27350409864448 0 1.39746619318612 1.37872457341291 1.81338686216623 1.24604353681207 1.92875368800014 1.9221430241596 1.04320097458549 1.46510530496016 1.04374681669287 1.26303763710894 1.83422136097215 1.15385816665366 1.24225264671259 1.30707161035389 1.20238449354656 1.63509871903807 1.48621212528087 0.982399293920025 0.970825333613902 1.74010347365402 1.88586684782058
1.92796850018203 1.9037316434551 0.98154368577525 1.41537970630452 1.33424667012878 0.988987385295331 1.52490520104766 1.94030669773929 1.39746619318612 0 1.73086124192923 1.68387464154512 1.72523285914212 1.8079172600992 1.54757584864274 1.65661264164373 1.52670671534725 1.86979346675798 1.6340505334083 1.74673706968315 1.24575709202327 1.77923116297461 1.06891519157216 1.87474389560521 1.80069896602072 1.11532587022521 1.04755512438715 1.47204917669296 1.89491791580804 1.42274296912365
1.01445116940886 1.1397469828371 1.03276922809891 1.90639154566452 1.41339537152089 1.11672408413142 1.22324681235477 1.12936605862342 1.37872457341291 1.73086124192923 0 1.24673244263977 1.23568897438236 1.24553564330563 1.52957543288358 0.966351836221293 1.67275448935106 1.57539914688095 1.78536558477208 1.1986747381743 1.53623252105899 1.45172776468098 1.47117296559736 1.2814715122804 0.974738044664264 1.25175506388769 1.23715367470868 1.3307686583139 1.51807732274756 1.83419847791083
1.44690747116692 1.82479599723592 1.40542956534773 1.50560648739338 1.11012959224172 1.87706502340734 1.19709276384674 1.77138498658314 1.81338686216623 1.68387464154512 1.24673244263977 0 1.19812546460889 1.47979868482798 1.4180550230667 1.83743651746772 1.47858398640528 1.83754973183386 1.1530616376549 1.26927087781951 1.1411838887725 1.3187234706711 1.47485950472765 1.56774105154909 1.37291547865607 0.98570589069277 1.87870528898202 1.03318776143715 1.18008049181662 1.49794038524851
1.78091062093154 1.35668493388221 1.7939791388344 1.05829899478704 1.74765764572658 1.3231961322017 1.89373931661248 1.07850899430923 1.24604353681207 1.72523285914212 1.23568897438236 1.19812546460889 0 1.87280503497459 1.51864987867884 1.13457017438486 1.70693790027872 1.50421554292552 1.4917398034595 1.25948432926089 1.20154175185598 1.73342431755736 1.86171498801559 0.99795234343037 1.17828463786282 0.941171458223835 1.5706893526949 1.50235753390007 1.6392809683457 1.10209617321379
0.946893743239343 1.93759249406867 1.81426085415296 1.71638841624372 1.52065753145143 1.074714071583 1.54697301774286 1.76613362203352 1.92875368800014 1.8079172600992 1.24553564330563 1.47979868482798 1.87280503497459 0 1.62040212587453 1.59302645293064 1.66698039346375 1.29912705393508 0.963125571841374 1.80655603297055 1.24940212070942 1.89611988700926 1.37140084267594 0.992752115009353 1.80132754985243 1.03176019992679 1.54763170494698 1.11886239936575 0.941946083679795 1.77175278542563
1.07057498395443 1.07743236981332 1.55274096224457 1.47725208499469 1.70983418938704 1.12884396035224 1.59877304080874 1.45689878077246 1.9221430241596 1.54757584864274 1.52957543288358 1.4180550230667 1.51864987867884 1.62040212587453 0 1.91978837689385 1.76546632614918 1.1032783081755 1.40052058640867 1.65276310639456 1.8654633781407 1.10359855392016 1.10352390538901 0.962625563610345 0.960374821675941 1.59576351451688 1.79168183053844 1.00133003410883 1.24048010492697 1.93702062289231
1.45704073505476 1.12394070089795 1.23589240270667 1.46590636880137 1.83528939029202 1.64486569375731 1.81815208261833 1.47766092303209 1.04320097458549 1.65661264164373 0.966351836221293 1.83743651746772 1.13457017438486 1.59302645293064 1.91978837689385 0 1.56523579312488 1.43138509872369 1.11203786032274 1.87365678441711 1.28842059941962 1.09145890409127 1.08263637614436 1.01509192842059 1.21541225141846 1.32130682631396 1.16704168426804 1.56037134933285 1.6468271126505 1.46524076117203
1.77892838278785 1.72338599525392 1.51794147212058 1.5422771810554 0.975265472661704 1.90113937435672 1.35612925281748 1.4400865745265 1.46510530496016 1.52670671534725 1.67275448935106 1.47858398640528 1.70693790027872 1.66698039346375 1.76546632614918 1.56523579312488 0 1.4470426144544 1.42405946389772 1.7458372048568 1.17808067868464 1.41747340420261 1.77288756705821 1.07476272108033 1.04709983570501 1.71175260166638 1.92033716500737 1.12342996965162 1.82239655265585 1.3025680151768
1.30252129747532 1.66542438440956 1.41685906518251 1.21220480138436 1.54570469958708 1.54614050872624 1.80825286149047 1.76834515086375 1.04374681669287 1.86979346675798 1.57539914688095 1.83754973183386 1.50421554292552 1.29912705393508 1.1032783081755 1.43138509872369 1.4470426144544 0 1.50343233393505 1.4343038816005 1.6048075677827 1.11914054560475 1.82668828591704 1.32239889726043 1.76910737878643 1.53765369509347 1.14697423996404 1.83722030301578 1.9300271270331 1.21533634793013
1.53548186388798 1.0674334410578 1.40958431386389 1.02037692326121 1.53774005454034 1.06793093075976 1.14192765764892 1.42475073295645 1.26303763710894 1.6340505334083 1.78536558477208 1.1530616376549 1.4917398034595 0.963125571841374 1.40052058640867 1.11203786032274 1.42405946389772 1.50343233393505 0 1.7446621444542 1.37127049802803 1.02898515574634 1.06905277189799 1.74537058989517 1.27869718312286 1.7597203059122 1.87458108062856 1.89617874706164 1.90097292908467 1.42630471056327
1.28799074934795 1.73715063813142 1.3923318979796 1.35214009368792 1.78769557969645 1.87647189479321 1.37015233980492 1.22763512493111 1.83422136097215 1.74673706968315 1.1986747381743 1.26927087781951 1.25948432926089 1.80655603297055 1.65276310639456 1.87365678441711 1.7458372048568 1.4343038816005 1.7446621444542 0 1.43469950836152 1.00679565337487 1.03367941058241 1.68662019097246 1.58021461009048 1.57130478951149 1.48613275680691 1.69462067470886 1.3282908659894 1.86850808095187
1.70557635161094 1.36197557183914 1.28303782478906 1.91933556739241 1.58107766369358 1.3697829300072 1.92196236387827 1.5518681590911 1.15385816665366 1.24575709202327 1.53623252105899 1.1411838887725 1.20154175185598 1.24940212070942 1.8654633781407 1.28842059941962 1.17808067868464 1.6048075677827 1.37127049802803 1.43469950836152 0 1.42359937168658 0.993477812036872 1.76535506267101 0.962561265565455 1.63783119991422 1.39108125609346 1.4313436052762 1.49924722500145 1.60625153430738
1.89219435211271 1.10442197299562 1.79261218081228 1.72256396780722 1.92041203938425 1.92758233658969 1.84025429026224 1.56195199885406 1.24225264671259 1.77923116297461 1.45172776468098 1.3187234706711 1.73342431755736 1.89611988700926 1.10359855392016 1.09145890409127 1.41747340420261 1.11914054560475 1.02898515574634 1.00679565337487 1.42359937168658 0 1.31814143527299 1.33990061702207 1.23405449860729 1.84430759074166 1.5060208318755 1.62958951550536 1.85897251567803 1.14547617500648
0.997464560670778 1.70898493425921 1.43531398056075 1.3793472237885 1.20782677456737 1.06575579824857 1.59916258370504 1.21501153311692 1.30707161035389 1.06891519157216 1.47117296559736 1.47485950472765 1.86171498801559 1.37140084267594 1.10352390538901 1.08263637614436 1.77288756705821 1.82668828591704 1.06905277189799 1.03367941058241 0.993477812036872 1.31814143527299 0 1.6206949565094 1.22795832669362 1.31020064512268 1.1199781706091 1.14303052751347 1.46022515767254 1.09459423483349
1.12247291277163 1.61445137951523 1.75543738063425 1.10626495024189 1.00573840481229 1.8562225503847 1.83761981106363 1.5398849863559 1.20238449354656 1.87474389560521 1.2814715122804 1.56774105154909 0.99795234343037 0.992752115009353 0.962625563610345 1.01509192842059 1.07476272108033 1.32239889726043 1.74537058989517 1.68662019097246 1.76535506267101 1.33990061702207 1.6206949565094 0 1.1566431785468 1.59994756197557 1.9183163291309 0.967057668138295 1.34410831751302 1.23906290135346
1.4089978931006 1.41593517595902 1.70054389722645 1.40763530530967 1.14095614524558 1.15365032362752 1.40981932124123 1.41231355490163 1.63509871903807 1.80069896602072 0.974738044664264 1.37291547865607 1.17828463786282 1.80132754985243 0.960374821675941 1.21541225141846 1.04709983570501 1.76910737878643 1.27869718312286 1.58021461009048 0.962561265565455 1.23405449860729 1.22795832669362 1.1566431785468 0 1.65035949391313 1.52380307065323 1.05946911382489 1.03266680357046 1.31712916935794
1.14994283346459 1.68286271975376 1.25025649764575 1.37420043488964 1.85194260696881 1.53547975118272 1.67306127189659 1.50729557266459 1.48621212528087 1.11532587022521 1.25175506388769 0.98570589069277 0.941171458223835 1.03176019992679 1.59576351451688 1.32130682631396 1.71175260166638 1.53765369509347 1.7597203059122 1.57130478951149 1.63783119991422 1.84430759074166 1.31020064512268 1.59994756197557 1.65035949391313 0 1.91026527551003 1.71335010090843 1.31296071433462 1.87779146083631
1.74447906017303 1.50907751987688 1.66503567434847 1.47768581449054 0.955425607273355 1.03331769024953 1.70420825621113 1.72050472092815 0.982399293920025 1.04755512438715 1.23715367470868 1.87870528898202 1.5706893526949 1.54763170494698 1.79168183053844 1.16704168426804 1.92033716500737 1.14697423996404 1.87458108062856 1.48613275680691 1.39108125609346 1.5060208318755 1.1199781706091 1.9183163291309 1.52380307065323 1.91026527551003 0 1.24597807181999 1.41282580629922 1.45865286351182
1.24025710392743 1.21905168518424 1.6395419833716 1.06761690508574 1.54018848575652 1.06238439190201 1.62880390905775 1.5956416875124 0.970825333613902 1.47204917669296 1.3307686583139 1.03318776143715 1.50235753390007 1.11886239936575 1.00133003410883 1.56037134933285 1.12342996965162 1.83722030301578 1.89617874706164 1.69462067470886 1.4313436052762 1.62958951550536 1.14303052751347 0.967057668138295 1.05946911382489 1.71335010090843 1.24597807181999 0 1.05129458173178 0.986246148822829
1.76426109368913 1.25932157412171 1.74919933825731 1.43365813745186 1.21316712279804 1.32306092465296 1.53331953170709 1.63811586052179 1.74010347365402 1.89491791580804 1.51807732274756 1.18008049181662 1.6392809683457 0.941946083679795 1.24048010492697 1.6468271126505 1.82239655265585 1.9300271270331 1.90097292908467 1.3282908659894 1.49924722500145 1.85897251567803 1.46022515767254 1.34410831751302 1.03266680357046 1.31296071433462 1.41282580629922 1.05129458173178 0 1.77839031303301
1.11981459590606 1.38025400298648 1.26621633511968 1.61663390160538 1.45518458099104 0.99407856632024 1.4300625580363 1.89749146695249 1.88586684782058 1.42274296912365 1.83419847791083 1.49794038524851 1.10209617321379 1.77175278542563 1.93702062289231 1.46524076117203 1.3025680151768 1.21533634793013 1.42630471056327 1.86850808095187 1.60625153430738 1.14547617500648 1.09459423483349 1.23906290135346 1.31712916935794 1.87779146083631 1.45865286351182 0.986246148822829 1.77839031303301 0
