0 1.46431166515686 1.44648559880443 1.14416887029074 1.23927837656811 1.59762406069785 1.50405742204748 1.25144812092185 1.23388774413615 1.28076138463803 1.40885305264965 1.4955090614967 0.989574369741604 1.78089758125134 1.64740680903196 1.63706535217352 1.54821549798362 1.90707958396524 0.954875700641423 1.53608821122907 1.64150355663151 1.57984974631108 1.8099231235683 0.966583990026265 1.57953375927173 1.41428186488338 1.34864277741872 1.77680176310241 0.969528478337452 1.47332965862006
1.46431166515686 0 1.31879817857407 1.31124191661365 0.997971793171018 1.10908025922254 1.3440195505973 1.40947975846939 1.16405043401755 1.80135146109387 1.51979020377621 1.49993029423058 1.73792141466402 1.74304441711865 1.21057386393659 1.25234718271531 1.36053591105156 1.41101409168914 1.48620669683442 1.76028750068508 0.985548834316432 0.98909018188715 1.37686322187074 1.40741147310473 1.90196960652247 1.03423502505757 1.44735505268909 1.36280508805066 1.57658321363851 1.76678008004092
1.44648559880443 1.31879817857407 0 1.87284325622022 1.86068756552413 1.52851373865269 1.30485594645143 1.64196113729849 1.19117937516421 1.57023095828481 1.42337133409455 1.67320389230736 1.13737152540125 1.72897155303508 1.20080283447169 1.55569850443862 1.07512771175243 1.05444359732792 1.84654979081824 1.49845025246032 1.82102444604971 1.91026439890265 1.56608209758997 1.92534953868017 1.74520835629664 1.64752687606961 1.37796020135283 1.57843336160295 1.40169885288924 1.26517338841222
1.14416887029074 1.31124191661365 1.87284325622022 0 1.74418101692572 1.02289184276015 1.81085696048103 1.46195090329275 1.90712853032164 1.48064783960581 1.66699209599756 1.60804570373148 1.51654595509171 1.20461080200039 1.64590935735032 1.82365781348199 1.75088207167573 1.12124555162154 1.93271243502386 1.47755127004348 1.25757530797273 1.10564787313342 1.37081195274368 1.15291502396576 1.17182559939101 1.57108665304258 1.87282095779665 1.16247529815882 1.03009293368086 1.5716066963505
1.23927837656811 0.997971793171018 1.86068756552413 1.74418101692572 0 1.07072527194396 1.59421346266754 1.3085310831666 1.15733371512033 1.14650200516917 1.69793814443983 1.92704019183293 1.39655595715158 1.20098735555075 1.11039199400693 1.75624339608476 1.21847975510173 1.76832763152197 1.59618078055792 1.22761729848571 1.15927647124045 1.52308403607458 0.972097204765305 1.87643943470903 0.978302494622767 0.956536850193515 1.18113885656931 1.16562266740948 1.22592798271216 1.54463210096583
1.59762406069785 1.10908025922254 1.52851373865269 1.02289184276015 1.07072527194396 0 1.50311223766766 1.30829744273797 1.29858902771957 1.51487425598316 1.26098761870526 1.37143439729698 1.86887276894413 1.48107059882022 1.19435362541117 1.01575280493125 1.16362384939566 1.60836513759568 1.70265833847225 1.08560261572711 1.17916298704222 1.11914395773783 1.24940662505105 1.22592968423851 0.993787680286914 1.36918232310563 1.41111323982477 1.87535205972381 1.57469910103828 0.996402518358082
1.50405742204748 1.3440195505973 1.30485594645143 1.81085696048103 1.59421346266754 1.50311223766766 0 1.68643838074058 1.57727174996398 1.26986415265128 1.85463655740023 1.32220108946785 1.33528597373515 1.25945123867132 0.985879209823906 1.62600770755671 1.57380095520057 1.75524999061599 1.33959094481543 1.14111970667727 1.2706464768853 1.43743293988518 1.60927202133462 1.7700183421839 1.62828171416186 1.66509862407111 1.19195983582176 1.79476618999615 1.12254160200246 1.63182143564336
1.25144812092185 1.40947975846939 1.64196113729849 1.46195090329275 1.3085310831666 1.30829744273797 1.68643838074058 0 1.32377149630338 1.23336248635314 1.34209399926476 1.79820684413426 1.13510918081738 0.962788198608905 1.08597969566472 1.3476198296994 1.44541016197763 1.39824491925538 1.39459120808169 1.79775710566901 1.08214691467583 1.02625803253613 1.38381470320746 1.11060265102424 1.67072110925801 1.27402758039534 1.76591179938987 1.24675813526846 1.71999648050405 1.88328706822358
1.23388774413615 1.16405043401755 1.19117937516421 1.90712853032164 1.15733371512033 1.29858902771957 1.57727174996398 1.32377149630338 0 1.35934987803921 1.91024033003487 1.35251502459869 1.60179701820016 1.87534593930468 1.41263026790693 1.67193419742398 1.88927094405517 1.92020556144416 1.01663246750832 1.18045980343595 1.12617561151274 1.30422982177697 1.35662323003635 1.00779285933822 1.44990372797474 1.08529066410847 1.77293740515597 1.92943555116653 0.951577767031267 1.4136095426511
1.28076138463803 1.80135146109387 1.57023095828481 1.48064783960581 1.14650200516917 1.51487425598316 1.26986415265128 1.23336248635314 1.35934987803921 0 1.40414299070835 1.28125850204378 0.975907723419368 1.19614301179536 1.01130888005719 1.81037290580571 1.35156357381493 1.4149029054679 1.59843871113844 1.41981952614151 0.9735440723598 1.19414581055753 1.65893629100174 1.09194574365392 1.62407156615518 1.32969698612578 1.82783552934416 1.07137449039146 1.16814795043319 1.19485956174321
1.40885305264965 1.51979020377621 1.42337133409455 1.66699209599756 1.69793814443983 1.26098761870526 1.85463655740023 1.34209399926476 1.91024033003487 1.40414299070835 0 1.07792749605142 1.62518225121312 1.11552876303904 1.83259230223484 1.70376163208857 1.62061628722586 1.73492578673176 1.17724724439904 1.57225176529028 1.8693259395659 1.93915500026196 1.83757627755404 0.984984748065472 1.23335323482752 1.37725762859918 1.82244343333878 1.71682504890487 1.2326443453785 1.58415595511906
1.4955090614967 1.49993029423058 1.67320389230736 1.60804570373148 1.92704019183293 1.37143439729698 1.32220108946785 1.79820684413426 1.35251502459869 1.28125850204378 1.07792749605142 0 1.33789162663743 1.79884399287403 1.47452643071301 1.90145184984431 1.27968660043553 1.87951512495056 1.03983397479169 1.73869963618927 1.08351144962944 1.80221442366019 1.60829841415398 1.80013175820932 1.66310789179988 1.19541622977704 1.5269383226987 1.2574362300802 1.83044669334777 1.32410897896625
0.989574369741604 1.73792141466402 1.13737152540125 1.51654595509171 1.39655595715158 1.86887276894413 1.33528597373515 1.13510918081738 1.60179701820016 0.975907723419368 1.62518225121312 1.33789162663743 0 1.46835856116377 1.52595025463961 1.47470478457399 1.36679200921208 0.995483429869637 1.8277928752359 1.89668374322355 1.13646612246521 1.87878369307145 1.31976958853193 1.72570913401432 1.2484388013836 1.86685291747563 1.26351341744885 0.991658432641998 1.51940926653333 1.46910050185397
1.78089758125134 1.74304441711865 1.72897155303508 1.20461080200039 1.20098735555075 1.48107059882022 1.25945123867132 0.962788198608905 1.87534593930468 1.19614301179536 1.11552876303904 1.79884399287403 1.46835856116377 0 1.4937913462054 1.00981993996538 1.88899806467816 1.80554867000319 1.2342896561604 1.09687749529257 1.25811701570638 1.33228615648113 0.991442977450788 1.05400334810838 1.18736931076273 1.73761483747512 1.49869411136024 1.77679557981901 1.83159823599271 1.26162747875787
1.64740680903196 1.21057386393659 1.20080283447169 1.64590935735032 1.11039199400693 1.19435362541117 0.985879209823906 1.08597969566472 1.41263026790693 1.01130888005719 1.83259230223484 1.47452643071301 1.52595025463961 1.4937913462054 0 1.26190060796216 1.14549568970688 1.50136226112954 0.984403560403734 1.55970116169192 0.980712231015787 1.14813872706145 1.27975067705847 1.78831086400896 1.02141737984493 1.79349512397312 1.10425573866814 1.72114880359732 1.9114732358139 1.70339686004445
1.63706535217352 1.25234718271531 1.55569850443862 1.82365781348199 1.75624339608476 1.01575280493125 1.62600770755671 1.3476198296994 1.67193419742398 1.81037290580571 1.70376163208857 1.90145184984431 1.47470478457399 1.00981993996538 1.26190060796216 0 1.69789145514369 1.43480333895423 1.82152016763575 1.88849701057188 1.04122446943074 1.88644437794574 1.31396876089275 1.18778914795257 1.74002751638182 1.02101704990491 1.3023386830464 1.66274146712385 1.33306756708771 1.59966527600773
1.54821549798362 1.36053591105156 1.07512771175243 1.75088207167573 1.21847975510173 1.16362384939566 1.57380095520057 1.44541016197763 1.88927094405517 1.35156357381493 1.62061628722586 1.27968660043553 1.36679200921208 1.88899806467816 1.14549568970688 1.69789145514369 0 1.55168270482682 1.5483440014068 1.422611505026 1.15120346215554 1.75589355966076 1.64819650608115 1.3100845310837 1.86130585847422 1.79673463758081 1.53338163276203 1.80594598106109 1.16041884431615 1.16644590115175
1.90707958396524 1.41101409168914 1.05444359732792 1.12124555162154 1.76832763152197 1.60836513759568 1.75524999061599 1.39824491925538 1.92020556144416 1.4149029054679 1.73492578673176 1.87951512495056 0.995483429869637 1.80554867000319 1.50136226112954 1.43480333895423 1.55168270482682 0 1.86661343672313 1.8952825430315 1.56048942916095 1.56394239584915 1.58720840909518 1.28596364916302 1.66460904316045 1.65183247299865 1.41061841044575 1.33537178486586 0.968627794412896 1.65175359463319
0.954875700641423 1.48620669683442 1.84654979081824 1.93271243502386 1.59618078055792 1.70265833847225 1.33959094481543 1.39459120808169 1.01663246750832 1.59843871113844 1.17724724439904 1.03983397479169 1.8277928752359 1.2342896561604 0.984403560403734 1.82152016763575 1.5483440014068 1.86661343672313 0 1.04229590157047 1.02525475481525 1.07673173397779 1.15322940517217 1.77071606996469 1.7481117460411 1.86798580060713 1.38633205113001 1.6852044458501 1.91575967567042 1.45882088155486
1.53608821122907 1.76028750068508 1.49845025246032 1.47755127004348 1.22761729848571 1.08560261572711 1.14111970667727 1.79775710566901 1.18045980343595 1.41981952614151 1.57225176529028 1.73869963618927 1.89668374322355 1.09687749529257 1.55970116169192 1.88849701057188 1.422611505026 1.8952825430315 1.04229590157047 0 1.15420869993977 1.50254082446918 1.81741649704054 1.24479117360897 1.13668395043351 1.50021680793725 1.3473633909598 1.59015602292493 1.54837829223834 1.53114244923927
1.64150355663151 0.985548834316432 1.82102444604971 1.25757530797273 1.15927647124045 1.17916298704222 1.2706464768853 1.08214691467583 1.12617561151274 0.9735440723598 1.8693259395659 1.08351144962944 1.13646612246521 1.25811701570638 0.980712231015787 1.04122446943074 1.15120346215554 1.56048942916095 1.02525475481525 1.15420869993977 0 1.53646647022106 1.51170983444899 1.82916731480509 1.44543871702626 1.32631654758006 1.07772067864425 1.18633191450499 1.42512333462946 0.994528933428228
1.57984974631108 0.98909018188715 1.91026439890265 1.10564787313342 1.52308403607458 1.11914395773783 1.43743293988518 1.02625803253613 1.30422982177697 1.19414581055753 1.93915500026196 1.80221442366019 1.87878369307145 1.33228615648113 1.14813872706145 1.88644437794574 1.75589355966076 1.56394239584915 1.07673173397779 1.50254082446918 1.53646647022106 0 1.90470006805845 1.66903476766311 1.30876067047939 1.01581108639948 1.80931116361171 1.6158763251733 1.41822640551254 1.07598259462975
1.8099231235683 1.37686322187074 1.56608209758997 1.37081195274368 0.972097204765305 1.24940662505105 1.60927202133462 1.38381470320746 1.35662323003635 1.65893629100174 1.83757627755404 1.60829841415398 1.31976958853193 0.991442977450788 1.27975067705847 1.31396876089275 1.64819650608115 1.58720840909518 1.15322940517217 1.81741649704054 1.51170983444899 1.90470006805845 0 1.65308709512465 1.59107377822511 1.91745269950479 1.09363429085352 1.68384379823692 1.16361777530983 1.18222362850793
0.966583990026265 1.40741147310473 1.92534953868017 1.15291502396576 1.87643943470903 1.22592968423851 1.7700183421839 1.11060265102424 1.00779285933822 1.09194574365392 0.984984748065472 1.80013175820932 1.72570913401432 1.05400334810838 1.78831086400896 1.18778914795257 1.3100845310837 1.28596364916302 1.77071606996469 1.24479117360897 1.82916731480509 1.66903476766311 1.65308709512465 0 1.08873910480179 1.5726549627725 1.91451232670806 1.25573966023512 1.9148411527276 1.2086720096413
1.57953375927173 1.90196960652247 1.74520835629664 1.17182559939101 0.978302494622767 0.993787680286914 1.62828171416186 1.67072110925801 1.44990372797474 1.62407156615518 1.23335323482752 1.66310789179988 1.2484388013836 1.18736931076273 1.02141737984493 1.74002751638182 1.86130585847422 1.66460904316045 1.7481117460411 1.13668395043351 1.44543871702626 1.30876067047939 1.59107377822511 1.08873910480179 0 1.43792102113366 1.75030420999974 1.32419642223977 1.73924637376331 1.47521023638546
1.41428186488338 1.03423502505757 1.64752687606961 1.57108665304258 0.956536850193515 1.36918232310563 1.66509862407111 1.27402758039534 1.08529066410847 1.32969698612578 1.37725762859918 1.19541622977704 1.86685291747563 1.73761483747512 1.79349512397312 1.02101704990491 1.79673463758081 1.65183247299865 1.86798580060713 1.50021680793725 1.32631654758006 1.01581108639948 1.91745269950479 1.5726549627725 1.43792102113366 0 1.01863749185577 1.48068261542358 0.956513573648408 1.66618174430914
1.34864277741872 1.44735505268909 1.37796020135283 1.87282095779665 1.18113885656931 1.41111323982477 1.19195983582176 1.76591179938987 1.77293740515597 1.82783552934416 1.82244343333878 1.5269383226987 1.26351341744885 1.49869411136024 1.10425573866814 1.3023386830464 1.53338163276203 1.41061841044575 1.38633205113001 1.3473633909598 1.07772067864425 1.80931116361171 1.09363429085352 1.91451232670806 1.75030420999974 1.01863749185577 0 1.35514207230881 1.05269765714183 1.08935639960691
1.77680176310241 1.36280508805066 1.57843336160295 1.16247529815882 1.16562266740948 1.87535205972381 1.79476618999615 1.24675813526846 1.92943555116653 1.07137449039146 1.71682504890487 1.2574362300802 0.991658432641998 1.77679557981901 1.72114880359732 1.66274146712385 1.80594598106109 1.33537178486586 1.6852044458501 1.59015602292493 1.18633191450499 1.6158763251733 1.68384379823692 1.25573966023512 1.32419642223977 1.48068261542358 1.35514207230881 0 1.44321579905227 1.9359201611951
0.969528478337452 1.57658321363851 1.40169885288924 1.03009293368086 1.22592798271216 1.57469910103828 1.12254160200246 1.71999648050405 0.951577767031267 1.16814795043319 1.2326443453785 1.83044669334777 1.51940926653333 1.83159823599271 1.9114732358139 1.33306756708771 1.16041884431615 0.968627794412896 1.91575967567042 1.54837829223834 1.42512333462946 1.41822640551254 1.16361777530983 1.9148411527276 1.73924637376331 0.956513573648408 1.05269765714183 1.44321579905227 0 1.279335179599
1.47332965862006 1.76678008004092 1.26517338841222 1.5716066963505 1.54463210096583 0.996402518358082 1.63182143564336 1.88328706822358 1.4136095426511 1.19485956174321 1.58415595511906 1.32410897896625 1.46910050185397 1.26162747875787 1.70339686004445 1.59966527600773 1.16644590115175 1.65175359463319 1.45882088155486 1.53114244923927 0.994528933428228 1.07598259462975 1.18222362850793 1.2086720096413 1.47521023638546 1.66618174430914 1.08935639960691 1.9359201611951 1.279335179599 0
