0 1.73983138939366 0.927783084567636 1.81991059379652 1.74909036699682 0.963278861483559 1.52185211214237 1.36102796182968 1.20636073476635 1.83128123939969 1.39083829312585 1.56106331641786 1.07954501849599 1.60166241414845 1.34591499064118 1.88730315049179 1.40850553708151 1.20641651120968 1.80486712208949 1.30220070923679 1.7516117291525 1.74826138676144 1.67271834937856 1.88557586283423 0.977258223108947 1.65033560735174 1.36565605155192 1.60076306993142 1.45601073862053 1.86078146938235
1.73983138939366 0 1.08325125230476 1.32426712871529 1.88792732334696 1.19622959941626 1.65432007331401 0.966691313544288 1.38953250460327 0.927981602260843 1.56063733017072 1.27555682184175 1.59244892024435 1.38972439290956 0.956133390543982 1.55342762055807 1.09835572470911 0.913992179557681 1.44068087963387 1.62654486042447 1.50473334570415 1.81491258577444 1.88734596269205 1.37822627369314 1.12201469577849 1.07862404338084 1.09805254801176 1.3681623255834 1.33520530653186 1.69559038197622
0.927783084567636 1.08325125230476 0 1.81428707763553 1.29649481200613 1.81819405034184 1.27567069209181 0.937585718231276 1.62680483981967 1.42279115994461 1.48842607089318 0.995732206152752 1.27500222204253 1.30675186030567 1.19956276658922 1.32755223754793 1.66990750050172 1.28545849490911 1.09793697972782 1.42797884927131 1.20101358066313 1.10839601303451 1.31590560823679 1.28199671930633 1.08248641504906 1.20106374146417 1.57084052101709 1.61008170223795 1.85308143589646 1.04969087522477
1.81991059379652 1.32426712871529 1.81428707763553 0 1.4250165624544 1.46844387962483 1.14521086146124 0.994834109675139 1.35524885472842 1.82880506711081 1.68264296930283 1.47785635828041 1.08491219044663 1.78611223585904 1.00378875387833 1.22838898329064 1.32674557925202 1.18056398723274 1.35521181370132 1.8927449665498 1.22523731738329 1.56776378746144 1.78791290870868 1.74123407201841 1.28598326281644 0.975077228620648 1.45182748883963 1.0994672565721 1.62416474288329 1.7284188491758
1.74909036699682 1.88792732334696 1.29649481200613 1.4250165624544 0 1.52327034319751 1.03871868387796 1.41114816907793 1.46449491754174 1.44347407226451 1.7423506709747 1.049669459695 1.12118153995834 1.28106711083092 1.81668886123225 1.70387644693255 1.24486125679687 1.0681114946492 1.43086040858179 1.89322956092656 1.85360387014225 1.34193239593878 1.14323002751917 1.69330895016901 1.77623907034285 1.14355543861166 1.13416837435216 1.10765671799891 1.14671249105595 1.89120396994986
0.963278861483559 1.19622959941626 1.81819405034184 1.46844387962483 1.52327034319751 0 1.46455051749945 1.49558161688037 1.06733781844378 1.45394666609354 1.43515802500769 1.86202153423801 1.6240000098478 1.89891623402946 1.69200108386576 1.18515150947496 1.54152167751454 1.80710181547329 1.54289278178476 1.45810600183904 1.60917623224668 1.29592115338892 1.13793452922255 1.56859255721793 1.38183685578406 1.31284421053715 1.38503513787873 1.82580167846754 0.924249499104917 1.70039379922673
1.52185211214237 1.65432007331401 1.27567069209181 1.14521086146124 1.03871868387796 1.46455051749945 0 1.29916876531206 1.22781568113714 1.46377085102722 0.918476188089699 1.21861014678143 1.36605281056836 1.36713146790862 1.73354911012575 1.30606081406586 1.69145584409125 1.69499332061969 1.68872837815434 1.19913251115941 1.50781604764052 0.953326847171411 1.86936236987822 1.39623065991327 1.62236909731291 1.2507909364067 1.10119764273986 1.35665940167382 1.81085037766024 1.90750498580746
1.36102796182968 0.966691313544288 0.937585718231276 0.994834109675139 1.41114816907793 1.49558161688037 1.29916876531206 0 1.1359746363014 1.64571975800209 1.87668634974398 1.38398609869182 1.72751047671773 1.32262653717771 1.77479821420275 1.86345409462228 1.34309953800403 1.76961104641668 1.04330680053681 0.99278653645888 1.42037942819297 1.39579247729853 1.52132683736272 0.971591342706233 1.0615027975291 1.23820614209399 1.40933330659755 1.37996192998253 1.00900736800395 1.32481686957181
1.20636073476635 1.38953250460327 1.62680483981967 1.35524885472842 1.46449491754174 1.06733781844378 1.22781568113714 1.1359746363014 0 0.961179516511038 1.04755474277772 1.29367896891199 1.07586332294159 1.37034868751653 1.43812827859074 1.68822846096009 1.72800447209738 1.5928965988569 1.5103709497489 1.45333461021073 1.73355971369892 0.9150637506973 1.474920227658 1.723970990628 1.08397205919027 1.70575347193517 1.26768765435554 1.06175344227813 0.990322630852461 1.13459389237687
1.83128123939969 0.927981602260843 1.42279115994461 1.82880506711081 1.44347407226451 1.45394666609354 1.46377085102722 1.64571975800209 0.961179516511038 0 1.29445677204058 1.36546909110621 1.75011147023179 1.13509165775031 1.09922680910677 0.93779876222834 1.55508205061778 1.31698330375366 1.52443964709528 1.37838071025908 1.34435948729515 1.19757974520326 1.46041811839677 1.47136655123904 1.17502195737325 1.5752446486149 1.86127632926218 1.85206003068015 1.23353859805502 1.60675154812634
1.39083829312585 1.56063733017072 1.48842607089318 1.68264296930283 1.7423506709747 1.43515802500769 0.918476188089699 1.87668634974398 1.04755474277772 1.29445677204058 0 1.82584967184812 1.38835639739409 1.19733455381356 1.54090894176625 1.06045954907313 1.64589456003159 1.4648042502813 1.8034325458575 1.76667957822792 1.20803395332769 1.82200625073165 1.28984184470028 1.79949643602595 1.3442460023798 1.59223318775184 1.81064110295847 1.53928269189782 1.35933820414357 1.02250747662038
1.56106331641786 1.27555682184175 0.995732206152752 1.47785635828041 1.049669459695 1.86202153423801 1.21861014678143 1.38398609869182 1.29367896891199 1.36546909110621 1.82584967184812 0 1.7284641712904 1.55601456481963 1.15684888884425 1.32515294407494 0.941456497414038 1.84387380024418 1.11531349574216 1.08280460443348 1.67410578322597 1.52474101190455 1.4844933967106 1.74860636214726 1.79845622205175 1.82302422844805 1.25749716791324 1.75241099880077 1.29714774643071 1.68725817697123
1.07954501849599 1.59244892024435 1.27500222204253 1.08491219044663 1.12118153995834 1.6240000098478 1.36605281056836 1.72751047671773 1.07586332294159 1.75011147023179 1.38835639739409 1.7284641712904 0 1.57359844213352 1.2265308953356 1.86453294428065 1.18374015740119 1.80131251714192 1.75531682698056 1.5507132220082 1.54419750301167 1.59898862126283 1.70950542297214 1.52538961404935 0.981272656470537 1.09237999422476 1.00877390895039 1.87819071277045 1.59028069931082 1.00441003870219
1.60166241414845 1.38972439290956 1.30675186030567 1.78611223585904 1.28106711083092 1.89891623402946 1.36713146790862 1.32262653717771 1.37034868751653 1.13509165775031 1.19733455381356 1.55601456481963 1.57359844213352 0 1.20590996509418 1.47371150390245 1.02755462913774 1.04626157740131 0.923875940032303 1.15050461352803 1.51169879711233 1.03018166357651 1.4941621532198 1.20017852354795 1.25258254283108 1.78343013813719 1.56342391320504 1.65106212394312 0.980040497146547 1.67577366856858
1.34591499064118 0.956133390543982 1.19956276658922 1.00378875387833 1.81668886123225 1.69200108386576 1.73354911012575 1.77479821420275 1.43812827859074 1.09922680910677 1.54090894176625 1.15684888884425 1.2265308953356 1.20590996509418 0 1.22799058607779 1.60915174311958 1.29565860051662 1.00870488001965 1.33353929664008 1.37723702541552 1.18225846881978 1.20581455575302 1.26312579447404 1.57239692867734 1.86318380036391 1.10782735957764 1.82570713059977 1.02539661712945 1.45381844905205
1.88730315049179 1.55342762055807 1.32755223754793 1.22838898329064 1.70387644693255 1.18515150947496 1.30606081406586 1.86345409462228 1.68822846096009 0.93779876222834 1.06045954907313 1.32515294407494 1.86453294428065 1.47371150390245 1.22799058607779 0 1.65668847667985 1.64558504102752 1.60266133164987 1.7797356043011 1.56212713406421 1.87542816228233 1.8736484774854 1.28367027943023 1.03923171875067 0.942348731681705 0.936683910666034 1.47060970193706 1.44623032025993 1.57616703957319
1.40850553708151 1.09835572470911 1.66990750050172 1.32674557925202 1.24486125679687 1.54152167751454 1.69145584409125 1.34309953800403 1.72800447209738 1.55508205061778 1.64589456003159 0.941456497414038 1.18374015740119 1.02755462913774 1.60915174311958 1.65668847667985 0 1.6446335320361 1.33121972181834 1.05802842718549 1.73298537940718 1.85961736366153 1.42492293217219 1.70233308291063 1.86460296320729 0.959509757114574 1.4660522073973 1.00973504409194 1.76449127565138 1.13030446041375
1.20641651120968 0.913992179557681 1.28545849490911 1.18056398723274 1.0681114946492 1.80710181547329 1.69499332061969 1.76961104641668 1.5928965988569 1.31698330375366 1.4648042502813 1.84387380024418 1.80131251714192 1.04626157740131 1.29565860051662 1.64558504102752 1.6446335320361 0 1.47368204523809 1.42160514928401 0.955778937786818 1.88805940933526 1.18580203922465 1.78088562283665 1.63247952400707 1.84063388057984 1.38870722451247 1.25104006403126 1.64496943517588 1.68682599207386
1.80486712208949 1.44068087963387 1.09793697972782 1.35521181370132 1.43086040858179 1.54289278178476 1.68872837815434 1.04330680053681 1.5103709497489 1.52443964709528 1.8034325458575 1.11531349574216 1.75531682698056 0.923875940032303 1.00870488001965 1.60266133164987 1.33121972181834 1.47368204523809 0 1.85871535423212 1.39109187107533 1.23324741888791 1.13717248989269 1.46483559999615 1.87116692494601 1.60081740072928 1.50556245748885 1.18569767707959 1.6315001163166 1.77132712118328
1.30220070923679 1.62654486042447 1.42797884927131 1.8927449665498 1.89322956092656 1.45810600183904 1.19913251115941 0.99278653645888 1.45333461021073 1.37838071025908 1.76667957822792 1.08280460443348 1.5507132220082 1.15050461352803 1.33353929664008 1.7797356043011 1.05802842718549 1.42160514928401 1.85871535423212 0 1.05765360523947 1.80740977427922 1.57455717679113 1.58192976820283 1.4911680475343 0.91766773792915 1.67273365869187 1.09080704022199 0.924042483326048 1.31235691788606
1.7516117291525 1.50473334570415 1.20101358066313 1.22523731738329 1.85360387014225 1.60917623224668 1.50781604764052 1.42037942819297 1.73355971369892 1.34435948729515 1.20803395332769 1.67410578322597 1.54419750301167 1.51169879711233 1.37723702541552 1.56212713406421 1.73298537940718 0.955778937786818 1.39109187107533 1.05765360523947 0 1.14285960746929 1.76755495928228 1.50260290596634 0.98467993689701 1.39444737927988 1.15837623272091 1.87369216862135 1.39098179666325 1.79884858080186
1.74826138676144 1.81491258577444 1.10839601303451 1.56776378746144 1.34193239593878 1.29592115338892 0.953326847171411 1.39579247729853 0.9150637506973 1.19757974520326 1.82200625073165 1.52474101190455 1.59898862126283 1.03018166357651 1.18225846881978 1.87542816228233 1.85961736366153 1.88805940933526 1.23324741888791 1.80740977427922 1.14285960746929 0 1.85236744629219 0.963290553772822 1.82604613970034 1.39618222624995 1.29076069104485 1.20051783975214 1.32720856298693 1.12026431434788
1.67271834937856 1.88734596269205 1.31590560823679 1.78791290870868 1.14323002751917 1.13793452922255 1.86936236987822 1.52132683736272 1.474920227658 1.46041811839677 1.28984184470028 1.4844933967106 1.70950542297214 1.4941621532198 1.20581455575302 1.8736484774854 1.42492293217219 1.18580203922465 1.13717248989269 1.57455717679113 1.76755495928228 1.85236744629219 0 1.73496998334303 1.50851199706085 1.67160841054283 1.69781047897413 1.3958140835166 1.34577491390519 1.87622814741917
1.88557586283423 1.37822627369314 1.28199671930633 1.74123407201841 1.69330895016901 1.56859255721793 1.39623065991327 0.971591342706233 1.723970990628 1.47136655123904 1.79949643602595 1.74860636214726 1.52538961404935 1.20017852354795 1.26312579447404 1.28367027943023 1.70233308291063 1.78088562283665 1.46483559999615 1.58192976820283 1.50260290596634 0.963290553772822 1.73496998334303 0 1.63615979184397 1.44197004870512 1.81887957057916 0.966705937404186 1.90485944622196 1.694766913075
0.977258223108947 1.12201469577849 1.08248641504906 1.28598326281644 1.77623907034285 1.38183685578406 1.62236909731291 1.0615027975291 1.08397205919027 1.17502195737325 1.3442460023798 1.79845622205175 0.981272656470537 1.25258254283108 1.57239692867734 1.03923171875067 1.86460296320729 1.63247952400707 1.87116692494601 1.4911680475343 0.98467993689701 1.82604613970034 1.50851199706085 1.63615979184397 0 1.6357687280979 0.969757091021165 1.46424360736273 1.20643215137534 0.965385812567547
1.65033560735174 1.07862404338084 1.20106374146417 0.975077228620648 1.14355543861166 1.31284421053715 1.2507909364067 1.23820614209399 1.70575347193517 1.5752446486149 1.59223318775184 1.82302422844805 1.09237999422476 1.78343013813719 1.86318380036391 0.942348731681705 0.959509757114574 1.84063388057984 1.60081740072928 0.91766773792915 1.39444737927988 1.39618222624995 1.67160841054283 1.44197004870512 1.6357687280979 0 1.12966572958976 1.8747022699099 1.42924712155946 1.32170384842902
1.36565605155192 1.09805254801176 1.57084052101709 1.45182748883963 1.13416837435216 1.38503513787873 1.10119764273986 1.40933330659755 1.26768765435554 1.86127632926218 1.81064110295847 1.25749716791324 1.00877390895039 1.56342391320504 1.10782735957764 0.936683910666034 1.4660522073973 1.38870722451247 1.50556245748885 1.67273365869187 1.15837623272091 1.29076069104485 1.69781047897413 1.81887957057916 0.969757091021165 1.12966572958976 0 1.81691927229986 1.29480579216033 1.2827313663438
1.60076306993142 1.3681623255834 1.61008170223795 1.0994672565721 1.10765671799891 1.82580167846754 1.35665940167382 1.37996192998253 1.06175344227813 1.85206003068015 1.53928269189782 1.75241099880077 1.87819071277045 1.65106212394312 1.82570713059977 1.47060970193706 1.00973504409194 1.25104006403126 1.18569767707959 1.09080704022199 1.87369216862135 1.20051783975214 1.3958140835166 0.966705937404186 1.46424360736273 1.8747022699099 1.81691927229986 0 1.05208822130226 1.74281982798129
1.45601073862053 1.33520530653186 1.85308143589646 1.62416474288329 1.14671249105595 0.924249499104917 1.81085037766024 1.00900736800395 0.990322630852461 1.23353859805502 1.35933820414357 1.29714774643071 1.59028069931082 0.980040497146547 1.02539661712945 1.44623032025993 1.76449127565138 1.64496943517588 1.6315001163166 0.924042483326048 1.39098179666325 1.32720856298693 1.34577491390519 1.90485944622196 1.20643215137534 1.42924712155946 1.29480579216033 1.05208822130226 0 1.8426241048146
1.86078146938235 1.69559038197622 1.04969087522477 1.7284188491758 1.89120396994986 1.70039379922673 1.90750498580746 1.32481686957181 1.13459389237687 1.60675154812634 1.02250747662038 1.68725817697123 1.00441003870219 1.67577366856858 1.45381844905205 1.57616703957319 1.13030446041375 1.68682599207386 1.77132712118328 1.31235691788606 1.79884858080186 1.12026431434788 1.87622814741917 1.694766913075 0.965385812567547 1.32170384842902 1.2827313663438 1.74281982798129 1.8426241048146 0
