0 1.29227896989323 1.57997201848775 1.40753609570675 1.16617589676753 1.53855297691189 1.33608556957915 1.73093789606355 1.80846008076333 1.05375030776486 1.54978091293015 1.25196774443612 1.49977882695384 1.01248938916251 1.59574894979596 0.972883460344747 1.24361034436151 1.20430319011211 1.84218371217139 0.942858787020668 1.89699981641024 1.78460168419406 1.03514244989492 1.1342511086259 1.08472695667297 1.15775908739306 1.73735770187341 1.69647220172919 1.51275593903847 1.0162499784492
1.29227896989323 0 1.85886901151389 1.21958251064643 1.91967542143539 1.87222879240289 1.0050936343614 1.55532287829556 1.54394001699984 1.41991125699133 1.71947607817128 1.10384715115651 1.53210728475824 1.51375312707387 1.16567327920347 0.988051771419123 1.33862993284129 1.6635353716556 1.82698855292983 1.37025329773314 1.42396725923754 1.23394639929757 1.12842785404064 1.529236481525 1.60703997337259 1.43711045384407 0.980140278348699 1.03757917927578 1.04334741341881 0.936015485785902
1.57997201848775 1.85886901151389 0 1.5040048789233 1.58643084415235 1.26221513631754 1.46201180526987 1.15569909149781 1.4904455319047 0.985239328350872 1.32648972165771 1.15902446187101 0.970052437391132 1.26293672597967 1.11117511545308 1.2402480575256 1.43418731517158 1.89791108621284 1.48184533417225 1.25796597963199 1.82066224957816 1.92732937517576 1.65691273473203 1.59252872085199 1.29426420526579 1.55155390896834 1.17859162460081 1.42391188116744 1.78287919168361 1.37428441201337
1.40753609570675 1.21958251064643 1.5040048789233 0 1.71027054032311 1.38432747754268 1.59426768636331 1.83020190498792 1.45038810442202 1.8484098422341 1.20930394413881 1.25909616076387 1.49761144421063 0.981094904476777 1.59105394361541 0.963313752785325 1.56648197490722 1.77810454554856 1.01590359630063 1.47308250074275 1.80562680563889 1.04198882868513 1.76718073664233 1.23500587744638 1.10522581939586 1.75240294099785 1.50045388401486 1.67915836255997 1.09550004382618 1.51453094277531
1.16617589676753 1.91967542143539 1.58643084415235 1.71027054032311 0 1.28069991618395 0.968772262101993 1.39092072704807 1.26252411841415 1.57522641168907 1.67335018469021 1.30617748200893 1.00905202724971 1.06512018851936 1.43728940701112 1.45950273075141 1.84102111542597 1.74150885897689 0.97807074454613 1.113625026308 1.53561567491852 1.54422149225138 1.02742579579353 1.35404832614586 1.44927532109432 1.01607506000437 1.80416121403687 1.06281991046853 1.04766316944733 1.38532995386049
1.53855297691189 1.87222879240289 1.26221513631754 1.38432747754268 1.28069991618395 0 1.06134619726799 1.08611178770661 1.68964085751213 1.74579451815225 1.68984218151309 1.27336802752689 1.8778187201824 0.991234322777018 1.52229531435296 1.20294021442533 1.30922681558877 1.24662625161 1.00637668883428 1.5508789124433 1.87111925357021 1.41110056382604 1.7376084078569 1.47862931131385 0.948149326257408 1.33283079788089 1.85294569889084 1.7341882288456 1.42617106903344 0.976741205435246
1.33608556957915 1.0050936343614 1.46201180526987 1.59426768636331 0.968772262101993 1.06134619726799 0 1.40919911093079 1.01721782935783 1.75686680758372 1.19722287589684 1.89731552731246 1.17946279305033 1.61471016565338 1.4933039653115 1.86604352085851 1.74816695065238 1.71429403941147 1.32496037241071 1.69625913351774 1.29076010151766 1.00575256720185 1.51684958534315 1.21452284324914 1.60401103785262 1.33511573867872 1.73199494997971 1.45134002622217 1.67649842216633 1.70724682766013
1.73093789606355 1.55532287829556 1.15569909149781 1.83020190498792 1.39092072704807 1.08611178770661 1.40919911093079 0 1.3125026030466 1.51225068629719 1.68830801965669 1.08025513705797 1.04177348897792 1.27611552271992 1.12885779212229 0.960380186093971 1.4267725974787 1.45237318403088 1.34126570750959 1.11037308629602 1.63414776604623 0.953461008379236 1.46211297996342 1.17817233689129 1.70834733382799 1.74953686655499 1.08604491013102 0.988615232985467 1.52105976641178 1.76326847774908
1.80846008076333 1.54394001699984 1.4904455319047 1.45038810442202 1.26252411841415 1.68964085751213 1.01721782935783 1.3125026030466 0 1.21048475056887 1.43736128066666 1.07927280780859 1.07309736916795 1.04380263527855 1.81896723411046 1.17124326294288 1.56904525822029 1.78005941421725 0.975440201349556 1.78191724140197 1.35016737435944 1.08331467001699 1.34686284605414 1.23921970278025 0.937482490437105 1.03611873625778 0.98939619679004 1.62977700238116 1.46049337764271 1.72891179192811
1.05375030776486 1.41991125699133 0.985239328350872 1.8484098422341 1.57522641168907 1.74579451815225 1.75686680758372 1.51225068629719 1.21048475056887 0 1.35449383198284 1.73946386389434 1.41491680918261 1.32973357359879 1.64353171992116 1.60611872281879 1.35247921198606 1.44331035180949 1.18228482478298 1.48993186908774 1.53992623277009 1.42556634102948 1.32783358986489 0.968647203641012 1.09854601789266 1.05395959620364 1.10006081452593 1.07764688879251 1.0560332632158 1.61029805103317
1.54978091293015 1.71947607817128 1.32648972165771 1.20930394413881 1.67335018469021 1.68984218151309 1.19722287589684 1.68830801965669 1.43736128066666 1.35449383198284 0 1.78620032826439 1.50843117455952 1.63972983276471 1.66039755358361 1.00266603683122 1.83884552540258 1.35874060099013 1.59029911155812 1.22476942674257 1.58902139845304 1.79715757700615 1.66861510486342 1.84058645181358 1.6919397150632 1.44708031066693 1.23972061136737 1.8882093122229 1.06294128252193 1.65761071327142
1.25196774443612 1.10384715115651 1.15902446187101 1.25909616076387 1.30617748200893 1.27336802752689 1.89731552731246 1.08025513705797 1.07927280780859 1.73946386389434 1.78620032826439 0 1.06064531137235 1.70836049015634 1.59224809822626 1.25377955380827 1.35813149996102 1.42296194215305 1.75654875230975 0.962388261919841 1.85968587454408 1.19559180364013 1.22902664961293 1.45004696934484 1.21797281038016 1.5506676575169 1.73228765674867 1.36124483286403 1.52442294964567 1.21162458206527
1.49977882695384 1.53210728475824 0.970052437391132 1.49761144421063 1.00905202724971 1.8778187201824 1.17946279305033 1.04177348897792 1.07309736916795 1.41491680918261 1.50843117455952 1.06064531137235 0 1.19183180877008 1.09586194134317 1.91201001731679 1.81987636862323 1.60509518231265 0.997805762570351 0.939244284760207 1.90346657158807 1.5496108927764 1.66118326107971 1.48364786012098 1.48365272558294 0.994586450746283 1.34896270721219 1.37279418366961 1.5501479676459 1.32889704499394
1.01248938916251 1.51375312707387 1.26293672597967 0.981094904476777 1.06512018851936 0.991234322777018 1.61471016565338 1.27611552271992 1.04380263527855 1.32973357359879 1.63972983276471 1.70836049015634 1.19183180877008 0 1.39314653235488 1.46734760678373 1.25757553079166 0.985455970745534 1.067294069333 1.12187259551138 1.54700702033006 1.55968752154149 1.09622748498805 1.78601049096324 1.08785911719315 1.00970442290418 0.94335508835502 1.20728435949422 1.10030069737695 1.49302509846166
1.59574894979596 1.16567327920347 1.11117511545308 1.59105394361541 1.43728940701112 1.52229531435296 1.4933039653115 1.12885779212229 1.81896723411046 1.64353171992116 1.66039755358361 1.59224809822626 1.09586194134317 1.39314653235488 0 1.14451652718708 1.68987694033422 1.6153240792919 1.03007596265525 1.30347956903279 1.2617204983253 1.90212178463116 1.48377745365724 1.48868470010348 1.68290346791036 1.62310273433104 1.05957228434272 1.00045983097516 1.20821129344404 1.11040138103999
0.972883460344747 0.988051771419123 1.2402480575256 0.963313752785325 1.45950273075141 1.20294021442533 1.86604352085851 0.960380186093971 1.17124326294288 1.60611872281879 1.00266603683122 1.25377955380827 1.91201001731679 1.46734760678373 1.14451652718708 0 1.12055910844356 1.51702768029645 1.59341633389704 1.20296517084353 1.11658298922703 1.18977435491979 1.42572212452069 1.51982882269658 1.727526885923 1.26158854761161 1.52060751407407 1.1134913652204 1.00454259384423 1.02508480055258
1.24361034436151 1.33862993284129 1.43418731517158 1.56648197490722 1.84102111542597 1.30922681558877 1.74816695065238 1.4267725974787 1.56904525822029 1.35247921198606 1.83884552540258 1.35813149996102 1.81987636862323 1.25757553079166 1.68987694033422 1.12055910844356 0 1.48278201557696 1.27731380076148 1.20285200397484 1.78291537985206 1.33616753597744 1.39051644294523 1.78756789001636 1.90774656576104 1.43114922684617 1.3679673045408 1.30079335835762 0.983559242682531 1.51567765232176
1.20430319011211 1.6635353716556 1.89791108621284 1.77810454554856 1.74150885897689 1.24662625161 1.71429403941147 1.45237318403088 1.78005941421725 1.44331035180949 1.35874060099013 1.42296194215305 1.60509518231265 0.985455970745534 1.6153240792919 1.51702768029645 1.48278201557696 0 0.968041412066668 1.78968917671591 0.982889672974125 1.82006523502059 0.984313369961455 1.58508225809783 1.3015518730972 1.5769856267143 1.31808984372765 1.91370579390787 1.45786282466725 1.83446882874705
1.84218371217139 1.82698855292983 1.48184533417225 1.01590359630063 0.97807074454613 1.00637668883428 1.32496037241071 1.34126570750959 0.975440201349556 1.18228482478298 1.59029911155812 1.75654875230975 0.997805762570351 1.067294069333 1.03007596265525 1.59341633389704 1.27731380076148 0.968041412066668 0 1.4047944501508 1.20667101722211 1.71445024805143 1.25385995628312 1.33883457700722 1.91292269178666 1.09464401635341 1.87556581222452 1.19483383838087 1.4773293803446 1.74832269665785
0.942858787020668 1.37025329773314 1.25796597963199 1.47308250074275 1.113625026308 1.5508789124433 1.69625913351774 1.11037308629602 1.78191724140197 1.48993186908774 1.22476942674257 0.962388261919841 0.939244284760207 1.12187259551138 1.30347956903279 1.20296517084353 1.20285200397484 1.78968917671591 1.4047944501508 0 1.64740778808482 1.50755818397738 1.71866562962532 1.02374549326487 1.29715249943547 1.59849080932327 1.27043333905749 1.31301630265079 1.86690330016427 0.945306039182469
1.89699981641024 1.42396725923754 1.82066224957816 1.80562680563889 1.53561567491852 1.87111925357021 1.29076010151766 1.63414776604623 1.35016737435944 1.53992623277009 1.58902139845304 1.85968587454408 1.90346657158807 1.54700702033006 1.2617204983253 1.11658298922703 1.78291537985206 0.982889672974125 1.20667101722211 1.64740778808482 0 0.956102872034535 0.964531112695113 1.48650070233271 1.66559805162251 1.05732328258455 1.02968385978602 1.73198000248522 1.75512260803953 0.954327869927511
1.78460168419406 1.23394639929757 1.92732937517576 1.04198882868513 1.54422149225138 1.41110056382604 1.00575256720185 0.953461008379236 1.08331467001699 1.42556634102948 1.79715757700615 1.19559180364013 1.5496108927764 1.55968752154149 1.90212178463116 1.18977435491979 1.33616753597744 1.82006523502059 1.71445024805143 1.50755818397738 0.956102872034535 0 1.85358127532527 1.35169871314429 1.17050532740541 1.20370449055918 1.14005456166342 1.8935671991203 1.80889626522548 1.33760670782067
1.03514244989492 1.12842785404064 1.65691273473203 1.76718073664233 1.02742579579353 1.7376084078569 1.51684958534315 1.46211297996342 1.34686284605414 1.32783358986489 1.66861510486342 1.22902664961293 1.66118326107971 1.09622748498805 1.48377745365724 1.42572212452069 1.39051644294523 0.984313369961455 1.25385995628312 1.71866562962532 0.964531112695113 1.85358127532527 0 1.38351109041832 1.80145040201023 1.55354464496486 1.72327186586335 1.8888872845564 1.07936463085935 1.7490444087889
1.1342511086259 1.529236481525 1.59252872085199 1.23500587744638 1.35404832614586 1.47862931131385 1.21452284324914 1.17817233689129 1.23921970278025 0.968647203641012 1.84058645181358 1.45004696934484 1.48364786012098 1.78601049096324 1.48868470010348 1.51982882269658 1.78756789001636 1.58508225809783 1.33883457700722 1.02374549326487 1.48650070233271 1.35169871314429 1.38351109041832 0 1.10275073815137 1.06149038113654 1.67984052398242 0.992128142621368 1.20883684628643 1.58531117485836
1.08472695667297 1.60703997337259 1.29426420526579 1.10522581939586 1.44927532109432 0.948149326257408 1.60401103785262 1.70834733382799 0.937482490437105 1.09854601789266 1.6919397150632 1.21797281038016 1.48365272558294 1.08785911719315 1.68290346791036 1.727526885923 1.90774656576104 1.3015518730972 1.91292269178666 1.29715249943547 1.66559805162251 1.17050532740541 1.80145040201023 1.10275073815137 0 1.58238760684617 1.12149027921259 1.24414155050181 1.15715835895389 1.4480062185321
1.15775908739306 1.43711045384407 1.55155390896834 1.75240294099785 1.01607506000437 1.33283079788089 1.33511573867872 1.74953686655499 1.03611873625778 1.05395959620364 1.44708031066693 1.5506676575169 0.994586450746283 1.00970442290418 1.62310273433104 1.26158854761161 1.43114922684617 1.5769856267143 1.09464401635341 1.59849080932327 1.05732328258455 1.20370449055918 1.55354464496486 1.06149038113654 1.58238760684617 0 1.57451875321567 1.1024938558694 1.34301023837179 1.37730100657791
1.73735770187341 0.980140278348699 1.17859162460081 1.50045388401486 1.80416121403687 1.85294569889084 1.73199494997971 1.08604491013102 0.98939619679004 1.10006081452593 1.23972061136737 1.73228765674867 1.34896270721219 0.94335508835502 1.05957228434272 1.52060751407407 1.3679673045408 1.31808984372765 1.87556581222452 1.27043333905749 1.02968385978602 1.14005456166342 1.72327186586335 1.67984052398242 1.12149027921259 1.57451875321567 0 1.85703682457097 1.46188995544799 1.11241810279898
1.69647220172919 1.03757917927578 1.42391188116744 1.67915836255997 1.06281991046853 1.7341882288456 1.45134002622217 0.988615232985467 1.62977700238116 1.07764688879251 1.8882093122229 1.36124483286403 1.37279418366961 1.20728435949422 1.00045983097516 1.1134913652204 1.30079335835762 1.91370579390787 1.19483383838087 1.31301630265079 1.73198000248522 1.8935671991203 1.8888872845564 0.992128142621368 1.24414155050181 1.1024938558694 1.85703682457097 0 1.65832507167943 1.53702797275037
1.51275593903847 1.04334741341881 1.78287919168361 1.09550004382618 1.04766316944733 1.42617106903344 1.67649842216633 1.52105976641178 1.46049337764271 1.0560332632158 1.06294128252193 1.52442294964567 1.5501479676459 1.10030069737695 1.20821129344404 1.00454259384423 0.983559242682531 1.45786282466725 1.4773293803446 1.86690330016427 1.75512260803953 1.80889626522548 1.07936463085935 1.20883684628643 1.15715835895389 1.34301023837179 1.46188995544799 1.65832507167943 0 1.51168172480538
1.0162499784492 0.936015485785902 1.37428441201337 1.51453094277531 1.38532995386049 0.976741205435246 1.70724682766013 1.76326847774908 1.72891179192811 1.61029805103317 1.65761071327142 1.21162458206527 1.32889704499394 1.49302509846166 1.11040138103999 1.02508480055258 1.51567765232176 1.83446882874705 1.74832269665785 0.945306039182469 0.954327869927511 1.33760670782067 1.7490444087889 1.58531117485836 1.4480062185321 1.37730100657791 1.11241810279898 1.53702797275037 1.51168172480538 0
