0 1.15833049826324 1.2954975257162 1.71119836787693 1.22621855302714 1.84333981503733 1.27585416263901 1.7058273635339 1.58208480337635 1.79785939562134 1.67425849125721 1.06881805718876 1.3216331191361 1.0179072516039 1.55187413305975 1.82495622383431 1.05874695396051 1.7843519304879 1.29071073327214 1.66616076952778 1.8208864426706 1.45643689390272 1.16385345417075 1.53645268338732 1.78473631991073 1.70138000929728 1.10623770556413 1.09205487812869 1.10651734564453 1.2807472392451
1.15833049826324 0 1.88058113818988 1.10967177525163 1.73944109329022 1.56011965312064 1.88368723075837 0.990559415658936 1.72221578238532 1.16197094717063 1.82449401472695 1.4709790199995 1.74574864259921 1.50288196490146 0.958280297229066 1.63924600579776 1.07566616032273 1.43864582641982 1.24192661046982 1.65201207017526 1.37045139912516 1.84135478548706 1.75829513766803 1.60567526263185 1.1962657244876 1.58232189714909 1.20957833668217 1.51192622771487 1.33315836824477 1.2658857551869
1.2954975257162 1.88058113818988 0 1.21378905232996 1.63073227507994 1.8477808253374 1.91043737810105 1.23496542894281 1.85989255527966 1.54643601342104 1.61037933011539 1.9000751064159 1.46720316889696 1.41205157898366 1.01592725957744 1.74343141284771 1.20314853196032 1.71457285503857 0.963275551097468 1.17446558200754 1.27934965048917 1.33335309731774 1.13021085667424 1.61196609982289 1.04526963084936 1.32929043681361 1.11842149519362 1.3440997407306 1.85493619297631 1.80466812057421
1.71119836787693 1.10967177525163 1.21378905232996 0 1.03826830117032 1.75412911269814 1.81141114956699 1.74478450813331 1.06393501185812 1.16457493253984 1.36708178534172 1.26562086911872 1.59020361816511 1.4317266466096 1.86323268339038 1.43119713570923 1.51978499977849 1.5854037492536 1.18046544538811 1.88998572109267 1.19014575495385 1.89602512307465 1.72627988131717 0.994079846888781 1.26496568089351 0.99601127859205 1.53267614077777 0.99375225789845 1.27311646286398 1.62885927665047
1.22621855302714 1.73944109329022 1.63073227507994 1.03826830117032 0 1.80232162377797 1.058706457261 1.67512295278721 1.27121658204123 1.8982032421045 1.40562791470438 1.88353328988887 1.32589528593235 1.5203305403702 1.29485293594189 1.48758816812187 1.36144229560159 1.22200405551121 1.50054320297204 1.20652142632753 1.60375280352309 1.36241256748326 1.3421193822287 1.17085148743354 1.51929600932635 1.91076841321774 1.76952040102333 1.55274878931232 1.48230227874592 1.38592686364427
1.84333981503733 1.56011965312064 1.8477808253374 1.75412911269814 1.80232162377797 0 1.76337014371529 1.54979281779379 1.06835573073477 1.50183256831951 1.72796402755193 1.61736950953491 1.91361138899811 1.66398506634869 1.92204517195933 1.64122374821454 1.78155806637369 1.6218194803223 1.02542723831721 1.88478880911134 1.67098842049018 1.60364750912413 1.71603244449943 1.06018964131363 1.27746072900482 1.57534691924229 1.75310544646345 1.15724208997563 1.7316713037435 1.57849428616464
1.27585416263901 1.88368723075837 1.91043737810105 1.81141114956699 1.058706457261 1.76337014371529 0 1.27669967105612 1.36146224662662 1.93887436250225 1.20328935771249 1.6592023158446 1.8021151595749 1.49429823737592 1.02310409257188 1.84380483278073 1.78413776098751 1.70388388447464 1.75051608891226 1.5301809720695 1.26476366003044 1.87840649858117 1.63901017559692 1.78050713799894 1.5109747860115 1.08040197636001 1.19835811411031 1.22532737301663 1.20758512616158 1.14285715250298
1.7058273635339 0.990559415658936 1.23496542894281 1.74478450813331 1.67512295278721 1.54979281779379 1.27669967105612 0 0.955778345931321 1.7409728935454 1.53262517089024 1.10806636023335 1.56146550201811 1.64617028948851 1.7601776830852 1.33162618707865 1.80961204878986 1.07537453598343 1.42013784614392 1.04008281440474 1.7388941438403 1.29124712455086 1.33183999266475 1.26409647031687 1.31818765075877 1.00277343951166 1.16893166070804 1.35730027826503 1.58215766889043 1.11901076813228
1.58208480337635 1.72221578238532 1.85989255527966 1.06393501185812 1.27121658204123 1.06835573073477 1.36146224662662 0.955778345931321 0 1.2573229172267 1.29237751360051 1.39559108228423 1.43177566863596 1.53163012955338 1.65585302212276 1.15704118739814 1.33154134149663 1.22521737124771 1.11675782361999 1.23959952965379 1.54296657675877 1.00004280195571 1.92837475682609 1.09957037772983 1.58894330542535 1.91849039588124 1.76118936878629 1.32380672846921 1.50331403221935 1.19755016430281
1.79785939562134 1.16197094717063 1.54643601342104 1.16457493253984 1.8982032421045 1.50183256831951 1.93887436250225 1.7409728935454 1.2573229172267 0 1.4082904458046 1.36965469480492 1.61435101460665 1.8710680117365 1.07026259624399 1.39710908476263 1.50676968344487 1.09434137819335 1.57667753729038 1.53345439047553 1.70210856338963 1.86743493308313 1.38441364048049 1.52362501085736 1.74435044452548 1.8223628741689 1.86365961516276 1.84554709517397 1.0502361045219 1.92234279424883
1.67425849125721 1.82449401472695 1.61037933011539 1.36708178534172 1.40562791470438 1.72796402755193 1.20328935771249 1.53262517089024 1.29237751360051 1.4082904458046 0 1.32699774485081 1.21500549092889 1.42898798943497 1.49622381222434 1.02429416379891 1.11707740323618 1.25642910553142 1.58669731719419 1.65446574380621 1.44124890491366 1.29687504726462 1.64344361866824 1.37077572196722 1.9259029449895 1.93033056566492 1.15471398853697 1.52699818182737 1.39768628426827 1.52557232487015
1.06881805718876 1.4709790199995 1.9000751064159 1.26562086911872 1.88353328988887 1.61736950953491 1.6592023158446 1.10806636023335 1.39559108228423 1.36965469480492 1.32699774485081 0 1.28300749603659 1.02021127170883 1.40922043053433 1.26624106918462 1.89961021370254 1.32964641111903 1.35479566524737 1.69419548939914 1.75467397947796 1.56826761597767 1.27451465954073 1.28489046427421 1.54582544695586 0.983699268195778 1.34779444453306 1.93893449590541 1.35573243210092 1.04418512783013
1.3216331191361 1.74574864259921 1.46720316889696 1.59020361816511 1.32589528593235 1.91361138899811 1.8021151595749 1.56146550201811 1.43177566863596 1.61435101460665 1.21500549092889 1.28300749603659 0 1.07834926946089 1.16515379096381 1.28682855633087 1.76737863896415 1.84770434675738 1.14123911526985 1.94691728893667 1.0283997906372 1.7494608098641 0.958500285167247 1.83833346678875 1.193261600798 1.21293012634851 1.29228091030382 1.57147341757081 1.10674230428413 1.80731487087905
1.0179072516039 1.50288196490146 1.41205157898366 1.4317266466096 1.5203305403702 1.66398506634869 1.49429823737592 1.64617028948851 1.53163012955338 1.8710680117365 1.42898798943497 1.02021127170883 1.07834926946089 0 1.25710742361844 1.75457265879959 1.92111233714968 1.04282570374198 1.04773667408153 1.6354920626618 1.46919467579573 0.955057791434228 1.69170516869053 1.22632895107381 1.34092395729385 1.05958545324393 1.38621011609212 1.38156467839144 1.50036011473276 1.7675355009269
1.55187413305975 0.958280297229066 1.01592725957744 1.86323268339038 1.29485293594189 1.92204517195933 1.02310409257188 1.7601776830852 1.65585302212276 1.07026259624399 1.49622381222434 1.40922043053433 1.16515379096381 1.25710742361844 0 1.58279783371836 1.87865307601169 1.62792038545012 1.10535726277158 1.90820196969435 1.455057724379 1.15679939975962 1.78016984881833 1.41540202358738 1.7980104200542 1.69813140877523 1.44916433515027 1.75095837167464 1.61285978695378 1.27756382757798
1.82495622383431 1.63924600579776 1.74343141284771 1.43119713570923 1.48758816812187 1.64122374821454 1.84380483278073 1.33162618707865 1.15704118739814 1.39710908476263 1.02429416379891 1.26624106918462 1.28682855633087 1.75457265879959 1.58279783371836 0 1.78476850502193 1.43065167940222 1.13242725329474 1.10905387531966 1.42994347005151 1.81379208830185 1.41683107591234 1.36795336287469 1.68460353440605 1.64039955334738 1.74881693231873 1.08958523022011 1.31152371736243 1.01841289573349
1.05874695396051 1.07566616032273 1.20314853196032 1.51978499977849 1.36144229560159 1.78155806637369 1.78413776098751 1.80961204878986 1.33154134149663 1.50676968344487 1.11707740323618 1.89961021370254 1.76737863896415 1.92111233714968 1.87865307601169 1.78476850502193 0 1.13129592547193 1.15558268059976 0.962847391841933 1.363516042009 1.87419930798933 1.32519686152227 1.10017577675171 1.31466593034565 1.25251724105328 1.83329802053049 1.8684169203043 1.30452582216822 1.06378131872043
1.7843519304879 1.43864582641982 1.71457285503857 1.5854037492536 1.22200405551121 1.6218194803223 1.70388388447464 1.07537453598343 1.22521737124771 1.09434137819335 1.25642910553142 1.32964641111903 1.84770434675738 1.04282570374198 1.62792038545012 1.43065167940222 1.13129592547193 0 1.52806424722075 1.14956504455768 1.43373932968825 1.13683194946498 1.68186078546569 1.85333733167499 1.90383817930706 1.57279180781916 1.71263443096541 1.5333094317466 1.55240707146004 1.33280611271039
1.29071073327214 1.24192661046982 0.963275551097468 1.18046544538811 1.50054320297204 1.02542723831721 1.75051608891226 1.42013784614392 1.11675782361999 1.57667753729038 1.58669731719419 1.35479566524737 1.14123911526985 1.04773667408153 1.10535726277158 1.13242725329474 1.15558268059976 1.52806424722075 0 1.74807446077466 1.13548083836213 1.43964629154652 1.41999051673338 1.93266971828416 1.83813632512465 1.27892664074898 1.88055934314616 0.98465710435994 1.56501496047713 1.52526305592619
1.66616076952778 1.65201207017526 1.17446558200754 1.88998572109267 1.20652142632753 1.88478880911134 1.5301809720695 1.04008281440474 1.23959952965379 1.53345439047553 1.65446574380621 1.69419548939914 1.94691728893667 1.6354920626618 1.90820196969435 1.10905387531966 0.962847391841933 1.14956504455768 1.74807446077466 0 1.61841726140119 1.03400258673355 1.41838439251296 1.32294857618399 1.36233506980352 1.32976212538779 1.55881889536977 1.78097791154869 1.39543231669813 1.11684739170596
1.8208864426706 1.37045139912516 1.27934965048917 1.19014575495385 1.60375280352309 1.67098842049018 1.26476366003044 1.7388941438403 1.54296657675877 1.70210856338963 1.44124890491366 1.75467397947796 1.0283997906372 1.46919467579573 1.455057724379 1.42994347005151 1.363516042009 1.43373932968825 1.13548083836213 1.61841726140119 0 1.53701734496281 1.1892496405635 1.91330265509896 1.88961425772868 1.60080326744355 1.08405189332552 1.08591057150625 1.14274294557981 1.66801708191633
1.45643689390272 1.84135478548706 1.33335309731774 1.89602512307465 1.36241256748326 1.60364750912413 1.87840649858117 1.29124712455086 1.00004280195571 1.86743493308313 1.29687504726462 1.56826761597767 1.7494608098641 0.955057791434228 1.15679939975962 1.81379208830185 1.87419930798933 1.13683194946498 1.43964629154652 1.03400258673355 1.53701734496281 0 1.48642004607245 1.22119007469155 1.33141841110773 1.40993895893916 1.49560289131477 1.93300462467596 1.57581785414368 1.01739399228245
1.16385345417075 1.75829513766803 1.13021085667424 1.72627988131717 1.3421193822287 1.71603244449943 1.63901017559692 1.33183999266475 1.92837475682609 1.38441364048049 1.64344361866824 1.27451465954073 0.958500285167247 1.69170516869053 1.78016984881833 1.41683107591234 1.32519686152227 1.68186078546569 1.41999051673338 1.41838439251296 1.1892496405635 1.48642004607245 0 1.35018483013846 1.84508654498495 1.88518545171246 1.02047484414652 1.5679485311266 1.39683874929324 1.07956279604696
1.53645268338732 1.60567526263185 1.61196609982289 0.994079846888781 1.17085148743354 1.06018964131363 1.78050713799894 1.26409647031687 1.09957037772983 1.52362501085736 1.37077572196722 1.28489046427421 1.83833346678875 1.22632895107381 1.41540202358738 1.36795336287469 1.10017577675171 1.85333733167499 1.93266971828416 1.32294857618399 1.91330265509896 1.22119007469155 1.35018483013846 0 1.31433526659384 1.59609494265169 1.39478635159321 1.91909683751874 1.72734174877405 1.53767091897316
1.78473631991073 1.1962657244876 1.04526963084936 1.26496568089351 1.51929600932635 1.27746072900482 1.5109747860115 1.31818765075877 1.58894330542535 1.74435044452548 1.9259029449895 1.54582544695586 1.193261600798 1.34092395729385 1.7980104200542 1.68460353440605 1.31466593034565 1.90383817930706 1.83813632512465 1.36233506980352 1.88961425772868 1.33141841110773 1.84508654498495 1.31433526659384 0 0.97357036289759 0.965284928446636 1.32795434701256 1.32642038725317 1.57286652293988
1.70138000929728 1.58232189714909 1.32929043681361 0.99601127859205 1.91076841321774 1.57534691924229 1.08040197636001 1.00277343951166 1.91849039588124 1.8223628741689 1.93033056566492 0.983699268195778 1.21293012634851 1.05958545324393 1.69813140877523 1.64039955334738 1.25251724105328 1.57279180781916 1.27892664074898 1.32976212538779 1.60080326744355 1.40993895893916 1.88518545171246 1.59609494265169 0.97357036289759 0 1.93885529134423 1.02178717823699 1.92933713109232 1.36600537947379
1.10623770556413 1.20957833668217 1.11842149519362 1.53267614077777 1.76952040102333 1.75310544646345 1.19835811411031 1.16893166070804 1.76118936878629 1.86365961516276 1.15471398853697 1.34779444453306 1.29228091030382 1.38621011609212 1.44916433515027 1.74881693231873 1.83329802053049 1.71263443096541 1.88055934314616 1.55881889536977 1.08405189332552 1.49560289131477 1.02047484414652 1.39478635159321 0.965284928446636 1.93885529134423 0 1.58598330942914 1.73476525698788 1.61922364355996
1.09205487812869 1.51192622771487 1.3440997407306 0.99375225789845 1.55274878931232 1.15724208997563 1.22532737301663 1.35730027826503 1.32380672846921 1.84554709517397 1.52699818182737 1.93893449590541 1.57147341757081 1.38156467839144 1.75095837167464 1.08958523022011 1.8684169203043 1.5333094317466 0.98465710435994 1.78097791154869 1.08591057150625 1.93300462467596 1.5679485311266 1.91909683751874 1.32795434701256 1.02178717823699 1.58598330942914 0 1.01344547234476 1.10889076511376
1.10651734564453 1.33315836824477 1.85493619297631 1.27311646286398 1.48230227874592 1.7316713037435 1.20758512616158 1.58215766889043 1.50331403221935 1.0502361045219 1.39768628426827 1.35573243210092 1.10674230428413 1.50036011473276 1.61285978695378 1.31152371736243 1.30452582216822 1.55240707146004 1.56501496047713 1.39543231669813 1.14274294557981 1.57581785414368 1.39683874929324 1.72734174877405 1.32642038725317 1.92933713109232 1.73476525698788 1.01344547234476 0 1.79297797568142
1.2807472392451 1.2658857551869 1.80466812057421 1.62885927665047 1.38592686364427 1.57849428616464 1.14285715250298 1.11901076813228 1.19755016430281 1.92234279424883 1.52557232487015 1.04418512783013 1.80731487087905 1.7675355009269 1.27756382757798 1.01841289573349 1.06378131872043 1.33280611271039 1.52526305592619 1.11684739170596 1.66801708191633 1.01739399228245 1.07956279604696 1.53767091897316 1.57286652293988 1.36600537947379 1.61922364355996 1.10889076511376 1.79297797568142 0
