0 1.25826173415408 1.38628156436607 1.81381172849797 1.30233636917546 1.24237323808484 1.53284433553927 0.93606665218249 1.34436819492839 1.90469584707171 1.27112669125199 0.941611585207283 1.65134438220412 1.43194837798364 1.45549560128711 1.20611534710042 1.48543259408325 1.0801213120576 1.59982881997712 1.02788719604723 1.84026076947339 1.23745683813468 1.11546083167195 1.02056079427712 1.44458342739381 1.78358548670076 1.3037761640735 1.63881688029505 0.914370205951855 1.29922539019026
1.25826173415408 0 1.61172086326405 1.82319908193313 0.996097459224984 1.30054855393246 1.52874069660902 1.47300961962901 1.06249824212864 0.957284472649917 1.02420303714462 1.65987525321543 1.77472987445071 1.47881404450163 1.63620602781884 1.28061705688015 1.78448974108323 1.3641434086021 1.29689918179065 1.60807472770102 1.46945589245297 1.59675575117581 1.1657688675914 1.71832052338868 1.64596511702985 1.73773136688396 1.56991180218756 1.1138355853036 1.35582765145227 0.958845424931496
1.38628156436607 1.61172086326405 0 1.28343647043221 0.996737381443381 1.31746947579086 1.18431729543954 1.10018846509047 1.42536222841591 1.12065698462538 1.6006327746436 1.1226766044274 1.82997224107385 1.48155432124622 1.70961481821723 1.1942297113128 1.47585838404484 1.17445829277858 1.86336972005665 1.67470343806781 1.74695282918401 1.58081195922568 1.32371928286739 1.71429555979557 1.41534905694425 1.43863419699483 1.2722559091635 1.70234258286655 1.19985053269193 1.46771089523099
1.81381172849797 1.82319908193313 1.28343647043221 0 1.50599499768578 1.54185132170096 1.01794099970721 1.38460183399729 1.05594737175852 1.49988313997164 0.995937905274332 1.17225975426845 1.22113671316765 1.70097548607737 1.83949262881652 1.67295923270285 0.922890378395095 1.5936253820546 1.13631703495048 1.03309534396976 1.70145988534205 1.31756282341667 1.17266836646013 0.928094802889973 1.37521778745577 1.73088884516619 1.65857374761254 1.741649790667 1.73860544874333 1.48153864149936
1.30233636917546 0.996097459224984 0.996737381443381 1.50599499768578 0 1.24929716275074 1.41905526327901 1.52435103990138 1.85542211518623 1.00759497680701 1.16179498448037 1.0810547885485 1.57174958405085 1.52245834516361 1.53710768558085 1.31861129612662 1.3912602069322 1.6069702769164 1.33561940514483 1.158505004365 1.59174577170052 1.18959211045876 1.70965949841775 1.78832270600833 1.32717158715241 1.21303759003058 1.89614683506079 1.34525013761595 0.946860007243231 1.73498027841561
1.24237323808484 1.30054855393246 1.31746947579086 1.54185132170096 1.24929716275074 0 1.8082625514362 1.389566258993 1.58483286178671 1.36019578552805 1.67890343233012 0.96195120504126 1.84447890403681 1.04282198590226 1.81612103478983 1.01888793869875 1.84058454516344 1.39127710624598 1.2606830841396 1.84534047078341 1.77763555548154 1.00860792608 1.82427021395415 1.47560934955254 1.89902554848231 1.74130671122111 1.68395531387068 1.3412650572136 1.63139639236033 1.67269040411338
1.53284433553927 1.52874069660902 1.18431729543954 1.01794099970721 1.41905526327901 1.8082625514362 0 1.42639395175502 1.17269539879635 0.931819050805643 0.950350896921009 1.371283470653 1.84592765243724 1.13109976518899 1.64416532916948 1.103041770868 1.59888586681336 0.978831904707476 1.66248822072521 1.67358775064349 1.1351928175427 1.11370817315765 1.64751088898629 1.65910586039536 1.20073300157674 1.75831214734353 1.63673452241346 1.1662306196522 1.8217476985883 1.58809907454997
0.93606665218249 1.47300961962901 1.10018846509047 1.38460183399729 1.52435103990138 1.389566258993 1.42639395175502 0 0.965133300283924 1.62700025574304 1.41443140106276 1.20964942476712 1.44501056917943 1.88943871599622 1.70574179105461 1.36051247268915 1.85661961277947 1.65803068433888 1.10008870181628 1.12965225894004 1.88825631421059 1.81440789508633 1.27201744774356 0.928922052262351 1.36717281932943 1.29803826846182 1.28703816467896 0.921304662479088 1.08270290540531 1.49725801101886
1.34436819492839 1.06249824212864 1.42536222841591 1.05594737175852 1.85542211518623 1.58483286178671 1.17269539879635 0.965133300283924 0 1.8635102591943 1.86796515178867 1.37053068866953 1.64080261136405 1.0476197025273 1.54614765220322 1.13603352895007 1.44477733038366 1.41293746582232 1.28684701328166 1.86248574918136 1.60388925531879 1.37901750556193 0.956425269600004 1.6036595243495 1.67134421528317 1.04874280025251 1.1043524579145 1.05320320045575 1.11761570163071 1.63880478823557
1.90469584707171 0.957284472649917 1.12065698462538 1.49988313997164 1.00759497680701 1.36019578552805 0.931819050805643 1.62700025574304 1.8635102591943 0 1.39901265245862 1.79529252788052 1.72278061253019 1.1343019111082 1.10466382955201 1.15283787529916 1.78285747603513 0.978132996940985 1.29943053144962 1.79330332251266 1.75400702957995 1.85746124200523 1.08738221577369 1.71591427619569 1.90563104487956 1.16692340699956 1.712183422409 1.76065755751915 1.24095487315208 1.04841458820738
1.27112669125199 1.02420303714462 1.6006327746436 0.995937905274332 1.16179498448037 1.67890343233012 0.950350896921009 1.41443140106276 1.86796515178867 1.39901265245862 0 1.27410154975951 1.807523250347 1.75294321775436 1.3607627376914 1.50847196602263 1.40487606008537 1.14746361994185 1.87577278469689 0.962571562733501 1.21239578933455 1.33352301339619 1.38249490084127 1.5022487398237 1.54663243354298 0.990553443320096 1.83602904179133 1.32564371381886 1.79448763583787 1.65471828333102
0.941611585207283 1.65987525321543 1.1226766044274 1.17225975426845 1.0810547885485 0.96195120504126 1.371283470653 1.20964942476712 1.37053068866953 1.79529252788052 1.27410154975951 0 1.30716245691292 1.26939423708245 1.77392217773013 1.73671636660583 1.87262785783969 1.65677950810641 0.937025906750932 1.01984423701651 1.84598348033614 1.78451472218148 1.83580763451755 1.61195154255256 1.24122870899737 1.40614212257788 1.21748144109733 1.56843206146732 1.38366956682876 1.04373994516209
1.65134438220412 1.77472987445071 1.82997224107385 1.22113671316765 1.57174958405085 1.84447890403681 1.84592765243724 1.44501056917943 1.64080261136405 1.72278061253019 1.807523250347 1.30716245691292 0 1.62087448430248 1.76714178966358 1.42022328870371 1.47285435511731 1.12855832255445 1.32819143403322 1.77055587503128 1.88080694293603 1.61214625835419 0.939832992386073 0.947894203010947 0.990760950371623 1.49948452087119 1.1950300144963 1.2306666886434 1.0320676586125 1.21069862530567
1.43194837798364 1.47881404450163 1.48155432124622 1.70097548607737 1.52245834516361 1.04282198590226 1.13109976518899 1.88943871599622 1.0476197025273 1.1343019111082 1.75294321775436 1.26939423708245 1.62087448430248 0 1.68297398951836 1.47395715559833 1.66975902952254 1.77541952207685 1.67531931539997 1.15652533527464 1.00339035806246 1.26688114181161 1.41406055679545 1.64452728885226 1.84462859737687 1.36891148169525 1.06390344491228 1.59530356898904 0.956757415551692 1.31683906796388
1.45549560128711 1.63620602781884 1.70961481821723 1.83949262881652 1.53710768558085 1.81612103478983 1.64416532916948 1.70574179105461 1.54614765220322 1.10466382955201 1.3607627376914 1.77392217773013 1.76714178966358 1.68297398951836 0 1.37729311874136 1.48858351190574 1.75072130071931 1.77283864794299 0.957401626277715 0.97820146032609 1.78183950274251 1.67722115758806 0.972695079399273 1.27980845561251 1.50710816611536 1.40753966430202 1.43807713827118 0.995844136690721 1.11089888191782
1.20611534710042 1.28061705688015 1.1942297113128 1.67295923270285 1.31861129612662 1.01888793869875 1.103041770868 1.36051247268915 1.13603352895007 1.15283787529916 1.50847196602263 1.73671636660583 1.42022328870371 1.47395715559833 1.37729311874136 0 1.37508530262858 1.6390780408401 1.45811082213186 1.64388663624413 1.01362888072617 1.88450199947692 1.59953286056407 1.88540712604299 1.82627272163518 1.33870449848473 1.64880555286072 1.18780438299291 0.968349237926304 1.38765510031953
1.48543259408325 1.78448974108323 1.47585838404484 0.922890378395095 1.3912602069322 1.84058454516344 1.59888586681336 1.85661961277947 1.44477733038366 1.78285747603513 1.40487606008537 1.87262785783969 1.47285435511731 1.66975902952254 1.48858351190574 1.37508530262858 0 1.70468065538444 1.83034253609367 1.38260993780568 1.17581416387111 0.948240087833256 1.27961648954079 1.85098518128507 1.51167140901089 1.5447019287385 1.00995587301441 1.49880312965252 1.60284873074852 1.30712722009048
1.0801213120576 1.3641434086021 1.17445829277858 1.5936253820546 1.6069702769164 1.39127710624598 0.978831904707476 1.65803068433888 1.41293746582232 0.978132996940985 1.14746361994185 1.65677950810641 1.12855832255445 1.77541952207685 1.75072130071931 1.6390780408401 1.70468065538444 0 1.77536398381926 1.82376983086579 1.2676264795009 1.90527088870294 1.33008885593154 1.58196844113991 0.999840466305614 1.22447708016261 1.77317256014794 0.916713675716892 1.75690203043632 1.67976408661343
1.59982881997712 1.29689918179065 1.86336972005665 1.13631703495048 1.33561940514483 1.2606830841396 1.66248822072521 1.10008870181628 1.28684701328166 1.29943053144962 1.87577278469689 0.937025906750932 1.32819143403322 1.67531931539997 1.77283864794299 1.45811082213186 1.83034253609367 1.77536398381926 0 1.52287359908223 1.08150001056492 1.72669997462071 1.65514321182854 1.68679299694486 1.67760451114736 0.917649926384911 1.12164958380163 1.73910027835518 1.30551581201144 1.58057219977491
1.02788719604723 1.60807472770102 1.67470343806781 1.03309534396976 1.158505004365 1.84534047078341 1.67358775064349 1.12965225894004 1.86248574918136 1.79330332251266 0.962571562733501 1.01984423701651 1.77055587503128 1.15652533527464 0.957401626277715 1.64388663624413 1.38260993780568 1.82376983086579 1.52287359908223 0 1.15989099326544 1.80854920181446 1.56407671561465 1.01023205230013 1.01330474717543 1.19478608411737 1.50704781641252 1.45851222728379 1.90666965954006 1.41581580438651
1.84026076947339 1.46945589245297 1.74695282918401 1.70145988534205 1.59174577170052 1.77763555548154 1.1351928175427 1.88825631421059 1.60388925531879 1.75400702957995 1.21239578933455 1.84598348033614 1.88080694293603 1.00339035806246 0.97820146032609 1.01362888072617 1.17581416387111 1.2676264795009 1.08150001056492 1.15989099326544 0 1.26652966206893 1.07390087819658 0.993745391722769 1.33697694470175 1.32134102052078 1.86900407238863 1.17560710152611 1.54488742118701 1.60677379742265
1.23745683813468 1.59675575117581 1.58081195922568 1.31756282341667 1.18959211045876 1.00860792608 1.11370817315765 1.81440789508633 1.37901750556193 1.85746124200523 1.33352301339619 1.78451472218148 1.61214625835419 1.26688114181161 1.78183950274251 1.88450199947692 0.948240087833256 1.90527088870294 1.72669997462071 1.80854920181446 1.26652966206893 0 1.86225193995051 1.64812343008816 1.66192481084727 0.937381829833612 1.33819300401956 1.01731332670897 1.85486825252883 1.73621031711809
1.11546083167195 1.1657688675914 1.32371928286739 1.17266836646013 1.70965949841775 1.82427021395415 1.64751088898629 1.27201744774356 0.956425269600004 1.08738221577369 1.38249490084127 1.83580763451755 0.939832992386073 1.41406055679545 1.67722115758806 1.59953286056407 1.27961648954079 1.33008885593154 1.65514321182854 1.56407671561465 1.07390087819658 1.86225193995051 0 1.31861257576384 1.52379819657654 1.27099783881567 0.9460098661948 1.60179449780844 1.79045455413871 1.787410114659
1.02056079427712 1.71832052338868 1.71429555979557 0.928094802889973 1.78832270600833 1.47560934955254 1.65910586039536 0.928922052262351 1.6036595243495 1.71591427619569 1.5022487398237 1.61195154255256 0.947894203010947 1.64452728885226 0.972695079399273 1.88540712604299 1.85098518128507 1.58196844113991 1.68679299694486 1.01023205230013 0.993745391722769 1.64812343008816 1.31861257576384 0 1.76483609667048 1.55496997898445 1.0423130269628 1.61861876351759 1.72629008325748 1.74411701830104
1.44458342739381 1.64596511702985 1.41534905694425 1.37521778745577 1.32717158715241 1.89902554848231 1.20073300157674 1.36717281932943 1.67134421528317 1.90563104487956 1.54663243354298 1.24122870899737 0.990760950371623 1.84462859737687 1.27980845561251 1.82627272163518 1.51167140901089 0.999840466305614 1.67760451114736 1.01330474717543 1.33697694470175 1.66192481084727 1.52379819657654 1.76483609667048 0 1.2668930310756 0.916750877397135 1.02575504337437 1.77555091236718 1.78356968285516
1.78358548670076 1.73773136688396 1.43863419699483 1.73088884516619 1.21303759003058 1.74130671122111 1.75831214734353 1.29803826846182 1.04874280025251 1.16692340699956 0.990553443320096 1.40614212257788 1.49948452087119 1.36891148169525 1.50710816611536 1.33870449848473 1.5447019287385 1.22447708016261 0.917649926384911 1.19478608411737 1.32134102052078 0.937381829833612 1.27099783881567 1.55496997898445 1.2668930310756 0 1.37945043318905 1.29857069323771 0.953682086197659 1.79931234428659
1.3037761640735 1.56991180218756 1.2722559091635 1.65857374761254 1.89614683506079 1.68395531387068 1.63673452241346 1.28703816467896 1.1043524579145 1.712183422409 1.83602904179133 1.21748144109733 1.1950300144963 1.06390344491228 1.40753966430202 1.64880555286072 1.00995587301441 1.77317256014794 1.12164958380163 1.50704781641252 1.86900407238863 1.33819300401956 0.9460098661948 1.0423130269628 0.916750877397135 1.37945043318905 0 1.81062654987909 1.13691841298714 1.85568884969689
1.63881688029505 1.1138355853036 1.70234258286655 1.741649790667 1.34525013761595 1.3412650572136 1.1662306196522 0.921304662479088 1.05320320045575 1.76065755751915 1.32564371381886 1.56843206146732 1.2306666886434 1.59530356898904 1.43807713827118 1.18780438299291 1.49880312965252 0.916713675716892 1.73910027835518 1.45851222728379 1.17560710152611 1.01731332670897 1.60179449780844 1.61861876351759 1.02575504337437 1.29857069323771 1.81062654987909 0 1.38833134085871 1.0927507544402
0.914370205951855 1.35582765145227 1.19985053269193 1.73860544874333 0.946860007243231 1.63139639236033 1.8217476985883 1.08270290540531 1.11761570163071 1.24095487315208 1.79448763583787 1.38366956682876 1.0320676586125 0.956757415551692 0.995844136690721 0.968349237926304 1.60284873074852 1.75690203043632 1.30551581201144 1.90666965954006 1.54488742118701 1.85486825252883 1.79045455413871 1.72629008325748 1.77555091236718 0.953682086197659 1.13691841298714 1.38833134085871 0 1.00584581191652
1.29922539019026 0.958845424931496 1.46771089523099 1.48153864149936 1.73498027841561 1.67269040411338 1.58809907454997 1.49725801101886 1.63880478823557 1.04841458820738 1.65471828333102 1.04373994516209 1.21069862530567 1.31683906796388 1.11089888191782 1.38765510031953 1.30712722009048 1.67976408661343 1.58057219977491 1.41581580438651 1.60677379742265 1.73621031711809 1.787410114659 1.74411701830104 1.78356968285516 1.79931234428659 1.85568884969689 1.0927507544402 1.00584581191652 0
