0 1.71397890569642 1.89331159042194 1.78853498771787 1.39191516605206 1.58225006028078 1.16631876560859 1.00465534441173 1.84054608503357 1.49271880928427 1.91802903288044 1.6962372425478 1.67609498556703 1.4138983078301 1.11539630685002 1.66336897551082 1.03950222139247 1.16445423965342 0.940744493622333 1.53023099992424 1.82915192423388 1.55720505048521 1.4132569769863 1.90488604665734 1.67113845539279 0.993855889420956 1.31944232922979 1.8885661282111 1.5710738801863 1.58006981457584
1.71397890569642 0 1.4111490782816 1.91828736849129 1.79054067586549 1.391573674744 1.04168830323033 1.20254872413352 1.35873311804608 1.25431972532533 1.92485595867038 1.24470523791388 1.51010718080215 1.36238450114615 1.29252453800291 1.16883297241293 1.93402119865641 1.43515408202074 0.994058209471405 1.36103829648346 1.44936093594879 1.82184120058082 1.85644464869983 1.83113758079708 1.18653744878247 1.90552316093817 1.36879867734388 1.50063236500137 1.85529683995992 1.64808104513213
1.89331159042194 1.4111490782816 0 1.18254285608418 1.44583582365885 1.05881522176787 1.34297936107032 1.74871141067706 1.7356591951102 1.79555932083167 1.29749886039644 1.51316035399213 1.02321080560796 1.10434095701203 1.16024767886847 1.36047835112549 0.984706658637151 1.36759732314385 1.72572625265457 1.05561360646971 1.71486548986286 1.89181462628767 1.40512169175781 1.39268905064091 1.40625590342097 1.16502572130412 1.1566054970026 1.85722598573193 1.4978257806506 1.25854142499156
1.78853498771787 1.91828736849129 1.18254285608418 0 1.2768066637218 1.47506726463325 1.66812697425485 1.91521026520059 0.980994021520019 1.68892302084714 1.49148315237835 1.25839512120001 1.53915882389992 1.3754236001987 1.38893075101078 1.87466967967339 1.01942492555827 1.6024161381647 1.81531742657535 1.75799546879716 1.11360442871228 1.01856951834634 1.1102348882705 1.42475206847303 1.21043477975763 1.65294667473063 1.15262827998959 1.71896460303105 1.37694215029478 1.57922063954175
1.39191516605206 1.79054067586549 1.44583582365885 1.2768066637218 0 1.09900982538238 1.73959306394681 1.14413851452991 1.1929552804213 1.14454752486199 0.983440228737891 1.78711063601077 1.24183258996345 0.982119092717767 1.17883275682107 1.42870463780127 1.72137107863091 1.09866334940307 0.943537230603397 1.03943955618888 1.50573756336235 1.03916155756451 1.88044366263784 1.16355884168297 1.04028042219579 0.995611945400015 0.969481076812372 1.37249245960265 1.47822742606513 1.83344461070374
1.58225006028078 1.391573674744 1.05881522176787 1.47506726463325 1.09900982538238 0 1.6194268821273 1.73778045922518 1.21561306645162 1.1438379404135 1.51368478965014 1.21459754928946 1.46425654180348 1.21295643621124 0.939656010363251 1.36654190765694 1.19935246207751 1.81380492844619 0.964577001286671 1.31963732023723 1.26422803662717 1.11454005423002 1.04953304026276 1.81568150082603 1.12448331550695 1.91954379552044 0.935447715222836 1.75549411447719 1.05940215871669 1.17703622439876
1.16631876560859 1.04168830323033 1.34297936107032 1.66812697425485 1.73959306394681 1.6194268821273 0 1.23332539666444 1.42677430389449 1.8472527123522 1.24361915700138 1.13444081367925 1.08301277761348 1.73819525516592 1.13017179607414 1.5594650846906 1.91631527454592 1.20523047400638 1.7163019340951 1.31188154919073 1.74503407184966 1.08826472051442 1.42909283749759 1.4920183015056 1.0111241042614 1.57427590317093 1.43514202395454 1.0044906383846 1.38610719400458 1.83994964906015
1.00465534441173 1.20254872413352 1.74871141067706 1.91521026520059 1.14413851452991 1.73778045922518 1.23332539666444 0 1.23906919220462 1.11611721222289 1.35737131908536 1.27518845093437 1.43593487748876 1.79554278333671 1.17802881193347 1.07780532678589 1.5644886600785 1.0528947901912 1.89258028450422 1.88292164658196 1.200766940834 1.56660577910952 1.5510239477735 1.08390615461394 0.977966601261869 1.44395235041156 1.47857700544409 1.68054588441737 1.20415012165904 1.0934726158157
1.84054608503357 1.35873311804608 1.7356591951102 0.980994021520019 1.1929552804213 1.21561306645162 1.42677430389449 1.23906919220462 0 1.3019694830291 1.63084469200112 1.30531903821975 1.92028604308143 1.4000059699174 1.13218221347779 1.17505453550257 1.28672506404109 1.28507345099933 1.69026732258499 1.51209531771019 1.81753039825708 1.05629663798027 1.79926256323233 1.50278605590574 1.59304300229996 1.68574913940392 1.15490869898349 1.9326989823021 1.27733700489625 1.78690430475399
1.49271880928427 1.25431972532533 1.79555932083167 1.68892302084714 1.14454752486199 1.1438379404135 1.8472527123522 1.11611721222289 1.3019694830291 0 1.53979644761421 1.0053630976472 1.46056406432763 1.59447344206274 1.79037759872153 1.52698007086292 1.67630340857431 1.55043651629239 1.24632005486637 0.957694590324536 1.74453130201437 1.03902191482484 1.16844251356088 1.41450072498992 1.72252159425989 1.62391203595325 1.51252543297596 1.7347021244932 1.7480713413097 1.68069158820435
1.91802903288044 1.92485595867038 1.29749886039644 1.49148315237835 0.983440228737891 1.51368478965014 1.24361915700138 1.35737131908536 1.63084469200112 1.53979644761421 0 0.934975878335536 1.02807221445255 1.05001479480416 1.59023335413076 1.06561218737625 1.89653460821137 1.14975960343145 1.63315395591781 0.97368820477277 1.41929566464387 1.29172878642567 1.68275600648485 1.5024802358821 1.73578504356556 1.47370248194784 1.67356400610879 1.10190110979602 1.74178192694671 1.20624772785231
1.6962372425478 1.24470523791388 1.51316035399213 1.25839512120001 1.78711063601077 1.21459754928946 1.13444081367925 1.27518845093437 1.30531903821975 1.0053630976472 0.934975878335536 0 1.74798094294965 1.22576729068533 1.72102291067131 1.77020715735853 1.6933195379097 1.69822842511348 1.59364911122248 1.83062400086783 1.67838233103976 1.35932726017199 1.12618610658683 1.48712169146165 1.08086795685813 1.74965684791096 1.61825865134597 1.27938539837487 1.22397782909684 1.6624176481273
1.67609498556703 1.51010718080215 1.02321080560796 1.53915882389992 1.24183258996345 1.46425654180348 1.08301277761348 1.43593487748876 1.92028604308143 1.46056406432763 1.02807221445255 1.74798094294965 0 1.03747723996639 1.86560461320914 1.53040225058794 1.89916212880053 1.72128971666098 1.15183449420147 1.76708383555524 1.62766446638852 1.11073751165532 1.3520762284752 1.83538307109848 1.39186667860486 1.44834761391394 1.87281189230271 1.63763303356245 1.75578846829012 1.39847248909064
1.4138983078301 1.36238450114615 1.10434095701203 1.3754236001987 0.982119092717767 1.21295643621124 1.73819525516592 1.79554278333671 1.4000059699174 1.59447344206274 1.05001479480416 1.22576729068533 1.03747723996639 0 0.980170433642343 1.48044851096347 0.972222266020253 1.23676439002156 1.56005636183545 1.82048613857478 0.96399454632774 1.67208468331955 1.54701924324036 1.01600736775436 1.45774015411735 1.5020790558774 1.51533454097807 1.61067897430621 1.83259793859906 1.18308211257681
1.11539630685002 1.29252453800291 1.16024767886847 1.38893075101078 1.17883275682107 0.939656010363251 1.13017179607414 1.17802881193347 1.13218221347779 1.79037759872153 1.59023335413076 1.72102291067131 1.86560461320914 0.980170433642343 0 1.38117489335127 1.40701815369539 1.40096750413068 1.55325285950676 1.05644918140024 1.03959581302479 1.36396216950379 1.18097605393268 1.26298879203387 1.93336135987192 1.23030648822896 1.47872930695303 1.22366192075424 1.38645409746096 1.30765250883996
1.66336897551082 1.16883297241293 1.36047835112549 1.87466967967339 1.42870463780127 1.36654190765694 1.5594650846906 1.07780532678589 1.17505453550257 1.52698007086292 1.06561218737625 1.77020715735853 1.53040225058794 1.48044851096347 1.38117489335127 0 1.52895289170556 1.06885704351589 1.6430386218708 1.1571861600969 1.60178924305364 1.8019922086969 1.56580255622976 1.60306967794895 1.61788874329068 1.55741554545239 0.951543820556253 1.68888705759309 0.935497566359118 1.45473507372662
1.03950222139247 1.93402119865641 0.984706658637151 1.01942492555827 1.72137107863091 1.19935246207751 1.91631527454592 1.5644886600785 1.28672506404109 1.67630340857431 1.89653460821137 1.6933195379097 1.89916212880053 0.972222266020253 1.40701815369539 1.52895289170556 0 0.980364052113146 1.28478197008371 1.39834449556656 1.40510574937798 1.57626510201953 1.50436372659169 1.90495961834677 1.38979454594664 1.89310615602881 1.34078403073363 1.09117014589719 1.41271805902943 1.32613776391372
1.16445423965342 1.43515408202074 1.36759732314385 1.6024161381647 1.09866334940307 1.81380492844619 1.20523047400638 1.0528947901912 1.28507345099933 1.55043651629239 1.14975960343145 1.69822842511348 1.72128971666098 1.23676439002156 1.40096750413068 1.06885704351589 0.980364052113146 0 1.46273087756708 1.07044041156769 1.21160724502988 1.34607477695681 1.57772414339706 1.69670946057886 1.14790892950259 1.53953419509344 1.88336341455579 1.43316596513614 1.78869847767055 1.22203885763884
0.940744493622333 0.994058209471405 1.72572625265457 1.81531742657535 0.943537230603397 0.964577001286671 1.7163019340951 1.89258028450422 1.69026732258499 1.24632005486637 1.63315395591781 1.59364911122248 1.15183449420147 1.56005636183545 1.55325285950676 1.6430386218708 1.28478197008371 1.46273087756708 0 1.56741460692137 1.83099032891914 1.42135943565518 1.24304191838019 0.964141553035006 1.52508660964668 1.7949096460361 1.53000354161486 1.40268287877552 1.30070833489299 1.86466032126918
1.53023099992424 1.36103829648346 1.05561360646971 1.75799546879716 1.03943955618888 1.31963732023723 1.31188154919073 1.88292164658196 1.51209531771019 0.957694590324536 0.97368820477277 1.83062400086783 1.76708383555524 1.82048613857478 1.05644918140024 1.1571861600969 1.39834449556656 1.07044041156769 1.56741460692137 0 1.25274477852508 1.76707607228309 1.16662243125029 1.77949246484786 1.03912610490806 1.34485796606168 1.17923514684662 1.33172974665649 1.22788974666037 1.6939089349471
1.82915192423388 1.44936093594879 1.71486548986286 1.11360442871228 1.50573756336235 1.26422803662717 1.74503407184966 1.200766940834 1.81753039825708 1.74453130201437 1.41929566464387 1.67838233103976 1.62766446638852 0.96399454632774 1.03959581302479 1.60178924305364 1.40510574937798 1.21160724502988 1.83099032891914 1.25274477852508 0 1.21741824317724 1.01547829736955 1.11514836805873 1.59558540838771 1.55629757628776 0.98264106339775 1.17765034222975 1.66690654587001 1.23614370357245
1.55720505048521 1.82184120058082 1.89181462628767 1.01856951834634 1.03916155756451 1.11454005423002 1.08826472051442 1.56660577910952 1.05629663798027 1.03902191482484 1.29172878642567 1.35932726017199 1.11073751165532 1.67208468331955 1.36396216950379 1.8019922086969 1.57626510201953 1.34607477695681 1.42135943565518 1.76707607228309 1.21741824317724 0 1.91403651470318 1.21852387534454 1.25275894347578 1.5130704601761 1.50443348893896 1.26194188510999 1.44189541670494 1.32206522137858
1.4132569769863 1.85644464869983 1.40512169175781 1.1102348882705 1.88044366263784 1.04953304026276 1.42909283749759 1.5510239477735 1.79926256323233 1.16844251356088 1.68275600648485 1.12618610658683 1.3520762284752 1.54701924324036 1.18097605393268 1.56580255622976 1.50436372659169 1.57772414339706 1.24304191838019 1.16662243125029 1.01547829736955 1.91403651470318 0 1.21476201154292 1.62882330571301 1.85137747833505 1.04106269171461 1.80484732077457 1.84468058007769 1.54166646394879
1.90488604665734 1.83113758079708 1.39268905064091 1.42475206847303 1.16355884168297 1.81568150082603 1.4920183015056 1.08390615461394 1.50278605590574 1.41450072498992 1.5024802358821 1.48712169146165 1.83538307109848 1.01600736775436 1.26298879203387 1.60306967794895 1.90495961834677 1.69670946057886 0.964141553035006 1.77949246484786 1.11514836805873 1.21852387534454 1.21476201154292 0 0.983677374431863 1.65430406667292 1.33791592647322 1.42375435330905 1.69150349986739 1.06659328471869
1.67113845539279 1.18653744878247 1.40625590342097 1.21043477975763 1.04028042219579 1.12448331550695 1.0111241042614 0.977966601261869 1.59304300229996 1.72252159425989 1.73578504356556 1.08086795685813 1.39186667860486 1.45774015411735 1.93336135987192 1.61788874329068 1.38979454594664 1.14790892950259 1.52508660964668 1.03912610490806 1.59558540838771 1.25275894347578 1.62882330571301 0.983677374431863 0 0.990912608336657 1.5947941725608 1.64428490540013 1.12251731310971 1.33721658610739
0.993855889420956 1.90552316093817 1.16502572130412 1.65294667473063 0.995611945400015 1.91954379552044 1.57427590317093 1.44395235041156 1.68574913940392 1.62391203595325 1.47370248194784 1.74965684791096 1.44834761391394 1.5020790558774 1.23030648822896 1.55741554545239 1.89310615602881 1.53953419509344 1.7949096460361 1.34485796606168 1.55629757628776 1.5130704601761 1.85137747833505 1.65430406667292 0.990912608336657 0 1.61906108772382 1.11323774862103 1.49655680498108 0.935187776107341
1.31944232922979 1.36879867734388 1.1566054970026 1.15262827998959 0.969481076812372 0.935447715222836 1.43514202395454 1.47857700544409 1.15490869898349 1.51252543297596 1.67356400610879 1.61825865134597 1.87281189230271 1.51533454097807 1.47872930695303 0.951543820556253 1.34078403073363 1.88336341455579 1.53000354161486 1.17923514684662 0.98264106339775 1.50443348893896 1.04106269171461 1.33791592647322 1.5947941725608 1.61906108772382 0 1.79577824962325 1.29906586790457 1.02488618949428
1.8885661282111 1.50063236500137 1.85722598573193 1.71896460303105 1.37249245960265 1.75549411447719 1.0044906383846 1.68054588441737 1.9326989823021 1.7347021244932 1.10190110979602 1.27938539837487 1.63763303356245 1.61067897430621 1.22366192075424 1.68888705759309 1.09117014589719 1.43316596513614 1.40268287877552 1.33172974665649 1.17765034222975 1.26194188510999 1.80484732077457 1.42375435330905 1.64428490540013 1.11323774862103 1.79577824962325 0 1.20081949257292 1.25868528150022
1.5710738801863 1.85529683995992 1.4978257806506 1.37694215029478 1.47822742606513 1.05940215871669 1.38610719400458 1.20415012165904 1.27733700489625 1.7480713413097 1.74178192694671 1.22397782909684 1.75578846829012 1.83259793859906 1.38645409746096 0.935497566359118 1.41271805902943 1.78869847767055 1.30070833489299 1.22788974666037 1.66690654587001 1.44189541670494 1.84468058007769 1.69150349986739 1.12251731310971 1.49655680498108 1.29906586790457 1.20081949257292 0 0.990858792327344
1.58006981457584 1.64808104513213 1.25854142499156 1.57922063954175 1.83344461070374 1.17703622439876 1.83994964906015 1.0934726158157 1.78690430475399 1.68069158820435 1.20624772785231 1.6624176481273 1.39847248909064 1.18308211257681 1.30765250883996 1.45473507372662 1.32613776391372 1.22203885763884 1.86466032126918 1.6939089349471 1.23614370357245 1.32206522137858 1.54166646394879 1.06659328471869 1.33721658610739 0.935187776107341 1.02488618949428 1.25868528150022 0.990858792327344 0
