0 1.70508594275452 1.02789570670575 1.25548083102331 1.72341298428364 1.15582948946394 1.60408814297989 1.23921112390235 1.89480266091414 1.77802775171585 1.13769731880166 1.90765055804513 1.68053404171951 1.1147555296775 1.1530871053692 1.78528017108329 1.06194310099818 1.29512205137871 0.991528495680541 1.77486546919681 1.06962662516162 1.74914324050769 1.24674435076304 1.18278533825651 1.86389129259624 0.975644101854414 1.89213820849545 1.17492198012769 1.28612057049759 1.81533015216701
1.70508594275452 0 1.11181462742388 1.91712787956931 0.981672806665301 1.39250745205209 1.57062343019061 1.7856114374008 1.5007485547103 1.52828643214889 1.72077295277268 1.85005855932832 1.06356330774724 1.73399301455356 1.08151805959642 1.94313628878444 1.88971346314065 1.03528180602007 1.83486037584953 1.19917477923445 1.28707281150855 1.05222200904973 1.46481890836731 1.57565702847205 1.5184267796576 1.54042503447272 1.30558077804744 1.78935578581877 1.20656074769795 1.31406238116324
1.02789570670575 1.11181462742388 0 1.65402630413882 1.44943836820312 1.05074950726703 1.93280738918111 1.22548470553011 1.17831614124589 1.33870078716427 1.60406136536039 1.47496271575801 1.29670774517581 1.06668015941978 1.78377744159661 1.08701110538095 1.18028291827068 0.973343970952556 1.04514831281267 1.29478768073022 1.80759091442451 1.49194517475553 1.93122995668091 1.10024414118379 1.26921396469697 1.16096767201088 1.0450423436705 1.34945662785321 1.83833415317349 1.15253736707382
1.25548083102331 1.91712787956931 1.65402630413882 0 1.38367672800086 1.46880151354708 1.83069363236427 1.30637986282818 1.68959205388092 1.32613610522822 1.2285021757707 1.27381900907494 1.53404850699008 1.5770841082558 1.48205559561029 1.81609887350351 1.86793118156493 1.43451657588594 1.72520632506348 1.18285214877687 1.09318785369396 1.09456534776837 1.94732193625532 1.68879052810371 1.89449982717633 1.51238209777512 1.74414201383479 1.64336862578057 1.69293194473721 1.32183146849275
1.72341298428364 0.981672806665301 1.44943836820312 1.38367672800086 0 1.34168847510591 1.46432351972908 1.43966181972064 1.22299784678034 1.29426915803924 1.80624336400069 1.80161058693193 0.988125033909455 1.31957411882468 1.57522844383493 1.8591249496676 1.59716045553796 1.07763015246019 1.47742823814042 1.15279606264085 1.51180431153625 1.38769759982824 1.68977372650988 1.07039430132136 0.988970823585987 1.9132411472965 1.8123247846961 1.43753682728857 1.61091886879876 1.15452475519851
1.15582948946394 1.39250745205209 1.05074950726703 1.46880151354708 1.34168847510591 0 1.05386888817884 1.53078803210519 1.07623715791851 1.12007964798249 1.58326318417676 1.48190692043863 1.61133335274644 1.86687614955008 1.47025854932144 1.54688844503835 1.7986401875969 1.38923416729085 1.39131361362524 1.54636824945919 1.00822294363752 1.43082923814654 1.17341675446369 1.21118979505263 1.63478092895821 1.15212737955153 1.18192104320042 1.26772635313682 1.43262067949399 1.34149832231924
1.60408814297989 1.57062343019061 1.93280738918111 1.83069363236427 1.46432351972908 1.05386888817884 0 1.59680952876806 1.48657172522508 1.49713768647052 1.23232429753989 1.84520503296517 1.83655053935945 1.92556999996305 1.23373908223584 1.58502518059686 1.93624900095165 1.51924274303019 1.04716345947236 1.44399101566523 1.86884414637461 1.33983319462277 1.01995363202877 1.02401567436755 1.69974295143038 1.52565690875053 1.11410968401469 1.65004733693786 1.1184082578402 1.12730804970488
1.23921112390235 1.7856114374008 1.22548470553011 1.30637986282818 1.43966181972064 1.53078803210519 1.59680952876806 0 1.25479326513596 1.57303149625659 1.57807411230169 0.997774611925706 1.22984101832844 1.07600958528928 1.21128069865517 1.69380024191923 1.70877628051676 1.08346606441773 1.94987480528653 1.31989750824869 1.57510665198788 1.26948904455639 1.47625420405529 1.80526771326549 1.92597715929151 1.86544446018524 1.61180005338974 1.65629116399214 1.8170506095048 1.16756010940298
1.89480266091414 1.5007485547103 1.17831614124589 1.68959205388092 1.22299784678034 1.07623715791851 1.48657172522508 1.25479326513596 0 1.55542934197001 1.69957822514698 1.45370119763538 1.00715278927237 1.89366765762679 0.970561117632315 1.1638515535742 0.996018772479147 0.965214849682525 1.39293234841898 1.25605409126729 1.63730895170011 1.49195234291255 1.92538020503707 1.68758920021355 1.00541335856542 1.02655836893246 1.74567725509405 1.8659045228269 1.18964699050412 1.0521371322684
1.77802775171585 1.52828643214889 1.33870078716427 1.32613610522822 1.29426915803924 1.12007964798249 1.49713768647052 1.57303149625659 1.55542934197001 0 1.83852313063107 1.52886767452583 0.982653971761465 1.93192252330482 0.996520532295108 1.3076691145543 1.28432683995925 1.9321656615939 1.52018185216002 1.51312117325142 1.07454255828634 1.95744920894504 1.3178625148721 1.45921868109144 1.40723177487962 1.50491056847386 1.56288741552271 0.97622079658322 0.980523399310187 1.04020552709699
1.13769731880166 1.72077295277268 1.60406136536039 1.2285021757707 1.80624336400069 1.58326318417676 1.23232429753989 1.57807411230169 1.69957822514698 1.83852313063107 0 1.02887054579332 1.95296437270008 1.82821061532013 1.72336112800986 1.15067604463547 1.6058249140624 1.21034603985026 1.63830629945733 1.78624546411447 1.8606941269245 1.11661359108984 1.46744215814397 1.92528047226369 1.73489089100622 1.27035485510714 1.00351328984834 1.87018739781342 1.00583292054944 1.69507363508455
1.90765055804513 1.85005855932832 1.47496271575801 1.27381900907494 1.80161058693193 1.48190692043863 1.84520503296517 0.997774611925706 1.45370119763538 1.52886767452583 1.02887054579332 0 1.49236402148381 1.66043625329621 1.3420816345606 1.0343316430226 1.59406524943188 1.33077922090888 1.00465854560025 1.32845319062471 1.14606867777184 1.01931509375572 1.13952850201167 1.48801434482448 1.53039659420028 1.4887679819949 1.53435178962536 1.89313218020834 1.06362501857802 1.87925788923167
1.68053404171951 1.06356330774724 1.29670774517581 1.53404850699008 0.988125033909455 1.61133335274644 1.83655053935945 1.22984101832844 1.00715278927237 0.982653971761465 1.95296437270008 1.49236402148381 0 1.23007324244827 1.72722991369665 1.25424541672692 1.586348305922 1.90398397040553 1.72895800531842 1.18218613858335 1.05666293203831 1.58000243012793 1.92032448155805 1.21608454990201 1.81659133220091 1.39978840854019 1.75939701171592 1.49020570376888 1.0126540674828 1.93270589830354
1.1147555296775 1.73399301455356 1.06668015941978 1.5770841082558 1.31957411882468 1.86687614955008 1.92556999996305 1.07600958528928 1.89366765762679 1.93192252330482 1.82821061532013 1.66043625329621 1.23007324244827 0 1.57621617033146 1.88090457743965 1.24401732790284 1.7836064370349 1.06903641601093 1.19108813954517 1.29560437635519 1.90245065931231 1.9105771065224 1.35724378749728 1.00585658848286 1.88619380327873 1.83834502170794 1.60452671675012 1.3944722963497 1.33718779287301
1.1530871053692 1.08151805959642 1.78377744159661 1.48205559561029 1.57522844383493 1.47025854932144 1.23373908223584 1.21128069865517 0.970561117632315 0.996520532295108 1.72336112800986 1.3420816345606 1.72722991369665 1.57621617033146 0 0.994225492468104 1.17601162404753 1.75768758635968 1.01416184054688 1.50239895563573 1.06299489107914 1.93272966286168 1.15051822410896 1.17174979881383 1.54850959964097 1.72148746671155 0.98606635723263 1.53483067639172 1.77891243691556 1.29405220900662
1.78528017108329 1.94313628878444 1.08701110538095 1.81609887350351 1.8591249496676 1.54688844503835 1.58502518059686 1.69380024191923 1.1638515535742 1.3076691145543 1.15067604463547 1.0343316430226 1.25424541672692 1.88090457743965 0.994225492468104 0 1.75576630583964 1.62273058923893 1.75761425099336 1.29537451849319 1.28783994121477 1.8060912755318 1.50636314717121 1.16440560761839 1.58627090300433 1.81676313956268 1.03290043864399 1.32637856854126 1.49059480358846 1.60413125529885
1.06194310099818 1.88971346314065 1.18028291827068 1.86793118156493 1.59716045553796 1.7986401875969 1.93624900095165 1.70877628051676 0.996018772479147 1.28432683995925 1.6058249140624 1.59406524943188 1.586348305922 1.24401732790284 1.17601162404753 1.75576630583964 0 1.96123362216167 1.75918560288846 1.7088367624674 1.89699638145976 1.23767673573457 1.65100927720778 1.68089628103189 1.36790251266211 1.51509349560365 1.21617472032085 1.91844596108422 1.14744992158376 1.3560473639518
1.29512205137871 1.03528180602007 0.973343970952556 1.43451657588594 1.07763015246019 1.38923416729085 1.51924274303019 1.08346606441773 0.965214849682525 1.9321656615939 1.21034603985026 1.33077922090888 1.90398397040553 1.7836064370349 1.75768758635968 1.62273058923893 1.96123362216167 0 1.44420144124888 1.22290404024534 1.19585394160822 1.05249594454654 1.14994236663915 1.37927585630678 1.17353425384499 1.77792773395777 1.80163876083679 1.64046593406238 1.15642516408116 1.63775824685581
0.991528495680541 1.83486037584953 1.04514831281267 1.72520632506348 1.47742823814042 1.39131361362524 1.04716345947236 1.94987480528653 1.39293234841898 1.52018185216002 1.63830629945733 1.00465854560025 1.72895800531842 1.06903641601093 1.01416184054688 1.75761425099336 1.75918560288846 1.44420144124888 0 1.92625353299081 1.75566348177381 1.72957201930694 1.74970641476102 1.88321886165068 1.03949210513383 1.63220940856263 1.54458154644817 1.56187375634909 1.10631466447376 1.38234893395565
1.77486546919681 1.19917477923445 1.29478768073022 1.18285214877687 1.15279606264085 1.54636824945919 1.44399101566523 1.31989750824869 1.25605409126729 1.51312117325142 1.78624546411447 1.32845319062471 1.18218613858335 1.19108813954517 1.50239895563573 1.29537451849319 1.7088367624674 1.22290404024534 1.92625353299081 0 1.65439965156838 1.3866757855285 1.12406829907559 1.00972576974891 1.62649167818017 1.66223338153213 1.105455591809 0.975739798275754 1.21469818730839 1.35072204424068
1.06962662516162 1.28707281150855 1.80759091442451 1.09318785369396 1.51180431153625 1.00822294363752 1.86884414637461 1.57510665198788 1.63730895170011 1.07454255828634 1.8606941269245 1.14606867777184 1.05666293203831 1.29560437635519 1.06299489107914 1.28783994121477 1.89699638145976 1.19585394160822 1.75566348177381 1.65439965156838 0 1.89198460103944 1.75073790922761 1.5317481032107 1.30857872660272 1.21852162992582 1.77482447563671 1.33120568376034 1.19225539010949 1.36244156141765
1.74914324050769 1.05222200904973 1.49194517475553 1.09456534776837 1.38769759982824 1.43082923814654 1.33983319462277 1.26948904455639 1.49195234291255 1.95744920894504 1.11661359108984 1.01931509375572 1.58000243012793 1.90245065931231 1.93272966286168 1.8060912755318 1.23767673573457 1.05249594454654 1.72957201930694 1.3866757855285 1.89198460103944 0 1.87482516258024 1.11785006639548 1.83123139361851 1.25686444388703 1.62883102498017 1.11944523872808 1.18132189870812 1.28164719976485
1.24674435076304 1.46481890836731 1.93122995668091 1.94732193625532 1.68977372650988 1.17341675446369 1.01995363202877 1.47625420405529 1.92538020503707 1.3178625148721 1.46744215814397 1.13952850201167 1.92032448155805 1.9105771065224 1.15051822410896 1.50636314717121 1.65100927720778 1.14994236663915 1.74970641476102 1.12406829907559 1.75073790922761 1.87482516258024 0 1.57579723675735 1.54266206664033 1.26527206576429 1.09256018395536 1.38503846363164 1.66972571471706 1.00443398510106
1.18278533825651 1.57565702847205 1.10024414118379 1.68879052810371 1.07039430132136 1.21118979505263 1.02401567436755 1.80526771326549 1.68758920021355 1.45921868109144 1.92528047226369 1.48801434482448 1.21608454990201 1.35724378749728 1.17174979881383 1.16440560761839 1.68089628103189 1.37927585630678 1.88321886165068 1.00972576974891 1.5317481032107 1.11785006639548 1.57579723675735 0 0.981915329117328 1.7996731211897 1.24959973269142 1.21547722094692 0.982441582484171 1.56782988808118
1.86389129259624 1.5184267796576 1.26921396469697 1.89449982717633 0.988970823585987 1.63478092895821 1.69974295143038 1.92597715929151 1.00541335856542 1.40723177487962 1.73489089100622 1.53039659420028 1.81659133220091 1.00585658848286 1.54850959964097 1.58627090300433 1.36790251266211 1.17353425384499 1.03949210513383 1.62649167818017 1.30857872660272 1.83123139361851 1.54266206664033 0.981915329117328 0 1.04249534592964 0.971670489758253 1.34293622802943 1.95223038224503 1.16788862342946
0.975644101854414 1.54042503447272 1.16096767201088 1.51238209777512 1.9132411472965 1.15212737955153 1.52565690875053 1.86544446018524 1.02655836893246 1.50491056847386 1.27035485510714 1.4887679819949 1.39978840854019 1.88619380327873 1.72148746671155 1.81676313956268 1.51509349560365 1.77792773395777 1.63220940856263 1.66223338153213 1.21852162992582 1.25686444388703 1.26527206576429 1.7996731211897 1.04249534592964 0 1.38207820127718 1.07304000039585 1.74766886420548 1.3077401004266
1.89213820849545 1.30558077804744 1.0450423436705 1.74414201383479 1.8123247846961 1.18192104320042 1.11410968401469 1.61180005338974 1.74567725509405 1.56288741552271 1.00351328984834 1.53435178962536 1.75939701171592 1.83834502170794 0.98606635723263 1.03290043864399 1.21617472032085 1.80163876083679 1.54458154644817 1.105455591809 1.77482447563671 1.62883102498017 1.09256018395536 1.24959973269142 0.971670489758253 1.38207820127718 0 1.37114464794286 1.74076582235284 1.8549889579881
1.17492198012769 1.78935578581877 1.34945662785321 1.64336862578057 1.43753682728857 1.26772635313682 1.65004733693786 1.65629116399214 1.8659045228269 0.97622079658322 1.87018739781342 1.89313218020834 1.49020570376888 1.60452671675012 1.53483067639172 1.32637856854126 1.91844596108422 1.64046593406238 1.56187375634909 0.975739798275754 1.33120568376034 1.11944523872808 1.38503846363164 1.21547722094692 1.34293622802943 1.07304000039585 1.37114464794286 0 1.55208524200134 1.25150869018398
1.28612057049759 1.20656074769795 1.83833415317349 1.69293194473721 1.61091886879876 1.43262067949399 1.1184082578402 1.8170506095048 1.18964699050412 0.980523399310187 1.00583292054944 1.06362501857802 1.0126540674828 1.3944722963497 1.77891243691556 1.49059480358846 1.14744992158376 1.15642516408116 1.10631466447376 1.21469818730839 1.19225539010949 1.18132189870812 1.66972571471706 0.982441582484171 1.95223038224503 1.74766886420548 1.74076582235284 1.55208524200134 0 0.987669736146927
1.81533015216701 1.31406238116324 1.15253736707382 1.32183146849275 1.15452475519851 1.34149832231924 1.12730804970488 1.16756010940298 1.0521371322684 1.04020552709699 1.69507363508455 1.87925788923167 1.93270589830354 1.33718779287301 1.29405220900662 1.60413125529885 1.3560473639518 1.63775824685581 1.38234893395565 1.35072204424068 1.36244156141765 1.28164719976485 1.00443398510106 1.56782988808118 1.16788862342946 1.3077401004266 1.8549889579881 1.25150869018398 0.987669736146927 0
