0 1.40383578883484 1.11106590740383 1.02991846809164 1.26612927089445 1.80477844947018 1.5600648035761 1.52762536075898 1.41318144812249 1.89326573954895 1.30070037208498 1.35725023644045 1.37614147900604 0.944527004379779 1.13085871865042 1.04331875429489 1.61118957190774 1.41692823148333 1.49851247575134 1.38389091473073 1.67289493395947 1.61719589075074 1.49850076436996 1.1052982523106 1.60980638791807 1.01169440592639 1.18608088837937 1.04039037390612 1.75106198713183 1.09000686975196
1.40383578883484 0 0.947113117668778 1.20280218403786 1.41542444634251 1.74673867039382 1.62893948610872 1.36102187098004 1.07073329249397 0.987854988314211 1.41781459515914 1.38358339574188 1.74054288235493 1.20220771362074 1.39467987651005 1.22992428857833 1.28671506093815 1.21273778728209 1.41812959965318 1.76413993327878 1.44803224061616 1.02146506169811 1.50434892298654 1.22201311844401 1.13650938984938 1.87313707824796 1.25198085093871 1.10015382384881 1.72395860729739 1.46545470552519
1.11106590740383 0.947113117668778 0 0.937821393134072 1.46248263167217 0.968187470454723 0.970579373883083 1.13227523677051 1.66037739114836 1.51716813701205 1.82555390777998 1.88288217550144 0.934431899338961 1.47289530723356 1.71443300996907 1.6005868522916 1.20181154436432 0.959572696825489 1.8939388312865 1.70779579598457 1.63452152558602 1.27034181379713 1.50152108562179 1.10463429987431 1.75793273048475 0.945637431461364 1.28996218531393 1.23139542480931 1.70577882556245 1.06398114142939
1.02991846809164 1.20280218403786 0.937821393134072 0 1.23795909341425 1.81161142815836 1.90840076701716 1.24227049737237 1.40611038566567 1.06588307023048 0.980878811329603 1.33820982929319 1.72411718871444 0.992698556976393 1.81304976274259 1.69242372503504 1.03978506522253 1.30811682250351 1.48841552017257 1.12742335465737 1.08714947220869 1.8574651631061 1.16543528181501 1.20433872542344 1.74773336225189 1.47627754276618 1.24649777007289 1.10892543382943 1.89268104336224 1.26244450244121
1.26612927089445 1.41542444634251 1.46248263167217 1.23795909341425 0 1.3532722403761 0.948427619179711 1.62105455156416 0.960339814424515 1.51773088122718 1.30795082473196 1.54412062093616 1.28242471208796 1.03930023615249 1.01761803240515 1.85427004238591 1.65183426789008 1.05444755102508 1.55597184505314 1.62307094293647 1.81594612984918 1.37560460739769 1.46445756498724 1.43604418169707 1.00988686317578 1.89726760797203 0.953731785761192 1.30682491930202 0.981162950396538 1.59462445415556
1.80477844947018 1.74673867039382 0.968187470454723 1.81161142815836 1.3532722403761 0 1.69398295367137 1.29795083473437 1.42974991374649 1.01651548291557 1.26429523294792 1.12863926449791 0.96270253136754 1.11414090194739 1.20488053653389 1.45510838390328 1.38993525714613 1.03745918394998 1.09268645918928 1.78905571531504 1.1593199330382 1.07648260751739 1.38266990543343 1.81002953089774 1.25235451781191 0.946511888876557 1.42571890563704 1.23348644934595 1.50783964409493 1.84112544148229
1.5600648035761 1.62893948610872 0.970579373883083 1.90840076701716 0.948427619179711 1.69398295367137 0 1.63960264367051 1.29747586278245 1.45401130802929 1.90820559673011 1.49476910149679 1.75031120539643 1.20725317089818 1.76754191541113 1.32057376811281 1.70371489692479 1.70629634475335 1.73003167589195 1.24559495737776 1.61754566966556 1.57430036389269 1.49206227366813 1.44873321079649 1.53056034003384 1.86210337094963 1.37713294662535 1.44321571895853 1.5267150613945 1.23900810489431
1.52762536075898 1.36102187098004 1.13227523677051 1.24227049737237 1.62105455156416 1.29795083473437 1.63960264367051 0 1.63597449311055 1.69360535475425 1.40779545181431 1.29407876194455 1.56871733814478 1.12293947883882 1.37397706438787 1.16195892961696 1.67225691420026 1.31672517443076 1.06954891863279 1.85838029976003 1.72924395138398 1.6418328313157 0.923379562795162 1.07727570855059 0.930296097416431 1.41319361445494 1.49654550314881 1.69212969299406 1.82750932499766 1.1267625731416
1.41318144812249 1.07073329249397 1.66037739114836 1.40611038566567 0.960339814424515 1.42974991374649 1.29747586278245 1.63597449311055 0 1.61446208762936 1.22855531680398 1.41797607415356 1.79746238095686 1.04253765707836 1.34116543317214 1.05830089771189 1.45663956087083 1.55498606595211 1.00580412731506 1.01098707038909 1.6526571852155 1.46592355077155 1.41368363122456 1.85667346091941 1.88998813647777 1.10248020826839 1.33503450057469 1.59408720652573 1.52397547429428 1.11102556809783
1.89326573954895 0.987854988314211 1.51716813701205 1.06588307023048 1.51773088122718 1.01651548291557 1.45401130802929 1.69360535475425 1.61446208762936 0 1.63534844154492 1.61374540999532 0.948344824137166 1.01056108647026 1.67439836985432 0.929238701006398 1.18916896381415 0.986618124414235 1.32069509313442 1.28301739878953 1.35991396289319 1.79239036282524 1.23855370562524 1.79127442254685 1.19821362826042 1.3965005306527 1.37656892929226 0.950919599272311 1.19951624120586 1.03819103608839
1.30070037208498 1.41781459515914 1.82555390777998 0.980878811329603 1.30795082473196 1.26429523294792 1.90820559673011 1.40779545181431 1.22855531680398 1.63534844154492 0 1.0330783163663 1.29469866165891 1.37646156176925 1.43043054803275 1.8320927566383 1.30968757765368 1.82278085476719 1.16991644445807 0.94206773955375 1.6558753575664 1.37132684444077 1.88757029897533 1.63728978857398 1.34663307433948 1.38933671172708 1.44871097290888 1.61471966118552 1.73349762638099 0.939182856353
1.35725023644045 1.38358339574188 1.88288217550144 1.33820982929319 1.54412062093616 1.12863926449791 1.49476910149679 1.29407876194455 1.41797607415356 1.61374540999532 1.0330783163663 0 1.23821086413227 1.17491126130335 1.61914000380784 1.86006720643491 0.99831870989874 1.42045637476258 1.42936162557453 1.05542064574547 1.85981226130389 1.03008819650859 1.03739181626588 0.941923533333465 1.40688321273774 1.42992178816348 0.991927020251751 0.987616813741624 1.1121305518318 0.963823089376092
1.37614147900604 1.74054288235493 0.934431899338961 1.72411718871444 1.28242471208796 0.96270253136754 1.75031120539643 1.56871733814478 1.79746238095686 0.948344824137166 1.29469866165891 1.23821086413227 0 0.943725207354873 1.89515548129566 1.55908563151024 1.51189628639258 1.34246206050739 1.08449343615212 1.1123243693728 1.90945028187707 1.42830674117431 1.49687276710756 1.64285896811634 1.53541519725695 1.16250026761554 1.04133242089301 1.41490460489877 1.61620368156582 1.72820931533352
0.944527004379779 1.20220771362074 1.47289530723356 0.992698556976393 1.03930023615249 1.11414090194739 1.20725317089818 1.12293947883882 1.04253765707836 1.01056108647026 1.37646156176925 1.17491126130335 0.943725207354873 0 1.30118510616012 1.89209858281538 1.74133331351914 1.34706238494255 1.35827425518073 1.78630479518324 0.968173511093482 1.59828699636273 1.72769284527749 1.50265011098236 1.25539080961607 1.80354229873046 1.09511386812665 0.976780403638259 1.65107856527902 1.61031851172447
1.13085871865042 1.39467987651005 1.71443300996907 1.81304976274259 1.01761803240515 1.20488053653389 1.76754191541113 1.37397706438787 1.34116543317214 1.67439836985432 1.43043054803275 1.61914000380784 1.89515548129566 1.30118510616012 0 1.86194842983969 1.0383827118203 1.68407582910731 1.29409855045378 1.15870023984462 1.85987860849127 1.56796364183538 1.24650090234354 1.14344756188802 1.44162715389393 1.78813604474999 1.08361759688705 1.68661099602468 1.9003561292775 1.61445268639363
1.04331875429489 1.22992428857833 1.6005868522916 1.69242372503504 1.85427004238591 1.45510838390328 1.32057376811281 1.16195892961696 1.05830089771189 0.929238701006398 1.8320927566383 1.86006720643491 1.55908563151024 1.89209858281538 1.86194842983969 0 1.85102855088189 1.86792153841816 1.49740178580396 1.16735989251174 1.04320166748948 1.80791303608567 1.55284003191628 1.45259825047106 1.8885314555373 1.27061096671969 1.26635625050403 1.30624841828831 1.67951301741414 1.33479611971416
1.61118957190774 1.28671506093815 1.20181154436432 1.03978506522253 1.65183426789008 1.38993525714613 1.70371489692479 1.67225691420026 1.45663956087083 1.18916896381415 1.30968757765368 0.99831870989874 1.51189628639258 1.74133331351914 1.0383827118203 1.85102855088189 0 1.04481031768955 1.60520727443509 1.63774571800604 0.982018476817757 1.32326240022667 1.76989538199268 1.10670661949553 1.87570434622467 1.41038041724823 0.940142212668434 1.79583053244278 0.928170121507719 1.29937968892045
1.41692823148333 1.21273778728209 0.959572696825489 1.30811682250351 1.05444755102508 1.03745918394998 1.70629634475335 1.31672517443076 1.55498606595211 0.986618124414235 1.82278085476719 1.42045637476258 1.34246206050739 1.34706238494255 1.68407582910731 1.86792153841816 1.04481031768955 0 1.60504792327993 0.932241451460868 1.3958509543445 1.85568804503419 1.72643522196449 1.5811000589747 1.09439844707958 1.56205290765502 1.42124227038585 1.6340030154679 0.962657079799101 1.20390825998038
1.49851247575134 1.41812959965318 1.8939388312865 1.48841552017257 1.55597184505314 1.09268645918928 1.73003167589195 1.06954891863279 1.00580412731506 1.32069509313442 1.16991644445807 1.42936162557453 1.08449343615212 1.35827425518073 1.29409855045378 1.49740178580396 1.60520727443509 1.60504792327993 0 1.65096390759572 1.12788632255979 1.01578393625095 1.04314612154849 1.52296646661125 1.7903800921049 1.30159032414667 1.2545810691081 1.11808392894454 1.50124337198213 1.32568846456707
1.38389091473073 1.76413993327878 1.70779579598457 1.12742335465737 1.62307094293647 1.78905571531504 1.24559495737776 1.85838029976003 1.01098707038909 1.28301739878953 0.94206773955375 1.05542064574547 1.1123243693728 1.78630479518324 1.15870023984462 1.16735989251174 1.63774571800604 0.932241451460868 1.65096390759572 0 1.31903083692305 1.27796474215575 1.26568427612074 1.57325283042155 1.51460746815428 1.50317280553281 1.61915939929895 1.80250477278605 1.67103502876125 1.17333568143658
1.67289493395947 1.44803224061616 1.63452152558602 1.08714947220869 1.81594612984918 1.1593199330382 1.61754566966556 1.72924395138398 1.6526571852155 1.35991396289319 1.6558753575664 1.85981226130389 1.90945028187707 0.968173511093482 1.85987860849127 1.04320166748948 0.982018476817757 1.3958509543445 1.12788632255979 1.31903083692305 0 1.3661067339126 1.51259281602688 1.42094052792527 1.62265830137767 1.08293028594926 1.18288409546949 1.74700097599998 1.23216859530658 1.36983743868768
1.61719589075074 1.02146506169811 1.27034181379713 1.8574651631061 1.37560460739769 1.07648260751739 1.57430036389269 1.6418328313157 1.46592355077155 1.79239036282524 1.37132684444077 1.03008819650859 1.42830674117431 1.59828699636273 1.56796364183538 1.80791303608567 1.32326240022667 1.85568804503419 1.01578393625095 1.27796474215575 1.3661067339126 0 1.09563151397742 1.4996957089752 1.0026156634558 1.8430567169562 1.74963460513391 1.56120504671708 1.20704680588096 1.84574821195565
1.49850076436996 1.50434892298654 1.50152108562179 1.16543528181501 1.46445756498724 1.38266990543343 1.49206227366813 0.923379562795162 1.41368363122456 1.23855370562524 1.88757029897533 1.03739181626588 1.49687276710756 1.72769284527749 1.24650090234354 1.55284003191628 1.76989538199268 1.72643522196449 1.04314612154849 1.26568427612074 1.51259281602688 1.09563151397742 0 1.32496880390681 1.17236305447295 0.937364364974201 1.38195480196737 1.18240642803721 1.09078659350052 1.38935508579016
1.1052982523106 1.22201311844401 1.10463429987431 1.20433872542344 1.43604418169707 1.81002953089774 1.44873321079649 1.07727570855059 1.85667346091941 1.79127442254685 1.63728978857398 0.941923533333465 1.64285896811634 1.50265011098236 1.14344756188802 1.45259825047106 1.10670661949553 1.5811000589747 1.52296646661125 1.57325283042155 1.42094052792527 1.4996957089752 1.32496880390681 0 1.0107948014047 1.12585403420962 1.35499073169194 1.42461912799627 1.10681214998476 1.89336571656168
1.60980638791807 1.13650938984938 1.75793273048475 1.74773336225189 1.00988686317578 1.25235451781191 1.53056034003384 0.930296097416431 1.88998813647777 1.19821362826042 1.34663307433948 1.40688321273774 1.53541519725695 1.25539080961607 1.44162715389393 1.8885314555373 1.87570434622467 1.09439844707958 1.7903800921049 1.51460746815428 1.62265830137767 1.0026156634558 1.17236305447295 1.0107948014047 0 1.82234096014872 1.82996893161908 0.985957193886861 1.85453532729298 1.60434154514223
1.01169440592639 1.87313707824796 0.945637431461364 1.47627754276618 1.89726760797203 0.946511888876557 1.86210337094963 1.41319361445494 1.10248020826839 1.3965005306527 1.38933671172708 1.42992178816348 1.16250026761554 1.80354229873046 1.78813604474999 1.27061096671969 1.41038041724823 1.56205290765502 1.30159032414667 1.50317280553281 1.08293028594926 1.8430567169562 0.937364364974201 1.12585403420962 1.82234096014872 0 1.79110591672361 1.02671272284351 1.30449473112822 1.68081771512516
1.18608088837937 1.25198085093871 1.28996218531393 1.24649777007289 0.953731785761192 1.42571890563704 1.37713294662535 1.49654550314881 1.33503450057469 1.37656892929226 1.44871097290888 0.991927020251751 1.04133242089301 1.09511386812665 1.08361759688705 1.26635625050403 0.940142212668434 1.42124227038585 1.2545810691081 1.61915939929895 1.18288409546949 1.74963460513391 1.38195480196737 1.35499073169194 1.82996893161908 1.79110591672361 0 1.87253720173612 0.957927180454135 1.43160582566634
1.04039037390612 1.10015382384881 1.23139542480931 1.10892543382943 1.30682491930202 1.23348644934595 1.44321571895853 1.69212969299406 1.59408720652573 0.950919599272311 1.61471966118552 0.987616813741624 1.41490460489877 0.976780403638259 1.68661099602468 1.30624841828831 1.79583053244278 1.6340030154679 1.11808392894454 1.80250477278605 1.74700097599998 1.56120504671708 1.18240642803721 1.42461912799627 0.985957193886861 1.02671272284351 1.87253720173612 0 0.970166501123458 1.72910622740164
1.75106198713183 1.72395860729739 1.70577882556245 1.89268104336224 0.981162950396538 1.50783964409493 1.5267150613945 1.82750932499766 1.52397547429428 1.19951624120586 1.73349762638099 1.1121305518318 1.61620368156582 1.65107856527902 1.9003561292775 1.67951301741414 0.928170121507719 0.962657079799101 1.50124337198213 1.67103502876125 1.23216859530658 1.20704680588096 1.09078659350052 1.10681214998476 1.85453532729298 1.30449473112822 0.957927180454135 0.970166501123458 0 1.48542864620686
1.09000686975196 1.46545470552519 1.06398114142939 1.26244450244121 1.59462445415556 1.84112544148229 1.23900810489431 1.1267625731416 1.11102556809783 1.03819103608839 0.939182856353 0.963823089376092 1.72820931533352 1.61031851172447 1.61445268639363 1.33479611971416 1.29937968892045 1.20390825998038 1.32568846456707 1.17333568143658 1.36983743868768 1.84574821195565 1.38935508579016 1.89336571656168 1.60434154514223 1.68081771512516 1.43160582566634 1.72910622740164 1.48542864620686 0
