0 1.51077525201254 1.7067742231302 1.83750098757446 1.19215501169674 1.40966617898084 1.34301516064443 1.54694131622091 1.46986512164585 0.885888685006648 1.67170096258633 1.28890137001872 1.13417451782152 1.73763014283031 1.63909945869818 1.27732756594196 1.72441765642725 0.941269477829337 1.83371350192465 1.69909444847144 1.10106139234267 1.18553497875109 1.01067013293505 0.873368881409988 1.47982073016465 1.11853692075238 1.75068701175041 1.18535213265568 0.93087041657418 1.35171542712487
1.51077525201254 0 1.39399912953377 1.44172646384686 1.56388035835698 1.48967161239125 1.02436985983513 1.35442479071207 0.910854344023392 1.29135885974392 1.70875312783755 1.59537008451298 1.67628014506772 1.74060502066277 1.15504974802025 1.1700581733603 0.963102987734601 1.22849105461501 1.41689953161404 1.35395536595024 1.29659042949788 1.79344190726988 1.50496777449735 1.59276572591625 1.53491592593491 1.72776430426165 0.911774215754122 1.75952631398104 1.18710347078741 1.40472704241984
1.7067742231302 1.39399912953377 0 1.66615771618672 0.954935063840821 1.75241889758036 1.07050002226606 1.18897468247451 1.38084779353812 1.11285406234674 1.18998105055653 1.20202040718868 1.18912358046509 1.0362120878417 1.71747841569595 1.85522717377171 1.47671315586194 1.3739272467792 0.953123858198524 0.970842329785228 1.04177958145738 1.38674092083238 0.9827305378858 0.973274209070951 1.70729860826395 1.34013637457974 1.6332155582495 0.922746319789439 0.944884169613943 1.58392736664973
1.83750098757446 1.44172646384686 1.66615771618672 0 0.941548939794302 1.60049612633884 1.6922678030096 1.65221113944426 0.928126278799027 1.31030749646015 1.53647518297657 1.83546981960535 1.78259722143412 1.04978336510248 1.3600293584168 1.45852177240886 0.918356671230868 1.78311286587268 1.77013299893588 0.980145617155358 1.84995513618924 1.11323590157554 1.02350545069203 1.39731745840982 1.77914913371205 1.09158935653977 1.85152350901626 1.38638897775672 1.33844699710608 1.10704030329362
1.19215501169674 1.56388035835698 0.954935063840821 0.941548939794302 0 1.44253840460442 1.82984617492184 1.61001469823532 0.894300655229017 1.05739578465 1.37780276872218 1.62740858597681 1.36644544964656 1.8396782153286 1.47593308007345 1.4753783296328 1.6412986817304 1.22301821759902 0.998311300296336 1.25704941619188 1.47220661211759 1.5097321330104 1.3777636832092 1.16646391060203 1.32971992273815 1.39079650095664 1.69712586188689 0.869527785340324 1.17358707915992 1.45536024612375
1.40966617898084 1.48967161239125 1.75241889758036 1.60049612633884 1.44253840460442 0 1.5568965501152 1.71923760860227 1.74528437992558 1.49431789969094 1.16631381795742 1.59056475292891 1.31513738608919 1.64275299315341 0.924450449412689 1.50202383100986 1.21218740497716 1.72518341289833 1.41413041413762 1.17458499083295 0.897366853663698 1.27268342976458 1.69931150274351 1.17896659346297 1.71347341919318 1.63201382313855 1.56649911310524 1.26091107469983 1.84048031340353 1.51916601415724
1.34301516064443 1.02436985983513 1.07050002226606 1.6922678030096 1.82984617492184 1.5568965501152 0 1.72253808216192 1.79012404126115 1.60656591597944 1.53311820630915 1.05634764535353 1.29682973376475 1.38266140944324 1.81936215260066 1.3655820696149 1.26723398943432 1.60680308914743 1.54244481702335 1.63591894810088 1.119212315185 1.81642395420931 1.20833972049877 1.26823187340051 1.35389300086536 1.4085049489513 1.68951370753348 1.67822808190249 0.95429215952754 0.945791837293655
1.54694131622091 1.35442479071207 1.18897468247451 1.65221113944426 1.61001469823532 1.71923760860227 1.72253808216192 0 1.50860832259059 1.1299204856623 1.22760988282971 1.14447802118957 1.71648455038667 1.36682675033808 1.11163527145982 1.37360410229303 1.41845847736113 1.28172695054673 1.527506332146 1.53671717410907 1.61716053518467 0.889629306970164 1.6382850210648 1.17272113263607 1.45018812268972 1.82656415645033 1.63049069279805 1.61770914378576 1.62597501231357 1.59277177951299
1.46986512164585 0.910854344023392 1.38084779353812 0.928126278799027 0.894300655229017 1.74528437992558 1.79012404126115 1.50860832259059 0 1.69004839635454 1.83480332838371 1.07997562550008 1.56998331658542 0.970355762401596 1.47927153552882 1.56820230954327 0.911508479388431 1.00609878031537 1.54881865368225 1.19739358476363 1.31470805360004 1.83817164739594 1.5265302665066 0.962429642211646 1.74773095105775 1.08005869621411 1.6328696704004 1.50526069314219 1.75749222491868 1.33263087365776
0.885888685006648 1.29135885974392 1.11285406234674 1.31030749646015 1.05739578465 1.49431789969094 1.60656591597944 1.1299204856623 1.69004839635454 0 1.00544780795462 1.39452086412348 1.8455450264737 1.65815082169138 1.19167421059683 1.77526942151599 1.44360165065154 1.81243823282421 1.6820815897081 1.26107931765728 1.1603506244719 1.5846118084155 1.36010979861021 1.66362598002888 1.39960504788905 1.01372360670939 1.12284323829226 1.07386122155003 1.32585629634559 1.73010158818215
1.67170096258633 1.70875312783755 1.18998105055653 1.53647518297657 1.37780276872218 1.16631381795742 1.53311820630915 1.22760988282971 1.83480332838371 1.00544780795462 0 1.20035770442337 0.94172924850136 1.72940955800004 1.83794160466641 0.94953061430715 1.42976686824113 0.871623509563506 1.39151822566055 1.37979001831263 1.64572688844055 1.00307444832288 1.71740131219849 1.31504616816528 1.50938554550521 1.04485301650129 1.14124646876007 1.1467638569884 1.08765471819788 1.27185074612498
1.28890137001872 1.59537008451298 1.20202040718868 1.83546981960535 1.62740858597681 1.59056475292891 1.05634764535353 1.14447802118957 1.07997562550008 1.39452086412348 1.20035770442337 0 1.25882533146068 1.20518113812432 1.52650988404639 1.52079380722716 1.7396459102165 1.10401858412661 1.56041327491403 0.978231622138992 1.66724996641278 1.1116173742339 1.58843520120718 1.85261612990871 1.73141780821607 1.05041587678716 1.73416540259495 1.01731119607575 1.48265005438589 1.86187203554437
1.13417451782152 1.67628014506772 1.18912358046509 1.78259722143412 1.36644544964656 1.31513738608919 1.29682973376475 1.71648455038667 1.56998331658542 1.8455450264737 0.94172924850136 1.25882533146068 0 1.34954843088053 1.26688217464834 0.993651289260015 1.1635573671665 1.23451223317534 1.84376196865924 1.26808127271943 1.09688641387038 1.14850512915291 1.65654547815211 0.892017886042595 1.70483631757088 0.894587462767959 0.975834520766512 1.24095242563635 1.35305042425171 1.03954611578956
1.73763014283031 1.74060502066277 1.0362120878417 1.04978336510248 1.8396782153286 1.64275299315341 1.38266140944324 1.36682675033808 0.970355762401596 1.65815082169138 1.72940955800004 1.20518113812432 1.34954843088053 0 1.50443699187599 1.36726915207691 1.12020531925373 1.08256495045498 1.5104211512953 1.47160715470091 0.868821769254282 1.1137761278078 1.1179585356731 1.71388526074588 1.64111072267406 1.34929741197266 1.53030361933634 1.47020565508865 1.51033398113213 1.08781662932597
1.63909945869818 1.15504974802025 1.71747841569595 1.3600293584168 1.47593308007345 0.924450449412689 1.81936215260066 1.11163527145982 1.47927153552882 1.19167421059683 1.83794160466641 1.52650988404639 1.26688217464834 1.50443699187599 0 1.12159934686497 1.14791011973284 1.789663632866 1.1827427467797 0.887537049362436 1.2858086086344 1.09859458706342 0.974949869094416 1.51372548891231 1.00205404753797 1.00544382166117 1.78042231639847 0.918213428463787 1.11755514750257 1.09997122455388
1.27732756594196 1.1700581733603 1.85522717377171 1.45852177240886 1.4753783296328 1.50202383100986 1.3655820696149 1.37360410229303 1.56820230954327 1.77526942151599 0.94953061430715 1.52079380722716 0.993651289260015 1.36726915207691 1.12159934686497 0 1.14954293449409 0.925186150707304 1.55341809219681 1.34077664231881 1.51763710775413 0.959889801917598 1.77626070403494 1.32423692848533 1.5765231566038 0.938000774476677 1.52934149303474 0.970474489731714 0.977764619281515 0.935748347081244
1.72441765642725 0.963102987734601 1.47671315586194 0.918356671230868 1.6412986817304 1.21218740497716 1.26723398943432 1.41845847736113 0.911508479388431 1.44360165065154 1.42976686824113 1.7396459102165 1.1635573671665 1.12020531925373 1.14791011973284 1.14954293449409 0 1.53310355916619 1.61617158632725 1.73595258500427 1.16715103434399 1.29776637838222 1.41239734552801 0.978083499707282 0.920663731871173 1.46248405752704 1.28207822190598 1.71382881863974 1.83592787780799 0.995394717203453
0.941269477829337 1.22849105461501 1.3739272467792 1.78311286587268 1.22301821759902 1.72518341289833 1.60680308914743 1.28172695054673 1.00609878031537 1.81243823282421 0.871623509563506 1.10401858412661 1.23451223317534 1.08256495045498 1.789663632866 0.925186150707304 1.53310355916619 0 1.74188217241317 1.01821639412083 1.30817350256257 1.73685781890526 1.41918020532466 0.904559803660959 1.6167955561541 1.3562554968521 1.17315937066451 1.13595322356559 1.23858582018875 1.45039271167479
1.83371350192465 1.41689953161404 0.953123858198524 1.77013299893588 0.998311300296336 1.41413041413762 1.54244481702335 1.527506332146 1.54881865368225 1.6820815897081 1.39151822566055 1.56041327491403 1.84376196865924 1.5104211512953 1.1827427467797 1.55341809219681 1.61617158632725 1.74188217241317 0 1.3512766440399 0.901012765243649 1.07072222302668 1.20705429068767 1.07068020477891 1.35688451840542 1.49669149448164 1.57976382947527 1.18017397378571 1.22144537069835 1.01100578345358
1.69909444847144 1.35395536595024 0.970842329785228 0.980145617155358 1.25704941619188 1.17458499083295 1.63591894810088 1.53671717410907 1.19739358476363 1.26107931765728 1.37979001831263 0.978231622138992 1.26808127271943 1.47160715470091 0.887537049362436 1.34077664231881 1.73595258500427 1.01821639412083 1.3512766440399 0 1.32787574385293 1.80275762756355 1.64552635257132 1.77061552624218 1.62615172774531 1.01928646513261 1.01039554085582 1.80575047782622 1.12508828821592 0.936976511729881
1.10106139234267 1.29659042949788 1.04177958145738 1.84995513618924 1.47220661211759 0.897366853663698 1.119212315185 1.61716053518467 1.31470805360004 1.1603506244719 1.64572688844055 1.66724996641278 1.09688641387038 0.868821769254282 1.2858086086344 1.51763710775413 1.16715103434399 1.30817350256257 0.901012765243649 1.32787574385293 0 1.1522235260345 1.40969534427859 1.68055282579735 0.926569412462413 1.65381587925367 1.35200325096957 1.79022265574895 1.39694129442796 1.43969820276834
1.18553497875109 1.79344190726988 1.38674092083238 1.11323590157554 1.5097321330104 1.27268342976458 1.81642395420931 0.889629306970164 1.83817164739594 1.5846118084155 1.00307444832288 1.1116173742339 1.14850512915291 1.1137761278078 1.09859458706342 0.959889801917598 1.29776637838222 1.73685781890526 1.07072222302668 1.80275762756355 1.1522235260345 0 1.69734387262724 1.0924295836594 1.29482691152953 1.5827461683657 1.60130514367484 1.50166569720022 1.54709099559113 1.71759192203172
1.01067013293505 1.50496777449735 0.9827305378858 1.02350545069203 1.3777636832092 1.69931150274351 1.20833972049877 1.6382850210648 1.5265302665066 1.36010979861021 1.71740131219849 1.58843520120718 1.65654547815211 1.1179585356731 0.974949869094416 1.77626070403494 1.41239734552801 1.41918020532466 1.20705429068767 1.64552635257132 1.40969534427859 1.69734387262724 0 1.17807402345352 1.79789201146923 1.59977937024087 1.68916150135919 1.30375279998407 0.959498427575454 1.21653593168594
0.873368881409988 1.59276572591625 0.973274209070951 1.39731745840982 1.16646391060203 1.17896659346297 1.26823187340051 1.17272113263607 0.962429642211646 1.66362598002888 1.31504616816528 1.85261612990871 0.892017886042595 1.71388526074588 1.51372548891231 1.32423692848533 0.978083499707282 0.904559803660959 1.07068020477891 1.77061552624218 1.68055282579735 1.0924295836594 1.17807402345352 0 1.35817029047757 1.7525745339226 1.57398332934827 1.41122121154331 1.70595943159424 1.02074450301006
1.47982073016465 1.53491592593491 1.70729860826395 1.77914913371205 1.32971992273815 1.71347341919318 1.35389300086536 1.45018812268972 1.74773095105775 1.39960504788905 1.50938554550521 1.73141780821607 1.70483631757088 1.64111072267406 1.00205404753797 1.5765231566038 0.920663731871173 1.6167955561541 1.35688451840542 1.62615172774531 0.926569412462413 1.29482691152953 1.79789201146923 1.35817029047757 0 1.11621762579307 1.63135086442344 1.34265470760874 1.64928493625484 1.21507585910149
1.11853692075238 1.72776430426165 1.34013637457974 1.09158935653977 1.39079650095664 1.63201382313855 1.4085049489513 1.82656415645033 1.08005869621411 1.01372360670939 1.04485301650129 1.05041587678716 0.894587462767959 1.34929741197266 1.00544382166117 0.938000774476677 1.46248405752704 1.3562554968521 1.49669149448164 1.01928646513261 1.65381587925367 1.5827461683657 1.59977937024087 1.7525745339226 1.11621762579307 0 1.32503734971397 1.3557765702717 0.870763323036954 1.08441542508081
1.75068701175041 0.911774215754122 1.6332155582495 1.85152350901626 1.69712586188689 1.56649911310524 1.68951370753348 1.63049069279805 1.6328696704004 1.12284323829226 1.14124646876007 1.73416540259495 0.975834520766512 1.53030361933634 1.78042231639847 1.52934149303474 1.28207822190598 1.17315937066451 1.57976382947527 1.01039554085582 1.35200325096957 1.60130514367484 1.68916150135919 1.57398332934827 1.63135086442344 1.32503734971397 0 1.60189468413591 1.35461246385239 1.40349823050201
1.18535213265568 1.75952631398104 0.922746319789439 1.38638897775672 0.869527785340324 1.26091107469983 1.67822808190249 1.61770914378576 1.50526069314219 1.07386122155003 1.1467638569884 1.01731119607575 1.24095242563635 1.47020565508865 0.918213428463787 0.970474489731714 1.71382881863974 1.13595322356559 1.18017397378571 1.80575047782622 1.79022265574895 1.50166569720022 1.30375279998407 1.41122121154331 1.34265470760874 1.3557765702717 1.60189468413591 0 1.28110787132755 1.25364791182801
0.93087041657418 1.18710347078741 0.944884169613943 1.33844699710608 1.17358707915992 1.84048031340353 0.95429215952754 1.62597501231357 1.75749222491868 1.32585629634559 1.08765471819788 1.48265005438589 1.35305042425171 1.51033398113213 1.11755514750257 0.977764619281515 1.83592787780799 1.23858582018875 1.22144537069835 1.12508828821592 1.39694129442796 1.54709099559113 0.959498427575454 1.70595943159424 1.64928493625484 0.870763323036954 1.35461246385239 1.28110787132755 0 1.06663816655055
1.35171542712487 1.40472704241984 1.58392736664973 1.10704030329362 1.45536024612375 1.51916601415724 0.945791837293655 1.59277177951299 1.33263087365776 1.73010158818215 1.27185074612498 1.86187203554437 1.03954611578956 1.08781662932597 1.09997122455388 0.935748347081244 0.995394717203453 1.45039271167479 1.01100578345358 0.936976511729881 1.43969820276834 1.71759192203172 1.21653593168594 1.02074450301006 1.21507585910149 1.08441542508081 1.40349823050201 1.25364791182801 1.06663816655055 0
