0 1.56360621098429 1.59734710794874 1.8316967447754 1.30804006708786 1.63413438224234 1.23358111921698 1.92746555805206 1.89784574648365 1.50361232296564 1.80894399015233 1.77966721006669 1.10539203393273 1.1777650595177 1.02164100622758 1.32463757810183 1.27780467737466 1.61488009360619 1.19750797748566 0.991051465272903 1.11496097710915 1.48775802878663 1.53968024509959 1.17093051271513 1.54796751891263 0.978243304882199 1.51249857898802 1.48549241386354 1.50281956419349 1.11489224247634
1.56360621098429 0 1.52718831109814 1.53557447623461 1.41569944098592 1.75701684202068 1.4196885926649 1.58514865464531 1.9327951730229 1.32967730029486 1.44786815950647 0.955788880120963 1.24487547995523 1.64454801403917 1.1208574436605 1.76107431738637 1.00802200823091 1.8836056382861 1.56079346151091 0.949712849920616 1.3921555345878 0.963197152595967 1.63919733092189 1.58841493213549 1.19799772882834 1.88239296386018 1.23777330946177 0.999281261581928 1.40416776761413 0.94236305472441
1.59734710794874 1.52718831109814 0 1.69580485485494 1.35481063881889 1.14597084699199 1.64668803894892 1.57623296952806 1.24796942877583 1.21655721287243 1.47126625501551 1.88152012857608 1.60743358149193 1.73612741963007 1.88249851530418 1.50934633146971 1.00626028189436 1.87831011973321 1.84668605937622 0.959866476245224 1.04763864120468 0.977027727290988 1.87165175192058 1.61634096852504 1.41706084576435 1.46521780733019 1.54296105192043 1.16106257075444 1.43316048081033 1.8999695701059
1.8316967447754 1.53557447623461 1.69580485485494 0 1.91998064471409 1.14176698774099 1.80709380237386 1.84653420583345 1.438227429986 1.48943485296331 1.21058742515743 1.60262771788985 1.0114214962814 1.53707809583284 1.71297816722654 1.8803898843471 1.74903531558812 1.26981680770405 1.23538778792135 1.16047307569534 1.43283462082036 1.78093120083213 1.68094670050777 1.27028425736353 1.46933837467805 1.81358358147554 1.68341818149202 1.91061025019735 1.93527487106621 1.79116098652594
1.30804006708786 1.41569944098592 1.35481063881889 1.91998064471409 0 1.10639362758957 0.996930113760754 1.93268130416982 1.11960896709934 1.3881319432985 1.05891014472581 1.8165910851676 1.3828588204924 1.04230062058195 1.74819902703166 1.88108559045941 1.78362418990582 1.78293703799136 1.42211991571821 1.44081153720617 1.79525891877711 1.06381265399978 1.54490252002142 1.22524423804134 1.55035633197986 1.82464549737051 1.23546044458635 1.0728289487306 1.34522730275057 1.65248649078421
1.63413438224234 1.75701684202068 1.14597084699199 1.14176698774099 1.10639362758957 0 1.75066263508052 1.3010399248451 1.22970918216743 1.58664086065255 0.966912927571684 0.941675107227638 1.7790811646264 1.00985756982118 1.20399223431014 1.53332649404183 1.76023559877649 1.72541813948192 1.07113176002167 1.71700900560245 1.67679998162203 1.67692435975187 1.66723729111254 1.12448553997092 1.2628480757121 1.61012895847671 1.1446686075069 0.996840052539483 1.90153524652123 1.93167850608006
1.23358111921698 1.4196885926649 1.64668803894892 1.80709380237386 0.996930113760754 1.75066263508052 0 1.26836380758323 1.10625947569497 1.46081016631797 0.957375162513927 1.92237193556502 1.18013879749924 1.24022027710453 1.33882499253377 1.73647088441066 1.32290068850853 1.43101021810435 1.62237421167083 1.55791690782644 1.50049222633243 1.68850935739465 0.989983043866232 1.17617823113687 1.63970646820962 1.29344110726379 1.69456924963742 1.58186159911565 1.4102189571131 1.19851491949521
1.92746555805206 1.58514865464531 1.57623296952806 1.84653420583345 1.93268130416982 1.3010399248451 1.26836380758323 0 1.5892080750782 1.38477336405776 1.22531966376118 1.57892160024494 1.63473407924175 0.948568240273744 1.48203829792328 1.81754460465163 1.25332996156067 1.56567099853419 1.7004617806524 1.89536865963601 1.41762735648081 1.10638768807985 1.22203185129911 1.81992157339118 0.996538089122623 0.997163311578333 1.8720976349432 1.35221260157414 1.42275558179244 1.15054112812504
1.89784574648365 1.9327951730229 1.24796942877583 1.438227429986 1.11960896709934 1.22970918216743 1.10625947569497 1.5892080750782 0 1.27896383311599 1.368289797334 1.29730166378431 1.83360457234085 1.10181471030228 1.31681099091657 1.76757596922107 1.0582763554994 1.69180561089888 1.01065998594277 1.85933774593286 1.28994503687136 1.82724871719256 1.55215085973032 1.66549631021917 1.10180023033172 1.0742765746545 1.14119377476163 1.85867589246482 1.02751522278413 0.999759394442663
1.50361232296564 1.32967730029486 1.21655721287243 1.48943485296331 1.3881319432985 1.58664086065255 1.46081016631797 1.38477336405776 1.27896383311599 0 1.85851194662973 1.80423646257259 1.12361924001016 1.82858938863501 1.86135991895571 1.0051652349066 1.68043514271267 0.993847618345171 1.64056776487269 1.46936054481193 1.29149613180198 1.68689319980331 1.06421562726609 1.87806718982756 1.26843706588261 1.71242211293429 1.49917205050588 0.952200156869367 1.25225700461306 1.34579607634805
1.80894399015233 1.44786815950647 1.47126625501551 1.21058742515743 1.05891014472581 0.966912927571684 0.957375162513927 1.22531966376118 1.368289797334 1.85851194662973 0 1.13298048591241 1.64415408438072 1.39016116550192 1.44190035248175 1.41346147330478 1.69356066267937 1.23881658096798 1.79939359216951 0.980338945286348 1.32923088292591 1.67910700850189 1.20854360959493 1.16462035430595 1.41029137698933 1.58497477904893 1.51076044421643 0.979780391091481 1.62637300579809 1.47188169625588
1.77966721006669 0.955788880120963 1.88152012857608 1.60262771788985 1.8165910851676 0.941675107227638 1.92237193556502 1.57892160024494 1.29730166378431 1.80423646257259 1.13298048591241 0 1.7992235077545 1.5908720518928 1.48036753572524 1.59405240020715 1.26630579982884 1.41340248286724 1.81655494333245 0.941764342365786 1.09865823597647 1.44532540440559 1.76441939733922 1.635736964643 1.00713584385812 1.79404217749834 1.2696517102886 1.93103815964423 0.959860139293596 1.48137486120686
1.10539203393273 1.24487547995523 1.60743358149193 1.0114214962814 1.3828588204924 1.7790811646264 1.18013879749924 1.63473407924175 1.83360457234085 1.12361924001016 1.64415408438072 1.7992235077545 0 0.976158970268443 0.968292696401477 1.60494452598505 1.83698443439789 1.68799317977391 1.4021695011761 1.72934159194119 1.17706042295322 1.82108989660628 1.57071576849557 1.78526708064601 1.46948592900299 1.34376410488039 1.27456928486936 1.38261044025421 1.19938407721929 1.35802162135951
1.1777650595177 1.64454801403917 1.73612741963007 1.53707809583284 1.04230062058195 1.00985756982118 1.24022027710453 0.948568240273744 1.10181471030228 1.82858938863501 1.39016116550192 1.5908720518928 0.976158970268443 0 1.77462189621292 1.20875876583159 0.960195547668263 1.07835160894319 0.948926662327722 1.88709141477011 1.42141234315932 1.78260492789559 1.86294657620601 1.8575284415856 1.13460264867172 1.28200788632967 1.00333605473861 1.68934015091509 1.92890477110632 0.952992597362027
1.02164100622758 1.1208574436605 1.88249851530418 1.71297816722654 1.74819902703166 1.20399223431014 1.33882499253377 1.48203829792328 1.31681099091657 1.86135991895571 1.44190035248175 1.48036753572524 0.968292696401477 1.77462189621292 0 1.21162428078242 0.975291263312101 1.45700905448757 1.32266452582553 1.79244628315791 1.35452933562919 0.98168962681666 1.67716867569834 1.23034281679429 1.73015098855831 1.78691798611544 1.26219633524306 1.91933566145599 1.03880288940854 1.34938694699667
1.32463757810183 1.76107431738637 1.50934633146971 1.8803898843471 1.88108559045941 1.53332649404183 1.73647088441066 1.81754460465163 1.76757596922107 1.0051652349066 1.41346147330478 1.59405240020715 1.60494452598505 1.20875876583159 1.21162428078242 0 1.48363647563383 1.59772628732026 1.30095882643946 1.18229941255413 1.04246802232228 1.82554440875538 1.45119279809296 1.1915240760427 1.58604980981909 1.14634002791718 1.18399387667887 1.09501900174655 1.56901780120097 1.29485107632354
1.27780467737466 1.00802200823091 1.00626028189436 1.74903531558812 1.78362418990582 1.76023559877649 1.32290068850853 1.25332996156067 1.0582763554994 1.68043514271267 1.69356066267937 1.26630579982884 1.83698443439789 0.960195547668263 0.975291263312101 1.48363647563383 0 0.961639348650351 1.27716369437985 1.72049637557939 1.82535064825788 1.67876904737204 1.44334848574363 1.08749072463252 1.21731148147956 1.61821398348548 1.91410593572073 1.35719153168611 1.80513436254114 1.10765445185825
1.61488009360619 1.8836056382861 1.87831011973321 1.26981680770405 1.78293703799136 1.72541813948192 1.43101021810435 1.56567099853419 1.69180561089888 0.993847618345171 1.23881658096798 1.41340248286724 1.68799317977391 1.07835160894319 1.45700905448757 1.59772628732026 0.961639348650351 0 0.990946054225788 1.17509488295764 1.11275284574367 1.29666603612714 1.68003944074735 1.43234461196698 1.70699756755494 1.78333163168281 1.05663521355018 0.963114090496674 1.29734750650823 1.17971539753489
1.19750797748566 1.56079346151091 1.84668605937622 1.23538778792135 1.42211991571821 1.07113176002167 1.62237421167083 1.7004617806524 1.01065998594277 1.64056776487269 1.79939359216951 1.81655494333245 1.4021695011761 0.948926662327722 1.32266452582553 1.30095882643946 1.27716369437985 0.990946054225788 0 1.55288003431633 1.01666572201066 1.43505298835225 1.63225657236762 1.36891037272289 1.16414111643098 1.42667887057178 1.34311207104474 1.50766340782866 1.29601912898943 1.83362410240807
0.991051465272903 0.949712849920616 0.959866476245224 1.16047307569534 1.44081153720617 1.71700900560245 1.55791690782644 1.89536865963601 1.85933774593286 1.46936054481193 0.980338945286348 0.941764342365786 1.72934159194119 1.88709141477011 1.79244628315791 1.18229941255413 1.72049637557939 1.17509488295764 1.55288003431633 0 1.46178688830696 1.88740201317705 1.73119267448783 1.44175929483026 1.1709101612214 1.77425523241982 1.69182199845091 1.37029695929959 1.89931678166613 1.89064902905375
1.11496097710915 1.3921555345878 1.04763864120468 1.43283462082036 1.79525891877711 1.67679998162203 1.50049222633243 1.41762735648081 1.28994503687136 1.29149613180198 1.32923088292591 1.09865823597647 1.17706042295322 1.42141234315932 1.35452933562919 1.04246802232228 1.82535064825788 1.11275284574367 1.01666572201066 1.46178688830696 0 1.02228652569465 1.87338901148178 1.72094402066432 1.93132341466844 1.0297302424442 1.65850016777404 1.29307157080621 1.56770726083778 1.22995085688308
1.48775802878663 0.963197152595967 0.977027727290988 1.78093120083213 1.06381265399978 1.67692435975187 1.68850935739465 1.10638768807985 1.82724871719256 1.68689319980331 1.67910700850189 1.44532540440559 1.82108989660628 1.78260492789559 0.98168962681666 1.82554440875538 1.67876904737204 1.29666603612714 1.43505298835225 1.88740201317705 1.02228652569465 0 0.964802792994305 1.25484459032305 1.0497840589378 0.983987335814163 0.942557685775682 1.39733129530214 1.80252311425284 1.7399397441186
1.53968024509959 1.63919733092189 1.87165175192058 1.68094670050777 1.54490252002142 1.66723729111254 0.989983043866232 1.22203185129911 1.55215085973032 1.06421562726609 1.20854360959493 1.76441939733922 1.57071576849557 1.86294657620601 1.67716867569834 1.45119279809296 1.44334848574363 1.68003944074735 1.63225657236762 1.73119267448783 1.87338901148178 0.964802792994305 0 1.87127945548855 1.3298331212718 1.27465943037532 1.15294920839369 1.67584643838927 1.19565495569259 1.03020120412111
1.17093051271513 1.58841493213549 1.61634096852504 1.27028425736353 1.22524423804134 1.12448553997092 1.17617823113687 1.81992157339118 1.66549631021917 1.87806718982756 1.16462035430595 1.635736964643 1.78526708064601 1.8575284415856 1.23034281679429 1.1915240760427 1.08749072463252 1.43234461196698 1.36891037272289 1.44175929483026 1.72094402066432 1.25484459032305 1.87127945548855 0 1.51020163344219 1.09171600127593 1.42470491980202 1.3887809808366 1.72534822719172 1.313180396799
1.54796751891263 1.19799772882834 1.41706084576435 1.46933837467805 1.55035633197986 1.2628480757121 1.63970646820962 0.996538089122623 1.10180023033172 1.26843706588261 1.41029137698933 1.00713584385812 1.46948592900299 1.13460264867172 1.73015098855831 1.58604980981909 1.21731148147956 1.70699756755494 1.16414111643098 1.1709101612214 1.93132341466844 1.0497840589378 1.3298331212718 1.51020163344219 0 1.72121609025635 1.72701727505773 1.27815225417726 1.57552771340124 1.08451055316254
0.978243304882199 1.88239296386018 1.46521780733019 1.81358358147554 1.82464549737051 1.61012895847671 1.29344110726379 0.997163311578333 1.0742765746545 1.71242211293429 1.58497477904893 1.79404217749834 1.34376410488039 1.28200788632967 1.78691798611544 1.14634002791718 1.61821398348548 1.78333163168281 1.42667887057178 1.77425523241982 1.0297302424442 0.983987335814163 1.27465943037532 1.09171600127593 1.72121609025635 0 1.62404620693997 1.41804559994489 1.16658601164818 1.24673746223561
1.51249857898802 1.23777330946177 1.54296105192043 1.68341818149202 1.23546044458635 1.1446686075069 1.69456924963742 1.8720976349432 1.14119377476163 1.49917205050588 1.51076044421643 1.2696517102886 1.27456928486936 1.00333605473861 1.26219633524306 1.18399387667887 1.91410593572073 1.05663521355018 1.34311207104474 1.69182199845091 1.65850016777404 0.942557685775682 1.15294920839369 1.42470491980202 1.72701727505773 1.62404620693997 0 1.58567587472498 1.90852724388242 0.956901330500841
1.48549241386354 0.999281261581928 1.16106257075444 1.91061025019735 1.0728289487306 0.996840052539483 1.58186159911565 1.35221260157414 1.85867589246482 0.952200156869367 0.979780391091481 1.93103815964423 1.38261044025421 1.68934015091509 1.91933566145599 1.09501900174655 1.35719153168611 0.963114090496674 1.50766340782866 1.37029695929959 1.29307157080621 1.39733129530214 1.67584643838927 1.3887809808366 1.27815225417726 1.41804559994489 1.58567587472498 0 1.54587634140626 1.06057223631069
1.50281956419349 1.40416776761413 1.43316048081033 1.93527487106621 1.34522730275057 1.90153524652123 1.4102189571131 1.42275558179244 1.02751522278413 1.25225700461306 1.62637300579809 0.959860139293596 1.19938407721929 1.92890477110632 1.03880288940854 1.56901780120097 1.80513436254114 1.29734750650823 1.29601912898943 1.89931678166613 1.56770726083778 1.80252311425284 1.19565495569259 1.72534822719172 1.57552771340124 1.16658601164818 1.90852724388242 1.54587634140626 0 1.64969156240113
1.11489224247634 0.94236305472441 1.8999695701059 1.79116098652594 1.65248649078421 1.93167850608006 1.19851491949521 1.15054112812504 0.999759394442663 1.34579607634805 1.47188169625588 1.48137486120686 1.35802162135951 0.952992597362027 1.34938694699667 1.29485107632354 1.10765445185825 1.17971539753489 1.83362410240807 1.89064902905375 1.22995085688308 1.7399397441186 1.03020120412111 1.313180396799 1.08451055316254 1.24673746223561 0.956901330500841 1.06057223631069 1.64969156240113 0
