0 0.99923354 0.74677104 0.9980974 1.0099207 0.9939465 0.9977191 0.74164605 0.750842 0.75712734 0.74164605 0.68198633 0.7446089 0.7400349 0.74110866 0.71186876 0.7049255 0.75165886 0.7478545 1.0103053 1.0037951 0.7483968 1.0180373 0.75056994 0.7368229 0.98869646 0.7365559 0.7543881 1.0262426 1.0207624
0.99923354 0 1.0254573 0.2609634 0.27094263 0.9419761 0.9419761 1.0168724 0.99847597 1.018426 1.002652 0.98237044 1.0049399 0.99961257 1.0015109 1.0195932 1.018426 1.015322 1.0207624 0.26950887 0.267792 0.99999183 0.95080596 0.9980974 0.99734104 0.5544457 0.990942 1.0126165 0.9391723 0.9402225
0.74677104 1.0254573 0 1.0103053 1.0289978 1.0076177 0.99961257 0.37219912 0.2623809 0.3702306 0.25630456 0.71887696 0.26195538 0.37664723 0.3743375 0.75960124 0.756853 0.3654946 0.366472 1.0262426 1.0211525 0.55110216 0.9853408 0.5519366 0.56818426 0.99847597 0.5444594 0.3501863 1.0301816 1.0172604
0.9980974 0.2609634 1.0103053 0 0.21829918 0.9522284 0.95258445 1.0195932 0.99281836 1.0095364 1.0030329 0.98869646 1.0083846 0.9958304 0.99658537 1.0282096 1.0199828 1.0126165 1.0072346 0.22097966 0.2188345 0.99961257 0.9504507 0.9958304 1.002652 0.5407486 0.99999183 1.0118452 0.928061 0.93151563
1.0099207 0.27094263 1.0289978 0.21829918 0 0.9575869 0.95508146 1.0215429 1.0099207 1.0242808 1.0172604 1.001891 1.0180373 1.0130024 1.0072346 1.032159 1.0219333 1.018426 1.0199828 0.19123371 0.18942927 1.0045581 0.9342909 1.0003713 1.0095364 0.5481887 1.0072346 1.0149349 0.953297 0.9493862
0.9939465 0.9419761 1.0076177 0.9522284 0.9575869 0 0.15989491 1.0099207 0.9842255 1.014548 0.99545324 0.9946995 1.001891 0.9980974 0.99357027 1.0305767 1.0203725 1.01146 1.0068517 0.9669665 0.97170067 1.005704 0.70415795 1.0180373 1.0011308 0.9465546 1.0034139 0.99923354 0.84649444 0.84711295
0.9977191 0.9419761 0.99961257 0.95258445 0.95508146 0.15989491 0 1.0103053 0.98907024 1.0242808 0.99847597 0.99169195 1.0034139 1.002652 1.0011308 1.0195932 1.0099207 1.0172604 1.015322 0.9626228 0.96479154 1.0164845 0.7082605 1.0258498 0.9943229 0.95794547 1.005704 1.005704 0.85207987 0.8474224
0.74164605 1.0168724 0.37219912 1.0195932 1.0215429 1.0099207 1.0103053 0 0.37549147 0.14446075 0.366472 0.7330929 0.3758215 0.31925085 0.31986335 0.76623845 0.7690214 0.1427653 0.1438548 1.019204 1.0164845 0.56350607 0.98496884 0.56584156 0.5845737 0.9931942 0.5523542 0.37929565 1.0215429 1.0254573
0.750842 0.99847597 0.2623809 0.99281836 1.0099207 0.9842255 0.98907024 0.37549147 0 0.37631682 0.104791455 0.71367943 0.11288465 0.37879837 0.37483186 0.7601521 0.75822586 0.37302083 0.37351432 0.99734104 0.9962078 0.56054413 0.9872032 0.56202364 0.573751 0.982 0.5436332 0.35466585 1.0211525 1.0365276
0.75712734 1.018426 0.3702306 1.0095364 1.0242808 1.014548 1.0242808 0.14446075 0.37631682 0 0.36712432 0.7346892 0.37830138 0.31925085 0.32401082 0.77489936 0.77546155 0.08515653 0.08549268 1.0176488 1.0141612 0.556333 0.9860852 0.55885684 0.5808764 1.001891 0.55402696 0.38478774 1.0215429 1.0337447
0.74164605 1.002652 0.25630456 1.0030329 1.0172604 0.99545324 0.99847597 0.366472 0.104791455 0.36712432 0 0.7087749 0.07150263 0.36696118 0.36419335 0.75384146 0.7511142 0.3648437 0.366472 1.0076177 1.0064689 0.5582251 0.98645765 0.55948913 0.56839764 0.9779369 0.5374654 0.34130672 1.01146 1.0164845
0.68198633 0.98237044 0.71887696 0.98869646 1.001891 0.9946995 0.99169195 0.7330929 0.71367943 0.7346892 0.7087749 0 0.70903224 0.7354886 0.7325615 0.71238565 0.70595 0.72700495 0.7251619 0.9901927 0.99169195 0.732296 0.9845971 0.7320306 0.72726864 0.9857129 0.7170537 0.73842716 1.0076177 0.9838541
0.7446089 1.0049399 0.26195538 1.0083846 1.0180373 1.001891 1.0034139 0.3758215 0.11288465 0.37830138 0.07150263 0.70903224 0 0.376482 0.3753265 0.7593259 0.7565787 0.37664723 0.37697777 1.0110749 1.0080011 0.55906755 0.9827411 0.55948913 0.5677578 0.9901927 0.54095423 0.35194293 1.0254573 1.0266355
0.7400349 0.99961257 0.37664723 0.9958304 1.0130024 0.9980974 1.002652 0.31925085 0.37879837 0.31925085 0.36696118 0.7354886 0.376482 0 0.06799078 0.76985824 0.76985824 0.31619588 0.3177218 1.0072346 1.0049399 0.5559132 0.9709704 0.5586462 0.5850098 0.98832285 0.5488121 0.38195345 1.0053219 1.001891
0.74110866 1.0015109 0.3743375 0.99658537 1.0072346 0.99357027 1.0011308 0.31986335 0.37483186 0.32401082 0.36419335 0.7325615 0.3753265 0.06799078 0 0.76790696 0.7693002 0.32170385 0.32201102 1.01069 1.0072346 0.5607553 0.9768326 0.5630822 0.57871 0.9939465 0.5523542 0.37830138 0.99885464 0.9969631
0.71186876 1.0195932 0.75960124 1.0282096 1.032159 1.0305767 1.0195932 0.76623845 0.7601521 0.77489936 0.75384146 0.71238565 0.7593259 0.76985824 0.76790696 0 0.05056701 0.77041674 0.7673504 1.0160967 1.0110749 0.778279 0.9969631 0.77771467 0.7609791 1.01146 0.7590508 0.7779968 1.0353336 1.018426
0.7049255 1.018426 0.756853 1.0199828 1.0219333 1.0203725 1.0099207 0.7690214 0.75822586 0.77546155 0.7511142 0.70595 0.7565787 0.76985824 0.7693002 0.05056701 0 0.76846397 0.76429653 1.0095364 1.0053219 0.77489936 0.98794943 0.7751804 0.75520885 1.0037951 0.75165886 0.77153486 1.0282096 1.0130024
0.75165886 1.015322 0.3654946 1.0126165 1.018426 1.01146 1.0172604 0.1427653 0.37302083 0.08515653 0.3648437 0.72700495 0.37664723 0.31619588 0.32170385 0.77041674 0.76846397 0 0.0359479 1.0176488 1.0122308 0.5592783 0.9831119 0.5597 0.5765499 1.0068517 0.556543 0.37863266 1.0215429 1.033348
0.7478545 1.0207624 0.366472 1.0072346 1.0199828 1.0068517 1.015322 0.1438548 0.37351432 0.08549268 0.366472 0.7251619 0.37697777 0.3177218 0.32201102 0.7673504 0.76429653 0.0359479 0 1.0207624 1.0160967 0.55675304 0.98832285 0.5571734 0.5828315 1.0076177 0.5578042 0.3814544 1.018426 1.0329514
1.0103053 0.26950887 1.0262426 0.22097966 0.19123371 0.9669665 0.9626228 1.019204 0.99734104 1.0176488 1.0076177 0.9901927 1.0110749 1.0072346 1.01069 1.0160967 1.0095364 1.0176488 1.0207624 0 0.02843218 1.0072346 0.9395222 1.0072346 1.0076177 0.5536084 0.9931942 1.0137748 0.9402225 0.9335961
1.0037951 0.267792 1.0211525 0.2188345 0.18942927 0.97170067 0.96479154 1.0164845 0.9962078 1.0141612 1.0064689 0.99169195 1.0080011 1.0049399 1.0072346 1.0110749 1.0053219 1.0122308 1.0160967 0.02843218 0 1.0045581 0.9479691 1.0037951 1.0011308 0.55131066 0.98683035 1.0118452 0.93568236 0.9349863
0.7483968 0.99999183 0.55110216 0.99961257 1.0045581 1.005704 1.0164845 0.56350607 0.56054413 0.556333 0.5582251 0.732296 0.55906755 0.5559132 0.5607553 0.778279 0.77489936 0.5592783 0.55675304 1.0072346 1.0045581 0 1.01069 0.025943583 0.5933457 1.0053219 0.48871607 0.5597 1.0003713 1.0227151
1.0180373 0.95080596 0.9853408 0.9504507 0.9342909 0.70415795 0.7082605 0.98496884 0.9872032 0.9860852 0.98645765 0.9845971 0.9827411 0.9709704 0.9768326 0.9969631 0.98794943 0.9831119 0.98832285 0.9395222 0.9479691 1.01069 0 1.0160967 0.99734104 0.9511613 1.0034139 0.99999183 0.8483516 0.8599071
0.75056994 0.9980974 0.5519366 0.9958304 1.0003713 1.0180373 1.0258498 0.56584156 0.56202364 0.55885684 0.55948913 0.7320306 0.55948913 0.5586462 0.5630822 0.77771467 0.7751804 0.5597 0.5571734 1.0072346 1.0037951 0.025943583 1.0160967 0 0.59422857 1.005704 0.4921776 0.56117785 1.0034139 1.0258498
0.7368229 0.99734104 0.56818426 1.002652 1.0095364 1.0011308 0.9943229 0.5845737 0.573751 0.5808764 0.56839764 0.72726864 0.5677578 0.5850098 0.57871 0.7609791 0.75520885 0.5765499 0.5828315 1.0076177 1.0011308 0.5933457 0.99734104 0.59422857 0 1.0083846 0.56477904 0.58697575 1.0095364 1.0227151
0.98869646 0.5544457 0.99847597 0.5407486 0.5481887 0.9465546 0.95794547 0.9931942 0.982 1.001891 0.9779369 0.9857129 0.9901927 0.98832285 0.9939465 1.01146 1.0037951 1.0068517 1.0076177 0.5536084 0.55131066 1.0053219 0.9511613 1.005704 1.0083846 0 0.9790429 0.9808897 0.97316337 0.96190137
0.7365559 0.990942 0.5444594 0.99999183 1.0072346 1.0034139 1.005704 0.5523542 0.5436332 0.55402696 0.5374654 0.7170537 0.54095423 0.5488121 0.5523542 0.7590508 0.75165886 0.556543 0.5578042 0.9931942 0.98683035 0.48871607 1.0034139 0.4921776 0.56477904 0.9790429 0 0.55172795 0.9950763 1.0022715
0.7543881 1.0126165 0.3501863 1.0118452 1.0149349 0.99923354 1.005704 0.37929565 0.35466585 0.38478774 0.34130672 0.73842716 0.35194293 0.38195345 0.37830138 0.7779968 0.77153486 0.37863266 0.3814544 1.0137748 1.0118452 0.5597 0.99999183 0.56117785 0.58697575 0.9808897 0.55172795 0 1.0011308 1.0118452
1.0262426 0.9391723 1.0301816 0.928061 0.953297 0.84649444 0.85207987 1.0215429 1.0211525 1.0215429 1.01146 1.0076177 1.0254573 1.0053219 0.99885464 1.0353336 1.0282096 1.0215429 1.018426 0.9402225 0.93568236 1.0003713 0.8483516 1.0034139 1.0095364 0.97316337 0.9950763 1.0011308 0 0.2888058
1.0207624 0.9402225 1.0172604 0.93151563 0.9493862 0.84711295 0.8474224 1.0254573 1.0365276 1.0337447 1.0164845 0.9838541 1.0266355 1.001891 0.9969631 1.018426 1.0130024 1.033348 1.0329514 0.9335961 0.9349863 1.0227151 0.8599071 1.0258498 1.0227151 0.96190137 1.0022715 1.0118452 0.2888058 0
