0 0.7928149 0.79859304 0.79598737 1.015322 0.7825251 0.7805406 1.0211525 0.99169195 0.99658537 1.0060863 1.0103053 0.9931942 1.0274222 1.0242808 1.0274222 1.0203725 1.0305767 1.0278157 0.8055861 0.8047084 1.0076177 0.98051995 1.0060863 0.9845971 0.9842255 0.79252714 0.782809 1.0122308 0.97316337
0.7928149 0 0.29455975 0.2942636 0.98907024 0.78082377 0.77489936 0.9962078 0.9790429 0.99357027 0.98237044 0.99658537 0.9687838 1.0022715 1.0037951 1.0176488 1.0072346 1.0122308 1.0126165 0.79339075 0.7902292 0.9853408 0.9827411 0.9860852 1.0076177 0.9924427 0.4231698 0.7902292 0.9946995 0.9845971
0.79859304 0.29455975 0 0.24388221 0.9931942 0.78708094 0.77856135 1.0011308 0.9845971 0.9831119 0.9901927 0.99281836 0.97243166 0.982 0.9845971 1.0072346 1.0068517 0.9980974 1.0011308 0.79888314 0.79512084 0.9894442 0.97352946 0.99056727 0.97978103 1.0034139 0.42387336 0.78195757 0.990942 0.9838541
0.79598737 0.2942636 0.24388221 0 0.99131685 0.7822413 0.7709756 0.99131685 0.97573 0.9898184 0.99169195 1.0011308 0.97609735 0.97609735 0.9790429 0.9943229 0.98794943 0.99961257 1.0068517 0.79859304 0.7968549 0.9838541 0.98348296 0.98496884 0.9816297 0.98757625 0.42264256 0.776869 0.99169195 0.9872032
1.015322 0.98907024 0.9931942 0.99131685 0 0.97941184 0.9695119 0.7325615 0.6889701 0.7062064 0.22218902 0.7113522 0.21296677 0.7478545 0.7486681 0.7557565 0.75002605 0.7511142 0.7486681 1.0188149 1.0149349 0.40168035 0.6406915 0.40202212 0.6592462 0.41547385 0.9698763 0.9977191 0.7152349 0.7175742
0.7825251 0.78082377 0.78708094 0.7822413 0.97941184 0 0.18110794 1.015322 0.9898184 1.0160967 0.99281836 1.0034139 0.9801504 1.0060863 1.0064689 1.0429276 1.0377234 1.0231062 1.0234975 0.4752159 0.47277015 1.0022715 0.9838541 1.0022715 0.9958304 0.990942 0.78167397 0.46920985 1.018426 0.99999183
0.7805406 0.77489936 0.77856135 0.7709756 0.9695119 0.18110794 0 1.0060863 0.9801504 0.9931942 0.9857129 1.0049399 0.97206604 1.0045581 1.0034139 1.0317632 1.0254573 1.018426 1.0223241 0.47672495 0.47540435 0.9977191 0.9738958 0.9977191 0.9962078 0.98237044 0.77884376 0.46864927 1.0049399 0.98683035
1.0211525 0.9962078 1.0011308 0.99131685 0.7325615 1.015322 1.0060863 0 0.74704176 0.75411475 0.7227989 0.74353015 0.71627367 0.2890998 0.28660446 0.1790737 0.17793186 0.29086626 0.29367164 1.019204 1.0211525 0.7421839 0.74406934 0.74164605 0.7456892 0.72991043 1.0022715 1.0157093 0.7522039 0.74541897
0.99169195 0.9790429 0.9845971 0.97573 0.6889701 0.9898184 0.9801504 0.74704176 0 0.17149405 0.6937464 0.68571955 0.68173814 0.7593259 0.75822586 0.7587757 0.7563045 0.7574018 0.7579511 1.0034139 1.0041765 0.68198633 0.6869681 0.68198633 0.70774645 0.67285645 0.9924427 0.99056727 0.38931137 0.38278595
0.99658537 0.99357027 0.9831119 0.9898184 0.7062064 1.0160967 0.9931942 0.75411475 0.17149405 0 0.70543754 0.6922348 0.6972853 0.7631891 0.7620833 0.76374257 0.7593259 0.76346576 0.76512814 1.0168724 1.0164845 0.69906104 0.7080034 0.6988071 0.7152349 0.6955138 1.0045581 1.0122308 0.39538565 0.39403155
1.0060863 0.98237044 0.9901927 0.99169195 0.22218902 0.99281836 0.9857129 0.7227989 0.6937464 0.70543754 0 0.70748955 0.09269994 0.74030316 0.7429914 0.74353015 0.7408401 0.74514884 0.74541897 1.0282096 1.0234975 0.39912206 0.6376432 0.39929235 0.6421026 0.41512588 0.9680563 1.0130024 0.71549445 0.71238565
1.0103053 0.99658537 0.99281836 1.0011308 0.7113522 1.0034139 1.0049399 0.74353015 0.68571955 0.6922348 0.70748955 0 0.70033205 0.7590508 0.75712734 0.76512814 0.7618071 0.7585007 0.756853 1.0227151 1.025065 0.7152349 0.7033912 0.7165336 0.7152349 0.714716 1.001891 1.0282096 0.6882187 0.6867182
0.9931942 0.9687838 0.97243166 0.97609735 0.21296677 0.9801504 0.97206604 0.71627367 0.68173814 0.6972853 0.09269994 0.70033205 0 0.7317652 0.7312348 0.7386949 0.73495555 0.73735726 0.73709005 1.0168724 1.01146 0.39133066 0.63088745 0.3911622 0.6371753 0.40236402 0.9511613 0.9958304 0.7056938 0.6988071
1.0274222 1.0022715 0.982 0.97609735 0.7478545 1.0060863 1.0045581 0.2890998 0.7593259 0.7631891 0.74030316 0.7590508 0.7317652 0 0.08002105 0.29057157 0.29057157 0.28777772 0.29042426 1.0195932 1.0215429 0.7620833 0.74514884 0.762636 0.7667942 0.74164605 1.0219333 1.0037951 0.7502979 0.76042765
1.0242808 1.0037951 0.9845971 0.9790429 0.7486681 1.0064689 1.0034139 0.28660446 0.75822586 0.7620833 0.7429914 0.75712734 0.7312348 0.08002105 0 0.29219383 0.2920462 0.28719085 0.28998253 1.025065 1.0262426 0.7579511 0.7481256 0.7587757 0.75603044 0.74975425 1.0234975 1.0164845 0.7585007 0.76346576
1.0274222 1.0176488 1.0072346 0.9943229 0.7557565 1.0429276 1.0317632 0.1790737 0.7587757 0.76374257 0.74353015 0.76512814 0.7386949 0.29057157 0.29219383 0 0.027290547 0.28851193 0.29012972 1.0373245 1.0361294 0.75384146 0.7563045 0.7543881 0.76042765 0.74406934 1.0126165 1.0278157 0.7587757 0.7511142
1.0203725 1.0072346 1.0068517 0.98794943 0.75002605 1.0377234 1.0254573 0.17793186 0.7563045 0.7593259 0.7408401 0.7618071 0.73495555 0.29057157 0.2920462 0.027290547 0 0.28660446 0.28924686 1.0329514 1.030972 0.74677104 0.7543881 0.7473126 0.7565787 0.7389627 1.005704 1.0262426 0.7607034 0.74704176
1.0305767 1.0122308 0.9980974 0.99961257 0.7511142 1.0231062 1.018426 0.29086626 0.7574018 0.76346576 0.74514884 0.7585007 0.73735726 0.28777772 0.28719085 0.28851193 0.28660446 0 0.023463218 1.0270288 1.0270288 0.74677104 0.74164605 0.7473126 0.7554826 0.74057156 1.0329514 1.0164845 0.75960124 0.761531
1.0278157 1.0126165 1.0011308 1.0068517 0.7486681 1.0234975 1.0223241 0.29367164 0.7579511 0.76512814 0.74541897 0.756853 0.73709005 0.29042426 0.28998253 0.29012972 0.28924686 0.023463218 0 1.0297868 1.030972 0.74677104 0.74406934 0.7473126 0.75767636 0.74057156 1.0341415 1.019204 0.7593259 0.7593259
0.8055861 0.79339075 0.79888314 0.79859304 1.0188149 0.4752159 0.47672495 1.019204 1.0034139 1.0168724 1.0282096 1.0227151 1.0168724 1.0195932 1.025065 1.0373245 1.0329514 1.0270288 1.0297868 0 0.010371381 1.0246727 1.0325551 1.0238891 1.0301816 1.0223241 0.79310274 0.33159682 1.0329514 1.0060863
0.8047084 0.7902292 0.79512084 0.7968549 1.0149349 0.47277015 0.47540435 1.0211525 1.0041765 1.0164845 1.0234975 1.025065 1.01146 1.0215429 1.0262426 1.0361294 1.030972 1.0270288 1.030972 0.010371381 0 1.0234975 1.0341415 1.0227151 1.0313674 1.0234975 0.7928149 0.33159682 1.033348 1.0053219
1.0076177 0.9853408 0.9894442 0.9838541 0.40168035 1.0022715 0.9977191 0.7421839 0.68198633 0.69906104 0.39912206 0.7152349 0.39133066 0.7620833 0.7579511 0.75384146 0.74677104 0.74677104 0.74677104 1.0246727 1.0234975 0 0.6258027 0.0019024108 0.6336756 0.40253505 0.9768326 1.0080011 0.70543754 0.69753873
0.98051995 0.9827411 0.97352946 0.98348296 0.6406915 0.9838541 0.9738958 0.74406934 0.6869681 0.7080034 0.6376432 0.7033912 0.63088745 0.74514884 0.7481256 0.7563045 0.7543881 0.74164605 0.74406934 1.0325551 1.0341415 0.6258027 0 0.6262635 0.5005121 0.6258027 0.97170067 1.0099207 0.70109564 0.6869681
1.0060863 0.9860852 0.99056727 0.98496884 0.40202212 1.0022715 0.9977191 0.74164605 0.68198633 0.6988071 0.39929235 0.7165336 0.3911622 0.762636 0.7587757 0.7543881 0.7473126 0.7473126 0.7473126 1.0238891 1.0227151 0.0019024108 0.6262635 0 0.6343742 0.40253505 0.97720057 1.0068517 0.70595 0.69855326
0.9845971 1.0076177 0.97978103 0.9816297 0.6592462 0.9958304 0.9962078 0.7456892 0.70774645 0.7152349 0.6421026 0.7152349 0.6371753 0.7667942 0.75603044 0.76042765 0.7565787 0.7554826 0.75767636 1.0301816 1.0313674 0.6336756 0.5005121 0.6343742 0 0.6306556 0.97609735 1.0160967 0.7105781 0.6993151
0.9842255 0.9924427 1.0034139 0.98757625 0.41547385 0.990942 0.98237044 0.72991043 0.67285645 0.6955138 0.41512588 0.714716 0.40236402 0.74164605 0.74975425 0.74406934 0.7389627 0.74057156 0.74057156 1.0223241 1.0234975 0.40253505 0.6258027 0.40253505 0.6306556 0 0.97867405 1.001891 0.70595 0.70774645
0.79252714 0.4231698 0.42387336 0.42264256 0.9698763 0.78167397 0.77884376 1.0022715 0.9924427 1.0045581 0.9680563 1.001891 0.9511613 1.0219333 1.0234975 1.0126165 1.005704 1.0329514 1.0341415 0.79310274 0.7928149 0.9768326 0.97170067 0.97720057 0.97609735 0.97867405 0 0.7830931 1.001891 1.0041765
0.782809 0.7902292 0.78195757 0.776869 0.9977191 0.46920985 0.46864927 1.0157093 0.99056727 1.0122308 1.0130024 1.0282096 0.9958304 1.0037951 1.0164845 1.0278157 1.0262426 1.0164845 1.019204 0.33159682 0.33159682 1.0080011 1.0099207 1.0068517 1.0160967 1.001891 0.7830931 0 1.0130024 0.99357027
1.0122308 0.9946995 0.990942 0.99169195 0.7152349 1.018426 1.0049399 0.7522039 0.38931137 0.39538565 0.71549445 0.6882187 0.7056938 0.7502979 0.7585007 0.7587757 0.7607034 0.75960124 0.7593259 1.0329514 1.033348 0.70543754 0.70109564 0.70595 0.7105781 0.70595 1.001891 1.0130024 0 0.2993141
0.97316337 0.9845971 0.9838541 0.9872032 0.7175742 0.99999183 0.98683035 0.74541897 0.38278595 0.39403155 0.71238565 0.6867182 0.6988071 0.76042765 0.76346576 0.7511142 0.74704176 0.761531 0.7593259 1.0060863 1.0053219 0.69753873 0.6869681 0.69855326 0.6993151 0.70774645 1.0041765 0.99357027 0.2993141 0
