0 1.0110749 1.001891 0.9924427 0.9969631 1.0003713 0.85802114 0.853951 1.0345387 1.0289978 1.0254573 0.723061 1.0254573 1.0195932 1.0195932 1.0099207 1.0099207 0.7080034 0.7056938 0.8480418 0.8468036 1.015322 0.71032023 1.0180373 0.8719632 0.8678169 0.8611671 1.0168724 0.7222747 1.0337447
1.0110749 0 0.2081998 0.21071193 0.7400349 0.7524766 1.0003713 0.99847597 1.0510052 1.0349361 1.0195932 1.0060863 1.0211525 1.0234975 1.0176488 0.7344229 0.7365559 0.9920673 0.9977191 1.0130024 1.0083846 1.019204 1.0087683 1.015322 1.0095364 1.0341415 0.9943229 1.0030329 1.0130024 1.0223241
1.001891 0.2081998 0 0.20582764 0.74030316 0.7481256 0.9931942 0.9894442 1.0203725 1.0122308 0.98645765 0.9827411 0.9898184 0.98125964 0.982 0.73522204 0.73575526 0.9746289 0.97978103 0.9946995 0.9931942 1.0030329 0.98348296 0.9977191 0.9842255 1.0034139 0.9687838 0.9894442 0.9898184 1.0011308
0.9924427 0.21071193 0.20582764 0 0.7365559 0.75056994 0.9853408 0.9853408 1.0401208 1.0353336 1.0203725 0.9950763 1.0207624 1.0195932 1.0164845 0.72700495 0.7304399 0.97609735 0.98237044 1.0022715 1.0022715 1.0274222 0.9920673 1.0266355 1.0041765 1.015322 0.98237044 1.0126165 0.98645765 1.014548
0.9969631 0.7400349 0.74030316 0.7365559 0 0.15483774 0.990942 0.9853408 0.99734104 0.990942 0.9709704 0.9845971 0.9626228 0.9691478 0.9557965 0.4008266 0.40476185 0.9738958 0.9753628 0.99961257 0.9980974 0.990942 0.9977191 0.9958304 0.9943229 0.9939465 0.9655158 0.9827411 1.0049399 0.9779369
1.0003713 0.7524766 0.7481256 0.75056994 0.15483774 0 1.0049399 1.002652 1.0258498 1.0172604 0.9901927 0.9977191 0.98683035 0.9860852 0.9775687 0.40768382 0.40992597 0.9924427 0.98869646 1.0176488 1.018426 0.99885464 1.018426 1.0030329 1.0030329 0.99923354 0.9838541 0.99847597 1.0160967 0.99545324
0.85802114 1.0003713 0.9931942 0.9853408 0.990942 1.0049399 0 0.07957615 1.015322 1.0195932 0.9901927 0.85332674 0.9853408 1.0015109 0.9845971 1.0076177 1.0164845 0.83727676 0.8339251 0.74975425 0.74541897 1.001891 0.8474224 0.99961257 0.742453 0.75056994 0.74164605 1.005704 0.8437172 1.0110749
0.853951 0.99847597 0.9894442 0.9853408 0.9853408 1.002652 0.07957615 0 1.0329514 1.0325551 0.99357027 0.8592779 0.9901927 1.01069 0.9946995 1.0064689 1.0168724 0.84033674 0.8357514 0.7532952 0.75002605 1.0133885 0.8505242 1.0122308 0.73842716 0.74622995 0.7296458 1.0141612 0.8354467 1.0258498
1.0345387 1.0510052 1.0203725 1.0401208 0.99734104 1.0258498 1.015322 1.0329514 0 0.07194278 0.5481887 1.0045581 0.5459075 0.547981 0.5444594 1.0080011 1.0060863 1.0141612 1.0053219 1.0207624 1.0227151 0.58785117 1.0211525 0.58610135 1.0053219 1.0373245 1.0349361 0.6037857 1.0401208 0.55110216
1.0289978 1.0349361 1.0122308 1.0353336 0.990942 1.0172604 1.0195932 1.0325551 0.07194278 0 0.5492279 0.99885464 0.55006033 0.55131066 0.549644 1.0103053 1.005704 1.0172604 1.0076177 1.0157093 1.0180373 0.58785117 1.015322 0.58697575 1.0041765 1.0270288 1.0286036 0.6046809 1.0353336 0.55277205
1.0254573 1.0195932 0.98645765 1.0203725 0.9709704 0.9901927 0.9901927 0.99357027 0.5481887 0.5492279 0 0.9943229 0.06645949 0.1369812 0.13650121 1.0141612 1.0180373 1.0091523 1.0045581 0.99357027 0.99734104 0.5808764 1.0238891 0.5839199 1.0091523 0.99885464 1.0149349 0.58174473 1.0211525 0.32001656
0.723061 1.0060863 0.9827411 0.9950763 0.9845971 0.9977191 0.85332674 0.8592779 1.0045581 0.99885464 0.9943229 0 0.9946995 0.9831119 0.9753628 0.9746289 0.97170067 0.6611755 0.6573219 0.83972377 0.84340924 1.0215429 0.67580533 1.019204 0.8437172 0.8437172 0.8424862 1.0053219 0.67261124 1.0301816
1.0254573 1.0211525 0.9898184 1.0207624 0.9626228 0.98683035 0.9853408 0.9901927 0.5459075 0.55006033 0.06645949 0.9946995 0 0.13578178 0.13554212 1.000751 1.0099207 1.0037951 0.99923354 0.9950763 0.9980974 0.58653843 1.0176488 0.58807015 1.0015109 0.9946995 1.0022715 0.5828315 1.0188149 0.32093644
1.0195932 1.0234975 0.98125964 1.0195932 0.9691478 0.9860852 1.0015109 1.01069 0.547981 0.55131066 0.1369812 0.9831119 0.13578178 0 0.055181086 1.002652 1.0087683 1.0091523 1.0037951 0.9946995 0.99999183 0.5769814 1.0083846 0.5789264 1.0110749 0.99961257 1.0160967 0.57461107 1.0172604 0.3172637
1.0195932 1.0176488 0.982 1.0164845 0.9557965 0.9775687 0.9845971 0.9946995 0.5444594 0.549644 0.13650121 0.9753628 0.13554212 0.055181086 0 0.98869646 0.99545324 1.005704 1.0015109 0.98645765 0.990942 0.5765499 1.0011308 0.57806134 1.0091523 0.9901927 0.99961257 0.5713908 1.01069 0.31909782
1.0099207 0.7344229 0.73522204 0.72700495 0.4008266 0.40768382 1.0076177 1.0064689 1.0080011 1.0103053 1.0141612 0.9746289 1.000751 1.002652 0.98869646 0 0.044706352 0.9931942 0.98907024 1.0137748 1.019204 0.99545324 1.0164845 0.9946995 1.0049399 0.9931942 0.9713354 1.0064689 1.0242808 1.0130024
1.0099207 0.7365559 0.73575526 0.7304399 0.40476185 0.40992597 1.0164845 1.0168724 1.0060863 1.005704 1.0180373 0.97170067 1.0099207 1.0087683 0.99545324 0.044706352 0 0.9950763 0.9943229 1.0160967 1.0211525 0.99961257 1.0160967 0.99847597 1.0034139 0.9946995 0.9753628 0.99923354 1.0231062 1.0130024
0.7080034 0.9920673 0.9746289 0.97609735 0.9738958 0.9924427 0.83727676 0.84033674 1.0141612 1.0172604 1.0091523 0.6611755 1.0037951 1.0091523 1.005704 0.9931942 0.9950763 0 0.023979284 0.8278694 0.82606214 1.0219333 0.40975326 1.0203725 0.85488826 0.8495923 0.83636117 1.018426 0.30710486 1.0289978
0.7056938 0.9977191 0.97978103 0.98237044 0.9753628 0.98869646 0.8339251 0.8357514 1.0053219 1.0076177 1.0045581 0.6573219 0.99923354 1.0037951 1.0015109 0.98907024 0.9943229 0.023979284 0 0.8257614 0.8242593 1.018426 0.4106172 1.0160967 0.85270303 0.8489717 0.83210325 1.015322 0.3062018 1.0254573
0.8480418 1.0130024 0.9946995 1.0022715 0.99961257 1.0176488 0.74975425 0.7532952 1.0207624 1.0157093 0.99357027 0.83972377 0.9950763 0.9946995 0.98645765 1.0137748 1.0160967 0.8278694 0.8257614 0 0.021814186 1.0072346 0.8567664 1.0083846 0.36843067 0.67065233 0.65516293 1.0172604 0.83301365 1.030972
0.8468036 1.0083846 0.9931942 1.0022715 0.9980974 1.018426 0.74541897 0.75002605 1.0227151 1.0180373 0.99734104 0.84340924 0.9980974 0.99999183 0.990942 1.019204 1.0211525 0.82606214 0.8242593 0.021814186 0 1.0053219 0.85707986 1.0080011 0.36810386 0.6696748 0.65660155 1.0180373 0.8357514 1.0258498
1.015322 1.019204 1.0030329 1.0274222 0.990942 0.99885464 1.001891 1.0133885 0.58785117 0.58785117 0.5808764 1.0215429 0.58653843 0.5769814 0.5765499 0.99545324 0.99961257 1.0219333 1.018426 1.0072346 1.0053219 0 1.0341415 0.014642 0.9872032 1.0072346 0.99923354 0.31863886 1.0317632 0.5837021
0.71032023 1.0087683 0.98348296 0.9920673 0.9977191 1.018426 0.8474224 0.8505242 1.0211525 1.015322 1.0238891 0.67580533 1.0176488 1.0083846 1.0011308 1.0164845 1.0160967 0.40975326 0.4106172 0.8567664 0.85707986 1.0341415 0 1.0341415 0.85332674 0.84279376 0.8293787 1.0168724 0.41079012 1.0270288
1.0180373 1.015322 0.9977191 1.0266355 0.9958304 1.0030329 0.99961257 1.0122308 0.58610135 0.58697575 0.5839199 1.019204 0.58807015 0.5789264 0.57806134 0.9946995 0.99847597 1.0203725 1.0160967 1.0083846 1.0080011 0.014642 1.0341415 0 0.98794943 1.0083846 1.0030329 0.31833306 1.0270288 0.5850098
0.8719632 1.0095364 0.9842255 1.0041765 0.9943229 1.0030329 0.742453 0.73842716 1.0053219 1.0041765 1.0091523 0.8437172 1.0015109 1.0110749 1.0091523 1.0049399 1.0034139 0.85488826 0.85270303 0.36843067 0.36810386 0.9872032 0.85332674 0.98794943 0 0.6611755 0.65277135 0.9872032 0.86148244 1.0168724
0.8678169 1.0341415 1.0034139 1.015322 0.9939465 0.99923354 0.75056994 0.74622995 1.0373245 1.0270288 0.99885464 0.8437172 0.9946995 0.99961257 0.9901927 0.9931942 0.9946995 0.8495923 0.8489717 0.67065233 0.6696748 1.0072346 0.84279376 1.0083846 0.6611755 0 0.33518422 1.0110749 0.8678169 1.0195932
0.8611671 0.9943229 0.9687838 0.98237044 0.9655158 0.9838541 0.74164605 0.7296458 1.0349361 1.0286036 1.0149349 0.8424862 1.0022715 1.0160967 0.99961257 0.9713354 0.9753628 0.83636117 0.83210325 0.65516293 0.65660155 0.99923354 0.8293787 1.0030329 0.65277135 0.33518422 0 1.0060863 0.84928197 1.0207624
1.0168724 1.0030329 0.9894442 1.0126165 0.9827411 0.99847597 1.005704 1.0141612 0.6037857 0.6046809 0.58174473 1.0053219 0.5828315 0.57461107 0.5713908 1.0064689 0.99923354 1.018426 1.015322 1.0172604 1.0180373 0.31863886 1.0168724 0.31833306 0.9872032 1.0110749 1.0060863 0 1.0211525 0.5907033
0.7222747 1.0130024 0.9898184 0.98645765 1.0049399 1.0160967 0.8437172 0.8354467 1.0401208 1.0353336 1.0211525 0.67261124 1.0188149 1.0172604 1.01069 1.0242808 1.0231062 0.30710486 0.3062018 0.83301365 0.8357514 1.0317632 0.41079012 1.0270288 0.86148244 0.8678169 0.84928197 1.0211525 0 1.0530384
1.0337447 1.0223241 1.0011308 1.014548 0.9779369 0.99545324 1.0110749 1.0258498 0.55110216 0.55277205 0.32001656 1.0301816 0.32093644 0.3172637 0.31909782 1.0130024 1.0130024 1.0289978 1.0254573 1.030972 1.0258498 0.5837021 1.0270288 0.5850098 1.0168724 1.0195932 1.0207624 0.5907033 1.0530384 0
