0 0.38813597 0.5502686 0.5546552 0.5483964 0.9958304 1.0003713 1.0037951 0.5176636 0.34177974 0.34083396 0.5212617 0.547981 0.50363714 0.50972915 0.34288466 0.34146434 0.38696238 0.38914335 0.549644 0.54985213 0.547981 0.549644 0.54985213 0.5448729 0.5533992 0.55948913 0.5307389 0.55381763 1.0126165
0.38813597 0 0.55006033 0.54652894 0.5440462 1.0003713 0.9969631 0.9950763 0.5152744 0.38178706 0.38478774 0.5152744 0.5542363 0.50933456 0.5071684 0.38462073 0.3832859 0.1573004 0.16187774 0.5423956 0.54425275 0.54611456 0.5481887 0.5506852 0.54054296 0.567971 0.56711847 0.54013187 0.5561231 1.01146
0.5502686 0.55006033 0 0.20912434 0.2085959 0.97978103 0.9860852 0.97499573 0.5618121 0.5423956 0.547981 0.5529811 0.14993657 0.54902 0.5546552 0.54013187 0.54694355 0.5561231 0.5584356 0.47389796 0.47108158 0.14993657 0.48355353 0.15066971 0.46585247 0.56223524 0.56584156 0.46139923 0.4771027 1.0072346
0.5546552 0.54652894 0.20912434 0 0.14920415 0.99357027 0.99658537 0.982 0.5550743 0.54425275 0.5481887 0.5450797 0.20978543 0.549644 0.5548647 0.5423956 0.54611456 0.5546552 0.556333 0.47389796 0.47352183 0.20701279 0.48603475 0.20806782 0.472958 0.5578042 0.55991095 0.46715635 0.47861555 0.9958304
0.5483964 0.5440462 0.2085959 0.14920415 0 0.97609735 0.98794943 0.97720057 0.5554936 0.54322046 0.549644 0.5389 0.20780392 0.5459075 0.5473584 0.54322046 0.54528654 0.5523542 0.5523542 0.46902296 0.4673428 0.20477574 0.47578144 0.20569606 0.46678358 0.5475659 0.5533992 0.46399376 0.47597006 0.9977191
0.9958304 1.0003713 0.97978103 0.99357027 0.97609735 0 0.14288628 0.14543132 1.0110749 0.9842255 0.9939465 1.0080011 0.9860852 1.0064689 1.014548 0.9980974 0.9872032 0.9943229 0.99658537 0.99357027 0.99847597 0.9901927 1.0068517 0.99131685 0.97867405 0.9779369 0.97426224 0.97720057 0.9898184 0.20097494
1.0003713 0.9969631 0.9860852 0.99658537 0.98794943 0.14288628 0 0.13878395 1.0118452 0.9898184 1.0049399 1.0103053 0.9898184 1.0037951 1.018426 1.0037951 0.9939465 0.9898184 0.990942 1.0083846 1.0041765 0.99131685 1.0118452 0.98869646 0.9931942 0.9845971 0.98683035 0.99281836 1.0015109 0.19992983
1.0037951 0.9950763 0.97499573 0.982 0.97720057 0.14543132 0.13878395 0 1.0041765 0.98051995 1.000751 1.0068517 0.98051995 0.9980974 1.0087683 0.99885464 0.98794943 0.98794943 0.9924427 0.99056727 0.9901927 0.98348296 0.99056727 0.98496884 0.9842255 0.9768326 0.9673296 0.98794943 0.9920673 0.20293847
0.5176636 0.5152744 0.5618121 0.5550743 0.5554936 1.0110749 1.0118452 1.0041765 0 0.5107164 0.51886106 0.34557483 0.55991095 0.11848517 0.12153634 0.51806253 0.51170486 0.5172649 0.5198604 0.5597 0.55675304 0.5582251 0.5707484 0.5561231 0.55948913 0.57590306 0.56903803 0.5529811 0.5571734 1.0180373
0.34177974 0.38178706 0.5423956 0.54425275 0.54322046 0.9842255 0.9898184 0.98051995 0.5107164 0 0.08448469 0.50285465 0.54013187 0.4975942 0.5030502 0.08695106 0.08706336 0.3812881 0.38378617 0.5471509 0.54902 0.5421895 0.55089366 0.5430141 0.5393104 0.5559132 0.5561231 0.53094184 0.5380799 1.0080011
0.34083396 0.38478774 0.547981 0.5481887 0.549644 0.9939465 1.0049399 1.000751 0.51886106 0.08448469 0 0.5111116 0.5454935 0.5032458 0.5075618 0.087625116 0.08695106 0.38830376 0.38931137 0.5515193 0.55256313 0.5438397 0.55402696 0.5471509 0.5448729 0.5613892 0.55906755 0.53256744 0.53664684 1.0137748
0.5212617 0.5152744 0.5529811 0.5450797 0.5389 1.0080011 1.0103053 1.0068517 0.34557483 0.50285465 0.5111116 0 0.5559132 0.33800378 0.34462425 0.51229864 0.50874317 0.5228664 0.52367 0.55675304 0.5578042 0.5459075 0.56117785 0.54632175 0.5492279 0.5626586 0.5641423 0.5477734 0.5557034 1.0180373
0.547981 0.5542363 0.14993657 0.20978543 0.20780392 0.9860852 0.9898184 0.98051995 0.55991095 0.54013187 0.5454935 0.5559132 0 0.5519366 0.55675304 0.53951573 0.5428079 0.5584356 0.56202364 0.47051957 0.47051957 0.07271364 0.4843161 0.07326475 0.46808907 0.5582251 0.55675304 0.46102932 0.4714565 1.0099207
0.50363714 0.50933456 0.54902 0.549644 0.5459075 1.0064689 1.0037951 0.9980974 0.11848517 0.4975942 0.5032458 0.33800378 0.5519366 0 0.07040341 0.5038329 0.49623638 0.5113093 0.5146783 0.54694355 0.54528654 0.5475659 0.5557034 0.54652894 0.5430141 0.56350607 0.5552839 0.53664684 0.54694355 1.0149349
0.50972915 0.5071684 0.5546552 0.5548647 0.5473584 1.014548 1.018426 1.0087683 0.12153634 0.5030502 0.5075618 0.34462425 0.55675304 0.07040341 0 0.5069718 0.50070703 0.50992644 0.5134875 0.5536084 0.5523542 0.5536084 0.56054413 0.5531901 0.55131066 0.5660542 0.5573836 0.54177755 0.5473584 1.0262426
0.34288466 0.38462073 0.54013187 0.5423956 0.54322046 0.9980974 1.0037951 0.99885464 0.51806253 0.08695106 0.087625116 0.51229864 0.53951573 0.5038329 0.5069718 0 0.056905225 0.38378617 0.38645998 0.55006033 0.5506852 0.5415716 0.55991095 0.5434268 0.54632175 0.567971 0.5669055 0.53094184 0.5389 1.0118452
0.34146434 0.3832859 0.54694355 0.54611456 0.54528654 0.9872032 0.9939465 0.98794943 0.51170486 0.08706336 0.08695106 0.50874317 0.5428079 0.49623638 0.50070703 0.056905225 0 0.3832859 0.3842868 0.55110216 0.54985213 0.5444594 0.55885684 0.54425275 0.5473584 0.5628704 0.56350607 0.53256744 0.53828484 1.0064689
0.38696238 0.1573004 0.5561231 0.5546552 0.5523542 0.9943229 0.9898184 0.98794943 0.5172649 0.3812881 0.38830376 0.5228664 0.5584356 0.5113093 0.50992644 0.38378617 0.3832859 0 0.03072067 0.549644 0.55256313 0.5483964 0.5554936 0.55402696 0.5413658 0.56818426 0.5669055 0.5403374 0.5557034 1.0015109
0.38914335 0.16187774 0.5584356 0.556333 0.5523542 0.99658537 0.990942 0.9924427 0.5198604 0.38378617 0.38931137 0.52367 0.56202364 0.5146783 0.5134875 0.38645998 0.3842868 0.03072067 0 0.54985213 0.5529811 0.5519366 0.5536084 0.5571734 0.5446661 0.5692516 0.57267725 0.5399264 0.55885684 1.0080011
0.549644 0.5423956 0.47389796 0.47389796 0.46902296 0.99357027 1.0083846 0.99056727 0.5597 0.5471509 0.5515193 0.55675304 0.47051957 0.54694355 0.5536084 0.55006033 0.55110216 0.549644 0.54985213 0 0.030824859 0.47333384 0.34083396 0.472958 0.3884716 0.5584356 0.56584156 0.3935244 0.39946267 0.99999183
0.54985213 0.54425275 0.47108158 0.47352183 0.4673428 0.99847597 1.0041765 0.9901927 0.55675304 0.54902 0.55256313 0.5578042 0.47051957 0.54528654 0.5523542 0.5506852 0.54985213 0.55256313 0.5529811 0.030824859 0 0.4718316 0.33988938 0.47089422 0.38830376 0.5597 0.5660542 0.39386246 0.40031484 1.0037951
0.547981 0.54611456 0.14993657 0.20701279 0.20477574 0.9901927 0.99131685 0.98348296 0.5582251 0.5421895 0.5438397 0.5459075 0.07271364 0.5475659 0.5536084 0.5415716 0.5444594 0.5483964 0.5519366 0.47333384 0.4718316 0 0.48279172 0.022123104 0.46883607 0.556543 0.55801463 0.46417943 0.47370988 1.005704
0.549644 0.5481887 0.48355353 0.48603475 0.47578144 1.0068517 1.0118452 0.99056727 0.5707484 0.55089366 0.55402696 0.56117785 0.4843161 0.5557034 0.56054413 0.55991095 0.55885684 0.5554936 0.5536084 0.34083396 0.33988938 0.48279172 0 0.48546144 0.39436984 0.56711847 0.5707484 0.3970817 0.40014434 1.0137748
0.54985213 0.5506852 0.15066971 0.20806782 0.20569606 0.99131685 0.98869646 0.98496884 0.5561231 0.5430141 0.5471509 0.54632175 0.07326475 0.54652894 0.5531901 0.5434268 0.54425275 0.55402696 0.5571734 0.472958 0.47089422 0.022123104 0.48546144 0 0.46920985 0.5569632 0.5613892 0.46659726 0.4752159 1.0087683
0.5448729 0.54054296 0.46585247 0.472958 0.46678358 0.97867405 0.9931942 0.9842255 0.55948913 0.5393104 0.5448729 0.5492279 0.46808907 0.5430141 0.55131066 0.54632175 0.5473584 0.5413658 0.5446661 0.3884716 0.38830376 0.46883607 0.39436984 0.46920985 0 0.5637181 0.5575939 0.32663402 0.33081922 0.9969631
0.5533992 0.567971 0.56223524 0.5578042 0.5475659 0.9779369 0.9845971 0.9768326 0.57590306 0.5559132 0.5613892 0.5626586 0.5582251 0.56350607 0.5660542 0.567971 0.5628704 0.56818426 0.5692516 0.5584356 0.5597 0.556543 0.56711847 0.5569632 0.5637181 0 0.28367934 0.5630822 0.56541634 0.9860852
0.55948913 0.56711847 0.56584156 0.55991095 0.5533992 0.97426224 0.98683035 0.9673296 0.56903803 0.5561231 0.55906755 0.5641423 0.55675304 0.5552839 0.5573836 0.5669055 0.56350607 0.5669055 0.57267725 0.56584156 0.5660542 0.55801463 0.5707484 0.5613892 0.5575939 0.28367934 0 0.55277205 0.56350607 0.9801504
0.5307389 0.54013187 0.46139923 0.46715635 0.46399376 0.97720057 0.99281836 0.98794943 0.5529811 0.53094184 0.53256744 0.5477734 0.46102932 0.53664684 0.54177755 0.53094184 0.53256744 0.5403374 0.5399264 0.3935244 0.39386246 0.46417943 0.3970817 0.46659726 0.32663402 0.5630822 0.55277205 0 0.2623809 0.99961257
0.55381763 0.5561231 0.4771027 0.47861555 0.47597006 0.9898184 1.0015109 0.9920673 0.5571734 0.5380799 0.53664684 0.5557034 0.4714565 0.54694355 0.5473584 0.5389 0.53828484 0.5557034 0.55885684 0.39946267 0.40031484 0.47370988 0.40014434 0.4752159 0.33081922 0.56541634 0.56350607 0.2623809 0 1.019204
1.0126165 1.01146 1.0072346 0.9958304 0.9977191 0.20097494 0.19992983 0.20293847 1.0180373 1.0080011 1.0137748 1.0180373 1.0099207 1.0149349 1.0262426 1.0118452 1.0064689 1.0015109 1.0080011 0.99999183 1.0037951 1.005704 1.0137748 1.0087683 0.9969631 0.9860852 0.9801504 0.99961257 1.019204 0
