0 0.523033426 0.517832026 1.000359656 1.004925926 0.833381476 0.827935726 0.829142456 1.032131026 1.024648626 0.724215986 0.817458576 0.726845726 1.001498626 1.011827826 0.826730926 0.830048826 0.723166726 0.721333926 0.730542926 0.736656726 0.997330926 0.736389886 0.998465226 0.831864776 0.724478526 0.528069026 0.529687586 1.002639326 0.830653676
0.523033426 0 0.122139386 1.030944526 1.029365626 0.818946366 0.811241866 0.816270476 1.046112726 1.036497226 0.720549766 0.813899876 0.720027526 1.023865326 1.034906526 0.810063526 0.810652426 0.738259856 0.743089926 0.726845726 0.729749126 1.027790026 0.737190726 1.029365626 0.808593226 0.717161426 0.375364526 0.383987226 1.035303926 0.808887066
0.517832026 0.122139386 0 1.005689726 1.011057826 0.808593226 0.810063526 0.813899876 1.022691926 1.012213026 0.711978266 0.808005926 0.711720026 1.005689726 1.019571826 0.803323866 0.803032226 0.721333926 0.725529726 0.714824566 0.717681726 1.003400726 0.718723366 1.004544326 0.803907576 0.704525776 0.366188086 0.375199686 1.012984326 0.807419066
1.000359656 1.030944526 1.005689726 0 0.103092216 1.034509326 1.044501626 1.038091226 0.343884596 0.338999606 1.027003326 1.043697326 1.038889626 0.438273586 0.440967866 1.035701426 1.036895426 0.994690726 0.996953196 1.026217626 1.030549426 0.433269986 1.001498626 0.433982726 1.054220826 1.005689726 1.006836726 1.018016626 0.225251296 1.042893826
1.004925926 1.029365626 1.011057826 0.103092216 0 1.026217626 1.026217626 1.027003326 0.340414556 0.335083166 1.029760026 1.033319226 1.042893826 0.434161046 0.435767596 1.025825126 1.027790026 0.999222466 1.002258826 1.027396626 1.031339826 0.426708886 1.013756326 0.427768956 1.039688626 1.013370226 1.003781726 1.018016626 0.224846506 1.034509326
0.833381476 0.818946366 0.808593226 1.034509326 1.026217626 0 0.253862866 0.257235566 1.024648626 1.016464526 0.837950026 0.326538266 0.843777066 1.009136126 1.023865326 0.059974978 0.060299866 0.821631926 0.826129226 0.849029426 0.848099826 1.006836726 0.837339286 1.009904226 0.253022046 0.828538826 0.814491826 0.814787986 1.039688626 0.259916396
0.827935726 0.811241866 0.810063526 1.044501626 1.026217626 0.253862866 0 0.051362856 1.039289026 1.037293826 0.837644586 0.316411266 0.840704566 1.014915826 1.019182726 0.247162656 0.248971396 0.841318076 0.843469266 0.845318086 0.845626656 1.010673126 0.855256086 1.012984326 0.248692846 0.838561226 0.809769226 0.811241866 1.052592226 0.176021196
0.829142456 0.816270476 0.813899876 1.038091226 1.027003326 0.257235566 0.051362856 0 1.038091226 1.033715826 0.846244166 0.319618676 0.848719426 1.015689826 1.026217626 0.254704626 0.255547326 0.841624976 0.843777066 0.853382626 0.854006596 1.018405126 0.857761326 1.020350626 0.254003086 0.836119226 0.818946366 0.816864326 1.052592226 0.178172926
1.032131026 1.046112726 1.022691926 0.343884596 0.340414556 1.024648626 1.039289026 1.038091226 0 0.049011754 1.051373026 1.018405126 1.059128226 0.446204426 0.444213846 1.023865326 1.026217626 1.020350626 1.019571826 1.053406226 1.055444826 0.431846506 1.053813426 0.432557886 1.034112526 1.034906526 1.045306726 1.037293826 0.340257206 1.040888926
1.024648626 1.036497226 1.012213026 0.338999606 0.335083166 1.016464526 1.037293826 1.033715826 0.049011754 0 1.036497226 1.013756326 1.045306726 0.437556726 0.437377606 1.016464526 1.018016626 1.010673126 1.007985526 1.036895426 1.037293826 0.427238726 1.030944526 0.428299556 1.027003326 1.027396626 1.031339826 1.030549426 0.334302326 1.032922926
0.724215986 0.720549766 0.711978266 1.027003326 1.029760026 0.837950026 0.837644586 0.846244166 1.051373026 1.036497226 0 0.849649796 0.039469643 1.009904226 1.014142626 0.835205556 0.837950026 0.528473386 0.529080226 0.105504346 0.106540496 1.018793826 0.541527826 1.023474026 0.828840626 0.532122026 0.712753476 0.720288576 1.025825126 0.855256086
0.817458576 0.813899876 0.808005926 1.043697326 1.033319226 0.326538266 0.316411266 0.319618676 1.018405126 1.013756326 0.849649796 0 0.847790226 1.012213026 1.022301126 0.325149246 0.326229366 0.841318076 0.848099826 0.858075086 0.854631126 1.010288526 0.856194566 1.013756326 0.318548026 0.844393076 0.822529226 0.810357926 1.042893826 0.321304266
0.726845726 0.720027526 0.711720026 1.038889626 1.042893826 0.843777066 0.840704566 0.848719426 1.059128226 1.045306726 0.039469643 0.847790226 0 1.009904226 1.014529026 0.841624976 0.843469266 0.527059226 0.528271226 0.107693462 0.109310586 1.021520326 0.539473026 1.025825126 0.829444476 0.531715756 0.714047256 0.722642526 1.031735226 0.853382626
1.001498626 1.023865326 1.005689726 0.438273586 0.434161046 1.009136126 1.014915826 1.015689826 0.446204426 0.437556726 1.009904226 1.012213026 1.009904226 0 0.035581716 1.003019826 1.007219526 0.992810526 0.986080726 0.991309826 0.991684676 0.306870496 1.003019826 0.306569626 1.009520126 0.992435126 1.001498626 0.998086926 0.431135746 1.016852326
1.011827826 1.034906526 1.019571826 0.440967866 0.435767596 1.023865326 1.019182726 1.026217626 0.444213846 0.437377606 1.014142626 1.022301126 1.014529026 0.035581716 0 1.017240226 1.021910726 0.999980396 0.996198226 1.000739126 0.999601366 0.309433076 1.013370226 0.309433076 1.021520326 1.003019826 1.015302726 1.008752426 0.433626266 1.027003326
0.826730926 0.810063526 0.803323866 1.035701426 1.025825126 0.059974978 0.247162656 0.254704626 1.023865326 1.016464526 0.835205556 0.325149246 0.841624976 1.003019826 1.017240226 0 0.026518477 0.824927276 0.827031926 0.845318086 0.844085026 1.010288526 0.840704566 1.012598626 0.252182196 0.827634326 0.806539656 0.815084226 1.038889626 0.257235566
0.830048826 0.810652426 0.803032226 1.036895426 1.027790026 0.060299866 0.248971396 0.255547326 1.026217626 1.018016626 0.837950026 0.326229366 0.843469266 1.007219526 1.021910726 0.026518477 0 0.826730926 0.828538826 0.848719426 0.847790226 1.012598626 0.841624976 1.015689826 0.252462026 0.831258956 0.808299526 0.815973726 1.044904026 0.257799156
0.723166726 0.738259856 0.721333926 0.994690726 0.999222466 0.821631926 0.841318076 0.841624976 1.020350626 1.010673126 0.528473386 0.841318076 0.527059226 0.992810526 0.999980396 0.824927276 0.826730926 0 0.028177083 0.527462966 0.527462966 1.009904226 0.273898156 1.011827826 0.825528026 0.250505276 0.715862276 0.718202356 0.998465226 0.834901226
0.721333926 0.743089926 0.725529726 0.996953196 1.002258826 0.826129226 0.843469266 0.843777066 1.019571826 1.007985526 0.529080226 0.848099826 0.528271226 0.986080726 0.996198226 0.827031926 0.828538826 0.028177083 0 0.529687586 0.529687586 1.010673126 0.270880046 1.012213026 0.826129226 0.247023706 0.715862276 0.717681726 1.004162926 0.842854026
0.730542926 0.726845726 0.714824566 1.026217626 1.027396626 0.849029426 0.845318086 0.853382626 1.053406226 1.036895426 0.105504346 0.858075086 0.107693462 0.991309826 1.000739126 0.845318086 0.848719426 0.527462966 0.529687586 0 0.015009826 1.006454126 0.540910786 1.010288526 0.841011226 0.528473386 0.722118826 0.728692056 1.022691926 0.851202926
0.736656726 0.729749126 0.717681726 1.030549426 1.031339826 0.848099826 0.845626656 0.854006596 1.055444826 1.037293826 0.106540496 0.854631126 0.109310586 0.991684676 0.999601366 0.844085026 0.847790226 0.527462966 0.529687586 0.015009826 0 1.011057826 0.539883556 1.014915826 0.840398026 0.530498226 0.724215986 0.731072626 1.027396626 0.851825026
0.997330926 1.027790026 1.003400726 0.433269986 0.426708886 1.006836726 1.010673126 1.018405126 0.431846506 0.427238726 1.018793826 1.010288526 1.021520326 0.306870496 0.309433076 1.010288526 1.012598626 1.009904226 1.010673126 1.006454126 1.011057826 0 1.030549426 0.00468019999999996 1.015302726 1.004925926 1.012984326 1.017240226 0.425121586 1.004544326
0.736389886 0.737190726 0.718723366 1.001498626 1.013756326 0.837339286 0.855256086 0.857761326 1.053813426 1.030944526 0.541527826 0.856194566 0.539473026 1.003019826 1.013370226 0.840704566 0.841624976 0.273898156 0.270880046 0.540910786 0.539883556 1.030549426 0 1.033319226 0.838561226 0.269733496 0.723691176 0.719244786 1.011057826 0.854318826
0.998465226 1.029365626 1.004544326 0.433982726 0.427768956 1.009904226 1.012984326 1.020350626 0.432557886 0.428299556 1.023474026 1.013756326 1.025825126 0.306569626 0.309433076 1.012598626 1.015689826 1.011827826 1.012213026 1.010288526 1.014915826 0.00468019999999996 1.033319226 0 1.018405126 1.009136126 1.014142626 1.020740326 0.425474026 1.006836726
0.831864776 0.808593226 0.803907576 1.054220826 1.039688626 0.253022046 0.248692846 0.254003086 1.034112526 1.027003326 0.828840626 0.318548026 0.829444476 1.009520126 1.021520326 0.252182196 0.252462026 0.825528026 0.826129226 0.841011226 0.840398026 1.015302726 0.838561226 1.018405126 0 0.823727256 0.821631926 0.814787986 1.061593926 0.258081126
0.724478526 0.717161426 0.704525776 1.005689726 1.013370226 0.828538826 0.838561226 0.836119226 1.034906526 1.027396626 0.532122026 0.844393076 0.531715756 0.992435126 1.003019826 0.827634326 0.831258956 0.250505276 0.247023706 0.528473386 0.530498226 1.004925926 0.269733496 1.009136126 0.823727256 0 0.711720026 0.711720026 1.002639326 0.838561226
0.528069026 0.375364526 0.366188086 1.006836726 1.003781726 0.814491826 0.809769226 0.818946366 1.045306726 1.031339826 0.712753476 0.822529226 0.714047256 1.001498626 1.015302726 0.806539656 0.808299526 0.715862276 0.715862276 0.722118826 0.724215986 1.012984326 0.723691176 1.014142626 0.821631926 0.711720026 0 0.223094956 1.014529026 0.819542326
0.529687586 0.383987226 0.375199686 1.018016626 1.018016626 0.814787986 0.811241866 0.816864326 1.037293826 1.030549426 0.720288576 0.810357926 0.722642526 0.998086926 1.008752426 0.815084226 0.815973726 0.718202356 0.717681726 0.728692056 0.731072626 1.017240226 0.719244786 1.020740326 0.814787986 0.711720026 0.223094956 0 1.021130226 0.822828526
1.002639326 1.035303926 1.012984326 0.225251296 0.224846506 1.039688626 1.052592226 1.052592226 0.340257206 0.334302326 1.025825126 1.042893826 1.031735226 0.431135746 0.433626266 1.038889626 1.044904026 0.998465226 1.004162926 1.022691926 1.027396626 0.425121586 1.011057826 0.425474026 1.061593926 1.002639326 1.014529026 1.021130226 0 1.055853026
0.830653676 0.808887066 0.807419066 1.042893826 1.034509326 0.259916396 0.176021196 0.178172926 1.040888926 1.032922926 0.855256086 0.321304266 0.853382626 1.016852326 1.027003326 0.257235566 0.257799156 0.834901226 0.842854026 0.851202926 0.851825026 1.004544326 0.854318826 1.006836726 0.258081126 0.838561226 0.819542326 0.822828526 1.055853026 0
