0 0.7333587 0.8114639 0.7432607 1.0219333 0.732296 0.7304399 1.0345387 0.8038317 0.72726864 0.7847996 1.0293922 0.78793824 0.6832287 0.6877182 0.72858834 0.7320306 0.9360306 0.9388226 1.0278157 1.0278157 0.8082254 0.695261 0.8088132 0.7126442 0.7344229 0.718095 0.9388226 0.78394586 0.7413773
0.7333587 0 0.7763057 0.662142 1.0227151 0.6760516 0.662142 1.0126165 0.7853693 0.6542054 0.79310274 1.0421246 0.77884376 0.71835554 0.7157541 0.65134007 0.65564215 0.9123715 0.9184719 1.0141612 1.0172604 0.78167397 0.7170537 0.78082377 0.72858834 0.66335183 0.52972496 0.90565103 0.78708094 0.40992597
0.8114639 0.7763057 0 0.8023729 0.98348296 0.80353975 0.7847996 0.97941184 0.3632189 0.77489936 0.65876466 1.019204 0.66286767 0.7936788 0.7862246 0.7859394 0.78082377 0.91779155 0.9242792 0.9969631 0.9958304 0.36892113 0.806758 0.36990303 0.8076381 0.806758 0.7765873 0.9137229 0.66918653 0.7893693
0.7432607 0.662142 0.8023729 0 1.0329514 0.33706275 0.3280265 1.0149349 0.80120784 0.6378772 0.79483217 1.0453417 0.77940893 0.7478545 0.74514884 0.63857985 0.63811135 0.93568236 0.94373375 1.014548 1.0164845 0.80910724 0.73602206 0.8073446 0.7419149 0.58304906 0.6409265 0.91541547 0.8094014 0.66748005
1.0219333 1.0227151 0.98348296 1.0329514 0 1.0095364 1.0103053 0.26707777 1.0110749 1.0286036 1.0011308 0.6812419 0.98794943 1.0377234 1.0325551 1.0011308 0.99847597 1.0481682 1.0505993 0.2712297 0.26936567 1.01146 1.0246727 1.0160967 1.030972 1.0203725 1.0118452 1.0473596 0.9695119 1.0293922
0.732296 0.6760516 0.80353975 0.33706275 1.0095364 0 0.2402917 0.99357027 0.80851924 0.62741685 0.79598737 1.0481682 0.78650993 0.7419149 0.73923063 0.624192 0.62143886 0.93987226 0.9472615 0.99923354 0.99961257 0.81828076 0.7222747 0.81590265 0.74433905 0.582614 0.64824826 0.9225665 0.7896558 0.6640787
0.7304399 0.662142 0.7847996 0.3280265 1.0103053 0.2402917 0 1.0037951 0.7876524 0.63228023 0.7836615 1.036926 0.7737762 0.7400349 0.7389627 0.6304238 0.6315835 0.93116945 0.9405729 0.9943229 0.9950763 0.80120784 0.7186162 0.8017901 0.7346892 0.5724627 0.63857985 0.9174517 0.78879654 0.6602102
1.0345387 1.0126165 0.97941184 1.0149349 0.26707777 0.99357027 1.0037951 0 1.0064689 1.0076177 0.9898184 0.697032 0.9831119 1.0195932 1.018426 0.99885464 0.99847597 1.0357314 1.0405211 0.1935601 0.19162093 1.0122308 1.0282096 1.0137748 1.0473596 1.0254573 1.0003713 1.0345387 0.9698763 1.015322
0.8038317 0.7853693 0.3632189 0.80120784 1.0110749 0.80851924 0.7876524 1.0064689 0 0.78167397 0.6578025 1.0405211 0.6602102 0.7994636 0.79512084 0.7842303 0.7791263 0.9130469 0.91541547 1.0045581 1.005704 0.17540063 0.8003352 0.173886 0.8041238 0.7968549 0.8003352 0.9106857 0.6669932 0.7913773
0.72726864 0.6542054 0.77489936 0.6378772 1.0286036 0.62741685 0.63228023 1.0076177 0.78167397 0 0.77771467 1.0293922 0.778279 0.7167936 0.71342045 0.15287343 0.15311868 0.94232726 0.94479036 1.0262426 1.025065 0.78793824 0.72044325 0.7842303 0.71992075 0.6262635 0.6374092 0.9353342 0.7791263 0.65253264
0.7847996 0.79310274 0.65876466 0.79483217 1.0011308 0.79598737 0.7836615 0.9898184 0.6578025 0.77771467 0 1.0301816 0.13770178 0.77405685 0.7726547 0.7760242 0.7737762 0.9297863 0.93151563 0.98051995 0.9838541 0.6682109 0.78508437 0.6696748 0.79483217 0.7928149 0.7629125 0.8979962 0.47729164 0.78793824
1.0293922 1.0421246 1.019204 1.0453417 0.6812419 1.0481682 1.036926 0.697032 1.0405211 1.0293922 1.0301816 0 1.0546688 1.0678414 1.0637001 1.0345387 1.0397208 1.0632871 1.0587604 0.69804585 0.7018601 1.0449389 1.053853 1.0397208 1.057121 1.0441338 1.0317632 1.0385218 1.0064689 1.0397208
0.78793824 0.77884376 0.66286767 0.77940893 0.98794943 0.78650993 0.7737762 0.9831119 0.6602102 0.778279 0.13770178 1.0546688 0 0.7774327 0.78110707 0.7779968 0.7726547 0.92017525 0.92462224 0.9738958 0.9753628 0.6733471 0.77715075 0.67212105 0.79310274 0.7896558 0.7640195 0.8973342 0.4744625 0.7862246
0.6832287 0.71835554 0.7936788 0.7478545 1.0377234 0.7419149 0.7400349 1.0195932 0.7994636 0.7167936 0.77405685 1.0678414 0.7774327 0 0.08616542 0.72858834 0.72489893 0.932902 0.9374253 1.0087683 1.0053219 0.7956984 0.6028915 0.7916646 0.57482624 0.7386949 0.7067194 0.90766084 0.7862246 0.72384816
0.6877182 0.7157541 0.7862246 0.74514884 1.0325551 0.73923063 0.7389627 1.018426 0.79512084 0.71342045 0.7726547 1.0637001 0.78110707 0.08616542 0 0.7157541 0.7191378 0.92840576 0.92909575 1.0011308 0.99734104 0.79656565 0.6078228 0.79339075 0.57719725 0.73575526 0.702115 0.90900373 0.78879654 0.72384816
0.72858834 0.65134007 0.7859394 0.63857985 1.0011308 0.624192 0.6304238 0.99885464 0.7842303 0.15287343 0.7760242 1.0345387 0.7779968 0.72858834 0.7157541 0 0.035842996 0.9270277 0.9349863 1.0118452 1.0122308 0.7913773 0.72991043 0.7905161 0.7309697 0.62534213 0.64257354 0.91915274 0.7836615 0.66093403
0.7320306 0.65564215 0.78082377 0.63811135 0.99847597 0.62143886 0.6315835 0.99847597 0.7791263 0.15311868 0.7737762 1.0397208 0.7726547 0.72489893 0.7191378 0.035842996 0 0.9322085 0.93847305 1.0072346 1.0083846 0.7893693 0.7309697 0.78565425 0.73575526 0.62511194 0.6430448 0.91643286 0.78708094 0.66553456
0.9360306 0.9123715 0.91779155 0.93568236 1.0481682 0.93987226 0.93116945 1.0357314 0.9130469 0.94232726 0.9297863 1.0632871 0.92017525 0.932902 0.92840576 0.9270277 0.9322085 0 0.027083166 1.0469556 1.0389212 0.9174517 0.9339434 0.91813165 0.9626228 0.94373375 0.90766084 0.5552839 0.90766084 0.9249654
0.9388226 0.9184719 0.9242792 0.94373375 1.0505993 0.9472615 0.9405729 1.0405211 0.91541547 0.94479036 0.93151563 1.0587604 0.92462224 0.9374253 0.92909575 0.9349863 0.93847305 0.027083166 0 1.0501935 1.0429276 0.91949344 0.9346385 0.91949344 0.9658782 0.94620144 0.91169673 0.5536084 0.9150766 0.928061
1.0278157 1.0141612 0.9969631 1.014548 0.2712297 0.99923354 0.9943229 0.1935601 1.0045581 1.0262426 0.98051995 0.69804585 0.9738958 1.0087683 1.0011308 1.0118452 1.0072346 1.0469556 1.0501935 0 0.021917144 1.0168724 1.0211525 1.0157093 1.0329514 1.0313674 0.99056727 1.0297868 0.9768326 1.0293922
1.0278157 1.0172604 0.9958304 1.0164845 0.26936567 0.99961257 0.9950763 0.19162093 1.005704 1.025065 0.9838541 0.7018601 0.9753628 1.0053219 0.99734104 1.0122308 1.0083846 1.0389212 1.0429276 0.021917144 0 1.0164845 1.0223241 1.0164845 1.0293922 1.0329514 0.9950763 1.0258498 0.9801504 1.0297868
0.8082254 0.78167397 0.36892113 0.80910724 1.01146 0.81828076 0.80120784 1.0122308 0.17540063 0.78793824 0.6682109 1.0449389 0.6733471 0.7956984 0.79656565 0.7913773 0.7893693 0.9174517 0.91949344 1.0168724 1.0164845 0 0.79888314 0.015152031 0.8088132 0.80851924 0.7956984 0.9184719 0.6684547 0.8082254
0.695261 0.7170537 0.806758 0.73602206 1.0246727 0.7222747 0.7186162 1.0282096 0.8003352 0.72044325 0.78508437 1.053853 0.77715075 0.6028915 0.6078228 0.72991043 0.7309697 0.9339434 0.9346385 1.0211525 1.0223241 0.79888314 0 0.79540956 0.61256033 0.7427221 0.7152349 0.9137229 0.78082377 0.72332335
0.8088132 0.78082377 0.36990303 0.8073446 1.0160967 0.81590265 0.8017901 1.0137748 0.173886 0.7842303 0.6696748 1.0397208 0.67212105 0.7916646 0.79339075 0.7905161 0.78565425 0.91813165 0.91949344 1.0157093 1.0164845 0.015152031 0.79540956 0 0.80529344 0.8055861 0.79483217 0.91779155 0.6684547 0.80646485
0.7126442 0.72858834 0.8076381 0.7419149 1.030972 0.74433905 0.7346892 1.0473596 0.8041238 0.71992075 0.79483217 1.057121 0.79310274 0.57482624 0.57719725 0.7309697 0.73575526 0.9626228 0.9658782 1.0329514 1.0293922 0.8088132 0.61256033 0.80529344 0 0.7524766 0.7473126 0.92462224 0.7743376 0.74164605
0.7344229 0.66335183 0.806758 0.58304906 1.0203725 0.582614 0.5724627 1.0254573 0.7968549 0.6262635 0.7928149 1.0441338 0.7896558 0.7386949 0.73575526 0.62534213 0.62511194 0.94373375 0.94620144 1.0313674 1.0329514 0.80851924 0.7427221 0.8055861 0.7524766 0 0.64351636 0.91949344 0.7867954 0.67383814
0.718095 0.52972496 0.7765873 0.6409265 1.0118452 0.64824826 0.63857985 1.0003713 0.8003352 0.6374092 0.7629125 1.0317632 0.7640195 0.7067194 0.702115 0.64257354 0.6430448 0.90766084 0.91169673 0.99056727 0.9950763 0.7956984 0.7152349 0.79483217 0.7473126 0.64351636 0 0.91473794 0.78736657 0.5419835
0.9388226 0.90565103 0.9137229 0.91541547 1.0473596 0.9225665 0.9174517 1.0345387 0.9106857 0.9353342 0.8979962 1.0385218 0.8973342 0.90766084 0.90900373 0.91915274 0.91643286 0.5552839 0.5536084 1.0297868 1.0258498 0.9184719 0.9137229 0.91779155 0.92462224 0.91949344 0.91473794 0 0.90766084 0.9253087
0.78394586 0.78708094 0.66918653 0.8094014 0.9695119 0.7896558 0.78879654 0.9698763 0.6669932 0.7791263 0.47729164 1.0064689 0.4744625 0.7862246 0.78879654 0.7836615 0.78708094 0.90766084 0.9150766 0.9768326 0.9801504 0.6684547 0.78082377 0.6684547 0.7743376 0.7867954 0.78736657 0.90766084 0 0.79859304
0.7413773 0.40992597 0.7893693 0.66748005 1.0293922 0.6640787 0.6602102 1.015322 0.7913773 0.65253264 0.78793824 1.0397208 0.7862246 0.72384816 0.72384816 0.66093403 0.66553456 0.9249654 0.928061 1.0293922 1.0297868 0.8082254 0.72332335 0.80646485 0.74164605 0.67383814 0.5419835 0.9253087 0.79859304 0
