0 1.02164647313 1.01620027313 1.02399267313 0.45928604313 0.45873287313 1.02791927313 1.03147097313 1.02634617313 1.02791927313 1.03424507313 0.42945207313 1.03147097313 1.02634617313 1.02673907313 1.04584847313 1.04423737313 1.02949577313 1.03107557313 1.00313647313 1.00466167313 1.01852957313 1.04504247313 1.01891847313 1.02086597313 1.02477627313 1.02791927313 1.00504347313 1.04827177313 1.03543717313
1.02164647313 0 0.0672189471299999 0.11589993813 0.99517987313 0.99593397313 0.0925772331299999 0.0939359331299999 0.59168667313 0.59587967313 0.28072377313 1.04423737313 0.27898127313 0.60478447313 0.59965131313 0.59411130313 0.59543721313 0.28145099313 0.28145099313 0.59036737313 0.59058707313 0.11847164313 0.60076427313 0.11847164313 0.59389057313 0.16123713313 0.27796669313 0.0821299731299999 0.58992813313 0.58970860313
1.01620027313 0.0672189471299999 0 0.11625010813 0.98842642313 0.98581647313 0.0934827581299999 0.0942759931299999 0.60344197313 0.60725197313 0.28334514313 1.04222817313 0.28217895313 0.61130727313 0.60680274313 0.60277167313 0.60411297313 0.28509781313 0.28524405313 0.59809597313 0.59831797313 0.11894017313 0.60232512313 0.11894017313 0.59920660313 0.16434272313 0.28407491313 0.0848121431299999 0.59987377313 0.59765217313
1.02399267313 0.11589993813 0.11625010813 0 0.99895821313 0.99593397313 0.11636686313 0.11847164313 0.59676537313 0.60366557313 0.28436703313 1.04625177313 0.28247032313 0.60478447313 0.59831797313 0.59876213313 0.60076427313 0.28480539313 0.28480539313 0.59433214313 0.59411130313 0.0567930631299999 0.60187877313 0.0566852191299999 0.59278777313 0.16771128313 0.28407491313 0.11520009713 0.59587967313 0.59676537313
0.45928604313 0.99517987313 0.98842642313 0.99895821313 0 0.0420552961299999 0.99744461313 1.00161447313 1.02086597313 1.02360107313 0.99706667313 0.46039361313 0.99631137313 1.02008637313 1.01697597313 1.03742807313 1.03663117313 1.00848817313 1.01002427313 1.00199457313 1.00313647313 1.01156357313 0.98954777313 1.01194877313 1.00810467313 0.99933711313 1.00161447313 0.97840897313 1.02831317313 1.02125607313
0.45873287313 0.99593397313 0.98581647313 0.99593397313 0.0420552961299999 0 0.99593397313 1.00085457313 1.02910137313 1.03226257313 0.99857954313 0.46057837313 0.99782267313 1.02125607313 1.02008637313 1.04303117313 1.04262957313 1.01117847313 1.01272007313 1.00733817313 1.00887187313 1.00772127313 0.99217087313 1.00810467313 1.01620027313 1.00351747313 0.99933711313 0.97583357313 1.03782697313 1.02477627313
1.02791927313 0.0925772331299999 0.0934827581299999 0.11636686313 0.99744461313 0.99593397313 0 0.0409985131299999 0.59521607313 0.59942893313 0.28305341313 1.05558877313 0.28086917313 0.60523251313 0.59854007313 0.59876213313 0.60143277313 0.28509781313 0.28465924313 0.58948914313 0.58970860313 0.11917454313 0.59965131313 0.11917454313 0.59344927313 0.16322323313 0.28014249313 0.0909951931299999 0.59698697313 0.59676537313
1.03147097313 0.0939359331299999 0.0942759931299999 0.11847164313 1.00161447313 1.00085457313 0.0409985131299999 0 0.59610102313 0.60009627313 0.28597567313 1.05599747313 0.28349102313 0.60680274313 0.60054151313 0.60054151313 0.60321847313 0.28641502313 0.28626854313 0.59344927313 0.59366987313 0.12069976313 0.60187877313 0.12081722313 0.59477397313 0.16533924313 0.28188769313 0.0937093071299999 0.59743037313 0.59898434313
1.02634617313 0.59168667313 0.60344197313 0.59676537313 1.02086597313 1.02910137313 0.59521607313 0.59610102313 0 0.0377319111299999 0.59256742313 1.02203687313 0.59014771313 0.26561243313 0.26632515313 0.18696258313 0.18927542313 0.58664200313 0.58620492313 0.26418901313 0.26347832313 0.59433214313 0.32596511313 0.59433214313 0.22081476313 0.60747667313 0.59190670313 0.59366987313 0.18504066313 0.18248572313
1.02791927313 0.59587967313 0.60725197313 0.60366557313 1.02360107313 1.03226257313 0.59942893313 0.60009627313 0.0377319111299999 0 0.59455303313 1.02752577313 0.59300817313 0.26362041313 0.26376251313 0.18452897313 0.18709090313 0.58554981313 0.58511337313 0.26177537313 0.26106697313 0.60031887313 0.32921487313 0.60031887313 0.22162047313 0.60860131313 0.59366987313 0.59676537313 0.18325128313 0.18121151313
1.03424507313 0.28072377313 0.28334514313 0.28436703313 0.99706667313 0.99857954313 0.28305341313 0.28597567313 0.59256742313 0.59455303313 0 1.02008637313 0.0218148141299999 0.59720867313 0.59322873313 0.60187877313 0.60388927313 0.0630746881299999 0.0627484871299999 0.58554981313 0.58576817313 0.28436703313 0.58271757313 0.28451312313 0.58511337313 0.28979174313 0.13468785313 0.27767704313 0.59477397313 0.59256742313
0.42945207313 1.04423737313 1.04222817313 1.04625177313 0.46039361313 0.46057837313 1.05558877313 1.05599747313 1.02203687313 1.02752577313 1.02008637313 0 1.02203687313 1.01233437313 1.01194877313 1.03345157313 1.03543717313 1.01852957313 1.01930757313 0.99217087313 0.99329777313 1.04303117313 1.01581287313 1.04383507313 1.01233437313 1.03583497313 1.02516857313 1.02242767313 1.02713237313 1.01697597313
1.03147097313 0.27898127313 0.28217895313 0.28247032313 0.99631137313 0.99782267313 0.28086917313 0.28349102313 0.59014771313 0.59300817313 0.0218148141299999 1.02203687313 0 0.59610102313 0.59234712313 0.60210187313 0.60411297313 0.0636186771299999 0.0635098431299999 0.58554981313 0.58576817313 0.28086917313 0.58228282313 0.28130550313 0.58554981313 0.28817487313 0.13540611313 0.27623055313 0.59654387313 0.59389057313
1.02634617313 0.60478447313 0.61130727313 0.60478447313 1.02008637313 1.02125607313 0.60523251313 0.60680274313 0.26561243313 0.26362041313 0.59720867313 1.01233437313 0.59610102313 0 0.0195536101299999 0.26447347313 0.26689584313 0.59654387313 0.59543721313 0.0619878911299999 0.0616621551299999 0.60299507313 0.32226825313 0.60277167313 0.25838107313 0.61085557313 0.59676537313 0.60187877313 0.26703857313 0.26319424313
1.02673907313 0.59965131313 0.60680274313 0.59831797313 1.01697597313 1.02008637313 0.59854007313 0.60054151313 0.26632515313 0.26376251313 0.59322873313 1.01194877313 0.59234712313 0.0195536101299999 0 0.26319424313 0.26561243313 0.59344927313 0.59212687313 0.0604690131299999 0.0602522781299999 0.59676537313 0.32226825313 0.59654387313 0.25697131313 0.60500847313 0.59278777313 0.59676537313 0.26518512313 0.26050071313
1.04584847313 0.59411130313 0.60277167313 0.59876213313 1.03742807313 1.04303117313 0.59876213313 0.60054151313 0.18696258313 0.18452897313 0.60187877313 1.03345157313 0.60210187313 0.26447347313 0.26319424313 0 0.00754032172999987 0.59831797313 0.59854007313 0.26064224313 0.25993491313 0.60277167313 0.32581071313 0.60277167313 0.22242707313 0.60635374313 0.59565837313 0.59543721313 0.0913339231299999 0.0894164831299999
1.04423737313 0.59543721313 0.60411297313 0.60076427313 1.03663117313 1.04262957313 0.60143277313 0.60321847313 0.18927542313 0.18709090313 0.60388927313 1.03543717313 0.60411297313 0.26689584313 0.26561243313 0.00754032172999987 0 0.59831797313 0.59854007313 0.26305223313 0.26234261313 0.60433672313 0.32735614313 0.60433672313 0.22404288313 0.60860131313 0.59809597313 0.59809597313 0.0935960291299999 0.0921248831299999
1.02949577313 0.28145099313 0.28509781313 0.28480539313 1.00848817313 1.01117847313 0.28509781313 0.28641502313 0.58664200313 0.58554981313 0.0630746881299999 1.01852957313 0.0636186771299999 0.59654387313 0.59344927313 0.59831797313 0.59831797313 0 0.00331041912999987 0.58554981313 0.58533157313 0.28670803313 0.58598653313 0.28685460313 0.58445922313 0.28802807313 0.13624497313 0.27941651313 0.59344927313 0.59058707313
1.03107557313 0.28145099313 0.28524405313 0.28480539313 1.01002427313 1.01272007313 0.28465924313 0.28626854313 0.58620492313 0.58511337313 0.0627484871299999 1.01930757313 0.0635098431299999 0.59543721313 0.59212687313 0.59854007313 0.59854007313 0.00331041912999987 0 0.58445922313 0.58424131313 0.28626854313 0.58489527313 0.28641502313 0.58402347313 0.28817487313 0.13588535313 0.27927140313 0.59322873313 0.59080687313
1.00313647313 0.59036737313 0.59809597313 0.59433214313 1.00199457313 1.00733817313 0.58948914313 0.59344927313 0.26418901313 0.26177537313 0.58554981313 0.99217087313 0.58554981313 0.0619878911299999 0.0604690131299999 0.26064224313 0.26305223313 0.58554981313 0.58445922313 0 0.00220651862999987 0.59102670313 0.31706203313 0.59102670313 0.25556417313 0.59809597313 0.58686063313 0.58817372313 0.26305223313 0.25795785313
1.00466167313 0.59058707313 0.59831797313 0.59411130313 1.00313647313 1.00887187313 0.58970860313 0.59366987313 0.26347832313 0.26106697313 0.58576817313 0.99329777313 0.58576817313 0.0616621551299999 0.0602522781299999 0.25993491313 0.26234261313 0.58533157313 0.58424131313 0.00220651862999987 0 0.59124667313 0.31629945313 0.59124667313 0.25458074313 0.59854007313 0.58664200313 0.58773581313 0.26248447313 0.25767587313
1.01852957313 0.11847164313 0.11894017313 0.0567930631299999 1.01156357313 1.00772127313 0.11917454313 0.12069976313 0.59433214313 0.60031887313 0.28436703313 1.04303117313 0.28086917313 0.60299507313 0.59676537313 0.60277167313 0.60433672313 0.28670803313 0.28626854313 0.59102670313 0.59124667313 0 0.60680274313 0.000803899999999868 0.59212687313 0.16771128313 0.28612209313 0.11812043313 0.59521607313 0.59610102313
1.04504247313 0.60076427313 0.60232512313 0.60187877313 0.98954777313 0.99217087313 0.59965131313 0.60187877313 0.32596511313 0.32921487313 0.58271757313 1.01581287313 0.58228282313 0.32226825313 0.32226825313 0.32581071313 0.32735614313 0.58598653313 0.58489527313 0.31706203313 0.31629945313 0.60680274313 0 0.60680274313 0.32411439313 0.60456057313 0.58795474313 0.59455303313 0.33185602313 0.32813007313
1.01891847313 0.11847164313 0.11894017313 0.0566852191299999 1.01194877313 1.00810467313 0.11917454313 0.12081722313 0.59433214313 0.60031887313 0.28451312313 1.04383507313 0.28130550313 0.60277167313 0.59654387313 0.60277167313 0.60433672313 0.28685460313 0.28641502313 0.59102670313 0.59124667313 0.000803899999999868 0.60680274313 0 0.59212687313 0.16771128313 0.28641502313 0.11812043313 0.59543721313 0.59610102313
1.02086597313 0.59389057313 0.59920660313 0.59278777313 1.00810467313 1.01620027313 0.59344927313 0.59477397313 0.22081476313 0.22162047313 0.58511337313 1.01233437313 0.58554981313 0.25838107313 0.25697131313 0.22242707313 0.22404288313 0.58445922313 0.58402347313 0.25556417313 0.25458074313 0.59212687313 0.32411439313 0.59212687313 0 0.60388927313 0.58228282313 0.59014771313 0.22041222313 0.21840275313
1.02477627313 0.16123713313 0.16434272313 0.16771128313 0.99933711313 1.00351747313 0.16322323313 0.16533924313 0.60747667313 0.60860131313 0.28979174313 1.03583497313 0.28817487313 0.61085557313 0.60500847313 0.60635374313 0.60860131313 0.28802807313 0.28817487313 0.59809597313 0.59854007313 0.16771128313 0.60456057313 0.16771128313 0.60388927313 0 0.28905637313 0.16235367313 0.60590507313 0.60321847313
1.02791927313 0.27796669313 0.28407491313 0.28407491313 1.00161447313 0.99933711313 0.28014249313 0.28188769313 0.59190670313 0.59366987313 0.13468785313 1.02516857313 0.13540611313 0.59676537313 0.59278777313 0.59565837313 0.59809597313 0.13624497313 0.13588535313 0.58686063313 0.58664200313 0.28612209313 0.58795474313 0.28641502313 0.58228282313 0.28905637313 0 0.27985201313 0.59344927313 0.59146657313
1.00504347313 0.0821299731299999 0.0848121431299999 0.11520009713 0.97840897313 0.97583357313 0.0909951931299999 0.0937093071299999 0.59366987313 0.59676537313 0.27767704313 1.02242767313 0.27623055313 0.60187877313 0.59676537313 0.59543721313 0.59809597313 0.27941651313 0.27927140313 0.58817372313 0.58773581313 0.11812043313 0.59455303313 0.11812043313 0.59014771313 0.16235367313 0.27985201313 0 0.59168667313 0.59058707313
1.04827177313 0.58992813313 0.59987377313 0.59587967313 1.02831317313 1.03782697313 0.59698697313 0.59743037313 0.18504066313 0.18325128313 0.59477397313 1.02713237313 0.59654387313 0.26703857313 0.26518512313 0.0913339231299999 0.0935960291299999 0.59344927313 0.59322873313 0.26305223313 0.26248447313 0.59521607313 0.33185602313 0.59543721313 0.22041222313 0.60590507313 0.59344927313 0.59168667313 0 0.0776809031299999
1.03543717313 0.58970860313 0.59765217313 0.59676537313 1.02125607313 1.02477627313 0.59676537313 0.59898434313 0.18248572313 0.18121151313 0.59256742313 1.01697597313 0.59389057313 0.26319424313 0.26050071313 0.0894164831299999 0.0921248831299999 0.59058707313 0.59080687313 0.25795785313 0.25767587313 0.59610102313 0.32813007313 0.59610102313 0.21840275313 0.60321847313 0.59146657313 0.59058707313 0.0776809031299999 0
