0 1.025065 1.0180373 1.0297868 0.99999183 0.9943229 1.0199828 0.97978103 1.000751 0.9950763 1.0011308 1.0022715 1.0168724 1.0072346 0.9901927 1.015322 1.019204 0.98683035 0.97426224 0.9977191 0.98832285 0.96334505 1.0126165 0.96334505 1.0211525 0.98907024 1.001891 1.0034139 1.0164845 0.990942
1.025065 0 0.2515346 0.24540646 0.64635193 0.6580429 0.20569606 0.8713238 0.2473509 0.65134007 0.65277135 0.86274505 0.20780392 0.20346294 0.8719632 0.24985833 0.25013745 0.8838912 0.8874743 0.8713238 0.8694089 0.88194406 0.43254602 0.8871479 0.65516293 0.65516293 0.66650665 0.65492344 0.65253264 0.6494359
1.0180373 0.2515346 0 0.18212713 0.6522939 0.65516293 0.24846429 0.88194406 0.17894675 0.64872307 0.64967364 0.8842163 0.25167447 0.2504167 0.88194406 0.18085337 0.18174478 0.8694089 0.87613255 0.88162 0.88162 0.8774201 0.44042012 0.8790327 0.66602045 0.65492344 0.66918653 0.6619002 0.6563616 0.6442242
1.0297868 0.24540646 0.18212713 0 0.65181684 0.65372705 0.24985833 0.87677604 0.14409712 0.6568416 0.65564215 0.87420535 0.24985833 0.24916099 0.8800019 0.14433953 0.1438548 0.86179787 0.86591095 0.8729233 0.8787099 0.86972773 0.43468532 0.8694089 0.6616586 0.6568416 0.6684547 0.6568416 0.65516293 0.6461152
0.99999183 0.64635193 0.6522939 0.65181684 0 0.14228158 0.63857985 0.8523914 0.6465887 0.40236402 0.40099728 0.85959244 0.64991146 0.6444604 0.8592779 0.6501494 0.64824826 0.8636934 0.8652767 0.84649444 0.8455675 0.8495923 0.6315835 0.8508351 0.49507448 0.4045903 0.28719085 0.4919849 0.496818 0.21576156
0.9943229 0.6580429 0.65516293 0.65372705 0.14228158 0 0.65564215 0.85645306 0.64729947 0.39725155 0.39878163 0.8602219 0.6592462 0.65372705 0.8643263 0.6530102 0.65372705 0.8751683 0.8787099 0.8517685 0.84587634 0.8530148 0.64045656 0.85707986 0.4919849 0.40099728 0.29086626 0.49914902 0.5001224 0.21536165
1.0199828 0.20569606 0.24846429 0.24985833 0.63857985 0.65564215 0 0.8678169 0.24916099 0.65876466 0.6568416 0.86179787 0.111375004 0.110795185 0.8719632 0.2515346 0.25377554 0.8835664 0.8871479 0.86591095 0.8684533 0.8832416 0.43432835 0.8848668 0.65948707 0.6616586 0.6652917 0.65852404 0.65372705 0.6437523
0.97978103 0.8713238 0.88194406 0.87677604 0.8523914 0.85645306 0.8678169 0 0.8573935 0.8517685 0.8599071 0.7105781 0.87645423 0.8611671 0.097239904 0.8605368 0.8640098 0.44819596 0.45275414 0.0955342 0.09701225 0.44384602 0.8489717 0.44132015 0.86972773 0.8573935 0.870685 0.86877173 0.8621135 0.83636117
1.000751 0.2473509 0.17894675 0.14409712 0.6465887 0.64729947 0.24916099 0.8573935 0 0.6580429 0.65540254 0.8722831 0.25139478 0.25055632 0.8621135 0.08571686 0.08650202 0.86559373 0.8684533 0.85332674 0.85864925 0.8722831 0.4313009 0.8729233 0.661417 0.6623838 0.6662635 0.6619002 0.66286767 0.6406915
0.9950763 0.65134007 0.64872307 0.6568416 0.40236402 0.39725155 0.65876466 0.8517685 0.6580429 0 0.085268565 0.8406434 0.6539662 0.6477737 0.85802114 0.6623838 0.65972805 0.8694089 0.8602219 0.8495923 0.84525883 0.83483773 0.65181684 0.83605623 0.4869913 0.31833306 0.40785605 0.4983712 0.49876 0.3888074
1.0011308 0.65277135 0.64967364 0.65564215 0.40099728 0.39878163 0.6568416 0.8599071 0.65540254 0.085268565 0 0.8400302 0.6570817 0.64919823 0.864643 0.6568416 0.6558819 0.86877173 0.8624292 0.85645306 0.8489717 0.84187144 0.6477737 0.83972377 0.49006033 0.3181802 0.4102715 0.4956552 0.49856558 0.39318648
1.0022715 0.86274505 0.8842163 0.87420535 0.85959244 0.8602219 0.86179787 0.7105781 0.8722831 0.8406434 0.8400302 0 0.8787099 0.8694089 0.7191378 0.86337715 0.864643 0.7157541 0.70543754 0.7139384 0.71992075 0.71342045 0.8716434 0.7129029 0.8774201 0.8508351 0.86749893 0.86909026 0.864643 0.8468036
1.0168724 0.20780392 0.25167447 0.24985833 0.64991146 0.6592462 0.111375004 0.87645423 0.25139478 0.6539662 0.6570817 0.8787099 0 0.08180332 0.8800019 0.25588247 0.2556012 0.88162 0.8783872 0.8694089 0.870685 0.88616943 0.43593606 0.88291705 0.65492344 0.6592462 0.66918653 0.6623838 0.6626257 0.64564204
1.0072346 0.20346294 0.2504167 0.24916099 0.6444604 0.65372705 0.110795185 0.8611671 0.25055632 0.6477737 0.64919823 0.8694089 0.08180332 0 0.86718106 0.25363526 0.25377554 0.87645423 0.8783872 0.8567664 0.85896355 0.88162 0.42740113 0.88194406 0.65110177 0.654684 0.6604514 0.6508636 0.65181684 0.6390486
0.9901927 0.8719632 0.88194406 0.8800019 0.8592779 0.8643263 0.8719632 0.097239904 0.8621135 0.85802114 0.864643 0.7191378 0.8800019 0.86718106 0 0.8643263 0.8694089 0.4536691 0.458445 0.08169181 0.08336629 0.45238847 0.84525883 0.4489234 0.87645423 0.8719632 0.87677604 0.87356406 0.8643263 0.84495026
1.015322 0.24985833 0.18085337 0.14433953 0.6501494 0.6530102 0.2515346 0.8605368 0.08571686 0.6623838 0.6568416 0.86337715 0.25588247 0.25363526 0.8643263 0 0.05507346 0.8592779 0.86749893 0.8567664 0.8611671 0.8624292 0.43414992 0.863061 0.6542054 0.6602102 0.6640787 0.65948707 0.65948707 0.64233804
1.019204 0.25013745 0.18174478 0.1438548 0.64824826 0.65372705 0.25377554 0.8640098 0.08650202 0.65972805 0.6558819 0.864643 0.2556012 0.25377554 0.8694089 0.05507346 0 0.863061 0.8719632 0.85770726 0.8624292 0.87645423 0.43005788 0.8751683 0.65852404 0.66093403 0.66480625 0.6582834 0.6568416 0.6442242
0.98683035 0.8838912 0.8694089 0.86179787 0.8636934 0.8751683 0.8835664 0.44819596 0.86559373 0.8694089 0.86877173 0.7157541 0.88162 0.87645423 0.4536691 0.8592779 0.863061 0 0.061450038 0.4545852 0.45531887 0.44456926 0.870685 0.44096002 0.8719632 0.877098 0.88162 0.8719632 0.8713238 0.8573935
0.97426224 0.8874743 0.87613255 0.86591095 0.8652767 0.8787099 0.8871479 0.45275414 0.8684533 0.8602219 0.8624292 0.70543754 0.8783872 0.8783872 0.458445 0.86749893 0.8719632 0.061450038 0 0.46010533 0.46139923 0.44475016 0.87324363 0.44132015 0.864643 0.87484723 0.8790327 0.8643263 0.8719632 0.8624292
0.9977191 0.8713238 0.88162 0.8729233 0.84649444 0.8517685 0.86591095 0.0955342 0.85332674 0.8495923 0.85645306 0.7139384 0.8694089 0.8567664 0.08169181 0.8567664 0.85770726 0.4545852 0.46010533 0 0.027290547 0.45312 0.8480418 0.4500159 0.8678169 0.85833514 0.86877173 0.86591095 0.8555138 0.84433347
0.98832285 0.8694089 0.88162 0.8787099 0.8455675 0.84587634 0.8684533 0.09701225 0.85864925 0.84525883 0.8489717 0.71992075 0.870685 0.85896355 0.08336629 0.8611671 0.8624292 0.45531887 0.46139923 0.027290547 0 0.45440188 0.8489717 0.4522057 0.86877173 0.8542633 0.8662283 0.86877173 0.8592779 0.8366663
0.96334505 0.88194406 0.8774201 0.86972773 0.8495923 0.8530148 0.8832416 0.44384602 0.8722831 0.83483773 0.84187144 0.71342045 0.88616943 0.88162 0.45238847 0.8624292 0.87645423 0.44456926 0.44475016 0.45312 0.45440188 0 0.8754896 0.021814186 0.86813504 0.85520095 0.8640098 0.84928197 0.8530148 0.84928197
1.0126165 0.43254602 0.44042012 0.43468532 0.6315835 0.64045656 0.43432835 0.8489717 0.4313009 0.65181684 0.6477737 0.8716434 0.43593606 0.42740113 0.84525883 0.43414992 0.43005788 0.870685 0.87324363 0.8480418 0.8489717 0.8754896 0 0.87420535 0.6475366 0.64729947 0.6477737 0.6418672 0.6475366 0.6343742
0.96334505 0.8871479 0.8790327 0.8694089 0.8508351 0.85707986 0.8848668 0.44132015 0.8729233 0.83605623 0.83972377 0.7129029 0.88291705 0.88194406 0.4489234 0.863061 0.8751683 0.44096002 0.44132015 0.4500159 0.4522057 0.021814186 0.87420535 0 0.8636934 0.85802114 0.8703658 0.8455675 0.8514572 0.8499028
1.0211525 0.65516293 0.66602045 0.6616586 0.49507448 0.4919849 0.65948707 0.86972773 0.661417 0.4869913 0.49006033 0.8774201 0.65492344 0.65110177 0.87645423 0.6542054 0.65852404 0.8719632 0.864643 0.8678169 0.86877173 0.86813504 0.6475366 0.8636934 0 0.48679987 0.5038329 0.31573868 0.32078305 0.48929188
0.98907024 0.65516293 0.65492344 0.6568416 0.4045903 0.40099728 0.6616586 0.8573935 0.6623838 0.31833306 0.3181802 0.8508351 0.6592462 0.654684 0.8719632 0.6602102 0.66093403 0.877098 0.87484723 0.85833514 0.8542633 0.85520095 0.64729947 0.85802114 0.48679987 0 0.40441883 0.48660854 0.48929188 0.3962332
1.001891 0.66650665 0.66918653 0.6684547 0.28719085 0.29086626 0.6652917 0.870685 0.6662635 0.40785605 0.4102715 0.86749893 0.66918653 0.6604514 0.87677604 0.6640787 0.66480625 0.88162 0.8790327 0.86877173 0.8662283 0.8640098 0.6477737 0.8703658 0.5038329 0.40441883 0 0.5032458 0.50736505 0.29234147
1.0034139 0.65492344 0.6619002 0.6568416 0.4919849 0.49914902 0.65852404 0.86877173 0.6619002 0.4983712 0.4956552 0.86909026 0.6623838 0.6508636 0.87356406 0.65948707 0.6582834 0.8719632 0.8643263 0.86591095 0.86877173 0.84928197 0.6418672 0.8455675 0.31573868 0.48660854 0.5032458 0 0.25503898 0.48986816
1.0164845 0.65253264 0.6563616 0.65516293 0.496818 0.5001224 0.65372705 0.8621135 0.66286767 0.49876 0.49856558 0.864643 0.6626257 0.65181684 0.8643263 0.65948707 0.6568416 0.8713238 0.8719632 0.8555138 0.8592779 0.8530148 0.6475366 0.8514572 0.32078305 0.48929188 0.50736505 0.25503898 0 0.491022
0.990942 0.6494359 0.6442242 0.6461152 0.21576156 0.21536165 0.6437523 0.83636117 0.6406915 0.3888074 0.39318648 0.8468036 0.64564204 0.6390486 0.84495026 0.64233804 0.6442242 0.8573935 0.8624292 0.84433347 0.8366663 0.84928197 0.6343742 0.8499028 0.48929188 0.3962332 0.29234147 0.48986816 0.491022 0
