0 0.99169195 0.99847597 0.7175742 0.718095 0.721751 0.9249654 0.93116945 0.9256522 0.8542633 0.8505242 0.8662283 0.71992075 0.7207046 0.7227989 0.990942 0.9297863 0.93324894 0.9838541 0.9860852 0.9838541 0.9842255 0.87484723 0.9845971 0.9943229 0.70466954 0.7082605 0.9374253 0.70928967 0.7173139
0.99169195 0 0.17086585 0.9872032 0.9764649 0.9857129 0.9779369 0.97170067 0.9680563 0.98496884 0.982 0.99131685 0.9738958 0.9962078 0.9898184 0.6812419 0.98237044 0.98683035 0.680994 0.6892207 0.68397504 0.682483 0.9898184 0.68149 0.682483 0.9894442 0.98794943 0.9713354 0.9939465 0.9831119
0.99847597 0.17086585 0 0.98683035 0.98051995 0.97609735 0.9943229 0.99923354 0.98869646 0.9790429 0.97978103 0.98496884 0.9658782 0.98794943 0.98907024 0.68173814 0.99658537 0.99923354 0.67975533 0.6795078 0.67555916 0.6837262 0.99999183 0.68223464 0.67629796 0.9808897 1.001891 0.9924427 0.9946995 0.9808897
0.7175742 0.9872032 0.98683035 0 0.17199698 0.44348466 0.93568236 0.91643286 0.93116945 0.85270303 0.8486616 0.8751683 0.44511214 0.45019814 0.44874147 0.9872032 0.94232726 0.9419761 0.98348296 0.9950763 0.98237044 0.9860852 0.86274505 0.9842255 0.9857129 0.36990303 0.31756908 0.93255514 0.4461991 0.4558696
0.718095 0.9764649 0.98051995 0.17199698 0 0.44204095 0.936379 0.9222244 0.931862 0.8406434 0.83636117 0.86813504 0.44024023 0.44819596 0.4463804 0.9950763 0.9402225 0.9440858 0.99056727 0.98683035 0.9738958 0.9838541 0.8542633 0.9831119 0.97206604 0.3635436 0.31345698 0.93847305 0.44511214 0.45275414
0.721751 0.9857129 0.97609735 0.44348466 0.44204095 0 0.94267863 0.90799636 0.9133848 0.83240664 0.828171 0.8907466 0.15841123 0.15977116 0.15940003 0.9831119 0.94232726 0.9522284 0.98051995 0.9962078 0.98237044 0.9768326 0.86148244 0.97499573 0.9695119 0.44674316 0.43916187 0.92771643 0.27008206 0.24139464
0.9249654 0.9779369 0.9943229 0.93568236 0.936379 0.94267863 0 0.46659726 0.46808907 0.9232511 0.908332 0.9465546 0.9353342 0.91711193 0.93777436 0.9980974 0.13734141 0.13782194 1.0083846 1.0049399 1.0030329 1.0037951 0.9346385 1.0022715 0.9783054 0.9536536 0.9346385 0.46010533 0.93324894 0.928061
0.93116945 0.97170067 0.99923354 0.91643286 0.9222244 0.90799636 0.46659726 0 0.12118365 0.92771643 0.9100125 0.91983426 0.9096761 0.903313 0.91983426 0.9655158 0.46846247 0.46678358 0.96479154 0.9827411 0.9831119 0.9695119 0.92771643 0.9662408 0.9727974 0.9150766 0.9123715 0.2623809 0.92085767 0.9259958
0.9256522 0.9680563 0.98869646 0.93116945 0.931862 0.9133848 0.46808907 0.12118365 0 0.9256522 0.9086678 0.9374253 0.90933985 0.910349 0.9263396 0.97170067 0.4731459 0.46939683 0.9768326 0.9816297 0.982 0.9783054 0.9256522 0.97426224 0.9572284 0.927372 0.91915274 0.2643699 0.9218825 0.9339434
0.8542633 0.98496884 0.9790429 0.85270303 0.8406434 0.83240664 0.9232511 0.92771643 0.9256522 0 0.11369879 0.73149997 0.8381934 0.8366663 0.84217876 0.9853408 0.91813165 0.9205164 0.990942 0.9845971 0.98869646 0.9958304 0.55991095 0.9943229 0.9962078 0.8502134 0.8542633 0.9335961 0.8400302 0.84340924
0.8505242 0.982 0.97978103 0.8486616 0.83636117 0.828171 0.908332 0.9100125 0.9086678 0.11369879 0 0.7312348 0.83180004 0.82998335 0.83911127 0.990942 0.9043141 0.9100125 0.9872032 0.9857129 0.98757625 0.99545324 0.54902 0.99357027 0.9920673 0.8455675 0.84156424 0.9205164 0.8381934 0.84310144
0.8662283 0.99131685 0.98496884 0.8751683 0.86813504 0.8907466 0.9465546 0.91983426 0.9374253 0.73149997 0.7312348 0 0.8884545 0.8927168 0.8855178 1.0060863 0.9402225 0.95080596 1.0030329 1.0215429 1.0133885 0.9969631 0.7262145 0.9962078 1.0103053 0.8713238 0.86148244 0.9342909 0.88194406 0.8953518
0.71992075 0.9738958 0.9658782 0.44511214 0.44024023 0.15841123 0.9353342 0.9096761 0.90933985 0.8381934 0.83180004 0.8884545 0 0.12177156 0.12036134 0.9958304 0.9266836 0.9353342 0.9860852 1.0003713 0.98645765 0.98794943 0.870685 0.9860852 0.97867405 0.44565544 0.4400604 0.93082345 0.27482754 0.24637805
0.7207046 0.9962078 0.98794943 0.45019814 0.44819596 0.15977116 0.91711193 0.903313 0.910349 0.8366663 0.82998335 0.8927168 0.12177156 0 0.10272439 0.99169195 0.91439945 0.92154074 0.990942 1.0011308 0.9872032 0.9894442 0.8624292 0.98645765 0.97426224 0.4471061 0.44276246 0.91779155 0.27425072 0.24679483
0.7227989 0.9898184 0.98907024 0.44874147 0.4463804 0.15940003 0.93777436 0.91983426 0.9263396 0.84217876 0.83911127 0.8855178 0.12036134 0.10272439 0 1.0087683 0.9353342 0.9430302 0.99961257 1.0180373 1.0060863 0.9969631 0.87581104 0.9950763 0.97609735 0.44656178 0.44240162 0.92909575 0.2743949 0.23987852
0.990942 0.6812419 0.68173814 0.9872032 0.9950763 0.9831119 0.9980974 0.9655158 0.97170067 0.9853408 0.990942 1.0060863 0.9958304 0.99169195 1.0087683 0 0.98348296 0.9857129 0.07293404 0.26309067 0.26110503 0.07304426 0.99357027 0.07205285 0.37598658 0.9962078 0.99999183 0.97024083 0.9946995 0.99281836
0.9297863 0.98237044 0.99658537 0.94232726 0.9402225 0.94232726 0.13734141 0.46846247 0.4731459 0.91813165 0.9043141 0.9402225 0.9266836 0.91439945 0.9353342 0.98348296 0 0.05712102 0.9931942 0.98869646 0.98645765 0.990942 0.92085767 0.98645765 0.98051995 0.94162506 0.9297863 0.46399376 0.929441 0.9342909
0.93324894 0.98683035 0.99923354 0.9419761 0.9440858 0.9522284 0.13782194 0.46678358 0.46939683 0.9205164 0.9100125 0.95080596 0.9353342 0.92154074 0.9430302 0.9857129 0.05712102 0 0.9969631 0.99281836 0.990942 0.99357027 0.9297863 0.98869646 0.9827411 0.9483231 0.9395222 0.4617693 0.94127417 0.9476152
0.9838541 0.680994 0.67975533 0.98348296 0.99056727 0.98051995 1.0083846 0.96479154 0.9768326 0.990942 0.9872032 1.0030329 0.9860852 0.990942 0.99961257 0.07293404 0.9931942 0.9969631 0 0.26294866 0.2609634 0.048323896 0.9924427 0.04736461 0.3751616 0.9860852 0.99847597 0.9709704 0.9939465 0.9898184
0.9860852 0.6892207 0.6795078 0.9950763 0.98683035 0.9962078 1.0049399 0.9827411 0.9816297 0.9845971 0.9857129 1.0215429 1.0003713 1.0011308 1.0180373 0.26309067 0.98869646 0.99281836 0.26294866 0 0.023979284 0.2616718 0.9950763 0.2608218 0.37483186 0.9857129 0.99056727 0.9775687 0.99545324 0.98869646
0.9838541 0.68397504 0.67555916 0.98237044 0.9738958 0.98237044 1.0030329 0.9831119 0.982 0.98869646 0.98757625 1.0133885 0.98645765 0.9872032 1.0060863 0.26110503 0.98645765 0.990942 0.2609634 0.023979284 0 0.25983134 0.9853408 0.25870097 0.3736789 0.97352946 0.97720057 0.97573 0.9901927 0.9816297
0.9842255 0.682483 0.6837262 0.9860852 0.9838541 0.9768326 1.0037951 0.9695119 0.9783054 0.9958304 0.99545324 0.9969631 0.98794943 0.9894442 0.9969631 0.07304426 0.990942 0.99357027 0.048323896 0.2616718 0.25983134 0 0.98869646 0.005520266 0.3728564 0.9920673 0.99056727 0.97609735 0.9857129 0.9924427
0.87484723 0.9898184 0.99999183 0.86274505 0.8542633 0.86148244 0.9346385 0.92771643 0.9256522 0.55991095 0.54902 0.7262145 0.870685 0.8624292 0.87581104 0.99357027 0.92085767 0.9297863 0.9924427 0.9950763 0.9853408 0.98869646 0 0.9853408 0.9644296 0.88162 0.8636934 0.91779155 0.8668633 0.8787099
0.9845971 0.68149 0.68223464 0.9842255 0.9831119 0.97499573 1.0022715 0.9662408 0.97426224 0.9943229 0.99357027 0.9962078 0.9860852 0.98645765 0.9950763 0.07205285 0.98645765 0.98869646 0.04736461 0.2608218 0.25870097 0.005520266 0.9853408 0 0.37219912 0.9901927 0.98645765 0.97206604 0.9842255 0.9894442
0.9943229 0.682483 0.67629796 0.9857129 0.97206604 0.9695119 0.9783054 0.9727974 0.9572284 0.9962078 0.9920673 1.0103053 0.97867405 0.97426224 0.97609735 0.37598658 0.98051995 0.9827411 0.3751616 0.37483186 0.3736789 0.3728564 0.9644296 0.37219912 0 0.97170067 0.9962078 0.96479154 0.98051995 0.97867405
0.70466954 0.9894442 0.9808897 0.36990303 0.3635436 0.44674316 0.9536536 0.9150766 0.927372 0.8502134 0.8455675 0.8713238 0.44565544 0.4471061 0.44656178 0.9962078 0.94162506 0.9483231 0.9860852 0.9857129 0.97352946 0.9920673 0.88162 0.9901927 0.97170067 0 0.36403087 0.94232726 0.44024023 0.44601783
0.7082605 0.98794943 1.001891 0.31756908 0.31345698 0.43916187 0.9346385 0.9123715 0.91915274 0.8542633 0.84156424 0.86148244 0.4400604 0.44276246 0.44240162 0.99999183 0.9297863 0.9395222 0.99847597 0.99056727 0.97720057 0.99056727 0.8636934 0.98645765 0.9962078 0.36403087 0 0.9402225 0.43826443 0.4458366
0.9374253 0.9713354 0.9924427 0.93255514 0.93847305 0.92771643 0.46010533 0.2623809 0.2643699 0.9335961 0.9205164 0.9342909 0.93082345 0.91779155 0.92909575 0.97024083 0.46399376 0.4617693 0.9709704 0.9775687 0.97573 0.97609735 0.91779155 0.97206604 0.96479154 0.94232726 0.9402225 0 0.93777436 0.93987226
0.70928967 0.9939465 0.9946995 0.4461991 0.44511214 0.27008206 0.93324894 0.92085767 0.9218825 0.8400302 0.8381934 0.88194406 0.27482754 0.27425072 0.2743949 0.9946995 0.929441 0.94127417 0.9939465 0.99545324 0.9901927 0.9857129 0.8668633 0.9842255 0.98051995 0.44024023 0.43826443 0.93777436 0 0.27482754
0.7173139 0.9831119 0.9808897 0.4558696 0.45275414 0.24139464 0.928061 0.9259958 0.9339434 0.84340924 0.84310144 0.8953518 0.24637805 0.24679483 0.23987852 0.99281836 0.9342909 0.9476152 0.9898184 0.98869646 0.9816297 0.9924427 0.8787099 0.9894442 0.97867405 0.44601783 0.4458366 0.93987226 0.27482754 0
