0 1.0049399 1.0095364 0.99658537 0.97243166 0.98348296 0.9801504 0.9980974 0.9962078 0.9842255 0.97867405 0.9746289 0.9950763 0.99131685 0.9857129 0.9687838 0.97316337 0.9842255 0.9853408 0.99281836 0.99847597 0.98496884 0.99999183 0.98832285 1.0064689 0.9980974 0.5168664 0.5044204 1.005704 1.0095364
1.0049399 0 0.624192 0.6390486 0.6269553 0.19459637 0.6315835 0.6364741 0.63228023 0.3463679 0.6262635 0.41878742 0.63414127 0.34970793 0.37203488 0.36924827 0.37055832 0.3712142 0.37055832 0.34763852 0.34557483 0.19628336 0.3856234 0.19615345 0.6071484 0.24707282 1.0219333 1.0022715 0.6171003 0.6109778
1.0095364 0.624192 0 0.15434618 0.23603305 0.6212099 0.23220722 0.23726694 0.23138992 0.6205234 0.2290791 0.6093986 0.23343483 0.6228142 0.60804766 0.59910303 0.5997702 0.6017752 0.6015522 0.62603307 0.62787867 0.6109778 0.61596274 0.610752 0.60984945 0.61960906 0.9943229 0.9898184 0.6193806 0.62534213
0.99658537 0.6390486 0.15434618 0 0.23452772 0.6332101 0.2289434 0.23247984 0.22812964 0.6297288 0.22313097 0.61687267 0.2274522 0.6304238 0.61256033 0.59954774 0.6013292 0.60894805 0.6093986 0.632745 0.6339084 0.624192 0.6198375 0.6235028 0.6130131 0.6276477 0.99545324 0.9946995 0.624192 0.62534213
0.97243166 0.6269553 0.23603305 0.23452772 0 0.61687267 0.15594494 0.15977116 0.18878588 0.618924 0.18621783 0.60244477 0.19291314 0.61778367 0.60692376 0.59092313 0.5971051 0.59954774 0.5982144 0.624192 0.6258027 0.6116556 0.6118817 0.6121078 0.6171003 0.617328 0.9980974 0.99281836 0.61482686 0.6202947
0.98348296 0.19459637 0.6212099 0.6332101 0.61687267 0 0.62488186 0.6374092 0.6221262 0.34304264 0.6155082 0.4120016 0.62396216 0.34525782 0.36386842 0.35595062 0.35917228 0.3609501 0.3601415 0.3487521 0.34732068 0.1042167 0.37780476 0.10467647 0.6058015 0.24388221 1.001891 1.0015109 0.6019983 0.603562
0.9801504 0.6315835 0.23220722 0.2289434 0.15594494 0.62488186 0 0.102609724 0.18750076 0.62880313 0.18532108 0.6049049 0.19162093 0.6258027 0.60872287 0.5979924 0.6011063 0.60244477 0.6028915 0.6318157 0.6315835 0.6193806 0.6184676 0.6175558 0.61664504 0.6184676 0.9857129 0.98907024 0.62258476 0.62465185
0.9980974 0.6364741 0.23726694 0.23247984 0.15977116 0.6374092 0.102609724 0 0.19200836 0.6367077 0.18904316 0.614373 0.19589372 0.6353068 0.6157354 0.6075979 0.6109778 0.61052626 0.6082727 0.6395176 0.6406915 0.6283408 0.6232732 0.627186 0.6255724 0.6285719 1.0022715 0.99847597 0.62396216 0.62396216
0.9962078 0.63228023 0.23138992 0.22812964 0.18878588 0.6221262 0.18750076 0.19200836 0 0.62649405 0.08874989 0.6040094 0.095079996 0.62741685 0.6093986 0.59865856 0.6011063 0.60535306 0.60423315 0.63297755 0.6332101 0.618924 0.62143886 0.6175558 0.6198375 0.6180116 0.98645765 0.9939465 0.6180116 0.62488186
0.9842255 0.3463679 0.6205234 0.6297288 0.618924 0.34304264 0.62880313 0.6367077 0.62649405 0 0.6186958 0.41529983 0.6285719 0.09044022 0.35997987 0.354345 0.35804313 0.35949522 0.35804313 0.09258679 0.09224745 0.34209526 0.3749967 0.3411491 0.6109778 0.34430766 1.0172604 0.9958304 0.609624 0.60222155
0.97867405 0.6262635 0.2290791 0.22313097 0.18621783 0.6155082 0.18532108 0.18904316 0.08874989 0.6186958 0 0.6026681 0.07326475 0.6175558 0.6040094 0.58982456 0.5911431 0.6011063 0.6002153 0.624192 0.6255724 0.6103006 0.61687267 0.60894805 0.6157354 0.60984945 0.982 0.98348296 0.61596274 0.6186958
0.9746289 0.41878742 0.6093986 0.61687267 0.60244477 0.4120016 0.6049049 0.614373 0.6040094 0.41529983 0.6026681 0 0.6093986 0.41373572 0.40562007 0.3967422 0.3970817 0.40544835 0.4049334 0.41983685 0.41913706 0.40733945 0.42440146 0.40665123 0.5999927 0.4130416 0.9931942 0.9698763 0.59533364 0.5933457
0.9950763 0.63414127 0.23343483 0.2274522 0.19291314 0.62396216 0.19162093 0.19589372 0.095079996 0.6285719 0.07326475 0.6093986 0 0.6258027 0.61664504 0.60512894 0.6071484 0.61346614 0.61052626 0.63251257 0.6336756 0.62189704 0.620981 0.61960906 0.62304366 0.61915225 0.9920673 0.9977191 0.6198375 0.624192
0.99131685 0.34970793 0.6228142 0.6304238 0.61778367 0.34525782 0.6258027 0.6353068 0.62741685 0.09044022 0.6175558 0.41373572 0.6258027 0 0.3672875 0.35466585 0.35852686 0.3654946 0.36386842 0.06307988 0.06286237 0.3450994 0.3753265 0.34383303 0.6118817 0.3481156 1.0270288 1.0072346 0.6103006 0.6033384
0.9857129 0.37203488 0.60804766 0.61256033 0.60692376 0.36386842 0.60872287 0.6157354 0.6093986 0.35997987 0.6040094 0.40562007 0.61664504 0.3672875 0 0.14131509 0.14119436 0.04005058 0.04047264 0.36826724 0.36810386 0.3632189 0.28382534 0.3632189 0.5933457 0.36924827 1.0072346 0.99056727 0.6002153 0.5975486
0.9687838 0.36924827 0.59910303 0.59954774 0.59092313 0.35595062 0.5979924 0.6075979 0.59865856 0.354345 0.58982456 0.3967422 0.60512894 0.35466585 0.14131509 0 0.04047264 0.13890429 0.13722132 0.35965672 0.35965672 0.3551474 0.27482754 0.3551474 0.58916616 0.35836557 0.98683035 0.97720057 0.58828926 0.5828315
0.97316337 0.37055832 0.5997702 0.6013292 0.5971051 0.35917228 0.6011063 0.6109778 0.6011063 0.35804313 0.5911431 0.3970817 0.6071484 0.35852686 0.14119436 0.04047264 0 0.13854334 0.13710125 0.36208364 0.3619216 0.35739866 0.27526045 0.35723764 0.58938557 0.3628944 0.99169195 0.9790429 0.58785117 0.5828315
0.9842255 0.3712142 0.6017752 0.60894805 0.59954774 0.3609501 0.60244477 0.61052626 0.60535306 0.35949522 0.6011063 0.40544835 0.61346614 0.3654946 0.04005058 0.13890429 0.13854334 0 0.034061898 0.36761394 0.36663502 0.36257 0.28178412 0.36159766 0.5907033 0.36468107 0.99885464 0.98832285 0.591363 0.58916616
0.9853408 0.37055832 0.6015522 0.6093986 0.5982144 0.3601415 0.6028915 0.6082727 0.60423315 0.35804313 0.6002153 0.4049334 0.61052626 0.36386842 0.04047264 0.13722132 0.13710125 0.034061898 0 0.36468107 0.36386842 0.36111194 0.27873266 0.35997987 0.58588296 0.36630902 1.0003713 0.98645765 0.5920233 0.5847917
0.99281836 0.34763852 0.62603307 0.632745 0.624192 0.3487521 0.6318157 0.6395176 0.63297755 0.09258679 0.624192 0.41983685 0.63251257 0.06307988 0.36826724 0.35965672 0.36208364 0.36761394 0.36468107 0 0.012808756 0.3463679 0.37797028 0.34605056 0.6182396 0.34922987 1.018426 0.99847597 0.614373 0.60804766
0.99847597 0.34557483 0.62787867 0.6339084 0.6258027 0.34732068 0.6315835 0.6406915 0.6332101 0.09224745 0.6255724 0.41913706 0.6336756 0.06286237 0.36810386 0.35965672 0.3619216 0.36663502 0.36386842 0.012808756 0 0.34589195 0.37797028 0.34557483 0.61687267 0.3484338 1.0203725 1.001891 0.61391944 0.60647464
0.98496884 0.19628336 0.6109778 0.624192 0.6116556 0.1042167 0.6193806 0.6283408 0.618924 0.34209526 0.6103006 0.40733945 0.62189704 0.3450994 0.3632189 0.3551474 0.35739866 0.36257 0.36111194 0.3463679 0.34589195 0 0.3768125 0.0056210114 0.6008834 0.24415912 0.9939465 0.9801504 0.6019983 0.5966618
0.99999183 0.3856234 0.61596274 0.6198375 0.6118817 0.37780476 0.6184676 0.6232732 0.62143886 0.3749967 0.61687267 0.42440146 0.620981 0.3753265 0.28382534 0.27482754 0.27526045 0.28178412 0.27873266 0.37797028 0.37797028 0.3768125 0 0.376482 0.609624 0.37797028 1.018426 1.01146 0.60894805 0.5999927
0.98832285 0.19615345 0.610752 0.6235028 0.6121078 0.10467647 0.6175558 0.627186 0.6175558 0.3411491 0.60894805 0.40665123 0.61960906 0.34383303 0.3632189 0.3551474 0.35723764 0.36159766 0.35997987 0.34605056 0.34557483 0.0056210114 0.376482 0 0.6008834 0.24402064 0.9962078 0.9842255 0.60222155 0.5968834
1.0064689 0.6071484 0.60984945 0.6130131 0.6171003 0.6058015 0.61664504 0.6255724 0.6198375 0.6109778 0.6157354 0.5999927 0.62304366 0.6118817 0.5933457 0.58916616 0.58938557 0.5907033 0.58588296 0.6182396 0.61687267 0.6008834 0.609624 0.6008834 0 0.60804766 1.033348 1.0211525 0.27353033 0.27209163
0.9980974 0.24707282 0.61960906 0.6276477 0.617328 0.24388221 0.6184676 0.6285719 0.6180116 0.34430766 0.60984945 0.4130416 0.61915225 0.3481156 0.36924827 0.35836557 0.3628944 0.36468107 0.36630902 0.34922987 0.3484338 0.24415912 0.37797028 0.24402064 0.60804766 0 1.000751 1.001891 0.604457 0.5926842
0.5168664 1.0219333 0.9943229 0.99545324 0.9980974 1.001891 0.9857129 1.0022715 0.98645765 1.0172604 0.982 0.9931942 0.9920673 1.0270288 1.0072346 0.98683035 0.99169195 0.99885464 1.0003713 1.018426 1.0203725 0.9939465 1.018426 0.9962078 1.033348 1.000751 0 0.23138992 1.0301816 1.0234975
0.5044204 1.0022715 0.9898184 0.9946995 0.99281836 1.0015109 0.98907024 0.99847597 0.9939465 0.9958304 0.98348296 0.9698763 0.9977191 1.0072346 0.99056727 0.97720057 0.9790429 0.98832285 0.98645765 0.99847597 1.001891 0.9801504 1.01146 0.9842255 1.0211525 1.001891 0.23138992 0 1.0149349 1.0219333
1.005704 0.6171003 0.6193806 0.624192 0.61482686 0.6019983 0.62258476 0.62396216 0.6180116 0.609624 0.61596274 0.59533364 0.6198375 0.6103006 0.6002153 0.58828926 0.58785117 0.591363 0.5920233 0.614373 0.61391944 0.6019983 0.60894805 0.60222155 0.27353033 0.604457 1.0301816 1.0149349 0 0.21270114
1.0095364 0.6109778 0.62534213 0.62534213 0.6202947 0.603562 0.62465185 0.62396216 0.62488186 0.60222155 0.6186958 0.5933457 0.624192 0.6033384 0.5975486 0.5828315 0.5828315 0.58916616 0.5847917 0.60804766 0.60647464 0.5966618 0.5999927 0.5968834 0.27209163 0.5926842 1.0234975 1.0219333 0.21270114 0
