0 0.78167397 0.97316337 0.9853408 0.96406794 1.0157093 0.9901927 0.98237044 0.9746289 0.96769285 0.9651536 0.7023701 0.9764649 0.99169195 0.99169195 0.793967 0.7902292 0.96334505 0.9511613 0.76429653 0.7693002 0.9713354 0.9557965 0.97352946 0.9651536 0.98683035 0.9738958 0.9753628 0.7631891 0.7659607
0.78167397 0 0.9655158 0.9695119 0.96479154 1.0149349 0.99131685 0.98051995 0.9557965 0.98125964 0.98237044 0.8000446 0.98496884 1.0149349 1.001891 0.46380812 0.46121424 0.97499573 0.9706055 0.5533992 0.5536084 0.98496884 0.9680563 0.9872032 0.9666036 1.0172604 0.9698763 0.96190137 0.4454743 0.22326563
0.97316337 0.9655158 0 0.21722966 0.9764649 1.0011308 0.9920673 0.68149 0.68796843 0.9901927 0.98051995 0.9808897 1.0126165 1.0099207 1.0068517 0.97426224 0.97499573 0.98757625 0.98496884 0.9604604 0.96479154 1.0034139 0.6892207 1.002652 0.3751616 1.0037951 0.9713354 0.96406794 0.95794547 0.96190137
0.9853408 0.9695119 0.21722966 0 1.0011308 1.0003713 1.0034139 0.6955138 0.6962725 0.99357027 0.9860852 0.99131685 1.014548 1.0149349 1.0091523 0.98832285 1.0003713 0.99847597 0.9894442 0.98125964 0.9827411 1.0080011 0.6907262 1.0091523 0.3866274 1.0110749 0.97573 0.97609735 0.9827411 0.9768326
0.96406794 0.96479154 0.9764649 1.0011308 0 0.97609735 0.9698763 0.9827411 0.9779369 0.20320067 0.20110568 0.9860852 0.9637064 0.96334505 0.97024083 0.98645765 0.9931942 0.20556453 0.19966878 0.9790429 0.97978103 0.9593815 0.98051995 0.9637064 0.97352946 0.9651536 0.34907058 0.25083572 0.94514287 0.9626228
1.0157093 1.0149349 1.0011308 1.0003713 0.97609735 0 0.3856234 1.0045581 0.9931942 0.98645765 0.9779369 0.99885464 0.3812881 0.1846812 0.18314771 1.0110749 1.0011308 0.9894442 0.9680563 0.98683035 0.9894442 0.3812881 1.0172604 0.3801252 0.9853408 0.36810386 0.9608204 0.95794547 0.9768326 0.99999183
0.9901927 0.99131685 0.9920673 1.0034139 0.9698763 0.3856234 0 1.0103053 0.9980974 0.9753628 0.97316337 0.97978103 0.17074028 0.3816207 0.3781358 0.99658537 1.0064689 0.9857129 0.9658782 0.9727974 0.9775687 0.17149405 1.0041765 0.17048919 0.98757625 0.3749967 0.97978103 0.96841997 0.9669665 0.9827411
0.98237044 0.98051995 0.68149 0.6955138 0.9827411 1.0045581 1.0103053 0 0.12850654 0.990942 0.9898184 0.96406794 1.0286036 0.9980974 0.9939465 0.9775687 0.9857129 0.99056727 0.98125964 0.9479691 0.9543672 1.0215429 0.6374092 1.0195932 0.6892207 1.0045581 0.9980974 0.9842255 0.97206604 0.9662408
0.9746289 0.9557965 0.68796843 0.6962725 0.9779369 0.9931942 0.9980974 0.12850654 0 0.9894442 0.9924427 0.9572284 1.0122308 0.99545324 0.9931942 0.97316337 0.98125964 0.9924427 0.9801504 0.93812364 0.94267863 1.0118452 0.62787867 1.0091523 0.6907262 0.9894442 0.9838541 0.9808897 0.94620144 0.9511613
0.96769285 0.98125964 0.9901927 0.99357027 0.20320067 0.98645765 0.9753628 0.990942 0.9894442 0 0.10755644 0.98348296 0.9651536 0.9727974 0.9808897 1.0064689 1.0068517 0.10928974 0.10605747 0.99169195 0.99281836 0.9611805 0.97720057 0.9637064 0.97316337 0.9651536 0.34970793 0.24568392 0.9611805 0.9808897
0.9651536 0.98237044 0.98051995 0.9860852 0.20110568 0.9779369 0.97316337 0.9898184 0.9924427 0.10755644 0 0.99281836 0.9687838 0.9568702 0.9655158 1.0087683 1.0103053 0.10651837 0.102609724 0.99545324 0.99545324 0.9662408 0.9842255 0.96769285 0.97426224 0.9662408 0.3439912 0.24902159 0.96841997 0.98348296
0.7023701 0.8000446 0.9808897 0.99131685 0.9860852 0.99885464 0.97978103 0.96406794 0.9572284 0.98348296 0.99281836 0 0.9666036 0.99169195 0.9808897 0.7853693 0.78994244 0.99847597 0.97609735 0.78508437 0.78508437 0.9698763 0.9662408 0.97170067 0.95794547 0.9943229 0.9924427 0.97720057 0.76042765 0.7830931
0.9764649 0.98496884 1.0126165 1.014548 0.9637064 0.3812881 0.17074028 1.0286036 1.0122308 0.9651536 0.9687838 0.9666036 0 0.37351432 0.3733498 0.9924427 0.9980974 0.97609735 0.9536536 0.9662408 0.9666036 0.09371904 1.0137748 0.09303948 0.99131685 0.37450224 0.9611805 0.9608204 0.9669665 0.97609735
0.99169195 1.0149349 1.0099207 1.0149349 0.96334505 0.1846812 0.3816207 0.9980974 0.99545324 0.9727974 0.9568702 0.99169195 0.37351432 0 0.07713387 1.0180373 1.0095364 0.97426224 0.9536536 0.9943229 0.9980974 0.37417278 1.0149349 0.3733498 0.98125964 0.36078832 0.95615417 0.94373375 0.990942 1.0022715
0.99169195 1.001891 1.0068517 1.0091523 0.97024083 0.18314771 0.3781358 0.9939465 0.9931942 0.9808897 0.9655158 0.9808897 0.3733498 0.07713387 0 1.0118452 1.0022715 0.9838541 0.9669665 0.97499573 0.97426224 0.3736789 1.0083846 0.37351432 0.98051995 0.36111194 0.95615417 0.953297 0.97867405 0.99923354
0.793967 0.46380812 0.97426224 0.98832285 0.98645765 1.0110749 0.99658537 0.9775687 0.97316337 1.0064689 1.0087683 0.7853693 0.9924427 1.0180373 1.0118452 0 0.053998034 1.000751 0.99056727 0.56223524 0.56117785 0.9931942 0.9801504 0.99281836 0.96406794 1.0176488 1.0045581 1.0045581 0.2625228 0.45348603
0.7902292 0.46121424 0.97499573 1.0003713 0.9931942 1.0011308 1.0064689 0.9857129 0.98125964 1.0068517 1.0103053 0.78994244 0.9980974 1.0095364 1.0022715 0.053998034 0 1.0037951 0.9962078 0.5592783 0.5584356 0.9958304 0.97941184 0.99658537 0.95615417 1.0180373 1.0076177 1.0011308 0.26181358 0.458445
0.96334505 0.97499573 0.98757625 0.99847597 0.20556453 0.9894442 0.9857129 0.99056727 0.9924427 0.10928974 0.10651837 0.99847597 0.97609735 0.97426224 0.9838541 1.000751 1.0037951 0 0.04661935 0.9980974 0.9958304 0.9687838 0.97720057 0.9709704 0.9658782 0.9680563 0.3477975 0.2493004 0.97170067 0.97499573
0.9511613 0.9706055 0.98496884 0.9894442 0.19966878 0.9680563 0.9658782 0.98125964 0.9801504 0.10605747 0.102609724 0.97609735 0.9536536 0.9536536 0.9669665 0.99056727 0.9962078 0.04661935 0 0.9924427 0.99131685 0.94903165 0.97316337 0.95080596 0.9709704 0.9511613 0.34589195 0.24637805 0.9575869 0.9691478
0.76429653 0.5533992 0.9604604 0.98125964 0.9790429 0.98683035 0.9727974 0.9479691 0.93812364 0.99169195 0.99545324 0.78508437 0.9662408 0.9943229 0.97499573 0.56223524 0.5592783 0.9980974 0.9924427 0 0.021814186 0.9738958 0.946908 0.97206604 0.9536536 0.99131685 0.97243166 0.9790429 0.54177755 0.5391052
0.7693002 0.5536084 0.96479154 0.9827411 0.97978103 0.9894442 0.9775687 0.9543672 0.94267863 0.99281836 0.99545324 0.78508437 0.9666036 0.9980974 0.97426224 0.56117785 0.5584356 0.9958304 0.99131685 0.021814186 0 0.9753628 0.9522284 0.9727974 0.9590223 0.99357027 0.9768326 0.9783054 0.5428079 0.5397211
0.9713354 0.98496884 1.0034139 1.0080011 0.9593815 0.3812881 0.17149405 1.0215429 1.0118452 0.9611805 0.9662408 0.9698763 0.09371904 0.37417278 0.3736789 0.9931942 0.9958304 0.9687838 0.94903165 0.9738958 0.9753628 0 1.002652 0.00966197 0.9920673 0.37269205 0.9565121 0.9590223 0.9680563 0.9706055
0.9557965 0.9680563 0.6892207 0.6907262 0.98051995 1.0172604 1.0041765 0.6374092 0.62787867 0.97720057 0.9842255 0.9662408 1.0137748 1.0149349 1.0083846 0.9801504 0.97941184 0.97720057 0.97316337 0.946908 0.9522284 1.002652 0 1.0037951 0.684224 1.0072346 0.9808897 0.9706055 0.9644296 0.9575869
0.97352946 0.9872032 1.002652 1.0091523 0.9637064 0.3801252 0.17048919 1.0195932 1.0091523 0.9637064 0.96769285 0.97170067 0.09303948 0.3733498 0.37351432 0.99281836 0.99658537 0.9709704 0.95080596 0.97206604 0.9727974 0.00966197 1.0037951 0 0.9901927 0.37072223 0.9593815 0.9626228 0.96769285 0.97243166
0.9651536 0.9666036 0.3751616 0.3866274 0.97352946 0.9853408 0.98757625 0.6892207 0.6907262 0.97316337 0.97426224 0.95794547 0.99131685 0.98125964 0.98051995 0.96406794 0.95615417 0.9658782 0.9709704 0.9536536 0.9590223 0.9920673 0.684224 0.9901927 0 0.98348296 0.9816297 0.96769285 0.9511613 0.9568702
0.98683035 1.0172604 1.0037951 1.0110749 0.9651536 0.36810386 0.3749967 1.0045581 0.9894442 0.9651536 0.9662408 0.9943229 0.37450224 0.36078832 0.36111194 1.0176488 1.0180373 0.9680563 0.9511613 0.99131685 0.99357027 0.37269205 1.0072346 0.37072223 0.98348296 0 0.9608204 0.9583042 0.9931942 0.99281836
0.9738958 0.9698763 0.9713354 0.97573 0.34907058 0.9608204 0.97978103 0.9980974 0.9838541 0.34970793 0.3439912 0.9924427 0.9611805 0.95615417 0.95615417 1.0045581 1.0076177 0.3477975 0.34589195 0.97243166 0.9768326 0.9565121 0.9808897 0.9593815 0.9816297 0.9608204 0 0.35194293 0.9706055 0.97352946
0.9753628 0.96190137 0.96406794 0.97609735 0.25083572 0.95794547 0.96841997 0.9842255 0.9808897 0.24568392 0.24902159 0.97720057 0.9608204 0.94373375 0.953297 1.0045581 1.0011308 0.2493004 0.24637805 0.9790429 0.9783054 0.9590223 0.9706055 0.9626228 0.96769285 0.9583042 0.35194293 0 0.96298385 0.9783054
0.7631891 0.4454743 0.95794547 0.9827411 0.94514287 0.9768326 0.9669665 0.97206604 0.94620144 0.9611805 0.96841997 0.76042765 0.9669665 0.990942 0.97867405 0.2625228 0.26181358 0.97170067 0.9575869 0.54177755 0.5428079 0.9680563 0.9644296 0.96769285 0.9511613 0.9931942 0.9706055 0.96298385 0 0.44096002
0.7659607 0.22326563 0.96190137 0.9768326 0.9626228 0.99999183 0.9827411 0.9662408 0.9511613 0.9808897 0.98348296 0.7830931 0.97609735 1.0022715 0.99923354 0.45348603 0.458445 0.97499573 0.9691478 0.5391052 0.5397211 0.9706055 0.9575869 0.97243166 0.9568702 0.99281836 0.97352946 0.9783054 0.44096002 0
