0 1.0037951 0.9687838 0.87356406 0.87774235 1.0172604 1.0266355 1.0160967 1.0099207 0.946908 0.9402225 0.9430302 0.9838541 0.8242593 1.01146 0.83149695 0.81977093 1.0053219 1.0072346 1.0164845 1.0215429 0.9801504 0.9433819 0.9775687 0.8221614 0.81768554 0.864643 0.99056727 1.002652 0.9943229
1.0037951 0 0.98645765 0.9775687 0.9872032 0.675067 0.6847222 0.6677236 0.6772841 0.97573 0.9698763 0.9860852 0.6669932 0.98496884 0.68571955 0.9958304 0.99545324 0.697032 0.6947558 0.67876583 0.6694307 0.66602045 0.990942 0.66577744 0.9801504 1.01069 0.9746289 0.40133873 0.4049334 0.37631682
0.9687838 0.98645765 0 0.9522284 0.944438 1.0207624 1.0203725 1.000751 1.0091523 0.35098425 0.34986734 0.9775687 0.98757625 0.9565121 1.0095364 0.97609735 0.96769285 1.0157093 1.0215429 0.99281836 0.99169195 0.98869646 0.9391723 0.9857129 0.9374253 0.9644296 0.928061 1.0064689 0.990942 0.9946995
0.87356406 0.9775687 0.9522284 0 0.34162202 0.99545324 1.0149349 0.9894442 1.005704 0.91983426 0.9263396 0.9256522 1.0099207 0.8684533 1.030972 0.8774201 0.86274505 1.0301816 1.0289978 1.0003713 0.99923354 1.0011308 0.92119914 0.9980974 0.8754896 0.88454145 0.47785875 0.9946995 0.9894442 0.98237044
0.87774235 0.9872032 0.944438 0.34162202 0 0.99056727 1.0011308 1.0003713 1.001891 0.9184719 0.92771643 0.91949344 1.0076177 0.8787099 1.0160967 0.8858435 0.8713238 1.0083846 1.0130024 0.9901927 0.990942 1.0083846 0.9205164 1.0041765 0.8838912 0.8851922 0.48051092 0.9962078 0.9980974 0.9845971
1.0172604 0.675067 1.0207624 0.99545324 0.99056727 0 0.29827154 0.28939393 0.29116106 1.0103053 0.9920673 1.000751 0.49507448 0.9901927 0.37154236 1.0072346 1.0076177 0.37631682 0.3753265 0.49488103 0.49294904 0.49546158 1.001891 0.49740008 0.9898184 1.0022715 0.9931942 0.67531306 0.6807461 0.69122875
1.0266355 0.6847222 1.0203725 1.0149349 1.0011308 0.29827154 0 0.27079913 0.2768499 1.0037951 0.9924427 1.0118452 0.5055969 1.0122308 0.38295257 1.0317632 1.0195932 0.3866274 0.3856234 0.5032458 0.5030502 0.502073 1.01146 0.50363714 1.019204 1.0345387 1.0053219 0.67261124 0.6827315 0.69804585
1.0160967 0.6677236 1.000751 0.9894442 1.0003713 0.28939393 0.27079913 0 0.18891452 0.9768326 0.97978103 0.99169195 0.49449423 0.99357027 0.37187067 1.0160967 1.0015109 0.37105018 0.3702306 0.497206 0.4935281 0.49817687 1.0091523 0.49934357 0.99923354 1.0045581 0.99169195 0.6484856 0.6677236 0.6767909
1.0099207 0.6772841 1.0091523 1.005704 1.001891 0.29116106 0.2768499 0.18891452 0 0.98757625 0.982 0.9980974 0.5010971 0.99961257 0.3685941 1.0258498 1.0091523 0.37187067 0.3700668 0.49778837 0.49876 0.5003172 1.0076177 0.5018777 1.0238891 1.01069 0.99131685 0.67285645 0.68149 0.6937464
0.946908 0.97573 0.35098425 0.91983426 0.9184719 1.0103053 1.0037951 0.9768326 0.98757625 0 0.19200836 0.93987226 0.9939465 0.9540103 0.9962078 0.9709704 0.96334505 1.0030329 1.0041765 0.9901927 0.9924427 0.9943229 0.9304776 0.9950763 0.9346385 0.94903165 0.9069903 0.9838541 0.97316337 0.97206604
0.9402225 0.9698763 0.34986734 0.9263396 0.92771643 0.9920673 0.9924427 0.97978103 0.982 0.19200836 0 0.9568702 0.9738958 0.95615417 0.9779369 0.9775687 0.96769285 0.9901927 0.99357027 0.9860852 0.9831119 0.9768326 0.9339434 0.9779369 0.9342909 0.9322085 0.91983426 0.97941184 0.9713354 0.9669665
0.9430302 0.9860852 0.9775687 0.9256522 0.91949344 1.000751 1.0118452 0.99169195 0.9980974 0.93987226 0.9568702 0 1.0072346 0.9419761 0.9831119 0.9604604 0.9568702 0.9894442 0.9958304 0.9920673 0.99734104 0.9950763 0.776869 0.9939465 0.932902 0.92909575 0.9253087 0.99885464 0.98348296 1.0080011
0.9838541 0.6669932 0.98757625 1.0099207 1.0076177 0.49507448 0.5055969 0.49449423 0.5010971 0.9939465 0.9738958 1.0072346 0 1.0095364 0.5083492 1.0341415 1.0305767 0.5146783 0.51190275 0.43952116 0.43826443 0.1561912 0.9950763 0.15520664 1.0188149 1.0080011 0.9924427 0.6682109 0.6677236 0.68198633
0.8242593 0.98496884 0.9565121 0.8684533 0.8787099 0.9901927 1.0122308 0.99357027 0.99961257 0.9540103 0.95615417 0.9419761 1.0095364 0 0.98237044 0.15115887 0.14518856 0.98794943 0.99545324 1.0045581 1.0060863 0.9842255 0.93812364 0.9827411 0.6807461 0.6837262 0.86972773 1.0041765 0.99961257 1.0003713
1.01146 0.68571955 1.0095364 1.030972 1.0160967 0.37154236 0.38295257 0.37187067 0.3685941 0.9962078 0.9779369 0.9831119 0.5083492 0.98237044 0 1.005704 0.9950763 0.10283908 0.10180752 0.5083492 0.50363714 0.5001224 0.99131685 0.50129217 1.0060863 1.0080011 1.0091523 0.67531306 0.6849714 0.69399863
0.83149695 0.9958304 0.97609735 0.8774201 0.8858435 1.0072346 1.0317632 1.0160967 1.0258498 0.9709704 0.9775687 0.9604604 1.0341415 0.15115887 1.005704 0 0.087625116 1.0064689 1.0168724 1.0337447 1.0445362 1.0049399 0.9465546 1.0053219 0.6760516 0.6894714 0.88616943 1.0219333 1.0053219 1.0068517
0.81977093 0.99545324 0.96769285 0.86274505 0.8713238 1.0076177 1.0195932 1.0015109 1.0091523 0.96334505 0.96769285 0.9568702 1.0305767 0.14518856 0.9950763 0.087625116 0 0.9962078 1.0034139 1.019204 1.0282096 0.9939465 0.93082345 0.9924427 0.6775309 0.6827315 0.8694089 1.0103053 0.98832285 1.0034139
1.0053219 0.697032 1.0157093 1.0301816 1.0083846 0.37631682 0.3866274 0.37105018 0.37187067 1.0030329 0.9901927 0.9894442 0.5146783 0.98794943 0.10283908 1.0064689 0.9962078 0 0.045024846 0.51289284 0.5107164 0.5061858 0.9969631 0.5091374 1.0141612 1.0219333 1.0126165 0.6945033 0.69855326 0.70390224
1.0072346 0.6947558 1.0215429 1.0289978 1.0130024 0.3753265 0.3856234 0.3702306 0.3700668 1.0041765 0.99357027 0.9958304 0.51190275 0.99545324 0.10180752 1.0168724 1.0034139 0.045024846 0 0.51229864 0.5089403 0.50422454 1.0022715 0.50540066 1.0231062 1.0242808 1.0149349 0.6932422 0.6982995 0.7049255
1.0164845 0.67876583 0.99281836 1.0003713 0.9901927 0.49488103 0.5032458 0.497206 0.49778837 0.9901927 0.9860852 0.9920673 0.43952116 1.0045581 0.5083492 1.0337447 1.019204 0.51289284 0.51229864 0 0.03983964 0.43343666 1.0095364 0.43379322 1.0095364 0.99885464 0.9842255 0.6669932 0.67285645 0.6812419
1.0215429 0.6694307 0.99169195 0.99923354 0.990942 0.49294904 0.5030502 0.4935281 0.49876 0.9924427 0.9831119 0.99734104 0.43826443 1.0060863 0.50363714 1.0445362 1.0282096 0.5107164 0.5089403 0.03983964 0 0.43397155 1.0164845 0.4345068 1.0087683 0.9962078 0.9816297 0.6619002 0.662142 0.67531306
0.9801504 0.66602045 0.98869646 1.0011308 1.0083846 0.49546158 0.502073 0.49817687 0.5003172 0.9943229 0.9768326 0.9950763 0.1561912 0.9842255 0.5001224 1.0049399 0.9939465 0.5061858 0.50422454 0.43343666 0.43397155 0 1.0076177 0.022638248 1.014548 0.99923354 1.0030329 0.6602102 0.6672366 0.67654437
0.9433819 0.990942 0.9391723 0.92119914 0.9205164 1.001891 1.01146 1.0091523 1.0076177 0.9304776 0.9339434 0.776869 0.9950763 0.93812364 0.99131685 0.9465546 0.93082345 0.9969631 1.0022715 1.0095364 1.0164845 1.0076177 0 1.0045581 0.93987226 0.93812364 0.9232511 0.99923354 0.9920673 0.9950763
0.9775687 0.66577744 0.9857129 0.9980974 1.0041765 0.49740008 0.50363714 0.49934357 0.5018777 0.9950763 0.9779369 0.9939465 0.15520664 0.9827411 0.50129217 1.0053219 0.9924427 0.5091374 0.50540066 0.43379322 0.4345068 0.022638248 1.0045581 0 1.0207624 1.0015109 1.0053219 0.6602102 0.66383636 0.67876583
0.8221614 0.9801504 0.9374253 0.8754896 0.8838912 0.9898184 1.019204 0.99923354 1.0238891 0.9346385 0.9342909 0.932902 1.0188149 0.6807461 1.0060863 0.6760516 0.6775309 1.0141612 1.0231062 1.0095364 1.0087683 1.014548 0.93987226 1.0207624 0 0.54673624 0.8774201 0.9898184 0.9946995 1.0030329
0.81768554 1.01069 0.9644296 0.88454145 0.8851922 1.0022715 1.0345387 1.0045581 1.01069 0.94903165 0.9322085 0.92909575 1.0080011 0.6837262 1.0080011 0.6894714 0.6827315 1.0219333 1.0242808 0.99885464 0.9962078 0.99923354 0.93812364 1.0015109 0.54673624 0 0.88226825 1.0072346 1.0231062 1.019204
0.864643 0.9746289 0.928061 0.47785875 0.48051092 0.9931942 1.0053219 0.99169195 0.99131685 0.9069903 0.91983426 0.9253087 0.9924427 0.86972773 1.0091523 0.88616943 0.8694089 1.0126165 1.0149349 0.9842255 0.9816297 1.0030329 0.9232511 1.0053219 0.8774201 0.88226825 0 0.9568702 0.98237044 0.9808897
0.99056727 0.40133873 1.0064689 0.9946995 0.9962078 0.67531306 0.67261124 0.6484856 0.67285645 0.9838541 0.97941184 0.99885464 0.6682109 1.0041765 0.67531306 1.0219333 1.0103053 0.6945033 0.6932422 0.6669932 0.6619002 0.6602102 0.99923354 0.6602102 0.9898184 1.0072346 0.9568702 0 0.39878163 0.40304834
1.002652 0.4049334 0.990942 0.9894442 0.9980974 0.6807461 0.6827315 0.6677236 0.68149 0.97316337 0.9713354 0.98348296 0.6677236 0.99961257 0.6849714 1.0053219 0.98832285 0.69855326 0.6982995 0.67285645 0.662142 0.6672366 0.9920673 0.66383636 0.9946995 1.0231062 0.98237044 0.39878163 0 0.40768382
0.9943229 0.37631682 0.9946995 0.98237044 0.9845971 0.69122875 0.69804585 0.6767909 0.6937464 0.97206604 0.9669665 1.0080011 0.68198633 1.0003713 0.69399863 1.0068517 1.0034139 0.70390224 0.7049255 0.6812419 0.67531306 0.67654437 0.9950763 0.67876583 1.0030329 1.019204 0.9808897 0.40304834 0.40768382 0
