0 1.0072346 0.6336756 0.99961257 0.9946995 0.6306556 0.62373245 0.9977191 0.98237044 0.9924427 0.98907024 0.63811135 0.6297288 0.6315835 0.6130131 0.6075979 0.9790429 0.98125964 0.6367077 0.98496884 0.9950763 0.63857985 0.65110177 0.64045656 0.99169195 0.9969631 0.9931942 0.6255724 1.0068517 1.0133885
1.0072346 0 0.99961257 0.38112187 0.38112187 1.002652 1.0118452 0.31756908 0.31027418 0.38278595 0.31741637 0.99885464 0.98348296 0.98832285 1.000751 0.98869646 0.30695426 0.30997178 0.9857129 0.38964754 0.39234236 0.9946995 0.9969631 0.99885464 0.383953 0.38696238 0.39048862 0.9920673 0.39487758 0.22528848
0.6336756 0.99961257 0 0.9962078 1.0022715 0.4675293 0.45899805 0.9753628 0.97720057 0.98907024 0.97206604 0.6430448 0.6367077 0.6369415 0.64991146 0.63460726 0.9608204 0.9611805 0.21389721 0.99885464 1.0060863 0.21429633 0.4647367 0.21309961 0.9687838 0.97170067 1.0080011 0.6371753 0.99169195 0.99357027
0.99961257 0.38112187 0.9962078 0 0.17338179 0.98683035 0.9943229 0.3911622 0.38278595 0.21270114 0.3866274 1.0034139 0.9969631 0.9901927 0.99847597 0.9857129 0.3832859 0.38612524 0.99131685 0.21602827 0.21709608 0.9950763 0.99734104 1.0022715 0.34907058 0.34668535 0.33221948 0.9969631 0.22989386 0.38378617
0.9946995 0.38112187 1.0022715 0.17338179 0 0.99885464 1.0087683 0.38378617 0.38078952 0.21005002 0.3856234 0.9920673 0.99131685 0.9901927 0.99734104 0.98683035 0.38245285 0.38195345 0.99357027 0.21363124 0.21496198 0.9943229 1.0034139 0.99999183 0.34922987 0.34859294 0.32647946 0.99923354 0.22935058 0.38295257
0.6306556 1.002652 0.4675293 0.98683035 0.99885464 0 0.15940003 0.98757625 0.98051995 0.9857129 0.97720057 0.65492344 0.6542054 0.66093403 0.63857985 0.6318157 0.9768326 0.97426224 0.46417943 0.9860852 0.9838541 0.46362254 0.3632189 0.4604748 0.9687838 0.9901927 0.9943229 0.6539662 0.9943229 0.9958304
0.62373245 1.0118452 0.45899805 0.9943229 1.0087683 0.15940003 0 0.9853408 0.97941184 1.005704 0.9783054 0.6444604 0.64116156 0.6418672 0.63297755 0.6221262 0.98125964 0.97978103 0.46121424 0.99734104 1.0034139 0.4606596 0.356433 0.45936695 0.9738958 0.98683035 1.0034139 0.627186 1.0083846 1.0060863
0.9977191 0.31756908 0.9753628 0.3911622 0.38378617 0.98757625 0.9853408 0 0.15545265 0.38512188 0.17577977 0.9673296 0.96190137 0.9687838 0.99885464 0.9775687 0.17074028 0.17350781 0.96841997 0.3856234 0.3888074 0.97170067 0.982 0.9753628 0.38478774 0.385289 0.39776123 0.9764649 0.3974214 0.31756908
0.98237044 0.31027418 0.97720057 0.38278595 0.38078952 0.98051995 0.97941184 0.15545265 0 0.38311923 0.17338179 0.9816297 0.95866317 0.95794547 0.9939465 0.97243166 0.1638658 0.16986184 0.9764649 0.3842868 0.38595793 0.97867405 0.9706055 0.9808897 0.37995923 0.38195345 0.39284873 0.9746289 0.38931137 0.3116366
0.9924427 0.38278595 0.98907024 0.21270114 0.21005002 0.9857129 1.005704 0.38512188 0.38311923 0 0.38595793 0.9845971 0.97867405 0.9764649 0.99658537 0.97941184 0.37863266 0.38245285 0.9738958 0.12910022 0.13219498 0.97499573 0.982 0.98051995 0.35114396 0.34922987 0.33690602 0.9931942 0.23138992 0.38579065
0.98907024 0.31741637 0.97206604 0.3866274 0.3856234 0.97720057 0.9783054 0.17577977 0.17338179 0.38595793 0 0.9764649 0.9615409 0.9615409 1.0022715 0.98907024 0.11067928 0.11218751 0.9706055 0.38545617 0.38763276 0.9698763 0.9673296 0.9746289 0.3812881 0.3749967 0.39521626 0.97316337 0.39487758 0.31345698
0.63811135 0.99885464 0.6430448 1.0034139 0.9920673 0.65492344 0.6444604 0.9673296 0.9816297 0.9845971 0.9764649 0 0.4458366 0.45918247 0.45807657 0.44601783 0.9801504 0.9816297 0.6508636 0.9857129 0.9980974 0.65348804 0.65348804 0.65444463 0.9669665 0.97720057 0.9931942 0.4540354 1.000751 1.002652
0.6297288 0.98348296 0.6367077 0.9969631 0.99131685 0.6542054 0.64116156 0.96190137 0.95866317 0.97867405 0.9615409 0.4458366 0 0.10778731 0.3947083 0.39217365 0.9655158 0.9662408 0.6470625 0.9924427 1.0034139 0.6477737 0.63297755 0.6489606 0.96334505 0.96406794 0.97867405 0.27209163 0.9753628 0.98051995
0.6315835 0.98832285 0.6369415 0.9901927 0.9901927 0.66093403 0.6418672 0.9687838 0.95794547 0.9764649 0.9615409 0.45918247 0.10778731 0 0.40304834 0.3970817 0.9695119 0.9687838 0.6568416 0.9872032 0.9958304 0.65852404 0.6418672 0.65972805 0.9709704 0.9709704 0.9831119 0.27931294 0.9727974 0.9709704
0.6130131 1.000751 0.64991146 0.99847597 0.99734104 0.63857985 0.63297755 0.99885464 0.9939465 0.99658537 1.0022715 0.45807657 0.3947083 0.40304834 0 0.099977136 0.9939465 0.9943229 0.6578025 0.9920673 1.0095364 0.6568416 0.64729947 0.6570817 0.9727974 0.97867405 0.9901927 0.40544835 0.9977191 1.0022715
0.6075979 0.98869646 0.63460726 0.9857129 0.98683035 0.6318157 0.6221262 0.9775687 0.97243166 0.97941184 0.98907024 0.44601783 0.39217365 0.3970817 0.099977136 0 0.9808897 0.9801504 0.6390486 0.9831119 1.0030329 0.64116156 0.63554007 0.6418672 0.9644296 0.97206604 0.9783054 0.39538565 0.98794943 0.98237044
0.9790429 0.30695426 0.9608204 0.3832859 0.38245285 0.9768326 0.98125964 0.17074028 0.1638658 0.37863266 0.11067928 0.9801504 0.9655158 0.9695119 0.9939465 0.9808897 0 0.0589578 0.9695119 0.38195345 0.3836194 0.97243166 0.96406794 0.9753628 0.37483186 0.3749967 0.39032033 0.9709704 0.3926799 0.30605137
0.98125964 0.30997178 0.9611805 0.38612524 0.38195345 0.97426224 0.97978103 0.17350781 0.16986184 0.38245285 0.11218751 0.9816297 0.9662408 0.9687838 0.9943229 0.9801504 0.0589578 0 0.9626228 0.383953 0.3866274 0.9695119 0.9575869 0.97170067 0.38029122 0.38078952 0.39099374 0.97170067 0.3970817 0.3081598
0.6367077 0.9857129 0.21389721 0.99131685 0.99357027 0.46417943 0.46121424 0.96841997 0.9764649 0.9738958 0.9706055 0.6508636 0.6470625 0.6568416 0.6578025 0.6390486 0.9695119 0.9626228 0 0.9860852 0.99169195 0.0575528 0.47766966 0.057660785 0.96334505 0.97170067 0.98683035 0.6465887 0.9753628 0.9898184
0.98496884 0.38964754 0.99885464 0.21602827 0.21363124 0.9860852 0.99734104 0.3856234 0.3842868 0.12910022 0.38545617 0.9857129 0.9924427 0.9872032 0.9920673 0.9831119 0.38195345 0.383953 0.9860852 0 0.05099503 0.9901927 0.9977191 0.9958304 0.3487521 0.34907058 0.33910313 0.9958304 0.22975801 0.38763276
0.9950763 0.39234236 1.0060863 0.21709608 0.21496198 0.9838541 1.0034139 0.3888074 0.38595793 0.13219498 0.38763276 0.9980974 1.0034139 0.9958304 1.0095364 1.0030329 0.3836194 0.3866274 0.99169195 0.05099503 0 0.99658537 0.99847597 1.001891 0.34986734 0.34716177 0.34083396 1.0068517 0.23207094 0.39133066
0.63857985 0.9946995 0.21429633 0.9950763 0.9943229 0.46362254 0.4606596 0.97170067 0.97867405 0.97499573 0.9698763 0.65348804 0.6477737 0.65852404 0.6568416 0.64116156 0.97243166 0.9695119 0.0575528 0.9901927 0.99658537 0 0.4771027 0.017400295 0.9637064 0.9644296 0.9898184 0.64516914 0.9816297 0.99357027
0.65110177 0.9969631 0.4647367 0.99734104 1.0034139 0.3632189 0.356433 0.982 0.9706055 0.982 0.9673296 0.65348804 0.63297755 0.6418672 0.64729947 0.63554007 0.96406794 0.9575869 0.47766966 0.9977191 0.99847597 0.4771027 0 0.47502747 0.9713354 0.97499573 1.0049399 0.64872307 1.0103053 1.0003713
0.64045656 0.99885464 0.21309961 1.0022715 0.99999183 0.4604748 0.45936695 0.9753628 0.9808897 0.98051995 0.9746289 0.65444463 0.6489606 0.65972805 0.6570817 0.6418672 0.9753628 0.97170067 0.057660785 0.9958304 1.001891 0.017400295 0.47502747 0 0.96841997 0.9662408 0.9950763 0.64729947 0.9872032 0.99545324
0.99169195 0.383953 0.9687838 0.34907058 0.34922987 0.9687838 0.9738958 0.38478774 0.37995923 0.35114396 0.3812881 0.9669665 0.96334505 0.9709704 0.9727974 0.9644296 0.37483186 0.38029122 0.96334505 0.3487521 0.34986734 0.9637064 0.9713354 0.96841997 0 0.33113015 0.35562924 0.9655158 0.354345 0.38629258
0.9969631 0.38696238 0.97170067 0.34668535 0.34859294 0.9901927 0.98683035 0.385289 0.38195345 0.34922987 0.3749967 0.97720057 0.96406794 0.9709704 0.97867405 0.97206604 0.3749967 0.38078952 0.97170067 0.34907058 0.34716177 0.9644296 0.97499573 0.9662408 0.33113015 0 0.35386395 0.9651536 0.35498682 0.38345262
0.9931942 0.39048862 1.0080011 0.33221948 0.32647946 0.9943229 1.0034139 0.39776123 0.39284873 0.33690602 0.39521626 0.9931942 0.97867405 0.9831119 0.9901927 0.9783054 0.39032033 0.39099374 0.98683035 0.33910313 0.34083396 0.9898184 1.0049399 0.9950763 0.35562924 0.35386395 0 0.990942 0.33362237 0.39133066
0.6255724 0.9920673 0.6371753 0.9969631 0.99923354 0.6539662 0.627186 0.9764649 0.9746289 0.9931942 0.97316337 0.4540354 0.27209163 0.27931294 0.40544835 0.39538565 0.9709704 0.97170067 0.6465887 0.9958304 1.0068517 0.64516914 0.64872307 0.64729947 0.9655158 0.9651536 0.990942 0 0.9860852 0.9853408
1.0068517 0.39487758 0.99169195 0.22989386 0.22935058 0.9943229 1.0083846 0.3974214 0.38931137 0.23138992 0.39487758 1.000751 0.9753628 0.9727974 0.9977191 0.98794943 0.3926799 0.3970817 0.9753628 0.22975801 0.23207094 0.9816297 1.0103053 0.9872032 0.354345 0.35498682 0.33362237 0.9860852 0 0.39335543
1.0133885 0.22528848 0.99357027 0.38378617 0.38295257 0.9958304 1.0060863 0.31756908 0.3116366 0.38579065 0.31345698 1.002652 0.98051995 0.9709704 1.0022715 0.98237044 0.30605137 0.3081598 0.9898184 0.38763276 0.39133066 0.99357027 1.0003713 0.99545324 0.38629258 0.38345262 0.39133066 0.9853408 0.39335543 0
