0 0.9653939584 0.9733960184 0.9785330584 0.9650322984 1.0013356584 0.9941585584 0.9770617084 0.9822239984 0.9994403284 0.9668425584 0.9877947084 0.9911570584 0.9945346284 0.9726650284 0.4386908284 0.9814843084 0.9803761984 0.9837054584 0.4370792584 0.4377950884 0.9796384084 0.9785330584 0.9807453884 0.9733960184 0.4462575584 0.9373433584 0.9524812284 0.9967947584 0.9733960184
0.9653939584 0 0.6203449584 0.6274584084 1.0147391584 1.0055224584 1.0047594584 0.9919063584 0.9949108584 0.9994403284 0.2075818784 1.0105007584 1.0009561884 0.9949108584 0.2067919984 0.9556886084 1.0370937584 1.0264216584 1.0240705584 0.9535488084 0.9546179584 0.1999809184 1.0005769284 0.1998505284 0.2687563584 0.9693843284 0.6121680584 0.6221742584 1.0066683584 1.0116543584
0.9733960184 0.6203449584 0 0.1788962184 0.9833347984 1.0089654584 1.0108850584 0.9998189984 0.9986834584 0.9945346284 0.6094620984 0.9994403284 1.0043782584 0.9960406584 0.6108138084 0.9489334584 0.9926563084 0.9904085584 0.9941585584 0.9546179584 0.9564032584 0.6090120184 0.9983053984 0.6087871584 0.6092370584 0.9596275284 0.5766519584 0.5923273584 1.0024752584 1.0135808584
0.9785330584 0.6274584084 0.1788962184 0 0.9941585584 1.0024752584 1.0059042584 1.0101166584 1.0051408584 1.0135808584 0.6228613984 0.9986834584 1.0116543584 1.0147391584 0.6201166084 0.9408366184 1.0020951584 1.0005769284 1.0059042584 0.9418878084 0.9443462584 0.6205734184 1.0066683584 0.6198883584 0.6114906184 0.9539049984 0.5866289584 0.5965191584 1.0143528584 1.0170610584
0.9650322984 1.0147391584 0.9833347984 0.9941585584 0 0.9109768584 0.9204577984 0.9225050984 0.9180762884 0.9163798284 1.0055224584 0.9026118084 0.9096321584 0.9160409584 1.0093489584 0.9499960084 0.1732129284 0.1680720584 0.1691975284 0.9524812284 0.9507051584 1.0043782584 0.9103042084 1.0032358584 1.0101166584 0.9643094084 0.9863051584 0.9840762584 0.9002862084 0.9039439584
1.0013356584 1.0055224584 1.0089654584 1.0024752584 0.9109768584 0 0.1663246884 0.5524836584 0.5610863084 0.5464578584 0.9986834584 0.5499843584 0.5520665184 0.5472861084 1.0047594584 0.9855614584 0.9079546584 0.8986294984 0.8996231084 0.9755932584 0.9774292584 1.0059042584 0.3370872584 1.0059042584 0.9967947584 1.0108850584 0.9789012584 0.9811147584 0.2807127984 0.2846436984
0.9941585584 1.0047594584 1.0108850584 1.0059042584 0.9204577984 0.1663246884 0 0.5606643584 0.5672313084 0.5415073184 1.0074332584 0.5547819884 0.5522750184 0.5435660584 1.0081989584 0.9777969584 0.9207986184 0.9173972184 0.9177366584 0.9697481584 0.9704762584 1.0124243584 0.3361485784 1.0128095584 1.0009561884 0.9945346284 0.9896608184 0.9855614584 0.2839141984 0.2858123884
0.9770617084 0.9919063584 0.9998189984 1.0101166584 0.9225050984 0.5524836584 0.5606643584 0 0.1596226684 0.4433659784 0.9818540584 0.4430053084 0.4471634584 0.4435463584 0.9964175984 0.9881675584 0.9342132984 0.9259297584 0.9310962584 0.9781649284 0.9803761984 0.9971721584 0.5625649584 0.9960406584 1.0024752584 0.9922812084 0.9789012584 0.9759600884 0.5606643584 0.5581377584
0.9822239984 0.9949108584 0.9986834584 1.0051408584 0.9180762884 0.5610863084 0.5672313084 0.1596226684 0 0.4528046384 0.9919063584 0.4451719084 0.4537184984 0.4511624984 1.0066683584 1.0009561884 0.9259297584 0.9231887584 0.9269601584 0.9937827184 0.9952872584 1.0005769284 0.5727837284 1.0020951584 1.0108850584 0.9971721584 0.9971721584 0.9877947084 0.5646824584 0.5655310884
0.9994403284 0.9994403284 0.9945346284 1.0135808584 0.9163798284 0.5464578584 0.5415073184 0.4433659784 0.4528046384 0 0.9848184584 0.3738207584 0.1414347884 0.1391469084 1.0001978984 0.9807453884 0.9324799884 0.9310962584 0.9328263584 0.9737617584 0.9759600884 0.9990617584 0.5600319084 0.9983053984 0.9975497284 0.9952872584 0.9889137884 1.0017153584 0.5531097584 0.5535274884
0.9668425584 0.2075818784 0.6094620984 0.6228613984 1.0055224584 0.9986834584 1.0074332584 0.9818540584 0.9919063584 0.9848184584 0 0.9874220084 0.9877947084 0.9818540584 0.1450614784 0.9585512584 1.0155123584 1.0070506584 1.0078160584 0.9564032584 0.9571185284 0.1419173284 0.9915316284 0.1415553884 0.2743506884 0.9690206584 0.6103629584 0.6198883584 0.9949108584 1.0020951584
0.9877947084 1.0105007584 0.9994403284 0.9986834584 0.9026118084 0.5499843584 0.5547819884 0.4430053084 0.4451719084 0.3738207584 0.9874220084 0 0.3753018584 0.3695584584 1.0066683584 0.9911570584 0.9197765584 0.9119869584 0.9146872584 0.9777969584 0.9796384084 1.0028553584 0.5612973584 1.0028553584 0.9796384084 0.9952872584 0.9998189984 0.9975497284 0.5468718584 0.5520665184
0.9911570584 1.0009561884 1.0043782584 1.0116543584 0.9096321584 0.5520665184 0.5522750184 0.4471634584 0.4537184984 0.1414347884 0.9877947084 0.3753018584 0 0.1248562284 1.0051408584 0.9907827584 0.9242154584 0.9225050984 0.9252435584 0.9803761984 0.9818540584 1.0001978984 0.5638347584 1.0001978984 0.9964175984 0.9900345984 0.9979274584 0.9911570584 0.5585582584 0.5549913184
0.9945346284 0.9949108584 0.9960406584 1.0147391584 0.9160409584 0.5472861084 0.5435660584 0.4435463584 0.4511624984 0.1391469084 0.9818540584 0.3695584584 0.1248562284 0 0.9990617584 0.9855614584 0.9335194984 0.9269601584 0.9297150584 0.9748601584 0.9774292584 0.9915316284 0.5606643584 0.9915316284 0.9956638584 0.9904085584 0.9885406084 0.9829643584 0.5556195584 0.5529009584
0.9726650284 0.2067919984 0.6108138084 0.6201166084 1.0093489584 1.0047594584 1.0081989584 0.9964175984 1.0066683584 1.0001978984 0.1450614784 1.0066683584 1.0051408584 0.9990617584 0 0.9697481584 1.0244618584 1.0155123584 1.0128095584 0.9701121584 0.9715698584 0.0645883084000001 1.0074332584 0.0642618234000001 0.2694712384 0.9759600884 0.6130721584 0.6217165184 0.9990617584 1.0120392584
0.4386908284 0.9556886084 0.9489334584 0.9408366184 0.9499960084 0.9855614584 0.9777969584 0.9881675584 1.0009561884 0.9807453884 0.9585512584 0.9911570584 0.9907827584 0.9855614584 0.9697481584 0 0.9625052584 0.9628657284 0.9607053584 0.0535666454000001 0.0537812084000001 0.9722997584 0.9822239984 0.9712051884 0.9510600584 0.2600889984 0.9099680884 0.9380407584 0.9825940584 0.9679308584
0.9814843084 1.0370937584 0.9926563084 1.0020951584 0.1732129284 0.9079546584 0.9207986184 0.9342132984 0.9259297584 0.9324799884 1.0155123584 0.9197765584 0.9242154584 0.9335194984 1.0244618584 0.9625052584 0 0.0479030164000001 0.0480094814000001 0.9625052584 0.9617847584 1.0236794584 0.9262730584 1.0221168584 1.0268141584 0.9870495584 0.9975497284 0.9915316284 0.9136734584 0.9218220284
0.9803761984 1.0264216584 0.9904085584 1.0005769284 0.1680720584 0.8986294984 0.9173972184 0.9259297584 0.9231887584 0.9310962584 1.0070506584 0.9119869584 0.9225050984 0.9269601584 1.0155123584 0.9628657284 0.0479030164000001 0 0.0119443404000001 0.9643094084 0.9628657284 1.0147391584 0.9184160584 1.0135808584 1.0193903584 0.9896608184 0.9915316284 0.9796384084 0.9103042084 0.9140112584
0.9837054584 1.0240705584 0.9941585584 1.0059042584 0.1691975284 0.8996231084 0.9177366584 0.9310962584 0.9269601584 0.9328263584 1.0078160584 0.9146872584 0.9252435584 0.9297150584 1.0128095584 0.9607053584 0.0480094814000001 0.0119443404000001 0 0.9632263884 0.9621448584 1.0124243584 0.9197765584 1.0112696584 1.0209471584 0.9907827584 0.9930316584 0.9818540584 0.9092963584 0.9133358584
0.4370792584 0.9535488084 0.9546179584 0.9418878084 0.9524812284 0.9755932584 0.9697481584 0.9781649284 0.9937827184 0.9737617584 0.9564032584 0.9777969584 0.9803761984 0.9748601584 0.9701121584 0.0535666454000001 0.9625052584 0.9643094084 0.9632263884 0 0.00366923000000009 0.9712051884 0.9741277284 0.9701121584 0.9553315584 0.2610785584 0.9173972184 0.9425894184 0.9777969584 0.9621448584
0.4377950884 0.9546179584 0.9564032584 0.9443462584 0.9507051584 0.9774292584 0.9704762584 0.9803761984 0.9952872584 0.9759600884 0.9571185284 0.9796384084 0.9818540584 0.9774292584 0.9715698584 0.0537812084000001 0.9617847584 0.9628657284 0.9621448584 0.00366923000000009 0 0.9730303984 0.9777969584 0.9719347584 0.9553315584 0.2615030284 0.9184160584 0.9450501584 0.9807453884 0.9639482084
0.9796384084 0.1999809184 0.6090120184 0.6205734184 1.0043782584 1.0059042584 1.0124243584 0.9971721584 1.0005769284 0.9990617584 0.1419173284 1.0028553584 1.0001978984 0.9915316284 0.0645883084000001 0.9722997584 1.0236794584 1.0147391584 1.0124243584 0.9712051884 0.9730303984 0 1.0043782584 0.00206516590000009 0.2641970384 0.9741277284 0.6171544584 0.6240080184 0.9983053984 1.0051408584
0.9785330584 1.0005769284 0.9983053984 1.0066683584 0.9103042084 0.3370872584 0.3361485784 0.5625649584 0.5727837284 0.5600319084 0.9915316284 0.5612973584 0.5638347584 0.5606643584 1.0074332584 0.9822239984 0.9262730584 0.9184160584 0.9197765584 0.9741277284 0.9777969584 1.0043782584 0 1.0051408584 0.9979274584 0.9930316584 0.9803761984 0.9971721584 0.3388112084 0.3378703784
0.9807453884 0.1998505284 0.6087871584 0.6198883584 1.0032358584 1.0059042584 1.0128095584 0.9960406584 1.0020951584 0.9983053984 0.1415553884 1.0028553584 1.0001978984 0.9915316284 0.0642618234000001 0.9712051884 1.0221168584 1.0135808584 1.0112696584 0.9701121584 0.9719347584 0.00206516590000009 1.0051408584 0 0.2641970384 0.9733960184 0.6173818584 0.6242375584 0.9990617584 1.0047594584
0.9733960184 0.2687563584 0.6092370584 0.6114906184 1.0101166584 0.9967947584 1.0009561884 1.0024752584 1.0108850584 0.9975497284 0.2743506884 0.9796384084 0.9964175984 0.9956638584 0.2694712384 0.9510600584 1.0268141584 1.0193903584 1.0209471584 0.9553315584 0.9553315584 0.2641970384 0.9979274584 0.2641970384 0 0.9818540584 0.6135246884 0.6212590584 0.9956638584 1.0108850584
0.4462575584 0.9693843284 0.9596275284 0.9539049984 0.9643094084 1.0108850584 0.9945346284 0.9922812084 0.9971721584 0.9952872584 0.9690206584 0.9952872584 0.9900345984 0.9904085584 0.9759600884 0.2600889984 0.9870495584 0.9896608184 0.9907827584 0.2610785584 0.2615030284 0.9741277284 0.9930316584 0.9733960184 0.9818540584 0 0.9204577984 0.9450501584 0.9983053984 0.9807453884
0.9373433584 0.6121680584 0.5766519584 0.5866289584 0.9863051584 0.9789012584 0.9896608184 0.9789012584 0.9971721584 0.9889137884 0.6103629584 0.9998189984 0.9979274584 0.9885406084 0.6130721584 0.9099680884 0.9975497284 0.9915316284 0.9930316584 0.9173972184 0.9184160584 0.6171544584 0.9803761984 0.6173818584 0.6135246884 0.9204577984 0 0.1942656084 0.9763271584 0.9896608184
0.9524812284 0.6221742584 0.5923273584 0.5965191584 0.9840762584 0.9811147584 0.9855614584 0.9759600884 0.9877947084 1.0017153584 0.6198883584 0.9975497284 0.9911570584 0.9829643584 0.6217165184 0.9380407584 0.9915316284 0.9796384084 0.9818540584 0.9425894184 0.9450501584 0.6240080184 0.9971721584 0.6242375584 0.6212590584 0.9450501584 0.1942656084 0 0.9792697584 0.9889137884
0.9967947584 1.0066683584 1.0024752584 1.0143528584 0.9002862084 0.2807127984 0.2839141984 0.5606643584 0.5646824584 0.5531097584 0.9949108584 0.5468718584 0.5585582584 0.5556195584 0.9990617584 0.9825940584 0.9136734584 0.9103042084 0.9092963584 0.9777969584 0.9807453884 0.9983053984 0.3388112084 0.9990617584 0.9956638584 0.9983053984 0.9763271584 0.9792697584 0 0.2003721784
0.9733960184 1.0116543584 1.0135808584 1.0170610584 0.9039439584 0.2846436984 0.2858123884 0.5581377584 0.5655310884 0.5535274884 1.0020951584 0.5520665184 0.5549913184 0.5529009584 1.0120392584 0.9679308584 0.9218220284 0.9140112584 0.9133358584 0.9621448584 0.9639482084 1.0051408584 0.3378703784 1.0047594584 1.0108850584 0.9807453884 0.9896608184 0.9889137884 0.2003721784 0
