0 0.9842255 0.76540554 0.9845971 0.9920673 0.9958304 0.9962078 0.99658537 1.000751 1.0207624 1.0015109 1.0195932 0.99923354 1.0037951 0.99923354 1.0211525 1.0278157 1.0254573 1.0258498 0.98757625 0.9860852 0.75822586 0.8026644 0.75822586 1.0168724 1.0149349 0.99357027 0.9931942 0.9920673 1.0168724
0.9842255 0 1.0030329 0.8263631 0.6442242 0.64682555 0.3551474 0.356433 0.6437523 0.66286767 0.8203678 0.71316165 0.82156307 0.57827747 0.58239657 0.64635193 0.6489606 0.7853693 0.7845149 0.8275679 0.82907665 0.9872032 1.0172604 0.98907024 0.85363877 0.8605368 0.6060258 0.6439882 0.93777436 0.97206604
0.76540554 1.0030329 0 0.98645765 1.0282096 1.0329514 0.98683035 0.9939465 0.9931942 1.0110749 0.9950763 1.0215429 0.9962078 0.9980974 0.99658537 1.0215429 1.0219333 1.0034139 0.99923354 0.99847597 0.9962078 0.1859615 0.7293813 0.18583338 1.030972 1.0262426 0.9977191 1.005704 1.014548 1.018426
0.9845971 0.8263631 0.98645765 0 0.82998335 0.8345334 0.8257614 0.8203678 0.84156424 0.83788776 0.46659726 0.8514572 0.4662248 0.81709075 0.82395923 0.8446418 0.85114604 0.831194 0.8284728 0.17212276 0.17224857 0.97867405 1.01146 0.9808897 0.7842303 0.77771467 0.82335943 0.8105793 0.9860852 0.98496884
0.9920673 0.6442242 1.0282096 0.82998335 0 0.15890548 0.6590054 0.64872307 0.5022683 0.5065787 0.84340924 0.7259512 0.83911127 0.6395176 0.6444604 0.58065945 0.5802258 0.7905161 0.78994244 0.8293787 0.82998335 1.0053219 1.0485728 1.002652 0.8517685 0.85520095 0.63998693 0.4205373 0.9565121 0.97024083
0.9958304 0.64682555 1.0329514 0.8345334 0.15890548 0 0.65564215 0.64469653 0.50736505 0.5107164 0.8305884 0.72253674 0.83301365 0.6439882 0.6437523 0.58588296 0.58697575 0.79830307 0.79540956 0.8236593 0.8242593 1.0172604 1.0530384 1.0157093 0.85645306 0.84928197 0.64116156 0.42036211 0.96298385 0.97170067
0.9962078 0.3551474 0.98683035 0.8257614 0.6590054 0.65564215 0 0.13818255 0.6444604 0.6573219 0.82186216 0.7139384 0.8179831 0.5808764 0.5850098 0.66480625 0.6699191 0.79627645 0.79339075 0.82305974 0.8188765 0.9753628 1.0219333 0.9779369 0.8508351 0.8480418 0.5955548 0.65110177 0.9218825 0.97243166
0.99658537 0.356433 0.9939465 0.8203678 0.64872307 0.64469653 0.13818255 0 0.63998693 0.6494359 0.8156059 0.7023701 0.8079317 0.57482624 0.5800091 0.6489606 0.6532491 0.78994244 0.7867954 0.8209652 0.8194727 0.9801504 1.025065 0.9816297 0.83727676 0.83636117 0.59004414 0.63857985 0.93082345 0.95866317
1.000751 0.6437523 0.9931942 0.84156424 0.5022683 0.50736505 0.6444604 0.63998693 0 0.1282692 0.8495923 0.7243734 0.85802114 0.6501494 0.64801097 0.5731065 0.5791428 0.8026644 0.80500084 0.85332674 0.8523914 0.9779369 1.0141612 0.9764649 0.85332674 0.86972773 0.6374092 0.49934357 0.97243166 0.9673296
1.0207624 0.66286767 1.0110749 0.83788776 0.5065787 0.5107164 0.6573219 0.6494359 0.1282692 0 0.8424862 0.7307048 0.8483516 0.64587855 0.6489606 0.57827747 0.5845737 0.8047084 0.8023729 0.8499028 0.8489717 0.99131685 1.0168724 0.9901927 0.85833514 0.8684533 0.64540553 0.50285465 0.98348296 0.9842255
1.0015109 0.8203678 0.9950763 0.46659726 0.84340924 0.8305884 0.82186216 0.8156059 0.8495923 0.8424862 0 0.8406434 0.111491024 0.81679356 0.8236593 0.84928197 0.85770726 0.81353205 0.81323624 0.46771583 0.46678358 0.9842255 1.0087683 0.9853408 0.7656831 0.77321523 0.82606214 0.8094014 0.98348296 0.97978103
1.0195932 0.71316165 1.0215429 0.8514572 0.7259512 0.72253674 0.7139384 0.7023701 0.7243734 0.7307048 0.8406434 0 0.84125715 0.7049255 0.70364666 0.7259512 0.7333587 0.8079317 0.8079317 0.85864925 0.8599071 0.9950763 1.0397208 0.9958304 0.8545757 0.8652767 0.69399863 0.70033205 0.97206604 0.99545324
0.99923354 0.82156307 0.9962078 0.4662248 0.83911127 0.83301365 0.8179831 0.8079317 0.85802114 0.8483516 0.111491024 0.84125715 0 0.82066643 0.831194 0.8486616 0.8545757 0.82156307 0.82276016 0.4647367 0.46548036 0.9816297 1.0099207 0.9831119 0.7585007 0.77771467 0.8272665 0.81382793 0.9838541 0.9783054
1.0037951 0.57827747 0.9980974 0.81709075 0.6395176 0.6439882 0.5808764 0.57482624 0.6501494 0.64587855 0.81679356 0.7049255 0.82066643 0 0.068647996 0.63998693 0.6465887 0.7695792 0.7701374 0.82156307 0.81353205 0.97316337 1.0045581 0.9738958 0.8263631 0.8305884 0.40236402 0.6155082 0.9615409 0.9816297
0.99923354 0.58239657 0.99658537 0.82395923 0.6444604 0.6437523 0.5850098 0.5800091 0.64801097 0.6489606 0.8236593 0.70364666 0.831194 0.068647996 0 0.6369415 0.64469653 0.76651627 0.7687426 0.8275679 0.82156307 0.9779369 1.0110749 0.9779369 0.83180004 0.8327101 0.39980343 0.61391944 0.9662408 0.9860852
1.0211525 0.64635193 1.0215429 0.8446418 0.58065945 0.58588296 0.66480625 0.6489606 0.5731065 0.57827747 0.84928197 0.7259512 0.8486616 0.63998693 0.6369415 0 0.03889114 0.79627645 0.79656565 0.8480418 0.84928197 1.0095364 1.0381224 1.01069 0.8517685 0.85613984 0.6421026 0.5666926 0.9779369 0.99056727
1.0278157 0.6489606 1.0219333 0.85114604 0.5802258 0.58697575 0.6699191 0.6532491 0.5791428 0.5845737 0.85770726 0.7333587 0.8545757 0.6465887 0.64469653 0.03889114 0 0.80091685 0.8014989 0.8555138 0.85613984 1.0157093 1.0481682 1.0168724 0.85802114 0.85488826 0.64919823 0.56882447 0.9816297 0.99999183
1.0254573 0.7853693 1.0034139 0.831194 0.7905161 0.79830307 0.79627645 0.78994244 0.8026644 0.8047084 0.81353205 0.8079317 0.82156307 0.7695792 0.76651627 0.79627645 0.80091685 0 0.028743835 0.8203678 0.8242593 0.97609735 1.0176488 0.97867405 0.83788776 0.8555138 0.7853693 0.7802575 0.94479036 0.9604604
1.0258498 0.7845149 0.99923354 0.8284728 0.78994244 0.79540956 0.79339075 0.7867954 0.80500084 0.8023729 0.81323624 0.8079317 0.82276016 0.7701374 0.7687426 0.79656565 0.8014989 0.028743835 0 0.8203678 0.82485974 0.97316337 1.0126165 0.9746289 0.8284728 0.8468036 0.78793824 0.77884376 0.944438 0.9575869
0.98757625 0.8275679 0.99847597 0.17212276 0.8293787 0.8236593 0.82305974 0.8209652 0.85332674 0.8499028 0.46771583 0.85864925 0.4647367 0.82156307 0.8275679 0.8480418 0.8555138 0.8203678 0.8203678 0 0.01955267 0.97243166 1.0254573 0.97426224 0.7799746 0.7882242 0.82305974 0.82066643 0.97206604 0.9783054
0.9860852 0.82907665 0.9962078 0.17224857 0.82998335 0.8242593 0.8188765 0.8194727 0.8523914 0.8489717 0.46678358 0.8599071 0.46548036 0.81353205 0.82156307 0.84928197 0.85613984 0.8242593 0.82485974 0.01955267 0 0.9709704 1.0203725 0.9727974 0.7791263 0.78708094 0.8251602 0.81828076 0.97426224 0.982
0.75822586 0.9872032 0.1859615 0.97867405 1.0053219 1.0172604 0.9753628 0.9801504 0.9779369 0.99131685 0.9842255 0.9950763 0.9816297 0.97316337 0.9779369 1.0095364 1.0157093 0.97609735 0.97316337 0.97243166 0.9709704 0 0.72148925 0.003206846 1.0160967 1.0207624 0.9845971 0.98348296 0.9969631 1.0149349
0.8026644 1.0172604 0.7293813 1.01146 1.0485728 1.0530384 1.0219333 1.025065 1.0141612 1.0168724 1.0087683 1.0397208 1.0099207 1.0045581 1.0110749 1.0381224 1.0481682 1.0176488 1.0126165 1.0254573 1.0203725 0.72148925 0 0.72018194 1.0349361 1.0246727 1.0223241 1.0242808 1.0168724 1.0286036
0.75822586 0.98907024 0.18583338 0.9808897 1.002652 1.0157093 0.9779369 0.9816297 0.9764649 0.9901927 0.9853408 0.9958304 0.9831119 0.9738958 0.9779369 1.01069 1.0168724 0.97867405 0.9746289 0.97426224 0.9727974 0.003206846 0.72018194 0 1.0164845 1.0203725 0.9842255 0.982 0.99961257 1.0137748
1.0168724 0.85363877 1.030972 0.7842303 0.8517685 0.85645306 0.8508351 0.83727676 0.85332674 0.85833514 0.7656831 0.8545757 0.7585007 0.8263631 0.83180004 0.8517685 0.85802114 0.83788776 0.8284728 0.7799746 0.7791263 1.0160967 1.0349361 1.0164845 0 0.50168246 0.8381934 0.8161995 0.9853408 0.9816297
1.0149349 0.8605368 1.0262426 0.77771467 0.85520095 0.84928197 0.8480418 0.83636117 0.86972773 0.8684533 0.77321523 0.8652767 0.77771467 0.8305884 0.8327101 0.85613984 0.85488826 0.8555138 0.8468036 0.7882242 0.78708094 1.0207624 1.0246727 1.0203725 0.50168246 0 0.84649444 0.8242593 0.9504507 0.98348296
0.99357027 0.6060258 0.9977191 0.82335943 0.63998693 0.64116156 0.5955548 0.59004414 0.6374092 0.64540553 0.82606214 0.69399863 0.8272665 0.40236402 0.39980343 0.6421026 0.64919823 0.7853693 0.78793824 0.82305974 0.8251602 0.9845971 1.0223241 0.9842255 0.8381934 0.84649444 0 0.62006605 0.9391723 0.95258445
0.9931942 0.6439882 1.005704 0.8105793 0.4205373 0.42036211 0.65110177 0.63857985 0.49934357 0.50285465 0.8094014 0.70033205 0.81382793 0.6155082 0.61391944 0.5666926 0.56882447 0.7802575 0.77884376 0.82066643 0.81828076 0.98348296 1.0242808 0.982 0.8161995 0.8242593 0.62006605 0 0.9458484 0.95294064
0.9920673 0.93777436 1.014548 0.9860852 0.9565121 0.96298385 0.9218825 0.93082345 0.97243166 0.98348296 0.98348296 0.97206604 0.9838541 0.9615409 0.9662408 0.9779369 0.9816297 0.94479036 0.944438 0.97206604 0.97426224 0.9969631 1.0168724 0.99961257 0.9853408 0.9504507 0.9391723 0.9458484 0 0.3614357
1.0168724 0.97206604 1.018426 0.98496884 0.97024083 0.97170067 0.97243166 0.95866317 0.9673296 0.9842255 0.97978103 0.99545324 0.9783054 0.9816297 0.9860852 0.99056727 0.99999183 0.9604604 0.9575869 0.9783054 0.982 1.0149349 1.0286036 1.0137748 0.9816297 0.98348296 0.95258445 0.95294064 0.3614357 0
