0 1.0076177 1.0015109 0.99056727 1.0126165 1.0080011 1.01146 0.99734104 0.9969631 1.0133885 1.0099207 0.617328 1.018426 1.0137748 1.014548 1.005704 1.0133885 1.0015109 1.0238891 1.018426 1.019204 1.0137748 1.0072346 1.0164845 1.0034139 0.9931942 1.01069 1.005704 0.98869646 1.0227151
1.0076177 0 0.29976138 0.29101366 0.6390486 0.48948392 0.49372122 0.5279034 0.531551 0.52387106 0.52447456 1.0223241 0.6402217 0.52628785 0.5172649 0.515871 0.21616167 0.21736327 0.52527994 0.52367 0.52427334 0.6357735 0.61596274 0.63881415 0.53828484 0.48756576 0.51886106 0.6318157 0.4881407 0.62649405
1.0015109 0.29976138 0 0.17666517 0.6339084 0.4958489 0.49662408 0.5258845 0.52729714 0.5196604 0.5194605 1.0064689 0.64587855 0.520861 0.5150757 0.5152744 0.28998253 0.29027697 0.52427334 0.52427334 0.5206608 0.63811135 0.63019204 0.6430448 0.5393104 0.483363 0.51646805 0.63414127 0.48679987 0.6318157
0.99056727 0.29101366 0.17666517 0 0.620981 0.49006033 0.49333504 0.52246493 0.5250785 0.5214621 0.5198604 0.9977191 0.6343742 0.5254814 0.51547325 0.5134875 0.2888058 0.28777772 0.52749914 0.52749914 0.52729714 0.62603307 0.620981 0.63251257 0.5444594 0.48165047 0.51447976 0.62143886 0.48317254 0.6232732
1.0126165 0.6390486 0.6339084 0.620981 0 0.6350735 0.6360069 0.64116156 0.64564204 0.6350735 0.6332101 0.99056727 0.13470393 0.6378772 0.6357735 0.632745 0.63460726 0.6367077 0.6439882 0.6395176 0.6413967 0.13566194 0.6489606 0.13770178 0.6320479 0.6285719 0.63228023 0.3588495 0.63297755 0.23726694
1.0080011 0.48948392 0.4958489 0.49006033 0.6350735 0 0.12637316 0.5440462 0.54054296 0.53297436 0.5335852 1.0080011 0.6465887 0.5289148 0.53480834 0.5358292 0.4935281 0.49025255 0.53419656 0.5339927 0.5358292 0.6430448 0.6164175 0.64872307 0.53828484 0.4458366 0.5287124 0.6421026 0.266079 0.6348403
1.01146 0.49372122 0.49662408 0.49333504 0.6360069 0.12637316 0 0.5426017 0.53726065 0.5331779 0.53256744 1.0133885 0.65134007 0.52749914 0.5350124 0.53726065 0.4939144 0.49256322 0.5356249 0.5337889 0.5356249 0.6477737 0.6123341 0.65492344 0.5450797 0.442582 0.52527994 0.6461152 0.26365894 0.6390486
0.99734104 0.5279034 0.5258845 0.52246493 0.64116156 0.5440462 0.5426017 0 0.07425776 0.31406474 0.31345698 1.0053219 0.64564204 0.31284967 0.3177218 0.3143688 0.5240722 0.5250785 0.31512955 0.31391275 0.31497735 0.64351636 0.6175558 0.6506254 0.55402696 0.5368514 0.4443884 0.65660155 0.5246758 0.6494359
0.9969631 0.531551 0.52729714 0.5250785 0.64564204 0.54054296 0.53726065 0.07425776 0 0.31072804 0.31027418 1.0231062 0.6520554 0.3137608 0.3177218 0.31482518 0.5256829 0.52689326 0.31406474 0.31148508 0.31315327 0.6508636 0.6182396 0.65660155 0.5571734 0.5389 0.4480142 0.6568416 0.52628785 0.6522939
1.0133885 0.52387106 0.5196604 0.5214621 0.6350735 0.53297436 0.5331779 0.31406474 0.31072804 0 0.061667144 1.0091523 0.63928306 0.091682225 0.31619588 0.31543407 0.5150757 0.5152744 0.090778746 0.09044022 0.09010185 0.63928306 0.6232732 0.6430448 0.5413658 0.5212617 0.4389823 0.6348403 0.5152744 0.6402217
1.0099207 0.52447456 0.5194605 0.5198604 0.6332101 0.5335852 0.53256744 0.31345698 0.31027418 0.061667144 0 1.0137748 0.64045656 0.090665884 0.31254622 0.31239453 0.5166672 0.5166672 0.08965093 0.08920027 0.08953824 0.63811135 0.6202947 0.64351636 0.54177755 0.5240722 0.43486387 0.63297755 0.5146783 0.6364741
0.617328 1.0223241 1.0064689 0.9977191 0.99056727 1.0080011 1.0133885 1.0053219 1.0231062 1.0091523 1.0137748 0 0.9950763 1.014548 1.0286036 1.0258498 1.032159 1.0219333 1.0172604 1.0141612 1.0180373 0.9924427 1.0011308 1.0011308 1.0199828 0.9894442 1.049788 0.98683035 1.0207624 0.99131685
1.018426 0.6402217 0.64587855 0.6343742 0.13470393 0.6465887 0.65134007 0.64564204 0.6520554 0.63928306 0.64045656 0.9950763 0 0.6449328 0.64280915 0.6376432 0.6409265 0.64328057 0.6501494 0.6477737 0.64872307 0.056797348 0.6461152 0.05993204 0.6353068 0.63834554 0.6437523 0.36078832 0.64257354 0.23919038
1.0137748 0.52628785 0.520861 0.5254814 0.6378772 0.5289148 0.52749914 0.31284967 0.3137608 0.091682225 0.090665884 1.014548 0.6449328 0 0.31756908 0.31756908 0.5182621 0.5172649 0.04949802 0.049177624 0.049177624 0.64280915 0.6216679 0.64540553 0.5502686 0.51926064 0.43736804 0.63857985 0.51289284 0.64469653
1.014548 0.5172649 0.5150757 0.51547325 0.6357735 0.53480834 0.5350124 0.3177218 0.3177218 0.31619588 0.31254622 1.0286036 0.64280915 0.31756908 0 0.030095844 0.5156721 0.5166672 0.31512955 0.3163483 0.31573868 0.6421026 0.6235028 0.64587855 0.53726065 0.52106136 0.43826443 0.64919823 0.51229864 0.6364741
1.005704 0.515871 0.5152744 0.5134875 0.632745 0.5358292 0.53726065 0.3143688 0.31482518 0.31543407 0.31239453 1.0258498 0.6376432 0.31756908 0.030095844 0 0.5152744 0.5170656 0.31512955 0.31528178 0.31528178 0.6362405 0.6202947 0.6402217 0.537056 0.52246493 0.4362938 0.6444604 0.51170486 0.63251257
1.0133885 0.21616167 0.28998253 0.2888058 0.63460726 0.4935281 0.4939144 0.5240722 0.5256829 0.5150757 0.5166672 1.032159 0.6409265 0.5182621 0.5156721 0.5152744 0 0.031658888 0.52106136 0.5220636 0.5206608 0.6376432 0.61278665 0.6413967 0.5337889 0.47559288 0.51646805 0.62787867 0.48146042 0.632745
1.0015109 0.21736327 0.29027697 0.28777772 0.6367077 0.49025255 0.49256322 0.5250785 0.52689326 0.5152744 0.5166672 1.0219333 0.64328057 0.5172649 0.5166672 0.5170656 0.031658888 0 0.51886106 0.520861 0.5206608 0.63834554 0.61256033 0.6421026 0.5299277 0.47653615 0.5150757 0.62903446 0.47861555 0.63228023
1.0238891 0.52527994 0.52427334 0.52749914 0.6439882 0.53419656 0.5356249 0.31512955 0.31406474 0.090778746 0.08965093 1.0172604 0.6501494 0.04949802 0.31512955 0.31512955 0.52106136 0.51886106 0 0.021608312 0.022226105 0.64824826 0.62880313 0.65110177 0.5529811 0.52487713 0.44060004 0.64257354 0.51926064 0.64328057
1.018426 0.52367 0.52427334 0.52749914 0.6395176 0.5339927 0.5337889 0.31391275 0.31148508 0.09044022 0.08920027 1.0141612 0.6477737 0.049177624 0.3163483 0.31528178 0.5220636 0.520861 0.021608312 0 0.0177074 0.64540553 0.6258027 0.64919823 0.54985213 0.5246758 0.43772647 0.63975227 0.5194605 0.64045656
1.019204 0.52427334 0.5206608 0.52729714 0.6413967 0.5358292 0.5356249 0.31497735 0.31315327 0.09010185 0.08953824 1.0180373 0.64872307 0.049177624 0.31573868 0.31528178 0.5206608 0.5206608 0.022226105 0.0177074 0 0.64729947 0.62603307 0.6506254 0.5506852 0.5232681 0.43754724 0.6369415 0.5206608 0.6413967
1.0137748 0.6357735 0.63811135 0.62603307 0.13566194 0.6430448 0.6477737 0.64351636 0.6508636 0.63928306 0.63811135 0.9924427 0.056797348 0.64280915 0.6421026 0.6362405 0.6376432 0.63834554 0.64824826 0.64540553 0.64729947 0 0.6494359 0.016377522 0.63088745 0.6332101 0.63834554 0.36030313 0.6364741 0.23767869
1.0072346 0.61596274 0.63019204 0.620981 0.6489606 0.6164175 0.6123341 0.6175558 0.6182396 0.6232732 0.6202947 1.0011308 0.6461152 0.6216679 0.6235028 0.6202947 0.61278665 0.61256033 0.62880313 0.6258027 0.62603307 0.6494359 0 0.64991146 0.6164175 0.60535306 0.6171003 0.6501494 0.6145999 0.6461152
1.0164845 0.63881415 0.6430448 0.63251257 0.13770178 0.64872307 0.65492344 0.6506254 0.65660155 0.6430448 0.64351636 1.0011308 0.05993204 0.64540553 0.64587855 0.6402217 0.6413967 0.6421026 0.65110177 0.64919823 0.6506254 0.016377522 0.64991146 0 0.6357735 0.6378772 0.6439882 0.36468107 0.6418672 0.2402917
1.0034139 0.53828484 0.5393104 0.5444594 0.6320479 0.53828484 0.5450797 0.55402696 0.5571734 0.5413658 0.54177755 1.0199828 0.6353068 0.5502686 0.53726065 0.537056 0.5337889 0.5299277 0.5529811 0.54985213 0.5506852 0.63088745 0.6164175 0.6357735 0 0.5389 0.54116 0.6262635 0.5240722 0.627186
0.9931942 0.48756576 0.483363 0.48165047 0.6285719 0.4458366 0.442582 0.5368514 0.5389 0.5212617 0.5240722 0.9894442 0.63834554 0.51926064 0.52106136 0.52246493 0.47559288 0.47653615 0.52487713 0.5246758 0.5232681 0.6332101 0.60535306 0.6378772 0.5389 0 0.5105188 0.6421026 0.43808508 0.62787867
1.01069 0.51886106 0.51646805 0.51447976 0.63228023 0.5287124 0.52527994 0.4443884 0.4480142 0.4389823 0.43486387 1.049788 0.6437523 0.43736804 0.43826443 0.4362938 0.51646805 0.5150757 0.44060004 0.43772647 0.43754724 0.63834554 0.6171003 0.6439882 0.54116 0.5105188 0 0.64729947 0.520861 0.63414127
1.005704 0.6318157 0.63414127 0.62143886 0.3588495 0.6421026 0.6461152 0.65660155 0.6568416 0.6348403 0.63297755 0.98683035 0.36078832 0.63857985 0.64919823 0.6444604 0.62787867 0.62903446 0.64257354 0.63975227 0.6369415 0.36030313 0.6501494 0.36468107 0.6262635 0.6421026 0.64729947 0 0.6364741 0.35578993
0.98869646 0.4881407 0.48679987 0.48317254 0.63297755 0.266079 0.26365894 0.5246758 0.52628785 0.5152744 0.5146783 1.0207624 0.64257354 0.51289284 0.51229864 0.51170486 0.48146042 0.47861555 0.51926064 0.5194605 0.5206608 0.6364741 0.6145999 0.6418672 0.5240722 0.43808508 0.520861 0.6364741 0 0.62787867
1.0227151 0.62649405 0.6318157 0.6232732 0.23726694 0.6348403 0.6390486 0.6494359 0.6522939 0.6402217 0.6364741 0.99131685 0.23919038 0.64469653 0.6364741 0.63251257 0.632745 0.63228023 0.64328057 0.64045656 0.6413967 0.23767869 0.6461152 0.2402917 0.627186 0.62787867 0.63414127 0.35578993 0.62787867 0
