0 0.9831119 0.66650665 0.9977191 1.0034139 0.9872032 0.9977191 1.0068517 1.0072346 0.9857129 1.0076177 0.6932422 0.9950763 0.99545324 0.98757625 0.9950763 1.0227151 1.0076177 1.0060863 1.0180373 1.0168724 0.66553456 1.0099207 0.66480625 1.0015109 0.6859691 0.56733155 0.5557034 0.6795078 0.6733471
0.9831119 0 0.9808897 0.29782516 0.3077075 0.2880713 0.29071888 0.32293335 0.32047635 0.31300145 0.3201698 0.9808897 0.29175103 0.29530063 0.32201102 0.3215503 0.7535683 0.31254622 0.31482518 0.75384146 0.7554826 0.9775687 0.3728564 0.97867405 0.3643559 0.9962078 0.9898184 0.9894442 0.99357027 1.000751
0.66650665 0.9808897 0 1.0015109 1.0003713 0.97867405 0.99169195 0.99961257 0.9898184 0.9790429 0.99885464 0.44819596 0.99961257 1.0011308 0.9775687 0.9831119 0.99961257 0.98869646 0.98907024 1.001891 1.0022715 0.2749718 0.9860852 0.2746833 0.98794943 0.4540354 0.6672366 0.6696748 0.4463804 0.44692463
0.9977191 0.29782516 1.0015109 0 0.29737902 0.2774287 0.28047484 0.33471534 0.3305084 0.3270979 0.32926643 1.0207624 0.27960324 0.2835334 0.33019772 0.32895625 0.75960124 0.32216468 0.32324106 0.7585007 0.7629125 0.99885464 0.385289 0.9977191 0.3758215 1.0215429 0.99961257 1.0041765 1.0091523 1.0258498
1.0034139 0.3077075 1.0003713 0.29737902 0 0.27079913 0.27237916 0.34304264 0.33659267 0.3306638 0.3373763 0.99961257 0.2741066 0.27771828 0.33863178 0.33957478 0.7585007 0.3312857 0.33113015 0.7543881 0.7590508 1.0149349 0.39032033 1.0149349 0.376482 1.0049399 1.0188149 1.0137748 1.018426 1.0141612
0.9872032 0.2880713 0.97867405 0.2774287 0.27079913 0 0.22218902 0.3201698 0.32078305 0.31360888 0.32185742 0.99357027 0.22326563 0.22718139 0.32185742 0.32124332 0.75384146 0.3119397 0.31315327 0.7475835 0.7535683 0.98757625 0.37302083 0.98645765 0.3617596 1.0041765 1.0003713 0.98757625 1.001891 1.0091523
0.9977191 0.29071888 0.99169195 0.28047484 0.27237916 0.22218902 0 0.3281814 0.32339495 0.3215503 0.32508987 0.98496884 0.1846812 0.18994439 0.3286462 0.32431898 0.75056994 0.3145209 0.3145209 0.75002605 0.7565787 0.99281836 0.37846702 0.990942 0.36305663 1.0076177 0.9931942 0.9857129 0.9969631 1.0103053
1.0068517 0.32293335 0.99961257 0.33471534 0.34304264 0.3201698 0.3281814 0 0.15373218 0.24499045 0.24985833 1.0219333 0.32601598 0.33019772 0.24707282 0.24665588 0.75138646 0.23452772 0.23699258 0.7535683 0.756853 1.0030329 0.38645998 1.0022715 0.3725277 1.014548 1.0164845 1.0215429 1.0164845 1.0207624
1.0072346 0.32047635 0.9898184 0.3305084 0.33659267 0.32078305 0.32339495 0.15373218 0 0.23932795 0.24665588 1.0034139 0.3213968 0.32539845 0.24665588 0.24623917 0.76374257 0.23466444 0.23466444 0.761255 0.76429653 0.98757625 0.38746512 0.98794943 0.37154236 1.0080011 1.0137748 1.0133885 1.0041765 1.0164845
0.9857129 0.31300145 0.9790429 0.3270979 0.3306638 0.31360888 0.3215503 0.24499045 0.23932795 0 0.14349145 0.9831119 0.32293335 0.32354885 0.14179818 0.14337038 0.7574018 0.2105795 0.21163957 0.75384146 0.75960124 0.97573 0.3841199 0.9753628 0.3687576 0.99658537 1.0122308 0.99885464 0.9950763 1.0133885
1.0076177 0.3201698 0.99885464 0.32926643 0.3373763 0.32185742 0.32508987 0.24985833 0.24665588 0.14349145 0 0.99885464 0.32756203 0.32771683 0.12874396 0.12910022 0.76512814 0.21456252 0.21536165 0.761255 0.7659607 0.98496884 0.38897535 0.98348296 0.37187067 1.001891 1.0266355 1.0083846 1.0126165 1.015322
0.6932422 0.9808897 0.44819596 1.0207624 0.99961257 0.99357027 0.98496884 1.0219333 1.0034139 0.9831119 0.99885464 0 1.0157093 1.0083846 0.9827411 0.9894442 0.9842255 0.99357027 0.990942 0.98645765 0.9939465 0.4461991 1.0068517 0.44511214 0.99169195 0.4261645 0.6955138 0.6795078 0.4180886 0.42036211
0.9950763 0.29175103 0.99961257 0.27960324 0.2741066 0.22326563 0.1846812 0.32601598 0.3213968 0.32293335 0.32756203 1.0157093 0 0.10387206 0.32833627 0.32601598 0.7502979 0.3145209 0.31711105 0.7448788 0.7527494 0.99847597 0.3821199 0.9969631 0.36240783 1.0130024 1.0091523 0.99281836 1.0053219 1.0080011
0.99545324 0.29530063 1.0011308 0.2835334 0.27771828 0.22718139 0.18994439 0.33019772 0.32539845 0.32354885 0.32771683 1.0083846 0.10387206 0 0.3306638 0.32771683 0.7554826 0.3145209 0.3137608 0.7519313 0.7574018 1.0003713 0.38295257 0.99961257 0.37055832 1.0133885 1.014548 0.990942 1.0122308 1.0160967
0.98757625 0.32201102 0.9775687 0.33019772 0.33863178 0.32185742 0.3286462 0.24707282 0.24665588 0.14179818 0.12874396 0.9827411 0.32833627 0.3306638 0 0.07161265 0.75411475 0.21416326 0.21642852 0.75411475 0.7585007 0.97170067 0.38629258 0.9698763 0.36892113 0.99847597 1.0231062 0.99658537 0.9946995 0.9962078
0.9950763 0.3215503 0.9831119 0.32895625 0.33957478 0.32124332 0.32431898 0.24665588 0.24623917 0.14337038 0.12910022 0.9894442 0.32601598 0.32771683 0.07161265 0 0.75466156 0.21309961 0.21403022 0.75712734 0.7609791 0.9753628 0.38378617 0.97316337 0.3650064 1.0015109 1.0203725 0.99885464 1.001891 1.0034139
1.0227151 0.7535683 0.99961257 0.75960124 0.7585007 0.75384146 0.75056994 0.75138646 0.76374257 0.7574018 0.76512814 0.9842255 0.7502979 0.7554826 0.75411475 0.75466156 0 0.756853 0.75302225 0.05410551 0.0543205 1.0083846 0.7535683 1.0037951 0.7494826 0.98125964 1.0064689 1.0231062 0.98645765 0.9860852
1.0076177 0.31254622 0.98869646 0.32216468 0.3312857 0.3119397 0.3145209 0.23452772 0.23466444 0.2105795 0.21456252 0.99357027 0.3145209 0.3145209 0.21416326 0.21309961 0.756853 0 0.03889114 0.7543881 0.75822586 0.97867405 0.38378617 0.97609735 0.36696118 1.0022715 1.0122308 1.0091523 1.0041765 1.0141612
1.0060863 0.31482518 0.98907024 0.32324106 0.33113015 0.31315327 0.3145209 0.23699258 0.23466444 0.21163957 0.21536165 0.990942 0.31711105 0.3137608 0.21642852 0.21403022 0.75302225 0.03889114 0 0.75138646 0.75520885 0.97609735 0.3866274 0.97316337 0.36924827 1.0064689 1.01069 1.0080011 1.0072346 1.0103053
1.0180373 0.75384146 1.001891 0.7585007 0.7543881 0.7475835 0.75002605 0.7535683 0.761255 0.75384146 0.761255 0.98645765 0.7448788 0.7519313 0.75411475 0.75712734 0.05410551 0.7543881 0.75138646 0 0.022020116 1.0160967 0.74975425 1.01146 0.7448788 0.9816297 0.99999183 1.0188149 0.9958304 0.990942
1.0168724 0.7554826 1.0022715 0.7629125 0.7590508 0.7535683 0.7565787 0.756853 0.76429653 0.75960124 0.7659607 0.9939465 0.7527494 0.7574018 0.7585007 0.7609791 0.0543205 0.75822586 0.75520885 0.022020116 0 1.0164845 0.75411475 1.0126165 0.7494826 0.9845971 1.0022715 1.0207624 0.9950763 0.99131685
0.66553456 0.9775687 0.2749718 0.99885464 1.0149349 0.98757625 0.99281836 1.0030329 0.98757625 0.97573 0.98496884 0.4461991 0.99847597 1.0003713 0.97170067 0.9753628 1.0083846 0.97867405 0.97609735 1.0160967 1.0164845 0 0.9969631 0.007840844 0.9943229 0.44819596 0.66504896 0.6667499 0.44493115 0.43539977
1.0099207 0.3728564 0.9860852 0.385289 0.39032033 0.37302083 0.37846702 0.38645998 0.38746512 0.3841199 0.38897535 1.0068517 0.3821199 0.38295257 0.38629258 0.38378617 0.7535683 0.38378617 0.3866274 0.74975425 0.75411475 0.9969631 0 0.9977191 0.37730846 1.0060863 1.0110749 1.0041765 1.0045581 1.0160967
0.66480625 0.97867405 0.2746833 0.9977191 1.0149349 0.98645765 0.990942 1.0022715 0.98794943 0.9753628 0.98348296 0.44511214 0.9969631 0.99961257 0.9698763 0.97316337 1.0037951 0.97609735 0.97316337 1.01146 1.0126165 0.007840844 0.9977191 0 0.9946995 0.44765082 0.6643211 0.6682109 0.44330403 0.43647274
1.0015109 0.3643559 0.98794943 0.3758215 0.376482 0.3617596 0.36305663 0.3725277 0.37154236 0.3687576 0.37187067 0.99169195 0.36240783 0.37055832 0.36892113 0.3650064 0.7494826 0.36696118 0.36924827 0.7448788 0.7494826 0.9943229 0.37730846 0.9946995 0 1.0030329 1.0037951 1.0133885 0.99734104 1.0037951
0.6859691 0.9962078 0.4540354 1.0215429 1.0049399 1.0041765 1.0076177 1.014548 1.0080011 0.99658537 1.001891 0.4261645 1.0130024 1.0133885 0.99847597 1.0015109 0.98125964 1.0022715 1.0064689 0.9816297 0.9845971 0.44819596 1.0060863 0.44765082 1.0030329 0 0.6832287 0.6785187 0.35178307 0.34970793
0.56733155 0.9898184 0.6672366 0.99961257 1.0188149 1.0003713 0.9931942 1.0164845 1.0137748 1.0122308 1.0266355 0.6955138 1.0091523 1.014548 1.0231062 1.0203725 1.0064689 1.0122308 1.01069 0.99999183 1.0022715 0.66504896 1.0110749 0.6643211 1.0037951 0.6832287 0 0.33565342 0.6795078 0.67975533
0.5557034 0.9894442 0.6696748 1.0041765 1.0137748 0.98757625 0.9857129 1.0215429 1.0133885 0.99885464 1.0083846 0.6795078 0.99281836 0.990942 0.99658537 0.99885464 1.0231062 1.0091523 1.0080011 1.0188149 1.0207624 0.6667499 1.0041765 0.6682109 1.0133885 0.6785187 0.33565342 0 0.68621874 0.6745752
0.6795078 0.99357027 0.4463804 1.0091523 1.018426 1.001891 0.9969631 1.0164845 1.0041765 0.9950763 1.0126165 0.4180886 1.0053219 1.0122308 0.9946995 1.001891 0.98645765 1.0041765 1.0072346 0.9958304 0.9950763 0.44493115 1.0045581 0.44330403 0.99734104 0.35178307 0.6795078 0.68621874 0 0.32647946
0.6733471 1.000751 0.44692463 1.0258498 1.0141612 1.0091523 1.0103053 1.0207624 1.0164845 1.0133885 1.015322 0.42036211 1.0080011 1.0160967 0.9962078 1.0034139 0.9860852 1.0141612 1.0103053 0.990942 0.99131685 0.43539977 1.0160967 0.43647274 1.0037951 0.34970793 0.67975533 0.6745752 0.32647946 0
