0 0.99169195 0.99131685 1.0141612 1.0045581 0.97024083 0.98125964 1.0003713 0.9962078 1.0030329 1.0022715 0.9816297 0.98907024 0.98348296 0.96769285 0.98496884 0.9845971 0.49876 0.4975942 0.9939465 0.9950763 0.9709704 0.49778837 0.9644296 0.9857129 0.9680563 1.002652 1.0030329 1.005704 0.9962078
0.99169195 0 0.19836488 0.9184719 0.9137229 0.93847305 0.93777436 0.9137229 0.9297863 0.9225665 0.9249654 0.8887815 0.94479036 0.9479691 0.9297863 0.9388226 0.9374253 1.0554852 1.0558939 0.93116945 0.9304776 0.929441 1.0293922 0.9297863 0.90900373 0.8953518 0.92085767 0.9259958 0.22057699 0.9335961
0.99131685 0.19836488 0 0.9174517 0.9100125 0.92909575 0.93151563 0.8927168 0.9205164 0.903313 0.90031767 0.8754896 0.9360306 0.9339434 0.92017525 0.9270277 0.9253087 1.0405211 1.042526 0.9160936 0.91711193 0.9222244 1.0405211 0.92154074 0.9123715 0.8904187 0.91575444 0.9188122 0.21456252 0.9106857
1.0141612 0.9184719 0.9174517 0 0.13842306 0.36062655 0.35755974 0.86909026 0.42669424 0.86559373 0.8716434 0.85488826 0.36712432 0.36565742 0.35562924 0.56520385 0.56456673 1.0053219 1.005704 0.42387336 0.42492995 0.35498682 1.0015109 0.3562722 0.35530797 0.33800378 0.58828926 0.5819619 0.90665525 0.864643
1.0045581 0.9137229 0.9100125 0.13842306 0 0.36305663 0.35981828 0.86749893 0.42634106 0.8668633 0.86972773 0.8508351 0.3672875 0.36598316 0.35917228 0.56223524 0.5626586 1.0168724 1.0168724 0.42528248 0.42634106 0.36062655 0.99847597 0.3617596 0.35162324 0.34193748 0.5850098 0.57979244 0.9006499 0.85802114
0.97024083 0.93847305 0.92909575 0.36062655 0.36305663 0 0.130646 0.85613984 0.4242254 0.853951 0.85896355 0.85332674 0.12815055 0.12779474 0.22004041 0.5669055 0.5669055 1.0118452 1.0130024 0.4245776 0.4251062 0.21990632 0.9920673 0.22057699 0.33206376 0.31909782 0.59246385 0.5887276 0.9256522 0.86813504
0.98125964 0.93777436 0.93151563 0.35755974 0.35981828 0.130646 0 0.85645306 0.4236974 0.85896355 0.85959244 0.85645306 0.10952115 0.109174065 0.22461359 0.55948913 0.5584356 1.0099207 1.0076177 0.4236974 0.42387336 0.22488347 1.0068517 0.22447868 0.33097467 0.31955704 0.585228 0.58239657 0.93082345 0.8624292
1.0003713 0.9137229 0.8927168 0.86909026 0.86749893 0.85613984 0.85645306 0 0.8790327 0.06079909 0.06210155 0.45955148 0.8719632 0.87324363 0.8599071 0.8726031 0.8722831 1.0080011 1.005704 0.8800019 0.8809723 0.8636934 0.99131685 0.8605368 0.8636934 0.84402525 0.88943595 0.88910866 0.8999856 0.20097494
0.9962078 0.9297863 0.9205164 0.42669424 0.42634106 0.4242254 0.4236974 0.8790327 0 0.8729233 0.87484723 0.8684533 0.43041283 0.43094555 0.42440146 0.5626586 0.5641423 1.005704 1.0068517 0.049818557 0.050353087 0.42492995 1.01146 0.42492995 0.41338858 0.40682322 0.5946704 0.58763224 0.9053166 0.88291705
1.0030329 0.9225665 0.903313 0.86559373 0.8668633 0.853951 0.85896355 0.06079909 0.8729233 0 0.033957258 0.46029004 0.87420535 0.87645423 0.85864925 0.8684533 0.86591095 0.99961257 0.9977191 0.87613255 0.8774201 0.86148244 0.9980974 0.8599071 0.86813504 0.83911127 0.8910746 0.8842163 0.90766084 0.20346294
1.0022715 0.9249654 0.90031767 0.8716434 0.86972773 0.85896355 0.85959244 0.06210155 0.87484723 0.033957258 0 0.4621396 0.87581104 0.87774235 0.8621135 0.8745262 0.8716434 1.0022715 1.0003713 0.8793556 0.8803252 0.8649598 0.9950763 0.86148244 0.8684533 0.84095025 0.8881276 0.88682157 0.9043141 0.20674925
0.9816297 0.8887815 0.8754896 0.85488826 0.8508351 0.85332674 0.85645306 0.45955148 0.8684533 0.46029004 0.4621396 0 0.88194406 0.8800019 0.86148244 0.8774201 0.87613255 0.9845971 0.9845971 0.8738847 0.87677604 0.86337715 1.0034139 0.8611671 0.85332674 0.84279376 0.8851922 0.8907466 0.87774235 0.45697227
0.98907024 0.94479036 0.9360306 0.36712432 0.3672875 0.12815055 0.10952115 0.8719632 0.43041283 0.87420535 0.87581104 0.88194406 0 0.03113751 0.22623433 0.5724627 0.5713908 1.0231062 1.0215429 0.43076792 0.43165645 0.22636956 1.0076177 0.22582883 0.33878887 0.3237028 0.59599745 0.59533364 0.936379 0.8812961
0.98348296 0.9479691 0.9339434 0.36565742 0.36598316 0.12779474 0.109174065 0.87324363 0.43094555 0.87645423 0.87774235 0.8800019 0.03113751 0 0.22326563 0.5735361 0.5733213 1.0164845 1.0149349 0.43219006 0.43290216 0.22272713 1.002652 0.22286172 0.33753312 0.32093644 0.5962188 0.5957761 0.9360306 0.8803252
0.96769285 0.9297863 0.92017525 0.35562924 0.35917228 0.22004041 0.22461359 0.8599071 0.42440146 0.85864925 0.8621135 0.86148244 0.22623433 0.22326563 0 0.5649914 0.56541634 1.0011308 1.0011308 0.4236974 0.4245776 0.022638248 1.0060863 0.023463218 0.3280265 0.31482518 0.58588296 0.58348435 0.92017525 0.8592779
0.98496884 0.9388226 0.9270277 0.56520385 0.56223524 0.5669055 0.55948913 0.8726031 0.5626586 0.8684533 0.8745262 0.8774201 0.5724627 0.5735361 0.5649914 0 0.019450037 1.0122308 1.0133885 0.5637181 0.5641423 0.56477904 1.0064689 0.5649914 0.5592783 0.549644 0.5529811 0.5448729 0.9287507 0.8703658
0.9845971 0.9374253 0.9253087 0.56456673 0.5626586 0.5669055 0.5584356 0.8722831 0.5641423 0.86591095 0.8716434 0.87613255 0.5713908 0.5733213 0.56541634 0.019450037 0 1.0091523 1.01069 0.56541634 0.56584156 0.5656289 1.0041765 0.56541634 0.5592783 0.5492279 0.5548647 0.5450797 0.9304776 0.86909026
0.49876 1.0554852 1.0405211 1.0053219 1.0168724 1.0118452 1.0099207 1.0080011 1.005704 0.99961257 1.0022715 0.9845971 1.0231062 1.0164845 1.0011308 1.0122308 1.0091523 0 0.013317541 1.0095364 1.0130024 0.99961257 0.46010533 0.9962078 0.9845971 0.98794943 1.0278157 1.0227151 1.0653539 0.9969631
0.4975942 1.0558939 1.042526 1.005704 1.0168724 1.0130024 1.0076177 1.005704 1.0068517 0.9977191 1.0003713 0.9845971 1.0215429 1.0149349 1.0011308 1.0133885 1.01069 0.013317541 0 1.0130024 1.0160967 0.9977191 0.45973605 0.9958304 0.9842255 0.98907024 1.0313674 1.0211525 1.0678414 0.9950763
0.9939465 0.93116945 0.9160936 0.42387336 0.42528248 0.4245776 0.4236974 0.8800019 0.049818557 0.87613255 0.8793556 0.8738847 0.43076792 0.43219006 0.4236974 0.5637181 0.56541634 1.0095364 1.0130024 0 0.007941901 0.4242254 1.0199828 0.42387336 0.41547385 0.40562007 0.5920233 0.5847917 0.90498227 0.8904187
0.9950763 0.9304776 0.91711193 0.42492995 0.42634106 0.4251062 0.42387336 0.8809723 0.050353087 0.8774201 0.8803252 0.87677604 0.43165645 0.43290216 0.4245776 0.5641423 0.56584156 1.0130024 1.0160967 0.007941901 0 0.42563516 1.0203725 0.42528248 0.4170416 0.40613547 0.59224355 0.5850098 0.9059856 0.8923881
0.9709704 0.929441 0.9222244 0.35498682 0.36062655 0.21990632 0.22488347 0.8636934 0.42492995 0.86148244 0.8649598 0.86337715 0.22636956 0.22272713 0.022638248 0.56477904 0.5656289 0.99961257 0.9977191 0.4242254 0.42563516 0 1.0072346 0.0097632725 0.3280265 0.31573868 0.5847917 0.585228 0.92119914 0.86337715
0.49778837 1.0293922 1.0405211 1.0015109 0.99847597 0.9920673 1.0068517 0.99131685 1.01146 0.9980974 0.9950763 1.0034139 1.0076177 1.002652 1.0060863 1.0064689 1.0041765 0.46010533 0.45973605 1.0199828 1.0203725 1.0072346 0 1.002652 0.9764649 0.97352946 1.032159 1.032159 1.0385218 0.98496884
0.9644296 0.9297863 0.92154074 0.3562722 0.3617596 0.22057699 0.22447868 0.8605368 0.42492995 0.8599071 0.86148244 0.8611671 0.22582883 0.22286172 0.023463218 0.5649914 0.56541634 0.9962078 0.9958304 0.42387336 0.42528248 0.0097632725 1.002652 0 0.3288012 0.3166533 0.58631986 0.58304906 0.9222244 0.8611671
0.9857129 0.90900373 0.9123715 0.35530797 0.35162324 0.33206376 0.33097467 0.8636934 0.41338858 0.86813504 0.8684533 0.85332674 0.33878887 0.33753312 0.3280265 0.5592783 0.5592783 0.9845971 0.9842255 0.41547385 0.4170416 0.3280265 0.9764649 0.3288012 0 0.2830957 0.57482624 0.57590306 0.9110226 0.86813504
0.9680563 0.8953518 0.8904187 0.33800378 0.34193748 0.31909782 0.31955704 0.84402525 0.40682322 0.83911127 0.84095025 0.84279376 0.3237028 0.32093644 0.31482518 0.549644 0.5492279 0.98794943 0.98907024 0.40562007 0.40613547 0.31573868 0.97352946 0.3166533 0.2830957 0 0.5765499 0.5632941 0.89865875 0.8336212
1.002652 0.92085767 0.91575444 0.58828926 0.5850098 0.59246385 0.585228 0.88943595 0.5946704 0.8910746 0.8881276 0.8851922 0.59599745 0.5962188 0.58588296 0.5529811 0.5548647 1.0278157 1.0313674 0.5920233 0.59224355 0.5847917 1.032159 0.58631986 0.57482624 0.5765499 0 0.29101366 0.9184719 0.88064873
1.0030329 0.9259958 0.9188122 0.5819619 0.57979244 0.5887276 0.58239657 0.88910866 0.58763224 0.8842163 0.88682157 0.8907466 0.59533364 0.5957761 0.58348435 0.5448729 0.5450797 1.0227151 1.0211525 0.5847917 0.5850098 0.585228 1.032159 0.58304906 0.57590306 0.5632941 0.29101366 0 0.91203403 0.87774235
1.005704 0.22057699 0.21456252 0.90665525 0.9006499 0.9256522 0.93082345 0.8999856 0.9053166 0.90766084 0.9043141 0.87774235 0.936379 0.9360306 0.92017525 0.9287507 0.9304776 1.0653539 1.0678414 0.90498227 0.9059856 0.92119914 1.0385218 0.9222244 0.9110226 0.89865875 0.9184719 0.91203403 0 0.91949344
0.9962078 0.9335961 0.9106857 0.864643 0.85802114 0.86813504 0.8624292 0.20097494 0.88291705 0.20346294 0.20674925 0.45697227 0.8812961 0.8803252 0.8592779 0.8703658 0.86909026 0.9969631 0.9950763 0.8904187 0.8923881 0.86337715 0.98496884 0.8611671 0.86813504 0.8336212 0.88064873 0.87774235 0.91949344 0
