0 0.99961257 0.91203403 0.9086678 0.9184719 0.91915274 1.018426 0.927372 0.9174517 1.0305767 0.7656831 0.9242792 0.75960124 1.0297868 1.0234975 1.0176488 1.0160967 1.0087683 1.0149349 1.0289978 1.0289978 0.7712552 0.761255 0.7701374 0.9160936 0.9229087 0.93568236 0.74704176 0.7712552 0.7557565
0.99961257 0 0.98645765 0.98348296 1.0099207 1.0110749 0.47014514 1.0203725 1.0118452 0.46585247 1.0072346 0.99545324 1.019204 0.27281064 0.27151692 0.4731459 0.4718316 0.47070688 0.47014514 0.4675293 0.46715635 1.0087683 1.000751 1.0053219 0.96010065 1.0037951 0.99961257 1.0091523 1.0137748 1.0037951
0.91203403 0.98645765 0 0.27367437 0.864643 0.86591095 1.0034139 0.6267246 0.6334428 0.9962078 0.9242792 0.85488826 0.92119914 0.99658537 1.0022715 0.99169195 0.99545324 1.01069 1.0087683 1.0041765 1.0041765 0.92771643 0.9059856 0.92840576 0.5709624 0.5677578 0.86337715 0.91779155 0.929441 0.91169673
0.9086678 0.98348296 0.27367437 0 0.8668633 0.8684533 1.0034139 0.6367077 0.6362405 0.9943229 0.9249654 0.8542633 0.9225665 0.98645765 0.9920673 0.9827411 0.9857129 0.9950763 1.000751 1.0110749 1.0076177 0.927372 0.9188122 0.927372 0.5731065 0.5641423 0.87100434 0.91575444 0.9322085 0.91406107
0.9184719 1.0099207 0.864643 0.8668633 0 0.19381903 1.0172604 0.8783872 0.88064873 1.0137748 0.9059856 0.69173163 0.8943626 1.0262426 1.0266355 1.0118452 1.018426 1.0180373 1.014548 1.0223241 1.0234975 0.90799636 0.9019803 0.91169673 0.8662283 0.87420535 0.48929188 0.91439945 0.9225665 0.92909575
0.91915274 1.0110749 0.86591095 0.8684533 0.19381903 0 1.0080011 0.870685 0.8726031 1.01146 0.9133848 0.69349426 0.9029796 1.0234975 1.0231062 1.0168724 1.0223241 1.0262426 1.025065 1.0188149 1.0211525 0.90498227 0.91711193 0.9086678 0.8722831 0.8729233 0.49044484 0.91406107 0.9301319 0.9349863
1.018426 0.47014514 1.0034139 1.0034139 1.0172604 1.0080011 0 1.0211525 1.0103053 0.12921901 1.0095364 1.0122308 1.0211525 0.4923704 0.491407 0.4095806 0.40716735 0.42634106 0.42740113 0.13005109 0.12838785 1.0137748 1.0060863 1.0126165 0.97867405 1.0172604 0.99357027 0.99999183 1.0160967 1.0126165
0.927372 1.0203725 0.6267246 0.6367077 0.8783872 0.870685 1.0211525 0 0.12838785 1.0305767 0.9253087 0.8722831 0.92840576 1.0385218 1.042526 1.0022715 1.0015109 1.0227151 1.0199828 1.0286036 1.0282096 0.92771643 0.9270277 0.9249654 0.6421026 0.64257354 0.8970035 0.9100125 0.9263396 0.92119914
0.9174517 1.0118452 0.6334428 0.6362405 0.88064873 0.8726031 1.0103053 0.12838785 0 1.0110749 0.92085767 0.87581104 0.9218825 1.0337447 1.0349361 0.99545324 0.9943229 1.019204 1.0172604 1.0238891 1.0242808 0.92154074 0.9113596 0.91983426 0.63088745 0.63975227 0.8855178 0.9043141 0.9218825 0.92017525
1.0305767 0.46585247 0.9962078 0.9943229 1.0137748 1.01146 0.12921901 1.0305767 1.0110749 0 1.0211525 1.0003713 1.0286036 0.48660854 0.48833245 0.40014434 0.39776123 0.42475376 0.4251062 0.105481744 0.1041018 1.018426 1.0118452 1.0157093 0.9894442 1.0231062 1.0015109 1.0041765 1.0126165 1.0160967
0.7656831 1.0072346 0.9242792 0.9249654 0.9059856 0.9133848 1.0095364 0.9253087 0.92085767 1.0211525 0 0.94549555 0.1045615 1.0417235 1.0349361 1.0087683 1.0164845 1.0076177 1.0130024 1.025065 1.025065 0.10444655 0.6017752 0.10398692 0.91949344 0.94479036 0.927372 0.7170537 0.73842716 0.36468107
0.9242792 0.99545324 0.85488826 0.8542633 0.69173163 0.69349426 1.0122308 0.8722831 0.87581104 1.0003713 0.94549555 0 0.9322085 1.0149349 1.0157093 0.99131685 0.9924427 0.99281836 0.9950763 1.0064689 1.0095364 0.9500957 0.9086678 0.94867724 0.8713238 0.8602219 0.6904751 0.9360306 0.944438 0.94232726
0.75960124 1.019204 0.92119914 0.9225665 0.8943626 0.9029796 1.0211525 0.92840576 0.9218825 1.0286036 0.1045615 0.9322085 0 1.0546688 1.0421246 1.0211525 1.0282096 1.0215429 1.0270288 1.0329514 1.0297868 0.10824928 0.6037857 0.10640312 0.9301319 0.9339434 0.9242792 0.72463614 0.7473126 0.3687576
1.0297868 0.27281064 0.99658537 0.98645765 1.0262426 1.0234975 0.4923704 1.0385218 1.0337447 0.48660854 1.0417235 1.0149349 1.0546688 0 0.048323896 0.48241112 0.48184055 0.48184055 0.4846977 0.49044484 0.4890999 1.0441338 1.025065 1.042526 0.97170067 1.0110749 1.0087683 1.0317632 1.0262426 1.0510052
1.0234975 0.27151692 1.0022715 0.9920673 1.0266355 1.0231062 0.491407 1.042526 1.0349361 0.48833245 1.0349361 1.0157093 1.0421246 0.048323896 0 0.4846977 0.48546144 0.483363 0.4856525 0.4917922 0.49121448 1.0373245 1.0180373 1.0361294 0.9838541 1.0118452 1.0091523 1.032159 1.0254573 1.0522244
1.0176488 0.4731459 0.99169195 0.9827411 1.0118452 1.0168724 0.4095806 1.0022715 0.99545324 0.40014434 1.0087683 0.99131685 1.0211525 0.48241112 0.4846977 0 0.038996473 0.42722434 0.42810866 0.405105 0.4039046 1.0180373 1.0083846 1.0157093 1.0126165 1.0130024 0.9920673 0.99169195 1.0072346 1.0130024
1.0160967 0.4718316 0.99545324 0.9857129 1.018426 1.0223241 0.40716735 1.0015109 0.9943229 0.39776123 1.0164845 0.9924427 1.0282096 0.48184055 0.48546144 0.038996473 0 0.4261645 0.42634106 0.4028772 0.4018512 1.0211525 1.0022715 1.0188149 1.0034139 1.0126165 0.9950763 0.9946995 1.01146 1.0207624
1.0087683 0.47070688 1.01069 0.9950763 1.0180373 1.0262426 0.42634106 1.0227151 1.019204 0.42475376 1.0076177 0.99281836 1.0215429 0.48184055 0.483363 0.42722434 0.4261645 0 0.021402493 0.4261645 0.4258116 1.01146 0.99734104 1.0091523 0.9939465 1.002652 1.019204 0.99961257 1.0157093 1.0064689
1.0149349 0.47014514 1.0087683 1.000751 1.014548 1.025065 0.42740113 1.0199828 1.0172604 0.4251062 1.0130024 0.9950763 1.0270288 0.4846977 0.4856525 0.42810866 0.42634106 0.021402493 0 0.42669424 0.42598802 1.0172604 1.0041765 1.0149349 0.99545324 0.99961257 1.0133885 0.99923354 1.014548 1.0080011
1.0289978 0.4675293 1.0041765 1.0110749 1.0223241 1.0188149 0.13005109 1.0286036 1.0238891 0.105481744 1.025065 1.0064689 1.0329514 0.49044484 0.4917922 0.405105 0.4028772 0.4261645 0.42669424 0 0.00966197 1.0242808 1.0258498 1.0219333 0.99169195 1.0130024 1.005704 1.0254573 1.0234975 1.025065
1.0289978 0.46715635 1.0041765 1.0076177 1.0234975 1.0211525 0.12838785 1.0282096 1.0242808 0.1041018 1.025065 1.0095364 1.0297868 0.4890999 0.49121448 0.4039046 0.4018512 0.4258116 0.42598802 0.00966197 0 1.0231062 1.0278157 1.0207624 0.99056727 1.01146 1.005704 1.0219333 1.0231062 1.0231062
0.7712552 1.0087683 0.92771643 0.927372 0.90799636 0.90498227 1.0137748 0.92771643 0.92154074 1.018426 0.10444655 0.9500957 0.10824928 1.0441338 1.0373245 1.0180373 1.0211525 1.01146 1.0172604 1.0242808 1.0231062 0 0.610752 0.0097632725 0.91711193 0.94162506 0.9370764 0.71887696 0.74541897 0.37072223
0.761255 1.000751 0.9059856 0.9188122 0.9019803 0.91711193 1.0060863 0.9270277 0.9113596 1.0118452 0.6017752 0.9086678 0.6037857 1.025065 1.0180373 1.0083846 1.0022715 0.99734104 1.0041765 1.0258498 1.0278157 0.610752 0 0.609624 0.9266836 0.92154074 0.91203403 0.7139384 0.7341567 0.60535306
0.7701374 1.0053219 0.92840576 0.927372 0.91169673 0.9086678 1.0126165 0.9249654 0.91983426 1.0157093 0.10398692 0.94867724 0.10640312 1.042526 1.0361294 1.0157093 1.0188149 1.0091523 1.0149349 1.0219333 1.0207624 0.0097632725 0.609624 0 0.9160936 0.9370764 0.9349863 0.7165336 0.7432607 0.3697393
0.9160936 0.96010065 0.5709624 0.5731065 0.8662283 0.8722831 0.97867405 0.6421026 0.63088745 0.9894442 0.91949344 0.8713238 0.9301319 0.97170067 0.9838541 1.0126165 1.0034139 0.9939465 0.99545324 0.99169195 0.99056727 0.91711193 0.9266836 0.9160936 0 0.5845737 0.8787099 0.9069903 0.9270277 0.91575444
0.9229087 1.0037951 0.5677578 0.5641423 0.87420535 0.8729233 1.0172604 0.64257354 0.63975227 1.0231062 0.94479036 0.8602219 0.9339434 1.0110749 1.0118452 1.0130024 1.0126165 1.002652 0.99961257 1.0130024 1.01146 0.94162506 0.92154074 0.9370764 0.5845737 0 0.87774235 0.9150766 0.94267863 0.94620144
0.93568236 0.99961257 0.86337715 0.87100434 0.48929188 0.49044484 0.99357027 0.8970035 0.8855178 1.0015109 0.927372 0.6904751 0.9242792 1.0087683 1.0091523 0.9920673 0.9950763 1.019204 1.0133885 1.005704 1.005704 0.9370764 0.91203403 0.9349863 0.8787099 0.87774235 0 0.9256522 0.9433819 0.94514287
0.74704176 1.0091523 0.91779155 0.91575444 0.91439945 0.91406107 0.99999183 0.9100125 0.9043141 1.0041765 0.7170537 0.9360306 0.72463614 1.0317632 1.032159 0.99169195 0.9946995 0.99961257 0.99923354 1.0254573 1.0219333 0.71887696 0.7139384 0.7165336 0.9069903 0.9150766 0.9256522 0 0.4540354 0.71627367
0.7712552 1.0137748 0.929441 0.9322085 0.9225665 0.9301319 1.0160967 0.9263396 0.9218825 1.0126165 0.73842716 0.944438 0.7473126 1.0262426 1.0254573 1.0072346 1.01146 1.0157093 1.014548 1.0234975 1.0231062 0.74541897 0.7341567 0.7432607 0.9270277 0.94267863 0.9433819 0.4540354 0 0.7408401
0.7557565 1.0037951 0.91169673 0.91406107 0.92909575 0.9349863 1.0126165 0.92119914 0.92017525 1.0160967 0.36468107 0.94232726 0.3687576 1.0510052 1.0522244 1.0130024 1.0207624 1.0064689 1.0080011 1.025065 1.0231062 0.37072223 0.60535306 0.3697393 0.91575444 0.94620144 0.94514287 0.71627367 0.7408401 0
