0 0.9943229 0.9946995 0.99131685 0.99961257 0.9969631 0.99169195 0.98869646 1.0022715 1.01069 1.005704 1.0168724 0.97573 0.9698763 0.9977191 0.9980974 1.000751 0.99131685 0.98757625 0.99885464 1.0095364 1.0022715 1.0072346 1.0037951 0.9977191 1.0137748 0.7478545 0.74704176 0.7427221 0.97867405
0.9943229 0 0.17818545 1.0176488 1.0126165 1.0080011 0.99131685 1.0068517 1.0083846 1.0293922 1.0072346 1.0203725 1.0060863 1.01146 1.0293922 1.0211525 1.0246727 1.018426 1.0160967 1.0168724 1.0242808 0.75002605 0.9939465 0.7483968 1.0141612 0.4522057 0.98645765 0.99357027 0.9898184 1.0045581
0.9946995 0.17818545 0 1.0176488 1.0072346 0.99923354 0.9775687 1.0099207 1.0083846 1.030972 0.9969631 1.0049399 0.9980974 0.9962078 1.0195932 1.0076177 1.0126165 0.99999183 1.002652 1.0045581 1.0095364 0.7565787 0.9894442 0.75384146 1.0099207 0.44276246 0.97426224 0.97316337 0.9738958 0.9894442
0.99131685 1.0176488 1.0176488 0 0.2759825 0.26110503 0.25884217 0.18365853 0.18174478 0.18865727 0.1841697 0.56117785 0.33768997 0.33706275 0.2702254 0.26593643 0.27065566 0.27281064 0.27166054 0.26351684 0.2718042 1.0118452 0.7867954 1.0068517 0.79223955 1.032159 1.0060863 0.9977191 1.0199828 0.34193748
0.99961257 1.0126165 1.0072346 0.2759825 0 0.26736337 0.27209163 0.26922247 0.27526045 0.2754048 0.27252296 0.5632941 0.33643606 0.3358099 0.28178412 0.27916783 0.1637414 0.16125754 0.15952373 0.2743949 0.28105646 1.0003713 0.80587894 0.99357027 0.8023729 1.0329514 1.0011308 0.9950763 1.0022715 0.34351677
0.9969631 1.0080011 0.99923354 0.26110503 0.26736337 0 0.130289 0.2519543 0.2567269 0.26337475 0.25968993 0.5533992 0.3288012 0.32555276 0.22758764 0.22420895 0.2601142 0.2616718 0.2585598 0.22407411 0.22785859 0.99999183 0.7876524 0.9946995 0.79483217 1.0076177 0.9775687 0.98051995 0.98645765 0.33768997
0.99169195 0.99131685 0.9775687 0.25884217 0.27209163 0.130289 0 0.25265422 0.2556012 0.25954857 0.25616384 0.55381763 0.33081922 0.33221948 0.23057352 0.22609913 0.26280668 0.26223904 0.26053867 0.22461359 0.23084556 0.99169195 0.78195757 0.98645765 0.7876524 1.001891 0.98683035 0.9816297 0.99545324 0.3373763
0.98869646 1.0068517 1.0099207 0.18365853 0.26922247 0.2519543 0.25265422 0 0.130289 0.1361414 0.13267222 0.5529811 0.33237523 0.32895625 0.26365894 0.2565861 0.26522398 0.26508155 0.2646545 0.2565861 0.2616718 1.0160967 0.7836615 1.0072346 0.7825251 1.0188149 0.99357027 0.9872032 0.99885464 0.33816072
1.0022715 1.0083846 1.0083846 0.18174478 0.27526045 0.2567269 0.2556012 0.130289 0 0.11848517 0.11626329 0.5630822 0.33144122 0.33113015 0.26764908 0.26394325 0.27151692 0.27008206 0.27094263 0.26181358 0.26764908 1.0172604 0.7928149 1.0103053 0.79917336 1.0317632 0.99281836 0.9853408 1.0068517 0.34083396
1.01069 1.0293922 1.030972 0.18865727 0.2754048 0.26337475 0.25954857 0.1361414 0.11848517 0 0.1070949 0.56733155 0.33941755 0.3392603 0.2712297 0.26593643 0.27209163 0.27367437 0.27324238 0.2653664 0.26950887 1.019204 0.8003352 1.0160967 0.79888314 1.0401208 1.0083846 1.0003713 1.0188149 0.34716177
1.005704 1.0072346 0.9969631 0.1841697 0.27252296 0.25968993 0.25616384 0.13267222 0.11626329 0.1070949 0 0.5632941 0.33455908 0.3326868 0.26807785 0.26209718 0.2679349 0.26864994 0.2679349 0.2609634 0.266935 1.0083846 0.78082377 1.0022715 0.79512084 1.0180373 1.0072346 1.0030329 1.015322 0.33768997
1.0168724 1.0203725 1.0049399 0.56117785 0.5632941 0.5533992 0.55381763 0.5529811 0.5630822 0.56733155 0.5632941 0 0.560333 0.55006033 0.5616006 0.5561231 0.56012195 0.5571734 0.5542363 0.54860425 0.5550743 1.0349361 0.78736657 1.0345387 0.79425526 1.0373245 0.99545324 1.0045581 1.0164845 0.5515193
0.97573 1.0060863 0.9980974 0.33768997 0.33643606 0.3288012 0.33081922 0.33237523 0.33144122 0.33941755 0.33455908 0.560333 0 0.0815803 0.33690602 0.33455908 0.32462722 0.3280265 0.32201102 0.33035305 0.335497 0.9943229 0.7796917 0.99169195 0.78337723 1.0317632 0.98757625 0.97720057 0.9939465 0.18994439
0.9698763 1.01146 0.9962078 0.33706275 0.3358099 0.32555276 0.33221948 0.32895625 0.33113015 0.3392603 0.3326868 0.55006033 0.0815803 0 0.33471534 0.3337784 0.3270979 0.32957673 0.32586154 0.32942155 0.335497 0.98237044 0.77884376 0.98237044 0.78337723 1.0215429 0.9943229 0.97573 1.0003713 0.18968678
0.9977191 1.0293922 1.0195932 0.2702254 0.28178412 0.22758764 0.23057352 0.26365894 0.26764908 0.2712297 0.26807785 0.5616006 0.33690602 0.33471534 0 0.070293576 0.2754048 0.2759825 0.27166054 0.092926286 0.09849323 1.0037951 0.7902292 1.0011308 0.8038317 1.0341415 0.98832285 0.98237044 1.0015109 0.34668535
0.9980974 1.0211525 1.0076177 0.26593643 0.27916783 0.22420895 0.22609913 0.2565861 0.26394325 0.26593643 0.26209718 0.5561231 0.33455908 0.3337784 0.070293576 0 0.27295452 0.27223536 0.26764908 0.09010185 0.0966709 1.0030329 0.78110707 0.99923354 0.7928149 1.0242808 0.99658537 0.98794943 1.0015109 0.34162202
1.000751 1.0246727 1.0126165 0.27065566 0.1637414 0.2601142 0.26280668 0.26522398 0.27151692 0.27209163 0.2679349 0.56012195 0.32462722 0.3270979 0.2754048 0.27295452 0 0.06373281 0.061884318 0.267792 0.27223536 1.0133885 0.79310274 1.0030329 0.79888314 1.0421246 1.002652 0.99056727 1.0041765 0.33144122
0.99131685 1.018426 0.99999183 0.27281064 0.16125754 0.2616718 0.26223904 0.26508155 0.27008206 0.27367437 0.26864994 0.5571734 0.3280265 0.32957673 0.2759825 0.27223536 0.06373281 0 0.04608747 0.26822084 0.27281064 1.0034139 0.7913773 0.9969631 0.79743385 1.0301816 0.9962078 0.99169195 1.0080011 0.33690602
0.98757625 1.0160967 1.002652 0.27166054 0.15952373 0.2585598 0.26053867 0.2646545 0.27094263 0.27324238 0.2679349 0.5542363 0.32201102 0.32586154 0.27166054 0.26764908 0.061884318 0.04608747 0 0.26309067 0.26836383 0.9969631 0.78195757 0.9898184 0.791952 1.0349361 0.9872032 0.9827411 0.9980974 0.33206376
0.99885464 1.0168724 1.0045581 0.26351684 0.2743949 0.22407411 0.22461359 0.2565861 0.26181358 0.2653664 0.2609634 0.54860425 0.33035305 0.32942155 0.092926286 0.09010185 0.267792 0.26822084 0.26309067 0 0.0435397 0.9977191 0.7847996 0.9962078 0.79540956 1.0242808 0.9958304 0.9898184 0.99923354 0.33800378
1.0095364 1.0242808 1.0095364 0.2718042 0.28105646 0.22785859 0.23084556 0.2616718 0.26764908 0.26950887 0.266935 0.5550743 0.335497 0.335497 0.09849323 0.0966709 0.27223536 0.27281064 0.26836383 0.0435397 0 1.0003713 0.7885103 0.9977191 0.7994636 1.0341415 1.0041765 0.99545324 1.0041765 0.3422531
1.0022715 0.75002605 0.7565787 1.0118452 1.0003713 0.99999183 0.99169195 1.0160967 1.0172604 1.019204 1.0083846 1.0349361 0.9943229 0.98237044 1.0037951 1.0030329 1.0133885 1.0034139 0.9969631 0.9977191 1.0003713 0 1.0037951 0.041528832 1.032159 0.7706961 1.01146 1.0110749 1.0188149 0.9950763
1.0072346 0.9939465 0.9894442 0.7867954 0.80587894 0.7876524 0.78195757 0.7836615 0.7928149 0.8003352 0.78082377 0.78736657 0.7796917 0.77884376 0.7902292 0.78110707 0.79310274 0.7913773 0.78195757 0.7847996 0.7885103 1.0037951 0 1.0130024 0.4443884 0.9980974 0.98907024 0.9853408 0.982 0.7796917
1.0037951 0.7483968 0.75384146 1.0068517 0.99357027 0.9946995 0.98645765 1.0072346 1.0103053 1.0160967 1.0022715 1.0345387 0.99169195 0.98237044 1.0011308 0.99923354 1.0030329 0.9969631 0.9898184 0.9962078 0.9977191 0.041528832 1.0130024 0 1.0278157 0.76790696 1.0053219 1.0072346 1.0130024 0.990942
0.9977191 1.0141612 1.0099207 0.79223955 0.8023729 0.79483217 0.7876524 0.7825251 0.79917336 0.79888314 0.79512084 0.79425526 0.78337723 0.78337723 0.8038317 0.7928149 0.79888314 0.79743385 0.791952 0.79540956 0.7994636 1.032159 0.4443884 1.0278157 0 1.0282096 1.0133885 1.0274222 1.0137748 0.79252714
1.0137748 0.4522057 0.44276246 1.032159 1.0329514 1.0076177 1.001891 1.0188149 1.0317632 1.0401208 1.0180373 1.0373245 1.0317632 1.0215429 1.0341415 1.0242808 1.0421246 1.0301816 1.0349361 1.0242808 1.0341415 0.7706961 0.9980974 0.76790696 1.0282096 0 1.0080011 0.99281836 1.0060863 1.0110749
0.7478545 0.98645765 0.97426224 1.0060863 1.0011308 0.9775687 0.98683035 0.99357027 0.99281836 1.0083846 1.0072346 0.99545324 0.98757625 0.9943229 0.98832285 0.99658537 1.002652 0.9962078 0.9872032 0.9958304 1.0041765 1.01146 0.98907024 1.0053219 1.0133885 1.0080011 0 0.22084542 0.22286172 1.0011308
0.74704176 0.99357027 0.97316337 0.9977191 0.9950763 0.98051995 0.9816297 0.9872032 0.9853408 1.0003713 1.0030329 1.0045581 0.97720057 0.97573 0.98237044 0.98794943 0.99056727 0.99169195 0.9827411 0.9898184 0.99545324 1.0110749 0.9853408 1.0072346 1.0274222 0.99281836 0.22084542 0 0.204513 0.9790429
0.7427221 0.9898184 0.9738958 1.0199828 1.0022715 0.98645765 0.99545324 0.99885464 1.0068517 1.0188149 1.015322 1.0164845 0.9939465 1.0003713 1.0015109 1.0015109 1.0041765 1.0080011 0.9980974 0.99923354 1.0041765 1.0188149 0.982 1.0130024 1.0137748 1.0060863 0.22286172 0.204513 0 1.0064689
0.97867405 1.0045581 0.9894442 0.34193748 0.34351677 0.33768997 0.3373763 0.33816072 0.34083396 0.34716177 0.33768997 0.5515193 0.18994439 0.18968678 0.34668535 0.34162202 0.33144122 0.33690602 0.33206376 0.33800378 0.3422531 0.9950763 0.7796917 0.990942 0.79252714 1.0110749 1.0011308 0.9790429 1.0064689 0
