0 0.9920673 0.97352946 0.9857129 0.990942 0.7709756 0.78708094 0.990942 0.78508437 0.7902292 0.79714435 0.80295604 0.7980132 0.8026644 0.80091685 0.99357027 0.98794943 0.80587894 0.80324787 0.9946995 0.9943229 0.8188765 0.9783054 0.82276016 0.98907024 0.9637064 0.80324787 0.7862246 0.7882242 0.799754
0.9920673 0 0.3122429 1.0080011 1.0122308 0.96298385 0.95294064 1.0015109 0.9698763 0.9943229 0.9669665 0.9575869 0.9706055 0.9673296 0.9673296 1.0195932 1.01146 0.99658537 0.9924427 1.000751 1.001891 0.9962078 0.6364741 0.9943229 0.71006244 0.6993151 0.9831119 0.97170067 1.0103053 0.9842255
0.97352946 0.3122429 0 1.0034139 0.99961257 0.95508146 0.9493862 1.0099207 0.97243166 0.97499573 0.9611805 0.9775687 0.9583042 0.9593815 0.9611805 1.015322 1.0099207 0.9894442 0.98125964 1.0030329 1.0060863 0.99056727 0.64257354 0.9898184 0.6932422 0.69148016 0.9695119 0.96841997 0.98683035 0.9746289
0.9857129 1.0080011 1.0034139 0 0.2835334 0.97316337 0.9775687 0.5289148 0.982 0.9931942 1.002652 0.98237044 1.0022715 0.9790429 0.99056727 0.5250785 0.52608615 1.0270288 1.0133885 0.5206608 0.52628785 1.0238891 1.000751 1.0188149 1.0053219 0.98348296 0.9939465 0.9962078 1.0030329 1.015322
0.990942 1.0122308 0.99961257 0.2835334 0 0.97609735 0.9662408 0.5132893 0.9687838 0.99357027 1.0122308 0.98907024 0.98832285 0.9872032 0.9946995 0.51091397 0.5126947 1.01069 0.9962078 0.50972915 0.51210064 1.0215429 1.0091523 1.0195932 1.0068517 0.99961257 0.982 0.9838541 0.99545324 1.0003713
0.7709756 0.96298385 0.95508146 0.97316337 0.97609735 0 0.27511612 0.96479154 0.71367943 0.71887696 0.5531901 0.7765873 0.54177755 0.70774645 0.70774645 0.9565121 0.9575869 0.7968549 0.7885103 0.97316337 0.9680563 0.5475659 0.9615409 0.54673624 0.96479154 0.9554389 0.5533992 0.44150028 0.40441883 0.532364
0.78708094 0.95294064 0.9493862 0.9775687 0.9662408 0.27511612 0 0.9593815 0.7267414 0.7354886 0.556543 0.7968549 0.54860425 0.71549445 0.7157541 0.96479154 0.96334505 0.79598737 0.7853693 0.9658782 0.9608204 0.55089366 0.94267863 0.5494359 0.96406794 0.9666036 0.54860425 0.4558696 0.40544835 0.5438397
0.990942 1.0015109 1.0099207 0.5289148 0.5132893 0.96479154 0.9593815 0 0.98683035 1.0060863 1.01146 0.9946995 0.99056727 0.97170067 0.97941184 0.34763852 0.34668535 1.0141612 1.0060863 0.25167447 0.25532004 1.0091523 0.98348296 1.0076177 1.0003713 0.99131685 0.9943229 0.9691478 0.96769285 0.9827411
0.78508437 0.9698763 0.97243166 0.982 0.9687838 0.71367943 0.7267414 0.98683035 0 0.18123527 0.72858834 0.8150128 0.7291169 0.624192 0.624192 0.97206604 0.9673296 0.80617183 0.79743385 0.9709704 0.97243166 0.74057156 0.9920673 0.73602206 0.97426224 0.96406794 0.71549445 0.7222747 0.72991043 0.71238565
0.7902292 0.9943229 0.97499573 0.9931942 0.99357027 0.71887696 0.7354886 1.0060863 0.18123527 0 0.7325615 0.8055861 0.7301751 0.6304238 0.6255724 0.9950763 0.99545324 0.81323624 0.8003352 0.99056727 0.9946995 0.7421839 0.99131685 0.74057156 0.9608204 0.9651536 0.7209661 0.7344229 0.7336246 0.71783453
0.79714435 0.9669665 0.9611805 1.002652 1.0122308 0.5531901 0.556543 1.01146 0.72858834 0.7325615 0 0.8114639 0.14725451 0.7408401 0.7386949 1.01069 1.0103053 0.81294054 0.80646485 1.0034139 1.0015109 0.5277012 0.9816297 0.52729714 0.990942 0.9472615 0.5264896 0.5542363 0.5494359 0.513091
0.80295604 0.9575869 0.9775687 0.98237044 0.98907024 0.7765873 0.7968549 0.9946995 0.8150128 0.8055861 0.8114639 0 0.8020814 0.81977093 0.8147164 1.0041765 1.0091523 0.7656831 0.75822586 0.9827411 0.98832285 0.81738806 0.9801504 0.82066643 0.9691478 0.98907024 0.79656565 0.7945437 0.80324787 0.80646485
0.7980132 0.9706055 0.9583042 1.0022715 0.98832285 0.54177755 0.54860425 0.99056727 0.7291169 0.7301751 0.14725451 0.8020814 0 0.7341567 0.7333587 0.99734104 0.9946995 0.80500084 0.79598737 0.97978103 0.9775687 0.52931976 0.97499573 0.52931976 1.000751 0.9349863 0.5258845 0.5552839 0.5548647 0.5103213
0.8026644 0.9673296 0.9593815 0.9790429 0.9872032 0.70774645 0.71549445 0.97170067 0.624192 0.6304238 0.7408401 0.81977093 0.7341567 0 0.122830965 0.9816297 0.97867405 0.8147164 0.80324787 0.959741 0.96226203 0.74406934 0.9662408 0.74110866 0.9706055 0.95508146 0.7309697 0.7241107 0.72568804 0.7328271
0.80091685 0.9673296 0.9611805 0.99056727 0.9946995 0.70774645 0.7157541 0.97941184 0.624192 0.6255724 0.7386949 0.8147164 0.7333587 0.122830965 0 0.9816297 0.9801504 0.80851924 0.79917336 0.96479154 0.96769285 0.7456892 0.9706055 0.7437997 0.97024083 0.9655158 0.72779626 0.7241107 0.7259512 0.7320306
0.99357027 1.0195932 1.015322 0.5250785 0.51091397 0.9565121 0.96479154 0.34763852 0.97206604 0.9950763 1.01069 1.0041765 0.99734104 0.9816297 0.9816297 0 0.044387996 1.0337447 1.0215429 0.3348716 0.33894598 1.01146 0.9845971 1.0060863 0.9898184 0.97426224 0.99169195 0.97978103 0.9827411 1.014548
0.98794943 1.01146 1.0099207 0.52608615 0.5126947 0.9575869 0.96334505 0.34668535 0.9673296 0.99545324 1.0103053 1.0091523 0.9946995 0.97867405 0.9801504 0.044387996 0 1.025065 1.0133885 0.33674935 0.34051898 1.0060863 0.9816297 1.0003713 0.9838541 0.9706055 0.9943229 0.9764649 0.98125964 1.0141612
0.80587894 0.99658537 0.9894442 1.0270288 1.01069 0.7968549 0.79598737 1.0141612 0.80617183 0.81323624 0.81294054 0.7656831 0.80500084 0.8147164 0.80851924 1.0337447 1.025065 0 0.038259473 1.0068517 1.0076177 0.8272665 0.98757625 0.8257614 0.9738958 0.99357027 0.80587894 0.8147164 0.8203678 0.81353205
0.80324787 0.9924427 0.98125964 1.0133885 0.9962078 0.7885103 0.7853693 1.0060863 0.79743385 0.8003352 0.80646485 0.75822586 0.79598737 0.80324787 0.79917336 1.0215429 1.0133885 0.038259473 0 0.99847597 1.0034139 0.8203678 0.982 0.8191745 0.97206604 0.9779369 0.80295604 0.80617183 0.8156059 0.80587894
0.9946995 1.000751 1.0030329 0.5206608 0.50972915 0.97316337 0.9658782 0.25167447 0.9709704 0.99056727 1.0034139 0.9827411 0.97978103 0.959741 0.96479154 0.3348716 0.33674935 1.0068517 0.99847597 0 0.027913041 0.99999183 0.98907024 0.99923354 0.99357027 1.0011308 0.9713354 0.9808897 0.98237044 0.9946995
0.9943229 1.001891 1.0060863 0.52628785 0.51210064 0.9680563 0.9608204 0.25532004 0.97243166 0.9946995 1.0015109 0.98832285 0.9775687 0.96226203 0.96769285 0.33894598 0.34051898 1.0076177 1.0034139 0.027913041 0 1.0045581 0.9931942 1.0034139 1.0015109 1.0060863 0.9713354 0.9831119 0.97941184 0.9950763
0.8188765 0.9962078 0.99056727 1.0238891 1.0215429 0.5475659 0.55089366 1.0091523 0.74057156 0.7421839 0.5277012 0.81738806 0.52931976 0.74406934 0.7456892 1.01146 1.0060863 0.8272665 0.8203678 0.99999183 1.0045581 0 0.9808897 0.014743978 1.0080011 0.95866317 0.4869913 0.5544457 0.56393015 0.30050746
0.9783054 0.6364741 0.64257354 1.000751 1.0091523 0.9615409 0.94267863 0.98348296 0.9920673 0.99131685 0.9816297 0.9801504 0.97499573 0.9662408 0.9706055 0.9845971 0.9816297 0.98757625 0.982 0.98907024 0.9931942 0.9808897 0 0.98237044 0.70033205 0.6847222 0.9644296 0.9768326 0.97316337 0.959741
0.82276016 0.9943229 0.9898184 1.0188149 1.0195932 0.54673624 0.5494359 1.0076177 0.73602206 0.74057156 0.52729714 0.82066643 0.52931976 0.74110866 0.7437997 1.0060863 1.0003713 0.8257614 0.8191745 0.99923354 1.0034139 0.014743978 0.98237044 0 1.0072346 0.9583042 0.48679987 0.55256313 0.56054413 0.30080608
0.98907024 0.71006244 0.6932422 1.0053219 1.0068517 0.96479154 0.96406794 1.0003713 0.97426224 0.9608204 0.990942 0.9691478 1.000751 0.9706055 0.97024083 0.9898184 0.9838541 0.9738958 0.97206604 0.99357027 1.0015109 1.0080011 0.70033205 1.0072346 0 0.6123341 0.97720057 0.982 0.98757625 0.97352946
0.9637064 0.6993151 0.69148016 0.98348296 0.99961257 0.9554389 0.9666036 0.99131685 0.96406794 0.9651536 0.9472615 0.98907024 0.9349863 0.95508146 0.9655158 0.97426224 0.9706055 0.99357027 0.9779369 1.0011308 1.0060863 0.95866317 0.6847222 0.9583042 0.6123341 0 0.95080596 0.95615417 0.97352946 0.9662408
0.80324787 0.9831119 0.9695119 0.9939465 0.982 0.5533992 0.54860425 0.9943229 0.71549445 0.7209661 0.5264896 0.79656565 0.5258845 0.7309697 0.72779626 0.99169195 0.9943229 0.80587894 0.80295604 0.9713354 0.9713354 0.4869913 0.9644296 0.48679987 0.97720057 0.95080596 0 0.5492279 0.56117785 0.46864927
0.7862246 0.97170067 0.96841997 0.9962078 0.9838541 0.44150028 0.4558696 0.9691478 0.7222747 0.7344229 0.5542363 0.7945437 0.5552839 0.7241107 0.7241107 0.97978103 0.9764649 0.8147164 0.80617183 0.9808897 0.9831119 0.5544457 0.9768326 0.55256313 0.982 0.95615417 0.5492279 0 0.45312 0.5440462
0.7882242 1.0103053 0.98683035 1.0030329 0.99545324 0.40441883 0.40544835 0.96769285 0.72991043 0.7336246 0.5494359 0.80324787 0.5548647 0.72568804 0.7259512 0.9827411 0.98125964 0.8203678 0.8156059 0.98237044 0.97941184 0.56393015 0.97316337 0.56054413 0.98757625 0.97352946 0.56117785 0.45312 0 0.54322046
0.799754 0.9842255 0.9746289 1.015322 1.0003713 0.532364 0.5438397 0.9827411 0.71238565 0.71783453 0.513091 0.80646485 0.5103213 0.7328271 0.7320306 1.014548 1.0141612 0.81353205 0.80587894 0.9946995 0.9950763 0.30050746 0.959741 0.30080608 0.97352946 0.9662408 0.46864927 0.5440462 0.54322046 0
