0 1.0061645457 1.0027302457 1.0031111457 0.9970413457 0.9966636157 1.0065471457 1.0286818457 1.0294704457 1.0294704457 1.0154002457 1.0559721457 1.0092305457 1.0138530457 1.0350143457 1.0397990457 1.0405993457 1.0084628457 1.0092305457 1.0192822457 1.0165627457 1.0119234457 1.0330296457 1.0099989457 0.5945277057 0.5863981057 0.9887747057 1.0138530457 1.0054001457 1.0161749457
1.0061645457 0 0.3517014857 0.3338566457 0.3326092457 0.2409212157 0.2459009457 0.9448686057 0.3555468157 0.3590891257 0.3512222057 0.9410016957 0.3466048457 0.3456530757 0.3475578257 0.3517014857 0.3507432157 0.3491488257 0.3501050657 0.9413524157 0.9427568757 0.3502645457 0.9399505057 0.3491488257 0.9824486857 0.9872814457 0.3563504457 0.3566720957 0.3181056257 0.3068819457
1.0027302457 0.3517014857 0 0.3616759057 0.3636218457 0.3581213757 0.3618378457 0.9583824457 0.3202480457 0.3254766957 0.3162741257 0.9587414157 0.3216285457 0.3234731957 0.3694901657 0.3742510257 0.3704726857 0.1933794957 0.1924742457 0.9533752457 0.9540885457 0.3139909957 0.9533752457 0.3132315157 1.0050181457 1.0069299457 0.3298101457 0.2772174957 0.3672025657 0.3654100757
1.0031111457 0.3338566457 0.3616759057 0 0.1309623457 0.3347935857 0.3385529657 0.9616191457 0.3681821057 0.3703088457 0.3589277457 0.9583824457 0.3545836457 0.3555468157 0.3242431457 0.3279498957 0.3267122657 0.3565112457 0.3568329957 0.9674078457 0.9659564457 0.3611901857 0.9608986457 0.3598965257 0.9928966057 0.9681345457 0.3600581157 0.3673657457 0.3493081157 0.3413849657
0.9970413457 0.3326092457 0.3636218457 0.1309623457 0 0.3372977457 0.3424891657 0.9533752457 0.3688358457 0.3668763457 0.3558681757 0.9469862457 0.3568329957 0.3589277457 0.3274855457 0.3312083957 0.3308974657 0.3571548857 0.3563504457 0.9562324157 0.9540885457 0.3600581157 0.9487554857 0.3584438157 0.9828193457 0.9739740457 0.3577990657 0.3676921857 0.3510624957 0.3439112757
0.9966636157 0.2409212157 0.3581213757 0.3347935857 0.3372977457 0 0.1098308757 0.9558747457 0.3571548857 0.3602197457 0.3544232457 0.9487554857 0.3513819157 0.3501050657 0.3445441857 0.3447024957 0.3447024957 0.3528210057 0.3547440957 0.9515951157 0.9519507457 0.3528210057 0.9410016957 0.3510624957 0.9761755957 0.9747071457 0.3565112457 0.3576379857 0.3185641957 0.3080872457
1.0065471457 0.2459009457 0.3618378457 0.3385529657 0.3424891657 0.1098308757 0 0.9431084457 0.3603813757 0.3660614057 0.3587663957 0.9427568757 0.3582825757 0.3553862157 0.3464461457 0.3481938457 0.3473989257 0.3597349657 0.3603813757 0.9427568757 0.9424055057 0.3594119657 0.9403007457 0.3584438157 0.9865358957 0.9809679457 0.3645967057 0.3629726457 0.3210146857 0.3088415457
1.0286818457 0.9448686057 0.9583824457 0.9616191457 0.9533752457 0.9558747457 0.9431084457 0 0.9857911457 0.9739740457 0.9674078457 0.3526609657 0.9562324157 0.9505289457 0.9872814457 0.9902709457 0.9865358957 0.9455737957 0.9459266457 0.1106416257 0.1105257457 0.9634232957 0.3377682157 0.9630620957 1.0076959457 1.0111531457 0.9573066457 0.9761755957 0.9608986457 0.9462796857
1.0294704457 0.3555468157 0.3202480457 0.3681821057 0.3688358457 0.3571548857 0.3603813757 0.9857911457 0 0.1142426557 0.1966214757 0.9765431457 0.3265577057 0.3268668457 0.3778830057 0.3836976457 0.3788766157 0.3161216857 0.3147512857 0.9850470857 0.9850470857 0.1959719657 0.9645078457 0.1948042357 1.0255355457 1.0322372457 0.3293446757 0.3199415957 0.3642715957 0.3632971457
1.0294704457 0.3590891257 0.3254766957 0.3703088457 0.3668763457 0.3602197457 0.3660614057 0.9739740457 0.1142426557 0 0.1979222157 0.9569484457 0.3335446257 0.3341688457 0.3810339157 0.3865382257 0.3828641957 0.3179528257 0.3171892957 0.9813378857 0.9794900857 0.1961018157 0.9487554857 0.1949338957 1.0243590457 1.0314456457 0.3324534757 0.3228578157 0.3658985057 0.3594119657
1.0154002457 0.3512222057 0.3162741257 0.3589277457 0.3558681757 0.3544232457 0.3587663957 0.9674078457 0.1966214757 0.1979222157 0 0.9580237157 0.3207079457 0.3225503157 0.3678554457 0.3698175457 0.3670394257 0.3123211457 0.3130796957 0.9630620957 0.9630620957 0.0956124456999999 0.9512395457 0.0943640456999999 1.0107682457 1.0119234457 0.3248596657 0.3167315457 0.3571548857 0.3552256457
1.0559721457 0.9410016957 0.9587414157 0.9583824457 0.9469862457 0.9487554857 0.9427568757 0.3526609657 0.9765431457 0.9569484457 0.9580237157 0 0.9473397457 0.9438119957 0.9824486857 0.9817079457 0.9706837457 0.9462796857 0.9448686057 0.3582825757 0.3586051057 0.9466328457 0.3544232457 0.9476934457 1.0362076457 1.0278939457 0.9476934457 0.9758082457 0.9519507457 0.9357606057
1.0092305457 0.3466048457 0.3216285457 0.3545836457 0.3568329957 0.3513819157 0.3582825757 0.9562324157 0.3265577057 0.3335446257 0.3207079457 0.9473397457 0 0.0808785156999999 0.3624860757 0.3619998457 0.3628104157 0.3161216857 0.3162741257 0.9612587457 0.9594597457 0.3214750457 0.9487554857 0.3197884457 0.9850470857 0.9884010957 0.2782310957 0.3193290957 0.3621618857 0.3501050657
1.0138530457 0.3456530757 0.3234731957 0.3555468157 0.3589277457 0.3501050657 0.3553862157 0.9505289457 0.3268668457 0.3341688457 0.3225503157 0.9438119957 0.0808785156999999 0 0.3616759057 0.3649219457 0.3636218457 0.3170367057 0.3170367057 0.9526626957 0.9515951157 0.3256310057 0.9469862457 0.3236270957 0.9928966057 1.0038733457 0.2773622157 0.3199415957 0.3611901857 0.3518613157
1.0350143457 0.3475578257 0.3694901657 0.3242431457 0.3274855457 0.3445441857 0.3464461457 0.9872814457 0.3778830057 0.3810339157 0.3678554457 0.9824486857 0.3624860757 0.3616759057 0 0.0748882516999999 0.0736738516999999 0.3639466657 0.3623239857 0.9857911457 0.9857911457 0.3693265157 0.9798592757 0.3680187657 1.0185042457 1.0115382457 0.3670394257 0.3721131257 0.3613520757 0.3512222057
1.0397990457 0.3517014857 0.3742510257 0.3279498957 0.3312083957 0.3447024957 0.3481938457 0.9902709457 0.3836976457 0.3865382257 0.3698175457 0.9817079457 0.3619998457 0.3649219457 0.0748882516999999 0 0.0445723456999999 0.3621618857 0.3610283457 0.9865358957 0.9872814457 0.3714565157 0.9754410457 0.3698175457 1.0346169457 1.0247509457 0.3722773657 0.3727702957 0.3681821057 0.3568329957
1.0405993457 0.3507432157 0.3704726857 0.3267122657 0.3308974657 0.3447024957 0.3473989257 0.9865358957 0.3788766157 0.3828641957 0.3670394257 0.9706837457 0.3628104157 0.3636218457 0.0736738516999999 0.0445723456999999 0 0.3634594857 0.3619998457 0.9809679457 0.9813378857 0.3667132657 0.9703190757 0.3652473257 1.0239673457 1.0196714457 0.3688358457 0.3722773657 0.3644341457 0.3557074857
1.0084628457 0.3491488257 0.1933794957 0.3565112457 0.3571548857 0.3528210057 0.3597349657 0.9455737957 0.3161216857 0.3179528257 0.3123211457 0.9462796857 0.3161216857 0.3170367057 0.3639466657 0.3621618857 0.3634594857 0 0.0125818966999999 0.9469862457 0.9438119957 0.3112604157 0.9413524157 0.3102012157 1.0019692457 0.9996908157 0.3253223757 0.2720261657 0.3683454857 0.3600581157
1.0092305457 0.3501050657 0.1924742457 0.3568329957 0.3563504457 0.3547440957 0.3603813757 0.9459266457 0.3147512857 0.3171892957 0.3130796957 0.9448686057 0.3162741257 0.3170367057 0.3623239857 0.3610283457 0.3619998457 0.0125818966999999 0 0.9491098957 0.9452211157 0.3115633257 0.9389008457 0.3105036757 1.0038733457 1.0012090457 0.3251681157 0.2715951657 0.3675289257 0.3598965257
1.0192822457 0.9413524157 0.9533752457 0.9674078457 0.9562324157 0.9515951157 0.9427568757 0.1106416257 0.9850470857 0.9813378857 0.9630620957 0.3582825757 0.9612587457 0.9526626957 0.9857911457 0.9865358957 0.9809679457 0.9469862457 0.9491098957 0 0.0101455111999999 0.9576651457 0.3399676257 0.9580237157 1.0050181457 1.0173386457 0.9473397457 0.9791211457 0.9540885457 0.9375035457
1.0165627457 0.9427568757 0.9540885457 0.9659564457 0.9540885457 0.9519507457 0.9424055057 0.1105257457 0.9850470857 0.9794900857 0.9630620957 0.3586051057 0.9594597457 0.9515951157 0.9857911457 0.9872814457 0.9813378857 0.9438119957 0.9452211157 0.0101455111999999 0 0.9576651457 0.3399676257 0.9580237157 1.0054001457 1.0130806457 0.9473397457 0.9787522957 0.9540885457 0.9392505457
1.0119234457 0.3502645457 0.3139909957 0.3611901857 0.3600581157 0.3528210057 0.3594119657 0.9634232957 0.1959719657 0.1961018157 0.0956124456999999 0.9466328457 0.3214750457 0.3256310057 0.3693265157 0.3714565157 0.3667132657 0.3112604157 0.3115633257 0.9576651457 0.9576651457 0 0.9420543457 0.00459179999999992 1.0088465457 1.0157875457 0.3265577057 0.3173419457 0.3589277457 0.3555468157
1.0330296457 0.9399505057 0.9533752457 0.9608986457 0.9487554857 0.9410016957 0.9403007457 0.3377682157 0.9645078457 0.9487554857 0.9512395457 0.3544232457 0.9487554857 0.9469862457 0.9798592757 0.9754410457 0.9703190757 0.9413524157 0.9389008457 0.3399676257 0.3399676257 0.9420543457 0 0.9410016957 1.0286818457 1.0409999457 0.9441640457 0.9501739457 0.9448686057 0.9368058857
1.0099989457 0.3491488257 0.3132315157 0.3598965257 0.3584438157 0.3510624957 0.3584438157 0.9630620957 0.1948042357 0.1949338957 0.0943640456999999 0.9476934457 0.3197884457 0.3236270957 0.3680187657 0.3698175457 0.3652473257 0.3102012157 0.3105036757 0.9580237157 0.9580237157 0.00459179999999992 0.9410016957 0 1.0042547457 1.0123090457 0.3259397857 0.3161216857 0.3577990657 0.3547440957
0.5945277057 0.9824486857 1.0050181457 0.9928966057 0.9828193457 0.9761755957 0.9865358957 1.0076959457 1.0255355457 1.0243590457 1.0107682457 1.0362076457 0.9850470857 0.9928966057 1.0185042457 1.0346169457 1.0239673457 1.0019692457 1.0038733457 1.0050181457 1.0054001457 1.0088465457 1.0286818457 1.0042547457 0 0.3141429857 0.9891484857 0.9917701957 0.9955314857 0.9977973457
0.5863981057 0.9872814457 1.0069299457 0.9681345457 0.9739740457 0.9747071457 0.9809679457 1.0111531457 1.0322372457 1.0314456457 1.0119234457 1.0278939457 0.9884010957 1.0038733457 1.0115382457 1.0247509457 1.0196714457 0.9996908157 1.0012090457 1.0173386457 1.0130806457 1.0157875457 1.0409999457 1.0123090457 0.3141429857 0 0.9794900857 1.0012090457 0.9932724457 0.9835612057
0.9887747057 0.3563504457 0.3298101457 0.3600581157 0.3577990657 0.3565112457 0.3645967057 0.9573066457 0.3293446757 0.3324534757 0.3248596657 0.9476934457 0.2782310957 0.2773622157 0.3670394257 0.3722773657 0.3688358457 0.3253223757 0.3251681157 0.9473397457 0.9473397457 0.3265577057 0.9441640457 0.3259397857 0.9891484857 0.9794900857 0 0.3296549757 0.3676921857 0.3553862157
1.0138530457 0.3566720957 0.2772174957 0.3673657457 0.3676921857 0.3576379857 0.3629726457 0.9761755957 0.3199415957 0.3228578157 0.3167315457 0.9758082457 0.3193290957 0.3199415957 0.3721131257 0.3727702957 0.3722773657 0.2720261657 0.2715951657 0.9791211457 0.9787522957 0.3173419457 0.9501739457 0.3161216857 0.9917701957 1.0012090457 0.3296549757 0 0.3693265157 0.3624860757
1.0054001457 0.3181056257 0.3672025657 0.3493081157 0.3510624957 0.3185641957 0.3210146857 0.9608986457 0.3642715957 0.3658985057 0.3571548857 0.9519507457 0.3621618857 0.3611901857 0.3613520757 0.3681821057 0.3644341457 0.3683454857 0.3675289257 0.9540885457 0.9540885457 0.3589277457 0.9448686057 0.3577990657 0.9955314857 0.9932724457 0.3676921857 0.3693265157 0 0.2611832757
1.0161749457 0.3068819457 0.3654100757 0.3413849657 0.3439112757 0.3080872457 0.3088415457 0.9462796857 0.3632971457 0.3594119657 0.3552256457 0.9357606057 0.3501050657 0.3518613157 0.3512222057 0.3568329957 0.3557074857 0.3600581157 0.3598965257 0.9375035457 0.9392505457 0.3555468157 0.9368058857 0.3547440957 0.9977973457 0.9835612057 0.3553862157 0.3624860757 0.2611832757 0
