0 0.7067194 0.70288044 0.7005865 1.0203725 1.0282096 0.9572284 0.94867724 0.97867405 0.9611805 1.0176488 0.90264636 0.8973342 1.0262426 1.0231062 0.96010065 0.9615409 1.0164845 1.0130024 0.9013148 0.90031767 0.9301319 0.92462224 0.9335961 0.71238565 0.7110941 0.91915274 0.9590223 1.0453417 0.9322085
0.7067194 0 0.17086585 0.16986184 0.97499573 0.98051995 0.9342909 0.91779155 0.9263396 0.92085767 0.9783054 0.87645423 0.86337715 0.9790429 0.9746289 0.92359364 0.929441 0.9764649 0.9706055 0.86148244 0.86274505 0.9160936 0.903313 0.9150766 0.442582 0.44204095 0.90031767 0.9304776 0.98051995 0.890091
0.70288044 0.17086585 0 0.13890429 0.97352946 0.9838541 0.944438 0.9259958 0.932902 0.9370764 0.98348296 0.864643 0.8700467 0.9838541 0.9801504 0.9346385 0.94092345 0.9768326 0.9709704 0.8700467 0.86909026 0.9069903 0.8907466 0.9053166 0.44312346 0.4443884 0.903313 0.9335961 0.9872032 0.8809723
0.7005865 0.16986184 0.13890429 0 0.96298385 0.9779369 0.93082345 0.91439945 0.9256522 0.92840576 0.97024083 0.8678169 0.85864925 0.97170067 0.96406794 0.92840576 0.9342909 0.9626228 0.9590223 0.85582674 0.8555138 0.9006499 0.8884545 0.90031767 0.43432835 0.43808508 0.8927168 0.9266836 0.9768326 0.87581104
1.0203725 0.97499573 0.97352946 0.96298385 0 0.1295755 1.0254573 1.0160967 1.0172604 1.0188149 0.36240783 0.97243166 0.9783054 0.3695756 0.3635436 1.0141612 1.0160967 0.62465185 0.6221262 0.98757625 0.98907024 0.99961257 0.97609735 1.0015109 0.9842255 0.9801504 0.99847597 1.0203725 0.19745351 0.9779369
1.0282096 0.98051995 0.9838541 0.9779369 0.1295755 0 1.0164845 1.0126165 1.0199828 1.0199828 0.36614606 0.9783054 0.9775687 0.3736789 0.36630902 1.0168724 1.0180373 0.6360069 0.63414127 0.98237044 0.9827411 1.0087683 0.97352946 1.01146 0.99658537 0.99131685 0.99658537 1.0137748 0.2033318 0.990942
0.9572284 0.9342909 0.944438 0.93082345 1.0254573 1.0164845 0 0.107210256 0.1637414 0.16698276 1.036926 0.92359364 0.94479036 1.0270288 1.033348 0.16498642 0.16399023 1.0157093 1.0160967 0.9395222 0.9395222 0.9465546 0.9353342 0.94867724 0.9500957 0.95866317 0.9360306 0.21323249 1.0223241 0.9339434
0.94867724 0.91779155 0.9259958 0.91439945 1.0160967 1.0126165 0.107210256 0 0.16423915 0.16511104 1.0417235 0.91473794 0.92771643 1.0381224 1.0389212 0.16523567 0.16299537 1.001891 1.0030329 0.92462224 0.92359364 0.93812364 0.9287507 0.9395222 0.93324894 0.94903165 0.93082345 0.2089922 1.0199828 0.9263396
0.97867405 0.9263396 0.932902 0.9256522 1.0172604 1.0199828 0.1637414 0.16423915 0 0.07602637 1.0381224 0.92154074 0.9433819 1.0389212 1.0405211 0.1288627 0.12779474 1.0254573 1.0242808 0.93847305 0.936379 0.9419761 0.9419761 0.94232726 0.9536536 0.9593815 0.9395222 0.21031472 1.0373245 0.9374253
0.9611805 0.92085767 0.9370764 0.92840576 1.0188149 1.0199828 0.16698276 0.16511104 0.07602637 0 1.0357314 0.91949344 0.95294064 1.0373245 1.0397208 0.13183723 0.130646 1.0278157 1.0270288 0.9497408 0.9479691 0.9433819 0.93568236 0.944438 0.953297 0.96226203 0.9483231 0.21256836 1.0242808 0.9339434
1.0176488 0.9783054 0.98348296 0.97024083 0.36240783 0.36614606 1.036926 1.0417235 1.0381224 1.0357314 0 0.98496884 0.98794943 0.06525853 0.060473826 1.0381224 1.0377234 0.6395176 0.6350735 0.9920673 0.99281836 1.0103053 0.98051995 1.0133885 0.9845971 0.9931942 1.0110749 1.0278157 0.36712432 0.99923354
0.90264636 0.87645423 0.864643 0.8678169 0.97243166 0.9783054 0.92359364 0.91473794 0.92154074 0.91949344 0.98496884 0 0.86274505 0.99056727 0.9943229 0.89667284 0.8996537 1.014548 1.0130024 0.8605368 0.8611671 0.37137827 0.35611138 0.3712142 0.88910866 0.8881276 0.8864954 0.9229087 0.990942 0.363706
0.8973342 0.86337715 0.8700467 0.85864925 0.9783054 0.9775687 0.94479036 0.92771643 0.9433819 0.95294064 0.98794943 0.86274505 0 0.9827411 0.9783054 0.9395222 0.93987226 0.9853408 0.9801504 0.043963727 0.04301 0.8745262 0.85770726 0.8745262 0.88454145 0.8787099 0.2657939 0.92393637 1.0030329 0.86654574
1.0262426 0.9790429 0.9838541 0.97170067 0.3695756 0.3736789 1.0270288 1.0381224 1.0389212 1.0373245 0.06525853 0.99056727 0.9827411 0 0.02408254 1.0305767 1.0289978 0.64163196 0.6371753 0.98237044 0.9853408 1.01069 0.9808897 1.0141612 0.982 0.9931942 1.0110749 1.0195932 0.376482 1.0053219
1.0231062 0.9746289 0.9801504 0.96406794 0.3635436 0.36630902 1.033348 1.0389212 1.0405211 1.0397208 0.060473826 0.9943229 0.9783054 0.02408254 0 1.0341415 1.0329514 0.63998693 0.63554007 0.9801504 0.9816297 1.014548 0.9831119 1.0180373 0.9827411 0.99281836 1.0011308 1.0238891 0.36941192 1.0037951
0.96010065 0.92359364 0.9346385 0.92840576 1.0141612 1.0168724 0.16498642 0.16523567 0.1288627 0.13183723 1.0381224 0.89667284 0.9395222 1.0305767 1.0341415 0 0.020785378 1.025065 1.0231062 0.93672764 0.9339434 0.936379 0.92119914 0.93777436 0.9433819 0.96406794 0.9395222 0.21296677 1.0258498 0.9184719
0.9615409 0.929441 0.94092345 0.9342909 1.0160967 1.0180373 0.16399023 0.16299537 0.12779474 0.130646 1.0377234 0.8996537 0.93987226 1.0289978 1.0329514 0.020785378 0 1.0223241 1.019204 0.93672764 0.9339434 0.9374253 0.9270277 0.93847305 0.9476152 0.9695119 0.94092345 0.21177219 1.0278157 0.9229087
1.0164845 0.9764649 0.9768326 0.9626228 0.62465185 0.6360069 1.0157093 1.001891 1.0254573 1.0278157 0.6395176 1.014548 0.9853408 0.64163196 0.63998693 1.025065 1.0223241 0 0.010979982 0.98645765 0.9857129 1.0160967 0.9950763 1.0176488 0.9958304 1.0015109 0.9808897 1.0274222 0.6348403 1.0157093
1.0130024 0.9706055 0.9709704 0.9590223 0.6221262 0.63414127 1.0160967 1.0030329 1.0242808 1.0270288 0.6350735 1.0130024 0.9801504 0.6371753 0.63554007 1.0231062 1.019204 0.010979982 0 0.9808897 0.9801504 1.0137748 0.9939465 1.015322 0.9931942 0.9980974 0.98051995 1.0286036 0.6336756 1.0110749
0.9013148 0.86148244 0.8700467 0.85582674 0.98757625 0.98237044 0.9395222 0.92462224 0.93847305 0.9497408 0.9920673 0.8605368 0.043963727 0.98237044 0.9801504 0.93672764 0.93672764 0.98645765 0.9808897 0 0.0056210114 0.8716434 0.85959244 0.8719632 0.8884545 0.88064873 0.2638011 0.9253087 1.0091523 0.8611671
0.90031767 0.86274505 0.86909026 0.8555138 0.98907024 0.9827411 0.9395222 0.92359364 0.936379 0.9479691 0.99281836 0.8611671 0.04301 0.9853408 0.9816297 0.9339434 0.9339434 0.9857129 0.9801504 0.0056210114 0 0.87324363 0.85959244 0.87356406 0.8864954 0.8803252 0.26337475 0.9222244 1.0118452 0.8608519
0.9301319 0.9160936 0.9069903 0.9006499 0.99961257 1.0087683 0.9465546 0.93812364 0.9419761 0.9433819 1.0103053 0.37137827 0.8745262 1.01069 1.014548 0.936379 0.9374253 1.0160967 1.0137748 0.8716434 0.87324363 0 0.30125424 0.003910175 0.92154074 0.91575444 0.88943595 0.9353342 1.0188149 0.20110568
0.92462224 0.903313 0.8907466 0.8884545 0.97609735 0.97352946 0.9353342 0.9287507 0.9419761 0.93568236 0.98051995 0.35611138 0.85770726 0.9808897 0.9831119 0.92119914 0.9270277 0.9950763 0.9939465 0.85959244 0.85959244 0.30125424 0 0.30215135 0.89304566 0.90231323 0.8855178 0.9167723 0.99169195 0.29027697
0.9335961 0.9150766 0.9053166 0.90031767 1.0015109 1.01146 0.94867724 0.9395222 0.94232726 0.944438 1.0133885 0.3712142 0.8745262 1.0141612 1.0180373 0.93777436 0.93847305 1.0176488 1.015322 0.8719632 0.87356406 0.003910175 0.30215135 0 0.92393637 0.9174517 0.88943595 0.9360306 1.0215429 0.20110568
0.71238565 0.442582 0.44312346 0.43432835 0.9842255 0.99658537 0.9500957 0.93324894 0.9536536 0.953297 0.9845971 0.88910866 0.88454145 0.982 0.9827411 0.9433819 0.9476152 0.9958304 0.9931942 0.8884545 0.8864954 0.92154074 0.89304566 0.92393637 0 0.2807656 0.8920595 0.94127417 0.99847597 0.9063204
0.7110941 0.44204095 0.4443884 0.43808508 0.9801504 0.99131685 0.95866317 0.94903165 0.9593815 0.96226203 0.9931942 0.8881276 0.8787099 0.9931942 0.99281836 0.96406794 0.9695119 1.0015109 0.9980974 0.88064873 0.8803252 0.91575444 0.90231323 0.9174517 0.2807656 0 0.908332 0.9673296 1.0003713 0.9036466
0.91915274 0.90031767 0.903313 0.8927168 0.99847597 0.99658537 0.9360306 0.93082345 0.9395222 0.9483231 1.0110749 0.8864954 0.2657939 1.0110749 1.0011308 0.9395222 0.94092345 0.9808897 0.98051995 0.2638011 0.26337475 0.88943595 0.8855178 0.88943595 0.8920595 0.908332 0 0.93082345 1.0231062 0.86972773
0.9590223 0.9304776 0.9335961 0.9266836 1.0203725 1.0137748 0.21323249 0.2089922 0.21031472 0.21256836 1.0278157 0.9229087 0.92393637 1.0195932 1.0238891 0.21296677 0.21177219 1.0274222 1.0286036 0.9253087 0.9222244 0.9353342 0.9167723 0.9360306 0.94127417 0.9673296 0.93082345 0 1.0188149 0.92393637
1.0453417 0.98051995 0.9872032 0.9768326 0.19745351 0.2033318 1.0223241 1.0199828 1.0373245 1.0242808 0.36712432 0.990942 1.0030329 0.376482 0.36941192 1.0258498 1.0278157 0.6348403 0.6336756 1.0091523 1.0118452 1.0188149 0.99169195 1.0215429 0.99847597 1.0003713 1.0231062 1.0188149 0 0.99734104
0.9322085 0.890091 0.8809723 0.87581104 0.9779369 0.990942 0.9339434 0.9263396 0.9374253 0.9339434 0.99923354 0.363706 0.86654574 1.0053219 1.0037951 0.9184719 0.9229087 1.0157093 1.0110749 0.8611671 0.8608519 0.20110568 0.29027697 0.20110568 0.9063204 0.9036466 0.86972773 0.92393637 0.99734104 0
