0 0.97978103 0.9637064 0.96406794 0.97243166 0.9713354 0.8272665 0.82305974 0.81738806 0.8161995 0.8242593 0.8164965 0.9943229 0.9946995 0.9727974 0.9713354 0.95866317 0.8191745 0.8161995 0.9651536 0.9637064 0.97941184 0.8339251 0.9779369 0.80091685 0.9943229 0.9939465 0.98869646 0.95794547 0.96334505
0.97978103 0 0.9931942 0.9872032 0.99961257 0.98757625 0.9853408 0.9969631 0.9831119 0.98907024 0.97024083 0.9931942 0.9939465 1.01146 0.99169195 0.98794943 0.98757625 0.97206604 0.9753628 0.9958304 0.9894442 1.0278157 1.0049399 1.030972 0.9419761 1.01069 0.9898184 0.98832285 0.39640284 0.3884716
0.9637064 0.9931942 0 0.2430521 0.9898184 0.98832285 0.95866317 0.9637064 0.959741 0.95866317 0.9565121 0.97573 1.0207624 1.0349361 0.98832285 0.982 0.65348804 0.9651536 0.9557965 0.6619002 0.65564215 0.9939465 0.9838541 0.9931942 0.97426224 0.9816297 0.9943229 0.99847597 0.9801504 0.97720057
0.96406794 0.9872032 0.2430521 0 0.99658537 0.9801504 0.9554389 0.96298385 0.94127417 0.94092345 0.9483231 0.9565121 1.0258498 1.0289978 0.97024083 0.9666036 0.65444463 0.9658782 0.9557965 0.6580429 0.6530102 0.99734104 0.9604604 0.9962078 0.95472425 0.9808897 0.99281836 0.99923354 0.9872032 0.97316337
0.97243166 0.99961257 0.9898184 0.99658537 0 0.22677536 0.9779369 0.96190137 0.95472425 0.96479154 0.9738958 0.9827411 0.9130469 0.9218825 0.32247207 0.32093644 0.9709704 0.98348296 0.98832285 0.9790429 0.9709704 0.62488186 0.9644296 0.627186 0.9615409 0.5845737 0.49044484 0.45165765 0.9746289 0.9920673
0.9713354 0.98757625 0.98832285 0.9801504 0.22677536 0 0.98237044 0.9727974 0.9572284 0.9727974 0.9753628 0.97978103 0.9029796 0.91541547 0.31909782 0.31940395 0.9706055 0.98496884 0.9894442 0.97499573 0.9738958 0.617328 0.9604604 0.61915225 0.9493862 0.5756876 0.48355353 0.45129248 0.9680563 0.98869646
0.8272665 0.9853408 0.95866317 0.9554389 0.9779369 0.98237044 0 0.21856679 0.28968817 0.2975277 0.29648757 0.66093403 1.0103053 1.0157093 0.98348296 0.9857129 0.94092345 0.3213968 0.31756908 0.946908 0.9504507 1.0242808 0.6339084 1.0301816 0.6091733 0.98757625 0.97024083 0.9808897 0.97316337 0.97978103
0.82305974 0.9969631 0.9637064 0.96298385 0.96190137 0.9727974 0.21856679 0 0.2950042 0.29633912 0.2988671 0.66748005 1.0095364 1.0164845 0.9673296 0.96406794 0.953297 0.3187918 0.31406474 0.95258445 0.9637064 1.0149349 0.65253264 1.019204 0.6112037 0.98832285 0.9713354 0.9698763 0.9680563 0.98757625
0.81738806 0.9831119 0.959741 0.94127417 0.95472425 0.9572284 0.28968817 0.2950042 0 0.19966878 0.20149805 0.6606927 0.99357027 1.0030329 0.9662408 0.9738958 0.94549555 0.31787458 0.3145209 0.94620144 0.9497408 1.0095364 0.6430448 1.0133885 0.6193806 0.99131685 0.9713354 0.98051995 0.98051995 0.9842255
0.8161995 0.98907024 0.95866317 0.94092345 0.96479154 0.9727974 0.2975277 0.29633912 0.19966878 0 0.19278383 0.6616586 1.0130024 1.0203725 0.9698763 0.97426224 0.9565121 0.31573868 0.31345698 0.95472425 0.9666036 1.0126165 0.6418672 1.0137748 0.6186958 0.99961257 0.9709704 0.9775687 0.9872032 0.98683035
0.8242593 0.97024083 0.9565121 0.9483231 0.9738958 0.9753628 0.29648757 0.2988671 0.20149805 0.19278383 0 0.6626257 1.0099207 1.0133885 0.97573 0.97352946 0.9575869 0.3201698 0.31680587 0.9568702 0.96298385 1.0195932 0.64967364 1.0215429 0.62075216 1.0076177 0.9698763 0.9816297 0.97170067 0.97352946
0.8164965 0.9931942 0.97573 0.9565121 0.9827411 0.97978103 0.66093403 0.66748005 0.6606927 0.6616586 0.6626257 0 0.99056727 1.0087683 0.9969631 0.9894442 0.97978103 0.67016345 0.6563616 0.9669665 0.97352946 0.98237044 0.6568416 0.982 0.64233804 1.0118452 1.0011308 0.9958304 0.9673296 0.97573
0.9943229 0.9939465 1.0207624 1.0258498 0.9130469 0.9029796 1.0103053 1.0095364 0.99357027 1.0130024 1.0099207 0.99056727 0 0.13494332 0.89865875 0.8937039 0.99961257 1.005704 1.0219333 1.0064689 0.9962078 0.89865875 1.0041765 0.9019803 1.0049399 0.90164745 0.87967867 0.8842163 0.97941184 0.98869646
0.9946995 1.01146 1.0349361 1.0289978 0.9218825 0.91541547 1.0157093 1.0164845 1.0030329 1.0203725 1.0133885 1.0087683 0.13494332 0 0.9029796 0.9059856 1.0064689 1.0126165 1.033348 1.01069 1.0011308 0.9063204 1.0080011 0.90900373 1.019204 0.908332 0.88910866 0.891731 0.9845971 1.000751
0.9727974 0.99169195 0.98832285 0.97024083 0.32247207 0.31909782 0.98348296 0.9673296 0.9662408 0.9698763 0.97573 0.9969631 0.89865875 0.9029796 0 0.10686424 0.97941184 0.98237044 0.98237044 0.9808897 0.9816297 0.62511194 0.97573 0.62787867 0.94162506 0.585228 0.49333504 0.46084443 0.9706055 0.9808897
0.9713354 0.98794943 0.982 0.9666036 0.32093644 0.31940395 0.9857129 0.96406794 0.9738958 0.97426224 0.97352946 0.9894442 0.8937039 0.9059856 0.10686424 0 0.97978103 0.97867405 0.9801504 0.97573 0.9775687 0.617328 0.9713354 0.6216679 0.94092345 0.5904835 0.4858436 0.458445 0.96010065 0.9698763
0.95866317 0.98757625 0.65348804 0.65444463 0.9709704 0.9706055 0.94092345 0.953297 0.94549555 0.9565121 0.9575869 0.97978103 0.99961257 1.0064689 0.97941184 0.97978103 0 0.94514287 0.9395222 0.08829978 0.085828975 0.9958304 0.929441 0.99056727 0.94373375 0.9768326 0.96298385 0.97720057 0.9706055 0.9783054
0.8191745 0.97206604 0.9651536 0.9658782 0.98348296 0.98496884 0.3213968 0.3187918 0.31787458 0.31573868 0.3201698 0.67016345 1.005704 1.0126165 0.98237044 0.97867405 0.94514287 0 0.06514945 0.9540103 0.953297 1.0087683 0.6563616 1.0091523 0.6283408 0.99169195 0.97499573 0.9738958 0.9838541 0.9790429
0.8161995 0.9753628 0.9557965 0.9557965 0.98832285 0.9894442 0.31756908 0.31406474 0.3145209 0.31345698 0.31680587 0.6563616 1.0219333 1.033348 0.98237044 0.9801504 0.9395222 0.06514945 0 0.94903165 0.94373375 1.0053219 0.6520554 1.0060863 0.62006605 0.9842255 0.9746289 0.9768326 0.98907024 0.97243166
0.9651536 0.9958304 0.6619002 0.6580429 0.9790429 0.97499573 0.946908 0.95258445 0.94620144 0.95472425 0.9568702 0.9669665 1.0064689 1.01069 0.9808897 0.97573 0.08829978 0.9540103 0.94903165 0 0.058417104 1.0041765 0.9465546 0.99885464 0.9522284 0.98869646 0.9706055 0.9894442 0.982 0.9920673
0.9637064 0.9894442 0.65564215 0.6530102 0.9709704 0.9738958 0.9504507 0.9637064 0.9497408 0.9666036 0.96298385 0.97352946 0.9962078 1.0011308 0.9816297 0.9775687 0.085828975 0.953297 0.94373375 0.058417104 0 0.9977191 0.9522284 0.99131685 0.9500957 0.97499573 0.9655158 0.9808897 0.9695119 0.98496884
0.97941184 1.0278157 0.9939465 0.99734104 0.62488186 0.617328 1.0242808 1.0149349 1.0095364 1.0126165 1.0195932 0.98237044 0.89865875 0.9063204 0.62511194 0.617328 0.9958304 1.0087683 1.0053219 1.0041765 0.9977191 0 0.9946995 0.018117068 0.97499573 0.6235028 0.60849774 0.6164175 1.0118452 1.000751
0.8339251 1.0049399 0.9838541 0.9604604 0.9644296 0.9604604 0.6339084 0.65253264 0.6430448 0.6418672 0.64967364 0.6568416 1.0041765 1.0080011 0.97573 0.9713354 0.929441 0.6563616 0.6520554 0.9465546 0.9522284 0.9946995 0 0.9977191 0.6353068 1.0087683 0.9801504 0.99923354 0.98051995 0.98907024
0.9779369 1.030972 0.9931942 0.9962078 0.627186 0.61915225 1.0301816 1.019204 1.0133885 1.0137748 1.0215429 0.982 0.9019803 0.90900373 0.62787867 0.6216679 0.99056727 1.0091523 1.0060863 0.99885464 0.99131685 0.018117068 0.9977191 0 0.9783054 0.62189704 0.6118817 0.6198375 1.0157093 1.0095364
0.80091685 0.9419761 0.97426224 0.95472425 0.9615409 0.9493862 0.6091733 0.6112037 0.6193806 0.6186958 0.62075216 0.64233804 1.0049399 1.019204 0.94162506 0.94092345 0.94373375 0.6283408 0.62006605 0.9522284 0.9500957 0.97499573 0.6353068 0.9783054 0 1.005704 0.97316337 0.9738958 0.9626228 0.9554389
0.9943229 1.01069 0.9816297 0.9808897 0.5845737 0.5756876 0.98757625 0.98832285 0.99131685 0.99961257 1.0076177 1.0118452 0.90164745 0.908332 0.585228 0.5904835 0.9768326 0.99169195 0.9842255 0.98869646 0.97499573 0.6235028 1.0087683 0.62189704 1.005704 0 0.57979244 0.58413774 0.98237044 0.9958304
0.9939465 0.9898184 0.9943229 0.99281836 0.49044484 0.48355353 0.97024083 0.9713354 0.9713354 0.9709704 0.9698763 1.0011308 0.87967867 0.88910866 0.49333504 0.4858436 0.96298385 0.97499573 0.9746289 0.9706055 0.9655158 0.60849774 0.9801504 0.6118817 0.97316337 0.57979244 0 0.4935281 0.9651536 0.9658782
0.98869646 0.98832285 0.99847597 0.99923354 0.45165765 0.45129248 0.9808897 0.9698763 0.98051995 0.9775687 0.9816297 0.9958304 0.8842163 0.891731 0.46084443 0.458445 0.97720057 0.9738958 0.9768326 0.9894442 0.9808897 0.6164175 0.99923354 0.6198375 0.9738958 0.58413774 0.4935281 0 0.97978103 0.9801504
0.95794547 0.39640284 0.9801504 0.9872032 0.9746289 0.9680563 0.97316337 0.9680563 0.98051995 0.9872032 0.97170067 0.9673296 0.97941184 0.9845971 0.9706055 0.96010065 0.9706055 0.9838541 0.98907024 0.982 0.9695119 1.0118452 0.98051995 1.0157093 0.9626228 0.98237044 0.9651536 0.97978103 0 0.39827126
0.96334505 0.3884716 0.97720057 0.97316337 0.9920673 0.98869646 0.97978103 0.98757625 0.9842255 0.98683035 0.97352946 0.97573 0.98869646 1.000751 0.9808897 0.9698763 0.9783054 0.9790429 0.97243166 0.9920673 0.98496884 1.000751 0.98907024 1.0095364 0.9554389 0.9958304 0.9658782 0.9801504 0.39827126 0
