0 0.57871 0.56456673 0.57010657 0.7527494 0.74622995 1.0122308 1.0126165 1.025065 0.79859304 0.7853693 0.531551 1.0168724 1.0110749 0.5754721 1.0130024 1.0211525 1.0164845 1.0083846 0.57461107 0.57461107 0.9827411 0.9695119 0.98496884 0.5761186 0.57010657 0.5573836 0.982 0.5569632 0.98907024
0.57871 0 0.21031472 0.21736327 0.75411475 0.7421839 1.0203725 1.0095364 1.0481682 0.81382793 0.8038317 0.5754721 1.0060863 1.0137748 0.3215503 1.015322 1.0211525 1.0219333 1.0141612 0.3286462 0.3274073 1.01069 1.0219333 1.0080011 0.51289284 0.5254814 0.39487758 1.025065 0.35868815 1.019204
0.56456673 0.21031472 0 0.18814304 0.7522039 0.7338906 1.0157093 1.0068517 1.0176488 0.8020814 0.79223955 0.56477904 0.9980974 1.0041765 0.3143688 0.99056727 0.99847597 1.0110749 1.0049399 0.31573868 0.31558636 0.98348296 1.002652 0.982 0.5107164 0.5182621 0.39369342 0.99169195 0.3487521 0.9920673
0.57010657 0.21736327 0.18814304 0 0.75520885 0.7408401 1.0231062 1.0195932 1.0258498 0.8114639 0.80091685 0.5804426 1.0176488 1.014548 0.32478142 1.0064689 1.0110749 1.014548 1.0110749 0.3267886 0.32663402 1.01069 1.0172604 1.0099207 0.520861 0.52972496 0.4004854 1.0157093 0.35836557 1.0160967
0.7527494 0.75411475 0.7522039 0.75520885 0 0.13806233 1.0037951 1.0231062 1.0188149 0.8284728 0.81590265 0.76707226 1.0203725 1.0172604 0.7502979 1.0053219 0.99885464 1.0137748 1.0049399 0.74650043 0.74921095 0.98645765 1.0049399 0.9838541 0.75165886 0.75960124 0.7481256 0.9962078 0.74975425 1.002652
0.74622995 0.7421839 0.7338906 0.7408401 0.13806233 0 1.0011308 1.0262426 1.0130024 0.82546073 0.81442016 0.7593259 1.0041765 1.0049399 0.74921095 1.0060863 1.0022715 1.0130024 1.0045581 0.73923063 0.742453 0.98794943 1.0045581 0.98645765 0.7413773 0.75466156 0.72885257 1.0049399 0.73842716 1.0041765
1.0122308 1.0203725 1.0157093 1.0231062 1.0037951 1.0011308 0 0.14095297 0.36614606 1.0049399 0.98832285 1.0157093 1.0195932 1.0157093 1.0231062 0.36208364 0.35804313 0.38897535 0.3888074 1.0278157 1.0274222 0.9946995 1.0037951 0.99131685 1.0011308 1.0022715 1.0022715 0.99131685 1.0037951 0.39048862
1.0126165 1.0095364 1.0068517 1.0195932 1.0231062 1.0262426 0.14095297 0 0.36386842 1.0072346 0.9920673 1.0064689 1.0199828 1.0168724 1.0219333 0.35836557 0.35498682 0.38612524 0.3832859 1.0278157 1.0286036 1.001891 1.0110749 0.9980974 1.0122308 0.990942 0.99923354 0.99961257 0.9980974 0.38645998
1.025065 1.0481682 1.0176488 1.0258498 1.0188149 1.0130024 0.36614606 0.36386842 0 1.0417235 1.0274222 1.0325551 1.014548 1.0110749 1.0329514 0.115796365 0.11369879 0.39521626 0.39606363 1.0409217 1.0365276 1.0270288 1.0417235 1.0274222 1.0325551 1.0122308 1.0231062 1.0203725 1.0045581 0.39555508
0.79859304 0.81382793 0.8020814 0.8114639 0.8284728 0.82546073 1.0049399 1.0072346 1.0417235 0 0.107210256 0.80705124 0.99734104 0.99923354 0.8156059 1.042526 1.032159 1.0041765 1.0130024 0.81382793 0.81294054 0.9943229 1.0103053 0.9924427 0.8114639 0.80441606 0.7994636 1.0015109 0.79540956 1.002652
0.7853693 0.8038317 0.79223955 0.80091685 0.81590265 0.81442016 0.98832285 0.9920673 1.0274222 0.107210256 0 0.7980132 0.9898184 0.98683035 0.8082254 1.0305767 1.0231062 0.9950763 1.0003713 0.80529344 0.8047084 0.98125964 1.001891 0.982 0.79483217 0.799754 0.79743385 0.9860852 0.79339075 0.99734104
0.531551 0.5754721 0.56477904 0.5804426 0.76707226 0.7593259 1.0157093 1.0064689 1.0325551 0.80705124 0.7980132 0 1.0293922 1.018426 0.57267725 1.0176488 1.0301816 1.0126165 1.0122308 0.5735361 0.5720337 1.0022715 1.0133885 0.9969631 0.56818426 0.567971 0.5656289 1.0118452 0.573751 0.9969631
1.0168724 1.0060863 0.9980974 1.0176488 1.0203725 1.0041765 1.0195932 1.0199828 1.014548 0.99734104 0.9898184 1.0293922 0 0.09462607 1.01069 1.019204 1.0037951 0.98869646 0.9901927 1.014548 1.0091523 0.9801504 1.0041765 0.9816297 1.0103053 1.0003713 1.0122308 0.9939465 1.0083846 0.9946995
1.0110749 1.0137748 1.0041765 1.014548 1.0172604 1.0049399 1.0157093 1.0168724 1.0110749 0.99923354 0.98683035 1.018426 0.09462607 0 1.0176488 1.0188149 0.99999183 0.9816297 0.98051995 1.0223241 1.0160967 0.9924427 1.001891 0.9943229 1.0015109 0.9939465 1.0103053 0.99545324 1.0045581 0.9783054
0.5754721 0.3215503 0.3143688 0.32478142 0.7502979 0.74921095 1.0231062 1.0219333 1.0329514 0.8156059 0.8082254 0.57267725 1.01069 1.0176488 0 1.018426 1.0242808 1.0188149 1.0091523 0.091795236 0.09190826 0.9962078 1.0053219 0.9950763 0.5182621 0.52106136 0.40339074 1.0130024 0.35370368 1.0137748
1.0130024 1.015322 0.99056727 1.0064689 1.0053219 1.0060863 0.36208364 0.35836557 0.115796365 1.042526 1.0305767 1.0176488 1.019204 1.0188149 1.018426 0 0.07392661 0.383953 0.38478774 1.0203725 1.0141612 1.014548 1.0207624 1.0157093 1.0137748 1.0080011 1.0091523 0.99885464 0.9872032 0.39133066
1.0211525 1.0211525 0.99847597 1.0110749 0.99885464 1.0022715 0.35804313 0.35498682 0.11369879 1.032159 1.0231062 1.0301816 1.0037951 0.99999183 1.0242808 0.07392661 0 0.38112187 0.38078952 1.0262426 1.0215429 1.0087683 1.0282096 1.0099207 1.0199828 1.005704 1.0076177 0.9980974 0.9845971 0.38830376
1.0164845 1.0219333 1.0110749 1.014548 1.0137748 1.0130024 0.38897535 0.38612524 0.39521626 1.0041765 0.9950763 1.0126165 0.98869646 0.9816297 1.0188149 0.383953 0.38112187 0 0.04406977 1.0274222 1.0266355 1.0172604 1.0234975 1.0168724 0.97941184 0.990942 1.002652 1.0199828 1.0087683 0.34589195
1.0083846 1.0141612 1.0049399 1.0110749 1.0049399 1.0045581 0.3888074 0.3832859 0.39606363 1.0130024 1.0003713 1.0122308 0.9901927 0.98051995 1.0091523 0.38478774 0.38078952 0.04406977 0 1.019204 1.0172604 1.0076177 1.0168724 1.0064689 0.9738958 0.99131685 0.99961257 1.015322 1.002652 0.34557483
0.57461107 0.3286462 0.31573868 0.3267886 0.74650043 0.73923063 1.0278157 1.0278157 1.0409217 0.81382793 0.80529344 0.5735361 1.014548 1.0223241 0.091795236 1.0203725 1.0262426 1.0274222 1.019204 0 0.025115883 1.0034139 1.0130024 1.0030329 0.5152744 0.52106136 0.40716735 1.015322 0.3562722 1.0164845
0.57461107 0.3274073 0.31558636 0.32663402 0.74921095 0.742453 1.0274222 1.0286036 1.0365276 0.81294054 0.8047084 0.5720337 1.0091523 1.0160967 0.09190826 1.0141612 1.0215429 1.0266355 1.0172604 0.025115883 0 0.99885464 1.01146 0.99847597 0.51487696 0.52166253 0.40544835 1.0137748 0.35354343 1.018426
0.9827411 1.01069 0.98348296 1.01069 0.98645765 0.98794943 0.9946995 1.001891 1.0270288 0.9943229 0.98125964 1.0022715 0.9801504 0.9924427 0.9962078 1.014548 1.0087683 1.0172604 1.0076177 1.0034139 0.99885464 0 0.4362938 0.013724818 0.9808897 0.9920673 1.01146 0.3856234 0.99923354 0.98683035
0.9695119 1.0219333 1.002652 1.0172604 1.0049399 1.0045581 1.0037951 1.0110749 1.0417235 1.0103053 1.001891 1.0133885 1.0041765 1.001891 1.0053219 1.0207624 1.0282096 1.0234975 1.0168724 1.0130024 1.01146 0.4362938 0 0.4366517 1.0037951 1.01069 1.0110749 0.43772647 1.0231062 0.99169195
0.98496884 1.0080011 0.982 1.0099207 0.9838541 0.98645765 0.99131685 0.9980974 1.0274222 0.9924427 0.982 0.9969631 0.9816297 0.9943229 0.9950763 1.0157093 1.0099207 1.0168724 1.0064689 1.0030329 0.99847597 0.013724818 0.4366517 0 0.97720057 0.990942 1.0064689 0.38696238 0.99923354 0.98907024
0.5761186 0.51289284 0.5107164 0.520861 0.75165886 0.7413773 1.0011308 1.0122308 1.0325551 0.8114639 0.79483217 0.56818426 1.0103053 1.0015109 0.5182621 1.0137748 1.0199828 0.97941184 0.9738958 0.5152744 0.51487696 0.9808897 1.0037951 0.97720057 0 0.3974214 0.50129217 0.98832285 0.5111116 0.99357027
0.57010657 0.5254814 0.5182621 0.52972496 0.75960124 0.75466156 1.0022715 0.990942 1.0122308 0.80441606 0.799754 0.567971 1.0003713 0.9939465 0.52106136 1.0080011 1.005704 0.990942 0.99131685 0.52106136 0.52166253 0.9920673 1.01069 0.990942 0.3974214 0 0.5079554 0.9969631 0.51190275 1.001891
0.5573836 0.39487758 0.39369342 0.4004854 0.7481256 0.72885257 1.0022715 0.99923354 1.0231062 0.7994636 0.79743385 0.5656289 1.0122308 1.0103053 0.40339074 1.0091523 1.0076177 1.002652 0.99961257 0.40716735 0.40544835 1.01146 1.0110749 1.0064689 0.50129217 0.5079554 0 1.0188149 0.3979312 1.0003713
0.982 1.025065 0.99169195 1.0157093 0.9962078 1.0049399 0.99131685 0.99961257 1.0203725 1.0015109 0.9860852 1.0118452 0.9939465 0.99545324 1.0130024 0.99885464 0.9980974 1.0199828 1.015322 1.015322 1.0137748 0.3856234 0.43772647 0.38696238 0.98832285 0.9969631 1.0188149 0 1.0103053 0.96841997
0.5569632 0.35868815 0.3487521 0.35836557 0.74975425 0.73842716 1.0037951 0.9980974 1.0045581 0.79540956 0.79339075 0.573751 1.0083846 1.0045581 0.35370368 0.9872032 0.9845971 1.0087683 1.002652 0.3562722 0.35354343 0.99923354 1.0231062 0.99923354 0.5111116 0.51190275 0.3979312 1.0103053 0 0.9801504
0.98907024 1.019204 0.9920673 1.0160967 1.002652 1.0041765 0.39048862 0.38645998 0.39555508 1.002652 0.99734104 0.9969631 0.9946995 0.9783054 1.0137748 0.39133066 0.38830376 0.34589195 0.34557483 1.0164845 1.018426 0.98683035 0.99169195 0.98907024 0.99357027 1.001891 1.0003713 0.96841997 0.9801504 0
