0 0.9608204 0.94092345 0.94127417 0.98907024 0.9901927 0.98125964 0.9655158 0.9666036 0.9946995 0.9565121 0.75520885 0.94092345 0.9472615 0.9943229 0.98496884 0.41460428 0.40923536 1.0122308 1.01069 1.0133885 0.9920673 0.7527494 0.98496884 0.94267863 0.99999183 0.9662408 0.92909575 0.9335961 0.40168035
0.9608204 0 0.18174478 0.88682157 1.0286036 1.0449389 1.0514114 0.86274505 0.8803252 1.0180373 0.9019803 0.96769285 0.8897634 0.8979962 1.0215429 1.0087683 0.982 0.97499573 1.0661821 1.0599923 1.0624621 1.0489776 0.97426224 1.0477637 0.5380799 1.053853 0.88910866 0.53664684 0.5356249 0.98832285
0.94092345 0.18174478 0 0.8851922 1.001891 1.0219333 1.0286036 0.85645306 0.8754896 1.0087683 0.895022 0.95615417 0.8881276 0.8940332 1.0091523 0.9969631 0.97024083 0.9666036 1.0493827 1.0413225 1.0457449 1.0266355 0.953297 1.0258498 0.5317542 1.033348 0.88259256 0.5333815 0.52810556 0.97426224
0.94127417 0.88682157 0.8851922 0 0.9838541 0.9950763 0.99169195 0.43236804 0.43486387 1.0068517 0.11708111 0.946908 0.114513814 0.11591307 1.0203725 1.0053219 0.944438 0.94162506 1.0238891 1.0180373 1.0215429 0.99923354 0.91541547 0.99658537 0.8602219 1.0211525 0.43772647 0.85582674 0.8621135 0.96334505
0.98907024 1.0286036 1.001891 0.9838541 0 0.11056338 0.11102706 0.9977191 0.9924427 0.7977235 0.9980974 1.0168724 0.9857129 0.9860852 0.79223955 0.78508437 0.9943229 0.98496884 0.99658537 1.0011308 1.002652 0.108480364 0.97867405 0.10813376 1.014548 0.99923354 0.97867405 0.9980974 1.0110749 1.0141612
0.9901927 1.0449389 1.0219333 0.9950763 0.11056338 0 0.09746763 1.0133885 1.005704 0.7845149 1.0030329 1.0325551 0.9946995 1.0015109 0.77940893 0.77153486 1.0095364 0.99961257 0.99847597 1.002652 1.0060863 0.10605747 0.9958304 0.105366655 1.0053219 0.9977191 0.98348296 1.000751 1.0122308 1.0215429
0.98125964 1.0514114 1.0286036 0.99169195 0.11102706 0.09746763 0 1.0072346 1.0122308 0.7905161 1.000751 1.0337447 0.99847597 0.99545324 0.7853693 0.77940893 0.99658537 0.98757625 0.99923354 1.002652 1.005704 0.10582713 0.9924427 0.10444655 1.0126165 0.9980974 0.9853408 1.0045581 1.0072346 1.0270288
0.9655158 0.86274505 0.85645306 0.43236804 0.9977191 1.0133885 1.0072346 0 0.08841228 0.9901927 0.43272406 0.9322085 0.43076792 0.43343666 1.0030329 0.9950763 0.9651536 0.96010065 1.0037951 1.001891 1.0060863 1.005704 0.93151563 1.0011308 0.8621135 1.0207624 0.2565861 0.8357514 0.8480418 0.9853408
0.9666036 0.8803252 0.8754896 0.43486387 0.9924427 1.005704 1.0122308 0.08841228 0 0.99999183 0.43414992 0.94127417 0.42952576 0.4355785 1.0126165 1.0037951 0.9593815 0.9543672 1.0160967 1.0137748 1.0188149 1.0099207 0.93082345 1.0053219 0.8729233 1.0231062 0.2589834 0.83422923 0.8567664 0.9808897
0.9946995 1.0180373 1.0087683 1.0068517 0.7977235 0.7845149 0.7905161 0.9901927 0.99999183 0 1.0041765 0.9962078 1.0015109 1.002652 0.082472764 0.080466226 1.005704 1.0076177 0.9845971 0.9753628 0.98051995 0.7893693 0.9783054 0.7882242 1.0003713 0.9695119 1.0188149 1.0053219 1.0060863 1.0133885
0.9565121 0.9019803 0.895022 0.11708111 0.9980974 1.0030329 1.000751 0.43272406 0.43414992 1.0041765 0 0.9518725 0.08080027 0.08080027 1.0103053 0.99357027 0.9540103 0.94903165 1.032159 1.0297868 1.032159 1.0041765 0.9123715 1.0011308 0.86559373 1.0325551 0.43970087 0.8573935 0.8624292 0.96841997
0.75520885 0.96769285 0.95615417 0.946908 1.0168724 1.0325551 1.0337447 0.9322085 0.94127417 0.9962078 0.9518725 0 0.93777436 0.95258445 1.0122308 0.99923354 0.7690214 0.7590508 1.0417235 1.0401208 1.0409217 1.0305767 0.40356198 1.0313674 0.9543672 1.0246727 0.94267863 0.9583042 0.9746289 0.7620833
0.94092345 0.8897634 0.8881276 0.114513814 0.9857129 0.9946995 0.99847597 0.43076792 0.42952576 1.0015109 0.08080027 0.93777436 0 0.06493133 1.0053219 0.98869646 0.93255514 0.9304776 1.0172604 1.0126165 1.0157093 0.9943229 0.90933985 0.9924427 0.8605368 1.0164845 0.43272406 0.84525883 0.8499028 0.9511613
0.9472615 0.8979962 0.8940332 0.11591307 0.9860852 1.0015109 0.99545324 0.43343666 0.4355785 1.002652 0.08080027 0.95258445 0.06493133 0 1.0095364 0.99357027 0.94127417 0.93812364 1.018426 1.0160967 1.0176488 1.0011308 0.9059856 0.99923354 0.86337715 1.0238891 0.43880278 0.8502134 0.85707986 0.9658782
0.9943229 1.0215429 1.0091523 1.0203725 0.79223955 0.77940893 0.7853693 1.0030329 1.0126165 0.082472764 1.0103053 1.0122308 1.0053219 1.0095364 0 0.041211817 1.0149349 1.0160967 0.9857129 0.9775687 0.9808897 0.78195757 0.99658537 0.7802575 0.99999183 0.9783054 1.0297868 0.9950763 0.9958304 1.0234975
0.98496884 1.0087683 0.9969631 1.0053219 0.78508437 0.77153486 0.77940893 0.9950763 1.0037951 0.080466226 0.99357027 0.99923354 0.98869646 0.99357027 0.041211817 0 1.0015109 1.0022715 0.9801504 0.97206604 0.9768326 0.77489936 0.9790429 0.7729349 0.9924427 0.96769285 1.0137748 0.99131685 0.98683035 1.0133885
0.41460428 0.982 0.97024083 0.944438 0.9943229 1.0095364 0.99658537 0.9651536 0.9593815 1.005704 0.9540103 0.7690214 0.93255514 0.94127417 1.0149349 1.0015109 0 0.017809795 1.0286036 1.025065 1.0270288 1.002652 0.75384146 1.002652 0.9493862 1.0122308 0.96769285 0.95866317 0.95080596 0.19628336
0.40923536 0.97499573 0.9666036 0.94162506 0.98496884 0.99961257 0.98757625 0.96010065 0.9543672 1.0076177 0.94903165 0.7590508 0.9304776 0.93812364 1.0160967 1.0022715 0.017809795 0 1.0215429 1.0195932 1.0203725 0.99131685 0.7429914 0.9924427 0.9433819 1.0095364 0.96226203 0.9500957 0.94620144 0.19252525
1.0122308 1.0661821 1.0493827 1.0238891 0.99658537 0.99847597 0.99923354 1.0037951 1.0160967 0.9845971 1.032159 1.0417235 1.0172604 1.018426 0.9857129 0.9801504 1.0286036 1.0215429 0 0.013215757 0.013215757 0.9898184 1.0141612 0.99056727 1.0381224 0.31604344 1.0133885 1.0160967 1.0361294 1.0437315
1.01069 1.0599923 1.0413225 1.0180373 1.0011308 1.002652 1.002652 1.001891 1.0137748 0.9753628 1.0297868 1.0401208 1.0126165 1.0160967 0.9775687 0.97206604 1.025065 1.0195932 0.013215757 0 0.011893812 0.9939465 1.01069 0.9943229 1.0345387 0.31467304 1.01069 1.0099207 1.032159 1.0421246
1.0133885 1.0624621 1.0457449 1.0215429 1.002652 1.0060863 1.005704 1.0060863 1.0188149 0.98051995 1.032159 1.0409217 1.0157093 1.0176488 0.9808897 0.9768326 1.0270288 1.0203725 0.013215757 0.011893812 0 0.9946995 1.0141612 0.9950763 1.0345387 0.31512955 1.0122308 1.0099207 1.0325551 1.0477637
0.9920673 1.0489776 1.0266355 0.99923354 0.108480364 0.10605747 0.10582713 1.005704 1.0099207 0.7893693 1.0041765 1.0305767 0.9943229 1.0011308 0.78195757 0.77489936 1.002652 0.99131685 0.9898184 0.9939465 0.9946995 0 0.9898184 0.010168623 1.0160967 0.99847597 0.98645765 1.0041765 1.0203725 1.0278157
0.7527494 0.97426224 0.953297 0.91541547 0.97867405 0.9958304 0.9924427 0.93151563 0.93082345 0.9783054 0.9123715 0.40356198 0.90933985 0.9059856 0.99658537 0.9790429 0.75384146 0.7429914 1.0141612 1.01069 1.0141612 0.9898184 0 0.9920673 0.94162506 1.0091523 0.9242792 0.94267863 0.9565121 0.7494826
0.98496884 1.0477637 1.0258498 0.99658537 0.10813376 0.105366655 0.10444655 1.0011308 1.0053219 0.7882242 1.0011308 1.0313674 0.9924427 0.99923354 0.7802575 0.7729349 1.002652 0.9924427 0.99056727 0.9943229 0.9950763 0.010168623 0.9920673 0 1.0180373 1.000751 0.9845971 1.0072346 1.0195932 1.0234975
0.94267863 0.5380799 0.5317542 0.8602219 1.014548 1.0053219 1.0126165 0.8621135 0.8729233 1.0003713 0.86559373 0.9543672 0.8605368 0.86337715 0.99999183 0.9924427 0.9493862 0.9433819 1.0381224 1.0345387 1.0345387 1.0160967 0.94162506 1.0180373 0 1.0278157 0.8745262 0.3241649 0.32447308 0.9433819
0.99999183 1.053853 1.033348 1.0211525 0.99923354 0.9977191 0.9980974 1.0207624 1.0231062 0.9695119 1.0325551 1.0246727 1.0164845 1.0238891 0.9783054 0.96769285 1.0122308 1.0095364 0.31604344 0.31467304 0.31512955 0.99847597 1.0091523 1.000751 1.0278157 0 1.0297868 0.9831119 1.005704 1.0227151
0.9662408 0.88910866 0.88259256 0.43772647 0.97867405 0.98348296 0.9853408 0.2565861 0.2589834 1.0188149 0.43970087 0.94267863 0.43272406 0.43880278 1.0297868 1.0137748 0.96769285 0.96226203 1.0133885 1.01069 1.0122308 0.98645765 0.9242792 0.9845971 0.8745262 1.0297868 0 0.853951 0.8602219 0.9860852
0.92909575 0.53664684 0.5333815 0.85582674 0.9980974 1.000751 1.0045581 0.8357514 0.83422923 1.0053219 0.8573935 0.9583042 0.84525883 0.8502134 0.9950763 0.99131685 0.95866317 0.9500957 1.0160967 1.0099207 1.0099207 1.0041765 0.94267863 1.0072346 0.3241649 0.9831119 0.853951 0 0.24015395 0.9322085
0.9335961 0.5356249 0.52810556 0.8621135 1.0110749 1.0122308 1.0072346 0.8480418 0.8567664 1.0060863 0.8624292 0.9746289 0.8499028 0.85707986 0.9958304 0.98683035 0.95080596 0.94620144 1.0361294 1.032159 1.0325551 1.0203725 0.9565121 1.0195932 0.32447308 1.005704 0.8602219 0.24015395 0 0.9440858
0.40168035 0.98832285 0.97426224 0.96334505 1.0141612 1.0215429 1.0270288 0.9853408 0.9808897 1.0133885 0.96841997 0.7620833 0.9511613 0.9658782 1.0234975 1.0133885 0.19628336 0.19252525 1.0437315 1.0421246 1.0477637 1.0278157 0.7494826 1.0234975 0.9433819 1.0227151 0.9860852 0.9322085 0.9440858 0
