0 0.44447344313 0.44411200313 0.48171710313 0.48019887313 0.50349687313 0.50506307313 0.99476957313 0.48019887313 0.46406921313 0.46984350313 0.43281471313 0.47472095313 0.47585102313 1.00119767313 0.99892264313 1.02826237313 1.00043850313 1.00081797313 1.02708217313 1.02668927313 0.47830542313 1.00883127313 0.47830542313 1.00043850313 0.97912072313 0.44592097313 0.50781172313 0.44937007313 0.44465422313
0.44447344313 0 0.16269677313 0.47622811313 0.47792729313 0.51274531313 0.51532363313 0.98096662313 0.47698282313 0.46853574313 0.47115355313 0.27110233313 0.47265353313 0.47434463313 0.98430077313 0.98541551313 1.00462317313 0.96415307313 0.96415307313 1.00424177313 1.00424177313 0.47227827313 0.99401694313 0.47227827313 0.98022770313 0.97141707313 0.18231887313 0.51890837313 0.17294692313 0.17445877313
0.44411200313 0.16269677313 0 0.48247737313 0.48304807313 0.51274531313 0.51076797313 0.98578747313 0.48419077313 0.46444043313 0.46685767313 0.26709621313 0.47925157313 0.48000931313 0.98764987313 0.98876952313 0.99930131313 0.97507557313 0.97507557313 0.99778771313 0.99740977313 0.48514437313 0.99892264313 0.48514437313 0.98839610313 0.96451461313 0.17761826313 0.51811027313 0.17307279313 0.17521583313
0.48171710313 0.47622811313 0.48247737313 0 0.0669061631299999 0.51671564313 0.51532363313 0.99589991313 0.0811355831299999 0.37725917313 0.37775513313 0.47736047313 0.0781349131299999 0.0781349131299999 1.00043850313 0.99665447313 1.02826237313 0.99101394313 0.99138867313 1.02826237313 1.02826237313 0.38875043313 1.00233767313 0.38875043313 1.00195757313 0.98133637313 0.49050700313 0.52331307313 0.48457207313 0.48858737313
0.48019887313 0.47792729313 0.48304807313 0.0669061631299999 0 0.51037311313 0.51116307313 0.99063937313 0.0810242331299999 0.37478417313 0.37560827313 0.48000931313 0.0768051231299999 0.0766944131299999 0.99364087313 0.99026507313 1.02472747313 0.98467217313 0.98578747313 1.02433577313 1.02433577313 0.38573567313 0.99892264313 0.38573567313 0.99968021313 0.97361004313 0.49031483313 0.51910797313 0.48552614313 0.48877912313
0.50349687313 0.51274531313 0.51274531313 0.51671564313 0.51037311313 0 0.0514417031299999 0.99552297313 0.51472787313 0.50741847313 0.51076797313 0.51254731313 0.51215153313 0.51353767313 1.00157747313 0.99476957313 1.04056747313 0.97470891313 0.97617667313 1.03936787313 1.03856907313 0.52230971313 1.02511937313 0.52230971313 1.01152157313 0.99364087313 0.51691472313 0.17206643313 0.51373597313 0.50781172313
0.50506307313 0.51532363313 0.51076797313 0.51532363313 0.51116307313 0.0514417031299999 0 0.99138867313 0.51552237313 0.50232437313 0.50623982313 0.51155827313 0.51234942313 0.51393417313 0.99740977313 0.99176352313 1.03023347313 0.96850297313 0.97032297313 1.02905027313 1.02865627313 0.51910797313 1.01809547313 0.51910797313 1.00005924313 0.98727702313 0.51850920313 0.16955637313 0.51433092313 0.50702537313
0.99476957313 0.98096662313 0.98578747313 0.99589991313 0.99063937313 0.99552297313 0.99138867313 0 0.99514617313 0.97912072313 0.98504377313 0.98096662313 0.98504377313 0.98578747313 0.0499446931299999 0.0498378791299999 0.50761507313 0.31056964313 0.30981397313 0.50800847313 0.50820523313 0.99138867313 0.50840207313 0.99138867313 0.50467121313 0.23279019313 0.97764724313 1.00005924313 0.99176352313 1.00195757313
0.48019887313 0.47698282313 0.48419077313 0.0811355831299999 0.0810242331299999 0.51472787313 0.51552237313 0.99514617313 0 0.37379647313 0.37445479313 0.47566257313 0.0327316891299999 0.0325229201299999 0.99213862313 0.98876952313 1.03062827313 0.98467217313 0.98541551313 1.02983887313 1.02944447313 0.38523441313 1.00119767313 0.38523441313 1.00347957313 0.97580947313 0.48954657313 0.51890837313 0.48361921313 0.48858737313
0.46406921313 0.46853574313 0.46444043313 0.37725917313 0.37478417313 0.50741847313 0.50232437313 0.97912072313 0.37379647313 0 0.0312715321299999 0.46018272313 0.37018597313 0.37133287313 0.97691157313 0.97470891313 1.00157747313 0.97544240313 0.97654402313 0.99968021313 1.00043850313 0.32461157313 0.99401694313 0.32461157313 0.99740977313 0.96668747313 0.47115355313 0.51353767313 0.46723025313 0.47190317313
0.46984350313 0.47115355313 0.46685767313 0.37775513313 0.37560827313 0.51076797313 0.50623982313 0.98504377313 0.37445479313 0.0312715321299999 0 0.46629914313 0.37198903313 0.37281007313 0.98207637313 0.97948957313 1.01113667313 0.97948957313 0.98133637313 1.00998307313 1.01075197313 0.32738992313 0.99703204313 0.32738992313 1.00424177313 0.97691157313 0.47490917313 0.51771157313 0.47077899313 0.47679409313
0.43281471313 0.27110233313 0.26709621313 0.47736047313 0.48000931313 0.51254731313 0.51155827313 0.98096662313 0.47566257313 0.46018272313 0.46629914313 0 0.47077899313 0.47265353313 0.98876952313 0.99101394313 0.99968021313 0.97068750313 0.97141707313 0.99703204313 0.99627707313 0.47603955313 0.99213862313 0.47603955313 0.99063937313 0.97287833313 0.27038537313 0.50958407313 0.27296963313 0.27527421313
0.47472095313 0.47265353313 0.47925157313 0.0781349131299999 0.0768051231299999 0.51215153313 0.51234942313 0.98504377313 0.0327316891299999 0.37018597313 0.37198903313 0.47077899313 0 0.00970356612999991 0.98207637313 0.97948957313 1.02081917313 0.97324407313 0.97397613313 1.01887267313 1.01887267313 0.38190107313 0.99552297313 0.38190107313 0.99514617313 0.96379172313 0.48476277313 0.51731307313 0.47868373313 0.48476277313
0.47585102313 0.47434463313 0.48000931313 0.0781349131299999 0.0766944131299999 0.51353767313 0.51393417313 0.98578747313 0.0325229201299999 0.37133287313 0.37281007313 0.47265353313 0.00970356612999991 0 0.98281711313 0.98022770313 1.02120907313 0.97691157313 0.97764724313 1.01887267313 1.01887267313 0.38339924313 0.99627707313 0.38339924313 0.99251397313 0.96487627313 0.48514437313 0.51870877313 0.47811633313 0.48648142313
1.00119767313 0.98430077313 0.98764987313 1.00043850313 0.99364087313 1.00157747313 0.99740977313 0.0499446931299999 0.99213862313 0.97691157313 0.98207637313 0.98876952313 0.98207637313 0.98281711313 0 0.00879294112999991 0.50761507313 0.31208327313 0.31132605313 0.50800847313 0.50820523313 0.99251397313 0.50741847313 0.99251397313 0.50173884313 0.22830526313 0.98318777313 1.00271817313 0.99326503313 1.00500477313
0.99892264313 0.98541551313 0.98876952313 0.99665447313 0.99026507313 0.99476957313 0.99176352313 0.0498378791299999 0.98876952313 0.97470891313 0.97948957313 0.99101394313 0.97948957313 0.98022770313 0.00879294112999991 0 0.50820523313 0.31162884313 0.31087210313 0.50840207313 0.50859892313 0.99138867313 0.50879587313 0.99138867313 0.50369247313 0.22776345313 0.98430077313 0.99968021313 0.99514617313 1.00309867313
1.02826237313 1.00462317313 0.99930131313 1.02826237313 1.02472747313 1.04056747313 1.03023347313 0.50761507313 1.03062827313 1.00157747313 1.01113667313 0.99968021313 1.02081917313 1.02120907313 0.50761507313 0.50820523313 0 0.49862354313 0.49862354313 0.00647080192999991 0.00637000212999991 1.02198957313 0.33313347313 1.02198957313 0.32476565313 0.49513427313 0.99326503313 1.04257127313 1.00157747313 1.00844777313
1.00043850313 0.96415307313 0.97507557313 0.99101394313 0.98467217313 0.97470891313 0.96850297313 0.31056964313 0.98467217313 0.97544240313 0.97948957313 0.97068750313 0.97324407313 0.97691157313 0.31208327313 0.31162884313 0.49862354313 0 0.00254961862999991 0.49862354313 0.49881787313 0.97251271313 0.50037427313 0.97251271313 0.49745867313 0.30394574313 0.97178207313 0.98392963313 0.97068750313 0.99326503313
1.00081797313 0.96415307313 0.97507557313 0.99138867313 0.98578747313 0.97617667313 0.97032297313 0.30981397313 0.98541551313 0.97654402313 0.98133637313 0.97141707313 0.97397613313 0.97764724313 0.31132605313 0.31087210313 0.49862354313 0.00254961862999991 0 0.49842927313 0.49862354313 0.97361004313 0.50095877313 0.97361004313 0.49745867313 0.30304699313 0.97141707313 0.98504377313 0.97105217313 0.99401694313
1.02708217313 1.00424177313 0.99778771313 1.02826237313 1.02433577313 1.03936787313 1.02905027313 0.50800847313 1.02983887313 0.99968021313 1.00998307313 0.99703204313 1.01887267313 1.01887267313 0.50800847313 0.50840207313 0.00647080192999991 0.49862354313 0.49842927313 0 0.00114699999999991 1.02159917313 0.33173237313 1.02159917313 0.32368773313 0.49397477313 0.99213862313 1.04297267313 1.00195757313 1.00691557313
1.02668927313 1.00424177313 0.99740977313 1.02826237313 1.02433577313 1.03856907313 1.02865627313 0.50820523313 1.02944447313 1.00043850313 1.01075197313 0.99627707313 1.01887267313 1.01887267313 0.50820523313 0.50859892313 0.00637000212999991 0.49881787313 0.49862354313 0.00114699999999991 0 1.02198957313 0.33173237313 1.02198957313 0.32353387313 0.49397477313 0.99138867313 1.04257127313 1.00081797313 1.00576857313
0.47830542313 0.47227827313 0.48514437313 0.38875043313 0.38573567313 0.52230971313 0.51910797313 0.99138867313 0.38523441313 0.32461157313 0.32738992313 0.47603955313 0.38190107313 0.38339924313 0.99251397313 0.99138867313 1.02198957313 0.97251271313 0.97361004313 1.02159917313 1.02198957313 0 1.00005924313 0.000446673129999992 1.00576857313 0.97691157313 0.48361921313 0.51731307313 0.47944092313 0.48514437313
1.00883127313 0.99401694313 0.99892264313 1.00233767313 0.99892264313 1.02511937313 1.01809547313 0.50840207313 1.00119767313 0.99401694313 0.99703204313 0.99213862313 0.99552297313 0.99627707313 0.50741847313 0.50879587313 0.33313347313 0.50037427313 0.50095877313 0.33173237313 0.33173237313 1.00005924313 0 1.00005924313 0.27181997313 0.50291037313 0.99176352313 1.00806437313 0.98989087313 1.01538157313
0.47830542313 0.47227827313 0.48514437313 0.38875043313 0.38573567313 0.52230971313 0.51910797313 0.99138867313 0.38523441313 0.32461157313 0.32738992313 0.47603955313 0.38190107313 0.38339924313 0.99251397313 0.99138867313 1.02198957313 0.97251271313 0.97361004313 1.02159917313 1.02198957313 0.000446673129999992 1.00005924313 0 1.00576857313 0.97691157313 0.48361921313 0.51731307313 0.47944092313 0.48514437313
1.00043850313 0.98022770313 0.98839610313 1.00195757313 0.99968021313 1.01152157313 1.00005924313 0.50467121313 1.00347957313 0.99740977313 1.00424177313 0.99063937313 0.99514617313 0.99251397313 0.50173884313 0.50369247313 0.32476565313 0.49745867313 0.49745867313 0.32368773313 0.32353387313 1.00576857313 0.27181997313 1.00576857313 0 0.49166115313 0.97985851313 1.00157747313 0.99665447313 1.01887267313
0.97912072313 0.97141707313 0.96451461313 0.98133637313 0.97361004313 0.99364087313 0.98727702313 0.23279019313 0.97580947313 0.96668747313 0.97691157313 0.97287833313 0.96379172313 0.96487627313 0.22830526313 0.22776345313 0.49513427313 0.30394574313 0.30304699313 0.49397477313 0.49397477313 0.97691157313 0.50291037313 0.97691157313 0.49166115313 0 0.97068750313 0.99740977313 0.97617667313 0.97397613313
0.44592097313 0.18231887313 0.17761826313 0.49050700313 0.49031483313 0.51691472313 0.51850920313 0.97764724313 0.48954657313 0.47115355313 0.47490917313 0.27038537313 0.48476277313 0.48514437313 0.98318777313 0.98430077313 0.99326503313 0.97178207313 0.97141707313 0.99213862313 0.99138867313 0.48361921313 0.99176352313 0.48361921313 0.97985851313 0.97068750313 0 0.51830971313 0.17850531313 0.18282882313
0.50781172313 0.51890837313 0.51811027313 0.52331307313 0.51910797313 0.17206643313 0.16955637313 1.00005924313 0.51890837313 0.51353767313 0.51771157313 0.50958407313 0.51731307313 0.51870877313 1.00271817313 0.99968021313 1.04257127313 0.98392963313 0.98504377313 1.04297267313 1.04257127313 0.51731307313 1.00806437313 0.51731307313 1.00157747313 0.99740977313 0.51830971313 0 0.51771157313 0.51711387313
0.44937007313 0.17294692313 0.17307279313 0.48457207313 0.48552614313 0.51373597313 0.51433092313 0.99176352313 0.48361921313 0.46723025313 0.47077899313 0.27296963313 0.47868373313 0.47811633313 0.99326503313 0.99514617313 1.00157747313 0.97068750313 0.97105217313 1.00195757313 1.00081797313 0.47944092313 0.98989087313 0.47944092313 0.99665447313 0.97617667313 0.17850531313 0.51771157313 0 0.16543309313
0.44465422313 0.17445877313 0.17521583313 0.48858737313 0.48877912313 0.50781172313 0.50702537313 1.00195757313 0.48858737313 0.47190317313 0.47679409313 0.27527421313 0.48476277313 0.48648142313 1.00500477313 1.00309867313 1.00844777313 0.99326503313 0.99401694313 1.00691557313 1.00576857313 0.48514437313 1.01538157313 0.48514437313 1.01887267313 0.97397613313 0.18282882313 0.51711387313 0.16543309313 0
