0 1.01317144333 1.01975894333 0.99412521333 1.02366114333 1.00358784333 1.00168574333 0.98329604333 1.00282644333 0.98552378333 0.99337330333 1.03668434333 1.01587694333 1.00549484333 0.84089168333 0.82032587333 0.99299764333 0.99865234333 0.99563124333 1.02014814333 1.01317144333 0.99563124333 1.01317144333 0.99487784333 0.98218464333 0.83326504333 0.82481424333 0.99187179333 1.01086024333 1.00092624333
1.01317144333 0 0.26038628333 0.50048254333 0.90520304333 0.88900944333 0.90922274333 0.90721019333 0.92517718333 0.50126197333 0.50380074333 0.90353454333 0.91360184333 0.90520304333 1.00130594333 0.99412521333 0.50575944333 0.45697566333 0.46029099333 0.26949107333 0.26634884333 0.50634809333 0.52623784333 0.50595560333 0.89360060333 1.01047564333 0.99224689333 0.91258897333 0.91258897333 0.90654054333
1.01975894333 0.26038628333 0 0.50674074333 0.90587154333 0.88412134333 0.89689734333 0.90420154333 0.91902684333 0.50791999333 0.51443919333 0.90353454333 0.91597041333 0.90687534333 1.00855604333 0.99751804333 0.52041534333 0.46771129333 0.46771129333 0.27149757333 0.26806114333 0.52261854333 0.53495534333 0.52221747333 0.88933644333 1.00817264333 0.99337330333 0.91023104333 0.90955867333 0.90754524333
0.99412521333 0.50048254333 0.50674074333 0 0.90821578333 0.88509639333 0.90821578333 0.90620597333 0.92073019333 0.16144060333 0.16803761333 0.90453520333 0.91529288333 0.89755844333 1.00473144333 1.00664124333 0.18613212333 0.50556334333 0.50870719333 0.50615184333 0.50752674333 0.18523614333 0.53169980333 0.18498034333 0.87797504333 0.99149694333 0.98887779333 0.88639844333 0.90721019333 0.89954514333
1.02366114333 0.90520304333 0.90587154333 0.90821578333 0 0.45936861333 0.46084498333 0.58338644333 0.59743834333 0.91258897333 0.90922274333 0.74354634333 0.15220328333 0.14939314333 1.02994714333 1.02248824333 0.91597041333 0.92552034333 0.92586364333 0.90186974333 0.89360060333 0.90888694333 0.89689734333 0.90888694333 0.40035837333 1.02719044333 1.03987574333 0.40961774333 0.41672514333 0.42109224333
1.00358784333 0.88900944333 0.88412134333 0.88509639333 0.45936861333 0 0.14841816333 0.58316894333 0.59478351333 0.89590674333 0.88999089333 0.72571684333 0.46864401333 0.46622134333 0.98701259333 0.98887779333 0.90320130333 0.88900944333 0.88770284333 0.88217494333 0.87604454333 0.89590674333 0.87251814333 0.89524718333 0.46677974333 1.00970724333 0.99676274333 0.47784658333 0.48144551333 0.48125567333
1.00168574333 0.90922274333 0.89689734333 0.90821578333 0.46084498333 0.14841816333 0 0.59103844333 0.60545984333 0.90888694333 0.90020864333 0.72703284333 0.47013878333 0.46733852333 1.00702384333 1.00664124333 0.91902684333 0.89524718333 0.89888234333 0.90453520333 0.89954514333 0.91393974333 0.89360060333 0.91326404333 0.46827077333 1.03390294333 1.02522764333 0.47898122333 0.48011758333 0.48544349333
0.98329604333 0.90721019333 0.90420154333 0.90620597333 0.58338644333 0.58316894333 0.59103844333 0 0.14090478333 0.90253524333 0.89987679333 0.71527094333 0.59588858333 0.58143134333 1.01898094333 1.02053774333 0.90453520333 0.89954514333 0.91090394333 0.90587154333 0.90620597333 0.90120484333 0.89392964333 0.90054054333 0.58774944333 1.01859224333 1.01009134333 0.59037950333 0.59279849333 0.59279849333
1.00282644333 0.92517718333 0.91902684333 0.92073019333 0.59743834333 0.59478351333 0.60545984333 0.14090478333 0 0.91800664333 0.92107134333 0.73711084333 0.60972824333 0.59434194333 1.04751054333 1.04710674333 0.92243744333 0.91326404333 0.91698780333 0.92792694333 0.92999594333 0.91563154333 0.91597041333 0.91529288333 0.59988030333 1.03192234333 1.03947614333 0.61017894333 0.60882764333 0.61674504333
0.98552378333 0.50126197333 0.50791999333 0.16144060333 0.91258897333 0.89590674333 0.90888694333 0.90253524333 0.91800664333 0 0.12716484333 0.90989479333 0.90520304333 0.89458814333 0.98626784333 0.99224689333 0.18446901333 0.50009314333 0.50438784333 0.50204220333 0.50321408333 0.18344738333 0.53475150333 0.18319220333 0.88509639333 0.97371831333 0.97445074333 0.88835587333 0.91023104333 0.89722778333
0.99337330333 0.50380074333 0.51443919333 0.16803761333 0.90922274333 0.88999089333 0.90020864333 0.89987679333 0.92107134333 0.12716484333 0 0.89954514333 0.90587154333 0.89557694333 1.00282644333 1.00740664333 0.18972679333 0.50301864333 0.50536730333 0.50949524333 0.51067879333 0.18844100333 0.53842994333 0.18818410333 0.88574714333 0.99262224333 0.99487784333 0.89392964333 0.91258897333 0.89590674333
1.03668434333 0.90353454333 0.90353454333 0.90453520333 0.74354634333 0.72571684333 0.72703284333 0.71527094333 0.73711084333 0.90989479333 0.89954514333 0 0.74489399333 0.73524414333 1.02837064333 1.01355734333 0.91225167333 0.89987679333 0.90654054333 0.90220239333 0.90353454333 0.90386794333 0.92243744333 0.90320130333 0.71812914333 1.03668434333 1.03469644333 0.73684384333 0.74300794333 0.73604354333
1.01587694333 0.91360184333 0.91597041333 0.91529288333 0.15220328333 0.46864401333 0.47013878333 0.59588858333 0.60972824333 0.90520304333 0.90587154333 0.74489399333 0 0.11986036333 1.02092744333 1.01587694333 0.91157754333 0.91157754333 0.91664854333 0.91360184333 0.90320130333 0.90687534333 0.89954514333 0.90687534333 0.40892794333 1.01703944333 1.02287904333 0.41203710333 0.42109224333 0.42004182333
1.00549484333 0.90520304333 0.90687534333 0.89755844333 0.14939314333 0.46622134333 0.46733852333 0.58143134333 0.59434194333 0.89458814333 0.89557694333 0.73524414333 0.11986036333 0 1.01665164333 1.01009134333 0.89888234333 0.91936714333 0.91698780333 0.89392964333 0.88737651333 0.88966360333 0.89689734333 0.88966360333 0.40240614333 1.01201494333 1.01355734333 0.40360328333 0.41742220333 0.41620280333
0.84089168333 1.00130594333 1.00855604333 1.00473144333 1.02994714333 0.98701259333 1.00702384333 1.01898094333 1.04751054333 0.98626784333 1.00282644333 1.02837064333 1.02092744333 1.01665164333 0 0.11588467333 1.00092624333 0.99714031333 1.00587684333 0.99827404333 0.99487784333 1.00855604333 1.00092624333 1.00855604333 0.99789598333 0.54542784333 0.54749849333 1.01394344333 1.03073654333 1.03152694333
0.82032587333 0.99412521333 0.99751804333 1.00664124333 1.02248824333 0.98887779333 1.00664124333 1.02053774333 1.04710674333 0.99224689333 1.00740664333 1.01355734333 1.01587694333 1.01009134333 0.11588467333 0 1.00587684333 0.99487784333 1.00473144333 0.99525444333 0.99299764333 1.00740664333 1.00435004333 1.00740664333 1.00016751333 0.53699728333 0.54048134333 1.00817264333 1.02405244333 1.03152694333
0.99299764333 0.50575944333 0.52041534333 0.18613212333 0.91597041333 0.90320130333 0.91902684333 0.90453520333 0.92243744333 0.18446901333 0.18972679333 0.91225167333 0.91157754333 0.89888234333 1.00092624333 1.00587684333 0 0.50380074333 0.50752674333 0.51186424333 0.51166654333 0.0636348233300001 0.53945494333 0.0634173133300001 0.89162954333 0.99525444333 1.00130594333 0.89590674333 0.91157754333 0.90353454333
0.99865234333 0.45697566333 0.46771129333 0.50556334333 0.92552034333 0.88900944333 0.89524718333 0.89954514333 0.91326404333 0.50009314333 0.50301864333 0.89987679333 0.91157754333 0.91936714333 0.99714031333 0.99487784333 0.50380074333 0 0.0555207893300001 0.47539406333 0.47182394333 0.50204220333 0.52201704333 0.50165204333 0.89294304333 0.98813119333 0.98478044333 0.90087261333 0.91868659333 0.90320130333
0.99563124333 0.46029099333 0.46771129333 0.50870719333 0.92586364333 0.88770284333 0.89888234333 0.91090394333 0.91698780333 0.50438784333 0.50536730333 0.90654054333 0.91664854333 0.91698780333 1.00587684333 1.00473144333 0.50752674333 0.0555207893300001 0 0.47313728333 0.47070008333 0.50458364333 0.52402397333 0.50419208333 0.89097364333 0.98403790333 0.98775814333 0.90453520333 0.91732724333 0.89623684333
1.02014814333 0.26949107333 0.27149757333 0.50615184333 0.90186974333 0.88217494333 0.90453520333 0.90587154333 0.92792694333 0.50204220333 0.50949524333 0.90220239333 0.91360184333 0.89392964333 0.99827404333 0.99525444333 0.51186424333 0.47539406333 0.47313728333 0 0.0248440393300001 0.51048138333 0.53251239333 0.51008680333 0.88933644333 0.99187179333 0.99563124333 0.91630938333 0.91326404333 0.91225167333
1.01317144333 0.26634884333 0.26806114333 0.50752674333 0.89360060333 0.87604454333 0.89954514333 0.90620597333 0.92999594333 0.50321408333 0.51067879333 0.90353454333 0.90320130333 0.88737651333 0.99487784333 0.99299764333 0.51166654333 0.47182394333 0.47070008333 0.0248440393300001 0 0.50890414333 0.52704454333 0.50851034333 0.88088014333 0.98552378333 0.99224689333 0.90788044333 0.90486904333 0.90587154333
0.99563124333 0.50634809333 0.52261854333 0.18523614333 0.90888694333 0.89590674333 0.91393974333 0.90120484333 0.91563154333 0.18344738333 0.18844100333 0.90386794333 0.90687534333 0.88966360333 1.00855604333 1.00740664333 0.0636348233300001 0.50204220333 0.50458364333 0.51048138333 0.50890414333 0 0.53740634333 0.000754970000000057 0.88249900333 0.99714031333 1.00473144333 0.89425884333 0.91258897333 0.89855114333
1.01317144333 0.52623784333 0.53495534333 0.53169980333 0.89689734333 0.87251814333 0.89360060333 0.89392964333 0.91597041333 0.53475150333 0.53842994333 0.92243744333 0.89954514333 0.89689734333 1.00092624333 1.00435004333 0.53945494333 0.52201704333 0.52402397333 0.53251239333 0.52704454333 0.53740634333 0 0.53699728333 0.89064594333 1.01317144333 1.01587694333 0.90754524333 0.92517718333 0.91360184333
0.99487784333 0.50595560333 0.52221747333 0.18498034333 0.90888694333 0.89524718333 0.91326404333 0.90054054333 0.91529288333 0.18319220333 0.18818410333 0.90320130333 0.90687534333 0.88966360333 1.00855604333 1.00740664333 0.0634173133300001 0.50165204333 0.50419208333 0.51008680333 0.50851034333 0.000754970000000057 0.53699728333 0 0.88185104333 0.99638534333 1.00435004333 0.89392964333 0.91191454333 0.89788914333
0.98218464333 0.89360060333 0.88933644333 0.87797504333 0.40035837333 0.46677974333 0.46827077333 0.58774944333 0.59988030333 0.88509639333 0.88574714333 0.71812914333 0.40892794333 0.40240614333 0.99789598333 1.00016751333 0.89162954333 0.89294304333 0.89097364333 0.88933644333 0.88088014333 0.88249900333 0.89064594333 0.88185104333 0 0.98813119333 1.00244594333 0.41221022333 0.41724784333 0.41585477333
0.83326504333 1.01047564333 1.00817264333 0.99149694333 1.02719044333 1.00970724333 1.03390294333 1.01859224333 1.03192234333 0.97371831333 0.99262224333 1.03668434333 1.01703944333 1.01201494333 0.54542784333 0.53699728333 0.99525444333 0.98813119333 0.98403790333 0.99187179333 0.98552378333 0.99714031333 1.01317144333 0.99638534333 0.98813119333 0 0.37968480333 1.00740664333 1.02758374333 1.01898094333
0.82481424333 0.99224689333 0.99337330333 0.98887779333 1.03987574333 0.99676274333 1.02522764333 1.01009134333 1.03947614333 0.97445074333 0.99487784333 1.03469644333 1.02287904333 1.01355734333 0.54749849333 0.54048134333 1.00130594333 0.98478044333 0.98775814333 0.99563124333 0.99224689333 1.00473144333 1.01587694333 1.00435004333 1.00244594333 0.37968480333 0 1.01859224333 1.04107604333 1.02444404333
0.99187179333 0.91258897333 0.91023104333 0.88639844333 0.40961774333 0.47784658333 0.47898122333 0.59037950333 0.61017894333 0.88835587333 0.89392964333 0.73684384333 0.41203710333 0.40360328333 1.01394344333 1.00817264333 0.89590674333 0.90087261333 0.90453520333 0.91630938333 0.90788044333 0.89425884333 0.90754524333 0.89392964333 0.41221022333 1.00740664333 1.01859224333 0 0.34170404333 0.34233468333
1.01086024333 0.91258897333 0.90955867333 0.90721019333 0.41672514333 0.48144551333 0.48011758333 0.59279849333 0.60882764333 0.91023104333 0.91258897333 0.74300794333 0.42109224333 0.41742220333 1.03073654333 1.02405244333 0.91157754333 0.91868659333 0.91732724333 0.91326404333 0.90486904333 0.91258897333 0.92517718333 0.91191454333 0.41724784333 1.02758374333 1.04107604333 0.34170404333 0 0.27812841333
1.00092624333 0.90654054333 0.90754524333 0.89954514333 0.42109224333 0.48125567333 0.48544349333 0.59279849333 0.61674504333 0.89722778333 0.89590674333 0.73604354333 0.42004182333 0.41620280333 1.03152694333 1.03152694333 0.90353454333 0.90320130333 0.89623684333 0.91225167333 0.90587154333 0.89855114333 0.91360184333 0.89788914333 0.41585477333 1.01898094333 1.02444404333 0.34233468333 0.27812841333 0
