0 1.0141612 1.0176488 1.0045581 1.0262426 1.0227151 0.8729233 1.0091523 1.0110749 0.5362379 0.5291173 0.88780093 0.8684533 0.8678169 0.98869646 0.98645765 1.0130024 1.0022715 0.8774201 0.87645423 1.0045581 1.0083846 1.014548 1.0049399 0.99281836 0.5344004 1.0254573 0.99847597 0.53644234 0.8812961
1.0141612 0 0.15262826 0.9662408 0.6091733 0.6075979 1.0080011 0.67432946 0.68149 1.0215429 1.0141612 1.0361294 1.01146 1.015322 0.9167723 0.9188122 0.9608204 0.9583042 1.0049399 1.0091523 0.94903165 0.9483231 0.40168035 0.94867724 0.9476152 1.0141612 0.31087938 0.3187918 1.0270288 1.0149349
1.0176488 0.15262826 0 0.9536536 0.6112037 0.60804766 1.0137748 0.67359257 0.6812419 1.0246727 1.0238891 1.0305767 1.0130024 1.019204 0.9253087 0.93116945 0.95080596 0.9472615 1.0045581 1.01069 0.94232726 0.94092345 0.39640284 0.94514287 0.9543672 1.0160967 0.3117881 0.32047635 1.0317632 1.0317632
1.0045581 0.9662408 0.9536536 0 0.9370764 0.9518725 1.0095364 0.9518725 0.94373375 1.000751 0.99999183 1.0149349 1.0242808 1.0168724 0.74110866 0.7338906 0.12365598 0.12459997 1.0223241 1.025065 0.49662408 0.5032458 0.9651536 0.5003172 0.5071684 1.0011308 0.9673296 0.9680563 1.0037951 1.0168724
1.0262426 0.6091733 0.6112037 0.9370764 0 0.11953994 0.9775687 0.6733471 0.6684547 1.0195932 1.0103053 0.9958304 0.9768326 0.97978103 0.9232511 0.93847305 0.9360306 0.9205164 0.98645765 0.9931942 0.9543672 0.953297 0.6033384 0.9568702 0.94267863 1.0137748 0.6031149 0.6091733 1.0242808 0.9924427
1.0227151 0.6075979 0.60804766 0.9518725 0.11953994 0 0.97426224 0.6677236 0.66577744 1.0246727 1.014548 1.0003713 0.9706055 0.9779369 0.929441 0.94162506 0.9353342 0.9242792 0.98051995 0.98794943 0.9518725 0.94903165 0.59910303 0.9497408 0.93777436 1.0099207 0.60692376 0.6073731 1.0234975 0.98683035
0.8729233 1.0080011 1.0137748 1.0095364 0.9775687 0.97426224 0 1.001891 0.9980974 0.8505242 0.83911127 0.47540435 0.16673292 0.17011271 0.9764649 0.9764649 1.0011308 1.0011308 0.10433162 0.1042167 0.9898184 0.99734104 1.0160967 0.99999183 0.98794943 0.84711295 1.0133885 1.0133885 0.84433347 0.16885917
1.0091523 0.67432946 0.67359257 0.9518725 0.6733471 0.6677236 1.001891 0 0.11719802 1.0110749 1.001891 1.0076177 1.0045581 1.0034139 0.9458484 0.9440858 0.9500957 0.95151687 0.99847597 1.0072346 0.93255514 0.9360306 0.65948707 0.9339434 0.9335961 0.99923354 0.6501494 0.6785187 1.018426 0.99169195
1.0110749 0.68149 0.6812419 0.94373375 0.6684547 0.66577744 0.9980974 0.11719802 0 1.0211525 1.014548 1.0133885 0.99923354 0.99734104 0.9339434 0.9304776 0.94373375 0.9430302 0.99545324 1.0041765 0.932902 0.9349863 0.6619002 0.93151563 0.9353342 0.99885464 0.65972805 0.68198633 1.0270288 0.990942
0.5362379 1.0215429 1.0246727 1.000751 1.0195932 1.0246727 0.8505242 1.0110749 1.0211525 0 0.064604275 0.877098 0.84928197 0.84495026 0.98645765 0.98907024 1.005704 0.99885464 0.8640098 0.863061 0.9977191 0.99734104 1.0126165 1.000751 0.99545324 0.33221948 1.0176488 1.0238891 0.20517004 0.8545757
0.5291173 1.0141612 1.0238891 0.99999183 1.0103053 1.014548 0.83911127 1.001891 1.014548 0.064604275 0 0.8716434 0.84217876 0.84279376 0.98237044 0.98832285 1.0015109 0.99734104 0.85582674 0.85645306 0.9969631 0.9977191 1.0053219 1.0015109 0.98832285 0.33237523 1.0126165 1.0242808 0.20293847 0.84279376
0.88780093 1.0361294 1.0305767 1.0149349 0.9958304 1.0003713 0.47540435 1.0076177 1.0133885 0.877098 0.8716434 0 0.47033232 0.47352183 0.9931942 0.99545324 1.0072346 1.0083846 0.4820307 0.48279172 0.99961257 1.0030329 1.0231062 1.0068517 0.9838541 0.8621135 1.0381224 1.0365276 0.8649598 0.47766966
0.8684533 1.01146 1.0130024 1.0242808 0.9768326 0.9706055 0.16673292 1.0045581 0.99923354 0.84928197 0.84217876 0.47033232 0 0.047790807 0.97206604 0.9695119 1.0068517 1.0053219 0.17136838 0.17111707 0.98907024 0.99847597 1.0223241 1.0011308 0.97941184 0.83697146 1.0211525 1.0278157 0.84187144 0.15434618
0.8678169 1.015322 1.019204 1.0168724 0.97978103 0.9779369 0.17011271 1.0034139 0.99734104 0.84495026 0.84279376 0.47352183 0.047790807 0 0.9753628 0.9738958 1.0087683 1.0083846 0.17199698 0.17287792 0.9853408 0.9946995 1.0242808 0.99734104 0.9801504 0.8381934 1.0160967 1.030972 0.84525883 0.15668398
0.98869646 0.9167723 0.9253087 0.74110866 0.9232511 0.929441 0.9764649 0.9458484 0.9339434 0.98645765 0.98237044 0.9931942 0.97206604 0.9753628 0 0.042904105 0.73842716 0.73709005 0.9727974 0.98051995 0.7448788 0.74541897 0.9511613 0.74704176 0.74514884 0.9931942 0.9256522 0.9253087 0.9977191 0.97573
0.98645765 0.9188122 0.93116945 0.7338906 0.93847305 0.94162506 0.9764649 0.9440858 0.9304776 0.98907024 0.98832285 0.99545324 0.9695119 0.9738958 0.042904105 0 0.7336246 0.7325615 0.9709704 0.97720057 0.74110866 0.74057156 0.9540103 0.7421839 0.7459595 0.9857129 0.92909575 0.92771643 0.9939465 0.9738958
1.0130024 0.9608204 0.95080596 0.12365598 0.9360306 0.9353342 1.0011308 0.9500957 0.94373375 1.005704 1.0015109 1.0072346 1.0068517 1.0087683 0.73842716 0.7336246 0 0.039207175 1.0049399 1.0068517 0.49623638 0.5030502 0.9590223 0.502073 0.50874317 0.9980974 0.9604604 0.959741 1.0003713 1.005704
1.0022715 0.9583042 0.9472615 0.12459997 0.9205164 0.9242792 1.0011308 0.95151687 0.9430302 0.99885464 0.99734104 1.0083846 1.0053219 1.0083846 0.73709005 0.7325615 0.039207175 0 1.0037951 1.0083846 0.48967603 0.4960426 0.9590223 0.49546158 0.50775856 0.9977191 0.9608204 0.95794547 0.9920673 1.0034139
0.8774201 1.0049399 1.0045581 1.0223241 0.98645765 0.98051995 0.10433162 0.99847597 0.99545324 0.8640098 0.85582674 0.4820307 0.17136838 0.17199698 0.9727974 0.9709704 1.0049399 1.0037951 0 0.03353885 0.990942 0.9980974 1.0110749 0.99923354 0.9768326 0.8573935 1.0003713 1.0203725 0.8542633 0.17338179
0.87645423 1.0091523 1.01069 1.025065 0.9931942 0.98794943 0.1042167 1.0072346 1.0041765 0.863061 0.85645306 0.48279172 0.17111707 0.17287792 0.98051995 0.97720057 1.0068517 1.0083846 0.03353885 0 0.99056727 0.99961257 1.0195932 0.99847597 0.97573 0.8573935 1.0087683 1.025065 0.85363877 0.17464294
1.0045581 0.94903165 0.94232726 0.49662408 0.9543672 0.9518725 0.9898184 0.93255514 0.932902 0.9977191 0.9969631 0.99961257 0.98907024 0.9853408 0.7448788 0.74110866 0.49623638 0.48967603 0.990942 0.99056727 0 0.022844406 0.9297863 0.025322722 0.33004242 0.9872032 0.9500957 0.94162506 0.98051995 0.98496884
1.0083846 0.9483231 0.94092345 0.5032458 0.953297 0.94903165 0.99734104 0.9360306 0.9349863 0.99734104 0.9977191 1.0030329 0.99847597 0.9946995 0.74541897 0.74057156 0.5030502 0.4960426 0.9980974 0.99961257 0.022844406 0 0.9301319 0.023360047 0.3306638 0.9943229 0.9522284 0.94162506 0.98757625 0.98794943
1.014548 0.40168035 0.39640284 0.9651536 0.6033384 0.59910303 1.0160967 0.65948707 0.6619002 1.0126165 1.0053219 1.0231062 1.0223241 1.0242808 0.9511613 0.9540103 0.9590223 0.9590223 1.0110749 1.0195932 0.9297863 0.9301319 0 0.9360306 0.928061 1.0110749 0.3970817 0.39369342 1.0262426 1.0141612
1.0049399 0.94867724 0.94514287 0.5003172 0.9568702 0.9497408 0.99999183 0.9339434 0.93151563 1.000751 1.0015109 1.0068517 1.0011308 0.99734104 0.74704176 0.7421839 0.502073 0.49546158 0.99923354 0.99847597 0.025322722 0.023360047 0.9360306 0 0.33424672 0.9950763 0.9557965 0.9430302 0.98683035 0.9924427
0.99281836 0.9476152 0.9543672 0.5071684 0.94267863 0.93777436 0.98794943 0.9335961 0.9353342 0.99545324 0.98832285 0.9838541 0.97941184 0.9801504 0.74514884 0.7459595 0.50874317 0.50775856 0.9768326 0.97573 0.33004242 0.3306638 0.928061 0.33424672 0 0.99357027 0.94162506 0.9370764 0.9816297 0.98832285
0.5344004 1.0141612 1.0160967 1.0011308 1.0137748 1.0099207 0.84711295 0.99923354 0.99885464 0.33221948 0.33237523 0.8621135 0.83697146 0.8381934 0.9931942 0.9857129 0.9980974 0.9977191 0.8573935 0.8573935 0.9872032 0.9943229 1.0110749 0.9950763 0.99357027 0 1.0203725 1.0297868 0.32663402 0.8502134
1.0254573 0.31087938 0.3117881 0.9673296 0.6031149 0.60692376 1.0133885 0.6501494 0.65972805 1.0176488 1.0126165 1.0381224 1.0211525 1.0160967 0.9256522 0.92909575 0.9604604 0.9608204 1.0003713 1.0087683 0.9500957 0.9522284 0.3970817 0.9557965 0.94162506 1.0203725 0 0.29455975 1.0103053 1.0262426
0.99847597 0.3187918 0.32047635 0.9680563 0.6091733 0.6073731 1.0133885 0.6785187 0.68198633 1.0238891 1.0242808 1.0365276 1.0278157 1.030972 0.9253087 0.92771643 0.959741 0.95794547 1.0203725 1.025065 0.94162506 0.94162506 0.39369342 0.9430302 0.9370764 1.0297868 0.29455975 0 1.0325551 1.036926
0.53644234 1.0270288 1.0317632 1.0037951 1.0242808 1.0234975 0.84433347 1.018426 1.0270288 0.20517004 0.20293847 0.8649598 0.84187144 0.84525883 0.9977191 0.9939465 1.0003713 0.9920673 0.8542633 0.85363877 0.98051995 0.98757625 1.0262426 0.98683035 0.9816297 0.32663402 1.0103053 1.0325551 0 0.85270303
0.8812961 1.0149349 1.0317632 1.0168724 0.9924427 0.98683035 0.16885917 0.99169195 0.990942 0.8545757 0.84279376 0.47766966 0.15434618 0.15668398 0.97573 0.9738958 1.005704 1.0034139 0.17338179 0.17464294 0.98496884 0.98794943 1.0141612 0.9924427 0.98832285 0.8502134 1.0262426 1.036926 0.85270303 0
