0 1.0189781925 1.0201460925 1.0185892925 1.0209256925 0.8280326925 0.8362195225 1.0275854925 1.0116232925 1.0544240925 1.0147112925 1.0347019925 1.0182005925 1.0382856925 1.0228783925 1.0170356925 1.0093155925 1.0147112925 1.0135517925 1.0162599925 1.0162599925 1.0560571925 1.0220965925 1.0552402925 1.0062495925 1.0217061925 1.0174236925 0.8295419925 0.9967486625 1.0201460925
1.0189781925 0 0.2800569625 0.4671332325 0.4547484925 0.9959936925 1.0066321925 0.9795751325 0.9821632925 0.9899816925 0.5220263325 0.5899878525 0.5278644925 0.9832751925 0.9803136925 0.5531443925 0.5552375925 0.5475216925 0.5444160425 0.4673196425 0.4691862525 0.9821632925 0.5244366325 0.9817929925 0.3501901125 0.9671297925 0.4643427225 0.9896074925 0.9707687925 0.9762606425
1.0201460925 0.2800569625 0 0.4591613425 0.4531003325 0.9937335625 0.9993968325 0.9685832625 0.9755260925 0.9718639625 0.5132542925 0.5979337925 0.5176274925 0.9689470925 0.9725949525 0.5518912425 0.5533533925 0.5500154225 0.5473141925 0.4606380925 0.4634148225 0.9656790925 0.5128579925 0.9653168925 0.3482788925 0.9689470925 0.4545651725 0.9888597525 0.9566753925 0.9755260925
1.0185892925 0.4671332325 0.4591613425 0 0.2554833325 1.0089315925 1.0058672925 0.9777319925 0.9711336925 0.9888597525 0.5458637225 0.5891101925 0.5466922325 0.9907305625 0.9959936925 0.5632454925 0.5634573925 0.5613411425 0.5615524925 0.4678791225 0.4701212925 0.9806832425 0.5347676925 0.9795751325 0.4518209425 0.9832751925 0.3059139325 0.9843887925 0.9755260925 0.9866209425
1.0209256925 0.4547484925 0.4531003325 0.2554833325 0 1.0127797925 1.0197564925 0.9649548325 0.9664040925 0.9806832425 0.5284710925 0.6028313925 0.5246378525 0.9733266625 0.9792061925 0.5655796325 0.5647300225 0.5523086925 0.5514739525 0.4641570525 0.4652717125 0.9806832425 0.5278644925 0.9803136925 0.4413033525 0.9645928925 0.3032128525 1.0066321925 0.9729606925 0.9700395925
0.8280326925 0.9959936925 0.9937335625 1.0089315925 1.0127797925 0 0.2345543125 0.9840173925 0.9689470925 0.9956165325 1.0058672925 1.0182005925 1.0035771925 0.9907305625 0.9918552425 1.0170356925 1.0116232925 1.0120084925 1.0104685925 0.9978823925 1.0009142925 0.9892335325 1.0085478925 0.9892335325 0.9907305625 0.9707687925 1.0108532925 0.2836966925 0.9825337325 1.0123940925
0.8362195225 1.0066321925 0.9993968325 1.0058672925 1.0197564925 0.2345543125 0 0.9903559925 0.9755260925 1.0127797925 1.0193672925 1.0260130925 1.0143244925 0.9851321325 0.9907305625 1.0236607925 1.0178120925 1.0232694925 1.0217061925 1.0108532925 1.0135517925 0.9963710925 1.0197564925 0.9971263925 0.9971263925 0.9888597525 1.0236607925 0.2838426325 0.9803136925 1.0001551225
1.0275854925 0.9795751325 0.9685832625 0.9777319925 0.9649548325 0.9840173925 0.9903559925 0 0.2364703725 0.5402951625 0.9877395425 0.9836462525 0.9937335625 0.2559050925 0.2588642625 0.9799443225 0.9755260925 0.9817929925 0.9814229325 1.0108532925 1.0147112925 0.5333411925 0.9881127225 0.5331376525 0.9707687925 0.3365993525 0.9693110925 1.0047213925 0.6647269525 0.6747384925
1.0116232925 0.9821632925 0.9755260925 0.9711336925 0.9664040925 0.9689470925 0.9755260925 0.2364703725 0 0.5378334925 0.9941097925 0.9869936425 0.9858761925 0.2602774925 0.2608435225 0.9777319925 0.9747921925 0.9840173925 0.9873664925 1.0043397925 1.0066321925 0.5368101325 0.9881127225 0.5366056325 0.9829043925 0.3353475125 0.9744255325 0.9884861425 0.6781879425 0.6906383925
1.0544240925 0.9899816925 0.9718639625 0.9888597525 0.9806832425 0.9956165325 1.0127797925 0.5402951625 0.5378334925 0 0.9982606925 1.0054851925 0.9997758625 0.5284710925 0.5319174925 1.0073978925 1.0009142925 1.0116232925 1.0085478925 0.9847603925 0.9851321325 0.1748062325 1.0005345925 0.1740492925 0.9926059925 0.5433837525 0.9881127225 1.0260130925 0.7015136925 0.7012589325
1.0147112925 0.5220263325 0.5132542925 0.5458637225 0.5284710925 1.0058672925 1.0193672925 0.9877395425 0.9941097925 0.9982606925 0 0.6037252925 0.1682713425 0.9922305925 0.9896074925 0.5564962925 0.5546089925 0.5588094925 0.5577571925 0.5298882525 0.5319174925 1.0224873925 0.3986046325 1.0220965925 0.5274604325 0.9858761925 0.5306992925 1.0051031925 0.9899816925 0.9851321325
1.0347019925 0.5899878525 0.5979337925 0.5891101925 0.6028313925 1.0182005925 1.0260130925 0.9836462525 0.9869936425 1.0054851925 0.6037252925 0 0.5948336925 0.9944861925 0.9929816525 0.6017154925 0.6001559925 0.6100127425 0.6120449925 0.5906467925 0.5917463925 1.0016741925 0.5921865925 1.0009142925 0.5819080225 0.9821632925 0.6032781925 1.0043397925 0.9892335325 0.9918552425
1.0182005925 0.5278644925 0.5176274925 0.5466922325 0.5246378525 1.0035771925 1.0143244925 0.9937335625 0.9858761925 0.9997758625 0.1682713425 0.5948336925 0 1.0009142925 0.9941097925 0.5626101925 0.5607074225 0.5617638925 0.5613411425 0.5357881925 0.5366056325 1.0213157925 0.3957183725 1.0224873925 0.5280666925 0.9956165325 0.5302936925 1.0012940925 0.9941097925 0.9858761925
1.0382856925 0.9832751925 0.9689470925 0.9907305625 0.9733266625 0.9907305625 0.9851321325 0.2559050925 0.2602774925 0.5284710925 0.9922305925 0.9944861925 1.0009142925 0 0.1150266825 0.9829043925 0.9836462525 0.9873664925 0.9881127225 0.9986392625 0.9993968325 0.5250404225 0.9892335325 0.5252417925 0.9855040925 0.3272611925 0.9914801425 0.9975043325 0.6644843925 0.6796710925
1.0228783925 0.9803136925 0.9725949525 0.9959936925 0.9792061925 0.9918552425 0.9907305625 0.2588642625 0.2608435225 0.5319174925 0.9896074925 0.9929816525 0.9941097925 0.1150266825 0 0.9843887925 0.9843887925 0.9777319925 0.9806832425 1.0009142925 1.0024347925 0.5288756925 0.9884861425 0.5284710925 0.9858761925 0.3275705925 0.9952395925 0.9971263925 0.6688618925 0.6883819925
1.0170356925 0.5531443925 0.5518912425 0.5632454925 0.5655796325 1.0170356925 1.0236607925 0.9799443225 0.9777319925 1.0073978925 0.5564962925 0.6017154925 0.5626101925 0.9829043925 0.9843887925 0 0.0413751095 0.3072681525 0.3059139325 0.5575468925 0.5598632925 0.9990179325 0.5533533925 0.9990179325 0.5475216925 0.9847603925 0.5756353925 1.0073978925 0.9911052925 0.9847603925
1.0093155925 0.5552375925 0.5533533925 0.5634573925 0.5647300225 1.0116232925 1.0178120925 0.9755260925 0.9747921925 1.0009142925 0.5546089925 0.6001559925 0.5607074225 0.9836462525 0.9843887925 0.0413751095 0 0.3098327525 0.3078707925 0.5596524225 0.5615524925 0.9986392625 0.5510569525 0.9982606925 0.5481442925 0.9829043925 0.5732697925 1.0028152925 0.9810529925 0.9799443225
1.0147112925 0.5475216925 0.5500154225 0.5613411425 0.5523086925 1.0120084925 1.0232694925 0.9817929925 0.9840173925 1.0116232925 0.5588094925 0.6100127425 0.5617638925 0.9873664925 0.9777319925 0.3072681525 0.3098327525 0 0.0309881515 0.5531443925 0.5550279925 1.0012940925 0.5636693625 1.0012940925 0.5477291925 0.9959936925 0.5546089925 0.9851321325 0.9843887925 0.9933574925
1.0135517925 0.5444160425 0.5473141925 0.5615524925 0.5514739525 1.0104685925 1.0217061925 0.9814229325 0.9873664925 1.0085478925 0.5577571925 0.6120449925 0.5613411425 0.9881127225 0.9806832425 0.3059139325 0.3078707925 0.0309881515 0 0.5550279925 0.5567062925 1.0001551225 0.5630336925 0.9993968325 0.5458637225 0.9922305925 0.5554471925 0.9888597525 0.9869936425 0.9922305925
1.0162599925 0.4673196425 0.4606380925 0.4678791225 0.4641570525 0.9978823925 1.0108532925 1.0108532925 1.0043397925 0.9847603925 0.5298882525 0.5906467925 0.5357881925 0.9986392625 1.0009142925 0.5575468925 0.5596524225 0.5531443925 0.5550279925 0 0.00729711250000002 0.9896074925 0.5376286925 0.9892335325 0.4578715625 0.9956165325 0.4714322925 0.9918552425 0.9975043325 0.9911052925
1.0162599925 0.4691862525 0.4634148225 0.4701212925 0.4652717125 1.0009142925 1.0135517925 1.0147112925 1.0066321925 0.9851321325 0.5319174925 0.5917463925 0.5366056325 0.9993968325 1.0024347925 0.5598632925 0.5615524925 0.5550279925 0.5567062925 0.00729711250000002 0 0.9926059925 0.5380382925 0.9922305925 0.4598993425 0.9963710925 0.4723701525 0.9937335625 1.0012940925 0.9933574925
1.0560571925 0.9821632925 0.9656790925 0.9806832425 0.9806832425 0.9892335325 0.9963710925 0.5333411925 0.5368101325 0.1748062325 1.0224873925 1.0016741925 1.0213157925 0.5250404225 0.5288756925 0.9990179325 0.9986392625 1.0012940925 1.0001551225 0.9896074925 0.9926059925 0 1.0035771925 0.00126410000000002 0.9847603925 0.5368101325 0.9792061925 1.0066321925 0.6861323925 0.6964357925
1.0220965925 0.5244366325 0.5128579925 0.5347676925 0.5278644925 1.0085478925 1.0197564925 0.9881127225 0.9881127225 1.0005345925 0.3986046325 0.5921865925 0.3957183725 0.9892335325 0.9884861425 0.5533533925 0.5510569525 0.5636693625 0.5630336925 0.5376286925 0.5380382925 1.0035771925 0 1.0028152925 0.5081186925 0.9971263925 0.5331376525 0.9963710925 1.0012940925 0.9937335625
1.0552402925 0.9817929925 0.9653168925 0.9795751325 0.9803136925 0.9892335325 0.9971263925 0.5331376525 0.5366056325 0.1740492925 1.0220965925 1.0009142925 1.0224873925 0.5252417925 0.5284710925 0.9990179325 0.9982606925 1.0012940925 0.9993968325 0.9892335325 0.9922305925 0.00126410000000002 1.0028152925 0 0.9840173925 0.5368101325 0.9788373425 1.0077809925 0.6856333925 0.6951716925
1.0062495925 0.3501901125 0.3482788925 0.4518209425 0.4413033525 0.9907305625 0.9971263925 0.9707687925 0.9829043925 0.9926059925 0.5274604325 0.5819080225 0.5280666925 0.9855040925 0.9858761925 0.5475216925 0.5481442925 0.5477291925 0.5458637225 0.4578715625 0.4598993425 0.9847603925 0.5081186925 0.9840173925 0 0.9624253225 0.4461811225 0.9806832425 0.9747921925 0.9829043925
1.0217061925 0.9671297925 0.9689470925 0.9832751925 0.9645928925 0.9707687925 0.9888597525 0.3365993525 0.3353475125 0.5433837525 0.9858761925 0.9821632925 0.9956165325 0.3272611925 0.3275705925 0.9847603925 0.9829043925 0.9959936925 0.9922305925 0.9956165325 0.9963710925 0.5368101325 0.9971263925 0.5368101325 0.9624253225 0 0.9792061925 0.9884861425 0.6814051925 0.6873813625
1.0174236925 0.4643427225 0.4545651725 0.3059139325 0.3032128525 1.0108532925 1.0236607925 0.9693110925 0.9744255325 0.9881127225 0.5306992925 0.6032781925 0.5302936925 0.9914801425 0.9952395925 0.5756353925 0.5732697925 0.5546089925 0.5554471925 0.4714322925 0.4723701525 0.9792061925 0.5331376525 0.9788373425 0.4461811225 0.9792061925 0 0.9877395425 0.9806832425 0.9700395925
0.8295419925 0.9896074925 0.9888597525 0.9843887925 1.0066321925 0.2836966925 0.2838426325 1.0047213925 0.9884861425 1.0260130925 1.0051031925 1.0043397925 1.0012940925 0.9975043325 0.9971263925 1.0073978925 1.0028152925 0.9851321325 0.9888597525 0.9918552425 0.9937335625 1.0066321925 0.9963710925 1.0077809925 0.9806832425 0.9884861425 0.9877395425 0 0.9766281925 0.9892335325
0.9967486625 0.9707687925 0.9566753925 0.9755260925 0.9729606925 0.9825337325 0.9803136925 0.6647269525 0.6781879425 0.7015136925 0.9899816925 0.9892335325 0.9941097925 0.6644843925 0.6688618925 0.9911052925 0.9810529925 0.9843887925 0.9869936425 0.9975043325 1.0012940925 0.6861323925 1.0012940925 0.6856333925 0.9747921925 0.6814051925 0.9806832425 0.9766281925 0 0.2944268925
1.0201460925 0.9762606425 0.9755260925 0.9866209425 0.9700395925 1.0123940925 1.0001551225 0.6747384925 0.6906383925 0.7012589325 0.9851321325 0.9918552425 0.9858761925 0.6796710925 0.6883819925 0.9847603925 0.9799443225 0.9933574925 0.9922305925 0.9911052925 0.9933574925 0.6964357925 0.9937335625 0.6951716925 0.9829043925 0.6873813625 0.9700395925 0.9892335325 0.2944268925 0
