0 0.7709756 0.7437997 0.7459595 0.99169195 0.75165886 0.77546155 0.7743376 0.94867724 0.96334505 0.76374257 0.74677104 0.7618071 0.77489936 0.77209455 0.7427221 0.7532952 0.7813905 0.7706961 0.7673504 0.7687426 0.9962078 0.7494826 0.9977191 0.7527494 0.99131685 0.7532952 0.99131685 0.7709756 0.74893945
0.7709756 0 0.6413967 0.64540553 0.9958304 0.6418672 0.2519543 0.25475803 0.9709704 0.9775687 0.26266474 0.65564215 0.26650688 0.25377554 0.2527943 0.6461152 0.64257354 0.25602314 0.25083572 0.21522841 0.2158949 0.99169195 0.51170486 0.9931942 0.63998693 0.99923354 0.6339084 0.9853408 0.3493892 0.65134007
0.7437997 0.6413967 0 0.19045985 0.9775687 0.19123371 0.6515784 0.64469653 0.94867724 0.9572284 0.64991146 0.61915225 0.64967364 0.6508636 0.65181684 0.18750076 0.19045985 0.6515784 0.6449328 0.6532491 0.64729947 0.97499573 0.6439882 0.97426224 0.5050084 0.98869646 0.3842868 0.9691478 0.6575622 0.23384447
0.7459595 0.64540553 0.19045985 0 0.9644296 0.18955801 0.6599691 0.6539662 0.953297 0.9637064 0.6515784 0.6228142 0.6522939 0.6539662 0.6558819 0.187244 0.19084668 0.6568416 0.6489606 0.6590054 0.6539662 0.9746289 0.65134007 0.97243166 0.5046164 0.97867405 0.38311923 0.9775687 0.67065233 0.23781599
0.99169195 0.9958304 0.9775687 0.9644296 0 0.9768326 1.0022715 0.99169195 0.43272406 0.43219006 1.000751 1.0195932 0.9969631 1.001891 1.0037951 0.9901927 0.9838541 0.9939465 0.98832285 0.9950763 0.9943229 0.18532108 0.9779369 0.18519306 0.97941184 0.45770827 0.9746289 0.4366517 0.99169195 0.97978103
0.75165886 0.6418672 0.19123371 0.18955801 0.9768326 0 0.64516914 0.63975227 0.9608204 0.9775687 0.64991146 0.6205234 0.6475366 0.6501494 0.6501494 0.178566 0.17996301 0.6475366 0.63975227 0.64872307 0.6444604 0.9816297 0.6437523 0.9816297 0.5040287 0.9962078 0.38095567 0.99923354 0.65660155 0.23070954
0.77546155 0.2519543 0.6515784 0.6599691 1.0022715 0.64516914 0 0.15594494 0.9901927 1.0037951 0.26836383 0.65038735 0.26807785 0.2522342 0.25181437 0.65253264 0.6508636 0.15890548 0.1555757 0.25055632 0.25013745 0.99885464 0.52346903 0.99961257 0.64564204 1.0207624 0.6276477 1.0211525 0.35210282 0.654684
0.7743376 0.25475803 0.64469653 0.6539662 0.99169195 0.63975227 0.15594494 0 0.97867405 0.9845971 0.26679227 0.65253264 0.26707777 0.24888222 0.24762909 0.654684 0.64919823 0.15299605 0.14859433 0.24846429 0.24721184 0.99131685 0.5168664 0.9924427 0.6475366 0.99847597 0.6334428 1.0022715 0.3441494 0.6489606
0.94867724 0.9709704 0.94867724 0.953297 0.43272406 0.9608204 0.9901927 0.97867405 0 0.087288015 0.98832285 0.97243166 0.9857129 0.9943229 0.9894442 0.9540103 0.959741 0.96769285 0.9695119 0.9695119 0.9669665 0.4261645 0.97206604 0.42793173 0.9695119 0.43880278 0.9644296 0.36240783 0.96841997 0.9593815
0.96334505 0.9775687 0.9572284 0.9637064 0.43219006 0.9775687 1.0037951 0.9845971 0.087288015 0 0.99923354 0.9842255 1.000751 1.0045581 1.0011308 0.9666036 0.9709704 0.97720057 0.97867405 0.9753628 0.9753628 0.42651764 0.9746289 0.42740113 0.97573 0.43844384 0.9687838 0.36159766 0.9746289 0.9727974
0.76374257 0.26266474 0.64991146 0.6515784 1.000751 0.64991146 0.26836383 0.26679227 0.98832285 0.99923354 0 0.6522939 0.08370163 0.2623809 0.2616718 0.64824826 0.64729947 0.26707777 0.2638011 0.2609634 0.26039714 0.99961257 0.5214621 0.99847597 0.6470625 0.99923354 0.6343742 0.9980974 0.34795654 0.65277135
0.74677104 0.65564215 0.61915225 0.6228142 1.0195932 0.6205234 0.65038735 0.65253264 0.97243166 0.9842255 0.6522939 0 0.64801097 0.6590054 0.65660155 0.6184676 0.6216679 0.6520554 0.6444604 0.64729947 0.64801097 1.0053219 0.64801097 1.002652 0.62373245 0.97316337 0.61960906 1.0030329 0.6611755 0.6228142
0.7618071 0.26650688 0.64967364 0.6522939 0.9969631 0.6475366 0.26807785 0.26707777 0.9857129 1.000751 0.08370163 0.64801097 0 0.2653664 0.26294866 0.64540553 0.64516914 0.26593643 0.26337475 0.26195538 0.2609634 0.990942 0.5283078 0.99056727 0.6506254 0.99999183 0.6334428 0.99658537 0.3501863 0.64991146
0.77489936 0.25377554 0.6508636 0.6539662 1.001891 0.6501494 0.2522342 0.24888222 0.9943229 1.0045581 0.2623809 0.6590054 0.2653664 0 0.06242752 0.6580429 0.65181684 0.2522342 0.24790739 0.24651696 0.24540646 0.98869646 0.5103213 0.98832285 0.64587855 0.99357027 0.6348403 1.0083846 0.34795654 0.6539662
0.77209455 0.2527943 0.65181684 0.6558819 1.0037951 0.6501494 0.25181437 0.24762909 0.9894442 1.0011308 0.2616718 0.65660155 0.26294866 0.06242752 0 0.6558819 0.65253264 0.25307453 0.24832502 0.24610032 0.24485183 0.9943229 0.5105188 0.9939465 0.6418672 1.0037951 0.6378772 1.0087683 0.34557483 0.654684
0.7427221 0.6461152 0.18750076 0.187244 0.9901927 0.178566 0.65253264 0.654684 0.9540103 0.9666036 0.64824826 0.6184676 0.64540553 0.6580429 0.6558819 0 0.050780986 0.6580429 0.65277135 0.6539662 0.6506254 0.9901927 0.6442242 0.98907024 0.49876 0.9857129 0.3816207 0.9920673 0.6699191 0.23288897
0.7532952 0.64257354 0.19045985 0.19084668 0.9838541 0.17996301 0.6508636 0.64919823 0.959741 0.9709704 0.64729947 0.6216679 0.64516914 0.65181684 0.65253264 0.050780986 0 0.6532491 0.6484856 0.64801097 0.64469653 0.98683035 0.64801097 0.9860852 0.50285465 0.9901927 0.38261938 0.9931942 0.6686986 0.23891531
0.7813905 0.25602314 0.6515784 0.6568416 0.9939465 0.6475366 0.15890548 0.15299605 0.96769285 0.97720057 0.26707777 0.6520554 0.26593643 0.2522342 0.25307453 0.6580429 0.6532491 0 0.045981143 0.25167447 0.25027704 0.9924427 0.5228664 0.9924427 0.64872307 0.9958304 0.6378772 0.99999183 0.3484338 0.6592462
0.7706961 0.25083572 0.6449328 0.6489606 0.98832285 0.63975227 0.1555757 0.14859433 0.9695119 0.97867405 0.2638011 0.6444604 0.26337475 0.24790739 0.24832502 0.65277135 0.6484856 0.045981143 0 0.24776822 0.24610032 0.99131685 0.5196604 0.99131685 0.6395176 0.9943229 0.6315835 0.9931942 0.34668535 0.65277135
0.7673504 0.21522841 0.6532491 0.6590054 0.9950763 0.64872307 0.25055632 0.24846429 0.9695119 0.9753628 0.2609634 0.64729947 0.26195538 0.24651696 0.24610032 0.6539662 0.64801097 0.25167447 0.24776822 0 0.031971887 0.97941184 0.5071684 0.9779369 0.6376432 1.0003713 0.63881415 1.0095364 0.34573337 0.6542054
0.7687426 0.2158949 0.64729947 0.6539662 0.9943229 0.6444604 0.25013745 0.24721184 0.9669665 0.9753628 0.26039714 0.64801097 0.2609634 0.24540646 0.24485183 0.6506254 0.64469653 0.25027704 0.24610032 0.031971887 0 0.9753628 0.50579315 0.97352946 0.6350735 0.9931942 0.63834554 1.0110749 0.3433587 0.65181684
0.9962078 0.99169195 0.97499573 0.9746289 0.18532108 0.9816297 0.99885464 0.99131685 0.4261645 0.42651764 0.99961257 1.0053219 0.990942 0.98869646 0.9943229 0.9901927 0.98683035 0.9924427 0.99131685 0.97941184 0.9753628 0 0.9695119 0.006427463 0.97573 0.4500159 0.97316337 0.42952576 0.98125964 0.98348296
0.7494826 0.51170486 0.6439882 0.65134007 0.9779369 0.6437523 0.52346903 0.5168664 0.97206604 0.9746289 0.5214621 0.64801097 0.5283078 0.5103213 0.5105188 0.6442242 0.64801097 0.5228664 0.5196604 0.5071684 0.50579315 0.9695119 0 0.9706055 0.654684 0.97941184 0.6297288 0.9768326 0.52527994 0.6461152
0.9977191 0.9931942 0.97426224 0.97243166 0.18519306 0.9816297 0.99961257 0.9924427 0.42793173 0.42740113 0.99847597 1.002652 0.99056727 0.98832285 0.9939465 0.98907024 0.9860852 0.9924427 0.99131685 0.9779369 0.97352946 0.006427463 0.9706055 0 0.9753628 0.44855958 0.97206604 0.42917123 0.982 0.9838541
0.7527494 0.63998693 0.5050084 0.5046164 0.97941184 0.5040287 0.64564204 0.6475366 0.9695119 0.97573 0.6470625 0.62373245 0.6506254 0.64587855 0.6418672 0.49876 0.50285465 0.64872307 0.6395176 0.6376432 0.6350735 0.97573 0.654684 0.9753628 0 0.98496884 0.5030502 0.9924427 0.64635193 0.5044204
0.99131685 0.99923354 0.98869646 0.97867405 0.45770827 0.9962078 1.0207624 0.99847597 0.43880278 0.43844384 0.99923354 0.97316337 0.99999183 0.99357027 1.0037951 0.9857129 0.9901927 0.9958304 0.9943229 1.0003713 0.9931942 0.4500159 0.97941184 0.44855958 0.98496884 0 0.9764649 0.44910538 0.98125964 0.98237044
0.7532952 0.6339084 0.3842868 0.38311923 0.9746289 0.38095567 0.6276477 0.6334428 0.9644296 0.9687838 0.6343742 0.61960906 0.6334428 0.6348403 0.6378772 0.3816207 0.38261938 0.6378772 0.6315835 0.63881415 0.63834554 0.97316337 0.6297288 0.97206604 0.5030502 0.9764649 0 0.9775687 0.6515784 0.38813597
0.99131685 0.9853408 0.9691478 0.9775687 0.4366517 0.99923354 1.0211525 1.0022715 0.36240783 0.36159766 0.9980974 1.0030329 0.99658537 1.0083846 1.0087683 0.9920673 0.9931942 0.99999183 0.9931942 1.0095364 1.0110749 0.42952576 0.9768326 0.42917123 0.9924427 0.44910538 0.9775687 0 0.990942 0.98757625
0.7709756 0.3493892 0.6575622 0.67065233 0.99169195 0.65660155 0.35210282 0.3441494 0.96841997 0.9746289 0.34795654 0.6611755 0.3501863 0.34795654 0.34557483 0.6699191 0.6686986 0.3484338 0.34668535 0.34573337 0.3433587 0.98125964 0.52527994 0.982 0.64635193 0.98125964 0.6515784 0.990942 0 0.6604514
0.74893945 0.65134007 0.23384447 0.23781599 0.97978103 0.23070954 0.654684 0.6489606 0.9593815 0.9727974 0.65277135 0.6228142 0.64991146 0.6539662 0.654684 0.23288897 0.23891531 0.6592462 0.65277135 0.6542054 0.65181684 0.98348296 0.6461152 0.9838541 0.5044204 0.98237044 0.38813597 0.98757625 0.6604514 0
