0 1.0176488 0.9894442 1.0266355 0.9790429 0.97499573 1.0030329 0.97573 0.99658537 1.0030329 1.0045581 0.99545324 0.98237044 0.9783054 0.97720057 0.99999183 0.9901927 0.99357027 0.9939465 0.9898184 0.98348296 1.000751 0.99357027 1.001891 0.9969631 1.000751 1.001891 0.9842255 0.9695119 0.9920673
1.0176488 0 0.21682899 0.72018194 0.95258445 0.9497408 0.71549445 0.95258445 0.70928967 0.7129029 0.71601385 0.71316165 0.9706055 0.944438 0.94479036 0.70007765 0.7173139 0.71445674 0.714716 0.9658782 0.9695119 0.7018601 0.7085177 0.7026252 0.4652944 0.7082605 0.417216 0.9557965 0.4180886 0.42194015
0.9894442 0.21682899 0 0.71186876 0.9590223 0.9430302 0.700841 0.94127417 0.6972853 0.69753873 0.7023701 0.7033912 0.9790429 0.93777436 0.94267863 0.6962725 0.7067194 0.7033912 0.70160514 0.96841997 0.9706055 0.69753873 0.70109564 0.69956917 0.4660386 0.69855326 0.41582194 0.953297 0.40785605 0.40716735
1.0266355 0.72018194 0.71186876 0 0.97867405 0.96010065 0.16486183 0.9695119 0.16349263 0.1661087 0.25884217 0.59599745 0.9764649 0.9698763 0.9713354 0.5331779 0.25997275 0.25870097 0.25841862 0.97206604 0.9698763 0.5426017 0.5046164 0.5436332 0.71783453 0.37417278 0.7173139 0.97573 0.7049255 0.72332335
0.9790429 0.95258445 0.9590223 0.97867405 0 0.3950469 0.96406794 0.40014434 0.9611805 0.9626228 0.9637064 0.9611805 0.16014248 0.40202212 0.40065598 0.97206604 0.9593815 0.9497408 0.95258445 0.15631437 0.15545265 0.9768326 0.9500957 0.97426224 0.93987226 0.9687838 0.9572284 0.2954489 0.9419761 0.9540103
0.97499573 0.9497408 0.9430302 0.96010065 0.3950469 0 0.94903165 0.105596855 0.9440858 0.94620144 0.9518725 0.9511613 0.40768382 0.105942294 0.10790278 0.9458484 0.9493862 0.9402225 0.9458484 0.40150952 0.40099728 0.9483231 0.9433819 0.9472615 0.94127417 0.9593815 0.9504507 0.3911622 0.93987226 0.9388226
1.0030329 0.71549445 0.700841 0.16486183 0.96406794 0.94903165 0 0.9557965 0.07139264 0.075473234 0.25419644 0.5964403 0.96406794 0.9540103 0.9557965 0.5339927 0.2557418 0.25377554 0.2543368 0.9644296 0.9644296 0.5384899 0.5001224 0.5397211 0.71342045 0.37039444 0.70646286 0.97316337 0.695261 0.7165336
0.97573 0.95258445 0.94127417 0.9695119 0.40014434 0.105596855 0.9557965 0 0.9540103 0.9472615 0.95472425 0.94867724 0.40889028 0.06974465 0.0698544 0.94867724 0.9568702 0.9476152 0.9504507 0.40356198 0.40339074 0.9557965 0.95508146 0.9568702 0.9395222 0.9713354 0.9543672 0.38947943 0.94373375 0.9374253
0.99658537 0.70928967 0.6972853 0.16349263 0.9611805 0.9440858 0.07139264 0.9540103 0 0.06974465 0.25097546 0.5955548 0.9644296 0.9504507 0.9554389 0.5283078 0.25349504 0.25237417 0.2529344 0.9637064 0.9644296 0.53419656 0.4979826 0.5356249 0.71186876 0.36745068 0.702115 0.9709704 0.69425094 0.7152349
1.0030329 0.7129029 0.69753873 0.1661087 0.9626228 0.94620144 0.075473234 0.9472615 0.06974465 0 0.25447717 0.5964403 0.9662408 0.95080596 0.9536536 0.5333815 0.25588247 0.25377554 0.25475803 0.96298385 0.9626228 0.5376702 0.49643022 0.537875 0.71238565 0.37187067 0.7056938 0.97024083 0.68796843 0.71212715
1.0045581 0.71601385 0.7023701 0.25884217 0.9637064 0.9518725 0.25419644 0.95472425 0.25097546 0.25447717 0 0.59246385 0.9695119 0.953297 0.9604604 0.5374654 0.06362395 0.06307988 0.06340627 0.9673296 0.9662408 0.5397211 0.5001224 0.5413658 0.7049255 0.3731853 0.7018601 0.9673296 0.70415795 0.7152349
0.99545324 0.71316165 0.7033912 0.59599745 0.9611805 0.9511613 0.5964403 0.94867724 0.5955548 0.5964403 0.59246385 0 0.97170067 0.95151687 0.9522284 0.6017752 0.58938557 0.58763224 0.58807015 0.96298385 0.9651536 0.60512894 0.5948914 0.6082727 0.6972853 0.5971051 0.70774645 0.96010065 0.6932422 0.6960195
0.98237044 0.9706055 0.9790429 0.9764649 0.16014248 0.40768382 0.96406794 0.40889028 0.9644296 0.9662408 0.9695119 0.97170067 0 0.41165528 0.41113606 0.9673296 0.9680563 0.959741 0.9644296 0.058633335 0.0575528 0.97499573 0.9572284 0.9727974 0.9536536 0.97170067 0.96226203 0.30080608 0.9458484 0.96769285
0.9783054 0.944438 0.93777436 0.9698763 0.40202212 0.105942294 0.9540103 0.06974465 0.9504507 0.95080596 0.953297 0.95151687 0.41165528 0 0.051744655 0.9543672 0.9554389 0.9433819 0.9493862 0.40820062 0.40751162 0.9590223 0.95258445 0.9583042 0.93255514 0.97170067 0.94127417 0.39284873 0.9256522 0.9304776
0.97720057 0.94479036 0.94267863 0.9713354 0.40065598 0.10790278 0.9557965 0.0698544 0.9554389 0.9536536 0.9604604 0.9522284 0.41113606 0.051744655 0 0.9590223 0.96010065 0.9476152 0.9536536 0.40682322 0.40562007 0.96479154 0.9565121 0.96479154 0.9339434 0.97170067 0.944438 0.39555508 0.929441 0.9304776
0.99999183 0.70007765 0.6962725 0.5331779 0.97206604 0.9458484 0.5339927 0.94867724 0.5283078 0.5333815 0.5374654 0.6017752 0.9673296 0.9543672 0.9590223 0 0.53828484 0.5350124 0.53664684 0.9764649 0.9764649 0.038049035 0.537875 0.038996473 0.700841 0.5421895 0.7033912 0.9590223 0.700841 0.6998234
0.9901927 0.7173139 0.7067194 0.25997275 0.9593815 0.9493862 0.2557418 0.9568702 0.25349504 0.25588247 0.06362395 0.58938557 0.9680563 0.9554389 0.96010065 0.53828484 0 0.022638248 0.022947505 0.96406794 0.96298385 0.5436332 0.4995382 0.5448729 0.7051815 0.37137827 0.70109564 0.9644296 0.7023701 0.7175742
0.99357027 0.71445674 0.7033912 0.25870097 0.9497408 0.9402225 0.25377554 0.9476152 0.25237417 0.25377554 0.06307988 0.58763224 0.959741 0.9433819 0.9476152 0.5350124 0.022638248 0 0.018629467 0.9565121 0.95615417 0.54013187 0.4975942 0.54116 0.7031358 0.37039444 0.6972853 0.9568702 0.6972853 0.71445674
0.9939465 0.714716 0.70160514 0.25841862 0.95258445 0.9458484 0.2543368 0.9504507 0.2529344 0.25475803 0.06340627 0.58807015 0.9644296 0.9493862 0.9536536 0.53664684 0.022947505 0.018629467 0 0.9583042 0.9575869 0.54116 0.5003172 0.5423956 0.7018601 0.37072223 0.6972853 0.96010065 0.7005865 0.714716
0.9898184 0.9658782 0.96841997 0.97206604 0.15631437 0.40150952 0.9644296 0.40356198 0.9637064 0.96298385 0.9673296 0.96298385 0.058633335 0.40820062 0.40682322 0.9764649 0.96406794 0.9565121 0.9583042 0 0.011182959 0.9816297 0.9572284 0.9801504 0.9476152 0.9695119 0.95472425 0.29827154 0.9458484 0.9651536
0.98348296 0.9695119 0.9706055 0.9698763 0.15545265 0.40099728 0.9644296 0.40339074 0.9644296 0.9626228 0.9662408 0.9651536 0.0575528 0.40751162 0.40562007 0.9764649 0.96298385 0.95615417 0.9575869 0.011182959 0 0.9816297 0.9565121 0.9801504 0.94867724 0.9709704 0.9572284 0.29708177 0.9483231 0.9666036
1.000751 0.7018601 0.69753873 0.5426017 0.9768326 0.9483231 0.5384899 0.9557965 0.53419656 0.5376702 0.5397211 0.60512894 0.97499573 0.9590223 0.96479154 0.038049035 0.5436332 0.54013187 0.54116 0.9816297 0.9816297 0 0.5471509 0.0066292114 0.6988071 0.5459075 0.7023701 0.96841997 0.69576657 0.6972853
0.99357027 0.7085177 0.70109564 0.5046164 0.9500957 0.9433819 0.5001224 0.95508146 0.4979826 0.49643022 0.5001224 0.5948914 0.9572284 0.95258445 0.9565121 0.537875 0.4995382 0.4975942 0.5003172 0.9572284 0.9565121 0.5471509 0 0.5477734 0.7033912 0.49507448 0.6993151 0.959741 0.6967787 0.700841
1.001891 0.7026252 0.69956917 0.5436332 0.97426224 0.9472615 0.5397211 0.9568702 0.5356249 0.537875 0.5413658 0.6082727 0.9727974 0.9583042 0.96479154 0.038996473 0.5448729 0.54116 0.5423956 0.9801504 0.9801504 0.0066292114 0.5477734 0 0.69906104 0.54611456 0.7026252 0.96841997 0.6965256 0.69855326
0.9969631 0.4652944 0.4660386 0.71783453 0.93987226 0.94127417 0.71342045 0.9395222 0.71186876 0.71238565 0.7049255 0.6972853 0.9536536 0.93255514 0.9339434 0.700841 0.7051815 0.7031358 0.7018601 0.9476152 0.94867724 0.6988071 0.7033912 0.69906104 0 0.7082605 0.48127043 0.9522284 0.4571562 0.4623248
1.000751 0.7082605 0.69855326 0.37417278 0.9687838 0.9593815 0.37039444 0.9713354 0.36745068 0.37187067 0.3731853 0.5971051 0.97170067 0.97170067 0.97170067 0.5421895 0.37137827 0.37039444 0.37072223 0.9695119 0.9709704 0.5459075 0.49507448 0.54611456 0.7082605 0 0.700841 0.9709704 0.6924865 0.7031358
1.001891 0.417216 0.41582194 0.7173139 0.9572284 0.9504507 0.70646286 0.9543672 0.702115 0.7056938 0.7018601 0.70774645 0.96226203 0.94127417 0.944438 0.7033912 0.70109564 0.6972853 0.6972853 0.95472425 0.9572284 0.7023701 0.6993151 0.7026252 0.48127043 0.700841 0 0.94514287 0.36614606 0.3619216
0.9842255 0.9557965 0.953297 0.97573 0.2954489 0.3911622 0.97316337 0.38947943 0.9709704 0.97024083 0.9673296 0.96010065 0.30080608 0.39284873 0.39555508 0.9590223 0.9644296 0.9568702 0.96010065 0.29827154 0.29708177 0.96841997 0.959741 0.96841997 0.9522284 0.9709704 0.94514287 0 0.93847305 0.9540103
0.9695119 0.4180886 0.40785605 0.7049255 0.9419761 0.93987226 0.695261 0.94373375 0.69425094 0.68796843 0.70415795 0.6932422 0.9458484 0.9256522 0.929441 0.700841 0.7023701 0.6972853 0.7005865 0.9458484 0.9483231 0.69576657 0.6967787 0.6965256 0.4571562 0.6924865 0.36614606 0.93847305 0 0.22935058
0.9920673 0.42194015 0.40716735 0.72332335 0.9540103 0.9388226 0.7165336 0.9374253 0.7152349 0.71212715 0.7152349 0.6960195 0.96769285 0.9304776 0.9304776 0.6998234 0.7175742 0.71445674 0.714716 0.9651536 0.9666036 0.6972853 0.700841 0.69855326 0.4623248 0.7031358 0.3619216 0.9540103 0.22935058 0
