0 0.97720057 0.9939465 1.0080011 0.97941184 0.9783054 0.98907024 0.99658537 0.99545324 0.80091685 0.8111689 0.83331734 0.8120542 0.97426224 0.9680563 0.99545324 0.9920673 0.9838541 0.9779369 0.8114639 0.8088132 0.99847597 0.9838541 0.99961257 0.8003352 1.0015109 1.019204 1.000751 0.98645765 1.0053219
0.97720057 0 0.7259512 0.72991043 0.3043989 0.2988671 0.73495555 0.72832423 0.7317652 0.98907024 0.99999183 1.0011308 0.9901927 0.7264779 0.7241107 0.7301751 0.7309697 0.7419149 0.7397667 0.9608204 0.96298385 0.73842716 0.70415795 0.74057156 0.97243166 0.7196597 0.42669424 0.71627367 0.70748955 0.7196597
0.9939465 0.7259512 0 0.2988671 0.71992075 0.732296 0.6904751 0.6723661 0.67383814 0.9783054 0.99658537 0.97867405 0.99545324 0.682483 0.67876583 0.6847222 0.6767909 0.6965256 0.6882187 0.9593815 0.9608204 0.6847222 0.66456366 0.69022405 0.97352946 0.697032 0.7341567 0.6640787 0.66504896 0.35595062
1.0080011 0.72991043 0.2988671 0 0.7338906 0.71992075 0.6847222 0.67531306 0.6686986 0.9768326 0.98645765 0.9860852 0.9872032 0.6924865 0.6882187 0.6770375 0.67163116 0.6834774 0.6790131 0.9680563 0.9666036 0.67580533 0.66577744 0.68173814 0.9845971 0.68000287 0.7389627 0.6626257 0.67555916 0.3632189
0.97941184 0.3043989 0.71992075 0.7338906 0 0.29708177 0.74353015 0.7304399 0.7291169 0.98348296 0.99999183 0.9946995 0.9838541 0.7280602 0.7354886 0.71887696 0.7254249 0.7419149 0.7397667 0.95472425 0.95151687 0.7368229 0.71212715 0.7400349 0.96010065 0.72148925 0.4212384 0.70543754 0.69956917 0.7293813
0.9783054 0.2988671 0.732296 0.71992075 0.29708177 0 0.7301751 0.72832423 0.723061 0.98496884 1.001891 0.98832285 0.98832285 0.7259512 0.72858834 0.71835554 0.72148925 0.7394986 0.7344229 0.97206604 0.9673296 0.72779626 0.72700495 0.7296458 0.97316337 0.7227989 0.41948688 0.71316165 0.71186876 0.7251619
0.98907024 0.73495555 0.6904751 0.6847222 0.74353015 0.7301751 0 0.29842037 0.2981227 0.9943229 1.0126165 1.0030329 1.0149349 0.24804658 0.24888222 0.30424884 0.30349907 0.13362764 0.12933783 0.9842255 0.98496884 0.30951837 0.684224 0.3098206 0.99281836 0.44511214 0.74677104 0.67212105 0.67629796 0.6904751
0.99658537 0.72832423 0.6723661 0.67531306 0.7304399 0.72832423 0.29842037 0 0.102609724 1.002652 1.0076177 0.97978103 1.0176488 0.293228 0.29101366 0.21682899 0.21736327 0.29871818 0.29219383 0.9857129 0.982 0.22138256 0.6580429 0.22272713 0.97720057 0.4258116 0.732296 0.6604514 0.6713863 0.68223464
0.99545324 0.7317652 0.67383814 0.6686986 0.7291169 0.723061 0.2981227 0.102609724 0 1.000751 1.0049399 0.9860852 1.0133885 0.294856 0.29116106 0.21722966 0.2189684 0.2981227 0.29175103 0.9872032 0.9853408 0.22111394 0.6592462 0.22272713 0.9853408 0.4293485 0.73575526 0.6677236 0.67432946 0.6847222
0.80091685 0.98907024 0.9783054 0.9768326 0.98348296 0.98496884 0.9943229 1.002652 1.000751 0 0.09815121 0.67629796 0.09735376 0.99169195 0.98757625 1.0015109 1.005704 0.98907024 0.9827411 0.60512894 0.60557723 1.01069 0.96479154 1.0080011 0.531551 0.97978103 0.99885464 0.99885464 1.0095364 0.9943229
0.8111689 0.99999183 0.99658537 0.98645765 0.99999183 1.001891 1.0126165 1.0076177 1.0049399 0.09815121 0 0.6907262 0.09849323 1.005704 1.000751 1.0041765 1.0083846 1.0091523 0.99999183 0.6145999 0.61391944 1.0149349 0.98496884 1.01146 0.5459075 0.9943229 1.0118452 1.0133885 1.0215429 1.0068517
0.83331734 1.0011308 0.97867405 0.9860852 0.9946995 0.98832285 1.0030329 0.97978103 0.9860852 0.67629796 0.6907262 0 0.6795078 0.98683035 0.9853408 0.98125964 0.9842255 0.9853408 0.97720057 0.66577744 0.6667499 0.98907024 0.9827411 0.9924427 0.6409265 0.9831119 1.0242808 0.99885464 0.9698763 1.01069
0.8120542 0.9901927 0.99545324 0.9872032 0.9838541 0.98832285 1.0149349 1.0176488 1.0133885 0.09735376 0.09849323 0.6795078 0 1.0095364 1.0087683 1.0130024 1.0176488 1.0126165 1.0060863 0.61256033 0.61052626 1.0234975 0.99357027 1.0219333 0.54116 0.98832285 1.0045581 1.0103053 1.0227151 0.990942
0.97426224 0.7264779 0.682483 0.6924865 0.7280602 0.7259512 0.24804658 0.293228 0.294856 0.99169195 1.005704 0.98683035 1.0095364 0 0.089989096 0.29976138 0.29961228 0.24623917 0.23974083 0.99056727 0.9924427 0.30260032 0.6689425 0.30424884 0.96769285 0.42828566 0.73789203 0.6696748 0.6682109 0.6899731
0.9680563 0.7241107 0.67876583 0.6882187 0.7354886 0.72858834 0.24888222 0.29101366 0.29116106 0.98757625 1.000751 0.9853408 1.0087683 0.089989096 0 0.2993141 0.30050746 0.24665588 0.2420848 0.97941184 0.97720057 0.3048492 0.6694307 0.3062018 0.9691478 0.43147868 0.7330929 0.6677236 0.6731017 0.6907262
0.99545324 0.7301751 0.6847222 0.6770375 0.71887696 0.71835554 0.30424884 0.21682899 0.21722966 1.0015109 1.0041765 0.98125964 1.0130024 0.29976138 0.2993141 0 0.08035491 0.30304956 0.29693317 0.9924427 0.98907024 0.08347805 0.67040783 0.08303109 0.97499573 0.44042012 0.7251619 0.67114156 0.6785187 0.6884691
0.9920673 0.7309697 0.6767909 0.67163116 0.7254249 0.72148925 0.30349907 0.21736327 0.2189684 1.005704 1.0083846 0.9842255 1.0176488 0.29961228 0.30050746 0.08035491 0 0.30424884 0.2981227 0.99131685 0.98757625 0.050032325 0.6669932 0.050353087 0.98237044 0.43201217 0.7341567 0.6790131 0.6812419 0.6832287
0.9838541 0.7419149 0.6965256 0.6834774 0.7419149 0.7394986 0.13362764 0.29871818 0.2981227 0.98907024 1.0091523 0.9853408 1.0126165 0.24623917 0.24665588 0.30304956 0.30424884 0 0.027809257 0.98496884 0.9842255 0.30695426 0.67580533 0.30831063 0.97867405 0.44042012 0.74650043 0.67114156 0.6782716 0.68972224
0.9779369 0.7397667 0.6882187 0.6790131 0.7397667 0.7344229 0.12933783 0.29219383 0.29175103 0.9827411 0.99999183 0.97720057 1.0060863 0.23974083 0.2420848 0.29693317 0.2981227 0.027809257 0 0.97941184 0.9801504 0.30155316 0.67212105 0.30289978 0.97170067 0.4336149 0.7397667 0.6682109 0.67359257 0.68621874
0.8114639 0.9608204 0.9593815 0.9680563 0.95472425 0.97206604 0.9842255 0.9857129 0.9872032 0.60512894 0.6145999 0.66577744 0.61256033 0.99056727 0.97941184 0.9924427 0.99131685 0.98496884 0.97941184 0 0.028120654 1.0034139 0.9853408 0.99847597 0.5997702 0.9604604 0.9924427 0.9924427 0.99131685 0.9768326
0.8088132 0.96298385 0.9608204 0.9666036 0.95151687 0.9673296 0.98496884 0.982 0.9853408 0.60557723 0.61391944 0.6667499 0.61052626 0.9924427 0.97720057 0.98907024 0.98757625 0.9842255 0.9801504 0.028120654 0 1.0022715 0.9853408 0.9969631 0.6006607 0.9575869 0.99885464 0.99923354 0.9977191 0.9838541
0.99847597 0.73842716 0.6847222 0.67580533 0.7368229 0.72779626 0.30951837 0.22138256 0.22111394 1.01069 1.0149349 0.98907024 1.0234975 0.30260032 0.3048492 0.08347805 0.050032325 0.30695426 0.30155316 1.0034139 1.0022715 0 0.6733471 0.013419339 0.98237044 0.43683073 0.74622995 0.684224 0.6877182 0.6867182
0.9838541 0.70415795 0.66456366 0.66577744 0.71212715 0.72700495 0.684224 0.6580429 0.6592462 0.96479154 0.98496884 0.9827411 0.99357027 0.6689425 0.6694307 0.67040783 0.6669932 0.67580533 0.67212105 0.9853408 0.9853408 0.6733471 0 0.6767909 0.98496884 0.6733471 0.7328271 0.57010657 0.5546552 0.6682109
0.99961257 0.74057156 0.69022405 0.68173814 0.7400349 0.7296458 0.3098206 0.22272713 0.22272713 1.0080011 1.01146 0.9924427 1.0219333 0.30424884 0.3062018 0.08303109 0.050353087 0.30831063 0.30289978 0.99847597 0.9969631 0.013419339 0.6767909 0 0.9827411 0.4400604 0.74622995 0.68721807 0.6882187 0.69349426
0.8003352 0.97243166 0.97352946 0.9845971 0.96010065 0.97316337 0.99281836 0.97720057 0.9853408 0.531551 0.5459075 0.6409265 0.54116 0.96769285 0.9691478 0.97499573 0.98237044 0.97867405 0.97170067 0.5997702 0.6006607 0.98237044 0.98496884 0.9827411 0 0.9593815 1.01069 0.9857129 0.9658782 0.9939465
1.0015109 0.7196597 0.697032 0.68000287 0.72148925 0.7227989 0.44511214 0.4258116 0.4293485 0.97978103 0.9943229 0.9831119 0.98832285 0.42828566 0.43147868 0.44042012 0.43201217 0.44042012 0.4336149 0.9604604 0.9575869 0.43683073 0.6733471 0.4400604 0.9593815 0 0.742453 0.6874681 0.66383636 0.68621874
1.019204 0.42669424 0.7341567 0.7389627 0.4212384 0.41948688 0.74677104 0.732296 0.73575526 0.99885464 1.0118452 1.0242808 1.0045581 0.73789203 0.7330929 0.7251619 0.7341567 0.74650043 0.7397667 0.9924427 0.99885464 0.74622995 0.7328271 0.74622995 1.01069 0.742453 0 0.7259512 0.7170537 0.73789203
1.000751 0.71627367 0.6640787 0.6626257 0.70543754 0.71316165 0.67212105 0.6604514 0.6677236 0.99885464 1.0133885 0.99885464 1.0103053 0.6696748 0.6677236 0.67114156 0.6790131 0.67114156 0.6682109 0.9924427 0.99923354 0.684224 0.57010657 0.68721807 0.9857129 0.6874681 0.7259512 0 0.39284873 0.6662635
0.98645765 0.70748955 0.66504896 0.67555916 0.69956917 0.71186876 0.67629796 0.6713863 0.67432946 1.0095364 1.0215429 0.9698763 1.0227151 0.6682109 0.6731017 0.6785187 0.6812419 0.6782716 0.67359257 0.99131685 0.9977191 0.6877182 0.5546552 0.6882187 0.9658782 0.66383636 0.7170537 0.39284873 0 0.6713863
1.0053219 0.7196597 0.35595062 0.3632189 0.7293813 0.7251619 0.6904751 0.68223464 0.6847222 0.9943229 1.0068517 1.01069 0.990942 0.6899731 0.6907262 0.6884691 0.6832287 0.68972224 0.68621874 0.9768326 0.9838541 0.6867182 0.6682109 0.69349426 0.9939465 0.68621874 0.73789203 0.6662635 0.6713863 0
