0 0.9943229 1.0211525 1.0160967 0.99357027 0.9894442 0.98645765 1.0149349 1.005704 1.001891 0.99281836 0.6228142 0.9946995 1.0118452 1.0126165 0.99357027 0.9924427 1.018426 1.019204 1.0137748 1.0122308 1.015322 1.0003713 1.0130024 1.0141612 1.0099207 1.0041765 1.0329514 0.9958304 0.98832285
0.9943229 0 0.7765873 0.7791263 0.7623596 0.26650688 0.26508155 0.5554936 0.54902 0.20635414 0.26323268 1.002652 0.2625228 0.55402696 0.5531901 0.20306955 0.20149805 0.55089366 0.5550743 0.7822413 0.7842303 0.7729349 0.68049824 0.7712552 0.7830931 0.77489936 0.6682109 0.6669932 0.5471509 0.54652894
1.0211525 0.7765873 0 0.18891452 0.59865856 0.79339075 0.7893693 0.8023729 0.80091685 0.7802575 0.78167397 1.0068517 0.7765873 0.80851924 0.80910724 0.78508437 0.778279 0.79859304 0.7980132 0.610752 0.60804766 0.591363 0.80500084 0.59004414 0.60535306 0.5962188 0.8102846 0.80529344 0.81234956 0.79656565
1.0160967 0.7791263 0.18891452 0 0.5973268 0.78508437 0.78110707 0.8099901 0.8082254 0.7867954 0.7763057 1.0103053 0.7734957 0.8023729 0.80353975 0.79252714 0.78565425 0.7936788 0.791952 0.603562 0.6008834 0.59246385 0.8079317 0.5920233 0.604457 0.59599745 0.80529344 0.80120784 0.8099901 0.80353975
0.99357027 0.7623596 0.59865856 0.5973268 0 0.7845149 0.7774327 0.793967 0.7893693 0.77405685 0.7751804 0.9727974 0.7737762 0.7847996 0.78167397 0.7757428 0.7659607 0.7779968 0.77940893 0.59599745 0.59865856 0.17451672 0.7945437 0.1740121 0.5962188 0.5810934 0.7799746 0.7779968 0.78736657 0.7774327
0.9894442 0.26650688 0.79339075 0.78508437 0.7845149 0 0.15262826 0.57719725 0.57482624 0.2774287 0.1518932 0.9962078 0.15324135 0.56711847 0.56584156 0.27309844 0.27223536 0.57267725 0.5741809 0.8020814 0.8038317 0.79425526 0.6965256 0.7945437 0.80353975 0.7893693 0.6777777 0.675067 0.5649914 0.56223524
0.98645765 0.26508155 0.7893693 0.78110707 0.7774327 0.15262826 0 0.57827747 0.56839764 0.27281064 0.14506721 0.9931942 0.1457956 0.56882447 0.56818426 0.2718042 0.27051222 0.56882447 0.5698927 0.79252714 0.79339075 0.7913773 0.6889701 0.790803 0.79483217 0.78994244 0.67580533 0.67212105 0.5618121 0.56117785
1.0149349 0.5554936 0.8023729 0.8099901 0.793967 0.57719725 0.57827747 0 0.13231426 0.5707484 0.56839764 1.0110749 0.5694652 0.35820433 0.35917228 0.57053435 0.567971 0.3166533 0.3163483 0.8111689 0.811759 0.80441606 0.697032 0.80295604 0.8150128 0.8120542 0.67975533 0.6847222 0.35755974 0.35322306
1.005704 0.54902 0.80091685 0.8082254 0.7893693 0.57482624 0.56839764 0.13231426 0 0.5677578 0.56477904 1.0064689 0.56393015 0.3541846 0.35482633 0.56350607 0.5616006 0.31345698 0.31315327 0.8111689 0.811759 0.8047084 0.68972224 0.80295604 0.8102846 0.80441606 0.680994 0.6852207 0.34986734 0.34668535
1.001891 0.20635414 0.7802575 0.7867954 0.77405685 0.2774287 0.27281064 0.5707484 0.5677578 0 0.26965213 1.0126165 0.26979542 0.56584156 0.5643545 0.084372774 0.08358984 0.56541634 0.56733155 0.79540956 0.79512084 0.7893693 0.6867182 0.7890828 0.79714435 0.7751804 0.6772841 0.68621874 0.5582251 0.560333
0.99281836 0.26323268 0.78167397 0.7763057 0.7751804 0.1518932 0.14506721 0.56839764 0.56477904 0.26965213 0 0.9860852 0.06058223 0.5637181 0.56096655 0.2675062 0.26650688 0.55948913 0.5592783 0.791952 0.79310274 0.7896558 0.6894714 0.7893693 0.7977235 0.7867954 0.6677236 0.66335183 0.5552839 0.55801463
0.6228142 1.002652 1.0068517 1.0103053 0.9727974 0.9962078 0.9931942 1.0110749 1.0064689 1.0126165 0.9860852 0 0.99169195 1.0076177 1.0053219 1.0095364 1.002652 0.98496884 0.9898184 1.0099207 1.0037951 1.000751 0.97978103 0.99734104 1.01069 0.990942 0.9898184 1.0207624 1.002652 1.0068517
0.9946995 0.2625228 0.7765873 0.7734957 0.7737762 0.15324135 0.1457956 0.5694652 0.56393015 0.26979542 0.06058223 0.99169195 0 0.5637181 0.5616006 0.26707777 0.26522398 0.5618121 0.5616006 0.790803 0.78994244 0.78508437 0.6927383 0.7845149 0.8023729 0.7825251 0.6662635 0.6689425 0.5554936 0.556333
1.0118452 0.55402696 0.80851924 0.8023729 0.7847996 0.56711847 0.56882447 0.35820433 0.3541846 0.56584156 0.5637181 1.0076177 0.5637181 0 0.02418581 0.56903803 0.560333 0.35162324 0.35050538 0.811759 0.8111689 0.793967 0.6899731 0.793967 0.8120542 0.800626 0.6869681 0.6795078 0.23425435 0.22097966
1.0126165 0.5531901 0.80910724 0.80353975 0.78167397 0.56584156 0.56818426 0.35917228 0.35482633 0.5643545 0.56096655 1.0053219 0.5616006 0.02418581 0 0.56754464 0.5592783 0.35370368 0.35210282 0.8164965 0.8164965 0.7890828 0.6869681 0.7890828 0.81679356 0.8020814 0.68571955 0.6785187 0.23562221 0.22218902
0.99357027 0.20306955 0.78508437 0.79252714 0.7757428 0.27309844 0.2718042 0.57053435 0.56350607 0.084372774 0.2675062 1.0095364 0.26707777 0.56903803 0.56754464 0 0.027705485 0.567971 0.5692516 0.79252714 0.79339075 0.782809 0.6832287 0.78167397 0.79310274 0.77153486 0.67359257 0.67975533 0.5573836 0.5649914
0.9924427 0.20149805 0.778279 0.78565425 0.7659607 0.27223536 0.27051222 0.567971 0.5616006 0.08358984 0.26650688 1.002652 0.26522398 0.560333 0.5592783 0.027705485 0 0.56456673 0.56520385 0.7916646 0.7928149 0.7751804 0.6847222 0.7743376 0.7916646 0.7701374 0.66796726 0.6740837 0.5515193 0.556333
1.018426 0.55089366 0.79859304 0.7936788 0.7779968 0.57267725 0.56882447 0.3166533 0.31345698 0.56541634 0.55948913 0.98496884 0.5618121 0.35162324 0.35370368 0.567971 0.56456673 0 0.021711241 0.812645 0.8147164 0.79656565 0.69022405 0.79540956 0.80910724 0.799754 0.6869681 0.6882187 0.35066497 0.3508246
1.019204 0.5550743 0.7980132 0.791952 0.77940893 0.5741809 0.5698927 0.3163483 0.31315327 0.56733155 0.5592783 0.9898184 0.5616006 0.35050538 0.35210282 0.5692516 0.56520385 0.021711241 0 0.8120542 0.81442016 0.80091685 0.69097745 0.8000446 0.8102846 0.8014989 0.6882187 0.6889701 0.35146344 0.34986734
1.0137748 0.7822413 0.610752 0.603562 0.59599745 0.8020814 0.79252714 0.8111689 0.8111689 0.79540956 0.791952 1.0099207 0.790803 0.811759 0.8164965 0.79252714 0.7916646 0.812645 0.8120542 0 0.014336148 0.57957584 0.8073446 0.57979244 0.26025566 0.22867204 0.8105793 0.80091685 0.80120784 0.8221614
1.0122308 0.7842303 0.60804766 0.6008834 0.59865856 0.8038317 0.79339075 0.811759 0.811759 0.79512084 0.79310274 1.0037951 0.78994244 0.8111689 0.8164965 0.79339075 0.7928149 0.8147164 0.81442016 0.014336148 0 0.5839199 0.80705124 0.58413774 0.25884217 0.22989386 0.80587894 0.79627645 0.80120784 0.82305974
1.015322 0.7729349 0.591363 0.59246385 0.17451672 0.79425526 0.7913773 0.80441606 0.8047084 0.7893693 0.7896558 1.000751 0.78508437 0.793967 0.7890828 0.782809 0.7751804 0.79656565 0.80091685 0.57957584 0.5839199 0 0.79714435 0.0044129575 0.585228 0.5763342 0.7723746 0.78110707 0.7893693 0.7876524
1.0003713 0.68049824 0.80500084 0.8079317 0.7945437 0.6965256 0.6889701 0.697032 0.68972224 0.6867182 0.6894714 0.97978103 0.6927383 0.6899731 0.6869681 0.6832287 0.6847222 0.69022405 0.69097745 0.8073446 0.80705124 0.79714435 0 0.79627645 0.793967 0.79714435 0.5874133 0.5832667 0.6869681 0.68049824
1.0130024 0.7712552 0.59004414 0.5920233 0.1740121 0.7945437 0.790803 0.80295604 0.80295604 0.7890828 0.7893693 0.99734104 0.7845149 0.793967 0.7890828 0.78167397 0.7743376 0.79540956 0.8000446 0.57979244 0.58413774 0.0044129575 0.79627645 0 0.585228 0.5756876 0.77321523 0.7813905 0.78793824 0.7862246
1.0141612 0.7830931 0.60535306 0.604457 0.5962188 0.80353975 0.79483217 0.8150128 0.8102846 0.79714435 0.7977235 1.01069 0.8023729 0.8120542 0.81679356 0.79310274 0.7916646 0.80910724 0.8102846 0.26025566 0.25884217 0.585228 0.793967 0.585228 0 0.2540561 0.7928149 0.7980132 0.80324787 0.81828076
1.0099207 0.77489936 0.5962188 0.59599745 0.5810934 0.7893693 0.78994244 0.8120542 0.80441606 0.7751804 0.7867954 0.990942 0.7825251 0.800626 0.8020814 0.77153486 0.7701374 0.799754 0.8014989 0.22867204 0.22989386 0.5763342 0.79714435 0.5756876 0.2540561 0 0.791952 0.7936788 0.7916646 0.8088132
1.0041765 0.6682109 0.8102846 0.80529344 0.7799746 0.6777777 0.67580533 0.67975533 0.680994 0.6772841 0.6677236 0.9898184 0.6662635 0.6869681 0.68571955 0.67359257 0.66796726 0.6869681 0.6882187 0.8105793 0.80587894 0.7723746 0.5874133 0.77321523 0.7928149 0.791952 0 0.24111876 0.6924865 0.6877182
1.0329514 0.6669932 0.80529344 0.80120784 0.7779968 0.675067 0.67212105 0.6847222 0.6852207 0.68621874 0.66335183 1.0207624 0.6689425 0.6795078 0.6785187 0.67975533 0.6740837 0.6882187 0.6889701 0.80091685 0.79627645 0.78110707 0.5832667 0.7813905 0.7980132 0.7936788 0.24111876 0 0.6874681 0.6864684
0.9958304 0.5471509 0.81234956 0.8099901 0.78736657 0.5649914 0.5618121 0.35755974 0.34986734 0.5582251 0.5552839 1.002652 0.5554936 0.23425435 0.23562221 0.5573836 0.5515193 0.35066497 0.35146344 0.80120784 0.80120784 0.7893693 0.6869681 0.78793824 0.80324787 0.7916646 0.6924865 0.6874681 0 0.2326162
0.98832285 0.54652894 0.79656565 0.80353975 0.7774327 0.56223524 0.56117785 0.35322306 0.34668535 0.560333 0.55801463 1.0068517 0.556333 0.22097966 0.22218902 0.5649914 0.556333 0.3508246 0.34986734 0.8221614 0.82305974 0.7876524 0.68049824 0.7862246 0.81828076 0.8088132 0.6877182 0.6864684 0.2326162 0
