0 0.9816297 0.9969631 0.99545324 0.9958304 0.56117785 0.5618121 0.40562007 0.41338858 0.5584356 0.5578042 0.98869646 0.56393015 0.99999183 0.9950763 0.9924427 0.9872032 0.9980974 0.99545324 1.001891 1.0034139 0.9901927 0.9872032 0.99131685 1.0176488 0.9808897 0.9842255 0.9931942 0.9894442 0.9920673
0.9816297 0 0.14010872 0.22948638 0.2277231 0.97720057 0.9713354 0.97243166 0.96841997 0.9816297 0.9655158 0.39420068 0.98348296 0.26722056 0.2601142 0.22515345 0.51786304 0.22340032 0.22326563 0.22528848 0.22380453 0.5184617 0.37979326 0.5206608 0.5352165 0.5186613 0.732296 0.52106136 0.7309697 0.7301751
0.9969631 0.14010872 0 0.2288077 0.22501844 0.99056727 0.9838541 0.99056727 0.9842255 0.98645765 0.9727974 0.39589408 0.9831119 0.26736337 0.26266474 0.22111394 0.5168664 0.21990632 0.22057699 0.2189684 0.21803166 0.5184617 0.3794615 0.5198604 0.5368514 0.52628785 0.7344229 0.52447456 0.7400349 0.73602206
0.99545324 0.22948638 0.2288077 0 0.13566194 0.9901927 0.9924427 0.97426224 0.9816297 1.0037951 0.9853408 0.39369342 0.9980974 0.27771828 0.27338633 0.17970881 0.5228664 0.18148997 0.18161736 0.18021728 0.17920068 0.52689326 0.39166775 0.5287124 0.5384899 0.5321607 0.7397667 0.5250785 0.74650043 0.74057156
0.9958304 0.2277231 0.22501844 0.13566194 0 0.98869646 0.9943229 0.9775687 0.98645765 1.0045581 0.9931942 0.39420068 1.0030329 0.27266678 0.26965213 0.17767835 0.5196604 0.1778051 0.1798359 0.17805864 0.1761591 0.52608615 0.39403155 0.5283078 0.5448729 0.53134793 0.72332335 0.5214621 0.7362889 0.7330929
0.56117785 0.97720057 0.99056727 0.9901927 0.98869646 0 0.13782194 0.5407486 0.5430141 0.35804313 0.35917228 0.9898184 0.36565742 0.9827411 0.9808897 0.9831119 0.99734104 0.97609735 0.9768326 0.97978103 0.9816297 0.9946995 0.97352946 0.9946995 1.0068517 0.9790429 1.0011308 0.9931942 1.0215429 1.0164845
0.5618121 0.9713354 0.9838541 0.9924427 0.9943229 0.13782194 0 0.5446661 0.5438397 0.36305663 0.36257 0.97024083 0.3690847 0.97573 0.97720057 0.9790429 0.98869646 0.9801504 0.9790429 0.9790429 0.97978103 0.99056727 0.959741 0.9898184 1.0068517 0.9842255 0.9943229 0.9842255 1.0022715 1.005704
0.40562007 0.97243166 0.99056727 0.97426224 0.9775687 0.5407486 0.5446661 0 0.12755762 0.5529811 0.5529811 0.9853408 0.5582251 0.9808897 0.9764649 0.982 1.0068517 0.9831119 0.9831119 0.9808897 0.9857129 1.0037951 0.9727974 1.0045581 0.9980974 0.98051995 0.98832285 0.9894442 0.9977191 1.01146
0.41338858 0.96841997 0.9842255 0.9816297 0.98645765 0.5430141 0.5438397 0.12755762 0 0.5542363 0.5523542 0.9894442 0.55402696 0.9706055 0.9709704 0.9860852 0.9872032 0.9860852 0.98757625 0.98907024 0.98869646 0.9860852 0.9753628 0.98683035 0.99847597 0.9753628 0.982 0.9860852 0.99658537 1.001891
0.5584356 0.9816297 0.98645765 1.0037951 1.0045581 0.35804313 0.36305663 0.5529811 0.5542363 0 0.090778746 0.99545324 0.09462607 0.9845971 0.9845971 1.0011308 1.0091523 1.0015109 1.0045581 1.0045581 1.0060863 1.0041765 0.9727974 1.0041765 1.0176488 0.990942 0.9969631 1.0034139 0.9931942 1.0068517
0.5578042 0.9655158 0.9727974 0.9853408 0.9931942 0.35917228 0.36257 0.5529811 0.5523542 0.090778746 0 0.97941184 0.06177572 0.9706055 0.97352946 0.9898184 0.9920673 0.98907024 0.9939465 0.9920673 0.9943229 0.9898184 0.95866317 0.9894442 0.982 0.9709704 0.98645765 0.98869646 0.98051995 1.0064689
0.98869646 0.39420068 0.39589408 0.39369342 0.39420068 0.9898184 0.97024083 0.9853408 0.9894442 0.99545324 0.97941184 0 0.99056727 0.38045728 0.37466702 0.39572456 0.5182621 0.39606363 0.39436984 0.39234236 0.39386246 0.52608615 0.36941192 0.52709514 0.5421895 0.5337889 0.72885257 0.5198604 0.74057156 0.7365559
0.56393015 0.98348296 0.9831119 0.9980974 1.0030329 0.36565742 0.3690847 0.5582251 0.55402696 0.09462607 0.06177572 0.99056727 0 0.98125964 0.98496884 1.0015109 1.0130024 1.001891 1.0064689 1.0053219 1.0037951 1.0099207 0.97609735 1.0095364 1.0049399 0.98348296 0.99734104 1.0103053 0.9980974 1.0215429
0.99999183 0.26722056 0.26736337 0.27771828 0.27266678 0.9827411 0.97573 0.9808897 0.9706055 0.9845971 0.9706055 0.38045728 0.98125964 0 0.0515304 0.26850688 0.50972915 0.26864994 0.26979542 0.26936567 0.2690793 0.5156721 0.38029122 0.5174642 0.5266914 0.5289148 0.7341567 0.5134875 0.74057156 0.73735726
0.9950763 0.2601142 0.26266474 0.27338633 0.26965213 0.9808897 0.97720057 0.9764649 0.9709704 0.9845971 0.97352946 0.37466702 0.98496884 0.0515304 0 0.266079 0.50540066 0.2657939 0.26622158 0.266935 0.26636422 0.5113093 0.3776393 0.513091 0.5266914 0.52427334 0.7341567 0.50972915 0.7421839 0.7389627
0.9924427 0.22515345 0.22111394 0.17970881 0.17767835 0.9831119 0.9790429 0.982 0.9860852 1.0011308 0.9898184 0.39572456 1.0015109 0.26850688 0.266079 0 0.5152744 0.045662243 0.04523725 0.0444941 0.044281904 0.5198604 0.38045728 0.52246493 0.53094184 0.51547325 0.7368229 0.5186613 0.74353015 0.7386949
0.9872032 0.51786304 0.5168664 0.5228664 0.5196604 0.99734104 0.98869646 1.0068517 0.9872032 1.0091523 0.9920673 0.5182621 1.0130024 0.50972915 0.50540066 0.5152744 0 0.5166672 0.5196604 0.5184617 0.51646805 0.041528832 0.5061858 0.042057484 0.5256829 0.5246758 0.7522039 0.20925651 0.7587757 0.76042765
0.9980974 0.22340032 0.21990632 0.18148997 0.1778051 0.97609735 0.9801504 0.9831119 0.9860852 1.0015109 0.98907024 0.39606363 1.001891 0.26864994 0.2657939 0.045662243 0.5166672 0 0.02480573 0.034480598 0.034375902 0.5204606 0.37863266 0.52306724 0.531551 0.51786304 0.7394986 0.5228664 0.7456892 0.74353015
0.99545324 0.22326563 0.22057699 0.18161736 0.1798359 0.9768326 0.9790429 0.9831119 0.98757625 1.0045581 0.9939465 0.39436984 1.0064689 0.26979542 0.26622158 0.04523725 0.5196604 0.02480573 0 0.033957258 0.03364343 0.52367 0.37979326 0.5258845 0.5344004 0.5190608 0.74057156 0.52246493 0.7473126 0.74406934
1.001891 0.22528848 0.2189684 0.18021728 0.17805864 0.97978103 0.9790429 0.9808897 0.98907024 1.0045581 0.9920673 0.39234236 1.0053219 0.26936567 0.266935 0.0444941 0.5184617 0.034480598 0.033957258 0 0.01955267 0.52186304 0.37714309 0.5240722 0.53195745 0.5166672 0.7376246 0.5206608 0.7408401 0.73602206
1.0034139 0.22380453 0.21803166 0.17920068 0.1761591 0.9816297 0.97978103 0.9857129 0.98869646 1.0060863 0.9943229 0.39386246 1.0037951 0.2690793 0.26636422 0.044281904 0.51646805 0.034375902 0.03364343 0.01955267 0 0.5194605 0.3789641 0.52166253 0.530536 0.51626897 0.7362889 0.5190608 0.7400349 0.73735726
0.9901927 0.5184617 0.5184617 0.52689326 0.52608615 0.9946995 0.99056727 1.0037951 0.9860852 1.0041765 0.9898184 0.52608615 1.0099207 0.5156721 0.5113093 0.5198604 0.041528832 0.5204606 0.52367 0.52186304 0.5194605 0 0.50972915 0.0045135543 0.5299277 0.5285101 0.7532952 0.21177219 0.7620833 0.7587757
0.9872032 0.37979326 0.3794615 0.39166775 0.39403155 0.97352946 0.959741 0.9727974 0.9753628 0.9727974 0.95866317 0.36941192 0.97609735 0.38029122 0.3776393 0.38045728 0.5061858 0.37863266 0.37979326 0.37714309 0.3789641 0.50972915 0 0.51012385 0.531551 0.51547325 0.73735726 0.5063822 0.73602206 0.7291169
0.99131685 0.5206608 0.5198604 0.5287124 0.5283078 0.9946995 0.9898184 1.0045581 0.98683035 1.0041765 0.9894442 0.52709514 1.0095364 0.5174642 0.513091 0.52246493 0.042057484 0.52306724 0.5258845 0.5240722 0.52166253 0.0045135543 0.51012385 0 0.52972496 0.52952236 0.7554826 0.21270114 0.76374257 0.7609791
1.0176488 0.5352165 0.5368514 0.5384899 0.5448729 1.0068517 1.0068517 0.9980974 0.99847597 1.0176488 0.982 0.5421895 1.0049399 0.5266914 0.5266914 0.53094184 0.5256829 0.531551 0.5344004 0.53195745 0.530536 0.5299277 0.531551 0.52972496 0 0.35370368 0.75384146 0.5337889 0.74541897 0.7483968
0.9808897 0.5186613 0.52628785 0.5321607 0.53134793 0.9790429 0.9842255 0.98051995 0.9753628 0.990942 0.9709704 0.5337889 0.98348296 0.5289148 0.52427334 0.51547325 0.5246758 0.51786304 0.5190608 0.5166672 0.51626897 0.5285101 0.51547325 0.52952236 0.35370368 0 0.7365559 0.52931976 0.72253674 0.7325615
0.9842255 0.732296 0.7344229 0.7397667 0.72332335 1.0011308 0.9943229 0.98832285 0.982 0.9969631 0.98645765 0.72885257 0.99734104 0.7341567 0.7341567 0.7368229 0.7522039 0.7394986 0.74057156 0.7376246 0.7362889 0.7532952 0.73735726 0.7554826 0.75384146 0.7365559 0 0.7486681 0.23439102 0.24070512
0.9931942 0.52106136 0.52447456 0.5250785 0.5214621 0.9931942 0.9842255 0.9894442 0.9860852 1.0034139 0.98869646 0.5198604 1.0103053 0.5134875 0.50972915 0.5186613 0.20925651 0.5228664 0.52246493 0.5206608 0.5190608 0.21177219 0.5063822 0.21270114 0.5337889 0.52931976 0.7486681 0 0.7473126 0.74406934
0.9894442 0.7309697 0.7400349 0.74650043 0.7362889 1.0215429 1.0022715 0.9977191 0.99658537 0.9931942 0.98051995 0.74057156 0.9980974 0.74057156 0.7421839 0.74353015 0.7587757 0.7456892 0.7473126 0.7408401 0.7400349 0.7620833 0.73602206 0.76374257 0.74541897 0.72253674 0.23439102 0.7473126 0 0.15238315
0.9920673 0.7301751 0.73602206 0.74057156 0.7330929 1.0164845 1.005704 1.01146 1.001891 1.0068517 1.0064689 0.7365559 1.0215429 0.73735726 0.7389627 0.7386949 0.76042765 0.74353015 0.74406934 0.73602206 0.73735726 0.7587757 0.7291169 0.7609791 0.7483968 0.7325615 0.24070512 0.74406934 0.15238315 0
