0 1.0227151 1.0037951 1.0011308 0.6205234 0.6232732 0.69122875 0.618924 0.61778367 0.6904751 0.69198316 0.6475366 0.6713863 0.67016345 0.6887196 0.695261 1.005704 1.0072346 0.92840576 0.92393637 0.9253087 0.67163116 0.99923354 0.67163116 0.6812419 0.9969631 1.005704 0.68000287 1.0195932 1.0168724
1.0227151 0 0.5559132 0.556543 0.99734104 1.0034139 1.0003713 0.9695119 0.97499573 1.0049399 1.0087683 1.0037951 0.9860852 0.9943229 1.0060863 1.0053219 0.5419835 0.5413658 1.0068517 1.0164845 1.0087683 1.0068517 0.36696118 1.0030329 1.0099207 0.33659267 0.5529811 0.99169195 0.09883541 0.0931527
1.0037951 0.5559132 0 0.085828975 1.0133885 1.0137748 1.0130024 1.005704 1.0076177 1.0110749 1.0095364 1.0099207 0.9962078 1.0041765 1.0270288 1.0137748 0.30200177 0.3011048 1.01146 1.0137748 1.01146 1.0060863 0.5523542 1.0060863 0.9901927 0.56393015 0.16523567 1.0034139 0.56541634 0.5529811
1.0011308 0.556543 0.085828975 0 1.0137748 1.0122308 1.0076177 0.99734104 0.99999183 1.0060863 1.0022715 1.0072346 0.98869646 0.9958304 1.0219333 1.0110749 0.29708177 0.2975277 1.0160967 1.0157093 1.01146 0.9943229 0.55402696 0.9969631 0.9894442 0.56477904 0.16311966 0.9969631 0.5649914 0.5533992
0.6205234 0.99734104 1.0133885 1.0137748 0 0.059498888 0.6844731 0.28120193 0.28719085 0.682483 0.67975533 0.38095567 0.67065233 0.67654437 0.68621874 0.6869681 1.002652 1.0053219 0.93568236 0.9287507 0.93116945 0.6745752 0.97941184 0.67629796 0.68972224 0.9920673 1.0068517 0.6867182 0.99658537 0.99658537
0.6232732 1.0034139 1.0137748 1.0122308 0.059498888 0 0.6847222 0.28470182 0.28968817 0.68000287 0.67580533 0.37995923 0.67089695 0.67580533 0.6837262 0.68571955 1.002652 1.0068517 0.9304776 0.9222244 0.92393637 0.67261124 0.98125964 0.6745752 0.68571955 0.9950763 1.0041765 0.6847222 1.000751 0.99885464
0.69122875 1.0003713 1.0130024 1.0076177 0.6844731 0.6847222 0 0.69399863 0.697032 0.62488186 0.6262635 0.70543754 0.3508246 0.35226277 0.05120913 0.05056701 1.0091523 1.0103053 0.9287507 0.93082345 0.93672764 0.35498682 0.9838541 0.35482633 0.3333104 0.97978103 1.015322 0.363706 1.0083846 1.0060863
0.618924 0.9695119 1.005704 0.99734104 0.28120193 0.28470182 0.69399863 0 0.04736461 0.69576657 0.69576657 0.3717065 0.6790131 0.67975533 0.6924865 0.6932422 0.9845971 0.9901927 0.9287507 0.9249654 0.9259958 0.68149 0.9673296 0.680994 0.68621874 0.9838541 1.0053219 0.6892207 0.9709704 0.97316337
0.61778367 0.97499573 1.0076177 0.99999183 0.28719085 0.28968817 0.697032 0.04736461 0 0.7023701 0.7018601 0.37615168 0.6849714 0.68796843 0.697032 0.6965256 0.98645765 0.9931942 0.928061 0.9270277 0.9253087 0.68571955 0.97720057 0.6852207 0.6937464 0.98757625 1.0076177 0.69779223 0.9738958 0.97720057
0.6904751 1.0049399 1.0110749 1.0060863 0.682483 0.68000287 0.62488186 0.69576657 0.7023701 0 0.05067399 0.697032 0.6267246 0.6306556 0.6283408 0.6285719 1.0122308 1.0172604 0.9430302 0.946908 0.944438 0.61687267 0.9872032 0.6180116 0.6283408 1.0011308 1.015322 0.632745 1.0137748 1.0130024
0.69198316 1.0087683 1.0095364 1.0022715 0.67975533 0.67580533 0.6262635 0.69576657 0.7018601 0.05067399 0 0.6947558 0.62903446 0.6304238 0.627186 0.6283408 1.0041765 1.005704 0.9395222 0.94232726 0.94092345 0.6212099 0.98496884 0.6212099 0.6334428 1.0034139 1.0110749 0.6334428 1.0199828 1.0172604
0.6475366 1.0037951 1.0099207 1.0072346 0.38095567 0.37995923 0.70543754 0.3717065 0.37615168 0.697032 0.6947558 0 0.7033912 0.7067194 0.7051815 0.7051815 1.0080011 1.0041765 0.9353342 0.93672764 0.9342909 0.69576657 0.9901927 0.6945033 0.69753873 1.0022715 1.0080011 0.7110941 0.99734104 1.0011308
0.6713863 0.9860852 0.9962078 0.98869646 0.67065233 0.67089695 0.3508246 0.6790131 0.6849714 0.6267246 0.62903446 0.7033912 0 0.034271218 0.35290283 0.35066497 0.99131685 0.98683035 0.9301319 0.927372 0.929441 0.23905283 0.97352946 0.24056728 0.35578993 0.9775687 0.98832285 0.14835055 1.000751 1.0049399
0.67016345 0.9943229 1.0041765 0.9958304 0.67654437 0.67580533 0.35226277 0.67975533 0.68796843 0.6306556 0.6304238 0.7067194 0.034271218 0 0.35386395 0.35178307 0.99847597 0.99545324 0.9335961 0.931862 0.932902 0.23836544 0.97941184 0.23932795 0.35578993 0.9808897 0.99961257 0.14908214 1.002652 1.0118452
0.6887196 1.0060863 1.0270288 1.0219333 0.68621874 0.6837262 0.05120913 0.6924865 0.697032 0.6283408 0.627186 0.7051815 0.35290283 0.35386395 0 0.0359479 1.0195932 1.0223241 0.932902 0.9370764 0.94127417 0.35852686 0.9901927 0.35788196 0.3372195 0.98907024 1.0301816 0.3635436 1.0172604 1.0095364
0.695261 1.0053219 1.0137748 1.0110749 0.6869681 0.68571955 0.05056701 0.6932422 0.6965256 0.6285719 0.6283408 0.7051815 0.35066497 0.35178307 0.0359479 0 1.0176488 1.0199828 0.9349863 0.9391723 0.94373375 0.35354343 0.9901927 0.35306293 0.3339345 0.98869646 1.0149349 0.3601415 1.0110749 1.0076177
1.005704 0.5419835 0.30200177 0.29708177 1.002652 1.002652 1.0091523 0.9845971 0.98645765 1.0122308 1.0041765 1.0080011 0.99131685 0.99847597 1.0195932 1.0176488 0 0.039417937 1.0122308 1.0080011 1.0072346 0.99961257 0.5356249 1.0011308 0.9943229 0.5531901 0.30140367 1.0003713 0.547981 0.5415716
1.0072346 0.5413658 0.3011048 0.2975277 1.0053219 1.0068517 1.0103053 0.9901927 0.9931942 1.0172604 1.005704 1.0041765 0.98683035 0.99545324 1.0223241 1.0199828 0.039417937 0 1.0110749 1.0072346 1.0076177 1.0022715 0.53828484 1.0022715 0.99169195 0.5536084 0.2993141 1.0011308 0.54860425 0.54013187
0.92840576 1.0068517 1.01146 1.0160967 0.93568236 0.9304776 0.9287507 0.9287507 0.928061 0.9430302 0.9395222 0.9353342 0.9301319 0.9335961 0.932902 0.9349863 1.0122308 1.0110749 0 0.03270273 0.032285016 0.90900373 0.9894442 0.908332 0.9353342 0.99131685 1.0223241 0.92462224 0.99961257 0.9943229
0.92393637 1.0164845 1.0137748 1.0157093 0.9287507 0.9222244 0.93082345 0.9249654 0.9270277 0.946908 0.94232726 0.93672764 0.927372 0.931862 0.9370764 0.9391723 1.0080011 1.0072346 0.03270273 0 0.02687584 0.9043141 0.9894442 0.903313 0.9297863 0.9950763 1.0168724 0.92119914 1.01069 1.0037951
0.9253087 1.0087683 1.01146 1.01146 0.93116945 0.92393637 0.93672764 0.9259958 0.9253087 0.944438 0.94092345 0.9342909 0.929441 0.932902 0.94127417 0.94373375 1.0072346 1.0076177 0.032285016 0.02687584 0 0.910349 0.98645765 0.90799636 0.93812364 0.99056727 1.0118452 0.9270277 1.0049399 0.99885464
0.67163116 1.0068517 1.0060863 0.9943229 0.6745752 0.67261124 0.35498682 0.68149 0.68571955 0.61687267 0.6212099 0.69576657 0.23905283 0.23836544 0.35852686 0.35354343 0.99961257 1.0022715 0.90900373 0.9043141 0.910349 0 0.990942 0.02687584 0.35723764 0.9779369 0.9924427 0.24111876 1.002652 1.001891
0.99923354 0.36696118 0.5523542 0.55402696 0.97941184 0.98125964 0.9838541 0.9673296 0.97720057 0.9872032 0.98496884 0.9901927 0.97352946 0.97941184 0.9901927 0.9901927 0.5356249 0.53828484 0.9894442 0.9894442 0.98645765 0.990942 0 0.98794943 0.9827411 0.3758215 0.5504769 0.98348296 0.36826724 0.36990303
0.67163116 1.0030329 1.0060863 0.9969631 0.67629796 0.6745752 0.35482633 0.680994 0.6852207 0.6180116 0.6212099 0.6945033 0.24056728 0.23932795 0.35788196 0.35306293 1.0011308 1.0022715 0.908332 0.903313 0.90799636 0.02687584 0.98794943 0 0.35965672 0.9775687 0.9950763 0.2424992 1.0015109 1.0011308
0.6812419 1.0099207 0.9901927 0.9894442 0.68972224 0.68571955 0.3333104 0.68621874 0.6937464 0.6283408 0.6334428 0.69753873 0.35578993 0.35578993 0.3372195 0.3339345 0.9943229 0.99169195 0.9353342 0.9297863 0.93812364 0.35723764 0.9827411 0.35965672 0 0.99056727 0.9977191 0.35836557 1.0122308 1.0157093
0.9969631 0.33659267 0.56393015 0.56477904 0.9920673 0.9950763 0.97978103 0.9838541 0.98757625 1.0011308 1.0034139 1.0022715 0.9775687 0.9808897 0.98907024 0.98869646 0.5531901 0.5536084 0.99131685 0.9950763 0.99056727 0.9779369 0.3758215 0.9775687 0.99056727 0 0.5637181 0.982 0.33627945 0.3373763
1.005704 0.5529811 0.16523567 0.16311966 1.0068517 1.0041765 1.015322 1.0053219 1.0076177 1.015322 1.0110749 1.0080011 0.98832285 0.99961257 1.0301816 1.0149349 0.30140367 0.2993141 1.0223241 1.0168724 1.0118452 0.9924427 0.5504769 0.9950763 0.9977191 0.5637181 0 1.0034139 0.56477904 0.5515193
0.68000287 0.99169195 1.0034139 0.9969631 0.6867182 0.6847222 0.363706 0.6892207 0.69779223 0.632745 0.6334428 0.7110941 0.14835055 0.14908214 0.3635436 0.3601415 1.0003713 1.0011308 0.92462224 0.92119914 0.9270277 0.24111876 0.98348296 0.2424992 0.35836557 0.982 1.0034139 0 0.9931942 0.99923354
1.0195932 0.09883541 0.56541634 0.5649914 0.99658537 1.000751 1.0083846 0.9709704 0.9738958 1.0137748 1.0199828 0.99734104 1.000751 1.002652 1.0172604 1.0110749 0.547981 0.54860425 0.99961257 1.01069 1.0049399 1.002652 0.36826724 1.0015109 1.0122308 0.33627945 0.56477904 0.9931942 0 0.10043431
1.0168724 0.0931527 0.5529811 0.5533992 0.99658537 0.99885464 1.0060863 0.97316337 0.97720057 1.0130024 1.0172604 1.0011308 1.0049399 1.0118452 1.0095364 1.0076177 0.5415716 0.54013187 0.9943229 1.0037951 0.99885464 1.001891 0.36990303 1.0011308 1.0157093 0.3373763 0.5515193 0.99923354 0.10043431 0
