0 1.001891 0.46846247 0.4647367 0.4769138 1.0022715 0.37846702 0.98348296 0.47634742 0.47748062 0.3925111 0.6988071 0.392005 0.38545617 1.0076177 0.99281836 0.99131685 0.3814544 0.3816207 1.000751 1.000751 0.9831119 0.7018601 0.9842255 0.3930176 0.38763276 0.9808897 0.9838541 0.97978103 0.46827576
1.001891 0 0.98237044 0.96406794 0.9764649 0.7427221 0.9764649 0.58763224 0.9687838 0.98496884 0.9980974 0.98125964 1.0053219 0.9845971 0.7473126 0.11661368 0.119657226 0.990942 0.9898184 0.74164605 0.74030316 0.5819619 0.9680563 0.5800091 0.9958304 0.99357027 0.58785117 0.5847917 0.5839199 0.9691478
0.46846247 0.98237044 0 0.24902159 0.25630456 1.0083846 0.46771583 0.9831119 0.11673051 0.1126522 0.47483912 0.6945033 0.4718316 0.4752159 1.002652 0.97867405 0.982 0.4673428 0.4675293 0.9958304 0.9969631 0.9901927 0.69956917 0.9939465 0.4771027 0.47483912 0.9842255 0.9695119 0.9768326 0.2504167
0.4647367 0.96406794 0.24902159 0 0.11021581 1.005704 0.45348603 0.9845971 0.24721184 0.2504167 0.46696994 0.67629796 0.46380812 0.4566045 1.0037951 0.96334505 0.9680563 0.45312 0.45385224 0.9977191 0.99734104 0.9898184 0.6887196 0.9924427 0.47352183 0.46548036 0.98051995 0.97573 0.9687838 0.115796365
0.4769138 0.9764649 0.25630456 0.11021581 0 1.0041765 0.46696994 0.98907024 0.25644532 0.25870097 0.483363 0.6877182 0.47729164 0.46920985 1.0022715 0.97978103 0.9842255 0.46790242 0.46548036 0.99923354 0.99961257 0.9977191 0.69576657 1.000751 0.48527044 0.4771027 0.9920673 0.98757625 0.9764649 0.122595415
1.0022715 0.7427221 1.0083846 1.005704 1.0041765 0 1.0034139 0.74893945 1.0037951 1.0149349 1.0022715 0.97206604 1.0011308 1.005704 0.10020569 0.75138646 0.75466156 1.015322 1.0133885 0.10249507 0.10169299 0.7563045 0.9727974 0.75520885 0.99847597 1.0037951 0.756853 0.7656831 0.75493515 1.0072346
0.37846702 0.9764649 0.46771583 0.45348603 0.46696994 1.0034139 0 0.9939465 0.46977088 0.472958 0.35130367 0.6844731 0.35098425 0.07392661 1.014548 0.97867405 0.9775687 0.07161265 0.07150263 0.9943229 0.99545324 0.99281836 0.6802505 0.9939465 0.354345 0.3493892 0.99961257 0.99056727 0.98832285 0.4566045
0.98348296 0.58763224 0.9831119 0.9845971 0.98907024 0.74893945 0.9939465 0 0.97867405 0.990942 1.005704 0.9615409 1.0083846 0.99734104 0.750842 0.5904835 0.58828926 1.0080011 1.0076177 0.7429914 0.7446089 0.07128266 0.98645765 0.07150263 0.9901927 0.99131685 0.28733754 0.28601852 0.15606806 0.9808897
0.47634742 0.9687838 0.11673051 0.24721184 0.25644532 1.0037951 0.46977088 0.97867405 0 0.06831931 0.47804788 0.69022405 0.47370988 0.4761587 1.0053219 0.97426224 0.97499573 0.46902296 0.46864927 0.99847597 1.0003713 0.98237044 0.6960195 0.98645765 0.47918367 0.47502747 0.9838541 0.97316337 0.97170067 0.24888222
0.47748062 0.98496884 0.1126522 0.2504167 0.25870097 1.0149349 0.472958 0.990942 0.06831931 0 0.4822209 0.69804585 0.47956264 0.4771027 1.0164845 0.98645765 0.98683035 0.47108158 0.47220686 1.0141612 1.0157093 0.9958304 0.70033205 0.99999183 0.4846977 0.48127043 0.9958304 0.98645765 0.98832285 0.25251418
0.3925111 0.9980974 0.47483912 0.46696994 0.483363 1.0022715 0.35130367 1.005704 0.47804788 0.4822209 0 0.6998234 0.062971115 0.35691568 1.0168724 0.9939465 0.9931942 0.35402426 0.35162324 1.0126165 1.014548 1.0076177 0.695261 1.01146 0.24429761 0.22071119 1.000751 1.0011308 1.0037951 0.46771583
0.6988071 0.98125964 0.6945033 0.67629796 0.6877182 0.97206604 0.6844731 0.9615409 0.69022405 0.69804585 0.6998234 0 0.6967787 0.68721807 0.97426224 0.98683035 0.98757625 0.6847222 0.68298006 0.9698763 0.97206604 0.9680563 0.3484338 0.9662408 0.6947558 0.684224 0.9698763 0.97243166 0.9608204 0.67876583
0.392005 1.0053219 0.4718316 0.46380812 0.47729164 1.0011308 0.35098425 1.0083846 0.47370988 0.47956264 0.062971115 0.6967787 0 0.35611138 1.0141612 1.001891 1.000751 0.35258272 0.3508246 1.0103053 1.0126165 1.001891 0.6945033 1.005704 0.2451291 0.2201745 1.0022715 1.0022715 0.99999183 0.4623248
0.38545617 0.9845971 0.4752159 0.4566045 0.46920985 1.005704 0.07392661 0.99734104 0.4761587 0.4771027 0.35691568 0.68721807 0.35611138 0 1.0188149 0.98757625 0.98907024 0.05830901 0.059174187 0.99961257 1.0003713 0.9943229 0.68796843 0.9969631 0.35675475 0.3551474 0.99658537 0.9969631 0.9924427 0.4578924
1.0076177 0.7473126 1.002652 1.0037951 1.0022715 0.10020569 1.014548 0.750842 1.0053219 1.0164845 1.0168724 0.97426224 1.0141612 1.0188149 0 0.75493515 0.75822586 1.0289978 1.0286036 0.05281685 0.052173346 0.75822586 0.98237044 0.756853 1.0091523 1.0080011 0.7593259 0.7701374 0.7574018 1.0087683
0.99281836 0.11661368 0.97867405 0.96334505 0.97978103 0.75138646 0.97867405 0.5904835 0.97426224 0.98645765 0.9939465 0.98683035 1.001891 0.98757625 0.75493515 0 0.031867538 0.9920673 0.9901927 0.74921095 0.74921095 0.5874133 0.97316337 0.58610135 0.99658537 0.98907024 0.5948914 0.59180313 0.58982456 0.97024083
0.99131685 0.119657226 0.982 0.9680563 0.9842255 0.75466156 0.9775687 0.58828926 0.97499573 0.98683035 0.9931942 0.98757625 1.000751 0.98907024 0.75822586 0.031867538 0 0.99056727 0.98907024 0.75302225 0.7527494 0.5837021 0.9713354 0.582614 0.9946995 0.9898184 0.59599745 0.59246385 0.58828926 0.97609735
0.3814544 0.990942 0.4673428 0.45312 0.46790242 1.015322 0.07161265 1.0080011 0.46902296 0.47108158 0.35402426 0.6847222 0.35258272 0.05830901 1.0289978 0.9920673 0.99056727 0 0.016173134 1.0083846 1.0091523 1.002652 0.6777777 1.0049399 0.35530797 0.35322306 0.9977191 0.9969631 0.99999183 0.4545852
0.3816207 0.9898184 0.4675293 0.45385224 0.46548036 1.0133885 0.07150263 1.0076177 0.46864927 0.47220686 0.35162324 0.68298006 0.3508246 0.059174187 1.0286036 0.9901927 0.98907024 0.016173134 0 1.0083846 1.0091523 1.0022715 0.6785187 1.0041765 0.3551474 0.35178307 0.99885464 0.99658537 1.0022715 0.45605326
1.000751 0.74164605 0.9958304 0.9977191 0.99923354 0.10249507 0.9943229 0.7429914 0.99847597 1.0141612 1.0126165 0.9698763 1.0103053 0.99961257 0.05281685 0.74921095 0.75302225 1.0083846 1.0083846 0 0.00986459 0.7522039 0.97941184 0.7502979 0.9962078 0.9962078 0.7486681 0.76540554 0.7527494 0.9969631
1.000751 0.74030316 0.9969631 0.99734104 0.99961257 0.10169299 0.99545324 0.7446089 1.0003713 1.0157093 1.014548 0.97206604 1.0126165 1.0003713 0.052173346 0.74921095 0.7527494 1.0091523 1.0091523 0.00986459 0 0.75302225 0.98348296 0.7511142 1.0011308 1.0011308 0.7502979 0.7659607 0.75138646 0.99847597
0.9831119 0.5819619 0.9901927 0.9898184 0.9977191 0.7563045 0.99281836 0.07128266 0.98237044 0.9958304 1.0076177 0.9680563 1.001891 0.9943229 0.75822586 0.5874133 0.5837021 1.002652 1.0022715 0.7522039 0.75302225 0 0.9860852 0.008447394 0.99545324 0.98869646 0.28865886 0.28601852 0.15754712 0.99131685
0.7018601 0.9680563 0.69956917 0.6887196 0.69576657 0.9727974 0.6802505 0.98645765 0.6960195 0.70033205 0.695261 0.3484338 0.6945033 0.68796843 0.98237044 0.97316337 0.9713354 0.6777777 0.6785187 0.97941184 0.98348296 0.9860852 0 0.9872032 0.70466954 0.6892207 0.9753628 0.9727974 0.9764649 0.6924865
0.9842255 0.5800091 0.9939465 0.9924427 1.000751 0.75520885 0.9939465 0.07150263 0.98645765 0.99999183 1.01146 0.9662408 1.005704 0.9969631 0.756853 0.58610135 0.582614 1.0049399 1.0041765 0.7502979 0.7511142 0.008447394 0.9872032 0 0.99923354 0.99169195 0.28865886 0.28514048 0.15705377 0.9958304
0.3930176 0.9958304 0.4771027 0.47352183 0.48527044 0.99847597 0.354345 0.9901927 0.47918367 0.4846977 0.24429761 0.6947558 0.2451291 0.35675475 1.0091523 0.99658537 0.9946995 0.35530797 0.3551474 0.9962078 1.0011308 0.99545324 0.70466954 0.99923354 0 0.24818578 0.99281836 0.9958304 0.98496884 0.47389796
0.38763276 0.99357027 0.47483912 0.46548036 0.4771027 1.0037951 0.3493892 0.99131685 0.47502747 0.48127043 0.22071119 0.684224 0.2201745 0.3551474 1.0080011 0.98907024 0.9898184 0.35322306 0.35178307 0.9962078 1.0011308 0.98869646 0.6892207 0.99169195 0.24818578 0 0.9845971 0.990942 0.97978103 0.46659726
0.9808897 0.58785117 0.9842255 0.98051995 0.9920673 0.756853 0.99961257 0.28733754 0.9838541 0.9958304 1.000751 0.9698763 1.0022715 0.99658537 0.7593259 0.5948914 0.59599745 0.9977191 0.99885464 0.7486681 0.7502979 0.28865886 0.9753628 0.28865886 0.99281836 0.9845971 0 0.18174478 0.29130852 0.98125964
0.9838541 0.5847917 0.9695119 0.97573 0.98757625 0.7656831 0.99056727 0.28601852 0.97316337 0.98645765 1.0011308 0.97243166 1.0022715 0.9969631 0.7701374 0.59180313 0.59246385 0.9969631 0.99658537 0.76540554 0.7659607 0.28601852 0.9727974 0.28514048 0.9958304 0.990942 0.18174478 0 0.28631145 0.9746289
0.97978103 0.5839199 0.9768326 0.9687838 0.9764649 0.75493515 0.98832285 0.15606806 0.97170067 0.98832285 1.0037951 0.9608204 0.99999183 0.9924427 0.7574018 0.58982456 0.58828926 0.99999183 1.0022715 0.7527494 0.75138646 0.15754712 0.9764649 0.15705377 0.98496884 0.97978103 0.29130852 0.28631145 0 0.9706055
0.46827576 0.9691478 0.2504167 0.115796365 0.122595415 1.0072346 0.4566045 0.9808897 0.24888222 0.25251418 0.46771583 0.67876583 0.4623248 0.4578924 1.0087683 0.97024083 0.97609735 0.4545852 0.45605326 0.9969631 0.99847597 0.99131685 0.6924865 0.9958304 0.47389796 0.46659726 0.98125964 0.9746289 0.9706055 0
