0 0.99961257 1.0397208 1.0238891 1.0149349 0.9980974 0.97867405 1.0246727 1.0207624 0.5061858 0.50972915 0.50579315 1.0095364 0.99734104 0.5176636 0.9924427 0.99545324 0.5176636 0.520861 0.5115071 0.50775856 0.5335852 1.0141612 0.5352165 0.98496884 0.5018777 0.51886106 0.99056727 1.01146 1.0049399
0.99961257 0 0.85520095 0.84525883 0.8474224 0.8212641 0.8120542 0.84310144 0.8486616 1.0262426 1.0176488 1.0133885 0.32663402 0.33315444 1.0103053 0.56393015 0.5616006 1.0164845 1.0223241 1.0149349 1.0168724 1.0409217 0.35804313 1.0421246 0.354345 0.9943229 1.0254573 0.3288012 0.5847917 0.20372532
1.0397208 0.85520095 0 0.19123371 0.19110468 0.39318648 0.39420068 0.19797416 0.19706325 1.0429276 1.0361294 1.0381224 0.84217876 0.8499028 1.0341415 0.8424862 0.84187144 1.0437315 1.0421246 1.0195932 1.0168724 1.049788 0.84525883 1.0563028 0.8339251 1.032159 1.0575305 0.83849925 0.8643263 0.8480418
1.0238891 0.84525883 0.19123371 0 0.1884001 0.39436984 0.39640284 0.19433716 0.19589372 1.0337447 1.0219333 1.0130024 0.84033674 0.8455675 1.0087683 0.83636117 0.8357514 1.0160967 1.015322 0.99131685 0.990942 1.0317632 0.8437172 1.0341415 0.83210325 1.0188149 1.0329514 0.8221614 0.85613984 0.83788776
1.0149349 0.8474224 0.19110468 0.1884001 0 0.38712993 0.3856234 0.18544912 0.18532108 1.0141612 1.0141612 1.0211525 0.8336212 0.84217876 1.0180373 0.8381934 0.83849925 1.0278157 1.0293922 0.99658537 0.9950763 1.0317632 0.84495026 1.0349361 0.831194 1.0149349 1.0278157 0.82546073 0.847732 0.8345334
0.9980974 0.8212641 0.39318648 0.39436984 0.38712993 0 0.1500587 0.392005 0.3884716 1.0068517 1.0045581 0.99734104 0.8147164 0.8153093 1.0080011 0.8076381 0.80091685 1.0080011 1.0160967 1.0087683 1.0126165 1.0246727 0.81709075 1.0227151 0.8150128 0.99169195 1.0195932 0.8147164 0.8305884 0.8079317
0.97867405 0.8120542 0.39420068 0.39640284 0.3856234 0.1500587 0 0.38712993 0.38629258 0.9939465 0.9931942 0.9898184 0.81382793 0.81679356 0.9946995 0.80441606 0.79830307 0.9924427 0.99885464 0.99999183 1.0049399 1.0080011 0.8082254 1.0080011 0.81590265 0.9764649 1.001891 0.811759 0.8269652 0.80705124
1.0246727 0.84310144 0.19797416 0.19433716 0.18544912 0.392005 0.38712993 0 0.14567415 1.0365276 1.0242808 1.0349361 0.8406434 0.8461853 1.0289978 0.8366663 0.83301365 1.0365276 1.0437315 1.018426 1.0195932 1.0349361 0.83941746 1.0381224 0.84187144 1.0234975 1.0433295 0.8275679 0.85833514 0.8381934
1.0207624 0.8486616 0.19706325 0.19589372 0.18532108 0.3884716 0.38629258 0.14567415 0 1.0274222 1.0172604 1.0215429 0.8366663 0.8437172 1.019204 0.8339251 0.8339251 1.0195932 1.0231062 1.001891 0.99961257 1.025065 0.8388052 1.0293922 0.83240664 1.0219333 1.0413225 0.83301365 0.8545757 0.84217876
0.5061858 1.0262426 1.0429276 1.0337447 1.0141612 1.0068517 0.9939465 1.0365276 1.0274222 0 0.12993217 0.44096002 1.0149349 1.014548 0.28192973 1.0049399 1.01146 0.27902275 0.28134742 0.25391582 0.25321466 0.29470786 1.0254573 0.29396757 0.9962078 0.4797522 0.48641723 1.0137748 1.000751 1.0286036
0.50972915 1.0176488 1.0361294 1.0219333 1.0141612 1.0045581 0.9931942 1.0242808 1.0172604 0.12993217 0 0.4361149 1.0126165 1.0103053 0.28455567 0.99847597 1.0087683 0.28134742 0.2835334 0.2540561 0.2522342 0.2979739 1.0160967 0.29648757 0.9931942 0.47823706 0.48890796 1.0034139 0.99847597 1.0234975
0.50579315 1.0133885 1.0381224 1.0130024 1.0211525 0.99734104 0.9898184 1.0349361 1.0215429 0.44096002 0.4361149 0 1.014548 1.0180373 0.43880278 1.0068517 1.0068517 0.42952576 0.4345068 0.43880278 0.43826443 0.44765082 1.0118452 0.4458366 0.99056727 0.46864927 0.4881407 1.0041765 1.0011308 1.0180373
1.0095364 0.32663402 0.84217876 0.84033674 0.8336212 0.8147164 0.81382793 0.8406434 0.8366663 1.0149349 1.0126165 1.014548 0 0.09792328 1.015322 0.5592783 0.55991095 1.0157093 1.018426 1.0068517 1.0076177 1.0361294 0.35498682 1.0429276 0.35290283 1.0049399 1.0297868 0.22313097 0.5731065 0.32895625
0.99734104 0.33315444 0.8499028 0.8455675 0.84217876 0.8153093 0.81679356 0.8461853 0.8437172 1.014548 1.0103053 1.0180373 0.09792328 0 1.0180373 0.5575939 0.5597 1.0234975 1.0223241 1.0041765 1.0053219 1.0341415 0.35498682 1.0397208 0.34922987 1.0126165 1.0349361 0.22057699 0.5713908 0.33159682
0.5176636 1.0103053 1.0341415 1.0087683 1.0180373 1.0080011 0.9946995 1.0289978 1.019204 0.28192973 0.28455567 0.43880278 1.015322 1.0180373 0 1.000751 1.0095364 0.086277604 0.09010185 0.28528675 0.28426346 0.1622501 1.0381224 0.16100961 1.0103053 0.48146042 0.48833245 1.0030329 1.0103053 1.0227151
0.9924427 0.56393015 0.8424862 0.83636117 0.8381934 0.8076381 0.80441606 0.8366663 0.8339251 1.0049399 0.99847597 1.0068517 0.5592783 0.5575939 1.000751 0 0.03615775 1.0141612 1.0211525 0.9946995 0.99545324 1.0461482 0.56520385 1.0481682 0.5592783 0.9853408 1.0110749 0.5477734 0.22609913 0.5694652
0.99545324 0.5616006 0.84187144 0.8357514 0.83849925 0.80091685 0.79830307 0.83301365 0.8339251 1.01146 1.0087683 1.0068517 0.55991095 0.5597 1.0095364 0.03615775 0 1.0211525 1.0274222 0.99545324 0.9958304 1.055077 0.55906755 1.057121 0.5559132 0.9845971 1.0091523 0.5446661 0.22488347 0.5643545
0.5176636 1.0164845 1.0437315 1.0160967 1.0278157 1.0080011 0.9924427 1.0365276 1.0195932 0.27902275 0.28134742 0.42952576 1.0157093 1.0234975 0.086277604 1.0141612 1.0211525 0 0.037207875 0.28411737 0.28294984 0.15940003 1.0445362 0.15853477 1.0238891 0.48051092 0.48967603 1.01069 1.0087683 1.0254573
0.520861 1.0223241 1.0421246 1.015322 1.0293922 1.0160967 0.99885464 1.0437315 1.0231062 0.28134742 0.2835334 0.4345068 1.018426 1.0223241 0.09010185 1.0211525 1.0274222 0.037207875 0 0.28499424 0.28426346 0.1633683 1.0461482 0.16175365 1.0215429 0.47785875 0.49025255 1.0087683 1.0168724 1.0286036
0.5115071 1.0149349 1.0195932 0.99131685 0.99658537 1.0087683 0.99999183 1.018426 1.001891 0.25391582 0.2540561 0.43880278 1.0068517 1.0041765 0.28528675 0.9946995 0.99545324 0.28411737 0.28499424 0 0.017297955 0.30020893 1.0180373 0.2993141 0.98051995 0.4723946 0.4841254 0.99357027 0.99923354 1.0022715
0.50775856 1.0168724 1.0168724 0.990942 0.9950763 1.0126165 1.0049399 1.0195932 0.99961257 0.25321466 0.2522342 0.43826443 1.0076177 1.0053219 0.28426346 0.99545324 0.9958304 0.28294984 0.28426346 0.017297955 0 0.2976764 1.0219333 0.2967846 0.97867405 0.47220686 0.48355353 0.9943229 0.99734104 1.0045581
0.5335852 1.0409217 1.049788 1.0317632 1.0317632 1.0246727 1.0080011 1.0349361 1.025065 0.29470786 0.2979739 0.44765082 1.0361294 1.0341415 0.1622501 1.0461482 1.055077 0.15940003 0.1633683 0.30020893 0.2976764 0 1.0514114 0.0100672655 1.0242808 0.493142 0.5065787 1.0207624 1.0389212 1.0385218
1.0141612 0.35804313 0.84525883 0.8437172 0.84495026 0.81709075 0.8082254 0.83941746 0.8388052 1.0254573 1.0160967 1.0118452 0.35498682 0.35498682 1.0381224 0.56520385 0.55906755 1.0445362 1.0461482 1.0180373 1.0219333 1.0514114 0 1.0530384 0.31497735 1.0305767 1.0493827 0.35611138 0.5839199 0.35772082
0.5352165 1.0421246 1.0563028 1.0341415 1.0349361 1.0227151 1.0080011 1.0381224 1.0293922 0.29396757 0.29648757 0.4458366 1.0429276 1.0397208 0.16100961 1.0481682 1.057121 0.15853477 0.16175365 0.2993141 0.2967846 0.0100672655 1.0530384 0 1.0234975 0.49256322 0.50598943 1.0266355 1.0437315 1.0417235
0.98496884 0.354345 0.8339251 0.83210325 0.831194 0.8150128 0.81590265 0.84187144 0.83240664 0.9962078 0.9931942 0.99056727 0.35290283 0.34922987 1.0103053 0.5592783 0.5559132 1.0238891 1.0215429 0.98051995 0.97867405 1.0242808 0.31497735 1.0234975 0 0.97499573 1.0157093 0.3463679 0.57439595 0.3477975
0.5018777 0.9943229 1.032159 1.0188149 1.0149349 0.99169195 0.9764649 1.0234975 1.0219333 0.4797522 0.47823706 0.46864927 1.0049399 1.0126165 0.48146042 0.9853408 0.9845971 0.48051092 0.47785875 0.4723946 0.47220686 0.493142 1.0305767 0.49256322 0.97499573 0 0.23644413 0.9901927 0.9950763 0.99885464
0.51886106 1.0254573 1.0575305 1.0329514 1.0278157 1.0195932 1.001891 1.0433295 1.0413225 0.48641723 0.48890796 0.4881407 1.0297868 1.0349361 0.48833245 1.0110749 1.0091523 0.48967603 0.49025255 0.4841254 0.48355353 0.5065787 1.0493827 0.50598943 1.0157093 0.23644413 0 1.0286036 1.0278157 1.018426
0.99056727 0.3288012 0.83849925 0.8221614 0.82546073 0.8147164 0.811759 0.8275679 0.83301365 1.0137748 1.0034139 1.0041765 0.22313097 0.22057699 1.0030329 0.5477734 0.5446661 1.01069 1.0087683 0.99357027 0.9943229 1.0207624 0.35611138 1.0266355 0.3463679 0.9901927 1.0286036 0 0.5669055 0.32586154
1.01146 0.5847917 0.8643263 0.85613984 0.847732 0.8305884 0.8269652 0.85833514 0.8545757 1.000751 0.99847597 1.0011308 0.5731065 0.5713908 1.0103053 0.22609913 0.22488347 1.0087683 1.0168724 0.99923354 0.99734104 1.0389212 0.5839199 1.0437315 0.57439595 0.9950763 1.0278157 0.5669055 0 0.585228
1.0049399 0.20372532 0.8480418 0.83788776 0.8345334 0.8079317 0.80705124 0.8381934 0.84217876 1.0286036 1.0234975 1.0180373 0.32895625 0.33159682 1.0227151 0.5694652 0.5643545 1.0254573 1.0286036 1.0022715 1.0045581 1.0385218 0.35772082 1.0417235 0.3477975 0.99885464 1.018426 0.32586154 0.585228 0
