0 1.0266355 0.55381763 0.56012195 1.025065 0.9977191 1.0164845 1.0076177 0.560333 0.56054413 1.0083846 0.8933747 1.0118452 1.030972 1.0076177 1.0099207 1.0317632 1.0293922 1.0231062 1.0262426 1.0266355 1.0413225 1.000751 1.0397208 1.0137748 0.5448729 0.8963424 0.8874743 0.556543 0.9790429
1.0266355 0 0.99658537 1.0188149 0.48355353 0.48184055 0.47033232 0.47089422 1.0172604 1.0215429 0.46977088 1.0219333 0.47277015 0.48488855 0.5548647 0.55675304 0.48127043 0.48355353 0.24526776 0.24693382 0.24637805 0.4856525 0.4752159 0.48527044 0.48775735 1.0060863 1.0141612 1.019204 0.99658537 0.5561231
0.55381763 0.99658537 0 0.16436365 0.9801504 0.9604604 0.98683035 0.9939465 0.16001868 0.16162959 0.98496884 0.8832416 0.99281836 1.01146 0.9779369 0.98645765 1.0080011 1.0157093 1.0030329 1.0072346 1.0034139 1.0049399 0.96190137 1.0072346 1.0122308 0.37039444 0.8774201 0.87774235 0.34605056 0.9838541
0.56012195 1.0188149 0.16436365 0 1.0076177 0.9783054 0.99734104 1.000751 0.1041018 0.10387206 1.0049399 0.90098226 1.0141612 1.0341415 0.9946995 1.002652 1.0215429 1.0293922 1.0254573 1.0246727 1.0227151 1.0242808 0.97867405 1.0238891 1.0242808 0.39133066 0.8979962 0.8897634 0.35917228 1.0083846
1.025065 0.48355353 0.9801504 1.0076177 0 0.093379185 0.35066497 0.35034582 1.005704 1.01146 0.34716177 1.0176488 0.35002682 0.44819596 0.5578042 0.56012195 0.44222128 0.44475016 0.47918367 0.48013148 0.48184055 0.44420755 0.4452932 0.44475016 0.45257127 0.99357027 1.025065 1.0341415 0.9920673 0.5624469
0.9977191 0.48184055 0.9604604 0.9783054 0.093379185 0 0.34162202 0.34020412 0.982 0.9853408 0.34177974 1.0091523 0.34083396 0.45348603 0.556543 0.5578042 0.4463804 0.4489234 0.47861555 0.47994182 0.48127043 0.4454743 0.44024023 0.44674316 0.45129248 0.9764649 1.015322 1.0137748 0.9801504 0.556333
1.0164845 0.47033232 0.98683035 0.99734104 0.35066497 0.34162202 0 0.069634914 0.99923354 1.001891 0.18994439 1.0313674 0.19304249 0.4418607 0.547981 0.5483964 0.4355785 0.43647274 0.47597006 0.4761587 0.47578144 0.43236804 0.43325844 0.4330803 0.44114006 0.9842255 1.0242808 1.0397208 0.9924427 0.54632175
1.0076177 0.47089422 0.9939465 1.000751 0.35034582 0.34020412 0.069634914 0 1.0072346 1.0022715 0.18827157 1.0289978 0.19136275 0.44601783 0.5494359 0.5494359 0.4389823 0.44078 0.47427428 0.4744625 0.4746508 0.43736804 0.43290216 0.43808508 0.4393415 0.98832285 1.0219333 1.0337447 0.99545324 0.5488121
0.560333 1.0172604 0.16001868 0.1041018 1.005704 0.982 0.99923354 1.0072346 0 0.06952519 0.99847597 0.8937039 1.0034139 1.0246727 0.9894442 0.9969631 1.0176488 1.025065 1.0207624 1.0219333 1.0203725 1.0188149 0.9738958 1.0172604 1.0203725 0.38897535 0.89667284 0.8904187 0.36030313 1.014548
0.56054413 1.0215429 0.16162959 0.10387206 1.01146 0.9853408 1.001891 1.0022715 0.06952519 0 1.0003713 0.891731 1.0045581 1.0305767 0.9901927 0.9962078 1.025065 1.0317632 1.0207624 1.0203725 1.0207624 1.0293922 0.97316337 1.0282096 1.0282096 0.39048862 0.8884545 0.8832416 0.3588495 1.0060863
1.0083846 0.46977088 0.98496884 1.0049399 0.34716177 0.34177974 0.18994439 0.18827157 0.99847597 1.0003713 0 1.0176488 0.057876796 0.44565544 0.5471509 0.54570043 0.43683073 0.43754724 0.46939683 0.47051957 0.469958 0.43379322 0.42881688 0.43593606 0.43736804 0.9808897 1.001891 1.018426 0.99545324 0.5426017
0.8933747 1.0219333 0.8832416 0.90098226 1.0176488 1.0091523 1.0313674 1.0289978 0.8937039 0.891731 1.0176488 0 1.0172604 1.018426 1.025065 1.0262426 1.0195932 1.0195932 1.0289978 1.0270288 1.0305767 1.0266355 1.0022715 1.0238891 1.032159 0.9006499 0.4731459 0.4675293 0.8907466 1.0122308
1.0118452 0.47277015 0.99281836 1.0141612 0.35002682 0.34083396 0.19304249 0.19136275 1.0034139 1.0045581 0.057876796 1.0172604 0 0.4454743 0.55110216 0.5502686 0.43772647 0.43826443 0.4723946 0.472958 0.4723946 0.43539977 0.42899403 0.4366517 0.44132015 0.9946995 1.0122308 1.030972 0.99961257 0.54177755
1.030972 0.48488855 1.01146 1.0341415 0.44819596 0.45348603 0.4418607 0.44601783 1.0246727 1.0305767 0.44565544 1.018426 0.4454743 0 0.560333 0.5597 0.038680527 0.041000552 0.4921776 0.49507448 0.4935281 0.18340309 0.39725155 0.18327539 0.40014434 1.0034139 1.0141612 1.0238891 0.99923354 0.5561231
1.0076177 0.5548647 0.9779369 0.9946995 0.5578042 0.556543 0.547981 0.5494359 0.9894442 0.9901927 0.5471509 1.025065 0.55110216 0.560333 0 0.03521389 0.55089366 0.5548647 0.56456673 0.56626695 0.56754464 0.5584356 0.53480834 0.5586462 0.5613892 0.982 1.0172604 1.025065 0.9950763 0.31239453
1.0099207 0.55675304 0.98645765 1.002652 0.56012195 0.5578042 0.5483964 0.5494359 0.9969631 0.9962078 0.54570043 1.0262426 0.5502686 0.5597 0.03521389 0 0.55089366 0.5548647 0.56456673 0.56754464 0.56733155 0.5607553 0.53828484 0.56096655 0.56626695 0.9894442 1.0207624 1.025065 1.0095364 0.3137608
1.0317632 0.48127043 1.0080011 1.0215429 0.44222128 0.4463804 0.4355785 0.4389823 1.0176488 1.025065 0.43683073 1.0195932 0.43772647 0.038680527 0.55089366 0.55089366 0 0.01607096 0.48756576 0.491022 0.48948392 0.18059887 0.39183635 0.18034446 0.39420068 1.002652 1.0157093 1.0176488 0.9946995 0.5504769
1.0293922 0.48355353 1.0157093 1.0293922 0.44475016 0.4489234 0.43647274 0.44078 1.025065 1.0317632 0.43754724 1.0195932 0.43826443 0.041000552 0.5548647 0.5548647 0.01607096 0 0.48718274 0.49082956 0.48967603 0.18250969 0.3935244 0.18225464 0.39538565 1.0049399 1.014548 1.0207624 0.9962078 0.5519366
1.0231062 0.24526776 1.0030329 1.0254573 0.47918367 0.47861555 0.47597006 0.47427428 1.0207624 1.0207624 0.46939683 1.0289978 0.4723946 0.4921776 0.56456673 0.56456673 0.48756576 0.48718274 0 0.014947977 0.015049997 0.49063718 0.47842628 0.48967603 0.4858436 1.0030329 1.0246727 1.019204 0.9939465 0.56202364
1.0262426 0.24693382 1.0072346 1.0246727 0.48013148 0.47994182 0.4761587 0.4744625 1.0219333 1.0203725 0.47051957 1.0270288 0.472958 0.49507448 0.56626695 0.56754464 0.491022 0.49082956 0.014947977 0 0.015152031 0.4917922 0.48070073 0.4915996 0.48775735 1.0037951 1.0242808 1.0188149 0.9977191 0.56350607
1.0266355 0.24637805 1.0034139 1.0227151 0.48184055 0.48127043 0.47578144 0.4746508 1.0203725 1.0207624 0.469958 1.0305767 0.4723946 0.4935281 0.56754464 0.56733155 0.48948392 0.48967603 0.015049997 0.015152031 0 0.491407 0.48070073 0.49121448 0.48641723 1.0030329 1.0238891 1.0180373 0.99885464 0.56350607
1.0413225 0.4856525 1.0049399 1.0242808 0.44420755 0.4454743 0.43236804 0.43736804 1.0188149 1.0293922 0.43379322 1.0266355 0.43539977 0.18340309 0.5584356 0.5607553 0.18059887 0.18250969 0.49063718 0.4917922 0.491407 0 0.40014434 0.0063266093 0.39980343 1.0080011 1.014548 1.0172604 1.01069 0.556333
1.000751 0.4752159 0.96190137 0.97867405 0.4452932 0.44024023 0.43325844 0.43290216 0.9738958 0.97316337 0.42881688 1.0022715 0.42899403 0.39725155 0.53480834 0.53828484 0.39183635 0.3935244 0.47842628 0.48070073 0.48070073 0.40014434 0 0.39946267 0.3947083 0.9764649 1.0011308 1.025065 0.9557965 0.5419835
1.0397208 0.48527044 1.0072346 1.0238891 0.44475016 0.44674316 0.4330803 0.43808508 1.0172604 1.0282096 0.43593606 1.0238891 0.4366517 0.18327539 0.5586462 0.56096655 0.18034446 0.18225464 0.48967603 0.4915996 0.49121448 0.0063266093 0.39946267 0 0.40014434 1.0091523 1.0122308 1.0141612 1.0083846 0.55675304
1.0137748 0.48775735 1.0122308 1.0242808 0.45257127 0.45129248 0.44114006 0.4393415 1.0203725 1.0282096 0.43736804 1.032159 0.44132015 0.40014434 0.5613892 0.56626695 0.39420068 0.39538565 0.4858436 0.48775735 0.48641723 0.39980343 0.3947083 0.40014434 0 0.9977191 1.0286036 1.033348 1.0015109 0.55402696
0.5448729 1.0060863 0.37039444 0.39133066 0.99357027 0.9764649 0.9842255 0.98832285 0.38897535 0.39048862 0.9808897 0.9006499 0.9946995 1.0034139 0.982 0.9894442 1.002652 1.0049399 1.0030329 1.0037951 1.0030329 1.0080011 0.9764649 1.0091523 0.9977191 0 0.89304566 0.9046481 0.37565646 0.97170067
0.8963424 1.0141612 0.8774201 0.8979962 1.025065 1.015322 1.0242808 1.0219333 0.89667284 0.8884545 1.001891 0.4731459 1.0122308 1.0141612 1.0172604 1.0207624 1.0157093 1.014548 1.0246727 1.0242808 1.0238891 1.014548 1.0011308 1.0122308 1.0286036 0.89304566 0 0.37615168 0.8787099 0.99658537
0.8874743 1.019204 0.87774235 0.8897634 1.0341415 1.0137748 1.0397208 1.0337447 0.8904187 0.8832416 1.018426 0.4675293 1.030972 1.0238891 1.025065 1.025065 1.0176488 1.0207624 1.019204 1.0188149 1.0180373 1.0172604 1.025065 1.0141612 1.033348 0.9046481 0.37615168 0 0.890091 1.0176488
0.556543 0.99658537 0.34605056 0.35917228 0.9920673 0.9801504 0.9924427 0.99545324 0.36030313 0.3588495 0.99545324 0.8907466 0.99961257 0.99923354 0.9950763 1.0095364 0.9946995 0.9962078 0.9939465 0.9977191 0.99885464 1.01069 0.9557965 1.0083846 1.0015109 0.37565646 0.8787099 0.890091 0 0.98794943
0.9790429 0.5561231 0.9838541 1.0083846 0.5624469 0.556333 0.54632175 0.5488121 1.014548 1.0060863 0.5426017 1.0122308 0.54177755 0.5561231 0.31239453 0.3137608 0.5504769 0.5519366 0.56202364 0.56350607 0.56350607 0.556333 0.5419835 0.55675304 0.55402696 0.97170067 0.99658537 1.0176488 0.98794943 0
