0 0.9504507 0.9349863 0.9611805 0.9433819 0.97499573 0.98757625 0.99281836 1.0080011 1.0103053 1.0087683 0.9931942 0.9655158 0.9353342 0.9391723 0.9604604 0.96334505 0.96841997 0.9746289 0.97720057 0.9590223 0.9644296 1.015322 0.96479154 1.0041765 0.9615409 0.9706055 0.9658782 0.9651536 0.9931942
0.9504507 0 0.27554917 0.5735361 0.556543 0.1759062 0.9872032 0.98869646 0.9962078 0.9816297 0.97978103 0.9950763 0.48146042 0.27713925 0.28192973 0.17275202 0.17413822 0.47672495 0.5626586 0.5582251 0.47502747 0.47653615 0.97609735 0.47597006 0.99847597 0.56647974 0.28236675 0.47333384 0.5660542 0.98645765
0.9349863 0.27554917 0 0.55089366 0.54116 0.27482754 0.98757625 0.98832285 0.97426224 0.9816297 0.9727974 0.9831119 0.47014514 0.15532963 0.15890548 0.27353033 0.27266678 0.46771583 0.53951573 0.53419656 0.46827576 0.46808907 0.9651536 0.4652944 0.982 0.5519366 0.27786312 0.46678358 0.5426017 0.9831119
0.9611805 0.5735361 0.55089366 0 0.16823317 0.5789264 1.0022715 0.9764649 0.9680563 0.99658537 0.9775687 1.0003713 0.56223524 0.5559132 0.56223524 0.5677578 0.5669055 0.5692516 0.39487758 0.38679487 0.56967896 0.57053435 0.96406794 0.56584156 0.9842255 0.35659385 0.5733213 0.56733155 0.2243438 0.98794943
0.9433819 0.556543 0.54116 0.16823317 0 0.56012195 0.99847597 0.98051995 0.9727974 0.9962078 0.98645765 0.9920673 0.5519366 0.55110216 0.556543 0.5536084 0.5542363 0.55906755 0.38445374 0.37714309 0.5597 0.5592783 0.96190137 0.5548647 0.982 0.34557483 0.56117785 0.5557034 0.21923625 0.99885464
0.97499573 0.1759062 0.27482754 0.5789264 0.56012195 0 0.99999183 1.0053219 1.0041765 0.99734104 0.98683035 1.0195932 0.48241112 0.27670524 0.28192973 0.15152594 0.15238315 0.4822209 0.55991095 0.556333 0.48146042 0.48165047 0.9920673 0.48051092 1.0095364 0.57053435 0.28748423 0.48108047 0.56477904 1.0030329
0.98757625 0.9872032 0.98757625 1.0022715 0.99847597 0.99999183 0 0.44096002 0.44276246 0.13830279 0.13530254 0.69399863 0.9946995 0.98683035 1.0011308 0.98832285 0.990942 0.99131685 0.9969631 0.98832285 0.9950763 0.99281836 0.48051092 0.9931942 0.4503804 0.99545324 0.99961257 1.0137748 1.0110749 0.20556453
0.99281836 0.98869646 0.98832285 0.9764649 0.98051995 1.0053219 0.44096002 0 0.11860229 0.43862328 0.4398806 0.6859691 0.9939465 0.9857129 1.001891 0.9969631 0.98832285 1.0030329 0.98348296 0.9764649 0.9943229 0.9939465 0.47785875 0.99658537 0.39453906 0.98645765 0.982 1.0118452 0.97426224 0.43575725
1.0080011 0.9962078 0.97426224 0.9680563 0.9727974 1.0041765 0.44276246 0.11860229 0 0.43952116 0.44168046 0.6832287 0.99131685 0.97316337 0.9857129 0.9946995 0.98645765 0.99734104 0.9779369 0.9658782 0.99131685 0.99131685 0.47729164 0.9898184 0.39032033 0.9775687 0.9779369 1.0164845 0.9626228 0.43700978
1.0103053 0.9816297 0.9816297 0.99658537 0.9962078 0.99734104 0.13830279 0.43862328 0.43952116 0 0.10238043 0.6929902 0.98794943 0.9764649 0.98907024 0.9831119 0.9853408 0.9872032 0.98496884 0.9764649 0.99281836 0.982 0.47427428 0.98496884 0.44674316 0.9727974 0.99056727 1.0087683 1.000751 0.20530151
1.0087683 0.97978103 0.9727974 0.9775687 0.98645765 0.98683035 0.13530254 0.4398806 0.44168046 0.10238043 0 0.6899731 0.9838541 0.9662408 0.97941184 0.9842255 0.982 0.98051995 0.9783054 0.9698763 0.9842255 0.97720057 0.47899425 0.97978103 0.4463804 0.97243166 0.9872032 0.99847597 0.98683035 0.20280741
0.9931942 0.9950763 0.9831119 1.0003713 0.9920673 1.0195932 0.69399863 0.6859691 0.6832287 0.6929902 0.6899731 0 0.99281836 0.98645765 0.9901927 1.005704 1.0087683 0.9943229 0.9977191 0.99545324 1.0003713 1.0034139 0.6812419 0.99885464 0.680994 1.001891 0.99545324 1.0168724 1.0137748 0.6967787
0.9655158 0.48146042 0.47014514 0.56223524 0.5519366 0.48241112 0.9946995 0.9939465 0.99131685 0.98794943 0.9838541 0.99281836 0 0.47333384 0.47483912 0.48051092 0.48108047 0.085828975 0.5666926 0.56117785 0.08347805 0.08470857 0.99923354 0.08358984 0.99923354 0.5637181 0.48279172 0.23699258 0.5546552 0.9980974
0.9353342 0.27713925 0.15532963 0.5559132 0.55110216 0.27670524 0.98683035 0.9857129 0.97316337 0.9764649 0.9662408 0.98645765 0.47333384 0 0.08504452 0.27252296 0.27108616 0.4723946 0.5554936 0.54652894 0.4723946 0.471644 0.9565121 0.46958384 0.9783054 0.5632941 0.27699456 0.47634742 0.55089366 0.9775687
0.9391723 0.28192973 0.15890548 0.56223524 0.556543 0.28192973 1.0011308 1.001891 0.9857129 0.98907024 0.97941184 0.9901927 0.47483912 0.08504452 0 0.27526045 0.27670524 0.47277015 0.5557034 0.54902 0.47370988 0.4740861 0.97243166 0.4714565 0.9894442 0.5626586 0.28120193 0.4746508 0.5546552 0.98907024
0.9604604 0.17275202 0.27353033 0.5677578 0.5536084 0.15152594 0.98832285 0.9969631 0.9946995 0.9831119 0.9842255 1.005704 0.48051092 0.27252296 0.27526045 0 0.07051326 0.4769138 0.560333 0.556543 0.47634742 0.47672495 0.9831119 0.4740861 1.0068517 0.560333 0.28192973 0.4752159 0.5578042 0.9931942
0.96334505 0.17413822 0.27266678 0.5669055 0.5542363 0.15238315 0.990942 0.98832285 0.98645765 0.9853408 0.982 1.0087683 0.48108047 0.27108616 0.27670524 0.07051326 0 0.47748062 0.5554936 0.5521454 0.4771027 0.47559288 0.98907024 0.4740861 1.0037951 0.5626586 0.28222105 0.4761587 0.560333 0.9939465
0.96841997 0.47672495 0.46771583 0.5692516 0.55906755 0.4822209 0.99131685 1.0030329 0.99734104 0.9872032 0.98051995 0.9943229 0.085828975 0.4723946 0.47277015 0.4769138 0.47748062 0 0.5656289 0.556543 0.073375024 0.073595606 1.0015109 0.07403698 0.9920673 0.5707484 0.48146042 0.2436054 0.5592783 0.9943229
0.9746289 0.5626586 0.53951573 0.39487758 0.38445374 0.55991095 0.9969631 0.98348296 0.9779369 0.98496884 0.9783054 0.9977191 0.5666926 0.5554936 0.5557034 0.560333 0.5554936 0.5656289 0 0.054643106 0.5698927 0.5713908 0.9801504 0.5656289 0.99545324 0.3911622 0.5624469 0.5692516 0.38311923 1.0060863
0.97720057 0.5582251 0.53419656 0.38679487 0.37714309 0.556333 0.98832285 0.9764649 0.9658782 0.9764649 0.9698763 0.99545324 0.56117785 0.54652894 0.54902 0.556543 0.5521454 0.556543 0.054643106 0 0.5630822 0.56393015 0.9658782 0.5597 0.99131685 0.38612524 0.5557034 0.5626586 0.37615168 0.9924427
0.9590223 0.47502747 0.46827576 0.56967896 0.5597 0.48146042 0.9950763 0.9943229 0.99131685 0.99281836 0.9842255 1.0003713 0.08347805 0.4723946 0.47370988 0.47634742 0.4771027 0.073375024 0.5698927 0.5630822 0 0.04555597 1.0064689 0.045343477 1.0037951 0.56839764 0.48070073 0.24180867 0.5584356 0.9898184
0.9644296 0.47653615 0.46808907 0.57053435 0.5592783 0.48165047 0.99281836 0.9939465 0.99131685 0.982 0.97720057 1.0034139 0.08470857 0.471644 0.4740861 0.47672495 0.47559288 0.073595606 0.5713908 0.56393015 0.04555597 0 1.0011308 0.0375232 0.9962078 0.57461107 0.48165047 0.24236105 0.56223524 0.98683035
1.015322 0.97609735 0.9651536 0.96406794 0.96190137 0.9920673 0.48051092 0.47785875 0.47729164 0.47427428 0.47899425 0.6812419 0.99923354 0.9565121 0.97243166 0.9831119 0.98907024 1.0015109 0.9801504 0.9658782 1.0064689 1.0011308 0 1.002652 0.4856525 0.9669665 0.9768326 1.0164845 0.9680563 0.47842628
0.96479154 0.47597006 0.4652944 0.56584156 0.5548647 0.48051092 0.9931942 0.99658537 0.9898184 0.98496884 0.97978103 0.99885464 0.08358984 0.46958384 0.4714565 0.4740861 0.4740861 0.07403698 0.5656289 0.5597 0.045343477 0.0375232 1.002652 0 0.9924427 0.56754464 0.48032117 0.24139464 0.5575939 0.9853408
1.0041765 0.99847597 0.982 0.9842255 0.982 1.0095364 0.4503804 0.39453906 0.39032033 0.44674316 0.4463804 0.680994 0.99923354 0.9783054 0.9894442 1.0068517 1.0037951 0.9920673 0.99545324 0.99131685 1.0037951 0.9962078 0.4856525 0.9924427 0 0.99545324 0.97720057 1.01069 0.99847597 0.44384602
0.9615409 0.56647974 0.5519366 0.35659385 0.34557483 0.57053435 0.99545324 0.98645765 0.9775687 0.9727974 0.97243166 1.001891 0.5637181 0.5632941 0.5626586 0.560333 0.5626586 0.5707484 0.3911622 0.38612524 0.56839764 0.57461107 0.9669665 0.56754464 0.99545324 0 0.57762915 0.5666926 0.34162202 0.99131685
0.9706055 0.28236675 0.27786312 0.5733213 0.56117785 0.28748423 0.99961257 0.982 0.9779369 0.99056727 0.9872032 0.99545324 0.48279172 0.27699456 0.28120193 0.28192973 0.28222105 0.48146042 0.5624469 0.5557034 0.48070073 0.48165047 0.9768326 0.48032117 0.97720057 0.57762915 0 0.4837441 0.5669055 0.9808897
0.9658782 0.47333384 0.46678358 0.56733155 0.5557034 0.48108047 1.0137748 1.0118452 1.0164845 1.0087683 0.99847597 1.0168724 0.23699258 0.47634742 0.4746508 0.4752159 0.4761587 0.2436054 0.5692516 0.5626586 0.24180867 0.24236105 1.0164845 0.24139464 1.01069 0.5666926 0.4837441 0 0.5584356 1.0099207
0.9651536 0.5660542 0.5426017 0.2243438 0.21923625 0.56477904 1.0110749 0.97426224 0.9626228 1.000751 0.98683035 1.0137748 0.5546552 0.55089366 0.5546552 0.5578042 0.560333 0.5592783 0.38311923 0.37615168 0.5584356 0.56223524 0.9680563 0.5575939 0.99847597 0.34162202 0.5669055 0.5584356 0 0.9977191
0.9931942 0.98645765 0.9831119 0.98794943 0.99885464 1.0030329 0.20556453 0.43575725 0.43700978 0.20530151 0.20280741 0.6967787 0.9980974 0.9775687 0.98907024 0.9931942 0.9939465 0.9943229 1.0060863 0.9924427 0.9898184 0.98683035 0.47842628 0.9853408 0.44384602 0.99131685 0.9808897 1.0099207 0.9977191 0
