0 0.982 0.84125715 0.8345334 0.9680563 0.7251619 0.73149997 0.7473126 0.7267414 0.9036466 0.9687838 0.9266836 0.9651536 0.7473126 0.74433905 0.9100125 0.9086678 0.9746289 0.96841997 0.9655158 0.9644296 0.9842255 0.95615417 0.9845971 0.9706055 0.88682157 0.76485085 0.7554826 0.75603044 0.83331734
0.982 0 1.0262426 0.98869646 0.25391582 0.9673296 0.9644296 0.9894442 1.001891 0.99357027 0.25602314 0.99885464 0.4095806 0.9709704 0.9604604 1.0034139 1.0041765 0.417914 0.25475803 0.2548985 0.25419644 0.41826323 1.0203725 0.41913706 1.0037951 1.000751 1.0053219 1.0141612 0.9790429 0.9931942
0.84125715 1.0262426 0 0.25027704 1.0003713 0.84125715 0.8508351 0.8611671 0.8649598 0.88943595 1.0068517 0.9658782 1.0015109 0.8542633 0.85207987 0.88943595 0.8887815 1.0030329 1.0053219 1.005704 1.0122308 1.015322 0.96298385 1.0164845 0.9687838 0.90031767 0.8523914 0.8542633 0.86274505 0.32555276
0.8345334 0.98869646 0.25027704 0 0.95472425 0.8191745 0.81590265 0.83483773 0.84217876 0.8881276 0.9637064 0.94373375 0.9695119 0.83240664 0.82395923 0.88910866 0.8897634 0.9695119 0.95866317 0.96334505 0.9691478 0.97978103 0.94232726 0.9808897 0.953297 0.8835664 0.83941746 0.8257614 0.83149695 0.3137608
0.9680563 0.25391582 1.0003713 0.95472425 0 0.9476152 0.95294064 0.9808897 0.98832285 0.9669665 0.24056728 0.98645765 0.4049334 0.9637064 0.9557965 0.97316337 0.97867405 0.41966185 0.23919038 0.23864032 0.23850287 0.42106307 1.0137748 0.42264256 1.0091523 0.9939465 0.9816297 0.99847597 0.9666036 0.97206604
0.7251619 0.9673296 0.84125715 0.8191745 0.9476152 0 0.22218902 0.7085177 0.7149754 0.8897634 0.95151687 0.9353342 0.9698763 0.37483186 0.37483186 0.9133848 0.90900373 0.9939465 0.9590223 0.96010065 0.95866317 0.99281836 0.96190137 0.99545324 0.94549555 0.8914027 0.7259512 0.732296 0.69779223 0.8266641
0.73149997 0.9644296 0.8508351 0.81590265 0.95294064 0.22218902 0 0.72463614 0.7254249 0.910349 0.9476152 0.929441 0.94127417 0.39065698 0.3872975 0.91915274 0.9096761 0.9626228 0.9479691 0.95794547 0.95615417 0.9662408 0.9655158 0.9687838 0.95294064 0.8897634 0.72332335 0.73149997 0.7141975 0.82606214
0.7473126 0.9894442 0.8611671 0.83483773 0.9808897 0.7085177 0.72463614 0 0.21789792 0.8842163 0.97867405 0.95472425 0.98869646 0.7175742 0.7193987 0.8874743 0.87613255 0.990942 0.98832285 0.9860852 0.9857129 1.001891 0.9465546 1.0083846 0.9493862 0.89865875 0.73923063 0.75165886 0.3267886 0.82998335
0.7267414 1.001891 0.8649598 0.84217876 0.98832285 0.7149754 0.7254249 0.21789792 0 0.8832416 0.99847597 0.9518725 1.0037951 0.70954716 0.71006244 0.8897634 0.88291705 1.0030329 0.9946995 0.9962078 1.000751 1.015322 0.9543672 1.0211525 0.94903165 0.9046481 0.7341567 0.7386949 0.33299854 0.84156424
0.9036466 0.99357027 0.88943595 0.8881276 0.9669665 0.8897634 0.910349 0.8842163 0.8832416 0 0.99658537 0.97499573 0.9943229 0.8923881 0.8851922 0.16698276 0.1691097 0.9946995 0.98496884 0.9969631 0.99281836 0.99734104 0.9266836 0.99734104 0.94267863 0.35836557 0.8923881 0.8897634 0.8835664 0.8803252
0.9687838 0.25602314 1.0068517 0.9637064 0.24056728 0.95151687 0.9476152 0.97867405 0.99847597 0.99658537 0 1.0099207 0.41425672 0.9651536 0.96226203 1.0099207 1.0095364 0.42757794 0.1577939 0.15582183 0.15668398 0.42757794 1.0231062 0.4293485 1.0231062 1.0122308 0.98645765 0.99734104 0.9753628 0.9698763
0.9266836 0.99885464 0.9658782 0.94373375 0.98645765 0.9353342 0.929441 0.95472425 0.9518725 0.97499573 1.0099207 0 0.9783054 0.9476152 0.9472615 0.9666036 0.9658782 0.99734104 0.9920673 0.9980974 0.9969631 1.0045581 0.71992075 1.002652 0.7304399 0.9611805 0.9572284 0.9644296 0.9698763 0.9301319
0.9651536 0.4095806 1.0015109 0.9695119 0.4049334 0.9698763 0.94127417 0.98869646 1.0037951 0.9943229 0.41425672 0.9783054 0 0.9637064 0.9568702 0.9962078 0.9977191 0.12649153 0.41234812 0.40992597 0.40923536 0.13017003 0.98683035 0.13040799 0.9939465 1.0045581 0.9860852 0.97941184 0.97867405 0.97243166
0.7473126 0.9709704 0.8542633 0.83240664 0.9637064 0.37483186 0.39065698 0.7175742 0.70954716 0.8923881 0.9651536 0.9476152 0.9637064 0 0.06875759 0.90231323 0.8943626 0.97316337 0.9669665 0.9608204 0.9611805 0.97867405 0.95294064 0.9816297 0.96010065 0.8897634 0.7291169 0.7419149 0.7251619 0.84033674
0.74433905 0.9604604 0.85207987 0.82395923 0.9557965 0.37483186 0.3872975 0.7193987 0.71006244 0.8851922 0.96226203 0.9472615 0.9568702 0.06875759 0 0.8933747 0.88780093 0.9687838 0.95794547 0.95472425 0.9565121 0.97316337 0.9483231 0.97609735 0.9504507 0.8864954 0.7317652 0.74030316 0.7254249 0.8275679
0.9100125 1.0034139 0.88943595 0.88910866 0.97316337 0.9133848 0.91915274 0.8874743 0.8897634 0.16698276 1.0099207 0.9666036 0.9962078 0.90231323 0.8933747 0 0.06613177 0.9946995 0.99169195 1.0053219 1.0011308 0.99658537 0.9370764 0.9977191 0.95080596 0.3643559 0.8923881 0.8963424 0.8881276 0.8790327
0.9086678 1.0041765 0.8887815 0.8897634 0.97867405 0.90900373 0.9096761 0.87613255 0.88291705 0.1691097 1.0095364 0.9658782 0.9977191 0.8943626 0.88780093 0.06613177 0 0.9962078 0.98645765 1.0022715 0.9962078 0.99923354 0.936379 0.99961257 0.9476152 0.35691568 0.88454145 0.89601207 0.8871479 0.8933747
0.9746289 0.417914 1.0030329 0.9695119 0.41966185 0.9939465 0.9626228 0.990942 1.0030329 0.9946995 0.42757794 0.99734104 0.12649153 0.97316337 0.9687838 0.9946995 0.9962078 0 0.42651764 0.4242254 0.42211568 0.04736461 0.98869646 0.047151603 0.99734104 0.99847597 0.98496884 0.99999183 0.98237044 0.97720057
0.96841997 0.25475803 1.0053219 0.95866317 0.23919038 0.9590223 0.9479691 0.98832285 0.9946995 0.98496884 0.1577939 0.9920673 0.41234812 0.9669665 0.95794547 0.99169195 0.98645765 0.42651764 0 0.045874827 0.044918668 0.42651764 1.015322 0.42740113 1.0095364 0.9946995 0.99847597 1.0068517 0.9816297 0.97867405
0.9655158 0.2548985 1.005704 0.96334505 0.23864032 0.96010065 0.95794547 0.9860852 0.9962078 0.9969631 0.15582183 0.9980974 0.40992597 0.9608204 0.95472425 1.0053219 1.0022715 0.4242254 0.045874827 0 0.020477012 0.42281827 1.0195932 0.4242254 1.0160967 0.99885464 0.99885464 1.0072346 0.97867405 0.97170067
0.9644296 0.25419644 1.0122308 0.9691478 0.23850287 0.95866317 0.95615417 0.9857129 1.000751 0.99281836 0.15668398 0.9969631 0.40923536 0.9611805 0.9565121 1.0011308 0.9962078 0.42211568 0.044918668 0.020477012 0 0.42141378 1.0242808 0.4224669 1.0203725 0.9920673 0.99885464 1.0099207 0.9831119 0.9775687
0.9842255 0.41826323 1.015322 0.97978103 0.42106307 0.99281836 0.9662408 1.001891 1.015322 0.99734104 0.42757794 1.0045581 0.13017003 0.97867405 0.97316337 0.99658537 0.99923354 0.04736461 0.42651764 0.42281827 0.42141378 0 0.99281836 0.008953229 1.0103053 0.9969631 1.0003713 1.0072346 0.98237044 0.98869646
0.95615417 1.0203725 0.96298385 0.94232726 1.0137748 0.96190137 0.9655158 0.9465546 0.9543672 0.9266836 1.0231062 0.71992075 0.98683035 0.95294064 0.9483231 0.9370764 0.936379 0.98869646 1.015322 1.0195932 1.0242808 0.99281836 0 0.9939465 0.43432835 0.9249654 0.96334505 0.95472425 0.944438 0.93812364
0.9845971 0.41913706 1.0164845 0.9808897 0.42264256 0.99545324 0.9687838 1.0083846 1.0211525 0.99734104 0.4293485 1.002652 0.13040799 0.9816297 0.97609735 0.9977191 0.99961257 0.047151603 0.42740113 0.4242254 0.4224669 0.008953229 0.9939465 0 1.0137748 0.99847597 1.000751 1.0087683 0.98645765 0.99281836
0.9706055 1.0037951 0.9687838 0.953297 1.0091523 0.94549555 0.95294064 0.9493862 0.94903165 0.94267863 1.0231062 0.7304399 0.9939465 0.96010065 0.9504507 0.95080596 0.9476152 0.99734104 1.0095364 1.0160967 1.0203725 1.0103053 0.43432835 1.0137748 0 0.94232726 0.98125964 0.9673296 0.9658782 0.9611805
0.88682157 1.000751 0.90031767 0.8835664 0.9939465 0.8914027 0.8897634 0.89865875 0.9046481 0.35836557 1.0122308 0.9611805 1.0045581 0.8897634 0.8864954 0.3643559 0.35691568 0.99847597 0.9946995 0.99885464 0.9920673 0.9969631 0.9249654 0.99847597 0.94232726 0 0.8871479 0.88226825 0.90766084 0.90031767
0.76485085 1.0053219 0.8523914 0.83941746 0.9816297 0.7259512 0.72332335 0.73923063 0.7341567 0.8923881 0.98645765 0.9572284 0.9860852 0.7291169 0.7317652 0.8923881 0.88454145 0.98496884 0.99847597 0.99885464 0.99885464 1.0003713 0.96334505 1.000751 0.98125964 0.8871479 0 0.34827465 0.7494826 0.8357514
0.7554826 1.0141612 0.8542633 0.8257614 0.99847597 0.732296 0.73149997 0.75165886 0.7386949 0.8897634 0.99734104 0.9644296 0.97941184 0.7419149 0.74030316 0.8963424 0.89601207 0.99999183 1.0068517 1.0072346 1.0099207 1.0072346 0.95472425 1.0087683 0.9673296 0.88226825 0.34827465 0 0.7502979 0.82606214
0.75603044 0.9790429 0.86274505 0.83149695 0.9666036 0.69779223 0.7141975 0.3267886 0.33299854 0.8835664 0.9753628 0.9698763 0.97867405 0.7251619 0.7254249 0.8881276 0.8871479 0.98237044 0.9816297 0.97867405 0.9831119 0.98237044 0.944438 0.98645765 0.9658782 0.90766084 0.7494826 0.7502979 0 0.8278694
0.83331734 0.9931942 0.32555276 0.3137608 0.97206604 0.8266641 0.82606214 0.82998335 0.84156424 0.8803252 0.9698763 0.9301319 0.97243166 0.84033674 0.8275679 0.8790327 0.8933747 0.97720057 0.97867405 0.97170067 0.9775687 0.98869646 0.93812364 0.99281836 0.9611805 0.90031767 0.8357514 0.82606214 0.8278694 0
