0 1.0068517 1.0064689 1.01146 0.98683035 0.9977191 0.7757428 0.78708094 0.7695792 0.7765873 0.77153486 0.4630661 0.77153486 0.7765873 0.7847996 0.9727974 0.9746289 0.7791263 0.7796917 0.7681854 0.77041674 0.9872032 0.79109013 0.98794943 0.7945437 0.98645765 0.9808897 0.9898184 0.78394586 0.782809
1.0068517 0 0.20149805 0.7845149 0.791952 0.793967 1.025065 1.0099207 1.0049399 1.0289978 1.0258498 0.99923354 1.0091523 1.0053219 0.99169195 0.60849774 0.6091733 0.99281836 0.99357027 1.0130024 1.0168724 0.43916187 1.0203725 0.4389823 1.0137748 0.28528675 0.7726547 0.7791263 0.9943229 1.001891
1.0064689 0.20149805 0 0.800626 0.79743385 0.78994244 1.0325551 1.0091523 1.002652 1.0242808 1.0305767 1.002652 1.01146 1.0041765 1.0053219 0.5975486 0.59932536 0.99885464 1.001891 1.0068517 1.0133885 0.44240162 1.0207624 0.44078 1.0195932 0.2746833 0.7842303 0.78736657 0.99885464 0.99885464
1.01146 0.7845149 0.800626 0 0.19589372 0.19149184 1.0172604 1.0003713 1.000751 1.0103053 1.0099207 0.99847597 0.9950763 0.99658537 1.0068517 0.7585007 0.7623596 1.0003713 1.0045581 1.0141612 1.0164845 0.78879654 1.0037951 0.78565425 1.0072346 0.7902292 0.26153007 0.25968993 0.9860852 0.97352946
0.98683035 0.791952 0.79743385 0.19589372 0 0.1918792 0.9958304 0.9920673 0.99658537 1.005704 0.9969631 0.98832285 1.0049399 1.0076177 1.0011308 0.7618071 0.7676286 0.99281836 0.9931942 0.98757625 0.9931942 0.782809 1.0141612 0.7802575 1.0149349 0.7847996 0.2657939 0.26636422 0.99923354 0.9808897
0.9977191 0.793967 0.78994244 0.19149184 0.1918792 0 1.0133885 1.0034139 0.9950763 1.0110749 1.0060863 0.9753628 0.9857129 0.9838541 1.0003713 0.75520885 0.7563045 0.98832285 0.990942 1.0022715 1.0076177 0.7859394 0.99131685 0.7836615 0.9980974 0.7765873 0.2577133 0.26323268 0.9790429 0.97170067
0.7757428 1.025065 1.0325551 1.0172604 0.9958304 1.0133885 0 0.42563516 0.4215892 0.33816072 0.34177974 0.7706961 0.65038735 0.64872307 0.62488186 0.99169195 0.9898184 0.6232732 0.6255724 0.17111707 0.17086585 1.0122308 0.64729947 1.0137748 0.65540254 1.0262426 1.002652 1.0199828 0.63975227 0.6348403
0.78708094 1.0099207 1.0091523 1.0003713 0.9920673 1.0034139 0.42563516 0 0.15952373 0.42036211 0.42863977 0.7757428 0.6713863 0.6684547 0.6313514 0.98794943 0.98496884 0.624192 0.6258027 0.4345068 0.43414992 1.0072346 0.6731017 1.0091523 0.68149 1.0118452 1.002652 0.99281836 0.6652917 0.6643211
0.7695792 1.0049399 1.002652 1.000751 0.99658537 0.9950763 0.4215892 0.15952373 0 0.41948688 0.42810866 0.76985824 0.6602102 0.6573219 0.63857985 0.9860852 0.9853408 0.6320479 0.6343742 0.42846268 0.42863977 0.99734104 0.6745752 0.99923354 0.68149 1.0087683 1.002652 0.9924427 0.6652917 0.66553456
0.7765873 1.0289978 1.0242808 1.0103053 1.005704 1.0110749 0.33816072 0.42036211 0.41948688 0 0.09632971 0.77489936 0.66748005 0.661417 0.63414127 0.99357027 0.9950763 0.6294973 0.6320479 0.3441494 0.34557483 1.0199828 0.67580533 1.0199828 0.6582834 1.0417235 1.0110749 1.0053219 0.64824826 0.6501494
0.77153486 1.0258498 1.0305767 1.0099207 0.9969631 1.0060863 0.34177974 0.42863977 0.42810866 0.09632971 0 0.7743376 0.6775309 0.67089695 0.64729947 1.0030329 1.0015109 0.64469653 0.6461152 0.35194293 0.35274276 1.0137748 0.67802465 1.0149349 0.6631097 1.0361294 1.015322 1.0022715 0.65972805 0.6578025
0.4630661 0.99923354 1.002652 0.99847597 0.98832285 0.9753628 0.7706961 0.7757428 0.76985824 0.77489936 0.7743376 0 0.7830931 0.7791263 0.7805406 0.9611805 0.96226203 0.7746184 0.7760242 0.77153486 0.7765873 0.98907024 0.7859394 0.99169195 0.8003352 0.99545324 0.99658537 0.98757625 0.7746184 0.77181464
0.77153486 1.0091523 1.01146 0.9950763 1.0049399 0.9857129 0.65038735 0.6713863 0.6602102 0.66748005 0.6775309 0.7830931 0 0.07403698 0.662142 0.9779369 0.98496884 0.6606927 0.66480625 0.65372705 0.65540254 1.0211525 0.35901088 1.0195932 0.3312857 1.0133885 0.99961257 1.0011308 0.31848595 0.3267886
0.7765873 1.0053219 1.0041765 0.99658537 1.0076177 0.9838541 0.64872307 0.6684547 0.6573219 0.661417 0.67089695 0.7791263 0.07403698 0 0.6532491 0.9738958 0.9775687 0.65110177 0.65564215 0.65038735 0.6520554 1.0091523 0.35611138 1.0091523 0.33113015 1.0103053 1.0015109 1.0011308 0.31680587 0.32032305
0.7847996 0.99169195 1.0053219 1.0068517 1.0011308 1.0003713 0.62488186 0.6313514 0.63857985 0.63414127 0.64729947 0.7805406 0.662142 0.6532491 0 0.98237044 0.99131685 0.06405949 0.065695025 0.6285719 0.6313514 1.0095364 0.65660155 1.0099207 0.66577744 0.98237044 0.9931942 0.99056727 0.6475366 0.6530102
0.9727974 0.60849774 0.5975486 0.7585007 0.7618071 0.75520885 0.99169195 0.98794943 0.9860852 0.99357027 1.0030329 0.9611805 0.9779369 0.9738958 0.98237044 0 0.015968801 0.97352946 0.9738958 0.9779369 0.9808897 0.6093986 0.98237044 0.60894805 0.9673296 0.6049049 0.7456892 0.75960124 0.9644296 0.98051995
0.9746289 0.6091733 0.59932536 0.7623596 0.7676286 0.7563045 0.9898184 0.98496884 0.9853408 0.9950763 1.0015109 0.96226203 0.98496884 0.9775687 0.99131685 0.015968801 0 0.98348296 0.9838541 0.9779369 0.9808897 0.6116556 0.98645765 0.6112037 0.97316337 0.60423315 0.74704176 0.7609791 0.9669665 0.9872032
0.7791263 0.99281836 0.99885464 1.0003713 0.99281836 0.98832285 0.6232732 0.624192 0.6320479 0.6294973 0.64469653 0.7746184 0.6606927 0.65110177 0.06405949 0.97352946 0.98348296 0 0.010777061 0.627186 0.6297288 1.0022715 0.6563616 1.0030329 0.6592462 0.98683035 0.98125964 0.9779369 0.64257354 0.64824826
0.7796917 0.99357027 1.001891 1.0045581 0.9931942 0.990942 0.6255724 0.6258027 0.6343742 0.6320479 0.6461152 0.7760242 0.66480625 0.65564215 0.065695025 0.9738958 0.9838541 0.010777061 0 0.62787867 0.62996036 1.0015109 0.6580429 1.0022715 0.6604514 0.9860852 0.9816297 0.9816297 0.6442242 0.64967364
0.7681854 1.0130024 1.0068517 1.0141612 0.98757625 1.0022715 0.17111707 0.4345068 0.42846268 0.3441494 0.35194293 0.77153486 0.65372705 0.65038735 0.6285719 0.9779369 0.9779369 0.627186 0.62787867 0 0.008447394 0.9962078 0.65348804 0.9969631 0.65492344 1.0168724 1.0072346 1.0037951 0.6515784 0.6475366
0.77041674 1.0168724 1.0133885 1.0164845 0.9931942 1.0076177 0.17086585 0.43414992 0.42863977 0.34557483 0.35274276 0.7765873 0.65540254 0.6520554 0.6313514 0.9808897 0.9808897 0.6297288 0.62996036 0.008447394 0 1.0011308 0.654684 1.001891 0.65540254 1.0199828 1.0099207 1.0064689 0.6532491 0.64872307
0.9872032 0.43916187 0.44240162 0.78879654 0.782809 0.7859394 1.0122308 1.0072346 0.99734104 1.0199828 1.0137748 0.98907024 1.0211525 1.0091523 1.0095364 0.6093986 0.6116556 1.0022715 1.0015109 0.9962078 1.0011308 0 1.0076177 0.008042973 1.0242808 0.43325844 0.7726547 0.78793824 0.9950763 1.0049399
0.79109013 1.0203725 1.0207624 1.0037951 1.0141612 0.99131685 0.64729947 0.6731017 0.6745752 0.67580533 0.67802465 0.7859394 0.35901088 0.35611138 0.65660155 0.98237044 0.98645765 0.6563616 0.6580429 0.65348804 0.654684 1.0076177 0 1.0126165 0.36257 1.0207624 0.9901927 1.0003713 0.34827465 0.35370368
0.98794943 0.4389823 0.44078 0.78565425 0.7802575 0.7836615 1.0137748 1.0091523 0.99923354 1.0199828 1.0149349 0.99169195 1.0195932 1.0091523 1.0099207 0.60894805 0.6112037 1.0030329 1.0022715 0.9969631 1.001891 0.008042973 1.0126165 0 1.0246727 0.43272406 0.7729349 0.78565425 0.99847597 1.0072346
0.7945437 1.0137748 1.0195932 1.0072346 1.0149349 0.9980974 0.65540254 0.68149 0.68149 0.6582834 0.6631097 0.8003352 0.3312857 0.33113015 0.66577744 0.9673296 0.97316337 0.6592462 0.6604514 0.65492344 0.65540254 1.0242808 0.36257 1.0246727 0 1.000751 1.0015109 1.0003713 0.2807656 0.28367934
0.98645765 0.28528675 0.2746833 0.7902292 0.7847996 0.7765873 1.0262426 1.0118452 1.0087683 1.0417235 1.0361294 0.99545324 1.0133885 1.0103053 0.98237044 0.6049049 0.60423315 0.98683035 0.9860852 1.0168724 1.0199828 0.43325844 1.0207624 0.43272406 1.000751 0 0.78167397 0.7890828 0.98869646 0.99169195
0.9808897 0.7726547 0.7842303 0.26153007 0.2657939 0.2577133 1.002652 1.002652 1.002652 1.0110749 1.015322 0.99658537 0.99961257 1.0015109 0.9931942 0.7456892 0.74704176 0.98125964 0.9816297 1.0072346 1.0099207 0.7726547 0.9901927 0.7729349 1.0015109 0.78167397 0 0.23466444 0.9838541 0.9753628
0.9898184 0.7791263 0.78736657 0.25968993 0.26636422 0.26323268 1.0199828 0.99281836 0.9924427 1.0053219 1.0022715 0.98757625 1.0011308 1.0011308 0.99056727 0.75960124 0.7609791 0.9779369 0.9816297 1.0037951 1.0064689 0.78793824 1.0003713 0.78565425 1.0003713 0.7890828 0.23466444 0 0.97941184 0.97941184
0.78394586 0.9943229 0.99885464 0.9860852 0.99923354 0.9790429 0.63975227 0.6652917 0.6652917 0.64824826 0.65972805 0.7746184 0.31848595 0.31680587 0.6475366 0.9644296 0.9669665 0.64257354 0.6442242 0.6515784 0.6532491 0.9950763 0.34827465 0.99847597 0.2807656 0.98869646 0.9838541 0.97941184 0 0.2256937
0.782809 1.001891 0.99885464 0.97352946 0.9808897 0.97170067 0.6348403 0.6643211 0.66553456 0.6501494 0.6578025 0.77181464 0.3267886 0.32032305 0.6530102 0.98051995 0.9872032 0.64824826 0.64967364 0.6475366 0.64872307 1.0049399 0.35370368 1.0072346 0.28367934 0.99169195 0.9753628 0.97941184 0.2256937 0
