0 0.97978103 0.9790429 0.97867405 0.96841997 0.9783054 0.98348296 0.9691478 0.9698763 0.99056727 0.98237044 0.9920673 0.9801504 0.97573 0.9775687 0.98645765 0.99923354 0.99357027 0.96010065 0.959741 0.97573 0.97609735 0.9753628 0.97978103 0.97170067 0.9651536 0.97609735 0.9801504 0.9706055 0.96406794
0.97978103 0 0.31604344 0.31209126 0.74921095 0.15422334 0.79512084 0.7779968 0.75520885 0.31057674 0.31209126 0.70903224 0.7579511 0.75822586 0.15717708 0.15656075 0.335497 0.33237523 0.335497 0.33299854 0.33159682 0.3312857 0.7779968 0.3306638 0.7640195 0.2967846 0.75822586 0.31925085 0.32617044 0.308009
0.9790429 0.31604344 0 0.13854334 0.7574018 0.3122429 0.7822413 0.76485085 0.7640195 0.31528178 0.31741637 0.7254249 0.7640195 0.76512814 0.3189448 0.31925085 0.3297319 0.32632494 0.33674935 0.3339345 0.33941755 0.33894598 0.77489936 0.33957478 0.7673504 0.31711105 0.77489936 0.22623433 0.33113015 0.19110468
0.97867405 0.31209126 0.13854334 0 0.7590508 0.31148508 0.78650993 0.7676286 0.7667942 0.31012297 0.3133051 0.7139384 0.76346576 0.76485085 0.31406474 0.3119397 0.3312857 0.32663402 0.3305084 0.3288012 0.33362237 0.3333104 0.77546155 0.332531 0.76346576 0.31087938 0.7701374 0.22097966 0.32354885 0.18634602
0.96841997 0.74921095 0.7574018 0.7590508 0 0.750842 0.3501863 0.3487521 0.13350815 0.74541897 0.7397667 0.75712734 0.12874396 0.13005109 0.761531 0.7522039 0.76651627 0.7618071 0.7543881 0.750842 0.7557565 0.75520885 0.48355353 0.7557565 0.34747958 0.75712734 0.2749718 0.75712734 0.7631891 0.75767636
0.9783054 0.15422334 0.3122429 0.31148508 0.750842 0 0.78650993 0.7659607 0.75520885 0.31072804 0.30966946 0.7067194 0.7519313 0.750842 0.11172312 0.10975263 0.33175245 0.32725257 0.33690602 0.3339345 0.33190808 0.33113015 0.7723746 0.33144122 0.7601521 0.29871818 0.76042765 0.3117881 0.3270979 0.3048492
0.98348296 0.79512084 0.7822413 0.78650993 0.3501863 0.78650993 0 0.090553045 0.35917228 0.77884376 0.7723746 0.7676286 0.35562924 0.35178307 0.7890828 0.7853693 0.79830307 0.7882242 0.7867954 0.7882242 0.7905161 0.7896558 0.48929188 0.790803 0.35274276 0.790803 0.35338324 0.79512084 0.7896558 0.78650993
0.9691478 0.7779968 0.76485085 0.7676286 0.3487521 0.7659607 0.090553045 0 0.35659385 0.7585007 0.7522039 0.7656831 0.35370368 0.34970793 0.7734957 0.7673504 0.7936788 0.7779968 0.7737762 0.7734957 0.7706961 0.76790696 0.49082956 0.7712552 0.3487521 0.77209455 0.3465266 0.7763057 0.7676286 0.7706961
0.9698763 0.75520885 0.7640195 0.7667942 0.13350815 0.75520885 0.35917228 0.35659385 0 0.75384146 0.74677104 0.76346576 0.085941106 0.087625116 0.77041674 0.7601521 0.76985824 0.762636 0.75960124 0.7563045 0.76512814 0.76457363 0.4841254 0.7676286 0.35611138 0.75822586 0.28397134 0.76429653 0.77209455 0.7631891
0.99056727 0.31057674 0.31528178 0.31012297 0.74541897 0.31072804 0.77884376 0.7585007 0.75384146 0 0.07326475 0.7222747 0.74921095 0.75411475 0.3119397 0.31284967 0.33004242 0.3281814 0.33190808 0.32895625 0.32756203 0.3267886 0.7802575 0.32663402 0.7629125 0.31512955 0.76346576 0.31741637 0.3274073 0.31072804
0.98237044 0.31209126 0.31741637 0.3133051 0.7397667 0.30966946 0.7723746 0.7522039 0.74677104 0.07326475 0 0.71887696 0.74030316 0.7413773 0.3122429 0.31391275 0.33113015 0.32787165 0.33299854 0.3297319 0.32787165 0.32787165 0.7723746 0.32771683 0.7524766 0.31543407 0.7585007 0.3172637 0.32508987 0.31284967
0.9920673 0.70903224 0.7254249 0.7139384 0.75712734 0.7067194 0.7676286 0.7656831 0.76346576 0.7222747 0.71887696 0 0.76374257 0.7631891 0.71627367 0.7165336 0.70903224 0.7087749 0.70415795 0.70903224 0.7175742 0.7170537 0.7673504 0.7167936 0.7706961 0.7175742 0.75493515 0.7259512 0.7193987 0.72122765
0.9801504 0.7579511 0.7640195 0.76346576 0.12874396 0.7519313 0.35562924 0.35370368 0.085941106 0.74921095 0.74030316 0.76374257 0 0.07458906 0.77405685 0.76346576 0.7709756 0.76512814 0.75411475 0.7532952 0.76457363 0.7631891 0.48756576 0.76623845 0.354345 0.761255 0.27627152 0.76790696 0.7676286 0.75712734
0.97573 0.75822586 0.76512814 0.76485085 0.13005109 0.750842 0.35178307 0.34970793 0.087625116 0.75411475 0.7413773 0.7631891 0.07458906 0 0.7687426 0.7590508 0.776869 0.7701374 0.7585007 0.7574018 0.76457363 0.7631891 0.4843161 0.76512814 0.35274276 0.76485085 0.27771828 0.7618071 0.7737762 0.761255
0.9775687 0.15717708 0.3189448 0.31406474 0.761531 0.11172312 0.7890828 0.7734957 0.77041674 0.3119397 0.3122429 0.71627367 0.77405685 0.7687426 0 0.06580418 0.33299854 0.33004242 0.33988938 0.33800378 0.33690602 0.33690602 0.78879654 0.33627945 0.7593259 0.30050746 0.76846397 0.3181802 0.33190808 0.31087938
0.98645765 0.15656075 0.31925085 0.3119397 0.7522039 0.10975263 0.7853693 0.7673504 0.7601521 0.31284967 0.31391275 0.7165336 0.76346576 0.7590508 0.06580418 0 0.332531 0.3306638 0.33816072 0.33627945 0.33894598 0.33863178 0.77489936 0.33816072 0.7590508 0.3009554 0.76429653 0.3172637 0.33237523 0.31254622
0.99923354 0.335497 0.3297319 0.3312857 0.76651627 0.33175245 0.79830307 0.7936788 0.76985824 0.33004242 0.33113015 0.70903224 0.7709756 0.776869 0.33299854 0.332531 0 0.06831931 0.33518422 0.3339345 0.32047635 0.3206297 0.7885103 0.32032305 0.776869 0.33144122 0.7791263 0.33800378 0.32601598 0.32957673
0.99357027 0.33237523 0.32632494 0.32663402 0.7618071 0.32725257 0.7882242 0.7779968 0.762636 0.3281814 0.32787165 0.7087749 0.76512814 0.7701374 0.33004242 0.3306638 0.06831931 0 0.32988715 0.3291113 0.31573868 0.31528178 0.7836615 0.31573868 0.7673504 0.3305084 0.77209455 0.33144122 0.3226258 0.32539845
0.96010065 0.335497 0.33674935 0.3305084 0.7543881 0.33690602 0.7867954 0.7737762 0.75960124 0.33190808 0.33299854 0.70415795 0.75411475 0.7585007 0.33988938 0.33816072 0.33518422 0.32988715 0 0.018937076 0.28777772 0.28865886 0.7893693 0.28836504 0.7629125 0.3353406 0.7667942 0.34241092 0.28455567 0.33455908
0.959741 0.33299854 0.3339345 0.3288012 0.750842 0.3339345 0.7882242 0.7734957 0.7563045 0.32895625 0.3297319 0.70903224 0.7532952 0.7574018 0.33800378 0.33627945 0.3339345 0.3291113 0.018937076 0 0.28543305 0.28631145 0.78650993 0.28601852 0.7620833 0.3333104 0.76512814 0.33847472 0.28338745 0.33206376
0.97573 0.33159682 0.33941755 0.33362237 0.7557565 0.33190808 0.7905161 0.7706961 0.76512814 0.32756203 0.32787165 0.7175742 0.76457363 0.76457363 0.33690602 0.33894598 0.32047635 0.31573868 0.28777772 0.28543305 0 0.01047278 0.7916646 0.009459403 0.7693002 0.32942155 0.77041674 0.3372195 0.20084423 0.33237523
0.97609735 0.3312857 0.33894598 0.3333104 0.75520885 0.33113015 0.7896558 0.76790696 0.76457363 0.3267886 0.32787165 0.7170537 0.7631891 0.7631891 0.33690602 0.33863178 0.3206297 0.31528178 0.28865886 0.28631145 0.01047278 0 0.79252714 0.0063266093 0.7673504 0.32957673 0.7693002 0.33878887 0.20097494 0.33190808
0.9753628 0.7779968 0.77489936 0.77546155 0.48355353 0.7723746 0.48929188 0.49082956 0.4841254 0.7802575 0.7723746 0.7673504 0.48756576 0.4843161 0.78879654 0.77489936 0.7885103 0.7836615 0.7893693 0.78650993 0.7916646 0.79252714 0 0.79425526 0.49044484 0.7813905 0.4837441 0.77489936 0.7893693 0.7751804
0.97978103 0.3306638 0.33957478 0.332531 0.7557565 0.33144122 0.790803 0.7712552 0.7676286 0.32663402 0.32771683 0.7167936 0.76623845 0.76512814 0.33627945 0.33816072 0.32032305 0.31573868 0.28836504 0.28601852 0.009459403 0.0063266093 0.79425526 0 0.7673504 0.33004242 0.76985824 0.33831772 0.20045221 0.332531
0.97170067 0.7640195 0.7673504 0.76346576 0.34747958 0.7601521 0.35274276 0.3487521 0.35611138 0.7629125 0.7524766 0.7706961 0.354345 0.35274276 0.7593259 0.7590508 0.776869 0.7673504 0.7629125 0.7620833 0.7693002 0.7673504 0.49044484 0.7673504 0 0.7709756 0.34684414 0.76346576 0.7667942 0.76346576
0.9651536 0.2967846 0.31711105 0.31087938 0.75712734 0.29871818 0.790803 0.77209455 0.75822586 0.31512955 0.31543407 0.7175742 0.761255 0.76485085 0.30050746 0.3009554 0.33144122 0.3305084 0.3353406 0.3333104 0.32942155 0.32957673 0.7813905 0.33004242 0.7709756 0 0.7640195 0.3137608 0.3358099 0.3122429
0.97609735 0.75822586 0.77489936 0.7701374 0.2749718 0.76042765 0.35338324 0.3465266 0.28397134 0.76346576 0.7585007 0.75493515 0.27627152 0.27771828 0.76846397 0.76429653 0.7791263 0.77209455 0.7667942 0.76512814 0.77041674 0.7693002 0.4837441 0.76985824 0.34684414 0.7640195 0 0.76985824 0.7667942 0.76429653
0.9801504 0.31925085 0.22623433 0.22097966 0.75712734 0.3117881 0.79512084 0.7763057 0.76429653 0.31741637 0.3172637 0.7259512 0.76790696 0.7618071 0.3181802 0.3172637 0.33800378 0.33144122 0.34241092 0.33847472 0.3372195 0.33878887 0.77489936 0.33831772 0.76346576 0.3137608 0.76985824 0 0.33471534 0.22299634
0.9706055 0.32617044 0.33113015 0.32354885 0.7631891 0.3270979 0.7896558 0.7676286 0.77209455 0.3274073 0.32508987 0.7193987 0.7676286 0.7737762 0.33190808 0.33237523 0.32601598 0.3226258 0.28455567 0.28338745 0.20084423 0.20097494 0.7893693 0.20045221 0.7667942 0.3358099 0.7667942 0.33471534 0 0.33004242
0.96406794 0.308009 0.19110468 0.18634602 0.75767636 0.3048492 0.78650993 0.7706961 0.7631891 0.31072804 0.31284967 0.72122765 0.75712734 0.761255 0.31087938 0.31254622 0.32957673 0.32539845 0.33455908 0.33206376 0.33237523 0.33190808 0.7751804 0.332531 0.76346576 0.3122429 0.76429653 0.22299634 0.33004242 0
