0 0.54611456 0.6082727 0.6093986 0.6082727 0.6198375 1.0099207 1.0064689 0.99545324 0.99885464 0.6078228 0.59004414 0.6109778 0.6123341 0.61256033 0.6060258 0.6075979 0.6040094 0.6060258 0.59312516 0.59312516 1.0317632 0.5955548 1.030972 0.6180116 0.60669917 0.6071484 0.60535306 0.54425275 0.5483964
0.54611456 0 0.5778452 0.5871945 0.5907033 0.5915831 0.9655158 0.9713354 0.97024083 0.96226203 0.5847917 0.57719725 0.585228 0.585228 0.5911431 0.58065945 0.5847917 0.5789264 0.5839199 0.58785117 0.58413774 0.98907024 0.5756876 0.9872032 0.58807015 0.58413774 0.5793593 0.58588296 0.13542233 0.13554212
0.6082727 0.5778452 0 0.0983792 0.30289978 0.3122429 0.98832285 0.98683035 1.014548 0.99999183 0.2942636 0.5454935 0.55381763 0.29248914 0.2979739 0.55006033 0.5550743 0.09894951 0.098037235 0.5413658 0.5423956 1.0072346 0.2988671 1.0080011 0.30245066 0.29441166 0.29234147 0.15606806 0.5800091 0.5845737
0.6093986 0.5871945 0.0983792 0 0.30364898 0.31118217 0.9872032 0.98907024 1.0126165 1.005704 0.2938196 0.5494359 0.5550743 0.29633912 0.29946318 0.5477734 0.5531901 0.0942858 0.09190826 0.5421895 0.5428079 0.99357027 0.29693317 0.9939465 0.30364898 0.29648757 0.294856 0.15128121 0.5907033 0.5904835
0.6082727 0.5907033 0.30289978 0.30364898 0 0.096557155 1.015322 1.0157093 1.0231062 1.0195932 0.30514956 0.54985213 0.5521454 0.30545005 0.3074061 0.55172795 0.5552839 0.30275005 0.30469906 0.5434268 0.5415716 1.0207624 0.26223904 1.0211525 0.31512955 0.3062018 0.2955972 0.29693317 0.5979924 0.5948914
0.6198375 0.5915831 0.3122429 0.31118217 0.096557155 0 1.0141612 1.0211525 1.0337447 1.0293922 0.31072804 0.5531901 0.5586462 0.31103078 0.31239453 0.5544457 0.56054413 0.31148508 0.31042543 0.5492279 0.5475659 1.0301816 0.26664954 1.0313674 0.32078305 0.31467304 0.30289978 0.30545005 0.59954774 0.5948914
1.0099207 0.9655158 0.98832285 0.9872032 1.015322 1.0141612 0 0.082472764 0.383953 0.38195345 1.0122308 0.9775687 0.98645765 1.0060863 1.0172604 0.99357027 0.982 0.99734104 0.98757625 0.9842255 0.9808897 0.7729349 0.99169195 0.77405685 0.99885464 1.0180373 1.0095364 0.99658537 0.96190137 0.9651536
1.0064689 0.9713354 0.98683035 0.98907024 1.0157093 1.0211525 0.082472764 0 0.3914992 0.39234236 1.0072346 0.98683035 1.002652 1.000751 1.0141612 1.002652 0.9946995 0.99961257 0.9901927 0.9853408 0.9872032 0.7859394 0.9898184 0.78736657 1.0030329 1.0141612 1.0037951 0.9931942 0.9764649 0.9827411
0.99545324 0.97024083 1.014548 1.0126165 1.0231062 1.0337447 0.383953 0.3914992 0 0.07503101 1.0349361 0.9808897 0.97609735 1.0353336 1.0441338 0.97978103 0.97573 1.0227151 1.0199828 0.9977191 1.0003713 0.7681854 1.0126165 0.7712552 1.0397208 1.0227151 1.0282096 1.015322 0.97024083 0.9753628
0.99885464 0.96226203 0.99999183 1.005704 1.0195932 1.0293922 0.38195345 0.39234236 0.07503101 0 1.0282096 0.9746289 0.97499573 1.0227151 1.0373245 0.9764649 0.97316337 1.0141612 1.0095364 0.98757625 0.9894442 0.762636 1.0083846 0.7656831 1.0317632 1.0141612 1.0199828 1.005704 0.9593815 0.9611805
0.6078228 0.5847917 0.2942636 0.2938196 0.30514956 0.31072804 1.0122308 1.0072346 1.0349361 1.0282096 0 0.5550743 0.55991095 0.06755295 0.07216294 0.560333 0.56541634 0.29308018 0.29352373 0.54673624 0.54673624 1.0337447 0.29530063 1.030972 0.26522398 0.17300387 0.17199698 0.29027697 0.58850837 0.5948914
0.59004414 0.57719725 0.5454935 0.5494359 0.54985213 0.5531901 0.9775687 0.98683035 0.9808897 0.9746289 0.5550743 0 0.4461991 0.5504769 0.5573836 0.44420755 0.44928738 0.53951573 0.5436332 0.26736337 0.26722056 0.99734104 0.5430141 0.99847597 0.5586462 0.5546552 0.55277205 0.54054296 0.58653843 0.5845737
0.6109778 0.585228 0.55381763 0.5550743 0.5521454 0.5586462 0.98645765 1.002652 0.97609735 0.97499573 0.55991095 0.4461991 0 0.5557034 0.5630822 0.06996417 0.073154494 0.5473584 0.55172795 0.4393415 0.44168046 1.0215429 0.5494359 1.0219333 0.560333 0.56096655 0.5550743 0.54322046 0.58982456 0.5971051
0.6123341 0.585228 0.29248914 0.29633912 0.30545005 0.31103078 1.0060863 1.000751 1.0353336 1.0227151 0.06755295 0.5504769 0.5557034 0 0.06700602 0.556543 0.5618121 0.2938196 0.2942636 0.54694355 0.5483964 1.0242808 0.29574552 1.0215429 0.26266474 0.17350781 0.16986184 0.29042426 0.585228 0.59400773
0.61256033 0.5911431 0.2979739 0.29946318 0.3074061 0.31239453 1.0172604 1.0141612 1.0441338 1.0373245 0.07216294 0.5573836 0.5630822 0.06700602 0 0.5626586 0.57053435 0.29856926 0.29946318 0.55402696 0.5548647 1.0219333 0.29856926 1.019204 0.26508155 0.17565337 0.1740121 0.2951524 0.59180313 0.5968834
0.6060258 0.58065945 0.55006033 0.5477734 0.55172795 0.5544457 0.99357027 1.002652 0.97978103 0.9764649 0.560333 0.44420755 0.06996417 0.556543 0.5626586 0 0.04216326 0.5421895 0.5448729 0.43504247 0.43952116 1.0238891 0.5438397 1.0231062 0.5542363 0.5561231 0.5529811 0.5413658 0.5832667 0.5889469
0.6075979 0.5847917 0.5550743 0.5531901 0.5552839 0.56054413 0.982 0.9946995 0.97573 0.97316337 0.56541634 0.44928738 0.073154494 0.5618121 0.57053435 0.04216326 0 0.5475659 0.5504769 0.43844384 0.442582 1.0180373 0.5504769 1.0164845 0.56202364 0.5616006 0.55948913 0.5448729 0.58960503 0.59599745
0.6040094 0.5789264 0.09894951 0.0942858 0.30275005 0.31148508 0.99734104 0.99961257 1.0227151 1.0141612 0.29308018 0.53951573 0.5473584 0.2938196 0.29856926 0.5421895 0.5475659 0 0.04026158 0.5337889 0.5337889 1.0122308 0.30020893 1.0130024 0.30394885 0.2950042 0.29057157 0.15459192 0.5828315 0.58653843
0.6060258 0.5839199 0.098037235 0.09190826 0.30469906 0.31042543 0.98757625 0.9901927 1.0199828 1.0095364 0.29352373 0.5436332 0.55172795 0.2942636 0.29946318 0.5448729 0.5504769 0.04026158 0 0.5362379 0.53644234 1.0087683 0.29737902 1.0095364 0.302301 0.29293236 0.29071888 0.15164834 0.58697575 0.5887276
0.59312516 0.58785117 0.5413658 0.5421895 0.5434268 0.5492279 0.9842255 0.9853408 0.9977191 0.98757625 0.54673624 0.26736337 0.4393415 0.54694355 0.55402696 0.43504247 0.43844384 0.5337889 0.5362379 0 0.038049035 1.0110749 0.5376702 1.0141612 0.5559132 0.5492279 0.54902 0.53644234 0.58960503 0.58960503
0.59312516 0.58413774 0.5423956 0.5428079 0.5415716 0.5475659 0.9808897 0.9872032 1.0003713 0.9894442 0.54673624 0.26722056 0.44168046 0.5483964 0.5548647 0.43952116 0.442582 0.5337889 0.53644234 0.038049035 0 1.0045581 0.5335852 1.0072346 0.5559132 0.5488121 0.5506852 0.537875 0.5874133 0.5850098
1.0317632 0.98907024 1.0072346 0.99357027 1.0207624 1.0301816 0.7729349 0.7859394 0.7681854 0.762636 1.0337447 0.99734104 1.0215429 1.0242808 1.0219333 1.0238891 1.0180373 1.0122308 1.0087683 1.0110749 1.0045581 0 1.0037951 0.005520266 1.0227151 1.0160967 1.030972 1.0015109 0.99885464 0.99281836
0.5955548 0.5756876 0.2988671 0.29693317 0.26223904 0.26664954 0.99169195 0.9898184 1.0126165 1.0083846 0.29530063 0.5430141 0.5494359 0.29574552 0.29856926 0.5438397 0.5504769 0.30020893 0.29737902 0.5376702 0.5335852 1.0037951 0 1.0011308 0.30499938 0.29411557 0.2879245 0.28968817 0.5778452 0.57827747
1.030972 0.9872032 1.0080011 0.9939465 1.0211525 1.0313674 0.77405685 0.78736657 0.7712552 0.7656831 1.030972 0.99847597 1.0219333 1.0215429 1.019204 1.0231062 1.0164845 1.0130024 1.0095364 1.0141612 1.0072346 0.005520266 1.0011308 0 1.0231062 1.014548 1.0317632 1.002652 0.9980974 0.990942
0.6180116 0.58807015 0.30245066 0.30364898 0.31512955 0.32078305 0.99885464 1.0030329 1.0397208 1.0317632 0.26522398 0.5586462 0.560333 0.26266474 0.26508155 0.5542363 0.56202364 0.30394885 0.302301 0.5559132 0.5559132 1.0227151 0.30499938 1.0231062 0 0.25954857 0.2601142 0.302301 0.58960503 0.5926842
0.60669917 0.58413774 0.29441166 0.29648757 0.3062018 0.31467304 1.0180373 1.0141612 1.0227151 1.0141612 0.17300387 0.5546552 0.56096655 0.17350781 0.17565337 0.5561231 0.5616006 0.2950042 0.29293236 0.5492279 0.5488121 1.0160967 0.29411557 1.014548 0.25954857 0 0.1661087 0.2918986 0.58828926 0.591363
0.6071484 0.5793593 0.29234147 0.294856 0.2955972 0.30289978 1.0095364 1.0037951 1.0282096 1.0199828 0.17199698 0.55277205 0.5550743 0.16986184 0.1740121 0.5529811 0.55948913 0.29057157 0.29071888 0.54902 0.5506852 1.030972 0.2879245 1.0317632 0.2601142 0.1661087 0 0.28719085 0.5847917 0.5871945
0.60535306 0.58588296 0.15606806 0.15128121 0.29693317 0.30545005 0.99658537 0.9931942 1.015322 1.005704 0.29027697 0.54054296 0.54322046 0.29042426 0.2951524 0.5413658 0.5448729 0.15459192 0.15164834 0.53644234 0.537875 1.0015109 0.28968817 1.002652 0.302301 0.2918986 0.28719085 0 0.58697575 0.5915831
0.54425275 0.13542233 0.5800091 0.5907033 0.5979924 0.59954774 0.96190137 0.9764649 0.97024083 0.9593815 0.58850837 0.58653843 0.58982456 0.585228 0.59180313 0.5832667 0.58960503 0.5828315 0.58697575 0.58960503 0.5874133 0.99885464 0.5778452 0.9980974 0.58960503 0.58828926 0.5847917 0.58697575 0 0.1425234
0.5483964 0.13554212 0.5845737 0.5904835 0.5948914 0.5948914 0.9651536 0.9827411 0.9753628 0.9611805 0.5948914 0.5845737 0.5971051 0.59400773 0.5968834 0.5889469 0.59599745 0.58653843 0.5887276 0.58960503 0.5850098 0.99281836 0.57827747 0.990942 0.5926842 0.591363 0.5871945 0.5915831 0.1425234 0
