0 1.0238891 1.0076177 0.9920673 0.8153093 0.8014989 0.8000446 0.80851924 0.80529344 0.8041238 0.7695792 0.7734957 1.01069 0.71186876 0.7207046 0.77489936 0.77489936 1.0068517 1.0099207 0.80324787 0.80441606 0.7659607 0.76623845 0.76651627 0.72568804 1.0076177 0.76457363 0.7005865 0.7799746 0.7774327
1.0238891 0 0.26365894 0.2567269 1.0215429 1.0149349 1.0091523 1.0118452 1.0064689 1.0034139 1.0072346 1.0130024 0.46585247 1.005704 1.005704 1.0149349 1.01146 0.46659726 0.46808907 1.0329514 1.0301816 1.0076177 1.0064689 1.0072346 0.9939465 0.45019814 1.0149349 1.001891 1.0258498 1.0087683
1.0076177 0.26365894 0 0.15324135 1.0289978 1.0231062 0.9969631 1.0130024 1.0011308 1.005704 1.0087683 1.0087683 0.4746508 0.99999183 1.0049399 1.0157093 1.0060863 0.471269 0.47220686 1.0130024 1.0130024 1.01146 1.0015109 1.0087683 1.0045581 0.4575242 1.0076177 0.9924427 1.0305767 1.0118452
0.9920673 0.2567269 0.15324135 0 1.0126165 1.0203725 1.0037951 1.0188149 0.9977191 1.001891 0.9969631 1.0203725 0.4740861 0.98683035 0.9977191 1.0091523 1.0015109 0.47014514 0.4731459 1.014548 1.0157093 1.0072346 0.9898184 1.0049399 0.9801504 0.45734018 1.0118452 0.9764649 1.0219333 1.0034139
0.8153093 1.0215429 1.0289978 1.0126165 0 0.09906361 0.58785117 0.5926842 0.59599745 0.59004414 0.80705124 0.8293787 0.99658537 0.8023729 0.8153093 0.81590265 0.81679356 1.0045581 1.0110749 0.5946704 0.5979924 0.83301365 0.80441606 0.83210325 0.8224607 1.0037951 0.81294054 0.8150128 0.81234956 0.81828076
0.8014989 1.0149349 1.0231062 1.0203725 0.09906361 0 0.58239657 0.5871945 0.5871945 0.5837021 0.79917336 0.8209652 0.99357027 0.8020814 0.8102846 0.812645 0.8114639 1.0015109 1.0068517 0.5920233 0.5964403 0.8191745 0.79339075 0.8191745 0.8191745 1.0126165 0.8003352 0.8076381 0.8055861 0.81294054
0.8000446 1.0091523 0.9969631 1.0037951 0.58785117 0.58239657 0 0.09815121 0.4443884 0.44294295 0.7695792 0.8017901 0.99545324 0.8014989 0.8194727 0.7813905 0.7729349 1.01069 1.0087683 0.43772647 0.44060004 0.79656565 0.7882242 0.79656565 0.790803 1.0015109 0.7893693 0.8020814 0.7779968 0.776869
0.80851924 1.0118452 1.0130024 1.0188149 0.5926842 0.5871945 0.09815121 0 0.44855958 0.4458366 0.7751804 0.8079317 1.0099207 0.81294054 0.8272665 0.78508437 0.7791263 1.0231062 1.0242808 0.44348466 0.44511214 0.80500084 0.79888314 0.80587894 0.79917336 1.0087683 0.80705124 0.80120784 0.78736657 0.78994244
0.80529344 1.0064689 1.0011308 0.9977191 0.59599745 0.5871945 0.4443884 0.44855958 0 0.09134329 0.7743376 0.8026644 0.99961257 0.7994636 0.81234956 0.78708094 0.7822413 1.0126165 1.0087683 0.45165765 0.45421863 0.7977235 0.78994244 0.799754 0.79917336 1.0157093 0.8191745 0.78565425 0.7902292 0.79859304
0.8041238 1.0034139 1.005704 1.001891 0.59004414 0.5837021 0.44294295 0.4458366 0.09134329 0 0.7751804 0.80705124 1.0053219 0.7956984 0.80295604 0.7853693 0.78082377 1.0133885 1.0130024 0.44656178 0.4489234 0.800626 0.7893693 0.8023729 0.79425526 1.0157093 0.8188765 0.7893693 0.7847996 0.7936788
0.7695792 1.0072346 1.0087683 0.9969631 0.80705124 0.79917336 0.7695792 0.7751804 0.7743376 0.7751804 0 0.776869 1.0015109 0.77771467 0.7847996 0.080466226 0.078354016 1.005704 1.0037951 0.77405685 0.776869 0.7574018 0.6071484 0.7565787 0.78394586 1.0068517 0.7618071 0.7667942 0.34446594 0.3425688
0.7734957 1.0130024 1.0087683 1.0203725 0.8293787 0.8209652 0.8017901 0.8079317 0.8026644 0.80705124 0.776869 0 1.0060863 0.78994244 0.79598737 0.78793824 0.7893693 1.0049399 1.005704 0.8194727 0.82395923 0.66577744 0.7822413 0.66480625 0.7805406 1.0049399 0.6696748 0.77940893 0.790803 0.7882242
1.01069 0.46585247 0.4746508 0.4740861 0.99658537 0.99357027 0.99545324 1.0099207 0.99961257 1.0053219 1.0015109 1.0060863 0 1.0234975 1.0242808 1.0168724 1.0133885 0.076469176 0.074810006 1.019204 1.025065 0.99885464 1.0133885 0.99658537 0.98869646 0.47089422 0.99923354 0.9977191 1.015322 1.0091523
0.71186876 1.005704 0.99999183 0.98683035 0.8023729 0.8020814 0.8014989 0.81294054 0.7994636 0.7956984 0.77771467 0.78994244 1.0234975 0 0.07238317 0.78337723 0.7890828 1.0246727 1.0211525 0.7956984 0.7977235 0.7774327 0.7723746 0.77940893 0.61052626 0.9920673 0.7676286 0.33097467 0.7618071 0.7760242
0.7207046 1.005704 1.0049399 0.9977191 0.8153093 0.8102846 0.8194727 0.8272665 0.81234956 0.80295604 0.7847996 0.79598737 1.0242808 0.07238317 0 0.7893693 0.793967 1.025065 1.0242808 0.8111689 0.8147164 0.7928149 0.7737762 0.79483217 0.6164175 1.0011308 0.7825251 0.33800378 0.76707226 0.7779968
0.77489936 1.0149349 1.0157093 1.0091523 0.81590265 0.812645 0.7813905 0.78508437 0.78708094 0.7853693 0.080466226 0.78793824 1.0168724 0.78337723 0.7893693 0 0.06733413 1.0203725 1.0199828 0.7763057 0.7805406 0.7723746 0.61391944 0.7729349 0.7876524 1.0080011 0.77405685 0.7729349 0.35146344 0.34970793
0.77489936 1.01146 1.0060863 1.0015109 0.81679356 0.8114639 0.7729349 0.7791263 0.7822413 0.78082377 0.078354016 0.7893693 1.0133885 0.7890828 0.793967 0.06733413 0 1.0164845 1.0130024 0.7751804 0.77715075 0.76707226 0.60512894 0.76623845 0.78708094 1.0095364 0.7687426 0.7763057 0.34732068 0.34430766
1.0068517 0.46659726 0.471269 0.47014514 1.0045581 1.0015109 1.01069 1.0231062 1.0126165 1.0133885 1.005704 1.0049399 0.076469176 1.0246727 1.025065 1.0203725 1.0164845 0 0.041634534 1.0207624 1.0254573 0.9931942 1.0099207 0.990942 0.99056727 0.469958 0.9977191 0.9980974 1.0172604 1.019204
1.0099207 0.46808907 0.47220686 0.4731459 1.0110749 1.0068517 1.0087683 1.0242808 1.0087683 1.0130024 1.0037951 1.005704 0.074810006 1.0211525 1.0242808 1.0199828 1.0130024 0.041634534 0 1.0242808 1.0297868 0.99545324 1.0141612 0.99357027 0.9958304 0.46846247 1.001891 0.9977191 1.0133885 1.015322
0.80324787 1.0329514 1.0130024 1.014548 0.5946704 0.5920233 0.43772647 0.44348466 0.45165765 0.44656178 0.77405685 0.8194727 1.019204 0.7956984 0.8111689 0.7763057 0.7751804 1.0207624 1.0242808 0 0.017297955 0.806758 0.78195757 0.8094014 0.80091685 1.0091523 0.8073446 0.79540956 0.78337723 0.7882242
0.80441606 1.0301816 1.0130024 1.0157093 0.5979924 0.5964403 0.44060004 0.44511214 0.45421863 0.4489234 0.776869 0.82395923 1.025065 0.7977235 0.8147164 0.7805406 0.77715075 1.0254573 1.0297868 0.017297955 0 0.8082254 0.7842303 0.8111689 0.8041238 1.0103053 0.8094014 0.793967 0.7885103 0.7956984
0.7659607 1.0076177 1.01146 1.0072346 0.83301365 0.8191745 0.79656565 0.80500084 0.7977235 0.800626 0.7574018 0.66577744 0.99885464 0.7774327 0.7928149 0.7723746 0.76707226 0.9931942 0.99545324 0.806758 0.8082254 0 0.7522039 0.011995417 0.7706961 1.0172604 0.43826443 0.77771467 0.7763057 0.7673504
0.76623845 1.0064689 1.0015109 0.9898184 0.80441606 0.79339075 0.7882242 0.79888314 0.78994244 0.7893693 0.6071484 0.7822413 1.0133885 0.7723746 0.7737762 0.61391944 0.60512894 1.0099207 1.0141612 0.78195757 0.7842303 0.7522039 0 0.74893945 0.761255 0.98907024 0.77546155 0.7659607 0.60849774 0.6011063
0.76651627 1.0072346 1.0087683 1.0049399 0.83210325 0.8191745 0.79656565 0.80587894 0.799754 0.8023729 0.7565787 0.66480625 0.99658537 0.77940893 0.79483217 0.7729349 0.76623845 0.990942 0.99357027 0.8094014 0.8111689 0.011995417 0.74893945 0 0.7743376 1.0164845 0.4393415 0.7813905 0.7760242 0.76485085
0.72568804 0.9939465 1.0045581 0.9801504 0.8224607 0.8191745 0.790803 0.79917336 0.79917336 0.79425526 0.78394586 0.7805406 0.98869646 0.61052626 0.6164175 0.7876524 0.78708094 0.99056727 0.9958304 0.80091685 0.8041238 0.7706961 0.761255 0.7743376 0 1.0091523 0.77153486 0.5968834 0.7791263 0.79425526
1.0076177 0.45019814 0.4575242 0.45734018 1.0037951 1.0126165 1.0015109 1.0087683 1.0157093 1.0157093 1.0068517 1.0049399 0.47089422 0.9920673 1.0011308 1.0080011 1.0095364 0.469958 0.46846247 1.0091523 1.0103053 1.0172604 0.98907024 1.0164845 1.0091523 0 1.0064689 0.9898184 1.0188149 1.0133885
0.76457363 1.0149349 1.0076177 1.0118452 0.81294054 0.8003352 0.7893693 0.80705124 0.8191745 0.8188765 0.7618071 0.6696748 0.99923354 0.7676286 0.7825251 0.77405685 0.7687426 0.9977191 1.001891 0.8073446 0.8094014 0.43826443 0.77546155 0.4393415 0.77153486 1.0064689 0 0.7737762 0.7712552 0.78708094
0.7005865 1.001891 0.9924427 0.9764649 0.8150128 0.8076381 0.8020814 0.80120784 0.78565425 0.7893693 0.7667942 0.77940893 0.9977191 0.33097467 0.33800378 0.7729349 0.7763057 0.9980974 0.9977191 0.79540956 0.793967 0.77771467 0.7659607 0.7813905 0.5968834 0.9898184 0.7737762 0 0.76346576 0.7709756
0.7799746 1.0258498 1.0305767 1.0219333 0.81234956 0.8055861 0.7779968 0.78736657 0.7902292 0.7847996 0.34446594 0.790803 1.015322 0.7618071 0.76707226 0.35146344 0.34732068 1.0172604 1.0133885 0.78337723 0.7885103 0.7763057 0.60849774 0.7760242 0.7791263 1.0188149 0.7712552 0.76346576 0 0.31012297
0.7774327 1.0087683 1.0118452 1.0034139 0.81828076 0.81294054 0.776869 0.78994244 0.79859304 0.7936788 0.3425688 0.7882242 1.0091523 0.7760242 0.7779968 0.34970793 0.34430766 1.019204 1.015322 0.7882242 0.7956984 0.7673504 0.6011063 0.76485085 0.79425526 1.0133885 0.78708094 0.7709756 0.31012297 0
