0 0.5506852 0.54673624 0.9946995 0.9779369 0.5481887 0.98496884 0.98794943 0.98869646 0.9706055 0.55277205 0.9894442 0.5529811 0.97499573 0.97352946 0.99658537 1.0045581 0.5488121 0.5542363 0.9939465 0.9924427 0.5140827 0.5477734 0.51190275 0.37979326 0.385289 0.5531901 0.549644 0.55381763 0.5533992
0.5506852 0 0.41443047 1.0203725 1.0068517 0.14688952 0.99658537 1.0011308 1.0060863 1.0083846 0.14494589 1.0068517 0.14482458 1.0118452 1.0149349 0.9943229 1.0003713 0.4113091 0.41861266 1.005704 1.0011308 0.5307389 0.42917123 0.52952236 0.55006033 0.5542363 0.41966185 0.41269478 0.27945808 0.28236675
0.54673624 0.41443047 0 1.0234975 0.9946995 0.40768382 0.98125964 0.9808897 0.9946995 1.0076177 0.4106172 1.0122308 0.41165528 1.0037951 1.0122308 1.0164845 1.0203725 0.14034984 0.14433953 0.9894442 0.98869646 0.5327709 0.4242254 0.53094184 0.5582251 0.568611 0.42404935 0.41966185 0.41599607 0.41234812
0.9946995 1.0203725 1.0234975 0 0.122595415 1.0234975 0.82186216 0.8400302 0.85520095 0.6677236 1.0227151 0.66335183 1.0262426 0.66796726 0.6606927 0.6623838 0.6667499 1.0164845 1.0274222 0.83788776 0.829681 1.0286036 1.0514114 1.0246727 1.0405211 1.0393208 1.0060863 1.0164845 1.0215429 1.0122308
0.9779369 1.0068517 0.9946995 0.122595415 0 1.0034139 0.8111689 0.8224607 0.83788776 0.6643211 1.005704 0.65540254 1.0095364 0.6652917 0.6623838 0.6599691 0.6640787 0.98683035 0.99885464 0.828171 0.8236593 1.0068517 1.032159 1.0034139 1.0293922 1.0041765 0.98051995 0.99357027 1.0080011 1.0015109
0.5481887 0.14688952 0.40768382 1.0234975 1.0034139 0 0.9853408 0.9950763 0.9943229 1.0087683 0.11989186 1.0215429 0.12153634 1.0118452 1.0118452 0.99545324 1.0022715 0.4049334 0.41217485 0.9980974 0.9920673 0.54116 0.4261645 0.5399264 0.549644 0.5626586 0.41495198 0.40923536 0.27728397 0.280911
0.98496884 0.99658537 0.98125964 0.82186216 0.8111689 0.9853408 0 0.11218751 0.12224222 0.8038317 0.9962078 0.80500084 0.9977191 0.81857854 0.81294054 0.80324787 0.8020814 0.9920673 0.9924427 0.12083112 0.11848517 0.97609735 0.97609735 0.9775687 1.0083846 1.0053219 0.97243166 0.97573 0.99169195 0.9977191
0.98794943 1.0011308 0.9808897 0.8400302 0.8224607 0.9950763 0.11218751 0 0.12519057 0.81857854 1.0011308 0.80529344 1.0060863 0.8257614 0.81738806 0.8073446 0.8055861 0.9920673 0.99885464 0.12578164 0.12306659 0.9898184 0.99734104 0.98869646 1.0238891 1.018426 0.9894442 0.99281836 1.0091523 1.01069
0.98869646 1.0060863 0.9946995 0.85520095 0.83788776 0.9943229 0.12224222 0.12519057 0 0.8200693 1.0011308 0.80646485 1.0095364 0.82455945 0.8194727 0.8105793 0.80646485 1.0072346 1.0068517 0.11696423 0.11649686 0.9853408 0.99169195 0.98757625 1.0176488 1.0160967 0.98645765 0.9901927 1.015322 1.0160967
0.9706055 1.0083846 1.0076177 0.6677236 0.6643211 1.0087683 0.8038317 0.81857854 0.8200693 0 1.005704 0.45899805 1.0130024 0.10640312 0.10490646 0.4740861 0.47653615 1.0080011 1.0137748 0.8194727 0.814124 0.98125964 0.9980974 0.98051995 0.990942 1.0072346 0.9860852 1.0030329 0.9969631 1.0087683
0.55277205 0.14494589 0.4106172 1.0227151 1.005704 0.11989186 0.9962078 1.0011308 1.0011308 1.005704 0 1.0176488 0.0885248 1.0168724 1.0141612 0.99357027 0.99847597 0.40647927 0.41286817 1.0060863 1.001891 0.54116 0.4235215 0.5407486 0.5471509 0.556333 0.414083 0.41096306 0.27815285 0.2784427
0.9894442 1.0068517 1.0122308 0.66335183 0.65540254 1.0215429 0.80500084 0.80529344 0.80646485 0.45899805 1.0176488 0 1.0160967 0.4617693 0.46362254 0.33190808 0.33284268 1.0064689 1.019204 0.8041238 0.8038317 1.001891 1.0068517 0.9980974 0.9943229 0.9980974 0.98125964 1.0064689 1.0110749 1.0160967
0.5529811 0.14482458 0.41165528 1.0262426 1.0095364 0.12153634 0.9977191 1.0060863 1.0095364 1.0130024 0.0885248 1.0160967 0 1.0157093 1.0195932 1.0030329 1.015322 0.40665123 0.41252142 1.0041765 1.0030329 0.5384899 0.4254588 0.5376702 0.5488121 0.5557034 0.41373572 0.40992597 0.27815285 0.2784427
0.97499573 1.0118452 1.0037951 0.66796726 0.6652917 1.0118452 0.81857854 0.8257614 0.82455945 0.10640312 1.0168724 0.4617693 1.0157093 0 0.08504452 0.47748062 0.47823706 1.0072346 1.0122308 0.82186216 0.8194727 0.9845971 0.99923354 0.9853408 0.99923354 1.0037951 0.98869646 0.99734104 1.0041765 1.0083846
0.97352946 1.0149349 1.0122308 0.6606927 0.6623838 1.0118452 0.81294054 0.81738806 0.8194727 0.10490646 1.0141612 0.46362254 1.0195932 0.08504452 0 0.47370988 0.47653615 1.0099207 1.0215429 0.82156307 0.81590265 0.9860852 0.99847597 0.9853408 0.9924427 1.0011308 0.99056727 1.0060863 1.0095364 1.0149349
0.99658537 0.9943229 1.0164845 0.6623838 0.6599691 0.99545324 0.80324787 0.8073446 0.8105793 0.4740861 0.99357027 0.33190808 1.0030329 0.47748062 0.47370988 0 0.07260347 1.0083846 1.0137748 0.8082254 0.80851924 0.99847597 0.9857129 0.9946995 0.98832285 0.9860852 0.9801504 0.9920673 1.0037951 1.0041765
1.0045581 1.0003713 1.0203725 0.6667499 0.6640787 1.0022715 0.8020814 0.8055861 0.80646485 0.47653615 0.99847597 0.33284268 1.015322 0.47823706 0.47653615 0.07260347 0 1.0164845 1.0199828 0.8073446 0.8055861 0.99658537 0.99961257 0.99357027 0.99847597 0.9980974 0.9853408 1.000751 1.01146 1.0087683
0.5488121 0.4113091 0.14034984 1.0164845 0.98683035 0.4049334 0.9920673 0.9920673 1.0072346 1.0080011 0.40647927 1.0064689 0.40665123 1.0072346 1.0099207 1.0083846 1.0164845 0 0.04258651 1.0083846 1.0045581 0.53297436 0.42229128 0.53114486 0.5544457 0.5656289 0.41547385 0.41425672 0.41044435 0.41113606
0.5542363 0.41861266 0.14433953 1.0274222 0.99885464 0.41217485 0.9924427 0.99885464 1.0068517 1.0137748 0.41286817 1.019204 0.41252142 1.0122308 1.0215429 1.0137748 1.0199828 0.04258651 0 1.0141612 1.01069 0.5356249 0.4297031 0.5335852 0.56520385 0.5731065 0.4180886 0.4200119 0.41756493 0.4189622
0.9939465 1.005704 0.9894442 0.83788776 0.828171 0.9980974 0.12083112 0.12578164 0.11696423 0.8194727 1.0060863 0.8041238 1.0041765 0.82186216 0.82156307 0.8082254 0.8073446 1.0083846 1.0141612 0 0.04026158 0.97573 0.9950763 0.9775687 1.0137748 1.018426 0.9827411 0.9894442 1.0045581 1.0176488
0.9924427 1.0011308 0.98869646 0.829681 0.8236593 0.9920673 0.11848517 0.12306659 0.11649686 0.814124 1.001891 0.8038317 1.0030329 0.8194727 0.81590265 0.80851924 0.8055861 1.0045581 1.01069 0.04026158 0 0.9746289 0.99281836 0.9764649 1.015322 1.0157093 0.9801504 0.9831119 1.0045581 1.0137748
0.5140827 0.5307389 0.5327709 1.0286036 1.0068517 0.54116 0.97609735 0.9898184 0.9853408 0.98125964 0.54116 1.001891 0.5384899 0.9845971 0.9860852 0.99847597 0.99658537 0.53297436 0.5356249 0.97573 0.9746289 0 0.537875 0.0076387688 0.51886106 0.52427334 0.5354207 0.5407486 0.5413658 0.54116
0.5477734 0.42917123 0.4242254 1.0514114 1.032159 0.4261645 0.97609735 0.99734104 0.99169195 0.9980974 0.4235215 1.0068517 0.4254588 0.99923354 0.99847597 0.9857129 0.99961257 0.42229128 0.4297031 0.9950763 0.99281836 0.537875 0 0.5358292 0.55277205 0.5494359 0.33424672 0.3297319 0.43700978 0.4362938
0.51190275 0.52952236 0.53094184 1.0246727 1.0034139 0.5399264 0.9775687 0.98869646 0.98757625 0.98051995 0.5407486 0.9980974 0.5376702 0.9853408 0.9853408 0.9946995 0.99357027 0.53114486 0.5335852 0.9775687 0.9764649 0.0076387688 0.5358292 0 0.5156721 0.52186304 0.53256744 0.53726065 0.5397211 0.5399264
0.37979326 0.55006033 0.5582251 1.0405211 1.0293922 0.549644 1.0083846 1.0238891 1.0176488 0.990942 0.5471509 0.9943229 0.5488121 0.99923354 0.9924427 0.98832285 0.99847597 0.5544457 0.56520385 1.0137748 1.015322 0.51886106 0.55277205 0.5156721 0 0.2754048 0.5607553 0.5544457 0.5582251 0.5575939
0.385289 0.5542363 0.568611 1.0393208 1.0041765 0.5626586 1.0053219 1.018426 1.0160967 1.0072346 0.556333 0.9980974 0.5557034 1.0037951 1.0011308 0.9860852 0.9980974 0.5656289 0.5731065 1.018426 1.0157093 0.52427334 0.5494359 0.52186304 0.2754048 0 0.5607553 0.5542363 0.55906755 0.5643545
0.5531901 0.41966185 0.42404935 1.0060863 0.98051995 0.41495198 0.97243166 0.9894442 0.98645765 0.9860852 0.414083 0.98125964 0.41373572 0.98869646 0.99056727 0.9801504 0.9853408 0.41547385 0.4180886 0.9827411 0.9801504 0.5354207 0.33424672 0.53256744 0.5607553 0.5607553 0 0.16685782 0.4251062 0.42899403
0.549644 0.41269478 0.41966185 1.0164845 0.99357027 0.40923536 0.97573 0.99281836 0.9901927 1.0030329 0.41096306 1.0064689 0.40992597 0.99734104 1.0060863 0.9920673 1.000751 0.41425672 0.4200119 0.9894442 0.9831119 0.5407486 0.3297319 0.53726065 0.5544457 0.5542363 0.16685782 0 0.41966185 0.4236974
0.55381763 0.27945808 0.41599607 1.0215429 1.0080011 0.27728397 0.99169195 1.0091523 1.015322 0.9969631 0.27815285 1.0110749 0.27815285 1.0041765 1.0095364 1.0037951 1.01146 0.41044435 0.41756493 1.0045581 1.0045581 0.5413658 0.43700978 0.5397211 0.5582251 0.55906755 0.4251062 0.41966185 0 0.15520664
0.5533992 0.28236675 0.41234812 1.0122308 1.0015109 0.280911 0.9977191 1.01069 1.0160967 1.0087683 0.2784427 1.0160967 0.2784427 1.0083846 1.0149349 1.0041765 1.0087683 0.41113606 0.4189622 1.0176488 1.0137748 0.54116 0.4362938 0.5399264 0.5575939 0.5643545 0.42899403 0.4236974 0.15520664 0
