0 1.59766467683949 1.51532741473056 1.46513011236675 1.39726232364774 1.47166289878078 1.28794924239628 1.42311265319586 1.53399138594978 1.83122612745501 1.75745348143391 1.0154928129632 1.60168140265159 1.91328522120602 1.48202746128663 1.25303496769629 1.46442785277031 1.25339163094759 1.19396473257802 1.4142873568926 1.51469081500545 1.31807547481731 1.19234996219166 1.48755344422534 1.72509021521546 1.30914793815464 1.39569432707503 1.0220805183053 1.06843342306092 1.42966797272675
1.59766467683949 0 1.92735875817016 1.209896691842 1.72058445750736 1.34249759814702 1.88464636332355 1.92662056046538 1.55675321305171 1.55574628547765 1.87586836866103 1.93321702559479 1.22508589574136 1.55153677659109 1.19520919770002 1.51250777533278 1.24716832791455 1.88135691266507 1.11988591449335 1.57431061612442 1.43845264660195 1.03570366255008 1.8593974171672 1.15635550324805 1.54024241608568 1.52929216320626 1.38610341027379 0.978861353127286 1.87287772493437 1.18111784290522
1.51532741473056 1.92735875817016 0 1.17220345535316 1.33751765824854 1.45582578168251 1.79262386914343 1.64222371205688 1.37359391944483 1.47644950496033 1.56940202601254 1.64401289098896 1.56079584197141 1.3347192693036 1.71667438931763 1.25816220534034 1.80026137875393 1.49442699388601 1.59485743846744 1.8296791606117 1.14171605370939 0.948395467828959 1.69648357154801 1.11790591338649 1.77592455362901 1.57381586381234 1.37099341675639 1.92851357581094 1.80292945355177 1.21426564943977
1.46513011236675 1.209896691842 1.17220345535316 0 1.01240787096322 1.18725992529653 1.27332908683456 1.92967841564678 1.64797249506228 1.43036056146957 1.72445154190063 1.22214342979714 1.64019796159118 1.18490647594444 1.90160234295763 1.88268046104349 1.74683555681258 1.71353138145059 1.45754642109387 1.67086950782686 1.88845387776382 1.69444345193915 1.47472093766555 0.959177684038877 1.14167507598177 1.78797176131047 1.44395985780284 1.89977369247936 1.87225052691065 1.89769309246913
1.39726232364774 1.72058445750736 1.33751765824854 1.01240787096322 0 1.38858491880819 1.11082739359699 1.46504836133681 0.948691066121683 1.11660848534666 1.07924564089626 1.12624850543216 1.22499225428328 1.03904251428321 1.39466932951473 0.961710558272898 1.21484842337668 1.10994340782054 1.12443109927699 1.14109119377099 1.37412821012549 0.958971447311342 1.3599221825134 1.03514423407614 0.990467886440456 0.975340913981199 1.56071273772977 1.13988653244451 1.07395332795568 1.2309199559968
1.47166289878078 1.34249759814702 1.45582578168251 1.18725992529653 1.38858491880819 0 1.83302105194889 1.48647333565168 1.86508319480345 1.6360107336659 1.41631108056754 1.64513652841561 1.45608863397501 1.40748499240726 0.944897514302284 0.993861187482253 1.68060130323283 1.6027148575522 1.49271874665283 0.994011222617701 1.42382318410091 1.84988769190386 1.19881114875898 1.29056654288433 1.71050032437779 1.45832588896155 1.00812940346077 0.97364133503288 1.07913851062767 1.30900258407928
1.28794924239628 1.88464636332355 1.79262386914343 1.27332908683456 1.11082739359699 1.83302105194889 0 1.61744564212859 1.08384998887777 1.06970631307922 1.81310800323263 1.90884966845624 1.93068168289028 1.01211368711665 1.46796590392478 1.1193782184273 1.63266543066129 1.8510643329937 1.54073889483698 1.49599907849915 1.73620093031786 1.89069586247206 0.941986139630899 1.7883149376139 1.47454517497681 1.54496603785083 1.69267096673138 1.84146471461281 1.05141756893136 1.41582959820516
1.42311265319586 1.92662056046538 1.64222371205688 1.92967841564678 1.46504836133681 1.48647333565168 1.61744564212859 0 1.82201470341533 1.77034719474614 1.07761742151342 1.6481806570664 1.55078623024747 1.10398716293275 1.2413125957828 1.92429589200765 1.08141476940364 1.39385808957741 1.3406980780419 1.1588796635624 1.30850767414086 1.25095652928576 1.33549254294485 1.50507155316882 1.25503510818817 0.94077549665235 1.07013799995184 1.16920439805835 1.8752230394166 1.47201200737618
1.53399138594978 1.55675321305171 1.37359391944483 1.64797249506228 0.948691066121683 1.86508319480345 1.08384998887777 1.82201470341533 0 1.02709946222603 1.76021410059184 1.65397273562849 1.45177261484787 1.68423977983184 1.53044144948944 1.36500682262704 1.29166568000801 1.00255324388854 1.76399090280756 1.85005127941258 1.48291953490116 1.49648374645039 0.972308031981811 1.70936487358995 1.69169521029107 1.77760673267767 1.07451016246341 1.73758120718412 1.8146144177299 1.49941948638298
1.83122612745501 1.55574628547765 1.47644950496033 1.43036056146957 1.11660848534666 1.6360107336659 1.06970631307922 1.77034719474614 1.02709946222603 0 1.71318880678155 1.3648396814242 1.10542351868935 1.72148953843862 1.86013858951628 1.78033452969976 1.52396512031555 1.8775283691939 1.77455239836127 1.04170313081704 1.26189681352116 1.52353129442781 1.05171360634267 1.74892582697794 1.56249549728818 1.47378815757111 1.6387913422659 1.93725299928337 1.13938102941029 1.1332471317146
1.75745348143391 1.87586836866103 1.56940202601254 1.72445154190063 1.07924564089626 1.41631108056754 1.81310800323263 1.07761742151342 1.76021410059184 1.71318880678155 0 1.67098883492872 1.13037946214899 1.38080304698087 1.17493081791326 1.69399017328396 1.82087497180328 1.45560106169432 1.51742095686495 1.2481636039447 1.48019768949598 1.79922586726025 1.79656864725985 1.76430147211067 1.53782733436674 1.33661372307688 1.00183695810847 1.0422772236634 1.83556553884409 1.61624512309209
1.0154928129632 1.93321702559479 1.64401289098896 1.22214342979714 1.12624850543216 1.64513652841561 1.90884966845624 1.6481806570664 1.65397273562849 1.3648396814242 1.67098883492872 0 1.05488832225092 1.21959967445582 1.07392604602501 1.02490695822053 1.18242455739528 1.36505928146653 1.1938245606143 1.78671815060079 1.13924872828647 1.39256253303029 1.59607595973648 1.74600134114735 1.19450225448236 1.05340043990873 1.47570095467381 0.9543556724675 1.72698452486657 1.09540774533525
1.60168140265159 1.22508589574136 1.56079584197141 1.64019796159118 1.22499225428328 1.45608863397501 1.93068168289028 1.55078623024747 1.45177261484787 1.10542351868935 1.13037946214899 1.05488832225092 0 1.66365592647344 1.4872365121264 1.87945873942226 1.57393609033898 1.46573311137035 1.36770312790759 1.26811016397551 1.27774428669363 1.59480226505548 1.65523895481601 1.4743492808193 1.08011798467487 1.48191990284249 1.45671329135075 1.26608930900693 1.16006302670576 1.61386711569503
1.91328522120602 1.55153677659109 1.3347192693036 1.18490647594444 1.03904251428321 1.40748499240726 1.01211368711665 1.10398716293275 1.68423977983184 1.72148953843862 1.38080304698087 1.21959967445582 1.66365592647344 0 1.73785995878279 1.74334049690515 1.18034749757499 1.21600294020027 1.07943987497129 0.982759750680998 1.2585962174926 1.42954750312492 1.16225692653097 1.05366638419218 1.4206475247629 1.41146266786382 1.84200025280006 0.975110628409311 1.32509432197548 1.05475915758871
1.48202746128663 1.19520919770002 1.71667438931763 1.90160234295763 1.39466932951473 0.944897514302284 1.46796590392478 1.2413125957828 1.53044144948944 1.86013858951628 1.17493081791326 1.07392604602501 1.4872365121264 1.73785995878279 0 1.21298527228646 1.42032159911469 1.6052679263521 1.22105689370073 1.90927705098875 1.9030014986638 1.28385541657917 1.41440944001079 1.15692068869248 1.52431637770496 1.81268236553296 1.19256478408352 1.0245177410543 1.2377875901293 1.18974827346392
1.25303496769629 1.51250777533278 1.25816220534034 1.88268046104349 0.961710558272898 0.993861187482253 1.1193782184273 1.92429589200765 1.36500682262704 1.78033452969976 1.69399017328396 1.02490695822053 1.87945873942226 1.74334049690515 1.21298527228646 0 1.4847384088207 1.40798417129554 1.85881777643226 1.38751779031008 1.27028579753824 1.18481582729146 1.47279782406986 1.10620142472908 1.68661258858629 1.0628767083399 1.71338851260953 1.45881607034244 1.55084383417852 1.37471506791189
1.46442785277031 1.24716832791455 1.80026137875393 1.74683555681258 1.21484842337668 1.68060130323283 1.63266543066129 1.08141476940364 1.29166568000801 1.52396512031555 1.82087497180328 1.18242455739528 1.57393609033898 1.18034749757499 1.42032159911469 1.4847384088207 0 1.76639228872955 1.53778188349679 1.23124862811528 1.06689692451619 1.36847894219682 1.19214097969234 1.72716393484734 1.27370267431252 1.56072029215284 1.21531896642409 1.22257841005921 1.25087190233171 1.64525796053931
1.25339163094759 1.88135691266507 1.49442699388601 1.71353138145059 1.10994340782054 1.6027148575522 1.8510643329937 1.39385808957741 1.00255324388854 1.8775283691939 1.45560106169432 1.36505928146653 1.46573311137035 1.21600294020027 1.6052679263521 1.40798417129554 1.76639228872955 0 1.42634003865533 1.9129374474287 1.82757931225933 1.18512923852541 1.19050825759768 1.16209180746228 1.80386202363297 1.51650942349806 1.64358278852887 1.82809477881528 1.53287912718952 1.22543335636146
1.19396473257802 1.11988591449335 1.59485743846744 1.45754642109387 1.12443109927699 1.49271874665283 1.54073889483698 1.3406980780419 1.76399090280756 1.77455239836127 1.51742095686495 1.1938245606143 1.36770312790759 1.07943987497129 1.22105689370073 1.85881777643226 1.53778188349679 1.42634003865533 0 1.56690253666602 1.6381665142253 1.69291577558033 1.21635936037637 1.63521062606014 1.88885415764526 1.78903227462433 1.52535941125825 1.43113933410496 0.979461427778006 1.68427969701588
1.4142873568926 1.57431061612442 1.8296791606117 1.67086950782686 1.14109119377099 0.994011222617701 1.49599907849915 1.1588796635624 1.85005127941258 1.04170313081704 1.2481636039447 1.78671815060079 1.26811016397551 0.982759750680998 1.90927705098875 1.38751779031008 1.23124862811528 1.9129374474287 1.56690253666602 0 1.64909378485754 1.244975741487 1.10224498948082 1.27335621975362 0.99716479703784 1.65749356453307 1.17516001826152 1.24793394561857 0.986749071860686 1.93737912154756
1.51469081500545 1.43845264660195 1.14171605370939 1.88845387776382 1.37412821012549 1.42382318410091 1.73620093031786 1.30850767414086 1.48291953490116 1.26189681352116 1.48019768949598 1.13924872828647 1.27774428669363 1.2585962174926 1.9030014986638 1.27028579753824 1.06689692451619 1.82757931225933 1.6381665142253 1.64909378485754 0 1.3589171578642 1.45153899095021 1.39886051905341 1.30296374042518 1.46279016509652 1.25401256792247 1.73701222147793 1.29923050035723 1.1877505579032
1.31807547481731 1.03570366255008 0.948395467828959 1.69444345193915 0.958971447311342 1.84988769190386 1.89069586247206 1.25095652928576 1.49648374645039 1.52353129442781 1.79922586726025 1.39256253303029 1.59480226505548 1.42954750312492 1.28385541657917 1.18481582729146 1.36847894219682 1.18512923852541 1.69291577558033 1.244975741487 1.3589171578642 0 1.04970165411942 1.71556715946645 1.51442308002152 1.41787932976149 1.93982117529958 1.49933461844921 1.13190707191825 1.43311084574088
1.19234996219166 1.8593974171672 1.69648357154801 1.47472093766555 1.3599221825134 1.19881114875898 0.941986139630899 1.33549254294485 0.972308031981811 1.05171360634267 1.79656864725985 1.59607595973648 1.65523895481601 1.16225692653097 1.41440944001079 1.47279782406986 1.19214097969234 1.19050825759768 1.21635936037637 1.10224498948082 1.45153899095021 1.04970165411942 0 1.88040549424477 1.71209415630437 1.4087701854296 1.48052282677963 1.08035130565986 1.16899191006087 1.79152946849354
1.48755344422534 1.15635550324805 1.11790591338649 0.959177684038877 1.03514423407614 1.29056654288433 1.7883149376139 1.50507155316882 1.70936487358995 1.74892582697794 1.76430147211067 1.74600134114735 1.4743492808193 1.05366638419218 1.15692068869248 1.10620142472908 1.72716393484734 1.16209180746228 1.63521062606014 1.27335621975362 1.39886051905341 1.71556715946645 1.88040549424477 0 1.52361314743757 1.08890709537081 1.64702290669084 1.79564653988928 1.07105723721907 1.50783445453271
1.72509021521546 1.54024241608568 1.77592455362901 1.14167507598177 0.990467886440456 1.71050032437779 1.47454517497681 1.25503510818817 1.69169521029107 1.56249549728818 1.53782733436674 1.19450225448236 1.08011798467487 1.4206475247629 1.52431637770496 1.68661258858629 1.27370267431252 1.80386202363297 1.88885415764526 0.99716479703784 1.30296374042518 1.51442308002152 1.71209415630437 1.52361314743757 0 1.74067834578454 1.59357753768563 1.57482497952878 1.11062251846306 1.45932088769041
1.30914793815464 1.52929216320626 1.57381586381234 1.78797176131047 0.975340913981199 1.45832588896155 1.54496603785083 0.94077549665235 1.77760673267767 1.47378815757111 1.33661372307688 1.05340043990873 1.48191990284249 1.41146266786382 1.81268236553296 1.0628767083399 1.56072029215284 1.51650942349806 1.78903227462433 1.65749356453307 1.46279016509652 1.41787932976149 1.4087701854296 1.08890709537081 1.74067834578454 0 1.86126150051132 1.06854730495252 1.74549499317072 0.952512740157545
1.39569432707503 1.38610341027379 1.37099341675639 1.44395985780284 1.56071273772977 1.00812940346077 1.69267096673138 1.07013799995184 1.07451016246341 1.6387913422659 1.00183695810847 1.47570095467381 1.45671329135075 1.84200025280006 1.19256478408352 1.71338851260953 1.21531896642409 1.64358278852887 1.52535941125825 1.17516001826152 1.25401256792247 1.93982117529958 1.48052282677963 1.64702290669084 1.59357753768563 1.86126150051132 0 1.76909044687636 1.90108751202933 1.75968721974641
1.0220805183053 0.978861353127286 1.92851357581094 1.89977369247936 1.13988653244451 0.97364133503288 1.84146471461281 1.16920439805835 1.73758120718412 1.93725299928337 1.0422772236634 0.9543556724675 1.26608930900693 0.975110628409311 1.0245177410543 1.45881607034244 1.22257841005921 1.82809477881528 1.43113933410496 1.24793394561857 1.73701222147793 1.49933461844921 1.08035130565986 1.79564653988928 1.57482497952878 1.06854730495252 1.76909044687636 0 1.43293840507977 1.00415767659433
1.06843342306092 1.87287772493437 1.80292945355177 1.87225052691065 1.07395332795568 1.07913851062767 1.05141756893136 1.8752230394166 1.8146144177299 1.13938102941029 1.83556553884409 1.72698452486657 1.16006302670576 1.32509432197548 1.2377875901293 1.55084383417852 1.25087190233171 1.53287912718952 0.979461427778006 0.986749071860686 1.29923050035723 1.13190707191825 1.16899191006087 1.07105723721907 1.11062251846306 1.74549499317072 1.90108751202933 1.43293840507977 0 1.55785733601078
1.42966797272675 1.18111784290522 1.21426564943977 1.89769309246913 1.2309199559968 1.30900258407928 1.41582959820516 1.47201200737618 1.49941948638298 1.1332471317146 1.61624512309209 1.09540774533525 1.61386711569503 1.05475915758871 1.18974827346392 1.37471506791189 1.64525796053931 1.22543335636146 1.68427969701588 1.93737912154756 1.1877505579032 1.43311084574088 1.79152946849354 1.50783445453271 1.45932088769041 0.952512740157545 1.75968721974641 1.00415767659433 1.55785733601078 0
