0 1.32463825121522 1.80081391637214 1.21461362740956 1.032677001087 0.981577865546569 1.31209355429746 1.55203790240921 1.79425881383941 1.31522986898199 1.52177974465303 0.97601386369206 1.23847051151097 0.937784730922431 1.30938703380525 1.5967591337394 1.51136720506474 1.47511915350333 1.76797412778251 1.03320514131337 1.54048012662679 1.48075979342684 1.10817064670846 1.16025754786097 1.28550864639692 1.84781506890431 1.38137116376311 1.56229987274855 1.1605728790164 1.92344240774401
1.32463825121522 0 1.34334213123657 1.83195559773594 1.25043186848052 0.949117140145972 1.73482756712474 1.59661081293598 1.78891749354079 1.35317129828036 1.5653063703794 1.87947220192291 0.968969669193029 1.85108118038625 1.70411118934862 1.7433644849807 1.04819521051832 1.31217788602225 0.975827934220433 1.64997501601465 1.37398907332681 1.07728363596834 1.51503979088739 1.88786264508963 1.29714071075432 1.62682798365131 1.68468443257734 1.16983235743828 1.02747618593276 1.00098810344934
1.80081391637214 1.34334213123657 0 1.25643610139377 1.56091239443049 1.66882567619905 1.79679676587693 1.45102593698539 1.3530429371167 1.07674791757017 1.56285449652933 1.61390127544291 1.33059293893166 1.28904184163548 1.38145778188482 1.50644139060751 1.71125054359436 1.13498686696403 1.53404435422271 1.7531659908127 0.962833265541121 1.87180989701301 1.20267416792922 1.87698677438311 1.19944256800227 1.85061087924987 1.26172796520405 0.957677712664008 1.92876605922356 1.49596177437343
1.21461362740956 1.83195559773594 1.25643610139377 0 1.81411523721181 1.48938582185656 1.38063640706241 1.01134775322862 1.42327844793908 0.984730998985469 1.8922367496416 1.59747834247537 1.89767836011015 1.8420735464897 1.50941887288354 1.06247056671418 1.23408308322541 1.09379693702795 1.43647388461977 1.87797447526827 1.56199630629271 1.88684457074851 1.75283893407322 1.74116266123019 1.6241770919878 1.34888451127335 1.10408590803854 1.30704874568619 1.0925048829522 1.85647514718585
1.032677001087 1.25043186848052 1.56091239443049 1.81411523721181 0 1.24486571992747 1.66696221195161 1.09666332555935 1.78776363912039 1.39703466906212 1.4318246843759 1.07998076709919 1.50790411164053 1.36764410021715 1.93234378029592 1.20431046211161 1.02809941140004 1.88370659691282 1.60957968654111 0.968513094587252 1.35864003561437 1.29077435424551 1.21299653593451 1.26539526903071 0.976592826889828 0.996044508181512 1.39704207074828 1.36374556459486 0.945455396082252 1.57548650307581
0.981577865546569 0.949117140145972 1.66882567619905 1.48938582185656 1.24486571992747 0 1.21769245807081 1.5462881734129 1.45310287945904 1.21920855366625 1.32838560966775 1.59557892987505 1.33067197515629 1.13582586939447 1.67103852378204 1.07222259463742 1.55717112100683 0.987976667238399 1.45944939786568 1.04586982051842 1.05234929453582 1.01274555292912 1.67953493306413 1.5060595376417 1.41865818784572 1.49561464437284 1.26868459163234 1.31232930812985 1.08227952872403 1.25418056733906
1.31209355429746 1.73482756712474 1.79679676587693 1.38063640706241 1.66696221195161 1.21769245807081 0 1.18723947205581 1.51054976251908 1.04270849144086 1.53147937101312 1.33044229634106 1.38214450934902 1.47724273754284 1.37843345431611 1.86658289423212 1.22534128231928 1.5842857377138 1.60515309032053 1.13867384148762 1.71787326736376 1.16234029922634 1.89268029876985 1.80938307824545 1.30049719335511 1.68755561811849 1.4767286432907 1.46411654003896 1.28179893433116 1.90594854950905
1.55203790240921 1.59661081293598 1.45102593698539 1.01134775322862 1.09666332555935 1.5462881734129 1.18723947205581 0 1.91146941413172 1.82992389774881 1.4055597288534 1.48275036737323 1.66448226873763 1.67310747434385 1.51724743098021 1.35842673107982 1.3133178348653 1.16780878044665 1.23573998594657 1.31812431616709 1.26137439417653 1.84358484856784 1.51027020555921 1.00422982126474 1.77403054130264 1.43613078724593 1.12516854726709 1.84537059674039 1.81952449539676 1.4151197867468
1.79425881383941 1.78891749354079 1.3530429371167 1.42327844793908 1.78776363912039 1.45310287945904 1.51054976251908 1.91146941413172 0 0.997950648888946 1.43121507368051 1.54365175450221 1.69918153481558 1.15819547022693 1.22878843545914 1.49690980813466 1.16215715347789 1.79363758349791 1.90755222388543 0.959950677352026 0.96127649047412 1.64980659796856 1.31635601539165 1.84495724341832 1.29628565534949 1.75291642686352 1.25476012611762 1.31726367608644 1.03220338141546 1.45689503429458
1.31522986898199 1.35317129828036 1.07674791757017 0.984730998985469 1.39703466906212 1.21920855366625 1.04270849144086 1.82992389774881 0.997950648888946 0 1.86998456344008 1.17369090532884 1.06146159791388 1.21161558711901 1.31720774387941 1.90933582442813 1.8808773951605 1.3453598250635 1.7791407040786 1.47237984021194 1.76012886781245 1.62834422010928 1.09620801219717 1.55644293362275 1.44309344002977 1.05997923575342 1.7765245498158 1.76706361677498 1.06800370593555 1.22950345417485
1.52177974465303 1.5653063703794 1.56285449652933 1.8922367496416 1.4318246843759 1.32838560966775 1.53147937101312 1.4055597288534 1.43121507368051 1.86998456344008 0 1.70749210193753 1.92609363840893 1.46893608663231 1.73315940238535 1.09291082364507 1.66495977737941 1.91977333882824 1.37549811601639 1.83727270434611 1.7295394197572 1.08624027506448 1.64048422733322 1.07752474327572 1.18497775308788 1.39926591981202 1.9349795402959 1.69695679470897 1.44376180670224 1.83149157790467
0.97601386369206 1.87947220192291 1.61390127544291 1.59747834247537 1.07998076709919 1.59557892987505 1.33044229634106 1.48275036737323 1.54365175450221 1.17369090532884 1.70749210193753 0 1.82423791778274 1.07872767397203 1.34792180056684 1.11307408846915 1.81261153542437 1.11206179833971 1.30117259430699 1.59067520848475 1.22302466188557 1.67777263373137 1.71148770768195 1.86599661060609 1.37692433316261 1.62091936799698 1.3769817026332 1.40696409461088 1.14115928439423 1.5231736402493
1.23847051151097 0.968969669193029 1.33059293893166 1.89767836011015 1.50790411164053 1.33067197515629 1.38214450934902 1.66448226873763 1.69918153481558 1.06146159791388 1.92609363840893 1.82423791778274 0 1.01244472037069 1.3521975541953 1.69151428458281 1.05138050159439 1.82325776410289 1.39813871798106 1.55628978717141 1.50148821482435 1.61353261489421 1.3360795925837 1.59151211054996 1.15670466748998 1.92725008842535 1.91890574409626 1.12637991528027 1.82819640124217 1.01950246351771
0.937784730922431 1.85108118038625 1.28904184163548 1.8420735464897 1.36764410021715 1.13582586939447 1.47724273754284 1.67310747434385 1.15819547022693 1.21161558711901 1.46893608663231 1.07872767397203 1.01244472037069 0 1.74069798574783 1.5748751857318 1.43321107514203 1.78685530298389 1.12379480386153 0.94123222399503 1.88461100566201 1.21477899863385 1.50696068489924 1.28978794487193 1.63886641990393 1.272669659229 1.35277606290765 1.30434642429464 1.47553771501407 1.22922166576609
1.30938703380525 1.70411118934862 1.38145778188482 1.50941887288354 1.93234378029592 1.67103852378204 1.37843345431611 1.51724743098021 1.22878843545914 1.31720774387941 1.73315940238535 1.34792180056684 1.3521975541953 1.74069798574783 0 1.65021607652307 1.92319808667526 1.66237275069579 1.42260597273707 1.78752507618628 1.15294680465013 0.973630567081273 1.41552691557445 1.03007892798632 1.82224567350931 0.938838712871075 1.03284161933698 1.80840975069441 1.51679258118384 1.03786883759312
1.5967591337394 1.7433644849807 1.50644139060751 1.06247056671418 1.20431046211161 1.07222259463742 1.86658289423212 1.35842673107982 1.49690980813466 1.90933582442813 1.09291082364507 1.11307408846915 1.69151428458281 1.5748751857318 1.65021607652307 0 0.980113388737664 1.64381894702092 1.06498415907845 1.24113543867134 1.18951162905432 1.32709322310984 1.36672609811649 1.23197075654753 1.48006577580236 1.39222026453353 1.61551198060624 1.8944936147891 1.372277721297 0.966818620217964
1.51136720506474 1.04819521051832 1.71125054359436 1.23408308322541 1.02809941140004 1.55717112100683 1.22534128231928 1.3133178348653 1.16215715347789 1.8808773951605 1.66495977737941 1.81261153542437 1.05138050159439 1.43321107514203 1.92319808667526 0.980113388737664 0 1.23952114395797 0.944717796053737 1.8276109744329 1.54125342774205 1.72904886142351 1.6423500822857 1.06764690671116 1.81115215271711 1.24506555893458 1.83408679300919 1.87955540162511 1.16282255505212 1.35155041818507
1.47511915350333 1.31217788602225 1.13498686696403 1.09379693702795 1.88370659691282 0.987976667238399 1.5842857377138 1.16780878044665 1.79363758349791 1.3453598250635 1.91977333882824 1.11206179833971 1.82325776410289 1.78685530298389 1.66237275069579 1.64381894702092 1.23952114395797 0 1.73302858043462 1.61726204119623 1.85261544864625 1.35394659405574 1.67981358338147 1.06504504103214 1.12834938755259 1.69389441702515 1.78001940879039 1.57050483650528 1.16460165753961 1.06466546352021
1.76797412778251 0.975827934220433 1.53404435422271 1.43647388461977 1.60957968654111 1.45944939786568 1.60515309032053 1.23573998594657 1.90755222388543 1.7791407040786 1.37549811601639 1.30117259430699 1.39813871798106 1.12379480386153 1.42260597273707 1.06498415907845 0.944717796053737 1.73302858043462 0 1.0850121898111 1.92513637035154 1.51703240233473 1.74394928663969 1.19884822028689 1.89951930590905 1.79219232476316 1.66048529092222 1.83208335842937 1.63649083161727 1.90575298527256
1.03320514131337 1.64997501601465 1.7531659908127 1.87797447526827 0.968513094587252 1.04586982051842 1.13867384148762 1.31812431616709 0.959950677352026 1.47237984021194 1.83727270434611 1.59067520848475 1.55628978717141 0.94123222399503 1.78752507618628 1.24113543867134 1.8276109744329 1.61726204119623 1.0850121898111 0 0.955855922307819 1.06746836705133 1.04831818607636 1.85726388613693 1.12303799274378 1.00952161778696 1.69157882337458 1.13706035469659 1.19028919516131 1.63605757034384
1.54048012662679 1.37398907332681 0.962833265541121 1.56199630629271 1.35864003561437 1.05234929453582 1.71787326736376 1.26137439417653 0.96127649047412 1.76012886781245 1.7295394197572 1.22302466188557 1.50148821482435 1.88461100566201 1.15294680465013 1.18951162905432 1.54125342774205 1.85261544864625 1.92513637035154 0.955855922307819 0 1.83280085935257 1.45612276298925 1.747716963524 1.7436248101294 1.25341258035041 1.86613415484317 1.23632813198492 1.69541268725879 1.16952877072617
1.48075979342684 1.07728363596834 1.87180989701301 1.88684457074851 1.29077435424551 1.01274555292912 1.16234029922634 1.84358484856784 1.64980659796856 1.62834422010928 1.08624027506448 1.67777263373137 1.61353261489421 1.21477899863385 0.973630567081273 1.32709322310984 1.72904886142351 1.35394659405574 1.51703240233473 1.06746836705133 1.83280085935257 0 1.76068619056605 1.0891525906045 1.67614594940096 1.47953875805251 1.23643033998087 1.29832233884372 1.87720014271326 1.37876833509654
1.10817064670846 1.51503979088739 1.20267416792922 1.75283893407322 1.21299653593451 1.67953493306413 1.89268029876985 1.51027020555921 1.31635601539165 1.09620801219717 1.64048422733322 1.71148770768195 1.3360795925837 1.50696068489924 1.41552691557445 1.36672609811649 1.6423500822857 1.67981358338147 1.74394928663969 1.04831818607636 1.45612276298925 1.76068619056605 0 1.04089595237747 1.02317371661775 1.03554771468043 1.78265634248964 1.60229261917993 0.990857295459136 1.15038778074086
1.16025754786097 1.88786264508963 1.87698677438311 1.74116266123019 1.26539526903071 1.5060595376417 1.80938307824545 1.00422982126474 1.84495724341832 1.55644293362275 1.07752474327572 1.86599661060609 1.59151211054996 1.28978794487193 1.03007892798632 1.23197075654753 1.06764690671116 1.06504504103214 1.19884822028689 1.85726388613693 1.747716963524 1.0891525906045 1.04089595237747 0 1.59742010594346 1.42054334795102 1.72978495503776 1.51048727775924 1.77564297313802 1.75488806562498
1.28550864639692 1.29714071075432 1.19944256800227 1.6241770919878 0.976592826889828 1.41865818784572 1.30049719335511 1.77403054130264 1.29628565534949 1.44309344002977 1.18497775308788 1.37692433316261 1.15670466748998 1.63886641990393 1.82224567350931 1.48006577580236 1.81115215271711 1.12834938755259 1.89951930590905 1.12303799274378 1.7436248101294 1.67614594940096 1.02317371661775 1.59742010594346 0 1.0749564205762 1.24752757395618 1.84904940449633 1.88608841248788 1.76657196809538
1.84781506890431 1.62682798365131 1.85061087924987 1.34888451127335 0.996044508181512 1.49561464437284 1.68755561811849 1.43613078724593 1.75291642686352 1.05997923575342 1.39926591981202 1.62091936799698 1.92725008842535 1.272669659229 0.938838712871075 1.39222026453353 1.24506555893458 1.69389441702515 1.79219232476316 1.00952161778696 1.25341258035041 1.47953875805251 1.03554771468043 1.42054334795102 1.0749564205762 0 1.02355500729755 1.1447858994361 1.04243053775281 0.964351698057726
1.38137116376311 1.68468443257734 1.26172796520405 1.10408590803854 1.39704207074828 1.26868459163234 1.4767286432907 1.12516854726709 1.25476012611762 1.7765245498158 1.9349795402959 1.3769817026332 1.91890574409626 1.35277606290765 1.03284161933698 1.61551198060624 1.83408679300919 1.78001940879039 1.66048529092222 1.69157882337458 1.86613415484317 1.23643033998087 1.78265634248964 1.72978495503776 1.24752757395618 1.02355500729755 0 1.17278035357594 1.37641676329076 1.42902302206494
1.56229987274855 1.16983235743828 0.957677712664008 1.30704874568619 1.36374556459486 1.31232930812985 1.46411654003896 1.84537059674039 1.31726367608644 1.76706361677498 1.69695679470897 1.40696409461088 1.12637991528027 1.30434642429464 1.80840975069441 1.8944936147891 1.87955540162511 1.57050483650528 1.83208335842937 1.13706035469659 1.23632813198492 1.29832233884372 1.60229261917993 1.51048727775924 1.84904940449633 1.1447858994361 1.17278035357594 0 0.971088346559554 1.47523088636808
1.1605728790164 1.02747618593276 1.92876605922356 1.0925048829522 0.945455396082252 1.08227952872403 1.28179893433116 1.81952449539676 1.03220338141546 1.06800370593555 1.44376180670224 1.14115928439423 1.82819640124217 1.47553771501407 1.51679258118384 1.372277721297 1.16282255505212 1.16460165753961 1.63649083161727 1.19028919516131 1.69541268725879 1.87720014271326 0.990857295459136 1.77564297313802 1.88608841248788 1.04243053775281 1.37641676329076 0.971088346559554 0 1.71507832617499
1.92344240774401 1.00098810344934 1.49596177437343 1.85647514718585 1.57548650307581 1.25418056733906 1.90594854950905 1.4151197867468 1.45689503429458 1.22950345417485 1.83149157790467 1.5231736402493 1.01950246351771 1.22922166576609 1.03786883759312 0.966818620217964 1.35155041818507 1.06466546352021 1.90575298527256 1.63605757034384 1.16952877072617 1.37876833509654 1.15038778074086 1.75488806562498 1.76657196809538 0.964351698057726 1.42902302206494 1.47523088636808 1.71507832617499 0
