0 1.72337295860052 1.19926544441842 1.03364500077441 1.55314934626222 1.06675683474168 1.59491096041165 1.89950174582191 1.16241459641606 1.38930979277939 1.68210604577325 1.56043224269524 1.0321043827571 1.08852748665959 1.74491367279552 1.47462708922103 1.83534980355762 1.49684695107862 1.82320423121564 1.91683913348243 1.25628261594102 1.53739716974087 1.66551248705946 1.47399555379525 1.07523451233283 1.28270036261529 1.36883555958048 1.41993531538174 1.63204723829404 1.57016948913224
1.72337295860052 0 1.32156309485435 1.59442725451663 1.423167407047 1.4531978610903 1.77625561621971 1.82166215823963 1.78547946014442 1.87678779824637 1.79730915557593 0.96631895727478 1.71760443388484 1.22374369110912 1.5011830588337 1.7054145608563 1.50165015738457 1.55548695637845 1.62829507002607 1.72920050169341 1.45916833379306 1.01268897438422 1.49872014438733 1.00371080031618 1.19330844678916 1.31670161569491 0.965654402738437 1.01904945168644 1.77716746274382 1.18126262305304
1.19926544441842 1.32156309485435 0 1.60435112309642 1.65690554236062 1.17204607650638 1.46477962471545 1.63503795280121 1.13019016571343 1.55700817867182 1.58444297383539 1.10771332099102 0.950438783736899 1.14744549221359 1.83619243954308 1.26919169328175 1.2222893263679 1.12084691948257 1.68658651574515 1.15170740080066 1.1920274051372 1.61066643730737 1.44242644007318 1.59822287061252 1.66127240494825 1.2275852013845 1.5098851909861 1.86913186241873 1.26936147594824 0.960993450134993
1.03364500077441 1.59442725451663 1.60435112309642 0 0.945920748403296 1.73822004161775 1.70951771037653 1.39349707053043 0.998245551250875 0.965344894910231 1.84798585274257 1.34790745074861 1.39844802860171 1.48454607464373 1.47862087516114 1.84335813787766 1.07205763878301 1.24759201752022 1.80525294924155 1.13754552626051 1.71813842537813 1.39039638638496 1.91181087633595 1.11115363216959 1.58368325186893 1.91635246016085 1.68388930219226 1.04801365872845 1.4122206880711 1.86996200773865
1.55314934626222 1.423167407047 1.65690554236062 0.945920748403296 0 1.47791439271532 1.13559870887548 1.2941684962716 1.23554084100761 1.04610072472133 1.93686410039663 1.7338590438012 1.5755928226281 0.951665348140523 1.72046110918745 1.02451427187771 1.22882400569506 1.48346413252875 1.04626263631508 1.20670335553586 1.89548202999867 1.92593715596013 1.30331746675074 1.20098913856782 1.84958814713173 1.21639236551709 1.88454191782512 1.7021485324949 1.38539981446229 1.62964967475273
1.06675683474168 1.4531978610903 1.17204607650638 1.73822004161775 1.47791439271532 0 1.93212454207242 0.963222754653543 1.32014420162886 1.76708048395813 1.88808244746178 1.00441549345851 1.30234783631749 1.05738557945006 1.36799562978558 1.28773871809244 1.08225923846476 1.8662892091088 1.20306811714545 1.54716040729545 1.39598337840289 1.48683306435123 0.997918379958719 0.978874761844054 1.31409394182265 1.10437730420381 1.27098739542998 1.77827189397067 1.06174760707654 1.62314882874489
1.59491096041165 1.77625561621971 1.46477962471545 1.70951771037653 1.13559870887548 1.93212454207242 0 1.84180991444737 1.75965683558024 1.2649244798813 1.19482656870969 1.64284663763829 1.18338537053205 1.43213580176234 0.971251831389964 1.17604028736241 1.41189984371886 1.57514042616822 1.77538727177307 1.28071831911802 1.36744469637051 1.52654744847678 1.62523806956597 1.12405719445087 1.74704904295504 1.49982314067893 1.6125520428177 1.12974563799798 1.84750952478498 1.69556777947582
1.89950174582191 1.82166215823963 1.63503795280121 1.39349707053043 1.2941684962716 0.963222754653543 1.84180991444737 0 1.88515836140141 1.46529492037371 1.49177164328285 1.60590358753689 1.53904866822995 1.750243520597 1.76531289517879 1.86157937999815 1.38187282835133 1.60000040824525 1.88218229892664 1.63648331095465 1.21678804815747 1.4667169819586 1.27678260812536 1.14179821428843 1.05868655652739 1.74988501379266 1.46854918729514 1.64099976257421 1.09152641403489 1.39065050566569
1.16241459641606 1.78547946014442 1.13019016571343 0.998245551250875 1.23554084100761 1.32014420162886 1.75965683558024 1.88515836140141 0 1.47203997755423 1.66695181676187 1.01613372471184 1.74442438851111 0.950974435778335 1.37734880647622 0.94216210138984 1.64425677922554 1.81435429770499 1.3448199571576 1.20138376718387 1.85717693786137 1.64816341898404 1.84145815507509 1.58947892044671 1.56156685412861 1.66254146234132 1.84917128318921 1.20366744184867 0.97431423724629 1.7395786435809
1.38930979277939 1.87678779824637 1.55700817867182 0.965344894910231 1.04610072472133 1.76708048395813 1.2649244798813 1.46529492037371 1.47203997755423 0 1.27404968626797 1.11881635547616 1.37329279747792 1.02801990159787 1.6213770005852 1.69713224982843 1.22165312571451 1.1307146223262 1.11304806359112 1.15042281686328 1.54733209568076 1.42159813223407 1.63902241596952 1.71526582166553 1.27007485739887 1.02918910072185 1.3901604055427 1.13886383967474 1.20442445715889 0.940586435608566
1.68210604577325 1.79730915557593 1.58444297383539 1.84798585274257 1.93686410039663 1.88808244746178 1.19482656870969 1.49177164328285 1.66695181676187 1.27404968626797 0 1.57141548907384 1.20213633496314 1.15117257158272 1.0339366691187 1.90302756987512 1.47330130264163 1.80978310084902 1.02717309468426 1.37585304421373 0.987363247200847 1.86749473819509 1.46231738035567 1.00204311916605 1.91018199804239 1.39076764392667 1.91000491939485 1.9083413190674 1.30679306155071 1.89621190680191
1.56043224269524 0.96631895727478 1.10771332099102 1.34790745074861 1.7338590438012 1.00441549345851 1.64284663763829 1.60590358753689 1.01613372471184 1.11881635547616 1.57141548907384 0 1.06334763229825 1.04121562885121 1.07939955289476 1.68916438263841 1.72866763104685 1.27045209216885 1.72636165609583 1.40123866475187 1.36925908154808 1.25060019525699 1.81360519514419 1.3163159894757 1.67948026023805 1.78501465497538 1.38413096079603 1.45447568898089 1.87553395214491 1.70996525743976
1.0321043827571 1.71760443388484 0.950438783736899 1.39844802860171 1.5755928226281 1.30234783631749 1.18338537053205 1.53904866822995 1.74442438851111 1.37329279747792 1.20213633496314 1.06334763229825 0 1.10555091686547 1.13262969371863 1.4071239263285 1.30742485215887 1.11184292542748 1.3464492240455 1.02227956429124 1.02507982961833 0.963359435321763 1.52776441350579 1.12429609149694 1.26426381454803 1.47043551527895 1.88994919601828 1.61736344639212 1.53188721882179 1.91143223387189
1.08852748665959 1.22374369110912 1.14744549221359 1.48454607464373 0.951665348140523 1.05738557945006 1.43213580176234 1.750243520597 0.950974435778335 1.02801990159787 1.15117257158272 1.04121562885121 1.10555091686547 0 1.74447369435802 1.07112118811347 1.5405543691013 1.27641504653729 1.31567244068719 1.52424146328121 0.997891383012757 1.40896100341342 0.950009544380009 1.7798074982129 1.16374368988909 1.56223415210843 1.08077138918452 0.940350154181942 1.40828125365078 1.27220800099894
1.74491367279552 1.5011830588337 1.83619243954308 1.47862087516114 1.72046110918745 1.36799562978558 0.971251831389964 1.76531289517879 1.37734880647622 1.6213770005852 1.0339366691187 1.07939955289476 1.13262969371863 1.74447369435802 0 1.60276194894686 1.52480008359998 1.03182172146626 1.00670101470314 1.65382067649625 1.11965611949563 1.89103577053174 1.56851109280251 0.943946690531448 1.48296000505798 1.87280095508322 1.85774190025404 1.36417216761038 1.08825353370048 1.1656916369684
1.47462708922103 1.7054145608563 1.26919169328175 1.84335813787766 1.02451427187771 1.28773871809244 1.17604028736241 1.86157937999815 0.94216210138984 1.69713224982843 1.90302756987512 1.68916438263841 1.4071239263285 1.07112118811347 1.60276194894686 0 1.60404595173895 1.35469583654776 1.89361223694868 1.12641665455885 1.49264985020272 1.68666808097623 1.55766679998487 1.31381912832148 1.36351923178881 1.18982101138681 1.79398237820715 1.38240920379758 1.60268404101953 1.79776595556177
1.83534980355762 1.50165015738457 1.2222893263679 1.07205763878301 1.22882400569506 1.08225923846476 1.41189984371886 1.38187282835133 1.64425677922554 1.22165312571451 1.47330130264163 1.72866763104685 1.30742485215887 1.5405543691013 1.52480008359998 1.60404595173895 0 1.04371165903285 1.19600779027678 1.25104188849218 1.48178461869247 1.77703439397737 0.967588287778199 1.26883361069486 0.978444193955511 1.38118344801478 1.09975138516165 0.99582466413267 1.14448930323124 1.93059526989236
1.49684695107862 1.55548695637845 1.12084691948257 1.24759201752022 1.48346413252875 1.8662892091088 1.57514042616822 1.60000040824525 1.81435429770499 1.1307146223262 1.80978310084902 1.27045209216885 1.11184292542748 1.27641504653729 1.03182172146626 1.35469583654776 1.04371165903285 0 1.25081243552268 1.52668742067181 1.92180358036421 0.968526146607473 1.58528737723827 0.971745186252519 1.17665214510635 1.74714024714194 1.45445799105801 1.78365875780582 1.36944271647371 1.44809268880635
1.82320423121564 1.62829507002607 1.68658651574515 1.80525294924155 1.04626263631508 1.20306811714545 1.77538727177307 1.88218229892664 1.3448199571576 1.11304806359112 1.02717309468426 1.72636165609583 1.3464492240455 1.31567244068719 1.00670101470314 1.89361223694868 1.19600779027678 1.25081243552268 0 1.55382938729599 1.16211273963563 1.39791755168699 1.17410872457549 1.46656571445055 1.80474721686915 1.2036537064705 1.66544944234192 1.33422896382399 1.85040759295225 1.87536597624421
1.91683913348243 1.72920050169341 1.15170740080066 1.13754552626051 1.20670335553586 1.54716040729545 1.28071831911802 1.63648331095465 1.20138376718387 1.15042281686328 1.37585304421373 1.40123866475187 1.02227956429124 1.52424146328121 1.65382067649625 1.12641665455885 1.25104188849218 1.52668742067181 1.55382938729599 0 1.79832087503746 1.6758972669486 1.03272615559399 1.4007946732454 1.92299012560397 1.70570494467393 0.961885917233303 1.60356925264932 1.14132330426946 1.17652000184171
1.25628261594102 1.45916833379306 1.1920274051372 1.71813842537813 1.89548202999867 1.39598337840289 1.36744469637051 1.21678804815747 1.85717693786137 1.54733209568076 0.987363247200847 1.36925908154808 1.02507982961833 0.997891383012757 1.11965611949563 1.49264985020272 1.48178461869247 1.92180358036421 1.16211273963563 1.79832087503746 0 1.163685410982 1.5408035684377 1.92825275403447 1.05632183537818 1.92493372247554 1.41594273946248 1.10134938894771 1.81099194171838 1.21450418583117
1.53739716974087 1.01268897438422 1.61066643730737 1.39039638638496 1.92593715596013 1.48683306435123 1.52654744847678 1.4667169819586 1.64816341898404 1.42159813223407 1.86749473819509 1.25060019525699 0.963359435321763 1.40896100341342 1.89103577053174 1.68666808097623 1.77703439397737 0.968526146607473 1.39791755168699 1.6758972669486 1.163685410982 0 1.33171480125748 0.947677469113842 1.21331282658502 1.33546527312137 1.62014058814384 1.90918914694339 0.950652401894331 0.961102184839547
1.66551248705946 1.49872014438733 1.44242644007318 1.91181087633595 1.30331746675074 0.997918379958719 1.62523806956597 1.27678260812536 1.84145815507509 1.63902241596952 1.46231738035567 1.81360519514419 1.52776441350579 0.950009544380009 1.56851109280251 1.55766679998487 0.967588287778199 1.58528737723827 1.17410872457549 1.03272615559399 1.5408035684377 1.33171480125748 0 1.19245425565168 0.975049784174189 1.86808434478007 1.23072106065229 1.62841985770501 1.76157889398746 1.80128249712288
1.47399555379525 1.00371080031618 1.59822287061252 1.11115363216959 1.20098913856782 0.978874761844054 1.12405719445087 1.14179821428843 1.58947892044671 1.71526582166553 1.00204311916605 1.3163159894757 1.12429609149694 1.7798074982129 0.943946690531448 1.31381912832148 1.26883361069486 0.971745186252519 1.46656571445055 1.4007946732454 1.92825275403447 0.947677469113842 1.19245425565168 0 1.09562340937555 1.4416757132858 1.72962582204491 1.14318790961988 1.08024779823609 1.06742476671934
1.07523451233283 1.19330844678916 1.66127240494825 1.58368325186893 1.84958814713173 1.31409394182265 1.74704904295504 1.05868655652739 1.56156685412861 1.27007485739887 1.91018199804239 1.67948026023805 1.26426381454803 1.16374368988909 1.48296000505798 1.36351923178881 0.978444193955511 1.17665214510635 1.80474721686915 1.92299012560397 1.05632183537818 1.21331282658502 0.975049784174189 1.09562340937555 0 1.70375570026226 1.54627908812836 1.80980608426034 1.78287394274957 1.93610797962174
1.28270036261529 1.31670161569491 1.2275852013845 1.91635246016085 1.21639236551709 1.10437730420381 1.49982314067893 1.74988501379266 1.66254146234132 1.02918910072185 1.39076764392667 1.78501465497538 1.47043551527895 1.56223415210843 1.87280095508322 1.18982101138681 1.38118344801478 1.74714024714194 1.2036537064705 1.70570494467393 1.92493372247554 1.33546527312137 1.86808434478007 1.4416757132858 1.70375570026226 0 0.955299229128286 1.71258107107133 1.03491515154019 1.3251532074064
1.36883555958048 0.965654402738437 1.5098851909861 1.68388930219226 1.88454191782512 1.27098739542998 1.6125520428177 1.46854918729514 1.84917128318921 1.3901604055427 1.91000491939485 1.38413096079603 1.88994919601828 1.08077138918452 1.85774190025404 1.79398237820715 1.09975138516165 1.45445799105801 1.66544944234192 0.961885917233303 1.41594273946248 1.62014058814384 1.23072106065229 1.72962582204491 1.54627908812836 0.955299229128286 0 1.19592370418832 1.90378380846232 1.59818420908414
1.41993531538174 1.01904945168644 1.86913186241873 1.04801365872845 1.7021485324949 1.77827189397067 1.12974563799798 1.64099976257421 1.20366744184867 1.13886383967474 1.9083413190674 1.45447568898089 1.61736344639212 0.940350154181942 1.36417216761038 1.38240920379758 0.99582466413267 1.78365875780582 1.33422896382399 1.60356925264932 1.10134938894771 1.90918914694339 1.62841985770501 1.14318790961988 1.80980608426034 1.71258107107133 1.19592370418832 0 1.63798837875947 1.50562509568408
1.63204723829404 1.77716746274382 1.26936147594824 1.4122206880711 1.38539981446229 1.06174760707654 1.84750952478498 1.09152641403489 0.97431423724629 1.20442445715889 1.30679306155071 1.87553395214491 1.53188721882179 1.40828125365078 1.08825353370048 1.60268404101953 1.14448930323124 1.36944271647371 1.85040759295225 1.14132330426946 1.81099194171838 0.950652401894331 1.76157889398746 1.08024779823609 1.78287394274957 1.03491515154019 1.90378380846232 1.63798837875947 0 1.72096088249236
1.57016948913224 1.18126262305304 0.960993450134993 1.86996200773865 1.62964967475273 1.62314882874489 1.69556777947582 1.39065050566569 1.7395786435809 0.940586435608566 1.89621190680191 1.70996525743976 1.91143223387189 1.27220800099894 1.1656916369684 1.79776595556177 1.93059526989236 1.44809268880635 1.87536597624421 1.17652000184171 1.21450418583117 0.961102184839547 1.80128249712288 1.06742476671934 1.93610797962174 1.3251532074064 1.59818420908414 1.50562509568408 1.72096088249236 0
