0 1.17374353553168 1.03982688952237 1.21962427441031 1.60128474934027 1.64007348474115 1.83989833807573 1.15317771513946 1.79579515964724 1.85204517398961 1.53433149144985 1.50365658500232 1.09162951121107 1.45742568140849 1.00625390093774 1.91449201712385 1.69882560661063 1.90650567924604 1.33220739266835 1.54805167368613 1.13750166306272 1.56964226486161 1.72412193194032 1.64211739832535 1.88020883244462 1.73704471904784 1.49996885610744 1.34743128647096 1.7898869800847 1.65271987509914
1.17374353553168 0 1.66632994846441 1.54871090804227 1.10343383508734 1.76412689965218 1.22452048840933 1.25858617410995 1.14212868316099 1.46260884101503 1.40648615243845 1.06750297732651 1.12365041370504 1.03072048956528 1.22892676875927 1.85519400401972 1.89937638724223 1.50332158408128 1.91652498254552 1.00522944307886 1.29137834394351 1.23209286434576 1.64172387775034 0.978442748775706 1.46738332300447 0.963402469176799 1.14333868678659 1.15784993395209 1.50785977370106 1.08042906434275
1.03982688952237 1.66632994846441 0 1.11327879549935 0.950991060817614 1.22027073404752 1.65514709171839 1.85878212144598 1.52394542354159 0.987446524901316 1.33298784936778 1.00479535502382 1.08803208288737 1.01877034176141 1.0887348712422 1.205669071991 1.70669530518353 1.38337672571652 1.36755107645877 1.06378637184389 1.82249321392737 1.46443099784665 1.893940144917 1.32052807696164 0.962513976963237 1.80071128159761 1.03674728982151 1.48062323289923 1.56088745151646 1.62318107136525
1.21962427441031 1.54871090804227 1.11327879549935 0 1.7550409368705 0.976077250670642 1.06454807706177 1.46838560397737 1.40076138917357 1.13640245771967 1.63141515478492 1.85854967543855 1.55088715511374 1.65851228055544 1.85365469567478 1.21559343184344 1.39142941730097 1.35883018560708 1.16562343901023 0.993145616026595 0.953248823760077 1.54502699943259 1.38197598070838 1.44193394575268 1.72425195458345 1.8150361396838 1.81344849406742 1.8832016128581 1.76984050450847 1.78868782683276
1.60128474934027 1.10343383508734 0.950991060817614 1.7550409368705 0 1.46114970347844 1.89445886574686 1.12541839247569 1.68467878038064 1.4355361929629 1.15447328588925 1.25164900487289 0.981097642797977 1.78303137910552 1.09380386816338 1.69521355768666 0.946731289150193 1.81588145554997 1.50873284763657 1.52378130890429 1.03825466474518 1.4897672124207 1.10328190913424 1.52524073119275 0.943917715689167 1.8754169610329 1.01234771776944 1.3224289030768 1.85405335086398 1.34480634983629
1.64007348474115 1.76412689965218 1.22027073404752 0.976077250670642 1.46114970347844 0 1.65125528490171 0.985484667820856 1.63661813293584 1.23260651621968 1.6031717879232 1.72861185227521 1.58443628880195 1.25310733611695 1.80902629974298 1.27777321985923 1.14862870192155 1.77301416383125 1.33869408653118 1.19080129126087 1.81230462598614 1.48087266413495 1.34103405149654 1.33747795620002 1.04793806397356 0.955768319778144 1.52565969736315 1.63804254750721 1.18628540495411 0.933104483177885
1.83989833807573 1.22452048840933 1.65514709171839 1.06454807706177 1.89445886574686 1.65125528490171 0 1.46294922125526 1.06236988306046 1.10343373869546 1.20369513519108 1.31054802867584 1.3371166093275 1.07685622642748 1.12155414768495 1.48510874994099 1.71159023605287 1.54220496932976 1.87935898988508 1.76856799633242 1.14947596821003 1.76811938150786 1.01569398771971 1.25987436529249 1.58523222617805 1.05579225532711 1.18619769671932 1.62689246446826 1.91923619457521 1.48003240372054
1.15317771513946 1.25858617410995 1.85878212144598 1.46838560397737 1.12541839247569 0.985484667820856 1.46294922125526 0 1.65572663466446 1.68372200708836 1.16234250925481 1.07108051655814 1.4540823828429 0.928320198785514 1.49097028118558 1.26711068674922 1.56065327697434 1.58179690479301 1.77561840321869 1.45425120461732 1.85128661408089 1.31216077459976 1.85899675311521 1.81934832944535 0.988386554876342 1.67599203321151 1.21993833291344 0.992628408130258 1.1051350121852 1.51614198321477
1.79579515964724 1.14212868316099 1.52394542354159 1.40076138917357 1.68467878038064 1.63661813293584 1.06236988306046 1.65572663466446 0 1.60120909335092 1.48342734691687 1.22604804998264 1.7451999806799 1.3816660719458 1.25814763898961 1.82704523066059 1.23468721960671 1.26032216008753 1.48954800260253 1.6599698306527 1.69226961187087 1.80952599924058 1.19697168213315 1.27775004482828 1.53261506813578 1.24467768892646 1.401893715607 1.54954181797802 1.51358405151404 1.39229074469768
1.85204517398961 1.46260884101503 0.987446524901316 1.13640245771967 1.4355361929629 1.23260651621968 1.10343373869546 1.68372200708836 1.60120909335092 0 1.25819025491364 1.04488861002028 1.7072382720653 1.75165738258511 1.06035853386857 1.53558379271999 1.33015301194973 1.16079643461853 1.5816056439653 1.85210988624021 1.90069326595403 1.92006445140578 1.75517242052592 0.959292324725538 1.44466752302833 1.45959039847367 1.85437496937811 1.65082419314422 1.35311302309856 1.41015359107405
1.53433149144985 1.40648615243845 1.33298784936778 1.63141515478492 1.15447328588925 1.6031717879232 1.20369513519108 1.16234250925481 1.48342734691687 1.25819025491364 0 1.24139666324481 1.10138960089535 1.86955919535831 1.15914773661643 1.47605665610172 1.41000284487382 1.57913508266211 1.81872627930716 1.23073072126135 1.89375370601192 1.6354283397086 1.26185131538659 1.34879185096361 0.993799973744899 1.87502405582927 1.07325897621922 1.23102587671019 1.05202156188898 1.00172109878622
1.50365658500232 1.06750297732651 1.00479535502382 1.85854967543855 1.25164900487289 1.72861185227521 1.31054802867584 1.07108051655814 1.22604804998264 1.04488861002028 1.24139666324481 0 1.04970269161277 0.966089744353667 1.40940037695691 0.983132435008883 1.22605369333178 1.7644999907352 1.1450933595188 1.60315838037059 1.52532180584967 1.46375625091605 1.06647276389413 1.26916800462641 1.78820887068287 1.34109093388543 1.19741855328903 1.16069842129946 1.90511384513229 1.89205204322934
1.09162951121107 1.12365041370504 1.08803208288737 1.55088715511374 0.981097642797977 1.58443628880195 1.3371166093275 1.4540823828429 1.7451999806799 1.7072382720653 1.10138960089535 1.04970269161277 0 1.01904431940056 1.10935712209903 1.23931203573011 1.6110702957958 1.17731510242447 1.07624921621755 1.14646626310423 1.79423857829534 1.01222588401288 0.985370328417048 1.71720842341892 1.03687310451642 1.21681857062504 1.50607708329335 1.91079001571052 1.12976009747945 0.946540850447491
1.45742568140849 1.03072048956528 1.01877034176141 1.65851228055544 1.78303137910552 1.25310733611695 1.07685622642748 0.928320198785514 1.3816660719458 1.75165738258511 1.86955919535831 0.966089744353667 1.01904431940056 0 1.4704564686399 1.91795938415453 1.64510258473456 1.90527053573169 1.0429691998288 1.41691843396984 1.09342007571831 1.5836215056479 1.65177029883489 1.422020082362 1.05727017624304 1.58555635437369 1.82459641736932 1.12375342031009 0.939024100778624 1.54069683188573
1.00625390093774 1.22892676875927 1.0887348712422 1.85365469567478 1.09380386816338 1.80902629974298 1.12155414768495 1.49097028118558 1.25814763898961 1.06035853386857 1.15914773661643 1.40940037695691 1.10935712209903 1.4704564686399 0 1.71652886038646 1.70945522678085 1.8638365692459 1.26146142696962 0.999597209040076 1.29636550927535 1.61764074629173 1.15428439783864 1.03447414282709 1.56496686721221 1.74538518441841 1.85411983728409 1.78190759732388 1.49110282491893 1.49275298323482
1.91449201712385 1.85519400401972 1.205669071991 1.21559343184344 1.69521355768666 1.27777321985923 1.48510874994099 1.26711068674922 1.82704523066059 1.53558379271999 1.47605665610172 0.983132435008883 1.23931203573011 1.91795938415453 1.71652886038646 0 1.54636659147218 1.27585528674535 1.30876923818141 1.29429424880072 1.18839418119751 0.983222075738013 1.29054351127706 1.65590630820952 1.50131498137489 1.88577027269639 1.23798270989209 0.949222263647243 1.37569572962821 1.48822545120493
1.69882560661063 1.89937638724223 1.70669530518353 1.39142941730097 0.946731289150193 1.14862870192155 1.71159023605287 1.56065327697434 1.23468721960671 1.33015301194973 1.41000284487382 1.22605369333178 1.6110702957958 1.64510258473456 1.70945522678085 1.54636659147218 0 1.61541028623469 1.83276125974953 1.20701391715556 0.988617962924764 1.34607329173014 1.09891931177117 1.17066602269188 1.74525063997135 1.25173029932193 1.79322652006522 1.74603991652839 1.02833527442999 1.08671970129944
1.90650567924604 1.50332158408128 1.38337672571652 1.35883018560708 1.81588145554997 1.77301416383125 1.54220496932976 1.58179690479301 1.26032216008753 1.16079643461853 1.57913508266211 1.7644999907352 1.17731510242447 1.90527053573169 1.8638365692459 1.27585528674535 1.61541028623469 0 1.35060275834985 1.28864844935015 1.40889034420252 1.73957482678816 1.33188276388682 1.62236911687069 1.52815481671132 1.10576306516305 1.36705687758513 1.43437965167686 1.40303837833926 1.54658722458407
1.33220739266835 1.91652498254552 1.36755107645877 1.16562343901023 1.50873284763657 1.33869408653118 1.87935898988508 1.77561840321869 1.48954800260253 1.5816056439653 1.81872627930716 1.1450933595188 1.07624921621755 1.0429691998288 1.26146142696962 1.30876923818141 1.83276125974953 1.35060275834985 0 1.05732510145754 1.12556405109353 1.81966448947787 1.24636773206294 1.29366887127981 1.2797205997631 1.59235126478598 1.79948497610167 0.96110315923579 1.83546828688122 1.58071839204058
1.54805167368613 1.00522944307886 1.06378637184389 0.993145616026595 1.52378130890429 1.19080129126087 1.76856799633242 1.45425120461732 1.6599698306527 1.85210988624021 1.23073072126135 1.60315838037059 1.14646626310423 1.41691843396984 0.999597209040076 1.29429424880072 1.20701391715556 1.28864844935015 1.05732510145754 0 1.73836894705892 1.75702379085124 1.3201090185903 1.6824015211314 0.998549227137119 1.06524484115653 1.25108323432505 1.89859431679361 1.91137044271454 1.71953304461204
1.13750166306272 1.29137834394351 1.82249321392737 0.953248823760077 1.03825466474518 1.81230462598614 1.14947596821003 1.85128661408089 1.69226961187087 1.90069326595403 1.89375370601192 1.52532180584967 1.79423857829534 1.09342007571831 1.29636550927535 1.18839418119751 0.988617962924764 1.40889034420252 1.12556405109353 1.73836894705892 0 1.5313916890882 1.006137607852 1.04643868468702 1.43422903143801 1.1276500034146 0.930676546879113 1.6622019642964 1.74393915268593 1.85831242264248
1.56964226486161 1.23209286434576 1.46443099784665 1.54502699943259 1.4897672124207 1.48087266413495 1.76811938150786 1.31216077459976 1.80952599924058 1.92006445140578 1.6354283397086 1.46375625091605 1.01222588401288 1.5836215056479 1.61764074629173 0.983222075738013 1.34607329173014 1.73957482678816 1.81966448947787 1.75702379085124 1.5313916890882 0 1.49604003108107 1.49040995328687 1.80392925092019 1.57062148302794 1.16225040983409 1.51059636101127 1.15274981269613 1.04652142175473
1.72412193194032 1.64172387775034 1.893940144917 1.38197598070838 1.10328190913424 1.34103405149654 1.01569398771971 1.85899675311521 1.19697168213315 1.75517242052592 1.26185131538659 1.06647276389413 0.985370328417048 1.65177029883489 1.15428439783864 1.29054351127706 1.09891931177117 1.33188276388682 1.24636773206294 1.3201090185903 1.006137607852 1.49604003108107 0 1.54792602756061 1.83325750939548 1.3671838841401 1.86416936060414 1.42309127864428 1.01088311546482 1.53993673552759
1.64211739832535 0.978442748775706 1.32052807696164 1.44193394575268 1.52524073119275 1.33747795620002 1.25987436529249 1.81934832944535 1.27775004482828 0.959292324725538 1.34879185096361 1.26916800462641 1.71720842341892 1.422020082362 1.03447414282709 1.65590630820952 1.17066602269188 1.62236911687069 1.29366887127981 1.6824015211314 1.04643868468702 1.49040995328687 1.54792602756061 0 1.18294816045091 1.33721014368348 1.54423617036082 1.011338688666 1.27536386693828 1.46594689623453
1.88020883244462 1.46738332300447 0.962513976963237 1.72425195458345 0.943917715689167 1.04793806397356 1.58523222617805 0.988386554876342 1.53261506813578 1.44466752302833 0.993799973744899 1.78820887068287 1.03687310451642 1.05727017624304 1.56496686721221 1.50131498137489 1.74525063997135 1.52815481671132 1.2797205997631 0.998549227137119 1.43422903143801 1.80392925092019 1.83325750939548 1.18294816045091 0 1.01766070653684 1.19311838946305 1.67261464707553 1.50416263192892 1.69168277806602
1.73704471904784 0.963402469176799 1.80071128159761 1.8150361396838 1.8754169610329 0.955768319778144 1.05579225532711 1.67599203321151 1.24467768892646 1.45959039847367 1.87502405582927 1.34109093388543 1.21681857062504 1.58555635437369 1.74538518441841 1.88577027269639 1.25173029932193 1.10576306516305 1.59235126478598 1.06524484115653 1.1276500034146 1.57062148302794 1.3671838841401 1.33721014368348 1.01766070653684 0 1.80662977555767 1.38136749318801 1.12449639290571 1.1481819821056
1.49996885610744 1.14333868678659 1.03674728982151 1.81344849406742 1.01234771776944 1.52565969736315 1.18619769671932 1.21993833291344 1.401893715607 1.85437496937811 1.07325897621922 1.19741855328903 1.50607708329335 1.82459641736932 1.85411983728409 1.23798270989209 1.79322652006522 1.36705687758513 1.79948497610167 1.25108323432505 0.930676546879113 1.16225040983409 1.86416936060414 1.54423617036082 1.19311838946305 1.80662977555767 0 1.64324259269051 1.62216902174987 1.63723505660892
1.34743128647096 1.15784993395209 1.48062323289923 1.8832016128581 1.3224289030768 1.63804254750721 1.62689246446826 0.992628408130258 1.54954181797802 1.65082419314422 1.23102587671019 1.16069842129946 1.91079001571052 1.12375342031009 1.78190759732388 0.949222263647243 1.74603991652839 1.43437965167686 0.96110315923579 1.89859431679361 1.6622019642964 1.51059636101127 1.42309127864428 1.011338688666 1.67261464707553 1.38136749318801 1.64324259269051 0 1.75974464183673 1.33180687925778
1.7898869800847 1.50785977370106 1.56088745151646 1.76984050450847 1.85405335086398 1.18628540495411 1.91923619457521 1.1051350121852 1.51358405151404 1.35311302309856 1.05202156188898 1.90511384513229 1.12976009747945 0.939024100778624 1.49110282491893 1.37569572962821 1.02833527442999 1.40303837833926 1.83546828688122 1.91137044271454 1.74393915268593 1.15274981269613 1.01088311546482 1.27536386693828 1.50416263192892 1.12449639290571 1.62216902174987 1.75974464183673 0 1.43634869880043
1.65271987509914 1.08042906434275 1.62318107136525 1.78868782683276 1.34480634983629 0.933104483177885 1.48003240372054 1.51614198321477 1.39229074469768 1.41015359107405 1.00172109878622 1.89205204322934 0.946540850447491 1.54069683188573 1.49275298323482 1.48822545120493 1.08671970129944 1.54658722458407 1.58071839204058 1.71953304461204 1.85831242264248 1.04652142175473 1.53993673552759 1.46594689623453 1.69168277806602 1.1481819821056 1.63723505660892 1.33180687925778 1.43634869880043 0
