0 1.0917684014421 1.06009517749771 1.8314286894165 1.74162065098062 1.75486340536736 1.37204630929045 1.34732268960215 1.84099540417083 1.65661566401832 1.27918052999303 1.63123943540268 1.40902395942248 1.22692202054895 0.937612432055175 1.02630372112617 1.54911407991312 1.7425114295911 1.24547065724619 1.1998854521662 1.84746605833061 1.71077135810629 1.17051392048597 1.05095088342205 1.8462896074634 1.48448203923181 1.82789767184295 1.64408970205113 0.986389918252826 1.69394386280328
1.0917684014421 0 1.54842341318727 1.28601879137568 1.12563847540878 1.35699000163004 1.09187139756978 1.26833627442829 1.12705576024018 1.22391647775657 1.63202886050567 1.89031560672447 1.42123908200301 1.19674189342186 1.22377393837087 1.4337631482631 1.80160756851546 1.61081922031008 1.40458364388905 1.12879540282302 1.22006547148339 1.56579237268306 1.58691882458515 1.78591953520663 1.60501816007309 1.7868064371869 0.955293689621612 1.35127968946472 1.40191965131089 1.13239982211962
1.06009517749771 1.54842341318727 0 1.69766519567929 1.01192086841911 1.58347751246765 1.2276826670859 1.43887629779056 1.46192225860432 0.935053176712245 1.83685677917674 1.5670756988693 1.71323146484792 1.20691610267386 1.04656708356924 1.05388403567486 1.31864458997734 1.16045695682988 1.29452480538748 1.76637333026156 1.62115479283966 1.68404916767031 1.7934182730969 1.65103260311298 1.06648313556798 1.41585925617255 1.2005184458103 1.14887412358075 1.2851402987726 1.18676442489959
1.8314286894165 1.28601879137568 1.69766519567929 0 1.54810708202422 1.13641592254862 1.7160182793159 0.978114555124193 0.979794402141124 1.35069229081273 1.67005932237953 1.63186855474487 1.72276777913794 1.46076659206301 1.18094672868028 1.65874561341479 1.01517620519735 1.0247275007423 1.27786004031077 1.09494127309881 1.76186018413864 1.43742176005617 1.30476302560419 1.44164910726249 1.71927448711358 1.2913039426785 1.37755867955275 1.54814369790256 1.22939949482679 1.23576611187309
1.74162065098062 1.12563847540878 1.01192086841911 1.54810708202422 0 1.17521649925038 1.6455779755488 1.45629984349944 1.81427211035043 1.18122975644656 1.33556385780685 1.1404602790717 1.04427868011408 1.23430870729499 1.83443571510725 1.42961101280525 1.30440673907287 1.89828817243688 1.13060928345658 0.980884885415435 1.47981745563447 1.63659342657775 1.87033622991294 1.54082128847949 1.12415146641433 1.01008814550005 1.18284481368028 1.56128990394063 1.06022531399503 1.52029407955706
1.75486340536736 1.35699000163004 1.58347751246765 1.13641592254862 1.17521649925038 0 1.29432684695348 1.84386946586892 1.76894480129704 1.469514768105 1.68229095847346 1.42408642615192 1.75257111131214 1.50730353151448 1.22941499506123 1.24398321378976 1.65004222025163 1.33672925946303 1.09983940795064 1.18780670315027 1.77486663754098 1.36969382222742 1.30970758129843 1.30812001717277 1.54300576285459 1.87501188903116 1.1114367574919 0.939571586437523 1.59030412021093 1.66130304080434
1.37204630929045 1.09187139756978 1.2276826670859 1.7160182793159 1.6455779755488 1.29432684695348 0 1.00414687301964 1.18365168594755 1.56720459414646 1.57644930598326 1.17673065746203 1.38771124649793 1.85811603628099 1.80434201192111 1.43180289189331 1.71484412183054 1.44159951223992 1.1472278800793 1.33051789738238 1.74248843640089 1.50785126839764 1.16697680321522 1.85607254714705 1.04975530365482 1.81363688223064 1.03076149406843 1.19810853688978 1.68906557466835 1.40938417147845
1.34732268960215 1.26833627442829 1.43887629779056 0.978114555124193 1.45629984349944 1.84386946586892 1.00414687301964 0 1.30456863646396 1.3924902274739 1.01879895408638 1.47859770688228 1.24598785466515 1.7142517818138 0.966558790765703 1.7939011415001 1.83449282520451 1.90919801848941 1.15307488874532 1.42110875737853 1.71296425582841 1.48550772224553 1.27663206378929 1.91483136592433 1.18749434291385 1.56540222885087 1.77618904830888 1.10055564460345 0.951431861612946 1.71014877222478
1.84099540417083 1.12705576024018 1.46192225860432 0.979794402141124 1.81427211035043 1.76894480129704 1.18365168594755 1.30456863646396 0 1.57621470349841 0.982654565712437 1.08511017565615 0.982722795801237 1.87831408833154 1.6573667130433 1.50616139965132 1.28368574730121 1.75775126065128 1.63982552196831 1.11069181747735 1.86353400256485 1.46999604557641 1.46066106972285 1.36957522109151 1.5559697530698 1.58622866566293 1.79448454780504 1.49659437895752 1.29493533587083 1.04072035686113
1.65661566401832 1.22391647775657 0.935053176712245 1.35069229081273 1.18122975644656 1.469514768105 1.56720459414646 1.3924902274739 1.57621470349841 0 1.01317528821528 1.10121316509321 1.61302736075595 1.36640182812698 1.41045272280462 1.39245606656186 1.65002291300334 1.04862335813232 0.975815360201523 1.30178313213401 1.53198221721686 1.88140112371184 1.34833114850335 1.78855096665211 0.987745281308889 1.13388265063986 1.79382129316218 1.07855988643132 1.51662557991222 1.70443627540953
1.27918052999303 1.63202886050567 1.83685677917674 1.67005932237953 1.33556385780685 1.68229095847346 1.57644930598326 1.01879895408638 0.982654565712437 1.01317528821528 0 1.7028089389205 1.05925620929338 1.5032797914464 1.03610869031399 1.04611982195638 1.11944089201279 1.31707985373214 1.40179793792777 1.46432893094607 1.82080498756841 1.33686094800942 1.34594586351886 1.60554649424739 1.04868230200373 1.47810797765851 1.89195023849607 1.03154864092357 1.3526171525009 1.78688567550853
1.63123943540268 1.89031560672447 1.5670756988693 1.63186855474487 1.1404602790717 1.42408642615192 1.17673065746203 1.47859770688228 1.08511017565615 1.10121316509321 1.7028089389205 0 1.84376424574293 1.00270145293325 1.36274688853882 1.54380327323452 1.20852697035298 1.09329675906338 1.63998772785999 1.68756585614756 1.41680069291033 1.01536779431626 1.10954714589752 1.59261595248245 1.22348714759573 1.53106095991097 1.21311735548079 1.50363219785504 1.18180454638787 1.360205240082
1.40902395942248 1.42123908200301 1.71323146484792 1.72276777913794 1.04427868011408 1.75257111131214 1.38771124649793 1.24598785466515 0.982722795801237 1.61302736075595 1.05925620929338 1.84376424574293 0 1.34693390713073 1.30505116051063 1.84568256791681 1.84799037082121 1.83658505300991 1.53548298706301 1.61885940516368 1.34317984920926 0.946203766157851 1.36415116721764 0.997062101727352 1.24404169502668 1.88451119931415 1.28510719933547 1.64458662969992 0.978562948061153 1.27684771991335
1.22692202054895 1.19674189342186 1.20691610267386 1.46076659206301 1.23430870729499 1.50730353151448 1.85811603628099 1.7142517818138 1.87831408833154 1.36640182812698 1.5032797914464 1.00270145293325 1.34693390713073 0 1.04033842612989 1.35478558111936 1.85667665908113 1.56625130889006 1.61170030129142 1.41537689161487 1.43643835792318 1.11125732539222 1.39293286972679 1.26204040087759 1.53749017463997 1.87409777473658 1.35021146992221 1.61236178013496 1.91531523107551 1.32636166689917
0.937612432055175 1.22377393837087 1.04656708356924 1.18094672868028 1.83443571510725 1.22941499506123 1.80434201192111 0.966558790765703 1.6573667130433 1.41045272280462 1.03610869031399 1.36274688853882 1.30505116051063 1.04033842612989 0 1.86413372354582 1.31391189363785 0.942639227723703 1.91074368800037 1.13170236395672 1.56984632159583 0.965349122881889 1.78422514139675 1.75742436666042 1.03129275771789 1.53349058725871 1.13150452356786 1.32388984900899 1.36573659256101 1.6493993634358
1.02630372112617 1.4337631482631 1.05388403567486 1.65874561341479 1.42961101280525 1.24398321378976 1.43180289189331 1.7939011415001 1.50616139965132 1.39245606656186 1.04611982195638 1.54380327323452 1.84568256791681 1.35478558111936 1.86413372354582 0 1.04788798606023 1.20163844106719 1.70429620728828 1.4347147278022 1.91115852864459 1.8755396946799 1.02968743327074 1.79311697836965 0.961832471890375 0.991593440528959 1.44971420173533 1.82701301970519 1.15527388337068 1.6980365999043
1.54911407991312 1.80160756851546 1.31864458997734 1.01517620519735 1.30440673907287 1.65004222025163 1.71484412183054 1.83449282520451 1.28368574730121 1.65002291300334 1.11944089201279 1.20852697035298 1.84799037082121 1.85667665908113 1.31391189363785 1.04788798606023 0 0.986235963646322 1.32880921824835 1.41922072228044 1.12471313471906 1.48232208285481 1.68012625118718 1.8547086827457 1.69657870265655 1.78025615774095 1.35406035673805 1.54618057585321 1.7886180691421 1.51715005538426
1.7425114295911 1.61081922031008 1.16045695682988 1.0247275007423 1.89828817243688 1.33672925946303 1.44159951223992 1.90919801848941 1.75775126065128 1.04862335813232 1.31707985373214 1.09329675906338 1.83658505300991 1.56625130889006 0.942639227723703 1.20163844106719 0.986235963646322 0 1.76719370274805 1.92497375188395 1.01017838367261 1.42048796662129 1.12072719330899 1.88225090736523 1.38160835439339 1.01039593224414 1.80752547248267 1.87008812674321 1.92090990650468 1.05453352839686
1.24547065724619 1.40458364388905 1.29452480538748 1.27786004031077 1.13060928345658 1.09983940795064 1.1472278800793 1.15307488874532 1.63982552196831 0.975815360201523 1.40179793792777 1.63998772785999 1.53548298706301 1.61170030129142 1.91074368800037 1.70429620728828 1.32880921824835 1.76719370274805 0 1.83521960256621 1.25357580371201 1.67548407567665 1.69408942107111 1.42340209707618 1.87559866555966 1.73241398390383 0.939221736975014 1.61442030663602 1.85578089207411 1.08215866843238
1.1998854521662 1.12879540282302 1.76637333026156 1.09494127309881 0.980884885415435 1.18780670315027 1.33051789738238 1.42110875737853 1.11069181747735 1.30178313213401 1.46432893094607 1.68756585614756 1.61885940516368 1.41537689161487 1.13170236395672 1.4347147278022 1.41922072228044 1.92497375188395 1.83521960256621 0 1.05671579181217 1.43191465479322 1.84871519496664 1.29794631432742 1.45974326692522 1.38877934427001 0.9784240196459 1.47696579853073 1.40867156884633 1.77232820005156
1.84746605833061 1.22006547148339 1.62115479283966 1.76186018413864 1.47981745563447 1.77486663754098 1.74248843640089 1.71296425582841 1.86353400256485 1.53198221721686 1.82080498756841 1.41680069291033 1.34317984920926 1.43643835792318 1.56984632159583 1.91115852864459 1.12471313471906 1.01017838367261 1.25357580371201 1.05671579181217 0 1.30321422521956 1.26020049536601 1.64350044564344 1.61115613020957 1.85626013018191 1.4300096174702 1.77527016424574 1.80645256233402 1.74384257686324
1.71077135810629 1.56579237268306 1.68404916767031 1.43742176005617 1.63659342657775 1.36969382222742 1.50785126839764 1.48550772224553 1.46999604557641 1.88140112371184 1.33686094800942 1.01536779431626 0.946203766157851 1.11125732539222 0.965349122881889 1.8755396946799 1.48232208285481 1.42048796662129 1.67548407567665 1.43191465479322 1.30321422521956 0 1.68623677734286 1.64087020768784 1.52412274782546 1.18203838006593 1.10416422435082 1.66594016016461 1.579279755475 1.68484142748639
1.17051392048597 1.58691882458515 1.7934182730969 1.30476302560419 1.87033622991294 1.30970758129843 1.16697680321522 1.27663206378929 1.46066106972285 1.34833114850335 1.34594586351886 1.10954714589752 1.36415116721764 1.39293286972679 1.78422514139675 1.02968743327074 1.68012625118718 1.12072719330899 1.69408942107111 1.84871519496664 1.26020049536601 1.68623677734286 0 0.93772451672703 1.19261210993864 1.49873649608344 0.945965075399727 1.18159951199777 1.41827943152748 1.63406742620282
1.05095088342205 1.78591953520663 1.65103260311298 1.44164910726249 1.54082128847949 1.30812001717277 1.85607254714705 1.91483136592433 1.36957522109151 1.78855096665211 1.60554649424739 1.59261595248245 0.997062101727352 1.26204040087759 1.75742436666042 1.79311697836965 1.8547086827457 1.88225090736523 1.42340209707618 1.29794631432742 1.64350044564344 1.64087020768784 0.93772451672703 0 1.72309090662748 1.75356117240153 1.52207043464296 1.0856111748144 1.03033877816051 1.25433192262426
1.8462896074634 1.60501816007309 1.06648313556798 1.71927448711358 1.12415146641433 1.54300576285459 1.04975530365482 1.18749434291385 1.5559697530698 0.987745281308889 1.04868230200373 1.22348714759573 1.24404169502668 1.53749017463997 1.03129275771789 0.961832471890375 1.69657870265655 1.38160835439339 1.87559866555966 1.45974326692522 1.61115613020957 1.52412274782546 1.19261210993864 1.72309090662748 0 1.38203439954668 1.38610011269338 1.32849854091182 1.04815519694239 1.19872108171694
1.48448203923181 1.7868064371869 1.41585925617255 1.2913039426785 1.01008814550005 1.87501188903116 1.81363688223064 1.56540222885087 1.58622866566293 1.13388265063986 1.47810797765851 1.53106095991097 1.88451119931415 1.87409777473658 1.53349058725871 0.991593440528959 1.78025615774095 1.01039593224414 1.73241398390383 1.38877934427001 1.85626013018191 1.18203838006593 1.49873649608344 1.75356117240153 1.38203439954668 0 1.27471048338339 1.01925156661309 1.24702354916371 1.29526129434817
1.82789767184295 0.955293689621612 1.2005184458103 1.37755867955275 1.18284481368028 1.1114367574919 1.03076149406843 1.77618904830888 1.79448454780504 1.79382129316218 1.89195023849607 1.21311735548079 1.28510719933547 1.35021146992221 1.13150452356786 1.44971420173533 1.35406035673805 1.80752547248267 0.939221736975014 0.9784240196459 1.4300096174702 1.10416422435082 0.945965075399727 1.52207043464296 1.38610011269338 1.27471048338339 0 1.2188214045018 1.91394980694167 1.36398810357787
1.64408970205113 1.35127968946472 1.14887412358075 1.54814369790256 1.56128990394063 0.939571586437523 1.19810853688978 1.10055564460345 1.49659437895752 1.07855988643132 1.03154864092357 1.50363219785504 1.64458662969992 1.61236178013496 1.32388984900899 1.82701301970519 1.54618057585321 1.87008812674321 1.61442030663602 1.47696579853073 1.77527016424574 1.66594016016461 1.18159951199777 1.0856111748144 1.32849854091182 1.01925156661309 1.2188214045018 0 1.51598477759399 1.55274517415091
0.986389918252826 1.40191965131089 1.2851402987726 1.22939949482679 1.06022531399503 1.59030412021093 1.68906557466835 0.951431861612946 1.29493533587083 1.51662557991222 1.3526171525009 1.18180454638787 0.978562948061153 1.91531523107551 1.36573659256101 1.15527388337068 1.7886180691421 1.92090990650468 1.85578089207411 1.40867156884633 1.80645256233402 1.579279755475 1.41827943152748 1.03033877816051 1.04815519694239 1.24702354916371 1.91394980694167 1.51598477759399 0 1.42939313012175
1.69394386280328 1.13239982211962 1.18676442489959 1.23576611187309 1.52029407955706 1.66130304080434 1.40938417147845 1.71014877222478 1.04072035686113 1.70443627540953 1.78688567550853 1.360205240082 1.27684771991335 1.32636166689917 1.6493993634358 1.6980365999043 1.51715005538426 1.05453352839686 1.08215866843238 1.77232820005156 1.74384257686324 1.68484142748639 1.63406742620282 1.25433192262426 1.19872108171694 1.29526129434817 1.36398810357787 1.55274517415091 1.42939313012175 0
