0 1.76673010340892 1.08616445679218 1.83309478452429 1.10621167044155 1.63981591071934 1.28894007834606 1.02184726670384 1.23743799724616 1.23763426719233 1.15122010209598 1.52433759509586 1.74577539996244 1.13284242409281 1.63036869023927 1.21036486933008 1.46511709014885 1.60235535330139 1.76388160069473 1.46065431507304 1.04098495934159 1.61885730759241 1.70317280152813 1.63233499950729 1.30571903614327 1.65021457453258 1.71291576791555 1.18834690167569 0.998575511854142 1.49828728521243
1.76673010340892 0 1.31000279844739 1.46836410881951 1.03776206611656 1.27412106236443 1.09119108552113 1.26867338549346 1.49615082726814 1.76099938922562 1.4374611817766 1.05161131732166 1.06964586838149 1.43860533647239 1.63369058677927 1.24167229537852 1.76964795263484 0.956949716433883 1.51433147932403 1.73825354571454 1.60624828492291 1.83095338614658 1.74754492216744 0.966188628925011 1.75843012402765 1.10588684352115 1.47314322553575 1.88583181472495 1.2634238624014 0.929476042743772
1.08616445679218 1.31000279844739 0 1.23361436417326 1.76419446361251 1.21879070671275 1.25611545168795 1.71496831858531 1.12560748145916 1.3159006703645 1.75450159283355 1.15038848645054 0.991891769925132 1.72177066770382 0.901898578740656 1.85034734103829 1.52520229388028 1.40467977058142 1.5973500336986 1.51326504466124 1.21021244814619 1.20911789126694 1.5926042648498 1.6015003551729 1.15115585969761 1.03713476890698 1.34673409117386 1.87852919427678 1.03347374661826 1.28122481657192
1.83309478452429 1.46836410881951 1.23361436417326 0 1.55482451641001 1.22160921082832 1.88786375545897 0.929288635030389 1.16693097702228 1.494574803859 1.16859148396179 1.60958335711621 1.2586168400012 1.76840444840491 0.892299765953794 1.44481896259822 1.73378824605606 0.932158997748047 1.62335808738135 1.12388193933293 1.08449986437336 1.71281084790826 1.34196141688153 1.57680303882807 1.82471003686078 1.15864921943285 1.06568352947943 1.26920607592911 1.66716303559951 1.28486788459122
1.10621167044155 1.03776206611656 1.76419446361251 1.55482451641001 0 1.65864934935234 1.7284281051252 1.31350832176395 1.62990968488157 1.28301244066097 1.48325046640821 1.74506936385296 1.10105156502686 1.36314566107467 1.25424979743548 1.1876584130805 1.182323387824 1.85006072279066 1.65649417624809 1.57550913933665 1.38652682886459 1.23139784741215 0.916487574810162 1.56972134741955 1.55209568724968 1.71309227822348 0.986159545136616 1.00655729789287 1.28725086594932 1.81931292032823
1.63981591071934 1.27412106236443 1.21879070671275 1.22160921082832 1.65864934935234 0 1.61458438471891 1.389514666982 0.971101246308535 1.7081433548592 1.62057262426242 1.69016988249496 1.50719290366396 1.28825940308161 1.71684391656891 1.62605967093259 1.82199191721156 0.891892356099561 1.30804845527746 1.28550214669667 1.88308105990291 1.09735812665895 1.78558141598478 1.73821790679358 1.83266092278063 1.31515798904002 1.45770302833989 0.895979707594961 1.16300335084088 1.03861621511169
1.28894007834606 1.09119108552113 1.25611545168795 1.88786375545897 1.7284281051252 1.61458438471891 0 1.8195902837906 1.73547292663716 1.04100582120009 1.62120787193999 1.23991976003163 1.03830603486858 1.43158490979113 1.42103455844335 0.899093514308333 1.04343696823344 1.82190011208877 0.960495081730187 1.3241662310902 1.02226000395603 1.26349195209332 1.46536491066217 1.2406504873652 1.74354671989568 1.545456194086 0.987161849625409 1.10395630192943 1.57503076945432 1.55274018482305
1.02184726670384 1.26867338549346 1.71496831858531 0.929288635030389 1.31350832176395 1.389514666982 1.8195902837906 0 1.44275385327637 1.25082755694166 1.70844780071639 1.3844410458114 1.48863934748806 1.28335241321474 1.33211994357407 1.12627809261903 0.941403304226696 1.86144763277844 1.61652514850721 1.20892886864021 1.33825602033176 1.62219674792141 1.60904444032349 1.59550892258994 1.29062825976871 1.39600533549674 1.29685926064849 1.63343238132074 1.13342985347845 0.982770134694874
1.23743799724616 1.49615082726814 1.12560748145916 1.16693097702228 1.62990968488157 0.971101246308535 1.73547292663716 1.44275385327637 0 1.79814987210557 1.53834572131746 0.985582130029798 1.71987466141582 1.21949262567796 1.49727350915782 1.04625871381722 1.1424955399707 1.21110568894073 0.90755955199711 1.72865940793417 0.935022495919839 1.54064386710525 1.28081716666929 0.928011691896245 1.60878166509792 0.911588469753042 1.77895835181698 1.02795772464015 1.0886533614248 1.12494591367431
1.23763426719233 1.76099938922562 1.3159006703645 1.494574803859 1.28301244066097 1.7081433548592 1.04100582120009 1.25082755694166 1.79814987210557 0 1.06632844964042 1.58190639433451 1.43184387497604 1.04266340029426 1.59104992076755 1.58893172605895 1.73434083047323 1.24568758392707 1.27049066429026 1.46590858278796 1.07961141993292 1.42284461669624 0.896302772453055 1.16110116778873 1.30908223101869 0.914917811052874 1.07756224623881 1.26326180691831 1.32621207181364 1.42928041401319
1.15122010209598 1.4374611817766 1.75450159283355 1.16859148396179 1.48325046640821 1.62057262426242 1.62120787193999 1.70844780071639 1.53834572131746 1.06632844964042 0 1.76863312534988 1.43194867484272 1.42412307625636 1.73669607611373 1.62967107770965 0.905451982514933 1.30426566977985 1.58011878235266 1.21955756377429 1.26690330123529 1.73864393727854 1.72970975167118 1.73719673603773 1.05538826226257 1.11285449238494 0.939450367353857 1.65214434661902 1.0758185503073 1.03055048943497
1.52433759509586 1.05161131732166 1.15038848645054 1.60958335711621 1.74506936385296 1.69016988249496 1.23991976003163 1.3844410458114 0.985582130029798 1.58190639433451 1.76863312534988 0 1.88174827792682 0.984151553828269 1.5559978983365 1.70768507849425 1.54514335445128 1.11196491122246 1.43920904537663 1.35236527910456 1.84978905878961 1.33021120238118 1.61082031927072 1.60658072982915 1.04429916269146 0.907146671321243 1.56240246794187 1.42762837745249 1.79433367471211 0.95950677478686
1.74577539996244 1.06964586838149 0.991891769925132 1.2586168400012 1.10105156502686 1.50719290366396 1.03830603486858 1.48863934748806 1.71987466141582 1.43184387497604 1.43194867484272 1.88174827792682 0 1.56429906003177 1.26095863990486 1.5963168204762 1.58007989544421 1.40007800655439 1.58768409397453 1.09417929244228 0.934344207402319 1.17652497044764 1.06333251832984 1.71643712255172 0.898783140117303 1.81048052385449 1.84233462088741 1.08402643143199 1.21036484511569 1.03836117777973
1.13284242409281 1.43860533647239 1.72177066770382 1.76840444840491 1.36314566107467 1.28825940308161 1.43158490979113 1.28335241321474 1.21949262567796 1.04266340029426 1.42412307625636 0.984151553828269 1.56429906003177 0 1.77153208036907 1.32228626147844 0.939956416375935 1.18452888424508 1.20038349740207 1.2815216332674 1.08928601304069 1.11159152141772 1.08507396420464 1.05843105213717 1.14907363289967 1.80992253008299 1.15399206662551 1.42006031773053 1.79334579175338 0.957936017541215
1.63036869023927 1.63369058677927 0.901898578740656 0.892299765953794 1.25424979743548 1.71684391656891 1.42103455844335 1.33211994357407 1.49727350915782 1.59104992076755 1.73669607611373 1.5559978983365 1.26095863990486 1.77153208036907 0 0.993935325881466 1.52538609015755 0.8959905738011 1.14787038555369 1.11012400034815 1.225833670469 1.69120754231699 1.59386747237295 1.87631212151609 1.12286665686406 1.52057825378142 1.04129775217734 1.14012364391237 1.51329016010277 1.41231693164445
1.21036486933008 1.24167229537852 1.85034734103829 1.44481896259822 1.1876584130805 1.62605967093259 0.899093514308333 1.12627809261903 1.04625871381722 1.58893172605895 1.62967107770965 1.70768507849425 1.5963168204762 1.32228626147844 0.993935325881466 0 1.49503856897354 1.26610474241897 0.91175532550551 1.79531767498702 1.5134798141662 1.06332831387408 1.18277068645693 1.32780463481322 1.8811613144353 1.72207721229643 1.20342978416011 1.58468121197075 1.16841926984489 0.990932829910889
1.46511709014885 1.76964795263484 1.52520229388028 1.73378824605606 1.182323387824 1.82199191721156 1.04343696823344 0.941403304226696 1.1424955399707 1.73434083047323 0.905451982514933 1.54514335445128 1.58007989544421 0.939956416375935 1.52538609015755 1.49503856897354 0 0.980736728990451 1.8648165918421 1.32889937539585 0.977399678202346 1.57164554623887 0.96668945113197 1.07221172680147 1.56000218330882 1.624990189448 0.960394240217283 1.54821706283838 1.44132398045622 1.28708021668717
1.60235535330139 0.956949716433883 1.40467977058142 0.932158997748047 1.85006072279066 0.891892356099561 1.82190011208877 1.86144763277844 1.21110568894073 1.24568758392707 1.30426566977985 1.11196491122246 1.40007800655439 1.18452888424508 0.8959905738011 1.26610474241897 0.980736728990451 0 0.998664556769654 1.38246645359322 1.57017288310453 1.50629985379055 1.79525069985539 1.06015433021821 1.48406042810529 1.5772209954448 1.87699565687217 1.71188478707336 1.75214000605047 1.61623515002429
1.76388160069473 1.51433147932403 1.5973500336986 1.62335808738135 1.65649417624809 1.30804845527746 0.960495081730187 1.61652514850721 0.90755955199711 1.27049066429026 1.58011878235266 1.43920904537663 1.58768409397453 1.20038349740207 1.14787038555369 0.91175532550551 1.8648165918421 0.998664556769654 0 1.38569837785326 1.07753090700135 1.68868560390547 1.5447951273527 1.32254305831157 1.0565320237074 1.15493690595031 1.86518373526633 0.972160444129258 1.82120165415108 1.43053035321645
1.46065431507304 1.73825354571454 1.51326504466124 1.12388193933293 1.57550913933665 1.28550214669667 1.3241662310902 1.20892886864021 1.72865940793417 1.46590858278796 1.21955756377429 1.35236527910456 1.09417929244228 1.2815216332674 1.11012400034815 1.79531767498702 1.32889937539585 1.38246645359322 1.38569837785326 0 1.00549629260786 1.04918725066818 1.70250824000686 1.47097676061094 1.47639340255409 1.73659222293645 0.955094023840502 1.02293961495161 1.61475112615153 1.25676908437163
1.04098495934159 1.60624828492291 1.21021244814619 1.08449986437336 1.38652682886459 1.88308105990291 1.02226000395603 1.33825602033176 0.935022495919839 1.07961141993292 1.26690330123529 1.84978905878961 0.934344207402319 1.08928601304069 1.225833670469 1.5134798141662 0.977399678202346 1.57017288310453 1.07753090700135 1.00549629260786 0 1.40627268678509 1.70886506792158 0.927336226915941 1.00868351734243 1.13282298622653 1.24885539640673 1.34455668088049 1.61332812951878 1.27537517668679
1.61885730759241 1.83095338614658 1.20911789126694 1.71281084790826 1.23139784741215 1.09735812665895 1.26349195209332 1.62219674792141 1.54064386710525 1.42284461669624 1.73864393727854 1.33021120238118 1.17652497044764 1.11159152141772 1.69120754231699 1.06332831387408 1.57164554623887 1.50629985379055 1.68868560390547 1.04918725066818 1.40627268678509 0 0.989771504653618 1.71820617979392 1.43104200181551 1.52399655315094 1.13983812904917 1.62100690626539 0.898030210984871 1.13630752917379
1.70317280152813 1.74754492216744 1.5926042648498 1.34196141688153 0.916487574810162 1.78558141598478 1.46536491066217 1.60904444032349 1.28081716666929 0.896302772453055 1.72970975167118 1.61082031927072 1.06333251832984 1.08507396420464 1.59386747237295 1.18277068645693 0.96668945113197 1.79525069985539 1.5447951273527 1.70250824000686 1.70886506792158 0.989771504653618 0 1.73547411430627 1.56572271836922 1.72248378372751 1.61752351070754 1.7918858572375 1.01867245789617 1.57594167813659
1.63233499950729 0.966188628925011 1.6015003551729 1.57680303882807 1.56972134741955 1.73821790679358 1.2406504873652 1.59550892258994 0.928011691896245 1.16110116778873 1.73719673603773 1.60658072982915 1.71643712255172 1.05843105213717 1.87631212151609 1.32780463481322 1.07221172680147 1.06015433021821 1.32254305831157 1.47097676061094 0.927336226915941 1.71820617979392 1.73547411430627 0 1.61684433324262 1.4135550535284 1.86719170305878 1.1958900494501 1.22669791220687 1.68559580459259
1.30571903614327 1.75843012402765 1.15115585969761 1.82471003686078 1.55209568724968 1.83266092278063 1.74354671989568 1.29062825976871 1.60878166509792 1.30908223101869 1.05538826226257 1.04429916269146 0.898783140117303 1.14907363289967 1.12286665686406 1.8811613144353 1.56000218330882 1.48406042810529 1.0565320237074 1.47639340255409 1.00868351734243 1.43104200181551 1.56572271836922 1.61684433324262 0 1.64994490123354 1.41254816506989 1.74140952760354 1.28318444709294 1.68687668163329
1.65021457453258 1.10588684352115 1.03713476890698 1.15864921943285 1.71309227822348 1.31515798904002 1.545456194086 1.39600533549674 0.911588469753042 0.914917811052874 1.11285449238494 0.907146671321243 1.81048052385449 1.80992253008299 1.52057825378142 1.72207721229643 1.624990189448 1.5772209954448 1.15493690595031 1.73659222293645 1.13282298622653 1.52399655315094 1.72248378372751 1.4135550535284 1.64994490123354 0 1.13797037187032 1.27761183562689 1.365624564467 1.07719715242274
1.71291576791555 1.47314322553575 1.34673409117386 1.06568352947943 0.986159545136616 1.45770302833989 0.987161849625409 1.29685926064849 1.77895835181698 1.07756224623881 0.939450367353857 1.56240246794187 1.84233462088741 1.15399206662551 1.04129775217734 1.20342978416011 0.960394240217283 1.87699565687217 1.86518373526633 0.955094023840502 1.24885539640673 1.13983812904917 1.61752351070754 1.86719170305878 1.41254816506989 1.13797037187032 0 1.14765403582714 1.41372179519385 0.912307413294911
1.18834690167569 1.88583181472495 1.87852919427678 1.26920607592911 1.00655729789287 0.895979707594961 1.10395630192943 1.63343238132074 1.02795772464015 1.26326180691831 1.65214434661902 1.42762837745249 1.08402643143199 1.42006031773053 1.14012364391237 1.58468121197075 1.54821706283838 1.71188478707336 0.972160444129258 1.02293961495161 1.34455668088049 1.62100690626539 1.7918858572375 1.1958900494501 1.74140952760354 1.27761183562689 1.14765403582714 0 1.08858070080169 1.05597192095593
0.998575511854142 1.2634238624014 1.03347374661826 1.66716303559951 1.28725086594932 1.16300335084088 1.57503076945432 1.13342985347845 1.0886533614248 1.32621207181364 1.0758185503073 1.79433367471211 1.21036484511569 1.79334579175338 1.51329016010277 1.16841926984489 1.44132398045622 1.75214000605047 1.82120165415108 1.61475112615153 1.61332812951878 0.898030210984871 1.01867245789617 1.22669791220687 1.28318444709294 1.365624564467 1.41372179519385 1.08858070080169 0 1.80751239741221
1.49828728521243 0.929476042743772 1.28122481657192 1.28486788459122 1.81931292032823 1.03861621511169 1.55274018482305 0.982770134694874 1.12494591367431 1.42928041401319 1.03055048943497 0.95950677478686 1.03836117777973 0.957936017541215 1.41231693164445 0.990932829910889 1.28708021668717 1.61623515002429 1.43053035321645 1.25676908437163 1.27537517668679 1.13630752917379 1.57594167813659 1.68559580459259 1.68687668163329 1.07719715242274 0.912307413294911 1.05597192095593 1.80751239741221 0
