0 1.68184811109677 1.26634124806151 0.93561686668545 1.369073826354 1.90710955602117 1.66628954559565 1.20607703435235 1.48366957623512 1.07845982443541 1.37790212896653 1.48617136874236 1.30078161042184 1.64023912651464 0.978742181556299 1.19111879286356 1.48364590131678 1.35809984896332 1.84978020587005 1.83615347836167 1.67225196585059 1.22500358289108 1.18596925889142 1.75564852473326 1.70379122602753 1.79541754932143 1.0879777809605 1.73097686492838 0.975317505653948 1.78675842704251
1.68184811109677 0 1.02564922743477 1.82918268372305 1.51622264273465 1.38752135680988 1.06613241042942 1.53045980678871 1.67588794138283 1.77549424674362 1.90140324225649 1.12060076999478 0.939871238544583 1.05244897329248 1.90221445029601 1.88118505594321 1.33642523735762 1.55642008478753 0.988961412571371 1.78739249380305 1.47225700109266 1.41222266620025 1.71828674408607 1.7900262393523 1.21263478090987 1.35675888694823 1.59031371236779 1.4489460515324 1.55611878749914 1.28235884616151
1.26634124806151 1.02564922743477 0 1.19763280497864 1.71766516403295 1.92359486385249 1.71118992869742 1.69835196202621 1.32708200416528 1.16289026499726 1.44562644534744 1.42075846507214 1.36676017125137 1.58469291892834 1.03126453678124 1.5486904613208 1.63795450073667 1.53911303915083 1.84842612454668 1.46829167101532 0.984461039770395 1.83776876586489 1.73394367611036 1.78132354514673 0.932577893370762 1.1033578813076 1.83830400183797 1.69542207568884 1.33779391692951 1.85183822363615
0.93561686668545 1.82918268372305 1.19763280497864 0 0.991208652965724 0.986396910157055 1.2811112080235 1.54098505689763 1.44927856489085 1.74159948877059 1.18795768660493 1.5601908818353 0.997725249035284 1.37499018316157 1.3538546145428 1.19393604015931 1.37514731637202 1.42756052245386 1.86473046708852 1.52058602310717 1.71561994380318 1.0698125732597 1.52963891555555 1.51069317315705 1.69590344559401 1.82830847217701 1.67438317043707 1.55558982933871 1.28838913352229 1.0915595095139
1.369073826354 1.51622264273465 1.71766516403295 0.991208652965724 0 1.0243435157463 1.86498059891164 1.86977877980098 1.45396278821863 1.5620432770811 1.42588882171549 1.87173055671155 1.53196806320921 1.14720514300279 0.93512233835645 0.951222056057304 1.28879780322313 0.952612923225388 1.34495600499213 1.61589670088142 1.59897759812884 1.27404820150696 1.80504553578794 1.72675552498549 1.00053293188103 1.04721757932566 1.15356137626804 1.01359224598855 1.68878817139193 0.972354861907661
1.90710955602117 1.38752135680988 1.92359486385249 0.986396910157055 1.0243435157463 0 1.87824147520587 1.03675519651733 1.44578546867706 1.16941234911792 1.76440421468578 1.36109116324224 1.68051455263048 1.30743394908495 1.55538955004886 1.51729700155556 1.54642966459505 1.13290103059262 1.25644676480442 1.68945633457042 1.58444614708424 1.65135862282477 1.1937244287692 1.50511402031407 1.20598230883479 1.0947989046108 1.20118731423281 1.40053971135058 1.3181873341091 0.960450883954763
1.66628954559565 1.06613241042942 1.71118992869742 1.2811112080235 1.86498059891164 1.87824147520587 0 1.68498395942152 1.68049686867744 1.69681239244528 1.17231719242409 1.76564364135265 1.59571442985907 1.79046014975756 0.960548902163282 1.32496602949686 1.13866391940974 1.62171101034619 1.83878652774729 1.16859736829065 1.02854054421186 1.91824547061697 1.14357061847113 1.22922364110127 1.7291688688565 1.48554099071771 1.83100795117207 1.34372957376763 1.45445484807715 0.951948604080826
1.20607703435235 1.53045980678871 1.69835196202621 1.54098505689763 1.86977877980098 1.03675519651733 1.68498395942152 0 1.1922305917833 1.62846109690145 1.52892321371473 1.10155907645822 1.31339720985852 1.57604666845873 1.54431590600871 1.83123213332146 1.68966012797318 1.06446551601402 1.75506204320118 1.41745785321109 1.41294973157346 1.64125360897742 1.00433507654816 1.34733970789239 1.31771282572299 1.0082708785776 1.17805624427274 1.54414423834532 1.91330511937849 1.13580707949586
1.48366957623512 1.67588794138283 1.32708200416528 1.44927856489085 1.45396278821863 1.44578546867706 1.68049686867744 1.1922305917833 0 1.60742959007621 1.02920846571214 1.00505213765427 1.64222854794934 1.38577321404591 1.91097681317478 1.50379638234153 1.11412234348245 1.01088489033282 1.34383967053145 1.17362153739668 1.5768073562067 1.86941629112698 0.984870733227581 1.75891337054782 1.23199459793977 1.802313238848 1.26949517871253 1.12569011538289 1.63915008399636 1.41232725023292
1.07845982443541 1.77549424674362 1.16289026499726 1.74159948877059 1.5620432770811 1.16941234911792 1.69681239244528 1.62846109690145 1.60742959007621 0 1.70830036886036 1.4388264361769 1.03221713379025 1.59998422744684 1.90228757308796 1.60917356936261 1.88856663601473 1.43994804890826 1.92263855505735 1.47409602510743 1.53099555009976 1.90960927563719 1.24185024341568 0.937329776585102 1.2970436331816 0.930651122704148 1.3733808780089 1.34782242635265 1.78841381450184 1.14195412374102
1.37790212896653 1.90140324225649 1.44562644534744 1.18795768660493 1.42588882171549 1.76440421468578 1.17231719242409 1.52892321371473 1.02920846571214 1.70830036886036 0 1.80169691611081 1.37133183563128 1.22691083722748 1.12909571407363 1.83324997755699 1.43890256690793 1.1866488866508 1.00225029257126 1.45601810305379 1.05814176890999 0.974727556109428 0.980572727508843 0.999924239236861 1.87693787342869 1.60082972911187 1.76840238273144 1.42169745289721 1.21378150209785 1.48431079485454
1.48617136874236 1.12060076999478 1.42075846507214 1.5601908818353 1.87173055671155 1.36109116324224 1.76564364135265 1.10155907645822 1.00505213765427 1.4388264361769 1.80169691611081 0 1.74378542276099 0.968040931271389 1.11250279075466 1.07788330828771 1.05805940064602 1.29666794138029 1.40597744751722 1.15337724820711 1.72176350536756 1.06868769647554 1.91857336787507 1.3603211210575 1.80726884491742 1.33231820282526 1.14608848234639 1.33947348734364 1.80664747720584 1.33173138927668
1.30078161042184 0.939871238544583 1.36676017125137 0.997725249035284 1.53196806320921 1.68051455263048 1.59571442985907 1.31339720985852 1.64222854794934 1.03221713379025 1.37133183563128 1.74378542276099 0 1.83490381482989 1.25656224391423 1.60699893138371 1.67822016845457 1.35217233817093 1.14573595137335 1.49552013445646 1.50089534698054 1.13635526853614 1.08874148712493 1.84078781213611 1.1233645088505 1.2541812597774 1.66029853257351 1.17495709122159 1.7930921590887 1.29407074349001
1.64023912651464 1.05244897329248 1.58469291892834 1.37499018316157 1.14720514300279 1.30743394908495 1.79046014975756 1.57604666845873 1.38577321404591 1.59998422744684 1.22691083722748 0.968040931271389 1.83490381482989 0 1.70649796747603 0.988310838816687 1.40347360051237 1.43665206409059 1.70979564916342 1.2129456915427 1.1082573318854 0.959301344817504 1.08073246432468 1.90974740684032 1.34056012076326 1.49144770135172 0.95539702870883 1.13788680359721 1.37509968387894 1.89239833597094
0.978742181556299 1.90221445029601 1.03126453678124 1.3538546145428 0.93512233835645 1.55538955004886 0.960548902163282 1.54431590600871 1.91097681317478 1.90228757308796 1.12909571407363 1.11250279075466 1.25656224391423 1.70649796747603 0 1.51334951329045 1.82230977807194 1.06636867113411 1.84558674530126 1.00344422436319 1.01072794431821 1.78163435659371 1.48350932565518 0.973470745841041 1.09790197643451 1.7943181337323 1.66271779197268 1.50995858642273 1.47086436790414 1.90747720026411
1.19111879286356 1.88118505594321 1.5486904613208 1.19393604015931 0.951222056057304 1.51729700155556 1.32496602949686 1.83123213332146 1.50379638234153 1.60917356936261 1.83324997755699 1.07788330828771 1.60699893138371 0.988310838816687 1.51334951329045 0 1.77384177176282 0.982551785185933 1.20003449963406 1.37184868380427 1.49878342146985 0.953280335059389 1.0341589434538 1.7285809351597 1.03999463189393 1.7765996477101 1.05892483424395 1.2847582239192 1.42062935233116 1.20799258211628
1.48364590131678 1.33642523735762 1.63795450073667 1.37514731637202 1.28879780322313 1.54642966459505 1.13866391940974 1.68966012797318 1.11412234348245 1.88856663601473 1.43890256690793 1.05805940064602 1.67822016845457 1.40347360051237 1.82230977807194 1.77384177176282 0 1.05929240840487 1.12210436281748 1.01593760144897 1.80636750836857 1.01786166499369 1.54241869179532 1.26604093634523 1.00925839319825 1.81277026725002 1.6934419432655 1.22814926644787 0.994918235111982 1.09692919184454
1.35809984896332 1.55642008478753 1.53911303915083 1.42756052245386 0.952612923225388 1.13290103059262 1.62171101034619 1.06446551601402 1.01088489033282 1.43994804890826 1.1866488866508 1.29666794138029 1.35217233817093 1.43665206409059 1.06636867113411 0.982551785185933 1.05929240840487 0 1.73714468162507 1.34424938168377 1.04312338377349 1.3842168780975 1.23081052000634 1.90095951245166 1.14425656595267 1.6747124621179 1.87564439303242 1.70644312142394 1.78229927131906 1.56601852597669
1.84978020587005 0.988961412571371 1.84842612454668 1.86473046708852 1.34495600499213 1.25644676480442 1.83878652774729 1.75506204320118 1.34383967053145 1.92263855505735 1.00225029257126 1.40597744751722 1.14573595137335 1.70979564916342 1.84558674530126 1.20003449963406 1.12210436281748 1.73714468162507 0 1.41236468893476 1.54226198932156 1.10349042969756 1.28638221905567 1.67124144383706 1.07277510943823 1.50011142389849 1.02052404102869 1.38221204141155 1.10659131128341 1.79492898634635
1.83615347836167 1.78739249380305 1.46829167101532 1.52058602310717 1.61589670088142 1.68945633457042 1.16859736829065 1.41745785321109 1.17362153739668 1.47409602510743 1.45601810305379 1.15337724820711 1.49552013445646 1.2129456915427 1.00344422436319 1.37184868380427 1.01593760144897 1.34424938168377 1.41236468893476 0 1.10720657580532 1.42596444278024 1.63517833640799 1.1889433148317 1.10382845345885 1.27476229402237 1.70484630973078 1.28966716723517 1.49518086784519 1.68117394577712
1.67225196585059 1.47225700109266 0.984461039770395 1.71561994380318 1.59897759812884 1.58444614708424 1.02854054421186 1.41294973157346 1.5768073562067 1.53099555009976 1.05814176890999 1.72176350536756 1.50089534698054 1.1082573318854 1.01072794431821 1.49878342146985 1.80636750836857 1.04312338377349 1.54226198932156 1.10720657580532 0 1.02259589498863 1.13475526915863 1.17421776847914 1.13593400223181 1.39528036350384 1.37721048458479 1.32579172658734 1.90542300371453 1.92323940410279
1.22500358289108 1.41222266620025 1.83776876586489 1.0698125732597 1.27404820150696 1.65135862282477 1.91824547061697 1.64125360897742 1.86941629112698 1.90960927563719 0.974727556109428 1.06868769647554 1.13635526853614 0.959301344817504 1.78163435659371 0.953280335059389 1.01786166499369 1.3842168780975 1.10349042969756 1.42596444278024 1.02259589498863 0 1.40504148323089 1.16464239847846 1.58384931064211 1.00995717197657 0.951776803703979 1.19247352471575 1.82110211648978 1.34024960082024
1.18596925889142 1.71828674408607 1.73394367611036 1.52963891555555 1.80504553578794 1.1937244287692 1.14357061847113 1.00433507654816 0.984870733227581 1.24185024341568 0.980572727508843 1.91857336787507 1.08874148712493 1.08073246432468 1.48350932565518 1.0341589434538 1.54241869179532 1.23081052000634 1.28638221905567 1.63517833640799 1.13475526915863 1.40504148323089 0 1.34534426522441 1.6209571827203 1.52782752690837 1.00463441573083 1.69478605268523 1.7070451634936 1.70248209335841
1.75564852473326 1.7900262393523 1.78132354514673 1.51069317315705 1.72675552498549 1.50511402031407 1.22922364110127 1.34733970789239 1.75891337054782 0.937329776585102 0.999924239236861 1.3603211210575 1.84078781213611 1.90974740684032 0.973470745841041 1.7285809351597 1.26604093634523 1.90095951245166 1.67124144383706 1.1889433148317 1.17421776847914 1.16464239847846 1.34534426522441 0 1.05572678893805 1.27715300559066 1.80644982657395 1.15298733487725 0.983419877709821 1.79337396472692
1.70379122602753 1.21263478090987 0.932577893370762 1.69590344559401 1.00053293188103 1.20598230883479 1.7291688688565 1.31771282572299 1.23199459793977 1.2970436331816 1.87693787342869 1.80726884491742 1.1233645088505 1.34056012076326 1.09790197643451 1.03999463189393 1.00925839319825 1.14425656595267 1.07277510943823 1.10382845345885 1.13593400223181 1.58384931064211 1.6209571827203 1.05572678893805 0 1.18780707125552 1.28632955229841 1.06519925850444 1.18728276737966 1.01388148870319
1.79541754932143 1.35675888694823 1.1033578813076 1.82830847217701 1.04721757932566 1.0947989046108 1.48554099071771 1.0082708785776 1.802313238848 0.930651122704148 1.60082972911187 1.33231820282526 1.2541812597774 1.49144770135172 1.7943181337323 1.7765996477101 1.81277026725002 1.6747124621179 1.50011142389849 1.27476229402237 1.39528036350384 1.00995717197657 1.52782752690837 1.27715300559066 1.18780707125552 0 1.56733584636822 0.933141219895333 1.27156769647263 1.64323058840819
1.0879777809605 1.59031371236779 1.83830400183797 1.67438317043707 1.15356137626804 1.20118731423281 1.83100795117207 1.17805624427274 1.26949517871253 1.3733808780089 1.76840238273144 1.14608848234639 1.66029853257351 0.95539702870883 1.66271779197268 1.05892483424395 1.6934419432655 1.87564439303242 1.02052404102869 1.70484630973078 1.37721048458479 0.951776803703979 1.00463441573083 1.80644982657395 1.28632955229841 1.56733584636822 0 1.81749853142537 1.29578027012758 1.45142950629815
1.73097686492838 1.4489460515324 1.69542207568884 1.55558982933871 1.01359224598855 1.40053971135058 1.34372957376763 1.54414423834532 1.12569011538289 1.34782242635265 1.42169745289721 1.33947348734364 1.17495709122159 1.13788680359721 1.50995858642273 1.2847582239192 1.22814926644787 1.70644312142394 1.38221204141155 1.28966716723517 1.32579172658734 1.19247352471575 1.69478605268523 1.15298733487725 1.06519925850444 0.933141219895333 1.81749853142537 0 1.43471407727338 1.2066683601588
0.975317505653948 1.55611878749914 1.33779391692951 1.28838913352229 1.68878817139193 1.3181873341091 1.45445484807715 1.91330511937849 1.63915008399636 1.78841381450184 1.21378150209785 1.80664747720584 1.7930921590887 1.37509968387894 1.47086436790414 1.42062935233116 0.994918235111982 1.78229927131906 1.10659131128341 1.49518086784519 1.90542300371453 1.82110211648978 1.7070451634936 0.983419877709821 1.18728276737966 1.27156769647263 1.29578027012758 1.43471407727338 0 1.35693323472515
1.78675842704251 1.28235884616151 1.85183822363615 1.0915595095139 0.972354861907661 0.960450883954763 0.951948604080826 1.13580707949586 1.41232725023292 1.14195412374102 1.48431079485454 1.33173138927668 1.29407074349001 1.89239833597094 1.90747720026411 1.20799258211628 1.09692919184454 1.56601852597669 1.79492898634635 1.68117394577712 1.92323940410279 1.34024960082024 1.70248209335841 1.79337396472692 1.01388148870319 1.64323058840819 1.45142950629815 1.2066683601588 1.35693323472515 0
