0 1.26144973933697 1.13912275549956 1.61496951594017 1.43529690965079 1.50866323290393 1.19799760403112 1.68421271792613 1.66530583705753 1.84320564451627 1.77923774439842 1.96494648535736 1.5779406814836 1.13875255035236 1.48741645575501 1.62134316051379 1.70191188156605 1.77259272825904 1.8748014208395 1.38178264931776 1.78252705582418 1.86820605979301 1.86230678670108 1.33783356961794 1.76127744931728 1.65598014066927 1.5909302548971 1.58509946754202 1.59226128808223 1.35294832009822
1.26144973933697 0 1.60820985375904 1.784733425593 1.25738375564106 1.26374202291481 1.10050300881267 1.58151993155479 1.30019926512614 1.10870193853043 1.92679405515082 1.53337401454337 1.33953804848716 1.01258488395251 1.8873272112105 1.78119449992664 1.10051196767017 1.31216668174602 1.21391499554738 1.2308174984064 1.22053157445043 1.84386098361574 1.46702764742076 1.43068079953082 1.29086902621202 1.92448020377196 1.88911614823155 1.12494434067048 1.00057204044424 1.58922793553211
1.13912275549956 1.60820985375904 0 1.58686015894637 1.15960466559045 1.05196053441614 1.77855540090241 0.976605742005631 1.9741915659979 1.1968409428373 1.73487704247236 1.58636720222421 1.80840117437765 1.42037926055491 1.47226376924664 1.28236047178507 1.64118345663883 1.29618313908577 1.56196932145394 1.36940270778723 1.18380916002207 1.24951548757963 1.5101451780647 1.85668380069546 1.68953543226235 1.69071830972098 1.34032799652778 1.03101789182983 1.49344679969363 1.54459011321887
1.61496951594017 1.784733425593 1.58686015894637 0 1.35411069192924 1.29161716718227 1.02535038301721 1.31651624734513 1.18551396834664 1.61140906158835 1.36824531713501 1.49085981445387 1.06291338149458 1.90493558952585 1.81306796870194 1.96017873240635 1.41664018854499 1.73090979130939 1.13460343354382 1.93942755670287 1.60722866328433 1.71943955752067 1.87737768027 1.90574052534066 1.38456600671634 1.06470874580555 1.49723219731823 1.50394736835733 1.74788033729419 1.41137066599913
1.43529690965079 1.25738375564106 1.15960466559045 1.35411069192924 0 1.34896483551711 1.33220870466903 1.15955409989692 1.27410892839544 1.52770999446511 1.90415645600297 1.52192192804068 1.52777704759501 1.34945010743104 1.67857270105742 1.35320934723131 1.63806785456836 1.31509414524771 1.05979336402379 1.83240437810309 1.35384609387256 1.34279473009519 1.34996174043044 1.13105831691064 1.41242931759916 1.3103885196615 1.90322589548305 1.04521473846398 1.24844241142273 1.96092957328074
1.50866323290393 1.26374202291481 1.05196053441614 1.29161716718227 1.34896483551711 0 1.12184171145782 1.75271740881726 1.21443676739 1.78217706899159 1.74242245755158 1.91616017417982 1.40537102217786 1.48110167705454 1.36135101947002 1.89962076325901 1.95095024979673 1.12012022710405 1.91916286339983 1.18798241112381 1.45330086559989 1.39111111988313 1.19005647138692 1.01057069585659 1.01082597416826 1.49735042685643 1.41008101869375 1.94248146517202 1.0715317777358 1.35938017303124
1.19799760403112 1.10050300881267 1.77855540090241 1.02535038301721 1.33220870466903 1.12184171145782 0 1.84104296867736 1.13015402504243 1.52131152851507 1.33541272650473 1.54580470966175 1.87084306403995 1.11936951591633 1.90191465709358 1.53426799434237 1.67056661867537 1.32386766979471 1.28081444441341 1.94772765901871 1.7930953213945 1.02155947429128 1.53987313481048 1.03390755667351 1.13979062950239 1.07002197112888 1.41617105528712 1.39550673007034 1.66535877482966 1.41350120236166
1.68421271792613 1.58151993155479 0.976605742005631 1.31651624734513 1.15955409989692 1.75271740881726 1.84104296867736 0 1.08610403165221 1.04300973704085 1.68514050636441 1.50131456158124 1.12854299577884 0.987264269264415 1.54849129891954 1.59066593949683 1.10048305010423 1.14151653135195 1.50791387166828 1.64582210197113 1.81416848069057 1.05967296124436 1.40678541688249 1.26403332874179 1.27482715807855 1.97485370980576 1.90701021719724 1.29111568536609 1.76645397511311 1.54047635663301
1.66530583705753 1.30019926512614 1.9741915659979 1.18551396834664 1.27410892839544 1.21443676739 1.13015402504243 1.08610403165221 0 1.48046358232386 1.14102088939399 1.43204352376051 1.89265954401344 1.42367361928336 1.18918968737125 1.8499368566554 1.467366570374 1.85527974902652 1.69447798235342 1.86215860582888 1.4454373139888 1.39202450006269 1.82737017981708 1.48265161365271 1.2833303688094 1.75383897591382 1.59689902793616 1.30890713771805 1.77794195478782 1.79662903677672
1.84320564451627 1.10870193853043 1.1968409428373 1.61140906158835 1.52770999446511 1.78217706899159 1.52131152851507 1.04300973704085 1.48046358232386 0 1.82105241087265 1.21185654657893 1.71351418620907 1.51930235652253 1.9001591198612 1.14269516104832 1.72603729483671 1.46976564801298 1.86740460828878 1.24928925698623 1.74683913518675 0.980598916532472 1.20893034618348 0.99617498414591 1.67594371619634 1.30405778787099 1.49391675111838 1.60924970731139 1.08480353164487 1.68768512550741
1.77923774439842 1.92679405515082 1.73487704247236 1.36824531713501 1.90415645600297 1.74242245755158 1.33541272650473 1.68514050636441 1.14102088939399 1.82105241087265 0 0.984807961154729 1.09330508019775 1.87607806571759 1.1308550729882 1.44058269564994 1.39425761438906 1.77777879638597 1.21642924845219 1.48849103134125 1.84342143009417 1.63233864912763 1.39978828560561 1.26283575058915 1.86143072322011 1.36783921392635 1.8046694137156 1.60061489441432 1.29034943552688 1.36109375301749
1.96494648535736 1.53337401454337 1.58636720222421 1.49085981445387 1.52192192804068 1.91616017417982 1.54580470966175 1.50131456158124 1.43204352376051 1.21185654657893 0.984807961154729 0 1.07866165973246 1.44457908649929 1.290518081747 1.60599945951253 1.83354434533976 1.31839005136862 1.2756579099223 1.60758235142566 1.88932745880447 1.32310050236993 1.22118970146403 1.08505715359934 1.4962517558597 1.54839631658979 1.70976837794296 1.48100274940953 1.60692506493069 1.91121185966767
1.5779406814836 1.33953804848716 1.80840117437765 1.06291338149458 1.52777704759501 1.40537102217786 1.87084306403995 1.12854299577884 1.89265954401344 1.71351418620907 1.09330508019775 1.07866165973246 0 1.35588134429418 1.43411408853717 1.03018363076262 1.07176012103446 1.28026193822734 1.62085552699864 1.34449291066267 1.41230130149052 1.17544313683175 1.65570599562488 1.82819579378702 1.20537107158452 1.85640574595891 1.5564845323097 1.6587363651488 1.4167497321032 1.75693889497779
1.13875255035236 1.01258488395251 1.42037926055491 1.90493558952585 1.34945010743104 1.48110167705454 1.11936951591633 0.987264269264415 1.42367361928336 1.51930235652253 1.87607806571759 1.44457908649929 1.35588134429418 0 1.84296830906533 1.8377412375994 1.68431542185135 1.72783996397629 1.8128836019896 1.24944045231678 1.06308400328271 0.982756916666403 1.12562334444374 1.93671021889895 1.61854802491143 0.987589440541342 1.75948140118271 1.58973140036687 1.30873468611389 1.03904137038626
1.48741645575501 1.8873272112105 1.47226376924664 1.81306796870194 1.67857270105742 1.36135101947002 1.90191465709358 1.54849129891954 1.18918968737125 1.9001591198612 1.1308550729882 1.290518081747 1.43411408853717 1.84296830906533 0 1.7458902343642 1.06069088052027 1.25943558313884 1.95485841366462 1.05616378434934 1.62041343702003 1.40338275255635 1.41043531568721 1.44591058394872 1.10599290928803 1.11947659519501 1.07463901140727 1.08090817369521 1.51710146712139 1.6971852069255
1.62134316051379 1.78119449992664 1.28236047178507 1.96017873240635 1.35320934723131 1.89962076325901 1.53426799434237 1.59066593949683 1.8499368566554 1.14269516104832 1.44058269564994 1.60599945951253 1.03018363076262 1.8377412375994 1.7458902343642 0 1.96271636942402 1.10839873948134 1.80345590179786 1.36912958417088 1.74405633285642 1.76792006008327 1.82537202141248 1.91235948214307 1.27339779399335 1.61128067644313 1.57824125187472 1.95940909115598 1.06400949368253 1.90792920556851
1.70191188156605 1.10051196767017 1.64118345663883 1.41664018854499 1.63806785456836 1.95095024979673 1.67056661867537 1.10048305010423 1.467366570374 1.72603729483671 1.39425761438906 1.83354434533976 1.07176012103446 1.68431542185135 1.06069088052027 1.96271636942402 0 1.36700040916912 1.31279263272882 1.95920250634663 1.53584772581235 1.22858102153987 1.74263520655222 1.10168700781651 1.95523729850538 1.54334303853102 1.90654305089265 1.94933041860349 1.03561597201042 1.49033450288698
1.77259272825904 1.31216668174602 1.29618313908577 1.73090979130939 1.31509414524771 1.12012022710405 1.32386766979471 1.14151653135195 1.85527974902652 1.46976564801298 1.77777879638597 1.31839005136862 1.28026193822734 1.72783996397629 1.25943558313884 1.10839873948134 1.36700040916912 0 1.13350694836117 1.9236990318168 1.74528786819428 1.62382917688228 1.79931189515628 1.82339669996873 1.32571881380863 1.96682442026213 1.90296223876067 1.94089361466467 1.6823892951943 1.61979005788453
1.8748014208395 1.21391499554738 1.56196932145394 1.13460343354382 1.05979336402379 1.91916286339983 1.28081444441341 1.50791387166828 1.69447798235342 1.86740460828878 1.21642924845219 1.2756579099223 1.62085552699864 1.8128836019896 1.95485841366462 1.80345590179786 1.31279263272882 1.13350694836117 0 1.27982297772542 1.01670672511682 1.95448464527726 1.12567016249523 1.20851142355241 1.53537103510462 1.44696615007706 1.42215788085014 1.34521795995533 1.9194554889109 1.15791702130809
1.38178264931776 1.2308174984064 1.36940270778723 1.93942755670287 1.83240437810309 1.18798241112381 1.94772765901871 1.64582210197113 1.86215860582888 1.24928925698623 1.48849103134125 1.60758235142566 1.34449291066267 1.24944045231678 1.05616378434934 1.36912958417088 1.95920250634663 1.9236990318168 1.27982297772542 0 1.77883740351535 1.52976872189902 1.73027760582045 1.05252712778747 1.31704606162384 1.13149956450798 1.0685123859439 1.96155559550971 1.24119950458407 1.59145558183081
1.78252705582418 1.22053157445043 1.18380916002207 1.60722866328433 1.35384609387256 1.45330086559989 1.7930953213945 1.81416848069057 1.4454373139888 1.74683913518675 1.84342143009417 1.88932745880447 1.41230130149052 1.06308400328271 1.62041343702003 1.74405633285642 1.53584772581235 1.74528786819428 1.01670672511682 1.77883740351535 0 1.88798739179038 1.87378846597858 1.3426465773955 1.31024627480656 1.42194125475362 1.24776697251946 1.17753830156289 1.12516000517644 1.35616936604492
1.86820605979301 1.84386098361574 1.24951548757963 1.71943955752067 1.34279473009519 1.39111111988313 1.02155947429128 1.05967296124436 1.39202450006269 0.980598916532472 1.63233864912763 1.32310050236993 1.17544313683175 0.982756916666403 1.40338275255635 1.76792006008327 1.22858102153987 1.62382917688228 1.95448464527726 1.52976872189902 1.88798739179038 0 1.60115485521965 1.50906767486595 1.27817363664508 1.90241946652532 1.74647386115976 1.73773649311624 1.35274097998627 1.1514835152775
1.86230678670108 1.46702764742076 1.5101451780647 1.87737768027 1.34996174043044 1.19005647138692 1.53987313481048 1.40678541688249 1.82737017981708 1.20893034618348 1.39978828560561 1.22118970146403 1.65570599562488 1.12562334444374 1.41043531568721 1.82537202141248 1.74263520655222 1.79931189515628 1.12567016249523 1.73027760582045 1.87378846597858 1.60115485521965 0 1.72582966694608 1.22268981160596 1.11095570633188 0.990824498701841 1.18713866686448 1.47327415877953 1.97252048063092
1.33783356961794 1.43068079953082 1.85668380069546 1.90574052534066 1.13105831691064 1.01057069585659 1.03390755667351 1.26403332874179 1.48265161365271 0.99617498414591 1.26283575058915 1.08505715359934 1.82819579378702 1.93671021889895 1.44591058394872 1.91235948214307 1.10168700781651 1.82339669996873 1.20851142355241 1.05252712778747 1.3426465773955 1.50906767486595 1.72582966694608 0 1.04110343218781 1.81996425613761 1.22341925092041 1.89963526837528 1.93568394635804 1.64421484130435
1.76127744931728 1.29086902621202 1.68953543226235 1.38456600671634 1.41242931759916 1.01082597416826 1.13979062950239 1.27482715807855 1.2833303688094 1.67594371619634 1.86143072322011 1.4962517558597 1.20537107158452 1.61854802491143 1.10599290928803 1.27339779399335 1.95523729850538 1.32571881380863 1.53537103510462 1.31704606162384 1.31024627480656 1.27817363664508 1.22268981160596 1.04110343218781 0 1.50822162255645 1.6126864515245 1.19793402310461 1.91413179785013 1.68692581704818
1.65598014066927 1.92448020377196 1.69071830972098 1.06470874580555 1.3103885196615 1.49735042685643 1.07002197112888 1.97485370980576 1.75383897591382 1.30405778787099 1.36783921392635 1.54839631658979 1.85640574595891 0.987589440541342 1.11947659519501 1.61128067644313 1.54334303853102 1.96682442026213 1.44696615007706 1.13149956450798 1.42194125475362 1.90241946652532 1.11095570633188 1.81996425613761 1.50822162255645 0 1.4551712803077 1.75523895444348 1.5218659278471 1.17658436344936
1.5909302548971 1.88911614823155 1.34032799652778 1.49723219731823 1.90322589548305 1.41008101869375 1.41617105528712 1.90701021719724 1.59689902793616 1.49391675111838 1.8046694137156 1.70976837794296 1.5564845323097 1.75948140118271 1.07463901140727 1.57824125187472 1.90654305089265 1.90296223876067 1.42215788085014 1.0685123859439 1.24776697251946 1.74647386115976 0.990824498701841 1.22341925092041 1.6126864515245 1.4551712803077 0 1.67284850147553 1.7036394723691 1.26086708158255
1.58509946754202 1.12494434067048 1.03101789182983 1.50394736835733 1.04521473846398 1.94248146517202 1.39550673007034 1.29111568536609 1.30890713771805 1.60924970731139 1.60061489441432 1.48100274940953 1.6587363651488 1.58973140036687 1.08090817369521 1.95940909115598 1.94933041860349 1.94089361466467 1.34521795995533 1.96155559550971 1.17753830156289 1.73773649311624 1.18713866686448 1.89963526837528 1.19793402310461 1.75523895444348 1.67284850147553 0 0.99515832006 1.37814578833058
1.59226128808223 1.00057204044424 1.49344679969363 1.74788033729419 1.24844241142273 1.0715317777358 1.66535877482966 1.76645397511311 1.77794195478782 1.08480353164487 1.29034943552688 1.60692506493069 1.4167497321032 1.30873468611389 1.51710146712139 1.06400949368253 1.03561597201042 1.6823892951943 1.9194554889109 1.24119950458407 1.12516000517644 1.35274097998627 1.47327415877953 1.93568394635804 1.91413179785013 1.5218659278471 1.7036394723691 0.99515832006 0 1.20005544810556
1.35294832009822 1.58922793553211 1.54459011321887 1.41137066599913 1.96092957328074 1.35938017303124 1.41350120236166 1.54047635663301 1.79662903677672 1.68768512550741 1.36109375301749 1.91121185966767 1.75693889497779 1.03904137038626 1.6971852069255 1.90792920556851 1.49033450288698 1.61979005788453 1.15791702130809 1.59145558183081 1.35616936604492 1.1514835152775 1.97252048063092 1.64421484130435 1.68692581704818 1.17658436344936 1.26086708158255 1.37814578833058 1.20005544810556 0
