0 1.56006148643792 1.5176507094875 0.969103433657438 1.51303618284874 1.42831442551687 1.21773366746493 1.45223816786893 1.72489591594785 1.06369814788923 1.41392620210536 1.05704681016505 1.49163786624558 1.56000434141606 1.83617803244852 1.81719582318328 0.975488452706486 1.03610356152058 1.52761168917641 1.82316048350185 1.60300932847895 0.92933226027526 1.28393327514641 0.985249953111634 1.41077201487496 1.39131345856003 1.03899539029226 1.35279505234212 1.7650817015674 1.69106500525959
1.56006148643792 0 0.960428081685677 1.86406832933426 1.08270622603595 1.51310121803544 1.31474038749002 1.31843743380159 1.81215386232361 1.67809641733766 1.27259301347658 1.07656050031073 1.7193937334232 1.0905457821209 1.63030821830034 1.26756446179934 1.68048294493929 1.5473061571829 0.929260857636109 1.08347221743315 1.03732119430788 1.04653329728171 1.31504754908383 1.34932637168095 0.93102595419623 1.50725193344988 1.69954252545722 1.69393568625674 1.73341450816952 1.13860230171122
1.5176507094875 0.960428081685677 0 1.41568861436099 0.919919190462679 1.22928582807072 0.976440998492762 1.87153231096454 1.23605378880166 0.935239957179874 1.50687474268489 1.66094620316289 1.17861543875188 1.23739441251382 1.82691558031365 1.28419874538668 1.83983489614911 1.34461783221923 0.959307733923197 1.09491228591651 1.14875829825178 1.38637963868678 1.78865843336098 1.0380293391645 1.24203958571889 1.64757971186191 1.63006095332094 1.42589528742246 1.70883297477849 1.35762066440657
0.969103433657438 1.86406832933426 1.41568861436099 0 1.80554058752023 1.02889142022468 0.894287106581032 1.65630929311737 1.75654205610044 1.03404350578785 1.77261460386217 1.28972925618291 1.35295659466647 1.19628455187194 1.22472954075783 0.95763283316046 1.39194022398442 1.17034823144786 1.46138316299766 0.999339586822316 1.67704923800193 1.87622071779333 0.976481562014669 1.71123155066743 1.30523628764786 1.2527999188751 1.17508933204226 1.75336781959049 1.38062246632762 1.5976128722541
1.51303618284874 1.08270622603595 0.919919190462679 1.80554058752023 0 1.40043113124557 1.28616655920632 1.30983951198868 1.64301590691321 1.16503866226412 0.941638246877119 1.80114469118416 1.10119995381683 0.954189190641046 1.8734679443296 0.90717747551389 1.53081639832817 1.17086022440344 1.62891188426875 1.65115865902044 1.44837256730534 1.54947143304162 1.73710794653744 1.23700258834288 1.43743799463846 1.66669757035561 1.55602048127912 0.952920987503603 0.933345893397927 1.88902569725178
1.42831442551687 1.51310121803544 1.22928582807072 1.02889142022468 1.40043113124557 0 0.998505166731775 1.32660425873473 1.63623171928339 1.57884184457362 1.11687383009121 1.26276552095078 1.52486999030225 1.7545115344692 1.18907661153935 1.60795587091707 1.38183843251318 1.02373481774703 1.1095177992247 1.2704892361071 1.75121218292043 1.17092704190873 1.58912821416743 1.6608161998447 1.77049141703174 1.40722989081405 1.50774754886515 1.54407264036126 1.82160635804757 1.1377335737925
1.21773366746493 1.31474038749002 0.976440998492762 0.894287106581032 1.28616655920632 0.998505166731775 0 1.42268694425002 1.30947398883291 1.03458015806973 1.46896748361178 1.72967323893681 1.15759214386344 1.24595980672166 1.38932238635607 1.09459800482728 1.28651388571598 1.33463516761549 1.63018147740513 1.4527531391941 1.14452649932355 1.62648548115976 1.81153807463124 1.18381029367447 1.51622695010155 1.86196692963131 1.4009013469331 1.7800437877886 1.07577128033154 1.27103731315583
1.45223816786893 1.31843743380159 1.87153231096454 1.65630929311737 1.30983951198868 1.32660425873473 1.42268694425002 0 1.13127125683241 1.3149033698719 1.18362703733146 1.50970036862418 1.23694572574459 1.57628592685796 1.10332337277941 1.35648530442268 0.903420495800674 1.73600316280499 1.39248328539543 1.03697565430775 1.78853237861767 1.32427223888226 1.55564737459645 1.80385095230304 1.82365305093117 1.37070731539279 1.31652722903527 1.11520178546198 1.32313860580325 1.12630407162942
1.72489591594785 1.81215386232361 1.23605378880166 1.75654205610044 1.64301590691321 1.63623171928339 1.30947398883291 1.13127125683241 0 1.46118271024898 1.11092331400141 1.18064597388729 1.36039935564622 1.41127124545164 1.29195114574395 0.924192958744243 1.75423928629607 1.37877517915331 1.54292020085268 1.09279865329154 1.50192540371791 1.18137502158061 1.26044449303299 1.0104191089049 1.43286407273263 1.07451476342976 1.01884618913755 1.31487376894802 0.901211677119136 0.901983939111233
1.06369814788923 1.67809641733766 0.935239957179874 1.03404350578785 1.16503866226412 1.57884184457362 1.03458015806973 1.3149033698719 1.46118271024898 0 1.01204633829184 0.981155559886247 1.07371306279674 1.36556719080545 1.69336509192362 1.79747118870728 1.49567387020215 1.88535917666741 1.18908682232723 1.57732220552862 1.85218884283677 0.955787824699655 1.72112928447314 1.75673257140443 1.01863347552717 1.73853104282171 1.42994297598489 1.87656217347831 1.545201276429 1.13668962894008
1.41392620210536 1.27259301347658 1.50687474268489 1.77261460386217 0.941638246877119 1.11687383009121 1.46896748361178 1.18362703733146 1.11092331400141 1.01204633829184 0 1.33398969052359 1.48564886371605 0.945007936097682 1.15126053011045 1.73139695217833 1.36657099844888 0.942831515101716 0.906444086227566 1.8151596270036 1.68348924536258 0.988784602843225 1.75190802616999 1.69040176062845 1.45730515220203 1.33362546539865 1.81086673703976 1.08791112550534 1.86880987673067 1.40611069719307
1.05704681016505 1.07656050031073 1.66094620316289 1.28972925618291 1.80114469118416 1.26276552095078 1.72967323893681 1.50970036862418 1.18064597388729 0.981155559886247 1.33398969052359 0 1.46236157859676 0.965572064276785 1.70622436702251 1.19663844769821 1.33089779061265 1.66464145621285 1.66450713411905 1.22082039155066 1.30593899427913 1.89036919712089 1.7666227328591 1.82812805939466 1.6204852911178 0.960235801059753 1.69117521797307 1.18926238873973 1.0934777141083 1.69986974052154
1.49163786624558 1.7193937334232 1.17861543875188 1.35295659466647 1.10119995381683 1.52486999030225 1.15759214386344 1.23694572574459 1.36039935564622 1.07371306279674 1.48564886371605 1.46236157859676 0 1.13228993373923 1.08260176330805 1.56665252428502 1.04804225545377 1.71304270927794 1.34269759990275 1.77845600154251 0.924934040987864 1.34662774973549 0.973374989349395 1.85392388887703 1.14361421531066 0.933929242892191 1.64926586928777 1.3885500705801 1.64066358120181 1.16665883781388
1.56000434141606 1.0905457821209 1.23739441251382 1.19628455187194 0.954189190641046 1.7545115344692 1.24595980672166 1.57628592685796 1.41127124545164 1.36556719080545 0.945007936097682 0.965572064276785 1.13228993373923 0 1.00564960902557 1.38188243308105 1.46217278530821 1.8878394511994 1.10446799220517 1.14402327826247 1.1552934080828 1.58500682143494 1.3173255303409 1.08677208027802 1.34265572112054 1.25375709217042 1.22764780186117 1.44340962474234 1.17303802981041 1.6971357895527
1.83617803244852 1.63030821830034 1.82691558031365 1.22472954075783 1.8734679443296 1.18907661153935 1.38932238635607 1.10332337277941 1.29195114574395 1.69336509192362 1.15126053011045 1.70622436702251 1.08260176330805 1.00564960902557 0 1.50353480805643 1.51073733530939 0.996901639038697 1.81824090192094 1.54808135074563 1.33214249927551 1.11083619343117 1.29519434506074 1.14358951942995 1.28126837033778 1.86061634379439 1.14291709288955 1.66708926903084 1.37465406022966 1.09759575477801
1.81719582318328 1.26756446179934 1.28419874538668 0.95763283316046 0.90717747551389 1.60795587091707 1.09459800482728 1.35648530442268 0.924192958744243 1.79747118870728 1.73139695217833 1.19663844769821 1.56665252428502 1.38188243308105 1.50353480805643 0 1.3795344051905 1.84324804018252 1.66073269769549 1.21157400263473 1.82186871930026 1.51999759441242 1.32099609053694 1.28295943746343 1.5919408199843 1.5453836072702 1.04563536285423 1.68540536309592 1.3584195538424 1.26757879066281
0.975488452706486 1.68048294493929 1.83983489614911 1.39194022398442 1.53081639832817 1.38183843251318 1.28651388571598 0.903420495800674 1.75423928629607 1.49567387020215 1.36657099844888 1.33089779061265 1.04804225545377 1.46217278530821 1.51073733530939 1.3795344051905 0 1.26893445802853 1.64678977220319 1.08632454648614 1.35022633918561 1.20452747959644 1.19422859023325 1.66469496418722 1.80593242286704 1.56207871087827 1.88611513492651 0.913224432151765 0.910117609426379 1.05326660675928
1.03610356152058 1.5473061571829 1.34461783221923 1.17034823144786 1.17086022440344 1.02373481774703 1.33463516761549 1.73600316280499 1.37877517915331 1.88535917666741 0.942831515101716 1.66464145621285 1.71304270927794 1.8878394511994 0.996901639038697 1.84324804018252 1.26893445802853 0 1.63162314030342 1.76173525839113 0.998872214695439 0.995472417213023 1.41409750794992 1.38398338924162 1.45901630748995 1.79193457611836 1.18740350659937 1.32650309195742 1.41793861263432 1.84064663317986
1.52761168917641 0.929260857636109 0.959307733923197 1.46138316299766 1.62891188426875 1.1095177992247 1.63018147740513 1.39248328539543 1.54292020085268 1.18908682232723 0.906444086227566 1.66450713411905 1.34269759990275 1.10446799220517 1.81824090192094 1.66073269769549 1.64678977220319 1.63162314030342 0 0.992736086249352 1.35764993657358 1.47907870542258 1.47379779163748 1.05650863493793 1.30886998772621 1.33849661215208 1.37220518966205 1.87302386667579 1.10100289713591 1.37597009935416
1.82316048350185 1.08347221743315 1.09491228591651 0.999339586822316 1.65115865902044 1.2704892361071 1.4527531391941 1.03697565430775 1.09279865329154 1.57732220552862 1.8151596270036 1.22082039155066 1.77845600154251 1.14402327826247 1.54808135074563 1.21157400263473 1.08632454648614 1.76173525839113 0.992736086249352 0 0.960898401681334 1.61088818102144 1.85114610427991 1.49862053385004 1.46822974248789 1.35060516814701 1.7021985843312 1.68105381703936 1.74517538980581 1.05894828843884
1.60300932847895 1.03732119430788 1.14875829825178 1.67704923800193 1.44837256730534 1.75121218292043 1.14452649932355 1.78853237861767 1.50192540371791 1.85218884283677 1.68348924536258 1.30593899427913 0.924934040987864 1.1552934080828 1.33214249927551 1.82186871930026 1.35022633918561 0.998872214695439 1.35764993657358 0.960898401681334 0 0.993830525316298 1.66457691509277 1.72469648299739 1.57970295613632 1.16567225498147 1.58205725857988 1.83405824401416 1.82883381331339 1.03629283816554
0.92933226027526 1.04653329728171 1.38637963868678 1.87622071779333 1.54947143304162 1.17092704190873 1.62648548115976 1.32427223888226 1.18137502158061 0.955787824699655 0.988784602843225 1.89036919712089 1.34662774973549 1.58500682143494 1.11083619343117 1.51999759441242 1.20452747959644 0.995472417213023 1.47907870542258 1.61088818102144 0.993830525316298 0 1.22875879495405 1.41591840679757 1.17181736161001 1.16793809179217 1.38562368834391 1.25593957328238 1.84396547544748 1.8007391563151
1.28393327514641 1.31504754908383 1.78865843336098 0.976481562014669 1.73710794653744 1.58912821416743 1.81153807463124 1.55564737459645 1.26044449303299 1.72112928447314 1.75190802616999 1.7666227328591 0.973374989349395 1.3173255303409 1.29519434506074 1.32099609053694 1.19422859023325 1.41409750794992 1.47379779163748 1.85114610427991 1.66457691509277 1.22875879495405 0 1.12027105991729 1.45377722056583 1.48444427968934 1.17727219080552 1.24276098352857 0.953982218401507 1.84379343967885
0.985249953111634 1.34932637168095 1.0380293391645 1.71123155066743 1.23700258834288 1.6608161998447 1.18381029367447 1.80385095230304 1.0104191089049 1.75673257140443 1.69040176062845 1.82812805939466 1.85392388887703 1.08677208027802 1.14358951942995 1.28295943746343 1.66469496418722 1.38398338924162 1.05650863493793 1.49862053385004 1.72469648299739 1.41591840679757 1.12027105991729 0 1.37188129499555 1.37133932835422 1.80371114332229 1.63160120439716 1.33301543700509 1.26108235563152
1.41077201487496 0.93102595419623 1.24203958571889 1.30523628764786 1.43743799463846 1.77049141703174 1.51622695010155 1.82365305093117 1.43286407273263 1.01863347552717 1.45730515220203 1.6204852911178 1.14361421531066 1.34265572112054 1.28126837033778 1.5919408199843 1.80593242286704 1.45901630748995 1.30886998772621 1.46822974248789 1.57970295613632 1.17181736161001 1.45377722056583 1.37188129499555 0 1.49655950651504 0.954428668832406 1.08918152330443 1.37315895082429 1.51091458206065
1.39131345856003 1.50725193344988 1.64757971186191 1.2527999188751 1.66669757035561 1.40722989081405 1.86196692963131 1.37070731539279 1.07451476342976 1.73853104282171 1.33362546539865 0.960235801059753 0.933929242892191 1.25375709217042 1.86061634379439 1.5453836072702 1.56207871087827 1.79193457611836 1.33849661215208 1.35060516814701 1.16567225498147 1.16793809179217 1.48444427968934 1.37133932835422 1.49655950651504 0 0.918364605866373 1.34566623042338 1.29348828340881 1.20230989810079
1.03899539029226 1.69954252545722 1.63006095332094 1.17508933204226 1.55602048127912 1.50774754886515 1.4009013469331 1.31652722903527 1.01884618913755 1.42994297598489 1.81086673703976 1.69117521797307 1.64926586928777 1.22764780186117 1.14291709288955 1.04563536285423 1.88611513492651 1.18740350659937 1.37220518966205 1.7021985843312 1.58205725857988 1.38562368834391 1.17727219080552 1.80371114332229 0.954428668832406 0.918364605866373 0 1.09256525337696 1.21343132550828 1.12744200485758
1.35279505234212 1.69393568625674 1.42589528742246 1.75336781959049 0.952920987503603 1.54407264036126 1.7800437877886 1.11520178546198 1.31487376894802 1.87656217347831 1.08791112550534 1.18926238873973 1.3885500705801 1.44340962474234 1.66708926903084 1.68540536309592 0.913224432151765 1.32650309195742 1.87302386667579 1.68105381703936 1.83405824401416 1.25593957328238 1.24276098352857 1.63160120439716 1.08918152330443 1.34566623042338 1.09256525337696 0 1.50543633266352 1.43105978774838
1.7650817015674 1.73341450816952 1.70883297477849 1.38062246632762 0.933345893397927 1.82160635804757 1.07577128033154 1.32313860580325 0.901211677119136 1.545201276429 1.86880987673067 1.0934777141083 1.64066358120181 1.17303802981041 1.37465406022966 1.3584195538424 0.910117609426379 1.41793861263432 1.10100289713591 1.74517538980581 1.82883381331339 1.84396547544748 0.953982218401507 1.33301543700509 1.37315895082429 1.29348828340881 1.21343132550828 1.50543633266352 0 1.38827436533757
1.69106500525959 1.13860230171122 1.35762066440657 1.5976128722541 1.88902569725178 1.1377335737925 1.27103731315583 1.12630407162942 0.901983939111233 1.13668962894008 1.40611069719307 1.69986974052154 1.16665883781388 1.6971357895527 1.09759575477801 1.26757879066281 1.05326660675928 1.84064663317986 1.37597009935416 1.05894828843884 1.03629283816554 1.8007391563151 1.84379343967885 1.26108235563152 1.51091458206065 1.20230989810079 1.12744200485758 1.43105978774838 1.38827436533757 0
