0 1.46594621893018 1.97174304700457 1.16699949302711 0.989051893120632 1.09777235449292 1.20191641408019 1.79717142158188 1.26588403945789 1.33028228860348 1.43129562307149 1.80444341129623 1.05735174915753 1.63310212525539 1.85104693542235 1.83161285752431 1.48969322280027 1.22628736146726 1.49835878401063 1.09258208796382 1.074290656019 1.74302032589912 1.2261709808372 1.65569901606068 1.96564948861487 1.06357269687578 1.37581904092804 1.36521760257892 1.4540156039875 1.56258052587509
1.46594621893018 0 1.72309351200238 1.68007730063982 1.21362036769278 1.60838247812353 1.88441297505051 1.06416991306469 1.30282884463668 1.80272779846564 1.27165738563053 1.00034552579746 1.64604612276889 1.71512991306372 1.52564925560728 1.42839756654575 1.78947777161375 1.41642956272699 1.17208572709933 1.38967893226072 1.6215679331217 1.41794255701825 1.71646970068105 1.8975121001713 1.62189298286103 1.82490380154923 1.64025328168646 1.9210324708838 1.33043739292771 1.29040174675174
1.97174304700457 1.72309351200238 0 1.42310392786749 0.982691153883934 1.00461449078284 1.58845835155807 1.75982003565878 1.67737770150416 0.983727197395638 1.73096283152699 1.33987366245128 1.74640049529262 1.8238346609287 1.3497422253713 1.66889945254661 1.07826274819672 1.62143545504659 1.9653716001194 0.994934353744611 1.43805680889636 1.5300525801722 1.09006030368619 1.61140487133525 1.4892714668531 1.01326488354243 1.15134871238843 1.14248694200069 1.54891702625901 1.52624385152012
1.16699949302711 1.68007730063982 1.42310392786749 0 1.73708976130001 1.951473379042 1.90791411977261 1.27493637707084 1.40025719511323 1.65801311796531 1.14357219147496 1.89468581764959 1.43206900032237 1.93470182060264 1.52934802067466 1.76100482372567 1.29146939120255 1.64280163124204 1.73201018664986 1.51787465089001 1.91582731343806 1.15476266737096 1.55815032939427 1.46693358733319 1.75969043746591 1.91905079898424 1.7600598600693 1.50016586179845 1.34983598254621 1.15795720089227
0.989051893120632 1.21362036769278 0.982691153883934 1.73708976130001 0 1.62417957908474 1.880316847004 1.9418957978487 1.45721811219119 1.25523381656967 1.17383306054398 1.36558748222888 1.24196691811085 1.50728109525517 1.46593251614831 1.91448535514064 1.63869430916384 1.39125085645355 1.52204025653191 1.96392066660337 1.59208514355123 1.41016295691952 1.84356070752256 1.60379958804697 1.84209721186198 1.12789561063983 1.72174674249254 1.05418018950149 1.27777289878577 1.38314208434895
1.09777235449292 1.60838247812353 1.00461449078284 1.951473379042 1.62417957908474 0 1.09748534508981 1.0109532661736 1.52973522385582 1.71134692640044 1.78136828402057 1.86873616534285 1.94114061770961 1.9669622995425 1.44524139747955 1.55326503282413 1.56483848788776 1.30451836017892 1.01074233138934 1.20347206154838 1.0897618769668 1.53781942883506 1.18137562111951 1.28612053534016 1.37076001055539 1.95111526641995 1.30158067541197 1.03531211102381 1.347612087382 1.09081629198045
1.20191641408019 1.88441297505051 1.58845835155807 1.90791411977261 1.880316847004 1.09748534508981 0 1.35896583669819 1.81649009883404 1.68508875346743 1.72284195991233 0.990842381259426 1.6790239631664 1.38864887575619 1.63903825660236 1.23797282553278 1.02580446912907 1.81412638002075 1.04907230730169 1.49280601553619 1.39472980587743 1.82528527127579 1.47190643521026 1.79604656156152 1.14790200255811 1.18691556970589 1.18400317570195 1.15051731700078 1.87092088116333 1.44498826609924
1.79717142158188 1.06416991306469 1.75982003565878 1.27493637707084 1.9418957978487 1.0109532661736 1.35896583669819 0 1.21450425963849 1.83381138253026 1.10884882812388 1.81931022414938 1.92608300712891 1.88008118211292 1.15220380108804 1.57823565672152 1.34346292330883 1.62137423432432 1.25158275943249 1.05254360008985 1.2577516795136 1.03972980054095 1.61174304154702 1.0356544922106 1.01880281651393 1.56287346663885 1.35814170492813 1.76556892017834 1.36947488505393 1.33654545177706
1.26588403945789 1.30282884463668 1.67737770150416 1.40025719511323 1.45721811219119 1.52973522385582 1.81649009883404 1.21450425963849 0 1.22337925876491 1.0386001681909 1.21946583269164 1.71241793246008 1.01675278367475 1.21629943465814 1.77041870541871 1.46522610634565 1.9468837804161 1.03000062517822 1.63620523177087 1.71116553503089 1.05238675349392 1.01310660713352 1.17625482403673 1.43587733665481 1.1554138828069 1.51276112673804 1.89849721034989 1.26706170942634 0.990576236508787
1.33028228860348 1.80272779846564 0.983727197395638 1.65801311796531 1.25523381656967 1.71134692640044 1.68508875346743 1.83381138253026 1.22337925876491 0 1.44587254570797 0.997116382000968 1.45011144457385 1.46445448184386 1.47664538770914 1.41350937425159 1.01692941621877 1.38533262349665 1.64354949211702 1.68723664362915 1.95371880638413 1.30706902593374 1.81692061270587 1.0742973103188 1.21746862167493 1.0011008521542 1.10867229057476 1.69553414662369 1.10897854110226 1.2732193225529
1.43129562307149 1.27165738563053 1.73096283152699 1.14357219147496 1.17383306054398 1.78136828402057 1.72284195991233 1.10884882812388 1.0386001681909 1.44587254570797 0 1.82005550968461 1.81915263552219 1.64313155808486 1.54151155124418 1.77390834223479 1.21440874948166 1.83470319886692 1.14155608927831 1.01915356540121 1.8900895176921 1.05617314134724 1.53711215639487 1.00425570784137 1.75829359749332 1.50138107477687 1.4659076326061 1.47786440770142 1.01440655183978 1.22311948006973
1.80444341129623 1.00034552579746 1.33987366245128 1.89468581764959 1.36558748222888 1.86873616534285 0.990842381259426 1.81931022414938 1.21946583269164 0.997116382000968 1.82005550968461 0 1.38557749753818 1.73141566873528 1.2101929623168 1.35140312835574 1.05064368899912 1.27055293391459 1.43649894557893 1.44911215896718 1.57191649335437 1.606409806991 1.50151477381587 1.1366419994738 1.19272101391107 1.5773715490941 1.15710273990408 1.36077854782343 1.29826916614547 1.71445007133298
1.05735174915753 1.64604612276889 1.74640049529262 1.43206900032237 1.24196691811085 1.94114061770961 1.6790239631664 1.92608300712891 1.71241793246008 1.45011144457385 1.81915263552219 1.38557749753818 0 1.09931893274188 0.984903163742274 1.69412477570586 1.09888053126633 1.05321920290589 0.982607253361493 1.75284692156129 1.8965440695174 1.40584343904629 1.07277523213997 1.46786547941156 1.53142753220163 1.09162771236151 0.990672148764133 1.28157197218388 1.05336745129898 1.40221110126004
1.63310212525539 1.71512991306372 1.8238346609287 1.93470182060264 1.50728109525517 1.9669622995425 1.38864887575619 1.88008118211292 1.01675278367475 1.46445448184386 1.64313155808486 1.73141566873528 1.09931893274188 0 1.73773175268434 1.97521479916759 1.48124024295248 1.27563491370529 1.32274014782161 1.96158838528208 1.45864214166068 1.76529241888784 1.95296854921617 1.22572773718275 1.5098963258788 1.42732121865265 1.0343903885223 1.46189834130928 1.6726480810903 1.08002532226965
1.85104693542235 1.52564925560728 1.3497422253713 1.52934802067466 1.46593251614831 1.44524139747955 1.63903825660236 1.15220380108804 1.21629943465814 1.47664538770914 1.54151155124418 1.2101929623168 0.984903163742274 1.73773175268434 0 1.03577869362198 1.71406116965227 1.26530348020606 1.24421672523022 1.1283003417775 1.03948072134517 1.04461844009347 1.07461320632137 1.92660545557737 1.75809878716245 1.29959594551474 1.41013740352355 1.7432706609834 1.62207306409255 1.76460317033343
1.83161285752431 1.42839756654575 1.66889945254661 1.76100482372567 1.91448535514064 1.55326503282413 1.23797282553278 1.57823565672152 1.77041870541871 1.41350937425159 1.77390834223479 1.35140312835574 1.69412477570586 1.97521479916759 1.03577869362198 0 1.29020014661364 1.60541321896017 1.60791316465475 1.87477360712364 1.82533701905049 1.73258500127122 1.10799702024087 1.71098505612463 1.35486913775094 1.30994908115827 1.70154082402587 1.32343512889929 1.57149088312872 1.24783341772854
1.48969322280027 1.78947777161375 1.07826274819672 1.29146939120255 1.63869430916384 1.56483848788776 1.02580446912907 1.34346292330883 1.46522610634565 1.01692941621877 1.21440874948166 1.05064368899912 1.09888053126633 1.48124024295248 1.71406116965227 1.29020014661364 0 1.49404736864381 1.65961603051983 1.24529335857369 1.1875882006716 1.24801336741075 1.56255126348697 1.05323755904101 1.69675902673043 1.54607578623109 1.47165243793279 1.92080678790808 1.43681004852988 1.97054192167707
1.22628736146726 1.41642956272699 1.62143545504659 1.64280163124204 1.39125085645355 1.30451836017892 1.81412638002075 1.62137423432432 1.9468837804161 1.38533262349665 1.83470319886692 1.27055293391459 1.05321920290589 1.27563491370529 1.26530348020606 1.60541321896017 1.49404736864381 0 1.85141469468363 1.51813658350147 1.83483192999847 1.30410804622807 1.62816489324905 1.06297046272084 1.80725796194747 1.18974404851906 1.83046654635109 1.87107033049688 1.91426973533817 1.14717772789299
1.49835878401063 1.17208572709933 1.9653716001194 1.73201018664986 1.52204025653191 1.01074233138934 1.04907230730169 1.25158275943249 1.03000062517822 1.64354949211702 1.14155608927831 1.43649894557893 0.982607253361493 1.32274014782161 1.24421672523022 1.60791316465475 1.65961603051983 1.85141469468363 0 1.4144952846691 1.41782464599237 1.85547372768633 1.75411723321304 1.97512423316948 1.03754676738754 1.95884623285383 1.1690893152263 1.81296104216017 1.25545097980648 1.70269129704684
1.09258208796382 1.38967893226072 0.994934353744611 1.51787465089001 1.96392066660337 1.20347206154838 1.49280601553619 1.05254360008985 1.63620523177087 1.68723664362915 1.01915356540121 1.44911215896718 1.75284692156129 1.96158838528208 1.1283003417775 1.87477360712364 1.24529335857369 1.51813658350147 1.4144952846691 0 1.62568908906542 1.02459678659216 1.09587650722824 1.85379066038877 1.36028544092551 1.09554844093509 1.02206832962111 1.2221297910437 1.0919528377708 1.20764719275758
1.074290656019 1.6215679331217 1.43805680889636 1.91582731343806 1.59208514355123 1.0897618769668 1.39472980587743 1.2577516795136 1.71116553503089 1.95371880638413 1.8900895176921 1.57191649335437 1.8965440695174 1.45864214166068 1.03948072134517 1.82533701905049 1.1875882006716 1.83483192999847 1.41782464599237 1.62568908906542 0 1.62619633111171 1.09104832657613 1.57140367291868 1.64543799101375 1.86955312546343 1.08857085113414 1.97362503735349 1.83329053036869 1.73714490490966
1.74302032589912 1.41794255701825 1.5300525801722 1.15476266737096 1.41016295691952 1.53781942883506 1.82528527127579 1.03972980054095 1.05238675349392 1.30706902593374 1.05617314134724 1.606409806991 1.40584343904629 1.76529241888784 1.04461844009347 1.73258500127122 1.24801336741075 1.30410804622807 1.85547372768633 1.02459678659216 1.62619633111171 0 1.2261987014208 1.75471966760233 1.2059191390872 1.95557967037894 1.20049325400032 1.40509268874303 1.30625462625176 1.20685488544405
1.2261709808372 1.71646970068105 1.09006030368619 1.55815032939427 1.84356070752256 1.18137562111951 1.47190643521026 1.61174304154702 1.01310660713352 1.81692061270587 1.53711215639487 1.50151477381587 1.07277523213997 1.95296854921617 1.07461320632137 1.10799702024087 1.56255126348697 1.62816489324905 1.75411723321304 1.09587650722824 1.09104832657613 1.2261987014208 0 1.16091394005343 1.81184522341937 1.87481810362078 1.22958085127175 1.67136478563771 1.85587396775372 1.06207407452166
1.65569901606068 1.8975121001713 1.61140487133525 1.46693358733319 1.60379958804697 1.28612053534016 1.79604656156152 1.0356544922106 1.17625482403673 1.0742973103188 1.00425570784137 1.1366419994738 1.46786547941156 1.22572773718275 1.92660545557737 1.71098505612463 1.05323755904101 1.06297046272084 1.97512423316948 1.85379066038877 1.57140367291868 1.75471966760233 1.16091394005343 0 1.02035426092334 1.34530519344844 1.424953448819 1.68389646057039 1.29327063681558 1.00231597386301
1.96564948861487 1.62189298286103 1.4892714668531 1.75969043746591 1.84209721186198 1.37076001055539 1.14790200255811 1.01880281651393 1.43587733665481 1.21746862167493 1.75829359749332 1.19272101391107 1.53142753220163 1.5098963258788 1.75809878716245 1.35486913775094 1.69675902673043 1.80725796194747 1.03754676738754 1.36028544092551 1.64543799101375 1.2059191390872 1.81184522341937 1.02035426092334 0 1.0474569494836 1.24105288367718 1.68830161774531 1.07498131273314 1.88552727783099
1.06357269687578 1.82490380154923 1.01326488354243 1.91905079898424 1.12789561063983 1.95111526641995 1.18691556970589 1.56287346663885 1.1554138828069 1.0011008521542 1.50138107477687 1.5773715490941 1.09162771236151 1.42732121865265 1.29959594551474 1.30994908115827 1.54607578623109 1.18974404851906 1.95884623285383 1.09554844093509 1.86955312546343 1.95557967037894 1.87481810362078 1.34530519344844 1.0474569494836 0 0.985616656718776 1.30434288387187 1.69787639379501 1.71087189950049
1.37581904092804 1.64025328168646 1.15134871238843 1.7600598600693 1.72174674249254 1.30158067541197 1.18400317570195 1.35814170492813 1.51276112673804 1.10867229057476 1.4659076326061 1.15710273990408 0.990672148764133 1.0343903885223 1.41013740352355 1.70154082402587 1.47165243793279 1.83046654635109 1.1690893152263 1.02206832962111 1.08857085113414 1.20049325400032 1.22958085127175 1.424953448819 1.24105288367718 0.985616656718776 0 1.18108393973671 1.07677332684398 1.36922706989571
1.36521760257892 1.9210324708838 1.14248694200069 1.50016586179845 1.05418018950149 1.03531211102381 1.15051731700078 1.76556892017834 1.89849721034989 1.69553414662369 1.47786440770142 1.36077854782343 1.28157197218388 1.46189834130928 1.7432706609834 1.32343512889929 1.92080678790808 1.87107033049688 1.81296104216017 1.2221297910437 1.97362503735349 1.40509268874303 1.67136478563771 1.68389646057039 1.68830161774531 1.30434288387187 1.18108393973671 0 1.8664248525165 1.0336276453454
1.4540156039875 1.33043739292771 1.54891702625901 1.34983598254621 1.27777289878577 1.347612087382 1.87092088116333 1.36947488505393 1.26706170942634 1.10897854110226 1.01440655183978 1.29826916614547 1.05336745129898 1.6726480810903 1.62207306409255 1.57149088312872 1.43681004852988 1.91426973533817 1.25545097980648 1.0919528377708 1.83329053036869 1.30625462625176 1.85587396775372 1.29327063681558 1.07498131273314 1.69787639379501 1.07677332684398 1.8664248525165 0 1.73026251164265
1.56258052587509 1.29040174675174 1.52624385152012 1.15795720089227 1.38314208434895 1.09081629198045 1.44498826609924 1.33654545177706 0.990576236508787 1.2732193225529 1.22311948006973 1.71445007133298 1.40221110126004 1.08002532226965 1.76460317033343 1.24783341772854 1.97054192167707 1.14717772789299 1.70269129704684 1.20764719275758 1.73714490490966 1.20685488544405 1.06207407452166 1.00231597386301 1.88552727783099 1.71087189950049 1.36922706989571 1.0336276453454 1.73026251164265 0
