0 1.92130165407434 1.54401359451003 0.981025626417249 1.04568802588619 1.62979318480939 0.973758730106056 1.67290440620854 1.18376618134789 1.28432045713998 1.64536884916015 0.954269660403952 1.89998695603572 1.89506606571376 1.08380506304093 1.20220902957954 1.41121428343467 1.05230506882071 1.65654609398916 1.86158195650205 1.21751737361774 1.73040165798739 1.29909112886526 1.88002644642256 1.67154063237831 1.06075632711872 1.85556907695718 1.55102961300872 1.06076813465916 1.26836287393235
1.92130165407434 0 1.89567049825564 1.71786399884149 0.950045156059787 1.69936680328101 1.11513943318278 1.44918879680336 1.75976073811762 1.20553422160447 1.54113446804695 1.66458275658078 1.81661031744443 1.72918315115385 1.73086673533544 0.980325773125514 1.35036180517636 1.51308242697269 1.83593165641651 1.86198738706298 1.41283460217528 1.55375961423852 1.75118502695113 1.74025389086455 1.8942621438764 1.77833827212453 0.95076502696611 1.40446393517777 0.95125400996767 1.52785266540013
1.54401359451003 1.89567049825564 0 1.93750705383718 1.93472310714424 1.19326913333498 1.40973851433955 1.05087183811702 1.50088730896823 1.87253299867734 1.80273074889556 1.91763665806502 1.09109601518139 1.82035032729618 1.39702696492895 1.7372609404847 1.19308024737984 1.78730759420432 1.0958356349729 1.15722667519003 1.63419872149825 0.998232123209164 1.83742767781951 1.36458032508381 1.1566778018605 1.09259955771267 1.88663678267039 1.04428537446074 0.951002201298252 1.57711776904762
0.981025626417249 1.71786399884149 1.93750705383718 0 1.87567932135426 1.84566482133232 1.02775394706987 1.21861298871227 1.55685713049024 1.04456497333013 1.00033801118843 1.1288749508094 0.961543670156971 1.51320447190665 1.81465649302118 1.46159567497671 1.53540941118263 1.15877505531535 1.5510110585019 1.46530781500041 1.84561966569163 1.53744786395691 1.68785917107016 1.42013823054731 1.00688234996051 1.4343542882707 1.18885562941432 1.89340399391949 1.10057079000399 1.25545467087068
1.04568802588619 0.950045156059787 1.93472310714424 1.87567932135426 0 1.35149513045326 0.957032963400707 1.16932390443981 1.25863574072719 1.22945423796773 1.26088398788124 0.956291226204485 1.57310303510167 1.90567217487842 1.36198321008123 1.01093957317062 1.79902909509838 1.05502807791345 1.62247753096744 1.03039620467462 1.02450557472184 1.34162146202289 1.01489948877133 1.26993586006574 1.6629828796722 1.94155308511108 1.31457053497434 0.959937574807554 1.42387429834343 1.73662995663472
1.62979318480939 1.69936680328101 1.19326913333498 1.84566482133232 1.35149513045326 0 1.42235658573918 1.63604804663919 1.66307423007675 1.15580697939731 1.24727482465096 1.930591088254 1.85701480624266 1.30995530146174 1.48521603597328 1.00023950682953 1.012997378828 1.65215581213124 1.29594226041809 1.46902273059823 1.31100342562422 1.75975273340009 1.34911560546607 1.39535684790462 1.58603529259562 1.01962154917419 1.44079919182695 1.86927716503851 1.13249494857155 1.3465935359709
0.973758730106056 1.11513943318278 1.40973851433955 1.02775394706987 0.957032963400707 1.42235658573918 0 1.06571703194641 1.57259993790649 1.81429460225627 1.11381566803902 0.966060635633767 1.62027898710221 0.948639211477712 1.66214060457423 1.86104186135344 1.04632055945694 1.44800096401013 1.47618358233012 1.19399909768254 1.61025474197231 1.02548332768492 1.04177691810764 1.21471955371089 1.89311569486745 1.24461971526034 0.969963026233017 1.68442423688248 1.13246782380156 1.26625803206116
1.67290440620854 1.44918879680336 1.05087183811702 1.21861298871227 1.16932390443981 1.63604804663919 1.06571703194641 0 1.70349959144369 1.41897880658507 0.994045504834503 1.32109786220826 1.7932007771451 1.8573880281765 1.20981243276037 1.86349812196568 1.84298462583683 1.2653250710573 1.56307020736858 1.13026116229594 1.42434704373591 1.48838995443657 1.08405408496037 1.46390860597603 1.15994530869648 1.88912872713991 1.08383815223351 1.1822187367361 1.17280606343411 1.23845221404918
1.18376618134789 1.75976073811762 1.50088730896823 1.55685713049024 1.25863574072719 1.66307423007675 1.57259993790649 1.70349959144369 0 0.993180471006781 1.92968588881195 1.46578637161292 1.33523573121056 1.64404982677661 1.16265303851105 1.64492408768274 1.58412325079553 1.74998696823604 1.62514933943748 1.79320321488194 1.00506954384036 1.52113960264251 1.84412386477925 0.976456188596785 1.92826597159728 1.45514160464518 1.12592383264564 1.34465929819271 1.35017469618469 1.09820953756571
1.28432045713998 1.20553422160447 1.87253299867734 1.04456497333013 1.22945423796773 1.15580697939731 1.81429460225627 1.41897880658507 0.993180471006781 0 1.04223204823211 1.01236046664417 1.80117262271233 1.36137894052081 1.25402781087905 1.35092263226397 1.88724557845853 1.61320053692907 0.953980901977047 1.32571431016549 1.43598216492683 1.84497639979236 1.78811117145233 1.37581372237764 1.4738755391445 1.92701570317149 1.84668979188427 1.52911415277049 1.00542101752944 1.74819863005541
1.64536884916015 1.54113446804695 1.80273074889556 1.00033801118843 1.26088398788124 1.24727482465096 1.11381566803902 0.994045504834503 1.92968588881195 1.04223204823211 0 1.047181813512 1.53979424014688 1.64526051678695 1.37939894525334 1.40755385789089 1.07173423212953 1.75992373237386 1.716670029331 1.3833416486159 1.49713109177537 1.13432158553042 1.50523670413531 1.53400148241781 1.85867712460458 1.18169417674653 1.94180056662299 1.72422984917648 1.71343622216955 1.91486559039913
0.954269660403952 1.66458275658078 1.91763665806502 1.1288749508094 0.956291226204485 1.930591088254 0.966060635633767 1.32109786220826 1.46578637161292 1.01236046664417 1.047181813512 0 1.88730745064095 1.19109852099791 1.24787584971637 1.24366592103615 1.73327642539516 1.44392242981121 1.33302214252762 1.91207015188411 1.89906554296613 1.5171341211535 1.11805476644076 1.50104235578328 1.52389839594252 1.69659331720322 1.26478035119362 1.66395559674129 1.45772535144351 1.64508296968415
1.89998695603572 1.81661031744443 1.09109601518139 0.961543670156971 1.57310303510167 1.85701480624266 1.62027898710221 1.7932007771451 1.33523573121056 1.80117262271233 1.53979424014688 1.88730745064095 0 1.21656835009344 1.15620588837191 1.63596234447323 1.06381814507768 1.48945770924911 1.1860156909097 1.76099556661211 1.47632605186664 1.89181555924006 1.30943909357302 1.93730153283104 1.65744879376143 1.03352998849005 1.11720321816392 1.55917236767709 1.37075605383143 1.0319954350125
1.89506606571376 1.72918315115385 1.82035032729618 1.51320447190665 1.90567217487842 1.30995530146174 0.948639211477712 1.8573880281765 1.64404982677661 1.36137894052081 1.64526051678695 1.19109852099791 1.21656835009344 0 1.60005663847551 1.84715221473016 1.08753541135229 1.52862230688334 1.19726209924556 1.8816349064 1.50428753113374 1.38294614758343 1.00141248735599 1.81074737291783 1.27059421455488 1.5184243216645 1.77840137970634 1.90418394748122 1.93611974269152 1.76876462064683
1.08380506304093 1.73086673533544 1.39702696492895 1.81465649302118 1.36198321008123 1.48521603597328 1.66214060457423 1.20981243276037 1.16265303851105 1.25402781087905 1.37939894525334 1.24787584971637 1.15620588837191 1.60005663847551 0 0.958564596949145 1.77171809785068 1.18244777340442 0.968442332930863 1.86159101617523 1.60178659856319 1.60672640427947 1.50900239078328 1.87237335112877 1.38840346434154 0.966215815395117 1.48521867254749 1.23422295390628 1.38715695589781 1.12915012869053
1.20220902957954 0.980325773125514 1.7372609404847 1.46159567497671 1.01093957317062 1.00023950682953 1.86104186135344 1.86349812196568 1.64492408768274 1.35092263226397 1.40755385789089 1.24366592103615 1.63596234447323 1.84715221473016 0.958564596949145 0 1.18331633158959 1.72732049459592 1.397680060938 1.01722994679585 1.06321488623507 1.44454828905873 1.38574133696966 1.37779136281461 1.20704947784543 1.80607965891249 1.58490951638669 1.08428530348465 1.06803784891963 1.90206174668856
1.41121428343467 1.35036180517636 1.19308024737984 1.53540941118263 1.79902909509838 1.012997378828 1.04632055945694 1.84298462583683 1.58412325079553 1.88724557845853 1.07173423212953 1.73327642539516 1.06381814507768 1.08753541135229 1.77171809785068 1.18331633158959 0 1.17979458998889 1.04794721421786 1.76328693889081 1.54339569550939 1.12561433948576 1.8064612261951 1.47073731129058 1.6545220236294 1.55223131203093 1.2833721365314 1.23805923177861 1.36607208359055 1.28387950290926
1.05230506882071 1.51308242697269 1.78730759420432 1.15877505531535 1.05502807791345 1.65215581213124 1.44800096401013 1.2653250710573 1.74998696823604 1.61320053692907 1.75992373237386 1.44392242981121 1.48945770924911 1.52862230688334 1.18244777340442 1.72732049459592 1.17979458998889 0 1.13110275380313 1.5110802561976 1.20290930732153 1.63512126263231 1.61256035021506 1.0909590809606 1.19197880406864 1.28753190487623 1.56836855714209 1.39163117157295 1.18411231390201 1.4930120119825
1.65654609398916 1.83593165641651 1.0958356349729 1.5510110585019 1.62247753096744 1.29594226041809 1.47618358233012 1.56307020736858 1.62514933943748 0.953980901977047 1.716670029331 1.33302214252762 1.1860156909097 1.19726209924556 0.968442332930863 1.397680060938 1.04794721421786 1.13110275380313 0 1.83251015935093 1.85347251803614 1.45614200946875 1.08573709172197 1.85957507556304 1.63030447461642 1.76828333805315 1.20125660602935 1.57678788015619 1.288455221802 1.92083151382394
1.86158195650205 1.86198738706298 1.15722667519003 1.46530781500041 1.03039620467462 1.46902273059823 1.19399909768254 1.13026116229594 1.79320321488194 1.32571431016549 1.3833416486159 1.91207015188411 1.76099556661211 1.8816349064 1.86159101617523 1.01722994679585 1.76328693889081 1.5110802561976 1.83251015935093 0 1.34032897721045 1.89359111571684 1.15820975601673 1.28548022196628 1.64447815273888 1.47761336574331 1.17367705656216 1.32100062258542 1.58748257765546 1.75213785097003
1.21751737361774 1.41283460217528 1.63419872149825 1.84561966569163 1.02450557472184 1.31100342562422 1.61025474197231 1.42434704373591 1.00506954384036 1.43598216492683 1.49713109177537 1.89906554296613 1.47632605186664 1.50428753113374 1.60178659856319 1.06321488623507 1.54339569550939 1.20290930732153 1.85347251803614 1.34032897721045 0 1.01484293281101 1.56043660035357 1.2754890487995 1.83630378730595 1.61074311542325 1.80390623561107 1.14178143418394 1.60343368654139 1.53849181276746
1.73040165798739 1.55375961423852 0.998232123209164 1.53744786395691 1.34162146202289 1.75975273340009 1.02548332768492 1.48838995443657 1.52113960264251 1.84497639979236 1.13432158553042 1.5171341211535 1.89181555924006 1.38294614758343 1.60672640427947 1.44454828905873 1.12561433948576 1.63512126263231 1.45614200946875 1.89359111571684 1.01484293281101 0 1.04890312044881 1.33501883922145 1.31642931140959 1.34076851210557 1.81469923444092 1.2964920932427 1.04367092065513 1.40289968880825
1.29909112886526 1.75118502695113 1.83742767781951 1.68785917107016 1.01489948877133 1.34911560546607 1.04177691810764 1.08405408496037 1.84412386477925 1.78811117145233 1.50523670413531 1.11805476644076 1.30943909357302 1.00141248735599 1.50900239078328 1.38574133696966 1.8064612261951 1.61256035021506 1.08573709172197 1.15820975601673 1.56043660035357 1.04890312044881 0 1.21105963271111 1.25133733474649 1.08869968843646 1.9051282692235 1.15060228225775 1.52191814500839 1.91751050809398
1.88002644642256 1.74025389086455 1.36458032508381 1.42013823054731 1.26993586006574 1.39535684790462 1.21471955371089 1.46390860597603 0.976456188596785 1.37581372237764 1.53400148241781 1.50104235578328 1.93730153283104 1.81074737291783 1.87237335112877 1.37779136281461 1.47073731129058 1.0909590809606 1.85957507556304 1.28548022196628 1.2754890487995 1.33501883922145 1.21105963271111 0 1.28096634941176 1.74022239074111 1.7764585041441 1.85693243704736 1.10082579171285 1.35986661002971
1.67154063237831 1.8942621438764 1.1566778018605 1.00688234996051 1.6629828796722 1.58603529259562 1.89311569486745 1.15994530869648 1.92826597159728 1.4738755391445 1.85867712460458 1.52389839594252 1.65744879376143 1.27059421455488 1.38840346434154 1.20704947784543 1.6545220236294 1.19197880406864 1.63030447461642 1.64447815273888 1.83630378730595 1.31642931140959 1.25133733474649 1.28096634941176 0 1.16020301403478 1.77128955652006 1.52175700757653 1.90673205372877 1.51436205999926
1.06075632711872 1.77833827212453 1.09259955771267 1.4343542882707 1.94155308511108 1.01962154917419 1.24461971526034 1.88912872713991 1.45514160464518 1.92701570317149 1.18169417674653 1.69659331720322 1.03352998849005 1.5184243216645 0.966215815395117 1.80607965891249 1.55223131203093 1.28753190487623 1.76828333805315 1.47761336574331 1.61074311542325 1.34076851210557 1.08869968843646 1.74022239074111 1.16020301403478 0 1.04806591919623 1.1684946231544 1.66231048945338 1.72205916931853
1.85556907695718 0.95076502696611 1.88663678267039 1.18885562941432 1.31457053497434 1.44079919182695 0.969963026233017 1.08383815223351 1.12592383264564 1.84668979188427 1.94180056662299 1.26478035119362 1.11720321816392 1.77840137970634 1.48521867254749 1.58490951638669 1.2833721365314 1.56836855714209 1.20125660602935 1.17367705656216 1.80390623561107 1.81469923444092 1.9051282692235 1.7764585041441 1.77128955652006 1.04806591919623 0 1.29610579181463 1.87430558982305 1.57930835383013
1.55102961300872 1.40446393517777 1.04428537446074 1.89340399391949 0.959937574807554 1.86927716503851 1.68442423688248 1.1822187367361 1.34465929819271 1.52911415277049 1.72422984917648 1.66395559674129 1.55917236767709 1.90418394748122 1.23422295390628 1.08428530348465 1.23805923177861 1.39163117157295 1.57678788015619 1.32100062258542 1.14178143418394 1.2964920932427 1.15060228225775 1.85693243704736 1.52175700757653 1.1684946231544 1.29610579181463 0 1.60795095539652 1.32914015324786
1.06076813465916 0.95125400996767 0.951002201298252 1.10057079000399 1.42387429834343 1.13249494857155 1.13246782380156 1.17280606343411 1.35017469618469 1.00542101752944 1.71343622216955 1.45772535144351 1.37075605383143 1.93611974269152 1.38715695589781 1.06803784891963 1.36607208359055 1.18411231390201 1.288455221802 1.58748257765546 1.60343368654139 1.04367092065513 1.52191814500839 1.10082579171285 1.90673205372877 1.66231048945338 1.87430558982305 1.60795095539652 0 1.34839090821333
1.26836287393235 1.52785266540013 1.57711776904762 1.25545467087068 1.73662995663472 1.3465935359709 1.26625803206116 1.23845221404918 1.09820953756571 1.74819863005541 1.91486559039913 1.64508296968415 1.0319954350125 1.76876462064683 1.12915012869053 1.90206174668856 1.28387950290926 1.4930120119825 1.92083151382394 1.75213785097003 1.53849181276746 1.40289968880825 1.91751050809398 1.35986661002971 1.51436205999926 1.72205916931853 1.57930835383013 1.32914015324786 1.34839090821333 0
