0 1.08316879183985 0.993541676783934 1.57138031953946 1.37701365421526 1.86216657981277 0.998432106338441 1.10919671994634 1.77849287493154 1.44569837348536 1.19669439457357 1.20914463954978 1.10140336630866 1.79353039572015 0.923756786156446 1.54004384600557 0.924191820900887 1.40165914478712 0.951744664460421 1.17959315213375 1.34003630070947 0.962630373425782 1.00468322006054 0.999024484772235 1.46204256638885 0.933671544771641 1.15598646365106 1.61381509806961 1.36018269020133 1.66966861113906
1.08316879183985 0 1.07328858645633 1.20376834343188 1.63313889759593 1.25929494062439 1.49686219217256 0.998771611368284 1.81432784209028 1.08928740210831 1.9097614903003 1.62722280900925 1.69792974181473 1.00927236559801 1.42354754800908 1.339480496943 1.12587943626568 1.63471420342103 1.14967701165006 1.45565069862641 1.44370768219233 1.55500036291778 1.44517918094061 1.72720647417009 1.70560868829489 1.42980987299234 1.76750553352758 1.18333347677253 1.38171543832868 1.21292424364947
0.993541676783934 1.07328858645633 0 1.77584204613231 1.17259540781379 1.10572897573002 1.24135805107653 1.56230188370682 1.0382364501711 1.55517386249267 1.52032343111932 1.25188177032396 1.88982523651794 1.58096655993722 1.63347931113094 1.5793169667013 1.81946933851577 1.08564223023131 0.999804752878845 1.14798932848498 1.34526440734044 0.931649909354746 1.10468413354829 1.89191767456941 1.16183618688956 1.16098216711544 1.85220891120844 0.954670455073938 1.30862855119631 1.10793457599357
1.57138031953946 1.20376834343188 1.77584204613231 0 1.23741943994537 1.74423357495107 0.963920931098983 1.46776013914496 1.65739828627557 1.55701914825477 1.79777407250367 0.938832722138613 1.0722459089011 1.76149325445294 1.31908304663375 1.67330953641795 0.946066641481593 1.34077004995197 1.55556461471133 1.29129357193597 1.88368266122416 1.85392591357231 1.86299426155165 1.74194494471885 1.86206045211293 1.79443477210589 1.82915412797593 1.8144412424881 1.78919415129349 1.48314615874551
1.37701365421526 1.63313889759593 1.17259540781379 1.23741943994537 0 1.60783015098423 1.0269484645687 1.20370904984884 1.4041611792054 1.80664562690072 1.09701554011554 1.06124864867888 1.6786124908831 0.985397399868816 1.09898506850004 1.69501344626769 1.49177101952955 1.46388010098599 1.41899930057116 1.57820529071614 1.41526869265363 1.86010524234734 1.00440249289386 1.26991744246334 1.37371615157463 1.34175154939294 1.04186557768844 1.18434015382081 1.39364757901058 1.74622055701911
1.86216657981277 1.25929494062439 1.10572897573002 1.74423357495107 1.60783015098423 0 1.51458590617403 1.69841156201437 1.74627574323677 1.69544117688201 1.44265792821534 1.46041935682297 1.603036692366 1.12898722616956 1.54795282403938 1.21432025195099 1.65955215436406 1.90912383538671 1.4888118179515 1.10462217358872 1.8098393890541 1.29207750526257 1.59783578966744 1.66586866881698 1.55043222405948 1.63563171890564 1.32653161790222 1.88209485611878 1.24528025393374 1.25622571958229
0.998432106338441 1.49686219217256 1.24135805107653 0.963920931098983 1.0269484645687 1.51458590617403 0 1.3659874801524 1.80399488098919 1.19754408439621 1.67416971363127 1.31231743027456 1.4002894978039 1.37753831408918 1.69255838380195 1.9040029256139 1.87420928291976 1.18506262986921 1.48780182888731 1.34642243944108 1.11857416946441 1.25387151120231 1.51871746056713 0.962262582033873 1.83129458641633 1.17589249601588 1.0426943867933 0.966527719283476 0.93155513657257 1.84877171646804
1.10919671994634 0.998771611368284 1.56230188370682 1.46776013914496 1.20370904984884 1.69841156201437 1.3659874801524 0 1.72217403235845 1.39621964399703 1.54619865841232 1.86498705856502 1.10086552938446 1.80697625526227 1.04156923643313 0.913840620080009 0.921652918215841 1.060520949075 1.02859186963178 1.30819781543687 1.19019291130826 1.19451135676354 1.4329622676596 1.7225825751666 0.956540409708396 1.86536355107091 1.76626346679404 1.44982813019305 1.30439320858568 1.48369350121357
1.77849287493154 1.81432784209028 1.0382364501711 1.65739828627557 1.4041611792054 1.74627574323677 1.80399488098919 1.72217403235845 0 1.43188340659253 1.51936559844762 1.46950728050433 1.52891445881687 1.82597810355946 1.17288222839125 1.76201218529604 1.89929148484953 1.17510271491483 1.79985667625442 1.85779071948491 1.32739769853652 1.06189525290392 0.925139358034357 1.5641318350099 1.85663698380813 1.80174927064218 1.75841499213129 1.24940604832955 1.13557169237174 1.62185915093869
1.44569837348536 1.08928740210831 1.55517386249267 1.55701914825477 1.80664562690072 1.69544117688201 1.19754408439621 1.39621964399703 1.43188340659253 0 1.05966415652074 1.35762080154382 1.26863792142831 1.57252970593981 0.919400863815099 1.18189345672727 1.45195320528001 1.88393904361874 1.10198123613372 1.37202650681138 1.20809124480002 1.89738852786832 1.61302015464753 1.31806330382824 1.40872670500539 1.91249616607092 1.6331577678211 1.38214306603186 1.22101299301721 1.86985136126168
1.19669439457357 1.9097614903003 1.52032343111932 1.79777407250367 1.09701554011554 1.44265792821534 1.67416971363127 1.54619865841232 1.51936559844762 1.05966415652074 0 1.54987999354489 1.44671122985892 1.18947176984511 1.81363726756535 0.950895613292232 1.75665033957921 1.84469422022812 1.23284919071011 1.79134549433365 1.63935300032608 0.994563966058195 1.83187415217981 1.27686307020485 1.00120407459326 1.05648579401895 1.08448805450462 1.55632949154824 1.83074884559028 1.48145644576289
1.20914463954978 1.62722280900925 1.25188177032396 0.938832722138613 1.06124864867888 1.46041935682297 1.31231743027456 1.86498705856502 1.46950728050433 1.35762080154382 1.54987999354489 0 1.2267516667489 1.48072010534815 0.922335371142253 1.04278639773838 1.1707086104434 1.23570008808747 1.803012765944 1.71274112374522 1.8006970223505 1.86156863626093 1.30485990224406 1.38593239942566 1.69943860080093 1.44775768253021 0.984289478743449 1.7783216892276 0.947445900645107 1.35575288068503
1.10140336630866 1.69792974181473 1.88982523651794 1.0722459089011 1.6786124908831 1.603036692366 1.4002894978039 1.10086552938446 1.52891445881687 1.26863792142831 1.44671122985892 1.2267516667489 0 1.84640765492804 0.928353441646323 1.71196212712675 1.73705417406745 1.38265048898757 0.955178955337033 1.87117427401245 1.32257967954502 1.66670544119552 1.27884117770009 1.56509873270988 1.14057730929926 1.06127208378166 0.93766224058345 1.67895093862899 1.87435914552771 1.53198597324081
1.79353039572015 1.00927236559801 1.58096655993722 1.76149325445294 0.985397399868816 1.12898722616956 1.37753831408918 1.80697625526227 1.82597810355946 1.57252970593981 1.18947176984511 1.48072010534815 1.84640765492804 0 0.978879239642993 1.7842524566222 1.90836252365261 1.62370756780729 1.07574316929094 1.78186320955865 1.21560345287435 1.40903274854645 1.63465558760799 1.64606115291826 1.19383167126216 1.73475526971743 1.86653687525541 1.12989798490889 1.84099969221279 1.48745966795832
0.923756786156446 1.42354754800908 1.63347931113094 1.31908304663375 1.09898506850004 1.54795282403938 1.69255838380195 1.04156923643313 1.17288222839125 0.919400863815099 1.81363726756535 0.922335371142253 0.928353441646323 0.978879239642993 0 1.06086841807701 1.3921399845276 1.13316416880116 1.78422118979506 1.39052299619652 1.26976687577553 1.79734504874796 1.29723401786759 1.81643674150109 1.11606967123225 1.57985583343543 1.35892783035524 1.23918115603738 1.82749033905566 1.11183170392178
1.54004384600557 1.339480496943 1.5793169667013 1.67330953641795 1.69501344626769 1.21432025195099 1.9040029256139 0.913840620080009 1.76201218529604 1.18189345672727 0.950895613292232 1.04278639773838 1.71196212712675 1.7842524566222 1.06086841807701 0 1.49276309623383 1.57560028485022 0.951999220065773 1.58449258422479 1.89446735428646 1.89520690892823 1.00048046698794 1.37815678189509 1.16500030364841 1.54674049559981 1.70517816860229 1.65194701543078 1.72308676526882 1.90143290348351
0.924191820900887 1.12587943626568 1.81946933851577 0.946066641481593 1.49177101952955 1.65955215436406 1.87420928291976 0.921652918215841 1.89929148484953 1.45195320528001 1.75665033957921 1.1707086104434 1.73705417406745 1.90836252365261 1.3921399845276 1.49276309623383 0 1.56663852068596 0.929301386931911 1.35328979580663 1.21751251909882 1.38532462459989 1.53521986398846 1.03469325136393 1.1606750250794 1.35690760775469 1.0755921525415 1.90583904390223 1.30972727551125 1.30612090812065
1.40165914478712 1.63471420342103 1.08564223023131 1.34077004995197 1.46388010098599 1.90912383538671 1.18506262986921 1.060520949075 1.17510271491483 1.88393904361874 1.84469422022812 1.23570008808747 1.38265048898757 1.62370756780729 1.13316416880116 1.57560028485022 1.56663852068596 0 1.74390859622508 1.64776657568291 1.50391628174111 0.977400295203552 1.8848029577639 1.40605487907305 1.66436385014094 1.80094817467034 1.30701851448976 1.58172823837958 1.41121964319609 1.7642072327435
0.951744664460421 1.14967701165006 0.999804752878845 1.55556461471133 1.41899930057116 1.4888118179515 1.48780182888731 1.02859186963178 1.79985667625442 1.10198123613372 1.23284919071011 1.803012765944 0.955178955337033 1.07574316929094 1.78422118979506 0.951999220065773 0.929301386931911 1.74390859622508 0 1.64044391037896 1.51067125564441 1.84043982205912 1.21972834155895 1.60386910079978 1.23818439152092 1.85558129032142 1.46821795171127 1.11675603268668 1.68694827123545 1.15267591900192
1.17959315213375 1.45565069862641 1.14798932848498 1.29129357193597 1.57820529071614 1.10462217358872 1.34642243944108 1.30819781543687 1.85779071948491 1.37202650681138 1.79134549433365 1.71274112374522 1.87117427401245 1.78186320955865 1.39052299619652 1.58449258422479 1.35328979580663 1.64776657568291 1.64044391037896 0 1.79352354560979 1.39290076983161 1.42166954325512 1.37296218168922 1.5845850224141 1.58092167554423 0.935182836372405 0.950732887489721 1.32761349645443 1.90653847483918
1.34003630070947 1.44370768219233 1.34526440734044 1.88368266122416 1.41526869265363 1.8098393890541 1.11857416946441 1.19019291130826 1.32739769853652 1.20809124480002 1.63935300032608 1.8006970223505 1.32257967954502 1.21560345287435 1.26976687577553 1.89446735428646 1.21751251909882 1.50391628174111 1.51067125564441 1.79352354560979 0 1.90291352430359 1.04171374812722 1.41511009586975 1.49066574499011 1.01264483039267 1.65636206115596 1.40086904377677 1.46855042967945 1.5246926296968
0.962630373425782 1.55500036291778 0.931649909354746 1.85392591357231 1.86010524234734 1.29207750526257 1.25387151120231 1.19451135676354 1.06189525290392 1.89738852786832 0.994563966058195 1.86156863626093 1.66670544119552 1.40903274854645 1.79734504874796 1.89520690892823 1.38532462459989 0.977400295203552 1.84043982205912 1.39290076983161 1.90291352430359 0 1.83258082251996 0.967264457372949 1.38744288380258 1.54733124328777 1.83282631076872 1.05628449073993 0.941265618894249 1.36073947302066
1.00468322006054 1.44517918094061 1.10468413354829 1.86299426155165 1.00440249289386 1.59783578966744 1.51871746056713 1.4329622676596 0.925139358034357 1.61302015464753 1.83187415217981 1.30485990224406 1.27884117770009 1.63465558760799 1.29723401786759 1.00048046698794 1.53521986398846 1.8848029577639 1.21972834155895 1.42166954325512 1.04171374812722 1.83258082251996 0 1.58036939729936 0.931497625773773 1.40231510461308 1.02812156942673 1.47011586790904 1.43066281476058 1.15795705560595
0.999024484772235 1.72720647417009 1.89191767456941 1.74194494471885 1.26991744246334 1.66586866881698 0.962262582033873 1.7225825751666 1.5641318350099 1.31806330382824 1.27686307020485 1.38593239942566 1.56509873270988 1.64606115291826 1.81643674150109 1.37815678189509 1.03469325136393 1.40605487907305 1.60386910079978 1.37296218168922 1.41511009586975 0.967264457372949 1.58036939729936 0 0.98028327897191 1.47602923144586 1.74594590207562 1.25441408739425 1.13920717313886 1.05583258601837
1.46204256638885 1.70560868829489 1.16183618688956 1.86206045211293 1.37371615157463 1.55043222405948 1.83129458641633 0.956540409708396 1.85663698380813 1.40872670500539 1.00120407459326 1.69943860080093 1.14057730929926 1.19383167126216 1.11606967123225 1.16500030364841 1.1606750250794 1.66436385014094 1.23818439152092 1.5845850224141 1.49066574499011 1.38744288380258 0.931497625773773 0.98028327897191 0 1.17972976178862 1.82087193103507 1.58458523871377 0.997251697815955 1.31046245549805
0.933671544771641 1.42980987299234 1.16098216711544 1.79443477210589 1.34175154939294 1.63563171890564 1.17589249601588 1.86536355107091 1.80174927064218 1.91249616607092 1.05648579401895 1.44775768253021 1.06127208378166 1.73475526971743 1.57985583343543 1.54674049559981 1.35690760775469 1.80094817467034 1.85558129032142 1.58092167554423 1.01264483039267 1.54733124328777 1.40231510461308 1.47602923144586 1.17972976178862 0 1.11234057811089 1.55999015225098 1.59123862581328 1.23608953808434
1.15598646365106 1.76750553352758 1.85220891120844 1.82915412797593 1.04186557768844 1.32653161790222 1.0426943867933 1.76626346679404 1.75841499213129 1.6331577678211 1.08448805450462 0.984289478743449 0.93766224058345 1.86653687525541 1.35892783035524 1.70517816860229 1.0755921525415 1.30701851448976 1.46821795171127 0.935182836372405 1.65636206115596 1.83282631076872 1.02812156942673 1.74594590207562 1.82087193103507 1.11234057811089 0 1.13010857603513 1.76763291633688 1.20711155282333
1.61381509806961 1.18333347677253 0.954670455073938 1.8144412424881 1.18434015382081 1.88209485611878 0.966527719283476 1.44982813019305 1.24940604832955 1.38214306603186 1.55632949154824 1.7783216892276 1.67895093862899 1.12989798490889 1.23918115603738 1.65194701543078 1.90583904390223 1.58172823837958 1.11675603268668 0.950732887489721 1.40086904377677 1.05628449073993 1.47011586790904 1.25441408739425 1.58458523871377 1.55999015225098 1.13010857603513 0 1.63767441129312 1.20596519461833
1.36018269020133 1.38171543832868 1.30862855119631 1.78919415129349 1.39364757901058 1.24528025393374 0.93155513657257 1.30439320858568 1.13557169237174 1.22101299301721 1.83074884559028 0.947445900645107 1.87435914552771 1.84099969221279 1.82749033905566 1.72308676526882 1.30972727551125 1.41121964319609 1.68694827123545 1.32761349645443 1.46855042967945 0.941265618894249 1.43066281476058 1.13920717313886 0.997251697815955 1.59123862581328 1.76763291633688 1.63767441129312 0 1.04850100725889
1.66966861113906 1.21292424364947 1.10793457599357 1.48314615874551 1.74622055701911 1.25622571958229 1.84877171646804 1.48369350121357 1.62185915093869 1.86985136126168 1.48145644576289 1.35575288068503 1.53198597324081 1.48745966795832 1.11183170392178 1.90143290348351 1.30612090812065 1.7642072327435 1.15267591900192 1.90653847483918 1.5246926296968 1.36073947302066 1.15795705560595 1.05583258601837 1.31046245549805 1.23608953808434 1.20711155282333 1.20596519461833 1.04850100725889 0
