0 1.50174029590562 1.34762881137431 1.7322313527111 1.62503152037971 1.71556854923256 1.39455394027755 1.88178386702202 1.12514100852422 1.17132909782231 1.34350517624989 1.06419596076012 1.90196860465221 1.49389949184842 1.70000740303658 1.68540712632239 1.23407568736002 1.22276359493844 1.08161870855838 1.25593686033972 1.9129068441689 1.50064415531233 1.64688320294954 1.92673082696274 1.06694217515178 1.78399359062314 1.1794508965686 1.90015028021298 1.289937378373 1.33385130157694
1.50174029590562 0 1.08359661907889 1.63321133307181 1.39075978798792 1.82594033214264 1.53645381191745 1.18503379961476 1.19884233130142 1.56164250709116 1.12926499173045 1.3752409836743 1.30724469153211 1.86137947090901 1.50785366049968 1.81771622342058 1.38103590835817 1.48191258101724 1.20933872601017 1.0534311668016 1.30622993945144 1.59440763411112 1.87966694985516 1.03620268520899 1.18703788565472 1.11801569582894 1.08306069509126 1.93310175673105 1.23205878562294 1.40023236419074
1.34762881137431 1.08359661907889 0 1.1207788225729 0.986861059442163 1.94990166998468 1.66552354465239 1.09334671660326 0.983003577683121 1.77504611108452 1.49041626323014 1.3035748701077 1.33735026419163 1.62130130897276 1.19960565329529 1.20521708065644 1.30350943747908 1.88331658905372 1.13154270895757 1.5190083575435 1.81618573167361 1.80451776646078 1.40876704431139 1.72792195132934 1.71693433425389 1.7319967825897 1.60719715221785 1.44619380123913 1.50843107583933 1.08387316018343
1.7322313527111 1.63321133307181 1.1207788225729 0 1.71374372206628 1.77305466705002 1.9133362902794 1.47634786297567 1.20182691840455 0.980473302770406 1.14464286505245 1.22265415755101 1.59371997765265 1.43058186257258 1.7309672026895 1.93195832660422 1.39931055507623 0.972129900706932 1.48062493745238 1.19859211565927 1.08129318570718 1.8258456599433 1.37944205314852 1.21876073232852 1.94569311407395 1.15088833635673 1.76584143587388 1.40551711479202 1.25213380111381 1.03679602895863
1.62503152037971 1.39075978798792 0.986861059442163 1.71374372206628 0 1.2669796992559 1.40224303561263 1.32136493129656 1.17862064321525 1.14910058164969 1.80246375571005 1.81459860084578 1.5254568872042 1.23916610796005 1.52888996736147 1.46547230798751 1.03875278984196 1.80829896614887 1.27572163706645 1.79212118545547 1.30307027418166 1.48038219776936 1.37015408230945 1.95847719954327 1.68882884643972 1.44839618657716 1.79828931600787 1.91284731891938 1.92969757434912 1.27437370806001
1.71556854923256 1.82594033214264 1.94990166998468 1.77305466705002 1.2669796992559 0 1.60715175489895 1.58549331501126 1.95105525455438 1.88953181006946 1.8719965829514 1.08929215813987 1.31985074421391 1.75778747559525 0.98405197286047 1.60190845443867 1.49222773453221 1.18811886897311 1.85319204349071 1.44212538539432 1.53378292056732 1.17202863702551 1.83407875802368 1.93611570075154 1.90409093210474 1.95427349768579 1.16366919502616 1.9514070651494 0.965580040356144 1.08986173802987
1.39455394027755 1.53645381191745 1.66552354465239 1.9133362902794 1.40224303561263 1.60715175489895 0 1.03371964418329 1.59600319038145 0.972693171584979 1.11930602858774 1.57960899081081 1.1078047438059 0.992750655626878 1.39375468809158 1.36353078112006 1.24834717041813 1.33003524225205 1.9358455108013 1.57987873232923 1.45986495446414 1.76754492125474 1.26620812248439 1.77463237568736 1.35377371753566 1.65892530954443 1.49675220204517 1.7794857302215 1.1709036519751 1.43596760486253
1.88178386702202 1.18503379961476 1.09334671660326 1.47634786297567 1.32136493129656 1.58549331501126 1.03371964418329 0 1.20749899558723 1.83609339082614 1.71467074984685 1.62362850806676 1.16322753159329 1.47933047800325 1.45534979202785 1.70389542775229 1.10215240018442 1.39246197813191 1.56187070230953 1.49316062312573 1.90339049114846 1.38764300756156 1.34043282759376 1.25687092822045 1.89435448893346 1.57792126922868 1.21910835593008 1.91042377101257 1.90753051033244 1.81657983758487
1.12514100852422 1.19884233130142 0.983003577683121 1.20182691840455 1.17862064321525 1.95105525455438 1.59600319038145 1.20749899558723 0 1.52564184530638 1.49281366472133 1.15167917381041 1.44061826472171 1.76335158012807 1.71127693355083 1.20591021701694 1.76114563620649 1.36522509576753 1.89129756228067 1.90815521916375 1.55877050408162 1.52894704788923 1.57106337812729 1.10726010333747 1.81692195823416 1.21593125280924 1.27005853038281 1.68165974551812 1.82367982598953 1.89912558533251
1.17132909782231 1.56164250709116 1.77504611108452 0.980473302770406 1.14910058164969 1.88953181006946 0.972693171584979 1.83609339082614 1.52564184530638 0 1.50157098588534 1.86493202508427 1.45434143883176 1.13394166599028 1.09019164694473 1.16371448058635 1.68431371753104 1.62245927541517 1.78749943664297 1.12168120895512 1.12417195062153 1.32958044344559 1.15269033587538 1.23391500161961 1.24680672027171 1.12826261366718 1.5614663832821 1.75034748762846 1.66686623869464 1.71794508304447
1.34350517624989 1.12926499173045 1.49041626323014 1.14464286505245 1.80246375571005 1.8719965829514 1.11930602858774 1.71467074984685 1.49281366472133 1.50157098588534 0 1.22539078420959 1.39947120286524 1.95119881816208 1.95819297223352 1.21510707051493 1.89844928658567 1.34742909134366 1.72066442901269 1.40104220085777 1.00479838834144 1.21127089322545 1.00075959879905 1.24043727433309 1.84962031734176 1.42424405715428 1.88805748592131 1.87948431447148 1.67063796008006 1.47082801954821
1.06419596076012 1.3752409836743 1.3035748701077 1.22265415755101 1.81459860084578 1.08929215813987 1.57960899081081 1.62362850806676 1.15167917381041 1.86493202508427 1.22539078420959 0 1.21562631847337 1.36602951399982 1.7614316616673 1.86737487837672 1.03562287357636 1.07296140678227 1.0920245081652 1.65523418108933 0.985601295251399 1.1824386944063 1.27851382107474 1.42457481077872 1.67396598611958 0.96840434637852 1.52776516671292 1.95120782358572 1.39252868620679 1.58706241729669
1.90196860465221 1.30724469153211 1.33735026419163 1.59371997765265 1.5254568872042 1.31985074421391 1.1078047438059 1.16322753159329 1.44061826472171 1.45434143883176 1.39947120286524 1.21562631847337 0 1.56016494915821 1.42336134496145 1.62528065708466 1.83852717443369 1.65509090851992 1.46515535842627 1.55682095186785 1.00946968677454 1.23262242693454 1.73098088242114 1.22404004377313 1.82950011733919 1.42011018493213 1.79737717006356 1.18885873816907 1.51934750587679 1.73478507390246
1.49389949184842 1.86137947090901 1.62130130897276 1.43058186257258 1.23916610796005 1.75778747559525 0.992750655626878 1.47933047800325 1.76335158012807 1.13394166599028 1.95119881816208 1.36602951399982 1.56016494915821 0 1.45011021150276 1.30133605957963 1.73785306490026 1.55414362950251 1.51990466285497 1.35871837567538 1.08344733878039 1.27360327518545 1.74085808824748 1.00802009366453 1.36680218274705 1.89686575811356 1.74419147428125 1.32763219997287 0.984885117039084 1.37423243955709
1.70000740303658 1.50785366049968 1.19960565329529 1.7309672026895 1.52888996736147 0.98405197286047 1.39375468809158 1.45534979202785 1.71127693355083 1.09019164694473 1.95819297223352 1.7614316616673 1.42336134496145 1.45011021150276 0 1.69813736015931 1.37732349638827 1.57251119357534 1.11841575731523 1.3274846568238 1.60058681457303 1.9542930314783 1.01746170851402 1.2726631492842 1.69415967399254 1.85308777354658 1.64381223800592 1.64429607079364 1.88014049245976 1.7115586923901
1.68540712632239 1.81771622342058 1.20521708065644 1.93195832660422 1.46547230798751 1.60190845443867 1.36353078112006 1.70389542775229 1.20591021701694 1.16371448058635 1.21510707051493 1.86737487837672 1.62528065708466 1.30133605957963 1.69813736015931 0 1.60523990099318 1.93251977371983 1.38595166685991 1.56253273203038 1.40885252482258 1.5443421616219 1.79394477931783 1.44921121606603 1.35055873217061 1.5876919911243 1.6192489664536 1.87561136204749 1.89655758836307 1.88832178455777
1.23407568736002 1.38103590835817 1.30350943747908 1.39931055507623 1.03875278984196 1.49222773453221 1.24834717041813 1.10215240018442 1.76114563620649 1.68431371753104 1.89844928658567 1.03562287357636 1.83852717443369 1.73785306490026 1.37732349638827 1.60523990099318 0 1.28942066454329 1.07663423358463 1.19309870689176 1.77854258962907 1.90986266289838 1.5341904158704 1.8977886622306 1.48464995133691 1.73242577491328 1.71373234712519 1.75036054686643 1.54999450128525 1.48420066479594
1.22276359493844 1.48191258101724 1.88331658905372 0.972129900706932 1.80829896614887 1.18811886897311 1.33003524225205 1.39246197813191 1.36522509576753 1.62245927541517 1.34742909134366 1.07296140678227 1.65509090851992 1.55414362950251 1.57251119357534 1.93251977371983 1.28942066454329 0 1.91572796367109 1.27969436626881 1.89251665328629 1.87250381195918 1.37479682243429 1.21740135457367 0.973563213367015 1.38692581746727 1.8945089483168 1.84509012056515 1.05525522539392 1.80546953971498
1.08161870855838 1.20933872601017 1.13154270895757 1.48062493745238 1.27572163706645 1.85319204349071 1.9358455108013 1.56187070230953 1.89129756228067 1.78749943664297 1.72066442901269 1.0920245081652 1.46515535842627 1.51990466285497 1.11841575731523 1.38595166685991 1.07663423358463 1.91572796367109 0 1.88516473793425 1.7539871847257 0.981370920315385 1.00362546369433 1.52732893684879 1.170283988351 1.43330397596583 1.61967367958277 1.69589880015701 1.76030975533649 1.79525171243586
1.25593686033972 1.0534311668016 1.5190083575435 1.19859211565927 1.79212118545547 1.44212538539432 1.57987873232923 1.49316062312573 1.90815521916375 1.12168120895512 1.40104220085777 1.65523418108933 1.55682095186785 1.35871837567538 1.3274846568238 1.56253273203038 1.19309870689176 1.27969436626881 1.88516473793425 0 1.28425173624419 1.85670977667905 1.21938936854713 1.6077188483905 1.17778267664835 1.25130404066294 0.996783296111971 0.984727751230821 1.19233092525974 1.58305620588362
1.9129068441689 1.30622993945144 1.81618573167361 1.08129318570718 1.30307027418166 1.53378292056732 1.45986495446414 1.90339049114846 1.55877050408162 1.12417195062153 1.00479838834144 0.985601295251399 1.00946968677454 1.08344733878039 1.60058681457303 1.40885252482258 1.77854258962907 1.89251665328629 1.7539871847257 1.28425173624419 0 1.16331403516233 1.37853905837983 1.39611897943541 1.0335783183109 1.37289995513856 1.23584908503108 1.75164692499675 1.1540412902832 0.96872071060352
1.50064415531233 1.59440763411112 1.80451776646078 1.8258456599433 1.48038219776936 1.17202863702551 1.76754492125474 1.38764300756156 1.52894704788923 1.32958044344559 1.21127089322545 1.1824386944063 1.23262242693454 1.27360327518545 1.9542930314783 1.5443421616219 1.90986266289838 1.87250381195918 0.981370920315385 1.85670977667905 1.16331403516233 0 1.93715013773181 1.37809350830503 1.89916201378219 1.62293986487202 1.74776533967815 1.2634776153136 1.3673532216344 0.973914943635464
1.64688320294954 1.87966694985516 1.40876704431139 1.37944205314852 1.37015408230945 1.83407875802368 1.26620812248439 1.34043282759376 1.57106337812729 1.15269033587538 1.00075959879905 1.27851382107474 1.73098088242114 1.74085808824748 1.01746170851402 1.79394477931783 1.5341904158704 1.37479682243429 1.00362546369433 1.21938936854713 1.37853905837983 1.93715013773181 0 1.38048719568178 1.15597049915232 1.81428218935616 1.28774197190069 1.74799513467588 1.41249718167819 1.9102175058797
1.92673082696274 1.03620268520899 1.72792195132934 1.21876073232852 1.95847719954327 1.93611570075154 1.77463237568736 1.25687092822045 1.10726010333747 1.23391500161961 1.24043727433309 1.42457481077872 1.22404004377313 1.00802009366453 1.2726631492842 1.44921121606603 1.8977886622306 1.21740135457367 1.52732893684879 1.6077188483905 1.39611897943541 1.37809350830503 1.38048719568178 0 1.5585513273254 0.982581459917128 1.48564116982743 1.90949357207865 1.53644402092323 1.38502977835014
1.06694217515178 1.18703788565472 1.71693433425389 1.94569311407395 1.68882884643972 1.90409093210474 1.35377371753566 1.89435448893346 1.81692195823416 1.24680672027171 1.84962031734176 1.67396598611958 1.82950011733919 1.36680218274705 1.69415967399254 1.35055873217061 1.48464995133691 0.973563213367015 1.170283988351 1.17778267664835 1.0335783183109 1.89916201378219 1.15597049915232 1.5585513273254 0 1.00242079189047 1.12396306893788 1.5398183260113 1.50339865987189 1.73475405876525
1.78399359062314 1.11801569582894 1.7319967825897 1.15088833635673 1.44839618657716 1.95427349768579 1.65892530954443 1.57792126922868 1.21593125280924 1.12826261366718 1.42424405715428 0.96840434637852 1.42011018493213 1.89686575811356 1.85308777354658 1.5876919911243 1.73242577491328 1.38692581746727 1.43330397596583 1.25130404066294 1.37289995513856 1.62293986487202 1.81428218935616 0.982581459917128 1.00242079189047 0 1.02427590196021 0.998455951455981 1.09448158089072 1.31085899658501
1.1794508965686 1.08306069509126 1.60719715221785 1.76584143587388 1.79828931600787 1.16366919502616 1.49675220204517 1.21910835593008 1.27005853038281 1.5614663832821 1.88805748592131 1.52776516671292 1.79737717006356 1.74419147428125 1.64381223800592 1.6192489664536 1.71373234712519 1.8945089483168 1.61967367958277 0.996783296111971 1.23584908503108 1.74776533967815 1.28774197190069 1.48564116982743 1.12396306893788 1.02427590196021 0 1.30168583360501 1.79137147264555 1.40590669191442
1.90015028021298 1.93310175673105 1.44619380123913 1.40551711479202 1.91284731891938 1.9514070651494 1.7794857302215 1.91042377101257 1.68165974551812 1.75034748762846 1.87948431447148 1.95120782358572 1.18885873816907 1.32763219997287 1.64429607079364 1.87561136204749 1.75036054686643 1.84509012056515 1.69589880015701 0.984727751230821 1.75164692499675 1.2634776153136 1.74799513467588 1.90949357207865 1.5398183260113 0.998455951455981 1.30168583360501 0 1.66106958664022 1.44068098207936
1.289937378373 1.23205878562294 1.50843107583933 1.25213380111381 1.92969757434912 0.965580040356144 1.1709036519751 1.90753051033244 1.82367982598953 1.66686623869464 1.67063796008006 1.39252868620679 1.51934750587679 0.984885117039084 1.88014049245976 1.89655758836307 1.54999450128525 1.05525522539392 1.76030975533649 1.19233092525974 1.1540412902832 1.3673532216344 1.41249718167819 1.53644402092323 1.50339865987189 1.09448158089072 1.79137147264555 1.66106958664022 0 1.0048896051012
1.33385130157694 1.40023236419074 1.08387316018343 1.03679602895863 1.27437370806001 1.08986173802987 1.43596760486253 1.81657983758487 1.89912558533251 1.71794508304447 1.47082801954821 1.58706241729669 1.73478507390246 1.37423243955709 1.7115586923901 1.88832178455777 1.48420066479594 1.80546953971498 1.79525171243586 1.58305620588362 0.96872071060352 0.973914943635464 1.9102175058797 1.38502977835014 1.73475405876525 1.31085899658501 1.40590669191442 1.44068098207936 1.0048896051012 0
