0 1.17158210207708 1.50721374130808 0.917092947755009 1.83902770746499 0.930703178746626 1.58656827546656 1.34284182987176 1.57744232262485 1.25555886770599 1.9041896709241 1.57063099578954 1.52594964508899 1.44255682756193 1.31734403176233 1.72363515361212 1.69053063564934 1.43519438127987 1.4579500858672 1.64897719281726 1.77591855800711 1.63813112559728 1.42543281568214 1.09201510343701 1.40928627853282 1.33375405450352 1.69620805536397 1.41941363899969 1.18802036019042 1.66967419954017
1.17158210207708 0 1.52086455840617 1.87513739010319 1.37291961954907 1.04687218577601 1.24450660031289 0.963801613543183 1.54505633632652 1.27504658326507 1.35044391034171 1.67113387654535 1.61944749811664 1.33388539054431 1.55762320570648 1.73711922112852 1.12962870672345 1.39263588935137 1.72871341137215 1.51829938916489 1.36658880254254 1.23296900489368 1.03291343455203 1.63739327667281 1.61591075314209 0.916364550357684 1.3047869426664 1.11272301198915 1.27277734107338 0.948454649886116
1.50721374130808 1.52086455840617 0 1.45898175868206 1.67622358771041 1.89440639852546 1.25004555215128 1.08997980738059 1.69905900163576 1.32342034415342 1.82892269245349 1.75387352425605 0.966426473809406 1.58514486765489 1.09327501780353 1.26904373057187 1.77526359935291 1.58603601786308 1.38176608132198 1.66866142698564 0.918389494530857 1.38714004936628 1.57773680402897 1.08746227947995 0.959953156299889 1.90110313473269 1.6461713926401 1.04754078318365 0.933101075002924 1.41930131195113
0.917092947755009 1.87513739010319 1.45898175868206 0 1.69384450092912 1.42056912346743 1.64503245963715 1.66337854461744 1.78554935776629 1.41013398766518 1.01911392551847 1.87407946842723 1.09819925646298 1.85569049138576 1.29509934457019 1.10946027399041 1.69640267151408 1.38065904797986 1.78734662453644 1.22558063571341 1.69177091657184 0.95784705132246 1.74776085512713 1.31396132637747 1.22635892732069 1.51985168224201 1.05932705826126 1.75937298731878 1.84297481924295 1.17177188070491
1.83902770746499 1.37291961954907 1.67622358771041 1.69384450092912 0 1.12731603952125 1.32279622042552 1.28112753340974 0.924222952220589 1.1106916051358 1.2944449337665 1.71384045155719 1.28811516496353 1.54792442102917 1.86492605973035 1.20143934572116 1.25930512091145 1.33112516487017 0.988028071587905 1.04697010852396 1.58280553435907 1.23598141083494 1.72258444665931 1.25047699757852 0.955230896361172 1.54385796608403 1.28773768013343 1.38367554382421 1.15216119983234 1.83776595629752
0.930703178746626 1.04687218577601 1.89440639852546 1.42056912346743 1.12731603952125 0 1.119439098984 1.62846816331148 1.43409423623234 1.30743290646933 1.80802440736443 0.918461213819683 1.09239685698412 1.71214207354933 1.50379802496172 1.18270295043476 1.67111916234717 1.7859072573483 1.68638108018786 1.18404394504614 1.40645651496015 1.47844708152115 0.96298977942206 1.37730062799528 1.16696949140169 0.969147148774937 1.12153037032112 1.51170281367376 1.51695421035402 1.13256614399143
1.58656827546656 1.24450660031289 1.25004555215128 1.64503245963715 1.32279622042552 1.119439098984 0 1.28970508673228 1.44566354947165 1.10934213874862 1.72533734492026 1.6922572881449 1.82017297437415 1.18219286878593 1.84930356265977 1.77336217812262 1.10531974188052 1.53372090891935 0.951982383150607 1.66664713271894 0.908261756412685 1.03601194429211 0.963612997438759 1.59178895899095 0.915121291996911 1.25211277394556 1.10557983582839 1.19555727601983 1.19364306912757 1.40846432046965
1.34284182987176 0.963801613543183 1.08997980738059 1.66337854461744 1.28112753340974 1.62846816331148 1.28970508673228 0 1.21519240317866 1.43176602735184 1.72218792117201 1.04133150586858 1.22170834988356 1.88737759552896 1.20207161433063 1.33866219874471 1.10273942141794 1.20184809202328 1.15667082369328 1.03531163232401 1.20490099256858 1.83505550585687 1.31837845756672 1.44153996603563 1.17526027956046 1.59793954808265 1.46864288859069 0.930429694009945 1.49760670471005 1.86047947756015
1.57744232262485 1.54505633632652 1.69905900163576 1.78554935776629 0.924222952220589 1.43409423623234 1.44566354947165 1.21519240317866 0 1.4770167155657 0.924037682591006 1.75075577502139 0.963556403294206 1.3194678875152 1.60114310448989 1.24942623241805 1.57284150342457 1.69163038791157 1.52618631417863 0.955652147997171 1.29946470796131 1.65267365798354 1.10556702688336 1.42473216610961 1.61922639259137 1.71092313271947 1.11570846708491 1.78638336621225 1.62740173866041 1.33008678024635
1.25555886770599 1.27504658326507 1.32342034415342 1.41013398766518 1.1106916051358 1.30743290646933 1.10934213874862 1.43176602735184 1.4770167155657 0 1.3988366748672 1.87046280130744 1.30763800465502 1.87996288063005 1.01470460998826 1.7852147766389 1.23422479140572 1.62789659225382 1.35898701986298 1.80355259263888 1.66728994366713 1.33109536347911 1.82116011460312 1.54642772395164 1.53221762739122 1.80016849655658 1.58581068436615 1.44928702921607 1.87789359223098 1.8750183894299
1.9041896709241 1.35044391034171 1.82892269245349 1.01911392551847 1.2944449337665 1.80802440736443 1.72533734492026 1.72218792117201 0.924037682591006 1.3988366748672 0 1.74016490229405 1.85723179485649 1.70566763845272 1.10164777096361 1.36838547233492 0.94510081387125 1.35979031934403 1.77327797049657 1.4613021062687 1.55925769452006 1.37584604369476 1.05228974623606 1.5198885963764 1.28409589943476 1.77068627462722 1.73696493241005 1.53918836847879 1.64089085976593 1.5396907585673
1.57063099578954 1.67113387654535 1.75387352425605 1.87407946842723 1.71384045155719 0.918461213819683 1.6922572881449 1.04133150586858 1.75075577502139 1.87046280130744 1.74016490229405 0 1.07217594771646 1.21022246847861 1.86208613892086 1.20185910747387 1.14497403753921 1.1101833912544 1.46832760795951 1.32975669438019 1.8195553177502 1.33340230328031 1.17070677294396 1.31609693798237 1.09735227981582 1.04895473178476 1.62177245947532 1.70740621420555 1.40397467347793 1.59319093893282
1.52594964508899 1.61944749811664 0.966426473809406 1.09819925646298 1.28811516496353 1.09239685698412 1.82017297437415 1.22170834988356 0.963556403294206 1.30763800465502 1.85723179485649 1.07217594771646 0 1.54411521367729 0.962803702335805 1.70574821345508 1.70085736294277 1.12821801006794 1.79182527307421 1.47587721445598 1.88481596834026 1.23728778259829 1.73047169786878 1.18241134774871 1.40699872397818 1.3418538486585 1.77916889637709 1.67462537018582 1.14686824125238 0.94938847515732
1.44255682756193 1.33388539054431 1.58514486765489 1.85569049138576 1.54792442102917 1.71214207354933 1.18219286878593 1.88737759552896 1.3194678875152 1.87996288063005 1.70566763845272 1.21022246847861 1.54411521367729 0 1.38594423001632 1.1293222878594 1.39818533975631 1.60917673562653 1.15329100564122 1.72090357751586 1.76427388982847 1.26631408301182 1.30962686985731 1.39352217502892 1.53178770001978 1.65151201398112 1.77892393385991 1.08760137343779 1.74339268426411 1.2528584965039
1.31734403176233 1.55762320570648 1.09327501780353 1.29509934457019 1.86492605973035 1.50379802496172 1.84930356265977 1.20207161433063 1.60114310448989 1.01470460998826 1.10164777096361 1.86208613892086 0.962803702335805 1.38594423001632 0 1.75841956259683 1.08290988975205 1.03836839972064 1.02327582403086 0.942460396094248 1.40066562150605 1.37758962763473 1.58795127505437 1.47534950706176 0.950243085855618 1.50298693776131 1.00218531955034 1.3867408935912 0.983307276386768 1.20475352159701
1.72363515361212 1.73711922112852 1.26904373057187 1.10946027399041 1.20143934572116 1.18270295043476 1.77336217812262 1.33866219874471 1.24942623241805 1.7852147766389 1.36838547233492 1.20185910747387 1.70574821345508 1.1293222878594 1.75841956259683 0 1.28539605438709 1.79103064886294 1.09050729637966 1.17072204011492 1.50202475627884 1.31047819880769 1.34440480079502 1.8934069541283 1.76615966972895 1.08004913432524 1.82133466121741 1.13071630825289 1.18218612624332 1.86265813349746
1.69053063564934 1.12962870672345 1.77526359935291 1.69640267151408 1.25930512091145 1.67111916234717 1.10531974188052 1.10273942141794 1.57284150342457 1.23422479140572 0.94510081387125 1.14497403753921 1.70085736294277 1.39818533975631 1.08290988975205 1.28539605438709 0 1.45550212520175 1.0767355656717 1.70811437116936 1.2861683878582 1.01943004084751 1.82920611137524 0.923214954324067 1.63758205273189 1.1788477031514 1.07321305712685 1.04872824507765 1.66748386179097 0.93994733504951
1.43519438127987 1.39263588935137 1.58603601786308 1.38065904797986 1.33112516487017 1.7859072573483 1.53372090891935 1.20184809202328 1.69163038791157 1.62789659225382 1.35979031934403 1.1101833912544 1.12821801006794 1.60917673562653 1.03836839972064 1.79103064886294 1.45550212520175 0 1.21120700100437 1.57220814726315 1.61890736524947 1.06839550216682 1.8988670129329 1.85271557234228 1.44838223303668 1.47931117448024 1.15211764047854 1.69076323718764 1.26578161283396 1.90064474148676
1.4579500858672 1.72871341137215 1.38176608132198 1.78734662453644 0.988028071587905 1.68638108018786 0.951982383150607 1.15667082369328 1.52618631417863 1.35898701986298 1.77327797049657 1.46832760795951 1.79182527307421 1.15329100564122 1.02327582403086 1.09050729637966 1.0767355656717 1.21120700100437 0 1.85901615768671 1.03708763793111 1.32216140930541 1.62834957498126 1.42236771853641 1.03257042285986 0.945994232548401 1.8440632794518 1.62913750531152 1.69325509853661 1.43532115640119
1.64897719281726 1.51829938916489 1.66866142698564 1.22558063571341 1.04697010852396 1.18404394504614 1.66664713271894 1.03531163232401 0.955652147997171 1.80355259263888 1.4613021062687 1.32975669438019 1.47587721445598 1.72090357751586 0.942460396094248 1.17072204011492 1.70811437116936 1.57220814726315 1.85901615768671 0 1.30083493585698 1.37990875518881 1.16621440462768 1.63616343936883 1.08586943615228 1.19309568451717 1.74700998561457 1.23751749121584 1.34045863710344 1.46139517612755
1.77591855800711 1.36658880254254 0.918389494530857 1.69177091657184 1.58280553435907 1.40645651496015 0.908261756412685 1.20490099256858 1.29946470796131 1.66728994366713 1.55925769452006 1.8195553177502 1.88481596834026 1.76427388982847 1.40066562150605 1.50202475627884 1.2861683878582 1.61890736524947 1.03708763793111 1.30083493585698 0 1.61359650292434 1.21901880274527 0.972713852766901 1.27337129740044 1.74837938905694 1.03867804678157 1.90432118927129 1.16303488309495 1.75196635792963
1.63813112559728 1.23296900489368 1.38714004936628 0.95784705132246 1.23598141083494 1.47844708152115 1.03601194429211 1.83505550585687 1.65267365798354 1.33109536347911 1.37584604369476 1.33340230328031 1.23728778259829 1.26631408301182 1.37758962763473 1.31047819880769 1.01943004084751 1.06839550216682 1.32216140930541 1.37990875518881 1.61359650292434 0 1.47117082937621 1.8169363620691 1.11317203752697 1.20843776199035 1.68225529626943 1.59749091905542 1.45800260687247 1.02756048040465
1.42543281568214 1.03291343455203 1.57773680402897 1.74776085512713 1.72258444665931 0.96298977942206 0.963612997438759 1.31837845756672 1.10556702688336 1.82116011460312 1.05228974623606 1.17070677294396 1.73047169786878 1.30962686985731 1.58795127505437 1.34440480079502 1.82920611137524 1.8988670129329 1.62834957498126 1.16621440462768 1.21901880274527 1.47117082937621 0 0.937515195924789 1.62627693172544 1.14494824712165 1.87881658179685 1.11398798390292 0.983301701257005 0.911147327627987
1.09201510343701 1.63739327667281 1.08746227947995 1.31396132637747 1.25047699757852 1.37730062799528 1.59178895899095 1.44153996603563 1.42473216610961 1.54642772395164 1.5198885963764 1.31609693798237 1.18241134774871 1.39352217502892 1.47534950706176 1.8934069541283 0.923214954324067 1.85271557234228 1.42236771853641 1.63616343936883 0.972713852766901 1.8169363620691 0.937515195924789 0 1.4804858174175 1.18389527755789 1.15463174087927 1.70585180213675 1.83783821552061 1.55060319579206
1.40928627853282 1.61591075314209 0.959953156299889 1.22635892732069 0.955230896361172 1.16696949140169 0.915121291996911 1.17526027956046 1.61922639259137 1.53221762739122 1.28409589943476 1.09735227981582 1.40699872397818 1.53178770001978 0.950243085855618 1.76615966972895 1.63758205273189 1.44838223303668 1.03257042285986 1.08586943615228 1.27337129740044 1.11317203752697 1.62627693172544 1.4804858174175 0 1.00332489050925 1.71211109589785 1.20758511824533 1.80694394535385 1.14833825756796
1.33375405450352 0.916364550357684 1.90110313473269 1.51985168224201 1.54385796608403 0.969147148774937 1.25211277394556 1.59793954808265 1.71092313271947 1.80016849655658 1.77068627462722 1.04895473178476 1.3418538486585 1.65151201398112 1.50298693776131 1.08004913432524 1.1788477031514 1.47931117448024 0.945994232548401 1.19309568451717 1.74837938905694 1.20843776199035 1.14494824712165 1.18389527755789 1.00332489050925 0 1.32527074869722 1.33626138255931 1.53234451427124 1.75968789728358
1.69620805536397 1.3047869426664 1.6461713926401 1.05932705826126 1.28773768013343 1.12153037032112 1.10557983582839 1.46864288859069 1.11570846708491 1.58581068436615 1.73696493241005 1.62177245947532 1.77916889637709 1.77892393385991 1.00218531955034 1.82133466121741 1.07321305712685 1.15211764047854 1.8440632794518 1.74700998561457 1.03867804678157 1.68225529626943 1.87881658179685 1.15463174087927 1.71211109589785 1.32527074869722 0 1.10971782938577 1.64096821821295 1.61793999536894
1.41941363899969 1.11272301198915 1.04754078318365 1.75937298731878 1.38367554382421 1.51170281367376 1.19555727601983 0.930429694009945 1.78638336621225 1.44928702921607 1.53918836847879 1.70740621420555 1.67462537018582 1.08760137343779 1.3867408935912 1.13071630825289 1.04872824507765 1.69076323718764 1.62913750531152 1.23751749121584 1.90432118927129 1.59749091905542 1.11398798390292 1.70585180213675 1.20758511824533 1.33626138255931 1.10971782938577 0 1.14417182933539 1.64011781662703
1.18802036019042 1.27277734107338 0.933101075002924 1.84297481924295 1.15216119983234 1.51695421035402 1.19364306912757 1.49760670471005 1.62740173866041 1.87789359223098 1.64089085976593 1.40397467347793 1.14686824125238 1.74339268426411 0.983307276386768 1.18218612624332 1.66748386179097 1.26578161283396 1.69325509853661 1.34045863710344 1.16303488309495 1.45800260687247 0.983301701257005 1.83783821552061 1.80694394535385 1.53234451427124 1.64096821821295 1.14417182933539 0 1.38226748863235
1.66967419954017 0.948454649886116 1.41930131195113 1.17177188070491 1.83776595629752 1.13256614399143 1.40846432046965 1.86047947756015 1.33008678024635 1.8750183894299 1.5396907585673 1.59319093893282 0.94938847515732 1.2528584965039 1.20475352159701 1.86265813349746 0.93994733504951 1.90064474148676 1.43532115640119 1.46139517612755 1.75196635792963 1.02756048040465 0.911147327627987 1.55060319579206 1.14833825756796 1.75968789728358 1.61793999536894 1.64011781662703 1.38226748863235 0
