0 1.27970624784939 1.36691315285861 1.43600197555497 1.44691537041217 1.69183115614578 1.50817982037552 1.50453413184732 1.51379650924355 1.62812616233714 1.73947917134501 1.70768944104202 1.63282735762186 1.09773690113798 1.00237091933377 1.37267181510106 1.89832112402655 0.963191534392536 1.02955923392437 1.8916720659472 1.68267801054753 1.5524285424035 1.14447679789737 1.29907822632231 1.17223798925988 1.48008782044053 1.26470696018077 1.47957318136469 1.69565005484037 1.34796671569347
1.27970624784939 0 1.35560326324776 1.88266287907027 1.68697819695808 1.16096798889339 1.80591712566093 1.79715729528107 1.34612719644792 1.13128888048232 1.85688419640064 1.07680391496979 1.4154033572413 1.52730382210575 1.06490089558065 1.52241646707989 1.25276060658507 1.84001230122522 1.73352888063528 1.19681606744416 1.24136634613387 1.55350946378894 1.56846069055609 1.14908641926013 1.83674051519483 1.4544572357554 1.81199441407807 1.88552606594749 1.88111792760901 0.977219985565171
1.36691315285861 1.35560326324776 0 1.8288363260217 1.19520008959807 1.09348380984738 1.84613030753098 1.06681862194091 1.46566073852591 0.994790681637824 1.77822438976727 1.6040393258445 1.51251326478086 1.78860070346855 1.00740373251028 1.24606851674616 1.71079237223603 1.21832673903555 1.78727944102138 0.937741559930146 0.968586257426068 1.1293650243897 1.52476549963467 1.70248452783562 1.1248147834558 1.46958634140901 1.28065710514784 1.71155582135543 1.10563405440189 1.80426030815579
1.43600197555497 1.88266287907027 1.8288363260217 0 1.41698306705803 1.21686218166724 1.89446331723593 1.70162409683689 1.15854570968077 1.17647891072556 1.16639582626522 1.65237670205534 1.37319483910687 0.975709475809708 1.03569614165463 1.34467674698681 1.79339528526179 1.48581829131581 0.921518173534423 1.82282878528349 1.84234696766362 1.70281109726056 1.20785388979129 1.1299818768166 1.17268336564302 1.86737702437676 0.95175264775753 1.85935935215093 1.78443946200423 1.78455559210852
1.44691537041217 1.68697819695808 1.19520008959807 1.41698306705803 0 1.35780880018137 1.65851517068222 1.62017553066835 1.02770455065183 1.18471753387712 1.36365310335532 1.30746045219712 1.36055596452206 1.88820874108933 1.6616780043114 0.971216097008437 1.88358210376464 1.04565324657597 1.1424694408197 0.976081273285672 1.21819846518338 1.86416526720859 1.77933853538707 1.21525990962982 1.57915619225241 1.2389410182368 1.27137976931408 1.74277841369621 1.30109361140057 0.916629340033978
1.69183115614578 1.16096798889339 1.09348380984738 1.21686218166724 1.35780880018137 0 1.90842558816075 1.05293178465217 1.85177684109658 1.18165203859098 1.28717561555095 1.86991993896663 1.75393608701415 1.43593673151918 1.64874482294545 1.85230632219464 1.38078024308197 1.73067318554968 1.68612304097041 1.08773108804598 1.48764583002776 1.14660163293593 1.91050890483893 1.15208025602624 1.80799926258624 1.01713232579641 1.50094384513795 1.72609144262969 1.64486567117274 1.74938059807755
1.50817982037552 1.80591712566093 1.84613030753098 1.89446331723593 1.65851517068222 1.90842558816075 0 1.63556673098356 1.55477639683522 1.87617658264935 1.87014718679711 1.17977671371773 1.80106022721156 1.10169721976854 1.14424362010323 1.33430992299691 1.09406783524901 1.65620486019179 1.18781799892895 1.5430307565257 1.57042858889326 0.994684739271179 1.32585943094455 1.65512692090124 1.41321419365704 0.931874598609284 1.47126749577001 1.20058754575439 1.50952918455005 1.15664378530346
1.50453413184732 1.79715729528107 1.06681862194091 1.70162409683689 1.62017553066835 1.05293178465217 1.63556673098356 0 1.56658332515508 1.07849217089824 1.41194632463157 1.23273550719023 0.984337953384966 1.15186449373141 1.12017130688764 1.62116438546218 1.56900164019316 1.37330536358058 1.77643402968533 1.21777908597142 0.960186497541144 1.83382422896102 1.39102095831186 1.66580711235292 1.50665295030922 1.11712803249247 1.86136241722852 1.01784622529522 1.75432077934965 1.12082759197801
1.51379650924355 1.34612719644792 1.46566073852591 1.15854570968077 1.02770455065183 1.85177684109658 1.55477639683522 1.56658332515508 0 1.35162808839232 1.06581032788381 1.67487393855117 1.89974108780734 1.48605947429314 1.46818788745441 1.22856731037609 1.22786235855892 1.13566083065234 1.50776929385029 1.15434491238557 1.80533149908297 1.34250656631775 1.30059876362793 1.4288845048286 1.66261908365414 1.81238260585815 1.19595150160603 1.05328449956141 0.996883132494986 1.71125053777359
1.62812616233714 1.13128888048232 0.994790681637824 1.17647891072556 1.18471753387712 1.18165203859098 1.87617658264935 1.07849217089824 1.35162808839232 0 1.01124194962904 1.40682701440528 1.5864766004961 1.56569374212995 1.20205001835711 1.00033580232412 1.04481917340308 1.85257560759783 1.06815022649243 1.59815547266044 1.17161746090278 1.51065118913539 1.29597988189198 1.23479697713628 1.22728695860133 1.45044133230112 1.51914322236553 1.26363241602667 1.68943207408302 1.58938624663278
1.73947917134501 1.85688419640064 1.77822438976727 1.16639582626522 1.36365310335532 1.28717561555095 1.87014718679711 1.41194632463157 1.06581032788381 1.01124194962904 0 1.66394080780447 1.23332267371006 0.991742739221081 1.30558895412832 0.957236620830372 1.04757764935493 1.72648829221725 1.27426233422011 1.58859080611728 1.02541569550522 1.31513679795898 1.14740966097452 1.37875881139189 1.00397238810547 1.32443004590459 1.05866340897046 1.55864992947318 1.11831070389599 1.89499513339251
1.70768944104202 1.07680391496979 1.6040393258445 1.65237670205534 1.30746045219712 1.86991993896663 1.17977671371773 1.23273550719023 1.67487393855117 1.40682701440528 1.66394080780447 0 0.990677398396656 1.74390876456164 1.01849630963989 1.25325502641499 1.77198694436811 1.63021271442994 1.35330465226434 0.995585176162422 1.15902924211696 0.918064466910437 1.2960597043857 1.65125141525641 1.72745436732657 1.19677527155727 1.90436530625448 1.47881710063666 1.85488534905016 1.90008176094852
1.63282735762186 1.4154033572413 1.51251326478086 1.37319483910687 1.36055596452206 1.75393608701415 1.80106022721156 0.984337953384966 1.89974108780734 1.5864766004961 1.23332267371006 0.990677398396656 0 1.60020463610999 1.41079282620922 1.20080043375492 1.24601634312421 1.56426008418202 1.07199612096883 1.40074175503105 1.28930540429428 0.924775384366512 1.22795713855885 1.26519174361601 1.79042658139952 1.19908961956389 1.74510526959784 1.27379914047197 1.23558620852418 1.09856580221094
1.09773690113798 1.52730382210575 1.78860070346855 0.975709475809708 1.88820874108933 1.43593673151918 1.10169721976854 1.15186449373141 1.48605947429314 1.56569374212995 0.991742739221081 1.74390876456164 1.60020463610999 0 1.57294378150254 1.05514738033526 1.57179761235602 1.71478334348649 1.471199932741 1.13429407239892 1.63467080681585 1.78047758177854 1.14904588274658 1.44952892023139 1.35359292663634 1.39563538879156 1.60684112994932 1.6195040885359 1.48417699313723 1.34561223606579
1.00237091933377 1.06490089558065 1.00740373251028 1.03569614165463 1.6616780043114 1.64874482294545 1.14424362010323 1.12017130688764 1.46818788745441 1.20205001835711 1.30558895412832 1.01849630963989 1.41079282620922 1.57294378150254 0 1.73745271773078 1.50014618225396 1.34885049355216 1.08839751011692 0.992277320241556 1.47221134742722 1.78579450887628 1.40811541560106 1.32358055748045 1.01239740569144 1.00267591769807 0.99663895717822 1.58699910226278 0.968636208679527 1.88413529121317
1.37267181510106 1.52241646707989 1.24606851674616 1.34467674698681 0.971216097008437 1.85230632219464 1.33430992299691 1.62116438546218 1.22856731037609 1.00033580232412 0.957236620830372 1.25325502641499 1.20080043375492 1.05514738033526 1.73745271773078 0 1.78383636474609 1.12576841376722 1.88935536728241 0.975164332427084 1.12367970682681 1.40611168905161 1.03892696392722 1.05341455154121 1.47397803328931 1.59863453777507 1.7258354073856 0.934138886863366 1.26807240233757 1.71830928931013
1.89832112402655 1.25276060658507 1.71079237223603 1.79339528526179 1.88358210376464 1.38078024308197 1.09406783524901 1.56900164019316 1.22786235855892 1.04481917340308 1.04757764935493 1.77198694436811 1.24601634312421 1.57179761235602 1.50014618225396 1.78383636474609 0 1.29705155687407 1.23950158641674 1.61593340220861 0.920758612686768 1.04185396269895 1.66895528114401 1.56123138242401 1.1433934464585 1.75756024196744 1.28487461083569 1.83185184421018 0.94684269442223 1.83771285647526
0.963191534392536 1.84001230122522 1.21832673903555 1.48581829131581 1.04565324657597 1.73067318554968 1.65620486019179 1.37330536358058 1.13566083065234 1.85257560759783 1.72648829221725 1.63021271442994 1.56426008418202 1.71478334348649 1.34885049355216 1.12576841376722 1.29705155687407 0 1.13371193595231 1.59622142603621 1.21722607547417 1.71229055174626 1.70314450841397 1.13355168630369 1.86136822542176 1.86380295595154 1.53059808444232 1.32245563156903 1.46104570524767 1.4527377798222
1.02955923392437 1.73352888063528 1.78727944102138 0.921518173534423 1.1424694408197 1.68612304097041 1.18781799892895 1.77643402968533 1.50776929385029 1.06815022649243 1.27426233422011 1.35330465226434 1.07199612096883 1.471199932741 1.08839751011692 1.88935536728241 1.23950158641674 1.13371193595231 0 1.65558808739297 1.83120061969385 1.22063151956536 1.15757112996653 1.69588853814639 1.66595174442045 1.28696255944669 1.80622934619896 1.64874037704431 1.50961042125709 1.87232229392976
1.8916720659472 1.19681606744416 0.937741559930146 1.82282878528349 0.976081273285672 1.08773108804598 1.5430307565257 1.21777908597142 1.15434491238557 1.59815547266044 1.58859080611728 0.995585176162422 1.40074175503105 1.13429407239892 0.992277320241556 0.975164332427084 1.61593340220861 1.59622142603621 1.65558808739297 0 0.914184637600556 1.18995941826142 1.62455457472242 1.10653740609996 1.24499278166331 1.52255911775865 1.56812100880779 1.67036255565472 1.49399416451342 1.15191478678025
1.68267801054753 1.24136634613387 0.968586257426068 1.84234696766362 1.21819846518338 1.48764583002776 1.57042858889326 0.960186497541144 1.80533149908297 1.17161746090278 1.02541569550522 1.15902924211696 1.28930540429428 1.63467080681585 1.47221134742722 1.12367970682681 0.920758612686768 1.21722607547417 1.83120061969385 0.914184637600556 0 1.17048191162758 1.24088755738921 1.09018903598189 1.5425039511174 1.48371609300375 1.35785208526067 1.37114060972817 1.19103422481567 1.72732632700354
1.5524285424035 1.55350946378894 1.1293650243897 1.70281109726056 1.86416526720859 1.14660163293593 0.994684739271179 1.83382422896102 1.34250656631775 1.51065118913539 1.31513679795898 0.918064466910437 0.924775384366512 1.78047758177854 1.78579450887628 1.40611168905161 1.04185396269895 1.71229055174626 1.22063151956536 1.18995941826142 1.17048191162758 0 0.989994325907901 1.54291709279642 1.12065232056193 1.16913018468767 0.98630083934404 1.34518275200389 1.88316223816946 1.1531609101221
1.14447679789737 1.56846069055609 1.52476549963467 1.20785388979129 1.77933853538707 1.91050890483893 1.32585943094455 1.39102095831186 1.30059876362793 1.29597988189198 1.14740966097452 1.2960597043857 1.22795713855885 1.14904588274658 1.40811541560106 1.03892696392722 1.66895528114401 1.70314450841397 1.15757112996653 1.62455457472242 1.24088755738921 0.989994325907901 0 1.46096190111712 1.37602493935265 1.78522080532275 1.04220204963349 1.10667356406339 1.69062647875398 1.2078584053088
1.29907822632231 1.14908641926013 1.70248452783562 1.1299818768166 1.21525990962982 1.15208025602624 1.65512692090124 1.66580711235292 1.4288845048286 1.23479697713628 1.37875881139189 1.65125141525641 1.26519174361601 1.44952892023139 1.32358055748045 1.05341455154121 1.56123138242401 1.13355168630369 1.69588853814639 1.10653740609996 1.09018903598189 1.54291709279642 1.46096190111712 0 1.72464869101532 1.13240967947058 1.19090218027122 1.09602867742069 1.74719969555736 1.14573562704027
1.17223798925988 1.83674051519483 1.1248147834558 1.17268336564302 1.57915619225241 1.80799926258624 1.41321419365704 1.50665295030922 1.66261908365414 1.22728695860133 1.00397238810547 1.72745436732657 1.79042658139952 1.35359292663634 1.01239740569144 1.47397803328931 1.1433934464585 1.86136822542176 1.66595174442045 1.24499278166331 1.5425039511174 1.12065232056193 1.37602493935265 1.72464869101532 0 1.24788011191413 1.12822005851194 1.48430771403946 1.76270749652758 1.89937302214094
1.48008782044053 1.4544572357554 1.46958634140901 1.86737702437676 1.2389410182368 1.01713232579641 0.931874598609284 1.11712803249247 1.81238260585815 1.45044133230112 1.32443004590459 1.19677527155727 1.19908961956389 1.39563538879156 1.00267591769807 1.59863453777507 1.75756024196744 1.86380295595154 1.28696255944669 1.52255911775865 1.48371609300375 1.16913018468767 1.78522080532275 1.13240967947058 1.24788011191413 0 1.78258404345252 1.45659875823185 1.73506717709824 1.55292230471969
1.26470696018077 1.81199441407807 1.28065710514784 0.95175264775753 1.27137976931408 1.50094384513795 1.47126749577001 1.86136241722852 1.19595150160603 1.51914322236553 1.05866340897046 1.90436530625448 1.74510526959784 1.60684112994932 0.99663895717822 1.7258354073856 1.28487461083569 1.53059808444232 1.80622934619896 1.56812100880779 1.35785208526067 0.98630083934404 1.04220204963349 1.19090218027122 1.12822005851194 1.78258404345252 0 1.199098613346 1.27917438582517 1.35287497285753
1.47957318136469 1.88552606594749 1.71155582135543 1.85935935215093 1.74277841369621 1.72609144262969 1.20058754575439 1.01784622529522 1.05328449956141 1.26363241602667 1.55864992947318 1.47881710063666 1.27379914047197 1.6195040885359 1.58699910226278 0.934138886863366 1.83185184421018 1.32245563156903 1.64874037704431 1.67036255565472 1.37114060972817 1.34518275200389 1.10667356406339 1.09602867742069 1.48430771403946 1.45659875823185 1.199098613346 0 0.955867384094745 1.04316296661273
1.69565005484037 1.88111792760901 1.10563405440189 1.78443946200423 1.30109361140057 1.64486567117274 1.50952918455005 1.75432077934965 0.996883132494986 1.68943207408302 1.11831070389599 1.85488534905016 1.23558620852418 1.48417699313723 0.968636208679527 1.26807240233757 0.94684269442223 1.46104570524767 1.50961042125709 1.49399416451342 1.19103422481567 1.88316223816946 1.69062647875398 1.74719969555736 1.76270749652758 1.73506717709824 1.27917438582517 0.955867384094745 0 1.08766913739964
1.34796671569347 0.977219985565171 1.80426030815579 1.78455559210852 0.916629340033978 1.74938059807755 1.15664378530346 1.12082759197801 1.71125053777359 1.58938624663278 1.89499513339251 1.90008176094852 1.09856580221094 1.34561223606579 1.88413529121317 1.71830928931013 1.83771285647526 1.4527377798222 1.87232229392976 1.15191478678025 1.72732632700354 1.1531609101221 1.2078584053088 1.14573562704027 1.89937302214094 1.55292230471969 1.35287497285753 1.04316296661273 1.08766913739964 0
