0 1.74469556706026 1.27959739044309 1.49637402314693 1.8688414033968 1.69811140350066 1.37389762909152 1.8998914770782 1.6193020704668 1.00933453976177 1.53933088644408 1.43114791694097 1.31688661919907 1.29753655497916 1.65036206645891 1.32136216573417 1.77063389495015 1.79228489636444 1.34835991822183 1.48761253803968 1.91227518301457 1.89413232938386 1.01447996241041 1.81530874082819 0.960035369265825 1.00900320359506 1.22791676595807 1.9222549139522 1.64695962145925 1.76099070999771
1.74469556706026 0 1.28618635609746 1.60123192053288 1.10935185011476 0.945338986348361 1.88622172921896 1.64293574402109 1.71989755821414 1.49134611268528 1.40411126706749 1.10718912701122 1.6614965077024 1.1072721243836 1.28065168019384 1.48402250744402 1.58131575398147 1.42354225204326 1.20448108459823 1.41257967893034 1.72400321089663 1.4373526785057 1.43373432592489 1.09808939113282 1.88773602526635 1.26215599197894 1.81681113410741 1.05494664283469 0.996791725046933 1.37504795123823
1.27959739044309 1.28618635609746 0 1.8353881505318 1.86537588317879 1.90807184367441 1.54405780462548 0.991422323742881 1.17268528207205 1.88872086489573 1.20549762854353 1.32141283713281 1.53004834009334 1.16907727788202 1.90070431679487 1.1229376331903 1.71377055556513 1.61890564206988 1.44880368257873 1.72125040227547 1.86873435042799 1.51798765850253 1.46234164014459 1.2765414644964 1.80365958460607 1.76270014606416 1.34597379248589 1.5736811964307 1.36613795231096 1.81472959322855
1.49637402314693 1.60123192053288 1.8353881505318 0 1.17730894894339 1.38809134950861 1.90141435619444 1.60676664672792 1.64900071360171 0.956889556720853 1.44654678110965 1.56701675406657 1.07509277225472 1.27847216511145 1.0869259936735 1.84630945045501 1.12064862600528 1.08912360528484 1.43477908452041 1.06208140752278 1.28838007152081 1.53186260908842 1.43079153751023 1.20571284787729 1.00769498664886 1.0464406805113 1.1306500278879 1.24876622157171 1.14809676143341 1.29109389125369
1.8688414033968 1.10935185011476 1.86537588317879 1.17730894894339 0 1.90524860611185 1.24461862398311 1.51514051179402 1.59488323424011 1.85387567058206 1.01976543664932 1.35522642335854 1.671891808277 1.29330684663728 1.44152185204439 1.70348773174919 1.11527056805789 1.12238926650025 1.06117342179641 1.44542499561794 0.951879952801391 1.00546254660003 1.8362443994265 1.92519567417912 0.955813343869522 1.84351268876344 1.89127627294511 1.5359313650988 1.11621443973854 1.26090743415989
1.69811140350066 0.945338986348361 1.90807184367441 1.38809134950861 1.90524860611185 0 1.7636033394374 1.25950740580447 1.32803249754943 1.68809752375819 1.65797161101364 1.27794089983217 1.34053897950798 1.24697882169858 1.23918388853781 1.49075679597445 0.985856607323512 1.89761549886316 1.38984204246663 1.08155964454636 1.39031529217027 1.64133068895899 1.28297379170544 1.12827497557737 1.70170892868191 1.61581346392632 1.77672109822743 0.940174123039469 1.66297275898978 1.2831924718339
1.37389762909152 1.88622172921896 1.54405780462548 1.90141435619444 1.24461862398311 1.7636033394374 0 1.66471086535603 1.63096169289201 0.965290643274784 1.65681238728575 1.38516402570531 1.48260397696868 1.5140612765681 1.12287377216853 1.47224806062877 1.8837999003008 1.48366295709275 1.08902789186686 0.96949812816456 1.20961839403026 1.73589738435112 1.92397814220749 1.48871217970736 0.94472907204181 1.6406781275291 1.79035487142392 1.66538606584072 0.949614401441067 1.92755178781226
1.8998914770782 1.64293574402109 0.991422323742881 1.60676664672792 1.51514051179402 1.25950740580447 1.66471086535603 0 1.42083327588625 1.17056852555834 1.82789521105587 1.74900317308493 1.37281741411425 1.67344503104687 1.81457203789614 0.936278607230633 1.42310690833256 1.90212785522453 1.64294660859741 1.45409588888288 1.57519790879451 1.91954965749756 1.6499408360105 1.11348665831611 1.05974424700253 1.41899509634823 1.50760545488447 1.61037562438287 1.58921906049363 1.16437937342562
1.6193020704668 1.71989755821414 1.17268528207205 1.64900071360171 1.59488323424011 1.32803249754943 1.63096169289201 1.42083327588625 0 1.07433125376701 1.09107574517839 1.30050758668222 1.062594210729 1.77962436364032 1.66715801251121 1.65826874948107 1.63444743189029 1.60528961778618 1.11197750223801 1.70013602613471 1.40898500732146 1.69980629696511 1.16719599603675 1.17332349554636 1.76427179877646 1.55113905807957 1.34638976096176 1.21075540734455 1.82413942436688 1.53283065115102
1.00933453976177 1.49134611268528 1.88872086489573 0.956889556720853 1.85387567058206 1.68809752375819 0.965290643274784 1.17056852555834 1.07433125376701 0 1.7059126959648 1.41037637949921 1.14556799712591 1.83651778916828 1.8719429615885 1.67238031304441 1.92695644171908 0.94253983697854 1.25622803717852 1.51075037708506 1.20998212974519 1.91585541376844 1.54746854444966 1.51601924654096 0.976631860481575 1.02637569396757 1.29221283388324 1.81556782964617 1.84135924791917 1.72221257677302
1.53933088644408 1.40411126706749 1.20549762854353 1.44654678110965 1.01976543664932 1.65797161101364 1.65681238728575 1.82789521105587 1.09107574517839 1.7059126959648 0 1.57508705719374 1.83373978408054 1.87019831221551 1.28442011680454 1.32399736600928 1.03836714569479 1.90744077367708 1.50947415968403 1.08853902225383 1.41826029983349 1.0474901299458 1.16003559739329 1.31041573523544 1.18418455892242 1.49430060014129 1.0034963185899 1.5564774707891 1.76691445382312 1.17067648656666
1.43114791694097 1.10718912701122 1.32141283713281 1.56701675406657 1.35522642335854 1.27794089983217 1.38516402570531 1.74900317308493 1.30050758668222 1.41037637949921 1.57508705719374 0 1.74129803827964 1.64302937197499 1.08325156127103 1.0403919685632 1.25244192453101 1.42910465667956 1.90754858544096 1.46458984189667 1.52612287621014 1.21726809605025 1.32458151737228 1.34333881549537 0.974980251630768 1.27357557998039 1.16865735221654 1.34426198923029 1.11361334193498 1.77529316069558
1.31688661919907 1.6614965077024 1.53004834009334 1.07509277225472 1.671891808277 1.34053897950798 1.48260397696868 1.37281741411425 1.062594210729 1.14556799712591 1.83373978408054 1.74129803827964 0 1.69636681349948 1.85813452792354 1.13106181914918 1.50866562337615 1.22206041612662 1.53205340867862 1.24300140305422 1.39721189416014 1.04214901383966 1.83215348306112 1.58119042520411 1.12762482650578 1.57724341098219 1.92686446313746 1.61008380656131 1.78096292144619 1.15168957249261
1.29753655497916 1.1072721243836 1.16907727788202 1.27847216511145 1.29330684663728 1.24697882169858 1.5140612765681 1.67344503104687 1.77962436364032 1.83651778916828 1.87019831221551 1.64302937197499 1.69636681349948 0 1.60923244780861 1.23532549059018 1.47799325874075 1.25112702487968 1.66740021295846 1.63146885135211 1.28671570168808 1.58204537024722 1.74619377916679 1.9032861078158 1.63352466397919 1.63539181649685 1.22877167072147 1.25640663690865 1.70333134080283 1.55094092898071
1.65036206645891 1.28065168019384 1.90070431679487 1.0869259936735 1.44152185204439 1.23918388853781 1.12287377216853 1.81457203789614 1.66715801251121 1.8719429615885 1.28442011680454 1.08325156127103 1.85813452792354 1.60923244780861 0 1.2319188984111 1.81625116337091 1.37626829813235 1.45303825940937 1.53976892959327 1.23125925776549 1.01298561459407 1.44051938317716 1.17235476709902 1.13245042436756 1.03963499958627 1.7829433134757 1.91317764297128 1.1119469802361 1.63618859089911
1.32136216573417 1.48402250744402 1.1229376331903 1.84630945045501 1.70348773174919 1.49075679597445 1.47224806062877 0.936278607230633 1.65826874948107 1.67238031304441 1.32399736600928 1.0403919685632 1.13106181914918 1.23532549059018 1.2319188984111 0 1.17455234122463 1.27026576874778 1.71299940207973 1.53002817602828 1.36647595884278 1.34736688993871 1.78821403812617 1.04350076592527 1.83040670445189 1.18170007341541 1.5776966267731 1.70016684709117 1.72761016944423 1.68976235669106
1.77063389495015 1.58131575398147 1.71377055556513 1.12064862600528 1.11527056805789 0.985856607323512 1.8837999003008 1.42310690833256 1.63444743189029 1.92695644171908 1.03836714569479 1.25244192453101 1.50866562337615 1.47799325874075 1.81625116337091 1.17455234122463 0 1.60766246542335 1.04736011335626 1.82346502458677 1.03990193316713 1.16478507756256 1.5767618350219 1.38489885302261 1.64063718472607 1.49338184087537 0.960677180439234 0.979966614628211 1.7527520742733 1.05700942198746
1.79228489636444 1.42354225204326 1.61890564206988 1.08912360528484 1.12238926650025 1.89761549886316 1.48366295709275 1.90212785522453 1.60528961778618 0.94253983697854 1.90744077367708 1.42910465667956 1.22206041612662 1.25112702487968 1.37626829813235 1.27026576874778 1.60766246542335 0 1.05375769664533 1.70329987001605 0.950059350812808 1.30372115853243 1.58146459376439 1.26548751094379 1.43212791066617 1.12378665548749 1.77707881294191 1.60660863039084 1.25371179752983 1.03259091218933
1.34835991822183 1.20448108459823 1.44880368257873 1.43477908452041 1.06117342179641 1.38984204246663 1.08902789186686 1.64294660859741 1.11197750223801 1.25622803717852 1.50947415968403 1.90754858544096 1.53205340867862 1.66740021295846 1.45303825940937 1.71299940207973 1.04736011335626 1.05375769664533 0 1.76503618946299 1.40468813106418 1.23453066009097 1.00041356938891 1.52085262769833 1.36271809902973 1.85734542179853 1.77202500146814 1.27855794667266 1.33932607644238 1.62830196530558
1.48761253803968 1.41257967893034 1.72125040227547 1.06208140752278 1.44542499561794 1.08155964454636 0.96949812816456 1.45409588888288 1.70013602613471 1.51075037708506 1.08853902225383 1.46458984189667 1.24300140305422 1.63146885135211 1.53976892959327 1.53002817602828 1.82346502458677 1.70329987001605 1.76503618946299 0 1.09844824206084 1.61913650319912 1.08345845225267 1.65834388392977 1.91422720020637 1.39890102483332 1.6223439690657 0.950051254127175 1.28190447436646 1.92769491602667
1.91227518301457 1.72400321089663 1.86873435042799 1.28838007152081 0.951879952801391 1.39031529217027 1.20961839403026 1.57519790879451 1.40898500732146 1.20998212974519 1.41826029983349 1.52612287621014 1.39721189416014 1.28671570168808 1.23125925776549 1.36647595884278 1.03990193316713 0.950059350812808 1.40468813106418 1.09844824206084 0 1.28833273355849 0.950562434503809 1.7884001750499 1.44024760718457 1.09645991423167 1.56487956130877 1.16164976241998 1.80466651078314 1.17750825523399
1.89413232938386 1.4373526785057 1.51798765850253 1.53186260908842 1.00546254660003 1.64133068895899 1.73589738435112 1.91954965749756 1.69980629696511 1.91585541376844 1.0474901299458 1.21726809605025 1.04214901383966 1.58204537024722 1.01298561459407 1.34736688993871 1.16478507756256 1.30372115853243 1.23453066009097 1.61913650319912 1.28833273355849 0 1.17162657086737 1.25268079317175 1.61775794415735 1.16410218761303 1.66758899623528 1.04528440372087 1.51795827737078 1.39437970495783
1.01447996241041 1.43373432592489 1.46234164014459 1.43079153751023 1.8362443994265 1.28297379170544 1.92397814220749 1.6499408360105 1.16719599603675 1.54746854444966 1.16003559739329 1.32458151737228 1.83215348306112 1.74619377916679 1.44051938317716 1.78821403812617 1.5767618350219 1.58146459376439 1.00041356938891 1.08345845225267 0.950562434503809 1.17162657086737 0 1.91160847852007 1.82308785803616 0.985243221279234 0.978438777616248 1.0420246552676 1.73163558775559 1.68621174688451
1.81530874082819 1.09808939113282 1.2765414644964 1.20571284787729 1.92519567417912 1.12827497557737 1.48871217970736 1.11348665831611 1.17332349554636 1.51601924654096 1.31041573523544 1.34333881549537 1.58119042520411 1.9032861078158 1.17235476709902 1.04350076592527 1.38489885302261 1.26548751094379 1.52085262769833 1.65834388392977 1.7884001750499 1.25268079317175 1.91160847852007 0 1.68330360180698 1.45218320074491 1.30490139499307 1.59567352663726 0.968839529901743 1.06602346687578
0.960035369265825 1.88773602526635 1.80365958460607 1.00769498664886 0.955813343869522 1.70170892868191 0.94472907204181 1.05974424700253 1.76427179877646 0.976631860481575 1.18418455892242 0.974980251630768 1.12762482650578 1.63352466397919 1.13245042436756 1.83040670445189 1.64063718472607 1.43212791066617 1.36271809902973 1.91422720020637 1.44024760718457 1.61775794415735 1.82308785803616 1.68330360180698 0 1.68874388607219 1.28914465173148 1.7796894905623 0.972676164703444 1.37089622789063
1.00900320359506 1.26215599197894 1.76270014606416 1.0464406805113 1.84351268876344 1.61581346392632 1.6406781275291 1.41899509634823 1.55113905807957 1.02637569396757 1.49430060014129 1.27357557998039 1.57724341098219 1.63539181649685 1.03963499958627 1.18170007341541 1.49338184087537 1.12378665548749 1.85734542179853 1.39890102483332 1.09645991423167 1.16410218761303 0.985243221279234 1.45218320074491 1.68874388607219 0 1.0348362759687 1.1362167710904 1.2501937628258 1.3093978613615
1.22791676595807 1.81681113410741 1.34597379248589 1.1306500278879 1.89127627294511 1.77672109822743 1.79035487142392 1.50760545488447 1.34638976096176 1.29221283388324 1.0034963185899 1.16865735221654 1.92686446313746 1.22877167072147 1.7829433134757 1.5776966267731 0.960677180439234 1.77707881294191 1.77202500146814 1.6223439690657 1.56487956130877 1.66758899623528 0.978438777616248 1.30490139499307 1.28914465173148 1.0348362759687 0 1.69327087490819 1.91079662321135 1.32866290584207
1.9222549139522 1.05494664283469 1.5736811964307 1.24876622157171 1.5359313650988 0.940174123039469 1.66538606584072 1.61037562438287 1.21075540734455 1.81556782964617 1.5564774707891 1.34426198923029 1.61008380656131 1.25640663690865 1.91317764297128 1.70016684709117 0.979966614628211 1.60660863039084 1.27855794667266 0.950051254127175 1.16164976241998 1.04528440372087 1.0420246552676 1.59567352663726 1.7796894905623 1.1362167710904 1.69327087490819 0 1.40414600167423 1.58876841259189
1.64695962145925 0.996791725046933 1.36613795231096 1.14809676143341 1.11621443973854 1.66297275898978 0.949614401441067 1.58921906049363 1.82413942436688 1.84135924791917 1.76691445382312 1.11361334193498 1.78096292144619 1.70333134080283 1.1119469802361 1.72761016944423 1.7527520742733 1.25371179752983 1.33932607644238 1.28190447436646 1.80466651078314 1.51795827737078 1.73163558775559 0.968839529901743 0.972676164703444 1.2501937628258 1.91079662321135 1.40414600167423 0 1.68105047219433
1.76099070999771 1.37504795123823 1.81472959322855 1.29109389125369 1.26090743415989 1.2831924718339 1.92755178781226 1.16437937342562 1.53283065115102 1.72221257677302 1.17067648656666 1.77529316069558 1.15168957249261 1.55094092898071 1.63618859089911 1.68976235669106 1.05700942198746 1.03259091218933 1.62830196530558 1.92769491602667 1.17750825523399 1.39437970495783 1.68621174688451 1.06602346687578 1.37089622789063 1.3093978613615 1.32866290584207 1.58876841259189 1.68105047219433 0
