0 1.72604602854699 1.09937327168882 1.85436567640863 1.80608908948489 1.30444896663539 1.75361148873344 1.04997132555582 1.27034868183546 1.18536510039121 1.4724583979696 1.57995356130414 1.45133842690848 1.50674972613342 1.18938702973537 0.985359181417152 1.04850703221746 0.957004326628521 0.948304145364091 1.21695049689151 1.18608623812906 1.2223189456854 1.35997833521105 1.16139264637604 1.81323658837937 1.92797186528333 1.06720814318396 1.23904586583376 1.02102981577627 1.60212939651683
1.72604602854699 0 1.93870532047004 1.74597879801877 1.21568808192387 1.57074381853454 1.54773839074187 1.14861562964506 1.39495187043212 1.63060791580938 1.08011775207706 1.56244493764825 1.779563897755 1.48836555122398 1.15202258108184 0.972862728172913 1.88876427570358 1.84849803312682 1.73119673156179 1.14497601683252 1.31828790926374 1.00618578167632 1.53293313528411 1.93463073996827 1.43912281049415 1.9321156933438 1.2605047209654 1.17953128111549 1.10248974803835 1.55309476703405
1.09937327168882 1.93870532047004 0 0.967626533005387 1.86213710019365 1.81296398211271 1.48277932079509 1.56531563145109 1.04819549829699 1.7800797522068 1.45160507899709 1.1596197122708 1.34541281871498 1.22012300579809 1.83751598675735 1.28047892614268 1.40302535751835 1.75985187035985 1.21617477713153 1.11086343647912 1.7457162453793 1.54361112229526 1.39981208299287 0.966612535528839 1.72124347928911 1.58158881403506 1.36997426161543 1.8712123055011 1.18293052027002 1.47343711345457
1.85436567640863 1.74597879801877 0.967626533005387 0 1.52729339152575 1.30496222851798 1.11685519968159 1.84357141866349 1.29291985440068 1.05592245957814 1.91790200653486 1.18898155377246 1.76950810384005 1.91316183283925 1.29548259568401 1.32035528263077 1.44418631633744 1.0227313854266 1.4534228160046 1.67045728815719 1.73464611615054 1.34647407894954 1.61131116142496 1.2822780883871 1.68347921012901 1.49022666271776 1.27090299641714 1.6656082062982 1.6750208332669 1.04482116294093
1.80608908948489 1.21568808192387 1.86213710019365 1.52729339152575 0 1.53445120179094 1.49586539925076 1.63288732338697 1.90108762518503 1.89014651370235 1.19341445155442 1.74804649315774 1.10081597580574 1.29145347792655 1.24892710824497 1.77947424305603 1.52938345470466 1.47486328147352 1.17023939127102 1.12748405872844 1.44504387467168 1.59927227208391 1.04133178945631 1.88879803218879 1.45176313165575 1.46214652503841 1.52433114638552 1.32357672904618 1.18666325300001 1.14276291779242
1.30444896663539 1.57074381853454 1.81296398211271 1.30496222851798 1.53445120179094 0 1.08801465458237 1.29013690864667 1.08314461563714 1.31338264234364 1.49403136270121 1.74260311597027 1.28510003443807 1.54988825740293 0.985719389514998 1.74487257096916 1.25805423757993 1.61217615241185 1.59716553753242 1.68687751796097 1.37371684378013 1.5310590097215 1.33004041900858 1.00002866447903 1.83722233376466 1.4533484056592 1.90757362358272 1.29409581143409 1.12601907039061 1.27864929311909
1.75361148873344 1.54773839074187 1.48277932079509 1.11685519968159 1.49586539925076 1.08801465458237 0 1.85907033388503 1.14570970181376 1.35705719632097 1.10705096041784 1.68011196982116 1.33091705618426 1.90264655067585 1.46341375424527 1.73427722416818 1.93659999314696 1.24257843871601 1.46113990014419 1.66787464125082 1.10104294726625 0.953502115095034 1.08125665434636 1.92897202586755 1.39118408202194 1.20435282844119 1.76132590440102 1.73272128030658 1.87369550741278 1.51825956394896
1.04997132555582 1.14861562964506 1.56531563145109 1.84357141866349 1.63288732338697 1.29013690864667 1.85907033388503 0 1.52052269596606 1.56300580734387 1.88217307766899 1.50017960648984 1.30158570851199 1.09718851838261 1.74365599616431 0.98502624919638 1.49200896266848 1.20215299702249 1.47700479929335 1.68328241957352 1.43407431617379 1.17647876730189 1.61917412164621 1.14426532830112 1.25252937246114 1.20785912731662 1.29634745791554 1.2295543756336 1.46017881878652 0.962343162624165
1.27034868183546 1.39495187043212 1.04819549829699 1.29291985440068 1.90108762518503 1.08314461563714 1.14570970181376 1.52052269596606 0 1.44223081925884 1.83741541951895 1.50489273993298 1.36086190235801 1.23367435741238 0.948697774438187 1.6765894535929 1.37676130328327 1.82194672967307 1.16120581584983 1.09171752072871 1.15043372707441 1.22358404519036 1.67940993001685 1.81666791718453 1.07007652847096 1.02088066725992 1.75484457309358 1.35902972682379 1.56143633066677 1.10714729782194
1.18536510039121 1.63060791580938 1.7800797522068 1.05592245957814 1.89014651370235 1.31338264234364 1.35705719632097 1.56300580734387 1.44223081925884 0 1.74915691767819 1.41009997623041 1.16724523180164 1.7858877829276 1.69363401737064 1.17718087835237 1.38767735590227 1.26701077399775 1.68189566768706 1.46620573452674 1.93903921870515 1.65770745510235 1.44459630036727 1.29042291850783 1.56247255206108 1.56304410146549 1.48888762295246 1.17543189250864 1.66422943025827 1.68058007396758
1.4724583979696 1.08011775207706 1.45160507899709 1.91790200653486 1.19341445155442 1.49403136270121 1.10705096041784 1.88217307766899 1.83741541951895 1.74915691767819 0 1.27601288259029 1.82723134802654 0.987605755217373 1.28186524077319 1.67874894361012 1.53711086325347 1.386670648586 1.70199361839332 1.82477030646987 1.76835657982156 1.14541984908283 1.33621215610765 1.75741240917705 1.41052353521809 1.07891786471009 1.59095249022357 1.05995727493428 0.965885580284521 1.67808061977848
1.57995356130414 1.56244493764825 1.1596197122708 1.18898155377246 1.74804649315774 1.74260311597027 1.68011196982116 1.50017960648984 1.50489273993298 1.41009997623041 1.27601288259029 0 1.43698251573369 1.31031061336398 1.92091252072714 1.29909478966147 1.87983519746922 1.69417277071625 1.28729440132156 1.19971070624888 1.47503732913174 1.76833901600912 1.31587056792341 1.13346542627551 1.64508844260126 1.26906932634301 1.33328628586605 1.8835373071488 1.21420571208 1.27659783186391
1.45133842690848 1.779563897755 1.34541281871498 1.76950810384005 1.10081597580574 1.28510003443807 1.33091705618426 1.30158570851199 1.36086190235801 1.16724523180164 1.82723134802654 1.43698251573369 0 1.0526967945043 1.18904455727898 1.02205689414404 1.76857190742157 1.13579131616279 1.3588314272929 1.38012690260075 1.62470449623652 1.76547178812325 1.51003663078882 1.71756654744968 1.60940254712477 1.43816229025833 1.52408419363201 1.01339243468828 1.60414743935689 1.08176574809477
1.50674972613342 1.48836555122398 1.22012300579809 1.91316183283925 1.29145347792655 1.54988825740293 1.90264655067585 1.09718851838261 1.23367435741238 1.7858877829276 0.987605755217373 1.31031061336398 1.0526967945043 0 1.30087093776092 1.9252286341507 1.94329625810497 1.64428713894449 1.71144553972408 1.31295120925643 1.01020467793569 1.54419637937099 1.7668330874294 1.79794837487862 0.971355800516903 1.92316603334621 1.39936407050118 1.67171498271637 1.78215859481134 1.63285492570139
1.18938702973537 1.15202258108184 1.83751598675735 1.29548259568401 1.24892710824497 0.985719389514998 1.46341375424527 1.74365599616431 0.948697774438187 1.69363401737064 1.28186524077319 1.92091252072714 1.18904455727898 1.30087093776092 0 1.00947438832372 1.79780579754151 1.33125779638067 1.92176745273173 1.47648073569871 1.12640120834112 1.62587765627541 1.91093311598524 1.11973698227666 1.92146757338196 1.59040266135707 1.23752974672243 1.8526689610444 1.32953037577681 1.84191929968074
0.985359181417152 0.972862728172913 1.28047892614268 1.32035528263077 1.77947424305603 1.74487257096916 1.73427722416818 0.98502624919638 1.6765894535929 1.17718087835237 1.67874894361012 1.29909478966147 1.02205689414404 1.9252286341507 1.00947438832372 0 1.06497746263631 1.87513844738714 1.43420679029077 1.66335394862108 1.22758781048469 1.44732169155031 1.62328189704567 1.30114197544754 1.62373410072178 1.75333073688671 1.01122864079662 1.78989347815514 1.12120866915211 1.68698591017164
1.04850703221746 1.88876427570358 1.40302535751835 1.44418631633744 1.52938345470466 1.25805423757993 1.93659999314696 1.49200896266848 1.37676130328327 1.38767735590227 1.53711086325347 1.87983519746922 1.76857190742157 1.94329625810497 1.79780579754151 1.06497746263631 0 1.77738176821731 1.82199726789258 1.68487765756436 1.22491612192243 1.91036138054915 1.46980354050174 1.30438801110722 0.995682894252241 1.2173885172233 1.79202817892656 1.56505313166417 1.77125335531309 1.40315203228965
0.957004326628521 1.84849803312682 1.75985187035985 1.0227313854266 1.47486328147352 1.61217615241185 1.24257843871601 1.20215299702249 1.82194672967307 1.26701077399775 1.386670648586 1.69417277071625 1.13579131616279 1.64428713894449 1.33125779638067 1.87513844738714 1.77738176821731 0 1.61017941124737 1.61411600233987 1.89315369981341 1.41617621062323 1.34455740195699 1.23813749430701 0.960248510120437 0.970967538654804 1.40259102568962 1.42854782938957 1.31365375057794 1.06549694365822
0.948304145364091 1.73119673156179 1.21617477713153 1.4534228160046 1.17023939127102 1.59716553753242 1.46113990014419 1.47700479929335 1.16120581584983 1.68189566768706 1.70199361839332 1.28729440132156 1.3588314272929 1.71144553972408 1.92176745273173 1.43420679029077 1.82199726789258 1.61017941124737 0 1.52806872106157 1.38623782922514 1.87717224820517 1.21398564684205 1.37456801556982 1.02723491075449 1.09755216725171 1.29626849247143 1.02010433934629 1.75466000614688 1.0257334895432
1.21695049689151 1.14497601683252 1.11086343647912 1.67045728815719 1.12748405872844 1.68687751796097 1.66787464125082 1.68328241957352 1.09171752072871 1.46620573452674 1.82477030646987 1.19971070624888 1.38012690260075 1.31295120925643 1.47648073569871 1.66335394862108 1.68487765756436 1.61411600233987 1.52806872106157 0 1.64491796097718 1.43929133028723 1.49855416500941 1.57868101540953 1.72602975834161 1.82340279384516 1.93793674814515 1.8031626068987 1.39811863191426 1.21527608763427
1.18608623812906 1.31828790926374 1.7457162453793 1.73464611615054 1.44504387467168 1.37371684378013 1.10104294726625 1.43407431617379 1.15043372707441 1.93903921870515 1.76835657982156 1.47503732913174 1.62470449623652 1.01020467793569 1.12640120834112 1.22758781048469 1.22491612192243 1.89315369981341 1.38623782922514 1.64491796097718 0 1.68402090296149 1.05735807190649 1.61259845062159 1.8395124070812 1.25250220554881 1.02979392604902 1.18376023764722 1.21048875711858 1.24962160922587
1.2223189456854 1.00618578167632 1.54361112229526 1.34647407894954 1.59927227208391 1.5310590097215 0.953502115095034 1.17647876730189 1.22358404519036 1.65770745510235 1.14541984908283 1.76833901600912 1.76547178812325 1.54419637937099 1.62587765627541 1.44732169155031 1.91036138054915 1.41617621062323 1.87717224820517 1.43929133028723 1.68402090296149 0 1.52710418961942 1.14535328419879 1.92186899716035 0.964207864599302 1.59405198134482 1.07571163121611 1.1350754769519 1.25606310972944
1.35997833521105 1.53293313528411 1.39981208299287 1.61131116142496 1.04133178945631 1.33004041900858 1.08125665434636 1.61917412164621 1.67940993001685 1.44459630036727 1.33621215610765 1.31587056792341 1.51003663078882 1.7668330874294 1.91093311598524 1.62328189704567 1.46980354050174 1.34455740195699 1.21398564684205 1.49855416500941 1.05735807190649 1.52710418961942 0 1.77614804869518 1.24002081993967 1.36586508667096 1.69240339309908 1.72065713745542 1.90918105933815 1.29130352661014
1.16139264637604 1.93463073996827 0.966612535528839 1.2822780883871 1.88879803218879 1.00002866447903 1.92897202586755 1.14426532830112 1.81666791718453 1.29042291850783 1.75741240917705 1.13346542627551 1.71756654744968 1.79794837487862 1.11973698227666 1.30114197544754 1.30438801110722 1.23813749430701 1.37456801556982 1.57868101540953 1.61259845062159 1.14535328419879 1.77614804869518 0 1.92105825059116 1.24699140829034 1.83615552796982 1.20777753996663 1.87013809708878 1.21235448471271
1.81323658837937 1.43912281049415 1.72124347928911 1.68347921012901 1.45176313165575 1.83722233376466 1.39118408202194 1.25252937246114 1.07007652847096 1.56247255206108 1.41052353521809 1.64508844260126 1.60940254712477 0.971355800516903 1.92146757338196 1.62373410072178 0.995682894252241 0.960248510120437 1.02723491075449 1.72602975834161 1.8395124070812 1.92186899716035 1.24002081993967 1.92105825059116 0 1.87330396892503 1.18276169034652 1.48586743534543 1.62346566771157 1.15852717822418
1.92797186528333 1.9321156933438 1.58158881403506 1.49022666271776 1.46214652503841 1.4533484056592 1.20435282844119 1.20785912731662 1.02088066725992 1.56304410146549 1.07891786471009 1.26906932634301 1.43816229025833 1.92316603334621 1.59040266135707 1.75333073688671 1.2173885172233 0.970967538654804 1.09755216725171 1.82340279384516 1.25250220554881 0.964207864599302 1.36586508667096 1.24699140829034 1.87330396892503 0 1.05380202899687 1.79177392739803 1.19967951532453 1.46655044332147
1.06720814318396 1.2605047209654 1.36997426161543 1.27090299641714 1.52433114638552 1.90757362358272 1.76132590440102 1.29634745791554 1.75484457309358 1.48888762295246 1.59095249022357 1.33328628586605 1.52408419363201 1.39936407050118 1.23752974672243 1.01122864079662 1.79202817892656 1.40259102568962 1.29626849247143 1.93793674814515 1.02979392604902 1.59405198134482 1.69240339309908 1.83615552796982 1.18276169034652 1.05380202899687 0 1.75085476017557 1.483552392805 1.53723325952888
1.23904586583376 1.17953128111549 1.8712123055011 1.6656082062982 1.32357672904618 1.29409581143409 1.73272128030658 1.2295543756336 1.35902972682379 1.17543189250864 1.05995727493428 1.8835373071488 1.01339243468828 1.67171498271637 1.8526689610444 1.78989347815514 1.56505313166417 1.42854782938957 1.02010433934629 1.8031626068987 1.18376023764722 1.07571163121611 1.72065713745542 1.20777753996663 1.48586743534543 1.79177392739803 1.75085476017557 0 1.70379176479764 1.17073878878728
1.02102981577627 1.10248974803835 1.18293052027002 1.6750208332669 1.18666325300001 1.12601907039061 1.87369550741278 1.46017881878652 1.56143633066677 1.66422943025827 0.965885580284521 1.21420571208 1.60414743935689 1.78215859481134 1.32953037577681 1.12120866915211 1.77125335531309 1.31365375057794 1.75466000614688 1.39811863191426 1.21048875711858 1.1350754769519 1.90918105933815 1.87013809708878 1.62346566771157 1.19967951532453 1.483552392805 1.70379176479764 0 1.43435686663724
1.60212939651683 1.55309476703405 1.47343711345457 1.04482116294093 1.14276291779242 1.27864929311909 1.51825956394896 0.962343162624165 1.10714729782194 1.68058007396758 1.67808061977848 1.27659783186391 1.08176574809477 1.63285492570139 1.84191929968074 1.68698591017164 1.40315203228965 1.06549694365822 1.0257334895432 1.21527608763427 1.24962160922587 1.25606310972944 1.29130352661014 1.21235448471271 1.15852717822418 1.46655044332147 1.53723325952888 1.17073878878728 1.43435686663724 0
