0 1.00113368500024 1.32095835870132 1.65510829212144 1.82762176962569 1.26819927268662 1.53016742598265 1.13952885870822 1.53808460966684 1.58857343625277 1.77727002650499 1.87373311608098 1.40820475807413 1.22132082469761 1.20320613821968 0.91555446991697 1.2926773019135 1.44947025645524 1.67455481924117 1.40443616569974 1.83096368261613 1.10561930411495 1.05461994814686 1.4449076007586 1.20423495979048 1.5245030967053 1.33991976641119 1.7239761503879 0.968830967089161 1.58281992911361
1.00113368500024 0 1.32215560483746 1.16798021341674 1.21069696638733 1.1972146704793 1.47924522752874 1.26836945582181 1.0258686314337 1.26222836761735 1.16523934900761 1.21819477598183 1.74219079059549 1.27528747101314 0.931749468436465 1.37431853520684 1.67203769343905 1.06691432720982 1.284805475967 1.05258958227932 1.16142015345395 1.02742409799248 1.2216699954588 1.49790288601071 1.09260682971217 1.35313241300173 1.22703280532733 1.19792980351485 1.0567517245654 1.88190779997967
1.32095835870132 1.32215560483746 0 1.40171497408301 1.1289044583682 1.30522600188851 1.54180452460423 1.85613578325137 0.989625598536804 1.52115082903765 1.38211827725172 1.70816588611342 0.951502966228873 1.34401726652868 1.29237458412535 1.73243369394913 1.39503643964417 1.88781231245957 1.7376518168021 1.58472943445668 1.79535848484375 1.13101032120176 1.0812059326563 1.24751984002069 1.64076615823433 1.14201066317037 1.70253446814604 1.18910808581859 0.98832631460391 1.1199644759763
1.65510829212144 1.16798021341674 1.40171497408301 0 1.8511025372427 1.67949704546481 1.77299303584732 1.72448871936649 1.10280973347835 1.15199556411244 1.36856991192326 1.78393761254847 1.3959940194618 1.7612816458568 1.59052520478144 1.68519865884446 1.63777987589128 1.6224788071122 1.45169229223393 1.24523230013438 1.71458991291001 1.11641591880471 1.4871750229504 1.29724588710815 1.31296321144328 1.53571665240452 1.23378920112737 1.03110661380924 1.02498462167569 1.16249623335898
1.82762176962569 1.21069696638733 1.1289044583682 1.8511025372427 0 1.08663388248533 1.81249747937545 1.52003210270777 1.39866909058765 1.33774118358269 1.05354758258909 1.71922978875227 1.31890655378811 1.1843443189282 1.90700115822256 1.385704907123 1.3783228113316 1.22004939150065 1.38425849797204 1.88855232624337 1.39860029309057 1.44067460019141 1.32163182739168 1.42601712048054 1.89740341412835 1.88751781685278 1.86473974818364 1.87455394607969 1.05985472444445 1.85079864412546
1.26819927268662 1.1972146704793 1.30522600188851 1.67949704546481 1.08663388248533 0 1.15167909488082 1.49608039180748 1.62497312552296 1.1964916633442 1.74488174286671 1.19892785954289 1.3086624131538 1.82557798246853 1.17900025937706 1.10825549415313 1.08881548815407 1.80105472262949 1.2917833563406 1.05116285942495 1.89983278536238 1.41535159223713 1.16045491327532 0.978893078165129 1.35239375731908 1.86687872675247 1.34661238547415 1.62524429266341 1.74925520713441 1.40763264195994
1.53016742598265 1.47924522752874 1.54180452460423 1.77299303584732 1.81249747937545 1.15167909488082 0 1.36100650345907 1.78678354271688 1.03310344717465 0.962623364059255 1.74789249082096 1.47215481777675 1.11101631144993 0.999573327368125 1.47582957008854 1.28559318627231 1.11453649774194 1.1989606837742 1.03712923778221 1.8089895050507 1.47735931491479 1.72037293179892 1.18234398029745 1.63433111878112 1.57770766271278 1.46454101055861 1.64446796593256 1.4350015539676 1.72233062773012
1.13952885870822 1.26836945582181 1.85613578325137 1.72448871936649 1.52003210270777 1.49608039180748 1.36100650345907 0 1.87313388637267 1.23241433617659 1.35312117915601 1.68741290504113 1.23560519772582 1.65873798518442 1.89833613112569 1.22038085502572 1.74668055260554 1.06916184537113 1.48637830303051 1.4965784449596 1.30373644526117 1.03863604110666 0.931424289476126 1.27623345050961 1.22742889286019 1.53158384282142 1.50044509372674 1.39151872973889 1.09235689393245 1.61417057062499
1.53808460966684 1.0258686314337 0.989625598536804 1.10280973347835 1.39866909058765 1.62497312552296 1.78678354271688 1.87313388637267 0 1.43338026897982 1.05509401345626 1.5553404414095 1.3253722419031 1.05100534274243 1.07906890520826 1.31217748089693 1.06560267158784 1.77977433963679 1.1780629279092 1.55884559638798 1.26044481201097 1.18102474976331 1.22781776101328 1.33687721728347 1.00864995457232 0.954259616322815 1.08195666153915 1.65498352306895 1.21996469656006 0.98191905580461
1.58857343625277 1.26222836761735 1.52115082903765 1.15199556411244 1.33774118358269 1.1964916633442 1.03310344717465 1.23241433617659 1.43338026897982 0 1.32303117425181 0.935629186220467 1.07402202114463 1.53087771753781 1.29037475422956 1.64162228023633 1.51790321338922 1.00872862921096 1.70037371269427 1.72172990604304 1.69054042873904 1.06291742599569 1.00606365757994 0.973881983431056 1.01286850241013 1.21200703433715 1.6944977643434 1.88297608518042 1.58326280908659 1.55648499121889
1.77727002650499 1.16523934900761 1.38211827725172 1.36856991192326 1.05354758258909 1.74488174286671 0.962623364059255 1.35312117915601 1.05509401345626 1.32303117425181 0 1.84521759022027 1.49980379850604 1.40525349392556 1.5344773454126 1.09114722651429 1.76050499803387 1.7904713973403 1.69044347293675 1.89037511474453 1.3165443262551 1.20909215277061 1.36065487773158 1.41297853365541 1.75981657695957 1.07691320916638 1.67076990986243 1.11259388644248 1.64755745907314 1.12472271965817
1.87373311608098 1.21819477598183 1.70816588611342 1.78393761254847 1.71922978875227 1.19892785954289 1.74789249082096 1.68741290504113 1.5553404414095 0.935629186220467 1.84521759022027 0 1.48585103149526 1.58316294546239 0.950024078600109 1.07829656940885 1.7867580272723 1.08833063137718 1.74584071733989 1.90620570909232 1.69843303086236 1.21914314851165 1.55430601537228 1.27548449160531 1.63827538955957 1.3404011526145 1.85570597043261 1.76785674015991 1.22405969444662 1.09917095140554
1.40820475807413 1.74219079059549 0.951502966228873 1.3959940194618 1.31890655378811 1.3086624131538 1.47215481777675 1.23560519772582 1.3253722419031 1.07402202114463 1.49980379850604 1.48585103149526 0 1.28667007409967 1.12683614366688 1.41232864395715 1.00777131202631 1.72797974036075 1.89468265254982 1.42939238273539 1.73929012101144 1.39249432156794 1.36584914219566 1.05141019774601 0.981691027292982 1.40697868610732 1.33209904213436 1.72986799990758 1.77632089564577 1.80822062166408
1.22132082469761 1.27528747101314 1.34401726652868 1.7612816458568 1.1843443189282 1.82557798246853 1.11101631144993 1.65873798518442 1.05100534274243 1.53087771753781 1.40525349392556 1.58316294546239 1.28667007409967 0 1.79977845470421 1.11716486979276 1.60128076607361 1.83559301868081 1.69051732262596 1.22733689285815 1.66428347164765 1.08588207070716 1.75030432222411 1.45364969270304 1.88671379862353 1.70867432071827 1.41777394292876 1.85999101540074 1.15722356876358 1.14970195526257
1.20320613821968 0.931749468436465 1.29237458412535 1.59052520478144 1.90700115822256 1.17900025937706 0.999573327368125 1.89833613112569 1.07906890520826 1.29037475422956 1.5344773454126 0.950024078600109 1.12683614366688 1.79977845470421 0 1.60586998681538 1.53470466728322 1.18980697588995 1.70754133188166 1.5378788264934 1.0800190877635 1.78354725730605 1.24982598912902 1.4631733559072 1.35525802453049 1.21835138718598 1.59023406100459 1.85293080168776 1.84249675902538 1.53804752137512
0.91555446991697 1.37431853520684 1.73243369394913 1.68519865884446 1.385704907123 1.10825549415313 1.47582957008854 1.22038085502572 1.31217748089693 1.64162228023633 1.09114722651429 1.07829656940885 1.41232864395715 1.11716486979276 1.60586998681538 0 1.03849419183098 1.3316551882308 1.36877209064551 1.19043916161172 1.43899427028373 1.43099888949655 1.63108216691762 1.45946471043862 1.73218396212906 1.1616708219517 1.28830533358268 1.03982940595597 1.03068874706514 1.08530128840357
1.2926773019135 1.67203769343905 1.39503643964417 1.63777987589128 1.3783228113316 1.08881548815407 1.28559318627231 1.74668055260554 1.06560267158784 1.51790321338922 1.76050499803387 1.7867580272723 1.00777131202631 1.60128076607361 1.53470466728322 1.03849419183098 0 1.75903514563106 1.54681680351496 1.3771855791565 1.5997972744517 1.44835919467732 1.64263152098283 1.75129972188734 1.37255957350135 1.44964258256368 1.90476684342138 0.948613193584606 1.01113540981896 1.56893009622581
1.44947025645524 1.06691432720982 1.88781231245957 1.6224788071122 1.22004939150065 1.80105472262949 1.11453649774194 1.06916184537113 1.77977433963679 1.00872862921096 1.7904713973403 1.08833063137718 1.72797974036075 1.83559301868081 1.18980697588995 1.3316551882308 1.75903514563106 0 1.86722098104656 1.40280801779591 1.89277657354251 1.35959382378496 1.39595804945566 1.57694130367599 1.56325933686458 0.953288834309205 0.973559114849195 1.45447358675301 1.73981183813885 1.27902652462944
1.67455481924117 1.284805475967 1.7376518168021 1.45169229223393 1.38425849797204 1.2917833563406 1.1989606837742 1.48637830303051 1.1780629279092 1.70037371269427 1.69044347293675 1.74584071733989 1.89468265254982 1.69051732262596 1.70754133188166 1.36877209064551 1.54681680351496 1.86722098104656 0 1.44288365286775 1.66059299069457 1.02425405755639 1.18460909253918 1.11716053960845 1.80242649256252 1.18932491750456 1.19756521377712 1.14681656192988 0.924781757872552 1.18287660740316
1.40443616569974 1.05258958227932 1.58472943445668 1.24523230013438 1.88855232624337 1.05116285942495 1.03712923778221 1.4965784449596 1.55884559638798 1.72172990604304 1.89037511474453 1.90620570909232 1.42939238273539 1.22733689285815 1.5378788264934 1.19043916161172 1.3771855791565 1.40280801779591 1.44288365286775 0 1.00737505871803 1.39779383549467 1.70313132810406 1.28601204883307 1.14399990928359 1.36734279664233 1.08846399164759 0.930526733398438 1.844421379501 1.05957495351322
1.83096368261613 1.16142015345395 1.79535848484375 1.71458991291001 1.39860029309057 1.89983278536238 1.8089895050507 1.30373644526117 1.26044481201097 1.69054042873904 1.3165443262551 1.69843303086236 1.73929012101144 1.66428347164765 1.0800190877635 1.43899427028373 1.5997972744517 1.89277657354251 1.66059299069457 1.00737505871803 0 1.82098670792766 1.25238590943627 1.59783977665938 1.07477557496168 1.30106001556851 0.968820373294875 1.87739774375223 1.35081989248283 1.42054303106852
1.10561930411495 1.02742409799248 1.13101032120176 1.11641591880471 1.44067460019141 1.41535159223713 1.47735931491479 1.03863604110666 1.18102474976331 1.06291742599569 1.20909215277061 1.21914314851165 1.39249432156794 1.08588207070716 1.78354725730605 1.43099888949655 1.44835919467732 1.35959382378496 1.02425405755639 1.39779383549467 1.82098670792766 0 1.9115380581934 0.980156362755224 1.64103243662976 1.11631096433848 1.3379163055215 1.46298536402173 1.34144492377527 1.0122089444194
1.05461994814686 1.2216699954588 1.0812059326563 1.4871750229504 1.32163182739168 1.16045491327532 1.72037293179892 0.931424289476126 1.22781776101328 1.00606365757994 1.36065487773158 1.55430601537228 1.36584914219566 1.75030432222411 1.24982598912902 1.63108216691762 1.64263152098283 1.39595804945566 1.18460909253918 1.70313132810406 1.25238590943627 1.9115380581934 0 1.42185374139808 1.40453428728506 1.78650680882856 1.49931808491237 1.08194065093994 1.70615043002181 1.64033387205563
1.4449076007586 1.49790288601071 1.24751984002069 1.29724588710815 1.42601712048054 0.978893078165129 1.18234398029745 1.27623345050961 1.33687721728347 0.973881983431056 1.41297853365541 1.27548449160531 1.05141019774601 1.45364969270304 1.4631733559072 1.45946471043862 1.75129972188734 1.57694130367599 1.11716053960845 1.28601204883307 1.59783977665938 0.980156362755224 1.42185374139808 0 1.31912556150928 1.20485684182495 1.28003577119671 1.79369228868745 1.25084066251293 1.12564135110006
1.20423495979048 1.09260682971217 1.64076615823433 1.31296321144328 1.89740341412835 1.35239375731908 1.63433111878112 1.22742889286019 1.00864995457232 1.01286850241013 1.75981657695957 1.63827538955957 0.981691027292982 1.88671379862353 1.35525802453049 1.73218396212906 1.37255957350135 1.56325933686458 1.80242649256252 1.14399990928359 1.07477557496168 1.64103243662976 1.40453428728506 1.31912556150928 0 1.52276904927567 1.63815813744441 1.36671361350454 1.32257852237672 1.55573160224594
1.5245030967053 1.35313241300173 1.14201066317037 1.53571665240452 1.88751781685278 1.86687872675247 1.57770766271278 1.53158384282142 0.954259616322815 1.21200703433715 1.07691320916638 1.3404011526145 1.40697868610732 1.70867432071827 1.21835138718598 1.1616708219517 1.44964258256368 0.953288834309205 1.18932491750456 1.36734279664233 1.30106001556851 1.11631096433848 1.78650680882856 1.20485684182495 1.52276904927567 0 1.41479177516885 1.35409818147309 1.43284286488779 1.59075694321655
1.33991976641119 1.22703280532733 1.70253446814604 1.23378920112737 1.86473974818364 1.34661238547415 1.46454101055861 1.50044509372674 1.08195666153915 1.6944977643434 1.67076990986243 1.85570597043261 1.33209904213436 1.41777394292876 1.59023406100459 1.28830533358268 1.90476684342138 0.973559114849195 1.19756521377712 1.08846399164759 0.968820373294875 1.3379163055215 1.49931808491237 1.28003577119671 1.63815813744441 1.41479177516885 0 0.956153649836779 1.49517746665515 1.53375476226211
1.7239761503879 1.19792980351485 1.18910808581859 1.03110661380924 1.87455394607969 1.62524429266341 1.64446796593256 1.39151872973889 1.65498352306895 1.88297608518042 1.11259388644248 1.76785674015991 1.72986799990758 1.85999101540074 1.85293080168776 1.03982940595597 0.948613193584606 1.45447358675301 1.14681656192988 0.930526733398438 1.87739774375223 1.46298536402173 1.08194065093994 1.79369228868745 1.36671361350454 1.35409818147309 0.956153649836779 0 1.31652579456568 1.74804706592113
0.968830967089161 1.0567517245654 0.98832631460391 1.02498462167569 1.05985472444445 1.74925520713441 1.4350015539676 1.09235689393245 1.21996469656006 1.58326280908659 1.64755745907314 1.22405969444662 1.77632089564577 1.15722356876358 1.84249675902538 1.03068874706514 1.01113540981896 1.73981183813885 0.924781757872552 1.844421379501 1.35081989248283 1.34144492377527 1.70615043002181 1.25084066251293 1.32257852237672 1.43284286488779 1.49517746665515 1.31652579456568 0 1.6345055073034
1.58281992911361 1.88190779997967 1.1199644759763 1.16249623335898 1.85079864412546 1.40763264195994 1.72233062773012 1.61417057062499 0.98191905580461 1.55648499121889 1.12472271965817 1.09917095140554 1.80822062166408 1.14970195526257 1.53804752137512 1.08530128840357 1.56893009622581 1.27902652462944 1.18287660740316 1.05957495351322 1.42054303106852 1.0122089444194 1.64033387205563 1.12564135110006 1.55573160224594 1.59075694321655 1.53375476226211 1.74804706592113 1.6345055073034 0
