0 1.50768976495601 1.39811730384827 1.37566079525277 1.36792256101035 1.18123759445734 1.7993531844113 1.04281163751148 1.72683047852479 1.08404961996712 1.35668437043205 1.20166085287929 1.06079366849735 1.42949830275029 1.42405334301293 1.56464871577919 1.50440260837786 1.47828138084151 1.70086393994279 1.7715942566283 0.942486040527001 1.60794853046536 1.86915708007291 1.63815892441198 1.58626693719998 1.55347831081599 1.29968147771433 1.3272537405137 1.75260440004058 0.987954047508538
1.50768976495601 0 0.982722112443298 1.66290080035105 1.29345986200497 1.42871270305477 1.75921265641227 0.967807066161186 1.87982163368724 1.85810982133262 1.1284452159889 1.40388571238145 1.80025741504505 1.68421988771297 1.51444855891168 1.81781667121686 1.39160858863033 1.74473785655573 1.77892390289344 1.70638023503125 1.91529430658557 1.82986148144118 1.50436168303713 1.23926591407508 1.45939434855245 1.18482456146739 1.75304728210904 0.964005531510338 1.12471356871538 1.83366627641954
1.39811730384827 0.982722112443298 0 1.12704008654691 1.59576238156296 1.71591391484253 1.19475767412223 1.01698199729435 1.89905487000942 1.88584965188056 1.86887517757714 1.66890015895478 1.1032804895658 1.78841262729838 1.03233265411109 1.2187001190614 1.83529891283251 1.48031948367134 1.07947836536914 1.23593930224888 1.60778725612909 1.42479059123434 1.44037569011562 1.62434217706323 0.97626921813935 1.7474242427852 1.57125773583539 1.5180301850196 1.72974777012132 1.86766890832223
1.37566079525277 1.66290080035105 1.12704008654691 0 1.76438799942844 1.75069366744719 1.86270367354155 1.25339510780759 1.49312428641133 1.24184408318251 1.49449704401195 1.79058388690464 1.23713701381348 1.04908942803741 1.01789301820099 1.0011268327944 1.15432082931511 1.06996664311737 1.21923341415823 1.35519021376967 1.02110866969451 1.50847965106368 1.1234413520433 1.87857788079418 1.33292736019939 1.63046952034347 1.1296239879448 1.83287040935829 1.49957250710577 0.92432250850834
1.36792256101035 1.29345986200497 1.59576238156296 1.76438799942844 0 1.00328860874288 1.10522650019266 1.88505280646496 1.16687787300907 1.71648544073105 1.60310281440616 1.85878711356781 1.3011453920044 1.23182394332252 1.56495456746779 1.18622787483037 1.72932883817703 1.41088662017137 1.86969103524461 1.82705841143616 1.87342149019241 1.3365741870366 1.67648601485416 0.932385904714465 1.5876929461956 1.51299446355551 1.62708509620279 1.91654275171459 1.01138056744821 1.34217621921562
1.18123759445734 1.42871270305477 1.71591391484253 1.75069366744719 1.00328860874288 0 1.73894285736606 1.48384399805218 1.0096502462402 0.975792748387903 1.81122680590488 1.87325404211879 1.34445243049413 1.4918317666743 0.988362861797214 1.2207971890457 0.934305049711838 1.64624295360409 1.85291148209944 1.53601045580581 1.00631303526461 1.26951237302274 1.01457808213308 0.919252015650272 1.47250145347789 1.03900633635931 1.39269497315399 1.68041675584391 0.959090990480036 1.86207111389376
1.7993531844113 1.75921265641227 1.19475767412223 1.86270367354155 1.10522650019266 1.73894285736606 0 1.66384639986791 1.39392324630171 1.70717215538025 1.33326928270981 1.15801877481863 1.36035272665322 0.965518902055919 1.63483554194681 0.999541854253039 1.46644099382684 1.15453886520118 1.52376409922726 1.26367952232249 1.26190012670122 0.93530625780113 1.7151772803627 1.1314520703163 1.84453890915029 1.88074998580851 1.42916511720978 1.17547774268314 1.09172478411347 0.961238912539557
1.04281163751148 0.967807066161186 1.01698199729435 1.25339510780759 1.88505280646496 1.48384399805218 1.66384639986791 0 0.953426936175674 0.947574563790113 1.77536418708041 1.1132765635848 1.31857434101403 1.00960502563976 1.19259601831436 1.08067157445475 1.36087019066326 1.84901255718432 1.4683881609235 1.20963947963901 1.64221918955445 1.471020455705 1.5637813070789 1.53018479119055 1.78996023535728 1.85790720582008 1.12276740185916 1.79537426913157 1.28835968207568 1.70728249428794
1.72683047852479 1.87982163368724 1.89905487000942 1.49312428641133 1.16687787300907 1.0096502462402 1.39392324630171 0.953426936175674 0 1.16750020952895 1.50719254161231 1.14987292001024 1.04160088323988 1.46438074368052 1.08501766086556 1.59664695640095 1.68584353779443 1.10808274964802 1.68097820365801 1.21710656397045 1.63472762750462 1.53657390060835 1.04089074558578 0.982498206431046 1.16740863979794 1.56263332092203 1.34638023632579 0.969280042918399 1.63443533028476 1.34723139228299
1.08404961996712 1.85810982133262 1.88584965188056 1.24184408318251 1.71648544073105 0.975792748387903 1.70717215538025 0.947574563790113 1.16750020952895 0 1.05846881354228 1.53962956555188 1.26158809778281 1.41367253893986 1.72699000011198 1.07460473524407 1.23207438900135 1.49360765586607 1.14449634077027 1.30734958406538 1.90751332626678 1.32969436538406 1.43895041616634 1.45827070320956 1.62419678666629 1.85739060840569 1.0685554984957 1.31766903796233 1.23296875343658 1.0096257221885
1.35668437043205 1.1284452159889 1.86887517757714 1.49449704401195 1.60310281440616 1.81122680590488 1.33326928270981 1.77536418708041 1.50719254161231 1.05846881354228 0 0.928920980310068 0.945387225365266 1.58397773187608 1.76092600123957 1.13692662259564 1.14274583384395 0.986810966394842 1.63219946669415 1.36564154573716 1.41617324319668 1.71151553024538 1.20965700503439 1.09108545538038 1.3878451208584 1.80300417589024 1.39513834821992 1.41431813850068 1.77087805070914 1.81534763448872
1.20166085287929 1.40388571238145 1.66890015895478 1.79058388690464 1.85878711356781 1.87325404211879 1.15801877481863 1.1132765635848 1.14987292001024 1.53962956555188 0.928920980310068 0 1.19772670930251 1.22831890522502 1.51739779533818 1.52198081719689 1.70991708687507 1.90126093174331 1.85479678888805 1.83105097338557 0.926408833824098 1.49349388596602 1.55917781265453 1.52281953813508 1.57436693715863 1.24358054366894 1.78307221597061 1.04792830068618 1.15368736698292 1.1332520339638
1.06079366849735 1.80025741504505 1.1032804895658 1.23713701381348 1.3011453920044 1.34445243049413 1.36035272665322 1.31857434101403 1.04160088323988 1.26158809778281 0.945387225365266 1.19772670930251 0 1.46154429297894 1.80645525734872 1.28153469716199 1.1968149584718 1.43297290452756 1.69547104672529 1.58351985784248 1.57596274418756 1.46581415366381 1.91072434210218 0.954622742952779 1.24891968793236 1.79024106357247 1.46133761922829 0.984321060823277 1.62028441415168 1.48152893316001
1.42949830275029 1.68421988771297 1.78841262729838 1.04908942803741 1.23182394332252 1.4918317666743 0.965518902055919 1.00960502563976 1.46438074368052 1.41367253893986 1.58397773187608 1.22831890522502 1.46154429297894 0 1.44611496757716 1.16199847520329 1.69032493373379 1.38881510868669 1.66647312813438 1.83094062237069 1.41204627905972 0.975300699472427 1.06710776640102 1.70632630679756 1.30630910699256 1.63385006412864 1.67632082058117 0.948751132236794 1.37037027091719 1.83230861183256
1.42405334301293 1.51444855891168 1.03233265411109 1.01789301820099 1.56495456746779 0.988362861797214 1.63483554194681 1.19259601831436 1.08501766086556 1.72699000011198 1.76092600123957 1.51739779533818 1.80645525734872 1.44611496757716 0 1.36196393403225 0.920921247219667 1.679052116815 1.59524989011697 1.47280713682994 1.49642868479714 1.48080391460098 1.79076586547308 1.62311844108626 1.04360951553099 1.7565239041578 1.53059984045103 1.14160283724777 1.82567089609802 1.65968946437351
1.56464871577919 1.81781667121686 1.2187001190614 1.0011268327944 1.18622787483037 1.2207971890457 0.999541854253039 1.08067157445475 1.59664695640095 1.07460473524407 1.13692662259564 1.52198081719689 1.28153469716199 1.16199847520329 1.36196393403225 0 1.82137903640978 1.46956867096014 1.7596660645213 1.53496797406115 1.47526235925034 1.24934507650323 1.73695483757183 1.410282648867 1.28515603463165 1.59649496292695 0.931590063730255 1.07263034209609 1.59203093522228 1.64854009146802
1.50440260837786 1.39160858863033 1.83529891283251 1.15432082931511 1.72932883817703 0.934305049711838 1.46644099382684 1.36087019066326 1.68584353779443 1.23207438900135 1.14274583384395 1.70991708687507 1.1968149584718 1.69032493373379 0.920921247219667 1.82137903640978 0 0.942833539796993 1.74646289972588 1.02197141130455 1.05446613719687 1.67092060786672 1.82891535782255 1.03572687250562 1.85734849958681 1.8540204660967 1.00016011018306 1.78970628790557 1.54880741680972 1.53547732671723
1.47828138084151 1.74473785655573 1.48031948367134 1.06996664311737 1.41088662017137 1.64624295360409 1.15453886520118 1.84901255718432 1.10808274964802 1.49360765586607 0.986810966394842 1.90126093174331 1.43297290452756 1.38881510868669 1.679052116815 1.46956867096014 0.942833539796993 0 1.85095043526962 1.60334124416113 1.86696337535977 1.75520042795688 1.55509413522668 1.78340343362652 1.88527461094782 1.46865628310479 1.19844407238998 1.17087229643948 0.940222145989537 1.2152044759132
1.70086393994279 1.77892390289344 1.07947836536914 1.21923341415823 1.86969103524461 1.85291148209944 1.52376409922726 1.4683881609235 1.68097820365801 1.14449634077027 1.63219946669415 1.85479678888805 1.69547104672529 1.66647312813438 1.59524989011697 1.7596660645213 1.74646289972588 1.85095043526962 0 1.604187033372 1.79204336274415 1.05052093369886 1.02790257218294 1.70669952663593 0.935906755272299 1.26081690192223 1.3501415331848 1.47778546949849 1.44596073706634 1.58181384438649
1.7715942566283 1.70638023503125 1.23593930224888 1.35519021376967 1.82705841143616 1.53601045580581 1.26367952232249 1.20963947963901 1.21710656397045 1.30734958406538 1.36564154573716 1.83105097338557 1.58351985784248 1.83094062237069 1.47280713682994 1.53496797406115 1.02197141130455 1.60334124416113 1.604187033372 0 1.72289254865609 1.88769441866316 1.63900313503109 1.59823335451074 1.29830059478991 1.83546629804187 1.43122780555859 1.30818835599348 0.973906947532669 1.44226929987781
0.942486040527001 1.91529430658557 1.60778725612909 1.02110866969451 1.87342149019241 1.00631303526461 1.26190012670122 1.64221918955445 1.63472762750462 1.90751332626678 1.41617324319668 0.926408833824098 1.57596274418756 1.41204627905972 1.49642868479714 1.47526235925034 1.05446613719687 1.86696337535977 1.79204336274415 1.72289254865609 0 1.19146188092418 1.85387331037782 1.76089032110758 1.6089642138686 1.05237721209414 1.58986291638575 1.1693469050806 1.34692757460289 0.921392790740356
1.60794853046536 1.82986148144118 1.42479059123434 1.50847965106368 1.3365741870366 1.26951237302274 0.93530625780113 1.471020455705 1.53657390060835 1.32969436538406 1.71151553024538 1.49349388596602 1.46581415366381 0.975300699472427 1.48080391460098 1.24934507650323 1.67092060786672 1.75520042795688 1.05052093369886 1.88769441866316 1.19146188092418 0 1.19649641797878 1.67049836157821 1.31266698054969 1.3279258874245 1.8641291661188 1.68313230434433 1.02524819085374 1.89654517034069
1.86915708007291 1.50436168303713 1.44037569011562 1.1234413520433 1.67648601485416 1.01457808213308 1.7151772803627 1.5637813070789 1.04089074558578 1.43895041616634 1.20965700503439 1.55917781265453 1.91072434210218 1.06710776640102 1.79076586547308 1.73695483757183 1.82891535782255 1.55509413522668 1.02790257218294 1.63900313503109 1.85387331037782 1.19649641797878 0 1.29550381680019 1.01007093302906 1.05138797056861 1.89476354443468 1.25713730603456 1.07991986116394 1.04485280695371
1.63815892441198 1.23926591407508 1.62434217706323 1.87857788079418 0.932385904714465 0.919252015650272 1.1314520703163 1.53018479119055 0.982498206431046 1.45827070320956 1.09108545538038 1.52281953813508 0.954622742952779 1.70632630679756 1.62311844108626 1.410282648867 1.03572687250562 1.78340343362652 1.70669952663593 1.59823335451074 1.76089032110758 1.67049836157821 1.29550381680019 0 1.15900925616734 1.83338300511241 1.68289375700988 1.84029239742085 1.00914253550582 1.76933808461763
1.58626693719998 1.45939434855245 0.97626921813935 1.33292736019939 1.5876929461956 1.47250145347789 1.84453890915029 1.78996023535728 1.16740863979794 1.62419678666629 1.3878451208584 1.57436693715863 1.24891968793236 1.30630910699256 1.04360951553099 1.28515603463165 1.85734849958681 1.88527461094782 0.935906755272299 1.29830059478991 1.6089642138686 1.31266698054969 1.01007093302906 1.15900925616734 0 1.52109690825455 1.76489200256765 1.66075786529109 1.80808165716007 1.00629471009597
1.55347831081599 1.18482456146739 1.7474242427852 1.63046952034347 1.51299446355551 1.03900633635931 1.88074998580851 1.85790720582008 1.56263332092203 1.85739060840569 1.80300417589024 1.24358054366894 1.79024106357247 1.63385006412864 1.7565239041578 1.59649496292695 1.8540204660967 1.46865628310479 1.26081690192223 1.83546629804187 1.05237721209414 1.3279258874245 1.05138797056861 1.83338300511241 1.52109690825455 0 1.3400025323499 1.52321543823928 0.972680510254577 0.973095665918663
1.29968147771433 1.75304728210904 1.57125773583539 1.1296239879448 1.62708509620279 1.39269497315399 1.42916511720978 1.12276740185916 1.34638023632579 1.0685554984957 1.39513834821992 1.78307221597061 1.46133761922829 1.67632082058117 1.53059984045103 0.931590063730255 1.00016011018306 1.19844407238998 1.3501415331848 1.43122780555859 1.58986291638575 1.8641291661188 1.89476354443468 1.68289375700988 1.76489200256765 1.3400025323499 0 1.01893543009646 1.61916837189347 1.65000446839258
1.3272537405137 0.964005531510338 1.5180301850196 1.83287040935829 1.91654275171459 1.68041675584391 1.17547774268314 1.79537426913157 0.969280042918399 1.31766903796233 1.41431813850068 1.04792830068618 0.984321060823277 0.948751132236794 1.14160283724777 1.07263034209609 1.78970628790557 1.17087229643948 1.47778546949849 1.30818835599348 1.1693469050806 1.68313230434433 1.25713730603456 1.84029239742085 1.66075786529109 1.52321543823928 1.01893543009646 0 1.74992194375955 1.2767803943716
1.75260440004058 1.12471356871538 1.72974777012132 1.49957250710577 1.01138056744821 0.959090990480036 1.09172478411347 1.28835968207568 1.63443533028476 1.23296875343658 1.77087805070914 1.15368736698292 1.62028441415168 1.37037027091719 1.82567089609802 1.59203093522228 1.54880741680972 0.940222145989537 1.44596073706634 0.973906947532669 1.34692757460289 1.02524819085374 1.07991986116394 1.00914253550582 1.80808165716007 0.972680510254577 1.61916837189347 1.74992194375955 0 1.69339897343889
0.987954047508538 1.83366627641954 1.86766890832223 0.92432250850834 1.34217621921562 1.86207111389376 0.961238912539557 1.70728249428794 1.34723139228299 1.0096257221885 1.81534763448872 1.1332520339638 1.48152893316001 1.83230861183256 1.65968946437351 1.64854009146802 1.53547732671723 1.2152044759132 1.58181384438649 1.44226929987781 0.921392790740356 1.89654517034069 1.04485280695371 1.76933808461763 1.00629471009597 0.973095665918663 1.65000446839258 1.2767803943716 1.69339897343889 0
