0 1.18870534794405 1.62633133260533 1.90016844100319 1.23652938939631 1.51930398540571 1.06874791276641 1.00456086383201 1.47804975160398 1.20929895574227 0.904840388800949 1.49871405237354 1.64748882874846 1.10650214925408 1.4591054955963 1.87347009172663 1.83989179274067 0.970492401625961 1.06735009304248 1.00236587878317 1.40318592078984 1.89108283212408 1.75595062994398 0.98771086637862 1.76153123541735 1.58985401969403 1.85334569006227 1.29928097105585 1.31004619481973 1.89846185757779
1.18870534794405 0 1.11554896249436 1.70332876732573 1.15539060998708 1.71691179065965 0.986620937474072 1.59181084460579 1.18240328831598 1.53733507660218 1.81481296988204 1.6919621406123 1.77045349753462 1.4108398524113 1.71058937022462 1.43384080706164 1.07191024697386 1.25737837934867 1.6671465432737 1.19306477252394 1.18209818773903 1.66122384462506 1.80465534050018 1.35260997409932 1.61542198271491 1.27698038308881 1.3294368176721 1.48838960425928 1.89073846838437 1.60766862309538
1.62633133260533 1.11554896249436 0 1.42524405987933 1.67169793788344 1.59636757522821 1.55187170533463 1.73849500832148 1.45710124424659 1.51085434737615 1.1106221054215 1.75039567565545 1.66100433445536 1.41279895044863 1.4933475246653 1.65674237813801 1.6599982350599 1.77669688733295 0.999251879984513 1.60942470212467 1.67316333157942 1.27022130344994 1.07314733439125 1.67292902129702 1.6472899527289 1.33259887527674 1.43532888428308 1.07100242888555 0.98364664753899 1.11069775489159
1.90016844100319 1.70332876732573 1.42524405987933 0 1.84015039447695 1.42260162788443 1.26765479007736 1.89276682329364 1.64180953497998 1.42645864398219 1.61081959237345 1.080941822147 1.42798411590047 1.41985644120723 1.15383557067253 1.63010346633382 1.55760455923155 1.0121774780564 1.37515551224351 0.964018673170358 1.07310458947904 0.988255586707965 1.25853126565926 1.74219810939394 0.938798004761338 1.9004753283225 1.66122037055902 1.58625693875365 1.70170268695801 1.09215134452097
1.23652938939631 1.15539060998708 1.67169793788344 1.84015039447695 0 1.76746308524162 1.80904933786951 1.26180932321586 1.45898215961643 1.42509231041186 0.971310366177931 1.39976082812063 1.43873390741646 1.82452151016332 0.960914654424414 1.17797384061851 1.64332464104518 1.14155065594241 1.7565775453113 1.82925894437358 1.22322352975607 1.70377326617017 1.46062129479833 1.45222776336595 0.930735086789355 1.73577556572855 1.13564182887785 0.987966946326196 1.45442467764951 0.926057214848697
1.51930398540571 1.71691179065965 1.59636757522821 1.42260162788443 1.76746308524162 0 1.3845541048795 1.85468706511892 1.477259776555 1.60196232213639 1.38266405160539 1.24433395196684 1.57312014256604 1.82243867823854 1.8881649337709 1.89136320096441 1.72577507374808 1.49994371971115 0.943382031517103 1.4553773002699 1.28858925099485 1.22180966683663 1.84595693694428 1.23990782536566 1.22353328857571 1.83456076495349 1.48347322340123 1.25064150243998 1.83518452662975 1.75047852145508
1.06874791276641 0.986620937474072 1.55187170533463 1.26765479007736 1.80904933786951 1.3845541048795 0 0.998707938706502 1.2993025672622 1.61724440101534 1.01139855664223 1.34945031651296 1.39574348414317 0.932177047710866 1.59358934313059 1.78667275886983 1.29041854385287 1.14235151815228 1.0106929296162 1.45576064428315 0.926081773126498 1.44983702967875 1.24803189164959 1.42161690350622 1.35056767845526 1.50023060943931 1.04588458803482 1.63681015907787 1.51839848654345 1.06203836412169
1.00456086383201 1.59181084460579 1.73849500832148 1.89276682329364 1.26180932321586 1.85468706511892 0.998707938706502 0 1.1808795556426 1.51438229437917 1.09548637014814 1.58966816985048 1.28205323196016 1.10421223659068 0.933473244076595 1.6733330625575 1.61406749021262 1.63985365955159 1.29299057507887 1.37978120474145 1.33889956213534 1.5670738031622 1.37637201976031 1.73236302402802 1.1278527637478 1.10351646249183 1.62889399845153 1.4971967858728 1.02566768042743 1.36817408469506
1.47804975160398 1.18240328831598 1.45710124424659 1.64180953497998 1.45898215961643 1.477259776555 1.2993025672622 1.1808795556426 0 1.57753363531083 0.987102154875174 1.23916785977781 1.39545917348005 1.68419592292048 1.85979784582742 1.77834064722992 1.65669704857282 1.07960283290595 1.76624635746703 1.54284927458502 1.25238691363484 1.81810016930103 1.33847030880861 1.16837280523032 1.68138313060626 1.76055955258198 1.52231505024247 1.70377455907874 1.46072945604101 1.66937531693839
1.20929895574227 1.53733507660218 1.51085434737615 1.42645864398219 1.42509231041186 1.60196232213639 1.61724440101534 1.51438229437917 1.57753363531083 0 1.56648668600246 1.47010659635998 1.55977039504796 1.17725730361417 1.10666614584625 1.65421144501306 1.57189742801711 0.990579621400684 1.23429558146745 1.78759042080492 1.58602207712829 1.30378638557158 1.20706773991697 1.67917849076912 1.84902943111956 1.30804937565699 1.22074871906079 1.46024014940485 1.77934423764236 1.64080494362861
0.904840388800949 1.81481296988204 1.1106221054215 1.61081959237345 0.971310366177931 1.38266405160539 1.01139855664223 1.09548637014814 0.987102154875174 1.56648668600246 0 0.996844989014789 1.10163251473568 1.33858218183741 1.12394814798608 1.04340937011875 1.03371526836418 1.49547798954882 1.69462790549733 1.32053559552878 0.908997507765889 1.71466068783775 0.916978753637522 1.89255125517957 1.35837293067016 1.45808799215592 1.24588900059462 1.24236770463176 1.6114539122209 1.79179851291701
1.49871405237354 1.6919621406123 1.75039567565545 1.080941822147 1.39976082812063 1.24433395196684 1.34945031651296 1.58966816985048 1.23916785977781 1.47010659635998 0.996844989014789 0 0.915694723371416 0.986773377750069 1.71173003735021 1.63236428960226 1.86954546906054 1.01054707821459 1.16879245219752 1.15240285545588 1.59432677645236 0.972301083384082 1.69006500509568 1.4131198041141 1.86703150183894 1.43751464551315 1.22789664962329 1.70801367238164 1.73515058192424 1.22527411603369
1.64748882874846 1.77045349753462 1.66100433445536 1.42798411590047 1.43873390741646 1.57312014256604 1.39574348414317 1.28205323196016 1.39545917348005 1.55977039504796 1.10163251473568 0.915694723371416 0 1.43367106397636 1.48297476186417 1.81245780386962 0.966601058607921 1.01362911704928 1.14689271477982 1.63892872701399 1.31816610670649 1.51776915462688 1.15478078788146 1.54058850207366 1.5906680689659 1.468818255933 0.946020844392478 1.68327138037421 1.39536741515622 1.64591578650288
1.10650214925408 1.4108398524113 1.41279895044863 1.41985644120723 1.82452151016332 1.82243867823854 0.932177047710866 1.10421223659068 1.68419592292048 1.17725730361417 1.33858218183741 0.986773377750069 1.43367106397636 0 1.20624920679256 1.89361161179841 1.26930671185255 1.59763815463521 1.43542759050615 1.2611197156366 1.22016173345037 1.1553395933006 1.51247790246271 1.60338702565059 1.10115232039243 1.56352676381357 1.24001803947613 0.951456527924165 1.5828249193728 1.64938143035397
1.4591054955963 1.71058937022462 1.4933475246653 1.15383557067253 0.960914654424414 1.8881649337709 1.59358934313059 0.933473244076595 1.85979784582742 1.10666614584625 1.12394814798608 1.71173003735021 1.48297476186417 1.20624920679256 0 1.04880394553766 1.71313054277562 0.904801624594256 1.74068948091008 1.78018836164847 1.86321327649057 1.14008171577007 0.950327816652134 1.87058257265016 1.35395658481866 1.13409804133698 1.63875075755641 1.74561856407672 1.38661706936546 1.53119149268605
1.87347009172663 1.43384080706164 1.65674237813801 1.63010346633382 1.17797384061851 1.89136320096441 1.78667275886983 1.6733330625575 1.77834064722992 1.65421144501306 1.04340937011875 1.63236428960226 1.81245780386962 1.89361161179841 1.04880394553766 0 1.26899067522027 1.15034633828327 1.69277624669485 1.65046254522167 1.11507802712731 1.23584671178833 1.3416898008436 1.43919662362896 1.23682057135738 1.38671906641684 1.09373843413778 1.02215445507318 1.0134191729594 1.19297634088434
1.83989179274067 1.07191024697386 1.6599982350599 1.55760455923155 1.64332464104518 1.72577507374808 1.29041854385287 1.61406749021262 1.65669704857282 1.57189742801711 1.03371526836418 1.86954546906054 0.966601058607921 1.26930671185255 1.71313054277562 1.26899067522027 0 1.41886273864657 1.59097770089284 1.47081393958069 1.0307976512704 1.70863846759312 1.33560474263504 1.66035142517649 1.73265154566616 1.78679232299328 1.10406603268348 1.17478668200783 1.66469604638405 1.26837225304917
0.970492401625961 1.25737837934867 1.77669688733295 1.0121774780564 1.14155065594241 1.49994371971115 1.14235151815228 1.63985365955159 1.07960283290595 0.990579621400684 1.49547798954882 1.01054707821459 1.01362911704928 1.59763815463521 0.904801624594256 1.15034633828327 1.41886273864657 0 0.915400126716122 0.920485386392102 1.49272135295905 1.20342023856938 0.968923772452399 1.07176003186032 1.59235915425234 1.72716378234327 1.05896086315624 1.39693908323534 1.46060654055327 1.15501681389287
1.06735009304248 1.6671465432737 0.999251879984513 1.37515551224351 1.7565775453113 0.943382031517103 1.0106929296162 1.29299057507887 1.76624635746703 1.23429558146745 1.69462790549733 1.16879245219752 1.14689271477982 1.43542759050615 1.74068948091008 1.69277624669485 1.59097770089284 0.915400126716122 0 1.48650328628719 1.29288336541504 1.07734218402766 1.45701658097096 1.76976424409077 1.63788447272964 1.03097652643919 1.7396880434826 1.87014670949429 1.76865340420045 1.02170768636279
1.00236587878317 1.19306477252394 1.60942470212467 0.964018673170358 1.82925894437358 1.4553773002699 1.45576064428315 1.37978120474145 1.54284927458502 1.78759042080492 1.32053559552878 1.15240285545588 1.63892872701399 1.2611197156366 1.78018836164847 1.65046254522167 1.47081393958069 0.920485386392102 1.48650328628719 0 1.46450250060298 1.30109172151424 1.79469522694126 1.15263434033841 1.58566051628441 1.44855863181874 1.1197127380874 1.77917813276872 1.5878308203537 1.56298974226229
1.40318592078984 1.18209818773903 1.67316333157942 1.07310458947904 1.22322352975607 1.28858925099485 0.926081773126498 1.33889956213534 1.25238691363484 1.58602207712829 0.908997507765889 1.59432677645236 1.31816610670649 1.22016173345037 1.86321327649057 1.11507802712731 1.0307976512704 1.49272135295905 1.29288336541504 1.46450250060298 0 1.04228116455488 1.38746692007408 1.40460683009587 1.56471444480121 1.22004598611966 1.75964862806723 1.64261679537594 0.910591952502728 1.52525249612518
1.89108283212408 1.66122384462506 1.27022130344994 0.988255586707965 1.70377326617017 1.22180966683663 1.44983702967875 1.5670738031622 1.81810016930103 1.30378638557158 1.71466068783775 0.972301083384082 1.51776915462688 1.1553395933006 1.14008171577007 1.23584671178833 1.70863846759312 1.20342023856938 1.07734218402766 1.30109172151424 1.04228116455488 0 1.25118254427798 1.09538668394089 0.928831020602956 1.29701505065896 1.63784735370427 1.80723968194798 1.6949421458412 1.24411821411923
1.75595062994398 1.80465534050018 1.07314733439125 1.25853126565926 1.46062129479833 1.84595693694428 1.24803189164959 1.37637201976031 1.33847030880861 1.20706773991697 0.916978753637522 1.69006500509568 1.15478078788146 1.51247790246271 0.950327816652134 1.3416898008436 1.33560474263504 0.968923772452399 1.45701658097096 1.79469522694126 1.38746692007408 1.25118254427798 0 1.72582140541635 0.908686266280711 1.41758488258347 1.04522437951528 1.295046932064 1.80502011836506 1.49855999602005
0.98771086637862 1.35260997409932 1.67292902129702 1.74219810939394 1.45222776336595 1.23990782536566 1.42161690350622 1.73236302402802 1.16837280523032 1.67917849076912 1.89255125517957 1.4131198041141 1.54058850207366 1.60338702565059 1.87058257265016 1.43919662362896 1.66035142517649 1.07176003186032 1.76976424409077 1.15263434033841 1.40460683009587 1.09538668394089 1.72582140541635 0 1.7687749566976 1.02130334288813 1.16457087663002 1.3048238735646 0.97957920236513 1.72783328127116
1.76153123541735 1.61542198271491 1.6472899527289 0.938798004761338 0.930735086789355 1.22353328857571 1.35056767845526 1.1278527637478 1.68138313060626 1.84902943111956 1.35837293067016 1.86703150183894 1.5906680689659 1.10115232039243 1.35395658481866 1.23682057135738 1.73265154566616 1.59235915425234 1.63788447272964 1.58566051628441 1.56471444480121 0.928831020602956 0.908686266280711 1.7687749566976 0 1.50272388570011 1.2275728713721 1.71111808693968 1.18276578886434 1.08738444931805
1.58985401969403 1.27698038308881 1.33259887527674 1.9004753283225 1.73577556572855 1.83456076495349 1.50023060943931 1.10351646249183 1.76055955258198 1.30804937565699 1.45808799215592 1.43751464551315 1.468818255933 1.56352676381357 1.13409804133698 1.38671906641684 1.78679232299328 1.72716378234327 1.03097652643919 1.44855863181874 1.22004598611966 1.29701505065896 1.41758488258347 1.02130334288813 1.50272388570011 0 1.62442540889606 1.27579288743436 1.58244202844799 1.42372108250856
1.85334569006227 1.3294368176721 1.43532888428308 1.66122037055902 1.13564182887785 1.48347322340123 1.04588458803482 1.62889399845153 1.52231505024247 1.22074871906079 1.24588900059462 1.22789664962329 0.946020844392478 1.24001803947613 1.63875075755641 1.09373843413778 1.10406603268348 1.05896086315624 1.7396880434826 1.1197127380874 1.75964862806723 1.63784735370427 1.04522437951528 1.16457087663002 1.2275728713721 1.62442540889606 0 1.8629739463795 1.12710566399619 1.6218733289279
1.29928097105585 1.48838960425928 1.07100242888555 1.58625693875365 0.987966946326196 1.25064150243998 1.63681015907787 1.4971967858728 1.70377455907874 1.46024014940485 1.24236770463176 1.70801367238164 1.68327138037421 0.951456527924165 1.74561856407672 1.02215445507318 1.17478668200783 1.39693908323534 1.87014670949429 1.77917813276872 1.64261679537594 1.80723968194798 1.295046932064 1.3048238735646 1.71111808693968 1.27579288743436 1.8629739463795 0 1.63446478173137 1.76400348707102
1.31004619481973 1.89073846838437 0.98364664753899 1.70170268695801 1.45442467764951 1.83518452662975 1.51839848654345 1.02566768042743 1.46072945604101 1.77934423764236 1.6114539122209 1.73515058192424 1.39536741515622 1.5828249193728 1.38661706936546 1.0134191729594 1.66469604638405 1.46060654055327 1.76865340420045 1.5878308203537 0.910591952502728 1.6949421458412 1.80502011836506 0.97957920236513 1.18276578886434 1.58244202844799 1.12710566399619 1.63446478173137 0 1.87629425758496
1.89846185757779 1.60766862309538 1.11069775489159 1.09215134452097 0.926057214848697 1.75047852145508 1.06203836412169 1.36817408469506 1.66937531693839 1.64080494362861 1.79179851291701 1.22527411603369 1.64591578650288 1.64938143035397 1.53119149268605 1.19297634088434 1.26837225304917 1.15501681389287 1.02170768636279 1.56298974226229 1.52525249612518 1.24411821411923 1.49855999602005 1.72783328127116 1.08738444931805 1.42372108250856 1.6218733289279 1.76400348707102 1.87629425758496 0
