0 1.76991214300506 1.48916738014668 1.61578048742376 1.85482817632146 1.14036693563685 1.68443357944489 1.81030366290361 1.70732523873448 0.986412462312728 1.13271556003019 1.38917074748315 1.68641838547774 1.48901123809628 1.79193953354843 1.87665439699776 1.01441747322679 1.08339207107201 1.10140992468223 1.54516861075535 1.27755153179169 1.55105374846607 1.51495558442548 1.33411405305378 1.17107323394157 1.68449357990175 1.2780113867484 1.60827947896905 1.59417927660979 1.8221935138572
1.76991214300506 0 1.6061181880068 1.35330245853402 1.42339577991515 1.75273280125111 1.23516116547398 1.49771637958474 1.81495515676215 1.40948981442489 1.37859990494326 1.10491045308299 1.09716047649272 1.51770620560274 1.4255310613662 1.29492424079217 1.09042225242592 1.35614534700289 1.01690812362358 1.56888903141953 1.68963496247306 1.0897409140598 1.53661371255293 1.61360213719308 0.956550265196711 1.05402016919106 1.82103628851473 1.64364938787185 1.11956104706042 1.84875486325473
1.48916738014668 1.6061181880068 0 1.02180120698176 1.24335642904043 1.67044843221083 1.177038469119 1.87722812243737 1.86413763463497 1.47119397949427 1.82884193141945 1.8976325688418 1.4861371316947 1.47976880660281 1.83501335512847 1.4954273304902 1.60970963421278 1.57891036267392 1.74280171142891 1.68368606362492 1.85369537468068 1.82775018457323 1.23374744923785 1.10806841310114 1.59671059460379 1.37707181670703 1.70999165065587 1.4223333359696 1.63534999475814 1.66422377550043
1.61578048742376 1.35330245853402 1.02180120698176 0 1.21750241843984 1.29840679420158 1.91010188055225 0.958037049742416 1.34801773517393 1.62304951110855 0.955363320186734 1.48922185599804 1.87367880088277 1.81884928722866 1.59611891466193 1.21775656985119 1.25049302075058 1.80522318510339 1.89261429104954 1.65946371504106 1.27304227650166 1.28324007894844 1.43031441699713 1.45121452771127 1.02180644357577 0.939151355065405 1.15042311302386 1.03469179174863 1.60157960606739 1.15403782459907
1.85482817632146 1.42339577991515 1.24335642904043 1.21750241843984 0 1.72642929642461 1.23000948620029 1.8074647965841 1.53716749232262 1.58625500579365 1.71383322589099 1.46943224477582 1.50872707506642 1.49831380904652 1.68578920001164 1.33246889850125 1.73785290843807 1.6683068710845 1.70767580810934 1.38872944423929 1.0363656738773 1.11110646347515 1.11476684198715 0.970452379435301 1.29504205589183 1.54329003905877 1.34341214410961 1.66866440908052 1.82317264471203 1.59037514450029
1.14036693563685 1.75273280125111 1.67044843221083 1.29840679420158 1.72642929642461 0 0.92058371938765 1.37757513672113 1.81496508396231 1.38268137886189 1.14791059750132 0.914987772936001 1.59797504986636 1.76961023593321 1.01978931669146 1.35341166239232 1.47344139753841 1.2111328151077 1.09182088566013 1.50879379897378 1.61160508263856 1.20557678118348 1.7124628291931 1.64224674017169 1.33837729948573 1.45615236554295 0.941606655484065 1.22653741389513 1.14315973897465 1.57055402221158
1.68443357944489 1.23516116547398 1.177038469119 1.91010188055225 1.23000948620029 0.92058371938765 0 1.59744777576998 0.911770052742213 1.75461775949225 1.604802838061 1.62088283058256 1.04525086423382 1.59444363671355 1.85677234851755 1.28515313984826 1.34074718994088 0.91897209896706 1.22363892011344 0.993288676487282 1.23146977066062 1.55471407482401 1.04132958152331 1.29339603451081 0.930772581137717 1.17308564786799 1.32647717255168 1.64304185868241 1.72321907291189 1.23506005434319
1.81030366290361 1.49771637958474 1.87722812243737 0.958037049742416 1.8074647965841 1.37757513672113 1.59744777576998 0 1.11395471612923 1.38914635544643 1.49788299412467 1.36477633961476 1.01161607215181 1.22030969010666 1.83271040371619 0.998992879176512 1.17873169761151 1.38375464454293 1.26029999228194 1.73226015921682 1.74984389380552 1.78591379709542 1.37284663971514 1.12636899901554 1.23239418794401 1.20067423325963 1.62994736223482 1.1002533971332 1.41487233503722 1.30955952615477
1.70732523873448 1.81495515676215 1.86413763463497 1.34801773517393 1.53716749232262 1.81496508396231 0.911770052742213 1.11395471612923 0 1.54970658337697 1.09786332468502 1.86605183500797 1.39174740528688 1.46864451095462 1.69401345099322 0.983035903889686 1.35012633935548 1.04527605767362 1.24068849673495 1.19452818320133 1.0915024834685 1.72442322899587 1.13383962539956 1.77119520865381 1.5219834302552 1.3116450633388 1.72055074921809 0.99567879922688 1.67866005958058 1.43337901774794
0.986412462312728 1.40948981442489 1.47119397949427 1.62304951110855 1.58625500579365 1.38268137886189 1.75461775949225 1.38914635544643 1.54970658337697 0 1.45895845396444 1.80526862456463 1.48028272902593 1.46393143176101 1.71475544897839 1.74714327021502 1.36906071216799 1.64928194717504 0.998293386073783 1.59107010951266 1.04151396988891 1.89694891939871 1.03826301521622 1.23691316996701 1.73806136939675 1.30430538533255 1.59993230272084 1.62486995011568 1.42515447479673 1.17251616879366
1.13271556003019 1.37859990494326 1.82884193141945 0.955363320186734 1.71383322589099 1.14791059750132 1.604802838061 1.49788299412467 1.09786332468502 1.45895845396444 0 1.83620784198865 1.54355647484772 1.2562791320961 1.73996085487306 1.84574327687733 1.34124644310214 1.07090093474835 1.65085247834213 1.55715146590956 1.42100666183978 1.82751619955525 1.12272625789046 1.84618253540248 1.77898785611615 1.20291053992696 1.54620562447235 1.3810908801388 0.962274961173534 1.00140496599488
1.38917074748315 1.10491045308299 1.8976325688418 1.48922185599804 1.46943224477582 0.914987772936001 1.62088283058256 1.36477633961476 1.86605183500797 1.80526862456463 1.83620784198865 0 1.59121429128572 1.75191581435502 1.11424257070757 1.3904821802862 1.62458481593058 1.83920070366003 1.23176814289764 0.976107339607552 0.922147361095995 1.02175121451728 1.14071757602505 1.29606249392964 1.5769836618565 1.64258385123685 1.01625347323716 0.94895018520765 1.34515246702358 1.04247310338542
1.68641838547774 1.09716047649272 1.4861371316947 1.87367880088277 1.50872707506642 1.59797504986636 1.04525086423382 1.01161607215181 1.39174740528688 1.48028272902593 1.54355647484772 1.59121429128572 0 0.973380280891433 1.09720024536364 0.997788414359093 1.86055364878848 0.930448474595323 1.34987171716057 1.87463323585689 1.47764204628766 1.19514436437748 1.35544660803862 1.55788072920404 1.56951968953945 1.78358381404541 1.54231584700756 1.00096270837821 1.51472449745052 1.63212504680268
1.48901123809628 1.51770620560274 1.47976880660281 1.81884928722866 1.49831380904652 1.76961023593321 1.59444363671355 1.22030969010666 1.46864451095462 1.46393143176101 1.2562791320961 1.75191581435502 0.973380280891433 0 1.05629536509514 1.76728066778742 1.5028351363726 1.75751002598554 0.99745274358429 1.1551943551749 1.2675765263848 1.7006780677475 0.974625183735043 1.01849986054003 1.45627314085141 1.6090663857758 1.32525732717477 1.53785868664272 0.997536152135581 1.90729278908111
1.79193953354843 1.4255310613662 1.83501335512847 1.59611891466193 1.68578920001164 1.01978931669146 1.85677234851755 1.83271040371619 1.69401345099322 1.71475544897839 1.73996085487306 1.11424257070757 1.09720024536364 1.05629536509514 0 1.5203692803625 1.18703006347641 1.74380080401897 1.45975602488033 1.52827266254462 1.81727904034778 1.46891426038928 1.58963556098752 1.40306160738692 1.201000593137 1.14822670305148 1.16269454499707 1.36258808569983 1.71565848751925 0.918527079746127
1.87665439699776 1.29492424079217 1.4954273304902 1.21775656985119 1.33246889850125 1.35341166239232 1.28515313984826 0.998992879176512 0.983035903889686 1.74714327021502 1.84574327687733 1.3904821802862 0.997788414359093 1.76728066778742 1.5203692803625 0 1.19174008746631 1.75012699654326 1.59488500514999 0.992164256982505 1.45423883502372 1.07449720986187 1.12727270112373 1.10989603004418 1.13376049906947 1.13366086990573 1.49864246067591 1.44160437607206 1.53327323496342 1.71826936770231
1.01441747322679 1.09042225242592 1.60970963421278 1.25049302075058 1.73785290843807 1.47344139753841 1.34074718994088 1.17873169761151 1.35012633935548 1.36906071216799 1.34124644310214 1.62458481593058 1.86055364878848 1.5028351363726 1.18703006347641 1.19174008746631 0 1.1664357688278 1.32822834560648 1.67240547179244 0.986214593052864 0.982700161170214 1.02472499804571 1.52624041214585 1.51417303294875 1.46905894670635 1.68705896218307 1.83253829623573 1.43811330175959 1.89553164527752
1.08339207107201 1.35614534700289 1.57891036267392 1.80522318510339 1.6683068710845 1.2111328151077 0.91897209896706 1.38375464454293 1.04527605767362 1.64928194717504 1.07090093474835 1.83920070366003 0.930448474595323 1.75751002598554 1.74380080401897 1.75012699654326 1.1664357688278 0 1.08287794911303 1.41778379352763 1.88748737773858 1.35678593674675 0.917528859339654 1.52039484167472 1.70389578165486 1.14282265724614 1.67152792098932 0.979911896167323 1.26664085010998 1.54472905490547
1.10140992468223 1.01690812362358 1.74280171142891 1.89261429104954 1.70767580810934 1.09182088566013 1.22363892011344 1.26029999228194 1.24068849673495 0.998293386073783 1.65085247834213 1.23176814289764 1.34987171716057 0.99745274358429 1.45975602488033 1.59488500514999 1.32822834560648 1.08287794911303 0 1.15734128723852 1.55650006444193 1.42716946662404 1.50187081820332 1.34414767450653 1.21075854776427 1.15771159133874 1.39704000437632 1.51621209969744 0.933958043344319 1.55541738704778
1.54516861075535 1.56888903141953 1.68368606362492 1.65946371504106 1.38872944423929 1.50879379897378 0.993288676487282 1.73226015921682 1.19452818320133 1.59107010951266 1.55715146590956 0.976107339607552 1.87463323585689 1.1551943551749 1.52827266254462 0.992164256982505 1.67240547179244 1.41778379352763 1.15734128723852 0 1.82466142531484 1.06096434802748 1.24130184855312 1.44940294860862 1.8485416630283 1.08745326544158 1.46501840022393 1.30913512967527 1.34333669254556 1.84501524665393
1.27755153179169 1.68963496247306 1.85369537468068 1.27304227650166 1.0363656738773 1.61160508263856 1.23146977066062 1.74984389380552 1.0915024834685 1.04151396988891 1.42100666183978 0.922147361095995 1.47764204628766 1.2675765263848 1.81727904034778 1.45423883502372 0.986214593052864 1.88748737773858 1.55650006444193 1.82466142531484 0 0.92805113364011 1.31455420400016 1.65473096980713 0.986725265393034 1.06005348684266 1.64263618644327 1.17540415097028 1.59401534777135 1.2823962031398
1.55105374846607 1.0897409140598 1.82775018457323 1.28324007894844 1.11110646347515 1.20557678118348 1.55471407482401 1.78591379709542 1.72442322899587 1.89694891939871 1.82751619955525 1.02175121451728 1.19514436437748 1.7006780677475 1.46891426038928 1.07449720986187 0.982700161170214 1.35678593674675 1.42716946662404 1.06096434802748 0.92805113364011 0 1.49006306519732 1.58485240139998 1.73917810013518 1.18079276313074 1.85007092682645 1.56256883358583 1.02664675423875 1.38637431804091
1.51495558442548 1.53661371255293 1.23374744923785 1.43031441699713 1.11476684198715 1.7124628291931 1.04132958152331 1.37284663971514 1.13383962539956 1.03826301521622 1.12272625789046 1.14071757602505 1.35544660803862 0.974625183735043 1.58963556098752 1.12727270112373 1.02472499804571 0.917528859339654 1.50187081820332 1.24130184855312 1.31455420400016 1.49006306519732 0 1.58225649758242 1.14093165192753 1.28392650163732 1.66034852503799 1.73491433262825 1.83580490597524 0.932667605346069
1.33411405305378 1.61360213719308 1.10806841310114 1.45121452771127 0.970452379435301 1.64224674017169 1.29339603451081 1.12636899901554 1.77119520865381 1.23691316996701 1.84618253540248 1.29606249392964 1.55788072920404 1.01849986054003 1.40306160738692 1.10989603004418 1.52624041214585 1.52039484167472 1.34414767450653 1.44940294860862 1.65473096980713 1.58485240139998 1.58225649758242 0 1.65698736626655 1.119093807647 1.04538592929021 1.65036106063053 1.80020353244618 0.963504797546193
1.17107323394157 0.956550265196711 1.59671059460379 1.02180644357577 1.29504205589183 1.33837729948573 0.930772581137717 1.23239418794401 1.5219834302552 1.73806136939675 1.77898785611615 1.5769836618565 1.56951968953945 1.45627314085141 1.201000593137 1.13376049906947 1.51417303294875 1.70389578165486 1.21075854776427 1.8485416630283 0.986725265393034 1.73917810013518 1.14093165192753 1.65698736626655 0 1.19914972479455 1.38686681422405 0.976187199121341 1.05879747355357 1.16511484608054
1.68449357990175 1.05402016919106 1.37707181670703 0.939151355065405 1.54329003905877 1.45615236554295 1.17308564786799 1.20067423325963 1.3116450633388 1.30430538533255 1.20291053992696 1.64258385123685 1.78358381404541 1.6090663857758 1.14822670305148 1.13366086990573 1.46905894670635 1.14282265724614 1.15771159133874 1.08745326544158 1.06005348684266 1.18079276313074 1.28392650163732 1.119093807647 1.19914972479455 0 1.7943444091361 1.75212096236646 1.09438460646197 1.51293430384248
1.2780113867484 1.82103628851473 1.70999165065587 1.15042311302386 1.34341214410961 0.941606655484065 1.32647717255168 1.62994736223482 1.72055074921809 1.59993230272084 1.54620562447235 1.01625347323716 1.54231584700756 1.32525732717477 1.16269454499707 1.49864246067591 1.68705896218307 1.67152792098932 1.39704000437632 1.46501840022393 1.64263618644327 1.85007092682645 1.66034852503799 1.04538592929021 1.38686681422405 1.7943444091361 0 1.78960673464462 0.923509934684262 1.25313473073766
1.60827947896905 1.64364938787185 1.4223333359696 1.03469179174863 1.66866440908052 1.22653741389513 1.64304185868241 1.1002533971332 0.99567879922688 1.62486995011568 1.3810908801388 0.94895018520765 1.00096270837821 1.53785868664272 1.36258808569983 1.44160437607206 1.83253829623573 0.979911896167323 1.51621209969744 1.30913512967527 1.17540415097028 1.56256883358583 1.73491433262825 1.65036106063053 0.976187199121341 1.75212096236646 1.78960673464462 0 1.35738404630683 1.85350534599274
1.59417927660979 1.11956104706042 1.63534999475814 1.60157960606739 1.82317264471203 1.14315973897465 1.72321907291189 1.41487233503722 1.67866005958058 1.42515447479673 0.962274961173534 1.34515246702358 1.51472449745052 0.997536152135581 1.71565848751925 1.53327323496342 1.43811330175959 1.26664085010998 0.933958043344319 1.34333669254556 1.59401534777135 1.02664675423875 1.83580490597524 1.80020353244618 1.05879747355357 1.09438460646197 0.923509934684262 1.35738404630683 0 1.2463710475713
1.8221935138572 1.84875486325473 1.66422377550043 1.15403782459907 1.59037514450029 1.57055402221158 1.23506005434319 1.30955952615477 1.43337901774794 1.17251616879366 1.00140496599488 1.04247310338542 1.63212504680268 1.90729278908111 0.918527079746127 1.71826936770231 1.89553164527752 1.54472905490547 1.55541738704778 1.84501524665393 1.2823962031398 1.38637431804091 0.932667605346069 0.963504797546193 1.16511484608054 1.51293430384248 1.25313473073766 1.85350534599274 1.2463710475713 0
