0 1.67084941524081 1.0852365179453 1.48172559542581 0.98488442087546 1.72340585710481 1.09059653594159 1.24710397375748 1.37328258040361 1.73878530063666 1.01342587987892 1.04541547619738 1.16666038706899 1.63941523106769 1.74814759730361 0.963394377147779 1.7590878685005 1.57455531740561 1.16510902438313 1.60140075068921 1.38131817430258 1.80845053470694 1.93083482072689 1.19592351838946 1.64868826931342 1.43096492975019 1.35473823547363 1.50615554512478 1.89310395927168 1.30730972881429
1.67084941524081 0 1.75718803750351 1.55932392016985 1.34417088795453 1.37923368276097 1.8247808648739 1.17786253173836 1.00302033219486 1.24934369395487 1.85972587927245 1.69069454888813 1.68277559173293 1.46446433966048 1.76689048670232 1.86360056418926 1.27111791702919 1.06457531591877 1.94295235583559 1.79298497084528 1.72577753243968 1.85271321912296 1.38204123475589 1.53261903324164 1.78063912596554 1.69180971640162 1.84600064856932 1.64683840610087 1.63423100300133 1.43146677967161
1.0852365179453 1.75718803750351 0 1.2974624785129 1.29152951203287 1.60758742690086 1.27314629754983 1.87099866196513 1.31221076031215 1.63011803315021 1.69974502990954 1.34718930907547 1.65036342083476 0.957021532347426 1.17573307664134 1.76995737012476 1.32360687851906 1.62389551405795 1.90766172925942 1.74666365911253 1.64203025749885 1.84152253996581 0.986375249689445 1.55101562407799 1.09685248602182 1.1517085749656 1.82790842605755 1.72141727106646 1.15051358379424 1.51686655892991
1.48172559542581 1.55932392016985 1.2974624785129 0 1.41281921602786 1.54825131059624 1.48645652132109 1.09095617360435 1.6915857065469 1.87984007922933 1.03218771726824 1.57030551065691 1.56883913045749 1.55602880869992 1.6729371228721 1.23345617041923 1.71735348110087 1.46358656673692 1.74317923095077 1.73348186048679 1.53139366279356 1.09236933058128 1.24718998232856 1.10477415262721 1.87036611442454 1.15657298080623 1.02903035609052 1.09612127579749 1.83836126094684 1.36905788164586
0.98488442087546 1.34417088795453 1.29152951203287 1.41281921602786 0 1.32604522467591 1.89841212681495 1.50771158607677 1.70351639366709 1.27937321458012 1.67802410316654 1.71956714545377 1.61658836714923 1.11840329365805 1.23922271933407 1.2062935938593 1.54335739417002 1.6815716130659 1.82546476088464 1.10334222670645 1.74709150008857 1.61380317714065 1.56041320855729 1.74495404516347 1.05843375017866 1.15511797205545 1.18880018149503 1.72331191389821 1.85478270309977 1.65361125860363
1.72340585710481 1.37923368276097 1.60758742690086 1.54825131059624 1.32604522467591 0 1.66321792942472 1.24660105165094 1.45784693653695 1.06677814084105 0.969466022215784 1.82345617865212 1.22090690489858 1.28666583471932 1.12457050126977 1.25862925127149 1.29029909335077 1.81696475227363 0.989714609924704 1.64610447268933 1.69312408124097 1.81991888745688 1.78417185437866 1.33167967922054 1.15544172748923 1.26284435531124 1.34666722151451 1.15143939643167 1.37964243488386 1.36498725228012
1.09059653594159 1.8247808648739 1.27314629754983 1.48645652132109 1.89841212681495 1.66321792942472 0 1.53561223158613 1.50770343909971 1.85510357213207 1.38769778283313 1.74813439790159 1.34732481418177 1.26914093899541 1.89429514692165 1.80464415624738 1.35811289330013 1.61008238885552 1.83534478954971 1.19614899507724 1.41761137428693 1.74414184340276 1.61519507365301 1.43528206087649 1.11842669616453 1.27816705824807 1.00198062648997 1.60164311155677 1.83916408708319 1.59927833592519
1.24710397375748 1.17786253173836 1.87099866196513 1.09095617360435 1.50771158607677 1.24660105165094 1.53561223158613 0 1.20692833606154 1.21621946548112 0.956298059551045 1.62338329595514 1.22002249327488 1.85833419533446 1.61865639383905 1.67922789789736 1.20787383266725 0.960100309923291 1.05382820591331 1.83451685076579 1.54069761768915 1.82419355586171 0.987685343250632 1.40653980872594 0.98188376869075 1.35920992633328 1.82269716449082 1.77148400899023 1.62545470357873 1.01936785667203
1.37328258040361 1.00302033219486 1.31221076031215 1.6915857065469 1.70351639366709 1.45784693653695 1.50770343909971 1.20692833606154 0 0.995064923074096 1.75970745552331 1.56746359635144 1.07640222576447 1.71440653502941 1.69080489128828 1.71849945071153 1.48661310295574 1.37281033652835 1.56074774079025 1.47718501300551 1.2543917845469 1.205224447418 1.23788127978332 1.51857485854998 1.58107912284322 1.81208849931136 1.93733082851395 1.66315504978411 1.73490318702534 1.11068357853219
1.73878530063666 1.24934369395487 1.63011803315021 1.87984007922933 1.27937321458012 1.06677814084105 1.85510357213207 1.21621946548112 0.995064923074096 0 1.81730957259424 1.3374389805831 1.15648727305233 1.52330709854141 1.68705937289633 1.93726433231495 1.25167993316427 1.8816525475122 1.79138674819842 1.70811984455213 0.963029543636367 1.26122833346017 1.30069429217838 1.10905519104563 1.21849427116103 1.76554804714397 1.19646639726125 1.4156990617048 1.19768754998222 1.74200200918131
1.01342587987892 1.85972587927245 1.69974502990954 1.03218771726824 1.67802410316654 0.969466022215784 1.38769778283313 0.956298059551045 1.75970745552331 1.81730957259424 0 1.50198447005823 1.06461405055597 1.34459104924463 1.42932131304406 1.65759009495378 1.69334268430248 1.71467679319903 1.64598734700121 1.27589016687125 1.25738062337041 1.64727772492915 1.3774222205393 1.0251777714584 1.7811647367198 1.09575963183306 1.41806953796186 0.99013688438572 1.83216467197053 1.95125512895174
1.04541547619738 1.69069454888813 1.34718930907547 1.57030551065691 1.71956714545377 1.82345617865212 1.74813439790159 1.62338329595514 1.56746359635144 1.3374389805831 1.50198447005823 0 1.62069975351915 1.81032485468313 1.79148800089024 1.61593812494539 1.6401873852592 1.16718673356809 1.53995637479238 1.29931374243461 1.580755203031 1.1876329453662 1.09167298837565 1.16181191173382 1.64227052452043 1.00580140040256 1.11854586936533 1.58057213714346 1.76985070272349 1.45718479878269
1.16666038706899 1.68277559173293 1.65036342083476 1.56883913045749 1.61658836714923 1.22090690489858 1.34732481418177 1.22002249327488 1.07640222576447 1.15648727305233 1.06461405055597 1.62069975351915 0 1.86558768549003 1.00865162210539 1.36301512899809 1.85181736340746 1.56121999723837 1.37274108990096 1.5412933351472 1.83758164499886 1.31049440498464 1.76126515562646 1.47998358798213 1.08098797756247 1.2322527221404 1.28227687161416 1.06449965341017 1.76532658562064 1.14391681039706
1.63941523106769 1.46446433966048 0.957021532347426 1.55602880869992 1.11840329365805 1.28666583471932 1.26914093899541 1.85833419533446 1.71440653502941 1.52330709854141 1.34459104924463 1.81032485468313 1.86558768549003 0 1.62429474457167 1.21241636457853 0.990972206229344 1.8780864358414 1.93645535106771 1.48453853838146 1.65323705552146 1.64724201802164 1.54166543390602 1.73821489396505 1.62818282237276 1.70078811841086 1.40006354916841 1.88476150017232 1.44118168461137 1.72940957546234
1.74814759730361 1.76689048670232 1.17573307664134 1.6729371228721 1.23922271933407 1.12457050126977 1.89429514692165 1.61865639383905 1.69080489128828 1.68705937289633 1.42932131304406 1.79148800089024 1.00865162210539 1.62429474457167 0 1.93497734214179 1.79955572984181 1.10621720436029 0.991255373461172 1.06491036410443 1.24728589202277 1.66025307588279 1.61973362858407 1.33691481873393 1.35987565224059 1.79464286589064 1.82954567391425 1.8934077413287 1.85293503617868 1.08161744358949
0.963394377147779 1.86360056418926 1.76995737012476 1.23345617041923 1.2062935938593 1.25862925127149 1.80464415624738 1.67922789789736 1.71849945071153 1.93726433231495 1.65759009495378 1.61593812494539 1.36301512899809 1.21241636457853 1.93497734214179 0 1.6281503692735 1.49067299603485 1.65703697944991 1.77228149166331 0.974234788678586 1.60291475895792 1.59827407100238 1.48019456560723 1.21819614991546 1.55678359954618 1.27074332837947 1.90976233663969 1.26574756205082 1.67432946106419
1.7590878685005 1.27111791702919 1.32360687851906 1.71735348110087 1.54335739417002 1.29029909335077 1.35811289330013 1.20787383266725 1.48661310295574 1.25167993316427 1.69334268430248 1.6401873852592 1.85181736340746 0.990972206229344 1.79955572984181 1.6281503692735 0 1.25214107474312 1.54067266825587 1.4067995599471 1.15042932867073 1.50448118220083 1.06543799908832 1.13215710199438 1.31288103549741 1.19722129125148 1.06387608102523 1.54810963058844 1.38973029470071 1.36546557722613
1.57455531740561 1.06457531591877 1.62389551405795 1.46358656673692 1.6815716130659 1.81696475227363 1.61008238885552 0.960100309923291 1.37281033652835 1.8816525475122 1.71467679319903 1.16718673356809 1.56121999723837 1.8780864358414 1.10621720436029 1.49067299603485 1.25214107474312 0 1.75527940341271 1.71119473665021 1.1690137363039 1.24509493052028 1.74866293370724 1.72998237493448 1.1957897641696 1.14912801794708 1.45305108930916 1.22434404375963 1.49029424367473 1.169886758551
1.16510902438313 1.94295235583559 1.90766172925942 1.74317923095077 1.82546476088464 0.989714609924704 1.83534478954971 1.05382820591331 1.56074774079025 1.79138674819842 1.64598734700121 1.53995637479238 1.37274108990096 1.93645535106771 0.991255373461172 1.65703697944991 1.54067266825587 1.75527940341271 0 1.70183766051196 0.987477062968537 1.87382992915809 1.43552317470312 1.70884071732871 1.6265430774074 1.13309289095923 1.64887410402298 1.91058393684216 1.62814525002614 1.44824221357703
1.60140075068921 1.79298497084528 1.74666365911253 1.73348186048679 1.10334222670645 1.64610447268933 1.19614899507724 1.83451685076579 1.47718501300551 1.70811984455213 1.27589016687125 1.29931374243461 1.5412933351472 1.48453853838146 1.06491036410443 1.77228149166331 1.4067995599471 1.71119473665021 1.70183766051196 0 1.46999654942192 1.30580570665188 1.37052000174299 1.8486333177425 0.976076332619414 1.54391581076197 1.90056417020969 1.24411304364912 1.26875635492615 1.76587610272691
1.38131817430258 1.72577753243968 1.64203025749885 1.53139366279356 1.74709150008857 1.69312408124097 1.41761137428693 1.54069761768915 1.2543917845469 0.963029543636367 1.25738062337041 1.580755203031 1.83758164499886 1.65323705552146 1.24728589202277 0.974234788678586 1.15042932867073 1.1690137363039 0.987477062968537 1.46999654942192 0 1.15750009356998 1.38669135887176 1.36836927011609 1.4303096702788 1.67358020925894 1.27158497320488 1.18675102805719 1.23025448294356 1.74815328465775
1.80845053470694 1.85271321912296 1.84152253996581 1.09236933058128 1.61380317714065 1.81991888745688 1.74414184340276 1.82419355586171 1.205224447418 1.26122833346017 1.64727772492915 1.1876329453662 1.31049440498464 1.64724201802164 1.66025307588279 1.60291475895792 1.50448118220083 1.24509493052028 1.87382992915809 1.30580570665188 1.15750009356998 0 1.61257537081838 1.44477376108989 1.83018933888525 1.66166025307029 1.59872280131094 1.68513436382636 1.31064416072331 1.8516889445018
1.93083482072689 1.38204123475589 0.986375249689445 1.24718998232856 1.56041320855729 1.78417185437866 1.61519507365301 0.987685343250632 1.23788127978332 1.30069429217838 1.3774222205393 1.09167298837565 1.76126515562646 1.54166543390602 1.61973362858407 1.59827407100238 1.06543799908832 1.74866293370724 1.43552317470312 1.37052000174299 1.38669135887176 1.61257537081838 0 1.24884438817389 1.50386936636642 1.0016616161447 1.21838823123835 1.8019327216316 1.66884332033806 1.15454875980504
1.19592351838946 1.53261903324164 1.55101562407799 1.10477415262721 1.74495404516347 1.33167967922054 1.43528206087649 1.40653980872594 1.51857485854998 1.10905519104563 1.0251777714584 1.16181191173382 1.47998358798213 1.73821489396505 1.33691481873393 1.48019456560723 1.13215710199438 1.72998237493448 1.70884071732871 1.8486333177425 1.36836927011609 1.44477376108989 1.24884438817389 0 1.48296542908065 1.37482569785789 1.53927089856006 1.51290530222468 1.48539447085932 1.02032307162881
1.64868826931342 1.78063912596554 1.09685248602182 1.87036611442454 1.05843375017866 1.15544172748923 1.11842669616453 0.98188376869075 1.58107912284322 1.21849427116103 1.7811647367198 1.64227052452043 1.08098797756247 1.62818282237276 1.35987565224059 1.21819614991546 1.31288103549741 1.1957897641696 1.6265430774074 0.976076332619414 1.4303096702788 1.83018933888525 1.50386936636642 1.48296542908065 0 1.61159286880866 1.54687524517067 0.999510779511184 1.14944455586374 1.18330999813043
1.43096492975019 1.69180971640162 1.1517085749656 1.15657298080623 1.15511797205545 1.26284435531124 1.27816705824807 1.35920992633328 1.81208849931136 1.76554804714397 1.09575963183306 1.00580140040256 1.2322527221404 1.70078811841086 1.79464286589064 1.55678359954618 1.19722129125148 1.14912801794708 1.13309289095923 1.54391581076197 1.67358020925894 1.66166025307029 1.0016616161447 1.37482569785789 1.61159286880866 0 1.64586960617453 1.77513116388582 1.56411127559841 1.66755681554787
1.35473823547363 1.84600064856932 1.82790842605755 1.02903035609052 1.18880018149503 1.34666722151451 1.00198062648997 1.82269716449082 1.93733082851395 1.19646639726125 1.41806953796186 1.11854586936533 1.28227687161416 1.40006354916841 1.82954567391425 1.27074332837947 1.06387608102523 1.45305108930916 1.64887410402298 1.90056417020969 1.27158497320488 1.59872280131094 1.21838823123835 1.53927089856006 1.54687524517067 1.64586960617453 0 1.1401861498598 1.1734088070225 1.79519423958845
1.50615554512478 1.64683840610087 1.72141727106646 1.09612127579749 1.72331191389821 1.15143939643167 1.60164311155677 1.77148400899023 1.66315504978411 1.4156990617048 0.99013688438572 1.58057213714346 1.06449965341017 1.88476150017232 1.8934077413287 1.90976233663969 1.54810963058844 1.22434404375963 1.91058393684216 1.24411304364912 1.18675102805719 1.68513436382636 1.8019327216316 1.51290530222468 0.999510779511184 1.77513116388582 1.1401861498598 0 1.20001280028373 1.93048729724251
1.89310395927168 1.63423100300133 1.15051358379424 1.83836126094684 1.85478270309977 1.37964243488386 1.83916408708319 1.62545470357873 1.73490318702534 1.19768754998222 1.83216467197053 1.76985070272349 1.76532658562064 1.44118168461137 1.85293503617868 1.26574756205082 1.38973029470071 1.49029424367473 1.62814525002614 1.26875635492615 1.23025448294356 1.31064416072331 1.66884332033806 1.48539447085932 1.14944455586374 1.56411127559841 1.1734088070225 1.20001280028373 0 1.95108585827984
1.30730972881429 1.43146677967161 1.51686655892991 1.36905788164586 1.65361125860363 1.36498725228012 1.59927833592519 1.01936785667203 1.11068357853219 1.74200200918131 1.95125512895174 1.45718479878269 1.14391681039706 1.72940957546234 1.08161744358949 1.67432946106419 1.36546557722613 1.169886758551 1.44824221357703 1.76587610272691 1.74815328465775 1.8516889445018 1.15454875980504 1.02032307162881 1.18330999813043 1.66755681554787 1.79519423958845 1.93048729724251 1.95108585827984 0
