0 1.44312572921626 1.60665266425349 0.945308335358277 1.7061070704367 1.08420228864998 1.02893105265684 1.90054726856761 1.62778729596175 1.38349902583286 1.05924383993261 1.70680774305947 1.32923130737618 1.73462244844995 1.74171192455105 1.54959272919223 1.74423312046565 1.1771836464759 1.32262445334345 0.992123015457764 0.985548716736957 1.85763595765457 1.07596804364584 1.40254759811796 1.93573608412407 1.18085625581443 1.62918702280149 1.01345768664032 1.92379694920965 1.88188252551481
1.44312572921626 0 1.89726004377007 1.1090959396679 1.27804848295636 1.89090790273622 1.01384135335684 1.30876160901971 1.0995189466048 0.970111970091239 0.994497019797564 1.80601022811607 1.39185425150208 1.41395019623451 1.93607679801062 1.30947382841259 1.6570986865554 1.41297418554313 1.24006288568489 1.02530199801549 1.63573801494204 1.08827956276946 1.68882989208214 1.54873288585804 1.06882852339186 1.91871365322731 1.4398769477848 1.73079019482248 1.68652692949399 1.06404397869483
1.60665266425349 1.89726004377007 0 1.08864117204212 1.63241273653693 1.00281055271626 1.58431404898874 1.3502083090134 1.50776630267501 0.978049255674705 1.08373352163471 1.44460583501495 1.49219694454223 1.77303321589716 1.29796988121234 1.34589509223588 1.30991240148433 1.68615556904115 1.43383451853879 1.76755872531794 1.75132590089925 1.15298919123597 1.36718033649959 1.11992174899206 1.23567845439538 1.93594150221907 1.77984240674414 1.73307507997379 1.63370805070736 1.64245018362999
0.945308335358277 1.1090959396679 1.08864117204212 0 1.74903058586642 1.76763093355112 1.51011683070101 1.41581836552359 0.984997103456408 1.80972626013681 1.01163639058359 1.4550877220463 1.52726911986247 1.70705544087104 1.83734575170092 1.94219186436385 1.9027610430494 1.04527186043561 1.39229533425532 1.29213475063443 1.19175724242814 1.65077142068185 1.82957649347372 1.79603076167405 1.15113111934625 1.01871813111939 1.4063269100152 1.37641413253732 1.09995148191229 1.73987576155923
1.7061070704367 1.27804848295636 1.63241273653693 1.74903058586642 0 1.66667444352061 1.03115484211594 1.48000988410786 1.71748448186554 1.81578791863285 1.88661682861857 1.82456941017881 1.49169836565852 1.55513824289665 1.80618971749209 1.65993800014257 1.58208209834993 1.73541518510319 1.42494836379774 1.72295884555206 1.43731358507648 1.66273170453496 1.64656964875758 1.41992266126908 1.23921970534138 1.16698711528443 1.75588407437317 1.24529545451514 1.90724870166741 1.887196931988
1.08420228864998 1.89090790273622 1.00281055271626 1.76763093355112 1.66667444352061 0 1.89480591542087 1.32577043958008 1.87920567533001 1.04367330367677 0.963973648613319 1.83624996943399 1.36576616717502 1.43600444402546 1.30289523000829 1.48074758588336 1.46100381622091 1.62403276190162 1.92680817865767 1.66898999805562 1.15604610764422 1.72430610051379 0.965391349745914 1.45065702847205 1.32891093986109 0.964791293255985 1.60506760957651 0.998357946518809 1.75958692096174 1.32043840643018
1.02893105265684 1.01384135335684 1.58431404898874 1.51011683070101 1.03115484211594 1.89480591542087 0 0.996402676682919 1.49903651466593 1.81627348205075 1.48399641527794 1.9146422969643 1.41853836784139 1.1584078182932 1.71090841642581 1.09576078061946 1.6542752396781 1.86357448017225 1.08873304631561 1.91831623786129 1.1311966557987 1.66543730744161 0.950156420702115 0.953793550143018 1.60587872122414 1.73828741209581 1.47858275449835 1.79483702988364 1.93847588612698 1.04924799338914
1.90054726856761 1.30876160901971 1.3502083090134 1.41581836552359 1.48000988410786 1.32577043958008 0.996402676682919 0 1.00564113701694 1.14576798398048 1.65596700878814 1.34391537075862 1.15547449979931 1.66379569214769 1.26839086902328 1.29856891091913 1.13097597891465 1.6096568973735 1.71712639182806 1.85543225216679 1.91882787505165 1.57105816667899 1.1165558071807 1.69897829182446 1.35866622347385 1.5235943060834 1.00602721772157 1.23810091777705 1.59838413330726 0.957407847978175
1.62778729596175 1.0995189466048 1.50776630267501 0.984997103456408 1.71748448186554 1.87920567533001 1.49903651466593 1.00564113701694 0 0.974121304228902 1.31199654517695 1.04285689466633 0.947053987765685 1.62912469008006 1.67564736120403 1.79592582560144 1.0537271280773 1.84381836722605 1.38421103847213 1.38994730054401 1.3883950766176 1.73581493436359 1.048454512842 1.70514097204432 1.14307413180359 1.49849530798383 1.5788222302217 1.72963405074552 1.41071120207198 1.8969479619991
1.38349902583286 0.970111970091239 0.978049255674705 1.80972626013681 1.81578791863285 1.04367330367677 1.81627348205075 1.14576798398048 0.974121304228902 0 1.72603034437634 1.14021586091258 1.05096792941913 1.18726643151604 1.32411584374495 1.00460327183828 1.02448663627729 1.19827237399295 1.26988109550439 1.91322897234932 1.21404551900923 1.65575021342374 1.37463486776687 1.46115672052838 1.19217519275844 1.41125441202894 1.82672703941353 1.35590289626271 1.37471656547859 1.83607104304247
1.05924383993261 0.994497019797564 1.08373352163471 1.01163639058359 1.88661682861857 0.963973648613319 1.48399641527794 1.65596700878814 1.31199654517695 1.72603034437634 0 0.982596812769771 1.85732681956142 1.1804930800572 1.13448008242995 1.19135966198519 1.83465705742128 1.62777141202241 1.49498511012644 1.06300196214579 1.6389763164334 1.48098301142454 1.2683251935523 1.39057504455559 1.82358175516129 1.86408375576138 1.90830052550882 1.60813575028442 1.53555636201054 1.47970746387728
1.70680774305947 1.80601022811607 1.44460583501495 1.4550877220463 1.82456941017881 1.83624996943399 1.9146422969643 1.34391537075862 1.04285689466633 1.14021586091258 0.982596812769771 0 1.11409524339251 1.16277752863243 1.54833279713057 1.90315940813161 1.38594439043663 1.7918596684467 1.2071489058435 1.51292159385048 1.47773705353029 1.14212183887139 1.77549034287222 1.05462535494007 1.12948461691849 1.08031086903065 0.966120532015339 1.53818150609732 1.18834066414274 1.6315410209354
1.32923130737618 1.39185425150208 1.49219694454223 1.52726911986247 1.49169836565852 1.36576616717502 1.41853836784139 1.15547449979931 0.947053987765685 1.05096792941913 1.85732681956142 1.11409524339251 0 1.014565119287 1.31134367571212 1.23871450731531 1.08670002850704 1.81408695550635 1.93320303875953 1.41289212810807 1.19741853605956 1.29911906225607 1.13999931374565 1.52696325117722 1.14918667241 1.18792106490582 1.81085499376059 0.958299556514248 1.19935753731988 1.40404453058727
1.73462244844995 1.41395019623451 1.77303321589716 1.70705544087104 1.55513824289665 1.43600444402546 1.1584078182932 1.66379569214769 1.62912469008006 1.18726643151604 1.1804930800572 1.16277752863243 1.014565119287 0 1.82504087081179 1.3362606219016 1.33844680036418 1.26345697138458 1.93854175973684 1.06576496851631 1.3851461915765 1.8199499361217 1.85249044862576 1.10924150887877 1.48953660367988 1.05383049324155 1.02623277110979 1.62499984260648 1.62991020269692 1.82574972207658
1.74171192455105 1.93607679801062 1.29796988121234 1.83734575170092 1.80618971749209 1.30289523000829 1.71090841642581 1.26839086902328 1.67564736120403 1.32411584374495 1.13448008242995 1.54833279713057 1.31134367571212 1.82504087081179 0 1.63680972554721 1.20888973376714 1.46134719788097 1.50165737909265 1.61849325173534 1.34672996052541 1.69940032623708 1.82329031638801 1.93115318613127 1.34628420206718 1.00431128102355 1.52327397465706 1.37982730078511 1.16044936515391 1.26789023820311
1.54959272919223 1.30947382841259 1.34589509223588 1.94219186436385 1.65993800014257 1.48074758588336 1.09576078061946 1.29856891091913 1.79592582560144 1.00460327183828 1.19135966198519 1.90315940813161 1.23871450731531 1.3362606219016 1.63680972554721 0 1.03310215938836 1.52366914693266 1.45199915906414 1.22071587806568 1.09745223866776 1.83795968536288 1.93287344928831 1.13563808449544 1.66408078628592 1.61272264341824 1.77417763299309 1.00838660309091 1.64438691502437 1.74744688346982
1.74423312046565 1.6570986865554 1.30991240148433 1.9027610430494 1.58208209834993 1.46100381622091 1.6542752396781 1.13097597891465 1.0537271280773 1.02448663627729 1.83465705742128 1.38594439043663 1.08670002850704 1.33844680036418 1.20888973376714 1.03310215938836 0 1.21138733928092 1.27602872764692 1.77500360272825 1.02615339541808 1.0155635967385 1.76788775459863 1.45494620641693 1.85245856991969 1.62429857882671 1.53442891570739 1.23686320707202 1.11674079392105 1.66182637098245
1.1771836464759 1.41297418554313 1.68615556904115 1.04527186043561 1.73541518510319 1.62403276190162 1.86357448017225 1.6096568973735 1.84381836722605 1.19827237399295 1.62777141202241 1.7918596684467 1.81408695550635 1.26345697138458 1.46134719788097 1.52366914693266 1.21138733928092 0 1.67324630310759 1.39643138414249 1.64624754525721 1.85192759591155 1.5615877895616 1.04871845454909 1.92386339860968 1.73896623286419 1.14790784404613 1.44545958470553 1.23946498823352 1.01707490067929
1.32262445334345 1.24006288568489 1.43383451853879 1.39229533425532 1.42494836379774 1.92680817865767 1.08873304631561 1.71712639182806 1.38421103847213 1.26988109550439 1.49498511012644 1.2071489058435 1.93320303875953 1.93854175973684 1.50165737909265 1.45199915906414 1.27602872764692 1.67324630310759 0 1.02381988684647 1.31552435224876 1.18965011253022 1.78976184409112 1.59092801553197 1.38794693420641 1.82446952559985 1.88610246195458 0.974903482245281 1.58962933020666 1.62638657703064
0.992123015457764 1.02530199801549 1.76755872531794 1.29213475063443 1.72295884555206 1.66898999805562 1.91831623786129 1.85543225216679 1.38994730054401 1.91322897234932 1.06300196214579 1.51292159385048 1.41289212810807 1.06576496851631 1.61849325173534 1.22071587806568 1.77500360272825 1.39643138414249 1.02381988684647 0 1.63436673395336 1.17488440289162 1.01457616779953 1.46807612548582 1.28796335682273 1.52490132162347 1.15558643965051 1.57550600543618 1.62984204594977 1.18577618082054
0.985548716736957 1.63573801494204 1.75132590089925 1.19175724242814 1.43731358507648 1.15604610764422 1.1311966557987 1.91882787505165 1.3883950766176 1.21404551900923 1.6389763164334 1.47773705353029 1.19741853605956 1.3851461915765 1.34672996052541 1.09745223866776 1.02615339541808 1.64624754525721 1.31552435224876 1.63436673395336 0 1.19284965633415 1.48262824350968 1.10875976458192 1.78580910083838 1.26454428164288 1.03477678378113 1.2855192120187 1.74316375469789 0.99266958492808
1.85763595765457 1.08827956276946 1.15298919123597 1.65077142068185 1.66273170453496 1.72430610051379 1.66543730744161 1.57105816667899 1.73581493436359 1.65575021342374 1.48098301142454 1.14212183887139 1.29911906225607 1.8199499361217 1.69940032623708 1.83795968536288 1.0155635967385 1.85192759591155 1.18965011253022 1.17488440289162 1.19284965633415 0 1.18581726728007 1.88001889991574 1.62795894942246 1.30483128642663 0.983436194714159 1.12326817028224 1.79020671546459 1.69291282934137
1.07596804364584 1.68882989208214 1.36718033649959 1.82957649347372 1.64656964875758 0.965391349745914 0.950156420702115 1.1165558071807 1.048454512842 1.37463486776687 1.2683251935523 1.77549034287222 1.13999931374565 1.85249044862576 1.82329031638801 1.93287344928831 1.76788775459863 1.5615877895616 1.78976184409112 1.01457616779953 1.48262824350968 1.18581726728007 0 1.07686165906489 1.59531768993475 1.72770214569755 1.41240009129979 1.83551463880576 1.45814585732296 1.38999387132935
1.40254759811796 1.54873288585804 1.11992174899206 1.79603076167405 1.41992266126908 1.45065702847205 0.953793550143018 1.69897829182446 1.70514097204432 1.46115672052838 1.39057504455559 1.05462535494007 1.52696325117722 1.10924150887877 1.93115318613127 1.13563808449544 1.45494620641693 1.04871845454909 1.59092801553197 1.46807612548582 1.10875976458192 1.88001889991574 1.07686165906489 0 1.06801360868849 1.89137703692541 1.67617526603863 1.28062621387653 1.78400156530552 1.17189765162766
1.93573608412407 1.06882852339186 1.23567845439538 1.15113111934625 1.23921970534138 1.32891093986109 1.60587872122414 1.35866622347385 1.14307413180359 1.19217519275844 1.82358175516129 1.12948461691849 1.14918667241 1.48953660367988 1.34628420206718 1.66408078628592 1.85245856991969 1.92386339860968 1.38794693420641 1.28796335682273 1.78580910083838 1.62795894942246 1.59531768993475 1.06801360868849 0 1.90424217982218 1.73119522444904 1.81519313226454 1.66052685189061 1.49564130767249
1.18085625581443 1.91871365322731 1.93594150221907 1.01871813111939 1.16698711528443 0.964791293255985 1.73828741209581 1.5235943060834 1.49849530798383 1.41125441202894 1.86408375576138 1.08031086903065 1.18792106490582 1.05383049324155 1.00431128102355 1.61272264341824 1.62429857882671 1.73896623286419 1.82446952559985 1.52490132162347 1.26454428164288 1.30483128642663 1.72770214569755 1.89137703692541 1.90424217982218 0 1.22647442109883 1.1687019104138 1.90336193097755 1.07200837461278
1.62918702280149 1.4398769477848 1.77984240674414 1.4063269100152 1.75588407437317 1.60506760957651 1.47858275449835 1.00602721772157 1.5788222302217 1.82672703941353 1.90830052550882 0.966120532015339 1.81085499376059 1.02623277110979 1.52327397465706 1.77417763299309 1.53442891570739 1.14790784404613 1.88610246195458 1.15558643965051 1.03477678378113 0.983436194714159 1.41240009129979 1.67617526603863 1.73119522444904 1.22647442109883 0 1.06263926881365 1.31207788060419 1.2279776497744
1.01345768664032 1.73079019482248 1.73307507997379 1.37641413253732 1.24529545451514 0.998357946518809 1.79483702988364 1.23810091777705 1.72963405074552 1.35590289626271 1.60813575028442 1.53818150609732 0.958299556514248 1.62499984260648 1.37982730078511 1.00838660309091 1.23686320707202 1.44545958470553 0.974903482245281 1.57550600543618 1.2855192120187 1.12326817028224 1.83551463880576 1.28062621387653 1.81519313226454 1.1687019104138 1.06263926881365 0 1.81160119199194 1.80419889534824
1.92379694920965 1.68652692949399 1.63370805070736 1.09995148191229 1.90724870166741 1.75958692096174 1.93847588612698 1.59838413330726 1.41071120207198 1.37471656547859 1.53555636201054 1.18834066414274 1.19935753731988 1.62991020269692 1.16044936515391 1.64438691502437 1.11674079392105 1.23946498823352 1.58962933020666 1.62984204594977 1.74316375469789 1.79020671546459 1.45814585732296 1.78400156530552 1.66052685189061 1.90336193097755 1.31207788060419 1.81160119199194 0 1.48676888085902
1.88188252551481 1.06404397869483 1.64245018362999 1.73987576155923 1.887196931988 1.32043840643018 1.04924799338914 0.957407847978175 1.8969479619991 1.83607104304247 1.47970746387728 1.6315410209354 1.40404453058727 1.82574972207658 1.26789023820311 1.74744688346982 1.66182637098245 1.01707490067929 1.62638657703064 1.18577618082054 0.99266958492808 1.69291282934137 1.38999387132935 1.17189765162766 1.49564130767249 1.07200837461278 1.2279776497744 1.80419889534824 1.48676888085902 0
