0 1.15589658310637 1.27025465783663 1.60325967520475 1.2399171711877 1.35751426080242 1.74293434573337 1.52126188017428 1.38846578192897 1.76884187432006 1.35419964627363 1.65492758597247 0.903139290865511 1.59352050139569 1.29755496745929 1.7875780405011 1.71539654536173 1.29959919559769 1.14252513181418 1.27272768411785 1.77596764802001 1.28283387213014 1.08574314345606 0.990331837907434 1.07537373783998 1.28933038492687 1.48578959819861 1.56550024915487 1.57243188424036 1.36180035001598
1.15589658310637 0 1.56823281478137 1.11924938904122 1.36479556490667 1.23768740333617 1.82245536707342 1.7907495314721 1.3907693841029 1.6181811245624 1.09199840156361 1.4731843334157 1.68452195217833 0.935289768036455 1.58426748239435 1.7489876463078 1.15664096199907 1.19530895818025 1.48734026635066 0.932145835598931 1.19722962495871 1.57065273704939 0.923770728521049 1.8324020197615 1.10277748201042 1.19566191406921 1.0960971605964 1.53249486605637 1.07757209893316 1.40069763665088
1.27025465783663 1.56823281478137 0 1.34175782464445 1.7303341825027 1.04679979500361 1.38157498044893 1.32943637832068 1.34621202130802 1.04552074125968 1.09040112537332 1.8292375234887 1.16485411627218 1.5352891178336 1.39935630746186 1.03892193455249 1.70986942527816 1.1708106698934 1.7004628481809 0.931995282415301 1.72004865063354 1.49900671117939 1.31095006805845 1.13457193668 1.37282713013701 1.37227631057613 1.52855639252812 1.50255640642717 0.983105559367687 1.03042451455258
1.60325967520475 1.11924938904122 1.34175782464445 0 1.04742104327306 1.21050330461003 1.32722906651907 1.56452727480792 1.7481296742335 1.11023512016982 1.63631968339905 1.51977019943297 0.994505841983482 1.25246698688716 1.27579946978949 1.07716321060434 1.68104247818701 1.82156778522767 1.39802613342181 1.38937170314603 1.32534834370017 1.6641840855591 1.68368401611224 1.05494343163446 0.967310993233696 0.973352742148563 1.3825258417055 1.13664322462864 1.75307250209153 1.67794537148438
1.2399171711877 1.36479556490667 1.7303341825027 1.04742104327306 0 1.11497558956034 1.50197619455867 1.11787154641934 1.47281127632596 1.50413975538686 1.89150591450743 1.83830307959579 1.25601171399467 1.20238263416104 1.48241573176347 0.942844291217625 1.29007439664565 1.01267769280821 1.5443001082167 1.02420685649849 1.60597310191952 1.77120435563847 1.01879455661401 1.64368744939566 1.4115461956244 1.80826984788291 1.44533643964678 1.57499696640298 1.34067193209194 1.88114588707685
1.35751426080242 1.23768740333617 1.04679979500361 1.21050330461003 1.11497558956034 0 1.69089499372058 1.89021529420279 1.33807729417458 0.937241427833214 1.34277599561028 0.959665226982906 1.0385239336174 1.65870146662928 1.82852775091305 0.949036833830178 1.53301895642653 1.44345568376593 1.47399908280931 1.52535686851479 1.62235202291049 1.45655748271383 1.62037092773244 1.30742904823273 1.18087474582717 1.87731076683849 1.14530203840695 1.08199356868863 1.22218629275449 1.50781882740557
1.74293434573337 1.82245536707342 1.38157498044893 1.32722906651907 1.50197619455867 1.69089499372058 0 1.81748166587204 1.17903001164086 1.10271415067837 1.6274800975807 1.4525508757215 1.73873078566976 1.10817375546321 1.6335956484545 1.27064583380707 1.01461645052768 1.35705527476966 1.53421507496387 1.11762121459469 1.8587119881995 1.32825477095321 1.64753193152137 1.11579789500684 1.14495421410538 0.940240267198533 1.82337567163631 1.67956946440972 1.61654624110088 1.49811117700301
1.52126188017428 1.7907495314721 1.32943637832068 1.56452727480792 1.11787154641934 1.89021529420279 1.81748166587204 0 1.66868151165545 1.71808751136996 1.55386149208061 1.82586342189461 1.25969964801334 1.52436141856015 1.13994868961163 1.50578118441626 1.30485649453476 1.04403139045462 1.06778222951107 1.07409532624297 1.69556669890881 1.57733196741901 1.41825502971187 1.00653697364032 1.67285565775819 1.59888117550872 1.14798265695572 1.64756791759282 1.26292082457803 1.4174871686846
1.38846578192897 1.3907693841029 1.34621202130802 1.7481296742335 1.47281127632596 1.33807729417458 1.17903001164086 1.66868151165545 0 0.916350152343512 1.55285301804543 1.79273921926506 1.40658652293496 1.86195924063213 1.60242909030057 1.68744131783023 1.70607370324433 1.78193987160921 1.59032380860299 1.29987204470672 1.26289676036686 1.63941559544764 1.11374119180255 1.14224007143639 0.900112474570051 1.77846688288264 1.06444861763157 1.24953575455584 1.00717740994878 1.83380138757639
1.76884187432006 1.6181811245624 1.04552074125968 1.11023512016982 1.50413975538686 0.937241427833214 1.10271415067837 1.71808751136996 0.916350152343512 0 1.56015737866983 1.5794067310635 1.80339598329738 1.65374526660889 1.64392190705985 1.47966565890238 1.69044484104961 1.31283340533264 1.11880862666294 1.13126765540801 1.54097433225252 1.19099604454823 1.16405707760714 1.21133288973942 1.60379432770424 0.981733352178708 1.79308299650438 1.07343227649108 1.22424882138148 1.86500181443989
1.35419964627363 1.09199840156361 1.09040112537332 1.63631968339905 1.89150591450743 1.34277599561028 1.6274800975807 1.55386149208061 1.55285301804543 1.56015737866983 0 1.89058023411781 1.75293052964844 1.51101669948548 1.23515991331078 1.87300839507952 1.86111089959741 1.26306375139393 1.4082928977441 0.935198632767424 1.71071675489657 1.7319092140533 1.26349667157046 1.09076278773136 1.43536833766848 1.26132718240842 0.974901943467557 1.18931119074114 1.43552936683409 1.64352093311027
1.65492758597247 1.4731843334157 1.8292375234887 1.51977019943297 1.83830307959579 0.959665226982906 1.4525508757215 1.82586342189461 1.79273921926506 1.5794067310635 1.89058023411781 0 1.03904653992504 1.38521586172283 1.27564030140638 1.03338696015999 1.78316589980386 1.87879411340691 1.24314752663486 1.89061210327782 1.4787788677495 1.70866428269073 1.84070479194634 1.12001214292832 1.83827608707361 1.5448745097965 1.78828340838663 1.13368400838226 1.65219387062825 1.0035466295667
0.903139290865511 1.68452195217833 1.16485411627218 0.994505841983482 1.25601171399467 1.0385239336174 1.73873078566976 1.25969964801334 1.40658652293496 1.80339598329738 1.75293052964844 1.03904653992504 0 1.51879592891783 1.79111482971348 0.988543540472165 1.54503079131246 0.910879240604118 0.984889590879902 1.29060174524784 1.69922669744119 1.65871178079396 1.4043003921397 1.29741913150065 1.61485938844271 1.07631035684608 1.11733597610146 1.53309656353667 0.910954175284132 1.87857647892088
1.59352050139569 0.935289768036455 1.5352891178336 1.25246698688716 1.20238263416104 1.65870146662928 1.10817375546321 1.52436141856015 1.86195924063213 1.65374526660889 1.51101669948548 1.38521586172283 1.51879592891783 0 1.28333691041917 1.46749305073172 1.07914364291355 1.20694767008536 1.03540122974664 1.01359356148168 1.51333445403725 1.06487509608269 1.39499339670874 1.76060617971234 1.26241483329795 1.76432972005568 1.60857869405299 1.23118158476427 1.71607145736925 1.54125151736662
1.29755496745929 1.58426748239435 1.39935630746186 1.27579946978949 1.48241573176347 1.82852775091305 1.6335956484545 1.13994868961163 1.60242909030057 1.64392190705985 1.23515991331078 1.27564030140638 1.79111482971348 1.28333691041917 0 1.55909434007481 1.01595079270191 1.03523625177331 0.944484974257648 1.51869135652669 1.1793908549007 1.32407310418785 1.72192489053123 0.928668249165639 1.33628398855217 1.52683596266434 1.39367092470638 1.06961576663889 1.22329060733318 1.12225578865036
1.7875780405011 1.7489876463078 1.03892193455249 1.07716321060434 0.942844291217625 0.949036833830178 1.27064583380707 1.50578118441626 1.68744131783023 1.47966565890238 1.87300839507952 1.03338696015999 0.988543540472165 1.46749305073172 1.55909434007481 0 1.39507586369291 0.920985870063305 1.12997985491529 1.77167062647641 1.84839100576937 1.77049757051282 1.87374340323731 1.65797567390837 1.21976453415118 1.68825880414806 1.26761396881193 0.947455079294741 1.45038335351273 1.67875263746828
1.71539654536173 1.15664096199907 1.70986942527816 1.68104247818701 1.29007439664565 1.53301895642653 1.01461645052768 1.30485649453476 1.70607370324433 1.69044484104961 1.86111089959741 1.78316589980386 1.54503079131246 1.07914364291355 1.01595079270191 1.39507586369291 0 1.38572263089009 1.82358983601443 1.47581685241312 1.23413780843839 1.09082046383992 1.85873460001312 1.02170110750012 1.13944483012892 1.01185017591342 1.67977588623762 1.04518251563422 1.73052582959644 1.23116981051862
1.29959919559769 1.19530895818025 1.1708106698934 1.82156778522767 1.01267769280821 1.44345568376593 1.35705527476966 1.04403139045462 1.78193987160921 1.31283340533264 1.26306375139393 1.87879411340691 0.910879240604118 1.20694767008536 1.03523625177331 0.920985870063305 1.38572263089009 0 1.36509160418063 1.52509597828612 1.04828492528759 1.39985752478242 1.42271599755622 1.25752495625056 1.87328528589569 1.81542293704115 1.04020471964031 1.75658709253184 1.14743823488243 1.24098209664226
1.14252513181418 1.48734026635066 1.7004628481809 1.39802613342181 1.5443001082167 1.47399908280931 1.53421507496387 1.06778222951107 1.59032380860299 1.11880862666294 1.4082928977441 1.24314752663486 0.984889590879902 1.03540122974664 0.944484974257648 1.12997985491529 1.82358983601443 1.36509160418063 0 1.47494368301705 1.00413806922734 1.42428156593814 1.59591358341277 1.3454623981379 1.31316474475898 1.42339400481433 1.7840822217986 0.995837265625596 1.3918639193289 1.51685280259699
1.27272768411785 0.932145835598931 0.931995282415301 1.38937170314603 1.02420685649849 1.52535686851479 1.11762121459469 1.07409532624297 1.29987204470672 1.13126765540801 0.935198632767424 1.89061210327782 1.29060174524784 1.01359356148168 1.51869135652669 1.77167062647641 1.47581685241312 1.52509597828612 1.47494368301705 0 1.46702276449651 1.40900376276113 1.60627837199718 1.10071011725813 1.41369132045656 0.911930114030838 1.65717297489755 0.977612210437655 0.950926157878712 1.50143409823067
1.77596764802001 1.19722962495871 1.72004865063354 1.32534834370017 1.60597310191952 1.62235202291049 1.8587119881995 1.69556669890881 1.26289676036686 1.54097433225252 1.71071675489657 1.4787788677495 1.69922669744119 1.51333445403725 1.1793908549007 1.84839100576937 1.23413780843839 1.04828492528759 1.00413806922734 1.46702276449651 0 1.81996471434832 1.03040215536021 1.5668703019619 1.76865333039314 1.53919186908752 1.11952884634957 1.80579093378037 1.65204155235551 1.57233919831924
1.28283387213014 1.57065273704939 1.49900671117939 1.6641840855591 1.77120435563847 1.45655748271383 1.32825477095321 1.57733196741901 1.63941559544764 1.19099604454823 1.7319092140533 1.70866428269073 1.65871178079396 1.06487509608269 1.32407310418785 1.77049757051282 1.09082046383992 1.39985752478242 1.42428156593814 1.40900376276113 1.81996471434832 0 1.76551138539799 1.02224089205265 1.22954567265697 1.23853256297298 1.36552498186938 0.999633535277098 1.79774611419998 1.06865591206588
1.08574314345606 0.923770728521049 1.31095006805845 1.68368401611224 1.01879455661401 1.62037092773244 1.64753193152137 1.41825502971187 1.11374119180255 1.16405707760714 1.26349667157046 1.84070479194634 1.4043003921397 1.39499339670874 1.72192489053123 1.87374340323731 1.85873460001312 1.42271599755622 1.59591358341277 1.60627837199718 1.03040215536021 1.76551138539799 0 0.908631291240454 0.90789636131376 1.76306536793709 1.18222404853441 1.08937015291303 1.26233313931152 1.52304478920996
0.990331837907434 1.8324020197615 1.13457193668 1.05494343163446 1.64368744939566 1.30742904823273 1.11579789500684 1.00653697364032 1.14224007143639 1.21133288973942 1.09076278773136 1.12001214292832 1.29741913150065 1.76060617971234 0.928668249165639 1.65797567390837 1.02170110750012 1.25752495625056 1.3454623981379 1.10071011725813 1.5668703019619 1.02224089205265 0.908631291240454 0 1.73369582579471 1.65342026553117 1.71785206114873 1.43514286587015 1.45188829605468 1.10176148684695
1.07537373783998 1.10277748201042 1.37282713013701 0.967310993233696 1.4115461956244 1.18087474582717 1.14495421410538 1.67285565775819 0.900112474570051 1.60379432770424 1.43536833766848 1.83827608707361 1.61485938844271 1.26241483329795 1.33628398855217 1.21976453415118 1.13944483012892 1.87328528589569 1.31316474475898 1.41369132045656 1.76865333039314 1.22954567265697 0.90789636131376 1.73369582579471 0 1.46402402804233 1.14078984828666 1.89016298251227 1.59544201125391 1.12103176023811
1.28933038492687 1.19566191406921 1.37227631057613 0.973352742148563 1.80826984788291 1.87731076683849 0.940240267198533 1.59888117550872 1.77846688288264 0.981733352178708 1.26132718240842 1.5448745097965 1.07631035684608 1.76432972005568 1.52683596266434 1.68825880414806 1.01185017591342 1.81542293704115 1.42339400481433 0.911930114030838 1.53919186908752 1.23853256297298 1.76306536793709 1.65342026553117 1.46402402804233 0 0.967497378587723 1.24804986827075 1.12607754138298 1.38249068451114
1.48578959819861 1.0960971605964 1.52855639252812 1.3825258417055 1.44533643964678 1.14530203840695 1.82337567163631 1.14798265695572 1.06444861763157 1.79308299650438 0.974901943467557 1.78828340838663 1.11733597610146 1.60857869405299 1.39367092470638 1.26761396881193 1.67977588623762 1.04020471964031 1.7840822217986 1.65717297489755 1.11952884634957 1.36552498186938 1.18222404853441 1.71785206114873 1.14078984828666 0.967497378587723 0 1.54656631173566 1.61597738019191 1.18795549939387
1.56550024915487 1.53249486605637 1.50255640642717 1.13664322462864 1.57499696640298 1.08199356868863 1.67956946440972 1.64756791759282 1.24953575455584 1.07343227649108 1.18931119074114 1.13368400838226 1.53309656353667 1.23118158476427 1.06961576663889 0.947455079294741 1.04518251563422 1.75658709253184 0.995837265625596 0.977612210437655 1.80579093378037 0.999633535277098 1.08937015291303 1.43514286587015 1.89016298251227 1.24804986827075 1.54656631173566 0 1.67432768945582 1.14745356002823
1.57243188424036 1.07757209893316 0.983105559367687 1.75307250209153 1.34067193209194 1.22218629275449 1.61654624110088 1.26292082457803 1.00717740994878 1.22424882138148 1.43552936683409 1.65219387062825 0.910954175284132 1.71607145736925 1.22329060733318 1.45038335351273 1.73052582959644 1.14743823488243 1.3918639193289 0.950926157878712 1.65204155235551 1.79774611419998 1.26233313931152 1.45188829605468 1.59544201125391 1.12607754138298 1.61597738019191 1.67432768945582 0 1.55153699475341
1.36180035001598 1.40069763665088 1.03042451455258 1.67794537148438 1.88114588707685 1.50781882740557 1.49811117700301 1.4174871686846 1.83380138757639 1.86500181443989 1.64352093311027 1.0035466295667 1.87857647892088 1.54125151736662 1.12225578865036 1.67875263746828 1.23116981051862 1.24098209664226 1.51685280259699 1.50143409823067 1.57233919831924 1.06865591206588 1.52304478920996 1.10176148684695 1.12103176023811 1.38249068451114 1.18795549939387 1.14745356002823 1.55153699475341 0
