0 1.69149043876678 1.92650032602251 1.2797752795741 1.3145324869547 1.88124452880584 1.01791701070033 1.40410700719804 1.91647985926829 1.319812128786 1.70759138907306 0.939212524797767 1.20128391124308 1.36738211428747 1.34706605412066 1.07221527746879 1.52391877840273 1.44937809370458 1.66461196052842 1.70264724479057 1.59801411046647 0.988313119625673 1.69975036173128 1.92485632072203 1.45453946851194 1.16316136717796 1.72846230259165 1.74164179270156 1.49726016959175 1.30254878569394
1.69149043876678 0 1.53695521410555 1.4330298427958 1.8221690421924 1.43454702128656 1.82981788599864 1.41851375647821 1.10929155582562 1.07592982659116 1.28826642013155 1.89403344132006 1.41247720480897 1.34957471117377 1.9088148814626 1.34536404418759 1.39933373034 1.70882257376797 1.17944364040159 1.2641747626476 1.3325112760067 1.67332532978617 1.91246927483007 1.70253401086666 1.64433826995082 1.60957464692183 1.2343210966792 1.00022924784571 1.24368003173731 1.81275598751381
1.92650032602251 1.53695521410555 0 1.30865742499009 1.29421101976186 1.4597751731053 1.64686787198298 1.85191026655957 1.59817722276784 1.71781938662753 1.61330223153345 1.80382878892124 1.33128850650974 1.24416127824225 0.954070628853515 0.949458435410634 0.986277454532683 1.01365190977231 1.41447932645679 1.4889489854686 1.45887673529796 0.938187206396833 1.10362383094616 1.00953299785033 1.35801187623292 0.996907083317637 1.71935153123923 1.81078132265247 1.61501090973616 1.5245119438041
1.2797752795741 1.4330298427958 1.30865742499009 0 1.84205498639494 1.73999411403202 1.60269586206414 1.04053087951615 1.72385654342361 0.977131488267332 1.31648753094487 1.2997254175134 1.17253022058867 1.80567086325027 1.56424682680517 1.43759020953439 1.69950672984123 1.87166046863422 1.12385882018134 1.85985967190936 1.88552616233937 1.19212305988185 1.42618963331915 1.767268094467 1.17290041781962 1.06957108923234 1.64359098835848 1.8735238823574 1.13344065076672 1.69148634187877
1.3145324869547 1.8221690421924 1.29421101976186 1.84205498639494 0 0.93859540601261 1.70680858637206 1.2296310684178 1.64776350627653 1.27238641609438 0.942316153086722 1.59513165475801 1.45080451807007 1.57621687022038 1.63129628379829 0.94300559302792 1.28276094119065 1.87526149512269 1.66879143635742 1.40433384710923 1.06899829092436 1.77489138534293 1.1471603247337 1.78272440424189 1.49287210102193 1.52600255282596 1.07528611621819 1.87798222480342 1.4693710510619 1.59739070362411
1.88124452880584 1.43454702128656 1.4597751731053 1.73999411403202 0.93859540601261 0 1.80637229699641 1.45432442403398 1.76654299977235 1.8366112834774 1.69290847377852 0.942403491120785 1.37864982755855 1.84785128501244 1.6805235305801 1.87144828983583 0.960420888615772 1.51087603671476 1.37679721252061 1.16829272662289 1.73358243983239 1.45471365610138 1.32975398842245 1.03215116634965 0.980402154149488 1.76013565785252 1.80072034616023 0.946488820714876 1.67549515957944 1.72232615109533
1.01791701070033 1.82981788599864 1.64686787198298 1.60269586206414 1.70680858637206 1.80637229699641 0 1.15749555081129 1.05417229887098 1.09130856650881 1.81537286913954 1.8343465027865 1.49797259131446 1.79441603319719 1.04799110186286 1.18912087613717 1.42597691575065 1.52685070736334 1.55877400632016 0.986229678383097 1.59532512607984 1.8807121119462 1.13252059789374 0.943425592035055 1.66292839567177 1.85289332922548 1.79318570531905 1.75290286634117 1.42942342348397 1.92575427773409
1.40410700719804 1.41851375647821 1.85191026655957 1.04053087951615 1.2296310684178 1.45432442403398 1.15749555081129 0 1.35866743000224 1.19151238282211 1.58587831701152 1.78128631552681 1.26076137996279 1.86213281890377 1.14572500484064 1.44779052166268 1.44109631027095 1.51901489659213 1.83120567421429 1.87973112892359 1.33042496489361 1.66213874192908 1.25601751403883 1.68435976421461 1.02844271203503 1.53372360533103 1.32551414868794 1.21294350665994 1.78667149855755 1.05903102480806
1.91647985926829 1.10929155582562 1.59817722276784 1.72385654342361 1.64776350627653 1.76654299977235 1.05417229887098 1.35866743000224 0 1.81584325851873 1.44927555229515 1.03697389061563 1.64189390907995 1.11919570388272 1.92109071323648 1.73143712384626 1.0706326526124 1.53465870115906 1.7999581976328 1.14651417871937 1.86555805895478 1.85134212858975 0.977726565441117 1.89178338320926 1.02930161682889 1.43528606672771 1.23318756814115 1.87261215341277 1.00653821229935 1.2319217545446
1.319812128786 1.07592982659116 1.71781938662753 0.977131488267332 1.27238641609438 1.8366112834774 1.09130856650881 1.19151238282211 1.81584325851873 0 1.66937410691753 1.05742694064975 1.44145691860467 1.0115167319309 1.04379459330812 0.998230888042599 1.7525889291428 1.09602660196833 1.70877001481131 1.11466512852348 1.62640276481397 1.10362494015135 1.05974403978325 1.79291403153911 1.6735862751957 1.84743938921019 1.42755612288602 1.22170997061767 1.92782347742468 1.03299261420034
1.70759138907306 1.28826642013155 1.61330223153345 1.31648753094487 0.942316153086722 1.69290847377852 1.81537286913954 1.58587831701152 1.44927555229515 1.66937410691753 0 1.38071122020483 1.56915029278025 1.37646529637277 1.89918341347948 1.06952603976242 1.85155354859307 1.84592378907837 1.71784310368821 1.39875994669273 1.83304599509574 1.62074585375376 1.39764319825917 1.08711469406262 1.88853572611697 1.55389544880018 1.31739393761382 1.2295302846469 1.68151090876199 1.8930149897933
0.939212524797767 1.89403344132006 1.80382878892124 1.2997254175134 1.59513165475801 0.942403491120785 1.8343465027865 1.78128631552681 1.03697389061563 1.05742694064975 1.38071122020483 0 1.46549205924384 1.43358554830775 1.36036825855263 1.86495572398417 1.31117840996012 1.08298439485952 1.23795936559327 1.36572737968527 1.32260678731836 1.2453657721635 1.30276170489378 1.89582554856315 0.98431662726216 1.43700397317298 1.1410723736044 1.49271213589236 1.02852623350918 1.18911946052685
1.20128391124308 1.41247720480897 1.33128850650974 1.17253022058867 1.45080451807007 1.37864982755855 1.49797259131446 1.26076137996279 1.64189390907995 1.44145691860467 1.56915029278025 1.46549205924384 0 1.30586096341722 1.22222152259201 1.41792475711554 1.57665930897929 1.20219025737606 1.19266828638501 1.70516183692962 1.61404692288488 1.83483174443245 0.964007329195738 1.92467298894189 1.91307188593782 1.17529968474992 0.975479903630912 1.21006095013581 1.21030365582556 1.50043908087537
1.36738211428747 1.34957471117377 1.24416127824225 1.80567086325027 1.57621687022038 1.84785128501244 1.79441603319719 1.86213281890377 1.11919570388272 1.0115167319309 1.37646529637277 1.43358554830775 1.30586096341722 0 1.19253621250391 1.65422269725241 1.81204473949037 1.51217072620057 1.49771261308342 1.12676932918839 1.10393181466497 1.44113336433657 1.32986951898783 1.86250001448207 1.1666344969999 1.02074544224888 1.7568366418127 1.68243295419961 1.55580897233449 1.55550898564979
1.34706605412066 1.9088148814626 0.954070628853515 1.56424682680517 1.63129628379829 1.6805235305801 1.04799110186286 1.14572500484064 1.92109071323648 1.04379459330812 1.89918341347948 1.36036825855263 1.22222152259201 1.19253621250391 0 1.65232136426494 1.39801125228405 1.37207487947308 1.38233522186056 1.70982020557858 1.91677437117323 1.1584095635917 1.2045189011842 1.52021190570667 1.90355965751223 1.07755899545737 1.10853613633662 1.17543745948933 1.28635619138367 1.53517204429954
1.07221527746879 1.34536404418759 0.949458435410634 1.43759020953439 0.94300559302792 1.87144828983583 1.18912087613717 1.44779052166268 1.73143712384626 0.998230888042599 1.06952603976242 1.86495572398417 1.41792475711554 1.65422269725241 1.65232136426494 0 1.13609073543921 1.46455722139217 1.30191596737131 1.23528143228032 1.55469980230555 1.31075923121534 1.71138177975081 1.82701267348602 1.56172293028794 1.43202327657491 1.48331735143438 1.91051798220724 1.8659476255998 1.58414559764788
1.52391877840273 1.39933373034 0.986277454532683 1.69950672984123 1.28276094119065 0.960420888615772 1.42597691575065 1.44109631027095 1.0706326526124 1.7525889291428 1.85155354859307 1.31117840996012 1.57665930897929 1.81204473949037 1.39801125228405 1.13609073543921 0 0.989271136233583 1.64681968116201 1.69873846671544 1.24047783249989 1.49692430812865 1.19403538946062 1.07869469700381 1.22395178605802 0.987328642979264 1.66521952557378 1.57799736270681 1.75212439079769 1.66680201375857
1.44937809370458 1.70882257376797 1.01365190977231 1.87166046863422 1.87526149512269 1.51087603671476 1.52685070736334 1.51901489659213 1.53465870115906 1.09602660196833 1.84592378907837 1.08298439485952 1.20219025737606 1.51217072620057 1.37207487947308 1.46455722139217 0.989271136233583 0 1.24432472535409 1.81291993195191 1.8142196116969 1.71944191306829 1.0588544702623 1.02278332575224 1.78893377282657 1.77171699190512 1.11187013983727 1.91948382812552 1.70700246980414 0.932062283623964
1.66461196052842 1.17944364040159 1.41447932645679 1.12385882018134 1.66879143635742 1.37679721252061 1.55877400632016 1.83120567421429 1.7999581976328 1.70877001481131 1.71784310368821 1.23795936559327 1.19266828638501 1.49771261308342 1.38233522186056 1.30191596737131 1.64681968116201 1.24432472535409 0 1.55191688216291 1.48413748340681 1.19525105622597 0.992614564951509 1.2726600964088 1.40163048612885 1.53544419049285 1.89708208013326 1.03346102824435 1.43912211083807 1.67394420318305
1.70264724479057 1.2641747626476 1.4889489854686 1.85985967190936 1.40433384710923 1.16829272662289 0.986229678383097 1.87973112892359 1.14651417871937 1.11466512852348 1.39875994669273 1.36572737968527 1.70516183692962 1.12676932918839 1.70982020557858 1.23528143228032 1.69873846671544 1.81291993195191 1.55191688216291 0 1.1856685874518 1.03941308241338 1.5281602232717 1.47075316333212 1.34224898437969 1.30053466581739 1.52389029273763 1.27253056271002 1.31439300952479 1.4206685074605
1.59801411046647 1.3325112760067 1.45887673529796 1.88552616233937 1.06899829092436 1.73358243983239 1.59532512607984 1.33042496489361 1.86555805895478 1.62640276481397 1.83304599509574 1.32260678731836 1.61404692288488 1.10393181466497 1.91677437117323 1.55469980230555 1.24047783249989 1.8142196116969 1.48413748340681 1.1856685874518 0 1.45238073542714 1.8685449345503 1.09043020196259 1.3560441066511 1.25255013746209 1.53255223622546 1.34650073386729 1.41154147009365 1.05131238582544
0.988313119625673 1.67332532978617 0.938187206396833 1.19212305988185 1.77489138534293 1.45471365610138 1.8807121119462 1.66213874192908 1.85134212858975 1.10362494015135 1.62074585375376 1.2453657721635 1.83483174443245 1.44113336433657 1.1584095635917 1.31075923121534 1.49692430812865 1.71944191306829 1.19525105622597 1.03941308241338 1.45238073542714 0 1.54304723045789 1.51431546686217 1.12493018480018 1.57527364743873 1.33673649677075 0.989534615539014 1.35351499170065 1.53473028028384
1.69975036173128 1.91246927483007 1.10362383094616 1.42618963331915 1.1471603247337 1.32975398842245 1.13252059789374 1.25601751403883 0.977726565441117 1.05974403978325 1.39764319825917 1.30276170489378 0.964007329195738 1.32986951898783 1.2045189011842 1.71138177975081 1.19403538946062 1.0588544702623 0.992614564951509 1.5281602232717 1.8685449345503 1.54304723045789 0 1.24194854288362 1.71615428687073 1.70476790447719 1.38279156386852 1.68983051343821 1.87997205695137 1.92030464066193
1.92485632072203 1.70253401086666 1.00953299785033 1.767268094467 1.78272440424189 1.03215116634965 0.943425592035055 1.68435976421461 1.89178338320926 1.79291403153911 1.08711469406262 1.89582554856315 1.92467298894189 1.86250001448207 1.52021190570667 1.82701267348602 1.07869469700381 1.02278332575224 1.2726600964088 1.47075316333212 1.09043020196259 1.51431546686217 1.24194854288362 0 1.30180183751509 1.03541610343382 1.61286928667687 1.70755079900846 1.45148024288937 1.13518531504087
1.45453946851194 1.64433826995082 1.35801187623292 1.17290041781962 1.49287210102193 0.980402154149488 1.66292839567177 1.02844271203503 1.02930161682889 1.6735862751957 1.88853572611697 0.98431662726216 1.91307188593782 1.1666344969999 1.90355965751223 1.56172293028794 1.22395178605802 1.78893377282657 1.40163048612885 1.34224898437969 1.3560441066511 1.12493018480018 1.71615428687073 1.30180183751509 0 1.5570295706857 1.21925466437824 1.53773250686936 1.14428101992235 1.89484792784788
1.16316136717796 1.60957464692183 0.996907083317637 1.06957108923234 1.52600255282596 1.76013565785252 1.85289332922548 1.53372360533103 1.43528606672771 1.84743938921019 1.55389544880018 1.43700397317298 1.17529968474992 1.02074544224888 1.07755899545737 1.43202327657491 0.987328642979264 1.77171699190512 1.53544419049285 1.30053466581739 1.25255013746209 1.57527364743873 1.70476790447719 1.03541610343382 1.5570295706857 0 1.12781789293513 1.79099461971782 1.58297695312649 1.21043804427609
1.72846230259165 1.2343210966792 1.71935153123923 1.64359098835848 1.07528611621819 1.80072034616023 1.79318570531905 1.32551414868794 1.23318756814115 1.42755612288602 1.31739393761382 1.1410723736044 0.975479903630912 1.7568366418127 1.10853613633662 1.48331735143438 1.66521952557378 1.11187013983727 1.89708208013326 1.52389029273763 1.53255223622546 1.33673649677075 1.38279156386852 1.61286928667687 1.21925466437824 1.12781789293513 0 1.53565799095668 1.24372245278209 1.09107997990213
1.74164179270156 1.00022924784571 1.81078132265247 1.8735238823574 1.87798222480342 0.946488820714876 1.75290286634117 1.21294350665994 1.87261215341277 1.22170997061767 1.2295302846469 1.49271213589236 1.21006095013581 1.68243295419961 1.17543745948933 1.91051798220724 1.57799736270681 1.91948382812552 1.03346102824435 1.27253056271002 1.34650073386729 0.989534615539014 1.68983051343821 1.70755079900846 1.53773250686936 1.79099461971782 1.53565799095668 0 1.49164186907001 1.41840755287558
1.49726016959175 1.24368003173731 1.61501090973616 1.13344065076672 1.4693710510619 1.67549515957944 1.42942342348397 1.78667149855755 1.00653821229935 1.92782347742468 1.68151090876199 1.02852623350918 1.21030365582556 1.55580897233449 1.28635619138367 1.8659476255998 1.75212439079769 1.70700246980414 1.43912211083807 1.31439300952479 1.41154147009365 1.35351499170065 1.87997205695137 1.45148024288937 1.14428101992235 1.58297695312649 1.24372245278209 1.49164186907001 0 1.32709803152829
1.30254878569394 1.81275598751381 1.5245119438041 1.69148634187877 1.59739070362411 1.72232615109533 1.92575427773409 1.05903102480806 1.2319217545446 1.03299261420034 1.8930149897933 1.18911946052685 1.50043908087537 1.55550898564979 1.53517204429954 1.58414559764788 1.66680201375857 0.932062283623964 1.67394420318305 1.4206685074605 1.05131238582544 1.53473028028384 1.92030464066193 1.13518531504087 1.89484792784788 1.21043804427609 1.09107997990213 1.41840755287558 1.32709803152829 0
