0 1.87077527632937 1.12140395562164 1.60526972613297 1.36302207363769 1.54902690602466 1.10696943220682 1.21433632075787 1.46487539238296 1.23546670447104 1.65253389184363 1.32590321428142 1.17141831596382 1.29186669550836 1.16912184446119 1.24455148773268 1.40742183593102 1.74468512972817 1.25016551744193 1.49392117839307 1.85301567427814 1.78962959442288 1.60927905910648 1.66396759566851 0.969270661706105 1.00994666456245 1.63798023737036 1.4474809570238 1.64190496737137 1.07312987651676
1.87077527632937 0 1.88226280524395 1.72253915504552 1.38555501867086 1.03210620651953 1.8444855841808 1.91998445428908 1.59583489154465 1.34664996969514 1.8429804625921 1.20892001059838 1.51279727439396 1.60516597982496 1.72499678796157 1.77885544719175 1.29910762794316 1.55442593223415 1.53117383620702 1.3055263813585 1.35041105863638 1.04100560676306 1.54768104106188 1.11687914934009 1.00367397558875 1.85849681473337 1.44463077490218 1.18083265353926 1.39196044905111 1.54049846110865
1.12140395562164 1.88226280524395 0 1.62522141472436 1.59795947815292 1.19791707745753 1.09700927371159 1.05492751672864 1.66585611482151 1.79381444700994 1.31012645666488 1.15727198496461 1.20110421255231 1.36035198695026 1.61563994991593 1.4045870017726 1.35516297607683 1.03232818213291 1.72808733745478 1.32779273018241 1.23331615445204 1.51095024892129 1.77396900113672 1.78934869123623 1.37753126746975 0.974024212686345 1.8921953025274 1.55993592506275 1.38023258908652 0.994885414140299
1.60526972613297 1.72253915504552 1.62522141472436 0 1.1620408501476 1.15078152576461 1.16502061369829 1.91253784089349 1.26521002571099 1.86564682493918 1.67613551509567 1.271872962825 1.18831679434516 1.82532939151861 1.76876522251405 1.50914503657259 1.67835743562318 1.6004835406784 1.43219630839303 1.57345975982025 1.40484537696466 1.91678657219745 1.83972765947692 1.91190660209395 1.75177766638808 1.92596684326418 1.78436352265999 1.72034269268624 1.71418373752385 1.47453328268602
1.36302207363769 1.38555501867086 1.59795947815292 1.1620408501476 0 1.28971538529731 1.57105705700815 1.44641928793862 1.20407007588074 1.61489291721955 1.85670845489949 1.12948757316917 1.20135555509478 1.40796986175701 1.27552092610858 1.78207084909081 1.05370682664216 0.988001367077231 1.02326316782273 1.6496244345326 1.51202180352993 1.85512937884778 1.45121253514662 1.31371674314141 1.53691575280391 1.3018260600511 1.64771660417318 1.58440982410684 1.55971584841609 1.89787940098904
1.54902690602466 1.03210620651953 1.19791707745753 1.15078152576461 1.28971538529731 0 1.22749608731829 1.74531406164169 1.64766264497302 1.13653071108274 1.49885486671701 0.991994484327734 1.16102121584117 1.7766511880327 1.76935499580577 1.50208918750286 1.3338214061223 1.69780463236384 1.65418210276403 1.5421983783599 1.64599544019438 1.09488680865616 1.49488725955598 1.21605079318397 1.80321821430698 1.366972142132 1.68243396910839 1.81278291065246 1.5458332314156 1.0245326475706
1.10696943220682 1.8444855841808 1.09700927371159 1.16502061369829 1.57105705700815 1.22749608731829 0 1.29677291796543 1.3160670932848 1.89842145191506 1.89962176000699 1.18662381381728 1.24573345505632 1.17993571306579 1.27110997983254 1.599452808965 1.54743167455308 1.60348156024702 1.43384604132734 1.24961095838808 1.65229790494777 1.77193041518331 0.960441202158108 1.38061308511533 1.78020491893403 1.8758805715479 1.65560807776637 1.15544632449746 1.11450324463658 1.88117361417972
1.21433632075787 1.91998445428908 1.05492751672864 1.91253784089349 1.44641928793862 1.74531406164169 1.29677291796543 0 1.83635100489482 1.22670858842321 1.79630444617942 1.17512659938075 1.75263761752285 1.70061552943662 1.82767651882023 1.23438600078225 1.3774523101747 1.12321651750244 1.69848951115273 1.19599418994039 1.47626176895574 0.967235854826868 1.12666337308474 1.21454450231977 1.66787021746859 1.58899514563382 1.35354995378293 1.50124820531346 1.6451086581219 1.63901324709877
1.46487539238296 1.59583489154465 1.66585611482151 1.26521002571099 1.20407007588074 1.64766264497302 1.3160670932848 1.83635100489482 0 1.76735344249755 1.7893160476815 1.34095551515929 1.13815630832687 1.01864389656112 1.46571324020624 1.75236740219407 1.59175788494758 1.18283943668939 1.76489607291296 1.36385951773264 1.48365332698449 1.49366112961434 1.09960224223323 1.35733910324052 1.57545292773284 1.6068423667457 1.5123083407525 1.15075752534904 1.07551611308008 1.0580150433816
1.23546670447104 1.34664996969514 1.79381444700994 1.86564682493918 1.61489291721955 1.13653071108274 1.89842145191506 1.22670858842321 1.76735344249755 0 1.45359379425645 1.52272769622505 0.945448409765959 1.54282378708012 1.67995508294553 1.74892743933015 1.48623500717804 1.37493811314926 1.61956058512442 1.51353416079655 1.79633309599012 1.55297830328345 1.62790245539509 1.20349024585448 1.83377609890886 1.74227791582234 1.66861832025461 1.49437371781096 1.33075139531866 1.66182041214779
1.65253389184363 1.8429804625921 1.31012645666488 1.67613551509567 1.85670845489949 1.49885486671701 1.89962176000699 1.79630444617942 1.7893160476815 1.45359379425645 0 1.06010481226258 1.50095031107776 0.958367924438789 1.88375227013603 1.40305921412073 1.35043961461633 1.67062266403809 1.28839407628402 1.0270040303003 1.48303180513903 1.86709549138322 1.214851425495 1.5485428199172 1.18357521225698 1.2864514735993 1.55969031853601 1.46884024702013 1.42767171631567 1.55257628927939
1.32590321428142 1.20892001059838 1.15727198496461 1.271872962825 1.12948757316917 0.991994484327734 1.18662381381728 1.17512659938075 1.34095551515929 1.52272769622505 1.06010481226258 0 1.36278280732222 1.33339683501981 1.63127846131101 0.963523425161839 1.11871338845231 1.49613607139327 1.28379076905549 1.82371192518622 1.60980901331641 1.86501334910281 1.13723480538465 1.4969671566505 1.76676990580745 1.92668876377866 1.00199091969989 1.70643165474758 1.83795302687213 1.40844575129449
1.17141831596382 1.51279727439396 1.20110421255231 1.18831679434516 1.20135555509478 1.16102121584117 1.24573345505632 1.75263761752285 1.13815630832687 0.945448409765959 1.50095031107776 1.36278280732222 0 1.06229900033213 1.10196517943405 1.38108527613804 1.44750529504381 1.72382628032938 1.37491739005782 1.2835694977548 1.64864965411834 1.87792024202645 0.989239496644586 1.91634229524061 1.28784961882047 1.46234774915501 0.944453454809263 1.38763962872326 0.990200356114656 1.1825770244468
1.29186669550836 1.60516597982496 1.36035198695026 1.82532939151861 1.40796986175701 1.7766511880327 1.17993571306579 1.70061552943662 1.01864389656112 1.54282378708012 0.958367924438789 1.33339683501981 1.06229900033213 0 1.74810293805785 1.01281604985707 1.6300469529815 1.45808741264045 1.18792585865594 1.13503979402594 1.2169621034991 1.02684108167887 1.56157244695351 1.44153055734932 1.57847031345591 1.49915692699142 1.90967154293321 1.7922643867787 1.7469887258485 1.32245300500654
1.16912184446119 1.72499678796157 1.61563994991593 1.76876522251405 1.27552092610858 1.76935499580577 1.27110997983254 1.82767651882023 1.46571324020624 1.67995508294553 1.88375227013603 1.63127846131101 1.10196517943405 1.74810293805785 0 1.79403316997923 1.54409760818817 0.948325221659616 1.72419088054448 1.73818232654594 1.02748043905012 1.7598641035147 1.3332019825466 1.72939602937549 1.89815309736878 1.53558336710557 1.00046048453078 1.56476917234249 1.40013361885212 1.55284550809301
1.24455148773268 1.77885544719175 1.4045870017726 1.50914503657259 1.78207084909081 1.50208918750286 1.599452808965 1.23438600078225 1.75236740219407 1.74892743933015 1.40305921412073 0.963523425161839 1.38108527613804 1.01281604985707 1.79403316997923 0 1.31663967785425 1.81820345344022 1.69069484714419 1.74344813078642 1.08564689359628 1.64046772033907 1.33143133413978 1.23717022524215 1.77579023991711 0.963165338616818 1.20271839038469 1.62368080741726 1.75844836677425 1.38741844031028
1.40742183593102 1.29910762794316 1.35516297607683 1.67835743562318 1.05370682664216 1.3338214061223 1.54743167455308 1.3774523101747 1.59175788494758 1.48623500717804 1.35043961461633 1.11871338845231 1.44750529504381 1.6300469529815 1.54409760818817 1.31663967785425 0 1.91165272472426 1.62691180920228 1.5942381771747 1.4894126909785 1.7603523414582 1.37302445410751 1.6809209913481 1.63534378260374 1.06228859955445 1.75386791210622 1.83636046736501 1.55505832890049 1.30868634581566
1.74468512972817 1.55442593223415 1.03232818213291 1.6004835406784 0.988001367077231 1.69780463236384 1.60348156024702 1.12321651750244 1.18283943668939 1.37493811314926 1.67062266403809 1.49613607139327 1.72382628032938 1.45808741264045 0.948325221659616 1.81820345344022 1.91165272472426 0 1.81518620066345 1.28097324585542 1.25689602224156 1.44890389614739 1.63307219929993 1.71754599292763 1.76766728027724 1.38730617146939 1.70633685984649 1.40278243273497 1.19303624285385 1.26348625845276
1.25016551744193 1.53117383620702 1.72808733745478 1.43219630839303 1.02326316782273 1.65418210276403 1.43384604132734 1.69848951115273 1.76489607291296 1.61956058512442 1.28839407628402 1.28379076905549 1.37491739005782 1.18792585865594 1.72419088054448 1.69069484714419 1.62691180920228 1.81518620066345 0 1.54656472196802 1.48122330871411 1.5889793515671 1.59814593195915 1.06614782032557 1.17220161180012 1.59055394981988 1.68700561835431 1.48070324398577 1.36170006962493 0.989454406313598
1.49392117839307 1.3055263813585 1.32779273018241 1.57345975982025 1.6496244345326 1.5421983783599 1.24961095838808 1.19599418994039 1.36385951773264 1.51353416079655 1.0270040303003 1.82371192518622 1.2835694977548 1.13503979402594 1.73818232654594 1.74344813078642 1.5942381771747 1.28097324585542 1.54656472196802 0 1.54470978677273 1.41281332354993 1.30966900661588 1.32564608613029 1.40223924024031 1.28235969413072 1.03492104704492 1.82638318883255 1.13732667383738 1.60403248830698
1.85301567427814 1.35041105863638 1.23331615445204 1.40484537696466 1.51202180352993 1.64599544019438 1.65229790494777 1.47626176895574 1.48365332698449 1.79633309599012 1.48303180513903 1.60980901331641 1.64864965411834 1.2169621034991 1.02748043905012 1.08564689359628 1.4894126909785 1.25689602224156 1.48122330871411 1.54470978677273 0 1.53707578522153 1.24709942517802 1.40408705384471 1.83987646177411 1.49920194037259 1.22316917381249 1.64250236609951 1.66837263968773 1.16737243742682
1.78962959442288 1.04100560676306 1.51095024892129 1.91678657219745 1.85512937884778 1.09488680865616 1.77193041518331 0.967235854826868 1.49366112961434 1.55297830328345 1.86709549138322 1.86501334910281 1.87792024202645 1.02684108167887 1.7598641035147 1.64046772033907 1.7603523414582 1.44890389614739 1.5889793515671 1.41281332354993 1.53707578522153 0 1.85834759660065 1.10137867089361 1.57048987341113 1.89605768932961 1.58225423330441 0.946707202587277 1.03823411767371 1.63259990862571
1.60927905910648 1.54768104106188 1.77396900113672 1.83972765947692 1.45121253514662 1.49488725955598 0.960441202158108 1.12666337308474 1.09960224223323 1.62790245539509 1.214851425495 1.13723480538465 0.989239496644586 1.56157244695351 1.3332019825466 1.33143133413978 1.37302445410751 1.63307219929993 1.59814593195915 1.30966900661588 1.24709942517802 1.85834759660065 0 1.53019443084486 1.1917194458656 1.10220695426688 1.47168836719356 1.79933879058808 1.25964860408567 1.5647938544862
1.66396759566851 1.11687914934009 1.78934869123623 1.91190660209395 1.31371674314141 1.21605079318397 1.38061308511533 1.21454450231977 1.35733910324052 1.20349024585448 1.5485428199172 1.4969671566505 1.91634229524061 1.44153055734932 1.72939602937549 1.23717022524215 1.6809209913481 1.71754599292763 1.06614782032557 1.32564608613029 1.40408705384471 1.10137867089361 1.53019443084486 0 1.16429419419728 1.59165706811473 1.13699886319228 1.1912428974174 1.71350756636821 1.78534422605298
0.969270661706105 1.00367397558875 1.37753126746975 1.75177766638808 1.53691575280391 1.80321821430698 1.78020491893403 1.66787021746859 1.57545292773284 1.83377609890886 1.18357521225698 1.76676990580745 1.28784961882047 1.57847031345591 1.89815309736878 1.77579023991711 1.63534378260374 1.76766728027724 1.17220161180012 1.40223924024031 1.83987646177411 1.57048987341113 1.1917194458656 1.16429419419728 0 1.60208366112784 1.65639187442139 1.66929165902548 1.14538743090816 1.86207111459225
1.00994666456245 1.85849681473337 0.974024212686345 1.92596684326418 1.3018260600511 1.366972142132 1.8758805715479 1.58899514563382 1.6068423667457 1.74227791582234 1.2864514735993 1.92668876377866 1.46234774915501 1.49915692699142 1.53558336710557 0.963165338616818 1.06228859955445 1.38730617146939 1.59055394981988 1.28235969413072 1.49920194037259 1.89605768932961 1.10220695426688 1.59165706811473 1.60208366112784 0 1.44158575194888 1.19328711484559 1.0027961442247 1.4094585289713
1.63798023737036 1.44463077490218 1.8921953025274 1.78436352265999 1.64771660417318 1.68243396910839 1.65560807776637 1.35354995378293 1.5123083407525 1.66861832025461 1.55969031853601 1.00199091969989 0.944453454809263 1.90967154293321 1.00046048453078 1.20271839038469 1.75386791210622 1.70633685984649 1.68700561835431 1.03492104704492 1.22316917381249 1.58225423330441 1.47168836719356 1.13699886319228 1.65639187442139 1.44158575194888 0 1.00619681924582 1.27877003210597 1.40565216122195
1.4474809570238 1.18083265353926 1.55993592506275 1.72034269268624 1.58440982410684 1.81278291065246 1.15544632449746 1.50124820531346 1.15075752534904 1.49437371781096 1.46884024702013 1.70643165474758 1.38763962872326 1.7922643867787 1.56476917234249 1.62368080741726 1.83636046736501 1.40278243273497 1.48070324398577 1.82638318883255 1.64250236609951 0.946707202587277 1.79933879058808 1.1912428974174 1.66929165902548 1.19328711484559 1.00619681924582 0 1.13556068576872 1.5326336203143
1.64190496737137 1.39196044905111 1.38023258908652 1.71418373752385 1.55971584841609 1.5458332314156 1.11450324463658 1.6451086581219 1.07551611308008 1.33075139531866 1.42767171631567 1.83795302687213 0.990200356114656 1.7469887258485 1.40013361885212 1.75844836677425 1.55505832890049 1.19303624285385 1.36170006962493 1.13732667383738 1.66837263968773 1.03823411767371 1.25964860408567 1.71350756636821 1.14538743090816 1.0027961442247 1.27877003210597 1.13556068576872 0 1.83128317445517
1.07312987651676 1.54049846110865 0.994885414140299 1.47453328268602 1.89787940098904 1.0245326475706 1.88117361417972 1.63901324709877 1.0580150433816 1.66182041214779 1.55257628927939 1.40844575129449 1.1825770244468 1.32245300500654 1.55284550809301 1.38741844031028 1.30868634581566 1.26348625845276 0.989454406313598 1.60403248830698 1.16737243742682 1.63259990862571 1.5647938544862 1.78534422605298 1.86207111459225 1.4094585289713 1.40565216122195 1.5326336203143 1.83128317445517 0
