0 1.5446415299084 1.32115157344379 1.69535399414599 1.57186831976287 1.04207295342349 1.70461439737119 1.69847421138547 1.01424809545279 0.996164629468694 1.78649045480415 0.931596273556352 1.21145287738182 1.01520637236536 1.09843816235662 0.988978445529938 0.996325449785218 1.08765652310103 1.10771079873666 1.38145980564877 1.38042848836631 1.66328202118166 1.03731507156044 1.88756771548651 1.2697309514042 1.33935773558915 1.22839915077202 1.01765625085682 1.27953429659829 1.15179860522039
1.5446415299084 0 1.84278185921721 1.53981598513201 1.52890095789917 0.974880539113656 1.28003052342683 1.43770953617059 1.49755686544813 1.86670359992422 0.998170234495774 1.13221505866386 1.02557054278441 1.62273869034834 1.75424088886939 1.03671468771063 1.71832710318267 1.02625491656363 1.61502692499198 1.59284492419101 1.80271837557666 1.07178184157237 1.79677466070279 1.72840340528637 1.89875111728907 1.74517036648467 0.996724945027381 1.10436078044586 1.09274344122969 1.01434833928943
1.32115157344379 1.84278185921721 0 1.78274841071106 1.68897321284749 1.1794489196036 1.90357064059936 1.73748621530831 1.70346447569318 1.48277994827367 1.6416315829847 1.72371718497016 1.20049786381423 1.7389560372103 1.48962096357718 1.36188460933045 1.270480342675 1.57912691752426 1.02789872116409 1.84715093299747 1.32074997434393 1.16306390287355 1.46160781034268 0.948119073873386 1.46612274297513 1.50055690971203 1.77645344357006 0.95767041365616 1.19915987737477 1.02915213047527
1.69535399414599 1.53981598513201 1.78274841071106 0 1.28896822594106 1.72720938082784 1.55863336683251 1.29191785142757 1.08639483479783 1.10748753463849 1.40993239381351 0.996860903920606 1.80462473258376 1.0460681070108 1.35993985179812 1.20707448478788 0.942423972534016 1.07863080548123 1.45885526412167 1.03738225274719 1.55885808262974 1.55994648090564 1.87653391365893 1.36338272783905 0.971405329415575 1.48613000661135 1.60565721802413 1.25700222933665 1.50972090801224 1.08089337334968
1.57186831976287 1.52890095789917 1.68897321284749 1.28896822594106 0 0.958567257737741 1.68241483345628 1.00499118189327 1.54392152419314 1.22243689140305 1.01347696455196 1.15940715488978 1.03257220773958 1.59088223613799 1.47362480172887 1.30629883334041 1.35947762965225 1.02973748720251 1.00388197647408 1.0607591306325 1.81971252942458 1.75330742471851 0.973630210151896 1.84039801056497 1.20445059845224 1.03990119346417 1.61888358765282 1.44116286770441 1.84436981356703 1.51223008707166
1.04207295342349 0.974880539113656 1.1794489196036 1.72720938082784 0.958567257737741 0 1.0952598345466 1.61195457540452 1.21336221392266 1.72215088456869 1.89042707998306 0.93751744995825 1.84859042265452 1.00912302476354 1.53532470669597 1.53733822912909 1.52985824900679 1.84286878770217 1.31630270462483 1.41738190152682 0.998444198863581 1.6461899203714 1.71423644362949 1.76502711512148 1.53459573024884 1.38663379428908 1.13400787394494 1.35256705246866 1.02156949415803 1.47526753484271
1.70461439737119 1.28003052342683 1.90357064059936 1.55863336683251 1.68241483345628 1.0952598345466 0 0.991673873970285 1.60151469265111 1.92541415127926 1.74353108531795 1.4669081014581 1.05197540088557 1.76718357205391 1.46748665091582 1.8710660468787 1.15059986920096 1.47487805993296 1.50655268784612 1.71404234878719 1.59851514874026 0.952722875401378 1.50209212861955 1.34865123825148 1.37826822069474 1.77921157353558 1.9167666095309 0.98571163113229 1.00543891615234 1.85444574733265
1.69847421138547 1.43770953617059 1.73748621530831 1.29191785142757 1.00499118189327 1.61195457540452 0.991673873970285 0 1.08923261496238 1.16955095902085 1.1405957962852 1.35378034040332 1.04030479188077 0.987101159989834 1.71645228448324 1.20207934943028 1.07692571147345 1.43449446745217 1.46791288768873 1.14255806826986 0.973747685318813 1.67365248734131 1.91702542616986 1.22764949104749 1.17063066945411 1.84171141171828 1.28036744706333 1.22781874705106 1.15426838281564 1.42358427052386
1.01424809545279 1.49755686544813 1.70346447569318 1.08639483479783 1.54392152419314 1.21336221392266 1.60151469265111 1.08923261496238 0 1.50906215072609 1.84107619407587 1.01845346298069 1.40850740042515 1.40986269712448 0.971074800938368 1.592469711788 1.2119187603239 1.47925175842829 1.31054573436268 1.20112813520245 1.67692668084055 1.85528133972548 1.39277711091563 1.25322367018089 1.25045837368816 1.58499457291327 1.11316624516621 1.1552147003822 1.03333588992245 1.27792948926799
0.996164629468694 1.86670359992422 1.48277994827367 1.10748753463849 1.22243689140305 1.72215088456869 1.92541415127926 1.16955095902085 1.50906215072609 0 1.90074721700512 1.6485486952588 1.8931461807806 1.41487708687782 1.73811127059162 1.11599303409457 1.41481996607035 1.50735539314337 1.44074297579937 1.06880510319024 1.89647813257761 1.48370029754005 1.76741318451241 1.43014165409841 1.27110511576757 1.35361869516782 1.91519897570834 1.50111557519995 0.988754265708849 1.7194974902086
1.78649045480415 0.998170234495774 1.6416315829847 1.40993239381351 1.01347696455196 1.89042707998306 1.74353108531795 1.1405957962852 1.84107619407587 1.90074721700512 0 1.27642279514112 1.34377052122727 1.65526279457845 1.59153245692141 1.31956090033054 1.60879873833619 1.17523675318807 1.89700907561928 1.01476140948944 1.7832010735292 1.91067942720838 1.09201804245822 1.58887891308405 1.81657982431352 1.77869471721351 1.04385394509882 1.9252860925626 1.42483716760762 1.77835195767693
0.931596273556352 1.13221505866386 1.72371718497016 0.996860903920606 1.15940715488978 0.93751744995825 1.4669081014581 1.35378034040332 1.01845346298069 1.6485486952588 1.27642279514112 0 1.8693968646694 1.50061370828189 0.943450218765065 1.25201325211674 1.69003531569615 1.71149521390907 1.29740500054322 1.34909387095831 1.7846115634311 1.53288340847939 1.53231124044396 1.21985634532757 1.63975420012139 1.35333026386797 1.91580279171467 1.45027855155058 1.80639875889756 1.27326511451975
1.21145287738182 1.02557054278441 1.20049786381423 1.80462473258376 1.03257220773958 1.84859042265452 1.05197540088557 1.04030479188077 1.40850740042515 1.8931461807806 1.34377052122727 1.8693968646694 0 0.985939193982631 1.75502690719441 1.36158663895912 1.2273168915417 0.951382366707548 1.03037569858134 1.48149849241599 1.3630751427263 1.31319570005871 1.58144027274102 1.04526967485435 1.03209834243171 1.54781655175611 1.09542296081781 1.59161379234865 1.76083028432913 1.21456382400356
1.01520637236536 1.62273869034834 1.7389560372103 1.0460681070108 1.59088223613799 1.00912302476354 1.76718357205391 0.987101159989834 1.40986269712448 1.41487708687782 1.65526279457845 1.50061370828189 0.985939193982631 0 1.39856058196165 1.18493630480953 1.91413961956277 1.60278993984684 1.39718518801965 1.30013356101699 1.82805105904117 1.43201629817486 1.2400432578288 1.09108928986825 0.963618115521967 1.18262658896856 1.92371448944323 1.05159506900236 1.57019264739938 1.27460001129657
1.09843816235662 1.75424088886939 1.48962096357718 1.35993985179812 1.47362480172887 1.53532470669597 1.46748665091582 1.71645228448324 0.971074800938368 1.73811127059162 1.59153245692141 0.943450218765065 1.75502690719441 1.39856058196165 0 0.962504802504554 0.94862369610928 1.62140280706808 1.37693307036534 1.30820481898263 1.52806416037492 1.56179578672163 1.91942986287177 1.05031317309476 1.89535423880443 1.35384216392413 1.64020309294574 1.45547070424072 1.59439686476253 1.31043549347669
0.988978445529938 1.03671468771063 1.36188460933045 1.20707448478788 1.30629883334041 1.53733822912909 1.8710660468787 1.20207934943028 1.592469711788 1.11599303409457 1.31956090033054 1.25201325211674 1.36158663895912 1.18493630480953 0.962504802504554 0 1.64497116114944 1.37793065886945 1.24473928078078 1.58043979923241 1.84386468306184 1.75362003641203 1.70875642262399 1.79126861691475 0.93434253311716 1.10220965766348 1.68342571472749 1.38966206414625 1.20025513577275 1.37009935965762
0.996325449785218 1.71832710318267 1.270480342675 0.942423972534016 1.35947762965225 1.52985824900679 1.15059986920096 1.07692571147345 1.2119187603239 1.41481996607035 1.60879873833619 1.69003531569615 1.2273168915417 1.91413961956277 0.94862369610928 1.64497116114944 0 1.70580797106959 1.24640677240677 1.10779883153737 1.90009936131537 1.86727175931446 1.57213063631207 1.1542639832478 1.88919333415106 1.88356836466119 1.58682198729366 1.25156187848188 1.549196543172 1.68276292830706
1.08765652310103 1.02625491656363 1.57912691752426 1.07863080548123 1.02973748720251 1.84286878770217 1.47487805993296 1.43449446745217 1.47925175842829 1.50735539314337 1.17523675318807 1.71149521390907 0.951382366707548 1.60278993984684 1.62140280706808 1.37793065886945 1.70580797106959 0 1.00930936052464 1.16630090167746 1.09429184533656 1.81216504378244 1.84176600119099 0.951341939391568 1.25214744103141 0.939746031071991 1.3298607042525 1.25920312665403 1.84135319897905 1.41239518346265
1.10771079873666 1.61502692499198 1.02789872116409 1.45885526412167 1.00388197647408 1.31630270462483 1.50655268784612 1.46791288768873 1.31054573436268 1.44074297579937 1.89700907561928 1.29740500054322 1.03037569858134 1.39718518801965 1.37693307036534 1.24473928078078 1.24640677240677 1.00930936052464 0 1.09027289482765 1.56736068823375 0.976142621133476 0.996943595353514 1.37035605264828 1.77305622119457 1.02319888630882 1.52179962303489 1.5223066364415 1.45500026969239 1.67771894624457
1.38145980564877 1.59284492419101 1.84715093299747 1.03738225274719 1.0607591306325 1.41738190152682 1.71404234878719 1.14255806826986 1.20112813520245 1.06880510319024 1.01476140948944 1.34909387095831 1.48149849241599 1.30013356101699 1.30820481898263 1.58043979923241 1.10779883153737 1.16630090167746 1.09027289482765 0 1.06706450879574 1.3841799821239 1.25785548309796 1.657855049707 1.90673770615831 1.3646206301637 0.977651242632419 1.41021541459486 1.2502523327712 1.53299241210334
1.38042848836631 1.80271837557666 1.32074997434393 1.55885808262974 1.81971252942458 0.998444198863581 1.59851514874026 0.973747685318813 1.67692668084055 1.89647813257761 1.7832010735292 1.7846115634311 1.3630751427263 1.82805105904117 1.52806416037492 1.84386468306184 1.90009936131537 1.09429184533656 1.56736068823375 1.06706450879574 0 1.90269314218313 1.84826198220253 1.50296868407167 1.30788157437928 1.3914256033022 1.81506992946379 1.66707136714831 1.22543602949008 1.53162351786159
1.66328202118166 1.07178184157237 1.16306390287355 1.55994648090564 1.75330742471851 1.6461899203714 0.952722875401378 1.67365248734131 1.85528133972548 1.48370029754005 1.91067942720838 1.53288340847939 1.31319570005871 1.43201629817486 1.56179578672163 1.75362003641203 1.86727175931446 1.81216504378244 0.976142621133476 1.3841799821239 1.90269314218313 0 1.66805784869939 1.27687113266438 1.03235826455057 1.00152806891128 0.964043734129518 1.32312712213024 0.963934071594849 0.968182188691571
1.03731507156044 1.79677466070279 1.46160781034268 1.87653391365893 0.973630210151896 1.71423644362949 1.50209212861955 1.91702542616986 1.39277711091563 1.76741318451241 1.09201804245822 1.53231124044396 1.58144027274102 1.2400432578288 1.91942986287177 1.70875642262399 1.57213063631207 1.84176600119099 0.996943595353514 1.25785548309796 1.84826198220253 1.66805784869939 0 1.05684990854934 1.2229382917285 1.15073554916307 1.49506257334724 1.36229710071348 1.44906126847491 1.17890750197694
1.88756771548651 1.72840340528637 0.948119073873386 1.36338272783905 1.84039801056497 1.76502711512148 1.34865123825148 1.22764949104749 1.25322367018089 1.43014165409841 1.58887891308405 1.21985634532757 1.04526967485435 1.09108928986825 1.05031317309476 1.79126861691475 1.1542639832478 0.951341939391568 1.37035605264828 1.657855049707 1.50296868407167 1.27687113266438 1.05684990854934 0 0.99223404051736 1.1508031883277 1.10634833620861 1.50641717668623 1.3875046283938 1.85740434750915
1.2697309514042 1.89875111728907 1.46612274297513 0.971405329415575 1.20445059845224 1.53459573024884 1.37826822069474 1.17063066945411 1.25045837368816 1.27110511576757 1.81657982431352 1.63975420012139 1.03209834243171 0.963618115521967 1.89535423880443 0.93434253311716 1.88919333415106 1.25214744103141 1.77305622119457 1.90673770615831 1.30788157437928 1.03235826455057 1.2229382917285 0.99223404051736 0 1.28425437700935 1.71399415377527 0.997725083958358 1.26211503567174 1.68149651074782
1.33935773558915 1.74517036648467 1.50055690971203 1.48613000661135 1.03990119346417 1.38663379428908 1.77921157353558 1.84171141171828 1.58499457291327 1.35361869516782 1.77869471721351 1.35333026386797 1.54781655175611 1.18262658896856 1.35384216392413 1.10220965766348 1.88356836466119 0.939746031071991 1.02319888630882 1.3646206301637 1.3914256033022 1.00152806891128 1.15073554916307 1.1508031883277 1.28425437700935 0 1.45475752535276 0.960825418820605 1.11313065816648 1.91077620140277
1.22839915077202 0.996724945027381 1.77645344357006 1.60565721802413 1.61888358765282 1.13400787394494 1.9167666095309 1.28036744706333 1.11316624516621 1.91519897570834 1.04385394509882 1.91580279171467 1.09542296081781 1.92371448944323 1.64020309294574 1.68342571472749 1.58682198729366 1.3298607042525 1.52179962303489 0.977651242632419 1.81506992946379 0.964043734129518 1.49506257334724 1.10634833620861 1.71399415377527 1.45475752535276 0 1.84958376386203 1.39744524052367 1.28114335052669
1.01765625085682 1.10436078044586 0.95767041365616 1.25700222933665 1.44116286770441 1.35256705246866 0.98571163113229 1.22781874705106 1.1552147003822 1.50111557519995 1.9252860925626 1.45027855155058 1.59161379234865 1.05159506900236 1.45547070424072 1.38966206414625 1.25156187848188 1.25920312665403 1.5223066364415 1.41021541459486 1.66707136714831 1.32312712213024 1.36229710071348 1.50641717668623 0.997725083958358 0.960825418820605 1.84958376386203 0 1.18405413301662 0.993844907032326
1.27953429659829 1.09274344122969 1.19915987737477 1.50972090801224 1.84436981356703 1.02156949415803 1.00543891615234 1.15426838281564 1.03333588992245 0.988754265708849 1.42483716760762 1.80639875889756 1.76083028432913 1.57019264739938 1.59439686476253 1.20025513577275 1.549196543172 1.84135319897905 1.45500026969239 1.2502523327712 1.22543602949008 0.963934071594849 1.44906126847491 1.3875046283938 1.26211503567174 1.11313065816648 1.39744524052367 1.18405413301662 0 1.1319369324483
1.15179860522039 1.01434833928943 1.02915213047527 1.08089337334968 1.51223008707166 1.47526753484271 1.85444574733265 1.42358427052386 1.27792948926799 1.7194974902086 1.77835195767693 1.27326511451975 1.21456382400356 1.27460001129657 1.31043549347669 1.37009935965762 1.68276292830706 1.41239518346265 1.67771894624457 1.53299241210334 1.53162351786159 0.968182188691571 1.17890750197694 1.85740434750915 1.68149651074782 1.91077620140277 1.28114335052669 0.993844907032326 1.1319369324483 0
