0 1.11749141453765 1.3993012115825 1.76131205749698 1.10046108718961 1.66546418680809 1.37951955385506 1.91461540712044 1.72892784350552 1.16418355563655 1.58254128764383 1.15722186351195 1.9195303786546 1.55323540745303 1.55935526406392 1.12821914092638 1.06983228749596 1.95140471728519 1.30319607676938 1.75936444872059 1.95247338432819 1.13612227840349 1.75219279853627 1.23795000137761 1.45164185808972 1.43057355377823 1.28841408155859 1.16967828734778 1.22632464254275 1.35997619549744
1.11749141453765 0 1.88130524242297 1.14884921745397 1.09283018275164 1.83202356449328 1.75345439743251 1.35108433105052 1.15011167665944 1.20382745331153 1.77620771108195 1.26394676137716 1.93977658241056 1.25983476475812 1.39253504481167 1.3938587945886 1.64339910447598 1.39372131973505 1.55610414058901 1.45689390553162 1.33129591029137 1.5369127637241 1.64652785472572 0.990621871547773 1.16166569944471 1.21903359191492 1.05542498710565 1.45740542584099 1.45927757862955 1.07502681179903
1.3993012115825 1.88130524242297 0 1.3080173402559 1.79809588496573 1.36871430161409 1.77504480676726 1.65117737348191 1.33479155949317 1.61547986720689 1.56655036145821 1.60957954032347 1.57520514167845 1.53530990984291 1.00956633826718 1.15034360089339 1.58237522980198 1.29799995268695 1.52753018192016 1.36824880959466 1.35329673648812 1.05710590141825 1.59124677744694 1.39190760278143 1.93539118091576 1.47019348153844 1.13266650843434 1.67180657992139 1.05568861588836 1.73721318435855
1.76131205749698 1.14884921745397 1.3080173402559 0 1.19684045412578 1.39205881324597 0.970381701830775 1.64027767349035 1.15067636896856 1.36174335959367 1.64663509419188 1.09271696652286 1.50908444076777 0.970517539186403 0.989498628536239 1.45417586155236 1.64760371018201 0.996857212623581 1.42705417098477 1.14242032379843 1.06315950979479 1.69222762226127 1.6487575659994 1.14924769313075 1.44763179286383 1.22230779775418 1.7859840861056 1.92724301363342 1.27574424026534 0.959450770635158
1.10046108718961 1.09283018275164 1.79809588496573 1.19684045412578 0 1.72806700249203 0.987605056958273 1.82178913848475 1.94912696210667 1.0653420756571 0.970301903085783 1.0187510997057 1.13056248938665 1.90954608190805 1.78700401098467 1.85845666867681 1.39124995423481 1.15297742700204 1.1530695031397 1.90236889198422 1.00803279224783 0.963330084923655 1.46907905093394 1.18759311479516 1.32139664399438 1.19165604934096 1.08703663642518 1.27802683855407 1.34058105479926 1.19220519461669
1.66546418680809 1.83202356449328 1.36871430161409 1.39205881324597 1.72806700249203 0 1.92899974156171 1.7029633205384 1.39702138327993 0.971765280235559 1.77226872509345 1.09583811135963 1.41240181820467 1.07138972287066 1.50190063240007 1.71809140080586 1.90322035551071 1.38728132937104 0.984763279091567 1.69107894902118 0.957127796951681 1.92969744699076 1.64552828273736 1.18137488118373 1.3144305399619 1.59982426022179 1.27715209126472 1.6371659191791 1.18052266538143 1.37671386124566
1.37951955385506 1.75345439743251 1.77504480676726 0.970381701830775 0.987605056958273 1.92899974156171 0 1.91605020873249 1.8274081137497 1.73496802663431 1.71291539818048 1.03860854031518 0.991160297533497 1.29591952939518 1.52573297102936 1.08777995640412 0.996052269823849 1.10898669599555 1.32397297606803 1.63063673558645 1.24304805905558 1.70328148594126 1.34051797655411 1.4421364357695 1.71677916776389 1.58892835653387 1.51485553779639 0.960991788655519 1.88960286951624 1.29193636355922
1.91461540712044 1.35108433105052 1.65117737348191 1.64027767349035 1.82178913848475 1.7029633205384 1.91605020873249 0 1.3864410999231 1.07390109356493 1.20826470316388 1.47517804452218 1.23639000765979 1.60851594875567 1.56997046014294 1.04793197032996 1.92639243043959 1.09055622760206 1.27893393975683 1.67498156847432 1.85176925570704 1.23903643968515 1.13181780604646 1.01252156379633 1.14546014647931 1.83134554815479 1.29144137050025 1.48846506047994 1.29867801582441 1.655229232274
1.72892784350552 1.15011167665944 1.33479155949317 1.15067636896856 1.94912696210667 1.39702138327993 1.8274081137497 1.3864410999231 0 1.52899893466383 1.09053837694228 1.35503429593518 1.45048955222592 0.993574803927913 1.26517186197452 1.6711706824135 1.93607333628461 1.24766223644838 1.20668089925312 1.06092473608442 1.83822211972438 1.52577220485546 1.3348426243756 1.02167088538408 1.58856174629182 1.32412482122891 0.968005851842463 1.63284356333315 1.61136711901054 1.15526861487888
1.16418355563655 1.20382745331153 1.61547986720689 1.36174335959367 1.0653420756571 0.971765280235559 1.73496802663431 1.07390109356493 1.52899893466383 0 1.34504622267559 1.64349787053652 0.990339593263343 1.88580931397155 1.50234809098765 1.40799199882895 1.37077033775859 1.75184515188448 1.58545107557438 1.09795098332688 0.973849372006953 1.21630867454223 1.31543188891374 1.20617193263024 1.5004033409059 1.48418717668392 1.54255936807021 1.76092418539338 1.66517961677164 1.12564290221781
1.58254128764383 1.77620771108195 1.56655036145821 1.64663509419188 0.970301903085783 1.77226872509345 1.71291539818048 1.20826470316388 1.09053837694228 1.34504622267559 0 1.06838385644369 1.12261417671107 1.7066300753504 1.52389778918587 1.71648463676684 1.85818948061205 1.86041127471253 1.92222953028977 1.40197588340379 0.954583298182115 1.11316219903529 1.38547833240591 1.79455195879564 1.2096590786241 1.3021904588677 1.5426690869499 1.17566990689375 1.62613743636757 1.30179502395913
1.15722186351195 1.26394676137716 1.60957954032347 1.09271696652286 1.0187510997057 1.09583811135963 1.03860854031518 1.47517804452218 1.35503429593518 1.64349787053652 1.06838385644369 0 1.81829825718887 1.53035805374384 1.78205638192594 1.73226986383088 1.62132683838718 1.56896181916818 1.04644825961441 1.36155479354784 1.68675220105797 1.55895462539047 1.33487459411845 1.6021244651638 1.88233535038307 1.37518158671446 1.69597126566805 1.62914846930653 1.20309168798849 1.87215503095649
1.9195303786546 1.93977658241056 1.57520514167845 1.50908444076777 1.13056248938665 1.41240181820467 0.991160297533497 1.23639000765979 1.45048955222592 0.990339593263343 1.12261417671107 1.81829825718887 0 1.39873931696638 1.83746529580094 1.4261816306971 1.89171238150448 1.32297866651788 1.13080354337581 1.68154719495215 1.36830908199772 1.33053775900044 1.03441891050898 1.00726108648814 1.84926605736837 1.91162419645116 1.93385202577338 1.15273562935181 1.10152585362084 1.30786817381158
1.55323540745303 1.25983476475812 1.53530990984291 0.970517539186403 1.90954608190805 1.07138972287066 1.29591952939518 1.60851594875567 0.993574803927913 1.88580931397155 1.7066300753504 1.53035805374384 1.39873931696638 0 1.77790338150226 1.56357385078445 1.57614855468273 1.82804511184804 1.48422101116739 1.06708264141344 1.82889100001194 1.14954739972018 1.04218977456912 1.64351627929136 1.32278834073804 1.52829919732176 1.09384289756417 1.12504863296635 1.37309882137924 1.92996830982156
1.55935526406392 1.39253504481167 1.00956633826718 0.989498628536239 1.78700401098467 1.50190063240007 1.52573297102936 1.56997046014294 1.26517186197452 1.50234809098765 1.52389778918587 1.78205638192594 1.83746529580094 1.77790338150226 0 1.48820605082437 1.05447116098367 1.25673797470517 1.30187108111568 1.33405835507438 1.91884801583365 1.75581290549599 1.47455387143418 1.37379447952844 1.41048960853368 1.7905367075 1.89614260662347 1.47304749698378 1.25729761226103 1.90916818403639
1.12821914092638 1.3938587945886 1.15034360089339 1.45417586155236 1.85845666867681 1.71809140080586 1.08777995640412 1.04793197032996 1.6711706824135 1.40799199882895 1.71648463676684 1.73226986383088 1.4261816306971 1.56357385078445 1.48820605082437 0 1.81937164254487 1.44377110013738 1.13738012197427 1.01107440982014 1.7257019886747 1.37902064062655 1.04265611595474 1.05077548022382 1.79698002338409 1.86136506707408 1.82018980290741 1.82811585906893 1.34878139663488 1.86092454078607
1.06983228749596 1.64339910447598 1.58237522980198 1.64760371018201 1.39124995423481 1.90322035551071 0.996052269823849 1.92639243043959 1.93607333628461 1.37077033775859 1.85818948061205 1.62132683838718 1.89171238150448 1.57614855468273 1.05447116098367 1.81937164254487 0 1.76200283621438 1.87876982800663 1.18412448302843 1.73145662760362 1.33512049890123 1.24899948085658 1.05364355328493 1.62394245131873 1.01977440807968 1.81179711013101 1.94586304249242 1.65497567295097 1.76166719640605
1.95140471728519 1.39372131973505 1.29799995268695 0.996857212623581 1.15297742700204 1.38728132937104 1.10898669599555 1.09055622760206 1.24766223644838 1.75184515188448 1.86041127471253 1.56896181916818 1.32297866651788 1.82804511184804 1.25673797470517 1.44377110013738 1.76200283621438 0 1.77488978439942 1.46598367788829 1.82575877988711 1.46969373011962 1.34985398617573 1.39737974246964 1.03628228767775 1.34696364589036 0.97117289621383 1.15484109823592 1.03631596267223 1.46141799888574
1.30319607676938 1.55610414058901 1.52753018192016 1.42705417098477 1.1530695031397 0.984763279091567 1.32397297606803 1.27893393975683 1.20668089925312 1.58545107557438 1.92222953028977 1.04644825961441 1.13080354337581 1.48422101116739 1.30187108111568 1.13738012197427 1.87876982800663 1.77488978439942 0 1.75513346353546 1.03542261733674 1.28458217578009 1.61963162990287 1.76619798480533 1.25703339441679 1.07387336227112 1.43881778675131 1.73367832624353 1.00622559036128 1.92310675210319
1.75936444872059 1.45689390553162 1.36824880959466 1.14242032379843 1.90236889198422 1.69107894902118 1.63063673558645 1.67498156847432 1.06092473608442 1.09795098332688 1.40197588340379 1.36155479354784 1.68154719495215 1.06708264141344 1.33405835507438 1.01107440982014 1.18412448302843 1.46598367788829 1.75513346353546 0 1.31346366135404 1.24594313302077 1.83543789526448 1.6781991305761 1.48839402431622 1.4547517222818 1.50450616469607 1.07035179878585 1.55248111509718 1.89756262092851
1.95247338432819 1.33129591029137 1.35329673648812 1.06315950979479 1.00803279224783 0.957127796951681 1.24304805905558 1.85176925570704 1.83822211972438 0.973849372006953 0.954583298182115 1.68675220105797 1.36830908199772 1.82889100001194 1.91884801583365 1.7257019886747 1.73145662760362 1.82575877988711 1.03542261733674 1.31346366135404 0 1.60087002255023 1.49091699253768 1.54954775329679 1.21807237202302 1.08280161814764 1.0050050765276 1.90369708300568 1.55532223940827 1.01855069305748
1.13612227840349 1.5369127637241 1.05710590141825 1.69222762226127 0.963330084923655 1.92969744699076 1.70328148594126 1.23903643968515 1.52577220485546 1.21630867454223 1.11316219903529 1.55895462539047 1.33053775900044 1.14954739972018 1.75581290549599 1.37902064062655 1.33512049890123 1.46969373011962 1.28458217578009 1.24594313302077 1.60087002255023 0 1.65160072827712 1.084957662737 1.90983029268682 1.44196336204186 1.74154759920202 1.2092733499594 1.72997560352087 1.19946143473499
1.75219279853627 1.64652785472572 1.59124677744694 1.6487575659994 1.46907905093394 1.64552828273736 1.34051797655411 1.13181780604646 1.3348426243756 1.31543188891374 1.38547833240591 1.33487459411845 1.03441891050898 1.04218977456912 1.47455387143418 1.04265611595474 1.24899948085658 1.34985398617573 1.61963162990287 1.83543789526448 1.49091699253768 1.65160072827712 0 1.71745340805501 1.34634661837481 1.02259888732806 1.68369316775352 1.03110953094438 1.34472208702937 1.2553407731466
1.23795000137761 0.990621871547773 1.39190760278143 1.14924769313075 1.18759311479516 1.18137488118373 1.4421364357695 1.01252156379633 1.02167088538408 1.20617193263024 1.79455195879564 1.6021244651638 1.00726108648814 1.64351627929136 1.37379447952844 1.05077548022382 1.05364355328493 1.39737974246964 1.76619798480533 1.6781991305761 1.54954775329679 1.084957662737 1.71745340805501 0 1.37867218698375 1.49542730930261 1.7611334505491 1.20403449446894 1.30571423354559 1.82295308192261
1.45164185808972 1.16166569944471 1.93539118091576 1.44763179286383 1.32139664399438 1.3144305399619 1.71677916776389 1.14546014647931 1.58856174629182 1.5004033409059 1.2096590786241 1.88233535038307 1.84926605736837 1.32278834073804 1.41048960853368 1.79698002338409 1.62394245131873 1.03628228767775 1.25703339441679 1.48839402431622 1.21807237202302 1.90983029268682 1.34634661837481 1.37867218698375 0 1.88354937708937 1.04975573602132 1.0589807506185 1.45150884031318 1.74653395987116
1.43057355377823 1.21903359191492 1.47019348153844 1.22230779775418 1.19165604934096 1.59982426022179 1.58892835653387 1.83134554815479 1.32412482122891 1.48418717668392 1.3021904588677 1.37518158671446 1.91162419645116 1.52829919732176 1.7905367075 1.86136506707408 1.01977440807968 1.34696364589036 1.07387336227112 1.4547517222818 1.08280161814764 1.44196336204186 1.02259888732806 1.49542730930261 1.88354937708937 0 1.78950832551345 0.961999076185748 1.03352434723638 1.144616718404
1.28841408155859 1.05542498710565 1.13266650843434 1.7859840861056 1.08703663642518 1.27715209126472 1.51485553779639 1.29144137050025 0.968005851842463 1.54255936807021 1.5426690869499 1.69597126566805 1.93385202577338 1.09384289756417 1.89614260662347 1.82018980290741 1.81179711013101 0.97117289621383 1.43881778675131 1.50450616469607 1.0050050765276 1.74154759920202 1.68369316775352 1.7611334505491 1.04975573602132 1.78950832551345 0 1.86566717526875 1.62899176916108 1.58661260060035
1.16967828734778 1.45740542584099 1.67180657992139 1.92724301363342 1.27802683855407 1.6371659191791 0.960991788655519 1.48846506047994 1.63284356333315 1.76092418539338 1.17566990689375 1.62914846930653 1.15273562935181 1.12504863296635 1.47304749698378 1.82811585906893 1.94586304249242 1.15484109823592 1.73367832624353 1.07035179878585 1.90369708300568 1.2092733499594 1.03110953094438 1.20403449446894 1.0589807506185 0.961999076185748 1.86566717526875 0 1.18561093043536 1.34740608441643
1.22632464254275 1.45927757862955 1.05568861588836 1.27574424026534 1.34058105479926 1.18052266538143 1.88960286951624 1.29867801582441 1.61136711901054 1.66517961677164 1.62613743636757 1.20309168798849 1.10152585362084 1.37309882137924 1.25729761226103 1.34878139663488 1.65497567295097 1.03631596267223 1.00622559036128 1.55248111509718 1.55532223940827 1.72997560352087 1.34472208702937 1.30571423354559 1.45150884031318 1.03352434723638 1.62899176916108 1.18561093043536 0 1.06710187136196
1.35997619549744 1.07502681179903 1.73721318435855 0.959450770635158 1.19220519461669 1.37671386124566 1.29193636355922 1.655229232274 1.15526861487888 1.12564290221781 1.30179502395913 1.87215503095649 1.30786817381158 1.92996830982156 1.90916818403639 1.86092454078607 1.76166719640605 1.46141799888574 1.92310675210319 1.89756262092851 1.01855069305748 1.19946143473499 1.2553407731466 1.82295308192261 1.74653395987116 1.144616718404 1.58661260060035 1.34740608441643 1.06710187136196 0
