0 1.12051070993766 1.50739573221654 1.39430222916417 1.05667387391441 1.49647898576222 1.73859942727722 1.30454818974249 1.80484429048374 1.49772031395696 1.07108129980043 0.99569282005541 1.08687118720263 1.51756416726857 1.73883393825963 1.1714958793018 1.70939422654919 1.31941014458425 1.87186592794023 1.27021271805279 1.15354625484906 1.16512604290619 1.07161906454712 1.48611471569166 1.33230296010152 1.07357861171477 1.10831178654917 1.04889483260922 1.04002966033295 1.581305810716
1.12051070993766 0 1.33051455556415 1.22920811362565 1.01692432677373 1.53851053211838 1.39367715199478 1.15643640304916 1.76926374109462 1.25838378304616 1.27684982912615 1.86127888108604 0.982810000190511 1.0181719250977 1.06965480721556 1.19879537518136 1.54643734940328 1.14509820984676 1.70862928847782 1.00440247147344 1.5160789184738 1.16586869279854 1.58363877050579 1.57106604427099 1.76968453777954 1.70100496686064 0.973716255510226 1.765588181559 1.38482694816776 0.985240782378241
1.50739573221654 1.33051455556415 0 1.7205921986606 1.6342761546839 1.50438794190995 1.8044801345095 1.53076447849162 1.80366891738959 1.70377682591788 1.01290345285088 1.74063375801779 1.17382066161372 1.14269265439361 1.27686023199931 1.11510700918734 1.33869152911939 1.07066556205973 1.32440007827245 1.49591005104594 1.42809375771321 1.11048136069439 1.18851845851168 1.77254278911278 1.38130971905775 1.9065713735763 1.72139732446522 1.53341695526615 1.89694188931026 1.6852593277581
1.39430222916417 1.22920811362565 1.7205921986606 0 1.6936259996146 1.45325938123278 1.12691739737056 1.12577805970795 1.38896293309517 1.68855163431726 1.60522619495168 1.52102780947462 1.65836667991243 1.90702224289998 1.09488876978867 1.65019643935375 1.91995966178365 1.20667511643842 1.95363393356092 1.93897916516289 1.69577431213111 1.13499482325278 1.32435399992391 1.55697833164595 1.83335869363509 1.59637147630565 1.2981989341788 1.74000084889121 1.33236408093944 1.82183077861555
1.05667387391441 1.01692432677373 1.6342761546839 1.6936259996146 0 1.45610403316095 1.38230145699345 1.11063477024436 1.16983785200864 1.86992778070271 1.01776413735934 1.93819268490188 1.09980196761899 1.73654013080522 1.21254547336139 1.40900945686735 1.23794759949669 1.40957150910981 1.92367841978557 1.87212548684329 0.970164072234184 1.24222791776992 1.60020785825327 1.41600609943271 1.34941489831544 1.14395102113485 1.11360118747689 1.25018308754079 1.37313683121465 1.42264674813487
1.49647898576222 1.53851053211838 1.50438794190995 1.45325938123278 1.45610403316095 0 1.16140593122691 0.977000536164269 1.38253188296221 1.62216382566839 1.73649524687789 0.981724018463865 1.16956473561004 1.71519694128074 1.14858505898155 1.9370750086382 1.42021038895473 1.63540706504136 1.05259241070598 1.20779978018254 1.32460904703476 1.55318155977875 1.48815127252601 1.35810133325867 1.39260917319916 1.74661408318207 1.19595874822699 1.45727171003819 1.28627657005563 1.66771093383431
1.73859942727722 1.39367715199478 1.8044801345095 1.12691739737056 1.38230145699345 1.16140593122691 0 1.10752768605016 1.26170427841134 1.10103436396457 1.20187261002138 1.70404303795658 1.53995703766122 1.5690086025279 1.01579191558994 1.71378490678035 1.04469950078055 1.63918192614801 1.18675891542807 1.31637595570646 1.3396886982955 1.6253154319711 1.85446579288691 1.34106204099953 1.39637807314284 1.82266420335509 1.59720519999973 1.19019103422761 1.18634312669747 1.85877168085426
1.30454818974249 1.15643640304916 1.53076447849162 1.12577805970795 1.11063477024436 0.977000536164269 1.10752768605016 0 1.83886968274601 1.61910580657423 1.75143765611574 1.25057537783869 1.11749561666511 1.11756720603444 1.77545091602951 1.22980606835335 1.45691077597439 1.82497207680717 1.00622145808302 0.990325349150226 1.57998796575703 1.58837681333534 1.93947843881324 1.95220123254694 1.72654704446904 1.88112535490654 1.23941151844338 1.04253434599377 1.92153354478069 1.66036475030705
1.80484429048374 1.76926374109462 1.80366891738959 1.38896293309517 1.16983785200864 1.38253188296221 1.26170427841134 1.83886968274601 0 1.20144663192332 1.01981663191691 1.21685416554101 1.37494044145569 1.10249565984122 1.31186397909187 1.01249574543908 1.00586291938089 1.63348012766801 1.65632047853433 1.91983760381117 1.37991453055292 1.45202751853503 1.43277723365463 1.09786380827427 1.64053750387393 1.39284891984425 1.15507443668321 1.12203488312662 1.25631784112193 0.991357238264754
1.49772031395696 1.25838378304616 1.70377682591788 1.68855163431726 1.86992778070271 1.62216382566839 1.10103436396457 1.61910580657423 1.20144663192332 0 1.29074128181674 1.07172172539867 1.44929782277904 1.1311986646615 1.8279283309821 1.45467932405882 1.39404788264073 1.79074889724143 1.39862469094805 1.86963187018409 1.48173286044039 1.80239744065329 1.8559618156869 1.87998016714118 1.73676860216074 1.77549057477154 1.52412080322392 1.70585913024843 1.87959059234709 1.59279319085181
1.07108129980043 1.27684982912615 1.01290345285088 1.60522619495168 1.01776413735934 1.73649524687789 1.20187261002138 1.75143765611574 1.01981663191691 1.29074128181674 0 1.48725419933908 1.49216029653326 1.59421948646195 0.978614704683423 1.81640859157778 1.89998249197379 1.5702761313878 1.12745243310928 1.11378374905325 1.23217706545256 1.25405422551557 1.2923410043586 1.01850651297718 1.45508464961313 1.16671346290968 1.34422725765035 1.90510362223722 1.55958497175016 1.48610519943759
0.99569282005541 1.86127888108604 1.74063375801779 1.52102780947462 1.93819268490188 0.981724018463865 1.70404303795658 1.25057537783869 1.21685416554101 1.07172172539867 1.48725419933908 0 1.39582681749016 1.35221989662386 1.12694662204012 1.23659979295917 1.71207744325511 1.5371458188165 1.25513352500275 1.38198023359291 1.08268072921783 1.788644956192 1.38110658945516 1.00040088640526 1.70301225339063 1.85937528242357 1.17961144866422 1.19248775555752 1.79746719240211 1.48800147860311
1.08687118720263 0.982810000190511 1.17382066161372 1.65836667991243 1.09980196761899 1.16956473561004 1.53995703766122 1.11749561666511 1.37494044145569 1.44929782277904 1.49216029653326 1.39582681749016 0 1.33387418487109 1.73301233164966 1.07714386517182 1.94198857014999 1.39628773904406 1.34171950141899 1.28081069816835 1.7296893845778 1.33062888216227 1.02675087680109 1.77131690806709 1.37249741074629 1.22047509322874 1.95652625570074 1.87018983648159 1.48006399022415 1.22808474511839
1.51756416726857 1.0181719250977 1.14269265439361 1.90702224289998 1.73654013080522 1.71519694128074 1.5690086025279 1.11756720603444 1.10249565984122 1.1311986646615 1.59421948646195 1.35221989662386 1.33387418487109 0 1.37048918032087 1.88840945577249 1.7455747469794 1.71186146698892 1.21322667342611 1.47772932844236 1.07993826293387 1.80526398867369 1.82875437452458 1.56138556590304 1.17057439964265 1.61680396879092 1.30170944822021 1.63092489284463 1.26911538653076 1.62357618054375
1.73883393825963 1.06965480721556 1.27686023199931 1.09488876978867 1.21254547336139 1.14858505898155 1.01579191558994 1.77545091602951 1.31186397909187 1.8279283309821 0.978614704683423 1.12694662204012 1.73301233164966 1.37048918032087 0 1.1350580106955 1.71367793856189 0.986570407636464 1.498850207543 1.28436527797021 1.1762006378267 1.02374176960438 1.0490446316544 1.36862718034536 1.04427353548817 1.90646940725856 1.25143879977986 1.8623043904081 1.5891393746715 1.90353030688129
1.1714958793018 1.19879537518136 1.11510700918734 1.65019643935375 1.40900945686735 1.9370750086382 1.71378490678035 1.22980606835335 1.01249574543908 1.45467932405882 1.81640859157778 1.23659979295917 1.07714386517182 1.88840945577249 1.1350580106955 0 1.43511611106806 1.90004777279682 1.6513838688843 1.04451451962814 1.64297983120196 1.79435394890606 1.76536812842824 1.86174894031137 1.31799017149024 1.86372626433149 1.38024005293846 1.80519950669259 1.8648985081818 1.3306064219214
1.70939422654919 1.54643734940328 1.33869152911939 1.91995966178365 1.23794759949669 1.42021038895473 1.04469950078055 1.45691077597439 1.00586291938089 1.39404788264073 1.89998249197379 1.71207744325511 1.94198857014999 1.7455747469794 1.71367793856189 1.43511611106806 0 1.93922444712371 1.94960979605094 1.8964469616767 1.07477502175607 1.6608800496906 1.00135401729494 1.60421618632972 1.28783233161084 1.70551035064273 1.37609733361751 1.30282438197173 1.01570650516078 1.30540534970351
1.31941014458425 1.14509820984676 1.07066556205973 1.20667511643842 1.40957150910981 1.63540706504136 1.63918192614801 1.82497207680717 1.63348012766801 1.79074889724143 1.5702761313878 1.5371458188165 1.39628773904406 1.71186146698892 0.986570407636464 1.90004777279682 1.93922444712371 0 1.49228154867887 0.998795858351514 1.80531648546457 1.23579935054295 1.07866559992544 1.17201374075375 1.46056927298196 1.09211099077947 1.8547058259137 1.87665016390383 1.61237025843002 1.5999542446807
1.87186592794023 1.70862928847782 1.32440007827245 1.95363393356092 1.92367841978557 1.05259241070598 1.18675891542807 1.00622145808302 1.65632047853433 1.39862469094805 1.12745243310928 1.25513352500275 1.34171950141899 1.21322667342611 1.498850207543 1.6513838688843 1.94960979605094 1.49228154867887 0 1.58430565195158 1.03889896674082 1.5775157562457 1.03918610420078 1.60868151253089 1.62489328975789 1.83492485363968 1.71828369167633 1.29419845272787 1.14242093358189 1.67662896914408
1.27021271805279 1.00440247147344 1.49591005104594 1.93897916516289 1.87212548684329 1.20779978018254 1.31637595570646 0.990325349150226 1.91983760381117 1.86963187018409 1.11378374905325 1.38198023359291 1.28081069816835 1.47772932844236 1.28436527797021 1.04451451962814 1.8964469616767 0.998795858351514 1.58430565195158 0 0.98892842233181 1.22418941021897 1.05337447742932 1.14146003010683 1.35340027627535 1.88515862356871 1.14199258759618 1.85197978233919 1.43189619667828 1.75488423858769
1.15354625484906 1.5160789184738 1.42809375771321 1.69577431213111 0.970164072234184 1.32460904703476 1.3396886982955 1.57998796575703 1.37991453055292 1.48173286044039 1.23217706545256 1.08268072921783 1.7296893845778 1.07993826293387 1.1762006378267 1.64297983120196 1.07477502175607 1.80531648546457 1.03889896674082 0.98892842233181 0 1.20778034743853 1.59992926986888 1.49722190573812 1.48047151626088 1.44189779600129 1.38900576718152 1.01923994161189 1.84341759514064 0.996968606486917
1.16512604290619 1.16586869279854 1.11048136069439 1.13499482325278 1.24222791776992 1.55318155977875 1.6253154319711 1.58837681333534 1.45202751853503 1.80239744065329 1.25405422551557 1.788644956192 1.33062888216227 1.80526398867369 1.02374176960438 1.79435394890606 1.6608800496906 1.23579935054295 1.5775157562457 1.22418941021897 1.20778034743853 0 1.37141192518175 1.88393882359378 1.72875307197683 1.12645141337998 1.84662698651664 1.56002514995635 1.51609271368943 1.75677341083065
1.07161906454712 1.58363877050579 1.18851845851168 1.32435399992391 1.60020785825327 1.48815127252601 1.85446579288691 1.93947843881324 1.43277723365463 1.8559618156869 1.2923410043586 1.38110658945516 1.02675087680109 1.82875437452458 1.0490446316544 1.76536812842824 1.00135401729494 1.07866559992544 1.03918610420078 1.05337447742932 1.59992926986888 1.37141192518175 0 1.78522162861191 0.973886740161106 1.22737536090426 1.79141840245575 1.94389016157947 1.86049064574763 1.08776438864879
1.48611471569166 1.57106604427099 1.77254278911278 1.55697833164595 1.41600609943271 1.35810133325867 1.34106204099953 1.95220123254694 1.09786380827427 1.87998016714118 1.01850651297718 1.00040088640526 1.77131690806709 1.56138556590304 1.36862718034536 1.86174894031137 1.60421618632972 1.17201374075375 1.60868151253089 1.14146003010683 1.49722190573812 1.88393882359378 1.78522162861191 0 1.46690311189741 1.34011889132671 1.22715457854792 1.7768674865365 1.61056736810133 1.42048653797247
1.33230296010152 1.76968453777954 1.38130971905775 1.83335869363509 1.34941489831544 1.39260917319916 1.39637807314284 1.72654704446904 1.64053750387393 1.73676860216074 1.45508464961313 1.70301225339063 1.37249741074629 1.17057439964265 1.04427353548817 1.31799017149024 1.28783233161084 1.46056927298196 1.62489328975789 1.35340027627535 1.48047151626088 1.72875307197683 0.973886740161106 1.46690311189741 0 1.60574855539016 1.07385696051642 1.48839114187285 1.55853252974339 1.4196860617958
1.07357861171477 1.70100496686064 1.9065713735763 1.59637147630565 1.14395102113485 1.74661408318207 1.82266420335509 1.88112535490654 1.39284891984425 1.77549057477154 1.16671346290968 1.85937528242357 1.22047509322874 1.61680396879092 1.90646940725856 1.86372626433149 1.70551035064273 1.09211099077947 1.83492485363968 1.88515862356871 1.44189779600129 1.12645141337998 1.22737536090426 1.34011889132671 1.60574855539016 0 1.39923439058475 1.94999078963883 1.81832414842211 1.40375917637721
1.10831178654917 0.973716255510226 1.72139732446522 1.2981989341788 1.11360118747689 1.19595874822699 1.59720519999973 1.23941151844338 1.15507443668321 1.52412080322392 1.34422725765035 1.17961144866422 1.95652625570074 1.30170944822021 1.25143879977986 1.38024005293846 1.37609733361751 1.8547058259137 1.71828369167633 1.14199258759618 1.38900576718152 1.84662698651664 1.79141840245575 1.22715457854792 1.07385696051642 1.39923439058475 0 1.25298578268848 1.16513737663627 1.31622836180031
1.04889483260922 1.765588181559 1.53341695526615 1.74000084889121 1.25018308754079 1.45727171003819 1.19019103422761 1.04253434599377 1.12203488312662 1.70585913024843 1.90510362223722 1.19248775555752 1.87018983648159 1.63092489284463 1.8623043904081 1.80519950669259 1.30282438197173 1.87665016390383 1.29419845272787 1.85197978233919 1.01923994161189 1.56002514995635 1.94389016157947 1.7768674865365 1.48839114187285 1.94999078963883 1.25298578268848 0 1.83066376927309 1.07470744941384
1.04002966033295 1.38482694816776 1.89694188931026 1.33236408093944 1.37313683121465 1.28627657005563 1.18634312669747 1.92153354478069 1.25631784112193 1.87959059234709 1.55958497175016 1.79746719240211 1.48006399022415 1.26911538653076 1.5891393746715 1.8648985081818 1.01570650516078 1.61237025843002 1.14242093358189 1.43189619667828 1.84341759514064 1.51609271368943 1.86049064574763 1.61056736810133 1.55853252974339 1.81832414842211 1.16513737663627 1.83066376927309 0 1.7096750556957
1.581305810716 0.985240782378241 1.6852593277581 1.82183077861555 1.42264674813487 1.66771093383431 1.85877168085426 1.66036475030705 0.991357238264754 1.59279319085181 1.48610519943759 1.48800147860311 1.22808474511839 1.62357618054375 1.90353030688129 1.3306064219214 1.30540534970351 1.5999542446807 1.67662896914408 1.75488423858769 0.996968606486917 1.75677341083065 1.08776438864879 1.42048653797247 1.4196860617958 1.40375917637721 1.31622836180031 1.07470744941384 1.7096750556957 0
