0 1.87331532244571 1.76688270107843 1.4877436729148 1.49857662105933 1.58820451726206 1.33184345322661 1.20589333819225 1.55047029140405 1.69739115075208 1.57957367948256 1.24926050635986 1.67994915414602 1.71621062932536 1.20839894213714 1.47051948471926 1.04593240469694 1.01217047404498 1.85323967924342 1.43112551770173 1.01819840958342 1.44860420841724 1.10652580205351 0.977266888832673 1.34008334227838 0.967803858453408 1.39952458743937 1.61116305622272 1.41564301401377 1.40922876144759
1.87331532244571 0 1.40321199316531 1.60839492361993 1.13946508453228 1.37607982056215 1.86514112842269 1.5114919450134 1.64016885659657 1.39831933588721 1.27755777048878 1.29349569836631 1.70267011481337 1.84466728568077 1.68735879380256 1.86882776068524 1.26223269058391 1.94869541493244 1.14619427686557 1.14033813402057 1.82232335745357 1.56740030320361 1.66414486756548 1.8858009011019 1.69790855608881 1.38841194822453 1.72358200303279 1.49951831181534 1.77428059768863 1.02020985470153
1.76688270107843 1.40321199316531 0 1.82070774282329 1.93103690701537 1.69609828409739 1.77576283342205 1.88176525896415 1.49148103315383 1.07396247400902 1.51525048073381 1.39900893322192 1.28542920062318 1.28159794863313 1.2426483493764 0.953003939241171 1.65114341164008 1.06227503763512 1.72895527700894 1.47942727897316 1.01108748442493 1.30768068600446 1.11794972396456 1.89425453892909 1.3595546958968 1.61842998932116 1.68975508911535 1.10386739112437 1.60825194069184 1.35136799514294
1.4877436729148 1.60839492361993 1.82070774282329 0 1.07348286709748 1.12069501541555 1.25547444494441 1.44483353337273 1.77092113415711 1.65927307144739 1.30426054168493 1.50970727205276 1.43472387176007 1.60725952219218 1.33766265655868 1.0336519300472 1.08650721306913 0.981321409111843 1.29357342375442 1.92588873300701 1.34478755900636 1.94002952822484 1.19048629631288 1.17668328527361 1.88036157772876 1.6076817701105 1.94699369254522 1.066073626047 1.82837878051214 1.23821489955299
1.49857662105933 1.13946508453228 1.93103690701537 1.07348286709748 0 1.80899249133654 1.54772497736849 0.99277320317924 1.37544094445184 0.988429752411321 1.85476682172157 1.70818339916877 0.967042073840275 1.21039892965928 1.50551851466298 1.52610446489416 1.52121797017753 1.3514167717658 1.32079651183449 1.2633365362417 1.57538736332208 1.30964652844705 1.24765529413708 0.996117370435968 1.94657674571499 0.974436205811799 1.37501057051122 1.72463341406547 1.27453089621849 1.39315273566172
1.58820451726206 1.37607982056215 1.69609828409739 1.12069501541555 1.80899249133654 0 1.90908058010973 1.67262839758769 1.06893073301762 1.63605696056038 1.36765290913172 1.05492082750425 0.971192385535687 0.967735681682825 1.59210872161202 1.20415031793527 1.21403164346702 1.30140837375075 1.42679497972131 1.01449186680838 1.68190812552348 1.91325914091431 1.9454077295959 1.93529068143107 1.83585115987808 1.28714982420206 1.6676084601786 1.66937334416434 1.6255062171258 1.83230947912671
1.33184345322661 1.86514112842269 1.77576283342205 1.25547444494441 1.54772497736849 1.90908058010973 0 1.43533182726242 1.39580449019559 1.59461374930106 1.33536893688142 1.32049060822465 1.3158739823848 1.17208472522907 1.6679308640305 1.08454849338159 1.50043700449169 1.5116982194595 1.17967305378988 1.73997775698081 1.30973721924238 0.998868569731712 1.90789711289108 1.46077684080228 1.09921146207489 1.84215265372768 1.57702654367313 1.63394335261546 1.42765008891001 1.75327300047502
1.20589333819225 1.5114919450134 1.88176525896415 1.44483353337273 0.99277320317924 1.67262839758769 1.43533182726242 0 1.17498823115602 1.43656998756342 1.7503402470611 1.57055294490419 1.18741899682209 1.29917114484124 1.66517912782729 1.5942845121026 1.27509091701359 0.954016325529665 1.92723543616012 1.01861074985936 1.63129773712717 1.89015788049437 1.82360101398081 1.42382049304433 1.06648617028259 1.13205950288102 1.73746686731465 1.50840597692877 1.16368832113221 1.51777708297595
1.55047029140405 1.64016885659657 1.49148103315383 1.77092113415711 1.37544094445184 1.06893073301762 1.39580449019559 1.17498823115602 0 1.44999720947817 1.39403530699201 0.964961706195027 1.82760088052601 0.968606951879337 1.35389873152599 1.72839068365283 1.82250870717689 1.73548554209992 1.60127026750706 0.955638378392905 1.95009967847727 1.28378343838267 1.09581440640613 1.67307543964125 1.36371206305921 1.4009013758041 1.37874103197828 1.34918726421893 1.05308839445934 1.63722046697512
1.69739115075208 1.39831933588721 1.07396247400902 1.65927307144739 0.988429752411321 1.63605696056038 1.59461374930106 1.43656998756342 1.44999720947817 0 1.89609603863209 1.45334598096088 1.79340038727969 0.98594551673159 1.61638006567955 1.11114728008397 1.60638437047601 1.32588373427279 1.6005714032799 1.47922966419719 1.41544496663846 1.27999843237922 1.77311914996244 1.25751218036748 1.7308391998522 1.58327102661133 1.80022364994511 1.41463808924891 1.39181110658683 1.64741588546894
1.57957367948256 1.27755777048878 1.51525048073381 1.30426054168493 1.85476682172157 1.36765290913172 1.33536893688142 1.7503402470611 1.39403530699201 1.89609603863209 0 1.45633997907862 1.22330030845478 1.08661614754237 1.42580317496322 1.74986865418032 1.88426764658652 1.29851098707877 1.30810274113901 1.71577838296071 1.00058471225202 1.75470733921975 1.51549889496528 1.79373214929365 1.85464706784114 1.00390633847564 1.51778386719525 1.06340925698169 1.06300455913879 1.70511801401153
1.24926050635986 1.29349569836631 1.39900893322192 1.50970727205276 1.70818339916877 1.05492082750425 1.32049060822465 1.57055294490419 0.964961706195027 1.45334598096088 1.45633997907862 0 1.68131496291608 1.27104729856364 1.10614901129156 1.75486846640706 1.60759607190266 1.25253121508285 1.58023862657137 1.02753142220899 1.0327495993115 1.76698776707053 1.8064574918244 1.601318994537 1.71212370297872 1.16583451791666 1.52983120921999 1.8204064227175 1.08283838629723 0.965135744540021
1.67994915414602 1.70267011481337 1.28542920062318 1.43472387176007 0.967042073840275 0.971192385535687 1.3158739823848 1.18741899682209 1.82760088052601 1.79340038727969 1.22330030845478 1.68131496291608 0 0.955432256916538 1.56293096672744 1.44631630461663 1.04091014200822 1.28908142377622 1.6573932361789 1.19251886894926 0.979131311643869 1.26683906884864 1.24280212563463 1.11852010572329 1.22884184890427 1.69026133511215 1.8489076665137 1.70682412502356 1.13148331432603 1.1952866089996
1.71621062932536 1.84466728568077 1.28159794863313 1.60725952219218 1.21039892965928 0.967735681682825 1.17208472522907 1.29917114484124 0.968606951879337 0.98594551673159 1.08661614754237 1.27104729856364 0.955432256916538 0 1.27620600233786 1.2021890906617 1.02358000888489 1.73050375492312 1.08610358438455 1.92424533027224 1.85513927042484 1.92347903898917 1.80311119928956 1.47541271406226 0.996846537105739 1.94026486738585 1.92437960975803 1.61079750349745 1.06580105074681 1.35832284321077
1.20839894213714 1.68735879380256 1.2426483493764 1.33766265655868 1.50551851466298 1.59210872161202 1.6679308640305 1.66517912782729 1.35389873152599 1.61638006567955 1.42580317496322 1.10614901129156 1.56293096672744 1.27620600233786 0 1.34740303293802 1.51054684771225 1.2400942442473 1.8343845361378 0.986360972747207 1.93186352867633 1.10055321105756 1.50456128455698 1.56024553603493 1.43270027684048 1.92679829592817 1.49317841650918 1.78346538404003 1.29460638039745 1.39961375505663
1.47051948471926 1.86882776068524 0.953003939241171 1.0336519300472 1.52610446489416 1.20415031793527 1.08454849338159 1.5942845121026 1.72839068365283 1.11114728008397 1.74986865418032 1.75486846640706 1.44631630461663 1.2021890906617 1.34740303293802 0 1.13436768762767 1.91365542728454 1.22619758546352 0.985626148991287 1.70517918583937 1.78975634509698 1.10871516540647 1.04092706064694 1.74113437067717 1.19784793816507 1.02638273686171 1.35184846748598 1.78382784104906 1.5620950772427
1.04593240469694 1.26223269058391 1.65114341164008 1.08650721306913 1.52121797017753 1.21403164346702 1.50043700449169 1.27509091701359 1.82250870717689 1.60638437047601 1.88426764658652 1.60759607190266 1.04091014200822 1.02358000888489 1.51054684771225 1.13436768762767 0 1.27716913819313 1.03717950801365 1.20013743126765 1.514696394559 1.6041704970412 1.9410623179283 1.49848841642961 1.89405054412782 1.76057383883744 1.064805283444 1.32837061979808 1.42139490903355 1.66592799918726
1.01217047404498 1.94869541493244 1.06227503763512 0.981321409111843 1.3514167717658 1.30140837375075 1.5116982194595 0.954016325529665 1.73548554209992 1.32588373427279 1.29851098707877 1.25253121508285 1.28908142377622 1.73050375492312 1.2400942442473 1.91365542728454 1.27716913819313 0 1.57400531647727 1.76595166930929 1.81648615980521 1.0516503371764 1.64747588895261 1.87232601246797 0.956534778699279 1.17841394105926 1.40308823413216 1.67308191582561 1.60661672893912 1.30334649467841
1.85323967924342 1.14619427686557 1.72895527700894 1.29357342375442 1.32079651183449 1.42679497972131 1.17967305378988 1.92723543616012 1.60127026750706 1.6005714032799 1.30810274113901 1.58023862657137 1.6573932361789 1.08610358438455 1.8343845361378 1.22619758546352 1.03717950801365 1.57400531647727 0 1.78395335189998 1.17529043811373 1.83933007833548 1.7201448075939 1.84869046625681 1.89496900467202 1.10306736873463 1.54678094293922 1.38086023880169 1.22470675804652 1.47784242150374
1.43112551770173 1.14033813402057 1.47942727897316 1.92588873300701 1.2633365362417 1.01449186680838 1.73997775698081 1.01861074985936 0.955638378392905 1.47922966419719 1.71577838296071 1.02753142220899 1.19251886894926 1.92424533027224 0.986360972747207 0.985626148991287 1.20013743126765 1.76595166930929 1.78395335189998 0 1.68267656676471 1.65568569069728 1.62790161976591 1.27489024354145 1.63145385729149 1.79116706317291 1.67369684693404 1.25332926446572 1.42597469780594 1.41365789715201
1.01819840958342 1.82232335745357 1.01108748442493 1.34478755900636 1.57538736332208 1.68190812552348 1.30973721924238 1.63129773712717 1.95009967847727 1.41544496663846 1.00058471225202 1.0327495993115 0.979131311643869 1.85513927042484 1.93186352867633 1.70517918583937 1.514696394559 1.81648615980521 1.17529043811373 1.68267656676471 0 1.40038744197227 0.971033239969984 1.17417798074894 1.8315475541167 1.51109742582776 1.59357046266086 1.56580282817595 1.39822053234093 1.77318269922398
1.44860420841724 1.56740030320361 1.30768068600446 1.94002952822484 1.30964652844705 1.91325914091431 0.998868569731712 1.89015788049437 1.28378343838267 1.27999843237922 1.75470733921975 1.76698776707053 1.26683906884864 1.92347903898917 1.10055321105756 1.78975634509698 1.6041704970412 1.0516503371764 1.83933007833548 1.65568569069728 1.40038744197227 0 1.88118333788589 1.51753721246496 1.93130860873498 1.56552616693079 1.00476551358588 1.85501339053735 1.88124114577658 1.94993146811612
1.10652580205351 1.66414486756548 1.11794972396456 1.19048629631288 1.24765529413708 1.9454077295959 1.90789711289108 1.82360101398081 1.09581440640613 1.77311914996244 1.51549889496528 1.8064574918244 1.24280212563463 1.80311119928956 1.50456128455698 1.10871516540647 1.9410623179283 1.64747588895261 1.7201448075939 1.62790161976591 0.971033239969984 1.88118333788589 0 1.72635146253742 1.52439073496498 1.09425666113384 1.76412299019285 1.22625431162305 1.48389703105204 1.66889806161635
0.977266888832673 1.8858009011019 1.89425453892909 1.17668328527361 0.996117370435968 1.93529068143107 1.46077684080228 1.42382049304433 1.67307543964125 1.25751218036748 1.79373214929365 1.601318994537 1.11852010572329 1.47541271406226 1.56024553603493 1.04092706064694 1.49848841642961 1.87232601246797 1.84869046625681 1.27489024354145 1.17417798074894 1.51753721246496 1.72635146253742 0 1.93078291160055 1.56117729190737 1.02059858525172 1.30494475038722 1.47336041508242 1.3802151074633
1.34008334227838 1.69790855608881 1.3595546958968 1.88036157772876 1.94657674571499 1.83585115987808 1.09921146207489 1.06648617028259 1.36371206305921 1.7308391998522 1.85464706784114 1.71212370297872 1.22884184890427 0.996846537105739 1.43270027684048 1.74113437067717 1.89405054412782 0.956534778699279 1.89496900467202 1.63145385729149 1.8315475541167 1.93130860873498 1.52439073496498 1.93078291160055 0 1.91421240242198 1.78116034576669 1.01299325563014 1.23203112161718 1.82853321870789
0.967803858453408 1.38841194822453 1.61842998932116 1.6076817701105 0.974436205811799 1.28714982420206 1.84215265372768 1.13205950288102 1.4009013758041 1.58327102661133 1.00390633847564 1.16583451791666 1.69026133511215 1.94026486738585 1.92679829592817 1.19784793816507 1.76057383883744 1.17841394105926 1.10306736873463 1.79116706317291 1.51109742582776 1.56552616693079 1.09425666113384 1.56117729190737 1.91421240242198 0 1.44420831743628 1.13997098547406 1.58912225486711 1.91259428928606
1.39952458743937 1.72358200303279 1.68975508911535 1.94699369254522 1.37501057051122 1.6676084601786 1.57702654367313 1.73746686731465 1.37874103197828 1.80022364994511 1.51778386719525 1.52983120921999 1.8489076665137 1.92437960975803 1.49317841650918 1.02638273686171 1.064805283444 1.40308823413216 1.54678094293922 1.67369684693404 1.59357046266086 1.00476551358588 1.76412299019285 1.02059858525172 1.78116034576669 1.44420831743628 0 1.62925185402855 1.55265562795103 1.07761367876083
1.61116305622272 1.49951831181534 1.10386739112437 1.066073626047 1.72463341406547 1.66937334416434 1.63394335261546 1.50840597692877 1.34918726421893 1.41463808924891 1.06340925698169 1.8204064227175 1.70682412502356 1.61079750349745 1.78346538404003 1.35184846748598 1.32837061979808 1.67308191582561 1.38086023880169 1.25332926446572 1.56580282817595 1.85501339053735 1.22625431162305 1.30494475038722 1.01299325563014 1.13997098547406 1.62925185402855 0 1.4568469892256 1.54604571335949
1.41564301401377 1.77428059768863 1.60825194069184 1.82837878051214 1.27453089621849 1.6255062171258 1.42765008891001 1.16368832113221 1.05308839445934 1.39181110658683 1.06300455913879 1.08283838629723 1.13148331432603 1.06580105074681 1.29460638039745 1.78382784104906 1.42139490903355 1.60661672893912 1.22470675804652 1.42597469780594 1.39822053234093 1.88124114577658 1.48389703105204 1.47336041508242 1.23203112161718 1.58912225486711 1.55265562795103 1.4568469892256 0 1.09112392994575
1.40922876144759 1.02020985470153 1.35136799514294 1.23821489955299 1.39315273566172 1.83230947912671 1.75327300047502 1.51777708297595 1.63722046697512 1.64741588546894 1.70511801401153 0.965135744540021 1.1952866089996 1.35832284321077 1.39961375505663 1.5620950772427 1.66592799918726 1.30334649467841 1.47784242150374 1.41365789715201 1.77318269922398 1.94993146811612 1.66889806161635 1.3802151074633 1.82853321870789 1.91259428928606 1.07761367876083 1.54604571335949 1.09112392994575 0
