0 1.14154401724227 1.11424318514764 1.2428893072065 1.07376956241205 1.58788957516663 1.17624149029143 1.84995096735656 1.79331417917274 1.68306087283418 1.06077188532799 1.15034428052604 1.44870901363902 1.31723141414113 1.36570381489582 0.943926006788388 1.78743116976693 1.33580157812685 1.55418714345433 1.08683650614694 1.80858891061507 1.11504076281562 1.27599061350338 0.968292695237324 0.969209109898657 1.07743048504926 1.20173570513725 1.06992504117079 1.13197904848494 1.28899117652327
1.14154401724227 0 1.33277148054913 1.89693531300873 1.25790424086154 1.50040326057933 1.05084981140681 1.01193271158263 1.60972555540502 1.05871888529509 1.76260071108118 1.7439468796365 1.76109074451961 0.962729685707018 1.21777596278116 1.59594997228123 1.27515749004669 1.40235845162533 1.79930723039433 1.05811920249835 1.07544158468954 1.18154488247819 1.02494942676276 1.59226325992495 1.020769901108 1.50513735343702 1.45392919192091 1.78724052174948 1.14975681621581 1.00970558845438
1.11424318514764 1.33277148054913 0 0.977468757424504 1.19443328958005 1.75668612099253 1.77096379874274 0.960791783640161 1.16076744277962 1.69459092267789 1.25652105803601 1.80864145839587 0.963924901094288 1.80579856410623 1.73523362469859 1.32334042247385 1.4885720491875 1.08719325996935 0.927300918148831 1.81244409596547 1.0122990438249 1.5809475092683 0.975430871127173 1.69006889057346 1.81820142804645 1.16165212006308 1.47103390889242 1.82873777928762 1.66149021079764 1.21472731442191
1.2428893072065 1.89693531300873 0.977468757424504 0 1.39724766090512 1.70864612772129 0.929292222717777 1.79452661424875 1.0309907910414 1.43699662922882 1.10217619664036 0.959521295269951 1.2391906529665 1.41330125997774 1.20326580153778 1.18114039930515 1.78284236975014 1.40783310355619 1.00397889316082 1.54051567381248 0.974384564673528 1.62371113477275 0.930244111455977 0.933757246471941 1.90483798156492 1.19796175369993 1.46166323241778 1.77439231937751 1.81531813717447 0.961916694184765
1.07376956241205 1.25790424086154 1.19443328958005 1.39724766090512 0 0.967250816291198 1.74441136745736 1.41614346206188 1.20794772077352 1.89511262206361 1.75153991929255 1.29064678470604 1.77362606232055 1.42187116947025 0.960210317047313 1.23827771167271 1.23121601599269 1.3140511601232 1.781358970562 1.69368420750834 1.25759643199854 1.88104724092409 1.56623374880292 1.71500302688219 1.84970524231903 1.63446083897725 1.11966396938078 1.00711386557668 1.40132157271728 1.05081638810225
1.58788957516663 1.50040326057933 1.75668612099253 1.70864612772129 0.967250816291198 0 1.21666777716018 1.89887413126417 1.59323819959536 1.42319083376788 1.76147827762179 1.85847552679479 1.54474697611295 0.945357804186642 1.76894544414245 1.08594297990203 1.2658329794649 1.72281889640726 1.15144136245362 1.84153318218887 1.83036290714517 1.77778225182556 1.6509876078926 1.40774332149886 1.42168066906743 1.10861308127642 1.1364042328205 1.79365150700323 1.79968525492586 1.55790870636702
1.17624149029143 1.05084981140681 1.77096379874274 0.929292222717777 1.74441136745736 1.21666777716018 0 1.20825458131731 1.62662646174431 1.38866295805201 1.72156402235851 1.41249142843299 1.29016448371112 1.15936539368704 1.79348064796068 1.38779431534931 1.28983173565939 1.4243097435683 1.11996575584635 1.57577515393496 1.8168394418899 1.2792577391956 1.572821195703 1.73886566516012 0.990951939951628 1.71093596401624 0.966306575806811 1.48860283684917 1.28894867282361 1.29020437947474
1.84995096735656 1.01193271158263 0.960791783640161 1.79452661424875 1.41614346206188 1.89887413126417 1.20825458131731 0 1.56131125288084 1.11808223510161 1.75239625852555 1.49427347700112 1.40854401420802 1.64914186694659 1.58432622929104 1.07150355400518 1.80584087665193 1.57040800107643 1.14721374167129 1.59822044451721 1.25597980804741 1.34814459946938 1.43479815451428 1.30109375272878 1.17659385316074 1.41902615665458 1.30932179978117 1.69965789071284 1.35500595951453 1.73270905739628
1.79331417917274 1.60972555540502 1.16076744277962 1.0309907910414 1.20794772077352 1.59323819959536 1.62662646174431 1.56131125288084 0 1.07111182087101 1.10844087251462 1.05275014764629 1.57024486386217 1.52649029134773 1.05567613616586 1.75918997870758 1.53142260224558 1.44780727988109 1.1331261198502 1.85922423796728 1.65453536226414 1.70278495154344 1.36724743270315 1.49699454801157 1.6699081689585 1.25276849069633 1.2874534286093 1.73689701990224 1.59070077026263 1.9071672053542
1.68306087283418 1.05871888529509 1.69459092267789 1.43699662922882 1.89511262206361 1.42319083376788 1.38866295805201 1.11808223510161 1.07111182087101 0 1.81960217026062 1.10817542672157 1.24950256594457 1.06462833494879 1.16125069744885 1.3552416942548 0.922862120438367 1.42542967898771 1.24064280278981 1.8676407020539 1.11591372895055 1.42969477153383 1.57077364390716 1.10220876033418 1.37039300077595 1.30511164688505 1.7523048534058 1.4286077846773 1.70633513131179 1.88345947046764
1.06077188532799 1.76260071108118 1.25652105803601 1.10217619664036 1.75153991929255 1.76147827762179 1.72156402235851 1.75239625852555 1.10844087251462 1.81960217026062 0 1.71987255220301 1.62365578440949 1.65861206874251 1.17960352753289 1.0971111713443 1.89472606172785 0.928158966591582 1.57014828361571 1.77265556226484 1.64885169547051 1.31500349729322 1.26167586841621 1.10343864187598 1.34757802006789 1.70579202123918 1.80463085090742 1.90022303396836 1.90526145836338 1.68861485831439
1.15034428052604 1.7439468796365 1.80864145839587 0.959521295269951 1.29064678470604 1.85847552679479 1.41249142843299 1.49427347700112 1.05275014764629 1.10817542672157 1.71987255220301 0 1.46381512330845 1.01217916817404 1.32478154636919 1.88530720863491 1.16239890805446 1.7546061470639 1.84525101282634 1.02980710379779 1.90256004687399 0.974213811568916 1.12128926953301 0.972305481787771 1.18688193196431 1.60802842653356 1.58261952851899 1.19629385415465 1.242191121215 1.89959653071128
1.44870901363902 1.76109074451961 0.963924901094288 1.2391906529665 1.77362606232055 1.54474697611295 1.29016448371112 1.40854401420802 1.57024486386217 1.24950256594457 1.62365578440949 1.46381512330845 0 1.88206231896766 1.56127467472106 1.06320277252235 1.33497136086226 1.15589864156209 1.75788364536129 1.33430009055883 1.3498998596333 1.44495374849066 1.39192095701583 1.83732170029543 1.03914402867667 1.26160705485381 1.41074741329066 1.3575011738576 1.87585460930131 0.957900818204507
1.31723141414113 0.962729685707018 1.80579856410623 1.41330125997774 1.42187116947025 0.945357804186642 1.15936539368704 1.64914186694659 1.52649029134773 1.06462833494879 1.65861206874251 1.01217916817404 1.88206231896766 0 1.3915079201106 1.56248609442264 1.40421125339344 1.12703522015363 1.83883830788545 1.64616275439039 1.3839610144496 1.12587045156397 1.47179844742641 0.910756968427449 1.19929290656 1.51546287583187 1.53444763855077 1.44465659069829 1.42015903955325 1.57909894036129
1.36570381489582 1.21777596278116 1.73523362469859 1.20326580153778 0.960210317047313 1.76894544414245 1.79348064796068 1.58432622929104 1.05567613616586 1.16125069744885 1.17960352753289 1.32478154636919 1.56127467472106 1.3915079201106 0 1.01705501880497 1.35323221469298 1.5239754493814 1.6974429555703 1.69813400227576 1.54302695812657 1.36599981086329 1.39419598178938 1.8175484330859 1.124075664673 1.64231810672209 1.3055112210568 1.38715045200661 1.19610552024096 0.99462348036468
0.943926006788388 1.59594997228123 1.32334042247385 1.18114039930515 1.23827771167271 1.08594297990203 1.38779431534931 1.07150355400518 1.75918997870758 1.3552416942548 1.0971111713443 1.88530720863491 1.06320277252235 1.56248609442264 1.01705501880497 0 0.952536935918033 1.18109689815901 1.18232791079208 1.231389666209 1.06320811482146 0.911093397065997 1.61489904252812 1.67292695841752 1.47589988866821 1.48336547426879 1.30571177555248 0.983077677199617 1.43684373912401 1.64556547836401
1.78743116976693 1.27515749004669 1.4885720491875 1.78284236975014 1.23121601599269 1.2658329794649 1.28983173565939 1.80584087665193 1.53142260224558 0.922862120438367 1.89472606172785 1.16239890805446 1.33497136086226 1.40421125339344 1.35323221469298 0.952536935918033 0 1.03371940227225 1.01445368491113 0.981016349745914 1.46508091269061 1.84474385832436 1.14779204013757 1.75010451045819 1.21573456656188 1.74735537497327 1.5201248798985 1.1486467346549 1.21671461546794 1.66347757121548
1.33580157812685 1.40235845162533 1.08719325996935 1.40783310355619 1.3140511601232 1.72281889640726 1.4243097435683 1.57040800107643 1.44780727988109 1.42542967898771 0.928158966591582 1.7546061470639 1.15589864156209 1.12703522015363 1.5239754493814 1.18109689815901 1.03371940227225 0 1.39550057891756 1.48402825626545 1.46672440087423 1.85208777757362 1.04095163173042 1.89322250080295 1.52422073157504 0.945437892805785 1.68649279489182 1.71372231421992 1.69321224186569 0.926616000477225
1.55418714345433 1.79930723039433 0.927300918148831 1.00397889316082 1.781358970562 1.15144136245362 1.11996575584635 1.14721374167129 1.1331261198502 1.24064280278981 1.57014828361571 1.84525101282634 1.75788364536129 1.83883830788545 1.6974429555703 1.18232791079208 1.01445368491113 1.39550057891756 0 1.57747693452984 1.20013714837842 1.81743939220905 1.65764672122896 1.5124146360904 1.72884593508206 1.11296933703125 1.57880080700852 1.44655860587955 1.33707565348595 1.66680751694366
1.08683650614694 1.05811920249835 1.81244409596547 1.54051567381248 1.69368420750834 1.84153318218887 1.57577515393496 1.59822044451721 1.85922423796728 1.8676407020539 1.77265556226484 1.02980710379779 1.33430009055883 1.64616275439039 1.69813400227576 1.231389666209 0.981016349745914 1.48402825626545 1.57747693452984 0 1.29727011406794 1.64803797006607 1.70154251041822 1.21935095847584 1.52499428554438 1.47050690394826 1.13392816320993 1.24751228862442 1.71023976313882 1.61518446262926
1.80858891061507 1.07544158468954 1.0122990438249 0.974384564673528 1.25759643199854 1.83036290714517 1.8168394418899 1.25597980804741 1.65453536226414 1.11591372895055 1.64885169547051 1.90256004687399 1.3498998596333 1.3839610144496 1.54302695812657 1.06320811482146 1.46508091269061 1.46672440087423 1.20013714837842 1.29727011406794 0 1.6199229224585 1.45257835183293 1.72647990542464 1.11098809191026 1.82245549629442 1.72561442875303 1.68096588319167 1.47527041262947 1.20354629098438
1.11504076281562 1.18154488247819 1.5809475092683 1.62371113477275 1.88104724092409 1.77778225182556 1.2792577391956 1.34814459946938 1.70278495154344 1.42969477153383 1.31500349729322 0.974213811568916 1.44495374849066 1.12587045156397 1.36599981086329 0.911093397065997 1.84474385832436 1.85208777757362 1.81743939220905 1.64803797006607 1.6199229224585 0 1.61272427882068 1.2074216871988 1.63652342022397 1.58824012847617 1.48390274331905 1.75285876635462 1.31504985061474 1.27068388299085
1.27599061350338 1.02494942676276 0.975430871127173 0.930244111455977 1.56623374880292 1.6509876078926 1.572821195703 1.43479815451428 1.36724743270315 1.57077364390716 1.26167586841621 1.12128926953301 1.39192095701583 1.47179844742641 1.39419598178938 1.61489904252812 1.14779204013757 1.04095163173042 1.65764672122896 1.70154251041822 1.45257835183293 1.61272427882068 0 1.36648845742457 1.25269902823493 1.26436023716815 1.45673008682206 1.90655788592994 1.77587425825186 1.3348602950573
0.968292695237324 1.59226325992495 1.69006889057346 0.933757246471941 1.71500302688219 1.40774332149886 1.73886566516012 1.30109375272878 1.49699454801157 1.10220876033418 1.10343864187598 0.972305481787771 1.83732170029543 0.910756968427449 1.8175484330859 1.67292695841752 1.75010451045819 1.89322250080295 1.5124146360904 1.21935095847584 1.72647990542464 1.2074216871988 1.36648845742457 0 1.0077291065827 1.22938921255991 1.83097220002674 0.966850071912631 1.2148193300236 1.89548679138534
0.969209109898657 1.020769901108 1.81820142804645 1.90483798156492 1.84970524231903 1.42168066906743 0.990951939951628 1.17659385316074 1.6699081689585 1.37039300077595 1.34757802006789 1.18688193196431 1.03914402867667 1.19929290656 1.124075664673 1.47589988866821 1.21573456656188 1.52422073157504 1.72884593508206 1.52499428554438 1.11098809191026 1.63652342022397 1.25269902823493 1.0077291065827 0 1.84573268098757 1.18023611535318 1.61066142818891 1.18943477305584 1.28329284023494
1.07743048504926 1.50513735343702 1.16165212006308 1.19796175369993 1.63446083897725 1.10861308127642 1.71093596401624 1.41902615665458 1.25276849069633 1.30511164688505 1.70579202123918 1.60802842653356 1.26160705485381 1.51546287583187 1.64231810672209 1.48336547426879 1.74735537497327 0.945437892805785 1.11296933703125 1.47050690394826 1.82245549629442 1.58824012847617 1.26436023716815 1.22938921255991 1.84573268098757 0 1.16631021071225 1.39917566836812 1.26392317283899 1.23818992101587
1.20173570513725 1.45392919192091 1.47103390889242 1.46166323241778 1.11966396938078 1.1364042328205 0.966306575806811 1.30932179978117 1.2874534286093 1.7523048534058 1.80463085090742 1.58261952851899 1.41074741329066 1.53444763855077 1.3055112210568 1.30571177555248 1.5201248798985 1.68649279489182 1.57880080700852 1.13392816320993 1.72561442875303 1.48390274331905 1.45673008682206 1.83097220002674 1.18023611535318 1.16631021071225 0 1.29659622721374 1.07231981027871 1.3658827287145
1.06992504117079 1.78724052174948 1.82873777928762 1.77439231937751 1.00711386557668 1.79365150700323 1.48860283684917 1.69965789071284 1.73689701990224 1.4286077846773 1.90022303396836 1.19629385415465 1.3575011738576 1.44465659069829 1.38715045200661 0.983077677199617 1.1486467346549 1.71372231421992 1.44655860587955 1.24751228862442 1.68096588319167 1.75285876635462 1.90655788592994 0.966850071912631 1.61066142818891 1.39917566836812 1.29659622721374 0 1.59056456130929 1.78146696370095
1.13197904848494 1.14975681621581 1.66149021079764 1.81531813717447 1.40132157271728 1.79968525492586 1.28894867282361 1.35500595951453 1.59070077026263 1.70633513131179 1.90526145836338 1.242191121215 1.87585460930131 1.42015903955325 1.19610552024096 1.43684373912401 1.21671461546794 1.69321224186569 1.33707565348595 1.71023976313882 1.47527041262947 1.31504985061474 1.77587425825186 1.2148193300236 1.18943477305584 1.26392317283899 1.07231981027871 1.59056456130929 0 1.48956201481633
1.28899117652327 1.00970558845438 1.21472731442191 0.961916694184765 1.05081638810225 1.55790870636702 1.29020437947474 1.73270905739628 1.9071672053542 1.88345947046764 1.68861485831439 1.89959653071128 0.957900818204507 1.57909894036129 0.99462348036468 1.64556547836401 1.66347757121548 0.926616000477225 1.66680751694366 1.61518446262926 1.20354629098438 1.27068388299085 1.3348602950573 1.89548679138534 1.28329284023494 1.23818992101587 1.3658827287145 1.78146696370095 1.48956201481633 0
