0 1.62808861187659 1.20726300776005 1.36570215132087 1.05212781904265 1.1752101094462 1.25764549360611 1.19885858660564 1.26471776980907 1.65893339202739 1.36401498364285 1.18851751787588 1.33962250640616 1.43618479580618 1.80611241119914 0.958413624204695 1.6513039150741 1.72807370126247 1.66701231873594 1.19752224115655 1.30836385674775 1.39505905704573 1.59272748208605 1.22002422390506 1.67873196885921 1.25849550869316 0.942490595392883 1.07137829950079 1.79929733788595 1.77787112258375
1.62808861187659 0 1.62104056729004 1.41872604889795 1.87507121474482 1.48074351903051 1.90027163759805 1.49874293268658 1.71264574979432 1.78237519180402 1.47166570927948 1.1532408115454 0.943881134036928 1.82889670995064 1.71342071844265 1.2392057266552 0.988402688642964 1.21071761986241 1.00724985846318 1.46945091057569 1.26965715643018 1.31629942217842 1.29095748299733 1.06695642811246 1.00482897995971 1.09709365200251 1.11732108728029 0.923184720333666 1.43643353134394 1.13819431047887
1.20726300776005 1.62104056729004 0 1.63850657688454 1.66328200791031 1.81494331080467 0.994290532078594 1.21770004997961 0.989556273445487 1.69907839456573 1.11799351591617 1.75323554477654 0.988221472362056 1.47703269845806 1.00401998544112 1.77509328792803 1.74234597710893 1.691616009688 1.46035163220949 1.15293163596652 1.34772754996084 1.37665799702518 0.967568636639044 0.926414981018752 1.05249986075796 1.75503338966519 1.16309266444296 1.88481801142916 1.05224578059278 1.86962708644569
1.36570215132087 1.41872604889795 1.63850657688454 0 1.63536597136408 1.68545941240154 1.380971418228 1.78048959211446 1.46864666813053 1.87499112426303 1.16304970509373 1.80149891902693 1.40574109205045 1.31982018984854 1.09682103618979 1.05646674148738 1.09805793268606 0.958565532928333 1.28764700819738 1.30453732283786 1.07063017180189 1.47992144781165 0.948363648029044 1.89806896145456 1.82155072805472 1.42043359577656 1.35011514276266 1.71728681284003 1.54033127357252 1.13088111346588
1.05212781904265 1.87507121474482 1.66328200791031 1.63536597136408 0 1.54144541965798 1.12275868654251 0.950813011964783 1.28311845101416 1.51802145666443 1.56991335446946 1.56298736250028 1.80244890786707 1.34488920285366 1.48261505831033 1.71090725902468 0.933106679003686 1.17677524033934 1.46463202452287 1.35218107001856 0.954751960234717 1.43176024081185 1.07253587106243 1.51489317929372 1.49728155252524 1.30565255461261 1.91514143906534 1.35004082811065 1.02818194916472 1.72232213313691
1.1752101094462 1.48074351903051 1.81494331080467 1.68545941240154 1.54144541965798 0 1.52299233642407 1.77517203381285 1.21033063251525 1.66027793940157 1.24682903871872 0.984488194109872 1.20765726338141 0.960058591561392 1.70970868505538 1.52189771202393 1.48550955462269 1.56942773936316 1.37003395240754 1.05775858554989 1.63433470739983 0.92432113061659 1.57423499575816 1.64977877563797 1.07920809788629 1.81727670948021 1.50221420684829 0.949431964894757 1.49227744410746 1.21643702941947
1.25764549360611 1.90027163759805 0.994290532078594 1.380971418228 1.12275868654251 1.52299233642407 0 1.30197913059965 1.6386764741037 1.18996953801252 1.19904402690008 1.13323764363304 1.45279384939931 1.49160667764954 1.47701383242384 1.91534848534502 0.996895942837 1.18714406248182 1.12266503786668 1.23964336887002 1.37287592818029 1.64079165877774 1.64608768234029 1.57875234656967 1.08450220595114 1.46964178816415 1.48117133206688 1.49972984776832 0.958737346809357 1.62157495692372
1.19885858660564 1.49874293268658 1.21770004997961 1.78048959211446 0.950813011964783 1.77517203381285 1.30197913059965 0 1.8938336938154 1.26838198653422 1.46947384881787 1.5309765371494 1.58659940259531 1.44212002214044 1.2947493030224 1.07726650964469 1.56057857023552 1.80147539381869 1.11660208576359 1.81866178731434 1.72254232107662 1.75984753482044 1.00963046285324 1.50809805467725 1.23541479813866 1.70605720719323 1.82971851271577 1.63461192883551 1.30240143183619 0.99419879517518
1.26471776980907 1.71264574979432 0.989556273445487 1.46864666813053 1.28311845101416 1.21033063251525 1.6386764741037 1.8938336938154 0 1.76706966152415 1.25313489814289 0.940105635207146 1.85522797447629 1.66321820975281 1.90176886180416 0.942869995255023 1.25201878137887 0.979758441448212 1.79253732133657 1.12696771137416 1.66706333961338 0.975874270545319 1.21808362798765 1.28119014715776 1.11546171875671 1.67392185050994 1.35465657198802 1.22097994340584 1.41966342530213 1.86202896013856
1.65893339202739 1.78237519180402 1.69907839456573 1.87499112426303 1.51802145666443 1.66027793940157 1.18996953801252 1.26838198653422 1.76706966152415 0 1.0246097445488 1.30987892998382 1.61144741135649 1.71542891091667 1.79052895773202 1.41740699554794 1.14988927915692 1.75969039974734 1.30609994358383 1.52526260144077 1.68925594585016 1.09630401106551 1.0956233208999 0.998507666634396 0.994673751993105 1.73430756828748 1.48725065286271 1.8649300110992 1.32164807012305 1.33558647660539
1.36401498364285 1.47166570927948 1.11799351591617 1.16304970509373 1.56991335446946 1.24682903871872 1.19904402690008 1.46947384881787 1.25313489814289 1.0246097445488 0 1.58870969922282 1.75143085326999 1.57612148346379 1.79611581005156 0.927672209218144 1.17838269565254 1.22979680704884 1.24193396535702 1.11501044291072 1.14000216242857 1.54573535732925 1.8955906056799 1.77541374578141 1.11883977334946 1.20817774534225 1.86325625726022 1.63914495450445 1.64275270700455 1.15911387605593
1.18851751787588 1.1532408115454 1.75323554477654 1.80149891902693 1.56298736250028 0.984488194109872 1.13323764363304 1.5309765371494 0.940105635207146 1.30987892998382 1.58870969922282 0 1.1271250336431 1.10922451294027 1.51738226716407 1.29269372788258 1.63070219778456 1.80514592980035 1.07416897127405 1.78618746413849 1.16301318840124 1.26369312196039 1.85059426026419 1.8530063778162 1.88656407850794 1.74202996189706 1.55292751314119 1.41893812827766 1.63059816951863 1.41211757133715
1.33962250640616 0.943881134036928 0.988221472362056 1.40574109205045 1.80244890786707 1.20765726338141 1.45279384939931 1.58659940259531 1.85522797447629 1.61144741135649 1.75143085326999 1.1271250336431 0 1.87873196764849 1.07185656158254 1.171529737534 1.79906864091754 1.53017555805854 1.40459118667059 1.81234433082864 1.91781148430891 1.12962308968417 1.63062509684823 1.56259217602201 1.02048994833604 1.60231708199717 1.06275333510712 1.50665111793205 0.998166891513392 1.07242585206404
1.43618479580618 1.82889670995064 1.47703269845806 1.31982018984854 1.34488920285366 0.960058591561392 1.49160667764954 1.44212002214044 1.66321820975281 1.71542891091667 1.57612148346379 1.10922451294027 1.87873196764849 0 1.1417540886905 1.08360344264656 1.80811333842576 1.204536101548 1.0502731828019 1.42977904272266 1.00190969370306 1.36627394333482 1.45329534029588 1.87653807969764 1.18442904599942 0.958648400381207 0.953529737656936 1.51908515789546 0.965248724445701 1.31155933695845
1.80611241119914 1.71342071844265 1.00401998544112 1.09682103618979 1.48261505831033 1.70970868505538 1.47701383242384 1.2947493030224 1.90176886180416 1.79052895773202 1.79611581005156 1.51738226716407 1.07185656158254 1.1417540886905 0 1.06597943184897 1.26915174699388 1.16786262695678 1.00831518834457 1.83606467954814 1.40550223365426 1.51104691927321 1.38629340310581 1.45551997749135 1.00266548362561 1.67139035626315 1.42443261179142 1.17521654441953 1.49417425319552 1.4304040253628
0.958413624204695 1.2392057266552 1.77509328792803 1.05646674148738 1.71090725902468 1.52189771202393 1.91534848534502 1.07726650964469 0.942869995255023 1.41740699554794 0.927672209218144 1.29269372788258 1.171529737534 1.08360344264656 1.06597943184897 0 1.81465286551975 1.38980185310356 1.39327445207164 1.30737850535661 1.46080680470914 1.85093511035666 0.967918396461755 1.0198582096491 1.81005221093073 1.72888862947002 0.97947782673873 1.08455951628275 1.85004516295157 1.20814226591028
1.6513039150741 0.988402688642964 1.74234597710893 1.09805793268606 0.933106679003686 1.48550955462269 0.996895942837 1.56057857023552 1.25201878137887 1.14988927915692 1.17838269565254 1.63070219778456 1.79906864091754 1.80811333842576 1.26915174699388 1.81465286551975 0 1.70327119994909 1.73010800569318 1.19852105109021 1.88478484004736 1.0720716889482 1.71187949809246 1.84892714582384 1.76115754758939 1.90380927501246 1.11678704479709 1.43464067205787 1.03950089146383 1.67781464010477
1.72807370126247 1.21071761986241 1.691616009688 0.958565532928333 1.17677524033934 1.56942773936316 1.18714406248182 1.80147539381869 0.979758441448212 1.75969039974734 1.22979680704884 1.80514592980035 1.53017555805854 1.204536101548 1.16786262695678 1.38980185310356 1.70327119994909 0 1.78417819249444 1.89574660453945 1.0121264597401 1.6534146910999 0.925759734585881 1.58123480668291 1.57728255935945 1.27226242586039 1.62891661422327 1.2861157276202 0.995228382991627 1.62643436109647
1.66701231873594 1.00724985846318 1.46035163220949 1.28764700819738 1.46463202452287 1.37003395240754 1.12266503786668 1.11660208576359 1.79253732133657 1.30609994358383 1.24193396535702 1.07416897127405 1.40459118667059 1.0502731828019 1.00831518834457 1.39327445207164 1.73010800569318 1.78417819249444 0 1.53945026244037 1.80307745654136 1.51529254578054 1.0028948916588 1.3293846976012 1.91851916373707 1.61436345195398 1.11787281581201 1.15128007577732 1.35360799031332 1.72762168990448
1.19752224115655 1.46945091057569 1.15293163596652 1.30453732283786 1.35218107001856 1.05775858554989 1.23964336887002 1.81866178731434 1.12696771137416 1.52526260144077 1.11501044291072 1.78618746413849 1.81234433082864 1.42977904272266 1.83606467954814 1.30737850535661 1.19852105109021 1.89574660453945 1.53945026244037 0 1.8878800526727 1.87820241576992 1.32764824386686 1.64028464746661 1.31692082760856 1.1658099477645 0.956737234722823 1.81050910311751 1.59520039288327 1.01600770140067
1.30836385674775 1.26965715643018 1.34772754996084 1.07063017180189 0.954751960234717 1.63433470739983 1.37287592818029 1.72254232107662 1.66706333961338 1.68925594585016 1.14000216242857 1.16301318840124 1.91781148430891 1.00190969370306 1.40550223365426 1.46080680470914 1.88478484004736 1.0121264597401 1.80307745654136 1.8878800526727 0 1.40604779147543 1.12474693544209 1.64428117754869 1.24014227534644 1.46501510590315 1.53600294096395 1.49517217511311 1.71028403704986 1.17033261130564
1.39505905704573 1.31629942217842 1.37665799702518 1.47992144781165 1.43176024081185 0.92432113061659 1.64079165877774 1.75984753482044 0.975874270545319 1.09630401106551 1.54573535732925 1.26369312196039 1.12962308968417 1.36627394333482 1.51104691927321 1.85093511035666 1.0720716889482 1.6534146910999 1.51529254578054 1.87820241576992 1.40604779147543 0 1.81354607199319 1.19220596016385 1.49379289406352 1.38949121837504 1.02193986158818 1.38370660902001 1.8393499169033 1.50299395038746
1.59272748208605 1.29095748299733 0.967568636639044 0.948363648029044 1.07253587106243 1.57423499575816 1.64608768234029 1.00963046285324 1.21808362798765 1.0956233208999 1.8955906056799 1.85059426026419 1.63062509684823 1.45329534029588 1.38629340310581 0.967918396461755 1.71187949809246 0.925759734585881 1.0028948916588 1.32764824386686 1.12474693544209 1.81354607199319 0 1.33628239715472 1.70264402311295 1.3824926908128 1.05896951956674 0.935219713719562 1.00958853634074 1.52380387927406
1.22002422390506 1.06695642811246 0.926414981018752 1.89806896145456 1.51489317929372 1.64977877563797 1.57875234656967 1.50809805467725 1.28119014715776 0.998507666634396 1.77541374578141 1.8530063778162 1.56259217602201 1.87653807969764 1.45551997749135 1.0198582096491 1.84892714582384 1.58123480668291 1.3293846976012 1.64028464746661 1.64428117754869 1.19220596016385 1.33628239715472 0 1.32010193378665 1.45505448197946 1.30889875697903 1.00335593428463 1.11153110163286 1.01555971452035
1.67873196885921 1.00482897995971 1.05249986075796 1.82155072805472 1.49728155252524 1.07920809788629 1.08450220595114 1.23541479813866 1.11546171875671 0.994673751993105 1.11883977334946 1.88656407850794 1.02048994833604 1.18442904599942 1.00266548362561 1.81005221093073 1.76115754758939 1.57728255935945 1.91851916373707 1.31692082760856 1.24014227534644 1.49379289406352 1.70264402311295 1.32010193378665 0 1.83949123532511 1.5194315132685 1.53509268700145 1.1458565259818 0.96079755644314
1.25849550869316 1.09709365200251 1.75503338966519 1.42043359577656 1.30565255461261 1.81727670948021 1.46964178816415 1.70605720719323 1.67392185050994 1.73430756828748 1.20817774534225 1.74202996189706 1.60231708199717 0.958648400381207 1.67139035626315 1.72888862947002 1.90380927501246 1.27226242586039 1.61436345195398 1.1658099477645 1.46501510590315 1.38949121837504 1.3824926908128 1.45505448197946 1.83949123532511 0 1.48608446121216 1.19677208131179 1.44975103694014 1.20217678649351
0.942490595392883 1.11732108728029 1.16309266444296 1.35011514276266 1.91514143906534 1.50221420684829 1.48117133206688 1.82971851271577 1.35465657198802 1.48725065286271 1.86325625726022 1.55292751314119 1.06275333510712 0.953529737656936 1.42443261179142 0.97947782673873 1.11678704479709 1.62891661422327 1.11787281581201 0.956737234722823 1.53600294096395 1.02193986158818 1.05896951956674 1.30889875697903 1.5194315132685 1.48608446121216 0 1.79861072637141 1.23499800707214 1.1691505308263
1.07137829950079 0.923184720333666 1.88481801142916 1.71728681284003 1.35004082811065 0.949431964894757 1.49972984776832 1.63461192883551 1.22097994340584 1.8649300110992 1.63914495450445 1.41893812827766 1.50665111793205 1.51908515789546 1.17521654441953 1.08455951628275 1.43464067205787 1.2861157276202 1.15128007577732 1.81050910311751 1.49517217511311 1.38370660902001 0.935219713719562 1.00335593428463 1.53509268700145 1.19677208131179 1.79861072637141 0 1.38112299656495 1.09108561091125
1.79929733788595 1.43643353134394 1.05224578059278 1.54033127357252 1.02818194916472 1.49227744410746 0.958737346809357 1.30240143183619 1.41966342530213 1.32164807012305 1.64275270700455 1.63059816951863 0.998166891513392 0.965248724445701 1.49417425319552 1.85004516295157 1.03950089146383 0.995228382991627 1.35360799031332 1.59520039288327 1.71028403704986 1.8393499169033 1.00958853634074 1.11153110163286 1.1458565259818 1.44975103694014 1.23499800707214 1.38112299656495 0 1.13971430016682
1.77787112258375 1.13819431047887 1.86962708644569 1.13088111346588 1.72232213313691 1.21643702941947 1.62157495692372 0.99419879517518 1.86202896013856 1.33558647660539 1.15911387605593 1.41211757133715 1.07242585206404 1.31155933695845 1.4304040253628 1.20814226591028 1.67781464010477 1.62643436109647 1.72762168990448 1.01600770140067 1.17033261130564 1.50299395038746 1.52380387927406 1.01555971452035 0.96079755644314 1.20217678649351 1.1691505308263 1.09108561091125 1.13971430016682 0
