0 1.54544402076863 1.40749458223581 1.01715832436457 1.56972134299576 1.76521685020998 1.35655645467341 1.14001537975855 1.78361607133411 1.09664928121492 1.16114089731127 1.28308629873209 0.954983364092186 1.83880216814578 1.08930601458997 1.77192979864776 1.39628817443736 1.86016345862299 1.63134769164026 1.07549941539764 1.13516428973526 1.36822323757224 1.30802810564637 1.72756953677163 1.66783012752421 1.06456118635833 0.878996828338131 1.27808243269101 1.71888333535753 1.6836698197294
1.54544402076863 0 1.05537181021646 1.79109687311575 1.49609192251228 1.07263604737818 1.31820729421452 1.21115100197494 1.12659128871746 1.38553920434788 1.70647817663848 1.57308034808375 0.895304369274527 0.989178371150047 1.23774124844931 1.11908797197975 1.1635749284178 1.51780134183355 1.08443931653164 1.19467251142487 1.06147843366489 1.31171526224352 1.86311680567451 1.45389097533189 1.06363272224553 1.67016751156189 1.41142265126109 1.47022994305007 1.23242960870266 1.63396334089339
1.40749458223581 1.05537181021646 0 1.28859064728022 1.22160722478293 1.05945955705829 1.17114757094532 1.37226630770601 1.49531262088567 1.07547849649563 1.09364087786525 0.945552767952904 1.15436379495077 1.25025306735188 1.87053187098354 1.56123843230307 1.77263302123174 1.52962711709552 1.36948496941477 1.64718833728693 1.17156644375063 1.35654997313395 1.08481972105801 0.997202270897105 1.66126028564759 1.65346457529813 1.5037330982741 1.76260977657512 1.15061632962897 0.9765269018244
1.01715832436457 1.79109687311575 1.28859064728022 0 1.41222284082323 1.33401132398285 0.969956284854561 1.19803585717455 1.56289532128721 1.37742967973463 1.34960313513875 1.78064626199193 1.489490916254 1.60783165716566 1.30423787538894 1.37884217547253 1.02099915244617 1.6307555870153 1.8108765676152 0.882005129475147 1.86626357398927 1.20699697174132 1.28040475817397 1.62681520683691 0.988326429855078 1.07084292150103 0.965866931481287 1.15475546359085 1.68247946002521 1.21671540942043
1.56972134299576 1.49609192251228 1.22160722478293 1.41222284082323 0 1.33574135019444 0.872344110626727 1.38457759958692 0.9739053635858 1.71684449585155 1.4113750862889 0.911751311970875 0.960003552492708 1.12726487987675 0.945473043946549 1.04094756254926 1.28276435798034 1.68893116316758 1.78227603342384 0.908662418834865 1.29743944806978 1.74322123033926 1.29210928664543 1.83610156271607 1.5484297752846 1.34226989513263 1.49508399725892 1.16117298486643 1.05178614985198 1.65914209606126
1.76521685020998 1.07263604737818 1.05945955705829 1.33401132398285 1.33574135019444 0 0.926885123830289 1.81287340237759 1.20301356189884 1.36480755219236 1.53585886326618 1.37449273001403 1.48878872953355 1.26855361717753 1.11990201380104 1.60480586881749 1.21454374026507 0.8781207005959 1.515299142804 1.71760426321998 1.52221799059771 1.04592530825175 1.22483946382999 1.82769495830871 1.69051038054749 1.17861744086258 1.27599612227641 1.56219143164344 1.30253614950925 1.05848835245706
1.35655645467341 1.31820729421452 1.17114757094532 0.969956284854561 0.872344110626727 0.926885123830289 0 1.27278061374091 1.6478280951269 1.0108721810393 1.38130332762375 1.47622789279558 1.57868510088883 1.49752634903416 1.67136752931401 1.76820017234422 1.72349103400484 1.59069542051293 1.38494799518958 1.4646455666516 0.950977728469297 1.40280286618508 1.686198748881 1.36924475454725 1.47525780764408 0.896426919149235 1.54271448170766 1.19864545040764 1.79098868160509 1.0648707987275
1.14001537975855 1.21115100197494 1.37226630770601 1.19803585717455 1.38457759958692 1.81287340237759 1.27278061374091 0 0.887016692897305 1.34045341215096 1.04018622264266 0.985468023223802 1.56304153893143 1.37915448448621 1.80391451809555 0.952718151034787 1.62084498209879 1.57564135966823 1.87011115718633 1.44899642723612 0.94430439453572 1.31440209737048 1.00160316843539 1.11836297274567 1.65193398040719 0.915351598523557 1.57931911572814 1.1892391203437 1.05247460142709 1.01015589665622
1.78361607133411 1.12659128871746 1.49531262088567 1.56289532128721 0.9739053635858 1.20301356189884 1.6478280951269 0.887016692897305 0 1.03263625479303 1.4506195159629 1.83301033149473 1.14504725951701 1.70337544917129 1.00571542792022 1.32577213901095 1.06899488368072 1.12872374709696 1.22777355043218 1.60835133166984 1.48612099140882 0.955687032314017 1.62195963528939 1.00581909925677 0.887054570484906 1.28524278057739 1.83581857569516 1.63994555431418 1.77851388161071 1.58303067320958
1.09664928121492 1.38553920434788 1.07547849649563 1.37742967973463 1.71684449585155 1.36480755219236 1.0108721810393 1.34045341215096 1.03263625479303 0 1.51269895583391 1.14655480766669 1.43976836651564 1.20473455567844 1.05088389385492 1.73781459289603 1.07555240928195 1.78604865097441 1.86676717968658 1.28302987990901 0.925441164057702 1.6276168236509 1.15038994909264 1.18606645404361 1.76610911823809 1.3869873562362 0.886449771700427 1.24707939522341 0.965068283025175 1.27481618570164
1.16114089731127 1.70647817663848 1.09364087786525 1.34960313513875 1.4113750862889 1.53585886326618 1.38130332762375 1.04018622264266 1.4506195159629 1.51269895583391 0 1.72014096146449 1.65131401433609 0.967030293541029 1.80674422695301 1.10419335542247 1.49489310127683 1.37434471026063 1.62210385059007 1.75492454762571 1.47278018388897 1.49929420556873 1.26050536264665 1.74511917657219 1.00963957794011 1.15282660163939 1.05520260590129 1.45693296333775 1.19568432751112 1.79679495841265
1.28308629873209 1.57308034808375 0.945552767952904 1.78064626199193 0.911751311970875 1.37449273001403 1.47622789279558 0.985468023223802 1.83301033149473 1.14655480766669 1.72014096146449 0 1.77097023674287 1.13312113634311 1.37626521009952 1.6881620765198 1.4321515338961 0.915918710175902 1.86756945797242 1.11025360506028 1.01440467336215 1.14009682065807 1.01100997906178 1.8004173997324 1.71195057663135 1.74578271456994 1.83086743880995 0.951696131145582 1.68899334361777 1.81611282168888
0.954983364092186 0.895304369274527 1.15436379495077 1.489490916254 0.960003552492708 1.48878872953355 1.57868510088883 1.56304153893143 1.14504725951701 1.43976836651564 1.65131401433609 1.77097023674287 0 1.18303781258874 0.956086750375107 1.17444932973012 1.80532240169123 1.67513773357496 1.53268945659511 1.58723655785434 1.35676488187164 1.49088393477723 1.19661702471785 1.46195212425664 1.67707646428607 1.76345946919173 1.31286419252865 1.24814442708157 0.92196755670011 1.56725201988593
1.83880216814578 0.989178371150047 1.25025306735188 1.60783165716566 1.12726487987675 1.26855361717753 1.49752634903416 1.37915448448621 1.70337544917129 1.20473455567844 0.967030293541029 1.13312113634311 1.18303781258874 0 0.979135094443336 1.75227952701971 1.15177986049093 1.79703553323634 1.62097603012808 1.20885216677561 1.81352069438435 0.927912357496098 1.25894209463149 0.903017658973113 1.3675720738247 1.45729183172807 1.10757155576721 1.72407640400343 1.74089023820125 1.54949387023225
1.08930601458997 1.23774124844931 1.87053187098354 1.30423787538894 0.945473043946549 1.11990201380104 1.67136752931401 1.80391451809555 1.00571542792022 1.05088389385492 1.80674422695301 1.37626521009952 0.956086750375107 0.979135094443336 0 1.74937003315426 1.86988190771081 1.61383036174811 1.71294775907882 1.72356036910787 0.879210100276396 1.41947501827963 1.35104460758157 1.50032029976137 0.96130658662878 1.36903805122711 1.06777084129862 1.41578461462632 0.923695784760639 1.02276974450797
1.77192979864776 1.11908797197975 1.56123843230307 1.37884217547253 1.04094756254926 1.60480586881749 1.76820017234422 0.952718151034787 1.32577213901095 1.73781459289603 1.10419335542247 1.6881620765198 1.17444932973012 1.75227952701971 1.74937003315426 0 1.43797065876424 1.18653931864537 1.71538052824326 1.35989620443434 1.49209578102455 1.60579406400211 1.76460329280235 1.21568785514683 1.12428355915472 1.05977225489914 1.52737894328311 1.7281755474396 1.659151337808 1.05938015063293
1.39628817443736 1.1635749284178 1.77263302123174 1.02099915244617 1.28276435798034 1.21454374026507 1.72349103400484 1.62084498209879 1.06899488368072 1.07555240928195 1.49489310127683 1.4321515338961 1.80532240169123 1.15177986049093 1.86988190771081 1.43797065876424 0 1.4717318455223 1.15822141221724 1.55827152985148 1.23224718612619 1.33896559639834 1.11713545909151 1.60392884467728 1.42988673574291 1.77696352801286 1.17278753244318 1.67267821007408 1.43605854362249 1.07411347329617
1.86016345862299 1.51780134183355 1.52962711709552 1.6307555870153 1.68893116316758 0.8781207005959 1.59069542051293 1.57564135966823 1.12872374709696 1.78604865097441 1.37434471026063 0.915918710175902 1.67513773357496 1.79703553323634 1.61383036174811 1.18653931864537 1.4717318455223 0 1.51077168807387 1.59307927591726 0.902471463661641 1.06245944090188 0.976881636073813 1.859643580392 1.54588400945067 1.61517993034795 1.86407803441398 1.67120206472464 0.992736453423277 1.6512349084951
1.63134769164026 1.08443931653164 1.36948496941477 1.8108765676152 1.78227603342384 1.515299142804 1.38494799518958 1.87011115718633 1.22777355043218 1.86676717968658 1.62210385059007 1.86756945797242 1.53268945659511 1.62097603012808 1.71294775907882 1.71538052824326 1.15822141221724 1.51077168807387 0 0.92887143814005 1.75514530832879 1.44508264353499 1.20531968260184 1.1244035968557 1.00372037501074 1.44790861615911 1.14474925212562 1.03462674235925 1.51125927222893 1.43192822649144
1.07549941539764 1.19467251142487 1.64718833728693 0.882005129475147 0.908662418834865 1.71760426321998 1.4646455666516 1.44899642723612 1.60835133166984 1.28302987990901 1.75492454762571 1.11025360506028 1.58723655785434 1.20885216677561 1.72356036910787 1.35989620443434 1.55827152985148 1.59307927591726 0.92887143814005 0 1.63568040635437 1.06428831350058 0.900502974865958 1.11976691731252 1.6434646199923 1.15700985887088 1.28958761971444 0.924781166249886 1.11786725535057 1.41625332203694
1.13516428973526 1.06147843366489 1.17156644375063 1.86626357398927 1.29743944806978 1.52221799059771 0.950977728469297 0.94430439453572 1.48612099140882 0.925441164057702 1.47278018388897 1.01440467336215 1.35676488187164 1.81352069438435 0.879210100276396 1.49209578102455 1.23224718612619 0.902471463661641 1.75514530832879 1.63568040635437 0 1.76536444621161 1.21967670274898 1.59573677368462 1.1992228126619 1.14430191367865 0.965926031582057 0.971193799050525 1.30948958802037 1.2849913854152
1.36822323757224 1.31171526224352 1.35654997313395 1.20699697174132 1.74322123033926 1.04592530825175 1.40280286618508 1.31440209737048 0.955687032314017 1.6276168236509 1.49929420556873 1.14009682065807 1.49088393477723 0.927912357496098 1.41947501827963 1.60579406400211 1.33896559639834 1.06245944090188 1.44508264353499 1.06428831350058 1.76536444621161 0 1.4464366810862 1.35675810044631 1.03719669603743 0.998752932995558 1.6460333627183 1.21202398370951 1.12369439261965 1.40317296842113
1.30802810564637 1.86311680567451 1.08481972105801 1.28040475817397 1.29210928664543 1.22483946382999 1.686198748881 1.00160316843539 1.62195963528939 1.15038994909264 1.26050536264665 1.01100997906178 1.19661702471785 1.25894209463149 1.35104460758157 1.76460329280235 1.11713545909151 0.976881636073813 1.20531968260184 0.900502974865958 1.21967670274898 1.4464366810862 0 0.994772499194369 1.05473109730519 1.01231648842804 1.5391703764908 1.67607560777105 0.910499971825629 1.37799165421166
1.72756953677163 1.45389097533189 0.997202270897105 1.62681520683691 1.83610156271607 1.82769495830871 1.36924475454725 1.11836297274567 1.00581909925677 1.18606645404361 1.74511917657219 1.8004173997324 1.46195212425664 0.903017658973113 1.50032029976137 1.21568785514683 1.60392884467728 1.859643580392 1.1244035968557 1.11976691731252 1.59573677368462 1.35675810044631 0.994772499194369 0 1.52412259881385 1.4192652197089 1.68167676520534 1.09476624638774 1.27458337740973 1.62704407400452
1.66783012752421 1.06363272224553 1.66126028564759 0.988326429855078 1.5484297752846 1.69051038054749 1.47525780764408 1.65193398040719 0.887054570484906 1.76610911823809 1.00963957794011 1.71195057663135 1.67707646428607 1.3675720738247 0.96130658662878 1.12428355915472 1.42988673574291 1.54588400945067 1.00372037501074 1.6434646199923 1.1992228126619 1.03719669603743 1.05473109730519 1.52412259881385 0 1.36308468319476 1.57408984191716 1.12674575904384 1.57917319377884 1.30217440705746
1.06456118635833 1.67016751156189 1.65346457529813 1.07084292150103 1.34226989513263 1.17861744086258 0.896426919149235 0.915351598523557 1.28524278057739 1.3869873562362 1.15282660163939 1.74578271456994 1.76345946919173 1.45729183172807 1.36903805122711 1.05977225489914 1.77696352801286 1.61517993034795 1.44790861615911 1.15700985887088 1.14430191367865 0.998752932995558 1.01231648842804 1.4192652197089 1.36308468319476 0 1.79486703895964 1.75178503827192 1.12301145866513 1.14070571772754
0.878996828338131 1.41142265126109 1.5037330982741 0.965866931481287 1.49508399725892 1.27599612227641 1.54271448170766 1.57931911572814 1.83581857569516 0.886449771700427 1.05520260590129 1.83086743880995 1.31286419252865 1.10757155576721 1.06777084129862 1.52737894328311 1.17278753244318 1.86407803441398 1.14474925212562 1.28958761971444 0.965926031582057 1.6460333627183 1.5391703764908 1.68167676520534 1.57408984191716 1.79486703895964 0 1.1126809916459 1.31929998775013 1.23737915582024
1.27808243269101 1.47022994305007 1.76260977657512 1.15475546359085 1.16117298486643 1.56219143164344 1.19864545040764 1.1892391203437 1.63994555431418 1.24707939522341 1.45693296333775 0.951696131145582 1.24814442708157 1.72407640400343 1.41578461462632 1.7281755474396 1.67267821007408 1.67120206472464 1.03462674235925 0.924781166249886 0.971193799050525 1.21202398370951 1.67607560777105 1.09476624638774 1.12674575904384 1.75178503827192 1.1126809916459 0 1.46652603987604 1.40822517080233
1.71888333535753 1.23242960870266 1.15061632962897 1.68247946002521 1.05178614985198 1.30253614950925 1.79098868160509 1.05247460142709 1.77851388161071 0.965068283025175 1.19568432751112 1.68899334361777 0.92196755670011 1.74089023820125 0.923695784760639 1.659151337808 1.43605854362249 0.992736453423277 1.51125927222893 1.11786725535057 1.30948958802037 1.12369439261965 0.910499971825629 1.27458337740973 1.57917319377884 1.12301145866513 1.31929998775013 1.46652603987604 0 1.06758874468505
1.6836698197294 1.63396334089339 0.9765269018244 1.21671540942043 1.65914209606126 1.05848835245706 1.0648707987275 1.01015589665622 1.58303067320958 1.27481618570164 1.79679495841265 1.81611282168888 1.56725201988593 1.54949387023225 1.02276974450797 1.05938015063293 1.07411347329617 1.6512349084951 1.43192822649144 1.41625332203694 1.2849913854152 1.40317296842113 1.37799165421166 1.62704407400452 1.30217440705746 1.14070571772754 1.23737915582024 1.40822517080233 1.06758874468505 0
