0 1.06813700660132 0.926695805275813 1.4671791694127 1.75568492594175 1.85264845448546 1.26107293879613 1.79446972440928 1.40222076117061 1.56179213267751 1.6692881139461 1.41022284235805 1.1750794115942 1.35713255824521 1.48702636524104 0.984282248886302 1.32866378477775 1.00408521015197 1.53333058743738 1.66954726725817 1.54660353460349 1.89090482401662 1.21207607956603 1.31311176368035 1.15561109036207 1.86874761153013 0.971840503625572 1.68476932053454 1.35455379309133 1.2042302293703
1.06813700660132 0 1.51866031554528 1.3246201958973 1.19579948345199 1.61214997246861 1.10459167324007 1.10650629200973 1.21520188869908 0.98531352286227 1.25169815984555 1.65362837840803 1.83877587039024 1.47581510758027 1.4140580650419 1.67524329386652 1.47862068284303 1.12272860319354 1.20680731558241 1.58479344006628 1.17517334292643 1.04162480169907 0.976714532123879 1.05991885229014 1.22281444375403 1.39425800787285 1.11129869124852 1.4570873407647 1.24854696076363 1.64048891677521
0.926695805275813 1.51866031554528 0 1.44227714347653 1.75440411712043 1.76792318327352 0.995005091652274 1.68949771788903 1.82576234266162 1.05603301362135 1.75008771056309 1.5622423265595 1.33316744491458 1.22537002316676 1.82188920397311 1.05738629237749 1.57251311792061 1.30748811527155 1.66024594171904 1.59611701336689 1.40466044726782 1.3101372027304 1.51088993949816 1.32752251718193 0.995539052411914 1.54250136506744 1.8449477602262 1.57011900609359 1.73522604303434 1.00195798627101
1.4671791694127 1.3246201958973 1.44227714347653 0 1.12253456376493 1.02197455335408 0.937832943629473 1.40443829679862 1.02057152660564 1.87841220968403 1.72481743432581 1.29666924732737 1.47347149765119 1.66700074356049 1.16355793550611 1.24124955968 1.23563071782701 1.12107140384614 1.85396699979901 1.62256571138278 1.46433361782692 1.79298488306813 1.88966411165893 1.91231172019616 1.3256984599866 1.84468081197701 1.658432982862 1.27811462874524 1.42683403450064 1.30639719311148
1.75568492594175 1.19579948345199 1.75440411712043 1.12253456376493 0 1.2003141134046 1.34465288883075 1.59170915326104 1.42151699750684 1.17461289931089 1.90584007371217 1.46015966776758 1.80528001533821 1.05661632074043 1.25235434155911 1.55505870352499 1.84120600228198 1.66752607864328 0.951990273315459 1.04207381373271 1.46031622774899 1.69745523785241 1.88320432812907 1.05201666685753 1.18374123843387 1.63224283372983 1.41623392235488 1.4165584736038 1.69385493546724 1.79781985725276
1.85264845448546 1.61214997246861 1.76792318327352 1.02197455335408 1.2003141134046 0 0.966867053881288 1.42466052807868 1.85774671472609 1.41265334375203 1.5202955706045 1.34761667298153 1.54281514370814 1.66082968143746 1.86132607934996 1.70932536525652 1.8625320608262 1.89497390738688 1.11246187868528 1.71004013367929 1.69765153294429 1.24672191496938 1.16486425604671 1.02522765076719 1.88452676637098 1.33716234541498 1.19607585971244 1.34467903943732 1.44083674694411 1.58516377001069
1.26107293879613 1.10459167324007 0.995005091652274 0.937832943629473 1.34465288883075 0.966867053881288 0 1.05413211486302 1.61320256139152 1.03814741247334 1.6759434309788 0.954744950169697 1.27970094978809 1.09591240691952 1.48774809134193 0.963652431964874 1.61493723257445 1.58907215879299 0.946508163586259 1.08290492324159 1.19285578234121 1.46623513102531 1.50898529472761 1.05821737321094 0.978239445015788 1.83299359050579 1.81359481485561 1.63497001165524 1.55629764753394 1.58374759112485
1.79446972440928 1.10650629200973 1.68949771788903 1.40443829679862 1.59170915326104 1.42466052807868 1.05413211486302 0 1.43004041304812 1.17578240018338 1.16880628163926 1.7566654374823 1.36546412506141 1.19261748041026 1.03237687586807 1.60789374820888 1.83333156560548 1.11452108295634 1.28647743840702 1.24246174003929 1.79386541899294 1.31070344476029 1.42474262975156 1.86433260841295 1.8821867282968 1.21070463443175 1.4860615839716 1.04341734549962 1.16980410716496 1.84474900364876
1.40222076117061 1.21520188869908 1.82576234266162 1.02057152660564 1.42151699750684 1.85774671472609 1.61320256139152 1.43004041304812 0 1.66502352035604 1.85666653164662 1.87351954728365 1.09284879779443 1.33785900473595 1.44323848327622 1.29178268811665 1.46526024979539 1.06060187867843 1.69569638860412 1.63468992081471 1.51766269723885 1.19570941943675 0.962617275770754 1.91099207662046 1.04720077780075 1.70179803995416 1.019160696771 1.02103158831596 1.27410433162004 1.52225664746948
1.56179213267751 0.98531352286227 1.05603301362135 1.87841220968403 1.17461289931089 1.41265334375203 1.03814741247334 1.17578240018338 1.66502352035604 0 1.72187258279882 1.70925098005682 0.935363109689206 1.18472827086225 1.91975126112811 1.00221207458526 1.64433482382447 1.71256248932332 1.19134569889866 1.86474776966497 1.91654939507134 1.02970371861011 0.994904762133956 1.57365956134163 0.964483357965946 1.63854367192835 1.2317996234633 1.84364056331106 0.997015054803342 1.47306506731547
1.6692881139461 1.25169815984555 1.75008771056309 1.72481743432581 1.90584007371217 1.5202955706045 1.6759434309788 1.16880628163926 1.85666653164662 1.72187258279882 0 1.57567497249693 1.77379583474249 1.7362208943814 0.970062323845923 1.79179351148196 1.4741902067326 1.73970924923196 1.57530266814865 1.21347149414942 1.53803680534475 1.3094298155047 0.95133648160845 1.91769746202044 0.933964709984139 0.932685072999448 1.45522127952427 0.958221724489704 1.24938092031516 1.68688161647879
1.41022284235805 1.65362837840803 1.5622423265595 1.29666924732737 1.46015966776758 1.34761667298153 0.954744950169697 1.7566654374823 1.87351954728365 1.70925098005682 1.57567497249693 0 1.50339710246772 1.45328022260219 1.92085055820644 1.73747394047678 1.41850059875287 1.40630929148756 1.89807048020884 0.971521962666884 1.81180687248707 1.56622986239381 1.73848366970196 1.70244995341636 1.40319843636826 1.62740522250533 1.89274254953489 1.32164228125475 1.62265320657752 1.15148137300275
1.1750794115942 1.83877587039024 1.33316744491458 1.47347149765119 1.80528001533821 1.54281514370814 1.27970094978809 1.36546412506141 1.09284879779443 0.935363109689206 1.77379583474249 1.50339710246772 0 1.44130090204999 1.63561506848782 1.71194182056934 1.0582380797714 1.47196870902553 1.56740048667416 1.02499059378169 1.42000193800777 1.75357640814036 1.56272311322391 1.39802930201404 1.34977731271647 1.26185768260621 1.80725822551176 1.40552238654345 0.930001201340929 1.2738375950139
1.35713255824521 1.47581510758027 1.22537002316676 1.66700074356049 1.05661632074043 1.66082968143746 1.09591240691952 1.19261748041026 1.33785900473595 1.18472827086225 1.7362208943814 1.45328022260219 1.44130090204999 0 1.76850302238017 1.87456902721897 1.0401927519124 1.15631571901031 1.31238289433531 1.1586337282788 1.49013344640844 1.05337151465937 1.13875698903576 1.79714338271879 1.20350670744665 1.49731676699594 1.84149679262191 1.53837141022086 1.38251794828102 1.51605120277964
1.48702636524104 1.4140580650419 1.82188920397311 1.16355793550611 1.25235434155911 1.86132607934996 1.48774809134193 1.03237687586807 1.44323848327622 1.91975126112811 0.970062323845923 1.92085055820644 1.63561506848782 1.76850302238017 0 1.45164380851202 1.78912294725887 1.7162983303424 1.20638717571273 1.04439002764411 1.59475662722252 1.16025615972467 1.67640131758526 1.31762354448438 1.54026815015823 1.7803946537897 1.29142165300436 0.969819071004167 1.57477781362832 1.8469762194436
0.984282248886302 1.67524329386652 1.05738629237749 1.24124955968 1.55505870352499 1.70932536525652 0.963652431964874 1.60789374820888 1.29178268811665 1.00221207458526 1.79179351148196 1.73747394047678 1.71194182056934 1.87456902721897 1.45164380851202 0 1.23222523857839 1.75327264820226 1.54546437156387 1.2527545420453 1.14666127273813 1.23677284899168 1.54180504288524 1.09506685519591 1.17476405017078 1.49074346595444 1.2794750649482 1.39795457618311 1.83956733369268 1.01502540544607
1.32866378477775 1.47862068284303 1.57251311792061 1.23563071782701 1.84120600228198 1.8625320608262 1.61493723257445 1.83333156560548 1.46526024979539 1.64433482382447 1.4741902067326 1.41850059875287 1.0582380797714 1.0401927519124 1.78912294725887 1.23222523857839 0 1.90129723423161 0.930937393102795 1.54951211647131 1.0272882997524 1.72900209669024 1.69768725475296 1.80174483708106 1.70285394531675 1.80792262079194 1.20751302526332 1.87663803622127 1.37878451030701 0.976334342965856
1.00408521015197 1.12272860319354 1.30748811527155 1.12107140384614 1.66752607864328 1.89497390738688 1.58907215879299 1.11452108295634 1.06060187867843 1.71256248932332 1.73970924923196 1.40630929148756 1.47196870902553 1.15631571901031 1.7162983303424 1.75327264820226 1.90129723423161 0 1.0230125351809 1.01633700309321 1.13071775971912 1.53825660003349 1.43317017378286 1.07660694024526 0.948144282912835 1.68762957537547 1.80405028280802 1.79416458518244 1.17827239795588 1.36039619450457
1.53333058743738 1.20680731558241 1.66024594171904 1.85396699979901 0.951990273315459 1.11246187868528 0.946508163586259 1.28647743840702 1.69569638860412 1.19134569889866 1.57530266814865 1.89807048020884 1.56740048667416 1.31238289433531 1.20638717571273 1.54546437156387 0.930937393102795 1.0230125351809 0 1.71988292806782 1.3114373376593 1.5023667672649 1.1551862845663 1.70951615436934 1.10507977148518 1.84685137681663 1.70666004903615 1.27198885451071 1.04325300687924 1.58968500373885
1.66954726725817 1.58479344006628 1.59611701336689 1.62256571138278 1.04207381373271 1.71004013367929 1.08290492324159 1.24246174003929 1.63468992081471 1.86474776966497 1.21347149414942 0.971521962666884 1.02499059378169 1.1586337282788 1.04439002764411 1.2527545420453 1.54951211647131 1.01633700309321 1.71988292806782 0 1.24473823537119 1.83919630665332 1.40678061754443 1.34364857361652 1.01620818837546 1.61939330282621 1.63547947932966 1.00948591530323 1.02574091241695 1.27747800666839
1.54660353460349 1.17517334292643 1.40466044726782 1.46433361782692 1.46031622774899 1.69765153294429 1.19285578234121 1.79386541899294 1.51766269723885 1.91654939507134 1.53803680534475 1.81180687248707 1.42000193800777 1.49013344640844 1.59475662722252 1.14666127273813 1.0272882997524 1.13071775971912 1.3114373376593 1.24473823537119 0 0.942556137917563 1.9243897490669 1.36530666938052 1.69601498963311 1.15277990675531 1.32786273187958 1.38443005643785 1.69524355954491 1.50752133340575
1.89090482401662 1.04162480169907 1.3101372027304 1.79298488306813 1.69745523785241 1.24672191496938 1.46623513102531 1.31070344476029 1.19570941943675 1.02970371861011 1.3094298155047 1.56622986239381 1.75357640814036 1.05337151465937 1.16025615972467 1.23677284899168 1.72900209669024 1.53825660003349 1.5023667672649 1.83919630665332 0.942556137917563 0 1.28860411955975 1.06021982803941 1.62985079269856 1.09035771363415 1.31924644066021 1.54083403409459 0.961935954168439 1.65703226975165
1.21207607956603 0.976714532123879 1.51088993949816 1.88966411165893 1.88320432812907 1.16486425604671 1.50898529472761 1.42474262975156 0.962617275770754 0.994904762133956 0.95133648160845 1.73848366970196 1.56272311322391 1.13875698903576 1.67640131758526 1.54180504288524 1.69768725475296 1.43317017378286 1.1551862845663 1.40678061754443 1.9243897490669 1.28860411955975 0 1.81505957688205 0.935970885679126 1.8840215546079 1.10724791558459 1.89380780188367 1.2363578400109 1.64408384100534
1.31311176368035 1.05991885229014 1.32752251718193 1.91231172019616 1.05201666685753 1.02522765076719 1.05821737321094 1.86433260841295 1.91099207662046 1.57365956134163 1.91769746202044 1.70244995341636 1.39802930201404 1.79714338271879 1.31762354448438 1.09506685519591 1.80174483708106 1.07660694024526 1.70951615436934 1.34364857361652 1.36530666938052 1.06021982803941 1.81505957688205 0 1.52406304958276 1.87171665998176 1.16418748442084 1.24709604587406 1.52239248692058 0.999767231056467
1.15561109036207 1.22281444375403 0.995539052411914 1.3256984599866 1.18374123843387 1.88452676637098 0.978239445015788 1.8821867282968 1.04720077780075 0.964483357965946 0.933964709984139 1.40319843636826 1.34977731271647 1.20350670744665 1.54026815015823 1.17476405017078 1.70285394531675 0.948144282912835 1.10507977148518 1.01620818837546 1.69601498963311 1.62985079269856 0.935970885679126 1.52406304958276 0 1.48920056503266 1.36611747276038 1.50769509235397 1.10344548686408 1.65376129536889
1.86874761153013 1.39425800787285 1.54250136506744 1.84468081197701 1.63224283372983 1.33716234541498 1.83299359050579 1.21070463443175 1.70179803995416 1.63854367192835 0.932685072999448 1.62740522250533 1.26185768260621 1.49731676699594 1.7803946537897 1.49074346595444 1.80792262079194 1.68762957537547 1.84685137681663 1.61939330282621 1.15277990675531 1.09035771363415 1.8840215546079 1.87171665998176 1.48920056503266 0 1.13489185110666 1.652792673558 1.45000683632679 1.22645995486528
0.971840503625572 1.11129869124852 1.8449477602262 1.658432982862 1.41623392235488 1.19607585971244 1.81359481485561 1.4860615839716 1.019160696771 1.2317996234633 1.45522127952427 1.89274254953489 1.80725822551176 1.84149679262191 1.29142165300436 1.2794750649482 1.20751302526332 1.80405028280802 1.70666004903615 1.63547947932966 1.32786273187958 1.31924644066021 1.10724791558459 1.16418748442084 1.36611747276038 1.13489185110666 0 1.22593353688717 1.01803775457665 1.13761028274894
1.68476932053454 1.4570873407647 1.57011900609359 1.27811462874524 1.4165584736038 1.34467903943732 1.63497001165524 1.04341734549962 1.02103158831596 1.84364056331106 0.958221724489704 1.32164228125475 1.40552238654345 1.53837141022086 0.969819071004167 1.39795457618311 1.87663803622127 1.79416458518244 1.27198885451071 1.00948591530323 1.38443005643785 1.54083403409459 1.89380780188367 1.24709604587406 1.50769509235397 1.652792673558 1.22593353688717 0 1.4546838758979 0.969684285810217
1.35455379309133 1.24854696076363 1.73522604303434 1.42683403450064 1.69385493546724 1.44083674694411 1.55629764753394 1.16980410716496 1.27410433162004 0.997015054803342 1.24938092031516 1.62265320657752 0.930001201340929 1.38251794828102 1.57477781362832 1.83956733369268 1.37878451030701 1.17827239795588 1.04325300687924 1.02574091241695 1.69524355954491 0.961935954168439 1.2363578400109 1.52239248692058 1.10344548686408 1.45000683632679 1.01803775457665 1.4546838758979 0 1.5875396525953
1.2042302293703 1.64048891677521 1.00195798627101 1.30639719311148 1.79781985725276 1.58516377001069 1.58374759112485 1.84474900364876 1.52225664746948 1.47306506731547 1.68688161647879 1.15148137300275 1.2738375950139 1.51605120277964 1.8469762194436 1.01502540544607 0.976334342965856 1.36039619450457 1.58968500373885 1.27747800666839 1.50752133340575 1.65703226975165 1.64408384100534 0.999767231056467 1.65376129536889 1.22645995486528 1.13761028274894 0.969684285810217 1.5875396525953 0
