0 1.38458978151903 1.27219351567328 1.61422367254272 1.00189912621863 1.22102228133008 0.972625348949805 1.90117734321393 1.01560264523141 1.66762500884943 1.00564663787372 1.00288664107211 1.76807842846029 1.88055857061408 1.42920842953026 1.00044440268539 1.14800115511753 1.48187748505734 1.64523299550638 1.7666485584341 1.65149064641446 1.37466928828508 0.92382518784143 1.60343433870003 1.39702383894473 1.62331781885587 0.950805258005857 1.50892806868069 1.74263608735055 1.04226154345088
1.38458978151903 0 1.78749083727598 1.58895893534645 1.43891815422103 1.64115049201064 1.54636132530868 1.44338875520043 1.67392855463549 1.00626599881798 1.21833670325577 1.55653182906099 1.90658307773992 1.14175256318413 0.919214269379154 1.44685672642663 1.01232360885479 1.51355717913248 1.46455716178752 1.47899884660728 1.70242393063381 1.51864721858874 1.02526330854744 1.89698059647344 1.06641027377918 1.78900495381095 1.12093355413526 1.36887083039619 1.36670543299988 1.27540609263815
1.27219351567328 1.78749083727598 0 1.05158836278133 1.14760279888287 1.59304997930303 1.78414687421173 1.4779391833581 1.65615138504654 0.970558572327718 1.85035089100711 1.24253902840428 1.60672367247753 1.0511255832389 1.25834039761685 1.10981558193453 1.66376102156937 1.48077438538894 1.1028221026063 1.35709824995138 1.56965384585783 1.37897439463995 1.58508528838865 1.83408708195202 1.56123245577328 1.88543087872677 1.28530289325863 1.85033883037977 0.94099972769618 1.41635828907602
1.61422367254272 1.58895893534645 1.05158836278133 0 1.39382577245124 1.59287316561677 1.12683628732339 1.06742846383713 1.66058939020149 1.70480506890453 1.51420341036282 1.1678525491152 1.56313956505619 0.926397448405623 1.10763335670345 1.02560639381409 1.08959250850603 1.82054999563843 0.985503154806793 1.66314221639186 1.50568466144614 1.7699510352686 1.88717920146883 1.45862433733419 1.54150574444793 1.82724996609613 1.56510298559442 1.09738371009007 1.17634254368022 0.946055400418118
1.00189912621863 1.43891815422103 1.14760279888287 1.39382577245124 0 1.50147913326509 1.51510206237435 1.20350516261533 0.972326340619475 1.11891280859709 1.17597670736723 1.8186001428403 1.03452383843251 1.04590218234807 1.86351993121207 1.70534574449994 0.97785097383894 1.86447851848789 1.03248983505182 0.941154780099168 1.18690262362361 1.14151606569067 1.22864046413451 1.85800394741818 1.44857066869736 1.06899847649038 1.37837024219334 1.1890600642655 1.56500004115514 1.45387091813609
1.22102228133008 1.64115049201064 1.59304997930303 1.59287316561677 1.50147913326509 0 1.41572342161089 1.52394803892821 0.995806798571721 1.41510260198265 1.102474816842 1.11813192791305 1.3931188613642 1.63594608008862 1.68040678673424 1.35413479618728 1.44503182615153 1.34197389311157 1.72635921556503 0.996061832876876 1.28660816606134 1.11485024075955 1.52812820626423 1.70592744997703 1.27727755974047 1.0215667639859 1.49461902608164 1.82337660016492 0.928820550674573 1.32663642033003
0.972625348949805 1.54636132530868 1.78414687421173 1.12683628732339 1.51510206237435 1.41572342161089 0 0.928551994264126 1.40789869730361 1.83607060997747 1.83817168883979 1.79976365761831 1.31896553188562 1.86309456173331 1.33407419617288 1.0365462503396 1.01137022627518 1.65742437844165 0.97356551932171 1.47543529607356 1.09435913781635 1.79080748418346 1.41360290558077 1.47327888337895 1.35765574220568 1.57072655670345 1.52039411151782 1.63720864383504 1.68241567141376 1.7857504230924
1.90117734321393 1.44338875520043 1.4779391833581 1.06742846383713 1.20350516261533 1.52394803892821 0.928551994264126 0 1.00531091331504 1.42820896604098 1.22269844939001 1.53772531007417 0.937183096073568 1.42142195999622 1.72991848178208 1.51402215729468 1.1272377059795 1.10722194495611 1.50661520729773 0.978353120852262 1.67705862061121 1.80273933894932 1.66879514674656 1.62078325939365 1.84635837026872 1.62551539717242 1.11860215524212 1.35296625387855 1.07057361723855 1.67663750029169
1.01560264523141 1.67392855463549 1.65615138504654 1.66058939020149 0.972326340619475 0.995806798571721 1.40789869730361 1.00531091331504 0 1.34063497022726 1.90790292620659 1.53362640785053 1.04489859868772 1.1157767791301 0.966769476188347 1.27516697137617 1.05467060650699 1.37902136566117 1.42331678327173 1.09702997887507 1.14813906722702 1.44831942906603 1.22430734429508 1.70163917215541 1.30605894955806 1.67189043923281 1.53575075836852 1.34271676372737 1.89920763508417 1.46646830649115
1.66762500884943 1.00626599881798 0.970558572327718 1.70480506890453 1.11891280859709 1.41510260198265 1.83607060997747 1.42820896604098 1.34063497022726 0 1.73555778013542 1.90743205929175 1.02095540100709 1.62703310814686 1.20361198415048 1.59097586805001 1.39076575869694 1.76800879859366 1.29699619649909 1.39874134329148 0.935100610367954 1.4969243616797 1.10208321735263 1.5045247792732 1.82410962344147 1.20141330105253 1.80819732625969 1.61739103705622 1.13935704226606 1.78896076488309
1.00564663787372 1.21833670325577 1.85035089100711 1.51420341036282 1.17597670736723 1.102474816842 1.83817168883979 1.22269844939001 1.90790292620659 1.73555778013542 0 1.85798473632894 1.82233690633439 1.37195838964544 1.30409527546726 0.966043538181111 1.60195904574357 1.82520630839281 1.04000248294324 1.60660923877731 1.34405898628756 1.20642506564036 1.80342662031762 1.7405651435256 1.12815835396759 1.03471115394495 1.20589836314321 1.48502076626755 1.14733422081918 1.18945078132674
1.00288664107211 1.55653182906099 1.24253902840428 1.1678525491152 1.8186001428403 1.11813192791305 1.79976365761831 1.53772531007417 1.53362640785053 1.90743205929175 1.85798473632894 0 1.3532525091432 0.991240551462397 1.17812979384325 1.41802855627611 1.19326681224629 1.54513458278961 1.17787448270246 1.77614982938394 1.27706562192179 1.7894432360772 1.15588552854024 1.38873768807389 0.920826142886654 1.42007815791294 1.23799855308607 1.07055517472327 1.52776347682811 1.56352908746339
1.76807842846029 1.90658307773992 1.60672367247753 1.56313956505619 1.03452383843251 1.3931188613642 1.31896553188562 0.937183096073568 1.04489859868772 1.02095540100709 1.82233690633439 1.3532525091432 0 1.43075231253169 1.07873273198493 1.87868407019414 1.59249615320005 1.66196515318006 1.18540487671271 1.88477143831551 1.4848503943067 1.10245244624093 0.935434111393988 1.59893131419085 1.61651147529483 1.87100360938348 1.32865884667262 1.45860650506802 1.29128682613373 1.45069565996528
1.88055857061408 1.14175256318413 1.0511255832389 0.926397448405623 1.04590218234807 1.63594608008862 1.86309456173331 1.42142195999622 1.1157767791301 1.62703310814686 1.37195838964544 0.991240551462397 1.43075231253169 0 1.26231224951334 1.84175626025535 1.65970797231421 1.41166687826626 1.46546417567879 1.48590626078658 1.05897220876068 1.09989826823585 1.52429836709052 1.33821746846661 1.79636239516549 1.77725406596437 1.08660679869354 1.5531456687022 1.43809474841692 1.8195557272993
1.42920842953026 0.919214269379154 1.25834039761685 1.10763335670345 1.86351993121207 1.68040678673424 1.33407419617288 1.72991848178208 0.966769476188347 1.20361198415048 1.30409527546726 1.17812979384325 1.07873273198493 1.26231224951334 0 1.00807889038697 1.43526633828878 0.983961989870295 1.17745321663097 1.47634166874923 1.68448676588014 1.35716453776695 1.59470892720856 1.57345398073085 1.26874861470424 1.53235136694275 1.88610010361299 1.83312710351311 1.82649246696383 1.16083677555434
1.00044440268539 1.44685672642663 1.10981558193453 1.02560639381409 1.70534574449994 1.35413479618728 1.0365462503396 1.51402215729468 1.27516697137617 1.59097586805001 0.966043538181111 1.41802855627611 1.87868407019414 1.84175626025535 1.00807889038697 0 1.15933070378378 1.74082349590026 1.68073918181472 1.69059968646616 0.995045686839148 1.42845557630062 1.14580138563178 1.2717184103094 0.929856419097632 1.62939256569371 1.77876241924241 1.62565019284375 1.81163322832435 1.67739238566719
1.14800115511753 1.01232360885479 1.66376102156937 1.08959250850603 0.97785097383894 1.44503182615153 1.01137022627518 1.1272377059795 1.05467060650699 1.39076575869694 1.60195904574357 1.19326681224629 1.59249615320005 1.65970797231421 1.43526633828878 1.15933070378378 0 1.41851921961643 1.53096696920693 1.5967814703472 1.34923651465215 1.71375855244696 1.2042406972032 1.43445215839893 1.85750187793747 1.21365373837762 1.87384626991116 1.81908308248967 1.6975152392406 1.27059151954018
1.48187748505734 1.51355717913248 1.48077438538894 1.82054999563843 1.86447851848789 1.34197389311157 1.65742437844165 1.10722194495611 1.37902136566117 1.76800879859366 1.82520630839281 1.54513458278961 1.66196515318006 1.41166687826626 0.983961989870295 1.74082349590026 1.41851921961643 0 1.83641268592328 1.49481231020764 1.05748694273643 1.53821070701815 1.20436826581135 1.47359012602828 1.4479851401411 1.38133466988802 1.01769263017923 1.24533743481152 1.00618475978263 1.60720242373645
1.64523299550638 1.46455716178752 1.1028221026063 0.985503154806793 1.03248983505182 1.72635921556503 0.97356551932171 1.50661520729773 1.42331678327173 1.29699619649909 1.04000248294324 1.17787448270246 1.18540487671271 1.46546417567879 1.17745321663097 1.68073918181472 1.53096696920693 1.83641268592328 0 1.74945055134594 0.924448140896857 1.45268181082793 1.25460372469388 1.68817970599048 1.12019479251467 1.49260631180368 1.31455611414276 1.57709682011046 0.983934384770691 1.86912155244499
1.7666485584341 1.47899884660728 1.35709824995138 1.66314221639186 0.941154780099168 0.996061832876876 1.47543529607356 0.978353120852262 1.09702997887507 1.39874134329148 1.60660923877731 1.77614982938394 1.88477143831551 1.48590626078658 1.47634166874923 1.69059968646616 1.5967814703472 1.49481231020764 1.74945055134594 0 1.56752801546827 1.48480751481839 1.61759620998055 1.10366381355561 0.976036486681551 1.45587643794715 1.62807492539287 1.11015126341954 1.77829587715678 1.33833637950011
1.65149064641446 1.70242393063381 1.56965384585783 1.50568466144614 1.18690262362361 1.28660816606134 1.09435913781635 1.67705862061121 1.14813906722702 0.935100610367954 1.34405898628756 1.27706562192179 1.4848503943067 1.05897220876068 1.68448676588014 0.995045686839148 1.34923651465215 1.05748694273643 0.924448140896857 1.56752801546827 0 1.71613219287246 1.7210072085727 1.1960382531397 1.81412367755547 1.90557179576717 1.19602383300662 1.56810713536106 0.974928650772199 1.46606937330216
1.37466928828508 1.51864721858874 1.37897439463995 1.7699510352686 1.14151606569067 1.11485024075955 1.79080748418346 1.80273933894932 1.44831942906603 1.4969243616797 1.20642506564036 1.7894432360772 1.10245244624093 1.09989826823585 1.35716453776695 1.42845557630062 1.71375855244696 1.53821070701815 1.45268181082793 1.48480751481839 1.71613219287246 0 1.26796895731241 1.08828995726071 1.77039081789553 1.36878175707534 1.06250749761239 1.5460382248275 1.0388975511305 1.73079614620656
0.92382518784143 1.02526330854744 1.58508528838865 1.88717920146883 1.22864046413451 1.52812820626423 1.41360290558077 1.66879514674656 1.22430734429508 1.10208321735263 1.80342662031762 1.15588552854024 0.935434111393988 1.52429836709052 1.59470892720856 1.14580138563178 1.2042406972032 1.20436826581135 1.25460372469388 1.61759620998055 1.7210072085727 1.26796895731241 0 0.981161439558491 1.68261274253018 1.37923749466427 1.49829280027188 1.02844890695997 1.4202395635657 1.69217325630598
1.60343433870003 1.89698059647344 1.83408708195202 1.45862433733419 1.85800394741818 1.70592744997703 1.47327888337895 1.62078325939365 1.70163917215541 1.5045247792732 1.7405651435256 1.38873768807389 1.59893131419085 1.33821746846661 1.57345398073085 1.2717184103094 1.43445215839893 1.47359012602828 1.68817970599048 1.10366381355561 1.1960382531397 1.08828995726071 0.981161439558491 0 1.45161869609728 1.44077727477998 1.45856370171532 1.4229188717436 1.08215371612459 1.35170751600526
1.39702383894473 1.06641027377918 1.56123245577328 1.54150574444793 1.44857066869736 1.27727755974047 1.35765574220568 1.84635837026872 1.30605894955806 1.82410962344147 1.12815835396759 0.920826142886654 1.61651147529483 1.79636239516549 1.26874861470424 0.929856419097632 1.85750187793747 1.4479851401411 1.12019479251467 0.976036486681551 1.81412367755547 1.77039081789553 1.68261274253018 1.45161869609728 0 1.02833678899333 1.02877176809125 1.8601461481303 1.12419742275961 1.84892018930987
1.62331781885587 1.78900495381095 1.88543087872677 1.82724996609613 1.06899847649038 1.0215667639859 1.57072655670345 1.62551539717242 1.67189043923281 1.20141330105253 1.03471115394495 1.42007815791294 1.87100360938348 1.77725406596437 1.53235136694275 1.62939256569371 1.21365373837762 1.38133466988802 1.49260631180368 1.45587643794715 1.90557179576717 1.36878175707534 1.37923749466427 1.44077727477998 1.02833678899333 0 1.44381024967879 1.82879942608997 1.10396895208396 1.73599463072605
0.950805258005857 1.12093355413526 1.28530289325863 1.56510298559442 1.37837024219334 1.49461902608164 1.52039411151782 1.11860215524212 1.53575075836852 1.80819732625969 1.20589836314321 1.23799855308607 1.32865884667262 1.08660679869354 1.88610010361299 1.77876241924241 1.87384626991116 1.01769263017923 1.31455611414276 1.62807492539287 1.19602383300662 1.06250749761239 1.49829280027188 1.45856370171532 1.02877176809125 1.44381024967879 0 1.32970694592223 1.379355000332 1.72672416688874
1.50892806868069 1.36887083039619 1.85033883037977 1.09738371009007 1.1890600642655 1.82337660016492 1.63720864383504 1.35296625387855 1.34271676372737 1.61739103705622 1.48502076626755 1.07055517472327 1.45860650506802 1.5531456687022 1.83312710351311 1.62565019284375 1.81908308248967 1.24533743481152 1.57709682011046 1.11015126341954 1.56810713536106 1.5460382248275 1.02844890695997 1.4229188717436 1.8601461481303 1.82879942608997 1.32970694592223 0 1.79007207346149 1.00371335167438
1.74263608735055 1.36670543299988 0.94099972769618 1.17634254368022 1.56500004115514 0.928820550674573 1.68241567141376 1.07057361723855 1.89920763508417 1.13935704226606 1.14733422081918 1.52776347682811 1.29128682613373 1.43809474841692 1.82649246696383 1.81163322832435 1.6975152392406 1.00618475978263 0.983934384770691 1.77829587715678 0.974928650772199 1.0388975511305 1.4202395635657 1.08215371612459 1.12419742275961 1.10396895208396 1.379355000332 1.79007207346149 0 1.79195737675764
1.04226154345088 1.27540609263815 1.41635828907602 0.946055400418118 1.45387091813609 1.32663642033003 1.7857504230924 1.67663750029169 1.46646830649115 1.78896076488309 1.18945078132674 1.56352908746339 1.45069565996528 1.8195557272993 1.16083677555434 1.67739238566719 1.27059151954018 1.60720242373645 1.86912155244499 1.33833637950011 1.46606937330216 1.73079614620656 1.69217325630598 1.35170751600526 1.84892018930987 1.73599463072605 1.72672416688874 1.00371335167438 1.79195737675764 0
