0 1.66792616690509 0.927454641088843 0.972632275428623 0.958353709895164 1.50054289679974 1.86637628427707 1.3467227302026 1.28719805297442 1.70865973294713 1.09118943591602 1.60880903154612 1.13140939758159 1.22319264290854 1.55066710826941 1.67844048584811 1.59276990452781 1.16896458435804 1.65078711649403 1.27054900908843 1.61761737428606 0.920616353163496 1.23701058514416 0.95819851057604 1.51473220065236 1.00819608126767 1.308932390064 1.73282473604195 1.22537331422791 1.05136470752768
1.66792616690509 0 1.57752171996981 1.3312437760178 1.33275523409247 1.29321601544507 1.65602644719183 1.85761519591324 1.82650613691658 1.41003175382502 1.6637500228826 1.24662221060134 1.68301076884381 1.72981103300117 1.42190286680125 1.00699253450148 1.07282743789256 1.11947806691751 1.4597130662296 1.79646656871773 0.919427654473111 1.32527851150371 1.86623818892986 1.74964304594323 1.06582744792104 0.950008454499766 1.40467498195358 1.0015036566183 1.76648230990395 0.952823323430493
0.927454641088843 1.57752171996981 0 1.82111399830319 1.57403525523841 1.29095872421749 1.85945838061161 1.39005979849026 1.78816286451183 0.99561929772608 1.29117623413913 0.976698087528348 1.00693727005273 1.39788820128888 1.36572226625867 1.16343093337491 1.15724635613151 1.799610292539 1.78404149366543 1.7175853732042 0.925383742898703 1.68752204696648 1.18294298602268 1.13694986281916 1.75577749544755 1.62279543583281 1.49383961735293 1.00614479463547 1.29364858823828 0.915895530954003
0.972632275428623 1.3312437760178 1.82111399830319 0 1.04019701760262 1.59945790609345 0.917608299525455 1.57173547404818 1.46463995729573 1.52455283724703 1.1628455943428 1.44533039513044 1.40253855031915 0.99509116075933 1.22546816850081 1.79670911259018 1.19152790517546 1.68423937237822 1.79088063747622 1.14960635732859 1.21077737375163 0.982591630890965 0.972052432829514 1.21006298810244 1.03174881334417 1.67749432381243 1.40474335988984 1.74716706643812 0.92520992225036 1.0324258687906
0.958353709895164 1.33275523409247 1.57403525523841 1.04019701760262 0 1.50561971287243 1.50263829575852 1.46254271105863 1.3321116133593 1.31255512824282 1.76036835531704 1.89061676105484 1.05254699895158 1.26806491729803 1.18406901299022 1.51052675279789 1.32005350012332 1.04604462720454 1.89149785623886 1.46796305035241 1.57854831498116 1.31578942830674 1.32843459164724 1.44129159301519 1.8357480277773 1.60028678853996 1.76264835637994 1.46610172279179 1.60315722133964 1.17412642901763
1.50054289679974 1.29321601544507 1.29095872421749 1.59945790609345 1.50561971287243 0 1.84502416430041 1.39076944370754 1.44336745957844 1.12385724205524 1.48313479148783 1.29963870788924 1.45198616851121 1.6794952545315 1.13823493290693 1.61997659993358 1.54900691099465 1.12859644158743 1.81374126719311 1.44500869023614 1.86044376180507 1.16136622033082 1.2615124466829 1.5444988203235 1.81484643626027 1.16608640458435 1.40759810828604 1.48565275385045 0.938393873628229 1.53684124350548
1.86637628427707 1.65602644719183 1.85945838061161 0.917608299525455 1.50263829575852 1.84502416430041 0 1.48333462560549 1.83699979237281 1.35092715779319 1.06799798994325 1.33553143893369 1.69702121731825 1.49351018085144 1.72045214660466 1.47330956137739 0.963992559351027 1.77081787958741 1.77343551395461 0.993863710202277 1.43825295497663 1.16009778156877 1.67896064301021 1.49602680443786 1.23671977198683 1.50467279949225 1.40922372392379 1.42621860117652 1.57431954331696 1.15650240657851
1.3467227302026 1.85761519591324 1.39005979849026 1.57173547404818 1.46254271105863 1.39076944370754 1.48333462560549 0 1.25381926470436 1.75098949740641 1.41153393802233 1.03788684634492 1.1913913784083 1.44217094266787 0.958281351719052 1.40280328970402 1.14704743586481 1.88355777226388 1.61314895097166 1.34851016197354 1.16836583963595 1.15280770836398 0.957225459162146 1.04170936229639 0.950573644135147 1.45194926694967 1.57935415883549 1.55369682051241 1.7510661771521 0.905362342949957
1.28719805297442 1.82650613691658 1.78816286451183 1.46463995729573 1.3321116133593 1.44336745957844 1.83699979237281 1.25381926470436 0 1.32675014995039 1.11488107638434 1.40732944756746 1.21254932228476 1.37011213973165 1.08273707004264 1.57687016925775 1.27126940805465 1.00025958986953 1.2848101996351 1.20458456105553 0.912458123173565 1.1549010835588 1.00673386803828 1.76527690072544 1.28871261631139 0.97755790152587 1.31160381063819 1.36184941814281 1.22904933616519 1.47710441914387
1.70865973294713 1.41003175382502 0.99561929772608 1.52455283724703 1.31255512824282 1.12385724205524 1.35092715779319 1.75098949740641 1.32675014995039 0 1.84883498842828 1.39951036171988 1.60285518784076 1.21730772475712 1.55720361345448 0.94423683709465 1.25165566755459 1.27736495248973 1.56768615660258 1.86385187180713 1.70746233477257 1.0293225555215 1.30740737658925 1.60166761279106 1.83537017391063 1.10877408552915 1.01542066945694 1.58634523977526 0.98482095845975 1.25255313469097
1.09118943591602 1.6637500228826 1.29117623413913 1.1628455943428 1.76036835531704 1.48313479148783 1.06799798994325 1.41153393802233 1.11488107638434 1.84883498842828 0 1.01298870844766 1.47317833267152 1.31510042212903 1.17530072620139 0.953272654442117 1.39040724537335 0.998450592393056 1.78812869312242 1.36189521476626 1.74211290315725 1.0184581510257 1.31200164929032 1.14515194157138 1.27215327019803 1.34802655619569 1.04254157072864 1.86235832190141 1.54363647964783 1.81077748932876
1.60880903154612 1.24662221060134 0.976698087528348 1.44533039513044 1.89061676105484 1.29963870788924 1.33553143893369 1.03788684634492 1.40732944756746 1.39951036171988 1.01298870844766 0 1.3865481428802 1.42393643641844 1.11642658663914 1.58306275284849 1.77935782121494 1.05104826577008 1.451789743267 1.17937304219231 1.70362466503866 1.55089158494957 0.967194163473323 1.31894139735959 1.15962704923004 1.08191024232656 1.70891516213305 1.52363568055443 1.58044750755653 1.85536007466726
1.13140939758159 1.68301076884381 1.00693727005273 1.40253855031915 1.05254699895158 1.45198616851121 1.69702121731825 1.1913913784083 1.21254932228476 1.60285518784076 1.47317833267152 1.3865481428802 0 1.55696157808416 0.949266044190153 1.67092531942762 1.01374243199825 0.975275635253638 1.60848243976943 1.63538075261749 1.35782577679493 1.34137555561028 1.55993187776767 1.60322420950979 1.22441424313001 1.28147388179787 1.77123916661367 1.63434592238627 1.8349371063523 1.3412239162717
1.22319264290854 1.72981103300117 1.39788820128888 0.99509116075933 1.26806491729803 1.6794952545315 1.49351018085144 1.44217094266787 1.37011213973165 1.21730772475712 1.31510042212903 1.42393643641844 1.55696157808416 0 1.08539277780801 1.7935774915386 1.87155451159924 1.69565180223435 0.949517742497846 1.12979247816838 1.52403216646053 1.67179405037314 1.73375521437265 1.83101851097308 1.42881729034707 1.17660124762915 1.64223985327408 1.41790158511139 1.26818964304402 1.35263567743823
1.55066710826941 1.42190286680125 1.36572226625867 1.22546816850081 1.18406901299022 1.13823493290693 1.72045214660466 0.958281351719052 1.08273707004264 1.55720361345448 1.17530072620139 1.11642658663914 0.949266044190153 1.08539277780801 0 1.05042507476173 1.40959267853759 1.72689407900907 1.35346067254432 1.53924822993577 1.62225296767429 1.1444662224967 0.976043194066733 1.30762341734953 1.13457794324495 1.05214409832843 1.76971949147992 1.43340393318795 0.943432146683335 1.58575865044259
1.67844048584811 1.00699253450148 1.16343093337491 1.79670911259018 1.51052675279789 1.61997659993358 1.47330956137739 1.40280328970402 1.57687016925775 0.94423683709465 0.953272654442117 1.58306275284849 1.67092531942762 1.7935774915386 1.05042507476173 0 0.910826494451612 1.41018582927063 1.85255680396222 1.74312695115805 1.61494749388658 1.29034255701117 1.56138219800778 1.63577464781702 1.51311271591112 1.39291643700562 1.61303823255002 1.86428461759351 1.83919920353219 1.288280894747
1.59276990452781 1.07282743789256 1.15724635613151 1.19152790517546 1.32005350012332 1.54900691099465 0.963992559351027 1.14704743586481 1.27126940805465 1.25165566755459 1.39040724537335 1.77935782121494 1.01374243199825 1.87155451159924 1.40959267853759 0.910826494451612 0 1.60847548698075 1.50026902672835 1.19270765478723 1.82169685699046 1.05632467241958 0.977920912206173 1.51066703954712 1.73601266462356 1.25549254706129 1.40364167257212 1.03377453051507 1.07784774922766 0.934096907265484
1.16896458435804 1.11947806691751 1.799610292539 1.68423937237822 1.04604462720454 1.12859644158743 1.77081787958741 1.88355777226388 1.00025958986953 1.27736495248973 0.998450592393056 1.05104826577008 0.975275635253638 1.69565180223435 1.72689407900907 1.41018582927063 1.60847548698075 0 1.53050639317371 1.71899721468799 1.67247798480093 1.78829627786763 1.33011270617135 1.44108995306306 1.48020393541083 1.71640124125406 0.914047955302522 1.82090378366411 1.53657773998566 1.45196766476147
1.65078711649403 1.4597130662296 1.78404149366543 1.79088063747622 1.89149785623886 1.81374126719311 1.77343551395461 1.61314895097166 1.2848101996351 1.56768615660258 1.78812869312242 1.451789743267 1.60848243976943 0.949517742497846 1.35346067254432 1.85255680396222 1.50026902672835 1.53050639317371 0 1.35302331042476 1.76389914262109 1.79490557685494 1.23816038342193 1.89526027697138 1.28713872656226 1.33651091787033 0.978203493403271 1.30743939685635 1.32202011090703 1.52774368575774
1.27054900908843 1.79646656871773 1.7175853732042 1.14960635732859 1.46796305035241 1.44500869023614 0.993863710202277 1.34851016197354 1.20458456105553 1.86385187180713 1.36189521476626 1.17937304219231 1.63538075261749 1.12979247816838 1.53924822993577 1.74312695115805 1.19270765478723 1.71899721468799 1.35302331042476 0 1.62897321977653 1.73840334708802 1.22347001661547 1.23051887960173 1.19798746006563 1.30750128231011 1.11566253053024 1.70698163984343 1.55024999054149 1.10186490695924
1.61761737428606 0.919427654473111 0.925383742898703 1.21077737375163 1.57854831498116 1.86044376180507 1.43825295497663 1.16836583963595 0.912458123173565 1.70746233477257 1.74211290315725 1.70362466503866 1.35782577679493 1.52403216646053 1.62225296767429 1.61494749388658 1.82169685699046 1.67247798480093 1.76389914262109 1.62897321977653 0 1.85418056161143 1.16554662585258 0.910663706250489 1.87540058442391 1.30597379710525 1.56707180663943 1.42795913829468 1.48806249373592 1.25999554316513
0.920616353163496 1.32527851150371 1.68752204696648 0.982591630890965 1.31578942830674 1.16136622033082 1.16009778156877 1.15280770836398 1.1549010835588 1.0293225555215 1.0184581510257 1.55089158494957 1.34137555561028 1.67179405037314 1.1444662224967 1.29034255701117 1.05632467241958 1.78829627786763 1.79490557685494 1.73840334708802 1.85418056161143 0 1.86894588638097 1.06878420012072 1.3066026114393 1.079602222424 1.81438269489445 1.88719696365297 1.66369872679934 1.20054961647838
1.23701058514416 1.86623818892986 1.18294298602268 0.972052432829514 1.32843459164724 1.2615124466829 1.67896064301021 0.957225459162146 1.00673386803828 1.30740737658925 1.31200164929032 0.967194163473323 1.55993187776767 1.73375521437265 0.976043194066733 1.56138219800778 0.977920912206173 1.33011270617135 1.23816038342193 1.22347001661547 1.16554662585258 1.86894588638097 0 1.50055729248561 1.22457982320338 0.978154304204509 1.56787364557385 1.74446152150631 1.02463844465092 1.44241800019518
0.95819851057604 1.74964304594323 1.13694986281916 1.21006298810244 1.44129159301519 1.5444988203235 1.49602680443786 1.04170936229639 1.76527690072544 1.60166761279106 1.14515194157138 1.31894139735959 1.60322420950979 1.83101851097308 1.30762341734953 1.63577464781702 1.51066703954712 1.44108995306306 1.89526027697138 1.23051887960173 0.910663706250489 1.06878420012072 1.50055729248561 0 1.21964708412997 1.30225966800936 1.88474335777573 1.58629269758239 1.56056836922653 1.33123262831941
1.51473220065236 1.06582744792104 1.75577749544755 1.03174881334417 1.8357480277773 1.81484643626027 1.23671977198683 0.950573644135147 1.28871261631139 1.83537017391063 1.27215327019803 1.15962704923004 1.22441424313001 1.42881729034707 1.13457794324495 1.51311271591112 1.73601266462356 1.48020393541083 1.28713872656226 1.19798746006563 1.87540058442391 1.3066026114393 1.22457982320338 1.21964708412997 0 1.00148664508015 1.52213379996829 1.81437391252257 1.2704722925555 1.8559359870851
1.00819608126767 0.950008454499766 1.62279543583281 1.67749432381243 1.60028678853996 1.16608640458435 1.50467279949225 1.45194926694967 0.97755790152587 1.10877408552915 1.34802655619569 1.08191024232656 1.28147388179787 1.17660124762915 1.05214409832843 1.39291643700562 1.25549254706129 1.71640124125406 1.33651091787033 1.30750128231011 1.30597379710525 1.079602222424 0.978154304204509 1.30225966800936 1.00148664508015 0 1.55217123380862 1.14490720699541 1.35041087982245 1.14973665215075
1.308932390064 1.40467498195358 1.49383961735293 1.40474335988984 1.76264835637994 1.40759810828604 1.40922372392379 1.57935415883549 1.31160381063819 1.01542066945694 1.04254157072864 1.70891516213305 1.77123916661367 1.64223985327408 1.76971949147992 1.61303823255002 1.40364167257212 0.914047955302522 0.978203493403271 1.11566253053024 1.56707180663943 1.81438269489445 1.56787364557385 1.88474335777573 1.52213379996829 1.55217123380862 0 1.71157498960383 1.89418978919275 1.37888598651625
1.73282473604195 1.0015036566183 1.00614479463547 1.74716706643812 1.46610172279179 1.48565275385045 1.42621860117652 1.55369682051241 1.36184941814281 1.58634523977526 1.86235832190141 1.52363568055443 1.63434592238627 1.41790158511139 1.43340393318795 1.86428461759351 1.03377453051507 1.82090378366411 1.30743939685635 1.70698163984343 1.42795913829468 1.88719696365297 1.74446152150631 1.58629269758239 1.81437391252257 1.14490720699541 1.71157498960383 0 1.59308287245221 1.54606055980548
1.22537331422791 1.76648230990395 1.29364858823828 0.92520992225036 1.60315722133964 0.938393873628229 1.57431954331696 1.7510661771521 1.22904933616519 0.98482095845975 1.54363647964783 1.58044750755653 1.8349371063523 1.26818964304402 0.943432146683335 1.83919920353219 1.07784774922766 1.53657773998566 1.32202011090703 1.55024999054149 1.48806249373592 1.66369872679934 1.02463844465092 1.56056836922653 1.2704722925555 1.35041087982245 1.89418978919275 1.59308287245221 0 1.56983370985836
1.05136470752768 0.952823323430493 0.915895530954003 1.0324258687906 1.17412642901763 1.53684124350548 1.15650240657851 0.905362342949957 1.47710441914387 1.25255313469097 1.81077748932876 1.85536007466726 1.3412239162717 1.35263567743823 1.58575865044259 1.288280894747 0.934096907265484 1.45196766476147 1.52774368575774 1.10186490695924 1.25999554316513 1.20054961647838 1.44241800019518 1.33123262831941 1.8559359870851 1.14973665215075 1.37888598651625 1.54606055980548 1.56983370985836 0
