0 0.939527262933552 1.5671328054741 1.77648779959418 1.183251228882 1.43290586862713 1.6991029609926 1.6814183043316 1.14495987258852 1.91206690296531 1.38433526363224 1.34291861066595 1.3120757129509 1.44637253764085 1.87695511826314 0.915245796088129 1.75077163986862 1.22975383908488 1.1675427055452 1.35374337364919 1.82658707816154 1.50232345587574 1.36266017216258 1.7588990831282 1.73719866783358 1.20165195781738 1.74825389054604 1.2308421486523 1.48840138153173 1.44438740820624
0.939527262933552 0 1.62395739881322 1.08261815737933 1.55324399610981 1.63469042861834 1.61116715753451 1.59580495418049 1.49052291642874 1.26546015916392 1.2277038693428 1.87418420193717 1.66559293889441 1.24428963032551 1.74654041347094 1.50465718470514 1.08828301425092 1.88091472187079 1.3935307727661 1.64962738659233 1.00460936850868 1.25639602402225 1.74461767915636 1.45345364278182 1.33631680277176 1.22908616042696 1.40958614950068 1.20872168708593 1.15832498087548 1.5319697658997
1.5671328054741 1.62395739881322 0 0.945476639550179 1.85510849347338 1.16687775985338 1.38357388461009 1.76925241411664 1.56012624828145 1.39638732583262 1.15307430154644 1.00731256674044 1.89952854230069 0.946446418296546 1.63768551289104 1.46043039462529 1.30187255959027 0.963220093399286 1.16694124112837 1.63407653779723 1.69015770242549 1.24568743142299 1.41838131751865 1.37727633630857 1.6231371734757 1.08506595110521 1.5123811098747 0.95342217432335 1.76477747759782 1.10817577946
1.77648779959418 1.08261815737933 0.945476639550179 0 1.75569582730532 1.59181354311295 0.940926751354709 1.38021207530983 1.09664785256609 1.25008432869799 1.29573737503961 1.01121022878215 1.28586436924525 1.22912344825454 0.941694187698886 1.26892058877274 1.74410306080244 1.59130631270818 1.49982415442355 1.36544305481948 1.76605994463898 1.16571280546486 1.69604941667058 1.44503380614333 1.41529759997502 1.5050730262883 1.03722638776526 1.89889881387353 1.90813058055937 1.65760771394707
1.183251228882 1.55324399610981 1.85510849347338 1.75569582730532 0 1.47086058440618 1.86824842938222 1.35279001574963 1.36212256946601 1.01347413659096 1.01616552635096 1.44392871274613 1.76967679313384 1.70098966639489 1.14092148095369 1.51618012203835 1.86718786368147 1.51707047992386 1.41559766628779 1.53897519060411 1.49701962177642 1.87315070605837 1.60976713360287 1.91192683158442 1.83436376345344 1.51571721793152 1.72305243136361 1.48804604355246 1.16549415327609 1.13177148369141
1.43290586862713 1.63469042861834 1.16687775985338 1.59181354311295 1.47086058440618 0 1.12345276540145 0.93671895051375 1.87980118137784 1.88938044197857 1.0699782865122 1.26446943636984 1.14082887000404 1.29256434226409 1.37073465669528 1.30063696089201 0.921432331204414 1.47486756043509 1.90535827353597 1.8059848153498 1.85366104799323 1.03718426497653 1.37358633521944 1.39509674860165 1.59518124233 1.69961507664993 1.23834304092452 1.67733425833285 1.77747739991173 1.77609813632444
1.6991029609926 1.61116715753451 1.38357388461009 0.940926751354709 1.86824842938222 1.12345276540145 0 1.70352213573642 1.8788773547858 1.31073567434214 1.48599175643176 1.89247232512571 1.26670628576539 0.984742104774341 1.51432451675646 1.41642127209343 1.27097368706018 1.44043823052198 1.17190568707883 0.985804294236004 1.22919467603788 1.69634151482023 1.5869562397711 1.3401016886346 1.11129724304192 1.3882551251445 1.62570244213566 1.73721643886529 1.73033335246146 1.72987982491031
1.6814183043316 1.59580495418049 1.76925241411664 1.38021207530983 1.35279001574963 0.93671895051375 1.70352213573642 0 1.74587440444157 1.75970673165284 0.952491728123277 1.52876349980943 1.15619456022978 1.48514271085151 1.6069874484092 1.81680697901174 1.05186654324643 1.23406322672963 1.4575853375718 1.09643731312826 1.03054572991095 1.20654514874332 1.26749264169484 1.5433275566902 1.36690917401575 1.28890940966085 1.86180089577101 1.64726737397723 1.00809005065821 1.32796722277999
1.14495987258852 1.49052291642874 1.56012624828145 1.09664785256609 1.36212256946601 1.87980118137784 1.8788773547858 1.74587440444157 0 1.1682356025558 1.13881759275682 1.02668830007315 1.87582932156511 1.35982343228534 1.51374828396365 1.55843793787062 1.67326749418862 1.12308716261759 1.26690718275495 1.29757952736691 1.1598493559286 1.06914000445977 1.83923494606279 1.27876866958104 1.39145957818255 1.77371783112176 1.71796124777757 0.933843886014074 1.16733173141256 1.78596393927
1.91206690296531 1.26546015916392 1.39638732583262 1.25008432869799 1.01347413659096 1.88938044197857 1.31073567434214 1.75970673165284 1.1682356025558 0 1.64689813158475 1.72402938082814 1.91326466598548 1.319547731895 1.4663370132912 1.69136838032864 1.13107529259287 1.31967960856855 1.46293623070233 1.57980018202215 1.10961480694823 1.21335785323754 1.66093439050019 1.32456258451566 1.60660507739522 1.52840003557503 1.0763425885234 1.81131546199322 1.53572073066607 1.42393695679493
1.38433526363224 1.2277038693428 1.15307430154644 1.29573737503961 1.01616552635096 1.0699782865122 1.48599175643176 0.952491728123277 1.13881759275682 1.64689813158475 0 1.8193874838762 1.59402191988192 1.20227426826023 1.04684015852399 1.66606239951216 1.64240181096829 1.03329747146927 1.85762817645445 1.50875202915631 1.25818458432332 1.01284346613102 1.11229523923248 1.53908362449147 1.80353261041455 1.7830547131598 1.09108459181152 1.49033351615071 1.5663671484217 1.82695764605887
1.34291861066595 1.87418420193717 1.00731256674044 1.01121022878215 1.44392871274613 1.26446943636984 1.89247232512571 1.52876349980943 1.02668830007315 1.72402938082814 1.8193874838762 0 1.17344380752183 1.86970406305045 1.7792582300026 1.07322459551506 1.27694985293783 1.39887959230691 1.13300816714764 1.37680414970964 1.82276062015444 1.61992154084146 1.11562257702462 1.5511658238247 1.14831764670089 1.59009536867961 1.43457360984758 1.8936233096756 1.43983243289404 1.80177703336813
1.3120757129509 1.66559293889441 1.89952854230069 1.28586436924525 1.76967679313384 1.14082887000404 1.26670628576539 1.15619456022978 1.87582932156511 1.91326466598548 1.59402191988192 1.17344380752183 0 1.59293492045254 1.3450355285313 1.83912767376751 1.87273200950585 1.89563349611126 1.81412701075897 1.53863296145573 0.977097181137651 1.16525736753829 1.72474598465487 1.47400132985786 1.56923653488047 0.927185617154464 1.22698900382966 1.28533324762248 1.71826269850135 1.85616618953645
1.44637253764085 1.24428963032551 0.946446418296546 1.22912344825454 1.70098966639489 1.29256434226409 0.984742104774341 1.48514271085151 1.35982343228534 1.319547731895 1.20227426826023 1.86970406305045 1.59293492045254 0 1.75394357810728 1.0519611928612 1.79797622328624 1.51361045637168 1.8397149706725 1.3653553253971 1.69945412804373 1.4255564592313 1.11679158196785 1.42403019266203 1.24165040487424 1.36575147043914 1.20885889721103 1.8577264691703 1.42278776154853 1.74309568572789
1.87695511826314 1.74654041347094 1.63768551289104 0.941694187698886 1.14092148095369 1.37073465669528 1.51432451675646 1.6069874484092 1.51374828396365 1.4663370132912 1.04684015852399 1.7792582300026 1.3450355285313 1.75394357810728 0 1.87645027786493 1.71702483762056 1.1816741428338 1.64046154893003 1.89828171464615 1.61327880085446 1.24305455386639 1.49312502425164 1.61917097074911 1.7959852500353 1.62919732183218 1.31392615009099 1.25957567617297 1.90987436240539 1.27427857951261
0.915245796088129 1.50465718470514 1.46043039462529 1.26892058877274 1.51618012203835 1.30063696089201 1.41642127209343 1.81680697901174 1.55843793787062 1.69136838032864 1.66606239951216 1.07322459551506 1.83912767376751 1.0519611928612 1.87645027786493 0 1.71550413756631 1.52020919369534 0.918047484243289 1.3901062856894 1.10727359261364 1.40038473368622 1.57713295891881 1.05259264050983 1.59346424904652 1.1912970833946 1.09862304595299 1.66384780174121 1.31676393607631 1.25727876764722
1.75077163986862 1.08828301425092 1.30187255959027 1.74410306080244 1.86718786368147 0.921432331204414 1.27097368706018 1.05186654324643 1.67326749418862 1.13107529259287 1.64240181096829 1.27694985293783 1.87273200950585 1.79797622328624 1.71702483762056 1.71550413756631 0 1.15061886329204 1.43447811482474 1.85278726182878 1.54712371830828 1.43773767631501 1.59435783606023 1.79672072548419 1.60032211686485 1.46586113818921 1.18519659573212 1.47436738316901 1.50940690375865 1.23947560298257
1.22975383908488 1.88091472187079 0.963220093399286 1.59130631270818 1.51707047992386 1.47486756043509 1.44043823052198 1.23406322672963 1.12308716261759 1.31967960856855 1.03329747146927 1.39887959230691 1.89563349611126 1.51361045637168 1.1816741428338 1.52020919369534 1.15061886329204 0 1.47852288745344 1.15592148993164 1.19914523139596 1.61458994960412 1.82482823403552 1.23437743168324 1.65621813782491 1.59865402290598 1.46878202282824 0.926494621671736 1.85570516996086 1.76408443367109
1.1675427055452 1.3935307727661 1.16694124112837 1.49982415442355 1.41559766628779 1.90535827353597 1.17190568707883 1.4575853375718 1.26690718275495 1.46293623070233 1.85762817645445 1.13300816714764 1.81412701075897 1.8397149706725 1.64046154893003 0.918047484243289 1.43447811482474 1.47852288745344 0 1.63112449483015 1.49832123587839 1.28376770950854 1.56365569354966 1.02612216048874 1.29216541326605 1.06702493969351 1.33850669488311 1.41320528881624 1.76825946872123 1.85336361289956
1.35374337364919 1.64962738659233 1.63407653779723 1.36544305481948 1.53897519060411 1.8059848153498 0.985804294236004 1.09643731312826 1.29757952736691 1.57980018202215 1.50875202915631 1.37680414970964 1.53863296145573 1.3653553253971 1.89828171464615 1.3901062856894 1.85278726182878 1.15592148993164 1.63112449483015 0 1.77201874949969 0.942474274663255 1.00232110382058 1.18854513228871 1.39066615398042 1.50741493050009 1.26538200955838 1.09785541985184 1.68624150124379 1.12802803656086
1.82658707816154 1.00460936850868 1.69015770242549 1.76605994463898 1.49701962177642 1.85366104799323 1.22919467603788 1.03054572991095 1.1598493559286 1.10961480694823 1.25818458432332 1.82276062015444 0.977097181137651 1.69945412804373 1.61327880085446 1.10727359261364 1.54712371830828 1.19914523139596 1.49832123587839 1.77201874949969 0 1.5774762686342 0.985535060521215 1.8773539881222 1.64152626134455 1.09119332721457 0.937301830621436 1.77838589041494 1.62386025721207 1.15719204768538
1.50232345587574 1.25639602402225 1.24568743142299 1.16571280546486 1.87315070605837 1.03718426497653 1.69634151482023 1.20654514874332 1.06914000445977 1.21335785323754 1.01284346613102 1.61992154084146 1.16525736753829 1.4255564592313 1.24305455386639 1.40038473368622 1.43773767631501 1.61458994960412 1.28376770950854 0.942474274663255 1.5774762686342 0 1.39723308989778 0.964631770504639 0.923915820196271 1.36360037326813 1.55503394803964 0.94539965572767 1.75850538210943 0.975023214938119
1.36266017216258 1.74461767915636 1.41838131751865 1.69604941667058 1.60976713360287 1.37358633521944 1.5869562397711 1.26749264169484 1.83923494606279 1.66093439050019 1.11229523923248 1.11562257702462 1.72474598465487 1.11679158196785 1.49312502425164 1.57713295891881 1.59435783606023 1.82482823403552 1.56365569354966 1.00232110382058 0.985535060521215 1.39723308989778 0 1.70538811269216 1.68507544160821 1.90228160959668 1.72109438967891 1.03714579925872 1.59842244675383 1.80496377754025
1.7588990831282 1.45345364278182 1.37727633630857 1.44503380614333 1.91192683158442 1.39509674860165 1.3401016886346 1.5433275566902 1.27876866958104 1.32456258451566 1.53908362449147 1.5511658238247 1.47400132985786 1.42403019266203 1.61917097074911 1.05259264050983 1.79672072548419 1.23437743168324 1.02612216048874 1.18854513228871 1.8773539881222 0.964631770504639 1.70538811269216 0 0.933646475197747 1.09314414812252 1.8359015120659 1.59732645913027 1.29153755144216 1.5149454055354
1.73719866783358 1.33631680277176 1.6231371734757 1.41529759997502 1.83436376345344 1.59518124233 1.11129724304192 1.36690917401575 1.39145957818255 1.60660507739522 1.80353261041455 1.14831764670089 1.56923653488047 1.24165040487424 1.7959852500353 1.59346424904652 1.60032211686485 1.65621813782491 1.29216541326605 1.39066615398042 1.64152626134455 0.923915820196271 1.68507544160821 0.933646475197747 0 1.24955125199631 1.71937322430313 1.22164127766155 1.26422951952554 1.55473648291081
1.20165195781738 1.22908616042696 1.08506595110521 1.5050730262883 1.51571721793152 1.69961507664993 1.3882551251445 1.28890940966085 1.77371783112176 1.52840003557503 1.7830547131598 1.59009536867961 0.927185617154464 1.36575147043914 1.62919732183218 1.1912970833946 1.46586113818921 1.59865402290598 1.06702493969351 1.50741493050009 1.09119332721457 1.36360037326813 1.90228160959668 1.09314414812252 1.24955125199631 0 1.84285418526269 1.40355842816643 1.89215724170208 1.35082908626646
1.74825389054604 1.40958614950068 1.5123811098747 1.03722638776526 1.72305243136361 1.23834304092452 1.62570244213566 1.86180089577101 1.71796124777757 1.0763425885234 1.09108459181152 1.43457360984758 1.22698900382966 1.20885889721103 1.31392615009099 1.09862304595299 1.18519659573212 1.46878202282824 1.33850669488311 1.26538200955838 0.937301830621436 1.55503394803964 1.72109438967891 1.8359015120659 1.71937322430313 1.84285418526269 0 1.38846489693969 0.95937722036615 1.35286830179393
1.2308421486523 1.20872168708593 0.95342217432335 1.89889881387353 1.48804604355246 1.67733425833285 1.73721643886529 1.64726737397723 0.933843886014074 1.81131546199322 1.49033351615071 1.8936233096756 1.28533324762248 1.8577264691703 1.25957567617297 1.66384780174121 1.47436738316901 0.926494621671736 1.41320528881624 1.09785541985184 1.77838589041494 0.94539965572767 1.03714579925872 1.59732645913027 1.22164127766155 1.40355842816643 1.38846489693969 0 1.42106641479768 1.29314378439449
1.48840138153173 1.15832498087548 1.76477747759782 1.90813058055937 1.16549415327609 1.77747739991173 1.73033335246146 1.00809005065821 1.16733173141256 1.53572073066607 1.5663671484217 1.43983243289404 1.71826269850135 1.42278776154853 1.90987436240539 1.31676393607631 1.50940690375865 1.85570516996086 1.76825946872123 1.68624150124379 1.62386025721207 1.75850538210943 1.59842244675383 1.29153755144216 1.26422951952554 1.89215724170208 0.95937722036615 1.42106641479768 0 1.4823058033362
1.44438740820624 1.5319697658997 1.10817577946 1.65760771394707 1.13177148369141 1.77609813632444 1.72987982491031 1.32796722277999 1.78596393927 1.42393695679493 1.82695764605887 1.80177703336813 1.85616618953645 1.74309568572789 1.27427857951261 1.25727876764722 1.23947560298257 1.76408443367109 1.85336361289956 1.12802803656086 1.15719204768538 0.975023214938119 1.80496377754025 1.5149454055354 1.55473648291081 1.35082908626646 1.35286830179393 1.29314378439449 1.4823058033362 0
