0 1.94796871580184 1.34987114369869 1.79838739242405 1.17397558433004 1.53213934437372 1.2810205812566 1.05822887667455 1.46206286572851 1.67650480917655 1.40797316841781 1.34002924710512 1.72944975621067 1.23119928780943 1.33372053364292 1.59234366216697 1.78436213312671 1.20783292432316 1.90235028951429 1.75989993195981 1.47421595035121 1.09420576435514 1.32321008457802 1.04861575062387 1.86050986708142 1.16106159635819 1.07818221021444 1.26640397589654 1.05109349777922 1.26843674993142
1.94796871580184 0 1.78429521271028 1.70835312316194 1.33110320405103 1.18814144493081 1.045677005779 1.20994906453416 1.21078718267381 1.39556356705725 1.60302793281153 1.24479188467376 1.44287854107097 1.05444358615205 1.90846130298451 1.63256101449952 1.35228886362165 1.32982267416082 0.969081753632054 1.88499418552965 1.62873489432968 1.61299688485451 1.6290238648653 1.16854811483063 1.3821790239308 1.0544927122537 1.80381498648785 1.76116652740166 1.08901646104641 1.59422060311772
1.34987114369869 1.78429521271028 0 1.02334170392714 1.28551948047243 1.22789535322227 1.89250790048391 1.06298889801838 1.64917989401147 1.27397760259919 1.76580489194021 1.25266302283853 1.40494213672355 1.13920487300493 1.45340933441184 1.1702352699358 1.13138927915134 1.87361034750938 1.76964017981663 1.83209026721306 1.61577682266943 1.22009533876553 1.91353672370315 1.52385031036101 1.10754449362867 1.27905479539186 1.76902519329451 1.0233441775199 1.67735728528351 1.70933704799972
1.79838739242405 1.70835312316194 1.02334170392714 0 1.6222149070818 1.83848186768591 1.6974253274966 1.71824354445562 1.71894740895368 1.4181913419161 1.61945073027164 1.26259289681911 1.0560127554927 1.92612287495285 1.45789151336066 1.69960114033893 1.4960435917601 1.37706281733699 1.00378262344748 1.23065880010836 1.94726654863916 1.20952269318514 1.59429327631369 1.5912372476887 1.94140153494664 1.8202434675768 1.78652667277493 1.04400108172558 1.13811597321182 1.63985539437272
1.17397558433004 1.33110320405103 1.28551948047243 1.6222149070818 0 1.1362510076724 1.44841879885644 0.999739255523309 1.00687457085587 1.21380331227556 1.41293218755163 1.02837232360616 1.29068893590011 1.24465819890611 1.4446563126985 1.15308879502118 1.15702526806854 1.83903143834323 1.70879975310527 1.84626987623051 1.25585795287043 1.59512833855115 0.989233742468059 1.67912669293582 1.45317759085447 1.54236825951375 1.35684371017851 1.1876715242397 1.92907055513933 1.04129491862841
1.53213934437372 1.18814144493081 1.22789535322227 1.83848186768591 1.1362510076724 0 1.91498232446611 1.46385769592598 1.13767618872225 1.56179201859049 1.21060933126137 1.70923669892363 1.23350116144866 1.04498562472872 1.59376457426697 1.36575112561695 1.35209375130944 1.72718687262386 0.987832824932411 1.75497400108725 1.70157146989368 1.90130601730198 1.71470754640177 1.45634944154881 1.36001889803447 1.74471081723459 1.88297424349003 1.95880544255488 1.89596488233656 1.68655267590657
1.2810205812566 1.045677005779 1.89250790048391 1.6974253274966 1.44841879885644 1.91498232446611 0 1.67920146044344 1.20130724855699 1.3105513965711 1.53718692064285 1.28877730714157 1.21214917046018 1.85564841795713 1.07232432602905 1.6548955948092 1.41432506614365 1.91508090496063 1.29272772651166 1.80872083944269 1.94096837472171 1.18438449758105 1.45343099534512 1.21591031504795 1.43401800724678 1.81398811121471 1.66901774890721 1.28053271677345 1.44954304257408 1.62247467692941
1.05822887667455 1.20994906453416 1.06298889801838 1.71824354445562 0.999739255523309 1.46385769592598 1.67920146044344 0 1.22692489763722 1.15222292719409 1.94118316052482 1.1385891395621 1.05273265833966 1.28452811436728 1.49468600517139 0.99016072275117 1.05395776615478 1.90729000116698 1.1353480250109 1.54166441783309 1.51582368323579 1.26038157567382 1.0832905638963 1.8517663620878 1.28395205130801 1.24819360580295 1.42705844482407 1.15471946448088 1.88179192505777 1.32375665381551
1.46206286572851 1.21078718267381 1.64917989401147 1.71894740895368 1.00687457085587 1.13767618872225 1.20130724855699 1.22692489763722 0 1.53119609807618 1.66586823691614 1.45766646694392 1.82810290111229 1.62123866705224 1.63041888154112 1.36014593834989 1.76573490258306 1.73611416108906 1.09713212843053 1.8967760852538 1.40257997647859 1.95436580153182 1.30836921255104 0.981139425188303 1.45555503852665 1.18716496508569 1.44637305941433 0.999796068761498 1.08897310798056 1.16794846835546
1.67650480917655 1.39556356705725 1.27397760259919 1.4181913419161 1.21380331227556 1.56179201859049 1.3105513965711 1.15222292719409 1.53119609807618 0 1.19922981737182 1.85397225106135 1.856013990473 1.65884098550305 1.82789171626791 1.80093653360382 1.4087243413087 1.08261621417478 1.50863889418542 1.53875842760317 1.64805927942507 1.02683032955974 1.66062397439964 1.87111497833394 1.59843645035289 0.993930389173329 1.31677278317511 1.75363871315494 1.87179999705404 1.44111012038775
1.40797316841781 1.60302793281153 1.76580489194021 1.61945073027164 1.41293218755163 1.21060933126137 1.53718692064285 1.94118316052482 1.66586823691614 1.19922981737182 0 1.88317037350498 1.03135921852663 1.18175105866976 1.39873924083076 1.78469749633223 1.82140152598731 1.87930402345955 1.1597762813326 0.982585661346093 1.29934659064747 1.2391736919526 0.985128221102059 1.22500894172117 1.7658941494301 1.75736865331419 1.5416521448642 1.84577198675834 1.04207760980353 1.09415141306818
1.34002924710512 1.24479188467376 1.25266302283853 1.26259289681911 1.02837232360616 1.70923669892363 1.28877730714157 1.1385891395621 1.45766646694392 1.85397225106135 1.88317037350498 0 1.23535435576923 1.10790212638676 1.60942317987792 1.04667995497584 1.26912969211116 1.04955247230828 1.06002773973159 1.79821367911063 1.14764061244205 1.09235935122706 1.18335557822138 1.32585132308304 1.29053117893636 1.02762432117015 1.34187477501109 0.998799880733714 1.31997661502101 1.58132989145815
1.72944975621067 1.44287854107097 1.40494213672355 1.0560127554927 1.29068893590011 1.23350116144866 1.21214917046018 1.05273265833966 1.82810290111229 1.856013990473 1.03135921852663 1.23535435576923 0 1.6317538311705 1.5856479560025 1.0479263458401 1.74053659592755 1.02356346300803 1.37238741712645 1.83190374495462 1.88655180996284 1.08417274593376 1.95357727142982 1.51074770116247 1.61088820919394 1.02425810135901 1.37583917379379 1.10962613020092 1.86994636966847 1.56926949229091
1.23119928780943 1.05444358615205 1.13920487300493 1.92612287495285 1.24465819890611 1.04498562472872 1.85564841795713 1.28452811436728 1.62123866705224 1.65884098550305 1.18175105866976 1.10790212638676 1.6317538311705 0 1.02613043389283 1.33868242963217 1.58873665519059 1.12814947240986 1.69278541277163 1.02175409882329 1.04164743423462 1.89176791207865 1.71637459401973 1.07325292634778 1.06487194891088 1.27624099841341 1.02921755821444 1.740861880593 1.29243124742061 1.57794362073764
1.33372053364292 1.90846130298451 1.45340933441184 1.45789151336066 1.4446563126985 1.59376457426697 1.07232432602905 1.49468600517139 1.63041888154112 1.82789171626791 1.39873924083076 1.60942317987792 1.5856479560025 1.02613043389283 0 1.80954390694387 1.38500782870688 1.54018335137516 1.89682296011597 1.68663507001474 1.08528477838263 1.31041081855074 1.6720014186576 1.59225432551466 1.30996306450106 1.7671725412365 1.29392707184888 1.29635827289894 1.44838843750767 1.69940318213776
1.59234366216697 1.63256101449952 1.1702352699358 1.69960114033893 1.15308879502118 1.36575112561695 1.6548955948092 0.99016072275117 1.36014593834989 1.80093653360382 1.78469749633223 1.04667995497584 1.0479263458401 1.33868242963217 1.80954390694387 0 1.20117864478379 1.18051980761811 1.670429301681 1.36703854799271 1.69590911036357 1.90062561398372 1.26460859552026 1.22997511853464 1.36061585694551 1.23457525856793 1.35153658664785 1.5427095675841 1.48980830633081 1.66035960661247
1.78436213312671 1.35228886362165 1.13138927915134 1.4960435917601 1.15702526806854 1.35209375130944 1.41432506614365 1.05395776615478 1.76573490258306 1.4087243413087 1.82140152598731 1.26912969211116 1.74053659592755 1.58873665519059 1.38500782870688 1.20117864478379 0 1.05957811279222 1.89039102639072 1.86501395958476 1.78622724651359 0.98784019658342 1.95328249852173 1.8154444261454 1.46862444188446 1.64196622022428 1.87183868978173 1.72707468108274 1.33001575968228 1.48132655839436
1.20783292432316 1.32982267416082 1.87361034750938 1.37706281733699 1.83903143834323 1.72718687262386 1.91508090496063 1.90729000116698 1.73611416108906 1.08261621417478 1.87930402345955 1.04955247230828 1.02356346300803 1.12814947240986 1.54018335137516 1.18051980761811 1.05957811279222 0 1.93323178822175 1.07925620744936 1.3581877395045 1.11607252061367 0.965832790825516 1.44889273890294 1.56318445247598 1.00353379920125 1.10767062217928 1.8859420560766 1.83718769904226 1.35058734868653
1.90235028951429 0.969081753632054 1.76964017981663 1.00378262344748 1.70879975310527 0.987832824932411 1.29272772651166 1.1353480250109 1.09713212843053 1.50863889418542 1.1597762813326 1.06002773973159 1.37238741712645 1.69278541277163 1.89682296011597 1.670429301681 1.89039102639072 1.93323178822175 0 1.89697883883491 1.5506931010168 0.973542449297383 1.08769751247019 1.92991446028464 0.969694183440879 1.49257206590846 1.96230786968954 1.75649132672697 1.19671371718869 1.79986164509319
1.75989993195981 1.88499418552965 1.83209026721306 1.23065880010836 1.84626987623051 1.75497400108725 1.80872083944269 1.54166441783309 1.8967760852538 1.53875842760317 0.982585661346093 1.79821367911063 1.83190374495462 1.02175409882329 1.68663507001474 1.36703854799271 1.86501395958476 1.07925620744936 1.89697883883491 0 1.60930452612229 1.02889393898658 1.60146976076066 1.90437294822186 1.34174729743972 1.27958737895824 1.84666589926928 1.52430318831466 1.04009246290661 1.39707633829676
1.47421595035121 1.62873489432968 1.61577682266943 1.94726654863916 1.25585795287043 1.70157146989368 1.94096837472171 1.51582368323579 1.40257997647859 1.64805927942507 1.29934659064747 1.14764061244205 1.88655180996284 1.04164743423462 1.08528477838263 1.69590911036357 1.78622724651359 1.3581877395045 1.5506931010168 1.60930452612229 0 1.92979287984781 1.58023757697083 1.46695853606798 1.35148609639145 1.24134513153695 1.94756770809181 1.00839643087238 1.22739801672287 1.02655250951648
1.09420576435514 1.61299688485451 1.22009533876553 1.20952269318514 1.59512833855115 1.90130601730198 1.18438449758105 1.26038157567382 1.95436580153182 1.02683032955974 1.2391736919526 1.09235935122706 1.08417274593376 1.89176791207865 1.31041081855074 1.90062561398372 0.98784019658342 1.11607252061367 0.973542449297383 1.02889393898658 1.92979287984781 0 1.90258596022613 1.90274191158824 1.94323663273826 1.39053589571267 1.77058497210965 1.74655683734454 1.76442811894231 0.978033445775509
1.32321008457802 1.6290238648653 1.91353672370315 1.59429327631369 0.989233742468059 1.71470754640177 1.45343099534512 1.0832905638963 1.30836921255104 1.66062397439964 0.985128221102059 1.18335557822138 1.95357727142982 1.71637459401973 1.6720014186576 1.26460859552026 1.95328249852173 0.965832790825516 1.08769751247019 1.60146976076066 1.58023757697083 1.90258596022613 0 1.04299315600656 1.80017505888827 1.46145165152848 1.8127217607107 1.51667708787136 1.95218655024655 1.21616760385223
1.04861575062387 1.16854811483063 1.52385031036101 1.5912372476887 1.67912669293582 1.45634944154881 1.21591031504795 1.8517663620878 0.981139425188303 1.87111497833394 1.22500894172117 1.32585132308304 1.51074770116247 1.07325292634778 1.59225432551466 1.22997511853464 1.8154444261454 1.44889273890294 1.92991446028464 1.90437294822186 1.46695853606798 1.90274191158824 1.04299315600656 0 1.7689718939364 1.55474710580893 1.40039889351465 1.60762638854794 1.52008224860765 1.5267944582738
1.86050986708142 1.3821790239308 1.10754449362867 1.94140153494664 1.45317759085447 1.36001889803447 1.43401800724678 1.28395205130801 1.45555503852665 1.59843645035289 1.7658941494301 1.29053117893636 1.61088820919394 1.06487194891088 1.30996306450106 1.36061585694551 1.46862444188446 1.56318445247598 0.969694183440879 1.34174729743972 1.35148609639145 1.94323663273826 1.80017505888827 1.7689718939364 0 1.30420774873346 1.14265504688956 1.46800570585765 1.40357153024524 1.36509886034764
1.16106159635819 1.0544927122537 1.27905479539186 1.8202434675768 1.54236825951375 1.74471081723459 1.81398811121471 1.24819360580295 1.18716496508569 0.993930389173329 1.75736865331419 1.02762432117015 1.02425810135901 1.27624099841341 1.7671725412365 1.23457525856793 1.64196622022428 1.00353379920125 1.49257206590846 1.27958737895824 1.24134513153695 1.39053589571267 1.46145165152848 1.55474710580893 1.30420774873346 0 1.90940021863207 1.85263910447247 1.00670478306711 1.44874621601775
1.07818221021444 1.80381498648785 1.76902519329451 1.78652667277493 1.35684371017851 1.88297424349003 1.66901774890721 1.42705844482407 1.44637305941433 1.31677278317511 1.5416521448642 1.34187477501109 1.37583917379379 1.02921755821444 1.29392707184888 1.35153658664785 1.87183868978173 1.10767062217928 1.96230786968954 1.84666589926928 1.94756770809181 1.77058497210965 1.8127217607107 1.40039889351465 1.14265504688956 1.90940021863207 0 1.62152991187759 1.31906764605083 1.08437746856362
1.26640397589654 1.76116652740166 1.0233441775199 1.04400108172558 1.1876715242397 1.95880544255488 1.28053271677345 1.15471946448088 0.999796068761498 1.75363871315494 1.84577198675834 0.998799880733714 1.10962613020092 1.740861880593 1.29635827289894 1.5427095675841 1.72707468108274 1.8859420560766 1.75649132672697 1.52430318831466 1.00839643087238 1.74655683734454 1.51667708787136 1.60762638854794 1.46800570585765 1.85263910447247 1.62152991187759 0 1.88814239762723 1.5008706850931
1.05109349777922 1.08901646104641 1.67735728528351 1.13811597321182 1.92907055513933 1.89596488233656 1.44954304257408 1.88179192505777 1.08897310798056 1.87179999705404 1.04207760980353 1.31997661502101 1.86994636966847 1.29243124742061 1.44838843750767 1.48980830633081 1.33001575968228 1.83718769904226 1.19671371718869 1.04009246290661 1.22739801672287 1.76442811894231 1.95218655024655 1.52008224860765 1.40357153024524 1.00670478306711 1.31906764605083 1.88814239762723 0 1.83035201462917
1.26843674993142 1.59422060311772 1.70933704799972 1.63985539437272 1.04129491862841 1.68655267590657 1.62247467692941 1.32375665381551 1.16794846835546 1.44111012038775 1.09415141306818 1.58132989145815 1.56926949229091 1.57794362073764 1.69940318213776 1.66035960661247 1.48132655839436 1.35058734868653 1.79986164509319 1.39707633829676 1.02655250951648 0.978033445775509 1.21616760385223 1.5267944582738 1.36509886034764 1.44874621601775 1.08437746856362 1.5008706850931 1.83035201462917 0
