0 1.55644037085585 1.52803378156386 1.18007414531894 1.70294031128287 1.03377873706631 1.68926425464451 1.49711810541339 0.94400322670117 1.77223383053206 0.941389533225447 1.6097422640305 1.28405765979551 1.00018929177895 1.44773485092446 1.0041566141881 1.59917119820602 1.90471284254454 1.60259818891063 1.24389112996869 1.44363348488696 1.04837505682372 1.54691940941848 1.61365286330692 1.29309514537454 1.51938126981258 0.95915462798439 1.46302468888462 1.19991409219801 1.50975326308981
1.55644037085585 0 1.12814031913877 1.30852155131288 1.33167834673077 1.83548569865525 1.79761140677147 1.36945847189054 1.8479389892891 1.2110920608975 1.0906799652148 1.2152517514769 1.0821507901419 1.09726138645783 0.9889476231765 1.66467859782279 1.09978259773925 1.45653032884002 1.773538708454 1.40454666875303 1.58198725990951 1.31084656366147 1.16466792207211 1.42946812859736 1.06899287505075 1.07877309829928 1.41907326481305 1.74490123125724 1.13354906602763 1.37391230207868
1.52803378156386 1.12814031913877 0 1.35463293921202 1.36875593662262 1.34335888107307 1.03185948403552 1.48846440971829 1.4638696173206 1.73966227285564 1.83448082045652 1.33186635118909 1.25059676263481 1.32534301583655 1.62601165706292 1.41991854598746 1.73104601586238 1.91390512231737 1.90258001093753 1.04767288407311 1.44890554482117 1.17409914475866 1.86197757045738 1.4597055320628 1.30353509681299 1.39649497298524 1.04848415125161 1.45075841783546 1.58297309791669 1.16300576576032
1.18007414531894 1.30852155131288 1.35463293921202 0 1.72016621311195 0.928144387667999 1.50152087304741 1.89261538372375 1.07315234374255 1.03567579924129 1.43079391960055 1.1424484741874 1.04715160047635 1.74381715734489 1.49129572417587 0.996374536771327 1.68527380959131 1.55869508115575 1.66109693236649 1.59136372222565 1.09783669770695 1.35620422987267 1.16439977055416 1.03796330932528 1.55868199607357 1.75337173277512 1.40206539351493 1.10793187562376 1.87361237918958 1.55722524994053
1.70294031128287 1.33167834673077 1.36875593662262 1.72016621311195 0 0.960805925773457 1.60213940031826 1.33604280860163 1.62421974772587 1.2693805473391 1.78352873469703 1.69974364922382 1.19079829170369 1.28147894912399 0.933364070020616 1.47622545342892 1.48414461431094 1.85724245151505 1.27214382798411 1.43973456905223 1.46400648355484 1.37710773129947 1.56509680394083 1.37540058605373 1.72873191186227 1.29918676917441 1.32454618974589 1.05493126111105 1.17055425932631 1.22905860492028
1.03377873706631 1.83548569865525 1.34335888107307 0.928144387667999 0.960805925773457 0 1.27165017416701 1.02937377127819 1.44538099016063 1.16981863277033 1.0380263782572 1.13863705424592 1.70405351789668 1.82769351522438 1.24378054379486 1.05389429815114 1.2669157218188 1.43532739020884 1.04614041792229 1.46719667152502 1.49104439467192 0.962609259178862 1.09678795631044 1.81750187091529 0.943412768654525 1.2108225368429 1.9001741213724 1.80748976883478 1.76264376682229 1.5978683126159
1.68926425464451 1.79761140677147 1.03185948403552 1.50152087304741 1.60213940031826 1.27165017416701 0 1.63147462252527 1.74130016402341 1.61442980309948 1.34197941515595 1.10572990984656 1.34474441991188 1.41356982290745 1.91150577319786 1.00097510078922 1.69490352552384 1.33452111342922 1.36484599835239 0.963712718570605 1.38844455243088 1.65258779493161 1.14231359609403 1.55646933382377 1.38609711430036 1.35504510090686 0.928363819373772 1.31447042524815 0.960322719765827 1.48487787647173
1.49711810541339 1.36945847189054 1.48846440971829 1.89261538372375 1.33604280860163 1.02937377127819 1.63147462252527 0 1.86889942782 1.61304831923917 1.79254102474079 1.7091750651598 1.24521323782392 1.82269305177033 1.87223728583194 1.80819622473791 1.87388776708394 1.6748099909164 1.73746575415134 0.924581713043153 1.0457485713996 1.12661518435925 1.91201855265535 1.86458475142717 1.27765657450072 1.2443931507878 1.54975186963566 1.38314607273787 1.1846814060118 1.15027577057481
0.94400322670117 1.8479389892891 1.4638696173206 1.07315234374255 1.62421974772587 1.44538099016063 1.74130016402341 1.86889942782 0 1.10789833520539 1.62602654937655 1.91423754882999 1.54006834956817 0.934711795765907 1.72425821237266 1.22508527175523 1.66556377243251 1.11494373087771 1.83452820335515 1.52478900249116 1.78980211913586 1.4040213287808 1.29846991482191 1.84567931457423 1.67118674353696 1.4995865134988 1.69006408960558 1.67876555840485 1.52121874853037 1.77542381337844
1.77223383053206 1.2110920608975 1.73966227285564 1.03567579924129 1.2693805473391 1.16981863277033 1.61442980309948 1.61304831923917 1.10789833520539 0 1.26719376095571 1.15248345746659 1.01034565712325 1.87322595156729 1.87787620956078 1.82188870268874 1.82677021645941 1.73964795889333 1.63870875351131 1.21598799806088 1.28480205289088 1.28310154215433 0.973674820037559 1.32268768269569 1.1656712514814 1.7098569679074 1.19333227677271 1.24782837904058 1.89624164323322 1.32413916080259
0.941389533225447 1.0906799652148 1.83448082045652 1.43079391960055 1.78352873469703 1.0380263782572 1.34197941515595 1.79254102474079 1.62602654937655 1.26719376095571 0 1.35582240694202 0.979270431678742 1.06396343489178 1.79574339720421 1.48464128794149 1.69441391620785 1.27669178554788 1.62121795653366 1.6170138255693 1.05340022454038 1.65790100675076 1.33969952119514 1.78873327211477 1.86530539183877 1.57495489856228 1.64321988308802 1.84731265273876 1.53891378710978 1.15609229006805
1.6097422640305 1.2152517514769 1.33186635118909 1.1424484741874 1.69974364922382 1.13863705424592 1.10572990984656 1.7091750651598 1.91423754882999 1.15248345746659 1.35582240694202 0 1.30756697617471 1.50754434475675 1.56160373683088 1.82487971452065 1.39211897109635 1.37368784053251 1.65030704857782 1.89145369804464 1.33090348425321 1.76095479400828 1.16211403976195 1.77868204261176 1.04012666014023 1.46305287303403 1.05526249017566 1.38583136792295 1.06060837884434 1.27471701428294
1.28405765979551 1.0821507901419 1.25059676263481 1.04715160047635 1.19079829170369 1.70405351789668 1.34474441991188 1.24521323782392 1.54006834956817 1.01034565712325 0.979270431678742 1.30756697617471 0 1.89504611631855 1.26575319934636 1.1402798963245 1.76501203328371 1.71560868108645 1.63404509681277 1.5179346697405 1.48348944983445 1.14182897168212 1.90957392496057 1.76849573664367 0.941169755067676 1.65597231732681 1.49965096008964 1.47891804133542 1.51063824491575 1.40769307408482
1.00018929177895 1.09726138645783 1.32534301583655 1.74381715734489 1.28147894912399 1.82769351522438 1.41356982290745 1.82269305177033 0.934711795765907 1.87322595156729 1.06396343489178 1.50754434475675 1.89504611631855 0 1.62503648316488 1.38676933804527 1.39163047284819 1.58687662519515 1.73782579484396 1.85939097497612 1.67717577563599 1.84552064328454 1.33495708415285 0.934286706615239 1.11816388694569 1.7095783315599 1.66509411577135 1.86284441640601 1.8132249917835 1.56990379001945
1.44773485092446 0.9889476231765 1.62601165706292 1.49129572417587 0.933364070020616 1.24378054379486 1.91150577319786 1.87223728583194 1.72425821237266 1.87787620956078 1.79574339720421 1.56160373683088 1.26575319934636 1.62503648316488 0 1.72370898374356 1.47106868354604 1.30260247807018 1.05007748468779 1.60334928054363 1.7923887912184 1.39567190338857 1.38329119794071 1.48702166415751 1.12861602078192 1.2496177572757 0.983141953824088 1.30400288593955 0.990067678969353 1.77455416624434
1.0041566141881 1.66467859782279 1.41991854598746 0.996374536771327 1.47622545342892 1.05389429815114 1.00097510078922 1.80819622473791 1.22508527175523 1.82188870268874 1.48464128794149 1.82487971452065 1.1402798963245 1.38676933804527 1.72370898374356 0 1.69430759176612 1.05971774575301 1.30266369041055 0.967776572797447 1.53123961132951 1.46934041846544 1.46381726092659 1.2895982391201 1.16521157929674 1.3116963156499 0.921993568306789 1.86718213744462 1.35085097700357 1.51366829383187
1.59917119820602 1.09978259773925 1.73104601586238 1.68527380959131 1.48414461431094 1.2669157218188 1.69490352552384 1.87388776708394 1.66556377243251 1.82677021645941 1.69441391620785 1.39211897109635 1.76501203328371 1.39163047284819 1.47106868354604 1.69430759176612 0 1.61341892415658 1.23920923494734 1.29447867814451 1.66158158984035 1.13436434231699 1.01123475073837 1.55401190044358 1.7526095402427 1.1502007516101 0.981517805019394 1.31187870143913 1.73801666870713 1.69760105316527
1.90471284254454 1.45653032884002 1.91390512231737 1.55869508115575 1.85724245151505 1.43532739020884 1.33452111342922 1.6748099909164 1.11494373087771 1.73964795889333 1.27669178554788 1.37368784053251 1.71560868108645 1.58687662519515 1.30260247807018 1.05971774575301 1.61341892415658 0 1.62174842739478 1.25332288374193 1.55619051959366 1.26201680162922 1.75845008343458 1.46556071355008 0.934774132212624 1.78777986043133 1.4910385562107 1.72195049934089 0.942006250377744 1.18195620412007
1.60259818891063 1.773538708454 1.90258001093753 1.66109693236649 1.27214382798411 1.04614041792229 1.36484599835239 1.73746575415134 1.83452820335515 1.63870875351131 1.62121795653366 1.65030704857782 1.63404509681277 1.73782579484396 1.05007748468779 1.30266369041055 1.23920923494734 1.62174842739478 0 1.72756159934215 1.19034908199683 1.75882264808752 1.59027198352851 1.43212600285187 1.78304007858969 1.65996554074809 1.25086834584363 1.79762907815166 0.974869033321738 1.61965764057823
1.24389112996869 1.40454666875303 1.04767288407311 1.59136372222565 1.43973456905223 1.46719667152502 0.963712718570605 0.924581713043153 1.52478900249116 1.21598799806088 1.6170138255693 1.89145369804464 1.5179346697405 1.85939097497612 1.60334928054363 0.967776572797447 1.29447867814451 1.25332288374193 1.72756159934215 0 1.55140922684222 0.956565216416493 1.88694434729405 1.74237667024136 1.50876314030029 1.62597452756017 1.68165098014288 0.998115761671215 1.63331625703722 1.76251687738113
1.44363348488696 1.58198725990951 1.44890554482117 1.09783669770695 1.46400648355484 1.49104439467192 1.38844455243088 1.0457485713996 1.78980211913586 1.28480205289088 1.05340022454038 1.33090348425321 1.48348944983445 1.67717577563599 1.7923887912184 1.53123961132951 1.66158158984035 1.55619051959366 1.19034908199683 1.55140922684222 0 1.39846949605271 0.993724549422041 1.49170734663494 1.03830523882061 1.44985470664687 1.25420665717684 1.8773304829374 1.09115010406822 1.37836360535584
1.04837505682372 1.31084656366147 1.17409914475866 1.35620422987267 1.37710773129947 0.962609259178862 1.65258779493161 1.12661518435925 1.4040213287808 1.28310154215433 1.65790100675076 1.76095479400828 1.14182897168212 1.84552064328454 1.39567190338857 1.46934041846544 1.13436434231699 1.26201680162922 1.75882264808752 0.956565216416493 1.39846949605271 0 1.62377222138457 1.67764373566024 1.33031621295959 1.74643219169229 1.6968106708955 1.12274010060355 0.959250014042482 1.31783146061935
1.54691940941848 1.16466792207211 1.86197757045738 1.16439977055416 1.56509680394083 1.09678795631044 1.14231359609403 1.91201855265535 1.29846991482191 0.973674820037559 1.33969952119514 1.16211403976195 1.90957392496057 1.33495708415285 1.38329119794071 1.46381726092659 1.01123475073837 1.75845008343458 1.59027198352851 1.88694434729405 0.993724549422041 1.62377222138457 0 1.0112320613116 1.11646656645462 1.56096363905817 1.5081651865039 1.63825753820129 1.04215798061341 1.25588816008531
1.61365286330692 1.42946812859736 1.4597055320628 1.03796330932528 1.37540058605373 1.81750187091529 1.55646933382377 1.86458475142717 1.84567931457423 1.32268768269569 1.78873327211477 1.77868204261176 1.76849573664367 0.934286706615239 1.48702166415751 1.2895982391201 1.55401190044358 1.46556071355008 1.43212600285187 1.74237667024136 1.49170734663494 1.67764373566024 1.0112320613116 0 1.86117312451825 0.996198115870357 1.10984613443725 1.23546167137101 1.3510834693443 1.0767027316615
1.29309514537454 1.06899287505075 1.30353509681299 1.55868199607357 1.72873191186227 0.943412768654525 1.38609711430036 1.27765657450072 1.67118674353696 1.1656712514814 1.86530539183877 1.04012666014023 0.941169755067676 1.11816388694569 1.12861602078192 1.16521157929674 1.7526095402427 0.934774132212624 1.78304007858969 1.50876314030029 1.03830523882061 1.33031621295959 1.11646656645462 1.86117312451825 0 1.38451027800329 1.20819621649571 1.10199433634989 1.82274193689227 0.962343383347616
1.51938126981258 1.07877309829928 1.39649497298524 1.75337173277512 1.29918676917441 1.2108225368429 1.35504510090686 1.2443931507878 1.4995865134988 1.7098569679074 1.57495489856228 1.46305287303403 1.65597231732681 1.7095783315599 1.2496177572757 1.3116963156499 1.1502007516101 1.78777986043133 1.65996554074809 1.62597452756017 1.44985470664687 1.74643219169229 1.56096363905817 0.996198115870357 1.38451027800329 0 1.73282809532247 1.18479928909801 1.5970488791354 1.0001614082139
0.95915462798439 1.41907326481305 1.04848415125161 1.40206539351493 1.32454618974589 1.9001741213724 0.928363819373772 1.54975186963566 1.69006408960558 1.19333227677271 1.64321988308802 1.05526249017566 1.49965096008964 1.66509411577135 0.983141953824088 0.921993568306789 0.981517805019394 1.4910385562107 1.25086834584363 1.68165098014288 1.25420665717684 1.6968106708955 1.5081651865039 1.10984613443725 1.20819621649571 1.73282809532247 0 1.78419804549776 0.975494649959728 1.02675358275883
1.46302468888462 1.74490123125724 1.45075841783546 1.10793187562376 1.05493126111105 1.80748976883478 1.31447042524815 1.38314607273787 1.67876555840485 1.24782837904058 1.84731265273876 1.38583136792295 1.47891804133542 1.86284441640601 1.30400288593955 1.86718213744462 1.31187870143913 1.72195049934089 1.79762907815166 0.998115761671215 1.8773304829374 1.12274010060355 1.63825753820129 1.23546167137101 1.10199433634989 1.18479928909801 1.78419804549776 0 1.5929131784942 1.30998426303267
1.19991409219801 1.13354906602763 1.58297309791669 1.87361237918958 1.17055425932631 1.76264376682229 0.960322719765827 1.1846814060118 1.52121874853037 1.89624164323322 1.53891378710978 1.06060837884434 1.51063824491575 1.8132249917835 0.990067678969353 1.35085097700357 1.73801666870713 0.942006250377744 0.974869033321738 1.63331625703722 1.09115010406822 0.959250014042482 1.04215798061341 1.3510834693443 1.82274193689227 1.5970488791354 0.975494649959728 1.5929131784942 0 1.13206420908682
1.50975326308981 1.37391230207868 1.16300576576032 1.55722524994053 1.22905860492028 1.5978683126159 1.48487787647173 1.15027577057481 1.77542381337844 1.32413916080259 1.15609229006805 1.27471701428294 1.40769307408482 1.56990379001945 1.77455416624434 1.51366829383187 1.69760105316527 1.18195620412007 1.61965764057823 1.76251687738113 1.37836360535584 1.31783146061935 1.25588816008531 1.0767027316615 0.962343383347616 1.0001614082139 1.02675358275883 1.30998426303267 1.13206420908682 0
