0 1.17950643482618 1.40975278592668 1.71500036469661 1.7676745748613 1.24282260681503 1.06849830690771 1.67610985063948 1.25904285558499 1.20094622857869 1.47078857035376 1.53268065373413 1.56515981466509 0.924444111529738 1.21571104880422 1.41870813933201 1.86678471509367 1.20379611570388 1.55174704757519 1.29855263722129 0.932780717965215 1.43565428326838 1.39668184611946 1.56890882179141 1.26917762332596 1.6387419521343 0.945277989609167 0.955209953011945 1.66113060084172 1.56652752216905
1.17950643482618 0 1.21726867789403 1.65421086573042 1.04999524564482 1.76713970117271 1.80028000148013 1.59140938334167 1.69010208756663 1.17159395408817 1.63505564350635 1.53366749174893 1.69566586171277 1.25242001237348 1.07060079183429 1.0701916848775 1.14642805559561 1.58614926389419 1.57642941921949 1.19561687484384 1.66303316107951 1.8869834812358 1.21882529440336 1.84724872023799 1.11090820119716 1.60193121922202 1.87210978008807 1.36768451984972 1.6120751441922 1.05371614242904
1.40975278592668 1.21726867789403 0 1.09064834588207 1.13876797258854 0.977638817857951 1.00134505657479 1.64049333403818 1.53812265978195 1.33067835215479 1.73119485354982 1.6965247367043 1.73944574338384 1.71018601022661 0.911922601051629 1.75500835222192 0.965808155015111 1.84573398670182 1.14680447336286 1.11721032182686 1.51310538081452 1.28048668429255 1.27868822519667 1.27262967219576 1.24141724640504 1.63896858156659 1.73356103897095 1.4912968906574 1.81627856846899 1.62943822168745
1.71500036469661 1.65421086573042 1.09064834588207 0 1.29567500506528 1.66419007978402 0.956561613595113 0.983142075128853 1.41069302055985 1.17819352913648 1.08036387222819 1.19302395149134 1.58521906356327 1.81590319261886 1.21871510078199 1.07510199327953 0.908408761024475 1.8212141871918 0.977853548247367 1.33672513440251 1.86431632353924 1.08098926860839 1.68117112666368 1.4025616296567 1.25928793568164 1.53321660729125 1.86452529788949 1.65703358827159 1.8365849244874 1.3618009374477
1.7676745748613 1.04999524564482 1.13876797258854 1.29567500506528 0 1.46556525700726 1.86682311282493 1.39102738536894 1.42212586477399 1.63187147444114 0.98030630685389 1.30392288672738 1.25120354839601 1.00818721018732 1.72938340343535 0.906352305784822 1.33238597912714 1.76502912049182 1.29211941431277 1.69594556908123 1.45947227161378 1.80758796748705 1.20683842152357 1.08470006706193 1.56997650000267 1.34433791507035 0.940169573528692 0.940782122546807 1.34680372197181 1.8880128050223
1.24282260681503 1.76713970117271 0.977638817857951 1.66419007978402 1.46556525700726 0 0.953128158813342 1.13326698401943 1.16811376134865 1.60555645870045 1.8030654406175 1.1588309535291 0.935264492873102 1.65694326581433 1.31611881963909 1.5702038872987 1.48256695293821 1.19444501935504 1.54725579544902 1.1635834639892 1.80960778868757 1.82878406136297 1.65407683770172 1.31342989322729 1.15166665008292 1.44110901816748 1.58560652914457 1.52634160639718 1.1911198257003 1.23959718085825
1.06849830690771 1.80028000148013 1.00134505657479 0.956561613595113 1.86682311282493 0.953128158813342 0 1.32090446678922 0.968004324706271 1.7363862907514 1.53915615729056 1.36493144137785 1.5598045012448 1.74832604452968 1.20344024873339 1.46863156557083 1.25817213254049 0.951619298895821 1.22846796037629 1.24543908471242 1.80137626081705 1.43843769561499 1.68566250079311 1.41841369820759 1.1589248967357 1.56413249927573 1.01038898294792 1.31253426219337 1.75619939761236 1.84985595336184
1.67610985063948 1.59140938334167 1.64049333403818 0.983142075128853 1.39102738536894 1.13326698401943 1.32090446678922 0 1.56120914802887 1.51864965655841 0.985641649691388 1.04519110126421 1.6266575276386 1.16290868120268 0.935271685477346 1.38832955551334 1.37627294356935 1.62113374844193 1.89251977694221 1.87525231600739 1.88676244113594 1.81688202242367 1.79580100276507 1.19032635516487 1.0676852108445 1.02566873747855 1.61982491891831 1.64989822148345 1.88054031482898 1.23804013920017
1.25904285558499 1.69010208756663 1.53812265978195 1.41069302055985 1.42212586477399 1.16811376134865 0.968004324706271 1.56120914802887 0 1.84780401084572 1.51832787157036 1.14154586615041 1.81812186958268 1.51608281978406 1.42572910222225 1.14297315641306 1.18688293499872 1.23677679430693 1.05956278508529 1.77109737554565 0.928116011666134 1.7513289465569 1.43959512421861 1.05966315628029 1.49236330832355 1.79243723116815 1.24885508744046 1.5865215593949 1.53299427567981 1.88793244957924
1.20094622857869 1.17159395408817 1.33067835215479 1.17819352913648 1.63187147444114 1.60555645870045 1.7363862907514 1.51864965655841 1.84780401084572 0 0.912783021107316 1.31729211308993 1.70069783483632 1.72222812031396 1.50985064986162 1.70951300300658 1.11985219130293 1.7041646388825 1.79000159818679 0.999184648506343 1.82163568329997 1.51042154454626 0.956468861782923 1.72474629990757 1.46620629285462 1.41022320836782 1.7245919376146 1.47809988842346 0.90977478842251 1.85851444676518
1.47078857035376 1.63505564350635 1.73119485354982 1.08036387222819 0.98030630685389 1.8030654406175 1.53915615729056 0.985641649691388 1.51832787157036 0.912783021107316 0 1.03768077050336 1.63387206452899 0.902986614499241 1.67150103766471 1.35807587951422 1.2233664020896 1.25467246049084 1.51456775260158 1.61108993063681 0.908852662192658 1.77629409893416 1.21458761766553 1.67001632112078 1.71483200811781 1.57359981560148 1.11521651013754 1.04097584402189 1.02341536805034 1.27212472842075
1.53268065373413 1.53366749174893 1.6965247367043 1.19302395149134 1.30392288672738 1.1588309535291 1.36493144137785 1.04519110126421 1.14154586615041 1.31729211308993 1.03768077050336 0 1.72109362646006 1.55309855798259 1.10150311654434 1.48098124330863 1.89042319636792 1.53992205369286 1.48699445067905 1.42583315493539 1.3905112799257 1.08894252334721 1.56399996764958 1.16470844484866 1.28086095349863 1.65771359624341 0.949378735851496 1.18212967552245 1.41638024989516 1.75252387253568
1.56515981466509 1.69566586171277 1.73944574338384 1.58521906356327 1.25120354839601 0.935264492873102 1.5598045012448 1.6266575276386 1.81812186958268 1.70069783483632 1.63387206452899 1.72109362646006 0 1.245405995287 1.40556007460691 1.72688110708259 1.76516063255258 1.54333385080099 0.955902272369713 1.38836881751195 0.961683470988646 1.59339252440259 0.972393518546596 1.07306577847339 1.48805685015395 1.26665183040313 1.32170711713843 1.4410093894694 1.61550665204413 1.87109342031181
0.924444111529738 1.25242001237348 1.71018601022661 1.81590319261886 1.00818721018732 1.65694326581433 1.74832604452968 1.16290868120268 1.51608281978406 1.72222812031396 0.902986614499241 1.55309855798259 1.245405995287 0 1.3195204292424 1.63865816826001 1.47886414290406 1.37946747522801 1.88340119086206 1.82833134057 1.79423081432469 1.06233141804114 1.54658610280603 1.55163001688197 1.35272688022815 1.32400441076607 1.78816496534273 1.66914295894094 1.49202776979655 1.31196355586872
1.21571104880422 1.07060079183429 0.911922601051629 1.21871510078199 1.72938340343535 1.31611881963909 1.20344024873339 0.935271685477346 1.42572910222225 1.50985064986162 1.67150103766471 1.10150311654434 1.40556007460691 1.3195204292424 0 1.10465074074455 0.978973824298009 1.81673581758514 1.45517040207051 1.0660325451754 1.86076840874739 0.97881430038251 1.62346949335188 1.12761991214938 0.969088579993695 1.42141726403497 1.19308911263943 1.12703650444746 1.15278817038052 0.918758039362729
1.41870813933201 1.0701916848775 1.75500835222192 1.07510199327953 0.906352305784822 1.5702038872987 1.46863156557083 1.38832955551334 1.14297315641306 1.70951300300658 1.35807587951422 1.48098124330863 1.72688110708259 1.63865816826001 1.10465074074455 0 1.09395666886121 1.04557196493261 1.32800340116955 1.22736196010374 1.04867857089266 1.46382549172267 1.72151296073571 1.03185531054623 1.09617151762359 1.81535711791366 1.74469521269202 1.46284699253738 1.30341870593838 1.50568921747617
1.86678471509367 1.14642805559561 0.965808155015111 0.908408761024475 1.33238597912714 1.48256695293821 1.25817213254049 1.37627294356935 1.18688293499872 1.11985219130293 1.2233664020896 1.89042319636792 1.76516063255258 1.47886414290406 0.978973824298009 1.09395666886121 0 1.07305176043883 1.10018867347389 0.898216428468004 1.04711149330251 1.19189584581181 0.981280256994069 0.902692912146449 1.67300641187467 1.2275016612839 1.14144049654715 1.82380487187766 1.51709072198719 1.73861500131898
1.20379611570388 1.58614926389419 1.84573398670182 1.8212141871918 1.76502912049182 1.19444501935504 0.951619298895821 1.62113374844193 1.23677679430693 1.7041646388825 1.25467246049084 1.53992205369286 1.54333385080099 1.37946747522801 1.81673581758514 1.04557196493261 1.07305176043883 0 1.822079136502 1.84373641177081 1.16587019013241 1.40845554997213 1.00538491620682 1.51088754180819 1.27395215211436 1.72288935887627 1.73576647974551 1.17274610395543 1.15950816543773 1.57126735290512
1.55174704757519 1.57642941921949 1.14680447336286 0.977853548247367 1.29211941431277 1.54725579544902 1.22846796037629 1.89251977694221 1.05956278508529 1.79000159818679 1.51456775260158 1.48699445067905 0.955902272369713 1.88340119086206 1.45517040207051 1.32800340116955 1.10018867347389 1.822079136502 0 1.10914865019731 1.58347738860175 1.19258411438204 1.54652529465966 0.949272215599194 1.8311068653129 1.89697596384212 1.38839991367422 1.66872629919089 1.23453215998597 1.11840583966114
1.29855263722129 1.19561687484384 1.11721032182686 1.33672513440251 1.69594556908123 1.1635834639892 1.24543908471242 1.87525231600739 1.77109737554565 0.999184648506343 1.61108993063681 1.42583315493539 1.38836881751195 1.82833134057 1.0660325451754 1.22736196010374 0.898216428468004 1.84373641177081 1.10914865019731 0 0.918127951677889 1.64064700715244 1.01978208147921 1.44815838569775 1.87511105346493 1.25820245756768 1.39550259336829 1.60202009300701 1.87235084408894 1.62326182564721
0.932780717965215 1.66303316107951 1.51310538081452 1.86431632353924 1.45947227161378 1.80960778868757 1.80137626081705 1.88676244113594 0.928116011666134 1.82163568329997 0.908852662192658 1.3905112799257 0.961683470988646 1.79423081432469 1.86076840874739 1.04867857089266 1.04711149330251 1.16587019013241 1.58347738860175 0.918127951677889 0 1.15946790203452 1.71335488860495 1.74571096710861 1.76941544702277 1.41702155512758 1.36461171507835 1.29443424707279 1.47644841880538 1.61244594119489
1.43565428326838 1.8869834812358 1.28048668429255 1.08098926860839 1.80758796748705 1.82878406136297 1.43843769561499 1.81688202242367 1.7513289465569 1.51042154454626 1.77629409893416 1.08894252334721 1.59339252440259 1.06233141804114 0.97881430038251 1.46382549172267 1.19189584581181 1.40845554997213 1.19258411438204 1.64064700715244 1.15946790203452 0 1.52532309154049 1.75520414952189 1.02095987112261 1.51381624815986 1.74418533756398 1.13776089902967 1.71815017354675 1.76448999438435
1.39668184611946 1.21882529440336 1.27868822519667 1.68117112666368 1.20683842152357 1.65407683770172 1.68566250079311 1.79580100276507 1.43959512421861 0.956468861782923 1.21458761766553 1.56399996764958 0.972393518546596 1.54658610280603 1.62346949335188 1.72151296073571 0.981280256994069 1.00538491620682 1.54652529465966 1.01978208147921 1.71335488860495 1.52532309154049 0 1.66290859458968 1.39584574382752 0.980319396825507 1.77757189050317 1.55948391510174 1.50084040593356 1.83777610072866
1.56890882179141 1.84724872023799 1.27262967219576 1.4025616296567 1.08470006706193 1.31342989322729 1.41841369820759 1.19032635516487 1.05966315628029 1.72474629990757 1.67001632112078 1.16470844484866 1.07306577847339 1.55163001688197 1.12761991214938 1.03185531054623 0.902692912146449 1.51088754180819 0.949272215599194 1.44815838569775 1.74571096710861 1.75520414952189 1.66290859458968 0 1.22066000546329 1.54058866668493 0.970035834237933 1.8820718685165 1.31904789968394 1.07650588057004
1.26917762332596 1.11090820119716 1.24141724640504 1.25928793568164 1.56997650000267 1.15166665008292 1.1589248967357 1.0676852108445 1.49236330832355 1.46620629285462 1.71483200811781 1.28086095349863 1.48805685015395 1.35272688022815 0.969088579993695 1.09617151762359 1.67300641187467 1.27395215211436 1.8311068653129 1.87511105346493 1.76941544702277 1.02095987112261 1.39584574382752 1.22066000546329 0 1.05592944705859 1.02258361619897 1.32085101702251 1.21104600839317 1.73886737297289
1.6387419521343 1.60193121922202 1.63896858156659 1.53321660729125 1.34433791507035 1.44110901816748 1.56413249927573 1.02566873747855 1.79243723116815 1.41022320836782 1.57359981560148 1.65771359624341 1.26665183040313 1.32400441076607 1.42141726403497 1.81535711791366 1.2275016612839 1.72288935887627 1.89697596384212 1.25820245756768 1.41702155512758 1.51381624815986 0.980319396825507 1.54058866668493 1.05592944705859 0 1.74964656331576 1.16377295344137 0.999303682940081 1.41289976844564
0.945277989609167 1.87210978008807 1.73356103897095 1.86452529788949 0.940169573528692 1.58560652914457 1.01038898294792 1.61982491891831 1.24885508744046 1.7245919376146 1.11521651013754 0.949378735851496 1.32170711713843 1.78816496534273 1.19308911263943 1.74469521269202 1.14144049654715 1.73576647974551 1.38839991367422 1.39550259336829 1.36461171507835 1.74418533756398 1.77757189050317 0.970035834237933 1.02258361619897 1.74964656331576 0 1.43872878956608 1.81418584822677 1.55197676434182
0.955209953011945 1.36768451984972 1.4912968906574 1.65703358827159 0.940782122546807 1.52634160639718 1.31253426219337 1.64989822148345 1.5865215593949 1.47809988842346 1.04097584402189 1.18212967552245 1.4410093894694 1.66914295894094 1.12703650444746 1.46284699253738 1.82380487187766 1.17274610395543 1.66872629919089 1.60202009300701 1.29443424707279 1.13776089902967 1.55948391510174 1.8820718685165 1.32085101702251 1.16377295344137 1.43872878956608 0 1.42217135685496 0.955767433857545
1.66113060084172 1.6120751441922 1.81627856846899 1.8365849244874 1.34680372197181 1.1911198257003 1.75619939761236 1.88054031482898 1.53299427567981 0.90977478842251 1.02341536805034 1.41638024989516 1.61550665204413 1.49202776979655 1.15278817038052 1.30341870593838 1.51709072198719 1.15950816543773 1.23453215998597 1.87235084408894 1.47644841880538 1.71815017354675 1.50084040593356 1.31904789968394 1.21104600839317 0.999303682940081 1.81418584822677 1.42217135685496 0 1.41837188857608
1.56652752216905 1.05371614242904 1.62943822168745 1.3618009374477 1.8880128050223 1.23959718085825 1.84985595336184 1.23804013920017 1.88793244957924 1.85851444676518 1.27212472842075 1.75252387253568 1.87109342031181 1.31196355586872 0.918758039362729 1.50568921747617 1.73861500131898 1.57126735290512 1.11840583966114 1.62326182564721 1.61244594119489 1.76448999438435 1.83777610072866 1.07650588057004 1.73886737297289 1.41289976844564 1.55197676434182 0.955767433857545 1.41837188857608 0
