0 1.74129428085871 1.4242860332597 1.61505979974754 1.59692549984902 0.963002052856609 1.35175899229944 1.30676624970511 1.1042438368313 1.70046291593462 1.52084967307746 1.81930383504368 1.6991241844371 1.5754938297905 1.73894234653562 1.24745162040927 1.58857782511041 1.29728746204637 1.2032696835231 1.32316450797953 1.10900002601556 1.76699480297975 1.07144904439338 1.85416673705913 1.93821377493441 1.3269731241744 1.57037900318392 1.64082559314556 1.1299734832719 1.85195800033398
1.74129428085871 0 1.74839943042025 1.67440753476694 1.54220880288631 1.13320868066512 1.85678692045622 1.21536415535957 1.7150322413072 1.61901300610043 0.992058892501518 1.13056259672157 1.00068595120683 0.963455066783354 1.37833726615645 1.43068444891833 1.69490470923483 1.8295683672186 1.2989348443225 1.86424826737493 1.85339208436199 1.67478841799311 1.18288093805313 1.75597942667082 0.974709682399407 1.40613476815633 1.31449918495491 1.22047738544643 1.51359040662646 1.57711825100705
1.4242860332597 1.74839943042025 0 1.79736038250849 1.22233807039447 1.15269294404425 1.48238803190179 1.58220714284107 1.47201000363566 1.53977493243292 1.82804704690352 0.994113739114255 1.50320809753612 1.46757012465969 1.59264946053736 1.50801988877356 1.52459765644744 1.4950948508922 1.03827115730383 1.06830940931104 1.69523587427102 1.39215116947889 1.38433933653869 1.33524420182221 0.971162495203316 1.65627397177741 1.74282925785519 1.49243580200709 1.71541340136901 1.32399803004228
1.61505979974754 1.67440753476694 1.79736038250849 0 1.6471194201149 1.17521265218966 1.87880142056383 1.83130386378616 1.0983156026341 1.27432415168732 1.13139945990406 1.16407962609082 1.66983435186557 1.52298617665656 1.7365990690887 1.13165835686959 1.93842893629335 1.91479191603139 1.33011909015477 1.24236965365708 1.41122921044007 0.972447788575664 1.65962721104734 1.83501863246784 0.967171534197405 1.38254174217582 0.982109571108595 1.53396159503609 1.9060906288214 1.46489711035974
1.59692549984902 1.54220880288631 1.22233807039447 1.6471194201149 0 1.53934211214073 1.39043729775585 1.60921743349172 1.30791470850818 1.86339702480473 1.14537715050392 1.53634304343723 1.58424555207603 1.92693977686577 1.26800334756263 1.69537698104978 1.43105585197918 1.66682488634251 1.39170737564564 1.39156331052072 1.38396327267401 1.29325400525704 1.09193761833012 1.22375182551332 1.80327917286195 1.15132211544551 1.08030366245657 1.92317089019343 1.23175266990438 1.85019974410534
0.963002052856609 1.13320868066512 1.15269294404425 1.17521265218966 1.53934211214073 0 1.80973471840844 1.16445078491233 1.94200164289214 1.74335571844131 1.46466152952053 1.6725070385728 1.03213000437245 1.33845197898336 1.70682465960272 1.41565038124099 1.55288039706647 1.29087755410001 1.27584579610266 1.77117422921583 1.48349888715893 1.00424042996019 1.42305668513291 1.09872077428736 1.04827487678267 1.8106391299516 1.65284643741325 1.8582963263616 1.94039546581917 1.13593636150472
1.35175899229944 1.85678692045622 1.48238803190179 1.87880142056383 1.39043729775585 1.80973471840844 0 1.31992334895767 1.27611984475516 1.71929904236458 0.967486088862643 1.85749180405401 1.63582034455612 0.974995761876926 1.34460563166067 1.01029608119279 1.87534187687561 1.45099186873995 1.54104493441992 1.18501665443182 1.59248992986977 0.992981808725744 1.58799142716452 1.15894420281984 1.71176558616571 1.88938739872538 1.8541951761581 1.03788209566846 1.78580956393853 1.62076180637814
1.30676624970511 1.21536415535957 1.58220714284107 1.83130386378616 1.60921743349172 1.16445078491233 1.31992334895767 0 1.38687241566367 1.13143975706771 0.994886526139453 1.19960425957106 1.03043890651315 1.39802735298872 1.89083935087547 1.34224492614157 1.84612975921482 1.29277441254817 1.34504727157764 1.73936796956696 1.57326823216863 0.968754488276318 1.79624333442189 1.09345790999942 1.56081326724961 1.73835800937377 1.60770217399113 1.18580608814955 1.3398826115299 1.1660750976298
1.1042438368313 1.7150322413072 1.47201000363566 1.0983156026341 1.30791470850818 1.94200164289214 1.27611984475516 1.38687241566367 0 1.42763959313743 1.15348022081889 1.5667475531809 1.7015012127813 1.88680442050099 1.78147510066628 1.52836775104515 1.86878756782971 1.5538806100376 1.12415948114358 1.88845260790549 1.9254497049842 1.76929925731383 1.39032926014625 1.60552607662976 1.73904681927525 1.56728772213683 1.12618592684157 1.93141772225499 1.5368201888632 1.73922452214174
1.70046291593462 1.61901300610043 1.53977493243292 1.27432415168732 1.86339702480473 1.74335571844131 1.71929904236458 1.13143975706771 1.42763959313743 0 1.39863896509632 1.62864562286995 1.18188054044731 1.84406555327587 0.986262853024527 1.14696630951948 1.68897805782035 1.77615400683135 1.19912799075246 1.63161863642745 0.99282685527578 1.58652361342683 1.14619982917793 1.7512458616402 1.37545936345123 1.23098101443611 1.55966635909863 1.13474935432896 1.82138940109871 1.35776129201986
1.52084967307746 0.992058892501518 1.82804704690352 1.13139945990406 1.14537715050392 1.46466152952053 0.967486088862643 0.994886526139453 1.15348022081889 1.39863896509632 0 1.26820495096035 1.04968716693111 0.947823432506993 1.35052910167724 1.11371070495807 1.85235858266242 1.72170858667232 1.66086022928357 1.1103374613449 1.57349588465877 1.28743889043108 1.40917939925566 1.40316724893637 1.54209605022334 1.30697300820611 1.07310415781103 1.63517433218658 1.72695295559242 1.00432930118404
1.81930383504368 1.13056259672157 0.994113739114255 1.16407962609082 1.53634304343723 1.6725070385728 1.85749180405401 1.19960425957106 1.5667475531809 1.62864562286995 1.26820495096035 0 1.20405586180277 1.76908185961656 1.78142075776123 1.54202358331531 0.949151599546894 1.28440492833033 1.86654702341184 1.34532663971186 1.33240008144639 1.8340803666506 1.69602790800855 1.2874614612665 1.49323513777927 1.49306339886971 1.84211261570454 1.66629610350356 1.6389090672601 1.27880375925452
1.6991241844371 1.00068595120683 1.50320809753612 1.66983435186557 1.58424555207603 1.03213000437245 1.63582034455612 1.03043890651315 1.7015012127813 1.18188054044731 1.04968716693111 1.20405586180277 0 1.24761951924302 1.5427151734475 1.07227785815485 0.983257241779938 1.92370438319631 1.19981309189461 1.1671292653773 0.988926754333079 1.15013060555793 0.95899078133516 1.22531643044204 1.17552953958511 1.91555759799667 1.46761599509045 1.13931294786744 1.61579427914694 1.00322814541869
1.5754938297905 0.963455066783354 1.46757012465969 1.52298617665656 1.92693977686577 1.33845197898336 0.974995761876926 1.39802735298872 1.88680442050099 1.84406555327587 0.947823432506993 1.76908185961656 1.24761951924302 0 1.59544386505149 1.14341056696139 1.74433709657751 1.84668325819075 1.68523833528161 1.87290857592598 1.41152995452285 1.18954204395413 1.89059497811832 1.69546892656945 1.47329012700357 1.14221361814998 1.81950956443325 1.8747623024974 1.44454559893347 1.18064905377105
1.73894234653562 1.37833726615645 1.59264946053736 1.7365990690887 1.26800334756263 1.70682465960272 1.34460563166067 1.89083935087547 1.78147510066628 0.986262853024527 1.35052910167724 1.78142075776123 1.5427151734475 1.59544386505149 0 1.29414655664004 1.07216780935414 1.20837439945899 1.38231151085347 1.58022366953082 1.88416565442458 1.82526842574589 1.60094027942978 1.78292236453854 1.88478340464644 1.72987201740034 1.24066526512615 1.77623296109959 0.99849155289121 1.92444410873577
1.24745162040927 1.43068444891833 1.50801988877356 1.13165835686959 1.69537698104978 1.41565038124099 1.01029608119279 1.34224492614157 1.52836775104515 1.14696630951948 1.11371070495807 1.54202358331531 1.07227785815485 1.14341056696139 1.29414655664004 0 1.00465304800309 1.56681566103362 1.67660825653002 1.81715388013981 1.80130597273819 1.43139576492831 1.2795671808999 1.06801234465092 1.03217172715813 1.13313686661422 1.65255083143711 1.91509525454603 1.89809768716805 1.42488491395488
1.58857782511041 1.69490470923483 1.52459765644744 1.93842893629335 1.43105585197918 1.55288039706647 1.87534187687561 1.84612975921482 1.86878756782971 1.68897805782035 1.85235858266242 0.949151599546894 0.983257241779938 1.74433709657751 1.07216780935414 1.00465304800309 0 1.90354669420049 1.50095049128868 1.20817155251279 1.76343884202652 1.46325804549269 1.15247749304399 1.5239959100727 0.971257402095944 1.13818442332558 1.19834645325318 1.22700664261356 1.18089577555656 1.19615199160762
1.29728746204637 1.8295683672186 1.4950948508922 1.91479191603139 1.66682488634251 1.29087755410001 1.45099186873995 1.29277441254817 1.5538806100376 1.77615400683135 1.72170858667232 1.28440492833033 1.92370438319631 1.84668325819075 1.20837439945899 1.56681566103362 1.90354669420049 0 1.62728870310821 1.07270433870144 1.61400649114512 1.37817825656384 1.68414922500961 1.5968987790402 1.42167503456585 1.24045592942275 1.31018741149455 1.72855517547578 0.979409581748769 1.57109683658928
1.2032696835231 1.2989348443225 1.03827115730383 1.33011909015477 1.39170737564564 1.27584579610266 1.54104493441992 1.34504727157764 1.12415948114358 1.19912799075246 1.66086022928357 1.86654702341184 1.19981309189461 1.68523833528161 1.38231151085347 1.67660825653002 1.50095049128868 1.62728870310821 0 1.81192996376194 1.57833844353445 1.44421948911622 1.01228288304992 1.80098775401711 1.24698680895381 1.0830683093518 1.14873222215101 1.43876122822985 1.94117488106713 1.56222778488882
1.32316450797953 1.86424826737493 1.06830940931104 1.24236965365708 1.39156331052072 1.77117422921583 1.18501665443182 1.73936796956696 1.88845260790549 1.63161863642745 1.1103374613449 1.34532663971186 1.1671292653773 1.87290857592598 1.58022366953082 1.81715388013981 1.20817155251279 1.07270433870144 1.81192996376194 0 1.8391697825864 1.70127765554935 1.05990734742954 1.06448041182011 1.12853122735396 1.5744737663772 1.02572115533985 1.13126680674031 1.75337660079822 1.45770108141005
1.10900002601556 1.85339208436199 1.69523587427102 1.41122921044007 1.38396327267401 1.48349888715893 1.59248992986977 1.57326823216863 1.9254497049842 0.99282685527578 1.57349588465877 1.33240008144639 0.988926754333079 1.41152995452285 1.88416565442458 1.80130597273819 1.76343884202652 1.61400649114512 1.57833844353445 1.8391697825864 0 1.5612113235984 1.09139286587015 1.16741800424643 1.85592181887478 0.970372202340513 1.24107427056879 1.83663624338806 1.4852724308148 1.63251032447442
1.76699480297975 1.67478841799311 1.39215116947889 0.972447788575664 1.29325400525704 1.00424042996019 0.992981808725744 0.968754488276318 1.76929925731383 1.58652361342683 1.28743889043108 1.8340803666506 1.15013060555793 1.18954204395413 1.82526842574589 1.43139576492831 1.46325804549269 1.37817825656384 1.44421948911622 1.70127765554935 1.5612113235984 0 1.00783184869215 1.08990767691284 1.43832576018758 1.87054278794676 1.87192674959078 1.31178833288141 1.62109235487878 1.18577158707194
1.07144904439338 1.18288093805313 1.38433933653869 1.65962721104734 1.09193761833012 1.42305668513291 1.58799142716452 1.79624333442189 1.39032926014625 1.14619982917793 1.40917939925566 1.69602790800855 0.95899078133516 1.89059497811832 1.60094027942978 1.2795671808999 1.15247749304399 1.68414922500961 1.01228288304992 1.05990734742954 1.09139286587015 1.00783184869215 0 1.92440231470391 1.63236381602474 1.68730486067943 1.44940442871302 1.90868569887243 1.47383919567801 1.65864426083863
1.85416673705913 1.75597942667082 1.33524420182221 1.83501863246784 1.22375182551332 1.09872077428736 1.15894420281984 1.09345790999942 1.60552607662976 1.7512458616402 1.40316724893637 1.2874614612665 1.22531643044204 1.69546892656945 1.78292236453854 1.06801234465092 1.5239959100727 1.5968987790402 1.80098775401711 1.06448041182011 1.16741800424643 1.08990767691284 1.92440231470391 0 1.63731878460385 1.35965630668215 1.7748565452639 1.7331828000024 1.3460765578784 1.00197577825747
1.93821377493441 0.974709682399407 0.971162495203316 0.967171534197405 1.80327917286195 1.04827487678267 1.71176558616571 1.56081326724961 1.73904681927525 1.37545936345123 1.54209605022334 1.49323513777927 1.17552953958511 1.47329012700357 1.88478340464644 1.03217172715813 0.971257402095944 1.42167503456585 1.24698680895381 1.12853122735396 1.85592181887478 1.43832576018758 1.63236381602474 1.63731878460385 0 1.35144768748432 1.04475896130316 1.46661719190888 1.78229551017284 1.70957486215048
1.3269731241744 1.40613476815633 1.65627397177741 1.38254174217582 1.15132211544551 1.8106391299516 1.88938739872538 1.73835800937377 1.56728772213683 1.23098101443611 1.30697300820611 1.49306339886971 1.91555759799667 1.14221361814998 1.72987201740034 1.13313686661422 1.13818442332558 1.24045592942275 1.0830683093518 1.5744737663772 0.970372202340513 1.87054278794676 1.68730486067943 1.35965630668215 1.35144768748432 0 1.51333835883997 0.989791735308245 1.6410538549535 1.08459000010043
1.57037900318392 1.31449918495491 1.74282925785519 0.982109571108595 1.08030366245657 1.65284643741325 1.8541951761581 1.60770217399113 1.12618592684157 1.55966635909863 1.07310415781103 1.84211261570454 1.46761599509045 1.81950956443325 1.24066526512615 1.65255083143711 1.19834645325318 1.31018741149455 1.14873222215101 1.02572115533985 1.24107427056879 1.87192674959078 1.44940442871302 1.7748565452639 1.04475896130316 1.51333835883997 0 1.63214605813846 1.7388989222236 1.03242941410281
1.64082559314556 1.22047738544643 1.49243580200709 1.53396159503609 1.92317089019343 1.8582963263616 1.03788209566846 1.18580608814955 1.93141772225499 1.13474935432896 1.63517433218658 1.66629610350356 1.13931294786744 1.8747623024974 1.77623296109959 1.91509525454603 1.22700664261356 1.72855517547578 1.43876122822985 1.13126680674031 1.83663624338806 1.31178833288141 1.90868569887243 1.7331828000024 1.46661719190888 0.989791735308245 1.63214605813846 0 1.8921632443089 1.83057913044468
1.1299734832719 1.51359040662646 1.71541340136901 1.9060906288214 1.23175266990438 1.94039546581917 1.78580956393853 1.3398826115299 1.5368201888632 1.82138940109871 1.72695295559242 1.6389090672601 1.61579427914694 1.44454559893347 0.99849155289121 1.89809768716805 1.18089577555656 0.979409581748769 1.94117488106713 1.75337660079822 1.4852724308148 1.62109235487878 1.47383919567801 1.3460765578784 1.78229551017284 1.6410538549535 1.7388989222236 1.8921632443089 0 1.06431709160097
1.85195800033398 1.57711825100705 1.32399803004228 1.46489711035974 1.85019974410534 1.13593636150472 1.62076180637814 1.1660750976298 1.73922452214174 1.35776129201986 1.00432930118404 1.27880375925452 1.00322814541869 1.18064905377105 1.92444410873577 1.42488491395488 1.19615199160762 1.57109683658928 1.56222778488882 1.45770108141005 1.63251032447442 1.18577158707194 1.65864426083863 1.00197577825747 1.70957486215048 1.08459000010043 1.03242941410281 1.83057913044468 1.06431709160097 0
