0 0.976056538056582 1.3481383479666 1.91099138371646 1.3693739855662 1.90974260331132 1.69388266606256 1.5125726708211 1.14588684425689 1.58656851761043 1.1412466133479 1.89203402237035 0.959111844655126 1.46384407463484 1.80592199251987 1.43837767187506 1.15146048855968 1.62717657769099 1.65532399970107 1.82046730048023 1.33714297390543 1.21814577816986 1.30181094910949 1.00887026125565 1.54602109594271 1.93128331773914 1.57340649049729 1.89706458942965 1.75875678425655 1.07158439815976
0.976056538056582 0 1.47076829569414 1.73915851791389 1.82108276360668 1.49350342177786 1.93047396535985 1.91511562746018 1.34199499594979 0.972800740739331 1.72166445013136 1.11694233538583 1.12571541126817 1.0996576230973 1.77899092016742 1.44821794214658 1.77472158684395 1.30620774300769 1.33519227057695 1.38939877972007 1.76334027899429 1.70206088991836 1.35098994220607 1.12926789768972 0.955830719787627 0.955226779682562 1.38930393080227 1.35177100170404 1.11136702657677 1.90009270631708
1.3481383479666 1.47076829569414 0 1.08599346224219 1.25945233856328 1.42448350600898 1.6429470567964 1.28133145533502 1.65843970072456 1.83944960869849 1.7259125628043 1.15457941428758 1.2051880445797 1.37520165508613 1.83151025581174 1.01373282028362 1.45157816121355 1.07791871856898 1.15649637486786 1.56729449122213 1.26530995569192 1.31359732779674 1.16147735668346 1.51843720162287 1.18457043240778 1.13197691738605 1.29645217815414 1.37978385901079 1.47066357196309 1.76246086624451
1.91099138371646 1.73915851791389 1.08599346224219 0 1.77971561113372 1.6286491935607 1.62164213485084 1.15447257179767 1.06254879129119 1.7509876228869 1.56032695644535 0.951062739826739 1.14790848153643 1.91712819901295 1.92133135488257 1.77097271499224 1.2990941060707 1.19890833133832 1.34361109137535 1.06896111974493 1.60047328146175 1.39560110284947 0.977033463539556 1.41627851128578 1.31904461816885 1.84337338921614 1.56486142845824 1.46032906137407 0.95166604896076 1.82003104779869
1.3693739855662 1.82108276360668 1.25945233856328 1.77971561113372 0 1.91641237470321 1.91368759050965 0.941798852523789 1.83458386105485 1.65525830956176 1.86687116883695 1.31159386923537 1.37704805168323 1.90807589306496 1.56815513549373 1.8729678587988 1.03551536938176 1.47717412188649 1.81725920317695 0.997529208427295 1.38243241328746 1.03938028588891 1.30603462434374 1.86976126092486 1.23146600206383 1.46398435207084 1.76415346446447 1.09508170210756 1.38119040173478 1.62007377413101
1.90974260331132 1.49350342177786 1.42448350600898 1.6286491935607 1.91641237470321 0 1.59481542743742 1.43058231472969 1.26688001584262 1.77027288009413 1.53237345349044 1.57523848768324 1.46167241130024 1.41516669513658 1.59163359669037 1.62770100939088 1.08906744490378 1.50478871609084 1.44095956371166 1.11727702664211 1.20604187110439 1.28129086480476 1.13422299618833 1.64756401162595 1.54824000201188 1.74236133182421 1.32411202299409 1.88264557649381 1.88576105446555 1.32210301700979
1.69388266606256 1.93047396535985 1.6429470567964 1.62164213485084 1.91368759050965 1.59481542743742 0 1.11405290733092 1.20502762729302 1.27414357033558 1.51949214260094 1.21853006049059 1.46845898753963 1.55346439639106 1.63470211881213 1.1121328312438 1.15198068181053 1.88876107148826 1.58522546291351 1.26741446112283 1.59185153874569 1.6538528255187 1.04863008810207 1.19321408658288 1.00903638848104 1.60557927377522 1.87271297816187 1.13871083199047 1.76874461211264 1.5923405084759
1.5125726708211 1.91511562746018 1.28133145533502 1.15447257179767 0.941798852523789 1.43058231472969 1.11405290733092 0 1.20036912802607 1.56386822927743 1.81008097296581 1.15539996768348 1.72651801467873 1.1920554889366 1.29082810413092 1.61621576687321 1.33187164040282 1.005632402841 1.9006601201836 1.6239121069666 1.42105960473418 1.70105009991676 1.27536579407752 1.08722528186627 1.87912399601191 1.67115525458939 1.51074297912419 1.40079057728872 1.7636979110539 1.85724669741467
1.14588684425689 1.34199499594979 1.65843970072456 1.06254879129119 1.83458386105485 1.26688001584262 1.20502762729302 1.20036912802607 0 1.66742933751084 1.32671999046579 0.950646746903658 1.60336836171336 1.53442466352135 1.1245491639711 1.13161497702822 0.958201935281977 1.70818170602433 1.18407943099737 1.21073793875985 1.29383619735017 1.53606433910318 1.37191845523193 1.66890394617803 0.940764515893534 1.76610139431432 1.71261903434061 1.35535383992828 1.39306190097705 1.2912498828955
1.58656851761043 0.972800740739331 1.83944960869849 1.7509876228869 1.65525830956176 1.77027288009413 1.27414357033558 1.56386822927743 1.66742933751084 0 1.23013082519174 1.17131533380598 1.75958781759255 1.36503761610948 0.957081156084314 1.20176810421981 1.69720251508988 1.17557124444284 1.73618091200478 1.84886409738101 1.01259199902415 1.79567879508249 1.68622334627435 1.04070728784427 1.57855571201071 1.16257710335776 1.26184977428056 1.69166511320509 1.19454506668262 1.75078165717423
1.1412466133479 1.72166445013136 1.7259125628043 1.56032695644535 1.86687116883695 1.53237345349044 1.51949214260094 1.81008097296581 1.32671999046579 1.23013082519174 0 1.31440827227198 1.82731708255596 1.26660038111731 1.5272520754952 1.92779980809428 1.07376584620215 1.14363198238425 1.51915006712079 1.82999997935258 1.88413407444023 1.67819781252183 1.07718028407544 1.62795340176672 1.51461696997285 1.54428272112273 1.89270618534647 1.70535860396922 1.2940360577777 0.938759105512872
1.89203402237035 1.11694233538583 1.15457941428758 0.951062739826739 1.31159386923537 1.57523848768324 1.21853006049059 1.15539996768348 0.950646746903658 1.17131533380598 1.31440827227198 0 1.57045046193525 1.1101852261927 1.89699337631464 1.32329572108574 1.15520398132503 1.88586268643849 1.87405654019676 1.03793886117637 1.17286512907594 1.87969223689288 1.44931858498603 1.3718248361256 0.982776178978384 0.997191001428291 1.36486541642807 1.6241330713965 1.81137227499858 1.60291268583387
0.959111844655126 1.12571541126817 1.2051880445797 1.14790848153643 1.37704805168323 1.46167241130024 1.46845898753963 1.72651801467873 1.60336836171336 1.75958781759255 1.82731708255596 1.57045046193525 0 1.49743005540222 1.78698613191955 1.31956907152198 1.19741292833351 1.5474857299123 0.991951922653243 0.94923000712879 1.60869091004133 1.0364799068775 1.06846102932468 1.8681755233556 1.16927448264323 1.82203618111089 1.3748338513542 1.35427503334358 1.18610195908695 1.70354331191629
1.46384407463484 1.0996576230973 1.37520165508613 1.91712819901295 1.90807589306496 1.41516669513658 1.55346439639106 1.1920554889366 1.53442466352135 1.36503761610948 1.26660038111731 1.1101852261927 1.49743005540222 0 1.84028621809557 1.0199406305328 1.02238630969077 1.27333224238828 1.14308186015114 1.54698417894542 1.04262575577013 1.30317855603062 1.39582146564499 1.12099137855694 1.87433934817091 1.22225692938082 1.88639274635352 1.82000338588841 1.43715563113801 1.38559248740785
1.80592199251987 1.77899092016742 1.83151025581174 1.92133135488257 1.56815513549373 1.59163359669037 1.63470211881213 1.29082810413092 1.1245491639711 0.957081156084314 1.5272520754952 1.89699337631464 1.78698613191955 1.84028621809557 0 1.00556103279814 1.49298723903485 1.12541439780034 1.45933063793927 0.974886006675661 1.52469888469204 1.42099633091129 1.08701701858081 1.78270223387517 1.75385025446303 1.79031482920982 1.36628361511976 1.00845381757244 1.20783647615463 1.60469061229378
1.43837767187506 1.44821794214658 1.01373282028362 1.77097271499224 1.8729678587988 1.62770100939088 1.1121328312438 1.61621576687321 1.13161497702822 1.20176810421981 1.92779980809428 1.32329572108574 1.31956907152198 1.0199406305328 1.00556103279814 0 1.06224264460616 1.91211449541152 1.03700348432176 1.10376664204523 0.993868764489889 1.78713149367832 1.72440659650601 1.34906480042264 1.29836578387767 1.0776506785769 1.51324915979058 1.52665478875861 1.30576923466288 1.16093806945719
1.15146048855968 1.77472158684395 1.45157816121355 1.2990941060707 1.03551536938176 1.08906744490378 1.15198068181053 1.33187164040282 0.958201935281977 1.69720251508988 1.07376584620215 1.15520398132503 1.19741292833351 1.02238630969077 1.49298723903485 1.06224264460616 0 1.01948062912561 1.27965171262622 1.41700011631474 1.07396396412514 1.17571101291105 1.86393754952587 1.02575669251382 1.31320777675137 1.14044003840536 1.44082591659389 1.91415425227024 1.49611575389281 1.26695266994648
1.62717657769099 1.30620774300769 1.07791871856898 1.19890833133832 1.47717412188649 1.50478871609084 1.88876107148826 1.005632402841 1.70818170602433 1.17557124444284 1.14363198238425 1.88586268643849 1.5474857299123 1.27333224238828 1.12541439780034 1.91211449541152 1.01948062912561 0 1.38518183818087 1.42512438376434 1.81447455869056 1.62429771199822 1.17094969074242 1.52728482661769 1.39280537422746 1.06126693077385 1.39368296740577 1.68967629689723 1.05953288008459 1.38871760014445
1.65532399970107 1.33519227057695 1.15649637486786 1.34361109137535 1.81725920317695 1.44095956371166 1.58522546291351 1.9006601201836 1.18407943099737 1.73618091200478 1.51915006712079 1.87405654019676 0.991951922653243 1.14308186015114 1.45933063793927 1.03700348432176 1.27965171262622 1.38518183818087 0 1.86583348014392 1.78014634479769 1.16563129867427 1.08102692570537 1.05836852407083 1.89325120812282 0.991024953080341 1.05869601410814 1.86631445237435 1.29331701924093 1.73295630584471
1.82046730048023 1.38939877972007 1.56729449122213 1.06896111974493 0.997529208427295 1.11727702664211 1.26741446112283 1.6239121069666 1.21073793875985 1.84886409738101 1.82999997935258 1.03793886117637 0.94923000712879 1.54698417894542 0.974886006675661 1.10376664204523 1.41700011631474 1.42512438376434 1.86583348014392 0 1.73435782990418 1.16897996584885 1.91020489414223 1.73018959723413 1.42688062530942 1.40670874179341 1.9341789027676 1.87577238236554 1.05672660586424 1.47025104588829
1.33714297390543 1.76334027899429 1.26530995569192 1.60047328146175 1.38243241328746 1.20604187110439 1.59185153874569 1.42105960473418 1.29383619735017 1.01259199902415 1.88413407444023 1.17286512907594 1.60869091004133 1.04262575577013 1.52469888469204 0.993868764489889 1.07396396412514 1.81447455869056 1.78014634479769 1.73435782990418 0 1.40656883828342 1.86051627318375 1.90846477681771 1.34495033393614 1.51857579825446 1.73087374470197 1.69113598950207 0.947932414710522 1.80641878698952
1.21814577816986 1.70206088991836 1.31359732779674 1.39560110284947 1.03938028588891 1.28129086480476 1.6538528255187 1.70105009991676 1.53606433910318 1.79567879508249 1.67819781252183 1.87969223689288 1.0364799068775 1.30317855603062 1.42099633091129 1.78713149367832 1.17571101291105 1.62429771199822 1.16563129867427 1.16897996584885 1.40656883828342 0 1.18695168290287 1.17555381194688 1.22958615864627 1.11447038594633 1.84615699225105 1.39589831465855 1.70297331921756 1.08551850146614
1.30181094910949 1.35098994220607 1.16147735668346 0.977033463539556 1.30603462434374 1.13422299618833 1.04863008810207 1.27536579407752 1.37191845523193 1.68622334627435 1.07718028407544 1.44931858498603 1.06846102932468 1.39582146564499 1.08701701858081 1.72440659650601 1.86393754952587 1.17094969074242 1.08102692570537 1.91020489414223 1.86051627318375 1.18695168290287 0 1.18915301980451 0.996342620346695 1.40459498506971 1.64447635342367 1.54410165874287 1.1412908132188 1.4722556755878
1.00887026125565 1.12926789768972 1.51843720162287 1.41627851128578 1.86976126092486 1.64756401162595 1.19321408658288 1.08722528186627 1.66890394617803 1.04070728784427 1.62795340176672 1.3718248361256 1.8681755233556 1.12099137855694 1.78270223387517 1.34906480042264 1.02575669251382 1.52728482661769 1.05836852407083 1.73018959723413 1.90846477681771 1.17555381194688 1.18915301980451 0 1.34433443611488 1.4207132474985 1.32331278524362 1.03276747185737 1.66177703044377 1.78420819202438
1.54602109594271 0.955830719787627 1.18457043240778 1.31904461816885 1.23146600206383 1.54824000201188 1.00903638848104 1.87912399601191 0.940764515893534 1.57855571201071 1.51461696997285 0.982776178978384 1.16927448264323 1.87433934817091 1.75385025446303 1.29836578387767 1.31320777675137 1.39280537422746 1.89325120812282 1.42688062530942 1.34495033393614 1.22958615864627 0.996342620346695 1.34433443611488 0 1.36535866116174 1.63315723417327 1.15539040137082 1.1396819029469 1.90555756166577
1.93128331773914 0.955226779682562 1.13197691738605 1.84337338921614 1.46398435207084 1.74236133182421 1.60557927377522 1.67115525458939 1.76610139431432 1.16257710335776 1.54428272112273 0.997191001428291 1.82203618111089 1.22225692938082 1.79031482920982 1.0776506785769 1.14044003840536 1.06126693077385 0.991024953080341 1.40670874179341 1.51857579825446 1.11447038594633 1.40459498506971 1.4207132474985 1.36535866116174 0 1.29269849439152 1.30765607091598 1.77529123891145 1.61212553177029
1.57340649049729 1.38930393080227 1.29645217815414 1.56486142845824 1.76415346446447 1.32411202299409 1.87271297816187 1.51074297912419 1.71261903434061 1.26184977428056 1.89270618534647 1.36486541642807 1.3748338513542 1.88639274635352 1.36628361511976 1.51324915979058 1.44082591659389 1.39368296740577 1.05869601410814 1.9341789027676 1.73087374470197 1.84615699225105 1.64447635342367 1.32331278524362 1.63315723417327 1.29269849439152 0 1.88115097163245 1.33533863699995 0.99824880156666
1.89706458942965 1.35177100170404 1.37978385901079 1.46032906137407 1.09508170210756 1.88264557649381 1.13871083199047 1.40079057728872 1.35535383992828 1.69166511320509 1.70535860396922 1.6241330713965 1.35427503334358 1.82000338588841 1.00845381757244 1.52665478875861 1.91415425227024 1.68967629689723 1.86631445237435 1.87577238236554 1.69113598950207 1.39589831465855 1.54410165874287 1.03276747185737 1.15539040137082 1.30765607091598 1.88115097163245 0 1.26122948341072 1.55129719804972
1.75875678425655 1.11136702657677 1.47066357196309 0.95166604896076 1.38119040173478 1.88576105446555 1.76874461211264 1.7636979110539 1.39306190097705 1.19454506668262 1.2940360577777 1.81137227499858 1.18610195908695 1.43715563113801 1.20783647615463 1.30576923466288 1.49611575389281 1.05953288008459 1.29331701924093 1.05672660586424 0.947932414710522 1.70297331921756 1.1412908132188 1.66177703044377 1.1396819029469 1.77529123891145 1.33533863699995 1.26122948341072 0 1.46936497045681
1.07158439815976 1.90009270631708 1.76246086624451 1.82003104779869 1.62007377413101 1.32210301700979 1.5923405084759 1.85724669741467 1.2912498828955 1.75078165717423 0.938759105512872 1.60291268583387 1.70354331191629 1.38559248740785 1.60469061229378 1.16093806945719 1.26695266994648 1.38871760014445 1.73295630584471 1.47025104588829 1.80641878698952 1.08551850146614 1.4722556755878 1.78420819202438 1.90555756166577 1.61212553177029 0.99824880156666 1.55129719804972 1.46936497045681 0
