0 1.20699018146843 1.48042453406379 1.23966488637961 1.60624332679436 1.24997772485949 1.31486106966622 1.07966648717411 1.15983785246499 1.32835007784888 1.4661829196848 1.73854187503457 1.44250208605081 1.07133150123991 1.47576365782879 1.61465858551674 0.913647077279165 1.49892285023816 1.27858116826974 1.6298944815062 1.58326937514357 1.15249492879957 1.46446201577783 1.05826107272878 1.46985675673932 1.37681689485908 1.88885914068669 1.30051561282016 1.59954477800056 1.26191380713135
1.20699018146843 0 1.58333039726131 1.70069718756713 0.973083314951509 1.22937666182406 1.25555791868828 1.63984541944228 1.17171339644119 1.27333607967012 1.51192054571584 1.43615841935389 0.892157241003588 1.4468330310192 1.42193646472879 1.07977028051391 1.72189732501283 1.82028004550375 1.80323553807102 1.87952234852128 1.84161735326052 1.80531204142608 1.53900586604141 1.85087857395411 1.351850399049 1.6886323983781 1.73311892175116 1.78809519903734 1.66726338188164 1.1895992050413
1.48042453406379 1.58333039726131 0 1.02466933731921 1.42725425679237 1.3706330745481 1.51317938440479 1.48186153941788 1.02736465050839 1.12639761716127 1.85103632207029 1.38234390853904 1.4640955470968 1.10276686726138 1.32237139763311 1.41786612849683 1.42647699266672 1.79301882395521 1.39433999545872 1.20006816438399 0.938701626379043 1.81145551544614 1.8183338441886 1.76366637647152 1.51375617808662 1.39927290054038 1.85680336947553 1.57636260264553 1.01775114284828 1.39613822731189
1.23966488637961 1.70069718756713 1.02466933731921 0 0.960527942050248 0.968256750609726 1.38928500353359 0.895175472833216 0.935765867587179 1.52484858850949 1.43273999914527 1.27515946840867 1.41382058220915 1.64859906071797 1.51190011017025 1.63485018862411 1.07973627839237 1.69890252919868 1.38049128418788 0.980043346062303 1.32900618668646 1.26205772394314 1.37404892407358 1.5340645860415 1.64885716116987 1.25089032109827 1.79892005817965 0.909405326470733 1.86644071782939 0.912175771547481
1.60624332679436 0.973083314951509 1.42725425679237 0.960527942050248 0 1.16112364502624 1.38022559555247 1.1945537046995 1.1699522039853 1.75273016886786 1.23210629634559 1.04996421490796 1.68230816326104 1.26920381840318 1.71634534467012 1.35165471327491 1.5764474158641 1.25719302822836 1.88467747345567 0.926392564782873 1.03519298089668 0.932052796939388 1.32496841414832 0.93842019001022 1.50339865800925 1.67508181510493 1.42743707704358 1.6629330390133 1.31770439795218 1.39833437791094
1.24997772485949 1.22937666182406 1.3706330745481 0.968256750609726 1.16112364502624 0 1.30861210636795 1.83702122000977 0.909625435713679 1.81787754036486 0.908639470580965 1.09598108427599 1.16016814555041 1.22440363955684 0.93477777345106 1.04492786666378 1.38754187780432 0.944525694707409 1.41493674390949 1.37543150130659 1.8852615384385 1.19773920276202 1.42037165956572 0.936485639074817 1.54439076641575 1.82669338700362 1.6784891821444 1.45545682800002 1.18729670392349 1.4681760489475
1.31486106966622 1.25555791868828 1.51317938440479 1.38928500353359 1.38022559555247 1.30861210636795 0 1.27111892937683 0.944176382385194 1.7803865603637 1.54436310124584 1.29837726219557 1.8155324740801 1.52239057701081 0.904064406640828 1.19191842572764 1.0838098837994 1.47874450986274 1.14065989223309 0.897524771979079 1.4355678060092 1.02640600246377 1.86735924892128 0.982881651027128 1.21238405886106 1.07185558578931 1.85713560786098 1.6835763703566 1.28449531737715 1.18143863906153
1.07966648717411 1.63984541944228 1.48186153941788 0.895175472833216 1.1945537046995 1.83702122000977 1.27111892937683 0 1.22942222328857 1.61227190331556 0.928381749428809 1.22590239648707 1.59563954453915 0.995242674835026 1.02469515707344 1.60113719245419 0.959503163583577 1.72838882450014 1.78000674233772 1.28099858388305 1.62394837220199 1.70553270215169 1.81272549950518 1.47263616183773 1.49366797064431 1.13494764408097 1.19414862943813 1.69869329174981 1.84884524601512 1.32512206723914
1.15983785246499 1.17171339644119 1.02736465050839 0.935765867587179 1.1699522039853 0.909625435713679 0.944176382385194 1.22942222328857 0 1.20683136978187 1.51489354600199 1.05307804676704 1.35620076628402 1.88147718599066 1.41034573386423 1.86242059455253 1.82352674403228 1.08143041050062 1.30943280411884 1.59454393293709 1.54090496362187 1.43009320297278 1.35322618228383 1.41067720297724 1.46628201054409 1.86300963489339 1.70361797465011 1.40638096421026 1.38417463121004 1.39260859647766
1.32835007784888 1.27333607967012 1.12639761716127 1.52484858850949 1.75273016886786 1.81787754036486 1.7803865603637 1.61227190331556 1.20683136978187 0 1.30978997913189 1.16965875448659 0.997161537641659 1.78064993117005 1.49056456331164 1.7994690455962 1.23266549804248 1.10500460350886 1.30235044122674 1.13313753157854 1.81150758848526 1.58634928357787 1.51029014214873 1.74710819986649 1.78836775012314 1.2026203519199 1.14116220688447 1.07730069779791 1.20393902808428 1.42982288775966
1.4661829196848 1.51192054571584 1.85103632207029 1.43273999914527 1.23210629634559 0.908639470580965 1.54436310124584 0.928381749428809 1.51489354600199 1.30978997913189 0 1.00625717639923 1.4090237391647 1.35016155522317 1.33287533908151 1.71001144289039 1.24640300730243 1.01213664119132 1.01776080392301 1.41452520899475 1.41002744552679 1.03466591401957 1.70856553665362 1.19922090065666 1.41490287822671 1.81210194970481 1.7992584540043 1.26448612520471 1.0989902864676 1.53258855384775
1.73854187503457 1.43615841935389 1.38234390853904 1.27515946840867 1.04996421490796 1.09598108427599 1.29837726219557 1.22590239648707 1.05307804676704 1.16965875448659 1.00625717639923 0 1.53833468607627 1.8550416957587 1.31888742907904 1.01467981003225 1.31855700700544 1.64955422608182 1.35004727519117 1.50359672098421 1.53753103269264 1.00458782608621 1.76509328908287 1.28658419754356 1.85862732771784 1.16999716614373 1.77069630241022 1.37020493205637 1.17201480339281 1.72437211568467
1.44250208605081 0.892157241003588 1.4640955470968 1.41382058220915 1.68230816326104 1.16016814555041 1.8155324740801 1.59563954453915 1.35620076628402 0.997161537641659 1.4090237391647 1.53833468607627 0 1.62330632959493 1.35785606573336 0.96924191294238 1.37339952285402 1.78752846177667 1.48234412283637 1.84581879200414 1.72167135798372 1.79545289394446 1.05092988908291 1.31498704431579 1.47601871890947 0.974115498596802 1.63748623011634 1.3423278790433 1.67447818396613 1.74712031893432
1.07133150123991 1.4468330310192 1.10276686726138 1.64859906071797 1.26920381840318 1.22440363955684 1.52239057701081 0.995242674835026 1.88147718599066 1.78064993117005 1.35016155522317 1.8550416957587 1.62330632959493 0 1.15956546296366 1.61634488077834 1.0656311174389 1.50571201881394 1.26056301477365 1.30605855910107 1.12941525992937 1.53183786803856 1.00419645849615 1.66592435212806 1.37024522316642 1.88498646602966 1.80896405898966 1.03814414190128 1.69322508294135 1.21635119221173
1.47576365782879 1.42193646472879 1.32237139763311 1.51190011017025 1.71634534467012 0.93477777345106 0.904064406640828 1.02469515707344 1.41034573386423 1.49056456331164 1.33287533908151 1.31888742907904 1.35785606573336 1.15956546296366 0 1.11094146454707 1.64026659820229 1.03460059547797 1.69886781065725 1.45656815683469 1.46623474196531 1.11377999535762 1.6562181150075 1.19836766994558 1.85831157001667 1.18593640136532 0.955996384611353 1.75849778368138 1.75315896375105 1.27905187662691
1.61465858551674 1.07977028051391 1.41786612849683 1.63485018862411 1.35165471327491 1.04492786666378 1.19191842572764 1.60113719245419 1.86242059455253 1.7994690455962 1.71001144289039 1.01467981003225 0.96924191294238 1.61634488077834 1.11094146454707 0 1.71627294016071 1.35479258792475 1.46936106309295 1.32922204816714 1.26662788563408 1.53913351963274 1.53440644149669 1.40744250174612 1.46351506421342 1.84342538472265 1.76582738058642 1.20882133184932 1.6228095642291 1.88882161257789
0.913647077279165 1.72189732501283 1.42647699266672 1.07973627839237 1.5764474158641 1.38754187780432 1.0838098837994 0.959503163583577 1.82352674403228 1.23266549804248 1.24640300730243 1.31855700700544 1.37339952285402 1.0656311174389 1.64026659820229 1.71627294016071 0 1.67416756972671 1.30350024998188 1.35510727809742 1.87407443695702 1.59963779617101 1.00205675698817 1.08015263010748 1.26974403019994 1.17880633333698 1.15479454630986 1.71207550051622 1.49912644573487 1.63362027937546
1.49892285023816 1.82028004550375 1.79301882395521 1.69890252919868 1.25719302822836 0.944525694707409 1.47874450986274 1.72838882450014 1.08143041050062 1.10500460350886 1.01213664119132 1.64955422608182 1.78752846177667 1.50571201881394 1.03460059547797 1.35479258792475 1.67416756972671 0 1.31035270681605 1.26743732742034 1.218470065156 1.19696200103499 1.62284172908403 1.33633659081534 1.87882181326859 1.7333277403377 1.11380189144984 1.59436065447517 1.30852040508762 1.5045127607882
1.27858116826974 1.80323553807102 1.39433999545872 1.38049128418788 1.88467747345567 1.41493674390949 1.14065989223309 1.78000674233772 1.30943280411884 1.30235044122674 1.01776080392301 1.35004727519117 1.48234412283637 1.26056301477365 1.69886781065725 1.46936106309295 1.30350024998188 1.31035270681605 0 1.6937060393393 1.33387120673433 1.05315002403222 1.59681478026323 1.44815859594382 1.21851653885096 0.903816849226132 1.09408108028583 1.58793565235101 1.68790162238292 1.5453515923582
1.6298944815062 1.87952234852128 1.20006816438399 0.980043346062303 0.926392564782873 1.37543150130659 0.897524771979079 1.28099858388305 1.59454393293709 1.13313753157854 1.41452520899475 1.50359672098421 1.84581879200414 1.30605855910107 1.45656815683469 1.32922204816714 1.35510727809742 1.26743732742034 1.6937060393393 0 1.57057556929067 1.52932094060816 1.79663761262782 1.11834568041377 1.78445872105658 1.86224171030335 1.21684026042931 1.24350515170954 1.69699564948678 1.00236754794605
1.58326937514357 1.84161735326052 0.938701626379043 1.32900618668646 1.03519298089668 1.8852615384385 1.4355678060092 1.62394837220199 1.54090496362187 1.81150758848526 1.41002744552679 1.53753103269264 1.72167135798372 1.12941525992937 1.46623474196531 1.26662788563408 1.87407443695702 1.218470065156 1.33387120673433 1.57057556929067 0 1.25749058648944 0.956503709545359 1.35891375038773 1.14730936544947 1.61701211309992 1.48540375428274 1.74938410636969 1.50847295578569 1.50916353566572
1.15249492879957 1.80531204142608 1.81145551544614 1.26205772394314 0.932052796939388 1.19773920276202 1.02640600246377 1.70553270215169 1.43009320297278 1.58634928357787 1.03466591401957 1.00458782608621 1.79545289394446 1.53183786803856 1.11377999535762 1.53913351963274 1.59963779617101 1.19696200103499 1.05315002403222 1.52932094060816 1.25749058648944 0 1.2194418522995 1.17855946323834 1.39289232366718 0.978942872025073 1.53568635275587 1.27972730086185 1.47895160224289 0.978359107626602
1.46446201577783 1.53900586604141 1.8183338441886 1.37404892407358 1.32496841414832 1.42037165956572 1.86735924892128 1.81272549950518 1.35322618228383 1.51029014214873 1.70856553665362 1.76509328908287 1.05092988908291 1.00419645849615 1.6562181150075 1.53440644149669 1.00205675698817 1.62284172908403 1.59681478026323 1.79663761262782 0.956503709545359 1.2194418522995 0 1.7484052432701 1.68124284851365 1.03223161143251 1.05004935571924 1.33903761371039 1.7611591052264 1.77040858287364
1.05826107272878 1.85087857395411 1.76366637647152 1.5340645860415 0.93842019001022 0.936485639074817 0.982881651027128 1.47263616183773 1.41067720297724 1.74710819986649 1.19922090065666 1.28658419754356 1.31498704431579 1.66592435212806 1.19836766994558 1.40744250174612 1.08015263010748 1.33633659081534 1.44815859594382 1.11834568041377 1.35891375038773 1.17855946323834 1.7484052432701 0 1.20800768327899 1.36935083637945 1.21642253035679 1.04967453540303 1.11567396880127 1.80750883975998
1.46985675673932 1.351850399049 1.51375617808662 1.64885716116987 1.50339865800925 1.54439076641575 1.21238405886106 1.49366797064431 1.46628201054409 1.78836775012314 1.41490287822671 1.85862732771784 1.47601871890947 1.37024522316642 1.85831157001667 1.46351506421342 1.26974403019994 1.87882181326859 1.21851653885096 1.78445872105658 1.14730936544947 1.39289232366718 1.68124284851365 1.20800768327899 0 1.68299720180221 1.01100669871084 1.06975714559667 1.68322071316652 1.78691173996776
1.37681689485908 1.6886323983781 1.39927290054038 1.25089032109827 1.67508181510493 1.82669338700362 1.07185558578931 1.13494764408097 1.86300963489339 1.2026203519199 1.81210194970481 1.16999716614373 0.974115498596802 1.88498646602966 1.18593640136532 1.84342538472265 1.17880633333698 1.7333277403377 0.903816849226132 1.86224171030335 1.61701211309992 0.978942872025073 1.03223161143251 1.36935083637945 1.68299720180221 0 1.71704849554226 0.960826754337177 1.08528504264541 1.07032695459202
1.88885914068669 1.73311892175116 1.85680336947553 1.79892005817965 1.42743707704358 1.6784891821444 1.85713560786098 1.19414862943813 1.70361797465011 1.14116220688447 1.7992584540043 1.77069630241022 1.63748623011634 1.80896405898966 0.955996384611353 1.76582738058642 1.15479454630986 1.11380189144984 1.09408108028583 1.21684026042931 1.48540375428274 1.53568635275587 1.05004935571924 1.21642253035679 1.01100669871084 1.71704849554226 0 1.8366756120231 1.82398851541802 1.14779207599349
1.30051561282016 1.78809519903734 1.57636260264553 0.909405326470733 1.6629330390133 1.45545682800002 1.6835763703566 1.69869329174981 1.40638096421026 1.07730069779791 1.26448612520471 1.37020493205637 1.3423278790433 1.03814414190128 1.75849778368138 1.20882133184932 1.71207550051622 1.59436065447517 1.58793565235101 1.24350515170954 1.74938410636969 1.27972730086185 1.33903761371039 1.04967453540303 1.06975714559667 0.960826754337177 1.8366756120231 0 0.963342646602541 1.71579762548208
1.59954477800056 1.66726338188164 1.01775114284828 1.86644071782939 1.31770439795218 1.18729670392349 1.28449531737715 1.84884524601512 1.38417463121004 1.20393902808428 1.0989902864676 1.17201480339281 1.67447818396613 1.69322508294135 1.75315896375105 1.6228095642291 1.49912644573487 1.30852040508762 1.68790162238292 1.69699564948678 1.50847295578569 1.47895160224289 1.7611591052264 1.11567396880127 1.68322071316652 1.08528504264541 1.82398851541802 0.963342646602541 0 1.84734480315819
1.26191380713135 1.1895992050413 1.39613822731189 0.912175771547481 1.39833437791094 1.4681760489475 1.18143863906153 1.32512206723914 1.39260859647766 1.42982288775966 1.53258855384775 1.72437211568467 1.74712031893432 1.21635119221173 1.27905187662691 1.88882161257789 1.63362027937546 1.5045127607882 1.5453515923582 1.00236754794605 1.50916353566572 0.978359107626602 1.77040858287364 1.80750883975998 1.78691173996776 1.07032695459202 1.14779207599349 1.71579762548208 1.84734480315819 0
