0 0.819056666 0.828939026 0.819651886 0.542942726 0.552056326 0.955738326 0.821142056 0.817273776 0.831656976 0.821738926 0.548314676 0.811655726 0.818461876 0.822934196 0.816383926 0.806079526 0.830749826 0.833777766 0.799384326 0.791887226 0.971247426 0.996070626 0.969063976 0.840788586 0.552056326 0.560649426 0.805202826 0.999847096 0.996447426
0.819056666 0 0.282282126 0.791026926 0.873654226 0.874935186 0.966524726 0.796780686 0.798226026 0.806957226 0.811066826 0.847556426 0.668607726 0.667634626 0.665449826 0.661581326 0.771508526 0.277931756 0.280684066 0.765944756 0.762350226 0.973802786 1.018631526 0.972341526 0.692097326 0.850653096 0.860334676 0.809596526 0.998334226 0.992687976
0.828939026 0.282282126 0 0.785601426 0.877182166 0.874935186 0.996070626 0.792748426 0.794761876 0.803452526 0.809596526 0.858137526 0.656773666 0.661581326 0.673002286 0.667877776 0.785032626 0.258098026 0.261343876 0.781628626 0.777395326 0.999847096 1.032738526 0.999090226 0.680631556 0.850342826 0.863168996 0.797936776 0.991563826 0.984854086
0.819651886 0.791026926 0.785601426 0 0.842014526 0.840788586 0.977101126 0.202869176 0.204440676 0.445397896 0.442691276 0.825030426 0.789881426 0.802287976 0.807542956 0.787310526 0.710918286 0.805202826 0.814016126 0.707321126 0.703231226 0.985968226 0.988201476 0.984483026 0.815495126 0.834384776 0.832262256 0.435164346 1.002501926 0.996447426
0.542942726 0.873654226 0.877182166 0.842014526 0 0.203916486 0.985225226 0.846938626 0.854697866 0.860963566 0.859706266 0.513075986 0.835600356 0.842935366 0.855946826 0.848174726 0.837427356 0.858764626 0.858137526 0.818164686 0.817867626 0.983000826 1.005929226 0.983371126 0.867916866 0.557494226 0.559596226 0.858450986 1.014759626 1.010139426
0.552056326 0.874935186 0.874935186 0.840788586 0.203916486 0 0.985596626 0.850963426 0.850653096 0.865064526 0.856259386 0.519234166 0.826831856 0.837427356 0.847865566 0.842628276 0.835600356 0.865697426 0.866964856 0.819949666 0.816680426 0.991563826 1.012446026 0.992313126 0.863168996 0.562337676 0.567638076 0.867599426 1.003262126 1.004023126
0.955738326 0.966524726 0.996070626 0.977101126 0.985225226 0.985596626 0 0.975633366 0.970883026 0.990067586 0.988947376 0.990441366 0.983000826 0.976733926 0.977836026 0.969427426 0.971247426 0.984483026 0.988574326 0.965077526 0.962912026 0.193508676 0.462215556 0.191702076 0.996447426 0.975266926 0.988947376 0.986711926 0.873334326 0.886888926
0.821142056 0.796780686 0.792748426 0.202869176 0.846938626 0.850963426 0.975633366 0 0.194801786 0.447388956 0.451751526 0.840482396 0.791887226 0.801706326 0.808129126 0.800254266 0.714015326 0.801997126 0.817273776 0.709888826 0.704762326 0.984854086 0.998334226 0.983000826 0.818164686 0.828637626 0.832262256 0.444494586 1.006693026 1.002501926
0.817273776 0.798226026 0.794761876 0.204440676 0.854697866 0.850653096 0.970883026 0.194801786 0 0.451387026 0.450658506 0.835904526 0.788452066 0.792748426 0.802870026 0.792748426 0.712207176 0.805494926 0.818759186 0.711691356 0.707577526 0.977101126 0.983000826 0.975266926 0.816087526 0.816680426 0.839870376 0.442691276 1.022523626 1.013216326
0.831656976 0.806957226 0.803452526 0.445397896 0.860963566 0.865064526 0.990067586 0.447388956 0.451387026 0 0.132612506 0.842628276 0.803744026 0.809890366 0.809890366 0.804327166 0.723383926 0.816977026 0.816680426 0.717644796 0.713239886 0.988574326 0.999468526 0.986339966 0.826831856 0.845704596 0.846321386 0.324150696 1.009372226 1.002501926
0.821738926 0.811066826 0.809596526 0.442691276 0.859706266 0.856259386 0.988947376 0.451751526 0.450658506 0.132612506 0 0.834688466 0.806079526 0.809596526 0.801997126 0.796491966 0.725219286 0.826531326 0.827433266 0.716865576 0.711175926 0.993438426 1.008605726 0.991189526 0.825930576 0.852828326 0.846321386 0.325844206 1.017080426 1.011676426
0.548314676 0.847556426 0.858137526 0.825030426 0.513075986 0.519234166 0.990441366 0.840482396 0.835904526 0.842628276 0.834688466 0 0.841707866 0.858764626 0.850653096 0.860963566 0.822037556 0.846321386 0.847556426 0.813425326 0.811066826 0.990815326 1.001742426 0.988574326 0.854697866 0.545623876 0.553307726 0.833171166 1.017080426 1.002882026
0.811655726 0.668607726 0.656773666 0.789881426 0.835600356 0.826831856 0.983000826 0.791887226 0.788452066 0.803744026 0.806079526 0.841707866 0 0.121145661 0.255848296 0.258098026 0.789595326 0.651758476 0.657492856 0.787310526 0.781062826 0.992313126 0.999090226 0.989320556 0.363778956 0.833171166 0.834384776 0.796203296 0.991563826 0.985596626
0.818461876 0.667634626 0.661581326 0.802287976 0.842935366 0.837427356 0.976733926 0.801706326 0.792748426 0.809890366 0.809596526 0.858764626 0.121145661 0 0.263610166 0.264319786 0.794473866 0.659654526 0.663513126 0.784748356 0.781628626 0.979308026 0.997956496 0.975633366 0.370128726 0.846012926 0.846321386 0.801997126 0.992313126 1.002882026
0.822934196 0.665449826 0.673002286 0.807542956 0.855946826 0.847865566 0.977836026 0.808129126 0.802870026 0.809890366 0.801997126 0.850653096 0.255848296 0.263610166 0 0.127625956 0.779650126 0.671290226 0.675209266 0.772905986 0.767887396 0.972341526 1.008988826 0.971247426 0.376367826 0.843242566 0.860020376 0.803744026 1.012061126 1.009755726
0.816383926 0.661581326 0.667877776 0.787310526 0.848174726 0.842628276 0.969427426 0.800254266 0.792748426 0.804327166 0.796491966 0.860963566 0.258098026 0.264319786 0.127625956 0 0.769556526 0.660135786 0.665449826 0.762626126 0.758498466 0.963993926 1.010523426 0.962551626 0.373898826 0.834081226 0.850032726 0.786740426 0.994941396 0.986711926
0.806079526 0.771508526 0.785032626 0.710918286 0.837427356 0.835600356 0.971247426 0.714015326 0.712207176 0.723383926 0.725219286 0.822037556 0.789595326 0.794473866 0.779650126 0.769556526 0 0.778803826 0.778803826 0.086415646 0.084625666 0.984483026 0.982260826 0.982260826 0.786455496 0.821738926 0.830447776 0.711949226 0.997956496 0.991563826
0.830749826 0.277931756 0.258098026 0.805202826 0.858764626 0.865697426 0.984483026 0.801997126 0.805494926 0.816977026 0.826531326 0.846321386 0.651758476 0.659654526 0.671290226 0.660135786 0.778803826 0 0.084067166 0.773465676 0.769835096 0.987828776 1.000983696 0.987828776 0.676930286 0.842321376 0.851584526 0.819949666 0.998712166 0.982630766
0.833777766 0.280684066 0.261343876 0.814016126 0.858137526 0.866964856 0.988574326 0.817273776 0.818759186 0.816680426 0.827433266 0.847556426 0.657492856 0.663513126 0.675209266 0.665449826 0.778803826 0.084067166 0 0.775989526 0.773745726 0.984112226 1.011676426 0.984112226 0.691595176 0.840482396 0.845704596 0.822336326 0.999468526 0.991563826
0.799384326 0.765944756 0.781628626 0.707321126 0.818164686 0.819949666 0.965077526 0.709888826 0.711691356 0.717644796 0.716865576 0.813425326 0.787310526 0.784748356 0.772905986 0.762626126 0.086415646 0.773465676 0.775989526 0 0.011843906 0.976000026 0.979308026 0.973802786 0.777958426 0.809596526 0.822635226 0.705273366 0.994565326 0.997578926
0.791887226 0.762350226 0.777395326 0.703231226 0.817867626 0.816680426 0.962912026 0.704762326 0.707577526 0.713239886 0.711175926 0.811066826 0.781062826 0.781628626 0.767887396 0.758498466 0.084625666 0.769835096 0.773745726 0.011843906 0 0.977101126 0.978203726 0.974900586 0.773745726 0.806371966 0.818461876 0.703231226 0.995317626 0.996824366
0.971247426 0.973802786 0.999847096 0.985968226 0.983000826 0.991563826 0.193508676 0.984854086 0.977101126 0.988574326 0.993438426 0.990815326 0.992313126 0.979308026 0.972341526 0.963993926 0.984483026 0.987828776 0.984112226 0.976000026 0.977101126 0 0.471703446 0.00367466 1.010139426 0.977836026 0.985596626 0.983000826 0.885912576 0.897383196
0.996070626 1.018631526 1.032738526 0.988201476 1.005929226 1.012446026 0.462215556 0.998334226 0.983000826 0.999468526 1.008605726 1.001742426 0.999090226 0.997956496 1.008988826 1.010523426 0.982260826 1.000983696 1.011676426 0.979308026 0.978203726 0.471703446 0 0.469646886 1.011291826 0.997201526 1.021743626 0.990067586 0.907022156 0.912393726
0.969063976 0.972341526 0.999090226 0.984483026 0.983371126 0.992313126 0.191702076 0.983000826 0.975266926 0.986339966 0.991189526 0.988574326 0.989320556 0.975633366 0.971247426 0.962551626 0.982260826 0.987828776 0.984112226 0.973802786 0.974900586 0.00367466 0.469646886 0 1.008222826 0.974534496 0.983741566 0.982630766 0.883315186 0.894745826
0.840788586 0.692097326 0.680631556 0.815495126 0.867916866 0.863168996 0.996447426 0.818164686 0.816087526 0.826831856 0.825930576 0.854697866 0.363778956 0.370128726 0.376367826 0.373898826 0.786455496 0.676930286 0.691595176 0.777958426 0.773745726 1.010139426 1.011291826 1.008222826 0 0.852517166 0.868870056 0.822934196 1.008988826 1.007840026
0.552056326 0.850653096 0.850342826 0.834384776 0.557494226 0.562337676 0.975266926 0.828637626 0.816680426 0.845704596 0.852828326 0.545623876 0.833171166 0.846012926 0.843242566 0.834081226 0.821738926 0.842321376 0.840482396 0.809596526 0.806371966 0.977836026 0.997201526 0.974534496 0.852517166 0 0.366865726 0.850342826 1.021743626 0.988574326
0.560649426 0.860334676 0.863168996 0.832262256 0.559596226 0.567638076 0.988947376 0.832262256 0.839870376 0.846321386 0.846321386 0.553307726 0.834384776 0.846321386 0.860020376 0.850032726 0.830447776 0.851584526 0.845704596 0.822635226 0.818461876 0.985596626 1.021743626 0.983741566 0.868870056 0.366865726 0 0.843242566 1.012061126 1.012061126
0.805202826 0.809596526 0.797936776 0.435164346 0.858450986 0.867599426 0.986711926 0.444494586 0.442691276 0.324150696 0.325844206 0.833171166 0.796203296 0.801997126 0.803744026 0.786740426 0.711949226 0.819949666 0.822336326 0.705273366 0.703231226 0.983000826 0.990067586 0.982630766 0.822934196 0.850342826 0.843242566 0 1.014759626 0.997201526
0.999847096 0.998334226 0.991563826 1.002501926 1.014759626 1.003262126 0.873334326 1.006693026 1.022523626 1.009372226 1.017080426 1.017080426 0.991563826 0.992313126 1.012061126 0.994941396 0.997956496 0.998712166 0.999468526 0.994565326 0.995317626 0.885912576 0.907022156 0.883315186 1.008988826 1.021743626 1.012061126 1.014759626 0 0.314220796
0.996447426 0.992687976 0.984854086 0.996447426 1.010139426 1.004023126 0.886888926 1.002501926 1.013216326 1.002501926 1.011676426 1.002882026 0.985596626 1.002882026 1.009755726 0.986711926 0.991563826 0.982630766 0.991563826 0.997578926 0.996824366 0.897383196 0.912393726 0.894745826 1.007840026 0.988574326 1.012061126 0.997201526 0.314220796 0
