0 0.9969631 0.97867405 0.9713354 0.98683035 0.96190137 0.9687838 0.98832285 0.9842255 0.99923354 0.9950763 0.99658537 0.9853408 0.9894442 0.9808897 0.9924427 0.9838541 0.982 0.97941184 0.97720057 0.97426224 0.982 0.9557965 0.9808897 0.99056727 0.98125964 0.9738958 0.98496884 0.98757625 0.98125964
0.9969631 0 0.13854334 0.71032023 0.70697606 0.7186162 0.7105781 0.72463614 0.7209661 0.6864684 0.6837262 0.9980974 0.48279172 0.48051092 0.70646286 0.70774645 0.7191378 0.70903224 0.7062064 0.70441365 0.7062064 0.7241107 0.9827411 0.7264779 0.9764649 0.7098048 0.7113522 0.70288044 0.70595 0.7056938
0.97867405 0.13854334 0 0.6993151 0.69349426 0.7031358 0.6955138 0.71783453 0.71083605 0.68049824 0.68223464 0.9898184 0.47842628 0.4761587 0.695261 0.6993151 0.7056938 0.70109564 0.69956917 0.6993151 0.6998234 0.7139384 0.97206604 0.71627367 0.96841997 0.70033205 0.7026252 0.6950084 0.7013504 0.7067194
0.9713354 0.71032023 0.6993151 0 0.1260182 0.37400812 0.37417278 0.417216 0.41373572 0.6960195 0.6947558 0.990942 0.69122875 0.69804585 0.41252142 0.4161702 0.41651866 0.42194015 0.41861266 0.3753265 0.3749967 0.41529983 0.97941184 0.4163444 0.982 0.2511152 0.25055632 0.41878742 0.37219912 0.3758215
0.98683035 0.70697606 0.69349426 0.1260182 0 0.37565646 0.376482 0.41739044 0.41425672 0.6982995 0.69804585 1.0003713 0.7049255 0.7082605 0.41113606 0.41547385 0.41495198 0.41913706 0.4180886 0.37697777 0.37565646 0.4161702 0.99169195 0.4170416 0.990942 0.25616384 0.25503898 0.41686726 0.3738435 0.3776393
0.96190137 0.7186162 0.7031358 0.37400812 0.37565646 0 0.12271318 0.42106307 0.41512588 0.70903224 0.7098048 0.97978103 0.6967787 0.7005865 0.4170416 0.42669424 0.4170416 0.42440146 0.41843793 0.3812881 0.37979326 0.41651866 0.95866317 0.417216 0.96226203 0.3751616 0.376482 0.4236974 0.37747386 0.38245285
0.9687838 0.7105781 0.6955138 0.37417278 0.376482 0.12271318 0 0.4207125 0.41547385 0.70774645 0.70646286 0.9687838 0.69753873 0.70109564 0.4147781 0.4251062 0.42036211 0.42211568 0.4189622 0.37797028 0.3749967 0.41931194 0.9651536 0.41966185 0.9554389 0.37466702 0.3731853 0.42176464 0.37417278 0.37714309
0.98832285 0.72463614 0.71783453 0.417216 0.41739044 0.42106307 0.4207125 0 0.12424584 0.7280602 0.7307048 1.0091523 0.71887696 0.72332335 0.29219383 0.29411557 0.17224857 0.29574552 0.29234147 0.42775482 0.42440146 0.17174548 1.002652 0.17300387 0.9931942 0.42088777 0.41878742 0.2954489 0.42141378 0.4200119
0.9842255 0.7209661 0.71083605 0.41373572 0.41425672 0.41512588 0.41547385 0.12424584 0 0.72253674 0.72122765 0.982 0.7098048 0.7129029 0.28660446 0.28939393 0.16848351 0.2889528 0.28631145 0.41756493 0.41582194 0.16623351 0.98125964 0.16698276 0.9738958 0.4180886 0.41495198 0.2890998 0.41529983 0.4170416
0.99923354 0.6864684 0.68049824 0.6960195 0.6982995 0.70903224 0.70774645 0.7280602 0.72253674 0 0.089763634 0.99545324 0.6907262 0.69173163 0.7098048 0.71783453 0.71445674 0.7098048 0.70466954 0.7087749 0.7080034 0.7167936 0.9816297 0.7175742 0.98051995 0.70748955 0.7062064 0.6955138 0.70109564 0.7023701
0.9950763 0.6837262 0.68223464 0.6947558 0.69804585 0.7098048 0.70646286 0.7307048 0.72122765 0.089763634 0 0.9816297 0.6899731 0.69173163 0.7087749 0.7207046 0.71783453 0.70697606 0.70288044 0.70364666 0.7018601 0.7254249 0.9808897 0.72489893 0.9764649 0.7013504 0.7062064 0.70033205 0.7033912 0.6982995
0.99658537 0.9980974 0.9898184 0.990942 1.0003713 0.97978103 0.9687838 1.0091523 0.982 0.99545324 0.9816297 0 0.9920673 0.98794943 0.97243166 0.9842255 0.9845971 0.9775687 0.97978103 0.9898184 0.99131685 0.97978103 0.47899425 0.98125964 0.4923704 0.9816297 0.97609735 0.97867405 0.9845971 0.9838541
0.9853408 0.48279172 0.47842628 0.69122875 0.7049255 0.6967787 0.69753873 0.71887696 0.7098048 0.6907262 0.6899731 0.9920673 0 0.070293576 0.6932422 0.7018601 0.70903224 0.6924865 0.6894714 0.70595 0.7067194 0.7087749 0.98794943 0.71083605 0.9931942 0.70364666 0.7067194 0.69956917 0.70748955 0.70466954
0.9894442 0.48051092 0.4761587 0.69804585 0.7082605 0.7005865 0.70109564 0.72332335 0.7129029 0.69173163 0.69173163 0.98794943 0.070293576 0 0.70033205 0.7056938 0.7126442 0.6993151 0.6950084 0.7087749 0.7113522 0.7129029 0.98794943 0.7149754 0.9958304 0.71342045 0.7129029 0.7051815 0.7087749 0.70954716
0.9808897 0.70646286 0.695261 0.41252142 0.41113606 0.4170416 0.4147781 0.29219383 0.28660446 0.7098048 0.7087749 0.97243166 0.6932422 0.70033205 0 0.064168416 0.28411737 0.09202131 0.090553045 0.41547385 0.40940794 0.2830957 0.9860852 0.28455567 0.9727974 0.41966185 0.41079012 0.15152594 0.41773945 0.41390935
0.9924427 0.70774645 0.6993151 0.4161702 0.41547385 0.42669424 0.4251062 0.29411557 0.28939393 0.71783453 0.7207046 0.9842255 0.7018601 0.7056938 0.064168416 0 0.28865886 0.09224745 0.089989096 0.42088777 0.41512588 0.28660446 1.0037951 0.2868976 0.9801504 0.4231698 0.41252142 0.15311868 0.4207125 0.41460428
0.9838541 0.7191378 0.7056938 0.41651866 0.41495198 0.4170416 0.42036211 0.17224857 0.16848351 0.71445674 0.71783453 0.9845971 0.70903224 0.7126442 0.28411737 0.28865886 0 0.28851193 0.2858721 0.41878742 0.41495198 0.05442802 0.9753628 0.05528873 0.9706055 0.41983685 0.41460428 0.28865886 0.41182843 0.41443047
0.982 0.70903224 0.70109564 0.42194015 0.41913706 0.42440146 0.42211568 0.29574552 0.2889528 0.7098048 0.70697606 0.9775687 0.6924865 0.6993151 0.09202131 0.09224745 0.28851193 0 0.037102796 0.4205373 0.41495198 0.28660446 0.9898184 0.28675103 0.97941184 0.4261645 0.4189622 0.15483774 0.41966185 0.41460428
0.97941184 0.7062064 0.69956917 0.41861266 0.4180886 0.41843793 0.4189622 0.29234147 0.28631145 0.70466954 0.70288044 0.97978103 0.6894714 0.6950084 0.090553045 0.089989096 0.2858721 0.037102796 0 0.4163444 0.41113606 0.2835334 0.98907024 0.28411737 0.9768326 0.42106307 0.41356212 0.15348673 0.41373572 0.4090628
0.97720057 0.70441365 0.6993151 0.3753265 0.37697777 0.3812881 0.37797028 0.42775482 0.41756493 0.7087749 0.70364666 0.9898184 0.70595 0.7087749 0.41547385 0.42088777 0.41878742 0.4205373 0.4163444 0 0.02656496 0.41651866 0.9853408 0.41773945 0.9842255 0.37483186 0.37466702 0.41495198 0.22447868 0.2285364
0.97426224 0.7062064 0.6998234 0.3749967 0.37565646 0.37979326 0.3749967 0.42440146 0.41582194 0.7080034 0.7018601 0.99131685 0.7067194 0.7113522 0.40940794 0.41512588 0.41495198 0.41495198 0.41113606 0.02656496 0 0.4120016 0.97978103 0.41321507 0.9801504 0.3738435 0.3731853 0.40854537 0.21977226 0.22623433
0.982 0.7241107 0.7139384 0.41529983 0.4161702 0.41651866 0.41931194 0.17174548 0.16623351 0.7167936 0.7254249 0.97978103 0.7087749 0.7129029 0.2830957 0.28660446 0.05442802 0.28660446 0.2835334 0.41651866 0.4120016 0 0.9827411 0.021505395 0.97609735 0.4189622 0.41217485 0.2868976 0.4106172 0.41165528
0.9557965 0.9827411 0.97206604 0.97941184 0.99169195 0.95866317 0.9651536 1.002652 0.98125964 0.9816297 0.9808897 0.47899425 0.98794943 0.98794943 0.9860852 1.0037951 0.9753628 0.9898184 0.98907024 0.9853408 0.97978103 0.9827411 0 0.9816297 0.31543407 0.97426224 0.9831119 0.9920673 0.97352946 0.98496884
0.9808897 0.7264779 0.71627367 0.4163444 0.4170416 0.417216 0.41966185 0.17300387 0.16698276 0.7175742 0.72489893 0.98125964 0.71083605 0.7149754 0.28455567 0.2868976 0.05528873 0.28675103 0.28411737 0.41773945 0.41321507 0.021505395 0.9816297 0 0.9764649 0.41948688 0.41373572 0.28675103 0.41165528 0.41356212
0.99056727 0.9764649 0.96841997 0.982 0.990942 0.96226203 0.9554389 0.9931942 0.9738958 0.98051995 0.9764649 0.4923704 0.9931942 0.9958304 0.9727974 0.9801504 0.9706055 0.97941184 0.9768326 0.9842255 0.9801504 0.97609735 0.31543407 0.9764649 0 0.9590223 0.9753628 0.97609735 0.9727974 0.97978103
0.98125964 0.7098048 0.70033205 0.2511152 0.25616384 0.3751616 0.37466702 0.42088777 0.4180886 0.70748955 0.7013504 0.9816297 0.70364666 0.71342045 0.41966185 0.4231698 0.41983685 0.4261645 0.42106307 0.37483186 0.3738435 0.4189622 0.97426224 0.41948688 0.9590223 0 0.15878189 0.4207125 0.3728564 0.3749967
0.9738958 0.7113522 0.7026252 0.25055632 0.25503898 0.376482 0.3731853 0.41878742 0.41495198 0.7062064 0.7062064 0.97609735 0.7067194 0.7129029 0.41079012 0.41252142 0.41460428 0.4189622 0.41356212 0.37466702 0.3731853 0.41217485 0.9831119 0.41373572 0.9753628 0.15878189 0 0.4087178 0.37302083 0.37549147
0.98496884 0.70288044 0.6950084 0.41878742 0.41686726 0.4236974 0.42176464 0.2954489 0.2890998 0.6955138 0.70033205 0.97867405 0.69956917 0.7051815 0.15152594 0.15311868 0.28865886 0.15483774 0.15348673 0.41495198 0.40854537 0.2868976 0.9920673 0.28675103 0.97609735 0.4207125 0.4087178 0 0.41651866 0.41182843
0.98757625 0.70595 0.7013504 0.37219912 0.3738435 0.37747386 0.37417278 0.42141378 0.41529983 0.70109564 0.7033912 0.9845971 0.70748955 0.7087749 0.41773945 0.4207125 0.41182843 0.41966185 0.41373572 0.22447868 0.21977226 0.4106172 0.97352946 0.41165528 0.9727974 0.3728564 0.37302083 0.41651866 0 0.1518932
0.98125964 0.7056938 0.7067194 0.3758215 0.3776393 0.38245285 0.37714309 0.4200119 0.4170416 0.7023701 0.6982995 0.9838541 0.70466954 0.70954716 0.41390935 0.41460428 0.41443047 0.41460428 0.4090628 0.2285364 0.22623433 0.41165528 0.98496884 0.41356212 0.97978103 0.3749967 0.37549147 0.41182843 0.1518932 0
