0 0.45642072 0.4604748 0.4660386 0.7394986 0.46269536 0.7207046 0.45992067 0.46325153 0.46417943 0.46864927 0.74433905 1.019204 0.9939465 0.72489893 1.0305767 1.0313674 0.72885257 0.72148925 1.0297868 1.0266355 0.7280602 1.0301816 0.72885257 0.72122765 0.7235857 0.7126442 0.7209661 0.46492255 0.4555024
0.45642072 0 0.3700668 0.37615168 0.7336246 0.35611138 0.718095 0.35868815 0.36794052 0.30755678 0.31589106 0.72779626 1.0325551 1.0188149 0.721751 1.0441338 1.0473596 0.70109564 0.7149754 0.9943229 0.9958304 0.7220128 1.0219333 0.7243734 0.7023701 0.72489893 0.7126442 0.70543754 0.36712432 0.36582026
0.4604748 0.3700668 0 0.28178412 0.7421839 0.3697393 0.7320306 0.36451846 0.3708862 0.36663502 0.37450224 0.73923063 1.030972 1.0211525 0.74057156 1.0397208 1.0409217 0.72044325 0.7262145 1.0421246 1.0401208 0.7293813 1.0349361 0.7275324 0.7222747 0.7330929 0.7296458 0.7346892 0.37450224 0.3733498
0.4660386 0.37615168 0.28178412 0 0.742453 0.36941192 0.7338906 0.36305663 0.3733498 0.37598658 0.3812881 0.72568804 1.0485728 1.0242808 0.73149997 1.042526 1.0632871 0.72148925 0.72779626 1.0345387 1.0293922 0.7291169 1.0469556 0.7304399 0.7328271 0.7296458 0.7304399 0.7328271 0.37664723 0.37154236
0.7394986 0.7336246 0.7421839 0.742453 0 0.7459595 0.26394325 0.73575526 0.742453 0.73602206 0.74975425 0.44078 1.0011308 0.9943229 0.2690793 1.0266355 1.0168724 0.34986734 0.35194293 1.0130024 1.0087683 0.2738184 1.025065 0.27482754 0.39318648 0.58675706 0.5810934 0.33097467 0.75002605 0.72885257
0.46269536 0.35611138 0.3697393 0.36941192 0.7459595 0 0.73522204 0.2519543 0.25743133 0.35981828 0.35836557 0.742453 1.0365276 1.014548 0.74677104 1.0481682 1.0469556 0.7264779 0.7259512 1.0293922 1.0219333 0.7386949 1.030972 0.7394986 0.72489893 0.7427221 0.7362889 0.72885257 0.31573868 0.31027418
0.7207046 0.718095 0.7320306 0.7338906 0.26394325 0.73522204 0 0.7209661 0.7330929 0.7267414 0.7325615 0.44060004 0.9764649 0.9783054 0.25391582 1.0137748 1.0041765 0.3425688 0.34430766 0.98794943 0.9779369 0.2567269 1.0049399 0.26025566 0.3832859 0.5793593 0.5767656 0.3274073 0.7362889 0.71083605
0.45992067 0.35868815 0.36451846 0.36305663 0.73575526 0.2519543 0.7209661 0 0.24153262 0.35562924 0.36257 0.7220128 1.0421246 1.0141612 0.7275324 1.0345387 1.0389212 0.7005865 0.70646286 1.0195932 1.0141612 0.7243734 1.0157093 0.7235857 0.72044325 0.7207046 0.71992075 0.7149754 0.3119397 0.30560035
0.46325153 0.36794052 0.3708862 0.3733498 0.742453 0.25743133 0.7330929 0.24153262 0 0.3650064 0.36941192 0.7432607 1.0461482 1.0157093 0.7400349 1.055077 1.0473596 0.72122765 0.72726864 1.0223241 1.0199828 0.7368229 1.0203725 0.73602206 0.7307048 0.7362889 0.72700495 0.72885257 0.32032305 0.31118217
0.46417943 0.30755678 0.36663502 0.37598658 0.73602206 0.35981828 0.7267414 0.35562924 0.3650064 0 0.24804658 0.7437997 1.0289978 1.0160967 0.7307048 1.0421246 1.0457449 0.72018194 0.72044325 1.0099207 1.0091523 0.7259512 1.0160967 0.72779626 0.7259512 0.7354886 0.72044325 0.7264779 0.36305663 0.35562924
0.46864927 0.31589106 0.37450224 0.3812881 0.74975425 0.35836557 0.7325615 0.36257 0.36941192 0.24804658 0 0.7333587 1.0389212 1.0203725 0.7408401 1.0530384 1.0620499 0.72384816 0.7259512 1.014548 1.0030329 0.74057156 1.0176488 0.74057156 0.71316165 0.7280602 0.72726864 0.7170537 0.3712142 0.3614357
0.74433905 0.72779626 0.73923063 0.72568804 0.44078 0.742453 0.44060004 0.7220128 0.7432607 0.7437997 0.7333587 0 1.0045581 1.0110749 0.44060004 1.0297868 1.0266355 0.44150028 0.43772647 1.0133885 1.0064689 0.43880278 1.0297868 0.44042012 0.43700978 0.5750415 0.57762915 0.43844384 0.75056994 0.7262145
1.019204 1.0325551 1.030972 1.0485728 1.0011308 1.0365276 0.9764649 1.0421246 1.0461482 1.0289978 1.0389212 1.0045581 0 0.1884001 0.9939465 0.30966946 0.3074061 1.0053219 0.97941184 0.8327101 0.8357514 0.97573 0.81828076 0.9775687 0.982 1.0160967 1.0126165 0.98348296 1.0215429 1.0325551
0.9939465 1.0188149 1.0211525 1.0242808 0.9943229 1.014548 0.9783054 1.0141612 1.0157093 1.0160967 1.0203725 1.0110749 0.1884001 0 0.99056727 0.30997178 0.3063522 0.9894442 0.97243166 0.847732 0.84928197 0.9709704 0.8257614 0.9753628 0.97316337 1.0227151 1.0034139 0.9746289 1.0064689 1.0176488
0.72489893 0.721751 0.74057156 0.73149997 0.2690793 0.74677104 0.25391582 0.7275324 0.7400349 0.7307048 0.7408401 0.44060004 0.9939465 0.99056727 0 1.0258498 1.0130024 0.34732068 0.3465266 0.99885464 1.0011308 0.17451672 1.014548 0.17514798 0.38830376 0.57461107 0.5677578 0.3213968 0.75165886 0.7175742
1.0305767 1.0441338 1.0397208 1.042526 1.0266355 1.0481682 1.0137748 1.0345387 1.055077 1.0421246 1.0530384 1.0297868 0.30966946 0.30997178 1.0258498 0 0.15299605 1.0297868 1.0110749 0.8381934 0.84711295 1.0030329 0.8375822 1.0091523 1.0080011 1.0353336 1.0282096 1.002652 1.0381224 1.0357314
1.0313674 1.0473596 1.0409217 1.0632871 1.0168724 1.0469556 1.0041765 1.0389212 1.0473596 1.0457449 1.0620499 1.0266355 0.3074061 0.3063522 1.0130024 0.15299605 0 1.0110749 0.98683035 0.8336212 0.8375822 0.9958304 0.8336212 0.99847597 0.9950763 1.025065 1.0188149 0.98832285 1.0429276 1.0365276
0.72885257 0.70109564 0.72044325 0.72148925 0.34986734 0.7264779 0.3425688 0.7005865 0.72122765 0.72018194 0.72384816 0.44150028 1.0053219 0.9894442 0.34732068 1.0297868 1.0110749 0 0.13183723 0.9946995 0.9950763 0.34525782 1.0137748 0.34732068 0.38261938 0.57482624 0.56647974 0.34605056 0.7254249 0.7067194
0.72148925 0.7149754 0.7262145 0.72779626 0.35194293 0.7259512 0.34430766 0.70646286 0.72726864 0.72044325 0.7259512 0.43772647 0.97941184 0.97243166 0.3465266 1.0110749 0.98683035 0.13183723 0 0.99281836 0.9950763 0.34986734 1.0110749 0.35338324 0.383953 0.5735361 0.571605 0.3441494 0.7259512 0.7098048
1.0297868 0.9943229 1.0421246 1.0345387 1.0130024 1.0293922 0.98794943 1.0195932 1.0223241 1.0099207 1.014548 1.0133885 0.8327101 0.847732 0.99885464 0.8381934 0.8336212 0.9946995 0.99281836 0 0.06210155 0.9853408 0.40253505 0.99357027 1.0045581 0.9924427 1.0195932 0.99169195 1.032159 1.0164845
1.0266355 0.9958304 1.0401208 1.0293922 1.0087683 1.0219333 0.9779369 1.0141612 1.0199828 1.0091523 1.0030329 1.0064689 0.8357514 0.84928197 1.0011308 0.84711295 0.8375822 0.9950763 0.9950763 0.06210155 0 0.9831119 0.39946267 0.990942 1.0060863 0.99169195 1.0149349 0.9939465 1.0329514 1.014548
0.7280602 0.7220128 0.7293813 0.7291169 0.2738184 0.7386949 0.2567269 0.7243734 0.7368229 0.7259512 0.74057156 0.43880278 0.97573 0.9709704 0.17451672 1.0030329 0.9958304 0.34525782 0.34986734 0.9853408 0.9831119 0 0.9901927 0.03846997 0.39572456 0.5819619 0.5767656 0.3280265 0.7473126 0.71835554
1.0301816 1.0219333 1.0349361 1.0469556 1.025065 1.030972 1.0049399 1.0157093 1.0203725 1.0160967 1.0176488 1.0297868 0.81828076 0.8257614 1.014548 0.8375822 0.8336212 1.0137748 1.0110749 0.40253505 0.39946267 0.9901927 0 0.9958304 1.0234975 1.01069 1.0274222 0.99961257 1.0160967 1.019204
0.72885257 0.7243734 0.7275324 0.7304399 0.27482754 0.7394986 0.26025566 0.7235857 0.73602206 0.72779626 0.74057156 0.44042012 0.9775687 0.9753628 0.17514798 1.0091523 0.99847597 0.34732068 0.35338324 0.99357027 0.990942 0.03846997 0.9958304 0 0.39386246 0.58174473 0.5791428 0.3297319 0.7478545 0.721751
0.72122765 0.7023701 0.7222747 0.7328271 0.39318648 0.72489893 0.3832859 0.72044325 0.7307048 0.7259512 0.71316165 0.43700978 0.982 0.97316337 0.38830376 1.0080011 0.9950763 0.38261938 0.383953 1.0045581 1.0060863 0.39572456 1.0234975 0.39386246 0 0.57957584 0.56647974 0.38345262 0.73522204 0.70646286
0.7235857 0.72489893 0.7330929 0.7296458 0.58675706 0.7427221 0.5793593 0.7207046 0.7362889 0.7354886 0.7280602 0.5750415 1.0160967 1.0227151 0.57461107 1.0353336 1.025065 0.57482624 0.5735361 0.9924427 0.99169195 0.5819619 1.01069 0.58174473 0.57957584 0 0.38512188 0.57590306 0.75302225 0.72018194
0.7126442 0.7126442 0.7296458 0.7304399 0.5810934 0.7362889 0.5767656 0.71992075 0.72700495 0.72044325 0.72726864 0.57762915 1.0126165 1.0034139 0.5677578 1.0282096 1.0188149 0.56647974 0.571605 1.0195932 1.0149349 0.5767656 1.0274222 0.5791428 0.56647974 0.38512188 0 0.5765499 0.7494826 0.7129029
0.7209661 0.70543754 0.7346892 0.7328271 0.33097467 0.72885257 0.3274073 0.7149754 0.72885257 0.7264779 0.7170537 0.43844384 0.98348296 0.9746289 0.3213968 1.002652 0.98832285 0.34605056 0.3441494 0.99169195 0.9939465 0.3280265 0.99961257 0.3297319 0.38345262 0.57590306 0.5765499 0 0.7320306 0.7067194
0.46492255 0.36712432 0.37450224 0.37664723 0.75002605 0.31573868 0.7362889 0.3119397 0.32032305 0.36305663 0.3712142 0.75056994 1.0215429 1.0064689 0.75165886 1.0381224 1.0429276 0.7254249 0.7259512 1.032159 1.0329514 0.7473126 1.0160967 0.7478545 0.73522204 0.75302225 0.7494826 0.7320306 0 0.30951837
0.4555024 0.36582026 0.3733498 0.37154236 0.72885257 0.31027418 0.71083605 0.30560035 0.31118217 0.35562924 0.3614357 0.7262145 1.0325551 1.0176488 0.7175742 1.0357314 1.0365276 0.7067194 0.7098048 1.0164845 1.014548 0.71835554 1.019204 0.721751 0.70646286 0.72018194 0.7129029 0.7067194 0.30951837 0
