0 0.99961257 0.99357027 0.99961257 1.0157093 0.8188765 0.85707986 0.81234956 0.82335943 0.80353975 0.81234956 1.0118452 0.86718106 0.85864925 1.0053219 1.0072346 0.99169195 1.0015109 0.99923354 0.990942 0.99169195 0.85770726 1.018426 0.8555138 0.98907024 0.99169195 0.82335943 1.0091523 1.0037951 0.8858435
0.99961257 0 0.2920462 0.62373245 0.6362405 0.9853408 0.9709704 0.99281836 0.99999183 0.98683035 1.0215429 0.7836615 1.0176488 1.0037951 0.864643 0.8729233 0.56012195 0.5628704 0.56054413 0.63019204 0.6297288 0.990942 0.87677604 0.9943229 0.8668633 0.8800019 0.99923354 0.8652767 0.86877173 0.9920673
0.99357027 0.2920462 0 0.6262635 0.64469653 0.9946995 0.97609735 0.9894442 1.001891 0.9801504 1.0087683 0.7557565 1.0034139 0.9901927 0.84402525 0.8486616 0.5554936 0.56012195 0.55801463 0.63019204 0.62880313 0.99131685 0.8678169 0.9931942 0.84156424 0.8480418 1.0126165 0.85613984 0.8611671 0.9838541
0.99961257 0.62373245 0.6262635 0 0.27656063 1.0103053 1.002652 0.97978103 0.990942 0.9920673 1.0103053 0.76623845 1.032159 1.0080011 0.8621135 0.87100434 0.6390486 0.6413967 0.6390486 0.47370988 0.47352183 0.99923354 0.88616943 1.0015109 0.847732 0.84340924 0.99961257 0.8455675 0.8636934 1.0091523
1.0157093 0.6362405 0.64469653 0.27656063 0 0.99131685 0.99131685 0.9901927 0.9827411 0.9831119 1.0080011 0.7805406 1.0180373 1.0003713 0.8605368 0.8684533 0.6439882 0.64564204 0.64469653 0.48032117 0.48032117 1.0060863 0.8832416 1.0064689 0.8668633 0.864643 0.99281836 0.86909026 0.8812961 1.0011308
0.8188765 0.9853408 0.9946995 1.0103053 0.99131685 0 0.8783872 0.41356212 0.41826323 0.2330254 0.2337079 1.0083846 0.8751683 0.8703658 1.0164845 1.0227151 0.9962078 0.9943229 0.9977191 0.99734104 0.9980974 0.88194406 1.0437315 0.88259256 1.0045581 1.0160967 0.44096002 1.0254573 1.0270288 0.87324363
0.85707986 0.9709704 0.97609735 1.002652 0.99131685 0.8783872 0 0.8722831 0.8754896 0.87581104 0.8835664 1.014548 0.5440462 0.53195745 1.001891 1.0030329 0.97609735 0.9827411 0.9738958 0.98907024 0.98645765 0.22664008 1.0262426 0.22826521 1.0003713 1.0349361 0.8963424 1.0365276 1.0242808 0.3872975
0.81234956 0.99281836 0.9894442 0.97978103 0.9901927 0.41356212 0.8722831 0 0.21416326 0.40339074 0.4095806 0.9842255 0.8703658 0.8621135 0.9939465 0.98757625 0.9860852 0.9845971 0.97978103 0.9946995 0.99357027 0.86654574 1.0393208 0.8678169 0.97426224 1.0015109 0.4355785 0.9958304 1.0087683 0.87356406
0.82335943 0.99999183 1.001891 0.990942 0.9827411 0.41826323 0.8754896 0.21416326 0 0.41356212 0.41739044 0.9920673 0.8745262 0.87613255 0.9977191 0.990942 0.9931942 0.99131685 0.99131685 1.0083846 1.0083846 0.87420535 1.0421246 0.87484723 0.9783054 0.9980974 0.43754724 1.0060863 1.0091523 0.8700467
0.80353975 0.98683035 0.9801504 0.9920673 0.9831119 0.2330254 0.87581104 0.40339074 0.41356212 0 0.20701279 1.0011308 0.8713238 0.86813504 0.9977191 1.0015109 0.9746289 0.97499573 0.97352946 1.0037951 1.001891 0.8855178 1.0278157 0.8864954 0.98348296 0.99357027 0.44060004 0.9950763 0.9946995 0.8793556
0.81234956 1.0215429 1.0087683 1.0103053 1.0080011 0.2337079 0.8835664 0.4095806 0.41739044 0.20701279 0 1.0064689 0.88682157 0.8800019 1.0301816 1.0297868 1.0037951 1.0076177 1.0072346 1.01146 1.0080011 0.88780093 1.0441338 0.8884545 1.0223241 1.025065 0.4400604 1.0160967 1.0282096 0.8874743
1.0118452 0.7836615 0.7557565 0.76623845 0.7805406 1.0083846 1.014548 0.9842255 0.9920673 1.0011308 1.0064689 0 1.0203725 1.0072346 0.83941746 0.8468036 0.77546155 0.7774327 0.7763057 0.76790696 0.7620833 1.0207624 0.8678169 1.0227151 0.86654574 0.8474224 1.0087683 0.86559373 0.85207987 1.0238891
0.86718106 1.0176488 1.0034139 1.032159 1.0180373 0.8751683 0.5440462 0.8703658 0.8745262 0.8713238 0.88682157 1.0203725 0 0.14737621 1.0091523 1.0223241 1.0060863 1.0157093 1.0087683 1.0068517 1.0064689 0.5356249 1.0282096 0.5362379 0.9842255 1.000751 0.8937039 1.0083846 1.0083846 0.5434268
0.85864925 1.0037951 0.9901927 1.0080011 1.0003713 0.8703658 0.53195745 0.8621135 0.87613255 0.86813504 0.8800019 1.0072346 0.14737621 0 0.9946995 1.0099207 0.9853408 0.9980974 0.98757625 0.99885464 0.9958304 0.5277012 1.0199828 0.5283078 0.97243166 0.9946995 0.8923881 1.0022715 1.0003713 0.5374654
1.0053219 0.864643 0.84402525 0.8621135 0.8605368 1.0164845 1.001891 0.9939465 0.9977191 0.9977191 1.0301816 0.83941746 1.0091523 0.9946995 0 0.08549268 0.8774201 0.88162 0.8787099 0.8400302 0.83636117 1.0130024 0.66286767 1.0176488 0.83240664 0.83028585 1.0130024 0.83972377 0.83788776 1.0149349
1.0072346 0.8729233 0.8486616 0.87100434 0.8684533 1.0227151 1.0030329 0.98757625 0.990942 1.0015109 1.0297868 0.8468036 1.0223241 1.0099207 0.08549268 0 0.8881276 0.8904187 0.8871479 0.8461853 0.84187144 1.014548 0.6694307 1.0188149 0.83240664 0.8305884 1.0060863 0.8381934 0.8437172 1.0242808
0.99169195 0.56012195 0.5554936 0.6390486 0.6439882 0.9962078 0.97609735 0.9860852 0.9931942 0.9746289 1.0037951 0.77546155 1.0060863 0.9853408 0.8774201 0.8881276 0 0.03040819 0.028120654 0.6413967 0.64116156 0.99847597 0.8751683 0.9969631 0.84095025 0.8468036 1.0072346 0.8694089 0.8530148 0.9790429
1.0015109 0.5628704 0.56012195 0.6413967 0.64564204 0.9943229 0.9827411 0.9845971 0.99131685 0.97499573 1.0076177 0.7774327 1.0157093 0.9980974 0.88162 0.8904187 0.03040819 0 0.017912205 0.6437523 0.6418672 1.0030329 0.8832416 1.002652 0.84340924 0.8505242 1.0080011 0.8684533 0.85332674 0.9894442
0.99923354 0.56054413 0.55801463 0.6390486 0.64469653 0.9977191 0.9738958 0.97978103 0.99131685 0.97352946 1.0072346 0.7763057 1.0087683 0.98757625 0.8787099 0.8871479 0.028120654 0.017912205 0 0.6390486 0.63881415 0.9924427 0.87677604 0.990942 0.83727676 0.84711295 1.0080011 0.86654574 0.85332674 0.9872032
0.990942 0.63019204 0.63019204 0.47370988 0.48032117 0.99734104 0.98907024 0.9946995 1.0083846 1.0037951 1.01146 0.76790696 1.0068517 0.99885464 0.8400302 0.8461853 0.6413967 0.6437523 0.6390486 0 0.010777061 0.9969631 0.86909026 0.99734104 0.85582674 0.864643 1.005704 0.86179787 0.8684533 0.99961257
0.99169195 0.6297288 0.62880313 0.47352183 0.48032117 0.9980974 0.98645765 0.99357027 1.0083846 1.001891 1.0080011 0.7620833 1.0064689 0.9958304 0.83636117 0.84187144 0.64116156 0.6418672 0.63881415 0.010777061 0 0.99169195 0.86813504 0.9920673 0.85270303 0.86337715 1.0045581 0.8611671 0.86718106 0.9969631
0.85770726 0.990942 0.99131685 0.99923354 1.0060863 0.88194406 0.22664008 0.86654574 0.87420535 0.8855178 0.88780093 1.0207624 0.5356249 0.5277012 1.0130024 1.014548 0.99847597 1.0030329 0.9924427 0.9969631 0.99169195 0 1.014548 0.0066292114 1.0064689 1.0349361 0.89932185 1.030972 1.019204 0.38245285
1.018426 0.87677604 0.8678169 0.88616943 0.8832416 1.0437315 1.0262426 1.0393208 1.0421246 1.0278157 1.0441338 0.8678169 1.0282096 1.0199828 0.66286767 0.6694307 0.8751683 0.8832416 0.87677604 0.86909026 0.86813504 1.014548 0 1.0168724 0.8486616 0.8480418 1.0341415 0.86972773 0.8489717 1.0195932
0.8555138 0.9943229 0.9931942 1.0015109 1.0064689 0.88259256 0.22826521 0.8678169 0.87484723 0.8864954 0.8884545 1.0227151 0.5362379 0.5283078 1.0176488 1.0188149 0.9969631 1.002652 0.990942 0.99734104 0.9920673 0.0066292114 1.0168724 0 1.0095364 1.0337447 0.89932185 1.0329514 1.0207624 0.3836194
0.98907024 0.8668633 0.84156424 0.847732 0.8668633 1.0045581 1.0003713 0.97426224 0.9783054 0.98348296 1.0223241 0.86654574 0.9842255 0.97243166 0.83240664 0.83240664 0.84095025 0.84340924 0.83727676 0.85582674 0.85270303 1.0064689 0.8486616 1.0095364 0 0.44928738 1.0015109 0.45826077 0.45495194 1.0126165
0.99169195 0.8800019 0.8480418 0.84340924 0.864643 1.0160967 1.0349361 1.0015109 0.9980974 0.99357027 1.025065 0.8474224 1.000751 0.9946995 0.83028585 0.8305884 0.8468036 0.8505242 0.84711295 0.864643 0.86337715 1.0349361 0.8480418 1.0337447 0.44928738 0 1.0301816 0.4545852 0.44330403 1.0429276
0.82335943 0.99923354 1.0126165 0.99961257 0.99281836 0.44096002 0.8963424 0.4355785 0.43754724 0.44060004 0.4400604 1.0087683 0.8937039 0.8923881 1.0130024 1.0060863 1.0072346 1.0080011 1.0080011 1.005704 1.0045581 0.89932185 1.0341415 0.89932185 1.0015109 1.0301816 0 1.0526313 1.0219333 0.89667284
1.0091523 0.8652767 0.85613984 0.8455675 0.86909026 1.0254573 1.0365276 0.9958304 1.0060863 0.9950763 1.0160967 0.86559373 1.0083846 1.0022715 0.83972377 0.8381934 0.8694089 0.8684533 0.86654574 0.86179787 0.8611671 1.030972 0.86972773 1.0329514 0.45826077 0.4545852 1.0526313 0 0.4207125 1.055077
1.0037951 0.86877173 0.8611671 0.8636934 0.8812961 1.0270288 1.0242808 1.0087683 1.0091523 0.9946995 1.0282096 0.85207987 1.0083846 1.0003713 0.83788776 0.8437172 0.8530148 0.85332674 0.85332674 0.8684533 0.86718106 1.019204 0.8489717 1.0207624 0.45495194 0.44330403 1.0219333 0.4207125 0 1.0405211
0.8858435 0.9920673 0.9838541 1.0091523 1.0011308 0.87324363 0.3872975 0.87356406 0.8700467 0.8793556 0.8874743 1.0238891 0.5434268 0.5374654 1.0149349 1.0242808 0.9790429 0.9894442 0.9872032 0.99961257 0.9969631 0.38245285 1.0195932 0.3836194 1.0126165 1.0429276 0.89667284 1.055077 1.0405211 0
