0 0.62947647313 0.60513772313 0.90488483313 0.92278707313 0.90555267313 0.91530402313 0.93311307313 0.90789487313 0.89625637313 0.90555267313 0.49115712313 0.89790807313 0.89230727313 0.89856971313 0.89526717313 0.89592657313 0.92278707313 0.92347107313 0.90923657313 0.90755982313 0.89989477313 0.96896087313 0.90055827313 0.90022642313 0.91361367313 0.91632004313 0.89099557313 0.97590030313 0.97187497313
0.62947647313 0 0.27789913313 0.90421757313 0.89724697313 0.89362137313 0.89823877313 0.91598117313 0.90655560313 0.90555267313 0.91091707313 0.62832142313 0.90488483313 0.89559681313 0.90521867313 0.89691664313 0.90221937313 0.90957237313 0.91058067313 0.92210371313 0.92073883313 0.90255202313 0.99147184313 0.90355093313 0.90221937313 0.92005731313 0.90722497313 0.89956332313 0.99297187313 0.97406794313
0.60513772313 0.27789913313 0 0.89658647313 0.89691664313 0.89989477313 0.89427927313 0.89460847313 0.90622117313 0.88772614313 0.90421757313 0.61030317313 0.90155447313 0.88935907313 0.89395023313 0.89890077313 0.90288487313 0.89395023313 0.89592657313 0.91937647313 0.91361367313 0.90388417313 0.97920997313 0.90388417313 0.89395023313 0.91665901313 0.88968607313 0.89625637313 0.99409877313 0.98031641313
0.90488483313 0.90421757313 0.89658647313 0 0.87190891313 0.55117317313 0.86999483313 0.87929177313 0.55555977313 0.55054857313 0.23954489313 0.91327607313 0.24202333313 0.53734691313 0.53530497313 0.33655799313 0.33655799313 0.86491437313 0.86649830313 0.40669639313 0.40618123313 0.54784812313 0.98475867313 0.54805547313 0.42144187313 0.38669522313 0.85423131313 0.27299620313 0.97151007313 0.96280594313
0.92278707313 0.89724697313 0.89691664313 0.87190891313 0 0.87414820313 0.23638989313 0.24147185313 0.88252457313 0.88058324313 0.87286777313 0.92210371313 0.87639417313 0.86713287313 0.85767097313 0.87350767313 0.87929177313 0.38402380313 0.38569231313 0.87222837313 0.87031347313 0.87095127313 0.98960103313 0.87158957313 0.86872147313 0.88155330313 0.37887485313 0.87671561313 0.99334727313 0.98960103313
0.90555267313 0.89362137313 0.89989477313 0.55117317313 0.87414820313 0 0.88284863313 0.87800257313 0.27313993313 0.27141679313 0.55618847313 0.90122224313 0.55304997313 0.26627097313 0.26342737313 0.55242387313 0.55346770313 0.86745031313 0.86808563313 0.55955077313 0.55765761313 0.21387134313 0.97370197313 0.21480178313 0.55409467313 0.55493153313 0.87063230313 0.55284117313 0.96280594313 0.96316660313
0.91530402313 0.89823877313 0.89427927313 0.86999483313 0.23638989313 0.88284863313 0 0.19511217313 0.87800257313 0.88284863313 0.87961447313 0.93034557313 0.88479577313 0.88026017313 0.88090647313 0.87222837313 0.87127037313 0.38535831313 0.38652797313 0.89296407313 0.89099557313 0.87318767313 1.01044097313 0.87414820313 0.89034052313 0.90188683313 0.38186024313 0.87864692313 1.00241547313 0.99485107313
0.93311307313 0.91598117313 0.89460847313 0.87929177313 0.24147185313 0.87800257313 0.19511217313 0 0.89034052313 0.87510992313 0.88479577313 0.93000032313 0.88870550313 0.87800257313 0.87607287313 0.86967630313 0.87286777313 0.38954405313 0.39156155313 0.88805247313 0.88609677313 0.87254797313 1.00051714313 0.87286777313 0.88382162313 0.88935907313 0.38602645313 0.88252457313 0.99673497313 0.98068560313
0.90789487313 0.90655560313 0.90622117313 0.55555977313 0.88252457313 0.27313993313 0.87800257313 0.89034052313 0 0.20109555313 0.56060457313 0.90990830313 0.55955077313 0.21480178313 0.21613298313 0.55555977313 0.55304997313 0.87832467313 0.87832467313 0.56187112313 0.56102652313 0.27098663313 0.99034877313 0.27170370313 0.55618847313 0.56102652313 0.87031347313 0.54764081313 0.98216421313 0.98216421313
0.89625637313 0.90555267313 0.88772614313 0.55054857313 0.88058324313 0.27141679313 0.88284863313 0.87510992313 0.20109555313 0 0.55828817313 0.90655560313 0.55221523313 0.21069000313 0.21280939313 0.55639817313 0.55555977313 0.87031347313 0.86935787313 0.56525907313 0.56250517313 0.26912541313 0.98960103313 0.26998387313 0.55576927313 0.55535027313 0.88122977313 0.54992457313 0.98550167313 0.98736222313
0.90555267313 0.91091707313 0.90421757313 0.23954489313 0.87286777313 0.55618847313 0.87961447313 0.88479577313 0.56060457313 0.55828817313 0 0.92210371313 0.13429324313 0.54930097313 0.54930097313 0.34663794313 0.34632087313 0.87382787313 0.87318767313 0.41255985313 0.41169469313 0.56081552313 1.00546267313 0.56018287313 0.43434123313 0.39442897313 0.87127037313 0.28123407313 0.98327501313 0.97626737313
0.49115712313 0.62832142313 0.61030317313 0.91327607313 0.92210371313 0.90122224313 0.93034557313 0.93000032313 0.90990830313 0.90655560313 0.92210371313 0 0.92312897313 0.89460847313 0.90022642313 0.92210371313 0.92621327313 0.90856541313 0.91024442313 0.92862100313 0.92965527313 0.89066797313 0.98179427313 0.89099557313 0.93103647313 0.92347107313 0.90288487313 0.91260130313 0.97884147313 0.98105497313
0.89790807313 0.90488483313 0.90155447313 0.24202333313 0.87639417313 0.55304997313 0.88479577313 0.88870550313 0.55955077313 0.55221523313 0.13429324313 0.92312897313 0 0.55179823313 0.55054857313 0.34727247313 0.34902017313 0.88155330313 0.88284863313 0.41829501313 0.41707477313 0.55514087313 1.00317607313 0.55472220313 0.43648307313 0.39139319313 0.87993727313 0.28239752313 0.99372293313 0.97773717313
0.89230727313 0.89559681313 0.88935907313 0.53734691313 0.86713287313 0.26627097313 0.88026017313 0.87800257313 0.21480178313 0.21069000313 0.54930097313 0.89460847313 0.55179823313 0 0.09462361313 0.55346770313 0.54909327313 0.86081167313 0.85923971313 0.55828817313 0.55681777313 0.26484782313 0.98848082313 0.26570139313 0.55158977313 0.55430377313 0.87063230313 0.55158977313 0.97847327313 0.98216421313
0.89856971313 0.90521867313 0.89395023313 0.53530497313 0.85767097313 0.26342737313 0.88090647313 0.87607287313 0.21613298313 0.21280939313 0.54930097313 0.90022642313 0.55054857313 0.09462361313 0 0.54867797313 0.54681207313 0.86428172313 0.86301807313 0.54992457313 0.54930097313 0.26484782313 0.98736222313 0.26570139313 0.54930097313 0.54701913313 0.86967630313 0.54867797313 0.97553347313 0.97333623313
0.89526717313 0.89691664313 0.89890077313 0.33655799313 0.87350767313 0.55242387313 0.87222837313 0.86967630313 0.55555977313 0.55639817313 0.34663794313 0.92210371313 0.34727247313 0.55346770313 0.54867797313 0 0.06192058313 0.87864692313 0.87896932313 0.41394617313 0.41238673313 0.54536397313 0.98216421313 0.54598427313 0.42865939313 0.39662913313 0.86175647313 0.33734063313 0.97736947313 0.97187497313
0.89592657313 0.90221937313 0.90288487313 0.33655799313 0.87929177313 0.55346770313 0.87127037313 0.87286777313 0.55304997313 0.55555977313 0.34632087313 0.92621327313 0.34902017313 0.54909327313 0.54681207313 0.06192058313 0 0.87832467313 0.87768061313 0.41690064313 0.41550885313 0.54495077313 0.98105497313 0.54557067313 0.43327261313 0.40156055313 0.86618127313 0.33875142313 0.98624537313 0.97516681313
0.92278707313 0.90957237313 0.89395023313 0.86491437313 0.38402380313 0.86745031313 0.38535831313 0.38954405313 0.87832467313 0.87031347313 0.87382787313 0.90856541313 0.88155330313 0.86081167313 0.86428172313 0.87864692313 0.87832467313 0 0.01239210113 0.88870550313 0.88739997313 0.87063230313 1.01467937313 0.87222837313 0.89427927313 0.88903217313 0.31847365313 0.88479577313 1.00584447313 0.99560407313
0.92347107313 0.91058067313 0.89592657313 0.86649830313 0.38569231313 0.86808563313 0.38652797313 0.39156155313 0.87832467313 0.86935787313 0.87318767313 0.91024442313 0.88284863313 0.85923971313 0.86301807313 0.87896932313 0.87768061313 0.01239210113 0 0.88805247313 0.88674807313 0.86999483313 1.01661387313 0.87158957313 0.89230727313 0.89034052313 0.32107437313 0.88414617313 1.01005687313 0.99938054313
0.90923657313 0.92210371313 0.91937647313 0.40669639313 0.87222837313 0.55955077313 0.89296407313 0.88805247313 0.56187112313 0.56525907313 0.41255985313 0.92862100313 0.41829501313 0.55828817313 0.54992457313 0.41394617313 0.41690064313 0.88870550313 0.88805247313 0 0.01350991113 0.55346770313 0.98364567313 0.55388567313 0.43256102313 0.42319585313 0.87671561313 0.41221367313 0.97736947313 0.97553347313
0.90755982313 0.92073883313 0.91361367313 0.40618123313 0.87031347313 0.55765761313 0.89099557313 0.88609677313 0.56102652313 0.56250517313 0.41169469313 0.92965527313 0.41707477313 0.55681777313 0.54930097313 0.41238673313 0.41550885313 0.88739997313 0.88674807313 0.01350991113 0 0.55158977313 0.97994747313 0.55200673313 0.43149493313 0.42126668313 0.87671561313 0.41065783313 0.97884147313 0.97626737313
0.89989477313 0.90255202313 0.90388417313 0.54784812313 0.87095127313 0.21387134313 0.87318767313 0.87254797313 0.27098663313 0.26912541313 0.56081552313 0.89066797313 0.55514087313 0.26484782313 0.26484782313 0.54536397313 0.54495077313 0.87063230313 0.86999483313 0.55346770313 0.55158977313 0 0.97957862313 0.00160490000000003 0.55304997313 0.55639817313 0.87478927313 0.55138147313 0.98105497313 0.98290457313
0.96896087313 0.99147184313 0.97920997313 0.98475867313 0.98960103313 0.97370197313 1.01044097313 1.00051714313 0.99034877313 0.98960103313 1.00546267313 0.98179427313 1.00317607313 0.98848082313 0.98736222313 0.98216421313 0.98105497313 1.01467937313 1.01661387313 0.98364567313 0.97994747313 0.97957862313 0 0.98031641313 0.98624537313 1.00317607313 1.01082527313 0.97480037313 0.44078517313 0.45019195313
0.90055827313 0.90355093313 0.90388417313 0.54805547313 0.87158957313 0.21480178313 0.87414820313 0.87286777313 0.27170370313 0.26998387313 0.56018287313 0.89099557313 0.55472220313 0.26570139313 0.26570139313 0.54598427313 0.54557067313 0.87222837313 0.87158957313 0.55388567313 0.55200673313 0.00160490000000003 0.98031641313 0 0.55346770313 0.55723757313 0.87639417313 0.55179823313 0.98216421313 0.98401647313
0.90022642313 0.90221937313 0.89395023313 0.42144187313 0.86872147313 0.55409467313 0.89034052313 0.88382162313 0.55618847313 0.55576927313 0.43434123313 0.93103647313 0.43648307313 0.55158977313 0.54930097313 0.42865939313 0.43327261313 0.89427927313 0.89230727313 0.43256102313 0.43149493313 0.55304997313 0.98624537313 0.55346770313 0 0.43827261313 0.88058324313 0.42636337313 0.97663457313 0.97151007313
0.91361367313 0.92005731313 0.91665901313 0.38669522313 0.88155330313 0.55493153313 0.90188683313 0.88935907313 0.56102652313 0.55535027313 0.39442897313 0.92347107313 0.39139319313 0.55430377313 0.54701913313 0.39662913313 0.40156055313 0.88903217313 0.89034052313 0.42319585313 0.42126668313 0.55639817313 1.00317607313 0.55723757313 0.43827261313 0 0.89132327313 0.39358447313 0.99334727313 0.97443403313
0.91632004313 0.90722497313 0.88968607313 0.85423131313 0.37887485313 0.87063230313 0.38186024313 0.38602645313 0.87031347313 0.88122977313 0.87127037313 0.90288487313 0.87993727313 0.87063230313 0.86967630313 0.86175647313 0.86618127313 0.31847365313 0.32107437313 0.87671561313 0.87671561313 0.87478927313 1.01082527313 0.87639417313 0.88058324313 0.89132327313 0 0.88026017313 1.01120987313 0.99560407313
0.89099557313 0.89956332313 0.89625637313 0.27299620313 0.87671561313 0.55284117313 0.87864692313 0.88252457313 0.54764081313 0.54992457313 0.28123407313 0.91260130313 0.28239752313 0.55158977313 0.54867797313 0.33734063313 0.33875142313 0.88479577313 0.88414617313 0.41221367313 0.41065783313 0.55138147313 0.97480037313 0.55179823313 0.42636337313 0.39358447313 0.88026017313 0 0.98253427313 0.98922742313
0.97590030313 0.99297187313 0.99409877313 0.97151007313 0.99334727313 0.96280594313 1.00241547313 0.99673497313 0.98216421313 0.98550167313 0.98327501313 0.97884147313 0.99372293313 0.97847327313 0.97553347313 0.97736947313 0.98624537313 1.00584447313 1.01005687313 0.97736947313 0.97884147313 0.98105497313 0.44078517313 0.98216421313 0.97663457313 0.99334727313 1.01120987313 0.98253427313 0 0.27084327313
0.97187497313 0.97406794313 0.98031641313 0.96280594313 0.98960103313 0.96316660313 0.99485107313 0.98068560313 0.98216421313 0.98736222313 0.97626737313 0.98105497313 0.97773717313 0.98216421313 0.97333623313 0.97187497313 0.97516681313 0.99560407313 0.99938054313 0.97553347313 0.97626737313 0.98290457313 0.45019195313 0.98401647313 0.97151007313 0.97443403313 0.99560407313 0.98922742313 0.27084327313 0
