0 1.029127494 0.969701694 0.901567794 0.349033494 0.344276594 1.011607894 1.002808894 0.557040994 1.021680294 1.027160494 0.995617394 0.973349554 0.972983934 0.278201864 0.347127094 0.347603244 0.910593994 0.906568924 0.275456974 0.275889694 0.563788294 0.567610494 0.561884444 0.652973294 0.640670164 0.984400854 0.994112094 0.984029794 1.027553394
1.029127494 0 0.905900164 1.024415394 1.009302494 1.002808894 0.916672334 0.908578734 0.987748244 0.221092394 0.220824214 0.921775564 0.906234494 0.910930394 1.000151434 1.017014594 1.022460794 1.020511094 1.019343894 1.002048694 1.003569894 0.985143394 0.992234744 0.982177534 0.995240794 0.990362094 0.900903494 0.905231994 0.904898154 0.166278224
0.969701694 0.905900164 0 0.999772534 0.965347494 0.968247494 0.836364594 0.837889354 0.990736294 0.891992494 0.892977394 0.286789994 0.167525934 0.160194244 0.969701694 0.971888294 0.975913624 1.009302494 1.006621894 0.966796094 0.967884394 0.995240794 0.994864394 0.995617394 0.996748294 0.985514994 0.811497194 0.809143294 0.820390594 0.893305994
0.901567794 1.024415394 0.999772534 0 0.921093144 0.917690194 0.999015294 0.989988134 0.926570094 1.006239794 1.011223194 1.041438994 1.019343894 1.016627194 0.901235564 0.922117034 0.918369594 0.148659344 0.149634154 0.897921394 0.899908094 0.928634324 0.917011494 0.926913694 0.896929964 0.912951924 0.991485164 1.003950794 0.989240744 1.020900694
0.349033494 1.009302494 0.965347494 0.921093144 0 0.113570094 1.014306394 1.018566694 0.570596854 1.007386794 1.015852794 0.997880994 0.965709434 0.973349554 0.339863874 0.118349774 0.120809754 0.916333364 0.915317344 0.342539914 0.343486694 0.561884444 0.564635994 0.559774734 0.657039624 0.652257964 0.987748244 0.990736294 0.995617394 1.031099494
0.344276594 1.002808894 0.968247494 0.917690194 0.113570094 0 1.002048694 1.002048694 0.562941534 0.984771994 0.994488164 0.996748294 0.974447354 0.979591944 0.335320794 0.115315224 0.115548214 0.911603594 0.908914254 0.338921674 0.338921674 0.558511794 0.565272394 0.556621294 0.647743444 0.647033094 0.979223294 0.987003094 0.987375544 1.013534394
1.011607894 0.916672334 0.836364594 0.999015294 1.014306394 1.002048694 0 0.112292898 0.991859894 0.927257494 0.923826594 0.842482134 0.840641664 0.838805654 0.986258694 1.002428794 1.004331794 1.006239794 0.998636994 0.989240744 0.990736294 0.992609844 0.989240744 0.992985194 0.999393864 0.993360594 0.322621744 0.316047444 0.204774434 0.920411334
1.002808894 0.908578734 0.837889354 0.989988134 1.018566694 1.002048694 0.112292898 0 1.003189394 0.917350754 0.917350754 0.840029164 0.839417144 0.839417144 0.989614354 0.998636994 1.000151434 0.997880994 0.987375544 0.989988134 0.991859894 0.999772534 0.991110594 1.000909724 1.002048694 1.005475994 0.323236244 0.314071164 0.204380834 0.912277494
0.557040994 0.987748244 0.990736294 0.926570094 0.570596854 0.562941534 0.991859894 1.003189394 0 0.987748244 0.992234744 1.010838594 0.989240744 0.992985194 0.549106594 0.567823394 0.575098794 0.940440094 0.930013644 0.543725794 0.546618324 0.0997533039999999 0.274448224 0.0991830839999999 0.658480094 0.668885154 0.974813694 0.972983934 0.975546794 0.998636994
1.021680294 0.221092394 0.891992494 1.006239794 1.007386794 0.984771994 0.927257494 0.917350754 0.987748244 0 0.0886554099999999 0.922117034 0.908914254 0.906234494 1.011223194 1.013148694 1.013534394 1.004331794 1.003569894 1.009686194 1.013148694 0.982547594 0.994488164 0.979223294 1.014692694 1.002048694 0.917690194 0.920070634 0.909585694 0.226476494
1.027160494 0.220824214 0.892977394 1.011223194 1.015852794 0.994488164 0.923826594 0.917350754 0.992234744 0.0886554099999999 0 0.923826594 0.912951924 0.911266894 1.011607894 1.018566694 1.019732794 1.008152494 1.004712994 1.013920294 1.017790294 0.990736294 0.997880994 0.988494144 1.005094394 0.994864394 0.908243394 0.914302694 0.910257744 0.224722424
0.995617394 0.921775564 0.286789994 1.041438994 0.997880994 0.996748294 0.842482134 0.840029164 1.010838594 0.922117034 0.923826594 0 0.287962124 0.284159464 0.988494144 0.992609844 1.000909724 1.046662794 1.050300594 0.982547594 0.985514994 1.005857794 1.014692694 1.005857794 1.006239794 1.002808894 0.824277324 0.823378594 0.822480964 0.920752154
0.973349554 0.906234494 0.167525934 1.019343894 0.965709434 0.974447354 0.840641664 0.839417144 0.989240744 0.908914254 0.912951924 0.287962124 0 0.0662855239999999 0.969701694 0.973715294 0.978118464 1.014692694 1.022851194 0.969337864 0.974813694 0.990362094 0.991485164 0.991485164 1.001289194 0.995617394 0.819794394 0.821285694 0.826980034 0.906234494
0.972983934 0.910930394 0.160194244 1.016627194 0.973349554 0.979591944 0.838805654 0.839417144 0.992985194 0.906234494 0.911266894 0.284159464 0.0662855239999999 0 0.975180134 0.984771994 0.987003094 1.013148694 1.021290394 0.972253294 0.975913624 0.989614354 0.990362094 0.991110594 0.991485164 0.989614354 0.821285694 0.823079294 0.828184394 0.911266894
0.278201864 1.000151434 0.969701694 0.901235564 0.339863874 0.335320794 0.986258694 0.989614354 0.549106594 1.011223194 1.011607894 0.988494144 0.969701694 0.975180134 0 0.339078614 0.340021024 0.909585694 0.904564494 0.0613917199999999 0.0599838799999999 0.553272094 0.560617894 0.551811554 0.640670164 0.635059164 0.954214894 0.972618564 0.978486594 1.009302494
0.347127094 1.017014594 0.971888294 0.922117034 0.118349774 0.115315224 1.002428794 0.998636994 0.567823394 1.013148694 1.018566694 0.992609844 0.973715294 0.984771994 0.339078614 0 0.0489218919999999 0.919730094 0.915655834 0.343013154 0.342855374 0.568036364 0.573595144 0.566546794 0.655123294 0.649878494 0.983288334 0.976647894 0.996748294 1.033869294
0.347603244 1.022460794 0.975913624 0.918369594 0.120809754 0.115548214 1.004331794 1.000151434 0.575098794 1.013534394 1.019732794 1.000909724 0.978118464 0.987003094 0.340021024 0.0489218919999999 0 0.915994494 0.912277494 0.344909094 0.344750924 0.570169494 0.574668894 0.568675694 0.656560044 0.653211794 0.991859894 0.982917894 0.993736254 1.039439694
0.910593994 1.020511094 1.009302494 0.148659344 0.916333364 0.911603594 1.006239794 0.997880994 0.940440094 1.004331794 1.008152494 1.046662794 1.014692694 1.013148694 0.909585694 0.919730094 0.915994494 0 0.0453058899999999 0.903564254 0.901235564 0.933473034 0.927601494 0.931741344 0.904230894 0.906234494 0.986258694 0.997503264 0.985143394 1.026375194
0.906568924 1.019343894 1.006621894 0.149634154 0.915317344 0.908914254 0.998636994 0.987375544 0.930013644 1.003569894 1.004712994 1.050300594 1.022851194 1.021290394 0.904564494 0.915655834 0.912277494 0.0453058899999999 0 0.902232694 0.900903494 0.920411334 0.917350754 0.918709444 0.905231994 0.907908194 0.978486594 0.992985194 0.978486594 1.026767694
0.275456974 1.002048694 0.966796094 0.897921394 0.342539914 0.338921674 0.989240744 0.989988134 0.543725794 1.009686194 1.013920294 0.982547594 0.969337864 0.972253294 0.0613917199999999 0.343013154 0.344909094 0.903564254 0.902232694 0 0.0191374139999999 0.549106594 0.554944854 0.547239644 0.636691394 0.633430464 0.967884394 0.979223294 0.978854794 1.010838594
0.275889694 1.003569894 0.967884394 0.899908094 0.343486694 0.338921674 0.990736294 0.991859894 0.546618324 1.013148694 1.017790294 0.985514994 0.974813694 0.975913624 0.0599838799999999 0.342855374 0.344750924 0.901235564 0.900903494 0.0191374139999999 0 0.552228554 0.558091294 0.550353794 0.640670164 0.636224694 0.967884394 0.978486594 0.979223294 1.015852794
0.563788294 0.985143394 0.995240794 0.928634324 0.561884444 0.558511794 0.992609844 0.999772534 0.0997533039999999 0.982547594 0.990736294 1.005857794 0.990362094 0.989614354 0.553272094 0.568036364 0.570169494 0.933473034 0.920411334 0.549106594 0.552228554 0 0.272578434 0.00342206999999986 0.657759494 0.662818094 0.981068294 0.982917894 0.978486594 1.004331794
0.567610494 0.992234744 0.994864394 0.917011494 0.564635994 0.565272394 0.989240744 0.991110594 0.274448224 0.994488164 0.997880994 1.014692694 0.991485164 0.990362094 0.560617894 0.573595144 0.574668894 0.927601494 0.917350754 0.554944854 0.558091294 0.272578434 0 0.272004054 0.658239794 0.664027594 0.978486594 0.975913624 0.975180134 0.996748294
0.561884444 0.982177534 0.995617394 0.926913694 0.559774734 0.556621294 0.992985194 1.000909724 0.0991830839999999 0.979223294 0.988494144 1.005857794 0.991485164 0.991110594 0.551811554 0.566546794 0.568675694 0.931741344 0.918709444 0.547239644 0.550353794 0.00342206999999986 0.272004054 0 0.657279494 0.662818094 0.980329734 0.981807594 0.977750494 1.000909724
0.652973294 0.995240794 0.996748294 0.896929964 0.657039624 0.647743444 0.999393864 1.002048694 0.658480094 1.014692694 1.005094394 1.006239794 1.001289194 0.991485164 0.640670164 0.655123294 0.656560044 0.904230894 0.905231994 0.636691394 0.640670164 0.657759494 0.658239794 0.657279494 0 0.260466464 0.995994194 0.987748244 0.986258694 1.021290394
0.640670164 0.990362094 0.985514994 0.912951924 0.652257964 0.647033094 0.993360594 1.005475994 0.668885154 1.002048694 0.994864394 1.002808894 0.995617394 0.989614354 0.635059164 0.649878494 0.653211794 0.906234494 0.907908194 0.633430464 0.636224694 0.662818094 0.664027594 0.662818094 0.260466464 0 0.994488164 0.989240744 0.996748294 1.025590594
0.984400854 0.900903494 0.811497194 0.991485164 0.987748244 0.979223294 0.322621744 0.323236244 0.974813694 0.917690194 0.908243394 0.824277324 0.819794394 0.821285694 0.954214894 0.983288334 0.991859894 0.986258694 0.978486594 0.967884394 0.967884394 0.981068294 0.978486594 0.980329734 0.995994194 0.994488164 0 0.244523294 0.310738494 0.895610134
0.994112094 0.905231994 0.809143294 1.003950794 0.990736294 0.987003094 0.316047444 0.314071164 0.972983934 0.920070634 0.914302694 0.823378594 0.821285694 0.823079294 0.972618564 0.976647894 0.982917894 0.997503264 0.992985194 0.979223294 0.978486594 0.982917894 0.975913624 0.981807594 0.987748244 0.989240744 0.244523294 0 0.308323994 0.908243394
0.984029794 0.904898154 0.820390594 0.989240744 0.995617394 0.987375544 0.204774434 0.204380834 0.975546794 0.909585694 0.910257744 0.822480964 0.826980034 0.828184394 0.978486594 0.996748294 0.993736254 0.985143394 0.978486594 0.978854794 0.979223294 0.978486594 0.975180134 0.977750494 0.986258694 0.996748294 0.310738494 0.308323994 0 0.900903494
1.027553394 0.166278224 0.893305994 1.020900694 1.031099494 1.013534394 0.920411334 0.912277494 0.998636994 0.226476494 0.224722424 0.920752154 0.906234494 0.911266894 1.009302494 1.033869294 1.039439694 1.026375194 1.026767694 1.010838594 1.015852794 1.004331794 0.996748294 1.000909724 1.021290394 1.025590594 0.895610134 0.908243394 0.900903494 0
