0 0.97243166 0.98907024 0.6320479 0.62603307 0.6374092 0.4675293 0.47502747 0.46958384 0.47051957 0.47220686 1.0064689 0.48013148 1.0080011 1.0064689 1.0034139 0.6262635 0.46827576 0.46883607 0.62996036 0.6311194 0.46696994 1.033348 0.4675293 0.9969631 0.9950763 0.4720192 1.0266355 1.0126165 0.6269553
0.97243166 0 0.16873392 0.9554389 0.9479691 0.95794547 0.9662408 0.9662408 0.96190137 0.9698763 0.9680563 0.97243166 0.9691478 0.97720057 0.9808897 0.9764649 0.9388226 0.95794547 0.9575869 0.9472615 0.946908 0.9557965 0.9831119 0.9568702 1.005704 1.0022715 0.95866317 0.9790429 0.9939465 0.9543672
0.98907024 0.16873392 0 0.9709704 0.9493862 0.96190137 0.97573 0.9662408 0.95794547 0.9695119 0.9673296 0.9746289 0.9651536 0.9969631 0.99885464 0.99658537 0.94620144 0.9565121 0.9583042 0.95508146 0.95258445 0.9658782 0.99658537 0.9680563 1.0080011 0.99658537 0.9497408 0.98832285 0.9939465 0.9626228
0.6320479 0.9554389 0.9709704 0 0.2623809 0.27108616 0.62511194 0.620981 0.62926584 0.6216679 0.6304238 0.9637064 0.632745 0.982 0.9857129 0.9831119 0.15804078 0.6157354 0.6141462 0.15853477 0.15791732 0.61391944 0.9768326 0.6121078 0.99847597 0.9695119 0.62465185 1.01146 0.9950763 0.27482754
0.62603307 0.9479691 0.9493862 0.2623809 0 0.14847244 0.60647464 0.6073731 0.6049049 0.6013292 0.6091733 0.9691478 0.615281 0.99281836 0.99961257 0.9943229 0.25630456 0.6049049 0.6017752 0.2575723 0.2585598 0.62235546 1.0011308 0.62143886 0.9901927 0.97978103 0.60512894 0.9980974 0.9831119 0.23575914
0.6374092 0.95794547 0.96190137 0.27108616 0.14847244 0 0.6171003 0.6186958 0.6212099 0.61687267 0.6221262 0.98757625 0.63019204 0.9962078 1.0072346 1.0034139 0.2601142 0.61960906 0.6164175 0.2616718 0.2609634 0.63088745 0.99545324 0.62880313 1.005704 0.9939465 0.6184676 1.0045581 0.99885464 0.2426374
0.4675293 0.9662408 0.97573 0.62511194 0.60647464 0.6171003 0 0.14591707 0.26622158 0.26879302 0.1942076 1.0137748 0.20123646 0.99357027 0.9946995 0.98794943 0.6130131 0.26807785 0.26565138 0.6109778 0.6116556 0.4628807 1.0083846 0.46343702 1.0246727 0.9768326 0.25307453 1.0393208 1.0353336 0.61391944
0.47502747 0.9662408 0.9662408 0.620981 0.6073731 0.6186958 0.14591707 0 0.27008206 0.2712297 0.19291314 1.025065 0.20123646 1.0045581 1.0064689 0.9980974 0.6028915 0.26979542 0.2690793 0.6046809 0.6049049 0.4647367 1.0072346 0.46455088 1.0133885 0.9783054 0.25181437 1.0223241 1.0160967 0.62006605
0.46958384 0.96190137 0.95794547 0.62926584 0.6049049 0.6212099 0.26622158 0.27008206 0 0.11953994 0.26736337 1.001891 0.27815285 0.9980974 1.000751 0.9901927 0.6123341 0.1188366 0.11801686 0.61278665 0.614373 0.4628807 1.0080011 0.4623248 1.0207624 0.97316337 0.26451218 1.0242808 1.0133885 0.6182396
0.47051957 0.9698763 0.9695119 0.6216679 0.6013292 0.61687267 0.26879302 0.2712297 0.11953994 0 0.27166054 1.000751 0.2825125 0.9969631 0.99961257 0.98683035 0.6116556 0.11218751 0.111491024 0.6130131 0.61278665 0.46715635 1.0080011 0.46696994 1.0180373 0.97499573 0.26479682 1.0274222 1.0118452 0.61256033
0.47220686 0.9680563 0.9673296 0.6304238 0.6091733 0.6221262 0.1942076 0.19291314 0.26736337 0.27166054 0 1.0195932 0.102609724 1.0053219 1.0157093 1.0072346 0.6121078 0.26850688 0.26679227 0.61142963 0.6130131 0.471269 1.025065 0.4718316 1.0301816 0.9939465 0.25630456 1.0349361 1.0215429 0.62143886
1.0064689 0.97243166 0.9746289 0.9637064 0.9691478 0.98757625 1.0137748 1.025065 1.001891 1.000751 1.0195932 0 1.019204 0.37187067 0.36941192 0.37203488 0.9572284 0.98869646 0.9901927 0.96010065 0.9583042 0.9946995 0.3133051 0.9924427 0.65540254 0.3687576 0.9958304 0.6508636 0.64824826 0.99169195
0.48013148 0.9691478 0.9651536 0.632745 0.615281 0.63019204 0.20123646 0.20123646 0.27815285 0.2825125 0.102609724 1.019204 0 1.001891 1.0060863 0.9962078 0.6193806 0.2803295 0.27931294 0.6198375 0.61915225 0.47502747 1.0199828 0.47502747 1.030972 0.9775687 0.267792 1.0270288 1.0254573 0.62903446
1.0080011 0.97720057 0.9969631 0.982 0.99281836 0.9962078 0.99357027 1.0045581 0.9980974 0.9969631 1.0053219 0.37187067 1.001891 0 0.09644342 0.096102335 0.98645765 0.99281836 0.9939465 0.9857129 0.97978103 0.99734104 0.3801252 0.9958304 0.6623838 0.2784427 0.98832285 0.6515784 0.65277135 0.9977191
1.0064689 0.9808897 0.99885464 0.9857129 0.99961257 1.0072346 0.9946995 1.0064689 1.000751 0.99961257 1.0157093 0.36941192 1.0060863 0.09644342 0 0.078687124 0.9920673 0.98757625 0.99056727 0.98645765 0.9801504 0.9958304 0.37598658 0.9950763 0.65972805 0.2774287 0.98907024 0.6465887 0.6470625 1.002652
1.0034139 0.9764649 0.99658537 0.9831119 0.9943229 1.0034139 0.98794943 0.9980974 0.9901927 0.98683035 1.0072346 0.37203488 0.9962078 0.096102335 0.078687124 0 0.9969631 0.9816297 0.9842255 0.9931942 0.98907024 0.9939465 0.38078952 0.99281836 0.6682109 0.27960324 0.98348296 0.65181684 0.6532491 0.9969631
0.6262635 0.9388226 0.94620144 0.15804078 0.25630456 0.2601142 0.6130131 0.6028915 0.6123341 0.6116556 0.6121078 0.9572284 0.6193806 0.98645765 0.9920673 0.9969631 0 0.6071484 0.60625017 0.032389425 0.032807194 0.61687267 0.9958304 0.6157354 0.99131685 0.9775687 0.61369276 0.99056727 0.9644296 0.26266474
0.46827576 0.95794547 0.9565121 0.6157354 0.6049049 0.61960906 0.26807785 0.26979542 0.1188366 0.11218751 0.26850688 0.98869646 0.2803295 0.99281836 0.98757625 0.9816297 0.6071484 0 0.016684206 0.60804766 0.60894805 0.469958 0.99923354 0.47033232 1.0188149 0.97024083 0.26323268 1.0195932 1.0130024 0.6112037
0.46883607 0.9575869 0.9583042 0.6141462 0.6017752 0.6164175 0.26565138 0.2690793 0.11801686 0.111491024 0.26679227 0.9901927 0.27931294 0.9939465 0.99056727 0.9842255 0.60625017 0.016684206 0 0.6071484 0.60804766 0.46864927 1.0022715 0.46902296 1.0176488 0.97499573 0.26025566 1.015322 1.0118452 0.60872287
0.62996036 0.9472615 0.95508146 0.15853477 0.2575723 0.2616718 0.6109778 0.6046809 0.61278665 0.6130131 0.61142963 0.96010065 0.6198375 0.9857129 0.98645765 0.9931942 0.032389425 0.60804766 0.6071484 0 0.015866656 0.6175558 0.99545324 0.617328 0.9931942 0.97573 0.6161901 0.9901927 0.9691478 0.26195538
0.6311194 0.946908 0.95258445 0.15791732 0.2585598 0.2609634 0.6116556 0.6049049 0.614373 0.61278665 0.6130131 0.9583042 0.61915225 0.97978103 0.9801504 0.98907024 0.032807194 0.60894805 0.60804766 0.015866656 0 0.61960906 0.99357027 0.6186958 0.9924427 0.97316337 0.6157354 0.99131685 0.9655158 0.26266474
0.46696994 0.9557965 0.9658782 0.61391944 0.62235546 0.63088745 0.4628807 0.4647367 0.4628807 0.46715635 0.471269 0.9946995 0.47502747 0.99734104 0.9958304 0.9939465 0.61687267 0.469958 0.46864927 0.6175558 0.61960906 0 0.9939465 0.010777061 1.0053219 0.98237044 0.4621396 1.0045581 1.0068517 0.62189704
1.033348 0.9831119 0.99658537 0.9768326 1.0011308 0.99545324 1.0083846 1.0072346 1.0080011 1.0080011 1.025065 0.3133051 1.0199828 0.3801252 0.37598658 0.38078952 0.9958304 0.99923354 1.0022715 0.99545324 0.99357027 0.9939465 0 0.9950763 0.6604514 0.37879837 1.0015109 0.66480625 0.6532491 1.0064689
0.4675293 0.9568702 0.9680563 0.6121078 0.62143886 0.62880313 0.46343702 0.46455088 0.4623248 0.46696994 0.4718316 0.9924427 0.47502747 0.9958304 0.9950763 0.99281836 0.6157354 0.47033232 0.46902296 0.617328 0.6186958 0.010777061 0.9950763 0 1.0083846 0.9838541 0.46195444 1.0080011 1.0064689 0.6198375
0.9969631 1.005704 1.0080011 0.99847597 0.9901927 1.005704 1.0246727 1.0133885 1.0207624 1.0180373 1.0301816 0.65540254 1.030972 0.6623838 0.65972805 0.6682109 0.99131685 1.0188149 1.0176488 0.9931942 0.9924427 1.0053219 0.6604514 1.0083846 0 0.65181684 0.99545324 0.29663607 0.29633912 1.0053219
0.9950763 1.0022715 0.99658537 0.9695119 0.97978103 0.9939465 0.9768326 0.9783054 0.97316337 0.97499573 0.9939465 0.3687576 0.9775687 0.2784427 0.2774287 0.27960324 0.9775687 0.97024083 0.97499573 0.97573 0.97316337 0.98237044 0.37879837 0.9838541 0.65181684 0 0.96406794 0.6439882 0.6444604 0.97941184
0.4720192 0.95866317 0.9497408 0.62465185 0.60512894 0.6184676 0.25307453 0.25181437 0.26451218 0.26479682 0.25630456 0.9958304 0.267792 0.98832285 0.98907024 0.98348296 0.61369276 0.26323268 0.26025566 0.6161901 0.6157354 0.4621396 1.0015109 0.46195444 0.99545324 0.96406794 0 1.0045581 0.9946995 0.614373
1.0266355 0.9790429 0.98832285 1.01146 0.9980974 1.0045581 1.0393208 1.0223241 1.0242808 1.0274222 1.0349361 0.6508636 1.0270288 0.6515784 0.6465887 0.65181684 0.99056727 1.0195932 1.015322 0.9901927 0.99131685 1.0045581 0.66480625 1.0080011 0.29663607 0.6439882 1.0045581 0 0.2473509 1.000751
1.0126165 0.9939465 0.9939465 0.9950763 0.9831119 0.99885464 1.0353336 1.0160967 1.0133885 1.0118452 1.0215429 0.64824826 1.0254573 0.65277135 0.6470625 0.6532491 0.9644296 1.0130024 1.0118452 0.9691478 0.9655158 1.0068517 0.6532491 1.0064689 0.29633912 0.6444604 0.9946995 0.2473509 0 0.9901927
0.6269553 0.9543672 0.9626228 0.27482754 0.23575914 0.2426374 0.61391944 0.62006605 0.6182396 0.61256033 0.62143886 0.99169195 0.62903446 0.9977191 1.002652 0.9969631 0.26266474 0.6112037 0.60872287 0.26195538 0.26266474 0.62189704 1.0064689 0.6198375 1.0053219 0.97941184 0.614373 1.000751 0.9901927 0
