0 0.95472425 0.9939465 0.9493862 1.0133885 1.014548 1.0068517 0.99961257 1.0072346 1.0381224 1.0219333 0.94267863 1.0389212 0.97499573 0.95294064 0.97609735 0.9706055 0.99281836 0.9924427 1.0401208 1.0397208 1.0238891 0.9831119 1.0325551 1.014548 1.0053219 1.0072346 0.9500957 0.9775687 0.9738958
0.95472425 0 1.0130024 0.74893945 1.0505993 1.01146 1.0091523 1.0254573 1.0381224 1.0353336 1.033348 0.8793556 1.0385218 0.36892113 0.3690847 0.7746184 0.76457363 1.0289978 1.0293922 1.0072346 1.0122308 1.000751 0.64280915 1.0045581 0.9860852 1.000751 1.01146 0.7609791 1.0246727 0.44366533
0.9939465 1.0130024 0 0.99131685 0.35178307 0.78110707 0.7763057 0.34462425 0.3477975 0.800626 0.791952 0.9939465 0.79252714 1.0227151 1.014548 1.0157093 1.01069 0.3439912 0.34557483 0.77884376 0.78394586 0.9768326 0.9969631 0.9842255 0.9958304 1.0011308 0.7893693 0.99961257 0.9691478 1.0207624
0.9493862 0.74893945 0.99131685 0 1.0274222 0.99923354 1.0030329 1.002652 1.0041765 1.0409217 1.0337447 0.85270303 1.0313674 0.756853 0.7593259 0.19576387 0.19641328 0.99545324 0.9977191 1.0176488 1.0227151 1.0072346 0.7681854 1.0110749 0.9943229 1.0015109 1.0118452 0.5331779 1.0130024 0.75002605
1.0133885 1.0505993 0.35178307 1.0274222 0 0.7885103 0.79425526 0.19901656 0.20293847 0.80705124 0.7945437 1.0282096 0.7980132 1.0433295 1.0345387 1.0282096 1.0313674 0.15520664 0.15668398 0.8014989 0.8047084 0.97243166 1.0126165 0.97941184 1.0262426 1.0266355 0.800626 1.0219333 0.9669665 1.0405211
1.014548 1.01146 0.78110707 0.99923354 0.7885103 0 0.12224222 0.7791263 0.7896558 0.3119397 0.30891424 1.0149349 0.31072804 1.0068517 0.99281836 1.000751 0.99885464 0.7825251 0.778279 0.27324238 0.27641606 0.9969631 1.0231062 1.0083846 1.0385218 1.0361294 0.6297288 1.0211525 1.001891 1.0293922
1.0068517 1.0091523 0.7763057 1.0030329 0.79425526 0.12224222 0 0.78394586 0.7945437 0.31345698 0.31133363 1.0203725 0.30951837 1.0011308 0.9845971 1.0049399 1.0064689 0.7876524 0.7845149 0.27266678 0.2738184 0.99169195 1.0149349 0.99961257 1.033348 1.0203725 0.62235546 1.0274222 0.99658537 1.0227151
0.99961257 1.0254573 0.34462425 1.002652 0.19901656 0.7791263 0.78394586 0 0.11428086 0.79310274 0.7902292 1.018426 0.7893693 1.01146 1.0022715 0.99658537 1.0030329 0.19200836 0.19330125 0.7956984 0.79714435 0.9673296 0.99885464 0.97609735 1.0099207 1.0083846 0.7896558 0.9939465 0.9608204 1.0168724
1.0072346 1.0381224 0.3477975 1.0041765 0.20293847 0.7896558 0.7945437 0.11428086 0 0.80529344 0.80705124 1.015322 0.806758 1.0180373 1.0180373 1.0080011 1.0157093 0.19407804 0.19576387 0.8055861 0.8073446 0.97243166 1.0049399 0.9775687 1.0199828 1.0083846 0.7867954 1.0103053 0.9565121 1.0282096
1.0381224 1.0353336 0.800626 1.0409217 0.80705124 0.3119397 0.31345698 0.79310274 0.80529344 0 0.111259006 1.0313674 0.1130009 1.0227151 1.0126165 1.0325551 1.0301816 0.79512084 0.7928149 0.31802738 0.3201698 1.0083846 1.0405211 1.0234975 1.0381224 1.0172604 0.6439882 1.0413225 1.01146 1.0317632
1.0219333 1.033348 0.791952 1.0337447 0.7945437 0.30891424 0.31133363 0.7902292 0.80705124 0.111259006 0 1.0099207 0.10824928 1.0160967 1.0080011 1.032159 1.0353336 0.79310274 0.790803 0.31300145 0.31558636 0.9924427 1.0393208 1.0076177 1.030972 1.0199828 0.64280915 1.0361294 1.0133885 1.0433295
0.94267863 0.8793556 0.9939465 0.85270303 1.0282096 1.0149349 1.0203725 1.018426 1.015322 1.0313674 1.0099207 0 1.0227151 0.8790327 0.8719632 0.85645306 0.86274505 1.0126165 1.01146 1.0130024 1.015322 0.98125964 0.87677604 0.9783054 0.9931942 0.9746289 1.0215429 0.8545757 0.97609735 0.86749893
1.0389212 1.0385218 0.79252714 1.0313674 0.7980132 0.31072804 0.30951837 0.7893693 0.806758 0.1130009 0.10824928 1.0227151 0 1.0238891 1.0126165 1.030972 1.0317632 0.7876524 0.7847996 0.31619588 0.3177218 1.0064689 1.0485728 1.0180373 1.0558939 1.0246727 0.6437523 1.0389212 1.0045581 1.0477637
0.97499573 0.36892113 1.0227151 0.756853 1.0433295 1.0068517 1.0011308 1.01146 1.0180373 1.0227151 1.0160967 0.8790327 1.0238891 0 0.1104475 0.7640195 0.75302225 1.0211525 1.0130024 1.0103053 1.0160967 0.99999183 0.63228023 1.0011308 1.0022715 1.01146 1.0011308 0.7511142 1.01146 0.4371889
0.95294064 0.3690847 1.014548 0.7593259 1.0345387 0.99281836 0.9845971 1.0022715 1.0180373 1.0126165 1.0080011 0.8719632 1.0126165 0.1104475 0 0.75960124 0.7483968 1.01146 1.0080011 0.9950763 0.99999183 0.9808897 0.632745 0.9842255 0.98645765 1.0068517 0.9894442 0.7437997 1.002652 0.43504247
0.97609735 0.7746184 1.0157093 0.19576387 1.0282096 1.000751 1.0049399 0.99658537 1.0080011 1.0325551 1.032159 0.85645306 1.030972 0.7640195 0.75960124 0 0.065585874 0.99545324 1.0037951 1.0091523 1.0133885 0.9962078 0.77041674 1.002652 0.9958304 1.0003713 1.0219333 0.5407486 1.0122308 0.7579511
0.9706055 0.76457363 1.01069 0.19641328 1.0313674 0.99885464 1.0064689 1.0030329 1.0157093 1.0301816 1.0353336 0.86274505 1.0317632 0.75302225 0.7483968 0.065585874 0 0.99885464 1.0049399 1.0030329 1.0076177 0.99923354 0.76651627 1.0068517 0.9943229 0.99545324 1.0126165 0.5407486 1.0045581 0.75384146
0.99281836 1.0289978 0.3439912 0.99545324 0.15520664 0.7825251 0.7876524 0.19200836 0.19407804 0.79512084 0.79310274 1.0126165 0.7876524 1.0211525 1.01146 0.99545324 0.99885464 0 0.042057484 0.79656565 0.79917336 0.96479154 0.9962078 0.9687838 1.0149349 1.014548 0.7822413 0.99923354 0.9575869 1.0137748
0.9924427 1.0293922 0.34557483 0.9977191 0.15668398 0.778279 0.7845149 0.19330125 0.19576387 0.7928149 0.790803 1.01146 0.7847996 1.0130024 1.0080011 1.0037951 1.0049399 0.042057484 0 0.79339075 0.7956984 0.9680563 0.99847597 0.97206604 1.0149349 1.015322 0.77940893 1.002652 0.9568702 1.0053219
1.0401208 1.0072346 0.77884376 1.0176488 0.8014989 0.27324238 0.27266678 0.7956984 0.8055861 0.31802738 0.31300145 1.0130024 0.31619588 1.0103053 0.9950763 1.0091523 1.0030329 0.79656565 0.79339075 0 0.033434283 1.0003713 1.0126165 1.015322 1.0449389 1.0349361 0.64233804 1.032159 1.0176488 1.0223241
1.0397208 1.0122308 0.78394586 1.0227151 0.8047084 0.27641606 0.2738184 0.79714435 0.8073446 0.3201698 0.31558636 1.015322 0.3177218 1.0160967 0.99999183 1.0133885 1.0076177 0.79917336 0.7956984 0.033434283 0 1.001891 1.0176488 1.0180373 1.0349361 1.0325551 0.6418672 1.0345387 1.0122308 1.0242808
1.0238891 1.000751 0.9768326 1.0072346 0.97243166 0.9969631 0.99169195 0.9673296 0.97243166 1.0083846 0.9924427 0.98125964 1.0064689 0.99999183 0.9808897 0.9962078 0.99923354 0.96479154 0.9680563 1.0003713 1.001891 0 0.9808897 0.02274132 1.0223241 1.0195932 0.9554389 1.0015109 0.47108158 0.97426224
0.9831119 0.64280915 0.9969631 0.7681854 1.0126165 1.0231062 1.0149349 0.99885464 1.0049399 1.0405211 1.0393208 0.87677604 1.0485728 0.63228023 0.632745 0.77041674 0.76651627 0.9962078 0.99847597 1.0126165 1.0176488 0.9808897 0 0.9842255 0.9775687 1.0030329 1.0126165 0.75493515 1.0076177 0.6371753
1.0325551 1.0045581 0.9842255 1.0110749 0.97941184 1.0083846 0.99961257 0.97609735 0.9775687 1.0234975 1.0076177 0.9783054 1.0180373 1.0011308 0.9842255 1.002652 1.0068517 0.9687838 0.97206604 1.015322 1.0180373 0.02274132 0.9842255 0 1.0258498 1.0207624 0.9604604 1.0053219 0.47559288 0.97499573
1.014548 0.9860852 0.9958304 0.9943229 1.0262426 1.0385218 1.033348 1.0099207 1.0199828 1.0381224 1.030972 0.9931942 1.0558939 1.0022715 0.98645765 0.9958304 0.9943229 1.0149349 1.0149349 1.0449389 1.0349361 1.0223241 0.9775687 1.0258498 0 0.6558819 1.0045581 0.99734104 1.0203725 1.0045581
1.0053219 1.000751 1.0011308 1.0015109 1.0266355 1.0361294 1.0203725 1.0083846 1.0083846 1.0172604 1.0199828 0.9746289 1.0246727 1.01146 1.0068517 1.0003713 0.99545324 1.014548 1.015322 1.0349361 1.0325551 1.0195932 1.0030329 1.0207624 0.6558819 0 1.0385218 1.0080011 1.01146 1.0246727
1.0072346 1.01146 0.7893693 1.0118452 0.800626 0.6297288 0.62235546 0.7896558 0.7867954 0.6439882 0.64280915 1.0215429 0.6437523 1.0011308 0.9894442 1.0219333 1.0126165 0.7822413 0.77940893 0.64233804 0.6418672 0.9554389 1.0126165 0.9604604 1.0045581 1.0385218 0 1.0099207 0.9666036 0.9977191
0.9500957 0.7609791 0.99961257 0.5331779 1.0219333 1.0211525 1.0274222 0.9939465 1.0103053 1.0413225 1.0361294 0.8545757 1.0389212 0.7511142 0.7437997 0.5407486 0.5407486 0.99923354 1.002652 1.032159 1.0345387 1.0015109 0.75493515 1.0053219 0.99734104 1.0080011 1.0099207 0 1.000751 0.7618071
0.9775687 1.0246727 0.9691478 1.0130024 0.9669665 1.001891 0.99658537 0.9608204 0.9565121 1.01146 1.0133885 0.97609735 1.0045581 1.01146 1.002652 1.0122308 1.0045581 0.9575869 0.9568702 1.0176488 1.0122308 0.47108158 1.0076177 0.47559288 1.0203725 1.01146 0.9666036 1.000751 0 1.0080011
0.9738958 0.44366533 1.0207624 0.75002605 1.0405211 1.0293922 1.0227151 1.0168724 1.0282096 1.0317632 1.0433295 0.86749893 1.0477637 0.4371889 0.43504247 0.7579511 0.75384146 1.0137748 1.0053219 1.0223241 1.0242808 0.97426224 0.6371753 0.97499573 1.0045581 1.0246727 0.9977191 0.7618071 1.0080011 0
