0 0.8716434 0.8745262 0.9853408 0.98907024 0.99923354 0.99357027 0.9801504 0.8713238 0.87645423 0.9920673 0.8745262 1.002652 1.0011308 0.982 0.8599071 0.87613255 0.8881276 0.8887815 0.8848668 0.88780093 0.8848668 0.8605368 0.88259256 0.99056727 1.018426 0.8605368 0.9920673 0.8719632 0.9962078
0.8716434 0 0.27800795 1.0180373 0.99847597 1.0157093 0.99658537 0.9924427 0.6677236 0.6616586 1.0003713 0.6580429 1.019204 0.9939465 0.9920673 0.5220636 0.5258845 0.9059856 0.8973342 0.53726065 0.54177755 0.5333815 0.6611755 0.5287124 0.9931942 0.98757625 0.45440188 0.99885464 0.530536 0.9924427
0.8745262 0.27800795 0 1.0030329 0.9924427 1.0083846 0.97941184 0.97316337 0.67432946 0.6745752 0.9939465 0.65253264 0.99545324 0.9943229 0.99961257 0.52367 0.53195745 0.9253087 0.9133848 0.5358292 0.5389 0.5337889 0.67016345 0.5321607 0.99734104 0.9939465 0.46010533 0.99923354 0.5350124 1.0072346
0.9853408 1.0180373 1.0030329 0 0.20886007 0.21363124 0.35402426 0.35578993 1.000751 0.9980974 0.35354343 1.0274222 0.35755974 0.3901521 0.3856234 1.0401208 1.0301816 0.9764649 0.98645765 1.0489776 1.0477637 1.0176488 1.0238891 1.0180373 0.51607 0.53114486 1.019204 0.40253505 1.0242808 0.31589106
0.98907024 0.99847597 0.9924427 0.20886007 0 0.21509518 0.35578993 0.35739866 1.0080011 1.0060863 0.35370368 1.0231062 0.35901088 0.3975913 0.39386246 1.0278157 1.0203725 0.9958304 0.99545324 1.0357314 1.0401208 1.0180373 1.0381224 1.0141612 0.52749914 0.53114486 1.0133885 0.4080283 1.0160967 0.32001656
0.99923354 1.0157093 1.0083846 0.21363124 0.21509518 0 0.3632189 0.36403087 1.0297868 1.0286036 0.3617596 1.0227151 0.36892113 0.4087178 0.40236402 1.0389212 1.0389212 0.98869646 0.9898184 1.057121 1.0579402 1.0278157 1.0461482 1.0254573 0.52931976 0.54673624 1.0270288 0.4180886 1.0219333 0.32833627
0.99357027 0.99658537 0.97941184 0.35402426 0.35578993 0.3632189 0 0.17996301 1.0060863 1.0034139 0.18148997 1.0223241 0.18161736 0.39589408 0.39048862 1.0160967 1.0060863 0.98869646 0.9924427 1.0095364 1.0199828 1.0015109 1.0160967 0.9943229 0.531551 0.5307389 0.99658537 0.41148216 1.0049399 0.35755974
0.9801504 0.9924427 0.97316337 0.35578993 0.35739866 0.36403087 0.17996301 0 1.0122308 1.0034139 0.17375991 1.0149349 0.17818545 0.4008266 0.39606363 1.0076177 1.0103053 0.97316337 0.9860852 1.0133885 1.0286036 0.99885464 1.0270288 0.99357027 0.5246758 0.5307389 0.99885464 0.41582194 1.0072346 0.35868815
0.8713238 0.6677236 0.67432946 1.000751 1.0080011 1.0297868 1.0060863 1.0122308 0 0.1633683 1.0122308 0.6297288 1.01146 1.0118452 1.0030329 0.66093403 0.6684547 0.90766084 0.90565103 0.68571955 0.68571955 0.6578025 0.5573836 0.65876466 0.98869646 1.0203725 0.67016345 1.0083846 0.68000287 1.0164845
0.87645423 0.6616586 0.6745752 0.9980974 1.0060863 1.0286036 1.0034139 1.0034139 0.1633683 0 1.0049399 0.6364741 1.0083846 1.0060863 0.99847597 0.65852404 0.67065233 0.9053166 0.9043141 0.6894714 0.6877182 0.662142 0.5578042 0.661417 0.9962078 1.0110749 0.6733471 1.0083846 0.6760516 1.0172604
0.9920673 1.0003713 0.9939465 0.35354343 0.35370368 0.3617596 0.18148997 0.17375991 1.0122308 1.0049399 0 1.0246727 0.14920415 0.39997387 0.39335543 1.0195932 1.019204 0.97867405 0.9857129 1.0262426 1.0429276 1.001891 1.0282096 0.9950763 0.5317542 0.5346044 0.9943229 0.41878742 1.0099207 0.3632189
0.8745262 0.6580429 0.65253264 1.0274222 1.0231062 1.0227151 1.0223241 1.0149349 0.6297288 0.6364741 1.0246727 0 1.0282096 1.018426 1.019204 0.6672366 0.66650665 0.91473794 0.91169673 0.6740837 0.6713863 0.6590054 0.627186 0.65492344 1.0015109 1.01069 0.65660155 1.0246727 0.65972805 1.0278157
1.002652 1.019204 0.99545324 0.35755974 0.35901088 0.36892113 0.18161736 0.17818545 1.01146 1.0083846 0.14920415 1.0282096 0 0.40579182 0.39997387 1.0293922 1.0329514 0.9845971 0.98683035 1.042526 1.0518178 1.0157093 1.0409217 1.0076177 0.532364 0.5413658 1.002652 0.41826323 1.018426 0.3690847
1.0011308 0.9939465 0.9943229 0.3901521 0.3975913 0.4087178 0.39589408 0.4008266 1.0118452 1.0060863 0.39997387 1.018426 0.40579182 0 0.10525158 1.0401208 1.0274222 1.0015109 1.001891 1.0337447 1.0409217 1.0203725 1.0022715 1.015322 0.5327709 0.5339927 1.0080011 0.41321507 1.0118452 0.40699527
0.982 0.9920673 0.99961257 0.3856234 0.39386246 0.40236402 0.39048862 0.39606363 1.0030329 0.99847597 0.39335543 1.019204 0.39997387 0.10525158 0 1.0313674 1.0262426 0.9898184 0.99658537 1.0246727 1.0313674 1.018426 1.0091523 1.018426 0.52608615 0.52527994 1.01069 0.4106172 1.0087683 0.3965725
0.8599071 0.5220636 0.52367 1.0401208 1.0278157 1.0389212 1.0160967 1.0076177 0.66093403 0.65852404 1.0195932 0.6672366 1.0293922 1.0401208 1.0313674 0 0.10066301 0.903313 0.90565103 0.34193748 0.34589195 0.2504167 0.6731017 0.24888222 0.99885464 1.0103053 0.51886106 1.0126165 0.3339345 1.0266355
0.87613255 0.5258845 0.53195745 1.0301816 1.0203725 1.0389212 1.0060863 1.0103053 0.6684547 0.67065233 1.019204 0.66650665 1.0329514 1.0274222 1.0262426 0.10066301 0 0.9043141 0.9069903 0.34446594 0.3465266 0.25335485 0.67383814 0.2515346 1.0015109 1.0133885 0.51886106 1.0034139 0.33362237 1.0345387
0.8881276 0.9059856 0.9253087 0.9764649 0.9958304 0.98869646 0.98869646 0.97316337 0.90766084 0.9053166 0.97867405 0.91473794 0.9845971 1.0015109 0.9898184 0.903313 0.9043141 0 0.10283908 0.91406107 0.9133848 0.90766084 0.92771643 0.90799636 0.9775687 0.99734104 0.9110226 0.98348296 0.92462224 1.0034139
0.8887815 0.8973342 0.9133848 0.98645765 0.99545324 0.9898184 0.9924427 0.9860852 0.90565103 0.9043141 0.9857129 0.91169673 0.98683035 1.001891 0.99658537 0.90565103 0.9069903 0.10283908 0 0.9043141 0.9043141 0.89766514 0.91915274 0.9006499 0.9827411 1.0068517 0.9036466 0.99281836 0.91406107 1.0149349
0.8848668 0.53726065 0.5358292 1.0489776 1.0357314 1.057121 1.0095364 1.0133885 0.68571955 0.6894714 1.0262426 0.6740837 1.042526 1.0337447 1.0246727 0.34193748 0.34446594 0.91406107 0.9043141 0 0.040578194 0.3433587 0.6812419 0.3411491 1.0215429 1.0254573 0.5354207 1.0011308 0.34004673 1.032159
0.88780093 0.54177755 0.5389 1.0477637 1.0401208 1.0579402 1.0199828 1.0286036 0.68571955 0.6877182 1.0429276 0.6713863 1.0518178 1.0409217 1.0313674 0.34589195 0.3465266 0.9133848 0.9043141 0.040578194 0 0.3450994 0.6785187 0.34367487 1.0289978 1.0345387 0.53726065 1.0188149 0.33910313 1.0441338
0.8848668 0.5333815 0.5337889 1.0176488 1.0180373 1.0278157 1.0015109 0.99885464 0.6578025 0.662142 1.001891 0.6590054 1.0157093 1.0203725 1.018426 0.2504167 0.25335485 0.90766084 0.89766514 0.3433587 0.3450994 0 0.67212105 0.025219295 0.9924427 1.0045581 0.5277012 1.0049399 0.33988938 1.0231062
0.8605368 0.6611755 0.67016345 1.0238891 1.0381224 1.0461482 1.0160967 1.0270288 0.5573836 0.5578042 1.0282096 0.627186 1.0409217 1.0022715 1.0091523 0.6731017 0.67383814 0.92771643 0.91915274 0.6812419 0.6785187 0.67212105 0 0.67114156 1.0133885 1.0361294 0.65181684 1.0421246 0.6731017 1.0357314
0.88259256 0.5287124 0.5321607 1.0180373 1.0141612 1.0254573 0.9943229 0.99357027 0.65876466 0.661417 0.9950763 0.65492344 1.0076177 1.015322 1.018426 0.24888222 0.2515346 0.90799636 0.9006499 0.3411491 0.34367487 0.025219295 0.67114156 0 0.98907024 1.0037951 0.52628785 0.9962078 0.33596638 1.019204
0.99056727 0.9931942 0.99734104 0.51607 0.52749914 0.52931976 0.531551 0.5246758 0.98869646 0.9962078 0.5317542 1.0015109 0.532364 0.5327709 0.52608615 0.99885464 1.0015109 0.9775687 0.9827411 1.0215429 1.0289978 0.9924427 1.0133885 0.98907024 0 0.4881407 1.019204 0.51926064 1.014548 0.54632175
1.018426 0.98757625 0.9939465 0.53114486 0.53114486 0.54673624 0.5307389 0.5307389 1.0203725 1.0110749 0.5346044 1.01069 0.5413658 0.5339927 0.52527994 1.0103053 1.0133885 0.99734104 1.0068517 1.0254573 1.0345387 1.0045581 1.0361294 1.0037951 0.4881407 0 1.0246727 0.53480834 1.0149349 0.5415716
0.8605368 0.45440188 0.46010533 1.019204 1.0133885 1.0270288 0.99658537 0.99885464 0.67016345 0.6733471 0.9943229 0.65660155 1.002652 1.0080011 1.01069 0.51886106 0.51886106 0.9110226 0.9036466 0.5354207 0.53726065 0.5277012 0.65181684 0.52628785 1.019204 1.0246727 0 0.99923354 0.5279034 1.0301816
0.9920673 0.99885464 0.99923354 0.40253505 0.4080283 0.4180886 0.41148216 0.41582194 1.0083846 1.0083846 0.41878742 1.0246727 0.41826323 0.41321507 0.4106172 1.0126165 1.0034139 0.98348296 0.99281836 1.0011308 1.0188149 1.0049399 1.0421246 0.9962078 0.51926064 0.53480834 0.99923354 0 1.0149349 0.41983685
0.8719632 0.530536 0.5350124 1.0242808 1.0160967 1.0219333 1.0049399 1.0072346 0.68000287 0.6760516 1.0099207 0.65972805 1.018426 1.0118452 1.0087683 0.3339345 0.33362237 0.92462224 0.91406107 0.34004673 0.33910313 0.33988938 0.6731017 0.33596638 1.014548 1.0149349 0.5279034 1.0149349 0 1.0203725
0.9962078 0.9924427 1.0072346 0.31589106 0.32001656 0.32833627 0.35755974 0.35868815 1.0164845 1.0172604 0.3632189 1.0278157 0.3690847 0.40699527 0.3965725 1.0266355 1.0345387 1.0034139 1.0149349 1.032159 1.0441338 1.0231062 1.0357314 1.019204 0.54632175 0.5415716 1.0301816 0.41983685 1.0203725 0
