0 0.97573 0.9816297 0.9808897 0.98794943 0.8278694 0.8251602 0.94373375 0.9493862 0.6506254 0.6501494 0.81977093 0.83788776 0.84279376 0.8269652 0.83301365 0.9924427 0.9898184 0.9872032 0.9709704 0.9472615 0.9554389 0.84095025 0.9536536 0.95508146 0.944438 0.9860852 0.990942 0.83911127 0.9402225
0.97573 0 0.14458202 0.13914502 0.7763057 1.0015109 1.000751 0.9931942 0.98832285 1.0037951 1.0160967 0.9860852 0.99847597 1.0103053 1.0080011 1.0060863 0.76512814 0.76707226 0.6686986 0.6672366 0.31756908 0.3189448 0.9898184 0.31756908 1.0176488 1.0053219 0.6520554 0.6590054 1.0188149 0.98794943
0.9816297 0.14458202 0 0.13902465 0.77489936 1.0164845 1.0091523 1.0091523 1.0049399 0.99999183 1.0034139 0.9977191 1.0126165 1.019204 1.01146 1.0157093 0.76707226 0.77181464 0.6672366 0.6669932 0.3181802 0.32001656 0.99961257 0.31756908 1.0274222 1.0215429 0.66335183 0.65972805 1.033348 0.99961257
0.9808897 0.13914502 0.13902465 0 0.76540554 0.9980974 0.99847597 0.9924427 0.990942 0.9872032 0.99999183 0.9920673 1.0011308 1.0149349 1.001891 1.0118452 0.7598766 0.761531 0.6542054 0.6508636 0.30966946 0.3116366 0.9946995 0.31087938 1.0087683 1.0164845 0.6501494 0.6508636 1.0118452 0.9901927
0.98794943 0.7763057 0.77489936 0.76540554 0 0.9946995 0.9894442 0.98645765 0.97609735 0.99658537 0.99923354 0.9939465 0.9920673 0.9969631 0.98683035 0.99281836 0.12850654 0.12815055 0.756853 0.7535683 0.7590508 0.756853 0.9898184 0.7557565 0.98757625 0.9644296 0.7585007 0.7502979 1.0068517 0.9764649
0.8278694 1.0015109 1.0164845 0.9980974 0.9946995 0 0.13303037 0.927372 0.92771643 0.84125715 0.85520095 0.6297288 0.2223235 0.22474852 0.1818722 0.18327539 1.0160967 0.99885464 1.002652 1.0034139 0.98496884 0.98645765 0.63857985 0.98496884 0.94373375 0.94479036 0.9969631 1.0064689 0.20189062 0.93255514
0.8251602 1.000751 1.0091523 0.99847597 0.9894442 0.13303037 0 0.929441 0.92359364 0.8437172 0.85833514 0.62810963 0.22515345 0.2279941 0.18570527 0.18340309 0.99847597 0.990942 0.99169195 0.98757625 0.9713354 0.97243166 0.6369415 0.97170067 0.94867724 0.94620144 0.9901927 0.9901927 0.20780392 0.93082345
0.94373375 0.9931942 1.0091523 0.9924427 0.98645765 0.927372 0.929441 0 0.11207139 0.93151563 0.928061 0.95294064 0.9256522 0.9167723 0.9335961 0.927372 0.9980974 0.99658537 0.98125964 0.97573 0.98645765 0.9860852 0.953297 0.98237044 0.38696238 0.38813597 1.001891 0.99056727 0.9465546 0.1577939
0.9493862 0.98832285 1.0049399 0.990942 0.97609735 0.92771643 0.92359364 0.11207139 0 0.91949344 0.9086678 0.9497408 0.9222244 0.9130469 0.9335961 0.9218825 0.9845971 0.98757625 0.97426224 0.9658782 0.9860852 0.98794943 0.94127417 0.98683035 0.3781358 0.3814544 0.9831119 0.9790429 0.94127417 0.1465247
0.6506254 1.0037951 0.99999183 0.9872032 0.99658537 0.84125715 0.8437172 0.93151563 0.91949344 0 0.107325636 0.828171 0.8366663 0.8446418 0.83972377 0.8437172 1.0045581 1.0130024 0.98757625 0.97867405 0.98496884 0.98496884 0.84525883 0.9845971 0.9483231 0.9297863 0.99961257 0.99734104 0.85114604 0.9301319
0.6501494 1.0160967 1.0034139 0.99999183 0.99923354 0.85520095 0.85833514 0.928061 0.9086678 0.107325636 0 0.83210325 0.847732 0.84928197 0.85207987 0.8573935 1.0068517 1.0099207 0.9775687 0.9673296 0.9931942 0.9931942 0.8505242 0.9920673 0.9346385 0.9256522 0.9931942 1.001891 0.8611671 0.91983426
0.81977093 0.9860852 0.9977191 0.9920673 0.9939465 0.6297288 0.62810963 0.95294064 0.9497408 0.828171 0.83210325 0 0.6193806 0.62304366 0.620981 0.6283408 1.0168724 1.0068517 0.97316337 0.9713354 0.982 0.98496884 0.5001224 0.98051995 0.95508146 0.9493862 0.9943229 0.98348296 0.6315835 0.95258445
0.83788776 0.99847597 1.0126165 1.0011308 0.9920673 0.2223235 0.22515345 0.9256522 0.9222244 0.8366663 0.847732 0.6193806 0 0.113582425 0.22407411 0.22501844 1.0060863 0.9857129 0.9924427 0.9924427 0.97426224 0.97720057 0.62903446 0.97573 0.9522284 0.936379 1.0011308 0.99169195 0.23016566 0.9301319
0.84279376 1.0103053 1.019204 1.0149349 0.9969631 0.22474852 0.2279941 0.9167723 0.9130469 0.8446418 0.84928197 0.62304366 0.113582425 0 0.2255586 0.22867204 1.01069 0.9977191 1.0080011 1.0080011 0.9894442 0.99169195 0.6267246 0.9901927 0.9479691 0.92393637 1.005704 0.99847597 0.23220722 0.91779155
0.8269652 1.0080011 1.01146 1.001891 0.98683035 0.1818722 0.18570527 0.9335961 0.9335961 0.83972377 0.85207987 0.620981 0.22407411 0.2255586 0 0.09974865 1.0030329 0.9838541 0.9842255 0.9845971 0.98832285 0.9920673 0.63857985 0.98907024 0.95080596 0.94903165 0.99658537 0.98496884 0.20019098 0.928061
0.83301365 1.0060863 1.0157093 1.0118452 0.99281836 0.18327539 0.18340309 0.927372 0.9218825 0.8437172 0.8573935 0.6283408 0.22501844 0.22867204 0.09974865 0 1.0083846 0.99131685 0.99131685 0.9901927 0.99056727 0.9943229 0.6374092 0.9924427 0.944438 0.93987226 1.0045581 0.9920673 0.20215245 0.9225665
0.9924427 0.76512814 0.76707226 0.7598766 0.12850654 1.0160967 0.99847597 0.9980974 0.9845971 1.0045581 1.0068517 1.0168724 1.0060863 1.01069 1.0030329 1.0083846 0 0.098037235 0.75822586 0.75302225 0.75712734 0.7593259 1.0087683 0.7579511 1.0022715 0.9698763 0.761255 0.7483968 1.0215429 0.9894442
0.9898184 0.76707226 0.77181464 0.761531 0.12815055 0.99885464 0.990942 0.99658537 0.98757625 1.0130024 1.0099207 1.0068517 0.9857129 0.9977191 0.9838541 0.99131685 0.098037235 0 0.75165886 0.74622995 0.7609791 0.7593259 1.0068517 0.7585007 0.99545324 0.9666036 0.7587757 0.75002605 1.0003713 0.9853408
0.9872032 0.6686986 0.6672366 0.6542054 0.756853 1.002652 0.99169195 0.98125964 0.97426224 0.98757625 0.9775687 0.97316337 0.9924427 1.0080011 0.9842255 0.99131685 0.75822586 0.75165886 0 0.062318847 0.6461152 0.6461152 0.9808897 0.64469653 0.99885464 0.9857129 0.40562007 0.4100987 1.0099207 0.98125964
0.9709704 0.6672366 0.6669932 0.6508636 0.7535683 1.0034139 0.98757625 0.97573 0.9658782 0.97867405 0.9673296 0.9713354 0.9924427 1.0080011 0.9845971 0.9901927 0.75302225 0.74622995 0.062318847 0 0.64280915 0.6449328 0.97170067 0.6437523 0.99131685 0.9816297 0.40356198 0.40733945 1.0126165 0.9706055
0.9472615 0.31756908 0.3181802 0.30966946 0.7590508 0.98496884 0.9713354 0.98645765 0.9860852 0.98496884 0.9931942 0.982 0.97426224 0.9894442 0.98832285 0.99056727 0.75712734 0.7609791 0.6461152 0.64280915 0 0.037838656 0.982 0.0375232 1.0157093 0.9962078 0.64351636 0.6449328 0.9962078 0.9790429
0.9554389 0.3189448 0.32001656 0.3116366 0.756853 0.98645765 0.97243166 0.9860852 0.98794943 0.98496884 0.9931942 0.98496884 0.97720057 0.99169195 0.9920673 0.9943229 0.7593259 0.7593259 0.6461152 0.6449328 0.037838656 0 0.97941184 0.013928539 1.0122308 0.99281836 0.6477737 0.64967364 0.99847597 0.9838541
0.84095025 0.9898184 0.99961257 0.9946995 0.9898184 0.63857985 0.6369415 0.953297 0.94127417 0.84525883 0.8505242 0.5001224 0.62903446 0.6267246 0.63857985 0.6374092 1.0087683 1.0068517 0.9808897 0.97170067 0.982 0.97941184 0 0.9790429 0.96226203 0.9593815 0.9901927 0.9943229 0.6430448 0.944438
0.9536536 0.31756908 0.31756908 0.31087938 0.7557565 0.98496884 0.97170067 0.98237044 0.98683035 0.9845971 0.9920673 0.98051995 0.97573 0.9901927 0.98907024 0.9924427 0.7579511 0.7585007 0.64469653 0.6437523 0.0375232 0.013928539 0.9790429 0 1.0087683 0.99169195 0.6475366 0.6484856 0.9962078 0.9842255
0.95508146 1.0176488 1.0274222 1.0087683 0.98757625 0.94373375 0.94867724 0.38696238 0.3781358 0.9483231 0.9346385 0.95508146 0.9522284 0.9479691 0.95080596 0.944438 1.0022715 0.99545324 0.99885464 0.99131685 1.0157093 1.0122308 0.96226203 1.0087683 0 0.31604344 1.0045581 0.99056727 0.9680563 0.37879837
0.944438 1.0053219 1.0215429 1.0164845 0.9644296 0.94479036 0.94620144 0.38813597 0.3814544 0.9297863 0.9256522 0.9493862 0.936379 0.92393637 0.94903165 0.93987226 0.9698763 0.9666036 0.9857129 0.9816297 0.9962078 0.99281836 0.9593815 0.99169195 0.31604344 0 1.014548 1.0003713 0.96226203 0.3789641
0.9860852 0.6520554 0.66335183 0.6501494 0.7585007 0.9969631 0.9901927 1.001891 0.9831119 0.99961257 0.9931942 0.9943229 1.0011308 1.005704 0.99658537 1.0045581 0.761255 0.7587757 0.40562007 0.40356198 0.64351636 0.6477737 0.9901927 0.6475366 1.0045581 1.014548 0 0.23084556 1.0095364 0.99847597
0.990942 0.6590054 0.65972805 0.6508636 0.7502979 1.0064689 0.9901927 0.99056727 0.9790429 0.99734104 1.001891 0.98348296 0.99169195 0.99847597 0.98496884 0.9920673 0.7483968 0.75002605 0.4100987 0.40733945 0.6449328 0.64967364 0.9943229 0.6484856 0.99056727 1.0003713 0.23084556 0 1.0003713 0.9943229
0.83911127 1.0188149 1.033348 1.0118452 1.0068517 0.20189062 0.20780392 0.9465546 0.94127417 0.85114604 0.8611671 0.6315835 0.23016566 0.23220722 0.20019098 0.20215245 1.0215429 1.0003713 1.0099207 1.0126165 0.9962078 0.99847597 0.6430448 0.9962078 0.9680563 0.96226203 1.0095364 1.0003713 0 0.94620144
0.9402225 0.98794943 0.99961257 0.9901927 0.9764649 0.93255514 0.93082345 0.1577939 0.1465247 0.9301319 0.91983426 0.95258445 0.9301319 0.91779155 0.928061 0.9225665 0.9894442 0.9853408 0.98125964 0.9706055 0.9790429 0.9838541 0.944438 0.9842255 0.37879837 0.3789641 0.99847597 0.9943229 0.94620144 0
