0 1.0275158425 1.0065625425 1.0220269425 1.0077113425 1.0192976425 1.0196868425 1.0130960425 1.0111685425 1.0142548425 1.0189085425 1.0092459425 1.0103989425 1.0165781425 1.0196868425 1.0204661425 0.9959240425 1.0077113425 1.0189085425 1.0084782425 1.0088619425 1.0267291425 1.0310656425 1.0271224425 1.0031265425 1.0442274425 1.0212461425 1.0092459425 1.0181309425 1.0208560425
1.0275158425 0 0.8103782425 0.8136256925 0.3562050225 0.3620152425 0.3579756025 0.3574923025 0.2783913925 0.2744885425 1.0012244425 0.9354278425 0.3605584825 0.3570093225 1.0080947425 1.0077113425 0.8010104925 0.8039253425 0.2767988825 0.8071448825 0.8030496825 0.2778119225 0.8112625425 0.2770882025 1.0012244425 0.8103782425 0.7926207825 0.7851780125 0.2065794625 0.1756206325
1.0065625425 0.8103782425 0 0.1256388025 0.8010104925 0.8062654725 0.8036333925 0.7969485425 0.7983967125 0.7963700925 0.9573220425 0.9491252925 0.7998476425 0.7940606425 0.9598346425 0.9573220425 0.4907308225 0.4899618025 0.8086128825 0.4387169225 0.4381787225 0.8148100425 0.7101560825 0.8145138025 0.9940401425 0.5215557425 0.4173096425 0.4807943725 0.8077317425 0.8027580425
1.0220269425 0.8136256925 0.1256388025 0 0.8074382425 0.8103782425 0.8124432025 0.8004288425 0.7966592925 0.7949258125 0.9641615825 0.9427722725 0.8074382425 0.8007196425 0.9681499425 0.9674232425 0.4903461925 0.4888097125 0.8089068425 0.4376408825 0.4371034225 0.8127386425 0.7042515925 0.8127386425 1.0008446425 0.5139778925 0.4134822225 0.4754979925 0.8121478425 0.8027580425
1.0077113425 0.3562050225 0.8010104925 0.8074382425 0 0.1129782925 0.1108888275 0.1091520425 0.3573312825 0.3549199725 0.9865512925 0.9406665425 0.1112366625 0.1084584525 0.9891638825 0.9921609425 0.7955032025 0.8004288425 0.3525163425 0.8004288425 0.7992670025 0.3526763625 0.8228538025 0.3531565725 0.9929120025 0.8112625425 0.7795025725 0.7874602125 0.3545990425 0.3579756025
1.0192976425 0.3620152425 0.8062654725 0.8103782425 0.1129782925 0 0.1085740065 0.1069578825 0.3582979725 0.3562050225 0.9970567425 0.9498344425 0.1081119025 0.1056904975 1.0035075425 1.0057976425 0.8007196425 0.8071448825 0.3525163425 0.8050944825 0.8036333925 0.3526763625 0.8234530725 0.3531565725 0.9963014425 0.8210588425 0.7857478925 0.7903228425 0.3545990425 0.3560442625
1.0196868425 0.3579756025 0.8036333925 0.8124432025 0.1108888275 0.1085740065 0 0.1006422975 0.3539575925 0.3526763625 0.9906609125 0.9420697425 0.1054602975 0.1035064225 0.9929120025 0.9978127425 0.7969485425 0.8053870825 0.3477321625 0.7998476425 0.7972379925 0.3477321625 0.8148100425 0.3480501825 1.0069453425 0.8062654725 0.7800682425 0.7897494425 0.3517168825 0.3518767125
1.0130960425 0.3574923025 0.7969485425 0.8004288425 0.1091520425 0.1069578825 0.1006422975 0 0.3578144625 0.3547594925 0.9936639125 0.9452365125 0.1066120125 0.1035064225 0.9910356425 0.9963014425 0.7908966425 0.7969485425 0.3512376025 0.7940606425 0.7920456425 0.3498015725 0.8097893425 0.3509182425 0.9985696125 0.8121478425 0.7713488425 0.7826187425 0.3525163425 0.3544386425
1.0111685425 0.2783913925 0.7983967125 0.7966592925 0.3573312825 0.3582979725 0.3539575925 0.3578144625 0 0.0949466425 1.0115536425 0.9494798425 0.3582979725 0.3568483925 1.0115536425 1.0127101425 0.7963700925 0.7983967125 0.1612272025 0.7946373425 0.7937724425 0.1623437425 0.8355403425 0.1619713825 1.0119388425 0.7978171425 0.7786549925 0.7883178425 0.2720415625 0.2708927725
1.0142548425 0.2744885425 0.7963700925 0.7949258125 0.3549199725 0.3562050225 0.3526763625 0.3547594925 0.0949466425 0 0.9997062125 0.9399659025 0.3560442625 0.3534768825 1.0012244425 0.9993271825 0.7940606425 0.7960810125 0.1599885525 0.7957920425 0.7937724425 0.1609793025 0.8291702925 0.1606076225 0.9978127425 0.7960810125 0.7823349425 0.7812007125 0.2706058625 0.2696025125
1.0189085425 1.0012244425 0.9573220425 0.9641615825 0.9865512925 0.9970567425 0.9906609125 0.9936639125 1.0115536425 0.9997062125 0 0.9656094425 0.9832055425 0.9783990425 0.0930199285 0.0952871625 0.9936639125 0.9978127425 0.9989482825 0.9880430725 0.9872968425 1.0100143425 0.9887901025 1.0111685425 0.5379686425 0.9850624825 0.9776623425 0.9714290425 1.0065625425 0.9989482825
1.0092459425 0.9354278425 0.9491252925 0.9427722725 0.9406665425 0.9498344425 0.9420697425 0.9452365125 0.9494798425 0.9399659025 0.9656094425 0 0.9417187025 0.9375189425 0.9685136125 0.9666972425 0.9243728425 0.9298799425 0.9291893925 0.9477088425 0.9445316425 0.9302255425 0.9445316425 0.9347321425 0.9880430725 0.9648851825 0.9354278425 0.9378680025 0.9223180425 0.9431238425
1.0103989425 0.3605584825 0.7998476425 0.8074382425 0.1112366625 0.1081119025 0.1054602975 0.1066120125 0.3582979725 0.3560442625 0.9832055425 0.9417187025 0 0.0339462755 0.9850624825 0.9899120425 0.7978171425 0.8027580425 0.3525163425 0.7995572425 0.7981068425 0.3526763625 0.8219558025 0.3531565725 0.9929120025 0.8121478425 0.7817676125 0.7880318825 0.3549199725 0.3566874925
1.0165781425 0.3570093225 0.7940606425 0.8007196425 0.1084584525 0.1056904975 0.1035064225 0.1035064225 0.3568483925 0.3534768825 0.9783990425 0.9375189425 0.0339462755 0 0.9787676925 0.9820936425 0.7943489025 0.7978171425 0.3505990225 0.7978171425 0.7960810125 0.3512376025 0.8139215725 0.3515570825 0.9955468825 0.8030496825 0.7780904425 0.7857478925 0.3512376025 0.3521964625
1.0196868425 1.0080947425 0.9598346425 0.9681499425 0.9891638825 1.0035075425 0.9929120025 0.9910356425 1.0115536425 1.0012244425 0.0930199285 0.9685136125 0.9850624825 0.9787676925 0 0.0349931795 0.9891638825 0.9925363425 0.9951699425 1.0027456425 1.0004649425 1.0065625425 0.9966790125 1.0080947425 0.5404310425 0.9846907425 0.9780305425 0.9754564425 1.0016045425 0.9993271825
1.0204661425 1.0077113425 0.9573220425 0.9674232425 0.9921609425 1.0057976425 0.9978127425 0.9963014425 1.0127101425 0.9993271825 0.0952871625 0.9666972425 0.9899120425 0.9820936425 0.0349931795 0 0.9902863425 0.9963014425 0.9993271825 1.0031265425 1.0019846425 1.0103989425 0.9947931425 1.0119388425 0.5408422425 0.9824640825 0.9743558825 0.9747225425 1.0061799425 1.0023651425
0.9959240425 0.8010104925 0.4907308225 0.4903461925 0.7955032025 0.8007196425 0.7969485425 0.7908966425 0.7963700925 0.7940606425 0.9936639125 0.9243728425 0.7978171425 0.7943489025 0.9891638825 0.9902863425 0 0.0280066835 0.8130341825 0.4842190425 0.4847913425 0.8154029425 0.7096408025 0.8174817025 1.0046517425 0.5114029425 0.4694904725 0.2217449325 0.8136256925 0.8050944825
1.0077113425 0.8039253425 0.4899618025 0.4888097125 0.8004288425 0.8071448825 0.8053870825 0.7969485425 0.7983967125 0.7960810125 0.9978127425 0.9298799425 0.8027580425 0.7978171425 0.9925363425 0.9963014425 0.0280066835 0 0.8154029425 0.4834566425 0.4836471725 0.8186721825 0.7153285425 0.8204614425 1.0111685425 0.5121942825 0.4689297125 0.2210733025 0.8186721825 0.8062654725
1.0189085425 0.2767988825 0.8086128825 0.8089068425 0.3525163425 0.3525163425 0.3477321625 0.3512376025 0.1612272025 0.1599885525 0.9989482825 0.9291893925 0.3525163425 0.3505990225 0.9951699425 0.9993271825 0.8130341825 0.8154029425 0 0.8050944825 0.8018837425 0.0259337145 0.8337148425 0.0259337145 1.0004649425 0.8033415125 0.7877460425 0.7957920425 0.2743443625 0.2714669425
1.0084782425 0.8071448825 0.4387169225 0.4376408825 0.8004288425 0.8050944825 0.7998476425 0.7940606425 0.7946373425 0.7957920425 0.9880430725 0.9477088425 0.7995572425 0.7978171425 1.0027456425 1.0031265425 0.4842190425 0.4834566425 0.8050944825 0 0.00712651369999999 0.8065584925 0.7080970425 0.8068516425 1.0138684425 0.5175578425 0.3711438225 0.4717376425 0.8013014825 0.7955032025
1.0088619425 0.8030496825 0.4381787225 0.4371034225 0.7992670025 0.8036333925 0.7972379925 0.7920456425 0.7937724425 0.7937724425 0.9872968425 0.9445316425 0.7981068425 0.7960810125 1.0004649425 1.0019846425 0.4847913425 0.4836471725 0.8018837425 0.00712651369999999 0 0.8030496825 0.7068130425 0.8033415125 1.0130960425 0.5175578425 0.3683608825 0.4724882425 0.7986866825 0.7917582425
1.0267291425 0.2778119225 0.8148100425 0.8127386425 0.3526763625 0.3526763625 0.3477321625 0.3498015725 0.1623437425 0.1609793025 1.0100143425 0.9302255425 0.3526763625 0.3512376025 1.0065625425 1.0103989425 0.8154029425 0.8186721825 0.0259337145 0.8065584925 0.8030496825 0 0.8370651025 0.00450659999999999 1.0103989425 0.8086128825 0.7929085425 0.7946373425 0.2756428125 0.2713233425
1.0310656425 0.8112625425 0.7101560825 0.7042515925 0.8228538025 0.8234530725 0.8148100425 0.8097893425 0.8355403425 0.8291702925 0.9887901025 0.9445316425 0.8219558025 0.8139215725 0.9966790125 0.9947931425 0.7096408025 0.7153285425 0.8337148425 0.7080970425 0.7068130425 0.8370651025 0 0.8376758425 1.0275158425 0.7406652025 0.7039958825 0.7078400925 0.8156995425 0.8171843925
1.0271224425 0.2770882025 0.8145138025 0.8127386425 0.3531565725 0.3531565725 0.3480501825 0.3509182425 0.1619713825 0.1606076225 1.0111685425 0.9347321425 0.3531565725 0.3515570825 1.0080947425 1.0119388425 0.8174817025 0.8204614425 0.0259337145 0.8068516425 0.8033415125 0.00450659999999999 0.8376758425 0 1.0119388425 0.8086128825 0.7931963825 0.7957920425 0.2747769425 0.2706058625
1.0031265425 1.0012244425 0.9940401425 1.0008446425 0.9929120025 0.9963014425 1.0069453425 0.9985696125 1.0119388425 0.9978127425 0.5379686425 0.9880430725 0.9929120025 0.9955468825 0.5404310425 0.5408422425 1.0046517425 1.0111685425 1.0004649425 1.0138684425 1.0130960425 1.0103989425 1.0275158425 1.0119388425 0 0.9910356425 0.9993271825 0.9997062125 1.0061799425 1.0100143425
1.0442274425 0.8103782425 0.5215557425 0.5139778925 0.8112625425 0.8210588425 0.8062654725 0.8121478425 0.7978171425 0.7960810125 0.9850624825 0.9648851825 0.8121478425 0.8030496825 0.9846907425 0.9824640825 0.5114029425 0.5121942825 0.8033415125 0.5175578425 0.5175578425 0.8086128825 0.7406652025 0.8086128825 0.9910356425 0 0.5161636425 0.5098227925 0.8142176425 0.8036333925
1.0212461425 0.7926207825 0.4173096425 0.4134822225 0.7795025725 0.7857478925 0.7800682425 0.7713488425 0.7786549925 0.7823349425 0.9776623425 0.9354278425 0.7817676125 0.7780904425 0.9780305425 0.9743558825 0.4694904725 0.4689297125 0.7877460425 0.3711438225 0.3683608825 0.7929085425 0.7039958825 0.7931963825 0.9993271825 0.5161636425 0 0.4497452125 0.7797853425 0.7848932425
1.0092459425 0.7851780125 0.4807943725 0.4754979925 0.7874602125 0.7903228425 0.7897494425 0.7826187425 0.7883178425 0.7812007125 0.9714290425 0.9378680025 0.7880318825 0.7857478925 0.9754564425 0.9747225425 0.2217449325 0.2210733025 0.7957920425 0.4717376425 0.4724882425 0.7946373425 0.7078400925 0.7957920425 0.9997062125 0.5098227925 0.4497452125 0 0.7995572425 0.7926207825
1.0181309425 0.2065794625 0.8077317425 0.8121478425 0.3545990425 0.3545990425 0.3517168825 0.3525163425 0.2720415625 0.2706058625 1.0065625425 0.9223180425 0.3549199725 0.3512376025 1.0016045425 1.0061799425 0.8136256925 0.8186721825 0.2743443625 0.8013014825 0.7986866825 0.2756428125 0.8156995425 0.2747769425 1.0061799425 0.8142176425 0.7797853425 0.7995572425 0 0.2002846225
1.0208560425 0.1756206325 0.8027580425 0.8027580425 0.3579756025 0.3560442625 0.3518767125 0.3544386425 0.2708927725 0.2696025125 0.9989482825 0.9431238425 0.3566874925 0.3521964625 0.9993271825 1.0023651425 0.8050944825 0.8062654725 0.2714669425 0.7955032025 0.7917582425 0.2713233425 0.8171843925 0.2706058625 1.0100143425 0.8036333925 0.7848932425 0.7926207825 0.2002846225 0
