0 0.88616943 0.8979962 0.97609735 0.9920673 0.9790429 0.97720057 0.9738958 0.87100434 0.86909026 0.9493862 1.0126165 0.95866317 0.85520095 0.84340924 0.8486616 0.8592779 0.863061 0.97941184 0.97573 1.0064689 0.99281836 0.85613984 0.9977191 0.990942 0.97941184 0.84217876 0.8835664 0.9013148 0.9709704
0.88616943 0 0.23043755 1.0160967 1.0126165 0.99169195 1.0041765 1.0141612 0.9019803 0.8871479 0.97941184 1.0413225 0.96841997 0.87484723 0.87356406 0.8716434 0.88780093 0.8907466 1.0207624 1.0207624 1.0433295 1.0317632 0.87613255 1.0305767 0.99885464 1.0064689 0.88780093 0.4960426 0.4999276 0.99734104
0.8979962 0.23043755 0 1.000751 1.0103053 0.98757625 0.9853408 0.99658537 0.8983274 0.8937039 0.98869646 1.0168724 0.982 0.8694089 0.8716434 0.8649598 0.8910746 0.8907466 1.0087683 1.0103053 1.036926 1.0305767 0.8855178 1.0305767 1.0041765 0.9901927 0.87677604 0.47785875 0.47899425 0.9958304
0.97609735 1.0160967 1.000751 0 0.2289434 0.5962188 0.28120193 0.28134742 1.0301816 1.0207624 0.58850837 0.69906104 0.5951125 0.99169195 1.0064689 0.99056727 1.0037951 1.0130024 0.6011063 0.6002153 0.6060258 0.59910303 1.0289978 0.60043794 0.6058015 0.59246385 1.0278157 1.0049399 1.0157093 0.58631986
0.9920673 1.0126165 1.0103053 0.2289434 0 0.59004414 0.27008206 0.26679227 1.032159 1.0223241 0.57827747 0.6922348 0.58304906 1.0080011 1.0110749 1.0060863 1.0168724 1.0219333 0.59224355 0.5904835 0.58916616 0.58610135 1.030972 0.5845737 0.5951125 0.5847917 1.0278157 1.0095364 1.0349361 0.5804426
0.9790429 0.99169195 0.98757625 0.5962188 0.59004414 0 0.59004414 0.5946704 0.99734104 1.000751 0.16860871 0.69804585 0.16848351 0.9831119 0.9838541 0.97978103 0.99961257 1.0037951 0.42988047 0.42863977 0.41773945 0.41269478 1.0242808 0.41512588 0.3450994 0.3484338 1.0083846 1.002652 1.0118452 0.2551795
0.97720057 1.0041765 0.9853408 0.28120193 0.27008206 0.59004414 0 0.14810686 1.0246727 1.0199828 0.5828315 0.6945033 0.58675706 0.99169195 0.9939465 0.990942 0.99056727 0.98757625 0.5973268 0.5929046 0.58960503 0.58631986 1.001891 0.5871945 0.5982144 0.58763224 1.0149349 1.0015109 1.0211525 0.58217925
0.9738958 1.0141612 0.99658537 0.28134742 0.26679227 0.5946704 0.14810686 0 1.0231062 1.0219333 0.5832667 0.69148016 0.5889469 0.99357027 1.0015109 0.9920673 0.99999183 1.0041765 0.5926842 0.58916616 0.59092313 0.5845737 1.0053219 0.58610135 0.5979924 0.5920233 1.0219333 1.0068517 1.0246727 0.58152753
0.87100434 0.9019803 0.8983274 1.0301816 1.032159 0.99734104 1.0246727 1.0231062 0 0.15385495 1.0087683 1.0337447 0.9894442 0.37072223 0.37203488 0.37483186 0.5808764 0.5850098 1.0385218 1.0325551 1.0365276 1.0297868 0.5946704 1.0317632 0.990942 0.99658537 0.3286462 0.9046481 0.90766084 1.0099207
0.86909026 0.8871479 0.8937039 1.0207624 1.0223241 1.000751 1.0199828 1.0219333 0.15385495 0 1.0172604 1.0238891 0.9939465 0.36533183 0.3619216 0.3677772 0.57439595 0.58065945 1.0389212 1.0365276 1.0293922 1.0227151 0.5845737 1.0246727 1.0015109 1.0118452 0.32647946 0.89865875 0.90264636 1.0091523
0.9493862 0.97941184 0.98869646 0.58850837 0.57827747 0.16860871 0.5828315 0.5832667 1.0087683 1.0172604 0 0.6932422 0.14010872 0.9857129 0.99734104 0.9860852 1.0110749 1.0099207 0.41843793 0.417216 0.4102715 0.405105 1.0254573 0.40716735 0.34494096 0.34051898 1.0118452 0.9894442 1.015322 0.24790739
1.0126165 1.0413225 1.0168724 0.69906104 0.6922348 0.69804585 0.6945033 0.69148016 1.0337447 1.0238891 0.6932422 0 0.6874681 1.0282096 1.0313674 1.0068517 1.014548 1.0130024 0.7031358 0.70033205 0.7082605 0.70390224 1.0361294 0.7051815 0.68198633 0.68298006 1.0160967 1.015322 1.0278157 0.69753873
0.95866317 0.96841997 0.982 0.5951125 0.58304906 0.16848351 0.58675706 0.5889469 0.9894442 0.9939465 0.14010872 0.6874681 0 0.9746289 0.9790429 0.96769285 0.99281836 0.99545324 0.41443047 0.41234812 0.41252142 0.40733945 1.015322 0.4095806 0.3433587 0.34036154 0.99923354 0.97941184 1.0133885 0.24762909
0.85520095 0.87484723 0.8694089 0.99169195 1.0080011 0.9831119 0.99169195 0.99357027 0.37072223 0.36533183 0.9857129 1.0282096 0.9746289 0 0.10043431 0.09678467 0.5559132 0.5578042 1.0099207 1.01069 1.0034139 0.99961257 0.5643545 1.000751 0.9827411 0.9958304 0.36843067 0.87613255 0.8858435 0.9939465
0.84340924 0.87356406 0.8716434 1.0064689 1.0110749 0.9838541 0.9939465 1.0015109 0.37203488 0.3619216 0.99734104 1.0313674 0.9790429 0.10043431 0 0.09769542 0.5597 0.5616006 1.0133885 1.0137748 1.0099207 1.005704 0.5724627 1.0053219 0.98051995 0.9969631 0.36843067 0.8668633 0.8871479 0.99658537
0.8486616 0.8716434 0.8649598 0.99056727 1.0060863 0.97978103 0.990942 0.9920673 0.37483186 0.3677772 0.9860852 1.0068517 0.96769285 0.09678467 0.09769542 0 0.5546552 0.5557034 1.0060863 1.005704 1.001891 0.99545324 0.5694652 0.9943229 0.97573 0.9831119 0.3700668 0.8738847 0.88910866 0.9706055
0.8592779 0.88780093 0.8910746 1.0037951 1.0168724 0.99961257 0.99056727 0.99999183 0.5808764 0.57439595 1.0110749 1.014548 0.99281836 0.5559132 0.5597 0.5546552 0 0.053783137 1.025065 1.0203725 1.0289978 1.0176488 0.52387106 1.0199828 1.0068517 1.0141612 0.57525676 0.8970035 0.8904187 1.0095364
0.863061 0.8907466 0.8907466 1.0130024 1.0219333 1.0037951 0.98757625 1.0041765 0.5850098 0.58065945 1.0099207 1.0130024 0.99545324 0.5578042 0.5616006 0.5557034 0.053783137 0 1.0337447 1.0282096 1.0305767 1.0188149 0.52628785 1.0195932 1.0099207 1.0168724 0.57289183 0.8907466 0.8887815 1.0133885
0.97941184 1.0207624 1.0087683 0.6011063 0.59224355 0.42988047 0.5973268 0.5926842 1.0385218 1.0389212 0.41843793 0.7031358 0.41443047 1.0099207 1.0133885 1.0060863 1.025065 1.0337447 0 0.021299606 0.24999788 0.24499045 1.0357314 0.24776822 0.4235215 0.42492995 1.0254573 1.0049399 1.0465518 0.41252142
0.97573 1.0207624 1.0103053 0.6002153 0.5904835 0.42863977 0.5929046 0.58916616 1.0325551 1.0365276 0.417216 0.70033205 0.41234812 1.01069 1.0137748 1.005704 1.0203725 1.0282096 0.021299606 0 0.2511152 0.24623917 1.036926 0.24902159 0.42106307 0.42211568 1.0211525 1.0015109 1.0361294 0.41113606
1.0064689 1.0433295 1.036926 0.6060258 0.58916616 0.41773945 0.58960503 0.59092313 1.0365276 1.0293922 0.4102715 0.7082605 0.41252142 1.0034139 1.0099207 1.001891 1.0289978 1.0305767 0.24999788 0.2511152 0 0.022844406 1.0542608 0.024599034 0.4254588 0.42141378 1.0149349 1.0164845 1.0510052 0.4106172
0.99281836 1.0317632 1.0305767 0.59910303 0.58610135 0.41269478 0.58631986 0.5845737 1.0297868 1.0227151 0.405105 0.70390224 0.40733945 0.99961257 1.005704 0.99545324 1.0176488 1.0188149 0.24499045 0.24623917 0.022844406 0 1.0381224 0.008447394 0.42176464 0.417914 1.01069 1.0083846 1.0413225 0.40562007
0.85613984 0.87613255 0.8855178 1.0289978 1.030972 1.0242808 1.001891 1.0053219 0.5946704 0.5845737 1.0254573 1.0361294 1.015322 0.5643545 0.5724627 0.5694652 0.52387106 0.52628785 1.0357314 1.036926 1.0542608 1.0381224 0 1.042526 0.9950763 1.0126165 0.57439595 0.9029796 0.9218825 1.0223241
0.9977191 1.0305767 1.0305767 0.60043794 0.5845737 0.41512588 0.5871945 0.58610135 1.0317632 1.0246727 0.40716735 0.7051815 0.4095806 1.000751 1.0053219 0.9943229 1.0199828 1.0195932 0.24776822 0.24902159 0.024599034 0.008447394 1.042526 0 0.4251062 0.42141378 1.0091523 1.0080011 1.0433295 0.4087178
0.990942 0.99885464 1.0041765 0.6058015 0.5951125 0.3450994 0.5982144 0.5979924 0.990942 1.0015109 0.34494096 0.68198633 0.3433587 0.9827411 0.98051995 0.97573 1.0068517 1.0099207 0.4235215 0.42106307 0.4254588 0.42176464 0.9950763 0.4251062 0 0.3439912 0.99281836 1.0130024 1.025065 0.34320065
0.97941184 1.0064689 0.9901927 0.59246385 0.5847917 0.3484338 0.58763224 0.5920233 0.99658537 1.0118452 0.34051898 0.68298006 0.34036154 0.9958304 0.9969631 0.9831119 1.0141612 1.0168724 0.42492995 0.42211568 0.42141378 0.417914 1.0126165 0.42141378 0.3439912 0 1.0118452 1.0053219 1.0254573 0.3392603
0.84217876 0.88780093 0.87677604 1.0278157 1.0278157 1.0083846 1.0149349 1.0219333 0.3286462 0.32647946 1.0118452 1.0160967 0.99923354 0.36843067 0.36843067 0.3700668 0.57525676 0.57289183 1.0254573 1.0211525 1.0149349 1.01069 0.57439595 1.0091523 0.99281836 1.0118452 0 0.87774235 0.8963424 1.0126165
0.8835664 0.4960426 0.47785875 1.0049399 1.0095364 1.002652 1.0015109 1.0068517 0.9046481 0.89865875 0.9894442 1.015322 0.97941184 0.87613255 0.8668633 0.8738847 0.8970035 0.8907466 1.0049399 1.0015109 1.0164845 1.0083846 0.9029796 1.0080011 1.0130024 1.0053219 0.87774235 0 0.31589106 0.9901927
0.9013148 0.4999276 0.47899425 1.0157093 1.0349361 1.0118452 1.0211525 1.0246727 0.90766084 0.90264636 1.015322 1.0278157 1.0133885 0.8858435 0.8871479 0.88910866 0.8904187 0.8887815 1.0465518 1.0361294 1.0510052 1.0413225 0.9218825 1.0433295 1.025065 1.0254573 0.8963424 0.31589106 0 1.01146
0.9709704 0.99734104 0.9958304 0.58631986 0.5804426 0.2551795 0.58217925 0.58152753 1.0099207 1.0091523 0.24790739 0.69753873 0.24762909 0.9939465 0.99658537 0.9706055 1.0095364 1.0133885 0.41252142 0.41113606 0.4106172 0.40562007 1.0223241 0.4087178 0.34320065 0.3392603 1.0126165 0.9901927 1.01146 0
