0 0.9500957 0.95151687 0.99131685 1.0076177 1.0015109 0.52166253 0.50874317 1.0060863 1.0037951 0.5105188 0.9374253 0.50933456 0.5105188 0.50579315 0.52709514 0.52447456 0.5050084 0.51388425 0.9898184 0.9860852 0.9536536 0.9575869 0.9608204 0.98757625 0.5050084 0.9901927 0.96298385 1.0172604 0.99999183
0.9500957 0 0.12424584 0.99056727 0.99847597 1.0068517 0.9419761 0.93255514 1.0130024 1.0137748 0.9433819 0.4662248 0.94162506 0.95080596 0.944438 0.94267863 0.9388226 0.96841997 0.96010065 0.98683035 0.9894442 0.46139923 0.45330298 0.46102932 0.99545324 0.9608204 0.9894442 0.4656664 1.002652 0.9845971
0.95151687 0.12424584 0 0.98645765 0.9939465 0.9950763 0.9518725 0.9346385 1.0041765 1.002652 0.946908 0.4673428 0.9433819 0.9554389 0.9543672 0.9522284 0.94620144 0.9753628 0.97499573 0.99545324 0.99357027 0.46510842 0.45476854 0.46251008 0.98496884 0.9709704 0.9831119 0.46436512 0.99545324 0.9783054
0.99131685 0.99056727 0.98645765 0 0.11067928 0.43325844 0.9977191 1.0049399 0.43147868 0.4393415 1.0137748 0.9901927 1.0034139 1.0164845 1.0176488 0.9808897 0.99357027 1.0072346 1.0103053 0.32478142 0.3288012 1.0003713 1.0095364 1.0015109 0.30695426 1.01069 0.23166226 0.9950763 0.53644234 0.531551
1.0076177 0.99847597 0.9939465 0.11067928 0 0.4293485 1.0053219 1.0068517 0.42952576 0.4345068 1.019204 1.0011308 1.0049399 1.0258498 1.0289978 0.99131685 1.0037951 1.0149349 1.0199828 0.3281814 0.33035305 1.0157093 1.0180373 1.018426 0.30755678 1.0234975 0.2312538 1.0110749 0.54694355 0.5415716
1.0015109 1.0068517 0.9950763 0.43325844 0.4293485 0 1.0030329 1.0087683 0.11766582 0.119657226 1.0180373 1.0157093 1.0130024 1.0313674 1.030972 0.98645765 0.9901927 1.0293922 1.0313674 0.4245776 0.42740113 0.9977191 1.025065 0.99999183 0.4207125 1.0313674 0.43272406 1.002652 0.5444594 0.5285101
0.52166253 0.9419761 0.9518725 0.9977191 1.0053219 1.0030329 0 0.53664684 1.0041765 0.9931942 0.5339927 0.9440858 0.5344004 0.53951573 0.5399264 0.09883541 0.09769542 0.520861 0.5212617 0.9845971 0.99131685 0.9568702 0.94373375 0.96298385 1.0034139 0.52166253 0.9950763 0.9651536 1.0118452 1.0049399
0.50874317 0.93255514 0.9346385 1.0049399 1.0068517 1.0087683 0.53664684 0 1.0122308 1.0149349 0.10364238 0.953297 0.10398692 0.15311868 0.14981444 0.531551 0.53094184 0.42634106 0.4261645 1.0034139 1.0087683 0.9746289 0.9727974 0.9709704 1.0141612 0.41686726 1.0034139 0.9666036 1.0211525 0.9962078
1.0060863 1.0130024 1.0041765 0.43147868 0.42952576 0.11766582 1.0041765 1.0122308 0 0.107210256 1.0219333 1.0266355 1.0157093 1.030972 1.0329514 0.98237044 0.98348296 1.033348 1.0397208 0.42440146 0.42846268 1.0060863 1.0417235 1.001891 0.42387336 1.0337447 0.43397155 1.0080011 0.54528654 0.5374654
1.0037951 1.0137748 1.002652 0.4393415 0.4345068 0.119657226 0.9931942 1.0149349 0.107210256 0 1.0199828 1.0130024 1.018426 1.0353336 1.0349361 0.9764649 0.9801504 1.030972 1.0349361 0.4268709 0.43023533 1.0137748 1.0445362 1.0122308 0.42722434 1.0305767 0.43468532 1.01069 0.54632175 0.5346044
0.5105188 0.9433819 0.946908 1.0137748 1.019204 1.0180373 0.5339927 0.10364238 1.0219333 1.0199828 0 0.953297 0.08236115 0.15483774 0.15373218 0.531551 0.5287124 0.4224669 0.42211568 1.0068517 1.0099207 0.9790429 0.97941184 0.982 1.0274222 0.41756493 1.0099207 0.9775687 1.0293922 1.0068517
0.9374253 0.4662248 0.4673428 0.9901927 1.0011308 1.0157093 0.9440858 0.953297 1.0266355 1.0130024 0.953297 0 0.9540103 0.9479691 0.94232726 0.9339434 0.9388226 0.9615409 0.95794547 0.9857129 0.990942 0.4822209 0.48184055 0.48032117 0.9898184 0.9626228 1.0011308 0.4846977 1.0258498 1.0049399
0.50933456 0.94162506 0.9433819 1.0034139 1.0049399 1.0130024 0.5344004 0.10398692 1.0157093 1.018426 0.08236115 0.9540103 0 0.15385495 0.15275083 0.5317542 0.53033316 0.42775482 0.4270476 1.0037951 1.0034139 0.97720057 0.97573 0.9783054 1.018426 0.41599607 1.002652 0.9626228 1.0168724 0.9946995
0.5105188 0.95080596 0.9554389 1.0164845 1.0258498 1.0313674 0.53951573 0.15311868 1.030972 1.0353336 0.15483774 0.9479691 0.15385495 0 0.053783137 0.5386949 0.5352165 0.42846268 0.4261645 1.0133885 1.0180373 0.97352946 0.97024083 0.97426224 1.0377234 0.4189622 1.0160967 0.9637064 1.0381224 1.0083846
0.50579315 0.944438 0.9543672 1.0176488 1.0289978 1.030972 0.5399264 0.14981444 1.0329514 1.0349361 0.15373218 0.94232726 0.15275083 0.053783137 0 0.5386949 0.5362379 0.42440146 0.4242254 1.0133885 1.0207624 0.9687838 0.9572284 0.9673296 1.0385218 0.4166929 1.0270288 0.9608204 1.0258498 1.0037951
0.52709514 0.94267863 0.9522284 0.9808897 0.99131685 0.98645765 0.09883541 0.531551 0.98237044 0.9764649 0.531551 0.9339434 0.5317542 0.5386949 0.5386949 0 0.04661935 0.5200604 0.5196604 0.9698763 0.97316337 0.9497408 0.94267863 0.95508146 0.98496884 0.5196604 0.9738958 0.9572284 0.99923354 0.98645765
0.52447456 0.9388226 0.94620144 0.99357027 1.0037951 0.9901927 0.09769542 0.53094184 0.98348296 0.9801504 0.5287124 0.9388226 0.53033316 0.5352165 0.5362379 0.04661935 0 0.5194605 0.5196604 0.97426224 0.9783054 0.9500957 0.94479036 0.9557965 0.9901927 0.5174642 0.9801504 0.95258445 0.99961257 0.98348296
0.5050084 0.96841997 0.9753628 1.0072346 1.0149349 1.0293922 0.520861 0.42634106 1.033348 1.030972 0.4224669 0.9615409 0.42775482 0.42846268 0.42440146 0.5200604 0.5194605 0 0.04226905 0.99056727 0.9931942 0.97867405 0.9860852 0.9808897 1.0068517 0.24540646 1.0083846 0.97206604 1.0238891 1.0087683
0.51388425 0.96010065 0.97499573 1.0103053 1.0199828 1.0313674 0.5212617 0.4261645 1.0397208 1.0349361 0.42211568 0.95794547 0.4270476 0.4261645 0.4242254 0.5196604 0.5196604 0.04226905 0 1.0011308 1.002652 0.9727974 0.97720057 0.9764649 1.01069 0.24665588 1.0122308 0.9687838 1.0293922 1.0103053
0.9898184 0.98683035 0.99545324 0.32478142 0.3281814 0.4245776 0.9845971 1.0034139 0.42440146 0.4268709 1.0068517 0.9857129 1.0037951 1.0133885 1.0133885 0.9698763 0.97426224 0.99056727 1.0011308 0 0.031554583 0.99847597 1.0234975 1.0037951 0.3280265 0.98869646 0.32895625 1.0099207 0.5321607 0.5182621
0.9860852 0.9894442 0.99357027 0.3288012 0.33035305 0.42740113 0.99131685 1.0087683 0.42846268 0.43023533 1.0099207 0.990942 1.0034139 1.0180373 1.0207624 0.97316337 0.9783054 0.9931942 1.002652 0.031554583 0 1.0011308 1.0278157 1.0076177 0.32957673 0.9920673 0.33113015 1.0110749 0.5354207 0.5228664
0.9536536 0.46139923 0.46510842 1.0003713 1.0157093 0.9977191 0.9568702 0.9746289 1.0060863 1.0137748 0.9790429 0.4822209 0.97720057 0.97352946 0.9687838 0.9497408 0.9500957 0.97867405 0.9727974 0.99847597 1.0011308 0 0.30605137 0.028639937 0.99885464 0.98645765 0.9946995 0.21923625 1.0262426 1.0103053
0.9575869 0.45330298 0.45476854 1.0095364 1.0180373 1.025065 0.94373375 0.9727974 1.0417235 1.0445362 0.97941184 0.48184055 0.97573 0.97024083 0.9572284 0.94267863 0.94479036 0.9860852 0.97720057 1.0234975 1.0278157 0.30605137 0 0.30304956 1.0188149 0.97499573 1.0076177 0.30906525 1.0231062 1.0223241
0.9608204 0.46102932 0.46251008 1.0015109 1.018426 0.99999183 0.96298385 0.9709704 1.001891 1.0122308 0.982 0.48032117 0.9783054 0.97426224 0.9673296 0.95508146 0.9557965 0.9808897 0.9764649 1.0037951 1.0076177 0.028639937 0.30304956 0 1.0037951 0.9946995 0.99734104 0.21616167 1.0337447 1.0110749
0.98757625 0.99545324 0.98496884 0.30695426 0.30755678 0.4207125 1.0034139 1.0141612 0.42387336 0.42722434 1.0274222 0.9898184 1.018426 1.0377234 1.0385218 0.98496884 0.9901927 1.0068517 1.01069 0.3280265 0.32957673 0.99885464 1.0188149 1.0037951 0 1.0137748 0.30304956 0.9924427 0.55131066 0.53419656
0.5050084 0.9608204 0.9709704 1.01069 1.0234975 1.0313674 0.52166253 0.41686726 1.0337447 1.0305767 0.41756493 0.9626228 0.41599607 0.4189622 0.4166929 0.5196604 0.5174642 0.24540646 0.24665588 0.98869646 0.9920673 0.98645765 0.97499573 0.9946995 1.0137748 0 0.9962078 0.9775687 1.019204 1.0030329
0.9901927 0.9894442 0.9831119 0.23166226 0.2312538 0.43272406 0.9950763 1.0034139 0.43397155 0.43468532 1.0099207 1.0011308 1.002652 1.0160967 1.0270288 0.9738958 0.9801504 1.0083846 1.0122308 0.32895625 0.33113015 0.9946995 1.0076177 0.99734104 0.30304956 0.9962078 0 0.99923354 0.55006033 0.5391052
0.96298385 0.4656664 0.46436512 0.9950763 1.0110749 1.002652 0.9651536 0.9666036 1.0080011 1.01069 0.9775687 0.4846977 0.9626228 0.9637064 0.9608204 0.9572284 0.95258445 0.97206604 0.9687838 1.0099207 1.0110749 0.21923625 0.30906525 0.21616167 0.9924427 0.9775687 0.99923354 0 1.0238891 1.018426
1.0172604 1.002652 0.99545324 0.53644234 0.54694355 0.5444594 1.0118452 1.0211525 0.54528654 0.54632175 1.0293922 1.0258498 1.0168724 1.0381224 1.0258498 0.99923354 0.99961257 1.0238891 1.0293922 0.5321607 0.5354207 1.0262426 1.0231062 1.0337447 0.55131066 1.019204 0.55006033 1.0238891 0 0.16635834
0.99999183 0.9845971 0.9783054 0.531551 0.5415716 0.5285101 1.0049399 0.9962078 0.5374654 0.5346044 1.0068517 1.0049399 0.9946995 1.0083846 1.0037951 0.98645765 0.98348296 1.0087683 1.0103053 0.5182621 0.5228664 1.0103053 1.0223241 1.0110749 0.53419656 1.0030329 0.5391052 1.018426 0.16635834 0
