0 0.990942 0.9931942 0.99658537 0.98645765 0.9943229 0.9943229 0.9831119 1.0022715 0.9872032 1.0223241 0.62903446 1.0207624 0.99734104 0.9901927 1.0072346 1.0149349 0.98348296 0.9775687 1.0080011 1.0172604 0.9943229 0.99999183 0.9894442 0.99961257 0.99658537 0.9898184 0.9931942 0.99281836 1.0099207
0.990942 0 0.74650043 0.5578042 0.7389627 0.7587757 0.7478545 0.75302225 0.55906755 0.5557034 0.7631891 1.0110749 0.76429653 0.56202364 0.5529811 0.78167397 0.77884376 0.75165886 0.75138646 0.56456673 0.5641423 0.5607553 0.77546155 0.5597 0.5586462 0.5624469 0.5573836 0.5546552 0.27641606 0.26893613
0.9931942 0.74650043 0 0.7563045 0.71627367 0.25377554 0.2520942 0.7085177 0.7746184 0.76042765 0.7167936 1.0072346 0.7139384 0.77041674 0.76457363 0.71342045 0.7170537 0.7141975 0.70646286 0.7862246 0.7853693 0.7760242 0.72122765 0.7690214 0.7631891 0.75302225 0.7631891 0.7565787 0.7478545 0.74650043
0.99658537 0.5578042 0.7563045 0 0.7456892 0.74030316 0.74921095 0.75165886 0.24015395 0.43094555 0.76651627 0.99999183 0.7802575 0.24415912 0.24291384 0.77940893 0.7830931 0.75520885 0.75411475 0.24971882 0.250696 0.4297031 0.7757428 0.43059036 0.5140827 0.42722434 0.4189622 0.4205373 0.56647974 0.55131066
0.98645765 0.7389627 0.71627367 0.7456892 0 0.700841 0.69425094 0.22057699 0.75466156 0.7519313 0.7293813 0.9894442 0.72568804 0.75411475 0.7502979 0.7330929 0.7344229 0.2124356 0.21602827 0.7743376 0.77489936 0.75960124 0.5628704 0.76346576 0.74677104 0.74622995 0.7376246 0.75411475 0.7481256 0.74975425
0.9943229 0.7587757 0.25377554 0.74030316 0.700841 0 0.19745351 0.6950084 0.74704176 0.75384146 0.6998234 0.9943229 0.7018601 0.7413773 0.7400349 0.70109564 0.7062064 0.69173163 0.6882187 0.7579511 0.762636 0.7629125 0.7051815 0.7593259 0.7473126 0.74353015 0.75056994 0.74406934 0.7494826 0.750842
0.9943229 0.7478545 0.2520942 0.74921095 0.69425094 0.19745351 0 0.6854701 0.750842 0.7631891 0.697032 0.9946995 0.69956917 0.75603044 0.74677104 0.69425094 0.697032 0.6847222 0.67876583 0.7629125 0.7656831 0.7579511 0.7018601 0.75712734 0.7524766 0.7494826 0.75822586 0.7502979 0.74677104 0.74677104
0.9831119 0.75302225 0.7085177 0.75165886 0.22057699 0.6950084 0.6854701 0 0.7527494 0.761255 0.718095 0.99056727 0.7193987 0.750842 0.74677104 0.72858834 0.72726864 0.19940782 0.19836488 0.7723746 0.7729349 0.77181464 0.5544457 0.77041674 0.76485085 0.7609791 0.75002605 0.7563045 0.7563045 0.7579511
1.0022715 0.55906755 0.7746184 0.24015395 0.75466156 0.74704176 0.750842 0.7527494 0 0.4231698 0.76985824 1.0160967 0.7822413 0.19992983 0.19862549 0.78736657 0.7896558 0.76346576 0.7585007 0.1723744 0.1723744 0.4212384 0.7729349 0.42404935 0.5111116 0.41913706 0.41096306 0.41252142 0.5607553 0.5542363
0.9872032 0.5557034 0.76042765 0.43094555 0.7519313 0.75384146 0.7631891 0.761255 0.4231698 0 0.75822586 0.9920673 0.76429653 0.42334563 0.41878742 0.7726547 0.7695792 0.7579511 0.7601521 0.42651764 0.42810866 0.15545265 0.7659607 0.15631437 0.5050084 0.37549147 0.3738435 0.29633912 0.5597 0.5550743
1.0223241 0.7631891 0.7167936 0.76651627 0.7293813 0.6998234 0.697032 0.718095 0.76985824 0.75822586 0 0.9977191 0.11521312 0.7527494 0.75165886 0.31848595 0.32247207 0.71316165 0.7126442 0.7706961 0.77321523 0.76846397 0.71887696 0.77153486 0.7726547 0.76485085 0.7519313 0.75767636 0.7656831 0.76485085
0.62903446 1.0110749 1.0072346 0.99999183 0.9894442 0.9943229 0.9946995 0.99056727 1.0160967 0.9920673 0.9977191 0 1.0110749 1.0180373 1.000751 1.0157093 1.0188149 0.9783054 0.9779369 1.0168724 1.0325551 1.01069 0.9950763 1.0022715 1.0099207 1.0060863 1.001891 1.0037951 1.0176488 1.0164845
1.0207624 0.76429653 0.7139384 0.7802575 0.72568804 0.7018601 0.69956917 0.7193987 0.7822413 0.76429653 0.11521312 1.0110749 0 0.7609791 0.761531 0.32124332 0.32231835 0.71601385 0.71186876 0.7737762 0.7763057 0.7729349 0.72885257 0.7796917 0.7830931 0.7706961 0.7557565 0.7695792 0.77856135 0.78082377
0.99734104 0.56202364 0.77041674 0.24415912 0.75411475 0.7413773 0.75603044 0.750842 0.19992983 0.42334563 0.7527494 1.0180373 0.7609791 0 0.08213797 0.77546155 0.78167397 0.7554826 0.75493515 0.21110934 0.20952092 0.42281827 0.7667942 0.4245776 0.5140827 0.4245776 0.41269478 0.41564786 0.5637181 0.5536084
0.9901927 0.5529811 0.76457363 0.24291384 0.7502979 0.7400349 0.74677104 0.74677104 0.19862549 0.41878742 0.75165886 1.000751 0.761531 0.08213797 0 0.7676286 0.7779968 0.74704176 0.7494826 0.20754011 0.20714457 0.4166929 0.7593259 0.4200119 0.51229864 0.4207125 0.40854537 0.40992597 0.55801463 0.5473584
1.0072346 0.78167397 0.71342045 0.77940893 0.7330929 0.70109564 0.69425094 0.72858834 0.78736657 0.7726547 0.31848595 1.0157093 0.32124332 0.77546155 0.7676286 0 0.07381626 0.723061 0.72018194 0.7859394 0.7913773 0.7737762 0.7262145 0.7763057 0.7734957 0.7799746 0.7667942 0.7709756 0.7709756 0.79223955
1.0149349 0.77884376 0.7170537 0.7830931 0.7344229 0.7062064 0.697032 0.72726864 0.7896558 0.7695792 0.32247207 1.0188149 0.32231835 0.78167397 0.7779968 0.07381626 0 0.72726864 0.7243734 0.79252714 0.800626 0.7729349 0.7241107 0.778279 0.77771467 0.7805406 0.7701374 0.7695792 0.77546155 0.7936788
0.98348296 0.75165886 0.7141975 0.75520885 0.2124356 0.69173163 0.6847222 0.19940782 0.76346576 0.7579511 0.71316165 0.9783054 0.71601385 0.7554826 0.74704176 0.723061 0.72726864 0 0.05281685 0.7706961 0.77181464 0.76429653 0.5529811 0.76707226 0.76651627 0.7524766 0.74514884 0.7620833 0.75520885 0.7579511
0.9775687 0.75138646 0.70646286 0.75411475 0.21602827 0.6882187 0.67876583 0.19836488 0.7585007 0.7601521 0.7126442 0.9779369 0.71186876 0.75493515 0.7494826 0.72018194 0.7243734 0.05281685 0 0.7709756 0.7701374 0.7659607 0.5515193 0.7709756 0.76485085 0.7557565 0.7478545 0.76374257 0.750842 0.75411475
1.0080011 0.56456673 0.7862246 0.24971882 0.7743376 0.7579511 0.7629125 0.7723746 0.1723744 0.42651764 0.7706961 1.0168724 0.7737762 0.21110934 0.20754011 0.7859394 0.79252714 0.7706961 0.7709756 0 0.04672577 0.42176464 0.77209455 0.42281827 0.5126947 0.42669424 0.408373 0.4130416 0.5628704 0.5613892
1.0172604 0.5641423 0.7853693 0.250696 0.77489936 0.762636 0.7656831 0.7729349 0.1723744 0.42810866 0.77321523 1.0325551 0.7763057 0.20952092 0.20714457 0.7913773 0.800626 0.77181464 0.7701374 0.04672577 0 0.42440146 0.78082377 0.4254588 0.5113093 0.4293485 0.41564786 0.4147781 0.5637181 0.5607553
0.9943229 0.5607553 0.7760242 0.4297031 0.75960124 0.7629125 0.7579511 0.77181464 0.4212384 0.15545265 0.76846397 1.01069 0.7729349 0.42281827 0.4166929 0.7737762 0.7729349 0.76429653 0.7659607 0.42176464 0.42440146 0 0.7659607 0.025943583 0.5089403 0.37979326 0.3768125 0.29175103 0.56096655 0.556543
0.99999183 0.77546155 0.72122765 0.7757428 0.5628704 0.7051815 0.7018601 0.5544457 0.7729349 0.7659607 0.71887696 0.9950763 0.72885257 0.7667942 0.7593259 0.7262145 0.7241107 0.5529811 0.5515193 0.77209455 0.78082377 0.7659607 0 0.7656831 0.742453 0.7590508 0.7563045 0.7693002 0.7729349 0.76457363
0.9894442 0.5597 0.7690214 0.43059036 0.76346576 0.7593259 0.75712734 0.77041674 0.42404935 0.15631437 0.77153486 1.0022715 0.7796917 0.4245776 0.4200119 0.7763057 0.778279 0.76707226 0.7709756 0.42281827 0.4254588 0.025943583 0.7656831 0 0.5079554 0.3794615 0.37598658 0.29234147 0.5592783 0.556333
0.99961257 0.5586462 0.7631891 0.5140827 0.74677104 0.7473126 0.7524766 0.76485085 0.5111116 0.5050084 0.7726547 1.0099207 0.7830931 0.5140827 0.51229864 0.7734957 0.77771467 0.76651627 0.76485085 0.5126947 0.5113093 0.5089403 0.742453 0.5079554 0 0.5132893 0.502073 0.5044204 0.56350607 0.56096655
0.99658537 0.5624469 0.75302225 0.42722434 0.74622995 0.74353015 0.7494826 0.7609791 0.41913706 0.37549147 0.76485085 1.0060863 0.7706961 0.4245776 0.4207125 0.7799746 0.7805406 0.7524766 0.7557565 0.42669424 0.4293485 0.37979326 0.7590508 0.3794615 0.5132893 0 0.3340906 0.3723634 0.56117785 0.5521454
0.9898184 0.5573836 0.7631891 0.4189622 0.7376246 0.75056994 0.75822586 0.75002605 0.41096306 0.3738435 0.7519313 1.001891 0.7557565 0.41269478 0.40854537 0.7667942 0.7701374 0.74514884 0.7478545 0.408373 0.41564786 0.3768125 0.7563045 0.37598658 0.502073 0.3340906 0 0.3588495 0.56223524 0.5578042
0.9931942 0.5546552 0.7565787 0.4205373 0.75411475 0.74406934 0.7502979 0.7563045 0.41252142 0.29633912 0.75767636 1.0037951 0.7695792 0.41564786 0.40992597 0.7709756 0.7695792 0.7620833 0.76374257 0.4130416 0.4147781 0.29175103 0.7693002 0.29234147 0.5044204 0.3723634 0.3588495 0 0.5546552 0.54902
0.99281836 0.27641606 0.7478545 0.56647974 0.7481256 0.7494826 0.74677104 0.7563045 0.5607553 0.5597 0.7656831 1.0176488 0.77856135 0.5637181 0.55801463 0.7709756 0.77546155 0.75520885 0.750842 0.5628704 0.5637181 0.56096655 0.7729349 0.5592783 0.56350607 0.56117785 0.56223524 0.5546552 0 0.2703688
1.0099207 0.26893613 0.74650043 0.55131066 0.74975425 0.750842 0.74677104 0.7579511 0.5542363 0.5550743 0.76485085 1.0164845 0.78082377 0.5536084 0.5473584 0.79223955 0.7936788 0.7579511 0.75411475 0.5613892 0.5607553 0.556543 0.76457363 0.556333 0.56096655 0.5521454 0.5578042 0.54902 0.2703688 0
