0 1.0246727 0.98757625 0.99847597 0.8920595 0.8933747 1.0168724 1.0258498 1.033348 1.0282096 1.018426 0.9775687 0.9096761 0.91203403 0.89932185 0.8927168 1.0234975 1.0270288 0.8684533 0.89601207 0.89304566 0.87100434 0.9775687 0.87100434 0.8927168 0.90766084 0.8923881 1.0180373 1.0254573 1.0297868
1.0246727 0 1.025065 1.0313674 1.0053219 1.0188149 0.83240664 0.847732 0.8483516 0.83180004 0.83089113 1.0060863 0.98832285 0.99169195 1.032159 1.0313674 0.3098206 0.31027418 0.9706055 1.036926 1.0293922 0.9746289 0.99734104 0.9753628 0.9860852 0.99131685 1.005704 0.6955138 0.7018601 0.13566194
0.98757625 1.025065 0 0.11556301 0.9764649 0.97243166 1.0130024 1.018426 1.0242808 1.0199828 1.019204 0.6894714 0.95258445 0.96479154 0.9901927 0.98832285 1.0164845 1.0168724 0.9706055 0.98496884 0.982 0.9655158 0.6745752 0.9655158 0.9706055 0.9783054 0.9768326 1.0060863 0.99734104 1.0258498
0.99847597 1.0313674 0.11556301 0 0.9920673 0.9816297 1.0286036 1.01146 1.0199828 1.0345387 1.0289978 0.7023701 0.9572284 0.9651536 1.0095364 1.000751 1.0274222 1.0286036 0.97573 1.001891 0.99999183 0.97243166 0.6785187 0.97243166 0.98683035 0.98645765 0.9901927 1.0254573 1.0141612 1.0289978
0.8920595 1.0053219 0.9764649 0.9920673 0 0.10490646 0.97941184 0.990942 0.99847597 0.99169195 0.98645765 0.9658782 0.78082377 0.7796917 0.27079913 0.2690793 1.0293922 1.0270288 0.67016345 0.27295452 0.26893613 0.67163116 0.98125964 0.67065233 0.5146783 0.5198604 0.24098085 0.99658537 0.99961257 1.0122308
0.8933747 1.0188149 0.97243166 0.9816297 0.10490646 0 0.9946995 0.9980974 1.0045581 1.005704 0.9931942 0.9554389 0.7791263 0.7825251 0.27771828 0.27670524 1.0389212 1.0389212 0.67654437 0.27945808 0.2759825 0.67802465 0.9827411 0.6775309 0.5168664 0.5258845 0.2431904 1.0053219 1.0083846 1.0238891
1.0168724 0.83240664 1.0130024 1.0286036 0.97941184 0.9946995 0 0.702115 0.69576657 0.10605747 0.105366655 0.9977191 1.0041765 1.0076177 1.0060863 0.9980974 0.84340924 0.83941746 0.99658537 1.0034139 0.9962078 0.99885464 1.0122308 0.99885464 0.97978103 0.9727974 0.98869646 0.83972377 0.8489717 0.83605623
1.0258498 0.847732 1.018426 1.01146 0.990942 0.9980974 0.702115 0 0.089876354 0.71627367 0.7129029 1.0133885 1.014548 1.0188149 0.9977191 0.9946995 0.8483516 0.8455675 0.9962078 0.99658537 0.9943229 1.000751 1.0258498 1.0011308 0.98794943 1.0118452 0.98757625 0.83911127 0.8640098 0.8495923
1.033348 0.8483516 1.0242808 1.0199828 0.99847597 1.0045581 0.69576657 0.089876354 0 0.71083605 0.7031358 1.0231062 1.0091523 1.0199828 1.0126165 1.0049399 0.8483516 0.84402525 1.005704 1.0045581 1.002652 1.0087683 1.0254573 1.0099207 0.9943229 1.0053219 0.9958304 0.8486616 0.8652767 0.8517685
1.0282096 0.83180004 1.0199828 1.0345387 0.99169195 1.005704 0.10605747 0.71627367 0.71083605 0 0.08013232 0.99658537 1.0030329 1.0060863 1.0064689 0.99734104 0.84310144 0.8381934 0.9924427 1.0060863 0.9969631 0.9962078 1.0022715 0.99545324 0.98125964 0.9775687 0.9842255 0.84928197 0.8530148 0.83636117
1.018426 0.83089113 1.019204 1.0289978 0.98645765 0.9931942 0.105366655 0.7129029 0.7031358 0.08013232 0 0.99545324 0.9969631 1.0022715 1.01069 1.0015109 0.8480418 0.8424862 0.9872032 1.01069 1.0015109 0.98907024 1.0076177 0.9872032 0.9808897 0.9768326 0.9924427 0.84217876 0.8514572 0.8354467
0.9775687 1.0060863 0.6894714 0.7023701 0.9658782 0.9554389 0.9977191 1.0133885 1.0231062 0.99658537 0.99545324 0 0.9831119 0.97426224 0.9655158 0.9669665 1.0022715 1.0060863 0.9608204 0.96190137 0.9583042 0.96190137 0.6713863 0.96334505 0.93987226 0.9335961 0.96334505 1.0091523 0.99734104 1.0034139
0.9096761 0.98832285 0.95258445 0.9572284 0.78082377 0.7791263 1.0041765 1.014548 1.0091523 1.0030329 0.9969631 0.9831119 0 0.074920505 0.78337723 0.7763057 1.0060863 1.0003713 0.7757428 0.78082377 0.77546155 0.7760242 0.97978103 0.7779968 0.78793824 0.78110707 0.77771467 1.0099207 1.0133885 0.9980974
0.91203403 0.99169195 0.96479154 0.9651536 0.7796917 0.7825251 1.0076177 1.0188149 1.0199828 1.0060863 1.0022715 0.97426224 0.074920505 0 0.7859394 0.7799746 1.0080011 1.0041765 0.77546155 0.78394586 0.7802575 0.7760242 0.9808897 0.7765873 0.79109013 0.7876524 0.78167397 1.0122308 1.0137748 1.0045581
0.89932185 1.032159 0.9901927 1.0095364 0.27079913 0.27771828 1.0060863 0.9977191 1.0126165 1.0064689 1.01069 0.9655158 0.78337723 0.7859394 0 0.074147366 1.049788 1.0493827 0.6604514 0.07757733 0.07370593 0.66359407 0.9816297 0.6631097 0.5168664 0.5212617 0.2788777 1.0045581 1.0137748 1.033348
0.8927168 1.0313674 0.98832285 1.000751 0.2690793 0.27670524 0.9980974 0.9946995 1.0049399 0.99734104 1.0015109 0.9669665 0.7763057 0.7799746 0.074147366 0 1.0563028 1.0558939 0.6582834 0.024599034 0.021711241 0.6602102 0.9779369 0.6599691 0.5132893 0.52166253 0.27353033 1.0045581 1.0168724 1.0317632
1.0234975 0.3098206 1.0164845 1.0274222 1.0293922 1.0389212 0.84340924 0.8483516 0.8483516 0.84310144 0.8480418 1.0022715 1.0060863 1.0080011 1.049788 1.0563028 0 0.021505395 1.0064689 1.0575305 1.0489776 1.0141612 1.0076177 1.0160967 1.0110749 1.0091523 1.0282096 0.70160514 0.7051815 0.31543407
1.0270288 0.31027418 1.0168724 1.0286036 1.0270288 1.0389212 0.83941746 0.8455675 0.84402525 0.8381934 0.8424862 1.0060863 1.0003713 1.0041765 1.0493827 1.0558939 0.021505395 0 1.0041765 1.0554852 1.0481682 1.01146 1.0045581 1.0137748 1.01069 1.0126165 1.0246727 0.6988071 0.7023701 0.31512955
0.8684533 0.9706055 0.9706055 0.97573 0.67016345 0.67654437 0.99658537 0.9962078 1.005704 0.9924427 0.9872032 0.9608204 0.7757428 0.77546155 0.6604514 0.6582834 1.0064689 1.0041765 0 0.662142 0.65972805 0.014947977 0.96769285 0.014947977 0.6494359 0.65492344 0.67261124 0.9801504 0.9872032 0.98496884
0.89601207 1.036926 0.98496884 1.001891 0.27295452 0.27945808 1.0034139 0.99658537 1.0045581 1.0060863 1.01069 0.96190137 0.78082377 0.78394586 0.07757733 0.024599034 1.0575305 1.0554852 0.662142 0 0.015458215 0.6640787 0.9779369 0.66383636 0.5166672 0.52810556 0.2759825 1.0083846 1.0199828 1.0341415
0.89304566 1.0293922 0.982 0.99999183 0.26893613 0.2759825 0.9962078 0.9943229 1.002652 0.9969631 1.0015109 0.9583042 0.77546155 0.7802575 0.07370593 0.021711241 1.0489776 1.0481682 0.65972805 0.015458215 0 0.6611755 0.97499573 0.661417 0.5115071 0.5212617 0.27281064 1.001891 1.0168724 1.0293922
0.87100434 0.9746289 0.9655158 0.97243166 0.67163116 0.67802465 0.99885464 1.000751 1.0087683 0.9962078 0.98907024 0.96190137 0.7760242 0.7760242 0.66359407 0.6602102 1.0141612 1.01146 0.014947977 0.6640787 0.6611755 0 0.9687838 0.0056210114 0.65348804 0.65516293 0.67629796 0.9808897 0.98683035 0.99131685
0.9775687 0.99734104 0.6745752 0.6785187 0.98125964 0.9827411 1.0122308 1.0258498 1.0254573 1.0022715 1.0076177 0.6713863 0.97978103 0.9808897 0.9816297 0.9779369 1.0076177 1.0045581 0.96769285 0.9779369 0.97499573 0.9687838 0 0.9669665 0.96226203 0.9706055 0.9838541 0.99281836 1.0091523 1.0103053
0.87100434 0.9753628 0.9655158 0.97243166 0.67065233 0.6775309 0.99885464 1.0011308 1.0099207 0.99545324 0.9872032 0.96334505 0.7779968 0.7765873 0.6631097 0.6599691 1.0160967 1.0137748 0.014947977 0.66383636 0.661417 0.0056210114 0.9669665 0 0.65181684 0.65492344 0.67629796 0.9779369 0.9842255 0.9924427
0.8927168 0.9860852 0.9706055 0.98683035 0.5146783 0.5168664 0.97978103 0.98794943 0.9943229 0.98125964 0.9808897 0.93987226 0.78793824 0.79109013 0.5168664 0.5132893 1.0110749 1.01069 0.6494359 0.5166672 0.5115071 0.65348804 0.96226203 0.65181684 0 0.36240783 0.5246758 0.98832285 0.9783054 1.000751
0.90766084 0.99131685 0.9783054 0.98645765 0.5198604 0.5258845 0.9727974 1.0118452 1.0053219 0.9775687 0.9768326 0.9335961 0.78110707 0.7876524 0.5212617 0.52166253 1.0091523 1.0126165 0.65492344 0.52810556 0.5212617 0.65516293 0.9706055 0.65492344 0.36240783 0 0.52246493 1.000751 1.001891 1.002652
0.8923881 1.005704 0.9768326 0.9901927 0.24098085 0.2431904 0.98869646 0.98757625 0.9958304 0.9842255 0.9924427 0.96334505 0.77771467 0.78167397 0.2788777 0.27353033 1.0282096 1.0246727 0.67261124 0.2759825 0.27281064 0.67629796 0.9838541 0.67629796 0.5246758 0.52246493 0 0.9980974 1.000751 1.0118452
1.0180373 0.6955138 1.0060863 1.0254573 0.99658537 1.0053219 0.83972377 0.83911127 0.8486616 0.84928197 0.84217876 1.0091523 1.0099207 1.0122308 1.0045581 1.0045581 0.70160514 0.6988071 0.9801504 1.0083846 1.001891 0.9808897 0.99281836 0.9779369 0.98832285 1.000751 0.9980974 0 0.2426374 0.6884691
1.0254573 0.7018601 0.99734104 1.0141612 0.99961257 1.0083846 0.8489717 0.8640098 0.8652767 0.8530148 0.8514572 0.99734104 1.0133885 1.0137748 1.0137748 1.0168724 0.7051815 0.7023701 0.9872032 1.0199828 1.0168724 0.98683035 1.0091523 0.9842255 0.9783054 1.001891 1.000751 0.2426374 0 0.69779223
1.0297868 0.13566194 1.0258498 1.0289978 1.0122308 1.0238891 0.83605623 0.8495923 0.8517685 0.83636117 0.8354467 1.0034139 0.9980974 1.0045581 1.033348 1.0317632 0.31543407 0.31512955 0.98496884 1.0341415 1.0293922 0.99131685 1.0103053 0.9924427 1.000751 1.002652 1.0118452 0.6884691 0.69779223 0
