0 1.0254573 1.001891 0.99999183 0.99658537 1.0188149 1.0341415 1.0457449 1.0534456 0.99961257 0.9920673 1.0286036 1.0262426 1.0122308 0.982 0.98794943 0.9845971 0.98794943 1.0110749 1.0176488 1.0110749 1.0234975 1.0246727 1.0238891 1.0266355 1.0203725 1.0234975 1.0293922 1.0361294 0.99131685
1.0254573 0 0.48718274 0.48986816 0.491407 0.45770827 0.5005121 0.49623638 0.2279941 0.4995382 0.4881407 0.49256322 0.3974214 0.39166775 0.49082956 0.49507448 0.4939144 0.48622596 0.466411 0.471644 0.46846247 0.2215169 0.50481236 0.22084542 0.46102932 0.50598943 0.45678836 0.47033232 0.39963302 0.49121448
1.001891 0.48718274 0 0.28134742 0.22582883 0.46771583 0.4336149 0.4355785 0.47597006 0.22528848 0.22205454 0.43808508 0.47352183 0.47937313 0.2788777 0.282804 0.28455567 0.27873266 0.4746508 0.47748062 0.47540435 0.46696994 0.43059036 0.466411 0.47672495 0.44601783 0.48127043 0.47842628 0.471644 0.27771828
0.99999183 0.48986816 0.28134742 0 0.28018418 0.47070688 0.42952576 0.42528248 0.47956264 0.2774287 0.27554917 0.43575725 0.46715635 0.46958384 0.20582764 0.21044709 0.19472599 0.18865727 0.47014514 0.47427428 0.47089422 0.47258234 0.42757794 0.469958 0.47540435 0.4393415 0.47352183 0.47766966 0.469958 0.25307453
0.99658537 0.491407 0.22582883 0.28018418 0 0.471644 0.4297031 0.4258116 0.47956264 0.18917185 0.18583338 0.44565544 0.47033232 0.4714565 0.28748423 0.29308018 0.28616497 0.27873266 0.4714565 0.47389796 0.47108158 0.4718316 0.42669424 0.46864927 0.472958 0.44024023 0.4837441 0.47861555 0.47333384 0.28514048
1.0188149 0.45770827 0.46771583 0.47070688 0.471644 0 0.4858436 0.48756576 0.45440188 0.47597006 0.4723946 0.4843161 0.4458366 0.44565544 0.4662248 0.4718316 0.47220686 0.46362254 0.16051398 0.16598392 0.16349263 0.44096002 0.4858436 0.4418607 0.40854537 0.4919849 0.41217485 0.417914 0.44366533 0.4731459
1.0341415 0.5005121 0.4336149 0.42952576 0.4297031 0.4858436 0 0.13926542 0.4939144 0.43414992 0.43059036 0.45293704 0.48279172 0.4826014 0.4362938 0.44240162 0.43593606 0.42952576 0.4822209 0.48986816 0.48718274 0.4915996 0.4254588 0.48948392 0.48948392 0.32216468 0.49333504 0.50090206 0.49410763 0.4361149
1.0457449 0.49623638 0.4355785 0.42528248 0.4258116 0.48756576 0.13926542 0 0.4927561 0.43183428 0.4236974 0.45202297 0.48756576 0.48622596 0.43486387 0.44168046 0.43468532 0.42793173 0.48660854 0.4921776 0.4923704 0.49025255 0.42229128 0.48890796 0.4841254 0.3206297 0.49256322 0.49526802 0.48852423 0.43397155
1.0534456 0.2279941 0.47597006 0.47956264 0.47956264 0.45440188 0.4939144 0.4927561 0 0.491407 0.47389796 0.4881407 0.38679487 0.39133066 0.48070073 0.48355353 0.48507947 0.47653615 0.44855958 0.45421863 0.45129248 0.12755762 0.4956552 0.12684672 0.4480142 0.4960426 0.4507451 0.4586293 0.3926799 0.47672495
0.99961257 0.4995382 0.22528848 0.2774287 0.18917185 0.47597006 0.43414992 0.43183428 0.491407 0 0.12047876 0.43880278 0.47994182 0.4820307 0.28324157 0.28528675 0.2868976 0.28207538 0.4746508 0.47861555 0.4740861 0.48507947 0.4330803 0.4837441 0.4769138 0.44728765 0.48146042 0.48355353 0.47559288 0.282804
0.9920673 0.4881407 0.22205454 0.27554917 0.18583338 0.4723946 0.43059036 0.4236974 0.47389796 0.12047876 0 0.4355785 0.472958 0.47258234 0.27902275 0.28265825 0.28324157 0.27815285 0.4744625 0.47823706 0.4752159 0.46827576 0.42899403 0.46696994 0.4746508 0.43880278 0.4769138 0.47823706 0.471269 0.28192973
1.0286036 0.49256322 0.43808508 0.43575725 0.44565544 0.4843161 0.45293704 0.45202297 0.4881407 0.43880278 0.4355785 0 0.4881407 0.48737422 0.43790576 0.44312346 0.44493115 0.4355785 0.47785875 0.4820307 0.48089057 0.47804788 0.4555024 0.47899425 0.47729164 0.45826077 0.48527044 0.4837441 0.48355353 0.43790576
1.0262426 0.3974214 0.47352183 0.46715635 0.47033232 0.4458366 0.48279172 0.48756576 0.38679487 0.47994182 0.472958 0.4881407 0 0.10513652 0.47089422 0.47370988 0.47389796 0.4660386 0.44420755 0.44983372 0.44728765 0.3836194 0.48718274 0.3832859 0.44312346 0.49526802 0.44330403 0.44965157 0.2585598 0.4740861
1.0122308 0.39166775 0.47937313 0.46958384 0.4714565 0.44565544 0.4826014 0.48622596 0.39133066 0.4820307 0.47258234 0.48737422 0.10513652 0 0.47014514 0.4718316 0.471644 0.46251008 0.44420755 0.4503804 0.44837776 0.3836194 0.48507947 0.38295257 0.4452932 0.49662408 0.44493115 0.44910538 0.25884217 0.47653615
0.982 0.49082956 0.2788777 0.20582764 0.28748423 0.4662248 0.4362938 0.43486387 0.48070073 0.28324157 0.27902275 0.43790576 0.47089422 0.47014514 0 0.074810006 0.20978543 0.20477574 0.46548036 0.4714565 0.46902296 0.47089422 0.43023533 0.46864927 0.47918367 0.4418607 0.48184055 0.47540435 0.4714565 0.2548985
0.98794943 0.49507448 0.282804 0.21044709 0.29308018 0.4718316 0.44240162 0.44168046 0.48355353 0.28528675 0.28265825 0.44312346 0.47370988 0.4718316 0.074810006 0 0.21656199 0.21044709 0.47108158 0.47823706 0.47427428 0.472958 0.43826443 0.47089422 0.48089057 0.4478325 0.4820307 0.4820307 0.47540435 0.26068023
0.9845971 0.4939144 0.28455567 0.19472599 0.28616497 0.47220686 0.43593606 0.43468532 0.48507947 0.2868976 0.28324157 0.44493115 0.47389796 0.471644 0.20978543 0.21656199 0 0.049284406 0.47578144 0.4820307 0.4788049 0.47672495 0.43254602 0.4744625 0.4820307 0.4471061 0.4869913 0.4822209 0.48032117 0.2601142
0.98794943 0.48622596 0.27873266 0.18865727 0.27873266 0.46362254 0.42952576 0.42793173 0.47653615 0.28207538 0.27815285 0.4355785 0.4660386 0.46251008 0.20477574 0.21044709 0.049284406 0 0.46771583 0.47427428 0.46864927 0.466411 0.4270476 0.46362254 0.4761587 0.44222128 0.47918367 0.4761587 0.47502747 0.25616384
1.0110749 0.466411 0.4746508 0.47014514 0.4714565 0.16051398 0.4822209 0.48660854 0.44855958 0.4746508 0.4744625 0.47785875 0.44420755 0.44420755 0.46548036 0.47108158 0.47578144 0.46771583 0 0.028951678 0.027394261 0.44312346 0.48833245 0.44511214 0.40476185 0.491022 0.41234812 0.41148216 0.44114006 0.47748062
1.0176488 0.471644 0.47748062 0.47427428 0.47389796 0.16598392 0.48986816 0.4921776 0.45421863 0.47861555 0.47823706 0.4820307 0.44983372 0.4503804 0.4714565 0.47823706 0.4820307 0.47427428 0.028951678 0 0.026979495 0.4454743 0.49082956 0.4478325 0.40630734 0.4939144 0.41495198 0.41286817 0.4452932 0.4822209
1.0110749 0.46846247 0.47540435 0.47089422 0.47108158 0.16349263 0.48718274 0.4923704 0.45129248 0.4740861 0.4752159 0.48089057 0.44728765 0.44837776 0.46902296 0.47427428 0.4788049 0.46864927 0.027394261 0.026979495 0 0.44222128 0.49082956 0.44493115 0.40733945 0.49256322 0.41599607 0.41165528 0.44384602 0.47823706
1.0234975 0.2215169 0.46696994 0.47258234 0.4718316 0.44096002 0.4915996 0.49025255 0.12755762 0.48507947 0.46827576 0.47804788 0.3836194 0.3836194 0.47089422 0.472958 0.47672495 0.466411 0.44312346 0.4454743 0.44222128 0 0.49294904 0.011284469 0.4461991 0.4919849 0.44874147 0.45881367 0.38512188 0.4752159
1.0246727 0.50481236 0.43059036 0.42757794 0.42669424 0.4858436 0.4254588 0.42229128 0.4956552 0.4330803 0.42899403 0.4555024 0.48718274 0.48507947 0.43023533 0.43826443 0.43254602 0.4270476 0.48833245 0.49082956 0.49082956 0.49294904 0 0.4917922 0.48641723 0.42863977 0.497012 0.5032458 0.4946876 0.42881688
1.0238891 0.22084542 0.466411 0.469958 0.46864927 0.4418607 0.48948392 0.48890796 0.12684672 0.4837441 0.46696994 0.47899425 0.3832859 0.38295257 0.46864927 0.47089422 0.4744625 0.46362254 0.44511214 0.4478325 0.44493115 0.011284469 0.4917922 0 0.44601783 0.4915996 0.4474692 0.45642072 0.38445374 0.4731459
1.0266355 0.46102932 0.47672495 0.47540435 0.472958 0.40854537 0.48948392 0.4841254 0.4480142 0.4769138 0.4746508 0.47729164 0.44312346 0.4452932 0.47918367 0.48089057 0.4820307 0.4761587 0.40476185 0.40630734 0.40733945 0.4461991 0.48641723 0.44601783 0 0.48948392 0.40596363 0.40733945 0.4489234 0.47051957
1.0203725 0.50598943 0.44601783 0.4393415 0.44024023 0.4919849 0.32216468 0.3206297 0.4960426 0.44728765 0.43880278 0.45826077 0.49526802 0.49662408 0.4418607 0.4478325 0.4471061 0.44222128 0.491022 0.4939144 0.49256322 0.4919849 0.42863977 0.4915996 0.48948392 0 0.49294904 0.49778837 0.49623638 0.44096002
1.0234975 0.45678836 0.48127043 0.47352183 0.4837441 0.41217485 0.49333504 0.49256322 0.4507451 0.48146042 0.4769138 0.48527044 0.44330403 0.44493115 0.48184055 0.4820307 0.4869913 0.47918367 0.41234812 0.41495198 0.41599607 0.44874147 0.497012 0.4474692 0.40596363 0.49294904 0 0.31345698 0.4478325 0.4841254
1.0293922 0.47033232 0.47842628 0.47766966 0.47861555 0.417914 0.50090206 0.49526802 0.4586293 0.48355353 0.47823706 0.4837441 0.44965157 0.44910538 0.47540435 0.4820307 0.4822209 0.4761587 0.41148216 0.41286817 0.41165528 0.45881367 0.5032458 0.45642072 0.40733945 0.49778837 0.31345698 0 0.4503804 0.48756576
1.0361294 0.39963302 0.471644 0.469958 0.47333384 0.44366533 0.49410763 0.48852423 0.3926799 0.47559288 0.471269 0.48355353 0.2585598 0.25884217 0.4714565 0.47540435 0.48032117 0.47502747 0.44114006 0.4452932 0.44384602 0.38512188 0.4946876 0.38445374 0.4489234 0.49623638 0.4478325 0.4503804 0 0.47502747
0.99131685 0.49121448 0.27771828 0.25307453 0.28514048 0.4731459 0.4361149 0.43397155 0.47672495 0.282804 0.28192973 0.43790576 0.4740861 0.47653615 0.2548985 0.26068023 0.2601142 0.25616384 0.47748062 0.4822209 0.47823706 0.4752159 0.42881688 0.4731459 0.47051957 0.44096002 0.4841254 0.48756576 0.47502747 0
