0 0.99131685 1.01146 1.0164845 0.7486681 0.7427221 0.98683035 0.9872032 0.99131685 0.98757625 0.99357027 0.7251619 0.9901927 1.0015109 1.0053219 0.99056727 0.98794943 0.99734104 0.9746289 0.96406794 0.7565787 0.75411475 0.9680563 0.7535683 0.9801504 0.9816297 0.98645765 1.0037951 0.99056727 0.9860852
0.99131685 0 0.98832285 0.99999183 0.9808897 0.98496884 0.9637064 0.9768326 0.97426224 0.97426224 0.98757625 0.9575869 0.99169195 0.43772647 0.43343666 0.9872032 0.97243166 0.9746289 0.97316337 0.98348296 0.9977191 0.990942 0.96406794 0.98794943 0.9669665 0.98757625 0.99847597 0.38897535 0.9662408 0.29248914
1.01146 0.98832285 0 0.266935 1.0286036 1.036926 0.9969631 1.0060863 1.0037951 0.40356198 0.40356198 0.98794943 1.0337447 0.9962078 1.000751 0.3975913 0.3950469 0.40407598 1.019204 1.0122308 1.0195932 1.0141612 0.7446089 1.015322 1.0095364 0.7481256 0.761531 1.000751 1.0141612 1.0045581
1.0164845 0.99999183 0.266935 0 1.0095364 1.0099207 1.0034139 0.99885464 0.9924427 0.40321952 0.4018512 0.9808897 1.0087683 1.0099207 1.0095364 0.39844134 0.3979312 0.40647927 1.005704 0.99999183 1.0168724 1.0049399 0.75411475 1.0068517 1.0045581 0.7585007 0.7629125 1.0091523 1.000751 1.0215429
0.7486681 0.9808897 1.0286036 1.0095364 0 0.2572904 0.99961257 1.0203725 0.9980974 0.9857129 1.0045581 0.5358292 1.000751 0.98683035 0.9872032 0.99131685 1.0068517 1.0083846 0.9980974 0.9898184 0.6011063 0.6013292 0.99056727 0.59932536 0.9977191 1.0149349 0.99281836 1.0126165 0.99923354 0.97609735
0.7427221 0.98496884 1.036926 1.0099207 0.2572904 0 0.98832285 1.01146 0.99357027 0.98645765 0.9920673 0.52952236 0.99658537 0.9872032 0.9827411 0.9853408 0.9958304 0.9920673 1.0015109 0.99658537 0.59888077 0.5966618 0.9775687 0.59444946 0.98907024 1.0015109 0.9901927 1.014548 1.002652 0.9943229
0.98683035 0.9637064 0.9969631 1.0034139 0.99961257 0.98832285 0 0.2431904 0.24374379 0.9615409 0.97609735 0.9950763 0.24832502 0.9901927 0.97573 0.97316337 0.9775687 0.9845971 0.24499045 0.24762909 1.005704 1.0045581 0.97316337 1.0030329 0.4268709 0.99999183 0.99885464 0.98869646 0.3098206 0.98051995
0.9872032 0.9768326 1.0060863 0.99885464 1.0203725 1.01146 0.2431904 0 0.23809068 0.9709704 0.98757625 0.982 0.24084297 0.98683035 0.98757625 0.9894442 0.9946995 1.0022715 0.24388221 0.24540646 1.0045581 0.9962078 0.9950763 0.9969631 0.43325844 0.9962078 1.0118452 0.99357027 0.31148508 0.99658537
0.99131685 0.97426224 1.0037951 0.9924427 0.9980974 0.99357027 0.24374379 0.23809068 0 0.9626228 0.9801504 0.9845971 0.23850287 0.98794943 0.9746289 0.97499573 0.9827411 0.98869646 0.2387778 0.23850287 0.9962078 0.9939465 0.98051995 0.98907024 0.4224669 0.9958304 0.99131685 0.98125964 0.30409884 0.9713354
0.98757625 0.97426224 0.40356198 0.40321952 0.9857129 0.98645765 0.9615409 0.9709704 0.9626228 0 0.22528848 0.9655158 0.9860852 0.9860852 0.97720057 0.2204428 0.21776423 0.2215169 0.97024083 0.9687838 0.97978103 0.9764649 0.73149997 0.9727974 0.9842255 0.7486681 0.7427221 0.9738958 0.97720057 0.9695119
0.99357027 0.98757625 0.40356198 0.4018512 1.0045581 0.9920673 0.97609735 0.98757625 0.9801504 0.22528848 0 0.9658782 1.0011308 0.9860852 0.98051995 0.20123646 0.19472599 0.19953829 0.98645765 0.9831119 0.98645765 0.9783054 0.7376246 0.98237044 1.001891 0.75822586 0.7419149 0.99281836 1.0011308 0.9860852
0.7251619 0.9575869 0.98794943 0.9808897 0.5358292 0.52952236 0.9950763 0.982 0.9845971 0.9655158 0.9658782 0 0.98645765 0.9673296 0.9816297 0.9504507 0.96479154 0.96841997 0.98832285 0.9894442 0.5871945 0.58217925 0.9669665 0.5810934 0.97206604 0.97720057 0.9768326 0.9738958 0.98496884 0.9615409
0.9901927 0.99169195 1.0337447 1.0087683 1.000751 0.99658537 0.24832502 0.24084297 0.23850287 0.9860852 1.0011308 0.98645765 0 1.000751 0.9901927 0.98907024 0.9924427 1.001891 0.17275202 0.17375991 1.0003713 1.0022715 0.98496884 0.99734104 0.42899403 1.0068517 1.0015109 0.9931942 0.3087633 0.99281836
1.0015109 0.43772647 0.9962078 1.0099207 0.98683035 0.9872032 0.9901927 0.98683035 0.98794943 0.9860852 0.9860852 0.9673296 1.000751 0 0.1425234 0.9969631 0.9845971 0.99131685 0.98683035 0.99056727 1.0011308 0.99961257 0.97243166 0.9950763 0.98683035 0.9783054 0.9969631 0.44601783 0.98757625 0.44060004
1.0053219 0.43343666 1.000751 1.0095364 0.9872032 0.9827411 0.97573 0.98757625 0.9746289 0.97720057 0.98051995 0.9816297 0.9901927 0.1425234 0 0.98496884 0.97573 0.9691478 0.9695119 0.97609735 1.0164845 1.0080011 0.9666036 1.0060863 0.97573 0.9860852 1.0015109 0.44096002 0.98051995 0.4361149
0.99056727 0.9872032 0.3975913 0.39844134 0.99131685 0.9853408 0.97316337 0.9894442 0.97499573 0.2204428 0.20123646 0.9504507 0.98907024 0.9969631 0.98496884 0 0.13722132 0.13818255 0.9808897 0.9783054 0.9939465 0.9860852 0.7243734 0.9853408 0.99131685 0.74164605 0.74030316 1.000751 0.9831119 0.99545324
0.98794943 0.97243166 0.3950469 0.3979312 1.0068517 0.9958304 0.9775687 0.9946995 0.9827411 0.21776423 0.19472599 0.96479154 0.9924427 0.9845971 0.97573 0.13722132 0 0.07073301 0.9857129 0.9790429 0.9931942 0.9872032 0.72384816 0.9894442 0.9860852 0.7437997 0.7389627 0.9808897 0.9920673 0.9845971
0.99734104 0.9746289 0.40407598 0.40647927 1.0083846 0.9920673 0.9845971 1.0022715 0.98869646 0.2215169 0.19953829 0.96841997 1.001891 0.99131685 0.9691478 0.13818255 0.07073301 0 0.98757625 0.9842255 0.99885464 0.9931942 0.7317652 0.99545324 1.001891 0.74514884 0.74622995 0.9853408 1.0015109 0.98683035
0.9746289 0.97316337 1.019204 1.005704 0.9980974 1.0015109 0.24499045 0.24388221 0.2387778 0.97024083 0.98645765 0.98832285 0.17275202 0.98683035 0.9695119 0.9808897 0.9857129 0.98757625 0 0.07183272 0.99281836 0.9872032 0.99169195 0.9845971 0.42899403 1.0160967 1.0064689 0.97978103 0.3119397 0.982
0.96406794 0.98348296 1.0122308 0.99999183 0.9898184 0.99658537 0.24762909 0.24540646 0.23850287 0.9687838 0.9831119 0.9894442 0.17375991 0.99056727 0.97609735 0.9783054 0.9790429 0.9842255 0.07183272 0 0.99658537 0.9943229 0.9898184 0.99056727 0.43325844 1.0118452 1.001891 0.990942 0.31042543 0.990942
0.7565787 0.9977191 1.0195932 1.0168724 0.6011063 0.59888077 1.005704 1.0045581 0.9962078 0.97978103 0.98645765 0.5871945 1.0003713 1.0011308 1.0164845 0.9939465 0.9931942 0.99885464 0.99281836 0.99658537 0 0.053783137 0.99056727 0.05281685 0.9950763 1.0087683 1.025065 1.0045581 1.0045581 1.0015109
0.75411475 0.990942 1.0141612 1.0049399 0.6013292 0.5966618 1.0045581 0.9962078 0.9939465 0.9764649 0.9783054 0.58217925 1.0022715 0.99961257 1.0080011 0.9860852 0.9872032 0.9931942 0.9872032 0.9943229 0.053783137 0 0.9901927 0.018937076 0.9946995 0.99545324 1.0207624 1.0118452 1.0003713 0.99357027
0.9680563 0.96406794 0.7446089 0.75411475 0.99056727 0.9775687 0.97316337 0.9950763 0.98051995 0.73149997 0.7376246 0.9669665 0.98496884 0.97243166 0.9666036 0.7243734 0.72384816 0.7317652 0.99169195 0.9898184 0.99056727 0.9901927 0 0.9845971 0.98051995 0.49914902 0.49372122 0.96841997 0.96769285 0.97978103
0.7535683 0.98794943 1.015322 1.0068517 0.59932536 0.59444946 1.0030329 0.9969631 0.98907024 0.9727974 0.98237044 0.5810934 0.99734104 0.9950763 1.0060863 0.9853408 0.9894442 0.99545324 0.9845971 0.99056727 0.05281685 0.018937076 0.9845971 0 0.98757625 0.99545324 1.0180373 1.0015109 0.9946995 0.99545324
0.9801504 0.9669665 1.0095364 1.0045581 0.9977191 0.98907024 0.4268709 0.43325844 0.4224669 0.9842255 1.001891 0.97206604 0.42899403 0.98683035 0.97573 0.99131685 0.9860852 1.001891 0.42899403 0.43325844 0.9950763 0.9946995 0.98051995 0.98757625 0 0.9808897 1.0022715 0.990942 0.4452932 0.97720057
0.9816297 0.98757625 0.7481256 0.7585007 1.0149349 1.0015109 0.99999183 0.9962078 0.9958304 0.7486681 0.75822586 0.97720057 1.0068517 0.9783054 0.9860852 0.74164605 0.7437997 0.74514884 1.0160967 1.0118452 1.0087683 0.99545324 0.49914902 0.99545324 0.9808897 0 0.42722434 0.9845971 1.0049399 0.98645765
0.98645765 0.99847597 0.761531 0.7629125 0.99281836 0.9901927 0.99885464 1.0118452 0.99131685 0.7427221 0.7419149 0.9768326 1.0015109 0.9969631 1.0015109 0.74030316 0.7389627 0.74622995 1.0064689 1.001891 1.025065 1.0207624 0.49372122 1.0180373 1.0022715 0.42722434 0 1.0103053 0.9931942 1.0053219
1.0037951 0.38897535 1.000751 1.0091523 1.0126165 1.014548 0.98869646 0.99357027 0.98125964 0.9738958 0.99281836 0.9738958 0.9931942 0.44601783 0.44096002 1.000751 0.9808897 0.9853408 0.97978103 0.990942 1.0045581 1.0118452 0.96841997 1.0015109 0.990942 0.9845971 1.0103053 0 0.9842255 0.38931137
0.99056727 0.9662408 1.0141612 1.000751 0.99923354 1.002652 0.3098206 0.31148508 0.30409884 0.97720057 1.0011308 0.98496884 0.3087633 0.98757625 0.98051995 0.9831119 0.9920673 1.0015109 0.3119397 0.31042543 1.0045581 1.0003713 0.96769285 0.9946995 0.4452932 1.0049399 0.9931942 0.9842255 0 0.9860852
0.9860852 0.29248914 1.0045581 1.0215429 0.97609735 0.9943229 0.98051995 0.99658537 0.9713354 0.9695119 0.9860852 0.9615409 0.99281836 0.44060004 0.4361149 0.99545324 0.9845971 0.98683035 0.982 0.990942 1.0015109 0.99357027 0.97978103 0.99545324 0.97720057 0.98645765 1.0053219 0.38931137 0.9860852 0
