0 0.98869646 0.99961257 0.9969631 0.9931942 0.9950763 1.0034139 0.97573 0.9655158 1.001891 1.0282096 0.9931942 1.0118452 1.0022715 0.9969631 0.97867405 0.98832285 0.9958304 0.99658537 1.018426 1.0157093 0.99923354 0.99056727 1.0003713 0.97609735 0.9827411 1.0053219 0.98496884 1.001891 0.9842255
0.98869646 0 0.6539662 0.65876466 0.6575622 0.65876466 0.6599691 0.29961228 0.3093673 0.30125424 0.67926043 0.66093403 0.67802465 0.66748005 0.66553456 0.6508636 0.6542054 0.67580533 0.6667499 0.66335183 0.66286767 0.30349907 0.65612173 0.30065674 0.6477737 0.31103078 0.66577744 0.6580429 0.66748005 0.1457956
0.99961257 0.6539662 0 0.6573219 0.6539662 0.5847917 0.5845737 0.64635193 0.65516293 0.6570817 0.6563616 0.43754724 0.65348804 0.64729947 0.6582834 0.12436386 0.12791333 0.5802258 0.5756876 0.6580429 0.6563616 0.6563616 0.5850098 0.6542054 0.35274276 0.67163116 0.6477737 0.25884217 0.27237916 0.6570817
0.9969631 0.65876466 0.6573219 0 0.12177156 0.6626257 0.6686986 0.6489606 0.64967364 0.65348804 0.6669932 0.65516293 0.6696748 0.64351636 0.64540553 0.65612173 0.6563616 0.6669932 0.66456366 0.65948707 0.65516293 0.6590054 0.66504896 0.6558819 0.6619002 0.66383636 0.6573219 0.66748005 0.67016345 0.64872307
0.9931942 0.6575622 0.6539662 0.12177156 0 0.65660155 0.661417 0.64564204 0.64991146 0.65876466 0.6616586 0.6515784 0.66286767 0.6442242 0.64587855 0.6570817 0.65876466 0.6558819 0.6494359 0.6580429 0.64991146 0.6640787 0.6606927 0.661417 0.6590054 0.6592462 0.6616586 0.66553456 0.6694307 0.6520554
0.9950763 0.65876466 0.5847917 0.6626257 0.65660155 0 0.11942267 0.6477737 0.6477737 0.6580429 0.6672366 0.58174473 0.65612173 0.654684 0.6640787 0.58544624 0.58763224 0.5800091 0.5765499 0.6575622 0.6539662 0.6631097 0.5720337 0.65948707 0.59092313 0.65516293 0.6449328 0.5904835 0.5966618 0.6501494
1.0034139 0.6599691 0.5845737 0.6686986 0.661417 0.11942267 0 0.6477737 0.6515784 0.6570817 0.66602045 0.5778452 0.6599691 0.6606927 0.67040783 0.5839199 0.5874133 0.58916616 0.5845737 0.6558819 0.65181684 0.66286767 0.5793593 0.6573219 0.58807015 0.6558819 0.6449328 0.58807015 0.5984365 0.6573219
0.97573 0.29961228 0.64635193 0.6489606 0.64564204 0.6477737 0.6477737 0 0.100091405 0.29308018 0.67016345 0.64564204 0.66335183 0.65660155 0.6568416 0.6413967 0.6470625 0.66748005 0.6575622 0.64919823 0.64872307 0.29530063 0.6418672 0.293228 0.63857985 0.2653664 0.6442242 0.6470625 0.6573219 0.29782516
0.9655158 0.3093673 0.65516293 0.64967364 0.64991146 0.6477737 0.6515784 0.100091405 0 0.30200177 0.675067 0.64729947 0.6713863 0.6631097 0.6631097 0.64824826 0.65444463 0.6686986 0.6616586 0.6508636 0.65134007 0.30665317 0.6489606 0.30409884 0.64257354 0.27324238 0.65277135 0.6508636 0.6611755 0.3074061
1.001891 0.30125424 0.6570817 0.65348804 0.65876466 0.6580429 0.6570817 0.29308018 0.30200177 0 0.67555916 0.661417 0.6694307 0.6582834 0.66577744 0.65181684 0.65516293 0.6669932 0.6570817 0.6677236 0.6667499 0.06504038 0.6501494 0.06427736 0.64801097 0.305901 0.6568416 0.6590054 0.66286767 0.30155316
1.0282096 0.67926043 0.6563616 0.6669932 0.6616586 0.6672366 0.66602045 0.67016345 0.675067 0.67555916 0 0.66335183 0.06307988 0.4080283 0.408373 0.65564215 0.6611755 0.67285645 0.67261124 0.30304956 0.2990161 0.67926043 0.67040783 0.6760516 0.6590054 0.682483 0.30906525 0.67016345 0.6733471 0.6869681
0.9931942 0.66093403 0.43754724 0.65516293 0.6515784 0.58174473 0.5778452 0.64564204 0.64729947 0.661417 0.66335183 0 0.6599691 0.63975227 0.6494359 0.44114006 0.4400604 0.5850098 0.58065945 0.64045656 0.6376432 0.6578025 0.5856646 0.65444463 0.44114006 0.6606927 0.6530102 0.44946945 0.45513538 0.66504896
1.0118452 0.67802465 0.65348804 0.6696748 0.66286767 0.65612173 0.6599691 0.66335183 0.6713863 0.6694307 0.06307988 0.6599691 0 0.39980343 0.40304834 0.6484856 0.6539662 0.67285645 0.6733471 0.29842037 0.29396757 0.671876 0.6672366 0.6696748 0.65948707 0.6767909 0.30200177 0.6699191 0.67065233 0.68223464
1.0022715 0.66748005 0.64729947 0.64351636 0.6442242 0.654684 0.6606927 0.65660155 0.6631097 0.6582834 0.4080283 0.63975227 0.39980343 0 0.059065986 0.6530102 0.6515784 0.6575622 0.6532491 0.39436984 0.39032033 0.66335183 0.6592462 0.6580429 0.64280915 0.66650665 0.39844134 0.654684 0.6542054 0.6667499
0.9969631 0.66553456 0.6582834 0.64540553 0.64587855 0.6640787 0.67040783 0.6568416 0.6631097 0.66577744 0.408373 0.6494359 0.40304834 0.059065986 0 0.6652917 0.66480625 0.66504896 0.661417 0.3962332 0.39166775 0.6696748 0.67285645 0.6652917 0.65181684 0.6686986 0.40150952 0.6616586 0.6652917 0.67065233
0.97867405 0.6508636 0.12436386 0.65612173 0.6570817 0.58544624 0.5839199 0.6413967 0.64824826 0.65181684 0.65564215 0.44114006 0.6484856 0.6530102 0.6652917 0 0.050353087 0.5774132 0.57525676 0.65134007 0.6508636 0.6539662 0.5819619 0.64991146 0.35114396 0.66359407 0.64351636 0.26266474 0.27266678 0.65277135
0.98832285 0.6542054 0.12791333 0.6563616 0.65876466 0.58763224 0.5874133 0.6470625 0.65444463 0.65516293 0.6611755 0.4400604 0.6539662 0.6515784 0.66480625 0.050353087 0 0.5856646 0.582614 0.6539662 0.6530102 0.6592462 0.5839199 0.65492344 0.35370368 0.6652917 0.6461152 0.26664954 0.27324238 0.65492344
0.9958304 0.67580533 0.5802258 0.6669932 0.6558819 0.5800091 0.58916616 0.66748005 0.6686986 0.6669932 0.67285645 0.5850098 0.67285645 0.6575622 0.66504896 0.5774132 0.5856646 0 0.034585312 0.6748211 0.67089695 0.67261124 0.41878742 0.6686986 0.58217925 0.6802505 0.66456366 0.58413774 0.585228 0.67432946
0.99658537 0.6667499 0.5756876 0.66456366 0.6494359 0.5765499 0.5845737 0.6575622 0.6616586 0.6570817 0.67261124 0.58065945 0.6733471 0.6532491 0.661417 0.57525676 0.582614 0.034585312 0 0.6733471 0.66796726 0.66456366 0.41756493 0.65972805 0.5819619 0.67261124 0.6631097 0.57979244 0.5839199 0.6631097
1.018426 0.66335183 0.6580429 0.65948707 0.6580429 0.6575622 0.6558819 0.64919823 0.6508636 0.6677236 0.30304956 0.64045656 0.29842037 0.39436984 0.3962332 0.65134007 0.6539662 0.6748211 0.6733471 0 0.035633236 0.66553456 0.66650665 0.6626257 0.6506254 0.6626257 0.24693382 0.6606927 0.662142 0.6686986
1.0157093 0.66286767 0.6563616 0.65516293 0.64991146 0.6539662 0.65181684 0.64872307 0.65134007 0.6667499 0.2990161 0.6376432 0.29396757 0.39032033 0.39166775 0.6508636 0.6530102 0.67089695 0.66796726 0.035633236 0 0.66335183 0.6580429 0.66093403 0.6489606 0.6590054 0.2426374 0.6568416 0.6599691 0.6682109
0.99923354 0.30349907 0.6563616 0.6590054 0.6640787 0.6631097 0.66286767 0.29530063 0.30665317 0.06504038 0.67926043 0.6578025 0.671876 0.66335183 0.6696748 0.6539662 0.6592462 0.67261124 0.66456366 0.66553456 0.66335183 0 0.654684 0.018117068 0.6489606 0.30665317 0.6582834 0.6602102 0.66335183 0.30304956
0.99056727 0.65612173 0.5850098 0.66504896 0.6606927 0.5720337 0.5793593 0.6418672 0.6489606 0.6501494 0.67040783 0.5856646 0.6672366 0.6592462 0.67285645 0.5819619 0.5839199 0.41878742 0.41756493 0.66650665 0.6580429 0.654684 0 0.64967364 0.58174473 0.6713863 0.6573219 0.58807015 0.58763224 0.6522939
1.0003713 0.30065674 0.6542054 0.6558819 0.661417 0.65948707 0.6573219 0.293228 0.30409884 0.06427736 0.6760516 0.65444463 0.6696748 0.6580429 0.6652917 0.64991146 0.65492344 0.6686986 0.65972805 0.6626257 0.66093403 0.018117068 0.64967364 0 0.6477737 0.30545005 0.654684 0.6580429 0.6606927 0.30170265
0.97609735 0.6477737 0.35274276 0.6619002 0.6590054 0.59092313 0.58807015 0.63857985 0.64257354 0.64801097 0.6590054 0.44114006 0.65948707 0.64280915 0.65181684 0.35114396 0.35370368 0.58217925 0.5819619 0.6506254 0.6489606 0.6489606 0.58174473 0.6477737 0 0.6539662 0.6563616 0.35258272 0.36111194 0.6542054
0.9827411 0.31103078 0.67163116 0.66383636 0.6592462 0.65516293 0.6558819 0.2653664 0.27324238 0.305901 0.682483 0.6606927 0.6767909 0.66650665 0.6686986 0.66359407 0.6652917 0.6802505 0.67261124 0.6626257 0.6590054 0.30665317 0.6713863 0.30545005 0.6539662 0 0.65852404 0.67531306 0.6795078 0.3117881
1.0053219 0.66577744 0.6477737 0.6573219 0.6616586 0.6449328 0.6449328 0.6442242 0.65277135 0.6568416 0.30906525 0.6530102 0.30200177 0.39844134 0.40150952 0.64351636 0.6461152 0.66456366 0.6631097 0.24693382 0.2426374 0.6582834 0.6573219 0.654684 0.6563616 0.65852404 0 0.6484856 0.65492344 0.6713863
0.98496884 0.6580429 0.25884217 0.66748005 0.66553456 0.5904835 0.58807015 0.6470625 0.6508636 0.6590054 0.67016345 0.44946945 0.6699191 0.654684 0.6616586 0.26266474 0.26664954 0.58413774 0.57979244 0.6606927 0.6568416 0.6602102 0.58807015 0.6580429 0.35258272 0.67531306 0.6484856 0 0.15397772 0.6568416
1.001891 0.66748005 0.27237916 0.67016345 0.6694307 0.5966618 0.5984365 0.6573219 0.6611755 0.66286767 0.6733471 0.45513538 0.67065233 0.6542054 0.6652917 0.27266678 0.27324238 0.585228 0.5839199 0.662142 0.6599691 0.66335183 0.58763224 0.6606927 0.36111194 0.6795078 0.65492344 0.15397772 0 0.6667499
0.9842255 0.1457956 0.6570817 0.64872307 0.6520554 0.6501494 0.6573219 0.29782516 0.3074061 0.30155316 0.6869681 0.66504896 0.68223464 0.6667499 0.67065233 0.65277135 0.65492344 0.67432946 0.6631097 0.6686986 0.6682109 0.30304956 0.6522939 0.30170265 0.6542054 0.3117881 0.6713863 0.6568416 0.6667499 0
