0 0.62926584 0.6171003 1.0049399 1.018426 0.6255724 0.65038735 0.69122875 0.61664504 0.6306556 0.6193806 0.6073731 1.0099207 1.0045581 0.6395176 0.6395176 0.70415795 0.69576657 0.64587855 0.6442242 0.64872307 0.6409265 0.64919823 0.6421026 1.0103053 0.6371753 0.6311194 0.62396216 0.63881415 0.6294973
0.62926584 0 0.1573004 0.9943229 0.99056727 0.47502747 0.47842628 0.6869681 0.46920985 0.4837441 0.47258234 0.6313514 0.98496884 0.97720057 0.47823706 0.48032117 0.68972224 0.68796843 0.64872307 0.6461152 0.65181684 0.47899425 0.6590054 0.47766966 0.9831119 0.48641723 0.48070073 0.4771027 0.4837441 0.47483912
0.6171003 0.1573004 0 0.98496884 0.9853408 0.46492255 0.47502747 0.6795078 0.45881367 0.47559288 0.46399376 0.6161901 0.9666036 0.959741 0.47070688 0.47258234 0.68198633 0.68173814 0.6353068 0.6339084 0.63857985 0.46808907 0.66359407 0.46715635 0.9673296 0.4746508 0.471644 0.472958 0.47333384 0.47277015
1.0049399 0.9943229 0.98496884 0 0.15668398 1.0091523 1.015322 0.99885464 0.9842255 0.9842255 0.9709704 0.9931942 0.70954716 0.697032 0.99999183 0.99999183 1.0015109 1.0003713 0.98645765 0.98237044 0.9860852 0.9842255 1.0072346 0.9816297 0.71367943 0.9950763 1.0133885 1.0164845 1.0227151 1.0099207
1.018426 0.99056727 0.9853408 0.15668398 0 1.0118452 1.0157093 0.99847597 0.9842255 0.98051995 0.97426224 0.9980974 0.72018194 0.7080034 1.000751 1.002652 0.99847597 0.99658537 0.9779369 0.97426224 0.97867405 0.9901927 1.0103053 0.9872032 0.72568804 0.99056727 1.015322 1.0286036 1.0297868 1.0258498
0.6255724 0.47502747 0.46492255 1.0091523 1.0118452 0 0.14725451 0.6945033 0.26280668 0.27151692 0.26025566 0.6348403 0.9898184 0.98496884 0.27194792 0.2768499 0.69349426 0.6904751 0.6484856 0.64991146 0.65516293 0.2679349 0.6580429 0.26836383 0.99056727 0.2738184 0.4180886 0.41861266 0.4242254 0.42194015
0.65038735 0.47842628 0.47502747 1.015322 1.0157093 0.14725451 0 0.69804585 0.26522398 0.2806202 0.26565138 0.63975227 0.98645765 0.9827411 0.27453908 0.27916783 0.700841 0.69804585 0.6626257 0.66359407 0.6682109 0.2703688 0.675067 0.26950887 0.99658537 0.27858767 0.42106307 0.42299402 0.42740113 0.4231698
0.69122875 0.6869681 0.6795078 0.99885464 0.99847597 0.6945033 0.69804585 0 0.67285645 0.6950084 0.6844731 0.6834774 0.97609735 0.9626228 0.6924865 0.6894714 0.14908214 0.1465247 0.69022405 0.69022405 0.6927383 0.6859691 0.6867182 0.68721807 0.9662408 0.695261 0.6795078 0.6904751 0.6907262 0.67531306
0.61664504 0.46920985 0.45881367 0.9842255 0.9842255 0.26280668 0.26522398 0.67285645 0 0.12791333 0.12059619 0.61278665 0.9816297 0.9808897 0.26025566 0.26650688 0.6790131 0.6782716 0.62880313 0.6285719 0.63228023 0.14397594 0.6573219 0.14361255 0.9687838 0.26181358 0.4113091 0.408373 0.41356212 0.40647927
0.6306556 0.4837441 0.47559288 0.9842255 0.98051995 0.27151692 0.2806202 0.6950084 0.12791333 0 0.113117166 0.6267246 0.9706055 0.97426224 0.27786312 0.28265825 0.6950084 0.6932422 0.6350735 0.6374092 0.6413967 0.15287343 0.67163116 0.15262826 0.97316337 0.27367437 0.43023533 0.43112323 0.43076792 0.4236974
0.6193806 0.47258234 0.46399376 0.9709704 0.97426224 0.26025566 0.26565138 0.6844731 0.12059619 0.113117166 0 0.6258027 0.96769285 0.9695119 0.26593643 0.27079913 0.6832287 0.6807461 0.62649405 0.6267246 0.63088745 0.14349145 0.65277135 0.14324932 0.97170067 0.26422766 0.41564786 0.420187 0.4207125 0.4147781
0.6073731 0.6313514 0.6161901 0.9931942 0.9980974 0.6348403 0.63975227 0.6834774 0.61278665 0.6267246 0.6258027 0 0.9827411 0.982 0.62075216 0.62396216 0.68972224 0.6827315 0.6573219 0.6590054 0.6623838 0.6205234 0.66650665 0.62235546 0.9931942 0.62903446 0.6306556 0.6269553 0.6364741 0.62488186
1.0099207 0.98496884 0.9666036 0.70954716 0.72018194 0.9898184 0.98645765 0.97609735 0.9816297 0.9706055 0.96769285 0.9827411 0 0.057336878 0.98348296 0.98237044 0.99056727 0.98683035 0.9943229 0.99923354 0.9977191 0.9827411 0.9779369 0.98125964 0.42440146 0.97978103 0.98645765 0.9753628 0.98907024 0.98237044
1.0045581 0.97720057 0.959741 0.697032 0.7080034 0.98496884 0.9827411 0.9626228 0.9808897 0.97426224 0.9695119 0.982 0.057336878 0 0.9738958 0.97352946 0.98125964 0.97720057 0.9894442 0.9943229 0.9939465 0.97978103 0.9775687 0.9779369 0.4236974 0.9779369 0.98496884 0.97206604 0.9831119 0.9753628
0.6395176 0.47823706 0.47070688 0.99999183 1.000751 0.27194792 0.27453908 0.6924865 0.26025566 0.27786312 0.26593643 0.62075216 0.98348296 0.9738958 0 0.042904105 0.69148016 0.6929902 0.6439882 0.64280915 0.64729947 0.26722056 0.6611755 0.26722056 0.9950763 0.27094263 0.42281827 0.41966185 0.42722434 0.42563516
0.6395176 0.48032117 0.47258234 0.99999183 1.002652 0.2768499 0.27916783 0.6894714 0.26650688 0.28265825 0.27079913 0.62396216 0.98237044 0.97352946 0.042904105 0 0.6922348 0.6924865 0.6461152 0.64516914 0.64991146 0.27309844 0.6640787 0.27324238 0.9962078 0.2759825 0.4251062 0.4261645 0.42952576 0.42952576
0.70415795 0.68972224 0.68198633 1.0015109 0.99847597 0.69349426 0.700841 0.14908214 0.6790131 0.6950084 0.6832287 0.68972224 0.99056727 0.98125964 0.69148016 0.6922348 0 0.039417937 0.6932422 0.6924865 0.69425094 0.6834774 0.6955138 0.68397504 0.98832285 0.69349426 0.6894714 0.6962725 0.70415795 0.68796843
0.69576657 0.68796843 0.68173814 1.0003713 0.99658537 0.6904751 0.69804585 0.1465247 0.6782716 0.6932422 0.6807461 0.6827315 0.98683035 0.97720057 0.6929902 0.6924865 0.039417937 0 0.6927383 0.69198316 0.6929902 0.68298006 0.69173163 0.6837262 0.98683035 0.69399863 0.6834774 0.6937464 0.69906104 0.68298006
0.64587855 0.64872307 0.6353068 0.98645765 0.9779369 0.6484856 0.6626257 0.69022405 0.62880313 0.6350735 0.62649405 0.6573219 0.9943229 0.9894442 0.6439882 0.6461152 0.6932422 0.6927383 0 0.015254078 0.017605018 0.6402217 0.44276246 0.64045656 0.9980974 0.65277135 0.6470625 0.65253264 0.65660155 0.6444604
0.6442242 0.6461152 0.6339084 0.98237044 0.97426224 0.64991146 0.66359407 0.69022405 0.6285719 0.6374092 0.6267246 0.6590054 0.99923354 0.9943229 0.64280915 0.64516914 0.6924865 0.69198316 0.015254078 0 0.014540035 0.63998693 0.44294295 0.6395176 1.0011308 0.6506254 0.64635193 0.6506254 0.65612173 0.6413967
0.64872307 0.65181684 0.63857985 0.9860852 0.97867405 0.65516293 0.6682109 0.6927383 0.63228023 0.6413967 0.63088745 0.6623838 0.9977191 0.9939465 0.64729947 0.64991146 0.69425094 0.6929902 0.017605018 0.014540035 0 0.6439882 0.44475016 0.6439882 0.99885464 0.65612173 0.65253264 0.654684 0.65972805 0.6461152
0.6409265 0.47899425 0.46808907 0.9842255 0.9901927 0.2679349 0.2703688 0.6859691 0.14397594 0.15287343 0.14349145 0.6205234 0.9827411 0.97978103 0.26722056 0.27309844 0.6834774 0.68298006 0.6402217 0.63998693 0.6439882 0 0.66383636 0.010777061 0.98237044 0.26893613 0.42176464 0.42740113 0.42598802 0.42088777
0.64919823 0.6590054 0.66359407 1.0072346 1.0103053 0.6580429 0.675067 0.6867182 0.6573219 0.67163116 0.65277135 0.66650665 0.9779369 0.9775687 0.6611755 0.6640787 0.6955138 0.69173163 0.44276246 0.44294295 0.44475016 0.66383636 0 0.66456366 0.9969631 0.6626257 0.66748005 0.6602102 0.6686986 0.65277135
0.6421026 0.47766966 0.46715635 0.9816297 0.9872032 0.26836383 0.26950887 0.68721807 0.14361255 0.15262826 0.14324932 0.62235546 0.98125964 0.9779369 0.26722056 0.27324238 0.68397504 0.6837262 0.64045656 0.6395176 0.6439882 0.010777061 0.66456366 0 0.98125964 0.26936567 0.42299402 0.42881688 0.42651764 0.42194015
1.0103053 0.9831119 0.9673296 0.71367943 0.72568804 0.99056727 0.99658537 0.9662408 0.9687838 0.97316337 0.97170067 0.9931942 0.42440146 0.4236974 0.9950763 0.9962078 0.98832285 0.98683035 0.9980974 1.0011308 0.99885464 0.98237044 0.9969631 0.98125964 0 0.9898184 1.0087683 0.99545324 1.0064689 0.99885464
0.6371753 0.48641723 0.4746508 0.9950763 0.99056727 0.2738184 0.27858767 0.695261 0.26181358 0.27367437 0.26422766 0.62903446 0.97978103 0.9779369 0.27094263 0.2759825 0.69349426 0.69399863 0.65277135 0.6506254 0.65612173 0.26893613 0.6626257 0.26936567 0.9898184 0 0.42881688 0.43183428 0.43254602 0.4254588
0.6311194 0.48070073 0.471644 1.0133885 1.015322 0.4180886 0.42106307 0.6795078 0.4113091 0.43023533 0.41564786 0.6306556 0.98645765 0.98496884 0.42281827 0.4251062 0.6894714 0.6834774 0.6470625 0.64635193 0.65253264 0.42176464 0.66748005 0.42299402 1.0087683 0.42881688 0 0.17338179 0.1790737 0.17224857
0.62396216 0.4771027 0.472958 1.0164845 1.0286036 0.41861266 0.42299402 0.6904751 0.408373 0.43112323 0.420187 0.6269553 0.9753628 0.97206604 0.41966185 0.4261645 0.6962725 0.6937464 0.65253264 0.6506254 0.654684 0.42740113 0.6602102 0.42881688 0.99545324 0.43183428 0.17338179 0 0.16486183 0.15385495
0.63881415 0.4837441 0.47333384 1.0227151 1.0297868 0.4242254 0.42740113 0.6907262 0.41356212 0.43076792 0.4207125 0.6364741 0.98907024 0.9831119 0.42722434 0.42952576 0.70415795 0.69906104 0.65660155 0.65612173 0.65972805 0.42598802 0.6686986 0.42651764 1.0064689 0.43254602 0.1790737 0.16486183 0 0.16237426
0.6294973 0.47483912 0.47277015 1.0099207 1.0258498 0.42194015 0.4231698 0.67531306 0.40647927 0.4236974 0.4147781 0.62488186 0.98237044 0.9753628 0.42563516 0.42952576 0.68796843 0.68298006 0.6444604 0.6413967 0.6461152 0.42088777 0.65277135 0.42194015 0.99885464 0.4254588 0.17224857 0.15385495 0.16237426 0
