0 0.77404758333 0.78194238333 0.52623478333 0.51821548333 0.98700953333 0.52341828333 0.98552072333 0.96933568333 0.52121268333 0.52704148333 0.51324658333 0.78109248333 0.79049432333 0.77826655333 0.77911323333 0.79279143333 0.79365462333 0.79279143333 0.79885495333 0.51582628333 0.51602513333 0.52906198333 0.51622398333 0.78109248333 0.80379975333 0.79827538333 0.78279318333 0.98181152333 0.99149388333
0.77404758333 0 0.19787528333 0.78137565333 0.78392911333 0.99449838333 0.76042848333 0.98514898333 0.98366378333 0.78250945333 0.77967818333 0.78052648333 0.46733546333 0.57710178333 0.46714914333 0.46324724333 0.27624548333 0.27581233333 0.57623948333 0.58012772333 0.75822824333 0.75439334333 0.76985208333 0.75493998333 0.56342228333 0.55311501333 0.54749543333 0.57818103333 0.98440598333 0.98255188333
0.78194238333 0.19787528333 0 0.78763282333 0.77798458333 0.99864928333 0.76873728333 0.99864928333 0.99074458333 0.78563625333 0.78421338333 0.78392911333 0.46139631333 0.57494783333 0.46491700333 0.45954993333 0.27610105333 0.27537942333 0.57645494333 0.58056098333 0.76540273333 0.76263518333 0.76623498333 0.76318788333 0.56660608333 0.54915613333 0.53332278333 0.58207941333 0.99412215333 0.98775508333
0.52623478333 0.78137565333 0.78763282333 0 0.20074286333 0.98663708333 0.35972416333 0.98663708333 0.97334928333 0.30645288333 0.30300254333 0.53088504333 0.80175972333 0.78506678333 0.79856508333 0.80001548333 0.80205078333 0.79914492333 0.79135488333 0.79538405333 0.35875621333 0.35602045333 0.40978724333 0.35618112333 0.77939564333 0.78877608333 0.80438358333 0.77854868333 0.98514898333 0.98812813333
0.51821548333 0.78392911333 0.77798458333 0.20074286333 0 0.98775508333 0.35940138333 0.97922593333 0.97775245333 0.30630252333 0.30450073333 0.52744514333 0.79972524333 0.79798573333 0.79480714333 0.79480714333 0.79827538333 0.79827538333 0.80438358333 0.81231088333 0.35843384333 0.35457614333 0.40944216333 0.35473648333 0.79221648333 0.79798573333 0.81113118333 0.79711753333 0.98366378333 0.98440598333
0.98700953333 0.99449838333 0.99864928333 0.98663708333 0.98775508333 0 0.98514898333 0.15772896333 0.15220022333 0.97628188333 1.00206278333 1.00740358333 0.98850131333 1.01394038333 0.97371525333 0.98181152333 0.98514898333 0.98403484333 1.02131428333 1.02444098333 0.96969968333 0.97298354333 0.99186873333 0.97261792333 1.00625588333 0.98403484333 0.97701678333 1.00663818333 0.22354822333 0.21578029333
0.52341828333 0.76042848333 0.76873728333 0.35972416333 0.35940138333 0.98514898333 0 0.96606768333 0.96933568333 0.36312188333 0.36360851333 0.52724328333 0.78820428333 0.79914492333 0.78478218333 0.78849012333 0.76901585333 0.76845884333 0.79769623333 0.80146873333 0.14987804333 0.14890243333 0.40978724333 0.14902432333 0.79279143333 0.79509558333 0.79509558333 0.78449774333 0.97334928333 0.99261918333
0.98552072333 0.98514898333 0.99864928333 0.98663708333 0.97922593333 0.15772896333 0.96606768333 0 0.14174624333 0.97298354333 0.99149388333 1.00054371333 0.98107183333 1.00130288333 0.96679268333 0.97518078333 0.99487478333 0.99149388333 1.01008828333 1.00893648333 0.96173238333 0.96389693333 1.00054371333 0.96353573333 1.00816958333 0.98700953333 0.97591468333 1.00320388333 0.22651585333 0.21992210333
0.96933568333 0.98366378333 0.99074458333 0.97334928333 0.97775245333 0.15220022333 0.96933568333 0.14174624333 0 0.94993808333 0.96679268333 0.98070228333 0.96173238333 0.98107183333 0.94640028333 0.95742208333 0.97701678333 0.98107183333 0.98962212333 0.98850131333 0.96173238333 0.96534342333 0.97885728333 0.96498148333 0.98700953333 0.97298354333 0.95242438333 0.98700953333 0.22341360333 0.21498129333
0.52121268333 0.78250945333 0.78563625333 0.30645288333 0.30630252333 0.97628188333 0.36312188333 0.97298354333 0.94993808333 0 0.09438424333 0.53617678333 0.78906218333 0.78820428333 0.77826655333 0.78392911333 0.79480714333 0.79106798333 0.79914492333 0.80292478333 0.36588371333 0.36490778333 0.41151494333 0.36507034333 0.78194238333 0.79711753333 0.81083648333 0.77432808333 0.96606768333 0.96425828333
0.52704148333 0.77967818333 0.78421338333 0.30300254333 0.30450073333 1.00206278333 0.36360851333 0.99149388333 0.96679268333 0.09438424333 0 0.54439158333 0.79711753333 0.79279143333 0.78849012333 0.79192918333 0.79509558333 0.79336678333 0.79885495333 0.80292478333 0.36425788333 0.36344628333 0.41065058333 0.36360851333 0.78194238333 0.79856508333 0.80643082333 0.78279318333 0.98850131333 0.98589268333
0.51324658333 0.78052648333 0.78392911333 0.53088504333 0.52744514333 1.00740358333 0.52724328333 1.00054371333 0.98070228333 0.53617678333 0.54439158333 0 0.79856508333 0.80438358333 0.79798573333 0.79798573333 0.78194238333 0.78279318333 0.80117788333 0.80907112333 0.52683973333 0.52724328333 0.52926428333 0.52744514333 0.79078108333 0.79020768333 0.80088708333 0.79856508333 0.99449838333 1.00740358333
0.78109248333 0.46733546333 0.46139631333 0.80175972333 0.79972524333 0.98850131333 0.78820428333 0.98107183333 0.96173238333 0.78906218333 0.79711753333 0.79856508333 0 0.57861322333 0.07613571333 0.07447849333 0.47671058333 0.47746568333 0.57947828333 0.58099448333 0.77404758333 0.77488948333 0.78506678333 0.77545124333 0.57044458333 0.54977978333 0.54335978333 0.57926188333 0.97848878333 0.97481412333
0.79049432333 0.57710178333 0.57494783333 0.78506678333 0.79798573333 1.01394038333 0.79914492333 1.00130288333 0.98107183333 0.78820428333 0.79279143333 0.80438358333 0.57861322333 0 0.57408798333 0.57408798333 0.57044458333 0.56894952333 0.05293966833 0.05637905733 0.79020768333 0.78963468333 0.78877608333 0.78963468333 0.26862973333 0.57258558333 0.57602398333 0.22516547333 0.98924834333 0.99675968333
0.77826655333 0.46714914333 0.46491700333 0.79856508333 0.79480714333 0.97371525333 0.78478218333 0.96679268333 0.94640028333 0.77826655333 0.78849012333 0.79798573333 0.07613571333 0.57408798333 0 0.03576577333 0.47841063333 0.47822154333 0.57430288333 0.57494783333 0.77657608333 0.77657608333 0.77996081333 0.77713918333 0.56916288333 0.54459808333 0.53945188333 0.57365838333 0.96101228333 0.96065253333
0.77911323333 0.46324724333 0.45954993333 0.80001548333 0.79480714333 0.98181152333 0.78849012333 0.97518078333 0.95742208333 0.78392911333 0.79192918333 0.79798573333 0.07447849333 0.57408798333 0.03576577333 0 0.47257108333 0.47332203333 0.57473278333 0.57537812333 0.77911323333 0.77911323333 0.78677648333 0.77967818333 0.56873614333 0.54232943333 0.53760788333 0.57344371333 0.96751838333 0.96715548333
0.79279143333 0.27624548333 0.27610105333 0.80205078333 0.79827538333 0.98514898333 0.76901585333 0.99487478333 0.97701678333 0.79480714333 0.79509558333 0.78194238333 0.47671058333 0.57044458333 0.47841063333 0.47257108333 0 0.03492778533 0.56639344333 0.57151428333 0.77152748333 0.76929448333 0.77854868333 0.76985208333 0.56894952333 0.55730492333 0.55040401333 0.57430288333 0.98589268333 0.98403484333
0.79365462333 0.27581233333 0.27537942333 0.79914492333 0.79827538333 0.98403484333 0.76845884333 0.99149388333 0.98107183333 0.79106798333 0.79336678333 0.78279318333 0.47746568333 0.56894952333 0.47822154333 0.47332203333 0.03492778533 0 0.56448203333 0.56852288333 0.77068928333 0.76790228333 0.77883088333 0.76845884333 0.57087228333 0.56004101333 0.55227983333 0.57194268333 0.98440598333 0.97922593333
0.79279143333 0.57623948333 0.57645494333 0.79135488333 0.80438358333 1.02131428333 0.79769623333 1.01008828333 0.98962212333 0.79914492333 0.79885495333 0.80117788333 0.57947828333 0.05293966833 0.57430288333 0.57473278333 0.56639344333 0.56448203333 0 0.02535761333 0.78506678333 0.78535148333 0.79394263333 0.78535148333 0.26977435333 0.57688608333 0.57473278333 0.22408691333 0.99827098333 1.00587378333
0.79885495333 0.58012772333 0.58056098333 0.79538405333 0.81231088333 1.02444098333 0.80146873333 1.00893648333 0.98850131333 0.80292478333 0.80292478333 0.80907112333 0.58099448333 0.05637905733 0.57494783333 0.57537812333 0.57151428333 0.56852288333 0.02535761333 0 0.79049432333 0.79192918333 0.80059648333 0.79192918333 0.27163804333 0.57904558333 0.58034432333 0.22692144333 0.99638228333 1.00816958333
0.51582628333 0.75822824333 0.76540273333 0.35875621333 0.35843384333 0.96969968333 0.14987804333 0.96173238333 0.96173238333 0.36588371333 0.36425788333 0.52683973333 0.77404758333 0.79020768333 0.77657608333 0.77911323333 0.77152748333 0.77068928333 0.78506678333 0.79049432333 0 0.02123445833 0.40565688333 0.02144007933 0.77967818333 0.78109248333 0.78535148333 0.78478218333 0.97225255333 0.98887473333
0.51602513333 0.75439334333 0.76263518333 0.35602045333 0.35457614333 0.97298354333 0.14890243333 0.96389693333 0.96534342333 0.36490778333 0.36344628333 0.52724328333 0.77488948333 0.78963468333 0.77657608333 0.77911323333 0.76929448333 0.76790228333 0.78535148333 0.79192918333 0.02123445833 0 0.40651551333 0.000751910000000003 0.77967818333 0.77826655333 0.78137565333 0.78421338333 0.97188728333 0.99412215333
0.52906198333 0.76985208333 0.76623498333 0.40978724333 0.40944216333 0.99186873333 0.40978724333 1.00054371333 0.97885728333 0.41151494333 0.41065058333 0.52926428333 0.78506678333 0.78877608333 0.77996081333 0.78677648333 0.77854868333 0.77883088333 0.79394263333 0.80059648333 0.40565688333 0.40651551333 0 0.40668735333 0.76623498333 0.78620613333 0.79943502333 0.78364498333 1.00206278333 1.00778648333
0.51622398333 0.75493998333 0.76318788333 0.35618112333 0.35473648333 0.97261792333 0.14902432333 0.96353573333 0.96498148333 0.36507034333 0.36360851333 0.52744514333 0.77545124333 0.78963468333 0.77713918333 0.77967818333 0.76985208333 0.76845884333 0.78535148333 0.79192918333 0.02144007933 0.000751910000000003 0.40668735333 0 0.77967818333 0.77854868333 0.78165895333 0.78421338333 0.97152228333 0.99337024333
0.78109248333 0.56342228333 0.56660608333 0.77939564333 0.79221648333 1.00625588333 0.79279143333 1.00816958333 0.98700953333 0.78194238333 0.78194238333 0.79078108333 0.57044458333 0.26862973333 0.56916288333 0.56873614333 0.56894952333 0.57087228333 0.26977435333 0.27163804333 0.77967818333 0.77967818333 0.76623498333 0.77967818333 0 0.57645494333 0.57365838333 0.25911168333 0.97848878333 0.99111915333
0.80379975333 0.55311501333 0.54915613333 0.78877608333 0.79798573333 0.98403484333 0.79509558333 0.98700953333 0.97298354333 0.79711753333 0.79856508333 0.79020768333 0.54977978333 0.57258558333 0.54459808333 0.54232943333 0.55730492333 0.56004101333 0.57688608333 0.57904558333 0.78109248333 0.77826655333 0.78620613333 0.77854868333 0.57645494333 0 0.22841047333 0.58338338333 0.97408134333 0.96933568333
0.79827538333 0.54749543333 0.53332278333 0.80438358333 0.81113118333 0.97701678333 0.79509558333 0.97591468333 0.95242438333 0.81083648333 0.80643082333 0.80088708333 0.54335978333 0.57602398333 0.53945188333 0.53760788333 0.55040401333 0.55227983333 0.57473278333 0.58034432333 0.78535148333 0.78137565333 0.79943502333 0.78165895333 0.57365838333 0.22841047333 0 0.58012772333 0.96425828333 0.96715548333
0.78279318333 0.57818103333 0.58207941333 0.77854868333 0.79711753333 1.00663818333 0.78449774333 1.00320388333 0.98700953333 0.77432808333 0.78279318333 0.79856508333 0.57926188333 0.22516547333 0.57365838333 0.57344371333 0.57430288333 0.57194268333 0.22408691333 0.22692144333 0.78478218333 0.78421338333 0.78364498333 0.78421338333 0.25911168333 0.58338338333 0.58012772333 0 0.99111915333 0.99713725333
0.98181152333 0.98440598333 0.99412215333 0.98514898333 0.98366378333 0.22354822333 0.97334928333 0.22651585333 0.22341360333 0.96606768333 0.98850131333 0.99449838333 0.97848878333 0.98924834333 0.96101228333 0.96751838333 0.98589268333 0.98440598333 0.99827098333 0.99638228333 0.97225255333 0.97188728333 1.00206278333 0.97152228333 0.97848878333 0.97408134333 0.96425828333 0.99111915333 0 0.22435641333
0.99149388333 0.98255188333 0.98775508333 0.98812813333 0.98440598333 0.21578029333 0.99261918333 0.21992210333 0.21498129333 0.96425828333 0.98589268333 1.00740358333 0.97481412333 0.99675968333 0.96065253333 0.96715548333 0.98403484333 0.97922593333 1.00587378333 1.00816958333 0.98887473333 0.99412215333 1.00778648333 0.99337024333 0.99111915333 0.96933568333 0.96715548333 0.99713725333 0.22435641333 0
