0 0.6058015 0.71006244 0.69399863 1.0076177 0.6078228 0.6058015 1.0118452 1.0176488 0.6892207 0.6950084 0.6103006 0.6929902 1.032159 1.036926 0.68621874 0.6834774 0.6767909 0.6748211 1.0188149 1.0203725 0.5982144 0.6889701 0.5968834 0.6026681 0.6945033 0.620981 0.6075979 0.61256033 0.6844731
0.6058015 0 0.7243734 0.71032023 1.0164845 0.12815055 0.130646 1.0227151 1.0227151 0.7080034 0.7051815 0.39980343 0.6972853 1.0417235 1.0445362 0.71367943 0.71342045 0.6955138 0.69173163 1.033348 1.0357314 0.12448191 0.71161044 0.123302296 0.62741685 0.69855326 0.6371753 0.61664504 0.61482686 0.71549445
0.71006244 0.7243734 0 0.11102706 0.9977191 0.72384816 0.7320306 1.0015109 1.0099207 0.54177755 0.49740008 0.7251619 0.4975942 1.0219333 1.0262426 0.5434268 0.5407486 0.47729164 0.47899425 1.0234975 1.019204 0.7173139 0.49817687 0.7193987 0.70543754 0.5010971 0.70288044 0.695261 0.7033912 0.55256313
0.69399863 0.71032023 0.11102706 0 0.9939465 0.7087749 0.71887696 0.98869646 1.0022715 0.5333815 0.49410763 0.7173139 0.4943009 1.0289978 1.036926 0.537056 0.5327709 0.46790242 0.46939683 1.0286036 1.0254573 0.70288044 0.4919849 0.70415795 0.6967787 0.4923704 0.6988071 0.69198316 0.70033205 0.54570043
1.0076177 1.0164845 0.9977191 0.9939465 0 1.0076177 1.0099207 0.100548655 0.10571198 1.0160967 0.9853408 1.0473596 0.9898184 0.38228634 0.37962735 1.0137748 1.0072346 0.9775687 0.97499573 0.37450224 0.37697777 1.0045581 0.9894442 1.005704 1.0076177 0.9768326 1.0045581 0.99734104 0.9946995 1.032159
0.6078228 0.12815055 0.72384816 0.7087749 1.0076177 0 0.099520236 1.0180373 1.0160967 0.7033912 0.7051815 0.40133873 0.69855326 1.0473596 1.0445362 0.71238565 0.70928967 0.6884691 0.6854701 1.0313674 1.0337447 0.10375721 0.71316165 0.10283908 0.61960906 0.69906104 0.63460726 0.614373 0.61052626 0.7175742
0.6058015 0.130646 0.7320306 0.71887696 1.0099207 0.099520236 0 1.0188149 1.0219333 0.71032023 0.70903224 0.4028772 0.70160514 1.0357314 1.0325551 0.71549445 0.714716 0.7013504 0.7013504 1.0215429 1.0246727 0.10513652 0.7157541 0.104791455 0.62189704 0.7023701 0.6360069 0.61596274 0.6150539 0.72018194
1.0118452 1.0227151 1.0015109 0.98869646 0.100548655 1.0180373 1.0188149 0 0.093379185 1.0133885 0.98757625 1.0604033 0.9894442 0.38245285 0.37863266 1.0110749 1.0064689 0.98683035 0.9842255 0.37912986 0.3812881 1.0118452 0.9872032 1.0122308 1.0015109 0.9779369 1.0037951 1.0041765 1.0011308 1.032159
1.0176488 1.0227151 1.0099207 1.0022715 0.10571198 1.0160967 1.0219333 0.093379185 0 1.0149349 0.9842255 1.0554852 0.9860852 0.38696238 0.38545617 1.0130024 1.0080011 0.98832285 0.98645765 0.38195345 0.38311923 1.0130024 0.9842255 1.0141612 1.0011308 0.9838541 1.0060863 1.0072346 1.000751 1.0353336
0.6892207 0.7080034 0.54177755 0.5333815 1.0160967 0.7033912 0.71032023 1.0133885 1.0149349 0 0.5214621 0.6965256 0.51806253 1.0317632 1.0215429 0.06700602 0.06733413 0.50168246 0.49934357 1.0429276 1.0441338 0.6960195 0.51607 0.6950084 0.68571955 0.51487696 0.69576657 0.6731017 0.6894714 0.14361255
0.6950084 0.7051815 0.49740008 0.49410763 0.9853408 0.7051815 0.70903224 0.98757625 0.9842255 0.5214621 0 0.7080034 0.060257066 1.0223241 1.0227151 0.52608615 0.5204606 0.47540435 0.4771027 1.0160967 1.015322 0.70007765 0.49121448 0.700841 0.7026252 0.27338633 0.70160514 0.69399863 0.702115 0.52387106
0.6103006 0.39980343 0.7251619 0.7173139 1.0473596 0.40133873 0.4028772 1.0604033 1.0554852 0.6965256 0.7080034 0 0.71161044 1.0745156 1.0791388 0.70160514 0.6998234 0.70595 0.7051815 1.0505993 1.0514114 0.39436984 0.70903224 0.3930176 0.62396216 0.70033205 0.6334428 0.61256033 0.6112037 0.7113522
0.6929902 0.6972853 0.4975942 0.4943009 0.9898184 0.69855326 0.70160514 0.9894442 0.9860852 0.51806253 0.060257066 0.71161044 0 1.025065 1.0262426 0.5226656 0.5184617 0.4744625 0.47578144 1.0246727 1.0227151 0.6929902 0.49294904 0.6924865 0.6907262 0.27223536 0.69399863 0.6887196 0.69753873 0.52306724
1.032159 1.0417235 1.0219333 1.0289978 0.38228634 1.0473596 1.0357314 0.38245285 0.38696238 1.0317632 1.0223241 1.0745156 1.025065 0 0.058741476 1.0278157 1.0254573 0.99885464 0.9958304 0.18085337 0.18391407 1.0381224 1.0049399 1.0357314 1.0034139 0.99056727 1.0207624 1.0060863 1.005704 1.0518178
1.036926 1.0445362 1.0262426 1.036926 0.37962735 1.0445362 1.0325551 0.37863266 0.38545617 1.0215429 1.0227151 1.0791388 1.0262426 0.058741476 0 1.0211525 1.0176488 0.99961257 0.9958304 0.1761591 0.17894675 1.0385218 1.0060863 1.0357314 1.0049399 0.9860852 1.0305767 1.0168724 1.01069 1.0405211
0.68621874 0.71367943 0.5434268 0.537056 1.0137748 0.71238565 0.71549445 1.0110749 1.0130024 0.06700602 0.52608615 0.70160514 0.5226656 1.0278157 1.0211525 0 0.034585312 0.5067752 0.5061858 1.0437315 1.0457449 0.70415795 0.5206608 0.70415795 0.6889701 0.5184617 0.6932422 0.675067 0.69173163 0.14337038
0.6834774 0.71342045 0.5407486 0.5327709 1.0072346 0.70928967 0.714716 1.0064689 1.0080011 0.06733413 0.5204606 0.6998234 0.5184617 1.0254573 1.0176488 0.034585312 0 0.50363714 0.50148726 1.0365276 1.0389212 0.70288044 0.5156721 0.7026252 0.6884691 0.5200604 0.69022405 0.67359257 0.6924865 0.14361255
0.6767909 0.6955138 0.47729164 0.46790242 0.9775687 0.6884691 0.7013504 0.98683035 0.98832285 0.50168246 0.47540435 0.70595 0.4744625 0.99885464 0.99961257 0.5067752 0.50363714 0 0.029367536 1.0045581 1.0045581 0.69022405 0.3758215 0.6892207 0.6745752 0.46492255 0.68049824 0.6652917 0.67114156 0.513091
0.6748211 0.69173163 0.47899425 0.46939683 0.97499573 0.6854701 0.7013504 0.9842255 0.98645765 0.49934357 0.4771027 0.7051815 0.47578144 0.9958304 0.9958304 0.5061858 0.50148726 0.029367536 0 1.0068517 1.005704 0.6867182 0.3733498 0.6854701 0.6731017 0.466411 0.6772841 0.66359407 0.6696748 0.5111116
1.0188149 1.033348 1.0234975 1.0286036 0.37450224 1.0313674 1.0215429 0.37912986 0.38195345 1.0429276 1.0160967 1.0505993 1.0246727 0.18085337 0.1761591 1.0437315 1.0365276 1.0045581 1.0068517 0 0.025943583 1.018426 1.0068517 1.0164845 0.99923354 0.98907024 1.0095364 1.002652 1.0083846 1.0567118
1.0203725 1.0357314 1.019204 1.0254573 0.37697777 1.0337447 1.0246727 0.3812881 0.38311923 1.0441338 1.015322 1.0514114 1.0227151 0.18391407 0.17894675 1.0457449 1.0389212 1.0045581 1.005704 0.025943583 0 1.0215429 1.0076177 1.0199828 1.002652 0.98757625 1.0164845 1.0049399 1.0095364 1.0546688
0.5982144 0.12448191 0.7173139 0.70288044 1.0045581 0.10375721 0.10513652 1.0118452 1.0130024 0.6960195 0.70007765 0.39436984 0.6929902 1.0381224 1.0385218 0.70415795 0.70288044 0.69022405 0.6867182 1.018426 1.0215429 0 0.71342045 0.007537752 0.6109778 0.6955138 0.6269553 0.609624 0.6112037 0.7067194
0.6889701 0.71161044 0.49817687 0.4919849 0.9894442 0.71316165 0.7157541 0.9872032 0.9842255 0.51607 0.49121448 0.70903224 0.49294904 1.0049399 1.0060863 0.5206608 0.5156721 0.3758215 0.3733498 1.0068517 1.0076177 0.71342045 0 0.71186876 0.6932422 0.48775735 0.69956917 0.6772841 0.6929902 0.5220636
0.5968834 0.123302296 0.7193987 0.70415795 1.005704 0.10283908 0.104791455 1.0122308 1.0141612 0.6950084 0.700841 0.3930176 0.6924865 1.0357314 1.0357314 0.70415795 0.7026252 0.6892207 0.6854701 1.0164845 1.0199828 0.007537752 0.71186876 0 0.610075 0.69425094 0.6269553 0.60872287 0.60894805 0.70697606
0.6026681 0.62741685 0.70543754 0.6967787 1.0076177 0.61960906 0.62189704 1.0015109 1.0011308 0.68571955 0.7026252 0.62396216 0.6907262 1.0034139 1.0049399 0.6889701 0.6884691 0.6745752 0.6731017 0.99923354 1.002652 0.6109778 0.6932422 0.610075 0 0.69804585 0.3690847 0.36338124 0.3687576 0.6960195
0.6945033 0.69855326 0.5010971 0.4923704 0.9768326 0.69906104 0.7023701 0.9779369 0.9838541 0.51487696 0.27338633 0.70033205 0.27223536 0.99056727 0.9860852 0.5184617 0.5200604 0.46492255 0.466411 0.98907024 0.98757625 0.6955138 0.48775735 0.69425094 0.69804585 0 0.697032 0.6827315 0.6965256 0.52387106
0.620981 0.6371753 0.70288044 0.6988071 1.0045581 0.63460726 0.6360069 1.0037951 1.0060863 0.69576657 0.70160514 0.6334428 0.69399863 1.0207624 1.0305767 0.6932422 0.69022405 0.68049824 0.6772841 1.0095364 1.0164845 0.6269553 0.69956917 0.6269553 0.3690847 0.697032 0 0.28105646 0.27916783 0.700841
0.6075979 0.61664504 0.695261 0.69198316 0.99734104 0.614373 0.61596274 1.0041765 1.0072346 0.6731017 0.69399863 0.61256033 0.6887196 1.0060863 1.0168724 0.675067 0.67359257 0.6652917 0.66359407 1.002652 1.0049399 0.609624 0.6772841 0.60872287 0.36338124 0.6827315 0.28105646 0 0.2643699 0.6772841
0.61256033 0.61482686 0.7033912 0.70033205 0.9946995 0.61052626 0.6150539 1.0011308 1.000751 0.6894714 0.702115 0.6112037 0.69753873 1.005704 1.01069 0.69173163 0.6924865 0.67114156 0.6696748 1.0083846 1.0095364 0.6112037 0.6929902 0.60894805 0.3687576 0.6965256 0.27916783 0.2643699 0 0.69399863
0.6844731 0.71549445 0.55256313 0.54570043 1.032159 0.7175742 0.72018194 1.032159 1.0353336 0.14361255 0.52387106 0.7113522 0.52306724 1.0518178 1.0405211 0.14337038 0.14361255 0.513091 0.5111116 1.0567118 1.0546688 0.7067194 0.5220636 0.70697606 0.6960195 0.52387106 0.700841 0.6772841 0.69399863 0
