0 0.92393637 0.93324894 0.91406107 0.98051995 0.9801504 0.91541547 0.9242792 0.9150766 0.9133848 0.908332 0.9123715 0.91169673 0.9133848 0.9160936 0.90498227 0.9036466 0.91949344 0.90766084 0.90231323 0.90264636 0.9063204 0.9184719 0.9137229 0.91949344 0.90398026 0.9764649 0.9666036 0.9106857 0.92017525
0.92393637 0 0.24236105 0.46436512 0.97243166 1.0022715 0.4606596 0.7293813 0.72779626 0.71212715 0.71186876 0.6972853 0.5289148 0.5226656 0.45531887 0.46827576 0.46195444 0.45111 0.4536691 0.90665525 0.908332 0.24665588 0.7320306 0.24637805 0.7126442 0.60557723 1.0060863 1.0091523 0.5254814 0.71316165
0.93324894 0.24236105 0 0.45807657 0.97978103 0.99281836 0.45568597 0.7291169 0.7207046 0.7080034 0.71601385 0.70007765 0.5176636 0.50775856 0.44965157 0.45734018 0.45184028 0.44837776 0.44819596 0.9106857 0.91473794 0.22057699 0.7186162 0.22030865 0.72332335 0.609624 1.0041765 1.0022715 0.520861 0.7105781
0.91406107 0.46436512 0.45807657 0 0.9838541 1.002652 0.44855958 0.73149997 0.7262145 0.7157541 0.71627367 0.6892207 0.52749914 0.5206608 0.1966732 0.44656178 0.4418607 0.19407804 0.19563407 0.8979962 0.903313 0.45899805 0.732296 0.45697227 0.7267414 0.603562 1.0011308 1.0091523 0.5258845 0.7301751
0.98051995 0.97243166 0.97978103 0.9838541 0 0.13854334 0.9738958 0.9857129 0.9931942 0.98907024 1.0091523 0.9801504 0.9698763 0.9615409 0.9706055 0.97941184 0.95866317 0.9644296 0.97206604 0.98907024 0.98683035 0.9655158 0.97243166 0.96226203 0.9801504 0.9746289 0.3545054 0.36273217 0.9713354 0.98348296
0.9801504 1.0022715 0.99281836 1.002652 0.13854334 0 1.0030329 1.0003713 1.0034139 1.0045581 1.0157093 0.98907024 0.9857129 0.9845971 0.98907024 0.9969631 0.9872032 0.98348296 0.99169195 0.99056727 0.98794943 0.9943229 0.98348296 0.9946995 1.0030329 0.9898184 0.35836557 0.36826724 0.9962078 0.99999183
0.91541547 0.4606596 0.45568597 0.44855958 0.9738958 1.0030329 0 0.72148925 0.72044325 0.70415795 0.7033912 0.7098048 0.5279034 0.51786304 0.44330403 0.12459997 0.12083112 0.43772647 0.44096002 0.8989902 0.90900373 0.45184028 0.7220128 0.4536691 0.73709005 0.59533364 0.98496884 0.99961257 0.5250785 0.7031358
0.9242792 0.7293813 0.7291169 0.73149997 0.9857129 1.0003713 0.72148925 0 0.122948766 0.7262145 0.7241107 0.71992075 0.7222747 0.71238565 0.721751 0.7241107 0.7222747 0.7129029 0.7152349 0.88780093 0.89304566 0.7264779 0.6998234 0.7193987 0.700841 0.7031358 0.98757625 1.005704 0.7209661 0.7296458
0.9150766 0.72779626 0.7207046 0.7262145 0.9931942 1.0034139 0.72044325 0.122948766 0 0.723061 0.7262145 0.7110941 0.7222747 0.7105781 0.7139384 0.7186162 0.7191378 0.71186876 0.70697606 0.8800019 0.8800019 0.7157541 0.6932422 0.7170537 0.69399863 0.70441365 1.0091523 1.0103053 0.718095 0.72700495
0.9133848 0.71212715 0.7080034 0.7157541 0.98907024 1.0045581 0.70415795 0.7262145 0.723061 0 0.1261365 0.6515784 0.70033205 0.70160514 0.7105781 0.69906104 0.6967787 0.7005865 0.7072328 0.90498227 0.8996537 0.6962725 0.72700495 0.702115 0.72122765 0.6869681 1.0076177 1.0053219 0.6965256 0.24846429
0.908332 0.71186876 0.71601385 0.71627367 1.0091523 1.0157093 0.7033912 0.7241107 0.7262145 0.1261365 0 0.65038735 0.7056938 0.70595 0.70748955 0.6988071 0.69753873 0.7033912 0.7098048 0.9113596 0.91169673 0.69855326 0.7139384 0.70441365 0.7167936 0.6864684 1.0227151 1.0149349 0.70415795 0.24943985
0.9123715 0.6972853 0.70007765 0.6892207 0.9801504 0.98907024 0.7098048 0.71992075 0.7110941 0.6515784 0.65038735 0 0.7013504 0.69399863 0.6904751 0.70748955 0.702115 0.6832287 0.69022405 0.9123715 0.9073255 0.6955138 0.71627367 0.6904751 0.7167936 0.70033205 0.98645765 0.9860852 0.68397504 0.6592462
0.91169673 0.5289148 0.5176636 0.52749914 0.9698763 0.9857129 0.5279034 0.7222747 0.7222747 0.70033205 0.7056938 0.7013504 0 0.107671864 0.5146783 0.52387106 0.51786304 0.5176636 0.5166672 0.89766514 0.8940332 0.51646805 0.71316165 0.515871 0.72832423 0.5966618 0.99847597 0.9962078 0.25602314 0.714716
0.9133848 0.5226656 0.50775856 0.5206608 0.9615409 0.9845971 0.51786304 0.71238565 0.7105781 0.70160514 0.70595 0.69399863 0.107671864 0 0.5075618 0.5182621 0.51091397 0.5115071 0.5115071 0.8943626 0.8940332 0.5132893 0.71032023 0.51229864 0.72991043 0.5935663 0.9901927 0.9969631 0.24762909 0.7098048
0.9160936 0.45531887 0.44965157 0.1966732 0.9706055 0.98907024 0.44330403 0.721751 0.7139384 0.7105781 0.70748955 0.6904751 0.5146783 0.5075618 0 0.44078 0.43647274 0.09303948 0.093265936 0.90164745 0.8907466 0.44728765 0.71212715 0.44728765 0.7191378 0.5926842 0.9924427 1.0030329 0.5152744 0.7175742
0.90498227 0.46827576 0.45734018 0.44656178 0.97941184 0.9969631 0.12459997 0.7241107 0.7186162 0.69906104 0.6988071 0.70748955 0.52387106 0.5182621 0.44078 0 0.088074826 0.43862328 0.43862328 0.8855178 0.9029796 0.45531887 0.718095 0.4545852 0.7291169 0.5926842 0.9842255 1.0080011 0.52729714 0.7033912
0.9036466 0.46195444 0.45184028 0.4418607 0.95866317 0.9872032 0.12083112 0.7222747 0.7191378 0.6967787 0.69753873 0.702115 0.51786304 0.51091397 0.43647274 0.088074826 0 0.43165645 0.43343666 0.8809723 0.8970035 0.4500159 0.7141975 0.4478325 0.72885257 0.5887276 0.9775687 0.98683035 0.515871 0.6960195
0.91949344 0.45111 0.44837776 0.19407804 0.9644296 0.98348296 0.43772647 0.7129029 0.71186876 0.7005865 0.7033912 0.6832287 0.5176636 0.5115071 0.09303948 0.43862328 0.43165645 0 0.076469176 0.9006499 0.8914027 0.4454743 0.721751 0.4452932 0.714716 0.59400773 0.99131685 1.001891 0.5204606 0.71212715
0.90766084 0.4536691 0.44819596 0.19563407 0.97206604 0.99169195 0.44096002 0.7152349 0.70697606 0.7072328 0.7098048 0.69022405 0.5166672 0.5115071 0.093265936 0.43862328 0.43343666 0.076469176 0 0.89932185 0.8904187 0.4454743 0.7170537 0.4461991 0.7149754 0.59180313 0.9845971 0.99734104 0.5206608 0.7175742
0.90231323 0.90665525 0.9106857 0.8979962 0.98907024 0.99056727 0.8989902 0.88780093 0.8800019 0.90498227 0.9113596 0.9123715 0.89766514 0.8943626 0.90164745 0.8855178 0.8809723 0.9006499 0.89932185 0 0.07913151 0.90031767 0.8956819 0.895022 0.9113596 0.8927168 0.9924427 1.0118452 0.8838912 0.9046481
0.90264636 0.908332 0.91473794 0.903313 0.98683035 0.98794943 0.90900373 0.89304566 0.8800019 0.8996537 0.91169673 0.9073255 0.8940332 0.8940332 0.8907466 0.9029796 0.8970035 0.8914027 0.8904187 0.07913151 0 0.90565103 0.8973342 0.8953518 0.9053166 0.8923881 0.98794943 0.9958304 0.87613255 0.90498227
0.9063204 0.24665588 0.22057699 0.45899805 0.9655158 0.9943229 0.45184028 0.7264779 0.7157541 0.6962725 0.69855326 0.6955138 0.51646805 0.5132893 0.44728765 0.45531887 0.4500159 0.4454743 0.4454743 0.90031767 0.90565103 0 0.7085177 0.079353794 0.72122765 0.5975486 0.9950763 1.0095364 0.5214621 0.7033912
0.9184719 0.7320306 0.7186162 0.732296 0.97243166 0.98348296 0.7220128 0.6998234 0.6932422 0.72700495 0.7139384 0.71627367 0.71316165 0.71032023 0.71212715 0.718095 0.7141975 0.721751 0.7170537 0.8956819 0.8973342 0.7085177 0 0.71342045 0.66456366 0.7056938 0.99961257 0.9939465 0.7165336 0.7344229
0.9137229 0.24637805 0.22030865 0.45697227 0.96226203 0.9946995 0.4536691 0.7193987 0.7170537 0.702115 0.70441365 0.6904751 0.515871 0.51229864 0.44728765 0.4545852 0.4478325 0.4452932 0.4461991 0.895022 0.8953518 0.079353794 0.71342045 0 0.72044325 0.5982144 0.99169195 0.99885464 0.52106136 0.70390224
0.91949344 0.7126442 0.72332335 0.7267414 0.9801504 1.0030329 0.73709005 0.700841 0.69399863 0.72122765 0.7167936 0.7167936 0.72832423 0.72991043 0.7191378 0.7291169 0.72885257 0.714716 0.7149754 0.9113596 0.9053166 0.72122765 0.66456366 0.72044325 0 0.71006244 0.9980974 0.9980974 0.73149997 0.7235857
0.90398026 0.60557723 0.609624 0.603562 0.9746289 0.9898184 0.59533364 0.7031358 0.70441365 0.6869681 0.6864684 0.70033205 0.5966618 0.5935663 0.5926842 0.5926842 0.5887276 0.59400773 0.59180313 0.8927168 0.8923881 0.5975486 0.7056938 0.5982144 0.71006244 0 0.97867405 1.0041765 0.5977705 0.69097745
0.9764649 1.0060863 1.0041765 1.0011308 0.3545054 0.35836557 0.98496884 0.98757625 1.0091523 1.0076177 1.0227151 0.98645765 0.99847597 0.9901927 0.9924427 0.9842255 0.9775687 0.99131685 0.9845971 0.9924427 0.98794943 0.9950763 0.99961257 0.99169195 0.9980974 0.97867405 0 0.30155316 1.0015109 0.9950763
0.9666036 1.0091523 1.0022715 1.0091523 0.36273217 0.36826724 0.99961257 1.005704 1.0103053 1.0053219 1.0149349 0.9860852 0.9962078 0.9969631 1.0030329 1.0080011 0.98683035 1.001891 0.99734104 1.0118452 0.9958304 1.0095364 0.9939465 0.99885464 0.9980974 1.0041765 0.30155316 0 1.0133885 0.98757625
0.9106857 0.5254814 0.520861 0.5258845 0.9713354 0.9962078 0.5250785 0.7209661 0.718095 0.6965256 0.70415795 0.68397504 0.25602314 0.24762909 0.5152744 0.52729714 0.515871 0.5204606 0.5206608 0.8838912 0.87613255 0.5214621 0.7165336 0.52106136 0.73149997 0.5977705 1.0015109 1.0133885 0 0.71083605
0.92017525 0.71316165 0.7105781 0.7301751 0.98348296 0.99999183 0.7031358 0.7296458 0.72700495 0.24846429 0.24943985 0.6592462 0.714716 0.7098048 0.7175742 0.7033912 0.6960195 0.71212715 0.7175742 0.9046481 0.90498227 0.7033912 0.7344229 0.70390224 0.7235857 0.69097745 0.9950763 0.98757625 0.71083605 0
