0 1.0095364 1.0130024 1.0149349 0.99281836 1.0223241 0.9931942 1.0103053 0.66796726 1.0417235 1.0305767 0.9946995 1.0068517 1.019204 1.0118452 1.0168724 0.99885464 0.6611755 0.6616586 0.99847597 0.9980974 1.005704 0.6623838 1.0080011 0.67975533 1.0377234 0.49507448 0.49294904 1.0011308 0.9768326
1.0095364 0 0.20398779 0.3177218 0.31209126 0.7056938 0.69122875 0.6962725 0.99056727 0.7087749 0.70390224 0.6640787 0.68000287 0.6802505 0.356433 0.35691568 0.6859691 0.9860852 0.9831119 0.69173163 0.6887196 0.36062655 0.9673296 0.3601415 1.0034139 0.6947558 0.99961257 0.99734104 0.69097745 0.6965256
1.0130024 0.20398779 0 0.31209126 0.30891424 0.69855326 0.68223464 0.6892207 0.9691478 0.70466954 0.69576657 0.6643211 0.68149 0.6852207 0.35578993 0.35675475 0.68223464 0.97316337 0.9698763 0.6844731 0.68173814 0.35755974 0.9543672 0.35804313 0.9842255 0.68621874 1.0022715 1.0072346 0.6924865 0.6867182
1.0149349 0.3177218 0.31209126 0 0.20084423 0.70595 0.67629796 0.6849714 0.9838541 0.71342045 0.7023701 0.6760516 0.67383814 0.6777777 0.36127383 0.3545054 0.6785187 0.98794943 0.98125964 0.68298006 0.68049824 0.35901088 0.97499573 0.35901088 0.98757625 0.6945033 0.9894442 1.0060863 0.6802505 0.69349426
0.99281836 0.31209126 0.30891424 0.20084423 0 0.70441365 0.6689425 0.67580533 0.96190137 0.70595 0.700841 0.6626257 0.6760516 0.6782716 0.35194293 0.3477975 0.6760516 0.9691478 0.9608204 0.67876583 0.6775309 0.35178307 0.95472425 0.35162324 0.9695119 0.6904751 0.96479154 0.982 0.67975533 0.6785187
1.0223241 0.7056938 0.69855326 0.70595 0.70441365 0 0.702115 0.70748955 0.99961257 0.19849518 0.192396 0.70033205 0.7067194 0.70288044 0.7067194 0.7023701 0.6937464 0.9939465 0.9857129 0.6932422 0.69198316 0.71083605 0.98794943 0.70954716 1.0049399 0.3717065 0.98869646 0.9950763 0.695261 0.7018601
0.9931942 0.69122875 0.68223464 0.67629796 0.6689425 0.702115 0 0.16311966 1.0049399 0.69399863 0.68972224 0.46010533 0.3372195 0.33471534 0.6904751 0.6844731 0.15902908 0.9939465 0.99281836 0.1602663 0.15902908 0.6904751 0.9680563 0.6882187 0.9931942 0.69173163 0.96769285 0.9831119 0.2284008 0.21682899
1.0103053 0.6962725 0.6892207 0.6849714 0.67580533 0.70748955 0.16311966 0 1.0219333 0.7085177 0.70288044 0.4769138 0.3454163 0.3422531 0.6932422 0.6894714 0.14969234 1.0141612 1.0160967 0.15226063 0.15152594 0.69576657 0.9801504 0.695261 1.0030329 0.6972853 0.9950763 1.0137748 0.23439102 0.2256937
0.66796726 0.99056727 0.9691478 0.9838541 0.96190137 0.99961257 1.0049399 1.0219333 0 1.0080011 1.005704 0.9753628 0.98794943 0.98869646 0.9655158 0.96479154 1.0053219 0.12400984 0.123184435 1.0003713 1.0030329 0.95866317 0.40168035 0.9615409 0.3965725 1.0254573 0.6667499 0.65660155 1.0137748 0.9943229
1.0417235 0.7087749 0.70466954 0.71342045 0.70595 0.19849518 0.69399863 0.7085177 1.0080011 0 0.07514155 0.6962725 0.71445674 0.714716 0.70697606 0.70288044 0.6960195 1.0099207 1.0049399 0.69753873 0.6967787 0.7157541 1.0095364 0.71549445 1.042526 0.3768125 1.0087683 1.0068517 0.6982995 0.70595
1.0305767 0.70390224 0.69576657 0.7023701 0.700841 0.192396 0.68972224 0.70288044 1.005704 0.07514155 0 0.6892207 0.7080034 0.70928967 0.6988071 0.69753873 0.69349426 1.0060863 1.0011308 0.69576657 0.6955138 0.70441365 1.0022715 0.70441365 1.0341415 0.36761394 0.9977191 1.0022715 0.6967787 0.7018601
0.9946995 0.6640787 0.6643211 0.6760516 0.6626257 0.70033205 0.46010533 0.4769138 0.9753628 0.6962725 0.6892207 0 0.46455088 0.46380812 0.6677236 0.6599691 0.4660386 0.9746289 0.98496884 0.46492255 0.46380812 0.6672366 0.9662408 0.6667499 0.97720057 0.69349426 0.9857129 0.9845971 0.4723946 0.47051957
1.0068517 0.68000287 0.68149 0.67383814 0.6760516 0.7067194 0.3372195 0.3454163 0.98794943 0.71445674 0.7080034 0.46455088 0 0.062318847 0.6782716 0.67580533 0.34004673 0.9898184 0.9931942 0.34130672 0.33878887 0.6877182 0.96334505 0.684224 0.98757625 0.68972224 0.9920673 1.0022715 0.34020412 0.34177974
1.019204 0.6802505 0.6852207 0.6777777 0.6782716 0.70288044 0.33471534 0.3422531 0.98869646 0.714716 0.70928967 0.46380812 0.062318847 0 0.67802465 0.67432946 0.34020412 0.98907024 0.99357027 0.34146434 0.33957478 0.6884691 0.96226203 0.6849714 1.000751 0.6867182 0.9920673 1.0053219 0.33706275 0.34209526
1.0118452 0.356433 0.35578993 0.36127383 0.35194293 0.7067194 0.6904751 0.6932422 0.9655158 0.70697606 0.6988071 0.6677236 0.6782716 0.67802465 0 0.05067399 0.6867182 0.96190137 0.96334505 0.6907262 0.68972224 0.15115887 0.94903165 0.15042526 0.9753628 0.6877182 0.9977191 0.9872032 0.68173814 0.6982995
1.0168724 0.35691568 0.35675475 0.3545054 0.3477975 0.7023701 0.6844731 0.6894714 0.96479154 0.70288044 0.69753873 0.6599691 0.67580533 0.67432946 0.05067399 0 0.6837262 0.97243166 0.9691478 0.6882187 0.68571955 0.15054747 0.9583042 0.14981444 0.982 0.6955138 0.99847597 0.9950763 0.6777777 0.6967787
0.99885464 0.6859691 0.68223464 0.6785187 0.6760516 0.6937464 0.15902908 0.14969234 1.0053219 0.6960195 0.69349426 0.4660386 0.34004673 0.34020412 0.6867182 0.6837262 0 1.0091523 1.005704 0.042057484 0.041528832 0.6929902 0.97024083 0.69122875 0.982 0.67802465 0.9727974 0.990942 0.23166226 0.22057699
0.6611755 0.9860852 0.97316337 0.98794943 0.9691478 0.9939465 0.9939465 1.0141612 0.12400984 1.0099207 1.0060863 0.9746289 0.9898184 0.98907024 0.96190137 0.97243166 1.0091523 0 0.02563309 1.001891 1.0053219 0.95866317 0.39487758 0.9593815 0.3967422 1.0141612 0.661417 0.66480625 1.0049399 1.0015109
0.6616586 0.9831119 0.9698763 0.98125964 0.9608204 0.9857129 0.99281836 1.0160967 0.123184435 1.0049399 1.0011308 0.98496884 0.9931942 0.99357027 0.96334505 0.9691478 1.005704 0.02563309 0 1.0011308 1.0041765 0.95615417 0.39521626 0.9572284 0.3970817 1.01146 0.6631097 0.6619002 1.0064689 0.99885464
0.99847597 0.69173163 0.6844731 0.68298006 0.67876583 0.6932422 0.1602663 0.15226063 1.0003713 0.69753873 0.69576657 0.46492255 0.34130672 0.34146434 0.6907262 0.6882187 0.042057484 1.001891 1.0011308 0 0.011995417 0.6945033 0.9651536 0.69148016 0.9845971 0.6775309 0.97170067 0.9872032 0.2326162 0.22111394
0.9980974 0.6887196 0.68173814 0.68049824 0.6775309 0.69198316 0.15902908 0.15152594 1.0030329 0.6967787 0.6955138 0.46380812 0.33878887 0.33957478 0.68972224 0.68571955 0.041528832 1.0053219 1.0041765 0.011995417 0 0.6945033 0.9698763 0.69097745 0.9860852 0.67383814 0.9713354 0.99131685 0.23179846 0.2201745
1.005704 0.36062655 0.35755974 0.35901088 0.35178307 0.71083605 0.6904751 0.69576657 0.95866317 0.7157541 0.70441365 0.6672366 0.6877182 0.6884691 0.15115887 0.15054747 0.6929902 0.95866317 0.95615417 0.6945033 0.6945033 0 0.946908 0.008144057 0.9746289 0.6965256 0.9939465 0.9962078 0.684224 0.6965256
0.6623838 0.9673296 0.9543672 0.97499573 0.95472425 0.98794943 0.9680563 0.9801504 0.40168035 1.0095364 1.0022715 0.9662408 0.96334505 0.96226203 0.94903165 0.9583042 0.97024083 0.39487758 0.39521626 0.9651536 0.9698763 0.946908 0 0.9465546 0.40202212 0.98683035 0.6643211 0.6489606 0.97978103 0.96334505
1.0080011 0.3601415 0.35804313 0.35901088 0.35162324 0.70954716 0.6882187 0.695261 0.9615409 0.71549445 0.70441365 0.6667499 0.684224 0.6849714 0.15042526 0.14981444 0.69122875 0.9593815 0.9572284 0.69148016 0.69097745 0.008144057 0.9465546 0 0.97867405 0.6967787 0.9924427 0.9943229 0.68298006 0.6950084
0.67975533 1.0034139 0.9842255 0.98757625 0.9695119 1.0049399 0.9931942 1.0030329 0.3965725 1.042526 1.0341415 0.97720057 0.98757625 1.000751 0.9753628 0.982 0.982 0.3967422 0.3970817 0.9845971 0.9860852 0.9746289 0.40202212 0.97867405 0 1.01069 0.67065233 0.6713863 1.0076177 0.9931942
1.0377234 0.6947558 0.68621874 0.6945033 0.6904751 0.3717065 0.69173163 0.6972853 1.0254573 0.3768125 0.36761394 0.69349426 0.68972224 0.6867182 0.6877182 0.6955138 0.67802465 1.0141612 1.01146 0.6775309 0.67383814 0.6965256 0.98683035 0.6967787 1.01069 0 0.9980974 1.0195932 0.69173163 0.6947558
0.49507448 0.99961257 1.0022715 0.9894442 0.96479154 0.98869646 0.96769285 0.9950763 0.6667499 1.0087683 0.9977191 0.9857129 0.9920673 0.9920673 0.9977191 0.99847597 0.9727974 0.661417 0.6631097 0.97170067 0.9713354 0.9939465 0.6643211 0.9924427 0.67065233 0.9980974 0 0.3187918 0.99169195 0.97206604
0.49294904 0.99734104 1.0072346 1.0060863 0.982 0.9950763 0.9831119 1.0137748 0.65660155 1.0068517 1.0022715 0.9845971 1.0022715 1.0053219 0.9872032 0.9950763 0.990942 0.66480625 0.6619002 0.9872032 0.99131685 0.9962078 0.6489606 0.9943229 0.6713863 1.0195932 0.3187918 0 0.99169195 0.99169195
1.0011308 0.69097745 0.6924865 0.6802505 0.67975533 0.695261 0.2284008 0.23439102 1.0137748 0.6982995 0.6967787 0.4723946 0.34020412 0.33706275 0.68173814 0.6777777 0.23166226 1.0049399 1.0064689 0.2326162 0.23179846 0.684224 0.97978103 0.68298006 1.0076177 0.69173163 0.99169195 0.99169195 0 0.2365812
0.9768326 0.6965256 0.6867182 0.69349426 0.6785187 0.7018601 0.21682899 0.2256937 0.9943229 0.70595 0.7018601 0.47051957 0.34177974 0.34209526 0.6982995 0.6967787 0.22057699 1.0015109 0.99885464 0.22111394 0.2201745 0.6965256 0.96334505 0.6950084 0.9931942 0.6947558 0.97206604 0.99169195 0.2365812 0
