0 1.009855752 0.900025302 0.877801452 0.894407352 1.019907452 1.022636752 0.995402952 1.006407452 0.900689052 1.034051452 0.999179422 1.016800152 1.014091952 1.011008752 0.989026302 0.983444552 0.904016452 0.902350902 1.026160752 1.025376152 1.015251452 1.024200952 1.015251452 1.004879952 1.025768452 1.005643352 0.900357152 0.983073892 1.024592552
1.009855752 0 0.974965692 0.983073892 0.968759752 0.414612802 0.595152912 0.586586412 0.758929312 0.958290352 0.399995802 0.743425552 0.398974712 0.407870802 0.404094192 0.598030252 0.597586852 0.977904022 0.976066252 0.418442902 0.419490872 0.755912302 0.437713232 0.757007952 0.604489152 0.398974712 0.402212972 0.981223402 0.585931452 0.299123822
0.900025302 0.974965692 0 0.346119752 0.347071352 1.017963852 0.994273722 0.960084952 0.977168352 0.309617692 1.025768452 0.977904022 1.008704552 1.003355452 0.999558092 0.982333152 0.980484482 0.307055652 0.303753012 1.006789752 1.008321152 0.992395402 1.018352252 0.995026352 0.987533802 0.991270722 1.005261552 0.311280192 0.980115292 1.007555152
0.877801452 0.983073892 0.346119752 0 0.261808482 0.999936992 1.015251452 0.964048502 0.981593152 0.349296392 1.016800152 0.986044252 1.012934252 1.002974952 0.996533852 1.000316022 0.998422552 0.345486052 0.342956552 0.999558092 1.003736352 0.997666552 1.013319952 0.999558092 1.006789752 0.989026302 1.000695282 0.344536482 0.984186412 0.986788652
0.894407352 0.968759752 0.347071352 0.261808482 0 1.007172352 0.993897652 0.959725752 0.982333152 0.347388802 1.009088052 0.966944252 0.997666552 0.988279702 0.983444552 0.989026302 0.989026302 0.341694982 0.339649432 1.004879952 1.007172352 0.987161102 1.017575852 0.990147652 0.999558092 0.981593152 1.004879952 0.339021172 0.972038852 0.981963092
1.019907452 0.414612802 1.017963852 0.999936992 1.007172352 0 0.635310712 0.619855702 0.783512452 0.989399912 0.425104912 0.779829752 0.425104912 0.242098092 0.235778222 0.623747112 0.623517652 1.016800152 1.015638352 0.261666852 0.262091812 0.777009152 0.458411722 0.778700252 0.636943952 0.385825332 0.350411382 1.012548652 0.614622892 0.414265572
1.022636752 0.595152912 0.994273722 1.015251452 0.993897652 0.635310712 0 0.209431422 0.762510552 1.007172352 0.625585312 0.761131102 0.620540952 0.620998152 0.617576122 0.384489622 0.384823352 1.011393452 1.004117352 0.635776952 0.635310712 0.767497652 0.626506152 0.769167422 0.415133922 0.626275852 0.615984452 1.006025352 0.306905252 0.623976652
0.995402952 0.586586412 0.960084952 0.964048502 0.959725752 0.619855702 0.209431422 0 0.754271752 0.963687302 0.611907152 0.739130612 0.607851852 0.607627212 0.605384352 0.379004832 0.378011912 0.966944252 0.960084952 0.619171052 0.618715052 0.758105252 0.606504952 0.758379812 0.405980112 0.611907152 0.607402622 0.955427702 0.294227182 0.610327452
1.006407452 0.758929312 0.977168352 0.981593152 0.982333152 0.783512452 0.762510552 0.754271752 0 1.007938052 0.780395152 0.470848592 0.765831592 0.758654552 0.752362312 0.758105252 0.755365012 1.002214352 1.002214352 0.770282652 0.770282652 0.175851432 0.772798002 0.176736102 0.770282652 0.763063052 0.762510552 0.983444552 0.759479152 0.756459952
0.900689052 0.958290352 0.309617692 0.349296392 0.347388802 0.989399912 1.007172352 0.963687302 1.007938052 0 1.013319952 0.995402952 1.000316022 0.981963092 0.984186412 0.987161102 0.984186412 0.158127202 0.157757222 1.008321152 1.009471752 1.016800152 1.005643352 1.019907452 1.004498552 0.978640352 0.990896152 0.316442132 0.961163852 0.973866822
1.034051452 0.399995802 1.025768452 1.016800152 1.009088052 0.425104912 0.625585312 0.611907152 0.780395152 1.013319952 0 0.773918682 0.091820882 0.416003282 0.410284052 0.615984452 0.617120952 1.028125652 1.024200952 0.423697472 0.424224952 0.791506452 0.446358892 0.790932652 0.624435902 0.414092032 0.412878302 1.014478252 0.608076552 0.399314912
0.999179422 0.743425552 0.977904022 0.986044252 0.966944252 0.779829752 0.761131102 0.739130612 0.470848592 0.995402952 0.773918682 0 0.763615952 0.773078052 0.773638352 0.765831592 0.767775712 0.978640352 0.975332352 0.780678052 0.779547212 0.458227652 0.766108992 0.458595852 0.770840852 0.761682552 0.764999982 0.982703452 0.753180052 0.761131102
1.016800152 0.398974712 1.008704552 1.012934252 0.997666552 0.425104912 0.620540952 0.607851852 0.765831592 1.000316022 0.091820882 0.763615952 0 0.413918522 0.407698722 0.610778452 0.610778452 1.008704552 1.007555152 0.420190332 0.421415952 0.770840852 0.441843512 0.770840852 0.621684452 0.411839512 0.413051572 1.004117352 0.607178092 0.395581032
1.014091952 0.407870802 1.003355452 1.002974952 0.988279702 0.242098092 0.620998152 0.607627212 0.758654552 0.981963092 0.416003282 0.773078052 0.413918522 0 0.087429962 0.616893552 0.618943052 0.995026352 0.991645452 0.260534792 0.261242122 0.761682552 0.456756712 0.763063052 0.638814802 0.380164952 0.341852552 1.001074752 0.604712852 0.405980112
1.011008752 0.404094192 0.999558092 0.996533852 0.983444552 0.235778222 0.617576122 0.605384352 0.752362312 0.984186412 0.410284052 0.773638352 0.407698722 0.087429962 0 0.609651502 0.610778452 1.005643352 1.001834252 0.253637852 0.254198492 0.752907352 0.448354272 0.755365012 0.622829652 0.373066852 0.337452802 1.009471752 0.598473952 0.400506882
0.989026302 0.598030252 0.982333152 1.000316022 0.989026302 0.623747112 0.384489622 0.379004832 0.758105252 0.987161102 0.615984452 0.765831592 0.610778452 0.616893552 0.609651502 0 0.024889262 0.989773692 0.988652882 0.624895452 0.622142312 0.766664152 0.611229712 0.768053852 0.407698722 0.619855702 0.600251192 0.991645452 0.380662682 0.620312512
0.983444552 0.597586852 0.980484482 0.998422552 0.989026302 0.623517652 0.384823352 0.378011912 0.755365012 0.984186412 0.617120952 0.767775712 0.610778452 0.618943052 0.610778452 0.024889262 0 0.986788652 0.985672292 0.625815392 0.623517652 0.763339452 0.613716552 0.764169212 0.408731752 0.622600492 0.601364152 0.987906652 0.379833312 0.618487122
0.904016452 0.977904022 0.307055652 0.345486052 0.341694982 1.016800152 1.011393452 0.966944252 1.002214352 0.158127202 1.028125652 0.978640352 1.008704552 0.995026352 1.005643352 0.989773692 0.986788652 0 0.015651429 1.019518352 1.022246352 1.002974952 1.008704552 1.005261552 1.004117352 0.986044252 1.000695282 0.310372912 0.978272152 0.990896152
0.902350902 0.976066252 0.303753012 0.342956552 0.339649432 1.015638352 1.004117352 0.960084952 1.002214352 0.157757222 1.024200952 0.975332352 1.007555152 0.991645452 1.001834252 0.988652882 0.985672292 0.015651429 0 1.016025452 1.018740752 1.001834252 1.006407452 1.004117352 1.001454452 0.986416352 0.999558092 0.307657712 0.973866822 0.987161102
1.026160752 0.418442902 1.006789752 0.999558092 1.004879952 0.261666852 0.635776952 0.619171052 0.770282652 1.008321152 0.423697472 0.780678052 0.420190332 0.260534792 0.253637852 0.624895452 0.625815392 1.019518352 1.016025452 0 0.011176232 0.774479652 0.455838832 0.775041052 0.638814802 0.385157192 0.350570792 1.008704552 0.610327452 0.415829332
1.025376152 0.419490872 1.008321152 1.003736352 1.007172352 0.262091812 0.635310712 0.618715052 0.770282652 1.009471752 0.424224952 0.779547212 0.421415952 0.261242122 0.254198492 0.622142312 0.623517652 1.022246352 1.018740752 0.011176232 0 0.775602812 0.456205852 0.776165002 0.636710352 0.386828692 0.350411382 1.009088052 0.609426322 0.417919452
1.015251452 0.755912302 0.992395402 0.997666552 0.987161102 0.777009152 0.767497652 0.758105252 0.175851432 1.016800152 0.791506452 0.458227652 0.770840852 0.761682552 0.752907352 0.766664152 0.763339452 1.002974952 1.001834252 0.774479652 0.775602812 0 0.774760302 0.00310729999999999 0.776165002 0.769446052 0.770840852 0.989399912 0.754271752 0.751817652
1.024200952 0.437713232 1.018352252 1.013319952 1.017575852 0.458411722 0.626506152 0.606504952 0.772798002 1.005643352 0.446358892 0.766108992 0.441843512 0.456756712 0.448354272 0.611229712 0.613716552 1.008704552 1.006407452 0.455838832 0.456205852 0.774760302 0 0.775602812 0.624206252 0.456940412 0.444188112 1.023418552 0.601364152 0.447628082
1.015251452 0.757007952 0.995026352 0.999558092 0.990147652 0.778700252 0.769167422 0.758379812 0.176736102 1.019907452 0.790932652 0.458595852 0.770840852 0.763063052 0.755365012 0.768053852 0.764169212 1.005261552 1.004117352 0.775041052 0.776165002 0.00310729999999999 0.775602812 0 0.777854202 0.769167422 0.771120192 0.992395402 0.755912302 0.753452852
1.004879952 0.604489152 0.987533802 1.006789752 0.999558092 0.636943952 0.415133922 0.405980112 0.770282652 1.004498552 0.624435902 0.770840852 0.621684452 0.638814802 0.622829652 0.407698722 0.408731752 1.004117352 1.001454452 0.638814802 0.636710352 0.776165002 0.624206252 0.777854202 0 0.629737912 0.614396212 1.000695282 0.400677322 0.624895452
1.025768452 0.398974712 0.991270722 0.989026302 0.981593152 0.385825332 0.626275852 0.611907152 0.763063052 0.978640352 0.414092032 0.761682552 0.411839512 0.380164952 0.373066852 0.619855702 0.622600492 0.986044252 0.986416352 0.385157192 0.386828692 0.769446052 0.456940412 0.769167422 0.629737912 0 0.374711572 0.990896152 0.604265452 0.404436702
1.005643352 0.402212972 1.005261552 1.000695282 1.004879952 0.350411382 0.615984452 0.607402622 0.762510552 0.990896152 0.412878302 0.764999982 0.413051572 0.341852552 0.337452802 0.600251192 0.601364152 1.000695282 0.999558092 0.350570792 0.350411382 0.770840852 0.444188112 0.771120192 0.614396212 0.374711572 0 0.996911252 0.599806482 0.400506882
0.900357152 0.981223402 0.311280192 0.344536482 0.339021172 1.012548652 1.006025352 0.955427702 0.983444552 0.316442132 1.014478252 0.982703452 1.004117352 1.001074752 1.009471752 0.991645452 0.987906652 0.310372912 0.307657712 1.008704552 1.009088052 0.989399912 1.023418552 0.992395402 1.000695282 0.990896152 0.996911252 0 0.972769492 0.985672292
0.983073892 0.585931452 0.980115292 0.984186412 0.972038852 0.614622892 0.306905252 0.294227182 0.759479152 0.961163852 0.608076552 0.753180052 0.607178092 0.604712852 0.598473952 0.380662682 0.379833312 0.978272152 0.973866822 0.610327452 0.609426322 0.754271752 0.601364152 0.755912302 0.400677322 0.604265452 0.599806482 0.972769492 0 0.603148222
1.024592552 0.299123822 1.007555152 0.986788652 0.981963092 0.414265572 0.623976652 0.610327452 0.756459952 0.973866822 0.399314912 0.761131102 0.395581032 0.405980112 0.400506882 0.620312512 0.618487122 0.990896152 0.987161102 0.415829332 0.417919452 0.751817652 0.447628082 0.753452852 0.624895452 0.404436702 0.400506882 0.985672292 0.603148222 0
