0 0.7087873077 0.4100998777 0.4070028577 0.6885226077 0.6958054477 0.6930346677 0.6932861377 1.0072585077 1.0137853077 0.5772421077 0.3420734877 0.5753055077 0.3447551577 0.3449132077 1.0114752077 0.6847832077 0.6895229377 0.3482398577 0.3504658577 0.3504658577 1.0042065077 1.0274043077 1.0064944077 0.6965629077 0.7044349477 0.6897732077 1.0145569077 1.0076408077 0.7041797077
0.7087873077 0 0.6945447077 0.6965629077 0.4032348577 0.4015283777 0.2952261477 0.3025099077 0.9883848577 0.9876397077 0.7103294077 0.6968155077 0.7111016677 0.7100722077 0.7085305677 0.9902509677 0.4054591077 0.4087218577 0.6927832577 0.6920296077 0.6907752077 0.9839249477 0.9955010077 0.9876397077 0.3026593077 0.1983577077 0.4059733377 0.9813355377 0.9895039377 0.1076119777
0.4100998777 0.6945447077 0 0.1046230177 0.6850319077 0.6882727077 0.6785920077 0.6830445077 0.9831842077 0.9902509677 0.5710197077 0.4063163577 0.5714472077 0.4137293577 0.4137293577 0.9861516077 0.6842860077 0.6900236077 0.4027225077 0.4044317077 0.4039185277 0.9780194077 0.9828141477 0.9813355377 0.6900236077 0.6980801077 0.6835408377 0.9758167477 0.9732551777 0.6930346677
0.4070028577 0.6965629077 0.1046230177 0 0.6832926477 0.6885226077 0.6897732077 0.6910259077 0.9876397077 0.9966308077 0.5665459077 0.4013579377 0.5684600077 0.4064879077 0.4068311677 0.9951247777 0.6902741077 0.6942928077 0.3962628077 0.3972790677 0.3972790677 0.9865233477 0.9909987077 0.9883848577 0.6942928077 0.6975740077 0.6857785077 0.9772845077 0.9868953077 0.6953009077
0.6885226077 0.4032348577 0.6850319077 0.6832926477 0 0.0984529577 0.3940656077 0.3971095877 0.9951247777 0.9865233477 0.6835408377 0.6860276077 0.6885226077 0.6862767077 0.6808149377 0.9776518577 0.2519712077 0.2546290377 0.6820527477 0.6810623077 0.6835408377 0.9876397077 0.9842956077 0.9902509677 0.4006765677 0.3950789077 0.2515523877 0.9839249477 0.9872674077 0.3971095877
0.6958054477 0.4015283777 0.6882727077 0.6885226077 0.0984529577 0 0.3935595077 0.3989759077 0.9955010077 0.9909987077 0.6837891477 0.6870246077 0.6910259077 0.6862767077 0.6832926477 0.9791232077 0.2498795277 0.2535088077 0.6818050077 0.6795791577 0.6825485077 0.9876397077 0.9846664077 0.9898773577 0.4028932377 0.3937281577 0.2496010877 0.9813355377 0.9872674077 0.3955860577
0.6930346677 0.2952261477 0.6785920077 0.6897732077 0.3940656077 0.3935595077 0 0.0933497437 0.9602176777 0.9616551577 0.7001077677 0.6857785077 0.7039246077 0.6970683077 0.6927832577 0.9566359677 0.3937281577 0.3991458077 0.6763756077 0.6805676077 0.6805676077 0.9555648077 0.9656224477 0.9587829077 0.2237435277 0.2891854577 0.3960935677 0.9587829077 0.9512953077 0.2973000277
0.6932861377 0.3025099077 0.6830445077 0.6910259077 0.3971095877 0.3989759077 0.0933497437 0 0.9638165377 0.9620149077 0.7052011677 0.6910259077 0.7057124577 0.6968155077 0.6932861377 0.9674327077 0.4001659677 0.4047740277 0.6780988777 0.6810623077 0.6810623077 0.9667081077 0.9846664077 0.9703383077 0.2261680977 0.2938959777 0.4046028477 0.9630954077 0.9652609077 0.3040051677
1.0072585077 0.9883848577 0.9831842077 0.9876397077 0.9951247777 0.9955010077 0.9602176777 0.9638165377 0 0.0895168817 1.0007880477 0.9917472077 1.0019258077 0.9958774077 0.9958774077 0.1736772677 1.0045874077 0.9966308077 0.9828141477 0.9846664077 0.9865233477 0.1725459577 0.3171408677 0.1729228877 0.9677953077 0.9813355377 0.9835545077 0.1563922477 0.1754405077 0.9928713577
1.0137853077 0.9876397077 0.9902509677 0.9966308077 0.9865233477 0.9909987077 0.9616551577 0.9620149077 0.0895168817 0 1.0026853077 0.9917472077 1.0076408077 1.0034455077 1.0068764077 0.1763236677 0.9947487077 0.9891307577 0.9936218077 0.9924965077 0.9955010077 0.1755666077 0.3218775577 0.1760712277 0.9725249077 0.9846664077 0.9772845077 0.1571302077 0.1794863677 0.9872674077
0.5772421077 0.7103294077 0.5710197077 0.5665459077 0.6835408377 0.6837891477 0.7001077677 0.7052011677 1.0007880477 1.0026853077 0 0.5750906077 0.0685605277 0.5763807477 0.5723029077 1.0114752077 0.6818050077 0.6935376677 0.5633666077 0.5640014077 0.5618875077 1.0038260077 1.0215373077 1.0064944077 0.7139401577 0.7036695077 0.6830445077 1.0122445077 0.9939972077 0.7034146077
0.3420734877 0.6968155077 0.4063163577 0.4013579377 0.6860276077 0.6870246077 0.6857785077 0.6910259077 0.9917472077 0.9917472077 0.5750906077 0 0.5661212377 0.3395582877 0.3384605277 0.9906247477 0.6790854077 0.6870246077 0.3455457077 0.3458621677 0.3458621677 0.9854086077 0.9828141477 0.9872674077 0.6953009077 0.6953009077 0.6872740577 0.9891307577 0.9846664077 0.6947967077
0.5753055077 0.7111016677 0.5714472077 0.5684600077 0.6885226077 0.6910259077 0.7039246077 0.7057124577 1.0019258077 1.0076408077 0.0685605277 0.5661212377 0 0.5695255077 0.5644249077 1.0118598077 0.6862767077 0.6960578077 0.5618875077 0.5648486077 0.5623098077 1.0068764077 1.0184269077 1.0095556077 0.7188684077 0.7052011677 0.6845345677 1.0118598077 0.9962540077 0.7059681577
0.3447551577 0.7100722077 0.4137293577 0.4064879077 0.6862767077 0.6862767077 0.6970683077 0.6968155077 0.9958774077 1.0034455077 0.5763807477 0.3395582877 0.5695255077 0 0.0621367377 0.9962540077 0.6761297077 0.6870246077 0.3592753277 0.3628283377 0.3629902077 0.9898773577 1.0057310077 0.9898773577 0.7082739077 0.6983332077 0.6877732477 1.0000304777 0.9887577077 0.7013779077
0.3449132077 0.7085305677 0.4137293577 0.4068311677 0.6808149377 0.6832926477 0.6927832577 0.6932861377 0.9958774077 1.0068764077 0.5723029077 0.3384605277 0.5644249077 0.0621367377 0 1.0026853077 0.6783454077 0.6870246077 0.3576658877 0.3621810577 0.3620193477 0.9977623077 1.0019258077 0.9977623077 0.7080173677 0.6985865077 0.6882727077 1.0034455077 0.9932464577 0.7029049077
1.0114752077 0.9902509677 0.9861516077 0.9951247777 0.9776518577 0.9791232077 0.9566359677 0.9674327077 0.1736772677 0.1763236677 1.0114752077 0.9906247477 1.0118598077 0.9962540077 1.0026853077 0 0.9883848577 0.9865233477 0.9883848577 0.9902509677 0.9906247477 0.0552302147 0.3204993077 0.0554450877 0.9638165377 0.9898773577 0.9761834077 0.1734257277 0.1130455317 0.9876397077
0.6847832077 0.4054591077 0.6842860077 0.6902741077 0.2519712077 0.2498795277 0.3937281577 0.4001659677 1.0045874077 0.9947487077 0.6818050077 0.6790854077 0.6862767077 0.6761297077 0.6783454077 0.9883848577 0 0.0497717577 0.6734305077 0.6746562077 0.6768675677 0.9962540077 1.0053496077 0.9996519077 0.4111351077 0.3999958477 0.1847022177 1.0042065077 1.0000304777 0.4010171777
0.6895229377 0.4087218577 0.6900236077 0.6942928077 0.2546290377 0.2535088077 0.3991458077 0.4047740277 0.9966308077 0.9891307577 0.6935376677 0.6870246077 0.6960578077 0.6870246077 0.6870246077 0.9865233477 0.0497717577 0 0.6800732077 0.6808149377 0.6827964077 0.9936218077 0.9955010077 0.9970077477 0.4132097877 0.4035766277 0.1872597777 1.0045874077 0.9924965077 0.4040895577
0.3482398577 0.6927832577 0.4027225077 0.3962628077 0.6820527477 0.6818050077 0.6763756077 0.6780988777 0.9828141477 0.9936218077 0.5633666077 0.3455457077 0.5618875077 0.3592753277 0.3576658877 0.9883848577 0.6734305077 0.6800732077 0 0.0365588147 0.0378172027 0.9861516077 0.9817049077 0.9880121577 0.6837891477 0.6832926477 0.6739206077 1.0026853077 0.9765502377 0.6870246077
0.3504658577 0.6920296077 0.4044317077 0.3972790677 0.6810623077 0.6795791577 0.6805676077 0.6810623077 0.9846664077 0.9924965077 0.5640014077 0.3458621677 0.5648486077 0.3628283377 0.3621810577 0.9902509677 0.6746562077 0.6808149377 0.0365588147 0 0.0310260447 0.9865233477 0.9883848577 0.9887577077 0.6855295477 0.6835408377 0.6778524677 1.0000304777 0.9787550777 0.6867752077
0.3504658577 0.6907752077 0.4039185277 0.3972790677 0.6835408377 0.6825485077 0.6805676077 0.6810623077 0.9865233477 0.9955010077 0.5618875077 0.3458621677 0.5623098077 0.3629902077 0.3620193477 0.9906247477 0.6768675677 0.6827964077 0.0378172027 0.0310260447 0 0.9902509677 0.9921217777 0.9924965077 0.6875236077 0.6825485077 0.6773598377 1.0049684077 0.9809663477 0.6857785077
1.0042065077 0.9839249477 0.9780194077 0.9865233477 0.9876397077 0.9876397077 0.9555648077 0.9667081077 0.1725459577 0.1755666077 1.0038260077 0.9854086077 1.0068764077 0.9898773577 0.9977623077 0.0552302147 0.9962540077 0.9936218077 0.9861516077 0.9865233477 0.9902509677 0 0.3171408677 0.00506269999999999 0.9630954077 0.9824442077 0.9835545077 0.1717926877 0.1109599437 0.9842956077
1.0274043077 0.9955010077 0.9828141477 0.9909987077 0.9842956077 0.9846664077 0.9656224477 0.9846664077 0.3171408677 0.3218775577 1.0215373077 0.9828141477 1.0184269077 1.0057310077 1.0019258077 0.3204993077 1.0053496077 0.9955010077 0.9817049077 0.9883848577 0.9921217777 0.3171408677 0 0.3177503877 0.9842956077 0.9909987077 0.9865233477 0.3144041777 0.3241803077 0.9966308077
1.0064944077 0.9876397077 0.9813355377 0.9883848577 0.9902509677 0.9898773577 0.9587829077 0.9703383077 0.1729228877 0.1760712277 1.0064944077 0.9872674077 1.0095556077 0.9898773577 0.9977623077 0.0554450877 0.9996519077 0.9970077477 0.9880121577 0.9887577077 0.9924965077 0.00506269999999999 0.3177503877 0 0.9681581077 0.9842956077 0.9876397077 0.1726715777 0.1115386877 0.9876397077
0.6965629077 0.3026593077 0.6900236077 0.6942928077 0.4006765677 0.4028932377 0.2237435277 0.2261680977 0.9677953077 0.9725249077 0.7139401577 0.6953009077 0.7188684077 0.7082739077 0.7080173677 0.9638165377 0.4111351077 0.4132097877 0.6837891477 0.6855295477 0.6875236077 0.9630954077 0.9842956077 0.9681581077 0 0.3005706077 0.4099275077 0.9623749077 0.9739861677 0.3047538877
0.7044349477 0.1983577077 0.6980801077 0.6975740077 0.3950789077 0.3937281577 0.2891854577 0.2938959777 0.9813355377 0.9846664077 0.7036695077 0.6953009077 0.7052011677 0.6983332077 0.6985865077 0.9898773577 0.3999958477 0.4035766277 0.6832926477 0.6835408377 0.6825485077 0.9824442077 0.9909987077 0.9842956077 0.3005706077 0 0.4052877577 0.9714308077 0.9865233477 0.1993984777
0.6897732077 0.4059733377 0.6835408377 0.6857785077 0.2515523877 0.2496010877 0.3960935677 0.4046028477 0.9835545077 0.9772845077 0.6830445077 0.6872740577 0.6845345677 0.6877732477 0.6882727077 0.9761834077 0.1847022177 0.1872597777 0.6739206077 0.6778524677 0.6773598377 0.9835545077 0.9865233477 0.9876397077 0.4099275077 0.4052877577 0 0.9813355377 0.9802285577 0.4034057077
1.0145569077 0.9813355377 0.9758167477 0.9772845077 0.9839249477 0.9813355377 0.9587829077 0.9630954077 0.1563922477 0.1571302077 1.0122445077 0.9891307577 1.0118598077 1.0000304777 1.0034455077 0.1734257277 1.0042065077 1.0045874077 1.0026853077 1.0000304777 1.0049684077 0.1717926877 0.3144041777 0.1726715777 0.9623749077 0.9714308077 0.9813355377 0 0.1763236677 0.9824442077
1.0076408077 0.9895039377 0.9732551777 0.9868953077 0.9872674077 0.9872674077 0.9512953077 0.9652609077 0.1754405077 0.1794863677 0.9939972077 0.9846664077 0.9962540077 0.9887577077 0.9932464577 0.1130455317 1.0000304777 0.9924965077 0.9765502377 0.9787550777 0.9809663477 0.1109599437 0.3241803077 0.1115386877 0.9739861677 0.9865233477 0.9802285577 0.1763236677 0 0.9876397077
0.7041797077 0.1076119777 0.6930346677 0.6953009077 0.3971095877 0.3955860577 0.2973000277 0.3040051677 0.9928713577 0.9872674077 0.7034146077 0.6947967077 0.7059681577 0.7013779077 0.7029049077 0.9876397077 0.4010171777 0.4040895577 0.6870246077 0.6867752077 0.6857785077 0.9842956077 0.9966308077 0.9876397077 0.3047538877 0.1993984777 0.4034057077 0.9824442077 0.9876397077 0
