0 1.0022715 0.8907466 0.8953518 0.98496884 0.90231323 0.8774201 0.8855178 0.88259256 0.99357027 0.98907024 1.0030329 0.73815954 1.0103053 1.0022715 0.89469224 0.9006499 0.98869646 0.98757625 0.8933747 0.8910746 0.7408401 0.8914027 0.74110866 0.9898184 0.9845971 0.9872032 0.7354886 0.98496884 0.9753628
1.0022715 0 1.0130024 1.0160967 0.5808764 1.0297868 0.9943229 0.99961257 1.0068517 0.5810934 0.5935663 0.7473126 1.0223241 0.7291169 0.72700495 1.0034139 1.0133885 0.7098048 0.718095 1.0126165 1.0130024 1.0126165 0.99169195 1.0126165 0.9680563 0.9816297 0.7301751 0.99734104 0.5761186 0.31467304
0.8907466 1.0130024 0 0.5105188 0.9946995 0.30050746 0.2988671 0.6790131 0.66650665 0.98645765 0.9946995 0.9969631 0.9184719 0.98869646 0.9920673 0.52306724 0.5228664 0.98496884 0.98496884 0.51487696 0.51229864 0.9110226 0.6164175 0.91203403 1.002652 0.98832285 0.99847597 0.90164745 0.99847597 0.99923354
0.8953518 1.0160967 0.5105188 0 0.9939465 0.53297436 0.5085462 0.67261124 0.6669932 0.9709704 0.9969631 1.0137748 0.9123715 0.9768326 0.98125964 0.26736337 0.26893613 0.9779369 0.9842255 0.26550886 0.26508155 0.9059856 0.61278665 0.9019803 0.98125964 0.97170067 0.9779369 0.8933747 1.005704 0.99734104
0.98496884 0.5808764 0.9946995 0.9939465 0 1.0397208 1.0091523 1.0141612 0.99999183 0.27151692 0.27858767 0.7280602 0.9920673 0.718095 0.71627367 0.97978103 0.98757625 0.7005865 0.7098048 0.9808897 0.9790429 0.9827411 0.9901927 0.98496884 0.959741 0.94479036 0.7191378 0.9779369 0.34494096 0.5793593
0.90231323 1.0297868 0.30050746 0.53297436 1.0397208 0 0.27237916 0.6770375 0.6795078 1.0215429 1.0325551 1.0246727 0.9160936 1.0164845 1.0227151 0.531551 0.5391052 1.0064689 1.0091523 0.530536 0.5283078 0.9188122 0.6320479 0.9188122 1.0003713 0.99131685 1.0293922 0.91643286 1.0413225 1.0157093
0.8774201 0.9943229 0.2988671 0.5085462 1.0091523 0.27237916 0 0.67359257 0.67114156 0.9969631 0.99885464 1.0137748 0.9123715 0.9853408 0.99169195 0.5182621 0.5200604 0.98051995 0.98051995 0.51607 0.51447976 0.8999856 0.62534213 0.8996537 1.0022715 0.99961257 0.9808897 0.9029796 1.0176488 0.9838541
0.8855178 0.99961257 0.6790131 0.67261124 1.0141612 0.6770375 0.67359257 0 0.2571495 0.9845971 1.0049399 1.0133885 0.9301319 0.9808897 0.9709704 0.6775309 0.68198633 0.959741 0.9666036 0.67531306 0.6733471 0.93151563 0.67975533 0.928061 1.0037951 1.019204 1.000751 0.9174517 1.01069 0.9924427
0.88259256 1.0068517 0.66650665 0.6669932 0.99999183 0.6795078 0.67114156 0.2571495 0 0.98051995 0.99923354 1.0083846 0.90933985 0.98237044 0.98794943 0.67163116 0.6669932 0.9572284 0.9637064 0.6578025 0.6580429 0.9167723 0.66650665 0.91473794 1.0003713 1.0137748 1.0041765 0.90565103 1.0034139 0.99056727
0.99357027 0.5810934 0.98645765 0.9709704 0.27151692 1.0215429 0.9969631 0.9845971 0.98051995 0 0.17729825 0.723061 0.9753628 0.7186162 0.71212715 0.97206604 0.97609735 0.6894714 0.700841 0.97206604 0.97170067 0.9775687 0.9687838 0.9775687 0.94867724 0.9493862 0.72044325 0.96479154 0.34763852 0.5784937
0.98907024 0.5935663 0.9946995 0.9969631 0.27858767 1.0325551 0.99885464 1.0049399 0.99923354 0.17729825 0 0.732296 0.98683035 0.7259512 0.72018194 0.98832285 0.97867405 0.6962725 0.7087749 0.98237044 0.9779369 0.9860852 0.9698763 0.98907024 0.96010065 0.9483231 0.7235857 0.97206604 0.35050538 0.58348435
1.0030329 0.7473126 0.9969631 1.0137748 0.7280602 1.0246727 1.0137748 1.0133885 1.0083846 0.723061 0.732296 0 1.0207624 0.64540553 0.6406915 0.99961257 0.99847597 0.6367077 0.6421026 0.9958304 0.9958304 1.0076177 0.9816297 1.0087683 0.9894442 0.96226203 0.6409265 1.01146 0.723061 0.7376246
0.73815954 1.0223241 0.9184719 0.9123715 0.9920673 0.9160936 0.9123715 0.9301319 0.90933985 0.9753628 0.98683035 1.0207624 0 0.9857129 0.9764649 0.90164745 0.9063204 0.9790429 0.98683035 0.9036466 0.90164745 0.15865831 0.9127091 0.16063786 0.9939465 1.0087683 0.98757625 0.40544835 0.97499573 1.0188149
1.0103053 0.7291169 0.98869646 0.9768326 0.718095 1.0164845 0.9853408 0.9808897 0.98237044 0.7186162 0.7259512 0.64540553 0.9857129 0 0.15434618 0.9727974 0.9783054 0.24665588 0.24679483 0.9790429 0.97941184 0.9958304 0.9775687 0.9958304 0.9779369 0.9430302 0.50070703 0.9764649 0.7141975 0.72832423
1.0022715 0.72700495 0.9920673 0.98125964 0.71627367 1.0227151 0.99169195 0.9709704 0.98794943 0.71212715 0.72018194 0.6406915 0.9764649 0.15434618 0 0.9775687 0.9872032 0.24707282 0.24943985 0.98757625 0.9894442 0.990942 1.001891 0.98757625 0.9565121 0.93082345 0.5055969 0.9727974 0.7033912 0.71783453
0.89469224 1.0034139 0.52306724 0.26736337 0.97978103 0.531551 0.5182621 0.6775309 0.67163116 0.97206604 0.98832285 0.99961257 0.90164745 0.9727974 0.9775687 0 0.12436386 0.9583042 0.9680563 0.11743188 0.11719802 0.89865875 0.62304366 0.895022 0.97978103 0.9738958 0.97426224 0.9096761 0.99847597 0.9853408
0.9006499 1.0133885 0.5228664 0.26893613 0.98757625 0.5391052 0.5200604 0.68198633 0.6669932 0.97609735 0.97867405 0.99847597 0.9063204 0.9783054 0.9872032 0.12436386 0 0.9698763 0.9790429 0.093492456 0.09303948 0.90264636 0.627186 0.90098226 0.98757625 0.97206604 0.9738958 0.92154074 0.99056727 0.99169195
0.98869646 0.7098048 0.98496884 0.9779369 0.7005865 1.0064689 0.98051995 0.959741 0.9572284 0.6894714 0.6962725 0.6367077 0.9790429 0.24665588 0.24707282 0.9583042 0.9698763 0 0.061341505 0.96769285 0.9669665 0.9943229 0.97316337 0.99281836 0.9465546 0.92840576 0.5071684 0.9713354 0.69022405 0.70774645
0.98757625 0.718095 0.98496884 0.9842255 0.7098048 1.0091523 0.98051995 0.9666036 0.9637064 0.700841 0.7087749 0.6421026 0.98683035 0.24679483 0.24943985 0.9680563 0.9790429 0.061341505 0 0.97352946 0.97316337 0.9969631 0.98237044 0.9962078 0.9476152 0.92154074 0.50736505 0.9768326 0.69425094 0.714716
0.8933747 1.0126165 0.51487696 0.26550886 0.9808897 0.530536 0.51607 0.67531306 0.6578025 0.97206604 0.98237044 0.9958304 0.9036466 0.9790429 0.98757625 0.11743188 0.093492456 0.96769285 0.97352946 0 0.0108785145 0.89304566 0.6244219 0.891731 0.98496884 0.9575869 0.97499573 0.9073255 0.99734104 0.9920673
0.8910746 1.0130024 0.51229864 0.26508155 0.9790429 0.5283078 0.51447976 0.6733471 0.6580429 0.97170067 0.9779369 0.9958304 0.90164745 0.97941184 0.9894442 0.11719802 0.09303948 0.9669665 0.97316337 0.0108785145 0 0.89304566 0.62304366 0.891731 0.9872032 0.9568702 0.97499573 0.9100125 0.99658537 0.9920673
0.7408401 1.0126165 0.9110226 0.9059856 0.9827411 0.9188122 0.8999856 0.93151563 0.9167723 0.9775687 0.9860852 1.0076177 0.15865831 0.9958304 0.990942 0.89865875 0.90264636 0.9943229 0.9969631 0.89304566 0.89304566 0 0.9127091 0.012198669 0.9816297 0.9894442 0.9946995 0.40527666 0.99357027 0.99847597
0.8914027 0.99169195 0.6164175 0.61278665 0.9901927 0.6320479 0.62534213 0.67975533 0.66650665 0.9687838 0.9698763 0.9816297 0.9127091 0.9775687 1.001891 0.62304366 0.627186 0.97316337 0.98237044 0.6244219 0.62304366 0.9127091 0 0.91406107 0.990942 1.002652 0.99056727 0.9006499 0.9713354 0.9857129
0.74110866 1.0126165 0.91203403 0.9019803 0.98496884 0.9188122 0.8996537 0.928061 0.91473794 0.9775687 0.98907024 1.0087683 0.16063786 0.9958304 0.98757625 0.895022 0.90098226 0.99281836 0.9962078 0.891731 0.891731 0.012198669 0.91406107 0 0.982 0.98757625 0.99961257 0.4049334 0.9943229 0.99847597
0.9898184 0.9680563 1.002652 0.98125964 0.959741 1.0003713 1.0022715 1.0037951 1.0003713 0.94867724 0.96010065 0.9894442 0.9939465 0.9779369 0.9565121 0.97978103 0.98757625 0.9465546 0.9476152 0.98496884 0.9872032 0.9816297 0.990942 0.982 0 0.58938557 0.96190137 0.9939465 0.95294064 0.9370764
0.9845971 0.9816297 0.98832285 0.97170067 0.94479036 0.99131685 0.99961257 1.019204 1.0137748 0.9493862 0.9483231 0.96226203 1.0087683 0.9430302 0.93082345 0.9738958 0.97206604 0.92840576 0.92154074 0.9575869 0.9568702 0.9894442 1.002652 0.98757625 0.58938557 0 0.95258445 1.0076177 0.959741 0.95615417
0.9872032 0.7301751 0.99847597 0.9779369 0.7191378 1.0293922 0.9808897 1.000751 1.0041765 0.72044325 0.7235857 0.6409265 0.98757625 0.50070703 0.5055969 0.97426224 0.9738958 0.5071684 0.50736505 0.97499573 0.97499573 0.9946995 0.99056727 0.99961257 0.96190137 0.95258445 0 0.97316337 0.69855326 0.7267414
0.7354886 0.99734104 0.90164745 0.8933747 0.9779369 0.91643286 0.9029796 0.9174517 0.90565103 0.96479154 0.97206604 1.01146 0.40544835 0.9764649 0.9727974 0.9096761 0.92154074 0.9713354 0.9768326 0.9073255 0.9100125 0.40527666 0.9006499 0.4049334 0.9939465 1.0076177 0.97316337 0 0.9713354 0.99545324
0.98496884 0.5761186 0.99847597 1.005704 0.34494096 1.0413225 1.0176488 1.01069 1.0034139 0.34763852 0.35050538 0.723061 0.97499573 0.7141975 0.7033912 0.99847597 0.99056727 0.69022405 0.69425094 0.99734104 0.99658537 0.99357027 0.9713354 0.9943229 0.95294064 0.959741 0.69855326 0.9713354 0 0.5800091
0.9753628 0.31467304 0.99923354 0.99734104 0.5793593 1.0157093 0.9838541 0.9924427 0.99056727 0.5784937 0.58348435 0.7376246 1.0188149 0.72832423 0.71783453 0.9853408 0.99169195 0.70774645 0.714716 0.9920673 0.9920673 0.99847597 0.9857129 0.99847597 0.9370764 0.95615417 0.7267414 0.99545324 0.5800091 0
