0 0.9069903 0.98869646 0.9838541 1.0137748 1.005704 0.9249654 0.9069903 0.92359364 0.9043141 0.90264636 0.9901927 0.90665525 1.0393208 1.0258498 1.0130024 1.0188149 0.92462224 0.92359364 1.0091523 1.0118452 1.0149349 1.0149349 1.0160967 1.0157093 1.0329514 1.0393208 1.0227151 1.0130024 0.9110226
0.9069903 0 0.9608204 0.95508146 0.959741 0.9604604 0.67285645 0.66918653 0.6795078 0.27094263 0.2746833 0.9687838 0.27945808 0.9687838 0.9655158 0.98645765 0.9853408 0.68223464 0.6790131 0.9593815 0.9604604 0.9943229 0.97867405 0.9939465 0.97867405 0.97978103 0.98125964 0.98051995 0.9958304 0.18021728
0.98869646 0.9608204 0 0.15054747 0.31012297 0.3116366 0.9673296 0.9713354 0.97573 0.9604604 0.9669665 0.99169195 0.9753628 0.99961257 1.0022715 1.0385218 1.0373245 0.990942 0.98832285 0.4500159 0.4522057 1.0049399 0.9962078 1.0060863 1.0270288 1.0274222 1.01069 1.0141612 1.0211525 0.946908
0.9838541 0.95508146 0.15054747 0 0.30891424 0.30349907 0.9709704 0.9768326 0.9838541 0.9536536 0.96010065 0.98645765 0.9680563 1.0091523 1.0103053 1.0325551 1.0297868 0.9977191 0.9950763 0.44656178 0.4489234 1.0068517 0.9946995 1.0072346 1.0297868 1.0377234 1.01069 1.0180373 1.0160967 0.9353342
1.0137748 0.959741 0.31012297 0.30891424 0 0.13794214 0.9779369 0.98496884 0.98907024 0.9713354 0.97720057 1.0072346 0.9853408 1.0188149 1.0207624 1.0341415 1.0297868 0.9950763 0.98869646 0.46121424 0.46102932 1.0242808 1.0049399 1.0234975 1.0441338 1.0266355 1.030972 1.025065 1.0203725 0.9483231
1.005704 0.9604604 0.3116366 0.30349907 0.13794214 0 0.9658782 0.98051995 0.9845971 0.97206604 0.98051995 0.99923354 0.9924427 0.9980974 1.0015109 1.0234975 1.0207624 0.98496884 0.97867405 0.4575242 0.4586293 1.0133885 0.9950763 1.0126165 1.0258498 1.0149349 1.0266355 1.0234975 1.0223241 0.9554389
0.9249654 0.67285645 0.9673296 0.9709704 0.9779369 0.9658782 0 0.11591307 0.13998818 0.67285645 0.6652917 0.97609735 0.6731017 0.9924427 0.9980974 1.002652 1.0064689 0.13938582 0.13734141 0.98683035 0.98496884 1.0168724 0.9857129 1.0160967 1.0080011 1.001891 0.99734104 0.9950763 1.0011308 0.66335183
0.9069903 0.66918653 0.9713354 0.9768326 0.98496884 0.98051995 0.11591307 0 0.13746151 0.6643211 0.66577744 0.98051995 0.67261124 1.0015109 1.002652 0.9980974 1.0003713 0.13854334 0.13638125 0.9901927 0.98757625 1.0122308 0.9939465 1.0110749 1.0157093 1.0064689 1.0034139 0.9931942 0.9958304 0.6602102
0.92359364 0.6795078 0.97573 0.9838541 0.98907024 0.9845971 0.13998818 0.13746151 0 0.67555916 0.671876 0.9831119 0.6827315 0.99961257 1.0030329 1.0015109 1.0072346 0.11953994 0.11801686 0.990942 0.9901927 1.0234975 0.99734104 1.0227151 1.0141612 1.0060863 1.0080011 1.0091523 1.0118452 0.6640787
0.9043141 0.27094263 0.9604604 0.9536536 0.9713354 0.97206604 0.67285645 0.6643211 0.67555916 0 0.105942294 0.9857129 0.1126522 0.9969631 0.99281836 0.99734104 0.9962078 0.6790131 0.6740837 0.97316337 0.9738958 1.0164845 1.0037951 1.015322 1.0203725 1.0072346 0.9946995 0.9860852 1.0080011 0.2679349
0.90264636 0.2746833 0.9669665 0.96010065 0.97720057 0.98051995 0.6652917 0.66577744 0.671876 0.105942294 0 0.9768326 0.089876354 0.9924427 0.9894442 0.9950763 0.990942 0.6713863 0.66796726 0.9691478 0.9691478 0.9939465 0.982 0.9924427 0.9920673 0.9894442 0.9838541 0.9727974 0.99847597 0.26550886
0.9901927 0.9687838 0.99169195 0.98645765 1.0072346 0.99923354 0.97609735 0.98051995 0.9831119 0.9857129 0.9768326 0 0.97316337 0.34589195 0.34304264 0.43112323 0.43023533 0.9662408 0.96226203 0.9950763 0.9939465 0.45531887 0.46325153 0.45476854 0.4797522 0.47578144 0.472958 0.458445 0.4617693 0.9626228
0.90665525 0.27945808 0.9753628 0.9680563 0.9853408 0.9924427 0.6731017 0.67261124 0.6827315 0.1126522 0.089876354 0.97316337 0 1.002652 0.9969631 0.9946995 0.99169195 0.682483 0.67975533 0.97978103 0.9801504 1.000751 0.9924427 0.99885464 0.9958304 0.99999183 0.9901927 0.9775687 1.0072346 0.2718042
1.0393208 0.9687838 0.99961257 1.0091523 1.0188149 0.9980974 0.9924427 1.0015109 0.99961257 0.9969631 0.9924427 0.34589195 1.002652 0 0.05712102 0.42563516 0.42492995 0.99999183 0.9943229 1.018426 1.0172604 0.47220686 0.46902296 0.471269 0.48241112 0.47956264 0.47956264 0.4718316 0.47108158 0.9727974
1.0258498 0.9655158 1.0022715 1.0103053 1.0207624 1.0015109 0.9980974 1.002652 1.0030329 0.99281836 0.9894442 0.34304264 0.9969631 0.05712102 0 0.4261645 0.4242254 1.001891 0.9969631 1.0083846 1.0076177 0.4673428 0.46659726 0.466411 0.48146042 0.4788049 0.47748062 0.46958384 0.46771583 0.9644296
1.0130024 0.98645765 1.0385218 1.0325551 1.0341415 1.0234975 1.002652 0.9980974 1.0015109 0.99734104 0.9950763 0.43112323 0.9946995 0.42563516 0.4261645 0 0.027913041 0.9980974 0.99734104 1.0329514 1.0297868 0.4714565 0.47352183 0.47014514 0.493142 0.49044484 0.47785875 0.46696994 0.47220686 0.9753628
1.0188149 0.9853408 1.0373245 1.0297868 1.0297868 1.0207624 1.0064689 1.0003713 1.0072346 0.9962078 0.990942 0.43023533 0.99169195 0.42492995 0.4242254 0.027913041 0 1.0037951 1.0037951 1.0317632 1.0293922 0.469958 0.47014514 0.46883607 0.49082956 0.4915996 0.47540435 0.46436512 0.471644 0.9738958
0.92462224 0.68223464 0.990942 0.9977191 0.9950763 0.98496884 0.13938582 0.13854334 0.11953994 0.6790131 0.6713863 0.9662408 0.682483 0.99999183 1.001891 0.9980974 1.0037951 0 0.01627532 0.98907024 0.9872032 1.0274222 0.98125964 1.0258498 1.0087683 1.0034139 1.000751 0.99847597 1.01069 0.6723661
0.92359364 0.6790131 0.98832285 0.9950763 0.98869646 0.97867405 0.13734141 0.13638125 0.11801686 0.6740837 0.66796726 0.96226203 0.67975533 0.9943229 0.9969631 0.99734104 1.0037951 0.01627532 0 0.9860852 0.9842255 1.0278157 0.98051995 1.0262426 1.01069 1.002652 0.99999183 0.9958304 1.0103053 0.67016345
1.0091523 0.9593815 0.4500159 0.44656178 0.46121424 0.4575242 0.98683035 0.9901927 0.990942 0.97316337 0.9691478 0.9950763 0.97978103 1.018426 1.0083846 1.0329514 1.0317632 0.98907024 0.9860852 0 0.008548534 1.0293922 1.0064689 1.0258498 1.0361294 1.033348 1.0234975 1.0168724 1.0219333 0.9604604
1.0118452 0.9604604 0.4522057 0.4489234 0.46102932 0.4586293 0.98496884 0.98757625 0.9901927 0.9738958 0.9691478 0.9939465 0.9801504 1.0172604 1.0076177 1.0297868 1.0293922 0.9872032 0.9842255 0.008548534 0 1.0313674 1.0041765 1.0278157 1.0361294 1.033348 1.0238891 1.0188149 1.0227151 0.9615409
1.0149349 0.9943229 1.0049399 1.0068517 1.0242808 1.0133885 1.0168724 1.0122308 1.0234975 1.0164845 0.9939465 0.45531887 1.000751 0.47220686 0.4673428 0.4714565 0.469958 1.0274222 1.0278157 1.0293922 1.0313674 0 0.4829821 0.004312374 0.493142 0.49256322 0.49006033 0.48488855 0.48317254 0.9958304
1.0149349 0.97867405 0.9962078 0.9946995 1.0049399 0.9950763 0.9857129 0.9939465 0.99734104 1.0037951 0.982 0.46325153 0.9924427 0.46902296 0.46659726 0.47352183 0.47014514 0.98125964 0.98051995 1.0064689 1.0041765 0.4829821 0 0.48184055 0.31558636 0.31848595 0.3063522 0.34177974 0.34241092 0.9655158
1.0160967 0.9939465 1.0060863 1.0072346 1.0234975 1.0126165 1.0160967 1.0110749 1.0227151 1.015322 0.9924427 0.45476854 0.99885464 0.471269 0.466411 0.47014514 0.46883607 1.0258498 1.0262426 1.0258498 1.0278157 0.004312374 0.48184055 0 0.4923704 0.491407 0.49006033 0.48317254 0.48241112 0.99545324
1.0157093 0.97867405 1.0270288 1.0297868 1.0441338 1.0258498 1.0080011 1.0157093 1.0141612 1.0203725 0.9920673 0.4797522 0.9958304 0.48241112 0.48146042 0.493142 0.49082956 1.0087683 1.01069 1.0361294 1.0361294 0.493142 0.31558636 0.4923704 0 0.33643606 0.3281814 0.3450994 0.35917228 0.9816297
1.0329514 0.97978103 1.0274222 1.0377234 1.0266355 1.0149349 1.001891 1.0064689 1.0060863 1.0072346 0.9894442 0.47578144 0.99999183 0.47956264 0.4788049 0.49044484 0.4915996 1.0034139 1.002652 1.033348 1.033348 0.49256322 0.31848595 0.491407 0.33643606 0 0.32078305 0.35595062 0.36273217 0.9658782
1.0393208 0.98125964 1.01069 1.01069 1.030972 1.0266355 0.99734104 1.0034139 1.0080011 0.9946995 0.9838541 0.472958 0.9901927 0.47956264 0.47748062 0.47785875 0.47540435 1.000751 0.99999183 1.0234975 1.0238891 0.49006033 0.3063522 0.49006033 0.3281814 0.32078305 0 0.34795654 0.34970793 0.9637064
1.0227151 0.98051995 1.0141612 1.0180373 1.025065 1.0234975 0.9950763 0.9931942 1.0091523 0.9860852 0.9727974 0.458445 0.9775687 0.4718316 0.46958384 0.46696994 0.46436512 0.99847597 0.9958304 1.0168724 1.0188149 0.48488855 0.34177974 0.48317254 0.3450994 0.35595062 0.34795654 0 0.3048492 0.9658782
1.0130024 0.9958304 1.0211525 1.0160967 1.0203725 1.0223241 1.0011308 0.9958304 1.0118452 1.0080011 0.99847597 0.4617693 1.0072346 0.47108158 0.46771583 0.47220686 0.471644 1.01069 1.0103053 1.0219333 1.0227151 0.48317254 0.34241092 0.48241112 0.35917228 0.36273217 0.34970793 0.3048492 0 0.98496884
0.9110226 0.18021728 0.946908 0.9353342 0.9483231 0.9554389 0.66335183 0.6602102 0.6640787 0.2679349 0.26550886 0.9626228 0.2718042 0.9727974 0.9644296 0.9753628 0.9738958 0.6723661 0.67016345 0.9604604 0.9615409 0.9958304 0.9655158 0.99545324 0.9816297 0.9658782 0.9637064 0.9658782 0.98496884 0
