0 0.99056727 0.93324894 0.93151563 0.953297 0.93987226 0.9969631 0.94373375 0.9433819 0.928061 0.71835554 0.7365559 0.9430302 0.99169195 1.0068517 0.9472615 0.9458484 0.7320306 0.732296 1.0045581 1.0037951 0.72489893 0.74110866 0.7264779 0.7519313 0.9500957 0.9583042 0.91949344 0.72858834 0.9388226
0.99056727 0 1.0022715 0.99885464 1.0095364 1.0188149 0.14482458 1.01069 1.0103053 1.0045581 0.98832285 1.0076177 1.0133885 0.14957027 0.15140356 1.0188149 1.0188149 1.0118452 1.01146 0.26451218 0.26408544 0.98237044 1.001891 0.9790429 1.0215429 1.0087683 1.0433295 0.98496884 0.99885464 1.0389212
0.93324894 1.0022715 0 0.14071167 0.9006499 0.90231323 0.99999183 0.88162 0.89601207 0.8923881 0.9069903 0.910349 0.8887815 0.9962078 0.9958304 0.8835664 0.8907466 0.92393637 0.9253087 1.0091523 1.0064689 0.90766084 0.9249654 0.9086678 0.94232726 0.8787099 0.8943626 0.24637805 0.9232511 0.8937039
0.93151563 0.99885464 0.14071167 0 0.9069903 0.90231323 0.99961257 0.88064873 0.9029796 0.8943626 0.92154074 0.9229087 0.8848668 0.9939465 0.99923354 0.8848668 0.8881276 0.9458484 0.946908 1.0160967 1.0141612 0.9229087 0.932902 0.9205164 0.95508146 0.8787099 0.89766514 0.24610032 0.9430302 0.8970035
0.953297 1.0095364 0.9006499 0.9069903 0 0.14433953 1.0099207 0.3344029 0.16735767 0.1661087 0.9402225 0.9218825 0.33643606 0.9962078 1.0034139 0.33863178 0.33941755 0.9615409 0.96769285 1.0137748 1.0122308 0.9353342 0.9253087 0.931862 0.9346385 0.5352165 0.549644 0.88910866 0.946908 0.16998726
0.93987226 1.0188149 0.90231323 0.90231323 0.14433953 0 1.0083846 0.33206376 0.16536033 0.16249844 0.92771643 0.910349 0.3350279 0.9977191 1.0022715 0.335497 0.3361229 0.9511613 0.95615417 1.0068517 1.0064689 0.9266836 0.908332 0.9229087 0.92462224 0.52749914 0.55131066 0.88194406 0.94092345 0.16486183
0.9969631 0.14482458 0.99999183 0.99961257 1.0099207 1.0083846 0 1.015322 1.01069 1.0053219 0.99734104 1.0149349 1.0207624 0.08370163 0.08515653 1.0266355 1.0286036 1.0266355 1.0274222 0.26679227 0.266935 1.0003713 1.0064689 0.99658537 1.0215429 1.019204 1.0469556 0.98832285 1.018426 1.0341415
0.94373375 1.01069 0.88162 0.88064873 0.3344029 0.33206376 1.015322 0 0.32694325 0.3270979 0.9110226 0.8943626 0.07558383 1.01069 1.0203725 0.07857607 0.077910095 0.9242792 0.9301319 1.0072346 1.0083846 0.9096761 0.910349 0.9073255 0.90098226 0.5352165 0.55006033 0.87484723 0.9218825 0.3288012
0.9433819 1.0103053 0.89601207 0.9029796 0.16735767 0.16536033 1.01069 0.32694325 0 0.06952519 0.9256522 0.91406107 0.33206376 0.99847597 1.0045581 0.33206376 0.33237523 0.9500957 0.9572284 0.9969631 0.9958304 0.9256522 0.9259958 0.9259958 0.92771643 0.53195745 0.55006033 0.87806475 0.9391723 0.16175365
0.928061 1.0045581 0.8923881 0.8943626 0.1661087 0.16249844 1.0053219 0.3270979 0.06952519 0 0.9127091 0.9069903 0.3284912 0.9924427 0.99545324 0.33144122 0.33144122 0.94092345 0.9458484 0.98794943 0.98683035 0.90799636 0.91439945 0.9073255 0.91439945 0.52952236 0.54673624 0.8703658 0.92909575 0.16125754
0.71835554 0.98832285 0.9069903 0.92154074 0.9402225 0.92771643 0.99734104 0.9110226 0.9256522 0.9127091 0 0.51926064 0.91813165 0.990942 0.99885464 0.9222244 0.92119914 0.3814544 0.38378617 1.0095364 1.0041765 0.057876796 0.5146783 0.056473818 0.52226424 0.9225665 0.9536536 0.8983274 0.16961105 0.9287507
0.7365559 1.0076177 0.910349 0.9229087 0.9218825 0.910349 1.0149349 0.8943626 0.91406107 0.9069903 0.51926064 0 0.90766084 1.0110749 1.014548 0.9150766 0.91473794 0.5240722 0.52608615 1.0099207 1.0068517 0.515871 0.33144122 0.5152744 0.33910313 0.9167723 0.9349863 0.9029796 0.5228664 0.9150766
0.9430302 1.0133885 0.8887815 0.8848668 0.33643606 0.3350279 1.0207624 0.07558383 0.33206376 0.3284912 0.91813165 0.90766084 0 1.0103053 1.0168724 0.05056701 0.049818557 0.9263396 0.93082345 1.0049399 1.0076177 0.91439945 0.92909575 0.91406107 0.9123715 0.5436332 0.5546552 0.87806475 0.9301319 0.33159682
0.99169195 0.14957027 0.9962078 0.9939465 0.9962078 0.9977191 0.08370163 1.01069 0.99847597 0.9924427 0.990942 1.0110749 1.0103053 0 0.029887684 1.01146 1.0141612 1.0141612 1.0157093 0.26836383 0.26850688 0.98907024 0.9969631 0.98869646 1.0149349 1.0176488 1.0481682 0.9783054 1.0133885 1.0172604
1.0068517 0.15140356 0.9958304 0.99923354 1.0034139 1.0022715 0.08515653 1.0203725 1.0045581 0.99545324 0.99885464 1.014548 1.0168724 0.029887684 0 1.0223241 1.0238891 1.0223241 1.0227151 0.26836383 0.26836383 0.9962078 1.0080011 0.9958304 1.0231062 1.0160967 1.0457449 0.982 1.0176488 1.025065
0.9472615 1.0188149 0.8835664 0.8848668 0.33863178 0.335497 1.0266355 0.07857607 0.33206376 0.33144122 0.9222244 0.9150766 0.05056701 1.01146 1.0223241 0 0.020066053 0.9253087 0.9304776 1.0133885 1.0141612 0.9150766 0.93151563 0.9150766 0.91439945 0.54632175 0.5573836 0.8838912 0.93151563 0.33221948
0.9458484 1.0188149 0.8907466 0.8881276 0.33941755 0.3361229 1.0286036 0.077910095 0.33237523 0.33144122 0.92119914 0.91473794 0.049818557 1.0141612 1.0238891 0.020066053 0 0.9263396 0.93116945 1.0122308 1.0141612 0.9160936 0.9301319 0.9160936 0.9150766 0.5450797 0.5559132 0.890091 0.9339434 0.3326868
0.7320306 1.0118452 0.92393637 0.9458484 0.9615409 0.9511613 1.0266355 0.9242792 0.9500957 0.94092345 0.3814544 0.5240722 0.9263396 1.0141612 1.0223241 0.9253087 0.9263396 0 0.013113986 1.014548 1.0122308 0.38445374 0.5186613 0.38311923 0.53114486 0.9476152 0.9504507 0.9225665 0.38813597 0.94373375
0.732296 1.01146 0.9253087 0.946908 0.96769285 0.95615417 1.0274222 0.9301319 0.9572284 0.9458484 0.38378617 0.52608615 0.93082345 1.0157093 1.0227151 0.9304776 0.93116945 0.013113986 0 1.0157093 1.0133885 0.38712993 0.5220636 0.38579065 0.5327709 0.9511613 0.9540103 0.9256522 0.3914992 0.94903165
1.0045581 0.26451218 1.0091523 1.0160967 1.0137748 1.0068517 0.26679227 1.0072346 0.9969631 0.98794943 1.0095364 1.0099207 1.0049399 0.26836383 0.26836383 1.0133885 1.0122308 1.014548 1.0157093 0 0.00986459 1.0095364 1.0064689 1.0068517 1.0168724 1.0238891 1.0457449 1.0045581 1.0207624 1.0157093
1.0037951 0.26408544 1.0064689 1.0141612 1.0122308 1.0064689 0.266935 1.0083846 0.9958304 0.98683035 1.0041765 1.0068517 1.0076177 0.26850688 0.26836383 1.0141612 1.0141612 1.0122308 1.0133885 0.00986459 0 1.0053219 1.0049399 1.0030329 1.0141612 1.025065 1.0469556 1.0037951 1.018426 1.0157093
0.72489893 0.98237044 0.90766084 0.9229087 0.9353342 0.9266836 1.0003713 0.9096761 0.9256522 0.90799636 0.057876796 0.515871 0.91439945 0.98907024 0.9962078 0.9150766 0.9160936 0.38445374 0.38712993 1.0095364 1.0053219 0 0.51388425 0.009155657 0.5226656 0.9287507 0.9522284 0.8979962 0.16873392 0.9253087
0.74110866 1.001891 0.9249654 0.932902 0.9253087 0.908332 1.0064689 0.910349 0.9259958 0.91439945 0.5146783 0.33144122 0.92909575 0.9969631 1.0080011 0.93151563 0.9301319 0.5186613 0.5220636 1.0064689 1.0049399 0.51388425 0 0.51190275 0.3286462 0.91473794 0.94162506 0.9100125 0.51190275 0.9123715
0.7264779 0.9790429 0.9086678 0.9205164 0.931862 0.9229087 0.99658537 0.9073255 0.9259958 0.9073255 0.056473818 0.5152744 0.91406107 0.98869646 0.9958304 0.9150766 0.9160936 0.38311923 0.38579065 1.0068517 1.0030329 0.009155657 0.51190275 0 0.52106136 0.92393637 0.9511613 0.89865875 0.16723268 0.92119914
0.7519313 1.0215429 0.94232726 0.95508146 0.9346385 0.92462224 1.0215429 0.90098226 0.92771643 0.91439945 0.52226424 0.33910313 0.9123715 1.0149349 1.0231062 0.91439945 0.9150766 0.53114486 0.5327709 1.0168724 1.0141612 0.5226656 0.3286462 0.52106136 0 0.928061 0.9440858 0.9266836 0.5299277 0.9270277
0.9500957 1.0087683 0.8787099 0.8787099 0.5352165 0.52749914 1.019204 0.5352165 0.53195745 0.52952236 0.9225665 0.9167723 0.5436332 1.0176488 1.0160967 0.54632175 0.5450797 0.9476152 0.9511613 1.0238891 1.025065 0.9287507 0.91473794 0.92393637 0.928061 0 0.29441166 0.8716434 0.93324894 0.53256744
0.9583042 1.0433295 0.8943626 0.89766514 0.549644 0.55131066 1.0469556 0.55006033 0.55006033 0.54673624 0.9536536 0.9349863 0.5546552 1.0481682 1.0457449 0.5573836 0.5559132 0.9504507 0.9540103 1.0457449 1.0469556 0.9522284 0.94162506 0.9511613 0.9440858 0.29441166 0 0.8907466 0.9680563 0.5475659
0.91949344 0.98496884 0.24637805 0.24610032 0.88910866 0.88194406 0.98832285 0.87484723 0.87806475 0.8703658 0.8983274 0.9029796 0.87806475 0.9783054 0.982 0.8838912 0.890091 0.9225665 0.9256522 1.0045581 1.0037951 0.8979962 0.9100125 0.89865875 0.9266836 0.8716434 0.8907466 0 0.91169673 0.87645423
0.72858834 0.99885464 0.9232511 0.9430302 0.946908 0.94092345 1.018426 0.9218825 0.9391723 0.92909575 0.16961105 0.5228664 0.9301319 1.0133885 1.0176488 0.93151563 0.9339434 0.38813597 0.3914992 1.0207624 1.018426 0.16873392 0.51190275 0.16723268 0.5299277 0.93324894 0.9680563 0.91169673 0 0.93777436
0.9388226 1.0389212 0.8937039 0.8970035 0.16998726 0.16486183 1.0341415 0.3288012 0.16175365 0.16125754 0.9287507 0.9150766 0.33159682 1.0172604 1.025065 0.33221948 0.3326868 0.94373375 0.94903165 1.0157093 1.0157093 0.9253087 0.9123715 0.92119914 0.9270277 0.53256744 0.5475659 0.87645423 0.93777436 0
