0 0.754859052 0.751860692 0.965720352 0.985144852 0.980702592 0.988121102 0.984773712 0.994861022 0.986631552 0.931768352 0.981071782 0.931768352 0.927630352 0.939065112 0.986259592 0.994109112 0.705448702 0.705960292 0.556994152 0.557623752 0.985516252 0.567132312 0.987748402 0.992607602 0.979227652 0.995613652 0.741862312 0.559094952 0.975552992
0.754859052 0 0.208830862 0.982920452 1.004323652 0.991858022 0.999766722 1.003942752 0.987748402 0.978859452 0.945024502 1.006612652 0.928318452 0.933152752 0.939414392 1.020105652 1.017775252 0.746439592 0.747791182 0.735979952 0.738380802 0.997876122 0.743474652 0.999009852 0.998253852 0.987375952 1.003181752 0.339137602 0.741057452 1.011980752
0.751860692 0.208830862 0 0.983290752 1.004704652 0.991858022 1.012365652 1.013907252 1.013521552 1.003181752 0.938367152 1.006612652 0.930041452 0.927286552 0.932806382 1.019716752 1.011596052 0.749145252 0.747520702 0.734649452 0.735181352 0.994861022 0.733586752 0.995990252 1.000524292 0.985516252 0.990360992 0.336006092 0.731465852 1.014679252
0.965720352 0.982920452 0.983290752 0 0.165156552 0.168898462 0.682780752 0.696299152 0.680798552 0.674147202 1.004323652 0.672921912 1.002801652 1.000145392 1.005467252 0.728032152 0.731995552 0.971896252 0.973356792 0.973722412 0.974820212 0.715488252 0.970802652 0.716006752 0.711095552 0.339451472 0.344649452 0.984402652 0.986259592 0.683773752
0.985144852 1.004323652 1.004704652 0.165156552 0 0.157235692 0.687509492 0.695289382 0.682532652 0.680798552 0.997121152 0.673901992 0.990360992 0.998253852 0.998253852 0.724351752 0.728032152 0.967531552 0.972991422 0.977388102 0.977755652 0.712642952 0.992232752 0.712901192 0.714711202 0.338980722 0.344965622 0.998253852 1.000903322 0.684270812
0.980702592 0.991858022 0.991858022 0.168898462 0.157235692 0 0.690010352 0.698829482 0.690511452 0.688258852 1.005848852 0.684519452 0.999388152 1.006612652 1.009675352 0.731465852 0.735979952 0.970802652 0.972991422 0.979227652 0.980333652 0.726452652 0.993358052 0.726978792 0.721211502 0.339137602 0.347499952 0.997498552 0.987003652 0.684022252
0.988121102 0.999766722 1.012365652 0.682780752 0.687509492 0.690010352 0 0.103098272 0.378599212 0.372012982 1.021663252 0.475376852 1.025571552 1.026355752 1.018939552 0.734649452 0.733586752 0.976286482 0.977020752 0.968257252 0.961031752 0.724351752 0.984402652 0.723041752 0.719906952 0.686012952 0.699336602 0.999766722 0.972261152 0.251567792
0.984773712 1.003942752 1.013907252 0.696299152 0.695289382 0.698829482 0.103098272 0 0.376452352 0.371357552 1.016225652 0.475753252 1.021273552 1.022053152 1.018163152 0.737579652 0.734383652 0.988493952 0.986259592 0.974454122 0.967894352 0.723041752 0.984773712 0.721734002 0.723303552 0.693022382 0.696804552 1.000903322 0.970438552 0.253524952
0.994861022 0.987748402 1.013521552 0.680798552 0.682532652 0.690511452 0.378599212 0.376452352 0 0.095349802 1.023224052 0.462504992 1.023224052 1.010827152 1.017000052 0.749687552 0.739985652 1.008908452 1.003562252 0.999766722 0.995613652 0.730672052 0.995237252 0.730143322 0.729614982 0.681541252 0.683277082 1.015065552 0.999009852 0.379923412
0.986631552 0.978859452 1.003181752 0.674147202 0.680798552 0.688258852 0.372012982 0.371357552 0.095349802 0 1.012365652 0.456609622 1.013521552 1.003181752 1.006230652 0.742130852 0.731995552 0.992982702 0.987375952 0.985887852 0.981810702 0.727505252 0.981071782 0.726978792 0.725926892 0.683773752 0.677096082 1.011211452 0.984031852 0.371521352
0.931768352 0.945024502 0.938367152 1.004323652 0.997121152 1.005848852 1.021663252 1.016225652 1.023224052 1.012365652 0 1.022833652 0.076985192 0.165032152 0.165654402 1.017387452 1.015451952 0.931422652 0.932114202 0.938367152 0.940113352 1.002421552 0.943969382 1.002041752 1.025179852 0.997121152 1.009291852 0.948198752 0.942564922 1.015838752
0.981071782 1.006612652 1.006612652 0.672921912 0.673901992 0.684519452 0.475376852 0.475753252 0.462504992 0.456609622 1.022833652 0 1.017000052 1.018551152 1.019328052 0.733852252 0.735713652 0.991483452 0.991858022 0.993358052 0.993358052 0.719125282 0.989987212 0.718344452 0.733852252 0.679068452 0.676357752 1.017387452 0.987748402 0.467329352
0.931768352 0.928318452 0.930041452 1.002801652 0.990360992 0.999388152 1.025571552 1.021273552 1.023224052 1.013521552 0.076985192 1.017000052 0 0.164783382 0.165654402 1.020883952 1.021663252 0.937321352 0.938367152 0.935234152 0.936277052 1.006994752 0.945024502 1.007759652 1.018939552 0.991109152 1.000524292 0.939414392 0.938367152 1.014679252
0.927630352 0.933152752 0.927286552 1.000145392 0.998253852 1.006612652 1.026355752 1.022053152 1.010827152 1.003181752 0.165032152 1.018551152 0.164783382 0 0.064479417 1.016225652 1.018551152 0.942915812 0.942214202 0.943969382 0.943618012 1.002041752 0.934539692 1.002801652 1.034638752 0.995990252 1.002041752 0.948905952 0.938367152 1.020105652
0.939065112 0.939414392 0.932806382 1.005467252 0.998253852 1.009675352 1.018939552 1.018163152 1.017000052 1.006230652 0.165654402 1.019328052 0.165654402 0.064479417 0 1.024788252 1.025963452 0.942214202 0.940812952 0.939065112 0.941163012 1.006994752 0.943618012 1.007759652 1.030288552 0.994484952 0.999009852 0.953519152 0.942915812 1.013135952
0.986259592 1.020105652 1.019716752 0.728032152 0.724351752 0.731465852 0.734649452 0.737579652 0.749687552 0.742130852 1.017387452 0.733852252 1.020883952 1.016225652 1.024788252 0 0.056579482 0.981810702 0.979596152 0.968620352 0.967168952 0.199004542 0.988121102 0.199004542 0.402288032 0.714193652 0.728559392 1.008908452 0.982550392 0.718084352
0.994109112 1.017775252 1.011596052 0.731995552 0.728032152 0.735979952 0.733586752 0.734383652 0.739985652 0.731995552 1.015451952 0.735713652 1.021663252 1.018551152 1.025963452 0.056579482 0 0.996743992 0.993733452 0.978859452 0.977388102 0.196795032 0.992982702 0.196535512 0.406910822 0.718084352 0.733852252 1.002041752 0.997498552 0.715747492
0.705448702 0.746439592 0.749145252 0.971896252 0.967531552 0.970802652 0.976286482 0.988493952 1.008908452 0.992982702 0.931422652 0.991483452 0.937321352 0.942915812 0.942214202 0.981810702 0.996743992 0 0.029307592 0.677342352 0.676357752 0.975186552 0.697057322 0.976653552 0.983290752 0.973722412 0.969347052 0.738113652 0.681788992 1.002801652
0.705960292 0.747791182 0.747520702 0.973356792 0.972991422 0.972991422 0.977020752 0.986259592 1.003562252 0.987375952 0.932114202 0.991858022 0.938367152 0.942214202 0.940812952 0.979596152 0.993733452 0.029307592 0 0.679562352 0.679562352 0.973356792 0.697057322 0.974820212 0.984402652 0.979227652 0.970074552 0.740521382 0.683028892 0.994109112
0.556994152 0.735979952 0.734649452 0.973722412 0.977388102 0.979227652 0.968257252 0.974454122 0.999766722 0.985887852 0.938367152 0.993358052 0.935234152 0.943969382 0.939065112 0.968620352 0.978859452 0.677342352 0.679562352 0 0.021356805 0.946081112 0.412426812 0.948198752 0.970438552 0.962111152 0.971896252 0.731995552 0.303591752 0.981071782
0.557623752 0.738380802 0.735181352 0.974820212 0.977755652 0.980333652 0.961031752 0.967894352 0.995613652 0.981810702 0.940113352 0.993358052 0.936277052 0.943618012 0.941163012 0.967168952 0.977388102 0.676357752 0.679562352 0.021356805 0 0.944672652 0.412253812 0.946786302 0.966806552 0.959594952 0.971896252 0.728559392 0.304340312 0.972261152
0.985516252 0.997876122 0.994861022 0.715488252 0.712642952 0.726452652 0.724351752 0.723041752 0.730672052 0.727505252 1.002421552 0.719125282 1.006994752 1.002041752 1.006994752 0.199004542 0.196795032 0.975186552 0.973356792 0.946081112 0.944672652 0 0.951031552 0.00369459999999995 0.402288032 0.714452402 0.726452652 0.979596152 0.958519152 0.715229152
0.567132312 0.743474652 0.733586752 0.970802652 0.992232752 0.993358052 0.984402652 0.984773712 0.995237252 0.981071782 0.943969382 0.989987212 0.945024502 0.934539692 0.943618012 0.988121102 0.992982702 0.697057322 0.697057322 0.412426812 0.412253812 0.951031552 0 0.954231392 0.980702592 0.992232752 0.999766722 0.729087012 0.414158922 0.990734952
0.987748402 0.999009852 0.995990252 0.716006752 0.712901192 0.726978792 0.723041752 0.721734002 0.730143322 0.726978792 1.002041752 0.718344452 1.007759652 1.002801652 1.007759652 0.199004542 0.196535512 0.976653552 0.974820212 0.948198752 0.946786302 0.00369459999999995 0.954231392 0 0.402971102 0.714970182 0.727241952 0.983290752 0.960313052 0.714711202
0.992607602 0.998253852 1.000524292 0.711095552 0.714711202 0.721211502 0.719906952 0.723303552 0.729614982 0.725926892 1.025179852 0.733852252 1.018939552 1.034638752 1.030288552 0.402288032 0.406910822 0.983290752 0.984402652 0.970438552 0.966806552 0.402288032 0.980702592 0.402971102 0 0.718344452 0.721995352 0.994484952 0.987003652 0.705704402
0.979227652 0.987375952 0.985516252 0.339451472 0.338980722 0.339137602 0.686012952 0.693022382 0.681541252 0.683773752 0.997121152 0.679068452 0.991109152 0.995990252 0.994484952 0.714193652 0.718084352 0.973722412 0.979227652 0.962111152 0.959594952 0.714452402 0.992232752 0.714970182 0.718344452 0 0.350839302 0.999766722 0.979964802 0.680303852
0.995613652 1.003181752 0.990360992 0.344649452 0.344965622 0.347499952 0.699336602 0.696804552 0.683277082 0.677096082 1.009291852 0.676357752 1.000524292 1.002041752 0.999009852 0.728559392 0.733852252 0.969347052 0.970074552 0.971896252 0.971896252 0.726452652 0.999766722 0.727241952 0.721995352 0.350839302 0 1.000145392 0.979227652 0.687509492
0.741862312 0.339137602 0.336006092 0.984402652 0.998253852 0.997498552 0.999766722 1.000903322 1.015065552 1.011211452 0.948198752 1.017387452 0.939414392 0.948905952 0.953519152 1.008908452 1.002041752 0.738113652 0.740521382 0.731995552 0.728559392 0.979596152 0.729087012 0.983290752 0.994484952 0.999766722 1.000145392 0 0.735713652 1.010059052
0.559094952 0.741057452 0.731465852 0.986259592 1.000903322 0.987003652 0.972261152 0.970438552 0.999009852 0.984031852 0.942564922 0.987748402 0.938367152 0.938367152 0.942915812 0.982550392 0.997498552 0.681788992 0.683028892 0.303591752 0.304340312 0.958519152 0.414158922 0.960313052 0.987003652 0.979964802 0.979227652 0.735713652 0 0.978123352
0.975552992 1.011980752 1.014679252 0.683773752 0.684270812 0.684022252 0.251567792 0.253524952 0.379923412 0.371521352 1.015838752 0.467329352 1.014679252 1.020105652 1.013135952 0.718084352 0.715747492 1.002801652 0.994109112 0.981071782 0.972261152 0.715229152 0.990734952 0.714711202 0.705704402 0.680303852 0.687509492 1.010059052 0.978123352 0
