0 0.38445374 0.58653843 0.5955548 0.5741809 0.5741809 0.5804426 0.5767656 1.0242808 1.0262426 1.0203725 1.018426 0.38445374 0.38796818 0.27713925 0.2768499 1.0219333 0.58785117 0.5874133 1.0242808 1.0203725 0.392005 0.5832667 0.38998386 1.0223241 0.3866274 0.5778452 0.5804426 0.38445374 0.3816207
0.38445374 0 0.57053435 0.5802258 0.5694652 0.5707484 0.5571734 0.5546552 1.0172604 1.0211525 1.0126165 1.0037951 0.13458428 0.13674116 0.3888074 0.3849548 1.018426 0.5628704 0.560333 1.01069 1.0103053 0.134345 0.5750415 0.13374715 1.0180373 0.121066116 0.5548647 0.5584356 0.097239904 0.08829978
0.58653843 0.57053435 0 0.07680145 0.5769814 0.57871 0.57719725 0.5802258 1.0325551 1.01146 1.002652 1.0133885 0.57871 0.5789264 0.58217925 0.58544624 1.0305767 0.5765499 0.57806134 1.0270288 1.0286036 0.58065945 0.5778452 0.5769814 1.0195932 0.5804426 0.5750415 0.5819619 0.5709624 0.56754464
0.5955548 0.5802258 0.07680145 0 0.58065945 0.58413774 0.58850837 0.591363 1.0477637 1.0211525 1.0095364 1.0293922 0.58785117 0.5904835 0.58763224 0.5902638 1.0453417 0.58785117 0.5907033 1.0437315 1.0465518 0.591363 0.58217925 0.58610135 1.0231062 0.5887276 0.58304906 0.5871945 0.5763342 0.57806134
0.5741809 0.5694652 0.5769814 0.58065945 0 0.078354016 0.4207125 0.4212384 1.0653539 1.0417235 1.0297868 1.0405211 0.5586462 0.560333 0.5692516 0.5692516 1.0649401 0.420187 0.41756493 1.0686724 1.0661821 0.57010657 0.1467679 0.56541634 1.0365276 0.56903803 0.31027418 0.3206297 0.56818426 0.56096655
0.5741809 0.5707484 0.57871 0.58413774 0.078354016 0 0.42334563 0.42264256 1.0591708 1.0361294 1.0223241 1.0421246 0.5637181 0.56647974 0.57181937 0.573751 1.0612261 0.41966185 0.41739044 1.0632871 1.0575305 0.5703204 0.1467679 0.56647974 1.0361294 0.5720337 0.30891424 0.31467304 0.56903803 0.5641423
0.5804426 0.5571734 0.57719725 0.58850837 0.4207125 0.42334563 0 0.0575528 1.0223241 1.0130024 1.0030329 1.015322 0.5641423 0.56733155 0.573751 0.57267725 1.0270288 0.17894675 0.18021728 1.0282096 1.0242808 0.5649914 0.42528248 0.5656289 1.0242808 0.5641423 0.41234812 0.41913706 0.56520385 0.556333
0.5767656 0.5546552 0.5802258 0.591363 0.4212384 0.42264256 0.0575528 0 1.0103053 1.0072346 0.9977191 1.0041765 0.560333 0.5628704 0.5720337 0.5707484 1.014548 0.1762856 0.17691834 1.0149349 1.0126165 0.56223524 0.4212384 0.56223524 1.0130024 0.56223524 0.4106172 0.4161702 0.5613892 0.5529811
1.0242808 1.0172604 1.0325551 1.0477637 1.0653539 1.0591708 1.0223241 1.0103053 0 0.41044435 0.40716735 0.205433 1.0286036 1.0317632 1.0341415 1.0341415 0.038680527 1.0064689 1.0122308 0.0375232 0.038680527 1.0373245 1.0657679 1.0361294 0.40785605 1.0215429 1.0437315 1.0254573 1.025065 1.0223241
1.0262426 1.0211525 1.01146 1.0211525 1.0417235 1.0361294 1.0130024 1.0072346 0.41044435 0 0.0375232 0.40733945 1.0286036 1.0234975 1.0361294 1.0361294 0.41286817 0.99999183 1.001891 0.41356212 0.41217485 1.0305767 1.0501935 1.030972 0.14373367 1.0305767 1.0095364 1.01069 1.0242808 1.025065
1.0203725 1.0126165 1.002652 1.0095364 1.0297868 1.0223241 1.0030329 0.9977191 0.40716735 0.0375232 0 0.40733945 1.019204 1.0137748 1.0329514 1.0293922 0.41044435 0.9898184 0.9901927 0.4100987 0.40923536 1.0199828 1.0353336 1.0211525 0.14397594 1.0270288 1.002652 1.0030329 1.0195932 1.0215429
1.018426 1.0037951 1.0133885 1.0293922 1.0405211 1.0421246 1.015322 1.0041765 0.205433 0.40733945 0.40733945 0 1.0137748 1.0122308 1.0385218 1.0365276 0.20530151 1.0126165 1.0176488 0.20438166 0.20477574 1.0227151 1.0522244 1.018426 0.40476185 1.0180373 1.0130024 0.99131685 1.0110749 1.014548
0.38445374 0.13458428 0.57871 0.58785117 0.5586462 0.5637181 0.5641423 0.560333 1.0286036 1.0286036 1.019204 1.0137748 0 0.033957258 0.38813597 0.38696238 1.0254573 0.5613892 0.55948913 1.0215429 1.0203725 0.111375004 0.56584156 0.11114302 1.0278157 0.13530254 0.5515193 0.556543 0.13482362 0.13338867
0.38796818 0.13674116 0.5789264 0.5904835 0.560333 0.56647974 0.56733155 0.5628704 1.0317632 1.0234975 1.0137748 1.0122308 0.033957258 0 0.38998386 0.3888074 1.0301816 0.5649914 0.5637181 1.0254573 1.025065 0.113815166 0.56626695 0.11334976 1.0199828 0.13926542 0.55172795 0.5561231 0.13638125 0.13566194
0.27713925 0.3888074 0.58217925 0.58763224 0.5692516 0.57181937 0.573751 0.5720337 1.0341415 1.0361294 1.0329514 1.0385218 0.38813597 0.38998386 0 0.03931255 1.0353336 0.57439595 0.57525676 1.0313674 1.0270288 0.39234236 0.57439595 0.39032033 1.0353336 0.38931137 0.5656289 0.56456673 0.38445374 0.38595793
0.2768499 0.3849548 0.58544624 0.5902638 0.5692516 0.573751 0.57267725 0.5707484 1.0341415 1.0361294 1.0293922 1.0365276 0.38696238 0.3888074 0.03931255 0 1.0365276 0.57482624 0.5754721 1.033348 1.0297868 0.3888074 0.57525676 0.38746512 1.0357314 0.38679487 0.56754464 0.567971 0.3814544 0.3832859
1.0219333 1.018426 1.0305767 1.0453417 1.0649401 1.0612261 1.0270288 1.014548 0.038680527 0.41286817 0.41044435 0.20530151 1.0254573 1.0301816 1.0353336 1.0365276 0 1.0087683 1.0137748 0.026254207 0.027083166 1.0345387 1.0686724 1.0305767 0.41269478 1.0258498 1.0433295 1.0278157 1.0234975 1.0203725
0.58785117 0.5628704 0.5765499 0.58785117 0.420187 0.41966185 0.17894675 0.1762856 1.0064689 0.99999183 0.9898184 1.0126165 0.5613892 0.5649914 0.57439595 0.57482624 1.0087683 0 0.022020116 1.0122308 1.0076177 0.5616006 0.41843793 0.5624469 1.0072346 0.56393015 0.4100987 0.41686726 0.56054413 0.5561231
0.5874133 0.560333 0.57806134 0.5907033 0.41756493 0.41739044 0.18021728 0.17691834 1.0122308 1.001891 0.9901927 1.0176488 0.55948913 0.5637181 0.57525676 0.5754721 1.0137748 0.022020116 0 1.0164845 1.01146 0.55991095 0.41547385 0.5607553 1.0095364 0.56202364 0.408373 0.41547385 0.5586462 0.5548647
1.0242808 1.01069 1.0270288 1.0437315 1.0686724 1.0632871 1.0282096 1.0149349 0.0375232 0.41356212 0.4100987 0.20438166 1.0215429 1.0254573 1.0313674 1.033348 0.026254207 1.0122308 1.0164845 0 0.020785378 1.0305767 1.0670114 1.0289978 0.4106172 1.0188149 1.0409217 1.025065 1.0172604 1.0149349
1.0203725 1.0103053 1.0286036 1.0465518 1.0661821 1.0575305 1.0242808 1.0126165 0.038680527 0.41217485 0.40923536 0.20477574 1.0203725 1.025065 1.0270288 1.0297868 0.027083166 1.0076177 1.01146 0.020785378 0 1.0274222 1.0645266 1.0270288 0.40975326 1.0149349 1.0401208 1.019204 1.0172604 1.0133885
0.392005 0.134345 0.58065945 0.591363 0.57010657 0.5703204 0.5649914 0.56223524 1.0373245 1.0305767 1.0199828 1.0227151 0.111375004 0.113815166 0.39234236 0.3888074 1.0345387 0.5616006 0.55991095 1.0305767 1.0274222 0 0.5735361 0.020374252 1.0278157 0.13482362 0.5561231 0.56012195 0.13506305 0.13530254
0.5832667 0.5750415 0.5778452 0.58217925 0.1467679 0.1467679 0.42528248 0.4212384 1.0657679 1.0501935 1.0353336 1.0522244 0.56584156 0.56626695 0.57439595 0.57525676 1.0686724 0.41843793 0.41547385 1.0670114 1.0645266 0.5735361 0 0.57267725 1.0397208 0.5731065 0.30725548 0.3145209 0.56733155 0.5724627
0.38998386 0.13374715 0.5769814 0.58610135 0.56541634 0.56647974 0.5656289 0.56223524 1.0361294 1.030972 1.0211525 1.018426 0.11114302 0.11334976 0.39032033 0.38746512 1.0305767 0.5624469 0.5607553 1.0289978 1.0270288 0.020374252 0.57267725 0 1.0282096 0.13386668 0.5548647 0.55906755 0.134345 0.13470393
1.0223241 1.0180373 1.0195932 1.0231062 1.0365276 1.0361294 1.0242808 1.0130024 0.40785605 0.14373367 0.14397594 0.40476185 1.0278157 1.0199828 1.0353336 1.0357314 0.41269478 1.0072346 1.0095364 0.4106172 0.40975326 1.0278157 1.0397208 1.0282096 0 1.0365276 1.0223241 1.0176488 1.0246727 1.0238891
0.3866274 0.121066116 0.5804426 0.5887276 0.56903803 0.5720337 0.5641423 0.56223524 1.0215429 1.0305767 1.0270288 1.0180373 0.13530254 0.13926542 0.38931137 0.38679487 1.0258498 0.56393015 0.56202364 1.0188149 1.0149349 0.13482362 0.5731065 0.13386668 1.0365276 0 0.55277205 0.5523542 0.12165394 0.12342017
0.5778452 0.5548647 0.5750415 0.58304906 0.31027418 0.30891424 0.41234812 0.4106172 1.0437315 1.0095364 1.002652 1.0130024 0.5515193 0.55172795 0.5656289 0.56754464 1.0433295 0.4100987 0.408373 1.0409217 1.0401208 0.5561231 0.30725548 0.5548647 1.0223241 0.55277205 0 0.12235993 0.5488121 0.5481887
0.5804426 0.5584356 0.5819619 0.5871945 0.3206297 0.31467304 0.41913706 0.4161702 1.0254573 1.01069 1.0030329 0.99131685 0.556543 0.5561231 0.56456673 0.567971 1.0278157 0.41686726 0.41547385 1.025065 1.019204 0.56012195 0.3145209 0.55906755 1.0176488 0.5523542 0.12235993 0 0.55110216 0.54860425
0.38445374 0.097239904 0.5709624 0.5763342 0.56818426 0.56903803 0.56520385 0.5613892 1.025065 1.0242808 1.0195932 1.0110749 0.13482362 0.13638125 0.38445374 0.3814544 1.0234975 0.56054413 0.5586462 1.0172604 1.0172604 0.13506305 0.56733155 0.134345 1.0246727 0.12165394 0.5488121 0.55110216 0 0.10043431
0.3816207 0.08829978 0.56754464 0.57806134 0.56096655 0.5641423 0.556333 0.5529811 1.0223241 1.025065 1.0215429 1.014548 0.13338867 0.13566194 0.38595793 0.3832859 1.0203725 0.5561231 0.5548647 1.0149349 1.0133885 0.13530254 0.5724627 0.13470393 1.0238891 0.12342017 0.5481887 0.54860425 0.10043431 0
