0 0.7859394 0.7859394 0.7799746 0.7687426 0.778279 0.9669665 0.9695119 0.78650993 0.96190137 0.9687838 0.86972773 0.8499028 0.847732 0.7862246 0.7842303 0.7751804 0.7737762 0.7693002 0.77209455 0.7813905 0.7853693 1.0242808 0.78082377 0.76540554 0.99131685 0.9853408 0.8573935 0.7885103 0.84156424
0.7859394 0 0.46790242 0.28178412 0.7139384 0.71627367 0.9713354 0.9860852 0.46269536 0.97867405 0.98645765 0.88064873 0.8754896 0.87613255 0.46399376 0.47389796 0.2774287 0.27916783 0.4545852 0.45385224 0.46492255 0.4656664 0.9931942 0.4623248 0.7126442 0.99999183 0.98683035 0.8793556 0.49662408 0.87356406
0.7859394 0.46790242 0 0.466411 0.7235857 0.73815954 0.9857129 0.99545324 0.20477574 0.982 0.98683035 0.9063204 0.87806475 0.8754896 0.20215245 0.207672 0.45881367 0.45568597 0.45992067 0.45881367 0.20254536 0.20385654 1.0099207 0.20058286 0.7280602 1.0072346 1.0072346 0.8774201 0.49410763 0.88291705
0.7799746 0.28178412 0.466411 0 0.7346892 0.7362889 0.9901927 1.0110749 0.45881367 0.99131685 1.0011308 0.8973342 0.8864954 0.8858435 0.45734018 0.4660386 0.20978543 0.21190482 0.45184028 0.45348603 0.46158424 0.46084443 1.0083846 0.4586293 0.7149754 0.99885464 0.98832285 0.8907466 0.4979826 0.8874743
0.7687426 0.7139384 0.7235857 0.7346892 0 0.19888617 0.97941184 1.0003713 0.7251619 0.98125964 0.9962078 0.8973342 0.8719632 0.8684533 0.7220128 0.7267414 0.71212715 0.7157541 0.7173139 0.7152349 0.7196597 0.7222747 1.0091523 0.71887696 0.5911431 1.0030329 1.005704 0.8851922 0.72726864 0.8662283
0.778279 0.71627367 0.73815954 0.7362889 0.19888617 0 0.98869646 1.0034139 0.7341567 0.99545324 0.99357027 0.8855178 0.8738847 0.8684533 0.732296 0.7341567 0.71992075 0.72489893 0.7251619 0.72044325 0.72384816 0.72700495 1.01069 0.7241107 0.5957761 0.9977191 1.0103053 0.8835664 0.73789203 0.88064873
0.9669665 0.9713354 0.9857129 0.9901927 0.97941184 0.98869646 0 0.19485565 0.9872032 0.24818578 0.2458227 0.9775687 0.9969631 1.0003713 0.97941184 0.97426224 0.9687838 0.9673296 0.98907024 0.9842255 0.96841997 0.9738958 0.67531306 0.97170067 0.9901927 0.70903224 0.7170537 0.9958304 0.9801504 1.0030329
0.9695119 0.9860852 0.99545324 1.0110749 1.0003713 1.0034139 0.19485565 0 0.99658537 0.25630456 0.25083572 0.99847597 0.99357027 1.002652 0.9931942 0.98832285 0.9706055 0.9713354 0.9920673 0.9838541 0.98051995 0.9831119 0.6844731 0.9808897 1.0030329 0.7317652 0.7389627 1.0045581 0.98907024 0.99999183
0.78650993 0.46269536 0.20477574 0.45881367 0.7251619 0.7341567 0.9872032 0.99658537 0 0.97609735 0.99357027 0.8983274 0.8751683 0.8694089 0.17869289 0.18212713 0.46139923 0.45826077 0.45330298 0.4555024 0.18570527 0.18608965 1.0157093 0.18493709 0.7346892 1.01069 1.0037951 0.8662283 0.4995382 0.8858435
0.96190137 0.97867405 0.982 0.99131685 0.98125964 0.99545324 0.24818578 0.25630456 0.97609735 0 0.1494482 0.9801504 0.99658537 1.0003713 0.9853408 0.9779369 0.9651536 0.9662408 0.9816297 0.9783054 0.9655158 0.9666036 0.68049824 0.96334505 0.97499573 0.7222747 0.72463614 0.99999183 0.9924427 1.0037951
0.9687838 0.98645765 0.98683035 1.0011308 0.9962078 0.99357027 0.2458227 0.25083572 0.99357027 0.1494482 0 0.98237044 1.0015109 1.005704 0.9801504 0.9808897 0.97720057 0.9753628 0.99131685 0.9816297 0.9779369 0.9779369 0.6812419 0.9746289 0.9727974 0.7254249 0.7193987 1.005704 0.98496884 1.0203725
0.86972773 0.88064873 0.9063204 0.8973342 0.8973342 0.8855178 0.9775687 0.99847597 0.8983274 0.9801504 0.98237044 0 0.7456892 0.7368229 0.9019803 0.8999856 0.88291705 0.88226825 0.8907466 0.8887815 0.89667284 0.89667284 0.99131685 0.89469224 0.88454145 0.9950763 0.98496884 0.75302225 0.8864954 0.75822586
0.8499028 0.8754896 0.87806475 0.8864954 0.8719632 0.8738847 0.9969631 0.99357027 0.8751683 0.99658537 1.0015109 0.7456892 0 0.066240996 0.87100434 0.87806475 0.8624292 0.86718106 0.8517685 0.86274505 0.87420535 0.86559373 1.0180373 0.8636934 0.87324363 0.96479154 0.9709704 0.5214621 0.87806475 0.31269795
0.847732 0.87613255 0.8754896 0.8858435 0.8684533 0.8684533 1.0003713 1.002652 0.8694089 1.0003713 1.005704 0.7368229 0.066240996 0 0.8643263 0.86909026 0.8703658 0.8738847 0.8502134 0.85864925 0.86654574 0.85959244 1.0137748 0.85645306 0.8774201 0.9662408 0.9655158 0.5136859 0.87356406 0.31012297
0.7862246 0.46399376 0.20215245 0.45734018 0.7220128 0.732296 0.97941184 0.9931942 0.17869289 0.9853408 0.9801504 0.9019803 0.87100434 0.8643263 0 0.06853842 0.45642072 0.4571562 0.45312 0.45348603 0.18660247 0.18878588 0.99357027 0.18673073 0.73149997 1.0041765 1.005704 0.8643263 0.48948392 0.86909026
0.7842303 0.47389796 0.207672 0.4660386 0.7267414 0.7341567 0.97426224 0.98832285 0.18212713 0.9779369 0.9808897 0.8999856 0.87806475 0.86909026 0.06853842 0 0.46399376 0.46325153 0.45348603 0.45440188 0.19045985 0.19149184 1.000751 0.19020207 0.7264779 1.0133885 1.0130024 0.87484723 0.4983712 0.8803252
0.7751804 0.2774287 0.45881367 0.20978543 0.71212715 0.71992075 0.9687838 0.9706055 0.46139923 0.9651536 0.97720057 0.88291705 0.8624292 0.8703658 0.45642072 0.46399376 0 0.045874827 0.4480142 0.44692463 0.45642072 0.45807657 0.98496884 0.45476854 0.700841 0.9872032 1.000751 0.87581104 0.4946876 0.86654574
0.7737762 0.27916783 0.45568597 0.21190482 0.7157541 0.72489893 0.9673296 0.9713354 0.45826077 0.9662408 0.9753628 0.88226825 0.86718106 0.8738847 0.4571562 0.46325153 0.045874827 0 0.44910538 0.44728765 0.45513538 0.4566045 0.9831119 0.4540354 0.69779223 0.9783054 0.98794943 0.8754896 0.4921776 0.86877173
0.7693002 0.4545852 0.45992067 0.45184028 0.7173139 0.7251619 0.98907024 0.9920673 0.45330298 0.9816297 0.99131685 0.8907466 0.8517685 0.8502134 0.45312 0.45348603 0.4480142 0.44910538 0 0.02843218 0.45293704 0.45495194 0.98907024 0.4507451 0.71367943 0.9969631 0.99999183 0.86654574 0.4927561 0.8649598
0.77209455 0.45385224 0.45881367 0.45348603 0.7152349 0.72044325 0.9842255 0.9838541 0.4555024 0.9783054 0.9816297 0.8887815 0.86274505 0.85864925 0.45348603 0.45440188 0.44692463 0.44728765 0.02843218 0 0.45348603 0.45568597 0.98869646 0.45202297 0.7141975 1.0030329 0.9946995 0.8719632 0.49643022 0.8700467
0.7813905 0.46492255 0.20254536 0.46158424 0.7196597 0.72384816 0.96841997 0.98051995 0.18570527 0.9655158 0.9779369 0.89667284 0.87420535 0.86654574 0.18660247 0.19045985 0.45642072 0.45513538 0.45293704 0.45348603 0 0.0267722 0.99999183 0.024909101 0.72122765 1.0015109 1.000751 0.8678169 0.49507448 0.87774235
0.7853693 0.4656664 0.20385654 0.46084443 0.7222747 0.72700495 0.9738958 0.9831119 0.18608965 0.9666036 0.9779369 0.89667284 0.86559373 0.85959244 0.18878588 0.19149184 0.45807657 0.4566045 0.45495194 0.45568597 0.0267722 0 1.0037951 0.012605338 0.7243734 1.0045581 1.001891 0.8592779 0.4975942 0.87356406
1.0242808 0.9931942 1.0099207 1.0083846 1.0091523 1.01069 0.67531306 0.6844731 1.0157093 0.68049824 0.6812419 0.99131685 1.0180373 1.0137748 0.99357027 1.000751 0.98496884 0.9831119 0.98907024 0.98869646 0.99999183 1.0037951 0 1.0015109 1.014548 0.723061 0.75002605 1.0118452 1.0011308 1.0160967
0.78082377 0.4623248 0.20058286 0.4586293 0.71887696 0.7241107 0.97170067 0.9808897 0.18493709 0.96334505 0.9746289 0.89469224 0.8636934 0.85645306 0.18673073 0.19020207 0.45476854 0.4540354 0.4507451 0.45202297 0.024909101 0.012605338 1.0015109 0 0.7209661 0.99923354 1.0030329 0.85802114 0.4943009 0.8700467
0.76540554 0.7126442 0.7280602 0.7149754 0.5911431 0.5957761 0.9901927 1.0030329 0.7346892 0.97499573 0.9727974 0.88454145 0.87324363 0.8774201 0.73149997 0.7264779 0.700841 0.69779223 0.71367943 0.7141975 0.72122765 0.7243734 1.014548 0.7209661 0 0.990942 0.99658537 0.8790327 0.7170537 0.8884545
0.99131685 0.99999183 1.0072346 0.99885464 1.0030329 0.9977191 0.70903224 0.7317652 1.01069 0.7222747 0.7254249 0.9950763 0.96479154 0.9662408 1.0041765 1.0133885 0.9872032 0.9783054 0.9969631 1.0030329 1.0015109 1.0045581 0.723061 0.99923354 0.990942 0 0.55110216 0.97978103 0.9898184 0.99658537
0.9853408 0.98683035 1.0072346 0.98832285 1.005704 1.0103053 0.7170537 0.7389627 1.0037951 0.72463614 0.7193987 0.98496884 0.9709704 0.9655158 1.005704 1.0130024 1.000751 0.98794943 0.99999183 0.9946995 1.000751 1.001891 0.75002605 1.0030329 0.99658537 0.55110216 0 0.9709704 0.99961257 0.97499573
0.8573935 0.8793556 0.8774201 0.8907466 0.8851922 0.8835664 0.9958304 1.0045581 0.8662283 0.99999183 1.005704 0.75302225 0.5214621 0.5136859 0.8643263 0.87484723 0.87581104 0.8754896 0.86654574 0.8719632 0.8678169 0.8592779 1.0118452 0.85802114 0.8790327 0.97978103 0.9709704 0 0.8871479 0.5232681
0.7885103 0.49662408 0.49410763 0.4979826 0.72726864 0.73789203 0.9801504 0.98907024 0.4995382 0.9924427 0.98496884 0.8864954 0.87806475 0.87356406 0.48948392 0.4983712 0.4946876 0.4921776 0.4927561 0.49643022 0.49507448 0.4975942 1.0011308 0.4943009 0.7170537 0.9898184 0.99961257 0.8871479 0 0.85833514
0.84156424 0.87356406 0.88291705 0.8874743 0.8662283 0.88064873 1.0030329 0.99999183 0.8858435 1.0037951 1.0203725 0.75822586 0.31269795 0.31012297 0.86909026 0.8803252 0.86654574 0.86877173 0.8649598 0.8700467 0.87774235 0.87356406 1.0160967 0.8700467 0.8884545 0.99658537 0.97499573 0.5232681 0.85833514 0
