0 0.6662635 0.99923354 0.6558819 0.5544457 0.56202364 0.5626586 1.0231062 1.0160967 0.5459075 0.54425275 0.5724627 0.5483964 0.67114156 0.6640787 0.5374654 0.54095423 0.68621874 0.6795078 0.65540254 0.6539662 0.66650665 1.0130024 0.66286767 0.5571734 0.5626586 0.64729947 0.6449328 0.6894714 0.5515193
0.6662635 0 0.9980974 0.23932795 0.6515784 0.6713863 0.66480625 1.0258498 1.0242808 0.6626257 0.65110177 0.6672366 0.66359407 0.44384602 0.44276246 0.6508636 0.65348804 0.6733471 0.675067 0.23905283 0.23740417 0.2436054 1.005704 0.24111876 0.65972805 0.64872307 0.43272406 0.42846268 0.6770375 0.65852404
0.99923354 0.9980974 0 1.0095364 1.0282096 1.025065 1.0381224 0.19771379 0.19758363 1.001891 1.0064689 1.0168724 1.0137748 1.01069 1.0118452 1.0072346 1.0130024 0.9950763 0.9931942 0.99885464 0.99545324 1.0064689 0.44928738 1.0083846 1.014548 1.0076177 0.99923354 1.0188149 0.9931942 1.030972
0.6558819 0.23932795 1.0095364 0 0.64116156 0.6501494 0.6508636 1.0317632 1.0349361 0.64801097 0.63019204 0.66335183 0.65253264 0.43201217 0.43772647 0.6406915 0.6449328 0.6602102 0.66093403 0.18737236 0.1859615 0.187244 1.0064689 0.18429753 0.64919823 0.6421026 0.41756493 0.41756493 0.65948707 0.64801097
0.5544457 0.6515784 1.0282096 0.64116156 0 0.1790737 0.17439054 1.0587604 1.0720057 0.56202364 0.5521454 0.57482624 0.56733155 0.6652917 0.6696748 0.5561231 0.55801463 0.67163116 0.66602045 0.6413967 0.6374092 0.65134007 1.036926 0.6470625 0.40665123 0.4087178 0.6461152 0.6530102 0.68223464 0.2718042
0.56202364 0.6713863 1.025065 0.6501494 0.1790737 0 0.16873392 1.0465518 1.0591708 0.56647974 0.55948913 0.58763224 0.57181937 0.680994 0.6837262 0.55906755 0.55948913 0.6827315 0.6775309 0.6563616 0.65372705 0.66359407 1.0445362 0.6590054 0.41878742 0.41739044 0.66504896 0.66286767 0.6844731 0.27554917
0.5626586 0.66480625 1.0381224 0.6508636 0.17439054 0.16873392 0 1.0637001 1.0749347 0.5628704 0.5531901 0.57590306 0.5707484 0.6745752 0.67531306 0.5571734 0.5582251 0.6731017 0.6672366 0.6439882 0.63928306 0.6643211 1.0449389 0.6590054 0.41148216 0.41529983 0.6532491 0.65253264 0.68049824 0.2741066
1.0231062 1.0258498 0.19771379 1.0317632 1.0587604 1.0465518 1.0637001 0 0.13770178 1.0215429 1.0207624 1.0477637 1.0286036 1.0433295 1.0429276 1.0164845 1.0254573 1.0219333 1.0207624 1.0313674 1.0270288 1.0405211 0.46492255 1.0389212 1.0341415 1.0489776 1.025065 1.0433295 1.0122308 1.0563028
1.0160967 1.0242808 0.19758363 1.0349361 1.0720057 1.0591708 1.0749347 0.13770178 0 1.0199828 1.0141612 1.0591708 1.0317632 1.0325551 1.0313674 1.0231062 1.0297868 1.0278157 1.0227151 1.0397208 1.0345387 1.032159 0.45623696 1.030972 1.0293922 1.0433295 1.0168724 1.0405211 1.014548 1.0604033
0.5459075 0.6626257 1.001891 0.64801097 0.56202364 0.56647974 0.5628704 1.0215429 1.0199828 0 0.12400984 0.47070688 0.26153007 0.6616586 0.65948707 0.2577133 0.2577133 0.67089695 0.66335183 0.6501494 0.64919823 0.65134007 1.0254573 0.64824826 0.5413658 0.5506852 0.6413967 0.6570817 0.6643211 0.54673624
0.54425275 0.65110177 1.0064689 0.63019204 0.5521454 0.55948913 0.5531901 1.0207624 1.0141612 0.12400984 0 0.4656664 0.25954857 0.6477737 0.6465887 0.25475803 0.2543368 0.6662635 0.6592462 0.6390486 0.6376432 0.6374092 1.0219333 0.6364741 0.5352165 0.5419835 0.6334428 0.6444604 0.6616586 0.5327709
0.5724627 0.6672366 1.0168724 0.66335183 0.57482624 0.58763224 0.57590306 1.0477637 1.0591708 0.47070688 0.4656664 0 0.46696994 0.6802505 0.6748211 0.46399376 0.46380812 0.69122875 0.6867182 0.66504896 0.65948707 0.66504896 1.0345387 0.6623838 0.556543 0.55906755 0.6590054 0.6844731 0.68972224 0.5660542
0.5483964 0.66359407 1.0137748 0.65253264 0.56733155 0.57181937 0.5707484 1.0286036 1.0317632 0.26153007 0.25954857 0.46696994 0 0.662142 0.6602102 0.08493251 0.08381345 0.68000287 0.67163116 0.6506254 0.64824826 0.6542054 1.0301816 0.65444463 0.5475659 0.5483964 0.6444604 0.65948707 0.67654437 0.5521454
0.67114156 0.44384602 1.01069 0.43201217 0.6652917 0.680994 0.6745752 1.0433295 1.0325551 0.6616586 0.6477737 0.6802505 0.662142 0 0.06766238 0.65492344 0.6575622 0.67383814 0.67383814 0.43059036 0.42775482 0.4270476 1.0266355 0.4245776 0.6684547 0.6580429 0.39335543 0.39555508 0.66748005 0.6643211
0.6640787 0.44276246 1.0118452 0.43772647 0.6696748 0.6837262 0.67531306 1.0429276 1.0313674 0.65948707 0.6465887 0.6748211 0.6602102 0.06766238 0 0.6522939 0.65564215 0.6699191 0.67359257 0.43183428 0.42917123 0.43023533 1.025065 0.42722434 0.6677236 0.6619002 0.39895183 0.39929235 0.6745752 0.66480625
0.5374654 0.6508636 1.0072346 0.6406915 0.5561231 0.55906755 0.5571734 1.0164845 1.0231062 0.2577133 0.25475803 0.46399376 0.08493251 0.65492344 0.6522939 0 0.051102072 0.66577744 0.65660155 0.6390486 0.6374092 0.6418672 1.01069 0.6409265 0.5376702 0.5389 0.632745 0.6461152 0.662142 0.5376702
0.54095423 0.65348804 1.0130024 0.6449328 0.55801463 0.55948913 0.5582251 1.0254573 1.0297868 0.2577133 0.2543368 0.46380812 0.08381345 0.6575622 0.65564215 0.051102072 0 0.66602045 0.6573219 0.6437523 0.6418672 0.64351636 1.0242808 0.64280915 0.5356249 0.54054296 0.6409265 0.6522939 0.66504896 0.53951573
0.68621874 0.6733471 0.9950763 0.6602102 0.67163116 0.6827315 0.6731017 1.0219333 1.0278157 0.67089695 0.6662635 0.69122875 0.68000287 0.67383814 0.6699191 0.66577744 0.66602045 0 0.047897395 0.6745752 0.6684547 0.66918653 1.0219333 0.6667499 0.6677236 0.66748005 0.66093403 0.6672366 0.3081598 0.6682109
0.6795078 0.675067 0.9931942 0.66093403 0.66602045 0.6775309 0.6672366 1.0207624 1.0227151 0.66335183 0.6592462 0.6867182 0.67163116 0.67383814 0.67359257 0.65660155 0.6573219 0.047897395 0 0.6723661 0.66602045 0.6696748 1.0160967 0.6669932 0.65972805 0.6643211 0.66286767 0.66504896 0.3077075 0.66383636
0.65540254 0.23905283 0.99885464 0.18737236 0.6413967 0.6563616 0.6439882 1.0313674 1.0397208 0.6501494 0.6390486 0.66504896 0.6506254 0.43059036 0.43183428 0.6390486 0.6437523 0.6745752 0.6723661 0 0.024495706 0.16635834 0.99999183 0.16498642 0.6465887 0.6421026 0.41096306 0.4231698 0.6682109 0.64729947
0.6539662 0.23740417 0.99545324 0.1859615 0.6374092 0.65372705 0.63928306 1.0270288 1.0345387 0.64919823 0.6376432 0.65948707 0.64824826 0.42775482 0.42917123 0.6374092 0.6418672 0.6684547 0.66602045 0.024495706 0 0.16324396 0.9969631 0.16162959 0.6430448 0.63881415 0.40716735 0.417914 0.66480625 0.6444604
0.66650665 0.2436054 1.0064689 0.187244 0.65134007 0.66359407 0.6643211 1.0405211 1.032159 0.65134007 0.6374092 0.66504896 0.6542054 0.4270476 0.43023533 0.6418672 0.64351636 0.66918653 0.6696748 0.16635834 0.16324396 0 1.005704 0.014234225 0.6494359 0.64801097 0.41356212 0.4205373 0.65972805 0.65564215
1.0130024 1.005704 0.44928738 1.0064689 1.036926 1.0445362 1.0449389 0.46492255 0.45623696 1.0254573 1.0219333 1.0345387 1.0301816 1.0266355 1.025065 1.01069 1.0242808 1.0219333 1.0160967 0.99999183 0.9969631 1.005704 0 1.0122308 1.0172604 1.014548 1.0095364 1.0297868 0.99169195 1.0168724
0.66286767 0.24111876 1.0083846 0.18429753 0.6470625 0.6590054 0.6590054 1.0389212 1.030972 0.64824826 0.6364741 0.6623838 0.65444463 0.4245776 0.42722434 0.6409265 0.64280915 0.6667499 0.6669932 0.16498642 0.16162959 0.014234225 1.0122308 0 0.6465887 0.6465887 0.41182843 0.41913706 0.65948707 0.65110177
0.5571734 0.65972805 1.014548 0.64919823 0.40665123 0.41878742 0.41148216 1.0341415 1.0293922 0.5413658 0.5352165 0.556543 0.5475659 0.6684547 0.6677236 0.5376702 0.5356249 0.6677236 0.65972805 0.6465887 0.6430448 0.6494359 1.0172604 0.6465887 0 0.38897535 0.65110177 0.6563616 0.67975533 0.40751162
0.5626586 0.64872307 1.0076177 0.6421026 0.4087178 0.41739044 0.41529983 1.0489776 1.0433295 0.5506852 0.5419835 0.55906755 0.5483964 0.6580429 0.6619002 0.5389 0.54054296 0.66748005 0.6643211 0.6421026 0.63881415 0.64801097 1.014548 0.6465887 0.38897535 0 0.6390486 0.65564215 0.6837262 0.3965725
0.64729947 0.43272406 0.99923354 0.41756493 0.6461152 0.66504896 0.6532491 1.025065 1.0168724 0.6413967 0.6334428 0.6590054 0.6444604 0.39335543 0.39895183 0.632745 0.6409265 0.66093403 0.66286767 0.41096306 0.40716735 0.41356212 1.0095364 0.41182843 0.65110177 0.6390486 0 0.34193748 0.6669932 0.6539662
0.6449328 0.42846268 1.0188149 0.41756493 0.6530102 0.66286767 0.65253264 1.0433295 1.0405211 0.6570817 0.6444604 0.6844731 0.65948707 0.39555508 0.39929235 0.6461152 0.6522939 0.6672366 0.66504896 0.4231698 0.417914 0.4205373 1.0297868 0.41913706 0.6563616 0.65564215 0.34193748 0 0.66286767 0.66480625
0.6894714 0.6770375 0.9931942 0.65948707 0.68223464 0.6844731 0.68049824 1.0122308 1.014548 0.6643211 0.6616586 0.68972224 0.67654437 0.66748005 0.6745752 0.662142 0.66504896 0.3081598 0.3077075 0.6682109 0.66480625 0.65972805 0.99169195 0.65948707 0.67975533 0.6837262 0.6669932 0.66286767 0 0.6694307
0.5515193 0.65852404 1.030972 0.64801097 0.2718042 0.27554917 0.2741066 1.0563028 1.0604033 0.54673624 0.5327709 0.5660542 0.5521454 0.6643211 0.66480625 0.5376702 0.53951573 0.6682109 0.66383636 0.64729947 0.6444604 0.65564215 1.0168724 0.65110177 0.40751162 0.3965725 0.6539662 0.66480625 0.6694307 0
