0 0.7139384 0.97499573 0.9662408 0.7170537 0.7031358 0.7209661 0.7067194 0.714716 0.7165336 0.71032023 0.97024083 0.7113522 0.7173139 0.70415795 0.7105781 0.71006244 0.7139384 0.7062064 0.7080034 0.7018601 0.7031358 0.80529344 0.7023701 0.8047084 0.72332335 0.7062064 0.98869646 0.7126442 0.69779223
0.7139384 0 1.0095364 0.9898184 0.5804426 0.56223524 0.5966618 0.5847917 0.6058015 0.5964403 0.58938557 1.0215429 0.58807015 0.591363 0.58807015 0.23699258 0.23987852 0.6017752 0.59888077 0.591363 0.58785117 0.58697575 0.8047084 0.5856646 0.79743385 0.5828315 0.3433587 1.0030329 0.5774132 0.5707484
0.97499573 1.0095364 0 0.21044709 0.99999183 0.96479154 0.99999183 0.98237044 0.9872032 0.9939465 0.9845971 0.513091 0.9857129 1.0041765 0.9853408 0.98348296 0.99131685 1.0045581 1.002652 0.98794943 0.9857129 0.9898184 0.99734104 0.9898184 0.9857129 0.9783054 0.9894442 0.33315444 0.9842255 0.9842255
0.9662408 0.9898184 0.21044709 0 0.9958304 0.9662408 0.97206604 0.9651536 0.9698763 0.9713354 0.97170067 0.50775856 0.96479154 0.9857129 0.9626228 0.9698763 0.9746289 0.99734104 0.9950763 0.9695119 0.96841997 0.97316337 0.9901927 0.97316337 0.9727974 0.9838541 0.97499573 0.33144122 0.9898184 0.9764649
0.7170537 0.5804426 0.99999183 0.9958304 0 0.18506506 0.6112037 0.6028915 0.6205234 0.6164175 0.604457 1.0022715 0.6017752 0.6040094 0.60647464 0.5789264 0.5767656 0.60557723 0.60512894 0.60849774 0.604457 0.6002153 0.8209652 0.59954774 0.80587894 0.42634106 0.5904835 0.98237044 0.2976764 0.29411557
0.7031358 0.56223524 0.96479154 0.9662408 0.18506506 0 0.5979924 0.5902638 0.60625017 0.603562 0.58982456 0.9857129 0.58413774 0.5902638 0.593787 0.5656289 0.5628704 0.5839199 0.5845737 0.5971051 0.5904835 0.58435565 0.79714435 0.5839199 0.8003352 0.41686726 0.5731065 0.9568702 0.28528675 0.28455567
0.7209661 0.5966618 0.99999183 0.97206604 0.6112037 0.5979924 0 0.28382534 0.34067646 0.34036154 0.3337784 1.0037951 0.1778051 0.18378629 0.28367934 0.58610135 0.5911431 0.30020893 0.29961228 0.28719085 0.2830957 0.3297319 0.8194727 0.32942155 0.81294054 0.60849774 0.5982144 0.9838541 0.6071484 0.6058015
0.7067194 0.5847917 0.98237044 0.9651536 0.6028915 0.5902638 0.28382534 0 0.3450994 0.34922987 0.3344029 1.0030329 0.27511612 0.28105646 0.1500587 0.5889469 0.5911431 0.29352373 0.29337585 0.14920415 0.14688952 0.33284268 0.8003352 0.33237523 0.7977235 0.59599745 0.58828926 0.9698763 0.6019983 0.59444946
0.714716 0.6058015 0.9872032 0.9698763 0.6205234 0.60625017 0.34067646 0.3450994 0 0.09689845 0.24485183 1.0030329 0.33659267 0.3411491 0.34193748 0.59312516 0.5977705 0.3545054 0.35338324 0.34494096 0.3427267 0.2431904 0.8102846 0.24346703 0.8096957 0.6212099 0.5984365 0.9816297 0.6132396 0.6150539
0.7165336 0.5964403 0.9939465 0.9713354 0.6164175 0.603562 0.34036154 0.34922987 0.09689845 0 0.24429761 0.99357027 0.3372195 0.34304264 0.34383303 0.5856646 0.59224355 0.35050538 0.3508246 0.34684414 0.34383303 0.2426374 0.7936788 0.24236105 0.80529344 0.61391944 0.59865856 0.9687838 0.61142963 0.6093986
0.71032023 0.58938557 0.9845971 0.97170067 0.604457 0.58982456 0.3337784 0.3344029 0.24485183 0.24429761 0 0.9946995 0.3305084 0.33659267 0.3288012 0.5845737 0.58544624 0.34020412 0.34304264 0.3344029 0.32988715 0.100548655 0.80529344 0.10020569 0.793967 0.6073731 0.59533364 0.96841997 0.5973268 0.60512894
0.97024083 1.0215429 0.513091 0.50775856 1.0022715 0.9857129 1.0037951 1.0030329 1.0030329 0.99357027 0.9946995 0 0.99357027 1.0076177 0.9969631 0.9898184 0.98907024 1.0076177 1.0091523 0.9962078 0.99131685 0.98794943 0.99847597 0.98683035 0.9946995 0.9860852 0.990942 0.5174642 0.98794943 0.9831119
0.7113522 0.58807015 0.9857129 0.96479154 0.6017752 0.58413774 0.1778051 0.27511612 0.33659267 0.3372195 0.3305084 0.99357027 0 0.088074826 0.27829775 0.58413774 0.58828926 0.2916035 0.29263687 0.28178412 0.27656063 0.32170385 0.80441606 0.32108986 0.8094014 0.5971051 0.58763224 0.9611805 0.59092313 0.59246385
0.7173139 0.591363 1.0041765 0.9857129 0.6040094 0.5902638 0.18378629 0.28105646 0.3411491 0.34304264 0.33659267 1.0076177 0.088074826 0 0.28367934 0.58763224 0.58807015 0.29961228 0.2988671 0.28660446 0.28294984 0.33035305 0.8099901 0.32957673 0.80646485 0.6011063 0.591363 0.97978103 0.5926842 0.5977705
0.70415795 0.58807015 0.9853408 0.9626228 0.60647464 0.593787 0.28367934 0.1500587 0.34193748 0.34383303 0.3288012 0.9969631 0.27829775 0.28367934 0 0.59246385 0.59599745 0.2927846 0.2954489 0.08080027 0.07902039 0.33019772 0.79223955 0.33035305 0.791952 0.5984365 0.5845737 0.97573 0.5997702 0.5915831
0.7105781 0.23699258 0.98348296 0.9698763 0.5789264 0.5656289 0.58610135 0.5889469 0.59312516 0.5856646 0.5845737 0.9898184 0.58413774 0.58763224 0.59246385 0 0.08013232 0.59888077 0.59422857 0.59599745 0.59180313 0.57957584 0.78879654 0.5784937 0.7928149 0.58544624 0.33097467 0.9687838 0.5789264 0.56711847
0.71006244 0.23987852 0.99131685 0.9746289 0.5767656 0.5628704 0.5911431 0.5911431 0.5977705 0.59224355 0.58544624 0.98907024 0.58828926 0.58807015 0.59599745 0.08013232 0 0.6031149 0.6031149 0.5966618 0.593787 0.58413774 0.7956984 0.58304906 0.79540956 0.58960503 0.33565342 0.9709704 0.5802258 0.56711847
0.7139384 0.6017752 1.0045581 0.99734104 0.60557723 0.5839199 0.30020893 0.29352373 0.3545054 0.35050538 0.34020412 1.0076177 0.2916035 0.29961228 0.2927846 0.59888077 0.6031149 0 0.06079909 0.2954489 0.29145598 0.33847472 0.82546073 0.33831772 0.8073446 0.603562 0.60669917 0.99734104 0.60222155 0.6037857
0.7062064 0.59888077 1.002652 0.9950763 0.60512894 0.5845737 0.29961228 0.29337585 0.35338324 0.3508246 0.34304264 1.0091523 0.29263687 0.2988671 0.2954489 0.59422857 0.6031149 0.06079909 0 0.29648757 0.29293236 0.34036154 0.81590265 0.34020412 0.7980132 0.6082727 0.5997702 0.9969631 0.6049049 0.60222155
0.7080034 0.591363 0.98794943 0.9695119 0.60849774 0.5971051 0.28719085 0.14920415 0.34494096 0.34684414 0.3344029 0.9962078 0.28178412 0.28660446 0.08080027 0.59599745 0.5966618 0.2954489 0.29648757 0 0.0472581 0.3337784 0.8003352 0.33346638 0.7945437 0.5984365 0.59246385 0.9790429 0.60535306 0.59865856
0.7018601 0.58785117 0.9857129 0.96841997 0.604457 0.5904835 0.2830957 0.14688952 0.3427267 0.34383303 0.32988715 0.99131685 0.27656063 0.28294984 0.07902039 0.59180313 0.593787 0.29145598 0.29293236 0.0472581 0 0.33081922 0.79598737 0.3305084 0.7885103 0.5946704 0.5871945 0.9753628 0.59932536 0.59312516
0.7031358 0.58697575 0.9898184 0.97316337 0.6002153 0.58435565 0.3297319 0.33284268 0.2431904 0.2426374 0.100548655 0.98794943 0.32170385 0.33035305 0.33019772 0.57957584 0.58413774 0.33847472 0.34036154 0.3337784 0.33081922 0 0.80587894 0.0017019296 0.7882242 0.60222155 0.593787 0.97024083 0.6002153 0.6011063
0.80529344 0.8047084 0.99734104 0.9901927 0.8209652 0.79714435 0.8194727 0.8003352 0.8102846 0.7936788 0.80529344 0.99847597 0.80441606 0.8099901 0.79223955 0.78879654 0.7956984 0.82546073 0.81590265 0.8003352 0.79598737 0.80587894 0 0.80529344 0.50148726 0.800626 0.80500084 1.0110749 0.8102846 0.806758
0.7023701 0.5856646 0.9898184 0.97316337 0.59954774 0.5839199 0.32942155 0.33237523 0.24346703 0.24236105 0.10020569 0.98683035 0.32108986 0.32957673 0.33035305 0.5784937 0.58304906 0.33831772 0.34020412 0.33346638 0.3305084 0.0017019296 0.80529344 0 0.78736657 0.6015522 0.5926842 0.9706055 0.59932536 0.6008834
0.8047084 0.79743385 0.9857129 0.9727974 0.80587894 0.8003352 0.81294054 0.7977235 0.8096957 0.80529344 0.793967 0.9946995 0.8094014 0.80646485 0.791952 0.7928149 0.79540956 0.8073446 0.7980132 0.7945437 0.7885103 0.7882242 0.50148726 0.78736657 0 0.8111689 0.80529344 0.982 0.8023729 0.7928149
0.72332335 0.5828315 0.9783054 0.9838541 0.42634106 0.41686726 0.60849774 0.59599745 0.6212099 0.61391944 0.6073731 0.9860852 0.5971051 0.6011063 0.5984365 0.58544624 0.58960503 0.603562 0.6082727 0.5984365 0.5946704 0.60222155 0.800626 0.6015522 0.8111689 0 0.58828926 0.97609735 0.4170416 0.42141378
0.7062064 0.3433587 0.9894442 0.97499573 0.5904835 0.5731065 0.5982144 0.58828926 0.5984365 0.59865856 0.59533364 0.990942 0.58763224 0.591363 0.5845737 0.33097467 0.33565342 0.60669917 0.5997702 0.59246385 0.5871945 0.593787 0.80500084 0.5926842 0.80529344 0.58828926 0 0.9801504 0.5871945 0.57979244
0.98869646 1.0030329 0.33315444 0.33144122 0.98237044 0.9568702 0.9838541 0.9698763 0.9816297 0.9687838 0.96841997 0.5174642 0.9611805 0.97978103 0.97573 0.9687838 0.9709704 0.99734104 0.9969631 0.9790429 0.9753628 0.97024083 1.0110749 0.9706055 0.982 0.97609735 0.9801504 0 0.9691478 0.9698763
0.7126442 0.5774132 0.9842255 0.9898184 0.2976764 0.28528675 0.6071484 0.6019983 0.6132396 0.61142963 0.5973268 0.98794943 0.59092313 0.5926842 0.5997702 0.5789264 0.5802258 0.60222155 0.6049049 0.60535306 0.59932536 0.6002153 0.8102846 0.59932536 0.8023729 0.4170416 0.5871945 0.9691478 0 0.24637805
0.69779223 0.5707484 0.9842255 0.9764649 0.29411557 0.28455567 0.6058015 0.59444946 0.6150539 0.6093986 0.60512894 0.9831119 0.59246385 0.5977705 0.5915831 0.56711847 0.56711847 0.6037857 0.60222155 0.59865856 0.59312516 0.6011063 0.806758 0.6008834 0.7928149 0.42141378 0.57979244 0.9698763 0.24637805 0
