0 0.87677604 1.0034139 0.99923354 0.7511142 0.7511142 0.8751683 0.877098 0.88682157 0.877098 0.62465185 1.0103053 0.624192 1.0160967 0.7532952 0.7527494 0.75302225 1.0211525 1.0164845 1.0076177 1.0064689 1.0164845 0.63251257 1.0176488 0.9860852 0.7421839 0.7723746 0.9691478 0.96298385 0.75411475
0.87677604 0 0.9920673 0.99357027 0.8726031 0.86749893 0.14737621 0.14859433 0.16835833 0.16961105 0.87677604 0.99281836 0.8790327 1.0083846 0.847732 0.853951 0.85114604 1.0172604 1.0133885 1.0045581 0.99961257 1.0083846 0.8793556 1.0110749 1.0041765 0.8636934 0.86877173 0.9611805 0.9644296 0.8713238
1.0034139 0.9920673 0 0.13183723 1.0034139 1.0223241 0.98869646 0.99847597 1.0122308 1.0037951 1.0045581 0.5397211 1.0011308 0.38545617 0.9950763 0.9946995 0.98869646 0.38295257 0.38462073 0.13530254 0.1342254 0.38645998 0.9894442 0.38813597 0.8809723 1.0041765 1.0045581 0.85645306 0.870685 1.005704
0.99923354 0.99357027 0.13183723 0 1.0168724 1.0282096 0.9939465 0.9962078 1.014548 1.0011308 0.99961257 0.54177755 0.99281836 0.38462073 1.001891 1.0034139 0.99961257 0.38029122 0.3836194 0.10031999 0.100091405 0.3856234 1.0022715 0.38645998 0.8812961 1.015322 1.0076177 0.87356406 0.87581104 1.0199828
0.7511142 0.8726031 1.0034139 1.0168724 0 0.08740036 0.8652767 0.870685 0.8722831 0.8729233 0.7446089 1.0258498 0.7502979 1.033348 0.35354343 0.3524227 0.35066497 1.0262426 1.0223241 1.0068517 1.0091523 1.033348 0.7394986 1.0337447 0.9939465 0.2289434 0.35691568 0.96010065 0.9775687 0.18225464
0.7511142 0.86749893 1.0223241 1.0282096 0.08740036 0 0.86179787 0.86559373 0.86718106 0.8684533 0.74164605 1.0282096 0.7473126 1.036926 0.354345 0.35386395 0.35386395 1.0365276 1.032159 1.0180373 1.0188149 1.0389212 0.7389627 1.0389212 1.0003713 0.23179846 0.35707664 0.9680563 0.9764649 0.1841697
0.8751683 0.14737621 0.98869646 0.9939465 0.8652767 0.86179787 0 0.07194278 0.16648318 0.16823317 0.8729233 0.9950763 0.87356406 1.002652 0.84928197 0.85114604 0.8480418 1.0133885 1.0095364 1.0083846 1.0053219 1.0034139 0.88064873 1.0034139 1.0003713 0.85363877 0.8643263 0.96190137 0.96226203 0.86591095
0.877098 0.14859433 0.99847597 0.9962078 0.870685 0.86559373 0.07194278 0 0.16961105 0.17011271 0.87581104 0.9962078 0.87613255 1.0141612 0.8499028 0.8523914 0.847732 1.0180373 1.0141612 1.0118452 1.0091523 1.0141612 0.88616943 1.015322 0.99658537 0.8567664 0.86148244 0.9568702 0.959741 0.8668633
0.88682157 0.16835833 1.0122308 1.014548 0.8722831 0.86718106 0.16648318 0.16961105 0 0.05270956 0.88259256 0.9969631 0.8848668 1.0130024 0.8555138 0.85770726 0.85582674 1.0160967 1.0133885 1.033348 1.0278157 1.0087683 0.88064873 1.01146 1.0030329 0.8652767 0.87645423 0.9698763 0.96334505 0.8716434
0.877098 0.16961105 1.0037951 1.0011308 0.8729233 0.8684533 0.16823317 0.17011271 0.05270956 0 0.87806475 0.9977191 0.8787099 1.0030329 0.853951 0.8573935 0.8555138 1.0068517 1.0037951 1.0203725 1.015322 1.0022715 0.88162 1.0064689 0.9939465 0.86654574 0.86972773 0.97352946 0.9651536 0.87774235
0.62465185 0.87677604 1.0045581 0.99961257 0.7446089 0.74164605 0.8729233 0.87581104 0.88259256 0.87806475 0 1.018426 0.03889114 1.0258498 0.7317652 0.72991043 0.7309697 1.0242808 1.0195932 1.0141612 1.0133885 1.0262426 0.40785605 1.0254573 0.9698763 0.7312348 0.73923063 0.96479154 0.97352946 0.74406934
1.0103053 0.99281836 0.5397211 0.54177755 1.0258498 1.0282096 0.9950763 0.9962078 0.9969631 0.9977191 1.018426 0 1.0203725 0.5578042 1.0172604 1.0126165 1.0157093 0.55402696 0.5575939 0.54425275 0.5438397 0.5597 0.9931942 0.55991095 0.87677604 1.0083846 1.0091523 0.8640098 0.87677604 1.0254573
0.624192 0.8790327 1.0011308 0.99281836 0.7502979 0.7473126 0.87356406 0.87613255 0.8848668 0.8787099 0.03889114 1.0203725 0 1.0262426 0.7354886 0.7333587 0.7333587 1.0231062 1.0195932 1.0087683 1.0072346 1.0254573 0.4106172 1.0238891 0.97609735 0.7362889 0.7456892 0.9658782 0.9801504 0.750842
1.0160967 1.0083846 0.38545617 0.38462073 1.033348 1.036926 1.002652 1.0141612 1.0130024 1.0030329 1.0258498 0.5578042 1.0262426 0 1.0011308 1.0049399 0.99961257 0.08224955 0.08213797 0.38796818 0.38796818 0.032076247 1.0068517 0.032493845 0.91406107 1.0286036 1.0203725 0.8726031 0.87484723 1.0457449
0.7532952 0.847732 0.9950763 1.001891 0.35354343 0.354345 0.84928197 0.8499028 0.8555138 0.853951 0.7317652 1.0172604 0.7354886 1.0011308 0 0.02274132 0.022432148 0.99734104 0.9962078 1.0037951 1.0034139 1.0041765 0.7126442 1.0068517 0.98051995 0.34700292 0.17996301 0.94549555 0.95294064 0.36419335
0.7527494 0.853951 0.9946995 1.0034139 0.3524227 0.35386395 0.85114604 0.8523914 0.85770726 0.8573935 0.72991043 1.0126165 0.7333587 1.0049399 0.02274132 0 0.021505395 1.0034139 1.000751 1.0060863 1.0045581 1.0076177 0.7149754 1.01069 0.9831119 0.34732068 0.1807261 0.94867724 0.95794547 0.3648437
0.75302225 0.85114604 0.98869646 0.99961257 0.35066497 0.35386395 0.8480418 0.847732 0.85582674 0.8555138 0.7309697 1.0157093 0.7333587 0.99961257 0.022432148 0.021505395 0 0.99734104 0.99545324 0.99847597 0.99734104 1.0034139 0.7186162 1.0060863 0.98125964 0.34732068 0.18047164 0.9476152 0.953297 0.36468107
1.0211525 1.0172604 0.38295257 0.38029122 1.0262426 1.0365276 1.0133885 1.0180373 1.0160967 1.0068517 1.0242808 0.55402696 1.0231062 0.08224955 0.99734104 1.0034139 0.99734104 0 0.018117068 0.38462073 0.3832859 0.08493251 1.0053219 0.08560476 0.90565103 1.0258498 1.0176488 0.8800019 0.88162 1.0433295
1.0164845 1.0133885 0.38462073 0.3836194 1.0223241 1.032159 1.0095364 1.0141612 1.0133885 1.0037951 1.0195932 0.5575939 1.0195932 0.08213797 0.9962078 1.000751 0.99545324 0.018117068 0 0.3866274 0.3856234 0.08459662 1.0022715 0.08493251 0.9069903 1.025065 1.0160967 0.8812961 0.8838912 1.0413225
1.0076177 1.0045581 0.13530254 0.10031999 1.0068517 1.0180373 1.0083846 1.0118452 1.033348 1.0203725 1.0141612 0.54425275 1.0087683 0.38796818 1.0037951 1.0060863 0.99847597 0.38462073 0.3866274 0 0.014642 0.3911622 1.0068517 0.3930176 0.8940332 1.01069 1.0045581 0.8809723 0.8842163 1.0215429
1.0064689 0.99961257 0.1342254 0.100091405 1.0091523 1.0188149 1.0053219 1.0091523 1.0278157 1.015322 1.0133885 0.5438397 1.0072346 0.38796818 1.0034139 1.0045581 0.99734104 0.3832859 0.3856234 0.014642 0 0.39065698 1.0060863 0.3926799 0.8973342 1.0149349 0.99999183 0.88194406 0.8855178 1.0238891
1.0164845 1.0083846 0.38645998 0.3856234 1.033348 1.0389212 1.0034139 1.0141612 1.0087683 1.0022715 1.0262426 0.5597 1.0254573 0.032076247 1.0041765 1.0076177 1.0034139 0.08493251 0.08459662 0.3911622 0.39065698 0 1.0041765 0.006831014 0.92085767 1.0373245 1.025065 0.88064873 0.8842163 1.0510052
0.63251257 0.8793556 0.9894442 1.0022715 0.7394986 0.7389627 0.88064873 0.88616943 0.88064873 0.88162 0.40785605 0.9931942 0.4106172 1.0068517 0.7126442 0.7149754 0.7186162 1.0053219 1.0022715 1.0068517 1.0060863 1.0041765 0 1.0060863 0.97170067 0.7365559 0.73815954 0.9568702 0.946908 0.73815954
1.0176488 1.0110749 0.38813597 0.38645998 1.0337447 1.0389212 1.0034139 1.015322 1.01146 1.0064689 1.0254573 0.55991095 1.0238891 0.032493845 1.0068517 1.01069 1.0060863 0.08560476 0.08493251 0.3930176 0.3926799 0.006831014 1.0060863 0 0.91983426 1.0373245 1.0289978 0.88194406 0.8832416 1.0485728
0.9860852 1.0041765 0.8809723 0.8812961 0.9939465 1.0003713 1.0003713 0.99658537 1.0030329 0.9939465 0.9698763 0.87677604 0.97609735 0.91406107 0.98051995 0.9831119 0.98125964 0.90565103 0.9069903 0.8940332 0.8973342 0.92085767 0.97170067 0.91983426 0 0.9845971 0.9764649 0.3965725 0.40236402 1.0053219
0.7421839 0.8636934 1.0041765 1.015322 0.2289434 0.23179846 0.85363877 0.8567664 0.8652767 0.86654574 0.7312348 1.0083846 0.7362889 1.0286036 0.34700292 0.34732068 0.34732068 1.0258498 1.025065 1.01069 1.0149349 1.0373245 0.7365559 1.0373245 0.9845971 0 0.35210282 0.95080596 0.96406794 0.23864032
0.7723746 0.86877173 1.0045581 1.0076177 0.35691568 0.35707664 0.8643263 0.86148244 0.87645423 0.86972773 0.73923063 1.0091523 0.7456892 1.0203725 0.17996301 0.1807261 0.18047164 1.0176488 1.0160967 1.0045581 0.99999183 1.025065 0.73815954 1.0289978 0.9764649 0.35210282 0 0.946908 0.95151687 0.36614606
0.9691478 0.9611805 0.85645306 0.87356406 0.96010065 0.9680563 0.96190137 0.9568702 0.9698763 0.97352946 0.96479154 0.8640098 0.9658782 0.8726031 0.94549555 0.94867724 0.9476152 0.8800019 0.8812961 0.8809723 0.88194406 0.88064873 0.9568702 0.88194406 0.3965725 0.95080596 0.946908 0 0.17124271 0.98237044
0.96298385 0.9644296 0.870685 0.87581104 0.9775687 0.9764649 0.96226203 0.959741 0.96334505 0.9651536 0.97352946 0.87677604 0.9801504 0.87484723 0.95294064 0.95794547 0.953297 0.88162 0.8838912 0.8842163 0.8855178 0.8842163 0.946908 0.8832416 0.40236402 0.96406794 0.95151687 0.17124271 0 0.98757625
0.75411475 0.8713238 1.005704 1.0199828 0.18225464 0.1841697 0.86591095 0.8668633 0.8716434 0.87774235 0.74406934 1.0254573 0.750842 1.0457449 0.36419335 0.3648437 0.36468107 1.0433295 1.0413225 1.0215429 1.0238891 1.0510052 0.73815954 1.0485728 1.0053219 0.23864032 0.36614606 0.98237044 0.98757625 0
