0 0.6515784 0.6623838 0.66456366 0.9013148 0.8983274 0.65110177 0.6506254 0.6689425 0.8803252 0.671876 0.6684547 0.6760516 0.67089695 0.67114156 0.65181684 0.6506254 1.0172604 1.0126165 0.8787099 0.8803252 0.6470625 0.6573219 0.64824826 0.6573219 0.6619002 0.682483 1.0223241 0.6542054 1.0133885
0.6515784 0 0.5204606 0.51626897 0.8855178 0.8851922 0.10686424 0.10778731 0.5291173 0.8953518 0.52387106 0.5279034 0.5264896 0.52246493 0.5287124 0.10490646 0.102151215 0.9738958 0.9713354 0.8904187 0.890091 0.23234352 0.52387106 0.23384447 0.5204606 0.5250785 0.5289148 0.97243166 0.13482362 0.96841997
0.6623838 0.5204606 0 0.05776878 0.8884545 0.88259256 0.5258845 0.5240722 0.41044435 0.90098226 0.469958 0.41096306 0.4714565 0.4087178 0.41217485 0.52952236 0.5279034 0.99847597 0.9962078 0.8963424 0.89469224 0.5337889 0.41495198 0.5344004 0.40716735 0.46771583 0.19888617 1.0049399 0.53033316 0.9901927
0.66456366 0.51626897 0.05776878 0 0.891731 0.88616943 0.5226656 0.5184617 0.4004854 0.90031767 0.4647367 0.40373325 0.466411 0.40014434 0.40219304 0.5256829 0.5250785 0.99885464 0.99658537 0.8953518 0.8927168 0.532364 0.40889028 0.53256744 0.40133873 0.46585247 0.19875582 1.0034139 0.5250785 0.98907024
0.9013148 0.8855178 0.8884545 0.891731 0 0.049177624 0.88682157 0.8855178 0.8858435 0.56818426 0.88194406 0.8973342 0.87967867 0.8927168 0.8933747 0.88910866 0.88454145 0.98757625 0.98757625 0.56882447 0.56818426 0.877098 0.8953518 0.8809723 0.88616943 0.88616943 0.8923881 1.0095364 0.88259256 0.99961257
0.8983274 0.8851922 0.88259256 0.88616943 0.049177624 0 0.8864954 0.8855178 0.8838912 0.5692516 0.8851922 0.8979962 0.88291705 0.8914027 0.8963424 0.8871479 0.8838912 0.9738958 0.97316337 0.56818426 0.5677578 0.88162 0.8927168 0.88454145 0.8858435 0.8887815 0.88910866 0.9977191 0.88162 0.98645765
0.65110177 0.10686424 0.5258845 0.5226656 0.88682157 0.8864954 0 0.040578194 0.52689326 0.90231323 0.53033316 0.53114486 0.5335852 0.52226424 0.5279034 0.11183919 0.10928974 0.982 0.9801504 0.895022 0.895022 0.23493797 0.5307389 0.2365812 0.5228664 0.5285101 0.5339927 0.98757625 0.13734141 0.9764649
0.6506254 0.10778731 0.5240722 0.5184617 0.8855178 0.8855178 0.040578194 0 0.5256829 0.8989902 0.532364 0.531551 0.5362379 0.5194605 0.5250785 0.113466084 0.1098684 0.9857129 0.9827411 0.8933747 0.8923881 0.23589608 0.53256744 0.23740417 0.52346903 0.532364 0.5358292 0.9958304 0.13782194 0.9831119
0.6689425 0.5291173 0.41044435 0.4004854 0.8858435 0.8838912 0.52689326 0.5256829 0 0.88226825 0.47559288 0.26209718 0.47352183 0.036472633 0.03794384 0.532364 0.52952236 0.98496884 0.9860852 0.87774235 0.8774201 0.5356249 0.24846429 0.5384899 0.21442941 0.469958 0.4130416 0.9838541 0.53094184 0.9845971
0.8803252 0.8953518 0.90098226 0.90031767 0.56818426 0.5692516 0.90231323 0.8989902 0.88226825 0 0.90164745 0.9053166 0.90565103 0.88454145 0.8838912 0.8996537 0.90164745 0.9783054 0.9753628 0.029783625 0.029783625 0.89932185 0.8933747 0.8996537 0.87967867 0.8923881 0.9086678 0.99734104 0.8920595 1.002652
0.671876 0.52387106 0.469958 0.4647367 0.88194406 0.8851922 0.53033316 0.532364 0.47559288 0.90164745 0 0.4675293 0.029783625 0.4731459 0.47578144 0.52709514 0.5266914 0.98645765 0.98683035 0.89601207 0.8933747 0.53256744 0.47370988 0.53256744 0.46417943 0.20595923 0.4752159 0.9894442 0.53480834 0.9962078
0.6684547 0.5279034 0.41096306 0.40373325 0.8973342 0.8979962 0.53114486 0.531551 0.26209718 0.9053166 0.4675293 0 0.46939683 0.2601142 0.26280668 0.53195745 0.52972496 0.99357027 0.9901927 0.8979962 0.8989902 0.5327709 0.2623809 0.5331779 0.25997275 0.47277015 0.41826323 0.99999183 0.5279034 0.99056727
0.6760516 0.5264896 0.4714565 0.466411 0.87967867 0.88291705 0.5335852 0.5362379 0.47352183 0.90565103 0.029783625 0.46939683 0 0.47220686 0.47427428 0.530536 0.52931976 0.98645765 0.9872032 0.9013148 0.89865875 0.5327709 0.4720192 0.5327709 0.46380812 0.20912434 0.47483912 0.99169195 0.5352165 0.99847597
0.67089695 0.52246493 0.4087178 0.40014434 0.8927168 0.8914027 0.52226424 0.5194605 0.036472633 0.88454145 0.4731459 0.2601142 0.47220686 0 0.028743835 0.52810556 0.5246758 0.9901927 0.9924427 0.8800019 0.88064873 0.53419656 0.24623917 0.53664684 0.21363124 0.46883607 0.41460428 0.990942 0.5256829 0.9931942
0.67114156 0.5287124 0.41217485 0.40219304 0.8933747 0.8963424 0.5279034 0.5250785 0.03794384 0.8838912 0.47578144 0.26280668 0.47427428 0.028743835 0 0.53297436 0.52952236 0.99056727 0.9931942 0.8809723 0.8809723 0.5380799 0.24610032 0.54013187 0.21602827 0.46902296 0.4166929 0.990942 0.5291173 0.99169195
0.65181684 0.10490646 0.52952236 0.5256829 0.88910866 0.8871479 0.11183919 0.113466084 0.532364 0.8996537 0.52709514 0.53195745 0.530536 0.52810556 0.53297436 0 0.022638248 0.97609735 0.97867405 0.895022 0.89469224 0.23891531 0.5346044 0.2402917 0.5266914 0.5352165 0.5360335 0.98683035 0.14312829 0.9746289
0.6506254 0.102151215 0.5279034 0.5250785 0.88454145 0.8838912 0.10928974 0.1098684 0.52952236 0.90164745 0.5266914 0.52972496 0.52931976 0.5246758 0.52952236 0.022638248 0 0.9753628 0.9779369 0.89469224 0.8937039 0.23699258 0.52972496 0.23864032 0.52246493 0.53256744 0.53726065 0.98645765 0.13926542 0.97243166
1.0172604 0.9738958 0.99847597 0.99885464 0.98757625 0.9738958 0.982 0.9857129 0.98496884 0.9783054 0.98645765 0.99357027 0.98645765 0.9901927 0.99056727 0.97609735 0.9753628 0 0.017809795 0.97206604 0.97206604 0.9946995 0.9827411 0.9920673 0.98348296 0.98907024 1.0080011 0.1723744 0.97609735 0.122948766
1.0126165 0.9713354 0.9962078 0.99658537 0.98757625 0.97316337 0.9801504 0.9827411 0.9860852 0.9753628 0.98683035 0.9901927 0.9872032 0.9924427 0.9931942 0.97867405 0.9779369 0.017809795 0 0.9706055 0.9698763 0.9901927 0.98237044 0.98832285 0.9845971 0.98645765 1.0060863 0.17212276 0.97426224 0.12377392
0.8787099 0.8904187 0.8963424 0.8953518 0.56882447 0.56818426 0.895022 0.8933747 0.87774235 0.029783625 0.89601207 0.8979962 0.9013148 0.8800019 0.8809723 0.895022 0.89469224 0.97206604 0.9706055 0 0.009256893 0.89865875 0.88943595 0.8989902 0.87356406 0.8887815 0.9043141 0.9950763 0.88943595 0.99847597
0.8803252 0.890091 0.89469224 0.8927168 0.56818426 0.5677578 0.895022 0.8923881 0.8774201 0.029783625 0.8933747 0.8989902 0.89865875 0.88064873 0.8809723 0.89469224 0.8937039 0.97206604 0.9698763 0.009256893 0 0.8996537 0.88616943 0.8999856 0.8726031 0.890091 0.9043141 0.9950763 0.88780093 0.99961257
0.6470625 0.23234352 0.5337889 0.532364 0.877098 0.88162 0.23493797 0.23589608 0.5356249 0.89932185 0.53256744 0.5327709 0.5327709 0.53419656 0.5380799 0.23891531 0.23699258 0.9946995 0.9901927 0.89865875 0.8996537 0 0.52709514 0.008953229 0.5246758 0.5352165 0.53828484 0.9924427 0.23850287 0.98125964
0.6573219 0.52387106 0.41495198 0.40889028 0.8953518 0.8927168 0.5307389 0.53256744 0.24846429 0.8933747 0.47370988 0.2623809 0.4720192 0.24623917 0.24610032 0.5346044 0.52972496 0.9827411 0.98237044 0.88943595 0.88616943 0.52709514 0 0.5277012 0.2433287 0.471644 0.42387336 0.99847597 0.5289148 0.99281836
0.64824826 0.23384447 0.5344004 0.53256744 0.8809723 0.88454145 0.2365812 0.23740417 0.5384899 0.8996537 0.53256744 0.5331779 0.5327709 0.53664684 0.54013187 0.2402917 0.23864032 0.9920673 0.98832285 0.8989902 0.8999856 0.008953229 0.5277012 0 0.5246758 0.5350124 0.5399264 0.99056727 0.23946556 0.9783054
0.6573219 0.5204606 0.40716735 0.40133873 0.88616943 0.8858435 0.5228664 0.52346903 0.21442941 0.87967867 0.46417943 0.25997275 0.46380812 0.21363124 0.21602827 0.5266914 0.52246493 0.98348296 0.9845971 0.87356406 0.8726031 0.5246758 0.2433287 0.5246758 0 0.4647367 0.41148216 0.9816297 0.52346903 0.98907024
0.6619002 0.5250785 0.46771583 0.46585247 0.88616943 0.8887815 0.5285101 0.532364 0.469958 0.8923881 0.20595923 0.47277015 0.20912434 0.46883607 0.46902296 0.5352165 0.53256744 0.98907024 0.98645765 0.8887815 0.890091 0.5352165 0.471644 0.5350124 0.4647367 0 0.48184055 0.9901927 0.53419656 0.9924427
0.682483 0.5289148 0.19888617 0.19875582 0.8923881 0.88910866 0.5339927 0.5358292 0.4130416 0.9086678 0.4752159 0.41826323 0.47483912 0.41460428 0.4166929 0.5360335 0.53726065 1.0080011 1.0060863 0.9043141 0.9043141 0.53828484 0.42387336 0.5399264 0.41148216 0.48184055 0 1.0254573 0.53480834 1.0110749
1.0223241 0.97243166 1.0049399 1.0034139 1.0095364 0.9977191 0.98757625 0.9958304 0.9838541 0.99734104 0.9894442 0.99999183 0.99169195 0.990942 0.990942 0.98683035 0.98645765 0.1723744 0.17212276 0.9950763 0.9950763 0.9924427 0.99847597 0.99056727 0.9816297 0.9901927 1.0254573 0 0.97720057 0.17552699
0.6542054 0.13482362 0.53033316 0.5250785 0.88259256 0.88162 0.13734141 0.13782194 0.53094184 0.8920595 0.53480834 0.5279034 0.5352165 0.5256829 0.5291173 0.14312829 0.13926542 0.97609735 0.97426224 0.88943595 0.88780093 0.23850287 0.5289148 0.23946556 0.52346903 0.53419656 0.53480834 0.97720057 0 0.97609735
1.0133885 0.96841997 0.9901927 0.98907024 0.99961257 0.98645765 0.9764649 0.9831119 0.9845971 1.002652 0.9962078 0.99056727 0.99847597 0.9931942 0.99169195 0.9746289 0.97243166 0.122948766 0.12377392 0.99847597 0.99961257 0.98125964 0.99281836 0.9783054 0.98907024 0.9924427 1.0110749 0.17552699 0.97609735 0
