0 0.9691478 0.9962078 0.990942 0.95615417 0.9604604 0.9827411 0.9808897 0.97573 0.63228023 0.6437523 0.4856525 0.6294973 0.6343742 0.6418672 0.64328057 0.64872307 0.97720057 0.9753628 0.98125964 0.9801504 0.9709704 0.671876 0.97024083 0.67580533 0.96334505 0.9962078 0.9901927 0.9669665 0.9543672
0.9691478 0 0.27829775 0.2825125 0.7882242 0.7862246 0.18519306 0.1859615 0.77771467 0.9753628 0.97720057 0.9497408 0.9808897 0.9950763 0.99999183 0.9816297 0.98496884 0.78394586 0.7822413 0.80851924 0.8105793 0.7802575 0.99357027 0.77884376 0.9958304 0.76985824 0.79917336 0.7867954 0.19226676 0.15434618
0.9962078 0.27829775 0 0.15853477 0.77405685 0.77884376 0.282804 0.2807656 0.7743376 0.9958304 0.98757625 0.95866317 1.0030329 0.9962078 1.002652 0.99281836 1.0015109 0.78394586 0.7847996 0.8105793 0.8102846 0.77771467 1.0095364 0.776869 0.9931942 0.78110707 0.7936788 0.79310274 0.29057157 0.28367934
0.990942 0.2825125 0.15853477 0 0.7928149 0.78195757 0.28557938 0.28192973 0.7859394 0.9901927 0.98907024 0.9615409 0.99923354 0.98645765 0.99847597 0.9872032 0.9950763 0.79888314 0.800626 0.81857854 0.8203678 0.79339075 1.0180373 0.79310274 1.0215429 0.78167397 0.80646485 0.79483217 0.2920462 0.28557938
0.95615417 0.7882242 0.77405685 0.7928149 0 0.13866363 0.7805406 0.78650993 0.615281 0.9977191 0.9946995 0.9680563 0.98237044 1.0091523 1.0099207 0.99056727 1.001891 0.62396216 0.6216679 0.7330929 0.7346892 0.62006605 0.98645765 0.6184676 0.990942 0.620981 0.62258476 0.6155082 0.7867954 0.78195757
0.9604604 0.7862246 0.77884376 0.78195757 0.13866363 0 0.78337723 0.78793824 0.6121078 0.99999183 0.9939465 0.95794547 0.98832285 0.99999183 1.0034139 0.990942 1.0015109 0.62258476 0.62143886 0.721751 0.7259512 0.6164175 0.98832285 0.6157354 0.98794943 0.61778367 0.62465185 0.6221262 0.79310274 0.78082377
0.9827411 0.18519306 0.282804 0.28557938 0.7805406 0.78337723 0 0.124718055 0.78167397 0.99169195 0.9894442 0.9637064 0.99847597 1.0072346 1.0103053 0.99281836 0.99545324 0.7867954 0.78793824 0.80295604 0.80324787 0.78650993 1.0068517 0.78508437 1.0041765 0.7774327 0.79888314 0.7890828 0.16723268 0.19136275
0.9808897 0.1859615 0.2807656 0.28192973 0.78650993 0.78793824 0.124718055 0 0.78565425 0.99734104 0.98869646 0.96406794 1.0003713 1.0041765 1.0099207 0.9924427 0.99923354 0.7956984 0.79483217 0.812645 0.81442016 0.7936788 1.0157093 0.7928149 0.99885464 0.77940893 0.80910724 0.79425526 0.16051398 0.18788606
0.97573 0.77771467 0.7743376 0.7859394 0.615281 0.6121078 0.78167397 0.78565425 0 0.9644296 0.96190137 0.9842255 0.9695119 0.9845971 1.0003713 0.9608204 0.98051995 0.16349263 0.16212596 0.74433905 0.7437997 0.11848517 1.0172604 0.11813391 1.0137748 0.31573868 0.38078952 0.3749967 0.78110707 0.78082377
0.63228023 0.9753628 0.9958304 0.9901927 0.9977191 0.99999183 0.99169195 0.99734104 0.9644296 0 0.09269994 0.6255724 0.08706336 0.32108986 0.32201102 0.11696423 0.11696423 0.96769285 0.9680563 1.014548 1.0137748 0.9575869 0.65948707 0.9565121 0.6643211 0.9801504 0.9931942 0.9687838 0.9898184 0.97170067
0.6437523 0.97720057 0.98757625 0.98907024 0.9946995 0.9939465 0.9894442 0.98869646 0.96190137 0.09269994 0 0.6320479 0.08336629 0.32725257 0.3286462 0.119774535 0.12071365 0.9691478 0.9698763 1.0064689 1.005704 0.9626228 0.66335183 0.96010065 0.6682109 0.9857129 0.99056727 0.9727974 0.97978103 0.9669665
0.4856525 0.9497408 0.95866317 0.9615409 0.9680563 0.95794547 0.9637064 0.96406794 0.9842255 0.6255724 0.6320479 0 0.6235028 0.6357735 0.6378772 0.632745 0.6413967 0.97978103 0.97609735 0.98051995 0.9790429 0.9790429 0.6578025 0.9790429 0.6677236 0.97243166 1.0049399 0.9831119 0.96226203 0.9575869
0.6294973 0.9808897 1.0030329 0.99923354 0.98237044 0.98832285 0.99847597 1.0003713 0.9695119 0.08706336 0.08336629 0.6235028 0 0.3163483 0.31863886 0.113582425 0.113117166 0.98237044 0.9816297 1.0053219 1.005704 0.96334505 0.65852404 0.9608204 0.6623838 0.9779369 0.9946995 0.97170067 0.99169195 0.97941184
0.6343742 0.9950763 0.9962078 0.98645765 1.0091523 0.99999183 1.0072346 1.0041765 0.9845971 0.32108986 0.32725257 0.6357735 0.3163483 0 0.08180332 0.32663402 0.3274073 1.005704 1.0022715 1.0034139 1.0037951 0.9924427 0.6631097 0.990942 0.68173814 0.98125964 0.99999183 0.99056727 0.97978103 0.99131685
0.6418672 0.99999183 1.002652 0.99847597 1.0099207 1.0034139 1.0103053 1.0099207 1.0003713 0.32201102 0.3286462 0.6378772 0.31863886 0.08180332 0 0.3281814 0.32787165 1.018426 1.0172604 1.0087683 1.0091523 1.0045581 0.6640787 1.0030329 0.68149 0.9920673 1.0130024 1.0030329 0.9842255 0.99734104
0.64328057 0.9816297 0.99281836 0.9872032 0.99056727 0.990942 0.99281836 0.9924427 0.9608204 0.11696423 0.119774535 0.632745 0.113582425 0.32663402 0.3281814 0 0.0787982 0.9706055 0.97024083 1.014548 1.0149349 0.9554389 0.6667499 0.9540103 0.67040783 0.9764649 0.98794943 0.97243166 0.9901927 0.97206604
0.64872307 0.98496884 1.0015109 0.9950763 1.001891 1.0015109 0.99545324 0.99923354 0.98051995 0.11696423 0.12071365 0.6413967 0.113117166 0.3274073 0.32787165 0.0787982 0 0.9931942 0.9931942 1.0203725 1.0199828 0.9746289 0.66335183 0.9738958 0.680994 0.9898184 0.9958304 0.98125964 0.99131685 0.97978103
0.97720057 0.78394586 0.78394586 0.79888314 0.62396216 0.62258476 0.7867954 0.7956984 0.16349263 0.96769285 0.9691478 0.97978103 0.98237044 1.005704 1.018426 0.9706055 0.9931942 0 0.015254078 0.750842 0.750842 0.16299537 1.0076177 0.16249844 1.0072346 0.3181802 0.38612524 0.38311923 0.7885103 0.7859394
0.9753628 0.7822413 0.7847996 0.800626 0.6216679 0.62143886 0.78793824 0.79483217 0.16212596 0.9680563 0.9698763 0.97609735 0.9816297 1.0022715 1.0172604 0.97024083 0.9931942 0.015254078 0 0.75165886 0.75165886 0.16138154 1.0072346 0.16076176 1.0053219 0.31680587 0.3836194 0.38178706 0.7885103 0.78708094
0.98125964 0.80851924 0.8105793 0.81857854 0.7330929 0.721751 0.80295604 0.812645 0.74433905 1.014548 1.0064689 0.98051995 1.0053219 1.0034139 1.0087683 1.014548 1.0203725 0.750842 0.75165886 0 0.006931936 0.7397667 0.99847597 0.7408401 1.0246727 0.7413773 0.7446089 0.7389627 0.81709075 0.81234956
0.9801504 0.8105793 0.8102846 0.8203678 0.7346892 0.7259512 0.80324787 0.81442016 0.7437997 1.0137748 1.005704 0.9790429 1.005704 1.0037951 1.0091523 1.0149349 1.0199828 0.750842 0.75165886 0.006931936 0 0.7389627 0.99847597 0.7400349 1.0215429 0.7413773 0.74433905 0.73815954 0.8191745 0.811759
0.9709704 0.7802575 0.77771467 0.79339075 0.62006605 0.6164175 0.78650993 0.7936788 0.11848517 0.9575869 0.9626228 0.9790429 0.96334505 0.9924427 1.0045581 0.9554389 0.9746289 0.16299537 0.16138154 0.7397667 0.7389627 0 1.0068517 0.00340773 0.9977191 0.31406474 0.37797028 0.3776393 0.78708094 0.7859394
0.671876 0.99357027 1.0095364 1.0180373 0.98645765 0.98832285 1.0068517 1.0157093 1.0172604 0.65948707 0.66335183 0.6578025 0.65852404 0.6631097 0.6640787 0.6667499 0.66335183 1.0076177 1.0072346 0.99847597 0.99847597 1.0068517 0 1.0037951 0.48089057 0.98869646 1.0203725 1.0060863 1.0011308 1.0041765
0.97024083 0.77884376 0.776869 0.79310274 0.6184676 0.6157354 0.78508437 0.7928149 0.11813391 0.9565121 0.96010065 0.9790429 0.9608204 0.990942 1.0030329 0.9540103 0.9738958 0.16249844 0.16076176 0.7408401 0.7400349 0.00340773 1.0037951 0 0.9958304 0.31406474 0.37730846 0.37780476 0.7859394 0.7847996
0.67580533 0.9958304 0.9931942 1.0215429 0.990942 0.98794943 1.0041765 0.99885464 1.0137748 0.6643211 0.6682109 0.6677236 0.6623838 0.68173814 0.68149 0.67040783 0.680994 1.0072346 1.0053219 1.0246727 1.0215429 0.9977191 0.48089057 0.9958304 0 0.9901927 1.018426 1.0130024 0.98645765 1.0030329
0.96334505 0.76985824 0.78110707 0.78167397 0.620981 0.61778367 0.7774327 0.77940893 0.31573868 0.9801504 0.9857129 0.97243166 0.9779369 0.98125964 0.9920673 0.9764649 0.9898184 0.3181802 0.31680587 0.7413773 0.7413773 0.31406474 0.98869646 0.31406474 0.9901927 0 0.37483186 0.36924827 0.776869 0.776869
0.9962078 0.79917336 0.7936788 0.80646485 0.62258476 0.62465185 0.79888314 0.80910724 0.38078952 0.9931942 0.99056727 1.0049399 0.9946995 0.99999183 1.0130024 0.98794943 0.9958304 0.38612524 0.3836194 0.7446089 0.74433905 0.37797028 1.0203725 0.37730846 1.018426 0.37483186 0 0.19343066 0.7977235 0.7980132
0.9901927 0.7867954 0.79310274 0.79483217 0.6155082 0.6221262 0.7890828 0.79425526 0.3749967 0.9687838 0.9727974 0.9831119 0.97170067 0.99056727 1.0030329 0.97243166 0.98125964 0.38311923 0.38178706 0.7389627 0.73815954 0.3776393 1.0060863 0.37780476 1.0130024 0.36924827 0.19343066 0 0.7893693 0.78879654
0.9669665 0.19226676 0.29057157 0.2920462 0.7867954 0.79310274 0.16723268 0.16051398 0.78110707 0.9898184 0.97978103 0.96226203 0.99169195 0.97978103 0.9842255 0.9901927 0.99131685 0.7885103 0.7885103 0.81709075 0.8191745 0.78708094 1.0011308 0.7859394 0.98645765 0.776869 0.7977235 0.7893693 0 0.19524476
0.9543672 0.15434618 0.28367934 0.28557938 0.78195757 0.78082377 0.19136275 0.18788606 0.78082377 0.97170067 0.9669665 0.9575869 0.97941184 0.99131685 0.99734104 0.97206604 0.97978103 0.7859394 0.78708094 0.81234956 0.811759 0.7859394 1.0041765 0.7847996 1.0030329 0.776869 0.7980132 0.78879654 0.19524476 0
