0 1.0168724 1.0172604 1.0157093 0.9939465 1.018426 0.99961257 0.98757625 1.0262426 1.0266355 1.0072346 1.0203725 0.98683035 0.9931942 1.0087683 0.99999183 0.99169195 0.9801504 0.97867405 0.9931942 0.97720057 0.9958304 1.0034139 0.99281836 0.9943229 1.0072346 1.0076177 0.9680563 0.9857129 1.0130024
1.0168724 0 0.78650993 0.75520885 0.7799746 0.77489936 0.7690214 0.77715075 0.3048492 0.302301 0.48603475 0.48032117 0.48051092 0.68972224 0.6929902 0.78736657 0.79425526 0.78508437 0.7802575 0.7836615 0.77856135 0.7830931 0.46195444 0.78736657 0.77940893 0.77321523 0.6972853 0.7690214 0.4935281 0.7723746
1.0172604 0.78650993 0 0.26223904 0.7723746 0.40923536 0.39827126 0.7706961 0.79888314 0.8047084 0.7763057 0.79627645 0.776869 0.776869 0.7882242 0.77405685 0.7734957 0.7842303 0.7779968 0.78565425 0.778279 0.7876524 0.7598766 0.78508437 0.77771467 0.7945437 0.79483217 0.7681854 0.78337723 0.3286462
1.0157093 0.75520885 0.26223904 0 0.77181464 0.39997387 0.39589408 0.75384146 0.7729349 0.77771467 0.7676286 0.78508437 0.761531 0.7853693 0.79425526 0.7656831 0.7659607 0.76623845 0.7585007 0.7593259 0.7486681 0.7695792 0.76042765 0.76651627 0.76485085 0.7618071 0.7936788 0.7593259 0.7693002 0.32493562
0.9939465 0.7799746 0.7723746 0.77181464 0 0.7673504 0.7607034 0.25785428 0.7825251 0.79339075 0.761531 0.7659607 0.76485085 0.7585007 0.76540554 0.2690793 0.27194792 0.3872975 0.38311923 0.43023533 0.4180886 0.46010533 0.7519313 0.4628807 0.45936695 0.3979312 0.7734957 0.4540354 0.77153486 0.7822413
1.018426 0.77489936 0.40923536 0.39997387 0.7673504 0 0.23974083 0.7631891 0.7893693 0.7916646 0.7805406 0.778279 0.7701374 0.7862246 0.80617183 0.7676286 0.77209455 0.7751804 0.7712552 0.7802575 0.76623845 0.7913773 0.75603044 0.7890828 0.78110707 0.7853693 0.78879654 0.7709756 0.782809 0.4207125
0.99961257 0.7690214 0.39827126 0.39589408 0.7607034 0.23974083 0 0.76485085 0.78736657 0.7862246 0.76429653 0.77771467 0.7524766 0.7751804 0.7928149 0.77181464 0.7774327 0.76985824 0.76985824 0.7757428 0.7659607 0.79109013 0.7519313 0.791952 0.7853693 0.7862246 0.79540956 0.76846397 0.7706961 0.4090628
0.98757625 0.77715075 0.7706961 0.75384146 0.25785428 0.7631891 0.76485085 0 0.7763057 0.78082377 0.7598766 0.76485085 0.7676286 0.7734957 0.7774327 0.18493709 0.18955801 0.376482 0.3749967 0.42440146 0.41460428 0.458445 0.7419149 0.4566045 0.45056275 0.39436984 0.78337723 0.44983372 0.77405685 0.77405685
1.0262426 0.3048492 0.79888314 0.7729349 0.7825251 0.7893693 0.78736657 0.7763057 0 0.18608965 0.4935281 0.49044484 0.49121448 0.71083605 0.71032023 0.77546155 0.7799746 0.7825251 0.7723746 0.7760242 0.76457363 0.7802575 0.4652944 0.7825251 0.78565425 0.7867954 0.70007765 0.77153486 0.5055969 0.78394586
1.0266355 0.302301 0.8047084 0.77771467 0.79339075 0.7916646 0.7862246 0.78082377 0.18608965 0 0.49856558 0.49546158 0.48660854 0.71601385 0.71212715 0.7876524 0.7890828 0.7853693 0.7799746 0.7885103 0.77771467 0.7842303 0.4718316 0.7885103 0.7890828 0.7842303 0.71006244 0.77153486 0.5001224 0.7836615
1.0072346 0.48603475 0.7763057 0.7676286 0.761531 0.7805406 0.76429653 0.7598766 0.4935281 0.49856558 0 0.48641723 0.163617 0.6960195 0.70390224 0.7709756 0.7734957 0.76457363 0.762636 0.7676286 0.76457363 0.75493515 0.4675293 0.750842 0.77489936 0.7796917 0.71186876 0.75056994 0.35933372 0.76707226
1.0203725 0.48032117 0.79627645 0.78508437 0.7659607 0.778279 0.77771467 0.76485085 0.49044484 0.49546158 0.48641723 0 0.48603475 0.702115 0.7062064 0.76457363 0.7763057 0.762636 0.7593259 0.77940893 0.77209455 0.7859394 0.43219006 0.7862246 0.7862246 0.7813905 0.6937464 0.76485085 0.50265914 0.7830931
0.98683035 0.48051092 0.776869 0.761531 0.76485085 0.7701374 0.7524766 0.7676286 0.49121448 0.48660854 0.163617 0.48603475 0 0.6854701 0.7013504 0.77321523 0.7706961 0.7565787 0.7527494 0.77209455 0.76985824 0.7524766 0.45734018 0.75138646 0.7743376 0.7712552 0.68796843 0.7486681 0.35482633 0.7695792
0.9931942 0.68972224 0.776869 0.7853693 0.7585007 0.7862246 0.7751804 0.7734957 0.71083605 0.71601385 0.6960195 0.702115 0.6854701 0 0.15878189 0.7822413 0.7813905 0.76429653 0.76846397 0.77489936 0.7726547 0.7709756 0.66748005 0.7693002 0.761531 0.7609791 0.38295257 0.7475835 0.6867182 0.7690214
1.0087683 0.6929902 0.7882242 0.79425526 0.76540554 0.80617183 0.7928149 0.7774327 0.71032023 0.71212715 0.70390224 0.7062064 0.7013504 0.15878189 0 0.79252714 0.78736657 0.75960124 0.76042765 0.7799746 0.78337723 0.77546155 0.67163116 0.77884376 0.776869 0.7667942 0.38679487 0.75138646 0.69576657 0.78195757
0.99999183 0.78736657 0.77405685 0.7656831 0.2690793 0.7676286 0.77181464 0.18493709 0.77546155 0.7876524 0.7709756 0.76457363 0.77321523 0.7822413 0.79252714 0 0.1467679 0.37979326 0.37598658 0.42828566 0.41651866 0.46436512 0.7459595 0.4630661 0.45330298 0.39589408 0.8003352 0.4566045 0.7760242 0.7774327
0.99169195 0.79425526 0.7734957 0.7659607 0.27194792 0.77209455 0.7774327 0.18955801 0.7799746 0.7890828 0.7734957 0.7763057 0.7706961 0.7813905 0.78736657 0.1467679 0 0.3884716 0.38679487 0.43432835 0.4236974 0.46883607 0.7475835 0.46696994 0.45826077 0.40099728 0.79109013 0.4656664 0.7813905 0.78167397
0.9801504 0.78508437 0.7842303 0.76623845 0.3872975 0.7751804 0.76985824 0.376482 0.7825251 0.7853693 0.76457363 0.762636 0.7565787 0.76429653 0.75960124 0.37979326 0.3884716 0 0.115096524 0.42475376 0.41182843 0.46251008 0.74433905 0.46102932 0.45605326 0.38998386 0.7890828 0.4461991 0.76846397 0.7836615
0.97867405 0.7802575 0.7779968 0.7585007 0.38311923 0.7712552 0.76985824 0.3749967 0.7723746 0.7799746 0.762636 0.7593259 0.7527494 0.76846397 0.76042765 0.37598658 0.38679487 0.115096524 0 0.4231698 0.41165528 0.46417943 0.742453 0.4617693 0.4545852 0.38746512 0.77884376 0.44656178 0.7629125 0.7774327
0.9931942 0.7836615 0.78565425 0.7593259 0.43023533 0.7802575 0.7757428 0.42440146 0.7760242 0.7885103 0.7676286 0.77940893 0.77209455 0.77489936 0.7799746 0.42828566 0.43432835 0.42475376 0.4231698 0 0.094966486 0.46362254 0.7421839 0.4621396 0.45770827 0.4258116 0.7867954 0.4507451 0.77489936 0.77856135
0.97720057 0.77856135 0.778279 0.7486681 0.4180886 0.76623845 0.7659607 0.41460428 0.76457363 0.77771467 0.76457363 0.77209455 0.76985824 0.7726547 0.78337723 0.41651866 0.4236974 0.41182843 0.41165528 0.094966486 0 0.45697227 0.74030316 0.4566045 0.44420755 0.41826323 0.7853693 0.44656178 0.7631891 0.7693002
0.9958304 0.7830931 0.7876524 0.7695792 0.46010533 0.7913773 0.79109013 0.458445 0.7802575 0.7842303 0.75493515 0.7859394 0.7524766 0.7709756 0.77546155 0.46436512 0.46883607 0.46251008 0.46417943 0.46362254 0.45697227 0 0.74893945 0.045024846 0.42740113 0.47051957 0.7902292 0.36273217 0.7757428 0.77715075
1.0034139 0.46195444 0.7598766 0.76042765 0.7519313 0.75603044 0.7519313 0.7419149 0.4652944 0.4718316 0.4675293 0.43219006 0.45734018 0.66748005 0.67163116 0.7459595 0.7475835 0.74433905 0.742453 0.7421839 0.74030316 0.74893945 0 0.7486681 0.7456892 0.7563045 0.68198633 0.73735726 0.47258234 0.7459595
0.99281836 0.78736657 0.78508437 0.76651627 0.4628807 0.7890828 0.791952 0.4566045 0.7825251 0.7885103 0.750842 0.7862246 0.75138646 0.7693002 0.77884376 0.4630661 0.46696994 0.46102932 0.4617693 0.4621396 0.4566045 0.045024846 0.7486681 0 0.43023533 0.4714565 0.78565425 0.363706 0.776869 0.77321523
0.9943229 0.77940893 0.77771467 0.76485085 0.45936695 0.78110707 0.7853693 0.45056275 0.78565425 0.7890828 0.77489936 0.7862246 0.7743376 0.761531 0.776869 0.45330298 0.45826077 0.45605326 0.4545852 0.45770827 0.44420755 0.42740113 0.7456892 0.43023533 0 0.45936695 0.77489936 0.4251062 0.7690214 0.7813905
1.0072346 0.77321523 0.7945437 0.7618071 0.3979312 0.7853693 0.7862246 0.39436984 0.7867954 0.7842303 0.7796917 0.7813905 0.7712552 0.7609791 0.7667942 0.39589408 0.40099728 0.38998386 0.38746512 0.4258116 0.41826323 0.47051957 0.7563045 0.4714565 0.45936695 0 0.7902292 0.45826077 0.79888314 0.7896558
1.0076177 0.6972853 0.79483217 0.7936788 0.7734957 0.78879654 0.79540956 0.78337723 0.70007765 0.71006244 0.71186876 0.6937464 0.68796843 0.38295257 0.38679487 0.8003352 0.79109013 0.7890828 0.77884376 0.7867954 0.7853693 0.7902292 0.68198633 0.78565425 0.77489936 0.7902292 0 0.76790696 0.6982995 0.78650993
0.9680563 0.7690214 0.7681854 0.7593259 0.4540354 0.7709756 0.76846397 0.44983372 0.77153486 0.77153486 0.75056994 0.76485085 0.7486681 0.7475835 0.75138646 0.4566045 0.4656664 0.4461991 0.44656178 0.4507451 0.44656178 0.36273217 0.73735726 0.363706 0.4251062 0.45826077 0.76790696 0 0.7563045 0.7690214
0.9857129 0.4935281 0.78337723 0.7693002 0.77153486 0.782809 0.7706961 0.77405685 0.5055969 0.5001224 0.35933372 0.50265914 0.35482633 0.6867182 0.69576657 0.7760242 0.7813905 0.76846397 0.7629125 0.77489936 0.7631891 0.7757428 0.47258234 0.776869 0.7690214 0.79888314 0.6982995 0.7563045 0 0.7693002
1.0130024 0.7723746 0.3286462 0.32493562 0.7822413 0.4207125 0.4090628 0.77405685 0.78394586 0.7836615 0.76707226 0.7830931 0.7695792 0.7690214 0.78195757 0.7774327 0.78167397 0.7836615 0.7774327 0.77856135 0.7693002 0.77715075 0.7459595 0.77321523 0.7813905 0.7896558 0.78650993 0.7690214 0.7693002 0
