0 0.9353342 0.5024637 0.49740008 1.0030329 0.92909575 0.91983426 0.9266836 1.0091523 1.0122308 0.9339434 0.92359364 0.9465546 1.002652 0.98794943 0.9433819 0.9497408 0.9565121 0.9522284 0.95508146 0.9374253 0.9342909 0.9370764 0.9349863 0.9304776 0.8014989 0.9360306 0.93151563 0.8014989 0.79310274
0.9353342 0 0.9242792 0.90398026 1.0122308 0.5761186 0.64682555 0.6470625 1.0130024 1.0199828 0.5692516 0.8105793 0.8000446 1.0118452 1.0041765 0.2601142 0.8055861 0.7977235 0.26323268 0.26422766 0.57482624 0.57461107 0.44765082 0.5754721 0.7905161 0.9259958 0.79540956 0.7896558 0.92771643 0.90264636
0.5024637 0.9242792 0 0.23507477 1.0095364 0.8999856 0.90799636 0.90766084 0.98794943 1.0157093 0.9106857 0.93568236 0.932902 0.98907024 0.98869646 0.9440858 0.94127417 0.9433819 0.9476152 0.94514287 0.9100125 0.90565103 0.931862 0.90799636 0.927372 0.8224607 0.93116945 0.9353342 0.80529344 0.79223955
0.49740008 0.90398026 0.23507477 0 0.98832285 0.9006499 0.9110226 0.90900373 0.99658537 1.0110749 0.908332 0.93151563 0.9253087 0.9669665 0.96841997 0.9242792 0.92771643 0.9346385 0.9242792 0.91711193 0.908332 0.90164745 0.91779155 0.9059856 0.9287507 0.82066643 0.928061 0.92393637 0.8088132 0.79598737
1.0030329 1.0122308 1.0095364 0.98832285 0 0.9783054 0.99131685 0.99169195 0.9096761 0.92359364 0.9980974 1.01069 0.99658537 0.16287111 0.15865831 1.01069 0.9939465 0.9943229 1.0231062 1.0353336 0.98907024 0.99281836 1.0160967 0.99169195 0.98832285 1.005704 0.990942 0.99056727 1.0003713 0.99169195
0.92909575 0.5761186 0.8999856 0.9006499 0.9783054 0 0.6294973 0.6369415 1.0133885 1.0262426 0.13147967 0.78793824 0.80091685 0.9838541 0.97426224 0.5793593 0.8179831 0.81294054 0.57827747 0.58653843 0.13494332 0.13398623 0.5624469 0.13470393 0.7822413 0.9133848 0.77321523 0.776869 0.9053166 0.891731
0.91983426 0.64682555 0.90799636 0.9110226 0.99131685 0.6294973 0 0.11649686 0.98869646 1.0083846 0.63928306 0.82335943 0.7945437 0.9931942 0.98683035 0.63414127 0.79627645 0.8000446 0.63881415 0.64233804 0.63414127 0.6357735 0.624192 0.6348403 0.8038317 0.9225665 0.812645 0.79714435 0.92359364 0.90031767
0.9266836 0.6470625 0.90766084 0.90900373 0.99169195 0.6369415 0.11649686 0 0.9924427 1.0072346 0.64328057 0.82907665 0.80529344 1.0045581 0.99281836 0.6360069 0.80529344 0.8094014 0.6374092 0.64257354 0.63857985 0.63881415 0.6262635 0.6395176 0.8073446 0.9253087 0.8188765 0.80587894 0.93082345 0.9130469
1.0091523 1.0130024 0.98794943 0.99658537 0.9096761 1.0133885 0.98869646 0.9924427 0 0.11230365 1.002652 1.0505993 1.0223241 0.90933985 0.90498227 1.0199828 1.0242808 1.0282096 1.0231062 1.0262426 1.0015109 1.002652 0.99847597 0.99999183 0.9946995 0.9977191 0.99999183 1.0254573 0.9939465 0.9808897
1.0122308 1.0199828 1.0157093 1.0110749 0.92359364 1.0262426 1.0083846 1.0072346 0.11230365 0 1.0195932 1.0530384 1.0270288 0.92119914 0.91643286 1.0211525 1.0270288 1.0282096 1.0274222 1.0286036 1.0219333 1.0219333 1.0083846 1.0203725 0.9872032 1.0180373 1.0095364 1.0389212 1.0188149 1.0095364
0.9339434 0.5692516 0.9106857 0.908332 0.9980974 0.13147967 0.63928306 0.64328057 1.002652 1.0195932 0 0.79830307 0.79483217 1.0022715 0.9962078 0.5724627 0.8094014 0.80353975 0.57590306 0.582614 0.108480364 0.107671864 0.56054413 0.108711526 0.782809 0.92359364 0.7746184 0.7813905 0.91203403 0.8943626
0.92359364 0.8105793 0.93568236 0.93151563 1.01069 0.78793824 0.82335943 0.82907665 1.0505993 1.0530384 0.79830307 0 0.4843161 1.0133885 0.99658537 0.81234956 0.491407 0.4943009 0.8111689 0.81294054 0.79310274 0.80120784 0.7980132 0.799754 0.47899425 0.93672764 0.48775735 0.4915996 0.9402225 0.9287507
0.9465546 0.8000446 0.932902 0.9253087 0.99658537 0.80091685 0.7945437 0.80529344 1.0223241 1.0270288 0.79483217 0.4843161 0 0.99281836 0.98907024 0.8082254 0.08459662 0.085268565 0.8096957 0.81234956 0.79483217 0.7980132 0.7882242 0.7956984 0.40321952 0.9253087 0.38679487 0.38629258 0.92462224 0.91915274
1.002652 1.0118452 0.98907024 0.9669665 0.16287111 0.9838541 0.9931942 1.0045581 0.90933985 0.92119914 1.0022715 1.0133885 0.99281836 0 0.076690674 1.0049399 0.99056727 0.9898184 1.0149349 1.0176488 0.9939465 0.9920673 1.0091523 0.990942 0.9831119 0.99734104 0.9920673 0.9958304 1.0003713 0.99131685
0.98794943 1.0041765 0.98869646 0.96841997 0.15865831 0.97426224 0.98683035 0.99281836 0.90498227 0.91643286 0.9962078 0.99658537 0.98907024 0.076690674 0 0.9958304 0.98645765 0.98757625 1.01146 1.0133885 0.9894442 0.98832285 1.0068517 0.98832285 0.9768326 0.9931942 0.9857129 0.97867405 0.9946995 0.97426224
0.9433819 0.2601142 0.9440858 0.9242792 1.01069 0.5793593 0.63414127 0.6360069 1.0199828 1.0211525 0.5724627 0.81234956 0.8082254 1.0049399 0.9958304 0 0.812645 0.8038317 0.07293404 0.07326475 0.57806134 0.5774132 0.45238847 0.57871 0.80353975 0.9374253 0.82276016 0.811759 0.9483231 0.91983426
0.9497408 0.8055861 0.94127417 0.92771643 0.9939465 0.8179831 0.79627645 0.80529344 1.0242808 1.0270288 0.8094014 0.491407 0.08459662 0.99056727 0.98645765 0.812645 0 0.045024846 0.81234956 0.81442016 0.811759 0.814124 0.79830307 0.81323624 0.40699527 0.92119914 0.39032033 0.39234236 0.9287507 0.91406107
0.9565121 0.7977235 0.9433819 0.9346385 0.9943229 0.81294054 0.8000446 0.8094014 1.0282096 1.0282096 0.80353975 0.4943009 0.085268565 0.9898184 0.98757625 0.8038317 0.045024846 0 0.80353975 0.80529344 0.8082254 0.8105793 0.79627645 0.8088132 0.40923536 0.9287507 0.39082533 0.39403155 0.932902 0.9225665
0.9522284 0.26323268 0.9476152 0.9242792 1.0231062 0.57827747 0.63881415 0.6374092 1.0231062 1.0274222 0.57590306 0.8111689 0.8096957 1.0149349 1.01146 0.07293404 0.81234956 0.80353975 0 0.05046004 0.5761186 0.5750415 0.45238847 0.5763342 0.7968549 0.94127417 0.81828076 0.8096957 0.9540103 0.9287507
0.95508146 0.26422766 0.94514287 0.91711193 1.0353336 0.58653843 0.64233804 0.64257354 1.0262426 1.0286036 0.582614 0.81294054 0.81234956 1.0176488 1.0133885 0.07326475 0.81442016 0.80529344 0.05046004 0 0.58828926 0.58653843 0.45697227 0.5874133 0.8082254 0.9465546 0.8179831 0.8120542 0.95472425 0.929441
0.9374253 0.57482624 0.9100125 0.908332 0.98907024 0.13494332 0.63414127 0.63857985 1.0015109 1.0219333 0.108480364 0.79310274 0.79483217 0.9939465 0.9894442 0.57806134 0.811759 0.8082254 0.5761186 0.58828926 0 0.022844406 0.5626586 0.023772815 0.78394586 0.91711193 0.7737762 0.778279 0.92154074 0.89766514
0.9342909 0.57461107 0.90565103 0.90164745 0.99281836 0.13398623 0.6357735 0.63881415 1.002652 1.0219333 0.107671864 0.80120784 0.7980132 0.9920673 0.98832285 0.5774132 0.814124 0.8105793 0.5750415 0.58653843 0.022844406 0 0.5632941 0.0066292114 0.78650993 0.91949344 0.7760242 0.7799746 0.92462224 0.9046481
0.9370764 0.44765082 0.931862 0.91779155 1.0160967 0.5624469 0.624192 0.6262635 0.99847597 1.0083846 0.56054413 0.7980132 0.7882242 1.0091523 1.0068517 0.45238847 0.79830307 0.79627645 0.45238847 0.45697227 0.5626586 0.5632941 0 0.5613892 0.77405685 0.93987226 0.793967 0.7902292 0.9342909 0.931862
0.9349863 0.5754721 0.90799636 0.9059856 0.99169195 0.13470393 0.6348403 0.6395176 0.99999183 1.0203725 0.108711526 0.799754 0.7956984 0.990942 0.98832285 0.57871 0.81323624 0.8088132 0.5763342 0.5874133 0.023772815 0.0066292114 0.5613892 0 0.78565425 0.91711193 0.7729349 0.77940893 0.9229087 0.90264636
0.9304776 0.7905161 0.927372 0.9287507 0.98832285 0.7822413 0.8038317 0.8073446 0.9946995 0.9872032 0.782809 0.47899425 0.40321952 0.9831119 0.9768326 0.80353975 0.40699527 0.40923536 0.7968549 0.8082254 0.78394586 0.78650993 0.77405685 0.78565425 0 0.931862 0.40630734 0.40733945 0.903313 0.9043141
0.8014989 0.9259958 0.8224607 0.82066643 1.005704 0.9133848 0.9225665 0.9253087 0.9977191 1.0180373 0.92359364 0.93672764 0.9253087 0.99734104 0.9931942 0.9374253 0.92119914 0.9287507 0.94127417 0.9465546 0.91711193 0.91949344 0.93987226 0.91711193 0.931862 0 0.91915274 0.9346385 0.35562924 0.35034582
0.9360306 0.79540956 0.93116945 0.928061 0.990942 0.77321523 0.812645 0.8188765 0.99999183 1.0095364 0.7746184 0.48775735 0.38679487 0.9920673 0.9857129 0.82276016 0.39032033 0.39082533 0.81828076 0.8179831 0.7737762 0.7760242 0.793967 0.7729349 0.40630734 0.91915274 0 0.33315444 0.9160936 0.90098226
0.93151563 0.7896558 0.9353342 0.92393637 0.99056727 0.776869 0.79714435 0.80587894 1.0254573 1.0389212 0.7813905 0.4915996 0.38629258 0.9958304 0.97867405 0.811759 0.39234236 0.39403155 0.8096957 0.8120542 0.778279 0.7799746 0.7902292 0.77940893 0.40733945 0.9346385 0.33315444 0 0.9304776 0.9073255
0.8014989 0.92771643 0.80529344 0.8088132 1.0003713 0.9053166 0.92359364 0.93082345 0.9939465 1.0188149 0.91203403 0.9402225 0.92462224 1.0003713 0.9946995 0.9483231 0.9287507 0.932902 0.9540103 0.95472425 0.92154074 0.92462224 0.9342909 0.9229087 0.903313 0.35562924 0.9160936 0.9304776 0 0.31589106
0.79310274 0.90264636 0.79223955 0.79598737 0.99169195 0.891731 0.90031767 0.9130469 0.9808897 1.0095364 0.8943626 0.9287507 0.91915274 0.99131685 0.97426224 0.91983426 0.91406107 0.9225665 0.9287507 0.929441 0.89766514 0.9046481 0.931862 0.90264636 0.9043141 0.35034582 0.90098226 0.9073255 0.31589106 0
