0 1.0353336 1.0049399 1.0087683 1.0246727 1.0203725 1.0034139 0.99545324 1.0041765 1.0072346 1.0133885 1.0195932 1.0087683 0.99545324 0.9950763 0.99169195 0.99169195 1.0049399 1.0049399 0.99658537 0.99734104 1.0149349 1.019204 1.0110749 1.002652 0.9853408 1.0262426 1.0168724 0.98869646 1.0087683
1.0353336 0 0.6882187 0.68298006 0.8933747 0.8783872 0.53480834 0.54095423 0.53114486 0.5291173 0.41252142 0.67654437 0.41321507 0.532364 0.52810556 0.61256033 0.6132396 0.6731017 0.67163116 0.6040094 0.60244477 0.671876 0.6884691 0.6731017 0.40579182 0.40014434 0.6232732 0.53480834 0.5430141 0.19771379
1.0049399 0.6882187 0 0.16948567 0.8887815 0.8754896 0.6847222 0.6827315 0.6795078 0.6772841 0.69399863 0.6121078 0.6887196 0.6782716 0.67802465 0.6955138 0.6927383 0.61052626 0.60849774 0.68397504 0.6812419 0.61915225 0.6182396 0.6202947 0.6770375 0.6795078 0.6947558 0.6827315 0.6767909 0.6922348
1.0087683 0.68298006 0.16948567 0 0.8738847 0.86749893 0.6834774 0.68049824 0.6723661 0.6696748 0.68198633 0.61391944 0.67580533 0.6713863 0.67065233 0.6832287 0.6795078 0.6091733 0.6075979 0.68049824 0.6795078 0.61664504 0.60849774 0.61778367 0.682483 0.671876 0.69148016 0.6775309 0.66796726 0.68571955
1.0246727 0.8933747 0.8887815 0.8738847 0 0.16423915 0.8703658 0.8713238 0.890091 0.87806475 0.8904187 0.8887815 0.88454145 0.88616943 0.87677604 0.8897634 0.8842163 0.8729233 0.870685 0.8783872 0.87581104 0.88454145 0.8963424 0.8855178 0.86337715 0.8703658 0.9063204 0.8835664 0.9013148 0.89865875
1.0203725 0.8783872 0.8754896 0.86749893 0.16423915 0 0.86148244 0.864643 0.8738847 0.85802114 0.8608519 0.8716434 0.86148244 0.8694089 0.86274505 0.87967867 0.8713238 0.8694089 0.8668633 0.86654574 0.8649598 0.8754896 0.86813504 0.8783872 0.8555138 0.8621135 0.8871479 0.86654574 0.8842163 0.88162
1.0034139 0.53480834 0.6847222 0.6834774 0.8703658 0.86148244 0 0.15360944 0.25686774 0.25391582 0.53033316 0.69022405 0.5285101 0.26025566 0.2601142 0.6186958 0.6157354 0.6887196 0.6894714 0.60984945 0.6075979 0.6894714 0.6795078 0.6899731 0.5299277 0.5232681 0.6267246 0.2609634 0.2589834 0.54095423
0.99545324 0.54095423 0.6827315 0.68049824 0.8713238 0.864643 0.15360944 0 0.25588247 0.2556012 0.5391052 0.6877182 0.5423956 0.2657939 0.26337475 0.6161901 0.617328 0.6852207 0.684224 0.61278665 0.6109778 0.69122875 0.6686986 0.68972224 0.537056 0.5246758 0.6306556 0.26707777 0.26053867 0.5506852
1.0041765 0.53114486 0.6795078 0.6723661 0.890091 0.8738847 0.25686774 0.25588247 0 0.15483774 0.5285101 0.6827315 0.530536 0.20398779 0.20149805 0.61052626 0.60894805 0.6775309 0.67876583 0.5977705 0.5977705 0.6889701 0.67212105 0.69022405 0.52346903 0.5190608 0.6184676 0.2189684 0.21137442 0.547981
1.0072346 0.5291173 0.6772841 0.6696748 0.87806475 0.85802114 0.25391582 0.2556012 0.15483774 0 0.52689326 0.67926043 0.5291173 0.19927737 0.19836488 0.6132396 0.610752 0.67285645 0.675067 0.5999927 0.6011063 0.6795078 0.66093403 0.6770375 0.5214621 0.51626897 0.6130131 0.21682899 0.21296677 0.53644234
1.0133885 0.41252142 0.69399863 0.68198633 0.8904187 0.8608519 0.53033316 0.5391052 0.5285101 0.52689326 0 0.6832287 0.08169181 0.53419656 0.5307389 0.62189704 0.6121078 0.6847222 0.6844731 0.6171003 0.61142963 0.684224 0.68397504 0.684224 0.36305663 0.35210282 0.62534213 0.53419656 0.5352165 0.41686726
1.0195932 0.67654437 0.6121078 0.61391944 0.8887815 0.8716434 0.69022405 0.6877182 0.6827315 0.67926043 0.6832287 0 0.68049824 0.6924865 0.69349426 0.6867182 0.684224 0.5839199 0.58131045 0.6772841 0.67531306 0.5887276 0.609624 0.5907033 0.67212105 0.6539662 0.69148016 0.6924865 0.69022405 0.67016345
1.0087683 0.41321507 0.6887196 0.67580533 0.88454145 0.86148244 0.5285101 0.5423956 0.530536 0.5291173 0.08169181 0.68049824 0 0.53256744 0.52952236 0.61915225 0.610075 0.6834774 0.6837262 0.61278665 0.60872287 0.6785187 0.6812419 0.68049824 0.36078832 0.35386395 0.62373245 0.5321607 0.5384899 0.41425672
0.99545324 0.532364 0.6782716 0.6713863 0.88616943 0.8694089 0.26025566 0.2657939 0.20398779 0.19927737 0.53419656 0.6924865 0.53256744 0 0.050888002 0.6093986 0.60625017 0.68149 0.68149 0.6116556 0.6091733 0.6864684 0.6748211 0.6874681 0.5317542 0.5214621 0.6212099 0.22313097 0.21923625 0.5407486
0.9950763 0.52810556 0.67802465 0.67065233 0.87677604 0.86274505 0.2601142 0.26337475 0.20149805 0.19836488 0.5307389 0.69349426 0.52952236 0.050888002 0 0.61278665 0.609624 0.6767909 0.6767909 0.610075 0.60647464 0.68173814 0.66918653 0.6827315 0.5289148 0.51806253 0.620981 0.21870063 0.21642852 0.537875
0.99169195 0.61256033 0.6955138 0.6832287 0.8897634 0.87967867 0.6186958 0.6161901 0.61052626 0.6132396 0.62189704 0.6867182 0.61915225 0.6093986 0.61278665 0 0.03962876 0.68621874 0.69122875 0.36224574 0.3614357 0.6937464 0.6947558 0.69349426 0.6150539 0.609624 0.21336539 0.624192 0.6232732 0.6193806
0.99169195 0.6132396 0.6927383 0.6795078 0.8842163 0.8713238 0.6157354 0.617328 0.60894805 0.610752 0.6121078 0.684224 0.610075 0.60625017 0.609624 0.03962876 0 0.68198633 0.68571955 0.3545054 0.354345 0.6887196 0.69148016 0.6892207 0.6078228 0.6033384 0.21150698 0.62189704 0.6205234 0.62143886
1.0049399 0.6731017 0.61052626 0.6091733 0.8729233 0.8694089 0.6887196 0.6852207 0.6775309 0.67285645 0.6847222 0.5839199 0.6834774 0.68149 0.6767909 0.68621874 0.68198633 0 0.017912205 0.6847222 0.6827315 0.122948766 0.5767656 0.12165394 0.6740837 0.66577744 0.6849714 0.6965256 0.6892207 0.68173814
1.0049399 0.67163116 0.60849774 0.6075979 0.870685 0.8668633 0.6894714 0.684224 0.67876583 0.675067 0.6844731 0.58131045 0.6837262 0.68149 0.6767909 0.69122875 0.68571955 0.017912205 0 0.6852207 0.68298006 0.12424584 0.573751 0.12271318 0.67531306 0.6652917 0.6864684 0.69753873 0.69097745 0.68173814
0.99658537 0.6040094 0.68397504 0.68049824 0.8783872 0.86654574 0.60984945 0.61278665 0.5977705 0.5999927 0.6171003 0.6772841 0.61278665 0.6116556 0.610075 0.36224574 0.3545054 0.6847222 0.6852207 0 0.012707041 0.6864684 0.66577744 0.6859691 0.6011063 0.59533364 0.3635436 0.61391944 0.6091733 0.60872287
0.99734104 0.60244477 0.6812419 0.6795078 0.87581104 0.8649598 0.6075979 0.6109778 0.5977705 0.6011063 0.61142963 0.67531306 0.60872287 0.6091733 0.60647464 0.3614357 0.354345 0.6827315 0.68298006 0.012707041 0 0.68721807 0.66286767 0.6877182 0.5999927 0.59224355 0.36257 0.6118817 0.60872287 0.6073731
1.0149349 0.671876 0.61915225 0.61664504 0.88454145 0.8754896 0.6894714 0.69122875 0.6889701 0.6795078 0.684224 0.5887276 0.6785187 0.6864684 0.68173814 0.6937464 0.6887196 0.122948766 0.12424584 0.6864684 0.68721807 0 0.57871 0.013622978 0.67383814 0.6652917 0.69425094 0.70364666 0.69855326 0.67802465
1.019204 0.6884691 0.6182396 0.60849774 0.8963424 0.86813504 0.6795078 0.6686986 0.67212105 0.66093403 0.68397504 0.609624 0.6812419 0.6748211 0.66918653 0.6947558 0.69148016 0.5767656 0.573751 0.66577744 0.66286767 0.57871 0 0.5769814 0.6760516 0.6694307 0.6937464 0.67975533 0.6713863 0.6827315
1.0110749 0.6731017 0.6202947 0.61778367 0.8855178 0.8783872 0.6899731 0.68972224 0.69022405 0.6770375 0.684224 0.5907033 0.68049824 0.6874681 0.6827315 0.69349426 0.6892207 0.12165394 0.12271318 0.6859691 0.6877182 0.013622978 0.5769814 0 0.67432946 0.6686986 0.6955138 0.70415795 0.69804585 0.67654437
1.002652 0.40579182 0.6770375 0.682483 0.86337715 0.8555138 0.5299277 0.537056 0.52346903 0.5214621 0.36305663 0.67212105 0.36078832 0.5317542 0.5289148 0.6150539 0.6078228 0.6740837 0.67531306 0.6011063 0.5999927 0.67383814 0.6760516 0.67432946 0 0.26807785 0.6262635 0.52972496 0.52729714 0.40768382
0.9853408 0.40014434 0.6795078 0.671876 0.8703658 0.8621135 0.5232681 0.5246758 0.5190608 0.51626897 0.35210282 0.6539662 0.35386395 0.5214621 0.51806253 0.609624 0.6033384 0.66577744 0.6652917 0.59533364 0.59224355 0.6652917 0.6694307 0.6686986 0.26807785 0 0.61369276 0.52387106 0.520861 0.39980343
1.0262426 0.6232732 0.6947558 0.69148016 0.9063204 0.8871479 0.6267246 0.6306556 0.6184676 0.6130131 0.62534213 0.69148016 0.62373245 0.6212099 0.620981 0.21336539 0.21150698 0.6849714 0.6864684 0.3635436 0.36257 0.69425094 0.6937464 0.6955138 0.6262635 0.61369276 0 0.63019204 0.6285719 0.627186
1.0168724 0.53480834 0.6827315 0.6775309 0.8835664 0.86654574 0.2609634 0.26707777 0.2189684 0.21682899 0.53419656 0.6924865 0.5321607 0.22313097 0.21870063 0.624192 0.62189704 0.6965256 0.69753873 0.61391944 0.6118817 0.70364666 0.67975533 0.70415795 0.52972496 0.52387106 0.63019204 0 0.21616167 0.5438397
0.98869646 0.5430141 0.6767909 0.66796726 0.9013148 0.8842163 0.2589834 0.26053867 0.21137442 0.21296677 0.5352165 0.69022405 0.5384899 0.21923625 0.21642852 0.6232732 0.6205234 0.6892207 0.69097745 0.6091733 0.60872287 0.69855326 0.6713863 0.69804585 0.52729714 0.520861 0.6285719 0.21616167 0 0.5473584
1.0087683 0.19771379 0.6922348 0.68571955 0.89865875 0.88162 0.54095423 0.5506852 0.547981 0.53644234 0.41686726 0.67016345 0.41425672 0.5407486 0.537875 0.6193806 0.62143886 0.68173814 0.68173814 0.60872287 0.6073731 0.67802465 0.6827315 0.67654437 0.40768382 0.39980343 0.627186 0.5438397 0.5473584 0
