0 0.9790429 0.99658537 1.025065 1.0122308 1.0180373 1.0195932 0.48756576 1.0133885 1.0238891 0.49333504 0.97426224 0.48527044 1.0160967 1.019204 0.49063718 0.4919849 1.0068517 1.0160967 1.0258498 1.025065 1.0045581 0.9860852 1.005704 0.99658537 0.9943229 0.99131685 1.0011308 0.9853408 1.0091523
0.9790429 0 0.11544636 0.99169195 0.9831119 0.97573 0.9637064 0.9831119 0.9924427 0.9950763 0.9842255 0.3508246 0.9808897 0.9738958 0.9860852 0.9838541 0.9801504 0.9727974 1.0041765 1.0037951 1.0072346 0.9775687 0.34922987 0.97867405 0.9838541 0.9764649 0.990942 0.98051995 0.13866363 0.99734104
0.99658537 0.11544636 0 1.0022715 0.9898184 0.9808897 0.97206604 1.0053219 0.9838541 0.98757625 1.0080011 0.35723764 1.0087683 0.9827411 0.9950763 1.01146 1.0103053 0.9779369 1.014548 1.01069 1.0149349 0.98125964 0.35482633 0.98125964 0.98794943 0.97573 0.9980974 0.9779369 0.1427653 1.0003713
1.025065 0.99169195 1.0022715 0 0.6285719 0.6334428 0.6311194 1.0103053 0.62075216 0.6262635 1.0003713 1.005704 0.99961257 0.63251257 0.6439882 1.01069 1.005704 0.6258027 0.08470857 0.086838774 0.087175675 0.6255724 0.99734104 0.62488186 0.6182396 0.6078228 0.632745 0.61278665 0.9924427 0.627186
1.0122308 0.9831119 0.9898184 0.6285719 0 0.39453906 0.39099374 1.0068517 0.3925111 0.3965725 0.99281836 0.9898184 0.98757625 0.3901521 0.39048862 0.9931942 0.9831119 0.07525209 0.62649405 0.63019204 0.62741685 0.076469176 0.9691478 0.07525209 0.18891452 0.3776393 0.17932768 0.3836194 0.99281836 0.12353807
1.0180373 0.97573 0.9808897 0.6334428 0.39453906 0 0.07271364 0.99961257 0.2657939 0.267792 0.9924427 0.9901927 0.98348296 0.1260182 0.12554516 1.0083846 0.99658537 0.38998386 0.6367077 0.6367077 0.63811135 0.39217365 0.9691478 0.3901521 0.38964754 0.24999788 0.3898157 0.25841862 0.9687838 0.39436984
1.0195932 0.9637064 0.97206604 0.6311194 0.39099374 0.07271364 0 0.99734104 0.2675062 0.26936567 0.99281836 0.9845971 0.9816297 0.1260182 0.12542693 1.001891 0.99281836 0.3866274 0.63251257 0.6339084 0.6348403 0.38964754 0.96226203 0.38763276 0.3836194 0.24985833 0.38445374 0.2582775 0.96841997 0.38914335
0.48756576 0.9831119 1.0053219 1.0103053 1.0068517 0.99961257 0.99734104 0 0.98645765 0.99847597 0.06952519 0.97206604 0.06493133 0.9958304 1.0022715 0.16237426 0.1638658 0.99961257 1.0068517 1.0137748 1.0188149 1.0003713 0.9651536 1.0022715 0.9924427 0.9673296 0.9894442 0.97316337 0.9790429 1.0099207
1.0133885 0.9924427 0.9838541 0.62075216 0.3925111 0.2657939 0.2675062 0.98645765 0 0.05604266 0.9853408 0.982 0.9691478 0.26522398 0.26664954 0.9969631 0.9901927 0.39234236 0.6255724 0.62880313 0.62511194 0.3901521 0.98125964 0.38914335 0.3901521 0.17603265 0.38712993 0.14957027 0.9939465 0.39776123
1.0238891 0.9950763 0.98757625 0.6262635 0.3965725 0.267792 0.26936567 0.99847597 0.05604266 0 0.9931942 0.9901927 0.97941184 0.2675062 0.26965213 1.005704 0.9977191 0.39420068 0.6294973 0.6320479 0.62880313 0.39538565 0.9901927 0.39420068 0.38830376 0.18059887 0.3888074 0.15262826 1.001891 0.39895183
0.49333504 0.9842255 1.0080011 1.0003713 0.99281836 0.9924427 0.99281836 0.06952519 0.9853408 0.9931942 0 0.97941184 0.051423293 0.9958304 1.0022715 0.16885917 0.16810805 0.9853408 0.99131685 0.99847597 1.0022715 0.98907024 0.9727974 0.99131685 0.9831119 0.9662408 0.97978103 0.9709704 0.98348296 0.99923354
0.97426224 0.3508246 0.35723764 1.005704 0.9898184 0.9901927 0.9845971 0.97206604 0.982 0.9901927 0.97941184 0 0.9768326 0.990942 1.000751 0.99357027 0.9924427 0.9753628 1.0176488 1.0168724 1.0215429 0.9790429 0.20411906 0.98051995 0.9680563 0.9842255 0.98794943 0.97720057 0.34525782 1.0022715
0.48527044 0.9808897 1.0087683 0.99961257 0.98757625 0.98348296 0.9816297 0.06493133 0.9691478 0.97941184 0.051423293 0.9768326 0 0.98051995 0.98496884 0.16311966 0.1637414 0.9764649 0.9901927 0.99658537 1.0015109 0.98237044 0.9666036 0.9845971 0.9738958 0.9511613 0.9644296 0.9554389 0.97609735 0.9860852
1.0160967 0.9738958 0.9827411 0.63251257 0.3901521 0.1260182 0.1260182 0.9958304 0.26522398 0.2675062 0.9958304 0.990942 0.98051995 0 0.048323896 0.99961257 0.9901927 0.3888074 0.632745 0.6332101 0.6320479 0.39082533 0.9706055 0.38897535 0.3856234 0.24651696 0.38579065 0.2567269 0.97720057 0.39369342
1.019204 0.9860852 0.9950763 0.6439882 0.39048862 0.12554516 0.12542693 1.0022715 0.26664954 0.26965213 1.0022715 1.000751 0.98496884 0.048323896 0 1.0076177 0.9950763 0.38931137 0.6444604 0.6430448 0.6437523 0.3911622 0.9808897 0.38931137 0.38897535 0.25013745 0.38796818 0.25884217 0.9901927 0.39099374
0.49063718 0.9838541 1.01146 1.01069 0.9931942 1.0083846 1.001891 0.16237426 0.9969631 1.005704 0.16885917 0.99357027 0.16311966 0.99961257 1.0076177 0 0.044918668 0.9838541 1.001891 1.0037951 1.0103053 0.9827411 0.98869646 0.9842255 0.9827411 0.9768326 0.9746289 0.98645765 0.9939465 0.9939465
0.4919849 0.9801504 1.0103053 1.005704 0.9831119 0.99658537 0.99281836 0.1638658 0.9901927 0.9977191 0.16810805 0.9924427 0.1637414 0.9901927 0.9950763 0.044918668 0 0.97426224 0.9962078 0.9969631 1.0003713 0.9738958 0.9827411 0.9753628 0.9680563 0.9687838 0.96769285 0.97867405 0.9894442 0.98645765
1.0068517 0.9727974 0.9779369 0.6258027 0.07525209 0.38998386 0.3866274 0.99961257 0.39234236 0.39420068 0.9853408 0.9753628 0.9764649 0.3888074 0.38931137 0.9838541 0.97426224 0 0.62304366 0.62534213 0.62534213 0.035842996 0.96226203 0.034375902 0.18365853 0.3738435 0.1750217 0.3801252 0.9842255 0.11953994
1.0160967 1.0041765 1.014548 0.08470857 0.62649405 0.6367077 0.63251257 1.0068517 0.6255724 0.6294973 0.99131685 1.0176488 0.9901927 0.632745 0.6444604 1.001891 0.9962078 0.62304366 0 0.030095844 0.03072067 0.62235546 1.0037951 0.6221262 0.61596274 0.60423315 0.62996036 0.6175558 1.0072346 0.62880313
1.0258498 1.0037951 1.01069 0.086838774 0.63019204 0.6367077 0.6339084 1.0137748 0.62880313 0.6320479 0.99847597 1.0168724 0.99658537 0.6332101 0.6430448 1.0037951 0.9969631 0.62534213 0.030095844 0 0.02274132 0.62534213 1.0011308 0.62511194 0.6193806 0.60984945 0.6334428 0.620981 1.0045581 0.63019204
1.025065 1.0072346 1.0149349 0.087175675 0.62741685 0.63811135 0.6348403 1.0188149 0.62511194 0.62880313 1.0022715 1.0215429 1.0015109 0.6320479 0.6437523 1.0103053 1.0003713 0.62534213 0.03072067 0.02274132 0 0.624192 1.0022715 0.62396216 0.61960906 0.60512894 0.62903446 0.61778367 1.0060863 0.6267246
1.0045581 0.9775687 0.98125964 0.6255724 0.076469176 0.39217365 0.38964754 1.0003713 0.3901521 0.39538565 0.98907024 0.9790429 0.98237044 0.39082533 0.3911622 0.9827411 0.9738958 0.035842996 0.62235546 0.62534213 0.624192 0 0.9687838 0.0026045172 0.1846812 0.37450224 0.17489542 0.3812881 0.98794943 0.120243944
0.9860852 0.34922987 0.35482633 0.99734104 0.9691478 0.9691478 0.96226203 0.9651536 0.98125964 0.9901927 0.9727974 0.20411906 0.9666036 0.9706055 0.9808897 0.98869646 0.9827411 0.96226203 1.0037951 1.0011308 1.0022715 0.9687838 0 0.96769285 0.9568702 0.9695119 0.9666036 0.9695119 0.34193748 0.9768326
1.005704 0.97867405 0.98125964 0.62488186 0.07525209 0.3901521 0.38763276 1.0022715 0.38914335 0.39420068 0.99131685 0.98051995 0.9845971 0.38897535 0.38931137 0.9842255 0.9753628 0.034375902 0.6221262 0.62511194 0.62396216 0.0026045172 0.96769285 0 0.18327539 0.3731853 0.17375991 0.3801252 0.98832285 0.11895377
0.99658537 0.9838541 0.98794943 0.6182396 0.18891452 0.38964754 0.3836194 0.9924427 0.3901521 0.38830376 0.9831119 0.9680563 0.9738958 0.3856234 0.38897535 0.9827411 0.9680563 0.18365853 0.61596274 0.6193806 0.61960906 0.1846812 0.9568702 0.18327539 0 0.37549147 0.18289244 0.37631682 0.9857129 0.19110468
0.9943229 0.9764649 0.97573 0.6078228 0.3776393 0.24999788 0.24985833 0.9673296 0.17603265 0.18059887 0.9662408 0.9842255 0.9511613 0.24651696 0.25013745 0.9768326 0.9687838 0.3738435 0.60423315 0.60984945 0.60512894 0.37450224 0.9695119 0.3731853 0.37549147 0 0.37631682 0.16885917 0.9775687 0.38078952
0.99131685 0.990942 0.9980974 0.632745 0.17932768 0.3898157 0.38445374 0.9894442 0.38712993 0.3888074 0.97978103 0.98794943 0.9644296 0.38579065 0.38796818 0.9746289 0.96769285 0.1750217 0.62996036 0.6334428 0.62903446 0.17489542 0.9666036 0.17375991 0.18289244 0.37631682 0 0.37615168 1.0034139 0.17843913
1.0011308 0.98051995 0.9779369 0.61278665 0.3836194 0.25841862 0.2582775 0.97316337 0.14957027 0.15262826 0.9709704 0.97720057 0.9554389 0.2567269 0.25884217 0.98645765 0.97867405 0.3801252 0.6175558 0.620981 0.61778367 0.3812881 0.9695119 0.3801252 0.37631682 0.16885917 0.37615168 0 0.9827411 0.38645998
0.9853408 0.13866363 0.1427653 0.9924427 0.99281836 0.9687838 0.96841997 0.9790429 0.9939465 1.001891 0.98348296 0.34525782 0.97609735 0.97720057 0.9901927 0.9939465 0.9894442 0.9842255 1.0072346 1.0045581 1.0060863 0.98794943 0.34193748 0.98832285 0.9857129 0.9775687 1.0034139 0.9827411 0 1.0076177
1.0091523 0.99734104 1.0003713 0.627186 0.12353807 0.39436984 0.38914335 1.0099207 0.39776123 0.39895183 0.99923354 1.0022715 0.9860852 0.39369342 0.39099374 0.9939465 0.98645765 0.11953994 0.62880313 0.63019204 0.6267246 0.120243944 0.9768326 0.11895377 0.19110468 0.38078952 0.17843913 0.38645998 1.0076177 0
