0 0.94092345 1.014548 0.9497408 0.9419761 0.92771643 0.928061 0.9297863 0.99357027 1.0037951 0.9349863 1.002652 0.75822586 0.9419761 0.944438 0.9522284 0.9511613 0.94549555 0.9483231 0.9232511 0.92085767 0.762636 0.9249654 0.7579511 0.7734957 0.93777436 0.944438 0.7609791 1.015322 0.94867724
0.94092345 0 1.0168724 0.8851922 0.8662283 0.9270277 0.8505242 0.85833514 1.0053219 1.0030329 0.4797522 1.0325551 0.9349863 0.48032117 0.47994182 0.29219383 0.28939393 0.7389627 0.74057156 0.9297863 0.9259958 0.93324894 0.91949344 0.93847305 0.94514287 0.72384816 0.47748062 0.94092345 1.001891 0.23166226
1.014548 1.0168724 0 1.0211525 1.0258498 1.0445362 1.0164845 1.0234975 0.22420895 0.21977226 0.98348296 0.5438397 0.99847597 0.9816297 0.98683035 0.99847597 0.9958304 1.0095364 1.0053219 1.030972 1.032159 1.0041765 1.0176488 0.99923354 1.0157093 0.98683035 0.9894442 0.99545324 0.2565861 1.0266355
0.9497408 0.8851922 1.0211525 0 0.1576705 0.98794943 0.3477975 0.35194293 0.99999183 1.01146 0.8505242 1.0389212 0.9160936 0.84187144 0.8508351 0.8703658 0.85896355 0.86179787 0.85864925 0.9779369 0.9783054 0.9188122 0.92359364 0.91949344 0.96298385 0.829681 0.85833514 0.89667284 1.0195932 0.87420535
0.9419761 0.8662283 1.0258498 0.1576705 0 0.9775687 0.33768997 0.3422531 0.99847597 1.0053219 0.8517685 1.030972 0.9053166 0.8437172 0.8523914 0.8605368 0.84340924 0.85332674 0.8530148 0.9669665 0.9695119 0.9106857 0.9259958 0.91169673 0.95508146 0.8269652 0.8474224 0.90565103 1.0180373 0.86274505
0.92771643 0.9270277 1.0445362 0.98794943 0.9775687 0 0.9500957 0.944438 1.0286036 1.0231062 0.9297863 1.0270288 0.9184719 0.9229087 0.9225665 0.92017525 0.9150766 0.9518725 0.9493862 0.13746151 0.13722132 0.9263396 0.5202605 0.9270277 0.93324894 0.9100125 0.91575444 0.93812364 1.0289978 0.927372
0.928061 0.8505242 1.0164845 0.3477975 0.33768997 0.9500957 0 0.13207571 0.9894442 1.000751 0.8461853 1.0397208 0.9123715 0.84033674 0.84587634 0.8573935 0.84279376 0.84649444 0.8474224 0.93987226 0.94549555 0.9184719 0.92771643 0.9229087 0.9472615 0.81857854 0.8406434 0.89667284 1.0199828 0.84310144
0.9297863 0.85833514 1.0234975 0.35194293 0.3422531 0.944438 0.13207571 0 1.0030329 1.0076177 0.85833514 1.0393208 0.8970035 0.84928197 0.8573935 0.86148244 0.8483516 0.85802114 0.85645306 0.946908 0.9483231 0.910349 0.91949344 0.9137229 0.93151563 0.83605623 0.84433347 0.8864954 1.0329514 0.84711295
0.99357027 1.0053219 0.22420895 0.99999183 0.99847597 1.0286036 0.9894442 1.0030329 0 0.12212453 0.98907024 0.5344004 0.9962078 0.9860852 0.99999183 0.9842255 0.9816297 1.001891 1.002652 1.0095364 1.01146 0.99999183 1.0130024 0.9969631 1.0095364 0.9816297 0.98237044 0.98907024 0.2589834 1.0022715
1.0037951 1.0030329 0.21977226 1.01146 1.0053219 1.0231062 1.000751 1.0076177 0.12212453 0 0.9857129 0.53114486 0.97499573 0.97867405 0.98832285 0.982 0.97316337 1.01146 1.0118452 1.0072346 1.0022715 0.9845971 1.01146 0.9816297 0.99734104 0.9898184 0.9853408 0.97978103 0.25630456 1.0103053
0.9349863 0.4797522 0.98348296 0.8505242 0.8517685 0.9297863 0.8461853 0.85833514 0.98907024 0.9857129 0 0.99885464 0.9053166 0.10617267 0.1098684 0.48603475 0.47653615 0.70364666 0.7129029 0.9174517 0.9184719 0.9053166 0.9069903 0.9036466 0.9360306 0.6998234 0.28851193 0.90231323 0.9738958 0.48127043
1.002652 1.0325551 0.5438397 1.0389212 1.030972 1.0270288 1.0397208 1.0393208 0.5344004 0.53114486 0.99885464 0 1.005704 0.9894442 1.0133885 1.0413225 1.0289978 1.014548 1.0172604 1.015322 1.0195932 1.0110749 1.0286036 1.014548 1.0278157 1.0110749 1.0049399 1.005704 0.5403374 1.0361294
0.75822586 0.9349863 0.99847597 0.9160936 0.9053166 0.9184719 0.9123715 0.8970035 0.9962078 0.97499573 0.9053166 1.005704 0 0.903313 0.9069903 0.93082345 0.9339434 0.92359364 0.9301319 0.91473794 0.90799636 0.09849323 0.93568236 0.09860727 0.41739044 0.90933985 0.90098226 0.27223536 0.9977191 0.928061
0.9419761 0.48032117 0.9816297 0.84187144 0.8437172 0.9229087 0.84033674 0.84928197 0.9860852 0.97867405 0.10617267 0.9894442 0.903313 0 0.06733413 0.4858436 0.47502747 0.70160514 0.7085177 0.91575444 0.9150766 0.90665525 0.9096761 0.9069903 0.9405729 0.6962725 0.28748423 0.90766084 0.9691478 0.4826014
0.944438 0.47994182 0.98683035 0.8508351 0.8523914 0.9225665 0.84587634 0.8573935 0.99999183 0.98832285 0.1098684 1.0133885 0.9069903 0.06733413 0 0.49082956 0.4826014 0.7105781 0.7157541 0.91643286 0.91643286 0.9133848 0.90933985 0.9133848 0.93672764 0.7080034 0.29411557 0.90799636 0.9775687 0.4822209
0.9522284 0.29219383 0.99847597 0.8703658 0.8605368 0.92017525 0.8573935 0.86148244 0.9842255 0.982 0.48603475 1.0413225 0.93082345 0.4858436 0.49082956 0 0.06820979 0.7235857 0.7254249 0.9127091 0.91169673 0.92359364 0.929441 0.9270277 0.94373375 0.70415795 0.4829821 0.9395222 1.0011308 0.29145598
0.9511613 0.28939393 0.9958304 0.85896355 0.84340924 0.9150766 0.84279376 0.8483516 0.9816297 0.97316337 0.47653615 1.0289978 0.9339434 0.47502747 0.4826014 0.06820979 0 0.7087749 0.7085177 0.9036466 0.90264636 0.9259958 0.92119914 0.9287507 0.9440858 0.69855326 0.4746508 0.931862 0.9872032 0.2879245
0.94549555 0.7389627 1.0095364 0.86179787 0.85332674 0.9518725 0.84649444 0.85802114 1.001891 1.01146 0.70364666 1.014548 0.92359364 0.70160514 0.7105781 0.7235857 0.7087749 0 0.054212995 0.93672764 0.9370764 0.929441 0.94267863 0.927372 0.9374253 0.29086626 0.7072328 0.93812364 1.0215429 0.7338906
0.9483231 0.74057156 1.0053219 0.85864925 0.8530148 0.9493862 0.8474224 0.85645306 1.002652 1.0118452 0.7129029 1.0172604 0.9301319 0.7085177 0.7157541 0.7254249 0.7085177 0.054212995 0 0.9335961 0.93255514 0.94092345 0.944438 0.9370764 0.9440858 0.294856 0.70928967 0.94092345 1.025065 0.7368229
0.9232511 0.9297863 1.030972 0.9779369 0.9669665 0.13746151 0.93987226 0.946908 1.0095364 1.0072346 0.9174517 1.015322 0.91473794 0.91575444 0.91643286 0.9127091 0.9036466 0.93672764 0.9335961 0 0.03072067 0.9218825 0.50736505 0.9205164 0.93568236 0.9053166 0.910349 0.932902 1.0064689 0.93151563
0.92085767 0.9259958 1.032159 0.9783054 0.9695119 0.13722132 0.94549555 0.9483231 1.01146 1.0022715 0.9184719 1.0195932 0.90799636 0.9150766 0.91643286 0.91169673 0.90264636 0.9370764 0.93255514 0.03072067 0 0.91575444 0.5071684 0.91473794 0.9353342 0.9063204 0.9137229 0.9301319 1.0141612 0.9256522
0.762636 0.93324894 1.0041765 0.9188122 0.9106857 0.9263396 0.9184719 0.910349 0.99999183 0.9845971 0.9053166 1.0110749 0.09849323 0.90665525 0.9133848 0.92359364 0.9259958 0.929441 0.94092345 0.9218825 0.91575444 0 0.9395222 0.021402493 0.4147781 0.9160936 0.9053166 0.26736337 1.0060863 0.9270277
0.9249654 0.91949344 1.0176488 0.92359364 0.9259958 0.5202605 0.92771643 0.91949344 1.0130024 1.01146 0.9069903 1.0286036 0.93568236 0.9096761 0.90933985 0.929441 0.92119914 0.94267863 0.944438 0.50736505 0.5071684 0.9395222 0 0.93777436 0.93812364 0.91949344 0.9297863 0.9353342 1.000751 0.91169673
0.7579511 0.93847305 0.99923354 0.91949344 0.91169673 0.9270277 0.9229087 0.9137229 0.9969631 0.9816297 0.9036466 1.014548 0.09860727 0.9069903 0.9133848 0.9270277 0.9287507 0.927372 0.9370764 0.9205164 0.91473794 0.021402493 0.93777436 0 0.417216 0.91813165 0.90565103 0.26979542 0.99999183 0.936379
0.7734957 0.94514287 1.0157093 0.96298385 0.95508146 0.93324894 0.9472615 0.93151563 1.0095364 0.99734104 0.9360306 1.0278157 0.41739044 0.9405729 0.93672764 0.94373375 0.9440858 0.9374253 0.9440858 0.93568236 0.9353342 0.4147781 0.93812364 0.417216 0 0.92393637 0.93777436 0.4106172 1.0076177 0.9536536
0.93777436 0.72384816 0.98683035 0.829681 0.8269652 0.9100125 0.81857854 0.83605623 0.9816297 0.9898184 0.6998234 1.0110749 0.90933985 0.6962725 0.7080034 0.70415795 0.69855326 0.29086626 0.294856 0.9053166 0.9063204 0.9160936 0.91949344 0.91813165 0.92393637 0 0.6947558 0.9133848 0.9872032 0.7129029
0.944438 0.47748062 0.9894442 0.85833514 0.8474224 0.91575444 0.8406434 0.84433347 0.98237044 0.9853408 0.28851193 1.0049399 0.90098226 0.28748423 0.29411557 0.4829821 0.4746508 0.7072328 0.70928967 0.910349 0.9137229 0.9053166 0.9297863 0.90565103 0.93777436 0.6947558 0 0.9130469 0.9790429 0.4856525
0.7609791 0.94092345 0.99545324 0.89667284 0.90565103 0.93812364 0.89667284 0.8864954 0.98907024 0.97978103 0.90231323 1.005704 0.27223536 0.90766084 0.90799636 0.9395222 0.931862 0.93812364 0.94092345 0.932902 0.9301319 0.26736337 0.9353342 0.26979542 0.4106172 0.9133848 0.9130469 0 1.0015109 0.9374253
1.015322 1.001891 0.2565861 1.0195932 1.0180373 1.0289978 1.0199828 1.0329514 0.2589834 0.25630456 0.9738958 0.5403374 0.9977191 0.9691478 0.9775687 1.0011308 0.9872032 1.0215429 1.025065 1.0064689 1.0141612 1.0060863 1.000751 0.99999183 1.0076177 0.9872032 0.9790429 1.0015109 0 1.0060863
0.94867724 0.23166226 1.0266355 0.87420535 0.86274505 0.927372 0.84310144 0.84711295 1.0022715 1.0103053 0.48127043 1.0361294 0.928061 0.4826014 0.4822209 0.29145598 0.2879245 0.7338906 0.7368229 0.93151563 0.9256522 0.9270277 0.91169673 0.936379 0.9536536 0.7129029 0.4856525 0.9374253 1.0060863 0
