0 0.44348466 0.55381763 0.7031358 0.7080034 0.70595 0.70007765 0.71342045 0.70466954 0.69855326 0.30035818 0.5430141 0.5548647 0.5546552 0.5630822 0.5571734 0.56054413 0.55006033 0.5477734 0.30260032 0.29991055 0.5552839 0.5573836 0.5544457 0.9980974 0.9920673 0.9943229 0.5506852 0.5438397 0.43952116
0.44348466 0 0.5428079 0.71316165 0.7175742 0.6904751 0.7098048 0.7165336 0.69753873 0.6899731 0.45899805 0.53951573 0.5376702 0.5360335 0.5459075 0.5438397 0.5454935 0.54054296 0.54095423 0.45330298 0.44837776 0.5374654 0.5448729 0.5360335 0.9860852 0.96769285 0.9746289 0.5477734 0.5389 0.1425234
0.55381763 0.5428079 0 0.7280602 0.72384816 0.71367943 0.7209661 0.7330929 0.71992075 0.71342045 0.56202364 0.26979542 0.1759062 0.12271318 0.17451672 0.17350781 0.17679176 0.173886 0.17489542 0.5536084 0.5488121 0.1218892 0.27699456 0.12118365 1.0365276 1.0122308 1.0266355 0.27511612 0.27583802 0.5430141
0.7031358 0.71316165 0.7280602 0 0.1130009 0.6530102 0.13578178 0.1425234 0.654684 0.6461152 0.70160514 0.71627367 0.7254249 0.72018194 0.723061 0.7301751 0.7307048 0.72700495 0.72991043 0.7013504 0.69804585 0.72253674 0.7241107 0.72253674 0.99658537 0.98832285 0.9816297 0.7267414 0.71627367 0.70748955
0.7080034 0.7175742 0.72384816 0.1130009 0 0.65444463 0.13842306 0.1427653 0.6592462 0.6506254 0.71032023 0.718095 0.7251619 0.72044325 0.7275324 0.7301751 0.7307048 0.72384816 0.7243734 0.7062064 0.7049255 0.7243734 0.7312348 0.7243734 1.0076177 1.0076177 0.98794943 0.72779626 0.71887696 0.71186876
0.70595 0.6904751 0.71367943 0.6530102 0.65444463 0 0.64872307 0.65972805 0.11532973 0.111375004 0.70441365 0.71083605 0.7087749 0.7031358 0.7126442 0.71212715 0.71316165 0.7082605 0.7113522 0.70415795 0.6998234 0.7026252 0.72253674 0.7023701 0.98125964 0.97170067 0.9838541 0.718095 0.71367943 0.6867182
0.70007765 0.7098048 0.7209661 0.13578178 0.13842306 0.64872307 0 0.10387206 0.6573219 0.64824826 0.70466954 0.7173139 0.72568804 0.7167936 0.7220128 0.72858834 0.72991043 0.7227989 0.7241107 0.7049255 0.7026252 0.72044325 0.7338906 0.72018194 1.0130024 0.99658537 0.9931942 0.7330929 0.72384816 0.70364666
0.71342045 0.7165336 0.7330929 0.1425234 0.1427653 0.65972805 0.10387206 0 0.66504896 0.65852404 0.71887696 0.7333587 0.73842716 0.72858834 0.74057156 0.7427221 0.7456892 0.73709005 0.73923063 0.7173139 0.714716 0.7344229 0.7478545 0.7341567 1.0137748 1.005704 1.0003713 0.7397667 0.7344229 0.71601385
0.70466954 0.69753873 0.71992075 0.654684 0.6592462 0.11532973 0.6573219 0.66504896 0 0.09519352 0.71006244 0.71549445 0.71601385 0.70928967 0.71835554 0.7175742 0.71601385 0.70646286 0.7110941 0.7110941 0.70595 0.70748955 0.723061 0.7072328 0.99169195 0.9831119 0.99281836 0.718095 0.714716 0.69022405
0.69855326 0.6899731 0.71342045 0.6461152 0.6506254 0.111375004 0.64824826 0.65852404 0.09519352 0 0.70390224 0.70928967 0.7062064 0.700841 0.7087749 0.70646286 0.7087749 0.7026252 0.70774645 0.70697606 0.7023701 0.7018601 0.71783453 0.7013504 0.9764649 0.96769285 0.9779369 0.7170537 0.71006244 0.6834774
0.30035818 0.45899805 0.56202364 0.70160514 0.71032023 0.70441365 0.70466954 0.71887696 0.71006244 0.70390224 0 0.5504769 0.5597 0.556543 0.5666926 0.55885684 0.56733155 0.55885684 0.5575939 0.08448469 0.08057756 0.556543 0.5630822 0.5557034 1.0157093 1.0095364 1.0053219 0.55885684 0.5628704 0.45293704
0.5430141 0.53951573 0.26979542 0.71627367 0.718095 0.71083605 0.7173139 0.7333587 0.71549445 0.70928967 0.5504769 0 0.26893613 0.26807785 0.26850688 0.266935 0.27237916 0.26807785 0.27008206 0.5438397 0.5391052 0.26650688 0.24957931 0.2657939 0.9950763 0.97941184 0.98645765 0.26893613 0.2712297 0.54425275
0.5548647 0.5376702 0.1759062 0.7254249 0.7251619 0.7087749 0.72568804 0.73842716 0.71601385 0.7062064 0.5597 0.26893613 0 0.17451672 0.08057756 0.07735557 0.0802436 0.15680721 0.1591527 0.5544457 0.5502686 0.17565337 0.2749718 0.17514798 1.005704 0.982 0.99169195 0.27656063 0.2738184 0.5352165
0.5546552 0.5360335 0.12271318 0.72018194 0.72044325 0.7031358 0.7167936 0.72858834 0.70928967 0.700841 0.556543 0.26807785 0.17451672 0 0.1752743 0.17287792 0.17565337 0.17363384 0.17603265 0.54860425 0.5428079 0.06286237 0.2739625 0.06286237 1.01146 0.98348296 1.0011308 0.27612698 0.2746833 0.5384899
0.5630822 0.5459075 0.17451672 0.723061 0.7275324 0.7126442 0.7220128 0.74057156 0.71835554 0.7087749 0.5666926 0.26850688 0.08057756 0.1752743 0 0.064168416 0.06678736 0.15890548 0.16150555 0.55801463 0.5542363 0.17451672 0.27526045 0.17476916 1.0110749 0.9946995 1.0022715 0.27829775 0.27324238 0.5448729
0.5571734 0.5438397 0.17350781 0.7301751 0.7301751 0.71212715 0.72858834 0.7427221 0.7175742 0.70646286 0.55885684 0.266935 0.07735557 0.17287792 0.064168416 0 0.06079909 0.15693049 0.15927635 0.5531901 0.547981 0.17363384 0.27338633 0.17312981 1.0149349 0.9946995 1.0049399 0.27670524 0.2699387 0.5426017
0.56054413 0.5454935 0.17679176 0.7307048 0.7307048 0.71316165 0.72991043 0.7456892 0.71601385 0.7087749 0.56733155 0.27237916 0.0802436 0.17565337 0.06678736 0.06079909 0 0.15989491 0.16162959 0.5586462 0.5531901 0.1752743 0.2788777 0.1750217 1.0211525 0.99999183 1.0130024 0.28134742 0.2743949 0.5444594
0.55006033 0.54054296 0.173886 0.72700495 0.72384816 0.7082605 0.7227989 0.73709005 0.70646286 0.7026252 0.55885684 0.26807785 0.15680721 0.17363384 0.15890548 0.15693049 0.15989491 0 0.0267722 0.54902 0.54611456 0.17124271 0.27511612 0.17074028 1.0282096 1.0137748 1.0270288 0.27656063 0.27367437 0.537056
0.5477734 0.54095423 0.17489542 0.72991043 0.7243734 0.7113522 0.7241107 0.73923063 0.7110941 0.70774645 0.5575939 0.27008206 0.1591527 0.17603265 0.16150555 0.15927635 0.16162959 0.0267722 0 0.54860425 0.54528654 0.17451672 0.27757347 0.1740121 1.0305767 1.0180373 1.0317632 0.27815285 0.27526045 0.5393104
0.30260032 0.45330298 0.5536084 0.7013504 0.7062064 0.70415795 0.7049255 0.7173139 0.7110941 0.70697606 0.08448469 0.5438397 0.5544457 0.54860425 0.55801463 0.5531901 0.5586462 0.54902 0.54860425 0 0.017912205 0.5492279 0.5582251 0.5481887 1.0034139 0.9977191 1.001891 0.5559132 0.5559132 0.44946945
0.29991055 0.44837776 0.5488121 0.69804585 0.7049255 0.6998234 0.7026252 0.714716 0.70595 0.7023701 0.08057756 0.5391052 0.5502686 0.5428079 0.5542363 0.547981 0.5531901 0.54611456 0.54528654 0.017912205 0 0.5419835 0.5531901 0.54095423 0.9958304 0.99056727 0.99545324 0.55131066 0.55006033 0.44511214
0.5552839 0.5374654 0.1218892 0.72253674 0.7243734 0.7026252 0.72044325 0.7344229 0.70748955 0.7018601 0.556543 0.26650688 0.17565337 0.06286237 0.17451672 0.17363384 0.1752743 0.17124271 0.17451672 0.5492279 0.5419835 0 0.2746833 0.002504176 1.0072346 0.9842255 0.9946995 0.27367437 0.27151692 0.5374654
0.5573836 0.5448729 0.27699456 0.7241107 0.7312348 0.72253674 0.7338906 0.7478545 0.723061 0.71783453 0.5630822 0.24957931 0.2749718 0.2739625 0.27526045 0.27338633 0.2788777 0.27511612 0.27757347 0.5582251 0.5531901 0.2746833 0 0.27425072 1.0219333 1.0072346 1.0076177 0.27931294 0.27295452 0.5374654
0.5544457 0.5360335 0.12118365 0.72253674 0.7243734 0.7023701 0.72018194 0.7341567 0.7072328 0.7013504 0.5557034 0.2657939 0.17514798 0.06286237 0.17476916 0.17312981 0.1750217 0.17074028 0.1740121 0.5481887 0.54095423 0.002504176 0.27425072 0 1.0064689 0.9838541 0.99545324 0.2738184 0.2713733 0.53644234
0.9980974 0.9860852 1.0365276 0.99658537 1.0076177 0.98125964 1.0130024 1.0137748 0.99169195 0.9764649 1.0157093 0.9950763 1.005704 1.01146 1.0110749 1.0149349 1.0211525 1.0282096 1.0305767 1.0034139 0.9958304 1.0072346 1.0219333 1.0064689 0 0.17894675 0.18378629 1.0377234 1.0238891 0.9872032
0.9920673 0.96769285 1.0122308 0.98832285 1.0076177 0.97170067 0.99658537 1.005704 0.9831119 0.96769285 1.0095364 0.97941184 0.982 0.98348296 0.9946995 0.9946995 0.99999183 1.0137748 1.0180373 0.9977191 0.99056727 0.9842255 1.0072346 0.9838541 0.17894675 0 0.16523567 1.0126165 0.99885464 0.9680563
0.9943229 0.9746289 1.0266355 0.9816297 0.98794943 0.9838541 0.9931942 1.0003713 0.99281836 0.9779369 1.0053219 0.98645765 0.99169195 1.0011308 1.0022715 1.0049399 1.0130024 1.0270288 1.0317632 1.001891 0.99545324 0.9946995 1.0076177 0.99545324 0.18378629 0.16523567 0 1.0133885 1.0003713 0.9775687
0.5506852 0.5477734 0.27511612 0.7267414 0.72779626 0.718095 0.7330929 0.7397667 0.718095 0.7170537 0.55885684 0.26893613 0.27656063 0.27612698 0.27829775 0.27670524 0.28134742 0.27656063 0.27815285 0.5559132 0.55131066 0.27367437 0.27931294 0.2738184 1.0377234 1.0126165 1.0133885 0 0.14119436 0.5403374
0.5438397 0.5389 0.27583802 0.71627367 0.71887696 0.71367943 0.72384816 0.7344229 0.714716 0.71006244 0.5628704 0.2712297 0.2738184 0.2746833 0.27324238 0.2699387 0.2743949 0.27367437 0.27526045 0.5559132 0.55006033 0.27151692 0.27295452 0.2713733 1.0238891 0.99885464 1.0003713 0.14119436 0 0.53664684
0.43952116 0.1425234 0.5430141 0.70748955 0.71186876 0.6867182 0.70364666 0.71601385 0.69022405 0.6834774 0.45293704 0.54425275 0.5352165 0.5384899 0.5448729 0.5426017 0.5444594 0.537056 0.5393104 0.44946945 0.44511214 0.5374654 0.5374654 0.53644234 0.9872032 0.9680563 0.9775687 0.5403374 0.53664684 0
