0 1.0005284617 0.9862566917 0.9982569317 1.0104522917 1.0123758917 0.6532097917 0.4634259717 0.6544039317 0.6513032417 0.9963691317 1.0070021917 1.0009077217 1.0020466917 1.0062377917 0.4665822917 0.4665822917 1.0066198917 1.0070021917 0.9818055917 0.9810662917 0.9777484917 1.0100681917 0.9784845917 0.6606439417 0.6479783917 0.6376235917 0.6318033417 0.6348242917 1.0005284617
1.0005284617 0 0.9592200917 0.9567123917 0.6606439417 0.6647522517 1.0205090917 1.0024267917 1.0283380917 1.0236309917 0.9722512917 0.9726165617 0.9792212917 0.9628172617 0.9660694917 1.0001494317 1.0001494317 0.9959921917 0.9959921917 0.9570700617 0.9570700617 0.9653454917 0.9873735417 0.9649838317 1.0177882917 1.0043297917 1.0035678917 1.0081504917 1.0070021917 0.3050147317
0.9862566917 0.9592200917 0 0.2773319517 0.9559973517 0.9453538917 1.0119907917 1.0020466917 1.0127610917 1.0146906917 0.7624468917 0.7766586917 0.7635518917 0.7674321617 0.7704950917 0.9990132917 0.9993918617 0.7803248217 0.7800421917 0.7635518917 0.7632754917 0.7702160917 0.7660440317 0.7707741317 1.0066198917 0.9982569317 1.0150770917 0.9952387917 1.0208986917 0.9467642917
0.9982569317 0.9567123917 0.2773319517 0 0.9617362917 0.9545694917 1.0342638917 1.0228491917 1.0318878917 1.0322832917 0.7632754917 0.7840089917 0.7679881517 0.7668765917 0.7668765917 1.0174003917 1.0189531917 0.7766586917 0.7755342917 0.7602417917 0.7605171317 0.7657667417 0.7710532917 0.7663214317 1.0291254917 1.0150770917 1.0358519917 1.0035678917 1.0224587917 0.9577860917
1.0104522917 0.6606439417 0.9559973517 0.9617362917 0 0.0662835217000001 0.9929831917 0.9832863317 0.9967462917 0.9933585917 0.9843988517 0.9737132917 0.9892387417 0.9696996917 0.9733475517 0.9851413917 0.9858847317 0.9825455917 0.9832863317 0.9751781317 0.9748116917 0.9806969217 0.9810662917 0.9795899417 1.0374434917 1.0287315917 0.9829158917 0.9733475517 0.9896123517 0.6696144917
1.0123758917 0.6647522517 0.9453538917 0.9545694917 0.0662835217000001 0 0.9836569917 0.9862566917 0.9877462417 0.9847699917 0.9799587917 0.9704277917 0.9840277917 0.9682454917 0.9700636917 0.9888653217 0.9892387417 0.9829158917 0.9836569917 0.9759116217 0.9755447917 0.9858847317 0.9781164617 0.9847699917 1.0263731917 1.0177882917 0.9766458917 0.9653454917 0.9740792617 0.6718128417
0.6532097917 1.0205090917 1.0119907917 1.0342638917 0.9929831917 0.9836569917 0 0.6331961217 0.0428676147000001 0.0437141167000001 0.9956153917 1.0131466917 0.9997705317 0.9855129917 0.9903600917 0.6331961217 0.6336608917 1.0338672917 1.0342638917 1.0016668917 1.0001494317 0.9840277917 1.0112211917 0.9836569917 0.6645099617 0.6749995917 0.3552608917 0.3780589817 0.3882133917 1.0390382917
0.4634259717 1.0024267917 1.0020466917 1.0228491917 0.9832863317 0.9862566917 0.6331961217 0 0.6327315917 0.6313396917 0.9840277917 0.9840277917 0.9840277917 1.0001494317 1.0039487917 0.0427618687000001 0.0430791517000001 1.0295194917 1.0303080917 0.9851413917 0.9866287917 0.9740792617 1.0108365917 0.9740792617 0.6618499217 0.6508273517 0.6161968917 0.6146086517 0.6306446917 1.0119907917
0.6544039317 1.0283380917 1.0127610917 1.0318878917 0.9967462917 0.9877462417 0.0428676147000001 0.6327315917 0 0.0276880917000001 1.0050923917 1.0143043917 1.0073847917 0.9918578917 0.9975012617 0.6334284617 0.6338934417 1.0378418917 1.0382403917 1.0050923917 1.0035678917 0.9918578917 1.0154638917 0.9914831617 0.6654795517 0.6754910917 0.3586367117 0.3790516917 0.3882133917 1.0386392917
0.6513032417 1.0236309917 1.0146906917 1.0322832917 0.9933585917 0.9847699917 0.0437141167000001 0.6313396917 0.0276880917000001 0 1.0127610917 1.0193418917 1.0154638917 0.9941100917 0.9997705317 0.6311079317 0.6320352917 1.0394376917 1.0398370917 1.0104522917 1.0089169917 0.9967462917 1.0193418917 0.9963691317 0.6649945917 0.6732819917 0.3570272717 0.3793829117 0.3867065417 1.0374434917
0.9963691317 0.9722512917 0.7624468917 0.7632754917 0.9843988517 0.9799587917 0.9956153917 0.9840277917 1.0050923917 1.0127610917 0 0.3667361517 0.0182138467000001 0.2067435317 0.2079286817 0.9862566917 0.9855129917 0.6959242917 0.6966824617 0.6934023917 0.6926475217 0.6923960517 0.3673878917 0.6921446417 1.0085335917 1.0275513917 1.0170125917 0.9759116217 0.9873735417 0.9646222917
1.0070021917 0.9726165617 0.7766586917 0.7840089917 0.9737132917 0.9704277917 1.0131466917 0.9840277917 1.0143043917 1.0193418917 0.3667361517 0 0.3690197517 0.3731150117 0.3741011917 0.9825455917 0.9832863317 0.6916420917 0.6918933417 0.7045625517 0.7037963317 0.7007392917 0.3654343517 0.7004850617 0.9993918617 1.0024267917 1.0096841917 0.9781164617 0.9825455917 0.9642609417
1.0009077217 0.9792212917 0.7635518917 0.7679881517 0.9892387417 0.9840277917 0.9997705317 0.9840277917 1.0073847917 1.0154638917 0.0182138467000001 0.3690197517 0 0.2085878917 0.2091156917 0.9870010917 0.9862566917 0.6959242917 0.6964296917 0.6961768917 0.6954191917 0.6939060917 0.3698370217 0.6936541917 1.0146906917 1.0318878917 1.0216782917 0.9795899417 0.9937342517 0.9696996917
1.0020466917 0.9628172617 0.7674321617 0.7668765917 0.9696996917 0.9682454917 0.9855129917 1.0001494317 0.9918578917 0.9941100917 0.2067435317 0.3731150117 0.2085878917 0 0.00764599770000006 1.0031873917 1.0012871917 0.7012479417 0.7007392917 0.7060973917 0.7048181317 0.6979478917 0.3704914917 0.6979478917 0.9997705317 1.0066198917 1.0005284617 0.9832863317 0.9862566917 0.9545694917
1.0062377917 0.9660694917 0.7704950917 0.7668765917 0.9733475517 0.9700636917 0.9903600917 1.0039487917 0.9975012617 0.9997705317 0.2079286817 0.3741011917 0.2091156917 0.00764599770000006 0 1.0066198917 1.0054739917 0.7025210317 0.7020115317 0.7084054417 0.7071222917 0.7022662917 0.3704914917 0.7022662917 1.0050923917 1.0100681917 1.0062377917 0.9896123517 0.9922327417 0.9588613617
0.4665822917 1.0001494317 0.9990132917 1.0174003917 0.9851413917 0.9888653217 0.6331961217 0.0427618687000001 0.6334284617 0.6311079317 0.9862566917 0.9825455917 0.9870010917 1.0031873917 1.0066198917 0 0.00673843470000006 1.0212883917 1.0220683917 0.9840277917 0.9847699917 0.9678823917 1.0127610917 0.9678823917 0.6606439417 0.6536872417 0.6214392917 0.6143820317 0.6269489617 1.0193418917
0.4665822917 1.0001494317 0.9993918617 1.0189531917 0.9858847317 0.9892387417 0.6336608917 0.0430791517000001 0.6338934417 0.6320352917 0.9855129917 0.9832863317 0.9862566917 1.0012871917 1.0054739917 0.00673843470000006 0 1.0220683917 1.0228491917 0.9843988517 0.9855129917 0.9667940917 1.0116058917 0.9667940917 0.6604029617 0.6532097917 0.6205249517 0.6143820317 0.6271793917 1.0197307917
1.0066198917 0.9959921917 0.7803248217 0.7766586917 0.9825455917 0.9829158917 1.0338672917 1.0295194917 1.0378418917 1.0394376917 0.6959242917 0.6916420917 0.6959242917 0.7012479417 0.7025210317 1.0212883917 1.0220683917 0 0.00342006770000006 0.4944439917 0.4940578917 0.5014279917 0.6956716917 0.5012330917 0.9967462917 1.0096841917 1.0135323917 0.9941100917 1.0054739917 0.9784845917
1.0070021917 0.9959921917 0.7800421917 0.7755342917 0.9832863317 0.9836569917 1.0342638917 1.0303080917 1.0382403917 1.0398370917 0.6966824617 0.6918933417 0.6964296917 0.7007392917 0.7020115317 1.0220683917 1.0228491917 0.00342006770000006 0 0.4942509317 0.4938649317 0.5014279917 0.6956716917 0.5012330917 0.9978789917 1.0085335917 1.0131466917 0.9941100917 1.0058557917 0.9788527917
0.9818055917 0.9570700617 0.7635518917 0.7602417917 0.9751781317 0.9759116217 1.0016668917 0.9851413917 1.0050923917 1.0104522917 0.6934023917 0.7045625517 0.6961768917 0.7060973917 0.7084054417 0.9840277917 0.9843988517 0.4944439917 0.4942509317 0 0.00231720000000006 0.2430006917 0.7050738417 0.2431388117 1.0012871917 1.0154638917 1.0228491917 0.9832863317 0.9877462417 0.9592200917
0.9810662917 0.9570700617 0.7632754917 0.7605171317 0.9748116917 0.9755447917 1.0001494317 0.9866287917 1.0035678917 1.0089169917 0.6926475217 0.7037963317 0.6954191917 0.7048181317 0.7071222917 0.9847699917 0.9855129917 0.4940578917 0.4938649317 0.00231720000000006 0 0.2431388117 0.7043070917 0.2432769417 1.0001494317 1.0131466917 1.0216782917 0.9818055917 0.9877462417 0.9585027917
0.9777484917 0.9653454917 0.7702160917 0.7657667417 0.9806969217 0.9858847317 0.9840277917 0.9740792617 0.9918578917 0.9967462917 0.6923960517 0.7007392917 0.6939060917 0.6979478917 0.7022662917 0.9678823917 0.9667940917 0.5014279917 0.5014279917 0.2430006917 0.2431388117 0 0.7022662917 0.00131599840000006 0.9971236917 0.9918578917 1.0077675917 0.9733475517 0.9829158917 0.9642609417
1.0100681917 0.9873735417 0.7660440317 0.7710532917 0.9810662917 0.9781164617 1.0112211917 1.0108365917 1.0154638917 1.0193418917 0.3673878917 0.3654343517 0.3698370217 0.3704914917 0.3704914917 1.0127610917 1.0116058917 0.6956716917 0.6956716917 0.7050738417 0.7043070917 0.7022662917 0 0.7017568917 1.0009077217 1.0123758917 1.0279446917 1.0070021917 1.0062377917 0.9788527917
0.9784845917 0.9649838317 0.7707741317 0.7663214317 0.9795899417 0.9847699917 0.9836569917 0.9740792617 0.9914831617 0.9963691317 0.6921446417 0.7004850617 0.6936541917 0.6979478917 0.7022662917 0.9678823917 0.9667940917 0.5012330917 0.5012330917 0.2431388117 0.2432769417 0.00131599840000006 0.7017568917 0 0.9971236917 0.9926078417 1.0081504917 0.9737132917 0.9832863317 0.9635386917
0.6606439417 1.0177882917 1.0066198917 1.0291254917 1.0374434917 1.0263731917 0.6645099617 0.6618499217 0.6654795517 0.6649945917 1.0085335917 0.9993918617 1.0146906917 0.9997705317 1.0050923917 0.6606439417 0.6604029617 0.9967462917 0.9978789917 1.0012871917 1.0001494317 0.9971236917 1.0009077217 0.9971236917 0 0.3560632917 0.6482153617 0.6496389617 0.6620913917 1.0283380917
0.6479783917 1.0043297917 0.9982569317 1.0150770917 1.0287315917 1.0177882917 0.6749995917 0.6508273517 0.6754910917 0.6732819917 1.0275513917 1.0024267917 1.0318878917 1.0066198917 1.0100681917 0.6536872417 0.6532097917 1.0096841917 1.0085335917 1.0154638917 1.0131466917 0.9918578917 1.0123758917 0.9926078417 0.3560632917 0 0.6654795517 0.6520176617 0.6681524917 1.0201198917
0.6376235917 1.0035678917 1.0150770917 1.0358519917 0.9829158917 0.9766458917 0.3552608917 0.6161968917 0.3586367117 0.3570272717 1.0170125917 1.0096841917 1.0216782917 1.0005284617 1.0062377917 0.6214392917 0.6205249517 1.0135323917 1.0131466917 1.0228491917 1.0216782917 1.0077675917 1.0279446917 1.0081504917 0.6482153617 0.6654795517 0 0.3775631217 0.3895553717 1.0244133917
0.6318033417 1.0081504917 0.9952387917 1.0035678917 0.9733475517 0.9653454917 0.3780589817 0.6146086517 0.3790516917 0.3793829117 0.9759116217 0.9781164617 0.9795899417 0.9832863317 0.9896123517 0.6143820317 0.6143820317 0.9941100917 0.9941100917 0.9832863317 0.9818055917 0.9733475517 1.0070021917 0.9737132917 0.6496389617 0.6520176617 0.3775631217 0 0.3255431117 1.0208986917
0.6348242917 1.0070021917 1.0208986917 1.0224587917 0.9896123517 0.9740792617 0.3882133917 0.6306446917 0.3882133917 0.3867065417 0.9873735417 0.9825455917 0.9937342517 0.9862566917 0.9922327417 0.6269489617 0.6271793917 1.0054739917 1.0058557917 0.9877462417 0.9877462417 0.9829158917 1.0062377917 0.9832863317 0.6620913917 0.6681524917 0.3895553717 0.3255431117 0 1.0307026917
1.0005284617 0.3050147317 0.9467642917 0.9577860917 0.6696144917 0.6718128417 1.0390382917 1.0119907917 1.0386392917 1.0374434917 0.9646222917 0.9642609417 0.9696996917 0.9545694917 0.9588613617 1.0193418917 1.0197307917 0.9784845917 0.9788527917 0.9592200917 0.9585027917 0.9642609417 0.9788527917 0.9635386917 1.0283380917 1.0201198917 1.0244133917 1.0208986917 1.0307026917 0
