0 0.81382793 0.8293787 1.0231062 1.0133885 0.63857985 0.5421895 0.5481887 0.54116 0.8278694 0.83788776 0.64516914 1.0091523 1.000751 0.6262635 0.6334428 0.5393104 0.63834554 0.6364741 0.8339251 0.82455945 0.5393104 0.5533992 0.5403374 0.84587634 0.6339084 0.83911127 0.8212641 1.005704 0.82276016
0.81382793 0 0.46158424 0.98869646 0.98832285 0.8381934 0.82066643 0.83149695 0.83301365 0.4652944 0.46380812 0.82395923 1.015322 0.99169195 0.81353205 0.8221614 0.8242593 0.8284728 0.82877463 0.45992067 0.45826077 0.82455945 0.81977093 0.82186216 0.46678358 0.8266641 0.44312346 0.45440188 0.9808897 0.14798503
0.8293787 0.46158424 0 1.0030329 1.005704 0.8345334 0.85645306 0.8611671 0.8592779 0.15545265 0.15841123 0.82998335 1.0172604 1.002652 0.84340924 0.8455675 0.85613984 0.828171 0.82877463 0.45642072 0.45513538 0.8573935 0.84402525 0.85363877 0.4604748 0.8486616 0.48165047 0.47540435 1.000751 0.45147505
1.0231062 0.98869646 1.0030329 0 0.1288627 1.018426 1.0049399 0.9943229 1.0083846 0.97499573 1.0103053 1.0262426 0.35530797 0.35901088 0.99923354 0.99961257 1.0037951 0.99545324 1.0011308 1.0037951 0.9980974 1.0072346 0.97941184 1.01146 1.0274222 0.99658537 1.001891 1.0080011 0.19771379 0.9924427
1.0133885 0.98832285 1.005704 0.1288627 0 1.014548 0.99734104 1.0003713 1.0130024 0.9808897 1.0045581 1.0219333 0.35482633 0.3614357 1.005704 1.0064689 0.9950763 0.9860852 0.9901927 1.002652 0.99885464 1.005704 0.9698763 1.0076177 1.0223241 1.0076177 0.99056727 1.0072346 0.19940782 0.99131685
0.63857985 0.8381934 0.8345334 1.018426 1.014548 0 0.6374092 0.6442242 0.6430448 0.829681 0.83331734 0.51786304 1.0076177 0.9924427 0.5444594 0.55256313 0.62880313 0.11778281 0.12059619 0.8505242 0.8514572 0.62926584 0.6378772 0.62903446 0.86559373 0.5554936 0.8468036 0.84402525 1.0133885 0.83210325
0.5421895 0.82066643 0.85645306 1.0049399 0.99734104 0.6374092 0 0.2548985 0.25630456 0.8486616 0.86274505 0.63228023 0.9901927 0.9779369 0.6283408 0.6332101 0.12165394 0.6378772 0.6409265 0.8486616 0.84587634 0.12153634 0.42722434 0.12118365 0.8480418 0.6376432 0.83911127 0.82485974 0.9939465 0.82485974
0.5481887 0.83149695 0.8611671 0.9943229 1.0003713 0.6442242 0.2548985 0 0.12165394 0.84340924 0.85864925 0.632745 0.9901927 0.97499573 0.63811135 0.64257354 0.2519543 0.63460726 0.6367077 0.8480418 0.84587634 0.25307453 0.42176464 0.25265422 0.84587634 0.64163196 0.85363877 0.84125715 0.990942 0.829681
0.54116 0.83301365 0.8592779 1.0083846 1.0130024 0.6430448 0.25630456 0.12165394 0 0.84156424 0.8567664 0.6376432 1.0030329 0.99658537 0.6348403 0.63998693 0.25307453 0.6332101 0.6350735 0.84125715 0.8375822 0.2540561 0.42211568 0.25349504 0.85207987 0.64328057 0.85645306 0.83483773 1.0041765 0.83331734
0.8278694 0.4652944 0.15545265 0.97499573 0.9808897 0.829681 0.8486616 0.84340924 0.84156424 0 0.11183919 0.82485974 0.99885464 0.9853408 0.8351422 0.8366663 0.84525883 0.82305974 0.82395923 0.4575242 0.45421863 0.84525883 0.8284728 0.84495026 0.4586293 0.83605623 0.47823706 0.4752159 0.9827411 0.45184028
0.83788776 0.46380812 0.15841123 1.0103053 1.0045581 0.83331734 0.86274505 0.85864925 0.8567664 0.11183919 0 0.83849925 1.0238891 1.0060863 0.8508351 0.8573935 0.8605368 0.8224607 0.8251602 0.46195444 0.45918247 0.8602219 0.84217876 0.8592779 0.4566045 0.84095025 0.47823706 0.4746508 1.01146 0.45019814
0.64516914 0.82395923 0.82998335 1.0262426 1.0219333 0.51786304 0.63228023 0.632745 0.6376432 0.82485974 0.83849925 0 1.0045581 0.9924427 0.5344004 0.5426017 0.6262635 0.513091 0.5140827 0.84156424 0.83911127 0.62903446 0.6369415 0.6318157 0.84279376 0.549644 0.8366663 0.82907665 1.0172604 0.81323624
1.0091523 1.015322 1.0172604 0.35530797 0.35482633 1.0076177 0.9901927 0.9901927 1.0030329 0.99885464 1.0238891 1.0045581 0 0.09213437 0.98832285 0.99545324 0.98757625 0.9853408 0.9920673 1.019204 1.0172604 0.9898184 0.99357027 0.9931942 1.0238891 0.9980974 1.0137748 1.0199828 0.354345 1.0118452
1.000751 0.99169195 1.002652 0.35901088 0.3614357 0.9924427 0.9779369 0.97499573 0.99658537 0.9853408 1.0060863 0.9924427 0.09213437 0 0.9801504 0.9842255 0.97720057 0.96841997 0.9779369 1.0076177 1.005704 0.9775687 0.97720057 0.9827411 1.0037951 0.9831119 0.9977191 1.0103053 0.3601415 0.9898184
0.6262635 0.81353205 0.84340924 0.99923354 1.005704 0.5444594 0.6283408 0.63811135 0.6348403 0.8351422 0.8508351 0.5344004 0.98832285 0.9801504 0 0.05528873 0.62235546 0.5421895 0.54425275 0.8293787 0.8278694 0.6311194 0.6332101 0.6297288 0.83301365 0.3122429 0.83727676 0.84310144 0.98645765 0.812645
0.6334428 0.8221614 0.8455675 0.99961257 1.0064689 0.55256313 0.6332101 0.64257354 0.63998693 0.8366663 0.8573935 0.5426017 0.99545324 0.9842255 0.05528873 0 0.62810963 0.5502686 0.55110216 0.8375822 0.83422923 0.6336756 0.63811135 0.6343742 0.83301365 0.31497735 0.84587634 0.8495923 0.99131685 0.8191745
0.5393104 0.8242593 0.85613984 1.0037951 0.9950763 0.62880313 0.12165394 0.2519543 0.25307453 0.84525883 0.8605368 0.6262635 0.98757625 0.97720057 0.62235546 0.62810963 0 0.624192 0.6255724 0.83636117 0.83483773 0.04821725 0.42440146 0.04875064 0.84587634 0.6406915 0.8424862 0.82546073 0.9977191 0.8266641
0.63834554 0.8284728 0.828171 0.99545324 0.9860852 0.11778281 0.6378772 0.63460726 0.6332101 0.82305974 0.8224607 0.513091 0.9853408 0.96841997 0.5421895 0.5502686 0.624192 0 0.03479478 0.84433347 0.84217876 0.62603307 0.6378772 0.6269553 0.85707986 0.55089366 0.84340924 0.8327101 0.97978103 0.81353205
0.6364741 0.82877463 0.82877463 1.0011308 0.9901927 0.12059619 0.6409265 0.6367077 0.6350735 0.82395923 0.8251602 0.5140827 0.9920673 0.9779369 0.54425275 0.55110216 0.6255724 0.03479478 0 0.84156424 0.8400302 0.62649405 0.63928306 0.62810963 0.85520095 0.5481887 0.8406434 0.83331734 0.98794943 0.81590265
0.8339251 0.45992067 0.45642072 1.0037951 1.002652 0.8505242 0.8486616 0.8480418 0.84125715 0.4575242 0.46195444 0.84156424 1.019204 1.0076177 0.8293787 0.8375822 0.83636117 0.84433347 0.84156424 0 0.022638248 0.8446418 0.83941746 0.84711295 0.3702306 0.8455675 0.4771027 0.4769138 0.9943229 0.45605326
0.82455945 0.45826077 0.45513538 0.9980974 0.99885464 0.8514572 0.84587634 0.84587634 0.8375822 0.45421863 0.45918247 0.83911127 1.0172604 1.005704 0.8278694 0.83422923 0.83483773 0.84217876 0.8400302 0.022638248 0 0.84033674 0.83331734 0.84279376 0.36745068 0.8424862 0.47370988 0.47370988 0.9958304 0.4555024
0.5393104 0.82455945 0.8573935 1.0072346 1.005704 0.62926584 0.12153634 0.25307453 0.2540561 0.84525883 0.8602219 0.62903446 0.9898184 0.9775687 0.6311194 0.6336756 0.04821725 0.62603307 0.62649405 0.8446418 0.84033674 0 0.42194015 0.023979284 0.8483516 0.64280915 0.84340924 0.82485974 1.0072346 0.8269652
0.5533992 0.81977093 0.84402525 0.97941184 0.9698763 0.6378772 0.42722434 0.42176464 0.42211568 0.8284728 0.84217876 0.6369415 0.99357027 0.97720057 0.6332101 0.63811135 0.42440146 0.6378772 0.63928306 0.83941746 0.83331734 0.42194015 0 0.4205373 0.83483773 0.63834554 0.8336212 0.83089113 0.982 0.80910724
0.5403374 0.82186216 0.85363877 1.01146 1.0076177 0.62903446 0.12118365 0.25265422 0.25349504 0.84495026 0.8592779 0.6318157 0.9931942 0.9827411 0.6297288 0.6343742 0.04875064 0.6269553 0.62810963 0.84711295 0.84279376 0.023979284 0.4205373 0 0.84587634 0.63881415 0.84279376 0.8212641 1.0080011 0.8242593
0.84587634 0.46678358 0.4604748 1.0274222 1.0223241 0.86559373 0.8480418 0.84587634 0.85207987 0.4586293 0.4566045 0.84279376 1.0238891 1.0037951 0.83301365 0.83301365 0.84587634 0.85707986 0.85520095 0.3702306 0.36745068 0.8483516 0.83483773 0.84587634 0 0.8461853 0.47804788 0.47634742 1.0103053 0.4575242
0.6339084 0.8266641 0.8486616 0.99658537 1.0076177 0.5554936 0.6376432 0.64163196 0.64328057 0.83605623 0.84095025 0.549644 0.9980974 0.9831119 0.3122429 0.31497735 0.6406915 0.55089366 0.5481887 0.8455675 0.8424862 0.64280915 0.63834554 0.63881415 0.8461853 0 0.84310144 0.83788776 0.99281836 0.81828076
0.83911127 0.44312346 0.48165047 1.001891 0.99056727 0.8468036 0.83911127 0.85363877 0.85645306 0.47823706 0.47823706 0.8366663 1.0137748 0.9977191 0.83727676 0.84587634 0.8424862 0.84340924 0.8406434 0.4771027 0.47370988 0.84340924 0.8336212 0.84279376 0.47804788 0.84310144 0 0.2868976 0.99545324 0.4345068
0.8212641 0.45440188 0.47540435 1.0080011 1.0072346 0.84402525 0.82485974 0.84125715 0.83483773 0.4752159 0.4746508 0.82907665 1.0199828 1.0103053 0.84310144 0.8495923 0.82546073 0.8327101 0.83331734 0.4769138 0.47370988 0.82485974 0.83089113 0.8212641 0.47634742 0.83788776 0.2868976 0 1.005704 0.44475016
1.005704 0.9808897 1.000751 0.19771379 0.19940782 1.0133885 0.9939465 0.990942 1.0041765 0.9827411 1.01146 1.0172604 0.354345 0.3601415 0.98645765 0.99131685 0.9977191 0.97978103 0.98794943 0.9943229 0.9958304 1.0072346 0.982 1.0080011 1.0103053 0.99281836 0.99545324 1.005704 0 0.9831119
0.82276016 0.14798503 0.45147505 0.9924427 0.99131685 0.83210325 0.82485974 0.829681 0.83331734 0.45184028 0.45019814 0.81323624 1.0118452 0.9898184 0.812645 0.8191745 0.8266641 0.81353205 0.81590265 0.45605326 0.4555024 0.8269652 0.80910724 0.8242593 0.4575242 0.81828076 0.4345068 0.44475016 0.9831119 0
