0 0.8088132 0.8179831 0.9857129 0.8212641 0.80851924 0.81709075 0.8082254 0.9790429 0.9713354 0.811759 0.98348296 0.8038317 0.82455945 0.82395923 0.81828076 0.81857854 0.8096957 0.80910724 0.9655158 0.9669665 0.81977093 0.9680563 0.8191745 0.9860852 0.8203678 0.8156059 0.9655158 0.9962078 0.98496884
0.8088132 0 0.27656063 0.99885464 0.27526045 0.26965213 0.27858767 0.27008206 0.99131685 0.99056727 0.26593643 0.9939465 0.26451218 0.27338633 0.2754048 0.27627152 0.27641606 0.2657939 0.26622158 0.98794943 0.99281836 0.27281064 0.9816297 0.27166054 0.98832285 0.6682109 0.6652917 0.9958304 0.98645765 1.0126165
0.8179831 0.27656063 0 1.0234975 0.2589834 0.2565861 0.25785428 0.2806202 1.002652 1.0083846 0.27526045 1.005704 0.2749718 0.25912464 0.26025566 0.2589834 0.25884217 0.2743949 0.27526045 1.0060863 1.0072346 0.25743133 0.9946995 0.25644532 1.0041765 0.6760516 0.67089695 1.0099207 1.015322 1.0313674
0.9857129 0.99885464 1.0234975 0 1.0180373 1.0083846 1.0180373 1.0262426 0.88226825 0.8858435 1.0053219 0.87677604 1.0164845 1.0234975 1.0172604 1.0417235 1.0401208 1.0126165 1.0126165 0.2337079 0.23316185 1.0215429 0.8530148 1.019204 0.87613255 0.99847597 1.0053219 0.34970793 0.8729233 0.28222105
0.8212641 0.27526045 0.2589834 1.0180373 0 0.24679483 0.24818578 0.2784427 1.0091523 1.0118452 0.27757347 1.0087683 0.27526045 0.18161736 0.1818722 0.18340309 0.18136261 0.27786312 0.27902275 1.002652 1.0080011 0.1790737 0.9958304 0.178566 1.0087683 0.6770375 0.6772841 1.0015109 1.0045581 1.019204
0.80851924 0.26965213 0.2565861 1.0083846 0.24679483 0 0.17691834 0.27338633 1.0091523 1.0141612 0.27237916 1.0188149 0.26879302 0.25027704 0.24874288 0.25097546 0.2504167 0.27367437 0.2743949 1.0003713 1.0045581 0.24623917 0.99847597 0.24665588 1.0049399 0.6748211 0.6782716 1.001891 1.0068517 1.0168724
0.81709075 0.27858767 0.25785428 1.0180373 0.24818578 0.17691834 0 0.27237916 0.9958304 1.0030329 0.2741066 1.0095364 0.267792 0.25055632 0.2493004 0.24916099 0.24874288 0.2743949 0.2754048 1.0219333 1.0207624 0.24693382 1.0011308 0.24707282 1.0141612 0.6626257 0.6807461 1.0083846 1.0133885 1.0353336
0.8082254 0.27008206 0.2806202 1.0262426 0.2784427 0.27338633 0.27237916 0 1.0095364 1.0110749 0.15520664 1.0099207 0.15299605 0.2768499 0.2768499 0.27757347 0.27583802 0.15705377 0.15693049 1.0122308 1.015322 0.27324238 0.99131685 0.27425072 1.0246727 0.67016345 0.67383814 1.0122308 1.0087683 1.0313674
0.9790429 0.99131685 1.002652 0.88226825 1.0091523 1.0091523 0.9958304 1.0095364 0 0.13506305 0.9958304 0.87581104 0.9901927 1.0087683 1.0091523 1.0246727 1.0266355 1.0091523 1.0141612 0.8729233 0.870685 1.0099207 0.87581104 1.0076177 0.8754896 1.0130024 0.99734104 0.8783872 0.28748423 0.8848668
0.9713354 0.99056727 1.0083846 0.8858435 1.0118452 1.0141612 1.0030329 1.0110749 0.13506305 0 0.99999183 0.8716434 0.98907024 1.0164845 1.0160967 1.0297868 1.0274222 1.0068517 1.0110749 0.877098 0.87581104 1.0137748 0.88064873 1.0137748 0.8842163 1.0266355 1.0041765 0.8803252 0.29086626 0.88616943
0.811759 0.26593643 0.27526045 1.0053219 0.27757347 0.27237916 0.2741066 0.15520664 0.9958304 0.99999183 0 1.001891 0.09405905 0.27526045 0.27482754 0.27713925 0.27583802 0.116146535 0.116380066 0.9943229 0.9958304 0.27309844 0.9872032 0.2718042 1.0110749 0.6696748 0.67531306 0.9939465 0.99169195 1.0234975
0.98348296 0.9939465 1.005704 0.87677604 1.0087683 1.0188149 1.0095364 1.0099207 0.87581104 0.8716434 1.001891 0 0.9931942 1.01069 1.0076177 1.0219333 1.0164845 1.0015109 0.99885464 0.864643 0.86749893 1.0126165 0.5436332 1.0060863 0.5481887 1.0215429 1.0133885 0.8800019 0.87324363 0.8874743
0.8038317 0.26451218 0.2749718 1.0164845 0.27526045 0.26879302 0.267792 0.15299605 0.9901927 0.98907024 0.09405905 0.9931942 0 0.2741066 0.27338633 0.2749718 0.27425072 0.113117166 0.11439733 0.9939465 0.9931942 0.27151692 0.9838541 0.2712297 1.01069 0.66335183 0.6643211 1.0015109 0.990942 1.0199828
0.82455945 0.27338633 0.25912464 1.0234975 0.18161736 0.25027704 0.25055632 0.2768499 1.0087683 1.0164845 0.27526045 1.01069 0.2741066 0 0.03040819 0.06941549 0.0688672 0.2756936 0.27583802 1.01069 1.0126165 0.029783625 1.0083846 0.029055621 1.0118452 0.68796843 0.6760516 1.0091523 1.0199828 1.0345387
0.82395923 0.2754048 0.26025566 1.0172604 0.1818722 0.24874288 0.2493004 0.2768499 1.0091523 1.0160967 0.27482754 1.0076177 0.27338633 0.03040819 0 0.070952825 0.0698544 0.27641606 0.27656063 1.0037951 1.0060863 0.030616496 1.0037951 0.030095844 1.0095364 0.68796843 0.67580533 1.0045581 1.0160967 1.025065
0.81828076 0.27627152 0.2589834 1.0417235 0.18340309 0.25097546 0.24916099 0.27757347 1.0246727 1.0297868 0.27713925 1.0219333 0.2749718 0.06941549 0.070952825 0 0.017400295 0.27800795 0.27771828 1.0305767 1.032159 0.068647996 1.0141612 0.06820979 1.0041765 0.68049824 0.67654437 1.0293922 1.0413225 1.0445362
0.81857854 0.27641606 0.25884217 1.0401208 0.18136261 0.2504167 0.24874288 0.27583802 1.0266355 1.0274222 0.27583802 1.0164845 0.27425072 0.0688672 0.0698544 0.017400295 0 0.27786312 0.27728397 1.0254573 1.0278157 0.06744353 1.0095364 0.06722474 1.0049399 0.68049824 0.67212105 1.0278157 1.0365276 1.0381224
0.8096957 0.2657939 0.2743949 1.0126165 0.27786312 0.27367437 0.2743949 0.15705377 1.0091523 1.0068517 0.116146535 1.0015109 0.113117166 0.2756936 0.27641606 0.27800795 0.27786312 0 0.014438084 1.000751 0.99999183 0.27482754 0.97978103 0.27453908 1.0126165 0.66359407 0.67089695 0.9894442 1.000751 1.0149349
0.80910724 0.26622158 0.27526045 1.0126165 0.27902275 0.2743949 0.2754048 0.15693049 1.0141612 1.0110749 0.116380066 0.99885464 0.11439733 0.27583802 0.27656063 0.27771828 0.27728397 0.014438084 0 0.9980974 0.99734104 0.2741066 0.9790429 0.2741066 1.0083846 0.66504896 0.67040783 0.98757625 1.0037951 1.01146
0.9655158 0.98794943 1.0060863 0.2337079 1.002652 1.0003713 1.0219333 1.0122308 0.8729233 0.877098 0.9943229 0.864643 0.9939465 1.01069 1.0037951 1.0305767 1.0254573 1.000751 0.9980974 0 0.013928539 1.0110749 0.8621135 1.0087683 0.8621135 0.99961257 0.99281836 0.34859294 0.86654574 0.27786312
0.9669665 0.99281836 1.0072346 0.23316185 1.0080011 1.0045581 1.0207624 1.015322 0.870685 0.87581104 0.9958304 0.86749893 0.9931942 1.0126165 1.0060863 1.032159 1.0278157 0.99999183 0.99734104 0.013928539 0 1.0130024 0.86148244 1.01069 0.8649598 1.000751 0.9958304 0.35034582 0.86274505 0.27931294
0.81977093 0.27281064 0.25743133 1.0215429 0.1790737 0.24623917 0.24693382 0.27324238 1.0099207 1.0137748 0.27309844 1.0126165 0.27151692 0.029783625 0.030616496 0.068647996 0.06744353 0.27482754 0.2741066 1.0110749 1.0130024 0 1.0072346 0.012401977 1.0091523 0.68571955 0.67261124 1.0053219 1.0223241 1.0329514
0.9680563 0.9816297 0.9946995 0.8530148 0.9958304 0.99847597 1.0011308 0.99131685 0.87581104 0.88064873 0.9872032 0.5436332 0.9838541 1.0083846 1.0037951 1.0141612 1.0095364 0.97978103 0.9790429 0.8621135 0.86148244 1.0072346 0 1.0060863 0.43343666 1.0199828 0.9977191 0.86749893 0.8684533 0.8602219
0.8191745 0.27166054 0.25644532 1.019204 0.178566 0.24665588 0.24707282 0.27425072 1.0076177 1.0137748 0.2718042 1.0060863 0.2712297 0.029055621 0.030095844 0.06820979 0.06722474 0.27453908 0.2741066 1.0087683 1.01069 0.012401977 1.0060863 0 1.0068517 0.6844731 0.67432946 1.0045581 1.0188149 1.0329514
0.9860852 0.98832285 1.0041765 0.87613255 1.0087683 1.0049399 1.0141612 1.0246727 0.8754896 0.8842163 1.0110749 0.5481887 1.01069 1.0118452 1.0095364 1.0041765 1.0049399 1.0126165 1.0083846 0.8621135 0.8649598 1.0091523 0.43343666 1.0068517 0 1.0469556 1.01069 0.8611671 0.8668633 0.8668633
0.8203678 0.6682109 0.6760516 0.99847597 0.6770375 0.6748211 0.6626257 0.67016345 1.0130024 1.0266355 0.6696748 1.0215429 0.66335183 0.68796843 0.68796843 0.68049824 0.68049824 0.66359407 0.66504896 0.99961257 1.000751 0.68571955 1.0199828 0.6844731 1.0469556 0 0.42475376 1.0091523 1.0095364 1.0015109
0.8156059 0.6652917 0.67089695 1.0053219 0.6772841 0.6782716 0.6807461 0.67383814 0.99734104 1.0041765 0.67531306 1.0133885 0.6643211 0.6760516 0.67580533 0.67654437 0.67212105 0.67089695 0.67040783 0.99281836 0.9958304 0.67261124 0.9977191 0.67432946 1.01069 0.42475376 0 1.0080011 0.9924427 1.002652
0.9655158 0.9958304 1.0099207 0.34970793 1.0015109 1.001891 1.0083846 1.0122308 0.8783872 0.8803252 0.9939465 0.8800019 1.0015109 1.0091523 1.0045581 1.0293922 1.0278157 0.9894442 0.98757625 0.34859294 0.35034582 1.0053219 0.86749893 1.0045581 0.8611671 1.0091523 1.0080011 0 0.87356406 0.3551474
0.9962078 0.98645765 1.015322 0.8729233 1.0045581 1.0068517 1.0133885 1.0087683 0.28748423 0.29086626 0.99169195 0.87324363 0.990942 1.0199828 1.0160967 1.0413225 1.0365276 1.000751 1.0037951 0.86654574 0.86274505 1.0223241 0.8684533 1.0188149 0.8668633 1.0095364 0.9924427 0.87356406 0 0.8787099
0.98496884 1.0126165 1.0313674 0.28222105 1.019204 1.0168724 1.0353336 1.0313674 0.8848668 0.88616943 1.0234975 0.8874743 1.0199828 1.0345387 1.025065 1.0445362 1.0381224 1.0149349 1.01146 0.27786312 0.27931294 1.0329514 0.8602219 1.0329514 0.8668633 1.0015109 1.002652 0.3551474 0.8787099 0
