0 0.629167003 0.815673173 0.810059573 0.621573773 0.888491473 0.636137373 0.639646933 0.628473503 0.629398333 0.630092673 1.009132173 0.972064543 0.877461873 0.878428623 0.946918473 0.945859423 0.969875773 0.969875773 0.621573773 0.622031773 0.626396943 0.977564443 0.627088473 0.633573973 0.618375473 0.631483273 0.625936273 0.882307933 0.646952573
0.629167003 0 0.818942413 0.828836673 0.177282213 0.899354073 0.451108973 0.451291403 0.449469253 0.179183673 0.177915503 1.065303973 1.024644673 0.895385873 0.893409533 0.974626113 0.976828773 1.021906773 1.023470073 0.439525743 0.439885033 0.102285938 1.041285573 0.102744303 0.456049843 0.448014693 0.175890863 0.157171083 0.908360233 0.460284543
0.815673173 0.818942413 0 0.079940023 0.815969773 0.881659973 0.806828723 0.814487873 0.814487873 0.807121873 0.800117873 1.033315273 0.998461273 0.889472533 0.882956433 0.962265243 0.961544373 0.999976443 1.001874773 0.815673173 0.815673173 0.816563373 1.030545473 0.815673173 0.821627973 0.806242813 0.798956913 0.812418073 0.885881673 0.818644633
0.810059573 0.828836673 0.079940023 0 0.821926943 0.888491473 0.813304413 0.817751933 0.818942413 0.813304413 0.808883113 1.034902573 0.990931143 0.895715673 0.888164803 0.969147673 0.970604703 0.995817113 0.998082973 0.820134803 0.820134803 0.825223613 1.021516373 0.824323103 0.824323103 0.808883113 0.807121873 0.821627973 0.899685723 0.826726973
0.621573773 0.177282213 0.815969773 0.821926943 0 0.893409533 0.459361923 0.457704053 0.448196373 0.066386433 0.064859163 1.056257773 1.011438773 0.900017573 0.894397073 0.972064543 0.971334273 1.011053873 1.014525073 0.440783993 0.440963913 0.175259293 1.032522873 0.175259293 0.454582503 0.442945873 0.168221703 0.176775973 0.905346143 0.463615403
0.888491473 0.899354073 0.881659973 0.888491473 0.893409533 0 0.898691273 0.906684273 0.899022623 0.897036713 0.895056113 1.012980373 1.000355703 0.064641233 0.063334988 0.933265873 0.932225873 0.998839843 0.996194273 0.899354073 0.900349473 0.895385873 1.008748473 0.896045773 0.920198133 0.884255073 0.881012603 0.901013773 0.129820523 0.912397903
0.636137373 0.451108973 0.806828723 0.813304413 0.459361923 0.898691273 0 0.058456747 0.250082693 0.463986413 0.463244573 1.045705573 0.992055823 0.896045773 0.897367373 0.970240173 0.972795533 0.992055823 0.989060333 0.246741923 0.247158703 0.452204153 1.016848373 0.452752343 0.217459953 0.253298273 0.446200473 0.454949073 0.904010473 0.099085203
0.639646933 0.451291403 0.814487873 0.817751933 0.457704053 0.906684273 0.058456747 0 0.246464193 0.462873953 0.462318313 1.047723473 0.991680723 0.904010473 0.905680473 0.970604703 0.977196473 0.993558073 0.989808073 0.242172543 0.242586793 0.449469253 1.016460573 0.450015443 0.216392143 0.249385463 0.445295023 0.451108973 0.910376373 0.097717633
0.628473503 0.449469253 0.814487873 0.818942413 0.448196373 0.899022623 0.250082693 0.246464193 0 0.452386843 0.451656353 1.034902573 0.992431173 0.895715673 0.894067773 0.969511673 0.972429913 0.986076773 0.986449073 0.051358903 0.051787166 0.445657073 1.008364973 0.445838173 0.246603043 0.202647273 0.446019313 0.449651253 0.899685723 0.253578533
0.629398333 0.179183673 0.807121873 0.813304413 0.066386433 0.897036713 0.463986413 0.462873953 0.452386843 0 0.0390444 1.059534673 1.013752373 0.898691273 0.894067773 0.975359603 0.973893333 1.013366273 1.016848373 0.446744273 0.447288503 0.177535463 1.040884973 0.177535463 0.456233473 0.450197593 0.169348303 0.180581153 0.910376373 0.469573723
0.630092673 0.177915503 0.800117873 0.808883113 0.064859163 0.895056113 0.463244573 0.462318313 0.451656353 0.0390444 0 1.055032673 1.011053873 0.897367373 0.892423373 0.966604673 0.965517473 1.011053873 1.015685873 0.446200473 0.446925653 0.176902503 1.035299973 0.176649473 0.457152233 0.448378073 0.168096633 0.178168973 0.904344133 0.469199943
1.009132173 1.065303973 1.033315273 1.034902573 1.056257773 1.012980373 1.045705573 1.047723473 1.034902573 1.059534673 1.055032673 0 0.447107033 1.002254873 1.002635373 1.015298773 1.015685873 0.447833073 0.448196373 1.028179573 1.027786073 1.059124273 0.455499253 1.059945273 1.036493273 1.032522873 1.047723473 1.051369073 1.001874773 1.048532073
0.972064543 1.024644673 0.998461273 0.990931143 1.011438773 1.000355703 0.992055823 0.991680723 0.992431173 1.013752373 1.011053873 0.447107033 0 0.990931143 0.989434113 1.005303773 1.006067873 0.026100445 0.027343368 0.992431173 0.992806573 1.016848373 0.403241073 1.018012673 0.993182233 0.986821523 1.001114873 1.004158973 0.990556573 0.998082973
0.877461873 0.895385873 0.889472533 0.895715673 0.900017573 0.064641233 0.896045773 0.904010473 0.895715673 0.898691273 0.897367373 1.002254873 0.990931143 0 0.021046448 0.937789173 0.936394473 0.988313303 0.986821523 0.893738573 0.894726473 0.898029013 1.011823873 0.898691273 0.918155423 0.881983873 0.884580173 0.902011323 0.128870413 0.903010233
0.878428623 0.893409533 0.882956433 0.888164803 0.894397073 0.063334988 0.897367373 0.905680473 0.894067773 0.894067773 0.892423373 1.002635373 0.989434113 0.021046448 0 0.941287323 0.939536173 0.987194223 0.986076773 0.892751973 0.893738573 0.893738573 1.007598473 0.894397073 0.917815573 0.882632123 0.881336173 0.896375943 0.127802973 0.904344133
0.946918473 0.974626113 0.962265243 0.969147673 0.972064543 0.933265873 0.970240173 0.970604703 0.969511673 0.975359603 0.966604673 1.015298773 1.005303773 0.937789173 0.941287323 0 0.017048079 0.998461273 1.000735173 0.956518043 0.956875973 0.979037923 1.010669173 0.979037923 0.978669273 0.961904773 0.954731073 0.968420173 0.957592273 0.973527243
0.945859423 0.976828773 0.961544373 0.970604703 0.971334273 0.932225873 0.972795533 0.977196473 0.972429913 0.973893333 0.965517473 1.015685873 1.006067873 0.936394473 0.939536173 0.017048079 0 0.999976443 1.001874773 0.959027043 0.959027043 0.980514273 1.013366273 0.980514273 0.982363873 0.963708923 0.956518043 0.969147673 0.954017473 0.977932573
0.969875773 1.021906773 0.999976443 0.995817113 1.011053873 0.998839843 0.992055823 0.993558073 0.986076773 1.013366273 1.011053873 0.447833073 0.026100445 0.988313303 0.987194223 0.998461273 0.999976443 0 0.013986851 0.987567073 0.987567073 1.013752373 0.403754613 1.014911873 0.998082973 0.984589373 1.001494673 0.998461273 0.990182273 0.998461273
0.969875773 1.023470073 1.001874773 0.998082973 1.014525073 0.996194273 0.989060333 0.989808073 0.986449073 1.016848373 1.015685873 0.448196373 0.027343368 0.986821523 0.986076773 1.000735173 1.001874773 0.013986851 0 0.989434113 0.989808073 1.016073173 0.405468873 1.017236273 0.996949243 0.984217973 1.003396773 1.002254873 0.987567073 0.995063373
0.621573773 0.439525743 0.815673173 0.820134803 0.440783993 0.899354073 0.246741923 0.242172543 0.051358903 0.446744273 0.446200473 1.028179573 0.992431173 0.893738573 0.892751973 0.956518043 0.959027043 0.987567073 0.989434113 0 0.00196558199999996 0.438269633 1.007215573 0.438448953 0.242724923 0.199510833 0.437911113 0.441684023 0.900681543 0.249246093
0.622031773 0.439885033 0.815673173 0.820134803 0.440963913 0.900349473 0.247158703 0.242586793 0.051787166 0.447288503 0.446925653 1.027786073 0.992806573 0.894726473 0.893738573 0.956875973 0.959027043 0.987567073 0.989808073 0.00196558199999996 0 0.438628303 1.007598473 0.438807713 0.243001273 0.199902163 0.437552773 0.442404823 0.901013773 0.249664273
0.626396943 0.102285938 0.816563373 0.825223613 0.175259293 0.895385873 0.452204153 0.449469253 0.445657073 0.177535463 0.176902503 1.059124273 1.016848373 0.898029013 0.893738573 0.979037923 0.980514273 1.013752373 1.016073173 0.438269633 0.438628303 0 1.031335873 0.00116429999999996 0.454216113 0.447107033 0.169974923 0.156185703 0.910376373 0.463244573
0.977564443 1.041285573 1.030545473 1.021516373 1.032522873 1.008748473 1.016848373 1.016460573 1.008364973 1.040884973 1.035299973 0.455499253 0.403241073 1.011823873 1.007598473 1.010669173 1.013366273 0.403754613 0.405468873 1.007215573 1.007598473 1.031335873 0 1.032127073 1.007215573 1.016848373 1.025428873 1.018789873 1.019957073 1.025821173
0.627088473 0.102744303 0.815673173 0.824323103 0.175259293 0.896045773 0.452752343 0.450015443 0.445838173 0.177535463 0.176649473 1.059945273 1.018012673 0.898691273 0.894397073 0.979037923 0.980514273 1.014911873 1.017236273 0.438448953 0.438807713 0.00116429999999996 1.032127073 0 0.454582503 0.446925653 0.170351133 0.156555073 0.910712873 0.463800893
0.633573973 0.456049843 0.821627973 0.824323103 0.454582503 0.920198133 0.217459953 0.216392143 0.246603043 0.456233473 0.457152233 1.036493273 0.993182233 0.918155423 0.917815573 0.978669273 0.982363873 0.998082973 0.996949243 0.242724923 0.243001273 0.454216113 1.007215573 0.454582503 0 0.246880833 0.442765493 0.453666853 0.922246373 0.221209293
0.618375473 0.448014693 0.806242813 0.808883113 0.442945873 0.884255073 0.253298273 0.249385463 0.202647273 0.450197593 0.448378073 1.032522873 0.986821523 0.881983873 0.882632123 0.961904773 0.963708923 0.984589373 0.984217973 0.199510833 0.199902163 0.447107033 1.016848373 0.446925653 0.246880833 0 0.442404823 0.445476013 0.884580173 0.255262373
0.631483273 0.175890863 0.798956913 0.807121873 0.168221703 0.881012603 0.446200473 0.445295023 0.446019313 0.169348303 0.168096633 1.047723473 1.001114873 0.884580173 0.881336173 0.954731073 0.956518043 1.001494673 1.003396773 0.437911113 0.437552773 0.169974923 1.025428873 0.170351133 0.442765493 0.442404823 0 0.174123783 0.892423373 0.454032973
0.625936273 0.157171083 0.812418073 0.821627973 0.176775973 0.901013773 0.454949073 0.451108973 0.449651253 0.180581153 0.178168973 1.051369073 1.004158973 0.902011323 0.896375943 0.968420173 0.969147673 0.998461273 1.002254873 0.441684023 0.442404823 0.156185703 1.018789873 0.156555073 0.453666853 0.445476013 0.174123783 0 0.909367603 0.460099923
0.882307933 0.908360233 0.885881673 0.899685723 0.905346143 0.129820523 0.904010473 0.910376373 0.899685723 0.910376373 0.904344133 1.001874773 0.990556573 0.128870413 0.127802973 0.957592273 0.954017473 0.990182273 0.987567073 0.900681543 0.901013773 0.910376373 1.019957073 0.910712873 0.922246373 0.884580173 0.892423373 0.909367603 0 0.913072973
0.646952573 0.460284543 0.818644633 0.826726973 0.463615403 0.912397903 0.099085203 0.097717633 0.253578533 0.469573723 0.469199943 1.048532073 0.998082973 0.903010233 0.904344133 0.973527243 0.977932573 0.998461273 0.995063373 0.249246093 0.249664273 0.463244573 1.025821173 0.463800893 0.221209293 0.255262373 0.454032973 0.460099923 0.913072973 0
