0 1.0199828 0.9924427 1.0015109 0.91711193 0.92119914 0.99961257 0.9980974 1.015322 0.62258476 0.62396216 0.9779369 0.9977191 0.99961257 0.90231323 0.8973342 0.6604514 1.0030329 1.002652 0.6442242 0.64351636 0.6542054 1.0262426 0.65660155 0.64163196 0.89667284 0.908332 1.0022715 0.6439882 0.6409265
1.0199828 0 0.6775309 0.66748005 0.98683035 1.0041765 0.6109778 0.5935663 0.59246385 1.01069 1.0118452 0.67432946 0.19771379 0.2000604 0.9977191 0.99545324 1.0313674 0.6103006 0.6132396 1.0064689 1.0083846 1.0270288 0.2857257 1.025065 1.0053219 1.0022715 0.9831119 0.6772841 1.0337447 1.0118452
0.9924427 0.6775309 0 0.18750076 0.9673296 0.98683035 0.6772841 0.6694307 0.67016345 0.98683035 0.97573 0.55991095 0.6672366 0.6713863 0.97170067 0.97352946 1.0011308 0.68173814 0.682483 0.9901927 0.98683035 0.99847597 0.66918653 0.99734104 0.9827411 0.9816297 0.9673296 0.22582883 0.9655158 0.98051995
1.0015109 0.66748005 0.18750076 0 0.98348296 1.0015109 0.67654437 0.6623838 0.6669932 0.99847597 0.9845971 0.5630822 0.671876 0.67163116 0.98645765 0.99169195 1.0160967 0.6790131 0.6812419 1.0076177 1.0064689 1.0149349 0.66577744 1.0130024 1.0037951 0.9898184 0.9764649 0.22488347 0.98794943 0.99999183
0.91711193 0.98683035 0.9673296 0.98348296 0 0.14203984 1.0049399 1.0037951 0.9943229 0.903313 0.90565103 0.9738958 0.9838541 1.000751 0.17691834 0.1762856 0.91779155 1.0041765 1.0076177 0.9013148 0.8989902 0.9096761 0.9901927 0.90933985 0.908332 0.22259256 0.21509518 0.97720057 0.91643286 0.92462224
0.92119914 1.0041765 0.98683035 1.0015109 0.14203984 0 1.0137748 1.0301816 1.0164845 0.91813165 0.92154074 1.0022715 0.9946995 1.0072346 0.18161736 0.18238215 0.93116945 1.0254573 1.030972 0.9130469 0.91169673 0.9253087 1.0110749 0.9253087 0.9242792 0.2288077 0.22124824 0.9962078 0.9353342 0.93672764
0.99961257 0.6109778 0.6772841 0.67654437 1.0049399 1.0137748 0 0.31012297 0.31482518 1.0034139 1.0083846 0.6672366 0.6112037 0.6150539 1.01146 1.0211525 1.0325551 0.11416441 0.116380066 1.0133885 1.0157093 1.0317632 0.604457 1.0274222 1.0157093 1.0137748 0.9950763 0.67261124 1.0103053 1.0103053
0.9980974 0.5935663 0.6694307 0.6623838 1.0037951 1.0301816 0.31012297 0 0.08459662 0.99357027 0.98907024 0.65972805 0.6011063 0.6008834 1.0137748 1.0176488 1.0133885 0.31269795 0.3165008 1.0238891 1.0258498 1.0110749 0.5911431 1.0083846 0.99658537 1.015322 0.99169195 0.65444463 1.0072346 0.9943229
1.015322 0.59246385 0.67016345 0.6669932 0.9943229 1.0164845 0.31482518 0.08459662 0 1.0080011 0.99734104 0.6669932 0.5997702 0.6008834 1.0034139 1.0072346 1.0180373 0.31284967 0.3163483 1.032159 1.0329514 1.0157093 0.5926842 1.0137748 1.0103053 1.0083846 0.98907024 0.6590054 1.0238891 1.0003713
0.62258476 1.01069 0.98683035 0.99847597 0.903313 0.91813165 1.0034139 0.99357027 1.0080011 0 0.090665884 0.98757625 0.9853408 0.9946995 0.89766514 0.8983274 0.33284268 1.0030329 1.0080011 0.3690847 0.3690847 0.3306638 1.0083846 0.3312857 0.3267886 0.8999856 0.89766514 0.9790429 0.3312857 0.33113015
0.62396216 1.0118452 0.97573 0.9845971 0.90565103 0.92154074 1.0083846 0.98907024 0.99734104 0.090665884 0 0.9713354 0.9838541 0.99169195 0.89766514 0.8996537 0.33659267 0.9950763 0.99923354 0.366472 0.36598316 0.33346638 1.0041765 0.33455908 0.32694325 0.89601207 0.8923881 0.97024083 0.33113015 0.3339345
0.9779369 0.67432946 0.55991095 0.5630822 0.9738958 1.0022715 0.6672366 0.65972805 0.6669932 0.98757625 0.9713354 0 0.67359257 0.67802465 0.9768326 0.9816297 1.01146 0.66602045 0.67065233 0.99545324 0.9946995 1.0015109 0.68049824 0.99847597 1.0053219 0.98907024 0.9658782 0.5628704 0.98794943 1.000751
0.9977191 0.19771379 0.6672366 0.671876 0.9838541 0.9946995 0.6112037 0.6011063 0.5997702 0.9853408 0.9838541 0.67359257 0 0.07802105 0.98869646 0.98794943 1.0045581 0.61346614 0.615281 0.99658537 0.99847597 1.0015109 0.28120193 0.9977191 0.9845971 0.9845971 0.9691478 0.6832287 1.005704 0.9827411
0.99961257 0.2000604 0.6713863 0.67163116 1.000751 1.0072346 0.6150539 0.6008834 0.6008834 0.9946995 0.99169195 0.67802465 0.07802105 0 0.9980974 0.99658537 1.0034139 0.6145999 0.6175558 0.9969631 0.99885464 1.0034139 0.28411737 0.99961257 0.9872032 1.0064689 0.9860852 0.6795078 1.0060863 0.982
0.90231323 0.9977191 0.97170067 0.98645765 0.17691834 0.18161736 1.01146 1.0137748 1.0034139 0.89766514 0.89766514 0.9768326 0.98869646 0.9980974 0 0.025840072 0.9222244 1.0160967 1.0207624 0.9059856 0.90231323 0.91643286 0.99131685 0.91779155 0.908332 0.22609913 0.21776423 0.9775687 0.9218825 0.91779155
0.8973342 0.99545324 0.97352946 0.99169195 0.1762856 0.18238215 1.0211525 1.0176488 1.0072346 0.8983274 0.8996537 0.9816297 0.98794943 0.99658537 0.025840072 0 0.92909575 1.0282096 1.033348 0.90498227 0.9019803 0.92119914 0.9931942 0.9222244 0.9127091 0.22623433 0.21722966 0.9838541 0.928061 0.92154074
0.6604514 1.0313674 1.0011308 1.0160967 0.91779155 0.93116945 1.0325551 1.0133885 1.0180373 0.33284268 0.33659267 1.01146 1.0045581 1.0034139 0.9222244 0.92909575 0 1.0227151 1.0278157 0.36941192 0.36826724 0.023463218 1.0341415 0.024289096 0.2451291 0.9301319 0.9137229 1.0118452 0.20241436 0.20149805
1.0030329 0.6103006 0.68173814 0.6790131 1.0041765 1.0254573 0.11416441 0.31269795 0.31284967 1.0030329 0.9950763 0.66602045 0.61346614 0.6145999 1.0160967 1.0282096 1.0227151 0 0.020785378 1.0160967 1.0176488 1.0219333 0.6073731 1.018426 1.0118452 1.0172604 0.99923354 0.67359257 1.0076177 0.99961257
1.002652 0.6132396 0.682483 0.6812419 1.0076177 1.030972 0.116380066 0.3165008 0.3163483 1.0080011 0.99923354 0.67065233 0.615281 0.6175558 1.0207624 1.033348 1.0278157 0.020785378 0 1.0149349 1.0149349 1.0266355 0.61142963 1.0227151 1.0157093 1.0227151 1.0049399 0.67555916 1.0087683 1.0030329
0.6442242 1.0064689 0.9901927 1.0076177 0.9013148 0.9130469 1.0133885 1.0238891 1.032159 0.3690847 0.366472 0.99545324 0.99658537 0.9969631 0.9059856 0.90498227 0.36941192 1.0160967 1.0149349 0 0.0065283305 0.3695756 1.0227151 0.3708862 0.3712142 0.8920595 0.8943626 1.0041765 0.37863266 0.36663502
0.64351636 1.0083846 0.98683035 1.0064689 0.8989902 0.91169673 1.0157093 1.0258498 1.0329514 0.3690847 0.36598316 0.9946995 0.99847597 0.99885464 0.90231323 0.9019803 0.36826724 1.0176488 1.0149349 0.0065283305 0 0.3690847 1.0219333 0.37039444 0.37137827 0.8884545 0.891731 1.002652 0.37830138 0.36663502
0.6542054 1.0270288 0.99847597 1.0149349 0.9096761 0.9253087 1.0317632 1.0110749 1.0157093 0.3306638 0.33346638 1.0015109 1.0015109 1.0034139 0.91643286 0.92119914 0.023463218 1.0219333 1.0266355 0.3695756 0.3690847 0 1.0325551 0.005923329 0.2427756 0.92359364 0.9059856 1.0060863 0.20032158 0.19901656
1.0262426 0.2857257 0.66918653 0.66577744 0.9901927 1.0110749 0.604457 0.5911431 0.5926842 1.0083846 1.0041765 0.68049824 0.28120193 0.28411737 0.99131685 0.9931942 1.0341415 0.6073731 0.61142963 1.0227151 1.0219333 1.0325551 0 1.0289978 1.0041765 0.98125964 0.9713354 0.67432946 1.0325551 1.001891
0.65660155 1.025065 0.99734104 1.0130024 0.90933985 0.9253087 1.0274222 1.0083846 1.0137748 0.3312857 0.33455908 0.99847597 0.9977191 0.99961257 0.91779155 0.9222244 0.024289096 1.018426 1.0227151 0.3708862 0.37039444 0.005923329 1.0289978 0 0.24346703 0.9242792 0.9059856 1.0049399 0.20136724 0.20019098
0.64163196 1.0053219 0.9827411 1.0037951 0.908332 0.9242792 1.0157093 0.99658537 1.0103053 0.3267886 0.32694325 1.0053219 0.9845971 0.9872032 0.908332 0.9127091 0.2451291 1.0118452 1.0157093 0.3712142 0.37137827 0.2427756 1.0041765 0.24346703 0 0.91439945 0.9096761 0.9950763 0.24125668 0.24098085
0.89667284 1.0022715 0.9816297 0.9898184 0.22259256 0.2288077 1.0137748 1.015322 1.0083846 0.8999856 0.89601207 0.98907024 0.9845971 1.0064689 0.22609913 0.22623433 0.9301319 1.0172604 1.0227151 0.8920595 0.8884545 0.92359364 0.98125964 0.9242792 0.91439945 0 0.21469565 0.9943229 0.9127091 0.910349
0.908332 0.9831119 0.9673296 0.9764649 0.21509518 0.22124824 0.9950763 0.99169195 0.98907024 0.89766514 0.8923881 0.9658782 0.9691478 0.9860852 0.21776423 0.21722966 0.9137229 0.99923354 1.0049399 0.8943626 0.891731 0.9059856 0.9713354 0.9059856 0.9096761 0.21469565 0 0.9687838 0.92017525 0.92085767
1.0022715 0.6772841 0.22582883 0.22488347 0.97720057 0.9962078 0.67261124 0.65444463 0.6590054 0.9790429 0.97024083 0.5628704 0.6832287 0.6795078 0.9775687 0.9838541 1.0118452 0.67359257 0.67555916 1.0041765 1.002652 1.0060863 0.67432946 1.0049399 0.9950763 0.9943229 0.9687838 0 0.97352946 0.98645765
0.6439882 1.0337447 0.9655158 0.98794943 0.91643286 0.9353342 1.0103053 1.0072346 1.0238891 0.3312857 0.33113015 0.98794943 1.005704 1.0060863 0.9218825 0.928061 0.20241436 1.0076177 1.0087683 0.37863266 0.37830138 0.20032158 1.0325551 0.20136724 0.24125668 0.9127091 0.92017525 0.97352946 0 0.19771379
0.6409265 1.0118452 0.98051995 0.99999183 0.92462224 0.93672764 1.0103053 0.9943229 1.0003713 0.33113015 0.3339345 1.000751 0.9827411 0.982 0.91779155 0.92154074 0.20149805 0.99961257 1.0030329 0.36663502 0.36663502 0.19901656 1.001891 0.20019098 0.24098085 0.910349 0.92085767 0.98645765 0.19771379 0
