0 0.99961257 0.98237044 1.0211525 1.000751 0.9898184 0.990942 0.9977191 1.01069 1.025065 0.9943229 1.0149349 0.9831119 1.0242808 1.0345387 1.0211525 1.0234975 0.99131685 0.99131685 1.0041765 0.99961257 0.99961257 0.99734104 0.99885464 1.0118452 1.0203725 1.0405211 1.0313674 1.0137748 1.018426
0.99961257 0 0.20530151 0.78994244 0.3306638 0.7737762 0.77771467 0.32247207 0.32756203 0.78736657 0.7659607 0.79859304 0.7629125 0.7774327 0.78337723 0.7726547 0.776869 0.7620833 0.76790696 0.77715075 0.7743376 0.32231835 0.34827465 0.3213968 0.7757428 0.77546155 0.7885103 0.79425526 0.77546155 0.79339075
0.98237044 0.20530151 0 0.78565425 0.32539845 0.7757428 0.778279 0.3177218 0.3237028 0.7859394 0.76985824 0.7936788 0.7667942 0.7847996 0.79512084 0.7751804 0.77884376 0.7667942 0.7723746 0.7726547 0.7751804 0.3177218 0.34732068 0.3181802 0.77856135 0.776869 0.7945437 0.78994244 0.7743376 0.80091685
1.0211525 0.78994244 0.78565425 0 0.81738806 0.65852404 0.6532491 0.8105793 0.8102846 0.2623809 0.7729349 0.8073446 0.7734957 0.19278383 0.19810438 0.26138836 0.2646545 0.7709756 0.7757428 0.25616384 0.25307453 0.8096957 0.78736657 0.8088132 0.2988671 0.29723036 0.26351684 0.308009 0.2967846 0.22488347
1.000751 0.3306638 0.32539845 0.81738806 0 0.7876524 0.79109013 0.25799534 0.25940725 0.8147164 0.7774327 0.8094014 0.7765873 0.8161995 0.8221614 0.80500084 0.80529344 0.7760242 0.78110707 0.8003352 0.800626 0.10100618 0.363706 0.10249507 0.80617183 0.80500084 0.814124 0.81590265 0.80646485 0.81442016
0.9898184 0.7737762 0.7757428 0.65852404 0.7876524 0 0.089763634 0.79743385 0.799754 0.66650665 0.7601521 0.77771467 0.7593259 0.65277135 0.65876466 0.6590054 0.6619002 0.7712552 0.76985824 0.65540254 0.65372705 0.7763057 0.7673504 0.7729349 0.661417 0.675067 0.662142 0.6606927 0.6616586 0.66480625
0.990942 0.77771467 0.778279 0.6532491 0.79109013 0.089763634 0 0.79339075 0.79483217 0.6558819 0.76042765 0.78736657 0.7609791 0.64587855 0.6508636 0.6542054 0.65612173 0.76485085 0.76651627 0.64801097 0.64824826 0.78082377 0.7746184 0.7774327 0.6563616 0.66553456 0.65444463 0.6530102 0.65612173 0.65972805
0.9977191 0.32247207 0.3177218 0.8105793 0.25799534 0.79743385 0.79339075 0 0.07902039 0.8120542 0.7791263 0.7994636 0.7799746 0.8055861 0.8147164 0.8094014 0.81442016 0.78082377 0.7859394 0.8023729 0.8020814 0.25083572 0.35755974 0.25125498 0.79598737 0.81709075 0.81709075 0.82606214 0.79917336 0.8120542
1.01069 0.32756203 0.3237028 0.8102846 0.25940725 0.799754 0.79483217 0.07902039 0 0.81382793 0.78708094 0.8150128 0.7836615 0.8055861 0.81738806 0.8099901 0.81323624 0.78565425 0.790803 0.80617183 0.80646485 0.25363526 0.35997987 0.2543368 0.79425526 0.8094014 0.8188765 0.81828076 0.80441606 0.81590265
1.025065 0.78736657 0.7859394 0.2623809 0.8147164 0.66650665 0.6558819 0.8120542 0.81382793 0 0.76042765 0.79598737 0.76429653 0.25785428 0.2623809 0.04460022 0.048323896 0.761531 0.76485085 0.14640313 0.14433953 0.8194727 0.7867954 0.81679356 0.30725548 0.2991651 0.2543368 0.31012297 0.30424884 0.26950887
0.9943229 0.7659607 0.76985824 0.7729349 0.7774327 0.7601521 0.76042765 0.7791263 0.78708094 0.76042765 0 0.46864927 0.043963727 0.7779968 0.7751804 0.76485085 0.76512814 0.07227305 0.073375024 0.7543881 0.7543881 0.77771467 0.7712552 0.7723746 0.776869 0.782809 0.77884376 0.7845149 0.7656831 0.76623845
1.0149349 0.79859304 0.7936788 0.8073446 0.8094014 0.77771467 0.78736657 0.7994636 0.8150128 0.79598737 0.46864927 0 0.46920985 0.799754 0.8038317 0.79339075 0.79743385 0.4675293 0.469958 0.7876524 0.78708094 0.8020814 0.7928149 0.800626 0.79483217 0.80295604 0.8041238 0.8111689 0.7859394 0.8105793
0.9831119 0.7629125 0.7667942 0.7734957 0.7765873 0.7593259 0.7609791 0.7799746 0.7836615 0.76429653 0.043963727 0.46920985 0 0.77940893 0.7763057 0.7667942 0.7673504 0.07216294 0.07282383 0.75520885 0.7557565 0.77546155 0.76429653 0.7706961 0.7729349 0.78167397 0.778279 0.7867954 0.7695792 0.77041674
1.0242808 0.7774327 0.7847996 0.19278383 0.8161995 0.65277135 0.64587855 0.8055861 0.8055861 0.25785428 0.7779968 0.799754 0.77940893 0 0.036892682 0.25181437 0.2577133 0.7746184 0.77856135 0.24762909 0.24471323 0.811759 0.7799746 0.8099901 0.30050746 0.2918986 0.25602314 0.30424884 0.29086626 0.2201745
1.0345387 0.78337723 0.79512084 0.19810438 0.8221614 0.65876466 0.6508636 0.8147164 0.81738806 0.2623809 0.7751804 0.8038317 0.7763057 0.036892682 0 0.2565861 0.26153007 0.7726547 0.7757428 0.250696 0.24790739 0.8153093 0.7882242 0.814124 0.30650267 0.29708177 0.26153007 0.3093673 0.29530063 0.22528848
1.0211525 0.7726547 0.7751804 0.26138836 0.80500084 0.6590054 0.6542054 0.8094014 0.8099901 0.04460022 0.76485085 0.79339075 0.7667942 0.25181437 0.2565861 0 0.03291167 0.76707226 0.7709756 0.14421831 0.14228158 0.80851924 0.77884376 0.80617183 0.30499938 0.29441166 0.2504167 0.30650267 0.2993141 0.26736337
1.0234975 0.776869 0.77884376 0.2646545 0.80529344 0.6619002 0.65612173 0.81442016 0.81323624 0.048323896 0.76512814 0.79743385 0.7673504 0.2577133 0.26153007 0.03291167 0 0.76707226 0.77181464 0.14761968 0.14518856 0.8099901 0.78508437 0.80705124 0.31103078 0.29946318 0.2546176 0.3093673 0.30260032 0.27079913
0.99131685 0.7620833 0.7667942 0.7709756 0.7760242 0.7712552 0.76485085 0.78082377 0.78565425 0.761531 0.07227305 0.4675293 0.07216294 0.7746184 0.7726547 0.76707226 0.76707226 0 0.02718685 0.75767636 0.756853 0.7774327 0.7667942 0.77321523 0.7796917 0.7822413 0.7765873 0.7847996 0.76540554 0.7690214
0.99131685 0.76790696 0.7723746 0.7757428 0.78110707 0.76985824 0.76651627 0.7859394 0.790803 0.76485085 0.073375024 0.469958 0.07282383 0.77856135 0.7757428 0.7709756 0.77181464 0.02718685 0 0.762636 0.761531 0.78167397 0.7709756 0.7774327 0.78394586 0.78650993 0.7799746 0.78736657 0.7709756 0.7726547
1.0041765 0.77715075 0.7726547 0.25616384 0.8003352 0.65540254 0.64801097 0.8023729 0.80617183 0.14640313 0.7543881 0.7876524 0.75520885 0.24762909 0.250696 0.14421831 0.14761968 0.75767636 0.762636 0 0.01484597 0.7980132 0.7695792 0.79483217 0.30200177 0.29337585 0.24721184 0.308009 0.29619068 0.25968993
0.99961257 0.7743376 0.7751804 0.25307453 0.800626 0.65372705 0.64824826 0.8020814 0.80646485 0.14433953 0.7543881 0.78708094 0.7557565 0.24471323 0.24790739 0.14228158 0.14518856 0.756853 0.761531 0.01484597 0 0.79512084 0.7673504 0.791952 0.30035818 0.29130852 0.2436054 0.3063522 0.29411557 0.25813642
0.99961257 0.32231835 0.3177218 0.8096957 0.10100618 0.7763057 0.78082377 0.25083572 0.25363526 0.8194727 0.77771467 0.8020814 0.77546155 0.811759 0.8153093 0.80851924 0.8099901 0.7774327 0.78167397 0.7980132 0.79512084 0 0.35258272 0.0108785145 0.800626 0.80324787 0.8114639 0.80910724 0.8026644 0.8094014
0.99734104 0.34827465 0.34732068 0.78736657 0.363706 0.7673504 0.7746184 0.35755974 0.35997987 0.7867954 0.7712552 0.7928149 0.76429653 0.7799746 0.7882242 0.77884376 0.78508437 0.7667942 0.7709756 0.7695792 0.7673504 0.35258272 0 0.35354343 0.7751804 0.7885103 0.79512084 0.79223955 0.78394586 0.7968549
0.99885464 0.3213968 0.3181802 0.8088132 0.10249507 0.7729349 0.7774327 0.25125498 0.2543368 0.81679356 0.7723746 0.800626 0.7706961 0.8099901 0.814124 0.80617183 0.80705124 0.77321523 0.7774327 0.79483217 0.791952 0.0108785145 0.35354343 0 0.7977235 0.80324787 0.80851924 0.80529344 0.8014989 0.8099901
1.0118452 0.7757428 0.77856135 0.2988671 0.80617183 0.661417 0.6563616 0.79598737 0.79425526 0.30725548 0.776869 0.79483217 0.7729349 0.30050746 0.30650267 0.30499938 0.31103078 0.7796917 0.78394586 0.30200177 0.30035818 0.800626 0.7751804 0.7977235 0 0.31406474 0.3122429 0.29856926 0.29116106 0.3137608
1.0203725 0.77546155 0.776869 0.29723036 0.80500084 0.675067 0.66553456 0.81709075 0.8094014 0.2991651 0.782809 0.80295604 0.78167397 0.2918986 0.29708177 0.29441166 0.29946318 0.7822413 0.78650993 0.29337585 0.29130852 0.80324787 0.7885103 0.80324787 0.31406474 0 0.29961228 0.31482518 0.3033492 0.30831063
1.0405211 0.7885103 0.7945437 0.26351684 0.814124 0.662142 0.65444463 0.81709075 0.8188765 0.2543368 0.77884376 0.8041238 0.778279 0.25602314 0.26153007 0.2504167 0.2546176 0.7765873 0.7799746 0.24721184 0.2436054 0.8114639 0.79512084 0.80851924 0.3122429 0.29961228 0 0.31027418 0.3018522 0.27367437
1.0313674 0.79425526 0.78994244 0.308009 0.81590265 0.6606927 0.6530102 0.82606214 0.81828076 0.31012297 0.7845149 0.8111689 0.7867954 0.30424884 0.3093673 0.30650267 0.3093673 0.7847996 0.78736657 0.308009 0.3063522 0.80910724 0.79223955 0.80529344 0.29856926 0.31482518 0.31027418 0 0.21696252 0.31512955
1.0137748 0.77546155 0.7743376 0.2967846 0.80646485 0.6616586 0.65612173 0.79917336 0.80441606 0.30424884 0.7656831 0.7859394 0.7695792 0.29086626 0.29530063 0.2993141 0.30260032 0.76540554 0.7709756 0.29619068 0.29411557 0.8026644 0.78394586 0.8014989 0.29116106 0.3033492 0.3018522 0.21696252 0 0.3074061
1.018426 0.79339075 0.80091685 0.22488347 0.81442016 0.66480625 0.65972805 0.8120542 0.81590265 0.26950887 0.76623845 0.8105793 0.77041674 0.2201745 0.22528848 0.26736337 0.27079913 0.7690214 0.7726547 0.25968993 0.25813642 0.8094014 0.7968549 0.8099901 0.3137608 0.30831063 0.27367437 0.31512955 0.3074061 0
