0 0.8424862 1.0234975 1.0076177 0.8474224 0.8517685 0.84187144 0.8381934 0.8502134 0.85270303 1.0060863 0.4960426 1.0195932 0.64257354 0.65516293 0.58610135 0.58982456 0.8400302 0.84711295 0.8406434 1.019204 1.0126165 0.8468036 1.0149349 0.85114604 1.0022715 1.0227151 0.7110941 0.70954716 0.84340924
0.8424862 0 1.019204 1.0133885 0.73522204 0.7389627 0.71549445 0.7320306 0.732296 0.73709005 0.9943229 0.8400302 1.0041765 0.8381934 0.84525883 0.8523914 0.84340924 0.5624469 0.56754464 0.5711766 1.002652 1.005704 0.51170486 1.0095364 0.5003172 1.0099207 1.0060863 0.82485974 0.8357514 0.22461359
1.0234975 1.019204 0 0.19992983 1.0030329 1.0219333 1.0083846 1.0095364 0.9943229 1.0195932 0.57762915 1.0341415 0.5804426 1.0103053 1.0219333 1.0473596 1.0313674 1.0068517 1.0141612 1.0095364 0.5819619 0.5845737 1.0211525 0.58675706 1.0317632 0.5802258 0.26707777 1.015322 1.0389212 1.0437315
1.0076177 1.0133885 0.19992983 0 1.0053219 1.0223241 1.0141612 1.0133885 1.0030329 1.0258498 0.5741809 1.0149349 0.57267725 0.98832285 0.9931942 1.019204 1.0091523 1.0072346 1.0049399 1.005704 0.5741809 0.5789264 1.0068517 0.5808764 1.0293922 0.5802258 0.26280668 1.01069 1.0126165 1.0349361
0.8474224 0.73522204 1.0030329 1.0053219 0 0.16411468 0.497012 0.50129217 0.19901656 0.1973234 0.990942 0.8483516 0.98757625 0.8114639 0.82066643 0.8468036 0.85363877 0.7152349 0.72332335 0.718095 0.9853408 0.98832285 0.7386949 0.9857129 0.7400349 1.0068517 1.0130024 0.8354467 0.82606214 0.7386949
0.8517685 0.7389627 1.0219333 1.0223241 0.16411468 0 0.5032458 0.5111116 0.19927737 0.19992983 1.0080011 0.8517685 1.0060863 0.80705124 0.82276016 0.84928197 0.85488826 0.7165336 0.7264779 0.7251619 1.0011308 1.002652 0.74704176 0.99961257 0.7346892 1.0149349 1.0188149 0.8357514 0.83422923 0.74433905
0.84187144 0.71549445 1.0083846 1.0141612 0.497012 0.5032458 0 0.1561912 0.4960426 0.50070703 0.9779369 0.83149695 0.9827411 0.8099901 0.82276016 0.84279376 0.84402525 0.70774645 0.71992075 0.71783453 0.98125964 0.9924427 0.74353015 0.99169195 0.7397667 0.98237044 1.0103053 0.829681 0.83331734 0.7317652
0.8381934 0.7320306 1.0095364 1.0133885 0.50129217 0.5111116 0.1561912 0 0.5046164 0.5040287 0.9779369 0.83849925 0.990942 0.8147164 0.8278694 0.8499028 0.8555138 0.71445674 0.72384816 0.723061 0.9779369 0.9790429 0.7397667 0.9816297 0.7328271 0.9853408 0.99885464 0.83605623 0.828171 0.7251619
0.8502134 0.732296 0.9943229 1.0030329 0.19901656 0.19927737 0.4960426 0.5046164 0 0.14725451 0.9958304 0.8514572 0.9894442 0.8096957 0.811759 0.8489717 0.8592779 0.71212715 0.7196597 0.71992075 0.99131685 0.9894442 0.7419149 0.98907024 0.73815954 1.0060863 0.9980974 0.829681 0.82485974 0.7333587
0.85270303 0.73709005 1.0195932 1.0258498 0.1973234 0.19992983 0.50070703 0.5040287 0.14725451 0 0.99734104 0.8468036 0.9898184 0.82156307 0.82066643 0.85270303 0.8602219 0.71186876 0.7207046 0.7170537 0.99131685 0.98683035 0.75165886 0.98496884 0.73495555 0.9950763 1.0122308 0.8357514 0.83240664 0.73602206
1.0060863 0.9943229 0.57762915 0.5741809 0.990942 1.0080011 0.9779369 0.9779369 0.9958304 0.99734104 0 0.97609735 0.12130119 0.9827411 0.9790429 1.002652 1.0003713 0.9901927 0.9977191 0.9950763 0.122830965 0.122948766 0.9980974 0.12377392 1.0126165 0.3712142 0.57590306 0.97720057 0.97720057 1.000751
0.4960426 0.8400302 1.0341415 1.0149349 0.8483516 0.8517685 0.83149695 0.83849925 0.8514572 0.8468036 0.97609735 0 0.99169195 0.6575622 0.6694307 0.585228 0.58675706 0.82485974 0.8351422 0.81977093 0.9950763 0.98869646 0.83697146 0.99056727 0.83210325 0.9845971 1.0227151 0.70646286 0.69753873 0.8354467
1.0195932 1.0041765 0.5804426 0.57267725 0.98757625 1.0060863 0.9827411 0.990942 0.9894442 0.9898184 0.12130119 0.99169195 0 0.9939465 0.9958304 1.0095364 1.001891 1.0099207 1.0072346 1.0049399 0.12507242 0.124954276 1.01146 0.12566338 1.0130024 0.37302083 0.5784937 0.97170067 0.9658782 1.0122308
0.64257354 0.8381934 1.0103053 0.98832285 0.8114639 0.80705124 0.8099901 0.8147164 0.8096957 0.82156307 0.9827411 0.6575622 0.9939465 0 0.11801686 0.6402217 0.6353068 0.8156059 0.8305884 0.82305974 0.98869646 0.9827411 0.8269652 0.98496884 0.82998335 0.98832285 0.97316337 0.70033205 0.6955138 0.83422923
0.65516293 0.84525883 1.0219333 0.9931942 0.82066643 0.82276016 0.82276016 0.8278694 0.811759 0.82066643 0.9790429 0.6694307 0.9958304 0.11801686 0 0.64872307 0.6449328 0.8212641 0.83483773 0.83028585 0.9931942 0.9842255 0.8336212 0.98794943 0.8375822 0.99169195 0.98051995 0.70748955 0.70466954 0.84310144
0.58610135 0.8523914 1.0473596 1.019204 0.8468036 0.84928197 0.84279376 0.8499028 0.8489717 0.85270303 1.002652 0.585228 1.0095364 0.6402217 0.64872307 0 0.113815166 0.83636117 0.84340924 0.8366663 1.0076177 1.0118452 0.8437172 1.0130024 0.85582674 1.0126165 1.0133885 0.70543754 0.70033205 0.8523914
0.58982456 0.84340924 1.0313674 1.0091523 0.85363877 0.85488826 0.84402525 0.8555138 0.8592779 0.8602219 1.0003713 0.58675706 1.001891 0.6353068 0.6449328 0.113815166 0 0.84587634 0.8502134 0.8480418 1.0068517 1.005704 0.8400302 1.0064689 0.8508351 1.0011308 0.99847597 0.71032023 0.7033912 0.84156424
0.8400302 0.5624469 1.0068517 1.0072346 0.7152349 0.7165336 0.70774645 0.71445674 0.71212715 0.71186876 0.9901927 0.82485974 1.0099207 0.8156059 0.8212641 0.83636117 0.84587634 0 0.099406056 0.09963443 0.99281836 0.9958304 0.57482624 0.99281836 0.582614 0.98348296 0.9857129 0.82335943 0.829681 0.57181937
0.84711295 0.56754464 1.0141612 1.0049399 0.72332335 0.7264779 0.71992075 0.72384816 0.7196597 0.7207046 0.9977191 0.8351422 1.0072346 0.8305884 0.83483773 0.84340924 0.8502134 0.099406056 0 0.078909285 0.99885464 0.99923354 0.582614 0.99847597 0.5926842 0.9939465 0.99056727 0.8345334 0.8400302 0.5735361
0.8406434 0.5711766 1.0095364 1.005704 0.718095 0.7251619 0.71783453 0.723061 0.71992075 0.7170537 0.9950763 0.81977093 1.0049399 0.82305974 0.83028585 0.8366663 0.8480418 0.09963443 0.078909285 0 0.99545324 0.9977191 0.5750415 0.9962078 0.58588296 0.9901927 0.9845971 0.82066643 0.8275679 0.57590306
1.019204 1.002652 0.5819619 0.5741809 0.9853408 1.0011308 0.98125964 0.9779369 0.99131685 0.99131685 0.122830965 0.9950763 0.12507242 0.98869646 0.9931942 1.0076177 1.0068517 0.99281836 0.99885464 0.99545324 0 0.033329733 1.0157093 0.03364343 1.0130024 0.3687576 0.5741809 0.9709704 0.96841997 1.0110749
1.0126165 1.005704 0.5845737 0.5789264 0.98832285 1.002652 0.9924427 0.9790429 0.9894442 0.98683035 0.122948766 0.98869646 0.124954276 0.9827411 0.9842255 1.0118452 1.005704 0.9958304 0.99923354 0.9977191 0.033329733 0 1.0149349 0.009358142 1.0080011 0.36924827 0.57827747 0.9666036 0.96226203 1.0103053
0.8468036 0.51170486 1.0211525 1.0068517 0.7386949 0.74704176 0.74353015 0.7397667 0.7419149 0.75165886 0.9980974 0.83697146 1.01146 0.8269652 0.8336212 0.8437172 0.8400302 0.57482624 0.582614 0.5750415 1.0157093 1.0149349 0 1.019204 0.4797522 1.015322 1.0034139 0.8236593 0.84340924 0.4999276
1.0149349 1.0095364 0.58675706 0.5808764 0.9857129 0.99961257 0.99169195 0.9816297 0.98907024 0.98496884 0.12377392 0.99056727 0.12566338 0.98496884 0.98794943 1.0130024 1.0064689 0.99281836 0.99847597 0.9962078 0.03364343 0.009358142 1.019204 0 1.0130024 0.3708862 0.5793593 0.96841997 0.9644296 1.0122308
0.85114604 0.5003172 1.0317632 1.0293922 0.7400349 0.7346892 0.7397667 0.7328271 0.73815954 0.73495555 1.0126165 0.83210325 1.0130024 0.82998335 0.8375822 0.85582674 0.8508351 0.582614 0.5926842 0.58588296 1.0130024 1.0080011 0.4797522 1.0130024 0 1.0262426 1.0099207 0.84525883 0.84095025 0.496818
1.0022715 1.0099207 0.5802258 0.5802258 1.0068517 1.0149349 0.98237044 0.9853408 1.0060863 0.9950763 0.3712142 0.9845971 0.37302083 0.98832285 0.99169195 1.0126165 1.0011308 0.98348296 0.9939465 0.9901927 0.3687576 0.36924827 1.015322 0.3708862 1.0262426 0 0.5784937 0.9783054 0.98051995 1.0122308
1.0227151 1.0060863 0.26707777 0.26280668 1.0130024 1.0188149 1.0103053 0.99885464 0.9980974 1.0122308 0.57590306 1.0227151 0.5784937 0.97316337 0.98051995 1.0133885 0.99847597 0.9857129 0.99056727 0.9845971 0.5741809 0.57827747 1.0034139 0.5793593 1.0099207 0.5784937 0 1.0227151 1.0274222 1.0345387
0.7110941 0.82485974 1.015322 1.01069 0.8354467 0.8357514 0.829681 0.83605623 0.829681 0.8357514 0.97720057 0.70646286 0.97170067 0.70033205 0.70748955 0.70543754 0.71032023 0.82335943 0.8345334 0.82066643 0.9709704 0.9666036 0.8236593 0.96841997 0.84525883 0.9783054 1.0227151 0 0.24346703 0.8327101
0.70954716 0.8357514 1.0389212 1.0126165 0.82606214 0.83422923 0.83331734 0.828171 0.82485974 0.83240664 0.97720057 0.69753873 0.9658782 0.6955138 0.70466954 0.70033205 0.7033912 0.829681 0.8400302 0.8275679 0.96841997 0.96226203 0.84340924 0.9644296 0.84095025 0.98051995 1.0274222 0.24346703 0 0.84279376
0.84340924 0.22461359 1.0437315 1.0349361 0.7386949 0.74433905 0.7317652 0.7251619 0.7333587 0.73602206 1.000751 0.8354467 1.0122308 0.83422923 0.84310144 0.8523914 0.84156424 0.57181937 0.5735361 0.57590306 1.0110749 1.0103053 0.4999276 1.0122308 0.496818 1.0122308 1.0345387 0.8327101 0.84279376 0
