0 0.97426224 0.7301751 0.72991043 0.74406934 0.97352946 0.74677104 0.9575869 0.75165886 0.756853 0.97720057 0.9575869 0.96769285 0.7051815 0.70748955 0.7522039 0.75466156 0.7565787 0.7478545 0.96841997 0.9572284 0.9590223 0.7312348 0.9593815 0.9615409 0.9565121 0.74164605 0.7419149 0.6907262 0.9801504
0.97426224 0 0.9894442 1.0223241 1.0133885 0.31604344 1.015322 0.45992067 1.005704 1.0060863 0.31345698 0.6667499 0.32354885 0.9842255 0.9924427 1.0003713 1.0110749 1.0270288 1.0246727 0.45605326 0.46158424 0.31345698 1.0118452 0.31497735 0.56117785 0.42211568 1.000751 0.99658537 0.9939465 0.22474852
0.7301751 0.9894442 0 0.21937022 0.47804788 0.9924427 0.472958 0.98645765 0.624192 0.6212099 0.9831119 0.97316337 0.9894442 0.74433905 0.7427221 0.46084443 0.46343702 0.48641723 0.4837441 1.0215429 1.005704 0.9857129 0.6390486 0.98645765 0.982 0.96334505 0.4673428 0.34494096 0.7254249 0.99056727
0.72991043 1.0223241 0.21937022 0 0.48013148 1.014548 0.47861555 0.9977191 0.62903446 0.6258027 1.0180373 0.9939465 1.0126165 0.7325615 0.7344229 0.46920985 0.47258234 0.4921776 0.48622596 1.0164845 1.0034139 1.0157093 0.6320479 1.0160967 0.99056727 0.9779369 0.4675293 0.34557483 0.72885257 1.0176488
0.74406934 1.0133885 0.47804788 0.48013148 0 1.0083846 0.30650267 0.98237044 0.6343742 0.63228023 0.99885464 0.99281836 0.9958304 0.74893945 0.75466156 0.3009554 0.3062018 0.21044709 0.21190482 1.0030329 1.0011308 0.9943229 0.65612173 0.9939465 1.0003713 0.9958304 0.37417278 0.48488855 0.72779626 0.9901927
0.97352946 0.31604344 0.9924427 1.014548 1.0083846 0 1.0254573 0.46920985 1.015322 1.0118452 0.14119436 0.65876466 0.14518856 1.000751 1.0053219 1.0122308 1.0231062 1.0274222 1.0274222 0.46084443 0.46939683 0.13914502 1.0110749 0.14047043 0.5523542 0.4242254 1.0103053 1.0022715 0.9831119 0.31406474
0.74677104 1.015322 0.472958 0.47861555 0.30650267 1.0254573 0 0.99056727 0.63251257 0.64233804 1.0176488 0.9980974 1.0207624 0.7486681 0.74921095 0.13136052 0.13279158 0.31497735 0.31604344 1.0176488 1.0091523 1.0126165 0.65516293 1.0137748 1.0045581 1.0011308 0.37797028 0.48679987 0.73522204 1.0060863
0.9575869 0.45992067 0.98645765 0.9977191 0.98237044 0.46920985 0.99056727 0 0.9838541 0.97426224 0.4652944 0.6489606 0.46808907 0.97720057 0.9790429 0.9801504 0.99734104 1.0003713 0.99847597 0.115796365 0.11860229 0.46269536 0.98496884 0.46455088 0.55277205 0.46362254 0.9790429 0.9838541 0.95866317 0.46883607
0.75165886 1.005704 0.624192 0.62903446 0.6343742 1.015322 0.63251257 0.9838541 0 0.118719436 1.0118452 0.99056727 1.0076177 0.7338906 0.7368229 0.6255724 0.6362405 0.6378772 0.63297755 1.0126165 0.99961257 1.0034139 0.6409265 1.0053219 1.005704 1.0118452 0.61664504 0.62603307 0.7220128 1.0164845
0.756853 1.0060863 0.6212099 0.6258027 0.63228023 1.0118452 0.64233804 0.97426224 0.118719436 0 1.01146 0.96769285 1.0034139 0.7317652 0.73789203 0.6313514 0.63975227 0.6369415 0.6350735 1.002652 0.9894442 0.99885464 0.6439882 1.000751 1.0045581 0.99923354 0.62143886 0.62465185 0.7235857 1.0041765
0.97720057 0.31345698 0.9831119 1.0180373 0.99885464 0.14119436 1.0176488 0.4652944 1.0118452 1.01146 0 0.65372705 0.111491024 1.0022715 1.002652 1.0053219 1.0122308 1.0215429 1.0137748 0.46139923 0.46920985 0.12625483 1.0015109 0.12767617 0.5592783 0.41948688 0.990942 0.9969631 0.99545324 0.3166533
0.9575869 0.6667499 0.97316337 0.9939465 0.99281836 0.65876466 0.9980974 0.6489606 0.99056727 0.96769285 0.65372705 0 0.6530102 0.9637064 0.96769285 0.99961257 1.0072346 0.9969631 1.0003713 0.65110177 0.6532491 0.6522939 0.96841997 0.6522939 0.64587855 0.64564204 1.0072346 0.9738958 0.95258445 0.654684
0.96769285 0.32354885 0.9894442 1.0126165 0.9958304 0.14518856 1.0207624 0.46808907 1.0076177 1.0034139 0.111491024 0.6530102 0 0.9939465 0.99169195 1.0064689 1.0207624 1.0122308 1.0064689 0.46343702 0.469958 0.130289 1.0060863 0.13147967 0.5641423 0.4251062 0.98348296 0.99281836 0.9713354 0.31512955
0.7051815 0.9842255 0.74433905 0.7325615 0.74893945 1.000751 0.7486681 0.97720057 0.7338906 0.7317652 1.0022715 0.9637064 0.9939465 0 0.09678467 0.7419149 0.74921095 0.75302225 0.7579511 0.9901927 0.98237044 0.99056727 0.721751 0.9920673 0.953297 0.9655158 0.74110866 0.7554826 0.3274073 0.9842255
0.70748955 0.9924427 0.7427221 0.7344229 0.75466156 1.0053219 0.74921095 0.9790429 0.7368229 0.73789203 1.002652 0.96769285 0.99169195 0.09678467 0 0.74677104 0.7532952 0.75603044 0.7585007 0.9894442 0.9845971 0.9924427 0.72885257 0.9950763 0.9709704 0.9687838 0.7478545 0.7494826 0.32895625 0.99131685
0.7522039 1.0003713 0.46084443 0.46920985 0.3009554 1.0122308 0.13136052 0.9801504 0.6255724 0.6313514 1.0053219 0.99961257 1.0064689 0.7419149 0.74677104 0 0.0885248 0.31012297 0.3084615 1.001891 0.9939465 1.0060863 0.6430448 1.0072346 0.98794943 0.98907024 0.36696118 0.47277015 0.7354886 0.9950763
0.75466156 1.0110749 0.46343702 0.47258234 0.3062018 1.0231062 0.13279158 0.99734104 0.6362405 0.63975227 1.0122308 1.0072346 1.0207624 0.74921095 0.7532952 0.0885248 0 0.31209126 0.31087938 1.0219333 1.015322 1.0157093 0.65134007 1.0149349 0.9950763 0.9980974 0.3736789 0.4843161 0.7429914 1.0091523
0.7565787 1.0270288 0.48641723 0.4921776 0.21044709 1.0274222 0.31497735 1.0003713 0.6378772 0.6369415 1.0215429 0.9969631 1.0122308 0.75302225 0.75603044 0.31012297 0.31209126 0 0.09769542 1.015322 1.0195932 1.0126165 0.66577744 1.0099207 1.019204 0.99885464 0.37995923 0.4958489 0.7235857 1.0110749
0.7478545 1.0246727 0.4837441 0.48622596 0.21190482 1.0274222 0.31604344 0.99847597 0.63297755 0.6350735 1.0137748 1.0003713 1.0064689 0.7579511 0.7585007 0.3084615 0.31087938 0.09769542 0 1.0160967 1.0231062 1.0110749 0.65876466 1.0099207 1.025065 1.002652 0.38112187 0.4915996 0.7320306 1.01069
0.96841997 0.45605326 1.0215429 1.0164845 1.0030329 0.46084443 1.0176488 0.115796365 1.0126165 1.002652 0.46139923 0.65110177 0.46343702 0.9901927 0.9894442 1.001891 1.0219333 1.015322 1.0160967 0 0.07536265 0.4566045 0.9894442 0.45770827 0.55131066 0.45936695 0.99131685 1.0064689 0.97206604 0.45955148
0.9572284 0.46158424 1.005704 1.0034139 1.0011308 0.46939683 1.0091523 0.11860229 0.99961257 0.9894442 0.46920985 0.6532491 0.469958 0.98237044 0.9845971 0.9939465 1.015322 1.0195932 1.0231062 0.07536265 0 0.46325153 0.98794943 0.46492255 0.556333 0.4628807 0.98683035 1.0003713 0.96769285 0.4628807
0.9590223 0.31345698 0.9857129 1.0157093 0.9943229 0.13914502 1.0126165 0.46269536 1.0034139 0.99885464 0.12625483 0.6522939 0.130289 0.99056727 0.9924427 1.0060863 1.0157093 1.0126165 1.0110749 0.4566045 0.46325153 0 1.0087683 0.009054436 0.5506852 0.42088777 0.9860852 0.9872032 0.9658782 0.30997178
0.7312348 1.0118452 0.6390486 0.6320479 0.65612173 1.0110749 0.65516293 0.98496884 0.6409265 0.6439882 1.0015109 0.96841997 1.0060863 0.721751 0.72885257 0.6430448 0.65134007 0.66577744 0.65876466 0.9894442 0.98794943 1.0087683 0 1.0080011 0.99999183 0.99885464 0.6406915 0.6439882 0.7251619 1.0011308
0.9593815 0.31497735 0.98645765 1.0160967 0.9939465 0.14047043 1.0137748 0.46455088 1.0053219 1.000751 0.12767617 0.6522939 0.13147967 0.9920673 0.9950763 1.0072346 1.0149349 1.0099207 1.0099207 0.45770827 0.46492255 0.009054436 1.0080011 0 0.55131066 0.4212384 0.98645765 0.9901927 0.9673296 0.31012297
0.9615409 0.56117785 0.982 0.99056727 1.0003713 0.5523542 1.0045581 0.55277205 1.005704 1.0045581 0.5592783 0.64587855 0.5641423 0.953297 0.9709704 0.98794943 0.9950763 1.019204 1.025065 0.55131066 0.556333 0.5506852 0.99999183 0.55131066 0 0.55277205 1.0049399 0.9946995 0.94162506 0.5550743
0.9565121 0.42211568 0.96334505 0.9779369 0.9958304 0.4242254 1.0011308 0.46362254 1.0118452 0.99923354 0.41948688 0.64564204 0.4251062 0.9655158 0.9687838 0.98907024 0.9980974 0.99885464 1.002652 0.45936695 0.4628807 0.42088777 0.99885464 0.4212384 0.55277205 0 0.9898184 0.98496884 0.9568702 0.4236974
0.74164605 1.000751 0.4673428 0.4675293 0.37417278 1.0103053 0.37797028 0.9790429 0.61664504 0.62143886 0.990942 1.0072346 0.98348296 0.74110866 0.7478545 0.36696118 0.3736789 0.37995923 0.38112187 0.99131685 0.98683035 0.9860852 0.6406915 0.98645765 1.0049399 0.9898184 0 0.4746508 0.72726864 0.9980974
0.7419149 0.99658537 0.34494096 0.34557483 0.48488855 1.0022715 0.48679987 0.9838541 0.62603307 0.62465185 0.9969631 0.9738958 0.99281836 0.7554826 0.7494826 0.47277015 0.4843161 0.4958489 0.4915996 1.0064689 1.0003713 0.9872032 0.6439882 0.9901927 0.9946995 0.98496884 0.4746508 0 0.7338906 0.99658537
0.6907262 0.9939465 0.7254249 0.72885257 0.72779626 0.9831119 0.73522204 0.95866317 0.7220128 0.7235857 0.99545324 0.95258445 0.9713354 0.3274073 0.32895625 0.7354886 0.7429914 0.7235857 0.7320306 0.97206604 0.96769285 0.9658782 0.7251619 0.9673296 0.94162506 0.9568702 0.72726864 0.7338906 0 0.97206604
0.9801504 0.22474852 0.99056727 1.0176488 0.9901927 0.31406474 1.0060863 0.46883607 1.0164845 1.0041765 0.3166533 0.654684 0.31512955 0.9842255 0.99131685 0.9950763 1.0091523 1.0110749 1.01069 0.45955148 0.4628807 0.30997178 1.0011308 0.31012297 0.5550743 0.4236974 0.9980974 0.99658537 0.97206604 0
