0 0.9779369 0.9709704 0.9898184 0.99999183 0.77546155 0.7813905 0.86877173 0.7734957 0.98794943 0.9783054 0.99357027 0.9775687 0.8668633 0.8738847 0.81679356 0.8096957 0.9939465 0.9920673 0.9894442 0.9838541 0.78650993 0.98348296 0.7859394 0.8099901 0.7994636 0.8602219 1.0270288 0.97316337 0.86337715
0.9779369 0 0.28851193 0.7031358 0.71316165 0.97024083 0.97206604 0.9939465 0.97978103 0.697032 0.70109564 0.72489893 0.700841 0.9950763 1.0053219 1.0258498 1.0234975 0.70390224 0.70033205 0.69804585 0.6950084 0.97867405 0.68721807 0.9808897 0.9962078 0.9950763 1.0118452 0.70441365 0.6807461 1.0164845
0.9709704 0.28851193 0 0.6884691 0.6960195 0.97720057 0.96479154 1.0037951 0.96841997 0.684224 0.6899731 0.71549445 0.68173814 0.9901927 1.0053219 1.0149349 1.0099207 0.68571955 0.6847222 0.68223464 0.6785187 0.9698763 0.6802505 0.97426224 0.9898184 0.97720057 0.9872032 0.6929902 0.671876 0.9924427
0.9898184 0.7031358 0.6884691 0 0.18276484 0.9977191 0.9980974 1.0227151 1.0064689 0.18698733 0.18378629 0.742453 0.67654437 1.0095364 1.0180373 1.0357314 1.0377234 0.67285645 0.6723661 0.29574552 0.29723036 1.0076177 0.51646805 1.0034139 1.0254573 1.0234975 1.0278157 0.682483 0.40923536 1.0211525
0.99999183 0.71316165 0.6960195 0.18276484 0 0.9939465 1.000751 1.0133885 1.0041765 0.16212596 0.15902908 0.74353015 0.6782716 1.0076177 1.019204 1.0373245 1.0337447 0.6767909 0.67089695 0.28631145 0.28499424 1.0099207 0.51229864 1.0060863 1.0341415 1.0278157 1.0172604 0.67926043 0.40630734 1.0274222
0.77546155 0.97024083 0.97720057 0.9977191 0.9939465 0 0.13578178 0.8643263 0.21682899 0.99056727 0.99281836 0.95866317 0.9608204 0.85707986 0.86337715 0.63228023 0.6297288 0.96406794 0.9593815 0.98757625 0.9842255 0.21309961 0.97941184 0.21110934 0.6339084 0.62534213 0.8713238 0.990942 0.96841997 0.8649598
0.7813905 0.97206604 0.96479154 0.9980974 1.000751 0.13578178 0 0.8668633 0.21522841 0.98237044 0.9872032 0.9391723 0.94903165 0.86179787 0.864643 0.6276477 0.62534213 0.9611805 0.9500957 0.99545324 0.98907024 0.21323249 0.98907024 0.21256836 0.61687267 0.6175558 0.85332674 1.0030329 0.9557965 0.86274505
0.86877173 0.9939465 1.0037951 1.0227151 1.0133885 0.8643263 0.8668633 0 0.8608519 1.0199828 1.0126165 0.97867405 0.9980974 0.105942294 0.1098684 0.86972773 0.87613255 0.99923354 1.0015109 1.0083846 1.0076177 0.86909026 0.99885464 0.8643263 0.8897634 0.8545757 0.47220686 1.0080011 0.990942 0.40014434
0.7734957 0.97978103 0.96841997 1.0064689 1.0041765 0.21682899 0.21522841 0.8608519 0 1.0011308 0.9958304 0.9430302 0.9554389 0.85707986 0.8621135 0.63019204 0.6334428 0.9666036 0.959741 1.0037951 0.9946995 0.11183919 0.99885464 0.11056338 0.6306556 0.62373245 0.8486616 0.98907024 0.96769285 0.85707986
0.98794943 0.697032 0.684224 0.18698733 0.16212596 0.99056727 0.98237044 1.0199828 1.0011308 0 0.09769542 0.7365559 0.6677236 1.0068517 1.0203725 1.0317632 1.0227151 0.6643211 0.6604514 0.29012972 0.29145598 1.001891 0.5166672 0.99847597 1.0270288 1.0110749 1.0238891 0.6772841 0.40544835 1.0266355
0.9783054 0.70109564 0.6899731 0.18378629 0.15902908 0.99281836 0.9872032 1.0126165 0.9958304 0.09769542 0 0.7365559 0.66480625 0.99658537 1.0064689 1.0188149 1.01069 0.6602102 0.65948707 0.28777772 0.2880713 0.99658537 0.5142812 0.99281836 1.0188149 1.01146 1.0246727 0.67629796 0.40975326 1.018426
0.99357027 0.72489893 0.71549445 0.742453 0.74353015 0.95866317 0.9391723 0.97867405 0.9430302 0.7365559 0.7365559 0 0.72044325 0.9604604 0.96769285 0.9950763 1.0003713 0.7222747 0.71316165 0.73709005 0.73709005 0.9572284 0.7220128 0.96010065 0.9946995 0.97426224 0.97941184 0.72832423 0.7222747 0.9768326
0.9775687 0.700841 0.68173814 0.67654437 0.6782716 0.9608204 0.94903165 0.9980974 0.9554389 0.6677236 0.66480625 0.72044325 0 0.9939465 1.0076177 1.0091523 1.0049399 0.094966486 0.09134329 0.6682109 0.66650665 0.9511613 0.6733471 0.9565121 0.9977191 0.9768326 0.9931942 0.45165765 0.65277135 0.9857129
0.8668633 0.9950763 0.9901927 1.0095364 1.0076177 0.85707986 0.86179787 0.105942294 0.85707986 1.0068517 0.99658537 0.9604604 0.9939465 0 0.06974465 0.8636934 0.86909026 1.0003713 0.99885464 1.0034139 1.0015109 0.86877173 0.9924427 0.8643263 0.89469224 0.8502134 0.46846247 0.9980974 0.98794943 0.3965725
0.8738847 1.0053219 1.0053219 1.0180373 1.019204 0.86337715 0.864643 0.1098684 0.8621135 1.0203725 1.0064689 0.96769285 1.0076177 0.06974465 0 0.86274505 0.8678169 1.0122308 1.0099207 1.0083846 1.0076177 0.87324363 0.99169195 0.8684533 0.8910746 0.86179787 0.46846247 1.0041765 0.990942 0.40168035
0.81679356 1.0258498 1.0149349 1.0357314 1.0373245 0.63228023 0.6276477 0.86972773 0.63019204 1.0317632 1.0188149 0.9950763 1.0091523 0.8636934 0.86274505 0 0.07746644 1.0130024 1.0099207 1.0130024 1.0060863 0.63554007 1.0180373 0.63251257 0.5628704 0.5542363 0.870685 1.032159 0.99281836 0.87484723
0.8096957 1.0234975 1.0099207 1.0377234 1.0337447 0.6297288 0.62534213 0.87613255 0.6334428 1.0227151 1.01069 1.0003713 1.0049399 0.86909026 0.8678169 0.07746644 0 1.0137748 1.0045581 1.01069 1.0076177 0.6390486 1.0203725 0.63554007 0.5573836 0.55277205 0.86718106 1.0409217 0.9969631 0.87806475
0.9939465 0.70390224 0.68571955 0.67285645 0.6767909 0.96406794 0.9611805 0.99923354 0.9666036 0.6643211 0.6602102 0.7222747 0.094966486 1.0003713 1.0122308 1.0130024 1.0137748 0 0.06941549 0.66796726 0.66650665 0.96334505 0.67580533 0.96841997 1.0149349 0.9831119 1.001891 0.45056275 0.65612173 0.99281836
0.9920673 0.70033205 0.6847222 0.6723661 0.67089695 0.9593815 0.9500957 1.0015109 0.959741 0.6604514 0.65948707 0.71316165 0.09134329 0.99885464 1.0099207 1.0099207 1.0045581 0.06941549 0 0.6599691 0.6599691 0.9590223 0.66748005 0.9626228 1.0076177 0.9827411 0.99999183 0.44965157 0.6515784 0.9872032
0.9894442 0.69804585 0.68223464 0.29574552 0.28631145 0.98757625 0.99545324 1.0083846 1.0037951 0.29012972 0.28777772 0.73709005 0.6682109 1.0034139 1.0083846 1.0130024 1.01069 0.66796726 0.6599691 0 0.04269236 1.0060863 0.5126947 1.0037951 0.99999183 1.0080011 1.0301816 0.68198633 0.41931194 1.018426
0.9838541 0.6950084 0.6785187 0.29723036 0.28499424 0.9842255 0.98907024 1.0076177 0.9946995 0.29145598 0.2880713 0.73709005 0.66650665 1.0015109 1.0076177 1.0060863 1.0076177 0.66650665 0.6599691 0.04269236 0 1.0015109 0.51388425 0.99847597 0.99131685 1.0126165 1.0305767 0.682483 0.41182843 1.0180373
0.78650993 0.97867405 0.9698763 1.0076177 1.0099207 0.21309961 0.21323249 0.86909026 0.11183919 1.001891 0.99658537 0.9572284 0.9511613 0.86877173 0.87324363 0.63554007 0.6390486 0.96334505 0.9590223 1.0060863 1.0015109 0 0.99961257 0.015049997 0.6336756 0.62143886 0.85833514 0.9931942 0.9669665 0.85896355
0.98348296 0.68721807 0.6802505 0.51646805 0.51229864 0.97941184 0.98907024 0.99885464 0.99885464 0.5166672 0.5142812 0.7220128 0.6733471 0.9924427 0.99169195 1.0180373 1.0203725 0.67580533 0.66748005 0.5126947 0.51388425 0.99961257 0 0.9969631 1.0034139 0.9980974 0.99999183 0.6782716 0.5115071 0.98125964
0.7859394 0.9808897 0.97426224 1.0034139 1.0060863 0.21110934 0.21256836 0.8643263 0.11056338 0.99847597 0.99281836 0.96010065 0.9565121 0.8643263 0.8684533 0.63251257 0.63554007 0.96841997 0.9626228 1.0037951 0.99847597 0.015049997 0.9969631 0 0.6320479 0.6198375 0.8573935 0.99131685 0.9662408 0.85959244
0.8099901 0.9962078 0.9898184 1.0254573 1.0341415 0.6339084 0.61687267 0.8897634 0.6306556 1.0270288 1.0188149 0.9946995 0.9977191 0.89469224 0.8910746 0.5628704 0.5573836 1.0149349 1.0076177 0.99999183 0.99131685 0.6336756 1.0034139 0.6320479 0 0.5356249 0.89932185 1.0266355 0.98832285 0.9073255
0.7994636 0.9950763 0.97720057 1.0234975 1.0278157 0.62534213 0.6175558 0.8545757 0.62373245 1.0110749 1.01146 0.97426224 0.9768326 0.8502134 0.86179787 0.5542363 0.55277205 0.9831119 0.9827411 1.0080011 1.0126165 0.62143886 0.9980974 0.6198375 0.5356249 0 0.8643263 0.9950763 0.9857129 0.8483516
0.8602219 1.0118452 0.9872032 1.0278157 1.0172604 0.8713238 0.85332674 0.47220686 0.8486616 1.0238891 1.0246727 0.97941184 0.9931942 0.46846247 0.46846247 0.870685 0.86718106 1.001891 0.99999183 1.0301816 1.0305767 0.85833514 0.99999183 0.8573935 0.89932185 0.8643263 0 1.0172604 0.9827411 0.471644
1.0270288 0.70441365 0.6929902 0.682483 0.67926043 0.990942 1.0030329 1.0080011 0.98907024 0.6772841 0.67629796 0.72832423 0.45165765 0.9980974 1.0041765 1.032159 1.0409217 0.45056275 0.44965157 0.68198633 0.682483 0.9931942 0.6782716 0.99131685 1.0266355 0.9950763 1.0172604 0 0.65492344 1.0149349
0.97316337 0.6807461 0.671876 0.40923536 0.40630734 0.96841997 0.9557965 0.990942 0.96769285 0.40544835 0.40975326 0.7222747 0.65277135 0.98794943 0.990942 0.99281836 0.9969631 0.65612173 0.6515784 0.41931194 0.41182843 0.9669665 0.5115071 0.9662408 0.98832285 0.9857129 0.9827411 0.65492344 0 0.9775687
0.86337715 1.0164845 0.9924427 1.0211525 1.0274222 0.8649598 0.86274505 0.40014434 0.85707986 1.0266355 1.018426 0.9768326 0.9857129 0.3965725 0.40168035 0.87484723 0.87806475 0.99281836 0.9872032 1.018426 1.0180373 0.85896355 0.98125964 0.85959244 0.9073255 0.8483516 0.471644 1.0149349 0.9775687 0
