0 1.009963796 1.000826596 0.401851256 0.407148026 0.408864666 1.008051096 1.009580896 1.005381196 0.988814396 0.765088796 1.006524296 0.765088796 0.772029396 0.768967646 1.001205166 1.006524296 0.764536296 0.763156846 1.014959996 1.013034496 0.403385176 0.996299466 0.403214596 0.335415996 0.338382616 1.007669096 0.997428696 1.011497496 1.011881496
1.009963796 0 0.147796406 0.990305446 0.999314566 0.993671196 0.155234896 0.156829716 0.592334226 0.588830546 1.003100496 0.418203046 1.000448296 0.999314566 1.008433196 0.591895356 0.592992996 1.010346896 1.008051096 0.424669346 0.424318396 0.988442096 0.424318396 0.987698036 0.983618896 0.985841096 0.591676096 0.580358346 0.420817796 0.417507296
1.000826596 0.147796406 0 0.992921896 0.999314566 0.993671196 0.160893446 0.162624106 0.595633796 0.588393796 1.013034496 0.419073596 1.014959996 1.018051196 1.030544896 0.594092196 0.592553756 1.021155196 1.016503996 0.428187996 0.427835396 0.983249146 0.422916196 0.982510226 0.988442096 0.990305446 0.592114766 0.585778256 0.419945196 0.419073596
0.401851256 0.990305446 0.992921896 0 0.189844836 0.188050276 0.981403246 0.980666096 1.003859996 0.999314566 0.778190746 0.995547556 0.775383896 0.788098496 0.781572956 0.991425656 0.996675696 0.771193166 0.769245466 1.023491596 1.017277196 0.133137186 1.003859996 0.133375196 0.403044036 0.413692256 0.988069996 0.982510226 1.009963796 1.018051196
0.407148026 0.999314566 0.999314566 0.189844836 0 0.117709141 0.993296466 1.000070236 1.006905696 1.003100496 0.780443866 1.006143096 0.777347596 0.783836266 0.781572956 1.001583836 1.007287296 0.763708296 0.763708296 1.026618296 1.019989596 0.193317966 1.002721026 0.193704866 0.409380426 0.421866256 1.003859996 1.013804096 1.025835396 1.025444296
0.408864666 0.993671196 0.993671196 0.188050276 0.117709141 0 0.981034596 0.991425656 1.009198096 0.997428696 0.776505396 1.003859996 0.770636156 0.781008196 0.777066796 1.001583836 1.008051096 0.762605796 0.760955056 1.018438496 1.011497496 0.190615256 1.002721026 0.190743736 0.406976566 0.419247856 1.008433196 1.009198096 1.013804096 1.017664096
1.008051096 0.155234896 0.160893446 0.981403246 0.993296466 0.981034596 0 0.113060846 0.597841696 0.594972746 1.017664096 0.416117776 1.013419196 1.012265596 1.023491596 0.589486256 0.592553756 1.022711996 1.020766496 0.422216076 0.421691396 0.980666096 0.417681176 0.980297896 0.983988836 0.994796496 0.583171796 0.581655596 0.421167126 0.416638546
1.009580896 0.156829716 0.162624106 0.980666096 1.000070236 0.991425656 0.113060846 0 0.595633796 0.590361436 1.016503996 0.419770796 1.010730296 1.010730296 1.020766496 0.589486256 0.589704946 1.016503996 1.016117696 0.424142976 0.423266496 0.990305446 0.420817796 0.991052046 0.990678626 0.994046046 0.580574396 0.579710596 0.421516616 0.420992426
1.005381196 0.592334226 0.595633796 1.003859996 1.006905696 1.009198096 0.597841696 0.595633796 0 0.103392206 1.011497496 0.583822596 1.005000696 1.006905696 1.009198096 0.259315296 0.259174516 1.006143096 1.005762096 0.587738996 0.588393796 1.001583836 0.574119996 1.001962736 0.981403246 1.000448296 0.255383416 0.255103366 0.581439196 0.585343196
0.988814396 0.588830546 0.588393796 0.999314566 1.003100496 0.997428696 0.594972746 0.590361436 0.103392206 0 1.003100496 0.585995896 0.998936996 0.998182436 1.004240096 0.262419126 0.262277766 0.998559596 0.995547556 0.590799346 0.591676096 0.998182436 0.574334196 0.997428696 0.980297896 0.988814396 0.261288996 0.260019596 0.583822596 0.585125766
0.765088796 1.003100496 1.013034496 0.778190746 0.780443866 0.776505396 1.017664096 1.016503996 1.011497496 1.003100496 0 1.016890396 0.0901295559999998 0.0939595459999998 0.0901295559999998 1.004620196 1.000448296 0.196548226 0.195254446 1.021544096 1.016890396 0.781290546 1.017277196 0.780725996 0.776505396 0.789524596 1.006905696 0.991052046 1.028578996 1.021933196
1.006524296 0.418203046 0.419073596 0.995547556 1.006143096 1.003859996 0.416117776 0.419770796 0.583822596 0.585995896 1.016890396 0 1.016117696 1.025053296 1.023101696 0.575406446 0.579063396 1.026618296 1.021544096 0.233574756 0.233574756 0.997052096 0.199532396 0.997428696 1.002721026 1.002341766 0.573905796 0.582088496 0.231536896 0.225456326
0.765088796 1.000448296 1.014959996 0.775383896 0.777347596 0.770636156 1.013419196 1.010730296 1.005000696 0.998936996 0.0901295559999998 1.016117696 0 0.0875497259999998 0.0850903459999998 1.000448296 1.000826596 0.189203426 0.186515486 1.027401896 1.023101696 0.779034896 1.011881496 0.778471996 0.776224896 0.784119696 1.006524296 0.990678626 1.035284296 1.021544096
0.772029396 0.999314566 1.018051196 0.788098496 0.783836266 0.781008196 1.012265596 1.010730296 1.006905696 0.998182436 0.0939595459999998 1.025053296 0.0875497259999998 0 0.0811942359999998 1.009963796 1.008815496 0.196289296 0.194091946 1.023101696 1.018825896 0.787528796 1.013419196 0.786675056 0.776505396 0.788953796 1.006143096 0.999314566 1.027401896 1.024662496
0.768967646 1.008433196 1.030544896 0.781572956 0.781572956 0.777066796 1.023491596 1.020766496 1.009198096 1.004240096 0.0901295559999998 1.023101696 0.0850903459999998 0.0811942359999998 0 1.002721026 1.001962736 0.189973196 0.187666286 1.025835396 1.021933196 0.784686766 1.013419196 0.783836266 0.776505396 0.791239496 1.001583836 0.992921896 1.032515996 1.028186496
1.001205166 0.591895356 0.594092196 0.991425656 1.001583836 1.001583836 0.589486256 0.589486256 0.259315296 0.262419126 1.004620196 0.575406446 1.000448296 1.009963796 1.002721026 0 0.0310575199999998 1.006524296 1.000070236 0.580574396 0.580790536 0.987698036 0.573691596 0.987326296 0.974429866 0.995923396 0.219691716 0.218490756 0.576480196 0.576910096
1.006524296 0.592992996 0.592553756 0.996675696 1.007287296 1.008051096 0.592553756 0.589704946 0.259174516 0.262277766 1.000448296 0.579063396 1.000826596 1.008815496 1.001962736 0.0310575199999998 0 1.004240096 1.000826596 0.584256726 0.584256726 0.994796496 0.577985956 0.994421146 0.979929766 0.997428696 0.219424666 0.218624096 0.580574396 0.580358346
0.764536296 1.010346896 1.021155196 0.771193166 0.763708296 0.762605796 1.022711996 1.016503996 1.006143096 0.998559596 0.196548226 1.026618296 0.189203426 0.196289296 0.189973196 1.006524296 1.004240096 0 0.0174731739999998 1.022711996 1.020377996 0.770914596 1.018051196 0.770079596 0.768134736 0.782986696 1.006143096 0.991425656 1.030151396 1.032515996
0.763156846 1.008051096 1.016503996 0.769245466 0.763708296 0.760955056 1.020766496 1.016117696 1.005762096 0.995547556 0.195254446 1.021544096 0.186515486 0.194091946 0.187666286 1.000070236 1.000826596 0.0174731739999998 0 1.019601596 1.017277196 0.768412296 1.011881496 0.767302826 0.765641696 0.780443866 1.003100496 0.986583296 1.023881696 1.028578996
1.014959996 0.424669346 0.428187996 1.023491596 1.026618296 1.018438496 0.422216076 0.424142976 0.587738996 0.590799346 1.021544096 0.233574756 1.027401896 1.023101696 1.025835396 0.580574396 0.584256726 1.022711996 1.019601596 0 0.00694099999999977 1.016503996 0.231401236 1.014959996 1.009198096 1.014574396 0.586866936 0.588612156 0.165848856 0.160893446
1.013034496 0.424318396 0.427835396 1.017277196 1.019989596 1.011497496 0.421691396 0.423266496 0.588393796 0.591676096 1.016890396 0.233574756 1.023101696 1.018825896 1.021933196 0.580790536 0.584256726 1.020377996 1.017277196 0.00694099999999977 0 1.012649896 0.231808296 1.011113796 1.005381196 1.011497496 0.588175436 0.588612156 0.166221826 0.161387506
0.403385176 0.988442096 0.983249146 0.133137186 0.193317966 0.190615256 0.980666096 0.990305446 1.001583836 0.998182436 0.781290546 0.997052096 0.779034896 0.787528796 0.784686766 0.987698036 0.994796496 0.770914596 0.768412296 1.016503996 1.012649896 0 1.003100496 0.00603647729999977 0.405606396 0.415250616 0.987698036 0.989932396 1.009963796 1.016117696
0.996299466 0.424318396 0.422916196 1.003859996 1.002721026 1.002721026 0.417681176 0.420817796 0.574119996 0.574334196 1.017277196 0.199532396 1.011881496 1.013419196 1.013419196 0.573691596 0.577985956 1.018051196 1.011881496 0.231401236 0.231808296 1.003100496 0 1.001583836 0.991799436 0.986583296 0.572408156 0.571980796 0.230723296 0.222903696
0.403214596 0.987698036 0.982510226 0.133375196 0.193704866 0.190743736 0.980297896 0.991052046 1.001962736 0.997428696 0.780725996 0.997428696 0.778471996 0.786675056 0.783836266 0.987326296 0.994421146 0.770079596 0.767302826 1.014959996 1.011113796 0.00603647729999977 1.001583836 0 0.406291176 0.415770796 0.987326296 0.988814396 1.008433196 1.014189196
0.335415996 0.983618896 0.988442096 0.403044036 0.409380426 0.406976566 0.983988836 0.990678626 0.981403246 0.980297896 0.776505396 1.002721026 0.776224896 0.776505396 0.776505396 0.974429866 0.979929766 0.768134736 0.765641696 1.009198096 1.005381196 0.405606396 0.991799436 0.406291176 0 0.185366456 0.975526596 0.975526596 1.002341766 1.006524296
0.338382616 0.985841096 0.990305446 0.413692256 0.421866256 0.419247856 0.994796496 0.994046046 1.000448296 0.988814396 0.789524596 1.002341766 0.784119696 0.788953796 0.791239496 0.995923396 0.997428696 0.782986696 0.780443866 1.014574396 1.011497496 0.415250616 0.986583296 0.415770796 0.185366456 0 0.994421146 0.992547596 1.006905696 0.998559596
1.007669096 0.591676096 0.592114766 0.988069996 1.003859996 1.008433196 0.583171796 0.580574396 0.255383416 0.261288996 1.006905696 0.573905796 1.006524296 1.006143096 1.001583836 0.219691716 0.219424666 1.006143096 1.003100496 0.586866936 0.588175436 0.987698036 0.572408156 0.987326296 0.975526596 0.994421146 0 0.173218386 0.576480196 0.583171796
0.997428696 0.580358346 0.585778256 0.982510226 1.013804096 1.009198096 0.581655596 0.579710596 0.255103366 0.260019596 0.991052046 0.582088496 0.990678626 0.999314566 0.992921896 0.218490756 0.218624096 0.991425656 0.986583296 0.588612156 0.588612156 0.989932396 0.571980796 0.988814396 0.975526596 0.992547596 0.173218386 0 0.578632256 0.580574396
1.011497496 0.420817796 0.419945196 1.009963796 1.025835396 1.013804096 0.421167126 0.421516616 0.581439196 0.583822596 1.028578996 0.231536896 1.035284296 1.027401896 1.032515996 0.576480196 0.580574396 1.030151396 1.023881696 0.165848856 0.166221826 1.009963796 0.230723296 1.008433196 1.002341766 1.006905696 0.576480196 0.578632256 0 0.155480026
1.011881496 0.417507296 0.419073596 1.018051196 1.025444296 1.017664096 0.416638546 0.420992426 0.585343196 0.585125766 1.021933196 0.225456326 1.021544096 1.024662496 1.028186496 0.576910096 0.580358346 1.032515996 1.028578996 0.160893446 0.161387506 1.016117696 0.222903696 1.014189196 1.006524296 0.998559596 0.583171796 0.580574396 0.155480026 0
