0 0.9923892389 1.0187479389 1.0014527389 1.0175823389 1.0187479389 0.9712923389 1.0191368389 1.0253869389 1.0308986389 1.0234281389 0.6374972389 0.6554848689 0.6516620089 1.0003137689 1.0041170389 1.0121671389 0.9742177389 0.9727535989 1.0106272389 1.0110119389 1.0106272389 0.6566835389 1.0102426389 0.9961523389 1.0006932389 1.0029739389 0.6627057389 1.0257792389 1.0121671389
0.9923892389 0 0.8141498689 0.8079600389 0.7438520889 0.7368778389 0.2632705989 0.7657274789 0.7735371689 0.8735655689 0.8627511389 1.0060259389 0.9767868389 0.9804723389 0.8132624789 0.8141498689 0.7635110389 0.2671142089 0.2676853089 0.7640645089 0.7629579389 0.7503479889 1.0281376389 0.7503479889 0.8505353389 0.8412721889 0.7885461389 1.0033548389 0.7699011389 0.7487187389
1.0187479389 0.8141498689 0 0.2039160589 0.8162245889 0.8129669389 0.8180074789 0.8278898389 0.8269860389 0.8703686389 0.8684569789 1.0033548389 0.9775225089 0.9838048989 0.2184873389 0.2230490689 0.8150383389 0.8183050389 0.8174126889 0.8147420989 0.8144459389 0.8067867889 1.0328770389 0.8059080389 0.8391271389 0.8324251889 0.3543461989 1.0144831389 0.8186026989 0.8197946389
1.0014527389 0.8079600389 0.2039160589 0 0.7994952989 0.7989149789 0.8029863389 0.8123761389 0.8047379989 0.8577154389 0.8621198089 0.9905146389 0.9680147889 0.9723879789 0.2124921089 0.2142191489 0.7971768389 0.8097233389 0.8094291789 0.7957314989 0.7960203389 0.8024033389 1.0164186389 0.8026948389 0.8363781689 0.8254821389 0.3457382389 0.9845474389 0.8064937689 0.8117858389
1.0175823389 0.7438520889 0.8162245889 0.7994952989 0 0.1942704589 0.7403568389 0.6658564989 0.6583648389 0.8555228889 0.8496039089 0.9749508389 0.9991765789 1.0048800389 0.8191984389 0.8189004789 0.6547665689 0.7366108389 0.7368778389 0.6550059389 0.6545273389 0.6590865989 1.0356555389 0.6588459789 0.8406586789 0.8589711889 0.7997855389 1.0297141389 0.6707297689 0.2857549889
1.0187479389 0.7368778389 0.8129669389 0.7989149789 0.1942704589 0 0.7384814789 0.6685328389 0.6660993789 0.8748481389 0.8748481389 1.0006932389 1.0067908389 0.9999345089 0.8106065389 0.8162245889 0.6571635389 0.7320871389 0.7331490389 0.6571635389 0.6569234889 0.6545273389 1.0261717389 0.6542881389 0.8548976389 0.8520904389 0.8015297789 1.0144831389 0.6605321389 0.2892747389
0.9712923389 0.2632705989 0.8180074789 0.8029863389 0.7403568389 0.7384814789 0 0.7547100389 0.7618529389 0.8592854889 0.8474348889 0.9901403389 0.9819516389 0.9808418889 0.8138539889 0.8144459389 0.7582730389 0.1239779189 0.1255125089 0.7599231789 0.7593727389 0.7379465389 1.0003137689 0.7379465389 0.8468163789 0.8382096989 0.7934246789 1.0022129389 0.7738176389 0.7514361389
1.0191368389 0.7657274789 0.8278898389 0.8123761389 0.6658564989 0.6685328389 0.7547100389 0 0.0974480129 0.8684569789 0.8608587389 0.9946448389 1.0191368389 1.0106272389 0.8245812389 0.8263840789 0.1413955989 0.7533441889 0.7552570889 0.1413955989 0.1407923689 0.2974037089 1.0356555389 0.2977009589 0.8595998389 0.8611738389 0.8303052889 1.0214744389 0.3328529389 0.6614974389
1.0253869389 0.7735371689 0.8269860389 0.8047379989 0.6583648389 0.6660993789 0.7618529389 0.0974480129 0 0.8770979789 0.8700496689 1.0018328389 1.0297141389 1.0222552389 0.8215860389 0.8218850089 0.1394669589 0.7615769389 0.7632344389 0.1400691289 0.1394669589 0.2951779389 1.0376464389 0.2956225689 0.8548976389 0.8710069389 0.8269860389 1.0301087389 0.3339443089 0.6569234889
1.0308986389 0.8735655689 0.8703686389 0.8577154389 0.8555228889 0.8748481389 0.8592854889 0.8684569789 0.8770979789 0 0.0632930539 0.9786273389 1.0006932389 1.0044984389 0.8624354389 0.8640153389 0.8764544889 0.8605438389 0.8605438389 0.8748481389 0.8751691689 0.8745272889 1.0064082389 0.8732452389 0.5938882389 0.5960980389 0.8758115389 1.0018328389 0.8993121389 0.8636990889
1.0234281389 0.8627511389 0.8684569789 0.8621198089 0.8496039089 0.8748481389 0.8474348889 0.8608587389 0.8700496689 0.0632930539 0 0.9767868389 0.9987979089 1.0033548389 0.8636990889 0.8671852389 0.8684569789 0.8508461389 0.8511570389 0.8678208689 0.8671852389 0.8659156689 1.0010729389 0.8652817389 0.5851136389 0.5930061389 0.8722851389 1.0064082389 0.8913965389 0.8586570789
0.6374972389 1.0060259389 1.0033548389 0.9905146389 0.9749508389 1.0006932389 0.9901403389 0.9946448389 1.0018328389 0.9786273389 0.9767868389 0 0.5956555789 0.5923452389 0.9890183989 0.9991765789 1.0052618389 1.0025934389 1.0044984389 1.0052618389 1.0041170389 0.9882713689 0.5098537989 0.9886447889 0.9860348389 0.9980410389 1.0102426389 0.6023202389 0.9953982389 0.9856627389
0.6554848689 0.9767868389 0.9775225089 0.9680147889 0.9991765789 1.0067908389 0.9819516389 1.0191368389 1.0297141389 1.0006932389 0.9987979089 0.5956555789 0 0.0514240109 0.9651134789 0.9745841789 1.0160312389 0.9826923789 0.9830630389 1.0156439389 1.0168064389 1.0037358389 0.6135615389 1.0022129389 1.0110119389 1.0148699389 0.9775225089 0.3398967189 1.0152568389 1.0025934389
0.6516620089 0.9804723389 0.9838048989 0.9723879789 1.0048800389 0.9999345089 0.9808418889 1.0106272389 1.0222552389 1.0044984389 1.0033548389 0.5923452389 0.0514240109 0 0.9694697389 0.9801029689 1.0098583389 0.9808418889 0.9808418889 1.0090902389 1.0098583389 0.9987979089 0.6090448089 0.9976629789 1.0079396389 1.0222552389 0.9819516389 0.3397394889 1.0156439389 1.0056438389
1.0003137689 0.8132624789 0.2184873389 0.2124921089 0.8191984389 0.8106065389 0.8138539889 0.8245812389 0.8215860389 0.8624354389 0.8636990889 0.9890183989 0.9651134789 0.9694697389 0 0.0483259369 0.8094291789 0.8168184389 0.8168184389 0.8082536389 0.8079600389 0.8041536389 1.0037358389 0.8038616889 0.8333355889 0.8369882389 0.3535449989 0.9841760389 0.8059080389 0.8186026989
1.0041170389 0.8141498689 0.2230490689 0.2142191489 0.8189004789 0.8162245889 0.8144459389 0.8263840789 0.8218850089 0.8640153389 0.8671852389 0.9991765789 0.9745841789 0.9801029689 0.0483259369 0 0.8076665389 0.8174126889 0.8177099989 0.8067867889 0.8070799389 0.8035698089 1.0102426389 0.8035698089 0.8397393989 0.8369882389 0.3546669389 0.9946448389 0.8050303389 0.8254821389
1.0121671389 0.7635110389 0.8150383389 0.7971768389 0.6547665689 0.6571635389 0.7582730389 0.1413955989 0.1394669589 0.8764544889 0.8684569789 1.0052618389 1.0160312389 1.0098583389 0.8094291789 0.8076665389 0 0.7593727389 0.7624052389 0.00554004939999999 0.00513736459999998 0.2969580089 1.0332733389 0.2972551089 0.8586570789 0.8732452389 0.8233816789 1.0152568389 0.3351935389 0.6562038389
0.9742177389 0.2671142089 0.8183050389 0.8097233389 0.7366108389 0.7320871389 0.1239779189 0.7533441889 0.7615769389 0.8605438389 0.8508461389 1.0025934389 0.9826923789 0.9808418889 0.8168184389 0.8174126889 0.7593727389 0 0.00493610349999998 0.7615769389 0.7607495889 0.7374119889 1.0052618389 0.7371448389 0.8461982789 0.8409653389 0.7994952989 1.0018328389 0.7693433389 0.7427749389
0.9727535989 0.2676853089 0.8174126889 0.8094291789 0.7368778389 0.7331490389 0.1255125089 0.7552570889 0.7632344389 0.8605438389 0.8511570389 1.0044984389 0.9830630389 0.9808418889 0.8168184389 0.8177099989 0.7624052389 0.00493610349999998 0 0.7646184689 0.7637876989 0.7400886389 1.0044984389 0.7398205389 0.8465072389 0.8409653389 0.8003665389 1.0022129389 0.7710180389 0.7449308389
1.0106272389 0.7640645089 0.8147420989 0.7957314989 0.6550059389 0.6571635389 0.7599231789 0.1413955989 0.1400691289 0.8748481389 0.8678208689 1.0052618389 1.0156439389 1.0090902389 0.8082536389 0.8067867889 0.00554004939999999 0.7615769389 0.7646184689 0 0.00262547289999998 0.2971065389 1.0312939389 0.2974037089 0.8586570789 0.8754902389 0.8221840989 1.0133243389 0.3344125389 0.6554848689
1.0110119389 0.7629579389 0.8144459389 0.7960203389 0.6545273389 0.6569234889 0.7593727389 0.1407923689 0.1394669589 0.8751691689 0.8671852389 1.0041170389 1.0168064389 1.0098583389 0.8079600389 0.8070799389 0.00513736459999998 0.7607495889 0.7637876989 0.00262547289999998 0 0.2962158189 1.0332733389 0.2965126189 0.8586570789 0.8751691689 0.8227826389 1.0137104389 0.3331646189 0.6547665689
1.0106272389 0.7503479889 0.8067867889 0.8024033389 0.6590865989 0.6545273389 0.7379465389 0.2974037089 0.2951779389 0.8745272889 0.8659156689 0.9882713689 1.0037358389 0.9987979089 0.8041536389 0.8035698089 0.2969580089 0.7374119889 0.7400886389 0.2971065389 0.2962158189 0 1.0464701389 0.00152289999999999 0.8492936389 0.8496039089 0.8067867889 1.0048800389 0.3285033389 0.6511855389
0.6566835389 1.0281376389 1.0328770389 1.0164186389 1.0356555389 1.0261717389 1.0003137689 1.0356555389 1.0376464389 1.0064082389 1.0010729389 0.5098537989 0.6135615389 0.6090448089 1.0037358389 1.0102426389 1.0332733389 1.0052618389 1.0044984389 1.0312939389 1.0332733389 1.0464701389 0 1.0460668389 1.0041170389 1.0133243389 1.0289255389 0.6162846789 1.0484901389 1.0098583389
1.0102426389 0.7503479889 0.8059080389 0.8026948389 0.6588459789 0.6542881389 0.7379465389 0.2977009589 0.2956225689 0.8732452389 0.8652817389 0.9886447889 1.0022129389 0.9976629789 0.8038616889 0.8035698089 0.2972551089 0.7371448389 0.7398205389 0.2974037089 0.2965126189 0.00152289999999999 1.0460668389 0 0.8483637389 0.8486735389 0.8064937689 1.0056438389 0.3286582089 0.6511855389
0.9961523389 0.8505353389 0.8391271389 0.8363781689 0.8406586789 0.8548976389 0.8468163789 0.8595998389 0.8548976389 0.5938882389 0.5851136389 0.9860348389 1.0110119389 1.0079396389 0.8333355889 0.8397393989 0.8586570789 0.8461982789 0.8465072389 0.8586570789 0.8586570789 0.8492936389 1.0041170389 0.8483637389 0 0.4838754689 0.8477443389 1.0079396389 0.8710069389 0.8508461389
1.0006932389 0.8412721889 0.8324251889 0.8254821389 0.8589711889 0.8520904389 0.8382096989 0.8611738389 0.8710069389 0.5960980389 0.5930061389 0.9980410389 1.0148699389 1.0222552389 0.8369882389 0.8369882389 0.8732452389 0.8409653389 0.8409653389 0.8754902389 0.8751691689 0.8496039089 1.0133243389 0.8486735389 0.4838754689 0 0.8230820989 1.0191368389 0.8652817389 0.8577154389
1.0029739389 0.7885461389 0.3543461989 0.3457382389 0.7997855389 0.8015297789 0.7934246789 0.8303052889 0.8269860389 0.8758115389 0.8722851389 1.0102426389 0.9775225089 0.9819516389 0.3535449989 0.3546669389 0.8233816789 0.7994952989 0.8003665389 0.8221840989 0.8227826389 0.8067867889 1.0289255389 0.8064937689 0.8477443389 0.8230820989 0 1.0052618389 0.8293985889 0.8120809389
0.6627057389 1.0033548389 1.0144831389 0.9845474389 1.0297141389 1.0144831389 1.0022129389 1.0214744389 1.0301087389 1.0018328389 1.0064082389 0.6023202389 0.3398967189 0.3397394889 0.9841760389 0.9946448389 1.0152568389 1.0018328389 1.0022129389 1.0133243389 1.0137104389 1.0048800389 0.6162846789 1.0056438389 1.0079396389 1.0191368389 1.0052618389 0 1.0352580389 1.0133243389
1.0257792389 0.7699011389 0.8186026989 0.8064937689 0.6707297689 0.6605321389 0.7738176389 0.3328529389 0.3339443089 0.8993121389 0.8913965389 0.9953982389 1.0152568389 1.0156439389 0.8059080389 0.8050303389 0.3351935389 0.7693433389 0.7710180389 0.3344125389 0.3331646189 0.3285033389 1.0484901389 0.3286582089 0.8710069389 0.8652817389 0.8293985889 1.0352580389 0 0.6739145089
1.0121671389 0.7487187389 0.8197946389 0.8117858389 0.2857549889 0.2892747389 0.7514361389 0.6614974389 0.6569234889 0.8636990889 0.8586570789 0.9856627389 1.0025934389 1.0056438389 0.8186026989 0.8254821389 0.6562038389 0.7427749389 0.7449308389 0.6554848689 0.6547665689 0.6511855389 1.0098583389 0.6511855389 0.8508461389 0.8577154389 0.8120809389 1.0133243389 0.6739145089 0
