0 1.0207624 0.7293813 0.75138646 1.0164845 1.0015109 0.47729164 0.4797522 1.0160967 1.0126165 0.6171003 1.0099207 0.61960906 0.6267246 0.62603307 1.0072346 1.0118452 1.0053219 1.0076177 0.47672495 0.48127043 0.99734104 1.015322 0.9962078 0.6269553 1.0301816 0.9939465 1.0011308 1.002652 1.0258498
1.0207624 0 1.0141612 1.0095364 0.487949 0.49294904 1.0064689 0.9969631 0.48355353 0.48108047 1.025065 0.48355353 1.0227151 1.0215429 1.0195932 0.43808508 0.44150028 0.48852423 0.4869913 1.0176488 1.0203725 0.5085462 0.25644532 0.50540066 1.032159 0.71783453 0.7126442 0.4474692 0.5256829 0.16860871
0.7293813 1.0141612 0 0.13291097 1.0110749 1.0164845 0.7209661 0.71549445 1.018426 1.015322 0.7524766 0.9958304 0.7483968 0.7446089 0.7543881 0.99281836 0.99281836 1.001891 0.99885464 0.72832423 0.72700495 0.9775687 1.019204 0.97609735 0.7427221 0.9943229 0.9901927 0.9898184 1.0080011 1.0317632
0.75138646 1.0095364 0.13291097 0 1.0203725 1.0211525 0.7341567 0.7307048 1.0262426 1.0242808 0.7640195 0.99847597 0.7593259 0.75302225 0.76042765 1.0060863 1.0037951 1.0041765 1.0045581 0.73789203 0.73842716 0.98125964 1.0234975 0.97941184 0.75138646 1.0118452 0.99923354 1.0045581 0.99999183 1.0293922
1.0164845 0.487949 1.0110749 1.0203725 0 0.14095297 1.0258498 1.0238891 0.12779474 0.12684672 1.0266355 0.4566045 1.0095364 1.0305767 1.0337447 0.4939144 0.497012 0.13734141 0.13542233 1.0083846 1.014548 0.5038329 0.497012 0.49895447 1.0385218 0.71887696 0.71316165 0.50070703 0.50736505 0.49623638
1.0015109 0.49294904 1.0164845 1.0211525 0.14095297 0 1.0130024 1.01146 0.14071167 0.13806233 1.0188149 0.45992067 0.9980974 1.0141612 1.0199828 0.48546144 0.49063718 0.11696423 0.11486339 0.9977191 1.0022715 0.49662408 0.496818 0.4919849 1.0137748 0.7193987 0.71083605 0.49372122 0.5061858 0.4975942
0.47729164 1.0064689 0.7209661 0.7341567 1.0258498 1.0130024 0 0.09111743 1.0126165 1.0219333 0.6212099 1.0095364 0.62258476 0.618924 0.61960906 0.99961257 1.0091523 1.0053219 1.0060863 0.2880713 0.29057157 1.0110749 1.001891 1.0164845 0.6157354 1.0195932 0.98794943 1.0030329 1.0164845 1.0266355
0.4797522 0.9969631 0.71549445 0.7307048 1.0238891 1.01146 0.09111743 0 1.0188149 1.0246727 0.6258027 0.99923354 0.62258476 0.62511194 0.62373245 0.9857129 0.99658537 1.0049399 1.0060863 0.29086626 0.29337585 1.0034139 1.0041765 1.0080011 0.617328 1.0137748 0.9816297 0.99281836 1.0072346 1.0242808
1.0160967 0.48355353 1.018426 1.0262426 0.12779474 0.14071167 1.0126165 1.0188149 0 0.07018376 1.0242808 0.45807657 1.0072346 1.0223241 1.0211525 0.491022 0.4927561 0.13662118 0.13590164 1.0118452 1.0207624 0.50598943 0.49256322 0.49876 1.0373245 0.71367943 0.7051815 0.4956552 0.50815225 0.49333504
1.0126165 0.48108047 1.015322 1.0242808 0.12684672 0.13806233 1.0219333 1.0246727 0.07018376 0 1.0118452 0.45440188 0.99281836 1.0223241 1.0195932 0.48852423 0.48948392 0.13578178 0.13338867 1.0099207 1.0168724 0.5003172 0.4919849 0.4943009 1.0246727 0.7129029 0.69804585 0.491407 0.50148726 0.48986816
0.6171003 1.025065 0.7524766 0.7640195 1.0266355 1.0188149 0.6212099 0.6258027 1.0242808 1.0118452 0 1.0118452 0.06253621 0.2000604 0.19914696 1.019204 1.0199828 1.0168724 1.0157093 0.6364741 0.63834554 1.014548 1.0195932 1.014548 0.2341177 1.0349361 1.0011308 1.0103053 1.0207624 1.0317632
1.0099207 0.48355353 0.9958304 0.99847597 0.4566045 0.45992067 1.0095364 0.99923354 0.45807657 0.45440188 1.0118452 0 1.0103053 1.0242808 1.0227151 0.48108047 0.48089057 0.45678836 0.44983372 1.0168724 1.0231062 0.49856558 0.49044484 0.49856558 1.018426 0.71627367 0.71342045 0.4822209 0.50775856 0.4939144
0.61960906 1.0227151 0.7483968 0.7593259 1.0095364 0.9980974 0.62258476 0.62258476 1.0072346 0.99281836 0.06253621 1.0103053 0 0.20162888 0.19966878 1.0087683 1.0076177 1.0037951 0.9969631 0.6306556 0.6357735 1.0118452 1.0160967 1.0091523 0.23754142 1.0258498 0.982 1.0015109 1.0164845 1.0231062
0.6267246 1.0215429 0.7446089 0.75302225 1.0305767 1.0141612 0.618924 0.62511194 1.0223241 1.0223241 0.2000604 1.0242808 0.20162888 0 0.07007396 1.015322 1.015322 1.0234975 1.0227151 0.6311194 0.63414127 1.0258498 1.0266355 1.0180373 0.23946556 1.036926 0.9962078 1.0157093 1.0341415 1.0337447
0.62603307 1.0195932 0.7543881 0.76042765 1.0337447 1.0199828 0.61960906 0.62373245 1.0211525 1.0195932 0.19914696 1.0227151 0.19966878 0.07007396 0 1.019204 1.0176488 1.0286036 1.0258498 0.6353068 0.63811135 1.0164845 1.0262426 1.0126165 0.23726694 1.0270288 0.9860852 1.0126165 1.0293922 1.036926
1.0072346 0.43808508 0.99281836 1.0060863 0.4939144 0.48546144 0.99961257 0.9857129 0.491022 0.48852423 1.019204 0.48108047 1.0087683 1.015322 1.019204 0 0.06340627 0.48871607 0.48507947 1.0003713 1.01069 0.50344145 0.44384602 0.49876 1.0133885 0.6962725 0.70033205 0.18827157 0.5052045 0.45092753
1.0118452 0.44150028 0.99281836 1.0037951 0.497012 0.49063718 1.0091523 0.99658537 0.4927561 0.48948392 1.0199828 0.48089057 1.0076177 1.015322 1.0176488 0.06340627 0 0.49006033 0.48679987 1.0060863 1.015322 0.50344145 0.4507451 0.5001224 1.0083846 0.6967787 0.70466954 0.18930055 0.50481236 0.45513538
1.0053219 0.48852423 1.001891 1.0041765 0.13734141 0.11696423 1.0053219 1.0049399 0.13662118 0.13578178 1.0168724 0.45678836 1.0037951 1.0234975 1.0286036 0.48871607 0.49006033 0 0.049391206 0.99961257 1.0083846 0.50344145 0.49449423 0.50070703 1.0103053 0.714716 0.7072328 0.4919849 0.5085462 0.4943009
1.0076177 0.4869913 0.99885464 1.0045581 0.13542233 0.11486339 1.0060863 1.0060863 0.13590164 0.13338867 1.0157093 0.44983372 0.9969631 1.0227151 1.0258498 0.48507947 0.48679987 0.049391206 0 1.0003713 1.0103053 0.497012 0.491407 0.4939144 1.0133885 0.7126442 0.70415795 0.48775735 0.5040287 0.491407
0.47672495 1.0176488 0.72832423 0.73789203 1.0083846 0.9977191 0.2880713 0.29086626 1.0118452 1.0099207 0.6364741 1.0168724 0.6306556 0.6311194 0.6353068 1.0003713 1.0060863 0.99961257 1.0003713 0 0.041951723 1.0087683 1.01146 1.0064689 0.62373245 1.001891 0.9808897 1.0068517 1.005704 1.0381224
0.48127043 1.0203725 0.72700495 0.73842716 1.014548 1.0022715 0.29057157 0.29337585 1.0207624 1.0168724 0.63834554 1.0231062 0.6357735 0.63414127 0.63811135 1.01069 1.015322 1.0083846 1.0103053 0.041951723 0 1.0091523 1.0207624 1.0072346 0.62903446 1.0041765 0.9860852 1.0160967 1.01146 1.0365276
0.99734104 0.5085462 0.9775687 0.98125964 0.5038329 0.49662408 1.0110749 1.0034139 0.50598943 0.5003172 1.014548 0.49856558 1.0118452 1.0258498 1.0164845 0.50344145 0.50344145 0.50344145 0.497012 1.0087683 1.0091523 0 0.5202605 0.029055621 1.018426 0.70466954 0.7005865 0.50540066 0.16237426 0.5196604
1.015322 0.25644532 1.019204 1.0234975 0.497012 0.496818 1.001891 1.0041765 0.49256322 0.4919849 1.0195932 0.49044484 1.0160967 1.0266355 1.0262426 0.44384602 0.4507451 0.49449423 0.491407 1.01146 1.0207624 0.5202605 0 0.5156721 1.0278157 0.7149754 0.71367943 0.44874147 0.52447456 0.26864994
0.9962078 0.50540066 0.97609735 0.97941184 0.49895447 0.4919849 1.0164845 1.0080011 0.49876 0.4943009 1.014548 0.49856558 1.0091523 1.0180373 1.0126165 0.49876 0.5001224 0.50070703 0.4939144 1.0064689 1.0072346 0.029055621 0.5156721 0 1.0180373 0.70364666 0.6982995 0.5022683 0.16076176 0.5166672
0.6269553 1.032159 0.7427221 0.75138646 1.0385218 1.0137748 0.6157354 0.617328 1.0373245 1.0246727 0.2341177 1.018426 0.23754142 0.23946556 0.23726694 1.0133885 1.0083846 1.0103053 1.0133885 0.62373245 0.62903446 1.018426 1.0278157 1.0180373 0 1.042526 1.015322 1.0064689 1.0361294 1.0377234
1.0301816 0.71783453 0.9943229 1.0118452 0.71887696 0.7193987 1.0195932 1.0137748 0.71367943 0.7129029 1.0349361 0.71627367 1.0258498 1.036926 1.0270288 0.6962725 0.6967787 0.714716 0.7126442 1.001891 1.0041765 0.70466954 0.7149754 0.70364666 1.042526 0 0.21363124 0.70160514 0.70903224 0.7296458
0.9939465 0.7126442 0.9901927 0.99923354 0.71316165 0.71083605 0.98794943 0.9816297 0.7051815 0.69804585 1.0011308 0.71342045 0.982 0.9962078 0.9860852 0.70033205 0.70466954 0.7072328 0.70415795 0.9808897 0.9860852 0.7005865 0.71367943 0.6982995 1.015322 0.21363124 0 0.7031358 0.7013504 0.72568804
1.0011308 0.4474692 0.9898184 1.0045581 0.50070703 0.49372122 1.0030329 0.99281836 0.4956552 0.491407 1.0103053 0.4822209 1.0015109 1.0157093 1.0126165 0.18827157 0.18930055 0.4919849 0.48775735 1.0068517 1.0160967 0.50540066 0.44874147 0.5022683 1.0064689 0.70160514 0.7031358 0 0.5083492 0.45330298
1.002652 0.5256829 1.0080011 0.99999183 0.50736505 0.5061858 1.0164845 1.0072346 0.50815225 0.50148726 1.0207624 0.50775856 1.0164845 1.0341415 1.0293922 0.5052045 0.50481236 0.5085462 0.5040287 1.005704 1.01146 0.16237426 0.52447456 0.16076176 1.0361294 0.70903224 0.7013504 0.5083492 0 0.5350124
1.0258498 0.16860871 1.0317632 1.0293922 0.49623638 0.4975942 1.0266355 1.0242808 0.49333504 0.48986816 1.0317632 0.4939144 1.0231062 1.0337447 1.036926 0.45092753 0.45513538 0.4943009 0.491407 1.0381224 1.0365276 0.5196604 0.26864994 0.5166672 1.0377234 0.7296458 0.72568804 0.45330298 0.5350124 0
