0 0.7804870545 0.7958985545 0.7956102945 0.7872975445 0.7918724945 0.7930205945 0.7990771445 1.0165781945 0.7765426545 0.7793579645 0.7950340445 0.8002363345 0.7999463645 0.8002363345 1.0107955945 1.0196805945 0.8025601445 0.8022692945 1.0231861945 1.0212364945 0.7878678945 0.7982089445 0.7884386945 0.7979197445 0.7979197445 0.7864428945 0.8031421945 0.8019784945 0.7987876445
0.7804870545 0 0.7129954945 0.7070808345 0.5681230345 0.5766847945 0.7101609945 0.7111904545 1.0023942945 0.0542455815 0.0554264315 0.7304958645 0.7215640445 0.7181768945 0.5679102445 1.0020145945 1.0084949945 0.5706813245 0.5708948945 1.0016351245 0.9997406945 0.3500770945 0.7086193545 0.3502362345 0.5719636945 0.5728198945 0.3542260145 0.7163592945 0.5797046345 0.5766847945
0.7958985545 0.7129954945 0 0.0430664405 0.7083626945 0.7155816945 0.0455009915 0.0489013945 0.9821632445 0.7104181945 0.7119635245 0.6494169945 0.6322988945 0.6341558645 0.7265422245 0.9907135345 0.9948374945 0.7268051945 0.7265422245 0.9788438645 0.9777406445 0.7124793445 0.2147429045 0.7127373945 0.7283846945 0.7241800345 0.7179169645 0.6449238645 0.7228709445 0.7189571945
0.7956102945 0.7070808345 0.0430664405 0 0.6961465945 0.7042684945 0.0387460905 0.0416938745 0.9869840945 0.7032484345 0.7042684945 0.6470488245 0.6233111945 0.6251460945 0.7176571445 0.9910874945 0.9959661945 0.7186969945 0.7176571445 0.9843843945 0.9832729945 0.7075932945 0.2098430945 0.7078496945 0.7199988345 0.7122213945 0.7163592945 0.6374167945 0.7132537345 0.7111904545
0.7872975445 0.5681230345 0.7083626945 0.6961465945 0 0.0422214885 0.7073370945 0.7073370945 0.9997406945 0.5704677645 0.5689748445 0.7140289445 0.6979157945 0.7004503945 0.2780593545 1.0146456945 1.0251407945 0.2779148145 0.2770480945 1.0042952945 1.0020145945 0.5797046345 0.7129954945 0.5799207645 0.4408051645 0.2741662545 0.5788405445 0.7024842945 0.4397283745 0.4347235945
0.7918724945 0.5766847945 0.7155816945 0.7042684945 0.0422214885 0 0.7148049445 0.7129954945 1.0058197945 0.5781931945 0.5771153945 0.7161000345 0.7014666945 0.7040133945 0.2859067545 1.0173525945 1.0282787945 0.2860528445 0.2848848645 1.0111796945 1.0088778945 0.5914678545 0.7215640445 0.5916874345 0.4500210545 0.2819727945 0.5897134445 0.7055455345 0.4474798945 0.4435039945
0.7930205945 0.7101609945 0.0455009915 0.0387460905 0.7073370945 0.7148049445 0 0.0402185345 0.9899661445 0.7075932945 0.7091328445 0.6527450645 0.6302151945 0.6325307445 0.7228709445 0.9940859945 0.9982286645 0.7239179945 0.7226093945 0.9873561945 0.9862403945 0.7145461945 0.2102391945 0.7148049445 0.7304958645 0.7233942945 0.7186969945 0.6435104945 0.7270681945 0.7231325445
0.7990771445 0.7111904545 0.0489013945 0.0416938745 0.7073370945 0.7129954945 0.0402185345 0 0.9997406945 0.7068247945 0.7093897445 0.6532216945 0.6350860945 0.6362505545 0.7247042945 1.0046761945 1.0092609945 0.7270681945 0.7257539945 0.9974736945 0.9959661945 0.7150637445 0.2151416045 0.7153227245 0.7318183945 0.7226093945 0.7213029945 0.6465760945 0.7275944945 0.7254914545
1.0165781945 1.0023942945 0.9821632445 0.9869840945 0.9997406945 1.0058197945 0.9899661445 0.9997406945 0 0.9993623945 0.9974736945 0.9914616945 1.0393666945 1.0326152945 1.0107955945 0.1318133245 0.1343155145 1.0131032945 1.0115639945 0.0354959275 0.0349730275 1.0169652945 0.9821632445 1.0173525945 1.0107955945 1.0212364945 1.0154180945 1.0330106945 1.0204581945 1.0185156945
0.7765426545 0.0542455815 0.7104181945 0.7032484345 0.5704677645 0.5781931945 0.7075932945 0.7068247945 0.9993623945 0 0.0270694585 0.7297034945 0.7213029945 0.7186969945 0.5659977945 1.0020145945 1.0084949945 0.5679102445 0.5687617645 0.9993623945 0.9974736945 0.3488050645 0.7042684945 0.3489639745 0.5734626645 0.5691879345 0.3488050645 0.7189571945 0.5823027445 0.5790564945
0.7793579645 0.0554264315 0.7119635245 0.7042684945 0.5689748445 0.5771153945 0.7091328445 0.7093897445 0.9974736945 0.0270694585 0 0.7307601945 0.7184368945 0.7161000345 0.5698275545 1.0039147945 1.0104115945 0.5717498645 0.5721776445 0.9970965345 0.9955897945 0.3484874345 0.7078496945 0.3486462145 0.5738914545 0.5702542945 0.3507138745 0.7145461945 0.5799207645 0.5771153945
0.7950340445 0.7304958645 0.6494169945 0.6470488245 0.7140289445 0.7161000345 0.6527450645 0.6532216945 0.9914616945 0.7297034945 0.7307601945 0 0.4213051445 0.4220054045 0.7244421945 0.9937105945 0.9982286645 0.7275944945 0.7254914545 0.9940859945 0.9903397545 0.7299675245 0.6580048945 0.7302316345 0.7286482445 0.7161000345 0.7336738945 0.4197318945 0.7294395545 0.7315537245
0.8002363345 0.7215640445 0.6322988945 0.6233111945 0.6979157945 0.7014666945 0.6302151945 0.6350860945 1.0393666945 0.7213029945 0.7184368945 0.4213051445 0 0.0203752835 0.7257539945 1.0405644945 1.0453747945 0.7252289945 0.7278577945 1.0409640945 1.0401650945 0.7223478945 0.6420998545 0.7226093945 0.7226093945 0.7099037945 0.7262794345 0.1123225745 0.7207810945 0.7223478945
0.7999463645 0.7181768945 0.6341558645 0.6251460945 0.7004503945 0.7040133945 0.6325307445 0.6362505545 1.0326152945 0.7186969945 0.7161000345 0.4220054045 0.0203752835 0 0.7252289945 1.0322199945 1.0365793945 0.7249666445 0.7275944945 1.0357847945 1.0349912945 0.7184368945 0.6430399945 0.7186969945 0.7223478945 0.7109329645 0.7210419945 0.1126703545 0.7197382945 0.7210419945
0.8002363345 0.5679102445 0.7265422245 0.7176571445 0.2780593545 0.2859067545 0.7228709445 0.7247042945 1.0107955945 0.5659977945 0.5698275545 0.7244421945 0.7257539945 0.7252289945 0 1.0227957945 1.0318248945 0.0229429005 0.0223258695 1.0092609945 1.0092609945 0.5762543645 0.7342047945 0.5764695345 0.4409847945 0.1619095945 0.5788405445 0.7140289445 0.4440449145 0.4374005445
1.0107955945 1.0020145945 0.9907135345 0.9910874945 1.0146456945 1.0173525945 0.9940859945 1.0046761945 0.1318133245 1.0020145945 1.0039147945 0.9937105945 1.0405644945 1.0322199945 1.0227957945 0 0.0204778205 1.0227957945 1.0212364945 0.1301498345 0.1295566245 1.0290654945 0.9910874945 1.0290654945 1.0062013945 1.0243583945 1.0278858945 1.0306410945 1.0251407945 1.0216260945
1.0196805945 1.0084949945 0.9948374945 0.9959661945 1.0251407945 1.0282787945 0.9982286645 1.0092609945 0.1343155145 1.0084949945 1.0104115945 0.9982286645 1.0453747945 1.0365793945 1.0318248945 0.0204778205 0 1.0322199945 1.0310354945 0.1327655545 0.1319322945 1.0361819945 0.9944616545 1.0369768945 1.0123332945 1.0341983945 1.0369768945 1.0381708945 1.0314300945 1.0286720945
0.8025601445 0.5706813245 0.7268051945 0.7186969945 0.2779148145 0.2860528445 0.7239179945 0.7270681945 1.0131032945 0.5679102445 0.5717498645 0.7275944945 0.7252289945 0.7249666445 0.0229429005 1.0227957945 1.0322199945 0 0.0148590515 1.0138740945 1.0131032945 0.5794884945 0.7336738945 0.5797046345 0.4413441645 0.1625289545 0.5807860945 0.7155816945 0.4456700645 0.4390113345
0.8022692945 0.5708948945 0.7265422245 0.7176571445 0.2770480945 0.2848848645 0.7226093945 0.7257539945 1.0115639945 0.5687617645 0.5721776445 0.7254914545 0.7278577945 0.7275944945 0.0223258695 1.0212364945 1.0310354945 0.0148590515 0 1.0119485945 1.0111796945 0.5766847945 0.7342047945 0.5769000545 0.4381160345 0.1620334145 0.5792724445 0.7186969945 0.4435039945 0.4370430645
1.0231861945 1.0016351245 0.9788438645 0.9843843945 1.0042952945 1.0111796945 0.9873561945 0.9974736945 0.0354959275 0.9993623945 0.9970965345 0.9940859945 1.0409640945 1.0357847945 1.0092609945 0.1301498345 0.1327655545 1.0138740945 1.0119485945 0 0.00374624 1.0084949945 0.9862403945 1.0088778945 1.0016351245 1.0224056945 1.0138740945 1.0369768945 1.0150317945 1.0088778945
1.0212364945 0.9997406945 0.9777406445 0.9832729945 1.0020145945 1.0088778945 0.9862403945 0.9959661945 0.0349730275 0.9974736945 0.9955897945 0.9903397545 1.0401650945 1.0349912945 1.0092609945 0.1295566245 0.1319322945 1.0131032945 1.0111796945 0.00374624 0 1.0084949945 0.9836432945 1.0088778945 1.0004979345 1.0212364945 1.0123332945 1.0345946945 1.0138740945 1.0088778945
0.7878678945 0.3500770945 0.7124793445 0.7075932945 0.5797046345 0.5914678545 0.7145461945 0.7150637445 1.0169652945 0.3488050645 0.3484874345 0.7299675245 0.7223478945 0.7184368945 0.5762543645 1.0290654945 1.0361819945 0.5794884945 0.5766847945 1.0084949945 1.0084949945 0 0.7215640445 0.00234362137 0.5775463545 0.5781931945 0.1369458345 0.7268051945 0.5829537445 0.5820858945
0.7982089445 0.7086193545 0.2147429045 0.2098430945 0.7129954945 0.7215640445 0.2102391945 0.2151416045 0.9821632445 0.7042684945 0.7078496945 0.6580048945 0.6420998545 0.6430399945 0.7342047945 0.9910874945 0.9944616545 0.7336738945 0.7342047945 0.9862403945 0.9836432945 0.7215640445 0 0.7218252345 0.7294395545 0.7344703945 0.7247042945 0.6517926945 0.7286482445 0.7265422245
0.7884386945 0.3502362345 0.7127373945 0.7078496945 0.5799207645 0.5916874345 0.7148049445 0.7153227245 1.0173525945 0.3489639745 0.3486462145 0.7302316345 0.7226093945 0.7186969945 0.5764695345 1.0290654945 1.0369768945 0.5797046345 0.5769000545 1.0088778945 1.0088778945 0.00234362137 0.7218252345 0 0.5777618945 0.5784088945 0.1371854145 0.7270681945 0.5831708245 0.5823027445
0.7979197445 0.5719636945 0.7283846945 0.7199988345 0.4408051645 0.4500210545 0.7304958645 0.7318183945 1.0107955945 0.5734626645 0.5738914545 0.7286482445 0.7226093945 0.7223478945 0.4409847945 1.0062013945 1.0123332945 0.4413441645 0.4381160345 1.0016351245 1.0004979345 0.5775463545 0.7294395545 0.5777618945 0 0.4482050745 0.5790564945 0.7233942945 0.2010511145 0.1983164945
0.7979197445 0.5728198945 0.7241800345 0.7122213945 0.2741662545 0.2819727945 0.7233942945 0.7226093945 1.0212364945 0.5691879345 0.5702542945 0.7161000345 0.7099037945 0.7109329645 0.1619095945 1.0243583945 1.0341983945 0.1625289545 0.1620334145 1.0224056945 1.0212364945 0.5781931945 0.7344703945 0.5784088945 0.4482050745 0 0.5786246945 0.7058012445 0.4435039945 0.4372217945
0.7864428945 0.3542260145 0.7179169645 0.7163592945 0.5788405445 0.5897134445 0.7186969945 0.7213029945 1.0154180945 0.3488050645 0.3507138745 0.7336738945 0.7262794345 0.7210419945 0.5788405445 1.0278858945 1.0369768945 0.5807860945 0.5792724445 1.0138740945 1.0123332945 0.1369458345 0.7247042945 0.1371854145 0.5790564945 0.5786246945 0 0.7254914545 0.5812191345 0.5810025945
0.8031421945 0.7163592945 0.6449238645 0.6374167945 0.7024842945 0.7055455345 0.6435104945 0.6465760945 1.0330106945 0.7189571945 0.7145461945 0.4197318945 0.1123225745 0.1126703545 0.7140289445 1.0306410945 1.0381708945 0.7155816945 0.7186969945 1.0369768945 1.0345946945 0.7268051945 0.6517926945 0.7270681945 0.7233942945 0.7058012445 0.7254914545 0 0.7233942945 0.7249666445
0.8019784945 0.5797046345 0.7228709445 0.7132537345 0.4397283745 0.4474798945 0.7270681945 0.7275944945 1.0204581945 0.5823027445 0.5799207645 0.7294395545 0.7207810945 0.7197382945 0.4440449145 1.0251407945 1.0314300945 0.4456700645 0.4435039945 1.0150317945 1.0138740945 0.5829537445 0.7286482445 0.5831708245 0.2010511145 0.4435039945 0.5812191345 0.7233942945 0 0.0695245845
0.7987876445 0.5766847945 0.7189571945 0.7111904545 0.4347235945 0.4435039945 0.7231325445 0.7254914545 1.0185156945 0.5790564945 0.5771153945 0.7315537245 0.7223478945 0.7210419945 0.4374005445 1.0216260945 1.0286720945 0.4390113345 0.4370430645 1.0088778945 1.0088778945 0.5820858945 0.7265422245 0.5823027445 0.1983164945 0.4372217945 0.5810025945 0.7249666445 0.0695245845 0
