0 0.97573 0.96010065 1.0409217 0.6967787 0.6904751 0.9931942 1.000751 1.0091523 0.68149 0.67802465 0.9680563 1.0180373 1.0223241 0.9706055 0.97352946 0.98237044 0.8649598 0.86654574 0.982 0.9816297 0.8191745 0.6882187 0.8194727 0.682483 0.9593815 0.81857854 0.70441365 0.94620144 0.9709704
0.97573 0 0.1835308 1.0421246 0.95472425 0.96226203 0.31802738 0.9946995 1.0030329 0.9779369 0.97720057 0.48070073 1.0242808 1.030972 0.3133051 0.31802738 0.31787458 0.9669665 0.9687838 0.31589106 0.3143688 0.9666036 0.98683035 0.9695119 0.96769285 0.36078832 0.9604604 0.9518725 0.35194293 0.36257
0.96010065 0.1835308 0 1.0266355 0.96190137 0.9651536 0.31497735 0.99734104 0.98832285 0.97352946 0.9779369 0.47672495 1.0172604 1.0172604 0.3098206 0.3137608 0.31057674 0.9611805 0.9651536 0.31012297 0.3093673 0.9626228 0.9727974 0.9673296 0.9655158 0.3562722 0.96334505 0.9540103 0.34795654 0.36030313
1.0409217 1.0421246 1.0266355 0 0.99923354 1.0099207 1.0337447 0.5709624 0.57267725 0.9901927 0.98348296 1.0083846 0.16548501 0.16723268 1.0219333 1.0180373 1.0270288 1.0068517 1.0095364 1.0262426 1.0278157 1.0301816 0.98348296 1.0349361 0.9779369 1.0389212 1.0274222 0.99923354 1.0060863 1.0231062
0.6967787 0.95472425 0.96190137 0.99923354 0 0.17124271 0.9808897 0.99169195 0.99847597 0.51487696 0.5206608 0.9691478 0.9977191 0.9872032 0.9790429 0.9872032 0.97352946 0.8662283 0.8678169 0.9768326 0.9790429 0.80529344 0.50363714 0.80529344 0.4979826 0.9713354 0.8076381 0.29827154 0.9522284 0.9572284
0.6904751 0.96226203 0.9651536 1.0099207 0.17124271 0 0.9775687 0.9980974 1.0034139 0.51170486 0.5132893 0.9768326 1.0022715 0.99056727 0.9783054 0.99131685 0.9706055 0.85488826 0.8542633 0.9713354 0.97024083 0.80587894 0.5103213 0.8082254 0.50344145 0.9779369 0.81679356 0.29219383 0.9626228 0.9611805
0.9931942 0.31802738 0.31497735 1.0337447 0.9808897 0.9775687 0 1.0103053 1.018426 0.982 0.9845971 0.4890999 1.0242808 1.0329514 0.12566338 0.12708361 0.13902465 0.9779369 0.982 0.13662118 0.13566194 0.9658782 0.9691478 0.96298385 0.9658782 0.36630902 0.97206604 0.96334505 0.35386395 0.3628944
1.000751 0.9946995 0.99734104 0.5709624 0.99169195 0.9980974 1.0103053 0 0.11230365 0.97352946 0.9680563 0.9860852 0.567971 0.56541634 0.9931942 0.99545324 1.0022715 0.9801504 0.9838541 0.99847597 1.0022715 1.0087683 0.97867405 1.0053219 0.9845971 1.002652 1.019204 0.99961257 0.9783054 0.98832285
1.0091523 1.0030329 0.98832285 0.57267725 0.99847597 1.0034139 1.018426 0.11230365 0 0.97941184 0.9775687 0.98757625 0.5641423 0.5660542 1.0030329 1.005704 1.005704 0.9860852 0.98683035 1.0076177 1.01146 1.0141612 0.97941184 1.0133885 0.9857129 1.0030329 1.0157093 0.9946995 0.98348296 0.9924427
0.68149 0.9779369 0.97352946 0.9901927 0.51487696 0.51170486 0.982 0.97352946 0.97941184 0 0.08638981 0.97720057 0.9962078 0.990942 0.97316337 0.97426224 0.9779369 0.86718106 0.8722831 0.9816297 0.97941184 0.8026644 0.42846268 0.7994636 0.3842868 0.97352946 0.7980132 0.5194605 0.95080596 0.9901927
0.67802465 0.97720057 0.9779369 0.98348296 0.5206608 0.5132893 0.9845971 0.9680563 0.9775687 0.08638981 0 0.9808897 0.99056727 0.97978103 0.97720057 0.982 0.9827411 0.86909026 0.87420535 0.9872032 0.9842255 0.80500084 0.43539977 0.8020814 0.38780046 0.97316337 0.8017901 0.5214621 0.9590223 0.99658537
0.9680563 0.48070073 0.47672495 1.0083846 0.9691478 0.9768326 0.4890999 0.9860852 0.98757625 0.97720057 0.9808897 0 0.9969631 1.001891 0.4843161 0.48833245 0.4858436 0.9557965 0.95866317 0.491022 0.49333504 0.9691478 0.9698763 0.9626228 0.9706055 0.48603475 0.96298385 0.97941184 0.47033232 0.4915996
1.0180373 1.0242808 1.0172604 0.16548501 0.9977191 1.0022715 1.0242808 0.567971 0.5641423 0.9962078 0.99056727 0.9969631 0 0.07172267 1.0126165 1.0126165 1.0172604 0.98051995 0.9853408 1.0160967 1.0168724 1.0172604 0.9713354 1.0219333 0.9808897 1.0172604 1.0176488 0.9977191 0.990942 1.0164845
1.0223241 1.030972 1.0172604 0.16723268 0.9872032 0.99056727 1.0329514 0.56541634 0.5660542 0.990942 0.97978103 1.001891 0.07172267 0 1.0262426 1.0254573 1.0282096 0.98794943 0.9939465 1.0258498 1.0286036 1.014548 0.97573 1.019204 0.97573 1.0274222 1.0188149 0.99131685 0.9980974 1.0246727
0.9706055 0.3133051 0.3098206 1.0219333 0.9790429 0.9783054 0.12566338 0.9931942 1.0030329 0.97316337 0.97720057 0.4843161 1.0126165 1.0262426 0 0.07392661 0.13530254 0.97206604 0.97720057 0.13350815 0.13243356 0.9695119 0.9695119 0.9698763 0.9680563 0.36565742 0.9698763 0.9706055 0.35034582 0.3619216
0.97352946 0.31802738 0.3137608 1.0180373 0.9872032 0.99131685 0.12708361 0.99545324 1.005704 0.97426224 0.982 0.48833245 1.0126165 1.0254573 0.07392661 0 0.13914502 0.9695119 0.9727974 0.13506305 0.13458428 0.9706055 0.97426224 0.9698763 0.97978103 0.36614606 0.96841997 0.97978103 0.3545054 0.35949522
0.98237044 0.31787458 0.31057674 1.0270288 0.97352946 0.9706055 0.13902465 1.0022715 1.005704 0.9779369 0.9827411 0.4858436 1.0172604 1.0282096 0.13530254 0.13914502 0 0.97573 0.9775687 0.07348531 0.07348531 0.9775687 0.9779369 0.97720057 0.97609735 0.36630902 0.9687838 0.9673296 0.35146344 0.36078832
0.8649598 0.9669665 0.9611805 1.0068517 0.8662283 0.85488826 0.9779369 0.9801504 0.9860852 0.86718106 0.86909026 0.9557965 0.98051995 0.98794943 0.97206604 0.9695119 0.97573 0 0.033329733 0.9768326 0.9775687 0.8729233 0.86148244 0.87356406 0.8480418 0.96769285 0.86337715 0.86337715 0.96010065 0.9706055
0.86654574 0.9687838 0.9651536 1.0095364 0.8678169 0.8542633 0.982 0.9838541 0.98683035 0.8722831 0.87420535 0.95866317 0.9853408 0.9939465 0.97720057 0.9727974 0.9775687 0.033329733 0 0.97867405 0.98051995 0.87324363 0.86591095 0.8738847 0.8555138 0.97024083 0.86337715 0.86148244 0.9565121 0.97243166
0.982 0.31589106 0.31012297 1.0262426 0.9768326 0.9713354 0.13662118 0.99847597 1.0076177 0.9816297 0.9872032 0.491022 1.0160967 1.0258498 0.13350815 0.13506305 0.07348531 0.9768326 0.97867405 0 0.02274132 0.99131685 0.97170067 0.9924427 0.9779369 0.36208364 0.9764649 0.9669665 0.35178307 0.35804313
0.9816297 0.3143688 0.3093673 1.0278157 0.9790429 0.97024083 0.13566194 1.0022715 1.01146 0.97941184 0.9842255 0.49333504 1.0168724 1.0286036 0.13243356 0.13458428 0.07348531 0.9775687 0.98051995 0.02274132 0 0.98496884 0.96769285 0.9857129 0.97720057 0.36111194 0.9709704 0.9673296 0.35290283 0.35820433
0.8191745 0.9666036 0.9626228 1.0301816 0.80529344 0.80587894 0.9658782 1.0087683 1.0141612 0.8026644 0.80500084 0.9691478 1.0172604 1.014548 0.9695119 0.9706055 0.9775687 0.8729233 0.87324363 0.99131685 0.98496884 0 0.79310274 0.020168772 0.80529344 0.9511613 0.3213968 0.81768554 0.9339434 0.95615417
0.6882187 0.98683035 0.9727974 0.98348296 0.50363714 0.5103213 0.9691478 0.97867405 0.97941184 0.42846268 0.43539977 0.9698763 0.9713354 0.97573 0.9695119 0.97426224 0.9779369 0.86148244 0.86591095 0.97170067 0.96769285 0.79310274 0 0.79109013 0.4261645 0.9783054 0.7890828 0.49817687 0.94267863 0.97206604
0.8194727 0.9695119 0.9673296 1.0349361 0.80529344 0.8082254 0.96298385 1.0053219 1.0133885 0.7994636 0.8020814 0.9626228 1.0219333 1.019204 0.9698763 0.9698763 0.97720057 0.87356406 0.8738847 0.9924427 0.9857129 0.020168772 0.79109013 0 0.8023729 0.9518725 0.31955704 0.81738806 0.9339434 0.9557965
0.682483 0.96769285 0.9655158 0.9779369 0.4979826 0.50344145 0.9658782 0.9845971 0.9857129 0.3842868 0.38780046 0.9706055 0.9808897 0.97573 0.9680563 0.97978103 0.97609735 0.8480418 0.8555138 0.9779369 0.97720057 0.80529344 0.4261645 0.8023729 0 0.97573 0.80529344 0.5046164 0.94549555 0.9746289
0.9593815 0.36078832 0.3562722 1.0389212 0.9713354 0.9779369 0.36630902 1.002652 1.0030329 0.97352946 0.97316337 0.48603475 1.0172604 1.0274222 0.36565742 0.36614606 0.36630902 0.96769285 0.97024083 0.36208364 0.36111194 0.9511613 0.9783054 0.9518725 0.97573 0 0.94479036 0.9658782 0.33471534 0.35370368
0.81857854 0.9604604 0.96334505 1.0274222 0.8076381 0.81679356 0.97206604 1.019204 1.0157093 0.7980132 0.8017901 0.96298385 1.0176488 1.0188149 0.9698763 0.96841997 0.9687838 0.86337715 0.86337715 0.9764649 0.9709704 0.3213968 0.7890828 0.31955704 0.80529344 0.94479036 0 0.8147164 0.9483231 0.9565121
0.70441365 0.9518725 0.9540103 0.99923354 0.29827154 0.29219383 0.96334505 0.99961257 0.9946995 0.5194605 0.5214621 0.97941184 0.9977191 0.99131685 0.9706055 0.97978103 0.9673296 0.86337715 0.86148244 0.9669665 0.9673296 0.81768554 0.49817687 0.81738806 0.5046164 0.9658782 0.8147164 0 0.94903165 0.9543672
0.94620144 0.35194293 0.34795654 1.0060863 0.9522284 0.9626228 0.35386395 0.9783054 0.98348296 0.95080596 0.9590223 0.47033232 0.990942 0.9980974 0.35034582 0.3545054 0.35146344 0.96010065 0.9565121 0.35178307 0.35290283 0.9339434 0.94267863 0.9339434 0.94549555 0.33471534 0.9483231 0.94903165 0 0.26039714
0.9709704 0.36257 0.36030313 1.0231062 0.9572284 0.9611805 0.3628944 0.98832285 0.9924427 0.9901927 0.99658537 0.4915996 1.0164845 1.0246727 0.3619216 0.35949522 0.36078832 0.9706055 0.97243166 0.35804313 0.35820433 0.95615417 0.97206604 0.9557965 0.9746289 0.35370368 0.9565121 0.9543672 0.26039714 0
