0 0.8809723 0.88616943 0.99961257 1.0168724 0.99169195 0.8803252 1.0199828 0.8904187 0.8904187 0.60849774 0.88910866 0.6093986 1.0176488 1.0270288 1.0149349 1.0034139 0.84928197 0.8599071 0.9943229 0.9946995 1.0095364 0.97941184 1.0099207 0.8745262 0.97206604 0.9662408 0.99658537 0.98237044 1.0041765
0.8809723 0 0.20136724 0.9962078 0.98683035 0.9845971 0.7980132 1.0072346 0.7902292 0.8014989 0.8812961 0.49934357 0.87774235 0.99658537 1.0126165 1.0003713 0.9931942 0.79888314 0.799754 1.0003713 1.000751 0.99923354 0.9980974 0.99545324 0.79483217 0.9779369 0.99056727 1.0049399 1.0149349 0.98757625
0.88616943 0.20136724 0 0.99357027 1.002652 0.9898184 0.8079317 1.0053219 0.8017901 0.8111689 0.8774201 0.5018777 0.87774235 0.99169195 1.0087683 0.99885464 0.99734104 0.7913773 0.78879654 1.0122308 1.0126165 1.0083846 0.99131685 1.0080011 0.7882242 0.9695119 0.9790429 0.9872032 1.0034139 0.9977191
0.99961257 0.9962078 0.99357027 0 0.19123371 0.614373 1.0130024 0.6216679 1.0080011 1.0080011 0.9775687 0.9698763 0.9831119 0.6235028 0.6258027 0.6198375 0.61596274 1.0099207 1.0160967 0.8956819 0.8953518 0.1935601 0.8897634 0.19252525 1.0072346 0.8787099 0.87774235 0.88682157 0.90164745 0.25997275
1.0168724 0.98683035 1.002652 0.19123371 0 0.6161901 1.0188149 0.6202947 1.0141612 1.0099207 1.0003713 0.9691478 0.99885464 0.6205234 0.6276477 0.620981 0.61687267 1.0234975 1.0289978 0.90498227 0.90231323 0.19394852 0.890091 0.19330125 1.0195932 0.8927168 0.8832416 0.8940332 0.9013148 0.2608218
0.99169195 0.9845971 0.9898184 0.614373 0.6161901 0 1.0110749 0.13542233 1.0149349 1.0037951 0.98907024 0.97206604 0.97573 0.13279158 0.13482362 0.1788198 0.17338179 0.98125964 0.9931942 0.8774201 0.8800019 0.61369276 0.877098 0.6161901 1.01069 0.8745262 0.8713238 0.87645423 0.8884545 0.62075216
0.8803252 0.7980132 0.8079317 1.0130024 1.0188149 1.0110749 0 1.0278157 0.099406056 0.1045615 0.86718106 0.79425526 0.86909026 1.0242808 1.025065 1.0072346 1.0003713 0.5003172 0.4983712 1.0195932 1.0195932 1.0242808 1.0141612 1.0246727 0.48679987 1.014548 1.0160967 1.0172604 1.0501935 1.0137748
1.0199828 1.0072346 1.0053219 0.6216679 0.6202947 0.13542233 1.0278157 0 1.0349361 1.0262426 1.001891 0.9946995 0.99056727 0.08706336 0.0885248 0.18878588 0.18314771 0.9898184 1.0022715 0.8787099 0.88194406 0.62373245 0.87645423 0.624192 1.019204 0.8793556 0.864643 0.87420535 0.88780093 0.6318157
0.8904187 0.7902292 0.8017901 1.0080011 1.0141612 1.0149349 0.099406056 1.0349361 0 0.07691224 0.88064873 0.7885103 0.88226825 1.0297868 1.0238891 1.0122308 1.002652 0.49895447 0.4983712 1.0199828 1.0219333 1.0195932 1.0034139 1.0188149 0.48890796 1.0095364 1.0133885 1.0064689 1.0337447 1.001891
0.8904187 0.8014989 0.8111689 1.0080011 1.0099207 1.0037951 0.1045615 1.0262426 0.07691224 0 0.87677604 0.78879654 0.877098 1.0199828 1.0160967 1.0022715 0.99545324 0.50129217 0.49895447 1.0160967 1.0199828 1.018426 1.0068517 1.0164845 0.491407 1.0130024 1.0141612 1.0157093 1.0353336 0.99999183
0.60849774 0.8812961 0.8774201 0.9775687 1.0003713 0.98907024 0.86718106 1.001891 0.88064873 0.87677604 0 0.8800019 0.07979857 1.0015109 1.0037951 0.98757625 0.98683035 0.8790327 0.8842163 1.0297868 1.0297868 0.99056727 1.0246727 0.99357027 0.8923881 1.0072346 0.99734104 1.0157093 1.0349361 0.9738958
0.88910866 0.49934357 0.5018777 0.9698763 0.9691478 0.97206604 0.79425526 0.9946995 0.7885103 0.78879654 0.8800019 0 0.87774235 0.9779369 0.9845971 0.9808897 0.9727974 0.7862246 0.7862246 0.98907024 0.98869646 0.99357027 0.97867405 0.99357027 0.78195757 0.97243166 0.9842255 0.98683035 1.0030329 0.9593815
0.6093986 0.87774235 0.87774235 0.9831119 0.99885464 0.97573 0.86909026 0.99056727 0.88226825 0.877098 0.07979857 0.87774235 0 0.98869646 0.99357027 0.97243166 0.9691478 0.87420535 0.8783872 1.0122308 1.014548 0.9962078 1.0188149 0.99961257 0.8787099 0.9901927 0.99545324 1.0011308 1.0231062 0.98051995
1.0176488 0.99658537 0.99169195 0.6235028 0.6205234 0.13279158 1.0242808 0.08706336 1.0297868 1.0199828 1.0015109 0.9779369 0.98869646 0 0.07580507 0.18506506 0.18110794 0.9872032 1.0011308 0.8809723 0.8842163 0.6212099 0.8812961 0.62235546 1.0180373 0.87484723 0.8722831 0.8927168 0.8970035 0.63088745
1.0270288 1.0126165 1.0087683 0.6258027 0.6276477 0.13482362 1.025065 0.0885248 1.0238891 1.0160967 1.0037951 0.9845971 0.99357027 0.07580507 0 0.18788606 0.1845533 0.99847597 1.0126165 0.8881276 0.8910746 0.6255724 0.8887815 0.62649405 1.0270288 0.8793556 0.8738847 0.8835664 0.8963424 0.6336756
1.0149349 1.0003713 0.99885464 0.6198375 0.620981 0.1788198 1.0072346 0.18878588 1.0122308 1.0022715 0.98757625 0.9808897 0.97243166 0.18506506 0.18788606 0 0.060473826 0.9816297 0.9924427 0.87581104 0.88259256 0.6235028 0.87484723 0.62488186 1.0015109 0.87100434 0.86877173 0.8809723 0.8914027 0.6304238
1.0034139 0.9931942 0.99734104 0.61596274 0.61687267 0.17338179 1.0003713 0.18314771 1.002652 0.99545324 0.98683035 0.9727974 0.9691478 0.18110794 0.1845533 0.060473826 0 0.9768326 0.9872032 0.8842163 0.8884545 0.6184676 0.8793556 0.62075216 1.0053219 0.87806475 0.870685 0.8800019 0.8871479 0.6255724
0.84928197 0.79888314 0.7913773 1.0099207 1.0234975 0.98125964 0.5003172 0.9898184 0.49895447 0.50129217 0.8790327 0.7862246 0.87420535 0.9872032 0.99847597 0.9816297 0.9768326 0 0.039207175 0.9958304 0.9962078 1.0095364 1.0011308 1.0103053 0.42828566 0.99545324 0.9977191 1.015322 1.019204 0.99281836
0.8599071 0.799754 0.78879654 1.0160967 1.0289978 0.9931942 0.4983712 1.0022715 0.4983712 0.49895447 0.8842163 0.7862246 0.8783872 1.0011308 1.0126165 0.9924427 0.9872032 0.039207175 0 0.9980974 0.99885464 1.0122308 1.0083846 1.0133885 0.4297031 0.9920673 1.0041765 1.0126165 1.0188149 0.99281836
0.9943229 1.0003713 1.0122308 0.8956819 0.90498227 0.8774201 1.0195932 0.8787099 1.0199828 1.0160967 1.0297868 0.98907024 1.0122308 0.8809723 0.8881276 0.87581104 0.8842163 0.9958304 0.9980974 0 0.026979495 0.90231323 0.43700978 0.8979962 1.0126165 0.37549147 0.36843067 0.45531887 0.4623248 0.8858435
0.9946995 1.000751 1.0126165 0.8953518 0.90231323 0.8800019 1.0195932 0.88194406 1.0219333 1.0199828 1.0297868 0.98869646 1.014548 0.8842163 0.8910746 0.88259256 0.8884545 0.9962078 0.99885464 0.026979495 0 0.9013148 0.4389823 0.89667284 1.0141612 0.37450224 0.36924827 0.45734018 0.46139923 0.8914027
1.0095364 0.99923354 1.0083846 0.1935601 0.19394852 0.61369276 1.0242808 0.62373245 1.0195932 1.018426 0.99056727 0.99357027 0.9962078 0.6212099 0.6255724 0.6235028 0.6184676 1.0095364 1.0122308 0.90231323 0.9013148 0 0.88910866 0.01403042 1.0172604 0.88454145 0.877098 0.89304566 0.90031767 0.26451218
0.97941184 0.9980974 0.99131685 0.8897634 0.890091 0.877098 1.0141612 0.87645423 1.0034139 1.0068517 1.0246727 0.97867405 1.0188149 0.8812961 0.8887815 0.87484723 0.8793556 1.0011308 1.0083846 0.43700978 0.4389823 0.88910866 0 0.8851922 1.005704 0.43325844 0.4189622 0.44819596 0.45826077 0.88454145
1.0099207 0.99545324 1.0080011 0.19252525 0.19330125 0.6161901 1.0246727 0.624192 1.0188149 1.0164845 0.99357027 0.99357027 0.99961257 0.62235546 0.62649405 0.62488186 0.62075216 1.0103053 1.0133885 0.8979962 0.89667284 0.01403042 0.8851922 0 1.0180373 0.8812961 0.87613255 0.8923881 0.90231323 0.26422766
0.8745262 0.79483217 0.7882242 1.0072346 1.0195932 1.01069 0.48679987 1.019204 0.48890796 0.491407 0.8923881 0.78195757 0.8787099 1.0180373 1.0270288 1.0015109 1.0053219 0.42828566 0.4297031 1.0126165 1.0141612 1.0172604 1.005704 1.0180373 0 0.9946995 1.0199828 1.0083846 1.0215429 1.0118452
0.97206604 0.9779369 0.9695119 0.8787099 0.8927168 0.8745262 1.014548 0.8793556 1.0095364 1.0130024 1.0072346 0.97243166 0.9901927 0.87484723 0.8793556 0.87100434 0.87806475 0.99545324 0.9920673 0.37549147 0.37450224 0.88454145 0.43325844 0.8812961 0.9946995 0 0.33144122 0.45293704 0.4571562 0.88259256
0.9662408 0.99056727 0.9790429 0.87774235 0.8832416 0.8713238 1.0160967 0.864643 1.0133885 1.0141612 0.99734104 0.9842255 0.99545324 0.8722831 0.8738847 0.86877173 0.870685 0.9977191 1.0041765 0.36843067 0.36924827 0.877098 0.4189622 0.87613255 1.0199828 0.33144122 0 0.4454743 0.44565544 0.8636934
0.99658537 1.0049399 0.9872032 0.88682157 0.8940332 0.87645423 1.0172604 0.87420535 1.0064689 1.0157093 1.0157093 0.98683035 1.0011308 0.8927168 0.8835664 0.8809723 0.8800019 1.015322 1.0126165 0.45531887 0.45734018 0.89304566 0.44819596 0.8923881 1.0083846 0.45293704 0.4454743 0 0.3339345 0.87420535
0.98237044 1.0149349 1.0034139 0.90164745 0.9013148 0.8884545 1.0501935 0.88780093 1.0337447 1.0353336 1.0349361 1.0030329 1.0231062 0.8970035 0.8963424 0.8914027 0.8871479 1.019204 1.0188149 0.4623248 0.46139923 0.90031767 0.45826077 0.90231323 1.0215429 0.4571562 0.44565544 0.3339345 0 0.8910746
1.0041765 0.98757625 0.9977191 0.25997275 0.2608218 0.62075216 1.0137748 0.6318157 1.001891 0.99999183 0.9738958 0.9593815 0.98051995 0.63088745 0.6336756 0.6304238 0.6255724 0.99281836 0.99281836 0.8858435 0.8914027 0.26451218 0.88454145 0.26422766 1.0118452 0.88259256 0.8636934 0.87420535 0.8910746 0
