0 1.009401873 1.009785873 1.008634673 1.037958073 1.035172273 1.011323573 1.026483373 1.019059573 1.029631373 1.033981573 1.015568473 1.014408373 1.011708473 1.031210273 1.022176473 1.014022073 1.016730273 1.015181573 1.010169973 1.009401873 1.032000973 1.041555273 1.033188673 1.007868173 1.021786073 1.008251273 1.005191673 1.010169973 1.022957673
1.009401873 0 0.189419453 0.513130223 0.699694613 0.702238713 0.919105473 0.935967773 0.694632203 0.513922873 0.511547543 0.509770973 0.692113733 0.690104973 0.698425803 0.704535813 0.697665573 0.698933073 0.689854273 0.692365203 0.692365203 0.702748573 0.694884513 0.703514013 0.336130573 0.349385673 0.339579553 0.253567973 0.340995113 0.342255593
1.009785873 0.189419453 0 0.505445933 0.691359773 0.694884513 0.939456173 0.947895073 0.683365073 0.511745173 0.511745173 0.505641973 0.682619903 0.681379673 0.685106673 0.686602673 0.688351773 0.689353173 0.675454673 0.677671073 0.676931533 0.687351773 0.682123573 0.688101673 0.329279773 0.339422443 0.338009873 0.247706393 0.340365653 0.338794293
1.008634673 0.513130223 0.505445933 0 0.702493673 0.703003673 0.935272073 0.934229673 0.692616733 0.169868573 0.169242283 0.378934953 0.690857623 0.691862323 0.695641973 0.695389373 0.683365073 0.684608613 0.686103673 0.688351773 0.687601673 0.696147373 0.698933073 0.696653073 0.506623003 0.517101623 0.508588973 0.515113333 0.519694373 0.509573873
1.037958073 0.699694613 0.691359773 0.702493673 0 0.134380723 0.947188173 0.949665223 0.436033343 0.714831073 0.713277773 0.703514013 0.435318893 0.436033343 0.431401493 0.431756803 0.406081923 0.405223873 0.428565303 0.428211513 0.428034703 0.424858973 0.405738573 0.425035033 0.683365073 0.690857623 0.693371873 0.689353173 0.699440673 0.691359773
1.035172273 0.702238713 0.694884513 0.703003673 0.134380723 0 0.961453973 0.970145473 0.445926773 0.713536473 0.709923243 0.705303113 0.442674523 0.441773633 0.438539333 0.438180813 0.407628843 0.409178943 0.435318893 0.435854673 0.435318893 0.433001613 0.402313923 0.432823633 0.687101973 0.694127833 0.694884513 0.697412273 0.707609633 0.701474573
1.011323573 0.919105473 0.939456173 0.935272073 0.947188173 0.961453973 0 0.081099799 0.931803023 0.945071573 0.943312203 0.927661273 0.926973173 0.920467833 0.938058873 0.940155773 0.947895073 0.951084273 0.935967773 0.933535573 0.933188713 0.952150443 0.937012573 0.953574213 0.918085273 0.902281023 0.913680473 0.931111173 0.925255813 0.927661273
1.026483373 0.935967773 0.947895073 0.934229673 0.949665223 0.970145473 0.081099799 0 0.940505833 0.942258633 0.938407933 0.926973173 0.932495573 0.927317173 0.939456173 0.941557023 0.953218023 0.955715033 0.944015473 0.942258633 0.941557023 0.957503773 0.941557023 0.958937773 0.915371513 0.904280173 0.917405873 0.945423933 0.922857973 0.935967773
1.019059573 0.694632203 0.683365073 0.692616733 0.436033343 0.445926773 0.931803023 0.940505833 0 0.703258773 0.706839973 0.702493673 0.045870823 0.04449127 0.220271803 0.218798973 0.431223933 0.428211513 0.148984123 0.149471773 0.149227903 0.216528473 0.434605123 0.216795243 0.673244813 0.684857573 0.677424473 0.689603673 0.682619903 0.680636443
1.029631373 0.513922873 0.511745173 0.169868573 0.714831073 0.713536473 0.945071573 0.942258633 0.703258773 0 0.042162405 0.380260923 0.699948673 0.700711223 0.703003673 0.704791523 0.685604973 0.687851643 0.696653073 0.698679423 0.698679423 0.705815073 0.695641973 0.706327373 0.507015773 0.513328273 0.511942873 0.517898473 0.523901673 0.512734213
1.033981573 0.511547543 0.511745173 0.169242283 0.713277773 0.709923243 0.943312203 0.938407933 0.706839973 0.042162405 0 0.378272873 0.704024773 0.702748573 0.704791523 0.706327373 0.684857573 0.687351773 0.700711223 0.703514013 0.703514013 0.707352973 0.698172303 0.707866373 0.509968133 0.513922873 0.511745173 0.518297173 0.524705773 0.512932213
1.015568473 0.509770973 0.505641973 0.378934953 0.703514013 0.705303113 0.927661273 0.926973173 0.702493673 0.380260923 0.378272873 0 0.702238713 0.701220073 0.693120073 0.691108673 0.683862273 0.684608613 0.697159173 0.698425803 0.698679423 0.701474573 0.700711223 0.701983973 0.512140673 0.507015773 0.506426723 0.509573873 0.512734213 0.502511273
1.014408373 0.692113733 0.682619903 0.690857623 0.435318893 0.442674523 0.926973173 0.932495573 0.045870823 0.699948673 0.704024773 0.702238713 0 0.027613068 0.217596093 0.215595553 0.429450453 0.426974633 0.146307723 0.146915163 0.146672133 0.214397793 0.437285273 0.214397793 0.668113623 0.682371713 0.680388903 0.690355813 0.682123573 0.680636443
1.011708473 0.690104973 0.681379673 0.691862323 0.436033343 0.441773633 0.920467833 0.927317173 0.04449127 0.700711223 0.702748573 0.701220073 0.027613068 0 0.215728753 0.214530783 0.428388393 0.426621593 0.145700783 0.146186293 0.145943503 0.211742913 0.437822473 0.212273143 0.674226143 0.681131813 0.680884073 0.690104973 0.682123573 0.680388903
1.031210273 0.698425803 0.685106673 0.695641973 0.431401493 0.438539333 0.938058873 0.939456173 0.220271803 0.703003673 0.704791523 0.693120073 0.217596093 0.215728753 0 0.026784224 0.426445173 0.427504473 0.213600343 0.213733183 0.213866063 0.128665493 0.426974633 0.128902773 0.678164473 0.689603673 0.687601673 0.693623773 0.680636443 0.676685173
1.022176473 0.704535813 0.686602673 0.695389373 0.431756803 0.438180813 0.940155773 0.941557023 0.218798973 0.704791523 0.706327373 0.691108673 0.215595553 0.214530783 0.026784224 0 0.423451843 0.424858973 0.213600343 0.213600343 0.213600343 0.126770073 0.423979203 0.127006733 0.676685173 0.685604973 0.685604973 0.692113733 0.680884073 0.679152273
1.014022073 0.697665573 0.688351773 0.683365073 0.406081923 0.407628843 0.947895073 0.953218023 0.431223933 0.685604973 0.684857573 0.683862273 0.429450453 0.428388393 0.426445173 0.423451843 0 0.019775791 0.426974633 0.427151213 0.427327813 0.428034703 0.331297373 0.428388393 0.675700573 0.686103673 0.685355773 0.681379673 0.681875473 0.679894003
1.016730273 0.698933073 0.689353173 0.684608613 0.405223873 0.409178943 0.951084273 0.955715033 0.428211513 0.687851643 0.687351773 0.684608613 0.426974633 0.426621593 0.427504473 0.424858973 0.019775791 0 0.426268733 0.425387333 0.425563523 0.427681173 0.331608243 0.428034703 0.677424473 0.682371713 0.685106673 0.683365073 0.682123573 0.681131813
1.015181573 0.689854273 0.675454673 0.686103673 0.428565303 0.435318893 0.935967773 0.944015473 0.148984123 0.696653073 0.700711223 0.697159173 0.146307723 0.145700783 0.213600343 0.213600343 0.426974633 0.426268733 0 0.009182107 0.009182107 0.211213073 0.427151213 0.211477953 0.668844473 0.681379673 0.671530523 0.684110973 0.676192733 0.671041403
1.010169973 0.692365203 0.677671073 0.688351773 0.428211513 0.435854673 0.933535573 0.942258633 0.149471773 0.698679423 0.703514013 0.698425803 0.146915163 0.146186293 0.213733183 0.213600343 0.427151213 0.425387333 0.009182107 0 0.002836806 0.210815923 0.427681173 0.211080663 0.672264733 0.685854273 0.672754623 0.686852313 0.678411273 0.673490023
1.009401873 0.692365203 0.676931533 0.687601673 0.428034703 0.435318893 0.933188713 0.941557023 0.149227903 0.698679423 0.703514013 0.698679423 0.146672133 0.145943503 0.213866063 0.213600343 0.427327813 0.425563523 0.009182107 0.002836806 0 0.211213073 0.427857913 0.211477953 0.671285903 0.685355773 0.672264733 0.686103673 0.677177943 0.672264733
1.032000973 0.702748573 0.687351773 0.696147373 0.424858973 0.433001613 0.952150443 0.957503773 0.216528473 0.705815073 0.707352973 0.701474573 0.214397793 0.211742913 0.128665493 0.126770073 0.428034703 0.427681173 0.211213073 0.210815923 0.211213073 0 0.423276133 0.001434 0.688602003 0.691359773 0.688101673 0.701220073 0.685604973 0.688351773
1.041555273 0.694884513 0.682123573 0.698933073 0.405738573 0.402313923 0.937012573 0.941557023 0.434605123 0.695641973 0.698172303 0.700711223 0.437285273 0.437822473 0.426974633 0.423979203 0.331297373 0.331608243 0.427151213 0.427681173 0.427857913 0.423276133 0 0.423627593 0.691108673 0.688602003 0.701474573 0.696400143 0.697159173 0.688351773
1.033188673 0.703514013 0.688101673 0.696653073 0.425035033 0.432823633 0.953574213 0.958937773 0.216795243 0.706327373 0.707866373 0.701983973 0.214397793 0.212273143 0.128902773 0.127006733 0.428388393 0.428034703 0.211477953 0.211080663 0.211477953 0.001434 0.423627593 0 0.689603673 0.692365203 0.689102673 0.701729213 0.686103673 0.689102673
1.007868173 0.336130573 0.329279773 0.506623003 0.683365073 0.687101973 0.918085273 0.915371513 0.673244813 0.507015773 0.509968133 0.512140673 0.668113623 0.674226143 0.678164473 0.676685173 0.675700573 0.677424473 0.668844473 0.672264733 0.671285903 0.688602003 0.691108673 0.689603673 0 0.280236813 0.273156533 0.338166693 0.303832953 0.304132643
1.021786073 0.349385673 0.339422443 0.517101623 0.690857623 0.694127833 0.902281023 0.904280173 0.684857573 0.513328273 0.513922873 0.507015773 0.682371713 0.681131813 0.689603673 0.685604973 0.686103673 0.682371713 0.681379673 0.685854273 0.685355773 0.691359773 0.688602003 0.692365203 0.280236813 0 0.284897033 0.351458173 0.321876893 0.317744623
1.008251273 0.339579553 0.338009873 0.508588973 0.693371873 0.694884513 0.913680473 0.917405873 0.677424473 0.511942873 0.511745173 0.506426723 0.680388903 0.680884073 0.687601673 0.685604973 0.685355773 0.685106673 0.671530523 0.672754623 0.672264733 0.688101673 0.701474573 0.689102673 0.273156533 0.284897033 0 0.344150343 0.308341073 0.307136243
1.005191673 0.253567973 0.247706393 0.515113333 0.689353173 0.697412273 0.931111173 0.945423933 0.689603673 0.517898473 0.518297173 0.509573873 0.690355813 0.690104973 0.693623773 0.692113733 0.681379673 0.683365073 0.684110973 0.686852313 0.686103673 0.701220073 0.696400143 0.701729213 0.338166693 0.351458173 0.344150343 0 0.344782973 0.344466603
1.010169973 0.340995113 0.340365653 0.519694373 0.699440673 0.707609633 0.925255813 0.922857973 0.682619903 0.523901673 0.524705773 0.512734213 0.682123573 0.682123573 0.680636443 0.680884073 0.681875473 0.682123573 0.676192733 0.678411273 0.677177943 0.685604973 0.697159173 0.686103673 0.303832953 0.321876893 0.308341073 0.344782973 0 0.183270833
1.022957673 0.342255593 0.338794293 0.509573873 0.691359773 0.701474573 0.927661273 0.935967773 0.680636443 0.512734213 0.512932213 0.502511273 0.680636443 0.680388903 0.676685173 0.679152273 0.679894003 0.681131813 0.671041403 0.673490023 0.672264733 0.688351773 0.688351773 0.689102673 0.304132643 0.317744623 0.307136243 0.344466603 0.183270833 0
