0 0.89857497333 0.89527101333 0.88284702333 1.02682137333 1.00019134333 0.98183841333 0.90023247333 0.99943341333 0.99264607333 1.02760757333 0.89923752333 1.02642857333 1.02603607333 0.89791297333 0.89857497333 0.89428267333 0.89626067333 0.89758227333 0.98852820333 0.98629167333 0.89692117333 0.91059127333 0.89692117333 1.02056157333 0.99114604333 1.00323077333 1.00513687333 0.90857513333 0.90255907333
0.89857497333 0 0.22317133333 0.40055264333 1.04230227333 1.00628277333 0.99490167333 0.88837970333 0.99189562333 0.98852820333 1.02721427333 0.90355837333 1.01435357333 1.01203877333 0.88414517333 0.39817007333 0.39953060333 0.88512022333 0.88446997333 0.99152077333 0.99227072333 0.89099747333 0.89132537333 0.89066977333 1.00437387333 0.95996027333 0.98815502333 1.02173127333 0.87510497333 0.24266357333
0.89527101333 0.22317133333 0 0.40055264333 1.03155077333 0.99077147333 0.97925282333 0.89560077333 0.97557450333 0.98220847333 1.01783917333 0.91463984333 1.00896337333 1.00781337333 0.89066977333 0.40362711333 0.40534062333 0.89099747333 0.89230977333 0.98517587333 0.98369067333 0.90056437333 0.90122867333 0.89990062333 0.99943341333 0.96645697333 0.98109872333 1.00095007333 0.88740034333 0.24446098333
0.88284702333 0.40055264333 0.40055264333 0 1.05199017333 1.01319527333 1.01203877333 0.89034217333 0.99227072333 0.98964901333 1.05769977333 0.90622980333 1.04753437333 1.04834247333 0.89527101333 0.18168671333 0.18372648333 0.89034217333 0.90023247333 0.99302147333 0.99077147333 0.90189357333 0.89132537333 0.90156103333 1.03710637333 0.97081960333 1.00973107333 1.01822757333 0.90189357333 0.39867997333
1.02682137333 1.04230227333 1.03155077333 1.05199017333 0 0.99189562333 1.01396727333 1.01551367333 1.05117807333 1.04350637333 0.16096889333 1.00934707333 0.15492495333 0.15480211333 1.00246977333 1.06634667333 1.07509437333 1.00704767333 1.00285027333 1.04310477333 1.03472027333 1.01590077333 1.02839447333 1.01667547333 0.53355313333 1.02329387333 1.01512677333 1.04471257333 1.01590077333 1.04230227333
1.00019134333 1.00628277333 0.99077147333 1.01319527333 0.99189562333 0 0.14637437333 1.00246977333 0.57025773333 0.57025773333 1.00095007333 0.99227072333 0.98703642333 0.98517587333 0.99754187333 1.00857987333 1.01435357333 0.99905474333 0.99905474333 0.56897641333 0.56705851333 0.99377297333 0.99603201333 0.99414904333 0.99943341333 0.49217837333 0.48298989333 0.55796237333 0.97264481333 1.01473997333
0.98183841333 0.99490167333 0.97925282333 1.01203877333 1.01396727333 0.14637437333 0 0.99490167333 0.56260241333 0.56196797333 1.01590077333 1.00513687333 1.00057060333 0.99716414333 0.98443287333 0.99981231333 1.01242397333 0.98852820333 0.98778197333 0.56112290333 0.56133407333 0.98072917333 0.99867617333 0.98109872333 0.99943341333 0.49391381333 0.47428865333 0.54959877333 0.96609457333 0.99640917333
0.90023247333 0.88837970333 0.89560077333 0.89034217333 1.01551367333 1.00246977333 0.99490167333 0 0.99114604333 1.01435357333 1.01551367333 0.81529517333 1.00095007333 1.00973107333 0.11859563333 0.90089644333 0.90355837333 0.11906394333 0.11765988333 0.98890162333 0.99002297333 0.15566241333 0.78708870333 0.15578541333 1.01126877333 0.97301043333 0.97410823333 0.99039717333 0.29070849333 0.90656437333
0.99943341333 0.99189562333 0.97557450333 0.99227072333 1.05117807333 0.57025773333 0.56260241333 0.99114604333 0 0.11882974333 1.03949997333 1.01628807333 1.01900477333 1.02368497333 0.98629167333 1.00819647333 1.01435357333 0.98183841333 0.98890162333 0.11789371333 0.11847860333 0.99829787333 0.98517587333 0.99829787333 1.04190127333 0.56557017333 0.56302567333 0.45810297333 0.98740912333 1.01280957333
0.99264607333 0.98852820333 0.98220847333 0.98964901333 1.04350637333 0.57025773333 0.56196797333 1.01435357333 0.11882974333 0 1.04310477333 1.01396727333 1.01861607333 1.02134117333 1.00896337333 1.01049947333 1.01628807333 1.00057060333 1.00551867333 0.12000144333 0.12140989333 1.02095127333 0.99565507333 1.02095127333 1.03949997333 0.56663297333 0.56239087333 0.46123837333 0.97925282333 1.01011517333
1.02760757333 1.02721427333 1.01783917333 1.05769977333 0.16096889333 1.00095007333 1.01590077333 1.01551367333 1.03949997333 1.04310477333 0 1.00361167333 0.09998482933 0.09827419333 1.00628277333 1.06800497333 1.06676087333 1.00973107333 1.00590067333 1.04150047333 1.03472027333 1.01978277333 1.02485957333 1.02056157333 0.53436767333 1.01590077333 1.01551367333 1.04955637333 1.01861607333 1.03194617333
0.89923752333 0.90355837333 0.91463984333 0.90622980333 1.00934707333 0.99227072333 1.00513687333 0.81529517333 1.01628807333 1.01396727333 1.00361167333 0 0.99829787333 0.99377297333 0.81086337333 0.92211951333 0.92075402333 0.80528717333 0.80821687333 1.00475527333 0.99829787333 0.81529517333 0.82363851333 0.81588807333 1.00934707333 0.98517587333 0.98406173333 1.00743047333 0.81233777333 0.93001977333
1.02642857333 1.01435357333 1.00896337333 1.04753437333 0.15492495333 0.98703642333 1.00057060333 1.00095007333 1.01900477333 1.01861607333 0.09998482933 0.99829787333 0 0.05522187933 0.99339713333 1.05851897333 1.05688157333 0.99716414333 0.99152077333 1.02721427333 1.01900477333 1.00437387333 1.02682137333 1.00513687333 0.53070917333 1.01319527333 1.01088407333 1.03472027333 0.99829787333 1.02603607333
1.02603607333 1.01203877333 1.00781337333 1.04834247333 0.15480211333 0.98517587333 0.99716414333 1.00973107333 1.02368497333 1.02134117333 0.09827419333 0.99377297333 0.05522187933 0 0.99905474333 1.05769977333 1.05688157333 1.00590067333 0.99981231333 1.02446787333 1.01861607333 1.00781337333 1.02368497333 1.00857987333 0.52908887333 1.00743047333 1.01473997333 1.03631017333 1.00819647333 1.01745117333
0.89791297333 0.88414517333 0.89066977333 0.89527101333 1.00246977333 0.99754187333 0.98443287333 0.11859563333 0.98629167333 1.00896337333 1.00628277333 0.81086337333 0.99339713333 0.99905474333 0 0.90723402333 0.91295027333 0.03663158933 0.03652667333 0.98035980333 0.97741137333 0.15149302333 0.77407447333 0.15173764333 0.99640917333 0.97118427333 0.98109872333 0.98591957333 0.28090827333 0.90455903333
0.89857497333 0.39817007333 0.40362711333 0.18168671333 1.06634667333 1.00857987333 0.99981231333 0.90089644333 1.00819647333 1.01049947333 1.06800497333 0.92211951333 1.05851897333 1.05769977333 0.90723402333 0 0.03547831033 0.90089644333 0.90622980333 1.00057060333 1.00095007333 0.91531671333 0.89395347333 0.91497822333 1.04672697333 0.96609457333 1.00361167333 1.01667547333 0.90958250333 0.40448337333
0.89428267333 0.39953060333 0.40534062333 0.18372648333 1.07509437333 1.01435357333 1.01242397333 0.90355837333 1.01435357333 1.01628807333 1.06676087333 0.92075402333 1.05688157333 1.05688157333 0.91295027333 0.03547831033 0 0.90622980333 0.91126447333 1.00819647333 1.00743047333 0.91837032333 0.90289200333 0.91803047333 1.05647267333 0.97447457333 1.00857987333 1.02095127333 0.90991862333 0.40619884333
0.89626067333 0.88512022333 0.89099747333 0.89034217333 1.00704767333 0.99905474333 0.98852820333 0.11906394333 0.98183841333 1.00057060333 1.00973107333 0.80528717333 0.99716414333 1.00590067333 0.03663158933 0.90089644333 0.90622980333 0 0.03046645733 0.97484101333 0.97447457333 0.15075963333 0.77716607333 0.15100403333 0.99227072333 0.97154917333 0.98480427333 0.97962167333 0.28294552333 0.90622980333
0.89758227333 0.88446997333 0.89230977333 0.90023247333 1.00285027333 0.99905474333 0.98778197333 0.11765988333 0.98890162333 1.00551867333 1.00590067333 0.80821687333 0.99152077333 0.99981231333 0.03652667333 0.90622980333 0.91126447333 0.03046645733 0 0.97999061333 0.97888417333 0.14978292333 0.77772952333 0.15002697333 0.99302147333 0.96972657333 0.98109872333 0.99077147333 0.27945647333 0.90455903333
0.98852820333 0.99152077333 0.98517587333 0.99302147333 1.04310477333 0.56897641333 0.56112290333 0.98890162333 0.11789371333 0.12000144333 1.04150047333 1.00475527333 1.02721427333 1.02446787333 0.98035980333 1.00057060333 1.00819647333 0.97484101333 0.97999061333 0 0.01685409333 0.99377297333 0.98591957333 0.99377297333 1.04270337333 0.56429687333 0.55335082333 0.45589764333 0.97081960333 1.00934707333
0.98629167333 0.99227072333 0.98369067333 0.99077147333 1.03472027333 0.56705851333 0.56133407333 0.99002297333 0.11847860333 0.12140989333 1.03472027333 0.99829787333 1.01900477333 1.01861607333 0.97741137333 1.00095007333 1.00743047333 0.97447457333 0.97888417333 0.01685409333 0 0.99678657333 0.98369067333 0.99678657333 1.04270337333 0.56239087333 0.55460573333 0.45369877333 0.96972657333 1.00666507333
0.89692117333 0.89099747333 0.90056437333 0.90189357333 1.01590077333 0.99377297333 0.98072917333 0.15566241333 0.99829787333 1.02095127333 1.01978277333 0.81529517333 1.00437387333 1.00781337333 0.15149302333 0.91531671333 0.91837032333 0.15075963333 0.14978292333 0.99377297333 0.99678657333 0 0.78395600333 0.000778800000000004 1.00475527333 0.97264481333 0.97741137333 0.97594157333 0.28674374333 0.91193837333
0.91059127333 0.89132537333 0.90122867333 0.89132537333 1.02839447333 0.99603201333 0.99867617333 0.78708870333 0.98517587333 0.99565507333 1.02485957333 0.82363851333 1.02682137333 1.02368497333 0.77407447333 0.89395347333 0.90289200333 0.77716607333 0.77772952333 0.98591957333 0.98369067333 0.78395600333 0 0.78395600333 1.03353017333 0.99565507333 0.98406173333 0.98927523333 0.79224337333 0.89099747333
0.89692117333 0.89066977333 0.89990062333 0.90156103333 1.01667547333 0.99414904333 0.98109872333 0.15578541333 0.99829787333 1.02095127333 1.02056157333 0.81588807333 1.00513687333 1.00857987333 0.15173764333 0.91497822333 0.91803047333 0.15100403333 0.15002697333 0.99377297333 0.99678657333 0.000778800000000004 0.78395600333 0 1.00513687333 0.97337617333 0.97741137333 0.97594157333 0.28689022333 0.91160137333
1.02056157333 1.00437387333 0.99943341333 1.03710637333 0.53355313333 0.99943341333 0.99943341333 1.01126877333 1.04190127333 1.03949997333 0.53436767333 1.00934707333 0.53070917333 0.52908887333 0.99640917333 1.04672697333 1.05647267333 0.99227072333 0.99302147333 1.04270337333 1.04270337333 1.00475527333 1.03353017333 1.00513687333 0 0.99452527333 1.00743047333 1.04029957333 1.00285027333 1.02251207333
0.99114604333 0.95996027333 0.96645697333 0.97081960333 1.02329387333 0.49217837333 0.49391381333 0.97301043333 0.56557017333 0.56663297333 1.01590077333 0.98517587333 1.01319527333 1.00743047333 0.97118427333 0.96609457333 0.97447457333 0.97154917333 0.96972657333 0.56429687333 0.56239087333 0.97264481333 0.99565507333 0.97337617333 0.99452527333 0 0.48052059333 0.55775217333 0.96031977333 0.96790837333
1.00323077333 0.98815502333 0.98109872333 1.00973107333 1.01512677333 0.48298989333 0.47428865333 0.97410823333 0.56302567333 0.56239087333 1.01551367333 0.98406173333 1.01088407333 1.01473997333 0.98109872333 1.00361167333 1.00857987333 0.98480427333 0.98109872333 0.55335082333 0.55460573333 0.97741137333 0.98406173333 0.97741137333 1.00743047333 0.48052059333 0 0.54648627333 0.97045507333 0.99867617333
1.00513687333 1.02173127333 1.00095007333 1.01822757333 1.04471257333 0.55796237333 0.54959877333 0.99039717333 0.45810297333 0.46123837333 1.04955637333 1.00743047333 1.03472027333 1.03631017333 0.98591957333 1.01667547333 1.02095127333 0.97962167333 0.99077147333 0.45589764333 0.45369877333 0.97594157333 0.98927523333 0.97594157333 1.04029957333 0.55775217333 0.54648627333 0 0.97630877333 1.01900477333
0.90857513333 0.87510497333 0.88740034333 0.90189357333 1.01590077333 0.97264481333 0.96609457333 0.29070849333 0.98740912333 0.97925282333 1.01861607333 0.81233777333 0.99829787333 1.00819647333 0.28090827333 0.90958250333 0.90991862333 0.28294552333 0.27945647333 0.97081960333 0.96972657333 0.28674374333 0.79224337333 0.28689022333 1.00285027333 0.96031977333 0.97045507333 0.97630877333 0 0.89956897333
0.90255907333 0.24266357333 0.24446098333 0.39867997333 1.04230227333 1.01473997333 0.99640917333 0.90656437333 1.01280957333 1.01011517333 1.03194617333 0.93001977333 1.02603607333 1.01745117333 0.90455903333 0.40448337333 0.40619884333 0.90622980333 0.90455903333 1.00934707333 1.00666507333 0.91193837333 0.89099747333 0.91160137333 1.02251207333 0.96790837333 0.99867617333 1.01900477333 0.89956897333 0
