0 0.9993121317 0.5451235917 0.8902208917 0.8714618317 0.5478158917 0.5385373917 0.9974205917 0.9951569917 0.6628412917 0.9813471917 0.5422350417 0.9906501917 0.9895277317 0.9910247617 0.5445036917 0.5465720517 1.0015882917 1.0008287917 0.9791315417 0.9795003917 0.6611501917 0.6489430917 0.6613915217 0.9199509317 0.9921494417 0.6638093217 0.9017722917 0.8948200917 0.9843115917
0.9993121317 0 0.9974205917 1.0073091917 0.9996910317 0.9985548917 0.9977985317 0.4369302317 0.4401583617 0.9648870917 0.5940237917 1.0050155917 0.5909409917 0.5993382617 0.5944652217 1.0034903917 1.0057793917 0.4337159317 0.4340723917 0.5889658617 0.5878707917 0.9645254317 0.9769223917 0.9652490317 0.9970428617 0.3255473617 0.9921494417 1.0142322917 0.9981765917 0.2144877117
0.5451235917 0.9974205917 0 0.9097973417 0.9097973417 0.3008156717 0.2938333417 0.9977985317 0.9970428617 0.6592221517 0.9854263317 0.5379228917 0.9932758517 1.0008287917 0.9985548917 0.1187084617 0.1157872217 0.9962878917 0.9966652917 0.9887803417 0.9891539517 0.6532288417 0.6392716417 0.6539455317 0.9182490417 1.0057793917 0.6587408917 0.9041040917 0.8902208917 0.9876606917
0.8902208917 1.0073091917 0.9097973417 0 0.0836003017000001 0.9172297917 0.8984536917 1.0046339917 1.0019683917 0.9128289917 0.9902758917 0.9064430917 1.0012084917 0.9913994917 0.9977985317 0.9128289917 0.9084538517 0.9962878917 0.9966652917 0.9820871917 0.9824574917 0.9199509317 0.9101335917 0.9192696917 0.6582599917 1.0023484917 0.9108064917 0.6625994917 0.6508448417 0.9872878417
0.8714618317 0.9996910317 0.9097973417 0.0836003017000001 0 0.9189293917 0.8994476917 1.0069263917 1.0031094917 0.9185891417 0.9981765917 0.8994476917 1.0099938917 0.9993121317 1.0046339917 0.9124915217 0.9121542217 1.0038713917 1.0031094917 0.9913994917 0.9913994917 0.9189293917 0.8984536917 0.9185891417 0.6544236917 0.9955337917 0.9097973417 0.6580196917 0.6468094217 0.9802385217
0.5478158917 0.9985548917 0.3008156717 0.9172297917 0.9189293917 0 0.0757095817000001 1.0223907917 1.0150054917 0.6655064517 0.9846829917 0.5482308917 0.9902758917 1.0019683917 1.0004493217 0.3065088617 0.3041064717 1.0169419917 1.0165541917 0.9944039917 0.9940277617 0.6577793917 0.6510828917 0.6582599917 0.9196102317 0.9974205917 0.6635671917 0.9097973417 0.9031038517 0.9906501917
0.5385373917 0.9977985317 0.2938333417 0.8984536917 0.8994476917 0.0757095817000001 0 1.0134598917 1.0065437917 0.6604265917 0.9820871917 0.5420290917 0.9887803417 0.9966652917 0.9981765917 0.2999206717 0.2970935617 1.0057793917 1.0061614917 0.9974205917 0.9974205917 0.6513210917 0.6343658917 0.6515592617 0.9024377917 0.9843115917 0.6568190917 0.8987848917 0.8889119917 0.9824574917
0.9974205917 0.4369302317 0.9977985317 1.0046339917 1.0069263917 1.0223907917 1.0134598917 0 0.0759307257000001 0.9865426917 0.5933620917 1.0031094917 0.5891850917 0.5977842917 0.5920405917 1.0008287917 0.9977985317 0.1319371617 0.1315797517 0.5837241917 0.5845952317 0.9846829917 0.9865426917 0.9854263317 1.0080751917 0.4266219917 1.0031094917 1.0294552917 1.0119174917 0.4266219917
0.9951569917 0.4401583617 0.9970428617 1.0019683917 1.0031094917 1.0150054917 1.0065437917 0.0759307257000001 0 0.9917743417 0.5894043917 0.9981765917 0.5880897317 0.5964549417 0.5942444917 1.0015882917 0.9970428617 0.1295577117 0.1292014517 0.5843773917 0.5852491917 0.9891539517 0.9902758917 0.9902758917 1.0084585917 0.4257399717 1.0042525917 1.0294552917 1.0069263917 0.4299832517
0.6628412917 0.9648870917 0.6592221517 0.9128289917 0.9185891417 0.6655064517 0.6604265917 0.9865426917 0.9917743417 0 0.9659732917 0.6672073917 0.9806078917 0.9850545917 0.9787628917 0.6597036917 0.6565792217 0.9839404517 0.9850545917 0.9656110917 0.9659732917 0.0707510677000001 0.3956737517 0.0708609017000001 0.9014397517 0.9831985917 0.2564806317 0.9213151617 0.9081183317 0.9480726917
0.9813471917 0.5940237917 0.9854263317 0.9902758917 0.9981765917 0.9846829917 0.9820871917 0.5933620917 0.5894043917 0.9659732917 0 0.9835693917 0.0650617667000001 0.0752674977000001 0.0769266677000001 0.9947803917 0.9921494417 0.5835065517 0.5817679417 0.1456460517 0.1467390817 0.9601984917 0.9798693317 0.9612778917 1.0142322917 0.5869959217 0.9765548417 1.0251301917 1.0231725917 0.5865588417
0.5422350417 1.0050155917 0.5379228917 0.9064430917 0.8994476917 0.5482308917 0.5420290917 1.0031094917 0.9981765917 0.6672073917 0.9835693917 0 0.9913994917 0.9977985317 0.9955337917 0.5348578917 0.5330249317 0.9974205917 0.9981765917 0.9895277317 0.9899016917 0.6667209917 0.6568190917 0.6672073917 0.9216566317 0.9940277617 0.6618744917 0.9067778917 0.9162119317 0.9843115917
0.9906501917 0.5909409917 0.9932758517 1.0012084917 1.0099938917 0.9902758917 0.9887803417 0.5891850917 0.5880897317 0.9806078917 0.0650617667000001 0.9913994917 0 0.0722902117000001 0.0740530977000001 1.0004493217 0.9970428617 0.5809000917 0.5800333317 0.1423764917 0.1434647517 0.9776580617 0.9895277317 0.9795003917 1.0177178917 0.5832889917 0.9884069217 1.0270929917 1.0161667917 0.5822022217
0.9895277317 0.5993382617 1.0008287917 0.9913994917 0.9993121317 1.0019683917 0.9966652917 0.5977842917 0.5964549417 0.9850545917 0.0752674977000001 0.9977985317 0.0722902117000001 0 0.0601729217000001 1.0088420917 1.0057793917 0.5859037317 0.5850311917 0.1426181917 0.1435857817 0.9839404517 0.9996910317 0.9839404517 1.0216099917 0.5944652217 0.9913994917 1.0263072917 1.0216099917 0.5909409917
0.9910247617 0.5944652217 0.9985548917 0.9977985317 1.0046339917 1.0004493217 0.9981765917 0.5920405917 0.5942444917 0.9787628917 0.0769266677000001 0.9955337917 0.0740530977000001 0.0601729217000001 0 1.0084585917 1.0088420917 0.5837241917 0.5822022217 0.1392414417 0.1403251717 0.9780261917 1.0031094917 0.9787628917 1.0274862917 0.5894043917 0.9902758917 1.0345989917 1.0302442917 0.5883086617
0.5445036917 1.0034903917 0.1187084617 0.9128289917 0.9124915217 0.3065088617 0.2999206717 1.0008287917 1.0015882917 0.6597036917 0.9947803917 0.5348578917 1.0004493217 1.0088420917 1.0084585917 0 0.0551005977000001 1.0008287917 1.0008287917 0.9932758517 0.9932758517 0.6558600317 0.6435022917 0.6560996417 0.9216566317 1.0023484917 0.6572990917 0.9118170917 0.8977916917 0.9843115917
0.5465720517 1.0057793917 0.1157872217 0.9084538517 0.9121542217 0.3041064717 0.2970935617 0.9977985317 0.9970428617 0.6565792217 0.9921494417 0.5330249317 0.9970428617 1.0057793917 1.0088420917 0.0551005977000001 0 0.9966652917 0.9970428617 0.9925247917 0.9929001917 0.6510828917 0.6404444217 0.6515592617 0.9182490417 1.0053973917 0.6534676917 0.9118170917 0.8905484917 0.9854263317
1.0015882917 0.4337159317 0.9962878917 0.9962878917 1.0038713917 1.0169419917 1.0057793917 0.1319371617 0.1295577117 0.9839404517 0.5835065517 0.9974205917 0.5809000917 0.5859037317 0.5837241917 1.0008287917 0.9966652917 0 0.00597775770000009 0.5798167917 0.5804665917 0.9843115917 0.9929001917 0.9861703917 1.0088420917 0.4275050917 1.0027289917 1.0318248917 1.0050155917 0.4289201717
1.0008287917 0.4340723917 0.9966652917 0.9966652917 1.0031094917 1.0165541917 1.0061614917 0.1315797517 0.1292014517 0.9850545917 0.5817679417 0.9981765917 0.5800333317 0.5850311917 0.5822022217 1.0008287917 0.9970428617 0.00597775770000009 0 0.5785188317 0.5789511917 0.9869151417 0.9913994917 0.9884069217 1.0111474917 0.4283892217 1.0019683917 1.0330125917 1.0038713917 0.4289201717
0.9791315417 0.5889658617 0.9887803417 0.9820871917 0.9913994917 0.9944039917 0.9974205917 0.5837241917 0.5843773917 0.9656110917 0.1456460517 0.9895277317 0.1423764917 0.1426181917 0.1392414417 0.9932758517 0.9925247917 0.5798167917 0.5785188317 0 0.00336311290000009 0.9714278917 0.9765548417 0.9725235317 1.0274862917 0.5802499317 0.9906501917 1.0169419917 1.0046339917 0.5819850217
0.9795003917 0.5878707917 0.9891539517 0.9824574917 0.9913994917 0.9940277617 0.9974205917 0.5845952317 0.5852491917 0.9659732917 0.1467390817 0.9899016917 0.1434647517 0.1435857817 0.1403251717 0.9932758517 0.9929001917 0.5804665917 0.5789511917 0.00336311290000009 0 0.9725235317 0.9783943917 0.9736208617 1.0290610917 0.5809000917 0.9925247917 1.0188834917 1.0065437917 0.5819850217
0.6611501917 0.9645254317 0.6532288417 0.9199509317 0.9189293917 0.6577793917 0.6513210917 0.9846829917 0.9891539517 0.0707510677000001 0.9601984917 0.6667209917 0.9776580617 0.9839404517 0.9780261917 0.6558600317 0.6510828917 0.9843115917 0.9869151417 0.9714278917 0.9725235317 0 0.3956737517 0.00185880000000009 0.9037704917 0.9839404517 0.2554964717 0.9196102317 0.9091252917 0.9498436917
0.6489430917 0.9769223917 0.6392716417 0.9101335917 0.8984536917 0.6510828917 0.6343658917 0.9865426917 0.9902758917 0.3956737517 0.9798693317 0.6568190917 0.9895277317 0.9996910317 1.0031094917 0.6435022917 0.6404444217 0.9929001917 0.9913994917 0.9765548417 0.9783943917 0.3956737517 0 0.3955043917 0.8872790617 0.9895277317 0.4024796117 0.9017722917 0.8912040917 0.9776580617
0.6613915217 0.9652490317 0.6539455317 0.9192696917 0.9185891417 0.6582599917 0.6515592617 0.9854263317 0.9902758917 0.0708609017000001 0.9612778917 0.6672073917 0.9795003917 0.9839404517 0.9787628917 0.6560996417 0.6515592617 0.9861703917 0.9884069217 0.9725235317 0.9736208617 0.00185880000000009 0.3955043917 0 0.9047715917 0.9835693917 0.2553559917 0.9192696917 0.9081183317 0.9501982917
0.9199509317 0.9970428617 0.9182490417 0.6582599917 0.6544236917 0.9196102317 0.9024377917 1.0080751917 1.0084585917 0.9014397517 1.0142322917 0.9216566317 1.0177178917 1.0216099917 1.0274862917 0.9216566317 0.9182490417 1.0088420917 1.0111474917 1.0274862917 1.0290610917 0.9037704917 0.8872790617 0.9047715917 0 1.0200506917 0.8974609917 0.3492095917 0.3314321617 0.9761874917
0.9921494417 0.3255473617 1.0057793917 1.0023484917 0.9955337917 0.9974205917 0.9843115917 0.4266219917 0.4257399717 0.9831985917 0.5869959217 0.9940277617 0.5832889917 0.5944652217 0.5894043917 1.0023484917 1.0053973917 0.4275050917 0.4283892217 0.5802499317 0.5809000917 0.9839404517 0.9895277317 0.9835693917 1.0200506917 0 0.9917743417 1.0251301917 1.0212198917 0.3027584917
0.6638093217 0.9921494417 0.6587408917 0.9108064917 0.9097973417 0.6635671917 0.6568190917 1.0031094917 1.0042525917 0.2564806317 0.9765548417 0.6618744917 0.9884069217 0.9913994917 0.9902758917 0.6572990917 0.6534676917 1.0027289917 1.0019683917 0.9906501917 0.9925247917 0.2554964717 0.4024796117 0.2553559917 0.8974609917 0.9917743417 0 0.9165510917 0.9108064917 0.9677870917
0.9017722917 1.0142322917 0.9041040917 0.6625994917 0.6580196917 0.9097973417 0.8987848917 1.0294552917 1.0294552917 0.9213151617 1.0251301917 0.9067778917 1.0270929917 1.0263072917 1.0345989917 0.9118170917 0.9118170917 1.0318248917 1.0330125917 1.0169419917 1.0188834917 0.9196102317 0.9017722917 0.9192696917 0.3492095917 1.0251301917 0.9165510917 0 0.2487825117 0.9917743417
0.8948200917 0.9981765917 0.8902208917 0.6508448417 0.6468094217 0.9031038517 0.8889119917 1.0119174917 1.0069263917 0.9081183317 1.0231725917 0.9162119317 1.0161667917 1.0216099917 1.0302442917 0.8977916917 0.8905484917 1.0050155917 1.0038713917 1.0046339917 1.0065437917 0.9091252917 0.8912040917 0.9081183317 0.3314321617 1.0212198917 0.9108064917 0.2487825117 0 0.9813471917
0.9843115917 0.2144877117 0.9876606917 0.9872878417 0.9802385217 0.9906501917 0.9824574917 0.4266219917 0.4299832517 0.9480726917 0.5865588417 0.9843115917 0.5822022217 0.5909409917 0.5883086617 0.9843115917 0.9854263317 0.4289201717 0.4289201717 0.5819850217 0.5819850217 0.9498436917 0.9776580617 0.9501982917 0.9761874917 0.3027584917 0.9677870917 0.9917743417 0.9813471917 0
