0 0.3697393 0.3758215 1.0203725 1.0095364 1.0041765 1.0126165 0.9831119 1.0099207 0.50168246 0.9857129 0.9977191 0.9779369 0.50148726 0.5010971 1.0227151 1.0199828 1.015322 1.0137748 0.9706055 0.9727974 1.0049399 1.002652 1.005704 0.98832285 0.9931942 0.9901927 0.99281836 0.9768326 0.98125964
0.3697393 0 0.16349263 0.9898184 0.98907024 0.9746289 0.99056727 0.9775687 0.99357027 0.49333504 0.9860852 0.99357027 0.9727974 0.491407 0.493142 1.0080011 1.0072346 0.9958304 0.99281836 0.9709704 0.9764649 0.9920673 1.000751 0.99056727 0.9827411 0.9808897 0.98645765 0.9764649 0.9753628 0.96841997
0.3758215 0.16349263 0 0.98832285 0.99545324 0.98348296 0.9939465 0.97426224 0.9969631 0.49333504 0.9898184 0.98907024 0.97352946 0.49294904 0.49643022 1.0030329 0.99923354 1.0015109 0.9977191 0.97206604 0.9775687 0.9924427 0.99885464 0.990942 0.982 0.9920673 0.9939465 0.9831119 0.97720057 0.9713354
1.0203725 0.9898184 0.98832285 0 0.6713863 0.67163116 0.29589388 0.6599691 0.2988671 0.9779369 0.66650665 0.3493892 0.66456366 0.98237044 0.97573 0.16311966 0.16311966 0.29737902 0.29842037 0.65564215 0.65948707 0.29619068 0.6686986 0.29530063 0.6643211 0.6696748 0.6672366 0.6677236 0.65852404 0.65134007
1.0095364 0.98907024 0.99545324 0.6713863 0 0.08515653 0.6684547 0.5083492 0.6713863 1.0041765 0.50953186 0.6599691 0.5083492 1.0076177 1.0015109 0.6745752 0.67432946 0.6684547 0.6682109 0.4999276 0.5005121 0.66650665 0.5142812 0.6643211 0.52387106 0.24916099 0.2540561 0.24874288 0.5069718 0.5010971
1.0041765 0.9746289 0.98348296 0.67163116 0.08515653 0 0.6669932 0.50933456 0.6694307 0.9901927 0.5111116 0.66093403 0.5091374 0.9943229 0.98832285 0.6782716 0.6772841 0.6667499 0.66553456 0.50344145 0.5032458 0.66335183 0.5134875 0.6619002 0.5258845 0.24916099 0.25307453 0.24832502 0.5024637 0.49856558
1.0126165 0.99056727 0.9939465 0.29589388 0.6684547 0.6669932 0 0.6677236 0.08325454 0.97609735 0.6760516 0.34193748 0.6699191 0.9727974 0.9695119 0.30170265 0.30065674 0.08269604 0.08280771 0.6563616 0.65972805 0.24874288 0.6689425 0.2473509 0.6599691 0.66480625 0.66918653 0.66335183 0.6616586 0.65948707
0.9831119 0.9775687 0.97426224 0.6599691 0.5083492 0.50933456 0.6677236 0 0.6611755 0.98125964 0.08068891 0.662142 0.07857607 0.9790429 0.97499573 0.675067 0.67654437 0.6582834 0.6623838 0.13914502 0.14022927 0.6568416 0.5184617 0.65852404 0.5103213 0.50422454 0.5113093 0.5030502 0.44222128 0.44222128
1.0099207 0.99357027 0.9969631 0.2988671 0.6713863 0.6694307 0.08325454 0.6611755 0 0.9768326 0.6682109 0.34668535 0.6652917 0.97352946 0.97024083 0.30650267 0.30575064 0.038259473 0.038785826 0.6515784 0.65444463 0.2540561 0.67114156 0.25265422 0.66335183 0.6662635 0.661417 0.6640787 0.65660155 0.6508636
0.50168246 0.49333504 0.49333504 0.9779369 1.0041765 0.9901927 0.97609735 0.98125964 0.9768326 0 0.98683035 0.9969631 0.97609735 0.03479478 0.03552838 0.99734104 0.9894442 0.98051995 0.97867405 0.97609735 0.982 0.98051995 0.9958304 0.9816297 0.98794943 0.99999183 0.98237044 0.982 0.9827411 0.97024083
0.9857129 0.9860852 0.9898184 0.66650665 0.50953186 0.5111116 0.6760516 0.08068891 0.6682109 0.98683035 0 0.6606927 0.03270273 0.98683035 0.9831119 0.6777777 0.6795078 0.66796726 0.67163116 0.13842306 0.13950627 0.66480625 0.5220636 0.6662635 0.5152744 0.5061858 0.5126947 0.50598943 0.44348466 0.44150028
0.9977191 0.99357027 0.98907024 0.3493892 0.6599691 0.66093403 0.34193748 0.662142 0.34668535 0.9969631 0.6606927 0 0.6602102 0.9939465 0.9924427 0.35466585 0.35386395 0.34099153 0.34177974 0.6470625 0.6489606 0.34589195 0.65876466 0.34462425 0.65134007 0.66093403 0.65564215 0.66748005 0.6470625 0.64328057
0.9779369 0.9727974 0.97352946 0.66456366 0.5083492 0.5091374 0.6699191 0.07857607 0.6652917 0.97609735 0.03270273 0.6602102 0 0.9738958 0.9691478 0.6785187 0.6802505 0.66286767 0.66748005 0.13626131 0.13686118 0.6582834 0.5200604 0.6604514 0.51249665 0.5038329 0.51447976 0.5032458 0.44114006 0.4371889
0.50148726 0.491407 0.49294904 0.98237044 1.0076177 0.9943229 0.9727974 0.9790429 0.97352946 0.03479478 0.98683035 0.9939465 0.9738958 0 0.023153748 1.0011308 0.9931942 0.9783054 0.97573 0.97609735 0.9816297 0.97720057 0.99545324 0.97867405 0.9853408 1.0011308 0.9898184 0.9845971 0.98125964 0.9673296
0.5010971 0.493142 0.49643022 0.97573 1.0015109 0.98832285 0.9695119 0.97499573 0.97024083 0.03552838 0.9831119 0.9924427 0.9691478 0.023153748 0 0.99131685 0.9827411 0.97426224 0.9713354 0.9695119 0.97499573 0.97206604 0.9943229 0.97352946 0.9801504 0.9962078 0.9831119 0.97941184 0.9816297 0.9666036
1.0227151 1.0080011 1.0030329 0.16311966 0.6745752 0.6782716 0.30170265 0.675067 0.30650267 0.99734104 0.6777777 0.35466585 0.6785187 1.0011308 0.99131685 0 0.022535192 0.30424884 0.3048492 0.6623838 0.6669932 0.30260032 0.6740837 0.30319938 0.6699191 0.6740837 0.68149 0.67876583 0.66650665 0.65492344
1.0199828 1.0072346 0.99923354 0.16311966 0.67432946 0.6772841 0.30065674 0.67654437 0.30575064 0.9894442 0.6795078 0.35386395 0.6802505 0.9931942 0.9827411 0.022535192 0 0.30304956 0.30469906 0.6652917 0.67016345 0.302301 0.67163116 0.30215135 0.6684547 0.67285645 0.6807461 0.67802465 0.66553456 0.6558819
1.015322 0.9958304 1.0015109 0.29737902 0.6684547 0.6667499 0.08269604 0.6582834 0.038259473 0.98051995 0.66796726 0.34099153 0.66286767 0.9783054 0.97426224 0.30424884 0.30304956 0 0.019142218 0.6477737 0.65181684 0.2522342 0.6686986 0.2511152 0.65660155 0.6652917 0.6631097 0.66650665 0.6542054 0.65253264
1.0137748 0.99281836 0.9977191 0.29842037 0.6682109 0.66553456 0.08280771 0.6623838 0.038785826 0.97867405 0.67163116 0.34177974 0.66748005 0.97573 0.9713354 0.3048492 0.30469906 0.019142218 0 0.65110177 0.65444463 0.25265422 0.6731017 0.2511152 0.65948707 0.66650665 0.6631097 0.6669932 0.6573219 0.65492344
0.9706055 0.9709704 0.97206604 0.65564215 0.4999276 0.50344145 0.6563616 0.13914502 0.6515784 0.97609735 0.13842306 0.6470625 0.13626131 0.97609735 0.9695119 0.6623838 0.6652917 0.6477737 0.65110177 0 0.01484597 0.6461152 0.51012385 0.64801097 0.50265914 0.4927561 0.50481236 0.497012 0.43683073 0.4355785
0.9727974 0.9764649 0.9775687 0.65948707 0.5005121 0.5032458 0.65972805 0.14022927 0.65444463 0.982 0.13950627 0.6489606 0.13686118 0.9816297 0.97499573 0.6669932 0.67016345 0.65181684 0.65444463 0.01484597 0 0.6484856 0.5091374 0.65038735 0.5052045 0.4927561 0.50363714 0.49778837 0.44168046 0.4389823
1.0049399 0.9920673 0.9924427 0.29619068 0.66650665 0.66335183 0.24874288 0.6568416 0.2540561 0.98051995 0.66480625 0.34589195 0.6582834 0.97720057 0.97206604 0.30260032 0.302301 0.2522342 0.25265422 0.6461152 0.6484856 0 0.66359407 0.008750854 0.66577744 0.6640787 0.66504896 0.66553456 0.64991146 0.65277135
1.002652 1.000751 0.99885464 0.6686986 0.5142812 0.5134875 0.6689425 0.5184617 0.67114156 0.9958304 0.5220636 0.65876466 0.5200604 0.99545324 0.9943229 0.6740837 0.67163116 0.6686986 0.6731017 0.51012385 0.5091374 0.66359407 0 0.66286767 0.33800378 0.5182621 0.52306724 0.5150757 0.5091374 0.5063822
1.005704 0.99056727 0.990942 0.29530063 0.6643211 0.6619002 0.2473509 0.65852404 0.25265422 0.9816297 0.6662635 0.34462425 0.6604514 0.97867405 0.97352946 0.30319938 0.30215135 0.2511152 0.2511152 0.64801097 0.65038735 0.008750854 0.66286767 0 0.66602045 0.66335183 0.6626257 0.6643211 0.6506254 0.65277135
0.98832285 0.9827411 0.982 0.6643211 0.52387106 0.5258845 0.6599691 0.5103213 0.66335183 0.98794943 0.5152744 0.65134007 0.51249665 0.9853408 0.9801504 0.6699191 0.6684547 0.65660155 0.65948707 0.50265914 0.5052045 0.66577744 0.33800378 0.66602045 0 0.5150757 0.52628785 0.5132893 0.5071684 0.5085462
0.9931942 0.9808897 0.9920673 0.6696748 0.24916099 0.24916099 0.66480625 0.50422454 0.6662635 0.99999183 0.5061858 0.66093403 0.5038329 1.0011308 0.9962078 0.6740837 0.67285645 0.6652917 0.66650665 0.4927561 0.4927561 0.6640787 0.5182621 0.66335183 0.5150757 0 0.2520942 0.2458227 0.50363714 0.49333504
0.9901927 0.98645765 0.9939465 0.6672366 0.2540561 0.25307453 0.66918653 0.5113093 0.661417 0.98237044 0.5126947 0.65564215 0.51447976 0.9898184 0.9831119 0.68149 0.6807461 0.6631097 0.6631097 0.50481236 0.50363714 0.66504896 0.52306724 0.6626257 0.52628785 0.2520942 0 0.20582764 0.5083492 0.50344145
0.99281836 0.9764649 0.9831119 0.6677236 0.24874288 0.24832502 0.66335183 0.5030502 0.6640787 0.982 0.50598943 0.66748005 0.5032458 0.9845971 0.97941184 0.67876583 0.67802465 0.66650665 0.6669932 0.497012 0.49778837 0.66553456 0.5150757 0.6643211 0.5132893 0.2458227 0.20582764 0 0.5018777 0.49740008
0.9768326 0.9753628 0.97720057 0.65852404 0.5069718 0.5024637 0.6616586 0.44222128 0.65660155 0.9827411 0.44348466 0.6470625 0.44114006 0.98125964 0.9816297 0.66650665 0.66553456 0.6542054 0.6573219 0.43683073 0.44168046 0.64991146 0.5091374 0.6506254 0.5071684 0.50363714 0.5083492 0.5018777 0 0.17742492
0.98125964 0.96841997 0.9713354 0.65134007 0.5010971 0.49856558 0.65948707 0.44222128 0.6508636 0.97024083 0.44150028 0.64328057 0.4371889 0.9673296 0.9666036 0.65492344 0.6558819 0.65253264 0.65492344 0.4355785 0.4389823 0.65277135 0.5063822 0.65277135 0.5085462 0.49333504 0.50344145 0.49740008 0.17742492 0
