0 1.0203725 1.01069 1.0072346 0.82877463 0.84187144 0.84187144 0.99734104 1.0080011 0.9946995 1.0238891 0.6837262 1.0172604 0.85488826 0.8480418 0.990942 0.98869646 1.0149349 1.0110749 0.84125715 0.84402525 0.8486616 0.8375822 0.8486616 0.85770726 0.675067 0.6852207 0.85645306 0.8611671 1.0172604
1.0203725 0 0.30080608 0.96334505 1.0030329 1.0176488 1.0238891 0.94127417 0.944438 0.94903165 0.9536536 1.0325551 0.9554389 1.0099207 1.014548 0.76429653 0.7574018 0.65110177 0.6501494 1.0238891 1.0313674 1.0266355 1.0274222 1.0234975 1.0053219 1.0219333 1.0141612 1.0122308 1.0083846 0.66480625
1.01069 0.30080608 0 0.9590223 0.9946995 1.0072346 1.0083846 0.9253087 0.9253087 0.91915274 0.932902 0.99885464 0.93847305 1.0083846 1.0095364 0.75603044 0.756853 0.63554007 0.6362405 1.0015109 1.0072346 0.99999183 1.01146 0.99847597 0.98757625 1.002652 0.99056727 1.001891 1.005704 0.6515784
1.0072346 0.96334505 0.9590223 0 1.0126165 0.9950763 0.9920673 0.27960324 0.28178412 0.27974844 0.28954104 1.0278157 0.28851193 1.0130024 1.0130024 0.94549555 0.9472615 0.93255514 0.92909575 1.0011308 1.0083846 1.0099207 0.97609735 1.0091523 1.0199828 1.0064689 0.98832285 1.0361294 0.9958304 0.96298385
0.82877463 1.0030329 0.9946995 1.0126165 0 0.26479682 0.2608218 0.9860852 0.99658537 0.9962078 0.9939465 0.83697146 1.0060863 0.742453 0.74030316 0.99281836 0.990942 0.9943229 0.9958304 0.33175245 0.3333104 0.3291113 0.5656289 0.3297319 0.549644 0.8327101 0.81590265 0.76790696 0.7598766 0.99131685
0.84187144 1.0176488 1.0072346 0.9950763 0.26479682 0 0.15213813 0.97573 0.9831119 0.9764649 0.97609735 0.8474224 0.9831119 0.7389627 0.7338906 0.9853408 0.99131685 0.98869646 0.9853408 0.32617044 0.32787165 0.32447308 0.56054413 0.32324106 0.54652894 0.84402525 0.831194 0.7640195 0.74030316 0.9901927
0.84187144 1.0238891 1.0083846 0.9920673 0.2608218 0.15213813 0 0.9680563 0.9753628 0.9709704 0.97352946 0.85488826 0.9872032 0.7328271 0.7280602 0.99357027 0.9943229 0.9857129 0.98794943 0.3206297 0.32401082 0.32093644 0.556333 0.31955704 0.5368514 0.84495026 0.82186216 0.761531 0.7437997 0.990942
0.99734104 0.94127417 0.9253087 0.27960324 0.9860852 0.97573 0.9680563 0 0.09849323 0.09849323 0.1732558 1.0110749 0.17426437 0.9946995 0.99056727 0.92462224 0.9229087 0.8973342 0.8956819 0.9816297 0.9901927 0.9939465 0.9666036 0.9931942 1.0011308 0.98869646 0.97978103 1.0087683 0.9673296 0.9232511
1.0080011 0.944438 0.9253087 0.28178412 0.99658537 0.9831119 0.9753628 0.09849323 0 0.089876354 0.1740121 1.0060863 0.17565337 1.0080011 1.0064689 0.92119914 0.9205164 0.908332 0.9043141 0.98907024 0.99923354 1.0003713 0.9709704 0.99885464 1.0234975 1.0080011 0.9931942 1.0262426 0.98794943 0.94232726
0.9946995 0.94903165 0.91915274 0.27974844 0.9962078 0.9764649 0.9709704 0.09849323 0.089876354 0 0.17514798 1.0034139 0.1762856 0.99847597 0.9969631 0.92359364 0.92085767 0.9123715 0.9100125 0.9860852 0.9931942 0.99885464 0.9666036 0.9969631 1.0130024 0.9962078 0.98683035 1.0219333 0.98869646 0.94267863
1.0238891 0.9536536 0.932902 0.28954104 0.9939465 0.97609735 0.97352946 0.1732558 0.1740121 0.17514798 0 1.019204 0.06897683 1.0168724 1.0133885 0.9346385 0.93082345 0.91949344 0.9127091 0.99281836 0.99961257 1.0041765 0.97867405 1.0045581 1.0266355 1.0118452 0.99923354 1.0258498 0.99169195 0.946908
0.6837262 1.0325551 0.99885464 1.0278157 0.83697146 0.8474224 0.85488826 1.0110749 1.0060863 1.0034139 1.019204 0 1.0180373 0.84095025 0.8351422 0.9977191 0.9901927 1.0227151 1.0188149 0.83301365 0.8406434 0.8388052 0.8381934 0.8388052 0.83422923 0.56733155 0.5774132 0.85959244 0.85582674 1.0087683
1.0172604 0.9554389 0.93847305 0.28851193 1.0060863 0.9831119 0.9872032 0.17426437 0.17565337 0.1762856 0.06897683 1.0180373 0 1.0231062 1.0199828 0.932902 0.93324894 0.9222244 0.91406107 1.0041765 1.0099207 1.01069 0.9838541 1.0122308 1.0278157 1.0076177 1.0053219 1.0289978 0.9980974 0.95151687
0.85488826 1.0099207 1.0083846 1.0130024 0.742453 0.7389627 0.7328271 0.9946995 1.0080011 0.99847597 1.0168724 0.84095025 1.0231062 0 0.053998034 1.0188149 1.0176488 0.9931942 0.990942 0.7368229 0.7389627 0.7338906 0.7167936 0.73842716 0.7338906 0.84495026 0.8480418 0.77209455 0.7502979 1.0080011
0.8480418 1.014548 1.0095364 1.0130024 0.74030316 0.7338906 0.7280602 0.99056727 1.0064689 0.9969631 1.0133885 0.8351422 1.0199828 0.053998034 0 1.0122308 1.01069 0.99131685 0.98869646 0.7338906 0.73495555 0.72991043 0.71627367 0.7336246 0.7293813 0.83422923 0.84156424 0.76651627 0.750842 1.000751
0.990942 0.76429653 0.75603044 0.94549555 0.99281836 0.9853408 0.99357027 0.92462224 0.92119914 0.92359364 0.9346385 0.9977191 0.932902 1.0188149 1.0122308 0 0.05195897 0.74893945 0.74650043 0.9977191 1.0003713 1.0030329 0.9626228 1.0080011 1.005704 0.99923354 0.990942 0.9872032 1.0041765 0.77489936
0.98869646 0.7574018 0.756853 0.9472615 0.990942 0.99131685 0.9943229 0.9229087 0.9205164 0.92085767 0.93082345 0.9901927 0.93324894 1.0176488 1.01069 0.05195897 0 0.75138646 0.74921095 0.9962078 0.99999183 1.0011308 0.9615409 1.0060863 0.9969631 0.9958304 0.990942 0.98683035 1.001891 0.7743376
1.0149349 0.65110177 0.63554007 0.93255514 0.9943229 0.98869646 0.9857129 0.8973342 0.908332 0.9123715 0.91949344 1.0227151 0.9222244 0.9931942 0.99131685 0.74893945 0.75138646 0 0.024392394 0.98125964 0.98348296 0.98645765 0.9946995 0.9842255 0.98794943 1.01069 0.990942 0.9980974 0.9808897 0.40014434
1.0110749 0.6501494 0.6362405 0.92909575 0.9958304 0.9853408 0.98794943 0.8956819 0.9043141 0.9100125 0.9127091 1.0188149 0.91406107 0.990942 0.98869646 0.74650043 0.74921095 0.024392394 0 0.97978103 0.98237044 0.9853408 0.9950763 0.98496884 0.9920673 1.0053219 0.9872032 0.9977191 0.97720057 0.39776123
0.84125715 1.0238891 1.0015109 1.0011308 0.33175245 0.32617044 0.3206297 0.9816297 0.98907024 0.9860852 0.99281836 0.83301365 1.0041765 0.7368229 0.7338906 0.9977191 0.9962078 0.98125964 0.97978103 0 0.020682575 0.07514155 0.5607553 0.07525209 0.5502686 0.85488826 0.82156307 0.7473126 0.73575526 0.9901927
0.84402525 1.0313674 1.0072346 1.0083846 0.3333104 0.32787165 0.32401082 0.9901927 0.99923354 0.9931942 0.99961257 0.8406434 1.0099207 0.7389627 0.73495555 1.0003713 0.99999183 0.98348296 0.98237044 0.020682575 0 0.07569444 0.5641423 0.07591571 0.55277205 0.8573935 0.82907665 0.74975425 0.73575526 0.99734104
0.8486616 1.0266355 0.99999183 1.0099207 0.3291113 0.32447308 0.32093644 0.9939465 1.0003713 0.99885464 1.0041765 0.8388052 1.01069 0.7338906 0.72991043 1.0030329 1.0011308 0.98645765 0.9853408 0.07514155 0.07569444 0 0.56393015 0.0130122285 0.5492279 0.85488826 0.8284728 0.75411475 0.7421839 0.9931942
0.8375822 1.0274222 1.01146 0.97609735 0.5656289 0.56054413 0.556333 0.9666036 0.9709704 0.9666036 0.97867405 0.8381934 0.9838541 0.7167936 0.71627367 0.9626228 0.9615409 0.9946995 0.9950763 0.5607553 0.5641423 0.56393015 0 0.56477904 0.5630822 0.83911127 0.84310144 0.75520885 0.7341567 1.0072346
0.8486616 1.0234975 0.99847597 1.0091523 0.3297319 0.32324106 0.31955704 0.9931942 0.99885464 0.9969631 1.0045581 0.8388052 1.0122308 0.73842716 0.7336246 1.0080011 1.0060863 0.9842255 0.98496884 0.07525209 0.07591571 0.0130122285 0.56477904 0 0.5506852 0.8542633 0.83028585 0.75493515 0.74622995 0.9943229
0.85770726 1.0053219 0.98757625 1.0199828 0.549644 0.54652894 0.5368514 1.0011308 1.0234975 1.0130024 1.0266355 0.83422923 1.0278157 0.7338906 0.7293813 1.005704 0.9969631 0.98794943 0.9920673 0.5502686 0.55277205 0.5492279 0.5630822 0.5506852 0 0.83180004 0.8424862 0.7656831 0.750842 0.9931942
0.675067 1.0219333 1.002652 1.0064689 0.8327101 0.84402525 0.84495026 0.98869646 1.0080011 0.9962078 1.0118452 0.56733155 1.0076177 0.84495026 0.83422923 0.99923354 0.9958304 1.01069 1.0053219 0.85488826 0.8573935 0.85488826 0.83911127 0.8542633 0.83180004 0 0.47258234 0.84187144 0.8305884 1.0176488
0.6852207 1.0141612 0.99056727 0.98832285 0.81590265 0.831194 0.82186216 0.97978103 0.9931942 0.98683035 0.99923354 0.5774132 1.0053219 0.8480418 0.84156424 0.990942 0.990942 0.990942 0.9872032 0.82156307 0.82907665 0.8284728 0.84310144 0.83028585 0.8424862 0.47258234 0 0.84310144 0.8366663 0.9969631
0.85645306 1.0122308 1.001891 1.0361294 0.76790696 0.7640195 0.761531 1.0087683 1.0262426 1.0219333 1.0258498 0.85959244 1.0289978 0.77209455 0.76651627 0.9872032 0.98683035 0.9980974 0.9977191 0.7473126 0.74975425 0.75411475 0.75520885 0.75493515 0.7656831 0.84187144 0.84310144 0 0.41096306 0.99999183
0.8611671 1.0083846 1.005704 0.9958304 0.7598766 0.74030316 0.7437997 0.9673296 0.98794943 0.98869646 0.99169195 0.85582674 0.9980974 0.7502979 0.750842 1.0041765 1.001891 0.9808897 0.97720057 0.73575526 0.73575526 0.7421839 0.7341567 0.74622995 0.750842 0.8305884 0.8366663 0.41096306 0 0.98907024
1.0172604 0.66480625 0.6515784 0.96298385 0.99131685 0.9901927 0.990942 0.9232511 0.94232726 0.94267863 0.946908 1.0087683 0.95151687 1.0080011 1.000751 0.77489936 0.7743376 0.40014434 0.39776123 0.9901927 0.99734104 0.9931942 1.0072346 0.9943229 0.9931942 1.0176488 0.9969631 0.99999183 0.98907024 0
