0 0.6501494 0.64516914 1.0049399 0.9901927 0.99169195 0.55906755 0.9943229 0.99281836 0.98757625 0.9931942 1.000751 1.002652 1.0072346 1.0045581 0.5573836 0.5569632 0.56754464 0.5641423 0.9894442 0.99961257 1.0122308 0.9920673 1.015322 0.5666926 0.9962078 1.0080011 1.015322 0.99847597 1.0053219
0.6501494 0 0.1308841 0.9831119 0.98051995 0.9746289 0.6364741 0.9827411 0.9764649 0.9673296 0.98496884 0.98683035 0.9783054 0.9872032 0.96841997 0.6235028 0.62787867 0.6376432 0.63251257 0.9860852 0.99056727 0.98645765 0.9920673 0.98757625 0.64682555 0.96334505 1.0030329 0.98907024 0.98645765 0.98832285
0.64516914 0.1308841 0 1.0049399 0.99885464 1.005704 0.62926584 0.99056727 1.0015109 0.9946995 0.98645765 1.0022715 0.98496884 1.0034139 0.982 0.6202947 0.6255724 0.6311194 0.62810963 0.98683035 0.99281836 1.0034139 0.99545324 1.005704 0.6378772 0.9962078 1.0172604 1.0022715 1.005704 1.0126165
1.0049399 0.9831119 1.0049399 0 0.118719436 0.30469906 0.9901927 0.32570714 0.31087938 0.30861238 0.3213968 0.5837021 0.32431898 0.33144122 0.31756908 0.9901927 0.9894442 0.99056727 0.99923354 0.32078305 0.32539845 0.5828315 0.31269795 0.5856646 1.0231062 0.3119397 0.34177974 0.3372195 0.14397594 0.1261365
0.9901927 0.98051995 0.99885464 0.118719436 0 0.31012297 0.98907024 0.32725257 0.31558636 0.31118217 0.32277957 0.582614 0.3284912 0.33097467 0.31863886 0.9860852 0.98683035 0.9901927 0.99056727 0.32324106 0.32694325 0.57439595 0.31558636 0.5763342 1.025065 0.31391275 0.34193748 0.3358099 0.1427653 0.123302296
0.99169195 0.9746289 1.005704 0.30469906 0.31012297 0 0.99169195 0.3201698 0.11428086 0.10952115 0.3122429 0.5669055 0.31467304 0.3215503 0.3145209 0.99169195 0.9853408 0.9939465 1.0003713 0.31589106 0.3187918 0.5763342 0.28601852 0.5804426 1.0141612 0.24693382 0.3286462 0.32493562 0.30861238 0.30545005
0.55906755 0.6364741 0.62926584 0.9901927 0.98907024 0.99169195 0 0.9816297 0.9931942 0.990942 0.9857129 0.98645765 0.97941184 0.9838541 0.97170067 0.11067928 0.11207139 0.19745351 0.19123371 0.97170067 0.9783054 0.99885464 0.99357027 1.0095364 0.2582775 0.99169195 0.9943229 0.9962078 0.990942 0.99131685
0.9943229 0.9827411 0.99056727 0.32570714 0.32725257 0.3201698 0.9816297 0 0.32431898 0.32293335 0.10031999 0.57827747 0.1013495 0.15890548 0.14932616 0.9842255 0.9860852 0.97426224 0.98832285 0.24693382 0.24485183 0.5793593 0.32216468 0.58348435 0.9969631 0.32447308 0.33816072 0.33081922 0.32478142 0.32032305
0.99281836 0.9764649 1.0015109 0.31087938 0.31558636 0.11428086 0.9931942 0.32431898 0 0.093379185 0.31940395 0.56733155 0.32032305 0.32493562 0.31680587 0.990942 0.9950763 0.9980974 1.0030329 0.31787458 0.3213968 0.5756876 0.29293236 0.5793593 1.0103053 0.25167447 0.3361229 0.33004242 0.31421676 0.31012297
0.98757625 0.9673296 0.9946995 0.30861238 0.31118217 0.10952115 0.990942 0.32293335 0.093379185 0 0.31528178 0.56882447 0.3163483 0.32293335 0.31512955 0.98907024 0.98645765 0.99734104 0.9969631 0.31741637 0.31925085 0.5767656 0.28631145 0.58174473 1.005704 0.24554518 0.3353406 0.3280265 0.3084615 0.3062018
0.9931942 0.98496884 0.98645765 0.3213968 0.32277957 0.3122429 0.9857129 0.10031999 0.31940395 0.31528178 0 0.5754721 0.089989096 0.15582183 0.1467679 0.9946995 0.9943229 0.97170067 0.9898184 0.23987852 0.23795332 0.5765499 0.31787458 0.5793593 0.99734104 0.3177218 0.33471534 0.32725257 0.31986335 0.31497735
1.000751 0.98683035 1.0022715 0.5837021 0.582614 0.5669055 0.98645765 0.57827747 0.56733155 0.56882447 0.5754721 0 0.5793593 0.57979244 0.5703204 0.9860852 0.9853408 0.9853408 0.98832285 0.5698927 0.5756876 0.41044435 0.5808764 0.4147781 1.0103053 0.57289183 0.5774132 0.5784937 0.5850098 0.5784937
1.002652 0.9783054 0.98496884 0.32431898 0.3284912 0.31467304 0.97941184 0.1013495 0.32032305 0.3163483 0.089989096 0.5793593 0 0.15373218 0.14749794 0.98869646 0.9860852 0.97426224 0.9860852 0.24070512 0.24111876 0.57289183 0.32185742 0.5763342 1.0049399 0.3187918 0.33941755 0.3297319 0.32170385 0.3201698
1.0072346 0.9872032 1.0034139 0.33144122 0.33097467 0.3215503 0.9838541 0.15890548 0.32493562 0.32293335 0.15582183 0.57979244 0.15373218 0 0.090778746 0.9842255 0.98794943 0.9698763 0.97720057 0.24679483 0.24762909 0.58239657 0.33081922 0.5871945 1.0099207 0.32555276 0.34288466 0.33674935 0.32957673 0.32277957
1.0045581 0.96841997 0.982 0.31756908 0.31863886 0.3145209 0.97170067 0.14932616 0.31680587 0.31512955 0.1467679 0.5703204 0.14749794 0.090778746 0 0.9775687 0.9746289 0.96226203 0.96841997 0.23795332 0.2402917 0.56584156 0.3187918 0.5713908 0.99734104 0.31528178 0.33627945 0.32617044 0.31711105 0.31300145
0.5573836 0.6235028 0.6202947 0.9901927 0.9860852 0.99169195 0.11067928 0.9842255 0.990942 0.98907024 0.9946995 0.9860852 0.98869646 0.9842255 0.9775687 0 0.089876354 0.19654323 0.1918792 0.97426224 0.97426224 0.9958304 0.9920673 1.0064689 0.2567269 0.99357027 0.9931942 1.0041765 0.98757625 0.98237044
0.5569632 0.62787867 0.6255724 0.9894442 0.98683035 0.9853408 0.11207139 0.9860852 0.9950763 0.98645765 0.9943229 0.9853408 0.9860852 0.98794943 0.9746289 0.089876354 0 0.19706325 0.19097567 0.97024083 0.97243166 0.9958304 0.98496884 1.0053219 0.25475803 0.98869646 0.98683035 0.99658537 0.9962078 0.99281836
0.56754464 0.6376432 0.6311194 0.99056727 0.9901927 0.9939465 0.19745351 0.97426224 0.9980974 0.99734104 0.97170067 0.9853408 0.97426224 0.9698763 0.96226203 0.19654323 0.19706325 0 0.08605326 0.9637064 0.9673296 0.9977191 0.98645765 1.0083846 0.26294866 0.99885464 0.99734104 1.0011308 0.9853408 0.99169195
0.5641423 0.63251257 0.62810963 0.99923354 0.99056727 1.0003713 0.19123371 0.98832285 1.0030329 0.9969631 0.9898184 0.98832285 0.9860852 0.97720057 0.96841997 0.1918792 0.19097567 0.08605326 0 0.9753628 0.982 1.0034139 0.9962078 1.0118452 0.25940725 0.9946995 1.0122308 1.0041765 0.9920673 0.99545324
0.9894442 0.9860852 0.98683035 0.32078305 0.32324106 0.31589106 0.97170067 0.24693382 0.31787458 0.31741637 0.23987852 0.5698927 0.24070512 0.24679483 0.23795332 0.97426224 0.97024083 0.9637064 0.9753628 0 0.087288015 0.56818426 0.32001656 0.5720337 0.99734104 0.3177218 0.33190808 0.3288012 0.32078305 0.31467304
0.99961257 0.99056727 0.99281836 0.32539845 0.32694325 0.3187918 0.9783054 0.24485183 0.3213968 0.31925085 0.23795332 0.5756876 0.24111876 0.24762909 0.2402917 0.97426224 0.97243166 0.9673296 0.982 0.087288015 0 0.5763342 0.3197102 0.58131045 0.9958304 0.32185742 0.33878887 0.3339345 0.32555276 0.3215503
1.0122308 0.98645765 1.0034139 0.5828315 0.57439595 0.5763342 0.99885464 0.5793593 0.5756876 0.5767656 0.5765499 0.41044435 0.57289183 0.58239657 0.56584156 0.9958304 0.9958304 0.9977191 1.0034139 0.56818426 0.5763342 0 0.5819619 0.017605018 0.9946995 0.57827747 0.5750415 0.57979244 0.58675706 0.5720337
0.9920673 0.9920673 0.99545324 0.31269795 0.31558636 0.28601852 0.99357027 0.32216468 0.29293236 0.28631145 0.31787458 0.5808764 0.32185742 0.33081922 0.3187918 0.9920673 0.98496884 0.98645765 0.9962078 0.32001656 0.3197102 0.5819619 0 0.58763224 1.0164845 0.28939393 0.3340906 0.33159682 0.308009 0.3087633
1.015322 0.98757625 1.005704 0.5856646 0.5763342 0.5804426 1.0095364 0.58348435 0.5793593 0.58174473 0.5793593 0.4147781 0.5763342 0.5871945 0.5713908 1.0064689 1.0053219 1.0083846 1.0118452 0.5720337 0.58131045 0.017605018 0.58763224 0 0.99961257 0.5828315 0.58131045 0.5837021 0.5907033 0.5767656
0.5666926 0.64682555 0.6378772 1.0231062 1.025065 1.0141612 0.2582775 0.9969631 1.0103053 1.005704 0.99734104 1.0103053 1.0049399 1.0099207 0.99734104 0.2567269 0.25475803 0.26294866 0.25940725 0.99734104 0.9958304 0.9946995 1.0164845 0.99961257 0 1.0130024 1.0282096 1.0238891 1.0246727 1.0203725
0.9962078 0.96334505 0.9962078 0.3119397 0.31391275 0.24693382 0.99169195 0.32447308 0.25167447 0.24554518 0.3177218 0.57289183 0.3187918 0.32555276 0.31528178 0.99357027 0.98869646 0.99885464 0.9946995 0.3177218 0.32185742 0.57827747 0.28939393 0.5828315 1.0130024 0 0.33424672 0.32647946 0.31315327 0.3087633
1.0080011 1.0030329 1.0172604 0.34177974 0.34193748 0.3286462 0.9943229 0.33816072 0.3361229 0.3353406 0.33471534 0.5774132 0.33941755 0.34288466 0.33627945 0.9931942 0.98683035 0.99734104 1.0122308 0.33190808 0.33878887 0.5750415 0.3340906 0.58131045 1.0282096 0.33424672 0 0.23084556 0.34036154 0.3411491
1.015322 0.98907024 1.0022715 0.3372195 0.3358099 0.32493562 0.9962078 0.33081922 0.33004242 0.3280265 0.32725257 0.5784937 0.3297319 0.33674935 0.32617044 1.0041765 0.99658537 1.0011308 1.0041765 0.3288012 0.3339345 0.57979244 0.33159682 0.5837021 1.0238891 0.32647946 0.23084556 0 0.33847472 0.3344029
0.99847597 0.98645765 1.005704 0.14397594 0.1427653 0.30861238 0.990942 0.32478142 0.31421676 0.3084615 0.31986335 0.5850098 0.32170385 0.32957673 0.31711105 0.98757625 0.9962078 0.9853408 0.9920673 0.32078305 0.32555276 0.58675706 0.308009 0.5907033 1.0246727 0.31315327 0.34036154 0.33847472 0 0.13650121
1.0053219 0.98832285 1.0126165 0.1261365 0.123302296 0.30545005 0.99131685 0.32032305 0.31012297 0.3062018 0.31497735 0.5784937 0.3201698 0.32277957 0.31300145 0.98237044 0.99281836 0.99169195 0.99545324 0.31467304 0.3215503 0.5720337 0.3087633 0.5767656 1.0203725 0.3087633 0.3411491 0.3344029 0.13650121 0
