0 0.97941184 0.98645765 1.0091523 0.99999183 1.0168724 0.8832416 0.89304566 0.8703658 0.8716434 1.0037951 1.0076177 1.0037951 1.0262426 1.0164845 0.9980974 1.0083846 1.0164845 1.0176488 1.0207624 0.9857129 0.99056727 1.0060863 0.99545324 1.0172604 1.0266355 0.8719632 1.0022715 0.8649598 0.8999856
0.97941184 0 0.9472615 0.9673296 0.9500957 0.9655158 0.9857129 0.99545324 0.97352946 0.98051995 0.35162324 0.9543672 0.35482633 0.96298385 0.96334505 0.9518725 0.9565121 0.9583042 0.95866317 0.9673296 0.9543672 0.9497408 0.9476152 0.95151687 1.0060863 0.9827411 0.97978103 0.44656178 0.9958304 1.0072346
0.98645765 0.9472615 0 0.8495923 0.33894598 0.33800378 1.01146 0.9924427 0.9920673 0.98869646 0.9790429 0.8345334 0.98645765 0.3447826 0.3425688 0.8480418 0.85270303 0.3447826 0.34747958 0.34732068 0.8437172 0.84310144 0.8153093 0.8455675 0.87324363 0.85332674 1.0103053 0.98683035 1.0045581 1.0049399
1.0091523 0.9673296 0.8495923 0 0.8495923 0.8608519 1.002652 0.9977191 1.0172604 1.01146 0.97170067 0.870685 0.97206604 0.84711295 0.8461853 0.42722434 0.42651764 0.8602219 0.86179787 0.8611671 0.17704496 0.1750217 0.8530148 0.17552699 0.7483968 0.7421839 0.9950763 0.9838541 1.0110749 0.9977191
0.99999183 0.9500957 0.33894598 0.8495923 0 0.20306955 0.99734104 0.9950763 0.98832285 0.99169195 0.97499573 0.8489717 0.97867405 0.20464435 0.20241436 0.85802114 0.85864925 0.14786322 0.1467679 0.15066971 0.8483516 0.8505242 0.8194727 0.8517685 0.8745262 0.83788776 1.0087683 0.96010065 1.015322 1.0037951
1.0168724 0.9655158 0.33800378 0.8608519 0.20306955 0 0.99961257 0.9943229 1.000751 0.99961257 0.9958304 0.8468036 0.9946995 0.15018086 0.14835055 0.8700467 0.8700467 0.21031472 0.21097685 0.21163957 0.85645306 0.85582674 0.8221614 0.85707986 0.8871479 0.85864925 1.0118452 0.9872032 1.0219333 1.0091523
0.8832416 0.9857129 1.01146 1.002652 0.99734104 0.99961257 0 0.14034984 0.6202947 0.62465185 1.01146 1.0176488 1.0149349 1.0099207 1.0130024 1.0099207 1.015322 1.014548 1.0095364 1.018426 1.001891 0.9962078 0.98645765 0.99999183 1.018426 1.0037951 0.6575622 0.9939465 0.6141462 0.620981
0.89304566 0.99545324 0.9924427 0.9977191 0.9950763 0.9943229 0.14034984 0 0.609624 0.6121078 1.01069 1.0168724 1.0130024 0.99545324 0.99545324 1.0164845 1.0262426 1.0164845 1.0103053 1.014548 0.99847597 0.990942 0.98869646 0.9946995 1.0083846 1.0060863 0.6530102 0.9898184 0.61391944 0.6141462
0.8703658 0.97352946 0.9920673 1.0172604 0.98832285 1.000751 0.6202947 0.609624 0 0.07447861 0.98645765 1.0215429 0.9801504 1.01146 1.0133885 1.005704 1.014548 1.0060863 0.99885464 1.005704 1.002652 1.001891 0.99734104 1.0015109 1.0234975 1.002652 0.6580429 0.98051995 0.5692516 0.573751
0.8716434 0.98051995 0.98869646 1.01146 0.99169195 0.99961257 0.62465185 0.6121078 0.07447861 0 0.9857129 1.0223241 0.9779369 1.014548 1.0164845 0.990942 1.0022715 1.0133885 1.0041765 1.0095364 1.0037951 1.0037951 0.98869646 1.0015109 1.0160967 0.9958304 0.66456366 0.9783054 0.5735361 0.5733213
1.0037951 0.35162324 0.9790429 0.97170067 0.97499573 0.9958304 1.01146 1.01069 0.98645765 0.9857129 0 0.9727974 0.06504038 0.9950763 0.9977191 0.9790429 0.97867405 0.97499573 0.9768326 0.98645765 0.9666036 0.97243166 0.9590223 0.9746289 0.98645765 0.97609735 1.0149349 0.4545852 1.019204 1.0195932
1.0076177 0.9543672 0.8345334 0.870685 0.8489717 0.8468036 1.0176488 1.0168724 1.0215429 1.0223241 0.9727974 0 0.9838541 0.847732 0.8446418 0.86749893 0.86813504 0.8611671 0.8542633 0.8602219 0.86654574 0.8694089 0.77405685 0.8684533 0.86909026 0.8624292 0.99131685 0.97243166 1.0095364 1.0083846
1.0037951 0.35482633 0.98645765 0.97206604 0.97867405 0.9946995 1.0149349 1.0130024 0.9801504 0.9779369 0.06504038 0.9838541 0 0.9962078 0.99545324 0.9713354 0.97170067 0.97867405 0.9801504 0.9901927 0.9626228 0.9687838 0.9568702 0.9709704 0.98832285 0.96841997 1.01146 0.4575242 1.0234975 1.0207624
1.0262426 0.96298385 0.3447826 0.84711295 0.20464435 0.15018086 1.0099207 0.99545324 1.01146 1.014548 0.9950763 0.847732 0.9962078 0 0.05270956 0.87581104 0.87581104 0.21270114 0.21309961 0.21562824 0.8468036 0.8483516 0.83089113 0.847732 0.8729233 0.8599071 1.0103053 0.99131685 1.0133885 1.014548
1.0164845 0.96334505 0.3425688 0.8461853 0.20241436 0.14835055 1.0130024 0.99545324 1.0133885 1.0164845 0.9977191 0.8446418 0.99545324 0.05270956 0 0.87484723 0.87356406 0.20872797 0.20912434 0.21163957 0.84402525 0.8455675 0.8257614 0.8446418 0.8694089 0.853951 1.0099207 0.98757625 1.019204 1.0045581
0.9980974 0.9518725 0.8480418 0.42722434 0.85802114 0.8700467 1.0099207 1.0164845 1.005704 0.990942 0.9790429 0.86749893 0.9713354 0.87581104 0.87484723 0 0.052602287 0.8694089 0.8745262 0.8719632 0.42475376 0.4236974 0.85114604 0.42281827 0.7690214 0.75520885 0.9977191 0.9816297 1.0011308 1.0030329
1.0083846 0.9565121 0.85270303 0.42651764 0.85864925 0.8700467 1.015322 1.0262426 1.014548 1.0022715 0.97867405 0.86813504 0.97170067 0.87581104 0.87356406 0.052602287 0 0.8703658 0.8754896 0.8745262 0.4231698 0.42194015 0.8446418 0.42176464 0.76790696 0.7532952 1.0034139 0.9801504 0.9980974 1.0064689
1.0164845 0.9583042 0.3447826 0.8602219 0.14786322 0.21031472 1.014548 1.0164845 1.0060863 1.0133885 0.97499573 0.8611671 0.97867405 0.21270114 0.20872797 0.8694089 0.8703658 0 0.03857524 0.041845977 0.85896355 0.8608519 0.83849925 0.8599071 0.88616943 0.85770726 1.0227151 0.9842255 1.0305767 1.0246727
1.0176488 0.95866317 0.34747958 0.86179787 0.1467679 0.21097685 1.0095364 1.0103053 0.99885464 1.0041765 0.9768326 0.8542633 0.9801504 0.21309961 0.20912434 0.8745262 0.8754896 0.03857524 0 0.029575553 0.85802114 0.8592779 0.8354467 0.8592779 0.8858435 0.85488826 1.0254573 0.9827411 1.0301816 1.0234975
1.0207624 0.9673296 0.34732068 0.8611671 0.15066971 0.21163957 1.018426 1.014548 1.005704 1.0095364 0.98645765 0.8602219 0.9901927 0.21562824 0.21163957 0.8719632 0.8745262 0.041845977 0.029575553 0 0.8592779 0.8599071 0.83331734 0.85959244 0.88259256 0.8542633 1.0278157 0.98757625 1.033348 1.0293922
0.9857129 0.9543672 0.8437172 0.17704496 0.8483516 0.85645306 1.001891 0.99847597 1.002652 1.0037951 0.9666036 0.86654574 0.9626228 0.8468036 0.84402525 0.42475376 0.4231698 0.85896355 0.85802114 0.8592779 0 0.022844406 0.83911127 0.022947505 0.74353015 0.7429914 0.9857129 0.9709704 0.99658537 0.9838541
0.99056727 0.9497408 0.84310144 0.1750217 0.8505242 0.85582674 0.9962078 0.990942 1.001891 1.0037951 0.97243166 0.8694089 0.9687838 0.8483516 0.8455675 0.4236974 0.42194015 0.8608519 0.8592779 0.8599071 0.022844406 0 0.84095025 0.012808756 0.7475835 0.7421839 0.9838541 0.97352946 1.002652 0.98237044
1.0060863 0.9476152 0.8153093 0.8530148 0.8194727 0.8221614 0.98645765 0.98869646 0.99734104 0.98869646 0.9590223 0.77405685 0.9568702 0.83089113 0.8257614 0.85114604 0.8446418 0.83849925 0.8354467 0.83331734 0.83911127 0.84095025 0 0.8400302 0.8745262 0.84340924 0.98907024 0.9497408 1.0110749 0.99847597
0.99545324 0.95151687 0.8455675 0.17552699 0.8517685 0.85707986 0.99999183 0.9946995 1.0015109 1.0015109 0.9746289 0.8684533 0.9709704 0.847732 0.8446418 0.42281827 0.42176464 0.8599071 0.8592779 0.85959244 0.022947505 0.012808756 0.8400302 0 0.74677104 0.74406934 0.98496884 0.9746289 1.0045581 0.98348296
1.0172604 1.0060863 0.87324363 0.7483968 0.8745262 0.8871479 1.018426 1.0083846 1.0234975 1.0160967 0.98645765 0.86909026 0.98832285 0.8729233 0.8694089 0.7690214 0.76790696 0.88616943 0.8858435 0.88259256 0.74353015 0.7475835 0.8745262 0.74677104 0 0.69148016 1.0068517 0.97426224 1.0015109 1.0207624
1.0266355 0.9827411 0.85332674 0.7421839 0.83788776 0.85864925 1.0037951 1.0060863 1.002652 0.9958304 0.97609735 0.8624292 0.96841997 0.8599071 0.853951 0.75520885 0.7532952 0.85770726 0.85488826 0.8542633 0.7429914 0.7421839 0.84340924 0.74406934 0.69148016 0 1.001891 0.98683035 0.99885464 1.0003713
0.8719632 0.97978103 1.0103053 0.9950763 1.0087683 1.0118452 0.6575622 0.6530102 0.6580429 0.66456366 1.0149349 0.99131685 1.01146 1.0103053 1.0099207 0.9977191 1.0034139 1.0227151 1.0254573 1.0278157 0.9857129 0.9838541 0.98907024 0.98496884 1.0068517 1.001891 0 0.9753628 0.65492344 0.66359407
1.0022715 0.44656178 0.98683035 0.9838541 0.96010065 0.9872032 0.9939465 0.9898184 0.98051995 0.9783054 0.4545852 0.97243166 0.4575242 0.99131685 0.98757625 0.9816297 0.9801504 0.9842255 0.9827411 0.98757625 0.9709704 0.97352946 0.9497408 0.9746289 0.97426224 0.98683035 0.9753628 0 0.9845971 1.0099207
0.8649598 0.9958304 1.0045581 1.0110749 1.015322 1.0219333 0.6141462 0.61391944 0.5692516 0.5735361 1.019204 1.0095364 1.0234975 1.0133885 1.019204 1.0011308 0.9980974 1.0305767 1.0301816 1.033348 0.99658537 1.002652 1.0110749 1.0045581 1.0015109 0.99885464 0.65492344 0.9845971 0 0.43112323
0.8999856 1.0072346 1.0049399 0.9977191 1.0037951 1.0091523 0.620981 0.6141462 0.573751 0.5733213 1.0195932 1.0083846 1.0207624 1.014548 1.0045581 1.0030329 1.0064689 1.0246727 1.0234975 1.0293922 0.9838541 0.98237044 0.99847597 0.98348296 1.0207624 1.0003713 0.66359407 1.0099207 0.43112323 0
