0 1.01087895956 0.98220335956 0.97887905956 0.99715902956 0.98554249956 0.96428005956 0.96899362956 0.97703855956 0.69760565956 0.97924770956 1.00132465956 0.98852308956 0.98146335956 0.98665885956 1.00857475956 0.99678145956 0.96536519956 0.97556938956 0.97117915956 0.96790325956 0.70447589956 0.70447589956 0.70447589956 0.99715902956 0.97703855956 0.68854208956 0.98035468956 0.98479915956 0.99001785956
1.01087895956 0 0.93799895956 0.95280205956 0.99376785956 1.00627765956 0.91260768956 0.92143132956 0.92691325956 1.00056548956 0.93974595956 0.95422725956 0.63915350956 0.64103021956 0.63845085956 1.01126365956 1.00704255956 0.93834801956 0.94184782956 0.91362055956 0.91193325956 0.99904962956 0.98665885956 0.99942829956 0.63681415956 0.50108575956 1.00589555956 0.98889650956 0.92691325956 0.22168759956
0.98220335956 0.93799895956 0 0.20548080956 1.01589565956 1.00094495956 0.85421242956 0.83723995956 0.84091039956 1.00780825956 0.21393904956 0.99039205956 0.92932435956 0.92314015956 0.92863465956 1.01396215956 1.01087895956 0.20969799956 0.21194807956 0.86521665956 0.86489995956 1.01550855956 0.99791469956 1.01473485956 0.94290091956 0.91802535956 0.97998549956 0.97998549956 0.34172275956 0.93174310956
0.97887905956 0.95280205956 0.20548080956 0 1.00094495956 0.99564995956 0.85546191956 0.83937885956 0.84429085956 0.99527315956 0.20983016956 0.99151565956 0.91836520956 0.91395845956 0.91768558956 1.00284515956 1.00322565956 0.20600665956 0.20666449956 0.86079555956 0.86048075956 1.00398755956 0.97703855956 1.00398755956 0.93278215956 0.92622585956 0.98703130956 0.96500325956 0.33999120956 0.93799895956
0.99715902956 0.99376785956 1.01589565956 1.00094495956 0 0.18987420956 0.97924770956 0.98777685956 0.98109360956 1.00056548956 1.01473485956 0.55397285956 0.99715902956 0.99829275956 0.99867105956 0.20076463956 0.19750686956 1.02055645956 1.01861095956 0.99339201956 0.99452015956 1.01396215956 1.02133605956 1.01512165956 0.99376785956 1.00513175956 1.00627765956 0.36184748956 0.99339201956 0.98964389956
0.98554249956 1.00627765956 1.00094495956 0.99564995956 0.18987420956 0 0.98554249956 0.99527315956 0.98927011956 0.98405661956 1.01628295956 0.54565335956 0.99414392956 0.99753675956 0.98964389956 0.0899992235600001 0.0874124335600001 1.01011005956 1.01011005956 1.00208455956 1.00208455956 0.99226560956 1.03154565956 0.99301635956 0.97924770956 0.99640405956 0.99640405956 0.35411708956 0.99264095956 0.99189050956
0.96428005956 0.91260768956 0.85421242956 0.85546191956 0.97924770956 0.98554249956 0 0.48393665956 0.48165412956 0.95887785956 0.84923525956 0.96428005956 0.93869729956 0.93070555956 0.92691325956 0.99753675956 0.99640405956 0.84429085956 0.85109785956 0.0837164695600001 0.0828232095600001 0.96464159956 0.97520255956 0.96500325956 0.93139710956 0.90055925956 0.95387065956 0.97630365956 0.84583248956 0.89989550956
0.96899362956 0.92143132956 0.83723995956 0.83937885956 0.98777685956 0.99527315956 0.48393665956 0 0.0862905195600001 0.98554249956 0.83055700956 0.98740400956 0.92211439956 0.91260768956 0.91362055956 1.01667035956 1.01744605956 0.82573385956 0.83176765956 0.48852265956 0.48603509956 0.99039205956 0.99001785956 0.99039205956 0.90422025956 0.92382475956 0.97814235956 0.96067430956 0.83937885956 0.90355325956
0.97703855956 0.92691325956 0.84091039956 0.84429085956 0.98109360956 0.98927011956 0.48165412956 0.0862905195600001 0 0.97998549956 0.83602035956 0.98035468956 0.92177279956 0.91294515956 0.91531159956 1.01011005956 1.01049435956 0.83176765956 0.83571585956 0.48508053956 0.48241420956 0.99114092956 0.98665885956 0.99151565956 0.91328275956 0.91260768956 0.97520255956 0.96247502956 0.85078705956 0.91429655956
0.69760565956 1.00056548956 1.00780825956 0.99527315956 1.00056548956 0.98405661956 0.95887785956 0.98554249956 0.97998549956 0 0.98554249956 0.96790325956 0.99904962956 0.99980719956 1.00018622956 1.00475015956 0.99640405956 0.99039205956 0.99527315956 0.96464159956 0.96139405956 0.0771535695600001 0.57604575956 0.0772643335600001 0.98257365956 0.98479915956 0.43525897956 0.97593645956 1.01126365956 0.97777422956
0.97924770956 0.93974595956 0.21393904956 0.20983016956 1.01473485956 1.01628295956 0.84923525956 0.83055700956 0.83602035956 0.98554249956 0 0.99264095956 0.92348235956 0.91904555956 0.92211439956 1.01357605956 1.01203365956 0.0638711245600001 0.0650689495600001 0.85985155956 0.85828091956 0.99264095956 0.97227432956 0.99226560956 0.93347565956 0.91700651956 0.98740400956 0.96790325956 0.34109263956 0.92588235956
1.00132465956 0.95422725956 0.99039205956 0.99151565956 0.55397285956 0.54565335956 0.96428005956 0.98740400956 0.98035468956 0.96790325956 0.99264095956 0 1.01822245956 1.01589565956 1.01280445956 0.56048460956 0.55439128956 0.98591445956 0.98814990956 0.97410311956 0.97373702956 0.97814235956 0.99452015956 0.97961655956 0.98109360956 0.98405661956 0.98889650956 0.55355475956 0.97740625956 0.96031465956
0.98852308956 0.63915350956 0.92932435956 0.91836520956 0.99715902956 0.99414392956 0.93869729956 0.92211439956 0.92177279956 0.99904962956 0.92348235956 1.01822245956 0 0.0674703435600001 0.0679077895600001 1.00132465956 1.00322565956 0.92829008956 0.93382259956 0.94925089956 0.94854275956 0.99791469956 1.00094495956 0.99829275956 0.55943049956 0.63518091956 1.01011005956 0.99564995956 0.93939625956 0.64739920956
0.98146335956 0.64103021956 0.92314015956 0.91395845956 0.99829275956 0.99753675956 0.93070555956 0.91260768956 0.91294515956 0.99980719956 0.91904555956 1.01589565956 0.0674703435600001 0 0.0460233745600001 1.00284515956 1.00895825956 0.92279805956 0.92656945956 0.94114655956 0.94009585956 0.99640405956 0.99867105956 0.99640405956 0.56111778956 0.63564715956 1.00246465956 1.00094495956 0.93382259956 0.65096100956
0.98665885956 0.63845085956 0.92863465956 0.91768558956 0.99867105956 0.98964389956 0.92691325956 0.91362055956 0.91531159956 1.00018622956 0.92211439956 1.01280445956 0.0679077895600001 0.0460233745600001 0 0.99715902956 1.00132465956 0.92691325956 0.93312879956 0.93834801956 0.93765005956 0.99452015956 1.00360655956 0.99489655956 0.56006278956 0.63518091956 1.00513175956 1.00018622956 0.93765005956 0.64905925956
1.00857475956 1.01126365956 1.01396215956 1.00284515956 0.20076463956 0.0899992235600001 0.99753675956 1.01667035956 1.01011005956 1.00475015956 1.01357605956 0.56048460956 1.00132465956 1.00284515956 0.99715902956 0 0.0354731965600001 1.00665995956 1.00819135956 1.01319015956 1.01357605956 1.01512165956 1.04350125956 1.01550855956 0.99829275956 1.00934195956 1.02055645956 0.35829447956 1.00475015956 1.00284515956
0.99678145956 1.00704255956 1.01087895956 1.00322565956 0.19750686956 0.0874124335600001 0.99640405956 1.01744605956 1.01049435956 0.99640405956 1.01203365956 0.55439128956 1.00322565956 1.00895825956 1.00132465956 0.0354731965600001 0 1.00895825956 1.01164855956 1.01589565956 1.01550855956 1.00398755956 1.02878325956 1.00436875956 0.98964389956 1.00934195956 1.01049435956 0.35797231956 0.99980719956 0.99489655956
0.96536519956 0.93834801956 0.20969799956 0.20600665956 1.02055645956 1.01011005956 0.84429085956 0.82573385956 0.83176765956 0.99039205956 0.0638711245600001 0.98591445956 0.92829008956 0.92279805956 0.92691325956 1.00665995956 1.00895825956 0 0.0274494995600001 0.85640039956 0.85546191956 0.99414392956 0.98146335956 0.99339201956 0.92932435956 0.91598912956 0.98628655956 0.96754015956 0.33716632956 0.92966940956
0.97556938956 0.94184782956 0.21194807956 0.20666449956 1.01861095956 1.01011005956 0.85109785956 0.83176765956 0.83571585956 0.99527315956 0.0650689495600001 0.98814990956 0.93382259956 0.92656945956 0.93312879956 1.00819135956 1.01164855956 0.0274494995600001 0 0.86331870956 0.86237152956 0.99715902956 0.98964389956 0.99640405956 0.93347565956 0.92314015956 0.99114092956 0.97008555956 0.34014843956 0.92725725956
0.97117915956 0.91362055956 0.86521665956 0.86079555956 0.99339201956 1.00208455956 0.0837164695600001 0.48852265956 0.48508053956 0.96464159956 0.85985155956 0.97410311956 0.94925089956 0.94114655956 0.93834801956 1.01319015956 1.01589565956 0.85640039956 0.86331870956 0 0.00458436456000011 0.96935745956 0.97777422956 0.96972145956 0.93382259956 0.91125935956 0.96754015956 0.98665885956 0.85327668956 0.89592545956
0.96790325956 0.91193325956 0.86489995956 0.86048075956 0.99452015956 1.00208455956 0.0828232095600001 0.48603509956 0.48241420956 0.96139405956 0.85828091956 0.97373702956 0.94854275956 0.94009585956 0.93765005956 1.01357605956 1.01550855956 0.85546191956 0.86237152956 0.00458436456000011 0 0.96681445956 0.97337105956 0.96717725956 0.93555995956 0.91193325956 0.96645185956 0.98591445956 0.85203085956 0.89790785956
0.70447589956 0.99904962956 1.01550855956 1.00398755956 1.01396215956 0.99226560956 0.96464159956 0.99039205956 0.99114092956 0.0771535695600001 0.99264095956 0.97814235956 0.99791469956 0.99640405956 0.99452015956 1.01512165956 1.00398755956 0.99414392956 0.99715902956 0.96935745956 0.96681445956 0 0.57239302956 0.00147420000000011 0.98777685956 0.99339201956 0.43276371956 0.98852308956 1.02407115956 0.97887905956
0.70447589956 0.98665885956 0.99791469956 0.97703855956 1.02133605956 1.03154565956 0.97520255956 0.99001785956 0.98665885956 0.57604575956 0.97227432956 0.99452015956 1.00094495956 0.99867105956 1.00360655956 1.04350125956 1.02878325956 0.98146335956 0.98964389956 0.97777422956 0.97337105956 0.57239302956 0 0.57282181956 0.98257365956 0.95851912956 0.54897005956 1.00780825956 0.98889650956 0.99039205956
0.70447589956 0.99942829956 1.01473485956 1.00398755956 1.01512165956 0.99301635956 0.96500325956 0.99039205956 0.99151565956 0.0772643335600001 0.99226560956 0.97961655956 0.99829275956 0.99640405956 0.99489655956 1.01550855956 1.00436875956 0.99339201956 0.99640405956 0.96972145956 0.96717725956 0.00147420000000011 0.57282181956 0 0.98740400956 0.99376785956 0.43329771956 0.98814990956 1.02367985956 0.97924770956
0.99715902956 0.63681415956 0.94290091956 0.93278215956 0.99376785956 0.97924770956 0.93139710956 0.90422025956 0.91328275956 0.98257365956 0.93347565956 0.98109360956 0.55943049956 0.56111778956 0.56006278956 0.99829275956 0.98964389956 0.92932435956 0.93347565956 0.93382259956 0.93555995956 0.98777685956 0.98257365956 0.98740400956 0 0.62845232956 0.97814235956 0.97008555956 0.94536401956 0.64056058956
0.97703855956 0.50108575956 0.91802535956 0.92622585956 1.00513175956 0.99640405956 0.90055925956 0.92382475956 0.91260768956 0.98479915956 0.91700651956 0.98405661956 0.63518091956 0.63564715956 0.63518091956 1.00934195956 1.00934195956 0.91598912956 0.92314015956 0.91125935956 0.91193325956 0.99339201956 0.95851912956 0.99376785956 0.62845232956 0 0.96935745956 0.97593645956 0.91938585956 0.51267429956
0.68854208956 1.00589555956 0.97998549956 0.98703130956 1.00627765956 0.99640405956 0.95387065956 0.97814235956 0.97520255956 0.43525897956 0.98740400956 0.98889650956 1.01011005956 1.00246465956 1.00513175956 1.02055645956 1.01049435956 0.98628655956 0.99114092956 0.96754015956 0.96645185956 0.43276371956 0.54897005956 0.43329771956 0.97814235956 0.96935745956 0 0.99376785956 0.99527315956 0.99980719956
0.98035468956 0.98889650956 0.97998549956 0.96500325956 0.36184748956 0.35411708956 0.97630365956 0.96067430956 0.96247502956 0.97593645956 0.96790325956 0.55355475956 0.99564995956 1.00094495956 1.00018622956 0.35829447956 0.35797231956 0.96754015956 0.97008555956 0.98665885956 0.98591445956 0.98852308956 1.00780825956 0.98814990956 0.97008555956 0.97593645956 0.99376785956 0 0.97008555956 0.98442775956
0.98479915956 0.92691325956 0.34172275956 0.33999120956 0.99339201956 0.99264095956 0.84583248956 0.83937885956 0.85078705956 1.01126365956 0.34109263956 0.97740625956 0.93939625956 0.93382259956 0.93765005956 1.00475015956 0.99980719956 0.33716632956 0.34014843956 0.85327668956 0.85203085956 1.02407115956 0.98889650956 1.02367985956 0.94536401956 0.91938585956 0.99527315956 0.97008555956 0 0.91904555956
0.99001785956 0.22168759956 0.93174310956 0.93799895956 0.98964389956 0.99189050956 0.89989550956 0.90355325956 0.91429655956 0.97777422956 0.92588235956 0.96031465956 0.64739920956 0.65096100956 0.64905925956 1.00284515956 0.99489655956 0.92966940956 0.92725725956 0.89592545956 0.89790785956 0.97887905956 0.99039205956 0.97924770956 0.64056058956 0.51267429956 0.99980719956 0.98442775956 0.91904555956 0
