0 0.8276438602 0.9934970202 1.0156135602 0.9983977602 0.9852757602 0.9931213602 0.9904970602 0.9841616202 0.9893751202 0.9934970202 0.8300573602 1.0002912302 1.0014296602 0.9983977602 0.8195551602 0.8508920602 0.8474822602 0.8258388602 0.8237384002 1.0002912302 1.0113686602 0.9950015602 1.0105993602 0.8294532902 0.8400961202 1.0167753602 0.9837905602 0.9923706102 1.0198826602
0.8276438602 0 1.0060005602 1.0102150602 1.0241761602 0.9912459302 1.0082963602 0.9950015602 0.9972640302 1.0179390602 1.0060005602 0.6633043602 1.0117535602 1.0132951602 1.0129094602 0.1820412702 0.2027001802 0.1999560302 0.1862558402 0.1843371902 1.0048551602 1.0082963602 0.9823083602 1.0098309602 0.3350815602 0.3328981402 1.0420011602 1.0067649602 1.0067649602 1.0206614602
0.9934970202 1.0060005602 0 0.6911537602 0.6861487602 0.3518226202 0.2383573502 0.3524617302 0.3518226202 0.1563774202 0.1536747102 1.0117535602 0.2353431002 0.2358902602 0.2349330102 0.9995333002 1.0304654602 1.0316506602 1.0075303602 1.0079132602 0.2335676302 0.2354798502 0.6723098202 0.2356166302 0.9991546302 1.0105993602 0.6924102902 0.6891477602 0.3569508602 0.6839073602
1.0156135602 1.0102150602 0.6911537602 0 0.1576091502 0.6735351102 0.6984708902 0.6821686602 0.6764839902 0.6951819602 0.6941729202 1.0018094602 0.6951819602 0.7025387602 0.7022838002 1.0117535602 1.0392004602 1.0344233602 1.0117535602 1.0129094602 0.6934169602 0.6954344602 0.4578348602 0.6934169602 0.9923706102 1.0071475602 0.3071813302 0.3053777202 0.6969511602 0.2007390602
0.9983977602 1.0241761602 0.6861487602 0.1576091502 0 0.6708421102 0.6844048602 0.6735351102 0.6652423202 0.6836587202 0.6772230302 1.0048551602 0.6789502602 0.6863982102 0.6888973602 1.0183274602 1.0395998602 1.0407994602 1.0222215602 1.0253513602 0.6791973602 0.6826649902 0.4476032902 0.6806815302 1.0090632602 1.0163879602 0.2999927602 0.2964241802 0.6999937602 0.1943682002
0.9852757602 0.9912459302 0.3518226202 0.6735351102 0.6708421102 0 0.3550236602 0.1071970302 0.1027152902 0.3534214202 0.3476815802 0.9749409002 0.3583994802 0.3548632602 0.3566292802 1.0063826602 1.0132951602 1.0105993602 1.0140671602 1.0136810602 0.3547029202 0.3566292802 0.6594433202 0.3561472302 0.9683715102 0.9912459302 0.6752538602 0.6637883602 0.2817351202 0.6762378202
0.9931213602 1.0082963602 0.2383573502 0.6984708902 0.6844048602 0.3550236602 0 0.3592055202 0.3539017202 0.2376712402 0.2349330102 1.0198826602 0.1073123002 0.1073123002 0.1070817802 0.9995333002 1.0257436602 1.0257436602 1.0071475602 1.0052367602 0.1042062362 0.1058151802 0.6674285602 0.1052401602 0.9908713602 1.0171631602 0.6939208602 0.6883968602 0.3542220902 0.6866477602
0.9904970602 0.9950015602 0.3524617302 0.6821686602 0.6735351102 0.1071970302 0.3592055202 0 0.0825935202 0.3572725102 0.3500678602 0.9767760102 0.3606585302 0.3572725102 0.3596895402 1.0071475602 1.0156135602 1.0136810602 1.0156135602 1.0160006602 0.3572725102 0.3592055202 0.6618541602 0.3587217902 0.9849041602 1.0010499602 0.6784563602 0.6718202202 0.2915449202 0.6784563602
0.9841616202 0.9972640302 0.3518226202 0.6764839902 0.6652423202 0.1027152902 0.3539017202 0.0825935202 0 0.3513436302 0.3460949602 0.9738420302 0.3582384002 0.3550236602 0.3566292802 1.0102150602 1.0171631602 1.0148398602 1.0175510602 1.0171631602 0.3548632602 0.3566292802 0.6536888602 0.3556654802 0.9823083602 0.9983977602 0.6754997602 0.6703534602 0.2843580002 0.6750081202
0.9893751202 1.0179390602 0.1563774202 0.6951819602 0.6836587202 0.3534214202 0.2376712402 0.3572725102 0.3513436302 0 0.0792547302 1.0125238602 0.2335676302 0.2345231302 0.2338405102 1.0113686602 1.0384020602 1.0411997602 1.0160006602 1.0183274602 0.2313882002 0.2334312402 0.6616126902 0.2328858802 0.9961319002 1.0277074602 0.6921588202 0.6856500602 0.3559866302 0.6796917602
0.9934970202 1.0060005602 0.1536747102 0.6941729202 0.6772230302 0.3476815802 0.2349330102 0.3500678602 0.3460949602 0.0792547302 0 1.0044737602 0.2341134902 0.2346597302 0.2342500102 1.0021895602 1.0233937602 1.0288882602 1.0086797602 1.0082963602 0.2308443202 0.2330221802 0.6587215602 0.2323409202 0.9912459302 1.0148398602 0.6919074102 0.6801864602 0.3510244802 0.6757456602
0.8300573602 0.6633043602 1.0117535602 1.0018094602 1.0048551602 0.9749409002 1.0198826602 0.9767760102 0.9738420302 1.0125238602 1.0044737602 0 1.0332337602 1.0210511602 1.0136810602 0.6577603602 0.6715756102 0.6654849102 0.6599248602 0.6589620602 1.0183274602 1.0273141602 0.9756743902 1.0257436602 0.6515422602 0.6572802102 1.0222215602 0.9860194602 0.9938728602 1.0090632602
1.0002912302 1.0117535602 0.2353431002 0.6951819602 0.6789502602 0.3583994802 0.1073123002 0.3606585302 0.3582384002 0.2335676302 0.2341134902 1.0332337602 0 0.0752677202 0.0760413102 1.0086797602 1.0308602602 1.0308602602 1.0156135602 1.0163879602 0.0386225002 0.0405183002 0.6782095602 0.0403074202 0.9957549602 1.0163879602 0.6959396602 0.6893982602 0.3575943402 0.6816726602
1.0014296602 1.0132951602 0.2358902602 0.7025387602 0.6863982102 0.3548632602 0.1073123002 0.3572725102 0.3550236602 0.2345231302 0.2346597302 1.0210511602 0.0752677202 0 0.0219782662 1.0075303602 1.0324418602 1.0324418602 1.0148398602 1.0140671602 0.0728416002 0.0748260262 0.6703534602 0.0744949202 0.9927459602 1.0132951602 0.6992319202 0.6906517602 0.3553445102 0.6849026602
0.9983977602 1.0129094602 0.2349330102 0.7022838002 0.6888973602 0.3566292802 0.1070817802 0.3596895402 0.3566292802 0.2338405102 0.2342500102 1.0136810602 0.0760413102 0.0219782662 0 1.0060005602 1.0356147602 1.0344233602 1.0132951602 1.0129094602 0.0735024902 0.0755991652 0.6686459202 0.0752677202 0.9904970602 1.0121386602 0.6999937602 0.6906517602 0.3572725102 0.6849026602
0.8195551602 0.1820412702 0.9995333002 1.0117535602 1.0183274602 1.0063826602 0.9995333002 1.0071475602 1.0102150602 1.0113686602 1.0021895602 0.6577603602 1.0086797602 1.0075303602 1.0060005602 0 0.2044039802 0.2034860702 0.0203339792 0.0198208782 1.0010499602 1.0082963602 0.9923706102 1.0094469602 0.3388393802 0.3344570602 1.0312553602 0.9965090602 1.0025696602 1.0171631602
0.8508920602 0.2027001802 1.0304654602 1.0392004602 1.0395998602 1.0132951602 1.0257436602 1.0156135602 1.0171631602 1.0384020602 1.0233937602 0.6715756102 1.0308602602 1.0324418602 1.0356147602 0.2044039802 0 0.0221840552 0.2082187702 0.2074279102 1.0206614602 1.0257436602 1.0082963602 1.0265284602 0.3510244802 0.3464120302 1.0537170602 1.0198826602 1.0167753602 1.0392004602
0.8474822602 0.1999560302 1.0316506602 1.0344233602 1.0407994602 1.0105993602 1.0257436602 1.0136810602 1.0148398602 1.0411997602 1.0288882602 0.6654849102 1.0308602602 1.0324418602 1.0344233602 0.2034860702 0.0221840552 0 0.2078232302 0.2065063002 1.0198826602 1.0249594602 1.0071475602 1.0257436602 0.3491124602 0.3441954302 1.0557556602 1.0175510602 1.0167753602 1.0360122602
0.8258388602 0.1862558402 1.0075303602 1.0117535602 1.0222215602 1.0140671602 1.0071475602 1.0156135602 1.0175510602 1.0160006602 1.0086797602 0.6599248602 1.0156135602 1.0148398602 1.0132951602 0.0203339792 0.2082187702 0.2078232302 0 0.0207447132 1.0117535602 1.0191046602 0.9983977602 1.0202718602 0.3421430002 0.3394675302 1.0312553602 1.0002912302 1.0094469602 1.0191046602
0.8237384002 0.1843371902 1.0079132602 1.0129094602 1.0253513602 1.0136810602 1.0052367602 1.0160006602 1.0171631602 1.0183274602 1.0082963602 0.6589620602 1.0163879602 1.0140671602 1.0129094602 0.0198208782 0.2074279102 0.2065063002 0.0207447132 0 1.0102150602 1.0175510602 0.9961319002 1.0187159602 0.3408827802 0.3380549602 1.0316506602 0.9983977602 1.0044737602 1.0175510602
1.0002912302 1.0048551602 0.2335676302 0.6934169602 0.6791973602 0.3547029202 0.1042062362 0.3572725102 0.3548632602 0.2313882002 0.2308443202 1.0183274602 0.0386225002 0.0728416002 0.0735024902 1.0010499602 1.0206614602 1.0198826602 1.0117535602 1.0102150602 0 0.0116586422 0.6720649602 0.0112528542 0.9927459602 1.0109839602 0.6959396602 0.6871470602 0.3545426102 0.6806815302
1.0113686602 1.0082963602 0.2354798502 0.6954344602 0.6826649902 0.3566292802 0.1058151802 0.3592055202 0.3566292802 0.2334312402 0.2330221802 1.0273141602 0.0405183002 0.0748260262 0.0755991652 1.0082963602 1.0257436602 1.0249594602 1.0191046602 1.0175510602 0.0116586422 0 0.6752538602 0.00348389999999996 0.9968864602 1.0140671602 0.6977106602 0.6896487602 0.3574334102 0.6851517602
0.9950015602 0.9823083602 0.6723098202 0.4578348602 0.4476032902 0.6594433202 0.6674285602 0.6618541602 0.6536888602 0.6616126902 0.6587215602 0.9756743902 0.6782095602 0.6703534602 0.6686459202 0.9923706102 1.0082963602 1.0071475602 0.9983977602 0.9961319002 0.6720649602 0.6752538602 0 0.6745168002 0.9800905002 0.9983977602 0.4481478602 0.4516061902 0.6693772602 0.4534328002
1.0105993602 1.0098309602 0.2356166302 0.6934169602 0.6806815302 0.3561472302 0.1052401602 0.3587217902 0.3556654802 0.2328858802 0.2323409202 1.0257436602 0.0403074202 0.0744949202 0.0752677202 1.0094469602 1.0265284602 1.0257436602 1.0202718602 1.0187159602 0.0112528542 0.00348389999999996 0.6745168002 0 0.9976417602 1.0175510602 0.6964452302 0.6871470602 0.3566292802 0.6836587202
0.8294532902 0.3350815602 0.9991546302 0.9923706102 1.0090632602 0.9683715102 0.9908713602 0.9849041602 0.9823083602 0.9961319002 0.9912459302 0.6515422602 0.9957549602 0.9927459602 0.9904970602 0.3388393802 0.3510244802 0.3491124602 0.3421430002 0.3408827802 0.9927459602 0.9968864602 0.9800905002 0.9976417602 0 0.3389963802 1.0261359602 0.9797215602 0.9950015602 0.9995333002
0.8400961202 0.3328981402 1.0105993602 1.0071475602 1.0163879602 0.9912459302 1.0171631602 1.0010499602 0.9983977602 1.0277074602 1.0148398602 0.6572802102 1.0163879602 1.0132951602 1.0121386602 0.3344570602 0.3464120302 0.3441954302 0.3394675302 0.3380549602 1.0109839602 1.0140671602 0.9983977602 1.0175510602 0.3389963802 0 1.0524964602 0.9934970202 1.0010499602 1.0198826602
1.0167753602 1.0420011602 0.6924102902 0.3071813302 0.2999927602 0.6752538602 0.6939208602 0.6784563602 0.6754997602 0.6921588202 0.6919074102 1.0222215602 0.6959396602 0.6992319202 0.6999937602 1.0312553602 1.0537170602 1.0557556602 1.0312553602 1.0316506602 0.6959396602 0.6977106602 0.4481478602 0.6964452302 1.0261359602 1.0524964602 0 0.2989502002 0.6924102902 0.3159604402
0.9837905602 1.0067649602 0.6891477602 0.3053777202 0.2964241802 0.6637883602 0.6883968602 0.6718202202 0.6703534602 0.6856500602 0.6801864602 0.9860194602 0.6893982602 0.6906517602 0.6906517602 0.9965090602 1.0198826602 1.0175510602 1.0002912302 0.9983977602 0.6871470602 0.6896487602 0.4516061902 0.6871470602 0.9797215602 0.9934970202 0.2989502002 0 0.6929134602 0.3077835202
0.9923706102 1.0067649602 0.3569508602 0.6969511602 0.6999937602 0.2817351202 0.3542220902 0.2915449202 0.2843580002 0.3559866302 0.3510244802 0.9938728602 0.3575943402 0.3553445102 0.3572725102 1.0025696602 1.0167753602 1.0167753602 1.0094469602 1.0044737602 0.3545426102 0.3574334102 0.6693772602 0.3566292802 0.9950015602 1.0010499602 0.6924102902 0.6929134602 0 0.6921588202
1.0198826602 1.0206614602 0.6839073602 0.2007390602 0.1943682002 0.6762378202 0.6866477602 0.6784563602 0.6750081202 0.6796917602 0.6757456602 1.0090632602 0.6816726602 0.6849026602 0.6849026602 1.0171631602 1.0392004602 1.0360122602 1.0191046602 1.0175510602 0.6806815302 0.6851517602 0.4534328002 0.6836587202 0.9995333002 1.0198826602 0.3159604402 0.3077835202 0.6921588202 0
