0 0.6297288 0.9658782 0.6369415 0.6362405 0.6421026 0.62258476 0.6269553 0.9687838 0.9691478 0.6461152 0.9950763 0.6390486 0.6350735 0.632745 0.97978103 0.9838541 0.97499573 0.97941184 0.6406915 0.6430448 0.6369415 0.98794943 0.63554007 0.97499573 0.6374092 0.61256033 0.6269553 0.6304238 0.6364741
0.6297288 0 0.982 0.593787 0.47653615 0.472958 0.37830138 0.37929565 0.9969631 0.98832285 0.46902296 1.0083846 0.47070688 0.591363 0.58304906 1.0141612 0.99961257 0.9950763 0.99923354 0.4628807 0.4621396 0.4571562 1.0064689 0.45770827 1.0015109 0.47089422 0.3731853 0.38295257 0.37912986 0.15545265
0.9658782 0.982 0 0.96406794 0.9920673 0.9980974 0.9572284 0.9662408 0.19589372 0.19914696 0.99885464 0.39606363 0.99999183 0.96334505 0.9666036 0.385289 0.3898157 0.14628159 0.14761968 1.0037951 0.99885464 0.99999183 0.3935244 0.99734104 0.21363124 1.0080011 0.9511613 0.96406794 0.9651536 0.9831119
0.6369415 0.593787 0.96406794 0 0.6049049 0.6073731 0.5889469 0.59312516 0.9698763 0.9658782 0.60512894 1.0037951 0.6103006 0.1342254 0.13590164 0.9901927 0.9946995 0.97024083 0.9691478 0.603562 0.60512894 0.5984365 1.002652 0.5973268 0.9775687 0.6091733 0.58239657 0.58697575 0.5874133 0.5968834
0.6362405 0.47653615 0.9920673 0.6049049 0 0.10490646 0.4647367 0.4673428 0.99545324 0.9842255 0.25686774 1.0072346 0.2571495 0.6028915 0.6033384 1.0080011 1.0030329 0.990942 0.9845971 0.25841862 0.2585598 0.25630456 1.0130024 0.25475803 1.0045581 0.2623809 0.45955148 0.46771583 0.46492255 0.48450688
0.6421026 0.472958 0.9980974 0.6073731 0.10490646 0 0.4673428 0.47014514 0.99281836 0.9842255 0.26195538 1.0064689 0.25997275 0.6040094 0.604457 1.000751 0.9950763 0.9969631 0.99056727 0.25532004 0.25700858 0.2556012 1.0118452 0.25475803 1.0030329 0.26223904 0.4604748 0.46808907 0.46808907 0.4771027
0.62258476 0.37830138 0.9572284 0.5889469 0.4647367 0.4673428 0 0.08013232 0.97499573 0.9680563 0.46920985 0.9898184 0.4630661 0.58131045 0.5741809 0.9827411 0.97609735 0.9680563 0.9655158 0.4628807 0.46325153 0.45973605 0.9808897 0.45936695 0.98496884 0.47051957 0.15140356 0.16623351 0.16175365 0.38078952
0.6269553 0.37929565 0.9662408 0.59312516 0.4673428 0.47014514 0.08013232 0 0.97941184 0.9727974 0.47220686 0.99885464 0.46548036 0.5874133 0.57957584 0.9857129 0.9816297 0.97499573 0.9738958 0.46492255 0.46510842 0.4617693 0.9827411 0.46139923 0.9931942 0.47258234 0.15054747 0.16673292 0.16162959 0.38195345
0.9687838 0.9969631 0.19589372 0.9698763 0.99545324 0.99281836 0.97499573 0.97941184 0 0.08841228 1.0045581 0.38947943 1.0064689 0.97316337 0.9691478 0.38478774 0.38696238 0.19706325 0.19745351 1.005704 1.0037951 1.0049399 0.38228634 1.0060863 0.20569606 1.0022715 0.9808897 0.9808897 0.982 0.99281836
0.9691478 0.98832285 0.19914696 0.9658782 0.9842255 0.9842255 0.9680563 0.9727974 0.08841228 0 0.9958304 0.38813597 0.9920673 0.9695119 0.9658782 0.38078952 0.38645998 0.20058286 0.20110568 0.9950763 0.99281836 0.9939465 0.38278595 0.99357027 0.20872797 1.0003713 0.9695119 0.9615409 0.9680563 0.9860852
0.6461152 0.46902296 0.99885464 0.60512894 0.25686774 0.26195538 0.46920985 0.47220686 1.0045581 0.9958304 0 1.0049399 0.08057756 0.6019983 0.6002153 0.9980974 0.99281836 1.0034139 1.0034139 0.1807261 0.18021728 0.178566 1.0072346 0.17755163 1.0080011 0.19953829 0.45807657 0.4660386 0.4652944 0.4740861
0.9950763 1.0083846 0.39606363 1.0037951 1.0072346 1.0064689 0.9898184 0.99885464 0.38947943 0.38813597 1.0049399 0 1.002652 1.001891 0.99999183 0.3975913 0.40253505 0.39912206 0.39861146 0.9924427 0.9920673 0.9958304 0.40768382 0.9924427 0.39099374 1.01146 0.98051995 0.99357027 1.0110749 1.0064689
0.6390486 0.47070688 0.99999183 0.6103006 0.2571495 0.25997275 0.4630661 0.46548036 1.0064689 0.9920673 0.08057756 1.002652 0 0.60244477 0.59932536 0.99999183 0.99734104 1.0045581 1.0015109 0.178566 0.17894675 0.17793186 1.0103053 0.17679176 1.01069 0.20071353 0.4566045 0.45955148 0.46343702 0.47956264
0.6350735 0.591363 0.96334505 0.1342254 0.6028915 0.6040094 0.58131045 0.5874133 0.97316337 0.9695119 0.6019983 1.001891 0.60244477 0 0.06177572 0.9901927 0.99281836 0.97609735 0.97867405 0.60423315 0.603562 0.5975486 1.0099207 0.5951125 0.97867405 0.60669917 0.58174473 0.58938557 0.58610135 0.5977705
0.632745 0.58304906 0.9666036 0.13590164 0.6033384 0.604457 0.5741809 0.57957584 0.9691478 0.9658782 0.6002153 0.99999183 0.59932536 0.06177572 0 0.9946995 0.99923354 0.9753628 0.982 0.60222155 0.6015522 0.593787 1.0126165 0.59180313 0.98645765 0.6015522 0.5763342 0.58174473 0.57827747 0.59312516
0.97978103 1.0141612 0.385289 0.9901927 1.0080011 1.000751 0.9827411 0.9857129 0.38478774 0.38078952 0.9980974 0.3975913 0.99999183 0.9901927 0.9946995 0 0.06362395 0.38445374 0.38763276 1.0003713 0.99961257 0.9980974 0.38195345 0.9977191 0.38029122 1.0022715 0.9698763 0.9808897 0.9827411 1.019204
0.9838541 0.99961257 0.3898157 0.9946995 1.0030329 0.9950763 0.97609735 0.9816297 0.38696238 0.38645998 0.99281836 0.40253505 0.99734104 0.99281836 0.99923354 0.06362395 0 0.38947943 0.39099374 0.9958304 0.99357027 0.9931942 0.38462073 0.9924427 0.3816207 0.9950763 0.9590223 0.97352946 0.97720057 1.0076177
0.97499573 0.9950763 0.14628159 0.97024083 0.990942 0.9969631 0.9680563 0.97499573 0.19706325 0.20058286 1.0034139 0.39912206 1.0045581 0.97609735 0.9753628 0.38445374 0.38947943 0 0.05993204 1.005704 1.0030329 1.001891 0.3901521 1.0003713 0.21549493 1.0068517 0.9608204 0.9713354 0.97206604 0.98794943
0.97941184 0.99923354 0.14761968 0.9691478 0.9845971 0.99056727 0.9655158 0.9738958 0.19745351 0.20110568 1.0034139 0.39861146 1.0015109 0.97867405 0.982 0.38763276 0.39099374 0.05993204 0 1.0103053 1.0072346 1.0049399 0.39082533 1.002652 0.21456252 1.0068517 0.9604604 0.9655158 0.9713354 0.99545324
0.6406915 0.4628807 1.0037951 0.603562 0.25841862 0.25532004 0.4628807 0.46492255 1.005704 0.9950763 0.1807261 0.9924427 0.178566 0.60423315 0.60222155 1.0003713 0.9958304 1.005704 1.0103053 0 0.008750854 0.041317474 1.0087683 0.040367104 1.0060863 0.20019098 0.45440188 0.4647367 0.46158424 0.4731459
0.6430448 0.4621396 0.99885464 0.60512894 0.2585598 0.25700858 0.46325153 0.46510842 1.0037951 0.99281836 0.18021728 0.9920673 0.17894675 0.603562 0.6015522 0.99961257 0.99357027 1.0030329 1.0072346 0.008750854 0 0.042057484 1.0068517 0.041106176 1.0034139 0.20032158 0.4536691 0.46399376 0.46139923 0.4718316
0.6369415 0.4571562 0.99999183 0.5984365 0.25630456 0.2556012 0.45973605 0.4617693 1.0049399 0.9939465 0.178566 0.9958304 0.17793186 0.5975486 0.593787 0.9980974 0.9931942 1.001891 1.0049399 0.041317474 0.042057484 0 0.99961257 0.0053188154 1.002652 0.19940782 0.45238847 0.4621396 0.45770827 0.46808907
0.98794943 1.0064689 0.3935244 1.002652 1.0130024 1.0118452 0.9808897 0.9827411 0.38228634 0.38278595 1.0072346 0.40768382 1.0103053 1.0099207 1.0126165 0.38195345 0.38462073 0.3901521 0.39082533 1.0087683 1.0068517 0.99961257 0 0.9980974 0.38345262 1.0045581 0.9801504 0.97720057 0.98869646 1.0072346
0.63554007 0.45770827 0.99734104 0.5973268 0.25475803 0.25475803 0.45936695 0.46139923 1.0060863 0.99357027 0.17755163 0.9924427 0.17679176 0.5951125 0.59180313 0.9977191 0.9924427 1.0003713 1.002652 0.040367104 0.041106176 0.0053188154 0.9980974 0 1.0022715 0.19888617 0.45202297 0.46195444 0.45697227 0.46808907
0.97499573 1.0015109 0.21363124 0.9775687 1.0045581 1.0030329 0.98496884 0.9931942 0.20569606 0.20872797 1.0080011 0.39099374 1.01069 0.97867405 0.98645765 0.38029122 0.3816207 0.21549493 0.21456252 1.0060863 1.0034139 1.002652 0.38345262 1.0022715 0 1.0083846 0.9842255 0.98869646 0.9901927 1.0049399
0.6374092 0.47089422 1.0080011 0.6091733 0.2623809 0.26223904 0.47051957 0.47258234 1.0022715 1.0003713 0.19953829 1.01146 0.20071353 0.60669917 0.6015522 1.0022715 0.9950763 1.0068517 1.0068517 0.20019098 0.20032158 0.19940782 1.0045581 0.19888617 1.0083846 0 0.45899805 0.47540435 0.46864927 0.48051092
0.61256033 0.3731853 0.9511613 0.58239657 0.45955148 0.4604748 0.15140356 0.15054747 0.9808897 0.9695119 0.45807657 0.98051995 0.4566045 0.58174473 0.5763342 0.9698763 0.9590223 0.9608204 0.9604604 0.45440188 0.4536691 0.45238847 0.9801504 0.45202297 0.9842255 0.45899805 0 0.16299537 0.15853477 0.37565646
0.6269553 0.38295257 0.96406794 0.58697575 0.46771583 0.46808907 0.16623351 0.16673292 0.9808897 0.9615409 0.4660386 0.99357027 0.45955148 0.58938557 0.58174473 0.9808897 0.97352946 0.9713354 0.9655158 0.4647367 0.46399376 0.4621396 0.97720057 0.46195444 0.98869646 0.47540435 0.16299537 0 0.15164834 0.38712993
0.6304238 0.37912986 0.9651536 0.5874133 0.46492255 0.46808907 0.16175365 0.16162959 0.982 0.9680563 0.4652944 1.0110749 0.46343702 0.58610135 0.57827747 0.9827411 0.97720057 0.97206604 0.9713354 0.46158424 0.46139923 0.45770827 0.98869646 0.45697227 0.9901927 0.46864927 0.15853477 0.15164834 0 0.385289
0.6364741 0.15545265 0.9831119 0.5968834 0.48450688 0.4771027 0.38078952 0.38195345 0.99281836 0.9860852 0.4740861 1.0064689 0.47956264 0.5977705 0.59312516 1.019204 1.0076177 0.98794943 0.99545324 0.4731459 0.4718316 0.46808907 1.0072346 0.46808907 1.0049399 0.48051092 0.37565646 0.38712993 0.385289 0
