0 0.9857129 0.5559132 0.56054413 0.98907024 0.5578042 0.9746289 0.9977191 1.0011308 0.99734104 0.96479154 1.0022715 0.9611805 0.982 0.97978103 0.5542363 0.5515193 0.97720057 0.982 0.9946995 1.0011308 0.97316337 0.9746289 0.9713354 0.99056727 1.005704 0.9962078 0.54322046 0.98683035 0.9977191
0.9857129 0 0.9939465 0.9857129 0.8716434 0.9727974 0.14203984 0.86972773 0.8716434 0.84928197 0.14591707 0.86877173 0.1421607 0.84928197 0.8480418 0.9872032 0.98125964 0.86972773 0.87356406 0.8437172 0.8502134 0.111375004 0.870685 0.11172312 0.85864925 0.8567664 0.85363877 0.9790429 0.84711295 0.8495923
0.5559132 0.9939465 0 0.11393157 0.98683035 0.2567269 0.9958304 0.98645765 0.9860852 0.99961257 0.9980974 0.97941184 0.99961257 0.982 0.982 0.2571495 0.25686774 0.97720057 0.97941184 1.0022715 1.0064689 0.9931942 0.9816297 0.99281836 0.97243166 0.9939465 0.9931942 0.2427756 0.9958304 1.0060863
0.56054413 0.9857129 0.11393157 0 0.9920673 0.25841862 0.9931942 0.9931942 0.99281836 1.0049399 0.9962078 0.98051995 0.9943229 0.9845971 0.9845971 0.25686774 0.2577133 0.9808897 0.98348296 1.0099207 1.0126165 0.9894442 0.97978103 0.9894442 0.98051995 1.0095364 1.000751 0.24291384 0.99734104 1.0064689
0.98907024 0.8716434 0.98683035 0.9920673 0 0.99961257 0.86749893 0.10525158 0.10836481 0.5529811 0.86179787 0.57289183 0.86274505 0.5550743 0.5544457 0.99734104 0.9958304 0.723061 0.7264779 0.5533992 0.5531901 0.8652767 0.7344229 0.864643 0.38478774 0.38462073 0.55381763 0.9790429 0.549644 0.5578042
0.5578042 0.9727974 0.2567269 0.25841862 0.99961257 0 0.9753628 0.99658537 0.9943229 1.0068517 0.97573 0.9845971 0.97499573 0.9894442 0.98757625 0.07216294 0.07216294 0.98125964 0.982 1.0049399 1.0095364 0.9673296 0.97867405 0.9669665 0.99131685 1.0049399 0.9924427 0.2522342 1.0015109 1.001891
0.9746289 0.14203984 0.9958304 0.9931942 0.86749893 0.9753628 0 0.86559373 0.8643263 0.84279376 0.06700602 0.8608519 0.06286237 0.847732 0.84402525 0.9898184 0.98125964 0.85770726 0.8643263 0.8406434 0.8455675 0.13794214 0.86877173 0.13866363 0.8486616 0.8499028 0.84125715 0.9808897 0.8406434 0.84402525
0.9977191 0.86972773 0.98645765 0.9931942 0.10525158 0.99658537 0.86559373 0 0.038364716 0.54860425 0.8605368 0.56584156 0.8611671 0.5483964 0.5475659 0.9943229 0.99357027 0.7235857 0.7267414 0.54632175 0.54673624 0.8662283 0.7368229 0.86591095 0.3821199 0.3841199 0.55381763 0.9790429 0.54425275 0.5554936
1.0011308 0.8716434 0.9860852 0.99281836 0.10836481 0.9943229 0.8643263 0.038364716 0 0.5506852 0.85802114 0.56967896 0.8599071 0.55089366 0.5502686 0.9958304 0.9939465 0.7227989 0.7267414 0.54985213 0.54985213 0.86559373 0.73522204 0.8652767 0.38629258 0.38830376 0.55885684 0.9779369 0.5488121 0.5586462
0.99734104 0.84928197 0.99961257 1.0049399 0.5529811 1.0068517 0.84279376 0.54860425 0.5506852 0 0.84525883 0.50090206 0.84340924 0.1790737 0.17679176 1.0103053 1.0076177 0.71783453 0.7207046 0.035318706 0.036682628 0.83972377 0.7251619 0.84033674 0.5504769 0.5544457 0.4268709 1.0030329 0.414083 0.41948688
0.96479154 0.14591707 0.9980974 0.9962078 0.86179787 0.97573 0.06700602 0.8605368 0.85802114 0.84525883 0 0.8649598 0.02915958 0.8514572 0.8489717 0.9845971 0.97573 0.8573935 0.86274505 0.8437172 0.8489717 0.14337038 0.8649598 0.14361255 0.8489717 0.8480418 0.84340924 0.9768326 0.8400302 0.8400302
1.0022715 0.86877173 0.97941184 0.98051995 0.57289183 0.9845971 0.8608519 0.56584156 0.56967896 0.50090206 0.8649598 0 0.8602219 0.49025255 0.48775735 0.9943229 0.99357027 0.70543754 0.71083605 0.49895447 0.49895447 0.86972773 0.72148925 0.8694089 0.5569632 0.5637181 0.4837441 0.98348296 0.47014514 0.4858436
0.9611805 0.1421607 0.99961257 0.9943229 0.86274505 0.97499573 0.06286237 0.8611671 0.8599071 0.84340924 0.02915958 0.8602219 0 0.84928197 0.8461853 0.9842255 0.97499573 0.85270303 0.8573935 0.84095025 0.8468036 0.13878395 0.85802114 0.13914502 0.84711295 0.8486616 0.84279376 0.97573 0.83911127 0.84340924
0.982 0.84928197 0.982 0.9845971 0.5550743 0.9894442 0.847732 0.5483964 0.55089366 0.1790737 0.8514572 0.49025255 0.84928197 0 0.015866656 0.99357027 0.9901927 0.7049255 0.7072328 0.17805864 0.18021728 0.85114604 0.7173139 0.8508351 0.5544457 0.5542363 0.42176464 0.99923354 0.4106172 0.4163444
0.97978103 0.8480418 0.982 0.9845971 0.5544457 0.98757625 0.84402525 0.5475659 0.5502686 0.17679176 0.8489717 0.48775735 0.8461853 0.015866656 0 0.9898184 0.98683035 0.702115 0.70415795 0.17552699 0.17755163 0.8486616 0.71032023 0.8483516 0.55089366 0.5521454 0.42264256 0.99847597 0.4100987 0.41460428
0.5542363 0.9872032 0.2571495 0.25686774 0.99734104 0.07216294 0.9898184 0.9943229 0.9958304 1.0103053 0.9845971 0.9943229 0.9842255 0.99357027 0.9898184 0 0.015560305 0.99056727 0.98832285 1.0087683 1.0118452 0.98125964 0.982 0.98051995 0.99658537 1.0099207 0.99999183 0.25377554 1.0030329 1.0049399
0.5515193 0.98125964 0.25686774 0.2577133 0.9958304 0.07216294 0.98125964 0.99357027 0.9939465 1.0076177 0.97573 0.99357027 0.97499573 0.9901927 0.98683035 0.015560305 0 0.9842255 0.9816297 1.0072346 1.0103053 0.9738958 0.9783054 0.9738958 0.99056727 1.005704 0.9939465 0.2520942 0.9980974 0.99999183
0.97720057 0.86972773 0.97720057 0.9808897 0.723061 0.98125964 0.85770726 0.7235857 0.7227989 0.71783453 0.8573935 0.70543754 0.85270303 0.7049255 0.702115 0.99056727 0.9842255 0 0.016173134 0.7175742 0.71992075 0.8624292 0.3832859 0.8611671 0.71083605 0.70646286 0.6965256 0.97978103 0.69198316 0.70109564
0.982 0.87356406 0.97941184 0.98348296 0.7264779 0.982 0.8643263 0.7267414 0.7267414 0.7207046 0.86274505 0.71083605 0.8573935 0.7072328 0.70415795 0.98832285 0.9816297 0.016173134 0 0.7207046 0.7222747 0.86591095 0.38345262 0.864643 0.71316165 0.7085177 0.69779223 0.9783054 0.6922348 0.702115
0.9946995 0.8437172 1.0022715 1.0099207 0.5533992 1.0049399 0.8406434 0.54632175 0.54985213 0.035318706 0.8437172 0.49895447 0.84095025 0.17805864 0.17552699 1.0087683 1.0072346 0.7175742 0.7207046 0 0.015152031 0.83636117 0.7251619 0.8375822 0.5494359 0.55381763 0.42740113 1.0122308 0.41512588 0.42088777
1.0011308 0.8502134 1.0064689 1.0126165 0.5531901 1.0095364 0.8455675 0.54673624 0.54985213 0.036682628 0.8489717 0.49895447 0.8468036 0.18021728 0.17755163 1.0118452 1.0103053 0.71992075 0.7222747 0.015152031 0 0.84095025 0.7280602 0.84217876 0.54985213 0.5550743 0.42917123 1.0176488 0.4163444 0.42334563
0.97316337 0.111375004 0.9931942 0.9894442 0.8652767 0.9673296 0.13794214 0.8662283 0.86559373 0.83972377 0.14337038 0.86972773 0.13878395 0.85114604 0.8486616 0.98125964 0.9738958 0.8624292 0.86591095 0.83636117 0.84095025 0 0.8652767 0.00340773 0.8662283 0.8636934 0.85114604 0.97206604 0.85114604 0.85488826
0.9746289 0.870685 0.9816297 0.97978103 0.7344229 0.97867405 0.86877173 0.7368229 0.73522204 0.7251619 0.8649598 0.72148925 0.85802114 0.7173139 0.71032023 0.982 0.9783054 0.3832859 0.38345262 0.7251619 0.7280602 0.8652767 0 0.86274505 0.72463614 0.71992075 0.7018601 0.9801504 0.7031358 0.7209661
0.9713354 0.11172312 0.99281836 0.9894442 0.864643 0.9669665 0.13866363 0.86591095 0.8652767 0.84033674 0.14361255 0.8694089 0.13914502 0.8508351 0.8483516 0.98051995 0.9738958 0.8611671 0.864643 0.8375822 0.84217876 0.00340773 0.86274505 0 0.8662283 0.8624292 0.84928197 0.97243166 0.8508351 0.85363877
0.99056727 0.85864925 0.97243166 0.98051995 0.38478774 0.99131685 0.8486616 0.3821199 0.38629258 0.5504769 0.8489717 0.5569632 0.84711295 0.5544457 0.55089366 0.99658537 0.99056727 0.71083605 0.71316165 0.5494359 0.54985213 0.8662283 0.72463614 0.8662283 0 0.31027418 0.5413658 0.97573 0.54425275 0.5475659
1.005704 0.8567664 0.9939465 1.0095364 0.38462073 1.0049399 0.8499028 0.3841199 0.38830376 0.5544457 0.8480418 0.5637181 0.8486616 0.5542363 0.5521454 1.0099207 1.005704 0.70646286 0.7085177 0.55381763 0.5550743 0.8636934 0.71992075 0.8624292 0.31027418 0 0.54632175 0.99885464 0.5434268 0.5515193
0.9962078 0.85363877 0.9931942 1.000751 0.55381763 0.9924427 0.84125715 0.55381763 0.55885684 0.4268709 0.84340924 0.4837441 0.84279376 0.42176464 0.42264256 0.99999183 0.9939465 0.6965256 0.69779223 0.42740113 0.42917123 0.85114604 0.7018601 0.84928197 0.5413658 0.54632175 0 0.9872032 0.2653664 0.2741066
0.54322046 0.9790429 0.2427756 0.24291384 0.9790429 0.2522342 0.9808897 0.9790429 0.9779369 1.0030329 0.9768326 0.98348296 0.97573 0.99923354 0.99847597 0.25377554 0.2520942 0.97978103 0.9783054 1.0122308 1.0176488 0.97206604 0.9801504 0.97243166 0.97573 0.99885464 0.9872032 0 0.9857129 0.99885464
0.98683035 0.84711295 0.9958304 0.99734104 0.549644 1.0015109 0.8406434 0.54425275 0.5488121 0.414083 0.8400302 0.47014514 0.83911127 0.4106172 0.4100987 1.0030329 0.9980974 0.69198316 0.6922348 0.41512588 0.4163444 0.85114604 0.7031358 0.8508351 0.54425275 0.5434268 0.2653664 0.9857129 0 0.13052699
0.9977191 0.8495923 1.0060863 1.0064689 0.5578042 1.001891 0.84402525 0.5554936 0.5586462 0.41948688 0.8400302 0.4858436 0.84340924 0.4163444 0.41460428 1.0049399 0.99999183 0.70109564 0.702115 0.42088777 0.42334563 0.85488826 0.7209661 0.85363877 0.5475659 0.5515193 0.2741066 0.99885464 0.13052699 0
