0 1.0357314 1.0575305 1.0246727 1.0149349 0.7033912 1.0293922 1.0223241 0.6955138 0.69173163 1.0137748 0.70033205 1.0076177 1.0064689 1.0045581 0.7072328 0.70543754 0.69753873 0.7018601 1.0149349 1.01146 1.0313674 1.0317632 1.0329514 1.0211525 1.014548 1.0421246 1.0238891 1.0087683 1.0579402
1.0357314 0 0.35114396 0.5837021 0.5828315 0.97426224 0.44294295 0.4400604 0.98832285 0.9768326 0.35370368 0.9872032 0.35386395 0.9669665 0.9666036 1.0103053 1.000751 0.9857129 0.99545324 0.5756876 0.5698927 0.9698763 0.56456673 0.9691478 0.5198604 0.5889469 0.58348435 0.420187 0.9901927 0.35402426
1.0575305 0.35114396 0 0.57806134 0.5904835 0.9898184 0.4458366 0.44674316 1.0103053 1.002652 0.35949522 1.0037951 0.35707664 0.97867405 0.97573 1.005704 1.0072346 1.0037951 0.99923354 0.58610135 0.5804426 1.0060863 0.5819619 1.005704 0.52810556 0.5955548 0.58348435 0.42863977 1.0049399 0.36224574
1.0246727 0.5837021 0.57806134 0 0.34099153 0.9898184 0.571605 0.5713908 0.9931942 0.98757625 0.5711766 1.0176488 0.57439595 0.9853408 0.9901927 0.9969631 1.0011308 0.99885464 0.9860852 0.3392603 0.33706275 0.9980974 0.58850837 1.000751 0.5739659 0.5091374 0.49876 0.5907033 0.98348296 0.5713908
1.0149349 0.5828315 0.5904835 0.34099153 0 0.99056727 0.57979244 0.58828926 0.98125964 0.99056727 0.56903803 1.0015109 0.5720337 0.959741 0.96479154 0.98125964 0.9775687 1.0053219 0.9894442 0.25870097 0.2571495 0.9969631 0.57827747 0.9969631 0.5765499 0.5032458 0.49294904 0.5948914 1.0011308 0.5754721
0.7033912 0.97426224 0.9898184 0.9898184 0.99056727 0 0.9768326 0.98051995 0.2256937 0.22731678 0.97352946 0.60512894 0.9637064 1.0003713 0.99658537 0.6506254 0.6530102 0.24832502 0.24679483 0.9931942 0.9898184 1.0126165 0.98645765 1.0157093 0.9590223 0.98757625 1.0168724 0.98832285 1.0141612 0.9980974
1.0293922 0.44294295 0.4458366 0.571605 0.57979244 0.9768326 0 0.17755163 0.98645765 0.97352946 0.4371889 0.99961257 0.44168046 0.9433819 0.9433819 1.001891 0.99056727 0.9816297 0.97978103 0.5713908 0.5666926 0.97426224 0.5711766 0.97243166 0.5204606 0.57482624 0.5778452 0.45531887 0.9924427 0.43862328
1.0223241 0.4400604 0.44674316 0.5713908 0.58828926 0.98051995 0.17755163 0 0.9753628 0.9655158 0.42988047 1.0246727 0.4362938 0.96334505 0.96841997 1.0118452 0.99961257 0.98645765 0.98237044 0.5739659 0.5677578 0.9920673 0.571605 0.9894442 0.52106136 0.5845737 0.58631986 0.45495194 1.000751 0.43165645
0.6955138 0.98832285 1.0103053 0.9931942 0.98125964 0.2256937 0.98645765 0.9753628 0 0.15952373 0.98348296 0.61346614 0.98125964 0.99999183 0.9943229 0.65277135 0.65540254 0.2473509 0.2459615 1.0003713 0.99545324 1.000751 0.98794943 1.0130024 0.9764649 0.9775687 1.0068517 0.9857129 1.0030329 0.9962078
0.69173163 0.9768326 1.002652 0.98757625 0.99056727 0.22731678 0.97352946 0.9655158 0.15952373 0 0.9801504 0.60669917 0.9698763 0.9950763 0.9943229 0.6508636 0.6494359 0.24665588 0.2451291 1.0041765 0.9977191 1.0011308 0.9898184 1.0118452 0.97170067 0.97867405 1.0126165 0.9738958 1.0045581 0.9901927
1.0137748 0.35370368 0.35949522 0.5711766 0.56903803 0.97352946 0.4371889 0.42988047 0.98348296 0.9801504 0 1.01069 0.099406056 0.9522284 0.9540103 0.99923354 0.98794943 0.9853408 0.97941184 0.5765499 0.5711766 0.96769285 0.5569632 0.97243166 0.51646805 0.56733155 0.57053435 0.41651866 0.9727974 0.33816072
0.70033205 0.9872032 1.0037951 1.0176488 1.0015109 0.60512894 0.99961257 1.0246727 0.61346614 0.60669917 1.01069 0 1.000751 1.0133885 1.0215429 0.6723661 0.6696748 0.6075979 0.6058015 1.0064689 1.0034139 1.0180373 0.99734104 1.0215429 0.98907024 0.9860852 1.0361294 0.9920673 1.0091523 1.0164845
1.0076177 0.35386395 0.35707664 0.57439595 0.5720337 0.9637064 0.44168046 0.4362938 0.98125964 0.9698763 0.099406056 1.000751 0 0.9500957 0.94903165 0.9943229 0.9845971 0.9808897 0.97426224 0.5739659 0.56839764 0.96334505 0.5582251 0.9658782 0.51210064 0.567971 0.56584156 0.4120016 0.9783054 0.33284268
1.0064689 0.9669665 0.97867405 0.9853408 0.959741 1.0003713 0.9433819 0.96334505 0.99999183 0.9950763 0.9522284 1.0133885 0.9500957 0 0.10283908 0.98496884 0.9827411 0.9931942 0.9924427 0.946908 0.9465546 0.67926043 0.9662408 0.6844731 0.9575869 0.9651536 0.98832285 0.97978103 0.69173163 0.9746289
1.0045581 0.9666036 0.97573 0.9901927 0.96479154 0.99658537 0.9433819 0.96841997 0.9943229 0.9943229 0.9540103 1.0215429 0.94903165 0.10283908 0 0.990942 0.98683035 0.99131685 0.98757625 0.95794547 0.95866317 0.6864684 0.97316337 0.69097745 0.97024083 0.97170067 0.9853408 0.97978103 0.6922348 0.9644296
0.7072328 1.0103053 1.005704 0.9969631 0.98125964 0.6506254 1.001891 1.0118452 0.65277135 0.6508636 0.99923354 0.6723661 0.9943229 0.98496884 0.990942 0 0.09746763 0.64991146 0.6530102 0.9894442 0.98794943 1.014548 0.98237044 1.0176488 1.0064689 0.9783054 1.0126165 1.0110749 1.0095364 0.9950763
0.70543754 1.000751 1.0072346 1.0011308 0.9775687 0.6530102 0.99056727 0.99961257 0.65540254 0.6494359 0.98794943 0.6696748 0.9845971 0.9827411 0.98683035 0.09746763 0 0.65110177 0.65372705 0.98757625 0.98496884 1.0030329 0.96334505 1.005704 1.002652 0.9669665 1.019204 1.0030329 1.0053219 0.99999183
0.69753873 0.9857129 1.0037951 0.99885464 1.0053219 0.24832502 0.9816297 0.98645765 0.2473509 0.24665588 0.9853408 0.6075979 0.9808897 0.9931942 0.99131685 0.64991146 0.65110177 0 0.07194278 0.99999183 0.99658537 0.99885464 0.9801504 1.0091523 0.97499573 0.98496884 1.0091523 0.98645765 0.99169195 1.002652
0.7018601 0.99545324 0.99923354 0.9860852 0.9894442 0.24679483 0.97978103 0.98237044 0.2459615 0.2451291 0.97941184 0.6058015 0.97426224 0.9924427 0.98757625 0.6530102 0.65372705 0.07194278 0 0.9842255 0.9838541 1.0034139 0.9779369 1.0103053 0.97170067 0.9779369 1.0087683 0.98237044 0.99281836 1.0011308
1.0149349 0.5756876 0.58610135 0.3392603 0.25870097 0.9931942 0.5713908 0.5739659 1.0003713 1.0041765 0.5765499 1.0064689 0.5739659 0.946908 0.95794547 0.9894442 0.98757625 0.99999183 0.9842255 0 0.020888196 0.99169195 0.5793593 0.9931942 0.57224816 0.50598943 0.4917922 0.591363 0.99923354 0.56754464
1.01146 0.5698927 0.5804426 0.33706275 0.2571495 0.9898184 0.5666926 0.5677578 0.99545324 0.9977191 0.5711766 1.0034139 0.56839764 0.9465546 0.95866317 0.98794943 0.98496884 0.99658537 0.9838541 0.020888196 0 0.9857129 0.57762915 0.98645765 0.57181937 0.5052045 0.49044484 0.58588296 0.98907024 0.5630822
1.0313674 0.9698763 1.0060863 0.9980974 0.9969631 1.0126165 0.97426224 0.9920673 1.000751 1.0011308 0.96769285 1.0180373 0.96334505 0.67926043 0.6864684 1.014548 1.0030329 0.99885464 1.0034139 0.99169195 0.9857129 0 0.9894442 0.024702376 0.9950763 0.98348296 0.9943229 1.0091523 0.4166929 0.9853408
1.0317632 0.56456673 0.5819619 0.58850837 0.57827747 0.98645765 0.5711766 0.571605 0.98794943 0.9898184 0.5569632 0.99734104 0.5582251 0.9662408 0.97316337 0.98237044 0.96334505 0.9801504 0.9779369 0.5793593 0.57762915 0.9894442 0 0.9901927 0.573751 0.58065945 0.5677578 0.58544624 0.9857129 0.5630822
1.0329514 0.9691478 1.005704 1.000751 0.9969631 1.0157093 0.97243166 0.9894442 1.0130024 1.0118452 0.97243166 1.0215429 0.9658782 0.6844731 0.69097745 1.0176488 1.005704 1.0091523 1.0103053 0.9931942 0.98645765 0.024702376 0.9901927 0 0.9946995 0.9808897 0.99545324 1.014548 0.41913706 0.9845971
1.0211525 0.5198604 0.52810556 0.5739659 0.5765499 0.9590223 0.5204606 0.52106136 0.9764649 0.97170067 0.51646805 0.98907024 0.51210064 0.9575869 0.97024083 1.0064689 1.002652 0.97499573 0.97170067 0.57224816 0.57181937 0.9950763 0.573751 0.9946995 0 0.57439595 0.56647974 0.5317542 0.99056727 0.51012385
1.014548 0.5889469 0.5955548 0.5091374 0.5032458 0.98757625 0.57482624 0.5845737 0.9775687 0.97867405 0.56733155 0.9860852 0.567971 0.9651536 0.97170067 0.9783054 0.9669665 0.98496884 0.9779369 0.50598943 0.5052045 0.98348296 0.58065945 0.9808897 0.57439595 0 0.4566045 0.593787 0.98757625 0.5711766
1.0421246 0.58348435 0.58348435 0.49876 0.49294904 1.0168724 0.5778452 0.58631986 1.0068517 1.0126165 0.57053435 1.0361294 0.56584156 0.98832285 0.9853408 1.0126165 1.019204 1.0091523 1.0087683 0.4917922 0.49044484 0.9943229 0.5677578 0.99545324 0.56647974 0.4566045 0 0.59246385 1.002652 0.5632941
1.0238891 0.420187 0.42863977 0.5907033 0.5948914 0.98832285 0.45531887 0.45495194 0.9857129 0.9738958 0.41651866 0.9920673 0.4120016 0.97978103 0.97978103 1.0110749 1.0030329 0.98645765 0.98237044 0.591363 0.58588296 1.0091523 0.58544624 1.014548 0.5317542 0.593787 0.59246385 0 1.0003713 0.41096306
1.0087683 0.9901927 1.0049399 0.98348296 1.0011308 1.0141612 0.9924427 1.000751 1.0030329 1.0045581 0.9727974 1.0091523 0.9783054 0.69173163 0.6922348 1.0095364 1.0053219 0.99169195 0.99281836 0.99923354 0.98907024 0.4166929 0.9857129 0.41913706 0.99056727 0.98757625 1.002652 1.0003713 0 1.0041765
1.0579402 0.35402426 0.36224574 0.5713908 0.5754721 0.9980974 0.43862328 0.43165645 0.9962078 0.9901927 0.33816072 1.0164845 0.33284268 0.9746289 0.9644296 0.9950763 0.99999183 1.002652 1.0011308 0.56754464 0.5630822 0.9853408 0.5630822 0.9845971 0.51012385 0.5711766 0.5632941 0.41096306 1.0041765 0
