0 0.5112515202 0.5245860602 0.5209803002 0.5104628302 0.5225806602 1.0131796602 1.0426413602 1.0170416602 0.5185860602 0.5128312602 1.0209236602 1.0482714602 1.0446472602 0.5148106602 0.5195827002 0.5102658602 0.5104628302 0.5146125002 0.5146125002 0.5140183002 1.0127945602 1.0354643602 1.0151081602 0.5132267602 0.5028167602 0.5142163102 1.0346710602 1.0303232602 1.0252171602
0.5112515202 0 0.2648103302 0.3803523202 0.3703137602 0.3901912602 0.9986827602 1.0047525602 0.9837196602 0.3858395602 0.3863403902 1.0078059602 1.0112560602 1.0070415602 0.2693687402 0.2728058202 0.2663741602 0.2687974302 0.3810153102 0.3798554602 0.3786974302 0.9998170602 1.0213128602 1.0009532002 0.3749049602 0.3801866802 0.3760571602 0.9998170602 1.0124096602 1.0028504602
0.5245860602 0.2648103302 0 0.3928818602 0.3823430302 0.3933874102 1.0228721602 1.0271769602 1.0135648602 0.3890171602 0.3906950102 1.0450491602 1.0311118602 1.0256087602 0.2782802902 0.2801623602 0.2766914602 0.2792931302 0.3920399902 0.3886820402 0.3886820402 1.0174289602 1.0462558602 1.0189800602 0.3863403902 0.3840060002 0.3835067202 1.0279622602 1.0263923602 1.0147220602
0.5209803002 0.3803523202 0.3928818602 0 0.2166816402 0.3945683902 1.0220921602 1.0252171602 1.0039911602 0.3977832902 0.3979528602 1.0346710602 1.0248258602 1.0291418602 0.3858395602 0.3915353602 0.3895201202 0.3900234202 0.4025462602 0.3998208602 0.3976137402 1.0017114902 1.0260004602 1.0036106602 0.3800210402 0.3628316002 0.3471359602 1.0101042602 1.0085713602 1.0182041602
0.5104628302 0.3703137602 0.3823430302 0.2166816402 0 0.3846722302 1.0020909602 1.0078059602 0.9829793002 0.3883470602 0.3880122402 0.9983050302 1.0078059602 1.0081885602 0.3778713402 0.3816788902 0.3785321602 0.3773761202 0.3922082802 0.3896878402 0.3886820402 0.9866885002 1.0252171602 0.9896690902 0.3760571602 0.3536625902 0.3309860902 0.9837196602 0.9998170602 0.9859451602
0.5225806602 0.3901912602 0.3933874102 0.3945683902 0.3846722302 0 0.9986827602 1.0197569602 0.9941623602 0.1987829102 0.1978731102 1.0108719602 1.0189800602 1.0170416602 0.3957512102 0.4016935302 0.3969359202 0.4010120102 0.2017800602 0.2002148402 0.1989129702 0.9934116102 1.0263923602 0.9964191602 0.3917035202 0.3851722802 0.3959203402 1.0232625602 1.0244347602 1.0081885602
1.0131796602 0.9986827602 1.0228721602 1.0220921602 1.0020909602 0.9986827602 0 0.4824203902 0.1512899302 1.0024706602 0.9979274602 0.4923568402 0.4799567202 0.4767471302 1.0078059602 1.0066595602 0.9983050302 0.9983050302 1.0120249602 1.0085713602 1.0039911602 0.1508018002 0.4927416602 0.1504359202 0.9915380602 0.9919123602 1.0147220602 0.4733636602 0.4843210602 0.4748655602
1.0426413602 1.0047525602 1.0271769602 1.0252171602 1.0078059602 1.0197569602 0.4824203902 0 0.4810927902 1.0151081602 1.0166545602 0.4307136902 0.1519005202 0.1510458202 1.0197569602 1.0244347602 1.0158808602 1.0108719602 1.0315064602 1.0283551602 1.0271769602 0.4801459402 0.4349781002 0.4801459402 1.0032305602 1.0143361602 1.0147220602 0.2837950402 0.4027169402 0.3945683902
1.0170416602 0.9837196602 1.0135648602 1.0039911602 0.9829793002 0.9941623602 0.1512899302 0.4810927902 0 0.9949138602 0.9907899002 0.4871811002 0.4822305802 0.4784446102 0.9983050302 0.9907899002 0.9763485602 0.9789202302 1.0058961602 1.0017114902 0.9960425602 0.1355863402 0.4871811002 0.1354668102 0.9686861602 0.9774496602 1.0009532002 0.4709295102 0.4701821302 0.4649711902
0.5185860602 0.3858395602 0.3890171602 0.3977832902 0.3883470602 0.1987829102 1.0024706602 1.0151081602 0.9949138602 0 0.1258474902 1.0217024602 1.0240437602 1.0182041602 0.3925449902 0.3981225002 0.3960895002 0.3979528602 0.2003451502 0.1993032902 0.1980030202 0.9949138602 1.0209236602 0.9994387602 0.3915353602 0.3873430602 0.3933874102 1.0081885602 1.0287484602 1.0248258602
0.5128312602 0.3863403902 0.3906950102 0.3979528602 0.3880122402 0.1978731102 0.9979274602 1.0166545602 0.9907899002 0.1258474902 0 1.0279622602 1.0213128602 1.0162676602 0.3957512102 0.4022050602 0.3969359202 0.3982921602 0.1983928602 0.1980030202 0.1970941602 0.9911638602 1.0287484602 0.9945380202 0.3913672002 0.3881796402 0.3917035202 1.0104879602 1.0220921602 1.0291418602
1.0209236602 1.0078059602 1.0450491602 1.0346710602 0.9983050302 1.0108719602 0.4923568402 0.4307136902 0.4871811002 1.0217024602 1.0279622602 0 0.4324875802 0.4326652102 1.0362583602 1.0378490602 1.0342747602 1.0346710602 1.0201456602 1.0139504602 1.0120249602 0.4896686602 0.4284139002 0.4896686602 0.9983050302 1.0127945602 1.0081885602 0.4212065402 0.4355128802 0.4301823402
1.0482714602 1.0112560602 1.0311118602 1.0248258602 1.0078059602 1.0189800602 0.4799567202 0.1519005202 0.4822305802 1.0240437602 1.0213128602 0.4324875802 0 0.0446237651999999 1.0287484602 1.0346710602 1.0244347602 1.0154944602 1.0338786602 1.0307174602 1.0287484602 0.4828001302 0.4335539402 0.4824203902 1.0013322302 1.0220921602 1.0182041602 0.2878846302 0.4008417202 0.3927134002
1.0446472602 1.0070415602 1.0256087602 1.0291418602 1.0081885602 1.0170416602 0.4767471302 0.1510458202 0.4784446102 1.0182041602 1.0162676602 0.4326652102 0.0446237651999999 0 1.0295353602 1.0346710602 1.0240437602 1.0170416602 1.0291418602 1.0271769602 1.0256087602 0.4780670802 0.4287672602 0.4776897202 1.0017114902 1.0236529602 1.0178163602 0.2875917602 0.3974442202 0.3910310302
0.5148106602 0.2693687402 0.2782802902 0.3858395602 0.3778713402 0.3957512102 1.0078059602 1.0197569602 0.9983050302 0.3925449902 0.3957512102 1.0362583602 1.0287484602 1.0295353602 0 0.0377724761999999 0.0963457301999999 0.0967996561999999 0.3959203402 0.3928818602 0.3918717602 0.9994387602 1.0434431602 1.0009532002 0.3795244202 0.3850055602 0.3866744602 1.0166545602 1.0418404602 1.0116403602
0.5195827002 0.2728058202 0.2801623602 0.3915353602 0.3816788902 0.4016935302 1.0066595602 1.0244347602 0.9907899002 0.3981225002 0.4022050602 1.0378490602 1.0346710602 1.0346710602 0.0377724761999999 0 0.1002128902 0.1002128902 0.4027169402 0.3994808902 0.3984618602 0.9930365102 1.0474645602 0.9945380202 0.3820108802 0.3890171602 0.3891847802 1.0178163602 1.0446472602 1.0174289602
0.5102658602 0.2663741602 0.2766914602 0.3895201202 0.3785321602 0.3969359202 0.9983050302 1.0158808602 0.9763485602 0.3960895002 0.3969359202 1.0342747602 1.0244347602 1.0240437602 0.0963457301999999 0.1002128902 0 0.0384022881999999 0.3977832902 0.3942307602 0.3933874102 0.9866885002 1.0366557602 0.9889228602 0.3739187802 0.3826753302 0.3846722302 1.0101042602 1.0374510602 1.0089542602
0.5104628302 0.2687974302 0.2792931302 0.3900234202 0.3773761202 0.4010120102 0.9983050302 1.0108719602 0.9789202302 0.3979528602 0.3982921602 1.0346710602 1.0154944602 1.0170416602 0.0967996561999999 0.1002128902 0.0384022881999999 0 0.3986316102 0.3955821202 0.3952440602 0.9859451602 1.0322963602 0.9881773102 0.3721141002 0.3835067202 0.3831740602 1.0089542602 1.0295353602 1.0028504602
0.5146125002 0.3810153102 0.3920399902 0.4025462602 0.3922082802 0.2017800602 1.0120249602 1.0315064602 1.0058961602 0.2003451502 0.1983928602 1.0201456602 1.0338786602 1.0291418602 0.3959203402 0.4027169402 0.3977832902 0.3986316102 0 0.0354676831999999 0.0347358241999999 1.0005743002 1.0307174602 1.0039911602 0.3895201202 0.3825091802 0.3986316102 1.0271769602 1.0338786602 1.0350676602
0.5146125002 0.3798554602 0.3886820402 0.3998208602 0.3896878402 0.2002148402 1.0085713602 1.0283551602 1.0017114902 0.1993032902 0.1980030202 1.0139504602 1.0307174602 1.0271769602 0.3928818602 0.3994808902 0.3942307602 0.3955821202 0.0354676831999999 0 0.0122938541999999 1.0001956302 1.0346710602 1.0032305602 0.3900234202 0.3828415302 0.3967665602 1.0244347602 1.0338786602 1.0287484602
0.5140183002 0.3786974302 0.3886820402 0.3976137402 0.3886820402 0.1989129702 1.0039911602 1.0271769602 0.9960425602 0.1980030202 0.1970941602 1.0120249602 1.0287484602 1.0256087602 0.3918717602 0.3984618602 0.3933874102 0.3952440602 0.0347358241999999 0.0122938541999999 0 0.9964191602 1.0283551602 0.9994387602 0.3878449002 0.3815129202 0.3964279602 1.0166545602 1.0267846602 1.0252171602
1.0127945602 0.9998170602 1.0174289602 1.0017114902 0.9866885002 0.9934116102 0.1508018002 0.4801459402 0.1355863402 0.9949138602 0.9911638602 0.4896686602 0.4828001302 0.4780670802 0.9994387602 0.9930365102 0.9866885002 0.9859451602 1.0005743002 1.0001956302 0.9964191602 0 0.4871811002 0.00452489999999992 0.9734203302 0.9748830302 0.9960425602 0.4737388602 0.4795784102 0.4686896002
1.0354643602 1.0213128602 1.0462558602 1.0260004602 1.0252171602 1.0263923602 0.4927416602 0.4349781002 0.4871811002 1.0209236602 1.0287484602 0.4284139002 0.4335539402 0.4287672602 1.0434431602 1.0474645602 1.0366557602 1.0322963602 1.0307174602 1.0346710602 1.0283551602 0.4871811002 0 0.4864173602 1.0066595602 1.0182041602 1.0283551602 0.4233088602 0.4358695802 0.4316001302
1.0151081602 1.0009532002 1.0189800602 1.0036106602 0.9896690902 0.9964191602 0.1504359202 0.4801459402 0.1354668102 0.9994387602 0.9945380202 0.4896686602 0.4824203902 0.4776897202 1.0009532002 0.9945380202 0.9889228602 0.9881773102 1.0039911602 1.0032305602 0.9994387602 0.00452489999999992 0.4864173602 0 0.9737857002 0.9778170102 0.9986827602 0.4729886602 0.4799567202 0.4679444602
0.5132267602 0.3749049602 0.3863403902 0.3800210402 0.3760571602 0.3917035202 0.9915380602 1.0032305602 0.9686861602 0.3915353602 0.3913672002 0.9983050302 1.0013322302 1.0017114902 0.3795244202 0.3820108802 0.3739187802 0.3721141002 0.3895201202 0.3900234202 0.3878449002 0.9734203302 1.0066595602 0.9737857002 0 0.3808495202 0.3786974302 0.9881773102 0.9964191602 0.9979274602
0.5028167602 0.3801866802 0.3840060002 0.3628316002 0.3536625902 0.3851722802 0.9919123602 1.0143361602 0.9774496602 0.3873430602 0.3881796402 1.0127945602 1.0220921602 1.0236529602 0.3850055602 0.3890171602 0.3826753302 0.3835067202 0.3825091802 0.3828415302 0.3815129202 0.9748830302 1.0182041602 0.9778170102 0.3808495202 0 0.3612148802 1.0089542602 1.0039911602 1.0093373602
0.5142163102 0.3760571602 0.3835067202 0.3471359602 0.3309860902 0.3959203402 1.0147220602 1.0147220602 1.0009532002 0.3933874102 0.3917035202 1.0081885602 1.0182041602 1.0178163602 0.3866744602 0.3891847802 0.3846722302 0.3831740602 0.3986316102 0.3967665602 0.3964279602 0.9960425602 1.0283551602 0.9986827602 0.3786974302 0.3612148802 0 1.0047525602 1.0240437602 1.0116403602
1.0346710602 0.9998170602 1.0279622602 1.0101042602 0.9837196602 1.0232625602 0.4733636602 0.2837950402 0.4709295102 1.0081885602 1.0104879602 0.4212065402 0.2878846302 0.2875917602 1.0166545602 1.0178163602 1.0101042602 1.0089542602 1.0271769602 1.0244347602 1.0166545602 0.4737388602 0.4233088602 0.4729886602 0.9881773102 1.0089542602 1.0047525602 0 0.3940620202 0.3855058302
1.0303232602 1.0124096602 1.0263923602 1.0085713602 0.9998170602 1.0244347602 0.4843210602 0.4027169402 0.4701821302 1.0287484602 1.0220921602 0.4355128802 0.4008417202 0.3974442202 1.0418404602 1.0446472602 1.0374510602 1.0295353602 1.0338786602 1.0338786602 1.0267846602 0.4795784102 0.4358695802 0.4799567202 0.9964191602 1.0039911602 1.0240437602 0.3940620202 0 0.2738112902
1.0252171602 1.0028504602 1.0147220602 1.0182041602 0.9859451602 1.0081885602 0.4748655602 0.3945683902 0.4649711902 1.0248258602 1.0291418602 0.4301823402 0.3927134002 0.3910310302 1.0116403602 1.0174289602 1.0089542602 1.0028504602 1.0350676602 1.0287484602 1.0252171602 0.4686896002 0.4316001302 0.4679444602 0.9979274602 1.0093373602 1.0116403602 0.3855058302 0.2738112902 0
