0 0.6827315 0.6643211 0.6864684 0.66796726 0.99545324 1.0034139 0.6733471 0.66093403 0.6616586 0.65972805 0.6604514 0.661417 0.6760516 0.6713863 0.6767909 0.682483 0.66480625 0.6604514 1.0234975 1.0219333 1.0242808 0.67975533 1.0219333 0.6854701 0.6782716 0.6723661 0.662142 0.67926043 0.69173163
0.6827315 0 0.5032458 0.5483964 0.50972915 0.9977191 0.99056727 0.50953186 0.50815225 0.5022683 0.67531306 0.66456366 0.6782716 0.5337889 0.5380799 0.5399264 0.54570043 0.4975942 0.4917922 1.0317632 1.0274222 1.0278157 0.50363714 1.0246727 0.3753265 0.5174642 0.5174642 0.5024637 0.5337889 0.27974844
0.6643211 0.5032458 0 0.52186304 0.24139464 0.9831119 0.9898184 0.51091397 0.50168246 0.23534843 0.6669932 0.65612173 0.66918653 0.51229864 0.51646805 0.51190275 0.5202605 0.23398107 0.2284008 1.0176488 1.0137748 1.0118452 0.4489234 1.0091523 0.497206 0.50540066 0.50070703 0.32293335 0.51388425 0.5071684
0.6864684 0.5483964 0.52186304 0 0.53480834 1.0003713 0.9946995 0.53828484 0.5352165 0.530536 0.6689425 0.6640787 0.6731017 0.16635834 0.16961105 0.16848351 0.17413822 0.5291173 0.52246493 1.0286036 1.0289978 1.0345387 0.5454935 1.0286036 0.549644 0.5360335 0.5386949 0.53951573 0.29293236 0.54985213
0.66796726 0.50972915 0.24139464 0.53480834 0 0.97720057 0.97499573 0.5126947 0.50874317 0.15459192 0.6558819 0.6494359 0.65972805 0.5186613 0.5220636 0.5264896 0.5291173 0.1525057 0.14786322 1.0133885 1.0103053 1.0049399 0.45697227 1.0015109 0.50344145 0.5115071 0.50265914 0.32632494 0.5250785 0.51447976
0.99545324 0.9977191 0.9831119 1.0003713 0.97720057 0 0.14071167 1.0011308 0.9857129 0.9943229 1.0122308 1.0188149 1.0080011 0.99131685 0.9845971 0.99281836 1.000751 0.9727974 0.96334505 0.51229864 0.5115071 0.50363714 0.99961257 0.5052045 1.0103053 0.99734104 1.0227151 0.9738958 0.9946995 1.0254573
1.0034139 0.99056727 0.9898184 0.9946995 0.97499573 0.14071167 0 0.98832285 0.98348296 0.98832285 1.0003713 1.0289978 1.0011308 0.9924427 0.9827411 0.9946995 0.99961257 0.9669665 0.9557965 0.51547325 0.51786304 0.50540066 0.9950763 0.5061858 1.0141612 0.9920673 1.0172604 0.98832285 0.99281836 1.015322
0.6733471 0.50953186 0.51091397 0.53828484 0.5126947 1.0011308 0.98832285 0 0.12755762 0.50775856 0.66796726 0.6696748 0.6723661 0.52527994 0.5331779 0.53094184 0.5317542 0.5046164 0.4983712 1.01069 1.0060863 1.0080011 0.50148726 1.0064689 0.50992644 0.3749967 0.38195345 0.5052045 0.5299277 0.5091374
0.66093403 0.50815225 0.50168246 0.5352165 0.50874317 0.9857129 0.98348296 0.12755762 0 0.50148726 0.6582834 0.6604514 0.65948707 0.52186304 0.52709514 0.5283078 0.5307389 0.49778837 0.48948392 1.0110749 1.0076177 1.0068517 0.48507947 1.0045581 0.51170486 0.3702306 0.3781358 0.4983712 0.5214621 0.50775856
0.6616586 0.5022683 0.23534843 0.530536 0.15459192 0.9943229 0.98832285 0.50775856 0.50148726 0 0.6532491 0.6568416 0.6606927 0.51886106 0.5212617 0.5226656 0.52487713 0.12755762 0.12306659 1.0203725 1.0211525 1.0188149 0.4507451 1.0157093 0.49662408 0.50874317 0.49526802 0.32216468 0.5176636 0.5063822
0.65972805 0.67531306 0.6669932 0.6689425 0.6558819 1.0122308 1.0003713 0.66796726 0.6582834 0.6532491 0 0.47804788 0.13136052 0.65277135 0.65852404 0.6520554 0.6623838 0.6515784 0.6470625 1.0176488 1.0176488 1.0207624 0.6772841 1.018426 0.67654437 0.67531306 0.6760516 0.6558819 0.67163116 0.6731017
0.6604514 0.66456366 0.65612173 0.6640787 0.6494359 1.0188149 1.0289978 0.6696748 0.6604514 0.6568416 0.47804788 0 0.47994182 0.6626257 0.6573219 0.6522939 0.6602102 0.6418672 0.6402217 1.0409217 1.0349361 1.0317632 0.67876583 1.0282096 0.67383814 0.675067 0.6745752 0.6602102 0.671876 0.6777777
0.661417 0.6782716 0.66918653 0.6731017 0.65972805 1.0080011 1.0011308 0.6723661 0.65948707 0.6606927 0.13136052 0.47994182 0 0.6539662 0.65948707 0.6520554 0.6599691 0.6573219 0.6522939 1.030972 1.0297868 1.0365276 0.6775309 1.0349361 0.6807461 0.682483 0.684224 0.6602102 0.67432946 0.6785187
0.6760516 0.5337889 0.51229864 0.16635834 0.5186613 0.99131685 0.9924427 0.52527994 0.52186304 0.51886106 0.65277135 0.6626257 0.6539662 0 0.11918818 0.14932616 0.15545265 0.5136859 0.5085462 1.01069 1.0099207 1.0118452 0.5246758 1.0060863 0.5346044 0.52810556 0.52608615 0.5258845 0.2835334 0.5337889
0.6713863 0.5380799 0.51646805 0.16961105 0.5220636 0.9845971 0.9827411 0.5331779 0.52709514 0.5212617 0.65852404 0.6573219 0.65948707 0.11918818 0 0.1525057 0.15594494 0.51646805 0.50933456 1.0130024 1.0130024 1.0130024 0.52729714 1.0083846 0.537056 0.5317542 0.5339927 0.52527994 0.2880713 0.5397211
0.6767909 0.5399264 0.51190275 0.16848351 0.5264896 0.99281836 0.9946995 0.53094184 0.5283078 0.5226656 0.6520554 0.6522939 0.6520554 0.14932616 0.1525057 0 0.077910095 0.51786304 0.51190275 1.015322 1.0126165 1.015322 0.52387106 1.0095364 0.5350124 0.52729714 0.5307389 0.52166253 0.28763095 0.5376702
0.682483 0.54570043 0.5202605 0.17413822 0.5291173 1.000751 0.99961257 0.5317542 0.5307389 0.52487713 0.6623838 0.6602102 0.6599691 0.15545265 0.15594494 0.077910095 0 0.52226424 0.51547325 1.0223241 1.0219333 1.0289978 0.5317542 1.0234975 0.5448729 0.537875 0.5352165 0.52931976 0.29308018 0.5436332
0.66480625 0.4975942 0.23398107 0.5291173 0.1525057 0.9727974 0.9669665 0.5046164 0.49778837 0.12755762 0.6515784 0.6418672 0.6573219 0.5136859 0.51646805 0.51786304 0.52226424 0 0.05410551 0.99999183 0.9950763 0.9831119 0.44402677 0.98051995 0.4960426 0.5069718 0.49817687 0.31940395 0.5150757 0.5052045
0.6604514 0.4917922 0.2284008 0.52246493 0.14786322 0.96334505 0.9557965 0.4983712 0.48948392 0.12306659 0.6470625 0.6402217 0.6522939 0.5085462 0.50933456 0.51190275 0.51547325 0.05410551 0 0.9831119 0.9790429 0.97573 0.43826443 0.97243166 0.4917922 0.49507448 0.4935281 0.31406474 0.50815225 0.496818
1.0234975 1.0317632 1.0176488 1.0286036 1.0133885 0.51229864 0.51547325 1.01069 1.0110749 1.0203725 1.0176488 1.0409217 1.030972 1.01069 1.0130024 1.015322 1.0223241 0.99999183 0.9831119 0 0.018731989 0.13005109 1.036926 0.1308841 1.0579402 1.0219333 1.0481682 1.0238891 1.015322 1.0546688
1.0219333 1.0274222 1.0137748 1.0289978 1.0103053 0.5115071 0.51786304 1.0060863 1.0076177 1.0211525 1.0176488 1.0349361 1.0297868 1.0099207 1.0130024 1.0126165 1.0219333 0.9950763 0.9790429 0.018731989 0 0.12850654 1.0357314 0.12933783 1.0530384 1.0231062 1.0485728 1.019204 1.0172604 1.0526313
1.0242808 1.0278157 1.0118452 1.0345387 1.0049399 0.50363714 0.50540066 1.0080011 1.0068517 1.0188149 1.0207624 1.0317632 1.0365276 1.0118452 1.0130024 1.015322 1.0289978 0.9831119 0.97573 0.13005109 0.12850654 0 1.0377234 0.006831014 1.0389212 1.0262426 1.057121 1.0072346 1.014548 1.0493827
0.67975533 0.50363714 0.4489234 0.5454935 0.45697227 0.99961257 0.9950763 0.50148726 0.48507947 0.4507451 0.6772841 0.67876583 0.6775309 0.5246758 0.52729714 0.52387106 0.5317542 0.44402677 0.43826443 1.036926 1.0357314 1.0377234 0 1.0349361 0.5071684 0.5107164 0.5038329 0.45312 0.5291173 0.5003172
1.0219333 1.0246727 1.0091523 1.0286036 1.0015109 0.5052045 0.5061858 1.0064689 1.0045581 1.0157093 1.018426 1.0282096 1.0349361 1.0060863 1.0083846 1.0095364 1.0234975 0.98051995 0.97243166 0.1308841 0.12933783 0.006831014 1.0349361 0 1.033348 1.0223241 1.0522244 1.002652 1.0130024 1.0477637
0.6854701 0.3753265 0.497206 0.549644 0.50344145 1.0103053 1.0141612 0.50992644 0.51170486 0.49662408 0.67654437 0.67383814 0.6807461 0.5346044 0.537056 0.5350124 0.5448729 0.4960426 0.4917922 1.0579402 1.0530384 1.0389212 0.5071684 1.033348 0 0.51012385 0.50775856 0.49856558 0.53134793 0.38029122
0.6782716 0.5174642 0.50540066 0.5360335 0.5115071 0.99734104 0.9920673 0.3749967 0.3702306 0.50874317 0.67531306 0.675067 0.682483 0.52810556 0.5317542 0.52729714 0.537875 0.5069718 0.49507448 1.0219333 1.0231062 1.0262426 0.5107164 1.0223241 0.51012385 0 0.35836557 0.5089403 0.5335852 0.5150757
0.6723661 0.5174642 0.50070703 0.5386949 0.50265914 1.0227151 1.0172604 0.38195345 0.3781358 0.49526802 0.6760516 0.6745752 0.684224 0.52608615 0.5339927 0.5307389 0.5352165 0.49817687 0.4935281 1.0481682 1.0485728 1.057121 0.5038329 1.0522244 0.50775856 0.35836557 0 0.50129217 0.531551 0.5190608
0.662142 0.5024637 0.32293335 0.53951573 0.32632494 0.9738958 0.98832285 0.5052045 0.4983712 0.32216468 0.6558819 0.6602102 0.6602102 0.5258845 0.52527994 0.52166253 0.52931976 0.31940395 0.31406474 1.0238891 1.019204 1.0072346 0.45312 1.002652 0.49856558 0.5089403 0.50129217 0 0.52387106 0.50972915
0.67926043 0.5337889 0.51388425 0.29293236 0.5250785 0.9946995 0.99281836 0.5299277 0.5214621 0.5176636 0.67163116 0.671876 0.67432946 0.2835334 0.2880713 0.28763095 0.29308018 0.5150757 0.50815225 1.015322 1.0172604 1.014548 0.5291173 1.0130024 0.53134793 0.5335852 0.531551 0.52387106 0 0.5368514
0.69173163 0.27974844 0.5071684 0.54985213 0.51447976 1.0254573 1.015322 0.5091374 0.50775856 0.5063822 0.6731017 0.6777777 0.6785187 0.5337889 0.5397211 0.5376702 0.5436332 0.5052045 0.496818 1.0546688 1.0526313 1.0493827 0.5003172 1.0477637 0.38029122 0.5150757 0.5190608 0.50972915 0.5368514 0
