0 0.63554007 0.64116156 0.3425688 0.34083396 0.3439912 0.3422531 1.0060863 1.01146 1.0076177 1.0215429 0.6475366 0.98125964 0.9898184 1.018426 1.0164845 0.6578025 0.33878887 0.34320065 0.65564215 0.6592462 0.3439912 0.65516293 0.34430766 0.9831119 0.66602045 0.66602045 0.3441494 1.0095364 0.6623838
0.63554007 0 0.12696517 0.6539662 0.6484856 0.65038735 0.66602045 1.0049399 0.99734104 1.0064689 1.0157093 0.63228023 0.9920673 0.99999183 0.9980974 0.9969631 0.6470625 0.65110177 0.65492344 0.64233804 0.6477737 0.65852404 0.6334428 0.6563616 0.97609735 0.6501494 0.6369415 0.6582834 1.0053219 0.6437523
0.64116156 0.12696517 0 0.64540553 0.6364741 0.63857985 0.6542054 0.99131685 0.9842255 0.9808897 0.9946995 0.62143886 0.9687838 0.98348296 0.98832285 0.9838541 0.6484856 0.64587855 0.6489606 0.64564204 0.6506254 0.65181684 0.63460726 0.6501494 0.96841997 0.6437523 0.6348403 0.64682555 0.9872032 0.63928306
0.3425688 0.6539662 0.64540553 0 0.2916035 0.2988671 0.12566338 1.0080011 1.0022715 1.0034139 1.018426 0.64116156 0.98051995 0.9857129 1.0041765 1.01069 0.65948707 0.1218892 0.1266099 0.65612173 0.65972805 0.1272021 0.661417 0.1272021 0.98125964 0.65948707 0.6599691 0.3011048 1.0103053 0.6677236
0.34083396 0.6484856 0.6364741 0.2916035 0 0.11428086 0.29530063 1.0064689 0.99885464 1.001891 1.0122308 0.6421026 0.9831119 0.98832285 1.0087683 1.0172604 0.6575622 0.29234147 0.2955972 0.65253264 0.6568416 0.29827154 0.654684 0.2975277 0.9853408 0.6530102 0.65540254 0.18827157 1.002652 0.65564215
0.3439912 0.65038735 0.63857985 0.2988671 0.11428086 0 0.30260032 1.0172604 1.0110749 1.0219333 1.0246727 0.64116156 0.9931942 1.0064689 1.0195932 1.0274222 0.65876466 0.30035818 0.30364898 0.6530102 0.6563616 0.3043989 0.6515784 0.3043989 0.98832285 0.6563616 0.66093403 0.1918792 1.0157093 0.65348804
0.3422531 0.66602045 0.6542054 0.12566338 0.29530063 0.30260032 0 1.0110749 1.0095364 1.0149349 1.0227151 0.65134007 0.9931942 0.9962078 1.0126165 1.0160967 0.66796726 0.1042167 0.10859594 0.66650665 0.67040783 0.108480364 0.6760516 0.108480364 0.99281836 0.6611755 0.6626257 0.3011048 1.0219333 0.6713863
1.0060863 1.0049399 0.99131685 1.0080011 1.0064689 1.0172604 1.0110749 0 0.08616542 0.13962671 0.14591707 1.0238891 0.40339074 0.40682322 0.14240249 0.14228158 1.0258498 1.0219333 1.0234975 1.0238891 1.0313674 1.0231062 1.0223241 1.0203725 0.40854537 1.0433295 1.0282096 1.025065 0.17704496 1.0266355
1.01146 0.99734104 0.9842255 1.0022715 0.99885464 1.0110749 1.0095364 0.08616542 0 0.13100317 0.1361414 1.0195932 0.3975913 0.40168035 0.13494332 0.1341058 1.0211525 1.0168724 1.0176488 1.0203725 1.0270288 1.0199828 1.0215429 1.0168724 0.40304834 1.0329514 1.0266355 1.018426 0.1646127 1.0172604
1.0076177 1.0064689 0.9808897 1.0034139 1.001891 1.0219333 1.0149349 0.13962671 0.13100317 0 0.065695025 1.0157093 0.39420068 0.39895183 0.1308841 0.12850654 1.0278157 1.0168724 1.0188149 1.0301816 1.0357314 1.0231062 1.0341415 1.0211525 0.40099728 1.0266355 1.032159 1.0157093 0.16798292 1.0223241
1.0215429 1.0157093 0.9946995 1.018426 1.0122308 1.0246727 1.0227151 0.14591707 0.1361414 0.065695025 0 1.0262426 0.4045903 0.40665123 0.13530254 0.1342254 1.0278157 1.0337447 1.0345387 1.0282096 1.0329514 1.0357314 1.0417235 1.0337447 0.4113091 1.0349361 1.0361294 1.0219333 0.17717159 1.0231062
0.6475366 0.63228023 0.62143886 0.64116156 0.6421026 0.64116156 0.65134007 1.0238891 1.0195932 1.0157093 1.0262426 0 0.9842255 0.98645765 1.0137748 1.0126165 0.36516908 0.64328057 0.64233804 0.35933372 0.36305663 0.64635193 0.31027418 0.6413967 0.99169195 0.3725277 0.37072223 0.64116156 1.0172604 0.366472
0.98125964 0.9920673 0.9687838 0.98051995 0.9831119 0.9931942 0.9931942 0.40339074 0.3975913 0.39420068 0.4045903 0.9842255 0 0.05528873 0.40682322 0.40613547 1.0172604 0.9939465 0.9946995 1.0172604 1.0231062 1.001891 1.0188149 0.99847597 0.2950042 1.0095364 1.019204 0.98907024 0.4028772 1.0034139
0.9898184 0.99999183 0.98348296 0.9857129 0.98832285 1.0064689 0.9962078 0.40682322 0.40168035 0.39895183 0.40665123 0.98645765 0.05528873 0 0.4102715 0.4080283 1.0199828 0.99545324 0.9977191 1.0199828 1.0258498 1.0053219 1.0361294 1.0022715 0.2975277 1.0176488 1.0242808 0.9980974 0.40699527 1.005704
1.018426 0.9980974 0.98832285 1.0041765 1.0087683 1.0195932 1.0126165 0.14240249 0.13494332 0.1308841 0.13530254 1.0137748 0.40682322 0.4102715 0 0.049177624 1.0313674 1.0207624 1.0176488 1.0286036 1.0337447 1.0211525 1.019204 1.0188149 0.4087178 1.0270288 1.0361294 1.0282096 0.17464294 1.0242808
1.0164845 0.9969631 0.9838541 1.01069 1.0172604 1.0274222 1.0160967 0.14228158 0.1341058 0.12850654 0.1342254 1.0126165 0.40613547 0.4080283 0.049177624 0 1.0293922 1.0258498 1.0242808 1.0262426 1.032159 1.0266355 1.0345387 1.0238891 0.40854537 1.0337447 1.0345387 1.033348 0.1752743 1.0289978
0.6578025 0.6470625 0.6484856 0.65948707 0.6575622 0.65876466 0.66796726 1.0258498 1.0211525 1.0278157 1.0278157 0.36516908 1.0172604 1.0199828 1.0313674 1.0293922 0 0.6563616 0.6532491 0.031450294 0.034271218 0.6573219 0.38029122 0.65348804 1.0080011 0.2938196 0.23275258 0.66602045 1.0266355 0.16138154
0.33878887 0.65110177 0.64587855 0.1218892 0.29234147 0.30035818 0.1042167 1.0219333 1.0168724 1.0168724 1.0337447 0.64328057 0.9939465 0.99545324 1.0207624 1.0258498 0.6563616 0 0.029783625 0.65612173 0.6611755 0.030199945 0.6699191 0.029575553 0.9931942 0.64824826 0.65972805 0.29782516 1.0274222 0.66286767
0.34320065 0.65492344 0.6489606 0.1266099 0.2955972 0.30364898 0.10859594 1.0234975 1.0176488 1.0188149 1.0345387 0.64233804 0.9946995 0.9977191 1.0176488 1.0242808 0.6532491 0.029783625 0 0.654684 0.65972805 0.018937076 0.66748005 0.018731989 0.99056727 0.64967364 0.6575622 0.30275005 1.0278157 0.66504896
0.65564215 0.64233804 0.64564204 0.65612173 0.65253264 0.6530102 0.66650665 1.0238891 1.0203725 1.0301816 1.0282096 0.35933372 1.0172604 1.0199828 1.0286036 1.0262426 0.031450294 0.65612173 0.654684 0 0.010168623 0.6578025 0.37565646 0.65444463 1.0087683 0.2916035 0.22989386 0.6616586 1.0258498 0.15841123
0.6592462 0.6477737 0.6506254 0.65972805 0.6568416 0.6563616 0.67040783 1.0313674 1.0270288 1.0357314 1.0329514 0.36305663 1.0231062 1.0258498 1.0337447 1.032159 0.034271218 0.6611755 0.65972805 0.010168623 0 0.6623838 0.3789641 0.6590054 1.0126165 0.29633912 0.23425435 0.6662635 1.0301816 0.16162959
0.3439912 0.65852404 0.65181684 0.1272021 0.29827154 0.3043989 0.108480364 1.0231062 1.0199828 1.0231062 1.0357314 0.64635193 1.001891 1.0053219 1.0211525 1.0266355 0.6573219 0.030199945 0.018937076 0.6578025 0.6623838 0 0.6682109 0.008649687 1.0003713 0.65181684 0.6616586 0.30275005 1.0313674 0.6684547
0.65516293 0.6334428 0.63460726 0.661417 0.654684 0.6515784 0.6760516 1.0223241 1.0215429 1.0341415 1.0417235 0.31027418 1.0188149 1.0361294 1.019204 1.0345387 0.38029122 0.6699191 0.66748005 0.37565646 0.3789641 0.6682109 0 0.6662635 1.0203725 0.37962735 0.38245285 0.65516293 1.036926 0.38195345
0.34430766 0.6563616 0.6501494 0.1272021 0.2975277 0.3043989 0.108480364 1.0203725 1.0168724 1.0211525 1.0337447 0.6413967 0.99847597 1.0022715 1.0188149 1.0238891 0.65348804 0.029575553 0.018731989 0.65444463 0.6590054 0.008649687 0.6662635 0 0.9962078 0.6489606 0.6573219 0.30245066 1.0301816 0.6631097
0.9831119 0.97609735 0.96841997 0.98125964 0.9853408 0.98832285 0.99281836 0.40854537 0.40304834 0.40099728 0.4113091 0.99169195 0.2950042 0.2975277 0.4087178 0.40854537 1.0080011 0.9931942 0.99056727 1.0087683 1.0126165 1.0003713 1.0203725 0.9962078 0 0.9898184 1.0003713 0.990942 0.40665123 0.99169195
0.66602045 0.6501494 0.6437523 0.65948707 0.6530102 0.6563616 0.6611755 1.0433295 1.0329514 1.0266355 1.0349361 0.3725277 1.0095364 1.0176488 1.0270288 1.0337447 0.2938196 0.64824826 0.64967364 0.2916035 0.29633912 0.65181684 0.37962735 0.6489606 0.9898184 0 0.2927846 0.661417 1.014548 0.2916035
0.66602045 0.6369415 0.6348403 0.6599691 0.65540254 0.66093403 0.6626257 1.0282096 1.0266355 1.032159 1.0361294 0.37072223 1.019204 1.0242808 1.0361294 1.0345387 0.23275258 0.65972805 0.6575622 0.22989386 0.23425435 0.6616586 0.38245285 0.6573219 1.0003713 0.2927846 0 0.6640787 1.0345387 0.23630708
0.3441494 0.6582834 0.64682555 0.3011048 0.18827157 0.1918792 0.3011048 1.025065 1.018426 1.0157093 1.0219333 0.64116156 0.98907024 0.9980974 1.0282096 1.033348 0.66602045 0.29782516 0.30275005 0.6616586 0.6662635 0.30275005 0.65516293 0.30245066 0.990942 0.661417 0.6640787 0 1.019204 0.65948707
1.0095364 1.0053219 0.9872032 1.0103053 1.002652 1.0157093 1.0219333 0.17704496 0.1646127 0.16798292 0.17717159 1.0172604 0.4028772 0.40699527 0.17464294 0.1752743 1.0266355 1.0274222 1.0278157 1.0258498 1.0301816 1.0313674 1.036926 1.0301816 0.40665123 1.014548 1.0345387 1.019204 0 1.0199828
0.6623838 0.6437523 0.63928306 0.6677236 0.65564215 0.65348804 0.6713863 1.0266355 1.0172604 1.0223241 1.0231062 0.366472 1.0034139 1.005704 1.0242808 1.0289978 0.16138154 0.66286767 0.66504896 0.15841123 0.16162959 0.6684547 0.38195345 0.6631097 0.99169195 0.2916035 0.23630708 0.65948707 1.0199828 0
