0 0.79888314 0.9497408 0.8236593 0.799754 0.8096957 0.814124 0.8161995 0.812645 0.8047084 0.8088132 0.5666926 0.8038317 0.79743385 0.806758 0.9256522 0.9222244 0.95794547 0.97720057 0.7362889 0.7376246 0.8038317 0.97867405 0.80091685 0.7802575 0.9857129 0.9651536 0.9615409 0.95615417 0.74353015
0.79888314 0 0.97573 0.54177755 0.293228 0.29604226 0.52427334 0.5186613 0.5256829 0.5287124 0.52608615 0.8102846 0.515871 0.29234147 0.29633912 0.928061 0.93324894 0.9680563 0.9872032 0.81294054 0.812645 0.5174642 0.9845971 0.51607 0.52527994 0.9666036 0.9575869 0.9698763 0.9483231 0.8079317
0.9497408 0.97573 0 0.9939465 0.9857129 0.990942 0.97352946 0.9931942 0.97978103 0.9845971 1.0099207 0.9827411 0.9853408 0.96841997 0.98496884 0.97867405 0.9746289 0.25475803 0.26451218 0.9838541 0.98832285 0.96841997 0.5423956 0.9655158 0.9691478 0.43844384 0.43201217 0.376482 0.33643606 0.97978103
0.8236593 0.54177755 0.9939465 0 0.53195745 0.5321607 0.3427267 0.33910313 0.34146434 0.19875582 0.20149805 0.8437172 0.27641606 0.52931976 0.53195745 0.9430302 0.94232726 1.0045581 1.0231062 0.85613984 0.8573935 0.27482754 1.0049399 0.27482754 0.5544457 1.0130024 0.9898184 1.000751 0.9901927 0.83911127
0.799754 0.293228 0.9857129 0.53195745 0 0.18314771 0.51786304 0.513091 0.5172649 0.52226424 0.52689326 0.80295604 0.5150757 0.19628336 0.19654323 0.91949344 0.927372 0.9662408 0.9827411 0.8111689 0.8105793 0.5184617 0.99545324 0.5176636 0.51806253 0.99999183 0.97243166 0.9746289 0.9583042 0.8079317
0.8096957 0.29604226 0.990942 0.5321607 0.18314771 0 0.52367 0.51607 0.5190608 0.5279034 0.5299277 0.8194727 0.5152744 0.19901656 0.19550428 0.91813165 0.92085767 0.9831119 0.9980974 0.8179831 0.8156059 0.5196604 1.018426 0.5212617 0.53195745 1.0030329 0.97978103 0.9827411 0.9753628 0.8272665
0.814124 0.52427334 0.97352946 0.3427267 0.51786304 0.52367 0 0.15606806 0.16088566 0.34004673 0.34162202 0.82877463 0.33362237 0.5136859 0.5194605 0.93987226 0.944438 0.982 0.9943229 0.84433347 0.84525883 0.3353406 0.98496884 0.33284268 0.5436332 0.99169195 0.9669665 0.97941184 0.97316337 0.82606214
0.8161995 0.5186613 0.9931942 0.33910313 0.513091 0.51607 0.15606806 0 0.1457956 0.33659267 0.3348716 0.82395923 0.33019772 0.5107164 0.51547325 0.9405729 0.94267863 0.99847597 1.0118452 0.8257614 0.82877463 0.3326868 0.9872032 0.33284268 0.537875 0.9958304 0.98645765 0.99131685 0.9872032 0.8293787
0.812645 0.5256829 0.97978103 0.34146434 0.5172649 0.5190608 0.16088566 0.1457956 0 0.3422531 0.34430766 0.83028585 0.335497 0.51547325 0.51786304 0.944438 0.9458484 0.98907024 1.0045581 0.82395923 0.8275679 0.33643606 0.9931942 0.335497 0.5434268 0.9939465 0.9680563 0.9790429 0.97206604 0.82606214
0.8047084 0.5287124 0.9845971 0.19875582 0.52226424 0.5279034 0.34004673 0.33659267 0.3422531 0 0.13806233 0.8375822 0.26479682 0.5226656 0.52729714 0.9339434 0.93812364 1.0022715 1.0180373 0.8388052 0.8406434 0.2675062 1.000751 0.26664954 0.54570043 1.0122308 0.99131685 0.99357027 0.9775687 0.8278694
0.8088132 0.52608615 1.0099207 0.20149805 0.52689326 0.5299277 0.34162202 0.3348716 0.34430766 0.13806233 0 0.83210325 0.27065566 0.5258845 0.52608615 0.9342909 0.93777436 1.0149349 1.0313674 0.8480418 0.85207987 0.27194792 1.0072346 0.2718042 0.5494359 1.0141612 0.99999183 1.0034139 1.000751 0.83849925
0.5666926 0.8102846 0.9827411 0.8437172 0.80295604 0.8194727 0.82877463 0.82395923 0.83028585 0.8375822 0.83210325 0 0.8242593 0.799754 0.8073446 0.9440858 0.9419761 0.99281836 1.0041765 0.7618071 0.7598766 0.82606214 1.0045581 0.82606214 0.8194727 1.01146 0.9764649 0.98683035 0.9872032 0.7701374
0.8038317 0.515871 0.9853408 0.27641606 0.5150757 0.5152744 0.33362237 0.33019772 0.335497 0.26479682 0.27065566 0.8242593 0 0.51012385 0.51607 0.93324894 0.94127417 0.9969631 1.0099207 0.83240664 0.83483773 0.10571198 0.98348296 0.10490646 0.5389 1.0045581 0.9687838 0.98757625 0.97170067 0.82335943
0.79743385 0.29234147 0.96841997 0.52931976 0.19628336 0.19901656 0.5136859 0.5107164 0.51547325 0.5226656 0.5258845 0.799754 0.51012385 0 0.08068891 0.92462224 0.9249654 0.9669665 0.9808897 0.80646485 0.80617183 0.51190275 0.99357027 0.513091 0.52527994 0.9894442 0.9669665 0.9651536 0.9504507 0.812645
0.806758 0.29633912 0.98496884 0.53195745 0.19654323 0.19550428 0.5194605 0.51547325 0.51786304 0.52729714 0.52608615 0.8073446 0.51607 0.08068891 0 0.9270277 0.92909575 0.9790429 0.9924427 0.81738806 0.81857854 0.5172649 1.000751 0.5176636 0.53033316 0.99545324 0.9831119 0.97499573 0.9637064 0.81294054
0.9256522 0.928061 0.97867405 0.9430302 0.91949344 0.91813165 0.93987226 0.9405729 0.944438 0.9339434 0.9342909 0.9440858 0.93324894 0.92462224 0.9270277 0 0.076690674 0.990942 0.98907024 0.9405729 0.9360306 0.92154074 0.97352946 0.9167723 0.8904187 0.9768326 0.9842255 0.9894442 0.97867405 0.9174517
0.9222244 0.93324894 0.9746289 0.94232726 0.927372 0.92085767 0.944438 0.94267863 0.9458484 0.93812364 0.93777436 0.9419761 0.94127417 0.9249654 0.92909575 0.076690674 0 0.9801504 0.9746289 0.93987226 0.9391723 0.9266836 0.9651536 0.9256522 0.8953518 0.9673296 0.9790429 0.9775687 0.96841997 0.91813165
0.95794547 0.9680563 0.25475803 1.0045581 0.9662408 0.9831119 0.982 0.99847597 0.98907024 1.0022715 1.0149349 0.99281836 0.9969631 0.9669665 0.9790429 0.990942 0.9801504 0 0.07713387 0.990942 0.9962078 0.982 0.54652894 0.9845971 0.9783054 0.4361149 0.43343666 0.3687576 0.33159682 0.98125964
0.97720057 0.9872032 0.26451218 1.0231062 0.9827411 0.9980974 0.9943229 1.0118452 1.0045581 1.0180373 1.0313674 1.0041765 1.0099207 0.9808897 0.9924427 0.98907024 0.9746289 0.07713387 0 1.015322 1.0180373 0.9958304 0.55110216 0.99847597 0.98794943 0.4393415 0.44078 0.3753265 0.33973208 0.98496884
0.7362889 0.81294054 0.9838541 0.85613984 0.8111689 0.8179831 0.84433347 0.8257614 0.82395923 0.8388052 0.8480418 0.7618071 0.83240664 0.80646485 0.81738806 0.9405729 0.93987226 0.990942 1.015322 0 0.023153748 0.8357514 0.9901927 0.8339251 0.82546073 1.0080011 0.9775687 1.0003713 0.98869646 0.3009554
0.7376246 0.812645 0.98832285 0.8573935 0.8105793 0.8156059 0.84525883 0.82877463 0.8275679 0.8406434 0.85207987 0.7598766 0.83483773 0.80617183 0.81857854 0.9360306 0.9391723 0.9962078 1.0180373 0.023153748 0 0.8351422 0.99923354 0.83301365 0.8272665 1.015322 0.98237044 1.0011308 0.9931942 0.3018522
0.8038317 0.5174642 0.96841997 0.27482754 0.5184617 0.5196604 0.3353406 0.3326868 0.33643606 0.2675062 0.27194792 0.82606214 0.10571198 0.51190275 0.5172649 0.92154074 0.9266836 0.982 0.9958304 0.8357514 0.8351422 0 0.9860852 0.015968801 0.53033316 0.9920673 0.97206604 0.9753628 0.9687838 0.8161995
0.97867405 0.9845971 0.5423956 1.0049399 0.99545324 1.018426 0.98496884 0.9872032 0.9931942 1.000751 1.0072346 1.0045581 0.98348296 0.99357027 1.000751 0.97352946 0.9651536 0.54652894 0.55110216 0.9901927 0.99923354 0.9860852 0 0.98645765 0.96841997 0.56096655 0.55277205 0.5475659 0.5557034 0.9764649
0.80091685 0.51607 0.9655158 0.27482754 0.5176636 0.5212617 0.33284268 0.33284268 0.335497 0.26664954 0.2718042 0.82606214 0.10490646 0.513091 0.5176636 0.9167723 0.9256522 0.9845971 0.99847597 0.8339251 0.83301365 0.015968801 0.98645765 0 0.5321607 0.99131685 0.97316337 0.9775687 0.96769285 0.8153093
0.7802575 0.52527994 0.9691478 0.5544457 0.51806253 0.53195745 0.5436332 0.537875 0.5434268 0.54570043 0.5494359 0.8194727 0.5389 0.52527994 0.53033316 0.8904187 0.8953518 0.9783054 0.98794943 0.82546073 0.8272665 0.53033316 0.96841997 0.5321607 0 0.9775687 0.9662408 0.9790429 0.9593815 0.8102846
0.9857129 0.9666036 0.43844384 1.0130024 0.99999183 1.0030329 0.99169195 0.9958304 0.9939465 1.0122308 1.0141612 1.01146 1.0045581 0.9894442 0.99545324 0.9768326 0.9673296 0.4361149 0.4393415 1.0080011 1.015322 0.9920673 0.56096655 0.99131685 0.9775687 0 0.43916187 0.43504247 0.44330403 0.9962078
0.9651536 0.9575869 0.43201217 0.9898184 0.97243166 0.97978103 0.9669665 0.98645765 0.9680563 0.99131685 0.99999183 0.9764649 0.9687838 0.9669665 0.9831119 0.9842255 0.9790429 0.43343666 0.44078 0.9775687 0.98237044 0.97206604 0.55277205 0.97316337 0.9662408 0.43916187 0 0.44078 0.43862328 0.9764649
0.9615409 0.9698763 0.376482 1.000751 0.9746289 0.9827411 0.97941184 0.99131685 0.9790429 0.99357027 1.0034139 0.98683035 0.98757625 0.9651536 0.97499573 0.9894442 0.9775687 0.3687576 0.3753265 1.0003713 1.0011308 0.9753628 0.5475659 0.9775687 0.9790429 0.43504247 0.44078 0 0.3690847 0.9753628
0.95615417 0.9483231 0.33643606 0.9901927 0.9583042 0.9753628 0.97316337 0.9872032 0.97206604 0.9775687 1.000751 0.9872032 0.97170067 0.9504507 0.9637064 0.97867405 0.96841997 0.33159682 0.33973208 0.98869646 0.9931942 0.9687838 0.5557034 0.96769285 0.9593815 0.44330403 0.43862328 0.3690847 0 0.9845971
0.74353015 0.8079317 0.97978103 0.83911127 0.8079317 0.8272665 0.82606214 0.8293787 0.82606214 0.8278694 0.83849925 0.7701374 0.82335943 0.812645 0.81294054 0.9174517 0.91813165 0.98125964 0.98496884 0.3009554 0.3018522 0.8161995 0.9764649 0.8153093 0.8102846 0.9962078 0.9764649 0.9753628 0.9845971 0
