0 1.0157093 1.0118452 0.9931942 0.86654574 0.8608519 0.8910746 0.90098226 0.9898184 0.9939465 1.0072346 0.9901927 0.9924427 1.0060863 0.90231323 0.8989902 0.47014514 0.4675293 0.4662248 1.0053219 1.0060863 0.90031767 0.9831119 0.9019803 0.9894442 1.0160967 0.8754896 0.88259256 1.0126165 0.47220686
1.0157093 0 0.14859433 0.47258234 1.0141612 1.0091523 0.9977191 1.0141612 0.4744625 0.471644 0.47070688 0.40768382 0.3508246 0.3562722 1.0103053 1.01146 0.99885464 0.9977191 1.001891 0.46696994 0.46678358 0.9977191 0.46548036 0.99961257 0.47051957 0.35306293 0.99734104 0.98757625 0.17653863 0.99734104
1.0118452 0.14859433 0 0.471644 1.0087683 1.0034139 0.99999183 1.014548 0.4718316 0.47070688 0.47540435 0.40820062 0.35194293 0.35852686 1.0199828 1.0141612 0.98869646 0.9872032 0.98645765 0.46939683 0.47051957 1.0041765 0.46436512 1.005704 0.4769138 0.35338324 0.9950763 0.98125964 0.18212713 0.9950763
0.9931942 0.47258234 0.471644 0 1.0015109 0.99545324 0.9950763 1.0003713 0.107210256 0.10975263 0.35210282 0.47277015 0.45918247 0.46121424 1.0393208 1.0345387 0.98907024 0.9943229 0.98794943 0.35386395 0.3508246 1.0118452 0.31421676 1.0130024 0.35114396 0.47653615 1.018426 1.0091523 0.46492255 0.9831119
0.86654574 1.0141612 1.0087683 1.0015109 0 0.10043431 0.44204095 0.4461991 1.001891 0.99961257 1.0293922 1.005704 0.97941184 0.9853408 0.8284728 0.83697146 0.88682157 0.8907466 0.891731 1.0381224 1.0325551 0.83972377 0.9691478 0.83941746 1.0133885 1.0076177 0.83028585 0.8209652 1.0099207 0.8943626
0.8608519 1.0091523 1.0034139 0.99545324 0.10043431 0 0.44096002 0.44402677 1.0053219 0.9980974 1.0164845 1.0011308 0.9738958 0.97978103 0.83788776 0.8437172 0.88259256 0.8871479 0.8887815 1.0266355 1.0211525 0.8468036 0.9637064 0.8480418 1.0049399 0.9943229 0.84033674 0.8339251 1.0022715 0.8923881
0.8910746 0.9977191 0.99999183 0.9950763 0.44204095 0.44096002 0 0.099977136 1.0095364 1.0003713 1.0188149 0.99056727 0.9801504 0.9901927 0.8327101 0.83636117 0.8871479 0.88943595 0.8937039 1.018426 1.018426 0.84402525 0.98794943 0.84340924 0.9977191 1.0053219 0.83727676 0.8366663 0.9853408 0.8927168
0.90098226 1.0141612 1.014548 1.0003713 0.4461991 0.44402677 0.099977136 0 1.0133885 1.0034139 1.019204 1.0122308 0.9920673 1.000751 0.8388052 0.8495923 0.8904187 0.8953518 0.90098226 1.0231062 1.0219333 0.83941746 1.001891 0.83972377 1.0072346 1.01069 0.84310144 0.8461853 1.0037951 0.9053166
0.9898184 0.4744625 0.4718316 0.107210256 1.001891 1.0053219 1.0095364 1.0133885 0 0.07846504 0.35354343 0.47427428 0.4621396 0.46417943 1.0461482 1.0365276 0.9827411 0.99169195 0.982 0.35659385 0.35338324 1.0133885 0.31986335 1.015322 0.35386395 0.4746508 1.0266355 1.0199828 0.4656664 0.9845971
0.9939465 0.471644 0.47070688 0.10975263 0.99961257 0.9980974 1.0003713 1.0034139 0.07846504 0 0.35306293 0.4723946 0.4604748 0.4604748 1.0522244 1.0453417 0.98645765 0.9943229 0.98645765 0.3562722 0.3541846 1.015322 0.32201102 1.0188149 0.35691568 0.472958 1.0361294 1.030972 0.46492255 0.98683035
1.0072346 0.47070688 0.47540435 0.35210282 1.0293922 1.0164845 1.0188149 1.019204 0.35354343 0.35306293 0 0.46977088 0.46436512 0.4675293 1.0160967 1.0164845 1.0095364 1.0137748 1.0137748 0.06405949 0.061450038 1.0049399 0.34684414 1.0080011 0.2784427 0.47578144 1.0122308 1.001891 0.46492255 0.99961257
0.9901927 0.40768382 0.40820062 0.47277015 1.005704 1.0011308 0.99056727 1.0122308 0.47427428 0.4723946 0.46977088 0 0.40544835 0.40785605 0.9920673 0.98832285 0.9768326 0.97243166 0.97426224 0.47033232 0.4673428 0.9845971 0.4652944 0.98645765 0.4740861 0.4130416 0.9857129 0.9783054 0.3975913 0.9764649
0.9924427 0.3508246 0.35194293 0.45918247 0.97941184 0.9738958 0.9801504 0.9920673 0.4621396 0.4604748 0.46436512 0.40544835 0 0.060148705 0.9950763 0.9898184 0.9768326 0.9790429 0.97170067 0.4617693 0.4621396 0.9666036 0.45623696 0.9695119 0.46827576 0.24748999 0.99169195 0.9706055 0.34051898 0.9680563
1.0060863 0.3562722 0.35852686 0.46121424 0.9853408 0.97978103 0.9901927 1.000751 0.46417943 0.4604748 0.4675293 0.40785605 0.060148705 0 1.005704 1.000751 0.9853408 0.98832285 0.9753628 0.4673428 0.46696994 0.9768326 0.45899805 0.97978103 0.46958384 0.25013745 0.9946995 0.9827411 0.34732068 0.97206604
0.90231323 1.0103053 1.0199828 1.0393208 0.8284728 0.83788776 0.8327101 0.8388052 1.0461482 1.0522244 1.0160967 0.9920673 0.9950763 1.005704 0 0.053353522 0.9342909 0.9259958 0.9301319 1.0211525 1.0242808 0.31863886 1.0149349 0.3165008 1.0180373 1.0345387 0.21549493 0.20872797 0.99961257 0.93255514
0.8989902 1.01146 1.0141612 1.0345387 0.83697146 0.8437172 0.83636117 0.8495923 1.0365276 1.0453417 1.0164845 0.98832285 0.9898184 1.000751 0.053353522 0 0.93116945 0.92359364 0.927372 1.0188149 1.0219333 0.32277957 1.0176488 0.32047635 1.0130024 1.0373245 0.21549493 0.21084438 0.9962078 0.9263396
0.47014514 0.99885464 0.98869646 0.98907024 0.88682157 0.88259256 0.8871479 0.8904187 0.9827411 0.98645765 1.0095364 0.9768326 0.9768326 0.9853408 0.9342909 0.93116945 0 0.05195897 0.0534609 1.0160967 1.0149349 0.91779155 0.99056727 0.9174517 1.000751 1.0030329 0.9086678 0.9232511 0.99281836 0.16212596
0.4675293 0.9977191 0.9872032 0.9943229 0.8907466 0.8871479 0.88943595 0.8953518 0.99169195 0.9943229 1.0137748 0.97243166 0.9790429 0.98832285 0.9259958 0.92359364 0.05195897 0 0.047790807 1.0199828 1.019204 0.91711193 0.9943229 0.9174517 1.0030329 1.002652 0.90264636 0.91439945 0.9860852 0.16423915
0.4662248 1.001891 0.98645765 0.98794943 0.891731 0.8887815 0.8937039 0.90098226 0.982 0.98645765 1.0137748 0.97426224 0.97170067 0.9753628 0.9301319 0.927372 0.0534609 0.047790807 0 1.018426 1.0188149 0.91541547 0.9962078 0.9160936 1.0053219 1.001891 0.9059856 0.91949344 0.99357027 0.16175365
1.0053219 0.46696994 0.46939683 0.35386395 1.0381224 1.0266355 1.018426 1.0231062 0.35659385 0.3562722 0.06405949 0.47033232 0.4617693 0.4673428 1.0211525 1.0188149 1.0160967 1.0199828 1.018426 0 0.028743835 1.0041765 0.3477975 1.0068517 0.27786312 0.4761587 1.01069 1.0034139 0.46380812 1.0041765
1.0060863 0.46678358 0.47051957 0.3508246 1.0325551 1.0211525 1.018426 1.0219333 0.35338324 0.3541846 0.061450038 0.4673428 0.4621396 0.46696994 1.0242808 1.0219333 1.0149349 1.019204 1.0188149 0.028743835 0 1.0045581 0.34367487 1.0072346 0.27627152 0.47277015 1.0149349 1.0034139 0.46195444 0.99961257
0.90031767 0.9977191 1.0041765 1.0118452 0.83972377 0.8468036 0.84402525 0.83941746 1.0133885 1.015322 1.0049399 0.9845971 0.9666036 0.9768326 0.31863886 0.32277957 0.91779155 0.91711193 0.91541547 1.0041765 1.0045581 0 0.9962078 0.00986459 1.0003713 1.0176488 0.3163483 0.3116366 0.98683035 0.91439945
0.9831119 0.46548036 0.46436512 0.31421676 0.9691478 0.9637064 0.98794943 1.001891 0.31986335 0.32201102 0.34684414 0.4652944 0.45623696 0.45899805 1.0149349 1.0176488 0.99056727 0.9943229 0.9962078 0.3477975 0.34367487 0.9962078 0 1.0011308 0.34986734 0.46696994 1.0160967 0.99734104 0.46399376 0.98496884
0.9019803 0.99961257 1.005704 1.0130024 0.83941746 0.8480418 0.84340924 0.83972377 1.015322 1.0188149 1.0080011 0.98645765 0.9695119 0.97978103 0.3165008 0.32047635 0.9174517 0.9174517 0.9160936 1.0068517 1.0072346 0.00986459 1.0011308 0 1.0041765 1.0199828 0.31421676 0.30966946 0.98907024 0.91575444
0.9894442 0.47051957 0.4769138 0.35114396 1.0133885 1.0049399 0.9977191 1.0072346 0.35386395 0.35691568 0.2784427 0.4740861 0.46827576 0.46958384 1.0180373 1.0130024 1.000751 1.0030329 1.0053219 0.27786312 0.27627152 1.0003713 0.34986734 1.0041765 0 0.4826014 0.99961257 0.99847597 0.4714565 1.0037951
1.0160967 0.35306293 0.35338324 0.47653615 1.0076177 0.9943229 1.0053219 1.01069 0.4746508 0.472958 0.47578144 0.4130416 0.24748999 0.25013745 1.0345387 1.0373245 1.0030329 1.002652 1.001891 0.4761587 0.47277015 1.0176488 0.46696994 1.0199828 0.4826014 0 1.0293922 1.0227151 0.35274276 0.9901927
0.8754896 0.99734104 0.9950763 1.018426 0.83028585 0.84033674 0.83727676 0.84310144 1.0266355 1.0361294 1.0122308 0.9857129 0.99169195 0.9946995 0.21549493 0.21549493 0.9086678 0.90264636 0.9059856 1.01069 1.0149349 0.3163483 1.0160967 0.31421676 0.99961257 1.0293922 0 0.21018235 0.9872032 0.90799636
0.88259256 0.98757625 0.98125964 1.0091523 0.8209652 0.8339251 0.8366663 0.8461853 1.0199828 1.030972 1.001891 0.9783054 0.9706055 0.9827411 0.20872797 0.21084438 0.9232511 0.91439945 0.91949344 1.0034139 1.0034139 0.3116366 0.99734104 0.30966946 0.99847597 1.0227151 0.21018235 0 0.97352946 0.91473794
1.0126165 0.17653863 0.18212713 0.46492255 1.0099207 1.0022715 0.9853408 1.0037951 0.4656664 0.46492255 0.46492255 0.3975913 0.34051898 0.34732068 0.99961257 0.9962078 0.99281836 0.9860852 0.99357027 0.46380812 0.46195444 0.98683035 0.46399376 0.98907024 0.4714565 0.35274276 0.9872032 0.97352946 0 0.98832285
0.47220686 0.99734104 0.9950763 0.9831119 0.8943626 0.8923881 0.8927168 0.9053166 0.9845971 0.98683035 0.99961257 0.9764649 0.9680563 0.97206604 0.93255514 0.9263396 0.16212596 0.16423915 0.16175365 1.0041765 0.99961257 0.91439945 0.98496884 0.91575444 1.0037951 0.9901927 0.90799636 0.91473794 0.98832285 0
