0 0.9816297 0.9842255 0.9872032 0.99357027 0.98832285 0.99056727 0.9898184 0.9838541 1.0068517 1.0258498 0.982 0.9969631 1.0087683 1.0172604 0.84279376 0.83727676 0.9831119 0.97867405 0.9939465 1.0041765 1.0095364 1.0072346 1.0110749 1.0118452 0.98051995 1.0164845 1.01069 0.9920673 0.95866317
0.9816297 0 0.2699387 0.2749718 0.26550886 0.58131045 0.58631986 0.26294866 0.2675062 0.7867954 0.78879654 0.6834774 0.26822084 0.27757347 0.7882242 1.0234975 1.0227151 0.57719725 0.57827747 0.7763057 0.7836615 0.78565425 0.70033205 0.78650993 0.700841 0.604457 0.8014989 0.77153486 0.33831772 0.32185742
0.9842255 0.2699387 0 0.23891531 0.26309067 0.5765499 0.58131045 0.23138992 0.23589608 0.7746184 0.778279 0.6864684 0.2609634 0.27453908 0.7796917 1.0199828 1.0258498 0.5750415 0.5733213 0.7695792 0.7779968 0.77153486 0.7129029 0.7737762 0.71161044 0.60222155 0.8017901 0.7774327 0.34020412 0.3189448
0.9872032 0.2749718 0.23891531 0 0.26550886 0.59312516 0.5889469 0.1691097 0.173886 0.79425526 0.79223955 0.6847222 0.26223904 0.2703688 0.79223955 1.0286036 1.0242808 0.5819619 0.57979244 0.7862246 0.7902292 0.78394586 0.7087749 0.78508437 0.7170537 0.60894805 0.8102846 0.79252714 0.3463679 0.3241649
0.99357027 0.26550886 0.26309067 0.26550886 0 0.5754721 0.57719725 0.2577133 0.2585598 0.7893693 0.7876524 0.6802505 0.12910022 0.14010872 0.78793824 1.0297868 1.0266355 0.57224816 0.5724627 0.77546155 0.7862246 0.78195757 0.7018601 0.7805406 0.7072328 0.591363 0.799754 0.7774327 0.33784685 0.31925085
0.98832285 0.58131045 0.5765499 0.59312516 0.5754721 0 0.1361414 0.5765499 0.5850098 0.78565425 0.78708094 0.6884691 0.5735361 0.58675706 0.7893693 1.0266355 1.0258498 0.28616497 0.28851193 0.77153486 0.7822413 0.78565425 0.7051815 0.7853693 0.70543754 0.5170656 0.799754 0.776869 0.5804426 0.5769814
0.99056727 0.58631986 0.58131045 0.5889469 0.57719725 0.1361414 0 0.57957584 0.58588296 0.791952 0.79743385 0.69906104 0.57439595 0.58675706 0.79917336 1.0172604 1.0242808 0.29234147 0.29441166 0.7701374 0.7799746 0.79252714 0.7105781 0.7928149 0.7262145 0.52628785 0.8096957 0.7859394 0.5845737 0.5802258
0.9898184 0.26294866 0.23138992 0.1691097 0.2577133 0.5765499 0.57957584 0 0.13017003 0.78082377 0.78394586 0.67802465 0.25813642 0.2653664 0.782809 1.0157093 1.0130024 0.5656289 0.56839764 0.7805406 0.78793824 0.7796917 0.6945033 0.7799746 0.702115 0.60423315 0.79859304 0.7779968 0.3339345 0.31589106
0.9838541 0.2675062 0.23589608 0.173886 0.2585598 0.5850098 0.58588296 0.13017003 0 0.7885103 0.7862246 0.6849714 0.25884217 0.26764908 0.7853693 1.0227151 1.0160967 0.5707484 0.5731065 0.7842303 0.7893693 0.7825251 0.7018601 0.78394586 0.70774645 0.610075 0.7980132 0.78650993 0.33565342 0.32093644
1.0068517 0.7867954 0.7746184 0.79425526 0.7893693 0.78565425 0.791952 0.78082377 0.7885103 0 0.1274391 0.7712552 0.79252714 0.79512084 0.20110568 1.030972 1.0219333 0.7659607 0.7681854 0.48660854 0.493142 0.192396 0.7859394 0.19213755 0.7796917 0.7774327 0.4943009 0.497012 0.79743385 0.7726547
1.0258498 0.78879654 0.778279 0.79223955 0.7876524 0.78708094 0.79743385 0.78394586 0.7862246 0.1274391 0 0.76485085 0.7916646 0.7928149 0.19888617 1.0357314 1.0262426 0.7631891 0.762636 0.49044484 0.49449423 0.19278383 0.79656565 0.19330125 0.7862246 0.7779968 0.4935281 0.4958489 0.79483217 0.77321523
0.982 0.6834774 0.6864684 0.6847222 0.6802505 0.6884691 0.69906104 0.67802465 0.6849714 0.7712552 0.76485085 0 0.68000287 0.6932422 0.7687426 1.0160967 0.99923354 0.67926043 0.675067 0.7519313 0.7585007 0.76042765 0.5226656 0.76042765 0.5264896 0.6899731 0.77153486 0.776869 0.6859691 0.6777777
0.9969631 0.26822084 0.2609634 0.26223904 0.12910022 0.5735361 0.57439595 0.25813642 0.25884217 0.79252714 0.7916646 0.68000287 0 0.10444655 0.7853693 1.0172604 1.0103053 0.5804426 0.5804426 0.7734957 0.7859394 0.7774327 0.69855326 0.77856135 0.70415795 0.5902638 0.7893693 0.78110707 0.33113015 0.3177218
1.0087683 0.27757347 0.27453908 0.2703688 0.14010872 0.58675706 0.58675706 0.2653664 0.26764908 0.79512084 0.7928149 0.6932422 0.10444655 0 0.790803 1.0254573 1.0246727 0.5845737 0.5819619 0.7822413 0.7936788 0.78508437 0.7098048 0.78650993 0.71238565 0.603562 0.8073446 0.79223955 0.35098425 0.33035305
1.0172604 0.7882242 0.7796917 0.79223955 0.78793824 0.7893693 0.79917336 0.782809 0.7853693 0.20110568 0.19888617 0.7687426 0.7853693 0.790803 0 1.0381224 1.0361294 0.77546155 0.77546155 0.483363 0.4890999 0.08347805 0.78793824 0.08392528 0.80324787 0.7825251 0.4960426 0.50422454 0.78195757 0.7746184
0.84279376 1.0234975 1.0199828 1.0286036 1.0297868 1.0266355 1.0172604 1.0157093 1.0227151 1.030972 1.0357314 1.0160967 1.0172604 1.0254573 1.0381224 0 0.08493251 1.018426 1.0317632 1.0341415 1.0417235 1.0242808 1.0341415 1.0234975 1.0393208 1.0045581 1.0393208 1.0317632 1.0149349 1.015322
0.83727676 1.0227151 1.0258498 1.0242808 1.0266355 1.0258498 1.0242808 1.0130024 1.0160967 1.0219333 1.0262426 0.99923354 1.0103053 1.0246727 1.0361294 0.08493251 0 1.0262426 1.0349361 1.0313674 1.0389212 1.0227151 1.0317632 1.0215429 1.0349361 1.0060863 1.0433295 1.0313674 1.0080011 1.0083846
0.9831119 0.57719725 0.5750415 0.5819619 0.57224816 0.28616497 0.29234147 0.5656289 0.5707484 0.7659607 0.7631891 0.67926043 0.5804426 0.5845737 0.77546155 1.018426 1.0262426 0 0.056150425 0.7607034 0.7712552 0.7687426 0.68298006 0.76790696 0.7082605 0.5166672 0.78508437 0.76623845 0.57719725 0.5709624
0.97867405 0.57827747 0.5733213 0.57979244 0.5724627 0.28851193 0.29441166 0.56839764 0.5731065 0.7681854 0.762636 0.675067 0.5804426 0.5819619 0.77546155 1.0317632 1.0349361 0.056150425 0 0.7681854 0.7799746 0.7687426 0.6877182 0.7681854 0.71316165 0.5200604 0.7876524 0.77940893 0.5778452 0.5694652
0.9939465 0.7763057 0.7695792 0.7862246 0.77546155 0.77153486 0.7701374 0.7805406 0.7842303 0.48660854 0.49044484 0.7519313 0.7734957 0.7822413 0.483363 1.0341415 1.0313674 0.7607034 0.7681854 0 0.033016164 0.48241112 0.77715075 0.483363 0.7822413 0.7620833 0.48241112 0.41269478 0.7876524 0.7607034
1.0041765 0.7836615 0.7779968 0.7902292 0.7862246 0.7822413 0.7799746 0.78793824 0.7893693 0.493142 0.49449423 0.7585007 0.7859394 0.7936788 0.4890999 1.0417235 1.0389212 0.7712552 0.7799746 0.033016164 0 0.48967603 0.78650993 0.49063718 0.7913773 0.7701374 0.4890999 0.42176464 0.79483217 0.7659607
1.0095364 0.78565425 0.77153486 0.78394586 0.78195757 0.78565425 0.79252714 0.7796917 0.7825251 0.192396 0.19278383 0.76042765 0.7774327 0.78508437 0.08347805 1.0242808 1.0227151 0.7687426 0.7687426 0.48241112 0.48967603 0 0.78167397 0.0044129575 0.7905161 0.7774327 0.49526802 0.5001224 0.7842303 0.77181464
1.0072346 0.70033205 0.7129029 0.7087749 0.7018601 0.7051815 0.7105781 0.6945033 0.7018601 0.7859394 0.79656565 0.5226656 0.69855326 0.7098048 0.78793824 1.0341415 1.0317632 0.68298006 0.6877182 0.77715075 0.78650993 0.78167397 0 0.78110707 0.5174642 0.70033205 0.7822413 0.7757428 0.70697606 0.70466954
1.0110749 0.78650993 0.7737762 0.78508437 0.7805406 0.7853693 0.7928149 0.7799746 0.78394586 0.19213755 0.19330125 0.76042765 0.77856135 0.78650993 0.08392528 1.0234975 1.0215429 0.76790696 0.7681854 0.483363 0.49063718 0.0044129575 0.78110707 0 0.7882242 0.7765873 0.4946876 0.49914902 0.7830931 0.77181464
1.0118452 0.700841 0.71161044 0.7170537 0.7072328 0.70543754 0.7262145 0.702115 0.70774645 0.7796917 0.7862246 0.5264896 0.70415795 0.71238565 0.80324787 1.0393208 1.0349361 0.7082605 0.71316165 0.7822413 0.7913773 0.7905161 0.5174642 0.7882242 0 0.7023701 0.80441606 0.7706961 0.7033912 0.7105781
0.98051995 0.604457 0.60222155 0.60894805 0.591363 0.5170656 0.52628785 0.60423315 0.610075 0.7774327 0.7779968 0.6899731 0.5902638 0.603562 0.7825251 1.0045581 1.0060863 0.5166672 0.5200604 0.7620833 0.7701374 0.7774327 0.70033205 0.7765873 0.7023701 0 0.7802575 0.77856135 0.604457 0.5975486
1.0164845 0.8014989 0.8017901 0.8102846 0.799754 0.799754 0.8096957 0.79859304 0.7980132 0.4943009 0.4935281 0.77153486 0.7893693 0.8073446 0.4960426 1.0393208 1.0433295 0.78508437 0.7876524 0.48241112 0.4890999 0.49526802 0.7822413 0.4946876 0.80441606 0.7802575 0 0.49507448 0.7968549 0.7799746
1.01069 0.77153486 0.7774327 0.79252714 0.7774327 0.776869 0.7859394 0.7779968 0.78650993 0.497012 0.4958489 0.776869 0.78110707 0.79223955 0.50422454 1.0317632 1.0313674 0.76623845 0.77940893 0.41269478 0.42176464 0.5001224 0.7757428 0.49914902 0.7706961 0.77856135 0.49507448 0 0.78337723 0.77153486
0.9920673 0.33831772 0.34020412 0.3463679 0.33784685 0.5804426 0.5845737 0.3339345 0.33565342 0.79743385 0.79483217 0.6859691 0.33113015 0.35098425 0.78195757 1.0149349 1.0080011 0.57719725 0.5778452 0.7876524 0.79483217 0.7842303 0.70697606 0.7830931 0.7033912 0.604457 0.7968549 0.78337723 0 0.3427267
0.95866317 0.32185742 0.3189448 0.3241649 0.31925085 0.5769814 0.5802258 0.31589106 0.32093644 0.7726547 0.77321523 0.6777777 0.3177218 0.33035305 0.7746184 1.015322 1.0083846 0.5709624 0.5694652 0.7607034 0.7659607 0.77181464 0.70466954 0.77181464 0.7105781 0.5975486 0.7799746 0.77153486 0.3427267 0
