0 0.986714472 0.651969342 0.659634672 0.990821972 1.002900772 0.651492872 0.659875472 0.632212772 0.643674072 0.993447632 0.657470872 0.976726622 1.013631672 1.009397572 0.658912672 0.658431772 0.651016622 0.648877532 0.583460772 0.583025842 0.962530642 0.949306512 0.963613122 0.656751002 0.989699512 0.646744472 0.667379172 1.007480972 1.005951172
0.986714472 0 1.001760072 0.999862812 0.272864632 0.713532172 0.987459622 0.998348372 0.973060932 0.982999712 0.724214972 1.012089272 0.734785972 0.278347552 0.274159602 1.015951272 1.010165672 0.980779672 0.983370372 1.005187372 1.001380272 1.010934572 1.017889672 1.009013872 0.978934672 0.386419922 0.998726672 1.001760072 0.282413392 0.251604732
0.651969342 1.001760072 0 0.240783222 1.017113772 0.955353522 0.564771572 0.573306522 0.569667302 0.572448642 0.963974322 0.566045612 0.971964672 1.015951272 1.023735472 0.541789272 0.543437172 0.313782542 0.315150172 0.659393932 0.657230822 0.953569912 0.964335672 0.953569912 0.561173402 1.009781572 0.564771572 0.318503852 1.011319272 0.999862812
0.659634672 0.999862812 0.240783222 0 1.022562572 0.986342172 0.570735842 0.573521102 0.579122972 0.588261512 1.006333272 0.565620672 0.994952172 1.021001772 1.025694272 0.539529272 0.537889922 0.315911052 0.314390072 0.668109322 0.668596532 0.969413072 0.955353522 0.969049242 0.574595172 1.024910072 0.576963472 0.320492622 1.009781572 0.999862812
0.990821972 0.272864632 1.017113772 1.022562572 0 0.715345272 0.980041112 1.007480972 0.977461872 0.998348372 0.729746172 1.013245772 0.739591972 0.235567242 0.226593242 1.010165672 1.009013872 1.000621102 0.995705572 0.996837072 0.992696572 1.014790472 1.010934572 1.012860072 0.984483372 0.377441772 1.004043172 0.999862812 0.272864632 0.272289812
1.002900772 0.713532172 0.955353522 0.986342172 0.715345272 0 0.965058872 0.973060932 0.978566172 0.976726622 0.209225172 0.980410302 0.216124202 0.701979672 0.704020472 0.991946122 0.993823472 0.962530642 0.956425772 0.981518972 0.979672172 1.015177272 0.982629272 1.014404072 0.964697212 0.714567672 0.950015472 0.980779672 0.721856922 0.708375722
0.651492872 0.987459622 0.564771572 0.570735842 0.980041112 0.965058872 0 0.206193802 0.542200872 0.545915812 0.985598112 0.562441372 0.983741172 0.982629272 1.000621102 0.577179172 0.581939722 0.559907572 0.560751222 0.643438422 0.642967312 0.968685572 0.946830712 0.967958872 0.459074272 0.984854772 0.301734072 0.582591172 0.981149222 0.992696572
0.659875472 0.998348372 0.573306522 0.573521102 1.007480972 0.973060932 0.206193802 0 0.546951022 0.554446902 0.990821972 0.568173912 0.974525072 1.000621102 1.013631672 0.584984922 0.584113622 0.562018472 0.564559422 0.663013072 0.660598372 0.970870102 0.953926272 0.970505572 0.464251812 1.004805772 0.304578122 0.588480442 1.004043172 1.009781572
0.632212772 0.973060932 0.569667302 0.579122972 0.977461872 0.978566172 0.542200872 0.546951022 0 0.203043632 1.001760072 0.546329702 0.995328772 0.989699512 0.990073472 0.569667302 0.571591672 0.567960822 0.560540222 0.651016622 0.648640242 0.949306512 0.941903442 0.947537272 0.542818772 0.981518972 0.547572822 0.575886032 0.992321222 0.985598112
0.643674072 0.982999712 0.572448642 0.588261512 0.998348372 0.976726622 0.545915812 0.554446902 0.203043632 0 0.999105242 0.559064872 0.994575772 1.000241842 1.011319272 0.568387072 0.570949672 0.573091972 0.567747742 0.662529472 0.660839472 0.966507472 0.969049242 0.965420812 0.549025672 0.999862812 0.549233522 0.574165372 1.007480972 0.992321222
0.993447632 0.724214972 0.963974322 1.006333272 0.729746172 0.209225172 0.985598112 0.990821972 1.001760072 0.999105242 0 0.990447672 0.203174632 0.722118522 0.719506232 0.998348372 1.007098172 0.974158732 0.969777072 1.007480972 1.006333272 1.017501672 0.988578702 1.015951272 0.987832472 0.725002672 0.978197972 1.001760072 0.733190772 0.718463802
0.657470872 1.012089272 0.566045612 0.565620672 1.013245772 0.980410302 0.562441372 0.568173912 0.546329702 0.559064872 0.990447672 0 0.981518972 1.009781572 1.025694272 0.574380272 0.575886032 0.570521972 0.567321872 0.673730972 0.670548372 0.955710732 0.923195772 0.956425772 0.565196002 1.017501672 0.558012872 0.569880872 1.031601272 1.015177272
0.976726622 0.734785972 0.971964672 0.994952172 0.739591972 0.216124202 0.983741172 0.974525072 0.995328772 0.994575772 0.203174632 0.981518972 0 0.718463802 0.723166012 0.993447632 1.005187372 0.966145072 0.963974322 0.992321222 0.990447672 1.019444172 0.981518972 1.018278072 0.987459622 0.723690272 0.969413072 0.998726672 0.734253872 0.730275072
1.013631672 0.278347552 1.015951272 1.021001772 0.235567242 0.701979672 0.982629272 1.000621102 0.989699512 1.000241842 0.722118522 1.009781572 0.718463802 0 0.177674232 1.009781572 1.008246972 0.988952122 0.989699512 0.996837072 0.992696572 1.016338572 1.011319272 1.014790472 0.982629272 0.383248652 0.997214642 1.001760072 0.282850322 0.279361932
1.009397572 0.274159602 1.023735472 1.025694272 0.226593242 0.704020472 1.000621102 1.013631672 0.990073472 1.011319272 0.719506232 1.025694272 0.723166012 0.177674232 0 1.015564172 1.019444172 0.991196542 0.990447672 1.002140172 0.996459672 1.024126772 1.011319272 1.024126772 0.989699512 0.378434032 1.010934572 1.007480972 0.271715432 0.270567972
0.658912672 1.015951272 0.541789272 0.539529272 1.010165672 0.991946122 0.577179172 0.584984922 0.569667302 0.568387072 0.998348372 0.574380272 0.993447632 1.009781572 1.015564172 0 0.138210902 0.537276112 0.531571112 0.667135922 0.666892772 0.946124822 0.941903442 0.946124822 0.582591172 0.998348372 0.568813532 0.549441372 1.015564172 1.005951172
0.658431772 1.010165672 0.543437172 0.537889922 1.009013872 0.993823472 0.581939722 0.584113622 0.571591672 0.570949672 1.007098172 0.575886032 1.005187372 1.008246972 1.019444172 0.138210902 0 0.535845772 0.532383472 0.668596532 0.668109322 0.959651572 0.953213722 0.959651572 0.591772372 1.002900772 0.574810172 0.549649272 1.026086572 1.007863872
0.651016622 0.980779672 0.313782542 0.315911052 1.000621102 0.962530642 0.559907572 0.562018472 0.567960822 0.573091972 0.974158732 0.570521972 0.966145072 0.988952122 0.991196542 0.537276112 0.535845772 0 0.0456541180000001 0.655313272 0.654117312 0.948598372 0.941903442 0.948598372 0.563076172 0.983741172 0.573091972 0.306530272 0.989325732 0.974158732
0.648877532 0.983370372 0.315150172 0.314390072 0.995705572 0.956425772 0.560751222 0.564559422 0.560540222 0.567747742 0.969777072 0.567321872 0.963974322 0.989699512 0.990447672 0.531571112 0.532383472 0.0456541180000001 0 0.656751002 0.655552712 0.949306512 0.934572672 0.948952372 0.560751222 0.985970072 0.572234272 0.304728112 0.989699512 0.971599672
0.583460772 1.005187372 0.659393932 0.668109322 0.996837072 0.981518972 0.643438422 0.663013072 0.651016622 0.662529472 1.007480972 0.673730972 0.992321222 0.996837072 1.002140172 0.667135922 0.668596532 0.655313272 0.656751002 0 0.00847011600000007 0.976359272 0.948952372 0.977829842 0.657710972 0.987086922 0.643202812 0.672015572 0.996459672 1.002900772
0.583025842 1.001380272 0.657230822 0.668596532 0.992696572 0.979672172 0.642967312 0.660598372 0.648640242 0.660839472 1.006333272 0.670548372 0.990447672 0.992696572 0.996459672 0.666892772 0.668109322 0.654117312 0.655552712 0.00847011600000007 0 0.976726622 0.951790572 0.978197972 0.654595472 0.984483372 0.641320772 0.671037102 0.992696572 1.000621102
0.962530642 1.010934572 0.953569912 0.969413072 1.014790472 1.015177272 0.968685572 0.970870102 0.949306512 0.966507472 1.017501672 0.955710732 1.019444172 1.016338572 1.024126772 0.946124822 0.959651572 0.948598372 0.949306512 0.976359272 0.976726622 0 0.496090852 0.00193040000000007 0.943307902 1.010165672 0.949660922 0.960370272 1.023344372 1.029232872
0.949306512 1.017889672 0.964335672 0.955353522 1.010934572 0.982629272 0.946830712 0.953926272 0.941903442 0.969049242 0.988578702 0.923195772 0.981518972 1.011319272 1.011319272 0.941903442 0.953213722 0.941903442 0.934572672 0.948952372 0.951790572 0.496090852 0 0.496671872 0.941552722 1.009397572 0.921486942 0.953926272 1.004805772 1.016338572
0.963613122 1.009013872 0.953569912 0.969049242 1.012860072 1.014404072 0.967958872 0.970505572 0.947537272 0.965420812 1.015951272 0.956425772 1.018278072 1.014790472 1.024126772 0.946124822 0.959651572 0.948598372 0.948952372 0.977829842 0.978197972 0.00193040000000007 0.496671872 0 0.942956532 1.008630372 0.950015472 0.960370272 1.023344372 1.028444972
0.656751002 0.978934672 0.561173402 0.574595172 0.984483372 0.964697212 0.459074272 0.464251812 0.542818772 0.549025672 0.987832472 0.565196002 0.987459622 0.982629272 0.989699512 0.582591172 0.591772372 0.563076172 0.560751222 0.657710972 0.654595472 0.943307902 0.941552722 0.942956532 0 0.991196542 0.462583712 0.580855072 1.008630372 1.008246972
0.989699512 0.386419922 1.009781572 1.024910072 0.377441772 0.714567672 0.984854772 1.004805772 0.981518972 0.999862812 0.725002672 1.017501672 0.723690272 0.383248652 0.378434032 0.998348372 1.002900772 0.983741172 0.985970072 0.987086922 0.984483372 1.010165672 1.009397572 1.008630372 0.991196542 0 0.987086922 0.998726672 0.384749172 0.381917372
0.646744472 0.998726672 0.564771572 0.576963472 1.004043172 0.950015472 0.301734072 0.304578122 0.547572822 0.549233522 0.978197972 0.558012872 0.969413072 0.997214642 1.010934572 0.568813532 0.574810172 0.573091972 0.572234272 0.643202812 0.641320772 0.949660922 0.921486942 0.950015472 0.462583712 0.987086922 0 0.572877432 0.997214642 1.003281272
0.667379172 1.001760072 0.318503852 0.320492622 0.999862812 0.980779672 0.582591172 0.588480442 0.575886032 0.574165372 1.001760072 0.569880872 0.998726672 1.001760072 1.007480972 0.549441372 0.549649272 0.306530272 0.304728112 0.672015572 0.671037102 0.960370272 0.953926272 0.960370272 0.580855072 0.998726672 0.572877432 0 1.015177272 0.985970072
1.007480972 0.282413392 1.011319272 1.009781572 0.272864632 0.721856922 0.981149222 1.004043172 0.992321222 1.007480972 0.733190772 1.031601272 0.734253872 0.282850322 0.271715432 1.015564172 1.026086572 0.989325732 0.989699512 0.996459672 0.992696572 1.023344372 1.004805772 1.023344372 1.008630372 0.384749172 0.997214642 1.015177272 0 0.278057972
1.005951172 0.251604732 0.999862812 0.999862812 0.272289812 0.708375722 0.992696572 1.009781572 0.985598112 0.992321222 0.718463802 1.015177272 0.730275072 0.279361932 0.270567972 1.005951172 1.007863872 0.974158732 0.971599672 1.002900772 1.000621102 1.029232872 1.016338572 1.028444972 1.008246972 0.381917372 1.003281272 0.985970072 0.278057972 0
