0 0.9525511833 0.9497089833 0.9856635833 0.9789968333 0.9536197833 0.9184544333 0.9521952833 0.9536197833 0.9394950833 0.9246019833 0.9615032833 0.6330677833 0.9554042433 0.9514840833 0.6367968833 0.6370304833 0.9232314833 0.9332247833 0.6339983833 0.6349300433 0.6314421833 0.9263185833 0.6314421833 0.9878990333 0.9969081533 0.9356569833 1.0064090833 0.9871531333 0.6398403833
0.9525511833 0 0.6208461833 1.0364521833 1.0238202833 0.6240552333 0.5053311833 0.1658077933 0.1609606433 0.5096573433 0.5065085833 0.6113005833 0.9789968333 0.6190185833 0.6187903833 0.9760527833 0.9672892833 0.5014198833 0.5029819233 0.9838057433 0.9760527833 0.9604234333 0.5037642333 0.9604234333 0.9950222833 1.0064090833 0.4977228633 1.0048808833 1.0044992833 0.9815824233
0.9497089833 0.6208461833 0 1.0033556833 0.9991774233 0.1231537483 0.5978713833 0.6215326833 0.6165128833 0.6041084833 0.6000929833 0.6137889233 0.9882722133 0.1262226833 0.1253952033 1.0006940833 0.9871531333 0.5960988833 0.5958775833 0.9860356833 0.9841768833 0.9611431833 0.6007607233 0.9615032833 0.9957760233 1.0079404833 0.5992035533 1.0187487833 0.9972858833 0.9823227833
0.9856635833 1.0364521833 1.0033556833 0 0.1250408383 1.0090910833 1.0152576833 1.0408438833 1.0246035833 0.9972858833 0.9901411833 1.0014535833 0.9738522433 0.9980418833 0.9980418833 0.9669263833 0.9593450833 1.0144839833 1.0106280833 0.9771553833 0.9731201833 0.9454656533 1.0018336833 0.9454656533 0.3569166333 0.3580436033 1.0052626833 0.3697347033 0.3569166333 0.9775233533
0.9789968333 1.0238202833 0.9991774233 0.1250408383 0 1.0129392833 0.9950222833 1.0316901833 1.0175831833 0.9852916233 0.9756855833 1.0037366833 0.9749516833 0.9908900533 0.9946456833 0.9823227833 0.9723888233 1.0052626833 1.0010737833 0.9775233533 0.9720234533 0.9486458833 0.9789968333 0.9486458833 0.3596565033 0.3553096033 0.9826932233 0.3656546133 0.3551491133 0.9856635833
0.9536197833 0.6240552333 0.1231537483 1.0090910833 1.0129392833 0 0.5987592833 0.6229075433 0.6185623833 0.6059000133 0.5992035533 0.6203888333 0.9875259833 0.1113498433 0.1105385933 1.0003146133 0.9890192433 0.5980932833 0.5983151833 0.9852916233 0.9841768833 0.9611431833 0.6054517233 0.9615032833 1.0121679833 1.0183600833 0.6000929833 1.0179715833 1.0075573833 0.9867804333
0.9184544333 0.5053311833 0.5978713833 1.0152576833 0.9950222833 0.5987592833 0 0.5070979833 0.5008348833 0.3627306133 0.3564341633 0.6029908833 0.9860356833 0.6052276833 0.6050036833 0.9871531333 0.9838057433 0.1021303033 0.1021303033 0.9864079833 0.9864079833 0.9550470333 0.3612728833 0.9550470333 1.0242118833 1.0041178833 0.3545073833 1.0160320833 0.9923900833 0.9882722133
0.9521952833 0.1658077933 0.6215326833 1.0408438833 1.0316901833 0.6229075433 0.5070979833 0 0.0911015292999999 0.5074911833 0.5072945833 0.6119783833 0.9782596833 0.6217616433 0.6199318433 0.9841768833 0.9771553833 0.5020052433 0.5008348833 0.9878990333 0.9778914833 0.9723888233 0.5027864833 0.9723888233 1.0079404833 1.0121679833 0.5000556633 1.0133251833 1.0094750833 0.9856635833
0.9536197833 0.1609606433 0.6165128833 1.0246035833 1.0175831833 0.6185623833 0.5008348833 0.0911015292999999 0 0.5043514833 0.5012248433 0.6081455833 0.9683790833 0.6194750333 0.6160581833 0.9753185133 0.9658385833 0.4952038133 0.4953972633 0.9749516833 0.9662009833 0.9669263833 0.5014198833 0.9669263833 0.9849198833 1.0037366833 0.4942371833 1.0071744833 1.0006940833 0.9801038133
0.9394950833 0.5096573433 0.6041084833 0.9972858833 0.9852916233 0.6059000133 0.3627306133 0.5074911833 0.5043514833 0 0.0842480632999999 0.5958775833 0.9946456833 0.6038847833 0.5989813433 0.9976638233 0.9916396333 0.3606259133 0.3606259133 0.9972858833 0.9908900533 0.9709282833 0.2954751833 0.9712931833 1.0056446833 0.9893930233 0.2584592033 0.9938930533 0.9834346833 0.9826932233
0.9246019833 0.5065085833 0.6000929833 0.9901411833 0.9756855833 0.5992035533 0.3564341633 0.5072945833 0.5012248433 0.0842480632999999 0 0.5914658833 0.9819524833 0.5941097833 0.5914658833 0.9834346833 0.9789968333 0.3548281833 0.3541867333 0.9875259833 0.9808427333 0.9579096833 0.2917787633 0.9582682533 1.0090910833 0.9923900833 0.2577541133 1.0067916833 0.9830638833 0.9801038133
0.9615032833 0.6113005833 0.6137889233 1.0014535833 1.0037366833 0.6203888333 0.6029908833 0.6119783833 0.6081455833 0.5958775833 0.5914658833 0 0.9972858833 0.6261254833 0.6279704833 0.9867804333 0.9742185833 0.5963202333 0.5956564233 1.0098591833 0.9991774233 0.9720234533 0.5857690233 0.9720234533 1.0052626833 1.0121679833 0.5805485833 0.9976638233 0.9838057433 0.9878990333
0.6330677833 0.9789968333 0.9882722133 0.9738522433 0.9749516833 0.9875259833 0.9860356833 0.9782596833 0.9683790833 0.9946456833 0.9819524833 0.9972858833 0 0.9927654833 0.9875259833 0.2210339733 0.2188895733 0.9808427333 0.9830638833 0.0536763052999999 0.0505689362999999 0.2332117533 0.9654763833 0.2332117533 1.0060267833 0.9920147333 0.9778914833 0.9797346233 0.9760527833 0.2273688133
0.9554042433 0.6190185833 0.1262226833 0.9980418833 0.9908900533 0.1113498433 0.6052276833 0.6217616433 0.6194750333 0.6038847833 0.5941097833 0.6261254833 0.9927654833 0 0.0484333982999999 0.9991774233 0.9852916233 0.5972061833 0.5978713833 0.9957760233 0.9927654833 0.9749516833 0.6052276833 0.9753185133 1.0168072833 1.0133251833 0.6029908833 1.0156447833 1.0044992833 0.9897669833
0.9514840833 0.6187903833 0.1253952033 0.9980418833 0.9946456833 0.1105385933 0.6050036833 0.6199318433 0.6160581833 0.5989813433 0.5914658833 0.6279704833 0.9875259833 0.0484333982999999 0 0.9931411433 0.9815824233 0.5985371833 0.5987592833 0.9867804333 0.9838057433 0.9647523833 0.6025443333 0.9647523833 1.0137112833 1.0083238833 0.5980932833 1.0195267833 1.0075573833 0.9771553833
0.6367968833 0.9760527833 1.0006940833 0.9669263833 0.9823227833 1.0003146133 0.9871531333 0.9841768833 0.9753185133 0.9976638233 0.9834346833 0.9867804333 0.2210339733 0.9991774233 0.9931411433 0 0.0485400332999999 0.9801038133 0.9867804333 0.2226462833 0.2207655833 0.2318488633 0.9753185133 0.2318488633 1.0025942833 0.9987987533 0.9734861533 0.9890192433 0.9771553833 0.1651846133
0.6370304833 0.9672892833 0.9871531333 0.9593450833 0.9723888233 0.9890192433 0.9838057433 0.9771553833 0.9658385833 0.9916396333 0.9789968333 0.9742185833 0.2188895733 0.9852916233 0.9815824233 0.0485400332999999 0 0.9782596833 0.9838057433 0.2204972833 0.2172853033 0.2318488633 0.9723888233 0.2318488633 0.9999353533 0.9875259833 0.9625848133 0.9793656833 0.9643907233 0.1619523733
0.9232314833 0.5014198833 0.5960988833 1.0144839833 1.0052626833 0.5980932833 0.1021303033 0.5020052433 0.4952038133 0.3606259133 0.3548281833 0.5963202333 0.9808427333 0.5972061833 0.5985371833 0.9801038133 0.9782596833 0 0.0410065432999999 0.9808427333 0.9826932233 0.9539763833 0.3614347233 0.9536197833 1.0269582833 1.0060267833 0.3519460233 1.0183600833 0.9987987533 0.9867804333
0.9332247833 0.5029819233 0.5958775833 1.0106280833 1.0010737833 0.5983151833 0.1021303033 0.5008348833 0.4953972633 0.3606259133 0.3541867333 0.5956564233 0.9830638833 0.5978713833 0.5987592833 0.9867804333 0.9838057433 0.0410065432999999 0 0.9841768833 0.9849198833 0.9582682533 0.3617584833 0.9582682533 1.0214752833 1.0022137833 0.3522657133 1.0144839833 0.9950222833 0.9916396333
0.6339983833 0.9838057433 0.9860356833 0.9771553833 0.9775233533 0.9852916233 0.9864079833 0.9878990333 0.9749516833 0.9972858833 0.9875259833 1.0098591833 0.0536763052999999 0.9957760233 0.9867804333 0.2226462833 0.2204972833 0.9808427333 0.9841768833 0 0.0284434372999999 0.2319850433 0.9727544433 0.2319850433 1.0106280833 0.9980418833 0.9804731833 0.9912647833 0.9819524833 0.2283168833
0.6349300433 0.9760527833 0.9841768833 0.9731201833 0.9720234533 0.9841768833 0.9864079833 0.9778914833 0.9662009833 0.9908900533 0.9808427333 0.9991774233 0.0505689362999999 0.9927654833 0.9838057433 0.2207655833 0.2172853033 0.9826932233 0.9849198833 0.0284434372999999 0 0.2287235833 0.9665635833 0.2287235833 1.0102434833 0.9935169833 0.9745850233 0.9841768833 0.9793656833 0.2250713033
0.6314421833 0.9604234333 0.9611431833 0.9454656533 0.9486458833 0.9611431833 0.9550470333 0.9723888233 0.9669263833 0.9709282833 0.9579096833 0.9720234533 0.2332117533 0.9749516833 0.9647523833 0.2318488633 0.2318488633 0.9539763833 0.9582682533 0.2319850433 0.2287235833 0 0.9426500433 0.000722889999999907 0.9856635833 0.9643907233 0.9447607833 0.9651143233 0.9536197833 0.2408900633
0.9263185833 0.5037642333 0.6007607233 1.0018336833 0.9789968333 0.6054517233 0.3612728833 0.5027864833 0.5014198833 0.2954751833 0.2917787633 0.5857690233 0.9654763833 0.6052276833 0.6025443333 0.9753185133 0.9723888233 0.3614347233 0.3617584833 0.9727544433 0.9665635833 0.9426500433 0 0.9426500433 1.0098591833 0.9852916233 0.2885409233 0.9957760233 0.9801038133 0.9789968333
0.6314421833 0.9604234333 0.9615032833 0.9454656533 0.9486458833 0.9615032833 0.9550470333 0.9723888233 0.9669263833 0.9712931833 0.9582682533 0.9720234533 0.2332117533 0.9753185133 0.9647523833 0.2318488633 0.2318488633 0.9536197833 0.9582682533 0.2319850433 0.2287235833 0.000722889999999907 0.9426500433 0 0.9856635833 0.9636678333 0.9451131433 0.9647523833 0.9536197833 0.2408900633
0.9878990333 0.9950222833 0.9957760233 0.3569166333 0.3596565033 1.0121679833 1.0242118833 1.0079404833 0.9849198833 1.0056446833 1.0090910833 1.0052626833 1.0060267833 1.0168072833 1.0137112833 1.0025942833 0.9999353533 1.0269582833 1.0214752833 1.0106280833 1.0102434833 0.9856635833 1.0098591833 0.9856635833 0 0.2763052833 0.9984201833 0.3252584033 0.3142355333 1.0090910833
0.9969081533 1.0064090833 1.0079404833 0.3580436033 0.3553096033 1.0183600833 1.0041178833 1.0121679833 1.0037366833 0.9893930233 0.9923900833 1.0121679833 0.9920147333 1.0133251833 1.0083238833 0.9987987533 0.9875259833 1.0060267833 1.0022137833 0.9980418833 0.9935169833 0.9643907233 0.9852916233 0.9636678333 0.2763052833 0 0.9756855833 0.3234099833 0.3108995233 0.9953990833
0.9356569833 0.4977228633 0.5992035533 1.0052626833 0.9826932233 0.6000929833 0.3545073833 0.5000556633 0.4942371833 0.2584592033 0.2577541133 0.5805485833 0.9778914833 0.6029908833 0.5980932833 0.9734861533 0.9625848133 0.3519460233 0.3522657133 0.9804731833 0.9745850233 0.9447607833 0.2885409233 0.9451131433 0.9984201833 0.9756855833 0 0.9972858833 0.9723888233 0.9712931833
1.0064090833 1.0048808833 1.0187487833 0.3697347033 0.3656546133 1.0179715833 1.0160320833 1.0133251833 1.0071744833 0.9938930533 1.0067916833 0.9976638233 0.9797346233 1.0156447833 1.0195267833 0.9890192433 0.9793656833 1.0183600833 1.0144839833 0.9912647833 0.9841768833 0.9651143233 0.9957760233 0.9647523833 0.3252584033 0.3234099833 0.9972858833 0 0.1668059633 1.0003146133
0.9871531333 1.0044992833 0.9972858833 0.3569166333 0.3551491133 1.0075573833 0.9923900833 1.0094750833 1.0006940833 0.9834346833 0.9830638833 0.9838057433 0.9760527833 1.0044992833 1.0075573833 0.9771553833 0.9643907233 0.9987987533 0.9950222833 0.9819524833 0.9793656833 0.9536197833 0.9801038133 0.9536197833 0.3142355333 0.3108995233 0.9723888233 0.1668059633 0 0.9819524833
0.6398403833 0.9815824233 0.9823227833 0.9775233533 0.9856635833 0.9867804333 0.9882722133 0.9856635833 0.9801038133 0.9826932233 0.9801038133 0.9878990333 0.2273688133 0.9897669833 0.9771553833 0.1651846133 0.1619523733 0.9867804333 0.9916396333 0.2283168833 0.2250713033 0.2408900633 0.9789968333 0.2408900633 1.0090910833 0.9953990833 0.9712931833 1.0003146133 0.9819524833 0
