0 1.0313674 1.0015109 1.0270288 1.0341415 0.6568416 0.65540254 0.99961257 1.0215429 1.0060863 1.0297868 0.84095025 1.0317632 1.0003713 0.9901927 1.0188149 1.0207624 0.98237044 0.98645765 0.86749893 0.86813504 1.01069 1.0215429 1.0160967 1.0011308 1.0361294 1.0405211 1.0437315 1.0087683 0.6619002
1.0313674 0 0.26722056 0.41826323 0.7822413 1.0421246 1.0282096 0.81768554 0.77940893 0.7825251 0.9133848 1.0231062 0.9297863 0.6539662 0.6369415 0.83149695 0.83727676 0.8096957 0.8114639 1.0286036 1.0207624 0.41425672 0.4371889 0.4170416 0.41773945 0.4231698 0.9349863 0.9253087 0.91643286 1.0381224
1.0015109 0.26722056 0 0.40613547 0.7765873 1.0234975 1.0060863 0.81590265 0.78110707 0.7813905 0.9100125 0.9962078 0.92771643 0.64328057 0.62511194 0.8150128 0.8164965 0.8105793 0.811759 1.015322 1.0060863 0.40168035 0.4355785 0.40476185 0.40923536 0.40647927 0.91915274 0.9053166 0.903313 1.0215429
1.0270288 0.41826323 0.40613547 0 0.79743385 1.033348 1.0188149 0.8076381 0.8079317 0.8017901 0.91575444 1.0037951 0.936379 0.64824826 0.62926584 0.81828076 0.83210325 0.80851924 0.8114639 1.0341415 1.030972 0.26864994 0.44294295 0.27108616 0.4205373 0.36533183 0.91915274 0.91406107 0.9218825 1.0293922
1.0341415 0.7822413 0.7765873 0.79743385 0 1.0087683 1.015322 0.8194727 0.24001622 0.23740417 0.88943595 1.0168724 0.9059856 0.78110707 0.76790696 0.79656565 0.80705124 0.8047084 0.8047084 1.042526 1.0325551 0.7779968 0.7916646 0.78508437 0.7796917 0.7913773 0.8943626 0.8884545 0.8874743 1.0141612
0.6568416 1.0421246 1.0234975 1.033348 1.0087683 0 0.21669547 1.0083846 1.0149349 1.0045581 1.0409217 0.84402525 1.049788 1.0227151 1.0122308 1.0215429 1.0176488 0.99545324 0.98645765 0.85864925 0.85864925 1.002652 1.0126165 1.0076177 0.9943229 1.0373245 1.0349361 1.0297868 1.0091523 0.2807656
0.65540254 1.0282096 1.0060863 1.0188149 1.015322 0.21669547 0 1.0149349 1.0180373 1.0037951 1.0297868 0.8339251 1.0373245 0.9943229 0.99131685 1.0215429 1.0176488 1.0022715 0.99999183 0.84928197 0.8483516 0.9901927 1.0188149 0.99169195 0.9980974 1.0337447 1.0393208 1.0246727 1.0133885 0.28120193
0.99961257 0.81768554 0.81590265 0.8076381 0.8194727 1.0083846 1.0149349 0 0.8203678 0.8073446 0.8970035 1.001891 0.9123715 0.83210325 0.81679356 0.69198316 0.6955138 0.20477574 0.20058286 1.0305767 1.0219333 0.8275679 0.8221614 0.8269652 0.8088132 0.8094014 0.8989902 0.9086678 0.88780093 1.0325551
1.0215429 0.77940893 0.78110707 0.8079317 0.24001622 1.0149349 1.0180373 0.8203678 0 0.18865727 0.89932185 1.0211525 0.91541547 0.7876524 0.7822413 0.8023729 0.80705124 0.81353205 0.8161995 1.0381224 1.0274222 0.7956984 0.80500084 0.8014989 0.78195757 0.80324787 0.91473794 0.908332 0.8996537 1.0254573
1.0060863 0.7825251 0.7813905 0.8017901 0.23740417 1.0045581 1.0037951 0.8073446 0.18865727 0 0.88910866 1.0126165 0.8940332 0.7847996 0.78394586 0.7847996 0.790803 0.80646485 0.812645 1.0457449 1.0341415 0.7905161 0.7893693 0.79540956 0.7805406 0.79627645 0.90665525 0.89865875 0.8874743 1.0211525
1.0297868 0.9133848 0.9100125 0.91575444 0.88943595 1.0409217 1.0297868 0.8970035 0.89932185 0.88910866 0 1.0091523 0.16848351 0.9205164 0.9130469 0.8973342 0.90164745 0.903313 0.88943595 1.0095364 1.0068517 0.9019803 0.9167723 0.9013148 0.92017525 0.9073255 0.7126442 0.69425094 0.3172637 1.0357314
0.84095025 1.0231062 0.9962078 1.0037951 1.0168724 0.84402525 0.8339251 1.001891 1.0211525 1.0126165 1.0091523 0 1.0157093 0.97499573 0.97024083 1.002652 1.0072346 0.9738958 0.9775687 0.51547325 0.515871 0.9969631 1.0130024 1.000751 0.9946995 1.0258498 1.0049399 0.9920673 0.990942 0.84711295
1.0317632 0.9297863 0.92771643 0.936379 0.9059856 1.049788 1.0373245 0.9123715 0.91541547 0.8940332 0.16848351 1.0157093 0 0.93812364 0.9249654 0.90665525 0.9123715 0.9137229 0.8979962 1.033348 1.0325551 0.91813165 0.9346385 0.91169673 0.9249654 0.9395222 0.7259512 0.7062064 0.32293335 1.0417235
1.0003713 0.6539662 0.64328057 0.64824826 0.78110707 1.0227151 0.9943229 0.83210325 0.7876524 0.7847996 0.9205164 0.97499573 0.93812364 0 0.15791732 0.8275679 0.8357514 0.8224607 0.81382793 1.0087683 1.0011308 0.63019204 0.66553456 0.63297755 0.65444463 0.64469653 0.90031767 0.8999856 0.910349 1.0068517
0.9901927 0.6369415 0.62511194 0.62926584 0.76790696 1.0122308 0.99131685 0.81679356 0.7822413 0.78394586 0.9130469 0.97024083 0.9249654 0.15791732 0 0.81679356 0.8257614 0.8096957 0.80295604 1.0049399 0.9977191 0.61778367 0.64516914 0.62143886 0.6320479 0.6244219 0.8956819 0.8940332 0.89865875 1.0118452
1.0188149 0.83149695 0.8150128 0.81828076 0.79656565 1.0215429 1.0215429 0.69198316 0.8023729 0.7847996 0.8973342 1.002652 0.90665525 0.8275679 0.81679356 0 0.099520236 0.680994 0.6767909 1.0203725 1.01146 0.81087404 0.79627645 0.80851924 0.7977235 0.8275679 0.91949344 0.9188122 0.87967867 1.0445362
1.0207624 0.83727676 0.8164965 0.83210325 0.80705124 1.0176488 1.0176488 0.6955138 0.80705124 0.790803 0.90164745 1.0072346 0.9123715 0.8357514 0.8257614 0.099520236 0 0.68621874 0.6807461 1.01069 1.0037951 0.81977093 0.81590265 0.81828076 0.8111689 0.8327101 0.9218825 0.9137229 0.88064873 1.0461482
0.98237044 0.8096957 0.8105793 0.80851924 0.8047084 0.99545324 1.0022715 0.20477574 0.81353205 0.80646485 0.903313 0.9738958 0.9137229 0.8224607 0.8096957 0.680994 0.68621874 0 0.05722894 1.0076177 1.0022715 0.814124 0.81234956 0.81590265 0.80587894 0.8147164 0.90933985 0.90398026 0.88291705 1.0282096
0.98645765 0.8114639 0.811759 0.8114639 0.8047084 0.98645765 0.99999183 0.20058286 0.8161995 0.812645 0.88943595 0.9775687 0.8979962 0.81382793 0.80295604 0.6767909 0.6807461 0.05722894 0 1.015322 1.0103053 0.8147164 0.8082254 0.8147164 0.80091685 0.8120542 0.9036466 0.9006499 0.8713238 1.0180373
0.86749893 1.0286036 1.015322 1.0341415 1.042526 0.85864925 0.84928197 1.0305767 1.0381224 1.0457449 1.0095364 0.51547325 1.033348 1.0087683 1.0049399 1.0203725 1.01069 1.0076177 1.015322 0 0.056797348 1.0262426 1.0530384 1.0262426 1.0180373 1.0393208 1.0301816 1.030972 1.0137748 0.85864925
0.86813504 1.0207624 1.0060863 1.030972 1.0325551 0.85864925 0.8483516 1.0219333 1.0274222 1.0341415 1.0068517 0.515871 1.0325551 1.0011308 0.9977191 1.01146 1.0037951 1.0022715 1.0103053 0.056797348 0 1.0176488 1.0477637 1.019204 1.0103053 1.0301816 1.0130024 1.0227151 1.0087683 0.85896355
1.01069 0.41425672 0.40168035 0.26864994 0.7779968 1.002652 0.9901927 0.8275679 0.7956984 0.7905161 0.9019803 0.9969631 0.91813165 0.63019204 0.61778367 0.81087404 0.81977093 0.814124 0.8147164 1.0262426 1.0176488 0 0.43862328 0.03092906 0.4045903 0.36159766 0.90264636 0.895022 0.895022 1.0083846
1.0215429 0.4371889 0.4355785 0.44294295 0.7916646 1.0126165 1.0188149 0.8221614 0.80500084 0.7893693 0.9167723 1.0130024 0.9346385 0.66553456 0.64516914 0.79627645 0.81590265 0.81234956 0.8082254 1.0530384 1.0477637 0.43862328 0 0.43952116 0.43414992 0.45202297 0.9225665 0.9266836 0.9266836 1.0211525
1.0160967 0.4170416 0.40476185 0.27108616 0.78508437 1.0076177 0.99169195 0.8269652 0.8014989 0.79540956 0.9013148 1.000751 0.91169673 0.63297755 0.62143886 0.80851924 0.81828076 0.81590265 0.8147164 1.0262426 1.019204 0.03092906 0.43952116 0 0.40751162 0.3614357 0.90264636 0.89304566 0.8963424 1.0118452
1.0011308 0.41773945 0.40923536 0.4205373 0.7796917 0.9943229 0.9980974 0.8088132 0.78195757 0.7805406 0.92017525 0.9946995 0.9249654 0.65444463 0.6320479 0.7977235 0.8111689 0.80587894 0.80091685 1.0180373 1.0103053 0.4045903 0.43414992 0.40751162 0 0.4254588 0.91406107 0.92017525 0.90498227 1.0072346
1.0361294 0.4231698 0.40647927 0.36533183 0.7913773 1.0373245 1.0337447 0.8094014 0.80324787 0.79627645 0.9073255 1.0258498 0.9395222 0.64469653 0.6244219 0.8275679 0.8327101 0.8147164 0.8120542 1.0393208 1.0301816 0.36159766 0.45202297 0.3614357 0.4254588 0 0.91643286 0.9046481 0.9110226 1.0595814
1.0405211 0.9349863 0.91915274 0.91915274 0.8943626 1.0349361 1.0393208 0.8989902 0.91473794 0.90665525 0.7126442 1.0049399 0.7259512 0.90031767 0.8956819 0.91949344 0.9218825 0.90933985 0.9036466 1.0301816 1.0130024 0.90264636 0.9225665 0.90264636 0.91406107 0.91643286 0 0.33878887 0.70390224 1.0501935
1.0437315 0.9253087 0.9053166 0.91406107 0.8884545 1.0297868 1.0246727 0.9086678 0.908332 0.89865875 0.69425094 0.9920673 0.7062064 0.8999856 0.8940332 0.9188122 0.9137229 0.90398026 0.9006499 1.030972 1.0227151 0.895022 0.9266836 0.89304566 0.92017525 0.9046481 0.33878887 0 0.69753873 1.0176488
1.0087683 0.91643286 0.903313 0.9218825 0.8874743 1.0091523 1.0133885 0.88780093 0.8996537 0.8874743 0.3172637 0.990942 0.32293335 0.910349 0.89865875 0.87967867 0.88064873 0.88291705 0.8713238 1.0137748 1.0087683 0.895022 0.9266836 0.8963424 0.90498227 0.9110226 0.70390224 0.69753873 0 1.036926
0.6619002 1.0381224 1.0215429 1.0293922 1.0141612 0.2807656 0.28120193 1.0325551 1.0254573 1.0211525 1.0357314 0.84711295 1.0417235 1.0068517 1.0118452 1.0445362 1.0461482 1.0282096 1.0180373 0.85864925 0.85896355 1.0083846 1.0211525 1.0118452 1.0072346 1.0595814 1.0501935 1.0176488 1.036926 0
