0 1.0118452 1.01146 0.9977191 1.0157093 1.0203725 0.9322085 0.9249654 0.9500957 0.94867724 0.91711193 1.0278157 0.91169673 0.97978103 0.97867405 0.9593815 0.9572284 1.0421246 1.0421246 0.9655158 0.96226203 0.99999183 1.0445362 0.99885464 0.94549555 0.96010065 1.0122308 0.97024083 0.9626228 0.9626228
1.0118452 0 0.45955148 0.45440188 0.65876466 0.65564215 0.9709704 0.9827411 0.97573 0.97352946 1.0041765 0.81590265 0.9816297 0.99545324 0.98645765 0.97978103 0.9738958 0.6489606 0.6378772 0.9713354 0.9764649 0.9764649 0.6539662 0.9857129 0.97352946 0.9615409 0.6444604 0.9977191 0.9695119 0.96226203
1.01146 0.45955148 0 0.28645793 0.67802465 0.6699191 0.97243166 0.9842255 0.9779369 0.9808897 0.99545324 0.8345334 0.9943229 1.0157093 1.0188149 1.0080011 1.0099207 0.6568416 0.6489606 0.99847597 1.0076177 0.99847597 0.6740837 1.002652 0.9845971 1.001891 0.64729947 1.0293922 0.98869646 0.9946995
0.9977191 0.45440188 0.28645793 0 0.6611755 0.6542054 0.9615409 0.98496884 0.9698763 0.9764649 0.9901927 0.8257614 0.9842255 1.0003713 0.99961257 0.9962078 0.9931942 0.63554007 0.6343742 0.9857129 0.9962078 0.9838541 0.6542054 0.9898184 0.9651536 0.9857129 0.63414127 0.9924427 0.9764649 0.99281836
1.0157093 0.65876466 0.67802465 0.6611755 0 0.19940782 0.97024083 0.9753628 0.97720057 0.98125964 0.99131685 0.82998335 0.98125964 1.0223241 1.019204 1.0091523 0.99658537 0.6626257 0.6580429 0.9845971 0.99658537 1.0015109 0.6834774 1.0076177 0.98237044 0.9816297 0.6532491 1.0195932 0.98683035 0.9816297
1.0203725 0.65564215 0.6699191 0.6542054 0.19940782 0 0.9727974 0.9842255 0.9958304 0.98794943 0.99545324 0.84095025 1.0049399 1.0141612 1.0053219 0.99658537 0.9831119 0.66602045 0.662142 0.9808897 0.9901927 1.0122308 0.67802465 1.0164845 0.982 0.9783054 0.66577744 1.0133885 1.0091523 0.9857129
0.9322085 0.9709704 0.97243166 0.9615409 0.97024083 0.9727974 0 0.9395222 0.93777436 0.9476152 0.19862549 0.9842255 0.19719331 0.9554389 0.95294064 0.91406107 0.9073255 0.953297 0.95508146 0.9063204 0.9069903 0.9950763 0.9768326 0.99658537 0.9205164 0.9225665 0.97352946 0.95294064 0.9349863 0.92840576
0.9249654 0.9827411 0.9842255 0.98496884 0.9753628 0.9842255 0.9395222 0 0.20701279 0.2033318 0.9106857 0.9977191 0.92393637 0.90031767 0.90398026 0.8719632 0.8668633 1.0015109 0.99357027 0.86718106 0.8745262 0.946908 0.99961257 0.94162506 0.8851922 0.8940332 0.9845971 0.9046481 0.9019803 0.8940332
0.9500957 0.97573 0.9779369 0.9698763 0.97720057 0.9958304 0.93777436 0.20701279 0 0.18698733 0.91473794 0.9845971 0.92119914 0.9019803 0.91541547 0.8887815 0.8838912 1.0022715 0.9943229 0.8812961 0.8907466 0.9575869 1.0080011 0.9565121 0.88454145 0.89766514 0.9790429 0.9150766 0.8979962 0.9046481
0.94867724 0.97352946 0.9808897 0.9764649 0.98125964 0.98794943 0.9476152 0.2033318 0.18698733 0 0.927372 0.990942 0.931862 0.9036466 0.9063204 0.87774235 0.8700467 0.99734104 0.98832285 0.8726031 0.8790327 0.944438 0.99357027 0.93987226 0.8790327 0.88291705 0.9853408 0.92393637 0.89601207 0.90164745
0.91711193 1.0041765 0.99545324 0.9901927 0.99131685 0.99545324 0.19862549 0.9106857 0.91473794 0.927372 0 1.0080011 0.17136838 0.9472615 0.9430302 0.91473794 0.91473794 0.9845971 0.9827411 0.9188122 0.9174517 0.98907024 0.99131685 0.9857129 0.89932185 0.93255514 0.9838541 0.9511613 0.9483231 0.928061
1.0278157 0.81590265 0.8345334 0.8257614 0.82998335 0.84095025 0.9842255 0.9977191 0.9845971 0.990942 1.0080011 0 0.98832285 0.99734104 1.0168724 0.99281836 0.9901927 0.84125715 0.8354467 0.98051995 0.98907024 1.01069 0.84340924 1.0160967 1.0095364 0.98683035 0.81738806 1.0110749 0.98348296 0.98757625
0.91169673 0.9816297 0.9943229 0.9842255 0.98125964 1.0049399 0.19719331 0.92393637 0.92119914 0.931862 0.17136838 0.98832285 0 0.9339434 0.932902 0.9218825 0.9174517 0.97573 0.9691478 0.91711193 0.91915274 0.9691478 0.97426224 0.96334505 0.9160936 0.9133848 0.9775687 0.9497408 0.9346385 0.92017525
0.97978103 0.99545324 1.0157093 1.0003713 1.0223241 1.0141612 0.9554389 0.90031767 0.9019803 0.9036466 0.9472615 0.99734104 0.9339434 0 0.111491024 0.7304399 0.7291169 1.0064689 0.9950763 0.72991043 0.7341567 0.9827411 1.0258498 0.9853408 0.89601207 0.63834554 0.9872032 0.91541547 0.88162 0.910349
0.97867405 0.98645765 1.0188149 0.99961257 1.019204 1.0053219 0.95294064 0.90398026 0.91541547 0.9063204 0.9430302 1.0168724 0.932902 0.111491024 0 0.7475835 0.74057156 1.0045581 0.99357027 0.7427221 0.74921095 0.9857129 1.0329514 0.9901927 0.8983274 0.64635193 1.0022715 0.91169673 0.8881276 0.9069903
0.9593815 0.97978103 1.0080011 0.9962078 1.0091523 0.99658537 0.91406107 0.8719632 0.8887815 0.87774235 0.91473794 0.99281836 0.9218825 0.7304399 0.7475835 0 0.088074826 0.98125964 0.97243166 0.08863734 0.09156923 0.9536536 1.0049399 0.9554389 0.8652767 0.7241107 0.9783054 0.8842163 0.88291705 0.8838912
0.9572284 0.9738958 1.0099207 0.9931942 0.99658537 0.9831119 0.9073255 0.8668633 0.8838912 0.8700467 0.91473794 0.9901927 0.9174517 0.7291169 0.74057156 0.088074826 0 0.9853408 0.97206604 0.06613177 0.06919613 0.95294064 0.99885464 0.95508146 0.8636934 0.72018194 0.9801504 0.8914027 0.8793556 0.8848668
1.0421246 0.6489606 0.6568416 0.63554007 0.6626257 0.66602045 0.953297 1.0015109 1.0022715 0.99734104 0.9845971 0.84125715 0.97573 1.0064689 1.0045581 0.98125964 0.9853408 0 0.06373281 0.9753628 0.9738958 0.9943229 0.6795078 1.0034139 0.97206604 0.9842255 0.6364741 1.0282096 0.9779369 0.97316337
1.0421246 0.6378772 0.6489606 0.6343742 0.6580429 0.662142 0.95508146 0.99357027 0.9943229 0.98832285 0.9827411 0.8354467 0.9691478 0.9950763 0.99357027 0.97243166 0.97206604 0.06373281 0 0.96190137 0.96479154 0.98832285 0.6807461 0.9946995 0.9611805 0.97024083 0.62787867 1.0238891 0.97426224 0.9666036
0.9655158 0.9713354 0.99847597 0.9857129 0.9845971 0.9808897 0.9063204 0.86718106 0.8812961 0.8726031 0.9188122 0.98051995 0.91711193 0.72991043 0.7427221 0.08863734 0.06613177 0.9753628 0.96190137 0 0.057013113 0.9540103 0.9946995 0.9540103 0.8505242 0.7175742 0.9669665 0.8793556 0.8774201 0.8832416
0.96226203 0.9764649 1.0076177 0.9962078 0.99658537 0.9901927 0.9069903 0.8745262 0.8907466 0.8790327 0.9174517 0.98907024 0.91915274 0.7341567 0.74921095 0.09156923 0.06919613 0.9738958 0.96479154 0.057013113 0 0.9540103 0.9958304 0.95472425 0.8599071 0.72044325 0.9738958 0.8884545 0.87613255 0.88162
0.99999183 0.9764649 0.99847597 0.9838541 1.0015109 1.0122308 0.9950763 0.946908 0.9575869 0.944438 0.98907024 1.01069 0.9691478 0.9827411 0.9857129 0.9536536 0.95294064 0.9943229 0.98832285 0.9540103 0.9540103 0 1.0207624 0.03092906 0.9662408 0.9779369 0.9695119 0.99923354 0.9753628 0.9779369
1.0445362 0.6539662 0.6740837 0.6542054 0.6834774 0.67802465 0.9768326 0.99961257 1.0080011 0.99357027 0.99131685 0.84340924 0.97426224 1.0258498 1.0329514 1.0049399 0.99885464 0.6795078 0.6807461 0.9946995 0.9958304 1.0207624 0 1.0195932 0.99923354 0.99545324 0.6626257 1.0389212 1.0246727 1.0195932
0.99885464 0.9857129 1.002652 0.9898184 1.0076177 1.0164845 0.99658537 0.94162506 0.9565121 0.93987226 0.9857129 1.0160967 0.96334505 0.9853408 0.9901927 0.9554389 0.95508146 1.0034139 0.9946995 0.9540103 0.95472425 0.03092906 1.0195932 0 0.9695119 0.9709704 0.9746289 1.002652 0.9746289 0.98125964
0.94549555 0.97352946 0.9845971 0.9651536 0.98237044 0.982 0.9205164 0.8851922 0.88454145 0.8790327 0.89932185 1.0095364 0.9160936 0.89601207 0.8983274 0.8652767 0.8636934 0.97206604 0.9611805 0.8505242 0.8599071 0.9662408 0.99923354 0.9695119 0 0.8592779 0.9687838 0.66504896 0.64516914 0.64872307
0.96010065 0.9615409 1.001891 0.9857129 0.9816297 0.9783054 0.9225665 0.8940332 0.89766514 0.88291705 0.93255514 0.98683035 0.9133848 0.63834554 0.64635193 0.7241107 0.72018194 0.9842255 0.97024083 0.7175742 0.72044325 0.9779369 0.99545324 0.9709704 0.8592779 0 0.96226203 0.89469224 0.87100434 0.87967867
1.0122308 0.6444604 0.64729947 0.63414127 0.6532491 0.66577744 0.97352946 0.9845971 0.9790429 0.9853408 0.9838541 0.81738806 0.9775687 0.9872032 1.0022715 0.9783054 0.9801504 0.6364741 0.62787867 0.9669665 0.9738958 0.9695119 0.6626257 0.9746289 0.9687838 0.96226203 0 0.9920673 0.97170067 0.9680563
0.97024083 0.9977191 1.0293922 0.9924427 1.0195932 1.0133885 0.95294064 0.9046481 0.9150766 0.92393637 0.9511613 1.0110749 0.9497408 0.91541547 0.91169673 0.8842163 0.8914027 1.0282096 1.0238891 0.8793556 0.8884545 0.99923354 1.0389212 1.002652 0.66504896 0.89469224 0.9920673 0 0.61596274 0.6049049
0.9626228 0.9695119 0.98869646 0.9764649 0.98683035 1.0091523 0.9349863 0.9019803 0.8979962 0.89601207 0.9483231 0.98348296 0.9346385 0.88162 0.8881276 0.88291705 0.8793556 0.9779369 0.97426224 0.8774201 0.87613255 0.9753628 1.0246727 0.9746289 0.64516914 0.87100434 0.97170067 0.61596274 0 0.4983712
0.9626228 0.96226203 0.9946995 0.99281836 0.9816297 0.9857129 0.92840576 0.8940332 0.9046481 0.90164745 0.928061 0.98757625 0.92017525 0.910349 0.9069903 0.8838912 0.8848668 0.97316337 0.9666036 0.8832416 0.88162 0.9779369 1.0195932 0.98125964 0.64872307 0.87967867 0.9680563 0.6049049 0.4983712 0
