0 0.79656565 0.99734104 0.8000446 0.79830307 1.019204 1.0091523 0.80441606 0.8114639 1.0141612 1.0099207 0.79859304 1.025065 1.0203725 0.7896558 0.7876524 0.79859304 0.7945437 0.78508437 0.7822413 0.99885464 0.9977191 0.9924427 0.99545324 0.9943229 1.0064689 1.0011308 0.7916646 0.8003352 0.7890828
0.79656565 0 1.0238891 0.6740837 0.65492344 1.0234975 1.01069 0.6563616 0.6604514 1.0068517 1.0003713 0.64045656 1.019204 1.0278157 0.21522841 0.21642852 0.6667499 0.6599691 0.35354343 0.35274276 0.99357027 0.990942 1.0188149 0.9946995 0.99885464 1.0242808 1.019204 0.27194792 0.27166054 0.35162324
0.99734104 1.0238891 0 1.0080011 1.0122308 0.20609084 0.20123646 1.0195932 1.0219333 0.44692463 0.4418607 0.98832285 0.35852686 0.36403087 1.0034139 1.0045581 1.0118452 1.0034139 0.9943229 0.99131685 0.20084423 0.19849518 0.5339927 0.2000604 0.43272406 0.34986734 0.34446594 1.0227151 1.018426 0.9901927
0.8000446 0.6740837 1.0080011 0 0.18891452 1.0164845 1.0103053 0.55089366 0.5477734 1.0238891 1.0238891 0.6409265 1.0095364 1.0149349 0.65660155 0.65564215 0.22286172 0.2189684 0.65372705 0.6520554 0.99923354 0.99734104 1.0045581 0.99999183 0.99923354 1.0317632 1.0103053 0.67654437 0.6740837 0.6575622
0.79830307 0.65492344 1.0122308 0.18891452 0 1.0099207 1.0164845 0.5494359 0.54632175 1.0286036 1.0381224 0.6378772 1.0282096 1.0246727 0.64280915 0.6430448 0.21283394 0.21005002 0.6494359 0.64635193 1.000751 0.99885464 1.0172604 0.99999183 1.0122308 1.0282096 1.015322 0.65660155 0.66577744 0.64682555
1.019204 1.0234975 0.20609084 1.0164845 1.0099207 0 0.13722132 1.0278157 1.0297868 0.44366533 0.44096002 1.0087683 0.35788196 0.36224574 1.0080011 1.0072346 1.0149349 1.0083846 0.9872032 0.98237044 0.163617 0.16113356 0.54116 0.16187774 0.42881688 0.35162324 0.34367487 1.0242808 1.0231062 0.9775687
1.0091523 1.01069 0.20123646 1.0103053 1.0164845 0.13722132 0 1.014548 1.015322 0.44511214 0.44168046 0.9958304 0.3508246 0.354345 0.9939465 0.99545324 1.01069 1.0030329 0.982 0.97978103 0.16063786 0.15693049 0.5335852 0.1576705 0.4251062 0.3422531 0.33237523 1.0126165 1.0130024 0.990942
0.80441606 0.6563616 1.0195932 0.55089366 0.5494359 1.0278157 1.014548 0 0.114746846 1.0099207 1.0160967 0.63088745 1.032159 1.032159 0.6563616 0.65612173 0.55089366 0.5473584 0.6465887 0.64587855 1.000751 0.99847597 1.015322 1.0003713 1.0262426 1.0286036 1.0274222 0.6623838 0.6580429 0.6371753
0.8114639 0.6604514 1.0219333 0.5477734 0.54632175 1.0297868 1.015322 0.114746846 0 1.0215429 1.0313674 0.63554007 1.0421246 1.0437315 0.6602102 0.6582834 0.5440462 0.5407486 0.64163196 0.6413967 1.0076177 1.0060863 1.0126165 1.0076177 1.0270288 1.032159 1.0266355 0.66286767 0.66286767 0.6406915
1.0141612 1.0068517 0.44692463 1.0238891 1.0286036 0.44366533 0.44511214 1.0099207 1.0215429 0 0.07525209 0.99847597 0.4443884 0.44656178 0.9831119 0.98125964 1.0130024 1.0122308 0.98832285 0.9853408 0.44420755 0.44204095 0.5380799 0.44204095 0.43844384 0.44114006 0.42757794 1.0110749 1.0091523 0.98125964
1.0099207 1.0003713 0.4418607 1.0238891 1.0381224 0.44096002 0.44168046 1.0160967 1.0313674 0.07525209 0 1.000751 0.44060004 0.4471061 0.98051995 0.97978103 1.0130024 1.0095364 0.99056727 0.98794943 0.4398806 0.43754724 0.53951573 0.43844384 0.4362938 0.43916187 0.4293485 1.001891 1.0110749 0.98125964
0.79859304 0.64045656 0.98832285 0.6409265 0.6378772 1.0087683 0.9958304 0.63088745 0.63554007 0.99847597 1.000751 0 1.0022715 1.0034139 0.62996036 0.6294973 0.63975227 0.6367077 0.61664504 0.615281 0.9901927 0.9894442 0.9920673 0.9931942 1.0045581 0.99169195 0.98348296 0.6402217 0.6374092 0.61256033
1.025065 1.019204 0.35852686 1.0095364 1.0282096 0.35788196 0.3508246 1.032159 1.0421246 0.4443884 0.44060004 1.0022715 0 0.047897395 0.9931942 0.9946995 1.0164845 1.0118452 0.99169195 0.99169195 0.3508246 0.34907058 0.54425275 0.34605056 0.44276246 0.34684414 0.34668535 1.0168724 1.0130024 0.98237044
1.0203725 1.0278157 0.36403087 1.0149349 1.0246727 0.36224574 0.354345 1.032159 1.0437315 0.44656178 0.4471061 1.0034139 0.047897395 0 0.99658537 0.99923354 1.0083846 1.0049399 0.9924427 0.9924427 0.35402426 0.35226277 0.54632175 0.35066497 0.44456926 0.35210282 0.3493892 1.0262426 1.005704 0.98496884
0.7896558 0.21522841 1.0034139 0.65660155 0.64280915 1.0080011 0.9939465 0.6563616 0.6602102 0.9831119 0.98051995 0.62996036 0.9931942 0.99658537 0 0.021608312 0.65444463 0.64967364 0.3465266 0.3450994 0.9808897 0.9753628 0.9857129 0.97720057 0.9713354 0.99545324 1.0060863 0.26365894 0.267792 0.34763852
0.7876524 0.21642852 1.0045581 0.65564215 0.6430448 1.0072346 0.99545324 0.65612173 0.6582834 0.98125964 0.97978103 0.6294973 0.9946995 0.99923354 0.021608312 0 0.65277135 0.64824826 0.34859294 0.3477975 0.9845971 0.9779369 0.99056727 0.97978103 0.9738958 0.99961257 1.0072346 0.26351684 0.26836383 0.3481156
0.79859304 0.6667499 1.0118452 0.22286172 0.21283394 1.0149349 1.01069 0.55089366 0.5440462 1.0130024 1.0130024 0.63975227 1.0164845 1.0083846 0.65444463 0.65277135 0 0.014438084 0.6461152 0.6439882 1.005704 1.0049399 1.0130024 1.005704 1.0022715 1.0234975 1.0103053 0.6682109 0.6669932 0.6430448
0.7945437 0.6599691 1.0034139 0.2189684 0.21005002 1.0083846 1.0030329 0.5473584 0.5407486 1.0122308 1.0095364 0.6367077 1.0118452 1.0049399 0.64967364 0.64824826 0.014438084 0 0.64328057 0.6409265 0.99923354 0.99999183 1.0080011 1.000751 0.99131685 1.0211525 1.0083846 0.66480625 0.6616586 0.6390486
0.78508437 0.35354343 0.9943229 0.65372705 0.6494359 0.9872032 0.982 0.6465887 0.64163196 0.98832285 0.99056727 0.61664504 0.99169195 0.9924427 0.3465266 0.34859294 0.6461152 0.64328057 0 0.014438084 0.97867405 0.97170067 1.0072346 0.97573 0.9775687 0.98496884 0.9901927 0.35723764 0.35965672 0.23836544
0.7822413 0.35274276 0.99131685 0.6520554 0.64635193 0.98237044 0.97978103 0.64587855 0.6413967 0.9853408 0.98794943 0.615281 0.99169195 0.9924427 0.3450994 0.3477975 0.6439882 0.6409265 0.014438084 0 0.97609735 0.9691478 1.0080011 0.97352946 0.97609735 0.9838541 0.9857129 0.35755974 0.35949522 0.23754142
0.99885464 0.99357027 0.20084423 0.99923354 1.000751 0.163617 0.16063786 1.000751 1.0076177 0.44420755 0.4398806 0.9901927 0.3508246 0.35402426 0.9808897 0.9845971 1.005704 0.99923354 0.97867405 0.97609735 0 0.015049997 0.54095423 0.015764525 0.43041283 0.3484338 0.33941755 1.0110749 1.0022715 0.9644296
0.9977191 0.990942 0.19849518 0.99734104 0.99885464 0.16113356 0.15693049 0.99847597 1.0060863 0.44204095 0.43754724 0.9894442 0.34907058 0.35226277 0.9753628 0.9779369 1.0049399 0.99999183 0.97170067 0.9691478 0.015049997 0 0.5407486 0.013724818 0.4270476 0.34494096 0.33690602 1.0064689 0.9958304 0.9604604
0.9924427 1.0188149 0.5339927 1.0045581 1.0172604 0.54116 0.5335852 1.015322 1.0126165 0.5380799 0.53951573 0.9920673 0.54425275 0.54632175 0.9857129 0.99056727 1.0130024 1.0080011 1.0072346 1.0080011 0.54095423 0.5407486 0 0.54013187 0.5399264 0.5354207 0.5350124 1.0211525 1.0231062 1.000751
0.99545324 0.9946995 0.2000604 0.99999183 0.99999183 0.16187774 0.1576705 1.0003713 1.0076177 0.44204095 0.43844384 0.9931942 0.34605056 0.35066497 0.97720057 0.97978103 1.005704 1.000751 0.97573 0.97352946 0.015764525 0.013724818 0.54013187 0 0.42863977 0.34494096 0.3373763 1.01069 1.0011308 0.96406794
0.9943229 0.99885464 0.43272406 0.99923354 1.0122308 0.42881688 0.4251062 1.0262426 1.0270288 0.43844384 0.4362938 1.0045581 0.44276246 0.44456926 0.9713354 0.9738958 1.0022715 0.99131685 0.9775687 0.97609735 0.43041283 0.4270476 0.5399264 0.42863977 0 0.4336149 0.42528248 0.9969631 1.0060863 0.9958304
1.0064689 1.0242808 0.34986734 1.0317632 1.0282096 0.35162324 0.3422531 1.0286036 1.032159 0.44114006 0.43916187 0.99169195 0.34684414 0.35210282 0.99545324 0.99961257 1.0234975 1.0211525 0.98496884 0.9838541 0.3484338 0.34494096 0.5354207 0.34494096 0.4336149 0 0.2830957 1.0160967 1.0130024 0.99658537
1.0011308 1.019204 0.34446594 1.0103053 1.015322 0.34367487 0.33237523 1.0274222 1.0266355 0.42757794 0.4293485 0.98348296 0.34668535 0.3493892 1.0060863 1.0072346 1.0103053 1.0083846 0.9901927 0.9857129 0.33941755 0.33690602 0.5350124 0.3373763 0.42528248 0.2830957 0 1.0195932 1.0258498 0.98869646
0.7916646 0.27194792 1.0227151 0.67654437 0.65660155 1.0242808 1.0126165 0.6623838 0.66286767 1.0110749 1.001891 0.6402217 1.0168724 1.0262426 0.26365894 0.26351684 0.6682109 0.66480625 0.35723764 0.35755974 1.0110749 1.0064689 1.0211525 1.01069 0.9969631 1.0160967 1.0195932 0 0.27237916 0.35836557
0.8003352 0.27166054 1.018426 0.6740837 0.66577744 1.0231062 1.0130024 0.6580429 0.66286767 1.0091523 1.0110749 0.6374092 1.0130024 1.005704 0.267792 0.26836383 0.6669932 0.6616586 0.35965672 0.35949522 1.0022715 0.9958304 1.0231062 1.0011308 1.0060863 1.0130024 1.0258498 0.27237916 0 0.35981828
0.7890828 0.35162324 0.9901927 0.6575622 0.64682555 0.9775687 0.990942 0.6371753 0.6406915 0.98125964 0.98125964 0.61256033 0.98237044 0.98496884 0.34763852 0.3481156 0.6430448 0.6390486 0.23836544 0.23754142 0.9644296 0.9604604 1.000751 0.96406794 0.9958304 0.99658537 0.98869646 0.35836557 0.35981828 0
