0 1.0064689 0.99734104 1.0053219 0.36892113 0.99847597 0.99658537 0.99658537 0.36403087 0.99169195 1.0080011 1.0041765 1.0118452 0.9827411 0.98683035 0.9924427 0.99281836 0.9857129 0.9831119 0.36614606 0.36663502 0.9969631 0.36761394 0.9969631 0.50265914 0.496818 1.002652 0.99923354 0.366472 0.36516908
1.0064689 0 0.12696517 0.1577939 1.0087683 0.5968834 0.5973268 0.12377392 1.0045581 0.5962188 0.16200183 0.30005974 0.16262265 0.591363 0.59180313 0.12755762 0.12755762 0.59246385 0.5915831 1.005704 1.0087683 0.59599745 1.0219333 0.5973268 0.99545324 0.9857129 0.49488103 0.49817687 1.015322 1.0297868
0.99734104 0.12696517 0 0.15853477 1.0064689 0.59180313 0.5911431 0.06373281 0.9980974 0.5911431 0.16262265 0.29708177 0.16076176 0.59180313 0.5911431 0.067115374 0.06700602 0.58435565 0.58544624 1.0015109 1.0049399 0.59444946 1.0160967 0.59533364 0.9872032 0.98237044 0.4975942 0.50070703 1.0195932 1.0325551
1.0053219 0.1577939 0.15853477 0 1.0041765 0.58960503 0.5915831 0.15569876 0.99658537 0.58807015 0.06307988 0.29589388 0.063297465 0.58675706 0.5847917 0.15816425 0.1591527 0.5856646 0.58348435 0.9980974 1.0015109 0.58960503 1.0172604 0.59092313 0.9920673 0.98907024 0.497012 0.496818 1.01146 1.0223241
0.36892113 1.0087683 1.0064689 1.0041765 0 0.9764649 0.98683035 1.0080011 0.056366004 0.9920673 1.0130024 1.0041765 1.0118452 0.98832285 0.99169195 0.9980974 0.99961257 0.98757625 0.97941184 0.05798483 0.0589578 0.9831119 0.28939393 0.9831119 0.5089403 0.5055969 1.0195932 1.0003713 0.21203749 0.20701279
0.99847597 0.5968834 0.59180313 0.58960503 0.9764649 0 0.050888002 0.58960503 0.9713354 0.21296677 0.5957761 0.58850837 0.5975486 0.46158424 0.4575242 0.59444946 0.5933457 0.21616167 0.21442941 0.9790429 0.9790429 0.05593491 0.99169195 0.056473818 0.9727974 0.97243166 0.6078228 0.6164175 0.9783054 0.9845971
0.99658537 0.5973268 0.5911431 0.5915831 0.98683035 0.050888002 0 0.58982456 0.9801504 0.21829918 0.5971051 0.58960503 0.5975486 0.4628807 0.45936695 0.5929046 0.59246385 0.22071119 0.21843298 0.98645765 0.9860852 0.05593491 0.9977191 0.05625821 0.97720057 0.97316337 0.6031149 0.6130131 0.9764649 0.990942
0.99658537 0.12377392 0.06373281 0.15569876 1.0080011 0.58960503 0.58982456 0 0.99961257 0.58982456 0.1602663 0.2954489 0.15890548 0.5828315 0.5819619 0.046512943 0.046938658 0.5847917 0.58435565 1.0064689 1.0103053 0.591363 1.0110749 0.5920233 0.9831119 0.97867405 0.496818 0.4975942 1.0076177 1.0203725
0.36403087 1.0045581 0.9980974 0.99658537 0.056366004 0.9713354 0.9801504 0.99961257 0 0.9898184 1.0034139 1.0011308 1.0030329 0.9753628 0.97720057 0.99545324 0.9958304 0.9831119 0.9779369 0.043963727 0.044918668 0.9768326 0.28748423 0.97573 0.5022683 0.5063822 1.0270288 1.0095364 0.21097685 0.2072764
0.99169195 0.5962188 0.5911431 0.58807015 0.9920673 0.21296677 0.21829918 0.58982456 0.9898184 0 0.5915831 0.58828926 0.59444946 0.4660386 0.46084443 0.58960503 0.591363 0.0444941 0.043221835 0.99169195 0.9924427 0.21323249 0.99847597 0.21389721 0.9779369 0.98125964 0.6040094 0.6175558 0.9958304 1.0064689
1.0080011 0.16200183 0.16262265 0.06307988 1.0130024 0.5957761 0.5971051 0.1602663 1.0034139 0.5915831 0 0.30155316 0.031450294 0.58807015 0.5874133 0.16299537 0.16448817 0.58828926 0.5856646 1.0064689 1.0095364 0.5955548 1.0223241 0.5971051 0.99847597 0.99545324 0.5003172 0.50363714 1.0168724 1.030972
1.0041765 0.30005974 0.29708177 0.29589388 1.0041765 0.58850837 0.58960503 0.2954489 1.0011308 0.58828926 0.30155316 0 0.30200177 0.5847917 0.5839199 0.2975277 0.294856 0.5847917 0.5828315 1.0030329 1.0060863 0.58850837 1.0149349 0.58938557 0.9958304 0.99357027 0.49410763 0.497206 1.0080011 1.0176488
1.0118452 0.16262265 0.16076176 0.063297465 1.0118452 0.5975486 0.5975486 0.15890548 1.0030329 0.59444946 0.031450294 0.30200177 0 0.5929046 0.59312516 0.1622501 0.1633683 0.5911431 0.58828926 1.0053219 1.0087683 0.5973268 1.0223241 0.59932536 1.001891 0.9943229 0.49856558 0.50363714 1.0227151 1.030972
0.9827411 0.591363 0.59180313 0.58675706 0.98832285 0.46158424 0.4628807 0.5828315 0.9753628 0.4660386 0.58807015 0.5847917 0.5929046 0 0.02604711 0.5856646 0.5887276 0.4630661 0.46158424 0.9860852 0.9860852 0.4623248 0.99999183 0.46269536 0.97573 0.9831119 0.6026681 0.5999927 0.9853408 0.9842255
0.98683035 0.59180313 0.5911431 0.5847917 0.99169195 0.4575242 0.45936695 0.5819619 0.97720057 0.46084443 0.5874133 0.5839199 0.59312516 0.02604711 0 0.5856646 0.5887276 0.45807657 0.45678836 0.98496884 0.9853408 0.45734018 0.99658537 0.45734018 0.97573 0.98683035 0.5979924 0.59400773 0.98794943 0.98683035
0.9924427 0.12755762 0.067115374 0.15816425 0.9980974 0.59444946 0.5929046 0.046512943 0.99545324 0.58960503 0.16299537 0.2975277 0.1622501 0.5856646 0.5856646 0 0.025840072 0.58435565 0.5837021 1.0015109 1.0053219 0.59422857 1.0041765 0.5955548 0.99056727 0.98125964 0.49623638 0.497206 1.0072346 1.015322
0.99281836 0.12755762 0.06700602 0.1591527 0.99961257 0.5933457 0.59246385 0.046938658 0.9958304 0.591363 0.16448817 0.294856 0.1633683 0.5887276 0.5887276 0.025840072 0 0.58610135 0.58610135 0.99923354 1.002652 0.5935663 1.0103053 0.5946704 0.98757625 0.98125964 0.4935281 0.49778837 1.0053219 1.015322
0.9857129 0.59246385 0.58435565 0.5856646 0.98757625 0.21616167 0.22071119 0.5847917 0.9831119 0.0444941 0.58828926 0.5847917 0.5911431 0.4630661 0.45807657 0.58435565 0.58610135 0 0.024495706 0.98907024 0.98907024 0.21656199 0.99658537 0.21736327 0.98051995 0.9691478 0.6046809 0.61687267 0.9924427 0.99961257
0.9831119 0.5915831 0.58544624 0.58348435 0.97941184 0.21442941 0.21843298 0.58435565 0.9779369 0.043221835 0.5856646 0.5828315 0.58828926 0.46158424 0.45678836 0.5837021 0.58610135 0.024495706 0 0.98348296 0.98237044 0.21389721 0.9920673 0.21469565 0.9775687 0.97170067 0.60244477 0.6155082 0.9894442 0.9946995
0.36614606 1.005704 1.0015109 0.9980974 0.05798483 0.9790429 0.98645765 1.0064689 0.043963727 0.99169195 1.0064689 1.0030329 1.0053219 0.9860852 0.98496884 1.0015109 0.99923354 0.98907024 0.98348296 0 0.005923329 0.98496884 0.28939393 0.9845971 0.5030502 0.5061858 1.0188149 0.9946995 0.20886007 0.20714457
0.36663502 1.0087683 1.0049399 1.0015109 0.0589578 0.9790429 0.9860852 1.0103053 0.044918668 0.9924427 1.0095364 1.0060863 1.0087683 0.9860852 0.9853408 1.0053219 1.002652 0.98907024 0.98237044 0.005923329 0 0.9845971 0.29086626 0.9842255 0.5044204 0.5065787 1.0203725 0.9969631 0.21097685 0.20780392
0.9969631 0.59599745 0.59444946 0.58960503 0.9831119 0.05593491 0.05593491 0.591363 0.9768326 0.21323249 0.5955548 0.58850837 0.5973268 0.4623248 0.45734018 0.59422857 0.5935663 0.21656199 0.21389721 0.98496884 0.9845971 0 0.9924427 0.003910175 0.97720057 0.97426224 0.60557723 0.6157354 0.98348296 0.99658537
0.36761394 1.0219333 1.0160967 1.0172604 0.28939393 0.99169195 0.9977191 1.0110749 0.28748423 0.99847597 1.0223241 1.0149349 1.0223241 0.99999183 0.99658537 1.0041765 1.0103053 0.99658537 0.9920673 0.28939393 0.29086626 0.9924427 0 0.99281836 0.50933456 0.49778837 1.0377234 1.0266355 0.28484803 0.2830957
0.9969631 0.5973268 0.59533364 0.59092313 0.9831119 0.056473818 0.05625821 0.5920233 0.97573 0.21389721 0.5971051 0.58938557 0.59932536 0.46269536 0.45734018 0.5955548 0.5946704 0.21736327 0.21469565 0.9845971 0.9842255 0.003910175 0.99281836 0 0.9746289 0.9727974 0.60692376 0.6171003 0.9842255 0.9958304
0.50265914 0.99545324 0.9872032 0.9920673 0.5089403 0.9727974 0.97720057 0.9831119 0.5022683 0.9779369 0.99847597 0.9958304 1.001891 0.97573 0.97573 0.99056727 0.98757625 0.98051995 0.9775687 0.5030502 0.5044204 0.97720057 0.50933456 0.9746289 0 0.28514048 0.99545324 0.9853408 0.5132893 0.51289284
0.496818 0.9857129 0.98237044 0.98907024 0.5055969 0.97243166 0.97316337 0.97867405 0.5063822 0.98125964 0.99545324 0.99357027 0.9943229 0.9831119 0.98683035 0.98125964 0.98125964 0.9691478 0.97170067 0.5061858 0.5065787 0.97426224 0.49778837 0.9727974 0.28514048 0 0.99169195 0.9860852 0.49623638 0.50070703
1.002652 0.49488103 0.4975942 0.497012 1.0195932 0.6078228 0.6031149 0.496818 1.0270288 0.6040094 0.5003172 0.49410763 0.49856558 0.6026681 0.5979924 0.49623638 0.4935281 0.6046809 0.60244477 1.0188149 1.0203725 0.60557723 1.0377234 0.60692376 0.99545324 0.99169195 0 0.23384447 1.0133885 1.0282096
0.99923354 0.49817687 0.50070703 0.496818 1.0003713 0.6164175 0.6130131 0.4975942 1.0095364 0.6175558 0.50363714 0.497206 0.50363714 0.5999927 0.59400773 0.497206 0.49778837 0.61687267 0.6155082 0.9946995 0.9969631 0.6157354 1.0266355 0.6171003 0.9853408 0.9860852 0.23384447 0 1.0141612 1.0211525
0.366472 1.015322 1.0195932 1.01146 0.21203749 0.9783054 0.9764649 1.0076177 0.21097685 0.9958304 1.0168724 1.0080011 1.0227151 0.9853408 0.98794943 1.0072346 1.0053219 0.9924427 0.9894442 0.20886007 0.21097685 0.98348296 0.28484803 0.9842255 0.5132893 0.49623638 1.0133885 1.0141612 0 0.17426437
0.36516908 1.0297868 1.0325551 1.0223241 0.20701279 0.9845971 0.990942 1.0203725 0.2072764 1.0064689 1.030972 1.0176488 1.030972 0.9842255 0.98683035 1.015322 1.015322 0.99961257 0.9946995 0.20714457 0.20780392 0.99658537 0.2830957 0.9958304 0.51289284 0.50070703 1.0282096 1.0211525 0.17426437 0
