0 0.5575939 0.556543 0.56012195 0.62603307 0.6180116 0.49044484 0.49063718 0.48756576 0.487949 0.493142 0.5140827 0.4975942 0.6232732 0.62304366 0.49876 0.49817687 0.44420755 0.44222128 0.42846268 0.42563516 0.5184617 0.52106136 0.5170656 0.5228664 0.56012195 0.567971 0.56733155 0.98757625 0.99056727
0.5575939 0 0.15791732 0.15890548 0.64257354 0.6348403 0.5536084 0.5559132 0.5430141 0.55256313 0.5536084 0.5656289 0.55277205 0.61596274 0.61346614 0.5494359 0.5488121 0.560333 0.55885684 0.5613892 0.5586462 0.5607553 0.5656289 0.5592783 0.5694652 0.5523542 0.5582251 0.5643545 0.97941184 0.97243166
0.556543 0.15791732 0 0.14300726 0.6376432 0.6334428 0.5483964 0.556543 0.5413658 0.5504769 0.5533992 0.5628704 0.55110216 0.615281 0.6123341 0.5504769 0.55110216 0.5597 0.5584356 0.5515193 0.5477734 0.5632941 0.5618121 0.5616006 0.57053435 0.54902 0.556543 0.56117785 0.97499573 0.9698763
0.56012195 0.15890548 0.14300726 0 0.6374092 0.6311194 0.5519366 0.55948913 0.5444594 0.5502686 0.55381763 0.56584156 0.5573836 0.6205234 0.6141462 0.5592783 0.56012195 0.5628704 0.560333 0.55801463 0.5550743 0.56584156 0.5713908 0.5649914 0.5720337 0.5575939 0.55948913 0.567971 0.9666036 0.9615409
0.62603307 0.64257354 0.6376432 0.6374092 0 0.122948766 0.62373245 0.62143886 0.61687267 0.62006605 0.6141462 0.6374092 0.6184676 0.45973605 0.4586293 0.618924 0.6184676 0.6304238 0.6318157 0.62741685 0.62488186 0.6348403 0.63019204 0.63414127 0.63975227 0.6320479 0.6348403 0.6402217 1.018426 1.0087683
0.6180116 0.6348403 0.6334428 0.6311194 0.122948766 0 0.62396216 0.620981 0.6164175 0.6164175 0.61369276 0.63228023 0.61915225 0.45770827 0.45899805 0.6180116 0.61482686 0.6269553 0.62903446 0.6202947 0.6175558 0.62787867 0.6262635 0.62649405 0.63881415 0.6362405 0.6390486 0.6350735 1.0180373 1.0137748
0.49044484 0.5536084 0.5483964 0.5519366 0.62373245 0.62396216 0 0.2188345 0.091795236 0.09587503 0.22259256 0.28851193 0.22313097 0.61687267 0.61369276 0.1790737 0.17996301 0.4958489 0.4943009 0.4935281 0.49025255 0.3098206 0.3062018 0.30966946 0.31482518 0.5550743 0.5557034 0.55991095 0.99056727 0.98237044
0.49063718 0.5559132 0.556543 0.55948913 0.62143886 0.620981 0.2188345 0 0.21137442 0.21442941 0.07691224 0.28499424 0.08146882 0.6221262 0.6198375 0.22004041 0.22057699 0.49623638 0.49623638 0.49025255 0.48871607 0.30710486 0.3048492 0.30725548 0.31406474 0.5550743 0.56223524 0.5613892 0.98645765 0.9860852
0.48756576 0.5430141 0.5413658 0.5444594 0.61687267 0.6164175 0.091795236 0.21137442 0 0.07062313 0.21309961 0.28222105 0.21656199 0.61482686 0.61346614 0.17036368 0.16986184 0.487949 0.4856525 0.48756576 0.48488855 0.30245066 0.30499938 0.302301 0.30695426 0.5459075 0.54611456 0.55110216 0.9790429 0.9753628
0.487949 0.55256313 0.5504769 0.5502686 0.62006605 0.6164175 0.09587503 0.21442941 0.07062313 0 0.21709608 0.28616497 0.21977226 0.62143886 0.6186958 0.173886 0.17464294 0.487949 0.48603475 0.49082956 0.48890796 0.30755678 0.30409884 0.3074061 0.31589106 0.549644 0.549644 0.5559132 0.98869646 0.98051995
0.493142 0.5536084 0.5533992 0.55381763 0.6141462 0.61369276 0.22259256 0.07691224 0.21309961 0.21709608 0 0.28865886 0.07271364 0.62006605 0.61687267 0.22259256 0.22286172 0.4999276 0.4995382 0.493142 0.491407 0.31148508 0.30831063 0.3117881 0.3163483 0.5559132 0.56626695 0.5677578 0.9842255 0.98125964
0.5140827 0.5656289 0.5628704 0.56584156 0.6374092 0.63228023 0.28851193 0.28499424 0.28222105 0.28616497 0.28865886 0 0.29263687 0.6311194 0.6304238 0.28382534 0.28484803 0.51249665 0.5111116 0.50953186 0.50775856 0.32293335 0.32833627 0.32216468 0.3286462 0.56350607 0.56903803 0.5765499 0.99734104 0.99923354
0.4975942 0.55277205 0.55110216 0.5573836 0.6184676 0.61915225 0.22313097 0.08146882 0.21656199 0.21977226 0.07271364 0.29263687 0 0.624192 0.6202947 0.22664008 0.22691068 0.50090206 0.5005121 0.50168246 0.4999276 0.31300145 0.3116366 0.3133051 0.3166533 0.5575939 0.5613892 0.56520385 0.9920673 0.9924427
0.6232732 0.61596274 0.615281 0.6205234 0.45973605 0.45770827 0.61687267 0.6221262 0.61482686 0.62143886 0.62006605 0.6311194 0.624192 0 0.041528832 0.6186958 0.6193806 0.6202947 0.6205234 0.61596274 0.61278665 0.6367077 0.63297755 0.6357735 0.6364741 0.62075216 0.6315835 0.6334428 0.98683035 0.9753628
0.62304366 0.61346614 0.6123341 0.6141462 0.4586293 0.45899805 0.61369276 0.6198375 0.61346614 0.6186958 0.61687267 0.6304238 0.6202947 0.041528832 0 0.6155082 0.6161901 0.61778367 0.6184676 0.61664504 0.6145999 0.6343742 0.6318157 0.63297755 0.6371753 0.6175558 0.6362405 0.6336756 0.98907024 0.97573
0.49876 0.5494359 0.5504769 0.5592783 0.618924 0.6180116 0.1790737 0.22004041 0.17036368 0.173886 0.22259256 0.28382534 0.22664008 0.6186958 0.6155082 0 0.018731989 0.49256322 0.49121448 0.49488103 0.49333504 0.3133051 0.31148508 0.31406474 0.31802738 0.5515193 0.5569632 0.5643545 0.99357027 0.98794943
0.49817687 0.5488121 0.55110216 0.56012195 0.6184676 0.61482686 0.17996301 0.22057699 0.16986184 0.17464294 0.22286172 0.28484803 0.22691068 0.6193806 0.6161901 0.018731989 0 0.49333504 0.4921776 0.49526802 0.49372122 0.31103078 0.31042543 0.3116366 0.31833306 0.5488121 0.5550743 0.5632941 0.99357027 0.9857129
0.44420755 0.560333 0.5597 0.5628704 0.6304238 0.6269553 0.4958489 0.49623638 0.487949 0.487949 0.4999276 0.51249665 0.50090206 0.6202947 0.61778367 0.49256322 0.49333504 0 0.009054436 0.29071888 0.29027697 0.51607 0.51229864 0.515871 0.5170656 0.55906755 0.5641423 0.57289183 0.9969631 0.9920673
0.44222128 0.55885684 0.5584356 0.560333 0.6318157 0.62903446 0.4943009 0.49623638 0.4856525 0.48603475 0.4995382 0.5111116 0.5005121 0.6205234 0.6184676 0.49121448 0.4921776 0.009054436 0 0.2888058 0.28851193 0.5146783 0.51229864 0.51447976 0.5166672 0.5584356 0.5641423 0.5731065 0.99734104 0.99357027
0.42846268 0.5613892 0.5515193 0.55801463 0.62741685 0.6202947 0.4935281 0.49025255 0.48756576 0.49082956 0.493142 0.50953186 0.50168246 0.61596274 0.61664504 0.49488103 0.49526802 0.29071888 0.2888058 0 0.006427463 0.5032458 0.5018777 0.50363714 0.5061858 0.5542363 0.5669055 0.5698927 0.9666036 0.9644296
0.42563516 0.5586462 0.5477734 0.5550743 0.62488186 0.6175558 0.49025255 0.48871607 0.48488855 0.48890796 0.491407 0.50775856 0.4999276 0.61278665 0.6145999 0.49333504 0.49372122 0.29027697 0.28851193 0.006427463 0 0.4999276 0.4995382 0.5003172 0.50265914 0.5533992 0.56456673 0.56733155 0.96479154 0.9611805
0.5184617 0.5607553 0.5632941 0.56584156 0.6348403 0.62787867 0.3098206 0.30710486 0.30245066 0.30755678 0.31148508 0.32293335 0.31300145 0.6367077 0.6343742 0.3133051 0.31103078 0.51607 0.5146783 0.5032458 0.4999276 0 0.28983533 0.007234783 0.27079913 0.56477904 0.5765499 0.57762915 1.0015109 0.9827411
0.52106136 0.5656289 0.5618121 0.5713908 0.63019204 0.6262635 0.3062018 0.3048492 0.30499938 0.30409884 0.30831063 0.32833627 0.3116366 0.63297755 0.6318157 0.31148508 0.31042543 0.51229864 0.51229864 0.5018777 0.4995382 0.28983533 0 0.28998253 0.29263687 0.5666926 0.5703204 0.573751 0.99847597 0.99169195
0.5170656 0.5592783 0.5616006 0.5649914 0.63414127 0.62649405 0.30966946 0.30725548 0.302301 0.3074061 0.3117881 0.32216468 0.3133051 0.6357735 0.63297755 0.31406474 0.3116366 0.515871 0.51447976 0.50363714 0.5003172 0.007234783 0.28998253 0 0.27094263 0.5641423 0.57590306 0.5754721 1.001891 0.9831119
0.5228664 0.5694652 0.57053435 0.5720337 0.63975227 0.63881415 0.31482518 0.31406474 0.30695426 0.31589106 0.3163483 0.3286462 0.3166533 0.6364741 0.6371753 0.31802738 0.31833306 0.5170656 0.5166672 0.5061858 0.50265914 0.27079913 0.29263687 0.27094263 0 0.56520385 0.57482624 0.57439595 1.0045581 0.9958304
0.56012195 0.5523542 0.54902 0.5575939 0.6320479 0.6362405 0.5550743 0.5550743 0.5459075 0.549644 0.5559132 0.56350607 0.5575939 0.62075216 0.6175558 0.5515193 0.5488121 0.55906755 0.5584356 0.5542363 0.5533992 0.56477904 0.5666926 0.5641423 0.56520385 0 0.24167064 0.24651696 0.9894442 0.9860852
0.567971 0.5582251 0.556543 0.55948913 0.6348403 0.6390486 0.5557034 0.56223524 0.54611456 0.549644 0.56626695 0.56903803 0.5613892 0.6315835 0.6362405 0.5569632 0.5550743 0.5641423 0.5641423 0.5669055 0.56456673 0.5765499 0.5703204 0.57590306 0.57482624 0.24167064 0 0.25335485 0.9980974 1.0003713
0.56733155 0.5643545 0.56117785 0.567971 0.6402217 0.6350735 0.55991095 0.5613892 0.55110216 0.5559132 0.5677578 0.5765499 0.56520385 0.6334428 0.6336756 0.5643545 0.5632941 0.57289183 0.5731065 0.5698927 0.56733155 0.57762915 0.573751 0.5754721 0.57439595 0.24651696 0.25335485 0 0.98683035 0.98757625
0.98757625 0.97941184 0.97499573 0.9666036 1.018426 1.0180373 0.99056727 0.98645765 0.9790429 0.98869646 0.9842255 0.99734104 0.9920673 0.98683035 0.98907024 0.99357027 0.99357027 0.9969631 0.99734104 0.9666036 0.96479154 1.0015109 0.99847597 1.001891 1.0045581 0.9894442 0.9980974 0.98683035 0 0.18994439
0.99056727 0.97243166 0.9698763 0.9615409 1.0087683 1.0137748 0.98237044 0.9860852 0.9753628 0.98051995 0.98125964 0.99923354 0.9924427 0.9753628 0.97573 0.98794943 0.9857129 0.9920673 0.99357027 0.9644296 0.9611805 0.9827411 0.99169195 0.9831119 0.9958304 0.9860852 1.0003713 0.98757625 0.18994439 0
