0 1.018426 0.8983274 0.91203403 1.0095364 1.0282096 1.0554852 1.0567118 1.0563028 1.0665966 1.0357314 1.0157093 1.0361294 1.0160967 1.0180373 0.80120784 0.8096957 0.82395923 0.8200693 1.0188149 1.0176488 1.0172604 0.8224607 1.0160967 0.83788776 0.8194727 1.0219333 1.0301816 0.90231323 1.019204
1.018426 0 0.9898184 0.98645765 0.66456366 0.6982995 0.6982995 0.6965256 0.69425094 0.71032023 0.69198316 0.627186 0.69804585 0.66796726 0.6713863 0.9698763 0.96841997 1.0227151 1.0168724 0.6619002 0.66359407 0.22515345 0.9894442 0.22178568 0.98645765 1.0157093 0.6927383 0.6877182 0.97941184 0.16548501
0.8983274 0.9898184 0 0.16810805 1.0068517 1.0301816 1.0628746 1.0641131 1.0542608 1.0616379 1.0357314 1.0045581 1.0401208 0.99847597 0.98645765 0.8722831 0.87484723 0.88162 0.8719632 0.99999183 0.99545324 0.99923354 0.8884545 0.9920673 0.8851922 0.88194406 1.0357314 1.0349361 0.19498533 0.9962078
0.91203403 0.98645765 0.16810805 0 1.0118452 1.0172604 1.0385218 1.0429276 1.0441338 1.0546688 1.0353336 0.99658537 1.0246727 0.99961257 0.98832285 0.88291705 0.88780093 0.8842163 0.87420535 1.01146 1.0045581 0.98645765 0.8979962 0.9831119 0.88780093 0.88064873 1.0274222 1.0215429 0.1968032 0.9924427
1.0095364 0.66456366 1.0068517 1.0118452 0 0.6652917 0.6677236 0.66456366 0.6696748 0.675067 0.66504896 0.68621874 0.66553456 0.16287111 0.16262265 0.9709704 0.9790429 1.0157093 1.0068517 0.20648582 0.20582764 0.65540254 0.9898184 0.6530102 1.0045581 0.9894442 0.67629796 0.66748005 1.0095364 0.6573219
1.0282096 0.6982995 1.0301816 1.0172604 0.6652917 0 0.28397134 0.28426346 0.28660446 0.29263687 0.1288627 0.68298006 0.12412783 0.66504896 0.6558819 1.0030329 1.0083846 1.0489776 1.0389212 0.65348804 0.65372705 0.6844731 1.0188149 0.68223464 1.0060863 1.0349361 0.45165765 0.4463804 1.0274222 0.6889701
1.0554852 0.6982995 1.0628746 1.0385218 0.6677236 0.28397134 0 0.09929189 0.14555272 0.15164834 0.2830957 0.6889701 0.280911 0.6696748 0.6623838 0.99885464 0.99885464 1.0542608 1.0445362 0.65540254 0.6570817 0.682483 1.0180373 0.67926043 0.99923354 1.0305767 0.44692463 0.44042012 1.0461482 0.682483
1.0567118 0.6965256 1.0641131 1.0429276 0.66456366 0.28426346 0.09929189 0 0.14446075 0.14932616 0.28440955 0.6892207 0.2825125 0.6623838 0.6578025 1.0068517 1.0103053 1.0587604 1.0530384 0.6530102 0.65660155 0.6847222 1.0203725 0.6832287 1.0053219 1.0465518 0.44656178 0.4400604 1.0526313 0.684224
1.0563028 0.69425094 1.0542608 1.0441338 0.6696748 0.28660446 0.14555272 0.14446075 0 0.102151215 0.28382534 0.69173163 0.28499424 0.6672366 0.6643211 1.0122308 1.0180373 1.0608146 1.0514114 0.6590054 0.66383636 0.6877182 1.0305767 0.6827315 1.0068517 1.0361294 0.45495194 0.44910538 1.0481682 0.69022405
1.0665966 0.71032023 1.0616379 1.0546688 0.675067 0.29263687 0.15164834 0.14932616 0.102151215 0 0.28733754 0.70543754 0.28998253 0.67654437 0.6696748 1.0130024 1.015322 1.0604033 1.0485728 0.6640787 0.67163116 0.70595 1.0325551 0.70160514 1.0083846 1.0401208 0.45973605 0.45385224 1.0599923 0.7056938
1.0357314 0.69198316 1.0357314 1.0353336 0.66504896 0.1288627 0.2830957 0.28440955 0.28382534 0.28733754 0 0.67876583 0.09371904 0.67114156 0.6631097 1.0068517 1.0130024 1.0461482 1.036926 0.65660155 0.6619002 0.68397504 1.0149349 0.68049824 1.0080011 1.0168724 0.45513538 0.45184028 1.0413225 0.6834774
1.0157093 0.627186 1.0045581 0.99658537 0.68621874 0.68298006 0.6889701 0.6892207 0.69173163 0.70543754 0.67876583 0 0.6874681 0.680994 0.6731017 0.9764649 0.98832285 1.0199828 1.019204 0.6623838 0.66335183 0.62075216 0.98237044 0.6202947 0.98237044 1.0099207 0.6723661 0.6626257 1.0126165 0.6304238
1.0361294 0.69804585 1.0401208 1.0246727 0.66553456 0.12412783 0.280911 0.2825125 0.28499424 0.28998253 0.09371904 0.6874681 0 0.66480625 0.65852404 1.000751 1.001891 1.0429276 1.0337447 0.66093403 0.6631097 0.6837262 1.0157093 0.6807461 1.0091523 1.01146 0.4522057 0.4478325 1.033348 0.6929902
1.0160967 0.66796726 0.99847597 0.99961257 0.16287111 0.66504896 0.6696748 0.6623838 0.6672366 0.67654437 0.67114156 0.680994 0.66480625 0 0.06635024 0.9838541 0.99131685 1.0180373 1.0149349 0.20306955 0.20477574 0.65492344 0.99734104 0.65253264 0.99131685 0.99961257 0.6684547 0.66456366 1.0041765 0.6604514
1.0180373 0.6713863 0.98645765 0.98832285 0.16262265 0.6558819 0.6623838 0.6578025 0.6643211 0.6696748 0.6631097 0.6731017 0.65852404 0.06635024 0 0.98237044 0.9894442 1.018426 1.0188149 0.20320067 0.20320067 0.65516293 0.99923354 0.65348804 0.99923354 1.000751 0.6643211 0.6568416 0.99999183 0.66480625
0.80120784 0.9698763 0.8722831 0.88291705 0.9709704 1.0030329 0.99885464 1.0068517 1.0122308 1.0130024 1.0068517 0.9764649 1.000751 0.9838541 0.98237044 0 0.049391206 0.7023701 0.6947558 0.982 0.9853408 0.97206604 0.47918367 0.9706055 0.3736789 0.69425094 0.98757625 0.99885464 0.8884545 0.9695119
0.8096957 0.96841997 0.87484723 0.88780093 0.9790429 1.0083846 0.99885464 1.0103053 1.0180373 1.015322 1.0130024 0.98832285 1.001891 0.99131685 0.9894442 0.049391206 0 0.70697606 0.69906104 0.990942 0.99169195 0.97170067 0.4752159 0.97206604 0.3776393 0.69956917 0.99169195 1.0083846 0.8887815 0.97352946
0.82395923 1.0227151 0.88162 0.8842163 1.0157093 1.0489776 1.0542608 1.0587604 1.0608146 1.0604033 1.0461482 1.0199828 1.0429276 1.0180373 1.018426 0.7023701 0.70697606 0 0.04661935 1.0030329 1.0072346 1.01146 0.7280602 1.0110749 0.7193987 0.31118217 1.0489776 1.0433295 0.88780093 1.0157093
0.8200693 1.0168724 0.8719632 0.87420535 1.0068517 1.0389212 1.0445362 1.0530384 1.0514114 1.0485728 1.036926 1.019204 1.0337447 1.0149349 1.0188149 0.6947558 0.69906104 0.04661935 0 0.99961257 1.0041765 1.0030329 0.72044325 1.0030329 0.71238565 0.30394885 1.0393208 1.0337447 0.8803252 1.0083846
1.0188149 0.6619002 0.99999183 1.01146 0.20648582 0.65348804 0.65540254 0.6530102 0.6590054 0.6640787 0.65660155 0.6623838 0.66093403 0.20306955 0.20320067 0.982 0.990942 1.0030329 0.99961257 0 0.039945103 0.6570817 0.9845971 0.65372705 0.9901927 0.98683035 0.6669932 0.6570817 1.0053219 0.65277135
1.0176488 0.66359407 0.99545324 1.0045581 0.20582764 0.65372705 0.6570817 0.65660155 0.66383636 0.67163116 0.6619002 0.66335183 0.6631097 0.20477574 0.20320067 0.9853408 0.99169195 1.0072346 1.0041765 0.039945103 0 0.65444463 0.98794943 0.65038735 0.99658537 0.98348296 0.6677236 0.6590054 1.000751 0.6558819
1.0172604 0.22515345 0.99923354 0.98645765 0.65540254 0.6844731 0.682483 0.6847222 0.6877182 0.70595 0.68397504 0.62075216 0.6837262 0.65492344 0.65516293 0.97206604 0.97170067 1.01146 1.0030329 0.6570817 0.65444463 0 0.97573 0.020271504 0.97941184 1.0041765 0.6834774 0.67629796 0.9962078 0.2265048
0.8224607 0.9894442 0.8884545 0.8979962 0.9898184 1.0188149 1.0180373 1.0203725 1.0305767 1.0325551 1.0149349 0.98237044 1.0157093 0.99734104 0.99923354 0.47918367 0.4752159 0.7280602 0.72044325 0.9845971 0.98794943 0.97573 0 0.97352946 0.49488103 0.71006244 0.9943229 1.0037951 0.891731 0.97573
1.0160967 0.22178568 0.9920673 0.9831119 0.6530102 0.68223464 0.67926043 0.6832287 0.6827315 0.70160514 0.68049824 0.6202947 0.6807461 0.65253264 0.65348804 0.9706055 0.97206604 1.0110749 1.0030329 0.65372705 0.65038735 0.020271504 0.97352946 0 0.9831119 1.0022715 0.6770375 0.67261124 0.9898184 0.22380453
0.83788776 0.98645765 0.8851922 0.88780093 1.0045581 1.0060863 0.99923354 1.0053219 1.0068517 1.0083846 1.0080011 0.98237044 1.0091523 0.99131685 0.99923354 0.3736789 0.3776393 0.7193987 0.71238565 0.9901927 0.99658537 0.97941184 0.49488103 0.9831119 0 0.7227989 0.9931942 0.99281836 0.8914027 0.98125964
0.8194727 1.0157093 0.88194406 0.88064873 0.9894442 1.0349361 1.0305767 1.0465518 1.0361294 1.0401208 1.0168724 1.0099207 1.01146 0.99961257 1.000751 0.69425094 0.69956917 0.31118217 0.30394885 0.98683035 0.98348296 1.0041765 0.71006244 1.0022715 0.7227989 0 1.0266355 1.0118452 0.8745262 1.000751
1.0219333 0.6927383 1.0357314 1.0274222 0.67629796 0.45165765 0.44692463 0.44656178 0.45495194 0.45973605 0.45513538 0.6723661 0.4522057 0.6684547 0.6643211 0.98757625 0.99169195 1.0489776 1.0393208 0.6669932 0.6677236 0.6834774 0.9943229 0.6770375 0.9931942 1.0266355 0 0.19914696 1.0317632 0.684224
1.0301816 0.6877182 1.0349361 1.0215429 0.66748005 0.4463804 0.44042012 0.4400604 0.44910538 0.45385224 0.45184028 0.6626257 0.4478325 0.66456366 0.6568416 0.99885464 1.0083846 1.0433295 1.0337447 0.6570817 0.6590054 0.67629796 1.0037951 0.67261124 0.99281836 1.0118452 0.19914696 0 1.0373245 0.6859691
0.90231323 0.97941184 0.19498533 0.1968032 1.0095364 1.0274222 1.0461482 1.0526313 1.0481682 1.0599923 1.0413225 1.0126165 1.033348 1.0041765 0.99999183 0.8884545 0.8887815 0.88780093 0.8803252 1.0053219 1.000751 0.9962078 0.891731 0.9898184 0.8914027 0.8745262 1.0317632 1.0373245 0 0.99658537
1.019204 0.16548501 0.9962078 0.9924427 0.6573219 0.6889701 0.682483 0.684224 0.69022405 0.7056938 0.6834774 0.6304238 0.6929902 0.6604514 0.66480625 0.9695119 0.97352946 1.0157093 1.0083846 0.65277135 0.6558819 0.2265048 0.97573 0.22380453 0.98125964 1.000751 0.684224 0.6859691 0.99658537 0
