0 0.9691478 0.9790429 0.97426224 0.9920673 0.9713354 0.99056727 0.97316337 0.9857129 0.9727974 0.6669932 0.9853408 0.6604514 0.67040783 0.67580533 0.9738958 0.9662408 0.9950763 0.99847597 0.9691478 0.9655158 0.97573 0.9727974 0.97609735 0.97720057 0.63928306 0.6406915 0.6694307 0.9845971 0.98237044
0.9691478 0 0.21044709 0.39048862 0.5955548 0.46102932 0.45642072 0.58348435 0.6972853 0.6892207 0.98794943 0.6078228 0.9827411 0.97720057 0.9655158 0.5828315 0.57719725 0.68972224 0.6892207 0.3926799 0.39318648 0.46380812 0.69804585 0.46343702 0.6802505 0.9658782 0.9662408 0.98794943 0.4652944 0.46380812
0.9790429 0.21044709 0 0.38897535 0.59888077 0.46548036 0.45826077 0.58982456 0.695261 0.69399863 0.99281836 0.60984945 0.9931942 0.9783054 0.97352946 0.58348435 0.5793593 0.68972224 0.68972224 0.3925111 0.3930176 0.4656664 0.70466954 0.4656664 0.6877182 0.9768326 0.97867405 0.99923354 0.471269 0.46492255
0.97426224 0.39048862 0.38897535 0 0.60669917 0.46380812 0.45936695 0.593787 0.69399863 0.6844731 0.97426224 0.60804766 0.9738958 0.9626228 0.9604604 0.5977705 0.5889469 0.69148016 0.69122875 0.20241436 0.20280741 0.47108158 0.7080034 0.47089422 0.6927383 0.97352946 0.96769285 0.9783054 0.471269 0.4606596
0.9920673 0.5955548 0.59888077 0.60669917 0 0.5982144 0.5966618 0.163617 0.6887196 0.6807461 0.9831119 0.547981 0.9775687 0.9779369 0.97978103 0.16287111 0.16063786 0.6924865 0.69122875 0.61596274 0.61596274 0.60894805 0.71367943 0.60894805 0.69906104 0.9611805 0.9901927 0.98348296 0.60669917 0.60535306
0.9713354 0.46102932 0.46548036 0.46380812 0.5982144 0 0.15079197 0.5975486 0.69956917 0.68972224 0.9669665 0.6019983 0.9608204 0.9655158 0.96190137 0.58960503 0.58785117 0.6827315 0.68223464 0.47389796 0.47352183 0.1752743 0.7033912 0.17426437 0.6864684 0.96010065 0.9651536 0.9753628 0.28616497 0.2093887
0.99056727 0.45642072 0.45826077 0.45936695 0.5966618 0.15079197 0 0.5948914 0.6937464 0.6874681 0.9898184 0.6078228 0.9842255 0.98869646 0.9801504 0.5889469 0.582614 0.6767909 0.67654437 0.46455088 0.46436512 0.16873392 0.70466954 0.16760771 0.6832287 0.9687838 0.98237044 0.9872032 0.27960324 0.20372532
0.97316337 0.58348435 0.58982456 0.593787 0.163617 0.5975486 0.5948914 0 0.6847222 0.6775309 0.9783054 0.5430141 0.97978103 0.9658782 0.9680563 0.12554516 0.12235993 0.6869681 0.6864684 0.6019983 0.6011063 0.59888077 0.7026252 0.59910303 0.6927383 0.95508146 0.98125964 0.9783054 0.6008834 0.6033384
0.9857129 0.6972853 0.695261 0.69399863 0.6887196 0.69956917 0.6937464 0.6847222 0 0.10306851 1.0091523 0.6894714 1.0030329 0.9946995 1.0037951 0.6859691 0.67654437 0.2927846 0.2938196 0.68972224 0.69173163 0.6993151 0.41443047 0.69753873 0.35836557 0.9669665 0.9658782 0.99923354 0.70466954 0.69122875
0.9727974 0.6892207 0.69399863 0.6844731 0.6807461 0.68972224 0.6874681 0.6775309 0.10306851 0 0.99999183 0.6907262 0.99961257 0.9853408 1.0053219 0.68173814 0.6731017 0.29012972 0.29130852 0.67802465 0.6785187 0.6882187 0.41148216 0.68621874 0.35482633 0.959741 0.9713354 0.9920673 0.69399863 0.6832287
0.6669932 0.98794943 0.99281836 0.97426224 0.9831119 0.9669665 0.9898184 0.9783054 1.0091523 0.99999183 0 0.9924427 0.09371904 0.3177218 0.31573868 0.97941184 0.97426224 1.0072346 1.0099207 0.9783054 0.9779369 0.9698763 1.0160967 0.9680563 1.005704 0.6812419 0.6772841 0.2927846 0.97941184 0.9746289
0.9853408 0.6078228 0.60984945 0.60804766 0.547981 0.6019983 0.6078228 0.5430141 0.6894714 0.6907262 0.9924427 0 0.9808897 1.001891 0.99999183 0.5362379 0.537875 0.6882187 0.69148016 0.6078228 0.6082727 0.6093986 0.6947558 0.60804766 0.6869681 0.96769285 0.98907024 0.98832285 0.61256033 0.6033384
0.6604514 0.9827411 0.9931942 0.9738958 0.9775687 0.9608204 0.9842255 0.97978103 1.0030329 0.99961257 0.09371904 0.9808897 0 0.31833306 0.31955704 0.9764649 0.9727974 1.005704 1.0095364 0.97573 0.97316337 0.9706055 1.0064689 0.9662408 1.0041765 0.6790131 0.6760516 0.28954104 0.97720057 0.9691478
0.67040783 0.97720057 0.9783054 0.9626228 0.9779369 0.9655158 0.98869646 0.9658782 0.9946995 0.9853408 0.3177218 1.001891 0.31833306 0 0.0931527 0.9779369 0.9669665 0.99169195 0.9939465 0.97206604 0.96841997 0.98237044 1.0091523 0.9831119 0.9939465 0.6770375 0.66796726 0.3197102 0.9669665 0.9658782
0.67580533 0.9655158 0.97352946 0.9604604 0.97978103 0.96190137 0.9801504 0.9680563 1.0037951 1.0053219 0.31573868 0.99999183 0.31955704 0.0931527 0 0.9768326 0.9673296 0.9962078 0.99999183 0.9738958 0.9709704 0.9651536 1.0172604 0.9669665 1.0003713 0.6775309 0.67654437 0.32078305 0.9637064 0.9583042
0.9738958 0.5828315 0.58348435 0.5977705 0.16287111 0.58960503 0.5889469 0.12554516 0.6859691 0.68173814 0.97941184 0.5362379 0.9764649 0.9779369 0.9768326 0 0.07326475 0.6899731 0.6884691 0.60423315 0.6026681 0.5957761 0.70364666 0.59599745 0.6962725 0.9557965 0.9768326 0.9764649 0.6019983 0.5955548
0.9662408 0.57719725 0.5793593 0.5889469 0.16063786 0.58785117 0.582614 0.12235993 0.67654437 0.6731017 0.97426224 0.537875 0.9727974 0.9669665 0.9673296 0.07326475 0 0.6844731 0.68298006 0.5964403 0.5962188 0.5902638 0.70033205 0.5904835 0.684224 0.9483231 0.97206604 0.97316337 0.5964403 0.59004414
0.9950763 0.68972224 0.68972224 0.69148016 0.6924865 0.6827315 0.6767909 0.6869681 0.2927846 0.29012972 1.0072346 0.6882187 1.005704 0.99169195 0.9962078 0.6899731 0.6844731 0 0.010168623 0.68173814 0.6837262 0.6782716 0.4100987 0.6775309 0.35788196 0.9898184 0.9943229 0.99885464 0.6907262 0.6775309
0.99847597 0.6892207 0.68972224 0.69122875 0.69122875 0.68223464 0.67654437 0.6864684 0.2938196 0.29130852 1.0099207 0.69148016 1.0095364 0.9939465 0.99999183 0.6884691 0.68298006 0.010168623 0 0.68198633 0.68397504 0.6782716 0.41217485 0.6775309 0.35901088 0.98832285 0.9946995 1.0022715 0.69097745 0.6775309
0.9691478 0.3926799 0.3925111 0.20241436 0.61596274 0.47389796 0.46455088 0.6019983 0.68972224 0.67802465 0.9783054 0.6078228 0.97573 0.97206604 0.9738958 0.60423315 0.5964403 0.68173814 0.68198633 0 0.010269996 0.471644 0.7013504 0.47051957 0.6854701 0.990942 0.9838541 0.98237044 0.472958 0.47277015
0.9655158 0.39318648 0.3930176 0.20280741 0.61596274 0.47352183 0.46436512 0.6011063 0.69173163 0.6785187 0.9779369 0.6082727 0.97316337 0.96841997 0.9709704 0.6026681 0.5962188 0.6837262 0.68397504 0.010269996 0 0.47220686 0.7013504 0.47108158 0.6864684 0.9894442 0.9816297 0.98051995 0.471269 0.4720192
0.97573 0.46380812 0.4656664 0.47108158 0.60894805 0.1752743 0.16873392 0.59888077 0.6993151 0.6882187 0.9698763 0.6093986 0.9706055 0.98237044 0.9651536 0.5957761 0.5902638 0.6782716 0.6782716 0.471644 0.47220686 0 0.7031358 0.005923329 0.6927383 0.96479154 0.9860852 0.9872032 0.29175103 0.21696252
0.9727974 0.69804585 0.70466954 0.7080034 0.71367943 0.7033912 0.70466954 0.7026252 0.41443047 0.41148216 1.0160967 0.6947558 1.0064689 1.0091523 1.0172604 0.70364666 0.70033205 0.4100987 0.41217485 0.7013504 0.7013504 0.7031358 0 0.7023701 0.41286817 0.9775687 0.97978103 1.019204 0.70390224 0.6904751
0.97609735 0.46343702 0.4656664 0.47089422 0.60894805 0.17426437 0.16760771 0.59910303 0.69753873 0.68621874 0.9680563 0.60804766 0.9662408 0.9831119 0.9669665 0.59599745 0.5904835 0.6775309 0.6775309 0.47051957 0.47108158 0.005923329 0.7023701 0 0.6899731 0.96298385 0.98496884 0.98794943 0.29116106 0.21642852
0.97720057 0.6802505 0.6877182 0.6927383 0.69906104 0.6864684 0.6832287 0.6927383 0.35836557 0.35482633 1.005704 0.6869681 1.0041765 0.9939465 1.0003713 0.6962725 0.684224 0.35788196 0.35901088 0.6854701 0.6864684 0.6927383 0.41286817 0.6899731 0 0.97867405 0.96226203 1.0015109 0.6844731 0.6834774
0.63928306 0.9658782 0.9768326 0.97352946 0.9611805 0.96010065 0.9687838 0.95508146 0.9669665 0.959741 0.6812419 0.96769285 0.6790131 0.6770375 0.6775309 0.9557965 0.9483231 0.9898184 0.98832285 0.990942 0.9894442 0.96479154 0.9775687 0.96298385 0.97867405 0 0.34351677 0.67065233 0.9673296 0.98051995
0.6406915 0.9662408 0.97867405 0.96769285 0.9901927 0.9651536 0.98237044 0.98125964 0.9658782 0.9713354 0.6772841 0.98907024 0.6760516 0.66796726 0.67654437 0.9768326 0.97206604 0.9943229 0.9946995 0.9838541 0.9816297 0.9860852 0.97978103 0.98496884 0.96226203 0.34351677 0 0.67212105 0.9691478 0.9860852
0.6694307 0.98794943 0.99923354 0.9783054 0.98348296 0.9753628 0.9872032 0.9783054 0.99923354 0.9920673 0.2927846 0.98832285 0.28954104 0.3197102 0.32078305 0.9764649 0.97316337 0.99885464 1.0022715 0.98237044 0.98051995 0.9872032 1.019204 0.98794943 1.0015109 0.67065233 0.67212105 0 0.9827411 0.9842255
0.9845971 0.4652944 0.471269 0.471269 0.60669917 0.28616497 0.27960324 0.6008834 0.70466954 0.69399863 0.97941184 0.61256033 0.97720057 0.9669665 0.9637064 0.6019983 0.5964403 0.6907262 0.69097745 0.472958 0.471269 0.29175103 0.70390224 0.29116106 0.6844731 0.9673296 0.9691478 0.9827411 0 0.28178412
0.98237044 0.46380812 0.46492255 0.4606596 0.60535306 0.2093887 0.20372532 0.6033384 0.69122875 0.6832287 0.9746289 0.6033384 0.9691478 0.9658782 0.9583042 0.5955548 0.59004414 0.6775309 0.6775309 0.47277015 0.4720192 0.21696252 0.6904751 0.21642852 0.6834774 0.98051995 0.9860852 0.9842255 0.28178412 0
