0 1.032159 0.9939465 1.0053219 1.0203725 1.0199828 1.0133885 1.001891 1.0207624 1.015322 1.0211525 0.8726031 1.0160967 0.98645765 0.99131685 1.01069 1.002652 1.002652 1.0060863 1.0091523 1.0270288 1.0003713 1.0160967 1.0030329 1.0293922 1.002652 1.0091523 0.99999183 0.9977191 1.0099207
1.032159 0 0.28455567 0.8999856 0.89601207 0.90031767 0.94232726 0.9266836 0.9113596 0.90031767 0.8970035 1.0234975 0.8989902 0.9063204 0.908332 0.90498227 0.8963424 0.6962725 0.68621874 0.9374253 0.9391723 0.700841 0.8842163 0.7018601 0.9222244 0.8970035 0.97499573 0.9036466 0.6882187 0.8858435
0.9939465 0.28455567 0 0.8842163 0.8800019 0.87645423 0.9225665 0.92154074 0.8927168 0.8835664 0.9036466 1.0103053 0.8923881 0.8910746 0.890091 0.89766514 0.8897634 0.69173163 0.680994 0.93672764 0.932902 0.682483 0.8722831 0.68397504 0.903313 0.8678169 0.959741 0.8832416 0.6894714 0.8800019
1.0053219 0.8999856 0.8842163 0 0.21682899 0.6696748 0.944438 0.9405729 0.66383636 0.66286767 0.7896558 1.0076177 0.79512084 0.6484856 0.64469653 0.776869 0.7757428 0.90766084 0.90900373 0.9342909 0.93568236 0.86654574 0.7802575 0.86813504 0.6318157 0.7825251 0.9430302 0.67383814 0.88291705 0.7867954
1.0203725 0.89601207 0.8800019 0.21682899 0 0.6686986 0.9218825 0.9218825 0.6643211 0.6575622 0.78508437 1.0110749 0.7905161 0.6418672 0.6406915 0.77546155 0.77884376 0.89932185 0.89932185 0.9218825 0.91915274 0.85645306 0.7822413 0.85896355 0.6311194 0.7743376 0.9263396 0.66383636 0.86718106 0.7746184
1.0199828 0.90031767 0.87645423 0.6696748 0.6686986 0 0.94479036 0.9349863 0.16063786 0.16200183 0.8014989 1.0034139 0.80500084 0.47089422 0.46902296 0.79859304 0.79339075 0.891731 0.88910866 0.9335961 0.927372 0.86749893 0.79627645 0.86654574 0.6772841 0.79888314 0.9440858 0.44692463 0.8790327 0.78082377
1.0133885 0.94232726 0.9225665 0.944438 0.9218825 0.94479036 0 0.13374715 0.94867724 0.9611805 0.929441 0.9977191 0.9391723 0.9188122 0.91983426 0.9430302 0.946908 0.92359364 0.9232511 0.936379 0.93672764 0.92393637 0.9301319 0.9259958 0.95080596 0.9335961 0.44222128 0.9270277 0.9184719 0.91983426
1.001891 0.9266836 0.92154074 0.9405729 0.9218825 0.9349863 0.13374715 0 0.9430302 0.95294064 0.94127417 0.99734104 0.94549555 0.9218825 0.9222244 0.94867724 0.94514287 0.9133848 0.9174517 0.9402225 0.9430302 0.9184719 0.9259958 0.91915274 0.9522284 0.936379 0.43754724 0.9205164 0.91983426 0.92462224
1.0207624 0.9113596 0.8927168 0.66383636 0.6643211 0.16063786 0.94867724 0.9430302 0 0.13076504 0.8082254 1.0110749 0.8094014 0.46977088 0.46920985 0.8147164 0.80529344 0.90164745 0.90264636 0.93568236 0.9342909 0.8812961 0.79540956 0.8790327 0.67163116 0.8017901 0.9430302 0.44837776 0.8907466 0.7896558
1.015322 0.90031767 0.8835664 0.66286767 0.6575622 0.16200183 0.9611805 0.95294064 0.13076504 0 0.806758 1.0141612 0.8082254 0.47033232 0.46827576 0.8038317 0.7977235 0.88454145 0.88910866 0.93151563 0.92771643 0.8640098 0.79598737 0.8621135 0.67285645 0.8120542 0.92909575 0.44910538 0.8745262 0.7853693
1.0211525 0.8970035 0.9036466 0.7896558 0.78508437 0.8014989 0.929441 0.94127417 0.8082254 0.806758 0 1.001891 0.11918818 0.80441606 0.806758 0.38261938 0.39032033 0.90900373 0.9127091 0.9374253 0.93568236 0.9019803 0.8073446 0.90264636 0.80851924 0.55675304 0.93812364 0.79917336 0.8963424 0.28382534
0.8726031 1.0234975 1.0103053 1.0076177 1.0110749 1.0034139 0.9977191 0.99734104 1.0110749 1.0141612 1.001891 0 0.99056727 0.9950763 0.9980974 0.99961257 0.9894442 1.0060863 1.0118452 1.0246727 1.018426 1.0087683 0.99885464 1.0091523 1.0266355 0.9977191 1.0223241 0.9943229 1.0022715 0.97941184
1.0160967 0.8989902 0.8923881 0.79512084 0.7905161 0.80500084 0.9391723 0.94549555 0.8094014 0.8082254 0.11918818 0.99056727 0 0.80529344 0.8096957 0.3842868 0.3901521 0.8973342 0.9059856 0.9402225 0.93568236 0.8989902 0.8094014 0.8999856 0.8161995 0.55172795 0.9342909 0.800626 0.88943595 0.28557938
0.98645765 0.9063204 0.8910746 0.6484856 0.6418672 0.47089422 0.9188122 0.9218825 0.46977088 0.47033232 0.80441606 0.9950763 0.80529344 0 0.10894276 0.8014989 0.800626 0.877098 0.8790327 0.91169673 0.9127091 0.8643263 0.7830931 0.86591095 0.6532491 0.79483217 0.91949344 0.4720192 0.85896355 0.79656565
0.99131685 0.908332 0.890091 0.64469653 0.6406915 0.46902296 0.91983426 0.9222244 0.46920985 0.46827576 0.806758 0.9980974 0.8096957 0.10894276 0 0.8099901 0.81087404 0.877098 0.8738847 0.9127091 0.9123715 0.864643 0.78082377 0.86813504 0.65348804 0.7902292 0.9137229 0.471269 0.8608519 0.8003352
1.01069 0.90498227 0.89766514 0.776869 0.77546155 0.79859304 0.9430302 0.94867724 0.8147164 0.8038317 0.38261938 0.99961257 0.3842868 0.8014989 0.8099901 0 0.09462607 0.8910746 0.90264636 0.9232511 0.92085767 0.9019803 0.81294054 0.8999856 0.8020814 0.5544457 0.944438 0.80529344 0.8871479 0.3781358
1.002652 0.8963424 0.8897634 0.7757428 0.77884376 0.79339075 0.946908 0.94514287 0.80529344 0.7977235 0.39032033 0.9894442 0.3901521 0.800626 0.81087404 0.09462607 0 0.89469224 0.90031767 0.92909575 0.92085767 0.88910866 0.8047084 0.8881276 0.80529344 0.5578042 0.9465546 0.80441606 0.8751683 0.3832859
1.002652 0.6962725 0.69173163 0.90766084 0.89932185 0.891731 0.92359364 0.9133848 0.90164745 0.88454145 0.90900373 1.0060863 0.8973342 0.877098 0.877098 0.8910746 0.89469224 0 0.08695106 0.9465546 0.94514287 0.4846977 0.87774235 0.48546144 0.8914027 0.89469224 0.93812364 0.8920595 0.49121448 0.8858435
1.0060863 0.68621874 0.680994 0.90900373 0.89932185 0.88910866 0.9232511 0.9174517 0.90264636 0.88910866 0.9127091 1.0118452 0.9059856 0.8790327 0.8738847 0.90264636 0.90031767 0.08695106 0 0.9458484 0.94867724 0.48603475 0.8726031 0.48660854 0.89865875 0.895022 0.9360306 0.88943595 0.49121448 0.8983274
1.0091523 0.9374253 0.93672764 0.9342909 0.9218825 0.9335961 0.936379 0.9402225 0.93568236 0.93151563 0.9374253 1.0246727 0.9402225 0.91169673 0.9127091 0.9232511 0.92909575 0.9465546 0.9458484 0 0.07106275 0.9395222 0.91406107 0.94092345 0.9575869 0.94127417 0.9497408 0.9322085 0.928061 0.91711193
1.0270288 0.9391723 0.932902 0.93568236 0.91915274 0.927372 0.93672764 0.9430302 0.9342909 0.92771643 0.93568236 1.018426 0.93568236 0.9127091 0.9123715 0.92085767 0.92085767 0.94514287 0.94867724 0.07106275 0 0.94267863 0.91169673 0.94373375 0.9504507 0.94903165 0.9504507 0.9353342 0.9229087 0.92359364
1.0003713 0.700841 0.682483 0.86654574 0.85645306 0.86749893 0.92393637 0.9184719 0.8812961 0.8640098 0.9019803 1.0087683 0.8989902 0.8643263 0.864643 0.9019803 0.88910866 0.4846977 0.48603475 0.9395222 0.94267863 0 0.8803252 0.0063266093 0.890091 0.8933747 0.9249654 0.85959244 0.32988715 0.88780093
1.0160967 0.8842163 0.8722831 0.7802575 0.7822413 0.79627645 0.9301319 0.9259958 0.79540956 0.79598737 0.8073446 0.99885464 0.8094014 0.7830931 0.78082377 0.81294054 0.8047084 0.87774235 0.8726031 0.91406107 0.91169673 0.8803252 0 0.87677604 0.79425526 0.791952 0.93568236 0.7913773 0.88454145 0.8047084
1.0030329 0.7018601 0.68397504 0.86813504 0.85896355 0.86654574 0.9259958 0.91915274 0.8790327 0.8621135 0.90264636 1.0091523 0.8999856 0.86591095 0.86813504 0.8999856 0.8881276 0.48546144 0.48660854 0.94092345 0.94373375 0.0063266093 0.87677604 0 0.891731 0.895022 0.9256522 0.85896355 0.33081922 0.8884545
1.0293922 0.9222244 0.903313 0.6318157 0.6311194 0.6772841 0.95080596 0.9522284 0.67163116 0.67285645 0.80851924 1.0266355 0.8161995 0.6532491 0.65348804 0.8020814 0.80529344 0.8914027 0.89865875 0.9575869 0.9504507 0.890091 0.79425526 0.891731 0 0.8026644 0.94549555 0.6733471 0.8927168 0.7977235
1.002652 0.8970035 0.8678169 0.7825251 0.7743376 0.79888314 0.9335961 0.936379 0.8017901 0.8120542 0.55675304 0.9977191 0.55172795 0.79483217 0.7902292 0.5544457 0.5578042 0.89469224 0.895022 0.94127417 0.94903165 0.8933747 0.791952 0.895022 0.8026644 0 0.9405729 0.79109013 0.895022 0.5430141
1.0091523 0.97499573 0.959741 0.9430302 0.9263396 0.9440858 0.44222128 0.43754724 0.9430302 0.92909575 0.93812364 1.0223241 0.9342909 0.91949344 0.9137229 0.944438 0.9465546 0.93812364 0.9360306 0.9497408 0.9504507 0.9249654 0.93568236 0.9256522 0.94549555 0.9405729 0 0.91711193 0.9391723 0.91711193
0.99999183 0.9036466 0.8832416 0.67383814 0.66383636 0.44692463 0.9270277 0.9205164 0.44837776 0.44910538 0.79917336 0.9943229 0.800626 0.4720192 0.471269 0.80529344 0.80441606 0.8920595 0.88943595 0.9322085 0.9353342 0.85959244 0.7913773 0.85896355 0.6733471 0.79109013 0.91711193 0 0.8684533 0.78879654
0.9977191 0.6882187 0.6894714 0.88291705 0.86718106 0.8790327 0.9184719 0.91983426 0.8907466 0.8745262 0.8963424 1.0022715 0.88943595 0.85896355 0.8608519 0.8871479 0.8751683 0.49121448 0.49121448 0.928061 0.9229087 0.32988715 0.88454145 0.33081922 0.8927168 0.895022 0.9391723 0.8684533 0 0.87677604
1.0099207 0.8858435 0.8800019 0.7867954 0.7746184 0.78082377 0.91983426 0.92462224 0.7896558 0.7853693 0.28382534 0.97941184 0.28557938 0.79656565 0.8003352 0.3781358 0.3832859 0.8858435 0.8983274 0.91711193 0.92359364 0.88780093 0.8047084 0.8884545 0.7977235 0.5430141 0.91711193 0.78879654 0.87677604 0
