0 0.98949397313 0.98874623313 1.00194077313 0.97394557313 0.97909267313 0.99852574313 0.99286813313 0.99399627313 0.99211707313 0.99890441313 0.98725297313 1.00118057313 0.99701287313 0.89507177313 0.99362004313 0.99399627313 0.98762602313 0.98464687313 0.89639217313 0.89474201313 0.99625757313 1.00194077313 0.99625757313 1.00997047313 0.96375617313 0.98688012313 0.97357923313 0.96087017313 0.96015042313
0.98949397313 0 0.29209597313 1.01112467313 0.67758067313 0.68005264313 0.30070651313 0.30160293313 0.67856847313 0.67832137313 1.02825937313 0.94625121313 0.22183545313 0.21995609313 0.97138517313 1.02786547313 1.03023137313 0.68452287313 0.68302983313 0.97467867313 0.97467867313 0.68030027313 0.31807715313 0.68005264313 0.31214103313 0.93782413313 0.95727817313 0.65857381313 0.65881443313 0.67119133313
0.98874623313 0.29209597313 0 0.99512607313 0.67021322313 0.67610137313 0.17469271313 0.17494519313 0.67217082313 0.67315147313 0.98874623313 0.92501517313 0.29757747313 0.29460952313 0.94625121313 0.98650742313 0.98650742313 0.68527047313 0.68327847313 0.94695777313 0.94625121313 0.67241587313 0.30820957313 0.67217082313 0.30595077313 0.94027227313 0.95548867313 0.65282112313 0.65545231313 0.65521270313
1.00194077313 1.01112467313 0.99512607313 0 1.01731017313 1.01537177313 1.00004160313 0.98650742313 1.01575907313 1.02472247313 0.16404000313 1.00232127313 1.01925377313 1.01847577313 0.99776887313 0.16329373313 0.16391557313 1.02081217313 1.01731017313 0.99701287313 0.99550301313 1.00384487313 1.03141717313 1.00422627313 1.01498467313 1.00881807313 1.02786547313 0.99588017313 0.99890441313 0.99739081313
0.97394557313 0.67758067313 0.67021322313 1.01731017313 0 0.11386493913 0.68402481313 0.68726784313 0.13583155313 0.13403600313 1.01925377313 0.97029060313 0.69102722313 0.68527047313 0.96195114313 1.01847577313 1.01964297313 0.13643102313 0.13535231313 0.96883357313 0.96737937313 0.22371954313 0.68352717313 0.22398908313 0.68851887313 0.96484131313 0.95727817313 0.62631327313 0.63372537313 0.62885290313
0.97909267313 0.68005264313 0.67610137313 1.01537177313 0.11386493913 0 0.69228457313 0.69152993313 0.13739118313 0.13583155313 1.01382457313 0.96774262313 0.69228457313 0.68626851313 0.97541257313 1.01692217313 1.01925377313 0.13823232313 0.13727109313 0.98093947313 0.98020017313 0.22425872313 0.68651817313 0.22466336313 0.69556357313 0.96484131313 0.94132394313 0.63233000313 0.63535657313 0.63279477313
0.99852574313 0.30070651313 0.17469271313 1.00004160313 0.68402481313 0.69228457313 0 0.10185729313 0.68129167313 0.68203610313 1.00042107313 0.93191177313 0.31077781313 0.30836040313 0.96447937313 1.00613607313 1.00460787313 0.69253627313 0.69052487313 0.96592797313 0.96375617313 0.69253627313 0.31822997313 0.69253627313 0.31092915313 0.94731127313 0.97467867313 0.65905517313 0.65953684313 0.66558433313
0.99286813313 0.30160293313 0.17494519313 0.98650742313 0.68726784313 0.69152993313 0.10185729313 0 0.67782747313 0.68104377313 0.98837262313 0.93957197313 0.30580041313 0.30414861313 0.95763667313 0.99061704313 0.99024247313 0.68977201313 0.68851887313 0.95979077313 0.95727817313 0.69253627313 0.31700823313 0.69228457313 0.30941707313 0.94660437313 0.97211581313 0.65665132313 0.65857381313 0.66582721313
0.99399627313 0.67856847313 0.67217082313 1.01575907313 0.13583155313 0.13739118313 0.68129167313 0.67782747313 0 0.03505408013 1.01035507313 0.95656187313 0.69682847313 0.69379617313 0.97688237313 1.01421097313 1.01575907313 0.07962592313 0.07829278313 0.97983080313 0.97725034313 0.22574347313 0.67758067313 0.22574347313 0.69152993313 0.95907207313 0.95192227313 0.63116917313 0.62954707313 0.62355257313
0.99211707313 0.67832137313 0.67315147313 1.02472247313 0.13403600313 0.13583155313 0.68203610313 0.68104377313 0.03505408013 0 1.02159267313 0.96411771313 0.69228457313 0.68952117313 0.98204977313 1.02315597313 1.02472247313 0.07851481313 0.07751621313 0.98427527313 0.98204977313 0.22533825313 0.68352717313 0.22560837313 0.69505817313 0.96267257313 0.95548867313 0.63419104313 0.63140117313 0.62631327313
0.99890441313 1.02825937313 0.98874623313 0.16404000313 1.01925377313 1.01382457313 1.00042107313 0.98837262313 1.01035507313 1.02159267313 0 1.00080077313 1.02472247313 1.02511477313 0.99099177313 0.03515886313 0.03578788313 1.01847577313 1.01653427313 0.99174172313 0.99024247313 1.01459777313 1.03498587313 1.01498467313 1.01537177313 1.01305217313 1.01305217313 1.01073977313 1.01653427313 1.01731017313
0.98725297313 0.94625121313 0.92501517313 1.00232127313 0.97029060313 0.96774262313 0.93191177313 0.93957197313 0.95656187313 0.96411771313 1.00080077313 0 0.95943127313 0.95050047313 1.00575377313 1.00118057313 1.00270177313 0.96447937313 0.96087017313 1.00156067313 0.99814717313 0.95156664313 0.96267257313 0.95085573313 0.93677741313 0.87169317313 0.87650400313 0.95334677313 0.94801887313 0.92467201313
1.00118057313 0.22183545313 0.29757747313 1.01925377313 0.69102722313 0.69228457313 0.31077781313 0.30580041313 0.69682847313 0.69228457313 1.02472247313 0.95943127313 0 0.02775525813 0.97138517313 1.02629237313 1.02786547313 0.69885687313 0.69606927313 0.97211581313 0.97138517313 0.69784200313 0.32978167313 0.69758850313 0.31884157313 0.92914552313 0.95656187313 0.66655642313 0.66388613313 0.67659414313
0.99701287313 0.21995609313 0.29460952313 1.01847577313 0.68527047313 0.68626851313 0.30836040313 0.30414861313 0.69379617313 0.68952117313 1.02511477313 0.95050047313 0.02775525813 0 0.96701627313 1.02983657313 1.02983657313 0.69733507313 0.69480557313 0.96846974313 0.96810607313 0.69531077313 0.32637471313 0.69505817313 0.31807715313 0.93364587313 0.95299041313 0.66679967313 0.66194997313 0.67192577313
0.89507177313 0.97138517313 0.94625121313 0.99776887313 0.96195114313 0.97541257313 0.96447937313 0.95763667313 0.97688237313 0.98204977313 0.99099177313 1.00575377313 0.97138517313 0.96701627313 0 0.99286813313 0.99099177313 0.97761847313 0.97614712313 0.01847423913 0.01724540213 0.97577977313 0.97688237313 0.97614712313 0.96992607313 0.97761847313 0.98204977313 0.96267257313 0.95691997313 0.97211581313
0.99362004313 1.02786547313 0.98650742313 0.16329373313 1.01847577313 1.01692217313 1.00613607313 0.99061704313 1.01421097313 1.02315597313 0.03515886313 1.00118057313 1.02629237313 1.02983657313 0.99286813313 0 0.01642729513 1.02511477313 1.02354727313 0.99324397313 0.99286813313 1.01537177313 1.03657737313 1.01575907313 1.01459777313 1.01305217313 1.01692217313 1.01073977313 1.00958617313 1.01228057313
0.99399627313 1.03023137313 0.98650742313 0.16391557313 1.01964297313 1.01925377313 1.00460787313 0.99024247313 1.01575907313 1.02472247313 0.03578788313 1.00270177313 1.02786547313 1.02983657313 0.99099177313 0.01642729513 0 1.02825937313 1.02472247313 0.99174172313 0.99061704313 1.01925377313 1.03419127313 1.01964297313 1.01305217313 1.01305217313 1.01731017313 1.00997047313 1.01112467313 1.01150977313
0.98762602313 0.68452287313 0.68527047313 1.02081217313 0.13643102313 0.13823232313 0.69253627313 0.68977201313 0.07962592313 0.07851481313 1.01847577313 0.96447937313 0.69885687313 0.69733507313 0.97761847313 1.02511477313 1.02825937313 0 0.00617471512999999 0.98204977313 0.98130941313 0.22304611313 0.69002287313 0.22331540313 0.70165491313 0.96267257313 0.95656187313 0.62792844313 0.63140117313 0.62401193313
0.98464687313 0.68302983313 0.68327847313 1.01731017313 0.13535231313 0.13727109313 0.69052487313 0.68851887313 0.07829278313 0.07751621313 1.01653427313 0.96087017313 0.69606927313 0.69480557313 0.97614712313 1.02354727313 1.02472247313 0.00617471512999999 0 0.98056972313 0.97909267313 0.22318074313 0.68851887313 0.22345009313 0.69936487313 0.96231180313 0.95799524313 0.62677437313 0.63116917313 0.62401193313
0.89639217313 0.97467867313 0.94695777313 0.99701287313 0.96883357313 0.98093947313 0.96592797313 0.95979077313 0.97983080313 0.98427527313 0.99174172313 1.00156067313 0.97211581313 0.96846974313 0.01847423913 0.99324397313 0.99174172313 0.98204977313 0.98056972313 0 0.00627554212999999 0.97946161313 0.97614712313 0.97983080313 0.97541257313 0.97835517313 0.98093947313 0.96015042313 0.95620394313 0.97321314313
0.89474201313 0.97467867313 0.94625121313 0.99550301313 0.96737937313 0.98020017313 0.96375617313 0.95727817313 0.97725034313 0.98204977313 0.99024247313 0.99814717313 0.97138517313 0.96810607313 0.01724540213 0.99286813313 0.99061704313 0.98130941313 0.97909267313 0.00627554212999999 0 0.97761847313 0.97504550313 0.97798667313 0.97138517313 0.97651467313 0.98093947313 0.96051017313 0.95477402313 0.97175044313
0.99625757313 0.68030027313 0.67241587313 1.00384487313 0.22371954313 0.22425872313 0.69253627313 0.69253627313 0.22574347313 0.22533825313 1.01459777313 0.95156664313 0.69784200313 0.69531077313 0.97577977313 1.01537177313 1.01925377313 0.22304611313 0.22318074313 0.97946161313 0.97761847313 0 0.68927047313 0.000750099999999986 0.68776797313 0.93712617313 0.94837287313 0.62839057313 0.62954707313 0.62908423313
1.00194077313 0.31807715313 0.30820957313 1.03141717313 0.68352717313 0.68651817313 0.31822997313 0.31700823313 0.67758067313 0.68352717313 1.03498587313 0.96267257313 0.32978167313 0.32637471313 0.97688237313 1.03657737313 1.03419127313 0.69002287313 0.68851887313 0.97614712313 0.97504550313 0.68927047313 0 0.68901987313 0.31670307313 0.95192227313 0.97321314313 0.67290622313 0.67070210313 0.68079587313
0.99625757313 0.68005264313 0.67217082313 1.00422627313 0.22398908313 0.22466336313 0.69253627313 0.69228457313 0.22574347313 0.22560837313 1.01498467313 0.95085573313 0.69758850313 0.69505817313 0.97614712313 1.01575907313 1.01964297313 0.22331540313 0.22345009313 0.97983080313 0.97798667313 0.000750099999999986 0.68901987313 0 0.68701787313 0.93747507313 0.94872701313 0.62908423313 0.62977857313 0.62931561313
1.00997047313 0.31214103313 0.30595077313 1.01498467313 0.68851887313 0.69556357313 0.31092915313 0.30941707313 0.69152993313 0.69505817313 1.01537177313 0.93677741313 0.31884157313 0.31807715313 0.96992607313 1.01459777313 1.01305217313 0.70165491313 0.69936487313 0.97541257313 0.97138517313 0.68776797313 0.31670307313 0.68701787313 0 0.95121107313 0.97065527313 0.67610137313 0.66558433313 0.68427377313
0.96375617313 0.93782413313 0.94027227313 1.00881807313 0.96484131313 0.96484131313 0.94731127313 0.94660437313 0.95907207313 0.96267257313 1.01305217313 0.87169317313 0.92914552313 0.93364587313 0.97761847313 1.01305217313 1.01305217313 0.96267257313 0.96231180313 0.97835517313 0.97651467313 0.93712617313 0.95192227313 0.93747507313 0.95121107313 0 0.29460952313 0.93156540313 0.95584627313 0.94307997313
0.98688012313 0.95727817313 0.95548867313 1.02786547313 0.95727817313 0.94132394313 0.97467867313 0.97211581313 0.95192227313 0.95548867313 1.01305217313 0.87650400313 0.95656187313 0.95299041313 0.98204977313 1.01692217313 1.01731017313 0.95656187313 0.95799524313 0.98093947313 0.98093947313 0.94837287313 0.97321314313 0.94872701313 0.97065527313 0.29460952313 0 0.94448777313 0.96556557313 0.94307997313
0.97357923313 0.65857381313 0.65282112313 0.99588017313 0.62631327313 0.63233000313 0.65905517313 0.65665132313 0.63116917313 0.63419104313 1.01073977313 0.95334677313 0.66655642313 0.66679967313 0.96267257313 1.01073977313 1.00997047313 0.62792844313 0.62677437313 0.96015042313 0.96051017313 0.62839057313 0.67290622313 0.62908423313 0.67610137313 0.93156540313 0.94448777313 0 0.24726161313 0.25228397313
0.96087017313 0.65881443313 0.65545231313 0.99890441313 0.63372537313 0.63535657313 0.65953684313 0.65857381313 0.62954707313 0.63140117313 1.01653427313 0.94801887313 0.66388613313 0.66194997313 0.95691997313 1.00958617313 1.01112467313 0.63140117313 0.63116917313 0.95620394313 0.95477402313 0.62954707313 0.67070210313 0.62977857313 0.66558433313 0.95584627313 0.96556557313 0.24726161313 0 0.22331540313
0.96015042313 0.67119133313 0.65521270313 0.99739081313 0.62885290313 0.63279477313 0.66558433313 0.66582721313 0.62355257313 0.62631327313 1.01731017313 0.92467201313 0.67659414313 0.67192577313 0.97211581313 1.01228057313 1.01150977313 0.62401193313 0.62401193313 0.97321314313 0.97175044313 0.62908423313 0.68079587313 0.62931561313 0.68427377313 0.94307997313 0.94307997313 0.25228397313 0.22331540313 0
