0 0.9808897 1.0011308 0.9738958 1.0022715 0.9950763 0.97499573 0.98645765 0.9977191 0.9924427 0.97243166 0.6145999 0.97426224 0.9583042 0.9583042 0.98051995 0.9831119 0.9920673 0.99545324 0.9845971 0.98496884 0.97720057 0.9779369 0.97609735 0.97316337 0.9958304 1.0080011 0.9691478 0.9857129 0.9753628
0.9808897 0 0.99923354 0.9872032 0.89304566 0.88259256 0.9831119 0.9872032 0.88943595 0.891731 0.2436054 0.9433819 0.24084297 0.9768326 0.9709704 0.6437523 0.6413967 0.99281836 0.990942 0.9706055 0.96479154 0.9746289 0.98348296 0.9779369 0.9662408 0.99923354 1.0130024 0.31133363 0.8751683 0.97170067
1.0011308 0.99923354 0 0.45056275 1.0172604 1.019204 0.77771467 0.77405685 1.0286036 1.01069 0.98645765 1.0068517 0.9695119 0.77181464 0.7751804 1.0011308 1.0034139 0.2285364 0.22935058 0.60894805 0.60804766 0.43147868 0.4352211 0.43272406 0.4452932 0.33424672 0.3165008 1.0091523 1.002652 0.44312346
0.9738958 0.9872032 0.45056275 0 1.0022715 1.0080011 0.76790696 0.7690214 1.0022715 0.9958304 0.97867405 0.98645765 0.97316337 0.7867954 0.78337723 0.9950763 1.001891 0.4480142 0.45056275 0.6006607 0.5982144 0.1877576 0.39589408 0.18917185 0.40630734 0.44402677 0.45129248 0.9779369 0.98348296 0.24374379
1.0022715 0.89304566 1.0172604 1.0022715 0 0.14494589 0.99999183 0.99131685 0.22975801 0.22935058 0.877098 1.000751 0.8754896 1.0041765 1.0068517 0.88910866 0.89766514 1.0053219 0.99999183 0.99281836 0.98907024 0.99131685 0.9958304 0.9931942 1.0091523 1.0037951 1.0137748 0.90098226 0.28470182 0.99734104
0.9950763 0.88259256 1.019204 1.0080011 0.14494589 0 0.9901927 0.9842255 0.22340032 0.2256937 0.8621135 0.99281836 0.86337715 0.98496884 0.9860852 0.8910746 0.90031767 0.9969631 0.9958304 0.99847597 0.99658537 0.98869646 0.9950763 0.990942 1.0068517 1.0003713 1.005704 0.88780093 0.28105646 1.001891
0.97499573 0.9831119 0.77771467 0.76790696 0.99999183 0.9901927 0 0.13950627 0.9943229 0.99169195 0.97978103 0.98907024 0.9669665 0.30514956 0.3062018 0.97170067 0.9709704 0.75822586 0.7587757 0.74975425 0.75411475 0.7511142 0.7676286 0.75165886 0.7623596 0.7760242 0.77715075 0.9831119 0.9801504 0.7587757
0.98645765 0.9872032 0.77405685 0.7690214 0.99131685 0.9842255 0.13950627 0 0.9950763 0.98051995 0.9783054 0.9768326 0.96190137 0.3052998 0.3077075 0.9698763 0.9706055 0.7609791 0.7590508 0.7609791 0.76346576 0.756853 0.76846397 0.75767636 0.7681854 0.7681854 0.77940893 0.97978103 0.98869646 0.7609791
0.9977191 0.88943595 1.0286036 1.0022715 0.22975801 0.22340032 0.9943229 0.9950763 0 0.14482458 0.87324363 0.99357027 0.88454145 0.9901927 0.99281836 0.8933747 0.90766084 1.0003713 0.99961257 1.0064689 0.9969631 0.9898184 1.0003713 0.9939465 1.0072346 1.0099207 1.0030329 0.90264636 0.28631145 1.0030329
0.9924427 0.891731 1.01069 0.9958304 0.22935058 0.2256937 0.99169195 0.98051995 0.14482458 0 0.8803252 0.9946995 0.8858435 0.9727974 0.97170067 0.88682157 0.9029796 0.99131685 0.9898184 1.0003713 0.9962078 0.9709704 0.99885464 0.97573 0.99923354 0.99885464 1.0022715 0.9096761 0.28616497 0.9939465
0.97243166 0.2436054 0.98645765 0.97867405 0.877098 0.8621135 0.97978103 0.9783054 0.87324363 0.8803252 0 0.9483231 0.10975263 0.982 0.9727974 0.62534213 0.62603307 0.98348296 0.9801504 0.95794547 0.95151687 0.95866317 0.97426224 0.959741 0.9518725 0.98125964 0.98757625 0.30424884 0.86972773 0.9666036
0.6145999 0.9433819 1.0068517 0.98645765 1.000751 0.99281836 0.98907024 0.9768326 0.99357027 0.9946995 0.9483231 0 0.94903165 0.9958304 1.0003713 0.9857129 0.9816297 0.9857129 0.9901927 0.9853408 0.9790429 0.9931942 0.98794943 0.9950763 0.9691478 0.9977191 1.0215429 0.9590223 0.9931942 0.9939465
0.97426224 0.24084297 0.9695119 0.97316337 0.8754896 0.86337715 0.9669665 0.96190137 0.88454145 0.8858435 0.10975263 0.94903165 0 0.9543672 0.94903165 0.62741685 0.627186 0.9669665 0.96298385 0.9565121 0.9493862 0.94867724 0.9626228 0.95080596 0.946908 0.9651536 0.97978103 0.30065674 0.8694089 0.9637064
0.9583042 0.9768326 0.77181464 0.7867954 1.0041765 0.98496884 0.30514956 0.3052998 0.9901927 0.9727974 0.982 0.9958304 0.9543672 0 0.048643928 0.9593815 0.9658782 0.75767636 0.75960124 0.7706961 0.77181464 0.7609791 0.7791263 0.76346576 0.7701374 0.7734957 0.78650993 0.9709704 0.9838541 0.76623845
0.9583042 0.9709704 0.7751804 0.78337723 1.0068517 0.9860852 0.3062018 0.3077075 0.99281836 0.97170067 0.9727974 1.0003713 0.94903165 0.048643928 0 0.96769285 0.97499573 0.761255 0.7620833 0.7709756 0.7729349 0.761531 0.778279 0.76374257 0.77153486 0.7763057 0.7853693 0.9658782 0.9831119 0.76346576
0.98051995 0.6437523 1.0011308 0.9950763 0.88910866 0.8910746 0.97170067 0.9698763 0.8933747 0.88682157 0.62534213 0.9857129 0.62741685 0.9593815 0.96769285 0 0.044918668 0.99545324 0.9931942 0.9790429 0.9698763 0.96190137 0.9946995 0.9644296 0.98757625 0.98683035 1.0234975 0.6350735 0.8864954 0.98125964
0.9831119 0.6413967 1.0034139 1.001891 0.89766514 0.90031767 0.9709704 0.9706055 0.90766084 0.9029796 0.62603307 0.9816297 0.627186 0.9658782 0.97499573 0.044918668 0 0.99961257 0.99885464 0.9775687 0.96841997 0.96190137 0.99847597 0.9644296 0.99281836 0.9924427 1.0293922 0.63414127 0.8904187 0.9853408
0.9920673 0.99281836 0.2285364 0.4480142 1.0053219 0.9969631 0.75822586 0.7609791 1.0003713 0.99131685 0.98348296 0.9857129 0.9669665 0.75767636 0.761255 0.99545324 0.99961257 0 0.02884775 0.5975486 0.59954774 0.42810866 0.43379322 0.4293485 0.44656178 0.33113015 0.3143688 0.9950763 0.99545324 0.43700978
0.99545324 0.990942 0.22935058 0.45056275 0.99999183 0.9958304 0.7587757 0.7590508 0.99961257 0.9898184 0.9801504 0.9901927 0.96298385 0.75960124 0.7620833 0.9931942 0.99885464 0.02884775 0 0.5977705 0.59932536 0.43059036 0.4345068 0.43201217 0.44946945 0.3340906 0.31680587 0.9842255 0.99169195 0.44150028
0.9845971 0.9706055 0.60894805 0.6006607 0.99281836 0.99847597 0.74975425 0.7609791 1.0064689 1.0003713 0.95794547 0.9853408 0.9565121 0.7706961 0.7709756 0.9790429 0.9775687 0.5975486 0.5977705 0 0.026254207 0.57762915 0.5920233 0.57806134 0.5997702 0.6026681 0.60535306 0.9860852 0.9946995 0.59932536
0.98496884 0.96479154 0.60804766 0.5982144 0.98907024 0.99658537 0.75411475 0.76346576 0.9969631 0.9962078 0.95151687 0.9790429 0.9493862 0.77181464 0.7729349 0.9698763 0.96841997 0.59954774 0.59932536 0.026254207 0 0.5789264 0.5929046 0.57957584 0.60043794 0.60222155 0.60557723 0.97941184 0.99131685 0.59865856
0.97720057 0.9746289 0.43147868 0.1877576 0.99131685 0.98869646 0.7511142 0.756853 0.9898184 0.9709704 0.95866317 0.9931942 0.94867724 0.7609791 0.761531 0.96190137 0.96190137 0.42810866 0.43059036 0.57762915 0.5789264 0 0.38245285 0.006124942 0.39453906 0.42634106 0.44204095 0.97024083 0.97352946 0.23247984
0.9779369 0.98348296 0.4352211 0.39589408 0.9958304 0.9950763 0.7676286 0.76846397 1.0003713 0.99885464 0.97426224 0.98794943 0.9626228 0.7791263 0.778279 0.9946995 0.99847597 0.43379322 0.4345068 0.5920233 0.5929046 0.38245285 0 0.38278595 0.3358099 0.43683073 0.44132015 0.9842255 0.9853408 0.3962332
0.97609735 0.9779369 0.43272406 0.18917185 0.9931942 0.990942 0.75165886 0.75767636 0.9939465 0.97573 0.959741 0.9950763 0.95080596 0.76346576 0.76374257 0.9644296 0.9644296 0.4293485 0.43201217 0.57806134 0.57957584 0.006124942 0.38278595 0 0.3935244 0.42757794 0.44294295 0.9706055 0.9764649 0.2326162
0.97316337 0.9662408 0.4452932 0.40630734 1.0091523 1.0068517 0.7623596 0.7681854 1.0072346 0.99923354 0.9518725 0.9691478 0.946908 0.7701374 0.77153486 0.98757625 0.99281836 0.44656178 0.44946945 0.5997702 0.60043794 0.39453906 0.3358099 0.3935244 0 0.44240162 0.4393415 0.9662408 0.9969631 0.4049334
0.9958304 0.99923354 0.33424672 0.44402677 1.0037951 1.0003713 0.7760242 0.7681854 1.0099207 0.99885464 0.98125964 0.9977191 0.9651536 0.7734957 0.7763057 0.98683035 0.9924427 0.33113015 0.3340906 0.6026681 0.60222155 0.42634106 0.43683073 0.42757794 0.44240162 0 0.33831772 1.0072346 1.0141612 0.43486387
1.0080011 1.0130024 0.3165008 0.45129248 1.0137748 1.005704 0.77715075 0.77940893 1.0030329 1.0022715 0.98757625 1.0215429 0.97978103 0.78650993 0.7853693 1.0234975 1.0293922 0.3143688 0.31680587 0.60535306 0.60557723 0.44204095 0.44132015 0.44294295 0.4393415 0.33831772 0 1.0160967 1.0087683 0.44965157
0.9691478 0.31133363 1.0091523 0.9779369 0.90098226 0.88780093 0.9831119 0.97978103 0.90264636 0.9096761 0.30424884 0.9590223 0.30065674 0.9709704 0.9658782 0.6350735 0.63414127 0.9950763 0.9842255 0.9860852 0.97941184 0.97024083 0.9842255 0.9706055 0.9662408 1.0072346 1.0160967 0 0.8904187 0.9669665
0.9857129 0.8751683 1.002652 0.98348296 0.28470182 0.28105646 0.9801504 0.98869646 0.28631145 0.28616497 0.86972773 0.9931942 0.8694089 0.9838541 0.9831119 0.8864954 0.8904187 0.99545324 0.99169195 0.9946995 0.99131685 0.97352946 0.9853408 0.9764649 0.9969631 1.0141612 1.0087683 0.8904187 0 0.9931942
0.9753628 0.97170067 0.44312346 0.24374379 0.99734104 1.001891 0.7587757 0.7609791 1.0030329 0.9939465 0.9666036 0.9939465 0.9637064 0.76623845 0.76346576 0.98125964 0.9853408 0.43700978 0.44150028 0.59932536 0.59865856 0.23247984 0.3962332 0.2326162 0.4049334 0.43486387 0.44965157 0.9669665 0.9931942 0
