0 0.8937039 0.88616943 0.8914027 0.9043141 0.88682157 0.92017525 0.9106857 0.45476854 0.46139923 0.890091 0.45056275 0.45770827 0.45992067 0.908332 0.91406107 0.9218825 0.90799636 0.9123715 0.88682157 0.8887815 0.890091 0.44983372 0.88910866 0.4507451 0.8914027 0.9253087 1.0242808 1.025065 0.46436512
0.8937039 0 0.17086585 0.26479682 0.3856234 0.19045985 0.38897535 0.38378617 0.86877173 0.87420535 0.4503804 0.8793556 0.8812961 0.87645423 0.38095567 0.3841199 0.38545617 0.26922247 0.2657939 0.44456926 0.44330403 0.19175006 0.87806475 0.19136275 0.8887815 0.38295257 0.38045728 1.01069 1.0160967 0.88064873
0.88616943 0.17086585 0 0.27008206 0.38780046 0.1942076 0.38947943 0.38311923 0.8713238 0.87581104 0.4443884 0.8897634 0.8787099 0.8729233 0.38462073 0.38679487 0.38763276 0.2746833 0.27094263 0.43952116 0.43880278 0.19343066 0.89667284 0.19200836 0.8920595 0.38228634 0.38261938 1.015322 1.0064689 0.8858435
0.8914027 0.26479682 0.27008206 0 0.39521626 0.26565138 0.3950469 0.39453906 0.870685 0.8793556 0.4474692 0.891731 0.8914027 0.88162 0.38679487 0.38830376 0.39099374 0.1732558 0.17048919 0.44366533 0.44475016 0.26636422 0.8842163 0.26664954 0.8884545 0.39453906 0.39183635 1.0242808 1.01146 0.8871479
0.9043141 0.3856234 0.38780046 0.39521626 0 0.38813597 0.1427653 0.14555272 0.85833514 0.8726031 0.45476854 0.8793556 0.88943595 0.87581104 0.33284268 0.3326868 0.33831772 0.39980343 0.39861146 0.4536691 0.45348603 0.3901521 0.8842163 0.38897535 0.8851922 0.401168 0.3350279 1.0168724 1.0080011 0.8800019
0.88682157 0.19045985 0.1942076 0.26565138 0.38813597 0 0.38780046 0.3856234 0.8602219 0.8703658 0.45092753 0.87420535 0.87677604 0.8726031 0.383953 0.38579065 0.38679487 0.27223536 0.2679349 0.44475016 0.44402677 0.13890429 0.890091 0.13914502 0.88064873 0.383953 0.37780476 1.0060863 1.0130024 0.88291705
0.92017525 0.38897535 0.38947943 0.3950469 0.1427653 0.38780046 0 0.13147967 0.8754896 0.8874743 0.46362254 0.8832416 0.89304566 0.8848668 0.3312857 0.32895625 0.3337784 0.39946267 0.3962332 0.45807657 0.45678836 0.38914335 0.8953518 0.38696238 0.90231323 0.40373325 0.33206376 1.0274222 1.002652 0.88226825
0.9106857 0.38378617 0.38311923 0.39453906 0.14555272 0.3856234 0.13147967 0 0.86909026 0.8842163 0.45955148 0.8812961 0.89667284 0.8874743 0.33455908 0.33346638 0.33659267 0.40321952 0.40150952 0.45330298 0.4540354 0.38763276 0.8970035 0.3856234 0.9069903 0.40751162 0.33596638 1.0274222 1.0188149 0.8803252
0.45476854 0.86877173 0.8713238 0.870685 0.85833514 0.8602219 0.8754896 0.86909026 0 0.13017003 0.8694089 0.44910538 0.30215135 0.302301 0.8943626 0.88682157 0.8953518 0.88194406 0.8904187 0.8636934 0.863061 0.8461853 0.4578924 0.84587634 0.45678836 0.8858435 0.88291705 1.0015109 1.0099207 0.30364898
0.46139923 0.87420535 0.87581104 0.8793556 0.8726031 0.8703658 0.8874743 0.8842163 0.13017003 0 0.8920595 0.45770827 0.3119397 0.31027418 0.9059856 0.90164745 0.9063204 0.8933747 0.90498227 0.8774201 0.8800019 0.86148244 0.46827576 0.8592779 0.47108158 0.89304566 0.8910746 1.0103053 1.0103053 0.31284967
0.890091 0.4503804 0.4443884 0.4474692 0.45476854 0.45092753 0.46362254 0.45955148 0.8694089 0.8920595 0 0.8904187 0.890091 0.88226825 0.4578924 0.45936695 0.4628807 0.4566045 0.45678836 0.12898144 0.12969437 0.4458366 0.8937039 0.4454743 0.88616943 0.45807657 0.4540354 1.025065 1.0278157 0.88910866
0.45056275 0.8793556 0.8897634 0.891731 0.8793556 0.87420535 0.8832416 0.8812961 0.44910538 0.45770827 0.8904187 0 0.46325153 0.46399376 0.8973342 0.8907466 0.8940332 0.8923881 0.9053166 0.8933747 0.89469224 0.8662283 0.40544835 0.8652767 0.3975913 0.8996537 0.9063204 1.0270288 1.015322 0.45770827
0.45770827 0.8812961 0.8787099 0.8914027 0.88943595 0.87677604 0.89304566 0.89667284 0.30215135 0.3119397 0.890091 0.46325153 0 0.10226581 0.9100125 0.9053166 0.91406107 0.8933747 0.9006499 0.8953518 0.8979962 0.86972773 0.46084443 0.870685 0.45918247 0.8881276 0.90565103 1.0095364 1.0137748 0.19097567
0.45992067 0.87645423 0.8729233 0.88162 0.87581104 0.8726031 0.8848668 0.8874743 0.302301 0.31027418 0.88226825 0.46399376 0.10226581 0 0.90900373 0.9019803 0.9100125 0.891731 0.8963424 0.8800019 0.88162 0.86591095 0.46325153 0.86909026 0.45881367 0.8787099 0.8914027 1.014548 0.99847597 0.19084668
0.908332 0.38095567 0.38462073 0.38679487 0.33284268 0.383953 0.3312857 0.33455908 0.8943626 0.9059856 0.4578924 0.8973342 0.9100125 0.90900373 0 0.088074826 0.08784994 0.38579065 0.383953 0.44928738 0.4480142 0.38478774 0.910349 0.38311923 0.9110226 0.40219304 0.30891424 1.0453417 1.0405211 0.9053166
0.91406107 0.3841199 0.38679487 0.38830376 0.3326868 0.38579065 0.32895625 0.33346638 0.88682157 0.90164745 0.45936695 0.8907466 0.9053166 0.9019803 0.088074826 0 0.056150425 0.38931137 0.3888074 0.4503804 0.45019814 0.38462073 0.91541547 0.38261938 0.9036466 0.39912206 0.31133363 1.0373245 1.0301816 0.90264636
0.9218825 0.38545617 0.38763276 0.39099374 0.33831772 0.38679487 0.3337784 0.33659267 0.8953518 0.9063204 0.4628807 0.8940332 0.91406107 0.9100125 0.08784994 0.056150425 0 0.3914992 0.3914992 0.4536691 0.45421863 0.38679487 0.9232511 0.38378617 0.9053166 0.40339074 0.31543407 1.030972 1.0199828 0.9096761
0.90799636 0.26922247 0.2746833 0.1732558 0.39980343 0.27223536 0.39946267 0.40321952 0.88194406 0.8933747 0.4566045 0.8923881 0.8933747 0.891731 0.38579065 0.38931137 0.3914992 0 0.05046004 0.45642072 0.45531887 0.27223536 0.8999856 0.27266678 0.8907466 0.3974214 0.39099374 1.0211525 1.0262426 0.88943595
0.9123715 0.2657939 0.27094263 0.17048919 0.39861146 0.2679349 0.3962332 0.40150952 0.8904187 0.90498227 0.45678836 0.9053166 0.9006499 0.8963424 0.383953 0.3888074 0.3914992 0.05046004 0 0.45421863 0.45330298 0.26722056 0.9086678 0.267792 0.8989902 0.39487758 0.38545617 1.0246727 1.0266355 0.8933747
0.88682157 0.44456926 0.43952116 0.44366533 0.4536691 0.44475016 0.45807657 0.45330298 0.8636934 0.8774201 0.12898144 0.8933747 0.8953518 0.8800019 0.44928738 0.4503804 0.4536691 0.45642072 0.45421863 0 0.021299606 0.44366533 0.8940332 0.442582 0.8855178 0.4522057 0.44493115 1.0176488 1.01146 0.8897634
0.8887815 0.44330403 0.43880278 0.44475016 0.45348603 0.44402677 0.45678836 0.4540354 0.863061 0.8800019 0.12969437 0.89469224 0.8979962 0.88162 0.4480142 0.45019814 0.45421863 0.45531887 0.45330298 0.021299606 0 0.44222128 0.8989902 0.44096002 0.88291705 0.45275414 0.44456926 1.0199828 1.0164845 0.8937039
0.890091 0.19175006 0.19343066 0.26636422 0.3901521 0.13890429 0.38914335 0.38763276 0.8461853 0.86148244 0.4458366 0.8662283 0.86972773 0.86591095 0.38478774 0.38462073 0.38679487 0.27223536 0.26722056 0.44366533 0.44222128 0 0.8790327 0.020579787 0.8700467 0.38311923 0.37863266 0.99169195 0.99999183 0.8722831
0.44983372 0.87806475 0.89667284 0.8842163 0.8842163 0.890091 0.8953518 0.8970035 0.4578924 0.46827576 0.8937039 0.40544835 0.46084443 0.46325153 0.910349 0.91541547 0.9232511 0.8999856 0.9086678 0.8940332 0.8989902 0.8790327 0 0.8787099 0.40236402 0.89932185 0.9225665 1.0353336 1.0195932 0.46790242
0.88910866 0.19136275 0.19200836 0.26664954 0.38897535 0.13914502 0.38696238 0.3856234 0.84587634 0.8592779 0.4454743 0.8652767 0.870685 0.86909026 0.38311923 0.38261938 0.38378617 0.27266678 0.267792 0.442582 0.44096002 0.020579787 0.8787099 0 0.8694089 0.38445374 0.37730846 0.9920673 1.002652 0.877098
0.4507451 0.8887815 0.8920595 0.8884545 0.8851922 0.88064873 0.90231323 0.9069903 0.45678836 0.47108158 0.88616943 0.3975913 0.45918247 0.45881367 0.9110226 0.9036466 0.9053166 0.8907466 0.8989902 0.8855178 0.88291705 0.8700467 0.40236402 0.8694089 0 0.88194406 0.90766084 1.0176488 1.0168724 0.46510842
0.8914027 0.38295257 0.38228634 0.39453906 0.401168 0.383953 0.40373325 0.40751162 0.8858435 0.89304566 0.45807657 0.8996537 0.8881276 0.8787099 0.40219304 0.39912206 0.40339074 0.3974214 0.39487758 0.4522057 0.45275414 0.38311923 0.89932185 0.38445374 0.88194406 0 0.39538565 1.0076177 1.0126165 0.8871479
0.9253087 0.38045728 0.38261938 0.39183635 0.3350279 0.37780476 0.33206376 0.33596638 0.88291705 0.8910746 0.4540354 0.9063204 0.90565103 0.8914027 0.30891424 0.31133363 0.31543407 0.39099374 0.38545617 0.44493115 0.44456926 0.37863266 0.9225665 0.37730846 0.90766084 0.39538565 0 1.0441338 1.0313674 0.90231323
1.0242808 1.01069 1.015322 1.0242808 1.0168724 1.0060863 1.0274222 1.0274222 1.0015109 1.0103053 1.025065 1.0270288 1.0095364 1.014548 1.0453417 1.0373245 1.030972 1.0211525 1.0246727 1.0176488 1.0199828 0.99169195 1.0353336 0.9920673 1.0176488 1.0076177 1.0441338 0 0.3116366 1.0141612
1.025065 1.0160967 1.0064689 1.01146 1.0080011 1.0130024 1.002652 1.0188149 1.0099207 1.0103053 1.0278157 1.015322 1.0137748 0.99847597 1.0405211 1.0301816 1.0199828 1.0262426 1.0266355 1.01146 1.0164845 0.99999183 1.0195932 1.002652 1.0168724 1.0126165 1.0313674 0.3116366 0 0.99885464
0.46436512 0.88064873 0.8858435 0.8871479 0.8800019 0.88291705 0.88226825 0.8803252 0.30364898 0.31284967 0.88910866 0.45770827 0.19097567 0.19084668 0.9053166 0.90264636 0.9096761 0.88943595 0.8933747 0.8897634 0.8937039 0.8722831 0.46790242 0.877098 0.46510842 0.8871479 0.90231323 1.0141612 0.99885464 0
