0 0.6006607 0.58982456 0.62741685 0.62396216 0.9969631 0.9779369 0.98683035 0.58239657 0.9920673 0.9901927 0.9931942 0.61915225 0.62258476 0.59092313 0.58588296 0.5554936 0.5561231 0.57871 0.5713908 0.9808897 0.9831119 0.58675706 0.9872032 0.5997702 0.9838541 0.9838541 0.62603307 0.5979924 0.5975486
0.6006607 0 0.26522398 0.6437523 0.6348403 0.98832285 1.0080011 1.0195932 0.6164175 1.0060863 1.0064689 1.0022715 0.6406915 0.6374092 0.604457 0.6078228 0.59599745 0.59400773 0.610075 0.6060258 1.0030329 1.0080011 0.4958489 1.002652 0.4960426 0.9857129 1.0141612 0.6304238 0.48756576 0.48679987
0.58982456 0.26522398 0 0.63554007 0.62880313 0.97206604 1.0015109 0.99923354 0.60557723 0.9943229 0.99357027 0.98832285 0.63251257 0.6334428 0.5962188 0.60222155 0.59444946 0.591363 0.60535306 0.60244477 0.9801504 0.99056727 0.49662408 0.9845971 0.49025255 0.9931942 1.0011308 0.6180116 0.4846977 0.491407
0.62741685 0.6437523 0.63554007 0 0.28484803 0.98794943 0.98869646 0.99999183 0.6311194 0.9950763 1.0030329 0.9924427 0.515871 0.5170656 0.627186 0.6221262 0.62465185 0.62189704 0.62304366 0.62189704 1.0068517 1.0103053 0.63460726 1.0022715 0.62649405 1.01069 0.9779369 0.3632189 0.62787867 0.6484856
0.62396216 0.6348403 0.62880313 0.28484803 0 0.98869646 0.98051995 1.0022715 0.63414127 0.9783054 0.99131685 0.9713354 0.5176636 0.5226656 0.62926584 0.6304238 0.62258476 0.6228142 0.6332101 0.6276477 0.9842255 0.98645765 0.62488186 0.98496884 0.6343742 1.0049399 0.97720057 0.3687576 0.63088745 0.64587855
0.9969631 0.98832285 0.97206604 0.98794943 0.98869646 0 0.778279 0.77546155 0.98907024 0.27051222 0.27166054 0.4461991 1.0003713 0.9958304 1.0011308 1.0087683 0.9958304 0.99545324 1.005704 0.9939465 0.7693002 0.7791263 1.0080011 0.77856135 0.98907024 0.7876524 0.78394586 0.9842255 1.0053219 1.0238891
0.9779369 1.0080011 1.0015109 0.98869646 0.98051995 0.778279 0 0.2582775 0.9943229 0.7893693 0.7853693 0.77321523 0.98683035 0.9901927 1.0037951 1.0095364 0.9790429 0.9790429 0.99131685 0.9695119 0.718095 0.7254249 1.0072346 0.72384816 0.99169195 0.43183428 0.42740113 0.98832285 1.0045581 1.0258498
0.98683035 1.0195932 0.99923354 0.99999183 1.0022715 0.77546155 0.2582775 0 1.018426 0.79109013 0.790803 0.7746184 0.99169195 0.9775687 1.0130024 1.0203725 0.9901927 0.9898184 1.000751 0.9838541 0.73735726 0.73735726 1.0199828 0.73923063 1.014548 0.4254588 0.417914 0.9962078 1.0137748 1.0293922
0.58239657 0.6164175 0.60557723 0.6311194 0.63414127 0.98907024 0.9943229 1.018426 0 1.0068517 1.0122308 0.99056727 0.63460726 0.6232732 0.48013148 0.48622596 0.59004414 0.59224355 0.26266474 0.25870097 0.99847597 0.9958304 0.5935663 0.9931942 0.59932536 1.0041765 1.0215429 0.6267246 0.6008834 0.6019983
0.9920673 1.0060863 0.9943229 0.9950763 0.9783054 0.27051222 0.7893693 0.79109013 1.0068517 0 0.24568392 0.4503804 0.9924427 0.9894442 1.0130024 1.0045581 1.0130024 1.0099207 0.9958304 0.9853408 0.79223955 0.79425526 1.0262426 0.79656565 1.0030329 0.79252714 0.8000446 0.97609735 1.019204 1.0413225
0.9901927 1.0064689 0.99357027 1.0030329 0.99131685 0.27166054 0.7853693 0.790803 1.0122308 0.24568392 0 0.4478325 1.0087683 1.0080011 1.014548 1.0130024 1.0030329 1.0137748 1.0137748 0.9958304 0.77771467 0.7853693 1.0227151 0.7830931 1.0126165 0.8003352 0.79512084 0.99885464 1.0238891 1.0473596
0.9931942 1.0022715 0.98832285 0.9924427 0.9713354 0.4461991 0.77321523 0.7746184 0.99056727 0.4503804 0.4478325 0 0.9943229 0.990942 0.99658537 1.0011308 0.9860852 0.9920673 0.9980974 0.9842255 0.77856135 0.7799746 1.0157093 0.778279 0.98125964 0.7743376 0.7726547 0.9838541 1.002652 1.0130024
0.61915225 0.6406915 0.63251257 0.515871 0.5176636 1.0003713 0.98683035 0.99169195 0.63460726 0.9924427 1.0087683 0.9943229 0 0.22636956 0.63857985 0.62880313 0.61369276 0.62075216 0.6374092 0.6348403 1.019204 1.0254573 0.63297755 1.0215429 0.63834554 1.01146 1.0011308 0.51487696 0.62741685 0.63928306
0.62258476 0.6374092 0.6334428 0.5170656 0.5226656 0.9958304 0.9901927 0.9775687 0.6232732 0.9894442 1.0080011 0.990942 0.22636956 0 0.63554007 0.62741685 0.6267246 0.62926584 0.6371753 0.6318157 1.0195932 1.0246727 0.6374092 1.0195932 0.6508636 1.0137748 0.9980974 0.5115071 0.6336756 0.6477737
0.59092313 0.604457 0.5962188 0.627186 0.62926584 1.0011308 1.0037951 1.0130024 0.48013148 1.0130024 1.014548 0.99658537 0.63857985 0.63554007 0 0.15164834 0.59004414 0.5889469 0.48279172 0.48679987 0.9977191 0.99545324 0.59865856 0.99734104 0.61369276 1.0118452 1.0091523 0.6283408 0.61052626 0.6130131
0.58588296 0.6078228 0.60222155 0.6221262 0.6304238 1.0087683 1.0095364 1.0203725 0.48622596 1.0045581 1.0130024 1.0011308 0.62880313 0.62741685 0.15164834 0 0.59400773 0.5889469 0.4841254 0.48393473 1.0095364 1.0034139 0.6008834 1.0049399 0.6157354 1.015322 0.99056727 0.62534213 0.61596274 0.6112037
0.5554936 0.59599745 0.59444946 0.62465185 0.62258476 0.9958304 0.9790429 0.9901927 0.59004414 1.0130024 1.0030329 0.9860852 0.61369276 0.6267246 0.59004414 0.59400773 0 0.11860229 0.58938557 0.57957584 0.9655158 0.9666036 0.58785117 0.9691478 0.5975486 0.98832285 0.98683035 0.61960906 0.58239657 0.5964403
0.5561231 0.59400773 0.591363 0.62189704 0.6228142 0.99545324 0.9790429 0.9898184 0.59224355 1.0099207 1.0137748 0.9920673 0.62075216 0.62926584 0.5889469 0.5889469 0.11860229 0 0.5902638 0.5828315 0.9790429 0.9838541 0.59180313 0.9845971 0.5997702 0.98683035 0.990942 0.6186958 0.58239657 0.58982456
0.57871 0.610075 0.60535306 0.62304366 0.6332101 1.005704 0.99131685 1.000751 0.26266474 0.9958304 1.0137748 0.9980974 0.6374092 0.6371753 0.48279172 0.4841254 0.58938557 0.5902638 0 0.07271364 0.9783054 0.9831119 0.59246385 0.97867405 0.5973268 1.0215429 0.99923354 0.62741685 0.603562 0.6058015
0.5713908 0.6060258 0.60244477 0.62189704 0.6276477 0.9939465 0.9695119 0.9838541 0.25870097 0.9853408 0.9958304 0.9842255 0.6348403 0.6318157 0.48679987 0.48393473 0.57957584 0.5828315 0.07271364 0 0.9611805 0.9706055 0.58544624 0.9637064 0.5926842 1.002652 0.98125964 0.6276477 0.5999927 0.5975486
0.9808897 1.0030329 0.9801504 1.0068517 0.9842255 0.7693002 0.718095 0.73735726 0.99847597 0.79223955 0.77771467 0.77856135 1.019204 1.0195932 0.9977191 1.0095364 0.9655158 0.9790429 0.9783054 0.9611805 0 0.04672577 1.0137748 0.049284406 1.0087683 0.74433905 0.7338906 0.9894442 1.0254573 1.0286036
0.9831119 1.0080011 0.99056727 1.0103053 0.98645765 0.7791263 0.7254249 0.73735726 0.9958304 0.79425526 0.7853693 0.7799746 1.0254573 1.0246727 0.99545324 1.0034139 0.9666036 0.9838541 0.9831119 0.9706055 0.04672577 0 1.0126165 0.03636766 1.01069 0.74650043 0.7301751 0.98832285 1.025065 1.0215429
0.58675706 0.4958489 0.49662408 0.63460726 0.62488186 1.0080011 1.0072346 1.0199828 0.5935663 1.0262426 1.0227151 1.0157093 0.63297755 0.6374092 0.59865856 0.6008834 0.58785117 0.59180313 0.59246385 0.58544624 1.0137748 1.0126165 0 1.0149349 0.3708862 1.0266355 1.005704 0.6318157 0.3654946 0.37039444
0.9872032 1.002652 0.9845971 1.0022715 0.98496884 0.77856135 0.72384816 0.73923063 0.9931942 0.79656565 0.7830931 0.778279 1.0215429 1.0195932 0.99734104 1.0049399 0.9691478 0.9845971 0.97867405 0.9637064 0.049284406 0.03636766 1.0149349 0 1.0041765 0.74893945 0.72991043 0.9838541 1.0266355 1.0289978
0.5997702 0.4960426 0.49025255 0.62649405 0.6343742 0.98907024 0.99169195 1.014548 0.59932536 1.0030329 1.0126165 0.98125964 0.63834554 0.6508636 0.61369276 0.6157354 0.5975486 0.5997702 0.5973268 0.5926842 1.0087683 1.01069 0.3708862 1.0041765 0 1.005704 0.99357027 0.6334428 0.36924827 0.3725277
0.9838541 0.9857129 0.9931942 1.01069 1.0049399 0.7876524 0.43183428 0.4254588 1.0041765 0.79252714 0.8003352 0.7743376 1.01146 1.0137748 1.0118452 1.015322 0.98832285 0.98683035 1.0215429 1.002652 0.74433905 0.74650043 1.0266355 0.74893945 1.005704 0 0.35917228 0.99281836 1.0091523 1.0381224
0.9838541 1.0141612 1.0011308 0.9779369 0.97720057 0.78394586 0.42740113 0.417914 1.0215429 0.8000446 0.79512084 0.7726547 1.0011308 0.9980974 1.0091523 0.99056727 0.98683035 0.990942 0.99923354 0.98125964 0.7338906 0.7301751 1.005704 0.72991043 0.99357027 0.35917228 0 0.99847597 0.9931942 1.0180373
0.62603307 0.6304238 0.6180116 0.3632189 0.3687576 0.9842255 0.98832285 0.9962078 0.6267246 0.97609735 0.99885464 0.9838541 0.51487696 0.5115071 0.6283408 0.62534213 0.61960906 0.6186958 0.62741685 0.6276477 0.9894442 0.98832285 0.6318157 0.9838541 0.6334428 0.99281836 0.99847597 0 0.6202947 0.6343742
0.5979924 0.48756576 0.4846977 0.62787867 0.63088745 1.0053219 1.0045581 1.0137748 0.6008834 1.019204 1.0238891 1.002652 0.62741685 0.6336756 0.61052626 0.61596274 0.58239657 0.58239657 0.603562 0.5999927 1.0254573 1.025065 0.3654946 1.0266355 0.36924827 1.0091523 0.9931942 0.6202947 0 0.32354885
0.5975486 0.48679987 0.491407 0.6484856 0.64587855 1.0238891 1.0258498 1.0293922 0.6019983 1.0413225 1.0473596 1.0130024 0.63928306 0.6477737 0.6130131 0.6112037 0.5964403 0.58982456 0.6058015 0.5975486 1.0286036 1.0215429 0.37039444 1.0289978 0.3725277 1.0381224 1.0180373 0.6343742 0.32354885 0
