0 0.9655158 0.97867405 1.0172604 0.9950763 0.97720057 0.9898184 0.97352946 0.73709005 0.73522204 0.9768326 0.96479154 0.97609735 0.98645765 0.98794943 0.98757625 0.9860852 0.9831119 0.97941184 0.9695119 0.97426224 0.9727974 0.9958304 0.97243166 0.74057156 0.99847597 0.72858834 1.0076177 0.97024083 0.9801504
0.9655158 0 0.58348435 0.9980974 0.9860852 0.96010065 0.97024083 0.18225464 1.0227151 1.019204 0.18404187 0.84125715 0.17818545 0.6017752 0.60423315 0.29737902 0.29530063 0.6026681 0.60244477 0.16448817 0.1646127 0.58960503 0.8643263 0.58807015 1.0219333 0.9831119 1.0168724 1.0080011 0.29308018 0.18085337
0.97867405 0.58348435 0 0.9901927 0.9738958 0.94549555 0.9522284 0.57871 1.0199828 1.0141612 0.5810934 0.81294054 0.5733213 0.35933372 0.36240783 0.582614 0.5810934 0.3562722 0.35546857 0.58174473 0.58131045 0.12755762 0.8508351 0.12767617 1.002652 0.9924427 0.99885464 0.99281836 0.57289183 0.5784937
1.0172604 0.9980974 0.9901927 0 0.13040799 0.39912206 0.40476185 0.99961257 1.0282096 1.0289978 1.0022715 1.0080011 0.99999183 0.99281836 0.9898184 0.9980974 1.0022715 0.98869646 0.9901927 0.99885464 0.99847597 0.99658537 0.98496884 0.9958304 1.0034139 0.67555916 1.0110749 0.30005974 0.9801504 1.0049399
0.9950763 0.9860852 0.9738958 0.13040799 0 0.3981012 0.40304834 0.98907024 1.0219333 1.0258498 0.9920673 0.99847597 0.990942 1.000751 0.9946995 0.9857129 0.98869646 1.002652 1.000751 0.9894442 0.9894442 0.9857129 0.9969631 0.9853408 1.0030329 0.6731017 1.0076177 0.2950042 0.9593815 0.9931942
0.97720057 0.96010065 0.94549555 0.39912206 0.3981012 0 0.096216016 0.9608204 1.0091523 1.01069 0.9593815 0.98757625 0.95794547 0.9691478 0.96769285 0.9827411 0.98051995 0.9673296 0.9669665 0.9615409 0.9655158 0.95294064 0.9943229 0.953297 1.0003713 0.65253264 1.0137748 0.3950469 0.94867724 0.9816297
0.9898184 0.97024083 0.9522284 0.40476185 0.40304834 0.096216016 0 0.97206604 1.0053219 0.9980974 0.9709704 0.98683035 0.97316337 0.97573 0.97609735 0.97720057 0.97867405 0.97243166 0.9713354 0.9727974 0.97720057 0.9572284 0.9857129 0.9568702 0.99658537 0.65948707 0.99545324 0.40014434 0.9518725 0.9860852
0.97352946 0.18225464 0.57871 0.99961257 0.98907024 0.9608204 0.97206604 0 1.0122308 1.002652 0.055827174 0.8354467 0.05120913 0.5946704 0.5968834 0.28998253 0.29027697 0.59246385 0.59312516 0.17426437 0.173886 0.5800091 0.84928197 0.5784937 1.0211525 0.99923354 1.0072346 1.0122308 0.29012972 0.17464294
0.73709005 1.0227151 1.0199828 1.0282096 1.0219333 1.0091523 1.0053219 1.0122308 0 0.045874827 1.0172604 0.98051995 1.0141612 0.99131685 0.99658537 1.0126165 1.0095364 0.9943229 0.99281836 0.99923354 1.0015109 1.0068517 1.0385218 1.0060863 0.6852207 1.0068517 0.5561231 1.0413225 1.002652 1.0011308
0.73522204 1.019204 1.0141612 1.0289978 1.0258498 1.01069 0.9980974 1.002652 0.045874827 0 1.0103053 0.990942 1.0064689 0.99131685 0.9958304 1.0053219 1.0045581 0.9962078 0.9950763 0.9920673 0.9950763 0.99961257 1.0429276 0.99885464 0.6867182 1.0149349 0.556543 1.0477637 0.99961257 0.9939465
0.9768326 0.18404187 0.5810934 1.0022715 0.9920673 0.9593815 0.9709704 0.055827174 1.0172604 1.0103053 0 0.8305884 0.027083166 0.5982144 0.5999927 0.2918986 0.29071888 0.5955548 0.5966618 0.1759062 0.17565337 0.58239657 0.85114604 0.5808764 1.0168724 0.99961257 1.0137748 1.0133885 0.2890998 0.17717159
0.96479154 0.84125715 0.81294054 1.0080011 0.99847597 0.98757625 0.98683035 0.8354467 0.98051995 0.990942 0.8305884 0 0.8278694 0.8224607 0.8236593 0.79598737 0.79483217 0.8200693 0.8191745 0.82907665 0.82998335 0.8020814 0.6874681 0.8020814 0.99357027 1.0219333 0.99131685 1.0238891 0.8082254 0.83483773
0.97609735 0.17818545 0.5733213 0.99999183 0.990942 0.95794547 0.97316337 0.05120913 1.0141612 1.0064689 0.027083166 0.8278694 0 0.5907033 0.59312516 0.2879245 0.28777772 0.59004414 0.5904835 0.17224857 0.17212276 0.5756876 0.8474224 0.5741809 1.0072346 0.99923354 1.0080011 1.0095364 0.28557938 0.17275202
0.98645765 0.6017752 0.35933372 0.99281836 1.000751 0.9691478 0.97573 0.5946704 0.99131685 0.99131685 0.5982144 0.8224607 0.5907033 0 0.022638248 0.58785117 0.58850837 0.04301 0.044706352 0.59422857 0.5948914 0.35050538 0.83301365 0.35050538 0.9790429 1.0122308 0.9920673 1.0122308 0.57957584 0.59910303
0.98794943 0.60423315 0.36240783 0.9898184 0.9946995 0.96769285 0.97609735 0.5968834 0.99658537 0.9958304 0.5999927 0.8236593 0.59312516 0.022638248 0 0.58960503 0.5902638 0.045768525 0.0472581 0.5955548 0.5962188 0.35322306 0.83727676 0.35322306 0.9808897 1.0076177 0.99131685 1.0041765 0.5802258 0.5979924
0.98757625 0.29737902 0.582614 0.9980974 0.9857129 0.9827411 0.97720057 0.28998253 1.0126165 1.0053219 0.2918986 0.79598737 0.2879245 0.58785117 0.58960503 0 0.020579787 0.59004414 0.5911431 0.28836504 0.28777772 0.5761186 0.8480418 0.57525676 0.9894442 1.0011308 1.0022715 1.0041765 0.17489542 0.29352373
0.9860852 0.29530063 0.5810934 1.0022715 0.98869646 0.98051995 0.97867405 0.29027697 1.0095364 1.0045581 0.29071888 0.79483217 0.28777772 0.58850837 0.5902638 0.020579787 0 0.5915831 0.5929046 0.2890998 0.28851193 0.57482624 0.8446418 0.5739659 0.9946995 1.0030329 1.0045581 1.0053219 0.17338179 0.293228
0.9831119 0.6026681 0.3562722 0.98869646 1.002652 0.9673296 0.97243166 0.59246385 0.9943229 0.9962078 0.5955548 0.8200693 0.59004414 0.04301 0.045768525 0.59004414 0.5915831 0 0.010371381 0.59246385 0.59312516 0.3484338 0.831194 0.34827465 0.98125964 1.0095364 0.9943229 1.0068517 0.5808764 0.5957761
0.97941184 0.60244477 0.35546857 0.9901927 1.000751 0.9669665 0.9713354 0.59312516 0.99281836 0.9950763 0.5966618 0.8191745 0.5904835 0.044706352 0.0472581 0.5911431 0.5929046 0.010371381 0 0.5929046 0.5935663 0.34922987 0.831194 0.34907058 0.97867405 1.0076177 0.9939465 1.0068517 0.5810934 0.5973268
0.9695119 0.16448817 0.58174473 0.99885464 0.9894442 0.9615409 0.9727974 0.17426437 0.99923354 0.9920673 0.1759062 0.82907665 0.17224857 0.59422857 0.5955548 0.28836504 0.2890998 0.59246385 0.5929046 0 0.008548534 0.5793593 0.85896355 0.5778452 1.0110749 0.9946995 0.9920673 1.0087683 0.28719085 0.17552699
0.97426224 0.1646127 0.58131045 0.99847597 0.9894442 0.9655158 0.97720057 0.173886 1.0015109 0.9950763 0.17565337 0.82998335 0.17212276 0.5948914 0.5962188 0.28777772 0.28851193 0.59312516 0.5935663 0.008548534 0 0.5774132 0.8636934 0.57590306 1.0103053 0.9980974 0.9950763 1.0133885 0.28660446 0.1761591
0.9727974 0.58960503 0.12755762 0.99658537 0.9857129 0.95294064 0.9572284 0.5800091 1.0068517 0.99961257 0.58239657 0.8020814 0.5756876 0.35050538 0.35322306 0.5761186 0.57482624 0.3484338 0.34922987 0.5793593 0.5774132 0 0.8530148 0.001601709 0.9931942 0.99545324 0.9920673 1.0091523 0.56584156 0.5802258
0.9958304 0.8643263 0.8508351 0.98496884 0.9969631 0.9943229 0.9857129 0.84928197 1.0385218 1.0429276 0.85114604 0.6874681 0.8474224 0.83301365 0.83727676 0.8480418 0.8446418 0.831194 0.831194 0.85896355 0.8636934 0.8530148 0 0.85332674 1.0015109 1.0130024 0.9977191 1.0060863 0.8336212 0.853951
0.97243166 0.58807015 0.12767617 0.9958304 0.9853408 0.953297 0.9568702 0.5784937 1.0060863 0.99885464 0.5808764 0.8020814 0.5741809 0.35050538 0.35322306 0.57525676 0.5739659 0.34827465 0.34907058 0.5778452 0.57590306 0.001601709 0.85332674 0 0.9943229 0.9943229 0.9931942 1.0099207 0.56477904 0.5789264
0.74057156 1.0219333 1.002652 1.0034139 1.0030329 1.0003713 0.99658537 1.0211525 0.6852207 0.6867182 1.0168724 0.99357027 1.0072346 0.9790429 0.9808897 0.9894442 0.9946995 0.98125964 0.97867405 1.0110749 1.0103053 0.9931942 1.0015109 0.9943229 0 1.0199828 0.6731017 1.0274222 0.9898184 1.0083846
0.99847597 0.9831119 0.9924427 0.67555916 0.6731017 0.65253264 0.65948707 0.99923354 1.0068517 1.0149349 0.99961257 1.0219333 0.99923354 1.0122308 1.0076177 1.0011308 1.0030329 1.0095364 1.0076177 0.9946995 0.9980974 0.99545324 1.0130024 0.9943229 1.0199828 0 1.0341415 0.6807461 0.9680563 1.0060863
0.72858834 1.0168724 0.99885464 1.0110749 1.0076177 1.0137748 0.99545324 1.0072346 0.5561231 0.556543 1.0137748 0.99131685 1.0080011 0.9920673 0.99131685 1.0022715 1.0045581 0.9943229 0.9939465 0.9920673 0.9950763 0.9920673 0.9977191 0.9931942 0.6731017 1.0341415 0 1.0238891 0.9894442 1.005704
1.0076177 1.0080011 0.99281836 0.30005974 0.2950042 0.3950469 0.40014434 1.0122308 1.0413225 1.0477637 1.0133885 1.0238891 1.0095364 1.0122308 1.0041765 1.0041765 1.0053219 1.0068517 1.0068517 1.0087683 1.0133885 1.0091523 1.0060863 1.0099207 1.0274222 0.6807461 1.0238891 0 0.9950763 1.0137748
0.97024083 0.29308018 0.57289183 0.9801504 0.9593815 0.94867724 0.9518725 0.29012972 1.002652 0.99961257 0.2890998 0.8082254 0.28557938 0.57957584 0.5802258 0.17489542 0.17338179 0.5808764 0.5810934 0.28719085 0.28660446 0.56584156 0.8336212 0.56477904 0.9898184 0.9680563 0.9894442 0.9950763 0 0.28968817
0.9801504 0.18085337 0.5784937 1.0049399 0.9931942 0.9816297 0.9860852 0.17464294 1.0011308 0.9939465 0.17717159 0.83483773 0.17275202 0.59910303 0.5979924 0.29352373 0.293228 0.5957761 0.5973268 0.17552699 0.1761591 0.5802258 0.853951 0.5789264 1.0083846 1.0060863 1.005704 1.0137748 0.28968817 0
