0 0.908332 0.94620144 0.9565121 0.9086678 1.0357314 1.0211525 0.9133848 0.9287507 0.91643286 0.9242792 0.9419761 0.959741 0.9458484 0.9036466 0.9218825 0.91813165 0.92393637 0.928061 0.89766514 0.90799636 0.88943595 1.0030329 0.88910866 0.9557965 0.91643286 0.9360306 0.9536536 0.9430302 0.94549555
0.908332 0 0.9709704 0.9706055 0.8738847 1.0254573 1.0337447 0.8809723 0.8864954 0.8979962 0.88194406 0.97243166 0.9476152 0.9335961 0.8937039 0.8956819 0.8927168 0.5321607 0.5389 0.8864954 0.8914027 0.9053166 1.0083846 0.90264636 0.96841997 0.54013187 0.9518725 0.9790429 0.9626228 0.41356212
0.94620144 0.9709704 0 0.3731853 0.9433819 1.0397208 1.042526 0.91813165 0.9504507 0.9391723 0.94092345 0.77546155 0.7338906 0.7317652 0.92840576 0.9370764 0.927372 0.95258445 0.9557965 0.93082345 0.9304776 0.9225665 1.01069 0.9218825 0.50090206 0.96298385 0.5628704 0.56754464 0.56223524 0.9709704
0.9565121 0.9706055 0.3731853 0 0.94903165 1.0258498 1.0349361 0.91643286 0.9402225 0.93812364 0.9395222 0.79109013 0.7524766 0.7502979 0.9304776 0.93082345 0.9218825 0.96226203 0.96298385 0.9242792 0.9266836 0.92909575 1.0227151 0.92840576 0.5085462 0.9575869 0.56477904 0.57053435 0.57224816 0.9753628
0.9086678 0.8738847 0.9433819 0.94903165 0 1.033348 1.030972 0.71316165 0.3672875 0.36257 0.3677772 0.93082345 0.95294064 0.9405729 0.7196597 0.7005865 0.7051815 0.85488826 0.85959244 0.71887696 0.7167936 0.7105781 1.0087683 0.7110941 0.9242792 0.8700467 0.9297863 0.94620144 0.9287507 0.88259256
1.0357314 1.0254573 1.0397208 1.0258498 1.033348 0 0.24985833 1.0211525 1.0254573 1.0481682 1.0215429 1.0099207 1.0157093 1.0227151 1.0278157 1.0258498 1.025065 1.0176488 1.0168724 1.0199828 1.0282096 1.0274222 0.7333587 1.0293922 1.0305767 1.01069 1.0393208 1.0087683 1.0349361 1.0195932
1.0211525 1.0337447 1.042526 1.0349361 1.030972 0.24985833 0 1.0297868 1.0238891 1.0389212 1.0168724 1.0141612 1.0045581 1.0180373 1.0293922 1.0293922 1.0286036 1.0172604 1.0227151 1.0076177 1.0203725 1.0242808 0.7328271 1.0215429 1.032159 1.0305767 1.0518178 1.0305767 1.0317632 1.036926
0.9133848 0.8809723 0.91813165 0.91643286 0.71316165 1.0211525 1.0297868 0 0.72148925 0.7296458 0.7262145 0.95151687 0.92085767 0.9130469 0.5256829 0.2352116 0.2341177 0.8848668 0.88682157 0.52246493 0.52346903 0.52427334 1.0172604 0.52527994 0.9419761 0.8940332 0.910349 0.91915274 0.9297863 0.8910746
0.9287507 0.8864954 0.9504507 0.9402225 0.3672875 1.0254573 1.0238891 0.72148925 0 0.16573443 0.1691097 0.95294064 0.93324894 0.9430302 0.7293813 0.7251619 0.7193987 0.86813504 0.8668633 0.7307048 0.72885257 0.72700495 1.000751 0.72885257 0.93812364 0.87645423 0.92462224 0.95294064 0.931862 0.8989902
0.91643286 0.8979962 0.9391723 0.93812364 0.36257 1.0481682 1.0389212 0.7296458 0.16573443 0 0.14506721 0.95258445 0.93812364 0.94162506 0.7307048 0.7264779 0.7291169 0.877098 0.8793556 0.7333587 0.732296 0.7338906 1.005704 0.7365559 0.9391723 0.87677604 0.9301319 0.9500957 0.9322085 0.88162
0.9242792 0.88194406 0.94092345 0.9395222 0.3677772 1.0215429 1.0168724 0.7262145 0.1691097 0.14506721 0 0.9554389 0.9370764 0.944438 0.7325615 0.7251619 0.72018194 0.8694089 0.8738847 0.73735726 0.73575526 0.73522204 1.01069 0.73815954 0.93568236 0.88291705 0.9419761 0.9472615 0.9242792 0.8937039
0.9419761 0.97243166 0.77546155 0.79109013 0.93082345 1.0099207 1.0141612 0.95151687 0.95294064 0.95258445 0.9554389 0 0.79656565 0.7945437 0.9342909 0.9500957 0.93812364 0.9644296 0.9593815 0.91643286 0.928061 0.94092345 1.0030329 0.9440858 0.7893693 0.95615417 0.78337723 0.79627645 0.79339075 0.9483231
0.959741 0.9476152 0.7338906 0.7524766 0.95294064 1.0157093 1.0045581 0.92085767 0.93324894 0.93812364 0.9370764 0.79656565 0 0.13662118 0.94479036 0.93987226 0.93777436 0.9673296 0.96334505 0.93812364 0.9388226 0.9440858 1.0215429 0.9419761 0.74514884 0.94514287 0.74433905 0.7389627 0.7330929 0.9626228
0.9458484 0.9335961 0.7317652 0.7502979 0.9405729 1.0227151 1.0180373 0.9130469 0.9430302 0.94162506 0.944438 0.7945437 0.13662118 0 0.9353342 0.9391723 0.93255514 0.9651536 0.9644296 0.929441 0.928061 0.93672764 1.0122308 0.932902 0.73923063 0.94479036 0.7341567 0.7304399 0.7304399 0.96479154
0.9036466 0.8937039 0.92840576 0.9304776 0.7196597 1.0278157 1.0293922 0.5256829 0.7293813 0.7307048 0.7325615 0.9342909 0.94479036 0.9353342 0 0.5170656 0.51487696 0.8783872 0.8803252 0.08426087 0.08459662 0.13914502 1.015322 0.13650121 0.94092345 0.90031767 0.9127091 0.9590223 0.9476152 0.90031767
0.9218825 0.8956819 0.9370764 0.93082345 0.7005865 1.0258498 1.0293922 0.2352116 0.7251619 0.7264779 0.7251619 0.9500957 0.93987226 0.9391723 0.5170656 0 0.057013113 0.8874743 0.88226825 0.5152744 0.5152744 0.51886106 1.0289978 0.5204606 0.93812364 0.8963424 0.92017525 0.94514287 0.94092345 0.9013148
0.91813165 0.8927168 0.927372 0.9218825 0.7051815 1.025065 1.0286036 0.2341177 0.7193987 0.7291169 0.72018194 0.93812364 0.93777436 0.93255514 0.51487696 0.057013113 0 0.8851922 0.88291705 0.51626897 0.51607 0.5170656 1.0301816 0.5194605 0.9297863 0.8927168 0.9110226 0.929441 0.93116945 0.8940332
0.92393637 0.5321607 0.95258445 0.96226203 0.85488826 1.0176488 1.0172604 0.8848668 0.86813504 0.877098 0.8694089 0.9644296 0.9673296 0.9651536 0.8783872 0.8874743 0.8851922 0 0.046300177 0.8800019 0.8800019 0.88943595 0.99056727 0.8914027 0.95258445 0.49914902 0.92909575 0.9669665 0.9497408 0.5384899
0.928061 0.5389 0.9557965 0.96298385 0.85959244 1.0168724 1.0227151 0.88682157 0.8668633 0.8793556 0.8738847 0.9593815 0.96334505 0.9644296 0.8803252 0.88226825 0.88291705 0.046300177 0 0.88162 0.88291705 0.8887815 0.9980974 0.8904187 0.95472425 0.50481236 0.9287507 0.9658782 0.94867724 0.5403374
0.89766514 0.8864954 0.93082345 0.9242792 0.71887696 1.0199828 1.0076177 0.52246493 0.7307048 0.7333587 0.73735726 0.91643286 0.93812364 0.929441 0.08426087 0.5152744 0.51626897 0.8800019 0.88162 0 0.032493845 0.1361414 1.0188149 0.13458428 0.93082345 0.89865875 0.92154074 0.95258445 0.9557965 0.891731
0.90799636 0.8914027 0.9304776 0.9266836 0.7167936 1.0282096 1.0203725 0.52346903 0.72885257 0.732296 0.73575526 0.928061 0.9388226 0.928061 0.08459662 0.5152744 0.51607 0.8800019 0.88291705 0.032493845 0 0.13386668 1.0258498 0.13171802 0.936379 0.9106857 0.91813165 0.9593815 0.9565121 0.8956819
0.88943595 0.9053166 0.9225665 0.92909575 0.7105781 1.0274222 1.0242808 0.52427334 0.72700495 0.7338906 0.73522204 0.94092345 0.9440858 0.93672764 0.13914502 0.51886106 0.5170656 0.88943595 0.8887815 0.1361414 0.13386668 0 1.0231062 0.015458215 0.946908 0.9123715 0.9253087 0.9540103 0.94479036 0.9113596
1.0030329 1.0083846 1.01069 1.0227151 1.0087683 0.7333587 0.7328271 1.0172604 1.000751 1.005704 1.01069 1.0030329 1.0215429 1.0122308 1.015322 1.0289978 1.0301816 0.99056727 0.9980974 1.0188149 1.0258498 1.0231062 0 1.0195932 1.0164845 1.0045581 1.0103053 1.0215429 1.0377234 1.0270288
0.88910866 0.90264636 0.9218825 0.92840576 0.7110941 1.0293922 1.0215429 0.52527994 0.72885257 0.7365559 0.73815954 0.9440858 0.9419761 0.932902 0.13650121 0.5204606 0.5194605 0.8914027 0.8904187 0.13458428 0.13171802 0.015458215 1.0195932 0 0.9458484 0.910349 0.92393637 0.9575869 0.94620144 0.90933985
0.9557965 0.96841997 0.50090206 0.5085462 0.9242792 1.0305767 1.032159 0.9419761 0.93812364 0.9391723 0.93568236 0.7893693 0.74514884 0.73923063 0.94092345 0.93812364 0.9297863 0.95258445 0.95472425 0.93082345 0.936379 0.946908 1.0164845 0.9458484 0 0.94267863 0.5656289 0.5626586 0.55885684 0.9673296
0.91643286 0.54013187 0.96298385 0.9575869 0.8700467 1.01069 1.0305767 0.8940332 0.87645423 0.87677604 0.88291705 0.95615417 0.94514287 0.94479036 0.90031767 0.8963424 0.8927168 0.49914902 0.50481236 0.89865875 0.9106857 0.9123715 1.0045581 0.910349 0.94267863 0 0.93082345 0.95615417 0.9493862 0.5448729
0.9360306 0.9518725 0.5628704 0.56477904 0.9297863 1.0393208 1.0518178 0.910349 0.92462224 0.9301319 0.9419761 0.78337723 0.74433905 0.7341567 0.9127091 0.92017525 0.9110226 0.92909575 0.9287507 0.92154074 0.91813165 0.9253087 1.0103053 0.92393637 0.5656289 0.93082345 0 0.44910538 0.44168046 0.94903165
0.9536536 0.9790429 0.56754464 0.57053435 0.94620144 1.0087683 1.0305767 0.91915274 0.95294064 0.9500957 0.9472615 0.79627645 0.7389627 0.7304399 0.9590223 0.94514287 0.929441 0.9669665 0.9658782 0.95258445 0.9593815 0.9540103 1.0215429 0.9575869 0.5626586 0.95615417 0.44910538 0 0.41460428 0.96479154
0.9430302 0.9626228 0.56223524 0.57224816 0.9287507 1.0349361 1.0317632 0.9297863 0.931862 0.9322085 0.9242792 0.79339075 0.7330929 0.7304399 0.9476152 0.94092345 0.93116945 0.9497408 0.94867724 0.9557965 0.9565121 0.94479036 1.0377234 0.94620144 0.55885684 0.9493862 0.44168046 0.41460428 0 0.95866317
0.94549555 0.41356212 0.9709704 0.9753628 0.88259256 1.0195932 1.036926 0.8910746 0.8989902 0.88162 0.8937039 0.9483231 0.9626228 0.96479154 0.90031767 0.9013148 0.8940332 0.5384899 0.5403374 0.891731 0.8956819 0.9113596 1.0270288 0.90933985 0.9673296 0.5448729 0.94903165 0.96479154 0.95866317 0
