0 0.99281836 1.0437315 1.0274222 0.99281836 1.0095364 0.99281836 0.9808897 1.0080011 1.0003713 0.98907024 0.7243734 1.0325551 1.0349361 1.0445362 1.0091523 0.7478545 0.74622995 1.0053219 0.9901927 0.97978103 1.0053219 1.0720057 1.0076177 0.7587757 1.0168724 1.0015109 1.01146 1.0180373 1.002652
0.99281836 0 1.0133885 1.0064689 0.23016566 0.22609913 0.32124332 0.32617044 0.32124332 0.31925085 0.31391275 0.9898184 1.0022715 1.0049399 1.005704 0.44276246 0.9391723 0.94127417 0.44330403 0.31787458 0.3119397 0.44078 1.033348 0.4443884 0.9779369 0.9977191 0.9853408 0.3166533 0.2718042 0.24665588
1.0437315 1.0133885 0 0.22812964 1.0199828 1.0282096 1.0211525 1.0305767 1.0215429 1.0223241 1.0133885 1.0270288 0.34004673 0.33674935 0.33894598 1.0072346 0.9898184 0.98869646 0.99923354 1.0223241 1.015322 0.9946995 0.57053435 0.99658537 1.0015109 0.5003172 0.49410763 1.0401208 1.033348 1.0401208
1.0274222 1.0064689 0.22812964 0 0.99923354 1.0122308 1.0049399 1.0172604 1.0141612 0.9943229 0.99847597 1.019204 0.3270979 0.32833627 0.33097467 0.9920673 0.98237044 0.982 0.9845971 1.0034139 1.001891 0.9801504 0.55948913 0.98237044 0.9816297 0.4960426 0.496818 1.0227151 1.0199828 1.0176488
0.99281836 0.23016566 1.0199828 0.99923354 0 0.21656199 0.31345698 0.31863886 0.32216468 0.3197102 0.31421676 0.9857129 1.0034139 1.0126165 1.0110749 0.44114006 0.9504507 0.9522284 0.43790576 0.31680587 0.31345698 0.43736804 1.0199828 0.4389823 0.9924427 1.0022715 1.0022715 0.3084615 0.2718042 0.2427756
1.0095364 0.22609913 1.0282096 1.0122308 0.21656199 0 0.31391275 0.3197102 0.3201698 0.31986335 0.31406474 0.97609735 1.0087683 1.0203725 1.0160967 0.44042012 0.9518725 0.95080596 0.43593606 0.3163483 0.31391275 0.43379322 1.0270288 0.43683073 0.9931942 0.9931942 0.98907024 0.3119397 0.266079 0.24222292
0.99281836 0.32124332 1.0211525 1.0049399 0.31345698 0.31391275 0 0.18340309 0.18391407 0.1794547 0.3238568 0.99961257 1.0022715 1.0095364 1.0064689 0.44168046 0.9637064 0.97206604 0.43862328 0.32539845 0.32339495 0.43504247 1.0188149 0.4361149 1.0130024 1.0172604 1.0064689 0.3206297 0.32524413 0.3177218
0.9808897 0.32617044 1.0305767 1.0172604 0.31863886 0.3197102 0.18340309 0 0.18814304 0.18583338 0.33190808 0.9946995 1.0164845 1.0329514 1.0293922 0.44150028 0.96298385 0.96841997 0.4400604 0.3337784 0.33206376 0.43683073 1.0231062 0.43790576 0.99281836 1.0160967 1.0091523 0.3348716 0.33035305 0.3241649
1.0080011 0.32124332 1.0215429 1.0141612 0.32216468 0.3201698 0.18391407 0.18814304 0 0.134345 0.3333104 0.99357027 1.0133885 1.0223241 1.0172604 0.45348603 0.97243166 0.98125964 0.44910538 0.3339345 0.33175245 0.44402677 1.0234975 0.4463804 1.0172604 1.001891 0.99734104 0.33299854 0.3312857 0.32725257
1.0003713 0.31925085 1.0223241 0.9943229 0.3197102 0.31986335 0.1794547 0.18583338 0.134345 0 0.32895625 0.99923354 1.0080011 1.0160967 1.01069 0.44565544 0.9662408 0.9687838 0.44240162 0.3288012 0.3281814 0.44204095 1.0091523 0.44222128 0.98869646 1.0083846 0.98869646 0.32725257 0.32895625 0.32647946
0.98907024 0.31391275 1.0133885 0.99847597 0.31421676 0.31406474 0.3238568 0.33190808 0.3333104 0.32895625 0 1.0003713 1.0231062 1.0223241 1.0211525 0.45129248 0.9768326 0.9738958 0.4458366 0.13566194 0.13171802 0.44601783 1.0317632 0.44692463 0.9931942 0.99281836 0.97941184 0.28675103 0.32787165 0.31833306
0.7243734 0.9898184 1.0270288 1.019204 0.9857129 0.97609735 0.99961257 0.9946995 0.99357027 0.99923354 1.0003713 0 1.0068517 1.0110749 1.001891 0.9939465 0.7344229 0.7291169 0.98645765 1.0003713 0.99357027 0.9860852 1.0049399 0.9920673 0.7320306 1.005704 1.0095364 0.9958304 0.99545324 0.9931942
1.0325551 1.0022715 0.34004673 0.3270979 1.0034139 1.0087683 1.0022715 1.0164845 1.0133885 1.0080011 1.0231062 1.0068517 0 0.09849323 0.10157848 1.0022715 0.9801504 0.9783054 1.0003713 1.0072346 1.0068517 1.0003713 0.5711766 1.0041765 1.001891 0.5038329 0.49973288 1.0149349 1.0286036 1.002652
1.0349361 1.0049399 0.33674935 0.32833627 1.0126165 1.0203725 1.0095364 1.0329514 1.0223241 1.0160967 1.0223241 1.0110749 0.09849323 0 0.09224745 1.0126165 0.98237044 0.98125964 1.0034139 1.0137748 1.0122308 1.002652 0.57181937 1.0053219 1.0011308 0.50598943 0.49817687 1.0353336 1.0405211 1.0133885
1.0445362 1.005704 0.33894598 0.33097467 1.0110749 1.0160967 1.0064689 1.0293922 1.0172604 1.01069 1.0211525 1.001891 0.10157848 0.09224745 0 0.99885464 0.990942 0.990942 1.0003713 1.015322 1.0149349 0.9980974 0.56818426 1.0037951 1.01069 0.5052045 0.4958489 1.0223241 1.0317632 1.0110749
1.0091523 0.44276246 1.0072346 0.9920673 0.44114006 0.44042012 0.44168046 0.44150028 0.45348603 0.44565544 0.45129248 0.9939465 1.0022715 1.0126165 0.99885464 0 0.9536536 0.95472425 0.08035491 0.45513538 0.4489234 0.076469176 1.0045581 0.07857607 1.0034139 0.9831119 0.9779369 0.45678836 0.45568597 0.44928738
0.7478545 0.9391723 0.9898184 0.98237044 0.9504507 0.9518725 0.9637064 0.96298385 0.97243166 0.9662408 0.9768326 0.7344229 0.9801504 0.98237044 0.990942 0.9536536 0 0.06079909 0.94232726 0.9860852 0.98348296 0.9504507 1.0068517 0.95794547 0.3425688 0.9898184 0.99545324 0.96769285 0.9611805 0.96406794
0.74622995 0.94127417 0.98869646 0.982 0.9522284 0.95080596 0.97206604 0.96841997 0.98125964 0.9687838 0.9738958 0.7291169 0.9783054 0.98125964 0.990942 0.95472425 0.06079909 0 0.94549555 0.97867405 0.97426224 0.94903165 0.9980974 0.9590223 0.34051898 0.9838541 0.99131685 0.9655158 0.96190137 0.9651536
1.0053219 0.44330403 0.99923354 0.9845971 0.43790576 0.43593606 0.43862328 0.4400604 0.44910538 0.44240162 0.4458366 0.98645765 1.0003713 1.0034139 1.0003713 0.08035491 0.94232726 0.94549555 0 0.45330298 0.44819596 0.0472581 1.0099207 0.04875064 1.0015109 0.97978103 0.97499573 0.44837776 0.45348603 0.44819596
0.9901927 0.31787458 1.0223241 1.0034139 0.31680587 0.3163483 0.32539845 0.3337784 0.3339345 0.3288012 0.13566194 1.0003713 1.0072346 1.0137748 1.015322 0.45513538 0.9860852 0.97867405 0.45330298 0 0.048323896 0.4507451 1.0223241 0.45165765 1.000751 0.9779369 0.97024083 0.28836504 0.3326868 0.31925085
0.97978103 0.3119397 1.015322 1.001891 0.31345698 0.31391275 0.32339495 0.33206376 0.33175245 0.3281814 0.13171802 0.99357027 1.0068517 1.0122308 1.0149349 0.4489234 0.98348296 0.97426224 0.44819596 0.048323896 0 0.44656178 1.0160967 0.4474692 1.0037951 0.9753628 0.9680563 0.28265825 0.3306638 0.31558636
1.0053219 0.44078 0.9946995 0.9801504 0.43736804 0.43379322 0.43504247 0.43683073 0.44402677 0.44204095 0.44601783 0.9860852 1.0003713 1.002652 0.9980974 0.076469176 0.9504507 0.94903165 0.0472581 0.4507451 0.44656178 0 1.0060863 0.027290547 0.99999183 0.9680563 0.97352946 0.44765082 0.4489234 0.44420755
1.0720057 1.033348 0.57053435 0.55948913 1.0199828 1.0270288 1.0188149 1.0231062 1.0234975 1.0091523 1.0317632 1.0049399 0.5711766 0.57181937 0.56818426 1.0045581 1.0068517 0.9980974 1.0099207 1.0223241 1.0160967 1.0060863 0 1.005704 0.99056727 0.5597 0.56647974 1.0441338 1.0258498 1.0393208
1.0076177 0.4443884 0.99658537 0.98237044 0.4389823 0.43683073 0.4361149 0.43790576 0.4463804 0.44222128 0.44692463 0.9920673 1.0041765 1.0053219 1.0037951 0.07857607 0.95794547 0.9590223 0.04875064 0.45165765 0.4474692 0.027290547 1.005704 0 1.0072346 0.97941184 0.97867405 0.44910538 0.45202297 0.44674316
0.7587757 0.9779369 1.0015109 0.9816297 0.9924427 0.9931942 1.0130024 0.99281836 1.0172604 0.98869646 0.9931942 0.7320306 1.001891 1.0011308 1.01069 1.0034139 0.3425688 0.34051898 1.0015109 1.000751 1.0037951 0.99999183 0.99056727 1.0072346 0 0.9808897 0.9753628 0.99357027 0.9977191 1.0076177
1.0168724 0.9977191 0.5003172 0.4960426 1.0022715 0.9931942 1.0172604 1.0160967 1.001891 1.0083846 0.99281836 1.005704 0.5038329 0.50598943 0.5052045 0.9831119 0.9898184 0.9838541 0.97978103 0.9779369 0.9753628 0.9680563 0.5597 0.97941184 0.9808897 0 0.3411491 1.0207624 0.9980974 1.0060863
1.0015109 0.9853408 0.49410763 0.496818 1.0022715 0.98907024 1.0064689 1.0091523 0.99734104 0.98869646 0.97941184 1.0095364 0.49973288 0.49817687 0.4958489 0.9779369 0.99545324 0.99131685 0.97499573 0.97024083 0.9680563 0.97352946 0.56647974 0.97867405 0.9753628 0.3411491 0 0.9939465 1.0037951 0.9939465
1.01146 0.3166533 1.0401208 1.0227151 0.3084615 0.3119397 0.3206297 0.3348716 0.33299854 0.32725257 0.28675103 0.9958304 1.0149349 1.0353336 1.0223241 0.45678836 0.96769285 0.9655158 0.44837776 0.28836504 0.28265825 0.44765082 1.0441338 0.44910538 0.99357027 1.0207624 0.9939465 0 0.3274073 0.3137608
1.0180373 0.2718042 1.033348 1.0199828 0.2718042 0.266079 0.32524413 0.33035305 0.3312857 0.32895625 0.32787165 0.99545324 1.0286036 1.0405211 1.0317632 0.45568597 0.9611805 0.96190137 0.45348603 0.3326868 0.3306638 0.4489234 1.0258498 0.45202297 0.9977191 0.9980974 1.0037951 0.3274073 0 0.27151692
1.002652 0.24665588 1.0401208 1.0176488 0.2427756 0.24222292 0.3177218 0.3241649 0.32725257 0.32647946 0.31833306 0.9931942 1.002652 1.0133885 1.0110749 0.44928738 0.96406794 0.9651536 0.44819596 0.31925085 0.31558636 0.44420755 1.0393208 0.44674316 1.0076177 1.0060863 0.9939465 0.3137608 0.27151692 0
