0 0.9655158 0.9920673 0.9898184 0.9831119 0.98051995 0.9644296 0.98645765 0.9920673 0.48852423 0.97941184 0.97352946 0.96226203 0.9608204 0.9611805 0.9764649 0.97426224 0.95258445 0.4999276 0.49410763 0.96190137 0.95866317 0.9680563 0.9572284 0.9943229 0.9687838 0.98237044 0.9709704 0.96298385 0.9698763
0.9655158 0 0.86591095 0.8636934 0.25251418 0.24415912 0.5774132 0.86179787 0.8592779 0.96841997 0.6121078 0.6155082 0.60669917 0.8508351 0.8530148 0.483363 0.4843161 0.5630822 0.9857129 0.9894442 0.56520385 0.5641423 0.35804313 0.5637181 0.302301 0.5784937 0.85864925 0.56541634 0.57010657 0.19045985
0.9920673 0.86591095 0 0.18263726 0.88291705 0.89469224 0.8678169 0.26110503 0.25997275 1.0030329 0.87581104 0.86972773 0.8700467 0.6619002 0.66286767 0.8700467 0.86813504 0.8668633 1.0076177 1.0072346 0.86972773 0.87100434 0.8684533 0.8716434 0.8751683 0.864643 0.2204428 0.8848668 0.8858435 0.85864925
0.9898184 0.8636934 0.18263726 0 0.87100434 0.87613255 0.86972773 0.26153007 0.2571495 1.0030329 0.8745262 0.86591095 0.877098 0.6592462 0.65876466 0.88226825 0.877098 0.86179787 1.0091523 1.0103053 0.86972773 0.86877173 0.8694089 0.8684533 0.8790327 0.8599071 0.21990632 0.8851922 0.8914027 0.8523914
0.9831119 0.25251418 0.88291705 0.87100434 0 0.16349263 0.6060258 0.890091 0.8783872 1.0137748 0.6315835 0.6221262 0.6267246 0.86179787 0.864643 0.496818 0.4960426 0.593787 1.0246727 1.0274222 0.59910303 0.5984365 0.3728564 0.5982144 0.31833306 0.60625017 0.87806475 0.5778452 0.5832667 0.2585598
0.98051995 0.24415912 0.89469224 0.87613255 0.16349263 0 0.5979924 0.8858435 0.88291705 0.99847597 0.6262635 0.62258476 0.6216679 0.86877173 0.8722831 0.4956552 0.49507448 0.58544624 1.0095364 1.01146 0.5904835 0.58938557 0.36386842 0.58982456 0.31118217 0.59400773 0.88910866 0.58152753 0.5850098 0.25167447
0.9644296 0.5774132 0.8678169 0.86972773 0.6060258 0.5979924 0 0.87645423 0.87356406 1.0091523 0.61596274 0.6171003 0.6150539 0.8437172 0.84310144 0.59954774 0.5935663 0.14725451 1.0060863 1.0149349 0.1457956 0.14543132 0.58653843 0.14494589 0.60222155 0.23493797 0.8745262 0.60423315 0.6002153 0.58828926
0.98645765 0.86179787 0.26110503 0.26153007 0.890091 0.8858435 0.87645423 0 0.1258999 0.99885464 0.88259256 0.88259256 0.88226825 0.6640787 0.6672366 0.87581104 0.87356406 0.8703658 1.0064689 1.0037951 0.87100434 0.8722831 0.8703658 0.8726031 0.87613255 0.8722831 0.26309067 0.8864954 0.88454145 0.864643
0.9920673 0.8592779 0.25997275 0.2571495 0.8783872 0.88291705 0.87356406 0.1258999 0 0.9946995 0.877098 0.8668633 0.87613255 0.6748211 0.67531306 0.8722831 0.86654574 0.8745262 0.99847597 0.99923354 0.8800019 0.88064873 0.8643263 0.8809723 0.877098 0.87774235 0.26138836 0.9006499 0.8983274 0.85582674
0.48852423 0.96841997 1.0030329 1.0030329 1.0137748 0.99847597 1.0091523 0.99885464 0.9946995 0 1.0068517 1.0037951 0.990942 0.9842255 0.98869646 1.0068517 1.0041765 0.98683035 0.0983792 0.09542062 0.9962078 0.9950763 1.032159 0.9950763 1.0180373 1.0072346 0.9872032 1.0133885 0.99999183 0.98907024
0.97941184 0.6121078 0.87581104 0.8745262 0.6315835 0.6262635 0.61596274 0.88259256 0.877098 1.0068517 0 0.39284873 0.086277604 0.8339251 0.8381934 0.6112037 0.6075979 0.609624 1.0083846 1.0072346 0.61391944 0.6109778 0.6202947 0.610752 0.627186 0.6112037 0.88162 0.63019204 0.62373245 0.610752
0.97352946 0.6155082 0.86972773 0.86591095 0.6221262 0.62258476 0.6171003 0.88259256 0.8668633 1.0037951 0.39284873 0 0.38645998 0.86718106 0.8599071 0.6332101 0.6318157 0.61687267 1.005704 1.0103053 0.6232732 0.6205234 0.6244219 0.6198375 0.6315835 0.61369276 0.890091 0.6371753 0.63460726 0.61687267
0.96226203 0.60669917 0.8700467 0.877098 0.6267246 0.6216679 0.6150539 0.88226825 0.87613255 0.990942 0.086277604 0.38645998 0 0.82998335 0.83089113 0.6109778 0.6093986 0.6109778 0.9980974 0.99734104 0.6171003 0.6141462 0.6171003 0.61369276 0.62603307 0.60894805 0.8838912 0.6258027 0.6157354 0.60849774
0.9608204 0.8508351 0.6619002 0.6592462 0.86179787 0.86877173 0.8437172 0.6640787 0.6748211 0.9842255 0.8339251 0.86718106 0.82998335 0 0.06744353 0.85770726 0.8567664 0.83331734 0.97573 0.97720057 0.84217876 0.83727676 0.8523914 0.83636117 0.8523914 0.83941746 0.6592462 0.8684533 0.8652767 0.8502134
0.9611805 0.8530148 0.66286767 0.65876466 0.864643 0.8722831 0.84310144 0.6672366 0.67531306 0.98869646 0.8381934 0.8599071 0.83089113 0.06744353 0 0.8684533 0.8640098 0.83605623 0.9808897 0.9816297 0.8455675 0.84095025 0.8530148 0.84033674 0.85488826 0.84649444 0.65948707 0.864643 0.86274505 0.85613984
0.9764649 0.483363 0.8700467 0.88226825 0.496818 0.4956552 0.59954774 0.87581104 0.8722831 1.0068517 0.6112037 0.6332101 0.6109778 0.85770726 0.8684533 0 0.054965846 0.59004414 1.0207624 1.0188149 0.5915831 0.58982456 0.48871607 0.59004414 0.49856558 0.5962188 0.87356406 0.5707484 0.5784937 0.48527044
0.97426224 0.4843161 0.86813504 0.877098 0.4960426 0.49507448 0.5935663 0.87356406 0.86654574 1.0041765 0.6075979 0.6318157 0.6093986 0.8567664 0.8640098 0.054965846 0 0.58544624 1.0172604 1.014548 0.58675706 0.5850098 0.487949 0.5850098 0.4923704 0.5933457 0.8751683 0.57010657 0.5750415 0.48622596
0.95258445 0.5630822 0.8668633 0.86179787 0.593787 0.58544624 0.14725451 0.8703658 0.8745262 0.98683035 0.609624 0.61687267 0.6109778 0.83331734 0.83605623 0.59004414 0.58544624 0 0.98683035 0.9931942 0.046832204 0.047790807 0.5769814 0.047045123 0.585228 0.23343483 0.8700467 0.58938557 0.5871945 0.5763342
0.4999276 0.9857129 1.0076177 1.0091523 1.0246727 1.0095364 1.0060863 1.0064689 0.99847597 0.0983792 1.0083846 1.005704 0.9980974 0.97573 0.9808897 1.0207624 1.0172604 0.98683035 0 0.043645684 0.9969631 0.9958304 1.0365276 0.9946995 1.0254573 1.0072346 0.9939465 1.0172604 1.0118452 1.000751
0.49410763 0.9894442 1.0072346 1.0103053 1.0274222 1.01146 1.0149349 1.0037951 0.99923354 0.09542062 1.0072346 1.0103053 0.99734104 0.97720057 0.9816297 1.0188149 1.014548 0.9931942 0.043645684 0 1.0022715 1.0022715 1.0389212 1.0015109 1.0325551 1.0168724 0.990942 1.0203725 1.0118452 0.99999183
0.96190137 0.56520385 0.86972773 0.86972773 0.59910303 0.5904835 0.1457956 0.87100434 0.8800019 0.9962078 0.61391944 0.6232732 0.6171003 0.84217876 0.8455675 0.5915831 0.58675706 0.046832204 0.9969631 1.0022715 0 0.03259828 0.57957584 0.031971887 0.59422857 0.23439102 0.87677604 0.59910303 0.593787 0.5784937
0.95866317 0.5641423 0.87100434 0.86877173 0.5984365 0.58938557 0.14543132 0.8722831 0.88064873 0.9950763 0.6109778 0.6205234 0.6141462 0.83727676 0.84095025 0.58982456 0.5850098 0.047790807 0.9958304 1.0022715 0.03259828 0 0.5774132 0.0018021634 0.59180313 0.23534843 0.87324363 0.5975486 0.5920233 0.5769814
0.9680563 0.35804313 0.8684533 0.8694089 0.3728564 0.36386842 0.58653843 0.8703658 0.8643263 1.032159 0.6202947 0.6244219 0.6171003 0.8523914 0.8530148 0.48871607 0.487949 0.5769814 1.0365276 1.0389212 0.57957584 0.5774132 0 0.57719725 0.36582026 0.59180313 0.870685 0.57871 0.5765499 0.35820433
0.9572284 0.5637181 0.8716434 0.8684533 0.5982144 0.58982456 0.14494589 0.8726031 0.8809723 0.9950763 0.610752 0.6198375 0.61369276 0.83636117 0.84033674 0.59004414 0.5850098 0.047045123 0.9946995 1.0015109 0.031971887 0.0018021634 0.57719725 0 0.5915831 0.23466444 0.8738847 0.5982144 0.5926842 0.5769814
0.9943229 0.302301 0.8751683 0.8790327 0.31833306 0.31118217 0.60222155 0.87613255 0.877098 1.0180373 0.627186 0.6315835 0.62603307 0.8523914 0.85488826 0.49856558 0.4923704 0.585228 1.0254573 1.0325551 0.59422857 0.59180313 0.36582026 0.5915831 0 0.6031149 0.8832416 0.585228 0.58174473 0.30260032
0.9687838 0.5784937 0.864643 0.8599071 0.60625017 0.59400773 0.23493797 0.8722831 0.87774235 1.0072346 0.6112037 0.61369276 0.60894805 0.83941746 0.84649444 0.5962188 0.5933457 0.23343483 1.0072346 1.0168724 0.23439102 0.23534843 0.59180313 0.23466444 0.6031149 0 0.863061 0.6017752 0.6017752 0.58610135
0.98237044 0.85864925 0.2204428 0.21990632 0.87806475 0.88910866 0.8745262 0.26309067 0.26138836 0.9872032 0.88162 0.890091 0.8838912 0.6592462 0.65948707 0.87356406 0.8751683 0.8700467 0.9939465 0.990942 0.87677604 0.87324363 0.870685 0.8738847 0.8832416 0.863061 0 0.8996537 0.891731 0.8643263
0.9709704 0.56541634 0.8848668 0.8851922 0.5778452 0.58152753 0.60423315 0.8864954 0.9006499 1.0133885 0.63019204 0.6371753 0.6258027 0.8684533 0.864643 0.5707484 0.57010657 0.58938557 1.0172604 1.0203725 0.59910303 0.5975486 0.57871 0.5982144 0.585228 0.6017752 0.8996537 0 0.2081998 0.56733155
0.96298385 0.57010657 0.8858435 0.8914027 0.5832667 0.5850098 0.6002153 0.88454145 0.8983274 0.99999183 0.62373245 0.63460726 0.6157354 0.8652767 0.86274505 0.5784937 0.5750415 0.5871945 1.0118452 1.0118452 0.593787 0.5920233 0.5765499 0.5926842 0.58174473 0.6017752 0.891731 0.2081998 0 0.56733155
0.9698763 0.19045985 0.85864925 0.8523914 0.2585598 0.25167447 0.58828926 0.864643 0.85582674 0.98907024 0.610752 0.61687267 0.60849774 0.8502134 0.85613984 0.48527044 0.48622596 0.5763342 1.000751 0.99999183 0.5784937 0.5769814 0.35820433 0.5769814 0.30260032 0.58610135 0.8643263 0.56733155 0.56733155 0
