0 1.0033143889 1.0206451889 1.0320297889 1.0125075889 1.0105830889 0.9804434189 0.9694461889 0.7638514889 0.7599882889 0.7558712389 0.9845164889 0.7752807889 0.7705206289 0.7775313889 0.7744385889 0.7724770289 0.7749999889 0.7705206289 0.7752807889 0.7755617489 0.9863752889 0.7657905289 0.9860031889 0.7823363589 0.7632983889 0.7621933889 0.7572410889 0.7688477889 0.9901065889
1.0033143889 0 0.8871577889 0.8675256889 0.8758306889 0.8748677389 0.8627758889 0.8602548289 0.9767597389 0.9987597889 0.9991383589 0.6033304889 0.9946088889 0.9874927389 0.9976254889 0.9882386389 0.9878655889 0.9874927389 0.9845164889 0.9871200389 0.9893588489 0.8459212189 0.9815520889 0.8456126489 0.9938565889 1.0082800889 0.9931050889 0.9800742289 0.9972477589 0.2162906289
1.0206451889 0.8871577889 0 0.2068848589 0.2747689889 0.2700280589 0.4821228089 0.4845971189 1.0272978889 1.0280845889 1.0261196889 0.8787271389 1.0269049889 1.0288719889 1.0105830889 1.0036952889 1.0152103889 1.0175347889 1.0159843889 1.0253350889 1.0300545889 0.7677346489 1.0367917889 0.7685693489 1.0635369889 1.0218148889 1.0276911889 1.0148235889 1.0312390889 0.8784047389
1.0320297889 0.8675256889 0.2068848589 0 0.2780910889 0.2747689889 0.4874622589 0.4870796189 1.0403831889 1.0431883889 1.0344070889 0.8735856889 1.0148235889 1.0101987889 1.0075140889 0.9998959289 1.0383857889 1.0439918889 1.0395835889 1.0460040889 1.0541079889 0.7638514889 1.0214247889 0.7641281489 1.0730858889 1.0090469889 1.0367917889 1.0136647889 1.0403831889 0.8681613189
1.0125075889 0.8758306889 0.2747689889 0.2780910889 0 0.1803711989 0.4878451289 0.4911072289 1.0312390889 1.0304491889 1.0308439889 0.8780824889 1.0067486889 1.0021732889 0.9916043889 0.9871200389 1.0304491889 1.0304491889 1.0296601889 1.0403831889 1.0488305889 0.7769680889 1.0194772889 0.7775313889 1.0411834889 1.0075140889 1.0163716889 1.0006542189 1.0468105889 0.8777603889
1.0105830889 0.8748677389 0.2700280589 0.2747689889 0.1803711989 0 0.4770098089 0.4798460589 1.0324255889 1.0237685889 1.0296601889 0.8571154489 0.9961156289 0.9953618889 0.9808127889 0.9741918489 1.0304491889 1.0359959889 1.0336137889 1.0292659889 1.0359959889 0.7588882489 1.0063663889 0.7591630889 1.0411834889 1.0094306889 1.0171468889 0.9972477589 1.0352010889 0.8729454889
0.9804434189 0.8627758889 0.4821228089 0.4874622589 0.4878451289 0.4770098089 0 0.1630366489 1.0090469889 1.0082800889 1.0194772889 0.8462298889 0.9987597889 0.9931050889 0.9837742889 0.9745581889 1.0036952889 1.0002749589 1.0010336889 1.0190883889 1.0218148889 0.7268768889 1.0006542189 0.7255613189 1.0265121889 0.9938565889 1.0183111889 0.9934807489 1.0210348889 0.8577422489
0.9694461889 0.8602548289 0.4845971189 0.4870796189 0.4911072289 0.4798460589 0.1630366489 0 1.0144371889 1.0117372889 1.0202555889 0.8416126389 1.0002749589 0.9987597889 0.9752912889 0.9705386889 1.0059842889 1.0044574889 1.0071312889 1.0117372889 1.0167590889 0.7380196489 1.0010336889 0.7366844489 1.0229864889 0.9998959289 1.0152103889 0.9878655889 1.0171468889 0.8602548289
0.7638514889 0.9767597389 1.0272978889 1.0403831889 1.0312390889 1.0324255889 1.0090469889 1.0144371889 0 0.6221012489 0.6200429889 0.9882386389 0.6603904389 0.6531950289 0.6693609889 0.6644987489 0.1510876489 0.1521883289 0.1497445289 0.1545173389 0.1557460289 0.9618428889 0.6243948389 0.9614827889 0.5217237489 0.6139019889 0.6211857889 0.6460679189 0.2398527689 0.9808127889
0.7599882889 0.9987597889 1.0280845889 1.0431883889 1.0304491889 1.0237685889 1.0082800889 1.0117372889 0.6221012489 0 0.0821312089 0.9904807889 0.6637720889 0.6620793889 0.6659540889 0.6669258889 0.6120920189 0.6102863889 0.6084851889 0.6170798889 0.6191299889 0.9604033889 0.5346550889 0.9593255589 0.6223302889 0.2937425689 0.3017671889 0.6489106489 0.6148085889 0.9841453489
0.7558712389 0.9991383589 1.0261196889 1.0344070889 1.0308439889 1.0296601889 1.0194772889 1.0202555889 0.6200429889 0.0821312089 0 0.9804434189 0.6628043889 0.6584648889 0.6713147189 0.6727834389 0.6111886489 0.6125440889 0.6082602889 0.6179903889 0.6202714489 0.9665405889 0.5330263889 0.9650919889 0.6255442489 0.2934469889 0.2989339289 0.6510497389 0.6170798889 0.9837742889
0.9845164889 0.6033304889 0.8787271389 0.8735856889 0.8780824889 0.8571154489 0.8462298889 0.8416126389 0.9882386389 0.9904807889 0.9804434189 0 0.9886118189 0.9774949889 0.9763923889 0.9734597889 0.9867475889 0.9889852389 0.9886118189 0.9800742289 0.9811823389 0.8330690289 0.9931050889 0.8333724889 0.9949852889 0.9848878889 0.9901065889 0.9672659889 0.9942326589 0.5979891889
0.7752807889 0.9946088889 1.0269049889 1.0148235889 1.0067486889 0.9961156289 0.9987597889 1.0002749589 0.6603904389 0.6637720889 0.6628043889 0.9886118189 0 0.0303419709 0.3562916289 0.3572562389 0.6618378889 0.6649834889 0.6618378889 0.6575039889 0.6603904389 0.9785992889 0.6635300589 0.9785992889 0.6891314889 0.6587052889 0.6664398289 0.3451283289 0.6647410889 0.9901065889
0.7705206289 0.9874927389 1.0288719889 1.0101987889 1.0021732889 0.9953618889 0.9931050889 0.9987597889 0.6531950289 0.6620793889 0.6584648889 0.9774949889 0.0303419709 0 0.3521258289 0.3538854489 0.6560649289 0.6596677889 0.6567841189 0.6512877889 0.6551070189 0.9709032189 0.6620793889 0.9709032189 0.6824005289 0.6555858289 0.6659540889 0.3433890889 0.6628043889 0.9834034889
0.7775313889 0.9976254889 1.0105830889 1.0075140889 0.9916043889 0.9808127889 0.9837742889 0.9752912889 0.6693609889 0.6659540889 0.6713147189 0.9763923889 0.3562916289 0.3521258289 0 0.0303419709 0.6640142189 0.6654686389 0.6623209889 0.6659540889 0.6696048889 0.9618428889 0.6666828389 0.9604033889 0.6754834889 0.6747460889 0.6831453889 0.2916760489 0.6688732889 0.9882386389
0.7744385889 0.9882386389 1.0036952889 0.9998959289 0.9871200389 0.9741918489 0.9745581889 0.9705386889 0.6644987489 0.6669258889 0.6727834389 0.9734597889 0.3572562389 0.3538854489 0.0303419709 0 0.6615964189 0.6620793889 0.6582245889 0.6620793889 0.6644987489 0.9629244189 0.6632880889 0.9614827889 0.6767139889 0.6745005289 0.6806652589 0.2893212489 0.6644987489 0.9808127889
0.7724770289 0.9878655889 1.0152103889 1.0383857889 1.0304491889 1.0304491889 1.0036952889 1.0059842889 0.1510876489 0.6120920189 0.6111886489 0.9867475889 0.6618378889 0.6560649289 0.6640142189 0.6615964189 0 0.0321126829 0.0298219689 0.0918927389 0.0933623289 0.9741918489 0.6255442489 0.9734597889 0.5245334489 0.6107373889 0.6225594289 0.6534337389 0.2357371589 0.9793364389
0.7749999889 0.9874927389 1.0175347889 1.0439918889 1.0304491889 1.0359959889 1.0002749589 1.0044574889 0.1521883289 0.6102863889 0.6125440889 0.9889852389 0.6649834889 0.6596677889 0.6654686389 0.6620793889 0.0321126829 0 0.0153043889 0.0926836989 0.0939283249 0.9756581189 0.6276176889 0.9752912889 0.5259423289 0.6098356889 0.6204998889 0.6503360289 0.2362845989 0.9800742289
0.7705206289 0.9845164889 1.0159843889 1.0395835889 1.0296601889 1.0336137889 1.0010336889 1.0071312889 0.1497445289 0.6084851889 0.6082602889 0.9886118189 0.6618378889 0.6567841189 0.6623209889 0.6582245889 0.0298219689 0.0153043889 0 0.0904260229 0.0916668989 0.9716327889 0.6250842889 0.9709032189 0.5229266289 0.6080354889 0.6195863889 0.6460679189 0.2360108189 0.9763923889
0.7752807889 0.9871200389 1.0253350889 1.0460040889 1.0403831889 1.0292659889 1.0190883889 1.0117372889 0.1545173389 0.6170798889 0.6179903889 0.9800742289 0.6575039889 0.6512877889 0.6659540889 0.6620793889 0.0918927389 0.0926836989 0.0904260229 0 0.00850323290000003 0.9723630589 0.6287720189 0.9716327889 0.5247345889 0.6148085889 0.6255442489 0.6455951889 0.2402655789 0.9771272889
0.7755617489 0.9893588489 1.0300545889 1.0541079889 1.0488305889 1.0359959889 1.0218148889 1.0167590889 0.1557460289 0.6191299889 0.6202714489 0.9811823389 0.6603904389 0.6551070189 0.6696048889 0.6644987489 0.0933623289 0.0939283249 0.0916668989 0.00850323290000003 0 0.9749246289 0.6315498389 0.9741918489 0.5273537889 0.6154892489 0.6269258889 0.6489106489 0.2424710589 0.9789677889
0.9863752889 0.8459212189 0.7677346489 0.7638514889 0.7769680889 0.7588882489 0.7268768889 0.7380196489 0.9618428889 0.9604033889 0.9665405889 0.8330690289 0.9785992889 0.9709032189 0.9618428889 0.9629244189 0.9741918489 0.9756581189 0.9716327889 0.9723630589 0.9749246289 0 0.9826623889 0.00186335000000003 0.9882386389 0.9782310889 0.9723630589 0.9797052889 0.9774949889 0.8361090889
0.7657905289 0.9815520889 1.0367917889 1.0214247889 1.0194772889 1.0063663889 1.0006542189 1.0010336889 0.6243948389 0.5346550889 0.5330263889 0.9931050889 0.6635300589 0.6620793889 0.6666828389 0.6632880889 0.6255442489 0.6276176889 0.6250842889 0.6287720189 0.6315498389 0.9826623889 0 0.9815520889 0.6299282289 0.5354707289 0.5362872889 0.6481989889 0.6463044289 0.9953618889
0.9860031889 0.8456126489 0.7685693489 0.7641281489 0.7775313889 0.7591630889 0.7255613189 0.7366844489 0.9614827889 0.9593255589 0.9650919889 0.8333724889 0.9785992889 0.9709032189 0.9604033889 0.9614827889 0.9734597889 0.9752912889 0.9709032189 0.9716327889 0.9741918489 0.00186335000000003 0.9815520889 0 0.9863752889 0.9767597389 0.9709032189 0.9789677889 0.9763923889 0.8358045889
0.7823363589 0.9938565889 1.0635369889 1.0730858889 1.0411834889 1.0411834889 1.0265121889 1.0229864889 0.5217237489 0.6223302889 0.6255442489 0.9949852889 0.6891314889 0.6824005289 0.6754834889 0.6767139889 0.5245334489 0.5259423289 0.5229266289 0.5247345889 0.5273537889 0.9882386389 0.6299282289 0.9863752889 0 0.6315498389 0.6260045189 0.6661969489 0.5247345889 0.9953618889
0.7632983889 1.0082800889 1.0218148889 1.0090469889 1.0075140889 1.0094306889 0.9938565889 0.9998959289 0.6139019889 0.2937425689 0.2934469889 0.9848878889 0.6587052889 0.6555858289 0.6747460889 0.6745005289 0.6107373889 0.6098356889 0.6080354889 0.6148085889 0.6154892489 0.9782310889 0.5354707289 0.9767597389 0.6315498389 0 0.3016177889 0.6531950289 0.6114143889 0.9983814889
0.7621933889 0.9931050889 1.0276911889 1.0367917889 1.0163716889 1.0171468889 1.0183111889 1.0152103889 0.6211857889 0.3017671889 0.2989339289 0.9901065889 0.6664398289 0.6659540889 0.6831453889 0.6806652589 0.6225594289 0.6204998889 0.6195863889 0.6255442489 0.6269258889 0.9723630589 0.5362872889 0.9709032189 0.6260045189 0.3016177889 0 0.6615964189 0.6246245489 0.9904807889
0.7572410889 0.9800742289 1.0148235889 1.0136647889 1.0006542189 0.9972477589 0.9934807489 0.9878655889 0.6460679189 0.6489106489 0.6510497389 0.9672659889 0.3451283289 0.3433890889 0.2916760489 0.2893212489 0.6534337389 0.6503360289 0.6460679189 0.6455951889 0.6489106489 0.9797052889 0.6481989889 0.9789677889 0.6661969489 0.6531950289 0.6615964189 0 0.6451227889 0.9815520889
0.7688477889 0.9972477589 1.0312390889 1.0403831889 1.0468105889 1.0352010889 1.0210348889 1.0171468889 0.2398527689 0.6148085889 0.6170798889 0.9942326589 0.6647410889 0.6628043889 0.6688732889 0.6644987489 0.2357371589 0.2362845989 0.2360108189 0.2402655789 0.2424710589 0.9774949889 0.6463044289 0.9763923889 0.5247345889 0.6114143889 0.6246245489 0.6451227889 0 0.9871200389
0.9901065889 0.2162906289 0.8784047389 0.8681613189 0.8777603889 0.8729454889 0.8577422489 0.8602548289 0.9808127889 0.9841453489 0.9837742889 0.5979891889 0.9901065889 0.9834034889 0.9882386389 0.9808127889 0.9793364389 0.9800742289 0.9763923889 0.9771272889 0.9789677889 0.8361090889 0.9953618889 0.8358045889 0.9953618889 0.9983814889 0.9904807889 0.9815520889 0.9871200389 0
