0 1.0095364 1.015322 1.0034139 1.0130024 1.0068517 1.0242808 1.0049399 0.99999183 0.99545324 1.0064689 0.9842255 1.0095364 1.005704 1.0022715 1.0188149 1.0223241 1.0068517 1.0011308 1.0172604 1.0110749 0.99734104 0.61256033 1.0022715 0.6374092 0.62465185 0.63228023 1.0188149 1.0099207 1.0049399
1.0095364 0 0.11416441 0.18801454 0.62787867 0.5256829 0.52427334 0.35836557 0.35755974 0.1884001 0.19330125 0.49914902 0.6244219 0.618924 0.5246758 0.5228664 0.5198604 0.3588495 0.35820433 0.35338324 0.35130367 0.52186304 0.99961257 0.5220636 0.9816297 0.99281836 0.98348296 0.62189704 0.5202605 0.12732059
1.015322 0.11416441 0 0.19084668 0.6371753 0.53094184 0.52931976 0.35868815 0.35949522 0.19123371 0.19758363 0.50129217 0.63460726 0.62787867 0.5307389 0.52810556 0.52487713 0.3619216 0.3601415 0.35868815 0.35659385 0.52628785 1.0118452 0.5264896 0.98794943 0.9969631 0.9860852 0.63228023 0.52487713 0.13076504
1.0034139 0.18801454 0.19084668 0 0.63554007 0.52186304 0.5228664 0.36305663 0.36078832 0.092926286 0.099520236 0.50168246 0.6343742 0.6285719 0.52749914 0.52226424 0.5194605 0.36078832 0.35820433 0.36046484 0.35917228 0.52367 0.9980974 0.5240722 0.97206604 0.982 0.9695119 0.6285719 0.5220636 0.19407804
1.0130024 0.62787867 0.6371753 0.63554007 0 0.62534213 0.62926584 0.6418672 0.63414127 0.6297288 0.6357735 0.6311194 0.086277604 0.08661426 0.6402217 0.62143886 0.6267246 0.6542054 0.6506254 0.6421026 0.6421026 0.63460726 1.002652 0.6362405 0.98645765 1.01069 0.99734104 0.15042526 0.6357735 0.6332101
1.0068517 0.5256829 0.53094184 0.52186304 0.62534213 0 0.08515653 0.5317542 0.52931976 0.51447976 0.5228664 0.5226656 0.6306556 0.6267246 0.45513538 0.08325454 0.08392528 0.5346044 0.5356249 0.52729714 0.5266914 0.4536691 1.0168724 0.45513538 0.99056727 1.0180373 1.0172604 0.6297288 0.45312 0.5356249
1.0242808 0.52427334 0.52931976 0.5228664 0.62926584 0.08515653 0 0.5384899 0.53114486 0.5166672 0.5246758 0.52226424 0.632745 0.62880313 0.4606596 0.07183272 0.07216294 0.5358292 0.5352165 0.530536 0.5285101 0.45678836 1.0219333 0.4586293 0.99169195 1.0258498 1.0195932 0.63019204 0.45531887 0.53114486
1.0049399 0.35836557 0.35868815 0.36305663 0.6418672 0.5317542 0.5384899 0 0.07469952 0.35836557 0.3635436 0.50874317 0.6437523 0.63857985 0.5368514 0.53480834 0.5354207 0.24291384 0.24457467 0.2427756 0.23960319 0.532364 0.9901927 0.5344004 0.9827411 0.9901927 0.98869646 0.6409265 0.5333815 0.36712432
0.99999183 0.35755974 0.35949522 0.36078832 0.63414127 0.52931976 0.53114486 0.07469952 0 0.35772082 0.36305663 0.5055969 0.6353068 0.63228023 0.53134793 0.5301304 0.52931976 0.23850287 0.24042948 0.2367183 0.23493797 0.52749914 0.9943229 0.5287124 0.98832285 0.9977191 0.9946995 0.63019204 0.5220636 0.3635436
0.99545324 0.1884001 0.19123371 0.092926286 0.6297288 0.51447976 0.5166672 0.35836557 0.35772082 0 0.061992925 0.49817687 0.62787867 0.62258476 0.52427334 0.5136859 0.5115071 0.36111194 0.36046484 0.35546857 0.35466585 0.5198604 0.99281836 0.5198604 0.9626228 0.9775687 0.9637064 0.62465185 0.5168664 0.19110468
1.0064689 0.19330125 0.19758363 0.099520236 0.6357735 0.5228664 0.5246758 0.3635436 0.36305663 0.061992925 0 0.50070703 0.62996036 0.62741685 0.52628785 0.52306724 0.52166253 0.36159766 0.35997987 0.36111194 0.35981828 0.52346903 0.9924427 0.5228664 0.9709704 0.98348296 0.9680563 0.6276477 0.51886106 0.19797416
0.9842255 0.49914902 0.50129217 0.50168246 0.6311194 0.5226656 0.52226424 0.50874317 0.5055969 0.49817687 0.50070703 0 0.6320479 0.6297288 0.52447456 0.52166253 0.52106136 0.51806253 0.5134875 0.50344145 0.50344145 0.5198604 0.98832285 0.5204606 0.9673296 0.98125964 0.9779369 0.6228142 0.5240722 0.49895447
1.0095364 0.6244219 0.63460726 0.6343742 0.086277604 0.6306556 0.632745 0.6437523 0.6353068 0.62787867 0.62996036 0.6320479 0 0.042057484 0.6374092 0.6276477 0.6313514 0.64635193 0.64351636 0.6376432 0.6369415 0.6318157 1.0133885 0.6334428 0.99658537 1.0199828 1.002652 0.14920415 0.6360069 0.6258027
1.005704 0.618924 0.62787867 0.6285719 0.08661426 0.6267246 0.62880313 0.63857985 0.63228023 0.62258476 0.62741685 0.6297288 0.042057484 0 0.6336756 0.6232732 0.6285719 0.64116156 0.6376432 0.6348403 0.63460726 0.6267246 0.99734104 0.6283408 0.97941184 1.0080011 0.9946995 0.14859433 0.6339084 0.62143886
1.0022715 0.5246758 0.5307389 0.52749914 0.6402217 0.45513538 0.4606596 0.5368514 0.53134793 0.52427334 0.52628785 0.52447456 0.6374092 0.6336756 0 0.4555024 0.45770827 0.54116 0.54054296 0.5321607 0.53297436 0.03731297 0.9939465 0.037838656 0.99169195 1.0126165 0.9924427 0.63857985 0.13590164 0.53297436
1.0188149 0.5228664 0.52810556 0.52226424 0.62143886 0.08325454 0.07183272 0.53480834 0.5301304 0.5136859 0.52306724 0.52166253 0.6276477 0.6232732 0.4555024 0 0.030824859 0.53297436 0.53094184 0.52608615 0.5240722 0.45440188 1.0149349 0.4555024 0.9931942 1.0168724 1.0164845 0.62373245 0.45385224 0.5307389
1.0223241 0.5198604 0.52487713 0.5194605 0.6267246 0.08392528 0.07216294 0.5354207 0.52931976 0.5115071 0.52166253 0.52106136 0.6313514 0.6285719 0.45770827 0.030824859 0 0.5352165 0.5337889 0.5289148 0.52689326 0.45531887 1.0172604 0.45678836 0.99999183 1.0219333 1.0223241 0.63019204 0.45513538 0.52689326
1.0068517 0.3588495 0.3619216 0.36078832 0.6542054 0.5346044 0.5358292 0.24291384 0.23850287 0.36111194 0.36159766 0.51806253 0.64635193 0.64116156 0.54116 0.53297436 0.5352165 0 0.026150651 0.24042948 0.23905283 0.5368514 1.0076177 0.5380799 0.98645765 0.9764649 0.9831119 0.64729947 0.53195745 0.3632189
1.0011308 0.35820433 0.3601415 0.35820433 0.6506254 0.5356249 0.5352165 0.24457467 0.24042948 0.36046484 0.35997987 0.5134875 0.64351636 0.6376432 0.54054296 0.53094184 0.5337889 0.026150651 0 0.24139464 0.24001622 0.5368514 1.001891 0.537056 0.9857129 0.97609735 0.9831119 0.64351636 0.5331779 0.3609501
1.0172604 0.35338324 0.35868815 0.36046484 0.6421026 0.52729714 0.530536 0.2427756 0.2367183 0.35546857 0.36111194 0.50344145 0.6376432 0.6348403 0.5321607 0.52608615 0.5289148 0.24042948 0.24139464 0 0.023772815 0.52689326 1.0099207 0.530536 0.98645765 0.9901927 0.97573 0.62903446 0.5258845 0.3614357
1.0110749 0.35130367 0.35659385 0.35917228 0.6421026 0.5266914 0.5285101 0.23960319 0.23493797 0.35466585 0.35981828 0.50344145 0.6369415 0.63460726 0.53297436 0.5240722 0.52689326 0.23905283 0.24001622 0.023772815 0 0.5279034 1.0137748 0.53134793 0.98645765 0.990942 0.97316337 0.6294973 0.5250785 0.35917228
0.99734104 0.52186304 0.52628785 0.52367 0.63460726 0.4536691 0.45678836 0.532364 0.52749914 0.5198604 0.52346903 0.5198604 0.6318157 0.6267246 0.03731297 0.45440188 0.45531887 0.5368514 0.5368514 0.52689326 0.5279034 0 0.98832285 0.023566402 0.9857129 0.9969631 0.98683035 0.6315835 0.13100317 0.5291173
0.61256033 0.99961257 1.0118452 0.9980974 1.002652 1.0168724 1.0219333 0.9901927 0.9943229 0.99281836 0.9924427 0.98832285 1.0133885 0.99734104 0.9939465 1.0149349 1.0172604 1.0076177 1.001891 1.0099207 1.0137748 0.98832285 0 0.98683035 0.47748062 0.4647367 0.4718316 0.99281836 0.9924427 1.0083846
1.0022715 0.5220636 0.5264896 0.5240722 0.6362405 0.45513538 0.4586293 0.5344004 0.5287124 0.5198604 0.5228664 0.5204606 0.6334428 0.6283408 0.037838656 0.4555024 0.45678836 0.5380799 0.537056 0.530536 0.53134793 0.023566402 0.98683035 0 0.9860852 0.9969631 0.98496884 0.6353068 0.13279158 0.53033316
0.6374092 0.9816297 0.98794943 0.97206604 0.98645765 0.99056727 0.99169195 0.9827411 0.98832285 0.9626228 0.9709704 0.9673296 0.99658537 0.97941184 0.99169195 0.9931942 0.99999183 0.98645765 0.9857129 0.98645765 0.98645765 0.9857129 0.47748062 0.9860852 0 0.33518422 0.34351677 0.98237044 0.99131685 0.98683035
0.62465185 0.99281836 0.9969631 0.982 1.01069 1.0180373 1.0258498 0.9901927 0.9977191 0.9775687 0.98348296 0.98125964 1.0199828 1.0080011 1.0126165 1.0168724 1.0219333 0.9764649 0.97609735 0.9901927 0.990942 0.9969631 0.4647367 0.9969631 0.33518422 0 0.17426437 0.99847597 1.0160967 0.9860852
0.63228023 0.98348296 0.9860852 0.9695119 0.99734104 1.0172604 1.0195932 0.98869646 0.9946995 0.9637064 0.9680563 0.9779369 1.002652 0.9946995 0.9924427 1.0164845 1.0223241 0.9831119 0.9831119 0.97573 0.97316337 0.98683035 0.4718316 0.98496884 0.34351677 0.17426437 0 0.98794943 0.99999183 0.9779369
1.0188149 0.62189704 0.63228023 0.6285719 0.15042526 0.6297288 0.63019204 0.6409265 0.63019204 0.62465185 0.6276477 0.6228142 0.14920415 0.14859433 0.63857985 0.62373245 0.63019204 0.64729947 0.64351636 0.62903446 0.6294973 0.6315835 0.99281836 0.6353068 0.98237044 0.99847597 0.98794943 0 0.6304238 0.6297288
1.0099207 0.5202605 0.52487713 0.5220636 0.6357735 0.45312 0.45531887 0.5333815 0.5220636 0.5168664 0.51886106 0.5240722 0.6360069 0.6339084 0.13590164 0.45385224 0.45513538 0.53195745 0.5331779 0.5258845 0.5250785 0.13100317 0.9924427 0.13279158 0.99131685 1.0160967 0.99999183 0.6304238 0 0.5333815
1.0049399 0.12732059 0.13076504 0.19407804 0.6332101 0.5356249 0.53114486 0.36712432 0.3635436 0.19110468 0.19797416 0.49895447 0.6258027 0.62143886 0.53297436 0.5307389 0.52689326 0.3632189 0.3609501 0.3614357 0.35917228 0.5291173 1.0083846 0.53033316 0.98683035 0.9860852 0.9779369 0.6297288 0.5333815 0
