0 0.99999183 0.88064873 0.8790327 0.87774235 0.8703658 0.9946995 0.9920673 0.87420535 0.8864954 0.8881276 1.0246727 0.8864954 0.88226825 0.87774235 0.99658537 0.99999183 0.8722831 0.8652767 0.86179787 0.86813504 0.8907466 1.002652 0.890091 0.99734104 0.88259256 0.99999183 0.89766514 0.8871479 1.0034139
0.99999183 0 1.0022715 0.9977191 1.001891 1.0080011 0.3481156 0.34051898 1.01069 1.018426 1.0083846 0.5586462 1.0076177 1.0034139 1.0080011 0.40373325 0.40407598 0.99961257 0.9943229 1.0068517 1.0053219 0.9958304 0.52447456 0.99545324 0.5246758 1.0305767 0.401168 1.0041765 1.0157093 0.22785859
0.88064873 1.0022715 0 0.18685901 0.44601783 0.4478325 0.98496884 0.9790429 0.4558696 0.46139923 0.45385224 0.98907024 0.45165765 0.45531887 0.45531887 0.9842255 0.98907024 0.46084443 0.46084443 0.45476854 0.45642072 0.3116366 0.9827411 0.31254622 0.98237044 0.3281814 0.982 0.4586293 0.458445 0.9931942
0.8790327 0.9977191 0.18685901 0 0.45184028 0.45238847 0.9753628 0.9738958 0.46029004 0.46417943 0.46029004 1.0199828 0.4558696 0.45955148 0.46158424 0.9827411 0.98757625 0.46771583 0.46659726 0.4566045 0.4586293 0.3052998 0.99734104 0.30605137 0.9853408 0.32756203 0.9779369 0.46251008 0.46121424 0.9898184
0.87774235 1.001891 0.44601783 0.45184028 0 0.18904316 0.99281836 0.98051995 0.31619588 0.32231835 0.18968678 1.0172604 0.18878588 0.19020207 0.18827157 0.9845971 0.9898184 0.3836194 0.38345262 0.37549147 0.37664723 0.45421863 0.9901927 0.45605326 0.982 0.458445 0.9845971 0.27815285 0.26707777 0.9920673
0.8703658 1.0080011 0.4478325 0.45238847 0.18904316 0 1.0030329 0.9931942 0.31482518 0.3215503 0.18570527 1.01069 0.18378629 0.18634602 0.1846812 0.9845971 0.98869646 0.38095567 0.3812881 0.37830138 0.37863266 0.4540354 0.99885464 0.4558696 0.98683035 0.4586293 0.99131685 0.27931294 0.2616718 1.0011308
0.9946995 0.3481156 0.98496884 0.9753628 0.99281836 1.0030329 0 0.11766582 0.98496884 0.98348296 1.0076177 0.55110216 1.0030329 0.99961257 1.001891 0.39335543 0.3970817 0.99923354 0.9939465 0.99658537 0.9946995 0.9950763 0.5335852 0.9958304 0.52387106 1.0130024 0.38998386 0.99847597 1.0003713 0.35258272
0.9920673 0.34051898 0.9790429 0.9738958 0.98051995 0.9931942 0.11766582 0 0.9691478 0.9713354 0.99923354 0.5421895 0.9946995 0.990942 0.9946995 0.38261938 0.38746512 0.98348296 0.9779369 0.9860852 0.98237044 0.9808897 0.51786304 0.98125964 0.50972915 1.0118452 0.3789641 0.9816297 0.98794943 0.34020412
0.87420535 1.01069 0.4558696 0.46029004 0.31619588 0.31482518 0.98496884 0.9691478 0 0.064822294 0.3237028 1.0270288 0.3226258 0.32293335 0.3238568 0.9680563 0.97024083 0.38629258 0.38796818 0.3856234 0.38796818 0.45955148 0.99545324 0.46121424 0.97573 0.45918247 0.97316337 0.32216468 0.32032305 0.9962078
0.8864954 1.018426 0.46139923 0.46417943 0.32231835 0.3215503 0.98348296 0.9713354 0.064822294 0 0.3281814 1.0231062 0.32555276 0.32555276 0.32647946 0.9764649 0.9753628 0.3911622 0.392005 0.392005 0.39403155 0.4647367 1.0030329 0.4673428 0.9845971 0.46455088 0.9764649 0.32833627 0.32493562 0.9958304
0.8881276 1.0083846 0.45385224 0.46029004 0.18968678 0.18570527 1.0076177 0.99923354 0.3237028 0.3281814 0 1.0215429 0.060473826 0.061558582 0.061667144 0.9943229 0.99281836 0.38931137 0.39032033 0.3814544 0.38478774 0.4566045 1.0030329 0.45770827 0.9790429 0.4662248 0.9857129 0.28440955 0.27309844 1.001891
1.0246727 0.5586462 0.98907024 1.0199828 1.0172604 1.01069 0.55110216 0.5421895 1.0270288 1.0231062 1.0215429 0 1.0064689 1.0091523 1.01069 0.54902 0.54902 1.0293922 1.0282096 1.032159 1.0353336 1.0168724 0.556543 1.019204 0.5515193 1.0361294 0.54611456 1.0207624 1.0068517 0.55131066
0.8864954 1.0076177 0.45165765 0.4558696 0.18878588 0.18378629 1.0030329 0.9946995 0.3226258 0.32555276 0.060473826 1.0064689 0 0.056150425 0.05550406 0.9842255 0.98496884 0.38679487 0.38679487 0.3814544 0.3842868 0.45165765 0.9980974 0.45238847 0.982 0.4617693 0.9853408 0.2830957 0.27051222 0.99734104
0.88226825 1.0034139 0.45531887 0.45955148 0.19020207 0.18634602 0.99961257 0.990942 0.32293335 0.32555276 0.061558582 1.0091523 0.056150425 0 0.03815425 0.9872032 0.98683035 0.38863948 0.38863948 0.3812881 0.3836194 0.45678836 0.9924427 0.45770827 0.97499573 0.4630661 0.9808897 0.28265825 0.27065566 0.99281836
0.87774235 1.0080011 0.45531887 0.46158424 0.18827157 0.1846812 1.001891 0.9946995 0.3238568 0.32647946 0.061667144 1.01069 0.05550406 0.03815425 0 0.98496884 0.9853408 0.39065698 0.38998386 0.38228634 0.38462073 0.4566045 0.99357027 0.45770827 0.98237044 0.4647367 0.98125964 0.28207538 0.26879302 0.99847597
0.99658537 0.40373325 0.9842255 0.9827411 0.9845971 0.9845971 0.39335543 0.38261938 0.9680563 0.9764649 0.9943229 0.54902 0.9842255 0.9872032 0.98496884 0 0.035318706 0.9980974 0.9943229 0.9924427 0.99131685 0.96406794 0.52487713 0.9626228 0.51170486 0.98907024 0.32324106 0.97941184 0.98237044 0.40356198
0.99999183 0.40407598 0.98907024 0.98757625 0.9898184 0.98869646 0.3970817 0.38746512 0.97024083 0.9753628 0.99281836 0.54902 0.98496884 0.98683035 0.9853408 0.035318706 0 1.0034139 0.99847597 0.9946995 0.99281836 0.9637064 0.5277012 0.9615409 0.5140827 0.9920673 0.3237028 0.9831119 0.9860852 0.40716735
0.8722831 0.99961257 0.46084443 0.46771583 0.3836194 0.38095567 0.99923354 0.98348296 0.38629258 0.3911622 0.38931137 1.0293922 0.38679487 0.38863948 0.39065698 0.9980974 1.0034139 0 0.021711241 0.1369812 0.13842306 0.45623696 0.99545324 0.45678836 0.9842255 0.46158424 0.9962078 0.39521626 0.3947083 1.0041765
0.8652767 0.9943229 0.46084443 0.46659726 0.38345262 0.3812881 0.9939465 0.9779369 0.38796818 0.392005 0.39032033 1.0282096 0.38679487 0.38863948 0.38998386 0.9943229 0.99847597 0.021711241 0 0.13854334 0.13962671 0.45330298 0.9924427 0.45385224 0.9845971 0.45734018 0.99658537 0.3965725 0.39589408 1.002652
0.86179787 1.0068517 0.45476854 0.4566045 0.37549147 0.37830138 0.99658537 0.9860852 0.3856234 0.392005 0.3814544 1.032159 0.3814544 0.3812881 0.38228634 0.9924427 0.9946995 0.1369812 0.13854334 0 0.012707041 0.4443884 0.99131685 0.44565544 0.9946995 0.4558696 0.9898184 0.39099374 0.39032033 1.0137748
0.86813504 1.0053219 0.45642072 0.4586293 0.37664723 0.37863266 0.9946995 0.98237044 0.38796818 0.39403155 0.38478774 1.0353336 0.3842868 0.3836194 0.38462073 0.99131685 0.99281836 0.13842306 0.13962671 0.012707041 0 0.4478325 0.9898184 0.44910538 0.9939465 0.45734018 0.9894442 0.39284873 0.39234236 1.014548
0.8907466 0.9958304 0.3116366 0.3052998 0.45421863 0.4540354 0.9950763 0.9808897 0.45955148 0.4647367 0.4566045 1.0168724 0.45165765 0.45678836 0.4566045 0.96406794 0.9637064 0.45623696 0.45330298 0.4443884 0.4478325 0 0.9950763 0.0052181105 0.9898184 0.33596638 0.9808897 0.46158424 0.46492255 0.97978103
1.002652 0.52447456 0.9827411 0.99734104 0.9901927 0.99885464 0.5335852 0.51786304 0.99545324 1.0030329 1.0030329 0.556543 0.9980974 0.9924427 0.99357027 0.52487713 0.5277012 0.99545324 0.9924427 0.99131685 0.9898184 0.9950763 0 0.9920673 0.48967603 0.9943229 0.5182621 1.0034139 0.99999183 0.530536
0.890091 0.99545324 0.31254622 0.30605137 0.45605326 0.4558696 0.9958304 0.98125964 0.46121424 0.4673428 0.45770827 1.019204 0.45238847 0.45770827 0.45770827 0.9626228 0.9615409 0.45678836 0.45385224 0.44565544 0.44910538 0.0052181105 0.9920673 0 0.98869646 0.33659267 0.9808897 0.4630661 0.4660386 0.97978103
0.99734104 0.5246758 0.98237044 0.9853408 0.982 0.98683035 0.52387106 0.50972915 0.97573 0.9845971 0.9790429 0.5515193 0.982 0.97499573 0.98237044 0.51170486 0.5140827 0.9842255 0.9845971 0.9946995 0.9939465 0.9898184 0.48967603 0.98869646 0 1.0262426 0.5091374 0.9842255 0.9827411 0.5246758
0.88259256 1.0305767 0.3281814 0.32756203 0.458445 0.4586293 1.0130024 1.0118452 0.45918247 0.46455088 0.4662248 1.0361294 0.4617693 0.4630661 0.4647367 0.98907024 0.9920673 0.46158424 0.45734018 0.4558696 0.45734018 0.33596638 0.9943229 0.33659267 1.0262426 0 0.9931942 0.46455088 0.46696994 1.0068517
0.99999183 0.401168 0.982 0.9779369 0.9845971 0.99131685 0.38998386 0.3789641 0.97316337 0.9764649 0.9857129 0.54611456 0.9853408 0.9808897 0.98125964 0.32324106 0.3237028 0.9962078 0.99658537 0.9898184 0.9894442 0.9808897 0.5182621 0.9808897 0.5091374 0.9931942 0 0.98683035 0.98757625 0.4018512
0.89766514 1.0041765 0.4586293 0.46251008 0.27815285 0.27931294 0.99847597 0.9816297 0.32216468 0.32833627 0.28440955 1.0207624 0.2830957 0.28265825 0.28207538 0.97941184 0.9831119 0.39521626 0.3965725 0.39099374 0.39284873 0.46158424 1.0034139 0.4630661 0.9842255 0.46455088 0.98683035 0 0.28543305 1.0015109
0.8871479 1.0157093 0.458445 0.46121424 0.26707777 0.2616718 1.0003713 0.98794943 0.32032305 0.32493562 0.27309844 1.0068517 0.27051222 0.27065566 0.26879302 0.98237044 0.9860852 0.3947083 0.39589408 0.39032033 0.39234236 0.46492255 0.99999183 0.4660386 0.9827411 0.46696994 0.98757625 0.28543305 0 1.0034139
1.0034139 0.22785859 0.9931942 0.9898184 0.9920673 1.0011308 0.35258272 0.34020412 0.9962078 0.9958304 1.001891 0.55131066 0.99734104 0.99281836 0.99847597 0.40356198 0.40716735 1.0041765 1.002652 1.0137748 1.014548 0.97978103 0.530536 0.97978103 0.5246758 1.0068517 0.4018512 1.0015109 1.0034139 0
