0 0.84587634 0.73842716 0.5264896 0.6699191 0.682483 0.6852207 0.52628785 0.8400302 0.8446418 0.52447456 0.9980974 0.5250785 0.5250785 0.52729714 0.7427221 0.7386949 0.52387106 0.5232681 0.6907262 0.68149 0.52306724 0.98348296 0.52166253 0.66918653 0.684224 0.52186304 0.52246493 0.52608615 0.5136859
0.84587634 0 0.85896355 0.8480418 0.84156424 0.85114604 0.8483516 0.8400302 0.2519543 0.2571495 0.8567664 1.0289978 0.8599071 0.8489717 0.8505242 0.85959244 0.8555138 0.8719632 0.8662283 0.8668633 0.8599071 0.8545757 0.9783054 0.85332674 0.8455675 0.84310144 0.84525883 0.84279376 0.85864925 0.85332674
0.73842716 0.85896355 0 0.73575526 0.74622995 0.7590508 0.7618071 0.75411475 0.8555138 0.8542633 0.7618071 1.0037951 0.76042765 0.73815954 0.7397667 0.23603305 0.23589608 0.76707226 0.76707226 0.75411475 0.74514884 0.7554826 0.97243166 0.75411475 0.7459595 0.7483968 0.73923063 0.7376246 0.7408401 0.742453
0.5264896 0.8480418 0.73575526 0 0.66918653 0.6907262 0.6852207 0.48833245 0.84156424 0.84187144 0.48967603 1.0227151 0.48756576 0.22691068 0.22313097 0.7320306 0.7312348 0.4960426 0.4943009 0.69122875 0.68000287 0.49488103 0.9980974 0.49372122 0.66577744 0.6775309 0.35852686 0.36240783 0.49526802 0.4858436
0.6699191 0.84156424 0.74622995 0.66918653 0 0.49488103 0.491407 0.66796726 0.8483516 0.8437172 0.6713863 1.0242808 0.67359257 0.6767909 0.67383814 0.7429914 0.7473126 0.6782716 0.6777777 0.1790737 0.17338179 0.66796726 0.9924427 0.6684547 0.5001224 0.49973288 0.66553456 0.66553456 0.67114156 0.6643211
0.682483 0.85114604 0.7590508 0.6907262 0.49488103 0 0.14034984 0.69753873 0.853951 0.85770726 0.70441365 1.0238891 0.7013504 0.6929902 0.69022405 0.76485085 0.76846397 0.71212715 0.7056938 0.51210064 0.50540066 0.7085177 1.0149349 0.7067194 0.4254588 0.28851193 0.6834774 0.680994 0.6877182 0.68972224
0.6852207 0.8483516 0.7618071 0.6852207 0.491407 0.14034984 0 0.6950084 0.8514572 0.8605368 0.69122875 1.0180373 0.695261 0.6884691 0.6864684 0.7618071 0.7631891 0.7031358 0.69906104 0.50598943 0.50090206 0.7067194 1.0083846 0.70364666 0.42334563 0.28836504 0.6782716 0.67629796 0.6837262 0.6884691
0.52628785 0.8400302 0.75411475 0.48833245 0.66796726 0.69753873 0.6950084 0 0.84587634 0.8424862 0.18801454 1.0365276 0.18673073 0.4975942 0.4935281 0.750842 0.74677104 0.19084668 0.18814304 0.6899731 0.6785187 0.12649153 0.99658537 0.1272021 0.6867182 0.68571955 0.49410763 0.4858436 0.31802738 0.31497735
0.8400302 0.2519543 0.8555138 0.84156424 0.8483516 0.853951 0.8514572 0.84587634 0 0.07824301 0.85959244 1.0168724 0.86813504 0.84402525 0.84279376 0.863061 0.85707986 0.86718106 0.870685 0.86909026 0.8611671 0.85270303 0.97941184 0.8486616 0.84402525 0.8486616 0.8375822 0.8339251 0.8474224 0.83911127
0.8446418 0.2571495 0.8542633 0.84187144 0.8437172 0.85770726 0.8605368 0.8424862 0.07824301 0 0.85833514 1.0199828 0.86591095 0.8381934 0.83972377 0.86274505 0.85582674 0.8684533 0.86972773 0.8608519 0.85613984 0.84928197 0.9872032 0.8480418 0.8502134 0.84587634 0.84279376 0.8357514 0.8499028 0.8345334
0.52447456 0.8567664 0.7618071 0.48967603 0.6713863 0.70441365 0.69122875 0.18801454 0.85959244 0.85833514 0 1.0313674 0.054212995 0.4915996 0.49063718 0.7527494 0.7486681 0.15311868 0.15164834 0.68721807 0.67629796 0.18827157 1.0130024 0.18852869 0.6927383 0.6874681 0.496818 0.49006033 0.31512955 0.3122429
0.9980974 1.0289978 1.0037951 1.0227151 1.0242808 1.0238891 1.0180373 1.0365276 1.0168724 1.0199828 1.0313674 0 1.0297868 1.0118452 1.0118452 1.0083846 1.0157093 1.0238891 1.0149349 1.0246727 1.0203725 1.036926 0.532364 1.0401208 1.0361294 1.0223241 1.015322 1.0246727 1.0266355 1.032159
0.5250785 0.8599071 0.76042765 0.48756576 0.67359257 0.7013504 0.695261 0.18673073 0.86813504 0.86591095 0.054212995 1.0297868 0 0.4917922 0.48948392 0.7527494 0.7473126 0.15103655 0.14932616 0.69198316 0.68223464 0.18711564 1.0011308 0.187244 0.6844731 0.6859691 0.493142 0.48948392 0.31300145 0.31012297
0.5250785 0.8489717 0.73815954 0.22691068 0.6767909 0.6929902 0.6884691 0.4975942 0.84402525 0.8381934 0.4915996 1.0118452 0.4917922 0 0.046406552 0.75712734 0.75466156 0.50363714 0.49876 0.6947558 0.682483 0.5001224 1.0030329 0.49876 0.67580533 0.6852207 0.35901088 0.36663502 0.50148726 0.491022
0.52729714 0.8505242 0.7397667 0.22313097 0.67383814 0.69022405 0.6864684 0.4935281 0.84279376 0.83972377 0.49063718 1.0118452 0.48948392 0.046406552 0 0.756853 0.7519313 0.4983712 0.49372122 0.6950084 0.68173814 0.49643022 1.0080011 0.49507448 0.67629796 0.6832287 0.36127383 0.36468107 0.49973288 0.48660854
0.7427221 0.85959244 0.23603305 0.7320306 0.7429914 0.76485085 0.7618071 0.750842 0.863061 0.86274505 0.7527494 1.0083846 0.7527494 0.75712734 0.756853 0 0.04661935 0.75767636 0.75822586 0.7618071 0.7532952 0.7478545 0.9943229 0.7475835 0.75384146 0.74704176 0.7429914 0.74406934 0.74164605 0.7448788
0.7386949 0.8555138 0.23589608 0.7312348 0.7473126 0.76846397 0.7631891 0.74677104 0.85707986 0.85582674 0.7486681 1.0157093 0.7473126 0.75466156 0.7519313 0.04661935 0 0.7527494 0.7519313 0.761531 0.7527494 0.7419149 1.0003713 0.7413773 0.7590508 0.74704176 0.7421839 0.7408401 0.74057156 0.74541897
0.52387106 0.8719632 0.76707226 0.4960426 0.6782716 0.71212715 0.7031358 0.19084668 0.86718106 0.8684533 0.15311868 1.0238891 0.15103655 0.50363714 0.4983712 0.75767636 0.7527494 0 0.03731297 0.69779223 0.6827315 0.18968678 1.0041765 0.19045985 0.6904751 0.6922348 0.4995382 0.493142 0.3238568 0.3166533
0.5232681 0.8662283 0.76707226 0.4943009 0.6777777 0.7056938 0.69906104 0.18814304 0.870685 0.86972773 0.15164834 1.0149349 0.14932616 0.49876 0.49372122 0.75822586 0.7519313 0.03731297 0 0.6988071 0.6837262 0.18827157 0.9946995 0.18904316 0.68721807 0.69173163 0.49740008 0.4927561 0.32047635 0.31573868
0.6907262 0.8668633 0.75411475 0.69122875 0.1790737 0.51210064 0.50598943 0.6899731 0.86909026 0.8608519 0.68721807 1.0246727 0.69198316 0.6947558 0.6950084 0.7618071 0.761531 0.69779223 0.6988071 0 0.035318706 0.68972224 0.9872032 0.68972224 0.5166672 0.5168664 0.68149 0.6854701 0.69349426 0.6852207
0.68149 0.8599071 0.74514884 0.68000287 0.17338179 0.50540066 0.50090206 0.6785187 0.8611671 0.85613984 0.67629796 1.0203725 0.68223464 0.682483 0.68173814 0.7532952 0.7527494 0.6827315 0.6837262 0.035318706 0 0.6795078 0.99357027 0.67975533 0.5105188 0.51229864 0.6745752 0.6775309 0.68397504 0.67580533
0.52306724 0.8545757 0.7554826 0.49488103 0.66796726 0.7085177 0.7067194 0.12649153 0.85270303 0.84928197 0.18827157 1.036926 0.18711564 0.5001224 0.49643022 0.7478545 0.7419149 0.18968678 0.18827157 0.68972224 0.6795078 0 0.9894442 0.0053188154 0.69753873 0.6972853 0.49372122 0.48184055 0.3201698 0.3172637
0.98348296 0.9783054 0.97243166 0.9980974 0.9924427 1.0149349 1.0083846 0.99658537 0.97941184 0.9872032 1.0130024 0.532364 1.0011308 1.0030329 1.0080011 0.9943229 1.0003713 1.0041765 0.9946995 0.9872032 0.99357027 0.9894442 0 0.98907024 1.0072346 0.9950763 0.98869646 0.99169195 1.0126165 0.9831119
0.52166253 0.85332674 0.75411475 0.49372122 0.6684547 0.7067194 0.70364666 0.1272021 0.8486616 0.8480418 0.18852869 1.0401208 0.187244 0.49876 0.49507448 0.7475835 0.7413773 0.19045985 0.18904316 0.68972224 0.67975533 0.0053188154 0.98907024 0 0.6962725 0.695261 0.49294904 0.48108047 0.32124332 0.31802738
0.66918653 0.8455675 0.7459595 0.66577744 0.5001224 0.4254588 0.42334563 0.6867182 0.84402525 0.8502134 0.6927383 1.0361294 0.6844731 0.67580533 0.67629796 0.75384146 0.7590508 0.6904751 0.68721807 0.5166672 0.5105188 0.69753873 1.0072346 0.6962725 0 0.42669424 0.6832287 0.68149 0.6795078 0.6760516
0.684224 0.84310144 0.7483968 0.6775309 0.49973288 0.28851193 0.28836504 0.68571955 0.8486616 0.84587634 0.6874681 1.0223241 0.6859691 0.6852207 0.6832287 0.74704176 0.74704176 0.6922348 0.69173163 0.5168664 0.51229864 0.6972853 0.9950763 0.695261 0.42669424 0 0.67555916 0.675067 0.67531306 0.68223464
0.52186304 0.84525883 0.73923063 0.35852686 0.66553456 0.6834774 0.6782716 0.49410763 0.8375822 0.84279376 0.496818 1.015322 0.493142 0.35901088 0.36127383 0.7429914 0.7421839 0.4995382 0.49740008 0.68149 0.6745752 0.49372122 0.98869646 0.49294904 0.6832287 0.67555916 0 0.26223904 0.50148726 0.4983712
0.52246493 0.84279376 0.7376246 0.36240783 0.66553456 0.680994 0.67629796 0.4858436 0.8339251 0.8357514 0.49006033 1.0246727 0.48948392 0.36663502 0.36468107 0.74406934 0.7408401 0.493142 0.4927561 0.6854701 0.6775309 0.48184055 0.99169195 0.48108047 0.68149 0.675067 0.26223904 0 0.496818 0.491407
0.52608615 0.85864925 0.7408401 0.49526802 0.67114156 0.6877182 0.6837262 0.31802738 0.8474224 0.8499028 0.31512955 1.0266355 0.31300145 0.50148726 0.49973288 0.74164605 0.74057156 0.3238568 0.32047635 0.69349426 0.68397504 0.3201698 1.0126165 0.32124332 0.6795078 0.67531306 0.50148726 0.496818 0 0.26153007
0.5136859 0.85332674 0.742453 0.4858436 0.6643211 0.68972224 0.6884691 0.31497735 0.83911127 0.8345334 0.3122429 1.032159 0.31012297 0.491022 0.48660854 0.7448788 0.74541897 0.3166533 0.31573868 0.6852207 0.67580533 0.3172637 0.9831119 0.31802738 0.6760516 0.68223464 0.4983712 0.491407 0.26153007 0
