0 0.7676286001 0.6990610401 0.7069760601 0.7629125001 0.7670722601 0.7612550001 1.0007510001 0.7623596001 0.9820000001 0.9794118401 1.0145480001 0.7734957001 0.9772005701 0.9853408001 1.0057040001 0.9996125701 0.7673504001 0.7679069601 0.7654055401 0.7648508501 0.9687838001 0.9827411001 0.9687838001 1.0231062001 1.0018910001 0.9768326001 0.7618071001 0.7701374001 0.7036466601
0.7676286001 0 0.7629125001 0.7535683001 0.4235215001 0.4274011301 0.4233456301 0.9853408001 0.2556012001 0.9550814601 0.9561541701 0.9794118401 0.2592659301 0.9845971001 0.9909420001 0.9943229001 0.9890702401 0.2587009701 0.2578542801 0.2598313401 0.2591246401 0.9532970001 0.9879494301 0.9532970001 1.0015109001 0.9601006501 0.9775687001 0.7585007001 0.7765873001 0.7704167401
0.6990610401 0.7629125001 0 0.2611050301 0.7576763601 0.7516588601 0.7505699401 0.9992335401 0.7552088501 0.9687838001 0.9669665001 1.0293922001 0.7726547001 1.0022715001 1.0026520001 1.0095364001 1.0095364001 0.7681854001 0.7634657601 0.7654055401 0.7637425701 0.9706055001 1.0076177001 0.9706055001 0.9969631001 0.9977191001 0.9879494301 0.7732152301 0.7822413001 0.2751161201
0.7069760601 0.7535683001 0.2611050301 0 0.7645736301 0.7690214001 0.7607034001 1.0022715001 0.7524766001 0.9808897001 0.9783054001 1.0250650001 0.7718146401 1.0262426001 1.0254573001 0.9965853701 1.0015109001 0.7670722601 0.7615310001 0.7662384501 0.7651281401 0.9794118401 1.0157093001 0.9794118401 1.0007510001 1.0022715001 0.9868303501 0.7737762001 0.7839458601 0.2659364301
0.7629125001 0.4235215001 0.7576763601 0.7645736301 0 0.2407051201 0.2422229201 0.9808897001 0.4200119001 0.9727974001 0.9786740501 0.9698763001 0.4307679201 1.0080011001 1.0076177001 0.9812596401 0.9797810301 0.4270476001 0.4277548201 0.4284626801 0.4275779401 0.9727974001 1.0030329001 0.9727974001 1.0037951001 0.9935702701 0.9842255001 0.7712552001 0.7746184001 0.7774327001
0.7670722601 0.4274011301 0.7516588601 0.7690214001 0.2407051201 0 0.1356619401 0.9849688401 0.4263410601 0.9924427001 0.9977191001 0.9790429001 0.4334366601 0.9996125701 1.0030329001 0.9838541001 0.9797810301 0.4313009001 0.4304128301 0.4329021601 0.4313009001 0.9853408001 0.9939465001 0.9853408001 0.9946995001 1.0030329001 0.9984759701 0.7667942001 0.7763057001 0.7830931001
0.7612550001 0.4233456301 0.7505699401 0.7607034001 0.2422229201 0.1356619401 0 0.9831119001 0.4242254001 0.9875762501 0.9864576501 0.9790429001 0.4314786801 1.0011308001 1.0064689001 0.9864576501 0.9805199501 0.4281086601 0.4261645001 0.4289940301 0.4275779401 0.9913168501 0.9901927001 0.9913168501 0.9916919501 0.9999918301 0.9965853701 0.7579511001 0.7771507501 0.7670722601
1.0007510001 0.9853408001 0.9992335401 1.0022715001 0.9808897001 0.9849688401 0.9831119001 0 0.9831119001 0.9886964601 0.9924427001 0.6112037001 1.0045581001 1.0064689001 1.0145480001 0.1295755001 0.1312413801 0.9958304001 0.9939465001 0.9954532401 0.9946995001 0.9872032001 0.6258027001 0.9872032001 0.6423380401 1.0072346001 1.0172604001 1.0153220001 1.0238891001 0.9905672701
0.7623596001 0.2556012001 0.7552088501 0.7524766001 0.4200119001 0.4263410601 0.4242254001 0.9831119001 0 0.9575869001 0.9622620301 0.9738958001 0.1257816401 0.9984759701 1.0083846001 0.9812596401 0.9783054001 0.1245999701 0.1233022961 0.1266099001 0.1256633801 0.9658782001 0.9939465001 0.9658782001 0.9954532401 0.9644296001 0.9849688401 0.7579511001 0.7754615501 0.7695792001
0.9820000001 0.9550814601 0.9687838001 0.9808897001 0.9727974001 0.9924427001 0.9875762501 0.9886964601 0.9575869001 0 0.0758050701 0.9905672701 0.9849688401 0.6496736401 0.6463519301 1.0037951001 0.9992335401 0.9823704401 0.9772005701 0.9772005701 0.9760973501 0.6168726701 0.9845971001 0.6168726701 1.0091523001 0.6294973001 0.6369415001 0.9622620301 0.9783054001 0.9731633701
0.9794118401 0.9561541701 0.9669665001 0.9783054001 0.9786740501 0.9977191001 0.9864576501 0.9924427001 0.9622620301 0.0758050701 0 0.9950763001 0.9872032001 0.6534880401 0.6520554001 0.9996125701 0.9950763001 0.9860852001 0.9808897001 0.9794118401 0.9783054001 0.6225847601 0.9886964601 0.6225847601 1.0141612001 0.6329775501 0.6369415001 0.9666036001 0.9757300001 0.9669665001
1.0145480001 0.9794118401 1.0293922001 1.0250650001 0.9698763001 0.9790429001 0.9790429001 0.6112037001 0.9738958001 0.9905672701 0.9950763001 0 0.9935702701 1.0282096001 1.0293922001 0.6269553001 0.6232732001 0.9928183601 0.9905672701 0.9973410401 0.9950763001 1.0041765001 0.6395176001 1.0041765001 0.6381113501 1.0057040001 1.0130024001 1.0072346001 1.0297868001 1.0099207001
0.7734957001 0.2592659301 0.7726547001 0.7718146401 0.4307679201 0.4334366601 0.4314786801 1.0045581001 0.1257816401 0.9849688401 0.9872032001 0.9935702701 0 1.0211525001 1.0361294001 0.9984759701 0.9939465001 0.0574448331 0.0569052251 0.0593906381 0.0586333351 0.9842255001 1.0053219001 0.9842255001 1.0145480001 0.9894442001 0.9973410401 0.7706961001 0.7899424401 0.7816739701
0.9772005701 0.9845971001 1.0022715001 1.0262426001 1.0080011001 0.9996125701 1.0011308001 1.0064689001 0.9984759701 0.6496736401 0.6534880401 1.0282096001 1.0211525001 0 0.0559349101 1.0242808001 1.0254573001 1.0164845001 1.0141612001 1.0141612001 1.0126165001 0.6409265001 0.9939465001 0.6409265001 1.0211525001 0.3697393001 0.6643211001 0.9735294601 0.9864576501 1.0060863001
0.9853408001 0.9909420001 1.0026520001 1.0254573001 1.0076177001 1.0030329001 1.0064689001 1.0145480001 1.0083846001 0.6463519301 0.6520554001 1.0293922001 1.0361294001 0.0559349101 0 1.0325551001 1.0357314001 1.0286036001 1.0266355001 1.0262426001 1.0250650001 0.6390486001 0.9935702701 0.6390486001 1.0301816001 0.3672875001 0.6573219001 0.9779369001 0.9913168501 1.0126165001
1.0057040001 0.9943229001 1.0095364001 0.9965853701 0.9812596401 0.9838541001 0.9864576501 0.1295755001 0.9812596401 1.0037951001 0.9996125701 0.6269553001 0.9984759701 1.0242808001 1.0325551001 0 0.0394179371 0.9958304001 0.9935702701 0.9954532401 0.9939465001 0.9808897001 0.6421026001 0.9808897001 0.6511017701 1.0091523001 1.0188149001 1.0133885001 1.0270288001 0.9962078001
0.9996125701 0.9890702401 1.0095364001 1.0015109001 0.9797810301 0.9797810301 0.9805199501 0.1312413801 0.9783054001 0.9992335401 0.9950763001 0.6232732001 0.9939465001 1.0254573001 1.0357314001 0.0394179371 0 0.9920673001 0.9890702401 0.9886964601 0.9875762501 0.9849688401 0.6451691401 0.9849688401 0.6475366001 1.0076177001 1.0168724001 1.0087683001 1.0231062001 0.9977191001
0.7673504001 0.2587009701 0.7681854001 0.7670722601 0.4270476001 0.4313009001 0.4281086601 0.9958304001 0.1245999701 0.9823704401 0.9860852001 0.9928183601 0.0574448331 1.0164845001 1.0286036001 0.9958304001 0.9920673001 0 0.0190396401 0.0382594731 0.0374180801 0.9857129001 1.0030329001 0.9857129001 1.0168724001 0.9939465001 0.9954532401 0.7659607001 0.7774327001 0.7799746001
0.7679069601 0.2578542801 0.7634657601 0.7615310001 0.4277548201 0.4304128301 0.4261645001 0.9939465001 0.1233022961 0.9772005701 0.9808897001 0.9905672701 0.0569052251 1.0141612001 1.0266355001 0.9935702701 0.9890702401 0.0190396401 0 0.0369977301 0.0359479001 0.9820000001 1.0045581001 0.9820000001 1.0114600001 0.9872032001 0.9950763001 0.7631891001 0.7771507501 0.7796917001
0.7654055401 0.2598313401 0.7654055401 0.7662384501 0.4284626801 0.4329021601 0.4289940301 0.9954532401 0.1266099001 0.9772005701 0.9794118401 0.9973410401 0.0593906381 1.0141612001 1.0262426001 0.9954532401 0.9886964601 0.0382594731 0.0369977301 0 0.0044129576 0.9838541001 1.0049399001 0.9838541001 1.0126165001 0.9886964601 0.9890702401 0.7693002001 0.7765873001 0.7791263001
0.7648508501 0.2591246401 0.7637425701 0.7651281401 0.4275779401 0.4313009001 0.4275779401 0.9946995001 0.1256633801 0.9760973501 0.9783054001 0.9950763001 0.0586333351 1.0126165001 1.0250650001 0.9939465001 0.9875762501 0.0374180801 0.0359479001 0.0044129576 0 0.9797810301 1.0007510001 0.9797810301 1.0099207001 0.9883228501 0.9868303501 0.7679069601 0.7751804001 0.7774327001
0.9687838001 0.9532970001 0.9706055001 0.9794118401 0.9727974001 0.9853408001 0.9913168501 0.9872032001 0.9658782001 0.6168726701 0.6225847601 1.0041765001 0.9842255001 0.6409265001 0.6390486001 0.9808897001 0.9849688401 0.9857129001 0.9820000001 0.9838541001 0.9797810301 0 0.9875762501 1e-10 0.9999918301 0.6404565601 0.3351842201 0.9522284001 0.9644296001 0.9709704001
0.9827411001 0.9879494301 1.0076177001 1.0157093001 1.0030329001 0.9939465001 0.9901927001 0.6258027001 0.9939465001 0.9845971001 0.9886964601 0.6395176001 1.0053219001 0.9939465001 0.9935702701 0.6421026001 0.6451691401 1.0030329001 1.0045581001 1.0049399001 1.0007510001 0.9875762501 0 0.9875762501 0.5103213001 0.9890702401 1.0091523001 0.9872032001 1.0018910001 0.9962078001
0.9687838001 0.9532970001 0.9706055001 0.9794118401 0.9727974001 0.9853408001 0.9913168501 0.9872032001 0.9658782001 0.6168726701 0.6225847601 1.0041765001 0.9842255001 0.6409265001 0.6390486001 0.9808897001 0.9849688401 0.9857129001 0.9820000001 0.9838541001 0.9797810301 1e-10 0.9875762501 0 0.9999918301 0.6404565601 0.3351842201 0.9522284001 0.9644296001 0.9709704001
1.0231062001 1.0015109001 0.9969631001 1.0007510001 1.0037951001 0.9946995001 0.9916919501 0.6423380401 0.9954532401 1.0091523001 1.0141612001 0.6381113501 1.0145480001 1.0211525001 1.0301816001 0.6511017701 0.6475366001 1.0168724001 1.0114600001 1.0126165001 1.0099207001 0.9999918301 0.5103213001 0.9999918301 0 1.0103053001 1.0278157001 0.9962078001 1.0045581001 1.0003713001
1.0018910001 0.9601006501 0.9977191001 1.0022715001 0.9935702701 1.0030329001 0.9999918301 1.0072346001 0.9644296001 0.6294973001 0.6329775501 1.0057040001 0.9894442001 0.3697393001 0.3672875001 1.0091523001 1.0076177001 0.9939465001 0.9872032001 0.9886964601 0.9883228501 0.6404565601 0.9890702401 0.6404565601 1.0103053001 0 0.6515784001 0.9568702001 0.9868303501 1.0003713001
0.9768326001 0.9775687001 0.9879494301 0.9868303501 0.9842255001 0.9984759701 0.9965853701 1.0172604001 0.9849688401 0.6369415001 0.6369415001 1.0130024001 0.9973410401 0.6643211001 0.6573219001 1.0188149001 1.0168724001 0.9954532401 0.9950763001 0.9890702401 0.9868303501 0.3351842201 1.0091523001 0.3351842201 1.0278157001 0.6515784001 0 0.9640679401 0.9698763001 0.9988546401
0.7618071001 0.7585007001 0.7732152301 0.7737762001 0.7712552001 0.7667942001 0.7579511001 1.0153220001 0.7579511001 0.9622620301 0.9666036001 1.0072346001 0.7706961001 0.9735294601 0.9779369001 1.0133885001 1.0087683001 0.7659607001 0.7631891001 0.7693002001 0.7679069601 0.9522284001 0.9872032001 0.9522284001 0.9962078001 0.9568702001 0.9640679401 0 0.2806202001 0.7698582401
0.7701374001 0.7765873001 0.7822413001 0.7839458601 0.7746184001 0.7763057001 0.7771507501 1.0238891001 0.7754615501 0.9783054001 0.9757300001 1.0297868001 0.7899424401 0.9864576501 0.9913168501 1.0270288001 1.0231062001 0.7774327001 0.7771507501 0.7765873001 0.7751804001 0.9644296001 1.0018910001 0.9644296001 1.0045581001 0.9868303501 0.9698763001 0.2806202001 0 0.7701374001
0.7036466601 0.7704167401 0.2751161201 0.2659364301 0.7774327001 0.7830931001 0.7670722601 0.9905672701 0.7695792001 0.9731633701 0.9669665001 1.0099207001 0.7816739701 1.0060863001 1.0126165001 0.9962078001 0.9977191001 0.7799746001 0.7796917001 0.7791263001 0.7774327001 0.9709704001 0.9962078001 0.9709704001 1.0003713001 1.0003713001 0.9988546401 0.7698582401 0.7701374001 0
