0 0.40544835 0.40630734 0.4095806 0.71367943 0.39555508 0.39725155 0.9950763 1.0037951 0.71445674 0.7129029 0.624192 1.0118452 1.0091523 0.7293813 0.7251619 0.7267414 0.7280602 0.72700495 0.7320306 0.7296458 0.7235857 0.6198375 0.7235857 0.7243734 0.40854537 0.72832423 0.40373325 0.7259512 0.72384816
0.40544835 0 0.15705377 0.15754712 0.70646286 0.2195042 0.2201745 1.0053219 1.0064689 0.7157541 0.71238565 0.61346614 1.0164845 1.014548 0.7320306 0.72885257 0.7304399 0.7167936 0.7152349 0.73149997 0.7338906 0.71083605 0.62511194 0.71186876 0.7080034 0.23002975 0.7193987 0.18557718 0.7330929 0.72991043
0.40630734 0.15705377 0 0.14337038 0.71083605 0.2195042 0.22245803 1.0199828 1.0242808 0.7196597 0.7157541 0.60804766 1.0353336 1.0282096 0.7341567 0.7336246 0.7333587 0.7207046 0.72122765 0.7362889 0.73735726 0.72044325 0.6255724 0.72148925 0.7082605 0.23548532 0.7293813 0.18955801 0.732296 0.73602206
0.4095806 0.15754712 0.14337038 0 0.7110941 0.21990632 0.2215169 1.0137748 1.0215429 0.7157541 0.71212715 0.60984945 1.025065 1.0203725 0.72858834 0.7243734 0.7267414 0.7196597 0.7207046 0.7309697 0.73149997 0.71601385 0.6267246 0.7175742 0.7049255 0.23152608 0.7207046 0.187244 0.7362889 0.7293813
0.71367943 0.70646286 0.71083605 0.7110941 0 0.69804585 0.700841 0.97316337 0.9746289 0.18302007 0.18557718 0.72858834 0.99357027 0.99169195 0.3358099 0.335497 0.33596638 0.08124591 0.08191486 0.33831772 0.33800378 0.1884001 0.71783453 0.1884001 0.23822805 0.71992075 0.18955801 0.70543754 0.34304264 0.33690602
0.39555508 0.2195042 0.2195042 0.21990632 0.69804585 0 0.06253621 0.98237044 0.990942 0.70441365 0.69855326 0.6028915 0.99885464 0.99357027 0.71006244 0.7085177 0.7113522 0.714716 0.714716 0.71316165 0.7139384 0.7062064 0.61142963 0.7080034 0.6993151 0.19459637 0.71367943 0.22097966 0.70954716 0.7056938
0.39725155 0.2201745 0.22245803 0.2215169 0.700841 0.06253621 0 0.98683035 0.99281836 0.70903224 0.70415795 0.60692376 0.99961257 0.99357027 0.7173139 0.71549445 0.7186162 0.7175742 0.7173139 0.72253674 0.72253674 0.71316165 0.61596274 0.714716 0.7033912 0.19576387 0.718095 0.22004041 0.7207046 0.71186876
0.9950763 1.0053219 1.0199828 1.0137748 0.97316337 0.98237044 0.98683035 0 0.06810027 0.9706055 0.9713354 1.0160967 0.121066116 0.12177156 0.9783054 0.97352946 0.98348296 0.9831119 0.9831119 0.9872032 0.9860852 0.990942 1.0003713 0.9931942 0.98496884 1.0118452 0.99658537 1.0068517 1.0053219 0.9853408
1.0037951 1.0064689 1.0242808 1.0215429 0.9746289 0.990942 0.99281836 0.06810027 0 0.9727974 0.97499573 1.0223241 0.11860229 0.11918818 0.98125964 0.9779369 0.98496884 0.9816297 0.9816297 0.9872032 0.98496884 0.9939465 1.000751 0.9958304 0.98869646 1.0242808 0.9969631 1.0207624 1.0141612 0.99357027
0.71445674 0.7157541 0.7196597 0.7157541 0.18302007 0.70441365 0.70903224 0.9706055 0.9727974 0 0.05625821 0.7235857 0.9857129 0.9845971 0.3392603 0.33753312 0.3425688 0.18519306 0.18493709 0.3447826 0.3433587 0.17250025 0.72044325 0.17300387 0.23630708 0.72858834 0.18685901 0.7207046 0.3344029 0.33424672
0.7129029 0.71238565 0.7157541 0.71212715 0.18557718 0.69855326 0.70415795 0.9713354 0.97499573 0.05625821 0 0.7227989 0.98794943 0.98496884 0.33941755 0.33784685 0.34177974 0.18737236 0.18762916 0.34446594 0.3427267 0.17287792 0.7167936 0.17312981 0.23699258 0.72253674 0.18942927 0.7139384 0.33957478 0.3373763
0.624192 0.61346614 0.60804766 0.60984945 0.72858834 0.6028915 0.60692376 1.0160967 1.0223241 0.7235857 0.7227989 0 1.0080011 1.0141612 0.72122765 0.72044325 0.71887696 0.7368229 0.7376246 0.723061 0.723061 0.7325615 0.33910313 0.7325615 0.72384816 0.6198375 0.7368229 0.6008834 0.7254249 0.7167936
1.0118452 1.0164845 1.0353336 1.025065 0.99357027 0.99885464 0.99961257 0.121066116 0.11860229 0.9857129 0.98794943 1.0080011 0 0.04005058 1.0118452 1.0095364 1.0130024 0.99658537 0.99734104 1.0157093 1.015322 1.0099207 1.0110749 1.01146 1.005704 1.030972 1.0118452 1.0211525 1.0301816 1.0080011
1.0091523 1.014548 1.0282096 1.0203725 0.99169195 0.99357027 0.99357027 0.12177156 0.11918818 0.9845971 0.98496884 1.0141612 0.04005058 0 1.0118452 1.0076177 1.0130024 0.990942 0.9931942 1.0180373 1.014548 1.0083846 1.0133885 1.0083846 1.001891 1.0258498 1.0141612 1.0199828 1.0286036 1.0110749
0.7293813 0.7320306 0.7341567 0.72858834 0.3358099 0.71006244 0.7173139 0.9783054 0.98125964 0.3392603 0.33941755 0.72122765 1.0118452 1.0118452 0 0.023772815 0.037838656 0.34020412 0.33878887 0.04047264 0.039945103 0.3447826 0.7173139 0.34446594 0.34067646 0.72726864 0.3425688 0.7126442 0.30725548 0.30514956
0.7251619 0.72885257 0.7336246 0.7243734 0.335497 0.7085177 0.71549445 0.97352946 0.9779369 0.33753312 0.33784685 0.72044325 1.0095364 1.0076177 0.023772815 0 0.03952334 0.33941755 0.33831772 0.042057484 0.041634534 0.34494096 0.71783453 0.3447826 0.34083396 0.72885257 0.34193748 0.71238565 0.30695426 0.30349907
0.7267414 0.7304399 0.7333587 0.7267414 0.33596638 0.7113522 0.7186162 0.98348296 0.98496884 0.3425688 0.34177974 0.71887696 1.0130024 1.0130024 0.037838656 0.03952334 0 0.33957478 0.33878887 0.024392394 0.02408254 0.34494096 0.71627367 0.3447826 0.34130672 0.7307048 0.34320065 0.70928967 0.30560035 0.30695426
0.7280602 0.7167936 0.7207046 0.7196597 0.08124591 0.714716 0.7175742 0.9831119 0.9816297 0.18519306 0.18737236 0.7368229 0.99658537 0.990942 0.34020412 0.33941755 0.33957478 0 0.017400295 0.34193748 0.3411491 0.19020207 0.7222747 0.1900732 0.24236105 0.7280602 0.19278383 0.71887696 0.34525782 0.34288466
0.72700495 0.7152349 0.72122765 0.7207046 0.08191486 0.714716 0.7173139 0.9831119 0.9816297 0.18493709 0.18762916 0.7376246 0.99734104 0.9931942 0.33878887 0.33831772 0.33878887 0.017400295 0 0.34099153 0.34036154 0.18878588 0.7262145 0.18904316 0.24167064 0.72779626 0.1918792 0.7167936 0.34462425 0.34162202
0.7320306 0.73149997 0.7362889 0.7309697 0.33831772 0.71316165 0.72253674 0.9872032 0.9872032 0.3447826 0.34446594 0.723061 1.0157093 1.0180373 0.04047264 0.042057484 0.024392394 0.34193748 0.34099153 0 0.013622978 0.34668535 0.72044325 0.3465266 0.3422531 0.7320306 0.34446594 0.7152349 0.30861238 0.30755678
0.7296458 0.7338906 0.73735726 0.73149997 0.33800378 0.7139384 0.72253674 0.9860852 0.98496884 0.3433587 0.3427267 0.723061 1.015322 1.014548 0.039945103 0.041634534 0.02408254 0.3411491 0.34036154 0.013622978 0 0.3450994 0.72044325 0.34494096 0.3411491 0.7344229 0.34367487 0.714716 0.30725548 0.30575064
0.7235857 0.71083605 0.72044325 0.71601385 0.1884001 0.7062064 0.71316165 0.990942 0.9939465 0.17250025 0.17287792 0.7325615 1.0099207 1.0083846 0.3447826 0.34494096 0.34494096 0.19020207 0.18878588 0.34668535 0.3450994 0 0.7328271 0.0028052398 0.23891531 0.7309697 0.18788606 0.70928967 0.34700292 0.34494096
0.6198375 0.62511194 0.6255724 0.6267246 0.71783453 0.61142963 0.61596274 1.0003713 1.000751 0.72044325 0.7167936 0.33910313 1.0110749 1.0133885 0.7173139 0.71783453 0.71627367 0.7222747 0.7262145 0.72044325 0.72044325 0.7328271 0 0.7333587 0.714716 0.62996036 0.7336246 0.620981 0.72018194 0.72122765
0.7235857 0.71186876 0.72148925 0.7175742 0.1884001 0.7080034 0.714716 0.9931942 0.9958304 0.17300387 0.17312981 0.7325615 1.01146 1.0083846 0.34446594 0.3447826 0.3447826 0.1900732 0.18904316 0.3465266 0.34494096 0.0028052398 0.7333587 0 0.23946556 0.732296 0.18878588 0.71083605 0.3462092 0.3439912
0.7243734 0.7080034 0.7082605 0.7049255 0.23822805 0.6993151 0.7033912 0.98496884 0.98869646 0.23630708 0.23699258 0.72384816 1.005704 1.001891 0.34067646 0.34083396 0.34130672 0.24236105 0.24167064 0.3422531 0.3411491 0.23891531 0.714716 0.23946556 0 0.71992075 0.23740417 0.70543754 0.34763852 0.34351677
0.40854537 0.23002975 0.23548532 0.23152608 0.71992075 0.19459637 0.19576387 1.0118452 1.0242808 0.72858834 0.72253674 0.6198375 1.030972 1.0258498 0.72726864 0.72885257 0.7307048 0.7280602 0.72779626 0.7320306 0.7344229 0.7309697 0.62996036 0.732296 0.71992075 0 0.72885257 0.23043755 0.7296458 0.72726864
0.72832423 0.7193987 0.7293813 0.7207046 0.18955801 0.71367943 0.718095 0.99658537 0.9969631 0.18685901 0.18942927 0.7368229 1.0118452 1.0141612 0.3425688 0.34193748 0.34320065 0.19278383 0.1918792 0.34446594 0.34367487 0.18788606 0.7336246 0.18878588 0.23740417 0.72885257 0 0.723061 0.34036154 0.34241092
0.40373325 0.18557718 0.18955801 0.187244 0.70543754 0.22097966 0.22004041 1.0068517 1.0207624 0.7207046 0.7139384 0.6008834 1.0211525 1.0199828 0.7126442 0.71238565 0.70928967 0.71887696 0.7167936 0.7152349 0.714716 0.70928967 0.620981 0.71083605 0.70543754 0.23043755 0.723061 0 0.7259512 0.71627367
0.7259512 0.7330929 0.732296 0.7362889 0.34304264 0.70954716 0.7207046 1.0053219 1.0141612 0.3344029 0.33957478 0.7254249 1.0301816 1.0286036 0.30725548 0.30695426 0.30560035 0.34525782 0.34462425 0.30861238 0.30725548 0.34700292 0.72018194 0.3462092 0.34763852 0.7296458 0.34036154 0.7259512 0 0.15977116
0.72384816 0.72991043 0.73602206 0.7293813 0.33690602 0.7056938 0.71186876 0.9853408 0.99357027 0.33424672 0.3373763 0.7167936 1.0080011 1.0110749 0.30514956 0.30349907 0.30695426 0.34288466 0.34162202 0.30755678 0.30575064 0.34494096 0.72122765 0.3439912 0.34351677 0.72726864 0.34241092 0.71627367 0.15977116 0
