0 0.7456892 0.9842255 0.90231323 1.0003713 0.9950763 0.9924427 0.990942 0.99734104 0.46659726 0.46195444 0.98645765 0.75712734 0.620981 0.62465185 0.91439945 0.92359364 1.0080011 0.9950763 0.9894442 0.98794943 0.7481256 0.99923354 0.74893945 0.93082345 0.9130469 0.92359364 0.9150766 1.0076177 0.9962078
0.7456892 0 1.0045581 0.94514287 1.0064689 1.0262426 1.0219333 1.0037951 1.0199828 0.7574018 0.7524766 1.0095364 0.24291384 0.75384146 0.7593259 0.93812364 0.94162506 1.0076177 0.99999183 1.014548 1.0099207 0.23946556 0.9901927 0.23946556 0.9575869 0.9259958 0.93116945 0.9242792 1.0133885 1.0011308
0.9842255 1.0045581 0 1.0087683 0.22218902 0.2204428 0.800626 0.81087404 0.80851924 1.0110749 1.0091523 0.4454743 0.99734104 0.98237044 0.9977191 1.033348 1.0258498 0.8221614 0.8096957 0.22826521 0.22596397 0.99961257 0.43041283 0.99847597 1.0353336 1.0099207 1.0157093 1.0103053 0.30785823 0.8076381
0.90231323 0.94514287 1.0087683 0 1.0099207 1.0164845 1.0003713 0.9924427 0.9980974 0.93151563 0.9263396 1.018426 0.9405729 0.8989902 0.90098226 0.19914696 0.20019098 1.0099207 1.0060863 1.0068517 1.0022715 0.9391723 0.98757625 0.93987226 0.44965157 0.4345068 0.43254602 0.4389823 1.0015109 1.0068517
1.0003713 1.0064689 0.22218902 1.0099207 0 0.18917185 0.79310274 0.8073446 0.799754 1.0199828 1.015322 0.46121424 1.002652 0.99131685 1.002652 1.0141612 1.0045581 0.80646485 0.79714435 0.19615345 0.19278383 1.0022715 0.43076792 0.99961257 1.0274222 1.0003713 1.018426 1.0064689 0.31057674 0.79859304
0.9950763 1.0262426 0.2204428 1.0164845 0.18917185 0 0.8079317 0.8179831 0.8164965 1.0289978 1.0231062 0.4575242 1.0305767 0.990942 1.0037951 1.032159 1.0199828 0.82546073 0.81234956 0.18865727 0.18608965 1.0199828 0.43219006 1.0172604 1.0313674 1.0064689 1.0238891 1.0122308 0.3077075 0.8120542
0.9924427 1.0219333 0.800626 1.0003713 0.79310274 0.8079317 0 0.18544912 0.18698733 0.99545324 1.0049399 0.81323624 1.0022715 0.9898184 0.99923354 1.032159 1.0199828 0.21789792 0.21163957 0.79888314 0.79743385 1.0137748 0.8114639 1.0095364 1.0231062 1.0130024 1.018426 1.0022715 0.82335943 0.2572904
0.990942 1.0037951 0.81087404 0.9924427 0.8073446 0.8179831 0.18544912 0 0.12862524 0.99131685 0.9958304 0.829681 1.001891 0.9831119 0.99658537 1.0168724 1.0064689 0.21509518 0.21270114 0.8073446 0.80353975 1.005704 0.8221614 1.0034139 1.0049399 1.0122308 1.0103053 1.0003713 0.8257614 0.25588247
0.99734104 1.0199828 0.80851924 0.9980974 0.799754 0.8164965 0.18698733 0.12862524 0 0.99169195 1.0034139 0.8293787 1.01146 0.9920673 1.0045581 1.0301816 1.0168724 0.21536165 0.21044709 0.80646485 0.80529344 1.0223241 0.81768554 1.0172604 1.0157093 1.025065 1.018426 1.0110749 0.8209652 0.2585598
0.46659726 0.7574018 1.0110749 0.93151563 1.0199828 1.0289978 0.99545324 0.99131685 0.99169195 0 0.13362764 1.0258498 0.7687426 0.6395176 0.64516914 0.9253087 0.9388226 1.0110749 1.0103053 1.0242808 1.0122308 0.76042765 0.99961257 0.7618071 0.9472615 0.95151687 0.93324894 0.9263396 1.036926 1.0080011
0.46195444 0.7524766 1.0091523 0.9263396 1.015322 1.0231062 1.0049399 0.9958304 1.0034139 0.13362764 0 1.0130024 0.7623596 0.6343742 0.6402217 0.9287507 0.9388226 1.0223241 1.0164845 1.0282096 1.019204 0.7574018 1.0003713 0.7557565 0.95794547 0.94549555 0.9433819 0.9458484 1.0231062 1.0223241
0.98645765 1.0095364 0.4454743 1.018426 0.46121424 0.4575242 0.81323624 0.829681 0.8293787 1.0258498 1.0130024 0 1.0049399 0.9872032 1.000751 1.0409217 1.0341415 0.83697146 0.8263631 0.45807657 0.45495194 1.0034139 0.45293704 1.0015109 1.0449389 1.0060863 1.0349361 1.0289978 0.45973605 0.83697146
0.75712734 0.24291384 0.99734104 0.9405729 1.002652 1.0305767 1.0022715 1.001891 1.01146 0.7687426 0.7623596 1.0049399 0 0.7590508 0.76651627 0.94162506 0.94514287 0.9958304 0.98794943 1.0076177 1.0022715 0.09587503 0.99131685 0.09632971 0.9440858 0.92840576 0.9266836 0.91541547 0.9962078 0.9943229
0.620981 0.75384146 0.98237044 0.8989902 0.99131685 0.990942 0.9898184 0.9831119 0.9920673 0.6395176 0.6343742 0.9872032 0.7590508 0 0.07503101 0.90031767 0.8999856 1.0095364 0.9977191 0.98348296 0.9808897 0.7557565 0.9816297 0.7543881 0.9113596 0.9188122 0.9160936 0.9458484 1.0049399 0.99357027
0.62465185 0.7593259 0.9977191 0.90098226 1.002652 1.0037951 0.99923354 0.99658537 1.0045581 0.64516914 0.6402217 1.000751 0.76651627 0.07503101 0 0.9100125 0.9130469 1.0207624 1.0072346 0.99885464 0.99357027 0.75960124 0.9931942 0.75767636 0.9096761 0.9242792 0.9096761 0.94373375 1.0199828 1.0037951
0.91439945 0.93812364 1.033348 0.19914696 1.0141612 1.032159 1.032159 1.0168724 1.0301816 0.9253087 0.9287507 1.0409217 0.94162506 0.90031767 0.9100125 0 0.07150263 1.0203725 1.0207624 1.0270288 1.0168724 0.93812364 1.0022715 0.94373375 0.45147505 0.4366517 0.43272406 0.43272406 1.0238891 1.0361294
0.92359364 0.94162506 1.0258498 0.20019098 1.0045581 1.0199828 1.0199828 1.0064689 1.0168724 0.9388226 0.9388226 1.0341415 0.94514287 0.8999856 0.9130469 0.07150263 0 1.0103053 1.01069 1.019204 1.0091523 0.94232726 0.9969631 0.9433819 0.45184028 0.4336149 0.43414992 0.43023533 1.0203725 1.0274222
1.0080011 1.0076177 0.8221614 1.0099207 0.80646485 0.82546073 0.21789792 0.21509518 0.21536165 1.0110749 1.0223241 0.83697146 0.9958304 1.0095364 1.0207624 1.0203725 1.0103053 0 0.05884963 0.8111689 0.8147164 1.0095364 0.81828076 1.002652 1.0118452 0.99847597 1.0080011 1.0011308 0.83240664 0.26365894
0.9950763 0.99999183 0.8096957 1.0060863 0.79714435 0.81234956 0.21163957 0.21270114 0.21044709 1.0103053 1.0164845 0.8263631 0.98794943 0.9977191 1.0072346 1.0207624 1.01069 0.05884963 0 0.80324787 0.8094014 0.99545324 0.81234956 0.990942 1.0157093 1.0037951 1.0064689 1.001891 0.8209652 0.2571495
0.9894442 1.014548 0.22826521 1.0068517 0.19615345 0.18865727 0.79888314 0.8073446 0.80646485 1.0242808 1.0282096 0.45807657 1.0076177 0.98348296 0.99885464 1.0270288 1.019204 0.8111689 0.80324787 0 0.048643928 1.0099207 0.4400604 1.0045581 1.030972 1.002652 0.9946995 1.0041765 0.3119397 0.80646485
0.98794943 1.0099207 0.22596397 1.0022715 0.19278383 0.18608965 0.79743385 0.80353975 0.80529344 1.0122308 1.019204 0.45495194 1.0022715 0.9808897 0.99357027 1.0168724 1.0091523 0.8147164 0.8094014 0.048643928 0 1.0053219 0.4371889 0.9980974 1.0126165 0.99734104 0.9853408 0.9920673 0.31133363 0.80295604
0.7481256 0.23946556 0.99961257 0.9391723 1.0022715 1.0199828 1.0137748 1.005704 1.0223241 0.76042765 0.7574018 1.0034139 0.09587503 0.7557565 0.75960124 0.93812364 0.94232726 1.0095364 0.99545324 1.0099207 1.0053219 0 1.0011308 0.027083166 0.94232726 0.9242792 0.92909575 0.92462224 1.0110749 1.0049399
0.99923354 0.9901927 0.43041283 0.98757625 0.43076792 0.43219006 0.8114639 0.8221614 0.81768554 0.99961257 1.0003713 0.45293704 0.99131685 0.9816297 0.9931942 1.0022715 0.9969631 0.81828076 0.81234956 0.4400604 0.4371889 1.0011308 0 0.9962078 1.018426 0.9853408 1.000751 0.9980974 0.43952116 0.8147164
0.74893945 0.23946556 0.99847597 0.93987226 0.99961257 1.0172604 1.0095364 1.0034139 1.0172604 0.7618071 0.7557565 1.0015109 0.09632971 0.7543881 0.75767636 0.94373375 0.9433819 1.002652 0.990942 1.0045581 0.9980974 0.027083166 0.9962078 0 0.9433819 0.9263396 0.9304776 0.9242792 1.0110749 1.000751
0.93082345 0.9575869 1.0353336 0.44965157 1.0274222 1.0313674 1.0231062 1.0049399 1.0157093 0.9472615 0.95794547 1.0449389 0.9440858 0.9113596 0.9096761 0.45147505 0.45184028 1.0118452 1.0157093 1.030972 1.0126165 0.94232726 1.018426 0.9433819 0 0.40476185 0.40424737 0.4049334 1.0429276 1.036926
0.9130469 0.9259958 1.0099207 0.4345068 1.0003713 1.0064689 1.0130024 1.0122308 1.025065 0.95151687 0.94549555 1.0060863 0.92840576 0.9188122 0.9242792 0.4366517 0.4336149 0.99847597 1.0037951 1.002652 0.99734104 0.9242792 0.9853408 0.9263396 0.40476185 0 0.3614357 0.36810386 1.0118452 1.0219333
0.92359364 0.93116945 1.0157093 0.43254602 1.018426 1.0238891 1.018426 1.0103053 1.018426 0.93324894 0.9433819 1.0349361 0.9266836 0.9160936 0.9096761 0.43272406 0.43414992 1.0080011 1.0064689 0.9946995 0.9853408 0.92909575 1.000751 0.9304776 0.40424737 0.3614357 0 0.3462092 1.0203725 1.0270288
0.9150766 0.9242792 1.0103053 0.4389823 1.0064689 1.0122308 1.0022715 1.0003713 1.0110749 0.9263396 0.9458484 1.0289978 0.91541547 0.9458484 0.94373375 0.43272406 0.43023533 1.0011308 1.001891 1.0041765 0.9920673 0.92462224 0.9980974 0.9242792 0.4049334 0.36810386 0.3462092 0 1.0242808 1.0160967
1.0076177 1.0133885 0.30785823 1.0015109 0.31057674 0.3077075 0.82335943 0.8257614 0.8209652 1.036926 1.0231062 0.45973605 0.9962078 1.0049399 1.0199828 1.0238891 1.0203725 0.83240664 0.8209652 0.3119397 0.31133363 1.0110749 0.43952116 1.0110749 1.0429276 1.0118452 1.0203725 1.0242808 0 0.8221614
0.9962078 1.0011308 0.8076381 1.0068517 0.79859304 0.8120542 0.2572904 0.25588247 0.2585598 1.0080011 1.0223241 0.83697146 0.9943229 0.99357027 1.0037951 1.0361294 1.0274222 0.26365894 0.2571495 0.80646485 0.80295604 1.0049399 0.8147164 1.000751 1.036926 1.0219333 1.0270288 1.0160967 0.8221614 0
