0 0.9816297 0.68173814 0.68571955 0.70748955 1.000751 0.9931942 0.9943229 0.982 0.9655158 0.99847597 0.6922348 0.9958304 0.9950763 1.0068517 0.9738958 0.97978103 0.69022405 0.6960195 0.9816297 0.9775687 0.99658537 0.7051815 0.9939465 0.99357027 1.0003713 1.0215429 0.7080034 0.71083605 0.69425094
0.9816297 0 0.990942 1.0011308 1.0262426 0.81353205 0.5393104 0.537056 0.5352165 0.5287124 0.5428079 0.9790429 0.5352165 0.8188765 0.8224607 0.5339927 0.537875 1.0262426 1.025065 0.28528675 0.28440955 0.81323624 0.9901927 0.8082254 0.5446661 0.5448729 0.55991095 0.99545324 0.99847597 0.98496884
0.68173814 0.990942 0 0.282804 0.5660542 1.01146 0.98794943 0.98237044 0.9775687 0.9698763 0.99131685 0.62810963 0.9783054 1.0122308 1.0172604 0.97720057 0.9713354 0.57010657 0.5677578 0.97867405 0.98125964 1.0160967 0.64635193 1.0133885 0.9980974 1.0049399 1.0130024 0.7167936 0.72332335 0.3427267
0.68571955 1.0011308 0.282804 0 0.57806134 1.0064689 0.9969631 0.9962078 1.0011308 0.9768326 1.0130024 0.6362405 1.0080011 0.9950763 0.9980974 0.98794943 0.98869646 0.573751 0.5709624 0.9939465 0.9943229 1.0080011 0.6413967 1.0080011 1.0030329 1.0083846 1.0176488 0.7241107 0.7105781 0.33237523
0.70748955 1.0262426 0.5660542 0.57806134 0 1.0195932 1.01146 1.0110749 1.0168724 0.9969631 1.0246727 0.64516914 1.0234975 1.0195932 1.0215429 1.0034139 0.99999183 0.25167447 0.25307453 1.0122308 1.0110749 1.0164845 0.661417 1.0199828 1.0103053 1.0168724 1.0373245 0.7098048 0.71032023 0.57979244
1.000751 0.81353205 1.01146 1.0064689 1.0195932 0 0.8156059 0.8164965 0.82305974 0.812645 0.82305974 1.0060863 0.8203678 0.19213755 0.19200836 0.8111689 0.81294054 1.042526 1.0405211 0.8284728 0.8266641 0.19123371 1.0242808 0.18942927 0.81977093 0.8275679 0.83180004 1.0095364 1.0274222 1.0172604
0.9931942 0.5393104 0.98794943 0.9969631 1.01146 0.8156059 0 0.17312981 0.16998726 0.35274276 0.1732558 0.97316337 0.17212276 0.8242593 0.8191745 0.35210282 0.3487521 1.0037951 1.0095364 0.54013187 0.5368514 0.81977093 1.0037951 0.81679356 0.458445 0.43041283 0.43880278 0.9924427 0.99281836 0.9808897
0.9943229 0.537056 0.98237044 0.9962078 1.0110749 0.8164965 0.17312981 0 0.13386668 0.35370368 0.13554212 0.9687838 0.13350815 0.8275679 0.8272665 0.35530797 0.35322306 1.0080011 1.0099207 0.54095423 0.5397211 0.8161995 0.98907024 0.8105793 0.46659726 0.4297031 0.4458366 0.98125964 1.0034139 0.9808897
0.982 0.5352165 0.9775687 1.0011308 1.0168724 0.82305974 0.16998726 0.13386668 0 0.34716177 0.11195528 0.9738958 0.1098684 0.8269652 0.82305974 0.3484338 0.34605056 1.01146 1.0211525 0.5368514 0.5356249 0.81977093 0.9898184 0.8153093 0.45936695 0.43290216 0.43772647 0.97573 0.9962078 0.98832285
0.9655158 0.5287124 0.9698763 0.9768326 0.9969631 0.812645 0.35274276 0.35370368 0.34716177 0 0.35290283 0.97609735 0.35098425 0.8047084 0.8073446 0.0829194 0.084372774 0.99658537 0.9924427 0.5254814 0.52387106 0.8088132 0.99885464 0.8041238 0.45642072 0.4215892 0.4362938 0.9583042 0.9713354 0.97426224
0.99847597 0.5428079 0.99131685 1.0130024 1.0246727 0.82305974 0.1732558 0.13554212 0.11195528 0.35290283 0 0.9827411 0.06449529 0.83089113 0.83089113 0.35611138 0.35274276 1.0207624 1.0305767 0.54611456 0.5440462 0.82455945 1.0011308 0.82305974 0.47089422 0.43468532 0.44674316 0.99847597 1.0049399 0.99056727
0.6922348 0.9790429 0.62810963 0.6362405 0.64516914 1.0060863 0.97316337 0.9687838 0.9738958 0.97609735 0.9827411 0 0.9768326 0.99885464 1.0060863 0.9831119 0.9853408 0.64163196 0.64233804 0.9827411 0.98237044 0.99961257 0.47051957 0.9977191 1.0238891 0.9939465 1.0164845 0.7110941 0.7220128 0.64729947
0.9958304 0.5352165 0.9783054 1.0080011 1.0234975 0.8203678 0.17212276 0.13350815 0.1098684 0.35098425 0.06449529 0.9768326 0 0.83180004 0.82455945 0.35146344 0.34859294 1.019204 1.0254573 0.53726065 0.5358292 0.8236593 0.99734104 0.8203678 0.46883607 0.43254602 0.44366533 0.990942 1.0022715 0.98645765
0.9950763 0.8188765 1.0122308 0.9950763 1.0195932 0.19213755 0.8242593 0.8275679 0.8269652 0.8047084 0.83089113 0.99885464 0.83180004 0 0.05604266 0.800626 0.80295604 1.0231062 1.0234975 0.8266641 0.8275679 0.16998726 1.0215429 0.16735767 0.8327101 0.8275679 0.82877463 1.0072346 1.0223241 1.0195932
1.0068517 0.8224607 1.0172604 0.9980974 1.0215429 0.19200836 0.8191745 0.8272665 0.82305974 0.8073446 0.83089113 1.0060863 0.82455945 0.05604266 0 0.80441606 0.80529344 1.0293922 1.0313674 0.8305884 0.83089113 0.17136838 1.0278157 0.16873392 0.83483773 0.82907665 0.82276016 1.0180373 1.0305767 1.0227151
0.9738958 0.5339927 0.97720057 0.98794943 1.0034139 0.8111689 0.35210282 0.35530797 0.3484338 0.0829194 0.35611138 0.9831119 0.35146344 0.800626 0.80441606 0 0.043857697 1.0118452 1.005704 0.5299277 0.5279034 0.8105793 1.0130024 0.80851924 0.45734018 0.4313009 0.44078 0.9655158 0.98051995 0.982
0.97978103 0.537875 0.9713354 0.98869646 0.99999183 0.81294054 0.3487521 0.35322306 0.34605056 0.084372774 0.35274276 0.9853408 0.34859294 0.80295604 0.80529344 0.043857697 0 1.0064689 0.99885464 0.532364 0.5299277 0.8102846 1.0091523 0.8073446 0.458445 0.42863977 0.44150028 0.9644296 0.97941184 0.9872032
0.69022405 1.0262426 0.57010657 0.573751 0.25167447 1.042526 1.0037951 1.0080011 1.01146 0.99658537 1.0207624 0.64163196 1.019204 1.0231062 1.0293922 1.0118452 1.0064689 0 0.03773349 1.0168724 1.0160967 1.0130024 0.6616586 1.0118452 1.0373245 1.0421246 1.0413225 0.71186876 0.7062064 0.57590306
0.6960195 1.025065 0.5677578 0.5709624 0.25307453 1.0405211 1.0095364 1.0099207 1.0211525 0.9924427 1.0305767 0.64233804 1.0254573 1.0234975 1.0313674 1.005704 0.99885464 0.03773349 0 1.0160967 1.0176488 1.0133885 0.661417 1.0122308 1.030972 1.0353336 1.0385218 0.7152349 0.71212715 0.57224816
0.9816297 0.28528675 0.97867405 0.9939465 1.0122308 0.8284728 0.54013187 0.54095423 0.5368514 0.5254814 0.54611456 0.9827411 0.53726065 0.8266641 0.8305884 0.5299277 0.532364 1.0168724 1.0160967 0 0.035318706 0.8269652 0.9920673 0.8236593 0.5430141 0.5360335 0.5488121 0.9872032 0.9746289 0.99545324
0.9775687 0.28440955 0.98125964 0.9943229 1.0110749 0.8266641 0.5368514 0.5397211 0.5356249 0.52387106 0.5440462 0.98237044 0.5358292 0.8275679 0.83089113 0.5279034 0.5299277 1.0160967 1.0176488 0.035318706 0 0.8284728 0.98645765 0.82395923 0.5403374 0.5337889 0.5492279 0.982 0.97499573 0.9939465
0.99658537 0.81323624 1.0160967 1.0080011 1.0164845 0.19123371 0.81977093 0.8161995 0.81977093 0.8088132 0.82455945 0.99961257 0.8236593 0.16998726 0.17136838 0.8105793 0.8102846 1.0130024 1.0133885 0.8269652 0.8284728 0 1.0258498 0.017297955 0.8203678 0.82305974 0.81977093 1.019204 1.0160967 1.018426
0.7051815 0.9901927 0.64635193 0.6413967 0.661417 1.0242808 1.0037951 0.98907024 0.9898184 0.99885464 1.0011308 0.47051957 0.99734104 1.0215429 1.0278157 1.0130024 1.0091523 0.6616586 0.661417 0.9920673 0.98645765 1.0258498 0 1.0262426 1.0168724 1.0130024 1.0453417 0.70954716 0.7170537 0.6580429
0.9939465 0.8082254 1.0133885 1.0080011 1.0199828 0.18942927 0.81679356 0.8105793 0.8153093 0.8041238 0.82305974 0.9977191 0.8203678 0.16735767 0.16873392 0.80851924 0.8073446 1.0118452 1.0122308 0.8236593 0.82395923 0.017297955 1.0262426 0 0.82305974 0.8212641 0.8153093 1.0157093 1.0149349 1.0203725
0.99357027 0.5446661 0.9980974 1.0030329 1.0103053 0.81977093 0.458445 0.46659726 0.45936695 0.45642072 0.47089422 1.0238891 0.46883607 0.8327101 0.83483773 0.45734018 0.458445 1.0373245 1.030972 0.5430141 0.5403374 0.8203678 1.0168724 0.82305974 0 0.46417943 0.47014514 0.99734104 1.0172604 1.002652
1.0003713 0.5448729 1.0049399 1.0083846 1.0168724 0.8275679 0.43041283 0.4297031 0.43290216 0.4215892 0.43468532 0.9939465 0.43254602 0.8275679 0.82907665 0.4313009 0.42863977 1.0421246 1.0353336 0.5360335 0.5337889 0.82305974 1.0130024 0.8212641 0.46417943 0 0.36941192 1.0064689 1.0015109 0.99734104
1.0215429 0.55991095 1.0130024 1.0176488 1.0373245 0.83180004 0.43880278 0.4458366 0.43772647 0.4362938 0.44674316 1.0164845 0.44366533 0.82877463 0.82276016 0.44078 0.44150028 1.0413225 1.0385218 0.5488121 0.5492279 0.81977093 1.0453417 0.8153093 0.47014514 0.36941192 0 1.0227151 1.0274222 1.0064689
0.7080034 0.99545324 0.7167936 0.7241107 0.7098048 1.0095364 0.9924427 0.98125964 0.97573 0.9583042 0.99847597 0.7110941 0.990942 1.0072346 1.0180373 0.9655158 0.9644296 0.71186876 0.7152349 0.9872032 0.982 1.019204 0.70954716 1.0157093 0.99734104 1.0064689 1.0227151 0 0.33894598 0.7243734
0.71083605 0.99847597 0.72332335 0.7105781 0.71032023 1.0274222 0.99281836 1.0034139 0.9962078 0.9713354 1.0049399 0.7220128 1.0022715 1.0223241 1.0305767 0.98051995 0.97941184 0.7062064 0.71212715 0.9746289 0.97499573 1.0160967 0.7170537 1.0149349 1.0172604 1.0015109 1.0274222 0.33894598 0 0.7267414
0.69425094 0.98496884 0.3427267 0.33237523 0.57979244 1.0172604 0.9808897 0.9808897 0.98832285 0.97426224 0.99056727 0.64729947 0.98645765 1.0195932 1.0227151 0.982 0.9872032 0.57590306 0.57224816 0.99545324 0.9939465 1.018426 0.6580429 1.0203725 1.002652 0.99734104 1.0064689 0.7243734 0.7267414 0
