0 0.5358292 0.5291173 0.5254814 0.5206608 0.52427334 0.52952236 0.55675304 0.5515193 0.5214621 0.5291173 0.5376702 0.56393015 0.56350607 0.5307389 0.5266914 0.5204606 0.5254814 0.52527994 0.9615409 0.9655158 0.52487713 0.52447456 0.52447456 0.62235546 0.62603307 0.6267246 0.95080596 0.54054296 0.5354207
0.5358292 0 0.48013148 0.48393473 0.25349504 0.25841862 0.207672 0.56584156 0.5544457 0.33674935 0.3427267 0.44168046 0.5529811 0.55906755 0.33019772 0.20503858 0.20438166 0.3288012 0.32833627 0.9801504 0.9872032 0.48852423 0.4856525 0.48737422 0.61687267 0.6258027 0.62373245 0.99169195 0.496818 0.4923704
0.5291173 0.48013148 0 0.18994439 0.47427428 0.48108047 0.4846977 0.54985213 0.54694355 0.4797522 0.48948392 0.48967603 0.547981 0.556333 0.4771027 0.4797522 0.47918367 0.47540435 0.48032117 0.9543672 0.9557965 0.3841199 0.3462092 0.38512188 0.6184676 0.60849774 0.62189704 0.96010065 0.2889528 0.28631145
0.5254814 0.48393473 0.18994439 0 0.46510842 0.47861555 0.48051092 0.5529811 0.5481887 0.47578144 0.4797522 0.48871607 0.5419835 0.5473584 0.47258234 0.4822209 0.48013148 0.47502747 0.4769138 0.9479691 0.95151687 0.3898157 0.34051898 0.3901521 0.6121078 0.609624 0.6145999 0.9565121 0.28631145 0.28382534
0.5206608 0.25349504 0.47427428 0.46510842 0 0.1732558 0.24707282 0.5434268 0.53297436 0.32431898 0.32957673 0.43005788 0.5360335 0.5444594 0.31955704 0.2451291 0.24236105 0.31986335 0.31940395 0.9669665 0.9687838 0.47578144 0.46827576 0.47597006 0.61278665 0.60804766 0.60625017 0.97206604 0.4841254 0.483363
0.52427334 0.25841862 0.48108047 0.47861555 0.1732558 0 0.2515346 0.5536084 0.54116 0.32493562 0.33315444 0.43593606 0.5446661 0.54985213 0.32170385 0.25027704 0.2473509 0.32108986 0.31986335 0.9583042 0.9611805 0.4890999 0.48355353 0.48967603 0.61346614 0.6112037 0.6180116 0.9673296 0.48852423 0.491407
0.52952236 0.207672 0.4846977 0.48051092 0.24707282 0.2515346 0 0.5529811 0.5419835 0.32756203 0.33424672 0.43916187 0.5459075 0.5506852 0.32771683 0.13219498 0.13183723 0.3270979 0.32663402 0.9583042 0.96298385 0.48756576 0.4788049 0.48737422 0.6161901 0.6255724 0.6184676 0.9698763 0.49333504 0.48833245
0.55675304 0.56584156 0.54985213 0.5529811 0.5434268 0.5536084 0.5529811 0 0.118719436 0.5554936 0.5586462 0.56647974 0.3950469 0.39878163 0.549644 0.5519366 0.5492279 0.5473584 0.54902 0.99281836 0.9977191 0.55675304 0.54860425 0.556333 0.614373 0.6269553 0.62396216 0.9801504 0.5666926 0.56117785
0.5515193 0.5544457 0.54694355 0.5481887 0.53297436 0.54116 0.5419835 0.118719436 0 0.5502686 0.5521454 0.55948913 0.38545617 0.38964754 0.54632175 0.5386949 0.5389 0.5440462 0.5440462 0.98794943 0.990942 0.5473584 0.5391052 0.5477734 0.6017752 0.6157354 0.6109778 0.97206604 0.5584356 0.5521454
0.5214621 0.33674935 0.4797522 0.47578144 0.32431898 0.32493562 0.32756203 0.5554936 0.5502686 0 0.100548655 0.44204095 0.5488121 0.5569632 0.20714457 0.3238568 0.32185742 0.20490715 0.20517004 0.9709704 0.9738958 0.48450688 0.48146042 0.4846977 0.603562 0.6155082 0.6155082 0.9669665 0.48852423 0.49507448
0.5291173 0.3427267 0.48948392 0.4797522 0.32957673 0.33315444 0.33424672 0.5586462 0.5521454 0.100548655 0 0.44728765 0.55675304 0.5677578 0.20886007 0.332531 0.3305084 0.20595923 0.20622247 0.9894442 0.9931942 0.4939144 0.4919849 0.4943009 0.6019983 0.61346614 0.615281 0.9775687 0.49778837 0.49643022
0.5376702 0.44168046 0.48967603 0.48871607 0.43005788 0.43593606 0.43916187 0.56647974 0.55948913 0.44204095 0.44728765 0 0.5616006 0.5656289 0.4418607 0.43700978 0.4355785 0.43736804 0.44060004 0.9943229 0.9946995 0.49410763 0.48317254 0.4943009 0.6313514 0.64729947 0.6318157 0.9713354 0.5032458 0.51190275
0.56393015 0.5529811 0.547981 0.5419835 0.5360335 0.5446661 0.5459075 0.3950469 0.38545617 0.5488121 0.55675304 0.5616006 0 0.09860727 0.54095423 0.5430141 0.5423956 0.54632175 0.5481887 0.9713354 0.97243166 0.5523542 0.55402696 0.55131066 0.6180116 0.61687267 0.62189704 0.9479691 0.5584356 0.5504769
0.56350607 0.55906755 0.556333 0.5473584 0.5444594 0.54985213 0.5506852 0.39878163 0.38964754 0.5569632 0.5677578 0.5656289 0.09860727 0 0.54860425 0.55006033 0.54860425 0.5502686 0.5531901 0.982 0.98496884 0.5529811 0.5561231 0.55172795 0.6175558 0.6255724 0.6267246 0.9691478 0.5626586 0.56117785
0.5307389 0.33019772 0.4771027 0.47258234 0.31955704 0.32170385 0.32771683 0.549644 0.54632175 0.20714457 0.20886007 0.4418607 0.54095423 0.54860425 0 0.32170385 0.32032305 0.09519352 0.09519352 0.9709704 0.97170067 0.4939144 0.47653615 0.493142 0.6017752 0.6164175 0.6078228 0.9540103 0.49063718 0.48317254
0.5266914 0.20503858 0.4797522 0.4822209 0.2451291 0.25027704 0.13219498 0.5519366 0.5386949 0.3238568 0.332531 0.43700978 0.5430141 0.55006033 0.32170385 0 0.020271504 0.32201102 0.32078305 0.9604604 0.9655158 0.48775735 0.47258234 0.48737422 0.610075 0.610752 0.61278665 0.9604604 0.4917922 0.49063718
0.5204606 0.20438166 0.47918367 0.48013148 0.24236105 0.2473509 0.13183723 0.5492279 0.5389 0.32185742 0.3305084 0.4355785 0.5423956 0.54860425 0.32032305 0.020271504 0 0.32078305 0.3197102 0.9568702 0.96190137 0.4846977 0.46827576 0.4843161 0.60872287 0.6091733 0.6103006 0.95472425 0.48986816 0.48527044
0.5254814 0.3288012 0.47540435 0.47502747 0.31986335 0.32108986 0.3270979 0.5473584 0.5440462 0.20490715 0.20595923 0.43736804 0.54632175 0.5502686 0.09519352 0.32201102 0.32078305 0 0.018731989 0.97024083 0.9706055 0.49449423 0.48089057 0.4935281 0.6006607 0.6171003 0.6130131 0.9615409 0.48833245 0.48603475
0.52527994 0.32833627 0.48032117 0.4769138 0.31940395 0.31986335 0.32663402 0.54902 0.5440462 0.20517004 0.20622247 0.44060004 0.5481887 0.5531901 0.09519352 0.32078305 0.3197102 0.018731989 0 0.9738958 0.97352946 0.49372122 0.48108047 0.4923704 0.59954774 0.6161901 0.6116556 0.9687838 0.48986816 0.48833245
0.9615409 0.9801504 0.9543672 0.9479691 0.9669665 0.9583042 0.9583042 0.99281836 0.98794943 0.9709704 0.9894442 0.9943229 0.9713354 0.982 0.9709704 0.9604604 0.9568702 0.97024083 0.9738958 0 0.011995417 0.96406794 0.94514287 0.96334505 0.98645765 0.9706055 1.0011308 0.25940725 0.9980974 0.9709704
0.9655158 0.9872032 0.9557965 0.95151687 0.9687838 0.9611805 0.96298385 0.9977191 0.990942 0.9738958 0.9931942 0.9946995 0.97243166 0.98496884 0.97170067 0.9655158 0.96190137 0.9706055 0.97352946 0.011995417 0 0.9687838 0.9493862 0.96769285 0.99357027 0.9790429 1.0072346 0.26138836 1.0034139 0.97243166
0.52487713 0.48852423 0.3841199 0.3898157 0.47578144 0.4890999 0.48756576 0.55675304 0.5473584 0.48450688 0.4939144 0.49410763 0.5523542 0.5529811 0.4939144 0.48775735 0.4846977 0.49449423 0.49372122 0.96406794 0.9687838 0 0.38830376 0.0036086678 0.6150539 0.62235546 0.61687267 0.97206604 0.3965725 0.3974214
0.52447456 0.4856525 0.3462092 0.34051898 0.46827576 0.48355353 0.4788049 0.54860425 0.5391052 0.48146042 0.4919849 0.48317254 0.55402696 0.5561231 0.47653615 0.47258234 0.46827576 0.48089057 0.48108047 0.94514287 0.9493862 0.38830376 0 0.38914335 0.6180116 0.61391944 0.6262635 0.95508146 0.3609501 0.3551474
0.52447456 0.48737422 0.38512188 0.3901521 0.47597006 0.48967603 0.48737422 0.556333 0.5477734 0.4846977 0.4943009 0.4943009 0.55131066 0.55172795 0.493142 0.48737422 0.4843161 0.4935281 0.4923704 0.96334505 0.96769285 0.0036086678 0.38914335 0 0.61596274 0.6228142 0.61664504 0.9709704 0.3962332 0.3962332
0.62235546 0.61687267 0.6184676 0.6121078 0.61278665 0.61346614 0.6161901 0.614373 0.6017752 0.603562 0.6019983 0.6313514 0.6180116 0.6175558 0.6017752 0.610075 0.60872287 0.6006607 0.59954774 0.98645765 0.99357027 0.6150539 0.6180116 0.61596274 0 0.28484803 0.28440955 0.96841997 0.6304238 0.6339084
0.62603307 0.6258027 0.60849774 0.609624 0.60804766 0.6112037 0.6255724 0.6269553 0.6157354 0.6155082 0.61346614 0.64729947 0.61687267 0.6255724 0.6164175 0.610752 0.6091733 0.6171003 0.6161901 0.9706055 0.9790429 0.62235546 0.61391944 0.6228142 0.28484803 0 0.26965213 0.9536536 0.62903446 0.6311194
0.6267246 0.62373245 0.62189704 0.6145999 0.60625017 0.6180116 0.6184676 0.62396216 0.6109778 0.6155082 0.615281 0.6318157 0.62189704 0.6267246 0.6078228 0.61278665 0.6103006 0.6130131 0.6116556 1.0011308 1.0072346 0.61687267 0.6262635 0.61664504 0.28440955 0.26965213 0 0.97573 0.62787867 0.6360069
0.95080596 0.99169195 0.96010065 0.9565121 0.97206604 0.9673296 0.9698763 0.9801504 0.97206604 0.9669665 0.9775687 0.9713354 0.9479691 0.9691478 0.9540103 0.9604604 0.95472425 0.9615409 0.9687838 0.25940725 0.26138836 0.97206604 0.95508146 0.9709704 0.96841997 0.9536536 0.97573 0 0.9943229 0.9857129
0.54054296 0.496818 0.2889528 0.28631145 0.4841254 0.48852423 0.49333504 0.5666926 0.5584356 0.48852423 0.49778837 0.5032458 0.5584356 0.5626586 0.49063718 0.4917922 0.48986816 0.48833245 0.48986816 0.9980974 1.0034139 0.3965725 0.3609501 0.3962332 0.6304238 0.62903446 0.62787867 0.9943229 0 0.25926593
0.5354207 0.4923704 0.28631145 0.28382534 0.483363 0.491407 0.48833245 0.56117785 0.5521454 0.49507448 0.49643022 0.51190275 0.5504769 0.56117785 0.48317254 0.49063718 0.48527044 0.48603475 0.48833245 0.9709704 0.97243166 0.3974214 0.3551474 0.3962332 0.6339084 0.6311194 0.6360069 0.9857129 0.25926593 0
