0 0.9969631 0.81857854 0.8156059 0.98496884 1.0103053 0.98683035 0.83240664 1.0091523 0.83697146 0.82877463 0.64045656 0.8269652 0.9816297 0.99734104 0.9931942 0.81738806 0.82395923 0.82998335 1.0099207 1.0133885 0.98907024 0.9604604 0.9901927 0.8179831 0.96298385 0.8111689 0.9950763 0.9572284 0.9554389
0.9969631 0 1.0110749 1.0095364 0.29352373 0.28455567 0.20254536 1.018426 0.23329833 1.01146 1.0080011 1.0072346 1.0172604 0.3925111 0.3962332 0.20189062 1.0203725 1.0234975 1.0188149 0.2341177 0.23384447 0.19576387 1.0254573 0.19836488 1.0099207 1.0122308 1.0293922 0.28047484 1.0011308 1.0068517
0.81857854 1.0110749 0 0.15360944 1.0215429 1.0195932 1.0157093 0.15705377 1.0164845 0.15115887 0.16473724 0.83941746 0.16436365 1.0203725 1.0199828 1.0164845 0.15128121 0.15079197 0.15483774 1.0172604 1.0122308 0.99658537 0.9476152 1.0045581 0.38579065 0.9768326 0.27858767 0.99847597 0.96226203 0.9651536
0.8156059 1.0095364 0.15360944 0 1.0080011 1.0076177 1.0130024 0.1576705 1.0049399 0.15287343 0.14761968 0.83483773 0.14896016 1.0211525 1.014548 1.0126165 0.15152594 0.15103655 0.15520664 1.0022715 0.99847597 0.99658537 0.95151687 0.9980974 0.37962735 0.9691478 0.2690793 0.9943229 0.95258445 0.9568702
0.98496884 0.29352373 1.0215429 1.0080011 0 0.13303037 0.29219383 1.030972 0.28821814 1.0242808 1.01069 1.0072346 1.0219333 0.3981012 0.40031484 0.29530063 1.0238891 1.0242808 1.0207624 0.29470786 0.29293236 0.28660446 1.0262426 0.2858721 1.0064689 1.0103053 1.0313674 0.25686774 1.0080011 1.0045581
1.0103053 0.28455567 1.0195932 1.0076177 0.13303037 0 0.28601852 1.0337447 0.28149295 1.0227151 1.0172604 1.0053219 1.0207624 0.38512188 0.38780046 0.2868976 1.0246727 1.0231062 1.0203725 0.28821814 0.28733754 0.27713925 1.019204 0.2749718 0.99923354 1.01146 1.025065 0.25027704 1.0041765 1.01146
0.98683035 0.20254536 1.0157093 1.0130024 0.29219383 0.28601852 0 1.0286036 0.23043755 1.0258498 1.0238891 0.99169195 1.0238891 0.3967422 0.40014434 0.12672831 1.025065 1.0262426 1.0199828 0.23288897 0.23057352 0.11789983 1.0301816 0.12012657 1.0091523 1.0164845 1.0353336 0.28134742 1.0034139 1.0195932
0.83240664 1.018426 0.15705377 0.1576705 1.030972 1.0337447 1.0286036 0 1.014548 0.11731494 0.16873392 0.84928197 0.16735767 1.0278157 1.0242808 1.0262426 0.114047974 0.11486339 0.119657226 1.0160967 1.0172604 1.0149349 0.97024083 1.0211525 0.39386246 0.9838541 0.28484803 1.0064689 0.959741 0.96190137
1.0091523 0.23329833 1.0164845 1.0049399 0.28821814 0.28149295 0.23043755 1.014548 0 1.0103053 1.0199828 0.99885464 1.0207624 0.3930176 0.3962332 0.23466444 1.0172604 1.019204 1.0176488 0.11230365 0.111375004 0.22542353 1.0133885 0.2243438 1.0137748 1.0015109 1.0349361 0.27656063 0.99734104 1.0034139
0.83697146 1.01146 0.15115887 0.15287343 1.0242808 1.0227151 1.0258498 0.11731494 1.0103053 0 0.16175365 0.84217876 0.16113356 1.0282096 1.0266355 1.0215429 0.10398692 0.105021484 0.109405436 1.01146 1.0083846 1.0076177 0.9673296 1.0137748 0.3914992 0.9962078 0.28047484 0.99999183 0.9658782 0.97243166
0.82877463 1.0080011 0.16473724 0.14761968 1.01069 1.0172604 1.0238891 0.16873392 1.0199828 0.16175365 0 0.83972377 0.10490646 1.0274222 1.0219333 1.0238891 0.1633683 0.16175365 0.1661087 1.0122308 1.0080011 1.0060863 0.96226203 1.0083846 0.3962332 0.97609735 0.28265825 1.002652 0.95258445 0.96406794
0.64045656 1.0072346 0.83941746 0.83483773 1.0072346 1.0053219 0.99169195 0.84928197 0.99885464 0.84217876 0.83972377 0 0.84187144 0.98348296 0.990942 0.99169195 0.8437172 0.84525883 0.8495923 1.0072346 1.0053219 0.98496884 0.9706055 0.9801504 0.8203678 0.96190137 0.82998335 0.9924427 0.96334505 0.9554389
0.8269652 1.0172604 0.16436365 0.14896016 1.0219333 1.0207624 1.0238891 0.16735767 1.0207624 0.16113356 0.10490646 0.84187144 0 1.0337447 1.0349361 1.025065 0.16162959 0.15804078 0.16411468 1.015322 1.014548 1.0122308 0.9783054 1.01146 0.39453906 0.98907024 0.2835334 1.0087683 0.9706055 0.9764649
0.9816297 0.3925111 1.0203725 1.0211525 0.3981012 0.38512188 0.3967422 1.0278157 0.3930176 1.0282096 1.0274222 0.98348296 1.0337447 0 0.08908765 0.40133873 1.030972 1.019204 1.0215429 0.40133873 0.39997387 0.39318648 1.001891 0.3947083 0.98832285 1.0157093 1.0254573 0.39082533 1.018426 1.0254573
0.99734104 0.3962332 1.0199828 1.014548 0.40031484 0.38780046 0.40014434 1.0242808 0.3962332 1.0266355 1.0219333 0.990942 1.0349361 0.08908765 0 0.40476185 1.030972 1.0223241 1.0266355 0.4018512 0.40099728 0.3947083 1.0176488 0.39538565 0.99847597 1.0278157 1.0234975 0.39065698 1.030972 1.032159
0.9931942 0.20189062 1.0164845 1.0126165 0.29530063 0.2868976 0.12672831 1.0262426 0.23466444 1.0215429 1.0238891 0.99169195 1.025065 0.40133873 0.40476185 0 1.0211525 1.0219333 1.0188149 0.23617005 0.23493797 0.07458906 1.0373245 0.07591571 1.0099207 1.0168724 1.0405211 0.2857257 1.0091523 1.015322
0.81738806 1.0203725 0.15128121 0.15152594 1.0238891 1.0246727 1.025065 0.114047974 1.0172604 0.10398692 0.1633683 0.8437172 0.16162959 1.030972 1.030972 1.0211525 0 0.06810027 0.07227305 1.0195932 1.0172604 1.0068517 0.9651536 1.0133885 0.39065698 0.9808897 0.27771828 0.99847597 0.96190137 0.9604604
0.82395923 1.0234975 0.15079197 0.15103655 1.0242808 1.0231062 1.0262426 0.11486339 1.019204 0.105021484 0.16175365 0.84525883 0.15804078 1.019204 1.0223241 1.0219333 0.06810027 0 0.053246155 1.015322 1.014548 1.0068517 0.9673296 1.0130024 0.38612524 0.9753628 0.27829775 0.99885464 0.9557965 0.95794547
0.82998335 1.0188149 0.15483774 0.15520664 1.0207624 1.0203725 1.0199828 0.119657226 1.0176488 0.109405436 0.1661087 0.8495923 0.16411468 1.0215429 1.0266355 1.0188149 0.07227305 0.053246155 0 1.0160967 1.0137748 1.0076177 0.9695119 1.015322 0.39403155 0.9931942 0.28207538 0.99999183 0.9644296 0.96769285
1.0099207 0.2341177 1.0172604 1.0022715 0.29470786 0.28821814 0.23288897 1.0160967 0.11230365 1.01146 1.0122308 1.0072346 1.015322 0.40133873 0.4018512 0.23617005 1.0195932 1.015322 1.0160967 0 0.030824859 0.22785859 1.019204 0.22718139 1.0053219 1.0049399 1.0234975 0.2879245 0.9931942 1.002652
1.0133885 0.23384447 1.0122308 0.99847597 0.29293236 0.28733754 0.23057352 1.0172604 0.111375004 1.0083846 1.0080011 1.0053219 1.014548 0.39997387 0.40099728 0.23493797 1.0172604 1.014548 1.0137748 0.030824859 0 0.22582883 1.019204 0.22596397 1.0049399 1.0045581 1.0231062 0.28704423 0.9931942 1.0037951
0.98907024 0.19576387 0.99658537 0.99658537 0.28660446 0.27713925 0.11789983 1.0149349 0.22542353 1.0076177 1.0060863 0.98496884 1.0122308 0.39318648 0.3947083 0.07458906 1.0068517 1.0068517 1.0076177 0.22785859 0.22582883 0 1.0254573 0.021402493 1.0037951 1.0203725 1.0270288 0.2754048 1.0072346 1.0160967
0.9604604 1.0254573 0.9476152 0.95151687 1.0262426 1.019204 1.0301816 0.97024083 1.0133885 0.9673296 0.96226203 0.9706055 0.9783054 1.001891 1.0176488 1.0373245 0.9651536 0.9673296 0.9695119 1.019204 1.019204 1.0254573 0 1.0301816 0.946908 0.47258234 0.94903165 1.0049399 0.4623248 0.4606596
0.9901927 0.19836488 1.0045581 0.9980974 0.2858721 0.2749718 0.12012657 1.0211525 0.2243438 1.0137748 1.0083846 0.9801504 1.01146 0.3947083 0.39538565 0.07591571 1.0133885 1.0130024 1.015322 0.22718139 0.22596397 0.021402493 1.0301816 0 1.001891 1.0207624 1.0297868 0.27670524 1.0126165 1.0219333
0.8179831 1.0099207 0.38579065 0.37962735 1.0064689 0.99923354 1.0091523 0.39386246 1.0137748 0.3914992 0.3962332 0.8203678 0.39453906 0.98832285 0.99847597 1.0099207 0.39065698 0.38612524 0.39403155 1.0053219 1.0049399 1.0037951 0.946908 1.001891 0 0.9637064 0.39572456 0.9857129 0.9479691 0.9458484
0.96298385 1.0122308 0.9768326 0.9691478 1.0103053 1.01146 1.0164845 0.9838541 1.0015109 0.9962078 0.97609735 0.96190137 0.98907024 1.0157093 1.0278157 1.0168724 0.9808897 0.9753628 0.9931942 1.0049399 1.0045581 1.0203725 0.47258234 1.0207624 0.9637064 0 0.9801504 1.014548 0.35723764 0.35386395
0.8111689 1.0293922 0.27858767 0.2690793 1.0313674 1.025065 1.0353336 0.28484803 1.0349361 0.28047484 0.28265825 0.82998335 0.2835334 1.0254573 1.0234975 1.0405211 0.27771828 0.27829775 0.28207538 1.0234975 1.0231062 1.0270288 0.94903165 1.0297868 0.39572456 0.9801504 0 1.0168724 0.9608204 0.9511613
0.9950763 0.28047484 0.99847597 0.9943229 0.25686774 0.25027704 0.28134742 1.0064689 0.27656063 0.99999183 1.002652 0.9924427 1.0087683 0.39082533 0.39065698 0.2857257 0.99847597 0.99885464 0.99999183 0.2879245 0.28704423 0.2754048 1.0049399 0.27670524 0.9857129 1.014548 1.0168724 0 0.9898184 1.0011308
0.9572284 1.0011308 0.96226203 0.95258445 1.0080011 1.0041765 1.0034139 0.959741 0.99734104 0.9658782 0.95258445 0.96334505 0.9706055 1.018426 1.030972 1.0091523 0.96190137 0.9557965 0.9644296 0.9931942 0.9931942 1.0072346 0.4623248 1.0126165 0.9479691 0.35723764 0.9608204 0.9898184 0 0.21296677
0.9554389 1.0068517 0.9651536 0.9568702 1.0045581 1.01146 1.0195932 0.96190137 1.0034139 0.97243166 0.96406794 0.9554389 0.9764649 1.0254573 1.032159 1.015322 0.9604604 0.95794547 0.96769285 1.002652 1.0037951 1.0160967 0.4606596 1.0219333 0.9458484 0.35386395 0.9511613 1.0011308 0.21296677 0
