0 0.5266914 0.52487713 0.6216679 0.61369276 0.6013292 0.6155082 0.61346614 1.0313674 1.0389212 1.0405211 1.0076177 1.0254573 1.0095364 1.005704 0.6049049 0.6017752 1.0103053 1.0030329 1.0286036 1.0286036 1.025065 0.5083492 1.0258498 0.9958304 1.0130024 1.0254573 1.0349361 1.0168724 0.6221262
0.5266914 0 0.111259006 0.6015522 0.6049049 0.6058015 0.6046809 0.6132396 1.0130024 1.0180373 1.0168724 1.01146 1.0126165 1.000751 1.0172604 0.6060258 0.603562 1.0278157 1.0211525 1.0195932 1.0207624 1.0072346 0.41861266 1.0068517 0.990942 1.0137748 1.0195932 1.018426 1.0080011 0.618924
0.52487713 0.111259006 0 0.5911431 0.59888077 0.5975486 0.5982144 0.6058015 1.0064689 1.0149349 1.0103053 1.0034139 1.0049399 0.99281836 1.0045581 0.60043794 0.5979924 1.014548 1.0091523 1.014548 1.0141612 0.9962078 0.420187 0.99658537 0.98237044 1.0091523 1.0133885 1.015322 1.0011308 0.6132396
0.6216679 0.6015522 0.5911431 0 0.09872133 0.27237916 0.26650688 0.26664954 0.98757625 0.9950763 1.0099207 1.0095364 1.0207624 1.0060863 0.99923354 0.27526045 0.27151692 1.0076177 0.9946995 0.9827411 0.98348296 1.0076177 0.6175558 1.0076177 0.99056727 0.99131685 1.0172604 1.0231062 1.0072346 0.2718042
0.61369276 0.6049049 0.59888077 0.09872133 0 0.2749718 0.26950887 0.26822084 1.0072346 1.0118452 1.0258498 1.0199828 1.0301816 1.0149349 1.0199828 0.27829775 0.27453908 1.0289978 1.0164845 1.002652 1.0034139 1.0188149 0.61052626 1.018426 1.002652 1.0110749 1.0242808 1.0301816 1.0087683 0.27324238
0.6013292 0.6058015 0.5975486 0.27237916 0.2749718 0 0.26622158 0.26922247 0.9980974 1.0103053 1.01069 0.9977191 1.0126165 1.0064689 1.0045581 0.08169181 0.07824301 1.0091523 1.0011308 0.9950763 0.9943229 0.9962078 0.6033384 0.9980974 0.98496884 0.99131685 1.015322 1.0258498 1.0195932 0.27309844
0.6155082 0.6046809 0.5982144 0.26650688 0.26950887 0.26622158 0 0.060148705 0.99658537 0.98348296 0.9977191 1.0045581 1.0087683 1.0003713 0.9946995 0.2690793 0.26408544 1.0022715 0.990942 0.98832285 0.9894442 0.99999183 0.6078228 0.99999183 0.9943229 0.9872032 1.01146 1.0195932 1.0064689 0.1130009
0.61346614 0.6132396 0.6058015 0.26664954 0.26822084 0.26922247 0.060148705 0 0.9980974 0.98832285 0.99961257 0.9977191 1.0083846 1.0022715 0.98907024 0.27209163 0.26764908 0.9958304 0.9845971 0.99131685 0.9920673 1.0022715 0.6116556 1.0022715 0.9924427 0.98683035 1.002652 1.0227151 1.001891 0.11288465
1.0313674 1.0130024 1.0064689 0.98757625 1.0072346 0.9980974 0.99658537 0.9980974 0 0.19589372 0.19317186 0.5182621 0.49778837 0.49623638 0.5182621 0.9980974 1.001891 0.5196604 0.5126947 0.06656877 0.06853842 0.49488103 0.99357027 0.49507448 0.3062018 0.26679227 0.5067752 0.5111116 0.5061858 1.0095364
1.0389212 1.0180373 1.0149349 0.9950763 1.0118452 1.0103053 0.98348296 0.98832285 0.19589372 0 0.06373281 0.52729714 0.5040287 0.49914902 0.52447456 1.0149349 1.014548 0.52628785 0.5196604 0.19550428 0.19654323 0.4995382 0.99658537 0.49973288 0.3116366 0.27166054 0.5069718 0.51091397 0.5055969 1.0087683
1.0405211 1.0168724 1.0103053 1.0099207 1.0258498 1.01069 0.9977191 0.99961257 0.19317186 0.06373281 0 0.5250785 0.5010971 0.4975942 0.5226656 1.0188149 1.019204 0.52246493 0.51626897 0.1942076 0.1953745 0.4983712 0.99885464 0.49817687 0.31103078 0.2699387 0.5091374 0.5111116 0.5069718 1.0211525
1.0076177 1.01146 1.0034139 1.0095364 1.0199828 0.9977191 1.0045581 0.9977191 0.5182621 0.52729714 0.5250785 0 0.5204606 0.5170656 0.4935281 1.0030329 1.0030329 0.49623638 0.49121448 0.51806253 0.5196604 0.5176636 1.0022715 0.51786304 0.5111116 0.5176636 0.5232681 0.5204606 0.52106136 0.99961257
1.0254573 1.0126165 1.0049399 1.0207624 1.0301816 1.0126165 1.0087683 1.0083846 0.49778837 0.5040287 0.5010971 0.5204606 0 0.05625821 0.5170656 1.0188149 1.0203725 0.5204606 0.51447976 0.50598943 0.5055969 0.07902039 1.0227151 0.079353794 0.50481236 0.5024637 0.29976138 0.2976764 0.30155316 1.0168724
1.0095364 1.000751 0.99281836 1.0060863 1.0149349 1.0064689 1.0003713 1.0022715 0.49623638 0.49914902 0.4975942 0.5170656 0.05625821 0 0.51249665 1.01069 1.0103053 0.5166672 0.5113093 0.50540066 0.5050084 0.07691224 1.0068517 0.07713387 0.5005121 0.5005121 0.294856 0.2927846 0.2976764 1.0149349
1.005704 1.0172604 1.0045581 0.99923354 1.0199828 1.0045581 0.9946995 0.98907024 0.5182621 0.52447456 0.5226656 0.4935281 0.5170656 0.51249665 0 1.0110749 1.0099207 0.041106176 0.037838656 0.5202605 0.52367 0.51210064 1.0011308 0.51249665 0.50953186 0.5166672 0.5150757 0.5136859 0.51547325 1.0133885
0.6049049 0.6060258 0.60043794 0.27526045 0.27829775 0.08169181 0.2690793 0.27209163 0.9980974 1.0149349 1.0188149 1.0030329 1.0188149 1.01069 1.0110749 0 0.028951678 1.0141612 1.005704 1.000751 0.99961257 1.0041765 0.6071484 1.0060863 0.9845971 0.9969631 1.019204 1.0278157 1.0195932 0.27425072
0.6017752 0.603562 0.5979924 0.27151692 0.27453908 0.07824301 0.26408544 0.26764908 1.001891 1.014548 1.019204 1.0030329 1.0203725 1.0103053 1.0099207 0.028951678 0 1.01069 1.001891 1.0011308 1.000751 1.0076177 0.6013292 1.0095364 0.98683035 0.99885464 1.0195932 1.025065 1.0199828 0.26950887
1.0103053 1.0278157 1.014548 1.0076177 1.0289978 1.0091523 1.0022715 0.9958304 0.5196604 0.52628785 0.52246493 0.49623638 0.5204606 0.5166672 0.041106176 1.0141612 1.01069 0 0.013622978 0.5228664 0.52608615 0.51447976 1.0103053 0.5146783 0.51447976 0.5206608 0.5196604 0.5190608 0.5214621 1.0254573
1.0030329 1.0211525 1.0091523 0.9946995 1.0164845 1.0011308 0.990942 0.9845971 0.5126947 0.5196604 0.51626897 0.49121448 0.51447976 0.5113093 0.037838656 1.005704 1.001891 0.013622978 0 0.51607 0.51926064 0.50972915 1.0053219 0.51012385 0.50992644 0.5142812 0.5142812 0.5142812 0.51547325 1.0133885
1.0286036 1.0195932 1.014548 0.9827411 1.002652 0.9950763 0.98832285 0.99131685 0.06656877 0.19550428 0.1942076 0.51806253 0.50598943 0.50540066 0.5202605 1.000751 1.0011308 0.5228664 0.51607 0 0.00572177 0.5024637 0.9924427 0.5022683 0.30560035 0.2690793 0.5136859 0.51547325 0.5063822 1.000751
1.0286036 1.0207624 1.0141612 0.98348296 1.0034139 0.9943229 0.9894442 0.9920673 0.06853842 0.19654323 0.1953745 0.5196604 0.5055969 0.5050084 0.52367 0.99961257 1.000751 0.52608615 0.51926064 0.00572177 0 0.5032458 0.99131685 0.5030502 0.30755678 0.2712297 0.51487696 0.5166672 0.50815225 1.0034139
1.025065 1.0072346 0.9962078 1.0076177 1.0188149 0.9962078 0.99999183 1.0022715 0.49488103 0.4995382 0.4983712 0.5176636 0.07902039 0.07691224 0.51210064 1.0041765 1.0076177 0.51447976 0.50972915 0.5024637 0.5032458 0 1.0045581 0.0030060161 0.5030502 0.49934357 0.294856 0.29116106 0.29337585 1.0133885
0.5083492 0.41861266 0.420187 0.6175558 0.61052626 0.6033384 0.6078228 0.6116556 0.99357027 0.99658537 0.99885464 1.0022715 1.0227151 1.0068517 1.0011308 0.6071484 0.6013292 1.0103053 1.0053219 0.9924427 0.99131685 1.0045581 0 1.0049399 0.9853408 0.98757625 1.0126165 1.0003713 1.0049399 0.615281
1.0258498 1.0068517 0.99658537 1.0076177 1.018426 0.9980974 0.99999183 1.0022715 0.49507448 0.49973288 0.49817687 0.51786304 0.079353794 0.07713387 0.51249665 1.0060863 1.0095364 0.5146783 0.51012385 0.5022683 0.5030502 0.0030060161 1.0049399 0 0.50265914 0.49973288 0.2942636 0.29130852 0.29367164 1.0141612
0.9958304 0.990942 0.98237044 0.99056727 1.002652 0.98496884 0.9943229 0.9924427 0.3062018 0.3116366 0.31103078 0.5111116 0.50481236 0.5005121 0.50953186 0.9845971 0.98683035 0.51447976 0.50992644 0.30560035 0.30755678 0.5030502 0.9853408 0.50265914 0 0.30755678 0.51190275 0.5113093 0.50992644 0.99734104
1.0130024 1.0137748 1.0091523 0.99131685 1.0110749 0.99131685 0.9872032 0.98683035 0.26679227 0.27166054 0.2699387 0.5176636 0.5024637 0.5005121 0.5166672 0.9969631 0.99885464 0.5206608 0.5142812 0.2690793 0.2712297 0.49934357 0.98757625 0.49973288 0.30755678 0 0.50129217 0.5050084 0.5010971 1.0022715
1.0254573 1.0195932 1.0133885 1.0172604 1.0242808 1.015322 1.01146 1.002652 0.5067752 0.5069718 0.5091374 0.5232681 0.29976138 0.294856 0.5150757 1.019204 1.0195932 0.5196604 0.5142812 0.5136859 0.51487696 0.294856 1.0126165 0.2942636 0.51190275 0.50129217 0 0.19498533 0.19602357 1.01069
1.0349361 1.018426 1.015322 1.0231062 1.0301816 1.0258498 1.0195932 1.0227151 0.5111116 0.51091397 0.5111116 0.5204606 0.2976764 0.2927846 0.5136859 1.0278157 1.025065 0.5190608 0.5142812 0.51547325 0.5166672 0.29116106 1.0003713 0.29130852 0.5113093 0.5050084 0.19498533 0 0.16848351 1.030972
1.0168724 1.0080011 1.0011308 1.0072346 1.0087683 1.0195932 1.0064689 1.001891 0.5061858 0.5055969 0.5069718 0.52106136 0.30155316 0.2976764 0.51547325 1.0195932 1.0199828 0.5214621 0.51547325 0.5063822 0.50815225 0.29337585 1.0049399 0.29367164 0.50992644 0.5010971 0.19602357 0.16848351 0 1.0083846
0.6221262 0.618924 0.6132396 0.2718042 0.27324238 0.27309844 0.1130009 0.11288465 1.0095364 1.0087683 1.0211525 0.99961257 1.0168724 1.0149349 1.0133885 0.27425072 0.26950887 1.0254573 1.0133885 1.000751 1.0034139 1.0133885 0.615281 1.0141612 0.99734104 1.0022715 1.01069 1.030972 1.0083846 0
