0 0.6760516 0.682483 0.63088745 0.6364741 0.64564204 0.6378772 0.6304238 0.6357735 0.69349426 1.01069 0.6360069 0.6740837 0.6859691 0.69173163 0.6847222 0.99999183 1.0076177 0.6334428 0.6315835 0.6837262 0.6834774 0.697032 0.68173814 0.6907262 0.68198633 0.6304238 0.64116156 0.68298006 0.63414127
0.6760516 0 0.44656178 0.67016345 0.6677236 0.67876583 0.6785187 0.68223464 0.67089695 0.4575242 1.0030329 0.66553456 0.44493115 0.4555024 0.4522057 0.4478325 0.9958304 0.99734104 0.6677236 0.6619002 0.26323268 0.26323268 0.42793173 0.2638011 0.4147781 0.40270612 0.6672366 0.6686986 0.4398806 0.6699191
0.682483 0.44656178 0 0.675067 0.6807461 0.6795078 0.67629796 0.68796843 0.69097745 0.25349504 0.9977191 0.6869681 0.2402917 0.24846429 0.34288466 0.34193748 0.9977191 0.9980974 0.67629796 0.67531306 0.45293704 0.45019814 0.44276246 0.4522057 0.45678836 0.44819596 0.68571955 0.67926043 0.34130672 0.6772841
0.63088745 0.67016345 0.675067 0 0.22084542 0.47559288 0.46827576 0.31360888 0.31986335 0.6837262 1.0172604 0.44475016 0.66456366 0.67580533 0.6844731 0.6837262 1.0037951 1.0133885 0.383953 0.38095567 0.6699191 0.67212105 0.6772841 0.67285645 0.6775309 0.6669932 0.3545054 0.46585247 0.662142 0.3781358
0.6364741 0.6677236 0.6807461 0.22084542 0 0.47033232 0.46827576 0.31467304 0.31269795 0.700841 0.99923354 0.44910538 0.68149 0.6889701 0.6965256 0.69753873 0.9827411 0.9860852 0.37747386 0.37664723 0.67926043 0.68223464 0.67580533 0.67876583 0.67580533 0.6713863 0.35370368 0.469958 0.6785187 0.37912986
0.64564204 0.67876583 0.6795078 0.47559288 0.47033232 0 0.21963823 0.47937313 0.4826014 0.70543754 1.0095364 0.48450688 0.6802505 0.69349426 0.6894714 0.6892207 1.002652 1.0080011 0.47842628 0.47842628 0.6852207 0.6889701 0.6723661 0.6869681 0.6847222 0.6795078 0.48279172 0.3614357 0.6849714 0.47994182
0.6378772 0.6785187 0.67629796 0.46827576 0.46827576 0.21963823 0 0.4797522 0.48660854 0.6955138 1.0068517 0.4826014 0.6777777 0.68571955 0.6854701 0.68173814 0.9931942 0.99885464 0.47333384 0.4740861 0.68049824 0.682483 0.6745752 0.6807461 0.6877182 0.6731017 0.48070073 0.36712432 0.6684547 0.47634742
0.6304238 0.68223464 0.68796843 0.31360888 0.31467304 0.47937313 0.4797522 0 0.13686118 0.7062064 0.9924427 0.45421863 0.69022405 0.695261 0.6972853 0.6937464 0.9838541 0.990942 0.39403155 0.39217365 0.6802505 0.68223464 0.6867182 0.68000287 0.6907262 0.6802505 0.35562924 0.4826014 0.6807461 0.3872975
0.6357735 0.67089695 0.69097745 0.31986335 0.31269795 0.4826014 0.48660854 0.13686118 0 0.69399863 1.0011308 0.4503804 0.6827315 0.6887196 0.6988071 0.69855326 0.9857129 0.9958304 0.39284873 0.39234236 0.67876583 0.68173814 0.6844731 0.67876583 0.6867182 0.6834774 0.35933372 0.47899425 0.6748211 0.38545617
0.69349426 0.4575242 0.25349504 0.6837262 0.700841 0.70543754 0.6955138 0.7062064 0.69399863 0 1.019204 0.6998234 0.110099986 0.11708111 0.35546857 0.35546857 1.01146 1.0118452 0.6937464 0.68972224 0.4652944 0.46325153 0.45312 0.46659726 0.46659726 0.45936695 0.6960195 0.69097745 0.34970793 0.695261
1.01069 1.0030329 0.9977191 1.0172604 0.99923354 1.0095364 1.0068517 0.9924427 1.0011308 1.019204 0 0.99847597 1.0041765 1.000751 1.0286036 1.0231062 0.105481744 0.105942294 0.9853408 0.98645765 1.0126165 1.0068517 1.001891 1.005704 1.0160967 0.990942 0.98832285 0.99545324 0.99545324 0.9977191
0.6360069 0.66553456 0.6869681 0.44475016 0.44910538 0.48450688 0.4826014 0.45421863 0.4503804 0.6998234 0.99847597 0 0.6770375 0.69122875 0.6767909 0.684224 1.0022715 1.0003713 0.45330298 0.45531887 0.6696748 0.67016345 0.6785187 0.67016345 0.6807461 0.6748211 0.45275414 0.47333384 0.661417 0.45623696
0.6740837 0.44493115 0.2402917 0.66456366 0.68149 0.6802505 0.6777777 0.69022405 0.6827315 0.110099986 1.0041765 0.6770375 0 0.06996417 0.34130672 0.34020412 1.0003713 1.001891 0.68149 0.6795078 0.45147505 0.44910538 0.44240162 0.45184028 0.45184028 0.44276246 0.6892207 0.68000287 0.3361229 0.67975533
0.6859691 0.4555024 0.24846429 0.67580533 0.6889701 0.69349426 0.68571955 0.695261 0.6887196 0.11708111 1.000751 0.69122875 0.06996417 0 0.34747958 0.34763852 0.99545324 0.99281836 0.6892207 0.6884691 0.46158424 0.45992067 0.44874147 0.46251008 0.46195444 0.45385224 0.6945033 0.6937464 0.34367487 0.6867182
0.69173163 0.4522057 0.34288466 0.6844731 0.6965256 0.6894714 0.6854701 0.6972853 0.6988071 0.35546857 1.0286036 0.6767909 0.34130672 0.34747958 0 0.051423293 1.0242808 1.0286036 0.6932422 0.6877182 0.45202297 0.44965157 0.45531887 0.45312 0.46010533 0.4500159 0.6859691 0.68721807 0.2981227 0.67926043
0.6847222 0.4478325 0.34193748 0.6837262 0.69753873 0.6892207 0.68173814 0.6937464 0.69855326 0.35546857 1.0231062 0.684224 0.34020412 0.34763852 0.051423293 0 1.0219333 1.0258498 0.69349426 0.6884691 0.45440188 0.45293704 0.45642072 0.45568597 0.4623248 0.44855958 0.6867182 0.68721807 0.29604226 0.6785187
0.99999183 0.9958304 0.9977191 1.0037951 0.9827411 1.002652 0.9931942 0.9838541 0.9857129 1.01146 0.105481744 1.0022715 1.0003713 0.99545324 1.0242808 1.0219333 0 0.049284406 0.97941184 0.9783054 0.9962078 0.99056727 0.9924427 0.9920673 1.0137748 0.99658537 0.9764649 0.99281836 0.9845971 0.98051995
1.0076177 0.99734104 0.9980974 1.0133885 0.9860852 1.0080011 0.99885464 0.990942 0.9958304 1.0118452 0.105942294 1.0003713 1.001891 0.99281836 1.0286036 1.0258498 0.049284406 0 0.9860852 0.9831119 1.0041765 1.0003713 0.9962078 1.000751 1.0199828 0.9977191 0.97978103 1.0049399 0.9857129 0.990942
0.6334428 0.6677236 0.67629796 0.383953 0.37747386 0.47842628 0.47333384 0.39403155 0.39284873 0.6937464 0.9853408 0.45330298 0.68149 0.6892207 0.6932422 0.69349426 0.97941184 0.9860852 0 0.041845977 0.67629796 0.6777777 0.6854701 0.67555916 0.6802505 0.68198633 0.39606363 0.46715635 0.6770375 0.28514048
0.6315835 0.6619002 0.67531306 0.38095567 0.37664723 0.47842628 0.4740861 0.39217365 0.39234236 0.68972224 0.98645765 0.45531887 0.6795078 0.6884691 0.6877182 0.6884691 0.9783054 0.9831119 0.041845977 0 0.6731017 0.6733471 0.68621874 0.67089695 0.67876583 0.67629796 0.3925111 0.4662248 0.6782716 0.28003892
0.6837262 0.26323268 0.45293704 0.6699191 0.67926043 0.6852207 0.68049824 0.6802505 0.67876583 0.4652944 1.0126165 0.6696748 0.45147505 0.46158424 0.45202297 0.45440188 0.9962078 1.0041765 0.67629796 0.6731017 0 0.017502649 0.42899403 0.017195629 0.41966185 0.4095806 0.6723661 0.68149 0.44946945 0.6777777
0.6834774 0.26323268 0.45019814 0.67212105 0.68223464 0.6889701 0.682483 0.68223464 0.68173814 0.46325153 1.0068517 0.67016345 0.44910538 0.45992067 0.44965157 0.45293704 0.99056727 1.0003713 0.6777777 0.6733471 0.017502649 0 0.42793173 0.012401977 0.4189622 0.4106172 0.675067 0.6802505 0.44765082 0.6795078
0.697032 0.42793173 0.44276246 0.6772841 0.67580533 0.6723661 0.6745752 0.6867182 0.6844731 0.45312 1.001891 0.6785187 0.44240162 0.44874147 0.45531887 0.45642072 0.9924427 0.9962078 0.6854701 0.68621874 0.42899403 0.42793173 0 0.42899403 0.4270476 0.41390935 0.6947558 0.68298006 0.4398806 0.68571955
0.68173814 0.2638011 0.4522057 0.67285645 0.67876583 0.6869681 0.6807461 0.68000287 0.67876583 0.46659726 1.005704 0.67016345 0.45184028 0.46251008 0.45312 0.45568597 0.9920673 1.000751 0.67555916 0.67089695 0.017195629 0.012401977 0.42899403 0 0.41913706 0.4100987 0.67285645 0.6812419 0.44946945 0.6785187
0.6907262 0.4147781 0.45678836 0.6775309 0.67580533 0.6847222 0.6877182 0.6907262 0.6867182 0.46659726 1.0160967 0.6807461 0.45184028 0.46195444 0.46010533 0.4623248 1.0137748 1.0199828 0.6802505 0.67876583 0.41966185 0.4189622 0.4270476 0.41913706 0 0.3725277 0.69173163 0.6962725 0.4522057 0.6785187
0.68198633 0.40270612 0.44819596 0.6669932 0.6713863 0.6795078 0.6731017 0.6802505 0.6834774 0.45936695 0.990942 0.6748211 0.44276246 0.45385224 0.4500159 0.44855958 0.99658537 0.9977191 0.68198633 0.67629796 0.4095806 0.4106172 0.41390935 0.4100987 0.3725277 0 0.6777777 0.67040783 0.442582 0.6775309
0.6304238 0.6672366 0.68571955 0.3545054 0.35370368 0.48279172 0.48070073 0.35562924 0.35933372 0.6960195 0.98832285 0.45275414 0.6892207 0.6945033 0.6859691 0.6867182 0.9764649 0.97978103 0.39606363 0.3925111 0.6723661 0.675067 0.6947558 0.67285645 0.69173163 0.6777777 0 0.4731459 0.68397504 0.38763276
0.64116156 0.6686986 0.67926043 0.46585247 0.469958 0.3614357 0.36712432 0.4826014 0.47899425 0.69097745 0.99545324 0.47333384 0.68000287 0.6937464 0.68721807 0.68721807 0.99281836 1.0049399 0.46715635 0.4662248 0.68149 0.6802505 0.68298006 0.6812419 0.6962725 0.67040783 0.4731459 0 0.6682109 0.4752159
0.68298006 0.4398806 0.34130672 0.662142 0.6785187 0.6849714 0.6684547 0.6807461 0.6748211 0.34970793 0.99545324 0.661417 0.3361229 0.34367487 0.2981227 0.29604226 0.9845971 0.9857129 0.6770375 0.6782716 0.44946945 0.44765082 0.4398806 0.44946945 0.4522057 0.442582 0.68397504 0.6682109 0 0.67531306
0.63414127 0.6699191 0.6772841 0.3781358 0.37912986 0.47994182 0.47634742 0.3872975 0.38545617 0.695261 0.9977191 0.45623696 0.67975533 0.6867182 0.67926043 0.6785187 0.98051995 0.990942 0.28514048 0.28003892 0.6777777 0.6795078 0.68571955 0.6785187 0.6785187 0.6775309 0.38763276 0.4752159 0.67531306 0
