0 0.9898184 0.9931942 1.0003713 0.6269553 0.6121078 0.6026681 1.0207624 1.0072346 0.99056727 0.99545324 1.0037951 1.0195932 1.0137748 1.0087683 1.0149349 0.63297755 0.632745 1.0045581 1.0160967 1.0030329 1.0045581 0.97206604 1.0072346 0.9920673 0.9898184 0.9939465 1.002652 0.6058015 0.99281836
0.9898184 0 0.761531 0.7483968 0.99169195 0.98757625 1.0049399 0.74514884 0.761255 0.7524766 0.74433905 0.8621135 0.7502979 0.750842 0.7524766 0.7590508 0.9920673 1.0030329 0.7535683 0.7585007 0.75767636 0.7656831 0.8567664 0.76346576 0.76623845 0.7362889 0.73735726 0.74110866 0.982 0.28719085
0.9931942 0.761531 0 0.27974844 0.99961257 0.990942 0.9842255 0.47220686 0.49876 0.4788049 0.47804788 0.87677604 0.4846977 0.5582251 0.56054413 0.56223524 0.99357027 1.0087683 0.48852423 0.4939144 0.5613892 0.5698927 0.85207987 0.56626695 0.4797522 0.47089422 0.48488855 0.48737422 0.98757625 0.75603044
1.0003713 0.7483968 0.27974844 0 0.9924427 0.9651536 0.97316337 0.48184055 0.5005121 0.4822209 0.4843161 0.8474224 0.48622596 0.5569632 0.5542363 0.5569632 1.0176488 1.0262426 0.48279172 0.48833245 0.56350607 0.57010657 0.84156424 0.56754464 0.487949 0.48507947 0.4858436 0.487949 0.99131685 0.7325615
0.6269553 0.99169195 0.99961257 0.9924427 0 0.26309067 0.2577133 1.0122308 1.0122308 0.98683035 1.0083846 0.9920673 1.0188149 1.0041765 0.99131685 0.9977191 0.6232732 0.6269553 1.0103053 1.018426 1.0203725 1.0207624 0.9746289 1.0254573 1.0003713 0.98757625 0.99169195 0.9920673 0.30379888 1.025065
0.6121078 0.98757625 0.990942 0.9651536 0.26309067 0 0.21937022 0.9958304 1.000751 0.98645765 0.99923354 0.9924427 0.99169195 0.99658537 0.98348296 0.98237044 0.61278665 0.6150539 0.9894442 1.0022715 1.0011308 1.0041765 0.96769285 1.0080011 0.9816297 0.98125964 0.9901927 0.97243166 0.29856926 1.0053219
0.6026681 1.0049399 0.9842255 0.97316337 0.2577133 0.21937022 0 0.9943229 1.0072346 0.9980974 0.9931942 0.9783054 0.9894442 0.99545324 0.97609735 0.9842255 0.6073731 0.6130131 0.9958304 1.0103053 1.0080011 1.0091523 0.9691478 1.015322 0.9845971 0.98348296 0.9894442 0.97206604 0.2950042 1.0072346
1.0207624 0.74514884 0.47220686 0.48184055 1.0122308 0.9958304 0.9943229 0 0.38696238 0.38112187 0.21323249 0.8774201 0.22962219 0.5569632 0.5521454 0.55675304 1.002652 1.0137748 0.47502747 0.48089057 0.5550743 0.560333 0.84156424 0.55885684 0.47918367 0.34891135 0.3738435 0.3738435 0.99961257 0.75822586
1.0072346 0.761255 0.49876 0.5005121 1.0122308 1.000751 1.0072346 0.38696238 0 0.22353503 0.38112187 0.877098 0.39082533 0.56967896 0.56754464 0.5669055 1.025065 1.0365276 0.4841254 0.48890796 0.5733213 0.58065945 0.8602219 0.5778452 0.5005121 0.3725277 0.35675475 0.31072804 0.9853408 0.7681854
0.99056727 0.7524766 0.4788049 0.4822209 0.98683035 0.98645765 0.9980974 0.38112187 0.22353503 0 0.3751616 0.8678169 0.38378617 0.556333 0.5544457 0.5523542 0.99545324 1.0110749 0.47033232 0.4744625 0.5546552 0.5607553 0.84217876 0.5597 0.48127043 0.36663502 0.3462092 0.30469906 0.98237044 0.7532952
0.99545324 0.74433905 0.47804788 0.4843161 1.0083846 0.99923354 0.9931942 0.21323249 0.38112187 0.3751616 0 0.87581104 0.19693321 0.5559132 0.5573836 0.5575939 0.99357027 1.000751 0.4656664 0.47483912 0.556333 0.5597 0.8517685 0.5618121 0.48089057 0.3427267 0.36516908 0.37351432 0.99169195 0.75767636
1.0037951 0.8621135 0.87677604 0.8474224 0.9920673 0.9924427 0.9783054 0.8774201 0.877098 0.8678169 0.87581104 0 0.8790327 0.85207987 0.8530148 0.8530148 1.0126165 1.0231062 0.8774201 0.8848668 0.8605368 0.86909026 0.51170486 0.863061 0.8751683 0.85707986 0.8649598 0.8652767 0.9853408 0.86813504
1.0195932 0.7502979 0.4846977 0.48622596 1.0188149 0.99169195 0.9894442 0.22962219 0.39082533 0.38378617 0.19693321 0.8790327 0 0.5613892 0.5628704 0.56626695 1.000751 1.0130024 0.47823706 0.48660854 0.56477904 0.567971 0.8542633 0.57010657 0.48948392 0.356433 0.37598658 0.38780046 0.9962078 0.76042765
1.0137748 0.750842 0.5582251 0.5569632 1.0041765 0.99658537 0.99545324 0.5569632 0.56967896 0.556333 0.5559132 0.85207987 0.5613892 0 0.24429761 0.24042948 1.0172604 1.025065 0.5628704 0.56647974 0.1671077 0.16973643 0.82186216 0.16873392 0.5626586 0.5533992 0.54095423 0.54860425 0.9783054 0.75138646
1.0087683 0.7524766 0.56054413 0.5542363 0.99131685 0.98348296 0.97609735 0.5521454 0.56754464 0.5544457 0.5573836 0.8530148 0.5628704 0.24429761 0 0.06820979 1.018426 1.0258498 0.5573836 0.5607553 0.2473509 0.25139478 0.83483773 0.24943985 0.5656289 0.5483964 0.54673624 0.547981 0.9801504 0.74110866
1.0149349 0.7590508 0.56223524 0.5569632 0.9977191 0.98237044 0.9842255 0.55675304 0.5669055 0.5523542 0.5575939 0.8530148 0.56626695 0.24042948 0.06820979 0 1.0254573 1.033348 0.5586462 0.5607553 0.2451291 0.24832502 0.83240664 0.24651696 0.56626695 0.5504769 0.55131066 0.54985213 0.97978103 0.74433905
0.63297755 0.9920673 0.99357027 1.0176488 0.6232732 0.61278665 0.6073731 1.002652 1.025065 0.99545324 0.99357027 1.0126165 1.000751 1.0172604 1.018426 1.0254573 0 0.06373281 1.0118452 1.0195932 1.0278157 1.0270288 0.9980974 1.0329514 1.0133885 0.9894442 0.99169195 0.9943229 0.6028915 1.0258498
0.632745 1.0030329 1.0087683 1.0262426 0.6269553 0.6150539 0.6130131 1.0137748 1.0365276 1.0110749 1.000751 1.0231062 1.0130024 1.025065 1.0258498 1.033348 0.06373281 0 1.0266355 1.0337447 1.0337447 1.0345387 0.99847597 1.0393208 1.0282096 0.9977191 0.99923354 1.0087683 0.60535306 1.0305767
1.0045581 0.7535683 0.48852423 0.48279172 1.0103053 0.9894442 0.9958304 0.47502747 0.4841254 0.47033232 0.4656664 0.8774201 0.47823706 0.5628704 0.5573836 0.5586462 1.0118452 1.0266355 0 0.057013113 0.56520385 0.57010657 0.85770726 0.57053435 0.483363 0.46659726 0.46902296 0.47427428 1.0022715 0.761531
1.0160967 0.7585007 0.4939144 0.48833245 1.018426 1.0022715 1.0103053 0.48089057 0.48890796 0.4744625 0.47483912 0.8848668 0.48660854 0.56647974 0.5607553 0.5607553 1.0195932 1.0337447 0.057013113 0 0.568611 0.57461107 0.8592779 0.5739659 0.48317254 0.46883607 0.47258234 0.47956264 1.0034139 0.7695792
1.0030329 0.75767636 0.5613892 0.56350607 1.0203725 1.0011308 1.0080011 0.5550743 0.5733213 0.5546552 0.556333 0.8605368 0.56477904 0.1671077 0.2473509 0.2451291 1.0278157 1.0337447 0.56520385 0.568611 0 0.030512337 0.8339251 0.027705485 0.5677578 0.5515193 0.5521454 0.5542363 0.9980974 0.7656831
1.0045581 0.7656831 0.5698927 0.57010657 1.0207624 1.0041765 1.0091523 0.560333 0.58065945 0.5607553 0.5597 0.86909026 0.567971 0.16973643 0.25139478 0.24832502 1.0270288 1.0345387 0.57010657 0.57461107 0.030512337 0 0.84649444 0.029679582 0.57010657 0.5582251 0.5552839 0.56054413 0.9946995 0.76790696
0.97206604 0.8567664 0.85207987 0.84156424 0.9746289 0.96769285 0.9691478 0.84156424 0.8602219 0.84217876 0.8517685 0.51170486 0.8542633 0.82186216 0.83483773 0.83240664 0.9980974 0.99847597 0.85770726 0.8592779 0.8339251 0.84649444 0 0.84033674 0.8530148 0.84095025 0.847732 0.84711295 0.96334505 0.8652767
1.0072346 0.76346576 0.56626695 0.56754464 1.0254573 1.0080011 1.015322 0.55885684 0.5778452 0.5597 0.5618121 0.863061 0.57010657 0.16873392 0.24943985 0.24651696 1.0329514 1.0393208 0.57053435 0.5739659 0.027705485 0.029679582 0.84033674 0 0.567971 0.5586462 0.5575939 0.5592783 1.0064689 0.7631891
0.9920673 0.76623845 0.4797522 0.487949 1.0003713 0.9816297 0.9845971 0.47918367 0.5005121 0.48127043 0.48089057 0.8751683 0.48948392 0.5626586 0.5656289 0.56626695 1.0133885 1.0282096 0.483363 0.48317254 0.5677578 0.57010657 0.8530148 0.567971 0 0.4769138 0.4826014 0.48660854 1.0011308 0.7709756
0.9898184 0.7362889 0.47089422 0.48507947 0.98757625 0.98125964 0.98348296 0.34891135 0.3725277 0.36663502 0.3427267 0.85707986 0.356433 0.5533992 0.5483964 0.5504769 0.9894442 0.9977191 0.46659726 0.46883607 0.5515193 0.5582251 0.84095025 0.5586462 0.4769138 0 0.36273217 0.3712142 0.98683035 0.7338906
0.9939465 0.73735726 0.48488855 0.4858436 0.99169195 0.9901927 0.9894442 0.3738435 0.35675475 0.3462092 0.36516908 0.8649598 0.37598658 0.54095423 0.54673624 0.55131066 0.99169195 0.99923354 0.46902296 0.47258234 0.5521454 0.5552839 0.847732 0.5575939 0.4826014 0.36273217 0 0.35034582 0.97720057 0.73842716
1.002652 0.74110866 0.48737422 0.487949 0.9920673 0.97243166 0.97206604 0.3738435 0.31072804 0.30469906 0.37351432 0.8652767 0.38780046 0.54860425 0.547981 0.54985213 0.9943229 1.0087683 0.47427428 0.47956264 0.5542363 0.56054413 0.84711295 0.5592783 0.48660854 0.3712142 0.35034582 0 0.9706055 0.7524766
0.6058015 0.982 0.98757625 0.99131685 0.30379888 0.29856926 0.2950042 0.99961257 0.9853408 0.98237044 0.99169195 0.9853408 0.9962078 0.9783054 0.9801504 0.97978103 0.6028915 0.60535306 1.0022715 1.0034139 0.9980974 0.9946995 0.96334505 1.0064689 1.0011308 0.98683035 0.97720057 0.9706055 0 1.000751
0.99281836 0.28719085 0.75603044 0.7325615 1.025065 1.0053219 1.0072346 0.75822586 0.7681854 0.7532952 0.75767636 0.86813504 0.76042765 0.75138646 0.74110866 0.74433905 1.0258498 1.0305767 0.761531 0.7695792 0.7656831 0.76790696 0.8652767 0.7631891 0.7709756 0.7338906 0.73842716 0.7524766 1.000751 0
