0 1.0045581 1.0072346 1.0262426 1.0227151 0.9946995 1.001891 1.0188149 0.9977191 0.9738958 0.9898184 1.0219333 0.9801504 1.0041765 0.9894442 0.98051995 0.98496884 1.015322 0.9980974 1.0219333 1.015322 0.99923354 1.0141612 0.99131685 1.0168724 1.0091523 0.9709704 1.0219333 0.99658537 0.98125964
1.0045581 0 0.39284873 0.6157354 0.63088745 0.9433819 0.9339434 0.60222155 0.60849774 0.74893945 0.7389627 0.9894442 0.732296 0.5150757 0.51249665 0.9465546 0.9518725 0.95294064 0.9568702 0.9768326 0.9790429 0.93847305 0.9174517 0.9322085 0.9518725 0.6285719 0.5182621 0.94514287 0.91949344 0.9150766
1.0072346 0.39284873 0 0.620981 0.62741685 0.94232726 0.94514287 0.610752 0.61391944 0.7251619 0.72832423 0.9842255 0.72384816 0.5156721 0.52608615 0.93777436 0.9360306 0.932902 0.9440858 0.9753628 0.97941184 0.946908 0.9160936 0.9430302 0.94162506 0.6161901 0.51388425 0.94867724 0.92017525 0.9110226
1.0262426 0.6157354 0.620981 0 0.33941755 0.9838541 0.9669665 0.3337784 0.34146434 0.7483968 0.7527494 1.0091523 0.7532952 0.6155082 0.60849774 0.95508146 0.93812364 0.93255514 0.932902 0.9894442 0.990942 0.953297 0.9218825 0.9554389 0.96406794 0.6141462 0.6033384 0.9575869 0.93324894 0.93812364
1.0227151 0.63088745 0.62741685 0.33941755 0 0.97609735 0.9608204 0.34177974 0.3427267 0.7478545 0.75603044 1.0076177 0.7478545 0.6180116 0.62880313 0.97170067 0.9590223 0.9522284 0.96226203 1.0030329 1.005704 0.9706055 0.9433819 0.9669665 0.9962078 0.627186 0.62189704 0.98757625 0.95472425 0.9583042
0.9946995 0.9433819 0.94232726 0.9838541 0.97609735 0 0.2975277 0.9583042 0.96010065 0.90665525 0.9218825 0.99999183 0.90933985 0.9433819 0.93568236 0.77181464 0.7629125 0.782809 0.7681854 0.99923354 1.0064689 0.30020893 0.8530148 0.2955972 0.7746184 0.96479154 0.9353342 0.7659607 0.76457363 0.7585007
1.001891 0.9339434 0.94514287 0.9669665 0.9608204 0.2975277 0 0.9651536 0.96226203 0.92393637 0.910349 1.0099207 0.9053166 0.9322085 0.9270277 0.7676286 0.76540554 0.7765873 0.76346576 1.0037951 1.0141612 0.27670524 0.8684533 0.2738184 0.76485085 0.9483231 0.9232511 0.756853 0.75165886 0.7557565
1.0188149 0.60222155 0.610752 0.3337784 0.34177974 0.9583042 0.9651536 0 0.2703688 0.74650043 0.7475835 1.0172604 0.7437997 0.603562 0.60849774 0.93812364 0.9349863 0.9430302 0.94514287 0.9831119 0.98907024 0.9511613 0.9374253 0.9543672 0.953297 0.61596274 0.6078228 0.9655158 0.9497408 0.9402225
0.9977191 0.60849774 0.61391944 0.34146434 0.3427267 0.96010065 0.96226203 0.2703688 0 0.7623596 0.76485085 1.0231062 0.75466156 0.61369276 0.6164175 0.9346385 0.9349863 0.9479691 0.9554389 0.9842255 0.9931942 0.9504507 0.9266836 0.95258445 0.95080596 0.62143886 0.6132396 0.9687838 0.94373375 0.929441
0.9738958 0.74893945 0.7251619 0.7483968 0.7478545 0.90665525 0.92393637 0.74650043 0.7623596 0 0.22205454 0.99281836 0.21442941 0.7344229 0.7325615 0.9043141 0.903313 0.9167723 0.93151563 0.97243166 0.9775687 0.9127091 0.9188122 0.90665525 0.9476152 0.76429653 0.73815954 0.95151687 0.9287507 0.91406107
0.9898184 0.7389627 0.72832423 0.7527494 0.75603044 0.9218825 0.910349 0.7475835 0.76485085 0.22205454 0 0.9783054 0.17061472 0.7291169 0.7317652 0.8983274 0.9006499 0.92017525 0.931862 0.98645765 0.9924427 0.92085767 0.93568236 0.91473794 0.9419761 0.76429653 0.7320306 0.9374253 0.93324894 0.90398026
1.0219333 0.9894442 0.9842255 1.0091523 1.0076177 0.99999183 1.0099207 1.0172604 1.0231062 0.99281836 0.9783054 0 0.98496884 0.97978103 0.9898184 1.0188149 1.01069 1.0262426 1.0180373 0.95615417 0.9611805 1.0030329 1.005704 0.9943229 1.0122308 1.0049399 0.97609735 0.9958304 1.0015109 0.98869646
0.9801504 0.732296 0.72384816 0.7532952 0.7478545 0.90933985 0.9053166 0.7437997 0.75466156 0.21442941 0.17061472 0.98496884 0 0.7196597 0.7207046 0.89766514 0.8996537 0.9188122 0.9150766 0.98051995 0.99131685 0.910349 0.91813165 0.90498227 0.93116945 0.762636 0.7291169 0.93151563 0.928061 0.90231323
1.0041765 0.5150757 0.5156721 0.6155082 0.6180116 0.9433819 0.9322085 0.603562 0.61369276 0.7344229 0.7291169 0.97978103 0.7196597 0 0.14555272 0.92462224 0.93777436 0.93255514 0.932902 0.9768326 0.9816297 0.9543672 0.9256522 0.9497408 0.9568702 0.61346614 0.51012385 0.9388226 0.92393637 0.9188122
0.9894442 0.51249665 0.52608615 0.60849774 0.62880313 0.93568236 0.9270277 0.60849774 0.6164175 0.7325615 0.7317652 0.9898184 0.7207046 0.14555272 0 0.928061 0.93151563 0.9287507 0.9259958 0.9860852 0.9924427 0.9504507 0.92771643 0.9433819 0.9666036 0.614373 0.51289284 0.9419761 0.93568236 0.9130469
0.98051995 0.9465546 0.93777436 0.95508146 0.97170067 0.77181464 0.7676286 0.93812364 0.9346385 0.9043141 0.8983274 1.0188149 0.89766514 0.92462224 0.928061 0 0.14397594 0.4500159 0.44983372 0.9783054 0.98125964 0.7734957 0.8649598 0.7723746 0.7067194 0.9483231 0.90900373 0.7085177 0.70954716 0.68173814
0.98496884 0.9518725 0.9360306 0.93812364 0.9590223 0.7629125 0.76540554 0.9349863 0.9349863 0.903313 0.9006499 1.01069 0.8996537 0.93777436 0.93151563 0.14397594 0 0.45348603 0.45495194 0.9845971 0.98832285 0.7751804 0.864643 0.7701374 0.7113522 0.9458484 0.9086678 0.71238565 0.70390224 0.684224
1.015322 0.95294064 0.932902 0.93255514 0.9522284 0.782809 0.7765873 0.9430302 0.9479691 0.9167723 0.92017525 1.0262426 0.9188122 0.93255514 0.9287507 0.4500159 0.45348603 0 0.13446462 0.98683035 0.99734104 0.78082377 0.87677604 0.7760242 0.72384816 0.9746289 0.9133848 0.72148925 0.7049255 0.70543754
0.9980974 0.9568702 0.9440858 0.932902 0.96226203 0.7681854 0.76346576 0.94514287 0.9554389 0.93151563 0.931862 1.0180373 0.9150766 0.932902 0.9259958 0.44983372 0.45495194 0.13446462 0 0.99169195 1.0034139 0.7712552 0.864643 0.76540554 0.72018194 0.97426224 0.9174517 0.71238565 0.7080034 0.7026252
1.0219333 0.9768326 0.9753628 0.9894442 1.0030329 0.99923354 1.0037951 0.9831119 0.9842255 0.97243166 0.98645765 0.95615417 0.98051995 0.9768326 0.9860852 0.9783054 0.9845971 0.98683035 0.99169195 0 0.043221835 0.9969631 1.0118452 1.0030329 0.9920673 0.99545324 0.97720057 1.0011308 0.9838541 0.9808897
1.015322 0.9790429 0.97941184 0.990942 1.005704 1.0064689 1.0141612 0.98907024 0.9931942 0.9775687 0.9924427 0.9611805 0.99131685 0.9816297 0.9924427 0.98125964 0.98832285 0.99734104 1.0034139 0.043221835 0 0.99885464 1.0172604 1.0060863 0.98832285 0.9962078 0.97941184 1.0137748 0.99169195 0.98869646
0.99923354 0.93847305 0.946908 0.953297 0.9706055 0.30020893 0.27670524 0.9511613 0.9504507 0.9127091 0.92085767 1.0030329 0.910349 0.9543672 0.9504507 0.7734957 0.7751804 0.78082377 0.7712552 0.9969631 0.99885464 0 0.86718106 0.03846997 0.76985824 0.9479691 0.93082345 0.7631891 0.75767636 0.75603044
1.0141612 0.9174517 0.9160936 0.9218825 0.9433819 0.8530148 0.8684533 0.9374253 0.9266836 0.9188122 0.93568236 1.005704 0.91813165 0.9256522 0.92771643 0.8649598 0.864643 0.87677604 0.864643 1.0118452 1.0172604 0.86718106 0 0.8649598 0.87774235 0.93116945 0.91813165 0.8694089 0.8437172 0.83028585
0.99131685 0.9322085 0.9430302 0.9554389 0.9669665 0.2955972 0.2738184 0.9543672 0.95258445 0.90665525 0.91473794 0.9943229 0.90498227 0.9497408 0.9433819 0.7723746 0.7701374 0.7760242 0.76540554 1.0030329 1.0060863 0.03846997 0.8649598 0 0.76457363 0.94162506 0.9242792 0.75302225 0.7587757 0.74975425
1.0168724 0.9518725 0.94162506 0.96406794 0.9962078 0.7746184 0.76485085 0.953297 0.95080596 0.9476152 0.9419761 1.0122308 0.93116945 0.9568702 0.9666036 0.7067194 0.7113522 0.72384816 0.72018194 0.9920673 0.98832285 0.76985824 0.87774235 0.76457363 0 0.9644296 0.9500957 0.63998693 0.6180116 0.6182396
1.0091523 0.6285719 0.6161901 0.6141462 0.627186 0.96479154 0.9483231 0.61596274 0.62143886 0.76429653 0.76429653 1.0049399 0.762636 0.61346614 0.614373 0.9483231 0.9458484 0.9746289 0.97426224 0.99545324 0.9962078 0.9479691 0.93116945 0.94162506 0.9644296 0 0.62189704 0.9575869 0.9504507 0.9458484
0.9709704 0.5182621 0.51388425 0.6033384 0.62189704 0.9353342 0.9232511 0.6078228 0.6132396 0.73815954 0.7320306 0.97609735 0.7291169 0.51012385 0.51289284 0.90900373 0.9086678 0.9133848 0.9174517 0.97720057 0.97941184 0.93082345 0.91813165 0.9242792 0.9500957 0.62189704 0 0.93672764 0.90398026 0.90900373
1.0219333 0.94514287 0.94867724 0.9575869 0.98757625 0.7659607 0.756853 0.9655158 0.9687838 0.95151687 0.9374253 0.9958304 0.93151563 0.9388226 0.9419761 0.7085177 0.71238565 0.72148925 0.71238565 1.0011308 1.0137748 0.7631891 0.8694089 0.75302225 0.63998693 0.9575869 0.93672764 0 0.5055969 0.50090206
0.99658537 0.91949344 0.92017525 0.93324894 0.95472425 0.76457363 0.75165886 0.9497408 0.94373375 0.9287507 0.93324894 1.0015109 0.928061 0.92393637 0.93568236 0.70954716 0.70390224 0.7049255 0.7080034 0.9838541 0.99169195 0.75767636 0.8437172 0.7587757 0.6180116 0.9504507 0.90398026 0.5055969 0 0.4087178
0.98125964 0.9150766 0.9110226 0.93812364 0.9583042 0.7585007 0.7557565 0.9402225 0.929441 0.91406107 0.90398026 0.98869646 0.90231323 0.9188122 0.9130469 0.68173814 0.684224 0.70543754 0.7026252 0.9808897 0.98869646 0.75603044 0.83028585 0.74975425 0.6182396 0.9458484 0.90900373 0.50090206 0.4087178 0
