0 0.97316337 0.96841997 0.9680563 0.9655158 0.97720057 1.005704 1.0103053 1.0060863 0.8161995 0.8150128 0.9857129 0.9611805 0.9709704 0.9958304 1.001891 0.9977191 0.9962078 0.990942 0.9894442 1.0037951 1.002652 1.0099207 1.000751 0.9575869 0.94867724 0.99056727 0.82485974 0.98683035 0.9440858
0.97316337 0 0.27728397 0.33894598 0.33706275 0.44114006 1.0083846 1.014548 1.0110749 0.9476152 0.94549555 1.0022715 0.44042012 0.44384602 1.0266355 1.0361294 1.0053219 1.0083846 1.0377234 1.036926 1.000751 1.0003713 1.0080011 0.99923354 0.8179831 0.8079317 1.0068517 0.9370764 1.0141612 0.332531
0.96841997 0.27728397 0 0.34891135 0.34193748 0.4474692 1.0305767 1.030972 1.0266355 0.9440858 0.95258445 0.99847597 0.45257127 0.45678836 1.0341415 1.0449389 1.0037951 0.99999183 1.0389212 1.0353336 0.9958304 0.9943229 1.0231062 0.9977191 0.82485974 0.82395923 1.0133885 0.95508146 1.0160967 0.34525782
0.9680563 0.33894598 0.34891135 0 0.25125498 0.4454743 1.0254573 1.0449389 1.0313674 0.9845971 0.9801504 1.0030329 0.43970087 0.44060004 1.0353336 1.0473596 1.0087683 1.0099207 1.0469556 1.0441338 1.01146 1.0122308 1.025065 1.01069 0.81857854 0.8094014 1.0254573 0.97170067 1.0130024 0.2868976
0.9655158 0.33706275 0.34193748 0.25125498 0 0.44150028 1.0168724 1.0282096 1.0266355 0.9644296 0.9543672 0.99131685 0.43790576 0.4398806 1.0103053 1.025065 0.98869646 0.9838541 1.0246727 1.0203725 0.9838541 0.98125964 1.01069 0.9816297 0.8156059 0.80353975 1.002652 0.9709704 1.0011308 0.2830957
0.97720057 0.44114006 0.4474692 0.4454743 0.44150028 0 1.0015109 1.0215429 1.0172604 0.9768326 0.97609735 0.98496884 0.22299634 0.2255586 1.0266355 1.0373245 0.98348296 0.98348296 1.025065 1.0219333 0.9801504 0.98125964 1.0095364 0.97499573 0.8073446 0.80617183 1.015322 0.96334505 1.0286036 0.4366517
1.005704 1.0083846 1.0305767 1.0254573 1.0168724 1.0015109 0 0.141919 0.14264435 1.002652 1.0030329 0.5828315 0.9779369 0.98645765 0.627186 0.6313514 0.3816207 0.38245285 0.62511194 0.62373245 0.37730846 0.37615168 0.6244219 0.3776393 1.0286036 1.0160967 0.60669917 1.0053219 0.6161901 1.0049399
1.0103053 1.014548 1.030972 1.0449389 1.0282096 1.0215429 0.141919 0 0.13770178 1.0034139 1.0049399 0.5828315 1.0022715 1.0160967 0.62143886 0.62880313 0.3789641 0.3821199 0.61960906 0.62075216 0.3758215 0.3743375 0.62787867 0.3753265 1.033348 1.0072346 0.604457 1.0015109 0.61596274 1.0199828
1.0060863 1.0110749 1.0266355 1.0313674 1.0266355 1.0172604 0.14264435 0.13770178 0 1.0130024 1.0076177 0.57871 0.98645765 0.99923354 0.6186958 0.6216679 0.3801252 0.38261938 0.61369276 0.6155082 0.37730846 0.37664723 0.6267246 0.37730846 1.0341415 1.0242808 0.60849774 1.0030329 0.60804766 1.0172604
0.8161995 0.9476152 0.9440858 0.9845971 0.9644296 0.9768326 1.002652 1.0034139 1.0130024 0 0.09929189 0.9853408 0.96479154 0.9666036 1.0103053 1.0130024 0.9901927 0.99169195 1.000751 1.0015109 0.9709704 0.9695119 1.01146 0.9691478 0.9590223 0.93847305 1.000751 0.33894598 1.0149349 0.953297
0.8150128 0.94549555 0.95258445 0.9801504 0.9543672 0.97609735 1.0030329 1.0049399 1.0076177 0.09929189 0 0.9816297 0.9593815 0.9637064 1.0130024 1.0176488 0.9816297 0.98051995 1.0049399 1.0087683 0.9698763 0.9669665 1.0087683 0.9658782 0.96841997 0.9342909 1.0080011 0.3340906 1.0091523 0.94867724
0.9857129 1.0022715 0.99847597 1.0030329 0.99131685 0.98496884 0.5828315 0.5828315 0.57871 0.9853408 0.9816297 0 0.97316337 0.99056727 0.6294973 0.63019204 0.5698927 0.56903803 0.6228142 0.62304366 0.56882447 0.57010657 0.6046809 0.56754464 1.000751 0.9898184 0.6015522 0.9853408 0.61256033 0.9842255
0.9611805 0.44042012 0.45257127 0.43970087 0.43790576 0.22299634 0.9779369 1.0022715 0.98645765 0.96479154 0.9593815 0.97316337 0 0.10226581 1.018426 1.0246727 0.97720057 0.9775687 1.0211525 1.0203725 0.9662408 0.96769285 0.99545324 0.96479154 0.80646485 0.8038317 1.0118452 0.9626228 1.0041765 0.4398806
0.9709704 0.44384602 0.45678836 0.44060004 0.4398806 0.2255586 0.98645765 1.0160967 0.99923354 0.9666036 0.9637064 0.99056727 0.10226581 0 1.0266355 1.0325551 0.9783054 0.97867405 1.0215429 1.0227151 0.97316337 0.9764649 1.0064689 0.9746289 0.80500084 0.80910724 1.0110749 0.96010065 1.0223241 0.44132015
0.9958304 1.0266355 1.0341415 1.0353336 1.0103053 1.0266355 0.627186 0.62143886 0.6186958 1.0103053 1.0130024 0.6294973 1.018426 1.0266355 0 0.064168416 0.6244219 0.6276477 0.08068891 0.08068891 0.6205234 0.61915225 0.57719725 0.618924 1.0409217 1.0223241 0.4846977 1.0199828 0.32508987 1.0203725
1.001891 1.0361294 1.0449389 1.0473596 1.025065 1.0373245 0.6313514 0.62880313 0.6216679 1.0130024 1.0176488 0.63019204 1.0246727 1.0325551 0.064168416 0 0.6318157 0.63460726 0.0815803 0.08280771 0.6269553 0.62603307 0.5789264 0.6255724 1.0485728 1.0433295 0.48527044 1.0207624 0.32539845 1.0262426
0.9977191 1.0053219 1.0037951 1.0087683 0.98869646 0.98348296 0.3816207 0.3789641 0.3801252 0.9901927 0.9816297 0.5698927 0.97720057 0.9783054 0.6244219 0.6318157 0 0.030095844 0.62304366 0.62189704 0.06952519 0.0693058 0.61142963 0.06996417 1.0325551 1.0103053 0.6093986 0.97941184 0.61346614 0.98496884
0.9962078 1.0083846 0.99999183 1.0099207 0.9838541 0.98348296 0.38245285 0.3821199 0.38261938 0.99169195 0.98051995 0.56903803 0.9775687 0.97867405 0.6276477 0.63460726 0.030095844 0 0.62373245 0.6221262 0.07194278 0.07139264 0.6103006 0.07216294 1.0270288 1.0087683 0.6118817 0.9845971 0.6164175 0.9860852
0.990942 1.0377234 1.0389212 1.0469556 1.0246727 1.025065 0.62511194 0.61960906 0.61369276 1.000751 1.0049399 0.6228142 1.0211525 1.0215429 0.08068891 0.0815803 0.62304366 0.62373245 0 0.015866656 0.6180116 0.61687267 0.5713908 0.6164175 1.0405211 1.0266355 0.47483912 1.01069 0.31802738 1.0337447
0.9894442 1.036926 1.0353336 1.0441338 1.0203725 1.0219333 0.62373245 0.62075216 0.6155082 1.0015109 1.0087683 0.62304366 1.0203725 1.0227151 0.08068891 0.08280771 0.62189704 0.6221262 0.015866656 0 0.61778367 0.61664504 0.5709624 0.6161901 1.042526 1.0242808 0.47370988 1.0099207 0.32001656 1.033348
1.0037951 1.000751 0.9958304 1.01146 0.9838541 0.9801504 0.37730846 0.3758215 0.37730846 0.9709704 0.9698763 0.56882447 0.9662408 0.97316337 0.6205234 0.6269553 0.06952519 0.07194278 0.6180116 0.61778367 0 0.010979982 0.60894805 0.011589078 1.0262426 0.99999183 0.60647464 0.97720057 0.6130131 0.98125964
1.002652 1.0003713 0.9943229 1.0122308 0.98125964 0.98125964 0.37615168 0.3743375 0.37664723 0.9695119 0.9669665 0.57010657 0.96769285 0.9764649 0.61915225 0.62603307 0.0693058 0.07139264 0.61687267 0.61664504 0.010979982 0 0.6091733 0.007941901 1.0231062 1.0022715 0.60535306 0.9779369 0.61278665 0.9827411
1.0099207 1.0080011 1.0231062 1.025065 1.01069 1.0095364 0.6244219 0.62787867 0.6267246 1.01146 1.0087683 0.6046809 0.99545324 1.0064689 0.57719725 0.5789264 0.61142963 0.6103006 0.5713908 0.5709624 0.60894805 0.6091733 0 0.61052626 0.99357027 1.0110749 0.5519366 0.99923354 0.56626695 1.0130024
1.000751 0.99923354 0.9977191 1.01069 0.9816297 0.97499573 0.3776393 0.3753265 0.37730846 0.9691478 0.9658782 0.56754464 0.96479154 0.9746289 0.618924 0.6255724 0.06996417 0.07216294 0.6164175 0.6161901 0.011589078 0.007941901 0.61052626 0 1.0195932 0.99923354 0.6033384 0.97867405 0.61256033 0.9838541
0.9575869 0.8179831 0.82485974 0.81857854 0.8156059 0.8073446 1.0286036 1.033348 1.0341415 0.9590223 0.96841997 1.000751 0.80646485 0.80500084 1.0409217 1.0485728 1.0325551 1.0270288 1.0405211 1.042526 1.0262426 1.0231062 0.99357027 1.0195932 0 0.5018777 1.0223241 0.9497408 1.0141612 0.8082254
0.94867724 0.8079317 0.82395923 0.8094014 0.80353975 0.80617183 1.0160967 1.0072346 1.0242808 0.93847305 0.9342909 0.9898184 0.8038317 0.80910724 1.0223241 1.0433295 1.0103053 1.0087683 1.0266355 1.0242808 0.99999183 1.0022715 1.0110749 0.99923354 0.5018777 0 0.99885464 0.9346385 1.0087683 0.80324787
0.99056727 1.0068517 1.0133885 1.0254573 1.002652 1.015322 0.60669917 0.604457 0.60849774 1.000751 1.0080011 0.6015522 1.0118452 1.0110749 0.4846977 0.48527044 0.6093986 0.6118817 0.47483912 0.47370988 0.60647464 0.60535306 0.5519366 0.6033384 1.0223241 0.99885464 0 0.99961257 0.48660854 1.0137748
0.82485974 0.9370764 0.95508146 0.97170067 0.9709704 0.96334505 1.0053219 1.0015109 1.0030329 0.33894598 0.3340906 0.9853408 0.9626228 0.96010065 1.0199828 1.0207624 0.97941184 0.9845971 1.01069 1.0099207 0.97720057 0.9779369 0.99923354 0.97867405 0.9497408 0.9346385 0.99961257 0 1.0083846 0.9472615
0.98683035 1.0141612 1.0160967 1.0130024 1.0011308 1.0286036 0.6161901 0.61596274 0.60804766 1.0149349 1.0091523 0.61256033 1.0041765 1.0223241 0.32508987 0.32539845 0.61346614 0.6164175 0.31802738 0.32001656 0.6130131 0.61278665 0.56626695 0.61256033 1.0141612 1.0087683 0.48660854 1.0083846 0 0.99545324
0.9440858 0.332531 0.34525782 0.2868976 0.2830957 0.4366517 1.0049399 1.0199828 1.0172604 0.953297 0.94867724 0.9842255 0.4398806 0.44132015 1.0203725 1.0262426 0.98496884 0.9860852 1.0337447 1.033348 0.98125964 0.9827411 1.0130024 0.9838541 0.8082254 0.80324787 1.0137748 0.9472615 0.99545324 0
