0 1.018570667 1.032296567 1.043059367 0.970774197 0.981793007 1.000904667 1.019737367 1.018570667 1.010454067 1.000525197 0.804073117 0.994856267 0.974795607 0.979207417 0.992225317 0.995986607 0.891279967 0.892592867 1.004328467 1.003185367 1.007002267 0.961353767 1.007385067 0.898198507 0.920708617 0.998630767 0.994103637 0.985874167 0.991850217
1.018570667 0 0.288751507 0.292874837 1.019348267 0.849815337 0.863278417 0.406325187 0.406668837 1.030714967 1.028742967 1.006619667 0.788185767 0.782490937 0.784763667 0.788185767 0.791623497 0.999766907 0.999009337 0.789329907 0.788471607 1.040254167 1.045875067 1.041455067 1.000904667 1.028349067 0.870580067 0.856986427 1.025598367 1.017405767
1.032296567 0.288751507 0 0.278251647 1.032296567 0.857613227 0.852301867 0.394903207 0.396088447 1.035469467 1.051944767 1.009685667 0.775713767 0.780507967 0.788471607 0.777966067 0.771788567 1.011223367 1.008917967 0.775432727 0.775713767 1.065473467 1.035072067 1.065059967 0.993351727 1.025598367 0.857926867 0.851990567 1.018182167 1.026775967
1.043059367 0.292874837 0.278251647 0 1.023248467 0.859811267 0.868032297 0.399314997 0.399825717 1.042256867 1.041855867 1.005855267 0.783342367 0.777402367 0.787899937 0.785332967 0.782207337 1.017017867 1.013535767 0.787043297 0.786757967 1.044667167 1.038256767 1.044667167 1.006619667 1.043460967 0.867079107 0.850436167 1.026775967 1.024422467
0.970774197 1.019348267 1.032296567 1.023248467 0 0.989229827 1.004328467 1.010454067 1.007767967 0.239311167 0.236703417 0.975896167 1.025990667 0.993727567 1.001284367 1.023248467 1.020905867 0.994856267 0.992600667 1.007002267 1.007385067 0.492903767 0.729914667 0.491940367 0.984758867 0.994103637 1.013921867 0.973696737 0.364401787 0.314598107
0.981793007 0.849815337 0.857613227 0.859811267 0.989229827 0 0.194740967 0.866444317 0.867079107 0.989603607 0.995609667 0.992225317 0.855734317 0.859182617 0.858240627 0.859811267 0.849815337 0.974795607 0.975162267 0.842712127 0.841790517 0.992600667 1.005091467 0.993727567 0.980683767 0.995232867 0.580325807 0.444560137 0.991850217 0.989229827
1.000904667 0.863278417 0.852301867 0.868032297 1.004328467 0.194740967 0 0.868350267 0.865493167 0.997496467 1.006237367 1.000145937 0.855734317 0.856360107 0.861385267 0.855734317 0.850746767 0.965324907 0.968589667 0.842097607 0.842097607 1.007002267 1.012378567 1.008151067 0.968226217 0.984016327 0.581409767 0.452191017 1.012378567 0.998630767
1.019737367 0.406325187 0.394903207 0.399314997 1.010454067 0.866444317 0.868350267 0 0.165395197 1.030714967 1.035866967 0.998630767 0.791623497 0.771508967 0.779094717 0.794788627 0.794212167 1.015855367 1.016630067 0.781640437 0.780507967 1.029136967 1.039055167 1.030320167 1.000904667 1.028742967 0.869623627 0.858554507 1.021685867 0.994856267
1.018570667 0.406668837 0.396088447 0.399825717 1.007767967 0.867079107 0.865493167 0.165395197 0 1.029136967 1.029136967 1.002424367 0.784763667 0.775151767 0.780790867 0.788757567 0.788185767 1.010838667 1.010838667 0.781073967 0.781640437 1.042256867 1.037857867 1.042657967 1.003947267 1.031900767 0.863594367 0.862015807 1.025990667 1.012378567
1.010454067 1.030714967 1.035469467 1.042256867 0.239311167 0.989603607 0.997496467 1.030714967 1.029136967 0 0.115396757 0.972234037 1.024030867 0.995232867 0.993727567 1.016242667 1.017017867 0.998252467 0.995232867 1.011608267 1.010838667 0.496575967 0.738157967 0.495994947 0.980683767 0.995232867 1.015081367 0.974795607 0.363914607 0.313534817
1.000525197 1.028742967 1.051944767 1.041855867 0.236703417 0.995609667 1.006237367 1.035866967 1.029136967 0.115396757 0 0.986618567 1.038256767 1.004709867 1.004709867 1.032692367 1.031110067 0.997118737 0.993351727 1.017793767 1.017405767 0.496188567 0.727538317 0.495801387 0.981053317 0.993727567 1.010069767 0.976998267 0.366516527 0.318255167
0.804073117 1.006619667 1.009685667 1.005855267 0.975896167 0.992225317 1.000145937 0.998630767 1.002424367 0.972234037 0.986618567 0 0.982533367 0.988109617 0.989977567 0.979945207 0.984016327 0.886702797 0.883125927 0.986618567 0.984387467 0.988856217 0.964962967 0.991475367 0.901183267 0.917305667 1.010069767 0.991475367 0.982533367 0.976263367
0.994856267 0.788185767 0.775713767 0.783342367 1.025990667 0.855734317 0.855734317 0.791623497 0.784763667 1.024030867 1.038256767 0.982533367 0 0.559179567 0.567225967 0.0708269430000003 0.0714861920000003 0.977365967 0.981053317 0.123953537 0.123364332 1.029136967 1.027168867 1.030714967 1.000525197 1.030320167 0.868032297 0.831121767 1.024422467 1.039055167
0.974795607 0.782490937 0.780507967 0.777402367 0.993727567 0.859182617 0.856360107 0.771508967 0.775151767 0.995232867 1.004709867 0.988109617 0.559179567 0 0.0626349170000003 0.558968967 0.564463517 0.958837567 0.960993767 0.565949707 0.564675667 1.011993367 0.982163067 1.011993367 0.974062827 0.989977567 0.855109067 0.840257137 1.002424367 1.001664167
0.979207417 0.784763667 0.788471607 0.787899937 1.001284367 0.858240627 0.861385267 0.779094717 0.780790867 0.993727567 1.004709867 0.989977567 0.567225967 0.0626349170000003 0 0.568931007 0.572352737 0.963878417 0.965686967 0.575144437 0.574069467 1.024814167 0.993727567 1.025206067 0.971868767 1.005091467 0.863594367 0.837810127 1.001664167 1.005473267
0.992225317 0.788185767 0.777966067 0.785332967 1.023248467 0.859811267 0.855734317 0.794788627 0.788757567 1.016242667 1.032692367 0.979945207 0.0708269430000003 0.558968967 0.568931007 0 0.0439670970000003 0.979207417 0.981053317 0.121717017 0.121364487 1.025990667 1.013149867 1.027562167 1.009685667 1.022857467 0.859811267 0.831424497 1.018182167 1.029531167
0.995986607 0.791623497 0.771788567 0.782207337 1.020905867 0.849815337 0.850746767 0.794212167 0.788185767 1.017017867 1.031110067 0.984016327 0.0714861920000003 0.564463517 0.572352737 0.0439670970000003 0 0.975162267 0.978470267 0.121952127 0.121129557 1.028349067 1.018959367 1.029925567 1.004328467 1.023248467 0.858554507 0.830214367 1.018959367 1.029925567
0.891279967 0.999766907 1.011223367 1.017017867 0.994856267 0.974795607 0.965324907 1.015855367 1.010838667 0.998252467 0.997118737 0.886702797 0.977365967 0.958837567 0.963878417 0.979207417 0.975162267 0 0.0125287840000003 0.982163067 0.981793007 0.999388007 1.014308167 1.000904667 0.601639667 0.624036167 0.991100637 0.979576267 1.012764167 0.986246267
0.892592867 0.999009337 1.008917967 1.013535767 0.992600667 0.975162267 0.968589667 1.016630067 1.010838667 0.995232867 0.993351727 0.883125927 0.981053317 0.960993767 0.965686967 0.981053317 0.978470267 0.0125287840000003 0 0.985130467 0.985502207 0.996363767 1.008917967 0.997874407 0.602308567 0.622430407 0.992600667 0.978470267 1.008534467 0.981793007
1.004328467 0.789329907 0.775432727 0.787043297 1.007002267 0.842712127 0.842097607 0.781640437 0.781073967 1.011608267 1.017793767 0.986618567 0.123953537 0.565949707 0.575144437 0.121717017 0.121952127 0.982163067 0.985130467 0 0.00665830900000028 1.018182167 1.014308167 1.020516167 1.004328467 1.014694567 0.854172137 0.823293527 1.008534467 1.016242667
1.003185367 0.788471607 0.775713767 0.786757967 1.007385067 0.841790517 0.842097607 0.780507967 0.781640437 1.010838667 1.017405767 0.984387467 0.123364332 0.564675667 0.574069467 0.121364487 0.121129557 0.981793007 0.985502207 0.00665830900000028 0 1.021685867 1.015468267 1.024422467 1.003566267 1.016242667 0.857613227 0.822994067 1.008534467 1.016242667
1.007002267 1.040254167 1.065473467 1.044667167 0.492903767 0.992600667 1.007002267 1.029136967 1.042256867 0.496575967 0.496188567 0.988856217 1.029136967 1.011993367 1.024814167 1.025990667 1.028349067 0.999388007 0.996363767 1.018182167 1.021685867 0 0.726484567 0.00273660000000028 0.965324907 0.972965027 0.990726067 0.983274467 0.496575967 0.490785917
0.961353767 1.045875067 1.035072067 1.038256767 0.729914667 1.005091467 1.012378567 1.039055167 1.037857867 0.738157967 0.727538317 0.964962967 1.027168867 0.982163067 0.993727567 1.013149867 1.018959367 1.014308167 1.008917967 1.014308167 1.015468267 0.726484567 0 0.725958267 0.999766907 1.001284367 0.990351767 1.005855267 0.726484567 0.731503067
1.007385067 1.041455067 1.065059967 1.044667167 0.491940367 0.993727567 1.008151067 1.030320167 1.042657967 0.495994947 0.495801387 0.991475367 1.030714967 1.011993367 1.025206067 1.027562167 1.029925567 1.000904667 0.997874407 1.020516167 1.024422467 0.00273660000000028 0.725958267 0 0.965324907 0.973330767 0.992600667 0.984387467 0.496575967 0.490209397
0.898198507 1.000904667 0.993351727 1.006619667 0.984758867 0.980683767 0.968226217 1.000904667 1.003947267 0.980683767 0.981053317 0.901183267 1.000525197 0.974062827 0.971868767 1.009685667 1.004328467 0.601639667 0.602308567 1.004328467 1.003566267 0.965324907 0.999766907 0.965324907 0 0.611285367 0.997118737 0.977365967 0.994856267 0.983645267
0.920708617 1.028349067 1.025598367 1.043460967 0.994103637 0.995232867 0.984016327 1.028742967 1.031900767 0.995232867 0.993727567 0.917305667 1.030320167 0.989977567 1.005091467 1.022857467 1.023248467 0.624036167 0.622430407 1.014694567 1.016242667 0.972965027 1.001284367 0.973330767 0.611285367 0 1.002804867 1.009685667 0.997496467 0.997496467
0.998630767 0.870580067 0.857926867 0.867079107 1.013921867 0.580325807 0.581409767 0.869623627 0.863594367 1.015081367 1.010069767 1.010069767 0.868032297 0.855109067 0.863594367 0.859811267 0.858554507 0.991100637 0.992600667 0.854172137 0.857613227 0.990726067 0.990351767 0.992600667 0.997118737 1.002804867 0 0.573210617 1.018959367 0.998252467
0.994103637 0.856986427 0.851990567 0.850436167 0.973696737 0.444560137 0.452191017 0.858554507 0.862015807 0.974795607 0.976998267 0.991475367 0.831121767 0.840257137 0.837810127 0.831424497 0.830214367 0.979576267 0.978470267 0.823293527 0.822994067 0.983274467 1.005855267 0.984387467 0.977365967 1.009685667 0.573210617 0 0.978102067 0.978470267
0.985874167 1.025598367 1.018182167 1.026775967 0.364401787 0.991850217 1.012378567 1.021685867 1.025990667 0.363914607 0.366516527 0.982533367 1.024422467 1.002424367 1.001664167 1.018182167 1.018959367 1.012764167 1.008534467 1.008534467 1.008534467 0.496575967 0.726484567 0.496575967 0.994856267 0.997496467 1.018959367 0.978102067 0 0.357932027
0.991850217 1.017405767 1.026775967 1.024422467 0.314598107 0.989229827 0.998630767 0.994856267 1.012378567 0.313534817 0.318255167 0.976263367 1.039055167 1.001664167 1.005473267 1.029531167 1.029925567 0.986246267 0.981793007 1.016242667 1.016242667 0.490785917 0.731503067 0.490209397 0.983645267 0.997496467 0.998252467 0.978470267 0.357932027 0
