0 0.3717065 0.36810386 1.025065 1.0305767 1.0199828 0.9440858 1.0262426 0.9395222 0.94162506 1.0313674 0.99357027 1.0254573 1.0133885 1.0164845 0.93987226 0.94479036 1.0297868 1.0293922 1.0168724 1.0227151 1.0254573 1.0168724 1.0219333 1.0349361 1.0126165 1.0188149 0.9335961 1.0049399 1.0405211
0.3717065 0 0.14228158 0.98683035 1.0099207 0.9931942 0.93568236 0.99169195 0.92359364 0.92154074 0.9924427 0.9662408 0.9860852 0.9969631 0.9857129 0.9304776 0.931862 0.98907024 0.990942 1.0080011 1.0103053 0.98683035 0.9838541 0.9857129 0.99923354 1.0037951 1.0278157 0.92119914 0.98348296 0.99923354
0.36810386 0.14228158 0 0.9831119 1.0137748 1.0083846 0.9360306 1.0030329 0.9256522 0.9205164 0.9898184 0.9687838 0.98794943 1.0053219 0.9977191 0.931862 0.9353342 0.9958304 0.9946995 1.002652 1.0060863 0.99734104 0.9977191 0.9958304 1.0011308 0.99847597 1.0215429 0.9242792 0.9894442 1.0011308
1.025065 0.98683035 0.9831119 0 0.4087178 0.3979312 0.99056727 0.37203488 0.98125964 0.98051995 0.14470328 0.3962332 0.1465247 0.40065598 0.3981012 0.99658537 0.99885464 0.26550886 0.26893613 0.86337715 0.8668633 0.3738435 0.2326162 0.37351432 0.27338633 0.86148244 0.8621135 0.9939465 0.250696 0.25321466
1.0305767 1.0099207 1.0137748 0.4087178 0 0.12365598 1.0176488 0.40253505 1.0083846 1.0122308 0.40236402 0.30215135 0.40441883 0.12212453 0.12141876 1.0130024 1.019204 0.40321952 0.4028772 0.8887815 0.8904187 0.40168035 0.40544835 0.40150952 0.41252142 0.877098 0.87581104 1.0064689 0.40014434 0.40768382
1.0199828 0.9931942 1.0083846 0.3979312 0.12365598 0 1.0118452 0.39606363 0.99923354 1.0045581 0.39082533 0.30005974 0.39386246 0.094853 0.092926286 1.0060863 1.0095364 0.39538565 0.3970817 0.88682157 0.88943595 0.39538565 0.3970817 0.3950469 0.4087178 0.87324363 0.8751683 0.9962078 0.39183635 0.3967422
0.9440858 0.93568236 0.9360306 0.99056727 1.0176488 1.0118452 0 1.0076177 0.22542353 0.22812964 1.0003713 0.99545324 1.0060863 1.0160967 1.0095364 0.057660785 0.060907543 1.0030329 1.0015109 0.99357027 0.99847597 0.99847597 1.0099207 0.99847597 1.0003713 1.0157093 0.99281836 0.19446675 0.99169195 1.0015109
1.0262426 0.99169195 1.0030329 0.37203488 0.40253505 0.39606363 1.0076177 0 1.000751 1.002652 0.36257 0.39691195 0.36386842 0.39538565 0.39386246 1.0037951 1.005704 0.3776393 0.3781358 0.8751683 0.8790327 0.04885736 0.37137827 0.048110615 0.3794615 0.8662283 0.8649598 1.0015109 0.36273217 0.36696118
0.9395222 0.92359364 0.9256522 0.98125964 1.0083846 0.99923354 0.22542353 1.000751 0 0.036052816 0.98051995 0.9775687 0.98683035 0.99847597 0.9931942 0.22366977 0.2274522 0.98496884 0.9894442 0.97941184 0.98348296 0.9931942 0.98757625 0.9924427 0.99281836 0.98496884 0.9790429 0.22071119 0.9808897 0.9827411
0.94162506 0.92154074 0.9205164 0.98051995 1.0122308 1.0045581 0.22812964 1.002652 0.036052816 0 0.9779369 0.9779369 0.98645765 1.0041765 0.99961257 0.22623433 0.22935058 0.98645765 0.99169195 0.9753628 0.9801504 0.9958304 0.99131685 0.9943229 0.9920673 0.9831119 0.9768326 0.22474852 0.98051995 0.98683035
1.0313674 0.9924427 0.9898184 0.14470328 0.40236402 0.39082533 1.0003713 0.36257 0.98051995 0.9779369 0 0.3926799 0.034271218 0.3965725 0.39420068 1.0064689 1.0110749 0.25616384 0.25785428 0.8640098 0.86749893 0.36419335 0.2290791 0.36419335 0.26394325 0.8495923 0.847732 0.99131685 0.24429761 0.2473509
0.99357027 0.9662408 0.9687838 0.3962332 0.30215135 0.30005974 0.99545324 0.39691195 0.9775687 0.9779369 0.3926799 0 0.3965725 0.29871818 0.29723036 0.99545324 0.99885464 0.39844134 0.40099728 0.87581104 0.8800019 0.39555508 0.39912206 0.3950469 0.40596363 0.86813504 0.86909026 0.9969631 0.39521626 0.3979312
1.0254573 0.9860852 0.98794943 0.1465247 0.40441883 0.39386246 1.0060863 0.36386842 0.98683035 0.98645765 0.034271218 0.3965725 0 0.39895183 0.3965725 1.0099207 1.0149349 0.25968993 0.26039714 0.8668633 0.87100434 0.36516908 0.22989386 0.36516908 0.266935 0.853951 0.8508351 0.99357027 0.24665588 0.24874288
1.0133885 0.9969631 1.0053219 0.40065598 0.12212453 0.094853 1.0160967 0.39538565 0.99847597 1.0041765 0.3965725 0.29871818 0.39895183 0 0.029679582 1.0103053 1.0164845 0.39895183 0.4008266 0.88454145 0.8871479 0.39572456 0.40031484 0.39589408 0.40889028 0.8800019 0.87774235 0.9962078 0.39827126 0.40133873
1.0164845 0.9857129 0.9977191 0.3981012 0.12141876 0.092926286 1.0095364 0.39386246 0.9931942 0.99961257 0.39420068 0.29723036 0.3965725 0.029679582 0 1.0022715 1.0080011 0.39555508 0.3974214 0.8848668 0.8851922 0.39436984 0.39844134 0.39453906 0.40579182 0.8774201 0.87774235 0.9920673 0.39572456 0.39861146
0.93987226 0.9304776 0.931862 0.99658537 1.0130024 1.0060863 0.057660785 1.0037951 0.22366977 0.22623433 1.0064689 0.99545324 1.0099207 1.0103053 1.0022715 0 0.023772815 0.99545324 0.9943229 0.9842255 0.9894442 0.99281836 1.0118452 0.9924427 0.99999183 1.0149349 0.98869646 0.19175006 0.9898184 0.99847597
0.94479036 0.931862 0.9353342 0.99885464 1.019204 1.0095364 0.060907543 1.005704 0.2274522 0.22935058 1.0110749 0.99885464 1.0149349 1.0164845 1.0080011 0.023772815 0 1.0011308 1.0003713 0.9842255 0.98907024 0.9939465 1.0207624 0.9939465 1.005704 1.0122308 0.9838541 0.19550428 0.99658537 1.0003713
1.0297868 0.98907024 0.9958304 0.26550886 0.40321952 0.39538565 1.0030329 0.3776393 0.98496884 0.98645765 0.25616384 0.39844134 0.25968993 0.39895183 0.39555508 0.99545324 1.0011308 0 0.022844406 0.8726031 0.8751683 0.37730846 0.26351684 0.3768125 0.21937022 0.8530148 0.8621135 1.0072346 0.26309067 0.26864994
1.0293922 0.990942 0.9946995 0.26893613 0.4028772 0.3970817 1.0015109 0.3781358 0.9894442 0.99169195 0.25785428 0.40099728 0.26039714 0.4008266 0.3974214 0.9943229 1.0003713 0.022844406 0 0.8729233 0.87356406 0.37780476 0.2653664 0.3776393 0.22071119 0.8514572 0.8602219 1.0133885 0.26408544 0.26936567
1.0168724 1.0080011 1.002652 0.86337715 0.8887815 0.88682157 0.99357027 0.8751683 0.97941184 0.9753628 0.8640098 0.87581104 0.8668633 0.88454145 0.8848668 0.9842255 0.9842255 0.8726031 0.8729233 0 0.01801463 0.87484723 0.8523914 0.87581104 0.87645423 0.30409884 0.30605137 0.98757625 0.85802114 0.864643
1.0227151 1.0103053 1.0060863 0.8668633 0.8904187 0.88943595 0.99847597 0.8790327 0.98348296 0.9801504 0.86749893 0.8800019 0.87100434 0.8871479 0.8851922 0.9894442 0.98907024 0.8751683 0.87356406 0.01801463 0 0.8787099 0.8592779 0.8793556 0.8787099 0.30499938 0.30710486 0.9920673 0.8592779 0.86718106
1.0254573 0.98683035 0.99734104 0.3738435 0.40168035 0.39538565 0.99847597 0.04885736 0.9931942 0.9958304 0.36419335 0.39555508 0.36516908 0.39572456 0.39436984 0.99281836 0.9939465 0.37730846 0.37780476 0.87484723 0.8787099 0 0.36924827 0.0050167413 0.38045728 0.8567664 0.85864925 0.99658537 0.36451846 0.3690847
1.0168724 0.9838541 0.9977191 0.2326162 0.40544835 0.3970817 1.0099207 0.37137827 0.98757625 0.99131685 0.2290791 0.39912206 0.22989386 0.40031484 0.39844134 1.0118452 1.0207624 0.26351684 0.2653664 0.8523914 0.8592779 0.36924827 0 0.3685941 0.26850688 0.8499028 0.847732 1.001891 0.24818578 0.2520942
1.0219333 0.9857129 0.9958304 0.37351432 0.40150952 0.3950469 0.99847597 0.048110615 0.9924427 0.9943229 0.36419335 0.3950469 0.36516908 0.39589408 0.39453906 0.9924427 0.9939465 0.3768125 0.3776393 0.87581104 0.8793556 0.0050167413 0.3685941 0 0.38045728 0.85645306 0.85864925 0.99545324 0.36419335 0.3690847
1.0349361 0.99923354 1.0011308 0.27338633 0.41252142 0.4087178 1.0003713 0.3794615 0.99281836 0.9920673 0.26394325 0.40596363 0.266935 0.40889028 0.40579182 0.99999183 1.005704 0.21937022 0.22071119 0.87645423 0.8787099 0.38045728 0.26850688 0.38045728 0 0.8716434 0.87677604 1.0037951 0.2643699 0.2738184
1.0126165 1.0037951 0.99847597 0.86148244 0.877098 0.87324363 1.0157093 0.8662283 0.98496884 0.9831119 0.8495923 0.86813504 0.853951 0.8800019 0.8774201 1.0149349 1.0122308 0.8530148 0.8514572 0.30409884 0.30499938 0.8567664 0.8499028 0.85645306 0.8716434 0 0.18634602 1.0080011 0.8545757 0.8573935
1.0188149 1.0278157 1.0215429 0.8621135 0.87581104 0.8751683 0.99281836 0.8649598 0.9790429 0.9768326 0.847732 0.86909026 0.8508351 0.87774235 0.87774235 0.98869646 0.9838541 0.8621135 0.8602219 0.30605137 0.30710486 0.85864925 0.847732 0.85864925 0.87677604 0.18634602 0 1.0022715 0.84649444 0.8621135
0.9335961 0.92119914 0.9242792 0.9939465 1.0064689 0.9962078 0.19446675 1.0015109 0.22071119 0.22474852 0.99131685 0.9969631 0.99357027 0.9962078 0.9920673 0.19175006 0.19550428 1.0072346 1.0133885 0.98757625 0.9920673 0.99658537 1.001891 0.99545324 1.0037951 1.0080011 1.0022715 0 0.9977191 0.9950763
1.0049399 0.98348296 0.9894442 0.250696 0.40014434 0.39183635 0.99169195 0.36273217 0.9808897 0.98051995 0.24429761 0.39521626 0.24665588 0.39827126 0.39572456 0.9898184 0.99658537 0.26309067 0.26408544 0.85802114 0.8592779 0.36451846 0.24818578 0.36419335 0.2643699 0.8545757 0.84649444 0.9977191 0 0.1577939
1.0405211 0.99923354 1.0011308 0.25321466 0.40768382 0.3967422 1.0015109 0.36696118 0.9827411 0.98683035 0.2473509 0.3979312 0.24874288 0.40133873 0.39861146 0.99847597 1.0003713 0.26864994 0.26936567 0.864643 0.86718106 0.3690847 0.2520942 0.3690847 0.2738184 0.8573935 0.8621135 0.9950763 0.1577939 0
