0 0.63881415 0.9898184 0.9287507 0.98125964 0.96479154 0.9402225 1.0015109 0.9958304 0.9568702 0.9391723 0.97978103 0.9402225 0.932902 0.9374253 0.9838541 0.98496884 0.9522284 0.9572284 0.9476152 0.9479691 0.936379 0.95258445 0.9346385 0.9980974 1.005704 0.93847305 0.959741 0.9522284 0.6421026
0.63881415 0 1.0223241 0.9709704 1.0282096 0.9764649 0.99545324 1.0180373 1.019204 0.9775687 0.96769285 1.0199828 0.97499573 0.9666036 0.9738958 1.0022715 0.9969631 0.9698763 0.9713354 0.97941184 0.97941184 0.97573 0.9831119 0.97720057 1.0337447 1.0215429 0.9738958 0.9894442 0.9898184 0.26053867
0.9898184 1.0223241 0 0.9977191 0.20162888 1.0022715 0.99545324 0.20149805 0.19914696 1.0137748 1.0083846 0.496818 0.9924427 0.9872032 1.0037951 0.36046484 0.3588495 0.9946995 0.99999183 0.99545324 0.99961257 1.0053219 1.0091523 1.0068517 0.38462073 0.34795654 1.0164845 1.0137748 0.99885464 1.0157093
0.9287507 0.9709704 0.9977191 0 1.0034139 0.4999276 0.496818 0.9980974 0.9920673 0.18148997 0.18314771 1.002652 0.49488103 0.49006033 0.50070703 0.9845971 0.9838541 0.49256322 0.49121448 0.4923704 0.49372122 0.5010971 0.4923704 0.502073 1.0015109 0.9946995 0.5024637 0.496818 0.4917922 0.95866317
0.98125964 1.0282096 0.20162888 1.0034139 0 0.9962078 1.0060863 0.17099145 0.16961105 1.0168724 1.0118452 0.48546144 1.0041765 0.99847597 1.0041765 0.35322306 0.3541846 0.990942 0.9939465 1.0068517 1.0072346 1.0034139 1.0034139 1.005704 0.37549147 0.34036154 1.0270288 1.0118452 0.99056727 1.0234975
0.96479154 0.9764649 1.0022715 0.4999276 0.9962078 0 0.47634742 1.0045581 0.9894442 0.4958489 0.4935281 1.0030329 0.48241112 0.48241112 0.20833181 0.98496884 0.98794943 0.11825097 0.11743188 0.47352183 0.4752159 0.2089922 0.35370368 0.20952092 0.98832285 1.0068517 0.4841254 0.38045728 0.3816207 0.9662408
0.9402225 0.99545324 0.99545324 0.496818 1.0060863 0.47634742 0 1.0080011 0.990942 0.50815225 0.50129217 1.002652 0.11825097 0.12012657 0.4746508 0.98645765 0.99169195 0.47653615 0.4771027 0.09849323 0.099977136 0.47427428 0.4822209 0.47427428 0.98907024 0.99847597 0.29589388 0.48051092 0.48051092 0.97978103
1.0015109 1.0180373 0.20149805 0.9980974 0.17099145 1.0045581 1.0080011 0 0.07691224 1.0160967 1.005704 0.48641723 0.99885464 0.99847597 1.0149349 0.35498682 0.35482633 1.002652 1.0060863 1.0015109 1.0045581 1.018426 1.0172604 1.0199828 0.37962735 0.34130672 1.0141612 1.0072346 0.9939465 1.0203725
0.9958304 1.019204 0.19914696 0.9920673 0.16961105 0.9894442 0.990942 0.07691224 0 1.0083846 1.0011308 0.47861555 0.98757625 0.9827411 1.001891 0.34986734 0.35066497 0.9853408 0.99056727 0.98794943 0.9894442 1.0011308 0.9924427 1.000751 0.37714309 0.3350279 1.0049399 0.990942 0.9842255 1.0258498
0.9568702 0.9775687 1.0137748 0.18148997 1.0168724 0.4958489 0.50815225 1.0160967 1.0083846 0 0.06514945 1.0091523 0.4999276 0.497012 0.4958489 0.9931942 0.9924427 0.4956552 0.49372122 0.5005121 0.5024637 0.49740008 0.49973288 0.49934357 1.0068517 1.0080011 0.5050084 0.49934357 0.49082956 0.96226203
0.9391723 0.96769285 1.0083846 0.18314771 1.0118452 0.4935281 0.50129217 1.005704 1.0011308 0.06514945 0 1.0091523 0.49914902 0.49333504 0.4939144 0.98907024 0.99169195 0.49256322 0.4919849 0.4927561 0.49623638 0.49643022 0.4995382 0.49914902 0.99961257 1.0053219 0.50598943 0.497012 0.4919849 0.9472615
0.97978103 1.0199828 0.496818 1.002652 0.48546144 1.0030329 1.002652 0.48641723 0.47861555 1.0091523 1.0091523 0 0.98757625 0.98794943 1.0083846 0.46790242 0.4718316 0.9901927 0.98907024 0.98907024 0.9939465 1.0099207 1.01146 1.01069 0.4921776 0.4917922 0.9872032 1.0080011 0.99999183 1.0157093
0.9402225 0.97499573 0.9924427 0.49488103 1.0041765 0.48241112 0.11825097 0.99885464 0.98757625 0.4999276 0.49914902 0.98757625 0 0.05712102 0.48603475 0.97573 0.9768326 0.48089057 0.48184055 0.11369879 0.11602979 0.4843161 0.4829821 0.48641723 0.9831119 0.9831119 0.2993141 0.4846977 0.47842628 0.9583042
0.932902 0.9666036 0.9872032 0.49006033 0.99847597 0.48241112 0.12012657 0.99847597 0.9827411 0.497012 0.49333504 0.98794943 0.05712102 0 0.48279172 0.97609735 0.9783054 0.4788049 0.47994182 0.11649686 0.11813391 0.483363 0.48051092 0.48527044 0.98907024 0.9746289 0.30035818 0.4829821 0.47842628 0.94620144
0.9374253 0.9738958 1.0037951 0.50070703 1.0041765 0.20833181 0.4746508 1.0149349 1.001891 0.4958489 0.4939144 1.0083846 0.48603475 0.48279172 0 0.99169195 0.99658537 0.20530151 0.20385654 0.4723946 0.47483912 0.04949802 0.34986734 0.049177624 0.9962078 1.0068517 0.4841254 0.3723634 0.37483186 0.96479154
0.9838541 1.0022715 0.36046484 0.9845971 0.35322306 0.98496884 0.98645765 0.35498682 0.34986734 0.9931942 0.98907024 0.46790242 0.97573 0.97609735 0.99169195 0 0.037838656 0.98645765 0.9894442 0.98125964 0.9853408 0.9950763 1.0037951 0.9943229 0.35258272 0.35675475 0.9901927 0.99658537 0.9831119 0.9969631
0.98496884 0.9969631 0.3588495 0.9838541 0.3541846 0.98794943 0.99169195 0.35482633 0.35066497 0.9924427 0.99169195 0.4718316 0.9768326 0.9783054 0.99658537 0.037838656 0 0.990942 0.9924427 0.9860852 0.99169195 1.001891 1.0041765 1.001891 0.3551474 0.36159766 0.9857129 1.002652 0.98757625 0.9939465
0.9522284 0.9698763 0.9946995 0.49256322 0.990942 0.11825097 0.47653615 1.002652 0.9853408 0.4956552 0.49256322 0.9901927 0.48089057 0.4788049 0.20530151 0.98645765 0.990942 0 0.017195629 0.47427428 0.47804788 0.20425035 0.35322306 0.20490715 0.9860852 0.99734104 0.48165047 0.37912986 0.38078952 0.9611805
0.9572284 0.9713354 0.99999183 0.49121448 0.9939465 0.11743188 0.4771027 1.0060863 0.99056727 0.49372122 0.4919849 0.98907024 0.48184055 0.47994182 0.20385654 0.9894442 0.9924427 0.017195629 0 0.47502747 0.4788049 0.20346294 0.35290283 0.20411906 0.990942 0.99658537 0.48165047 0.37863266 0.38112187 0.9662408
0.9476152 0.97941184 0.99545324 0.4923704 1.0068517 0.47352183 0.09849323 1.0015109 0.98794943 0.5005121 0.4927561 0.98907024 0.11369879 0.11649686 0.4723946 0.98125964 0.9860852 0.47427428 0.47502747 0 0.01535614 0.47370988 0.47937313 0.4740861 0.99056727 0.99169195 0.29352373 0.47540435 0.4744625 0.9673296
0.9479691 0.97941184 0.99961257 0.49372122 1.0072346 0.4752159 0.099977136 1.0045581 0.9894442 0.5024637 0.49623638 0.9939465 0.11602979 0.11813391 0.47483912 0.9853408 0.99169195 0.47804788 0.4788049 0.01535614 0 0.47597006 0.48051092 0.47653615 0.99734104 0.9939465 0.29470786 0.47729164 0.47748062 0.9709704
0.936379 0.97573 1.0053219 0.5010971 1.0034139 0.2089922 0.47427428 1.018426 1.0011308 0.49740008 0.49643022 1.0099207 0.4843161 0.483363 0.04949802 0.9950763 1.001891 0.20425035 0.20346294 0.47370988 0.47597006 0 0.35034582 0.011081465 1.001891 1.0091523 0.4822209 0.36924827 0.37302083 0.9651536
0.95258445 0.9831119 1.0091523 0.4923704 1.0034139 0.35370368 0.4822209 1.0172604 0.9924427 0.49973288 0.4995382 1.01146 0.4829821 0.48051092 0.34986734 1.0037951 1.0041765 0.35322306 0.35290283 0.47937313 0.48051092 0.35034582 0 0.35098425 0.9969631 1.0126165 0.47842628 0.3736789 0.37105018 0.96479154
0.9346385 0.97720057 1.0068517 0.502073 1.005704 0.20952092 0.47427428 1.0199828 1.000751 0.49934357 0.49914902 1.01069 0.48641723 0.48527044 0.049177624 0.9943229 1.001891 0.20490715 0.20411906 0.4740861 0.47653615 0.011081465 0.35098425 0 0.9962078 1.01146 0.4856525 0.37072223 0.3733498 0.9637064
0.9980974 1.0337447 0.38462073 1.0015109 0.37549147 0.98832285 0.98907024 0.37962735 0.37714309 1.0068517 0.99961257 0.4921776 0.9831119 0.98907024 0.9962078 0.35258272 0.3551474 0.9860852 0.990942 0.99056727 0.99734104 1.001891 0.9969631 0.9962078 0 0.37962735 1.0118452 0.9969631 0.9853408 1.018426
1.005704 1.0215429 0.34795654 0.9946995 0.34036154 1.0068517 0.99847597 0.34130672 0.3350279 1.0080011 1.0053219 0.4917922 0.9831119 0.9746289 1.0068517 0.35675475 0.36159766 0.99734104 0.99658537 0.99169195 0.9939465 1.0091523 1.0126165 1.01146 0.37962735 0 1.0141612 1.0091523 0.990942 1.0099207
0.93847305 0.9738958 1.0164845 0.5024637 1.0270288 0.4841254 0.29589388 1.0141612 1.0049399 0.5050084 0.50598943 0.9872032 0.2993141 0.30035818 0.4841254 0.9901927 0.9857129 0.48165047 0.48165047 0.29352373 0.29470786 0.4822209 0.47842628 0.4856525 1.0118452 1.0141612 0 0.487949 0.4822209 0.95615417
0.959741 0.9894442 1.0137748 0.496818 1.0118452 0.38045728 0.48051092 1.0072346 0.990942 0.49934357 0.497012 1.0080011 0.4846977 0.4829821 0.3723634 0.99658537 1.002652 0.37912986 0.37863266 0.47540435 0.47729164 0.36924827 0.3736789 0.37072223 0.9969631 1.0091523 0.487949 0 0.26936567 0.97867405
0.9522284 0.9898184 0.99885464 0.4917922 0.99056727 0.3816207 0.48051092 0.9939465 0.9842255 0.49082956 0.4919849 0.99999183 0.47842628 0.47842628 0.37483186 0.9831119 0.98757625 0.38078952 0.38112187 0.4744625 0.47748062 0.37302083 0.37105018 0.3733498 0.9853408 0.990942 0.4822209 0.26936567 0 0.9658782
0.6421026 0.26053867 1.0157093 0.95866317 1.0234975 0.9662408 0.97978103 1.0203725 1.0258498 0.96226203 0.9472615 1.0157093 0.9583042 0.94620144 0.96479154 0.9969631 0.9939465 0.9611805 0.9662408 0.9673296 0.9709704 0.9651536 0.96479154 0.9637064 1.018426 1.0099207 0.95615417 0.97867405 0.9658782 0
