0 0.9838541 0.9827411 0.9565121 0.98237044 0.98496884 0.9857129 0.9644296 0.9419761 1.0227151 0.96769285 0.9698763 0.96406794 0.93812364 0.9430302 0.98683035 0.9860852 0.99885464 0.9962078 0.9540103 0.9572284 1.0118452 0.990942 1.0064689 1.0087683 0.95258445 0.95258445 0.9543672 0.9405729 0.96010065
0.9838541 0 0.9608204 1.0037951 0.97206604 0.35306293 0.34747958 0.9939465 0.97573 0.54095423 1.0049399 0.9391723 0.9958304 0.9808897 0.98237044 0.28543305 0.28543305 0.9504507 0.95472425 0.98794943 0.98645765 0.5397211 0.53094184 0.5386949 0.45092753 0.9962078 1.0118452 0.99961257 1.001891 1.001891
0.9827411 0.9608204 0 1.0091523 0.27338633 0.92154074 0.9370764 0.99885464 0.9939465 0.9500957 1.0080011 0.6232732 0.99545324 0.9958304 0.9857129 0.94267863 0.94092345 0.26879302 0.2690793 0.98757625 0.9857129 0.95294064 0.94162506 0.953297 0.9575869 0.9931942 1.002652 0.99056727 1.005704 0.9969631
0.9565121 1.0037951 1.0091523 0 1.0034139 0.9943229 0.9969631 0.25884217 0.4366517 1.01146 0.2638011 0.98869646 0.25940725 0.44402677 0.43916187 0.99169195 0.98496884 1.0103053 1.0072346 0.34605056 0.3454163 1.01069 1.0122308 1.01146 0.98832285 0.62075216 0.61369276 0.40253505 0.44096002 0.2888058
0.98237044 0.97206604 0.27338633 1.0034139 0 0.9543672 0.96479154 0.9894442 0.97941184 0.97426224 0.99734104 0.6315835 0.9838541 0.99169195 0.9860852 0.9583042 0.95472425 0.24665588 0.24707282 0.98051995 0.9831119 0.9698763 0.9433819 0.9687838 0.97720057 0.99056727 0.9860852 0.98757625 0.98869646 0.99131685
0.98496884 0.35306293 0.92154074 0.9943229 0.9543672 0 0.21071193 0.9845971 0.9808897 0.5346044 0.9946995 0.9256522 0.9842255 0.982 0.9838541 0.3541846 0.35691568 0.927372 0.929441 0.982 0.98496884 0.5380799 0.53094184 0.5376702 0.4522057 0.9860852 0.9768326 0.9827411 0.99734104 0.99545324
0.9857129 0.34747958 0.9370764 0.9969631 0.96479154 0.21071193 0 0.9838541 0.9857129 0.53094184 0.99357027 0.93082345 0.98832285 0.98794943 0.9920673 0.34891135 0.34907058 0.94092345 0.94620144 0.9950763 0.9931942 0.5346044 0.5346044 0.5346044 0.44837776 1.0030329 0.99658537 0.9939465 1.0045581 0.99847597
0.9644296 0.9939465 0.99885464 0.25884217 0.9894442 0.9845971 0.9838541 0 0.42952576 0.98794943 0.17363384 0.98125964 0.1671077 0.42846268 0.42863977 0.99545324 0.9853408 0.9924427 0.9894442 0.33816072 0.33565342 0.9958304 0.9901927 0.9958304 0.9738958 0.610752 0.6037857 0.38746512 0.43736804 0.27583802
0.9419761 0.97573 0.9939465 0.4366517 0.97941184 0.9808897 0.9857129 0.42952576 0 0.99281836 0.4393415 0.9651536 0.43147868 0.12815055 0.12732059 0.98125964 0.9666036 0.98237044 0.97499573 0.43325844 0.43023533 0.9946995 0.9958304 0.9950763 0.9753628 0.610752 0.6130131 0.43593606 0.2920462 0.4254588
1.0227151 0.54095423 0.9500957 1.01146 0.97426224 0.5346044 0.53094184 0.98794943 0.99281836 0 1.014548 0.9335961 1.0064689 1.0022715 0.99885464 0.5428079 0.5446661 0.9568702 0.9554389 1.0037951 1.0037951 0.12212453 0.493142 0.122006856 0.5354207 0.98907024 1.0034139 1.0164845 1.0126165 1.0083846
0.96769285 1.0049399 1.0080011 0.2638011 0.99734104 0.9946995 0.99357027 0.17363384 0.4393415 1.014548 0 0.9801504 0.099520236 0.442582 0.442582 0.99961257 0.9924427 0.99999183 0.9946995 0.3484338 0.3441494 1.0199828 0.99734104 1.0211525 0.97978103 0.620981 0.6109778 0.40014434 0.4389823 0.2858721
0.9698763 0.9391723 0.6232732 0.98869646 0.6315835 0.9256522 0.93082345 0.98125964 0.9651536 0.9335961 0.9801504 0 0.97426224 0.96298385 0.97243166 0.93082345 0.9259958 0.6202947 0.617328 0.9779369 0.9790429 0.9322085 0.9232511 0.93116945 0.9229087 0.9662408 0.97170067 0.9764649 0.96841997 0.9894442
0.96406794 0.9958304 0.99545324 0.25940725 0.9838541 0.9842255 0.98832285 0.1671077 0.43147868 1.0064689 0.099520236 0.97426224 0 0.43147868 0.42917123 0.9838541 0.9764649 0.9831119 0.9838541 0.33957478 0.33847472 1.0095364 0.98907024 1.0103053 0.98051995 0.61142963 0.60849774 0.39166775 0.43254602 0.27670524
0.93812364 0.9808897 0.9958304 0.44402677 0.99169195 0.982 0.98794943 0.42846268 0.12815055 1.0022715 0.442582 0.96298385 0.43147868 0 0.078354016 0.9958304 0.9801504 0.9827411 0.97573 0.4398806 0.43880278 1.0045581 1.0003713 1.0060863 0.990942 0.60894805 0.6093986 0.44330403 0.2950042 0.42793173
0.9430302 0.98237044 0.9857129 0.43916187 0.9860852 0.9838541 0.9920673 0.42863977 0.12732059 0.99885464 0.442582 0.97243166 0.42917123 0.078354016 0 0.990942 0.97867405 0.9827411 0.9738958 0.44222128 0.44150028 0.9950763 0.99545324 0.99658537 0.990942 0.61346614 0.610075 0.4362938 0.29619068 0.42563516
0.98683035 0.28543305 0.94267863 0.99169195 0.9583042 0.3541846 0.34891135 0.99545324 0.98125964 0.5428079 0.99961257 0.93082345 0.9838541 0.9958304 0.990942 0 0.051316205 0.9540103 0.9497408 0.99056727 0.99281836 0.54013187 0.52367 0.54116 0.45440188 0.9853408 0.9901927 1.0080011 1.0015109 1.0022715
0.9860852 0.28543305 0.94092345 0.98496884 0.95472425 0.35691568 0.34907058 0.9853408 0.9666036 0.5446661 0.9924427 0.9259958 0.9764649 0.9801504 0.97867405 0.051316205 0 0.9483231 0.94127417 0.98237044 0.9838541 0.5407486 0.5250785 0.5419835 0.45440188 0.9845971 0.99281836 0.99885464 0.9853408 0.99961257
0.99885464 0.9504507 0.26879302 1.0103053 0.24665588 0.927372 0.94092345 0.9924427 0.98237044 0.9568702 0.99999183 0.6202947 0.9831119 0.9827411 0.9827411 0.9540103 0.9483231 0 0.029991755 0.97978103 0.97978103 0.9626228 0.9353342 0.96190137 0.9565121 0.99734104 1.0060863 0.9783054 0.99131685 0.99131685
0.9962078 0.95472425 0.2690793 1.0072346 0.24707282 0.929441 0.94620144 0.9894442 0.97499573 0.9554389 0.9946995 0.617328 0.9838541 0.97573 0.9738958 0.9497408 0.94127417 0.029991755 0 0.982 0.982 0.9583042 0.93082345 0.9572284 0.9572284 0.9946995 0.99734104 0.97316337 0.9872032 0.9860852
0.9540103 0.98794943 0.98757625 0.34605056 0.98051995 0.982 0.9950763 0.33816072 0.43325844 1.0037951 0.3484338 0.9779369 0.33957478 0.4398806 0.44222128 0.99056727 0.98237044 0.97978103 0.982 0 0.022535192 1.0049399 1.0172604 1.0060863 0.9687838 0.6103006 0.60894805 0.39997387 0.43539977 0.34146434
0.9572284 0.98645765 0.9857129 0.3454163 0.9831119 0.98496884 0.9931942 0.33565342 0.43023533 1.0037951 0.3441494 0.9790429 0.33847472 0.43880278 0.44150028 0.99281836 0.9838541 0.97978103 0.982 0.022535192 0 1.0095364 1.0168724 1.0099207 0.9709704 0.61052626 0.610075 0.3979312 0.43183428 0.33973208
1.0118452 0.5397211 0.95294064 1.01069 0.9698763 0.5380799 0.5346044 0.9958304 0.9946995 0.12212453 1.0199828 0.9322085 1.0095364 1.0045581 0.9950763 0.54013187 0.5407486 0.9626228 0.9583042 1.0049399 1.0095364 0 0.493142 0.00966197 0.5358292 0.9827411 1.0095364 1.0034139 1.0099207 1.0041765
0.990942 0.53094184 0.94162506 1.0122308 0.9433819 0.53094184 0.5346044 0.9901927 0.9958304 0.493142 0.99734104 0.9232511 0.98907024 1.0003713 0.99545324 0.52367 0.5250785 0.9353342 0.93082345 1.0172604 1.0168724 0.493142 0 0.49294904 0.52427334 0.9898184 1.000751 1.0199828 1.0353336 0.9962078
1.0064689 0.5386949 0.953297 1.01146 0.9687838 0.5376702 0.5346044 0.9958304 0.9950763 0.122006856 1.0211525 0.93116945 1.0103053 1.0060863 0.99658537 0.54116 0.5419835 0.96190137 0.9572284 1.0060863 1.0099207 0.00966197 0.49294904 0 0.5360335 0.9790429 1.0091523 1.0034139 1.0110749 1.0034139
1.0087683 0.45092753 0.9575869 0.98832285 0.97720057 0.4522057 0.44837776 0.9738958 0.9753628 0.5354207 0.97978103 0.9229087 0.98051995 0.990942 0.990942 0.45440188 0.45440188 0.9565121 0.9572284 0.9687838 0.9709704 0.5358292 0.52427334 0.5360335 0 0.9857129 0.98757625 0.99999183 1.0130024 1.0037951
0.95258445 0.9962078 0.9931942 0.62075216 0.99056727 0.9860852 1.0030329 0.610752 0.610752 0.98907024 0.620981 0.9662408 0.61142963 0.60894805 0.61346614 0.9853408 0.9845971 0.99734104 0.9946995 0.6103006 0.61052626 0.9827411 0.9898184 0.9790429 0.9857129 0 0.38228634 0.6130131 0.6171003 0.6155082
0.95258445 1.0118452 1.002652 0.61369276 0.9860852 0.9768326 0.99658537 0.6037857 0.6130131 1.0034139 0.6109778 0.97170067 0.60849774 0.6093986 0.610075 0.9901927 0.99281836 1.0060863 0.99734104 0.60894805 0.610075 1.0095364 1.000751 1.0091523 0.98757625 0.38228634 0 0.6118817 0.6184676 0.614373
0.9543672 0.99961257 0.99056727 0.40253505 0.98757625 0.9827411 0.9939465 0.38746512 0.43593606 1.0164845 0.40014434 0.9764649 0.39166775 0.44330403 0.4362938 1.0080011 0.99885464 0.9783054 0.97316337 0.39997387 0.3979312 1.0034139 1.0199828 1.0034139 0.99999183 0.6130131 0.6118817 0 0.4258116 0.39555508
0.9405729 1.001891 1.005704 0.44096002 0.98869646 0.99734104 1.0045581 0.43736804 0.2920462 1.0126165 0.4389823 0.96841997 0.43254602 0.2950042 0.29619068 1.0015109 0.9853408 0.99131685 0.9872032 0.43539977 0.43183428 1.0099207 1.0353336 1.0110749 1.0130024 0.6171003 0.6184676 0.4258116 0 0.43575725
0.96010065 1.001891 0.9969631 0.2888058 0.99131685 0.99545324 0.99847597 0.27583802 0.4254588 1.0083846 0.2858721 0.9894442 0.27670524 0.42793173 0.42563516 1.0022715 0.99961257 0.99131685 0.9860852 0.34146434 0.33973208 1.0041765 0.9962078 1.0034139 1.0037951 0.6155082 0.614373 0.39555508 0.43575725 0
