0 0.95472425 0.9557965 1.01069 0.95615417 0.9775687 1.0045581 0.99999183 0.97024083 0.93812364 0.95472425 0.99169195 0.9746289 1.0060863 1.0060863 0.94620144 0.9604604 1.0064689 1.01146 1.0003713 0.9950763 0.9939465 0.9808897 0.9977191 1.0103053 0.9969631 0.9872032 0.9673296 1.0160967 0.9655158
0.95472425 0 0.79743385 1.0045581 0.78994244 0.9783054 0.97978103 0.97573 0.80529344 0.67926043 0.6889701 0.9924427 0.80353975 0.9969631 0.9962078 0.7977235 0.8026644 0.98051995 0.98496884 1.0091523 1.0160967 0.96841997 0.99923354 0.9680563 1.0022715 1.0072346 0.9924427 0.7882242 1.0176488 0.39436984
0.9557965 0.79743385 0 0.9698763 0.36224574 0.97867405 0.98757625 0.9842255 0.38863948 0.77715075 0.78394586 0.98757625 0.3816207 0.9924427 0.99056727 0.37631682 0.3758215 0.9931942 1.0041765 1.0011308 1.0015109 0.99169195 1.014548 0.9980974 1.0199828 1.0297868 0.99056727 0.46678358 1.0095364 0.78879654
1.01069 1.0045581 0.9698763 0 0.9775687 0.3350279 0.9924427 0.9901927 0.99281836 1.0049399 1.0060863 0.85896355 1.0011308 0.8726031 0.87484723 0.98683035 0.9853408 0.990942 0.98907024 0.33299854 0.332531 0.982 0.8514572 0.9853408 0.8832416 0.86179787 0.8722831 0.9687838 1.0211525 1.0262426
0.95615417 0.78994244 0.36224574 0.9775687 0 0.97978103 0.98683035 0.9901927 0.27295452 0.78793824 0.80500084 0.9946995 0.2638011 0.9958304 0.98757625 0.26266474 0.2616718 0.98757625 0.9958304 0.9845971 0.9831119 0.9816297 0.99281836 0.9842255 0.99281836 1.0068517 0.99056727 0.45330298 1.001891 0.7867954
0.9775687 0.9783054 0.97867405 0.3350279 0.97978103 0 0.9842255 0.9894442 0.99281836 0.9713354 0.9746289 0.8495923 0.9958304 0.85332674 0.8542633 0.97978103 0.9816297 0.99545324 0.99545324 0.21602827 0.21429633 0.98348296 0.86337715 0.9872032 0.8621135 0.8602219 0.85959244 0.98125964 1.0064689 0.98869646
1.0045581 0.97978103 0.98757625 0.9924427 0.98683035 0.9842255 0 0.1918792 1.0164845 0.98907024 1.0015109 0.9753628 0.9977191 0.9943229 0.9958304 0.99847597 0.9969631 0.5546552 0.5573836 0.99658537 0.9924427 0.7734957 0.9706055 0.7734957 0.9950763 1.0072346 0.99281836 0.9939465 0.44150028 0.99281836
0.99999183 0.97573 0.9842255 0.9901927 0.9901927 0.9894442 0.1918792 0 1.0118452 0.98683035 0.99131685 0.9655158 0.9901927 0.9816297 0.9801504 0.9898184 0.9827411 0.5521454 0.55381763 0.9943229 0.99169195 0.7673504 0.9511613 0.7701374 0.9801504 0.9901927 0.9838541 0.9853408 0.43397155 0.9842255
0.97024083 0.80529344 0.38863948 0.99281836 0.27295452 0.99281836 1.0164845 1.0118452 0 0.8038317 0.81442016 1.0227151 0.21456252 1.0003713 1.0015109 0.2093887 0.2093887 1.0223241 1.0305767 1.0080011 1.0095364 1.0141612 1.0126165 1.0164845 1.0141612 1.0195932 1.0141612 0.47540435 1.032159 0.7977235
0.93812364 0.67926043 0.77715075 1.0049399 0.78793824 0.9713354 0.98907024 0.98683035 0.8038317 0 0.1042167 0.9827411 0.7896558 1.000751 0.9845971 0.7825251 0.78167397 0.97352946 0.9808897 1.0053219 0.9977191 1.0049399 0.9827411 1.001891 0.9962078 0.99169195 0.97978103 0.77856135 1.0003713 0.69122875
0.95472425 0.6889701 0.78394586 1.0060863 0.80500084 0.9746289 1.0015109 0.99131685 0.81442016 0.1042167 0 0.9808897 0.8111689 1.0095364 0.9939465 0.8014989 0.79888314 0.98832285 0.99734104 1.0095364 1.0053219 1.0141612 0.97867405 1.01146 0.99131685 0.99131685 0.97170067 0.791952 1.0068517 0.69148016
0.99169195 0.9924427 0.98757625 0.85896355 0.9946995 0.8495923 0.9753628 0.9655158 1.0227151 0.9827411 0.9808897 0 1.0160967 0.8803252 0.8793556 1.000751 0.9969631 0.99131685 0.99847597 0.8684533 0.85707986 0.99885464 0.7701374 0.9931942 0.8003352 0.76985824 0.78110707 0.99885464 0.9845971 1.019204
0.9746289 0.80353975 0.3816207 1.0011308 0.2638011 0.9958304 0.9977191 0.9901927 0.21456252 0.7896558 0.8111689 1.0160967 0 1.0095364 1.0080011 0.0939457 0.09417242 1.0041765 1.0164845 0.99923354 0.99923354 1.0030329 1.0053219 1.0064689 1.0064689 1.0076177 1.0041765 0.47653615 1.0203725 0.79425526
1.0060863 0.9969631 0.9924427 0.8726031 0.9958304 0.85332674 0.9943229 0.9816297 1.0003713 1.000751 1.0095364 0.8803252 1.0095364 0 0.077910095 0.99357027 0.98794943 0.99281836 0.9980974 0.8703658 0.86972773 1.0041765 0.86718106 1.0003713 0.8855178 0.8774201 0.86813504 0.97720057 1.0091523 0.99658537
1.0060863 0.9962078 0.99056727 0.87484723 0.98757625 0.8542633 0.9958304 0.9801504 1.0015109 0.9845971 0.9939465 0.8793556 1.0080011 0.077910095 0 0.98869646 0.9816297 0.9950763 0.9980974 0.8678169 0.8678169 1.0011308 0.8652767 0.99847597 0.87806475 0.8726031 0.8602219 0.9655158 1.0099207 0.98757625
0.94620144 0.7977235 0.37631682 0.98683035 0.26266474 0.97978103 0.99847597 0.9898184 0.2093887 0.7825251 0.8014989 1.000751 0.0939457 0.99357027 0.98869646 0 0.049070854 0.99999183 1.0137748 0.99281836 0.98869646 0.9950763 0.9931942 0.99885464 1.0003713 1.0049399 0.9853408 0.469958 1.01069 0.7945437
0.9604604 0.8026644 0.3758215 0.9853408 0.2616718 0.9816297 0.9969631 0.9827411 0.2093887 0.78167397 0.79888314 0.9969631 0.09417242 0.98794943 0.9816297 0.049070854 0 0.99847597 1.01069 0.9980974 0.99169195 1.002652 0.9931942 1.0053219 0.99847597 0.9962078 0.9872032 0.46790242 1.0087683 0.800626
1.0064689 0.98051995 0.9931942 0.990942 0.98757625 0.99545324 0.5546552 0.5521454 1.0223241 0.97352946 0.98832285 0.99131685 1.0041765 0.99281836 0.9950763 0.99999183 0.99847597 0 0.036472633 0.990942 0.98832285 0.78167397 0.98237044 0.7836615 1.0091523 1.0211525 1.0126165 0.9946995 0.55885684 1.0053219
1.01146 0.98496884 1.0041765 0.98907024 0.9958304 0.99545324 0.5573836 0.55381763 1.0305767 0.9808897 0.99734104 0.99847597 1.0164845 0.9980974 0.9980974 1.0137748 1.01069 0.036472633 0 0.9943229 0.9924427 0.78195757 0.98348296 0.78508437 1.0122308 1.0195932 1.0199828 0.99357027 0.56350607 1.0087683
1.0003713 1.0091523 1.0011308 0.33299854 0.9845971 0.21602827 0.99658537 0.9943229 1.0080011 1.0053219 1.0095364 0.8684533 0.99923354 0.8703658 0.8678169 0.99281836 0.9980974 0.990942 0.9943229 0 0.035004307 0.9901927 0.863061 0.9946995 0.8793556 0.86909026 0.8726031 0.990942 1.0133885 1.0130024
0.9950763 1.0160967 1.0015109 0.332531 0.9831119 0.21429633 0.9924427 0.99169195 1.0095364 0.9977191 1.0053219 0.85707986 0.99923354 0.86972773 0.8678169 0.98869646 0.99169195 0.98832285 0.9924427 0.035004307 0 0.99281836 0.8624292 0.9958304 0.877098 0.87324363 0.87645423 0.9924427 1.01146 1.0149349
0.9939465 0.96841997 0.99169195 0.982 0.9816297 0.98348296 0.7734957 0.7673504 1.0141612 1.0049399 1.0141612 0.99885464 1.0030329 1.0041765 1.0011308 0.9950763 1.002652 0.78167397 0.78195757 0.9901927 0.99281836 0 0.9958304 0.029991755 0.99885464 1.0118452 0.99847597 1.0118452 0.7822413 0.9706055
0.9808897 0.99923354 1.014548 0.8514572 0.99281836 0.86337715 0.9706055 0.9511613 1.0126165 0.9827411 0.97867405 0.7701374 1.0053219 0.86718106 0.8652767 0.9931942 0.9931942 0.98237044 0.98348296 0.863061 0.8624292 0.9958304 0 1.002652 0.58348435 0.58413774 0.56626695 1.0053219 0.9943229 0.9939465
0.9977191 0.9680563 0.9980974 0.9853408 0.9842255 0.9872032 0.7734957 0.7701374 1.0164845 1.001891 1.01146 0.9931942 1.0064689 1.0003713 0.99847597 0.99885464 1.0053219 0.7836615 0.78508437 0.9946995 0.9958304 0.029991755 1.002652 0 0.9962078 1.01069 1.0003713 1.0133885 0.7859394 0.97499573
1.0103053 1.0022715 1.0199828 0.8832416 0.99281836 0.8621135 0.9950763 0.9801504 1.0141612 0.9962078 0.99131685 0.8003352 1.0064689 0.8855178 0.87806475 1.0003713 0.99847597 1.0091523 1.0122308 0.8793556 0.877098 0.99885464 0.58348435 0.9962078 0 0.5384899 0.5204606 1.0223241 1.0141612 0.99357027
0.9969631 1.0072346 1.0297868 0.86179787 1.0068517 0.8602219 1.0072346 0.9901927 1.0195932 0.99169195 0.99131685 0.76985824 1.0076177 0.8774201 0.8726031 1.0049399 0.9962078 1.0211525 1.0195932 0.86909026 0.87324363 1.0118452 0.58413774 1.01069 0.5384899 0 0.52106136 1.0037951 1.0461482 0.99545324
0.9872032 0.9924427 0.99056727 0.8722831 0.99056727 0.85959244 0.99281836 0.9838541 1.0141612 0.97978103 0.97170067 0.78110707 1.0041765 0.86813504 0.8602219 0.9853408 0.9872032 1.0126165 1.0199828 0.8726031 0.87645423 0.99847597 0.56626695 1.0003713 0.5204606 0.52106136 0 0.99056727 1.0095364 0.99169195
0.9673296 0.7882242 0.46678358 0.9687838 0.45330298 0.98125964 0.9939465 0.9853408 0.47540435 0.77856135 0.791952 0.99885464 0.47653615 0.97720057 0.9655158 0.469958 0.46790242 0.9946995 0.99357027 0.990942 0.9924427 1.0118452 1.0053219 1.0133885 1.0223241 1.0037951 0.99056727 0 1.0301816 0.7885103
1.0160967 1.0176488 1.0095364 1.0211525 1.001891 1.0064689 0.44150028 0.43397155 1.032159 1.0003713 1.0068517 0.9845971 1.0203725 1.0091523 1.0099207 1.01069 1.0087683 0.55885684 0.56350607 1.0133885 1.01146 0.7822413 0.9943229 0.7859394 1.0141612 1.0461482 1.0095364 1.0301816 0 1.0160967
0.9655158 0.39436984 0.78879654 1.0262426 0.7867954 0.98869646 0.99281836 0.9842255 0.7977235 0.69122875 0.69148016 1.019204 0.79425526 0.99658537 0.98757625 0.7945437 0.800626 1.0053219 1.0087683 1.0130024 1.0149349 0.9706055 0.9939465 0.97499573 0.99357027 0.99545324 0.99169195 0.7885103 1.0160967 0
