0 1.0161488925 0.9769439925 1.0023447925 1.0034854925 1.0000686325 1.0023447925 0.9902842325 0.9843258925 0.9660055325 0.9773113425 1.0161488925 1.0111346925 0.9902842325 0.9970443925 1.0019649925 1.0038659925 1.0111346925 1.0073002925 1.0027248925 1.0031049925 0.9974217925 1.0069179925 0.9981770925 0.9929059425 0.9751097925 0.9944081925 0.9891634225 0.9899104525 1.0111346925
1.0161488925 0 0.9382903925 0.9872991925 0.9981770925 0.6099368625 0.6140006425 0.9993113925 1.0061538925 0.9858110925 0.9936566925 0.9018638925 0.9951604925 0.9372445925 0.9396870425 0.5956634525 0.5901608925 0.9940323525 0.9921559925 0.9396870425 0.9417868925 0.9951604925 0.9285859925 0.9955368925 0.5749649925 1.0004475325 0.9754762325 0.2444043925 0.9906581925 0.1930931925
0.9769439925 0.9382903925 0 0.9751097925 0.9813643925 0.9213892425 0.9248076325 1.0153751925 1.0188627925 0.9751097925 0.9828436925 0.9362002925 1.0215864925 0.1837236825 0.1828313525 0.9296197525 0.9258362325 1.0115192925 1.0119039925 0.1850002825 0.1844893825 0.9791508925 0.8582938525 0.9780465925 0.9316915925 0.9959134925 0.9869268925 0.9358524925 0.9678175925 0.9278975925
1.0023447925 0.9872991925 0.9751097925 0 0.1277055225 1.0130591925 1.0119039925 0.9966672325 0.9940323525 0.5569173925 0.5664178425 1.0004475325 1.0080656925 0.9872991925 1.0034854925 0.9754762325 0.9736456525 1.0034854925 1.0069179925 0.9996899625 0.9989330925 0.2843096925 0.9828436925 0.2840179925 0.9951604925 0.9947842625 0.2934078225 1.0235380925 0.2274483225 0.9985550325
1.0034854925 0.9981770925 0.9813643925 0.1277055225 0 1.0278494925 1.0282427925 0.9947842625 0.9974217925 0.5569173925 0.5696116325 1.0050090925 1.0095985925 0.9993113925 1.0134447925 0.9729146625 0.9714548225 1.0019649925 1.0050090925 1.0050090925 1.0034854925 0.2897259225 0.9798880425 0.2894321325 1.0099822925 0.9996899625 0.2948856325 1.0310007925 0.2294792025 1.0065358925
1.0000686325 0.6099368625 0.9213892425 1.0130591925 1.0278494925 0 0.1090013025 1.0173106925 1.0180863925 0.9791508925 0.9906581925 0.9118996925 1.0208071925 0.9244650925 0.9316915925 0.6070154925 0.5983190925 1.0111346925 1.0161488925 0.9268661925 0.9268661925 1.0012058225 0.9258362325 0.9993113925 0.5833932425 1.0173106925 1.0076828925 0.6070154925 1.0130591925 0.6003170225
1.0023447925 0.6140006425 0.9248076325 1.0119039925 1.0282427925 0.1090013025 0 1.0146024925 1.0165359925 0.9974217925 1.0126739925 0.9217303925 1.0223664925 0.9224131325 0.9299646925 0.5969900925 0.5923570925 1.0146024925 1.0157619925 0.9278975925 0.9275535925 1.0149887925 0.9306549925 1.0126739925 0.5879710525 1.0176984925 1.0092150925 0.6097117325 1.0149887925 0.5969900925
0.9902842325 0.9993113925 1.0153751925 0.9966672325 0.9947842625 1.0173106925 1.0146024925 0 0.1066957365 0.9895368425 0.9921559925 1.0204179925 0.4180812525 1.0146024925 1.0138304925 1.0065358925 1.0149887925 0.4205259325 0.4184299925 1.0215864925 1.0211967925 0.9846969525 0.9685435925 0.9846969525 1.0092150925 0.4125230925 0.9884171925 0.9966672325 0.9891634225 0.9895368425
0.9843258925 1.0061538925 1.0188627925 0.9940323525 0.9974217925 1.0180863925 1.0165359925 0.1066957365 0 0.9914066925 0.9951604925 1.0258866925 0.4277316325 1.0180863925 1.0235380925 1.0050090925 1.0088316925 0.4293226525 0.4286151225 1.0251030925 1.0266712925 0.9872991925 0.9776788925 0.9865547925 1.0038659925 0.4194772225 0.9899104525 0.9872991925 0.9906581925 0.9798880425
0.9660055325 0.9858110925 0.9751097925 0.5569173925 0.5569173925 0.9791508925 0.9974217925 0.9895368425 0.9914066925 0 0.0976574124999999 0.9940323525 0.9865547925 0.9858110925 0.9989330925 0.9602362925 0.9725493925 0.9835844325 0.9791508925 0.9895368425 0.9846969525 0.5483648925 1.0065358925 0.5491949925 0.9887902425 0.9548675925 0.5558691925 0.9929059425 0.5475357425 0.9970443925
0.9773113425 0.9936566925 0.9828436925 0.5664178425 0.5696116325 0.9906581925 1.0126739925 0.9921559925 0.9951604925 0.0976574124999999 0 0.9981770925 0.9891634225 0.9906581925 1.0050090925 0.9641978425 0.9751097925 0.9884171925 0.9899104525 0.9962902925 0.9902842325 0.5630260925 1.0196399925 0.5634492325 0.9910323925 0.9591594625 0.5715343925 0.9966672325 0.5623918425 1.0042468925
1.0161488925 0.9018638925 0.9362002925 1.0004475325 1.0050090925 0.9118996925 0.9217303925 1.0204179925 1.0258866925 0.9940323525 0.9981770925 0 1.0180863925 0.9330759925 0.9355048925 0.9048605925 0.9082042925 1.0165359925 1.0173106925 0.9403862925 0.9358524925 1.0038659925 0.9379416325 1.0031049925 0.9241226925 0.9996899625 1.0173106925 0.9041935925 1.0188627925 0.9132480225
1.0111346925 0.9951604925 1.0215864925 1.0080656925 1.0095985925 1.0208071925 1.0223664925 0.4180812525 0.4277316325 0.9865547925 0.9891634225 1.0180863925 0 1.0254947925 1.0298175925 1.0034854925 1.0200288925 0.0586588254999999 0.0585508704999999 1.0337690925 1.0385384925 0.9902842325 1.0065358925 0.9899104525 1.0149887925 0.3324996925 0.9966672325 0.9966672325 0.9989330925 0.9828436925
0.9902842325 0.9372445925 0.1837236825 0.9872991925 0.9993113925 0.9244650925 0.9224131325 1.0146024925 1.0180863925 0.9858110925 0.9906581925 0.9330759925 1.0254947925 0 0.0546748924999999 0.9296197525 0.9296197525 1.0176984925 1.0192512925 0.0824599024999999 0.0819029024999999 0.9977993625 0.8608064325 0.9974217925 0.9289304225 0.9944081925 0.9985550325 0.9275535925 0.9899104525 0.9299646925
0.9970443925 0.9396870425 0.1828313525 1.0034854925 1.0134447925 0.9316915925 0.9299646925 1.0138304925 1.0235380925 0.9989330925 1.0050090925 0.9355048925 1.0298175925 0.0546748924999999 0 0.9320374425 0.9299646925 1.0188627925 1.0188627925 0.0816802184999999 0.0804566324999999 1.0149887925 0.8611210925 1.0130591925 0.9344629325 0.9921559925 1.0122888925 0.9296197525 1.0031049925 0.9351573925
1.0019649925 0.5956634525 0.9296197525 0.9754762325 0.9729146625 0.6070154925 0.5969900925 1.0065358925 1.0050090925 0.9602362925 0.9641978425 0.9048605925 1.0034854925 0.9296197525 0.9320374425 0 0.0484720924999999 0.9970443925 0.9989330925 0.9289304225 0.9303097425 0.9887902425 0.9166294625 0.9880443425 0.3991451925 0.9854394925 0.9813643925 0.5965476325 0.9736456525 0.5905995625
1.0038659925 0.5901608925 0.9258362325 0.9736456525 0.9714548225 0.5983190925 0.5923570925 1.0149887925 1.0088316925 0.9725493925 0.9751097925 0.9082042925 1.0200288925 0.9296197525 0.9299646925 0.0484720924999999 0 1.0119039925 1.0115192925 0.9316915925 0.9327296225 0.9832139925 0.9173075925 0.9832139925 0.3937250925 0.9966672325 0.9806258325 0.5921371225 0.9703617925 0.5849160925
1.0111346925 0.9940323525 1.0115192925 1.0034854925 1.0019649925 1.0111346925 1.0146024925 0.4205259325 0.4293226525 0.9835844325 0.9884171925 1.0165359925 0.0586588254999999 1.0176984925 1.0188627925 0.9970443925 1.0119039925 0 0.0409481844999999 1.0251030925 1.0282427925 0.9876716425 0.9940323525 0.9872991925 1.0157619925 0.3309458925 0.9839550925 0.9880443425 0.9895368425 0.9798880425
1.0073002925 0.9921559925 1.0119039925 1.0069179925 1.0050090925 1.0161488925 1.0157619925 0.4184299925 0.4286151225 0.9791508925 0.9899104525 1.0173106925 0.0585508704999999 1.0192512925 1.0188627925 0.9989330925 1.0115192925 0.0409481844999999 0 1.0266712925 1.0321859925 0.9887902425 0.9895368425 0.9884171925 1.0111346925 0.3314117125 0.9835844325 0.9876716425 0.9925308425 0.9813643925
1.0027248925 0.9396870425 0.1850002825 0.9996899625 1.0050090925 0.9268661925 0.9278975925 1.0215864925 1.0251030925 0.9895368425 0.9962902925 0.9403862925 1.0337690925 0.0824599024999999 0.0816802184999999 0.9289304225 0.9316915925 1.0251030925 1.0266712925 0 0.0237491844999999 1.0042468925 0.8579803925 1.0031049925 0.9358524925 1.0053904925 1.0149887925 0.9313458925 1.0012058225 0.9296197525
1.0031049925 0.9417868925 0.1844893825 0.9989330925 1.0034854925 0.9268661925 0.9275535925 1.0211967925 1.0266712925 0.9846969525 0.9902842325 0.9358524925 1.0385384925 0.0819029024999999 0.0804566324999999 0.9303097425 0.9327296225 1.0282427925 1.0321859925 0.0237491844999999 0 1.0046278925 0.8557896925 1.0034854925 0.9334224925 1.0084485925 1.0169232925 0.9362002925 1.0034854925 0.9310002925
0.9974217925 0.9951604925 0.9791508925 0.2843096925 0.2897259225 1.0012058225 1.0149887925 0.9846969525 0.9872991925 0.5483648925 0.5630260925 1.0038659925 0.9902842325 0.9977993625 1.0149887925 0.9887902425 0.9832139925 0.9876716425 0.9887902425 1.0042468925 1.0046278925 0 0.9824736325 0.00231479999999987 1.0069179925 0.9832139925 0.2766187925 1.0215864925 0.2904608525 1.0073002925
1.0069179925 0.9285859925 0.8582938525 0.9828436925 0.9798880425 0.9258362325 0.9306549925 0.9685435925 0.9776788925 1.0065358925 1.0196399925 0.9379416325 1.0065358925 0.8608064325 0.8611210925 0.9166294625 0.9173075925 0.9940323525 0.9895368425 0.8579803925 0.8557896925 0.9824736325 0 0.9809950225 0.9272097925 0.9776788925 0.9921559925 0.9289304225 0.9817339425 0.9289304225
0.9981770925 0.9955368925 0.9780465925 0.2840179925 0.2894321325 0.9993113925 1.0126739925 0.9846969525 0.9865547925 0.5491949925 0.5634492325 1.0031049925 0.9899104525 0.9974217925 1.0130591925 0.9880443425 0.9832139925 0.9872991925 0.9884171925 1.0031049925 1.0034854925 0.00231479999999987 0.9809950225 0 1.0065358925 0.9828436925 0.2761857925 1.0219763925 0.2900197925 1.0088316925
0.9929059425 0.5749649925 0.9316915925 0.9951604925 1.0099822925 0.5833932425 0.5879710525 1.0092150925 1.0038659925 0.9887902425 0.9910323925 0.9241226925 1.0149887925 0.9289304225 0.9344629325 0.3991451925 0.3937250925 1.0157619925 1.0111346925 0.9358524925 0.9334224925 1.0069179925 0.9272097925 1.0065358925 0 1.0046278925 1.0188627925 0.5857876925 1.0012058225 0.5726047925
0.9751097925 1.0004475325 0.9959134925 0.9947842625 0.9996899625 1.0173106925 1.0176984925 0.4125230925 0.4194772225 0.9548675925 0.9591594625 0.9996899625 0.3324996925 0.9944081925 0.9921559925 0.9854394925 0.9966672325 0.3309458925 0.3314117125 1.0053904925 1.0084485925 0.9832139925 0.9776788925 0.9828436925 1.0046278925 0 0.9940323525 1.0027248925 0.9917812625 0.9962902925
0.9944081925 0.9754762325 0.9869268925 0.2934078225 0.2948856325 1.0076828925 1.0092150925 0.9884171925 0.9899104525 0.5558691925 0.5715343925 1.0173106925 0.9966672325 0.9985550325 1.0122888925 0.9813643925 0.9806258325 0.9839550925 0.9835844325 1.0149887925 1.0169232925 0.2766187925 0.9921559925 0.2761857925 1.0188627925 0.9940323525 0 1.0015852925 0.2981471625 0.9798880425
0.9891634225 0.2444043925 0.9358524925 1.0235380925 1.0310007925 0.6070154925 0.6097117325 0.9966672325 0.9872991925 0.9929059425 0.9966672325 0.9041935925 0.9966672325 0.9275535925 0.9296197525 0.5965476325 0.5921371225 0.9880443425 0.9876716425 0.9313458925 0.9362002925 1.0215864925 0.9289304225 1.0219763925 0.5857876925 1.0027248925 1.0015852925 0 1.0134447925 0.2406795525
0.9899104525 0.9906581925 0.9678175925 0.2274483225 0.2294792025 1.0130591925 1.0149887925 0.9891634225 0.9906581925 0.5475357425 0.5623918425 1.0188627925 0.9989330925 0.9899104525 1.0031049925 0.9736456525 0.9703617925 0.9895368425 0.9925308425 1.0012058225 1.0034854925 0.2904608525 0.9817339425 0.2900197925 1.0012058225 0.9917812625 0.2981471625 1.0134447925 0 0.9921559925
1.0111346925 0.1930931925 0.9278975925 0.9985550325 1.0065358925 0.6003170225 0.5969900925 0.9895368425 0.9798880425 0.9970443925 1.0042468925 0.9132480225 0.9828436925 0.9299646925 0.9351573925 0.5905995625 0.5849160925 0.9798880425 0.9813643925 0.9296197525 0.9310002925 1.0073002925 0.9289304225 1.0088316925 0.5726047925 0.9962902925 0.9798880425 0.2406795525 0.9921559925 0
