0 0.54611456 0.82156307 0.98125964 0.98794943 0.5434268 0.5471509 0.98907024 0.9950763 0.5531901 0.5571734 0.8640098 1.0211525 1.0164845 0.5546552 1.0003713 0.99847597 0.55885684 0.5626586 1.0034139 1.0034139 0.8164965 1.0091523 0.81709075 0.9816297 0.8505242 0.8508351 0.8446418 0.547981 0.5569632
0.54611456 0 0.8266641 1.001891 1.0034139 0.13710125 0.13854334 1.0022715 1.0060863 0.53256744 0.5331779 0.84095025 1.0076177 1.0164845 0.2743949 1.0068517 1.0022715 0.27353033 0.2756936 1.0172604 1.01069 0.83636117 1.01069 0.83697146 0.9790429 0.82546073 0.831194 0.82305974 0.26422766 0.5258845
0.82156307 0.8266641 0 0.99131685 1.0087683 0.83028585 0.8224607 1.0137748 1.0195932 0.8327101 0.82186216 0.8486616 0.9860852 0.98832285 0.83697146 1.01069 1.01146 0.84217876 0.84033674 0.9857129 0.98683035 0.13398623 1.0297868 0.13255288 0.9768326 0.83911127 0.83331734 0.8375822 0.8188765 0.82186216
0.98125964 1.001891 0.99131685 0 0.1288627 0.9931942 0.9827411 0.72253674 0.7186162 1.0037951 1.0091523 0.9857129 0.9857129 0.9860852 1.015322 0.7264779 0.72018194 1.0103053 1.0118452 0.982 0.98348296 0.9898184 0.72384816 0.990942 0.7167936 0.98832285 0.9713354 0.98125964 0.98869646 1.0080011
0.98794943 1.0034139 1.0087683 0.1288627 0 0.9958304 0.9845971 0.7251619 0.71887696 0.9958304 1.002652 1.000751 0.97609735 0.9808897 1.0282096 0.72858834 0.7241107 1.0215429 1.0262426 0.9775687 0.9808897 1.0041765 0.7341567 1.0041765 0.71601385 0.9958304 0.9753628 0.9950763 1.0034139 0.9924427
0.5434268 0.13710125 0.83028585 0.9931942 0.9958304 0 0.09746763 1.0041765 1.0099207 0.5321607 0.53033316 0.8351422 1.0176488 1.0227151 0.2759825 1.0060863 1.001891 0.27656063 0.27829775 1.0211525 1.019204 0.8400302 1.0172604 0.84310144 0.9706055 0.8263631 0.8366663 0.829681 0.26807785 0.5307389
0.5471509 0.13854334 0.8224607 0.9827411 0.9845971 0.09746763 0 0.9853408 0.9901927 0.53094184 0.53094184 0.8366663 1.000751 1.0091523 0.27713925 0.99658537 0.99281836 0.27583802 0.27757347 1.0122308 1.0095364 0.8366663 1.0091523 0.8351422 0.9687838 0.8221614 0.82998335 0.8242593 0.2646545 0.52952236
0.98907024 1.0022715 1.0137748 0.72253674 0.7251619 1.0041765 0.9853408 0 0.093605734 0.99847597 1.0015109 0.9958304 1.0329514 1.0242808 1.0126165 0.53419656 0.53195745 1.0064689 1.0060863 1.025065 1.0289978 1.0305767 0.4371889 1.032159 0.52487713 0.9827411 0.98348296 1.0011308 0.9860852 0.9808897
0.9950763 1.0060863 1.0195932 0.7186162 0.71887696 1.0099207 0.9901927 0.093605734 0 0.9969631 0.9980974 0.99658537 1.0262426 1.0168724 1.0072346 0.53094184 0.52931976 1.0015109 1.0068517 1.025065 1.0278157 1.0274222 0.44042012 1.0282096 0.5240722 0.990942 0.9808897 0.9958304 0.9898184 0.97316337
0.5531901 0.53256744 0.8327101 1.0037951 0.9958304 0.5321607 0.53094184 0.99847597 0.9969631 0 0.080466226 0.8605368 1.0242808 1.033348 0.5450797 1.0087683 1.002652 0.54902 0.5521454 1.0317632 1.0301816 0.83697146 1.0238891 0.8366663 0.98348296 0.85582674 0.8555138 0.8468036 0.5327709 0.18199967
0.5571734 0.5331779 0.82186216 1.0091523 1.002652 0.53033316 0.53094184 1.0015109 0.9980974 0.080466226 0 0.85833514 1.0282096 1.0337447 0.5407486 1.0022715 0.9962078 0.5448729 0.54902 1.0361294 1.032159 0.83331734 1.0266355 0.83422923 0.98907024 0.8499028 0.84928197 0.84217876 0.5335852 0.18378629
0.8640098 0.84095025 0.8486616 0.9857129 1.000751 0.8351422 0.8366663 0.9958304 0.99658537 0.8605368 0.85833514 0 1.0080011 1.0068517 0.85520095 1.0141612 1.0087683 0.8505242 0.8505242 1.0064689 1.0068517 0.85770726 0.99847597 0.8573935 0.9939465 0.5107164 0.50422454 0.49372122 0.85332674 0.85582674
1.0211525 1.0076177 0.9860852 0.9857129 0.97609735 1.0176488 1.000751 1.0329514 1.0262426 1.0242808 1.0282096 1.0080011 0 0.049284406 1.0215429 1.0219333 1.0188149 1.0219333 1.0242808 0.087737516 0.08751273 0.99169195 1.0361294 0.9943229 1.0064689 0.9980974 0.99545324 0.9801504 1.0076177 1.0072346
1.0164845 1.0164845 0.98832285 0.9860852 0.9808897 1.0227151 1.0091523 1.0242808 1.0168724 1.033348 1.0337447 1.0068517 0.049284406 0 1.0297868 1.0215429 1.0180373 1.0297868 1.032159 0.08605326 0.08616542 0.99169195 1.0286036 0.9924427 0.99885464 1.0053219 1.0034139 0.99056727 1.0149349 1.01146
0.5546552 0.2743949 0.83697146 1.015322 1.0282096 0.2759825 0.27713925 1.0126165 1.0072346 0.5450797 0.5407486 0.85520095 1.0215429 1.0297868 0 1.015322 1.0118452 0.043327775 0.04608747 1.0219333 1.0234975 0.85332674 1.0266355 0.8545757 0.9962078 0.8339251 0.83422923 0.83849925 0.26622158 0.53480834
1.0003713 1.0068517 1.01069 0.7264779 0.72858834 1.0060863 0.99658537 0.53419656 0.53094184 1.0087683 1.0022715 1.0141612 1.0219333 1.0215429 1.015322 0 0.036472633 1.0122308 1.01069 1.0195932 1.0246727 1.0270288 0.5389 1.0219333 0.3812881 0.9931942 0.9831119 0.98907024 0.99169195 0.98348296
0.99847597 1.0022715 1.01146 0.72018194 0.7241107 1.001891 0.99281836 0.53195745 0.52931976 1.002652 0.9962078 1.0087683 1.0188149 1.0180373 1.0118452 0.036472633 0 1.0110749 1.0091523 1.0157093 1.019204 1.0254573 0.5358292 1.0195932 0.37615168 0.9901927 0.97978103 0.9808897 0.9842255 0.97316337
0.55885684 0.27353033 0.84217876 1.0103053 1.0215429 0.27656063 0.27583802 1.0064689 1.0015109 0.54902 0.5448729 0.8505242 1.0219333 1.0297868 0.043327775 1.0122308 1.0110749 0 0.029887684 1.0293922 1.0266355 0.8545757 1.014548 0.85582674 0.99961257 0.83149695 0.8284728 0.8345334 0.2646545 0.53828484
0.5626586 0.2756936 0.84033674 1.0118452 1.0262426 0.27829775 0.27757347 1.0060863 1.0068517 0.5521454 0.54902 0.8505242 1.0242808 1.032159 0.04608747 1.01069 1.0091523 0.029887684 0 1.030972 1.0289978 0.85645306 1.0227151 0.85770726 1.000751 0.83210325 0.83149695 0.83636117 0.2675062 0.5421895
1.0034139 1.0172604 0.9857129 0.982 0.9775687 1.0211525 1.0122308 1.025065 1.025065 1.0317632 1.0361294 1.0064689 0.087737516 0.08605326 1.0219333 1.0195932 1.0157093 1.0293922 1.030972 0 0.020888196 0.9898184 1.0313674 0.99131685 0.99961257 0.99281836 0.98757625 0.9845971 1.0103053 1.0141612
1.0034139 1.01069 0.98683035 0.98348296 0.9808897 1.019204 1.0095364 1.0289978 1.0278157 1.0301816 1.032159 1.0068517 0.08751273 0.08616542 1.0234975 1.0246727 1.019204 1.0266355 1.0289978 0.020888196 0 0.98645765 1.0365276 0.98907024 0.99961257 0.9898184 0.98794943 0.9872032 1.0068517 1.0118452
0.8164965 0.83636117 0.13398623 0.9898184 1.0041765 0.8400302 0.8366663 1.0305767 1.0274222 0.83697146 0.83331734 0.85770726 0.99169195 0.99169195 0.85332674 1.0270288 1.0254573 0.8545757 0.85645306 0.9898184 0.98645765 0 1.0393208 0.015968801 0.98907024 0.8592779 0.8517685 0.8474224 0.83180004 0.8236593
1.0091523 1.01069 1.0297868 0.72384816 0.7341567 1.0172604 1.0091523 0.4371889 0.44042012 1.0238891 1.0266355 0.99847597 1.0361294 1.0286036 1.0266355 0.5389 0.5358292 1.014548 1.0227151 1.0313674 1.0365276 1.0393208 0 1.0361294 0.5391052 0.98907024 0.99847597 0.9920673 0.98794943 0.99131685
0.81709075 0.83697146 0.13255288 0.990942 1.0041765 0.84310144 0.8351422 1.032159 1.0282096 0.8366663 0.83422923 0.8573935 0.9943229 0.9924427 0.8545757 1.0219333 1.0195932 0.85582674 0.85770726 0.99131685 0.98907024 0.015968801 1.0361294 0 0.982 0.85833514 0.8502134 0.8480418 0.831194 0.82276016
0.9816297 0.9790429 0.9768326 0.7167936 0.71601385 0.9706055 0.9687838 0.52487713 0.5240722 0.98348296 0.98907024 0.9939465 1.0064689 0.99885464 0.9962078 0.3812881 0.37615168 0.99961257 1.000751 0.99961257 0.99961257 0.98907024 0.5391052 0.982 0 0.9779369 0.96298385 0.9691478 0.9746289 0.9673296
0.8505242 0.82546073 0.83911127 0.98832285 0.9958304 0.8263631 0.8221614 0.9827411 0.990942 0.85582674 0.8499028 0.5107164 0.9980974 1.0053219 0.8339251 0.9931942 0.9901927 0.83149695 0.83210325 0.99281836 0.9898184 0.8592779 0.98907024 0.85833514 0.9779369 0 0.3206297 0.31573868 0.8381934 0.8357514
0.8508351 0.831194 0.83331734 0.9713354 0.9753628 0.8366663 0.82998335 0.98348296 0.9808897 0.8555138 0.84928197 0.50422454 0.99545324 1.0034139 0.83422923 0.9831119 0.97978103 0.8284728 0.83149695 0.98757625 0.98794943 0.8517685 0.99847597 0.8502134 0.96298385 0.3206297 0 0.2743949 0.8468036 0.83180004
0.8446418 0.82305974 0.8375822 0.98125964 0.9950763 0.829681 0.8242593 1.0011308 0.9958304 0.8468036 0.84217876 0.49372122 0.9801504 0.99056727 0.83849925 0.98907024 0.9808897 0.8345334 0.83636117 0.9845971 0.9872032 0.8474224 0.9920673 0.8480418 0.9691478 0.31573868 0.2743949 0 0.8388052 0.82455945
0.547981 0.26422766 0.8188765 0.98869646 1.0034139 0.26807785 0.2646545 0.9860852 0.9898184 0.5327709 0.5335852 0.85332674 1.0076177 1.0149349 0.26622158 0.99169195 0.9842255 0.2646545 0.2675062 1.0103053 1.0068517 0.83180004 0.98794943 0.831194 0.9746289 0.8381934 0.8468036 0.8388052 0 0.53134793
0.5569632 0.5258845 0.82186216 1.0080011 0.9924427 0.5307389 0.52952236 0.9808897 0.97316337 0.18199967 0.18378629 0.85582674 1.0072346 1.01146 0.53480834 0.98348296 0.97316337 0.53828484 0.5421895 1.0141612 1.0118452 0.8236593 0.99131685 0.82276016 0.9673296 0.8357514 0.83180004 0.82455945 0.53134793 0
