0 0.605042672 0.606835842 0.617003172 0.611337672 0.951746972 0.610660672 0.611337672 0.940457932 0.944319422 0.285433702 1.001336672 0.425515622 0.421999452 0.427986802 0.995285172 0.994532172 0.296331192 0.293665852 0.945376032 0.947493672 0.281933092 1.006289672 0.282224202 0.609083412 0.436700572 0.597469072 0.291894192 0.610660672 0.606611472
0.605042672 0 0.0716484219999999 0.223178232 0.224255442 0.961046072 0.110801482 0.111496788 0.957097772 0.954952872 0.603477172 1.020568472 0.597690772 0.596583122 0.603253772 0.986298572 0.985182772 0.618597272 0.615639572 0.962847702 0.962487042 0.597690772 1.023691872 0.597690772 0.218884852 0.601691972 0.195571002 0.609083412 0.114168097 0.111496788
0.606835842 0.0716484219999999 0 0.221028472 0.221565332 0.954595972 0.109528432 0.109412812 0.956024572 0.953170122 0.603924072 1.026828272 0.599022172 0.598800072 0.605490572 0.996793472 0.994532172 0.616775772 0.614505112 0.957814072 0.959248842 0.598134272 1.024474772 0.598134272 0.217815332 0.605490572 0.193628162 0.609083412 0.113354082 0.109528432
0.617003172 0.223178232 0.221028472 0 0.0701108619999999 0.980366702 0.219152462 0.219152462 0.977418272 0.976683022 0.618825272 1.029977872 0.613146002 0.611789372 0.618141472 1.014360472 1.015133672 0.639165522 0.637059772 0.985926472 0.986298572 0.614958672 1.029583472 0.615412532 0.221699612 0.614051812 0.216213912 0.634028472 0.222909172 0.218751072
0.611337672 0.224255442 0.221565332 0.0701108619999999 0 0.975581402 0.220223902 0.219152462 0.965739272 0.964292072 0.615412532 1.034330372 0.609984272 0.607509432 0.614958672 1.003618572 1.000956972 0.637293372 0.635892472 0.978522572 0.978891072 0.609083412 1.022518972 0.609533722 0.221431092 0.612467372 0.216747342 0.630546032 0.222909172 0.218751072
0.951746972 0.961046072 0.954595972 0.980366702 0.975581402 0 0.956024572 0.951746972 0.138648002 0.140573852 0.940457932 0.973383072 0.947493672 0.948908772 0.951746972 1.005143772 1.012045672 0.955309922 0.953882672 0.0587866049999999 0.0595434719999999 0.931409122 0.973017332 0.933140812 0.957814072 0.958172572 0.957097772 0.957097772 0.958172572 0.959248842
0.610660672 0.110801482 0.109528432 0.219152462 0.220223902 0.956024572 0 0.0565205819999999 0.953882672 0.953526312 0.602583972 1.038309072 0.606835842 0.605042672 0.612015302 0.983326772 0.982215372 0.622024532 0.618597272 0.958531142 0.959607972 0.599911032 1.033933672 0.600133412 0.218483592 0.603700572 0.195311662 0.614731872 0.111960676 0.109066036
0.611337672 0.111496788 0.109412812 0.219152462 0.219152462 0.951746972 0.0565205819999999 0 0.948554772 0.948200872 0.599466442 1.035521772 0.605266572 0.603253772 0.609083412 0.988535102 0.987788872 0.619737922 0.616548412 0.953526312 0.954595972 0.596140472 1.033537072 0.596361772 0.217147662 0.602807222 0.193886922 0.614731872 0.111960676 0.108603932
0.940457932 0.957097772 0.956024572 0.977418272 0.965739272 0.138648002 0.953882672 0.948554772 0 0.0483764789999999 0.931755122 0.969733472 0.934876572 0.934529072 0.937313312 0.997548772 1.003999572 0.941859842 0.940457932 0.137446852 0.138287452 0.926237872 0.974847912 0.926581472 0.945023672 0.948908772 0.947493672 0.948200872 0.957455872 0.952458172
0.944319422 0.954952872 0.953170122 0.976683022 0.964292072 0.140573852 0.953526312 0.948200872 0.0483764789999999 0 0.932101302 0.974481472 0.936616272 0.934181772 0.936268032 1.007054572 1.013974172 0.939757972 0.937313312 0.139971492 0.140814942 0.928302102 0.979628572 0.929336372 0.943615872 0.947140272 0.947493672 0.946787112 0.957814072 0.949971872
0.285433702 0.603477172 0.603924072 0.618825272 0.615412532 0.940457932 0.602583972 0.599466442 0.931755122 0.932101302 0 0.999819212 0.424283072 0.423403942 0.427633272 0.994532172 0.995285172 0.260841332 0.258581012 0.935571972 0.936268032 0.0319316879999999 1.004762172 0.0320359659999999 0.608858372 0.426397272 0.600355872 0.256890232 0.607060312 0.602137872
1.001336672 1.020568472 1.026828272 1.029977872 1.034330372 0.973383072 1.038309072 1.035521772 0.969733472 0.974481472 0.999819212 0 0.985926472 0.982956112 0.989655912 0.567491172 0.568130312 1.021738172 1.023300772 0.968278522 0.967915272 0.997548772 0.294553242 0.995661972 1.033140772 0.974481472 1.020568472 1.012816472 1.020178872 1.028795272
0.425515622 0.597690772 0.599022172 0.613146002 0.609984272 0.947493672 0.606835842 0.605266572 0.934876572 0.936616272 0.424283072 0.985926472 0 0.0318274279999999 0.0351709839999999 0.990404072 0.987788872 0.441365672 0.439747542 0.945728542 0.947847172 0.419373092 0.997171042 0.419198332 0.607958772 0.201299202 0.600355872 0.436879472 0.603030442 0.597912472
0.421999452 0.596583122 0.598800072 0.611789372 0.607509432 0.948908772 0.605042672 0.603253772 0.934529072 0.934181772 0.423403942 0.982956112 0.0318274279999999 0 0.0305774269999999 0.984811172 0.984068632 0.439567972 0.437237372 0.945728542 0.948200872 0.417278572 0.997548772 0.417104332 0.606611472 0.197778982 0.597247472 0.435449542 0.602360872 0.596583122
0.427986802 0.603253772 0.605490572 0.618141472 0.614958672 0.951746972 0.612015302 0.609083412 0.937313312 0.936268032 0.427633272 0.989655912 0.0351709839999999 0.0305774269999999 0 0.990029872 0.990404072 0.444612442 0.441905822 0.949617322 0.952102542 0.421999452 0.997926712 0.421824072 0.613146002 0.201822132 0.602360872 0.439927172 0.609308542 0.601691972
0.995285172 0.986298572 0.996793472 1.014360472 1.003618572 1.005143772 0.983326772 0.988535102 0.997548772 1.007054572 0.994532172 0.567491172 0.990404072 0.984811172 0.990029872 0 0.0288101529999999 1.013202172 1.011660572 0.994908572 0.996038912 0.990029872 0.568130312 0.989655912 1.003237672 0.982956112 0.982585672 1.012816472 0.993404032 0.988161922
0.994532172 0.985182772 0.994532172 1.015133672 1.000956972 1.012045672 0.982215372 0.987788872 1.003999572 1.013974172 0.995285172 0.568130312 0.987788872 0.984068632 0.990404072 0.0288101529999999 0 1.013974172 1.012816472 0.999819212 1.001336672 0.990029872 0.568130312 0.989655912 1.005143772 0.980366702 0.981845312 1.011275672 0.989655912 0.987043322
0.296331192 0.618597272 0.616775772 0.639165522 0.637293372 0.955309922 0.622024532 0.619737922 0.941859842 0.939757972 0.260841332 1.021738172 0.441365672 0.439567972 0.444612442 1.013202172 1.013974172 0 0.00822444079999993 0.952814072 0.953882672 0.258863172 1.022518972 0.258863172 0.627079722 0.447147452 0.614505112 0.115099486 0.620423172 0.618369342
0.293665852 0.615639572 0.614505112 0.637059772 0.635892472 0.953882672 0.618597272 0.616548412 0.940457932 0.937313312 0.258581012 1.023300772 0.439747542 0.437237372 0.441905822 1.011660572 1.012816472 0.00822444079999993 0 0.952102542 0.953526312 0.256608812 1.023691872 0.256608812 0.624318122 0.443889702 0.612015302 0.113586572 0.618597272 0.616093872
0.945376032 0.962847702 0.957814072 0.985926472 0.978522572 0.0587866049999999 0.958531142 0.953526312 0.137446852 0.139971492 0.935571972 0.968278522 0.945728542 0.945728542 0.949617322 0.994908572 0.999819212 0.952814072 0.952102542 0 0.00701313499999993 0.929681422 0.971556072 0.930717572 0.960686322 0.953882672 0.953882672 0.949262912 0.963569522 0.961406072
0.947493672 0.962487042 0.959248842 0.986298572 0.978891072 0.0595434719999999 0.959607972 0.954595972 0.138287452 0.140814942 0.936268032 0.967915272 0.947847172 0.948200872 0.952102542 0.996038912 1.001336672 0.953882672 0.953526312 0.00701313499999993 0 0.930371972 0.971191172 0.931409122 0.958889872 0.954952872 0.953882672 0.951036372 0.965377212 0.961766172
0.281933092 0.597690772 0.598134272 0.614958672 0.609083412 0.931409122 0.599911032 0.596140472 0.926237872 0.928302102 0.0319316879999999 0.997548772 0.419373092 0.417278572 0.421999452 0.990029872 0.990029872 0.258863172 0.256608812 0.929681422 0.930371972 0 0.999440312 0.00188679999999993 0.606162902 0.421473442 0.595477072 0.255062842 0.602360872 0.596583122
1.006289672 1.023691872 1.024474772 1.029583472 1.022518972 0.973017332 1.033933672 1.033537072 0.974847912 0.979628572 1.004762172 0.294553242 0.997171042 0.997548772 0.997926712 0.568130312 0.568130312 1.022518972 1.023691872 0.971556072 0.971191172 0.999440312 0 0.998683072 1.039906472 0.993779872 1.021348072 1.009353972 1.019011672 1.025650672
0.282224202 0.597690772 0.598134272 0.615412532 0.609533722 0.933140812 0.600133412 0.596361772 0.926581472 0.929336372 0.0320359659999999 0.995661972 0.419198332 0.417104332 0.421824072 0.989655912 0.989655912 0.258863172 0.256608812 0.930717572 0.931409122 0.00188679999999993 0.998683072 0 0.606162902 0.421298172 0.595477072 0.254922472 0.603030442 0.597025972
0.609083412 0.218884852 0.217815332 0.221699612 0.221431092 0.957814072 0.218483592 0.217147662 0.945023672 0.943615872 0.608858372 1.033140772 0.607958772 0.606611472 0.613146002 1.003237672 1.005143772 0.627079722 0.624318122 0.960686322 0.958889872 0.606162902 1.039906472 0.606162902 0 0.608183572 0.208521522 0.616775772 0.218483592 0.216213912
0.436700572 0.601691972 0.605490572 0.614051812 0.612467372 0.958172572 0.603700572 0.602807222 0.948908772 0.947140272 0.426397272 0.974481472 0.201299202 0.197778982 0.201822132 0.982956112 0.980366702 0.447147452 0.443889702 0.953882672 0.954952872 0.421473442 0.993779872 0.421298172 0.608183572 0 0.590410232 0.442446372 0.601691972 0.597025972
0.597469072 0.195571002 0.193628162 0.216213912 0.216747342 0.957097772 0.195311662 0.193886922 0.947493672 0.947493672 0.600355872 1.020568472 0.600355872 0.597247472 0.602360872 0.982585672 0.981845312 0.614505112 0.612015302 0.953882672 0.953882672 0.595477072 1.021348072 0.595477072 0.208521522 0.590410232 0 0.608408472 0.194404702 0.191432352
0.291894192 0.609083412 0.609083412 0.634028472 0.630546032 0.957097772 0.614731872 0.614731872 0.948200872 0.946787112 0.256890232 1.012816472 0.436879472 0.435449542 0.439927172 1.012816472 1.011275672 0.115099486 0.113586572 0.949262912 0.951036372 0.255062842 1.009353972 0.254922472 0.616775772 0.442446372 0.608408472 0 0.612693472 0.612241272
0.610660672 0.114168097 0.113354082 0.222909172 0.222909172 0.958172572 0.111960676 0.111960676 0.957455872 0.957814072 0.607060312 1.020178872 0.603030442 0.602360872 0.609308542 0.993404032 0.989655912 0.620423172 0.618597272 0.963569522 0.965377212 0.602360872 1.019011672 0.603030442 0.218483592 0.601691972 0.194404702 0.612693472 0 0.0786067219999999
0.606611472 0.111496788 0.109528432 0.218751072 0.218751072 0.959248842 0.109066036 0.108603932 0.952458172 0.949971872 0.602137872 1.028795272 0.597912472 0.596583122 0.601691972 0.988161922 0.987043322 0.618369342 0.616093872 0.961406072 0.961766172 0.596583122 1.025650672 0.597025972 0.216213912 0.597025972 0.191432352 0.612241272 0.0786067219999999 0
