0 0.6078228 0.6078228 0.610752 1.002652 1.0049399 0.58916616 0.5871945 0.65372705 0.6430448 0.6465887 0.5997702 0.6563616 0.9842255 0.9969631 1.0060863 1.0080011 0.6013292 0.6013292 0.6093986 0.60984945 0.30050746 0.5966618 0.3011048 0.5911431 0.6002153 0.6075979 1.0030329 1.0207624 0.29455975
0.6078228 0 0.15545265 0.5301304 0.99281836 1.0003713 0.42211568 0.42194015 0.65972805 0.65348804 0.65181684 0.42176464 0.6580429 1.0164845 1.019204 1.0110749 1.0103053 0.5339927 0.5344004 0.5266914 0.52367 0.5999927 0.4254588 0.6008834 0.41651866 0.24346703 0.5440462 1.0133885 1.0207624 0.59954774
0.6078228 0.15545265 0 0.5352165 0.99545324 1.001891 0.42440146 0.42404935 0.6575622 0.65181684 0.6530102 0.4231698 0.6582834 1.0195932 1.0195932 1.0219333 1.0270288 0.537056 0.53644234 0.53195745 0.5301304 0.60222155 0.42492995 0.6015522 0.42194015 0.24651696 0.5502686 1.0172604 1.0231062 0.59954774
0.610752 0.5301304 0.5352165 0 0.99169195 0.99545324 0.51210064 0.5132893 0.6442242 0.6364741 0.6364741 0.52447456 0.6477737 0.9920673 1.001891 0.99734104 0.99169195 0.53297436 0.5299277 0.12779474 0.1261365 0.5951125 0.52628785 0.5957761 0.51646805 0.5254814 0.5421895 1.0041765 0.99961257 0.5968834
1.002652 0.99281836 0.99545324 0.99169195 0 0.11848517 0.9969631 1.0003713 1.0168724 1.0195932 1.0305767 1.0022715 1.032159 0.64991146 0.64824826 0.79310274 0.78394586 0.99281836 0.9801504 0.99169195 0.9872032 0.9950763 0.990942 0.9969631 1.0034139 0.98907024 1.01069 0.22326563 0.20530151 0.98907024
1.0049399 1.0003713 1.001891 0.99545324 0.11848517 0 1.0041765 1.01146 1.0176488 1.018426 1.0254573 1.0060863 1.0337447 0.6570817 0.65444463 0.80324787 0.79310274 0.99545324 0.98645765 0.9969631 0.99847597 0.9962078 1.0034139 0.9969631 1.0103053 0.9969631 1.0160967 0.23030159 0.21110934 0.9857129
0.58916616 0.42211568 0.42440146 0.51210064 0.9969631 1.0041765 0 0.102953784 0.64351636 0.64280915 0.6430448 0.24776822 0.6444604 0.99961257 0.9969631 1.0203725 1.0219333 0.52246493 0.5214621 0.5186613 0.51607 0.591363 0.28149295 0.5920233 0.27858767 0.420187 0.5299277 1.0172604 1.0219333 0.5819619
0.5871945 0.42194015 0.42404935 0.5132893 1.0003713 1.01146 0.102953784 0 0.64967364 0.64635193 0.6475366 0.25447717 0.65253264 1.0160967 1.0157093 1.0172604 1.0199828 0.52447456 0.52346903 0.5212617 0.5176636 0.585228 0.2825125 0.58631986 0.27583802 0.4224669 0.53256744 1.0103053 1.015322 0.57762915
0.65372705 0.65972805 0.6575622 0.6442242 1.0168724 1.0176488 0.64351636 0.64967364 0 0.07172267 0.07403698 0.63857985 0.07913151 1.0126165 1.032159 1.0563028 1.0489776 0.64469653 0.64801097 0.64516914 0.64328057 0.6421026 0.64233804 0.64233804 0.64351636 0.6418672 0.6573219 1.0258498 1.0401208 0.63857985
0.6430448 0.65348804 0.65181684 0.6364741 1.0195932 1.018426 0.64280915 0.64635193 0.07172267 0 0.062644914 0.6362405 0.0688672 1.0068517 1.0215429 1.0579402 1.0526313 0.63998693 0.6437523 0.6369415 0.6348403 0.63975227 0.64233804 0.63928306 0.6371753 0.63834554 0.65348804 1.0365276 1.0465518 0.6339084
0.6465887 0.65181684 0.6530102 0.6364741 1.0305767 1.0254573 0.6430448 0.6475366 0.07403698 0.062644914 0 0.6374092 0.06788129 1.0118452 1.0297868 1.0389212 1.030972 0.63928306 0.64351636 0.6353068 0.6353068 0.6409265 0.6409265 0.63998693 0.6430448 0.6374092 0.6582834 1.0254573 1.0485728 0.6313514
0.5997702 0.42176464 0.4231698 0.52447456 1.0022715 1.0060863 0.24776822 0.25447717 0.63857985 0.6362405 0.6374092 0 0.6378772 1.0037951 0.99885464 0.9853408 0.98757625 0.5283078 0.5299277 0.531551 0.531551 0.59180313 0.29337585 0.5920233 0.28338745 0.4166929 0.532364 1.0172604 1.018426 0.5935663
0.6563616 0.6580429 0.6582834 0.6477737 1.032159 1.0337447 0.6444604 0.65253264 0.07913151 0.0688672 0.06788129 0.6378772 0 1.025065 1.0385218 1.0469556 1.0409217 0.6470625 0.65134007 0.6449328 0.64516914 0.6475366 0.64116156 0.64635193 0.6413967 0.64469653 0.6619002 1.0381224 1.0542608 0.6444604
0.9842255 1.0164845 1.0195932 0.9920673 0.64991146 0.6570817 0.99961257 1.0160967 1.0126165 1.0068517 1.0118452 1.0037951 1.025065 0 0.0589578 0.8017901 0.79888314 1.01069 0.99281836 0.98869646 0.9946995 0.99131685 1.018426 0.9924427 1.0091523 1.0060863 0.99734104 0.661417 0.6616586 1.0011308
0.9969631 1.019204 1.0195932 1.001891 0.64824826 0.65444463 0.9969631 1.0157093 1.032159 1.0215429 1.0297868 0.99885464 1.0385218 0.0589578 0 0.8094014 0.80646485 1.015322 0.99999183 0.9977191 1.0022715 1.0083846 1.014548 1.0095364 1.0060863 1.01069 1.0060863 0.6580429 0.66093403 1.0080011
1.0060863 1.0110749 1.0219333 0.99734104 0.79310274 0.80324787 1.0203725 1.0172604 1.0563028 1.0579402 1.0389212 0.9853408 1.0469556 0.8017901 0.8094014 0 0.049284406 1.0297868 1.0160967 1.0118452 1.0087683 0.99169195 1.0188149 0.99056727 1.0141612 1.0433295 1.0130024 0.7905161 0.806758 0.9924427
1.0080011 1.0103053 1.0270288 0.99169195 0.78394586 0.79310274 1.0219333 1.0199828 1.0489776 1.0526313 1.030972 0.98757625 1.0409217 0.79888314 0.80646485 0.049284406 0 1.015322 1.001891 1.0041765 1.0030329 0.9920673 1.0242808 0.99056727 1.0110749 1.0385218 1.0049399 0.782809 0.7945437 0.98907024
0.6013292 0.5339927 0.537056 0.53297436 0.99281836 0.99545324 0.52246493 0.52447456 0.64469653 0.63998693 0.63928306 0.5283078 0.6470625 1.01069 1.015322 1.0297868 1.015322 0 0.05163752 0.5428079 0.5423956 0.60222155 0.52749914 0.6026681 0.5228664 0.5287124 0.23234352 1.0103053 1.0141612 0.6013292
0.6013292 0.5344004 0.53644234 0.5299277 0.9801504 0.98645765 0.5214621 0.52346903 0.64801097 0.6437523 0.64351636 0.5299277 0.65134007 0.99281836 0.99999183 1.0160967 1.001891 0.05163752 0 0.5393104 0.5380799 0.60535306 0.53033316 0.60669917 0.52106136 0.53033316 0.23193468 0.99999183 1.0022715 0.6040094
0.6093986 0.5266914 0.53195745 0.12779474 0.99169195 0.9969631 0.5186613 0.5212617 0.64516914 0.6369415 0.6353068 0.531551 0.6449328 0.98869646 0.9977191 1.0118452 1.0041765 0.5428079 0.5393104 0 0.037628338 0.59224355 0.53726065 0.5926842 0.52246493 0.5299277 0.55381763 0.99658537 0.9980974 0.59444946
0.60984945 0.52367 0.5301304 0.1261365 0.9872032 0.99847597 0.51607 0.5176636 0.64328057 0.6348403 0.6353068 0.531551 0.64516914 0.9946995 1.0022715 1.0087683 1.0030329 0.5423956 0.5380799 0.037628338 0 0.5929046 0.5337889 0.593787 0.5190608 0.52749914 0.5536084 0.98907024 0.9946995 0.59599745
0.30050746 0.5999927 0.60222155 0.5951125 0.9950763 0.9962078 0.591363 0.585228 0.6421026 0.63975227 0.6409265 0.59180313 0.6475366 0.99131685 1.0083846 0.99169195 0.9920673 0.60222155 0.60535306 0.59224355 0.5929046 0 0.5926842 0.010168623 0.5887276 0.59444946 0.6132396 1.0126165 1.0110749 0.15471482
0.5966618 0.4254588 0.42492995 0.52628785 0.990942 1.0034139 0.28149295 0.2825125 0.64233804 0.64233804 0.6409265 0.29337585 0.64116156 1.018426 1.014548 1.0188149 1.0242808 0.52749914 0.53033316 0.53726065 0.5337889 0.5926842 0 0.5920233 0.24111876 0.41983685 0.5374654 1.0064689 1.0064689 0.5889469
0.3011048 0.6008834 0.6015522 0.5957761 0.9969631 0.9969631 0.5920233 0.58631986 0.64233804 0.63928306 0.63998693 0.5920233 0.64635193 0.9924427 1.0095364 0.99056727 0.99056727 0.6026681 0.60669917 0.5926842 0.593787 0.010168623 0.5920233 0 0.58982456 0.5933457 0.6141462 1.0133885 1.0110749 0.15532963
0.5911431 0.41651866 0.42194015 0.51646805 1.0034139 1.0103053 0.27858767 0.27583802 0.64351636 0.6371753 0.6430448 0.28338745 0.6413967 1.0091523 1.0060863 1.0141612 1.0110749 0.5228664 0.52106136 0.52246493 0.5190608 0.5887276 0.24111876 0.58982456 0 0.4215892 0.5321607 1.0126165 1.0080011 0.5874133
0.6002153 0.24346703 0.24651696 0.5254814 0.98907024 0.9969631 0.420187 0.4224669 0.6418672 0.63834554 0.6374092 0.4166929 0.64469653 1.0060863 1.01069 1.0433295 1.0385218 0.5287124 0.53033316 0.5299277 0.52749914 0.59444946 0.41983685 0.5933457 0.4215892 0 0.53664684 0.99923354 1.0266355 0.58807015
0.6075979 0.5440462 0.5502686 0.5421895 1.01069 1.0160967 0.5299277 0.53256744 0.6573219 0.65348804 0.6582834 0.532364 0.6619002 0.99734104 1.0060863 1.0130024 1.0049399 0.23234352 0.23193468 0.55381763 0.5536084 0.6132396 0.5374654 0.6141462 0.5321607 0.53664684 0 1.0133885 1.0180373 0.6093986
1.0030329 1.0133885 1.0172604 1.0041765 0.22326563 0.23030159 1.0172604 1.0103053 1.0258498 1.0365276 1.0254573 1.0172604 1.0381224 0.661417 0.6580429 0.7905161 0.782809 1.0103053 0.99999183 0.99658537 0.98907024 1.0126165 1.0064689 1.0133885 1.0126165 0.99923354 1.0133885 0 0.22393931 1.001891
1.0207624 1.0207624 1.0231062 0.99961257 0.20530151 0.21110934 1.0219333 1.015322 1.0401208 1.0465518 1.0485728 1.018426 1.0542608 0.6616586 0.66093403 0.806758 0.7945437 1.0141612 1.0022715 0.9980974 0.9946995 1.0110749 1.0064689 1.0110749 1.0080011 1.0266355 1.0180373 0.22393931 0 0.99658537
0.29455975 0.59954774 0.59954774 0.5968834 0.98907024 0.9857129 0.5819619 0.57762915 0.63857985 0.6339084 0.6313514 0.5935663 0.6444604 1.0011308 1.0080011 0.9924427 0.98907024 0.6013292 0.6040094 0.59444946 0.59599745 0.15471482 0.5889469 0.15532963 0.5874133 0.58807015 0.6093986 1.001891 0.99658537 0
