0 1.0421246 0.49856558 0.4843161 0.49044484 0.491407 0.49643022 1.0286036 1.0413225 1.0481682 1.01069 1.0274222 1.0234975 1.0286036 1.0305767 1.0266355 1.018426 1.0207624 1.0270288 0.48507947 0.49044484 1.0149349 1.005704 1.0118452 1.0083846 1.0126165 1.0118452 1.0219333 1.0118452 1.0068517
1.0421246 0 1.0417235 1.018426 1.0373245 1.0223241 1.025065 0.43236804 0.19020207 0.1997993 0.43379322 0.44096002 0.43254602 0.43414992 0.43736804 0.4355785 0.43790576 0.43272406 0.43575725 1.0238891 1.0258498 0.96334505 0.9615409 0.96406794 0.9727974 0.9565121 0.9626228 0.9476152 0.9626228 0.43862328
0.49856558 1.0417235 0 0.43183428 0.43183428 0.18685901 0.1841697 1.0242808 1.0286036 1.0313674 1.0195932 1.0246727 1.0076177 1.0091523 1.0068517 1.0149349 1.0130024 1.0022715 1.000751 0.18557718 0.18711564 1.0095364 1.0110749 1.0099207 0.98348296 1.0064689 0.9939465 1.0072346 1.0211525 1.0022715
0.4843161 1.018426 0.43183428 0 0.1762856 0.4258116 0.43700978 1.0385218 1.0126165 1.0122308 1.0274222 1.0064689 1.0242808 1.0313674 1.002652 1.0349361 1.0337447 0.99169195 0.9958304 0.42440146 0.43183428 1.0064689 0.99885464 1.0064689 1.0072346 1.001891 0.98907024 1.0141612 1.0168724 1.0080011
0.49044484 1.0373245 0.43183428 0.1762856 0 0.4245776 0.43504247 1.0377234 1.0188149 1.0337447 1.0381224 1.0083846 1.0254573 1.036926 1.0126165 1.0385218 1.0365276 1.0080011 1.0080011 0.42598802 0.43254602 1.01146 0.9980974 1.0110749 1.018426 1.0080011 1.0003713 1.0133885 1.0176488 1.0137748
0.491407 1.0223241 0.18685901 0.4258116 0.4245776 0 0.16536033 1.0282096 1.0087683 1.0103053 1.0301816 1.0149349 1.0126165 1.0176488 1.0072346 1.0176488 1.0195932 0.99658537 1.0022715 0.1762856 0.17755163 0.98757625 0.99281836 0.99056727 0.97024083 0.98757625 0.97316337 0.99885464 0.99961257 1.0022715
0.49643022 1.025065 0.1841697 0.43700978 0.43504247 0.16536033 0 1.0099207 1.0168724 1.0203725 1.01146 1.01146 1.0049399 1.0068517 1.0030329 1.0003713 1.0045581 0.9943229 0.9962078 0.18123527 0.18327539 0.9962078 1.0015109 0.99923354 0.9783054 0.9894442 0.97609735 0.99056727 1.001891 0.9943229
1.0286036 0.43236804 1.0242808 1.0385218 1.0377234 1.0282096 1.0099207 0 0.4166929 0.4258116 0.13986768 0.4008266 0.36843067 0.36843067 0.3695756 0.13842306 0.13890429 0.3648437 0.36338124 1.0080011 1.0080011 0.9753628 0.96298385 0.97720057 0.9783054 0.9727974 0.98051995 0.98645765 0.97352946 0.266079
1.0413225 0.19020207 1.0286036 1.0126165 1.0188149 1.0087683 1.0168724 0.4166929 0 0.13566194 0.4205373 0.42793173 0.4242254 0.42141378 0.41966185 0.41756493 0.42088777 0.41582194 0.417216 1.0076177 1.0137748 0.94267863 0.95080596 0.94373375 0.96010065 0.95794547 0.9518725 0.936379 0.9419761 0.41773945
1.0481682 0.1997993 1.0313674 1.0122308 1.0337447 1.0103053 1.0203725 0.4258116 0.13566194 0 0.43236804 0.43325844 0.42988047 0.43325844 0.43754724 0.42952576 0.43219006 0.42775482 0.43005788 1.0215429 1.0234975 0.946908 0.959741 0.946908 0.97024083 0.96479154 0.96298385 0.944438 0.9465546 0.43165645
1.01069 0.43379322 1.0195932 1.0274222 1.0381224 1.0301816 1.01146 0.13986768 0.4205373 0.43236804 0 0.40253505 0.37302083 0.3751616 0.37962735 0.114513814 0.116380066 0.3768125 0.37747386 1.0133885 1.0133885 0.97573 0.9557965 0.9779369 0.9801504 0.9658782 0.97426224 0.9698763 0.9658782 0.26979542
1.0274222 0.44096002 1.0246727 1.0064689 1.0083846 1.0149349 1.01146 0.4008266 0.42793173 0.43325844 0.40253505 0 0.40065598 0.4039046 0.41079012 0.40613547 0.408373 0.405105 0.40527666 1.002652 1.0041765 0.96226203 0.95151687 0.96190137 0.9658782 0.94620144 0.95151687 0.9604604 0.97024083 0.39963302
1.0234975 0.43254602 1.0076177 1.0242808 1.0254573 1.0126165 1.0049399 0.36843067 0.4242254 0.42988047 0.37302083 0.40065598 0 0.089425564 0.29130852 0.3712142 0.37154236 0.28645793 0.28939393 0.99961257 0.9977191 0.9518725 0.953297 0.9540103 0.9808897 0.96479154 0.96769285 0.9500957 0.9695119 0.36843067
1.0286036 0.43414992 1.0091523 1.0313674 1.036926 1.0176488 1.0068517 0.36843067 0.42141378 0.43325844 0.3751616 0.4039046 0.089425564 0 0.28851193 0.37219912 0.3733498 0.28178412 0.28484803 0.9924427 0.99131685 0.9465546 0.946908 0.9472615 0.9738958 0.9557965 0.9568702 0.94903165 0.9706055 0.37105018
1.0305767 0.43736804 1.0068517 1.002652 1.0126165 1.0072346 1.0030329 0.3695756 0.41966185 0.43754724 0.37962735 0.41079012 0.29130852 0.28851193 0 0.37631682 0.37697777 0.07392661 0.07591571 0.99885464 1.0003713 0.9565121 0.94479036 0.9572284 0.9590223 0.93987226 0.9518725 0.9497408 0.9557965 0.3751616
1.0266355 0.4355785 1.0149349 1.0349361 1.0385218 1.0176488 1.0003713 0.13842306 0.41756493 0.42952576 0.114513814 0.40613547 0.3712142 0.37219912 0.37631682 0 0.05993204 0.3702306 0.37105018 1.001891 1.0030329 0.9753628 0.9575869 0.9790429 0.97426224 0.9658782 0.98125964 0.95866317 0.9651536 0.26850688
1.018426 0.43790576 1.0130024 1.0337447 1.0365276 1.0195932 1.0045581 0.13890429 0.42088777 0.43219006 0.116380066 0.408373 0.37154236 0.3733498 0.37697777 0.05993204 0 0.37269205 0.37302083 1.0022715 1.0011308 0.9768326 0.96406794 0.97978103 0.9779369 0.96406794 0.97941184 0.9727974 0.9691478 0.267792
1.0207624 0.43272406 1.0022715 0.99169195 1.0080011 0.99658537 0.9943229 0.3648437 0.41582194 0.42775482 0.3768125 0.405105 0.28645793 0.28178412 0.07392661 0.3702306 0.37269205 0 0.02687584 0.9857129 0.98869646 0.9440858 0.92909575 0.9419761 0.94867724 0.93151563 0.94514287 0.9402225 0.94620144 0.37137827
1.0270288 0.43575725 1.000751 0.9958304 1.0080011 1.0022715 0.9962078 0.36338124 0.417216 0.43005788 0.37747386 0.40527666 0.28939393 0.28484803 0.07591571 0.37105018 0.37302083 0.02687584 0 0.98832285 0.9901927 0.94903165 0.9360306 0.9476152 0.9611805 0.936379 0.9500957 0.9465546 0.9557965 0.3736789
0.48507947 1.0238891 0.18557718 0.42440146 0.42598802 0.1762856 0.18123527 1.0080011 1.0076177 1.0215429 1.0133885 1.002652 0.99961257 0.9924427 0.99885464 1.001891 1.0022715 0.9857129 0.98832285 0 0.023566402 0.9939465 0.99131685 0.9977191 0.97978103 0.98645765 0.9746289 0.9969631 1.0041765 0.98683035
0.49044484 1.0258498 0.18711564 0.43183428 0.43254602 0.17755163 0.18327539 1.0080011 1.0137748 1.0234975 1.0133885 1.0041765 0.9977191 0.99131685 1.0003713 1.0030329 1.0011308 0.98869646 0.9901927 0.023566402 0 0.99961257 0.9920673 1.0030329 0.98496884 0.99281836 0.9801504 1.0022715 1.0118452 0.98645765
1.0149349 0.96334505 1.0095364 1.0064689 1.01146 0.98757625 0.9962078 0.9753628 0.94267863 0.946908 0.97573 0.96226203 0.9518725 0.9465546 0.9565121 0.9753628 0.9768326 0.9440858 0.94903165 0.9939465 0.99961257 0 0.5172649 0.012300316 0.35949522 0.3048492 0.29411557 0.5198604 0.51487696 0.9611805
1.005704 0.9615409 1.0110749 0.99885464 0.9980974 0.99281836 1.0015109 0.96298385 0.95080596 0.959741 0.9557965 0.95151687 0.953297 0.946908 0.94479036 0.9575869 0.96406794 0.92909575 0.9360306 0.99131685 0.9920673 0.5172649 0 0.5174642 0.5254814 0.5091374 0.50972915 0.36630902 0.37055832 0.9433819
1.0118452 0.96406794 1.0099207 1.0064689 1.0110749 0.99056727 0.99923354 0.97720057 0.94373375 0.946908 0.9779369 0.96190137 0.9540103 0.9472615 0.9572284 0.9790429 0.97978103 0.9419761 0.9476152 0.9977191 1.0030329 0.012300316 0.5174642 0 0.35949522 0.30499938 0.2942636 0.5204606 0.5156721 0.9615409
1.0083846 0.9727974 0.98348296 1.0072346 1.018426 0.97024083 0.9783054 0.9783054 0.96010065 0.97024083 0.9801504 0.9658782 0.9808897 0.9738958 0.9590223 0.97426224 0.9779369 0.94867724 0.9611805 0.97978103 0.98496884 0.35949522 0.5254814 0.35949522 0 0.35354343 0.35868815 0.5256829 0.5206608 0.95866317
1.0126165 0.9565121 1.0064689 1.001891 1.0080011 0.98757625 0.9894442 0.9727974 0.95794547 0.96479154 0.9658782 0.94620144 0.96479154 0.9557965 0.93987226 0.9658782 0.96406794 0.93151563 0.936379 0.98645765 0.99281836 0.3048492 0.5091374 0.30499938 0.35354343 0 0.2950042 0.5111116 0.50972915 0.9500957
1.0118452 0.9626228 0.9939465 0.98907024 1.0003713 0.97316337 0.97609735 0.98051995 0.9518725 0.96298385 0.97426224 0.95151687 0.96769285 0.9568702 0.9518725 0.98125964 0.97941184 0.94514287 0.9500957 0.9746289 0.9801504 0.29411557 0.50972915 0.2942636 0.35868815 0.2950042 0 0.50933456 0.50972915 0.9568702
1.0219333 0.9476152 1.0072346 1.0141612 1.0133885 0.99885464 0.99056727 0.98645765 0.936379 0.944438 0.9698763 0.9604604 0.9500957 0.94903165 0.9497408 0.95866317 0.9727974 0.9402225 0.9465546 0.9969631 1.0022715 0.5198604 0.36630902 0.5204606 0.5256829 0.5111116 0.50933456 0 0.2857257 0.9695119
1.0118452 0.9626228 1.0211525 1.0168724 1.0176488 0.99961257 1.001891 0.97352946 0.9419761 0.9465546 0.9658782 0.97024083 0.9695119 0.9706055 0.9557965 0.9651536 0.9691478 0.94620144 0.9557965 1.0041765 1.0118452 0.51487696 0.37055832 0.5156721 0.5206608 0.50972915 0.50972915 0.2857257 0 0.9536536
1.0068517 0.43862328 1.0022715 1.0080011 1.0137748 1.0022715 0.9943229 0.266079 0.41773945 0.43165645 0.26979542 0.39963302 0.36843067 0.37105018 0.3751616 0.26850688 0.267792 0.37137827 0.3736789 0.98683035 0.98645765 0.9611805 0.9433819 0.9615409 0.95866317 0.9500957 0.9568702 0.9695119 0.9536536 0
