0 0.6489606 0.6532491 0.98237044 0.6713863 0.8055861 0.67531306 0.97316337 0.6640787 1.0219333 1.019204 1.0034139 0.9666036 0.9746289 0.66577744 0.66456366 0.66383636 0.9946995 1.01069 0.79859304 0.79598737 0.67926043 0.9950763 0.6837262 0.6669932 0.6782716 0.79859304 0.81442016 0.99885464 0.9779369
0.6489606 0 0.2458227 1.0087683 0.6686986 0.78394586 0.66456366 0.99658537 0.6696748 1.0133885 1.0126165 1.0341415 0.9969631 1.000751 0.67629796 0.67383814 0.67040783 1.0293922 1.0373245 0.7890828 0.7876524 0.66602045 0.9958304 0.67089695 0.57289183 0.5368514 0.79859304 0.8164965 1.0095364 1.0072346
0.6532491 0.2458227 0 1.0118452 0.67383814 0.7825251 0.67555916 0.9958304 0.67212105 1.0188149 1.0227151 1.0405211 1.000751 0.99847597 0.67876583 0.6807461 0.6733471 1.0246727 1.032159 0.7853693 0.78394586 0.6760516 1.0041765 0.6834774 0.5628704 0.54652894 0.7905161 0.81738806 1.0060863 1.0060863
0.98237044 1.0087683 1.0118452 0 0.9727974 1.025065 0.97499573 0.2000604 0.9764649 1.0188149 1.0164845 0.6180116 0.19498533 0.1973234 0.9637064 0.97024083 0.9644296 0.6539662 0.6590054 1.0041765 1.0095364 0.98832285 0.57525676 0.9939465 0.98869646 1.0270288 0.9943229 1.0049399 0.67285645 0.27627152
0.6713863 0.6686986 0.67383814 0.9727974 0 0.7936788 0.45348603 0.97426224 0.1884001 1.0317632 1.0313674 1.032159 0.9662408 0.97609735 0.1845533 0.1807261 0.18327539 1.0176488 1.0289978 0.7796917 0.7813905 0.45513538 0.9958304 0.45826077 0.68571955 0.680994 0.8094014 0.8278694 1.0133885 0.9845971
0.8055861 0.78394586 0.7825251 1.025065 0.7936788 0 0.8105793 1.0176488 0.79627645 1.0377234 1.0274222 1.0313674 0.99545324 0.99885464 0.799754 0.79627645 0.79252714 1.0195932 1.0199828 0.16748267 0.17048919 0.8038317 0.99999183 0.80910724 0.791952 0.8088132 0.8153093 0.81768554 1.0297868 1.0199828
0.67531306 0.66456366 0.67555916 0.97499573 0.45348603 0.8105793 0 0.98051995 0.45770827 1.0180373 1.0087683 1.0076177 0.97243166 0.98348296 0.45770827 0.45202297 0.45238847 0.99847597 1.0011308 0.79859304 0.7945437 0.15606806 0.9857129 0.16138154 0.6892207 0.69173163 0.80910724 0.8203678 1.0037951 0.98832285
0.97316337 0.99658537 0.9958304 0.2000604 0.97426224 1.0176488 0.98051995 0 0.99169195 1.0091523 1.0137748 0.60669917 0.14871626 0.15103655 0.97426224 0.97352946 0.97573 0.6563616 0.6582834 0.99658537 0.99999183 0.982 0.5694652 0.9857129 0.9958304 1.0286036 1.0022715 1.0045581 0.6582834 0.27209163
0.6640787 0.6696748 0.67212105 0.9764649 0.1884001 0.79627645 0.45770827 0.99169195 0 1.0282096 1.0172604 1.0282096 0.97867405 0.9845971 0.14555272 0.14494589 0.14397594 1.0083846 1.015322 0.7847996 0.78394586 0.4522057 1.0034139 0.45476854 0.6844731 0.6852207 0.80091685 0.81442016 1.0095364 0.99999183
1.0219333 1.0133885 1.0188149 1.0188149 1.0317632 1.0377234 1.0180373 1.0091523 1.0282096 0 0.10790278 1.0409217 1.0049399 1.0030329 1.0258498 1.0329514 1.0262426 1.0034139 1.0076177 1.0381224 1.0345387 1.032159 0.9845971 1.0477637 1.0037951 1.0223241 1.0401208 1.0357314 1.0141612 1.0203725
1.019204 1.0126165 1.0227151 1.0164845 1.0313674 1.0274222 1.0087683 1.0137748 1.0172604 0.10790278 0 1.0365276 1.0141612 1.0149349 1.0254573 1.0246727 1.0164845 1.0041765 1.0095364 1.0254573 1.0234975 1.019204 0.9827411 1.0353336 1.0041765 1.0293922 1.0337447 1.0270288 1.0087683 1.0099207
1.0034139 1.0341415 1.0405211 0.6180116 1.032159 1.0313674 1.0076177 0.60669917 1.0282096 1.0409217 1.0365276 0 0.60872287 0.6150539 1.0246727 1.0301816 1.0160967 0.6790131 0.6777777 1.0099207 1.0141612 1.01146 0.59444946 1.0188149 1.0286036 1.0608146 1.0254573 1.0293922 0.6767909 0.614373
0.9666036 0.9969631 1.000751 0.19498533 0.9662408 0.99545324 0.97243166 0.14871626 0.97867405 1.0049399 1.0141612 0.60872287 0 0.07227305 0.95080596 0.9662408 0.9615409 0.6442242 0.64967364 0.9808897 0.98125964 0.97499573 0.5649914 0.97941184 0.98907024 1.0365276 0.9845971 0.9943229 0.6592462 0.2675062
0.9746289 1.000751 0.99847597 0.1973234 0.97609735 0.99885464 0.98348296 0.15103655 0.9845971 1.0030329 1.0149349 0.6150539 0.07227305 0 0.9611805 0.9706055 0.9669665 0.6506254 0.6539662 0.9768326 0.9779369 0.982 0.5660542 0.9872032 0.98869646 1.0258498 0.98125964 0.99847597 0.6599691 0.27353033
0.66577744 0.67629796 0.67876583 0.9637064 0.1845533 0.799754 0.45770827 0.97426224 0.14555272 1.0258498 1.0254573 1.0246727 0.95080596 0.9611805 0 0.0802436 0.07957615 1.0087683 1.0141612 0.79859304 0.79830307 0.45385224 0.9924427 0.45678836 0.6867182 0.68049824 0.8014989 0.8111689 1.0118452 0.9746289
0.66456366 0.67383814 0.6807461 0.97024083 0.1807261 0.79627645 0.45202297 0.97352946 0.14494589 1.0329514 1.0246727 1.0301816 0.9662408 0.9706055 0.0802436 0 0.058741476 1.0080011 1.0141612 0.7893693 0.78650993 0.45184028 0.9898184 0.45440188 0.6827315 0.6852207 0.80091685 0.806758 1.0126165 0.98237044
0.66383636 0.67040783 0.6733471 0.9644296 0.18327539 0.79252714 0.45238847 0.97573 0.14397594 1.0262426 1.0164845 1.0160967 0.9615409 0.9669665 0.07957615 0.058741476 0 1.0064689 1.0126165 0.7890828 0.7867954 0.45257127 0.9894442 0.45476854 0.68198633 0.68198633 0.8000446 0.812645 1.0053219 0.98125964
0.9946995 1.0293922 1.0246727 0.6539662 1.0176488 1.0195932 0.99847597 0.6563616 1.0083846 1.0034139 1.0041765 0.6790131 0.6442242 0.6506254 1.0087683 1.0080011 1.0064689 0 0.048003998 0.9939465 0.99169195 0.9816297 0.64587855 0.9946995 1.0080011 1.0297868 0.99847597 0.99923354 0.35739866 0.6626257
1.01069 1.0373245 1.032159 0.6590054 1.0289978 1.0199828 1.0011308 0.6582834 1.015322 1.0076177 1.0095364 0.6777777 0.64967364 0.6539662 1.0141612 1.0141612 1.0126165 0.048003998 0 0.9931942 0.99169195 0.98907024 0.65110177 1.0037951 1.0118452 1.0473596 0.9946995 1.0015109 0.36159766 0.6643211
0.79859304 0.7890828 0.7853693 1.0041765 0.7796917 0.16748267 0.79859304 0.99658537 0.7847996 1.0381224 1.0254573 1.0099207 0.9808897 0.9768326 0.79859304 0.7893693 0.7890828 0.9939465 0.9931942 0 0.033852633 0.7936788 0.98125964 0.7994636 0.79540956 0.79743385 0.8096957 0.814124 1.0064689 0.9969631
0.79598737 0.7876524 0.78394586 1.0095364 0.7813905 0.17048919 0.7945437 0.99999183 0.78394586 1.0345387 1.0234975 1.0141612 0.98125964 0.9779369 0.79830307 0.78650993 0.7867954 0.99169195 0.99169195 0.033852633 0 0.793967 0.9816297 0.79830307 0.79252714 0.7968549 0.8147164 0.81679356 1.0087683 0.9958304
0.67926043 0.66602045 0.6760516 0.98832285 0.45513538 0.8038317 0.15606806 0.982 0.4522057 1.032159 1.019204 1.01146 0.97499573 0.982 0.45385224 0.45184028 0.45257127 0.9816297 0.98907024 0.7936788 0.793967 0 0.9827411 0.033852633 0.68223464 0.68796843 0.8153093 0.82186216 0.9860852 0.9969631
0.9950763 0.9958304 1.0041765 0.57525676 0.9958304 0.99999183 0.9857129 0.5694652 1.0034139 0.9845971 0.9827411 0.59444946 0.5649914 0.5660542 0.9924427 0.9898184 0.9894442 0.64587855 0.65110177 0.98125964 0.9816297 0.9827411 0 0.98869646 0.9845971 1.0219333 1.000751 0.97316337 0.6421026 0.5763342
0.6837262 0.67089695 0.6834774 0.9939465 0.45826077 0.80910724 0.16138154 0.9857129 0.45476854 1.0477637 1.0353336 1.0188149 0.97941184 0.9872032 0.45678836 0.45440188 0.45476854 0.9946995 1.0037951 0.7994636 0.79830307 0.033852633 0.98869646 0 0.6869681 0.6960195 0.8194727 0.8236593 0.9939465 1.005704
0.6669932 0.57289183 0.5628704 0.98869646 0.68571955 0.791952 0.6892207 0.9958304 0.6844731 1.0037951 1.0041765 1.0286036 0.98907024 0.98869646 0.6867182 0.6827315 0.68198633 1.0080011 1.0118452 0.79540956 0.79252714 0.68223464 0.9845971 0.6869681 0 0.58174473 0.7896558 0.81768554 1.0049399 0.9977191
0.6782716 0.5368514 0.54652894 1.0270288 0.680994 0.8088132 0.69173163 1.0286036 0.6852207 1.0223241 1.0293922 1.0608146 1.0365276 1.0258498 0.68049824 0.6852207 0.68198633 1.0297868 1.0473596 0.79743385 0.7968549 0.68796843 1.0219333 0.6960195 0.58174473 0 0.8017901 0.8242593 1.0477637 1.0417235
0.79859304 0.79859304 0.7905161 0.9943229 0.8094014 0.8153093 0.80910724 1.0022715 0.80091685 1.0401208 1.0337447 1.0254573 0.9845971 0.98125964 0.8014989 0.80091685 0.8000446 0.99847597 0.9946995 0.8096957 0.8147164 0.8153093 1.000751 0.8194727 0.7896558 0.8017901 0 0.36030313 1.0030329 1.0110749
0.81442016 0.8164965 0.81738806 1.0049399 0.8278694 0.81768554 0.8203678 1.0045581 0.81442016 1.0357314 1.0270288 1.0293922 0.9943229 0.99847597 0.8111689 0.806758 0.812645 0.99923354 1.0015109 0.814124 0.81679356 0.82186216 0.97316337 0.8236593 0.81768554 0.8242593 0.36030313 0 1.001891 1.0157093
0.99885464 1.0095364 1.0060863 0.67285645 1.0133885 1.0297868 1.0037951 0.6582834 1.0095364 1.0141612 1.0087683 0.6767909 0.6592462 0.6599691 1.0118452 1.0126165 1.0053219 0.35739866 0.36159766 1.0064689 1.0087683 0.9860852 0.6421026 0.9939465 1.0049399 1.0477637 1.0030329 1.001891 0 0.66602045
0.9779369 1.0072346 1.0060863 0.27627152 0.9845971 1.0199828 0.98832285 0.27209163 0.99999183 1.0203725 1.0099207 0.614373 0.2675062 0.27353033 0.9746289 0.98237044 0.98125964 0.6626257 0.6643211 0.9969631 0.9958304 0.9969631 0.5763342 1.005704 0.9977191 1.0417235 1.0110749 1.0157093 0.66602045 0
