0 1.0072346 0.9894442 0.9783054 0.97609735 0.97170067 1.0068517 0.9706055 0.97243166 1.025065 1.018426 0.62396216 1.01069 0.99545324 0.9946995 1.0091523 1.0118452 1.019204 1.0168724 1.0080011 1.0160967 1.0083846 0.6320479 1.01069 1.0068517 0.9658782 0.9950763 0.99658537 0.99961257 1.0091523
1.0072346 0 0.4087178 0.40820062 0.2746833 0.2741066 0.9511613 0.49488103 0.4919849 0.9342909 0.93987226 0.9816297 0.9339434 0.93812364 0.9419761 0.94162506 0.9395222 0.93082345 0.93987226 0.9458484 0.9472615 0.9349863 1.0099207 0.92909575 0.45275414 0.42651764 0.94620144 0.93568236 0.95258445 0.9658782
0.9894442 0.4087178 0 0.22057699 0.40699527 0.40665123 0.9440858 0.49778837 0.5005121 0.9391723 0.9440858 1.0045581 0.92462224 0.92359364 0.92771643 0.9440858 0.94620144 0.9402225 0.94549555 0.9465546 0.9518725 0.92771643 1.0130024 0.92085767 0.45440188 0.4345068 0.9402225 0.92840576 0.9497408 0.9511613
0.9783054 0.40820062 0.22057699 0 0.40014434 0.40014434 0.9419761 0.49082956 0.493142 0.9391723 0.9440858 0.9931942 0.92393637 0.91813165 0.92393637 0.93082345 0.93324894 0.9229087 0.9339434 0.9395222 0.9433819 0.9259958 0.9746289 0.9205164 0.45312 0.42846268 0.9342909 0.9188122 0.94267863 0.9568702
0.97609735 0.2746833 0.40699527 0.40014434 0 0.18557718 0.9593815 0.48641723 0.4843161 0.9433819 0.93812364 0.98794943 0.93812364 0.93672764 0.9349863 0.944438 0.944438 0.9388226 0.94903165 0.9353342 0.93987226 0.9391723 1.0095364 0.9342909 0.45019814 0.41966185 0.9557965 0.9433819 0.9500957 0.94867724
0.97170067 0.2741066 0.40665123 0.40014434 0.18557718 0 0.94620144 0.49044484 0.48622596 0.93987226 0.9353342 0.9831119 0.9304776 0.927372 0.927372 0.9391723 0.9360306 0.9322085 0.94162506 0.932902 0.9405729 0.9256522 1.0072346 0.9184719 0.44946945 0.42176464 0.9493862 0.92017525 0.94620144 0.95866317
1.0068517 0.9511613 0.9440858 0.9419761 0.9593815 0.94620144 0 0.9433819 0.94373375 0.18968678 0.19615345 0.9980974 0.1918792 0.6929902 0.69779223 0.37105018 0.3736789 0.37450224 0.36924827 0.36941192 0.37219912 0.6945033 1.0060863 0.69349426 0.9374253 0.93116945 0.7087749 0.70033205 0.70646286 0.37483186
0.9706055 0.49488103 0.49778837 0.49082956 0.48641723 0.49044484 0.9433819 0 0.15410052 0.931862 0.94232726 0.97573 0.9335961 0.9106857 0.9069903 0.93324894 0.932902 0.9270277 0.9349863 0.93847305 0.94092345 0.89667284 0.98348296 0.89766514 0.50070703 0.4820307 0.932902 0.9232511 0.93324894 0.9360306
0.97243166 0.4919849 0.5005121 0.493142 0.4843161 0.48622596 0.94373375 0.15410052 0 0.92771643 0.93777436 0.96841997 0.9259958 0.9133848 0.90900373 0.927372 0.93568236 0.9256522 0.93324894 0.9346385 0.93324894 0.91473794 0.98683035 0.9137229 0.5010971 0.47937313 0.9287507 0.93082345 0.9370764 0.93672764
1.025065 0.9342909 0.9391723 0.9391723 0.9433819 0.93987226 0.18968678 0.931862 0.92771643 0 0.14482458 0.99999183 0.14167738 0.6864684 0.6877182 0.36468107 0.36533183 0.3685941 0.36305663 0.3635436 0.36565742 0.6852207 1.0015109 0.68397504 0.9349863 0.9188122 0.69855326 0.6922348 0.7026252 0.37417278
1.018426 0.93987226 0.9440858 0.9440858 0.93812364 0.9353342 0.19615345 0.94232726 0.93777436 0.14482458 0 1.0064689 0.12012657 0.68149 0.6859691 0.36712432 0.3685941 0.37269205 0.36696118 0.37269205 0.37466702 0.684224 1.019204 0.68198633 0.93672764 0.92771643 0.7026252 0.69148016 0.7087749 0.37995923
0.62396216 0.9816297 1.0045581 0.9931942 0.98794943 0.9831119 0.9980974 0.97573 0.96841997 0.99999183 1.0064689 0 0.99131685 0.98237044 0.9738958 0.9845971 0.9872032 0.9860852 0.9901927 0.99658537 1.0015109 0.98869646 0.5220636 0.9901927 1.0246727 0.9842255 0.97206604 0.9845971 0.9894442 0.9977191
1.01069 0.9339434 0.92462224 0.92393637 0.93812364 0.9304776 0.1918792 0.9335961 0.9259958 0.14167738 0.12012657 0.99131685 0 0.68000287 0.6827315 0.3654946 0.36924827 0.3695756 0.36451846 0.36403087 0.36712432 0.6859691 1.0091523 0.6837262 0.92909575 0.92017525 0.702115 0.6837262 0.7080034 0.3717065
0.99545324 0.93812364 0.92359364 0.91813165 0.93672764 0.927372 0.6929902 0.9106857 0.9133848 0.6864684 0.68149 0.98237044 0.68000287 0 0.044281904 0.6807461 0.682483 0.6849714 0.6832287 0.6847222 0.6869681 0.14373367 0.9950763 0.14409712 0.9395222 0.8933747 0.39082533 0.42952576 0.42952576 0.68721807
0.9946995 0.9419761 0.92771643 0.92393637 0.9349863 0.927372 0.69779223 0.9069903 0.90900373 0.6877182 0.6859691 0.9738958 0.6827315 0.044281904 0 0.6832287 0.6867182 0.6899731 0.6869681 0.6849714 0.6874681 0.14640313 1.0011308 0.1465247 0.9297863 0.8963424 0.39555508 0.43165645 0.43272406 0.6864684
1.0091523 0.94162506 0.9440858 0.93082345 0.944438 0.9391723 0.37105018 0.93324894 0.927372 0.36468107 0.36712432 0.9845971 0.3654946 0.6807461 0.6832287 0 0.03889114 0.040789343 0.038996473 0.3667981 0.3702306 0.6807461 1.0091523 0.6790131 0.931862 0.9106857 0.6882187 0.69148016 0.6924865 0.3628944
1.0118452 0.9395222 0.94620144 0.93324894 0.944438 0.9360306 0.3736789 0.932902 0.93568236 0.36533183 0.3685941 0.9872032 0.36924827 0.682483 0.6867182 0.03889114 0 0.043327775 0.041106176 0.36826724 0.3725277 0.6834774 1.0080011 0.6802505 0.9335961 0.9218825 0.6904751 0.69425094 0.6932422 0.3654946
1.019204 0.93082345 0.9402225 0.9229087 0.9388226 0.9322085 0.37450224 0.9270277 0.9256522 0.3685941 0.37269205 0.9860852 0.3695756 0.6849714 0.6899731 0.040789343 0.043327775 0 0.03741808 0.37055832 0.3743375 0.6867182 1.0118452 0.68298006 0.9287507 0.9086678 0.6864684 0.69576657 0.69399863 0.3677772
1.0168724 0.93987226 0.94549555 0.9339434 0.94903165 0.94162506 0.36924827 0.9349863 0.93324894 0.36305663 0.36696118 0.9901927 0.36451846 0.6832287 0.6869681 0.038996473 0.041106176 0.03741808 0 0.3690847 0.3728564 0.6864684 1.01069 0.6832287 0.9349863 0.92085767 0.69173163 0.6950084 0.6967787 0.36663502
1.0080011 0.9458484 0.9465546 0.9395222 0.9353342 0.932902 0.36941192 0.93847305 0.9346385 0.3635436 0.37269205 0.99658537 0.36403087 0.6847222 0.6849714 0.3667981 0.36826724 0.37055832 0.3690847 0 0.034271218 0.6812419 1.0030329 0.6812419 0.936379 0.90031767 0.6922348 0.69804585 0.70109564 0.31482518
1.0160967 0.9472615 0.9518725 0.9433819 0.93987226 0.9405729 0.37219912 0.94092345 0.93324894 0.36565742 0.37466702 1.0015109 0.36712432 0.6869681 0.6874681 0.3702306 0.3725277 0.3743375 0.3728564 0.034271218 0 0.6844731 1.015322 0.6844731 0.9391723 0.9046481 0.6962725 0.70160514 0.70595 0.31589106
1.0083846 0.9349863 0.92771643 0.9259958 0.9391723 0.9256522 0.6945033 0.89667284 0.91473794 0.6852207 0.684224 0.98869646 0.6859691 0.14373367 0.14640313 0.6807461 0.6834774 0.6867182 0.6864684 0.6812419 0.6844731 0 1.0091523 0.020785378 0.92909575 0.8983274 0.39589408 0.43059036 0.43183428 0.68198633
0.6320479 1.0099207 1.0130024 0.9746289 1.0095364 1.0072346 1.0060863 0.98348296 0.98683035 1.0015109 1.019204 0.5220636 1.0091523 0.9950763 1.0011308 1.0091523 1.0080011 1.0118452 1.01069 1.0030329 1.015322 1.0091523 0 1.0041765 1.0195932 0.98907024 1.0133885 1.0022715 1.0157093 1.0293922
1.01069 0.92909575 0.92085767 0.9205164 0.9342909 0.9184719 0.69349426 0.89766514 0.9137229 0.68397504 0.68198633 0.9901927 0.6837262 0.14409712 0.1465247 0.6790131 0.6802505 0.68298006 0.6832287 0.6812419 0.6844731 0.020785378 1.0041765 0 0.9256522 0.8973342 0.39640284 0.43059036 0.43094555 0.6832287
1.0068517 0.45275414 0.45440188 0.45312 0.45019814 0.44946945 0.9374253 0.50070703 0.5010971 0.9349863 0.93672764 1.0246727 0.92909575 0.9395222 0.9297863 0.931862 0.9335961 0.9287507 0.9349863 0.936379 0.9391723 0.92909575 1.0195932 0.9256522 0 0.43432835 0.93568236 0.91915274 0.95080596 0.9604604
0.9658782 0.42651764 0.4345068 0.42846268 0.41966185 0.42176464 0.93116945 0.4820307 0.47937313 0.9188122 0.92771643 0.9842255 0.92017525 0.8933747 0.8963424 0.9106857 0.9218825 0.9086678 0.92085767 0.90031767 0.9046481 0.8983274 0.98907024 0.8973342 0.43432835 0 0.9249654 0.9130469 0.9391723 0.9263396
0.9950763 0.94620144 0.9402225 0.9342909 0.9557965 0.9493862 0.7087749 0.932902 0.9287507 0.69855326 0.7026252 0.97206604 0.702115 0.39082533 0.39555508 0.6882187 0.6904751 0.6864684 0.69173163 0.6922348 0.6962725 0.39589408 1.0133885 0.39640284 0.93568236 0.9249654 0 0.43539977 0.43414992 0.7018601
0.99658537 0.93568236 0.92840576 0.9188122 0.9433819 0.92017525 0.70033205 0.9232511 0.93082345 0.6922348 0.69148016 0.9845971 0.6837262 0.42952576 0.43165645 0.69148016 0.69425094 0.69576657 0.6950084 0.69804585 0.70160514 0.43059036 1.0022715 0.43059036 0.91915274 0.9130469 0.43539977 0 0.39436984 0.695261
0.99961257 0.95258445 0.9497408 0.94267863 0.9500957 0.94620144 0.70646286 0.93324894 0.9370764 0.7026252 0.7087749 0.9894442 0.7080034 0.42952576 0.43272406 0.6924865 0.6932422 0.69399863 0.6967787 0.70109564 0.70595 0.43183428 1.0157093 0.43094555 0.95080596 0.9391723 0.43414992 0.39436984 0 0.7033912
1.0091523 0.9658782 0.9511613 0.9568702 0.94867724 0.95866317 0.37483186 0.9360306 0.93672764 0.37417278 0.37995923 0.9977191 0.3717065 0.68721807 0.6864684 0.3628944 0.3654946 0.3677772 0.36663502 0.31482518 0.31589106 0.68198633 1.0293922 0.6832287 0.9604604 0.9263396 0.7018601 0.695261 0.7033912 0
