0 1.58342901198193 1.33266087900847 1.4783851748798 1.84510211413726 1.03484294004738 0.962453222135082 1.01843395153992 1.30800493550487 1.68448075535707 1.08787396829575 1.16736341849901 1.10035852761939 1.45297374832444 1.2419243818149 1.15136343892664 1.12623765994795 1.15306361787952 1.57760332943872 1.05001753172837 1.52935302862898 0.93932770146057 1.79753278964199 0.98650775058195 1.00783607037738 1.05321402288973 1.25194659084082 1.55003699124791 1.66555045498535 1.73470362811349
1.58342901198193 0 1.73865858092904 1.64471910055727 1.62231857934967 1.24062877194956 1.55068052117713 1.61630785139278 1.84060654602945 1.67649453296326 1.71214052778669 1.55129652540199 1.58251696196385 1.77353494940326 1.4645573629532 1.70857991813682 1.47959435149096 1.16315399506129 1.10504861362278 1.65255252528004 1.25204760069028 1.07572550931945 1.27314557461068 0.992728226119652 1.54228235874325 1.40195576008409 1.83400244032964 1.42976786056533 1.06791140604764 1.74064604006708
1.33266087900847 1.73865858092904 0 1.60472281882539 1.15741695812903 1.58783187298104 1.38022169657052 1.17973829526454 1.14118835004047 1.3861978771165 1.26514204428531 1.2849800568074 1.54433414177038 1.63805022696033 1.22216947097331 1.55580719048157 1.8811425305903 1.91181673458777 1.28843226004392 1.43943946808577 1.54522806080058 1.49161784606986 1.02310364902951 1.32183390576392 0.972767571453005 1.24677506368607 1.00555882113986 1.90556718292646 1.17196312663145 1.887675604783
1.4783851748798 1.64471910055727 1.60472281882539 0 1.70082502136938 1.62094265711494 1.73690290283412 1.06652545835823 1.83056839671917 1.5004241974093 0.994803571375087 1.22674042545259 1.29384555364959 1.71102409646846 0.995914877625182 1.73056116467342 1.5496715544723 1.56754886987619 1.12311930442229 1.27590578631498 1.92825051210821 1.37279685330577 1.4428793862462 1.00712418276817 1.69558194163255 1.72821677080356 1.5074279117398 1.77051515574567 1.09931272966787 1.12364986469038
1.84510211413726 1.62231857934967 1.15741695812903 1.70082502136938 0 1.33285862603225 1.47160494606942 1.21362245175987 1.54820741387084 1.05997669766657 1.3544025416486 1.54007770284079 1.58956705429591 1.51386515656486 1.17155322013423 1.04671904700808 1.84619430801831 1.80847785482183 1.46048050606623 1.923840648029 1.10724906087853 1.49593056295998 1.3819757848978 1.72713435650803 1.5046361957211 1.84573888545856 1.54171691811644 1.70183735853061 1.54014354338869 1.07987813395448
1.03484294004738 1.24062877194956 1.58783187298104 1.62094265711494 1.33285862603225 0 1.18807093473151 1.37905232398771 1.85638083750382 1.68775624991395 1.19186252192594 1.83387265028432 1.28090945165604 1.40724303643219 1.7778820625972 1.47946418053471 1.06390688661486 1.91293659131043 1.88761046575382 1.5468090865761 1.76143759279512 1.38594826101325 1.77293840656057 1.23540885862894 1.4084979314357 1.53667468763888 1.4758864894975 1.02997412020341 1.02456022868864 1.11919959727675
0.962453222135082 1.55068052117713 1.38022169657052 1.73690290283412 1.47160494606942 1.18807093473151 0 1.46133413678035 1.89576433948241 1.44153721816838 1.40677818004042 1.06157537689433 1.5045736937318 1.06895318836905 1.4313419891987 1.72157968208194 1.93117092875764 0.99311877368018 1.28653195523657 1.33933501248248 1.35004513175227 1.90178092359565 1.53646917711012 1.31946743559092 1.29722704645246 1.67693136935122 1.70376556413248 1.66187038598582 1.29713764926419 1.45374831696972
1.01843395153992 1.61630785139278 1.17973829526454 1.06652545835823 1.21362245175987 1.37905232398771 1.46133413678035 0 0.944514036178589 1.21887356927618 1.42023561429232 1.33605221891776 1.83310981583782 1.4566831944976 1.06100075715221 1.69971022382379 1.31219020066783 1.27859047567472 1.75132848415524 1.10995683073997 1.33666119282134 1.90861309273168 1.39343306212686 1.45856968988664 1.51987999025732 1.29946357477456 1.90488534467295 1.63958373852074 1.08210575953126 1.62083114963025
1.30800493550487 1.84060654602945 1.14118835004047 1.83056839671917 1.54820741387084 1.85638083750382 1.89576433948241 0.944514036178589 0 1.3479003100656 1.86515473132022 1.02368750004098 1.1765796339605 1.46288940776139 1.73719835514203 1.05141546064988 1.84315663925372 1.50786140561104 0.975101681891829 1.53270231978968 1.92027470376343 1.62987308739685 1.23601831193082 1.9276208546944 0.993500821525231 1.36600367631763 1.45378500642255 1.48327884310856 1.78415164467879 1.50147247058339
1.68448075535707 1.67649453296326 1.3861978771165 1.5004241974093 1.05997669766657 1.68775624991395 1.44153721816838 1.21887356927618 1.3479003100656 0 1.08268299023621 1.15827454417013 1.55246235360391 1.26605144655332 1.77639568177983 1.09082659939304 1.09529491234571 1.38277735025622 1.47109444881789 1.61584284668788 1.92823502398096 1.76830320735462 1.22403075452894 0.956980106653646 1.57191201183014 1.35490370518528 1.02864428865723 1.24173813895322 1.13375175674446 1.17397393821739
1.08787396829575 1.71214052778669 1.26514204428531 0.994803571375087 1.3544025416486 1.19186252192594 1.40677818004042 1.42023561429232 1.86515473132022 1.08268299023621 0 1.21605732548051 1.1206739731133 1.03280371031724 1.26960387406871 1.59303014888428 1.65999132418074 1.12216049153358 1.40355140855536 0.949502867879346 1.45071438699961 1.12624438735656 1.76115417387336 1.57407023804262 1.77111173258163 1.56486543291248 1.4046414392069 1.26825680304319 1.2591224280186 1.66448534023948
1.16736341849901 1.55129652540199 1.2849800568074 1.22674042545259 1.54007770284079 1.83387265028432 1.06157537689433 1.33605221891776 1.02368750004098 1.15827454417013 1.21605732548051 0 1.34068244392984 1.41409590351395 1.67108426732011 1.93252551695332 1.91895025339909 1.58893318357877 1.42583864973858 1.05497205047868 1.07409048941918 1.60190375591628 1.19253173610196 1.29417811124586 0.98365429113619 1.76067445101216 1.55864692432806 1.3531638213899 1.16869545564987 0.995501927100122
1.10035852761939 1.58251696196385 1.54433414177038 1.29384555364959 1.58956705429591 1.28090945165604 1.5045736937318 1.83310981583782 1.1765796339605 1.55246235360391 1.1206739731133 1.34068244392984 0 1.52571358857676 1.21195754292421 1.22356416750699 1.51068937615491 1.83278731652535 1.15499764191918 0.964766689809039 1.84081515250728 1.85563896014355 1.57725744578056 1.69249880476855 1.67761454847641 1.87740606279112 1.60215906845406 1.59604549128562 1.09222706384026 1.07627595053054
1.45297374832444 1.77353494940326 1.63805022696033 1.71102409646846 1.51386515656486 1.40724303643219 1.06895318836905 1.4566831944976 1.46288940776139 1.26605144655332 1.03280371031724 1.41409590351395 1.52571358857676 0 1.19080836256035 1.7435687687248 1.4478700296022 1.92219308251515 1.53068715776317 1.73040310433134 1.83827921538614 1.90751211857423 1.37541693146341 0.966949454974383 1.02211001818068 1.67322373366915 1.36205137637444 1.61169793806039 1.11848448123783 1.19959708233364
1.2419243818149 1.4645573629532 1.22216947097331 0.995914877625182 1.17155322013423 1.7778820625972 1.4313419891987 1.06100075715221 1.73719835514203 1.77639568177983 1.26960387406871 1.67108426732011 1.21195754292421 1.19080836256035 0 1.90219830069691 1.13172087771818 1.07367727463134 1.36450641299598 1.19997792155482 1.26461664144881 1.10304072126746 1.37879154970869 1.52839953149669 1.77787583158351 1.76689096260816 1.30237777298316 1.78216995694675 1.80045391316526 1.68875396600924
1.15136343892664 1.70857991813682 1.55580719048157 1.73056116467342 1.04671904700808 1.47946418053471 1.72157968208194 1.69971022382379 1.05141546064988 1.09082659939304 1.59303014888428 1.93252551695332 1.22356416750699 1.7435687687248 1.90219830069691 0 1.16246261028573 1.89683705382049 1.31429471587762 1.2870007310994 1.36507405387238 1.30174079583958 1.65206807944924 1.15904641430825 1.15464243222959 1.33701894269325 1.13131735287607 1.68547884281725 1.73352839821018 1.87806334788911
1.12623765994795 1.47959435149096 1.8811425305903 1.5496715544723 1.84619430801831 1.06390688661486 1.93117092875764 1.31219020066783 1.84315663925372 1.09529491234571 1.65999132418074 1.91895025339909 1.51068937615491 1.4478700296022 1.13172087771818 1.16246261028573 0 1.05821370542981 1.11635728529654 1.62122480850667 1.5085824537091 1.4350798917003 1.78911986714229 1.40854109148495 1.18803372816183 1.06374932220206 1.2371533322148 1.79649997665547 1.30222651129588 1.51071614562534
1.15306361787952 1.16315399506129 1.91181673458777 1.56754886987619 1.80847785482183 1.91293659131043 0.99311877368018 1.27859047567472 1.50786140561104 1.38277735025622 1.12216049153358 1.58893318357877 1.83278731652535 1.92219308251515 1.07367727463134 1.89683705382049 1.05821370542981 0 0.973737189546227 1.37650553020649 1.24267917172983 1.5644744981546 1.47617175779305 1.93338532117195 1.04019574145786 1.45830049458891 1.29469745140523 1.24153407476842 1.65098808822222 1.87259079772048
1.57760332943872 1.10504861362278 1.28843226004392 1.12311930442229 1.46048050606623 1.88761046575382 1.28653195523657 1.75132848415524 0.975101681891829 1.47109444881789 1.40355140855536 1.42583864973858 1.15499764191918 1.53068715776317 1.36450641299598 1.31429471587762 1.11635728529654 0.973737189546227 0 1.11892237490974 1.36391117493622 1.27419755421579 1.62060002121143 1.48290041415021 1.5389051232487 1.88023525476456 1.05703588947654 1.02212690189481 1.52049933979288 1.9220001604408
1.05001753172837 1.65255252528004 1.43943946808577 1.27590578631498 1.923840648029 1.5468090865761 1.33933501248248 1.10995683073997 1.53270231978968 1.61584284668788 0.949502867879346 1.05497205047868 0.964766689809039 1.73040310433134 1.19997792155482 1.2870007310994 1.62122480850667 1.37650553020649 1.11892237490974 0 1.62556957243942 1.19939026911743 1.78662919788621 1.47824465692975 1.59734807559289 1.82864799001254 1.20738300308585 1.90196173731238 1.84042179491371 1.54648131108843
1.52935302862898 1.25204760069028 1.54522806080058 1.92825051210821 1.10724906087853 1.76143759279512 1.35004513175227 1.33666119282134 1.92027470376343 1.92823502398096 1.45071438699961 1.07409048941918 1.84081515250728 1.83827921538614 1.26461664144881 1.36507405387238 1.5085824537091 1.24267917172983 1.36391117493622 1.62556957243942 0 1.02304020081647 1.55853582150303 1.22618759097531 0.961293217958882 0.94241041992791 1.67554727569222 1.66145712486468 1.84266830259003 1.3168696789071
0.93932770146057 1.07572550931945 1.49161784606986 1.37279685330577 1.49593056295998 1.38594826101325 1.90178092359565 1.90861309273168 1.62987308739685 1.76830320735462 1.12624438735656 1.60190375591628 1.85563896014355 1.90751211857423 1.10304072126746 1.30174079583958 1.4350798917003 1.5644744981546 1.27419755421579 1.19939026911743 1.02304020081647 0 1.49766231910326 1.3825433771126 1.55404434446245 1.72728054877371 1.58551914105192 0.978894646978006 1.29454229120165 1.48409072705545
1.79753278964199 1.27314557461068 1.02310364902951 1.4428793862462 1.3819757848978 1.77293840656057 1.53646917711012 1.39343306212686 1.23601831193082 1.22403075452894 1.76115417387336 1.19253173610196 1.57725744578056 1.37541693146341 1.37879154970869 1.65206807944924 1.78911986714229 1.47617175779305 1.62060002121143 1.78662919788621 1.55853582150303 1.49766231910326 0 1.79821086721495 1.34405126539059 1.59841371211223 1.14162656664848 1.11088110716082 1.66931924596429 1.90900942357257
0.98650775058195 0.992728226119652 1.32183390576392 1.00712418276817 1.72713435650803 1.23540885862894 1.31946743559092 1.45856968988664 1.9276208546944 0.956980106653646 1.57407023804262 1.29417811124586 1.69249880476855 0.966949454974383 1.52839953149669 1.15904641430825 1.40854109148495 1.93338532117195 1.48290041415021 1.47824465692975 1.22618759097531 1.3825433771126 1.79821086721495 0 1.05404661572538 1.63364402367733 1.22294100094587 1.15488221985288 1.75317264464684 1.80595519184135
1.00783607037738 1.54228235874325 0.972767571453005 1.69558194163255 1.5046361957211 1.4084979314357 1.29722704645246 1.51987999025732 0.993500821525231 1.57191201183014 1.77111173258163 0.98365429113619 1.67761454847641 1.02211001818068 1.77787583158351 1.15464243222959 1.18803372816183 1.04019574145786 1.5389051232487 1.59734807559289 0.961293217958882 1.55404434446245 1.34405126539059 1.05404661572538 0 1.59415756654926 1.00287737161852 1.2290322331246 1.50356608396396 1.87835685489699
1.05321402288973 1.40195576008409 1.24677506368607 1.72821677080356 1.84573888545856 1.53667468763888 1.67693136935122 1.29946357477456 1.36600367631763 1.35490370518528 1.56486543291248 1.76067445101216 1.87740606279112 1.67322373366915 1.76689096260816 1.33701894269325 1.06374932220206 1.45830049458891 1.88023525476456 1.82864799001254 0.94241041992791 1.72728054877371 1.59841371211223 1.63364402367733 1.59415756654926 0 1.25712577463128 1.3740204507485 1.76017100643367 1.06779969995841
1.25194659084082 1.83400244032964 1.00555882113986 1.5074279117398 1.54171691811644 1.4758864894975 1.70376556413248 1.90488534467295 1.45378500642255 1.02864428865723 1.4046414392069 1.55864692432806 1.60215906845406 1.36205137637444 1.30237777298316 1.13131735287607 1.2371533322148 1.29469745140523 1.05703588947654 1.20738300308585 1.67554727569222 1.58551914105192 1.14162656664848 1.22294100094587 1.00287737161852 1.25712577463128 0 0.965287415543571 1.00254921149462 1.7669342616573
1.55003699124791 1.42976786056533 1.90556718292646 1.77051515574567 1.70183735853061 1.02997412020341 1.66187038598582 1.63958373852074 1.48327884310856 1.24173813895322 1.26825680304319 1.3531638213899 1.59604549128562 1.61169793806039 1.78216995694675 1.68547884281725 1.79649997665547 1.24153407476842 1.02212690189481 1.90196173731238 1.66145712486468 0.978894646978006 1.11088110716082 1.15488221985288 1.2290322331246 1.3740204507485 0.965287415543571 0 1.29270466393791 1.09066745825112
1.66555045498535 1.06791140604764 1.17196312663145 1.09931272966787 1.54014354338869 1.02456022868864 1.29713764926419 1.08210575953126 1.78415164467879 1.13375175674446 1.2591224280186 1.16869545564987 1.09222706384026 1.11848448123783 1.80045391316526 1.73352839821018 1.30222651129588 1.65098808822222 1.52049933979288 1.84042179491371 1.84266830259003 1.29454229120165 1.66931924596429 1.75317264464684 1.50356608396396 1.76017100643367 1.00254921149462 1.29270466393791 0 1.02483154181391
1.73470362811349 1.74064604006708 1.887675604783 1.12364986469038 1.07987813395448 1.11919959727675 1.45374831696972 1.62083114963025 1.50147247058339 1.17397393821739 1.66448534023948 0.995501927100122 1.07627595053054 1.19959708233364 1.68875396600924 1.87806334788911 1.51071614562534 1.87259079772048 1.9220001604408 1.54648131108843 1.3168696789071 1.48409072705545 1.90900942357257 1.80595519184135 1.87835685489699 1.06779969995841 1.7669342616573 1.09066745825112 1.02483154181391 0
