0 1.77922566514462 1.17034301022068 1.00094041414559 1.32474048645236 1.55957466317341 1.59972468880005 1.23958341917023 1.68880238733254 1.05911472719163 1.71289475006051 1.41699564643204 1.90294538112357 1.73546167486347 1.68225446972065 1.7826306221541 1.37016570731066 1.4922127162572 1.49602572154254 1.02735911263153 1.27447072230279 1.12206013384275 1.27791700977832 1.55173565191217 1.0099468335975 1.68045420991257 1.50654051988386 1.93643829342909 1.28554399963468 1.85569894639775
1.77922566514462 0 1.93862004042603 1.18466463778168 1.09646558528766 1.6079136012122 1.20887250942178 1.53825659956783 1.72450547106564 1.00918246689253 1.73186494037509 1.81370255001821 1.05182301835157 1.54078656551428 1.53315062168986 1.25946335098706 1.65876038651913 1.75166727462783 1.59154311497696 1.92120035504922 1.94920155918226 1.44995697261766 1.83102173660882 1.61956674209796 1.66017778869718 1.29322558618151 1.6831233499106 1.77352779591456 1.51398168178275 0.998095571994781
1.17034301022068 1.93862004042603 0 1.67454283079132 1.95215903082862 1.07581608812325 1.40037347516045 1.5030567839276 1.03915628837422 1.56986941141076 1.28726783720776 1.03569225268438 1.03213947289623 1.32955191191286 1.6849890477024 1.79984354553744 1.60186237539165 1.90852658054791 1.44464257149957 1.2428077138029 0.972380266757682 1.12944430322386 1.40777184744366 1.94868842628784 0.9963283627294 1.41138977836818 1.45758918439969 1.35810367204249 1.94916335516609 1.67609966197051
1.00094041414559 1.18466463778168 1.67454283079132 0 1.62465141760185 1.14158889651299 1.06484154332429 1.81454634503461 1.15767440362833 1.46784872421995 1.15869132010266 1.12403325666673 1.80039367824793 1.11774084577337 1.29536087461747 1.07841085782275 1.53395455959253 1.08161530271173 1.7538772332482 1.7078403912019 1.64316120953299 1.34841174911708 1.75480869412422 1.42906240164302 1.80826415494084 1.21393357566558 1.43956790072843 1.03877942520194 1.78349535143934 1.42699862504378
1.32474048645236 1.09646558528766 1.95215903082862 1.62465141760185 0 1.88141158781946 1.12219529831782 0.98014170397073 1.62734002457 1.22300383890979 1.67443495499901 1.13465260481462 1.40189180593006 1.14654487697408 1.00014780741185 1.91690969304182 1.25710969325155 1.27133327722549 1.53898085677065 1.25738893309608 1.87849820451811 1.24037957796827 1.27406631573103 1.27366101322696 1.46967678423971 1.82916007610038 1.03537536482327 1.56159973889589 1.69326132140122 1.06563802156597
1.55957466317341 1.6079136012122 1.07581608812325 1.14158889651299 1.88141158781946 0 1.60628256201744 0.956343999132514 1.9136318732053 1.34427737607621 1.6164904423058 1.40881380951032 1.75836968282238 1.39050038345158 1.8418562989682 1.38308936613612 1.56585096032359 1.76700032129884 1.73859165841714 1.43872332503088 1.71488347020932 1.79556644777767 1.27372988918796 1.17559392796829 1.22340135276318 1.11079054977745 1.77480797911994 1.92190631409176 1.70345739228651 1.3638860930223
1.59972468880005 1.20887250942178 1.40037347516045 1.06484154332429 1.12219529831782 1.60628256201744 0 1.32847458380274 1.70543894800358 1.50379294389859 1.35007481998764 1.46140239248052 1.70920038712211 1.66618844470941 1.83980200253427 1.13067178381607 1.32151660998352 1.46755380439572 1.32436448941007 1.19240142358467 1.51741280639544 1.63352041505277 1.68039806303568 1.50056664715521 1.39958079531789 1.94246542360634 1.19305738690309 1.39665670809336 1.1630690342281 1.9340356150642
1.23958341917023 1.53825659956783 1.5030567839276 1.81454634503461 0.98014170397073 0.956343999132514 1.32847458380274 0 1.36616045911796 1.94301350973547 1.09661045041867 1.55521310097538 1.49724259180948 1.35879439278506 1.74593179021031 1.74987144372426 1.67588205751963 1.30876536178403 1.75710558937863 1.3211618384812 1.3233394199051 1.83103792299516 1.61999564873986 1.27900123363361 1.52421471546404 1.47482831659727 1.93225754448213 1.50824689329602 1.29977772478014 1.26852704654448
1.68880238733254 1.72450547106564 1.03915628837422 1.15767440362833 1.62734002457 1.9136318732053 1.70543894800358 1.36616045911796 0 1.60249465843663 1.9488729017321 1.9494731312152 1.10628102696501 1.64925781893544 0.986629203194752 1.60763571690768 1.37912098970264 1.39433291158639 1.11349827772938 1.4910831975285 1.08589576138183 1.74386038188823 1.71422840561718 1.4940337636508 1.3560954190325 1.06984233506955 1.0842870620545 0.961345800897107 1.91858982760459 1.00819670129567
1.05911472719163 1.00918246689253 1.56986941141076 1.46784872421995 1.22300383890979 1.34427737607621 1.50379294389859 1.94301350973547 1.60249465843663 0 1.84258507820778 1.72810082486831 1.71327301883139 0.979591833660379 1.13029086054303 1.1924764662981 1.56162006733939 1.63635244988836 1.54497767239809 1.54297200567089 1.91704450570978 1.94269192800857 1.84081117855385 1.45869586640038 1.89827974280342 1.9481477078516 1.33332186355256 1.71566532994621 1.89216141588986 1.33528062328696
1.71289475006051 1.73186494037509 1.28726783720776 1.15869132010266 1.67443495499901 1.6164904423058 1.35007481998764 1.09661045041867 1.9488729017321 1.84258507820778 0 1.36804315494373 1.36585461511277 1.72380327107385 1.62213507876731 1.57058698800392 1.83743779361248 1.71354090212844 0.965292184380814 1.90777081996202 1.86260835081339 1.76402932358906 1.94346260139719 1.00275296764448 1.14621850661933 1.67576049733907 1.3476783989463 0.987527100834996 1.31820668675937 1.6883349029813
1.41699564643204 1.81370255001821 1.03569225268438 1.12403325666673 1.13465260481462 1.40881380951032 1.46140239248052 1.55521310097538 1.9494731312152 1.72810082486831 1.36804315494373 0 1.01456074090675 1.87376559013501 1.58841465809382 1.54447420872748 1.59571150317788 1.70871118921787 1.39384988788515 1.64906748966314 1.65354054700583 1.04653664981015 1.74146707868204 1.66567779378965 1.49014877341688 1.82360730832443 1.24808292230591 1.39411875326186 1.55604292359203 1.15621479949914
1.90294538112357 1.05182301835157 1.03213947289623 1.80039367824793 1.40189180593006 1.75836968282238 1.70920038712211 1.49724259180948 1.10628102696501 1.71327301883139 1.36585461511277 1.01456074090675 0 1.56830316362903 1.23054941906594 1.69683413719758 1.39054525899701 1.83554833801463 1.13063221867196 1.85705003235489 1.58283942751586 1.00804906664416 1.18901319080032 1.04168483242393 1.33368139876984 1.84729017829522 1.77407682640478 1.71761638857424 1.58559918357059 1.60662652482279
1.73546167486347 1.54078656551428 1.32955191191286 1.11774084577337 1.14654487697408 1.39050038345158 1.66618844470941 1.35879439278506 1.64925781893544 0.979591833660379 1.72380327107385 1.87376559013501 1.56830316362903 0 1.72969399392605 1.13804388116114 1.36419284320436 1.32096630125307 1.66771239740774 1.09615592192858 1.67103967559524 1.22089215531014 1.74664048082195 1.31859313021414 1.29322819039226 1.40722755505703 1.10385197820142 1.58983521768823 1.54507242608815 1.55399327352643
1.68225446972065 1.53315062168986 1.6849890477024 1.29536087461747 1.00014780741185 1.8418562989682 1.83980200253427 1.74593179021031 0.986629203194752 1.13029086054303 1.62213507876731 1.58841465809382 1.23054941906594 1.72969399392605 0 1.67771341558546 1.8208386937622 0.98970946483314 1.28080866974778 1.22480529267341 1.12316528102383 1.87947922782041 1.0431568310596 1.75133019103669 1.15584743325599 1.73519385256805 1.76292517897673 1.16765818349086 1.28196101263165 1.77067044051364
1.7826306221541 1.25946335098706 1.79984354553744 1.07841085782275 1.91690969304182 1.38308936613612 1.13067178381607 1.74987144372426 1.60763571690768 1.1924764662981 1.57058698800392 1.54447420872748 1.69683413719758 1.13804388116114 1.67771341558546 0 1.91341749043204 1.41233182442375 1.07147734775208 1.69790213205852 1.04912051418796 1.85929446457885 1.19102956657298 1.83269203780219 1.08382508368231 1.41438788082451 1.1504903587047 1.87845584843308 1.02050483669154 1.14015325717628
1.37016570731066 1.65876038651913 1.60186237539165 1.53395455959253 1.25710969325155 1.56585096032359 1.32151660998352 1.67588205751963 1.37912098970264 1.56162006733939 1.83743779361248 1.59571150317788 1.39054525899701 1.36419284320436 1.8208386937622 1.91341749043204 0 1.6549942898564 1.82669001189061 1.48240990820341 1.54563788324594 1.32789299776778 0.958268985385075 0.96911334595643 1.90075709484518 1.68082914501429 1.86738203163259 1.69622057396919 1.32154875085689 1.00419710529968
1.4922127162572 1.75166727462783 1.90852658054791 1.08161530271173 1.27133327722549 1.76700032129884 1.46755380439572 1.30876536178403 1.39433291158639 1.63635244988836 1.71354090212844 1.70871118921787 1.83554833801463 1.32096630125307 0.98970946483314 1.41233182442375 1.6549942898564 0 1.84320686548017 1.71021677996032 1.40114252804779 1.67010492435656 1.84706600918435 1.07407829514705 1.56829538568854 1.93039935454726 1.30412126448937 1.65255448874086 0.983158799586818 1.49586070957594
1.49602572154254 1.59154311497696 1.44464257149957 1.7538772332482 1.53898085677065 1.73859165841714 1.32436448941007 1.75710558937863 1.11349827772938 1.54497767239809 0.965292184380814 1.39384988788515 1.13063221867196 1.66771239740774 1.28080866974778 1.07147734775208 1.82669001189061 1.84320686548017 0 1.78243650030345 1.93502875161357 1.21927258162759 1.01244325423613 1.2009814446792 1.40268026269041 1.88926461222582 1.14230609824881 1.68550666701049 1.94960365956649 1.24577958974987
1.02735911263153 1.92120035504922 1.2428077138029 1.7078403912019 1.25738893309608 1.43872332503088 1.19240142358467 1.3211618384812 1.4910831975285 1.54297200567089 1.90777081996202 1.64906748966314 1.85705003235489 1.09615592192858 1.22480529267341 1.69790213205852 1.48240990820341 1.71021677996032 1.78243650030345 0 1.45323687372729 1.39664699626155 1.42443890334107 1.21366838668473 1.59229876101017 1.71263485634699 1.16020153625868 1.8966172914952 1.13239698437974 1.80981768900529
1.27447072230279 1.94920155918226 0.972380266757682 1.64316120953299 1.87849820451811 1.71488347020932 1.51741280639544 1.3233394199051 1.08589576138183 1.91704450570978 1.86260835081339 1.65354054700583 1.58283942751586 1.67103967559524 1.12316528102383 1.04912051418796 1.54563788324594 1.40114252804779 1.93502875161357 1.45323687372729 0 1.72835054737516 1.46420818287879 1.90057985507883 1.74942172528245 1.01223708223552 1.02650199271739 1.82398580829613 1.4522442757152 1.1236575122457
1.12206013384275 1.44995697261766 1.12944430322386 1.34841174911708 1.24037957796827 1.79556644777767 1.63352041505277 1.83103792299516 1.74386038188823 1.94269192800857 1.76402932358906 1.04653664981015 1.00804906664416 1.22089215531014 1.87947922782041 1.85929446457885 1.32789299776778 1.67010492435656 1.21927258162759 1.39664699626155 1.72835054737516 0 1.79599065170623 1.39506082516164 1.14170222380199 1.26408228743821 0.996099380310625 1.02264481317252 1.81081253755838 1.82173287658952
1.27791700977832 1.83102173660882 1.40777184744366 1.75480869412422 1.27406631573103 1.27372988918796 1.68039806303568 1.61999564873986 1.71422840561718 1.84081117855385 1.94346260139719 1.74146707868204 1.18901319080032 1.74664048082195 1.0431568310596 1.19102956657298 0.958268985385075 1.84706600918435 1.01244325423613 1.42443890334107 1.46420818287879 1.79599065170623 0 1.32568373880349 1.60941940173507 1.68765554530546 1.75736498087645 1.53247186169028 0.997315098065883 1.23495373874903
1.55173565191217 1.61956674209796 1.94868842628784 1.42906240164302 1.27366101322696 1.17559392796829 1.50056664715521 1.27900123363361 1.4940337636508 1.45869586640038 1.00275296764448 1.66567779378965 1.04168483242393 1.31859313021414 1.75133019103669 1.83269203780219 0.96911334595643 1.07407829514705 1.2009814446792 1.21366838668473 1.90057985507883 1.39506082516164 1.32568373880349 0 1.52472523832694 1.27833297755569 1.63413955341093 1.66475301375613 1.06698456639424 1.45197937707417
1.0099468335975 1.66017778869718 0.9963283627294 1.80826415494084 1.46967678423971 1.22340135276318 1.39958079531789 1.52421471546404 1.3560954190325 1.89827974280342 1.14621850661933 1.49014877341688 1.33368139876984 1.29322819039226 1.15584743325599 1.08382508368231 1.90075709484518 1.56829538568854 1.40268026269041 1.59229876101017 1.74942172528245 1.14170222380199 1.60941940173507 1.52472523832694 0 1.27774982806295 1.42357657128014 0.983901968225837 1.26468184636906 1.11806515976787
1.68045420991257 1.29322558618151 1.41138977836818 1.21393357566558 1.82916007610038 1.11079054977745 1.94246542360634 1.47482831659727 1.06984233506955 1.9481477078516 1.67576049733907 1.82360730832443 1.84729017829522 1.40722755505703 1.73519385256805 1.41438788082451 1.68082914501429 1.93039935454726 1.88926461222582 1.71263485634699 1.01223708223552 1.26408228743821 1.68765554530546 1.27833297755569 1.27774982806295 0 1.0911460716743 1.72079652897082 1.28390996158123 1.26145356753841
1.50654051988386 1.6831233499106 1.45758918439969 1.43956790072843 1.03537536482327 1.77480797911994 1.19305738690309 1.93225754448213 1.0842870620545 1.33332186355256 1.3476783989463 1.24808292230591 1.77407682640478 1.10385197820142 1.76292517897673 1.1504903587047 1.86738203163259 1.30412126448937 1.14230609824881 1.16020153625868 1.02650199271739 0.996099380310625 1.75736498087645 1.63413955341093 1.42357657128014 1.0911460716743 0 1.69455945631489 1.21258119051345 1.73999084811658
1.93643829342909 1.77352779591456 1.35810367204249 1.03877942520194 1.56159973889589 1.92190631409176 1.39665670809336 1.50824689329602 0.961345800897107 1.71566532994621 0.987527100834996 1.39411875326186 1.71761638857424 1.58983521768823 1.16765818349086 1.87845584843308 1.69622057396919 1.65255448874086 1.68550666701049 1.8966172914952 1.82398580829613 1.02264481317252 1.53247186169028 1.66475301375613 0.983901968225837 1.72079652897082 1.69455945631489 0 1.43796340352856 1.59579825075343
1.28554399963468 1.51398168178275 1.94916335516609 1.78349535143934 1.69326132140122 1.70345739228651 1.1630690342281 1.29977772478014 1.91858982760459 1.89216141588986 1.31820668675937 1.55604292359203 1.58559918357059 1.54507242608815 1.28196101263165 1.02050483669154 1.32154875085689 0.983158799586818 1.94960365956649 1.13239698437974 1.4522442757152 1.81081253755838 0.997315098065883 1.06698456639424 1.26468184636906 1.28390996158123 1.21258119051345 1.43796340352856 0 1.64909134735353
1.85569894639775 0.998095571994781 1.67609966197051 1.42699862504378 1.06563802156597 1.3638860930223 1.9340356150642 1.26852704654448 1.00819670129567 1.33528062328696 1.6883349029813 1.15621479949914 1.60662652482279 1.55399327352643 1.77067044051364 1.14015325717628 1.00419710529968 1.49586070957594 1.24577958974987 1.80981768900529 1.1236575122457 1.82173287658952 1.23495373874903 1.45197937707417 1.11806515976787 1.26145356753841 1.73999084811658 1.59579825075343 1.64909134735353 0
