0 1.34864008775912 1.22174360207282 1.61848228331655 0.948878224240616 1.11156722041778 0.91772019630298 1.67489908076823 1.37183671095408 1.29410914843902 0.932962333317846 1.3226891469676 1.05240781279281 1.00848513352685 1.40538879763335 1.23444680916145 1.57433956000023 0.955325298011303 1.25684647378512 1.23681074264459 1.58465861505829 1.23545547155663 1.78163999156095 1.23627240164205 1.00434908363968 1.02964794798754 1.08276902418584 1.64869806868955 0.902179931523278 1.22373921703547
1.34864008775912 0 1.34017568966374 1.37610744056292 1.84631540230475 1.07902103033848 1.3534915309865 1.69820038927719 1.47585474862717 1.13139933603816 0.952655032044277 1.63298545940779 0.902589676901698 1.50304382992908 1.04544710507616 1.32235900033265 1.65402801265009 1.55760958581232 1.403184305178 1.25013249740005 0.958907530177385 1.39346755319275 1.36152766249143 1.74903773632832 1.6829883668106 1.76138906273991 0.92540145595558 0.913612354081124 1.3648120618891 1.61492259404622
1.22174360207282 1.34017568966374 0 1.68171876296401 1.11685891845264 1.22286459710449 1.57536683417857 1.12392890732735 1.62227253592573 1.74743815558031 1.38793246122077 0.977205273928121 1.52887915540487 1.61296613700688 1.67042136914097 1.50330256181769 1.12096724822186 1.07723953388631 1.35434917127714 1.13057226943783 1.36261517251842 0.954091028310359 1.03939462872222 1.86882119579241 1.24875231995247 1.13816910027526 1.07982439547777 0.941163172246888 1.06390065397136 1.29829442151822
1.61848228331655 1.37610744056292 1.68171876296401 0 1.48590015247464 1.21988359326497 1.58413336379454 0.977806020760909 1.17625516001135 1.22682856931351 0.981455093482509 1.2345782071352 1.10520233795978 0.952164043672383 1.3418683684431 1.830549093429 1.09095398150384 1.68286948651075 1.70510780462064 1.44722956838086 1.2756723233033 1.15783104253933 1.64470161986537 1.00633870996535 1.25350617570803 1.47501244279556 1.20308077777736 1.84819004731253 1.13911246322095 1.75516182580031
0.948878224240616 1.84631540230475 1.11685891845264 1.48590015247464 0 1.54799737990834 1.8665984205436 1.13438077247702 1.11462505627424 0.90464699966833 0.99196411925368 1.79641509032808 1.45663060317747 1.15896414290182 1.41621114453301 1.28254890162498 0.970092362025753 1.41208150330931 1.21036754967645 1.72692148550414 1.12430329946801 1.81845044228248 1.52390556083992 1.26027812063694 1.16104307118803 1.26095446292311 1.64826346002519 1.41879706131294 1.49167644185945 1.58501136512496
1.11156722041778 1.07902103033848 1.22286459710449 1.21988359326497 1.54799737990834 0 1.13976131379604 0.96133037772961 1.06594539643265 0.93085800530389 0.890394401969388 1.73695994098671 1.51840133382939 1.51271425792947 1.76954718283378 0.991813938133419 1.05762881226838 1.23915760335512 0.96634766459465 1.3412395240739 1.3221334205009 1.305836268235 1.72013169620186 1.56768464040942 0.907434801803902 1.37132500950247 1.6223542666994 1.29693934670649 1.43296420923434 0.986628574784845
0.91772019630298 1.3534915309865 1.57536683417857 1.58413336379454 1.8665984205436 1.13976131379604 0 1.09701563604176 1.60805769450963 1.84533677250147 1.05117209395394 0.996391296619549 0.976395378354937 1.12130564590916 1.1790730485227 1.39831898314878 1.36508397758007 1.14003884652629 1.51983358967118 1.03087757434696 1.25007136329077 1.08745489665307 1.48035069485195 1.01307851774618 1.27000220911577 1.28324318723753 1.77467373036779 1.49890316999517 1.73880407563411 1.08714525098912
1.67489908076823 1.69820038927719 1.12392890732735 0.977806020760909 1.13438077247702 0.96133037772961 1.09701563604176 0 1.44933470198885 1.34063057880849 1.2550039337948 1.71254323981702 1.35746564599685 1.84912473987788 1.40493570966646 1.40185043145902 1.12194826127961 1.74206490814686 1.62085552071221 1.29380285739899 0.977119969669729 1.33503973088227 1.03436950151809 1.54619752545841 1.32680480461568 1.43120868736878 1.82246452337131 1.80069652735256 1.35660169296898 0.924406500067562
1.37183671095408 1.47585474862717 1.62227253592573 1.17625516001135 1.11462505627424 1.06594539643265 1.60805769450963 1.44933470198885 0 1.71341385436244 1.67837944207713 1.7875388963148 1.0634815748781 1.33130681887269 1.46656363923103 1.11010867613368 1.76443403959274 1.87320816842839 1.0933313826099 1.30536626419052 1.09152741823345 0.947477311827242 1.02344629680738 1.28480669111013 1.23578129778616 1.79393412009813 0.984727126080543 1.59127887827344 0.899289212888107 1.26728814211674
1.29410914843902 1.13139933603816 1.74743815558031 1.22682856931351 0.90464699966833 0.93085800530389 1.84533677250147 1.34063057880849 1.71341385436244 0 1.08600008790381 1.13276974577457 1.67591446544975 1.1581491199322 1.44709852267988 1.46198945119977 1.17428471473977 1.87246864452027 1.48782367072999 0.966844552429393 0.935349012026563 1.4585196482949 1.01546773314476 1.60561784170568 1.40759967779741 1.59338397323154 1.41235351189971 1.65844572521746 1.56905951350927 1.5684908144176
0.932962333317846 0.952655032044277 1.38793246122077 0.981455093482509 0.99196411925368 0.890394401969388 1.05117209395394 1.2550039337948 1.67837944207713 1.08600008790381 0 1.14629163756035 1.4229146358557 1.70259819319472 1.64851803751662 1.78176749870181 1.62494900403544 1.46074432996102 1.67365683638491 1.4137159450911 1.56171870301478 1.15800492255948 1.3055079986807 1.04061648063362 1.60942095890641 1.58031659061089 1.31874474906363 1.41811058833264 1.23955807345919 1.28817569208331
1.3226891469676 1.63298545940779 0.977205273928121 1.2345782071352 1.79641509032808 1.73695994098671 0.996391296619549 1.71254323981702 1.7875388963148 1.13276974577457 1.14629163756035 0 0.991841637995094 1.06231925520115 0.974585467716679 1.25153569946997 1.8389272079803 1.17544641718268 1.47246108273976 1.31841873447411 1.2911049220711 1.41468345699832 1.72570289927535 1.02996994741261 1.19184680422768 1.86922277905978 1.18595041171648 1.15174129512161 1.28389400010929 1.21427757339552
1.05240781279281 0.902589676901698 1.52887915540487 1.10520233795978 1.45663060317747 1.51840133382939 0.976395378354937 1.35746564599685 1.0634815748781 1.67591446544975 1.4229146358557 0.991841637995094 0 1.32869248674251 0.957504625897855 1.83813252975233 1.19848342589103 1.11253413325176 1.20447303284891 1.67704852065071 1.18309680907987 1.28814097796567 1.58224964817055 1.31373816798441 1.35900814272463 1.39520125789568 1.30913182068616 1.24133096495643 1.51630232669413 1.29546005697921
1.00848513352685 1.50304382992908 1.61296613700688 0.952164043672383 1.15896414290182 1.51271425792947 1.12130564590916 1.84912473987788 1.33130681887269 1.1581491199322 1.70259819319472 1.06231925520115 1.32869248674251 0 1.58164521190338 1.35216415370815 1.06726407981478 1.84337579319254 1.21367198158987 1.65055656968616 1.57665545633063 1.75540017895401 1.76982003892772 1.07516750297509 0.964269737014547 1.33354695001617 1.57703727786429 1.70946323871613 1.28355079935864 1.03889093548059
1.40538879763335 1.04544710507616 1.67042136914097 1.3418683684431 1.41621114453301 1.76954718283378 1.1790730485227 1.40493570966646 1.46656363923103 1.44709852267988 1.64851803751662 0.974585467716679 0.957504625897855 1.58164521190338 0 1.73006366379559 1.44733130559325 1.09122055838816 1.69481286383234 1.32806788780726 1.42759108939208 1.82293960521929 1.35655348538421 1.29401390394196 1.24586397968233 1.07905123429373 1.33261668775231 1.51728236209601 1.19431316573173 1.78050509607419
1.23444680916145 1.32235900033265 1.50330256181769 1.830549093429 1.28254890162498 0.991813938133419 1.39831898314878 1.40185043145902 1.11010867613368 1.46198945119977 1.78176749870181 1.25153569946997 1.83813252975233 1.35216415370815 1.73006366379559 0 1.32034944230691 1.85315925744362 1.50285093812272 1.22681066044606 1.17581005999818 1.52020606165752 1.36992902331986 0.892071977257729 1.38912729430012 1.3918954229448 1.29925398342311 1.78546252474189 1.63074990012683 1.02115750289522
1.57433956000023 1.65402801265009 1.12096724822186 1.09095398150384 0.970092362025753 1.05762881226838 1.36508397758007 1.12194826127961 1.76443403959274 1.17428471473977 1.62494900403544 1.8389272079803 1.19848342589103 1.06726407981478 1.44733130559325 1.32034944230691 0 1.22761822817847 1.79417228093371 0.91367050493136 1.55030869017355 1.83312138356268 1.56914126104675 1.32343798107468 1.8275364455767 1.47101458767429 1.77326318831183 1.78095012018457 1.08142267167568 1.75326951267198
0.955325298011303 1.55760958581232 1.07723953388631 1.68286948651075 1.41208150330931 1.23915760335512 1.14003884652629 1.74206490814686 1.87320816842839 1.87246864452027 1.46074432996102 1.17544641718268 1.11253413325176 1.84337579319254 1.09122055838816 1.85315925744362 1.22761822817847 0 1.72253826539963 1.78546340204775 1.24784712935798 1.66478175017983 1.55962630617432 1.11433852510527 1.29723538272083 1.66113648866303 1.0734513620846 1.23388926615007 1.11074912361801 1.49318069429137
1.25684647378512 1.403184305178 1.35434917127714 1.70510780462064 1.21036754967645 0.96634766459465 1.51983358967118 1.62085552071221 1.0933313826099 1.48782367072999 1.67365683638491 1.47246108273976 1.20447303284891 1.21367198158987 1.69481286383234 1.50285093812272 1.79417228093371 1.72253826539963 0 1.52924120589159 1.84224258782342 1.53989289188758 1.75249389698729 1.84906544955447 1.1186922416091 1.69604864646681 0.947435325942934 0.94136114930734 1.44477697811089 1.70331290317699
1.23681074264459 1.25013249740005 1.13057226943783 1.44722956838086 1.72692148550414 1.3412395240739 1.03087757434696 1.29380285739899 1.30536626419052 0.966844552429393 1.4137159450911 1.31841873447411 1.67704852065071 1.65055656968616 1.32806788780726 1.22681066044606 0.91367050493136 1.78546340204775 1.52924120589159 0 1.69504860043526 1.16789223998785 1.56887685810216 1.16650779149495 1.14266812615097 1.87233493756503 1.08611684897915 1.39036847557873 0.962128701154143 1.54899051622488
1.58465861505829 0.958907530177385 1.36261517251842 1.2756723233033 1.12430329946801 1.3221334205009 1.25007136329077 0.977119969669729 1.09152741823345 0.935349012026563 1.56171870301478 1.2911049220711 1.18309680907987 1.57665545633063 1.42759108939208 1.17581005999818 1.55030869017355 1.24784712935798 1.84224258782342 1.69504860043526 0 1.06533017312177 1.17516698688269 1.04477626038715 1.67260046955198 1.67002814053558 1.56716823205352 1.76720230584033 1.73830690351315 1.72830739617348
1.23545547155663 1.39346755319275 0.954091028310359 1.15783104253933 1.81845044228248 1.305836268235 1.08745489665307 1.33503973088227 0.947477311827242 1.4585196482949 1.15800492255948 1.41468345699832 1.28814097796567 1.75540017895401 1.82293960521929 1.52020606165752 1.83312138356268 1.66478175017983 1.53989289188758 1.16789223998785 1.06533017312177 0 1.23256572755054 1.46159927616827 1.43677994655445 1.81570937903598 1.74178668064997 1.81292504887097 1.26465763966553 1.43141554365866
1.78163999156095 1.36152766249143 1.03939462872222 1.64470161986537 1.52390556083992 1.72013169620186 1.48035069485195 1.03436950151809 1.02344629680738 1.01546773314476 1.3055079986807 1.72570289927535 1.58224964817055 1.76982003892772 1.35655348538421 1.36992902331986 1.56914126104675 1.55962630617432 1.75249389698729 1.56887685810216 1.17516698688269 1.23256572755054 0 1.20020811329596 1.73056898429058 1.28047650703229 1.05004153843038 1.62139482144266 1.1433229111135 1.5683824243024
1.23627240164205 1.74903773632832 1.86882119579241 1.00633870996535 1.26027812063694 1.56768464040942 1.01307851774618 1.54619752545841 1.28480669111013 1.60561784170568 1.04061648063362 1.02996994741261 1.31373816798441 1.07516750297509 1.29401390394196 0.892071977257729 1.32343798107468 1.11433852510527 1.84906544955447 1.16650779149495 1.04477626038715 1.46159927616827 1.20020811329596 0 1.48726513935253 1.6945729823783 1.40185843477957 1.32598162069917 1.88432686426677 1.45667662727647
1.00434908363968 1.6829883668106 1.24875231995247 1.25350617570803 1.16104307118803 0.907434801803902 1.27000220911577 1.32680480461568 1.23578129778616 1.40759967779741 1.60942095890641 1.19184680422768 1.35900814272463 0.964269737014547 1.24586397968233 1.38912729430012 1.8275364455767 1.29723538272083 1.1186922416091 1.14266812615097 1.67260046955198 1.43677994655445 1.73056898429058 1.48726513935253 0 0.928914109244943 1.67923813778907 1.88760266383179 1.28676610835828 1.57158483541571
1.02964794798754 1.76138906273991 1.13816910027526 1.47501244279556 1.26095446292311 1.37132500950247 1.28324318723753 1.43120868736878 1.79393412009813 1.59338397323154 1.58031659061089 1.86922277905978 1.39520125789568 1.33354695001617 1.07905123429373 1.3918954229448 1.47101458767429 1.66113648866303 1.69604864646681 1.87233493756503 1.67002814053558 1.81570937903598 1.28047650703229 1.6945729823783 0.928914109244943 0 1.77294881129637 1.82681865431368 1.11281255818903 1.69791333051398
1.08276902418584 0.92540145595558 1.07982439547777 1.20308077777736 1.64826346002519 1.6223542666994 1.77467373036779 1.82246452337131 0.984727126080543 1.41235351189971 1.31874474906363 1.18595041171648 1.30913182068616 1.57703727786429 1.33261668775231 1.29925398342311 1.77326318831183 1.0734513620846 0.947435325942934 1.08611684897915 1.56716823205352 1.74178668064997 1.05004153843038 1.40185843477957 1.67923813778907 1.77294881129637 0 1.45266813202761 1.75788166513667 1.43808383564465
1.64869806868955 0.913612354081124 0.941163172246888 1.84819004731253 1.41879706131294 1.29693934670649 1.49890316999517 1.80069652735256 1.59127887827344 1.65844572521746 1.41811058833264 1.15174129512161 1.24133096495643 1.70946323871613 1.51728236209601 1.78546252474189 1.78095012018457 1.23388926615007 0.94136114930734 1.39036847557873 1.76720230584033 1.81292504887097 1.62139482144266 1.32598162069917 1.88760266383179 1.82681865431368 1.45266813202761 0 1.31341261835769 1.04356990009546
0.902179931523278 1.3648120618891 1.06390065397136 1.13911246322095 1.49167644185945 1.43296420923434 1.73880407563411 1.35660169296898 0.899289212888107 1.56905951350927 1.23955807345919 1.28389400010929 1.51630232669413 1.28355079935864 1.19431316573173 1.63074990012683 1.08142267167568 1.11074912361801 1.44477697811089 0.962128701154143 1.73830690351315 1.26465763966553 1.1433229111135 1.88432686426677 1.28676610835828 1.11281255818903 1.75788166513667 1.31341261835769 0 1.13368627498858
1.22373921703547 1.61492259404622 1.29829442151822 1.75516182580031 1.58501136512496 0.986628574784845 1.08714525098912 0.924406500067562 1.26728814211674 1.5684908144176 1.28817569208331 1.21427757339552 1.29546005697921 1.03889093548059 1.78050509607419 1.02115750289522 1.75326951267198 1.49318069429137 1.70331290317699 1.54899051622488 1.72830739617348 1.43141554365866 1.5683824243024 1.45667662727647 1.57158483541571 1.69791333051398 1.43808383564465 1.04356990009546 1.13368627498858 0
