0 1.39954569656402 1.41673490172252 1.56225870386697 1.81079556746408 1.63179309642874 1.781636770349 1.6810081449803 1.26480070292018 1.43840865022503 1.54520034464076 1.07330142660066 1.5686253530439 1.38453597715124 1.24259542976506 1.14665880613029 1.76813202886842 1.76449779095128 1.59429813944735 1.66657078126445 0.919119563885033 1.63646345888264 1.82321607111953 1.71873062523082 1.24802331323735 1.87477226206101 1.63772561796941 1.30540678254329 1.64463701006025 0.935755783459172
1.39954569656402 0 1.48041007411666 1.25926236249506 1.79079048591666 1.69690238521434 1.69327911478467 1.71688030241057 1.4442558917217 1.26921766041778 1.67062761471607 1.48438065755181 1.53437341237441 1.06707489932887 1.65769648738205 1.34338646079414 1.0005220300518 1.52760330960155 1.32985302782618 1.50189908733591 1.58222358277999 1.7409214777872 1.30453493120149 1.30582131794654 1.46691623260267 1.54779637255706 1.60702884662896 1.47412274568342 1.66229050024413 1.05080660199746
1.41673490172252 1.48041007411666 0 1.12817463534884 1.76418638927862 1.66648167255335 1.44324175128713 1.50357649195939 1.88696603942662 1.19077247870155 1.11804682645015 1.72208578372374 1.56430748943239 1.87170729483478 1.17388053005561 1.4005885196384 1.36615431657992 1.82050244300626 1.12265808298253 1.63013666821644 1.34298027609475 1.23529046308249 1.40792425349355 1.39551463653333 1.12029210012406 1.79565337765962 1.28023414802738 1.11185839236714 1.68762469501235 1.05232758889906
1.56225870386697 1.25926236249506 1.12817463534884 0 1.80696186074056 0.970992116257548 1.67384050227702 1.54776995768771 1.5945934318006 1.24900114769116 1.71846135216765 1.73838712926954 1.39442354487255 1.59143979242072 1.56906572775915 1.65202463115565 0.965142310829833 1.34710590774193 1.77770317811519 1.34860177105293 1.50984473736025 1.82784423907287 1.62724309158511 1.02271521068178 1.22400146420114 1.1789822964929 1.15417440212332 1.54776500724256 0.925373468315229 1.30303881620057
1.81079556746408 1.79079048591666 1.76418638927862 1.80696186074056 0 1.29608406941406 1.56875244551338 1.22863094625063 1.40331463096663 1.39635648438707 1.20216420851648 1.49005590146407 1.57072999654338 1.523684122134 1.63827818562277 1.79784979508258 1.58069048915058 1.2052328013815 1.07841791817918 1.58723664865829 1.10512795369141 1.55078127118759 1.35099813621491 1.84854022995569 1.66324363835156 1.05609461152926 1.35849023610353 1.29333125730045 1.36817903653719 1.63072382169776
1.63179309642874 1.69690238521434 1.66648167255335 0.970992116257548 1.29608406941406 0 1.74891765089706 1.4394406506326 1.71829259069636 1.15442724339664 1.74576440616511 1.7686732893344 1.30495790345594 1.27460689563304 1.76789446501061 0.952315151458606 1.45667303353548 1.55220137257129 1.52345300232992 1.81237075128593 1.49166770395823 1.85588414268568 1.72284809383564 1.41772182681598 1.75177434552461 1.08245809632353 1.77395002893172 1.53517576190643 1.50156770227477 1.17429762310348
1.781636770349 1.69327911478467 1.44324175128713 1.67384050227702 1.56875244551338 1.74891765089706 0 1.18756244610995 1.04858716600575 1.41983555397019 0.988192188786343 0.911228146404028 1.05223380541429 1.02364332438447 1.39731735247187 1.44084193254821 1.02064004237764 1.21190134505741 1.50902474205941 1.51979771954939 1.08183583035134 1.83303345669992 1.71707088407129 1.20106560830027 1.42539313039742 1.54134164983407 1.49270223570056 1.17539363331161 1.6775322642643 1.05288168904372
1.6810081449803 1.71688030241057 1.50357649195939 1.54776995768771 1.22863094625063 1.4394406506326 1.18756244610995 0 1.18247050931677 1.24331285897642 1.24903787393123 1.61611494026147 1.65931803244166 1.56026359973475 1.40925349108875 1.14661691267975 1.05827074032277 1.17658900562674 1.2312161824666 1.47379551362246 0.95832783007063 1.17927136691287 1.0744243664667 1.49289249815047 1.54248235095292 1.04728156328201 1.4456503696274 1.82247540401295 1.56868204521015 1.4427499929443
1.26480070292018 1.4442558917217 1.88696603942662 1.5945934318006 1.40331463096663 1.71829259069636 1.04858716600575 1.18247050931677 0 1.06226693745703 1.08111666771583 1.5159118513111 1.05816719937138 1.78486943244934 1.67679278925061 1.68526698136702 1.57342305663042 1.71587865357287 1.61158122704364 1.87309419643134 1.50695938197896 1.63890886865556 1.37732435506769 1.48985194996931 1.23723368300125 1.82369444146752 1.38487600372173 1.16537171998061 1.75218738708645 1.76906361454166
1.43840865022503 1.26921766041778 1.19077247870155 1.24900114769116 1.39635648438707 1.15442724339664 1.41983555397019 1.24331285897642 1.06226693745703 0 1.15386814018711 0.915442582219839 0.966586700407788 1.06354888901114 1.62878343486227 1.7060968123842 1.34970555617474 0.979337830562145 1.07200585794635 1.32830129447393 1.45795572688803 1.16241227788851 1.69818140519783 1.06141807162203 1.87426589825191 1.06475927028805 1.56272652628832 1.16069326316938 1.03587718144991 1.55334182921797
1.54520034464076 1.67062761471607 1.11804682645015 1.71846135216765 1.20216420851648 1.74576440616511 0.988192188786343 1.24903787393123 1.08111666771583 1.15386814018711 0 1.73061579815112 0.969178167171776 1.6375024842564 1.45219595963135 1.1013066698797 1.04412615508772 1.80917570972815 1.1996871731244 1.73249366134405 1.61040761880577 1.68509188177995 1.82623032084666 1.3086615873035 1.42262464854866 1.26056173699908 1.84857494826429 0.932733796071261 0.933338408824056 0.960336017422378
1.07330142660066 1.48438065755181 1.72208578372374 1.73838712926954 1.49005590146407 1.7686732893344 0.911228146404028 1.61611494026147 1.5159118513111 0.915442582219839 1.73061579815112 0 1.34513842710294 1.07569424808025 1.36605133861303 1.53798700659536 0.901852617505938 1.1115843935404 1.70799755677581 1.38447245815769 1.30281190481037 1.67034914018586 1.30497488449328 1.06335337762721 1.33692112285644 1.21688680863008 1.85478566261008 1.73881275486201 1.23004921944812 1.29412115435116
1.5686253530439 1.53437341237441 1.56430748943239 1.39442354487255 1.57072999654338 1.30495790345594 1.05223380541429 1.65931803244166 1.05816719937138 0.966586700407788 0.969178167171776 1.34513842710294 0 1.47785118524916 1.45349275437184 1.04014690662734 1.12682195170783 1.26350768166594 1.74692457308993 1.23591574281454 1.71056526736356 1.67940724710934 1.87163072661497 1.04526147106662 1.62139723310247 1.1235806143377 1.61232645413838 1.10607656789944 1.11890605185181 1.41097532305866
1.38453597715124 1.06707489932887 1.87170729483478 1.59143979242072 1.523684122134 1.27460689563304 1.02364332438447 1.56026359973475 1.78486943244934 1.06354888901114 1.6375024842564 1.07569424808025 1.47785118524916 0 0.942651564022526 1.75759531976655 1.8857471162919 1.02602012781426 1.76671949448064 1.1084101817105 1.17242845683359 1.39525071531534 1.25293439440429 1.13052073982544 1.84369859052822 1.6065928589087 1.4889330107253 1.10068079363555 1.54667077073827 1.3789836880751
1.24259542976506 1.65769648738205 1.17388053005561 1.56906572775915 1.63827818562277 1.76789446501061 1.39731735247187 1.40925349108875 1.67679278925061 1.62878343486227 1.45219595963135 1.36605133861303 1.45349275437184 0.942651564022526 0 1.38484470965341 1.62434916221537 1.37438521860167 1.33525668154471 1.01579296775162 1.65230602305382 1.79830112028867 1.48644330608658 1.44759323098697 1.03665237431414 1.03295735130087 1.83959825150669 1.7099316988606 1.385222180048 1.7793098941911
1.14665880613029 1.34338646079414 1.4005885196384 1.65202463115565 1.79784979508258 0.952315151458606 1.44084193254821 1.14661691267975 1.68526698136702 1.7060968123842 1.1013066698797 1.53798700659536 1.04014690662734 1.75759531976655 1.38484470965341 0 1.6397252464667 1.019679405028 1.38074852735735 1.51989563787356 1.44741679541767 1.7369453269057 1.83399291918613 1.12016316573136 0.979253702098504 1.30277872341685 1.78754022228532 1.52943521924317 1.36435373453423 1.79682900151238
1.76813202886842 1.0005220300518 1.36615431657992 0.965142310829833 1.58069048915058 1.45667303353548 1.02064004237764 1.05827074032277 1.57342305663042 1.34970555617474 1.04412615508772 0.901852617505938 1.12682195170783 1.8857471162919 1.62434916221537 1.6397252464667 0 1.79272497491911 0.917103142477572 1.21242369781248 1.24370822287165 1.41936502465978 1.65443426393904 1.09012193768285 1.84125994262286 1.24998314818367 1.38085644016974 1.06277242372744 1.64301662426442 1.06039851740934
1.76449779095128 1.52760330960155 1.82050244300626 1.34710590774193 1.2052328013815 1.55220137257129 1.21190134505741 1.17658900562674 1.71587865357287 0.979337830562145 1.80917570972815 1.1115843935404 1.26350768166594 1.02602012781426 1.37438521860167 1.019679405028 1.79272497491911 0 1.85269361292012 1.14938162383623 1.6831474066712 1.68649636302143 1.65317135630175 1.74940153141506 1.77466586139053 1.62508818879724 1.24092787294649 1.32330051693134 1.25327738537453 1.84703476750292
1.59429813944735 1.32985302782618 1.12265808298253 1.77770317811519 1.07841791817918 1.52345300232992 1.50902474205941 1.2312161824666 1.61158122704364 1.07200585794635 1.1996871731244 1.70799755677581 1.74692457308993 1.76671949448064 1.33525668154471 1.38074852735735 0.917103142477572 1.85269361292012 0 1.46457044803537 1.21060171839781 1.79093264485709 1.14150568889454 1.33783342409879 1.30456220498309 0.958692704094574 1.83966579800472 1.55675478442572 1.49628313770518 1.05023222160526
1.66657078126445 1.50189908733591 1.63013666821644 1.34860177105293 1.58723664865829 1.81237075128593 1.51979771954939 1.47379551362246 1.87309419643134 1.32830129447393 1.73249366134405 1.38447245815769 1.23591574281454 1.1084101817105 1.01579296775162 1.51989563787356 1.21242369781248 1.14938162383623 1.46457044803537 0 1.67807857436128 1.11709791584872 1.25392691488378 0.934827836928889 1.11849620053545 1.10626360145397 1.54128566686995 1.01268707960844 1.43961741658859 1.77643475844525
0.919119563885033 1.58222358277999 1.34298027609475 1.50984473736025 1.10512795369141 1.49166770395823 1.08183583035134 0.95832783007063 1.50695938197896 1.45795572688803 1.61040761880577 1.30281190481037 1.71056526736356 1.17242845683359 1.65230602305382 1.44741679541767 1.24370822287165 1.6831474066712 1.21060171839781 1.67807857436128 0 0.968166692415252 1.01092565339059 1.33411363069899 1.7829324665945 1.72267701337114 1.62599206226878 1.05354732298292 0.960556764854118 0.974732846487314
1.63646345888264 1.7409214777872 1.23529046308249 1.82784423907287 1.55078127118759 1.85588414268568 1.83303345669992 1.17927136691287 1.63890886865556 1.16241227788851 1.68509188177995 1.67034914018586 1.67940724710934 1.39525071531534 1.79830112028867 1.7369453269057 1.41936502465978 1.68649636302143 1.79093264485709 1.11709791584872 0.968166692415252 0 1.10981092625298 1.48992202663794 1.71314914128743 0.996360519202426 1.624120029388 1.28416345687583 1.46279655164108 1.85556397819892
1.82321607111953 1.30453493120149 1.40792425349355 1.62724309158511 1.35099813621491 1.72284809383564 1.71707088407129 1.0744243664667 1.37732435506769 1.69818140519783 1.82623032084666 1.30497488449328 1.87163072661497 1.25293439440429 1.48644330608658 1.83399291918613 1.65443426393904 1.65317135630175 1.14150568889454 1.25392691488378 1.01092565339059 1.10981092625298 0 1.39222233579494 1.39393364777789 1.16384130017832 1.38109663687646 1.47940892050974 1.27785632712767 1.08294643717818
1.71873062523082 1.30582131794654 1.39551463653333 1.02271521068178 1.84854022995569 1.41772182681598 1.20106560830027 1.49289249815047 1.48985194996931 1.06141807162203 1.3086615873035 1.06335337762721 1.04526147106662 1.13052073982544 1.44759323098697 1.12016316573136 1.09012193768285 1.74940153141506 1.33783342409879 0.934827836928889 1.33411363069899 1.48992202663794 1.39222233579494 0 1.7063656388782 1.84753276244737 1.23190795793198 1.4318264760077 0.905978894326836 0.95686169154942
1.24802331323735 1.46691623260267 1.12029210012406 1.22400146420114 1.66324363835156 1.75177434552461 1.42539313039742 1.54248235095292 1.23723368300125 1.87426589825191 1.42262464854866 1.33692112285644 1.62139723310247 1.84369859052822 1.03665237431414 0.979253702098504 1.84125994262286 1.77466586139053 1.30456220498309 1.11849620053545 1.7829324665945 1.71314914128743 1.39393364777789 1.7063656388782 0 1.72603688435629 1.67372339800932 1.12141469144262 1.69126033782959 1.84188709664159
1.87477226206101 1.54779637255706 1.79565337765962 1.1789822964929 1.05609461152926 1.08245809632353 1.54134164983407 1.04728156328201 1.82369444146752 1.06475927028805 1.26056173699908 1.21688680863008 1.1235806143377 1.6065928589087 1.03295735130087 1.30277872341685 1.24998314818367 1.62508818879724 0.958692704094574 1.10626360145397 1.72267701337114 0.996360519202426 1.16384130017832 1.84753276244737 1.72603688435629 0 1.53845787118189 1.59305871627294 0.941553868120536 1.44979098043405
1.63772561796941 1.60702884662896 1.28023414802738 1.15417440212332 1.35849023610353 1.77395002893172 1.49270223570056 1.4456503696274 1.38487600372173 1.56272652628832 1.84857494826429 1.85478566261008 1.61232645413838 1.4889330107253 1.83959825150669 1.78754022228532 1.38085644016974 1.24092787294649 1.83966579800472 1.54128566686995 1.62599206226878 1.624120029388 1.38109663687646 1.23190795793198 1.67372339800932 1.53845787118189 0 1.76945066032931 0.922068458516151 1.66572330589406
1.30540678254329 1.47412274568342 1.11185839236714 1.54776500724256 1.29333125730045 1.53517576190643 1.17539363331161 1.82247540401295 1.16537171998061 1.16069326316938 0.932733796071261 1.73881275486201 1.10607656789944 1.10068079363555 1.7099316988606 1.52943521924317 1.06277242372744 1.32330051693134 1.55675478442572 1.01268707960844 1.05354732298292 1.28416345687583 1.47940892050974 1.4318264760077 1.12141469144262 1.59305871627294 1.76945066032931 0 1.07860823301598 1.65750194760039
1.64463701006025 1.66229050024413 1.68762469501235 0.925373468315229 1.36817903653719 1.50156770227477 1.6775322642643 1.56868204521015 1.75218738708645 1.03587718144991 0.933338408824056 1.23004921944812 1.11890605185181 1.54667077073827 1.385222180048 1.36435373453423 1.64301662426442 1.25327738537453 1.49628313770518 1.43961741658859 0.960556764854118 1.46279655164108 1.27785632712767 0.905978894326836 1.69126033782959 0.941553868120536 0.922068458516151 1.07860823301598 0 0.964314118027687
0.935755783459172 1.05080660199746 1.05232758889906 1.30303881620057 1.63072382169776 1.17429762310348 1.05288168904372 1.4427499929443 1.76906361454166 1.55334182921797 0.960336017422378 1.29412115435116 1.41097532305866 1.3789836880751 1.7793098941911 1.79682900151238 1.06039851740934 1.84703476750292 1.05023222160526 1.77643475844525 0.974732846487314 1.85556397819892 1.08294643717818 0.95686169154942 1.84188709664159 1.44979098043405 1.66572330589406 1.65750194760039 0.964314118027687 0
