0 1.90117732132785 1.3928571860306 1.23748919647187 1.16060104663484 1.69493661588058 1.35933739528991 1.17916646483354 1.58027303474955 1.05225352756679 1.14197818050161 1.35047038830817 1.90246150479652 1.49417871562764 1.20068150246516 0.952216363046318 1.45714802062139 1.12110610213131 1.58478214195929 1.91729734861292 0.981866893591359 1.16923286975361 1.29765966231935 1.26064920332283 1.1004123177845 1.83479687315412 1.6188133561518 1.69950650539249 1.67631028802134 1.25576843088493
1.90117732132785 0 1.6377066441346 1.65718478849158 1.55116267199628 1.6089083107654 1.32618186157197 1.49107068404555 1.78050187882036 1.64496505912393 1.51923030335456 1.03976945113391 1.19144018227234 1.81280476087704 1.78055971674621 1.62375456211157 1.67302621994168 1.7287838596385 1.32996900286525 0.976412009913474 1.48272384679876 1.45406696666032 1.71819024579599 1.27057311567478 1.26766303624026 1.01734673813917 1.51150180725381 1.15106662083417 1.88964623911306 1.55082031036727
1.3928571860306 1.6377066441346 0 1.26565804285929 1.87137363548391 1.24771131621674 1.06550890021026 1.36917248065583 1.79436112404801 1.63142274902202 1.54703656560741 1.18684745999053 1.74514568643644 1.80588323739357 1.12299837078899 1.89731083693914 1.63289766083471 1.40713713644072 1.90970727638341 1.63039135071449 1.40521997748874 1.24391926871613 1.80347496410832 1.22072451701388 1.72952032182366 1.0022348666098 0.956579726422206 1.38141912966967 1.51817720313556 1.43640360562131
1.23748919647187 1.65718478849158 1.26565804285929 0 1.52196378353983 1.12679052492604 1.57702889456414 1.00367174739949 1.18015497736633 1.93928476050496 1.56365520670079 1.18457766971551 1.49451950611547 1.90225575654767 1.0735811071936 1.12557725375518 1.47320672986098 1.89748200401664 1.35554839251563 1.45834908075631 1.9356391497422 1.55058635747992 1.47287899721414 1.50307091814466 1.91577721037902 1.13930496829562 1.1499545739498 1.32386206416413 1.21053676237352 1.07976896408945
1.16060104663484 1.55116267199628 1.87137363548391 1.52196378353983 0 1.10135985165834 1.52955494192429 1.65621056873351 1.23094949615188 1.48385315295309 1.38979529472999 1.45482831331901 1.34466553223319 1.84631571336649 1.56187670002691 1.79388576676138 1.650630971184 1.21242624125443 1.5197244102601 1.31859239307232 1.51366917928681 1.86907798470929 1.8005963973701 1.86319885635749 1.02988904877566 1.82554863486439 1.5637700650841 1.05225895275362 1.15815260377713 1.33556525316089
1.69493661588058 1.6089083107654 1.24771131621674 1.12679052492604 1.10135985165834 0 1.57879127911292 1.429573119618 1.4804401746951 1.55952897039242 1.63515237136744 1.43228591815569 1.64961305167526 1.33635032479651 1.84967331471853 1.43219993403181 1.80088562727906 1.15869724564254 1.54389338567853 1.69796880590729 1.79996324633248 1.61785894678906 1.23599718231708 1.10233122296631 1.74832063307986 1.40710045257583 1.77223471226171 1.29399197571911 1.05705894366838 1.71795466123149
1.35933739528991 1.32618186157197 1.06550890021026 1.57702889456414 1.52955494192429 1.57879127911292 0 1.49426878383383 1.10679398337379 1.6433655617293 1.7607868174091 1.90177389094606 1.49398896866478 1.5085911094211 1.04532755841501 1.10776467993855 1.04323323513381 1.53369554248638 1.80599211808294 1.38233344559558 1.09656568313949 1.89965963643044 1.91282349638641 1.42120740935206 1.36195293953642 1.19027698901482 1.06332144956104 1.21676954417489 0.986262361053377 1.31375218299218
1.17916646483354 1.49107068404555 1.36917248065583 1.00367174739949 1.65621056873351 1.429573119618 1.49426878383383 0 1.27315890020691 1.24660868011415 1.54613234940916 1.19985822821036 1.65165712079033 1.23025031737052 1.50499102822505 1.21945576230064 1.74233032227494 1.43203358072788 1.57223177328706 0.964843861293048 1.14778145635501 1.67335988371633 1.16275822417811 1.92978193843737 1.89226595172659 1.86537032714114 1.76938087958843 1.70462379301898 1.08477345411666 1.2407400473021
1.58027303474955 1.78050187882036 1.79436112404801 1.18015497736633 1.23094949615188 1.4804401746951 1.10679398337379 1.27315890020691 0 1.64988831244409 1.45856432733126 1.59656200301833 1.17752946773544 1.45606051338837 1.86108018620871 1.8364440726582 1.87869928753935 1.46210142597556 0.985352426068857 1.17740031518042 1.7920332425274 1.2562168748118 1.17364370869473 1.22096914192662 1.71860928856768 1.49917798978277 1.3844476279337 1.0458982011769 1.06268628803082 1.05440788157284
1.05225352756679 1.64496505912393 1.63142274902202 1.93928476050496 1.48385315295309 1.55952897039242 1.6433655617293 1.24660868011415 1.64988831244409 0 1.11561747733504 1.10944750299677 1.85994518967345 1.36901633720845 1.93545854045078 1.78943910170346 1.39606173685752 1.63593476079404 1.16263666166924 0.99395693000406 1.28177972184494 1.02219219692051 1.62690049502999 1.61819890048355 1.67877755709924 1.22335444833152 1.42156345024705 1.21700192242861 1.03894647560082 1.53270002664067
1.14197818050161 1.51923030335456 1.54703656560741 1.56365520670079 1.38979529472999 1.63515237136744 1.7607868174091 1.54613234940916 1.45856432733126 1.11561747733504 0 1.07595205400139 1.27066642022692 1.70422591478564 1.83187715499662 1.05378561699763 1.55785656883381 1.10157545772381 1.68216819665395 1.26062181708403 1.31047773058526 1.07519404194318 1.63905494217761 1.45923158084042 1.08279709867202 1.45357972267084 1.33146991324611 1.44445563899353 1.75254629203118 1.86094213579781
1.35047038830817 1.03976945113391 1.18684745999053 1.18457766971551 1.45482831331901 1.43228591815569 1.90177389094606 1.19985822821036 1.59656200301833 1.10944750299677 1.07595205400139 0 1.02612987183966 1.00293982843868 1.65002852398902 1.75155037036166 1.37349895527586 1.24987706681713 1.30105618550442 1.48203037073836 1.01977041829377 1.07414049422368 1.01719442568719 1.11627991776913 1.73935213778168 1.69206355675124 1.24990502325818 1.62565744086169 1.36136889737099 1.42541003692895
1.90246150479652 1.19144018227234 1.74514568643644 1.49451950611547 1.34466553223319 1.64961305167526 1.49398896866478 1.65165712079033 1.17752946773544 1.85994518967345 1.27066642022692 1.02612987183966 0 1.18678840831853 1.76363664818928 1.0139313545078 0.947645749431103 1.58043795265257 1.62307717651129 1.87371514295228 1.17122536920942 1.03613375057466 1.77443479234353 1.00662758620456 1.37897626659833 1.67087053996511 1.90432187844999 1.69864877057262 1.20663876342587 1.85262351296842
1.49417871562764 1.81280476087704 1.80588323739357 1.90225575654767 1.84631571336649 1.33635032479651 1.5085911094211 1.23025031737052 1.45606051338837 1.36901633720845 1.70422591478564 1.00293982843868 1.18678840831853 0 1.08058729674667 1.48341646883637 1.60683749429882 1.07299555675127 1.87425558944233 1.75143003603444 1.29953641141765 1.80025867465883 1.76561603159644 1.14779535331763 1.15948632033542 1.34856195515022 1.73344345320947 1.23719841917045 1.62309602298774 1.44408021541312
1.20068150246516 1.78055971674621 1.12299837078899 1.0735811071936 1.56187670002691 1.84967331471853 1.04532755841501 1.50499102822505 1.86108018620871 1.93545854045078 1.83187715499662 1.65002852398902 1.76363664818928 1.08058729674667 0 1.1728002387099 1.87131445505656 1.87243716605008 1.15048182872124 1.07094090944156 1.13720360421576 1.26346854795702 1.77569911722094 1.7126594001893 1.81210628803819 1.09428729955107 1.185800263891 1.58908974775113 1.76541787129827 1.6244538014289
0.952216363046318 1.62375456211157 1.89731083693914 1.12557725375518 1.79388576676138 1.43219993403181 1.10776467993855 1.21945576230064 1.8364440726582 1.78943910170346 1.05378561699763 1.75155037036166 1.0139313545078 1.48341646883637 1.1728002387099 0 1.72545695491135 1.19190423027612 1.1719139337074 1.84803914558142 1.41121297585778 1.12206863588654 1.37707155477256 1.83380475570448 1.14201113232411 1.73959523742087 1.6702335383743 1.56328953593038 1.59840966179036 1.79987764684483
1.45714802062139 1.67302621994168 1.63289766083471 1.47320672986098 1.650630971184 1.80088562727906 1.04323323513381 1.74233032227494 1.87869928753935 1.39606173685752 1.55785656883381 1.37349895527586 0.947645749431103 1.60683749429882 1.87131445505656 1.72545695491135 0 1.84886596049182 1.57076003053226 1.11955814273097 1.38231117511168 1.69502546382137 1.26667192089371 1.54523262847215 1.54074582899921 1.28688492882065 1.27963129244745 1.06918019591831 1.04513326333836 1.16962170507759
1.12110610213131 1.7287838596385 1.40713713644072 1.89748200401664 1.21242624125443 1.15869724564254 1.53369554248638 1.43203358072788 1.46210142597556 1.63593476079404 1.10157545772381 1.24987706681713 1.58043795265257 1.07299555675127 1.87243716605008 1.19190423027612 1.84886596049182 0 1.63147659925744 1.18649015692063 1.65305149764754 1.26434408291243 1.86996387084946 1.56111769773997 1.06902652909048 1.04076143307611 1.83472088817507 1.2812129103113 1.9012767164968 1.6030723801814
1.58478214195929 1.32996900286525 1.90970727638341 1.35554839251563 1.5197244102601 1.54389338567853 1.80599211808294 1.57223177328706 0.985352426068857 1.16263666166924 1.68216819665395 1.30105618550442 1.62307717651129 1.87425558944233 1.15048182872124 1.1719139337074 1.57076003053226 1.63147659925744 0 1.8255694641266 1.41377888992429 1.10792177543044 1.63007916510105 1.06710847909562 1.45536771323532 1.37361089326441 0.953127549961209 1.80139583302662 1.08618628280237 1.55905863526277
1.91729734861292 0.976412009913474 1.63039135071449 1.45834908075631 1.31859239307232 1.69796880590729 1.38233344559558 0.964843861293048 1.17740031518042 0.99395693000406 1.26062181708403 1.48203037073836 1.87371514295228 1.75143003603444 1.07094090944156 1.84803914558142 1.11955814273097 1.18649015692063 1.8255694641266 0 1.02973660663702 0.949448294471949 1.61720283702016 1.177469098242 1.03723021270707 1.06924025062472 1.7443713308312 1.40398882282898 1.01351603562944 0.957521504722536
0.981866893591359 1.48272384679876 1.40521997748874 1.9356391497422 1.51366917928681 1.79996324633248 1.09656568313949 1.14778145635501 1.7920332425274 1.28177972184494 1.31047773058526 1.01977041829377 1.17122536920942 1.29953641141765 1.13720360421576 1.41121297585778 1.38231117511168 1.65305149764754 1.41377888992429 1.02973660663702 0 1.14291412592866 1.76297300960869 1.9012924626004 1.31387858442031 1.67925586970523 1.84346270211972 1.6962470090948 1.81509281229228 1.71751593914814
1.16923286975361 1.45406696666032 1.24391926871613 1.55058635747992 1.86907798470929 1.61785894678906 1.89965963643044 1.67335988371633 1.2562168748118 1.02219219692051 1.07519404194318 1.07414049422368 1.03613375057466 1.80025867465883 1.26346854795702 1.12206863588654 1.69502546382137 1.26434408291243 1.10792177543044 0.949448294471949 1.14291412592866 0 1.43813566071913 1.22000540792942 1.28840091940947 1.12991012702696 1.51679603452794 1.82604699069634 1.82279203296639 1.83888331940398
1.29765966231935 1.71819024579599 1.80347496410832 1.47287899721414 1.8005963973701 1.23599718231708 1.91282349638641 1.16275822417811 1.17364370869473 1.62690049502999 1.63905494217761 1.01719442568719 1.77443479234353 1.76561603159644 1.77569911722094 1.37707155477256 1.26667192089371 1.86996387084946 1.63007916510105 1.61720283702016 1.76297300960869 1.43813566071913 0 1.13732876256108 1.73430072888732 1.70259070629254 1.82230561506003 1.75615746062249 1.06484450143762 1.30637327907607
1.26064920332283 1.27057311567478 1.22072451701388 1.50307091814466 1.86319885635749 1.10233122296631 1.42120740935206 1.92978193843737 1.22096914192662 1.61819890048355 1.45923158084042 1.11627991776913 1.00662758620456 1.14779535331763 1.7126594001893 1.83380475570448 1.54523262847215 1.56111769773997 1.06710847909562 1.177469098242 1.9012924626004 1.22000540792942 1.13732876256108 0 1.03726566513069 1.52183545706794 1.37359975115396 1.10879628709517 1.03204363258556 1.38451390434057
1.1004123177845 1.26766303624026 1.72952032182366 1.91577721037902 1.02988904877566 1.74832063307986 1.36195293953642 1.89226595172659 1.71860928856768 1.67877755709924 1.08279709867202 1.73935213778168 1.37897626659833 1.15948632033542 1.81210628803819 1.14201113232411 1.54074582899921 1.06902652909048 1.45536771323532 1.03723021270707 1.31387858442031 1.28840091940947 1.73430072888732 1.03726566513069 0 1.64991413173266 1.46315439604223 1.65580432116985 1.31641932274215 1.79444449720904
1.83479687315412 1.01734673813917 1.0022348666098 1.13930496829562 1.82554863486439 1.40710045257583 1.19027698901482 1.86537032714114 1.49917798978277 1.22335444833152 1.45357972267084 1.69206355675124 1.67087053996511 1.34856195515022 1.09428729955107 1.73959523742087 1.28688492882065 1.04076143307611 1.37361089326441 1.06924025062472 1.67925586970523 1.12991012702696 1.70259070629254 1.52183545706794 1.64991413173266 0 1.12265230016783 0.974289330421016 1.1955193830654 1.15721281641163
1.6188133561518 1.51150180725381 0.956579726422206 1.1499545739498 1.5637700650841 1.77223471226171 1.06332144956104 1.76938087958843 1.3844476279337 1.42156345024705 1.33146991324611 1.24990502325818 1.90432187844999 1.73344345320947 1.185800263891 1.6702335383743 1.27963129244745 1.83472088817507 0.953127549961209 1.7443713308312 1.84346270211972 1.51679603452794 1.82230561506003 1.37359975115396 1.46315439604223 1.12265230016783 0 0.980329643236473 1.92369527346455 1.25985594955273
1.69950650539249 1.15106662083417 1.38141912966967 1.32386206416413 1.05225895275362 1.29399197571911 1.21676954417489 1.70462379301898 1.0458982011769 1.21700192242861 1.44445563899353 1.62565744086169 1.69864877057262 1.23719841917045 1.58908974775113 1.56328953593038 1.06918019591831 1.2812129103113 1.80139583302662 1.40398882282898 1.6962470090948 1.82604699069634 1.75615746062249 1.10879628709517 1.65580432116985 0.974289330421016 0.980329643236473 0 1.9298042699229 1.84104906534776
1.67631028802134 1.88964623911306 1.51817720313556 1.21053676237352 1.15815260377713 1.05705894366838 0.986262361053377 1.08477345411666 1.06268628803082 1.03894647560082 1.75254629203118 1.36136889737099 1.20663876342587 1.62309602298774 1.76541787129827 1.59840966179036 1.04513326333836 1.9012767164968 1.08618628280237 1.01351603562944 1.81509281229228 1.82279203296639 1.06484450143762 1.03204363258556 1.31641932274215 1.1955193830654 1.92369527346455 1.9298042699229 0 1.47129389038309
1.25576843088493 1.55082031036727 1.43640360562131 1.07976896408945 1.33556525316089 1.71795466123149 1.31375218299218 1.2407400473021 1.05440788157284 1.53270002664067 1.86094213579781 1.42541003692895 1.85262351296842 1.44408021541312 1.6244538014289 1.79987764684483 1.16962170507759 1.6030723801814 1.55905863526277 0.957521504722536 1.71751593914814 1.83888331940398 1.30637327907607 1.38451390434057 1.79444449720904 1.15721281641163 1.25985594955273 1.84104906534776 1.47129389038309 0
