0 0.925469918176532 1.61894446494989 0.910308681428432 1.58426318014972 1.76292075659148 1.19741961476393 1.30356677947566 1.75807244842872 1.15047243074514 1.09424109081738 1.55093622161075 1.67712884722278 0.964926451910287 1.206108818762 1.1242567775771 1.79057486075908 1.88263148791157 1.51698564039543 1.17010952532291 1.04784026718698 1.09308707527816 1.50121724978089 1.57162877265364 1.27640521829017 1.02589713712223 1.66289360984229 1.44043715437874 1.83068667957559 1.83422547578812
0.925469918176532 0 1.61573954951018 1.31407383177429 1.83056383673102 1.51494325860403 1.30771990353242 1.85385707882233 1.31464880262502 1.24203273258172 1.83292664634064 1.36938738590106 1.38120273291133 1.48726732307114 1.88231624593027 1.48265404137783 1.73019818169996 1.76413952629082 1.84981579240412 1.03370097232983 1.47886144556105 1.07458432484418 1.76295517827384 1.20207725372165 1.52520736213773 1.52697126520798 1.17678521876223 0.942801705095917 1.26027961540967 1.87373978598043
1.61894446494989 1.61573954951018 0 1.65236537810415 1.53724337089807 1.56517629139125 1.00964286574163 1.46495021716692 1.63019603048451 1.87917308788747 1.62102496856824 0.924948592437431 1.87651848560199 1.37302073091269 1.29025497590192 1.54767513275146 1.16881656670012 1.24196106777526 1.21988467359915 1.13300939463079 1.73983018612489 1.20645793061703 1.12777879554778 1.41335216863081 1.21506452630274 1.063560544746 1.20175659121014 1.75060729053803 1.30342831416056 1.29889718187042
0.910308681428432 1.31407383177429 1.65236537810415 0 1.43676238670014 1.0212065288797 0.949171934975311 1.85272977640852 1.38665385730565 1.54932718980126 1.1728525699582 1.22958856751211 1.40900967246853 1.67459299927577 1.58462550817057 1.39983405964449 1.05503673758358 1.77053076145239 1.57083653728478 1.12019181484357 1.31701109837741 1.64937100047246 0.994164277566597 1.20768814370967 1.07662908639759 1.44808280421421 1.10390193155035 1.81965110241435 1.77455936046317 0.923916794359684
1.58426318014972 1.83056383673102 1.53724337089807 1.43676238670014 0 1.01127852359787 1.03683272562921 0.969170161290094 1.09470119955949 1.40077363373712 1.07872595195659 1.80326462676749 1.50519448379055 1.70744387456216 1.06113766483031 1.9073244004976 1.39695801702328 1.32121396344155 1.43548299954273 1.37960442621261 1.67692961776629 1.25317699764855 0.983868866460398 1.00156977842562 1.86738831107505 1.8121642889455 1.6009223589208 1.87170875421725 1.19762819097377 1.15087106777355
1.76292075659148 1.51494325860403 1.56517629139125 1.0212065288797 1.01127852359787 0 1.15702145011164 1.0876852364745 1.8466913390439 1.7609696877189 1.90948374755681 1.90699585108086 1.53575759800151 1.52072526095435 1.58337992778979 1.42614638246596 1.45915989927016 1.87658538715914 1.50807994627394 1.12372460588813 1.31255994341336 1.72095622634515 1.68243947857991 1.60891645727679 1.45718432031572 1.69106833986007 1.4478152054362 1.07787773781456 1.75106850499287 1.85754113993607
1.19741961476393 1.30771990353242 1.00964286574163 0.949171934975311 1.03683272562921 1.15702145011164 0 1.59383478364907 0.949753210414201 0.946937940781936 1.84420306561515 1.11691572680138 1.81036870577373 1.869550579926 1.20061955833808 1.26103542395867 1.04990211338736 0.994237612467259 1.23914628918283 1.4202601541765 1.53896030574106 1.15156242833473 1.8024715713691 1.75267572677694 1.07418965594843 1.02347522811033 1.27470303629525 0.914238321362063 1.42752396594733 1.02074031694792
1.30356677947566 1.85385707882233 1.46495021716692 1.85272977640852 0.969170161290094 1.0876852364745 1.59383478364907 0 1.17739062965848 1.84411149122752 1.09393696603365 1.19018604722805 1.49679142702371 1.29538701102138 1.04885644814931 1.80707695102319 0.986820976249874 1.58409461122938 1.12110730540007 1.08326549408957 1.13309743045829 1.18646938190795 1.23528912733309 1.14126324024983 1.13462505443022 1.24212309671566 1.00913479272276 1.15473046526313 1.23436229582876 1.07589649269357
1.75807244842872 1.31464880262502 1.63019603048451 1.38665385730565 1.09470119955949 1.8466913390439 0.949753210414201 1.17739062965848 0 1.16570687666535 1.88736404827796 0.98202450061217 1.04326552478597 1.55496648233384 1.18579727690667 1.59242370002903 1.2455488324631 1.81987333297729 1.8955173722934 1.15039602527395 1.48332333401777 1.47539757378399 0.942098361672834 1.80240685306489 1.56691386597231 1.23062435118482 1.90905105904676 1.51947431149893 1.66139321541414 1.07594546396285
1.15047243074514 1.24203273258172 1.87917308788747 1.54932718980126 1.40077363373712 1.7609696877189 0.946937940781936 1.84411149122752 1.16570687666535 0 1.62531354418024 1.6439531526994 1.01144170644693 1.6665576081723 0.917684341548011 1.66572949290276 1.82839152519591 1.32701701950282 0.946106649236754 1.33444348699413 1.10192306688987 1.38147998880595 0.997740781167522 1.51175512862392 1.68700123415329 1.45794096263126 1.81173118227161 1.0647164080292 1.13165507116355 1.76801103935577
1.09424109081738 1.83292664634064 1.62102496856824 1.1728525699582 1.07872595195659 1.90948374755681 1.84420306561515 1.09393696603365 1.88736404827796 1.62531354418024 0 1.68628913885914 1.45305970543995 1.61372476443648 1.14077922981232 1.16357916803099 0.963715285761282 1.58407741342671 1.23331918055192 1.66875959420577 1.09948331327178 1.83399127190933 1.05947443004698 1.18094573915005 1.12452487903647 1.88414996047504 1.82397038000636 1.67260486003943 1.89500607387163 1.78423174005002
1.55093622161075 1.36938738590106 0.924948592437431 1.22958856751211 1.80326462676749 1.90699585108086 1.11691572680138 1.19018604722805 0.98202450061217 1.6439531526994 1.68628913885914 0 1.31566785858013 1.28869478148408 0.988066895632073 1.71586047043093 1.06537716486491 1.1107899651397 0.920820798259228 1.11963009554893 1.45049227285199 1.28080688579939 1.00167067022994 0.944334157044068 0.932920698542148 1.02250239206478 1.90862708864734 1.47091455268674 0.93200791394338 1.6392194244545
1.67712884722278 1.38120273291133 1.87651848560199 1.40900967246853 1.50519448379055 1.53575759800151 1.81036870577373 1.49679142702371 1.04326552478597 1.01144170644693 1.45305970543995 1.31566785858013 0 1.36874195327982 1.23475183150731 0.952289296546951 1.89549976005219 0.914767772424966 1.43239045189694 1.51289130025543 1.17502189334482 1.80901022348553 1.31416784459725 1.84971457719803 1.46433855872601 1.19379420857877 1.826106071705 1.01177700562403 1.23042179062031 1.20237724413164
0.964926451910287 1.48726732307114 1.37302073091269 1.67459299927577 1.70744387456216 1.52072526095435 1.869550579926 1.29538701102138 1.55496648233384 1.6665576081723 1.61372476443648 1.28869478148408 1.36874195327982 0 0.958223299356177 0.918018133379519 1.82405165978707 0.986592466477305 1.87543520890176 0.972331296652555 1.44952148199081 1.07461328408681 0.997227197512984 1.24412453966215 1.53962636739016 1.67028270056471 1.68292857985944 0.97582599427551 1.09038606355898 1.79158671037294
1.206108818762 1.88231624593027 1.29025497590192 1.58462550817057 1.06113766483031 1.58337992778979 1.20061955833808 1.04885644814931 1.18579727690667 0.917684341548011 1.14077922981232 0.988066895632073 1.23475183150731 0.958223299356177 0 1.3781972695142 1.09311338840052 1.33176093152724 1.24114556447603 1.36852691019885 1.66701520909555 1.21604808000848 1.79471171973273 1.90107499342412 1.39948501740582 1.46929009538144 1.49378890707158 1.7597159773577 1.12709053978324 1.4063066104427
1.1242567775771 1.48265404137783 1.54767513275146 1.39983405964449 1.9073244004976 1.42614638246596 1.26103542395867 1.80707695102319 1.59242370002903 1.66572949290276 1.16357916803099 1.71586047043093 0.952289296546951 0.918018133379519 1.3781972695142 0 1.25674567534588 1.40321862301789 1.48196528595872 1.42249468457885 0.952371055260301 1.82951787556522 1.55010228324682 1.27585703949444 1.03174628992565 1.40129634574987 1.02459108270705 1.59689954598434 1.04944305540994 0.949428136693314
1.79057486075908 1.73019818169996 1.16881656670012 1.05503673758358 1.39695801702328 1.45915989927016 1.04990211338736 0.986820976249874 1.2455488324631 1.82839152519591 0.963715285761282 1.06537716486491 1.89549976005219 1.82405165978707 1.09311338840052 1.25674567534588 0 1.26803115615621 1.08805499505252 1.41846183477901 1.49426128529012 1.04556561564095 1.85953134321608 1.45857424265705 1.34801796590909 1.17712469212711 1.06365466327406 1.72900354675949 1.57377939042635 1.74979020026512
1.88263148791157 1.76413952629082 1.24196106777526 1.77053076145239 1.32121396344155 1.87658538715914 0.994237612467259 1.58409461122938 1.81987333297729 1.32701701950282 1.58407741342671 1.1107899651397 0.914767772424966 0.986592466477305 1.33176093152724 1.40321862301789 1.26803115615621 0 1.35593615099788 1.50969973159954 1.35509890550748 1.83770252298564 1.64311769953929 1.7580371783115 1.31587245874107 1.1039728356991 1.48693188815378 1.80431076069362 1.77918303362094 1.23390267137438
1.51698564039543 1.84981579240412 1.21988467359915 1.57083653728478 1.43548299954273 1.50807994627394 1.23914628918283 1.12110730540007 1.8955173722934 0.946106649236754 1.23331918055192 0.920820798259228 1.43239045189694 1.87543520890176 1.24114556447603 1.48196528595872 1.08805499505252 1.35593615099788 0 1.89099811180495 1.1439413796179 1.21783294132911 1.65178943797946 0.973576385062188 1.83131006034091 1.30861710919999 1.74769599223509 1.43328137602657 1.60694302525371 1.5332107055001
1.17010952532291 1.03370097232983 1.13300939463079 1.12019181484357 1.37960442621261 1.12372460588813 1.4202601541765 1.08326549408957 1.15039602527395 1.33444348699413 1.66875959420577 1.11963009554893 1.51289130025543 0.972331296652555 1.36852691019885 1.42249468457885 1.41846183477901 1.50969973159954 1.89099811180495 0 1.12606878601946 1.58393739792518 1.64959860523231 1.76133077521808 1.69730828516185 1.31115191266872 0.990437451284379 1.8562971400097 1.83837080304511 1.83461759029888
1.04784026718698 1.47886144556105 1.73983018612489 1.31701109837741 1.67692961776629 1.31255994341336 1.53896030574106 1.13309743045829 1.48332333401777 1.10192306688987 1.09948331327178 1.45049227285199 1.17502189334482 1.44952148199081 1.66701520909555 0.952371055260301 1.49426128529012 1.35509890550748 1.1439413796179 1.12606878601946 0 1.45348126813769 1.78365280525759 1.4590072017163 1.54405722254887 1.00804621726274 1.79689551563933 1.02042407821864 1.39071137038991 1.86299611697905
1.09308707527816 1.07458432484418 1.20645793061703 1.64937100047246 1.25317699764855 1.72095622634515 1.15156242833473 1.18646938190795 1.47539757378399 1.38147998880595 1.83399127190933 1.28080688579939 1.80901022348553 1.07461328408681 1.21604808000848 1.82951787556522 1.04556561564095 1.83770252298564 1.21783294132911 1.58393739792518 1.45348126813769 0 1.75975664774887 1.89987303386442 0.988435460953042 1.57076392020099 1.45964976772666 0.933939441805705 0.958999865921214 1.67642587283626
1.50121724978089 1.76295517827384 1.12777879554778 0.994164277566597 0.983868866460398 1.68243947857991 1.8024715713691 1.23528912733309 0.942098361672834 0.997740781167522 1.05947443004698 1.00167067022994 1.31416784459725 0.997227197512984 1.79471171973273 1.55010228324682 1.85953134321608 1.64311769953929 1.65178943797946 1.64959860523231 1.78365280525759 1.75975664774887 0 1.87232680106536 1.57112340885215 1.68822305183858 1.50036984868348 1.71716145891696 1.78471270529553 1.08512604841962
1.57162877265364 1.20207725372165 1.41335216863081 1.20768814370967 1.00156977842562 1.60891645727679 1.75267572677694 1.14126324024983 1.80240685306489 1.51175512862392 1.18094573915005 0.944334157044068 1.84971457719803 1.24412453966215 1.90107499342412 1.27585703949444 1.45857424265705 1.7580371783115 0.973576385062188 1.76133077521808 1.4590072017163 1.89987303386442 1.87232680106536 0 1.5902080363594 1.13297678227536 1.76384853362106 1.09332159813493 1.72082336642779 1.15843400149606
1.27640521829017 1.52520736213773 1.21506452630274 1.07662908639759 1.86738831107505 1.45718432031572 1.07418965594843 1.13462505443022 1.56691386597231 1.68700123415329 1.12452487903647 0.932920698542148 1.46433855872601 1.53962636739016 1.39948501740582 1.03174628992565 1.34801796590909 1.31587245874107 1.83131006034091 1.69730828516185 1.54405722254887 0.988435460953042 1.57112340885215 1.5902080363594 0 1.17500390857458 1.74028697027825 1.02404207526706 1.56578390276991 1.76617038110271
1.02589713712223 1.52697126520798 1.063560544746 1.44808280421421 1.8121642889455 1.69106833986007 1.02347522811033 1.24212309671566 1.23062435118482 1.45794096263126 1.88414996047504 1.02250239206478 1.19379420857877 1.67028270056471 1.46929009538144 1.40129634574987 1.17712469212711 1.1039728356991 1.30861710919999 1.31115191266872 1.00804621726274 1.57076392020099 1.68822305183858 1.13297678227536 1.17500390857458 0 1.30160221201368 1.40127096837386 1.70531408675015 1.81082045962103
1.66289360984229 1.17678521876223 1.20175659121014 1.10390193155035 1.6009223589208 1.4478152054362 1.27470303629525 1.00913479272276 1.90905105904676 1.81173118227161 1.82397038000636 1.90862708864734 1.826106071705 1.68292857985944 1.49378890707158 1.02459108270705 1.06365466327406 1.48693188815378 1.74769599223509 0.990437451284379 1.79689551563933 1.45964976772666 1.50036984868348 1.76384853362106 1.74028697027825 1.30160221201368 0 1.04937686934136 1.50869709462859 1.0402620176319
1.44043715437874 0.942801705095917 1.75060729053803 1.81965110241435 1.87170875421725 1.07787773781456 0.914238321362063 1.15473046526313 1.51947431149893 1.0647164080292 1.67260486003943 1.47091455268674 1.01177700562403 0.97582599427551 1.7597159773577 1.59689954598434 1.72900354675949 1.80431076069362 1.43328137602657 1.8562971400097 1.02042407821864 0.933939441805705 1.71716145891696 1.09332159813493 1.02404207526706 1.40127096837386 1.04937686934136 0 1.39447229378857 1.69050415162928
1.83068667957559 1.26027961540967 1.30342831416056 1.77455936046317 1.19762819097377 1.75106850499287 1.42752396594733 1.23436229582876 1.66139321541414 1.13165507116355 1.89500607387163 0.93200791394338 1.23042179062031 1.09038606355898 1.12709053978324 1.04944305540994 1.57377939042635 1.77918303362094 1.60694302525371 1.83837080304511 1.39071137038991 0.958999865921214 1.78471270529553 1.72082336642779 1.56578390276991 1.70531408675015 1.50869709462859 1.39447229378857 0 0.938660385087132
1.83422547578812 1.87373978598043 1.29889718187042 0.923916794359684 1.15087106777355 1.85754113993607 1.02074031694792 1.07589649269357 1.07594546396285 1.76801103935577 1.78423174005002 1.6392194244545 1.20237724413164 1.79158671037294 1.4063066104427 0.949428136693314 1.74979020026512 1.23390267137438 1.5332107055001 1.83461759029888 1.86299611697905 1.67642587283626 1.08512604841962 1.15843400149606 1.76617038110271 1.81082045962103 1.0402620176319 1.69050415162928 0.938660385087132 0
