0 1.50166981900111 1.41567344893701 1.4195929216221 1.56468639103696 1.17263762140647 1.31284929276444 1.08675243170001 1.28031547693536 1.39847331889905 1.02847441076301 1.05878643016331 0.960039862897247 1.34930749400519 1.10803754371591 1.35414984589443 1.05164827848785 1.84573886520229 1.82182415970601 1.49269739631563 1.90567890205421 1.78107047267258 1.22107268311083 1.10620841314085 1.83157844957896 1.91076592821628 1.89956556772813 1.28665305487812 1.47480323608033 1.49541253433563
1.50166981900111 0 1.30635470175184 1.02451492403634 0.957221930613741 1.48758054734208 0.998960621189326 1.17842196929269 1.64047497999854 1.233218224952 1.14507912914269 1.63819418172352 1.50756146130152 1.52353360131383 1.02759216888808 1.62137366994284 1.65580286202021 1.54795218491927 1.27461676695384 1.78278138698079 1.56469217967242 1.84762980858795 1.29636667668819 1.18010961334221 1.61212837113999 1.45837368234061 1.40813768724911 1.4688886704389 1.00130104320124 1.160450684838
1.41567344893701 1.30635470175184 0 1.26885104808025 1.54539671400562 1.42063710698858 1.70271248766221 1.57688605668955 1.91062044771388 1.62708829483017 1.53781678993255 1.56637866212986 1.83915317663923 1.60408895439468 1.43554674601182 1.27884057653137 1.61304456461221 1.8377573788166 1.13024515262805 1.61668762448244 1.2086443786975 1.71904237475246 1.88917402736843 1.01046506757848 0.964106641942635 1.3101628695149 1.10705282143317 1.59381453786045 1.47057113796473 1.65507693192922
1.4195929216221 1.02451492403634 1.26885104808025 0 1.40869878744707 1.32963054114953 1.7093482830096 1.46240551071241 1.5361805006396 1.73183280113153 0.979034766322002 1.60329726850614 1.24098532740027 1.81586346495897 1.58418463962153 1.37108113267459 1.49230199400336 1.5324909852352 1.22692928556353 1.87276629894041 1.18490255065262 1.90761347557418 1.61323796212673 1.65056368242949 1.23408140591346 1.71684259804897 1.42023997590877 1.83110997476615 1.07228930760175 1.23015370103531
1.56468639103696 0.957221930613741 1.54539671400562 1.40869878744707 0 1.11516041937284 1.72860041935928 1.01277687516995 1.76291745109484 1.43806815915741 0.984817395685241 1.58234890527092 1.62625634204596 1.54806543956511 1.14770239870995 1.20339381694794 1.56132231745869 1.00327328080311 1.60061402595602 1.1626035599038 1.13885882357135 0.93321378948167 1.46677404432558 1.68710044561885 1.24863894749433 1.47829247568734 1.54596327920444 1.3756851546932 1.00511131552048 1.25839757500216
1.17263762140647 1.48758054734208 1.42063710698858 1.32963054114953 1.11516041937284 0 1.34919849038124 0.989625660004094 1.11222598073073 1.75556112476625 1.57814391073771 1.8560460912995 1.07866590842605 1.85774908261374 1.70649673230946 1.41324387909845 0.93777253315784 1.34708364750259 1.88542555272579 1.8178631560877 1.40344472415745 1.45099078863859 1.24590253201313 1.3054563163314 1.60484385257587 1.06979066971689 1.4979908389505 1.21761962259188 1.35232587507926 0.941554074874148
1.31284929276444 0.998960621189326 1.70271248766221 1.7093482830096 1.72860041935928 1.34919849038124 0 1.48743970529176 1.27617024397478 1.06102400203235 1.173793124035 1.72687009954825 1.56161884171888 1.30262132477947 1.89882388757542 1.1067242086865 1.48710813629441 1.66181044070981 1.13381484453566 1.44331888644956 1.25977551052347 1.08923398214392 1.80152199743316 1.19430377753451 1.59855322330259 0.989089588401839 1.39480815711431 1.84116640663706 1.73662667814642 0.9732579307165
1.08675243170001 1.17842196929269 1.57688605668955 1.46240551071241 1.01277687516995 0.989625660004094 1.48743970529176 0 1.4457600847818 1.62806657189503 0.924057632917538 1.48674209788442 1.49823508528061 1.19947909959592 0.959392989287153 1.22330811549909 1.8290516869165 1.73038983321749 1.17183062597178 1.05831399024464 1.34524113684893 1.40489242225885 1.23106828983873 1.32369223469868 1.57241194928065 1.75221887230873 1.65035583847202 1.33519162656739 1.83884336706251 1.63111515645869
1.28031547693536 1.64047497999854 1.91062044771388 1.5361805006396 1.76291745109484 1.11222598073073 1.27617024397478 1.4457600847818 0 1.53111524321139 1.29180688294582 1.04591639642604 1.26484761806205 1.72620367235504 1.60173905803822 1.35572500783019 0.998326407279819 1.84668858698569 1.38766363193281 1.71860544360243 1.29612093488686 1.61408158903942 0.942489432170987 1.22611521440558 0.946513805771247 1.46610249835066 1.04322674963623 1.56471470114775 1.73443483025767 1.0428132142406
1.39847331889905 1.233218224952 1.62708829483017 1.73183280113153 1.43806815915741 1.75556112476625 1.06102400203235 1.62806657189503 1.53111524321139 0 1.19392702635378 1.18987544369884 1.44188170926645 1.62292425148189 1.82104430603795 1.7782130825799 1.29928846471012 1.1073015590664 1.11477826512419 1.27119717374444 1.40495261154138 1.42944030417129 1.28114051511511 1.26078247604892 1.21687744208612 1.2413614380639 1.87613777816296 0.947604533983395 1.07375479815528 0.972819927381352
1.02847441076301 1.14507912914269 1.53781678993255 0.979034766322002 0.984817395685241 1.57814391073771 1.173793124035 0.924057632917538 1.29180688294582 1.19392702635378 0 1.39346125232987 1.0293581362348 1.40834995312616 1.2149195340462 1.10180476494133 1.76745901466347 1.89985359087586 1.37502377410419 1.47992057283409 1.10545641300268 1.59332039067522 1.46536085335538 1.58051937096752 1.58658092678525 1.01567817735486 1.83803555858321 1.49844285449944 0.985897626494989 1.00186654669233
1.05878643016331 1.63819418172352 1.56637866212986 1.60329726850614 1.58234890527092 1.8560460912995 1.72687009954825 1.48674209788442 1.04591639642604 1.18987544369884 1.39346125232987 0 1.71284711477347 1.55872666160576 1.70384682179429 1.5574103645049 1.61530323233455 1.51490368298255 0.95781301590614 1.71441526804119 1.24707668810152 1.74989275168628 1.23472556634806 1.21182819618843 1.4109694971703 1.13248119899072 1.64718235400505 1.60509896883741 0.973980445414782 1.21584619698115
0.960039862897247 1.50756146130152 1.83915317663923 1.24098532740027 1.62625634204596 1.07866590842605 1.56161884171888 1.49823508528061 1.26484761806205 1.44188170926645 1.0293581362348 1.71284711477347 0 1.23169623734429 0.937817722093314 1.7250861262437 1.85041044349782 1.36672204476781 1.91460098139942 0.942620556103066 1.14187993644737 1.17698973277584 0.920291214017197 1.32589981378987 1.37769525428303 1.57422556751408 1.6949344065506 1.42464842530899 1.03531785821542 1.03539284830913
1.34930749400519 1.52353360131383 1.60408895439468 1.81586346495897 1.54806543956511 1.85774908261374 1.30262132477947 1.19947909959592 1.72620367235504 1.62292425148189 1.40834995312616 1.55872666160576 1.23169623734429 0 0.993114026496187 1.59193578385748 1.10721500823274 1.80015384522267 1.25871311244555 1.5550115169026 1.19019340304658 1.78721065307036 1.52342648850754 1.32885388261639 1.74514069128782 1.40436804830097 1.37872911058366 1.26011963398196 1.58756468631327 1.37652687565424
1.10803754371591 1.02759216888808 1.43554674601182 1.58418463962153 1.14770239870995 1.70649673230946 1.89882388757542 0.959392989287153 1.60173905803822 1.82104430603795 1.2149195340462 1.70384682179429 0.937817722093314 0.993114026496187 0 1.88905110280029 1.26736841676757 1.32037202897482 1.74335952429101 1.71445933030918 1.04377126554027 1.77940400270745 1.26849243673496 1.68295036209747 1.20618491992354 1.26489328825846 1.50262875738554 1.89829373569228 1.88547360664234 1.08015162637457
1.35414984589443 1.62137366994284 1.27884057653137 1.37108113267459 1.20339381694794 1.41324387909845 1.1067242086865 1.22330811549909 1.35572500783019 1.7782130825799 1.10180476494133 1.5574103645049 1.7250861262437 1.59193578385748 1.88905110280029 0 1.61987830116414 1.19897566200234 1.35684371599928 0.946096365572885 1.90489671262912 0.927386635448784 1.55323216342367 1.0769033562392 1.30983463535085 1.86534123658203 1.40366200567223 1.61124714510515 1.17990608629771 0.986637457739562
1.05164827848785 1.65580286202021 1.61304456461221 1.49230199400336 1.56132231745869 0.93777253315784 1.48710813629441 1.8290516869165 0.998326407279819 1.29928846471012 1.76745901466347 1.61530323233455 1.85041044349782 1.10721500823274 1.26736841676757 1.61987830116414 0 1.60103012365289 1.27318088593893 1.05279434775002 1.64393887296319 1.22182649117894 1.10876633459702 1.68472109059803 1.82748170080595 1.586826329818 1.89672704064287 1.33486671303399 1.06241322285496 1.36574024916627
1.84573886520229 1.54795218491927 1.8377573788166 1.5324909852352 1.00327328080311 1.34708364750259 1.66181044070981 1.73038983321749 1.84668858698569 1.1073015590664 1.89985359087586 1.51490368298255 1.36672204476781 1.80015384522267 1.32037202897482 1.19897566200234 1.60103012365289 0 1.18261462613009 1.86111028818414 1.56051885685883 1.73411015165038 1.43689194624312 1.24868859606795 1.40076737804338 0.921075442573056 1.8017740342766 0.982615818735212 1.71902383700944 1.4950800423976
1.82182415970601 1.27461676695384 1.13024515262805 1.22692928556353 1.60061402595602 1.88542555272579 1.13381484453566 1.17183062597178 1.38766363193281 1.11477826512419 1.37502377410419 0.95781301590614 1.91460098139942 1.25871311244555 1.74335952429101 1.35684371599928 1.27318088593893 1.18261462613009 0 1.35409426502883 1.48403258132748 1.04497654014267 1.70151196513325 0.93605039617978 1.29093253077008 1.76270752563141 1.35274890414439 1.33090258971788 1.26929333503358 1.08066461212002
1.49269739631563 1.78278138698079 1.61668762448244 1.87276629894041 1.1626035599038 1.8178631560877 1.44331888644956 1.05831399024464 1.71860544360243 1.27119717374444 1.47992057283409 1.71441526804119 0.942620556103066 1.5550115169026 1.71445933030918 0.946096365572885 1.05279434775002 1.86111028818414 1.35409426502883 0 1.05415191361681 1.00524486787617 1.79782371409237 0.968087211484089 1.41964632738382 1.74621477629989 1.74916036357172 1.5175974171143 1.26398885622621 1.00597870955244
1.90567890205421 1.56469217967242 1.2086443786975 1.18490255065262 1.13885882357135 1.40344472415745 1.25977551052347 1.34524113684893 1.29612093488686 1.40495261154138 1.10545641300268 1.24707668810152 1.14187993644737 1.19019340304658 1.04377126554027 1.90489671262912 1.64393887296319 1.56051885685883 1.48403258132748 1.05415191361681 0 1.24425116158091 1.18681352748536 1.62114902376197 1.31611164659262 1.8464612972457 1.65477902512066 1.54053589538671 1.0434496384114 1.3597193909809
1.78107047267258 1.84762980858795 1.71904237475246 1.90761347557418 0.93321378948167 1.45099078863859 1.08923398214392 1.40489242225885 1.61408158903942 1.42944030417129 1.59332039067522 1.74989275168628 1.17698973277584 1.78721065307036 1.77940400270745 0.927386635448784 1.22182649117894 1.73411015165038 1.04497654014267 1.00524486787617 1.24425116158091 0 1.10889871022664 1.04604737274349 1.60041142767295 1.89275728049688 1.60044041695073 1.78436941001564 1.39239802141674 1.80948125198483
1.22107268311083 1.29636667668819 1.88917402736843 1.61323796212673 1.46677404432558 1.24590253201313 1.80152199743316 1.23106828983873 0.942489432170987 1.28114051511511 1.46536085335538 1.23472556634806 0.920291214017197 1.52342648850754 1.26849243673496 1.55323216342367 1.10876633459702 1.43689194624312 1.70151196513325 1.79782371409237 1.18681352748536 1.10889871022664 0 1.63660867116414 1.2176191159524 1.78591617848724 0.974058751016855 1.41960464697331 1.51567301084287 1.24914596299641
1.10620841314085 1.18010961334221 1.01046506757848 1.65056368242949 1.68710044561885 1.3054563163314 1.19430377753451 1.32369223469868 1.22611521440558 1.26078247604892 1.58051937096752 1.21182819618843 1.32589981378987 1.32885388261639 1.68295036209747 1.0769033562392 1.68472109059803 1.24868859606795 0.93605039617978 0.968087211484089 1.62114902376197 1.04604737274349 1.63660867116414 0 1.83015849557705 0.94602466118522 1.35516841476783 1.141986933304 1.22410994488746 1.10318987304345
1.83157844957896 1.61212837113999 0.964106641942635 1.23408140591346 1.24863894749433 1.60484385257587 1.59855322330259 1.57241194928065 0.946513805771247 1.21687744208612 1.58658092678525 1.4109694971703 1.37769525428303 1.74514069128782 1.20618491992354 1.30983463535085 1.82748170080595 1.40076737804338 1.29093253077008 1.41964632738382 1.31611164659262 1.60041142767295 1.2176191159524 1.83015849557705 0 1.74965950194746 1.50255636195652 1.2704885720741 1.69498982932419 1.32634169072844
1.91076592821628 1.45837368234061 1.3101628695149 1.71684259804897 1.47829247568734 1.06979066971689 0.989089588401839 1.75221887230873 1.46610249835066 1.2413614380639 1.01567817735486 1.13248119899072 1.57422556751408 1.40436804830097 1.26489328825846 1.86534123658203 1.586826329818 0.921075442573056 1.76270752563141 1.74621477629989 1.8464612972457 1.89275728049688 1.78591617848724 0.94602466118522 1.74965950194746 0 1.86507262499072 1.21069453167729 1.04070571972989 1.04890707274899
1.89956556772813 1.40813768724911 1.10705282143317 1.42023997590877 1.54596327920444 1.4979908389505 1.39480815711431 1.65035583847202 1.04322674963623 1.87613777816296 1.83803555858321 1.64718235400505 1.6949344065506 1.37872911058366 1.50262875738554 1.40366200567223 1.89672704064287 1.8017740342766 1.35274890414439 1.74916036357172 1.65477902512066 1.60044041695073 0.974058751016855 1.35516841476783 1.50255636195652 1.86507262499072 0 1.18761785118841 1.37035569106229 1.70814891299233
1.28665305487812 1.4688886704389 1.59381453786045 1.83110997476615 1.3756851546932 1.21761962259188 1.84116640663706 1.33519162656739 1.56471470114775 0.947604533983395 1.49844285449944 1.60509896883741 1.42464842530899 1.26011963398196 1.89829373569228 1.61124714510515 1.33486671303399 0.982615818735212 1.33090258971788 1.5175974171143 1.54053589538671 1.78436941001564 1.41960464697331 1.141986933304 1.2704885720741 1.21069453167729 1.18761785118841 0 1.79335878510028 1.34212905727327
1.47480323608033 1.00130104320124 1.47057113796473 1.07228930760175 1.00511131552048 1.35232587507926 1.73662667814642 1.83884336706251 1.73443483025767 1.07375479815528 0.985897626494989 0.973980445414782 1.03531785821542 1.58756468631327 1.88547360664234 1.17990608629771 1.06241322285496 1.71902383700944 1.26929333503358 1.26398885622621 1.0434496384114 1.39239802141674 1.51567301084287 1.22410994488746 1.69498982932419 1.04070571972989 1.37035569106229 1.79335878510028 0 0.962246468756348
1.49541253433563 1.160450684838 1.65507693192922 1.23015370103531 1.25839757500216 0.941554074874148 0.9732579307165 1.63111515645869 1.0428132142406 0.972819927381352 1.00186654669233 1.21584619698115 1.03539284830913 1.37652687565424 1.08015162637457 0.986637457739562 1.36574024916627 1.4950800423976 1.08066461212002 1.00597870955244 1.3597193909809 1.80948125198483 1.24914596299641 1.10318987304345 1.32634169072844 1.04890707274899 1.70814891299233 1.34212905727327 0.962246468756348 0
