0 0.984257536241785 1.03550734627061 1.10296457796358 1.89274393697269 1.91307524312288 1.88404594897293 1.37043157429434 1.56506685726345 1.0434638869483 1.57172213704325 1.25803211983293 1.49644399131648 1.03905446035787 1.527320132358 1.92831368208863 1.47394460439682 1.27352332952432 1.37308468134142 0.952498328639194 1.11569640319794 1.66421886207536 1.56850352557376 1.57200178038329 1.06436851178296 1.06050341017544 1.30916264769621 1.88330753752962 1.1208200766705 1.08624630328268
0.984257536241785 0 1.92725038714707 1.31615947070532 1.34177628927864 1.58882192661986 1.35543995676562 1.40069344220683 1.03526461636648 1.89020229014568 1.42921283771284 1.13662354974076 1.35166050423868 1.67656415514648 1.81696802284569 0.957036020234227 1.64698252989911 1.54594961577095 1.00827274331823 1.09708488313481 1.61735113780014 1.87082923832349 1.8675506520085 1.23704921966419 1.54856836562976 1.24338098079897 0.957845175871626 0.993566385004669 1.59057889739051 1.85073597310111
1.03550734627061 1.92725038714707 0 1.55610887031071 1.87980517349206 1.8146247761324 1.28698859014548 1.525308042299 0.978297643363476 1.02513784938492 1.77942022215575 1.01554812933318 1.87347401049919 1.20612969133072 1.09887858619913 1.46259272517636 1.2291323421523 1.0945336886216 1.62750353873707 1.74458706052974 1.08120329631492 1.1410043113865 0.996182289440185 1.45969508355483 1.1023778449744 1.66213572700508 1.35999228130095 1.7676703305915 1.60093473573215 1.00563278328627
1.10296457796358 1.31615947070532 1.55610887031071 0 1.32323187519796 1.23592356219888 1.54747486812994 1.91840412095189 1.67860764940269 1.64085318334401 1.52162368572317 1.23856506380253 1.81726634479128 1.10765402135439 1.39036084152758 1.26798577676527 1.53866356494837 1.71419270033948 1.35144733032212 1.49549424997531 1.86597721092403 1.5359821242746 1.61168711725622 1.04776235460304 1.3012320427224 1.68386301398277 1.30823865672573 1.31831425894052 1.72400345490314 1.06808349513449
1.89274393697269 1.34177628927864 1.87980517349206 1.32323187519796 0 1.58857244229876 1.83261644234881 1.90452683670446 1.05444431421347 1.28086392744444 1.43788058287464 1.81366341561079 1.75739471940324 1.54369998630136 1.65011734259315 1.35995074082166 1.27401280077174 1.35109932837076 1.50222032400779 1.34157204627991 1.8208801287692 0.965774924261495 1.88328133965842 1.35163969732821 1.3939797389321 1.67596051446162 1.4064414491877 1.74454260827042 1.54777352558449 1.81697416701354
1.91307524312288 1.58882192661986 1.8146247761324 1.23592356219888 1.58857244229876 0 1.58197658276185 1.39296747953631 0.968666653614491 1.83265734929591 1.3863309440203 1.28386267018504 1.55380504229106 0.934925569454208 1.64722383744083 1.13367808004841 1.09552739141509 1.71184602286667 1.01503749727271 1.73307556868531 1.63187017245218 1.11803349317051 1.22826049453579 1.16611613682471 0.990996004082263 1.65788661921397 1.84840011503547 1.59137532114983 1.63181908312254 1.69979165284894
1.88404594897293 1.35543995676562 1.28698859014548 1.54747486812994 1.83261644234881 1.58197658276185 0 1.41470733750612 1.15526767610572 1.45379581488669 1.01994957635179 0.956066244281828 1.63489909074269 1.18887334200554 1.34868788882159 1.62894731014967 1.43228303873911 1.52349903387949 1.46287095849402 1.32223841431551 0.966489122249186 0.938470022054389 1.84685368184 1.85936801997013 1.53369991341606 1.14106979663484 1.68681732355617 1.57617648760788 1.82760946149938 1.68484493903816
1.37043157429434 1.40069344220683 1.525308042299 1.91840412095189 1.90452683670446 1.39296747953631 1.41470733750612 0 1.85463836905546 1.80627942085266 0.997607044875622 1.54995817923918 1.58673534425907 1.31550652976148 0.94194780359976 1.18735192366876 1.87842474179342 1.33845882304013 1.22760943765752 1.50084686325863 1.38756824401207 1.06211372907273 1.72564951423556 1.64344262192026 1.79679769556969 1.27925813780166 1.66027111769654 1.34063058579341 1.5068392213434 1.14328282698989
1.56506685726345 1.03526461636648 0.978297643363476 1.67860764940269 1.05444431421347 0.968666653614491 1.15526767610572 1.85463836905546 0 1.35070695495233 0.964156128000468 1.50224622595124 1.14393771300092 1.84825725876726 1.0167020522058 1.31781082809903 1.50696396268904 1.00545770325698 1.82816002727486 1.77674991567619 1.11769881565124 1.77085051755421 1.08498211973347 0.969810548005626 1.05645206687041 1.65336768189445 1.76336295460351 1.07139545446262 1.01136034284718 1.58119519776665
1.0434638869483 1.89020229014568 1.02513784938492 1.64085318334401 1.28086392744444 1.83265734929591 1.45379581488669 1.80627942085266 1.35070695495233 0 1.26636546547525 1.919381957734 1.1035638297908 1.79214667133056 1.32401455519721 0.986709060380235 1.29358833911829 1.77767101163045 0.960145670454949 1.60721612744965 1.69384868605994 1.00756050203927 1.45950948772952 1.06919120810926 1.3754400969483 0.995334256440401 1.78061271947809 1.85736003587954 1.56934711919166 1.50382459978573
1.57172213704325 1.42921283771284 1.77942022215575 1.52162368572317 1.43788058287464 1.3863309440203 1.01994957635179 0.997607044875622 0.964156128000468 1.26636546547525 0 0.929860466858372 1.1446306379512 1.88073491957039 1.24554054718465 0.948002460412681 1.58695390354842 1.54232647875324 1.6393098582048 1.46362384571694 1.35250988695771 1.23607152095065 1.48270795121789 1.23267293861136 1.41141230030917 1.83974969875999 1.3411645302549 1.80832982319407 1.01080254395492 1.73319025197998
1.25803211983293 1.13662354974076 1.01554812933318 1.23856506380253 1.81366341561079 1.28386267018504 0.956066244281828 1.54995817923918 1.50224622595124 1.919381957734 0.929860466858372 0 1.39248969196342 1.31150540197268 1.55928700207733 1.87786292727105 1.28510411456227 0.940243093762547 1.17100225994363 1.05121417180635 1.48038427601568 1.48819555854425 1.27885317290202 1.02074975823052 1.40305958874524 1.16157799796201 1.26948909368366 1.12694414216094 1.34782249573618 1.26607251306996
1.49644399131648 1.35166050423868 1.87347401049919 1.81726634479128 1.75739471940324 1.55380504229106 1.63489909074269 1.58673534425907 1.14393771300092 1.1035638297908 1.1446306379512 1.39248969196342 0 1.90305982064456 1.8981484870892 1.05489011737518 1.40871481364593 1.55696308938786 1.90369213814847 1.72215644177049 1.87451761821285 1.09552770550363 1.09280642308295 1.24149682139978 1.17342663067393 1.44635039428249 1.12656254554167 1.83911776053719 1.44705306831747 1.7916174873244
1.03905446035787 1.67656415514648 1.20612969133072 1.10765402135439 1.54369998630136 0.934925569454208 1.18887334200554 1.31550652976148 1.84825725876726 1.79214667133056 1.88073491957039 1.31150540197268 1.90305982064456 0 1.27154353237711 1.42308157146908 1.04390040645376 1.83659972203895 1.27706621447578 1.53057775716297 1.20977217727341 1.79743870371021 1.87622968759388 1.27630733605474 1.82023518625647 1.55893767788075 1.09114111703821 1.7460893841926 1.14664815180004 1.8668024702929
1.527320132358 1.81696802284569 1.09887858619913 1.39036084152758 1.65011734259315 1.64722383744083 1.34868788882159 0.94194780359976 1.0167020522058 1.32401455519721 1.24554054718465 1.55928700207733 1.8981484870892 1.27154353237711 0 1.44825249444693 1.14043152029626 1.61021110229194 1.2083272037562 1.63090465753339 1.47554321005009 1.84879942145199 1.18511906662025 1.42690906603821 1.78770217811689 1.12198087922297 1.32061143266037 0.994147413875908 0.976009418489411 1.55869339872152
1.92831368208863 0.957036020234227 1.46259272517636 1.26798577676527 1.35995074082166 1.13367808004841 1.62894731014967 1.18735192366876 1.31781082809903 0.986709060380235 0.948002460412681 1.87786292727105 1.05489011737518 1.42308157146908 1.44825249444693 0 1.03454329655506 1.40695323026739 1.21155867516063 1.81907338416204 1.90972919808701 1.41776916687377 1.68062463356182 1.57500255061314 1.63682713243179 1.16964530246332 1.56727166776545 0.939216046128422 1.20067182998173 1.03983068908565
1.47394460439682 1.64698252989911 1.2291323421523 1.53866356494837 1.27401280077174 1.09552739141509 1.43228303873911 1.87842474179342 1.50696396268904 1.29358833911829 1.58695390354842 1.28510411456227 1.40871481364593 1.04390040645376 1.14043152029626 1.03454329655506 0 1.40338261076249 1.72930278070271 1.12212274805643 1.5559762713965 1.19479015329853 1.54165785480291 1.29430144722573 1.44827922643162 0.980037477333099 1.08274864032865 1.57275159843266 0.935026064747944 1.10157714597881
1.27352332952432 1.54594961577095 1.0945336886216 1.71419270033948 1.35109932837076 1.71184602286667 1.52349903387949 1.33845882304013 1.00545770325698 1.77767101163045 1.54232647875324 0.940243093762547 1.55696308938786 1.83659972203895 1.61021110229194 1.40695323026739 1.40338261076249 0 1.10316973086447 1.71707628946751 1.59707878436893 1.65387185127474 1.78171403170563 1.45515340170823 1.24483579490334 1.92590263695456 1.81652727443725 1.14587051444687 1.07784700044431 1.9208552883938
1.37308468134142 1.00827274331823 1.62750353873707 1.35144733032212 1.50222032400779 1.01503749727271 1.46287095849402 1.22760943765752 1.82816002727486 0.960145670454949 1.6393098582048 1.17100225994363 1.90369213814847 1.27706621447578 1.2083272037562 1.21155867516063 1.72930278070271 1.10316973086447 0 1.38150586537085 1.2195825506933 1.37451953813434 1.39670820906758 1.10758167458698 1.06913151475601 1.42794426577166 1.91825913405046 1.88684998382814 0.962267370894551 1.00938048609532
0.952498328639194 1.09708488313481 1.74458706052974 1.49549424997531 1.34157204627991 1.73307556868531 1.32223841431551 1.50084686325863 1.77674991567619 1.60721612744965 1.46362384571694 1.05121417180635 1.72215644177049 1.53057775716297 1.63090465753339 1.81907338416204 1.12212274805643 1.71707628946751 1.38150586537085 0 1.61990665202029 1.73808058886789 1.24847135739401 1.70001311297528 1.10147091490217 1.16437795711681 1.91354793310165 1.80003767693415 1.10528592322953 1.39992829202674
1.11569640319794 1.61735113780014 1.08120329631492 1.86597721092403 1.8208801287692 1.63187017245218 0.966489122249186 1.38756824401207 1.11769881565124 1.69384868605994 1.35250988695771 1.48038427601568 1.87451761821285 1.20977217727341 1.47554321005009 1.90972919808701 1.5559762713965 1.59707878436893 1.2195825506933 1.61990665202029 0 1.87262741848826 1.57535706833005 1.68123250408098 1.41392715787515 1.44263099785894 1.91193104581907 1.34531797794625 1.27829045220278 1.19307544128969
1.66421886207536 1.87082923832349 1.1410043113865 1.5359821242746 0.965774924261495 1.11803349317051 0.938470022054389 1.06211372907273 1.77085051755421 1.00756050203927 1.23607152095065 1.48819555854425 1.09552770550363 1.79743870371021 1.84879942145199 1.41776916687377 1.19479015329853 1.65387185127474 1.37451953813434 1.73808058886789 1.87262741848826 0 1.88648926094174 1.27546773082577 1.39769228245132 1.41924786451273 1.86606158944778 1.14237837586552 1.18224074947648 1.8017140487209
1.56850352557376 1.8675506520085 0.996182289440185 1.61168711725622 1.88328133965842 1.22826049453579 1.84685368184 1.72564951423556 1.08498211973347 1.45950948772952 1.48270795121789 1.27885317290202 1.09280642308295 1.87622968759388 1.18511906662025 1.68062463356182 1.54165785480291 1.78171403170563 1.39670820906758 1.24847135739401 1.57535706833005 1.88648926094174 0 1.87361036334187 1.2428236734122 1.08933488372713 1.22264886065386 1.09999828902073 1.23808439541608 1.75455592665821
1.57200178038329 1.23704921966419 1.45969508355483 1.04776235460304 1.35163969732821 1.16611613682471 1.85936801997013 1.64344262192026 0.969810548005626 1.06919120810926 1.23267293861136 1.02074975823052 1.24149682139978 1.27630733605474 1.42690906603821 1.57500255061314 1.29430144722573 1.45515340170823 1.10758167458698 1.70001311297528 1.68123250408098 1.27546773082577 1.87361036334187 0 1.80006326921284 1.04550093109719 1.77537659252994 1.28007632400841 1.05837654112838 1.42099979519844
1.06436851178296 1.54856836562976 1.1023778449744 1.3012320427224 1.3939797389321 0.990996004082263 1.53369991341606 1.79679769556969 1.05645206687041 1.3754400969483 1.41141230030917 1.40305958874524 1.17342663067393 1.82023518625647 1.78770217811689 1.63682713243179 1.44827922643162 1.24483579490334 1.06913151475601 1.10147091490217 1.41392715787515 1.39769228245132 1.2428236734122 1.80006326921284 0 0.973849860718474 1.85018624551594 1.12477551074699 1.21466000541113 1.73510053195059
1.06050341017544 1.24338098079897 1.66213572700508 1.68386301398277 1.67596051446162 1.65788661921397 1.14106979663484 1.27925813780166 1.65336768189445 0.995334256440401 1.83974969875999 1.16157799796201 1.44635039428249 1.55893767788075 1.12198087922297 1.16964530246332 0.980037477333099 1.92590263695456 1.42794426577166 1.16437795711681 1.44263099785894 1.41924786451273 1.08933488372713 1.04550093109719 0.973849860718474 0 1.86421071947552 1.5669817654416 1.89930924377404 1.77323166211136
1.30916264769621 0.957845175871626 1.35999228130095 1.30823865672573 1.4064414491877 1.84840011503547 1.68681732355617 1.66027111769654 1.76336295460351 1.78061271947809 1.3411645302549 1.26948909368366 1.12656254554167 1.09114111703821 1.32061143266037 1.56727166776545 1.08274864032865 1.81652727443725 1.91825913405046 1.91354793310165 1.91193104581907 1.86606158944778 1.22264886065386 1.77537659252994 1.85018624551594 1.86421071947552 0 1.89901134232059 1.5108528486453 1.37066635605879
1.88330753752962 0.993566385004669 1.7676703305915 1.31831425894052 1.74454260827042 1.59137532114983 1.57617648760788 1.34063058579341 1.07139545446262 1.85736003587954 1.80832982319407 1.12694414216094 1.83911776053719 1.7460893841926 0.994147413875908 0.939216046128422 1.57275159843266 1.14587051444687 1.88684998382814 1.80003767693415 1.34531797794625 1.14237837586552 1.09999828902073 1.28007632400841 1.12477551074699 1.5669817654416 1.89901134232059 0 1.560780338943 1.67165419156663
1.1208200766705 1.59057889739051 1.60093473573215 1.72400345490314 1.54777352558449 1.63181908312254 1.82760946149938 1.5068392213434 1.01136034284718 1.56934711919166 1.01080254395492 1.34782249573618 1.44705306831747 1.14664815180004 0.976009418489411 1.20067182998173 0.935026064747944 1.07784700044431 0.962267370894551 1.10528592322953 1.27829045220278 1.18224074947648 1.23808439541608 1.05837654112838 1.21466000541113 1.89930924377404 1.5108528486453 1.560780338943 0 1.84571518469602
1.08624630328268 1.85073597310111 1.00563278328627 1.06808349513449 1.81697416701354 1.69979165284894 1.68484493903816 1.14328282698989 1.58119519776665 1.50382459978573 1.73319025197998 1.26607251306996 1.7916174873244 1.8668024702929 1.55869339872152 1.03983068908565 1.10157714597881 1.9208552883938 1.00938048609532 1.39992829202674 1.19307544128969 1.8017140487209 1.75455592665821 1.42099979519844 1.73510053195059 1.77323166211136 1.37066635605879 1.67165419156663 1.84571518469602 0
