0 1.12494394765235 1.21915169339627 1.53998881718144 1.65112317656167 1.04536456661299 0.942527625476941 1.54353123228066 1.48319526319392 1.72951771877706 1.53473257645965 1.67867961712182 1.73763894918375 0.955179092008621 1.55154589866288 1.72523874067701 1.77105133677833 1.56994142825715 1.03918400034308 1.23495518905111 1.65709862182848 1.36998417554423 1.57249229028821 1.29595861467533 1.81556591344997 0.958842706400901 0.975423857569695 1.60674268566072 1.52398271718994 1.13177652400918
1.12494394765235 0 1.34839423303492 1.32671853131615 1.85326696140692 1.08779626432806 1.20309570385143 1.38962604245171 1.68118625297211 1.82876110356301 1.18585802125745 1.26613035146147 1.61976290564053 1.25317500461824 0.916370990686119 1.29593640589155 0.95156436227262 0.982586572179571 1.30924284132197 0.994376954622567 1.18726921943016 0.973834992386401 1.84605458960868 1.58426153380424 1.49137289449573 1.59554694080725 1.15326000144705 1.1064410074614 1.80892347730696 1.78293110150844
1.21915169339627 1.34839423303492 0 1.57907735090703 0.878622199175879 1.80828884616494 1.17832293105312 1.64879741566256 1.73424047860317 1.03048119787127 1.46005781553686 1.69046467496082 1.32054992532358 1.29880576767027 1.28169772773981 0.979860393563285 1.62783406232484 1.31892149127088 1.54691401752643 1.78409822797403 1.25058815535158 1.11979112192057 1.72126351483166 1.6063099137973 1.32378930714913 0.988725338596851 1.47466396773234 1.64087642286904 1.2068634130992 1.78722222847864
1.53998881718144 1.32671853131615 1.57907735090703 0 0.950830419780686 1.14268075022846 1.54753003641963 1.86709528951906 1.49537121574394 1.71311339456588 1.34175764606334 1.56504372484051 1.13678172370419 1.73449715459719 1.48152796388604 1.86229060171172 1.00232228077948 1.28166526230052 1.20687464834191 1.08544364874251 1.36913510551676 1.62379675195552 0.980036566499621 1.29968459927477 1.16705138003454 1.02751652477309 1.28549006278627 1.19630731688812 1.4377745767124 1.75235468475148
1.65112317656167 1.85326696140692 0.878622199175879 0.950830419780686 0 1.18562914570794 1.39664830244146 1.10377976228483 1.64087376720272 1.70448499056511 1.2593357542064 1.75638202042319 1.48325690603815 1.3954897755757 1.17312929499894 1.69161509699188 1.61766181513667 1.41761027346365 1.04662450496107 0.923378019360825 1.83935819845647 1.42298584012315 1.19949424592778 1.61134355328977 0.948940425878391 1.86225316417404 1.30382922966965 1.42524939659052 1.2853918527253 1.6350585995242
1.04536456661299 1.08779626432806 1.80828884616494 1.14268075022846 1.18562914570794 0 1.24122311989777 0.882744788890705 0.955000454327092 1.49745188443922 1.75547708990052 1.57892177370377 1.67190862074494 1.83812976325862 1.2829951022286 1.00410200003535 1.24642415484414 1.3796889516525 1.52767929784022 1.0311958163511 1.03072163742036 1.00553826941177 0.993113317526877 1.48749282443896 1.16052168840542 1.16875063534826 1.84370560362004 1.43800281453878 0.908945629373193 1.05814491421916
0.942527625476941 1.20309570385143 1.17832293105312 1.54753003641963 1.39664830244146 1.24122311989777 0 1.77516720420681 1.14988406607881 1.10627020290121 1.8041431074962 1.64280309388414 1.44316748529673 1.51781333982944 1.74768773466349 1.63031176128425 1.74378932407126 0.921832296997309 1.26223381026648 1.50742581719533 1.8428281028755 1.28447263478301 1.46611779392697 1.36976988427341 1.32271020766348 1.16527730319649 1.6145276883617 1.44325776491314 1.78829440078698 0.976584182586521
1.54353123228066 1.38962604245171 1.64879741566256 1.86709528951906 1.10377976228483 0.882744788890705 1.77516720420681 0 1.09240056108683 1.37449987139553 1.40071011870168 1.10509488335811 0.883675876073539 1.33475910616107 1.47507199668325 1.46599183627404 1.44040393526666 1.51135370577686 1.39361492847092 1.86386683536693 1.82259637769312 1.43623532704078 1.18104915227741 1.56015056581236 1.31265111337416 1.15808525984176 1.24013294279575 1.13711952324957 1.63816383481026 1.84478998556733
1.48319526319392 1.68118625297211 1.73424047860317 1.49537121574394 1.64087376720272 0.955000454327092 1.14988406607881 1.09240056108683 0 1.59687808644958 1.03585157706402 1.19993696012534 1.52948154811747 1.32212975132279 1.23903376120143 1.62224160158075 1.26660840166733 1.42842677864246 1.22368051391095 1.44834703323431 1.85209007444791 1.75068868603557 1.16131284297444 1.67574894940481 1.69739985652268 0.975583632942289 1.2447888168972 1.27540784119628 1.39492875547148 1.85595316905528
1.72951771877706 1.82876110356301 1.03048119787127 1.71311339456588 1.70448499056511 1.49745188443922 1.10627020290121 1.37449987139553 1.59687808644958 0 1.60787309356965 1.45457145106047 1.66333301225677 1.35884845070541 1.04742920142598 1.23823849391192 1.36811441066675 1.35160143184476 1.51937292632647 0.944752907613292 1.62771145813167 1.25187546457164 0.939918040763587 0.888721180614084 1.56566262384877 1.14522810396738 1.43892663740553 1.71746711200103 1.33508052420802 1.58696649875492
1.53473257645965 1.18585802125745 1.46005781553686 1.34175764606334 1.2593357542064 1.75547708990052 1.8041431074962 1.40071011870168 1.03585157706402 1.60787309356965 0 1.40387261961587 1.7232195311226 1.80301602277905 1.248121017823 1.31747434660792 1.54938748502173 1.25862764054909 1.27359293703921 1.75373423262499 1.79026465956122 1.32572063640691 1.80902542266995 1.70166477793828 1.20196046750061 1.29412967711687 1.00910716690123 1.43982891063206 1.50884242914617 1.12194606778212
1.67867961712182 1.26613035146147 1.69046467496082 1.56504372484051 1.75638202042319 1.57892177370377 1.64280309388414 1.10509488335811 1.19993696012534 1.45457145106047 1.40387261961587 0 0.935370348393917 1.18274009670131 1.17455798597075 1.60258938651532 1.65322025306523 1.23640916869044 1.58043571189046 1.56218278873712 1.29233619011939 0.971636414993554 1.80777355469763 1.17448006407358 1.45388994785026 1.30651630880311 1.51318824593909 1.82498167594895 1.59658995480277 0.886646857718006
1.73763894918375 1.61976290564053 1.32054992532358 1.13678172370419 1.48325690603815 1.67190862074494 1.44316748529673 0.883675876073539 1.52948154811747 1.66333301225677 1.7232195311226 0.935370348393917 0 1.0874488898553 1.31148727796972 1.33081464888528 1.59874862292781 1.12221649405546 1.37507941504009 1.31376282684505 0.938920501619577 1.66047274298035 1.43577447370626 1.79571601655334 1.32539297617041 1.16434258641675 1.76520789205097 1.01697840495035 1.10145611083135 1.37288271985017
0.955179092008621 1.25317500461824 1.29880576767027 1.73449715459719 1.3954897755757 1.83812976325862 1.51781333982944 1.33475910616107 1.32212975132279 1.35884845070541 1.80301602277905 1.18274009670131 1.0874488898553 0 1.6127575749997 1.27160737547092 1.38480119965971 1.71626893384382 1.2338978969492 1.04179899394512 1.21419171965681 0.94668503687717 1.04764965409413 1.51604756945744 1.84350257227197 1.51237255218439 1.50115915760398 1.28701842227019 1.79006213322282 1.56638748431578
1.55154589866288 0.916370990686119 1.28169772773981 1.48152796388604 1.17312929499894 1.2829951022286 1.74768773466349 1.47507199668325 1.23903376120143 1.04742920142598 1.248121017823 1.17455798597075 1.31148727796972 1.6127575749997 0 1.46447451948188 1.6998560205102 1.08961091004312 1.40548961167224 1.8616155013442 0.932198913302273 1.00666746869683 1.1677140367683 1.62352180737071 1.75165488687344 1.20869153691456 1.22868964192457 1.10559603921138 0.973871596623212 1.05116140865721
1.72523874067701 1.29593640589155 0.979860393563285 1.86229060171172 1.69161509699188 1.00410200003535 1.63031176128425 1.46599183627404 1.62224160158075 1.23823849391192 1.31747434660792 1.60258938651532 1.33081464888528 1.27160737547092 1.46447451948188 0 1.72990368283354 1.79036844242364 1.1995458137244 1.09900488751009 1.03766714828089 1.47282468900084 1.21790631092153 1.45396544411778 1.38156563509256 1.0536407160107 1.48886076593772 1.21302081993781 1.72359685809352 1.8503754362464
1.77105133677833 0.95156436227262 1.62783406232484 1.00232228077948 1.61766181513667 1.24642415484414 1.74378932407126 1.44040393526666 1.26660840166733 1.36811441066675 1.54938748502173 1.65322025306523 1.59874862292781 1.38480119965971 1.6998560205102 1.72990368283354 0 1.42685394035652 1.68696574633941 1.82596999057569 1.2944862418808 1.00770620931871 1.73168539186008 1.12854384211823 1.06788247730583 1.80776174040511 1.79398064734414 1.50659873033874 1.12154247215949 1.10293268226087
1.56994142825715 0.982586572179571 1.31892149127088 1.28166526230052 1.41761027346365 1.3796889516525 0.921832296997309 1.51135370577686 1.42842677864246 1.35160143184476 1.25862764054909 1.23640916869044 1.12221649405546 1.71626893384382 1.08961091004312 1.79036844242364 1.42685394035652 0 1.44607868697494 1.2643600043375 1.82221985585056 1.6100724353455 1.04862488619983 0.979187108576298 1.86048734374344 1.1820439954754 1.84301541838795 1.29983404628001 1.24419479281642 1.14951770775951
1.03918400034308 1.30924284132197 1.54691401752643 1.20687464834191 1.04662450496107 1.52767929784022 1.26223381026648 1.39361492847092 1.22368051391095 1.51937292632647 1.27359293703921 1.58043571189046 1.37507941504009 1.2338978969492 1.40548961167224 1.1995458137244 1.68696574633941 1.44607868697494 0 1.05474305641837 1.25820814934559 0.929766538087279 1.09412899869494 1.3156020946335 1.16448218119331 1.87018766440451 1.28356035100296 1.76484349230304 1.24302713479847 1.08847079495899
1.23495518905111 0.994376954622567 1.78409822797403 1.08544364874251 0.923378019360825 1.0311958163511 1.50742581719533 1.86386683536693 1.44834703323431 0.944752907613292 1.75373423262499 1.56218278873712 1.31376282684505 1.04179899394512 1.8616155013442 1.09900488751009 1.82596999057569 1.2643600043375 1.05474305641837 0 1.07142310403287 1.32941258419305 1.8256722765509 1.16334798745811 1.67361688334495 1.71398856653832 1.03534130845219 1.31449263729155 1.03118784446269 1.21822761883959
1.65709862182848 1.18726921943016 1.25058815535158 1.36913510551676 1.83935819845647 1.03072163742036 1.8428281028755 1.82259637769312 1.85209007444791 1.62771145813167 1.79026465956122 1.29233619011939 0.938920501619577 1.21419171965681 0.932198913302273 1.03766714828089 1.2944862418808 1.82221985585056 1.25820814934559 1.07142310403287 0 1.50063770776615 1.35350311594084 0.926129296189174 1.40644079097547 1.43688986962661 1.82324709603563 0.959552751621231 1.37330988282338 1.16228260309435
1.36998417554423 0.973834992386401 1.11979112192057 1.62379675195552 1.42298584012315 1.00553826941177 1.28447263478301 1.43623532704078 1.75068868603557 1.25187546457164 1.32572063640691 0.971636414993554 1.66047274298035 0.94668503687717 1.00666746869683 1.47282468900084 1.00770620931871 1.6100724353455 0.929766538087279 1.32941258419305 1.50063770776615 0 1.49556535854936 1.1932703985367 1.10898795165122 1.45701298536733 1.75160418637097 0.92230920214206 1.64654751727358 1.00842936919071
1.57249229028821 1.84605458960868 1.72126351483166 0.980036566499621 1.19949424592778 0.993113317526877 1.46611779392697 1.18104915227741 1.16131284297444 0.939918040763587 1.80902542266995 1.80777355469763 1.43577447370626 1.04764965409413 1.1677140367683 1.21790631092153 1.73168539186008 1.04862488619983 1.09412899869494 1.8256722765509 1.35350311594084 1.49556535854936 0 0.976862839888781 1.64794448018074 1.36247903481126 1.05504980846308 1.73991217231378 0.933031492400914 1.6962570657488
1.29595861467533 1.58426153380424 1.6063099137973 1.29968459927477 1.61134355328977 1.48749282443896 1.36976988427341 1.56015056581236 1.67574894940481 0.888721180614084 1.70166477793828 1.17448006407358 1.79571601655334 1.51604756945744 1.62352180737071 1.45396544411778 1.12854384211823 0.979187108576298 1.3156020946335 1.16334798745811 0.926129296189174 1.1932703985367 0.976862839888781 0 1.33042902732268 1.39031110098585 1.1228545808699 1.6872189824935 1.33313601929694 1.37424305500463
1.81556591344997 1.49137289449573 1.32378930714913 1.16705138003454 0.948940425878391 1.16052168840542 1.32271020766348 1.31265111337416 1.69739985652268 1.56566262384877 1.20196046750061 1.45388994785026 1.32539297617041 1.84350257227197 1.75165488687344 1.38156563509256 1.06788247730583 1.86048734374344 1.16448218119331 1.67361688334495 1.40644079097547 1.10898795165122 1.64794448018074 1.33042902732268 0 1.02117776987143 1.17094647302292 0.947201205650344 1.41420575440861 1.73247796180658
0.958842706400901 1.59554694080725 0.988725338596851 1.02751652477309 1.86225316417404 1.16875063534826 1.16527730319649 1.15808525984176 0.975583632942289 1.14522810396738 1.29412967711687 1.30651630880311 1.16434258641675 1.51237255218439 1.20869153691456 1.0536407160107 1.80776174040511 1.1820439954754 1.87018766440451 1.71398856653832 1.43688986962661 1.45701298536733 1.36247903481126 1.39031110098585 1.02117776987143 0 1.35775354667567 1.49445434543304 1.12867334624752 1.16265129903331
0.975423857569695 1.15326000144705 1.47466396773234 1.28549006278627 1.30382922966965 1.84370560362004 1.6145276883617 1.24013294279575 1.2447888168972 1.43892663740553 1.00910716690123 1.51318824593909 1.76520789205097 1.50115915760398 1.22868964192457 1.48886076593772 1.79398064734414 1.84301541838795 1.28356035100296 1.03534130845219 1.82324709603563 1.75160418637097 1.05504980846308 1.1228545808699 1.17094647302292 1.35775354667567 0 1.59488364332356 1.128957914887 1.63968824921176
1.60674268566072 1.1064410074614 1.64087642286904 1.19630731688812 1.42524939659052 1.43800281453878 1.44325776491314 1.13711952324957 1.27540784119628 1.71746711200103 1.43982891063206 1.82498167594895 1.01697840495035 1.28701842227019 1.10559603921138 1.21302081993781 1.50659873033874 1.29983404628001 1.76484349230304 1.31449263729155 0.959552751621231 0.92230920214206 1.73991217231378 1.6872189824935 0.947201205650344 1.49445434543304 1.59488364332356 0 1.32607565564103 1.01042432128452
1.52398271718994 1.80892347730696 1.2068634130992 1.4377745767124 1.2853918527253 0.908945629373193 1.78829440078698 1.63816383481026 1.39492875547148 1.33508052420802 1.50884242914617 1.59658995480277 1.10145611083135 1.79006213322282 0.973871596623212 1.72359685809352 1.12154247215949 1.24419479281642 1.24302713479847 1.03118784446269 1.37330988282338 1.64654751727358 0.933031492400914 1.33313601929694 1.41420575440861 1.12867334624752 1.128957914887 1.32607565564103 0 1.36547357123345
1.13177652400918 1.78293110150844 1.78722222847864 1.75235468475148 1.6350585995242 1.05814491421916 0.976584182586521 1.84478998556733 1.85595316905528 1.58696649875492 1.12194606778212 0.886646857718006 1.37288271985017 1.56638748431578 1.05116140865721 1.8503754362464 1.10293268226087 1.14951770775951 1.08847079495899 1.21822761883959 1.16228260309435 1.00842936919071 1.6962570657488 1.37424305500463 1.73247796180658 1.16265129903331 1.63968824921176 1.01042432128452 1.36547357123345 0
