0 1.39422807469964 0.996020527090877 1.23859769385308 1.34529748372734 1.32247483311221 0.984936181921512 1.1488977894187 1.2551324958913 1.53399831964634 0.986534712603316 1.56317672482692 1.39714850974269 1.60984957171604 1.65467610675842 1.32546953065321 1.92571146250702 1.83434263640083 1.13164817960933 1.6000872454606 1.40945787122473 1.14781980123371 1.89864424546249 1.41521517070942 1.76332929730415 1.2583100493066 1.42165717226453 1.50639878259972 1.79149312409572 1.63037531496957
1.39422807469964 0 1.60704929218628 1.06709448574111 1.62116286810488 1.44231499079615 1.29296939843334 1.36382655939087 1.26598918554373 1.25178813165985 1.36819525202736 1.1232194325421 0.989712041802704 1.91420842334628 1.52760467492044 0.986763836815953 1.08948883251287 1.0203532606829 1.11619617114775 1.06857218383811 1.5414035320282 1.12733559077606 1.81249473453499 1.34887584415264 1.03856456535868 1.18331337766722 1.10613725264557 1.13830062909983 1.50842898478732 1.14338984666392
0.996020527090877 1.60704929218628 0 1.13504080264829 1.25665964605287 1.91886545531452 1.0711667991709 1.50302636693232 1.52403828478418 1.22960139391944 1.58532916824333 1.51087712217122 1.42025094968267 1.48455791641027 1.74036728101783 1.32731391186826 1.12155196350068 1.78016478265636 0.947236009174958 1.85754754254594 1.82871402543969 1.72088728216477 0.958930062828586 1.00299996789545 0.948465407127514 1.22048252192326 1.52417752775364 1.52666917722672 1.34350679093041 1.37476295838133
1.23859769385308 1.06709448574111 1.13504080264829 0 1.54891789518297 1.43747396976687 1.30373751325533 1.50469012395479 1.61617941409349 1.08426877786405 1.58841527090408 1.51267838408239 1.57190740527585 1.17401763820089 0.97633135993965 1.05199406156316 0.985364309744909 1.60079614142887 1.4833387862891 1.69019430410117 1.18148104846478 0.980922791175544 0.955639238934964 1.88428205461241 1.40968325454742 1.41071134619415 1.60158806620166 1.73801612784155 1.26135376701131 1.13590549607761
1.34529748372734 1.62116286810488 1.25665964605287 1.54891789518297 0 1.26081646815874 1.49996974831447 1.72811214765534 1.10936021292582 1.3650184229482 1.5025947468821 1.00726372119971 1.70508439210244 1.76219590497203 1.42026770045049 1.11946519324556 1.47723875544034 1.10502159921452 1.91690452955663 1.41931357537396 1.83150529488921 1.60243862401694 1.49699218198657 1.36251882417127 1.80543334898539 1.20776831824332 1.18036304041743 1.52856533951126 1.12644964363426 1.14007858652622
1.32247483311221 1.44231499079615 1.91886545531452 1.43747396976687 1.26081646815874 0 1.4773158095777 1.06194157991558 1.36911002267152 1.40058643324301 1.17440944071859 1.16092365491204 1.6637081427034 1.63280537794344 1.88804082106799 1.56842729379423 1.40358274546452 1.5525709092617 1.66674501821399 1.03644708450884 1.60214108112268 1.02677395846695 1.81775669753551 1.40848098113202 0.978174265939742 1.80605708248913 1.41508921631612 1.18180861743167 1.7209349097684 1.09827801538631
0.984936181921512 1.29296939843334 1.0711667991709 1.30373751325533 1.49996974831447 1.4773158095777 0 1.82459245598875 1.33593903668225 1.03817896358669 1.36943535623141 1.31395698175766 1.91894276137464 1.59566124388948 1.4772336257156 1.76035296055488 1.3943560780026 1.03773515764624 1.39640120090917 1.73099288204685 1.3475259966217 1.64419216709211 1.2267333175987 1.66349611012265 0.955909053096548 1.33255198551342 1.83373252861202 1.04931962653063 1.47666590264998 1.69270517257974
1.1488977894187 1.36382655939087 1.50302636693232 1.50469012395479 1.72811214765534 1.06194157991558 1.82459245598875 0 1.56122513255104 1.81279220036231 1.07451483001933 1.51873784209602 1.93907773145474 1.51529550366104 1.51550812204368 1.40258004306816 1.80758410668932 1.02685213042423 1.12252150080167 1.61767098424025 1.36917245248333 1.45403832336888 1.15902066673152 1.0230987877585 1.00884517328814 1.54795638052747 1.84579709754325 1.17892856802791 1.63731466140598 1.65886313095689
1.2551324958913 1.26598918554373 1.52403828478418 1.61617941409349 1.10936021292582 1.36911002267152 1.33593903668225 1.56122513255104 0 1.65690431138501 1.00396515405737 1.28545184619725 1.62116710073315 1.91932674380951 1.28255752194673 1.76238375320099 1.0975334669929 1.13935958873481 1.14639920811169 1.35241650789976 1.88778967247345 1.68317936034873 0.987767822574824 1.60294700670056 1.2512539466843 1.08720513596199 1.86100570228882 1.81121541257016 1.12945792963728 1.79395161452703
1.53399831964634 1.25178813165985 1.22960139391944 1.08426877786405 1.3650184229482 1.40058643324301 1.03817896358669 1.81279220036231 1.65690431138501 0 1.86939062667079 1.12678831839003 1.81086829770356 1.20866784872487 1.55379061633721 1.10129032377154 1.10006070230156 0.971437599277124 1.07075463421643 1.23694652551785 1.3295668582432 1.66930853319354 1.27124966913834 1.22008864255622 1.59355979622342 1.5308308780659 1.2482984685339 1.73340630112216 1.34500995371491 1.06352577800862
0.986534712603316 1.36819525202736 1.58532916824333 1.58841527090408 1.5025947468821 1.17440944071859 1.36943535623141 1.07451483001933 1.00396515405737 1.86939062667079 0 1.36333156377077 1.6024888814427 1.90545122697949 1.13941048900597 0.949648405425251 1.02123741828837 1.69206305057742 1.14836562494747 1.20471424167044 1.74519991897978 1.00120274419896 1.2451952630654 0.967335015535355 1.3744553308934 1.75698433886282 0.98963126516901 1.29396950732917 1.48900852981023 1.86175635107793
1.56317672482692 1.1232194325421 1.51087712217122 1.51267838408239 1.00726372119971 1.16092365491204 1.31395698175766 1.51873784209602 1.28545184619725 1.12678831839003 1.36333156377077 0 1.67573126335628 1.0670397891663 1.03131607011892 1.4355357112363 1.32743720989674 1.77834249217995 1.45706314803101 1.69407357275486 0.965074897976592 1.0071480339393 1.38945486815646 0.955861290218309 1.09632572392002 1.42533991765231 1.05062753404491 0.977684552548453 1.69769660616294 1.234869701555
1.39714850974269 0.989712041802704 1.42025094968267 1.57190740527585 1.70508439210244 1.6637081427034 1.91894276137464 1.93907773145474 1.62116710073315 1.81086829770356 1.6024888814427 1.67573126335628 0 1.779943583766 1.85654926020652 1.51234464161098 1.06689448398538 1.74430923699401 1.11336655239575 1.05387968430296 1.0910286065191 1.34512650151737 0.971167102688923 1.40141752175987 1.68816494429484 1.50185658177361 1.82675099140033 1.04328714730218 1.13019242859446 1.77279982366599
1.60984957171604 1.91420842334628 1.48455791641027 1.17401763820089 1.76219590497203 1.63280537794344 1.59566124388948 1.51529550366104 1.91932674380951 1.20866784872487 1.90545122697949 1.0670397891663 1.779943583766 0 1.35148772248067 1.24243682762608 1.18411848298274 1.08299953001551 1.27293791947886 1.77369723864831 1.16739000240341 1.72612866410054 1.01828777766787 1.58049724181183 1.29082555277273 1.01263368409127 1.83915996272117 1.91722830035724 0.979358354117721 1.21339531172998
1.65467610675842 1.52760467492044 1.74036728101783 0.97633135993965 1.42026770045049 1.88804082106799 1.4772336257156 1.51550812204368 1.28255752194673 1.55379061633721 1.13941048900597 1.03131607011892 1.85654926020652 1.35148772248067 0 1.6877413445618 1.31727778399363 1.62889948417433 1.15367725864053 1.7884455176536 1.72731282911263 1.69766747811809 1.81429993244819 1.92960634292103 1.23175497772172 1.21616923576221 1.53479624423198 1.28750300523825 1.04684504703619 1.25807257858105
1.32546953065321 0.986763836815953 1.32731391186826 1.05199406156316 1.11946519324556 1.56842729379423 1.76035296055488 1.40258004306816 1.76238375320099 1.10129032377154 0.949648405425251 1.4355357112363 1.51234464161098 1.24243682762608 1.6877413445618 0 0.972839898895472 1.67472527083009 1.60608056443743 1.54131782008335 1.29413934843615 1.18420264078304 1.76176717272028 1.85618645930663 1.67485464690253 1.8760900394991 1.66700346185826 1.68147859862074 1.01357318507507 1.00873124040663
1.92571146250702 1.08948883251287 1.12155196350068 0.985364309744909 1.47723875544034 1.40358274546452 1.3943560780026 1.80758410668932 1.0975334669929 1.10006070230156 1.02123741828837 1.32743720989674 1.06689448398538 1.18411848298274 1.31727778399363 0.972839898895472 0 1.28227920504287 0.957496457500383 1.25668581645004 1.81355960457586 1.1411323370412 1.45197223988362 1.56990750459954 1.67444734089077 1.64418641733937 1.90996343502775 1.37311098328792 1.60512173641473 1.08085300587118
1.83434263640083 1.0203532606829 1.78016478265636 1.60079614142887 1.10502159921452 1.5525709092617 1.03773515764624 1.02685213042423 1.13935958873481 0.971437599277124 1.69206305057742 1.77834249217995 1.74430923699401 1.08299953001551 1.62889948417433 1.67472527083009 1.28227920504287 0 1.49892978114076 1.17602260503918 1.74522849405184 1.9113052545581 0.977180738002062 1.74420021707192 1.44568629702553 1.60396382468753 1.37827403703704 1.05778585467488 1.8780678533949 1.07898798864335
1.13164817960933 1.11619617114775 0.947236009174958 1.4833387862891 1.91690452955663 1.66674501821399 1.39640120090917 1.12252150080167 1.14639920811169 1.07075463421643 1.14836562494747 1.45706314803101 1.11336655239575 1.27293791947886 1.15367725864053 1.60608056443743 0.957496457500383 1.49892978114076 0 1.05203044391237 1.85295654204674 1.86307721817866 1.21666291030124 1.63726016599685 1.19621343049221 1.62469790293835 1.68976006284356 1.1021549871657 1.18063335958868 1.78467595973052
1.6000872454606 1.06857218383811 1.85754754254594 1.69019430410117 1.41931357537396 1.03644708450884 1.73099288204685 1.61767098424025 1.35241650789976 1.23694652551785 1.20471424167044 1.69407357275486 1.05387968430296 1.77369723864831 1.7884455176536 1.54131782008335 1.25668581645004 1.17602260503918 1.05203044391237 0 1.55911896540783 1.32155929226428 1.47686382010579 1.04133788356557 1.60080935433507 0.986314324429259 1.16210901341401 1.84313175571151 1.46807456156239 1.79372985847294
1.40945787122473 1.5414035320282 1.82871402543969 1.18148104846478 1.83150529488921 1.60214108112268 1.3475259966217 1.36917245248333 1.88778967247345 1.3295668582432 1.74519991897978 0.965074897976592 1.0910286065191 1.16739000240341 1.72731282911263 1.29413934843615 1.81355960457586 1.74522849405184 1.85295654204674 1.55911896540783 0 1.28271507425234 1.37008533393964 1.36584746581502 1.16069778171368 0.972252566600218 1.0543138475623 1.096323157195 1.93157861242071 1.87059525074437
1.14781980123371 1.12733559077606 1.72088728216477 0.980922791175544 1.60243862401694 1.02677395846695 1.64419216709211 1.45403832336888 1.68317936034873 1.66930853319354 1.00120274419896 1.0071480339393 1.34512650151737 1.72612866410054 1.69766747811809 1.18420264078304 1.1411323370412 1.9113052545581 1.86307721817866 1.32155929226428 1.28271507425234 0 1.93656203011051 1.77687750337645 1.37963421898894 1.69180571311153 1.65687094628811 1.35960002965294 1.32007166114636 1.55274008191191
1.89864424546249 1.81249473453499 0.958930062828586 0.955639238934964 1.49699218198657 1.81775669753551 1.2267333175987 1.15902066673152 0.987767822574824 1.27124966913834 1.2451952630654 1.38945486815646 0.971167102688923 1.01828777766787 1.81429993244819 1.76176717272028 1.45197223988362 0.977180738002062 1.21666291030124 1.47686382010579 1.37008533393964 1.93656203011051 0 1.07787810289301 1.45718680112623 1.18283183826134 1.50925120548345 1.36078478000127 1.32203984074295 1.23000174178742
1.41521517070942 1.34887584415264 1.00299996789545 1.88428205461241 1.36251882417127 1.40848098113202 1.66349611012265 1.0230987877585 1.60294700670056 1.22008864255622 0.967335015535355 0.955861290218309 1.40141752175987 1.58049724181183 1.92960634292103 1.85618645930663 1.56990750459954 1.74420021707192 1.63726016599685 1.04133788356557 1.36584746581502 1.77687750337645 1.07787810289301 0 1.83502958109602 1.39737037546001 0.954307315405458 1.00044993218035 1.45548465056345 1.59711610013619
1.76332929730415 1.03856456535868 0.948465407127514 1.40968325454742 1.80543334898539 0.978174265939742 0.955909053096548 1.00884517328814 1.2512539466843 1.59355979622342 1.3744553308934 1.09632572392002 1.68816494429484 1.29082555277273 1.23175497772172 1.67485464690253 1.67444734089077 1.44568629702553 1.19621343049221 1.60080935433507 1.16069778171368 1.37963421898894 1.45718680112623 1.83502958109602 0 1.88552230829373 1.40043876389973 1.73196553601883 1.23608123534359 1.54639206291176
1.2583100493066 1.18331337766722 1.22048252192326 1.41071134619415 1.20776831824332 1.80605708248913 1.33255198551342 1.54795638052747 1.08720513596199 1.5308308780659 1.75698433886282 1.42533991765231 1.50185658177361 1.01263368409127 1.21616923576221 1.8760900394991 1.64418641733937 1.60396382468753 1.62469790293835 0.986314324429259 0.972252566600218 1.69180571311153 1.18283183826134 1.39737037546001 1.88552230829373 0 1.51543888705783 1.9195880908519 1.41779826651327 1.65832962887362
1.42165717226453 1.10613725264557 1.52417752775364 1.60158806620166 1.18036304041743 1.41508921631612 1.83373252861202 1.84579709754325 1.86100570228882 1.2482984685339 0.98963126516901 1.05062753404491 1.82675099140033 1.83915996272117 1.53479624423198 1.66700346185826 1.90996343502775 1.37827403703704 1.68976006284356 1.16210901341401 1.0543138475623 1.65687094628811 1.50925120548345 0.954307315405458 1.40043876389973 1.51543888705783 0 1.09623281424865 1.39680623612367 1.08310917834751
1.50639878259972 1.13830062909983 1.52666917722672 1.73801612784155 1.52856533951126 1.18180861743167 1.04931962653063 1.17892856802791 1.81121541257016 1.73340630112216 1.29396950732917 0.977684552548453 1.04328714730218 1.91722830035724 1.28750300523825 1.68147859862074 1.37311098328792 1.05778585467488 1.1021549871657 1.84313175571151 1.096323157195 1.35960002965294 1.36078478000127 1.00044993218035 1.73196553601883 1.9195880908519 1.09623281424865 0 1.82941718725488 1.05221654823981
1.79149312409572 1.50842898478732 1.34350679093041 1.26135376701131 1.12644964363426 1.7209349097684 1.47666590264998 1.63731466140598 1.12945792963728 1.34500995371491 1.48900852981023 1.69769660616294 1.13019242859446 0.979358354117721 1.04684504703619 1.01357318507507 1.60512173641473 1.8780678533949 1.18063335958868 1.46807456156239 1.93157861242071 1.32007166114636 1.32203984074295 1.45548465056345 1.23608123534359 1.41779826651327 1.39680623612367 1.82941718725488 0 1.50994917028584
1.63037531496957 1.14338984666392 1.37476295838133 1.13590549607761 1.14007858652622 1.09827801538631 1.69270517257974 1.65886313095689 1.79395161452703 1.06352577800862 1.86175635107793 1.234869701555 1.77279982366599 1.21339531172998 1.25807257858105 1.00873124040663 1.08085300587118 1.07898798864335 1.78467595973052 1.79372985847294 1.87059525074437 1.55274008191191 1.23000174178742 1.59711610013619 1.54639206291176 1.65832962887362 1.08310917834751 1.05221654823981 1.50994917028584 0
