0 1.75320573686622 1.75221315072849 1.92135635972954 1.4980093576014 1.72771844780073 1.62209261301905 1.25075684371404 1.70870450860821 1.36134958802722 1.14224136527628 0.981313210912049 1.45702090952545 1.80502125457861 1.2717123508919 1.09782509598881 1.31240279809572 1.80826632236131 1.56943103298545 1.91616394114681 1.90331534785219 1.13678155397065 1.11024066410027 1.13527037855238 0.992832726566121 1.93548065982759 1.51317796506919 1.10146495234221 1.02479803469032 1.56842981069349
1.75320573686622 0 1.30528411525302 1.17815453489311 1.64109818194993 1.91291784704663 0.968121763318777 0.946694293059409 1.38352391379885 1.50147962081246 1.32598902727477 1.11505602742545 1.46155648003332 1.2754430915229 1.48262258968316 1.9263031790033 1.78587254416198 1.57471734262072 1.88301630527712 1.86209558928385 1.38857253291644 1.87397998315282 1.28738814056851 1.73120931559242 1.71438323752955 1.86458704737015 1.44123299536295 1.62835772801191 1.56262350780889 1.60506675252691
1.75221315072849 1.30528411525302 0 0.941646272083744 1.29919198714197 1.61155876424164 1.85211586090736 1.20622106664814 1.69166973093525 1.46663159760647 1.40438453690149 0.956507640657946 1.59809644357301 1.05480264197104 1.91472380119376 0.984562472207472 1.50147851021029 1.83411949430592 1.80852318229154 1.80174632533453 1.60261060367338 0.979880038881674 1.12948451866396 0.937582637649029 1.48098665801808 1.13486951449886 1.92970532807522 1.05433908500709 1.75555767561309 1.06596902222373
1.92135635972954 1.17815453489311 0.941646272083744 0 1.64528088551015 1.14379040990025 1.92559441342019 1.84475564118475 1.10112717514858 1.31364814890549 1.23643294838257 1.07298156688921 1.55161283793859 1.26524579990655 1.30784434243105 1.16193228587508 1.55257232463919 1.77678486448713 1.33019152609631 1.16191370878369 1.15027204691432 1.73743988783099 1.04048740584403 1.31183850951493 1.86461158655584 1.20371541730128 1.68398374994285 1.27187214046717 1.91935126017779 1.92907373118214
1.4980093576014 1.64109818194993 1.29919198714197 1.64528088551015 0 1.61175643303432 1.46422840282321 1.54270682227798 1.6920603804756 1.51202864688821 1.45101825450547 1.18296808144078 1.67771785147488 1.39746477291919 1.87738634319976 1.05490268697031 1.76380536309443 1.88893598271534 1.49197706021369 1.36294645210728 0.960429143393412 1.43200807855465 1.11298729432747 1.01915494841523 1.34583815024234 1.26417292491533 1.31730227801017 1.59685505181551 1.40394881065004 1.71816972247325
1.72771844780073 1.91291784704663 1.61155876424164 1.14379040990025 1.61175643303432 0 1.06865661311895 1.1463522000704 1.82439472246915 1.5298687259201 1.61534258699976 1.30249511240982 1.64383112592623 1.33323131152429 1.09087462071329 1.54940949217416 1.02543730172329 1.08063574298285 1.46094709238969 1.29666241724044 1.36748271412216 1.38406418426894 1.49348373687826 1.91874718735926 0.962103210855275 1.35724308202043 1.84019226324745 0.993580407230183 0.986745000584051 1.22115728771314
1.62209261301905 0.968121763318777 1.85211586090736 1.92559441342019 1.46422840282321 1.06865661311895 0 1.2322120857425 1.53047373960726 1.2079548810143 1.25237220339477 1.86929689417593 1.57675307523459 1.3226079957094 1.52865886781365 1.69320591608994 1.43484256626107 1.33428312535398 1.3134785706643 1.13070446602069 0.951689971378073 1.20793717168272 1.04604119993746 1.43303172942251 1.11041797813959 1.49534836807288 1.01103617087938 1.64103984041139 1.28861139970832 1.57836621208116
1.25075684371404 0.946694293059409 1.20622106664814 1.84475564118475 1.54270682227798 1.1463522000704 1.2322120857425 0 1.88760989811271 1.42854538187385 1.28605164890178 1.53927244478837 1.2853189073503 1.40934159047902 1.11187962745316 1.87444222904742 1.8100349989254 1.51836914382875 1.10499211214483 1.26842998247594 1.20132815139368 1.67010005842894 1.5766160544008 1.65564516349696 0.937786572612822 1.09309939597733 0.977308475412428 1.05035717855208 1.47367787291296 1.1903871758841
1.70870450860821 1.38352391379885 1.69166973093525 1.10112717514858 1.6920603804756 1.82439472246915 1.53047373960726 1.88760989811271 0 1.10882240114734 1.29269726155326 1.30144056980498 1.8947194123175 1.69111967505887 1.8450385320466 1.41415860527195 0.953989114612341 1.70035662176087 1.80769691686146 1.80210324306972 1.17426291736774 1.05139765166678 1.08403738681227 1.92473115748726 0.975772531935945 1.45553975156508 1.5926160167437 1.23744446504861 1.00258218310773 1.45373849803582
1.36134958802722 1.50147962081246 1.46663159760647 1.31364814890549 1.51202864688821 1.5298687259201 1.2079548810143 1.42854538187385 1.10882240114734 0 1.64753203256987 0.975332875968888 1.80167651665397 1.91470611677505 0.988968535093591 1.11331895459443 1.87714204005897 1.62786380853504 1.0705432780087 1.59173320862465 1.09637995366938 1.19003441184759 1.20794395077974 1.13709081802517 1.92575801094063 1.35060544218868 1.27486151689664 1.73249313025735 1.2729716876056 1.21421887655742
1.14224136527628 1.32598902727477 1.40438453690149 1.23643294838257 1.45101825450547 1.61534258699976 1.25237220339477 1.28605164890178 1.29269726155326 1.64753203256987 0 1.137729851529 1.24360433034599 1.83888334524818 1.79701133980416 1.00426550465636 1.33698911266401 1.90189874614589 1.74244419368915 1.50085278600454 1.56833697250113 1.10897825774737 1.71416096459143 1.70373925520107 1.90929661365226 1.49780017160811 1.35442445380613 1.91497354628518 1.30538027943112 1.60226672026329
0.981313210912049 1.11505602742545 0.956507640657946 1.07298156688921 1.18296808144078 1.30249511240982 1.86929689417593 1.53927244478837 1.30144056980498 0.975332875968888 1.137729851529 0 1.1684328741394 1.16404371266253 1.87132248771377 1.5530166933313 1.74383167177439 1.9297939913813 1.39148043678142 1.34848425467499 1.45264924527146 1.45809045014903 0.99599079741165 1.2610154915601 1.55903588468209 1.25390859274194 1.79906134936027 1.50185891473666 1.14112448762171 1.54110810533166
1.45702090952545 1.46155648003332 1.59809644357301 1.55161283793859 1.67771785147488 1.64383112592623 1.57675307523459 1.2853189073503 1.8947194123175 1.80167651665397 1.24360433034599 1.1684328741394 0 1.50011581624858 1.24441713932902 1.02772591030225 1.39841073798016 1.01598958414979 1.5805637165904 1.02027682191692 1.90163941239007 1.61750735784881 1.12547239777632 1.76333276298828 1.46216838387772 1.62264959421009 1.89702335372567 1.70175547176041 1.92658714135177 1.41204418381676
1.80502125457861 1.2754430915229 1.05480264197104 1.26524579990655 1.39746477291919 1.33323131152429 1.3226079957094 1.40934159047902 1.69111967505887 1.91470611677505 1.83888334524818 1.16404371266253 1.50011581624858 0 1.76637797034346 1.74250385188498 1.15921195223927 1.84908870630898 1.83125528204255 1.86700963368639 1.53462298889644 1.58156474726275 1.51806130050682 0.969516503857449 1.68737305700779 1.87572864885442 1.49789349525236 1.41415986046195 1.22356825694442 1.13937676674686
1.2717123508919 1.48262258968316 1.91472380119376 1.30784434243105 1.87738634319976 1.09087462071329 1.52865886781365 1.11187962745316 1.8450385320466 0.988968535093591 1.79701133980416 1.87132248771377 1.24441713932902 1.76637797034346 0 1.37115007336251 1.63067019428127 1.56076697539538 1.09267674316652 1.49250268354081 1.12821617000736 1.07472223090008 1.01020957576111 1.45981492684223 1.74928090977482 1.68358856695704 1.62750216689892 1.37916090153158 1.57563627534546 0.992700467817485
1.09782509598881 1.9263031790033 0.984562472207472 1.16193228587508 1.05490268697031 1.54940949217416 1.69320591608994 1.87444222904742 1.41415860527195 1.11331895459443 1.00426550465636 1.5530166933313 1.02772591030225 1.74250385188498 1.37115007336251 0 1.90018862229772 1.26827433216386 1.53607773082331 1.05292538530193 1.65170227736235 1.88866073288955 1.60612842533737 1.30772551824339 1.18122001481242 1.28557041217573 1.89605869725347 1.22781554237008 1.46032402664423 1.03025629208423
1.31240279809572 1.78587254416198 1.50147851021029 1.55257232463919 1.76380536309443 1.02543730172329 1.43484256626107 1.8100349989254 0.953989114612341 1.87714204005897 1.33698911266401 1.74383167177439 1.39841073798016 1.15921195223927 1.63067019428127 1.90018862229772 0 1.24683082592674 1.02070384682156 1.36719494219869 1.31850895588286 1.33957750140689 1.75183729431592 1.26466957922094 1.85655695968308 1.8477334768977 1.84308143961243 1.49318327894434 1.61161928507499 1.81524400762282
1.80826632236131 1.57471734262072 1.83411949430592 1.77678486448713 1.88893598271534 1.08063574298285 1.33428312535398 1.51836914382875 1.70035662176087 1.62786380853504 1.90189874614589 1.9297939913813 1.01598958414979 1.84908870630898 1.56076697539538 1.26827433216386 1.24683082592674 0 1.73378474405035 1.85329290875234 1.33852926082909 1.61934079509228 1.14461452746764 1.08785539027303 1.06366833928041 1.80288139893673 1.359329726547 1.59778096526861 1.5409999480471 1.58125923899934
1.56943103298545 1.88301630527712 1.80852318229154 1.33019152609631 1.49197706021369 1.46094709238969 1.3134785706643 1.10499211214483 1.80769691686146 1.0705432780087 1.74244419368915 1.39148043678142 1.5805637165904 1.83125528204255 1.09267674316652 1.53607773082331 1.02070384682156 1.73378474405035 0 1.34494483564049 1.73770658788271 1.7227516695857 1.28025997430086 1.26869085477665 1.54015513672493 1.44194610393606 1.73946167272516 1.30270299362019 0.972270627971739 1.41954935970716
1.91616394114681 1.86209558928385 1.80174632533453 1.16191370878369 1.36294645210728 1.29666241724044 1.13070446602069 1.26842998247594 1.80210324306972 1.59173320862465 1.50085278600454 1.34848425467499 1.02027682191692 1.86700963368639 1.49250268354081 1.05292538530193 1.36719494219869 1.85329290875234 1.34494483564049 0 1.39185211039148 1.79822216997854 1.00332371727563 1.31254197447561 1.26402013469487 1.053610508563 1.23991421842948 1.034450504696 1.06369922636077 1.00646054255776
1.90331534785219 1.38857253291644 1.60261060367338 1.15027204691432 0.960429143393412 1.36748271412216 0.951689971378073 1.20132815139368 1.17426291736774 1.09637995366938 1.56833697250113 1.45264924527146 1.90163941239007 1.53462298889644 1.12821617000736 1.65170227736235 1.31850895588286 1.33852926082909 1.73770658788271 1.39185211039148 0 1.29582210560329 0.937536960234866 0.961845654994249 1.05251476471312 1.92486404068768 1.19781626039185 1.00096292840317 1.8354837265797 1.90767599013634
1.13678155397065 1.87397998315282 0.979880038881674 1.73743988783099 1.43200807855465 1.38406418426894 1.20793717168272 1.67010005842894 1.05139765166678 1.19003441184759 1.10897825774737 1.45809045014903 1.61750735784881 1.58156474726275 1.07472223090008 1.88866073288955 1.33957750140689 1.61934079509228 1.7227516695857 1.79822216997854 1.29582210560329 0 1.80000584479421 1.70385120296851 1.03557077096775 1.26935051963665 1.14414629153907 1.90783210354857 1.18075262545608 1.88122928817756
1.11024066410027 1.28738814056851 1.12948451866396 1.04048740584403 1.11298729432747 1.49348373687826 1.04604119993746 1.5766160544008 1.08403738681227 1.20794395077974 1.71416096459143 0.99599079741165 1.12547239777632 1.51806130050682 1.01020957576111 1.60612842533737 1.75183729431592 1.14461452746764 1.28025997430086 1.00332371727563 0.937536960234866 1.80000584479421 0 1.4143212439958 1.05390474712476 1.60589050780982 1.17894687922671 1.90522341663018 1.26392059377395 1.08308450877666
1.13527037855238 1.73120931559242 0.937582637649029 1.31183850951493 1.01915494841523 1.91874718735926 1.43303172942251 1.65564516349696 1.92473115748726 1.13709081802517 1.70373925520107 1.2610154915601 1.76333276298828 0.969516503857449 1.45981492684223 1.30772551824339 1.26466957922094 1.08785539027303 1.26869085477665 1.31254197447561 0.961845654994249 1.70385120296851 1.4143212439958 0 1.75907972920686 0.963018385693431 1.22530512395315 1.24757917388342 1.6585533618927 0.987509272061288
0.992832726566121 1.71438323752955 1.48098665801808 1.86461158655584 1.34583815024234 0.962103210855275 1.11041797813959 0.937786572612822 0.975772531935945 1.92575801094063 1.90929661365226 1.55903588468209 1.46216838387772 1.68737305700779 1.74928090977482 1.18122001481242 1.85655695968308 1.06366833928041 1.54015513672493 1.26402013469487 1.05251476471312 1.03557077096775 1.05390474712476 1.75907972920686 0 1.74258436914533 1.82116352883168 0.992227795766667 1.14793987339363 1.23309151618741
1.93548065982759 1.86458704737015 1.13486951449886 1.20371541730128 1.26417292491533 1.35724308202043 1.49534836807288 1.09309939597733 1.45553975156508 1.35060544218868 1.49780017160811 1.25390859274194 1.62264959421009 1.87572864885442 1.68358856695704 1.28557041217573 1.8477334768977 1.80288139893673 1.44194610393606 1.053610508563 1.92486404068768 1.26935051963665 1.60589050780982 0.963018385693431 1.74258436914533 0 1.3999730614014 1.39894478674978 1.57257756800391 1.91231491533108
1.51317796506919 1.44123299536295 1.92970532807522 1.68398374994285 1.31730227801017 1.84019226324745 1.01103617087938 0.977308475412428 1.5926160167437 1.27486151689664 1.35442445380613 1.79906134936027 1.89702335372567 1.49789349525236 1.62750216689892 1.89605869725347 1.84308143961243 1.359329726547 1.73946167272516 1.23991421842948 1.19781626039185 1.14414629153907 1.17894687922671 1.22530512395315 1.82116352883168 1.3999730614014 0 1.2315249114763 1.47385861584917 1.02324830042198
1.10146495234221 1.62835772801191 1.05433908500709 1.27187214046717 1.59685505181551 0.993580407230183 1.64103984041139 1.05035717855208 1.23744446504861 1.73249313025735 1.91497354628518 1.50185891473666 1.70175547176041 1.41415986046195 1.37916090153158 1.22781554237008 1.49318327894434 1.59778096526861 1.30270299362019 1.034450504696 1.00096292840317 1.90783210354857 1.90522341663018 1.24757917388342 0.992227795766667 1.39894478674978 1.2315249114763 0 1.84631708869711 1.12690439168364
1.02479803469032 1.56262350780889 1.75555767561309 1.91935126017779 1.40394881065004 0.986745000584051 1.28861139970832 1.47367787291296 1.00258218310773 1.2729716876056 1.30538027943112 1.14112448762171 1.92658714135177 1.22356825694442 1.57563627534546 1.46032402664423 1.61161928507499 1.5409999480471 0.972270627971739 1.06369922636077 1.8354837265797 1.18075262545608 1.26392059377395 1.6585533618927 1.14793987339363 1.57257756800391 1.47385861584917 1.84631708869711 0 1.58691988489591
1.56842981069349 1.60506675252691 1.06596902222373 1.92907373118214 1.71816972247325 1.22115728771314 1.57836621208116 1.1903871758841 1.45373849803582 1.21421887655742 1.60226672026329 1.54110810533166 1.41204418381676 1.13937676674686 0.992700467817485 1.03025629208423 1.81524400762282 1.58125923899934 1.41954935970716 1.00646054255776 1.90767599013634 1.88122928817756 1.08308450877666 0.987509272061288 1.23309151618741 1.91231491533108 1.02324830042198 1.12690439168364 1.58691988489591 0
