0 1.74327892833389 1.61459040781483 1.81983605725691 1.15992327965796 1.04870400577784 1.61618425906636 1.50561775639653 1.09527329658158 1.82987011270598 1.59196305670775 1.62493632780388 1.53391065332107 1.53270819224417 0.978662072215229 1.83827313547954 1.44512477004901 1.50331920175813 1.04250076087192 1.48896951414645 1.8671645403374 1.76571981282905 1.07896121148951 1.14782431093045 1.05744311329909 1.32901240629144 1.73379968036897 1.74125467170961 1.09846095251851 1.39314704458229
1.74327892833389 0 1.14491357142106 1.45019483566284 1.20748653938062 1.03109562210739 1.68325326824561 1.37695167353377 1.90568966045976 1.4069020729512 1.21647898503579 1.15000584186055 0.95685247448273 1.54942950280383 1.64888977259398 1.09854252380319 1.93869938398711 1.48833384201862 1.13284568605013 1.38312355522066 1.8211183489766 1.76082134013996 1.4460977234412 1.02960048569366 1.64271481754258 1.575556545984 1.02631229301915 1.90871661668643 1.71609071991406 1.63378286873922
1.61459040781483 1.14491357142106 0 1.37574822176248 1.33185849222355 0.981702847406268 1.10601940425113 1.2820886534173 1.51005319855176 1.00947060133331 1.50277658458799 1.45305953058414 1.23259860812686 1.2843873067759 1.55839198944159 1.06414723722264 1.30821850942448 1.30755831883289 1.04455345193855 1.75314273778349 1.12587627209723 1.6542303469032 1.55582672450691 1.29570510936901 1.77668027160689 1.38368300185539 1.51272384030744 0.996906160609797 0.97600751882419 1.53214986715466
1.81983605725691 1.45019483566284 1.37574822176248 0 1.59543492295779 1.73392086126842 1.17085589002818 1.24383651721291 1.621532574296 1.34649126208387 1.34521658462472 1.72158049698919 1.34283730294555 1.72944731847383 1.84151756367646 1.93432124331594 1.82370017468929 1.36937356321141 1.35164715140127 1.41990018612705 1.14799249917269 1.03051543841138 1.33245466952212 1.64187208539806 1.26499702595174 1.78059113817289 1.47151455772109 1.02184286620468 1.32993278559297 1.53284157579765
1.15992327965796 1.20748653938062 1.33185849222355 1.59543492295779 0 1.81090982747264 1.06673294608481 1.71163857146166 1.67360706813633 1.46815255167894 1.35441775084473 1.60858474601991 1.35403113160282 1.56911097862758 1.13670907309279 1.72079418902285 1.16728314571083 1.39323681313545 1.31255343416706 1.2795749779325 1.63957989634946 1.83656967035495 1.0770937113557 1.35869907424785 1.66542956163175 1.64617109578103 1.25935736042447 1.7011589880567 1.33052020054311 1.47397106233984
1.04870400577784 1.03109562210739 0.981702847406268 1.73392086126842 1.81090982747264 0 1.16381859104149 1.16517407889478 1.02451274637133 1.79288396262564 1.25750342803076 1.31327670882456 1.29656431055628 1.88026835396886 1.70065908576362 1.36072877817787 1.40332196140662 1.62651220173575 1.75557981827296 1.52341906214133 1.07047250517644 1.47538606403396 1.8396490777377 1.36349458666518 1.82988850260153 1.26092573977076 1.49482325301506 1.42481953441165 1.37720392458141 1.24064257391728
1.61618425906636 1.68325326824561 1.10601940425113 1.17085589002818 1.06673294608481 1.16381859104149 0 1.6026452567894 1.01031515095383 1.87753652408719 1.90054420032538 1.19208559091203 1.90398936416022 1.50106946052983 1.03279362525791 1.40283521614037 1.87950481730513 1.15789478062652 1.0948697347194 1.3620859188959 1.70848473533988 1.39063876052387 1.14064023108222 1.68559406488203 1.07426588702947 1.43862605537288 1.83896577288397 1.64615395059809 1.40554302674718 1.89613627898507
1.50561775639653 1.37695167353377 1.2820886534173 1.24383651721291 1.71163857146166 1.16517407889478 1.6026452567894 0 1.03915125527419 1.22472831932828 1.23133222036995 1.17271989770234 1.0606983168982 1.51480982149951 1.19288009987213 1.76107045379467 1.00963411876 1.60672074812464 1.54477546177804 1.04072155803442 0.95353990723379 1.43023896915838 1.22472723922692 1.91104434989393 1.18779508047737 1.32152495277114 1.62522748741321 1.89566646213643 1.80221394007094 1.08969172858633
1.09527329658158 1.90568966045976 1.51005319855176 1.621532574296 1.67360706813633 1.02451274637133 1.01031515095383 1.03915125527419 0 1.69610138400458 1.30168338492513 1.6945324302651 1.82534673507325 1.08990173996426 1.16841371310875 1.18738120351918 1.04069495107979 1.82938038418069 1.13020579260774 1.36848184000701 1.6715489346534 0.98186522279866 1.08756646257825 1.24491437035613 1.34905490325764 1.6221345923841 0.952827274100855 1.54574807058088 1.34623845131136 1.39631867734715
1.82987011270598 1.4069020729512 1.00947060133331 1.34649126208387 1.46815255167894 1.79288396262564 1.87753652408719 1.22472831932828 1.69610138400458 0 1.52702278317884 1.23228491959162 1.07656799280085 1.3824959276244 1.84943541162647 1.90815695398487 1.71078041824512 1.79792798263952 1.3909558581654 1.5947579939384 1.5421916146297 1.09112511598505 1.05243394244462 1.74541117204353 1.5966265250463 1.5428026302252 1.74865713925101 1.17108233296312 1.06525533949025 1.20040948060341
1.59196305670775 1.21647898503579 1.50277658458799 1.34521658462472 1.35441775084473 1.25750342803076 1.90054420032538 1.23133222036995 1.30168338492513 1.52702278317884 0 1.36092261178419 1.36415816913359 0.988455698359758 1.12570276111364 1.09069724520668 1.36707076756284 1.81628862675279 1.39678325736895 1.56571346358396 1.26384120993316 1.45620381576009 1.76069653662853 1.68584483070299 1.58110932633281 1.77179866447113 1.58150443481281 1.04417792218737 1.05755632184446 1.72568296291865
1.62493632780388 1.15000584186055 1.45305953058414 1.72158049698919 1.60858474601991 1.31327670882456 1.19208559091203 1.17271989770234 1.6945324302651 1.23228491959162 1.36092261178419 0 1.23076641233638 1.0085767628625 1.90633737342432 1.1708800510969 1.12732517230324 1.16038577747531 1.75636815838516 1.66555908159353 1.54666795465164 1.58619360695593 1.48999177291989 1.09864390385337 1.3064044804778 1.37427927809767 1.87534668343142 1.61498323525302 1.83111926121637 1.93017138238065
1.53391065332107 0.95685247448273 1.23259860812686 1.34283730294555 1.35403113160282 1.29656431055628 1.90398936416022 1.0606983168982 1.82534673507325 1.07656799280085 1.36415816913359 1.23076641233638 0 0.986258507939056 1.54262186749838 1.00703341048211 1.56321443477646 1.40636181971058 1.80795976775698 1.2918636596296 1.66503232507966 1.87862407811917 0.952700006309897 1.32959933765233 1.36348167294636 1.90889269369654 1.78107579355128 1.03369173011743 1.56040610233322 1.90891286917031
1.53270819224417 1.54942950280383 1.2843873067759 1.72944731847383 1.56911097862758 1.88026835396886 1.50106946052983 1.51480982149951 1.08990173996426 1.3824959276244 0.988455698359758 1.0085767628625 0.986258507939056 0 1.50457165809348 1.42315561301075 1.03347480250522 1.20029887813143 1.79311882494949 1.21037458535284 1.79360080021434 1.52617887943052 1.87042496795766 1.21767796901986 1.02796076354571 1.79967815778218 1.4030798850581 1.41410083882511 1.02929242583923 1.31271730409935
0.978662072215229 1.64888977259398 1.55839198944159 1.84151756367646 1.13670907309279 1.70065908576362 1.03279362525791 1.19288009987213 1.16841371310875 1.84943541162647 1.12570276111364 1.90633737342432 1.54262186749838 1.50457165809348 0 1.42790094134398 1.78848740831017 1.69241017266177 0.952378332149237 1.23379267239943 1.56448241393082 1.9262880475726 1.28681767429225 1.16682391893119 1.1743233690504 1.16512595931999 1.9234478471335 1.57233673799783 1.03623576904647 1.04864254198037
1.83827313547954 1.09854252380319 1.06414723722264 1.93432124331594 1.72079418902285 1.36072877817787 1.40283521614037 1.76107045379467 1.18738120351918 1.90815695398487 1.09069724520668 1.1708800510969 1.00703341048211 1.42315561301075 1.42790094134398 0 1.14230459020473 1.44057142292149 0.950000657700002 1.2020548703149 1.7843599349726 1.49110576696694 1.64623608486727 1.15996173000894 1.48527772421949 1.87506874185055 1.29244424635544 1.01338042039424 1.04671044670977 1.42437652219087
1.44512477004901 1.93869938398711 1.30821850942448 1.82370017468929 1.16728314571083 1.40332196140662 1.87950481730513 1.00963411876 1.04069495107979 1.71078041824512 1.36707076756284 1.12732517230324 1.56321443477646 1.03347480250522 1.78848740831017 1.14230459020473 0 1.38767483062111 1.29990907944739 1.03411889821291 1.38676749309525 1.05837391433306 1.31578924320638 1.68422644259408 1.21780658792704 1.13332266313955 1.79240622883663 1.30306722479872 1.63848787848838 0.982852138811722
1.50331920175813 1.48833384201862 1.30755831883289 1.36937356321141 1.39323681313545 1.62651220173575 1.15789478062652 1.60672074812464 1.82938038418069 1.79792798263952 1.81628862675279 1.16038577747531 1.40636181971058 1.20029887813143 1.69241017266177 1.44057142292149 1.38767483062111 0 1.12147332192399 1.08700540452264 1.89162339246832 1.59771432564594 1.21285325451754 0.973790220683441 1.33368386118673 1.50874071381986 1.38997423625551 1.39292646362446 1.51174280326813 1.08325202041306
1.04250076087192 1.13284568605013 1.04455345193855 1.35164715140127 1.31255343416706 1.75557981827296 1.0948697347194 1.54477546177804 1.13020579260774 1.3909558581654 1.39678325736895 1.75636815838516 1.80795976775698 1.79311882494949 0.952378332149237 0.950000657700002 1.29990907944739 1.12147332192399 0 1.78745941538364 1.78015275881626 1.20859982259572 1.86044930457138 1.09870707453229 1.4724758467637 1.06003253161907 1.35602713353001 1.24797090445645 1.63622834649868 1.6121496334672
1.48896951414645 1.38312355522066 1.75314273778349 1.41990018612705 1.2795749779325 1.52341906214133 1.3620859188959 1.04072155803442 1.36848184000701 1.5947579939384 1.56571346358396 1.66555908159353 1.2918636596296 1.21037458535284 1.23379267239943 1.2020548703149 1.03411889821291 1.08700540452264 1.78745941538364 0 1.01286067184992 1.91224122582935 1.00712593062781 1.76936215907335 1.00053963111714 1.93358183116652 1.15432505309582 1.81028792634606 1.86313423560932 1.93210342363454
1.8671645403374 1.8211183489766 1.12587627209723 1.14799249917269 1.63957989634946 1.07047250517644 1.70848473533988 0.95353990723379 1.6715489346534 1.5421916146297 1.26384120993316 1.54666795465164 1.66503232507966 1.79360080021434 1.56448241393082 1.7843599349726 1.38676749309525 1.89162339246832 1.78015275881626 1.01286067184992 0 1.45706783630885 1.21325182216242 0.957504442660138 0.983082064427435 1.42139031831175 1.92145315371454 1.59542158944532 1.20261691557243 1.80632143071853
1.76571981282905 1.76082134013996 1.6542303469032 1.03051543841138 1.83656967035495 1.47538606403396 1.39063876052387 1.43023896915838 0.98186522279866 1.09112511598505 1.45620381576009 1.58619360695593 1.87862407811917 1.52617887943052 1.9262880475726 1.49110576696694 1.05837391433306 1.59771432564594 1.20859982259572 1.91224122582935 1.45706783630885 0 1.16958160605282 1.28339497814886 0.954047547420487 1.32135655428283 1.23863736540079 1.65591809572652 1.17936844495125 1.43910390231758
1.07896121148951 1.4460977234412 1.55582672450691 1.33245466952212 1.0770937113557 1.8396490777377 1.14064023108222 1.22472723922692 1.08756646257825 1.05243394244462 1.76069653662853 1.48999177291989 0.952700006309897 1.87042496795766 1.28681767429225 1.64623608486727 1.31578924320638 1.21285325451754 1.86044930457138 1.00712593062781 1.21325182216242 1.16958160605282 0 1.61610969528556 1.32622835692018 1.48252410674468 1.92013910715468 1.60489609255455 1.85340323206037 1.86501326481812
1.14782431093045 1.02960048569366 1.29570510936901 1.64187208539806 1.35869907424785 1.36349458666518 1.68559406488203 1.91104434989393 1.24491437035613 1.74541117204353 1.68584483070299 1.09864390385337 1.32959933765233 1.21767796901986 1.16682391893119 1.15996173000894 1.68422644259408 0.973790220683441 1.09870707453229 1.76936215907335 0.957504442660138 1.28339497814886 1.61610969528556 0 1.20668555074371 1.43663984746672 1.016802637605 0.948931200895458 1.24532703752629 1.8230775767006
1.05744311329909 1.64271481754258 1.77668027160689 1.26499702595174 1.66542956163175 1.82988850260153 1.07426588702947 1.18779508047737 1.34905490325764 1.5966265250463 1.58110932633281 1.3064044804778 1.36348167294636 1.02796076354571 1.1743233690504 1.48527772421949 1.21780658792704 1.33368386118673 1.4724758467637 1.00053963111714 0.983082064427435 0.954047547420487 1.32622835692018 1.20668555074371 0 1.01524240756407 1.85990041936748 1.73905042023398 1.59142074687406 1.13154517044313
1.32901240629144 1.575556545984 1.38368300185539 1.78059113817289 1.64617109578103 1.26092573977076 1.43862605537288 1.32152495277114 1.6221345923841 1.5428026302252 1.77179866447113 1.37427927809767 1.90889269369654 1.79967815778218 1.16512595931999 1.87506874185055 1.13332266313955 1.50874071381986 1.06003253161907 1.93358183116652 1.42139031831175 1.32135655428283 1.48252410674468 1.43663984746672 1.01524240756407 0 1.86547915055417 1.10448648058809 1.60544340312481 1.50064179766923
1.73379968036897 1.02631229301915 1.51272384030744 1.47151455772109 1.25935736042447 1.49482325301506 1.83896577288397 1.62522748741321 0.952827274100855 1.74865713925101 1.58150443481281 1.87534668343142 1.78107579355128 1.4030798850581 1.9234478471335 1.29244424635544 1.79240622883663 1.38997423625551 1.35602713353001 1.15432505309582 1.92145315371454 1.23863736540079 1.92013910715468 1.016802637605 1.85990041936748 1.86547915055417 0 1.87765041925013 1.09433856513351 1.91906301979907
1.74125467170961 1.90871661668643 0.996906160609797 1.02184286620468 1.7011589880567 1.42481953441165 1.64615395059809 1.89566646213643 1.54574807058088 1.17108233296312 1.04417792218737 1.61498323525302 1.03369173011743 1.41410083882511 1.57233673799783 1.01338042039424 1.30306722479872 1.39292646362446 1.24797090445645 1.81028792634606 1.59542158944532 1.65591809572652 1.60489609255455 0.948931200895458 1.73905042023398 1.10448648058809 1.87765041925013 0 1.25455003650859 1.34556379145943
1.09846095251851 1.71609071991406 0.97600751882419 1.32993278559297 1.33052020054311 1.37720392458141 1.40554302674718 1.80221394007094 1.34623845131136 1.06525533949025 1.05755632184446 1.83111926121637 1.56040610233322 1.02929242583923 1.03623576904647 1.04671044670977 1.63848787848838 1.51174280326813 1.63622834649868 1.86313423560932 1.20261691557243 1.17936844495125 1.85340323206037 1.24532703752629 1.59142074687406 1.60544340312481 1.09433856513351 1.25455003650859 0 1.08873601234518
1.39314704458229 1.63378286873922 1.53214986715466 1.53284157579765 1.47397106233984 1.24064257391728 1.89613627898507 1.08969172858633 1.39631867734715 1.20040948060341 1.72568296291865 1.93017138238065 1.90891286917031 1.31271730409935 1.04864254198037 1.42437652219087 0.982852138811722 1.08325202041306 1.6121496334672 1.93210342363454 1.80632143071853 1.43910390231758 1.86501326481812 1.8230775767006 1.13154517044313 1.50064179766923 1.91906301979907 1.34556379145943 1.08873601234518 0
