0 1.20059168431908 1.82106400071643 0.993639767169952 1.85394814470783 1.41071262490004 1.52426668349653 1.70515109668486 1.39802543609403 1.14697740785778 1.65556245320477 1.16088929749094 1.7367119572591 0.901076696347445 1.22265258384869 1.45626374240965 1.31842344067991 1.11850875499658 1.56952024390921 0.944725164910778 1.48431475646794 1.11951368069276 1.71800020593219 0.948195351753384 1.10979978390969 1.28350871964358 1.4466640658211 1.24455938162282 1.19694567192346 1.33813827927224
1.20059168431908 0 1.77606851537712 1.87505830335431 1.10659860004671 0.981797584565356 1.68902031914331 1.2487214889843 1.45910948468372 1.87382737873122 1.8353336325381 1.87093265773728 1.38792609632947 1.86905878270045 1.16573193692602 0.985600057756528 1.22455556737259 1.03930799872614 1.71365041122772 1.51646995055489 1.72022602939978 1.14079230162315 1.15891926339827 1.19442986091599 1.69526434643194 1.58776903455146 1.75776034872979 1.45638365787454 1.03888559923507 0.976871580118313
1.82106400071643 1.77606851537712 0 0.971475046360865 1.81379649881274 1.38677355647087 1.26529617141932 1.78183129383251 1.24730633595027 1.25808023661375 0.953054347075522 1.4062314722687 1.36392033356242 1.37845092732459 1.81617537350394 1.32523124921136 1.59384388802573 1.44624992110766 1.46021198481321 1.24256493477151 1.39635777939111 1.60702446755022 1.25200922065414 1.20661946735345 1.13524727756158 1.87230217969045 1.22216087812558 1.51496066292748 1.06921846652403 1.80482433573343
0.993639767169952 1.87505830335431 0.971475046360865 0 1.41353799239732 1.33142831013538 1.62071534246206 1.1493723327294 1.01516917836852 1.7864416311495 1.22485095378943 1.52412180276588 1.08920680824667 1.13210717588663 1.16069817054085 1.65087789809331 1.74280601087958 1.39253283804283 1.03411692334339 1.57156878174283 1.75219957297668 0.98898056615144 1.36355991940945 1.66454600309953 0.967101899906993 1.14810554916039 1.00762707996182 1.24973317002878 1.05278174928389 1.00975382793695
1.85394814470783 1.10659860004671 1.81379649881274 1.41353799239732 0 1.78154413984157 1.64960023737513 0.936563621973619 1.77128258114681 1.58373112091795 1.58736769971438 0.944763108156621 1.07541464664973 1.3242161674425 1.51873658364639 1.2338981658686 1.8024077937007 1.02708489634097 1.11489414889365 1.33041009330191 1.35222713509575 1.49235086957924 1.12292978889309 1.51719623245299 1.04707708465867 1.12991925654933 1.21449354011565 1.86455118795857 1.57660027476959 1.05256480909884
1.41071262490004 0.981797584565356 1.38677355647087 1.33142831013538 1.78154413984157 0 1.78847924945876 0.941706761484966 1.2607160245534 1.2757253816817 1.56505157193169 0.917081624735147 1.0473899145145 0.967210390837863 1.68094090162776 1.56540422420949 1.37068196409382 1.43031317926943 1.48140845843591 1.68087356630713 1.77243240945973 1.49794307630509 1.65822909818962 1.44072172278538 1.05108235566877 1.09794127405621 1.01837811549194 1.07626671600156 1.1517146253027 1.61632337444462
1.52426668349653 1.68902031914331 1.26529617141932 1.62071534246206 1.64960023737513 1.78847924945876 0 1.25954438862391 1.7017205376178 1.62928934581578 1.06346091069281 1.59424779401161 1.59378034737892 1.09726029238664 0.911176761612296 1.10777514241636 1.52942858985625 1.20472666877322 1.8634384770412 0.975818138103932 1.50529353017919 1.45659181894735 1.14000759506598 1.04448366677389 0.883463004138321 1.40555411484092 1.70124013465829 1.03912895568646 0.998093398986384 1.00054452661425
1.70515109668486 1.2487214889843 1.78183129383251 1.1493723327294 0.936563621973619 0.941706761484966 1.25954438862391 0 1.44125493732281 1.57793635572307 1.10139000206254 1.44623233866878 1.6780431563966 1.71684347768314 1.77893847227097 1.46834178408608 0.93569345632568 1.37624517292716 1.71533360844478 1.01630997424945 1.62710292264819 1.61989985383116 1.06254081963561 1.32200146932155 1.51054724585265 1.75189693574794 1.38673420250416 1.7966591771692 1.22611112799495 1.52542789163999
1.39802543609403 1.45910948468372 1.24730633595027 1.01516917836852 1.77128258114681 1.2607160245534 1.7017205376178 1.44125493732281 0 1.83004731335677 1.29728720430285 1.86152746435255 1.40058059501462 1.81165537657216 1.4544811565429 1.25364668737166 1.47642434644513 1.07854551356286 1.79530557827093 1.30825587175786 0.958947051083669 1.25095817260444 1.40389302466065 1.65329388366081 1.71586097427644 1.34356125281192 1.50737886270508 1.33008994720876 1.53894765349105 0.920888567110524
1.14697740785778 1.87382737873122 1.25808023661375 1.7864416311495 1.58373112091795 1.2757253816817 1.62928934581578 1.57793635572307 1.83004731335677 0 1.75189484260045 1.70475498610176 1.72929465142079 1.09614702942781 1.54089382453822 1.69299157010391 1.62640916067176 1.60858598910272 1.10949659557082 0.959901817608625 1.66296425112523 1.70164355123416 1.0911680040881 1.27387406607158 0.902997843222693 0.990200038300827 0.913469701772556 1.38791813584976 1.2933112855535 1.12804695265368
1.65556245320477 1.8353336325381 0.953054347075522 1.22485095378943 1.58736769971438 1.56505157193169 1.06346091069281 1.10139000206254 1.29728720430285 1.75189484260045 0 1.43870287341997 1.51099811121821 1.33981695491821 1.61651740432717 1.6264651787933 1.57048578117974 0.897410047939047 1.40142727876082 1.65712153259665 1.7444722908549 1.37083509610966 1.53856603754684 1.35129160596989 1.62245498062111 1.46043144795112 1.36313325818628 0.903872070834041 0.990235428093001 0.925131719559431
1.16088929749094 1.87093265773728 1.4062314722687 1.52412180276588 0.944763108156621 0.917081624735147 1.59424779401161 1.44623233866878 1.86152746435255 1.70475498610176 1.43870287341997 0 1.63820866681635 1.09890184388496 1.26445452752523 0.920283004408702 1.28062214516103 1.51704486995004 1.58700625575148 0.941600586287677 1.1005361257121 1.54685319936834 1.2702478908468 1.56498083565384 1.87089746585116 1.52915677335113 1.7314462158829 1.14960170234554 1.07841084292158 1.52380823483691
1.7367119572591 1.38792609632947 1.36392033356242 1.08920680824667 1.07541464664973 1.0473899145145 1.59378034737892 1.6780431563966 1.40058059501462 1.72929465142079 1.51099811121821 1.63820866681635 0 1.62403196212836 1.67056750296615 1.59021161706187 1.0029634097591 0.91905200551264 1.12546623288654 1.33238176442683 1.12679904699326 1.16549966693856 0.999170171562582 0.982408420182765 1.5668123755604 1.02047520992346 1.38281026203185 0.930039638420567 0.922669440507889 1.30024222028442
0.901076696347445 1.86905878270045 1.37845092732459 1.13210717588663 1.3242161674425 0.967210390837863 1.09726029238664 1.71684347768314 1.81165537657216 1.09614702942781 1.33981695491821 1.09890184388496 1.62403196212836 0 0.950254753697664 1.83838089881465 0.950326710706577 1.78801785106771 1.62177312467247 1.7111020560842 1.77856274065562 1.37433732207865 1.48326433263719 1.53911392809823 0.90530992904678 1.67854450899176 1.51771079516038 1.53959376434796 1.31989242229611 0.92468900163658
1.22265258384869 1.16573193692602 1.81617537350394 1.16069817054085 1.51873658364639 1.68094090162776 0.911176761612296 1.77893847227097 1.4544811565429 1.54089382453822 1.61651740432717 1.26445452752523 1.67056750296615 0.950254753697664 0 1.36973308050074 1.28162569273263 1.1811556853354 0.952261715428904 1.74844716093503 1.33366202516481 0.97234965255484 0.923947775037959 1.06503455271013 1.7084277709946 1.04180045216344 1.00050002941862 1.65708622010425 1.527023418108 1.51571823423728
1.45626374240965 0.985600057756528 1.32523124921136 1.65087789809331 1.2338981658686 1.56540422420949 1.10777514241636 1.46834178408608 1.25364668737166 1.69299157010391 1.6264651787933 0.920283004408702 1.59021161706187 1.83838089881465 1.36973308050074 0 1.71306176134385 1.79792410135269 1.32004220411181 1.79496542969719 1.65519925602712 1.51403781957924 0.942271949257702 0.96353571373038 1.87790838629007 1.72237894451246 1.54991693515331 1.2036925428547 1.17727340292186 0.986562901875004
1.31842344067991 1.22455556737259 1.59384388802573 1.74280601087958 1.8024077937007 1.37068196409382 1.52942858985625 0.93569345632568 1.47642434644513 1.62640916067176 1.57048578117974 1.28062214516103 1.0029634097591 0.950326710706577 1.28162569273263 1.71306176134385 0 1.87565095047466 1.08634606027044 1.73992209229618 1.46508443728089 1.62962448480539 1.76358700776473 1.7496892886702 1.39451307035051 1.49528497434221 1.8367175294552 1.1525913241785 1.05363415321335 1.79037113906816
1.11850875499658 1.03930799872614 1.44624992110766 1.39253283804283 1.02708489634097 1.43031317926943 1.20472666877322 1.37624517292716 1.07854551356286 1.60858598910272 0.897410047939047 1.51704486995004 0.91905200551264 1.78801785106771 1.1811556853354 1.79792410135269 1.87565095047466 0 1.38318676524796 1.08417247072794 1.35746654379182 0.936638976680115 1.30542482482269 1.23563670832664 0.922347171930596 1.02183342399076 1.79091170942411 1.53364300378598 1.80927710933611 1.34599727601744
1.56952024390921 1.71365041122772 1.46021198481321 1.03411692334339 1.11489414889365 1.48140845843591 1.8634384770412 1.71533360844478 1.79530557827093 1.10949659557082 1.40142727876082 1.58700625575148 1.12546623288654 1.62177312467247 0.952261715428904 1.32004220411181 1.08634606027044 1.38318676524796 0 0.962189942831174 1.33309778361581 1.30388105870225 1.1195105635561 1.3880655975081 1.1086680109147 1.26862688479014 1.48602050356567 1.0621591815725 1.3493126379326 1.29184225061908
0.944725164910778 1.51646995055489 1.24256493477151 1.57156878174283 1.33041009330191 1.68087356630713 0.975818138103932 1.01630997424945 1.30825587175786 0.959901817608625 1.65712153259665 0.941600586287677 1.33238176442683 1.7111020560842 1.74844716093503 1.79496542969719 1.73992209229618 1.08417247072794 0.962189942831174 0 1.64998240675777 1.55174371553585 1.20366752333939 1.74332162132487 1.80848775454797 1.81967269978486 1.62444566679187 1.8562999619171 1.37816538661718 1.61425092560239
1.48431475646794 1.72022602939978 1.39635777939111 1.75219957297668 1.35222713509575 1.77243240945973 1.50529353017919 1.62710292264819 0.958947051083669 1.66296425112523 1.7444722908549 1.1005361257121 1.12679904699326 1.77856274065562 1.33366202516481 1.65519925602712 1.46508443728089 1.35746654379182 1.33309778361581 1.64998240675777 0 1.147759440355 0.993635764578357 1.54792368714698 1.62959629297256 1.46659050765447 1.54271130263805 1.22835025680251 1.76547539117746 1.27474321750924
1.11951368069276 1.14079230162315 1.60702446755022 0.98898056615144 1.49235086957924 1.49794307630509 1.45659181894735 1.61989985383116 1.25095817260444 1.70164355123416 1.37083509610966 1.54685319936834 1.16549966693856 1.37433732207865 0.97234965255484 1.51403781957924 1.62962448480539 0.936638976680115 1.30388105870225 1.55174371553585 1.147759440355 0 1.17176558007486 0.969245050102472 1.84947088290937 1.44795485562645 1.69132409174927 1.43967186217196 1.83875355520286 0.878750094445422
1.71800020593219 1.15891926339827 1.25200922065414 1.36355991940945 1.12292978889309 1.65822909818962 1.14000759506598 1.06254081963561 1.40389302466065 1.0911680040881 1.53856603754684 1.2702478908468 0.999170171562582 1.48326433263719 0.923947775037959 0.942271949257702 1.76358700776473 1.30542482482269 1.1195105635561 1.20366752333939 0.993635764578357 1.17176558007486 0 1.45060308510438 1.65462023671716 1.11087893578224 1.53349068528041 0.967680617701262 1.01722609321587 1.8022404811345
0.948195351753384 1.19442986091599 1.20661946735345 1.66454600309953 1.51719623245299 1.44072172278538 1.04448366677389 1.32200146932155 1.65329388366081 1.27387406607158 1.35129160596989 1.56498083565384 0.982408420182765 1.53911392809823 1.06503455271013 0.96353571373038 1.7496892886702 1.23563670832664 1.3880655975081 1.74332162132487 1.54792368714698 0.969245050102472 1.45060308510438 0 1.55032715108246 1.81376301450655 1.26261638686992 1.80484541621991 1.24600096954964 1.25375220552087
1.10979978390969 1.69526434643194 1.13524727756158 0.967101899906993 1.04707708465867 1.05108235566877 0.883463004138321 1.51054724585265 1.71586097427644 0.902997843222693 1.62245498062111 1.87089746585116 1.5668123755604 0.90530992904678 1.7084277709946 1.87790838629007 1.39451307035051 0.922347171930596 1.1086680109147 1.80848775454797 1.62959629297256 1.84947088290937 1.65462023671716 1.55032715108246 0 1.19386985292658 1.52686050301418 1.53799388138577 1.69342375826091 1.23165196692571
1.28350871964358 1.58776903455146 1.87230217969045 1.14810554916039 1.12991925654933 1.09794127405621 1.40555411484092 1.75189693574794 1.34356125281192 0.990200038300827 1.46043144795112 1.52915677335113 1.02047520992346 1.67854450899176 1.04180045216344 1.72237894451246 1.49528497434221 1.02183342399076 1.26862688479014 1.81967269978486 1.46659050765447 1.44795485562645 1.11087893578224 1.81376301450655 1.19386985292658 0 1.35831513558514 1.2612114334479 1.87224805098958 1.11032720236108
1.4466640658211 1.75776034872979 1.22216087812558 1.00762707996182 1.21449354011565 1.01837811549194 1.70124013465829 1.38673420250416 1.50737886270508 0.913469701772556 1.36313325818628 1.7314462158829 1.38281026203185 1.51771079516038 1.00050002941862 1.54991693515331 1.8367175294552 1.79091170942411 1.48602050356567 1.62444566679187 1.54271130263805 1.69132409174927 1.53349068528041 1.26261638686992 1.52686050301418 1.35831513558514 0 1.0758666889742 0.879116012481973 1.13449642714113
1.24455938162282 1.45638365787454 1.51496066292748 1.24973317002878 1.86455118795857 1.07626671600156 1.03912895568646 1.7966591771692 1.33008994720876 1.38791813584976 0.903872070834041 1.14960170234554 0.930039638420567 1.53959376434796 1.65708622010425 1.2036925428547 1.1525913241785 1.53364300378598 1.0621591815725 1.8562999619171 1.22835025680251 1.43967186217196 0.967680617701262 1.80484541621991 1.53799388138577 1.2612114334479 1.0758666889742 0 0.965287103317678 1.80819419026375
1.19694567192346 1.03888559923507 1.06921846652403 1.05278174928389 1.57660027476959 1.1517146253027 0.998093398986384 1.22611112799495 1.53894765349105 1.2933112855535 0.990235428093001 1.07841084292158 0.922669440507889 1.31989242229611 1.527023418108 1.17727340292186 1.05363415321335 1.80927710933611 1.3493126379326 1.37816538661718 1.76547539117746 1.83875355520286 1.01722609321587 1.24600096954964 1.69342375826091 1.87224805098958 0.879116012481973 0.965287103317678 0 1.18443831102923
1.33813827927224 0.976871580118313 1.80482433573343 1.00975382793695 1.05256480909884 1.61632337444462 1.00054452661425 1.52542789163999 0.920888567110524 1.12804695265368 0.925131719559431 1.52380823483691 1.30024222028442 0.92468900163658 1.51571823423728 0.986562901875004 1.79037113906816 1.34599727601744 1.29184225061908 1.61425092560239 1.27474321750924 0.878750094445422 1.8022404811345 1.25375220552087 1.23165196692571 1.11032720236108 1.13449642714113 1.80819419026375 1.18443831102923 0
