0 1.02118013985455 1.51196063030511 1.80699442047626 1.48400981700979 1.06590245408006 1.59482972393744 1.45255820802413 1.73966868896969 1.52792884386145 1.80191563186236 1.18142097746022 1.60675000143237 1.75035951565951 1.5711578798946 1.34547660103999 1.65739760687575 1.24970338516869 1.11164598329924 1.12676446558908 1.29727089754306 1.4406532808207 1.70621130382642 1.93223535316065 0.990676031913608 1.12623263802379 1.75139967352152 1.87398837995715 1.41840943717398 1.5684182329569
1.02118013985455 0 1.76264348067343 1.23501968942583 1.37676616478711 1.88157234760001 1.74316875473596 1.73140193079598 1.9306605681777 1.70574075123295 1.02643020753749 1.01191943348385 1.20283643272705 1.19460048619658 1.78298460645601 1.03744854358956 1.66194019373506 1.67005052533932 1.19438903848641 1.82308607595041 1.1395968447905 1.82600056589581 1.92619166057557 1.03173090028577 1.48612072691321 1.19554024352692 1.77403423702344 1.09380839648657 1.09288820275106 1.70392756885849
1.51196063030511 1.76264348067343 0 1.25883514294401 1.45117952488363 1.93324051913805 1.14529288071208 1.00013626739383 1.93142542475834 1.84504708065651 1.1893615082372 1.37602030462585 1.63378238654695 1.10210735024884 1.47589570842683 1.8747649078723 1.2119766799733 1.16276279743761 1.04853145196103 1.05111056100577 1.40360015351325 1.24369003414176 1.37945054075681 1.68639469100162 1.42406173027121 1.86108358413912 0.984956319676712 1.05652714311145 1.24102920945734 1.6029100427404
1.80699442047626 1.23501968942583 1.25883514294401 0 1.86047388496809 1.15665896632709 1.67704403446987 1.69583678850904 1.67439467506483 1.2537322321441 1.71689562313259 1.88219112972729 1.1581726660952 1.91926642716862 1.83422348531894 1.15832609636709 1.7027814690955 1.70365678844973 1.86020232480951 1.68332447879948 1.96159073617309 1.66760176606476 1.91776138637215 1.0204588486813 1.20961893140338 1.44307033577934 0.99213034613058 1.77621822548099 1.35068267700262 1.53084910614416
1.48400981700979 1.37676616478711 1.45117952488363 1.86047388496809 0 1.00126835634001 1.67144452454522 1.53396749356762 1.05021817865781 1.84636011021212 1.41666663298383 1.54529609601013 1.45169617049396 1.90175165398978 1.64721425133757 1.58601174643263 1.38696147617884 1.17036186205223 1.42638718266971 1.5114040330518 1.12641888973303 1.87980911461636 1.0062308285851 1.76588901784271 1.08557731239125 1.44044381193817 1.23929852875881 1.19172532577068 1.82969885203056 1.10542346397415
1.06590245408006 1.88157234760001 1.93324051913805 1.15665896632709 1.00126835634001 0 1.55263957567513 1.30484117823653 1.45333224977367 1.06050049513578 1.22717238217592 1.08236162993126 1.02669019857422 1.83941731904633 1.4696104535833 1.35030247457325 1.81456051114947 1.08213124494068 1.07533247116953 1.57976808049716 1.37151473481208 1.64061266300268 1.19548516185023 1.19611379737034 1.40849779476412 1.80525954859331 1.30312475003302 1.53134145098738 1.06543760607019 1.58315497566946
1.59482972393744 1.74316875473596 1.14529288071208 1.67704403446987 1.67144452454522 1.55263957567513 0 1.38645063247532 1.5474948361516 0.979727792786434 1.20775672304444 1.52222509402782 1.52505084406585 1.05703411973082 1.8766578854993 1.23013227153569 1.41275561787188 1.74261683225632 1.48855913523585 1.08499558153562 1.76497780089267 1.06289704004303 1.51999134686776 1.15532377129421 1.48353371745907 1.89012189651839 1.4680627475027 1.2478309366852 1.35214110440575 1.16255613579415
1.45255820802413 1.73140193079598 1.00013626739383 1.69583678850904 1.53396749356762 1.30484117823653 1.38645063247532 0 1.87943973951042 1.96187060931697 1.01220144098625 1.84951233258471 1.63385979481973 1.70235393336043 1.44262695498765 0.968198342714459 1.36376950098202 1.46283403830603 1.6639361330308 1.47042500926182 1.48195503512397 1.88991082529537 1.74313514283858 1.86257998668589 1.74618000513874 1.22537270374596 1.92814935930073 0.975789898773655 1.88873822824098 1.54082280839793
1.73966868896969 1.9306605681777 1.93142542475834 1.67439467506483 1.05021817865781 1.45333224977367 1.5474948361516 1.87943973951042 0 0.972428353503346 1.4516237443313 1.52124898857437 1.36597322649322 1.86084346333519 1.31391291902401 1.47173122293316 1.63150175451301 1.47219112981111 1.81317125423811 1.40759227657691 1.30865842872299 1.81683223228902 1.22458880860358 1.56528844824061 1.04599421448074 1.07506241369992 1.70243728184141 1.65411294763908 1.95556314475834 1.29513523448259
1.52792884386145 1.70574075123295 1.84504708065651 1.2537322321441 1.84636011021212 1.06050049513578 0.979727792786434 1.96187060931697 0.972428353503346 0 1.65712278941646 1.18170603527687 1.45822868705727 1.34454533690587 1.93868125509471 1.03812559950165 1.28521446697414 0.994083180790767 1.48223126889206 1.67701334203593 1.01046310481615 1.91035489668138 1.27092748810537 1.13106522709131 1.58177633373998 1.8738423185423 1.29361952305771 1.72057845280506 1.51329989358783 1.47350384178571
1.80191563186236 1.02643020753749 1.1893615082372 1.71689562313259 1.41666663298383 1.22717238217592 1.20775672304444 1.01220144098625 1.4516237443313 1.65712278941646 0 1.16776400944218 1.75915492535569 1.8003760217689 1.95765467942692 1.47514695860445 1.72543592122383 1.67363896546885 1.15247395960614 1.95472071366385 1.19086599303409 0.976132724434137 1.35368398553692 1.85181699576788 1.02502599847503 1.37636308488436 1.00660761306062 1.42815778777003 1.47103681694716 1.12210375326686
1.18142097746022 1.01191943348385 1.37602030462585 1.88219112972729 1.54529609601013 1.08236162993126 1.52222509402782 1.84951233258471 1.52124898857437 1.18170603527687 1.16776400944218 0 1.75123426457867 1.94094663183205 0.968006548471749 1.7470647811424 1.09920172230341 1.67736907443032 1.89525211998262 1.19016799423844 1.93250397406518 1.43371328432113 1.32083609327674 1.24779760441743 1.60961091844365 1.66093756631017 1.16461715940386 1.68026724457741 1.55665812804364 1.19690254773013
1.60675000143237 1.20283643272705 1.63378238654695 1.1581726660952 1.45169617049396 1.02669019857422 1.52505084406585 1.63385979481973 1.36597322649322 1.45822868705727 1.75915492535569 1.75123426457867 0 1.73064948688261 1.17035025730729 0.994140208698809 1.15759599744342 1.38909401418641 1.05990980751812 1.81508824136108 1.68224429455586 1.56968960515223 1.01873659878038 1.36141513707116 1.96298524201848 0.969129940029234 1.26979059446603 0.986658603651449 1.81973151816055 1.5451037643943
1.75035951565951 1.19460048619658 1.10210735024884 1.91926642716862 1.90175165398978 1.83941731904633 1.05703411973082 1.70235393336043 1.86084346333519 1.34454533690587 1.8003760217689 1.94094663183205 1.73064948688261 0 1.65689068823121 1.33320567267947 1.34691860037856 1.23914206610061 1.49172312556766 1.64394079451449 1.07637875690125 1.10581599688157 1.66782637732103 1.71422424656339 1.4237148463726 1.57646544743329 1.05085223726928 1.19826527824625 1.15819674404338 1.65667198039591
1.5711578798946 1.78298460645601 1.47589570842683 1.83422348531894 1.64721425133757 1.4696104535833 1.8766578854993 1.44262695498765 1.31391291902401 1.93868125509471 1.95765467942692 0.968006548471749 1.17035025730729 1.65689068823121 0 1.1145855425857 1.88876495440491 1.90871059289202 1.59522651415318 1.09101126110181 1.36077967425808 1.20843362039886 1.926400431199 1.39943739422597 1.70167566742748 1.78673770884052 1.25599522097036 1.82885708822869 1.90741772856563 1.75326049886644
1.34547660103999 1.03744854358956 1.8747649078723 1.15832609636709 1.58601174643263 1.35030247457325 1.23013227153569 0.968198342714459 1.47173122293316 1.03812559950165 1.47514695860445 1.7470647811424 0.994140208698809 1.33320567267947 1.1145855425857 0 1.60660275677219 1.37577360193245 1.51478394074365 1.51776727824472 1.5190362315625 1.44040434155613 1.69329076935537 1.18437426211312 1.531107443152 1.22804614552297 1.24542122683488 1.88244762504473 1.72404094017111 1.74154203594662
1.65739760687575 1.66194019373506 1.2119766799733 1.7027814690955 1.38696147617884 1.81456051114947 1.41275561787188 1.36376950098202 1.63150175451301 1.28521446697414 1.72543592122383 1.09920172230341 1.15759599744342 1.34691860037856 1.88876495440491 1.60660275677219 0 1.62015978479758 0.975002371706069 1.83937700372189 1.8070516535081 1.02449240139686 1.56764321960509 1.65074881259352 1.90436028852127 1.40154390805401 1.86364823649637 1.38050477905199 0.981096375267953 0.969482074957341
1.24970338516869 1.67005052533932 1.16276279743761 1.70365678844973 1.17036186205223 1.08213124494068 1.74261683225632 1.46283403830603 1.47219112981111 0.994083180790767 1.67363896546885 1.67736907443032 1.38909401418641 1.23914206610061 1.90871059289202 1.37577360193245 1.62015978479758 0 1.27701639314182 1.60367570165545 1.14765676343814 1.85816583805718 1.83430288801901 1.30480089550838 1.26685178885236 1.64834582735784 1.74925125553273 1.32130550500005 1.61465407349169 1.26065398938954
1.11164598329924 1.19438903848641 1.04853145196103 1.86020232480951 1.42638718266971 1.07533247116953 1.48855913523585 1.6639361330308 1.81317125423811 1.48223126889206 1.15247395960614 1.89525211998262 1.05990980751812 1.49172312556766 1.59522651415318 1.51478394074365 0.975002371706069 1.27701639314182 0 1.49534372612834 1.3674623395782 1.68513220036402 1.31568955956027 1.32690980914049 1.65700761927292 1.85559149552137 1.2972470165696 1.87616845406592 1.79375560535118 1.65355880232528
1.12676446558908 1.82308607595041 1.05111056100577 1.68332447879948 1.5114040330518 1.57976808049716 1.08499558153562 1.47042500926182 1.40759227657691 1.67701334203593 1.95472071366385 1.19016799423844 1.81508824136108 1.64394079451449 1.09101126110181 1.51776727824472 1.83937700372189 1.60367570165545 1.49534372612834 0 1.50883575342596 1.40855150762945 1.10441809217446 1.72729219985195 1.22750597354025 1.65156823443249 1.43501583952457 1.94443517853506 1.47450693952851 1.59010609285906
1.29727089754306 1.1395968447905 1.40360015351325 1.96159073617309 1.12641888973303 1.37151473481208 1.76497780089267 1.48195503512397 1.30865842872299 1.01046310481615 1.19086599303409 1.93250397406518 1.68224429455586 1.07637875690125 1.36077967425808 1.5190362315625 1.8070516535081 1.14765676343814 1.3674623395782 1.50883575342596 0 1.55310274870135 1.5884307557717 1.87587746069767 1.42946099187247 1.09689091122709 1.13771250261925 1.56441527837887 1.74626887287013 1.22042962466367
1.4406532808207 1.82600056589581 1.24369003414176 1.66760176606476 1.87980911461636 1.64061266300268 1.06289704004303 1.88991082529537 1.81683223228902 1.91035489668138 0.976132724434137 1.43371328432113 1.56968960515223 1.10581599688157 1.20843362039886 1.44040434155613 1.02449240139686 1.85816583805718 1.68513220036402 1.40855150762945 1.55310274870135 0 1.62956272251904 1.06130303791724 1.2060942419339 1.05128839751706 1.196572229499 1.88703820807859 0.985212608706206 1.35328833619133
1.70621130382642 1.92619166057557 1.37945054075681 1.91776138637215 1.0062308285851 1.19548516185023 1.51999134686776 1.74313514283858 1.22458880860358 1.27092748810537 1.35368398553692 1.32083609327674 1.01873659878038 1.66782637732103 1.926400431199 1.69329076935537 1.56764321960509 1.83430288801901 1.31568955956027 1.10441809217446 1.5884307557717 1.62956272251904 0 1.1185233888682 1.50454555125907 1.0566874530632 1.48854355351068 1.60437600454316 1.07657262962312 1.21605267631821
1.93223535316065 1.03173090028577 1.68639469100162 1.0204588486813 1.76588901784271 1.19611379737034 1.15532377129421 1.86257998668589 1.56528844824061 1.13106522709131 1.85181699576788 1.24779760441743 1.36141513707116 1.71422424656339 1.39943739422597 1.18437426211312 1.65074881259352 1.30480089550838 1.32690980914049 1.72729219985195 1.87587746069767 1.06130303791724 1.1185233888682 0 1.38078333041631 1.62247621128336 1.65705385897309 1.31040169368498 1.67486760346219 0.992249973351136
0.990676031913608 1.48612072691321 1.42406173027121 1.20961893140338 1.08557731239125 1.40849779476412 1.48353371745907 1.74618000513874 1.04599421448074 1.58177633373998 1.02502599847503 1.60961091844365 1.96298524201848 1.4237148463726 1.70167566742748 1.531107443152 1.90436028852127 1.26685178885236 1.65700761927292 1.22750597354025 1.42946099187247 1.2060942419339 1.50454555125907 1.38078333041631 0 1.69566762330942 1.43186785420403 0.976326638367027 1.41222013812512 1.38202906376682
1.12623263802379 1.19554024352692 1.86108358413912 1.44307033577934 1.44044381193817 1.80525954859331 1.89012189651839 1.22537270374596 1.07506241369992 1.8738423185423 1.37636308488436 1.66093756631017 0.969129940029234 1.57646544743329 1.78673770884052 1.22804614552297 1.40154390805401 1.64834582735784 1.85559149552137 1.65156823443249 1.09689091122709 1.05128839751706 1.0566874530632 1.62247621128336 1.69566762330942 0 1.4431163710542 1.107257979922 1.88420490990393 1.65243274858221
1.75139967352152 1.77403423702344 0.984956319676712 0.99213034613058 1.23929852875881 1.30312475003302 1.4680627475027 1.92814935930073 1.70243728184141 1.29361952305771 1.00660761306062 1.16461715940386 1.26979059446603 1.05085223726928 1.25599522097036 1.24542122683488 1.86364823649637 1.74925125553273 1.2972470165696 1.43501583952457 1.13771250261925 1.196572229499 1.48854355351068 1.65705385897309 1.43186785420403 1.4431163710542 0 1.19758458342403 1.01281538233161 1.24402274517342
1.87398837995715 1.09380839648657 1.05652714311145 1.77621822548099 1.19172532577068 1.53134145098738 1.2478309366852 0.975789898773655 1.65411294763908 1.72057845280506 1.42815778777003 1.68026724457741 0.986658603651449 1.19826527824625 1.82885708822869 1.88244762504473 1.38050477905199 1.32130550500005 1.87616845406592 1.94443517853506 1.56441527837887 1.88703820807859 1.60437600454316 1.31040169368498 0.976326638367027 1.107257979922 1.19758458342403 0 1.92122782953084 0.99755760631524
1.41840943717398 1.09288820275106 1.24102920945734 1.35068267700262 1.82969885203056 1.06543760607019 1.35214110440575 1.88873822824098 1.95556314475834 1.51329989358783 1.47103681694716 1.55665812804364 1.81973151816055 1.15819674404338 1.90741772856563 1.72404094017111 0.981096375267953 1.61465407349169 1.79375560535118 1.47450693952851 1.74626887287013 0.985212608706206 1.07657262962312 1.67486760346219 1.41222013812512 1.88420490990393 1.01281538233161 1.92122782953084 0 1.62438381602988
1.5684182329569 1.70392756885849 1.6029100427404 1.53084910614416 1.10542346397415 1.58315497566946 1.16255613579415 1.54082280839793 1.29513523448259 1.47350384178571 1.12210375326686 1.19690254773013 1.5451037643943 1.65667198039591 1.75326049886644 1.74154203594662 0.969482074957341 1.26065398938954 1.65355880232528 1.59010609285906 1.22042962466367 1.35328833619133 1.21605267631821 0.992249973351136 1.38202906376682 1.65243274858221 1.24402274517342 0.99755760631524 1.62438381602988 0
