0 1.00701656355523 1.5015673530288 1.6394067669753 1.57624699524604 1.66019076504745 1.83093884214759 0.991704182699323 1.84113256586716 1.51039002160542 1.67052553663962 1.36353804543614 1.71388219576329 1.85522549320012 1.26348998164758 1.56911226757802 1.52099583018571 1.58573895669542 0.974429944995791 1.35869309469126 1.80276928516105 1.66257135127671 1.55439827265218 1.86438977019861 1.52499833982438 0.900300131179392 1.33455676701851 1.71322412788868 1.24562254152261 1.15866223582998
1.00701656355523 0 1.15549184987321 1.18974737892859 1.84335553273559 1.65213526156731 1.79388569132425 1.49102389579639 1.78027604729868 1.3860448920168 1.81343206763268 1.28808546089567 1.54968789708801 1.27204566216096 1.50216401228681 1.76874455204234 1.13133665453643 1.65474321739748 1.1068554604426 1.12374898931012 1.10440963320434 1.83790456387214 1.27899168804288 1.25011427118443 1.59281344595365 1.62806756095961 0.955927088391036 1.5469790303614 1.69311346299946 0.958504525478929
1.5015673530288 1.15549184987321 0 1.39259045408107 1.50838761404157 1.34349187696353 1.30935516115278 0.956869040383026 1.39079222292639 1.00539801316336 1.12055424274877 1.53846642142162 1.32855020114221 1.03292933176272 0.960616823518649 1.0495758280158 1.63954102736898 1.7361378732603 1.84868878684938 1.73788979486562 1.34299637190998 1.40844506863505 1.68741259374656 1.1109473190736 1.11454305821098 1.76331956801005 1.41810215148143 1.25515148788691 1.09216357744299 1.88756645773537
1.6394067669753 1.18974737892859 1.39259045408107 0 1.71768085611984 1.37294074730016 1.22458634758368 1.59761858195998 1.25464607542381 0.937514604069293 1.44681236147881 1.83264971128665 1.55278587248176 1.28937639435753 0.935838798061013 1.4588579738047 1.24227851768956 1.42145855678245 1.24253898044117 1.21537151723169 1.12988938321359 1.39733705553226 1.07414247444831 1.55989880952984 1.63728286232799 1.33269809023477 1.53030648920685 1.23136811237782 1.01666579395533 0.941450805636123
1.57624699524604 1.84335553273559 1.50838761404157 1.71768085611984 0 1.43565831449814 0.938258327078074 0.988668948179111 1.59792663389817 1.76290119765326 1.3444975821767 1.09651287016459 1.21379109378904 1.337422080338 1.48519513453357 1.74744051834568 1.54338968894444 1.09044055710547 1.44861827837303 1.2179113116581 1.18007422215305 1.22089291457087 1.7779922040645 1.57076222239994 1.87756434595212 1.42163313180208 1.69284306676127 1.59176023118198 1.54256230895407 1.01363313593902
1.66019076504745 1.65213526156731 1.34349187696353 1.37294074730016 1.43565831449814 0 1.01468319026753 1.28285070648417 1.24564887606539 1.83583497139625 1.85180843784474 1.76798564149067 0.908354893326759 1.75099768303335 1.07598050870001 1.66357783111744 1.76231314451434 1.13661104929633 1.87933899462223 1.73168314271607 1.7575070776511 1.4906012902502 1.06063688267022 1.32285871892236 0.994693655753508 0.915069052251056 1.84301578602754 1.21397167653777 1.6382180720102 1.36545649426989
1.83093884214759 1.79388569132425 1.30935516115278 1.22458634758368 0.938258327078074 1.01468319026753 0 1.34317638771608 1.43980024987832 1.63993618753739 0.91002963995561 1.5777141880244 1.09269216516986 0.963410314172506 1.34401672706008 0.943288561888039 0.975964316166937 1.11067077866755 1.5229961797595 1.05428405595012 1.08509736112319 1.55421497998759 1.04847076046281 1.55703084077686 1.39744311454706 1.78536662808619 0.991320017725229 1.66979580651969 1.45064323232509 1.02608583937399
0.991704182699323 1.49102389579639 0.956869040383026 1.59761858195998 0.988668948179111 1.28285070648417 1.34317638771608 0 0.968458370305598 1.47217622026801 1.09825242473744 1.24707369483076 1.78129327809438 1.27018207800575 1.12767499033362 0.982774217845872 1.51585890050046 1.46600057953037 1.16037282743491 1.30866081221029 1.6482312201988 1.58271650155075 1.80101286596619 1.88247117609717 1.32242860808037 1.20486575481482 1.33318485994823 1.50507757649757 1.57305008359253 1.74182831868529
1.84113256586716 1.78027604729868 1.39079222292639 1.25464607542381 1.59792663389817 1.24564887606539 1.43980024987832 0.968458370305598 0 1.11517233215272 1.57118527917191 1.37630544765852 1.42179568274878 1.56068765791133 1.22175763337873 1.74572759005241 1.38984496635385 1.5111954046879 1.15813674987294 1.8884767878335 1.6144876005128 1.49453855142929 1.22923478926532 1.52992340759374 1.52370394766331 1.87038481910713 1.42963179433718 1.76580901700072 1.33283464214765 1.22891083871946
1.51039002160542 1.3860448920168 1.00539801316336 0.937514604069293 1.76290119765326 1.83583497139625 1.63993618753739 1.47217622026801 1.11517233215272 0 1.35999824455939 1.14799399510957 1.75638881954364 0.996078406693414 1.24739328608848 1.71757474797778 1.64242326258682 1.28884289460257 1.16516110114753 1.74160881969146 1.59854136547074 1.05404834682122 1.71670024981722 1.27475148020312 1.72697214502841 1.65509444102645 1.4515493446961 1.20447866641916 1.29730832902715 1.48631897871383
1.67052553663962 1.81343206763268 1.12055424274877 1.44681236147881 1.3444975821767 1.85180843784474 0.91002963995561 1.09825242473744 1.57118527917191 1.35999824455939 0 1.61243680422194 0.943453544517979 1.41552604292519 1.10264714574441 1.26804525242187 0.972308341646567 1.57854087417945 1.57478799531236 1.74310587486252 0.99646860640496 0.963406326016411 1.88700756733306 1.57140748063102 1.71376742748544 1.83115060417913 1.23992904275656 1.37246665661223 1.38853908795863 1.07058167108335
1.36353804543614 1.28808546089567 1.53846642142162 1.83264971128665 1.09651287016459 1.76798564149067 1.5777141880244 1.24707369483076 1.37630544765852 1.14799399510957 1.61243680422194 0 1.26711088954471 1.43360958946869 1.39449174213223 1.72250582859851 1.15474961465225 1.00132640288211 1.4343040776439 1.80157356662676 1.85227498714812 1.54480219981633 1.32041147397831 0.978243364952505 1.4566502396483 1.73214545683004 1.85722654871643 1.63699531322345 0.931041779695079 1.48575538629666
1.71388219576329 1.54968789708801 1.32855020114221 1.55278587248176 1.21379109378904 0.908354893326759 1.09269216516986 1.78129327809438 1.42179568274878 1.75638881954364 0.943453544517979 1.26711088954471 0 0.986268958309665 1.38133625220507 1.27554705902003 1.06541313533671 1.87479009572417 1.47896974207833 1.00927735771984 1.05127251241356 1.24350258614868 1.27118636551313 1.42229259572923 0.963659577770159 1.05789984832518 1.84171430743299 1.77945803618059 1.82388419215567 1.59646552498452
1.85522549320012 1.27204566216096 1.03292933176272 1.28937639435753 1.337422080338 1.75099768303335 0.963410314172506 1.27018207800575 1.56068765791133 0.996078406693414 1.41552604292519 1.43360958946869 0.986268958309665 0 1.18374311784282 1.1157576169353 1.00640367204323 1.22538664727472 1.30497045395896 1.2459126112517 0.954585362924263 1.74146582861431 1.70776941091754 1.33749773702584 0.972148022381589 1.54454833711497 1.79226559912786 0.95622194185853 1.39593418105505 1.73974303086288
1.26348998164758 1.50216401228681 0.960616823518649 0.935838798061013 1.48519513453357 1.07598050870001 1.34401672706008 1.12767499033362 1.22175763337873 1.24739328608848 1.10264714574441 1.39449174213223 1.38133625220507 1.18374311784282 0 1.4444974034559 0.918680900009349 1.30166825302877 0.996281238971278 1.46804714179598 1.74055688758381 1.41113374265842 1.56811331398785 0.983373454306275 1.63977651670575 1.32330563641153 1.47579558193684 1.1134968593251 1.61704640951939 1.60776208038442
1.56911226757802 1.76874455204234 1.0495758280158 1.4588579738047 1.74744051834568 1.66357783111744 0.943288561888039 0.982774217845872 1.74572759005241 1.71757474797778 1.26804525242187 1.72250582859851 1.27554705902003 1.1157576169353 1.4444974034559 0 1.0312653882429 1.23831915063784 0.997366243274882 1.86672569578514 1.24751198338345 1.86594494874589 1.10477354377508 1.42138451081701 1.18532911711372 0.953487113816664 1.67545857955702 1.52737453952432 1.32068421179429 1.12196377827786
1.52099583018571 1.13133665453643 1.63954102736898 1.24227851768956 1.54338968894444 1.76231314451434 0.975964316166937 1.51585890050046 1.38984496635385 1.64242326258682 0.972308341646567 1.15474961465225 1.06541313533671 1.00640367204323 0.918680900009349 1.0312653882429 0 1.85363237978891 1.67132983193733 1.05447525647469 1.86196821532212 1.47332441876642 0.997543774312362 1.84143318794668 1.82536449027248 1.59509537625127 0.963104000780731 1.67399617773481 1.62847624672577 1.03382262447849
1.58573895669542 1.65474321739748 1.7361378732603 1.42145855678245 1.09044055710547 1.13661104929633 1.11067077866755 1.46600057953037 1.5111954046879 1.28884289460257 1.57854087417945 1.00132640288211 1.87479009572417 1.22538664727472 1.30166825302877 1.23831915063784 1.85363237978891 0 1.60513786529191 1.36879958002828 1.12221037666313 1.50803677015938 1.02441644365899 1.65746801765636 1.74876167159528 1.61146217654459 1.68401543772779 1.53395143197849 1.09169760649092 1.50941404607147
0.974429944995791 1.1068554604426 1.84868878684938 1.24253898044117 1.44861827837303 1.87933899462223 1.5229961797595 1.16037282743491 1.15813674987294 1.16516110114753 1.57478799531236 1.4343040776439 1.47896974207833 1.30497045395896 0.996281238971278 0.997366243274882 1.67132983193733 1.60513786529191 0 0.949224963784218 1.33737358194776 1.50456528924406 1.42559520085342 1.83825057325885 0.912664633011445 1.13171411911026 1.67824425594881 1.26540875458159 1.19392722193152 1.01619296520948
1.35869309469126 1.12374898931012 1.73788979486562 1.21537151723169 1.2179113116581 1.73168314271607 1.05428405595012 1.30866081221029 1.8884767878335 1.74160881969146 1.74310587486252 1.80157356662676 1.00927735771984 1.2459126112517 1.46804714179598 1.86672569578514 1.05447525647469 1.36879958002828 0.949224963784218 0 1.25608578440733 1.05520289787091 1.86454565171152 0.901925148442388 1.44563155993819 1.83413962414488 1.34468002826907 1.24521469930187 1.71404263819568 1.33137373067439
1.80276928516105 1.10440963320434 1.34299637190998 1.12988938321359 1.18007422215305 1.7575070776511 1.08509736112319 1.6482312201988 1.6144876005128 1.59854136547074 0.99646860640496 1.85227498714812 1.05127251241356 0.954585362924263 1.74055688758381 1.24751198338345 1.86196821532212 1.12221037666313 1.33737358194776 1.25608578440733 0 1.694503569277 1.30165750626475 1.65704911551438 1.3307783389464 1.78575765877031 1.11309900693595 1.32839845470153 1.56486554513685 1.5711636391934
1.66257135127671 1.83790456387214 1.40844506863505 1.39733705553226 1.22089291457087 1.4906012902502 1.55421497998759 1.58271650155075 1.49453855142929 1.05404834682122 0.963406326016411 1.54480219981633 1.24350258614868 1.74146582861431 1.41113374265842 1.86594494874589 1.47332441876642 1.50803677015938 1.50456528924406 1.05520289787091 1.694503569277 0 1.59550701128319 1.00559711805545 1.7942871528212 1.25236286316067 1.65545764844865 0.918459307868034 1.09858191362582 1.84918061783537
1.55439827265218 1.27899168804288 1.68741259374656 1.07414247444831 1.7779922040645 1.06063688267022 1.04847076046281 1.80101286596619 1.22923478926532 1.71670024981722 1.88700756733306 1.32041147397831 1.27118636551313 1.70776941091754 1.56811331398785 1.10477354377508 0.997543774312362 1.02441644365899 1.42559520085342 1.86454565171152 1.30165750626475 1.59550701128319 0 1.32170014851727 1.2142387975473 1.74651929317042 1.37602031277493 1.14261199510656 1.19593778788112 1.08075210195966
1.86438977019861 1.25011427118443 1.1109473190736 1.55989880952984 1.57076222239994 1.32285871892236 1.55703084077686 1.88247117609717 1.52992340759374 1.27475148020312 1.57140748063102 0.978243364952505 1.42229259572923 1.33749773702584 0.983373454306275 1.42138451081701 1.84143318794668 1.65746801765636 1.83825057325885 0.901925148442388 1.65704911551438 1.00559711805545 1.32170014851727 0 1.11996315256692 1.82337800762616 1.02204426354729 1.27814107877202 0.963652905775234 1.44730210397393
1.52499833982438 1.59281344595365 1.11454305821098 1.63728286232799 1.87756434595212 0.994693655753508 1.39744311454706 1.32242860808037 1.52370394766331 1.72697214502841 1.71376742748544 1.4566502396483 0.963659577770159 0.972148022381589 1.63977651670575 1.18532911711372 1.82536449027248 1.74876167159528 0.912664633011445 1.44563155993819 1.3307783389464 1.7942871528212 1.2142387975473 1.11996315256692 0 1.24482272239402 1.43076149467379 1.01487956289202 1.1455269025173 1.88273659627885
0.900300131179392 1.62806756095961 1.76331956801005 1.33269809023477 1.42163313180208 0.915069052251056 1.78536662808619 1.20486575481482 1.87038481910713 1.65509444102645 1.83115060417913 1.73214545683004 1.05789984832518 1.54454833711497 1.32330563641153 0.953487113816664 1.59509537625127 1.61146217654459 1.13171411911026 1.83413962414488 1.78575765877031 1.25236286316067 1.74651929317042 1.82337800762616 1.24482272239402 0 1.82496237847954 1.25676941429265 1.35289482097141 1.37086622673087
1.33455676701851 0.955927088391036 1.41810215148143 1.53030648920685 1.69284306676127 1.84301578602754 0.991320017725229 1.33318485994823 1.42963179433718 1.4515493446961 1.23992904275656 1.85722654871643 1.84171430743299 1.79226559912786 1.47579558193684 1.67545857955702 0.963104000780731 1.68401543772779 1.67824425594881 1.34468002826907 1.11309900693595 1.65545764844865 1.37602031277493 1.02204426354729 1.43076149467379 1.82496237847954 0 0.941778951557353 1.30291429604404 1.69354732544161
1.71322412788868 1.5469790303614 1.25515148788691 1.23136811237782 1.59176023118198 1.21397167653777 1.66979580651969 1.50507757649757 1.76580901700072 1.20447866641916 1.37246665661223 1.63699531322345 1.77945803618059 0.95622194185853 1.1134968593251 1.52737453952432 1.67399617773481 1.53395143197849 1.26540875458159 1.24521469930187 1.32839845470153 0.918459307868034 1.14261199510656 1.27814107877202 1.01487956289202 1.25676941429265 0.941778951557353 0 1.19931747438386 1.35298253200017
1.24562254152261 1.69311346299946 1.09216357744299 1.01666579395533 1.54256230895407 1.6382180720102 1.45064323232509 1.57305008359253 1.33283464214765 1.29730832902715 1.38853908795863 0.931041779695079 1.82388419215567 1.39593418105505 1.61704640951939 1.32068421179429 1.62847624672577 1.09169760649092 1.19392722193152 1.71404263819568 1.56486554513685 1.09858191362582 1.19593778788112 0.963652905775234 1.1455269025173 1.35289482097141 1.30291429604404 1.19931747438386 0 1.74024479626678
1.15866223582998 0.958504525478929 1.88756645773537 0.941450805636123 1.01363313593902 1.36545649426989 1.02608583937399 1.74182831868529 1.22891083871946 1.48631897871383 1.07058167108335 1.48575538629666 1.59646552498452 1.73974303086288 1.60776208038442 1.12196377827786 1.03382262447849 1.50941404607147 1.01619296520948 1.33137373067439 1.5711636391934 1.84918061783537 1.08075210195966 1.44730210397393 1.88273659627885 1.37086622673087 1.69354732544161 1.35298253200017 1.74024479626678 0
