0 0.961683550151065 1.6848513209261 1.10837461822666 1.31471714330837 1.12573826964945 1.40609927591868 1.81151574337855 1.67954494361766 1.12105571432039 0.986095466883853 0.962445897748694 1.87289183959365 1.63861019071192 1.84598718862981 1.84197425330058 0.9639125992544 1.67948794621043 1.43097065435722 1.0575295004528 1.82885934901424 1.71108681615442 1.47633521817625 0.969667170895264 1.70181631669402 1.83933308743872 1.82349777547643 1.12883304990828 1.8774775234051 1.21970704733394
0.961683550151065 0 1.2801102923695 1.89063955913298 1.60249558812939 1.65329203754663 1.18302128394134 1.09233828890137 0.950978897511959 1.90371849248186 1.50479194335639 1.424139988143 1.52235224307515 1.5702681762632 0.931403048569337 1.29935106169432 1.59086208324879 1.27478101826273 1.48161766352132 1.81299330596812 1.6196703587193 1.19329590955749 1.05580017366447 1.8102747455705 1.35060569015332 1.66743354965001 1.29780676960945 1.86184434988536 1.36793636577204 1.80926780053414
1.6848513209261 1.2801102923695 0 1.44600856141187 1.83054895838723 1.31593779311515 0.947338759899139 1.84001728030853 1.13790317764506 1.36855223239399 1.43926965910941 1.16516175726429 1.20452974969521 1.46349132875912 1.78563213162124 1.35127775953151 1.47798150102608 1.2733212269377 1.51897191652097 1.88366106431931 1.12611190835014 1.14119442016818 1.73170933965594 1.22796792211011 1.73217168892734 1.78623062861152 0.978535403497517 1.42672618990764 0.933698470704257 1.49467548611574
1.10837461822666 1.89063955913298 1.44600856141187 0 1.06345632555895 1.61788258957677 1.21658311132342 1.16281661577523 1.68890601699241 1.31185478460975 1.07774745370261 0.956973111024126 1.82258175616153 1.82562429318205 1.40342452703044 1.70720306504518 1.8352349374909 1.56999213807285 1.01393570262007 1.09546780609526 1.64897463726811 1.53668569214642 1.25989609956741 1.77394867804833 1.10106945014559 1.89842217275873 1.02534163277596 1.18994907452725 1.52423375984654 1.47044783039019
1.31471714330837 1.60249558812939 1.83054895838723 1.06345632555895 0 1.20239140465856 1.53406583168544 1.88505408377387 1.72014839947224 1.47230078163557 1.28969905618578 0.953605073736981 1.74607416149229 1.13798608630896 1.43866137857549 1.52638487890363 1.6619545861613 1.65179978124797 1.51002236362547 1.72327751340345 1.85473577305675 1.23827487626113 1.0501958776731 1.14866962982342 1.63767296937294 1.66956747113727 1.10738391336054 1.84474364598282 0.964762300485745 1.42537477985024
1.12573826964945 1.65329203754663 1.31593779311515 1.61788258957677 1.20239140465856 0 1.23251083726063 1.73098676116206 1.45156155759469 1.2523667360656 1.60666915983893 0.92423985293135 1.47688747220673 1.71733787329867 1.37347512296401 1.65114006935619 1.09713083109818 1.44033515453339 1.7230043108575 1.08721729903482 1.44075175723992 0.998565438669175 1.36117137782276 0.994056445546448 1.45778947533108 1.55784321762621 1.19437758438289 0.913146991515532 0.930037167621776 1.49556579091586
1.40609927591868 1.18302128394134 0.947338759899139 1.21658311132342 1.53406583168544 1.23251083726063 0 1.55773742171004 1.31450171535835 1.73844120511785 1.27573205903172 1.6526162957307 1.30094710923731 1.72346228873357 0.973160176537931 1.61064987210557 1.12815979449078 1.09368392988108 1.71737967827357 1.19189835875295 1.06165520427749 1.60979428444989 0.97707824036479 1.29145245859399 1.41291526216082 1.58580387523398 1.33746048132889 1.36459279293194 1.31112313224003 1.49381886352785
1.81151574337855 1.09233828890137 1.84001728030853 1.16281661577523 1.88505408377387 1.73098676116206 1.55773742171004 0 1.07367272442207 1.00775735010393 1.33610546193086 1.51459004171193 1.06188661861233 1.46771164797246 1.85869014193304 1.74461670336314 0.966096175834537 1.49422100838274 1.34098523203284 1.32316622696817 1.12508319295011 1.07254086481407 1.6781595821958 1.88460613531061 1.59411851549521 1.55227147089317 1.66986293368973 1.84226300148293 1.73647038196214 1.64786579879001
1.67954494361766 0.950978897511959 1.13790317764506 1.68890601699241 1.72014839947224 1.45156155759469 1.31450171535835 1.07367272442207 0 1.62358007160947 0.998267185175791 1.43921214272268 1.25813032384031 1.14648335590027 1.38350031757727 0.948003035504371 1.03966291202232 1.42020472884178 1.32460836600512 0.915673830080777 1.59233884653077 1.21623552846722 1.60905182850547 1.82291671657003 0.993183406069875 1.68571061058901 1.36941961012781 1.21942036203109 1.72756837541237 1.79213495715521
1.12105571432039 1.90371849248186 1.36855223239399 1.31185478460975 1.47230078163557 1.2523667360656 1.73844120511785 1.00775735010393 1.62358007160947 0 1.65481574041769 1.45553259062581 0.93894406943582 1.67165468307212 1.4103037819732 1.62369134719484 1.01554092159495 1.71247446071357 0.940049760276452 1.41666143527254 1.07588085578755 1.57123769866303 0.932842545676976 1.4965233230032 1.8800526985433 1.38928511412814 1.18618885823525 1.71227056486532 1.54763530474156 1.3143006474711
0.986095466883853 1.50479194335639 1.43926965910941 1.07774745370261 1.28969905618578 1.60666915983893 1.27573205903172 1.33610546193086 0.998267185175791 1.65481574041769 0 1.23155273566954 1.36519512836821 1.58496637013741 1.36846713419072 1.77122015692294 1.51726020453498 1.57030267454684 1.23325210716575 1.46976877632551 1.58262306172401 1.66140856640413 1.5057859478984 1.79884023754857 1.27081109746359 1.18757884437218 1.53714379877783 1.21502894815058 1.58919830271043 1.03463385556825
0.962445897748694 1.424139988143 1.16516175726429 0.956973111024126 0.953605073736981 0.92423985293135 1.6526162957307 1.51459004171193 1.43921214272268 1.45553259062581 1.23155273566954 0 1.62773701711558 1.46835111174732 1.22405723389238 1.31507808808237 1.2761960644275 1.84793622908182 1.86681567993946 1.08449310692959 0.922328492160887 1.73093949980102 1.04905747412704 1.65682617691346 1.19920005439781 1.84836419229396 1.28855572873726 1.34617734607309 1.62455670512281 1.65921780071221
1.87289183959365 1.52235224307515 1.20452974969521 1.82258175616153 1.74607416149229 1.47688747220673 1.30094710923731 1.06188661861233 1.25813032384031 0.93894406943582 1.36519512836821 1.62773701711558 0 1.37584200315177 1.71314921043813 1.65948175732046 1.55877997842617 1.01649544551037 1.45635722298175 1.11927065206692 1.54093070840463 1.6815179574769 1.81475272681564 1.56644510710612 1.59093981003389 1.11810746300034 1.75233719381504 1.30715863849036 1.41509099118412 1.71909834141843
1.63861019071192 1.5702681762632 1.46349132875912 1.82562429318205 1.13798608630896 1.71733787329867 1.72346228873357 1.46771164797246 1.14648335590027 1.67165468307212 1.58496637013741 1.46835111174732 1.37584200315177 0 1.62292421399616 1.16942240437493 1.49455209285952 1.58768610376865 0.924880688078701 1.71086535719223 1.43905242276378 1.39502706518397 1.28368818527088 1.12811274663545 1.08078900841065 1.77439363999292 1.27021591295488 1.71246824529953 1.50616192445159 1.43503979663365
1.84598718862981 0.931403048569337 1.78563213162124 1.40342452703044 1.43866137857549 1.37347512296401 0.973160176537931 1.85869014193304 1.38350031757727 1.4103037819732 1.36846713419072 1.22405723389238 1.71314921043813 1.62292421399616 0 0.945970124099404 1.47516653873026 1.60957718780264 1.04668738786131 1.37333947932348 1.74556651595049 1.13521665730514 1.67452215938829 1.64510027784854 1.64723536325619 1.0741899588611 1.56699226982892 1.61073722387664 1.56152303889394 1.11179906199686
1.84197425330058 1.29935106169432 1.35127775953151 1.70720306504518 1.52638487890363 1.65114006935619 1.61064987210557 1.74461670336314 0.948003035504371 1.62369134719484 1.77122015692294 1.31507808808237 1.65948175732046 1.16942240437493 0.945970124099404 0 1.35697339987382 1.42908976087347 1.04989677341655 1.36056020413525 1.12205316871405 1.810095989611 1.13093959516846 1.21485607721843 1.68220277293585 1.44545309734531 1.78601479320787 1.20692894188687 1.72052867594175 1.41195039986633
0.9639125992544 1.59086208324879 1.47798150102608 1.8352349374909 1.6619545861613 1.09713083109818 1.12815979449078 0.966096175834537 1.03966291202232 1.01554092159495 1.51726020453498 1.2761960644275 1.55877997842617 1.49455209285952 1.47516653873026 1.35697339987382 0 0.911461609648541 1.3443837647792 1.40907182055525 1.28971722209826 1.60407365486026 1.37979371869005 0.921443211846054 1.17275853687897 1.76569710858166 1.79461624519899 1.2504539184738 1.78535334113985 1.07110082404688
1.67948794621043 1.27478101826273 1.2733212269377 1.56999213807285 1.65179978124797 1.44033515453339 1.09368392988108 1.49422100838274 1.42020472884178 1.71247446071357 1.57030267454684 1.84793622908182 1.01649544551037 1.58768610376865 1.60957718780264 1.42908976087347 0.911461609648541 0 1.17566428682767 1.42704456974752 1.48126018908806 1.35933627746999 1.11448243889026 1.62898912886158 1.45207569980994 1.69389433693141 1.52563813072629 1.04195039183833 1.35245063551702 1.01898722629994
1.43097065435722 1.48161766352132 1.51897191652097 1.01393570262007 1.51002236362547 1.7230043108575 1.71737967827357 1.34098523203284 1.32460836600512 0.940049760276452 1.23325210716575 1.86681567993946 1.45635722298175 0.924880688078701 1.04668738786131 1.04989677341655 1.3443837647792 1.17566428682767 0 1.16349978302605 1.10694262757897 1.28879140829667 1.4653281099163 1.72721815179102 1.86850930587389 1.24808062473312 1.22469745227136 1.78996461606584 1.43030526954681 0.966243556933478
1.0575295004528 1.81299330596812 1.88366106431931 1.09546780609526 1.72327751340345 1.08721729903482 1.19189835875295 1.32316622696817 0.915673830080777 1.41666143527254 1.46976877632551 1.08449310692959 1.11927065206692 1.71086535719223 1.37333947932348 1.36056020413525 1.40907182055525 1.42704456974752 1.16349978302605 0 1.19378666370176 1.48890965827741 1.79622657084838 1.83358738198876 0.967189598828554 1.60331071983092 1.47420786740258 0.950701775029302 1.62436222867109 1.77777655725367
1.82885934901424 1.6196703587193 1.12611190835014 1.64897463726811 1.85473577305675 1.44075175723992 1.06165520427749 1.12508319295011 1.59233884653077 1.07588085578755 1.58262306172401 0.922328492160887 1.54093070840463 1.43905242276378 1.74556651595049 1.12205316871405 1.28971722209826 1.48126018908806 1.10694262757897 1.19378666370176 0 1.75092232320458 1.43322705524042 1.0816143443808 0.974520201561972 1.54410375328735 1.35742610017769 1.00937898503616 1.39442495349795 1.32555309403688
1.71108681615442 1.19329590955749 1.14119442016818 1.53668569214642 1.23827487626113 0.998565438669175 1.60979428444989 1.07254086481407 1.21623552846722 1.57123769866303 1.66140856640413 1.73093949980102 1.6815179574769 1.39502706518397 1.13521665730514 1.810095989611 1.60407365486026 1.35933627746999 1.28879140829667 1.48890965827741 1.75092232320458 0 1.17533805523999 1.40729645709507 1.03636003192514 1.07171472907066 1.79205559380352 1.6533576704096 1.84893552586436 1.83061495004222
1.47633521817625 1.05580017366447 1.73170933965594 1.25989609956741 1.0501958776731 1.36117137782276 0.97707824036479 1.6781595821958 1.60905182850547 0.932842545676976 1.5057859478984 1.04905747412704 1.81475272681564 1.28368818527088 1.67452215938829 1.13093959516846 1.37979371869005 1.11448243889026 1.4653281099163 1.79622657084838 1.43322705524042 1.17533805523999 0 1.2911326456815 0.947210152866319 1.79216189589351 1.44162329705432 1.86133474321105 0.976079114479944 1.85896566184238
0.969667170895264 1.8102747455705 1.22796792211011 1.77394867804833 1.14866962982342 0.994056445546448 1.29145245859399 1.88460613531061 1.82291671657003 1.4965233230032 1.79884023754857 1.65682617691346 1.56644510710612 1.12811274663545 1.64510027784854 1.21485607721843 0.921443211846054 1.62898912886158 1.72721815179102 1.83358738198876 1.0816143443808 1.40729645709507 1.2911326456815 0 1.19429323682562 1.79640117101371 1.50793085689656 1.15273815998808 1.26414843415841 1.45689764572307
1.70181631669402 1.35060569015332 1.73217168892734 1.10106945014559 1.63767296937294 1.45778947533108 1.41291526216082 1.59411851549521 0.993183406069875 1.8800526985433 1.27081109746359 1.19920005439781 1.59093981003389 1.08078900841065 1.64723536325619 1.68220277293585 1.17275853687897 1.45207569980994 1.86850930587389 0.967189598828554 0.974520201561972 1.03636003192514 0.947210152866319 1.19429323682562 0 1.04839378991164 1.00715654506348 1.65991428354755 1.13516740477644 0.926235291874036
1.83933308743872 1.66743354965001 1.78623062861152 1.89842217275873 1.66956747113727 1.55784321762621 1.58580387523398 1.55227147089317 1.68571061058901 1.38928511412814 1.18757884437218 1.84836419229396 1.11810746300034 1.77439363999292 1.0741899588611 1.44545309734531 1.76569710858166 1.69389433693141 1.24808062473312 1.60331071983092 1.54410375328735 1.07171472907066 1.79216189589351 1.79640117101371 1.04839378991164 0 0.939294778741896 1.90505837742239 1.63397258869372 1.11369095509872
1.82349777547643 1.29780676960945 0.978535403497517 1.02534163277596 1.10738391336054 1.19437758438289 1.33746048132889 1.66986293368973 1.36941961012781 1.18618885823525 1.53714379877783 1.28855572873726 1.75233719381504 1.27021591295488 1.56699226982892 1.78601479320787 1.79461624519899 1.52563813072629 1.22469745227136 1.47420786740258 1.35742610017769 1.79205559380352 1.44162329705432 1.50793085689656 1.00715654506348 0.939294778741896 0 1.18546576378867 1.86416224669665 1.80778019479476
1.12883304990828 1.86184434988536 1.42672618990764 1.18994907452725 1.84474364598282 0.913146991515532 1.36459279293194 1.84226300148293 1.21942036203109 1.71227056486532 1.21502894815058 1.34617734607309 1.30715863849036 1.71246824529953 1.61073722387664 1.20692894188687 1.2504539184738 1.04195039183833 1.78996461606584 0.950701775029302 1.00937898503616 1.6533576704096 1.86133474321105 1.15273815998808 1.65991428354755 1.90505837742239 1.18546576378867 0 1.17596154264174 1.40560739440843
1.8774775234051 1.36793636577204 0.933698470704257 1.52423375984654 0.964762300485745 0.930037167621776 1.31112313224003 1.73647038196214 1.72756837541237 1.54763530474156 1.58919830271043 1.62455670512281 1.41509099118412 1.50616192445159 1.56152303889394 1.72052867594175 1.78535334113985 1.35245063551702 1.43030526954681 1.62436222867109 1.39442495349795 1.84893552586436 0.976079114479944 1.26414843415841 1.13516740477644 1.63397258869372 1.86416224669665 1.17596154264174 0 1.49122504866682
1.21970704733394 1.80926780053414 1.49467548611574 1.47044783039019 1.42537477985024 1.49556579091586 1.49381886352785 1.64786579879001 1.79213495715521 1.3143006474711 1.03463385556825 1.65921780071221 1.71909834141843 1.43503979663365 1.11179906199686 1.41195039986633 1.07110082404688 1.01898722629994 0.966243556933478 1.77777655725367 1.32555309403688 1.83061495004222 1.85896566184238 1.45689764572307 0.926235291874036 1.11369095509872 1.80778019479476 1.40560739440843 1.49122504866682 0
