0 1.39009364834055 1.87473959196359 1.25955900293775 1.58601243491285 1.47246467717923 1.93750787223689 1.73865143442526 1.63214309467003 1.34784571011551 1.54570965608582 1.28355504595675 1.89713012753054 1.72577814967372 1.04073470877483 1.04123889724724 1.15514761721715 1.18795671802945 1.1893982081674 1.61491352389567 1.50116366799921 1.04195442469791 1.40218157204799 1.47131796833128 1.21502313017845 1.26862583728507 1.12359678628854 1.42828802368604 1.35030077258125 1.67550469655544
1.39009364834055 0 1.33101629046723 1.57072596251965 1.18753945082426 1.64257691171952 1.21686823456548 1.09507468505763 1.22201512241736 0.997723800363019 1.16201780596748 1.40230876696296 1.92574107460678 1.67870074789971 1.16212106216699 1.80032337782905 1.69205983611755 1.68607500451617 1.96512685506605 1.73536014510319 0.981434203451499 1.78299394459464 1.3692928829696 1.92565730749629 1.86259138258174 1.58128032530658 1.40068248077296 1.2479061987251 1.16053183889017 1.53892441466451
1.87473959196359 1.33101629046723 0 1.1957098916173 1.16706058289856 1.14768257807009 1.15738874976523 1.6465250835754 1.15898833284155 1.18053251691163 1.95708766486496 1.14229209953919 1.19259483623318 1.07021727855317 1.16679411940277 1.81707714498043 1.84084001625888 1.15181589638814 1.79196882457472 1.63779001077637 1.3894700051751 1.25978230452165 1.55832037492655 1.66164718475193 1.12896820553578 1.46786797372624 1.48675660393201 1.80785252759233 1.74900720873848 1.73379617696628
1.25955900293775 1.57072596251965 1.1957098916173 0 1.08595566009171 1.7247278438881 1.91172557743266 1.26872331905179 1.48686253302731 1.0955491871573 1.37578893266618 1.17433702200651 1.00793387624435 1.81097159860656 1.70797609118745 1.80190438800491 0.990133513929322 1.97219178220257 1.55516816186719 1.09896590933204 1.68737161974423 1.89444479881786 1.64983475627378 1.57189682475291 1.67271540407091 1.62390970834531 1.73801902052946 1.24574853107333 1.27585644111969 1.3519944830332
1.58601243491285 1.18753945082426 1.16706058289856 1.08595566009171 0 1.66036499780603 1.3164418253582 1.38275473471731 1.13912107353099 1.41821431717835 1.53231500042602 1.40091808605939 1.46657172427513 1.29182223719545 1.46291975374334 1.7259893482551 1.42695293831639 1.66946760122664 1.385231803637 1.63618926820345 1.22393068112433 1.10754652787 1.59401687141508 1.86657288926654 1.12470065429807 1.21837166580372 1.2743430591654 1.90528051485308 1.80739346565679 1.14990748977289
1.47246467717923 1.64257691171952 1.14768257807009 1.7247278438881 1.66036499780603 0 1.64707637927495 1.97425932413898 1.95716039347462 1.1047667155508 1.33279697666876 1.70439531933516 1.34742702892981 1.16287160757929 1.37779042054899 1.71239468990825 1.83361766440794 1.3779847365804 1.38357225782238 1.44872932881117 1.69492780952714 1.11801223759539 1.35185015108436 1.26569334790111 1.34039290528744 1.62643460207619 1.55449170642532 1.1162195247598 1.04470240743831 1.92896791407838
1.93750787223689 1.21686823456548 1.15738874976523 1.91172557743266 1.3164418253582 1.64707637927495 0 1.69439955125563 1.50491137499921 1.76105250604451 1.09655441599898 1.59453482972458 1.56687101442367 1.62819573143497 1.01647981535643 1.95007596421055 1.28182501113042 1.48965405463241 1.54143868037499 1.26416002190672 1.58233771915548 1.01766804954968 1.03241442819126 1.12885006912984 1.25195997883566 1.07756527350284 1.8468360893894 1.78930643084459 1.1394860916771 1.89565720758401
1.73865143442526 1.09507468505763 1.6465250835754 1.26872331905179 1.38275473471731 1.97425932413898 1.69439955125563 0 1.34021010622382 1.36486799735576 1.10245394078083 1.88076879899018 1.78823668695986 1.65526319458149 1.03275954537094 1.05235707806423 1.69507513171993 1.20931133837439 1.39297668449581 1.25501717464067 1.35202901274897 1.4459891198203 1.1760808757972 1.35966402105987 1.41325678629801 1.09940872713923 1.21251834486611 1.86773318308406 1.41161651047878 1.38656019885093
1.63214309467003 1.22201512241736 1.15898833284155 1.48686253302731 1.13912107353099 1.95716039347462 1.50491137499921 1.34021010622382 0 1.9401850879658 1.19701623497531 1.43137418292463 1.04958543181419 1.91820320975967 1.63163112499751 1.96887225355022 1.28815899859183 1.66404844727367 1.91553885303438 1.40276170452125 1.34119488601573 1.65736945881508 1.42489580367692 1.15068161371164 1.89190694573335 1.34410898224451 1.02850174438208 1.29147208482027 1.12511084554717 1.51250000973232
1.34784571011551 0.997723800363019 1.18053251691163 1.0955491871573 1.41821431717835 1.1047667155508 1.76105250604451 1.36486799735576 1.9401850879658 0 1.4187485454604 1.09298595553264 1.65042567974888 1.26221315935254 1.02240317757241 1.36970111797564 1.25336457858793 1.80066810292192 1.34773924434558 1.3340662738774 1.07850347436033 1.75289129116572 1.71721161389723 1.77908459957689 0.989930120296776 1.19869361189194 1.08247059350833 1.34927204204723 1.08717631711625 1.9058580098208
1.54570965608582 1.16201780596748 1.95708766486496 1.37578893266618 1.53231500042602 1.33279697666876 1.09655441599898 1.10245394078083 1.19701623497531 1.4187485454604 0 1.54735126136802 1.91485635144636 1.16277089645155 1.24340979428962 1.41721194959246 1.78012110549025 1.39017029386014 1.42082292889245 1.30311827245168 1.96852426440455 1.56005445029587 1.15620991820469 1.86765242274851 1.45407779957168 1.81387671688572 1.48505947878584 1.87193917343393 1.19624245585874 1.45866263611242
1.28355504595675 1.40230876696296 1.14229209953919 1.17433702200651 1.40091808605939 1.70439531933516 1.59453482972458 1.88076879899018 1.43137418292463 1.09298595553264 1.54735126136802 0 1.73510530893691 1.70343704661354 1.88455798756331 1.36153332609683 1.75019975285977 1.40850864280947 1.22571410238743 1.4096860261634 1.5355977981817 1.57590895798057 1.15332205221057 1.50581792602316 1.17152146319859 1.45098962029442 1.82286054221913 1.60641254577786 1.23508360050619 1.03398450184613
1.89713012753054 1.92574107460678 1.19259483623318 1.00793387624435 1.46657172427513 1.34742702892981 1.56687101442367 1.78823668695986 1.04958543181419 1.65042567974888 1.91485635144636 1.73510530893691 0 1.62720749853179 1.26037049572915 1.62331471405923 1.24371393909678 1.65359745500609 1.78381599509157 1.0793364844285 1.35385181033053 1.67102959635668 1.18579783267342 1.1028457484208 1.02315399399959 1.03493190533482 1.90908087231219 1.31654441682622 1.48068409971893 1.40966919786297
1.72577814967372 1.67870074789971 1.07021727855317 1.81097159860656 1.29182223719545 1.16287160757929 1.62819573143497 1.65526319458149 1.91820320975967 1.26221315935254 1.16277089645155 1.70343704661354 1.62720749853179 0 1.69503836915828 1.85519735794514 1.75190847250633 1.16678612749092 1.58459563972428 1.69076048978604 1.19564702524804 1.29756865161471 1.61876369104721 1.16431689588353 1.08435790496878 1.19535332452506 1.14541252958588 1.5953195260372 1.19964560098015 1.48552179243416
1.04073470877483 1.16212106216699 1.16679411940277 1.70797609118745 1.46291975374334 1.37779042054899 1.01647981535643 1.03275954537094 1.63163112499751 1.02240317757241 1.24340979428962 1.88455798756331 1.26037049572915 1.69503836915828 0 1.73018386214972 1.12488663289696 1.31464223889634 1.74828038341366 1.18928590184078 1.83401606837288 1.59322070726193 1.84210981731303 1.29084961721674 1.25724778790027 1.08847133256495 1.92331997887231 1.35572759690695 1.64164671162143 1.94801006605849
1.04123889724724 1.80032337782905 1.81707714498043 1.80190438800491 1.7259893482551 1.71239468990825 1.95007596421055 1.05235707806423 1.96887225355022 1.36970111797564 1.41721194959246 1.36153332609683 1.62331471405923 1.85519735794514 1.73018386214972 0 1.19118847628124 1.35134492814541 1.33678584685549 1.49669402069412 1.28401416889392 1.76892629382201 1.08140978775918 1.87015603529289 1.6826624723617 1.7901468379423 1.43079175823368 1.47956329770386 1.92280089715496 1.7268278254196
1.15514761721715 1.69205983611755 1.84084001625888 0.990133513929322 1.42695293831639 1.83361766440794 1.28182501113042 1.69507513171993 1.28815899859183 1.25336457858793 1.78012110549025 1.75019975285977 1.24371393909678 1.75190847250633 1.12488663289696 1.19118847628124 0 1.38673197804019 1.74164351401851 1.09084626589902 0.992952689994127 1.23896770272404 1.63958586519584 1.15885097393766 1.71527787670493 1.32030498515815 1.32655544392765 1.11152864247561 1.29344648635015 1.72476234077476
1.18795671802945 1.68607500451617 1.15181589638814 1.97219178220257 1.66946760122664 1.3779847365804 1.48965405463241 1.20931133837439 1.66404844727367 1.80066810292192 1.39017029386014 1.40850864280947 1.65359745500609 1.16678612749092 1.31464223889634 1.35134492814541 1.38673197804019 0 1.43217611755244 1.70754533470608 1.52503706817515 1.9181879630778 1.12021335423924 1.7490444695577 1.22471098601818 1.87181724631228 1.85485639236867 1.50799319217913 1.71726256515831 1.73875809158199
1.1893982081674 1.96512685506605 1.79196882457472 1.55516816186719 1.385231803637 1.38357225782238 1.54143868037499 1.39297668449581 1.91553885303438 1.34773924434558 1.42082292889245 1.22571410238743 1.78381599509157 1.58459563972428 1.74828038341366 1.33678584685549 1.74164351401851 1.43217611755244 0 1.16327481181361 1.17233733576722 1.59336041938514 1.77555957413279 1.97160456539132 1.57948923087679 1.03817204455845 1.74066199990921 1.87115532439202 1.96611711499281 1.0083781958092
1.61491352389567 1.73536014510319 1.63779001077637 1.09896590933204 1.63618926820345 1.44872932881117 1.26416002190672 1.25501717464067 1.40276170452125 1.3340662738774 1.30311827245168 1.4096860261634 1.0793364844285 1.69076048978604 1.18928590184078 1.49669402069412 1.09084626589902 1.70754533470608 1.16327481181361 0 1.01911672996357 1.85349837457761 1.63151733088307 0.981725300196558 1.55345298838802 1.93270240700804 1.05485883145593 1.30714673711918 1.97126648109406 1.43379375897348
1.50116366799921 0.981434203451499 1.3894700051751 1.68737161974423 1.22393068112433 1.69492780952714 1.58233771915548 1.35202901274897 1.34119488601573 1.07850347436033 1.96852426440455 1.5355977981817 1.35385181033053 1.19564702524804 1.83401606837288 1.28401416889392 0.992952689994127 1.52503706817515 1.17233733576722 1.01911672996357 0 1.30767981149256 1.75425173109397 1.57837307197042 1.27434490970336 1.44791515916586 1.43904667161405 1.68896367866546 1.34572799759917 1.77581329713576
1.04195442469791 1.78299394459464 1.25978230452165 1.89444479881786 1.10754652787 1.11801223759539 1.01766804954968 1.4459891198203 1.65736945881508 1.75289129116572 1.56005445029587 1.57590895798057 1.67102959635668 1.29756865161471 1.59322070726193 1.76892629382201 1.23896770272404 1.9181879630778 1.59336041938514 1.85349837457761 1.30767981149256 0 1.83449993119575 1.01647516991943 1.61604135879315 1.1151523895096 1.73988982103765 1.58659113897011 1.73195560532622 1.06747147324495
1.40218157204799 1.3692928829696 1.55832037492655 1.64983475627378 1.59401687141508 1.35185015108436 1.03241442819126 1.1760808757972 1.42489580367692 1.71721161389723 1.15620991820469 1.15332205221057 1.18579783267342 1.61876369104721 1.84210981731303 1.08140978775918 1.63958586519584 1.12021335423924 1.77555957413279 1.63151733088307 1.75425173109397 1.83449993119575 0 1.11491610249504 1.96211978723295 1.83049990818836 1.68863464752212 1.33880033576861 1.74427324882708 1.04149340209551
1.47131796833128 1.92565730749629 1.66164718475193 1.57189682475291 1.86657288926654 1.26569334790111 1.12885006912984 1.35966402105987 1.15068161371164 1.77908459957689 1.86765242274851 1.50581792602316 1.1028457484208 1.16431689588353 1.29084961721674 1.87015603529289 1.15885097393766 1.7490444695577 1.97160456539132 0.981725300196558 1.57837307197042 1.01647516991943 1.11491610249504 0 1.41980154882185 1.77696641138755 1.67367010028102 1.31909619411454 0.989541180897504 1.1367870462127
1.21502313017845 1.86259138258174 1.12896820553578 1.67271540407091 1.12470065429807 1.34039290528744 1.25195997883566 1.41325678629801 1.89190694573335 0.989930120296776 1.45407779957168 1.17152146319859 1.02315399399959 1.08435790496878 1.25724778790027 1.6826624723617 1.71527787670493 1.22471098601818 1.57948923087679 1.55345298838802 1.27434490970336 1.61604135879315 1.96211978723295 1.41980154882185 0 1.79060363443568 1.41537230741233 1.50000911764801 1.14579158555716 1.79300191719085
1.26862583728507 1.58128032530658 1.46786797372624 1.62390970834531 1.21837166580372 1.62643460207619 1.07756527350284 1.09940872713923 1.34410898224451 1.19869361189194 1.81387671688572 1.45098962029442 1.03493190533482 1.19535332452506 1.08847133256495 1.7901468379423 1.32030498515815 1.87181724631228 1.03817204455845 1.93270240700804 1.44791515916586 1.1151523895096 1.83049990818836 1.77696641138755 1.79060363443568 0 1.08213154436089 1.25301382364705 1.46274076239206 1.82201991323382
1.12359678628854 1.40068248077296 1.48675660393201 1.73801902052946 1.2743430591654 1.55449170642532 1.8468360893894 1.21251834486611 1.02850174438208 1.08247059350833 1.48505947878584 1.82286054221913 1.90908087231219 1.14541252958588 1.92331997887231 1.43079175823368 1.32655544392765 1.85485639236867 1.74066199990921 1.05485883145593 1.43904667161405 1.73988982103765 1.68863464752212 1.67367010028102 1.41537230741233 1.08213154436089 0 1.16000857879408 1.43912693089806 1.64319540932775
1.42828802368604 1.2479061987251 1.80785252759233 1.24574853107333 1.90528051485308 1.1162195247598 1.78930643084459 1.86773318308406 1.29147208482027 1.34927204204723 1.87193917343393 1.60641254577786 1.31654441682622 1.5953195260372 1.35572759690695 1.47956329770386 1.11152864247561 1.50799319217913 1.87115532439202 1.30714673711918 1.68896367866546 1.58659113897011 1.33880033576861 1.31909619411454 1.50000911764801 1.25301382364705 1.16000857879408 0 1.67803260078654 1.75734026264399
1.35030077258125 1.16053183889017 1.74900720873848 1.27585644111969 1.80739346565679 1.04470240743831 1.1394860916771 1.41161651047878 1.12511084554717 1.08717631711625 1.19624245585874 1.23508360050619 1.48068409971893 1.19964560098015 1.64164671162143 1.92280089715496 1.29344648635015 1.71726256515831 1.96611711499281 1.97126648109406 1.34572799759917 1.73195560532622 1.74427324882708 0.989541180897504 1.14579158555716 1.46274076239206 1.43912693089806 1.67803260078654 0 1.19365168642253
1.67550469655544 1.53892441466451 1.73379617696628 1.3519944830332 1.14990748977289 1.92896791407838 1.89565720758401 1.38656019885093 1.51250000973232 1.9058580098208 1.45866263611242 1.03398450184613 1.40966919786297 1.48552179243416 1.94801006605849 1.7268278254196 1.72476234077476 1.73875809158199 1.0083781958092 1.43379375897348 1.77581329713576 1.06747147324495 1.04149340209551 1.1367870462127 1.79300191719085 1.82201991323382 1.64319540932775 1.75734026264399 1.19365168642253 0
