0 1.02277252799831 1.24817710230127 1.65168338431977 1.70011119125411 1.63212984474376 1.83811390330084 1.04083426017314 1.01899255323224 1.93061306281015 1.34171542874537 1.40518506313674 1.664466236718 1.14395216107368 1.51843660604209 1.22403580043465 1.21000854787417 1.78432266530581 1.18397691776045 1.87447468284518 1.07455974281766 1.03715437813662 1.3604278950952 1.47248285799287 1.01974488887936 1.88167084683664 1.31291638128459 1.46318851131946 1.42619219911285 1.00557505013421
1.02277252799831 0 1.60079774702899 1.88479970465414 1.35272669163533 1.38709408370778 1.40103981015272 1.18162080086768 1.57690331782214 0.965399815700948 1.43845107383095 1.72008433425799 1.21946177119389 1.26592110842466 1.24069929146208 1.04257035069168 1.82306512398645 1.03440299467184 1.47215859638527 1.36096396739595 1.53709181165323 1.13090528827161 1.60786735452712 1.48231964977458 1.56306401686743 1.54611687478609 1.4656892507337 1.3743005390279 1.93733622762375 1.00939958496019
1.24817710230127 1.60079774702899 0 0.999517051503062 1.21138732507825 1.51788988430053 1.71491229953244 1.21677398192696 1.55643594590947 1.11076471861452 0.984867952764034 1.11271320353262 1.36288214242086 1.51011696597561 1.07948315283284 1.80945968674496 1.85268886620179 1.83120406838134 1.57374609983526 1.89812001376413 1.27836430119351 1.09960551094264 1.03065142128617 1.12518532201648 1.67816689913161 1.14738857629709 1.90692933718674 1.08144367975183 1.90904689021409 1.2959124809131
1.65168338431977 1.88479970465414 0.999517051503062 0 1.57746404013596 1.76030532340519 1.22821055073291 1.14125093538314 1.78473115852103 1.26576570048928 1.6198549750261 1.68660538410768 1.63394110091031 1.18983850907534 1.44876554864459 1.09188476204872 1.83540720120072 1.82577917701565 1.1274760114029 1.06844877661206 1.71416046004742 1.30025011487305 1.07963314955123 1.64700177917257 1.8107162208762 1.78984236600809 1.3431431374047 1.24496685690247 1.01133570540696 1.79464291082695
1.70011119125411 1.35272669163533 1.21138732507825 1.57746404013596 0 1.30662954319268 0.980730902869254 0.952605926431715 1.19992726342753 1.66395053523593 1.49005035031587 1.46777427755296 1.0145343253389 1.09409428341314 1.6479919673875 1.67642872291617 1.73032181686722 1.72363219549879 1.40842108125798 1.10828291531652 1.28312933747657 1.26007115817629 1.08399991784245 1.40163888642564 1.77283530402929 1.52421646541916 1.89027384016663 1.49977113842033 1.77352157863788 1.66719545633532
1.63212984474376 1.38709408370778 1.51788988430053 1.76030532340519 1.30662954319268 0 1.78283354011364 1.71545619354583 1.85557964397594 1.26880920655094 1.62777859275229 1.77154584182426 1.2195835923776 1.00917475391179 1.39995288825594 1.17421526229009 1.27664638846181 1.43704330152832 1.21937959711067 0.994153493084013 1.22923356667161 1.56540699838661 1.74926236551255 1.00850940449163 1.43747930717655 1.04448364418931 1.62332942336798 1.65132570266724 1.33964620600455 1.03121188492514
1.83811390330084 1.40103981015272 1.71491229953244 1.22821055073291 0.980730902869254 1.78283354011364 0 1.46549560222775 1.69360707467422 1.03077979222871 1.57484842347912 1.15689291502349 1.60245184670202 1.18356650485657 1.94412965909578 1.70427798456512 1.4738159594126 1.88761693867855 1.72857493837364 1.70597343379632 1.14162025693804 1.84915632731281 1.34170466032811 1.66046614781953 1.63641902524978 1.09177225339226 1.70025330595672 0.972397384233773 1.87229512422346 1.55106369452551
1.04083426017314 1.18162080086768 1.21677398192696 1.14125093538314 0.952605926431715 1.71545619354583 1.46549560222775 0 1.44716825475916 1.79104152997024 1.43858186947182 1.13219181308523 0.983432298060507 1.76595450704917 1.03757342672907 1.04918056447059 1.43279976001941 1.49739495338872 1.86515571782365 1.30774530698545 1.40811349148862 1.78088700701483 1.94232117221691 1.80579851428047 1.34623244125396 0.954178192187101 1.92046090611257 1.74582586856559 1.435150149744 1.04232333390974
1.01899255323224 1.57690331782214 1.55643594590947 1.78473115852103 1.19992726342753 1.85557964397594 1.69360707467422 1.44716825475916 0 1.6350899185054 1.17697767913342 1.93266604165547 1.57370506646112 1.72114055370912 0.990262287436053 1.70745546906255 1.44113403721713 1.6027689659968 1.34311695978977 1.02672748616897 1.27985567273572 1.68685633200221 1.31842236616649 1.10355965327471 1.09046321921051 1.56572193116881 1.25440980237909 1.43677072506398 1.10451020742767 1.55759785487317
1.93061306281015 0.965399815700948 1.11076471861452 1.26576570048928 1.66395053523593 1.26880920655094 1.03077979222871 1.79104152997024 1.6350899185054 0 0.975165185052902 1.55320259532891 1.05776435928419 1.59190352470614 1.75048436177894 1.64802931225859 1.82082542194985 0.985727686202154 1.66168245230801 0.963814469752833 1.37228114833124 1.49686985672452 1.78986057220027 1.43073305371217 1.15867513231933 1.82152460003272 1.49105026037432 1.86714241537265 1.8582472698763 1.41522138449363
1.34171542874537 1.43845107383095 0.984867952764034 1.6198549750261 1.49005035031587 1.62777859275229 1.57484842347912 1.43858186947182 1.17697767913342 0.975165185052902 0 1.42407981143333 1.44870381429791 1.7817904301919 1.13031876902096 1.07197171705775 1.76515643857419 1.94291750621051 1.92792429053225 1.8216370427981 1.63789829681627 1.73100620973855 1.19567657471634 1.03295143553987 1.15388182317838 1.43620625394396 1.23675980884582 1.32814414030872 1.07686841115355 1.86945534218103
1.40518506313674 1.72008433425799 1.11271320353262 1.68660538410768 1.46777427755296 1.77154584182426 1.15689291502349 1.13219181308523 1.93266604165547 1.55320259532891 1.42407981143333 0 1.68735672184266 1.12392465141602 1.65040991571732 1.93240332975984 1.78539151977748 1.72664965782315 1.64540489180945 1.86659095901996 1.26477860705927 1.91792059550062 1.80332406493835 1.61607843986712 1.06627805624157 1.15953242545947 1.61531213368289 1.59498596913181 1.91587753756903 1.00744206085801
1.664466236718 1.21946177119389 1.36288214242086 1.63394110091031 1.0145343253389 1.2195835923776 1.60245184670202 0.983432298060507 1.57370506646112 1.05776435928419 1.44870381429791 1.68735672184266 0 1.47285268176347 1.72198281483725 0.965315259760246 1.27933489345014 1.70493568154052 1.92749915434979 1.03521461505443 1.6214850039687 1.65183511050418 1.21471154969186 1.33391409134492 1.39682525233366 0.95002160128206 1.17673056130297 1.59215421322733 0.949169569648802 1.5305335149169
1.14395216107368 1.26592110842466 1.51011696597561 1.18983850907534 1.09409428341314 1.00917475391179 1.18356650485657 1.76595450704917 1.72114055370912 1.59190352470614 1.7817904301919 1.12392465141602 1.47285268176347 0 1.64798924466595 1.39425222249702 1.43742062477395 1.04460953408852 1.90420662146062 1.1821548123844 1.43154113693163 0.965134336380288 1.91666531865485 1.8073465176858 1.2055485623423 1.18517066375352 1.89077694551088 1.07177713769488 0.971804382279515 1.36023996723816
1.51843660604209 1.24069929146208 1.07948315283284 1.44876554864459 1.6479919673875 1.39995288825594 1.94412965909578 1.03757342672907 0.990262287436053 1.75048436177894 1.13031876902096 1.65040991571732 1.72198281483725 1.64798924466595 0 1.24560107430443 1.88898088294081 1.45619879057631 1.19104654691182 1.26234718225896 1.66470387554727 1.32803594483994 1.73231558315456 0.985866338014603 1.29759717197157 1.83308686525561 1.89018025831319 1.74759812746197 1.88652499788441 1.18894933443516
1.22403580043465 1.04257035069168 1.80945968674496 1.09188476204872 1.67642872291617 1.17421526229009 1.70427798456512 1.04918056447059 1.70745546906255 1.64802931225859 1.07197171705775 1.93240332975984 0.965315259760246 1.39425222249702 1.24560107430443 0 1.0089704869315 0.957068959949538 1.00054237432778 1.03130818996578 1.40628559584729 1.06834389991127 1.38262266432866 1.54683447745629 1.7832393576391 1.57179558207281 1.91941017238423 1.61959490203299 0.967596989590675 1.90365496114828
1.21000854787417 1.82306512398645 1.85268886620179 1.83540720120072 1.73032181686722 1.27664638846181 1.4738159594126 1.43279976001941 1.44113403721713 1.82082542194985 1.76515643857419 1.78539151977748 1.27933489345014 1.43742062477395 1.88898088294081 1.0089704869315 0 1.14249537279829 1.09343508211896 1.83574853441678 1.7007883428596 1.51960829598829 1.29762627277523 1.25058886758052 1.68048320268281 1.85288089606911 1.56252027163282 1.34562604036182 1.03180453949608 1.36683412594721
1.78432266530581 1.03440299467184 1.83120406838134 1.82577917701565 1.72363219549879 1.43704330152832 1.88761693867855 1.49739495338872 1.6027689659968 0.985727686202154 1.94291750621051 1.72664965782315 1.70493568154052 1.04460953408852 1.45619879057631 0.957068959949538 1.14249537279829 0 1.22842783853412 1.48881088919006 1.77872318564914 1.81149366823956 1.24194704205729 1.30908324546181 1.35984991514124 1.43578334245831 1.54248132347129 1.28286667075008 1.3110268432647 1.29392914264463
1.18397691776045 1.47215859638527 1.57374609983526 1.1274760114029 1.40842108125798 1.21937959711067 1.72857493837364 1.86515571782365 1.34311695978977 1.66168245230801 1.92792429053225 1.64540489180945 1.92749915434979 1.90420662146062 1.19104654691182 1.00054237432778 1.09343508211896 1.22842783853412 0 1.00218435795978 1.49101747642271 1.81408513244241 1.92038395744748 1.59116286155768 1.21567632281221 1.4305101854261 1.665032382356 1.55399603699334 1.34413704765029 1.15941986441612
1.87447468284518 1.36096396739595 1.89812001376413 1.06844877661206 1.10828291531652 0.994153493084013 1.70597343379632 1.30774530698545 1.02672748616897 0.963814469752833 1.8216370427981 1.86659095901996 1.03521461505443 1.1821548123844 1.26234718225896 1.03130818996578 1.83574853441678 1.48881088919006 1.00218435795978 0 0.965544428443536 1.47895428934135 1.85641369852237 1.42846525204368 1.13257459318265 1.39847547165118 1.43798657832667 1.92545079276897 1.06482047121972 1.38776269252412
1.07455974281766 1.53709181165323 1.27836430119351 1.71416046004742 1.28312933747657 1.22923356667161 1.14162025693804 1.40811349148862 1.27985567273572 1.37228114833124 1.63789829681627 1.26477860705927 1.6214850039687 1.43154113693163 1.66470387554727 1.40628559584729 1.7007883428596 1.77872318564914 1.49101747642271 0.965544428443536 0 1.20525585208088 1.28789731534198 1.4981694126036 1.5542648145929 1.66942810895853 1.05184914777055 1.91471627424471 1.01322490582243 1.94394013285637
1.03715437813662 1.13090528827161 1.09960551094264 1.30025011487305 1.26007115817629 1.56540699838661 1.84915632731281 1.78088700701483 1.68685633200221 1.49686985672452 1.73100620973855 1.91792059550062 1.65183511050418 0.965134336380288 1.32803594483994 1.06834389991127 1.51960829598829 1.81149366823956 1.81408513244241 1.47895428934135 1.20525585208088 0 0.951530982274562 1.5989567709621 1.35264629824087 1.5285858376883 1.71791372075677 1.15606027073227 1.36022925539874 1.00817255931906
1.3604278950952 1.60786735452712 1.03065142128617 1.07963314955123 1.08399991784245 1.74926236551255 1.34170466032811 1.94232117221691 1.31842236616649 1.78986057220027 1.19567657471634 1.80332406493835 1.21471154969186 1.91666531865485 1.73231558315456 1.38262266432866 1.29762627277523 1.24194704205729 1.92038395744748 1.85641369852237 1.28789731534198 0.951530982274562 0 1.43087299214676 1.06113423057832 1.71665130043402 0.96572841797024 1.01757878134958 1.86875988543034 1.63220265577547
1.47248285799287 1.48231964977458 1.12518532201648 1.64700177917257 1.40163888642564 1.00850940449163 1.66046614781953 1.80579851428047 1.10355965327471 1.43073305371217 1.03295143553987 1.61607843986712 1.33391409134492 1.8073465176858 0.985866338014603 1.54683447745629 1.25058886758052 1.30908324546181 1.59116286155768 1.42846525204368 1.4981694126036 1.5989567709621 1.43087299214676 0 1.67593271494843 1.25017833989114 1.222364931833 1.17494738311507 1.3214193105232 1.03268184303306
1.01974488887936 1.56306401686743 1.67816689913161 1.8107162208762 1.77283530402929 1.43747930717655 1.63641902524978 1.34623244125396 1.09046321921051 1.15867513231933 1.15388182317838 1.06627805624157 1.39682525233366 1.2055485623423 1.29759717197157 1.7832393576391 1.68048320268281 1.35984991514124 1.21567632281221 1.13257459318265 1.5542648145929 1.35264629824087 1.06113423057832 1.67593271494843 0 0.960034047951922 1.56479817442596 1.21983577217907 0.985107443295419 1.90219476493075
1.88167084683664 1.54611687478609 1.14738857629709 1.78984236600809 1.52421646541916 1.04448364418931 1.09177225339226 0.954178192187101 1.56572193116881 1.82152460003272 1.43620625394396 1.15953242545947 0.95002160128206 1.18517066375352 1.83308686525561 1.57179558207281 1.85288089606911 1.43578334245831 1.4305101854261 1.39847547165118 1.66942810895853 1.5285858376883 1.71665130043402 1.25017833989114 0.960034047951922 0 1.35952451615594 1.3282691964414 1.2168254214339 1.91323668672703
1.31291638128459 1.4656892507337 1.90692933718674 1.3431431374047 1.89027384016663 1.62332942336798 1.70025330595672 1.92046090611257 1.25440980237909 1.49105026037432 1.23675980884582 1.61531213368289 1.17673056130297 1.89077694551088 1.89018025831319 1.91941017238423 1.56252027163282 1.54248132347129 1.665032382356 1.43798657832667 1.05184914777055 1.71791372075677 0.96572841797024 1.222364931833 1.56479817442596 1.35952451615594 0 1.57536622718908 1.19293307722546 1.60339862294495
1.46318851131946 1.3743005390279 1.08144367975183 1.24496685690247 1.49977113842033 1.65132570266724 0.972397384233773 1.74582586856559 1.43677072506398 1.86714241537265 1.32814414030872 1.59498596913181 1.59215421322733 1.07177713769488 1.74759812746197 1.61959490203299 1.34562604036182 1.28286667075008 1.55399603699334 1.92545079276897 1.91471627424471 1.15606027073227 1.01757878134958 1.17494738311507 1.21983577217907 1.3282691964414 1.57536622718908 0 1.42875531245954 1.2023966149427
1.42619219911285 1.93733622762375 1.90904689021409 1.01133570540696 1.77352157863788 1.33964620600455 1.87229512422346 1.435150149744 1.10451020742767 1.8582472698763 1.07686841115355 1.91587753756903 0.949169569648802 0.971804382279515 1.88652499788441 0.967596989590675 1.03180453949608 1.3110268432647 1.34413704765029 1.06482047121972 1.01322490582243 1.36022925539874 1.86875988543034 1.3214193105232 0.985107443295419 1.2168254214339 1.19293307722546 1.42875531245954 0 1.78894820413552
1.00557505013421 1.00939958496019 1.2959124809131 1.79464291082695 1.66719545633532 1.03121188492514 1.55106369452551 1.04232333390974 1.55759785487317 1.41522138449363 1.86945534218103 1.00744206085801 1.5305335149169 1.36023996723816 1.18894933443516 1.90365496114828 1.36683412594721 1.29392914264463 1.15941986441612 1.38776269252412 1.94394013285637 1.00817255931906 1.63220265577547 1.03268184303306 1.90219476493075 1.91323668672703 1.60339862294495 1.2023966149427 1.78894820413552 0
