0 1.04403757071123 1.45010616793297 1.80428890720941 1.09297095239162 0.99814343592152 1.34418419003487 1.74514518491924 1.24235377972946 0.97367600700818 1.30704908515327 1.60690943826921 1.22861303878017 1.85315454471856 1.82041532662697 1.68138596252538 1.29565551388077 1.12283178768121 1.80427445517853 1.2026359452866 1.70576170831919 1.03761069453321 1.1766952497419 1.8301083992701 0.871681054122746 1.2034269652795 1.79831508221105 1.47758371382952 1.0071379840374 1.30944057391025
1.04403757071123 0 1.07944042421877 1.46430545439944 1.55524492263794 1.32538853166625 1.74836544878781 1.34179692459293 1.58534652763046 1.46385093661956 1.22792537207715 1.14473161846399 1.24683912633918 1.68532859231345 1.74223943799734 1.14471629308537 1.24544269219041 1.57498619239777 1.44284504954703 0.913134761853144 1.19747839705087 0.973437162581831 1.78968941373751 1.10771098430268 1.5063224635087 1.20162057201378 1.37447113613598 1.7982910592109 1.05763050704263 1.0741698667407
1.45010616793297 1.07944042421877 0 1.72709143580869 1.20504079782404 1.29096267139539 1.80815456737764 1.02879987284541 1.55492820171639 1.46021388564259 1.35715194744989 1.33307502465323 1.05869887862355 1.22186636994593 1.34175018616952 1.27793555567041 1.69664353760891 1.20279197418131 0.952584617305547 1.11452658730559 1.17586228856817 1.37863624887541 1.60651842528023 1.0586100530345 1.5862497780472 1.32269926578738 1.78991644526832 1.19832846033387 1.28385118208826 1.26350864535198
1.80428890720941 1.46430545439944 1.72709143580869 0 1.36796077340841 1.63239681255072 1.02749448968098 1.59958513500169 1.62818833673373 1.46680702012964 1.33569190278649 1.79188370541669 1.14727727323771 1.23427755874582 1.24106760160066 1.7721496836748 1.58597643766552 1.42875577718951 1.84598593367264 1.6286163367331 0.98342592548579 1.10498759965412 1.50051327538677 1.12909409892745 1.72761168470606 1.74030875763856 1.09949977183715 1.07016224879771 0.898728528991342 0.880038986448199
1.09297095239162 1.55524492263794 1.20504079782404 1.36796077340841 0 1.80475779110566 0.939795281505212 1.65867524826899 1.44754313142039 1.01962609495968 1.80830331332982 1.32889756048098 1.57763712038286 0.870704800821841 1.00361346802674 1.31457358342595 1.20829949132167 1.07136408449151 1.16335943015292 0.908908611396328 0.916334700305015 0.922406786354259 1.60076428577304 1.32664417894557 1.4767760259565 1.65109914564528 1.49888508301228 1.57352585182525 1.24669487169012 1.03720812406391
0.99814343592152 1.32538853166625 1.29096267139539 1.63239681255072 1.80475779110566 0 1.52725925040431 1.58629390853457 1.76049703196622 0.991699094185606 1.32402303582057 1.25462366989814 1.42893259646371 1.45875371224247 1.69493700587191 1.43086376972497 0.974934193305671 1.84256609482691 1.09686968289316 1.34103188454174 1.13415336748585 1.37375247711316 0.90894569340162 1.284713948844 1.23332242760807 0.996393945766613 1.23472893983126 1.35738248215057 1.16045945533551 1.35574962524697
1.34418419003487 1.74836544878781 1.80815456737764 1.02749448968098 0.939795281505212 1.52725925040431 0 1.82245193212293 1.74634599825367 0.929692933568731 1.24139619548805 1.60507836076431 1.60717282583937 0.996255740057677 1.44522929866798 0.887597848661244 1.7598662332166 1.28549080714583 1.02643807930872 1.04304932407103 1.78841181145981 1.02120464318432 1.05569107457995 0.957562428666279 1.67726777121425 1.59802419762127 1.76266717165709 1.68353850557469 1.80745568685234 1.12778470409103
1.74514518491924 1.34179692459293 1.02879987284541 1.59958513500169 1.65867524826899 1.58629390853457 1.82245193212293 0 0.910629796329886 1.39779500197619 1.38916465174407 1.65574686112814 1.53265822958201 1.55763639975339 1.25486456998624 1.39146950095892 1.40974695654586 1.18428053404205 1.46319185243919 1.50179299688898 1.75391805451363 1.22895600972697 1.08088411623612 1.71115784998983 1.12030538613908 1.74192728102207 1.01666622469202 1.08817382412963 1.70181843684986 1.5644416899886
1.24235377972946 1.58534652763046 1.55492820171639 1.62818833673373 1.44754313142039 1.76049703196622 1.74634599825367 0.910629796329886 0 1.75049331272021 1.27700340375304 1.54557102452964 1.0553481199313 1.77311202976853 1.25279095792212 1.34507147222757 1.61716633173637 1.14580817427486 1.62030329485424 0.911306384485215 1.45264450646937 1.09622282907367 1.78591122105718 1.18948931642808 1.3390335040167 1.22871719487011 1.78015659051016 0.96450901334174 0.880482538836077 1.45515755610541
0.97367600700818 1.46385093661956 1.46021388564259 1.46680702012964 1.01962609495968 0.991699094185606 0.929692933568731 1.39779500197619 1.75049331272021 0 1.66458328394219 1.24333247658797 1.30394393089227 1.47065079747699 1.74455652129836 1.11485707084648 1.49915280868299 1.56731020309962 1.24367257556878 1.42670859093778 1.53769782208838 1.15345794660971 1.73985872045159 1.63802781538107 1.75295576453209 1.20624416973442 0.930136815179139 1.8573585615959 1.81822323519737 1.48169690440409
1.30704908515327 1.22792537207715 1.35715194744989 1.33569190278649 1.80830331332982 1.32402303582057 1.24139619548805 1.38916465174407 1.27700340375304 1.66458328394219 0 1.48568252497353 1.61173518467695 1.23675553640351 1.56416679662652 0.921027057571337 1.66495722369291 1.28860790142789 1.73844868293963 0.969336067326367 1.23443155433051 1.69633474037983 1.05647985637188 1.74477696791291 1.37867609155364 1.0899860500358 0.958317350596189 1.2481237356551 1.55060732527636 1.60533050633967
1.60690943826921 1.14473161846399 1.33307502465323 1.79188370541669 1.32889756048098 1.25462366989814 1.60507836076431 1.65574686112814 1.54557102452964 1.24333247658797 1.48568252497353 0 1.20268101012334 1.59171188366599 1.03994893515483 1.24369590287097 1.7722292013932 1.57470100303181 1.82905333908275 1.76746454229578 1.64222519379109 1.21089537278749 1.09722205600701 1.52153609856032 1.5456017695833 1.26722403755412 1.07799739134498 1.36508427211083 1.47069634916261 1.74854239472188
1.22861303878017 1.24683912633918 1.05869887862355 1.14727727323771 1.57763712038286 1.42893259646371 1.60717282583937 1.53265822958201 1.0553481199313 1.30394393089227 1.61173518467695 1.20268101012334 0 1.64675134490244 1.74332982976921 0.994076520204544 1.22740313946269 1.07089166366495 1.1440921027679 1.14354075631127 0.926921890117228 1.11370541458018 0.899676862871274 1.56851508049294 1.31860559037887 0.865356677677482 1.23798635043204 1.21298592258245 1.10611925483681 1.70397163904272
1.85315454471856 1.68532859231345 1.22186636994593 1.23427755874582 0.870704800821841 1.45875371224247 0.996255740057677 1.55763639975339 1.77311202976853 1.47065079747699 1.23675553640351 1.59171188366599 1.64675134490244 0 1.08839578949846 1.0623941081576 1.62994632287882 1.697225891985 1.51482478226535 1.65830630948767 1.72986722434871 1.65031429147348 1.33847076701932 1.06825778400525 1.64175821142271 1.13606699858792 1.11490735784173 1.46722072642297 0.991814322536811 1.50307032419369
1.82041532662697 1.74223943799734 1.34175018616952 1.24106760160066 1.00361346802674 1.69493700587191 1.44522929866798 1.25486456998624 1.25279095792212 1.74455652129836 1.56416679662652 1.03994893515483 1.74332982976921 1.08839578949846 0 0.976902400143445 0.979362475452945 1.78852771106176 1.04909493308514 1.55004257988185 0.935031582601368 1.77053374657407 1.21580361318775 1.83966819918714 1.81116795330308 1.35762895690277 1.03683252772316 1.57172194658779 1.12328161927871 1.2888466056902
1.68138596252538 1.14471629308537 1.27793555567041 1.7721496836748 1.31457358342595 1.43086376972497 0.887597848661244 1.39146950095892 1.34507147222757 1.11485707084648 0.921027057571337 1.24369590287097 0.994076520204544 1.0623941081576 0.976902400143445 0 1.70272358180955 0.966509342193604 1.35792716126889 1.01485436945222 1.48455330333672 1.07234727591276 1.40205577737652 1.63428727979772 1.62412209901959 1.66713275341317 1.82186966273002 0.999195773387328 1.71864050370641 1.0933025025297
1.29565551388077 1.24544269219041 1.69664353760891 1.58597643766552 1.20829949132167 0.974934193305671 1.7598662332166 1.40974695654586 1.61716633173637 1.49915280868299 1.66495722369291 1.7722292013932 1.22740313946269 1.62994632287882 0.979362475452945 1.70272358180955 0 0.944918354740366 1.53551980364136 0.956685476703569 1.61567236040719 1.58870797883719 1.39716537808999 1.36109520262107 1.03547754860483 1.78841060423292 1.43446331913583 1.64828629884869 1.37189807742834 1.46837926469743
1.12283178768121 1.57498619239777 1.20279197418131 1.42875577718951 1.07136408449151 1.84256609482691 1.28549080714583 1.18428053404205 1.14580817427486 1.56731020309962 1.28860790142789 1.57470100303181 1.07089166366495 1.697225891985 1.78852771106176 0.966509342193604 0.944918354740366 0 1.44552189088427 1.86106070596725 1.78525791550055 0.928595157340169 1.04033239395358 1.37230986193754 1.15862401761115 1.82569350488484 1.8530912946444 1.29752180166543 1.23025466129184 1.12214012630284
1.80427445517853 1.44284504954703 0.952584617305547 1.84598593367264 1.16335943015292 1.09686968289316 1.02643807930872 1.46319185243919 1.62030329485424 1.24367257556878 1.73844868293963 1.82905333908275 1.1440921027679 1.51482478226535 1.04909493308514 1.35792716126889 1.53551980364136 1.44552189088427 0 0.882035800721496 1.08349617244676 1.57934463350102 1.2514645960182 1.32149167126045 1.16448249132372 0.914816402364522 0.918152006808668 1.01710848300718 1.75918444455601 1.7725302670151
1.2026359452866 0.913134761853144 1.11452658730559 1.6286163367331 0.908908611396328 1.34103188454174 1.04304932407103 1.50179299688898 0.911306384485215 1.42670859093778 0.969336067326367 1.76746454229578 1.14354075631127 1.65830630948767 1.55004257988185 1.01485436945222 0.956685476703569 1.86106070596725 0.882035800721496 0 1.70854947087355 1.55116459121928 1.30033236765303 1.33502958226018 1.52686480805278 1.06352563714609 1.53007802390493 0.983684717677534 1.64586994424462 1.60400661895983
1.70576170831919 1.19747839705087 1.17586228856817 0.98342592548579 0.916334700305015 1.13415336748585 1.78841181145981 1.75391805451363 1.45264450646937 1.53769782208838 1.23443155433051 1.64222519379109 0.926921890117228 1.72986722434871 0.935031582601368 1.48455330333672 1.61567236040719 1.78525791550055 1.08349617244676 1.70854947087355 0 1.36451371852309 1.49224097607657 1.50906568742357 1.75455732364208 1.73716077092104 1.20076052821241 1.0876667376142 1.69285275228322 1.11630828282796
1.03761069453321 0.973437162581831 1.37863624887541 1.10498759965412 0.922406786354259 1.37375247711316 1.02120464318432 1.22895600972697 1.09622282907367 1.15345794660971 1.69633474037983 1.21089537278749 1.11370541458018 1.65031429147348 1.77053374657407 1.07234727591276 1.58870797883719 0.928595157340169 1.57934463350102 1.55116459121928 1.36451371852309 0 1.66807059757411 0.898781197611243 0.895972630707547 0.89709834754467 1.11835042736493 1.61123435921036 1.16878550848924 1.43215340818278
1.1766952497419 1.78968941373751 1.60651842528023 1.50051327538677 1.60076428577304 0.90894569340162 1.05569107457995 1.08088411623612 1.78591122105718 1.73985872045159 1.05647985637188 1.09722205600701 0.899676862871274 1.33847076701932 1.21580361318775 1.40205577737652 1.39716537808999 1.04033239395358 1.2514645960182 1.30033236765303 1.49224097607657 1.66807059757411 0 1.05314915673807 1.6965842647478 1.73646607832052 1.56505086971447 1.5888235270977 1.74720791867003 1.77690812875517
1.8301083992701 1.10771098430268 1.0586100530345 1.12909409892745 1.32664417894557 1.284713948844 0.957562428666279 1.71115784998983 1.18948931642808 1.63802781538107 1.74477696791291 1.52153609856032 1.56851508049294 1.06825778400525 1.83966819918714 1.63428727979772 1.36109520262107 1.37230986193754 1.32149167126045 1.33502958226018 1.50906568742357 0.898781197611243 1.05314915673807 0 1.30442888941616 1.47132705617696 1.36880287760869 1.7739263526164 0.948338586371392 1.22223984636366
0.871681054122746 1.5063224635087 1.5862497780472 1.72761168470606 1.4767760259565 1.23332242760807 1.67726777121425 1.12030538613908 1.3390335040167 1.75295576453209 1.37867609155364 1.5456017695833 1.31860559037887 1.64175821142271 1.81116795330308 1.62412209901959 1.03547754860483 1.15862401761115 1.16448249132372 1.52686480805278 1.75455732364208 0.895972630707547 1.6965842647478 1.30442888941616 0 1.1373003795743 1.21111044636928 1.19509565271437 1.17621095268987 1.53153870627284
1.2034269652795 1.20162057201378 1.32269926578738 1.74030875763856 1.65109914564528 0.996393945766613 1.59802419762127 1.74192728102207 1.22871719487011 1.20624416973442 1.0899860500358 1.26722403755412 0.865356677677482 1.13606699858792 1.35762895690277 1.66713275341317 1.78841060423292 1.82569350488484 0.914816402364522 1.06352563714609 1.73716077092104 0.89709834754467 1.73646607832052 1.47132705617696 1.1373003795743 0 1.57264425535686 1.68620965350419 1.54570468864404 1.18566368566826
1.79831508221105 1.37447113613598 1.78991644526832 1.09949977183715 1.49888508301228 1.23472893983126 1.76266717165709 1.01666622469202 1.78015659051016 0.930136815179139 0.958317350596189 1.07799739134498 1.23798635043204 1.11490735784173 1.03683252772316 1.82186966273002 1.43446331913583 1.8530912946444 0.918152006808668 1.53007802390493 1.20076052821241 1.11835042736493 1.56505086971447 1.36880287760869 1.21111044636928 1.57264425535686 0 1.43320484273136 0.922995343804359 1.09147023549303
1.47758371382952 1.7982910592109 1.19832846033387 1.07016224879771 1.57352585182525 1.35738248215057 1.68353850557469 1.08817382412963 0.96450901334174 1.8573585615959 1.2481237356551 1.36508427211083 1.21298592258245 1.46722072642297 1.57172194658779 0.999195773387328 1.64828629884869 1.29752180166543 1.01710848300718 0.983684717677534 1.0876667376142 1.61123435921036 1.5888235270977 1.7739263526164 1.19509565271437 1.68620965350419 1.43320484273136 0 1.58747473731637 1.26301986817271
1.0071379840374 1.05763050704263 1.28385118208826 0.898728528991342 1.24669487169012 1.16045945533551 1.80745568685234 1.70181843684986 0.880482538836077 1.81822323519737 1.55060732527636 1.47069634916261 1.10611925483681 0.991814322536811 1.12328161927871 1.71864050370641 1.37189807742834 1.23025466129184 1.75918444455601 1.64586994424462 1.69285275228322 1.16878550848924 1.74720791867003 0.948338586371392 1.17621095268987 1.54570468864404 0.922995343804359 1.58747473731637 0 1.46284644538537
1.30944057391025 1.0741698667407 1.26350864535198 0.880038986448199 1.03720812406391 1.35574962524697 1.12778470409103 1.5644416899886 1.45515755610541 1.48169690440409 1.60533050633967 1.74854239472188 1.70397163904272 1.50307032419369 1.2888466056902 1.0933025025297 1.46837926469743 1.12214012630284 1.7725302670151 1.60400661895983 1.11630828282796 1.43215340818278 1.77690812875517 1.22223984636366 1.53153870627284 1.18566368566826 1.09147023549303 1.26301986817271 1.46284644538537 0
