0 1.86858117207885 1.60433470411226 1.65895050554536 1.56257667136379 1.87663387670182 1.90982147096656 1.79989161598496 1.65534746251069 1.57058588857763 1.61651468137279 1.42257048515603 1.54994795052335 1.37326787621714 1.4627251913771 1.1520127595868 1.24500919808634 1.58068025764078 1.73147534159943 1.05592810967937 1.222597025102 1.63087657769211 1.08062264323235 1.63069170387462 1.38868427928537 1.5298228780739 1.61332975886762 1.59438051586039 1.11598078394309 1.92736035422422
1.86858117207885 0 1.74289789283648 1.17772190738469 1.27146261208691 1.33592294901609 1.28089968953282 1.75454761250876 1.956668645842 1.82523484830745 1.81567817972973 1.54095975100063 1.09197517228313 1.18381400383078 1.54702628985979 1.04217306221835 1.248999286443 1.22189525701106 0.988044230500236 1.4959348491393 1.03846223349683 1.22334858588874 1.16643210477196 1.18591390619986 1.73971230676398 1.36053046584129 1.5139549144078 1.61495592421852 1.60511553869583 1.79349203803577
1.60433470411226 1.74289789283648 0 1.07409303355962 1.50000664638355 1.32847620965913 1.89256286481395 0.987082634819672 1.13998065888882 1.32820150931366 1.53366947243921 1.07879750104621 1.56687465519644 1.53337829140946 1.51121937995777 1.43090862850659 1.75709151197225 1.00014199479483 1.72071195556782 1.46861169720069 1.19368380424567 1.33941242005676 1.88330539921299 1.42315249424428 1.15101208933629 1.7313704865519 1.72073307214305 1.17139742383733 1.01361792488024 1.86068903678097
1.65895050554536 1.17772190738469 1.07409303355962 0 1.88620689860545 1.47272426029667 1.65030519594438 1.74167557037435 1.58089871681295 1.21221791254357 0.9820279807318 1.74543112656102 1.66856333613396 1.67080706590787 1.76459402451292 1.20089446869679 1.53460671799257 1.45839136885479 1.27577739697881 1.14551726495847 1.62033788347617 1.42603364796378 1.55821792245843 1.93300869688392 1.02613411587663 1.64409256889485 1.18452210118994 1.72941820183769 1.74919922230765 1.30055277771316
1.56257667136379 1.27146261208691 1.50000664638355 1.88620689860545 0 1.44821678288281 1.33024756796658 1.34623367269523 1.95142743992619 1.63635600521229 1.63287371350452 1.17734968964942 1.31556021631695 1.5790564280469 1.75179363042116 1.79485590662807 1.54126276541501 1.91153971781023 1.63360870326869 1.73292756197043 1.48341359011829 1.62105620186776 1.1374652357772 1.04143997211941 1.89467242802493 1.90743527724408 1.08463433920406 1.79717343440279 1.20560725801624 1.02284399652854
1.87663387670182 1.33592294901609 1.32847620965913 1.47272426029667 1.44821678288281 0 1.61224933434278 1.00507210707292 1.42458055820316 1.37754919449799 1.25701599498279 1.21517283725552 1.36340263136663 1.00736606889404 1.77585084643215 1.03649857337587 1.24475133302622 1.93432335229591 1.008021235466 1.25880808616057 1.47746889083646 1.59303625742905 1.86707803374156 1.21635548141785 1.61701082065701 1.3487256669905 1.66830578329973 1.5749559015967 1.18289756518789 1.73593501118012
1.90982147096656 1.28089968953282 1.89256286481395 1.65030519594438 1.33024756796658 1.61224933434278 0 1.53101175581105 1.01861771615222 1.81398114841431 1.24946608603932 1.66904622572474 1.33088394114748 1.76243025623262 1.39767383527942 1.89826098363847 1.14624539553188 1.12468127626926 1.33122705365531 1.75342077179812 1.03175502293743 1.80139562650584 1.40376375615597 1.59318359824829 1.92849024082534 1.85619451594539 1.78310824534856 1.73886427539401 1.43756162119098 1.66496902471408
1.79989161598496 1.75454761250876 0.987082634819672 1.74167557037435 1.34623367269523 1.00507210707292 1.53101175581105 0 1.59489773772657 1.32409918215126 1.11469141137786 1.94013500632718 1.11312047648244 0.98284102557227 1.17704033944756 1.75394736905582 1.57141854660586 1.02232401561923 1.70840822835453 1.56381837814115 1.54848146042787 1.32190376939252 1.49426110717468 1.34860397153534 1.05964876082726 1.96802029153332 1.32053882605396 1.0017106810119 1.73121055075899 1.05089304014109
1.65534746251069 1.956668645842 1.13998065888882 1.58089871681295 1.95142743992619 1.42458055820316 1.01861771615222 1.59489773772657 0 1.78569051856175 1.96286316169426 1.01467859256081 1.7807706897147 1.2677876225207 1.8996082728263 1.80871176952496 1.47242066194303 1.76766852010041 1.39241217379458 1.01386448903941 1.13447857531719 1.42671028268524 1.48933330876753 1.82064302521758 1.78212857688777 1.96582459821366 1.05039883893915 1.53614428685978 1.782936881762 1.09775003697723
1.57058588857763 1.82523484830745 1.32820150931366 1.21221791254357 1.63635600521229 1.37754919449799 1.81398114841431 1.32409918215126 1.78569051856175 0 1.463194437325 1.70641423179768 1.50427581812255 1.82021855493076 1.26676646666601 1.86439155647531 1.10474213189445 1.23990061483346 1.43833987182006 1.62971627782099 1.8828191566281 1.80782751110382 1.55536881508306 1.52097299997695 1.53960694279522 1.56753761344589 1.81800917442888 1.96250453265384 1.81424614158459 1.24225161550567
1.61651468137279 1.81567817972973 1.53366947243921 0.9820279807318 1.63287371350452 1.25701599498279 1.24946608603932 1.11469141137786 1.96286316169426 1.463194437325 0 1.33414591802284 1.83717043045908 1.34103565569967 1.11427016952075 1.59843748970889 1.24475761712529 1.28830439504236 1.95155961974524 1.37255124817602 1.32813124684617 1.73997703311034 0.984128580195829 1.15758205810562 1.00794899323955 1.7754414761439 1.66656809579581 1.68241880252026 1.19530483847484 0.983984908321872
1.42257048515603 1.54095975100063 1.07879750104621 1.74543112656102 1.17734968964942 1.21517283725552 1.66904622572474 1.94013500632718 1.01467859256081 1.70641423179768 1.33414591802284 0 1.87266635615379 1.47919011372142 1.22659819759429 1.26368645066395 1.38664581417106 1.28448272449896 1.86444582650438 1.27604666189291 1.29975409177132 1.40503145591356 1.77526323846541 1.35004921583459 1.95887379162014 1.62547696614638 1.25223449105397 1.40252424706705 1.33243466797285 0.985655487515032
1.54994795052335 1.09197517228313 1.56687465519644 1.66856333613396 1.31556021631695 1.36340263136663 1.33088394114748 1.11312047648244 1.7807706897147 1.50427581812255 1.83717043045908 1.87266635615379 0 1.50849216617644 1.26078279875219 1.8020593628753 1.60609299875796 1.42670833156444 1.93616134184413 1.24392003845423 1.07174092554487 1.11815976025537 1.29542611702345 1.51169384387322 1.12989938165992 1.38310460490175 1.93808708363213 1.83565084310248 1.81597510143183 1.63142189919017
1.37326787621714 1.18381400383078 1.53337829140946 1.67080706590787 1.5790564280469 1.00736606889404 1.76243025623262 0.98284102557227 1.2677876225207 1.82021855493076 1.34103565569967 1.47919011372142 1.50849216617644 0 1.04663440515287 1.18703270144761 1.70590164908208 1.16876267106272 1.56707424810156 1.45887512224726 1.30804864433594 1.51940032746643 1.57729995879345 1.73621188942343 1.87354887952097 1.59318576590158 1.15393829392269 0.992860289523378 1.61820366722532 1.66991283372045
1.4627251913771 1.54702628985979 1.51121937995777 1.76459402451292 1.75179363042116 1.77585084643215 1.39767383527942 1.17704033944756 1.8996082728263 1.26676646666601 1.11427016952075 1.22659819759429 1.26078279875219 1.04663440515287 0 1.64383337134495 1.14805122907273 1.49593630060554 1.92684205062687 1.00695750094019 1.94659461220726 1.14935148507357 1.28607684746385 1.01237277965993 1.59590267948806 1.53631886770017 1.76629521977156 1.8520392512437 0.997503381920978 1.38813441875391
1.1520127595868 1.04217306221835 1.43090862850659 1.20089446869679 1.79485590662807 1.03649857337587 1.89826098363847 1.75394736905582 1.80871176952496 1.86439155647531 1.59843748970889 1.26368645066395 1.8020593628753 1.18703270144761 1.64383337134495 0 1.07179619767703 1.81647929386236 1.18002633773722 1.14384309318848 1.72754920157604 1.26630187104456 1.68004286661744 1.74481151602231 1.53796494030394 1.30749660986476 1.45696799946018 1.61170858168043 1.44364902493544 1.65167905041017
1.24500919808634 1.248999286443 1.75709151197225 1.53460671799257 1.54126276541501 1.24475133302622 1.14624539553188 1.57141854660586 1.47242066194303 1.10474213189445 1.24475761712529 1.38664581417106 1.60609299875796 1.70590164908208 1.14805122907273 1.07179619767703 0 1.17507610400207 1.51328395004384 1.63246767478995 1.66714975982904 1.83106016926467 1.15079469000921 1.27159409923479 1.61947336886078 1.40182976960205 1.28271554666571 1.84622391569428 1.80660953535698 1.18419129261747
1.58068025764078 1.22189525701106 1.00014199479483 1.45839136885479 1.91153971781023 1.93432335229591 1.12468127626926 1.02232401561923 1.76766852010041 1.23990061483346 1.28830439504236 1.28448272449896 1.42670833156444 1.16876267106272 1.49593630060554 1.81647929386236 1.17507610400207 0 1.25310898106545 1.05175550235435 1.75346783176064 1.32434148294851 1.08920275582932 1.94082358758897 1.49963924917392 1.90631207078695 1.32451436622068 1.58921449864283 1.36269803368486 1.30003428715281
1.73147534159943 0.988044230500236 1.72071195556782 1.27577739697881 1.63360870326869 1.008021235466 1.33122705365531 1.70840822835453 1.39241217379458 1.43833987182006 1.95155961974524 1.86444582650438 1.93616134184413 1.56707424810156 1.92684205062687 1.18002633773722 1.51328395004384 1.25310898106545 0 1.59615540294908 1.14328674646094 1.1799834065605 1.77776112337597 1.08426263392903 1.06263686297461 1.27605110220611 1.06535903317854 1.70081880642101 1.64596896176226 1.35519157559611
1.05592810967937 1.4959348491393 1.46861169720069 1.14551726495847 1.73292756197043 1.25880808616057 1.75342077179812 1.56381837814115 1.01386448903941 1.62971627782099 1.37255124817602 1.27604666189291 1.24392003845423 1.45887512224726 1.00695750094019 1.14384309318848 1.63246767478995 1.05175550235435 1.59615540294908 0 1.94234247901477 1.19849417149089 1.2943670602981 1.35849184938706 1.75128543749452 1.30985073861666 1.66241303179413 1.92726536281407 1.51022157352418 1.50891661155038
1.222597025102 1.03846223349683 1.19368380424567 1.62033788347617 1.48341359011829 1.47746889083646 1.03175502293743 1.54848146042787 1.13447857531719 1.8828191566281 1.32813124684617 1.29975409177132 1.07174092554487 1.30804864433594 1.94659461220726 1.72754920157604 1.66714975982904 1.75346783176064 1.14328674646094 1.94234247901477 0 1.32405850081705 1.90400398150086 1.75827367370948 1.61605944763869 1.66613508807495 1.55177058978006 1.68944598850794 1.62349114008248 1.24531751521863
1.63087657769211 1.22334858588874 1.33941242005676 1.42603364796378 1.62105620186776 1.59303625742905 1.80139562650584 1.32190376939252 1.42671028268524 1.80782751110382 1.73997703311034 1.40503145591356 1.11815976025537 1.51940032746643 1.14935148507357 1.26630187104456 1.83106016926467 1.32434148294851 1.1799834065605 1.19849417149089 1.32405850081705 0 1.15910980966873 1.65872623957694 1.61424425896257 1.94222906907089 0.985237227519974 1.28347959811799 1.79995877435431 1.47494318592362
1.08062264323235 1.16643210477196 1.88330539921299 1.55821792245843 1.1374652357772 1.86707803374156 1.40376375615597 1.49426110717468 1.48933330876753 1.55536881508306 0.984128580195829 1.77526323846541 1.29542611702345 1.57729995879345 1.28607684746385 1.68004286661744 1.15079469000921 1.08920275582932 1.77776112337597 1.2943670602981 1.90400398150086 1.15910980966873 0 1.00438491511159 1.38119365717284 1.7971923192963 1.18430308811367 1.34130472876132 1.80613197456114 1.9681134885177
1.63069170387462 1.18591390619986 1.42315249424428 1.93300869688392 1.04143997211941 1.21635548141785 1.59318359824829 1.34860397153534 1.82064302521758 1.52097299997695 1.15758205810562 1.35004921583459 1.51169384387322 1.73621188942343 1.01237277965993 1.74481151602231 1.27159409923479 1.94082358758897 1.08426263392903 1.35849184938706 1.75827367370948 1.65872623957694 1.00438491511159 0 1.13157008169219 1.47251702845097 1.52118408423848 1.48089513368905 1.09013832872733 1.32027791370638
1.38868427928537 1.73971230676398 1.15101208933629 1.02613411587663 1.89467242802493 1.61701082065701 1.92849024082534 1.05964876082726 1.78212857688777 1.53960694279522 1.00794899323955 1.95887379162014 1.12989938165992 1.87354887952097 1.59590267948806 1.53796494030394 1.61947336886078 1.49963924917392 1.06263686297461 1.75128543749452 1.61605944763869 1.61424425896257 1.38119365717284 1.13157008169219 0 1.66882825014181 1.78979695448652 1.23996762000024 1.91805597837083 1.22308867704123
1.5298228780739 1.36053046584129 1.7313704865519 1.64409256889485 1.90743527724408 1.3487256669905 1.85619451594539 1.96802029153332 1.96582459821366 1.56753761344589 1.7754414761439 1.62547696614638 1.38310460490175 1.59318576590158 1.53631886770017 1.30749660986476 1.40182976960205 1.90631207078695 1.27605110220611 1.30985073861666 1.66613508807495 1.94222906907089 1.7971923192963 1.47251702845097 1.66882825014181 0 1.09579711616971 1.11046147346497 1.84910592250526 1.45614407933317
1.61332975886762 1.5139549144078 1.72073307214305 1.18452210118994 1.08463433920406 1.66830578329973 1.78310824534856 1.32053882605396 1.05039883893915 1.81800917442888 1.66656809579581 1.25223449105397 1.93808708363213 1.15393829392269 1.76629521977156 1.45696799946018 1.28271554666571 1.32451436622068 1.06535903317854 1.66241303179413 1.55177058978006 0.985237227519974 1.18430308811367 1.52118408423848 1.78979695448652 1.09579711616971 0 1.3612068304792 1.34567837836221 1.80572200752795
1.59438051586039 1.61495592421852 1.17139742383733 1.72941820183769 1.79717343440279 1.5749559015967 1.73886427539401 1.0017106810119 1.53614428685978 1.96250453265384 1.68241880252026 1.40252424706705 1.83565084310248 0.992860289523378 1.8520392512437 1.61170858168043 1.84622391569428 1.58921449864283 1.70081880642101 1.92726536281407 1.68944598850794 1.28347959811799 1.34130472876132 1.48089513368905 1.23996762000024 1.11046147346497 1.3612068304792 0 1.72668528812937 1.2227427829057
1.11598078394309 1.60511553869583 1.01361792488024 1.74919922230765 1.20560725801624 1.18289756518789 1.43756162119098 1.73121055075899 1.782936881762 1.81424614158459 1.19530483847484 1.33243466797285 1.81597510143183 1.61820366722532 0.997503381920978 1.44364902493544 1.80660953535698 1.36269803368486 1.64596896176226 1.51022157352418 1.62349114008248 1.79995877435431 1.80613197456114 1.09013832872733 1.91805597837083 1.84910592250526 1.34567837836221 1.72668528812937 0 1.26156822103076
1.92736035422422 1.79349203803577 1.86068903678097 1.30055277771316 1.02284399652854 1.73593501118012 1.66496902471408 1.05089304014109 1.09775003697723 1.24225161550567 0.983984908321872 0.985655487515032 1.63142189919017 1.66991283372045 1.38813441875391 1.65167905041017 1.18419129261747 1.30003428715281 1.35519157559611 1.50891661155038 1.24531751521863 1.47494318592362 1.9681134885177 1.32027791370638 1.22308867704123 1.45614407933317 1.80572200752795 1.2227427829057 1.26156822103076 0
