0 1.50541778071783 1.12587881600484 1.51143029285595 1.00611091055907 0.984890790190548 1.10892471205443 1.03486474184319 1.65467967628501 1.17784262727946 1.80691156093962 1.47228536102921 1.04849208099768 1.63925661076792 0.996453869855031 1.64897286705673 1.51538954442367 1.1066351395566 1.32938295998611 1.57988890027627 1.11974859121256 1.67512668855488 1.29736757767387 0.88654443458654 1.63474316289648 1.6471364076715 1.71563385496847 1.62471651472151 1.44441259466112 0.937698061112314
1.50541778071783 0 1.8609207328409 1.65517969173379 0.905080618569627 1.73771757702343 1.29608335276134 1.08077083155513 1.15470256889239 1.5829868093133 1.48051902046427 1.30397122516297 1.84341757977381 1.49917404656298 1.70607951655984 1.76169258193113 1.39920128788799 1.07030353182927 1.72773313079961 1.78829381032847 1.18901667487808 1.36998219718225 1.76745856716298 0.952141318237409 1.04655272210948 0.986020602053031 1.49301853263751 1.02367030642927 1.21380482474342 1.70580098568462
1.12587881600484 1.8609207328409 0 1.69971446460113 1.00546596641652 1.27099714567885 1.67887531756423 1.04581677308306 1.22123428620398 0.902737336233258 1.70487541169859 1.03221669071354 1.76866414654069 1.88095813663676 1.4253870586399 1.03008762421086 1.53318245429546 1.46834339434281 1.52366990037262 1.2604298570659 1.82747342181392 1.24033797020093 1.00485124788247 1.23725007404573 1.37322745565325 1.18972045462579 1.4899078309536 1.86923806858249 1.23266463074833 1.57176836580038
1.51143029285595 1.65517969173379 1.69971446460113 0 1.24247052357532 0.899757262784988 1.41009397851303 1.51274944120087 0.904137979494408 1.37582407309674 1.83209471334703 1.11549925850704 0.991273249965161 1.84553518821485 1.45562449400313 1.49298612610437 1.86425527045503 1.7066815122962 1.04936967534013 1.51541107916273 1.12938532186672 1.34390185354277 1.42850333335809 0.985593258868903 1.21411646320485 1.75924761593342 1.18344699498266 1.68974956404418 1.11968750180677 1.82685945858248
1.00611091055907 0.905080618569627 1.00546596641652 1.24247052357532 0 1.84813639591448 1.22586254705675 1.73581187753007 0.99888819642365 0.954989897320047 1.87382128392346 1.40192782110535 1.39046722860076 0.965367096941918 1.86127813113853 1.6451084157452 1.8104806621559 1.27813796745613 1.35304864612408 1.01054923748598 1.57786811306141 1.15363687975332 1.72376494016498 1.29631532123312 1.67661697999574 1.86730383941904 1.80059336707927 1.56752576888539 1.68699591932818 1.77488858508877
0.984890790190548 1.73771757702343 1.27099714567885 0.899757262784988 1.84813639591448 0 1.64579572202638 1.28089373768307 1.5885555492714 1.44445958430879 0.96368764503859 1.56948459800333 1.3180399031844 1.04740385315381 1.67955244681798 0.902154240291566 1.85622086166404 1.23136253282428 1.03721729735844 1.30420972267166 1.23736120737158 1.19752032635733 1.44634957797825 1.81058099656366 1.28383878711611 1.35563650215045 1.40651490516029 0.972980809863657 1.73501543514431 1.61506270733662
1.10892471205443 1.29608335276134 1.67887531756423 1.41009397851303 1.22586254705675 1.64579572202638 0 1.65950072347187 1.52756621316075 1.53125109383836 1.70232269633561 0.929367604665458 1.16002840455621 1.65496593015268 1.52251793583855 1.41323521593586 1.68222622782923 1.20184664078988 1.26984395529144 1.64801106927916 1.43059724802151 1.83882375224493 1.43609888968058 1.87990219891071 1.32663775840774 1.52290861611255 1.17095373175107 1.51387060270645 1.09233857505023 0.894694407004863
1.03486474184319 1.08077083155513 1.04581677308306 1.51274944120087 1.73581187753007 1.28089373768307 1.65950072347187 0 1.76630179816857 1.41136836982332 0.950347118778154 1.19827492325567 1.55847517726943 1.24065928021446 0.959189721383154 1.08779273787513 1.67839924083091 1.71797558176331 0.985130689106882 1.43210796196945 1.48212982458062 1.74169870745391 1.68512987229042 1.5896384655498 1.23046704521403 1.19215904036537 1.71108732349239 1.36210297723301 1.76892041554675 1.04467424214818
1.65467967628501 1.15470256889239 1.22123428620398 0.904137979494408 0.99888819642365 1.5885555492714 1.52756621316075 1.76630179816857 0 0.907929410692304 1.38392817834392 1.24704310949892 1.55028390022926 1.00850949320011 1.39098902489059 1.79010507510975 1.56285094702616 1.15778655000031 1.34181302785873 1.58865869953297 1.4794566007331 1.38146025873721 1.46932588494383 1.00282630883157 1.46746269753203 1.72035056189634 1.59488980774768 1.69363953522407 1.42235110630281 1.69928579893894
1.17784262727946 1.5829868093133 0.902737336233258 1.37582407309674 0.954989897320047 1.44445958430879 1.53125109383836 1.41136836982332 0.907929410692304 0 0.918831386603415 1.18578330706805 1.7593059358187 1.11692270915955 1.79919588449411 1.08179898234084 1.83555193687789 1.42931630136445 1.67452760925516 0.900761815486476 1.81269783340394 1.0461125173606 0.986798220081255 1.74334588716738 1.29111571307294 1.53307408676483 1.10223472048528 1.157408636529 1.59630426159129 1.76776563609019
1.80691156093962 1.48051902046427 1.70487541169859 1.83209471334703 1.87382128392346 0.96368764503859 1.70232269633561 0.950347118778154 1.38392817834392 0.918831386603415 0 1.61995204794221 0.979771059006453 0.998941545607522 1.73647351213731 1.03193142591044 1.12489661993459 1.48867965349928 1.04809675738215 1.43133383546956 1.55411368957721 0.918255225755274 1.2913647282403 1.19510517269373 1.12201071879826 1.76525089307688 1.16780404746532 1.00057270750403 1.05035278387368 1.0003848883789
1.47228536102921 1.30397122516297 1.03221669071354 1.11549925850704 1.40192782110535 1.56948459800333 0.929367604665458 1.19827492325567 1.24704310949892 1.18578330706805 1.61995204794221 0 1.77879028720781 1.81871793069877 1.51572210737504 1.38870848203078 1.40424808044918 1.82885750080459 0.920488266507164 1.54506510612555 1.62495109485462 1.22216724255122 1.02315220818855 1.20445596030913 1.16077550267801 1.86460306146182 1.12762170447968 1.2808668888174 1.79704129486345 1.04415566031821
1.04849208099768 1.84341757977381 1.76866414654069 0.991273249965161 1.39046722860076 1.3180399031844 1.16002840455621 1.55847517726943 1.55028390022926 1.7593059358187 0.979771059006453 1.77879028720781 0 0.898282277164981 1.57821446494199 1.8062127653975 1.04394942475483 1.83165493584238 1.22703105350956 1.6152631691657 1.53969520446844 1.61929133045487 1.30756073398516 1.0618839696981 1.26605253573507 1.29431700822897 1.64459305698983 1.03229771135375 1.62552131339908 0.943427649093792
1.63925661076792 1.49917404656298 1.88095813663676 1.84553518821485 0.965367096941918 1.04740385315381 1.65496593015268 1.24065928021446 1.00850949320011 1.11692270915955 0.998941545607522 1.81871793069877 0.898282277164981 0 1.52038452145644 1.86099134432152 1.48491267021745 1.62901898473501 1.71751842903905 1.74987591220997 1.76473593711853 1.29126845649444 1.27975982287899 1.70682559302077 1.71275725448504 1.43296479992568 1.52400929830037 1.63404218154028 1.37548021576367 1.34993738448247
0.996453869855031 1.70607951655984 1.4253870586399 1.45562449400313 1.86127813113853 1.67955244681798 1.52251793583855 0.959189721383154 1.39098902489059 1.79919588449411 1.73647351213731 1.51572210737504 1.57821446494199 1.52038452145644 0 1.01952982926741 1.60831141215749 1.1532731379848 1.11312547209673 1.23354712291621 1.1766577467788 1.29548857943155 1.20676797186024 1.01152937463485 1.34171577263623 1.04066612804309 1.33204765012488 0.999397688778117 1.16921674087644 1.02922583674081
1.64897286705673 1.76169258193113 1.03008762421086 1.49298612610437 1.6451084157452 0.902154240291566 1.41323521593586 1.08779273787513 1.79010507510975 1.08179898234084 1.03193142591044 1.38870848203078 1.8062127653975 1.86099134432152 1.01952982926741 0 1.50510284514166 1.73351751710288 1.21293708635494 0.937979138921946 1.29900069325231 1.32824968057685 1.36058233003132 1.4739406122826 1.57513907155953 1.00822116923518 1.0706214515958 0.992131390376016 1.76839165575802 1.30824196129106
1.51538954442367 1.39920128788799 1.53318245429546 1.86425527045503 1.8104806621559 1.85622086166404 1.68222622782923 1.67839924083091 1.56285094702616 1.83555193687789 1.12489661993459 1.40424808044918 1.04394942475483 1.48491267021745 1.60831141215749 1.50510284514166 0 0.962293969700113 1.16925976704806 1.16287245438434 1.34561793226749 1.4445868502371 1.16305832215585 1.29231949266978 1.81609563482925 1.22990317782387 1.66052259481512 1.45745338010602 1.82363052666187 0.926334514282644
1.1066351395566 1.07030353182927 1.46834339434281 1.7066815122962 1.27813796745613 1.23136253282428 1.20184664078988 1.71797558176331 1.15778655000031 1.42931630136445 1.48867965349928 1.82885750080459 1.83165493584238 1.62901898473501 1.1532731379848 1.73351751710288 0.962293969700113 0 1.6345903899055 1.81373359262943 1.46656936919317 1.34092034213245 0.903781902277842 1.26750536705367 1.22640969790518 1.01052086567506 1.69139273534529 1.81845832755789 1.41625727340579 1.26070902729407
1.32938295998611 1.72773313079961 1.52366990037262 1.04936967534013 1.35304864612408 1.03721729735844 1.26984395529144 0.985130689106882 1.34181302785873 1.67452760925516 1.04809675738215 0.920488266507164 1.22703105350956 1.71751842903905 1.11312547209673 1.21293708635494 1.16925976704806 1.6345903899055 0 1.38068981445394 1.36537590599619 1.67488544760272 1.1085556850303 0.925723484717309 1.37091543897986 1.32531378255226 1.3832969230134 1.67416440998204 1.36891073361039 1.08054163469933
1.57988890027627 1.78829381032847 1.2604298570659 1.51541107916273 1.01054923748598 1.30420972267166 1.64801106927916 1.43210796196945 1.58865869953297 0.900761815486476 1.43133383546956 1.54506510612555 1.6152631691657 1.74987591220997 1.23354712291621 0.937979138921946 1.16287245438434 1.81373359262943 1.38068981445394 0 1.09559628274292 1.29539410327561 1.85663357470185 0.95908674527891 1.30032829125412 0.980041291564703 1.62731356802396 1.01682574022561 0.937667839461938 1.55574768572114
1.11974859121256 1.18901667487808 1.82747342181392 1.12938532186672 1.57786811306141 1.23736120737158 1.43059724802151 1.48212982458062 1.4794566007331 1.81269783340394 1.55411368957721 1.62495109485462 1.53969520446844 1.76473593711853 1.1766577467788 1.29900069325231 1.34561793226749 1.46656936919317 1.36537590599619 1.09559628274292 0 1.63867861474864 1.52937608794309 1.47090841457248 1.73139522806741 1.66133829951286 1.41077145189047 1.28073273831978 1.78566100029275 1.17873864830472
1.67512668855488 1.36998219718225 1.24033797020093 1.34390185354277 1.15363687975332 1.19752032635733 1.83882375224493 1.74169870745391 1.38146025873721 1.0461125173606 0.918255225755274 1.22216724255122 1.61929133045487 1.29126845649444 1.29548857943155 1.32824968057685 1.4445868502371 1.34092034213245 1.67488544760272 1.29539410327561 1.63867861474864 0 1.71077152946964 1.82765345205553 0.918078885413706 1.52866099355742 1.15541361109354 1.73771261726506 1.63240901380777 1.26027874113061
1.29736757767387 1.76745856716298 1.00485124788247 1.42850333335809 1.72376494016498 1.44634957797825 1.43609888968058 1.68512987229042 1.46932588494383 0.986798220081255 1.2913647282403 1.02315220818855 1.30756073398516 1.27975982287899 1.20676797186024 1.36058233003132 1.16305832215585 0.903781902277842 1.1085556850303 1.85663357470185 1.52937608794309 1.71077152946964 0 1.48214172502048 1.49126876471564 1.869945832761 1.23290073941462 1.06169789494015 1.44610099936835 1.87831158726476
0.88654443458654 0.952141318237409 1.23725007404573 0.985593258868903 1.29631532123312 1.81058099656366 1.87990219891071 1.5896384655498 1.00282630883157 1.74334588716738 1.19510517269373 1.20445596030913 1.0618839696981 1.70682559302077 1.01152937463485 1.4739406122826 1.29231949266978 1.26750536705367 0.925723484717309 0.95908674527891 1.47090841457248 1.82765345205553 1.48214172502048 0 1.57451605284587 1.12621728261001 0.938131396658719 1.263824704336 0.993069021729752 1.2457070518285
1.63474316289648 1.04655272210948 1.37322745565325 1.21411646320485 1.67661697999574 1.28383878711611 1.32663775840774 1.23046704521403 1.46746269753203 1.29111571307294 1.12201071879826 1.16077550267801 1.26605253573507 1.71275725448504 1.34171577263623 1.57513907155953 1.81609563482925 1.22640969790518 1.37091543897986 1.30032829125412 1.73139522806741 0.918078885413706 1.49126876471564 1.57451605284587 0 1.43296192935668 1.62367018382065 1.40820681769401 1.13974675536156 1.32178165134974
1.6471364076715 0.986020602053031 1.18972045462579 1.75924761593342 1.86730383941904 1.35563650215045 1.52290861611255 1.19215904036537 1.72035056189634 1.53307408676483 1.76525089307688 1.86460306146182 1.29431700822897 1.43296479992568 1.04066612804309 1.00822116923518 1.22990317782387 1.01052086567506 1.32531378255226 0.980041291564703 1.66133829951286 1.52866099355742 1.869945832761 1.12621728261001 1.43296192935668 0 1.0920802007895 1.47718905285001 1.04536098847166 1.70692915143445
1.71563385496847 1.49301853263751 1.4899078309536 1.18344699498266 1.80059336707927 1.40651490516029 1.17095373175107 1.71108732349239 1.59488980774768 1.10223472048528 1.16780404746532 1.12762170447968 1.64459305698983 1.52400929830037 1.33204765012488 1.0706214515958 1.66052259481512 1.69139273534529 1.3832969230134 1.62731356802396 1.41077145189047 1.15541361109354 1.23290073941462 0.938131396658719 1.62367018382065 1.0920802007895 0 1.1007842766121 1.04948281846009 1.60681236046366
1.62471651472151 1.02367030642927 1.86923806858249 1.68974956404418 1.56752576888539 0.972980809863657 1.51387060270645 1.36210297723301 1.69363953522407 1.157408636529 1.00057270750403 1.2808668888174 1.03229771135375 1.63404218154028 0.999397688778117 0.992131390376016 1.45745338010602 1.81845832755789 1.67416440998204 1.01682574022561 1.28073273831978 1.73771261726506 1.06169789494015 1.263824704336 1.40820681769401 1.47718905285001 1.1007842766121 0 1.50890140794218 1.68088405323215
1.44441259466112 1.21380482474342 1.23266463074833 1.11968750180677 1.68699591932818 1.73501543514431 1.09233857505023 1.76892041554675 1.42235110630281 1.59630426159129 1.05035278387368 1.79704129486345 1.62552131339908 1.37548021576367 1.16921674087644 1.76839165575802 1.82363052666187 1.41625727340579 1.36891073361039 0.937667839461938 1.78566100029275 1.63240901380777 1.44610099936835 0.993069021729752 1.13974675536156 1.04536098847166 1.04948281846009 1.50890140794218 0 1.61800425546244
0.937698061112314 1.70580098568462 1.57176836580038 1.82685945858248 1.77488858508877 1.61506270733662 0.894694407004863 1.04467424214818 1.69928579893894 1.76776563609019 1.0003848883789 1.04415566031821 0.943427649093792 1.34993738448247 1.02922583674081 1.30824196129106 0.926334514282644 1.26070902729407 1.08054163469933 1.55574768572114 1.17873864830472 1.26027874113061 1.87831158726476 1.2457070518285 1.32178165134974 1.70692915143445 1.60681236046366 1.68088405323215 1.61800425546244 0
