0 1.904216240393 1.49964217026718 1.88518199161626 1.59607884124853 1.18081814330071 1.49370266264305 1.28721946268342 1.04648234578781 1.70079704467207 1.01849704235792 1.38283226685598 1.77014886937104 1.50049042748287 1.52884637052193 1.56625442020595 1.18892209394835 1.6604750470724 1.21026436891407 0.959217711584643 1.90512636327185 1.34840930229984 1.68758843140677 1.14252743916586 1.50343508436345 1.3942803950049 1.219941271469 1.67320071673021 1.43066702922806 1.35577658540569
1.904216240393 0 1.67322762496769 1.43275037501007 1.5346238699276 1.03789774561301 1.30402727634646 1.7344364952296 1.80773773789406 1.86220923787914 1.31369903101586 1.73043688083999 1.81795157538727 0.967900190036744 1.74641486769542 1.45517404866405 1.7462867712602 1.49074148805812 1.46390399918891 1.43207109742798 1.77226129593328 1.46314267232083 1.00380230601877 1.14625847432762 1.90391890238971 1.72023402922787 1.46339545841329 1.44804912433028 1.11859972891398 1.34712928696536
1.49964217026718 1.67322762496769 0 1.31657340237871 1.61460529593751 1.6392912149895 1.39373152540065 1.8266161265783 1.88061625463888 1.29296476440504 1.84226959734224 1.71817978424951 1.12786043994129 1.26241429219954 1.62271470879205 1.75293338275515 1.18625679821707 1.04671154846437 1.81404290138744 1.60141246602871 1.79606187762693 1.27723563974723 1.49896617280319 0.947739707306027 1.67645599856041 1.23502088175155 0.991753926733509 1.18210780038498 1.07496244716458 1.53850810346194
1.88518199161626 1.43275037501007 1.31657340237871 0 1.16517770336941 1.42012050538324 0.927710819523782 1.05521637387574 1.30809033080004 1.58021833165549 1.13347490504384 1.1553423514124 1.08717902703211 1.65929575567134 1.72266021789983 1.48551785503514 1.03099282342009 1.39754042774439 1.17842876142822 1.5723950706888 1.39863125700504 1.59705449012108 1.28496362618171 1.68707474274561 1.64116480085067 1.46509246714413 1.8645282429643 1.7157330615446 1.28072514710948 1.67839996237308
1.59607884124853 1.5346238699276 1.61460529593751 1.16517770336941 0 1.28603595192544 1.73243685578927 1.61966988886707 1.30093322182074 1.11774251260795 1.08993076859042 1.7017382637132 1.02504055108875 1.12276236875914 1.80643656221218 1.44388422137126 1.638305967208 1.05339626059867 1.25100788078271 1.84886966366321 1.08278961014003 0.996686846017838 1.85278598382138 1.8157347466331 1.79822991951369 1.61499106301926 1.3312137152534 1.39508732128888 1.76935161952861 1.58662582491525
1.18081814330071 1.03789774561301 1.6392912149895 1.42012050538324 1.28603595192544 0 1.79876348772086 1.89231487596408 1.01834101323038 1.01699113310315 1.81827662978321 1.05938733462244 1.63204466039315 1.44435897679068 1.14923709095456 1.37470423616469 1.56437803339213 1.6807169446256 0.942328661680222 1.40640222583897 1.8512559896335 1.68256396870129 0.957224092213437 0.97812745673582 1.07550811069086 1.47962838388048 1.57318731769919 1.27526416420005 1.69532256224193 1.29844295140356
1.49370266264305 1.30402727634646 1.39373152540065 0.927710819523782 1.73243685578927 1.79876348772086 0 1.91044890531339 1.5443925249856 1.80986132286489 1.86291387025267 1.90419685305096 1.45926194265485 1.25529279466718 1.6364612809848 1.88649890595116 1.70035232277587 0.948682117741555 1.80062185926363 1.29324069200084 1.46886893524788 0.997550472151488 1.71320167300291 1.25099540548399 1.80607332987711 1.56787551776506 1.8117383189965 0.959612590493634 1.41281794593669 1.48725066473708
1.28721946268342 1.7344364952296 1.8266161265783 1.05521637387574 1.61966988886707 1.89231487596408 1.91044890531339 0 1.46631441009231 1.63952321978286 1.77108545089141 0.945073647657409 1.1170631297864 1.3678829933051 1.20536929112859 1.65678230533376 0.983366989763454 1.25473509170115 1.68337840796448 1.31979951052926 1.12845469103195 1.33852324308828 1.59594842535444 0.967692075064406 1.76285668602213 1.23950831172988 1.48213047953323 1.40218271873891 1.06048798188567 1.60586247453466
1.04648234578781 1.80773773789406 1.88061625463888 1.30809033080004 1.30093322182074 1.01834101323038 1.5443925249856 1.46631441009231 0 1.8821905227378 1.2337533144746 1.33884758152999 1.02801713929512 1.31085037230514 1.29474187386222 1.8565744231455 1.51816200418398 1.08464573696256 1.49353527883068 1.67294119345024 0.956700852606446 1.87800220097415 1.44024721416645 1.67532183043659 1.3656402239576 1.31716897431761 1.80621868628077 1.55841239448637 1.09128603688441 1.90450662910007
1.70079704467207 1.86220923787914 1.29296476440504 1.58021833165549 1.11774251260795 1.01699113310315 1.80986132286489 1.63952321978286 1.8821905227378 0 1.06465085130185 1.74736133124679 1.59415595931932 1.8661768171005 1.48205295717344 1.44820425263606 1.09927148418501 1.68407585890964 1.46143346349709 1.12376714451239 1.46183786401525 1.53163336310536 1.37628217786551 1.78015458909795 1.3007588791661 1.72394912294112 1.0684793414548 1.22788485093042 1.16515666525811 1.70335137983784
1.01849704235792 1.31369903101586 1.84226959734224 1.13347490504384 1.08993076859042 1.81827662978321 1.86291387025267 1.77108545089141 1.2337533144746 1.06465085130185 0 1.56123635335825 1.73267542384565 1.32729658763856 1.281325758202 1.55585118057206 1.62347994209267 1.05327367922291 1.1052084849216 1.25038256798871 1.15276918397285 1.78145710984245 1.74851827113889 1.74414577963762 0.937165485462174 1.64765534340404 1.39174296380952 1.27096051024273 1.18916524737142 1.25923044001684
1.38283226685598 1.73043688083999 1.71817978424951 1.1553423514124 1.7017382637132 1.05938733462244 1.90419685305096 0.945073647657409 1.33884758152999 1.74736133124679 1.56123635335825 0 1.23506835754961 0.950723721180111 1.74247201089747 1.00034418376163 1.28111851145513 1.89496144931763 0.982840625569224 1.37865922274068 1.37106199353002 0.935652258107439 1.80035756458528 1.44560578186065 1.07809236343019 1.18350445968099 1.76255699107423 1.62654981669039 0.93851848714985 1.757731143618
1.77014886937104 1.81795157538727 1.12786043994129 1.08717902703211 1.02504055108875 1.63204466039315 1.45926194265485 1.1170631297864 1.02801713929512 1.59415595931932 1.73267542384565 1.23506835754961 0 1.3066477405373 1.38167366548441 1.58271384937689 1.71704579843208 1.04308550083078 1.13945101830177 1.3551400876604 1.5251281238161 1.18498198501766 1.34893015050329 1.02577688777819 1.62502357177436 1.0520396400243 1.0982645584736 1.79280624422245 0.993091833312064 1.04737759497948
1.50049042748287 0.967900190036744 1.26241429219954 1.65929575567134 1.12276236875914 1.44435897679068 1.25529279466718 1.3678829933051 1.31085037230514 1.8661768171005 1.32729658763856 0.950723721180111 1.3066477405373 0 1.05455313948914 1.64041495765559 1.1832381405402 1.50685169058852 1.23136249114759 1.77070508059114 1.16093728761189 1.37960069882683 1.18645935738459 1.33955798624083 1.89478939771652 1.8245169299189 1.77907604444772 1.68925209855661 1.88924220832996 1.16115300869569
1.52884637052193 1.74641486769542 1.62271470879205 1.72266021789983 1.80643656221218 1.14923709095456 1.6364612809848 1.20536929112859 1.29474187386222 1.48205295717344 1.281325758202 1.74247201089747 1.38167366548441 1.05455313948914 0 1.08778415014967 1.27894936921075 1.01326666236855 1.56864626053721 1.8648748442065 1.5520405669231 1.67875818954781 0.999069853918627 1.84687041398138 1.29450125596486 1.66503293230198 1.52326860255562 1.27869978011586 1.86886739381589 1.48217833926901
1.56625442020595 1.45517404866405 1.75293338275515 1.48551785503514 1.44388422137126 1.37470423616469 1.88649890595116 1.65678230533376 1.8565744231455 1.44820425263606 1.55585118057206 1.00034418376163 1.58271384937689 1.64041495765559 1.08778415014967 0 1.24639068823308 1.15372222638689 1.00438340450637 1.07865344570018 1.02149152918719 1.35568004427478 1.80184302851558 1.69088267139159 1.5955238242168 1.19328085193411 1.82696194667369 1.58421900589019 1.8296666292008 1.07043073768727
1.18892209394835 1.7462867712602 1.18625679821707 1.03099282342009 1.638305967208 1.56437803339213 1.70035232277587 0.983366989763454 1.51816200418398 1.09927148418501 1.62347994209267 1.28111851145513 1.71704579843208 1.1832381405402 1.27894936921075 1.24639068823308 0 1.63537959195673 1.08390322350897 1.75144239934161 1.19005693285726 1.43269474594854 1.89317403570749 1.91483451146632 1.33723938348703 1.59402436646633 1.30503766564652 1.67998496512882 1.0680923059117 1.16252661496401
1.6604750470724 1.49074148805812 1.04671154846437 1.39754042774439 1.05339626059867 1.6807169446256 0.948682117741555 1.25473509170115 1.08464573696256 1.68407585890964 1.05327367922291 1.89496144931763 1.04308550083078 1.50685169058852 1.01326666236855 1.15372222638689 1.63537959195673 0 1.48434473597445 1.38949301862158 0.965674560051411 1.32446830603294 1.74732505343854 1.59592624986544 1.82886279001832 1.11249299487099 1.00202963710763 1.06458731601015 1.10337694501504 0.918326057493687
1.21026436891407 1.46390399918891 1.81404290138744 1.17842876142822 1.25100788078271 0.942328661680222 1.80062185926363 1.68337840796448 1.49353527883068 1.46143346349709 1.1052084849216 0.982840625569224 1.13945101830177 1.23136249114759 1.56864626053721 1.00438340450637 1.08390322350897 1.48434473597445 0 1.71839779196307 1.37210102379322 1.86795938806608 1.17520350171253 1.39686042396352 1.59525150782429 1.84800868085586 1.43823957000859 1.56750453962013 0.962680788477883 1.48310367693193
0.959217711584643 1.43207109742798 1.60141246602871 1.5723950706888 1.84886966366321 1.40640222583897 1.29324069200084 1.31979951052926 1.67294119345024 1.12376714451239 1.25038256798871 1.37865922274068 1.3551400876604 1.77070508059114 1.8648748442065 1.07865344570018 1.75144239934161 1.38949301862158 1.71839779196307 0 1.02418439765461 1.13251677621156 1.30241889087483 1.16507443110459 1.088135227561 1.05512327258475 1.05358332861215 1.56478857016191 1.86105741932988 1.24835997167975
1.90512636327185 1.77226129593328 1.79606187762693 1.39863125700504 1.08278961014003 1.8512559896335 1.46886893524788 1.12845469103195 0.956700852606446 1.46183786401525 1.15276918397285 1.37106199353002 1.5251281238161 1.16093728761189 1.5520405669231 1.02149152918719 1.19005693285726 0.965674560051411 1.37210102379322 1.02418439765461 0 1.70581360929646 1.8164576285053 1.38801517453976 1.27129057282582 1.4887749303598 1.48516431474127 1.64542441419326 1.77394129009917 1.54380111559294
1.34840930229984 1.46314267232083 1.27723563974723 1.59705449012108 0.996686846017838 1.68256396870129 0.997550472151488 1.33852324308828 1.87800220097415 1.53163336310536 1.78145710984245 0.935652258107439 1.18498198501766 1.37960069882683 1.67875818954781 1.35568004427478 1.43269474594854 1.32446830603294 1.86795938806608 1.13251677621156 1.70581360929646 0 1.45712527143769 1.12681504152715 1.65205589449033 1.77973652794026 1.62919274810702 1.07368029211648 1.58252188237384 1.04582919110544
1.68758843140677 1.00380230601877 1.49896617280319 1.28496362618171 1.85278598382138 0.957224092213437 1.71320167300291 1.59594842535444 1.44024721416645 1.37628217786551 1.74851827113889 1.80035756458528 1.34893015050329 1.18645935738459 0.999069853918627 1.80184302851558 1.89317403570749 1.74732505343854 1.17520350171253 1.30241889087483 1.8164576285053 1.45712527143769 0 1.07049689651467 1.36127277649939 1.2901887933258 1.19566461909562 0.982774539617822 1.20203022705391 0.928549952339381
1.14252743916586 1.14625847432762 0.947739707306027 1.68707474274561 1.8157347466331 0.97812745673582 1.25099540548399 0.967692075064406 1.67532183043659 1.78015458909795 1.74414577963762 1.44560578186065 1.02577688777819 1.33955798624083 1.84687041398138 1.69088267139159 1.91483451146632 1.59592624986544 1.39686042396352 1.16507443110459 1.38801517453976 1.12681504152715 1.07049689651467 0 1.46052196249366 1.53931963327341 1.42307800613344 1.17784106638283 1.636019049678 1.37260571238585
1.50343508436345 1.90391890238971 1.67645599856041 1.64116480085067 1.79822991951369 1.07550811069086 1.80607332987711 1.76285668602213 1.3656402239576 1.3007588791661 0.937165485462174 1.07809236343019 1.62502357177436 1.89478939771652 1.29450125596486 1.5955238242168 1.33723938348703 1.82886279001832 1.59525150782429 1.088135227561 1.27129057282582 1.65205589449033 1.36127277649939 1.46052196249366 0 1.18859514291398 0.96320153772831 1.30273313261569 1.13970492919907 0.988788143964484
1.3942803950049 1.72023402922787 1.23502088175155 1.46509246714413 1.61499106301926 1.47962838388048 1.56787551776506 1.23950831172988 1.31716897431761 1.72394912294112 1.64765534340404 1.18350445968099 1.0520396400243 1.8245169299189 1.66503293230198 1.19328085193411 1.59402436646633 1.11249299487099 1.84800868085586 1.05512327258475 1.4887749303598 1.77973652794026 1.2901887933258 1.53931963327341 1.18859514291398 0 1.48299106094055 1.149564843392 1.04128085030243 1.08924497547559
1.219941271469 1.46339545841329 0.991753926733509 1.8645282429643 1.3312137152534 1.57318731769919 1.8117383189965 1.48213047953323 1.80621868628077 1.0684793414548 1.39174296380952 1.76255699107423 1.0982645584736 1.77907604444772 1.52326860255562 1.82696194667369 1.30503766564652 1.00202963710763 1.43823957000859 1.05358332861215 1.48516431474127 1.62919274810702 1.19566461909562 1.42307800613344 0.96320153772831 1.48299106094055 0 1.90960814314894 1.28002499905415 1.5862619553227
1.67320071673021 1.44804912433028 1.18210780038498 1.7157330615446 1.39508732128888 1.27526416420005 0.959612590493634 1.40218271873891 1.55841239448637 1.22788485093042 1.27096051024273 1.62654981669039 1.79280624422245 1.68925209855661 1.27869978011586 1.58421900589019 1.67998496512882 1.06458731601015 1.56750453962013 1.56478857016191 1.64542441419326 1.07368029211648 0.982774539617822 1.17784106638283 1.30273313261569 1.149564843392 1.90960814314894 0 1.53321331832558 1.73776219342835
1.43066702922806 1.11859972891398 1.07496244716458 1.28072514710948 1.76935161952861 1.69532256224193 1.41281794593669 1.06048798188567 1.09128603688441 1.16515666525811 1.18916524737142 0.93851848714985 0.993091833312064 1.88924220832996 1.86886739381589 1.8296666292008 1.0680923059117 1.10337694501504 0.962680788477883 1.86105741932988 1.77394129009917 1.58252188237384 1.20203022705391 1.636019049678 1.13970492919907 1.04128085030243 1.28002499905415 1.53321331832558 0 1.25820277212188
1.35577658540569 1.34712928696536 1.53850810346194 1.67839996237308 1.58662582491525 1.29844295140356 1.48725066473708 1.60586247453466 1.90450662910007 1.70335137983784 1.25923044001684 1.757731143618 1.04737759497948 1.16115300869569 1.48217833926901 1.07043073768727 1.16252661496401 0.918326057493687 1.48310367693193 1.24835997167975 1.54380111559294 1.04582919110544 0.928549952339381 1.37260571238585 0.988788143964484 1.08924497547559 1.5862619553227 1.73776219342835 1.25820277212188 0
