0 1.50461401301436 1.25514819892123 1.01953566120937 1.87908631260507 1.73888928024098 1.00991717516445 1.11635017418303 1.39498548745178 1.18003853247501 1.28213628311642 1.71921233739704 1.41111559630372 1.65086351544596 1.61666009109467 1.63367478712462 1.48719329782762 1.64336160593666 1.75567527604289 1.28273844346404 1.00747719220817 1.82053106813692 1.55854306952097 1.52878541406244 1.03824569005519 1.65097833750769 1.14027502504177 1.76885817828588 1.32358057214878 1.69257902307436
1.50461401301436 0 1.18856686539948 1.27292659319937 1.08749672607519 1.0905626793392 1.46241239598021 1.53266683244146 1.64351148181595 1.59518518205732 1.58247372042388 1.07772671850398 1.71144809643738 1.461479883641 1.31898913858458 1.4227105313912 1.27840321115218 1.16338446643203 1.78497361554764 1.17706454009749 1.55905045312829 1.60655527631752 1.90695461025462 1.91364762862213 1.71393926092423 1.3024563009385 1.48872156301513 1.44262903160416 1.41639152425341 1.20214731991291
1.25514819892123 1.18856686539948 0 1.8359237133991 1.22783141769469 1.74482960929163 1.08019862533547 0.99271705839783 1.82654805295169 1.81615122896619 1.41478799306788 1.40360710420646 1.52811229368672 1.30643582181074 1.05480750952847 1.6737315277569 1.89142679516226 1.16162238060497 1.55676064104773 1.06724659400061 1.6569275544025 1.73158111306839 1.36122331931256 1.24218133208342 1.7464459631592 1.00762302405201 1.26909406296909 1.70305115403607 1.47062969952822 1.38428728538565
1.01953566120937 1.27292659319937 1.8359237133991 0 1.68471648008563 0.981941728852689 1.85761652281508 1.29713559476659 1.1313366421964 1.71529569709674 1.72898849099874 1.39945883955806 1.39926234725863 1.53359285276383 1.73915655585006 1.77638711617328 1.50901355897076 1.50186707568355 1.58698901091702 0.96382398228161 0.9742776080966 1.63811019691639 1.68092505075037 1.3431228841655 1.05032965424471 1.3081778427586 1.70045755454339 1.57733694044873 1.44640116603114 1.21140736830421
1.87908631260507 1.08749672607519 1.22783141769469 1.68471648008563 0 1.14746085554361 1.48401731299236 1.08135834359564 1.880056662485 1.67248128098436 1.02738633565605 1.48437681654468 1.88313777465373 1.53957217535935 1.62916677375324 1.91302746674046 1.47526408638805 1.35789700201713 1.77251778496429 1.7049555440899 1.44112363900058 1.83709379285574 1.07744786841795 1.23535586311482 1.28209910914302 1.29646537592635 1.16763973538764 1.30478026764467 1.03601786401123 1.59955015499145
1.73888928024098 1.0905626793392 1.74482960929163 0.981941728852689 1.14746085554361 0 1.54430180159397 1.51652554376051 1.57118675042875 1.95530592859723 1.74814286828041 1.06968282279558 1.1819969706703 1.85145015548915 1.87952104746364 1.88971407013014 1.55918980902061 1.28330446151085 1.49991506640799 1.52193665294908 1.1335850332398 1.56382044032216 1.52857070788741 0.963672914775088 1.054549184395 1.6990414026659 1.89418769348413 1.60880171367899 1.8859448635485 1.17920033237897
1.00991717516445 1.46241239598021 1.08019862533547 1.85761652281508 1.48401731299236 1.54430180159397 0 1.80990444635972 1.51124452543445 1.05329578695819 1.6202579587698 1.22095035063103 1.23190883989446 1.64119017869234 1.20767555502243 0.977045289007947 0.992936468217522 0.977765654912218 1.95409012399614 1.08006188552827 1.77531873062253 1.76174656441435 1.35618875338696 1.53277494572103 1.12129786238074 1.37611175281927 1.66188504453748 1.04396282555535 1.84270700183697 1.50543436594307
1.11635017418303 1.53266683244146 0.99271705839783 1.29713559476659 1.08135834359564 1.51652554376051 1.80990444635972 0 0.971125187817961 1.53471484337933 1.21378853055649 1.40170253184624 1.62829072051682 1.66696875472553 1.62701300811023 1.68967484356835 1.90862644417211 1.8490636786446 1.22997402539477 1.47129607852548 1.31085636070929 1.28103913133964 1.37198594026268 1.9466824317351 1.38514351542108 1.59950950881466 0.98389497003518 1.43934502103366 0.976473637623712 1.4610171597451
1.39498548745178 1.64351148181595 1.82654805295169 1.1313366421964 1.880056662485 1.57118675042875 1.51124452543445 0.971125187817961 0 1.15066656004637 1.85756810195744 1.95572038320825 1.31247433018871 1.23478229576722 1.34404079662636 1.526903281454 1.73959979391657 1.66142500797287 1.54146054154262 1.78652401315048 1.6999435769394 1.25697012152523 1.00168268289417 1.21515335212462 1.67833095695823 1.07788455300033 1.1321451056283 1.6467035477981 1.37468010815792 1.68964682985097
1.18003853247501 1.59518518205732 1.81615122896619 1.71529569709674 1.67248128098436 1.95530592859723 1.05329578695819 1.53471484337933 1.15066656004637 0 1.89232461317442 1.51656854059547 1.23279682989232 1.57447823998518 1.31953952461481 1.01460321154445 1.44635174889117 1.88851877604611 1.4385996516794 1.27335634594783 0.997612274484709 1.38634766731411 1.84013184648938 1.77626857557334 1.72040084074251 1.30414791195653 1.9090112966951 1.8804359245114 1.19739683368243 1.54723100434057
1.28213628311642 1.58247372042388 1.41478799306788 1.72898849099874 1.02738633565605 1.74814286828041 1.6202579587698 1.21378853055649 1.85756810195744 1.89232461317442 0 1.06560530653223 1.76517425919883 1.83928552432917 1.9429345454555 1.50910130585544 1.4755839437712 1.80374357686378 1.43445305037312 1.08857209933922 1.9099207688123 1.59416847676039 1.49191610678099 1.00220811576582 1.35454377019778 1.33906790753826 1.05844171275385 1.89731562091038 1.19330797949806 1.41541368304752
1.71921233739704 1.07772671850398 1.40360710420646 1.39945883955806 1.48437681654468 1.06968282279558 1.22095035063103 1.40170253184624 1.95572038320825 1.51656854059547 1.06560530653223 0 1.6760384531226 1.39812081959099 1.19830643828027 1.18984567886218 1.78060562070459 1.08657663548365 1.78232891345397 1.91983759962022 1.19583554402925 1.85809864313342 1.09855771739967 1.70229599019513 1.89803702407517 1.21592168160714 1.45842043263838 1.4874129765667 1.95116918068379 1.34619720303454
1.41111559630372 1.71144809643738 1.52811229368672 1.39926234725863 1.88313777465373 1.1819969706703 1.23190883989446 1.62829072051682 1.31247433018871 1.23279682989232 1.76517425919883 1.6760384531226 0 1.391172535019 1.5789118912071 1.80481678945944 1.52111953590065 1.74685509176925 1.55675625847653 1.43864860455506 1.54222834808752 1.08117861999199 1.03632053616457 1.20125538110733 1.67682462953962 1.03242514561862 1.75595417316072 1.02782342629507 1.24597185174935 1.38514724886045
1.65086351544596 1.461479883641 1.30643582181074 1.53359285276383 1.53957217535935 1.85145015548915 1.64119017869234 1.66696875472553 1.23478229576722 1.57447823998518 1.83928552432917 1.39812081959099 1.391172535019 0 1.24106082553044 1.82533029839396 1.44720463920385 1.46515404689126 1.09046409721486 1.30299388198182 1.63514455780387 1.18452188768424 1.23279290925711 1.52420228999108 1.44769295281731 1.03521544416435 1.32280448335223 1.33447725186124 1.46992423478514 1.89964610990137
1.61666009109467 1.31898913858458 1.05480750952847 1.73915655585006 1.62916677375324 1.87952104746364 1.20767555502243 1.62701300811023 1.34404079662636 1.31953952461481 1.9429345454555 1.19830643828027 1.5789118912071 1.24106082553044 0 1.31620315439068 1.41046312754042 1.65827366313897 1.29647280857898 0.997781501151621 1.81402920675464 1.5774812232703 1.54330271156505 1.68619041983038 1.89572370029055 1.56751453317702 1.92665074346587 1.32388991722837 1.38553638011217 1.36938875704072
1.63367478712462 1.4227105313912 1.6737315277569 1.77638711617328 1.91302746674046 1.88971407013014 0.977045289007947 1.68967484356835 1.526903281454 1.01460321154445 1.50910130585544 1.18984567886218 1.80481678945944 1.82533029839396 1.31620315439068 0 1.77150787389837 1.6476101775188 1.80997539823875 1.74649826157838 1.2848330589477 1.07731096423231 1.48030712967739 1.79401656985283 1.85750725003891 1.09870235016569 1.12742526479997 1.90912592969835 1.58930228301324 1.67924062348902
1.48719329782762 1.27840321115218 1.89142679516226 1.50901355897076 1.47526408638805 1.55918980902061 0.992936468217522 1.90862644417211 1.73959979391657 1.44635174889117 1.4755839437712 1.78060562070459 1.52111953590065 1.44720463920385 1.41046312754042 1.77150787389837 0 1.12391359964386 0.961153655778617 1.65867503499612 1.79000966181047 1.4794280580245 1.30594293493778 1.34751234878786 1.00230900058523 1.01070875348523 1.01809332077391 1.51471543242224 1.59126253449358 1.10677287890576
1.64336160593666 1.16338446643203 1.16162238060497 1.50186707568355 1.35789700201713 1.28330446151085 0.977765654912218 1.8490636786446 1.66142500797287 1.88851877604611 1.80374357686378 1.08657663548365 1.74685509176925 1.46515404689126 1.65827366313897 1.6476101775188 1.12391359964386 0 1.7615930554457 1.50555965979584 1.31880971440114 1.87240880937316 1.5328338642139 1.78181204968132 1.75927041145042 1.45719831599854 1.51536072022282 1.82841297332197 1.67376906215213 1.27572275442071
1.75567527604289 1.78497361554764 1.55676064104773 1.58698901091702 1.77251778496429 1.49991506640799 1.95409012399614 1.22997402539477 1.54146054154262 1.4385996516794 1.43445305037312 1.78232891345397 1.55675625847653 1.09046409721486 1.29647280857898 1.80997539823875 0.961153655778617 1.7615930554457 0 0.982114653103054 1.18748561665416 1.2282224399969 1.84797623520717 1.87515539955348 1.3771932516247 1.63708508643322 1.76791112753563 1.20519095100462 1.23342133313417 1.60821213969029
1.28273844346404 1.17706454009749 1.06724659400061 0.96382398228161 1.7049555440899 1.52193665294908 1.08006188552827 1.47129607852548 1.78652401315048 1.27335634594783 1.08857209933922 1.91983759962022 1.43864860455506 1.30299388198182 0.997781501151621 1.74649826157838 1.65867503499612 1.50555965979584 0.982114653103054 0 1.92660130606964 1.37167837820016 1.75913118291646 1.75935545517132 1.1746043516323 1.46431114315055 1.76851093443111 1.53560197143815 1.2285745467525 1.45293732197024
1.00747719220817 1.55905045312829 1.6569275544025 0.9742776080966 1.44112363900058 1.1335850332398 1.77531873062253 1.31085636070929 1.6999435769394 0.997612274484709 1.9099207688123 1.19583554402925 1.54222834808752 1.63514455780387 1.81402920675464 1.2848330589477 1.79000966181047 1.31880971440114 1.18748561665416 1.92660130606964 0 1.57744824537076 1.43178979423828 1.30180961987935 1.87861862010323 1.90046294219792 1.36902041826397 1.20469485479407 1.47610056796111 1.71417769091204
1.82053106813692 1.60655527631752 1.73158111306839 1.63811019691639 1.83709379285574 1.56382044032216 1.76174656441435 1.28103913133964 1.25697012152523 1.38634766731411 1.59416847676039 1.85809864313342 1.08117861999199 1.18452188768424 1.5774812232703 1.07731096423231 1.4794280580245 1.87240880937316 1.2282224399969 1.37167837820016 1.57744824537076 0 1.03345568315126 0.981398712610826 1.5548031181097 1.82145736715756 1.77956387633458 1.28877287497744 1.91366261593066 1.4523708014749
1.55854306952097 1.90695461025462 1.36122331931256 1.68092505075037 1.07744786841795 1.52857070788741 1.35618875338696 1.37198594026268 1.00168268289417 1.84013184648938 1.49191610678099 1.09855771739967 1.03632053616457 1.23279290925711 1.54330271156505 1.48030712967739 1.30594293493778 1.5328338642139 1.84797623520717 1.75913118291646 1.43178979423828 1.03345568315126 0 1.62599341245368 1.16536175017245 1.65775222191587 1.75491390074603 0.969574085669592 1.13737914222293 1.7968506347388
1.52878541406244 1.91364762862213 1.24218133208342 1.3431228841655 1.23535586311482 0.963672914775088 1.53277494572103 1.9466824317351 1.21515335212462 1.77626857557334 1.00220811576582 1.70229599019513 1.20125538110733 1.52420228999108 1.68619041983038 1.79401656985283 1.34751234878786 1.78181204968132 1.87515539955348 1.75935545517132 1.30180961987935 0.981398712610826 1.62599341245368 0 1.11750533268787 1.32945353700779 1.27575951931067 0.991417267825454 1.26044375495985 1.16369384154677
1.03824569005519 1.71393926092423 1.7464459631592 1.05032965424471 1.28209910914302 1.054549184395 1.12129786238074 1.38514351542108 1.67833095695823 1.72040084074251 1.35454377019778 1.89803702407517 1.67682462953962 1.44769295281731 1.89572370029055 1.85750725003891 1.00230900058523 1.75927041145042 1.3771932516247 1.1746043516323 1.87861862010323 1.5548031181097 1.16536175017245 1.11750533268787 0 1.21189024602063 1.76734194508754 1.35379388136789 1.26269689318724 1.06414672941901
1.65097833750769 1.3024563009385 1.00762302405201 1.3081778427586 1.29646537592635 1.6990414026659 1.37611175281927 1.59950950881466 1.07788455300033 1.30414791195653 1.33906790753826 1.21592168160714 1.03242514561862 1.03521544416435 1.56751453317702 1.09870235016569 1.01070875348523 1.45719831599854 1.63708508643322 1.46431114315055 1.90046294219792 1.82145736715756 1.65775222191587 1.32945353700779 1.21189024602063 0 1.78718679700978 1.74560472369194 1.02533272583969 1.74291100911796
1.14027502504177 1.48872156301513 1.26909406296909 1.70045755454339 1.16763973538764 1.89418769348413 1.66188504453748 0.98389497003518 1.1321451056283 1.9090112966951 1.05844171275385 1.45842043263838 1.75595417316072 1.32280448335223 1.92665074346587 1.12742526479997 1.01809332077391 1.51536072022282 1.76791112753563 1.76851093443111 1.36902041826397 1.77956387633458 1.75491390074603 1.27575951931067 1.76734194508754 1.78718679700978 0 1.77776416600682 1.17442018096335 1.20577435777523
1.76885817828588 1.44262903160416 1.70305115403607 1.57733694044873 1.30478026764467 1.60880171367899 1.04396282555535 1.43934502103366 1.6467035477981 1.8804359245114 1.89731562091038 1.4874129765667 1.02782342629507 1.33447725186124 1.32388991722837 1.90912592969835 1.51471543242224 1.82841297332197 1.20519095100462 1.53560197143815 1.20469485479407 1.28877287497744 0.969574085669592 0.991417267825454 1.35379388136789 1.74560472369194 1.77776416600682 0 1.38805014523678 1.92022303096019
1.32358057214878 1.41639152425341 1.47062969952822 1.44640116603114 1.03601786401123 1.8859448635485 1.84270700183697 0.976473637623712 1.37468010815792 1.19739683368243 1.19330797949806 1.95116918068379 1.24597185174935 1.46992423478514 1.38553638011217 1.58930228301324 1.59126253449358 1.67376906215213 1.23342133313417 1.2285745467525 1.47610056796111 1.91366261593066 1.13737914222293 1.26044375495985 1.26269689318724 1.02533272583969 1.17442018096335 1.38805014523678 0 1.56836354965344
1.69257902307436 1.20214731991291 1.38428728538565 1.21140736830421 1.59955015499145 1.17920033237897 1.50543436594307 1.4610171597451 1.68964682985097 1.54723100434057 1.41541368304752 1.34619720303454 1.38514724886045 1.89964610990137 1.36938875704072 1.67924062348902 1.10677287890576 1.27572275442071 1.60821213969029 1.45293732197024 1.71417769091204 1.4523708014749 1.7968506347388 1.16369384154677 1.06414672941901 1.74291100911796 1.20577435777523 1.92022303096019 1.56836354965344 0
