0 1.24479062482715 1.78811929328367 1.76684481464326 1.21415917132981 1.75675012054853 1.70160512533039 1.57575024710968 1.46820854418911 1.62139402539469 1.32024802966043 1.73221685201861 1.89349722163752 0.971078706206754 1.79655592702329 1.3307930782903 1.36122105526738 1.46497913217172 1.06749243568629 1.28630450367928 1.15183711238205 1.40771553455852 1.44977209344506 1.37562549719587 1.83802409539931 1.40536928293295 1.62591861840338 1.23556525353342 1.15456960652955 1.7866033334285
1.24479062482715 0 1.07637505908497 1.12259091902524 1.33125533349812 1.27855077409185 1.43488396168686 1.55520616355352 1.06096938275732 1.83272938407026 1.54441194585524 1.26956866704859 1.15978438546881 1.33558792038821 1.90197371225804 1.09404942579567 1.16142165591009 1.30030029523186 1.8029744355008 1.62051936308853 0.926350047113374 1.69542374671437 1.68603254063055 1.56273403251544 1.19325881171972 1.82471558824182 1.75326372776181 1.44853519578464 1.01257696351968 1.79711894411594
1.78811929328367 1.07637505908497 0 0.943978843977675 1.57326298393309 1.12164460448548 0.929051939630881 1.34165317937732 1.67620443529449 1.09089228720404 1.70582839590497 1.7867163605988 1.85447877109982 1.16374739888124 1.07582636573352 1.55852284259163 1.29565015388653 1.26298895408399 1.66671793721616 0.946814661845565 1.09385935543105 1.78840158204548 1.15201361034997 1.62179490644485 1.40385591820814 1.25178098981269 1.32756287977099 1.78777047293261 1.24212340498343 0.980758898425847
1.76684481464326 1.12259091902524 0.943978843977675 0 1.09157961932942 1.24030899093486 1.35894822631963 1.2189947378356 0.976441650651395 1.62467878148891 1.31128724943846 1.79273906466551 1.75948793394491 1.63488876633346 1.4302542314399 1.14702468458563 1.26253906800412 1.11669440288097 1.87970173778012 0.959677922772244 1.28591210953891 1.06459072884172 1.05237507144921 1.73513222183101 1.67777547170408 1.452683218522 1.85258501488715 1.33511874824762 1.15517030563205 1.84913302515633
1.21415917132981 1.33125533349812 1.57326298393309 1.09157961932942 0 1.64982643933035 1.34648232441396 1.01515457476489 1.43592295073904 1.3005283314269 1.60003418335691 1.78354246402159 1.49648426612839 1.63303631660528 1.85652049235068 1.87420886522159 1.49789109639823 1.56451310031116 1.41710855998099 1.03400237229653 1.05459142313339 1.36901708017103 1.03139351983555 1.4297515116632 1.57730354438536 1.68112453073263 1.09439648641273 1.88973757717758 1.51749656000175 1.75035309465602
1.75675012054853 1.27855077409185 1.12164460448548 1.24030899093486 1.64982643933035 0 1.61152953957208 1.00265968893655 1.04643495636992 1.27909589186311 1.10549466614611 1.56233617570251 1.35205964348279 1.40607596863993 1.56263890350237 1.16623442387208 1.25120804389007 1.50153786269948 1.38341751508415 1.5279317740351 1.08292582491413 1.18657013680786 1.60496748168953 1.62345674377866 1.80605641403235 1.60264180670492 1.1655506209936 1.26225236919709 1.60422192467377 1.17931699566543
1.70160512533039 1.43488396168686 0.929051939630881 1.35894822631963 1.34648232441396 1.61152953957208 0 1.7994262680877 1.31102204555646 1.2804797233548 1.89871090417728 1.64605454402044 1.30329190078191 1.51095177186653 1.19823545962572 1.3801358116325 0.928104484453797 1.23796316189691 1.47845950326882 1.21311523043551 0.980094933416694 1.3588463475462 1.81019518873654 0.997045404510573 0.989552759332582 0.992107304278761 0.996457896661013 1.51806127792224 1.65098980884068 1.06418855953962
1.57575024710968 1.55520616355352 1.34165317937732 1.2189947378356 1.01515457476489 1.00265968893655 1.7994262680877 0 1.87478374503553 1.19807748915628 1.50300544593483 0.924033482791856 1.58740540780127 1.90082546346821 1.61753100412898 1.35353226633742 1.08588344254531 1.16270831553265 1.70232672709972 1.73039115290157 1.01170744537376 1.83012864133343 1.78067238000222 0.927159152692184 1.5159320384264 1.13441792363301 1.07195694954135 0.935370018472895 1.46263200161047 1.26383836893365
1.46820854418911 1.06096938275732 1.67620443529449 0.976441650651395 1.43592295073904 1.04643495636992 1.31102204555646 1.87478374503553 0 1.2942973242607 0.927860671887174 1.80371647258289 1.12415496935137 1.31951418635435 1.0084103832487 1.2291644080542 1.53211627108976 1.24084128765389 1.09030223824084 1.38960013957694 0.923008845420554 1.85652027255856 1.10612846608274 0.961554873734713 1.73808697774075 1.43037784402259 1.04345965059474 1.49014638829976 1.6349961112719 1.27517322730273
1.62139402539469 1.83272938407026 1.09089228720404 1.62467878148891 1.3005283314269 1.27909589186311 1.2804797233548 1.19807748915628 1.2942973242607 0 1.14075816911645 1.77903212490492 1.26900900760666 1.61802181694657 1.53738787421025 1.10957742878236 1.23296525818296 1.51935962750576 1.51877681585029 1.90320792444982 1.37715916894376 1.75130694080144 0.993857301305979 1.37121653743088 1.35177826136351 1.81803782912903 1.74476188886911 1.09173026820645 1.62490609684028 1.81833760719746
1.32024802966043 1.54441194585524 1.70582839590497 1.31128724943846 1.60003418335691 1.10549466614611 1.89871090417728 1.50300544593483 0.927860671887174 1.14075816911645 0 1.11636469583027 1.65318097895943 1.19305866956711 0.989982968196273 1.13962584594265 1.54035043017939 1.19557120581158 1.81612917874008 1.52790777245536 1.51972854253836 1.84041535877623 1.13843457354233 1.43241573125124 1.15228440891951 1.82780272886157 0.995284245349467 1.53319004527293 1.89499767008238 1.40206457208842
1.73221685201861 1.26956866704859 1.7867163605988 1.79273906466551 1.78354246402159 1.56233617570251 1.64605454402044 0.924033482791856 1.80371647258289 1.77903212490492 1.11636469583027 0 0.959550848929211 1.73190988274291 1.163443938829 1.04001439921558 1.24347146018408 1.37261161208153 1.86967210215516 1.38326875516213 1.15331293223426 1.48509758268483 1.19659427111037 1.05037957569584 1.28514793585055 1.38025002973154 1.19651092682034 1.35032065957785 1.28242307971232 1.18609596323222
1.89349722163752 1.15978438546881 1.85447877109982 1.75948793394491 1.49648426612839 1.35205964348279 1.30329190078191 1.58740540780127 1.12415496935137 1.26900900760666 1.65318097895943 0.959550848929211 0 1.51907269400544 1.61064765648916 1.73383014579304 1.68199192057364 1.00586060388014 1.04943574056961 1.23665938759223 1.88646057783626 1.43516467325389 1.68808235181496 1.70694134244695 1.31557154445909 1.21180301508866 1.52914113225415 1.67856462555937 1.09817380458117 1.78470998071134
0.971078706206754 1.33558792038821 1.16374739888124 1.63488876633346 1.63303631660528 1.40607596863993 1.51095177186653 1.90082546346821 1.31951418635435 1.61802181694657 1.19305866956711 1.73190988274291 1.51907269400544 0 1.547329939669 1.56991963158362 1.02790039498359 1.52563006640412 1.32255462696776 0.935843115439638 1.74767865194008 1.29885016311891 1.68025368265808 1.24972567334771 1.42142801336013 1.18474385282025 1.60731557733379 1.8508650935255 1.05155444471166 1.39212937396951
1.79655592702329 1.90197371225804 1.07582636573352 1.4302542314399 1.85652049235068 1.56263890350237 1.19823545962572 1.61753100412898 1.0084103832487 1.53738787421025 0.989982968196273 1.163443938829 1.61064765648916 1.547329939669 0 1.14000292052515 1.17468055407517 1.79510139999911 1.88024389906786 1.87010332103819 1.26487129135057 1.84280737442896 1.61870927852578 1.50579546298832 1.05877659795806 1.13093980797566 1.44994066935033 1.13629631069489 1.22437056316994 1.82527753221802
1.3307930782903 1.09404942579567 1.55852284259163 1.14702468458563 1.87420886522159 1.16623442387208 1.3801358116325 1.35353226633742 1.2291644080542 1.10957742878236 1.13962584594265 1.04001439921558 1.73383014579304 1.56991963158362 1.14000292052515 0 1.2982052275911 1.53928427095525 1.12318186555058 1.76716272183694 1.71682501607575 1.10257444251329 1.23408789653331 1.82241257023998 0.945060478057712 1.26732836500742 1.89043542556465 1.42844040854834 1.65551661862992 1.06997697474435
1.36122105526738 1.16142165591009 1.29565015388653 1.26253906800412 1.49789109639823 1.25120804389007 0.928104484453797 1.08588344254531 1.53211627108976 1.23296525818296 1.54035043017939 1.24347146018408 1.68199192057364 1.02790039498359 1.17468055407517 1.2982052275911 0 1.35723826428875 1.01555278617889 1.63209298904985 1.2789655670058 1.31215728889219 1.10220685787499 1.06086101545952 1.63069032132626 1.1350747521501 0.924225950147957 1.51655179890804 1.29380660527386 1.40852554957382
1.46497913217172 1.30030029523186 1.26298895408399 1.11669440288097 1.56451310031116 1.50153786269948 1.23796316189691 1.16270831553265 1.24084128765389 1.51935962750576 1.19557120581158 1.37261161208153 1.00586060388014 1.52563006640412 1.79510139999911 1.53928427095525 1.35723826428875 0 1.06416318216361 1.42208662815392 1.40227172314189 0.973513102624565 1.63004338694736 1.36148571758531 1.8750017771963 1.08980638999492 1.12919129105285 1.0817557813134 1.29023025347851 1.45636041485704
1.06749243568629 1.8029744355008 1.66671793721616 1.87970173778012 1.41710855998099 1.38341751508415 1.47845950326882 1.70232672709972 1.09030223824084 1.51877681585029 1.81612917874008 1.86967210215516 1.04943574056961 1.32255462696776 1.88024389906786 1.12318186555058 1.01555278617889 1.06416318216361 0 1.12013006955385 1.87068667402491 1.2466850921046 0.923983437940478 0.986984430812299 1.47119476483203 1.43761862814426 1.35780394962057 1.83623021095991 1.84295008098707 0.925727126654238
1.28630450367928 1.62051936308853 0.946814661845565 0.959677922772244 1.03400237229653 1.5279317740351 1.21311523043551 1.73039115290157 1.38960013957694 1.90320792444982 1.52790777245536 1.38326875516213 1.23665938759223 0.935843115439638 1.87010332103819 1.76716272183694 1.63209298904985 1.42208662815392 1.12013006955385 0 1.63733124523424 1.36955600231886 1.16294010984711 1.73490771558136 1.56433193292469 1.31475963373668 1.84238318004645 1.00603312486783 1.43947648862377 1.13933207420632
1.15183711238205 0.926350047113374 1.09385935543105 1.28591210953891 1.05459142313339 1.08292582491413 0.980094933416694 1.01170744537376 0.923008845420554 1.37715916894376 1.51972854253836 1.15331293223426 1.88646057783626 1.74767865194008 1.26487129135057 1.71682501607575 1.2789655670058 1.40227172314189 1.87068667402491 1.63733124523424 0 1.04050051025115 1.64954832405783 1.56286457320675 1.21810128027573 0.978445775806904 1.75512999622151 1.10725832358003 1.62608508439735 1.83206758811139
1.40771553455852 1.69542374671437 1.78840158204548 1.06459072884172 1.36901708017103 1.18657013680786 1.3588463475462 1.83012864133343 1.85652027255856 1.75130694080144 1.84041535877623 1.48509758268483 1.43516467325389 1.29885016311891 1.84280737442896 1.10257444251329 1.31215728889219 0.973513102624565 1.2466850921046 1.36955600231886 1.04050051025115 0 1.35754445567727 1.17162898159586 1.30778320459649 1.24976746249013 1.7015298223123 1.75430084136315 1.07187064643949 1.76944436063059
1.44977209344506 1.68603254063055 1.15201361034997 1.05237507144921 1.03139351983555 1.60496748168953 1.81019518873654 1.78067238000222 1.10612846608274 0.993857301305979 1.13843457354233 1.19659427111037 1.68808235181496 1.68025368265808 1.61870927852578 1.23408789653331 1.10220685787499 1.63004338694736 0.923983437940478 1.16294010984711 1.64954832405783 1.35754445567727 0 1.86663764389232 1.83055127249099 1.85930751287378 0.916339313378558 1.05967979505658 1.80620348080993 1.43204670096748
1.37562549719587 1.56273403251544 1.62179490644485 1.73513222183101 1.4297515116632 1.62345674377866 0.997045404510573 0.927159152692184 0.961554873734713 1.37121653743088 1.43241573125124 1.05037957569584 1.70694134244695 1.24972567334771 1.50579546298832 1.82241257023998 1.06086101545952 1.36148571758531 0.986984430812299 1.73490771558136 1.56286457320675 1.17162898159586 1.86663764389232 0 1.04330599284731 1.60673540853895 1.26146106678061 1.37768934154883 1.02998130442575 1.79496748954989
1.83802409539931 1.19325881171972 1.40385591820814 1.67777547170408 1.57730354438536 1.80605641403235 0.989552759332582 1.5159320384264 1.73808697774075 1.35177826136351 1.15228440891951 1.28514793585055 1.31557154445909 1.42142801336013 1.05877659795806 0.945060478057712 1.63069032132626 1.8750017771963 1.47119476483203 1.56433193292469 1.21810128027573 1.30778320459649 1.83055127249099 1.04330599284731 0 1.64896590448916 1.61045533674769 1.25826614489779 1.15573577117175 1.28042539698072
1.40536928293295 1.82471558824182 1.25178098981269 1.452683218522 1.68112453073263 1.60264180670492 0.992107304278761 1.13441792363301 1.43037784402259 1.81803782912903 1.82780272886157 1.38025002973154 1.21180301508866 1.18474385282025 1.13093980797566 1.26732836500742 1.1350747521501 1.08980638999492 1.43761862814426 1.31475963373668 0.978445775806904 1.24976746249013 1.85930751287378 1.60673540853895 1.64896590448916 0 1.57579768635333 1.77965976390988 1.60697636590339 1.52068643085659
1.62591861840338 1.75326372776181 1.32756287977099 1.85258501488715 1.09439648641273 1.1655506209936 0.996457896661013 1.07195694954135 1.04345965059474 1.74476188886911 0.995284245349467 1.19651092682034 1.52914113225415 1.60731557733379 1.44994066935033 1.89043542556465 0.924225950147957 1.12919129105285 1.35780394962057 1.84238318004645 1.75512999622151 1.7015298223123 0.916339313378558 1.26146106678061 1.61045533674769 1.57579768635333 0 1.1155829296913 0.920223847264424 1.87926584132947
1.23556525353342 1.44853519578464 1.78777047293261 1.33511874824762 1.88973757717758 1.26225236919709 1.51806127792224 0.935370018472895 1.49014638829976 1.09173026820645 1.53319004527293 1.35032065957785 1.67856462555937 1.8508650935255 1.13629631069489 1.42844040854834 1.51655179890804 1.0817557813134 1.83623021095991 1.00603312486783 1.10725832358003 1.75430084136315 1.05967979505658 1.37768934154883 1.25826614489779 1.77965976390988 1.1155829296913 0 1.3662866349332 0.910503084305674
1.15456960652955 1.01257696351968 1.24212340498343 1.15517030563205 1.51749656000175 1.60422192467377 1.65098980884068 1.46263200161047 1.6349961112719 1.62490609684028 1.89499767008238 1.28242307971232 1.09817380458117 1.05155444471166 1.22437056316994 1.65551661862992 1.29380660527386 1.29023025347851 1.84295008098707 1.43947648862377 1.62608508439735 1.07187064643949 1.80620348080993 1.02998130442575 1.15573577117175 1.60697636590339 0.920223847264424 1.3662866349332 0 1.83150153188035
1.7866033334285 1.79711894411594 0.980758898425847 1.84913302515633 1.75035309465602 1.17931699566543 1.06418855953962 1.26383836893365 1.27517322730273 1.81833760719746 1.40206457208842 1.18609596323222 1.78470998071134 1.39212937396951 1.82527753221802 1.06997697474435 1.40852554957382 1.45636041485704 0.925727126654238 1.13933207420632 1.83206758811139 1.76944436063059 1.43204670096748 1.79496748954989 1.28042539698072 1.52068643085659 1.87926584132947 0.910503084305674 1.83150153188035 0
