0 1.23958165780641 1.38679835014045 1.39189052581787 1.55351040698588 1.61322673899122 1.60594247397967 1.09775244258344 1.32451932434924 1.80270394217223 1.58847040543333 1.32345879892819 1.84177008923143 1.53515202901326 1.13360920245759 1.51068758685142 0.985599156003445 1.56457819230855 1.79525346122682 1.76911296974868 1.22063743812032 1.77669892087579 1.7861256741453 1.32888094312511 1.92538506770507 1.59968424122781 1.74564533028752 1.35910180024803 1.87410318059847 1.54720239038579
1.23958165780641 0 1.41464678384364 1.07777064410038 1.26882984582335 1.62586312554777 1.1483577627223 1.33260069345124 1.34420467843302 1.30972628551535 1.11082230508327 1.90965899126604 1.85501139238477 1.13779788231477 1.03684234758839 1.52715684124269 1.92128450702876 1.2850099648349 1.02354851504788 1.88983501656912 1.6414279404562 1.87056750478223 1.50282775168307 1.86487601161934 1.42925966810435 1.6508416030556 1.24271679809317 1.645135484403 1.78562090289779 1.90002663410269
1.38679835014045 1.41464678384364 0 1.27164713782258 1.74966855044477 1.29125118185766 1.78330439585261 1.88448991300538 1.01123090647161 1.70168365980498 1.82549230265431 1.6763443427626 1.67932917852886 1.62039383151568 1.28571947081946 0.983941240003332 1.8625417444855 1.56221987213939 1.56844707974233 1.74702785722911 1.7427460772451 1.64074200415052 1.05515534128062 1.05152714019641 1.54135096096434 1.25279577984475 1.01449479721487 1.64100073114969 1.21368052181788 1.16636994248256
1.39189052581787 1.07777064410038 1.27164713782258 0 1.833824158879 1.65314188459888 1.7763157223817 1.092215702869 1.35698671452701 1.74365283059888 1.23404830065556 0.978332221508026 1.33525966061279 1.57590867439285 1.58738948730752 1.84678970766254 1.09534378442913 1.47519252100028 1.57217089924961 1.11522519611754 1.38063675188459 1.95035259705037 1.60668094689026 1.67919913935475 1.51528582395986 1.5756155566778 1.52801907388493 1.79084996134043 1.65828635916114 1.77224135003053
1.55351040698588 1.26882984582335 1.74966855044477 1.833824158879 0 1.8287891743239 1.40268277353607 1.87104693194851 1.70162708801217 1.2043424686417 1.87223100545816 1.74069079197943 1.09505996038206 1.47767502488568 1.52821617131121 1.26869954820722 1.6874343813397 1.2688208699692 1.73806361970492 1.38809866178781 1.23049251479097 1.38145163585432 1.84144672797993 1.31399142509326 1.40821283706464 1.03055398818105 1.25210010586306 1.129383970052 1.55378862097859 1.73184022936039
1.61322673899122 1.62586312554777 1.29125118185766 1.65314188459888 1.8287891743239 0 1.51985636167228 1.88492763391696 1.60251904511824 1.62653911695816 1.35180173185654 1.60899260034785 1.82259453996085 1.66020749649033 1.55946234497242 1.31791804265231 1.46351159759797 1.91128139104694 1.12287226342596 1.82490990869701 1.094444434857 1.33934951596893 1.76839025015943 1.74872364662588 1.55406108079478 1.59084576740861 1.91301353275776 1.90613520797342 1.06251426343806 1.86725007044151
1.60594247397967 1.1483577627223 1.78330439585261 1.7763157223817 1.40268277353607 1.51985636167228 0 1.42492694105022 1.33034427068196 1.31783637800254 1.58949074707925 1.0680151048582 1.15094345714897 1.6835851976648 1.19231229834259 1.51753989374265 1.09614393557422 1.21317080641165 1.82515851035714 1.84249009308405 1.4542825371027 1.33170569501817 1.733112788992 1.0760983764194 1.65454278048128 1.01917969854549 1.43107710895129 1.09608927788213 1.6663723513484 1.6841253801249
1.09775244258344 1.33260069345124 1.88448991300538 1.092215702869 1.87104693194851 1.88492763391696 1.42492694105022 0 1.53624720405787 1.81831259606406 1.78136823442765 1.5792551599443 1.03600433794782 0.965083169750869 1.85683994065039 1.063096356811 1.22881610482 1.58967636781745 1.92924111685716 1.48735135956667 1.8339776606299 0.976444235304371 1.34288613195531 1.34301347262226 1.41245166352019 1.32674420881085 1.91810041991994 1.55942031694576 1.1151796868071 1.00127530959435
1.32451932434924 1.34420467843302 1.01123090647161 1.35698671452701 1.70162708801217 1.60251904511824 1.33034427068196 1.53624720405787 0 1.57765005296096 1.12704034149647 1.31630507158116 1.70119151240215 1.79342748411 1.72612561844289 1.02423635032028 1.26818559132516 1.24155911221169 1.52533400058746 1.28135907137766 1.37726654321887 1.6335632421542 1.03333934862167 1.35757063166238 1.89197558560409 1.07190572377294 1.75705909705721 1.66929275798611 1.02989770588465 1.70354952150956
1.80270394217223 1.30972628551535 1.70168365980498 1.74365283059888 1.2043424686417 1.62653911695816 1.31783637800254 1.81831259606406 1.57765005296096 0 0.980129841482267 1.15840918174945 1.61771776364185 1.13402669411153 1.13788935588673 1.07786843692884 1.31039910484105 1.40754012484103 1.86483882367611 1.75535310874693 1.15993931726553 1.90014310157858 1.26034623291343 1.78202995681204 1.10226282267831 1.79947053291835 1.18721047416329 1.19985970365815 1.18774345214479 1.25940220733173
1.58847040543333 1.11082230508327 1.82549230265431 1.23404830065556 1.87223100545816 1.35180173185654 1.58949074707925 1.78136823442765 1.12704034149647 0.980129841482267 0 1.12696768064052 1.18213204550557 1.56761160865426 1.69660230679438 1.00330738862976 1.3280343178194 0.969894403591752 1.35563130257651 0.956457668915391 1.74955180939287 1.09719264670275 1.9180885462556 1.29361393884756 1.48550554271787 1.77667762874626 1.31893289647996 1.34346260828897 1.76586857484654 1.1446976668667
1.32345879892819 1.90965899126604 1.6763443427626 0.978332221508026 1.74069079197943 1.60899260034785 1.0680151048582 1.5792551599443 1.31630507158116 1.15840918174945 1.12696768064052 0 1.01856579328887 1.11498280218802 1.38659044820815 1.85409848298877 1.45707778260112 1.36412617587484 1.93412606534548 1.8445027389098 1.28231919906102 1.19945716438815 1.2229854746256 1.08151795575395 1.87367458431982 1.75750415213406 1.9463802059181 1.51346372929402 1.72277850308456 1.72503830469213
1.84177008923143 1.85501139238477 1.67932917852886 1.33525966061279 1.09505996038206 1.82259453996085 1.15094345714897 1.03600433794782 1.70119151240215 1.61771776364185 1.18213204550557 1.01856579328887 0 1.4912654182408 1.3725968725048 1.11918843188323 1.06999453622848 1.84881061222404 1.92954949336126 1.81441824347712 1.73413894278929 1.8775127409026 1.51428941660561 1.73055844730698 1.17304756329395 1.4953233145643 1.04202103288844 0.961383003741503 1.31219676090404 1.08162568206899
1.53515202901326 1.13779788231477 1.62039383151568 1.57590867439285 1.47767502488568 1.66020749649033 1.6835851976648 0.965083169750869 1.79342748411 1.13402669411153 1.56761160865426 1.11498280218802 1.4912654182408 0 1.09933905210346 1.9289011163637 1.73298888956197 1.76485145278275 1.64267683960497 0.985569896409288 1.79605667944998 1.10808785352856 1.3243036842905 1.87128118588589 1.0959915004205 1.26603801688179 1.57831496768631 1.29490329627879 1.66562589723617 1.16062753251754
1.13360920245759 1.03684234758839 1.28571947081946 1.58738948730752 1.52821617131121 1.55946234497242 1.19231229834259 1.85683994065039 1.72612561844289 1.13788935588673 1.69660230679438 1.38659044820815 1.3725968725048 1.09933905210346 0 1.54159843083471 1.75620023696683 1.07790508656763 1.1407317079138 1.82823571935296 1.00117346597835 1.16887998417951 1.29802829655819 1.56576503301039 1.85948223387823 1.40252047637478 1.09972363384441 0.982651528902352 1.23518862412311 1.45292196096852
1.51068758685142 1.52715684124269 0.983941240003332 1.84678970766254 1.26869954820722 1.31791804265231 1.51753989374265 1.063096356811 1.02423635032028 1.07786843692884 1.00330738862976 1.85409848298877 1.11918843188323 1.9289011163637 1.54159843083471 0 1.39287414308637 1.38292436348274 1.07567840022966 1.41891390341334 1.02438493445516 1.3504657803569 1.88684722851031 1.13510780152865 1.34362044697627 1.49244346912019 1.80825911019929 1.91097185364924 1.62722805980593 1.02191914361902
0.985599156003445 1.92128450702876 1.8625417444855 1.09534378442913 1.6874343813397 1.46351159759797 1.09614393557422 1.22881610482 1.26818559132516 1.31039910484105 1.3280343178194 1.45707778260112 1.06999453622848 1.73298888956197 1.75620023696683 1.39287414308637 0 1.92357176262885 1.86104926932603 1.55375841632485 0.951396891847253 1.55383359524421 0.961166547145694 1.65167746227235 1.85791745549068 1.82575708022341 1.59009368997067 1.30841418285854 1.53409980470315 1.58983940281905
1.56457819230855 1.2850099648349 1.56221987213939 1.47519252100028 1.2688208699692 1.91128139104694 1.21317080641165 1.58967636781745 1.24155911221169 1.40754012484103 0.969894403591752 1.36412617587484 1.84881061222404 1.76485145278275 1.07790508656763 1.38292436348274 1.92357176262885 0 1.66834461223334 1.30178979318589 1.94292547414079 1.62271231622435 1.78529660101049 1.22826436930336 1.32730053295381 1.71104307682253 1.7744121029973 1.88453128794208 1.63673452241346 1.39572793105617
1.79525346122682 1.02354851504788 1.56844707974233 1.57217089924961 1.73806361970492 1.12287226342596 1.82515851035714 1.92924111685716 1.52533400058746 1.86483882367611 1.35563130257651 1.93412606534548 1.92954949336126 1.64267683960497 1.1407317079138 1.07567840022966 1.86104926932603 1.66834461223334 0 1.00710102007724 1.26817697449587 1.15992810716853 0.996338665718213 1.42254722979851 1.25592188676819 1.26551557681523 1.42861143290065 1.62151433154941 1.8056137363892 1.02868028962985
1.76911296974868 1.88983501656912 1.74702785722911 1.11522519611754 1.38809866178781 1.82490990869701 1.84249009308405 1.48735135956667 1.28135907137766 1.75535310874693 0.956457668915391 1.8445027389098 1.81441824347712 0.985569896409288 1.82823571935296 1.41891390341334 1.55375841632485 1.30178979318589 1.00710102007724 0 1.45397170004435 1.32520362292416 0.961630877340212 1.3241042017471 1.12283401354216 1.45619833795354 1.84012389904819 1.01079813833348 1.1133961386513 1.80820208182558
1.22063743812032 1.6414279404562 1.7427460772451 1.38063675188459 1.23049251479097 1.094444434857 1.4542825371027 1.8339776606299 1.37726654321887 1.15993931726553 1.74955180939287 1.28231919906102 1.73413894278929 1.79605667944998 1.00117346597835 1.02438493445516 0.951396891847253 1.94292547414079 1.26817697449587 1.45397170004435 0 1.78780604340136 1.59731704788283 1.76030040229671 1.43319296534173 1.54720194987021 1.18620312702842 1.42493111011572 1.49445684999228 1.94060823204927
1.77669892087579 1.87056750478223 1.64074200415052 1.95035259705037 1.38145163585432 1.33934951596893 1.33170569501817 0.976444235304371 1.6335632421542 1.90014310157858 1.09719264670275 1.19945716438815 1.8775127409026 1.10808785352856 1.16887998417951 1.3504657803569 1.55383359524421 1.62271231622435 1.15992810716853 1.32520362292416 1.78780604340136 0 1.10368052916601 1.23766447789967 1.36756091634743 1.89275323809125 1.34185895672999 1.50464000483043 1.17803686531261 1.78812540136278
1.7861256741453 1.50282775168307 1.05515534128062 1.60668094689026 1.84144672797993 1.76839025015943 1.733112788992 1.34288613195531 1.03333934862167 1.26034623291343 1.9180885462556 1.2229854746256 1.51428941660561 1.3243036842905 1.29802829655819 1.88684722851031 0.961166547145694 1.78529660101049 0.996338665718213 0.961630877340212 1.59731704788283 1.10368052916601 0 1.12549185520038 1.89261281467043 1.39349100249819 1.27210926148109 1.32627415051684 1.403272297699 1.06911477795802
1.32888094312511 1.86487601161934 1.05152714019641 1.67919913935475 1.31399142509326 1.74872364662588 1.0760983764194 1.34301347262226 1.35757063166238 1.78202995681204 1.29361393884756 1.08151795575395 1.73055844730698 1.87128118588589 1.56576503301039 1.13510780152865 1.65167746227235 1.22826436930336 1.42254722979851 1.3241042017471 1.76030040229671 1.23766447789967 1.12549185520038 0 1.80465212301351 1.11614709114656 1.62443397194147 1.78267175541259 1.48306419840083 1.46263425704092
1.92538506770507 1.42925966810435 1.54135096096434 1.51528582395986 1.40821283706464 1.55406108079478 1.65454278048128 1.41245166352019 1.89197558560409 1.10226282267831 1.48550554271787 1.87367458431982 1.17304756329395 1.0959915004205 1.85948223387823 1.34362044697627 1.85791745549068 1.32730053295381 1.25592188676819 1.12283401354216 1.43319296534173 1.36756091634743 1.89261281467043 1.80465212301351 0 1.62129436735995 1.72895815223455 1.64482396189123 1.70044752326794 1.01330817188136
1.59968424122781 1.6508416030556 1.25279577984475 1.5756155566778 1.03055398818105 1.59084576740861 1.01917969854549 1.32674420881085 1.07190572377294 1.79947053291835 1.77667762874626 1.75750415213406 1.4953233145643 1.26603801688179 1.40252047637478 1.49244346912019 1.82575708022341 1.71104307682253 1.26551557681523 1.45619833795354 1.54720194987021 1.89275323809125 1.39349100249819 1.11614709114656 1.62129436735995 0 1.93711050623097 0.982997784391046 1.31801227107644 1.08622109564021
1.74564533028752 1.24271679809317 1.01449479721487 1.52801907388493 1.25210010586306 1.91301353275776 1.43107710895129 1.91810041991994 1.75705909705721 1.18721047416329 1.31893289647996 1.9463802059181 1.04202103288844 1.57831496768631 1.09972363384441 1.80825911019929 1.59009368997067 1.7744121029973 1.42861143290065 1.84012389904819 1.18620312702842 1.34185895672999 1.27210926148109 1.62443397194147 1.72895815223455 1.93711050623097 0 1.15392237529159 1.80745454272255 1.21251511620358
1.35910180024803 1.645135484403 1.64100073114969 1.79084996134043 1.129383970052 1.90613520797342 1.09608927788213 1.55942031694576 1.66929275798611 1.19985970365815 1.34346260828897 1.51346372929402 0.961383003741503 1.29490329627879 0.982651528902352 1.91097185364924 1.30841418285854 1.88453128794208 1.62151433154941 1.01079813833348 1.42493111011572 1.50464000483043 1.32627415051684 1.78267175541259 1.64482396189123 0.982997784391046 1.15392237529159 0 1.52026257524267 1.73472067248076
1.87410318059847 1.78562090289779 1.21368052181788 1.65828635916114 1.55378862097859 1.06251426343806 1.6663723513484 1.1151796868071 1.02989770588465 1.18774345214479 1.76586857484654 1.72277850308456 1.31219676090404 1.66562589723617 1.23518862412311 1.62722805980593 1.53409980470315 1.63673452241346 1.8056137363892 1.1133961386513 1.49445684999228 1.17803686531261 1.403272297699 1.48306419840083 1.70044752326794 1.31801227107644 1.80745454272255 1.52026257524267 0 1.76052605267614
1.54720239038579 1.90002663410269 1.16636994248256 1.77224135003053 1.73184022936039 1.86725007044151 1.6841253801249 1.00127530959435 1.70354952150956 1.25940220733173 1.1446976668667 1.72503830469213 1.08162568206899 1.16062753251754 1.45292196096852 1.02191914361902 1.58983940281905 1.39572793105617 1.02868028962985 1.80820208182558 1.94060823204927 1.78812540136278 1.06911477795802 1.46263425704092 1.01330817188136 1.08622109564021 1.21251511620358 1.73472067248076 1.76052605267614 0
