0 1.92279333341867 1.52152777742594 1.61891403980553 1.00517142843455 1.53840413945727 1.79921496519819 1.33470796025358 1.76390923233703 1.56348449434154 1.89165826467797 1.73418093565851 1.86699683102779 1.30632244423032 1.38869281928055 1.72751025273465 1.32178401085548 1.35629567457363 1.03038438595831 1.01013921014965 1.6886995555833 1.57375046890229 1.11246028263122 1.36977094155736 0.985945033608004 1.34255338832736 1.43390720314346 1.47632226999849 1.24701607041061 1.7858647799585
1.92279333341867 0 1.82588469935581 1.39153664861806 1.32865788624622 1.32690418697894 1.50298533099703 1.5865338454023 1.41807838762179 1.80146779702045 1.91382342018187 0.99779302906245 1.30214030761272 1.17630377504975 1.42745945020579 1.00794069212861 1.20689773396589 1.55900465417653 1.58051895326935 1.54511254956014 1.4145759199746 1.85252198460512 1.19371534604579 1.41780184907839 1.28683063690551 1.89499664120376 1.21450249594636 1.25743633462116 1.8847667160444 0.974827869562432
1.52152777742594 1.82588469935581 0 1.13667185162194 1.78676520497538 1.43435286730528 1.45562906097621 1.60540796164423 1.35043691494502 1.56022618385032 1.34779640752822 1.19844987522811 1.88275106181391 1.52075767284259 1.30871517164633 1.72062529507093 1.86067649861798 1.25399859505706 1.40594847244211 1.56568666547537 1.45269153499976 1.63305544340983 1.71781567879952 1.28031263686717 1.82050465489738 1.15043188305572 1.18494234140962 1.84449318773113 1.40772329852916 1.58061662712134
1.61891403980553 1.39153664861806 1.13667185162194 0 1.40957766538486 1.44153534621 1.2679767597001 1.92655444284901 1.16411075368524 1.94820468616672 1.76501013408415 1.35847570979968 1.95443011657335 1.59042601799592 0.970734338043258 1.18441475881264 1.02432184480131 1.53175874380395 1.58551057591103 1.85833087773062 1.63005781779066 1.03627730207518 1.03641234873794 1.29834311990999 1.1250465856865 1.48853455879726 1.64354177005589 1.78657603240572 1.63523789448664 1.14182024169713
1.00517142843455 1.32865788624622 1.78676520497538 1.40957766538486 0 1.58864068379626 1.75002302275971 1.30356370378286 1.51451673801057 1.70891996659338 1.61163550778292 1.93266788613982 1.46595606207848 1.28613662812859 1.49133081641048 1.94256199034862 1.36638464848511 1.77991279214621 0.998571858508512 1.42310827132314 1.86014273087494 1.46434184373356 1.63673187536187 1.84819542244077 1.57926848391071 1.56016900367104 1.7574996794574 1.68571547418833 1.2263917690143 1.36515875672922
1.53840413945727 1.32690418697894 1.43435286730528 1.44153534621 1.58864068379626 0 1.15712844068184 1.49097287794575 1.01090054167435 1.29748893924989 1.75616432027891 1.4502381188795 1.23914362932555 1.37723861495033 1.75988796935417 1.60071680834517 1.7634155722335 1.78668872336857 1.21217891876586 1.19807141716592 1.10095780761912 1.13389241276309 1.4781732307747 1.59661519364454 1.65381694771349 1.20858463342302 1.23566735396162 1.37117960816249 1.26315702940337 1.39207117212936
1.79921496519819 1.50298533099703 1.45562906097621 1.2679767597001 1.75002302275971 1.15712844068184 0 1.20121618406847 1.43241594545543 1.26544461469166 1.05977551615797 1.53765079984441 1.62984422291629 1.57313250168227 1.08463821792975 1.76334639731795 0.989650762174278 1.74022669252008 1.4081240047235 1.45229811687022 1.51302106492221 1.44405778008513 1.59863263997249 1.60106417676434 1.69692956190556 1.82519734557718 1.21949549484998 0.966075027361512 1.82319463789463 1.17174637317657
1.33470796025358 1.5865338454023 1.60540796164423 1.92655444284901 1.30356370378286 1.49097287794575 1.20121618406847 0 1.3553072004579 1.81781731150113 1.65499934926629 1.00470395339653 1.28806953970343 1.35329188872129 1.23849534755573 1.0439811500255 1.04201703472063 1.77285884297453 1.04776411643252 1.83288306067698 0.957841723226011 0.973503144690767 1.84930153074674 1.03280170168728 1.58276582835242 1.08995382487774 1.25196543894708 1.80693341256119 1.72151059610769 1.35843628528528
1.76390923233703 1.41807838762179 1.35043691494502 1.16411075368524 1.51451673801057 1.01090054167435 1.43241594545543 1.3553072004579 0 1.46191361011006 1.19953717431054 1.19779225438833 1.31577617162839 1.38858675840311 1.53694741171785 1.91233540466055 1.48661903571337 1.09013880137354 1.13272434170358 1.90039671841078 1.33711989526637 1.67553317756392 1.02055732323788 1.64421363687143 1.46093325689435 1.77608565543778 1.84335764590651 1.39163482910953 1.56952596874908 1.18164631351829
1.56348449434154 1.80146779702045 1.56022618385032 1.94820468616672 1.70891996659338 1.29748893924989 1.26544461469166 1.81781731150113 1.46191361011006 0 1.45671885786578 1.07573006860912 1.76154115819372 1.35805763257667 1.21501041855663 1.15075647784397 1.33270562510006 1.30681298789568 1.64705270319246 1.44395672925748 1.31144239380956 1.34653659164906 1.41000078315847 1.34636929212138 1.60806565452367 1.34517263434827 1.45677866833284 1.49495552782901 1.37140176072717 1.06162477727048
1.89165826467797 1.91382342018187 1.34779640752822 1.76501013408415 1.61163550778292 1.75616432027891 1.05977551615797 1.65499934926629 1.19953717431054 1.45671885786578 0 1.00950744794682 1.82254060031846 1.56931252218783 1.0046311726328 1.50709382840432 1.39327200502157 1.22647367091849 1.84511010139249 1.92298886133358 1.17155727045611 1.90529737062752 1.169294715859 1.76570087834261 1.70854145055637 1.58092848374508 1.51702782930806 1.43130684178323 1.45385187631473 1.1298503188882
1.73418093565851 0.99779302906245 1.19844987522811 1.35847570979968 1.93266788613982 1.4502381188795 1.53765079984441 1.00470395339653 1.19779225438833 1.07573006860912 1.00950744794682 0 1.62969880294986 0.964291657553986 0.992755811894313 1.53148376871832 1.04748518392444 1.53317448263988 1.2599550364539 1.74617525516078 1.26070078136399 1.27760676899925 1.39456655434333 1.05801801453345 1.30461701052263 1.44139996240847 1.85584716685116 1.19712324277498 1.81301135593094 1.7177186764311
1.86699683102779 1.30214030761272 1.88275106181391 1.95443011657335 1.46595606207848 1.23914362932555 1.62984422291629 1.28806953970343 1.31577617162839 1.76154115819372 1.82254060031846 1.62969880294986 0 1.42076347325929 1.15393287991174 1.1494507775642 1.26443311339244 1.09927939204499 1.37995094852522 1.88506497838534 1.25392491254024 1.10127700376324 1.02402314171195 1.93808912369423 1.9505171708297 1.63515753927641 1.71064820559695 1.94329874659888 1.94499530829489 1.85403433884494
1.30632244423032 1.17630377504975 1.52075767284259 1.59042601799592 1.28613662812859 1.37723861495033 1.57313250168227 1.35329188872129 1.38858675840311 1.35805763257667 1.56931252218783 0.964291657553986 1.42076347325929 0 1.94694388029166 1.88782379217446 1.94155908050016 1.00023249769583 1.07404200243764 1.5775570475962 1.24169990676455 1.76744485693052 1.37005269015208 1.46127243270166 1.32538257678971 1.86632484500296 1.28636502055451 1.50538063375279 1.26757477410138 1.04637543368153
1.38869281928055 1.42745945020579 1.30871517164633 0.970734338043258 1.49133081641048 1.75988796935417 1.08463821792975 1.23849534755573 1.53694741171785 1.21501041855663 1.0046311726328 0.992755811894313 1.15393287991174 1.94694388029166 0 1.84261308657005 1.792331707431 1.48616171511821 1.38922963407822 1.08560109417886 1.8481320918072 1.73115455289371 1.87513813027181 1.04943150654435 1.1716031935066 1.67292853049003 1.76433439785615 1.39605109579861 1.67830663151108 1.88517253333703
1.72751025273465 1.00794069212861 1.72062529507093 1.18441475881264 1.94256199034862 1.60071680834517 1.76334639731795 1.0439811500255 1.91233540466055 1.15075647784397 1.50709382840432 1.53148376871832 1.1494507775642 1.88782379217446 1.84261308657005 0 1.22882471908815 1.127049803501 1.51925936690532 1.17665696959011 1.03360792854801 1.85648865648545 1.83449149644002 1.49224751559086 0.962070694891736 1.80082511599176 1.09300526231527 1.80440421635285 1.71708752121776 1.91919858963229
1.32178401085548 1.20689773396589 1.86067649861798 1.02432184480131 1.36638464848511 1.7634155722335 0.989650762174278 1.04201703472063 1.48661903571337 1.33270562510006 1.39327200502157 1.04748518392444 1.26443311339244 1.94155908050016 1.792331707431 1.22882471908815 0 1.11082585435361 1.55992579320446 1.42769070109352 1.73680098983459 0.960860664956272 1.62760408176109 1.38030199892819 1.59740335936658 1.62037116871215 1.90795734804124 1.95572578953579 1.08006205153652 1.30319396359846
1.35629567457363 1.55900465417653 1.25399859505706 1.53175874380395 1.77991279214621 1.78668872336857 1.74022669252008 1.77285884297453 1.09013880137354 1.30681298789568 1.22647367091849 1.53317448263988 1.09927939204499 1.00023249769583 1.48616171511821 1.127049803501 1.11082585435361 0 1.9391987095587 1.34893093327992 0.973558404715732 1.4677840010263 1.65059315576218 1.12764018098824 1.13107194774784 1.05639358260669 1.92748801759444 1.54966008686461 1.86003011604771 1.3448174209334
1.03038438595831 1.58051895326935 1.40594847244211 1.58551057591103 0.998571858508512 1.21217891876586 1.4081240047235 1.04776411643252 1.13272434170358 1.64705270319246 1.84511010139249 1.2599550364539 1.37995094852522 1.07404200243764 1.38922963407822 1.51925936690532 1.55992579320446 1.9391987095587 0 1.15571163361892 1.56657891883515 1.07722169882618 1.26252387464046 1.44342132820748 1.60612660925835 1.53935428289697 1.6942460918799 1.03042948525399 1.73357324488461 1.94659235002473
1.01013921014965 1.54511254956014 1.56568666547537 1.85833087773062 1.42310827132314 1.19807141716592 1.45229811687022 1.83288306067698 1.90039671841078 1.44395672925748 1.92298886133358 1.74617525516078 1.88506497838534 1.5775570475962 1.08560109417886 1.17665696959011 1.42769070109352 1.34893093327992 1.15571163361892 0 1.0732564763166 1.32754620281048 1.28924650209956 1.40357433212921 1.79857481876388 1.60470900405198 1.64213072857819 1.87948573660105 1.32475972501561 1.68773086904548
1.6886995555833 1.4145759199746 1.45269153499976 1.63005781779066 1.86014273087494 1.10095780761912 1.51302106492221 0.957841723226011 1.33711989526637 1.31144239380956 1.17155727045611 1.26070078136399 1.25392491254024 1.24169990676455 1.8481320918072 1.03360792854801 1.73680098983459 0.973558404715732 1.56657891883515 1.0732564763166 0 1.11968736234121 1.94920854945667 1.09894622676075 1.82612217776477 1.0326804027427 1.28513974929228 1.14648436638527 1.89386645914055 1.16499079531059
1.57375046890229 1.85252198460512 1.63305544340983 1.03627730207518 1.46434184373356 1.13389241276309 1.44405778008513 0.973503144690767 1.67553317756392 1.34653659164906 1.90529737062752 1.27760676899925 1.10127700376324 1.76744485693052 1.73115455289371 1.85648865648545 0.960860664956272 1.4677840010263 1.07722169882618 1.32754620281048 1.11968736234121 0 1.32723850943148 1.5701731860172 1.32460263906978 1.0246303845197 1.15725183766335 1.71293428307399 1.52263347129337 1.94119260832667
1.11246028263122 1.19371534604579 1.71781567879952 1.03641234873794 1.63673187536187 1.4781732307747 1.59863263997249 1.84930153074674 1.02055732323788 1.41000078315847 1.169294715859 1.39456655434333 1.02402314171195 1.37005269015208 1.87513813027181 1.83449149644002 1.62760408176109 1.65059315576218 1.26252387464046 1.28924650209956 1.94920854945667 1.32723850943148 0 1.36969220964238 1.19171315431595 0.997819147771224 1.9268808895722 1.5620804540813 1.73072186647914 1.8128030623775
1.36977094155736 1.41780184907839 1.28031263686717 1.29834311990999 1.84819542244077 1.59661519364454 1.60106417676434 1.03280170168728 1.64421363687143 1.34636929212138 1.76570087834261 1.05801801453345 1.93808912369423 1.46127243270166 1.04943150654435 1.49224751559086 1.38030199892819 1.12764018098824 1.44342132820748 1.40357433212921 1.09894622676075 1.5701731860172 1.36969220964238 0 1.37530570663512 0.988122289068997 1.58825191343203 1.57902813260444 1.52616940927692 1.0715090977028
0.985945033608004 1.28683063690551 1.82050465489738 1.1250465856865 1.57926848391071 1.65381694771349 1.69692956190556 1.58276582835242 1.46093325689435 1.60806565452367 1.70854145055637 1.30461701052263 1.9505171708297 1.32538257678971 1.1716031935066 0.962070694891736 1.59740335936658 1.13107194774784 1.60612660925835 1.79857481876388 1.82612217776477 1.32460263906978 1.19171315431595 1.37530570663512 0 0.983847355935723 1.49945019185543 1.72599681303836 1.45370139321312 1.57175268931314
1.34255338832736 1.89499664120376 1.15043188305572 1.48853455879726 1.56016900367104 1.20858463342302 1.82519734557718 1.08995382487774 1.77608565543778 1.34517263434827 1.58092848374508 1.44139996240847 1.63515753927641 1.86632484500296 1.67292853049003 1.80082511599176 1.62037116871215 1.05639358260669 1.53935428289697 1.60470900405198 1.0326804027427 1.0246303845197 0.997819147771224 0.988122289068997 0.983847355935723 0 1.52250324725173 1.21194334840402 1.48624277883209 1.36338795465417
1.43390720314346 1.21450249594636 1.18494234140962 1.64354177005589 1.7574996794574 1.23566735396162 1.21949549484998 1.25196543894708 1.84335764590651 1.45677866833284 1.51702782930806 1.85584716685116 1.71064820559695 1.28636502055451 1.76433439785615 1.09300526231527 1.90795734804124 1.92748801759444 1.6942460918799 1.64213072857819 1.28513974929228 1.15725183766335 1.9268808895722 1.58825191343203 1.49945019185543 1.52250324725173 0 1.66704309452325 1.20653995755129 1.13783145439811
1.47632226999849 1.25743633462116 1.84449318773113 1.78657603240572 1.68571547418833 1.37117960816249 0.966075027361512 1.80693341256119 1.39163482910953 1.49495552782901 1.43130684178323 1.19712324277498 1.94329874659888 1.50538063375279 1.39605109579861 1.80440421635285 1.95572578953579 1.54966008686461 1.03042948525399 1.87948573660105 1.14648436638527 1.71293428307399 1.5620804540813 1.57902813260444 1.72599681303836 1.21194334840402 1.66704309452325 0 1.90289106429555 1.16936358809471
1.24701607041061 1.8847667160444 1.40772329852916 1.63523789448664 1.2263917690143 1.26315702940337 1.82319463789463 1.72151059610769 1.56952596874908 1.37140176072717 1.45385187631473 1.81301135593094 1.94499530829489 1.26757477410138 1.67830663151108 1.71708752121776 1.08006205153652 1.86003011604771 1.73357324488461 1.32475972501561 1.89386645914055 1.52263347129337 1.73072186647914 1.52616940927692 1.45370139321312 1.48624277883209 1.20653995755129 1.90289106429555 0 1.20232306607068
1.7858647799585 0.974827869562432 1.58061662712134 1.14182024169713 1.36515875672922 1.39207117212936 1.17174637317657 1.35843628528528 1.18164631351829 1.06162477727048 1.1298503188882 1.7177186764311 1.85403433884494 1.04637543368153 1.88517253333703 1.91919858963229 1.30319396359846 1.3448174209334 1.94659235002473 1.68773086904548 1.16499079531059 1.94119260832667 1.8128030623775 1.0715090977028 1.57175268931314 1.36338795465417 1.13783145439811 1.16936358809471 1.20232306607068 0
