0 1.71218207711354 1.76480252831243 1.83708209032193 1.68063102383167 1.15730628068559 1.25166372652166 1.68335658404976 1.57657053531148 1.19827595283277 1.31273152027279 0.906946445349604 1.24248776165769 1.04625455336645 1.26436320086941 1.32538912980817 1.02061671228148 1.86154796788469 1.15304459771141 1.76375925308093 1.62230529822409 1.22772480384447 1.88805858674459 1.25004310556687 1.29680407303385 1.51945228641853 1.19556886306964 1.09694082778879 1.67780161998235 1.52924053510651
1.71218207711354 0 1.15698693832383 1.23995609069243 1.30324592930265 1.72195705887862 1.65425306651741 1.84120960952714 0.988833778304979 1.14086369774304 0.93580751423724 1.1792840694543 0.938698290381581 1.74480440653861 1.48829761892557 1.42371282516979 1.32658467581496 0.915359567385167 1.59426154498942 1.12737542088144 1.18239200580865 1.16116370330565 1.24931203434244 1.52003950322978 1.42846498871222 1.65013244492002 1.03496531862766 1.11840826296248 1.05167416762561 1.24457312002778
1.76480252831243 1.15698693832383 0 1.55491501512006 1.32401043805294 1.01483176741749 1.09712551976554 1.10552969807759 1.5925666145049 0.970044737914577 1.78758652205579 1.90216381591745 1.86058375216089 1.22151615587063 1.57266549952328 1.1862566084601 1.40595364850014 1.75656866468489 1.2985397875309 1.02002073684707 1.01257327501662 1.02906387788244 1.83379997964948 1.54373869695701 1.56842338317074 1.24135572905652 1.78410934284329 1.53258308884688 1.73997654044069 1.46079801255837
1.83708209032193 1.23995609069243 1.55491501512006 0 1.2130653152708 1.84935257933103 1.60317998449318 1.23928330792114 1.16263473546132 0.962574835168198 1.75937027926557 1.05829964159057 1.05801922501996 1.87218032614328 1.07496139127761 1.51412513153628 1.26721614273265 1.49786925851367 1.56760689523071 1.65998218231834 1.47510025370866 1.72422941122204 1.21267492766492 1.46361569827422 1.2105617064517 1.89690317283385 1.52519837394357 1.530510739889 1.04469132842496 1.10323789971881
1.68063102383167 1.30324592930265 1.32401043805294 1.2130653152708 0 1.52689127670601 0.958782438188791 1.59063567384146 1.48847627290525 1.53065121080726 0.968422007281333 1.17015452659689 1.80356199224479 1.02655055327341 1.52214498817921 1.54045263654552 0.951483692973852 1.62087414390408 1.60346834757365 1.30591705231927 1.02524754498154 1.47066616150551 1.77337750582956 1.65926997363567 0.928353565046564 0.922648502280936 0.957795991562307 1.60720576019958 0.916869015665725 1.85893315030262
1.15730628068559 1.72195705887862 1.01483176741749 1.84935257933103 1.52689127670601 0 1.20434036199003 1.7784719041083 1.19716476043686 1.62481176201254 1.85953689110465 1.24378429283388 1.14265719498508 1.12630439829081 1.11254720343277 1.3570877504535 0.968119959114119 1.12292226031423 1.7886612250004 1.12463512970135 1.73820622940548 1.06778890034184 1.36254345625639 1.28094883705489 1.300759536447 1.04636611952446 1.04356534057297 1.85310321720317 1.03306519053876 1.40578794013709
1.25166372652166 1.65425306651741 1.09712551976554 1.60317998449318 0.958782438188791 1.20434036199003 0 1.82276837807149 1.44648618786596 1.41565486113541 1.8765206693206 1.8941028569825 1.86599653144367 1.48066619504243 1.43802515161224 1.6189756647218 1.68118534004316 1.03551928373054 1.2762515458744 1.10707765468396 1.16799734113738 1.36037344671786 1.06711622932926 1.8602848299779 1.43171079992317 1.04815764096566 1.72706113313325 1.099906551186 1.37883408158086 1.28437189571559
1.68335658404976 1.84120960952714 1.10552969807759 1.23928330792114 1.59063567384146 1.7784719041083 1.82276837807149 0 0.968294122954831 0.972847878467292 1.59516148106195 1.82810464221984 1.81627179961652 1.67560525448062 1.53957889508456 1.38747557275929 1.7865900399629 1.80327789718285 1.53670628299005 1.11752311233431 1.50385905569419 0.958405459532514 1.55716800503433 1.65547611820512 1.49796702992171 1.15730901318602 1.50130749703385 1.80630612000823 1.68152478919365 1.3930353494361
1.57657053531148 0.988833778304979 1.5925666145049 1.16263473546132 1.48847627290525 1.19716476043686 1.44648618786596 0.968294122954831 0 1.75711046997458 1.81409554299898 0.926349797286093 1.11264997115359 1.66695833415724 1.54373109037988 1.69112054910511 1.2822041939944 1.79113841196522 1.46196101699024 1.68046866147779 1.87728253263049 1.03287206264213 1.32775068143383 1.0676269158721 1.66998961102217 1.86094492743723 1.24698249762878 1.65670477459207 1.00786145566963 1.04535099002533
1.19827595283277 1.14086369774304 0.970044737914577 0.962574835168198 1.53065121080726 1.62481176201254 1.41565486113541 0.972847878467292 1.75711046997458 0 1.23322366853245 1.61018685274757 0.904938836814836 1.37317297141999 1.49603978940286 1.14597020624205 1.14959665224887 1.20904597220942 1.65467312512919 1.69338110252284 1.59984088153578 0.911779745481908 1.54932019789703 1.76194652519189 1.51276636123657 1.43517925264314 1.53257898869924 1.17065571132116 0.909406970487908 1.86057652626187
1.31273152027279 0.93580751423724 1.78758652205579 1.75937027926557 0.968422007281333 1.85953689110465 1.8765206693206 1.59516148106195 1.81409554299898 1.23322366853245 0 1.37826847843826 1.63557205884717 1.68076857086271 1.34338637301698 1.21840186137706 1.57162437215447 1.62275578686967 1.06226954446174 1.13166205491871 1.17426579678431 1.8919207425788 1.00226033595391 0.953552561346442 1.60465342039242 1.31048668012954 1.45673058694229 1.80361876310781 1.23356634471565 1.06002687220462
0.906946445349604 1.1792840694543 1.90216381591745 1.05829964159057 1.17015452659689 1.24378429283388 1.8941028569825 1.82810464221984 0.926349797286093 1.61018685274757 1.37826847843826 0 1.75412670220248 1.53186681610532 1.76882134890184 1.07139726122841 1.67307355650701 1.2707709739916 1.39719474338926 1.68502776464447 1.5240178599488 1.23502530786209 1.00244680372998 1.1067721254658 0.945127080194652 1.71619218657725 1.10782389738597 1.7584737741854 1.45933041186072 1.88234540028498
1.24248776165769 0.938698290381581 1.86058375216089 1.05801922501996 1.80356199224479 1.14265719498508 1.86599653144367 1.81627179961652 1.11264997115359 0.904938836814836 1.63557205884717 1.75412670220248 0 1.27303702081554 1.59583574417047 1.118423352018 1.71672465512529 1.60100892744958 1.55581193859689 1.03908366430551 1.00370769691654 1.59153606439941 1.86959719285369 1.34082850930281 1.23372054169886 1.16365541703999 1.84560596640222 1.8137977423612 1.11715394305065 1.80209437641315
1.04625455336645 1.74480440653861 1.22151615587063 1.87218032614328 1.02655055327341 1.12630439829081 1.48066619504243 1.67560525448062 1.66695833415724 1.37317297141999 1.68076857086271 1.53186681610532 1.27303702081554 0 1.67266354407184 1.67475966224447 1.09294550144114 1.56062508327886 1.0419893427752 1.0669302509632 1.02783608972095 1.10957834334113 1.65380897279829 0.926644777413458 1.29904910712503 1.39144418947399 1.45601079659536 1.64217349677347 1.30865528783761 1.56928390916437
1.26436320086941 1.48829761892557 1.57266549952328 1.07496139127761 1.52214498817921 1.11254720343277 1.43802515161224 1.53957889508456 1.54373109037988 1.49603978940286 1.34338637301698 1.76882134890184 1.59583574417047 1.67266354407184 0 1.6124515235424 1.73015639884397 1.4987358758226 1.50515416567214 1.01046679471619 1.00389995588921 1.03891839412972 1.42819066066295 1.8799404730089 1.50291650625877 1.81160731054842 1.40685851452872 1.00534903071821 1.16346525656991 1.04754816857167
1.32538912980817 1.42371282516979 1.1862566084601 1.51412513153628 1.54045263654552 1.3570877504535 1.6189756647218 1.38747557275929 1.69112054910511 1.14597020624205 1.21840186137706 1.07139726122841 1.118423352018 1.67475966224447 1.6124515235424 0 1.84146410645917 1.82386161270551 0.999095533508807 1.43608712824062 1.28168469690718 1.59964752593078 1.21134570171125 1.79545565741137 1.26639826665632 1.12468245392665 1.29557551606558 1.23561889282428 1.66094971471466 1.73166874912567
1.02061671228148 1.32658467581496 1.40595364850014 1.26721614273265 0.951483692973852 0.968119959114119 1.68118534004316 1.7865900399629 1.2822041939944 1.14959665224887 1.57162437215447 1.67307355650701 1.71672465512529 1.09294550144114 1.73015639884397 1.84146410645917 0 1.41844037710689 1.89479280705564 1.41595179960132 1.79576955898665 1.69885097583756 1.79216931154951 1.32537069963291 1.33381707686931 1.0170774247963 1.25642373226583 1.87700536707416 1.86835270863958 1.61684055323713
1.86154796788469 0.915359567385167 1.75656866468489 1.49786925851367 1.62087414390408 1.12292226031423 1.03551928373054 1.80327789718285 1.79113841196522 1.20904597220942 1.62275578686967 1.2707709739916 1.60100892744958 1.56062508327886 1.4987358758226 1.82386161270551 1.41844037710689 0 1.67487862240523 1.02244548080489 1.72785101551563 1.03610997600481 1.23604529816657 1.10317419213243 1.87244194373488 0.935576190007851 1.28707706020214 1.25514617981389 1.11432631197385 1.01305231335573
1.15304459771141 1.59426154498942 1.2985397875309 1.56760689523071 1.60346834757365 1.7886612250004 1.2762515458744 1.53670628299005 1.46196101699024 1.65467312512919 1.06226954446174 1.39719474338926 1.55581193859689 1.0419893427752 1.50515416567214 0.999095533508807 1.89479280705564 1.67487862240523 0 1.11750718671829 1.0647639001254 1.48412768635899 1.30030423845164 1.08377651125193 1.84895134740509 1.33435182925314 1.75788850407116 1.29376795142889 1.43745615100488 1.25380084733479
1.76375925308093 1.12737542088144 1.02002073684707 1.65998218231834 1.30591705231927 1.12463512970135 1.10707765468396 1.11752311233431 1.68046866147779 1.69338110252284 1.13166205491871 1.68502776464447 1.03908366430551 1.0669302509632 1.01046679471619 1.43608712824062 1.41595179960132 1.02244548080489 1.11750718671829 0 1.35106587246992 1.12986972858198 0.971624190220609 1.56648187898099 0.939727496588603 1.39760396047495 1.75112753850408 1.20092161744833 1.1690853596665 0.930649687768891
1.62230529822409 1.18239200580865 1.01257327501662 1.47510025370866 1.02524754498154 1.73820622940548 1.16799734113738 1.50385905569419 1.87728253263049 1.59984088153578 1.17426579678431 1.5240178599488 1.00370769691654 1.02783608972095 1.00389995588921 1.28168469690718 1.79576955898665 1.72785101551563 1.0647639001254 1.35106587246992 0 1.27923774486408 1.38124980102293 1.49738214747049 1.38428539247252 1.15256417961791 1.73212565714493 1.68633283581585 1.5040305594448 0.909878954291344
1.22772480384447 1.16116370330565 1.02906387788244 1.72422941122204 1.47066616150551 1.06778890034184 1.36037344671786 0.958405459532514 1.03287206264213 0.911779745481908 1.8919207425788 1.23502530786209 1.59153606439941 1.10957834334113 1.03891839412972 1.59964752593078 1.69885097583756 1.03610997600481 1.48412768635899 1.12986972858198 1.27923774486408 0 1.23334961733781 1.64799000415951 1.64116425253451 1.73748836712912 1.83346604835242 0.929094060556963 1.60309943929315 1.51942949974909
1.88805858674459 1.24931203434244 1.83379997964948 1.21267492766492 1.77337750582956 1.36254345625639 1.06711622932926 1.55716800503433 1.32775068143383 1.54932019789703 1.00226033595391 1.00244680372998 1.86959719285369 1.65380897279829 1.42819066066295 1.21134570171125 1.79216931154951 1.23604529816657 1.30030423845164 0.971624190220609 1.38124980102293 1.23334961733781 0 1.49909353326075 1.34693081700243 1.39262989792041 0.943629690213129 1.01939872070216 1.58447446674109 1.58095058333129
1.25004310556687 1.52003950322978 1.54373869695701 1.46361569827422 1.65926997363567 1.28094883705489 1.8602848299779 1.65547611820512 1.0676269158721 1.76194652519189 0.953552561346442 1.1067721254658 1.34082850930281 0.926644777413458 1.8799404730089 1.79545565741137 1.32537069963291 1.10317419213243 1.08377651125193 1.56648187898099 1.49738214747049 1.64799000415951 1.49909353326075 0 1.28016033838503 0.980208338005468 1.89044145750813 1.88553290069103 1.60813459195197 1.63641243171878
1.29680407303385 1.42846498871222 1.56842338317074 1.2105617064517 0.928353565046564 1.300759536447 1.43171079992317 1.49796702992171 1.66998961102217 1.51276636123657 1.60465342039242 0.945127080194652 1.23372054169886 1.29904910712503 1.50291650625877 1.26639826665632 1.33381707686931 1.87244194373488 1.84895134740509 0.939727496588603 1.38428539247252 1.64116425253451 1.34693081700243 1.28016033838503 0 1.77673513512127 1.36265504965559 1.27144848229364 1.49632035475224 1.44982579373755
1.51945228641853 1.65013244492002 1.24135572905652 1.89690317283385 0.922648502280936 1.04636611952446 1.04815764096566 1.15730901318602 1.86094492743723 1.43517925264314 1.31048668012954 1.71619218657725 1.16365541703999 1.39144418947399 1.81160731054842 1.12468245392665 1.0170774247963 0.935576190007851 1.33435182925314 1.39760396047495 1.15256417961791 1.73748836712912 1.39262989792041 0.980208338005468 1.77673513512127 0 1.25401772256009 1.7817279365845 1.61115236207843 1.07024050643668
1.19556886306964 1.03496531862766 1.78410934284329 1.52519837394357 0.957795991562307 1.04356534057297 1.72706113313325 1.50130749703385 1.24698249762878 1.53257898869924 1.45673058694229 1.10782389738597 1.84560596640222 1.45601079659536 1.40685851452872 1.29557551606558 1.25642373226583 1.28707706020214 1.75788850407116 1.75112753850408 1.73212565714493 1.83346604835242 0.943629690213129 1.89044145750813 1.36265504965559 1.25401772256009 0 1.61859878897667 1.28077559475787 1.72564482083544
1.09694082778879 1.11840826296248 1.53258308884688 1.530510739889 1.60720576019958 1.85310321720317 1.099906551186 1.80630612000823 1.65670477459207 1.17065571132116 1.80361876310781 1.7584737741854 1.8137977423612 1.64217349677347 1.00534903071821 1.23561889282428 1.87700536707416 1.25514617981389 1.29376795142889 1.20092161744833 1.68633283581585 0.929094060556963 1.01939872070216 1.88553290069103 1.27144848229364 1.7817279365845 1.61859878897667 0 1.49862299347296 1.6788736905437
1.67780161998235 1.05167416762561 1.73997654044069 1.04469132842496 0.916869015665725 1.03306519053876 1.37883408158086 1.68152478919365 1.00786145566963 0.909406970487908 1.23356634471565 1.45933041186072 1.11715394305065 1.30865528783761 1.16346525656991 1.66094971471466 1.86835270863958 1.11432631197385 1.43745615100488 1.1690853596665 1.5040305594448 1.60309943929315 1.58447446674109 1.60813459195197 1.49632035475224 1.61115236207843 1.28077559475787 1.49862299347296 0 1.02078228443861
1.52924053510651 1.24457312002778 1.46079801255837 1.10323789971881 1.85893315030262 1.40578794013709 1.28437189571559 1.3930353494361 1.04535099002533 1.86057652626187 1.06002687220462 1.88234540028498 1.80209437641315 1.56928390916437 1.04754816857167 1.73166874912567 1.61684055323713 1.01305231335573 1.25380084733479 0.930649687768891 0.909878954291344 1.51942949974909 1.58095058333129 1.63641243171878 1.44982579373755 1.07024050643668 1.72564482083544 1.6788736905437 1.02078228443861 0
