0 1.20861706696451 0.907545848283917 1.89902046928182 1.71888912166469 1.85900261695497 1.41448224149644 0.906054470920935 1.35658888169564 1.15804285486229 1.65771415294148 1.4644809414167 1.8384921788238 1.81101635145023 1.52818388398737 1.22005441249348 1.78552232170478 1.27655562851578 1.14485912374221 1.1376119973138 1.1610236861743 1.09026145213284 1.62299851560965 1.649491566699 1.6446274286136 1.14234655722976 1.74395546270534 1.6999931470491 1.38277575001121 1.37178970919922
1.20861706696451 0 1.00328973936848 1.33511947537772 1.43122433987446 1.79317521397024 0.907432760111988 1.15293222758919 1.03080766485073 1.26134088775143 1.88255038368516 1.64434840413742 1.84775281744078 1.31439231522381 1.47719765803777 1.64899965305813 1.52636230667122 1.54827012517489 1.48430530214682 1.12459782720543 1.50394403934479 1.8207100587897 1.07775594270788 0.991124934749678 1.13426270172931 1.2609881197568 1.38132358109578 1.48995996662416 0.993572617415339 0.943870290648192
0.907545848283917 1.00328973936848 0 1.31339471880347 1.61312662228011 1.35838265786879 1.49766777991317 1.69598466856405 1.31736722029746 0.983686951687559 1.59169501042925 1.48530911863782 1.15456657065079 1.75396205787547 1.59944597678259 1.7171641793102 1.14184937695973 1.20800238568336 1.0963330778759 1.02408446138725 1.61432786844671 1.23596678045578 0.955163676990196 0.994785113725811 1.37925257673487 1.13566093309782 1.10881489841267 1.16270673787221 1.75754061411135 1.40229634428397
1.89902046928182 1.33511947537772 1.31339471880347 0 1.44264164729975 1.78145208512433 0.991963361622766 1.67997284769081 1.40082171210088 1.36519642057829 1.77756353723817 1.14077839441597 1.21676783962175 0.972422738792375 1.31553074601106 1.80402686470188 1.85669647576287 1.60228368639946 1.22132108430378 1.47735805343837 1.18458336498588 1.74669023230672 0.977283646352589 1.74078672053292 1.72802055045031 1.27439272566698 1.33889607572928 1.39575519273058 1.27750703203492 1.72279011271894
1.71888912166469 1.43122433987446 1.61312662228011 1.44264164729975 0 1.64488021540456 1.75413942965679 1.50967843807302 1.168994236039 1.49143235827796 1.33258829661645 1.67435186752118 1.61424846970476 1.0099473730661 1.82054411084391 1.06864122627303 1.64159436849877 1.56044002622366 1.14351745066233 1.56808842974715 1.64799621002749 1.30845084949397 1.85647190525196 1.81341251241975 1.81689585070126 1.71175101934932 1.77781323483214 1.63724708906375 1.55225261719897 1.51279345713556
1.85900261695497 1.79317521397024 1.35838265786879 1.78145208512433 1.64488021540456 0 1.60400207852945 1.79659802932292 1.16974376584403 1.56779825757258 1.39292654115707 1.56961092702113 1.39826151402667 1.40776668884791 1.7487238321919 1.72308440227062 1.58674083976075 1.83654428157024 1.65974639402702 1.81383573962376 1.85714951436967 1.06076414021663 1.9018003931269 1.87309492961504 1.37420727359131 1.65465063368902 1.47023395798169 1.35618185810745 1.06780516495928 0.920953491469845
1.41448224149644 0.907432760111988 1.49766777991317 0.991963361622766 1.75413942965679 1.60400207852945 0 1.37850389559753 1.79607975156978 1.40347877051681 1.32341974205337 1.56860525324009 0.94032005732879 1.63183082081378 1.82728865440004 1.8967030912172 1.50237668864429 1.44881254271604 1.3566708068829 1.25864240550436 1.14658334292471 0.969620120245963 1.44577873754315 1.62641839170828 1.02890355326235 1.02036051568575 1.71521477401257 1.02055408945307 1.36789296963252 1.39247502898797
0.906054470920935 1.15293222758919 1.69598466856405 1.67997284769081 1.50967843807302 1.79659802932292 1.37850389559753 0 1.43195454217494 1.88641277025454 1.52957316674292 1.7934922745917 1.8892352594994 1.2545668350067 1.22719522193074 1.82477654726245 1.86274817399681 1.55850336910225 1.48460555286147 1.04719389532693 1.6491363577079 1.71879490208812 1.58194240811281 1.78775203344412 1.67360150115564 1.68101935926825 1.09313967777416 1.81507745012641 1.61321614426561 1.72440812760033
1.35658888169564 1.03080766485073 1.31736722029746 1.40082171210088 1.168994236039 1.16974376584403 1.79607975156978 1.43195454217494 0 1.28533583483659 1.29918601806276 1.18793634395115 1.26041775220074 1.7162500708364 0.920793164987117 1.20978622511029 1.7607667199336 1.73630000394769 1.49298245529644 0.977106609381735 1.63606111612171 1.09123864793219 0.929980094078928 1.16580843064003 1.72985729388893 1.46509423432872 1.59904345264658 1.09023517649621 1.7791043149773 1.18186895758845
1.15804285486229 1.26134088775143 0.983686951687559 1.36519642057829 1.49143235827796 1.56779825757258 1.40347877051681 1.88641277025454 1.28533583483659 0 1.06693973275833 1.72021247562952 1.07653663912788 1.71010324265808 1.70065265707672 1.77178484946489 1.81952148606069 1.41507106320933 1.24650651379488 1.16541505767964 1.68841790710576 1.20770500227809 1.28371338127181 1.08480415283702 1.52939767553471 0.924155151937157 1.10129076032899 1.06732790567912 1.71573009435087 1.80859353486449
1.65771415294148 1.88255038368516 1.59169501042925 1.77756353723817 1.33258829661645 1.39292654115707 1.32341974205337 1.52957316674292 1.29918601806276 1.06693973275833 0 1.46610213280655 1.35850256145932 1.06832431675866 1.26750237261876 1.67334179510362 1.89372389856726 1.58261337457225 1.3519935393706 1.10306849284098 1.49304076726548 1.29691713885404 1.80691586341709 1.57438523438759 1.39496641233563 0.950743633555248 1.0009612753056 1.47905309265479 1.56760090938769 1.42901216703467
1.4644809414167 1.64434840413742 1.48530911863782 1.14077839441597 1.67435186752118 1.56961092702113 1.56860525324009 1.7934922745917 1.18793634395115 1.72021247562952 1.46610213280655 0 1.01583387190476 1.47102535539307 1.641698067775 0.911152300657704 1.86384666501544 1.57576824724674 0.960638389922678 1.71387042570859 1.2455120428931 1.78689211606979 1.79455540678464 0.999950588215142 1.39158018771559 1.30003933422267 1.27171704499051 0.935144884278998 1.75945877842605 1.69484121631831
1.8384921788238 1.84775281744078 1.15456657065079 1.21676783962175 1.61424846970476 1.39826151402667 0.94032005732879 1.8892352594994 1.26041775220074 1.07653663912788 1.35850256145932 1.01583387190476 0 1.56612067623064 0.960332283517346 0.971426312578842 1.45382884028368 1.5968910404481 1.6018192821648 1.75250077107921 1.76334949745797 1.0363989258185 1.56791211105883 1.59683846170083 1.36749538173899 1.1877465005964 0.980450495146215 0.928257353836671 1.89684720034711 0.942361518740654
1.81101635145023 1.31439231522381 1.75396205787547 0.972422738792375 1.0099473730661 1.40776668884791 1.63183082081378 1.2545668350067 1.7162500708364 1.71010324265808 1.06832431675866 1.47102535539307 1.56612067623064 0 1.75732688745484 1.79042554739863 1.84046188159846 1.47758844681084 1.3157087250147 1.8220081271138 1.56025850586593 1.66849275887944 1.76859679911286 1.37551480974071 0.988822010578588 1.28286094567738 1.17966084065847 1.20654969080351 1.13244651723653 1.02937073330395
1.52818388398737 1.47719765803777 1.59944597678259 1.31553074601106 1.82054411084391 1.7487238321919 1.82728865440004 1.22719522193074 0.920793164987117 1.70065265707672 1.26750237261876 1.641698067775 0.960332283517346 1.75732688745484 0 1.51082508568652 1.26912774634548 1.55019190511666 1.19121412769891 1.06541526364163 1.19251554529183 1.50911729689687 1.04185778298415 0.91191182564944 0.989414146868512 1.80434016953222 1.05991570046172 1.33209839765914 1.49819230497815 1.59249755041674
1.22005441249348 1.64899965305813 1.7171641793102 1.80402686470188 1.06864122627303 1.72308440227062 1.8967030912172 1.82477654726245 1.20978622511029 1.77178484946489 1.67334179510362 0.911152300657704 0.971426312578842 1.79042554739863 1.51082508568652 0 1.16031643026508 1.06422081170604 0.930825864430517 1.14957435010001 1.54270996013656 1.21395177743398 1.46919650910422 0.966416763607413 1.44645734713413 1.27772144321352 1.31035141483881 1.36763367429376 1.58483882900327 0.992887576809153
1.78552232170478 1.52636230667122 1.14184937695973 1.85669647576287 1.64159436849877 1.58674083976075 1.50237668864429 1.86274817399681 1.7607667199336 1.81952148606069 1.89372389856726 1.86384666501544 1.45382884028368 1.84046188159846 1.26912774634548 1.16031643026508 0 1.86243125773035 1.41523694479838 0.92075242428109 1.80554222641513 1.42508754879236 0.946615401189774 0.995062914676964 1.49206862156279 1.84418806899339 1.63599967141636 1.55432611168362 1.19889276102185 1.80415518512018
1.27655562851578 1.54827012517489 1.20800238568336 1.60228368639946 1.56044002622366 1.83654428157024 1.44881254271604 1.55850336910225 1.73630000394769 1.41507106320933 1.58261337457225 1.57576824724674 1.5968910404481 1.47758844681084 1.55019190511666 1.06422081170604 1.86243125773035 0 1.51065291999839 1.51441093743779 0.905765128554776 1.48258100193925 1.81073789880611 0.967049799859524 1.67890271358192 1.48890743055381 1.59834891464561 1.62818409991451 1.39172524306923 1.56693525263108
1.14485912374221 1.48430530214682 1.0963330778759 1.22132108430378 1.14351745066233 1.65974639402702 1.3566708068829 1.48460555286147 1.49298245529644 1.24650651379488 1.3519935393706 0.960638389922678 1.6018192821648 1.3157087250147 1.19121412769891 0.930825864430517 1.41523694479838 1.51065291999839 0 1.52243539178744 0.949323385721073 1.07074340526015 1.00999043672346 1.49108769069426 1.52797544561327 1.14269743836485 1.35142069566064 1.59306954639032 1.37157075293362 1.4314731862396
1.1376119973138 1.12459782720543 1.02408446138725 1.47735805343837 1.56808842974715 1.81383573962376 1.25864240550436 1.04719389532693 0.977106609381735 1.16541505767964 1.10306849284098 1.71387042570859 1.75250077107921 1.8220081271138 1.06541526364163 1.14957435010001 0.92075242428109 1.51441093743779 1.52243539178744 0 1.39970925450325 1.84955644514412 0.986262223683298 1.88538354868069 1.15744919818826 1.62403261126019 1.38032630574889 1.62770568509586 1.34216930554248 1.30851284042001
1.1610236861743 1.50394403934479 1.61432786844671 1.18458336498588 1.64799621002749 1.85714951436967 1.14658334292471 1.6491363577079 1.63606111612171 1.68841790710576 1.49304076726548 1.2455120428931 1.76334949745797 1.56025850586593 1.19251554529183 1.54270996013656 1.80554222641513 0.905765128554776 0.949323385721073 1.39970925450325 0 1.04912244458683 1.16427697567269 1.35818838328123 1.12164344312623 0.994937172858045 0.926721047610044 1.14042549743317 1.1088562796358 1.17461267858744
1.09026145213284 1.8207100587897 1.23596678045578 1.74669023230672 1.30845084949397 1.06076414021663 0.969620120245963 1.71879490208812 1.09123864793219 1.20770500227809 1.29691713885404 1.78689211606979 1.0363989258185 1.66849275887944 1.50911729689687 1.21395177743398 1.42508754879236 1.48258100193925 1.07074340526015 1.84955644514412 1.04912244458683 0 1.08148076524958 1.13022754900157 1.1415662416257 1.23962902859785 1.74175527598709 1.67076449049637 1.21546436054632 1.83410491328686
1.62299851560965 1.07775594270788 0.955163676990196 0.977283646352589 1.85647190525196 1.9018003931269 1.44577873754315 1.58194240811281 0.929980094078928 1.28371338127181 1.80691586341709 1.79455540678464 1.56791211105883 1.76859679911286 1.04185778298415 1.46919650910422 0.946615401189774 1.81073789880611 1.00999043672346 0.986262223683298 1.16427697567269 1.08148076524958 0 1.57498580287211 1.90213080379181 1.58876099344343 1.66604689671658 1.04755304125138 1.11646162462421 1.71604775125161
1.649491566699 0.991124934749678 0.994785113725811 1.74078672053292 1.81341251241975 1.87309492961504 1.62641839170828 1.78775203344412 1.16580843064003 1.08480415283702 1.57438523438759 0.999950588215142 1.59683846170083 1.37551480974071 0.91191182564944 0.966416763607413 0.995062914676964 0.967049799859524 1.49108769069426 1.88538354868069 1.35818838328123 1.13022754900157 1.57498580287211 0 1.4481505646836 1.0686537376605 1.41521652135998 1.51207283046097 1.43805925687775 1.37436140165664
1.6446274286136 1.13426270172931 1.37925257673487 1.72802055045031 1.81689585070126 1.37420727359131 1.02890355326235 1.67360150115564 1.72985729388893 1.52939767553471 1.39496641233563 1.39158018771559 1.36749538173899 0.988822010578588 0.989414146868512 1.44645734713413 1.49206862156279 1.67890271358192 1.52797544561327 1.15744919818826 1.12164344312623 1.1415662416257 1.90213080379181 1.4481505646836 0 0.991596696199849 1.19792134570889 1.10103303473443 1.00481079798192 1.02902801497839
1.14234655722976 1.2609881197568 1.13566093309782 1.27439272566698 1.71175101934932 1.65465063368902 1.02036051568575 1.68101935926825 1.46509423432872 0.924155151937157 0.950743633555248 1.30003933422267 1.1877465005964 1.28286094567738 1.80434016953222 1.27772144321352 1.84418806899339 1.48890743055381 1.14269743836485 1.62403261126019 0.994937172858045 1.23962902859785 1.58876099344343 1.0686537376605 0.991596696199849 0 1.03186605265364 1.73072402877733 1.08601848315448 1.62337098200805
1.74395546270534 1.38132358109578 1.10881489841267 1.33889607572928 1.77781323483214 1.47023395798169 1.71521477401257 1.09313967777416 1.59904345264658 1.10129076032899 1.0009612753056 1.27171704499051 0.980450495146215 1.17966084065847 1.05991570046172 1.31035141483881 1.63599967141636 1.59834891464561 1.35142069566064 1.38032630574889 0.926721047610044 1.74175527598709 1.66604689671658 1.41521652135998 1.19792134570889 1.03186605265364 0 1.05972864665091 1.09983967593871 1.21442192769609
1.6999931470491 1.48995996662416 1.16270673787221 1.39575519273058 1.63724708906375 1.35618185810745 1.02055408945307 1.81507745012641 1.09023517649621 1.06732790567912 1.47905309265479 0.935144884278998 0.928257353836671 1.20654969080351 1.33209839765914 1.36763367429376 1.55432611168362 1.62818409991451 1.59306954639032 1.62770568509586 1.14042549743317 1.67076449049637 1.04755304125138 1.51207283046097 1.10103303473443 1.73072402877733 1.05972864665091 0 1.72577746817842 1.32452084566467
1.38277575001121 0.993572617415339 1.75754061411135 1.27750703203492 1.55225261719897 1.06780516495928 1.36789296963252 1.61321614426561 1.7791043149773 1.71573009435087 1.56760090938769 1.75945877842605 1.89684720034711 1.13244651723653 1.49819230497815 1.58483882900327 1.19889276102185 1.39172524306923 1.37157075293362 1.34216930554248 1.1088562796358 1.21546436054632 1.11646162462421 1.43805925687775 1.00481079798192 1.08601848315448 1.09983967593871 1.72577746817842 0 1.32706610299647
1.37178970919922 0.943870290648192 1.40229634428397 1.72279011271894 1.51279345713556 0.920953491469845 1.39247502898797 1.72440812760033 1.18186895758845 1.80859353486449 1.42901216703467 1.69484121631831 0.942361518740654 1.02937073330395 1.59249755041674 0.992887576809153 1.80415518512018 1.56693525263108 1.4314731862396 1.30851284042001 1.17461267858744 1.83410491328686 1.71604775125161 1.37436140165664 1.02902801497839 1.62337098200805 1.21442192769609 1.32452084566467 1.32706610299647 0
