0 1.75491078360938 1.59821433573961 1.09757646359503 1.92809220356867 0.96839738311246 1.71085698739626 0.977937557036057 1.4529401101172 1.6117148345802 1.68992526526563 0.998893048847094 1.13568114349619 1.33126176940277 1.87765122880228 1.28259097179398 1.08527363860048 1.12681159377098 1.46621095621958 0.970432044239715 1.22842558356933 1.67990204342641 1.60623464919627 1.21900977380574 0.977501819608733 1.77717931824736 1.15697032678872 1.54004115075804 1.57509073521942 1.3245667857118
1.75491078360938 0 1.48738484201021 1.23449062532745 1.32773166592233 1.03987744450569 1.40230579627678 1.13910632068291 1.10347107728012 1.88251140434295 0.997683834750205 1.68156829033978 1.69519741693512 1.72362581174821 1.32390761631541 1.05537833902054 1.83925240882672 1.30061057046987 1.57071586581878 1.41278160875663 1.94307256536558 0.979585331631824 1.19452929939143 1.43492736527696 1.30398433096707 1.91292982362211 1.51507049216889 1.38695755181834 1.47228607838042 1.60155036603101
1.59821433573961 1.48738484201021 0 1.37570193759166 1.92111041513272 1.60163181857206 1.67820901004598 1.52658199262805 1.68229878903367 1.72038239962421 0.99670197092928 1.37789411330596 0.970166373066604 1.91060986625962 1.84038295084611 1.92920626280829 1.0016019269824 1.52757199737243 1.08601772715338 1.7890407347586 1.07012194744311 1.07391624338925 1.82797196158208 1.492720823735 0.982067218748853 1.52428645710461 1.50153505662456 1.78680796525441 1.29418663983233 1.14854809571989
1.09757646359503 1.23449062532745 1.37570193759166 0 1.07607184047811 1.54071239964105 1.8715598443523 1.37552929692902 1.54739731457084 1.36223423737101 1.89320011716336 1.59225828270428 1.28372887754813 1.22815576498397 1.17381509044208 1.28627356700599 1.79263885808177 1.68893388914876 1.73663521488197 1.00089317723177 1.81591033027507 1.04264995688573 1.29567437455989 1.94135210849345 1.00936314836144 1.55863156379201 1.64455043897033 1.14519540802576 1.0951081009116 0.955237854272127
1.92809220356867 1.32773166592233 1.92111041513272 1.07607184047811 0 1.37978834356181 1.68794838548638 1.52470965217799 1.20395687455311 1.32441116753034 1.52139556338079 1.02834355109371 1.08918907609768 1.71949247200973 1.67176919500344 1.02883254271001 1.5092412980739 1.55882354173809 1.26272258511744 1.47052990435623 1.22265957039781 1.47701431554742 1.50359454774298 1.64438916952349 1.18809460476041 1.55053970194422 1.05435454961844 1.25675623188727 1.10593902599066 1.42673213453963
0.96839738311246 1.03987744450569 1.60163181857206 1.54071239964105 1.37978834356181 0 0.988153746118769 1.65868165064603 1.25041661644354 1.59356318530627 1.46598763368092 1.07185665448196 1.7189869871363 1.35968999331817 1.18902237806469 1.1162894743029 1.18415176752023 1.44403538270853 1.58401365601458 1.07069968944415 1.60674993717112 1.48367092292756 1.26255142083392 1.41444280464202 1.6665271979291 1.53478182130493 1.24649980873801 1.34191521746106 1.0669327727519 1.89737208234146
1.71085698739626 1.40230579627678 1.67820901004598 1.8715598443523 1.68794838548638 0.988153746118769 0 1.77777189807966 1.78309526480734 1.74129430251196 1.18986465246417 1.11232175561599 1.93435246776789 1.47514880122617 0.980171724921092 1.12265512673184 1.93458194052801 1.71811037650332 1.25568367843516 1.32799362111837 1.51578569808044 1.37478826311417 1.01793011999689 1.8812736698892 1.13370553660206 1.82554122200236 1.1636374888476 1.56268968526274 0.961670139105991 1.40532180038281
0.977937557036057 1.13910632068291 1.52658199262805 1.37552929692902 1.52470965217799 1.65868165064603 1.77777189807966 0 1.33818696788512 1.76904255826958 1.02910868474282 1.15279924590141 1.02882395149209 1.10823977342807 1.71011135634035 1.45952807064168 1.25877181324176 1.25835343380459 1.56569404317997 1.80696238065138 1.43637730367482 1.10877869208343 1.2166217751801 1.20448732818477 0.978507503867149 0.99507194571197 1.92871214542538 1.77062723576091 1.38113115774468 1.19762489735149
1.4529401101172 1.10347107728012 1.68229878903367 1.54739731457084 1.20395687455311 1.25041661644354 1.78309526480734 1.33818696788512 0 1.3371783613693 1.85365912388079 1.0539583209902 1.16918361792341 1.11440700734966 1.666126239812 1.81645081005991 1.65843685949221 1.76915568113327 1.94136530091055 1.74815418059006 1.86435639229603 1.51517434674315 1.9024974796921 1.01410193624906 1.93682515155524 1.5168675086461 1.18873105966486 1.87272703554481 1.56723808054812 1.20299598621204
1.6117148345802 1.88251140434295 1.72038239962421 1.36223423737101 1.32441116753034 1.59356318530627 1.74129430251196 1.76904255826958 1.3371783613693 0 1.0495471204631 1.59496234846301 1.68886308348738 1.15254953876138 1.23495658882894 1.91211229702458 1.44662524713203 0.964499947614968 1.45265763485804 1.6307028173469 1.82837652903982 1.25778000988066 1.05181605671532 1.77721373271197 1.59530562232248 1.14878679276444 1.81203915947117 1.21665472071618 1.44467914802954 1.5844346198719
1.68992526526563 0.997683834750205 0.99670197092928 1.89320011716336 1.52139556338079 1.46598763368092 1.18986465246417 1.02910868474282 1.85365912388079 1.0495471204631 0 1.69035508809611 1.04281049361452 1.28097143489867 1.2203787995968 1.19787435885519 1.31104560056701 1.03933264571242 1.58916791249067 1.35320072318427 1.34642726159655 1.09655226673931 1.347357227467 1.11962798424065 1.57729566725902 1.94734238833189 1.68489220621996 1.17441347846761 1.42494968115352 1.02923975931481
0.998893048847094 1.68156829033978 1.37789411330596 1.59225828270428 1.02834355109371 1.07185665448196 1.11232175561599 1.15279924590141 1.0539583209902 1.59496234846301 1.69035508809611 0 1.41297988267615 0.959650333970785 1.57570319995284 1.79413419310004 1.02365261339583 1.91999806184322 1.28069584188052 1.64123488776386 1.28158715576865 1.87378014111891 1.70749702304602 1.58099284186028 1.93646786734462 1.82467512879521 1.60619427938946 1.23819474503398 1.80514204851352 1.81747765676118
1.13568114349619 1.69519741693512 0.970166373066604 1.28372887754813 1.08918907609768 1.7189869871363 1.93435246776789 1.02882395149209 1.16918361792341 1.68886308348738 1.04281049361452 1.41297988267615 0 1.80450021941215 1.18012319970876 1.26246405486017 1.30373425339349 0.983210386708379 1.86255734739825 1.29761169548146 1.08233158476651 1.74789446778595 1.69614221970551 1.65027396567166 1.85019917553291 1.77969191456214 1.22895359154791 1.50669821165502 1.10725874872878 1.73068253183737
1.33126176940277 1.72362581174821 1.91060986625962 1.22815576498397 1.71949247200973 1.35968999331817 1.47514880122617 1.10823977342807 1.11440700734966 1.15254953876138 1.28097143489867 0.959650333970785 1.80450021941215 0 1.00965305743739 1.30482863052748 1.94863444101065 1.43297471711412 1.83022518851794 1.87130056577735 1.57966786483303 1.69151347735897 1.15878366609104 1.9037644516211 1.91938319569454 1.63123724702746 1.6741783421021 1.36571694957092 1.54783198214136 1.27357815159485
1.87765122880228 1.32390761631541 1.84038295084611 1.17381509044208 1.67176919500344 1.18902237806469 0.980171724921092 1.71011135634035 1.666126239812 1.23495658882894 1.2203787995968 1.57570319995284 1.18012319970876 1.00965305743739 0 1.81368812010624 0.954410215606913 1.26961581618525 1.65784271527082 1.51236929092556 1.48862759652548 1.45456187822856 0.977248809766024 1.2614228008315 1.60798880993389 1.20052641374059 1.49071467062458 1.4522255838383 1.56072326935828 1.92483578482643
1.28259097179398 1.05537833902054 1.92920626280829 1.28627356700599 1.02883254271001 1.1162894743029 1.12265512673184 1.45952807064168 1.81645081005991 1.91211229702458 1.19787435885519 1.79413419310004 1.26246405486017 1.30482863052748 1.81368812010624 0 1.34396336833015 1.61991858296096 1.90188366337679 1.18766549509019 1.81653522024862 1.66927009820938 1.8737490514759 1.38619603775442 1.12884089862928 1.11810017097741 1.81303231255151 1.52234138175845 1.82678966224194 1.57203175965697
1.08527363860048 1.83925240882672 1.0016019269824 1.79263885808177 1.5092412980739 1.18415176752023 1.93458194052801 1.25877181324176 1.65843685949221 1.44662524713203 1.31104560056701 1.02365261339583 1.30373425339349 1.94863444101065 0.954410215606913 1.34396336833015 0 1.13905153656378 1.03771596727893 1.78885098337196 1.60257849562913 1.5219725642819 1.70806933334097 1.28123263432644 1.30038476595655 1.2986415985506 1.72277312236838 1.43232765933499 1.00710546504706 1.7981772031635
1.12681159377098 1.30061057046987 1.52757199737243 1.68893388914876 1.55882354173809 1.44403538270853 1.71811037650332 1.25835343380459 1.76915568113327 0.964499947614968 1.03933264571242 1.91999806184322 0.983210386708379 1.43297471711412 1.26961581618525 1.61991858296096 1.13905153656378 0 1.00557978521101 0.986786047462374 1.75784780457616 1.15789133869112 1.36699139280245 1.81300834612921 1.5085820662789 1.91697446187027 1.21224504918791 1.13119683740661 1.68501938320696 1.37768973922357
1.46621095621958 1.57071586581878 1.08601772715338 1.73663521488197 1.26272258511744 1.58401365601458 1.25568367843516 1.56569404317997 1.94136530091055 1.45265763485804 1.58916791249067 1.28069584188052 1.86255734739825 1.83022518851794 1.65784271527082 1.90188366337679 1.03771596727893 1.00557978521101 0 1.71816002903506 1.12438647868112 1.69177257409319 1.27568379137665 1.40244951634668 1.18667567521334 1.23603848251514 1.56938061816618 1.88007586705498 1.85463957954198 1.78182239923626
0.970432044239715 1.41278160875663 1.7890407347586 1.00089317723177 1.47052990435623 1.07069968944415 1.32799362111837 1.80696238065138 1.74815418059006 1.6307028173469 1.35320072318427 1.64123488776386 1.29761169548146 1.87130056577735 1.51236929092556 1.18766549509019 1.78885098337196 0.986786047462374 1.71816002903506 0 1.43120862054639 1.20367681747302 1.65232694731094 1.94476073887199 1.88549294322729 1.08866759785451 1.70929217711091 1.68722465727478 1.70723463222384 1.17051417427137
1.22842558356933 1.94307256536558 1.07012194744311 1.81591033027507 1.22265957039781 1.60674993717112 1.51578569808044 1.43637730367482 1.86435639229603 1.82837652903982 1.34642726159655 1.28158715576865 1.08233158476651 1.57966786483303 1.48862759652548 1.81653522024862 1.60257849562913 1.75784780457616 1.12438647868112 1.43120862054639 0 1.84222707292065 1.77465912490152 1.28711539786309 1.24206395982765 1.26815819903277 1.77103764074855 1.49228279292583 1.8692432763055 1.02371910843067
1.67990204342641 0.979585331631824 1.07391624338925 1.04264995688573 1.47701431554742 1.48367092292756 1.37478826311417 1.10877869208343 1.51517434674315 1.25778000988066 1.09655226673931 1.87378014111891 1.74789446778595 1.69151347735897 1.45456187822856 1.66927009820938 1.5219725642819 1.15789133869112 1.69177257409319 1.20367681747302 1.84222707292065 0 1.13439426058903 1.91079695615917 1.57327661127783 1.07602597982623 1.73386579705402 1.45376869570464 1.62021193420514 1.48372066114098
1.60623464919627 1.19452929939143 1.82797196158208 1.29567437455989 1.50359454774298 1.26255142083392 1.01793011999689 1.2166217751801 1.9024974796921 1.05181605671532 1.347357227467 1.70749702304602 1.69614221970551 1.15878366609104 0.977248809766024 1.8737490514759 1.70806933334097 1.36699139280245 1.27568379137665 1.65232694731094 1.77465912490152 1.13439426058903 0 0.992187152383849 1.11240062513389 1.02595177828334 1.66253339778632 1.43260781932622 1.04657437233254 1.09823328303173
1.21900977380574 1.43492736527696 1.492720823735 1.94135210849345 1.64438916952349 1.41444280464202 1.8812736698892 1.20448732818477 1.01410193624906 1.77721373271197 1.11962798424065 1.58099284186028 1.65027396567166 1.9037644516211 1.2614228008315 1.38619603775442 1.28123263432644 1.81300834612921 1.40244951634668 1.94476073887199 1.28711539786309 1.91079695615917 0.992187152383849 0 1.77729250909761 0.951698274351656 1.24648787663318 1.70941442041658 1.24548039934598 1.34428064804524
0.977501819608733 1.30398433096707 0.982067218748853 1.00936314836144 1.18809460476041 1.6665271979291 1.13370553660206 0.978507503867149 1.93682515155524 1.59530562232248 1.57729566725902 1.93646786734462 1.85019917553291 1.91938319569454 1.60798880993389 1.12884089862928 1.30038476595655 1.5085820662789 1.18667567521334 1.88549294322729 1.24206395982765 1.57327661127783 1.11240062513389 1.77729250909761 0 1.67242635367438 1.74152213847265 1.14611894683912 1.69497287413105 1.65667726751417
1.77717931824736 1.91292982362211 1.52428645710461 1.55863156379201 1.55053970194422 1.53478182130493 1.82554122200236 0.99507194571197 1.5168675086461 1.14878679276444 1.94734238833189 1.82467512879521 1.77969191456214 1.63123724702746 1.20052641374059 1.11810017097741 1.2986415985506 1.91697446187027 1.23603848251514 1.08866759785451 1.26815819903277 1.07602597982623 1.02595177828334 0.951698274351656 1.67242635367438 0 1.93664611317217 1.1769220624119 1.49602268030867 1.79011703887954
1.15697032678872 1.51507049216889 1.50153505662456 1.64455043897033 1.05435454961844 1.24649980873801 1.1636374888476 1.92871214542538 1.18873105966486 1.81203915947117 1.68489220621996 1.60619427938946 1.22895359154791 1.6741783421021 1.49071467062458 1.81303231255151 1.72277312236838 1.21224504918791 1.56938061816618 1.70929217711091 1.77103764074855 1.73386579705402 1.66253339778632 1.24648787663318 1.74152213847265 1.93664611317217 0 1.33255907567218 1.8625774490647 1.35209937975742
1.54004115075804 1.38695755181834 1.78680796525441 1.14519540802576 1.25675623188727 1.34191521746106 1.56268968526274 1.77062723576091 1.87272703554481 1.21665472071618 1.17441347846761 1.23819474503398 1.50669821165502 1.36571694957092 1.4522255838383 1.52234138175845 1.43232765933499 1.13119683740661 1.88007586705498 1.68722465727478 1.49228279292583 1.45376869570464 1.43260781932622 1.70941442041658 1.14611894683912 1.1769220624119 1.33255907567218 0 1.91348224785179 1.15521574392915
1.57509073521942 1.47228607838042 1.29418663983233 1.0951081009116 1.10593902599066 1.0669327727519 0.961670139105991 1.38113115774468 1.56723808054812 1.44467914802954 1.42494968115352 1.80514204851352 1.10725874872878 1.54783198214136 1.56072326935828 1.82678966224194 1.00710546504706 1.68501938320696 1.85463957954198 1.70723463222384 1.8692432763055 1.62021193420514 1.04657437233254 1.24548039934598 1.69497287413105 1.49602268030867 1.8625774490647 1.91348224785179 0 1.54778914176859
1.3245667857118 1.60155036603101 1.14854809571989 0.955237854272127 1.42673213453963 1.89737208234146 1.40532180038281 1.19762489735149 1.20299598621204 1.5844346198719 1.02923975931481 1.81747765676118 1.73068253183737 1.27357815159485 1.92483578482643 1.57203175965697 1.7981772031635 1.37768973922357 1.78182239923626 1.17051417427137 1.02371910843067 1.48372066114098 1.09823328303173 1.34428064804524 1.65667726751417 1.79011703887954 1.35209937975742 1.15521574392915 1.54778914176859 0
