0 1.73734446126036 1.09831484849565 1.09310928545892 1.08295974764042 1.37396622076631 1.1300446765963 1.48911477462389 0.972979808459058 1.78994626528583 1.3522042108234 1.25521317869425 1.34334513056092 1.74434681539424 1.79313680133782 1.55142980115488 1.35587270301767 1.42424533748999 1.23430698714219 1.76339893648401 1.3414104054682 1.25480828806758 1.43299780646339 1.07224774197675 1.66627896786667 1.74118359037675 1.5749653861858 1.06192720704712 1.49061510036699 1.60107122245245
1.73734446126036 0 1.57684265822172 1.40470652584918 1.45836929697543 1.15623321174644 1.0454781872686 1.22908078692853 1.09814909659326 1.84707011561841 1.724795445567 1.36382784997113 1.10764702805318 1.65576856210828 1.60534677328542 1.52191107417457 1.78558527934365 1.52773194178008 1.56048727198504 1.52922312729061 0.940214888192713 1.29665562789887 1.18154606386088 1.30326641863212 1.06861775182188 0.962419025832787 1.09539766027592 1.51271193730645 1.73515188926831 1.8815718383994
1.09831484849565 1.57684265822172 0 1.10696970950812 1.67705768789165 1.25435434468091 0.92235431750305 1.60269963298924 1.83823249186389 1.32667398243211 1.03628440946341 1.48207808705047 0.925822112942114 1.88419305766001 1.02473683212884 1.39481621887535 1.00438103522174 1.4788215928711 1.09978267946281 1.381492623128 1.14615445863456 1.25178605690598 1.42323243082501 1.39437469188124 1.10966217331588 1.50730325910263 1.62346559436992 1.35835162340663 1.61592102237046 1.05330486129969
1.09310928545892 1.40470652584918 1.10696970950812 0 1.27570053120144 1.49717844696715 1.67371313320473 1.84990727202967 1.58530194917694 1.29964869399555 1.75063046836294 1.87080615828745 1.09267032216303 1.12716481694952 1.80293938959949 1.3502485845238 1.26494249585085 1.00546306744218 1.62497863220051 1.28555698459968 1.71049103070982 1.65508603211492 1.68608097289689 1.63920006086119 1.69017224153504 1.06356021855026 1.07362329540774 1.49137007328682 1.02858022763394 1.69027592940256
1.08295974764042 1.45836929697543 1.67705768789165 1.27570053120144 0 1.46943558962084 0.957506310194731 1.17010318790562 1.86332718282938 1.23382611083798 1.59510975028388 1.48257945128717 1.00168597628362 1.76999893086031 1.02761104214005 1.33613823447376 1.48055410990492 1.00277528585866 1.33185009052977 1.72273340378888 1.66757227503695 1.60757672809996 1.29544297093526 1.54202936752699 1.68479096097872 1.0510889494326 1.14771162578836 1.30388520588167 1.61843369016424 1.12419267510995
1.37396622076631 1.15623321174644 1.25435434468091 1.49717844696715 1.46943558962084 0 1.62158822617494 0.954120914451778 1.61849618842825 1.41914311400615 1.38635745015927 0.968978688586503 1.25016278028488 1.72084120870568 1.74907030025497 1.00126112042926 1.25963114085607 1.39147525583394 1.88047371152788 1.17599675408565 1.10047313338146 1.76910415873863 1.50069932010956 1.01783003984019 1.85877043544315 1.63718492607586 0.979302393971011 1.33114319806919 0.962471596430987 1.31899547041394
1.1300446765963 1.0454781872686 0.92235431750305 1.67371313320473 0.957506310194731 1.62158822617494 0 1.57815211638808 1.7424863956403 1.34924312960356 1.106981651159 1.23835855326615 1.69639660255052 1.17105394182727 0.927599765593186 1.2304771267809 1.68309478461742 1.47940946090966 1.15700940485112 1.33315000892617 1.14631809270941 1.13233340601437 0.991559838177636 1.14494606782682 1.11034483253025 1.81879600323737 1.36214400152676 1.73518962715752 1.43853284814395 1.34400300821289
1.48911477462389 1.22908078692853 1.60269963298924 1.84990727202967 1.17010318790562 0.954120914451778 1.57815211638808 0 1.57727277022786 1.41676214896142 1.4675918573048 1.36545104184188 1.6622303519398 1.35418307618238 1.26675029564649 1.00062087504193 1.21384831285104 1.25097352243029 1.2111224506516 1.50888627045788 1.10948983510025 1.88775900821202 1.37281621294096 0.988248730776832 1.27023101481609 1.79936604364775 0.980118276085705 1.15966852474958 0.919894211692736 0.997840390074998
0.972979808459058 1.09814909659326 1.83823249186389 1.58530194917694 1.86332718282938 1.61849618842825 1.7424863956403 1.57727277022786 0 1.54082878050394 1.84962607570924 0.913481677649543 1.2042159801349 1.40867642778903 1.87408784357831 1.27324757305905 1.54977478645742 1.15430799475871 1.86674538231455 1.19727934151888 1.74684273824096 1.36124636721797 1.21612041257322 1.43531594076194 1.75060255173594 0.986474490026012 1.61968568898737 0.91928253765218 1.34466618485749 1.06518596480601
1.78994626528583 1.84707011561841 1.32667398243211 1.29964869399555 1.23382611083798 1.41914311400615 1.34924312960356 1.41676214896142 1.54082878050394 0 1.03139151912183 1.54264565557241 1.41938557731919 1.49222790822387 1.86208655359223 1.43322614626959 1.89362951810472 1.58400378818624 1.84093388728797 1.795415970264 1.14747322141193 1.23404603172094 1.2266868581064 1.28066743561067 1.16426213062368 1.00159131386317 1.14625567290932 1.04488113499247 0.953632266959175 1.32213584263809
1.3522042108234 1.724795445567 1.03628440946341 1.75063046836294 1.59510975028388 1.38635745015927 1.106981651159 1.4675918573048 1.84962607570924 1.03139151912183 0 1.39104271307588 0.973331421613693 1.81262880261056 1.25512303900905 1.88796365493909 1.45608946844004 0.983402691781521 1.15511901979335 1.48816100531258 1.59357494721189 1.67669707653113 1.86014907434583 1.57653601653874 1.83523203339428 1.55346831982024 1.07675393833779 1.87292179767974 1.51903738523833 1.38464484317228
1.25521317869425 1.36382784997113 1.48207808705047 1.87080615828745 1.48257945128717 0.968978688586503 1.23835855326615 1.36545104184188 0.913481677649543 1.54264565557241 1.39104271307588 0 1.09910616558045 1.06347574060783 1.30845952103846 0.980864323675632 1.30952097172849 1.60481298738159 1.85319852293469 0.97813983913511 1.39898471860215 1.37370566604659 1.48088451568037 1.33663263684139 1.01804400514811 1.55057118646801 1.35932310414501 1.66433190391399 1.54418776696548 1.30241082259454
1.34334513056092 1.10764702805318 0.925822112942114 1.09267032216303 1.00168597628362 1.25016278028488 1.69639660255052 1.6622303519398 1.2042159801349 1.41938557731919 0.973331421613693 1.09910616558045 0 1.41969574103132 1.85719775618054 1.44804413593374 1.3848146724049 0.981379641452804 1.70902928081341 1.6430466347374 1.6852350377012 1.33716746675782 1.36274914210662 1.26213730033487 1.22390541341156 1.17455871356651 0.963662011548877 1.57730350550264 1.41583878546953 1.25728677562438
1.74434681539424 1.65576856210828 1.88419305766001 1.12716481694952 1.76999893086031 1.72084120870568 1.17105394182727 1.35418307618238 1.40867642778903 1.49222790822387 1.81262880261056 1.06347574060783 1.41969574103132 0 1.57848100061528 1.25246334029362 1.51941043767147 1.57676180941053 1.63846912118606 0.946065844735131 1.7684962968342 1.22997056948952 1.68839057325386 1.31391369737685 1.90446328697726 1.64828423876315 0.975121697876602 1.22606173832901 1.56662103557028 1.47785764816217
1.79313680133782 1.60534677328542 1.02473683212884 1.80293938959949 1.02761104214005 1.74907030025497 0.927599765593186 1.26675029564649 1.87408784357831 1.86208655359223 1.25512303900905 1.30845952103846 1.85719775618054 1.57848100061528 0 1.31693414296024 1.44698627549224 1.8167074827943 0.980354629922658 1.60059902979992 1.57042595208623 1.78089948906563 1.20954122324474 1.18920741020702 1.21575984614901 1.29158894205466 0.916636524489149 1.409562605666 1.27009313134477 1.00004834961146
1.55142980115488 1.52191107417457 1.39481621887535 1.3502485845238 1.33613823447376 1.00126112042926 1.2304771267809 1.00062087504193 1.27324757305905 1.43322614626959 1.88796365493909 0.980864323675632 1.44804413593374 1.25246334029362 1.31693414296024 0 1.4798420460429 1.07809241954237 1.27964129019529 1.01355820056051 1.37732738582417 1.73544700117782 1.24484703410417 1.43066755030304 1.03207030892372 1.13022432103753 1.26122967409901 1.14360281755216 1.1057620793581 1.19478541519493
1.35587270301767 1.78558527934365 1.00438103522174 1.26494249585085 1.48055410990492 1.25963114085607 1.68309478461742 1.21384831285104 1.54977478645742 1.89362951810472 1.45608946844004 1.30952097172849 1.3848146724049 1.51941043767147 1.44698627549224 1.4798420460429 0 1.82566944649443 1.82742356462404 1.42362475465052 0.998869415605441 1.28412567870691 1.00516115501523 0.9717426688876 1.03957512020133 1.5172653470654 1.2175612654537 1.74401987623423 1.19062592787668 1.12028627516702
1.42424533748999 1.52773194178008 1.4788215928711 1.00546306744218 1.00277528585866 1.39147525583394 1.47940946090966 1.25097352243029 1.15430799475871 1.58400378818624 0.983402691781521 1.60481298738159 0.981379641452804 1.57676180941053 1.8167074827943 1.07809241954237 1.82566944649443 0 1.60802556248382 0.983464973047376 1.55293896654621 1.63723827851936 0.933889387175441 1.4946386332158 1.47131640883163 1.11856123595499 1.53196171415038 1.36234579165466 1.04782572947443 1.3300785436295
1.23430698714219 1.56048727198504 1.09978267946281 1.62497863220051 1.33185009052977 1.88047371152788 1.15700940485112 1.2111224506516 1.86674538231455 1.84093388728797 1.15511901979335 1.85319852293469 1.70902928081341 1.63846912118606 0.980354629922658 1.27964129019529 1.82742356462404 1.60802556248382 0 1.70394777716137 1.35946071147919 1.20679440512322 1.01864155731164 1.19056024006568 1.10037265601568 1.1886095488444 1.40392486099154 1.81163381692022 1.63385298638605 1.53146706218831
1.76339893648401 1.52922312729061 1.381492623128 1.28555698459968 1.72273340378888 1.17599675408565 1.33315000892617 1.50888627045788 1.19727934151888 1.795415970264 1.48816100531258 0.97813983913511 1.6430466347374 0.946065844735131 1.60059902979992 1.01355820056051 1.42362475465052 0.983464973047376 1.70394777716137 0 1.35991622158326 1.20658421027474 1.69060689583421 1.26684926985763 1.00589120830409 1.22367268777452 1.07576246303506 1.57973939413205 1.41655975091271 1.71496470156126
1.3414104054682 0.940214888192713 1.14615445863456 1.71049103070982 1.66757227503695 1.10047313338146 1.14631809270941 1.10948983510025 1.74684273824096 1.14747322141193 1.59357494721189 1.39898471860215 1.6852350377012 1.7684962968342 1.57042595208623 1.37732738582417 0.998869415605441 1.55293896654621 1.35946071147919 1.35991622158326 0 1.03836361365393 0.99760071374476 1.02182717109099 1.57148383487947 1.69982830807567 1.23819798161276 1.72336931363679 1.74572038580664 1.8389107643161
1.25480828806758 1.29665562789887 1.25178605690598 1.65508603211492 1.60757672809996 1.76910415873863 1.13233340601437 1.88775900821202 1.36124636721797 1.23404603172094 1.67669707653113 1.37370566604659 1.33716746675782 1.22997056948952 1.78089948906563 1.73544700117782 1.28412567870691 1.63723827851936 1.20679440512322 1.20658421027474 1.03836361365393 0 1.12129772850312 0.952425643103197 1.69894344545901 1.82550511625595 1.51757670822553 1.68710047239438 1.45953279756941 1.6564835566096
1.43299780646339 1.18154606386088 1.42323243082501 1.68608097289689 1.29544297093526 1.50069932010956 0.991559838177636 1.37281621294096 1.21612041257322 1.2266868581064 1.86014907434583 1.48088451568037 1.36274914210662 1.68839057325386 1.20954122324474 1.24484703410417 1.00516115501523 0.933889387175441 1.01864155731164 1.69060689583421 0.99760071374476 1.12129772850312 0 1.88145277276635 1.40763414883986 1.87191860470921 0.99036597344093 1.04076583194546 1.19200960593298 0.948058486217633
1.07224774197675 1.30326641863212 1.39437469188124 1.63920006086119 1.54202936752699 1.01783003984019 1.14494606782682 0.988248730776832 1.43531594076194 1.28066743561067 1.57653601653874 1.33663263684139 1.26213730033487 1.31391369737685 1.18920741020702 1.43066755030304 0.9717426688876 1.4946386332158 1.19056024006568 1.26684926985763 1.02182717109099 0.952425643103197 1.88145277276635 0 1.50020682509057 1.86302191577852 1.84257210814394 1.54974568379112 1.00173353194259 1.1788533993531
1.66627896786667 1.06861775182188 1.10966217331588 1.69017224153504 1.68479096097872 1.85877043544315 1.11034483253025 1.27023101481609 1.75060255173594 1.16426213062368 1.83523203339428 1.01804400514811 1.22390541341156 1.90446328697726 1.21575984614901 1.03207030892372 1.03957512020133 1.47131640883163 1.10037265601568 1.00589120830409 1.57148383487947 1.69894344545901 1.40763414883986 1.50020682509057 0 0.956362601835281 1.8901291526854 1.68686330108903 1.1789598534815 1.05783288390376
1.74118359037675 0.962419025832787 1.50730325910263 1.06356021855026 1.0510889494326 1.63718492607586 1.81879600323737 1.79936604364775 0.986474490026012 1.00159131386317 1.55346831982024 1.55057118646801 1.17455871356651 1.64828423876315 1.29158894205466 1.13022432103753 1.5172653470654 1.11856123595499 1.1886095488444 1.22367268777452 1.69982830807567 1.82550511625595 1.87191860470921 1.86302191577852 0.956362601835281 0 1.42962915357202 1.90575702767819 1.57731141615659 0.93822230421938
1.5749653861858 1.09539766027592 1.62346559436992 1.07362329540774 1.14771162578836 0.979302393971011 1.36214400152676 0.980118276085705 1.61968568898737 1.14625567290932 1.07675393833779 1.35932310414501 0.963662011548877 0.975121697876602 0.916636524489149 1.26122967409901 1.2175612654537 1.53196171415038 1.40392486099154 1.07576246303506 1.23819798161276 1.51757670822553 0.99036597344093 1.84257210814394 1.8901291526854 1.42962915357202 0 1.6954427366145 1.67744808713906 1.18194330693223
1.06192720704712 1.51271193730645 1.35835162340663 1.49137007328682 1.30388520588167 1.33114319806919 1.73518962715752 1.15966852474958 0.91928253765218 1.04488113499247 1.87292179767974 1.66433190391399 1.57730350550264 1.22606173832901 1.409562605666 1.14360281755216 1.74401987623423 1.36234579165466 1.81163381692022 1.57973939413205 1.72336931363679 1.68710047239438 1.04076583194546 1.54974568379112 1.68686330108903 1.90575702767819 1.6954427366145 0 1.44489491754211 1.73709566611797
1.49061510036699 1.73515188926831 1.61592102237046 1.02858022763394 1.61843369016424 0.962471596430987 1.43853284814395 0.919894211692736 1.34466618485749 0.953632266959175 1.51903738523833 1.54418776696548 1.41583878546953 1.56662103557028 1.27009313134477 1.1057620793581 1.19062592787668 1.04782572947443 1.63385298638605 1.41655975091271 1.74572038580664 1.45953279756941 1.19200960593298 1.00173353194259 1.1789598534815 1.57731141615659 1.67744808713906 1.44489491754211 0 0.941681784810498
1.60107122245245 1.8815718383994 1.05330486129969 1.69027592940256 1.12419267510995 1.31899547041394 1.34400300821289 0.997840390074998 1.06518596480601 1.32213584263809 1.38464484317228 1.30241082259454 1.25728677562438 1.47785764816217 1.00004834961146 1.19478541519493 1.12028627516702 1.3300785436295 1.53146706218831 1.71496470156126 1.8389107643161 1.6564835566096 0.948058486217633 1.1788533993531 1.05783288390376 0.93822230421938 1.18194330693223 1.73709566611797 0.941681784810498 0
