0 1.0191366225481 1.35681398818269 1.82283139787614 1.35813610069454 1.23992550279945 1.58964526513591 1.78917499654926 1.14840014954098 1.52926695486531 1.62853876710869 1.63470656960271 1.43401920772158 1.06220293277875 1.47659334586933 1.29020156851038 1.55892589059658 1.14064374030568 1.4524028247688 1.19870410580188 1.45412070071325 1.11978420522064 1.48506337287836 1.81084287678823 1.06180031364784 1.68695020559244 1.96588321123272 1.72970977635123 1.41148141608573 1.69185752794147
1.0191366225481 0 1.26236582593992 1.18884119787253 1.86500722402707 1.23625822667964 1.80346684646793 1.24345076037571 1.95205376646481 1.95917092263699 1.44416123372503 1.95913615450263 1.63912446796894 1.3163435542956 1.46281656879 1.55853276723064 1.46784108527936 1.54138290206902 1.05781592079438 1.94186471984722 0.991649223025888 1.17702808091417 1.94599928334355 1.85576052055694 1.32807961315848 1.69261064054444 1.64077499229461 1.87525125034153 1.62451665406115 1.88549176207744
1.35681398818269 1.26236582593992 0 1.32487189979292 0.988072963897139 1.24094185861759 1.08312720549293 1.32495573302731 0.987254885025322 1.4925071047619 1.72794958623126 1.81139316922054 1.86839092173614 1.64184612617828 1.3087930844631 1.41300232685171 1.28042744053528 1.91724321758375 1.90656848554499 1.52682504197583 1.37165133119561 1.54696741630323 1.48636136576533 1.06251989328302 1.71395440818742 1.4398515173234 1.0831065303646 1.75783465290442 1.37664437829517 1.95075327646919
1.82283139787614 1.18884119787253 1.32487189979292 0 1.34223349322565 1.00402863905765 1.92652952717617 1.16924252314493 1.61094756587408 1.34439546545036 1.55985286762007 1.57541965367272 1.79919204884209 1.91969406954013 1.08213420026004 1.17715216730721 1.06729263463058 1.08882453781553 1.44432727852836 0.98283579130657 1.14115541917272 1.74959402810782 1.76350066391751 1.51752672856674 1.59200191940181 1.57292475062422 1.94020926766098 1.49169551464729 1.37117864680476 1.31700036581606
1.35813610069454 1.86500722402707 0.988072963897139 1.34223349322565 0 1.79246201110072 1.12444021250121 1.9707021326758 1.1398749218788 1.00304467603564 1.86080887331627 1.37632586085238 1.19402841757983 1.44297955255024 1.76148797897622 1.40337352734059 1.42915373924188 1.76673667761497 1.69161526486278 1.35462836362422 1.6657463547308 1.52818561904132 1.44578392757103 1.45163952023722 1.6638746149838 1.80239039589651 1.82697859453037 1.46458177198656 1.43437883281149 1.91965707438067
1.23992550279945 1.23625822667964 1.24094185861759 1.00402863905765 1.79246201110072 0 1.88884036708623 1.56059446721338 1.23657246516086 1.18397510796785 1.1896023361478 1.76053544506431 1.14025207725354 1.82660930394195 1.30183860310353 1.79407978337258 1.40496566751972 1.07351914909668 1.68464395357296 1.74963664147072 1.19738400145434 1.59493521251716 1.40787880308926 1.54914678633213 1.42960583069362 1.48977756476961 1.06082227174193 1.86464238446206 1.58350880932994 1.60836255294271
1.58964526513591 1.80346684646793 1.08312720549293 1.92652952717617 1.12444021250121 1.88884036708623 0 1.31420237501152 1.32902734680101 1.08760034386069 1.58669402543455 1.46613130811602 1.54327708971687 1.69421229814179 1.32068377942778 1.50011551566422 1.54997161915526 1.6892514154315 1.48276700498536 1.83478359109722 1.94283256819472 1.03490393375978 1.96164898690768 1.96923255524598 1.03219506912865 1.96337316930294 1.18606154574081 1.14070013863966 1.32423421181738 1.30120234657079
1.78917499654926 1.24345076037571 1.32495573302731 1.16924252314493 1.9707021326758 1.56059446721338 1.31420237501152 0 1.13342566136271 1.51780148036778 1.59941243892536 1.38096317672171 1.63022168609314 1.0936915432103 1.33334635803476 1.90852693025954 1.76374609023333 1.02521730889566 1.38633810728788 1.73112410097383 1.80942116887309 1.95410825824365 1.12610424146987 1.27002427913249 1.79372735810466 1.04854837735184 1.21813744632527 1.80819232971407 1.61543266521767 1.18211043975316
1.14840014954098 1.95205376646481 0.987254885025322 1.61094756587408 1.1398749218788 1.23657246516086 1.32902734680101 1.13342566136271 0 1.5787905973848 1.37724743154831 1.04846429591998 1.59758399520069 1.47881790716201 1.24459546036087 1.62822464853525 1.96120971441269 1.63236139295623 1.84406274417415 1.11407679552212 1.37985400459729 1.0854460534174 1.00750233069994 1.77347449911758 1.0517863871064 1.07074600411579 1.50298365787603 1.133774173446 1.97103569400497 1.33602635585703
1.52926695486531 1.95917092263699 1.4925071047619 1.34439546545036 1.00304467603564 1.18397510796785 1.08760034386069 1.51780148036778 1.5787905973848 0 1.83370040962473 1.72338021057658 1.48716203286313 1.46613871282898 1.56127402046695 1.4903041808866 1.41175267193466 1.47203348833136 1.44101527775638 1.19479320640676 1.53329349053092 1.81710018008016 1.89594717812724 1.13592731487006 1.02252262411639 1.60570611432195 1.14266736200079 1.28583853249438 1.40598233090714 1.80855565099046
1.62853876710869 1.44416123372503 1.72794958623126 1.55985286762007 1.86080887331627 1.1896023361478 1.58669402543455 1.59941243892536 1.37724743154831 1.83370040962473 0 1.93215864873491 1.76923596276902 1.12239048513584 1.87788756052032 1.88219669740647 1.32226032065228 1.83999704755843 1.56658972287551 1.95373521116562 1.33799901488237 1.29290675744414 1.92991137062199 1.74140495061874 1.12988929427229 1.27078004553914 1.40473994333297 1.02836591028608 1.91722904890776 1.88311916496605
1.63470656960271 1.95913615450263 1.81139316922054 1.57541965367272 1.37632586085238 1.76053544506431 1.46613130811602 1.38096317672171 1.04846429591998 1.72338021057658 1.93215864873491 0 1.71522242808715 1.37414239207283 1.34438955318183 1.78485333756544 1.50185448583215 1.01928904512897 1.20712057524361 1.40954816970043 1.84924521949142 1.75703359558247 1.0020929032471 1.04431447805837 1.02357791457325 1.84781806939282 1.64329702919349 1.43472896376625 1.00272385030985 1.498673789436
1.43401920772158 1.63912446796894 1.86839092173614 1.79919204884209 1.19402841757983 1.14025207725354 1.54327708971687 1.63022168609314 1.59758399520069 1.48716203286313 1.76923596276902 1.71522242808715 0 1.33606380596757 1.48710858402774 1.57022478338331 1.25248450995423 1.43209404242225 1.11442945455201 1.63823174103163 1.20196473156102 1.71414712304249 1.79020791267976 1.92813127301633 1.90221887105145 1.44905263534747 1.06503728264943 1.18596788868308 1.12304446217604 1.14154611038975
1.06220293277875 1.3163435542956 1.64184612617828 1.91969406954013 1.44297955255024 1.82660930394195 1.69421229814179 1.0936915432103 1.47881790716201 1.46613871282898 1.12239048513584 1.37414239207283 1.33606380596757 0 1.80621354328468 1.66066833399236 1.95450681145303 1.35856132605113 1.04369621048681 1.80077319545671 1.33895563636906 1.54488906217739 1.58452652674168 1.14287650445476 1.73353378521279 1.96492502745241 1.77631415333599 1.2337118848227 1.95047831255943 1.84071738482453
1.47659334586933 1.46281656879 1.3087930844631 1.08213420026004 1.76148797897622 1.30183860310353 1.32068377942778 1.33334635803476 1.24459546036087 1.56127402046695 1.87788756052032 1.34438955318183 1.48710858402774 1.80621354328468 0 1.93758010910824 1.65478779422119 1.79286078293808 0.977852503070608 1.94355560373515 1.28666509571485 1.68058858346194 1.65937761194073 1.95430863648653 1.89446486742236 1.62847811705433 1.40254425443709 1.69054194376804 1.13911623647436 1.53429415961727
1.29020156851038 1.55853276723064 1.41300232685171 1.17715216730721 1.40337352734059 1.79407978337258 1.50011551566422 1.90852693025954 1.62822464853525 1.4903041808866 1.88219669740647 1.78485333756544 1.57022478338331 1.66066833399236 1.93758010910824 0 1.73579028504901 1.23139053792693 1.46102520218119 1.30134706757963 1.01648127264343 1.04407760384493 1.70835953811184 1.48784079030156 1.43057103059255 1.17280856939033 1.94087922829203 1.40376808401197 1.75331087224185 1.82852573902346
1.55892589059658 1.46784108527936 1.28042744053528 1.06729263463058 1.42915373924188 1.40496566751972 1.54997161915526 1.76374609023333 1.96120971441269 1.41175267193466 1.32226032065228 1.50185448583215 1.25248450995423 1.95450681145303 1.65478779422119 1.73579028504901 0 1.92047069128603 1.79005250497721 1.73494225786999 1.09475738182664 1.03335677180439 0.98055401747115 1.91171700553969 1.41780777927488 0.991181956138462 1.01492371922359 1.84938208642416 1.69147474993952 1.73093648673967
1.14064374030568 1.54138290206902 1.91724321758375 1.08882453781553 1.76673667761497 1.07351914909668 1.6892514154315 1.02521730889566 1.63236139295623 1.47203348833136 1.83999704755843 1.01928904512897 1.43209404242225 1.35856132605113 1.79286078293808 1.23139053792693 1.92047069128603 0 1.35786931333132 1.73827217891812 1.66145322634839 1.47220717277378 1.51522677997127 1.28650842653587 1.51335889217444 1.35786679200828 1.06273512076586 1.5799524304457 1.66590806865133 1.85378882032819
1.4524028247688 1.05781592079438 1.90656848554499 1.44432727852836 1.69161526486278 1.68464395357296 1.48276700498536 1.38633810728788 1.84406274417415 1.44101527775638 1.56658972287551 1.20712057524361 1.11442945455201 1.04369621048681 0.977852503070608 1.46102520218119 1.79005250497721 1.35786931333132 0 1.28108107671142 1.83322920836508 1.84180512395687 1.73203140357509 0.976456133415923 1.47282014694065 1.16451533860527 1.61560487584211 1.87856926908717 1.24278547358699 1.42210851912387
1.19870410580188 1.94186471984722 1.52682504197583 0.98283579130657 1.35462836362422 1.74963664147072 1.83478359109722 1.73112410097383 1.11407679552212 1.19479320640676 1.95373521116562 1.40954816970043 1.63823174103163 1.80077319545671 1.94355560373515 1.30134706757963 1.73494225786999 1.73827217891812 1.28108107671142 0 1.04478623415343 1.20557138090953 1.45085822511464 1.35702493600547 1.69517685682513 1.39168467232957 1.46481971396133 1.65988424047828 1.54108491446823 1.63431384321302
1.45412070071325 0.991649223025888 1.37165133119561 1.14115541917272 1.6657463547308 1.19738400145434 1.94283256819472 1.80942116887309 1.37985400459729 1.53329349053092 1.33799901488237 1.84924521949142 1.20196473156102 1.33895563636906 1.28666509571485 1.01648127264343 1.09475738182664 1.66145322634839 1.83322920836508 1.04478623415343 0 1.47598369442858 1.76984163955785 1.40004875673912 1.92760975053534 1.85922473482788 1.77742442023009 1.78491183859296 1.54690185049549 1.79914325522259
1.11978420522064 1.17702808091417 1.54696741630323 1.74959402810782 1.52818561904132 1.59493521251716 1.03490393375978 1.95410825824365 1.0854460534174 1.81710018008016 1.29290675744414 1.75703359558247 1.71414712304249 1.54488906217739 1.68058858346194 1.04407760384493 1.03335677180439 1.47220717277378 1.84180512395687 1.20557138090953 1.47598369442858 0 1.85000845277682 1.24096977198496 1.57723923656158 1.94687398173846 1.0097667130176 1.87712379544973 1.13499033893459 1.94718648330308
1.48506337287836 1.94599928334355 1.48636136576533 1.76350066391751 1.44578392757103 1.40787880308926 1.96164898690768 1.12610424146987 1.00750233069994 1.89594717812724 1.92991137062199 1.0020929032471 1.79020791267976 1.58452652674168 1.65937761194073 1.70835953811184 0.98055401747115 1.51522677997127 1.73203140357509 1.45085822511464 1.76984163955785 1.85000845277682 0 1.59321721456945 1.72880811640061 1.80862657679245 1.25755165191367 1.14536200743169 1.35439842683263 1.95822757296264
1.81084287678823 1.85576052055694 1.06251989328302 1.51752672856674 1.45163952023722 1.54914678633213 1.96923255524598 1.27002427913249 1.77347449911758 1.13592731487006 1.74140495061874 1.04431447805837 1.92813127301633 1.14287650445476 1.95430863648653 1.48784079030156 1.91171700553969 1.28650842653587 0.976456133415923 1.35702493600547 1.40004875673912 1.24096977198496 1.59321721456945 0 1.10282799205743 1.47391135036014 1.53808061266318 1.58345665060915 1.34281595260836 1.83986782399006
1.06180031364784 1.32807961315848 1.71395440818742 1.59200191940181 1.6638746149838 1.42960583069362 1.03219506912865 1.79372735810466 1.0517863871064 1.02252262411639 1.12988929427229 1.02357791457325 1.90221887105145 1.73353378521279 1.89446486742236 1.43057103059255 1.41780777927488 1.51335889217444 1.47282014694065 1.69517685682513 1.92760975053534 1.57723923656158 1.72880811640061 1.10282799205743 0 1.86422482016496 0.98111864249222 1.94402696262114 1.20760309114121 1.31502297124825
1.68695020559244 1.69261064054444 1.4398515173234 1.57292475062422 1.80239039589651 1.48977756476961 1.96337316930294 1.04854837735184 1.07074600411579 1.60570611432195 1.27078004553914 1.84781806939282 1.44905263534747 1.96492502745241 1.62847811705433 1.17280856939033 0.991181956138462 1.35786679200828 1.16451533860527 1.39168467232957 1.85922473482788 1.94687398173846 1.80862657679245 1.47391135036014 1.86422482016496 0 1.2676382616628 1.25951392808929 1.80060357484035 1.92307971301489
1.96588321123272 1.64077499229461 1.0831065303646 1.94020926766098 1.82697859453037 1.06082227174193 1.18606154574081 1.21813744632527 1.50298365787603 1.14266736200079 1.40473994333297 1.64329702919349 1.06503728264943 1.77631415333599 1.40254425443709 1.94087922829203 1.01492371922359 1.06273512076586 1.61560487584211 1.46481971396133 1.77742442023009 1.0097667130176 1.25755165191367 1.53808061266318 0.98111864249222 1.2676382616628 0 1.04452840867452 1.51791568333283 1.05329721118324
1.72970977635123 1.87525125034153 1.75783465290442 1.49169551464729 1.46458177198656 1.86464238446206 1.14070013863966 1.80819232971407 1.133774173446 1.28583853249438 1.02836591028608 1.43472896376625 1.18596788868308 1.2337118848227 1.69054194376804 1.40376808401197 1.84938208642416 1.5799524304457 1.87856926908717 1.65988424047828 1.78491183859296 1.87712379544973 1.14536200743169 1.58345665060915 1.94402696262114 1.25951392808929 1.04452840867452 0 1.00090369395912 1.50761286797933
1.41148141608573 1.62451665406115 1.37664437829517 1.37117864680476 1.43437883281149 1.58350880932994 1.32423421181738 1.61543266521767 1.97103569400497 1.40598233090714 1.91722904890776 1.00272385030985 1.12304446217604 1.95047831255943 1.13911623647436 1.75331087224185 1.69147474993952 1.66590806865133 1.24278547358699 1.54108491446823 1.54690185049549 1.13499033893459 1.35439842683263 1.34281595260836 1.20760309114121 1.80060357484035 1.51791568333283 1.00090369395912 0 1.35772272851318
1.69185752794147 1.88549176207744 1.95075327646919 1.31700036581606 1.91965707438067 1.60836255294271 1.30120234657079 1.18211043975316 1.33602635585703 1.80855565099046 1.88311916496605 1.498673789436 1.14154611038975 1.84071738482453 1.53429415961727 1.82852573902346 1.73093648673967 1.85378882032819 1.42210851912387 1.63431384321302 1.79914325522259 1.94718648330308 1.95822757296264 1.83986782399006 1.31502297124825 1.92307971301489 1.05329721118324 1.50761286797933 1.35772272851318 0
