0 1.25248000281863 1.48854672373272 1.65498837549239 1.15074560162611 1.88201052509248 1.53884299239144 1.87416696664877 1.08985225111246 1.55391826480627 1.87322621000931 1.28809751104563 1.09760734043084 1.88057395676151 1.53314769943245 1.52694722777233 1.3641932385508 1.22917243372649 1.34483851329423 1.14458803506568 1.08453682158142 1.60041622095741 1.24800383113325 1.27023011771962 1.78673361288384 1.7490989046637 1.92850465839729 1.46630850038491 1.22904949262738 1.29162197024561
1.25248000281863 0 1.6600789304357 1.27413205662742 1.30940868961625 1.59518383350223 1.18019491690211 1.67517734807916 1.28181753307581 1.16169727779925 0.993079935666174 1.42805236508138 1.74963264446706 1.18484012153931 1.87137828115374 1.49871905846521 1.16609558858909 1.30453006038442 1.93078772118315 1.07338037807494 1.29896723339334 1.24160479637794 1.42555250227451 1.76600618707016 1.40022710943595 1.34076268109493 1.20697755087167 1.32533719833009 1.64484702469781 1.56062915478833
1.48854672373272 1.6600789304357 0 1.96528549888171 1.45198341691867 1.7477683997713 1.14382714405656 1.3789624562487 1.25563660939224 1.47067125281319 1.23907921486534 1.14766037208028 1.47724757343531 1.29575344966725 0.998899829108268 1.13945697923191 1.70577763929032 1.51816983218305 1.12468139850534 1.17169437441044 1.26398205687292 1.629672157811 1.0143236820586 0.986292291199788 1.18225045129657 1.18959655263461 1.3364494999405 0.980341578135267 1.25773491873406 1.02760459226556
1.65498837549239 1.27413205662742 1.96528549888171 0 1.34169630124234 1.82054688828066 1.04326789244078 1.97653711284511 1.01615788391791 1.79404566832818 1.1639783247374 1.29102493892424 1.87269217800349 1.24297016113997 1.80903002386913 0.998747977428138 1.88118939753622 1.34781844099052 1.92827338748612 1.57239357172512 1.94025703985244 1.85956160514615 1.82240734412335 1.87238774029538 1.37418119306676 1.62763102981262 1.50932677602395 0.984943920746446 1.25460903695785 1.55137945269234
1.15074560162611 1.30940868961625 1.45198341691867 1.34169630124234 0 1.09741718089208 1.52549958298914 1.40097433608025 1.10457851365209 1.50640856614336 1.39809625549242 1.00255308742635 1.24594301939942 1.09440708090551 1.14221751643345 1.42946105543524 1.66582494834438 1.00253625260666 1.51353259431198 1.70916264224797 1.30932772089727 1.36747515201569 1.29219810687937 1.43650752864778 1.07112703192979 1.16762410919182 1.05400969088078 1.27034255955368 1.67427690071054 1.37512313597836
1.88201052509248 1.59518383350223 1.7477683997713 1.82054688828066 1.09741718089208 0 1.151219523279 1.69513432588428 1.83937965286896 1.54057604284026 1.57139685726725 1.48532030638307 1.1970129807014 1.84881291282363 1.47575089358725 1.0844292906113 1.07656291406602 1.5417475674767 1.09794515115209 1.10695513570681 1.54728640196845 1.35102251311764 1.83862474071793 1.15356182749383 1.47747148177586 1.28118184953928 1.39992913044989 1.46689441334456 1.4898932937067 1.83417142205872
1.53884299239144 1.18019491690211 1.14382714405656 1.04326789244078 1.52549958298914 1.151219523279 0 1.1324975611642 1.26636174670421 1.15629811119288 1.07681545754895 1.77995258779265 1.81106241582893 1.09838870866224 1.34728611214086 1.67799424636178 1.38362488290295 1.29687749245204 1.41247223224491 1.62145579862408 1.90148924267851 1.79856288409792 1.19881376065314 1.25125646032393 1.82185712759383 1.64285274292342 1.38328350987285 1.789708717959 1.16725905216299 1.06686424720101
1.87416696664877 1.67517734807916 1.3789624562487 1.97653711284511 1.40097433608025 1.69513432588428 1.1324975611642 0 1.22582474094816 1.55010196799412 1.45941584277898 1.57056924211793 1.12141353054903 1.09457362862304 1.49105894728564 1.05779157672077 1.3112445930019 1.91259579639882 1.7002788966056 1.34153291210532 1.33979683066718 1.42752749589272 1.29166656895541 1.52437475486659 1.84843295882456 1.14554828847758 1.8598420266062 1.42014014511369 1.55622676969506 1.44584694365039
1.08985225111246 1.28181753307581 1.25563660939224 1.01615788391791 1.10457851365209 1.83937965286896 1.26636174670421 1.22582474094816 0 1.14451188850217 1.18611122202128 1.58204226032831 1.94097466534004 1.95445869094692 1.45671340543777 1.90519005269744 1.60414827708155 1.07661006669514 1.62489165738225 1.55065799341537 1.18029558751732 1.15778783638962 1.93034046282992 1.49904851615429 1.33491121674888 1.94009289960377 1.19179350114428 1.41632403875701 1.68723211530596 1.52647633897141
1.55391826480627 1.16169727779925 1.47067125281319 1.79404566832818 1.50640856614336 1.54057604284026 1.15629811119288 1.55010196799412 1.14451188850217 0 1.32534365984611 1.38160411454737 1.75094123836607 1.2131296377629 1.2659575114958 1.5161912869662 1.23795720259659 1.82587235723622 1.97285625478253 1.84309798642062 1.57234904030338 1.64313758374192 1.40048856334761 1.58858467056416 1.36083292379044 1.30766828218475 1.17627907427959 1.45694148959592 1.52031362405978 1.58478984958492
1.87322621000931 0.993079935666174 1.23907921486534 1.1639783247374 1.39809625549242 1.57139685726725 1.07681545754895 1.45941584277898 1.18611122202128 1.32534365984611 0 1.08777085412294 1.4416563033592 1.18625171831809 1.13721109158359 1.77950206049718 1.27720782742836 1.23885771469213 1.35120314056985 1.87967592314817 1.32175674941391 1.19305913266726 1.67186803347431 1.64806476421654 1.58483007666655 1.4494830078911 1.26048527657986 1.66009058523923 1.40457352739759 1.48148295353167
1.28809751104563 1.42805236508138 1.14766037208028 1.29102493892424 1.00255308742635 1.48532030638307 1.77995258779265 1.57056924211793 1.58204226032831 1.38160411454737 1.08777085412294 0 1.69407210312784 1.7943242136389 1.53775282367133 1.3303534318693 1.04480239306577 1.57573165674694 1.27916788868606 1.7834853483364 1.23608476994559 1.96097876830027 1.1827088999562 1.01306948810816 1.15208590705879 1.76079674903303 1.66773284133524 1.37345506157726 1.56868439144455 1.41618953645229
1.09760734043084 1.74963264446706 1.47724757343531 1.87269217800349 1.24594301939942 1.1970129807014 1.81106241582893 1.12141353054903 1.94097466534004 1.75094123836607 1.4416563033592 1.69407210312784 0 1.42470008716919 1.64843041682616 1.83204225520603 1.6680460725911 1.641415809514 1.19288102630526 1.61835707491264 1.14456183696166 1.50646546599455 1.76215868047439 1.46238995832391 1.26785977277905 1.11739571671933 1.93183104717173 0.995355589780957 1.94245629082434 1.58834095019847
1.88057395676151 1.18484012153931 1.29575344966725 1.24297016113997 1.09440708090551 1.84881291282363 1.09838870866224 1.09457362862304 1.95445869094692 1.2131296377629 1.18625171831809 1.7943242136389 1.42470008716919 0 1.76011927216314 1.28680313075893 1.86040675034747 1.23495750920847 1.50175517098978 1.90977025660686 1.00334679614753 1.95686650765128 1.59055365831591 1.41259831213392 1.29108470561914 1.40555505687371 1.81985928444192 1.13387361494824 1.65119203529321 1.52549424860626
1.53314769943245 1.87137828115374 0.998899829108268 1.80903002386913 1.14221751643345 1.47575089358725 1.34728611214086 1.49105894728564 1.45671340543777 1.2659575114958 1.13721109158359 1.53775282367133 1.64843041682616 1.76011927216314 0 1.35642488626763 1.40985132800415 1.90247739735059 0.979987277183682 1.58730893931352 1.09281263267621 1.75155885471031 1.36381103750318 1.32076786248945 1.36493365373462 1.95766260079108 1.7299154130742 1.94797155773267 1.61079003266059 1.69035514350981
1.52694722777233 1.49871905846521 1.13945697923191 0.998747977428138 1.42946105543524 1.0844292906113 1.67799424636178 1.05779157672077 1.90519005269744 1.5161912869662 1.77950206049718 1.3303534318693 1.83204225520603 1.28680313075893 1.35642488626763 0 1.89598490693606 1.08242027065717 0.986039361683652 1.70216703950427 0.997647097101435 1.28766913083382 1.85117518086918 1.47392089152709 1.13630093401298 1.06344977603294 1.45841755787842 1.45772910793312 1.38641536072828 1.28668215405196
1.3641932385508 1.16609558858909 1.70577763929032 1.88118939753622 1.66582494834438 1.07656291406602 1.38362488290295 1.3112445930019 1.60414827708155 1.23795720259659 1.27720782742836 1.04480239306577 1.6680460725911 1.86040675034747 1.40985132800415 1.89598490693606 0 1.84188511571847 1.68471600185148 1.06890831654891 1.68194535840303 0.995708427624777 1.69214878720231 1.58393595204689 1.49743017856963 1.85049730492756 1.60890823509544 1.55176023184322 1.02086214674637 1.82888836646453
1.22917243372649 1.30453006038442 1.51816983218305 1.34781844099052 1.00253625260666 1.5417475674767 1.29687749245204 1.91259579639882 1.07661006669514 1.82587235723622 1.23885771469213 1.57573165674694 1.641415809514 1.23495750920847 1.90247739735059 1.08242027065717 1.84188511571847 0 1.37800687830895 1.78743831906468 1.67461524973623 1.18016567314044 1.28146227146499 1.15971008385532 1.20004594046623 1.29258582904004 1.90520689287223 1.04274639184587 1.73837498971261 1.74047097936273
1.34483851329423 1.93078772118315 1.12468139850534 1.92827338748612 1.51353259431198 1.09794515115209 1.41247223224491 1.7002788966056 1.62489165738225 1.97285625478253 1.35120314056985 1.27916788868606 1.19288102630526 1.50175517098978 0.979987277183682 0.986039361683652 1.68471600185148 1.37800687830895 0 1.46205408871174 1.58422197517939 1.48853568406776 1.2606476622168 1.80017198482528 1.52208805945702 1.59654044616036 1.58672248036601 1.56534317159094 1.47016965947114 1.0343047901988
1.14458803506568 1.07338037807494 1.17169437441044 1.57239357172512 1.70916264224797 1.10695513570681 1.62145579862408 1.34153291210532 1.55065799341537 1.84309798642062 1.87967592314817 1.7834853483364 1.61835707491264 1.90977025660686 1.58730893931352 1.70216703950427 1.06890831654891 1.78743831906468 1.46205408871174 0 1.09334920509718 1.18648531031795 1.24300150969066 1.46947004436515 1.11907853884622 1.62978318915702 1.97308307886124 1.92269718949683 1.7141650877893 1.58929967461154
1.08453682158142 1.29896723339334 1.26398205687292 1.94025703985244 1.30932772089727 1.54728640196845 1.90148924267851 1.33979683066718 1.18029558751732 1.57234904030338 1.32175674941391 1.23608476994559 1.14456183696166 1.00334679614753 1.09281263267621 0.997647097101435 1.68194535840303 1.67461524973623 1.58422197517939 1.09334920509718 0 1.42878379952163 1.62182873627171 1.11083425022662 1.15808660164475 1.69931611814536 1.39479840057902 1.8283478168305 1.42767487093806 1.60949997487478
1.60041622095741 1.24160479637794 1.629672157811 1.85956160514615 1.36747515201569 1.35102251311764 1.79856288409792 1.42752749589272 1.15778783638962 1.64313758374192 1.19305913266726 1.96097876830027 1.50646546599455 1.95686650765128 1.75155885471031 1.28766913083382 0.995708427624777 1.18016567314044 1.48853568406776 1.18648531031795 1.42878379952163 0 1.40314074931666 1.27724087284878 1.55913311056793 1.91679845401086 1.10895527200773 1.90115202753805 1.58940217760392 1.78247172175907
1.24800383113325 1.42555250227451 1.0143236820586 1.82240734412335 1.29219810687937 1.83862474071793 1.19881376065314 1.29166656895541 1.93034046282992 1.40048856334761 1.67186803347431 1.1827088999562 1.76215868047439 1.59055365831591 1.36381103750318 1.85117518086918 1.69214878720231 1.28146227146499 1.2606476622168 1.24300150969066 1.62182873627171 1.40314074931666 0 1.91293120221235 1.97483977116644 1.27181864669546 1.96147244051099 1.09237007680349 1.96756352903321 1.78794470243156
1.27023011771962 1.76600618707016 0.986292291199788 1.87238774029538 1.43650752864778 1.15356182749383 1.25125646032393 1.52437475486659 1.49904851615429 1.58858467056416 1.64806476421654 1.01306948810816 1.46238995832391 1.41259831213392 1.32076786248945 1.47392089152709 1.58393595204689 1.15971008385532 1.80017198482528 1.46947004436515 1.11083425022662 1.27724087284878 1.91293120221235 0 1.94394873199053 1.64591283653863 1.29124777251855 1.49548788601533 1.82545411377214 1.40425020642579
1.78673361288384 1.40022710943595 1.18225045129657 1.37418119306676 1.07112703192979 1.47747148177586 1.82185712759383 1.84843295882456 1.33491121674888 1.36083292379044 1.58483007666655 1.15208590705879 1.26785977277905 1.29108470561914 1.36493365373462 1.13630093401298 1.49743017856963 1.20004594046623 1.52208805945702 1.11907853884622 1.15808660164475 1.55913311056793 1.97483977116644 1.94394873199053 0 1.90144477761351 1.2876499670092 1.55924709164537 1.87158186873421 1.03561006579548
1.7490989046637 1.34076268109493 1.18959655263461 1.62763102981262 1.16762410919182 1.28118184953928 1.64285274292342 1.14554828847758 1.94009289960377 1.30766828218475 1.4494830078911 1.76079674903303 1.11739571671933 1.40555505687371 1.95766260079108 1.06344977603294 1.85049730492756 1.29258582904004 1.59654044616036 1.62978318915702 1.69931611814536 1.91679845401086 1.27181864669546 1.64591283653863 1.90144477761351 0 1.03150545014068 1.63158284919336 1.17979383375496 1.69511352758855
1.92850465839729 1.20697755087167 1.3364494999405 1.50932677602395 1.05400969088078 1.39992913044989 1.38328350987285 1.8598420266062 1.19179350114428 1.17627907427959 1.26048527657986 1.66773284133524 1.93183104717173 1.81985928444192 1.7299154130742 1.45841755787842 1.60890823509544 1.90520689287223 1.58672248036601 1.97308307886124 1.39479840057902 1.10895527200773 1.96147244051099 1.29124777251855 1.2876499670092 1.03150545014068 0 1.16022357740439 1.21362949558534 1.44848371203989
1.46630850038491 1.32533719833009 0.980341578135267 0.984943920746446 1.27034255955368 1.46689441334456 1.789708717959 1.42014014511369 1.41632403875701 1.45694148959592 1.66009058523923 1.37345506157726 0.995355589780957 1.13387361494824 1.94797155773267 1.45772910793312 1.55176023184322 1.04274639184587 1.56534317159094 1.92269718949683 1.8283478168305 1.90115202753805 1.09237007680349 1.49548788601533 1.55924709164537 1.63158284919336 1.16022357740439 0 1.07896685344167 1.47469983203337
1.22904949262738 1.64484702469781 1.25773491873406 1.25460903695785 1.67427690071054 1.4898932937067 1.16725905216299 1.55622676969506 1.68723211530596 1.52031362405978 1.40457352739759 1.56868439144455 1.94245629082434 1.65119203529321 1.61079003266059 1.38641536072828 1.02086214674637 1.73837498971261 1.47016965947114 1.7141650877893 1.42767487093806 1.58940217760392 1.96756352903321 1.82545411377214 1.87158186873421 1.17979383375496 1.21362949558534 1.07896685344167 0 1.61280561750755
1.29162197024561 1.56062915478833 1.02760459226556 1.55137945269234 1.37512313597836 1.83417142205872 1.06686424720101 1.44584694365039 1.52647633897141 1.58478984958492 1.48148295353167 1.41618953645229 1.58834095019847 1.52549424860626 1.69035514350981 1.28668215405196 1.82888836646453 1.74047097936273 1.0343047901988 1.58929967461154 1.60949997487478 1.78247172175907 1.78794470243156 1.40425020642579 1.03561006579548 1.69511352758855 1.44848371203989 1.47469983203337 1.61280561750755 0
