0 1.35829536733218 1.64937507291324 1.33298718649894 0.890718111535534 1.44867532490753 1.24912624852732 1.65614797803573 1.41981779783964 1.47570459335111 1.85131655936129 1.34952907101251 1.619190226309 1.84895337908529 1.81896621594205 1.3151810048148 1.44662571558729 1.81079727201723 1.11069435579702 0.933402367634699 1.02789497142658 1.3569766767323 1.49733724165708 1.68499396042898 1.18719245609827 1.43054629676044 1.27312249527313 0.987526479410008 1.56537398486398 1.58307470404543
1.35829536733218 0 1.27912450698204 1.72902282956056 1.1176512867678 1.00622494891286 1.85653331596404 1.36981385317631 1.14514575200155 1.18667796091177 1.2541069034487 1.35602475469932 1.79519944195636 1.70047384803183 1.75979675212875 0.927850501146168 1.63399755838327 1.73415792570449 1.21017544949427 1.50233349646442 1.77367712301202 1.5604559481144 1.16125717293471 1.35982517362572 1.05603894777596 1.59107749373652 1.75517687969841 0.958368383813649 1.32003996451385 1.22372281900607
1.64937507291324 1.27912450698204 0 1.00429916265421 0.969703202601522 1.73221996729262 0.907400566153228 1.44241092167795 1.21776012284681 1.42040545633063 0.921596040250733 1.43089445820078 1.13362691598013 1.47652886225842 1.12252324540168 1.05218013422564 1.22284361487255 1.86306495126337 1.55724634905346 1.10955522744916 0.955795305082574 1.10957269207574 0.988040486117825 0.893028606893495 1.53603771189228 0.949168541934341 1.70915694767609 1.30943475430831 0.980743485735729 1.69095472246408
1.33298718649894 1.72902282956056 1.00429916265421 0 1.34816992236301 1.50361858122051 1.06143119046465 1.01921302592382 1.78358638309874 1.88716607075185 1.44813372613862 1.21558126248419 1.81318990397267 1.11438487423584 1.46633250731975 1.78484850865789 1.85871485923417 1.84985626419075 1.17632073001005 1.36646298202686 1.63536030217074 1.10028171050362 1.7136681699194 0.982237626798451 1.40913185826503 1.31790992873721 1.3374442839995 0.902393990196288 1.47651731409132 1.47803832427599
0.890718111535534 1.1176512867678 0.969703202601522 1.34816992236301 0 0.92165849218145 1.28067362192087 1.29530400969088 1.22657357202843 1.36861275229603 1.0264279965777 1.80340078123845 1.7333330870606 1.06965059321374 1.62542099575512 1.53704764368013 1.56533507164568 1.33024612395093 1.57569403201342 1.14968308410607 1.39728315593675 1.16910894820467 1.15828836290166 0.948059445014223 1.73184728436172 1.2480342022609 1.28673659055494 1.76172961853445 0.902212758781388 1.82772542932071
1.44867532490753 1.00622494891286 1.73221996729262 1.50361858122051 0.92165849218145 0 1.0206114302855 1.82411601976492 1.60446678544395 1.49589899391867 1.19807683839463 1.35005097021349 1.46922170347534 1.51002026931383 0.91081112716347 1.65197082376108 1.50735228136182 1.72662040358409 1.85805318853818 1.60471544647589 1.48597433534451 1.09239226439968 1.25522843049839 1.58024129644036 1.54249588376842 0.956565326545388 1.3517916565761 1.53291881503537 1.35799774690531 1.87996794958599
1.24912624852732 1.85653331596404 0.907400566153228 1.06143119046465 1.28067362192087 1.0206114302855 0 1.78934615920298 1.57918924139813 1.72553926310502 0.936414001509547 0.941520860651508 1.14796905498952 1.54420757014304 1.61965032038279 1.49805012624711 1.78794657927938 1.0461441099178 1.55084183602594 1.37888353131711 1.75993661745451 1.16983823664486 1.78328525926918 0.990546725923195 1.29746134043671 1.40947130974382 1.09529055142775 1.241494320333 1.03405431006104 1.69936213595793
1.65614797803573 1.36981385317631 1.44241092167795 1.01921302592382 1.29530400969088 1.82411601976492 1.78934615920298 0 1.38937689270824 0.966397378360853 1.38663326157257 1.76844831230119 1.30887615284882 1.14093805570155 1.03859295276925 1.15882300701924 1.29488231730647 0.910352074773982 1.07654883549549 1.50681655178778 0.971667399164289 1.66394881834276 0.963487576460466 1.45034941239282 1.8656117755454 1.34172566351481 0.953675151802599 1.40469644893892 1.75888578407466 1.59120807028376
1.41981779783964 1.14514575200155 1.21776012284681 1.78358638309874 1.22657357202843 1.60446678544395 1.57918924139813 1.38937689270824 0 1.51821462344378 1.62056982843205 1.32199896662496 1.30398534820415 1.75089841848239 1.7848230781965 1.7070206257049 1.23094631708227 1.33061116538011 1.59403342753649 1.32401086227037 0.894296322250739 1.5423895730637 0.984854884445667 1.43571654055268 1.77243453660049 1.09052134118974 1.4984701697249 1.39197891997173 1.39626750047319 1.22928161616437
1.47570459335111 1.18667796091177 1.42040545633063 1.88716607075185 1.36861275229603 1.49589899391867 1.72553926310502 0.966397378360853 1.51821462344378 0 1.60304104001261 1.26825549732894 0.920471498044208 1.0489150560461 1.39351285761222 0.966956487391144 0.946475366363302 1.18866228847764 1.56181771750562 1.87466948619112 1.2263759765774 1.04128716164269 1.79348673974164 1.64763323916122 1.34361844882369 1.25128229893744 1.71378711098805 1.61504033277743 1.38774762139656 1.25863996637054
1.85131655936129 1.2541069034487 0.921596040250733 1.44813372613862 1.0264279965777 1.19807683839463 0.936414001509547 1.38663326157257 1.62056982843205 1.60304104001261 0 0.934325554873794 1.3461296162568 1.64103549253196 1.77925222506747 1.55291519360617 1.15066183032468 1.41538081155159 1.80079283635132 1.72681709355675 1.22807062487118 1.68425222998485 1.33538790955208 1.08436292340048 1.27941610570997 1.15172862168401 0.942902998067439 0.962064604274929 1.65995565755293 1.65568295842968
1.34952907101251 1.35602475469932 1.43089445820078 1.21558126248419 1.80340078123845 1.35005097021349 0.941520860651508 1.76844831230119 1.32199896662496 1.26825549732894 0.934325554873794 0 1.10758491209708 1.43897255370393 1.47565355547704 1.03530213190243 1.82301456830464 1.7741009676829 1.1179663031362 1.25105130323209 1.35108951944858 1.06062058266252 1.43570505431853 1.36452242010273 1.58410352561623 1.76992123993114 1.66218485147692 1.72875510831363 1.53018312086351 1.57795204571448
1.619190226309 1.79519944195636 1.13362691598013 1.81318990397267 1.7333330870606 1.46922170347534 1.14796905498952 1.30887615284882 1.30398534820415 0.920471498044208 1.3461296162568 1.10758491209708 0 0.984781181672588 1.58873770176433 1.30440616211854 1.03235797118396 1.83500945544802 1.25630837865174 1.88777939206921 1.59986346587539 1.82388475048356 1.49869863968343 1.36214633472264 1.44362254976295 0.949545490089804 1.29789382824674 1.77050793892704 1.1672455414664 1.88881852128543
1.84895337908529 1.70047384803183 1.47652886225842 1.11438487423584 1.06965059321374 1.51002026931383 1.54420757014304 1.14093805570155 1.75089841848239 1.0489150560461 1.64103549253196 1.43897255370393 0.984781181672588 0 1.32875017519109 1.76912940409966 1.23903222638182 0.948140116874129 1.309639116982 1.83484096266329 1.28463845932856 0.960843784967437 1.16857897839509 1.64601322473027 1.82563083898276 1.29588490235619 1.09225290967152 1.81605949322693 1.32243855623528 0.907768863020465
1.81896621594205 1.75979675212875 1.12252324540168 1.46633250731975 1.62542099575512 0.91081112716347 1.61965032038279 1.03859295276925 1.7848230781965 1.39351285761222 1.77925222506747 1.47565355547704 1.58873770176433 1.32875017519109 0 1.87459441483952 1.01094876998104 1.13296135445125 0.947242061374709 1.39035661728121 1.8781754700467 1.30299331736751 1.77670608041808 1.20637023053132 1.23303176276386 1.71366115729325 1.57692322111689 0.955176006536931 1.29889525217004 1.06089616031386
1.3151810048148 0.927850501146168 1.05218013422564 1.78484850865789 1.53704764368013 1.65197082376108 1.49805012624711 1.15882300701924 1.7070206257049 0.966956487391144 1.55291519360617 1.03530213190243 1.30440616211854 1.76912940409966 1.87459441483952 0 1.69222835171968 1.80646304506809 1.23481313302182 1.41203950345516 1.29657223424874 1.45933643216267 1.41682615689933 1.1850307083223 0.921645314432681 1.20714166248217 1.10002378374338 1.05020186281763 1.06106802402064 1.14185652183369
1.44662571558729 1.63399755838327 1.22284361487255 1.85871485923417 1.56533507164568 1.50735228136182 1.78794657927938 1.29488231730647 1.23094631708227 0.946475366363302 1.15066183032468 1.82301456830464 1.03235797118396 1.23903222638182 1.01094876998104 1.69222835171968 0 0.911100931465626 1.86527962540276 1.77663803310134 1.27447377657518 1.64875965076499 0.957261037314311 1.65189405460842 1.29598924936727 1.51085159811191 1.09620311064646 1.76343933632597 1.68154870299622 0.979020613245666
1.81079727201723 1.73415792570449 1.86306495126337 1.84985626419075 1.33024612395093 1.72662040358409 1.0461441099178 0.910352074773982 1.33061116538011 1.18866228847764 1.41538081155159 1.7741009676829 1.83500945544802 0.948140116874129 1.13296135445125 1.80646304506809 0.911100931465626 0 1.50107239815407 0.986935659311712 0.957871238235384 0.987105395179242 1.19327984726988 1.24047222919762 1.28947389568202 1.47242232668214 1.32053681556135 1.37059389171191 1.64034042740241 1.18103958386928
1.11069435579702 1.21017544949427 1.55724634905346 1.17632073001005 1.57569403201342 1.85805318853818 1.55084183602594 1.07654883549549 1.59403342753649 1.56181771750562 1.80079283635132 1.1179663031362 1.25630837865174 1.309639116982 0.947242061374709 1.23481313302182 1.86527962540276 1.50107239815407 0 0.89265767717734 1.19720697170123 0.965763600775972 1.6447976580821 0.891407556599006 1.60969734657556 1.40417116577737 1.04849544819444 1.20094048464671 1.32168150064535 1.26709412666969
0.933402367634699 1.50233349646442 1.10955522744916 1.36646298202686 1.14968308410607 1.60471544647589 1.37888353131711 1.50681655178778 1.32401086227037 1.87466948619112 1.72681709355675 1.25105130323209 1.88777939206921 1.83484096266329 1.39035661728121 1.41203950345516 1.77663803310134 0.986935659311712 0.89265767717734 0 1.22037489968352 1.23387651797384 1.16040587588213 1.33006232441403 1.08969770348631 1.5937202249188 1.60993580729701 1.3610153736081 1.16039132303558 1.49506536941044
1.02789497142658 1.77367712301202 0.955795305082574 1.63536030217074 1.39728315593675 1.48597433534451 1.75993661745451 0.971667399164289 0.894296322250739 1.2263759765774 1.22807062487118 1.35108951944858 1.59986346587539 1.28463845932856 1.8781754700467 1.29657223424874 1.27447377657518 0.957871238235384 1.19720697170123 1.22037489968352 0 1.40599966724403 1.50064517720602 1.31834758655168 1.78646978270262 1.40682462439872 0.915323129156604 1.17323051975109 0.996830032905564 1.40351552586071
1.3569766767323 1.5604559481144 1.10957269207574 1.10028171050362 1.16910894820467 1.09239226439968 1.16983823664486 1.66394881834276 1.5423895730637 1.04128716164269 1.68425222998485 1.06062058266252 1.82388475048356 0.960843784967437 1.30299331736751 1.45933643216267 1.64875965076499 0.987105395179242 0.965763600775972 1.23387651797384 1.40599966724403 0 1.31657803920098 1.83353457134217 1.48894739593379 1.10342050762847 1.54995314078405 0.98985153529793 1.59752526576631 1.30010297195986
1.49733724165708 1.16125717293471 0.988040486117825 1.7136681699194 1.15828836290166 1.25522843049839 1.78328525926918 0.963487576460466 0.984854884445667 1.79348673974164 1.33538790955208 1.43570505431853 1.49869863968343 1.16857897839509 1.77670608041808 1.41682615689933 0.957261037314311 1.19327984726988 1.6447976580821 1.16040587588213 1.50064517720602 1.31657803920098 0 0.932994888862595 1.0545287958812 1.41137188859284 1.35812377673574 1.08904501935467 1.45435526804067 1.10346981603652
1.68499396042898 1.35982517362572 0.893028606893495 0.982237626798451 0.948059445014223 1.58024129644036 0.990546725923195 1.45034941239282 1.43571654055268 1.64763323916122 1.08436292340048 1.36452242010273 1.36214633472264 1.64601322473027 1.20637023053132 1.1850307083223 1.65189405460842 1.24047222919762 0.891407556599006 1.33006232441403 1.31834758655168 1.83353457134217 0.932994888862595 0 1.70718984515406 1.12909137760289 1.31199019099586 1.8543415996246 1.18405380682088 1.26485681557097
1.18719245609827 1.05603894777596 1.53603771189228 1.40913185826503 1.73184728436172 1.54249588376842 1.29746134043671 1.8656117755454 1.77243453660049 1.34361844882369 1.27941610570997 1.58410352561623 1.44362254976295 1.82563083898276 1.23303176276386 0.921645314432681 1.29598924936727 1.28947389568202 1.60969734657556 1.08969770348631 1.78646978270262 1.48894739593379 1.0545287958812 1.70718984515406 0 1.39686474762857 1.69749044976197 1.85761084454134 1.1416461574845 0.977237436920404
1.43054629676044 1.59107749373652 0.949168541934341 1.31790992873721 1.2480342022609 0.956565326545388 1.40947130974382 1.34172566351481 1.09052134118974 1.25128229893744 1.15172862168401 1.76992123993114 0.949545490089804 1.29588490235619 1.71366115729325 1.20714166248217 1.51085159811191 1.47242232668214 1.40417116577737 1.5937202249188 1.40682462439872 1.10342050762847 1.41137188859284 1.12909137760289 1.39686474762857 0 1.42568170162849 1.40178156527691 1.60766638559289 1.65317567042075
1.27312249527313 1.75517687969841 1.70915694767609 1.3374442839995 1.28673659055494 1.3517916565761 1.09529055142775 0.953675151802599 1.4984701697249 1.71378711098805 0.942902998067439 1.66218485147692 1.29789382824674 1.09225290967152 1.57692322111689 1.10002378374338 1.09620311064646 1.32053681556135 1.04849544819444 1.60993580729701 0.915323129156604 1.54995314078405 1.35812377673574 1.31199019099586 1.69749044976197 1.42568170162849 0 1.63952721026726 1.27749034832232 1.26058697095141
0.987526479410008 0.958368383813649 1.30943475430831 0.902393990196288 1.76172961853445 1.53291881503537 1.241494320333 1.40469644893892 1.39197891997173 1.61504033277743 0.962064604274929 1.72875510831363 1.77050793892704 1.81605949322693 0.955176006536931 1.05020186281763 1.76343933632597 1.37059389171191 1.20094048464671 1.3610153736081 1.17323051975109 0.98985153529793 1.08904501935467 1.8543415996246 1.85761084454134 1.40178156527691 1.63952721026726 0 1.38460148917511 1.57672565244138
1.56537398486398 1.32003996451385 0.980743485735729 1.47651731409132 0.902212758781388 1.35799774690531 1.03405431006104 1.75888578407466 1.39626750047319 1.38774762139656 1.65995565755293 1.53018312086351 1.1672455414664 1.32243855623528 1.29889525217004 1.06106802402064 1.68154870299622 1.64034042740241 1.32168150064535 1.16039132303558 0.996830032905564 1.59752526576631 1.45435526804067 1.18405380682088 1.1416461574845 1.60766638559289 1.27749034832232 1.38460148917511 0 0.966265048831701
1.58307470404543 1.22372281900607 1.69095472246408 1.47803832427599 1.82772542932071 1.87996794958599 1.69936213595793 1.59120807028376 1.22928161616437 1.25863996637054 1.65568295842968 1.57795204571448 1.88881852128543 0.907768863020465 1.06089616031386 1.14185652183369 0.979020613245666 1.18103958386928 1.26709412666969 1.49506536941044 1.40351552586071 1.30010297195986 1.10346981603652 1.26485681557097 0.977237436920404 1.65317567042075 1.26058697095141 1.57672565244138 0.966265048831701 0
