0 1.22780183586292 0.97558719641529 0.957357817096636 1.85902565275319 1.23379664146341 1.8604151988402 1.03965914272703 1.53389014024287 1.24890672275797 1.85560542391613 1.1217280307319 1.46562892920338 1.01060828659683 1.38226358918473 1.49409195175394 1.688090282958 1.71367743518203 1.90828628861345 1.81052269018255 1.17836912022904 1.30085304239765 1.54967528767884 1.90255656652153 1.45679085282609 1.02717247139663 1.70962351397611 1.42253453633748 1.39866955485195 1.26498065050691
1.22780183586292 0 1.12113879970275 1.86835036030971 1.78201965382323 1.44935606676154 1.77549548004754 1.70412139501423 1.24472144851461 1.06033421354368 1.75104603753425 1.26429626508616 1.50535125937313 1.58177949115634 1.44351197662763 1.57761154207401 1.29542276496068 1.02287908061408 1.5533745016437 1.85177696193568 1.22855445160531 1.51683664787561 1.42295255395584 1.43510097265244 1.71344868745655 1.90248218155466 1.27684685797431 1.22031292901374 1.82480960246176 1.84462007554248
0.97558719641529 1.12113879970275 0 1.55823155096732 1.38719816855155 1.57396546471864 1.71489238599315 1.65158184221946 1.02773389476351 1.83185971202329 1.39158271974884 1.04769738926552 1.84206052613445 1.90443848981522 1.25036898138933 1.650955530582 1.13282568566501 1.41976651689038 0.950512522365898 1.45557154994458 1.18482853472233 1.45522065088153 1.76117976009846 0.926969370106235 1.50725622964092 1.50807090569288 1.2671803587582 1.24471302330494 1.10007978510112 1.65716113965027
0.957357817096636 1.86835036030971 1.55823155096732 0 1.11468991357833 1.10466925497167 1.90190912829712 1.53561797365546 1.4408048519399 1.54225547634996 1.33651895425282 1.05933871027082 1.10761327040382 1.26350279711187 1.00547508965246 1.03352693887427 1.2530982545577 1.59409218234941 1.53947574016638 1.60736979800276 1.1816365304403 0.934359597973526 1.3569217629265 1.62315503321588 1.79340066574514 1.80400127638131 1.05376027873717 1.55556662939489 1.30136036337353 1.48355637257919
1.85902565275319 1.78201965382323 1.38719816855155 1.11468991357833 0 1.39324621506967 1.07275111647323 1.29425630858168 1.48564325715415 1.09725317195989 1.22139435401186 1.18191126897 1.45446739112958 1.50272185867652 1.37891969759949 1.47333979886025 1.54301351774484 1.69920470518991 1.43690616474487 1.43127602175809 1.33407995058224 1.75187100493349 1.35628553666174 1.80983140598983 1.34271207684651 1.57516511110589 1.30768446414731 1.50882511236705 1.52419223147444 1.10883357096463
1.23379664146341 1.44935606676154 1.57396546471864 1.10466925497167 1.39324621506967 0 1.79925441602245 1.17992085963488 1.6867524611298 1.35537499096245 1.35465758224018 1.3664214303717 1.78480194555596 1.27727968152612 1.26865102769807 1.29708494967781 1.58099767193198 1.44286828790791 1.24145511281677 1.5339203926269 1.07754088006914 1.28525197692215 0.984096579486504 1.43668949464336 1.20785218756646 1.72028829227202 1.77800708031282 1.28293132828549 0.945601870305836 1.21835480490699
1.8604151988402 1.77549548004754 1.71489238599315 1.90190912829712 1.07275111647323 1.79925441602245 0 1.50848605972715 1.55169658479281 0.967870517168194 1.31963844993152 1.70217487448826 1.54529181146063 1.16294738976285 1.35757176880725 0.938749425113201 1.74219814036041 1.86122598056681 1.56409650249407 1.64502086071298 1.12410391843878 1.77980661275797 1.3220969256945 1.87851603841409 1.79918680409901 0.922449821373448 1.35804401431233 0.970130123430863 1.5948633174412 1.55306030623615
1.03965914272703 1.70412139501423 1.65158184221946 1.53561797365546 1.29425630858168 1.17992085963488 1.50848605972715 0 1.61732537788339 1.13464051531628 1.13580536399968 1.79820089228451 1.60645812028088 0.934743673074991 1.58787501696497 1.19792699930258 1.30860659689642 1.24543786770664 1.45454599126242 1.49939889437519 1.47888609068468 1.10971454414539 1.51656144345179 1.34758373815566 1.57956723845564 1.54647486237809 1.61178830987774 1.69390786159784 1.49164865678176 1.16141488449648
1.53389014024287 1.24472144851461 1.02773389476351 1.4408048519399 1.48564325715415 1.6867524611298 1.55169658479281 1.61732537788339 0 1.09736492764205 1.59128454281017 1.36319049587473 1.5591059429571 1.65077982982621 1.08678263588808 1.64802499068901 1.77286797412671 1.85648982645944 1.07598811993375 1.21348770940676 1.24017388676293 1.5305962911807 1.0687802110333 1.79098656657152 1.81932501075789 1.14947083126754 1.34678074577823 1.87698136875406 1.21683108992875 1.59666868951172
1.24890672275797 1.06033421354368 1.83185971202329 1.54225547634996 1.09725317195989 1.35537499096245 0.967870517168194 1.13464051531628 1.09736492764205 0 1.05576423113234 0.92153892153874 1.82009142939933 1.26556051406078 1.76185952266678 1.31243931013159 1.84881318500265 0.917620516614988 1.60360847995616 1.20502235065214 1.87502146186307 1.64914912125096 1.14943160046823 1.74917728314176 1.40579245821573 1.7985840565525 1.56227745325305 1.08931452222168 1.79154154052958 1.20954819838516
1.85560542391613 1.75104603753425 1.39158271974884 1.33651895425282 1.22139435401186 1.35465758224018 1.31963844993152 1.13580536399968 1.59128454281017 1.05576423113234 0 1.3290799765382 1.47428364609368 1.86647748062387 1.9041455804836 1.00484375096858 1.48548015812412 1.10754677164368 1.22592759341933 1.48284336435609 1.88526275171898 1.76626440882683 1.4423983595334 1.5683938015718 1.38974532019347 1.42753782169893 1.4068697381299 0.992071284446865 1.47776232333854 1.87688110512681
1.1217280307319 1.26429626508616 1.04769738926552 1.05933871027082 1.18191126897 1.3664214303717 1.70217487448826 1.79820089228451 1.36319049587473 0.92153892153874 1.3290799765382 0 1.47522093402222 0.993970437208191 1.47176733217202 0.944301323033869 1.66470968537033 1.71578930946998 1.1094424452167 1.80135850026272 1.66199252894148 0.996841826708987 1.63540469529107 0.975789025891572 1.48704274813645 1.83890237356536 1.60689368261956 1.50225256406702 1.11608342034742 1.47642867057584
1.46562892920338 1.50535125937313 1.84206052613445 1.10761327040382 1.45446739112958 1.78480194555596 1.54529181146063 1.60645812028088 1.5591059429571 1.82009142939933 1.47428364609368 1.47522093402222 0 1.13821417489089 1.33095802785829 1.52140470477752 1.84605832840316 1.12114775762893 1.88760604709387 1.74103661510162 1.73886562557891 1.60650313831866 1.01462112553418 1.27738539408892 1.26169279171154 1.75057559018023 1.66107152658515 1.54858335456811 1.75218998570926 1.27327105263248
1.01060828659683 1.58177949115634 1.90443848981522 1.26350279711187 1.50272185867652 1.27727968152612 1.16294738976285 0.934743673074991 1.65077982982621 1.26556051406078 1.86647748062387 0.993970437208191 1.13821417489089 0 1.23333806358278 1.91236442839727 0.997635036474094 1.07720294222236 1.33301254245453 1.72474074084312 1.0256177012343 1.07416261499748 1.52685444173403 1.79822511295788 1.39189024362713 1.05613311682828 1.67097377358004 0.917005888884887 1.32984593207948 1.09549149428494
1.38226358918473 1.44351197662763 1.25036898138933 1.00547508965246 1.37891969759949 1.26865102769807 1.35757176880725 1.58787501696497 1.08678263588808 1.76185952266678 1.9041455804836 1.47176733217202 1.33095802785829 1.23333806358278 0 1.42035476164892 1.44345171027817 0.993845466291532 1.28123508184217 1.78629170521162 1.66432887595147 0.970726976869628 0.935832686955109 1.86727691697888 1.80418316018768 1.33523138449527 1.67759164469317 1.16835080040619 1.38884620950557 1.13858756539412
1.49409195175394 1.57761154207401 1.650955530582 1.03352693887427 1.47333979886025 1.29708494967781 0.938749425113201 1.19792699930258 1.64802499068901 1.31243931013159 1.00484375096858 0.944301323033869 1.52140470477752 1.91236442839727 1.42035476164892 0 1.26400053151883 1.33796862396412 1.1554871792905 1.15507163503207 1.40299545251764 1.16341820312664 1.44193177064881 1.39861446572468 1.32959769433364 1.35302846203558 1.07652859995142 1.62254049279727 1.82812454202212 0.95785217708908
1.688090282958 1.29542276496068 1.13282568566501 1.2530982545577 1.54301351774484 1.58099767193198 1.74219814036041 1.30860659689642 1.77286797412671 1.84881318500265 1.48548015812412 1.66470968537033 1.84605832840316 0.997635036474094 1.44345171027817 1.26400053151883 0 1.86917853611521 1.10157574550249 1.60205954033881 1.32859792816453 1.18824710021727 1.59092003828846 0.939596636453643 1.70885887090117 1.16804544930346 1.61076943855733 1.36753917508759 1.75984039809555 1.90763786551543
1.71367743518203 1.02287908061408 1.41976651689038 1.59409218234941 1.69920470518991 1.44286828790791 1.86122598056681 1.24543786770664 1.85648982645944 0.917620516614988 1.10754677164368 1.71578930946998 1.12114775762893 1.07720294222236 0.993845466291532 1.33796862396412 1.86917853611521 0 1.75963462167419 1.76108608278446 1.03548574680462 0.989509490784258 1.40863666753285 1.20671358564869 1.49132427037694 1.47934378869832 1.11725696409121 1.24283471261151 1.48438883479685 1.81968941516243
1.90828628861345 1.5533745016437 0.950512522365898 1.53947574016638 1.43690616474487 1.24145511281677 1.56409650249407 1.45454599126242 1.07598811993375 1.60360847995616 1.22592759341933 1.1094424452167 1.88760604709387 1.33301254245453 1.28123508184217 1.1554871792905 1.10157574550249 1.75963462167419 0 1.65835536178201 1.77907194802538 1.37430397141725 1.67309930641204 1.62897925334983 1.80286153987981 1.91085729934275 1.18742357497104 1.78836640133522 1.06114000803791 1.32687781495042
1.81052269018255 1.85177696193568 1.45557154994458 1.60736979800276 1.43127602175809 1.5339203926269 1.64502086071298 1.49939889437519 1.21348770940676 1.20502235065214 1.48284336435609 1.80135850026272 1.74103661510162 1.72474074084312 1.78629170521162 1.15507163503207 1.60205954033881 1.76108608278446 1.65835536178201 0 1.10657857474871 1.90355963958427 1.59193899924867 1.83627168950625 1.2677245058585 1.53084865864366 1.20546231698245 1.53976156841964 1.25702121783979 1.09497498976998
1.17836912022904 1.22855445160531 1.18482853472233 1.1816365304403 1.33407995058224 1.07754088006914 1.12410391843878 1.47888609068468 1.24017388676293 1.87502146186307 1.88526275171898 1.66199252894148 1.73886562557891 1.0256177012343 1.66432887595147 1.40299545251764 1.32859792816453 1.03548574680462 1.77907194802538 1.10657857474871 0 1.05309899081476 1.17801679018885 0.984786381479353 1.62353006983176 1.49687033705413 1.80505434051156 0.921288272831589 1.45472823595628 0.951270901132375
1.30085304239765 1.51683664787561 1.45522065088153 0.934359597973526 1.75187100493349 1.28525197692215 1.77980661275797 1.10971454414539 1.5305962911807 1.64914912125096 1.76626440882683 0.996841826708987 1.60650313831866 1.07416261499748 0.970726976869628 1.16341820312664 1.18824710021727 0.989509490784258 1.37430397141725 1.90355963958427 1.05309899081476 0 1.40321742207743 1.48666557925753 1.45631733560003 1.44921633903868 1.87716536410153 1.29112446773797 1.65997736225836 1.13925402262248
1.54967528767884 1.42295255395584 1.76117976009846 1.3569217629265 1.35628553666174 0.984096579486504 1.3220969256945 1.51656144345179 1.0687802110333 1.14943160046823 1.4423983595334 1.63540469529107 1.01462112553418 1.52685444173403 0.935832686955109 1.44193177064881 1.59092003828846 1.40863666753285 1.67309930641204 1.59193899924867 1.17801679018885 1.40321742207743 0 0.954634081339464 1.68232043227181 1.49041420896538 1.61351053183898 1.39013305632398 0.990607488201931 1.09753233357333
1.90255656652153 1.43510097265244 0.926969370106235 1.62315503321588 1.80983140598983 1.43668949464336 1.87851603841409 1.34758373815566 1.79098656657152 1.74917728314176 1.5683938015718 0.975789025891572 1.27738539408892 1.79822511295788 1.86727691697888 1.39861446572468 0.939596636453643 1.20671358564869 1.62897925334983 1.83627168950625 0.984786381479353 1.48666557925753 0.954634081339464 0 1.10347740422003 1.03010994498618 1.4850842889864 1.57579103345051 1.58260712074116 1.49152409145609
1.45679085282609 1.71344868745655 1.50725622964092 1.79340066574514 1.34271207684651 1.20785218756646 1.79918680409901 1.57956723845564 1.81932501075789 1.40579245821573 1.38974532019347 1.48704274813645 1.26169279171154 1.39189024362713 1.80418316018768 1.32959769433364 1.70885887090117 1.49132427037694 1.80286153987981 1.2677245058585 1.62353006983176 1.45631733560003 1.68232043227181 1.10347740422003 0 1.67905823024921 1.29759711772203 1.4068660158664 1.5238625369966 1.83052061963826
1.02717247139663 1.90248218155466 1.50807090569288 1.80400127638131 1.57516511110589 1.72028829227202 0.922449821373448 1.54647486237809 1.14947083126754 1.7985840565525 1.42753782169893 1.83890237356536 1.75057559018023 1.05613311682828 1.33523138449527 1.35302846203558 1.16804544930346 1.47934378869832 1.91085729934275 1.53084865864366 1.49687033705413 1.44921633903868 1.49041420896538 1.03010994498618 1.67905823024921 0 1.30292937485501 1.02149456227198 1.81526454957202 1.08780253888108
1.70962351397611 1.27684685797431 1.2671803587582 1.05376027873717 1.30768446414731 1.77800708031282 1.35804401431233 1.61178830987774 1.34678074577823 1.56227745325305 1.4068697381299 1.60689368261956 1.66107152658515 1.67097377358004 1.67759164469317 1.07652859995142 1.61076943855733 1.11725696409121 1.18742357497104 1.20546231698245 1.80505434051156 1.87716536410153 1.61351053183898 1.4850842889864 1.29759711772203 1.30292937485501 0 1.26777638914064 1.68040500278585 1.76979577331804
1.42253453633748 1.22031292901374 1.24471302330494 1.55556662939489 1.50882511236705 1.28293132828549 0.970130123430863 1.69390786159784 1.87698136875406 1.08931452222168 0.992071284446865 1.50225256406702 1.54858335456811 0.917005888884887 1.16835080040619 1.62254049279727 1.36753917508759 1.24283471261151 1.78836640133522 1.53976156841964 0.921288272831589 1.29112446773797 1.39013305632398 1.57579103345051 1.4068660158664 1.02149456227198 1.26777638914064 0 1.82121055945754 1.60458541708067
1.39866955485195 1.82480960246176 1.10007978510112 1.30136036337353 1.52419223147444 0.945601870305836 1.5948633174412 1.49164865678176 1.21683108992875 1.79154154052958 1.47776232333854 1.11608342034742 1.75218998570926 1.32984593207948 1.38884620950557 1.82812454202212 1.75984039809555 1.48438883479685 1.06114000803791 1.25702121783979 1.45472823595628 1.65997736225836 0.990607488201931 1.58260712074116 1.5238625369966 1.81526454957202 1.68040500278585 1.82121055945754 0 1.88131050113589
1.26498065050691 1.84462007554248 1.65716113965027 1.48355637257919 1.10883357096463 1.21835480490699 1.55306030623615 1.16141488449648 1.59666868951172 1.20954819838516 1.87688110512681 1.47642867057584 1.27327105263248 1.09549149428494 1.13858756539412 0.95785217708908 1.90763786551543 1.81968941516243 1.32687781495042 1.09497498976998 0.951270901132375 1.13925402262248 1.09753233357333 1.49152409145609 1.83052061963826 1.08780253888108 1.76979577331804 1.60458541708067 1.88131050113589 0
