0 1.30777702480555 1.88537644664757 1.28155062790029 1.10499436734244 1.46944364486262 0.917544886469841 1.4028013558127 1.5962417346891 1.7317678744439 1.07512056361884 1.52298431284726 1.77164586447179 1.68856212520041 1.48897469043732 1.21662304922938 1.27095344266854 1.76135682733729 1.1217935050372 1.47335221571848 1.5398151865229 1.36141966911964 1.76607267744839 1.15840538172051 1.87704186537303 0.99080316349864 1.19433511211537 1.02536197123118 1.49307363363914 1.34970931219868
1.30777702480555 0 1.00143946520984 1.5197963884566 1.58060239674523 0.905657989205793 1.06539310072549 1.79568328964524 1.40842225309461 1.72854803362861 1.42143089370802 1.36723291152157 1.42010400816798 1.49150639399886 1.21879680803977 1.69046166096814 1.05079809715971 1.45895232143812 1.54598279600032 1.03423721482977 1.41670630779117 1.89680170663632 1.862399822101 1.23626154661179 1.08501724083908 0.962871182244271 1.05317504121922 1.23825427354313 1.11655127885751 1.22582348412834
1.88537644664757 1.00143946520984 0 1.03681273432449 1.23099503014237 1.8514094715938 0.998416519956663 1.74188556428999 1.90428945794702 1.43993019522168 1.41873302916065 1.62628815509379 1.32572971144691 1.22769656032324 1.79402617062442 1.89596147299744 1.89051886321977 1.89899263996631 0.98859260068275 1.27872280217707 1.54555366723798 1.66818714258261 1.4023540946655 0.994568809401244 1.57468470511958 1.89757344173267 0.92475028638728 1.27676568785682 1.19453215622343 0.905952856177464
1.28155062790029 1.5197963884566 1.03681273432449 0 1.06555477227084 1.21758305444382 1.65541389537975 1.29747099173255 1.69090946647339 1.74045144021511 0.994640139164403 1.37120811245404 1.81785611878149 1.25827152747661 1.0352410399355 1.47758914460428 1.31781852175482 1.0033948563505 1.55473381583579 1.63473420683295 1.36983929481357 1.00393630890176 1.71185279614292 1.34365501510911 1.22378226695582 1.79186253761873 1.54563585226424 1.73092059581541 1.64175097504631 0.904734534211457
1.10499436734244 1.58060239674523 1.23099503014237 1.06555477227084 0 1.48485054448247 1.87811609148048 1.67109226761386 1.45811868458986 0.938462999649346 0.973877446493134 1.68373890337534 1.40907648415305 1.10565015836619 1.53514680545777 1.0909761171788 1.31699025281705 1.1931860470213 1.56005962728523 1.42638601735234 1.0329369539395 1.24854431580752 1.48000870388933 1.0482426409144 1.78346513910219 1.42925990768708 1.37630341621116 1.45818966557272 1.76663874811493 1.32371770730242
1.46944364486262 0.905657989205793 1.8514094715938 1.21758305444382 1.48485054448247 0 1.19655332155526 1.14136765873991 1.20467421389185 1.34064826485701 1.24063684418797 1.77586668543518 1.27874327404425 1.24236507620662 1.12201203266159 1.08897993108258 1.50219608447514 1.87854420952499 1.48322115303017 1.29408192052506 1.55798636213876 1.78466010303237 1.19244279945269 1.56396050448529 1.62986847152933 1.53181101917289 1.56453692959622 1.13230024767108 1.81294621084817 1.27842909027822
0.917544886469841 1.06539310072549 0.998416519956663 1.65541389537975 1.87811609148048 1.19655332155526 0 1.35242160432972 1.18698898167349 1.13778436323628 1.18275167606771 1.11352613405325 1.65756444772705 1.05808705976233 1.44774189451709 1.26422588271089 0.926070668501779 1.05130460113287 1.58327703783289 1.72305418760516 1.37755092373118 1.6236171585042 1.00352616352029 1.84740409324877 1.51369356620125 1.38489692378789 1.40371422516182 1.78226357279345 1.03634700598195 1.68790258606896
1.4028013558127 1.79568328964524 1.74188556428999 1.29747099173255 1.67109226761386 1.14136765873991 1.35242160432972 0 0.91880445019342 1.47666475176811 1.51486169360578 1.81774201290682 1.72001962014474 1.37182586453855 1.76767611852847 1.2629563473165 1.10715950094163 0.955100187333301 1.74689575145021 1.437013118295 1.3097891160287 1.8825524491258 1.84733158606105 1.73919062362984 1.64100814820267 1.74252595333382 1.66659406712279 1.44667654647492 0.954593456117436 1.56639121402986
1.5962417346891 1.40842225309461 1.90428945794702 1.69090946647339 1.45811868458986 1.20467421389185 1.18698898167349 0.91880445019342 0 1.85260708793066 1.88546687131748 1.79650246957317 1.07638505706564 1.8757295331452 1.2405136548914 1.67755892383866 1.78983187745325 1.87390463752672 1.36328127817251 1.05400331388228 1.88700872124173 1.41387859010138 1.33534367405809 1.53005973785184 1.34081679279916 1.60986943216994 1.44870374468155 0.936851859791204 1.10821091220714 1.3348536149133
1.7317678744439 1.72854803362861 1.43993019522168 1.74045144021511 0.938462999649346 1.34064826485701 1.13778436323628 1.47666475176811 1.85260708793066 0 1.84225653973408 1.79741454846226 1.28060724562965 1.46963475062512 1.49881387758069 1.79151857271791 1.19663418456912 1.11412747483701 1.31943549518473 1.25806241994724 1.11135317990556 1.85927101830021 0.978135884506628 1.04077975871041 1.75886659719981 1.13001525308937 1.82939314539544 1.85416324948892 1.41192632773891 1.5344289727509
1.07512056361884 1.42143089370802 1.41873302916065 0.994640139164403 0.973877446493134 1.24063684418797 1.18275167606771 1.51486169360578 1.88546687131748 1.84225653973408 0 1.30148332682438 1.35032635112293 1.20534516265616 1.89018542203121 1.86511730914935 1.6492092278786 1.07713667908683 1.00127085275017 1.7050777876284 1.18891374673694 1.82906690123491 1.80730728409253 0.960463211173192 1.02480497886427 1.75935142207891 1.17287073563784 1.76431947317906 1.25314220692962 1.54007210559212
1.52298431284726 1.36723291152157 1.62628815509379 1.37120811245404 1.68373890337534 1.77586668543518 1.11352613405325 1.81774201290682 1.79650246957317 1.79741454846226 1.30148332682438 0 1.39963328628801 1.53245978383347 1.58074982301332 1.62581035750918 1.70006507379003 1.50381390564144 0.965204003732651 1.88007930736057 1.0095475318376 1.77062759175897 1.60791280283593 1.2951672046911 1.51295652426779 1.16665528831072 1.50115142017603 1.85200490453281 1.29828470689245 1.18715960881673
1.77164586447179 1.42010400816798 1.32572971144691 1.81785611878149 1.40907648415305 1.27874327404425 1.65756444772705 1.72001962014474 1.07638505706564 1.28060724562965 1.35032635112293 1.39963328628801 0 0.955715261399746 1.46234965929762 1.39511124044657 1.05753292585723 1.63171372655779 1.0211668680422 1.12750396318734 1.19955494790338 1.04503236128949 1.29724840400741 1.00858284393325 1.22912928159349 1.73464507889003 1.35445270990022 1.67575534735806 1.35378240956925 1.24093691725284
1.68856212520041 1.49150639399886 1.22769656032324 1.25827152747661 1.10565015836619 1.24236507620662 1.05808705976233 1.37182586453855 1.8757295331452 1.46963475062512 1.20534516265616 1.53245978383347 0.955715261399746 0 1.74720612447709 1.31852486287244 1.31142922001891 1.00890730996616 0.998482570517808 1.21737932576798 1.45249002077617 1.50806094799191 1.66105831507593 1.32839054451324 1.13298696489073 1.31416898034513 1.89696433930658 1.82092108088546 1.01055919798091 1.4244631016627
1.48897469043732 1.21879680803977 1.79402617062442 1.0352410399355 1.53514680545777 1.12201203266159 1.44774189451709 1.76767611852847 1.2405136548914 1.49881387758069 1.89018542203121 1.58074982301332 1.46234965929762 1.74720612447709 0 0.964389512315392 1.06757465493865 1.21871945541352 1.37703647254966 0.953418145421892 1.44023903738707 1.43899580975994 1.83990011923015 1.76596776465885 1.37862183945253 1.32360016112216 1.13073964230716 1.59556020144373 1.63933080038987 1.43025735043921
1.21662304922938 1.69046166096814 1.89596147299744 1.47758914460428 1.0909761171788 1.08897993108258 1.26422588271089 1.2629563473165 1.67755892383866 1.79151857271791 1.86511730914935 1.62581035750918 1.39511124044657 1.31852486287244 0.964389512315392 0 1.4549411283806 1.21993552846834 1.01590497372672 1.74532804777846 1.44599231984466 1.27512518758886 1.4323523347266 1.51019849488512 1.72805560100824 1.70337428338826 1.39401922305115 1.46946595050395 1.13464633887634 1.04271179391071
1.27095344266854 1.05079809715971 1.89051886321977 1.31781852175482 1.31699025281705 1.50219608447514 0.926070668501779 1.10715950094163 1.78983187745325 1.19663418456912 1.6492092278786 1.70006507379003 1.05753292585723 1.31142922001891 1.06757465493865 1.4549411283806 0 1.34766810573637 0.987211178522557 1.07640503486618 0.945711219450459 1.08159528393298 1.76628733007237 1.1033076280728 1.72590631595813 0.969852925976738 1.54182972200215 1.59345714794472 1.04146069311537 1.39980214671232
1.76135682733729 1.45895232143812 1.89899263996631 1.0033948563505 1.1931860470213 1.87854420952499 1.05130460113287 0.955100187333301 1.87390463752672 1.11412747483701 1.07713667908683 1.50381390564144 1.63171372655779 1.00890730996616 1.21871945541352 1.21993552846834 1.34766810573637 0 0.956037185620517 1.49760038172826 0.960289029637352 1.42530623148195 1.65567941591144 1.50464167702012 1.44146947795525 0.952079235808924 1.89819392398931 1.61386293405667 1.45118294307031 1.195920269005
1.1217935050372 1.54598279600032 0.98859260068275 1.55473381583579 1.56005962728523 1.48322115303017 1.58327703783289 1.74689575145021 1.36328127817251 1.31943549518473 1.00127085275017 0.965204003732651 1.0211668680422 0.998482570517808 1.37703647254966 1.01590497372672 0.987211178522557 0.956037185620517 0 1.02991675329395 1.34951990726404 0.918165638344362 1.44067755481228 1.35625973064452 1.598415117478 1.05244028102607 1.57750364206731 1.47209269786254 1.05277541466057 0.983360838610679
1.47335221571848 1.03423721482977 1.27872280217707 1.63473420683295 1.42638601735234 1.29408192052506 1.72305418760516 1.437013118295 1.05400331388228 1.25806241994724 1.7050777876284 1.88007930736057 1.12750396318734 1.21737932576798 0.953418145421892 1.74532804777846 1.07640503486618 1.49760038172826 1.02991675329395 0 1.22246184782125 1.60352598596364 0.930102422600612 1.34064641478471 1.61667566676624 1.08162735053338 1.28722166013904 1.61121375462972 1.20966218807735 1.00757376872934
1.5398151865229 1.41670630779117 1.54555366723798 1.36983929481357 1.0329369539395 1.55798636213876 1.37755092373118 1.3097891160287 1.88700872124173 1.11135317990556 1.18891374673694 1.0095475318376 1.19955494790338 1.45249002077617 1.44023903738707 1.44599231984466 0.945711219450459 0.960289029637352 1.34951990726404 1.22246184782125 0 1.63038633717224 1.67321033054031 1.18208418949507 1.53066107095219 1.68732565129176 0.939593382179737 0.998336048331112 1.35731229465455 1.12819902878255
1.36141966911964 1.89680170663632 1.66818714258261 1.00393630890176 1.24854431580752 1.78466010303237 1.6236171585042 1.8825524491258 1.41387859010138 1.85927101830021 1.82906690123491 1.77062759175897 1.04503236128949 1.50806094799191 1.43899580975994 1.27512518758886 1.08159528393298 1.42530623148195 0.918165638344362 1.60352598596364 1.63038633717224 0 1.64069856074639 0.922793689882383 1.62479380844161 1.68665469647385 0.931119963526726 1.5865919967182 1.53477799845859 1.2703695462551
1.76607267744839 1.862399822101 1.4023540946655 1.71185279614292 1.48000870388933 1.19244279945269 1.00352616352029 1.84733158606105 1.33534367405809 0.978135884506628 1.80730728409253 1.60791280283593 1.29724840400741 1.66105831507593 1.83990011923015 1.4323523347266 1.76628733007237 1.65567941591144 1.44067755481228 0.930102422600612 1.67321033054031 1.64069856074639 0 1.20155516196974 1.40021401527338 1.11671824636869 1.86030942434445 1.6743368760217 1.60723783099093 1.24809961137362
1.15840538172051 1.23626154661179 0.994568809401244 1.34365501510911 1.0482426409144 1.56396050448529 1.84740409324877 1.73919062362984 1.53005973785184 1.04077975871041 0.960463211173192 1.2951672046911 1.00858284393325 1.32839054451324 1.76596776465885 1.51019849488512 1.1033076280728 1.50464167702012 1.35625973064452 1.34064641478471 1.18208418949507 0.922793689882383 1.20155516196974 0 1.44298786134459 1.13032107800245 1.06425776332617 1.78735435078852 1.03939357562922 1.82497339486144
1.87704186537303 1.08501724083908 1.57468470511958 1.22378226695582 1.78346513910219 1.62986847152933 1.51369356620125 1.64100814820267 1.34081679279916 1.75886659719981 1.02480497886427 1.51295652426779 1.22912928159349 1.13298696489073 1.37862183945253 1.72805560100824 1.72590631595813 1.44146947795525 1.598415117478 1.61667566676624 1.53066107095219 1.62479380844161 1.40021401527338 1.44298786134459 0 1.55641987361014 1.08707088115625 1.48843224882148 1.79513789247721 1.86256404966116
0.99080316349864 0.962871182244271 1.89757344173267 1.79186253761873 1.42925990768708 1.53181101917289 1.38489692378789 1.74252595333382 1.60986943216994 1.13001525308937 1.75935142207891 1.16665528831072 1.73464507889003 1.31416898034513 1.32360016112216 1.70337428338826 0.969852925976738 0.952079235808924 1.05244028102607 1.08162735053338 1.68732565129176 1.68665469647385 1.11671824636869 1.13032107800245 1.55641987361014 0 1.79047089419328 1.00606324919499 1.05763451638632 1.30670774541795
1.19433511211537 1.05317504121922 0.92475028638728 1.54563585226424 1.37630341621116 1.56453692959622 1.40371422516182 1.66659406712279 1.44870374468155 1.82939314539544 1.17287073563784 1.50115142017603 1.35445270990022 1.89696433930658 1.13073964230716 1.39401922305115 1.54182972200215 1.89819392398931 1.57750364206731 1.28722166013904 0.939593382179737 0.931119963526726 1.86030942434445 1.06425776332617 1.08707088115625 1.79047089419328 0 1.48775757336989 0.911794523708522 1.061957543483
1.02536197123118 1.23825427354313 1.27676568785682 1.73092059581541 1.45818966557272 1.13230024767108 1.78226357279345 1.44667654647492 0.936851859791204 1.85416324948892 1.76431947317906 1.85200490453281 1.67575534735806 1.82092108088546 1.59556020144373 1.46946595050395 1.59345714794472 1.61386293405667 1.47209269786254 1.61121375462972 0.998336048331112 1.5865919967182 1.6743368760217 1.78735435078852 1.48843224882148 1.00606324919499 1.48775757336989 0 1.4485807644669 0.930305114481598
1.49307363363914 1.11655127885751 1.19453215622343 1.64175097504631 1.76663874811493 1.81294621084817 1.03634700598195 0.954593456117436 1.10821091220714 1.41192632773891 1.25314220692962 1.29828470689245 1.35378240956925 1.01055919798091 1.63933080038987 1.13464633887634 1.04146069311537 1.45118294307031 1.05277541466057 1.20966218807735 1.35731229465455 1.53477799845859 1.60723783099093 1.03939357562922 1.79513789247721 1.05763451638632 0.911794523708522 1.4485807644669 0 1.31483121053316
1.34970931219868 1.22582348412834 0.905952856177464 0.904734534211457 1.32371770730242 1.27842909027822 1.68790258606896 1.56639121402986 1.3348536149133 1.5344289727509 1.54007210559212 1.18715960881673 1.24093691725284 1.4244631016627 1.43025735043921 1.04271179391071 1.39980214671232 1.195920269005 0.983360838610679 1.00757376872934 1.12819902878255 1.2703695462551 1.24809961137362 1.82497339486144 1.86256404966116 1.30670774541795 1.061957543483 0.930305114481598 1.31483121053316 0
