0 1.23571973107755 1.20904442062601 1.81266745249741 1.86477164714597 1.43068399955519 0.977808182826266 1.85290836426429 1.93081293674186 1.12555121909827 1.17282204795629 1.26456654351205 1.56543620489538 1.67589488136582 1.42011561035179 1.85144069883972 1.347759031225 1.56591722299345 0.998314014403149 1.51932510081679 1.83009747602046 1.38738354179077 1.16514081368223 1.10816467413679 1.0877786364872 1.50496211159043 1.75449974322692 1.82699393341318 1.55073180072941 1.23864575475454
1.23571973107755 0 0.966484245611355 1.48837709752843 1.82201081607491 1.52807285217568 1.16778709599748 0.963792279362679 1.4419560120441 1.32523378334008 1.24679818493314 1.06106531340629 1.21552824322134 1.27871421049349 1.2682862712536 1.63626920734532 1.34987325477414 1.16325378976762 1.75541959633119 1.56876379344612 1.89002041448839 1.38058361341245 1.79567510774359 1.74509141314775 1.3506785936188 0.989674874814227 1.49603249551728 1.59328714269213 0.964457388501614 1.62861586874351
1.20904442062601 0.966484245611355 0 1.34010185999796 1.25702640903182 1.87627754407004 1.36188208824024 1.56523684342392 1.79260425060056 1.9169649661053 1.37476824736223 1.13559466181323 1.0326420199126 1.05139029351994 1.14951934083365 1.77443085121922 1.50806790823117 1.66930051031522 1.12524402071722 1.39083064580336 1.2815422245767 1.57865980570205 1.00921737588942 1.5701543148607 1.89316011103801 1.91986446268857 0.991972607094795 1.16065301490016 1.04518832452595 1.49344874173403
1.81266745249741 1.48837709752843 1.34010185999796 0 1.43975167791359 1.16319752158597 1.93448870675638 1.16191673302092 1.71288111922331 1.75885742623359 1.32014457695186 1.86496383161284 1.33256460959092 1.85161481704563 1.38483443064615 1.79713633074425 1.48338859318756 1.79823543317616 1.94180513755418 1.85542460740544 1.07945190626197 1.15465135592967 1.38184372335672 1.62972410628572 1.16486940975301 1.30300202127546 1.41462230170146 1.34628305886872 1.85665737232193 1.94403623556718
1.86477164714597 1.82201081607491 1.25702640903182 1.43975167791359 0 0.955610367935151 1.40816190233454 1.63259342033416 1.49224410555325 1.63302625110373 1.37235195981339 1.41660057450645 1.16787466173992 1.93495060573332 1.50606312230229 1.54759954754263 1.34014676930383 0.991450496017933 1.45934403641149 1.14436710020527 1.73606692557223 1.18357809213921 1.9159859798383 1.29508666624315 1.90152022126131 1.17915699421428 1.11141342762858 1.6273720622994 1.13634730898775 1.4346194434911
1.43068399955519 1.52807285217568 1.87627754407004 1.16319752158597 0.955610367935151 0 1.19869513716549 1.59237555507571 1.48192344978452 1.0577025890816 1.79084896738641 1.5384478608612 1.79867032472976 0.979340237798169 1.58985856059007 1.8463531145826 1.35701331705786 1.45803348254412 1.8649475092534 1.8317035229411 1.06887408299372 1.82908413093537 1.12134594027884 1.85147014888935 1.22192950220779 1.8585047472734 1.7639708914794 1.07350637181662 1.08005221071653 1.72062490833923
0.977808182826266 1.16778709599748 1.36188208824024 1.93448870675638 1.40816190233454 1.19869513716549 0 1.28776502818801 1.10411932179704 1.79555221484043 1.04902531043626 1.40367261483334 1.82446091319434 1.94772179680876 1.02570583904162 1.01198919233866 1.82499242643826 1.49425159650855 1.56301315687597 1.86596174980514 1.29316731030121 1.30014843377285 1.77824254892766 1.39266575383954 1.51653412356973 1.88754415186122 1.63620345573872 1.37837898987345 1.67471466539428 1.76382713252679
1.85290836426429 0.963792279362679 1.56523684342392 1.16191673302092 1.63259342033416 1.59237555507571 1.28776502818801 0 1.15826992434449 1.23247266514227 1.85971028148197 1.33613770478405 1.32576769730076 1.17756736255251 0.974683767650276 1.46880720928311 1.4882378987968 1.50516468053684 1.84275338868611 1.75743939587846 1.30170835717581 1.37407415173948 1.81839662813582 1.25482101575471 1.72140476247296 1.08683509775437 0.972075013676658 1.36449858290143 1.48910909611732 1.81787962163799
1.93081293674186 1.4419560120441 1.79260425060056 1.71288111922331 1.49224410555325 1.48192344978452 1.10411932179704 1.15826992434449 0 1.35429292591289 1.53779879654758 1.66617233655415 1.5278127247002 1.62747073359787 0.985231226542965 1.37111268169247 1.84321167878807 1.24442709633149 1.51958814752288 1.54887216794305 1.65361810545437 1.68015566910617 1.44023553351872 1.38405026681721 1.43892904091626 1.26398019352928 1.25043198256753 1.05653570755385 1.24345174152404 1.11696155462414
1.12555121909827 1.32523378334008 1.9169649661053 1.75885742623359 1.63302625110373 1.0577025890816 1.79555221484043 1.23247266514227 1.35429292591289 0 0.965939637739211 1.09158792253584 1.2355010996107 1.84263193933293 1.56308856490068 1.24008582253009 1.18583609885536 1.00327297090553 1.44856875413097 1.14880955405533 1.62244095816277 1.34863305930048 1.63374213501811 1.25622242828831 1.34810867859051 1.82892942707986 1.71705140639096 1.17812613141723 1.28670586179942 1.89626581850462
1.17282204795629 1.24679818493314 1.37476824736223 1.32014457695186 1.37235195981339 1.79084896738641 1.04902531043626 1.85971028148197 1.53779879654758 0.965939637739211 0 1.16497816587798 1.13302013417706 1.10840806760825 0.960478642722592 1.07398874149658 1.33858869224787 1.66332329926081 1.85399605194107 1.16236293199472 1.80984460981563 1.60447559901513 1.92845568596385 1.7226764394436 1.4804373527877 1.0450466577895 1.76199556468055 1.64715865487233 1.33191701839678 1.8176471684128
1.26456654351205 1.06106531340629 1.13559466181323 1.86496383161284 1.41660057450645 1.5384478608612 1.40367261483334 1.33613770478405 1.66617233655415 1.09158792253584 1.16497816587798 0 1.26574062602594 1.90763498586603 1.55465732049197 1.42265151254833 1.75520530389622 1.09499671123922 1.85648822807707 1.80327868764289 1.37986771948636 1.50108163082041 1.47837341879494 1.07813144195825 1.94273819960654 1.57193869980983 1.57799301575869 1.29937123716809 1.58662431244738 1.71948935766704
1.56543620489538 1.21552824322134 1.0326420199126 1.33256460959092 1.16787466173992 1.79867032472976 1.82446091319434 1.32576769730076 1.5278127247002 1.2355010996107 1.13302013417706 1.26574062602594 0 1.80716111976653 0.997870394494385 0.996273631462827 1.10917775542475 1.01993839349598 1.25280491565354 1.39732928038575 1.69635942904279 1.06741653662175 1.42211126396433 1.79778833547607 1.30062916572206 1.42841988569126 1.40724378242157 1.41526499926113 1.23498157574795 0.974005449097604
1.67589488136582 1.27871421049349 1.05139029351994 1.85161481704563 1.93495060573332 0.979340237798169 1.94772179680876 1.17756736255251 1.62747073359787 1.84263193933293 1.10840806760825 1.90763498586603 1.80716111976653 0 1.07827402232215 1.27929666079581 1.18324045347981 0.984861947596073 1.76030978607014 1.07295908406377 1.12948133470491 1.01941739628091 0.956685523735359 1.29496822110377 1.54422941082157 1.91220409749076 1.44098243420012 1.62153944675811 0.970068119931966 0.997714065946639
1.42011561035179 1.2682862712536 1.14951934083365 1.38483443064615 1.50606312230229 1.58985856059007 1.02570583904162 0.974683767650276 0.985231226542965 1.56308856490068 0.960478642722592 1.55465732049197 0.997870394494385 1.07827402232215 0 1.80094915931113 1.31859357864596 1.5113944360055 1.85033359401859 1.50096767116338 1.10478235711344 1.13785449787974 1.79030091688037 1.46937840152532 1.13021439383738 1.28897207044065 1.12896640715189 1.66143630468287 1.82360992860049 1.71517752110958
1.85144069883972 1.63626920734532 1.77443085121922 1.79713633074425 1.54759954754263 1.8463531145826 1.01198919233866 1.46880720928311 1.37111268169247 1.24008582253009 1.07398874149658 1.42265151254833 0.996273631462827 1.27929666079581 1.80094915931113 0 1.85987898195162 1.03729055123404 1.28998902323656 1.72034240094945 1.84277132991701 1.33428350812756 1.74821585393511 1.48375445441343 1.20441158930771 1.05194687843323 1.10414484865032 0.972087536007166 1.31066914717667 1.84467846155167
1.347759031225 1.34987325477414 1.50806790823117 1.48338859318756 1.34014676930383 1.35701331705786 1.82499242643826 1.4882378987968 1.84321167878807 1.18583609885536 1.33858869224787 1.75520530389622 1.10917775542475 1.18324045347981 1.31859357864596 1.85987898195162 0 1.83125294465572 1.74755532783456 1.273934480967 1.36025899648666 1.33086932334118 1.36195144779049 1.15758681925945 1.24091734620742 1.52435402106494 1.85993014508858 1.63264180463739 1.32303414260969 1.92788315145299
1.56591722299345 1.16325378976762 1.66930051031522 1.79823543317616 0.991450496017933 1.45803348254412 1.49425159650855 1.50516468053684 1.24442709633149 1.00327297090553 1.66332329926081 1.09499671123922 1.01993839349598 0.984861947596073 1.5113944360055 1.03729055123404 1.83125294465572 0 1.23524126992561 1.52046008920297 1.40767508093268 1.87710329215042 1.20806373655796 1.83379025897011 1.67806823039427 1.14148971275426 1.48717860272154 1.74673262611032 1.64406328485347 1.18756884615868
0.998314014403149 1.75541959633119 1.12524402071722 1.94180513755418 1.45934403641149 1.8649475092534 1.56301315687597 1.84275338868611 1.51958814752288 1.44856875413097 1.85399605194107 1.85648822807707 1.25280491565354 1.76030978607014 1.85033359401859 1.28998902323656 1.74755532783456 1.23524126992561 0 1.23968432308175 1.52326721069403 1.51993659324944 1.55030212108977 1.76566667389125 1.89822055771947 1.83110210089944 1.3085093521513 1.31880239257589 1.31462372094393 1.15620303736068
1.51932510081679 1.56876379344612 1.39083064580336 1.85542460740544 1.14436710020527 1.8317035229411 1.86596174980514 1.75743939587846 1.54887216794305 1.14880955405533 1.16236293199472 1.80327868764289 1.39732928038575 1.07295908406377 1.50096767116338 1.72034240094945 1.273934480967 1.52046008920297 1.23968432308175 0 1.54010436171666 1.93033714196645 1.00163397542201 1.34228293877095 1.35283281491138 1.18631852651015 1.67123730457388 1.53954490018077 1.87605870934203 1.68020325433463
1.83009747602046 1.89002041448839 1.2815422245767 1.07945190626197 1.73606692557223 1.06887408299372 1.29316731030121 1.30170835717581 1.65361810545437 1.62244095816277 1.80984460981563 1.37986771948636 1.69635942904279 1.12948133470491 1.10478235711344 1.84277132991701 1.36025899648666 1.40767508093268 1.52326721069403 1.54010436171666 0 1.8113183027599 1.74317992175929 1.02528523700312 1.02580281370319 1.1679219964426 1.64901917963289 1.0290100837592 1.91944593796507 1.18190631992184
1.38738354179077 1.38058361341245 1.57865980570205 1.15465135592967 1.18357809213921 1.82908413093537 1.30014843377285 1.37407415173948 1.68015566910617 1.34863305930048 1.60447559901513 1.50108163082041 1.06741653662175 1.01941739628091 1.13785449787974 1.33428350812756 1.33086932334118 1.87710329215042 1.51993659324944 1.93033714196645 1.8113183027599 0 1.69830520753749 1.09972283476964 0.999391269870102 0.998537735082209 1.05490270978771 1.37660681456327 1.68523086165078 1.38766165147536
1.16514081368223 1.79567510774359 1.00921737588942 1.38184372335672 1.9159859798383 1.12134594027884 1.77824254892766 1.81839662813582 1.44023553351872 1.63374213501811 1.92845568596385 1.47837341879494 1.42211126396433 0.956685523735359 1.79030091688037 1.74821585393511 1.36195144779049 1.20806373655796 1.55030212108977 1.00163397542201 1.74317992175929 1.69830520753749 0 1.05868093203753 1.54646499548107 1.81828788970597 1.73584051639773 1.11909157875925 1.35696033900604 1.4066324182786
1.10816467413679 1.74509141314775 1.5701543148607 1.62972410628572 1.29508666624315 1.85147014888935 1.39266575383954 1.25482101575471 1.38405026681721 1.25622242828831 1.7226764394436 1.07813144195825 1.79778833547607 1.29496822110377 1.46937840152532 1.48375445441343 1.15758681925945 1.83379025897011 1.76566667389125 1.34228293877095 1.02528523700312 1.09972283476964 1.05868093203753 0 1.29362402367406 0.980240252567455 1.21901066461578 1.35954077867791 1.03889330173843 1.15903380000964
1.0877786364872 1.3506785936188 1.89316011103801 1.16486940975301 1.90152022126131 1.22192950220779 1.51653412356973 1.72140476247296 1.43892904091626 1.34810867859051 1.4804373527877 1.94273819960654 1.30062916572206 1.54422941082157 1.13021439383738 1.20441158930771 1.24091734620742 1.67806823039427 1.89822055771947 1.35283281491138 1.02580281370319 0.999391269870102 1.54646499548107 1.29362402367406 0 1.08855560561642 1.27811915613711 1.00436976295896 1.85330163757317 1.57019703206606
1.50496211159043 0.989674874814227 1.91986446268857 1.30300202127546 1.17915699421428 1.8585047472734 1.88754415186122 1.08683509775437 1.26398019352928 1.82892942707986 1.0450466577895 1.57193869980983 1.42841988569126 1.91220409749076 1.28897207044065 1.05194687843323 1.52435402106494 1.14148971275426 1.83110210089944 1.18631852651015 1.1679219964426 0.998537735082209 1.81828788970597 0.980240252567455 1.08855560561642 0 1.16763789625838 1.87239062297158 1.159421937773 1.01227805367671
1.75449974322692 1.49603249551728 0.991972607094795 1.41462230170146 1.11141342762858 1.7639708914794 1.63620345573872 0.972075013676658 1.25043198256753 1.71705140639096 1.76199556468055 1.57799301575869 1.40724378242157 1.44098243420012 1.12896640715189 1.10414484865032 1.85993014508858 1.48717860272154 1.3085093521513 1.67123730457388 1.64901917963289 1.05490270978771 1.73584051639773 1.21901066461578 1.27811915613711 1.16763789625838 0 1.50379681889899 1.03382035321556 1.25742685631849
1.82699393341318 1.59328714269213 1.16065301490016 1.34628305886872 1.6273720622994 1.07350637181662 1.37837898987345 1.36449858290143 1.05653570755385 1.17812613141723 1.64715865487233 1.29937123716809 1.41526499926113 1.62153944675811 1.66143630468287 0.972087536007166 1.63264180463739 1.74673262611032 1.31880239257589 1.53954490018077 1.0290100837592 1.37660681456327 1.11909157875925 1.35954077867791 1.00436976295896 1.87239062297158 1.50379681889899 0 0.968469451647252 1.35247822874226
1.55073180072941 0.964457388501614 1.04518832452595 1.85665737232193 1.13634730898775 1.08005221071653 1.67471466539428 1.48910909611732 1.24345174152404 1.28670586179942 1.33191701839678 1.58662431244738 1.23498157574795 0.970068119931966 1.82360992860049 1.31066914717667 1.32303414260969 1.64406328485347 1.31462372094393 1.87605870934203 1.91944593796507 1.68523086165078 1.35696033900604 1.03889330173843 1.85330163757317 1.159421937773 1.03382035321556 0.968469451647252 0 1.17118584201671
1.23864575475454 1.62861586874351 1.49344874173403 1.94403623556718 1.4346194434911 1.72062490833923 1.76382713252679 1.81787962163799 1.11696155462414 1.89626581850462 1.8176471684128 1.71948935766704 0.974005449097604 0.997714065946639 1.71517752110958 1.84467846155167 1.92788315145299 1.18756884615868 1.15620303736068 1.68020325433463 1.18190631992184 1.38766165147536 1.4066324182786 1.15903380000964 1.57019703206606 1.01227805367671 1.25742685631849 1.35247822874226 1.17118584201671 0
