0 1.42241933452897 1.76922919438221 1.27838149177842 1.12254758784547 1.52235565381125 1.65355476876721 1.13736651884392 1.75839199428447 1.85707900882699 1.56552502769046 1.21545416209847 0.987659378210083 1.5499711188022 1.07791015645489 1.94196638301946 1.78133325302042 1.42908209888265 1.17644888558425 1.61332548107021 1.50854038307443 1.16818934842013 1.3672641844023 1.04639509716071 1.81314293737523 1.3580220900476 1.03946125181392 1.54661422059871 1.2233247468248 1.37098895641975
1.42241933452897 0 1.51596770528704 1.73767576692626 1.41282475553453 1.18369932705536 1.1671399299521 1.64288342092186 1.77834396832623 1.50755578605458 1.93196534179151 1.3037010745611 1.42473885160871 1.23148888209835 1.38859034655616 1.27363475109451 1.25263597071171 1.34456859319471 1.04546058503911 1.24181027361192 1.21046644821763 1.70049441209994 1.24255749327131 1.77566905319691 1.01513345190324 0.969287132145837 1.19250479363836 1.88408870087005 1.53262944309972 1.47999978810549
1.76922919438221 1.51596770528704 0 1.79293838795274 0.992686164332554 1.41151577699929 1.73570377053693 1.09251943067648 1.90694793825969 1.6095316070132 1.62492721597664 1.56510945176706 1.03090587258339 1.92397798458114 0.965158501407132 1.09885172033682 1.68610676471144 1.67431853758171 1.21515171579085 1.72676121606492 1.29109538230114 1.61658316198736 1.33784421812743 1.1142481637653 1.3401700775139 1.70705025200732 1.82662706938572 1.36309703509323 1.63050026004203 1.67042237357236
1.27838149177842 1.73767576692626 1.79293838795274 0 1.35839898628183 1.00453074695542 1.65625267778523 1.10705661214888 1.08080537593924 1.21320797991939 1.09639578592032 1.23014930752106 1.77201664168388 1.01089818356559 1.12531696795486 1.51173278852366 1.57267146045342 1.08614604570903 1.13014709251001 1.6022010257002 0.99429610488005 1.0596326449886 1.03208581148647 1.53597450093366 1.94183956901543 1.41630188026465 1.514850825537 1.47746175341308 1.43094916222617 1.07850775890984
1.12254758784547 1.41282475553453 0.992686164332554 1.35839898628183 0 1.27325064409524 1.39577158237807 1.92891670623794 1.75512570724823 1.35805541975424 0.989360141800717 1.51129723479971 1.1295562654268 1.37628591572866 1.87665636185557 1.40291800885461 1.84182333643548 1.51431697467342 1.19511544890702 1.88901496957988 1.1665438732598 1.40113863651641 1.80537584726699 1.68063473748043 1.77528508915566 1.33046682598069 1.30656350287609 0.957028802484274 1.63030740967952 1.84240280208178
1.52235565381125 1.18369932705536 1.41151577699929 1.00453074695542 1.27325064409524 0 1.38090561865829 1.00155812688172 0.955740740522742 1.78603775124066 1.7891160461586 0.966709870379418 1.16494911466725 1.77710170741193 1.35296257422306 1.68723304430023 1.85165510769002 1.45347258332185 1.505799385719 1.09897228120826 1.52635298948735 1.3753964821808 1.30586317018606 1.50674110744148 1.69629695545882 1.02759307529777 1.73682982916944 1.35961474245414 1.05210593016818 1.92076346697286
1.65355476876721 1.1671399299521 1.73570377053693 1.65625267778523 1.39577158237807 1.38090561865829 0 1.03053706814535 1.57955935085192 1.25166219309904 1.04757576528937 1.10336184315383 1.9162852645386 1.56027205474675 1.15182137815282 1.46778763900511 1.62871593097225 1.24123537889682 1.01140654296614 1.90139146288857 1.90335611603223 1.25553008867428 1.06669750181027 1.56892223772593 1.17642983142287 1.61297651799396 1.32127064676024 1.00049316184595 1.3188893168699 1.36901573976502
1.13736651884392 1.64288342092186 1.09251943067648 1.10705661214888 1.92891670623794 1.00155812688172 1.03053706814535 0 1.76940415985882 1.87616525078192 1.46378644136712 1.8117447369732 1.03537885728292 1.73663766402751 1.0502180501353 1.51475561433472 1.39337022579275 1.05193038005382 1.78757850476541 1.12833242909983 1.9258336359635 0.972694518277422 1.48987784655765 1.88753777975217 1.65533863194287 1.80123541341163 1.63700518687256 1.6172947450541 1.58621574053541 1.34714093199
1.75839199428447 1.77834396832623 1.90694793825969 1.08080537593924 1.75512570724823 0.955740740522742 1.57955935085192 1.76940415985882 0 1.66220873151906 1.63369428832084 0.957190295448527 1.33879594504833 1.75320476689376 1.91145696304739 1.64320857194252 1.05158163770102 1.33930962299928 1.74416836025193 1.13002602406777 1.66064068162814 1.73195648589171 1.17153070191853 1.21589076961391 0.955695164157078 1.48219227278605 1.78579953382723 0.99417238496244 1.34144869283773 1.46350138820708
1.85707900882699 1.50755578605458 1.6095316070132 1.21320797991939 1.35805541975424 1.78603775124066 1.25166219309904 1.87616525078192 1.66220873151906 0 1.4076627669856 1.19445734773763 1.7724432523828 1.58262632763945 1.28134761122055 1.26062090462074 1.07247156673111 1.22172209923156 1.62344966409728 1.25712087121792 1.21555186621845 1.54915537452325 1.07336652674712 1.67179597890936 1.81857296614908 1.90431645605713 1.80814348859712 1.28331350558437 1.60331532289274 1.20254730293527
1.56552502769046 1.93196534179151 1.62492721597664 1.09639578592032 0.989360141800717 1.7891160461586 1.04757576528937 1.46378644136712 1.63369428832084 1.4076627669856 0 1.37515316833742 1.20526221278124 1.30919054476544 1.8236446599476 1.56223965622485 1.14152968092822 1.77628649445251 1.18618542188779 1.75959614454769 1.06990245054476 1.27876496664248 1.33035491057672 1.66134140826762 1.35748599283397 1.23087570047937 1.59498613607138 1.27451461087912 1.5171768728178 1.64650159305893
1.21545416209847 1.3037010745611 1.56510945176706 1.23014930752106 1.51129723479971 0.966709870379418 1.10336184315383 1.8117447369732 0.957190295448527 1.19445734773763 1.37515316833742 0 1.56474733329378 1.44233630155213 1.57316928962246 1.47370007517748 1.17926518595777 1.70877840439789 1.75071265315637 1.38147326908074 1.52582235378213 1.84857941814698 1.31925414735451 1.39241506624967 1.72529352735728 1.50433139619417 1.43542729387991 1.52623764937744 1.59414528217167 1.07969382987358
0.987659378210083 1.42473885160871 1.03090587258339 1.77201664168388 1.1295562654268 1.16494911466725 1.9162852645386 1.03537885728292 1.33879594504833 1.7724432523828 1.20526221278124 1.56474733329378 0 1.77863713447005 1.51880780863576 1.19541472499259 1.09579961141571 1.27355334977619 1.74271643976681 1.61565076932311 1.67032107315026 1.80204178625718 1.69347944040783 1.17049396992661 1.82452581962571 1.79522386891767 1.58024954260327 1.65806613280438 1.17124748998322 1.70507480134256
1.5499711188022 1.23148888209835 1.92397798458114 1.01089818356559 1.37628591572866 1.77710170741193 1.56027205474675 1.73663766402751 1.75320476689376 1.58262632763945 1.30919054476544 1.44233630155213 1.77863713447005 0 1.73036875668913 1.39027918130159 1.12503218464553 1.19141147541814 1.45845114649273 1.62845368124545 1.33103210525587 1.6580030627083 1.3001366739627 1.57986076991074 1.13487647520378 1.68709807330742 0.982841267250478 1.6524625942111 1.35351393115707 1.34491194412112
1.07791015645489 1.38859034655616 0.965158501407132 1.12531696795486 1.87665636185557 1.35296257422306 1.15182137815282 1.0502180501353 1.91145696304739 1.28134761122055 1.8236446599476 1.57316928962246 1.51880780863576 1.73036875668913 0 1.11482099303976 1.09014720795676 0.947804238880053 1.458695076406 1.28854267229326 1.07513472787105 1.35316490195692 0.946899617556483 1.87354549346492 1.77194920554757 1.66275302413851 1.45432526036166 1.30166381713934 1.45015438017435 1.28481074096635
1.94196638301946 1.27363475109451 1.09885172033682 1.51173278852366 1.40291800885461 1.68723304430023 1.46778763900511 1.51475561433472 1.64320857194252 1.26062090462074 1.56223965622485 1.47370007517748 1.19541472499259 1.39027918130159 1.11482099303976 0 1.28729530936107 0.989967243745923 1.62228388222866 1.2148297384847 1.12015199498273 1.84034686884843 1.79357886896469 0.945649659028277 0.990901422221214 1.88672846090049 1.54828291363083 1.91562660341151 1.6181281208992 1.00076538021676
1.78133325302042 1.25263597071171 1.68610676471144 1.57267146045342 1.84182333643548 1.85165510769002 1.62871593097225 1.39337022579275 1.05158163770102 1.07247156673111 1.14152968092822 1.17926518595777 1.09579961141571 1.12503218464553 1.09014720795676 1.28729530936107 0 1.94179964973591 1.02628626907244 1.47116314899176 1.18390768230893 1.76180225098506 1.75373894372024 1.47491925046779 1.47778288577683 0.954907053848729 0.976001678267494 1.20477596158162 1.59726620977744 1.86351844598539
1.42908209888265 1.34456859319471 1.67431853758171 1.08614604570903 1.51431697467342 1.45347258332185 1.24123537889682 1.05193038005382 1.33930962299928 1.22172209923156 1.77628649445251 1.70877840439789 1.27355334977619 1.19141147541814 0.947804238880053 0.989967243745923 1.94179964973591 0 1.54813020140864 1.92240558308549 1.74060694943182 1.49733104673214 1.5808848021552 1.02014385932125 1.63172680116259 1.28122671786696 1.5642041140236 1.5999963930808 0.993145079351962 1.3210346668493
1.17644888558425 1.04546058503911 1.21515171579085 1.13014709251001 1.19511544890702 1.505799385719 1.01140654296614 1.78757850476541 1.74416836025193 1.62344966409728 1.18618542188779 1.75071265315637 1.74271643976681 1.45845114649273 1.458695076406 1.62228388222866 1.02628626907244 1.54813020140864 0 1.24552096659318 1.61406588321552 1.57553927367553 1.51865693554282 1.61179026402533 1.44742350350134 1.45848219865002 1.84295221185312 1.2083190465346 1.3837389391847 1.37431390909478
1.61332548107021 1.24181027361192 1.72676121606492 1.6022010257002 1.88901496957988 1.09897228120826 1.90139146288857 1.12833242909983 1.13002602406777 1.25712087121792 1.75959614454769 1.38147326908074 1.61565076932311 1.62845368124545 1.28854267229326 1.2148297384847 1.47116314899176 1.92240558308549 1.24552096659318 0 1.70923388679512 1.43111457582563 1.1977011365816 1.42119529424235 1.33002009592019 1.61871622968465 1.83505631843582 0.956602474674582 1.466128539294 1.4001130387187
1.50854038307443 1.21046644821763 1.29109538230114 0.99429610488005 1.1665438732598 1.52635298948735 1.90335611603223 1.9258336359635 1.66064068162814 1.21555186621845 1.06990245054476 1.52582235378213 1.67032107315026 1.33103210525587 1.07513472787105 1.12015199498273 1.18390768230893 1.74060694943182 1.61406588321552 1.70923388679512 0 1.78309857426211 1.88599669979885 1.06541673350148 1.75483258930035 1.17678596475162 1.72368461615406 1.92700968147255 1.51889961515553 1.10604066587985
1.16818934842013 1.70049441209994 1.61658316198736 1.0596326449886 1.40113863651641 1.3753964821808 1.25553008867428 0.972694518277422 1.73195648589171 1.54915537452325 1.27876496664248 1.84857941814698 1.80204178625718 1.6580030627083 1.35316490195692 1.84034686884843 1.76180225098506 1.49733104673214 1.57553927367553 1.43111457582563 1.78309857426211 0 1.48957322514616 1.54922110517509 1.04754128493369 1.60812143818475 1.88416855200194 1.70415968913585 1.49220605753362 1.29871448036283
1.3672641844023 1.24255749327131 1.33784421812743 1.03208581148647 1.80537584726699 1.30586317018606 1.06669750181027 1.48987784655765 1.17153070191853 1.07336652674712 1.33035491057672 1.31925414735451 1.69347944040783 1.3001366739627 0.946899617556483 1.79357886896469 1.75373894372024 1.5808848021552 1.51865693554282 1.1977011365816 1.88599669979885 1.48957322514616 0 1.05914629204199 0.987636761041358 1.71867467160337 1.58821562095545 1.25227160961367 1.93099018884823 1.50757372775115
1.04639509716071 1.77566905319691 1.1142481637653 1.53597450093366 1.68063473748043 1.50674110744148 1.56892223772593 1.88753777975217 1.21589076961391 1.67179597890936 1.66134140826762 1.39241506624967 1.17049396992661 1.57986076991074 1.87354549346492 0.945649659028277 1.47491925046779 1.02014385932125 1.61179026402533 1.42119529424235 1.06541673350148 1.54922110517509 1.05914629204199 0 1.65534650417976 1.74473199434578 1.80049204127863 1.40479237027466 1.34267844841816 1.66683272947557
1.81314293737523 1.01513345190324 1.3401700775139 1.94183956901543 1.77528508915566 1.69629695545882 1.17642983142287 1.65533863194287 0.955695164157078 1.81857296614908 1.35748599283397 1.72529352735728 1.82452581962571 1.13487647520378 1.77194920554757 0.990901422221214 1.47778288577683 1.63172680116259 1.44742350350134 1.33002009592019 1.75483258930035 1.04754128493369 0.987636761041358 1.65534650417976 0 0.970066968118772 1.84900669544004 1.2468781361822 0.943353427806869 1.02324022608809
1.3580220900476 0.969287132145837 1.70705025200732 1.41630188026465 1.33046682598069 1.02759307529777 1.61297651799396 1.80123541341163 1.48219227278605 1.90431645605713 1.23087570047937 1.50433139619417 1.79522386891767 1.68709807330742 1.66275302413851 1.88672846090049 0.954907053848729 1.28122671786696 1.45848219865002 1.61871622968465 1.17678596475162 1.60812143818475 1.71867467160337 1.74473199434578 0.970066968118772 0 1.10824792296626 1.01743003563024 1.2660443012137 1.30108058732003
1.03946125181392 1.19250479363836 1.82662706938572 1.514850825537 1.30656350287609 1.73682982916944 1.32127064676024 1.63700518687256 1.78579953382723 1.80814348859712 1.59498613607138 1.43542729387991 1.58024954260327 0.982841267250478 1.45432526036166 1.54828291363083 0.976001678267494 1.5642041140236 1.84295221185312 1.83505631843582 1.72368461615406 1.88416855200194 1.58821562095545 1.80049204127863 1.84900669544004 1.10824792296626 0 1.9113331057597 1.04422802547924 1.59868795191869
1.54661422059871 1.88408870087005 1.36309703509323 1.47746175341308 0.957028802484274 1.35961474245414 1.00049316184595 1.6172947450541 0.99417238496244 1.28331350558437 1.27451461087912 1.52623764937744 1.65806613280438 1.6524625942111 1.30166381713934 1.91562660341151 1.20477596158162 1.5999963930808 1.2083190465346 0.956602474674582 1.92700968147255 1.70415968913585 1.25227160961367 1.40479237027466 1.2468781361822 1.01743003563024 1.9113331057597 0 1.4835507015232 1.93673341651447
1.2233247468248 1.53262944309972 1.63050026004203 1.43094916222617 1.63030740967952 1.05210593016818 1.3188893168699 1.58621574053541 1.34144869283773 1.60331532289274 1.5171768728178 1.59414528217167 1.17124748998322 1.35351393115707 1.45015438017435 1.6181281208992 1.59726620977744 0.993145079351962 1.3837389391847 1.466128539294 1.51889961515553 1.49220605753362 1.93099018884823 1.34267844841816 0.943353427806869 1.2660443012137 1.04422802547924 1.4835507015232 0 1.16397748771124
1.37098895641975 1.47999978810549 1.67042237357236 1.07850775890984 1.84240280208178 1.92076346697286 1.36901573976502 1.34714093199 1.46350138820708 1.20254730293527 1.64650159305893 1.07969382987358 1.70507480134256 1.34491194412112 1.28481074096635 1.00076538021676 1.86351844598539 1.3210346668493 1.37431390909478 1.4001130387187 1.10604066587985 1.29871448036283 1.50757372775115 1.66683272947557 1.02324022608809 1.30108058732003 1.59868795191869 1.93673341651447 1.16397748771124 0
