0 1.15142220887356 1.14656251110137 1.51133708516136 1.43210476427339 1.15498768701218 1.2810073022265 1.72415815014392 1.07178905862384 1.23359579849057 0.917409132933244 0.902949016075581 1.77879230491817 1.2124663812574 0.925385132199153 1.27516830572858 1.55697887134738 1.36643264838494 1.74248187034391 1.266710922122 1.7163168140687 1.534912613919 1.72222152468748 1.33359508845024 1.44089720863849 1.06447691982612 0.915880372514948 1.79479004163295 1.77965294220485 1.05205321661197
1.15142220887356 0 1.82509851944633 1.82547795330174 1.06013517151587 1.0045596936252 1.80185048724525 1.35022230865434 1.28793536196463 1.1859151890967 0.986782546387985 0.922601299826056 1.22456265101209 1.87907186313532 1.3212507921271 1.07253858842887 1.0043566620443 1.88021277892403 1.30394915351644 1.18979787430726 1.41821500752121 1.5295069552958 0.959052674705163 1.4441924802959 1.78528615250252 1.7498865542002 1.14247165597044 1.86941185151227 1.48204232240096 1.51897282712162
1.14656251110137 1.82509851944633 0 1.40775670972653 1.11675850581378 1.35692341532558 1.70538191124797 1.23924351856112 1.37272235518321 1.2585379879456 1.03272690135054 1.36246266984381 1.8318979460746 1.59095278615132 1.51190434070304 1.25712731550448 1.74530384293757 1.43730551726185 1.40799407032318 1.02787445811555 0.931431035511196 1.16383982403204 1.57608180865645 1.39220862067305 1.30274519976228 0.888873686315492 1.45387988630682 0.935884713195264 1.76653322251514 1.4764662371017
1.51133708516136 1.82547795330174 1.40775670972653 0 1.64677390945144 1.68979069311172 1.61437141033821 1.50490894494578 1.79394658538513 1.35647893417627 1.71268534217961 1.45271264039911 1.51398488786072 1.74535311805084 1.28523258515634 1.03860089392401 1.77949755801819 1.05992473172955 1.0634927302599 0.985144513426349 0.901197108440101 1.08890822879039 1.49416946433485 1.67890433291905 1.27953196153976 1.43289300939068 1.14920019498095 1.32280534110032 1.65426264167763 1.74052852485329
1.43210476427339 1.06013517151587 1.11675850581378 1.64677390945144 0 1.01350443530828 1.65115545713343 1.29256630782038 0.963125861715525 1.22686676890589 0.893120652064681 1.13890991103835 1.28299998375587 1.65593558643013 1.41331271454692 1.37557767378166 1.24975596414879 1.66390838450752 1.64192256121896 1.36516841547564 1.34380697342567 1.77271107397974 1.76185442553833 1.48534461902454 0.984887870028615 1.03728563268669 1.74459375091828 1.41733284806833 1.36072654766031 1.35541972960345
1.15498768701218 1.0045596936252 1.35692341532558 1.68979069311172 1.01350443530828 0 1.15873966692016 1.06192713649943 0.972112165763974 1.21312205982395 1.1413801216986 1.74799072695896 1.54082169965841 1.23449514177628 1.82475122087635 1.242747514043 1.87962775607593 1.39316613762639 1.71595822926611 1.76707189157605 1.38002415955998 1.23921945434995 1.14862960693426 1.32390372827649 1.30656063905917 0.918298882199451 1.29607309517451 1.59452145593241 1.24976290483028 1.5571416830644
1.2810073022265 1.80185048724525 1.70538191124797 1.61437141033821 1.65115545713343 1.15873966692016 0 1.50607592402957 1.84197759767994 1.54995874525048 1.50216423743404 1.58075966779143 1.27474986482412 1.23573450185359 1.35802689520642 1.78629345889203 1.5023850935977 1.03479326958768 1.39675101079047 1.33307561068796 1.09653533040546 1.16371660935692 1.53626451664604 0.9237456608098 1.17076252494007 1.22091736528091 1.66482148808427 1.55864956788719 0.976900231325999 1.10135732637718
1.72415815014392 1.35022230865434 1.23924351856112 1.50490894494578 1.29256630782038 1.06192713649943 1.50607592402957 0 0.900094214361161 1.38889424363151 1.8376233279705 1.32794338604435 1.14990154607221 1.44885470229201 1.3001689419616 1.69006808986887 1.84320527780801 1.04311247286387 1.21749307657592 1.78222076268867 1.82107920595445 0.930800363188609 1.42102482821792 1.15322219021618 1.33606777107343 1.67118982505053 1.4378047902137 1.16203746641986 1.20580519549549 0.944775892654434
1.07178905862384 1.28793536196463 1.37272235518321 1.79394658538513 0.963125861715525 0.972112165763974 1.84197759767994 0.900094214361161 0 1.50008566118777 1.00965305534191 1.38071126700379 1.74022010341287 1.2742967910599 0.944191638147458 1.5062783844769 0.97269266215153 1.08948582061566 1.37935079587623 1.45631382497959 1.00373091758229 0.884478361578658 1.54257629066706 1.33117267955095 1.24563416396268 1.05912045878358 1.62511063553393 1.71663619112223 1.21594765665941 1.28278723917902
1.23359579849057 1.1859151890967 1.2585379879456 1.35647893417627 1.22686676890589 1.21312205982395 1.54995874525048 1.38889424363151 1.50008566118777 0 1.08893154305406 0.900623943656683 1.57236968888901 1.56065678060986 1.37935003545135 1.59624460129999 1.76411891845055 1.17056363238953 1.51344979694113 1.0027404918801 1.39569594361819 1.48743957816623 1.46432675537653 1.32545701228082 1.2977642561309 1.31110833259299 1.62704040948302 1.71297137136571 1.06190766184591 1.36982200783677
0.917409132933244 0.986782546387985 1.03272690135054 1.71268534217961 0.893120652064681 1.1413801216986 1.50216423743404 1.8376233279705 1.00965305534191 1.08893154305406 0 1.41808275785297 0.897062308620661 1.65047003678046 1.60211616940796 1.06155315553769 1.04760399181396 0.929741702275351 1.74241918930784 1.73502169060521 1.45745559153147 1.69686670182273 1.37526357895695 1.2117815380916 0.964208271121606 1.25717178313062 1.68732672813348 0.882629305124283 1.33388244220987 1.57985184527934
0.902949016075581 0.922601299826056 1.36246266984381 1.45271264039911 1.13890991103835 1.74799072695896 1.58075966779143 1.32794338604435 1.38071126700379 0.900623943656683 1.41808275785297 0 1.15936735388823 1.26114899269305 1.28426497010514 1.38764624856412 0.898404417559505 1.17512313276529 1.69269262766466 1.44398394366726 1.57483885553665 1.68060783366673 1.1943724732846 1.32808918040246 1.13641943247057 1.36552060884424 1.2644105956424 1.16798502299935 0.884341147029772 1.07545294100419
1.77879230491817 1.22456265101209 1.8318979460746 1.51398488786072 1.28299998375587 1.54082169965841 1.27474986482412 1.14990154607221 1.74022010341287 1.57236968888901 0.897062308620661 1.15936735388823 0 1.03487061313353 1.82703660870902 1.68699287879281 1.46551446593367 1.33873601001687 1.46105452650227 1.43115237378515 1.15101846354082 1.17150867008604 1.34777331887744 1.58564449311234 1.00978789641522 1.23052314855158 1.66607141774148 1.51780841127038 1.42547745886259 1.25087203993462
1.2124663812574 1.87907186313532 1.59095278615132 1.74535311805084 1.65593558643013 1.23449514177628 1.23573450185359 1.44885470229201 1.2742967910599 1.56065678060986 1.65047003678046 1.26114899269305 1.03487061313353 0 1.63376210257411 1.86699399375357 1.65343305421993 1.55901528871618 1.55605323100463 1.29428656515665 1.80898999725468 1.08838034118526 1.18485187599435 0.989612260367721 1.32935160747729 1.27612997544929 1.15755006950349 1.60552014317364 1.06234030309133 1.22457073139958
0.925385132199153 1.3212507921271 1.51190434070304 1.28523258515634 1.41331271454692 1.82475122087635 1.35802689520642 1.3001689419616 0.944191638147458 1.37935003545135 1.60211616940796 1.28426497010514 1.82703660870902 1.63376210257411 0 1.32233667001128 1.41851218696684 1.21828299714252 1.7207929987926 0.980568998027593 0.965857696486637 1.22044695727527 0.987403295002878 1.51886590314098 1.6388136644382 1.33116357168183 1.15552970557474 1.49752588407136 1.1254314838443 0.913915320532396
1.27516830572858 1.07253858842887 1.25712731550448 1.03860089392401 1.37557767378166 1.242747514043 1.78629345889203 1.69006808986887 1.5062783844769 1.59624460129999 1.06155315553769 1.38764624856412 1.68699287879281 1.86699399375357 1.32233667001128 0 1.62779074767604 1.26209936290979 1.56028133770451 1.41776234493591 1.87199239106849 0.949516848661005 0.967934811487794 0.989400012185797 1.52577469847165 1.39060309552588 1.32523282826878 1.32471200311556 1.71115207928233 1.84557722671889
1.55697887134738 1.0043566620443 1.74530384293757 1.77949755801819 1.24975596414879 1.87962775607593 1.5023850935977 1.84320527780801 0.97269266215153 1.76411891845055 1.04760399181396 0.898404417559505 1.46551446593367 1.65343305421993 1.41851218696684 1.62779074767604 0 0.961266789585352 1.32729645702057 0.916267202235758 1.42046243068762 1.45800479594618 1.62238787766546 1.44923345325515 1.79665428982116 1.17424962157384 1.38623147201724 1.52377977082506 0.895880485186353 1.28511414630339
1.36643264838494 1.88021277892403 1.43730551726185 1.05992473172955 1.66390838450752 1.39316613762639 1.03479326958768 1.04311247286387 1.08948582061566 1.17056363238953 0.929741702275351 1.17512313276529 1.33873601001687 1.55901528871618 1.21828299714252 1.26209936290979 0.961266789585352 0 1.27026926819235 1.61835635825992 1.04237058595754 1.35992838256061 1.60606030188501 1.75367161468603 1.8409295945894 1.69949469715357 1.37632568436675 1.52755770040676 1.54440767248161 0.962451467290521
1.74248187034391 1.30394915351644 1.40799407032318 1.0634927302599 1.64192256121896 1.71595822926611 1.39675101079047 1.21749307657592 1.37935079587623 1.51344979694113 1.74241918930784 1.69269262766466 1.46105452650227 1.55605323100463 1.7207929987926 1.56028133770451 1.32729645702057 1.27026926819235 0 1.55435935314745 1.49617206864059 1.48381495196372 0.956529687857255 1.39955328172073 0.88439342752099 1.11045452672988 1.56807495118119 1.06813195697032 1.87307729199529 1.67288900353014
1.266710922122 1.18979787430726 1.02787445811555 0.985144513426349 1.36516841547564 1.76707189157605 1.33307561068796 1.78222076268867 1.45631382497959 1.0027404918801 1.73502169060521 1.44398394366726 1.43115237378515 1.29428656515665 0.980568998027593 1.41776234493591 0.916267202235758 1.61835635825992 1.55435935314745 0 1.82845860277303 1.67576119233854 1.35643952270038 0.914022573502734 0.965600535506383 1.84444541856647 0.974483174271882 1.46587144397199 1.73670861357823 1.67527065239847
1.7163168140687 1.41821500752121 0.931431035511196 0.901197108440101 1.34380697342567 1.38002415955998 1.09653533040546 1.82107920595445 1.00373091758229 1.39569594361819 1.45745559153147 1.57483885553665 1.15101846354082 1.80898999725468 0.965857696486637 1.87199239106849 1.42046243068762 1.04237058595754 1.49617206864059 1.82845860277303 0 1.87564104329795 1.13636978855357 1.36813573772088 1.14843795029446 1.57741874596104 1.54105513659306 1.04588896525092 1.72669638483785 1.26724596670829
1.534912613919 1.5295069552958 1.16383982403204 1.08890822879039 1.77271107397974 1.23921945434995 1.16371660935692 0.930800363188609 0.884478361578658 1.48743957816623 1.69686670182273 1.68060783366673 1.17150867008604 1.08838034118526 1.22044695727527 0.949516848661005 1.45800479594618 1.35992838256061 1.48381495196372 1.67576119233854 1.87564104329795 0 1.6525751480367 1.37873796815984 1.42263046675362 0.893729540286586 1.33373998501338 1.42954784072936 1.68577790330164 1.01957397768274
1.72222152468748 0.959052674705163 1.57608180865645 1.49416946433485 1.76185442553833 1.14862960693426 1.53626451664604 1.42102482821792 1.54257629066706 1.46432675537653 1.37526357895695 1.1943724732846 1.34777331887744 1.18485187599435 0.987403295002878 0.967934811487794 1.62238787766546 1.60606030188501 0.956529687857255 1.35643952270038 1.13636978855357 1.6525751480367 0 1.47004253650084 0.986803960986435 1.70214778441004 1.11376845417544 1.71360430354252 1.33382893214002 1.8016202445142
1.33359508845024 1.4441924802959 1.39220862067305 1.67890433291905 1.48534461902454 1.32390372827649 0.9237456608098 1.15322219021618 1.33117267955095 1.32545701228082 1.2117815380916 1.32808918040246 1.58564449311234 0.989612260367721 1.51886590314098 0.989400012185797 1.44923345325515 1.75367161468603 1.39955328172073 0.914022573502734 1.36813573772088 1.37873796815984 1.47004253650084 0 1.20932979765348 1.27603907231241 1.40949554578401 1.66146350745112 1.56418343144469 1.3207953593228
1.44089720863849 1.78528615250252 1.30274519976228 1.27953196153976 0.984887870028615 1.30656063905917 1.17076252494007 1.33606777107343 1.24563416396268 1.2977642561309 0.964208271121606 1.13641943247057 1.00978789641522 1.32935160747729 1.6388136644382 1.52577469847165 1.79665428982116 1.8409295945894 0.88439342752099 0.965600535506383 1.14843795029446 1.42263046675362 0.986803960986435 1.20932979765348 0 1.41328151058406 1.61855203658342 1.35081193270162 1.09563008858822 1.76493461965583
1.06447691982612 1.7498865542002 0.888873686315492 1.43289300939068 1.03728563268669 0.918298882199451 1.22091736528091 1.67118982505053 1.05912045878358 1.31110833259299 1.25717178313062 1.36552060884424 1.23052314855158 1.27612997544929 1.33116357168183 1.39060309552588 1.17424962157384 1.69949469715357 1.11045452672988 1.84444541856647 1.57741874596104 0.893729540286586 1.70214778441004 1.27603907231241 1.41328151058406 0 1.65778168663383 1.04638331383467 1.40273499535397 0.947880961466581
0.915880372514948 1.14247165597044 1.45387988630682 1.14920019498095 1.74459375091828 1.29607309517451 1.66482148808427 1.4378047902137 1.62511063553393 1.62704040948302 1.68732672813348 1.2644105956424 1.66607141774148 1.15755006950349 1.15552970557474 1.32523282826878 1.38623147201724 1.37632568436675 1.56807495118119 0.974483174271882 1.54105513659306 1.33373998501338 1.11376845417544 1.40949554578401 1.61855203658342 1.65778168663383 0 1.8132238460239 1.55608837888576 1.50051257060841
1.79479004163295 1.86941185151227 0.935884713195264 1.32280534110032 1.41733284806833 1.59452145593241 1.55864956788719 1.16203746641986 1.71663619112223 1.71297137136571 0.882629305124283 1.16798502299935 1.51780841127038 1.60552014317364 1.49752588407136 1.32471200311556 1.52377977082506 1.52755770040676 1.06813195697032 1.46587144397199 1.04588896525092 1.42954784072936 1.71360430354252 1.66146350745112 1.35081193270162 1.04638331383467 1.8132238460239 0 1.55610164930113 0.921011009020731
1.77965294220485 1.48204232240096 1.76653322251514 1.65426264167763 1.36072654766031 1.24976290483028 0.976900231325999 1.20580519549549 1.21594765665941 1.06190766184591 1.33388244220987 0.884341147029772 1.42547745886259 1.06234030309133 1.1254314838443 1.71115207928233 0.895880485186353 1.54440767248161 1.87307729199529 1.73670861357823 1.72669638483785 1.68577790330164 1.33382893214002 1.56418343144469 1.09563008858822 1.40273499535397 1.55608837888576 1.55610164930113 0 1.51770312711596
1.05205321661197 1.51897282712162 1.4764662371017 1.74052852485329 1.35541972960345 1.5571416830644 1.10135732637718 0.944775892654434 1.28278723917902 1.36982200783677 1.57985184527934 1.07545294100419 1.25087203993462 1.22457073139958 0.913915320532396 1.84557722671889 1.28511414630339 0.962451467290521 1.67288900353014 1.67527065239847 1.26724596670829 1.01957397768274 1.8016202445142 1.3207953593228 1.76493461965583 0.947880961466581 1.50051257060841 0.921011009020731 1.51770312711596 0
