0 1.9197403897997 1.41960806795396 1.6914053291548 1.25149582303129 1.80209414171986 1.56870691012591 1.7842362599913 1.54664503992535 1.80475416453555 1.26390421995893 1.21806293120608 1.66765923262574 1.00907706189901 1.3564558357466 1.10732498159632 1.45955933840014 1.80562263517641 1.90924099320546 1.61258896114305 1.55128448060714 1.47562279109843 1.5993634162005 1.32935085613281 1.64099933020771 1.06195142026991 1.18572995974682 1.30708381091245 1.51309346104972 1.64969420898706
1.9197403897997 0 1.00253072730266 1.53336563031189 1.67158029251732 1.15324610401876 1.10304497065954 1.72065073950216 1.08718662429601 1.52841735281982 1.18501203064807 1.76681384886615 1.53074046131223 1.0726600792259 1.54552810569294 1.15217171120457 1.34273888985626 1.38143949955702 1.61398474802263 1.61263361992314 1.93554185982794 1.70945578697138 1.43133026012219 1.30428459914401 1.82830577110872 1.50581248686649 1.43091163411736 1.84824261255562 1.67166872974485 1.01210168027319
1.41960806795396 1.00253072730266 0 1.26730182534084 1.49204322835431 1.66926214937121 1.081573742209 1.72937231860124 1.50269724894315 1.49174259789288 1.45853872154839 1.47057231958024 1.73940228600986 1.72042159084231 1.76424564816989 1.92090593604371 1.67979965824634 1.58466024370864 1.60816979315132 1.14248250122182 1.65423067798838 1.24170546187088 1.71109437895939 1.50066940067336 1.09162117308006 1.58715261076577 1.60535645554774 1.15225484967232 1.19851413625292 1.63041691365652
1.6914053291548 1.53336563031189 1.26730182534084 0 1.57674670219421 1.35871083918028 1.12583225243725 1.58534068916924 0.941302516497672 1.34275820478797 1.36366525944322 1.3709938027896 1.07913099043071 1.91580609977245 0.948289646068588 1.54975131433457 1.92383852414787 1.43065573065542 1.70685305516236 1.68676395155489 0.973271978320554 1.54535838868469 1.72723403153941 1.36964566935785 1.00385768013075 1.5062223575078 1.83905333676375 1.93908456992358 1.16145608085208 0.989466210594401
1.25149582303129 1.67158029251732 1.49204322835431 1.57674670219421 0 1.71594317583367 1.64216417027637 1.03131361282431 1.02138662431389 1.30241600144655 1.81898537720554 1.06777403620072 1.78572933305986 1.83093475364149 1.8958181522321 1.65473446180113 1.41930652968585 1.48610921273939 1.65827335440554 1.76567841414362 1.49690010095946 1.7136018355377 1.08805630379356 1.43011403409764 1.58666037931107 1.82484172470868 1.85478523280472 1.09610798815265 1.01345622190274 1.75653470261022
1.80209414171986 1.15324610401876 1.66926214937121 1.35871083918028 1.71594317583367 0 1.8737412225455 1.34872943535447 1.0456378525123 1.7401694629807 0.958871015813202 1.71908442885615 1.22462352318689 1.58593995915726 1.33900672197342 1.22318046237342 1.10750987194479 1.85674266493879 1.51653101178817 1.14051197329536 1.84399569197558 1.81237079296261 1.53127569146454 1.6694149018731 1.71040486055426 1.7553987398278 1.88876948738471 1.03374681691639 1.11197618185543 1.12605242733844
1.56870691012591 1.10304497065954 1.081573742209 1.12583225243725 1.64216417027637 1.8737412225455 0 1.81135242735036 1.90049373498186 1.59761582058854 1.27957599493675 0.97931976383552 1.24930004449561 1.73481491138227 1.1265966501087 1.85454519977793 1.80060673737898 1.80171944666654 1.27361514559016 1.72081838082522 1.93353181681596 1.42096199397929 1.85882826475427 1.18832900398411 1.70156352012418 1.07715633232147 1.8548149978742 1.78479337063618 1.59171166899614 1.64290081663057
1.7842362599913 1.72065073950216 1.72937231860124 1.58534068916924 1.03131361282431 1.34872943535447 1.81135242735036 0 0.962428140221164 1.68757337867282 1.23353908280842 1.42299831472337 1.30895591597073 1.77355662290938 1.8624020954594 0.995592480059713 1.6790380384773 1.56381560582668 1.73652040585876 1.85227276291698 1.58514373889193 1.42332553490996 1.59475490590557 1.53290214180015 1.84733803011477 1.29385251691565 1.61003883020021 1.30959988408722 1.0889774763491 1.41735271853395
1.54664503992535 1.08718662429601 1.50269724894315 0.941302516497672 1.02138662431389 1.0456378525123 1.90049373498186 0.962428140221164 0 1.48142525134608 1.71116395480931 1.11577802151442 1.75685932580382 1.76960858260281 1.71728128148243 1.34059517621063 1.32303927559406 1.92970239464194 1.87522599706426 1.30554888537154 1.73248725035228 1.90806379681453 1.38617617171258 1.70504453848116 1.58040778478608 1.42682008584961 1.29903995757923 1.67122643836774 1.08063889853656 1.90129148121923
1.80475416453555 1.52841735281982 1.49174259789288 1.34275820478797 1.30241600144655 1.7401694629807 1.59761582058854 1.68757337867282 1.48142525134608 0 1.81036431202665 1.24494408280589 1.20634734840132 1.47852444183081 1.76515446836129 1.87015615403652 1.25766683905385 1.14453255361877 1.03895646124147 1.00341212353669 1.04967373749241 1.33170891669579 1.06669065076858 1.00053439778276 1.3435925336089 1.7200355429668 1.18128259503283 1.08364197751507 1.61530489684083 1.23964241473004
1.26390421995893 1.18501203064807 1.45853872154839 1.36366525944322 1.81898537720554 0.958871015813202 1.27957599493675 1.23353908280842 1.71116395480931 1.81036431202665 0 1.45426230202429 1.23225249745883 1.53801735141315 1.75828505330719 1.45930700143799 1.63914192910306 1.07540464424528 1.84235564921983 1.74215059564449 1.05798286292702 1.86883377097547 1.13605928537436 1.22206096560694 1.42262400547042 1.43666494288482 1.74391033081338 1.25541340536438 1.5795733074192 1.13180026691407
1.21806293120608 1.76681384886615 1.47057231958024 1.3709938027896 1.06777403620072 1.71908442885615 0.97931976383552 1.42299831472337 1.11577802151442 1.24494408280589 1.45426230202429 0 1.41938592866063 1.6659312103875 0.966545011615381 1.06400176556781 0.989949150942266 1.61921835341491 1.00045049143955 1.88909348496236 1.71644571935758 1.46444177860394 1.56102164508775 1.6565133552067 1.42282499466091 1.66350033320487 1.21321542048827 0.958183369133621 1.14895179821178 1.18439797917381
1.66765923262574 1.53074046131223 1.73940228600986 1.07913099043071 1.78572933305986 1.22462352318689 1.24930004449561 1.30895591597073 1.75685932580382 1.20634734840132 1.23225249745883 1.41938592866063 0 1.939039073186 0.962811913806945 1.03333059069701 1.22163486387581 1.15085081919096 1.73662401782349 1.22918228758499 1.83997385227121 1.64238836755976 1.81742674228735 1.04750470677391 1.08453972823918 1.30793999694288 1.5030579273589 1.51746758888476 1.93665709975176 1.88679066719487
1.00907706189901 1.0726600792259 1.72042159084231 1.91580609977245 1.83093475364149 1.58593995915726 1.73481491138227 1.77355662290938 1.76960858260281 1.47852444183081 1.53801735141315 1.6659312103875 1.939039073186 0 0.97622715937905 1.66513694054447 1.47556690848432 0.959501404548064 1.86997900810093 1.71222306648269 1.0590290769469 1.4506536743138 1.18051937269047 1.27743750577793 1.41206746082753 1.5092805325985 1.78684941865504 1.08231891994365 1.59765926213004 1.93748251465149
1.3564558357466 1.54552810569294 1.76424564816989 0.948289646068588 1.8958181522321 1.33900672197342 1.1265966501087 1.8624020954594 1.71728128148243 1.76515446836129 1.75828505330719 0.966545011615381 0.962811913806945 0.97622715937905 0 1.48557733278722 1.38898923015222 1.42008426785469 1.60967599810101 1.60813672398217 1.41591385495849 1.04751811013557 1.17648175521754 1.68899379554205 1.42209871090017 1.31921092816629 1.1411123177968 1.02197221433744 0.996162788476795 1.92679433291778
1.10732498159632 1.15217171120457 1.92090593604371 1.54975131433457 1.65473446180113 1.22318046237342 1.85454519977793 0.995592480059713 1.34059517621063 1.87015615403652 1.45930700143799 1.06400176556781 1.03333059069701 1.66513694054447 1.48557733278722 0 1.22257777699269 1.38441478018649 1.50926373084076 1.18460627668537 1.30162028037012 1.25448003713973 1.44483214430511 1.23821541550569 0.949102382175624 1.75987166119739 1.19846943742596 1.85337743419223 1.65741238091141 1.33354354416952
1.45955933840014 1.34273888985626 1.67979965824634 1.92383852414787 1.41930652968585 1.10750987194479 1.80060673737898 1.6790380384773 1.32303927559406 1.25766683905385 1.63914192910306 0.989949150942266 1.22163486387581 1.47556690848432 1.38898923015222 1.22257777699269 0 1.6932549700141 1.70383724197745 1.08159841480665 1.31339614791796 0.969439987791702 1.48793073999695 1.20676210778765 1.84546053688973 1.50935334363021 1.44290802022442 1.39983204985037 1.57196313608438 1.85989907593466
1.80562263517641 1.38143949955702 1.58466024370864 1.43065573065542 1.48610921273939 1.85674266493879 1.80171944666654 1.56381560582668 1.92970239464194 1.14453255361877 1.07540464424528 1.61921835341491 1.15085081919096 0.959501404548064 1.42008426785469 1.38441478018649 1.6932549700141 0 1.46737826941535 1.43665826902725 1.78345089848153 1.15233653271571 1.89703484857455 1.22139887651429 1.0289225243032 1.81902263942175 1.48399079963565 1.42357425694354 1.54202300077304 1.65652219858021
1.90924099320546 1.61398474802263 1.60816979315132 1.70685305516236 1.65827335440554 1.51653101178817 1.27361514559016 1.73652040585876 1.87522599706426 1.03895646124147 1.84235564921983 1.00045049143955 1.73662401782349 1.86997900810093 1.60967599810101 1.50926373084076 1.70383724197745 1.46737826941535 0 1.1510873157531 1.6238159078639 1.78347217617556 1.45689828693867 1.54255383438431 1.38174690934829 1.87516561173834 1.15874050976709 1.80693311942741 1.77680082852021 1.00494548096322
1.61258896114305 1.61263361992314 1.14248250122182 1.68676395155489 1.76567841414362 1.14051197329536 1.72081838082522 1.85227276291698 1.30554888537154 1.00341212353669 1.74215059564449 1.88909348496236 1.22918228758499 1.71222306648269 1.60813672398217 1.18460627668537 1.08159841480665 1.43665826902725 1.1510873157531 0 1.55768889631145 1.64378449553624 1.62494350434281 1.05190791329369 1.40956306410953 1.61395260016434 1.6956411646679 1.69675163552165 1.20314445486292 1.93834212236106
1.55128448060714 1.93554185982794 1.65423067798838 0.973271978320554 1.49690010095946 1.84399569197558 1.93353181681596 1.58514373889193 1.73248725035228 1.04967373749241 1.05798286292702 1.71644571935758 1.83997385227121 1.0590290769469 1.41591385495849 1.30162028037012 1.31339614791796 1.78345089848153 1.6238159078639 1.55768889631145 0 1.07022519386373 1.77165793557651 1.16374525474384 1.50574402138591 1.42161461384967 1.85082002775744 1.33028653194197 1.87299765273929 1.83101180288941
1.47562279109843 1.70945578697138 1.24170546187088 1.54535838868469 1.7136018355377 1.81237079296261 1.42096199397929 1.42332553490996 1.90806379681453 1.33170891669579 1.86883377097547 1.46444177860394 1.64238836755976 1.4506536743138 1.04751811013557 1.25448003713973 0.969439987791702 1.15233653271571 1.78347217617556 1.64378449553624 1.07022519386373 0 1.60934383305721 1.52000834047794 0.976654409430921 0.963640340603888 1.14172694645822 1.76052267453633 1.12366135790944 1.62105896393768
1.5993634162005 1.43133026012219 1.71109437895939 1.72723403153941 1.08805630379356 1.53127569146454 1.85882826475427 1.59475490590557 1.38617617171258 1.06669065076858 1.13605928537436 1.56102164508775 1.81742674228735 1.18051937269047 1.17648175521754 1.44483214430511 1.48793073999695 1.89703484857455 1.45689828693867 1.62494350434281 1.77165793557651 1.60934383305721 0 1.24497296405025 1.55957282846794 1.39359676768072 1.65385366324335 1.70053666224703 1.44081312394701 1.7343519856222
1.32935085613281 1.30428459914401 1.50066940067336 1.36964566935785 1.43011403409764 1.6694149018731 1.18832900398411 1.53290214180015 1.70504453848116 1.00053439778276 1.22206096560694 1.6565133552067 1.04750470677391 1.27743750577793 1.68899379554205 1.23821541550569 1.20676210778765 1.22139887651429 1.54255383438431 1.05190791329369 1.16374525474384 1.52000834047794 1.24497296405025 0 1.16125339455903 0.997361588291824 1.50468976981938 1.19179046410136 1.33771310397424 1.05129341525026
1.64099933020771 1.82830577110872 1.09162117308006 1.00385768013075 1.58666037931107 1.71040486055426 1.70156352012418 1.84733803011477 1.58040778478608 1.3435925336089 1.42262400547042 1.42282499466091 1.08453972823918 1.41206746082753 1.42209871090017 0.949102382175624 1.84546053688973 1.0289225243032 1.38174690934829 1.40956306410953 1.50574402138591 0.976654409430921 1.55957282846794 1.16125339455903 0 1.51092166430317 1.38167774281465 1.60415208269842 1.67962724389508 1.90210965811275
1.06195142026991 1.50581248686649 1.58715261076577 1.5062223575078 1.82484172470868 1.7553987398278 1.07715633232147 1.29385251691565 1.42682008584961 1.7200355429668 1.43666494288482 1.66350033320487 1.30793999694288 1.5092805325985 1.31921092816629 1.75987166119739 1.50935334363021 1.81902263942175 1.87516561173834 1.61395260016434 1.42161461384967 0.963640340603888 1.39359676768072 0.997361588291824 1.51092166430317 0 1.04716655705124 1.34556615608744 1.72908345935866 1.83068305440247
1.18572995974682 1.43091163411736 1.60535645554774 1.83905333676375 1.85478523280472 1.88876948738471 1.8548149978742 1.61003883020021 1.29903995757923 1.18128259503283 1.74391033081338 1.21321542048827 1.5030579273589 1.78684941865504 1.1411123177968 1.19846943742596 1.44290802022442 1.48399079963565 1.15874050976709 1.6956411646679 1.85082002775744 1.14172694645822 1.65385366324335 1.50468976981938 1.38167774281465 1.04716655705124 0 1.16414736537263 1.80353791872039 1.45914683397859
1.30708381091245 1.84824261255562 1.15225484967232 1.93908456992358 1.09610798815265 1.03374681691639 1.78479337063618 1.30959988408722 1.67122643836774 1.08364197751507 1.25541340536438 0.958183369133621 1.51746758888476 1.08231891994365 1.02197221433744 1.85337743419223 1.39983204985037 1.42357425694354 1.80693311942741 1.69675163552165 1.33028653194197 1.76052267453633 1.70053666224703 1.19179046410136 1.60415208269842 1.34556615608744 1.16414736537263 0 1.08926201751456 1.43776194192469
1.51309346104972 1.67166872974485 1.19851413625292 1.16145608085208 1.01345622190274 1.11197618185543 1.59171166899614 1.0889774763491 1.08063889853656 1.61530489684083 1.5795733074192 1.14895179821178 1.93665709975176 1.59765926213004 0.996162788476795 1.65741238091141 1.57196313608438 1.54202300077304 1.77680082852021 1.20314445486292 1.87299765273929 1.12366135790944 1.44081312394701 1.33771310397424 1.67962724389508 1.72908345935866 1.80353791872039 1.08926201751456 0 1.48654058971442
1.64969420898706 1.01210168027319 1.63041691365652 0.989466210594401 1.75653470261022 1.12605242733844 1.64290081663057 1.41735271853395 1.90129148121923 1.23964241473004 1.13180026691407 1.18439797917381 1.88679066719487 1.93748251465149 1.92679433291778 1.33354354416952 1.85989907593466 1.65652219858021 1.00494548096322 1.93834212236106 1.83101180288941 1.62105896393768 1.7343519856222 1.05129341525026 1.90210965811275 1.83068305440247 1.45914683397859 1.43776194192469 1.48654058971442 0
