0 1.77883425937034 1.43870027875528 1.14900228311308 1.80041856039315 1.35373200010508 0.994130379520357 1.37000198289752 1.09425442968495 1.00158652174287 1.30022721621208 0.990798838902265 1.78473859280348 1.43409355706535 1.17918249801733 1.09653472108766 1.02027058415115 1.66865467000753 1.69274949468672 1.41050940612331 1.35534468712285 1.00517872162163 1.26905416604131 1.13210848346353 0.996854405850172 1.82078137621284 1.56356780859642 1.79127497994341 1.56810922385193 1.73402963695116
1.77883425937034 0 1.54959629871882 1.44832975999452 1.33652770658955 1.11313739488833 1.21236407430843 1.59537443285808 1.33363896259107 1.10835508722812 1.38977122819051 1.10247204755433 1.16182021005079 0.972255612025037 1.17935835011303 1.08057701867074 1.67788566998206 1.09314623428509 1.68728236760944 1.52957108081318 1.12611532071605 1.45001516491175 1.36129039013758 1.92890602978878 1.37607084517367 1.85341664892621 1.42055388516746 1.67043366725557 1.53259014827199 0.960683871759102
1.43870027875528 1.54959629871882 0 1.71740265213884 1.2080500938464 1.87572122737765 1.39299360802397 1.92726679821499 1.57639740500599 1.38043912872672 1.26499622315168 1.4912973116152 1.08107767649926 1.64098654477857 1.04144982784055 1.35132027463987 1.73154200962745 1.05534328869544 1.88540417701006 1.04159845528193 1.3284351255279 0.973422754555941 1.27775346580893 1.72776095243171 1.26806065323763 1.55443915678188 1.3906029725913 1.90351852960885 1.82693042070605 1.57546805031598
1.14900228311308 1.44832975999452 1.71740265213884 0 0.960733857238665 1.36159071908332 1.45199030661024 1.8830215614289 1.38807432143949 1.48304454633035 1.55512977577746 1.77151275798678 1.93507527676411 1.25593228568323 1.7780254073441 0.979801607085392 1.19392613251694 1.53803031565621 1.14327048673294 1.25893319724128 1.92414746806026 1.45485770981759 1.52571858186275 1.55863106320612 1.88643010193482 1.22823966457509 0.953395896358415 0.957891954574734 1.83961867215112 1.23126906831749
1.80041856039315 1.33652770658955 1.2080500938464 0.960733857238665 0 1.75057525234297 1.74155927426182 1.89556240639649 1.59965068544261 1.08366928063333 1.07535623526201 1.43702813866548 1.0808546950575 1.37401890964247 1.6256344197318 1.2539289901033 1.07205900643021 1.36275328928605 1.29794109123759 1.8963956378866 1.42038684757426 1.91734343813732 1.88749286532402 0.997861042851582 1.88964522862807 1.2688302968163 1.21390094142407 1.19926634128205 1.57583012850955 1.60593216866255
1.35373200010508 1.11313739488833 1.87572122737765 1.36159071908332 1.75057525234297 0 1.52248277352192 1.60830469545908 1.75087271491066 1.36913991416804 1.69992931582965 1.69682922819629 1.08459758944809 1.89615824865177 1.44189320132136 0.978404998779297 1.54521505045705 1.44367304327898 1.8756798338145 1.06001707538962 1.83113345433958 1.53041085554287 1.70725536393002 1.68352408055216 1.52899251063354 1.27865254273638 1.1000839844346 1.40495503274724 1.0637687407434 1.92516432492994
0.994130379520357 1.21236407430843 1.39299360802397 1.45199030661024 1.74155927426182 1.52248277352192 0 1.07588984095491 1.00437801959924 1.36728341504931 1.33217344898731 1.030489315046 1.91280687577091 0.997866397490725 1.54055487201549 1.74426643573679 1.30822646105662 1.29093648097478 1.01747042220086 1.83302484615706 1.28813770110719 1.25262367399409 1.55781845469028 1.19639434898272 1.14755745837465 1.59661631914787 1.62526237266138 1.70203623268753 1.73549057124183 1.04996574227698
1.37000198289752 1.59537443285808 1.92726679821499 1.8830215614289 1.89556240639649 1.60830469545908 1.07588984095491 0 0.949881168082356 1.68946846807376 1.86021582316607 1.26146301277913 1.46890888316557 1.03428289317526 1.557658146834 1.4514841765631 1.80672906129621 1.82966139027849 1.71681066649035 1.65762705635279 1.43601172510535 1.27502730442211 1.12136970995925 1.91507547092624 1.840981596848 1.17819752683863 1.64538622903638 1.16985928942449 1.18197891814634 1.9377371231094
1.09425442968495 1.33363896259107 1.57639740500599 1.38807432143949 1.59965068544261 1.75087271491066 1.00437801959924 0.949881168082356 0 1.87701678299345 1.58021671045572 1.78152604564093 1.84317719354294 1.44355827616528 1.32564991782419 1.92989277886227 1.01264216378331 1.07807228202 1.65277259377763 1.05273635848425 1.70500257541426 1.80301521997899 1.90817185142078 1.49030120996758 1.10707699158229 1.42601038352586 1.25188891636208 1.04719914146699 1.35291926166974 1.61393430572934
1.00158652174287 1.10835508722812 1.38043912872672 1.48304454633035 1.08366928063333 1.36913991416804 1.36728341504931 1.68946846807376 1.87701678299345 0 1.49882196914405 1.90356284449808 0.9866636719089 1.60862922342494 1.40498210536316 1.78083782130852 1.26590419816785 1.62634531036019 1.90277916449122 1.39742723060772 1.39384668553248 1.91444638581015 1.07644675113261 1.65368643007241 1.91420168639161 1.71601233049296 1.20984143321402 1.06687544868328 1.85727997636423 1.23536795261316
1.30022721621208 1.38977122819051 1.26499622315168 1.55512977577746 1.07535623526201 1.69992931582965 1.33217344898731 1.86021582316607 1.58021671045572 1.49882196914405 0 1.86811516713351 1.52949178521521 1.13877705717459 1.07770963781513 1.76684550964274 1.44908175896853 1.77057792316191 1.28435812564567 1.77759293373674 1.08085151552223 1.59597726934589 1.223985288525 1.88762734900229 1.22536925692111 1.61564726056531 1.38380230544135 1.28277930011973 1.06369415228255 1.54150975565426
0.990798838902265 1.10247204755433 1.4912973116152 1.77151275798678 1.43702813866548 1.69682922819629 1.030489315046 1.26146301277913 1.78152604564093 1.90356284449808 1.86811516713351 0 1.85653936723247 1.64979041647166 1.68324058060534 1.88625790411606 1.42028807778843 1.09195670299232 1.72503817104734 1.02215748652816 1.48302364884876 1.27621936844662 1.60056596249342 1.20547603000887 1.31098165782169 1.05221856967546 1.5490185781382 1.32335310336202 1.772142149508 1.38178060902283
1.78473859280348 1.16182021005079 1.08107767649926 1.93507527676411 1.0808546950575 1.08459758944809 1.91280687577091 1.46890888316557 1.84317719354294 0.9866636719089 1.52949178521521 1.85653936723247 0 1.28220490715466 1.06233691028319 1.05066305934452 1.73097489983775 1.3163193995133 1.1886317692697 1.65104664117098 1.86263462202623 1.42461195378564 1.72196185239591 0.987338154809549 1.33294548769481 1.94120784266852 1.35429876088165 1.39832824072801 1.3768814667128 1.463767609559
1.43409355706535 0.972255612025037 1.64098654477857 1.25593228568323 1.37401890964247 1.89615824865177 0.997866397490725 1.03428289317526 1.44355827616528 1.60862922342494 1.13877705717459 1.64979041647166 1.28220490715466 0 0.953694210620597 1.18214383278973 1.63774324045517 1.93359164521098 1.52049848460592 1.59620241168886 0.984507192624733 1.04674816853367 1.7033072875347 1.88347819983028 1.64104171819054 1.74118312308565 1.00136166322045 1.26528700091876 1.46035548998043 1.52997625083663
1.17918249801733 1.17935835011303 1.04144982784055 1.7780254073441 1.6256344197318 1.44189320132136 1.54055487201549 1.557658146834 1.32564991782419 1.40498210536316 1.07770963781513 1.68324058060534 1.06233691028319 0.953694210620597 0 1.08889177697711 1.3666786015965 1.9130327901803 1.61288858973421 1.88978663878515 1.66525625111535 1.86704839486629 1.29367242660373 1.7003015675582 1.40915147773921 1.29069795273244 1.61505312565714 1.8109535521362 1.6382975098677 1.35106064099818
1.09653472108766 1.08057701867074 1.35132027463987 0.979801607085392 1.2539289901033 0.978404998779297 1.74426643573679 1.4514841765631 1.92989277886227 1.78083782130852 1.76684550964274 1.88625790411606 1.05066305934452 1.18214383278973 1.08889177697711 0 1.76166939875111 1.78330058441497 1.74252000730485 1.70871721371077 0.944345860974863 1.20319589669816 1.61415260448121 1.58251132979058 0.972780063515529 1.11350634065457 1.0135130668059 1.62231610203162 1.4613211043179 1.27094760234468
1.02027058415115 1.67788566998206 1.73154200962745 1.19392613251694 1.07205900643021 1.54521505045705 1.30822646105662 1.80672906129621 1.01264216378331 1.26590419816785 1.44908175896853 1.42028807778843 1.73097489983775 1.63774324045517 1.3666786015965 1.76166939875111 0 1.06034327344969 1.27159037138335 1.30112494691275 1.15337947593071 1.36893600551412 1.08411178248934 1.13849798962474 1.37101840064861 1.90978310909122 1.76506105810404 1.57424497697502 1.69984377897345 1.1622857619077
1.66865467000753 1.09314623428509 1.05534328869544 1.53803031565621 1.36275328928605 1.44367304327898 1.29093648097478 1.82966139027849 1.07807228202 1.62634531036019 1.77057792316191 1.09195670299232 1.3163193995133 1.93359164521098 1.9130327901803 1.78330058441497 1.06034327344969 0 1.6755004208535 1.14731885888614 1.75123139540665 1.89158674515784 1.64289546641521 1.3163327802904 1.23819967685267 1.58253323053941 1.0202738053631 1.57406586222351 1.73707845527679 1.50672274339013
1.69274949468672 1.68728236760944 1.88540417701006 1.14327048673294 1.29794109123759 1.8756798338145 1.01747042220086 1.71681066649035 1.65277259377763 1.90277916449122 1.28435812564567 1.72503817104734 1.1886317692697 1.52049848460592 1.61288858973421 1.74252000730485 1.27159037138335 1.6755004208535 0 0.973483061650768 1.2449435130693 0.978339541004971 1.81834860821255 1.4904605706688 1.93757022335194 1.08728420012631 1.20823063561693 1.5287517842371 0.972574131796136 1.71132798981853
1.41050940612331 1.52957108081318 1.04159845528193 1.25893319724128 1.8963956378866 1.06001707538962 1.83302484615706 1.65762705635279 1.05273635848425 1.39742723060772 1.77759293373674 1.02215748652816 1.65104664117098 1.59620241168886 1.88978663878515 1.70871721371077 1.30112494691275 1.14731885888614 0.973483061650768 0 1.68578877067193 1.38525121263228 1.78864893270656 1.38041498907842 1.94175847363658 1.62953518424183 1.30805148300715 1.76917739771307 1.67169426451437 1.23033891920932
1.35534468712285 1.12611532071605 1.3284351255279 1.92414746806026 1.42038684757426 1.83113345433958 1.28813770110719 1.43601172510535 1.70500257541426 1.39384668553248 1.08085151552223 1.48302364884876 1.86263462202623 0.984507192624733 1.66525625111535 0.944345860974863 1.15337947593071 1.75123139540665 1.2449435130693 1.68578877067193 0 1.76601260504685 1.5318527542986 1.77633083844557 1.37365806475282 1.07121587218717 1.23370208032429 1.29605852835812 1.02590329363011 1.41391218570061
1.00517872162163 1.45001516491175 0.973422754555941 1.45485770981759 1.91734343813732 1.53041085554287 1.25262367399409 1.27502730442211 1.80301521997899 1.91444638581015 1.59597726934589 1.27621936844662 1.42461195378564 1.04674816853367 1.86704839486629 1.20319589669816 1.36893600551412 1.89158674515784 0.978339541004971 1.38525121263228 1.76601260504685 0 0.978329812409356 1.05166177428328 1.86003542039543 1.1221160099376 1.84389426908456 1.87747041741386 1.90446663438343 0.952391790226102
1.26905416604131 1.36129039013758 1.27775346580893 1.52571858186275 1.88749286532402 1.70725536393002 1.55781845469028 1.12136970995925 1.90817185142078 1.07644675113261 1.223985288525 1.60056596249342 1.72196185239591 1.7033072875347 1.29367242660373 1.61415260448121 1.08411178248934 1.64289546641521 1.81834860821255 1.78864893270656 1.5318527542986 0.978329812409356 0 1.81098010507412 1.18736213468947 1.86877728905529 1.27786127408035 1.46613594260998 1.11756204208359 1.84075272944756
1.13210848346353 1.92890602978878 1.72776095243171 1.55863106320612 0.997861042851582 1.68352408055216 1.19639434898272 1.91507547092624 1.49030120996758 1.65368643007241 1.88762734900229 1.20547603000887 0.987338154809549 1.88347819983028 1.7003015675582 1.58251132979058 1.13849798962474 1.3163327802904 1.4904605706688 1.38041498907842 1.77633083844557 1.05166177428328 1.81098010507412 0 0.951182504650205 1.77989301364869 1.15929339337163 1.1463296674192 1.43015697062947 1.38803100492805
0.996854405850172 1.37607084517367 1.26806065323763 1.88643010193482 1.88964522862807 1.52899251063354 1.14755745837465 1.840981596848 1.10707699158229 1.91420168639161 1.22536925692111 1.31098165782169 1.33294548769481 1.64104171819054 1.40915147773921 0.972780063515529 1.37101840064861 1.23819967685267 1.93757022335194 1.94175847363658 1.37365806475282 1.86003542039543 1.18736213468947 0.951182504650205 0 1.36244625551626 1.25150163215585 1.0153679298237 1.59466521744616 1.90209170267917
1.82078137621284 1.85341664892621 1.55443915678188 1.22823966457509 1.2688302968163 1.27865254273638 1.59661631914787 1.17819752683863 1.42601038352586 1.71601233049296 1.61564726056531 1.05221856967546 1.94120784266852 1.74118312308565 1.29069795273244 1.11350634065457 1.90978310909122 1.58253323053941 1.08728420012631 1.62953518424183 1.07121587218717 1.1221160099376 1.86877728905529 1.77989301364869 1.36244625551626 0 1.6482136764098 1.10178759181872 1.66074582957663 1.32887628860772
1.56356780859642 1.42055388516746 1.3906029725913 0.953395896358415 1.21390094142407 1.1000839844346 1.62526237266138 1.64538622903638 1.25188891636208 1.20984143321402 1.38380230544135 1.5490185781382 1.35429876088165 1.00136166322045 1.61505312565714 1.0135130668059 1.76506105810404 1.0202738053631 1.20823063561693 1.30805148300715 1.23370208032429 1.84389426908456 1.27786127408035 1.15929339337163 1.25150163215585 1.6482136764098 0 1.63607980567031 1.61691257636994 1.1682152771391
1.79127497994341 1.67043366725557 1.90351852960885 0.957891954574734 1.19926634128205 1.40495503274724 1.70203623268753 1.16985928942449 1.04719914146699 1.06687544868328 1.28277930011973 1.32335310336202 1.39832824072801 1.26528700091876 1.8109535521362 1.62231610203162 1.57424497697502 1.57406586222351 1.5287517842371 1.76917739771307 1.29605852835812 1.87747041741386 1.46613594260998 1.1463296674192 1.0153679298237 1.10178759181872 1.63607980567031 0 1.23701008781791 1.74370362563059
1.56810922385193 1.53259014827199 1.82693042070605 1.83961867215112 1.57583012850955 1.0637687407434 1.73549057124183 1.18197891814634 1.35291926166974 1.85727997636423 1.06369415228255 1.772142149508 1.3768814667128 1.46035548998043 1.6382975098677 1.4613211043179 1.69984377897345 1.73707845527679 0.972574131796136 1.67169426451437 1.02590329363011 1.90446663438343 1.11756204208359 1.43015697062947 1.59466521744616 1.66074582957663 1.61691257636994 1.23701008781791 0 1.32130846800283
1.73402963695116 0.960683871759102 1.57546805031598 1.23126906831749 1.60593216866255 1.92516432492994 1.04996574227698 1.9377371231094 1.61393430572934 1.23536795261316 1.54150975565426 1.38178060902283 1.463767609559 1.52997625083663 1.35106064099818 1.27094760234468 1.1622857619077 1.50672274339013 1.71132798981853 1.23033891920932 1.41391218570061 0.952391790226102 1.84075272944756 1.38803100492805 1.90209170267917 1.32887628860772 1.1682152771391 1.74370362563059 1.32130846800283 0
