0 1.14588411827572 1.19556855037808 1.54665788752027 1.77766560041346 1.54694997076876 1.90884003718384 1.19069652236067 1.13013884122483 1.80869547417387 1.89194671041332 1.09806473786011 1.41686493507586 1.81836583651602 1.5302029135637 1.22533179633319 1.00502323033288 1.57384489220567 1.61223572446033 1.27563605643809 1.29176904284395 1.39498280221596 1.306083654752 1.19087015651166 1.29204563633539 1.08716704580002 1.61528921499848 1.95388082275167 1.26945650298148 1.66579518117942
1.14588411827572 0 1.54411691986024 1.16593075171113 1.05550280562602 1.6093222850468 1.61071317526512 1.21378269023262 1.21920772292651 1.17364310845733 1.12471583532169 1.23741948371753 1.2363901422359 1.54074459895492 1.82499701017514 1.17431828542612 1.56913890852593 1.35879257484339 1.25280211982317 1.11373781808652 1.00010677054524 1.48854258586653 1.39532267372124 1.88873341772705 1.90826294338331 1.07553516887128 1.62291354849003 1.34566558501683 1.38049710541964 1.3773412341252
1.19556855037808 1.54411691986024 0 1.77945913467556 1.51306640449911 1.87609623116441 1.34239284880459 1.0784190769773 1.53431754512712 1.78258054493926 1.69064901419915 1.5448814521078 0.983091216301546 1.4359588844236 1.8135896709282 1.88051947182976 1.91518677119166 1.4862580744084 1.41182533022948 1.95196994766593 1.77630302170292 1.20318322139792 1.80770639376715 1.23407555930316 1.26683057961054 1.86931138997898 1.02139210421592 1.38740089046769 1.07854308839887 1.79672408103943
1.54665788752027 1.16593075171113 1.77945913467556 0 1.10477387066931 1.35831987066194 1.37083044135943 1.55884905997664 1.84222890553065 1.44468833110295 1.86950507923029 1.35430738888681 1.88446882506832 1.95119960815646 1.37460394087248 1.11583369853906 1.75999432662502 1.95109635475092 1.41844735736959 1.52151888166554 1.04538877750747 1.55793882254511 1.18808567873202 1.83568602637388 1.68692350224592 1.41770266112871 1.17170143406838 1.20449614943936 1.47217190684751 1.74604698480107
1.77766560041346 1.05550280562602 1.51306640449911 1.10477387066931 0 1.5020503050182 1.23960366891697 1.24065083172172 1.32305588549934 1.20812686323188 1.94949016557075 1.01452514529228 1.34124801191501 1.8985258792527 1.71006727870554 1.64708585338667 1.2621121769771 1.89532789238729 1.73666382394731 0.959222776815295 1.09698569611646 1.68684378638864 1.94663335126825 1.72914690873586 1.35932112392038 1.48817861801945 1.61455365875736 1.22679410153069 1.09089106274769 1.6442138068378
1.54694997076876 1.6093222850468 1.87609623116441 1.35831987066194 1.5020503050182 0 1.42553145322017 1.84348134277388 1.94572470267303 1.660088642966 1.94763081311248 1.87698051845655 1.88168985024095 1.11299207550474 1.13036844274029 1.57231818744913 1.18162590707652 1.06836144346744 1.02488530986011 1.11153653706424 1.7455735176336 1.76703488943167 1.62412330531515 1.65209058881737 1.54632521397434 1.51222890638746 1.45927439653315 1.77263641520403 1.37683341046795 1.11584092653356
1.90884003718384 1.61071317526512 1.34239284880459 1.37083044135943 1.23960366891697 1.42553145322017 0 1.83748130686581 1.65253986720927 1.85177012020722 1.37064986256883 1.94629454426467 1.85662494180724 1.43059103447013 1.33905414002948 1.4423729206901 1.02123290742747 1.37631704146042 1.87039879243821 1.20496108708903 1.82901173294522 1.79577478207648 1.78021309245378 1.02568726916797 1.05039153061807 1.72036391706206 1.93376085814089 1.57490161317401 1.49153367010877 1.20617749425583
1.19069652236067 1.21378269023262 1.0784190769773 1.55884905997664 1.24065083172172 1.84348134277388 1.83748130686581 0 1.0062958218623 1.69865828263573 1.01522013312206 1.1843693878036 1.03185577131808 1.34088524850085 1.59449208318256 1.91735154669732 1.53377769468352 1.31041429331526 1.69585378514603 1.19975288771093 1.64778988179751 1.85909070214257 1.68149604205973 1.09139391011558 1.3937749278266 1.81742362934165 1.88455553702079 1.24304813332856 1.48495530686341 1.16407779115252
1.13013884122483 1.21920772292651 1.53431754512712 1.84222890553065 1.32305588549934 1.94572470267303 1.65253986720927 1.0062958218623 0 1.91440951731056 1.90314670349471 1.61926687834784 1.13318288675509 1.3913600994274 1.32101706974208 1.74751357571222 1.55953576415777 1.00577255222015 1.33124932507053 1.02917225030251 1.09516844316386 1.27297504502349 1.20983715169132 1.11795234750025 1.02938016410917 1.74634028645232 1.91684862854891 1.16355697088875 1.15214674081653 1.67474208888598
1.80869547417387 1.17364310845733 1.78258054493926 1.44468833110295 1.20812686323188 1.660088642966 1.85177012020722 1.69865828263573 1.91440951731056 0 1.58119873213582 1.16017427435145 0.978870347607881 1.37082959525287 1.21836700243875 1.11786772124469 0.982535578776151 1.40004158951342 1.09900033380836 1.95030774199404 1.53971647075377 1.17333172424696 1.8865136760287 1.83138654381037 1.05172341759317 1.69123660237528 1.34841887303628 1.25353902368806 1.94274350069463 1.61733670998365
1.89194671041332 1.12471583532169 1.69064901419915 1.86950507923029 1.94949016557075 1.94763081311248 1.37064986256883 1.01522013312206 1.90314670349471 1.58119873213582 0 1.49453789577819 1.08988188835792 1.72503445437178 1.44588394998573 1.49338172539137 1.6113756543491 1.19409341691062 1.2826038019266 1.68667326099239 1.84671629220247 1.06729650334455 1.21044688415714 1.79768187506124 1.13074105326086 0.993785124272108 1.40471513709053 1.69303379114717 1.94469414488412 1.24273500381969
1.09806473786011 1.23741948371753 1.5448814521078 1.35430738888681 1.01452514529228 1.87698051845655 1.94629454426467 1.1843693878036 1.61926687834784 1.16017427435145 1.49453789577819 0 1.38374528731219 1.83581074746326 1.27227310207672 1.66845314274542 1.91556176985614 1.5541834088508 1.13650679308921 1.63708537886851 1.82650016527623 1.05937125720084 1.9315360202454 0.974582316586748 1.41359089524485 1.28838240006007 1.43068817444146 1.63007776043378 1.61895145359449 1.81567854410969
1.41686493507586 1.2363901422359 0.983091216301546 1.88446882506832 1.34124801191501 1.88168985024095 1.85662494180724 1.03185577131808 1.13318288675509 0.978870347607881 1.08988188835792 1.38374528731219 0 1.77884105662815 1.00618458003737 1.08891353220679 1.02220293669961 1.14782226271927 1.7990670343861 1.11123195057735 1.11561391223222 1.26257787062787 1.58420711988583 1.50208071433008 1.31282691285014 1.79477707063779 1.53238785103895 1.24135103123263 0.976226570084691 1.47739562974311
1.81836583651602 1.54074459895492 1.4359588844236 1.95119960815646 1.8985258792527 1.11299207550474 1.43059103447013 1.34088524850085 1.3913600994274 1.37082959525287 1.72503445437178 1.83581074746326 1.77884105662815 0 1.89512222888879 1.41740788682364 1.01628506346606 1.25361989345402 1.4970527801197 1.88001862168312 1.16212143702433 1.17607839917764 1.16100019495934 1.38380026863888 1.45495461719111 1.30051949433982 1.25995803321712 1.66456775320694 1.72458321996965 1.05556781892665
1.5302029135637 1.82499701017514 1.8135896709282 1.37460394087248 1.71006727870554 1.13036844274029 1.33905414002948 1.59449208318256 1.32101706974208 1.21836700243875 1.44588394998573 1.27227310207672 1.00618458003737 1.89512222888879 0 0.967726225731894 1.26318572298624 1.57935876306146 1.84732379182242 1.60715348902158 1.39927550964057 1.20415766420774 1.80138121941127 1.90458025829867 1.33037305157632 0.980664406903088 0.997359883505851 1.60982905444689 1.54645214392804 1.59523006388918
1.22533179633319 1.17431828542612 1.88051947182976 1.11583369853906 1.64708585338667 1.57231818744913 1.4423729206901 1.91735154669732 1.74751357571222 1.11786772124469 1.49338172539137 1.66845314274542 1.08891353220679 1.41740788682364 0.967726225731894 0 1.52316947537474 1.55244293785654 1.57635286683217 1.58822743734345 1.38562401104718 1.13697274494916 1.68751565041021 1.38078233995475 1.48536189901643 1.20260190381669 1.54200566979125 1.13518031616695 1.14123445516452 1.93894943175837
1.00502323033288 1.56913890852593 1.91518677119166 1.75999432662502 1.2621121769771 1.18162590707652 1.02123290742747 1.53377769468352 1.55953576415777 0.982535578776151 1.6113756543491 1.91556176985614 1.02220293669961 1.01628506346606 1.26318572298624 1.52316947537474 0 1.55107079865411 1.77323925099336 0.967772163217887 1.11538936477154 0.976395376259461 1.46876168251038 1.41074253083207 1.22573682642542 1.87148724845611 1.46540546417236 1.47599006351084 1.64373392099515 1.36534379213117
1.57384489220567 1.35879257484339 1.4862580744084 1.95109635475092 1.89532789238729 1.06836144346744 1.37631704146042 1.31041429331526 1.00577255222015 1.40004158951342 1.19409341691062 1.5541834088508 1.14782226271927 1.25361989345402 1.57935876306146 1.55244293785654 1.55107079865411 0 1.00891343527474 1.95533122005872 1.67197322379798 1.63652810687199 1.55033760238439 1.04253032035194 1.46913709142245 1.40876596630551 1.61318841064349 1.67313561029732 1.84186578262597 1.47910880460404
1.61223572446033 1.25280211982317 1.41182533022948 1.41844735736959 1.73666382394731 1.02488530986011 1.87039879243821 1.69585378514603 1.33124932507053 1.09900033380836 1.2826038019266 1.13650679308921 1.7990670343861 1.4970527801197 1.84732379182242 1.57635286683217 1.77323925099336 1.00891343527474 0 1.67868773220107 1.63110237824731 1.72164663788863 1.03190672118217 1.62687582965009 1.53626128192991 1.17064263648354 1.55296892719343 1.38048527785577 1.83905839477666 1.83970412332565
1.27563605643809 1.11373781808652 1.95196994766593 1.52151888166554 0.959222776815295 1.11153653706424 1.20496108708903 1.19975288771093 1.02917225030251 1.95030774199404 1.68667326099239 1.63708537886851 1.11123195057735 1.88001862168312 1.60715348902158 1.58822743734345 0.967772163217887 1.95533122005872 1.67868773220107 0 1.90748801478185 1.3640569455456 1.32862790627405 1.81419821293093 1.33154228818603 1.06829974427819 1.58063910994679 1.7150946597103 1.81263009435497 1.10551997483708
1.29176904284395 1.00010677054524 1.77630302170292 1.04538877750747 1.09698569611646 1.7455735176336 1.82901173294522 1.64778988179751 1.09516844316386 1.53971647075377 1.84671629220247 1.82650016527623 1.11561391223222 1.16212143702433 1.39927550964057 1.38562401104718 1.11538936477154 1.67197322379798 1.63110237824731 1.90748801478185 0 1.12289150361903 1.50621743616648 1.29228189308196 1.3313802704215 1.1941665566992 1.10805385862477 1.30521606002003 1.05229805735871 1.05267623648979
1.39498280221596 1.48854258586653 1.20318322139792 1.55793882254511 1.68684378638864 1.76703488943167 1.79577478207648 1.85909070214257 1.27297504502349 1.17333172424696 1.06729650334455 1.05937125720084 1.26257787062787 1.17607839917764 1.20415766420774 1.13697274494916 0.976395376259461 1.63652810687199 1.72164663788863 1.3640569455456 1.12289150361903 0 1.4002324428875 1.04628565511666 1.04245422966778 1.26449451362714 1.47154279099777 1.27477520727552 1.81974542490207 1.49662416498177
1.306083654752 1.39532267372124 1.80770639376715 1.18808567873202 1.94663335126825 1.62412330531515 1.78021309245378 1.68149604205973 1.20983715169132 1.8865136760287 1.21044688415714 1.9315360202454 1.58420711988583 1.16100019495934 1.80138121941127 1.68751565041021 1.46876168251038 1.55033760238439 1.03190672118217 1.32862790627405 1.50621743616648 1.4002324428875 0 1.17670622654259 1.52120281406678 1.35452607716434 1.31799926888198 1.76560322381556 1.60580674745142 1.07488002395257
1.19087015651166 1.88873341772705 1.23407555930316 1.83568602637388 1.72914690873586 1.65209058881737 1.02568726916797 1.09139391011558 1.11795234750025 1.83138654381037 1.79768187506124 0.974582316586748 1.50208071433008 1.38380026863888 1.90458025829867 1.38078233995475 1.41074253083207 1.04253032035194 1.62687582965009 1.81419821293093 1.29228189308196 1.04628565511666 1.17670622654259 0 1.67403142573312 1.5013000278268 1.65063159679994 1.58964086067863 1.48955156956799 1.81032130820677
1.29204563633539 1.90826294338331 1.26683057961054 1.68692350224592 1.35932112392038 1.54632521397434 1.05039153061807 1.3937749278266 1.02938016410917 1.05172341759317 1.13074105326086 1.41359089524485 1.31282691285014 1.45495461719111 1.33037305157632 1.48536189901643 1.22573682642542 1.46913709142245 1.53626128192991 1.33154228818603 1.3313802704215 1.04245422966778 1.52120281406678 1.67403142573312 0 1.12969762692228 1.67463588737883 1.73204988869838 1.28940322389826 1.67926505161449
1.08716704580002 1.07553516887128 1.86931138997898 1.41770266112871 1.48817861801945 1.51222890638746 1.72036391706206 1.81742362934165 1.74634028645232 1.69123660237528 0.993785124272108 1.28838240006007 1.79477707063779 1.30051949433982 0.980664406903088 1.20260190381669 1.87148724845611 1.40876596630551 1.17064263648354 1.06829974427819 1.1941665566992 1.26449451362714 1.35452607716434 1.5013000278268 1.12969762692228 0 1.74998268042691 1.13320281915367 0.970635946141556 1.1649437812157
1.61528921499848 1.62291354849003 1.02139210421592 1.17170143406838 1.61455365875736 1.45927439653315 1.93376085814089 1.88455553702079 1.91684862854891 1.34841887303628 1.40471513709053 1.43068817444146 1.53238785103895 1.25995803321712 0.997359883505851 1.54200566979125 1.46540546417236 1.61318841064349 1.55296892719343 1.58063910994679 1.10805385862477 1.47154279099777 1.31799926888198 1.65063159679994 1.67463588737883 1.74998268042691 0 1.11486756009981 1.00921644992195 1.16679034521803
1.95388082275167 1.34566558501683 1.38740089046769 1.20449614943936 1.22679410153069 1.77263641520403 1.57490161317401 1.24304813332856 1.16355697088875 1.25353902368806 1.69303379114717 1.63007776043378 1.24135103123263 1.66456775320694 1.60982905444689 1.13518031616695 1.47599006351084 1.67313561029732 1.38048527785577 1.7150946597103 1.30521606002003 1.27477520727552 1.76560322381556 1.58964086067863 1.73204988869838 1.13320281915367 1.11486756009981 0 1.59564293571748 1.81251352326944
1.26945650298148 1.38049710541964 1.07854308839887 1.47217190684751 1.09089106274769 1.37683341046795 1.49153367010877 1.48495530686341 1.15214674081653 1.94274350069463 1.94469414488412 1.61895145359449 0.976226570084691 1.72458321996965 1.54645214392804 1.14123445516452 1.64373392099515 1.84186578262597 1.83905839477666 1.81263009435497 1.05229805735871 1.81974542490207 1.60580674745142 1.48955156956799 1.28940322389826 0.970635946141556 1.00921644992195 1.59564293571748 0 1.59692432312295
1.66579518117942 1.3773412341252 1.79672408103943 1.74604698480107 1.6442138068378 1.11584092653356 1.20617749425583 1.16407779115252 1.67474208888598 1.61733670998365 1.24273500381969 1.81567854410969 1.47739562974311 1.05556781892665 1.59523006388918 1.93894943175837 1.36534379213117 1.47910880460404 1.83970412332565 1.10551997483708 1.05267623648979 1.49662416498177 1.07488002395257 1.81032130820677 1.67926505161449 1.1649437812157 1.16679034521803 1.81251352326944 1.59692432312295 0
