0 1.37922870740294 1.58082444104366 1.82975622010417 1.72241121320985 1.64216541522183 1.24984093336388 0.951956102158874 1.59008445264772 1.78228456573561 1.87453808099963 1.54541050526313 1.82585350633599 1.70451131695881 1.35711960541084 1.34303168323822 1.89427334419452 1.23653385555372 1.6547216582112 1.30985090089962 1.61437721154653 1.49705744441599 1.180944141699 1.91536938305944 1.90918102720752 1.49431499582715 1.31251560151577 1.13057482941076 1.67688541999087 1.51507663819939
1.37922870740294 0 1.56932530947961 1.69050905783661 1.80665353382938 1.23546569235623 1.22847012546845 1.55676046852022 1.27487590280361 1.79394727875479 1.66857393621467 1.22767493431456 1.80851173726842 1.03959102742374 1.4616813310422 0.948977930471301 1.55211763712578 1.81481707980856 1.72094020922668 1.76135638402775 1.66839602636173 1.89664153032936 1.10205804882571 1.73156116739847 1.6970239339862 0.955006433883682 1.00406133709475 1.92753057926893 1.4184287278913 1.40496561839245
1.58082444104366 1.56932530947961 0 1.2224187492393 1.88169391383417 1.29069296340458 1.74518183618784 1.36892597400583 1.34586788131855 1.6765525075607 1.38326052948833 1.92207138519734 1.05467639281414 1.71871504420415 1.8238550554961 1.03212067647837 1.91427992028184 1.50616311351769 0.986480119172484 1.16835076455027 1.66813110397197 1.35879787732847 1.13751900359057 1.05670227529481 1.088170026429 1.2008666836191 0.942285201279446 1.59060583612882 1.29361881082878 1.71233927016146
1.82975622010417 1.69050905783661 1.2224187492393 0 1.30658328463323 1.63015430583619 1.09995087515563 1.56845694733784 1.21267267595977 1.82455133297481 1.29994883923791 1.36636099405587 1.04655546485446 1.02224635402672 1.0966527548153 1.83454088424332 1.30430527334101 1.12233293801546 1.50866340217181 1.53747561573982 1.60658795759082 1.89729749504477 1.1315202517435 1.83698296477087 1.18333996250294 0.937831192277372 1.44583803531714 1.42433365806937 1.14782790071331 1.03356436709873
1.72241121320985 1.80665353382938 1.88169391383417 1.30658328463323 0 1.37184893130325 1.60485288780183 1.48140305210836 1.14926841156557 1.01489113341086 1.051172810141 1.64845330221578 0.948885364225134 1.01925800112076 1.0696687111631 1.40892996150069 1.22895681718364 1.48738354095258 1.64635777892545 1.72952940990217 1.72821360919625 0.958217623177916 1.64215899677947 1.17106615006924 1.81811659527011 1.79377661878243 1.5882173969876 1.15957580087706 1.84139867499471 1.25829942594282
1.64216541522183 1.23546569235623 1.29069296340458 1.63015430583619 1.37184893130325 0 1.26546544488519 1.63406872563064 1.67071938165464 1.48615841846913 1.12415599566884 1.8392839548178 1.49446372571401 0.937072727130726 1.3040377383586 1.0754918102175 1.51384535199031 1.71654774062335 1.04967420594767 1.34307694458403 1.91776731959544 1.21762785222381 1.56421925104223 1.24167897272855 1.34686628938653 1.5151773141697 1.89920804672875 1.14322910783812 1.5993261418771 1.08893284061924
1.24984093336388 1.22847012546845 1.74518183618784 1.09995087515563 1.60485288780183 1.26546544488519 0 1.43661742284894 1.41562311677262 1.71103512565605 1.12370826443657 1.61532671120949 1.86983374552801 1.79654678306542 1.72145982040092 1.78780677588657 1.53981690574437 1.63285677949898 1.70066173630767 1.60923003964126 1.6623841249384 1.69858240755275 1.37881118385121 1.0572788445279 1.41994048003107 1.7718018386513 1.17687438544817 1.89005895750597 1.54045041464269 1.04400575044565
0.951956102158874 1.55676046852022 1.36892597400583 1.56845694733784 1.48140305210836 1.63406872563064 1.43661742284894 0 1.2089407267049 1.34913553972729 1.62237856979482 1.79313401109539 0.975847080349922 1.56447334703989 1.70399087970145 1.87657380173914 1.66935873450711 1.35783340968192 1.74906379193999 1.0481730485335 1.57343529281206 1.05270586395636 1.71599689661525 1.03368752100505 1.27489468106069 0.986394543899223 1.82766594085842 1.22829200304113 1.02494520158507 0.963084419257939
1.59008445264772 1.27487590280361 1.34586788131855 1.21267267595977 1.14926841156557 1.67071938165464 1.41562311677262 1.2089407267049 0 0.995621451409534 1.59222751948982 1.70511162956245 1.18594992300496 1.35106805549003 1.86946917744353 1.06093482975848 1.45701408828609 1.46610310929827 1.12525963550434 0.980957913678139 1.85461129085161 1.72259658761322 1.56861583259888 1.32113729580306 1.82353723794222 1.79969729622826 1.22943255025893 1.45784069574438 1.34498629136942 1.04755885596387
1.78228456573561 1.79394727875479 1.6765525075607 1.82455133297481 1.01489113341086 1.48615841846913 1.71103512565605 1.34913553972729 0.995621451409534 0 1.45393043686636 1.71393244923092 1.09827738348395 1.48798316786997 1.14515010872856 1.53547843638808 1.32949683372863 1.23721994226798 1.23008969263174 1.03450360824354 1.07350739231333 1.08285786677152 1.78510556626134 1.20828789006919 1.11564489803277 1.19970083259977 1.31402458553202 1.68304116348736 1.91200250061229 1.15624878439121
1.87453808099963 1.66857393621467 1.38326052948833 1.29994883923791 1.051172810141 1.12415599566884 1.12370826443657 1.62237856979482 1.59222751948982 1.45393043686636 0 1.76098200539127 1.47836198587902 1.23946405528113 1.89021679013968 1.56353670847602 1.68448600755073 1.13451854744926 1.1659553356003 1.29798972979188 1.08852773858234 1.68263197573833 1.92575608985499 1.01619451423176 1.53276380244642 1.72595261409879 1.82736445590854 1.32405827660114 1.92519921972416 1.24862135644071
1.54541050526313 1.22767493431456 1.92207138519734 1.36636099405587 1.64845330221578 1.8392839548178 1.61532671120949 1.79313401109539 1.70511162956245 1.71393244923092 1.76098200539127 0 1.3542370419018 1.2636461162474 1.26385223027319 1.72312302538194 1.31805028999224 1.91909705661237 0.935591266024858 1.91010814742185 1.36825254722498 1.47108864784241 1.40361432731152 1.52023647259921 1.71078590955585 1.82792875892483 1.91989578772336 1.31784212775528 1.66083220741712 1.88054866483435
1.82585350633599 1.80851173726842 1.05467639281414 1.04655546485446 0.948885364225134 1.49446372571401 1.86983374552801 0.975847080349922 1.18594992300496 1.09827738348395 1.47836198587902 1.3542370419018 0 1.85474175191484 1.62568456958979 1.00639550574124 1.30199104570784 1.3757240998093 1.70930700632744 1.23784346086904 1.29498346755281 1.67084495048039 1.50242919917218 1.78377116587944 1.50299864308909 1.32929411972873 1.26538130198605 1.49865797883831 1.15502535039559 0.951854598941281
1.70451131695881 1.03959102742374 1.71871504420415 1.02224635402672 1.01925800112076 0.937072727130726 1.79654678306542 1.56447334703989 1.35106805549003 1.48798316786997 1.23946405528113 1.2636461162474 1.85474175191484 0 1.78729396872222 1.72275725984946 1.92101494478993 1.06831827224232 1.03525543864816 1.23396402061917 1.4148195462767 1.08901438093744 1.46042023203336 1.15600839699619 1.57218547654338 1.17819211166352 1.07903446024284 1.59961950220168 1.6776858989615 1.73537131818011
1.35711960541084 1.4616813310422 1.8238550554961 1.0966527548153 1.0696687111631 1.3040377383586 1.72145982040092 1.70399087970145 1.86946917744353 1.14515010872856 1.89021679013968 1.26385223027319 1.62568456958979 1.78729396872222 0 0.949309383518994 1.28025391255505 1.21534737828188 1.81941499840468 0.961683631874621 1.37735677580349 1.59661288838834 1.01124383811839 0.982751269591972 1.08112336439081 1.85201731766574 1.55069059738889 1.88694369234145 1.6190215612296 1.5913419330027
1.34303168323822 0.948977930471301 1.03212067647837 1.83454088424332 1.40892996150069 1.0754918102175 1.78780677588657 1.87657380173914 1.06093482975848 1.53547843638808 1.56353670847602 1.72312302538194 1.00639550574124 1.72275725984946 0.949309383518994 0 1.276530520292 1.57985901972279 1.18923333357088 1.17298164940439 1.7441548621282 1.03286318411119 1.47045784234069 1.47818716219626 1.04126559803262 1.7631748332642 1.85677404492162 1.35227591427974 1.04706948855892 1.83035683748312
1.89427334419452 1.55211763712578 1.91427992028184 1.30430527334101 1.22895681718364 1.51384535199031 1.53981690574437 1.66935873450711 1.45701408828609 1.32949683372863 1.68448600755073 1.31805028999224 1.30199104570784 1.92101494478993 1.28025391255505 1.276530520292 0 1.75239090924151 1.88667246187106 1.00282977125607 1.7757817292586 0.988789164461195 0.957151759648696 1.80271459836513 1.73107449407689 1.21393691771664 1.7178983411286 1.36522293440066 1.34011281095445 1.60203493130393
1.23653385555372 1.81481707980856 1.50616311351769 1.12233293801546 1.48738354095258 1.71654774062335 1.63285677949898 1.35783340968192 1.46610310929827 1.23721994226798 1.13451854744926 1.91909705661237 1.3757240998093 1.06831827224232 1.21534737828188 1.57985901972279 1.75239090924151 0 1.84698781115003 1.22333084209822 1.68750078999437 1.89921137387864 1.49743211339228 1.54453218285926 1.63129751989618 1.3453856096603 1.68997129122727 1.82754181115888 1.85516610206105 1.76184775005095
1.6547216582112 1.72094020922668 0.986480119172484 1.50866340217181 1.64635777892545 1.04967420594767 1.70066173630767 1.74906379193999 1.12525963550434 1.23008969263174 1.1659553356003 0.935591266024858 1.70930700632744 1.03525543864816 1.81941499840468 1.18923333357088 1.88667246187106 1.84698781115003 0 1.17147829569876 1.70173732563853 1.07420360809192 1.47175140306354 1.21936144540086 1.54003124660812 0.986096668289974 1.11677981656976 1.5032105371356 1.37401207652874 0.945696688257158
1.30985090089962 1.76135638402775 1.16835076455027 1.53747561573982 1.72952940990217 1.34307694458403 1.60923003964126 1.0481730485335 0.980957913678139 1.03450360824354 1.29798972979188 1.91010814742185 1.23784346086904 1.23396402061917 0.961683631874621 1.17298164940439 1.00282977125607 1.22333084209822 1.17147829569876 0 1.21652958984487 1.52720031351782 1.48873448348604 1.55031847395003 1.36120782629587 1.4631923828274 1.02109196037054 0.930151815293357 1.90613536559977 1.70354265789501
1.61437721154653 1.66839602636173 1.66813110397197 1.60658795759082 1.72821360919625 1.91776731959544 1.6623841249384 1.57343529281206 1.85461129085161 1.07350739231333 1.08852773858234 1.36825254722498 1.29498346755281 1.4148195462767 1.37735677580349 1.7441548621282 1.7757817292586 1.68750078999437 1.70173732563853 1.21652958984487 0 1.58878794219345 1.24875809531659 1.90307063027285 1.47047451627441 1.29563399031758 1.08003343688324 1.23798859282397 1.28136692522094 1.34484430076554
1.49705744441599 1.89664153032936 1.35879787732847 1.89729749504477 0.958217623177916 1.21762785222381 1.69858240755275 1.05270586395636 1.72259658761322 1.08285786677152 1.68263197573833 1.47108864784241 1.67084495048039 1.08901438093744 1.59661288838834 1.03286318411119 0.988789164461195 1.89921137387864 1.07420360809192 1.52720031351782 1.58878794219345 0 1.76008384814486 1.00264153070748 1.15384354372509 1.5296230642125 1.31400888366625 1.4848826690577 1.4974630556535 1.31848014332354
1.180944141699 1.10205804882571 1.13751900359057 1.1315202517435 1.64215899677947 1.56421925104223 1.37881118385121 1.71599689661525 1.56861583259888 1.78510556626134 1.92575608985499 1.40361432731152 1.50242919917218 1.46042023203336 1.01124383811839 1.47045784234069 0.957151759648696 1.49743211339228 1.47175140306354 1.48873448348604 1.24875809531659 1.76008384814486 0 1.56110484316014 1.42898516077548 0.968628816539422 1.12236094707623 1.18190959421918 1.30887387506664 1.33106395043433
1.91536938305944 1.73156116739847 1.05670227529481 1.83698296477087 1.17106615006924 1.24167897272855 1.0572788445279 1.03368752100505 1.32113729580306 1.20828789006919 1.01619451423176 1.52023647259921 1.78377116587944 1.15600839699619 0.982751269591972 1.47818716219626 1.80271459836513 1.54453218285926 1.21936144540086 1.55031847395003 1.90307063027285 1.00264153070748 1.56110484316014 0 1.28839101502672 1.61444124206901 1.46929350402206 1.08852169290185 1.43199272546917 1.15341557282954
1.90918102720752 1.6970239339862 1.088170026429 1.18333996250294 1.81811659527011 1.34686628938653 1.41994048003107 1.27489468106069 1.82353723794222 1.11564489803277 1.53276380244642 1.71078590955585 1.50299864308909 1.57218547654338 1.08112336439081 1.04126559803262 1.73107449407689 1.63129751989618 1.54003124660812 1.36120782629587 1.47047451627441 1.15384354372509 1.42898516077548 1.28839101502672 0 1.72384350490756 1.2802900231909 1.1903030325193 1.2637623003684 1.81552399951033
1.49431499582715 0.955006433883682 1.2008666836191 0.937831192277372 1.79377661878243 1.5151773141697 1.7718018386513 0.986394543899223 1.79969729622826 1.19970083259977 1.72595261409879 1.82792875892483 1.32929411972873 1.17819211166352 1.85201731766574 1.7631748332642 1.21393691771664 1.3453856096603 0.986096668289974 1.4631923828274 1.29563399031758 1.5296230642125 0.968628816539422 1.61444124206901 1.72384350490756 0 1.14093517907895 1.87176410621032 1.89930255548097 1.9061873536557
1.31251560151577 1.00406133709475 0.942285201279446 1.44583803531714 1.5882173969876 1.89920804672875 1.17687438544817 1.82766594085842 1.22943255025893 1.31402458553202 1.82736445590854 1.91989578772336 1.26538130198605 1.07903446024284 1.55069059738889 1.85677404492162 1.7178983411286 1.68997129122727 1.11677981656976 1.02109196037054 1.08003343688324 1.31400888366625 1.12236094707623 1.46929350402206 1.2802900231909 1.14093517907895 0 1.38788785692304 1.82266962318681 1.73535174573772
1.13057482941076 1.92753057926893 1.59060583612882 1.42433365806937 1.15957580087706 1.14322910783812 1.89005895750597 1.22829200304113 1.45784069574438 1.68304116348736 1.32405827660114 1.31784212775528 1.49865797883831 1.59961950220168 1.88694369234145 1.35227591427974 1.36522293440066 1.82754181115888 1.5032105371356 0.930151815293357 1.23798859282397 1.4848826690577 1.18190959421918 1.08852169290185 1.1903030325193 1.87176410621032 1.38788785692304 0 1.84799012239091 1.20880171051249
1.67688541999087 1.4184287278913 1.29361881082878 1.14782790071331 1.84139867499471 1.5993261418771 1.54045041464269 1.02494520158507 1.34498629136942 1.91200250061229 1.92519921972416 1.66083220741712 1.15502535039559 1.6776858989615 1.6190215612296 1.04706948855892 1.34011281095445 1.85516610206105 1.37401207652874 1.90613536559977 1.28136692522094 1.4974630556535 1.30887387506664 1.43199272546917 1.2637623003684 1.89930255548097 1.82266962318681 1.84799012239091 0 1.22294909832999
1.51507663819939 1.40496561839245 1.71233927016146 1.03356436709873 1.25829942594282 1.08893284061924 1.04400575044565 0.963084419257939 1.04755885596387 1.15624878439121 1.24862135644071 1.88054866483435 0.951854598941281 1.73537131818011 1.5913419330027 1.83035683748312 1.60203493130393 1.76184775005095 0.945696688257158 1.70354265789501 1.34484430076554 1.31848014332354 1.33106395043433 1.15341557282954 1.81552399951033 1.9061873536557 1.73535174573772 1.20880171051249 1.22294909832999 0
