0 1.49890559888445 1.8666411077138 1.04922086931765 1.78738657222129 1.88109036977403 1.56087754340842 1.33600257826038 1.76100971037522 1.4786312545184 1.73980274121277 1.51710964436643 1.61303027556278 1.29198495368473 1.70627874601632 1.08024609321728 1.87871208577417 1.84530707704835 1.76082284701988 1.86214869027026 1.10140667157248 0.920292540220544 1.17661116435193 1.1864659357816 1.72938827541657 0.937652568798512 1.33207873650827 1.61486858013086 1.28475790540688 1.44334401097149
1.49890559888445 0 1.59060516464524 1.38519802480005 1.09128553955816 1.00951299862936 0.972088190028444 1.63466107822023 1.8838048693724 1.09757440467365 0.950820012250915 0.983311631483957 1.70166710717604 1.4401496455539 1.85607615648769 1.65153845027089 1.76842358149588 1.77972542634234 0.968657808145508 1.68847771105357 1.11527321231551 1.16960492217913 1.20171978534199 1.40403068694286 1.69072893052362 1.63130813278258 1.90514862630516 1.80075841094367 1.61240204749629 1.2130815484561
1.8666411077138 1.59060516464524 0 1.43262769421563 1.88782351417467 1.39858296257444 1.00204320205376 1.2307729551103 1.72922301967628 0.987085123313591 1.61988480924629 1.61072803591378 1.32751885196194 1.50840188888833 1.27115503908135 1.0633091207128 1.82800409756601 1.40165541227907 1.68218340212479 1.54041836364195 0.936487569008023 1.6887920203153 1.22835055948235 1.12049137311988 1.5238438216038 1.41656965971924 1.70211646286771 1.70964867016301 1.52827219874598 0.997706009540707
1.04922086931765 1.38519802480005 1.43262769421563 0 1.6874777006451 1.27582969260402 1.41138803376816 1.3154313378036 1.4424093272537 1.72730396827683 1.10223957314156 1.29538203612901 1.13397474819794 1.13554785982706 1.12089410400949 1.49337204755284 1.87449470744468 1.42862146557309 1.38307013735175 1.71289338869974 1.16205408307724 1.49657522235066 1.07316311565228 1.77068164106458 1.8162455370184 1.14750901400112 0.974482268327847 1.37353826221079 1.08962035202421 1.5672675203532
1.78738657222129 1.09128553955816 1.88782351417467 1.6874777006451 0 1.23545715608634 1.1208284648601 1.68157841498032 1.28592337644659 1.60183858894743 1.38066785340197 1.60732297576033 1.12197256041691 1.0807370999828 1.64394612982869 1.59965139022097 1.79495905968361 1.2913029033225 0.978550901403651 1.58099380903877 1.67686940007843 1.38541172933765 0.959975797915831 1.24153632763773 1.13251923234202 0.935253105126321 1.52421638602391 1.54969195928425 1.78207824658602 1.80251288483851
1.88109036977403 1.00951299862936 1.39858296257444 1.27582969260402 1.23545715608634 0 1.75478825205937 1.53901503328234 1.1722945321817 0.97999713360332 1.06009068037383 1.61532690282911 1.00548751209863 1.71840959135443 1.19777475786395 1.30170459393412 1.3246192461811 1.36045898124576 0.95287774130702 1.07969013298862 1.48943875008263 1.60487900720909 1.90408381563611 1.33942275401205 1.59863962465897 1.63630938204005 1.23304770607501 1.78837087540887 1.7785709775053 1.7490383789409
1.56087754340842 0.972088190028444 1.00204320205376 1.41138803376816 1.1208284648601 1.75478825205937 0 1.60219240584411 1.72261059610173 1.90035827667452 1.18536876467988 1.8327031978406 1.41968576330692 1.23778586857952 1.55279857758433 1.49866880709305 1.29850728064775 1.55857112002559 1.08248064224608 1.32768641319126 1.70694989571348 0.924210515804589 1.87538889423013 1.79693139810115 1.43044281983748 1.35330506181344 0.975127378012985 1.18681728257798 1.43228689511307 1.28137690690346
1.33600257826038 1.63466107822023 1.2307729551103 1.3154313378036 1.68157841498032 1.53901503328234 1.60219240584411 0 1.38677231990732 1.1385504945647 1.43705906672403 1.29292646609247 1.50727561535314 1.65655003162101 1.40231382916681 1.28116535395384 1.77756801992655 1.84404881182127 1.50193701591343 1.2391561481636 1.77558842743747 1.3286434377078 1.15630898531526 1.78780801314861 1.88645882718265 1.50108335609548 1.54953009076416 1.48501348192804 1.40810921113007 1.65411523985676
1.76100971037522 1.8838048693724 1.72922301967628 1.4424093272537 1.28592337644659 1.1722945321817 1.72261059610173 1.38677231990732 0 1.70805549132638 1.18221105821431 1.23988551646471 1.50261162407696 1.27242358331569 0.962123011937365 1.65079193236306 1.3068543409463 1.50452753878199 1.67249881289899 0.984233045019209 0.932409933768213 0.96055438159965 1.24969392595813 1.59933132887818 1.12552170874551 1.01200882485136 1.48858485580422 1.56915322667919 1.49850077624433 1.77213510568254
1.4786312545184 1.09757440467365 0.987085123313591 1.72730396827683 1.60183858894743 0.97999713360332 1.90035827667452 1.1385504945647 1.70805549132638 0 1.17729838192463 1.42991391662508 1.46424379409291 1.63730058330111 1.8932425417006 1.68894952139817 1.79013944836333 1.01478562317789 1.25775062898174 0.933835383504629 1.64059632597491 1.02397704357281 1.2024836644996 1.25508332718164 1.77150357305072 1.40073385555297 1.0645368010737 1.40324118779972 1.90332842734642 1.15340462047607
1.73980274121277 0.950820012250915 1.61988480924629 1.10223957314156 1.38066785340197 1.06009068037383 1.18536876467988 1.43705906672403 1.18221105821431 1.17729838192463 0 1.4502053570468 1.6189555558376 1.60817211749963 1.73430668376386 1.16521236789413 1.84003272466362 1.8947419191245 1.06298781232908 1.53051332733594 1.75206868769601 1.08893565600738 1.22956250491552 1.35811346187256 1.28719792631455 1.85271264938638 1.66947443294339 1.02378939720802 0.942839188268408 1.03267340455204
1.51710964436643 0.983311631483957 1.61072803591378 1.29538203612901 1.60732297576033 1.61532690282911 1.8327031978406 1.29292646609247 1.23988551646471 1.42991391662508 1.4502053570468 0 1.4811381008476 1.29156302637421 1.79042096366175 0.951236253604293 1.86683542490937 0.961883533513173 1.790995310992 1.87233801768161 1.44250626559369 1.59977381583303 1.90000465977937 1.61121037299745 1.48697826359421 1.50605160952546 0.925013942411169 1.80118782795034 1.14216455537826 1.90611156611703
1.61303027556278 1.70166710717604 1.32751885196194 1.13397474819794 1.12197256041691 1.00548751209863 1.41968576330692 1.50727561535314 1.50261162407696 1.46424379409291 1.6189555558376 1.4811381008476 0 1.4079511014279 1.0970812055748 1.71722236159258 1.72408595820889 1.30456272838637 1.72279036045074 1.34924549749121 1.91540834563784 1.51204586983658 1.84502697712742 1.54560637846589 1.06725656753406 1.45329131162725 1.77820606529713 1.27701815124601 1.02555127139203 1.46913444926031
1.29198495368473 1.4401496455539 1.50840188888833 1.13554785982706 1.0807370999828 1.71840959135443 1.23778586857952 1.65655003162101 1.27242358331569 1.63730058330111 1.60817211749963 1.29156302637421 1.4079511014279 0 1.85547374119051 0.952826889697462 1.00692205061205 1.01518159173429 0.993243571138009 1.32256275764666 1.741773635149 1.31377700250596 1.67646736674942 1.37592248758301 1.6816766152624 1.05065134959295 1.37661478761584 1.61869768216275 1.52566081867553 1.62802427564748
1.70627874601632 1.85607615648769 1.27115503908135 1.12089410400949 1.64394612982869 1.19777475786395 1.55279857758433 1.40231382916681 0.962123011937365 1.8932425417006 1.73430668376386 1.79042096366175 1.0970812055748 1.85547374119051 0 1.68365262122825 1.13348105689511 1.55022662412375 1.29162287781946 1.5749622839503 1.6362346149981 1.77655737102032 1.48704222100787 1.77861332381144 1.34266969957389 1.31255343230441 1.2844710291829 1.69796598888934 1.63101734290831 1.45316705130972
1.08024609321728 1.65153845027089 1.0633091207128 1.49337204755284 1.59965139022097 1.30170459393412 1.49866880709305 1.28116535395384 1.65079193236306 1.68894952139817 1.16521236789413 0.951236253604293 1.71722236159258 0.952826889697462 1.68365262122825 0 1.59440685645677 1.41272173565812 0.956740832189098 1.69802530971356 1.48316019424237 1.80399527982809 1.00547711830586 1.29465307598002 1.72275225771591 1.76643581571989 1.02222254872322 1.69427378103137 1.87899069790728 1.50442720251158
1.87871208577417 1.76842358149588 1.82800409756601 1.87449470744468 1.79495905968361 1.3246192461811 1.29850728064775 1.77756801992655 1.3068543409463 1.79013944836333 1.84003272466362 1.86683542490937 1.72408595820889 1.00692205061205 1.13348105689511 1.59440685645677 0 1.02318892907351 1.18098427425139 1.20984517666511 1.26288899546489 1.71708533959463 1.50257113995031 1.62396546499804 1.50132247363217 0.954380821669474 1.79241484985687 1.56892613018863 1.12723064888269 1.20786527777091
1.84530707704835 1.77972542634234 1.40165541227907 1.42862146557309 1.2913029033225 1.36045898124576 1.55857112002559 1.84404881182127 1.50452753878199 1.01478562317789 1.8947419191245 0.961883533513173 1.30456272838637 1.01518159173429 1.55022662412375 1.41272173565812 1.02318892907351 0 1.57994307554327 1.62556607020088 1.66291407123208 1.07235080911778 1.2887266324833 1.06206906982698 1.5919200675562 1.21694943984039 1.01668011490256 1.60152353858575 1.09002355532721 1.04717332450673
1.76082284701988 0.968657808145508 1.68218340212479 1.38307013735175 0.978550901403651 0.95287774130702 1.08248064224608 1.50193701591343 1.67249881289899 1.25775062898174 1.06298781232908 1.790995310992 1.72279036045074 0.993243571138009 1.29162287781946 0.956740832189098 1.18098427425139 1.57994307554327 0 1.76773322140798 1.31576595921069 1.25256683165208 1.00864425068721 1.63315918669105 1.24675889313221 1.55227039777674 1.41112541477196 1.65950903715566 1.6439227021765 1.62242519459687
1.86214869027026 1.68847771105357 1.54041836364195 1.71289338869974 1.58099380903877 1.07969013298862 1.32768641319126 1.2391561481636 0.984233045019209 0.933835383504629 1.53051332733594 1.87233801768161 1.34924549749121 1.32256275764666 1.5749622839503 1.69802530971356 1.20984517666511 1.62556607020088 1.76773322140798 0 0.956715409876779 1.04777266317979 1.11782405991107 1.79567898740061 0.982478282647207 0.924496121471748 1.76012244308367 1.70031606429256 1.09017444401979 1.07955064787529
1.10140667157248 1.11527321231551 0.936487569008023 1.16205408307724 1.67686940007843 1.48943875008263 1.70694989571348 1.77558842743747 0.932409933768213 1.64059632597491 1.75206868769601 1.44250626559369 1.91540834563784 1.741773635149 1.6362346149981 1.48316019424237 1.26288899546489 1.66291407123208 1.31576595921069 0.956715409876779 0 0.995197404874489 1.81455356581137 1.50318703870289 1.72542516095564 1.27758108242415 1.80960401636548 1.74612314905971 1.64282979257405 1.1099068634212
0.920292540220544 1.16960492217913 1.6887920203153 1.49657522235066 1.38541172933765 1.60487900720909 0.924210515804589 1.3286434377078 0.96055438159965 1.02397704357281 1.08893565600738 1.59977381583303 1.51204586983658 1.31377700250596 1.77655737102032 1.80399527982809 1.71708533959463 1.07235080911778 1.25256683165208 1.04777266317979 0.995197404874489 0 1.91587778204121 1.82477160752751 1.74839024851099 1.58271720912308 1.65685066231526 1.6977668015752 1.08601921843365 1.80654335045256
1.17661116435193 1.20171978534199 1.22835055948235 1.07316311565228 0.959975797915831 1.90408381563611 1.87538889423013 1.15630898531526 1.24969392595813 1.2024836644996 1.22956250491552 1.90000465977937 1.84502697712742 1.67646736674942 1.48704222100787 1.00547711830586 1.50257113995031 1.2887266324833 1.00864425068721 1.11782405991107 1.81455356581137 1.91587778204121 0 1.57149505591951 1.01627352903597 1.09058003500104 1.63686386914924 1.22051825281233 1.84621605440043 1.2102054504212
1.1864659357816 1.40403068694286 1.12049137311988 1.77068164106458 1.24153632763773 1.33942275401205 1.79693139810115 1.78780801314861 1.59933132887818 1.25508332718164 1.35811346187256 1.61121037299745 1.54560637846589 1.37592248758301 1.77861332381144 1.29465307598002 1.62396546499804 1.06206906982698 1.63315918669105 1.79567898740061 1.50318703870289 1.82477160752751 1.57149505591951 0 1.34637396712787 1.30370428483002 1.1306881478522 1.37693825527094 1.59433056600392 1.19313340703957
1.72938827541657 1.69072893052362 1.5238438216038 1.8162455370184 1.13251923234202 1.59863962465897 1.43044281983748 1.88645882718265 1.12552170874551 1.77150357305072 1.28719792631455 1.48697826359421 1.06725656753406 1.6816766152624 1.34266969957389 1.72275225771591 1.50132247363217 1.5919200675562 1.24675889313221 0.982478282647207 1.72542516095564 1.74839024851099 1.01627352903597 1.34637396712787 0 1.0376016010996 1.58349316380918 1.69847164582461 1.07578780315816 1.72941746236756
0.937652568798512 1.63130813278258 1.41656965971924 1.14750901400112 0.935253105126321 1.63630938204005 1.35330506181344 1.50108335609548 1.01200882485136 1.40073385555297 1.85271264938638 1.50605160952546 1.45329131162725 1.05065134959295 1.31255343230441 1.76643581571989 0.954380821669474 1.21694943984039 1.55227039777674 0.924496121471748 1.27758108242415 1.58271720912308 1.09058003500104 1.30370428483002 1.0376016010996 0 1.43428815319203 1.85933093354106 1.47215406084433 1.63660847069696
1.33207873650827 1.90514862630516 1.70211646286771 0.974482268327847 1.52421638602391 1.23304770607501 0.975127378012985 1.54953009076416 1.48858485580422 1.0645368010737 1.66947443294339 0.925013942411169 1.77820606529713 1.37661478761584 1.2844710291829 1.02222254872322 1.79241484985687 1.01668011490256 1.41112541477196 1.76012244308367 1.80960401636548 1.65685066231526 1.63686386914924 1.1306881478522 1.58349316380918 1.43428815319203 0 1.65430934098549 1.74091640138067 1.68651170656085
1.61486858013086 1.80075841094367 1.70964867016301 1.37353826221079 1.54969195928425 1.78837087540887 1.18681728257798 1.48501348192804 1.56915322667919 1.40324118779972 1.02378939720802 1.80118782795034 1.27701815124601 1.61869768216275 1.69796598888934 1.69427378103137 1.56892613018863 1.60152353858575 1.65950903715566 1.70031606429256 1.74612314905971 1.6977668015752 1.22051825281233 1.37693825527094 1.69847164582461 1.85933093354106 1.65430934098549 0 0.962490397971123 1.10656196041964
1.28475790540688 1.61240204749629 1.52827219874598 1.08962035202421 1.78207824658602 1.7785709775053 1.43228689511307 1.40810921113007 1.49850077624433 1.90332842734642 0.942839188268408 1.14216455537826 1.02555127139203 1.52566081867553 1.63101734290831 1.87899069790728 1.12723064888269 1.09002355532721 1.6439227021765 1.09017444401979 1.64282979257405 1.08601921843365 1.84621605440043 1.59433056600392 1.07578780315816 1.47215406084433 1.74091640138067 0.962490397971123 0 0.975722253089771
1.44334401097149 1.2130815484561 0.997706009540707 1.5672675203532 1.80251288483851 1.7490383789409 1.28137690690346 1.65411523985676 1.77213510568254 1.15340462047607 1.03267340455204 1.90611156611703 1.46913444926031 1.62802427564748 1.45316705130972 1.50442720251158 1.20786527777091 1.04717332450673 1.62242519459687 1.07955064787529 1.1099068634212 1.80654335045256 1.2102054504212 1.19313340703957 1.72941746236756 1.63660847069696 1.68651170656085 1.10656196041964 0.975722253089771 0
