0 1.82521751755849 1.557998504024 1.86186932493001 1.69737172499299 1.3110507549718 1.79275008570403 1.82361418148503 1.18453649035655 1.20873973960988 1.44967935793102 1.1352733366657 1.44599540391937 1.65035409480333 1.59429758577608 1.42837133468129 1.2333411865402 1.80654356372543 1.77419118932448 1.31509875552729 1.59915308072232 1.61156277847476 1.13897586078383 1.11170798516832 1.16017016000114 1.33933858736418 0.881015505641699 1.49855202622712 1.27449466963299 0.937153804348782
1.82521751755849 0 1.69649199419655 1.28019443433732 1.18118262640201 1.15902224276215 1.66374274459668 1.20232452917844 1.61208963044919 1.84449393907562 1.66293849842623 1.6827239592094 1.18046872853301 1.43108937726356 1.46017542853951 0.880265732528642 1.66535755968653 1.33994595520198 1.66510720993392 0.872801298974082 1.53629473876208 1.19191110576503 1.6005679492373 1.80794812273234 1.54873681836762 1.62701427587308 1.28358809580095 0.946418314939365 1.75294987857342 1.81099646841176
1.557998504024 1.69649199419655 0 1.71428869641386 0.9540300515946 1.07262453692965 1.78814690513536 1.81065221037716 1.61712582153268 1.00123467762023 1.21927875024267 1.24706670362502 1.20378392771818 0.978882459225133 1.62069010129198 1.10962785803713 0.917044596513733 0.879105268977582 1.74920405517332 1.09856526996009 0.99488420621492 1.73166411742568 1.78050591377541 1.10076448041946 1.66795879346319 1.06139942142181 1.84908599196933 1.26425111456774 1.15058260969818 1.09485459467396
1.86186932493001 1.28019443433732 1.71428869641386 0 1.75372350541875 1.27357758511789 1.75539301615208 1.22236914327368 1.00041586230509 1.42904451256618 1.25106292148121 0.950889167841524 1.5471163939219 1.86306295497343 1.36211941367947 1.27543710102327 1.27723255869932 1.22560437209904 1.36234926874749 1.63490320602432 1.85251945443451 1.78355805040337 1.30768377380446 1.11673556640744 1.40671183937229 1.31971926102415 1.65085922693834 1.76565391710028 1.69502769270912 1.42659274023026
1.69737172499299 1.18118262640201 0.9540300515946 1.75372350541875 0 1.44416201347485 1.14972208021209 0.876004443503916 1.84011312806979 1.76696890685707 1.55795194627717 1.11465139640495 0.901289251400158 1.86214342480525 1.86298640933819 1.39615202252753 1.51843622908928 1.65574299450964 1.00471008359455 1.29144912399352 1.33669533696957 1.23521784879267 1.85202485951595 1.76252222247422 1.79844033252448 1.73658882454038 1.32549696904607 1.64319315715693 1.76067592599429 1.23218832258135
1.3110507549718 1.15902224276215 1.07262453692965 1.27357758511789 1.44416201347485 0 1.61739433486946 1.11939434241503 1.21967287641019 1.30059808772057 1.09817825839855 1.13881642883644 1.70418541412801 1.0489209482912 1.50195762212388 1.21370102488436 1.67105800239369 1.07719186926261 0.954907956067473 1.37724343268201 1.82432025903836 1.35656108125113 1.32211277703755 1.52737719006836 1.44242004817352 0.890987598570064 1.49726647417992 1.36649496527389 1.3956417189911 1.14383791340515
1.79275008570403 1.66374274459668 1.78814690513536 1.75539301615208 1.14972208021209 1.61739433486946 0 1.34505744534545 1.62177224387415 1.5058151811827 1.61993174185045 1.28799244575202 1.50036620465107 1.00806709122844 1.56105998693965 1.3500004070811 1.21382204955444 1.11724469112232 1.58035565423779 1.59068707819097 1.58810858940706 1.30267593148164 1.65601031808183 1.07345767132938 1.67795984097756 1.4658425131347 1.23749504238367 1.72325978265144 1.41427739849314 1.08628176315688
1.82361418148503 1.20232452917844 1.81065221037716 1.22236914327368 0.876004443503916 1.11939434241503 1.34505744534545 0 1.10713823931292 1.223428231664 1.6351863113232 0.959075638325885 1.34186065173708 1.04581728181802 1.40612406190485 1.60478810663335 1.1379896691069 1.79045221838169 1.21400832012296 1.23847856745124 1.02039199206047 1.27046353532933 1.01494586537592 1.81218704301864 1.15785597451031 1.7965582550969 1.83183651743457 1.29309876728803 1.55583640607074 1.80434859939851
1.18453649035655 1.61208963044919 1.61712582153268 1.00041586230509 1.84011312806979 1.21967287641019 1.62177224387415 1.10713823931292 0 1.85237770550884 0.952307919505984 1.78491766797379 1.2426665967796 1.69497489882633 1.03202895517461 0.948022741125897 0.916877078590915 1.83174097025767 1.73285753186792 1.02033325005323 0.996897379634902 1.22785068093799 1.09177331952378 1.10378966620192 1.76744083501399 1.41735577001236 1.43588241562247 1.11431906651706 1.74136457801796 1.30311555298977
1.20873973960988 1.84449393907562 1.00123467762023 1.42904451256618 1.76696890685707 1.30059808772057 1.5058151811827 1.223428231664 1.85237770550884 0 1.78653115197085 1.29438166017644 1.79458103212528 1.63451608782634 1.06390295014717 0.964228206546977 1.54175786511041 1.85855287266895 1.21722890762612 1.34770068875514 1.1432104872074 1.70150652481243 1.56115094991401 1.52952653984539 1.1592141634319 0.934467059792951 0.999892567750067 1.07433780631982 1.02105519664474 1.00226522516459
1.44967935793102 1.66293849842623 1.21927875024267 1.25106292148121 1.55795194627717 1.09817825839855 1.61993174185045 1.6351863113232 0.952307919505984 1.78653115197085 0 1.29630938195623 1.11499529099092 1.30436693248339 1.60567309032194 1.67482694122009 0.991623850306496 1.00086620100774 0.995198857039213 1.25849258131348 1.531487171771 1.42911790125072 1.53157926001586 0.976232468616217 1.78133989870548 1.07266733283177 1.28444011765532 0.941458756336942 1.25637314515188 1.68234074674547
1.1352733366657 1.6827239592094 1.24706670362502 0.950889167841524 1.11465139640495 1.13881642883644 1.28799244575202 0.959075638325885 1.78491766797379 1.29438166017644 1.29630938195623 0 1.78311713295989 1.30707638687454 0.892797933891416 1.05468131881207 0.936660659499466 1.5020769725088 1.36672016652301 1.18509871466085 0.909658783115447 1.12591337715276 1.53458072431386 1.77475888142362 1.54327455582097 1.7452343350742 0.959987157722935 1.77722103777342 1.24461250472814 0.932722972007468
1.44599540391937 1.18046872853301 1.20378392771818 1.5471163939219 0.901289251400158 1.70418541412801 1.50036620465107 1.34186065173708 1.2426665967796 1.79458103212528 1.11499529099092 1.78311713295989 0 1.52846602816135 1.25212876196019 0.989502513315529 1.28523003705777 1.11173345241696 1.8664522015024 1.6717008233536 1.58332729293033 1.23812481970526 1.26581456675194 1.57760787708685 1.72853975184262 1.71256716665812 1.5112600249704 1.12574638728984 1.04548409860581 1.77615863387473
1.65035409480333 1.43108937726356 0.978882459225133 1.86306295497343 1.86214342480525 1.0489209482912 1.00806709122844 1.04581728181802 1.69497489882633 1.63451608782634 1.30436693248339 1.30707638687454 1.52846602816135 0 1.47972774878144 1.54152574692853 1.05357883102261 1.85347655438818 0.891371212434024 1.48174504027702 0.969130454119295 1.86890126857907 1.22950456570834 1.13965349225327 1.2114143546205 1.29557939176448 1.44017336214893 1.1430008651223 0.938525444129482 1.66951098619029
1.59429758577608 1.46017542853951 1.62069010129198 1.36211941367947 1.86298640933819 1.50195762212388 1.56105998693965 1.40612406190485 1.03202895517461 1.06390295014717 1.60567309032194 0.892797933891416 1.25212876196019 1.47972774878144 0 0.91683654114604 1.08862899034284 1.54894394497387 0.93667305004783 1.16582001955248 0.946794235380366 0.953154452843592 1.73271328234114 1.09022013284266 1.61689686984755 1.58134871884249 1.83100718283094 1.36190718575381 1.28685920895077 1.45137998997234
1.42837133468129 0.880265732528642 1.10962785803713 1.27543710102327 1.39615202252753 1.21370102488436 1.3500004070811 1.60478810663335 0.948022741125897 0.964228206546977 1.67482694122009 1.05468131881207 0.989502513315529 1.54152574692853 0.91683654114604 0 1.37595807341859 1.56383674358949 1.07131754537113 1.30453440314159 1.19823850970715 1.01562172686681 1.44857027707621 1.15334657998756 1.37087346799672 1.77543615363538 1.33113578637131 1.30136426491663 1.71980871865526 1.52490648650564
1.2333411865402 1.66535755968653 0.917044596513733 1.27723255869932 1.51843622908928 1.67105800239369 1.21382204955444 1.1379896691069 0.916877078590915 1.54175786511041 0.991623850306496 0.936660659499466 1.28523003705777 1.05357883102261 1.08862899034284 1.37595807341859 0 1.34397367364727 0.958808517083526 1.11073510418646 1.09073351509869 1.2215795640368 1.14266152703203 1.37213590578176 0.986409961013123 1.54623083397746 1.21044389414601 1.06210726220161 1.62897907104343 1.00913411960937
1.80654356372543 1.33994595520198 0.879105268977582 1.22560437209904 1.65574299450964 1.07719186926261 1.11724469112232 1.79045221838169 1.83174097025767 1.85855287266895 1.00086620100774 1.5020769725088 1.11173345241696 1.85347655438818 1.54894394497387 1.56383674358949 1.34397367364727 0 1.62508950266056 0.913592289434746 1.22346474649385 0.963179320562631 1.24458655854687 1.72847750037909 1.59080752287991 1.06038825237192 1.70675863558426 1.08187491097488 1.71163691068068 1.15266605955549
1.77419118932448 1.66510720993392 1.74920405517332 1.36234926874749 1.00471008359455 0.954907956067473 1.58035565423779 1.21400832012296 1.73285753186792 1.21722890762612 0.995198857039213 1.36672016652301 1.8664522015024 0.891371212434024 0.93667305004783 1.07131754537113 0.958808517083526 1.62508950266056 0 1.05381202185526 1.13957473332994 1.23935926589184 1.51035243226215 1.44183979323134 1.26838115602732 1.82786876056343 0.905261012259871 1.4353136701975 1.2105733375065 1.55560303619131
1.31509875552729 0.872801298974082 1.09856526996009 1.63490320602432 1.29144912399352 1.37724343268201 1.59068707819097 1.23847856745124 1.02033325005323 1.34770068875514 1.25849258131348 1.18509871466085 1.6717008233536 1.48174504027702 1.16582001955248 1.30453440314159 1.11073510418646 0.913592289434746 1.05381202185526 0 1.0469746037852 0.909526939503849 1.70279831113294 0.995729113696143 1.26930814562365 1.00369266467169 1.62467986578122 1.68862662510946 1.40314630139619 1.6901034375187
1.59915308072232 1.53629473876208 0.99488420621492 1.85251945443451 1.33669533696957 1.82432025903836 1.58810858940706 1.02039199206047 0.996897379634902 1.1432104872074 1.531487171771 0.909658783115447 1.58332729293033 0.969130454119295 0.946794235380366 1.19823850970715 1.09073351509869 1.22346474649385 1.13957473332994 1.0469746037852 0 1.30347546911798 1.15799641562626 1.86511092912406 1.18090292438865 1.22835046122782 1.70980564178899 1.51514469715767 1.46433170512319 0.999632944352925
1.61156277847476 1.19191110576503 1.73166411742568 1.78355805040337 1.23521784879267 1.35656108125113 1.30267593148164 1.27046353532933 1.22785068093799 1.70150652481243 1.42911790125072 1.12591337715276 1.23812481970526 1.86890126857907 0.953154452843592 1.01562172686681 1.2215795640368 0.963179320562631 1.23935926589184 0.909526939503849 1.30347546911798 0 1.48980690678582 1.73985888902098 1.66410768660717 1.71995569625869 1.4773996854201 1.59106521960348 1.19582885876298 1.24197276006453
1.13897586078383 1.6005679492373 1.78050591377541 1.30768377380446 1.85202485951595 1.32211277703755 1.65601031808183 1.01494586537592 1.09177331952378 1.56115094991401 1.53157926001586 1.53458072431386 1.26581456675194 1.22950456570834 1.73271328234114 1.44857027707621 1.14266152703203 1.24458655854687 1.51035243226215 1.70279831113294 1.15799641562626 1.48980690678582 0 1.12201267341152 0.9480062185321 1.75984169403091 1.48707296722569 1.45426596305333 1.06305107451044 1.67210699035786
1.11170798516832 1.80794812273234 1.10076448041946 1.11673556640744 1.76252222247422 1.52737719006836 1.07345767132938 1.81218704301864 1.10378966620192 1.52952653984539 0.976232468616217 1.77475888142362 1.57760787708685 1.13965349225327 1.09022013284266 1.15334657998756 1.37213590578176 1.72847750037909 1.44183979323134 0.995729113696143 1.86511092912406 1.73985888902098 1.12201267341152 0 1.76150591485202 1.38824678305537 1.72250613477081 1.73940195515752 1.47379123186693 1.76867886586115
1.16017016000114 1.54873681836762 1.66795879346319 1.40671183937229 1.79844033252448 1.44242004817352 1.67795984097756 1.15785597451031 1.76744083501399 1.1592141634319 1.78133989870548 1.54327455582097 1.72853975184262 1.2114143546205 1.61689686984755 1.37087346799672 0.986409961013123 1.59080752287991 1.26838115602732 1.26930814562365 1.18090292438865 1.66410768660717 0.9480062185321 1.76150591485202 0 1.66334430640563 0.993062814231962 1.21255579334684 0.875434978166595 1.65423932881095
1.33933858736418 1.62701427587308 1.06139942142181 1.31971926102415 1.73658882454038 0.890987598570064 1.4658425131347 1.7965582550969 1.41735577001236 0.934467059792951 1.07266733283177 1.7452343350742 1.71256716665812 1.29557939176448 1.58134871884249 1.77543615363538 1.54623083397746 1.06038825237192 1.82786876056343 1.00369266467169 1.22835046122782 1.71995569625869 1.75984169403091 1.38824678305537 1.66334430640563 0 1.76661667786539 1.15834703459404 1.79873184673488 1.66113160504028
0.881015505641699 1.28358809580095 1.84908599196933 1.65085922693834 1.32549696904607 1.49726647417992 1.23749504238367 1.83183651743457 1.43588241562247 0.999892567750067 1.28444011765532 0.959987157722935 1.5112600249704 1.44017336214893 1.83100718283094 1.33113578637131 1.21044389414601 1.70675863558426 0.905261012259871 1.62467986578122 1.70980564178899 1.4773996854201 1.48707296722569 1.72250613477081 0.993062814231962 1.76661667786539 0 0.984818184282631 1.56076956004836 1.37621058500372
1.49855202622712 0.946418314939365 1.26425111456774 1.76565391710028 1.64319315715693 1.36649496527389 1.72325978265144 1.29309876728803 1.11431906651706 1.07433780631982 0.941458756336942 1.77722103777342 1.12574638728984 1.1430008651223 1.36190718575381 1.30136426491663 1.06210726220161 1.08187491097488 1.4353136701975 1.68862662510946 1.51514469715767 1.59106521960348 1.45426596305333 1.73940195515752 1.21255579334684 1.15834703459404 0.984818184282631 0 1.36810689722188 1.84988755895756
1.27449466963299 1.75294987857342 1.15058260969818 1.69502769270912 1.76067592599429 1.3956417189911 1.41427739849314 1.55583640607074 1.74136457801796 1.02105519664474 1.25637314515188 1.24461250472814 1.04548409860581 0.938525444129482 1.28685920895077 1.71980871865526 1.62897907104343 1.71163691068068 1.2105733375065 1.40314630139619 1.46433170512319 1.19582885876298 1.06305107451044 1.47379123186693 0.875434978166595 1.79873184673488 1.56076956004836 1.36810689722188 0 1.61371002648957
0.937153804348782 1.81099646841176 1.09485459467396 1.42659274023026 1.23218832258135 1.14383791340515 1.08628176315688 1.80434859939851 1.30311555298977 1.00226522516459 1.68234074674547 0.932722972007468 1.77615863387473 1.66951098619029 1.45137998997234 1.52490648650564 1.00913411960937 1.15266605955549 1.55560303619131 1.6901034375187 0.999632944352925 1.24197276006453 1.67210699035786 1.76867886586115 1.65423932881095 1.66113160504028 1.37621058500372 1.84988755895756 1.61371002648957 0
