0 1.69962112721987 1.04113438609056 1.30303334910423 1.74947142507881 0.934280855115503 1.73042804980651 1.76229913858697 1.36434602807276 1.50806066324003 1.30814609257504 1.07482710829936 1.81910408218391 1.36915523349307 1.13724050624296 0.963246476836503 1.4179133628495 1.55526423198171 1.70679413015023 1.62725198594853 1.43445183266886 1.23667432181537 1.55181356146932 1.41668284963816 1.06013987213373 1.3619628532324 1.90712877712213 1.7811345201917 1.00716354954056 1.05486658704467
1.69962112721987 0 1.23414838756435 0.999050750397146 0.967598669230938 1.46903912257403 1.62310649780557 1.70471452339552 0.993162569124252 1.03444813610986 1.60174442571588 1.43343897419982 1.35789401829243 1.62294906424358 1.65778646990657 1.75720607303083 1.48886234709062 1.65894133597612 1.6311503322795 1.72982440888882 1.11912089237012 1.31186881521717 1.64859639434144 1.72217148006894 1.5921818043571 0.933454313082621 1.78910894831643 1.05092218075879 1.02424566168338 1.53297741548158
1.04113438609056 1.23414838756435 0 1.19345879647881 1.05393648310564 1.13576755905524 1.09178468375467 1.15763432881795 1.09515760815702 1.84827618882991 1.34926417167298 1.65671131922863 1.70460880547762 1.42717448342592 1.57643401762471 1.90770188393071 1.57089944067411 1.77307788608596 1.76540762395598 1.22708148509264 1.51894205296412 1.18683009734377 1.61860092589632 1.59122243570164 1.55045664310455 1.00977728376165 1.42468071123585 1.59655572916381 1.27941792737693 1.25173889705911
1.30303334910423 0.999050750397146 1.19345879647881 0 1.27660520398058 1.77223215042613 0.950294891139492 1.60765634407289 0.946330489125103 1.1529943367932 1.31959259160794 1.54901286354288 1.57428767741658 1.65969576616772 0.953859949717298 1.53241125540808 1.73287001624703 1.4764362226706 1.80483206151985 1.57734976219945 0.974330634344369 1.30799572472461 0.949822654481977 1.35877641476691 0.959982611937448 1.76341088837944 1.27683620015159 1.05658933985978 1.26118059549481 1.73100058734417
1.74947142507881 0.967598669230938 1.05393648310564 1.27660520398058 0 1.88214058615267 1.15736128808931 1.82967405160889 1.73465288220905 1.07680251030251 1.06521300994791 1.15660351444967 1.30661225621589 1.29746596841142 1.54610176407732 1.41831066389568 1.12345352722332 1.7159822054673 1.57885006745346 1.6916459093336 1.14029559120536 1.54538010666147 1.89488296839409 1.46301556867547 1.36862525297329 1.90105298231356 0.950335168745369 1.25197850284167 1.18368600914255 1.46197150018997
0.934280855115503 1.46903912257403 1.13576755905524 1.77223215042613 1.88214058615267 0 1.79025563038886 1.52450889837928 1.57048091385514 1.2184821490664 1.18657784792595 1.09282701835036 1.48995640967041 0.976119427010417 0.935604606987908 1.41155614308082 1.47908069705591 1.28845431027003 1.80749700171873 1.06531909736805 1.29371359129436 1.03539584809914 1.54121345840394 1.86639548814856 1.67222738894634 1.55930180451833 1.52760307746939 1.82417927961797 1.9248109748587 1.83676194399595
1.73042804980651 1.62310649780557 1.09178468375467 0.950294891139492 1.15736128808931 1.79025563038886 0 1.24677812564187 1.35243734833784 1.724355828017 1.35621421178803 1.07195770507678 1.66064817714505 1.82954538776539 0.969376824097708 1.11872688774019 1.65602334635332 1.55456702900119 1.11155825993046 1.89043129421771 1.70001813420095 1.68194924085401 1.16817724588327 1.30671679414809 1.08738511032425 1.15001348196529 1.69017706229351 1.18174317968078 1.92168061132543 1.60798158310354
1.76229913858697 1.70471452339552 1.15763432881795 1.60765634407289 1.82967405160889 1.52450889837928 1.24677812564187 0 1.60285884561017 1.14155398774892 1.54427698487416 1.862304023467 1.0771000655368 1.25817282125354 1.33402836951427 1.33118704543449 1.43621730292216 1.75337645830587 1.73743726150133 1.57027690834366 1.169706315035 1.35855307453312 1.70071292854846 1.53190878615715 1.78608557535335 1.8703900880646 1.04046442243271 1.62276452197693 1.57936143130064 1.0990983969532
1.36434602807276 0.993162569124252 1.09515760815702 0.946330489125103 1.73465288220905 1.57048091385514 1.35243734833784 1.60285884561017 0 1.56739180069417 0.932877690764144 1.48258743388578 1.37922100187279 1.04663541237824 1.71156134014018 1.41148739145137 1.12386674177833 1.45346294413321 1.42462024698034 1.65836301841773 0.929844009922817 1.69441723241471 1.03301793639548 1.1225319232326 1.83159324666485 1.14004286937416 1.37662938190624 1.15485962107778 1.25063605513424 1.80060657579452
1.50806066324003 1.03444813610986 1.84827618882991 1.1529943367932 1.07680251030251 1.2184821490664 1.724355828017 1.14155398774892 1.56739180069417 0 1.31290360470302 1.83141255821101 1.64168991125189 1.28765896894038 0.997855759924278 1.79905802709982 1.15631134388968 1.47940147086047 1.2831586045213 1.144358568592 1.32368684140965 1.7664570750203 1.1299670652952 1.48545718798414 1.84802782908082 1.86825541616417 1.35560532589443 1.33868871070445 1.70417562057264 1.0680234816391
1.30814609257504 1.60174442571588 1.34926417167298 1.31959259160794 1.06521300994791 1.18657784792595 1.35621421178803 1.54427698487416 0.932877690764144 1.31290360470302 0 1.72941968031228 1.56785881938413 1.29482284467667 1.56252136616968 0.928127228049561 0.966369835892692 1.61544100660831 1.63148618722335 1.07488878653385 1.47852651285939 1.28776845522225 1.52785703819245 1.73745146789588 1.80300685530528 1.25765687925741 1.13463372574188 1.72528537502512 1.8645029226318 1.91716471989639
1.07482710829936 1.43343897419982 1.65671131922863 1.54901286354288 1.15660351444967 1.09282701835036 1.07195770507678 1.862304023467 1.48258743388578 1.83141255821101 1.72941968031228 0 1.1371265295893 0.937816947465762 1.63668256928213 1.66125111910515 1.39188117091544 1.50325434119441 1.73425987944938 1.7405758171808 1.57040052697994 1.02788727171719 1.69215130759403 1.90697065601125 1.37936778180301 1.91697270236909 1.28070492413826 1.04456985532306 1.84348673117347 1.80230251140893
1.81910408218391 1.35789401829243 1.70460880547762 1.57428767741658 1.30661225621589 1.48995640967041 1.66064817714505 1.0771000655368 1.37922100187279 1.64168991125189 1.56785881938413 1.1371265295893 0 1.13074908987619 1.03201032243669 1.68219218868762 1.88732874183916 1.7784451530315 1.17984505835921 1.28467947663739 1.82171516725793 1.29686581925489 1.77237702184357 1.07325739180669 1.52954845922068 0.949890331132337 1.01112042739987 1.31398331257515 1.6262024412863 1.28086976637132
1.36915523349307 1.62294906424358 1.42717448342592 1.65969576616772 1.29746596841142 0.976119427010417 1.82954538776539 1.25817282125354 1.04663541237824 1.28765896894038 1.29482284467667 0.937816947465762 1.13074908987619 0 1.2408902423922 1.81776036322117 1.65118128526956 1.88861028291285 1.15934629039839 1.81745600979775 1.47169929323718 1.73700453341007 1.56176539952867 1.74521194607951 1.0816962805111 1.73484694515355 1.8925778765697 1.54914341843687 0.999696252634749 1.02305626589805
1.13724050624296 1.65778646990657 1.57643401762471 0.953859949717298 1.54610176407732 0.935604606987908 0.969376824097708 1.33402836951427 1.71156134014018 0.997855759924278 1.56252136616968 1.63668256928213 1.03201032243669 1.2408902423922 0 1.37918646470644 1.20326419384219 1.87076308741234 1.35010145278648 1.13529023923911 1.44047633954324 1.54902263195254 1.69867558777332 1.1215507464949 1.30753572029062 1.61210008105263 1.2715614780318 1.19493045611307 1.31482130731456 1.32701494591311
0.963246476836503 1.75720607303083 1.90770188393071 1.53241125540808 1.41831066389568 1.41155614308082 1.11872688774019 1.33118704543449 1.41148739145137 1.79905802709982 0.928127228049561 1.66125111910515 1.68219218868762 1.81776036322117 1.37918646470644 0 1.31551549700089 1.48174420115538 1.5987598397769 1.90991987870075 1.05005932622589 1.21025811578147 1.30810512206517 0.949021027889103 1.46858384204097 1.0259723465424 1.5768201102037 1.28551152627915 1.84051759191789 1.0534401119221
1.4179133628495 1.48886234709062 1.57089944067411 1.73287001624703 1.12345352722332 1.47908069705591 1.65602334635332 1.43621730292216 1.12386674177833 1.15631134388968 0.966369835892692 1.39188117091544 1.88732874183916 1.65118128526956 1.20326419384219 1.31551549700089 0 1.73480563866906 1.62099737836979 1.0523193674162 1.213822173886 1.3957671453245 1.80008787382394 0.931307238060981 0.992084105266258 1.8657011478208 1.87016409286298 1.9032004326582 1.74354546610266 1.5222457726486
1.55526423198171 1.65894133597612 1.77307788608596 1.4764362226706 1.7159822054673 1.28845431027003 1.55456702900119 1.75337645830587 1.45346294413321 1.47940147086047 1.61544100660831 1.50325434119441 1.7784451530315 1.88861028291285 1.87076308741234 1.48174420115538 1.73480563866906 0 1.0575439191889 1.82151321461424 1.78750033117831 1.63197736744769 1.58976968354546 1.79147877939977 1.52545459009707 1.83788509201258 1.90394790377468 1.78764864918776 1.38615825027227 1.76932627544738
1.70679413015023 1.6311503322795 1.76540762395598 1.80483206151985 1.57885006745346 1.80749700171873 1.11155825993046 1.73743726150133 1.42462024698034 1.2831586045213 1.63148618722335 1.73425987944938 1.17984505835921 1.15934629039839 1.35010145278648 1.5987598397769 1.62099737836979 1.0575439191889 0 1.72046205028892 1.82266301335767 1.4384601819329 1.22178228013217 0.969210901297629 1.63812290388159 1.30565165448934 1.07037137891166 1.02689020102844 1.00751224416308 1.06361106853001
1.62725198594853 1.72982440888882 1.22708148509264 1.57734976219945 1.6916459093336 1.06531909736805 1.89043129421771 1.57027690834366 1.65836301841773 1.144358568592 1.07488878653385 1.7405758171808 1.28467947663739 1.81745600979775 1.13529023923911 1.90991987870075 1.0523193674162 1.82151321461424 1.72046205028892 0 1.10519113251939 1.21126491273753 1.65469303005375 1.09026891877875 1.59554450004362 1.85267628356814 1.08873459161259 1.48131645610556 1.45748351234943 1.60223119775765
1.43445183266886 1.11912089237012 1.51894205296412 0.974330634344369 1.14029559120536 1.29371359129436 1.70001813420095 1.169706315035 0.929844009922817 1.32368684140965 1.47852651285939 1.57040052697994 1.82171516725793 1.47169929323718 1.44047633954324 1.05005932622589 1.213822173886 1.78750033117831 1.82266301335767 1.10519113251939 0 1.4955169511959 1.22452309867367 1.15139992302284 1.00033311289735 1.33758652280085 1.64410505932756 1.30957040609792 1.19919054745696 1.08976462180726
1.23667432181537 1.31186881521717 1.18683009734377 1.30799572472461 1.54538010666147 1.03539584809914 1.68194924085401 1.35855307453312 1.69441723241471 1.7664570750203 1.28776845522225 1.02788727171719 1.29686581925489 1.73700453341007 1.54902263195254 1.21025811578147 1.3957671453245 1.63197736744769 1.4384601819329 1.21126491273753 1.4955169511959 0 1.39913729927503 1.13823127723299 1.67192647210322 1.43667815136723 1.4958794824779 1.50925380620174 1.00042198668234 1.16889628698118
1.55181356146932 1.64859639434144 1.61860092589632 0.949822654481977 1.89488296839409 1.54121345840394 1.16817724588327 1.70071292854846 1.03301793639548 1.1299670652952 1.52785703819245 1.69215130759403 1.77237702184357 1.56176539952867 1.69867558777332 1.30810512206517 1.80008787382394 1.58976968354546 1.22178228013217 1.65469303005375 1.22452309867367 1.39913729927503 0 1.25962884863839 0.942041374975815 1.39839960634708 1.10307783749886 1.16703966585919 1.56274236249737 1.51130028208718
1.41668284963816 1.72217148006894 1.59122243570164 1.35877641476691 1.46301556867547 1.86639548814856 1.30671679414809 1.53190878615715 1.1225319232326 1.48545718798414 1.73745146789588 1.90697065601125 1.07325739180669 1.74521194607951 1.1215507464949 0.949021027889103 0.931307238060981 1.79147877939977 0.969210901297629 1.09026891877875 1.15139992302284 1.13823127723299 1.25962884863839 0 1.76514155464247 1.08171931956895 0.955769360298291 0.997203806648031 1.82282170280814 1.24956556176767
1.06013987213373 1.5921818043571 1.55045664310455 0.959982611937448 1.36862525297329 1.67222738894634 1.08738511032425 1.78608557535335 1.83159324666485 1.84802782908082 1.80300685530528 1.37936778180301 1.52954845922068 1.0816962805111 1.30753572029062 1.46858384204097 0.992084105266258 1.52545459009707 1.63812290388159 1.59554450004362 1.00033311289735 1.67192647210322 0.942041374975815 1.76514155464247 0 1.18115114583634 1.6024844229687 1.03423715848476 1.55872362083755 1.11685534799471
1.3619628532324 0.933454313082621 1.00977728376165 1.76341088837944 1.90105298231356 1.55930180451833 1.15001348196529 1.8703900880646 1.14004286937416 1.86825541616417 1.25765687925741 1.91697270236909 0.949890331132337 1.73484694515355 1.61210008105263 1.0259723465424 1.8657011478208 1.83788509201258 1.30565165448934 1.85267628356814 1.33758652280085 1.43667815136723 1.39839960634708 1.08171931956895 1.18115114583634 0 1.75534623814747 1.07032943703234 1.27901495364495 1.7087652424816
1.90712877712213 1.78910894831643 1.42468071123585 1.27683620015159 0.950335168745369 1.52760307746939 1.69017706229351 1.04046442243271 1.37662938190624 1.35560532589443 1.13463372574188 1.28070492413826 1.01112042739987 1.8925778765697 1.2715614780318 1.5768201102037 1.87016409286298 1.90394790377468 1.07037137891166 1.08873459161259 1.64410505932756 1.4958794824779 1.10307783749886 0.955769360298291 1.6024844229687 1.75534623814747 0 1.40563957043923 1.72622336982749 1.79376613954082
1.7811345201917 1.05092218075879 1.59655572916381 1.05658933985978 1.25197850284167 1.82417927961797 1.18174317968078 1.62276452197693 1.15485962107778 1.33868871070445 1.72528537502512 1.04456985532306 1.31398331257515 1.54914341843687 1.19493045611307 1.28551152627915 1.9032004326582 1.78764864918776 1.02689020102844 1.48131645610556 1.30957040609792 1.50925380620174 1.16703966585919 0.997203806648031 1.03423715848476 1.07032943703234 1.40563957043923 0 1.70582404872403 1.89365873928182
1.00716354954056 1.02424566168338 1.27941792737693 1.26118059549481 1.18368600914255 1.9248109748587 1.92168061132543 1.57936143130064 1.25063605513424 1.70417562057264 1.8645029226318 1.84348673117347 1.6262024412863 0.999696252634749 1.31482130731456 1.84051759191789 1.74354546610266 1.38615825027227 1.00751224416308 1.45748351234943 1.19919054745696 1.00042198668234 1.56274236249737 1.82282170280814 1.55872362083755 1.27901495364495 1.72622336982749 1.70582404872403 0 1.54518776782788
1.05486658704467 1.53297741548158 1.25173889705911 1.73100058734417 1.46197150018997 1.83676194399595 1.60798158310354 1.0990983969532 1.80060657579452 1.0680234816391 1.91716471989639 1.80230251140893 1.28086976637132 1.02305626589805 1.32701494591311 1.0534401119221 1.5222457726486 1.76932627544738 1.06361106853001 1.60223119775765 1.08976462180726 1.16889628698118 1.51130028208718 1.24956556176767 1.11685534799471 1.7087652424816 1.79376613954082 1.89365873928182 1.54518776782788 0
