0 1.74081052280962 1.69956134515814 1.56334730167873 1.01626630406827 1.81393506913446 1.62775646685623 1.06458442541771 1.03828145656735 1.03235322027467 1.71203475538641 1.15372374258004 1.07132611423731 1.75343671930023 1.43310286127962 1.62288942583837 1.83930266788229 1.75823456514627 1.41964021045715 1.15471239364706 0.983157465234399 1.57201289618388 1.64649437880144 1.05063030542806 1.40911992103793 1.06473869737238 1.79548069648445 1.69744444382377 1.4384130181279 1.91112508112565
1.74081052280962 0 1.10513949370943 1.51389639941044 1.21245985245332 1.41638203570619 1.59871705225669 1.74997048871592 1.47297321492806 1.57583431364037 1.82582175475545 1.01694241957739 1.60264660813846 1.32620455045253 1.01181593234651 1.86347893322818 0.986970567842945 1.70858489815146 1.30165303777903 1.24275185563602 1.23958814074285 1.83182921656407 1.4571169721894 0.95770409796387 1.93802311527543 1.19227458443493 1.35257329116575 1.62551227468066 1.0811390792951 1.62913814769126
1.69956134515814 1.10513949370943 0 1.55913887452334 1.14698442164809 1.70608269865625 1.38585612061433 1.79093061806634 1.64419475453906 1.8887274065055 1.53850260865875 1.58094564336352 1.86379922111519 1.71859660744667 1.31273585441522 1.39519339171238 1.45737501536496 1.27943881833926 1.27816401701421 1.8102671415545 1.17339553707279 1.26038085832261 1.61917146923952 1.2310283659026 1.82425079750828 1.73916882136837 1.75394818908535 1.63882042025216 0.997308264253661 1.12957337219268
1.56334730167873 1.51389639941044 1.55913887452334 0 1.04546496272087 1.73060086742043 1.65963272424415 1.3252332736738 1.22610454028472 1.10985292308033 1.51803855062462 1.78412516997196 1.69370006467216 1.65182649274357 1.23243396519683 1.90344674466178 1.33070885622874 1.59893581923097 1.32024213136174 1.83702259976417 1.54089241079055 1.64856652426533 1.1721061905846 1.66507273400202 1.30680214124732 1.17289533792064 1.49462332576513 1.07501121237874 1.29051593272015 1.1210698178038
1.01626630406827 1.21245985245332 1.14698442164809 1.04546496272087 0 1.68961520935409 1.86611428577453 1.64378918800503 1.18996669375338 1.44482685532421 1.02808539243415 1.07528839865699 1.90855595935136 1.3357079194393 1.23658517352305 1.82012025127187 1.62182733230293 1.40277295769192 1.31545314565301 1.41116400179453 0.96979281399399 1.45881588268094 1.5780243773479 1.33724597655237 1.25839702854864 1.47804191568866 1.38777843862772 1.00482191774063 1.86212939815596 1.20027117873542
1.81393506913446 1.41638203570619 1.70608269865625 1.73060086742043 1.68961520935409 0 1.91148961195722 1.21331698121503 1.68628695630468 1.18505328916945 1.80340334912762 1.09521192475222 1.52740207733586 1.59550904692151 1.30861440021545 1.05493196262978 1.73212437331676 0.988187343114987 1.62831987859681 1.14064539247192 1.42661669035442 1.03895344142802 1.30928056687117 1.24007913214155 1.24904557783157 1.58775616087951 1.15914989612065 1.08407865418121 1.67024183436297 0.975887775188312
1.62775646685623 1.59871705225669 1.38585612061433 1.65963272424415 1.86611428577453 1.91148961195722 0 1.47819372685626 1.65248157130554 1.83353706425987 1.38196756970137 1.7096386202611 1.93082498526201 1.63680486520752 1.68260501045734 1.50208643474616 1.67046383256093 1.61964575760067 0.967059247661382 1.2611557780765 1.28484577103518 1.49131274246611 1.52853742241859 1.10287974239327 1.72409234265797 1.86725505627692 1.31136526772752 0.996041633421555 1.36007586983033 1.60011911112815
1.06458442541771 1.74997048871592 1.79093061806634 1.3252332736738 1.64378918800503 1.21331698121503 1.47819372685626 0 1.64978935872205 1.69230337627232 1.42791625787504 1.47965092700906 1.33507817890495 1.01482557482086 1.18524081259966 1.12077439576387 1.29793977271765 1.71603053784929 1.01163448486477 1.49259422929026 1.53913714480586 1.16548686102033 1.23477046284825 1.088781214552 1.84528650180437 1.89907118538395 1.33412789017893 1.82211263105273 1.93387575587258 1.3512459564954
1.03828145656735 1.47297321492806 1.64419475453906 1.22610454028472 1.18996669375338 1.68628695630468 1.65248157130554 1.64978935872205 0 1.55930401105434 1.60216357582249 1.66875693295151 1.57710789190605 1.9302890736144 1.4919782478828 1.13287539826706 1.16241389745846 1.0715985277202 1.01574137015268 1.39201039914042 1.56275873631239 1.12760925386101 1.89715567952953 1.18356234952807 1.17638185620308 1.46021038875915 1.94074846897274 1.41331816022284 1.67200413299724 1.48092472716235
1.03235322027467 1.57583431364037 1.8887274065055 1.10985292308033 1.44482685532421 1.18505328916945 1.83353706425987 1.69230337627232 1.55930401105434 0 1.0465045014862 1.79334949282929 1.33585011190735 1.93947590794414 1.37198376352899 1.23088773782365 1.06618224526756 0.979917133925483 1.28180120280012 1.23678714944981 1.84809360071085 1.72695011575706 0.98784996708855 1.30224543414079 1.04061905457638 1.79171243775636 1.3898949236609 1.32734463643283 1.57199913612567 1.55203958624043
1.71203475538641 1.82582175475545 1.53850260865875 1.51803855062462 1.02808539243415 1.80340334912762 1.38196756970137 1.42791625787504 1.60216357582249 1.0465045014862 0 1.76615199516527 1.28365730959922 1.16151039418764 1.04502357263118 1.45170245040208 1.76426201546565 1.46852242061868 1.57286646333523 0.994996403576806 1.75605113175698 1.67843850655481 1.91148375510238 1.07903120783158 1.65486117661931 1.46447518328205 1.1900246583391 1.49561826675199 1.24200653051957 1.66120630316436
1.15372374258004 1.01694241957739 1.58094564336352 1.78412516997196 1.07528839865699 1.09521192475222 1.7096386202611 1.47965092700906 1.66875693295151 1.79334949282929 1.76615199516527 0 1.91057772492059 1.10751541471109 1.09858493017964 1.40117081534117 1.88858861802146 1.70132898679003 1.47794840391725 1.10646011633798 1.34737371257506 1.20258948579431 1.21916048624553 1.90836501028389 1.05717630451545 1.13662926061079 1.05627236608416 1.67241003364325 0.969781820429489 0.98107735090889
1.07132611423731 1.60264660813846 1.86379922111519 1.69370006467216 1.90855595935136 1.52740207733586 1.93082498526201 1.33507817890495 1.57710789190605 1.33585011190735 1.28365730959922 1.91057772492059 0 1.60785253415816 1.18666612007655 1.28023274545558 1.16511121927761 1.24426534329541 1.92371373972856 1.78299721842632 1.1205262739677 1.34965076856315 1.06907695275731 1.37325005512685 1.39614030206576 1.9250208188314 1.33729855180718 1.76853989833035 1.35730875702575 1.57630122941919
1.75343671930023 1.32620455045253 1.71859660744667 1.65182649274357 1.3357079194393 1.59550904692151 1.63680486520752 1.01482557482086 1.9302890736144 1.93947590794414 1.16151039418764 1.10751541471109 1.60785253415816 0 1.89208867377602 1.43336434592493 1.69388061179779 1.6568720866926 1.43023748369887 1.14601332717575 1.01040578284301 1.47721080062911 0.990767301758751 1.7533591715619 1.0797514708247 1.04452798422426 1.35732236132026 1.01496223732829 1.07779204891995 1.6207133976277
1.43310286127962 1.01181593234651 1.31273585441522 1.23243396519683 1.23658517352305 1.30861440021545 1.68260501045734 1.18524081259966 1.4919782478828 1.37198376352899 1.04502357263118 1.09858493017964 1.18666612007655 1.89208867377602 0 0.997153240721673 0.954475718550384 1.0249046580866 1.85795778036118 1.84762038919143 1.0617432219442 1.56344449613243 1.39388814521953 1.37903819652274 1.50190484523773 1.19173086527735 1.65972356009297 1.70573894702829 1.05778901278973 1.92189234239049
1.62288942583837 1.86347893322818 1.39519339171238 1.90344674466178 1.82012025127187 1.05493196262978 1.50208643474616 1.12077439576387 1.13287539826706 1.23088773782365 1.45170245040208 1.40117081534117 1.28023274545558 1.43336434592493 0.997153240721673 0 1.80672144936398 1.61921758321114 1.78430143534206 1.68861832935363 1.40011242683977 1.38097528810613 1.03386077657342 0.975509527837858 1.87315441365354 1.61270523117855 1.56435506814159 1.12571797776036 1.25282486039214 1.74494875106029
1.83930266788229 0.986970567842945 1.45737501536496 1.33070885622874 1.62182733230293 1.73212437331676 1.67046383256093 1.29793977271765 1.16241389745846 1.06618224526756 1.76426201546565 1.88858861802146 1.16511121927761 1.69388061179779 0.954475718550384 1.80672144936398 0 1.47865679068491 1.84252546168864 1.66581860138103 1.58985127159394 1.56563445320353 1.59598873346113 1.69689699262381 0.951052547432482 0.959191833622754 0.952624216210097 1.68415488908067 1.16317962459289 1.93476488767192
1.75823456514627 1.70858489815146 1.27943881833926 1.59893581923097 1.40277295769192 0.988187343114987 1.61964575760067 1.71603053784929 1.0715985277202 0.979917133925483 1.46852242061868 1.70132898679003 1.24426534329541 1.6568720866926 1.0249046580866 1.61921758321114 1.47865679068491 0 0.984871169086546 1.26939559797756 1.64090608456172 1.70610369788483 1.0316548445262 1.38368230895139 1.84305871650577 1.06145598995499 1.24187806271948 1.1365528178867 1.7983010862954 1.60817697970197
1.41964021045715 1.30165303777903 1.27816401701421 1.32024213136174 1.31545314565301 1.62831987859681 0.967059247661382 1.01163448486477 1.01574137015268 1.28180120280012 1.57286646333523 1.47794840391725 1.92371373972856 1.43023748369887 1.85795778036118 1.78430143534206 1.84252546168864 0.984871169086546 0 1.54653946054168 1.04501240327954 1.3409001880791 1.11630506138317 1.31476884684525 1.71568041457795 1.42907289415598 1.11310296528973 1.20217937417328 1.87442118185572 1.02733744936995
1.15471239364706 1.24275185563602 1.8102671415545 1.83702259976417 1.41116400179453 1.14064539247192 1.2611557780765 1.49259422929026 1.39201039914042 1.23678714944981 0.994996403576806 1.10646011633798 1.78299721842632 1.14601332717575 1.84762038919143 1.68861832935363 1.66581860138103 1.26939559797756 1.54653946054168 0 1.4200276103802 1.06169642158784 1.47629458084702 1.92741425381973 1.20715406141244 0.966229070909321 1.58056353428401 1.74448720132932 1.72690207045525 1.69443528936245
0.983157465234399 1.23958814074285 1.17339553707279 1.54089241079055 0.96979281399399 1.42661669035442 1.28484577103518 1.53913714480586 1.56275873631239 1.84809360071085 1.75605113175698 1.34737371257506 1.1205262739677 1.01040578284301 1.0617432219442 1.40011242683977 1.58985127159394 1.64090608456172 1.04501240327954 1.4200276103802 0 1.61942860204726 1.05692749354057 1.63865037751384 1.47282095858827 1.93541098269634 1.10152517841198 1.00309232668951 1.51351005467586 1.38752421783283
1.57201289618388 1.83182921656407 1.26038085832261 1.64856652426533 1.45881588268094 1.03895344142802 1.49131274246611 1.16548686102033 1.12760925386101 1.72695011575706 1.67843850655481 1.20258948579431 1.34965076856315 1.47721080062911 1.56344449613243 1.38097528810613 1.56563445320353 1.70610369788483 1.3409001880791 1.06169642158784 1.61942860204726 0 1.45851767063141 1.9255732987076 1.55451395339333 1.13144553848542 1.48585738404654 1.91601478867233 1.67903833673336 1.79253315529786
1.64649437880144 1.4571169721894 1.61917146923952 1.1721061905846 1.5780243773479 1.30928056687117 1.52853742241859 1.23477046284825 1.89715567952953 0.98784996708855 1.91148375510238 1.21916048624553 1.06907695275731 0.990767301758751 1.39388814521953 1.03386077657342 1.59598873346113 1.0316548445262 1.11630506138317 1.47629458084702 1.05692749354057 1.45851767063141 0 1.61397307063453 1.16979452059604 1.0808017719537 1.4615448655095 1.7864037216641 1.79714294662699 1.08173838234507
1.05063030542806 0.95770409796387 1.2310283659026 1.66507273400202 1.33724597655237 1.24007913214155 1.10287974239327 1.088781214552 1.18356234952807 1.30224543414079 1.07903120783158 1.90836501028389 1.37325005512685 1.7533591715619 1.37903819652274 0.975509527837858 1.69689699262381 1.38368230895139 1.31476884684525 1.92741425381973 1.63865037751384 1.9255732987076 1.61397307063453 0 1.30621397146024 1.79873348283581 1.63471784512512 1.26691895141266 1.47987422440201 1.43218628014438
1.40911992103793 1.93802311527543 1.82425079750828 1.30680214124732 1.25839702854864 1.24904557783157 1.72409234265797 1.84528650180437 1.17638185620308 1.04061905457638 1.65486117661931 1.05717630451545 1.39614030206576 1.0797514708247 1.50190484523773 1.87315441365354 0.951052547432482 1.84305871650577 1.71568041457795 1.20715406141244 1.47282095858827 1.55451395339333 1.16979452059604 1.30621397146024 0 1.64084554649889 1.52624479774386 1.06699578650296 1.15835440624505 1.27761924080551
1.06473869737238 1.19227458443493 1.73916882136837 1.17289533792064 1.47804191568866 1.58775616087951 1.86725505627692 1.89907118538395 1.46021038875915 1.79171243775636 1.46447518328205 1.13662926061079 1.9250208188314 1.04452798422426 1.19173086527735 1.61270523117855 0.959191833622754 1.06145598995499 1.42907289415598 0.966229070909321 1.93541098269634 1.13144553848542 1.0808017719537 1.79873348283581 1.64084554649889 0 1.39063676632941 1.13288848940283 1.64159859949723 1.57401318335906
1.79548069648445 1.35257329116575 1.75394818908535 1.49462332576513 1.38777843862772 1.15914989612065 1.31136526772752 1.33412789017893 1.94074846897274 1.3898949236609 1.1900246583391 1.05627236608416 1.33729855180718 1.35732236132026 1.65972356009297 1.56435506814159 0.952624216210097 1.24187806271948 1.11310296528973 1.58056353428401 1.10152517841198 1.48585738404654 1.4615448655095 1.63471784512512 1.52624479774386 1.39063676632941 0 1.47183089796454 1.01590091688558 1.71381818200462
1.69744444382377 1.62551227468066 1.63882042025216 1.07501121237874 1.00482191774063 1.08407865418121 0.996041633421555 1.82211263105273 1.41331816022284 1.32734463643283 1.49561826675199 1.67241003364325 1.76853989833035 1.01496223732829 1.70573894702829 1.12571797776036 1.68415488908067 1.1365528178867 1.20217937417328 1.74448720132932 1.00309232668951 1.91601478867233 1.7864037216641 1.26691895141266 1.06699578650296 1.13288848940283 1.47183089796454 0 1.34753017383628 1.90088395727798
1.4384130181279 1.0811390792951 0.997308264253661 1.29051593272015 1.86212939815596 1.67024183436297 1.36007586983033 1.93387575587258 1.67200413299724 1.57199913612567 1.24200653051957 0.969781820429489 1.35730875702575 1.07779204891995 1.05778901278973 1.25282486039214 1.16317962459289 1.7983010862954 1.87442118185572 1.72690207045525 1.51351005467586 1.67903833673336 1.79714294662699 1.47987422440201 1.15835440624505 1.64159859949723 1.01590091688558 1.34753017383628 0 1.14084978378378
1.91112508112565 1.62913814769126 1.12957337219268 1.1210698178038 1.20027117873542 0.975887775188312 1.60011911112815 1.3512459564954 1.48092472716235 1.55203958624043 1.66120630316436 0.98107735090889 1.57630122941919 1.6207133976277 1.92189234239049 1.74494875106029 1.93476488767192 1.60817697970197 1.02733744936995 1.69443528936245 1.38752421783283 1.79253315529786 1.08173838234507 1.43218628014438 1.27761924080551 1.57401318335906 1.71381818200462 1.90088395727798 1.14084978378378 0
