0 1.66489218524657 1.38453010818921 1.73577010026202 1.63458488695323 1.27952708676457 1.02302048797719 1.93277295073494 1.92999310209416 1.91649371781386 1.90159829705954 1.57622221298516 1.10229726298712 1.36833146749996 1.41103514633141 1.72705553099513 1.13120203046128 1.92635581409559 1.23037582961842 1.90427352418192 1.84360527177341 1.35082849930041 1.22466170880944 1.40652521746233 1.11464060563594 1.23248698748648 1.41295914188959 1.40238672844134 1.44414677261375 1.16748683806509
1.66489218524657 0 1.17671000631526 1.74701850675046 1.81319924606942 1.80339304450899 1.40548945474438 1.43798548122868 1.24355260632001 1.95761776948348 1.83421614323743 1.76209676428698 1.05656665936112 1.14668752835132 1.47648064489476 1.02517283940688 1.21778542827815 1.52669357624836 1.10989159252495 1.70353572932072 1.97838659631088 1.73016240075231 1.35717371548526 1.17470624833368 1.79341396410018 1.08799927029759 1.30805511353537 1.89545918023214 1.75983240595087 1.6002912693657
1.38453010818921 1.17671000631526 0 1.25869584875181 1.6449958186131 1.31370928394608 1.40377431665547 1.93559124157764 1.63028889894485 1.63933096826077 1.40154602914117 1.17330239294097 1.38080454943702 1.29135411488824 1.40025710617192 1.41309503675438 1.52405295730568 1.08102257852443 1.59697486599907 1.63350148452446 1.40067194774747 1.00675864634104 1.6220999553334 1.3825178197585 1.83609825512394 1.93019945174456 1.82564203091897 1.39228859380819 1.47107399115339 1.5836144911591
1.73577010026202 1.74701850675046 1.25869584875181 0 1.4404805987142 1.23911940143444 1.91704390035011 1.53262905380689 1.78149758884683 1.05016280594282 1.61388642620295 1.61670965328813 1.36077384464443 1.52741623600014 1.7018841248937 1.94727268465795 0.988749654497951 1.25043116603047 1.15884623466991 1.39119097567163 1.49982828786597 1.84761331509799 1.75191790796816 1.34658857341856 1.83818538137712 1.22536327154376 1.51518726744689 1.8528918044176 1.51910488982685 1.24850486102514
1.63458488695323 1.81319924606942 1.6449958186131 1.4404805987142 0 1.4391921851784 1.49767443165183 1.0270383739844 1.79717854596674 1.94755039992742 1.37647446012124 1.56358224689029 1.88834536541253 1.77438253769651 1.63502462976612 1.00194848538376 1.01473808032461 1.81238135555759 1.84194732061587 1.20982410036959 1.37227304000407 1.06161177507602 1.43587910174392 1.21276831557043 1.01568362140097 0.997909296769649 1.07140985829756 1.26854948652908 1.98442771565169 1.47547240112908
1.27952708676457 1.80339304450899 1.31370928394608 1.23911940143444 1.4391921851784 0 1.69044934073463 0.986843223450705 1.19469984062016 1.57263099798001 1.05004097055644 1.67457270878367 1.80043552163988 1.03492171573453 1.51308364095166 1.36907244985923 1.94679165398702 1.92001848691143 0.995001150527969 1.10390871926211 1.71015727729537 1.02774409158155 1.73524984600954 1.12449716916308 1.19300101604313 1.58826704090461 1.40581731568091 1.11594706051983 1.20982529153116 1.17004053131677
1.02302048797719 1.40548945474438 1.40377431665547 1.91704390035011 1.49767443165183 1.69044934073463 0 1.31472938344814 1.65427688322961 1.22354017407633 1.06091160420328 1.31200002878904 1.79159934259951 1.78560884017497 1.73042925051413 1.59278454468586 1.3746327967383 1.85090250964276 1.56810290855356 1.83623982896097 1.79397541773506 1.70433959295042 1.96535649592988 1.27218784042634 1.90102918283083 1.0499490131624 1.51682750205509 1.90685458900407 1.36016644304618 1.56157628051005
1.93277295073494 1.43798548122868 1.93559124157764 1.53262905380689 1.0270383739844 0.986843223450705 1.31472938344814 0 1.32613903284073 1.02293409989215 1.80464087612927 1.34875617013313 1.2782046131324 1.36318765045144 1.83702584519051 1.23073633573949 1.0815074541606 1.5802477307152 1.98184437397867 1.61073570954613 1.04427406401373 1.98292674915865 1.39571692398749 1.38346487353556 1.40778253506869 1.01582503016107 1.5689471825026 1.77787701738998 1.2682647430338 1.89312426606193
1.92999310209416 1.24355260632001 1.63028889894485 1.78149758884683 1.79717854596674 1.19469984062016 1.65427688322961 1.32613903284073 0 1.49348780792207 1.81416432838887 1.45965386880562 1.15644331742078 1.47974650096148 1.89656964875758 1.01864262507297 1.95996465557255 1.00509801600128 1.22232037433423 1.54404947371222 1.83921418245882 1.07505505625159 1.15329380147159 1.76833241852 1.68124468112364 1.07590544782579 1.94755756366067 1.70160573464818 1.76219184021465 1.12402086495422
1.91649371781386 1.95761776948348 1.63933096826077 1.05016280594282 1.94755039992742 1.57263099798001 1.22354017407633 1.02293409989215 1.49348780792207 0 1.54101123474538 1.20436151581816 1.34559982316568 1.39008447248489 1.44663909985684 1.51921572280116 1.18351508677006 1.46508034574799 1.54735045880079 1.66159793431871 1.93142725084908 1.71701571601443 1.2390818935819 1.14408268290572 1.89121213136241 1.04308397113346 1.89012040081434 1.79009522940032 1.97358063189313 1.47569877631031
1.90159829705954 1.83421614323743 1.40154602914117 1.61388642620295 1.37647446012124 1.05004097055644 1.06091160420328 1.80464087612927 1.81416432838887 1.54101123474538 0 1.6432450551074 1.58386899158359 1.59122826135717 1.29383163526654 1.59189057350159 1.15601929463446 1.64130041492172 1.2639570790343 1.33668389753439 1.59315351746045 1.79240762628615 1.17362928926013 1.19817521027289 1.32109314878471 1.34583428199403 1.24232050171122 1.53026678715833 1.49910244857892 1.67995186895132
1.57622221298516 1.76209676428698 1.17330239294097 1.61670965328813 1.56358224689029 1.67457270878367 1.31200002878904 1.34875617013313 1.45965386880562 1.20436151581816 1.6432450551074 0 1.62122162943706 0.991986609995365 1.36877355934121 1.23160180076957 1.31857850402594 1.0235344953835 1.84944969927892 1.16704097623006 1.31931947637349 1.49323162995279 1.81654524360783 1.79660801636055 1.44187208777294 1.97280940110795 1.7236587065272 1.45133165316656 1.92565476498567 1.69331009779125
1.10229726298712 1.05656665936112 1.38080454943702 1.36077384464443 1.88834536541253 1.80043552163988 1.79159934259951 1.2782046131324 1.15644331742078 1.34559982316568 1.58386899158359 1.62122162943706 0 1.88094928022474 1.20253363717347 1.55360314948484 1.51427180599421 1.8720733015798 1.93673768686131 1.79916508519091 1.65755369793624 1.53758711530827 1.64752072398551 1.01373512973078 1.76044426881708 1.75588371022604 1.60600544884801 1.16774464584887 1.58192429505289 1.21279376000166
1.36833146749996 1.14668752835132 1.29135411488824 1.52741623600014 1.77438253769651 1.03492171573453 1.78560884017497 1.36318765045144 1.47974650096148 1.39008447248489 1.59122826135717 0.991986609995365 1.88094928022474 0 1.19260943541303 1.61326887784526 1.09266759688035 1.65368486288935 1.69792673992924 1.18383241235279 1.18260065512732 1.20718963327818 1.00045749358833 1.34376588789746 1.0406042849645 1.83862103172578 1.72569611878134 1.24679210083559 1.48542967089452 1.90912502282299
1.41103514633141 1.47648064489476 1.40025710617192 1.7018841248937 1.63502462976612 1.51308364095166 1.73042925051413 1.83702584519051 1.89656964875758 1.44663909985684 1.29383163526654 1.36877355934121 1.20253363717347 1.19260943541303 0 1.42919416120276 1.37544276285917 1.27282785903662 1.85640812595375 1.61920915357769 1.07800341956317 1.03222256386653 1.64355448051356 1.1563709997572 1.39588349848054 1.81201491039246 1.1725184537936 1.3318901474122 1.95242661517113 1.96007080306299
1.72705553099513 1.02517283940688 1.41309503675438 1.94727268465795 1.00194848538376 1.36907244985923 1.59278454468586 1.23073633573949 1.01864262507297 1.51921572280116 1.59189057350159 1.23160180076957 1.55360314948484 1.61326887784526 1.42919416120276 0 1.13143316609785 1.38094940944575 1.9651045948267 1.40045832074247 1.96294035855681 1.06923044589348 1.66235378873535 1.03500349377282 1.00595932244323 1.32973236520775 1.12290815869346 1.49774150270969 1.39923774031922 1.42891037277877
1.13120203046128 1.21778542827815 1.52405295730568 0.988749654497951 1.01473808032461 1.94679165398702 1.3746327967383 1.0815074541606 1.95996465557255 1.18351508677006 1.15601929463446 1.31857850402594 1.51427180599421 1.09266759688035 1.37544276285917 1.13143316609785 0 1.76566489925608 1.33930789516307 1.44232789240777 1.25932780979201 1.17077721050009 1.50291235256009 1.93294795812108 1.75138410646468 1.96396353049204 1.50676726666279 1.4383845415432 1.76957961916924 1.87603057106026
1.92635581409559 1.52669357624836 1.08102257852443 1.25043116603047 1.81238135555759 1.92001848691143 1.85090250964276 1.5802477307152 1.00509801600128 1.46508034574799 1.64130041492172 1.0235344953835 1.8720733015798 1.65368486288935 1.27282785903662 1.38094940944575 1.76566489925608 0 0.986788528040051 1.00102288555354 1.81076359888539 1.22183086373843 1.70029955473728 1.01476657111198 1.96296251565218 1.25776212755591 1.54489085450768 1.67643454764038 1.76883578440174 1.50421747006476
1.23037582961842 1.10989159252495 1.59697486599907 1.15884623466991 1.84194732061587 0.995001150527969 1.56810290855356 1.98184437397867 1.22232037433423 1.54735045880079 1.2639570790343 1.84944969927892 1.93673768686131 1.69792673992924 1.85640812595375 1.9651045948267 1.33930789516307 0.986788528040051 0 1.24082147260197 1.79068745323457 1.10179481725208 1.12903854297474 1.02228796458803 1.74590968317352 1.22560910973698 1.51902866456658 1.42141595063731 1.8352599653881 1.83876109984703
1.90427352418192 1.70353572932072 1.63350148452446 1.39119097567163 1.20982410036959 1.10390871926211 1.83623982896097 1.61073570954613 1.54404947371222 1.66159793431871 1.33668389753439 1.16704097623006 1.79916508519091 1.18383241235279 1.61920915357769 1.40045832074247 1.44232789240777 1.00102288555354 1.24082147260197 0 1.09420162835158 1.03677831427194 1.17091953707859 1.12048747739755 1.73557418794371 1.97121751704253 1.70215111621656 1.10980990482494 1.31342235486954 1.00113713229075
1.84360527177341 1.97838659631088 1.40067194774747 1.49982828786597 1.37227304000407 1.71015727729537 1.79397541773506 1.04427406401373 1.83921418245882 1.93142725084908 1.59315351746045 1.31931947637349 1.65755369793624 1.18260065512732 1.07800341956317 1.96294035855681 1.25932780979201 1.81076359888539 1.79068745323457 1.09420162835158 0 1.28570992941968 1.96667968458496 1.48691391292959 1.83255324163474 1.08037661504932 1.97129068500362 1.78567446256056 1.8201099135913 1.19425655249506
1.35082849930041 1.73016240075231 1.00675864634104 1.84761331509799 1.06161177507602 1.02774409158155 1.70433959295042 1.98292674915865 1.07505505625159 1.71701571601443 1.79240762628615 1.49323162995279 1.53758711530827 1.20718963327818 1.03222256386653 1.06923044589348 1.17077721050009 1.22183086373843 1.10179481725208 1.03677831427194 1.28570992941968 0 1.44930203584954 1.23187218164094 1.51561995013617 1.36514869402163 1.39325325307436 1.37411895836703 1.49109896412119 1.97593687195331
1.22466170880944 1.35717371548526 1.6220999553334 1.75191790796816 1.43587910174392 1.73524984600954 1.96535649592988 1.39571692398749 1.15329380147159 1.2390818935819 1.17362928926013 1.81654524360783 1.64752072398551 1.00045749358833 1.64355448051356 1.66235378873535 1.50291235256009 1.70029955473728 1.12903854297474 1.17091953707859 1.96667968458496 1.44930203584954 0 1.74416317115538 1.21512952679768 1.53805265319534 1.34966083709151 1.42207384551875 1.38019861001521 1.0659432024695
1.40652521746233 1.17470624833368 1.3825178197585 1.34658857341856 1.21276831557043 1.12449716916308 1.27218784042634 1.38346487353556 1.76833241852 1.14408268290572 1.19817521027289 1.79660801636055 1.01373512973078 1.34376588789746 1.1563709997572 1.03500349377282 1.93294795812108 1.01476657111198 1.02228796458803 1.12048747739755 1.48691391292959 1.23187218164094 1.74416317115538 0 1.09834218677133 1.47228354611434 1.85138033563271 1.49570776545443 1.83192285057157 1.11991459992714
1.11464060563594 1.79341396410018 1.83609825512394 1.83818538137712 1.01568362140097 1.19300101604313 1.90102918283083 1.40778253506869 1.68124468112364 1.89121213136241 1.32109314878471 1.44187208777294 1.76044426881708 1.0406042849645 1.39588349848054 1.00595932244323 1.75138410646468 1.96296251565218 1.74590968317352 1.73557418794371 1.83255324163474 1.51561995013617 1.21512952679768 1.09834218677133 0 1.37345202988945 1.52360170939937 1.28435432980768 1.7931106092874 1.21676352247596
1.23248698748648 1.08799927029759 1.93019945174456 1.22536327154376 0.997909296769649 1.58826704090461 1.0499490131624 1.01582503016107 1.07590544782579 1.04308397113346 1.34583428199403 1.97280940110795 1.75588371022604 1.83862103172578 1.81201491039246 1.32973236520775 1.96396353049204 1.25776212755591 1.22560910973698 1.97121751704253 1.08037661504932 1.36514869402163 1.53805265319534 1.47228354611434 1.37345202988945 0 1.18412630795501 1.01739403884858 1.35378018184565 1.08499397942796
1.41295914188959 1.30805511353537 1.82564203091897 1.51518726744689 1.07140985829756 1.40581731568091 1.51682750205509 1.5689471825026 1.94755756366067 1.89012040081434 1.24232050171122 1.7236587065272 1.60600544884801 1.72569611878134 1.1725184537936 1.12290815869346 1.50676726666279 1.54489085450768 1.51902866456658 1.70215111621656 1.97129068500362 1.39325325307436 1.34966083709151 1.85138033563271 1.52360170939937 1.18412630795501 0 1.72164645115845 1.65397742390633 1.5221940970514
1.40238672844134 1.89545918023214 1.39228859380819 1.8528918044176 1.26854948652908 1.11594706051983 1.90685458900407 1.77787701738998 1.70160573464818 1.79009522940032 1.53026678715833 1.45133165316656 1.16774464584887 1.24679210083559 1.3318901474122 1.49774150270969 1.4383845415432 1.67643454764038 1.42141595063731 1.10980990482494 1.78567446256056 1.37411895836703 1.42207384551875 1.49570776545443 1.28435432980768 1.01739403884858 1.72164645115845 0 1.01612566201948 1.062645442551
1.44414677261375 1.75983240595087 1.47107399115339 1.51910488982685 1.98442771565169 1.20982529153116 1.36016644304618 1.2682647430338 1.76219184021465 1.97358063189313 1.49910244857892 1.92565476498567 1.58192429505289 1.48542967089452 1.95242661517113 1.39923774031922 1.76957961916924 1.76883578440174 1.8352599653881 1.31342235486954 1.8201099135913 1.49109896412119 1.38019861001521 1.83192285057157 1.7931106092874 1.35378018184565 1.65397742390633 1.01612566201948 0 1.58423245209269
1.16748683806509 1.6002912693657 1.5836144911591 1.24850486102514 1.47547240112908 1.17004053131677 1.56157628051005 1.89312426606193 1.12402086495422 1.47569877631031 1.67995186895132 1.69331009779125 1.21279376000166 1.90912502282299 1.96007080306299 1.42891037277877 1.87603057106026 1.50421747006476 1.83876109984703 1.00113713229075 1.19425655249506 1.97593687195331 1.0659432024695 1.11991459992714 1.21676352247596 1.08499397942796 1.5221940970514 1.062645442551 1.58423245209269 0
