0 1.83150046225637 1.6988653622102 1.73440549755469 1.01295786187984 1.0228230918292 0.935785360634327 1.44937749975361 1.82258834317327 1.34530673222616 1.00515748909675 1.14194514881819 1.60487651848234 1.25231560622342 0.93415421876125 1.78519318834879 1.25590521236882 0.926916874246672 1.11162715707906 1.10124834207818 1.86382413399406 1.67370731453411 0.950984183931723 1.35581739316694 1.79018840147182 1.18074439140037 1.51846306631342 1.83465446555056 1.7135235753376 1.85477830003947
1.83150046225637 0 1.52189799374901 1.59563202783465 1.1104522687383 1.53741516522132 1.44808706827462 1.66802893579006 1.3474674182944 1.48742226744071 1.49503728793934 1.38802969851531 1.33767219260335 1.21607997524552 1.82435151096433 1.39811505982652 1.7883383333683 1.352598878555 1.76088054757565 1.24598006438464 1.2216112986207 0.933894156245515 1.51095142355189 1.80501512857154 1.85344566870481 1.33388213370927 1.48796880641021 1.01421109610237 1.5830877055414 0.962969802552834
1.6988653622102 1.52189799374901 0 0.99977729935199 1.8726006897632 1.71705949027091 1.89676494244486 1.62938667135313 1.14869286585599 1.79433369752951 1.09503741795197 1.66105878562666 1.11549504869618 1.7886202079244 1.71278702886775 1.80167021369562 1.03203825489618 1.1075780983083 1.23487549531274 1.5830890967045 1.86371314921416 1.43831460713409 1.61987132392824 1.62387333274819 1.11386250378564 1.56682309880853 1.65994071564637 1.63082858989947 0.99499011808075 1.38024789886549
1.73440549755469 1.59563202783465 0.99977729935199 0 1.50722562032752 0.987902074120939 1.15139656723477 1.67406427208334 0.98524828790687 1.64077226817608 1.25923195644282 1.52937659062445 1.25978774600662 1.31255542114377 1.55302827898413 1.38344301725738 1.55277892341837 1.86298090801574 1.15577546972781 1.28827455313876 1.24928676593117 1.337508904282 1.15353102516383 0.979729786282405 1.66265043313615 1.27857096632943 1.57971575041302 0.910687089897692 1.64351785904728 1.62093154084869
1.01295786187984 1.1104522687383 1.8726006897632 1.50722562032752 0 1.42381041846238 1.37449633819051 1.33175583183765 1.23869194672443 1.77484607906081 1.35205197893083 1.24096788954921 1.53356403834186 1.05950770620257 1.34474954940379 1.57737888838165 1.70611395919695 1.48956482112408 1.05110878148116 1.32655543158762 1.90425552986562 1.62723402259871 1.57699238485657 1.25959477922879 1.85514621157199 1.40051509113982 1.19628430600278 1.59373619779944 1.71350369462743 1.38512818329036
1.0228230918292 1.53741516522132 1.71705949027091 0.987902074120939 1.42381041846238 0 1.23617465607822 1.02665485744365 1.61283929599449 1.72374473977834 1.07094764057547 1.80310423648916 1.28131389687769 1.87801480456255 1.53902699821629 1.73963103443384 1.88355312985368 1.08794639538974 1.53061753395014 1.03205519285984 1.31502579688095 1.39830248081125 1.36794189247303 1.16853821184486 0.918265272630379 1.09127156366594 1.201868502656 1.48117853282019 1.22968036332168 1.74279025103897
0.935785360634327 1.44808706827462 1.89676494244486 1.15139656723477 1.37449633819051 1.23617465607822 0 1.66035251948051 1.41149611165747 1.7261254999321 1.85571024869569 1.4374620008748 1.41597684053704 1.00335209490731 1.83386475406587 1.40343978232704 0.944211719790474 1.62768854573369 1.89144786191173 1.6474279446993 0.982520878547803 1.2090361781884 1.56978071457706 1.45566605008207 1.36938853049651 1.35652801417746 1.72831256175414 1.89224148401991 1.33583770808764 1.48120371508412
1.44937749975361 1.66802893579006 1.62938667135313 1.67406427208334 1.33175583183765 1.02665485744365 1.66035251948051 0 1.0339605845511 1.11159243038855 1.84986008726992 1.18052445235662 1.47646633791737 0.941184933297336 1.36235715891235 1.79132381314412 1.53445534291677 1.598978752736 0.914277140516788 1.03854968701489 1.45553474826738 1.65529212146066 1.21790699684061 1.5655790544115 0.974544520257041 1.19420287781395 1.6631320824381 1.43629195564426 1.3677740865387 1.222950871801
1.82258834317327 1.3474674182944 1.14869286585599 0.98524828790687 1.23869194672443 1.61283929599449 1.41149611165747 1.0339605845511 0 1.80514886952005 1.68256831425242 1.67605649516918 0.98548343218863 1.35493722185493 1.87666484946385 1.7448326474987 1.50759453955106 1.0679980868008 1.33685799059458 1.06176785030402 0.929011263186112 1.75631882203743 1.8761349208653 1.8547036179807 1.78806945239194 1.29607926495373 1.90385823091492 1.31543932994828 1.33025744883344 1.67281079431996
1.34530673222616 1.48742226744071 1.79433369752951 1.64077226817608 1.77484607906081 1.72374473977834 1.7261254999321 1.11159243038855 1.80514886952005 0 1.5170298779849 1.30806746147573 1.09833708009683 1.83474975218996 1.11763878795318 0.998268094845116 1.07451309310272 1.76550532714464 1.89304597722366 1.28390728705563 1.29269295791164 0.968333843164146 1.26952172559686 1.74078728351742 1.19135726941749 1.59932595049031 1.42609339090995 1.35662694904022 1.09239663043991 1.41743893991224
1.00515748909675 1.49503728793934 1.09503741795197 1.25923195644282 1.35205197893083 1.07094764057547 1.85571024869569 1.84986008726992 1.68256831425242 1.5170298779849 0 1.45953250536695 1.40857163979672 1.84204201376997 1.76934095425531 0.953254762571305 1.05730040883645 1.41631667525508 0.978212323272601 1.56891230377369 1.56002483982593 1.34041579533368 1.07167721749283 1.33459625695832 1.53840104537085 1.25298263388686 1.36361566721462 1.87064875732176 0.95741660729982 1.77958390139975
1.14194514881819 1.38802969851531 1.66105878562666 1.52937659062445 1.24096788954921 1.80310423648916 1.4374620008748 1.18052445235662 1.67605649516918 1.30806746147573 1.45953250536695 0 1.10309075284749 1.45658919145353 1.38246800028719 1.33978618471883 1.1578920930624 1.4464294211939 1.70083434693515 1.73254059068859 1.36845906684175 0.916626965627074 1.4060871314723 1.75386770116165 0.935959354974329 0.976805683923885 1.08956404775381 1.82962987525389 1.4622886327561 1.27434664778411
1.60487651848234 1.33767219260335 1.11549504869618 1.25978774600662 1.53356403834186 1.28131389687769 1.41597684053704 1.47646633791737 0.98548343218863 1.09833708009683 1.40857163979672 1.10309075284749 0 1.10086450073868 1.9074962164741 1.30963854189031 1.75226587313227 1.85393859515898 1.88620443199761 1.45932362647727 1.27419279469177 1.18637189851142 1.51582656893879 1.77940495172516 1.86734802066348 1.83385658776388 1.69970855559222 1.74197064386681 0.975184648763388 1.25512483506463
1.25231560622342 1.21607997524552 1.7886202079244 1.31255542114377 1.05950770620257 1.87801480456255 1.00335209490731 0.941184933297336 1.35493722185493 1.83474975218996 1.84204201376997 1.45658919145353 1.10086450073868 0 1.46917592571117 1.4184140318539 1.08314278279431 1.57070980942808 0.958696181885898 1.16926529817283 1.24015651154332 1.03077643061988 1.76260571042076 0.980906618293375 1.2941570172552 1.60014611366205 1.67060118052177 1.48354283790104 1.18697948078625 1.10219004238024
0.93415421876125 1.82435151096433 1.71278702886775 1.55302827898413 1.34474954940379 1.53902699821629 1.83386475406587 1.36235715891235 1.87666484946385 1.11763878795318 1.76934095425531 1.38246800028719 1.9074962164741 1.46917592571117 0 1.28115487005562 1.44768836256117 1.56058499775827 1.50561581435613 1.35470625455491 1.25731228105724 1.61992304818705 1.88513840269297 1.84494910831563 1.32100085658021 1.84269888326526 1.11982178152539 1.38477710424922 1.77293075527996 1.82695524720475
1.78519318834879 1.39811505982652 1.80167021369562 1.38344301725738 1.57737888838165 1.73963103443384 1.40343978232704 1.79132381314412 1.7448326474987 0.998268094845116 0.953254762571305 1.33978618471883 1.30963854189031 1.4184140318539 1.28115487005562 0 1.24137736414559 1.89380540885031 1.7237961825449 1.17308213072829 1.82734693679959 1.26552270608954 1.17542201140895 0.912627974292263 0.922566914465278 1.77395436237566 0.942814458860084 1.11452893749811 1.76329130236991 1.11540089081973
1.25590521236882 1.7883383333683 1.03203825489618 1.55277892341837 1.70611395919695 1.88355312985368 0.944211719790474 1.53445534291677 1.50759453955106 1.07451309310272 1.05730040883645 1.1578920930624 1.75226587313227 1.08314278279431 1.44768836256117 1.24137736414559 0 0.937485160771757 1.00605938024819 0.990427932003513 1.28192913159728 1.34205192048103 1.0811038443353 1.71174055035226 1.40405264683068 1.35799992713146 1.67507077520713 1.41186368139461 1.39872118690982 1.80354096763767
0.926916874246672 1.352598878555 1.1075780983083 1.86298090801574 1.48956482112408 1.08794639538974 1.62768854573369 1.598978752736 1.0679980868008 1.76550532714464 1.41631667525508 1.4464294211939 1.85393859515898 1.57070980942808 1.56058499775827 1.89380540885031 0.937485160771757 0 1.62774365628138 1.29200956388377 1.13883018377237 1.01874773949385 1.81430120952427 1.41414575721137 1.00684386515059 1.7784651229158 1.44244498596527 1.27126848325133 1.39978410629556 1.8018822716549
1.11162715707906 1.76088054757565 1.23487549531274 1.15577546972781 1.05110878148116 1.53061753395014 1.89144786191173 0.914277140516788 1.33685799059458 1.89304597722366 0.978212323272601 1.70083434693515 1.88620443199761 0.958696181885898 1.50561581435613 1.7237961825449 1.00605938024819 1.62774365628138 0 1.27546837832779 1.03763969242573 1.70419743424281 1.65368230547756 1.84273487282917 1.72081075538881 1.47362941713072 1.82268165168352 1.70327233220451 1.2009623828344 1.60912017151713
1.10124834207818 1.24598006438464 1.5830890967045 1.28827455313876 1.32655543158762 1.03205519285984 1.6474279446993 1.03854968701489 1.06176785030402 1.28390728705563 1.56891230377369 1.73254059068859 1.45932362647727 1.16926529817283 1.35470625455491 1.17308213072829 0.990427932003513 1.29200956388377 1.27546837832779 0 1.5153933740221 1.57448652107269 1.03416876448318 1.31777899479493 1.60879218019545 1.51783911697567 1.64369922364131 1.33253295137547 1.49565257504582 1.81613816786557
1.86382413399406 1.2216112986207 1.86371314921416 1.24928676593117 1.90425552986562 1.31502579688095 0.982520878547803 1.45553474826738 0.929011263186112 1.29269295791164 1.56002483982593 1.36845906684175 1.27419279469177 1.24015651154332 1.25731228105724 1.82734693679959 1.28192913159728 1.13883018377237 1.03763969242573 1.5153933740221 0 1.82788715627976 1.86026500863954 1.29862230387516 1.3198119464796 1.81116387457587 1.27439993270673 1.55161906778812 1.46658986015245 1.86101686046459
1.67370731453411 0.933894156245515 1.43831460713409 1.337508904282 1.62723402259871 1.39830248081125 1.2090361781884 1.65529212146066 1.75631882203743 0.968333843164146 1.34041579533368 0.916626965627074 1.18637189851142 1.03077643061988 1.61992304818705 1.26552270608954 1.34205192048103 1.01874773949385 1.70419743424281 1.57448652107269 1.82788715627976 0 1.40945579856634 1.64380740164779 1.58487451868132 1.64364400692284 0.927597462432459 1.11319048516452 1.14396709110588 1.42611120734364
0.950984183931723 1.51095142355189 1.61987132392824 1.15353102516383 1.57699238485657 1.36794189247303 1.56978071457706 1.21790699684061 1.8761349208653 1.26952172559686 1.07167721749283 1.4060871314723 1.51582656893879 1.76260571042076 1.88513840269297 1.17542201140895 1.0811038443353 1.81430120952427 1.65368230547756 1.03416876448318 1.86026500863954 1.40945579856634 0 1.22884981730022 1.86661580647342 0.9106804295443 1.0154806652572 1.76347440388054 1.59545283997431 1.60585879231803
1.35581739316694 1.80501512857154 1.62387333274819 0.979729786282405 1.25959477922879 1.16853821184486 1.45566605008207 1.5655790544115 1.8547036179807 1.74078728351742 1.33459625695832 1.75386770116165 1.77940495172516 0.980906618293375 1.84494910831563 0.912627974292263 1.71174055035226 1.41414575721137 1.84273487282917 1.31777899479493 1.29862230387516 1.64380740164779 1.22884981730022 0 1.71220869780518 1.35183209343813 1.45315849455073 1.24624069756828 1.19175256812014 1.4476186351385
1.79018840147182 1.85344566870481 1.11386250378564 1.66265043313615 1.85514621157199 0.918265272630379 1.36938853049651 0.974544520257041 1.78806945239194 1.19135726941749 1.53840104537085 0.935959354974329 1.86734802066348 1.2941570172552 1.32100085658021 0.922566914465278 1.40405264683068 1.00684386515059 1.72081075538881 1.60879218019545 1.3198119464796 1.58487451868132 1.86661580647342 1.71220869780518 0 1.44469638657756 1.21225542505272 1.65821016114205 1.7764409177471 1.35485957260244
1.18074439140037 1.33388213370927 1.56682309880853 1.27857096632943 1.40051509113982 1.09127156366594 1.35652801417746 1.19420287781395 1.29607926495373 1.59932595049031 1.25298263388686 0.976805683923885 1.83385658776388 1.60014611366205 1.84269888326526 1.77395436237566 1.35799992713146 1.7784651229158 1.47362941713072 1.51783911697567 1.81116387457587 1.64364400692284 0.9106804295443 1.35183209343813 1.44469638657756 0 1.33679228182882 1.51603063428774 1.30985124548897 1.63225701195188
1.51846306631342 1.48796880641021 1.65994071564637 1.57971575041302 1.19628430600278 1.201868502656 1.72831256175414 1.6631320824381 1.90385823091492 1.42609339090995 1.36361566721462 1.08956404775381 1.69970855559222 1.67060118052177 1.11982178152539 0.942814458860084 1.67507077520713 1.44244498596527 1.82268165168352 1.64369922364131 1.27439993270673 0.927597462432459 1.0154806652572 1.45315849455073 1.21225542505272 1.33679228182882 0 0.982615972170606 1.70897646690719 1.66757970280014
1.83465446555056 1.01421109610237 1.63082858989947 0.910687089897692 1.59373619779944 1.48117853282019 1.89224148401991 1.43629195564426 1.31543932994828 1.35662694904022 1.87064875732176 1.82962987525389 1.74197064386681 1.48354283790104 1.38477710424922 1.11452893749811 1.41186368139461 1.27126848325133 1.70327233220451 1.33253295137547 1.55161906778812 1.11319048516452 1.76347440388054 1.24624069756828 1.65821016114205 1.51603063428774 0.982615972170606 0 1.36062052310444 1.3683327503968
1.7135235753376 1.5830877055414 0.99499011808075 1.64351785904728 1.71350369462743 1.22968036332168 1.33583770808764 1.3677740865387 1.33025744883344 1.09239663043991 0.95741660729982 1.4622886327561 0.975184648763388 1.18697948078625 1.77293075527996 1.76329130236991 1.39872118690982 1.39978410629556 1.2009623828344 1.49565257504582 1.46658986015245 1.14396709110588 1.59545283997431 1.19175256812014 1.7764409177471 1.30985124548897 1.70897646690719 1.36062052310444 0 1.47085675853305
1.85477830003947 0.962969802552834 1.38024789886549 1.62093154084869 1.38512818329036 1.74279025103897 1.48120371508412 1.222950871801 1.67281079431996 1.41743893991224 1.77958390139975 1.27434664778411 1.25512483506463 1.10219004238024 1.82695524720475 1.11540089081973 1.80354096763767 1.8018822716549 1.60912017151713 1.81613816786557 1.86101686046459 1.42611120734364 1.60585879231803 1.4476186351385 1.35485957260244 1.63225701195188 1.66757970280014 1.3683327503968 1.47085675853305 0
