0 1.24773645820096 1.56311509734951 0.942437946563587 1.55803018319421 1.69711973378435 1.27021332085133 1.80751951481216 1.54765734192915 1.8462847310584 1.84733837284148 1.39169374667108 1.66595559939742 1.15450897719711 1.84198819752783 1.47196099068969 1.83040436846204 1.11139858420938 1.00743213598616 1.36047994834371 1.5810009369161 1.65883259731345 1.28417591028847 1.37407936831005 1.50488832825795 1.2157573106233 1.31394636514597 1.61125427135266 1.43139742943458 1.00426810095087
1.24773645820096 0 1.11346939858049 1.19593734038062 1.43822053284384 1.69280431070365 1.88339043036103 1.35353091917932 1.48007047642022 1.25598409888335 1.33367237704806 1.43824833654799 1.38097582245246 1.15454193484038 1.59374337107874 1.90740651427768 1.70597405708395 1.84781053988263 1.45067046605982 1.07693316857331 1.71255943877622 1.0658155453857 1.34312819526531 1.10345915518701 1.07566274516284 1.59588237386197 1.25427080946974 1.49022426013835 1.23979040444829 1.55618543247692
1.56311509734951 1.11346939858049 0 1.78691078326665 1.24744558078237 1.1621851187665 1.21401210571639 1.90901965531521 1.54732013354078 1.21006348985247 1.28507745056413 1.18238396779634 1.81270473846234 1.72022099699825 1.39152214396745 1.14505367982201 1.88133901264518 1.6992635820061 1.37850758084096 1.00597290322185 1.07958170282654 1.04542278707959 1.09469700767659 1.71694785030559 1.19293165369891 1.86353499745019 1.31787858088501 1.30890461592935 1.49149226234294 1.4164524897933
0.942437946563587 1.19593734038062 1.78691078326665 0 1.2890908299014 1.45290673710406 1.61906125838868 1.36141409375705 1.51832058723085 1.36383571499027 1.06081132241525 1.8664366605226 1.55835664900951 1.15101808751933 1.65229911077768 1.68853855528869 1.3768069408834 1.35650607245043 1.77532174321823 0.938124078558758 1.53567113378085 1.42934391577728 1.29621470789425 1.78898650687188 1.45851973071694 1.57061711326241 1.01556559791788 1.03223914140835 1.32809538673609 1.34614411764778
1.55803018319421 1.43822053284384 1.24744558078237 1.2890908299014 0 1.2074510937091 1.72639941051602 1.31800899491645 1.80207781330682 1.47107279975899 1.63371085119434 1.49818228394724 1.76349262637086 1.91373131214641 1.88097631558776 0.959832033840939 1.26644569379278 1.49454298941419 1.21463043196127 1.12874674121849 1.15407129749656 1.06956640072167 1.80094734369777 1.89342538057826 1.31523190904409 1.51305466983467 0.990535613615066 1.23971329792403 1.24879933102056 1.80741298152134
1.69711973378435 1.69280431070365 1.1621851187665 1.45290673710406 1.2074510937091 0 1.04537199879996 1.10122882761061 1.35860077501275 1.08868330507539 1.08812701818533 1.50554640660994 1.21270165336318 1.81921303248964 1.75442205322906 0.944988810224459 1.47206367715262 1.71047091553919 1.83782052900642 1.82647455274127 1.26519853528589 1.75616922881454 1.20834658830427 1.54788694158196 1.19961208081804 1.1887357623782 1.43485402269289 1.6238221458625 1.81962373526767 1.6602860277053
1.27021332085133 1.88339043036103 1.21401210571639 1.61906125838868 1.72639941051602 1.04537199879996 0 1.45683937566355 1.5504048045259 1.75730733410455 1.76004454423673 1.87170801474713 1.01835495792329 1.67520432639867 1.78114322945476 1.3819029184524 1.01297314488329 1.07031183433719 0.989369091112167 1.19898431724869 1.58407233678736 1.60700815659948 1.3741724260617 1.07864416344091 1.13761064456776 1.8967637878377 1.60487882536836 1.11976603092626 1.72177699976601 1.16480381996371
1.80751951481216 1.35353091917932 1.90901965531521 1.36141409375705 1.31800899491645 1.10122882761061 1.45683937566355 0 1.3090111699421 1.72940678987652 1.73919957177714 1.19918581563979 1.2247885405086 1.37534134299494 1.05145416455343 1.14465852826834 1.27490666182712 1.67590375058353 1.32585385115817 1.1898890286684 1.13074169913307 0.956885889405385 1.32668725051917 1.07773482427001 1.12345757847652 1.68146385159343 1.68874633219093 1.53883477277122 1.70464763999917 1.53333426476456
1.54765734192915 1.48007047642022 1.54732013354078 1.51832058723085 1.80207781330682 1.35860077501275 1.5504048045259 1.3090111699421 0 1.40366567228921 1.86097815353423 1.21638793149032 1.86165760457516 1.25589316012338 1.47254722192883 1.65439142100513 1.29284078907222 0.92957917205058 1.65686170104891 1.52887544687837 1.32533832010813 1.79637921531685 1.68677235720679 1.37827688339166 1.17422175034881 1.23518662946299 1.11298268754035 1.84073407179676 1.68840166507289 1.28725242544897
1.8462847310584 1.25598409888335 1.21006348985247 1.36383571499027 1.47107279975899 1.08868330507539 1.75730733410455 1.72940678987652 1.40366567228921 0 1.57772424910218 1.63606881466694 1.56567075732164 1.78100097225979 1.82659214013256 1.77420864137821 1.77678974485025 0.948349974118173 1.03799770725891 1.48543614568189 1.28594363504089 1.62777121388353 1.61624372377992 1.80405040504411 1.7044928164687 1.16337213711813 1.84084341092966 1.09223348693922 0.943368357373402 1.77613863348961
1.84733837284148 1.33367237704806 1.28507745056413 1.06081132241525 1.63371085119434 1.08812701818533 1.76004454423673 1.73919957177714 1.86097815353423 1.57772424910218 0 1.80606336565688 1.47314213728532 1.33625810896046 1.35840585059486 1.73056504642591 1.77391104819253 1.53098274837248 1.30306627252139 1.42094814404845 1.80021385475993 1.86711637186818 1.10013997927308 1.8640874538105 1.90153955412097 1.04907047143206 1.18211259995587 1.51983671658672 1.46577741252258 1.92655314691365
1.39169374667108 1.43824833654799 1.18238396779634 1.8664366605226 1.49818228394724 1.50554640660994 1.87170801474713 1.19918581563979 1.21638793149032 1.63606881466694 1.80606336565688 0 1.45028336113319 1.73898475593887 1.0056204108987 1.60736716049723 1.75052243540995 1.09547364409082 1.8986000190489 1.86490592546761 0.960265110014006 1.66642040410079 1.52875218517147 1.63952761515975 1.34154750802554 1.5805851155892 1.87499704165384 1.52496567298658 1.56215306278318 1.56225448357873
1.66595559939742 1.38097582245246 1.81270473846234 1.55835664900951 1.76349262637086 1.21270165336318 1.01835495792329 1.2247885405086 1.86165760457516 1.56567075732164 1.47314213728532 1.45028336113319 0 1.4253705071751 1.82643229886889 1.74761376297101 1.34716055355966 1.54871234786697 1.74421298201196 1.40752552496269 1.23697514110245 1.22947122971527 1.53167511429638 1.19506092392839 0.951741232536733 1.74660824448802 1.82614235137589 1.35513046244159 1.16321802465245 1.74104002746753
1.15450897719711 1.15454193484038 1.72022099699825 1.15101808751933 1.91373131214641 1.81921303248964 1.67520432639867 1.37534134299494 1.25589316012338 1.78100097225979 1.33625810896046 1.73898475593887 1.4253705071751 0 1.17108029220253 1.38775903917849 1.41127265361138 0.949798956746235 1.71231859596446 1.50219142693095 1.45085833338089 1.8974659552332 1.18954008584842 1.10346769564785 1.6413642577827 0.940849052043632 0.998028089292347 0.930524423485622 1.6970430300571 1.0183133087121
1.84198819752783 1.59374337107874 1.39152214396745 1.65229911077768 1.88097631558776 1.75442205322906 1.78114322945476 1.05145416455343 1.47254722192883 1.82659214013256 1.35840585059486 1.0056204108987 1.82643229886889 1.17108029220253 0 1.0184480973985 1.5259919797536 1.00548255443573 1.8286630648654 1.77962053171359 1.09082140540704 1.2466511009261 1.45183496549726 1.46749663888477 1.37413029419258 1.40265127574094 0.957485277438536 1.69201670889743 0.989897351013497 1.00662820111029
1.47196099068969 1.90740651427768 1.14505367982201 1.68853855528869 0.959832033840939 0.944988810224459 1.3819029184524 1.14465852826834 1.65439142100513 1.77420864137821 1.73056504642591 1.60736716049723 1.74761376297101 1.38775903917849 1.0184480973985 0 1.26464826287702 1.55217485595495 1.01552155870013 1.5416496724356 1.4948036193382 1.22329496662132 1.61847527837381 1.59950354765169 1.81646697293036 1.03429043362848 1.72736929007806 1.1632292966824 1.13957316800952 1.26968494686298
1.83040436846204 1.70597405708395 1.88133901264518 1.3768069408834 1.26644569379278 1.47206367715262 1.01297314488329 1.27490666182712 1.29284078907222 1.77678974485025 1.77391104819253 1.75052243540995 1.34716055355966 1.41127265361138 1.5259919797536 1.26464826287702 0 1.72054839949124 1.17757237353362 1.62908704276197 1.78008400369436 1.53900532377884 1.6870320008602 1.6318959617056 1.66290554963052 1.8507695144508 1.72778711724095 1.03667524293996 1.357534582261 1.04160942207091
1.11139858420938 1.84781053988263 1.6992635820061 1.35650607245043 1.49454298941419 1.71047091553919 1.07031183433719 1.67590375058353 0.92957917205058 0.948349974118173 1.53098274837248 1.09547364409082 1.54871234786697 0.949798956746235 1.00548255443573 1.55217485595495 1.72054839949124 0 1.84680521697737 1.88894989760593 0.956663712626323 1.47005044110119 1.6402282754425 1.08182388101704 1.64584435359575 1.47841901355423 1.88353330548853 1.44081066572107 1.43681249767542 1.72890627663583
1.00743213598616 1.45067046605982 1.37850758084096 1.77532174321823 1.21463043196127 1.83782052900642 0.989369091112167 1.32585385115817 1.65686170104891 1.03799770725891 1.30306627252139 1.8986000190489 1.74421298201196 1.71231859596446 1.8286630648654 1.01552155870013 1.17757237353362 1.84680521697737 0 1.1028849685099 1.5282318489626 1.82667960389517 1.65064191189595 1.595336524304 1.64327720995061 1.56114503880963 1.42205708124675 1.45392851927318 1.63299494911917 1.83722831471823
1.36047994834371 1.07693316857331 1.00597290322185 0.938124078558758 1.12874674121849 1.82647455274127 1.19898431724869 1.1898890286684 1.52887544687837 1.48543614568189 1.42094814404845 1.86490592546761 1.40752552496269 1.50219142693095 1.77962053171359 1.5416496724356 1.62908704276197 1.88894989760593 1.1028849685099 0 1.40271716238931 1.28690661815926 1.10904433298856 1.92806546692736 1.515924195759 1.10227408446372 1.86372601310723 0.945482168812305 1.00998146552593 1.42181320372038
1.5810009369161 1.71255943877622 1.07958170282654 1.53567113378085 1.15407129749656 1.26519853528589 1.58407233678736 1.13074169913307 1.32533832010813 1.28594363504089 1.80021385475993 0.960265110014006 1.23697514110245 1.45085833338089 1.09082140540704 1.4948036193382 1.78008400369436 0.956663712626323 1.5282318489626 1.40271716238931 0 1.74090737383813 1.57965466193855 1.68318436224945 0.952448459109291 1.21459956513718 1.77986059966497 1.22304903157055 1.13247962458991 1.40007285843603
1.65883259731345 1.0658155453857 1.04542278707959 1.42934391577728 1.06956640072167 1.75616922881454 1.60700815659948 0.956885889405385 1.79637921531685 1.62777121388353 1.86711637186818 1.66642040410079 1.22947122971527 1.8974659552332 1.2466511009261 1.22329496662132 1.53900532377884 1.47005044110119 1.82667960389517 1.28690661815926 1.74090737383813 0 1.20945953531191 1.56846101302654 0.948344016913325 1.64906253363006 0.966211370425299 1.06490435265005 1.41356818703935 1.12449471605942
1.28417591028847 1.34312819526531 1.09469700767659 1.29621470789425 1.80094734369777 1.20834658830427 1.3741724260617 1.32668725051917 1.68677235720679 1.61624372377992 1.10013997927308 1.52875218517147 1.53167511429638 1.18954008584842 1.45183496549726 1.61847527837381 1.6870320008602 1.6402282754425 1.65064191189595 1.10904433298856 1.57965466193855 1.20945953531191 0 1.00868076086044 1.25624995166436 1.70020230184309 0.953827985329553 1.62373545533046 1.87967539252713 1.54964471864514
1.37407936831005 1.10345915518701 1.71694785030559 1.78898650687188 1.89342538057826 1.54788694158196 1.07864416344091 1.07773482427001 1.37827688339166 1.80405040504411 1.8640874538105 1.63952761515975 1.19506092392839 1.10346769564785 1.46749663888477 1.59950354765169 1.6318959617056 1.08182388101704 1.595336524304 1.92806546692736 1.68318436224945 1.56846101302654 1.00868076086044 0 1.76701258588582 0.972945193061605 1.91881058062427 0.98258329811506 1.78765072766691 1.36271265754476
1.50488832825795 1.07566274516284 1.19293165369891 1.45851973071694 1.31523190904409 1.19961208081804 1.13761064456776 1.12345757847652 1.17422175034881 1.7044928164687 1.90153955412097 1.34154750802554 0.951741232536733 1.6413642577827 1.37413029419258 1.81646697293036 1.66290554963052 1.64584435359575 1.64327720995061 1.515924195759 0.952448459109291 0.948344016913325 1.25624995166436 1.76701258588582 0 1.06565150921233 1.21706869639456 1.74591768300161 1.89565051649697 1.84461775794625
1.2157573106233 1.59588237386197 1.86353499745019 1.57061711326241 1.51305466983467 1.1887357623782 1.8967637878377 1.68146385159343 1.23518662946299 1.16337213711813 1.04907047143206 1.5805851155892 1.74660824448802 0.940849052043632 1.40265127574094 1.03429043362848 1.8507695144508 1.47841901355423 1.56114503880963 1.10227408446372 1.21459956513718 1.64906253363006 1.70020230184309 0.972945193061605 1.06565150921233 0 0.946116796927527 1.40307540073991 1.18910768511705 1.82996903778985
1.31394636514597 1.25427080946974 1.31787858088501 1.01556559791788 0.990535613615066 1.43485402269289 1.60487882536836 1.68874633219093 1.11298268754035 1.84084341092966 1.18211259995587 1.87499704165384 1.82614235137589 0.998028089292347 0.957485277438536 1.72736929007806 1.72778711724095 1.88353330548853 1.42205708124675 1.86372601310723 1.77986059966497 0.966211370425299 0.953827985329553 1.91881058062427 1.21706869639456 0.946116796927527 0 1.65015350421891 1.82172708050348 1.45515595329925
1.61125427135266 1.49022426013835 1.30890461592935 1.03223914140835 1.23971329792403 1.6238221458625 1.11976603092626 1.53883477277122 1.84073407179676 1.09223348693922 1.51983671658672 1.52496567298658 1.35513046244159 0.930524423485622 1.69201670889743 1.1632292966824 1.03667524293996 1.44081066572107 1.45392851927318 0.945482168812305 1.22304903157055 1.06490435265005 1.62373545533046 0.98258329811506 1.74591768300161 1.40307540073991 1.65015350421891 0 1.23505671601743 1.53456238051876
1.43139742943458 1.23979040444829 1.49149226234294 1.32809538673609 1.24879933102056 1.81962373526767 1.72177699976601 1.70464763999917 1.68840166507289 0.943368357373402 1.46577741252258 1.56215306278318 1.16321802465245 1.6970430300571 0.989897351013497 1.13957316800952 1.357534582261 1.43681249767542 1.63299494911917 1.00998146552593 1.13247962458991 1.41356818703935 1.87967539252713 1.78765072766691 1.89565051649697 1.18910768511705 1.82172708050348 1.23505671601743 0 1.48676184169017
1.00426810095087 1.55618543247692 1.4164524897933 1.34614411764778 1.80741298152134 1.6602860277053 1.16480381996371 1.53333426476456 1.28725242544897 1.77613863348961 1.92655314691365 1.56225448357873 1.74104002746753 1.0183133087121 1.00662820111029 1.26968494686298 1.04160942207091 1.72890627663583 1.83722831471823 1.42181320372038 1.40007285843603 1.12449471605942 1.54964471864514 1.36271265754476 1.84461775794625 1.82996903778985 1.45515595329925 1.53456238051876 1.48676184169017 0
