0 1.18363575800322 1.57365515339188 1.81407224619761 1.61726778512821 1.77479962143116 1.16746211098507 1.01609893050045 1.30357952974737 1.29672144190408 1.55594312027097 1.37667984003201 1.51571226795204 1.59116448136047 1.0145101393573 1.42648855131119 0.91757068852894 1.68155285576358 0.988507119240239 1.62196286395192 1.67066950723529 1.60980616253801 1.72121461504139 1.00007034651935 1.52307460969314 1.23780160839669 1.26441539078951 1.79663026379421 1.17322737490758 1.66124522453174
1.18363575800322 0 1.88911986537278 0.941821191459894 1.76348624937236 0.955035408958793 1.83391742175445 1.6319054744672 1.60144537570886 1.80773180071265 1.1868362869136 1.5634953067638 1.08010414405726 1.59696426708251 1.12837083498016 1.2932675878983 1.75045224349014 1.76951612858102 1.2653226533439 1.19003921863623 1.12332245730795 1.72191282920539 1.04223828017712 1.1797826604452 1.09844935708679 0.936258409405127 1.57938960683532 1.12724654772319 1.88329955656081 1.28769690031186
1.57365515339188 1.88911986537278 0 1.20971498708241 1.8909229664132 1.58198514394462 0.970601996639743 1.67084731068462 1.23839286225848 1.33388631581329 1.13565082359128 1.77199094207026 1.20475293206982 1.26301139965653 1.60472701792605 1.68501670449041 1.85133332177065 1.16696840780787 1.55675516650081 1.23669293383136 1.57991288579069 1.08081494527869 1.36350627127104 1.07038910221308 1.03442514920607 1.54543751874007 1.03652835451066 1.84601353341714 1.24660459114239 1.41986353183165
1.81407224619761 0.941821191459894 1.20971498708241 0 1.43468639464118 1.64886127389036 0.942499083466828 1.20136405294761 0.952516173478216 1.80768955289386 1.23873876780272 1.71183272521012 1.90134154446423 1.45393619686365 1.87015730747953 1.65227862400934 1.06614121422172 1.31103820330463 1.2035517883487 1.25865146191791 1.84129101666622 1.75384244835004 1.49836913030595 0.935959628084674 1.47602210054174 1.19153103977442 1.90440816944465 1.20830303290859 1.2400271599181 1.64729775371961
1.61726778512821 1.76348624937236 1.8909229664132 1.43468639464118 0 1.46501748356968 1.53051988314837 1.35181832686067 1.25123135675676 1.34447718295269 1.24296181858517 1.87571009085514 1.0525051902514 1.69984849682078 1.0368651910685 1.04861168097705 1.14102413016371 0.964883275097236 1.32572735846043 1.08921838901006 1.26483113365248 1.74926090566441 0.999430236639455 1.2821011627093 1.750946033746 1.84016010956839 1.456199856475 1.48096947255544 1.73071409040131 1.69569456716999
1.77479962143116 0.955035408958793 1.58198514394462 1.64886127389036 1.46501748356968 0 1.62924537435174 1.70095083769411 1.10966314701363 1.19817349873483 1.32114828424528 1.87472546519712 1.7615322638303 1.42065825220197 0.947864938760176 1.26799382339232 1.26565459999256 1.47282661031932 1.78486864734441 1.42103411490098 1.60846415581182 1.8662272230722 1.55892296181992 1.84498707065359 1.0931419658009 1.73844366567209 1.79019589535892 1.29908447037451 1.3828992319759 1.08305450482294
1.16746211098507 1.83391742175445 0.970601996639743 0.942499083466828 1.53051988314837 1.62924537435174 0 1.61038001999259 0.908136556856334 1.31783093232661 1.68208088423125 1.31590647459961 1.17132497834973 1.28011480998248 1.56620089593343 1.49009765312076 1.60810541710816 0.972176162526011 1.06084222532809 1.50422381539829 1.57847081311047 1.7169624096714 1.08144354424439 1.52360463771038 1.71791352541186 1.29949747817591 0.999521346762776 1.09960575122386 1.05966487689875 1.5715388006065
1.01609893050045 1.6319054744672 1.67084731068462 1.20136405294761 1.35181832686067 1.70095083769411 1.61038001999259 0 1.41193770524114 1.10227430681698 1.78887917264365 1.67436520149931 0.93693097983487 1.06162361311726 1.65073001082055 0.923580660950392 1.43564097816125 0.998452397063375 1.02325357706286 1.08765847817995 1.73850014619529 1.5291158373002 1.10385493771173 1.31840210501105 1.81254415679723 1.49237701413222 1.01236197189428 1.35322275920771 1.45154517306946 1.89879578654654
1.30357952974737 1.60144537570886 1.23839286225848 0.952516173478216 1.25123135675676 1.10966314701363 0.908136556856334 1.41193770524114 0 1.59184928773902 1.3933312909212 1.77656873548403 1.11327615380287 1.51757918857038 1.30290038813837 1.84686837415211 1.17456902842969 1.28307547909208 0.983537609921768 1.18092258390971 1.24361962475814 1.3400253506843 1.07729107723571 1.29690223420039 1.56369594135322 1.45157061540522 1.88309222669341 1.01962703582831 1.31699636741541 0.940829282393679
1.29672144190408 1.80773180071265 1.33388631581329 1.80768955289386 1.34447718295269 1.19817349873483 1.31783093232661 1.10227430681698 1.59184928773902 0 1.11137517401949 1.608669326175 1.5541151848156 1.2820133655332 1.28909857873805 1.01916299201548 1.84068893361837 1.13967589684762 1.22896388033405 1.34437435027212 1.43112517637201 1.83192447503097 1.40051349112764 1.39411510177888 1.29026771569625 1.43750861496665 0.965032934676856 1.43038563616574 1.90026464336552 1.80408708122559
1.55594312027097 1.1868362869136 1.13565082359128 1.23873876780272 1.24296181858517 1.32114828424528 1.68208088423125 1.78887917264365 1.3933312909212 1.11137517401949 0 1.30597269418649 1.77116220025346 1.22969084489159 1.42630573967472 1.65987311978824 1.15329482615925 1.50154527835548 1.18280030670576 1.74405886838213 1.47981612407602 1.38189304084517 1.46603359980509 1.11828117538244 1.00950713362545 1.19914572010748 1.05864779022522 1.46850561583415 1.796380356187 1.25652377447113
1.37667984003201 1.5634953067638 1.77199094207026 1.71183272521012 1.87571009085514 1.87472546519712 1.31590647459961 1.67436520149931 1.77656873548403 1.608669326175 1.30597269418649 0 1.46720912400633 1.66168847144581 1.55355921131559 1.05478765349835 0.922716994537041 0.9108268157579 1.69544042344205 1.12201695539989 1.78933886555023 1.67483486142009 1.86964485817589 1.79891473916359 1.64812477026135 1.11230602557771 1.9064334356226 1.1788795622997 0.980144886067137 1.67311698338017
1.51571226795204 1.08010414405726 1.20475293206982 1.90134154446423 1.0525051902514 1.7615322638303 1.17132497834973 0.93693097983487 1.11327615380287 1.5541151848156 1.77116220025346 1.46720912400633 0 1.4421693100594 1.81376401870511 1.1261309615802 1.2435703582596 1.49692446505651 1.08487540250644 1.61125622270629 0.980396290542558 1.76622106553987 1.52597388369031 1.52452655183151 1.81657813605852 1.86130045377649 1.64994345954619 1.47054960974492 1.82111749774776 1.51064512785524
1.59116448136047 1.59696426708251 1.26301139965653 1.45393619686365 1.69984849682078 1.42065825220197 1.28011480998248 1.06162361311726 1.51757918857038 1.2820133655332 1.22969084489159 1.66168847144581 1.4421693100594 0 1.27619417430833 1.39582016179338 1.30696573923342 1.29251732537523 1.84394927858375 1.31640470772982 1.69420554931276 1.81527135171928 1.39629629277624 1.31131434347481 1.51693145930767 1.87616721680388 1.12252227892168 1.22160605550744 0.966476357541978 1.77811450627632
1.0145101393573 1.12837083498016 1.60472701792605 1.87015730747953 1.0368651910685 0.947864938760176 1.56620089593343 1.65073001082055 1.30290038813837 1.28909857873805 1.42630573967472 1.55355921131559 1.81376401870511 1.27619417430833 0 0.965831141686067 1.73087719222531 1.30379614373669 1.82010564464144 1.19148411042988 1.25211764313281 1.70028083282523 1.90761203598231 1.13871600688435 1.58328075311147 1.89180525182746 1.00374070042744 1.31295284559019 1.35118492157198 1.50028686225414
1.42648855131119 1.2932675878983 1.68501670449041 1.65227862400934 1.04861168097705 1.26799382339232 1.49009765312076 0.923580660950392 1.84686837415211 1.01916299201548 1.65987311978824 1.05478765349835 1.1261309615802 1.39582016179338 0.965831141686067 0 1.78080491092987 1.85601232340559 0.974877975182608 1.5485150734894 1.88281817175448 1.27151087811217 1.73499888647348 1.2366720228456 1.22825562767684 0.947997547453269 1.7138217384927 1.68620626069605 1.82545606140047 1.3392571080476
0.91757068852894 1.75045224349014 1.85133332177065 1.06614121422172 1.14102413016371 1.26565459999256 1.60810541710816 1.43564097816125 1.17456902842969 1.84068893361837 1.15329482615925 0.922716994537041 1.2435703582596 1.30696573923342 1.73087719222531 1.78080491092987 0 1.02376742777415 1.2124349239748 1.1075605514925 1.90086001669988 1.16624614107423 1.16437064856291 1.43548152968287 1.59392777760513 1.05467841471545 1.40852631209418 1.8737978739664 1.83822437026538 1.75038800900802
1.68155285576358 1.76951612858102 1.16696840780787 1.31103820330463 0.964883275097236 1.47282661031932 0.972176162526011 0.998452397063375 1.28307547909208 1.13967589684762 1.50154527835548 0.9108268157579 1.49692446505651 1.29251732537523 1.30379614373669 1.85601232340559 1.02376742777415 0 1.32223843387328 0.966328703332692 1.34663282474503 0.929266684455797 1.38134080381133 1.2886518293526 1.34620251460001 0.946426655631512 1.10876522492617 1.10009403293952 1.42970462422818 1.7483779208269
0.988507119240239 1.2653226533439 1.55675516650081 1.2035517883487 1.32572735846043 1.78486864734441 1.06084222532809 1.02325357706286 0.983537609921768 1.22896388033405 1.18280030670576 1.69544042344205 1.08487540250644 1.84394927858375 1.82010564464144 0.974877975182608 1.2124349239748 1.32223843387328 0 1.08772047655657 1.62512597953901 1.31003079935908 1.61653547617607 1.71083980798721 1.81117108720355 1.52872731816024 1.43973917257972 1.88620449602604 1.17143860016949 1.62274410878308
1.62196286395192 1.19003921863623 1.23669293383136 1.25865146191791 1.08921838901006 1.42103411490098 1.50422381539829 1.08765847817995 1.18092258390971 1.34437435027212 1.74405886838213 1.12201695539989 1.61125622270629 1.31640470772982 1.19148411042988 1.5485150734894 1.1075605514925 0.966328703332692 1.08772047655657 0 1.07521887402982 0.983052498428151 1.59063780214638 0.928347379434854 1.44575116154738 1.18896584049799 1.81015544198453 1.03855520999059 1.48111870512366 1.52864031377248
1.67066950723529 1.12332245730795 1.57991288579069 1.84129101666622 1.26483113365248 1.60846415581182 1.57847081311047 1.73850014619529 1.24361962475814 1.43112517637201 1.47981612407602 1.78933886555023 0.980396290542558 1.69420554931276 1.25211764313281 1.88281817175448 1.90086001669988 1.34663282474503 1.62512597953901 1.07521887402982 0 1.0746336937882 1.27994648972526 1.4549286889378 1.80159967532381 1.48472506622784 1.69433267530985 1.72411022032611 1.18525870260783 1.55278202029876
1.60980616253801 1.72191282920539 1.08081494527869 1.75384244835004 1.74926090566441 1.8662272230722 1.7169624096714 1.5291158373002 1.3400253506843 1.83192447503097 1.38189304084517 1.67483486142009 1.76622106553987 1.81527135171928 1.70028083282523 1.27151087811217 1.16624614107423 0.929266684455797 1.31003079935908 0.983052498428151 1.0746336937882 0 1.49883286445402 1.50222094589844 1.58930604741909 1.28831629850902 1.31130864121951 1.76041607372463 1.06242032791488 1.87439137324691
1.72121461504139 1.04223828017712 1.36350627127104 1.49836913030595 0.999430236639455 1.55892296181992 1.08144354424439 1.10385493771173 1.07729107723571 1.40051349112764 1.46603359980509 1.86964485817589 1.52597388369031 1.39629629277624 1.90761203598231 1.73499888647348 1.16437064856291 1.38134080381133 1.61653547617607 1.59063780214638 1.27994648972526 1.49883286445402 0 1.1755332427565 1.44416541582905 1.38215697254054 1.16312870965339 1.03401994588785 1.288586972747 1.52240471565165
1.00007034651935 1.1797826604452 1.07038910221308 0.935959628084674 1.2821011627093 1.84498707065359 1.52360463771038 1.31840210501105 1.29690223420039 1.39411510177888 1.11828117538244 1.79891473916359 1.52452655183151 1.31131434347481 1.13871600688435 1.2366720228456 1.43548152968287 1.2886518293526 1.71083980798721 0.928347379434854 1.4549286889378 1.50222094589844 1.1755332427565 0 1.18380793766119 1.75390358245932 1.58693933300674 1.81835673376918 1.40384517353959 1.13711730856448
1.52307460969314 1.09844935708679 1.03442514920607 1.47602210054174 1.750946033746 1.0931419658009 1.71791352541186 1.81254415679723 1.56369594135322 1.29026771569625 1.00950713362545 1.64812477026135 1.81657813605852 1.51693145930767 1.58328075311147 1.22825562767684 1.59392777760513 1.34620251460001 1.81117108720355 1.44575116154738 1.80159967532381 1.58930604741909 1.44416541582905 1.18380793766119 0 1.6253146585077 1.04915046482347 1.79422641918063 1.09773963969201 1.33387836092152
1.23780160839669 0.936258409405127 1.54543751874007 1.19153103977442 1.84016010956839 1.73844366567209 1.29949747817591 1.49237701413222 1.45157061540522 1.43750861496665 1.19914572010748 1.11230602557771 1.86130045377649 1.87616721680388 1.89180525182746 0.947997547453269 1.05467841471545 0.946426655631512 1.52872731816024 1.18896584049799 1.48472506622784 1.28831629850902 1.38215697254054 1.75390358245932 1.6253146585077 0 1.13359421631321 1.43512022052892 1.09488457604311 1.31942486693151
1.26441539078951 1.57938960683532 1.03652835451066 1.90440816944465 1.456199856475 1.79019589535892 0.999521346762776 1.01236197189428 1.88309222669341 0.965032934676856 1.05864779022522 1.9064334356226 1.64994345954619 1.12252227892168 1.00374070042744 1.7138217384927 1.40852631209418 1.10876522492617 1.43973917257972 1.81015544198453 1.69433267530985 1.31130864121951 1.16312870965339 1.58693933300674 1.04915046482347 1.13359421631321 0 1.90247591468506 0.96547498810105 1.64257042645477
1.79663026379421 1.12724654772319 1.84601353341714 1.20830303290859 1.48096947255544 1.29908447037451 1.09960575122386 1.35322275920771 1.01962703582831 1.43038563616574 1.46850561583415 1.1788795622997 1.47054960974492 1.22160605550744 1.31295284559019 1.68620626069605 1.8737978739664 1.10009403293952 1.88620449602604 1.03855520999059 1.72411022032611 1.76041607372463 1.03401994588785 1.81835673376918 1.79422641918063 1.43512022052892 1.90247591468506 0 1.11754656909034 1.79288791585714
1.17322737490758 1.88329955656081 1.24660459114239 1.2400271599181 1.73071409040131 1.3828992319759 1.05966487689875 1.45154517306946 1.31699636741541 1.90026464336552 1.796380356187 0.980144886067137 1.82111749774776 0.966476357541978 1.35118492157198 1.82545606140047 1.83822437026538 1.42970462422818 1.17143860016949 1.48111870512366 1.18525870260783 1.06242032791488 1.288586972747 1.40384517353959 1.09773963969201 1.09488457604311 0.96547498810105 1.11754656909034 0 1.51924163475633
1.66124522453174 1.28769690031186 1.41986353183165 1.64729775371961 1.69569456716999 1.08305450482294 1.5715388006065 1.89879578654654 0.940829282393679 1.80408708122559 1.25652377447113 1.67311698338017 1.51064512785524 1.77811450627632 1.50028686225414 1.3392571080476 1.75038800900802 1.7483779208269 1.62274410878308 1.52864031377248 1.55278202029876 1.87439137324691 1.52240471565165 1.13711730856448 1.33387836092152 1.31942486693151 1.64257042645477 1.79288791585714 1.51924163475633 0
