0 1.0636037895456 0.938546157442033 1.78233924903907 1.24586852150969 1.46779964142479 1.56271203118376 1.82716830074787 1.22519099432975 1.59301174618304 1.84181885118596 1.13702303683385 1.62590897688642 1.45572078390978 1.83255284139886 1.81354721356183 0.96185643132776 1.21707221004181 1.55791775253601 1.67286043730564 1.39604828320444 1.47542031807825 1.03815138130449 1.4957388099283 1.89383866428398 1.34713197196834 1.88144478714094 1.80526494421065 1.37474178476259 1.61109125055373
1.0636037895456 0 1.11258385912515 0.955044725211337 1.43807498016395 0.984852953348309 1.39165860251524 0.989329659612849 1.55686606816016 1.74525713501498 1.66175545775332 1.43676929688081 1.63088185456581 1.45579934469424 1.03462776681408 1.04633475630544 0.956012631533667 1.84357013483532 1.15830738004297 1.37175122089684 1.11724191415124 1.54598207818344 1.8354831605684 1.88396968436427 1.4728380125016 1.60964091774076 1.3349222834222 1.8888568864204 1.50469289626926 1.64095078175887
0.938546157442033 1.11258385912515 0 1.79202902573161 1.64521863358095 1.29423405090347 1.44467377755791 1.18124430929311 1.39626057748683 1.81927031371742 0.917128450470045 1.42339322553016 1.68162631662562 1.01127339154482 1.54962904867716 1.45239495160058 1.49686863762327 1.40242127515376 1.3797502676025 1.53575114230625 1.45385334221646 1.70752542535774 1.62369526503608 1.12932936986908 0.993934521917254 0.922435228247195 1.72731476998888 1.79445067234337 1.79520264896564 0.986697765532881
1.78233924903907 0.955044725211337 1.79202902573161 0 1.63898432650603 1.56051564658992 1.02243052585982 0.934754924848676 1.28042746451683 1.86001547216438 1.33440101426095 1.31382850324735 1.6479592975229 1.77075741300359 0.934007096802816 0.946642729220912 1.00374842132442 0.935085949720815 1.45646614464931 1.8207218311727 1.74908060417511 1.69871480227448 1.11547313979827 1.74665107578039 1.41051240591332 1.21433434681967 1.07968129846267 1.57089213025756 1.31481711682864 1.80736395460553
1.24586852150969 1.43807498016395 1.64521863358095 1.63898432650603 0 1.61808778997511 1.80498963547871 1.5778498952277 1.78945395979099 0.971470115240663 1.17689475277439 1.60126386256889 1.54706238792278 1.84616545331664 1.83013665187173 1.88800350460224 1.22881690505892 1.13121557049453 1.55556209315546 1.87449029181153 1.13799277832732 1.55561299761757 1.50417446601205 1.56849461607635 1.10433454927988 1.49565976229496 1.17193600907922 1.82950343936682 1.7027971339412 1.08323135366663
1.46779964142479 0.984852953348309 1.29423405090347 1.56051564658992 1.61808778997511 0 1.87751903524622 1.34773850091733 1.740278753452 1.77307522203773 0.947904214030132 1.08674557763152 1.33003036514856 1.46416855300777 1.71311469282955 1.26220767269842 0.952926216181368 1.84217710490339 0.945213220547885 1.04046795563772 1.41038969438523 1.28216854785569 1.69629882066511 1.3391744159162 1.25607330049388 1.39170897635631 1.70376458368264 1.64243401680142 1.84089849051088 1.3283295892179
1.56271203118376 1.39165860251524 1.44467377755791 1.02243052585982 1.80498963547871 1.87751903524622 0 1.5017573395744 1.84314883057959 1.585133763263 1.83634599880315 1.85490278550424 1.09148458321579 1.7714359362144 1.08487279783003 1.81325244996697 1.47332691494375 1.75655418960378 1.0574148343876 1.79097732808441 1.46525935851969 1.34488844522275 1.79131375649013 0.909554526675493 1.08527396642603 1.38227758090943 1.68592231837101 1.54699280182831 0.908609834266827 1.3056560123805
1.82716830074787 0.989329659612849 1.18124430929311 0.934754924848676 1.5778498952277 1.34773850091733 1.5017573395744 0 1.10326004074886 1.24911356018856 1.52347242063843 0.988615328678861 1.87170801777393 1.31826745113358 1.66264346265234 1.23881329456344 1.13106774771586 1.86984087456949 1.53270098613575 1.48581337556243 1.22502429783344 1.53519075410441 1.73744598543271 1.05545443645678 1.84908058983274 1.64611068018712 1.02764426916838 1.01418373035267 1.79493780224584 0.964091304922476
1.22519099432975 1.55686606816016 1.39626057748683 1.28042746451683 1.78945395979099 1.740278753452 1.84314883057959 1.10326004074886 0 1.71350104524754 1.76233664038591 1.56857443857007 1.78043727669865 1.63826573407277 1.73213847330771 1.15403687488288 1.56313867261633 1.10805590450764 1.21288549830206 1.78952773124911 1.26818438945338 1.53011810523458 1.50861219479702 1.27804290223867 1.17375297890976 1.68795220600441 1.21322369109839 1.01192318787798 1.29454800533131 1.15875645424239
1.59301174618304 1.74525713501498 1.81927031371742 1.86001547216438 0.971470115240663 1.77307522203773 1.585133763263 1.24911356018856 1.71350104524754 0 1.02171077975072 1.13793693319894 1.82576338993385 1.82481712428853 1.47997039277107 1.55769764981233 1.77742328168824 1.88634406845085 1.28945744014345 1.37447835155763 1.01289794151671 1.05647206492722 1.20626284554601 1.17237559147179 1.07056848215871 1.59576272079721 1.48806013050489 1.31154883163981 1.24203575402498 1.42260985076427
1.84181885118596 1.66175545775332 0.917128450470045 1.33440101426095 1.17689475277439 0.947904214030132 1.83634599880315 1.52347242063843 1.76233664038591 1.02171077975072 0 1.16197287943214 1.54933872888796 1.66218426055275 1.35719345393591 1.47013433743268 1.43960428098217 1.7423542549368 1.81339029408991 1.88505676737987 1.77997947181575 1.28955506952479 1.05087370006368 1.39566018641926 1.35582615528256 1.77292348514311 1.15419637365267 1.39088188204914 1.67755990172736 1.35325941652991
1.13702303683385 1.43676929688081 1.42339322553016 1.31382850324735 1.60126386256889 1.08674557763152 1.85490278550424 0.988615328678861 1.56857443857007 1.13793693319894 1.16197287943214 0 1.48585873353295 1.8308202624321 1.69947710074484 1.79537288937718 1.5758142224513 1.34133887570351 1.2426443703007 1.86972957779653 1.2506161602214 1.74943742132746 1.83814626536332 1.635372687364 1.03728523850441 1.38970482279547 1.38448761031032 1.68864176049829 1.76411580876447 1.75182031001896
1.62590897688642 1.63088185456581 1.68162631662562 1.6479592975229 1.54706238792278 1.33003036514856 1.09148458321579 1.87170801777393 1.78043727669865 1.82576338993385 1.54933872888796 1.48585873353295 0 1.2931199609302 1.14268969441764 1.62223519664258 1.47052762308158 1.11312301433645 1.58569698012434 1.69180891267024 1.10050472780131 1.64875649916939 1.43999481759965 1.82701050513424 1.45199900167063 1.39344484196045 0.985471400199458 1.71239651506767 1.30649134074338 1.13257627934217
1.45572078390978 1.45579934469424 1.01127339154482 1.77075741300359 1.84616545331664 1.46416855300777 1.7714359362144 1.31826745113358 1.63826573407277 1.82481712428853 1.66218426055275 1.8308202624321 1.2931199609302 0 1.03850993188098 1.31766656017862 1.18078937241808 0.982276361435652 1.44784753001295 1.42365542287007 1.55719844507985 1.60028912639245 1.26558113913052 1.31845808494836 1.22389379772358 1.52391946013086 1.17660347884521 1.19309007003903 0.962655859300867 1.27098395116627
1.83255284139886 1.03462776681408 1.54962904867716 0.934007096802816 1.83013665187173 1.71311469282955 1.08487279783003 1.66264346265234 1.73213847330771 1.47997039277107 1.35719345393591 1.69947710074484 1.14268969441764 1.03850993188098 0 1.14494868600741 1.78945379261859 1.63336598267779 1.88995220325887 1.21539763454348 1.26005630637519 1.42161209462211 1.71202361606993 1.63982375641353 0.967560138553381 1.82510062819347 1.87252586940303 1.02236339822412 1.70980265084654 1.23122905846685
1.81354721356183 1.04633475630544 1.45239495160058 0.946642729220912 1.88800350460224 1.26220767269842 1.81325244996697 1.23881329456344 1.15403687488288 1.55769764981233 1.47013433743268 1.79537288937718 1.62223519664258 1.31766656017862 1.14494868600741 0 1.63174328161404 0.987881755223498 1.0042928813491 1.7855421283748 1.72034432413056 1.81213628454134 1.2474905278068 1.72951185912825 1.25166568276472 1.65983084146865 1.89080079668202 1.43340801587328 1.79977161041461 1.54452909296378
0.96185643132776 0.956012631533667 1.49686863762327 1.00374842132442 1.22881690505892 0.952926216181368 1.47332691494375 1.13106774771586 1.56313867261633 1.77742328168824 1.43960428098217 1.5758142224513 1.47052762308158 1.18078937241808 1.78945379261859 1.63174328161404 0 1.35732683422975 1.25568604934961 1.78296530293301 1.39920855942182 1.73493771301582 1.83579569146968 1.67808135529049 1.40705987182446 1.01277637248859 1.88388193072751 1.00542562641203 1.21613311069086 1.59948675637133
1.21707221004181 1.84357013483532 1.40242127515376 0.935085949720815 1.13121557049453 1.84217710490339 1.75655418960378 1.86984087456949 1.10805590450764 1.88634406845085 1.7423542549368 1.34133887570351 1.11312301433645 0.982276361435652 1.63336598267779 0.987881755223498 1.35732683422975 0 1.46695420192555 1.50273373234086 1.42928174487315 1.31530020502396 1.49772516684607 0.962191927945241 1.37605377682485 1.74265955551527 1.21747292997316 1.67673268332146 1.6720018114429 1.11613036692142
1.55791775253601 1.15830738004297 1.3797502676025 1.45646614464931 1.55556209315546 0.945213220547885 1.0574148343876 1.53270098613575 1.21288549830206 1.28945744014345 1.81339029408991 1.2426443703007 1.58569698012434 1.44784753001295 1.88995220325887 1.0042928813491 1.25568604934961 1.46695420192555 0 1.03577602421865 1.17123416112736 1.63349287584424 1.48123873933218 0.955541767645627 1.01063302438706 1.73312604869716 1.9015030125156 1.80904096155427 1.04431644151919 1.38985662069172
1.67286043730564 1.37175122089684 1.53575114230625 1.8207218311727 1.87449029181153 1.04046795563772 1.79097732808441 1.48581337556243 1.78952773124911 1.37447835155763 1.88505676737987 1.86972957779653 1.69180891267024 1.42365542287007 1.21539763454348 1.7855421283748 1.78296530293301 1.50273373234086 1.03577602421865 0 1.31237894389778 0.940106182126328 0.982502318918705 1.85833531687967 0.970487686339766 1.78876515012234 1.73246959759854 0.954615927767009 1.02690600813366 1.13250205270015
1.39604828320444 1.11724191415124 1.45385334221646 1.74908060417511 1.13799277832732 1.41038969438523 1.46525935851969 1.22502429783344 1.26818438945338 1.01289794151671 1.77997947181575 1.2506161602214 1.10050472780131 1.55719844507985 1.26005630637519 1.72034432413056 1.39920855942182 1.42928174487315 1.17123416112736 1.31237894389778 0 1.32991820340976 1.68821502756327 1.27235279371962 1.30501035391353 1.88818264682777 1.08555193082429 1.40752514568157 1.1692145827692 1.20344050647691
1.47542031807825 1.54598207818344 1.70752542535774 1.69871480227448 1.55561299761757 1.28216854785569 1.34488844522275 1.53519075410441 1.53011810523458 1.05647206492722 1.28955506952479 1.74943742132746 1.64875649916939 1.60028912639245 1.42161209462211 1.81213628454134 1.73493771301582 1.31530020502396 1.63349287584424 0.940106182126328 1.32991820340976 0 0.918293948983774 1.59906606609002 1.12679312285036 1.09893275867216 1.90241157077253 1.13438188889995 1.65949029591866 1.44219764322042
1.03815138130449 1.8354831605684 1.62369526503608 1.11547313979827 1.50417446601205 1.69629882066511 1.79131375649013 1.73744598543271 1.50861219479702 1.20626284554601 1.05087370006368 1.83814626536332 1.43999481759965 1.26558113913052 1.71202361606993 1.2474905278068 1.83579569146968 1.49772516684607 1.48123873933218 0.982502318918705 1.68821502756327 0.918293948983774 0 1.87960263900459 1.3372283950448 1.09194484469481 1.13927577366121 1.85072060930543 1.87841765349731 1.35583699541166
1.4957388099283 1.88396968436427 1.12932936986908 1.74665107578039 1.56849461607635 1.3391744159162 0.909554526675493 1.05545443645678 1.27804290223867 1.17237559147179 1.39566018641926 1.635372687364 1.82701050513424 1.31845808494836 1.63982375641353 1.72951185912825 1.67808135529049 0.962191927945241 0.955541767645627 1.85833531687967 1.27235279371962 1.59906606609002 1.87960263900459 0 1.1446664056275 1.29322116076946 1.34181635081768 1.56738643208519 1.22024164162576 1.07282458338886
1.89383866428398 1.4728380125016 0.993934521917254 1.41051240591332 1.10433454927988 1.25607330049388 1.08527396642603 1.84908058983274 1.17375297890976 1.07056848215871 1.35582615528256 1.03728523850441 1.45199900167063 1.22389379772358 0.967560138553381 1.25166568276472 1.40705987182446 1.37605377682485 1.01063302438706 0.970487686339766 1.30501035391353 1.12679312285036 1.3372283950448 1.1446664056275 0 1.03352946974337 1.88258805451915 0.924772741505876 1.74851522129029 1.50660828547552
1.34713197196834 1.60964091774076 0.922435228247195 1.21433434681967 1.49565976229496 1.39170897635631 1.38227758090943 1.64611068018712 1.68795220600441 1.59576272079721 1.77292348514311 1.38970482279547 1.39344484196045 1.52391946013086 1.82510062819347 1.65983084146865 1.01277637248859 1.74265955551527 1.73312604869716 1.78876515012234 1.88818264682777 1.09893275867216 1.09194484469481 1.29322116076946 1.03352946974337 0 1.85028734337538 1.31019283737987 1.77773750247434 1.7903614572715
1.88144478714094 1.3349222834222 1.72731476998888 1.07968129846267 1.17193600907922 1.70376458368264 1.68592231837101 1.02764426916838 1.21322369109839 1.48806013050489 1.15419637365267 1.38448761031032 0.985471400199458 1.17660347884521 1.87252586940303 1.89080079668202 1.88388193072751 1.21747292997316 1.9015030125156 1.73246959759854 1.08555193082429 1.90241157077253 1.13927577366121 1.34181635081768 1.88258805451915 1.85028734337538 0 1.80005706078373 1.17796987621114 1.09803093690425
1.80526494421065 1.8888568864204 1.79445067234337 1.57089213025756 1.82950343936682 1.64243401680142 1.54699280182831 1.01418373035267 1.01192318787798 1.31154883163981 1.39088188204914 1.68864176049829 1.71239651506767 1.19309007003903 1.02236339822412 1.43340801587328 1.00542562641203 1.67673268332146 1.80904096155427 0.954615927767009 1.40752514568157 1.13438188889995 1.85072060930543 1.56738643208519 0.924772741505876 1.31019283737987 1.80005706078373 0 0.907434712164104 1.00189711269923
1.37474178476259 1.50469289626926 1.79520264896564 1.31481711682864 1.7027971339412 1.84089849051088 0.908609834266827 1.79493780224584 1.29454800533131 1.24203575402498 1.67755990172736 1.76411580876447 1.30649134074338 0.962655859300867 1.70980265084654 1.79977161041461 1.21613311069086 1.6720018114429 1.04431644151919 1.02690600813366 1.1692145827692 1.65949029591866 1.87841765349731 1.22024164162576 1.74851522129029 1.77773750247434 1.17796987621114 0.907434712164104 0 1.68851514346898
1.61109125055373 1.64095078175887 0.986697765532881 1.80736395460553 1.08323135366663 1.3283295892179 1.3056560123805 0.964091304922476 1.15875645424239 1.42260985076427 1.35325941652991 1.75182031001896 1.13257627934217 1.27098395116627 1.23122905846685 1.54452909296378 1.59948675637133 1.11613036692142 1.38985662069172 1.13250205270015 1.20344050647691 1.44219764322042 1.35583699541166 1.07282458338886 1.50660828547552 1.7903614572715 1.09803093690425 1.00189711269923 1.68851514346898 0
