0 1.09877993073314 1.28953734668903 1.25105529231951 1.39136948622763 1.21632706816308 1.51043231110089 1.94558396260254 1.94237691862509 1.87117552850395 1.64402716839686 1.53883417602628 1.39784912695177 1.03723736107349 1.69917192938738 1.807776725851 1.05827661859803 0.994575193617493 1.46786320582032 1.26766585931182 1.61918529262766 1.95315735484473 1.87888839375228 1.49302796158008 1.37093301513232 1.08098322083242 1.32330289133824 1.65511229075491 0.989043625304475 1.88519803341478
1.09877993073314 0 1.24446159647778 1.29896691651084 1.37918047979474 0.985097186407074 0.997541825519875 1.89511131867766 1.9148281365633 1.70688858861104 1.3605092947837 1.42185015440919 1.05805999180302 1.67279631481506 1.89217856293544 1.57227241806686 1.30171775026247 1.69003459089436 1.29782559885643 1.04414306557737 1.61702714092098 1.84008433530107 1.90161117888056 1.50122030661441 1.12603766331449 1.38126864633523 1.0625409965869 1.46343388105743 1.64162321179174 1.37468553357758
1.28953734668903 1.24446159647778 0 1.56752004171722 1.31848157197237 1.67213921737857 1.6183643641416 1.56178411236033 1.64188122679479 1.39538039709441 1.55543634179048 1.17150068376213 1.6681410477031 1.22469531395473 1.54612599010579 1.28014730499126 1.86181953572668 1.21707835746929 1.28707368928008 1.23151530418545 1.64495067275129 1.87400984740816 1.39841925445944 1.67131806630641 1.72469251276925 1.83308852300979 1.80378436855972 1.95431608287618 1.43093178234994 1.29926100629382
1.25105529231951 1.29896691651084 1.56752004171722 0 1.00763726606965 1.08839389542118 1.57185662933625 1.79885937063955 1.82327525899746 1.21462467662059 1.81688684062101 1.62885796092451 1.25533879897557 1.61567503400147 1.18965753819793 1.38107869424857 1.71629345510155 1.52050153841265 1.60244890628383 1.25000523566268 1.90212257835083 1.85137072904035 1.5634891516529 1.48456817353144 1.06966026988812 1.93246738426387 1.66438147891313 1.20119692548178 1.90702255233191 1.170225745067
1.39136948622763 1.37918047979474 1.31848157197237 1.00763726606965 0 0.972012883285061 1.13921890663914 1.50327917234972 1.39339280780405 1.57275856891647 1.53230830375105 1.06884002266452 0.987876051105559 1.59668037900701 1.53888485534117 1.29958238499239 1.55606617080048 1.5427070222795 1.80663600307889 1.8794574898202 1.4685216776561 1.87248911429197 1.14390164287761 1.80439824541099 1.7871899199672 1.03784261294641 1.05296715861186 1.04500179621391 1.31502197869122 1.11547667183913
1.21632706816308 0.985097186407074 1.67213921737857 1.08839389542118 0.972012883285061 0 1.92724565416574 1.01627201167867 1.43262794311158 0.992770806420594 1.90599757712334 1.59141444810666 1.1857479668688 1.42365012690425 1.65188618912362 1.65522479685023 1.78773312061094 0.966028311522678 1.91518159210682 1.03260677237995 1.86776767624542 1.56479720794596 1.9560746063944 1.25863106246106 1.66665286943316 1.83852244238369 1.73562588752247 1.1119868166279 1.41050966340117 1.48885203897953
1.51043231110089 0.997541825519875 1.6183643641416 1.57185662933625 1.13921890663914 1.92724565416574 0 1.82703069550917 1.15504331234843 1.48100072471425 1.54325597733259 1.39823447959498 1.91601966740564 1.43592639849521 1.49666064674966 1.20889883977361 1.78515338408761 1.93516058055684 1.61978785414249 1.11452916450799 1.15829735365696 1.27047643391415 1.7131516917143 1.57460308820009 0.968697995645925 1.57056450052187 1.65599182341248 1.00863482942805 1.65356485079974 1.84416996338405
1.94558396260254 1.89511131867766 1.56178411236033 1.79885937063955 1.50327917234972 1.01627201167867 1.82703069550917 0 1.58675208222121 1.17041691765189 1.76864393660799 1.59036404616199 1.42096504033543 1.41524186916649 1.52565887616947 1.20811363752 1.76550339511596 1.8090968222823 1.44509454001673 1.39031310006976 1.32059712754562 1.86318687023595 1.14440859761089 1.56216085306369 1.41472149966285 1.12566117499955 1.47689548623748 1.72657258692198 1.7309712274 1.81279965559952
1.94237691862509 1.9148281365633 1.64188122679479 1.82327525899746 1.39339280780405 1.43262794311158 1.15504331234843 1.58675208222121 0 1.71157461078838 1.4312390643172 1.66751016722992 1.78005376737565 1.04522054293193 1.79565712879412 1.95628316537477 1.9200431026984 1.53959561511874 1.19301284686662 1.2658586318139 1.00452049542218 1.05182686820626 1.37033812794834 1.54444085736759 1.137235380942 1.34048386896029 1.2431373258587 1.6756936898455 1.93678366206586 1.32686780951917
1.87117552850395 1.70688858861104 1.39538039709441 1.21462467662059 1.57275856891647 0.992770806420594 1.48100072471425 1.17041691765189 1.71157461078838 0 1.1798427188769 1.50568204373121 1.15352352149785 1.53966339002363 1.89031821489334 0.972511501284316 1.19081972097047 1.48058597906493 1.74881999171339 1.01283699227497 1.10940330033191 1.29854571144097 1.53141332860105 1.89279513433576 1.5827594534494 1.31339480332099 1.5339126768522 0.999143951572478 1.48052009101957 1.19039238733239
1.64402716839686 1.3605092947837 1.55543634179048 1.81688684062101 1.53230830375105 1.90599757712334 1.54325597733259 1.76864393660799 1.4312390643172 1.1798427188769 0 1.48860273440368 1.48636919003911 1.31062745396048 1.76441221288405 1.90238656895235 1.32518300530501 1.78978386102244 1.03541923733428 1.17678796453401 1.04210516111925 1.31668593920767 1.45144768850878 1.47585908556357 1.79586003068835 1.85002753301524 1.15049509145319 1.47532922262326 1.3720569529105 1.71708453656174
1.53883417602628 1.42185015440919 1.17150068376213 1.62885796092451 1.06884002266452 1.59141444810666 1.39823447959498 1.59036404616199 1.66751016722992 1.50568204373121 1.48860273440368 0 1.89469865756109 1.07109549129382 1.73913393728435 1.25833935150877 1.40740030049346 1.0852577991318 1.78752841101959 1.6346022747457 1.56952247722074 1.25344924512319 1.64263554266654 0.971747498959303 1.80928748729639 0.990162263391539 1.37843638146296 1.83373479917645 1.44199095363729 1.70416035293601
1.39784912695177 1.05805999180302 1.6681410477031 1.25533879897557 0.987876051105559 1.1857479668688 1.91601966740564 1.42096504033543 1.78005376737565 1.15352352149785 1.48636919003911 1.89469865756109 0 1.82779891300015 1.18062741495669 1.80129621434025 1.11316819279455 1.92795185861178 1.04121443792246 1.61333161615767 1.49103559297509 1.58457507635467 1.60109363519587 1.32524922746234 1.1001024201978 1.04232405219227 1.77004139497876 1.08907384611666 1.50061351736076 1.80966824968345
1.03723736107349 1.67279631481506 1.22469531395473 1.61567503400147 1.59668037900701 1.42365012690425 1.43592639849521 1.41524186916649 1.04522054293193 1.53966339002363 1.31062745396048 1.07109549129382 1.82779891300015 0 1.2723351099994 1.87760957283899 1.7960088767577 0.975440826499835 1.25524999620393 1.19406416383572 1.33478354313411 1.02981092967093 1.4021062196698 1.58974901749752 1.76582139544189 1.10023353551514 1.14612594456412 1.83615459734574 1.90968557260931 1.32391773606651
1.69917192938738 1.89217856293544 1.54612599010579 1.18965753819793 1.53888485534117 1.65188618912362 1.49666064674966 1.52565887616947 1.79565712879412 1.89031821489334 1.76441221288405 1.73913393728435 1.18062741495669 1.2723351099994 0 1.16526844794862 0.99490459728986 1.43662661011331 1.21152600343339 1.90832280600443 1.34540031384677 1.76185065321624 1.37387553602457 1.95371935074218 1.7963833459653 1.64908249489963 1.17408665618859 1.93017806229182 1.00072293099947 1.29794712783769
1.807776725851 1.57227241806686 1.28014730499126 1.38107869424857 1.29958238499239 1.65522479685023 1.20889883977361 1.20811363752 1.95628316537477 0.972511501284316 1.90238656895235 1.25833935150877 1.80129621434025 1.87760957283899 1.16526844794862 0 0.997931233374402 1.10621897736564 1.78634259523824 1.94672364951111 1.79692219849676 1.84408653294668 1.75814172811806 1.22518912889063 1.2128870212473 1.42284293728881 1.15118281496689 1.72239328362048 1.27044328884222 0.969901711214334
1.05827661859803 1.30171775026247 1.86181953572668 1.71629345510155 1.55606617080048 1.78773312061094 1.78515338408761 1.76550339511596 1.9200431026984 1.19081972097047 1.32518300530501 1.40740030049346 1.11316819279455 1.7960088767577 0.99490459728986 0.997931233374402 0 1.2080063377507 1.33864338719286 1.61348646576516 1.05118761002086 1.21874290448613 1.47719106450677 1.68456025724299 1.63375358423218 1.64109395025298 1.16486161970533 1.61049056937918 1.05047391774133 1.55907712364569
0.994575193617493 1.69003459089436 1.21707835746929 1.52050153841265 1.5427070222795 0.966028311522678 1.93516058055684 1.8090968222823 1.53959561511874 1.48058597906493 1.78978386102244 1.0852577991318 1.92795185861178 0.975440826499835 1.43662661011331 1.10621897736564 1.2080063377507 0 1.16652145190164 1.50424043904059 1.66240365128033 1.0505478088744 1.03700014459901 1.39938000589609 1.37251368607394 1.52331383572891 1.80550532392226 1.79590384545736 1.0285944531206 1.37910687341355
1.46786320582032 1.29782559885643 1.28707368928008 1.60244890628383 1.80663600307889 1.91518159210682 1.61978785414249 1.44509454001673 1.19301284686662 1.74881999171339 1.03541923733428 1.78752841101959 1.04121443792246 1.25524999620393 1.21152600343339 1.78634259523824 1.33864338719286 1.16652145190164 0 1.0042389286682 1.66377658117563 1.14817281905562 1.66112983156927 1.2736935983412 1.13534422940575 0.994233979843557 1.92110284045339 1.12472190358676 1.53506774757989 0.965640855487436
1.26766585931182 1.04414306557737 1.23151530418545 1.25000523566268 1.8794574898202 1.03260677237995 1.11452916450799 1.39031310006976 1.2658586318139 1.01283699227497 1.17678796453401 1.6346022747457 1.61333161615767 1.19406416383572 1.90832280600443 1.94672364951111 1.61348646576516 1.50424043904059 1.0042389286682 0 1.19278931478038 1.06259119347669 1.71998183871619 1.29916973481886 1.2379031451419 1.10104175820015 0.970724012237042 1.25488933548331 1.45696943858638 0.97682193829678
1.61918529262766 1.61702714092098 1.64495067275129 1.90212257835083 1.4685216776561 1.86776767624542 1.15829735365696 1.32059712754562 1.00452049542218 1.10940330033191 1.04210516111925 1.56952247722074 1.49103559297509 1.33478354313411 1.34540031384677 1.79692219849676 1.05118761002086 1.66240365128033 1.66377658117563 1.19278931478038 0 1.70487132924609 1.79791652387939 0.9952882619109 0.978014550404623 1.13082758686505 1.25515943951905 1.71306901192293 1.91908614500426 1.46488312887959
1.95315735484473 1.84008433530107 1.87400984740816 1.85137072904035 1.87248911429197 1.56479720794596 1.27047643391415 1.86318687023595 1.05182686820626 1.29854571144097 1.31668593920767 1.25344924512319 1.58457507635467 1.02981092967093 1.76185065321624 1.84408653294668 1.21874290448613 1.0505478088744 1.14817281905562 1.06259119347669 1.70487132924609 0 1.57492076605558 1.09088330250233 1.67738142772578 1.45114508667029 1.74601344927214 1.8989816531539 1.79934448818676 0.987793190171942
1.87888839375228 1.90161117888056 1.39841925445944 1.5634891516529 1.14390164287761 1.9560746063944 1.7131516917143 1.14440859761089 1.37033812794834 1.53141332860105 1.45144768850878 1.64263554266654 1.60109363519587 1.4021062196698 1.37387553602457 1.75814172811806 1.47719106450677 1.03700014459901 1.66112983156927 1.71998183871619 1.79791652387939 1.57492076605558 0 1.62272430630401 1.43850885378197 1.27100903820246 1.92183343158104 1.3291177994106 1.70295877871104 1.29319079662673
1.49302796158008 1.50122030661441 1.67131806630641 1.48456817353144 1.80439824541099 1.25863106246106 1.57460308820009 1.56216085306369 1.54444085736759 1.89279513433576 1.47585908556357 0.971747498959303 1.32524922746234 1.58974901749752 1.95371935074218 1.22518912889063 1.68456025724299 1.39938000589609 1.2736935983412 1.29916973481886 0.9952882619109 1.09088330250233 1.62272430630401 0 1.39330766606145 1.25068878405727 1.00718235620297 1.15316211688332 1.67005715309642 1.12182943313383
1.37093301513232 1.12603766331449 1.72469251276925 1.06966026988812 1.7871899199672 1.66665286943316 0.968697995645925 1.41472149966285 1.137235380942 1.5827594534494 1.79586003068835 1.80928748729639 1.1001024201978 1.76582139544189 1.7963833459653 1.2128870212473 1.63375358423218 1.37251368607394 1.13534422940575 1.2379031451419 0.978014550404623 1.67738142772578 1.43850885378197 1.39330766606145 0 1.37790364096873 1.90775174996816 1.6882625897415 1.66649609105662 1.6965117722284
1.08098322083242 1.38126864633523 1.83308852300979 1.93246738426387 1.03784261294641 1.83852244238369 1.57056450052187 1.12566117499955 1.34048386896029 1.31339480332099 1.85002753301524 0.990162263391539 1.04232405219227 1.10023353551514 1.64908249489963 1.42284293728881 1.64109395025298 1.52331383572891 0.994233979843557 1.10104175820015 1.13082758686505 1.45114508667029 1.27100903820246 1.25068878405727 1.37790364096873 0 1.67954727238975 1.10131726367399 1.8102126927115 1.35634616040625
1.32330289133824 1.0625409965869 1.80378436855972 1.66438147891313 1.05296715861186 1.73562588752247 1.65599182341248 1.47689548623748 1.2431373258587 1.5339126768522 1.15049509145319 1.37843638146296 1.77004139497876 1.14612594456412 1.17408665618859 1.15118281496689 1.16486161970533 1.80550532392226 1.92110284045339 0.970724012237042 1.25515943951905 1.74601344927214 1.92183343158104 1.00718235620297 1.90775174996816 1.67954727238975 0 1.09598613879643 1.02157682552934 1.50695151020773
1.65511229075491 1.46343388105743 1.95431608287618 1.20119692548178 1.04500179621391 1.1119868166279 1.00863482942805 1.72657258692198 1.6756936898455 0.999143951572478 1.47532922262326 1.83373479917645 1.08907384611666 1.83615459734574 1.93017806229182 1.72239328362048 1.61049056937918 1.79590384545736 1.12472190358676 1.25488933548331 1.71306901192293 1.8989816531539 1.3291177994106 1.15316211688332 1.6882625897415 1.10131726367399 1.09598613879643 0 1.61392771266401 1.02702434663661
0.989043625304475 1.64162321179174 1.43093178234994 1.90702255233191 1.31502197869122 1.41050966340117 1.65356485079974 1.7309712274 1.93678366206586 1.48052009101957 1.3720569529105 1.44199095363729 1.50061351736076 1.90968557260931 1.00072293099947 1.27044328884222 1.05047391774133 1.0285944531206 1.53506774757989 1.45696943858638 1.91908614500426 1.79934448818676 1.70295877871104 1.67005715309642 1.66649609105662 1.8102126927115 1.02157682552934 1.61392771266401 0 1.27352698100731
1.88519803341478 1.37468553357758 1.29926100629382 1.170225745067 1.11547667183913 1.48885203897953 1.84416996338405 1.81279965559952 1.32686780951917 1.19039238733239 1.71708453656174 1.70416035293601 1.80966824968345 1.32391773606651 1.29794712783769 0.969901711214334 1.55907712364569 1.37910687341355 0.965640855487436 0.97682193829678 1.46488312887959 0.987793190171942 1.29319079662673 1.12182943313383 1.6965117722284 1.35634616040625 1.50695151020773 1.02702434663661 1.27352698100731 0
