0 1.80186495301314 1.15151147707365 1.27336834021844 1.61635933956131 1.8494293584954 1.60138782160357 1.5108744725585 1.17036059289239 1.74482084042393 0.977105129277334 1.70021834527142 1.13514526211657 1.60176412458532 1.1362672529649 1.51388606871478 1.63755601691082 1.07020089426078 1.5832930887118 1.14340030145831 1.13729398907162 1.40198988001794 1.70191078237258 1.2170775916893 0.920901039615273 0.961759407771751 1.59894495666958 1.61728987284005 0.978377991123125 1.34725529770367
1.80186495301314 0 1.20786221348681 1.26270409929566 1.27133300038986 1.39332799543627 1.5891946060583 1.01458431198262 1.40414834930561 1.27053979178891 1.33440325711854 1.80643590050749 1.8630657074973 0.942193770082667 1.82896421523765 1.49231414915994 1.88140698685311 0.933072588173673 1.43443999369629 1.38419687421992 1.00060213636607 1.37472132826224 1.08637775480747 1.87040744465776 1.09334379853681 1.85565085313283 1.88435393129475 1.0249120334629 1.47918349830434 1.76944317272864
1.15151147707365 1.20786221348681 0 1.83950522658415 1.70214803563431 1.26098154182546 0.990707989549264 1.64963732636534 1.05623568617739 1.05376615258865 1.57884747791104 1.6324699439574 1.80713753611781 1.66286342800595 1.78137435205281 1.43294720794074 1.54839606280439 1.47580439317971 1.36744366399944 1.23957229452208 1.90471003809944 1.60320313135162 1.34346118150279 1.70106247789226 1.39900774159469 1.26630442496389 1.09664243855514 1.00142121920362 1.52855878323317 1.15135759022087
1.27336834021844 1.26270409929566 1.83950522658415 0 0.948750792536885 1.32216709642671 1.06746865483001 1.51334329997189 1.79932369361632 1.17420251877047 0.926115710521117 1.03216490056366 1.27837890712544 1.32124443654902 1.88807921367697 1.69133903039619 1.59380744001828 1.61754025472328 1.60993313440122 1.16747934906743 1.68429351178929 1.78629366587847 0.986897782422602 1.20275835786015 1.35998206352815 1.13490814948454 0.942283840849996 1.15927280602045 1.01495768292807 1.08726609195583
1.61635933956131 1.27133300038986 1.70214803563431 0.948750792536885 0 1.10220179520547 1.5274891264271 1.47355507593602 1.19594994443469 0.975209063850343 1.43918392062187 1.10948374844156 1.38235893193632 1.63320440659299 1.47184864873998 1.34451561560854 1.16556176985614 1.08401970169507 1.70931165711954 1.60928240255453 1.60684601124376 1.08809180418029 1.60926086781546 1.51086126943119 1.21740321046673 1.09868613188155 1.11218677368015 1.19710733927786 1.08750314405188 1.81269314326346
1.8494293584954 1.39332799543627 1.26098154182546 1.32216709642671 1.10220179520547 0 1.06577858934179 1.28191321552731 1.37021292326972 1.17136487876996 1.77097361627966 1.71403734036721 0.962806626223028 1.6227105630096 1.55280306795612 1.80680946074426 1.20952563756146 1.10861275694333 1.55615784577094 1.44630505307578 0.914865307509899 1.73833693913184 1.18001686735079 1.65587072283961 1.410291939741 1.52667428134009 1.8625713987276 1.77855676389299 0.969590691616759 1.62086022621952
1.60138782160357 1.5891946060583 0.990707989549264 1.06746865483001 1.5274891264271 1.06577858934179 0 1.45129566988908 1.3183446759358 1.34677991922945 1.14315419527702 1.49259359738789 1.30271496158093 1.57835086854175 1.22507234755903 1.34876754041761 0.997399053536355 1.41888315510005 0.983880437212065 1.22192545142025 1.85059978696518 1.39922755141743 1.65897469082847 1.6431745714508 1.6755497821141 1.78917052620091 1.70863009337336 1.57540061650798 1.25576900807209 1.77034353674389
1.5108744725585 1.01458431198262 1.64963732636534 1.51334329997189 1.47355507593602 1.28191321552731 1.45129566988908 0 1.48823783220723 0.964185277698562 1.3486812512856 1.80130451242439 1.83467082399875 1.77057545748539 1.37726435484365 1.01341677294113 1.1873926979024 1.268753367709 1.47705650702119 1.81582545884885 1.59220490604639 1.03400651249103 1.1281367095653 1.73423079471104 1.52590417512693 1.87108168704435 1.04284974653274 1.00596360629424 1.38931746967137 1.84227405465208
1.17036059289239 1.40414834930561 1.05623568617739 1.79932369361632 1.19594994443469 1.37021292326972 1.3183446759358 1.48823783220723 0 1.85998977464624 1.28757485118695 1.6985088121146 1.52947086282074 0.932971909409389 1.15223200037144 1.47663371334784 1.42356132226996 1.39520013937727 1.72083997889422 0.992496183840558 1.81379628321156 1.51952852169052 1.75613067182712 0.925962287001312 1.30368909495883 1.82125687715597 1.25792344170623 1.62856479361653 1.53674250375479 1.75411531166174
1.74482084042393 1.27053979178891 1.05376615258865 1.17420251877047 0.975209063850343 1.17136487876996 1.34677991922945 0.964185277698562 1.85998977464624 0 1.13056531595066 1.74089978565462 1.51057630148716 1.38916139514185 1.66624065488577 1.36353093292564 1.75975591456518 1.78544483636506 1.52799365133978 1.82290172227658 1.46378196938895 1.80326048051938 1.02348710387014 1.78683819854632 1.40874769422226 1.57681823405437 1.57487578853033 1.70221083099023 1.88417648011819 1.02168766758405
0.977105129277334 1.33440325711854 1.57884747791104 0.926115710521117 1.43918392062187 1.77097361627966 1.14315419527702 1.3486812512856 1.28757485118695 1.13056531595066 0 1.33668830897659 1.55246926052496 1.52620892575942 1.32362491823733 1.84838567860425 1.38053563958965 1.86224179319106 1.76475514681078 0.973885943647474 1.22133303130977 1.12387128686532 1.76045742700808 1.1852870893199 1.51810299581848 0.987530185608193 1.28154521738179 1.52103076013736 1.05170203209855 1.8475533882156
1.70021834527142 1.80643590050749 1.6324699439574 1.03216490056366 1.10948374844156 1.71403734036721 1.49259359738789 1.80130451242439 1.6985088121146 1.74089978565462 1.33668830897659 0 1.51690238551237 1.24284604890272 1.10761311440729 1.53850664803758 1.63485874398611 1.70241118222475 0.984247182030231 1.41205984959379 1.11893405742012 1.86884695850313 1.38686768570915 0.978920204332098 1.43837465718389 1.88075263192877 1.02349057560787 1.32501604384743 1.11063641030341 1.06687202304602
1.13514526211657 1.8630657074973 1.80713753611781 1.27837890712544 1.38235893193632 0.962806626223028 1.30271496158093 1.83467082399875 1.52947086282074 1.51057630148716 1.55246926052496 1.51690238551237 0 1.3287794906646 1.09974926756695 1.31107460171916 0.972694642841816 1.53720038733445 1.6366578869056 0.96288073156029 1.43705230532214 1.86943391035311 1.86998521629721 1.25134001905099 1.58444409701042 1.85345869394951 0.930127557832748 1.80816273507662 1.10255608451553 1.89474935503677
1.60176412458532 0.942193770082667 1.66286342800595 1.32124443654902 1.63320440659299 1.6227105630096 1.57835086854175 1.77057545748539 0.932971909409389 1.38916139514185 1.52620892575942 1.24284604890272 1.3287794906646 0 1.7266101767309 1.41765465866774 1.5246838806197 1.13439454580657 1.08116483851336 1.88292153878137 1.67488187178969 1.38081974769011 1.66812108177692 1.81368620600551 1.72208848013543 1.4904182923492 1.78979268996045 1.58490297337994 1.77515090140514 1.34376095747575
1.1362672529649 1.82896421523765 1.78137435205281 1.88807921367697 1.47184864873998 1.55280306795612 1.22507234755903 1.37726435484365 1.15223200037144 1.66624065488577 1.32362491823733 1.10761311440729 1.09974926756695 1.7266101767309 0 1.88057144009508 1.34091910789721 1.2094787529204 1.29956686962396 1.27560594491661 1.86842436855659 1.84486024035141 1.20281661325134 1.72161750891246 1.23584899166599 1.72862114268355 1.28224321035668 1.62600387027487 1.56325306510553 1.84908726951107
1.51388606871478 1.49231414915994 1.43294720794074 1.69133903039619 1.34451561560854 1.80680946074426 1.34876754041761 1.01341677294113 1.47663371334784 1.36353093292564 1.84838567860425 1.53850664803758 1.31107460171916 1.41765465866774 1.88057144009508 0 1.36917019891553 1.75283786724322 1.6257089918945 1.32382169482298 0.928893741918728 1.23542458191514 1.10877185454592 1.746933858376 1.78987148567103 1.35294765862636 1.56723911268637 1.82524581928737 1.36884785071015 1.90415205177851
1.63755601691082 1.88140698685311 1.54839606280439 1.59380744001828 1.16556176985614 1.20952563756146 0.997399053536355 1.1873926979024 1.42356132226996 1.75975591456518 1.38053563958965 1.63485874398611 0.972694642841816 1.5246838806197 1.34091910789721 1.36917019891553 0 1.88341263611801 1.04112397530116 1.79579825978726 1.21496808435768 1.60934572527185 1.63077365420759 1.89804721903056 1.60847199498676 1.7978299325332 1.54493474005722 1.665809760103 1.07266946602613 1.47882741782814
1.07020089426078 0.933072588173673 1.47580439317971 1.61754025472328 1.08401970169507 1.10861275694333 1.41888315510005 1.268753367709 1.39520013937727 1.78544483636506 1.86224179319106 1.70241118222475 1.53720038733445 1.13439454580657 1.2094787529204 1.75283786724322 1.88341263611801 0 1.54196386132389 1.276385264704 1.074673963245 1.3199137786869 1.34255183138885 0.952348957303911 1.46380354696885 1.69678610679694 1.59517658338882 1.19395432970487 1.71385307586752 1.6025259019807
1.5832930887118 1.43443999369629 1.36744366399944 1.60993313440122 1.70931165711954 1.55615784577094 0.983880437212065 1.47705650702119 1.72083997889422 1.52799365133978 1.76475514681078 0.984247182030231 1.6366578869056 1.08116483851336 1.29956686962396 1.6257089918945 1.04112397530116 1.54196386132389 0 1.69543567020446 1.04163339757361 1.6929215490818 1.33016117825173 1.24912784784101 1.20531943859532 0.930880045518279 1.71434687194414 1.740841566585 1.127775314264 0.965875970199704
1.14340030145831 1.38419687421992 1.23957229452208 1.16747934906743 1.60928240255453 1.44630505307578 1.22192545142025 1.81582545884885 0.992496183840558 1.82290172227658 0.973885943647474 1.41205984959379 0.96288073156029 1.88292153878137 1.27560594491661 1.32382169482298 1.79579825978726 1.276385264704 1.69543567020446 0 1.3565952621866 1.56233466230333 1.43808935792185 1.63256619474851 1.33837792417035 1.57528278767131 1.57988970656879 1.02176036732271 1.01913668820634 1.38146250764839
1.13729398907162 1.00060213636607 1.90471003809944 1.68429351178929 1.60684601124376 0.914865307509899 1.85059978696518 1.59220490604639 1.81379628321156 1.46378196938895 1.22133303130977 1.11893405742012 1.43705230532214 1.67488187178969 1.86842436855659 0.928893741918728 1.21496808435768 1.074673963245 1.04163339757361 1.3565952621866 0 1.68270939728245 1.59503778559156 1.48747342312708 1.68989235092886 1.51339891809039 1.35527120367624 1.56201318791136 1.68133442755789 1.36299398448318
1.40198988001794 1.37472132826224 1.60320313135162 1.78629366587847 1.08809180418029 1.73833693913184 1.39922755141743 1.03400651249103 1.51952852169052 1.80326048051938 1.12387128686532 1.86884695850313 1.86943391035311 1.38081974769011 1.84486024035141 1.23542458191514 1.60934572527185 1.3199137786869 1.6929215490818 1.56233466230333 1.68270939728245 0 1.10205284529366 1.78552495106123 0.950499061262235 0.926559750922024 1.89731358317658 1.83186887553893 1.12045673420653 1.45335744204931
1.70191078237258 1.08637775480747 1.34346118150279 0.986897782422602 1.60926086781546 1.18001686735079 1.65897469082847 1.1281367095653 1.75613067182712 1.02348710387014 1.76045742700808 1.38686768570915 1.86998521629721 1.66812108177692 1.20281661325134 1.10877185454592 1.63077365420759 1.34255183138885 1.33016117825173 1.43808935792185 1.59503778559156 1.10205284529366 0 1.42223352356814 1.11152802524157 1.26969681214541 1.4871914004907 0.972231906140223 1.57688133441843 1.88984204526059
1.2170775916893 1.87040744465776 1.70106247789226 1.20275835786015 1.51086126943119 1.65587072283961 1.6431745714508 1.73423079471104 0.925962287001312 1.78683819854632 1.1852870893199 0.978920204332098 1.25134001905099 1.81368620600551 1.72161750891246 1.746933858376 1.89804721903056 0.952348957303911 1.24912784784101 1.63256619474851 1.48747342312708 1.78552495106123 1.42223352356814 0 1.24741883738898 1.26214494742453 1.48958563501947 1.29223760752939 1.68696074327454 1.13073268532753
0.920901039615273 1.09334379853681 1.39900774159469 1.35998206352815 1.21740321046673 1.410291939741 1.6755497821141 1.52590417512693 1.30368909495883 1.40874769422226 1.51810299581848 1.43837465718389 1.58444409701042 1.72208848013543 1.23584899166599 1.78987148567103 1.60847199498676 1.46380354696885 1.20531943859532 1.33837792417035 1.68989235092886 0.950499061262235 1.11152802524157 1.24741883738898 0 1.68687463714741 1.19824794353917 1.8655396963004 1.40078576398082 1.68727852776647
0.961759407771751 1.85565085313283 1.26630442496389 1.13490814948454 1.09868613188155 1.52667428134009 1.78917052620091 1.87108168704435 1.82125687715597 1.57681823405437 0.987530185608193 1.88075263192877 1.85345869394951 1.4904182923492 1.72862114268355 1.35294765862636 1.7978299325332 1.69678610679694 0.930880045518279 1.57528278767131 1.51339891809039 0.926559750922024 1.26969681214541 1.26214494742453 1.68687463714741 0 1.66313077718951 1.77188798575662 1.18843396799639 1.24660080461763
1.59894495666958 1.88435393129475 1.09664243855514 0.942283840849996 1.11218677368015 1.8625713987276 1.70863009337336 1.04284974653274 1.25792344170623 1.57487578853033 1.28154521738179 1.02349057560787 0.930127557832748 1.78979268996045 1.28224321035668 1.56723911268637 1.54493474005722 1.59517658338882 1.71434687194414 1.57988970656879 1.35527120367624 1.89731358317658 1.4871914004907 1.48958563501947 1.19824794353917 1.66313077718951 0 1.34589707083069 0.969313717447221 0.964621797204018
1.61728987284005 1.0249120334629 1.00142121920362 1.15927280602045 1.19710733927786 1.77855676389299 1.57540061650798 1.00596360629424 1.62856479361653 1.70221083099023 1.52103076013736 1.32501604384743 1.80816273507662 1.58490297337994 1.62600387027487 1.82524581928737 1.665809760103 1.19395432970487 1.740841566585 1.02176036732271 1.56201318791136 1.83186887553893 0.972231906140223 1.29223760752939 1.8655396963004 1.77188798575662 1.34589707083069 0 1.64374596183188 0.936065254034474
0.978377991123125 1.47918349830434 1.52855878323317 1.01495768292807 1.08750314405188 0.969590691616759 1.25576900807209 1.38931746967137 1.53674250375479 1.88417648011819 1.05170203209855 1.11063641030341 1.10255608451553 1.77515090140514 1.56325306510553 1.36884785071015 1.07266946602613 1.71385307586752 1.127775314264 1.01913668820634 1.68133442755789 1.12045673420653 1.57688133441843 1.68696074327454 1.40078576398082 1.18843396799639 0.969313717447221 1.64374596183188 0 0.969995964784175
1.34725529770367 1.76944317272864 1.15135759022087 1.08726609195583 1.81269314326346 1.62086022621952 1.77034353674389 1.84227405465208 1.75411531166174 1.02168766758405 1.8475533882156 1.06687202304602 1.89474935503677 1.34376095747575 1.84908726951107 1.90415205177851 1.47882741782814 1.6025259019807 0.965875970199704 1.38146250764839 1.36299398448318 1.45335744204931 1.88984204526059 1.13073268532753 1.68727852776647 1.24660080461763 0.964621797204018 0.936065254034474 0.969995964784175 0
