0 1.31737858150154 1.43148423242383 0.949144509388134 1.0000036302954 1.33092327369377 1.81341414432973 1.88669121731073 1.41318103997037 0.921313555911183 1.0820961361751 1.80878455005586 1.34445703611709 1.64977855305187 1.77208618191071 1.16304997773841 1.35539185791276 0.942054682411253 1.36492958618328 1.10498373908922 1.88762153545395 1.50340407411568 1.22835016669706 1.01628387579694 1.59736432414502 1.18520642723888 1.06496459804475 1.65941816638224 1.19124795799144 1.13405714347027
1.31737858150154 0 1.09584784298204 1.02425373205915 0.946987260365859 1.83898670179769 1.00432888814248 1.25048864679411 1.75834578508511 1.82382383034565 1.12210409692489 1.29809944005683 1.13142690854147 1.6327559412457 1.54258479364216 1.36479953606613 1.03802676638588 1.44728213455528 0.938096958445385 1.59692249866202 1.11124780960381 1.70626104087569 1.20505237788893 1.55576946726069 0.93363755219616 1.58707507513463 1.86474336520769 1.25689256144688 1.08672892022878 1.24115691729821
1.43148423242383 1.09584784298204 0 1.44281910103746 1.18067799927667 1.17067793221213 1.70868520531803 1.63407311495394 1.2423960478045 1.34819616936147 1.0494549178984 1.58547875820659 1.3265384035185 1.00647299620323 1.2169873281382 1.06781588471495 1.31816962896846 0.979458675952628 1.41082923091017 1.87108643725514 1.19993342529051 1.09359678276815 1.02780481148511 1.77184056700207 1.53776600444689 1.75343369389884 1.44715912104584 1.2720170232933 1.44949812162668 1.33096837392077
0.949144509388134 1.02425373205915 1.44281910103746 0 1.57455022167414 1.63564099813811 1.82762857084163 1.27163201314397 1.14193104370497 1.71649988484569 1.05484782555141 1.1478851235006 1.85886272019707 1.01919852616265 1.18070989940315 1.0686619237531 1.87049121479504 1.0800118916668 1.45191990258172 0.981400602729991 1.68829714390449 1.89004449732602 0.933758025290444 1.31531554786488 1.07198980613612 1.20725719374605 1.35939378291368 1.39682476478629 1.52581382240169 1.18510948144831
1.0000036302954 0.946987260365859 1.18067799927667 1.57455022167414 0 1.26477790949866 1.84205930610187 1.88760461960919 1.2975637728814 1.74866409157403 1.40221052849665 1.63048541615717 1.88935549627058 1.25173057545908 1.59477904275991 1.30896366760135 1.86486114608124 1.81830997695215 1.79470234317705 1.82457679323852 1.24720992147923 1.68713740375824 1.25609614839777 1.45290378341451 0.956270155962557 1.81880267034285 1.41949634975754 1.15779532096349 1.53893920616247 1.45635825511999
1.33092327369377 1.83898670179769 1.17067793221213 1.63564099813811 1.26477790949866 0 1.30904253595509 1.61177682410926 1.48118555778638 0.959726662840694 1.66542275156826 1.80678354622796 1.4190424780827 1.58923345338553 1.24418845609762 0.986138166626915 1.17499348614365 1.57216411503032 1.66060964763165 1.1892841423396 1.34248758596368 1.55930417682976 1.89331331150606 0.992946507874876 1.19192305929027 1.86705948389135 1.43354909541085 1.29407864133827 1.2820136169903 1.04202486178838
1.81341414432973 1.00432888814248 1.70868520531803 1.82762857084163 1.84205930610187 1.30904253595509 0 1.6886507072486 1.08729234221391 0.985789702273905 0.915587925352156 1.78924660151824 1.34646755759604 1.30421405960806 1.38406388438307 1.4343134383671 1.60992520768195 1.07747084787115 1.21456293808296 0.9565653456375 1.07105541904457 1.35372991953045 1.7095591314137 1.80988377984613 1.71101640141569 1.56595657626167 1.51722391415387 1.08872373192571 1.81548918620683 1.09097341448069
1.88669121731073 1.25048864679411 1.63407311495394 1.27163201314397 1.88760461960919 1.61177682410926 1.6886507072486 0 0.940007120370865 1.73621098231524 1.39485663105734 1.49256200040691 1.47851072205231 1.50926569360308 1.40996038448066 1.62279897159897 1.81708135246299 1.41962907603011 1.63197490363382 1.91002983413637 1.4356091383379 1.47933102608658 1.54257577843964 1.3218850067351 1.68276275787503 0.9261265527457 1.69301727903076 1.22506232187152 1.68449034029618 1.70449482998811
1.41318103997037 1.75834578508511 1.2423960478045 1.14193104370497 1.2975637728814 1.48118555778638 1.08729234221391 0.940007120370865 0 1.33211501408368 1.8447818858549 1.22105823853053 1.69924702960998 0.968800068832934 1.05770122213289 1.81645054230466 1.43491800664924 1.46594761312008 1.66851142444648 1.73251012736 1.06447956105694 1.43793421098962 0.992876644711941 1.55087432567962 1.59030747390352 1.1145258769393 1.89564821170643 0.942093634046614 1.10682841669768 1.71244288142771
0.921313555911183 1.82382383034565 1.34819616936147 1.71649988484569 1.74866409157403 0.959726662840694 0.985789702273905 1.73621098231524 1.33211501408368 0 0.950062712421641 1.49225356569514 0.966287366580218 1.48332473845221 1.25659763230942 1.78096849191934 0.991553578292951 1.27947118622251 1.87165071372874 1.27075398061424 1.82397383777425 1.19560146750882 1.57798584341072 1.18920997460373 1.65926236263476 1.15559376566671 0.952672305051237 1.85735704796389 1.34272611280903 1.2549546000082
1.0820961361751 1.12210409692489 1.0494549178984 1.05484782555141 1.40221052849665 1.66542275156826 0.915587925352156 1.39485663105734 1.8447818858549 0.950062712421641 0 1.23536601127125 1.49549067160115 1.88169689825736 1.51533537171781 1.691613139119 1.26389753236435 1.68762641772628 1.87017648713663 1.43142387317494 1.47022783546709 1.89155320241116 1.46932210354134 1.14642621786334 1.34602150437422 1.73075224552304 1.53055460378528 1.63814057293348 1.41192697011866 1.31004246906377
1.80878455005586 1.29809944005683 1.58547875820659 1.1478851235006 1.63048541615717 1.80678354622796 1.78924660151824 1.49256200040691 1.22105823853053 1.49225356569514 1.23536601127125 0 0.927375787869096 1.34937401069328 1.64098523091525 1.04028243385255 1.91024878853932 1.09573791292496 1.78085658652708 1.90625926665962 1.48652299703099 1.35822758544236 1.71120395627804 0.955199871677905 1.68033825233579 1.83927698596381 1.41380582074635 1.82614804455079 1.76096032466739 1.85910160536878
1.34445703611709 1.13142690854147 1.3265384035185 1.85886272019707 1.88935549627058 1.4190424780827 1.34646755759604 1.47851072205231 1.69924702960998 0.966287366580218 1.49549067160115 0.927375787869096 0 1.07582542044111 1.83944030012935 1.03266038489528 1.36681625875644 0.991555851185694 1.09052457148209 0.997524437261745 1.79264178033918 1.00417255191132 1.25757485465147 0.955602089408785 1.1371519039385 1.83437246596441 1.24412097129971 1.60827718582004 0.92515966319479 1.44112489791587
1.64977855305187 1.6327559412457 1.00647299620323 1.01919852616265 1.25173057545908 1.58923345338553 1.30421405960806 1.50926569360308 0.968800068832934 1.48332473845221 1.88169689825736 1.34937401069328 1.07582542044111 0 1.45453153457493 1.17585142864846 0.971439631655812 1.69196132221259 1.07052117562853 1.49890489457175 1.68056015414186 1.91157292458229 1.62506515556015 1.65511990850791 1.61943740607239 1.61364125297405 1.71658748062328 1.42742398916744 1.7753009207081 1.01774556306191
1.77208618191071 1.54258479364216 1.2169873281382 1.18070989940315 1.59477904275991 1.24418845609762 1.38406388438307 1.40996038448066 1.05770122213289 1.25659763230942 1.51533537171781 1.64098523091525 1.83944030012935 1.45453153457493 0 1.16858834517188 1.39827348012477 1.69569881795906 1.17473224014975 1.76941651967354 1.06012757169083 1.32905014767312 1.11554086045362 1.12547851982526 1.54289729171433 1.67033597175032 1.49467045487836 1.70758026628755 1.33841085177846 1.79330103262328
1.16304997773841 1.36479953606613 1.06781588471495 1.0686619237531 1.30896366760135 0.986138166626915 1.4343134383671 1.62279897159897 1.81645054230466 1.78096849191934 1.691613139119 1.04028243385255 1.03266038489528 1.17585142864846 1.16858834517188 0 0.951660396065563 1.58180259703659 1.10497529082932 1.80255270632915 1.04904996859841 1.11656408547424 1.05842296779156 1.47713961917907 1.00541761214845 1.33975855098106 1.57240137667395 1.70437980745919 1.07047396176495 0.955191564746201
1.35539185791276 1.03802676638588 1.31816962896846 1.87049121479504 1.86486114608124 1.17499348614365 1.60992520768195 1.81708135246299 1.43491800664924 0.991553578292951 1.26389753236435 1.91024878853932 1.36681625875644 0.971439631655812 1.39827348012477 0.951660396065563 0 1.21453171339817 1.22274710354395 1.68398063490167 1.34385179518722 0.940133292926475 1.60285896644928 1.5800815266557 1.89019131963141 1.08263574470766 1.89094136911444 1.88011143100448 1.59418257931247 1.02840976766311
0.942054682411253 1.44728213455528 0.979458675952628 1.0800118916668 1.81830997695215 1.57216411503032 1.07747084787115 1.41962907603011 1.46594761312008 1.27947118622251 1.68762641772628 1.09573791292496 0.991555851185694 1.69196132221259 1.69569881795906 1.58180259703659 1.21453171339817 0 1.81034741969779 1.25920150824822 1.35399737302214 1.43092123791575 1.44725863682106 1.82341595925391 1.07407965767197 1.07218993641436 1.7208704596851 1.51056970702484 1.02114160475321 1.06717599416152
1.36492958618328 0.938096958445385 1.41082923091017 1.45191990258172 1.79470234317705 1.66060964763165 1.21456293808296 1.63197490363382 1.66851142444648 1.87165071372874 1.87017648713663 1.78085658652708 1.09052457148209 1.07052117562853 1.17473224014975 1.10497529082932 1.22274710354395 1.81034741969779 0 1.6492496735882 1.66129173198715 1.20079398714006 1.1383764592465 1.07740574958734 1.02533717919141 0.955681561026722 1.91026728856377 1.05130638531409 1.33249154454097 0.935548792593181
1.10498373908922 1.59692249866202 1.87108643725514 0.981400602729991 1.82457679323852 1.1892841423396 0.9565653456375 1.91002983413637 1.73251012736 1.27075398061424 1.43142387317494 1.90625926665962 0.997524437261745 1.49890489457175 1.76941651967354 1.80255270632915 1.68398063490167 1.25920150824822 1.6492496735882 0 1.7055210522376 0.938830066239461 1.19735878612846 1.4221240892075 1.83504878310487 1.5837009830866 1.89687066455372 1.06621473981068 1.8475654067006 1.87237279280089
1.88762153545395 1.11124780960381 1.19993342529051 1.68829714390449 1.24720992147923 1.34248758596368 1.07105541904457 1.4356091383379 1.06447956105694 1.82397383777425 1.47022783546709 1.48652299703099 1.79264178033918 1.68056015414186 1.06012757169083 1.04904996859841 1.34385179518722 1.35399737302214 1.66129173198715 1.7055210522376 0 1.03599351178855 1.57855931506492 1.89073896990158 1.71210647444241 1.67794970073737 1.65532173123211 1.06198047613725 1.33740600850433 1.59308485360816
1.50340407411568 1.70626104087569 1.09359678276815 1.89004449732602 1.68713740375824 1.55930417682976 1.35372991953045 1.47933102608658 1.43793421098962 1.19560146750882 1.89155320241116 1.35822758544236 1.00417255191132 1.91157292458229 1.32905014767312 1.11656408547424 0.940133292926475 1.43092123791575 1.20079398714006 0.938830066239461 1.03599351178855 0 1.67981204763055 1.58925655530766 1.43551868922077 1.651525095338 1.0359602458775 1.90421332418919 1.50930407945998 1.81261315615848
1.22835016669706 1.20505237788893 1.02780481148511 0.933758025290444 1.25609614839777 1.89331331150606 1.7095591314137 1.54257577843964 0.992876644711941 1.57798584341072 1.46932210354134 1.71120395627804 1.25757485465147 1.62506515556015 1.11554086045362 1.05842296779156 1.60285896644928 1.44725863682106 1.1383764592465 1.19735878612846 1.57855931506492 1.67981204763055 0 1.12384567712434 1.41933110635728 1.38177818083204 1.01856548944488 1.12633362691849 1.56703132810071 1.25802873261273
1.01628387579694 1.55576946726069 1.77184056700207 1.31531554786488 1.45290378341451 0.992946507874876 1.80988377984613 1.3218850067351 1.55087432567962 1.18920997460373 1.14642621786334 0.955199871677905 0.955602089408785 1.65511990850791 1.12547851982526 1.47713961917907 1.5800815266557 1.82341595925391 1.07740574958734 1.4221240892075 1.89073896990158 1.58925655530766 1.12384567712434 0 1.78078079130501 1.02933393022977 1.73367921868339 1.63800024520606 1.54471339751035 1.67679419578053
1.59736432414502 0.93363755219616 1.53776600444689 1.07198980613612 0.956270155962557 1.19192305929027 1.71101640141569 1.68276275787503 1.59030747390352 1.65926236263476 1.34602150437422 1.68033825233579 1.1371519039385 1.61943740607239 1.54289729171433 1.00541761214845 1.89019131963141 1.07407965767197 1.02533717919141 1.83504878310487 1.71210647444241 1.43551868922077 1.41933110635728 1.78078079130501 0 1.32420939020813 1.69980085641146 1.86153511027806 1.79501850367524 1.63735208543949
1.18520642723888 1.58707507513463 1.75343369389884 1.20725719374605 1.81880267034285 1.86705948389135 1.56595657626167 0.9261265527457 1.1145258769393 1.15559376566671 1.73075224552304 1.83927698596381 1.83437246596441 1.61364125297405 1.67033597175032 1.33975855098106 1.08263574470766 1.07218993641436 0.955681561026722 1.5837009830866 1.67794970073737 1.651525095338 1.38177818083204 1.02933393022977 1.32420939020813 0 1.80005675018765 1.51229892903939 1.53074108832516 1.04950959375128
1.06496459804475 1.86474336520769 1.44715912104584 1.35939378291368 1.41949634975754 1.43354909541085 1.51722391415387 1.69301727903076 1.89564821170643 0.952672305051237 1.53055460378528 1.41380582074635 1.24412097129971 1.71658748062328 1.49467045487836 1.57240137667395 1.89094136911444 1.7208704596851 1.91026728856377 1.89687066455372 1.65532173123211 1.0359602458775 1.01856548944488 1.73367921868339 1.69980085641146 1.80005675018765 0 1.41699445806444 1.5659832006786 1.14488390600309
1.65941816638224 1.25689256144688 1.2720170232933 1.39682476478629 1.15779532096349 1.29407864133827 1.08872373192571 1.22506232187152 0.942093634046614 1.85735704796389 1.63814057293348 1.82614804455079 1.60827718582004 1.42742398916744 1.70758026628755 1.70437980745919 1.88011143100448 1.51056970702484 1.05130638531409 1.06621473981068 1.06198047613725 1.90421332418919 1.12633362691849 1.63800024520606 1.86153511027806 1.51229892903939 1.41699445806444 0 1.55809059482999 1.0749329586979
1.19124795799144 1.08672892022878 1.44949812162668 1.52581382240169 1.53893920616247 1.2820136169903 1.81548918620683 1.68449034029618 1.10682841669768 1.34272611280903 1.41192697011866 1.76096032466739 0.92515966319479 1.7753009207081 1.33841085177846 1.07047396176495 1.59418257931247 1.02114160475321 1.33249154454097 1.8475654067006 1.33740600850433 1.50930407945998 1.56703132810071 1.54471339751035 1.79501850367524 1.53074108832516 1.5659832006786 1.55809059482999 0 1.61394414771348
1.13405714347027 1.24115691729821 1.33096837392077 1.18510948144831 1.45635825511999 1.04202486178838 1.09097341448069 1.70449482998811 1.71244288142771 1.2549546000082 1.31004246906377 1.85910160536878 1.44112489791587 1.01774556306191 1.79330103262328 0.955191564746201 1.02840976766311 1.06717599416152 0.935548792593181 1.87237279280089 1.59308485360816 1.81261315615848 1.25802873261273 1.67679419578053 1.63735208543949 1.04950959375128 1.14488390600309 1.0749329586979 1.61394414771348 0
