0 1.8146975429263 1.38130440679379 1.03013056959026 1.5049824535381 1.4111376137007 1.41463964176364 1.42807780811563 1.44079005764797 1.16059462400153 1.66189997619949 1.58056335570291 1.27772253518924 1.44357787934132 1.19342852919362 1.30114950612187 1.51816882286221 1.11057554348372 1.00000719726086 1.64193192427047 1.49792222795077 1.85326466872357 1.36302354722284 1.43649892648682 1.40732717444189 1.098495521117 1.4434037359897 1.77266520867124 1.78251571464352 0.911788115743548
1.8146975429263 0 1.11025975970551 1.72901196964085 0.977052169386297 0.990454682381824 1.14198909862898 1.06430715462193 1.26641844911501 1.53585543856025 1.47021786239929 1.43626002245583 1.1428852241952 1.17428695666604 1.08337592706084 1.10680552874692 1.16070689563639 1.04351621237583 1.50181219959632 0.890887323999777 1.80090617691167 1.36934203281999 1.0172780144494 1.31555288098752 1.59311551298015 1.1290105432272 1.84383813408203 1.42166364449076 1.76368697057478 1.48534452682361
1.38130440679379 1.11025975970551 0 1.56241466943175 1.64381050365046 1.13575809681788 1.51657395041548 1.51282279612496 1.60547245899215 1.61556017375551 1.5486586347688 1.68641524016857 1.53566393000074 1.41359538841061 1.46501180180348 1.78472204273567 1.16618451988325 1.23839861759916 1.81542320083827 1.49642312014475 1.10212551523 1.23318330128677 1.56006468134001 1.29157029744238 1.32284843921661 1.48439573636279 1.2423030862119 1.66425646515563 1.718284687493 1.0875429357402
1.03013056959026 1.72901196964085 1.56241466943175 0 1.77742216945626 1.79087404627353 1.63161304662935 1.09424757119268 1.05084594758227 1.0461605603341 1.10077509586699 1.62283178488724 1.33947801170871 1.17399738472886 1.01527461013757 1.63315848517232 1.30216030403972 1.81137680658139 1.30995290796272 1.86967117758468 1.22115945443511 1.27451598481275 1.16761205485091 1.80684872181155 1.11230825190432 0.90404900140129 1.38059390895069 0.95027175382711 1.56955242599361 1.62731707305647
1.5049824535381 0.977052169386297 1.64381050365046 1.77742216945626 0 1.58433938375674 0.927855408517644 1.79820581781678 1.5504979819525 1.25602226774208 1.68039407185279 1.0177893852815 1.73921602917835 1.34192658076063 1.46618840517476 1.12019334593788 1.23059396352619 0.948836765484884 1.4384498486761 1.64722255640663 1.74891971191391 1.0015653136652 1.42349488125183 1.0160061083734 1.82956373272464 1.82324803294614 1.12914578756317 0.90398649754934 1.29354480863549 1.18179512606002
1.4111376137007 0.990454682381824 1.13575809681788 1.79087404627353 1.58433938375674 0 0.99195150937885 1.52712252712809 1.0574488574639 1.16911148373038 1.01895155012608 1.7722944507841 1.50821772683412 1.75767898000777 1.05077278777026 1.08662175480276 0.959489807952195 1.10581788420677 1.04679485061206 1.74258328718133 1.01093792472966 0.913161033531651 1.41846419987269 1.45061304164119 1.67335542733781 1.04394417116418 1.01707244617864 1.45706339436583 1.21072829910554 1.44763701595366
1.41463964176364 1.14198909862898 1.51657395041548 1.63161304662935 0.927855408517644 0.99195150937885 0 1.8692622508388 1.84901369037107 1.64223942160606 0.975809662835672 1.75458363257349 1.75168494018726 1.31597244669683 1.19894225359894 1.00994847388938 1.42103691352531 1.04007844161242 1.25078233145177 1.69748057494871 1.70783546473831 0.927592802094296 1.63013087329455 1.35279783699661 1.02020279527642 1.71525897923857 1.33544926578179 1.00485977670178 1.78497652779333 1.15460738632828
1.42807780811563 1.06430715462193 1.51282279612496 1.09424757119268 1.79820581781678 1.52712252712809 1.8692622508388 0 1.09828530182131 0.997800387209281 1.47777425753884 1.80228241672739 1.41017557540908 1.59809105098248 1.66363277519122 1.15047289431095 1.71630837465636 1.75147122051567 1.1379315298982 1.40504548256285 1.0153491825331 1.15773456403986 1.42384692188352 1.46904145693406 1.28969176136889 0.999753378098831 1.3863278303761 1.69732922245748 1.36307065677829 1.84849062259309
1.44079005764797 1.26641844911501 1.60547245899215 1.05084594758227 1.5504979819525 1.0574488574639 1.84901369037107 1.09828530182131 0 1.58983112848364 1.7850017293822 1.88408964918926 1.52635027025826 1.55952119245194 0.925589558202773 1.80277719977312 1.41995511227287 0.898249321384355 1.57509465841576 1.78608781984076 1.40711287851445 1.5308075514622 1.81629964825697 1.21645267726853 1.20448222872801 1.71059831278399 1.74367223843001 0.959031637292355 1.45489830360748 1.78498174180277
1.16059462400153 1.53585543856025 1.61556017375551 1.0461605603341 1.25602226774208 1.16911148373038 1.64223942160606 0.997800387209281 1.58983112848364 0 1.60085177305155 1.61505567911081 1.66202272241935 1.88338859262876 1.58554474334233 1.41072043776512 1.72983302664943 1.75148287974298 1.27945178071968 1.45461223949678 1.61117410007864 1.82646669005044 1.07841305946931 1.39151163422503 1.81785599258728 1.27557970909402 1.06806834693998 1.47817919962108 1.79060280835256 1.34995101275854
1.66189997619949 1.47021786239929 1.5486586347688 1.10077509586699 1.68039407185279 1.01895155012608 0.975809662835672 1.47777425753884 1.7850017293822 1.60085177305155 0 1.50957100349478 1.41512532508932 1.13656779169105 1.16577951912768 1.8555861057248 1.11290945624933 1.52826444315724 1.51887363032438 1.70298897335306 1.85993999917991 1.68796751345508 1.27121854270808 1.24525731778704 1.82711915532127 1.87217077706009 1.32347424095497 1.8672624565661 1.74459468317218 1.1437532317359
1.58056335570291 1.43626002245583 1.68641524016857 1.62283178488724 1.0177893852815 1.7722944507841 1.75458363257349 1.80228241672739 1.88408964918926 1.61505567911081 1.50957100349478 0 1.18790706014261 1.24520358629525 1.16504994384013 1.77686180174351 1.18263432988897 1.76129675307311 1.43977877148427 1.498076595366 1.79808599269018 1.03360452642664 1.73081258614548 1.24167811335064 1.37514764023945 1.57706474931911 1.74212947511114 1.66950962250121 1.8424443572294 1.29865676397458
1.27772253518924 1.1428852241952 1.53566393000074 1.33947801170871 1.73921602917835 1.50821772683412 1.75168494018726 1.41017557540908 1.52635027025826 1.66202272241935 1.41512532508932 1.18790706014261 0 1.33665471454151 1.37175296456553 0.933290934422985 1.23979360563681 1.1351707202848 1.53415603004396 1.58605490648188 0.904146277112886 1.85832450143062 1.51373446616344 1.8606788457837 1.31059230607934 1.19189734430984 1.0071111205034 1.43956744810566 1.65314969653264 1.36911240965128
1.44357787934132 1.17428695666604 1.41359538841061 1.17399738472886 1.34192658076063 1.75767898000777 1.31597244669683 1.59809105098248 1.55952119245194 1.88338859262876 1.13656779169105 1.24520358629525 1.33665471454151 0 0.992607976309955 1.31324006663635 1.86976784770377 1.2659843089059 1.01190734421834 1.45127428811975 1.06264274334535 1.66563354129903 1.8230740558356 1.85182738769799 1.35367542691529 1.4551155406516 1.03918913728558 1.7968585207127 1.76895630569197 1.29683015448973
1.19342852919362 1.08337592706084 1.46501180180348 1.01527461013757 1.46618840517476 1.05077278777026 1.19894225359894 1.66363277519122 0.925589558202773 1.58554474334233 1.16577951912768 1.16504994384013 1.37175296456553 0.992607976309955 0 0.995483872713521 1.24802499264479 1.5171595136635 1.71763789537363 1.19692973536439 1.12055545393378 1.28451027767733 1.59378998470493 0.985559860942885 1.05551441456191 1.56460950034671 1.78800436807796 1.55649673566222 1.44668982038274 1.37611230672337
1.30114950612187 1.10680552874692 1.78472204273567 1.63315848517232 1.12019334593788 1.08662175480276 1.00994847388938 1.15047289431095 1.80277719977312 1.41072043776512 1.8555861057248 1.77686180174351 0.933290934422985 1.31324006663635 0.995483872713521 0 1.18229563138448 1.59491511946544 1.76293738000095 1.63007794716395 1.64774942002259 1.87663571326993 0.944590630941093 1.10022316756658 1.49889233778231 1.46170200174674 1.23225788143463 1.01871739397757 1.80643547954969 1.45630582864396
1.51816882286221 1.16070689563639 1.16618451988325 1.30216030403972 1.23059396352619 0.959489807952195 1.42103691352531 1.71630837465636 1.41995511227287 1.72983302664943 1.11290945624933 1.18263432988897 1.23979360563681 1.86976784770377 1.24802499264479 1.18229563138448 0 1.41956901154481 1.36602066550404 1.60327703040093 1.52750276238658 1.15473637869582 0.927338381530717 1.7236798692029 1.11611850000918 1.43950360035524 1.29203693033196 1.54370711790398 1.61451872368343 1.22529885009862
1.11057554348372 1.04351621237583 1.23839861759916 1.81137680658139 0.948836765484884 1.10581788420677 1.04007844161242 1.75147122051567 0.898249321384355 1.75148287974298 1.52826444315724 1.76129675307311 1.1351707202848 1.2659843089059 1.5171595136635 1.59491511946544 1.41956901154481 0 1.87583966995589 0.974787696963176 1.37790952599607 1.05308638932183 1.42684585205279 1.62184704118408 1.38667355664074 0.933339237235487 0.953424279112369 1.7644658042118 1.67562016146258 1.64606535877101
1.00000719726086 1.50181219959632 1.81542320083827 1.30995290796272 1.4384498486761 1.04679485061206 1.25078233145177 1.1379315298982 1.57509465841576 1.27945178071968 1.51887363032438 1.43977877148427 1.53415603004396 1.01190734421834 1.71763789537363 1.76293738000095 1.36602066550404 1.87583966995589 0 1.88184871035628 1.72931738523766 1.36915339669213 1.04836945584975 1.86133792833425 1.88167797378264 1.32243469799869 0.944106297800317 1.25589071959257 1.49187264195643 1.73093861201778
1.64193192427047 0.890887323999777 1.49642312014475 1.86967117758468 1.64722255640663 1.74258328718133 1.69748057494871 1.40504548256285 1.78608781984076 1.45461223949678 1.70298897335306 1.498076595366 1.58605490648188 1.45127428811975 1.19692973536439 1.63007794716395 1.60327703040093 0.974787696963176 1.88184871035628 0 1.84378039510921 1.10227960743941 1.11732920166105 0.94158714520745 1.8196151999291 1.53793059289455 1.44717516191304 0.919399423757568 1.02678836160339 1.24016694538295
1.49792222795077 1.80090617691167 1.10212551523 1.22115945443511 1.74891971191391 1.01093792472966 1.70783546473831 1.0153491825331 1.40711287851445 1.61117410007864 1.85993999917991 1.79808599269018 0.904146277112886 1.06264274334535 1.12055545393378 1.64774942002259 1.52750276238658 1.37790952599607 1.72931738523766 1.84378039510921 0 1.78004723205231 1.57932132412679 1.34368376573548 1.26606653141789 1.76790417823941 1.1128423132468 1.62256653979421 1.11707953922451 1.31001776293851
1.85326466872357 1.36934203281999 1.23318330128677 1.27451598481275 1.0015653136652 0.913161033531651 0.927592802094296 1.15773456403986 1.5308075514622 1.82646669005044 1.68796751345508 1.03360452642664 1.85832450143062 1.66563354129903 1.28451027767733 1.87663571326993 1.15473637869582 1.05308638932183 1.36915339669213 1.10227960743941 1.78004723205231 0 1.2824351885356 1.78718906757422 1.01232763938606 1.74554256210104 1.51839526370168 1.44033561134711 1.79760777181946 0.958578760735691
1.36302354722284 1.0172780144494 1.56006468134001 1.16761205485091 1.42349488125183 1.41846419987269 1.63013087329455 1.42384692188352 1.81629964825697 1.07841305946931 1.27121854270808 1.73081258614548 1.51373446616344 1.8230740558356 1.59378998470493 0.944590630941093 0.927338381530717 1.42684585205279 1.04836945584975 1.11732920166105 1.57932132412679 1.2824351885356 0 1.11542431637645 1.09922478650697 1.43456595134921 1.47202538885176 1.12185119977221 1.34042465826496 1.58371178782545
1.43649892648682 1.31555288098752 1.29157029744238 1.80684872181155 1.0160061083734 1.45061304164119 1.35279783699661 1.46904145693406 1.21645267726853 1.39151163422503 1.24525731778704 1.24167811335064 1.8606788457837 1.85182738769799 0.985559860942885 1.10022316756658 1.7236798692029 1.62184704118408 1.86133792833425 0.94158714520745 1.34368376573548 1.78718906757422 1.11542431637645 0 1.25960768433288 1.12206832855009 1.80381827987731 1.14302555378526 1.1440348145552 0.981723237084225
1.40732717444189 1.59311551298015 1.32284843921661 1.11230825190432 1.82956373272464 1.67335542733781 1.02020279527642 1.28969176136889 1.20448222872801 1.81785599258728 1.82711915532127 1.37514764023945 1.31059230607934 1.35367542691529 1.05551441456191 1.49889233778231 1.11611850000918 1.38667355664074 1.88167797378264 1.8196151999291 1.26606653141789 1.01232763938606 1.09922478650697 1.25960768433288 0 1.06261475803331 1.55427855718881 1.04707495472394 1.62665203679353 1.67229406256229
1.098495521117 1.1290105432272 1.48439573636279 0.90404900140129 1.82324803294614 1.04394417116418 1.71525897923857 0.999753378098831 1.71059831278399 1.27557970909402 1.87217077706009 1.57706474931911 1.19189734430984 1.4551155406516 1.56460950034671 1.46170200174674 1.43950360035524 0.933339237235487 1.32243469799869 1.53793059289455 1.76790417823941 1.74554256210104 1.43456595134921 1.12206832855009 1.06261475803331 0 1.34224678901955 1.47915605758317 0.998672639252618 1.88210733886808
1.4434037359897 1.84383813408203 1.2423030862119 1.38059390895069 1.12914578756317 1.01707244617864 1.33544926578179 1.3863278303761 1.74367223843001 1.06806834693998 1.32347424095497 1.74212947511114 1.0071111205034 1.03918913728558 1.78800436807796 1.23225788143463 1.29203693033196 0.953424279112369 0.944106297800317 1.44717516191304 1.1128423132468 1.51839526370168 1.47202538885176 1.80381827987731 1.55427855718881 1.34224678901955 0 1.80010114004835 1.87352224718779 1.11172264115885
1.77266520867124 1.42166364449076 1.66425646515563 0.95027175382711 0.90398649754934 1.45706339436583 1.00485977670178 1.69732922245748 0.959031637292355 1.47817919962108 1.8672624565661 1.66950962250121 1.43956744810566 1.7968585207127 1.55649673566222 1.01871739397757 1.54370711790398 1.7644658042118 1.25589071959257 0.919399423757568 1.62256653979421 1.44033561134711 1.12185119977221 1.14302555378526 1.04707495472394 1.47915605758317 1.80010114004835 0 1.79546993691474 1.71795966313221
1.78251571464352 1.76368697057478 1.718284687493 1.56955242599361 1.29354480863549 1.21072829910554 1.78497652779333 1.36307065677829 1.45489830360748 1.79060280835256 1.74459468317218 1.8424443572294 1.65314969653264 1.76895630569197 1.44668982038274 1.80643547954969 1.61451872368343 1.67562016146258 1.49187264195643 1.02678836160339 1.11707953922451 1.79760777181946 1.34042465826496 1.1440348145552 1.62665203679353 0.998672639252618 1.87352224718779 1.79546993691474 0 1.27698810701258
0.911788115743548 1.48534452682361 1.0875429357402 1.62731707305647 1.18179512606002 1.44763701595366 1.15460738632828 1.84849062259309 1.78498174180277 1.34995101275854 1.1437532317359 1.29865676397458 1.36911240965128 1.29683015448973 1.37611230672337 1.45630582864396 1.22529885009862 1.64606535877101 1.73093861201778 1.24016694538295 1.31001776293851 0.958578760735691 1.58371178782545 0.981723237084225 1.67229406256229 1.88210733886808 1.11172264115885 1.71795966313221 1.27698810701258 0
