0 1.15982466517016 1.91845935303718 1.9231545352377 1.02262345794588 1.21748061780818 1.48931631888263 1.31180625432171 1.37160500162281 1.30789946531877 1.50859001511708 1.86866095289588 1.30717954225838 1.01126952981576 1.84785977657884 1.07319220504723 1.53594054840505 1.29926070896909 1.3114766292274 1.30283393198624 1.44386372598819 1.0681453498546 1.78581167059019 1.02726855571382 1.44103579316288 1.28823875868693 1.48722913535312 1.87850538664497 1.13725579972379 1.55261489190161
1.15982466517016 0 1.12407819624059 1.03611718816683 1.34594528004527 1.23820418654941 1.64467959082685 1.1006118869409 1.79149490431882 1.15734589612111 1.24529835139401 1.78433314873837 1.96005698945373 1.11638404126279 1.6032850376796 1.72305813548155 1.62721803388558 1.95741060376167 1.93864432140253 1.4931169943884 1.37647516909055 1.96672072680667 1.65802557347342 1.94047673838213 1.79723756737076 1.69362713163719 1.42387584457174 1.48448124085553 1.89086321578361 1.83994597475976
1.91845935303718 1.12407819624059 0 1.88844818552025 1.32657457888126 1.02650602348149 1.97398055088706 1.66123106959276 1.6085437182337 1.14570394251496 1.39829314430244 1.51079919864424 1.93470524763688 1.68522869911976 1.83805290050805 1.34497877163813 1.97738640755415 1.86002467875369 1.45689440844581 1.65573989134282 1.89291153429076 1.19218751671724 1.00282510975376 1.24346804386005 1.03092496423051 1.83248961344361 1.95205857045949 1.50483256811276 1.3693741876632 1.24741057213396
1.9231545352377 1.03611718816683 1.88844818552025 0 1.24257037509233 1.18647465133108 1.68018990242854 0.98924543405883 1.39635192486458 1.41709868749604 1.39494159887545 1.7570800143294 1.28036789782345 1.30177438724786 1.83752616913989 1.17438374925405 1.21030084090307 0.985245080897585 1.51548368437216 1.82764666061848 1.91094787348993 0.985531396698207 1.70286621432751 1.40060510695912 1.02460251259618 1.6441728186328 1.77291992004029 1.20633009658195 1.47371665528044 1.95007214345969
1.02262345794588 1.34594528004527 1.32657457888126 1.24257037509233 0 1.89179347525351 1.32328142621554 1.05964729632251 1.29276678990573 1.30307298828848 1.48086322611198 1.17910315468907 1.96347305178642 1.23801102978177 1.85386069724336 1.6748646448832 1.1839998040814 1.28382508317009 1.15599211375229 1.46886051911861 1.05875980714336 1.32004763628356 1.57628114358522 1.00715053477325 1.46205631247722 1.30513197835535 1.390955589246 1.14042225014418 1.21892351610586 1.80897161783651
1.21748061780818 1.23820418654941 1.02650602348149 1.18647465133108 1.89179347525351 0 1.44917650124989 1.83991488651372 1.96330961119384 1.02264326415025 1.28107801266015 1.18601020844653 1.59177694842219 1.26732543017715 1.50175838195719 1.71397879510187 1.42333799181506 1.07167364284396 1.50051144789904 1.48649982688949 1.3039135360159 1.34505373635329 1.72538761864416 1.13534510182217 1.7595819667913 1.32276076916605 1.94926104112528 1.94813106465153 1.34552877326496 1.63634381862357
1.48931631888263 1.64467959082685 1.97398055088706 1.68018990242854 1.32328142621554 1.44917650124989 0 1.37318872660398 1.38311136257835 1.20252477866597 1.67459187982604 1.08056843164377 1.21884834766388 1.16810471541248 1.75512786838226 1.19939015223645 1.01126629556529 1.00104665686376 1.91546990862116 1.39850464113988 1.87807030905969 1.3565363434609 1.8447874544654 1.97258744621649 1.08002132712863 1.54525892576203 1.27983816410415 1.76792348828167 1.4854925929103 1.69945319462568
1.31180625432171 1.1006118869409 1.66123106959276 0.98924543405883 1.05964729632251 1.83991488651372 1.37318872660398 0 1.07572691305541 1.78222376434132 1.17483194777742 1.42846039682627 1.3311002755072 1.44445297657512 1.78268257295713 1.72128021507524 1.58565154555254 1.6120196224656 1.59985532751307 1.84284397028387 1.28304736153223 1.9091881706845 1.61180665576831 1.46916539920494 1.95831441320479 1.24442796246149 1.5072727589868 1.56011317926459 1.57935064076446 1.88356529944576
1.37160500162281 1.79149490431882 1.6085437182337 1.39635192486458 1.29276678990573 1.96330961119384 1.38311136257835 1.07572691305541 0 1.20534285786562 1.41259636310861 1.33245611004531 1.1208554666955 1.482089222176 1.21910034515895 1.86562691768631 1.82175091910176 1.59497275133617 1.81214405945502 1.94469236349687 1.7246302885469 1.93008743599057 1.01051363674924 1.15087259770371 1.34966306644492 1.09989844937809 1.89735642517917 1.89970383769833 1.01933031249791 1.90525798406452
1.30789946531877 1.15734589612111 1.14570394251496 1.41709868749604 1.30307298828848 1.02264326415025 1.20252477866597 1.78222376434132 1.20534285786562 0 1.10697848489508 1.70276760309935 1.78483558353037 1.09186767344363 1.43694819882512 1.85575403482653 1.65137387439609 1.87659714673646 1.57459828280844 0.984153444413096 1.3317357392516 1.11912903515622 1.30148787517101 1.767173046479 1.58233095658943 1.05834312248044 1.81640685722232 1.05851223831996 1.2079592293594 1.48665172909386
1.50859001511708 1.24529835139401 1.39829314430244 1.39494159887545 1.48086322611198 1.28107801266015 1.67459187982604 1.17483194777742 1.41259636310861 1.10697848489508 0 1.75663491990417 1.17006768845022 1.72862463118508 1.81460250751115 1.65000202716328 1.95258970698342 1.15967909316532 1.45512140658684 1.37898408435285 1.58006377425045 1.66931084031239 1.42087822896428 1.91649255133234 1.66056823125109 1.20838090195321 1.90467554400675 1.2235695659183 1.9716782704927 1.63218887103721
1.86866095289588 1.78433314873837 1.51079919864424 1.7570800143294 1.17910315468907 1.18601020844653 1.08056843164377 1.42846039682627 1.33245611004531 1.70276760309935 1.75663491990417 0 1.57829986861907 1.02749482588843 1.08639357681386 1.3953494746238 1.17875150381587 1.4349780685734 1.62761674053036 1.17768355621956 1.01335383136757 1.80657795327716 1.56782257417217 1.0629399290774 1.92014560988173 1.76872244011611 1.80293937237002 1.0224913158454 1.83958573895507 1.54887449415401
1.30717954225838 1.96005698945373 1.93470524763688 1.28036789782345 1.96347305178642 1.59177694842219 1.21884834766388 1.3311002755072 1.1208554666955 1.78483558353037 1.17006768845022 1.57829986861907 0 1.80468536331318 1.05549070425332 1.78280294104479 1.07000929140486 1.65607096790336 1.8589820493944 1.0163373448886 1.04775899625383 1.66015449166298 1.83384335483424 1.19391887495294 1.12031338759698 1.81708513386548 1.5109779224731 1.42333928355947 1.79235735721886 1.62868750304915
1.01126952981576 1.11638404126279 1.68522869911976 1.30177438724786 1.23801102978177 1.26732543017715 1.16810471541248 1.44445297657512 1.482089222176 1.09186767344363 1.72862463118508 1.02749482588843 1.80468536331318 0 1.40068254829384 1.25693377805874 1.46288135112263 1.33304120856337 1.87940289755352 1.02781043597497 1.28085136483423 1.21565021434799 1.53364365035668 1.60385522060096 1.3566783471033 1.54433514620177 1.57928819349036 1.4661834766157 1.72952696750872 1.35986124537885
1.84785977657884 1.6032850376796 1.83805290050805 1.83752616913989 1.85386069724336 1.50175838195719 1.75512786838226 1.78268257295713 1.21910034515895 1.43694819882512 1.81460250751115 1.08639357681386 1.05549070425332 1.40068254829384 0 1.72794269304723 1.7716954939533 1.87823083507828 1.96609086357057 1.86439212923869 1.19977046060376 1.75818628072739 1.97076365328394 1.70480023487471 1.78240411262959 1.05366511084139 1.0023569110781 0.998269460396841 1.35000216239132 1.66322476114146
1.07319220504723 1.72305813548155 1.34497877163813 1.17438374925405 1.6748646448832 1.71397879510187 1.19939015223645 1.72128021507524 1.86562691768631 1.85575403482653 1.65000202716328 1.3953494746238 1.78280294104479 1.25693377805874 1.72794269304723 0 1.79761786898598 1.43286581919529 1.26090965070762 1.39152465783991 1.38604333531111 1.09021026594564 1.10729181533679 1.77007285691798 1.08420808869414 1.77502053859644 1.49431143887341 1.02955301525071 1.97920379368588 1.41616345290095
1.53594054840505 1.62721803388558 1.97738640755415 1.21030084090307 1.1839998040814 1.42333799181506 1.01126629556529 1.58565154555254 1.82175091910176 1.65137387439609 1.95258970698342 1.17875150381587 1.07000929140486 1.46288135112263 1.7716954939533 1.79761786898598 0 1.97573808836751 1.93639830476604 1.377320345724 1.15127319470048 1.72929645795375 1.0307689839974 1.8287070360966 1.4605343574658 1.79429266555235 1.26929311198182 1.7894262871705 1.3101565502584 1.4709395414684
1.29926070896909 1.95741060376167 1.86002467875369 0.985245080897585 1.28382508317009 1.07167364284396 1.00104665686376 1.6120196224656 1.59497275133617 1.87659714673646 1.15967909316532 1.4349780685734 1.65607096790336 1.33304120856337 1.87823083507828 1.43286581919529 1.97573808836751 0 1.36981661315076 1.36241752956994 1.38167502172291 1.97077647759579 1.63851621723734 1.68766063684598 1.20403917250223 1.93960687029175 1.83928395854309 1.86644937098026 1.68157295347191 1.69117177301086
1.3114766292274 1.93864432140253 1.45689440844581 1.51548368437216 1.15599211375229 1.50051144789904 1.91546990862116 1.59985532751307 1.81214405945502 1.57459828280844 1.45512140658684 1.62761674053036 1.8589820493944 1.87940289755352 1.96609086357057 1.26090965070762 1.93639830476604 1.36981661315076 0 1.45166048128158 1.64069856214337 1.00837861048058 1.12780925678089 1.58426001504995 1.01153317536227 1.5779332369566 1.31386788352393 1.88788941409439 1.21054974244907 1.75445698713884
1.30283393198624 1.4931169943884 1.65573989134282 1.82764666061848 1.46886051911861 1.48649982688949 1.39850464113988 1.84284397028387 1.94469236349687 0.984153444413096 1.37898408435285 1.17768355621956 1.0163373448886 1.02781043597497 1.86439212923869 1.39152465783991 1.377320345724 1.36241752956994 1.45166048128158 0 1.84609982487746 1.03289555921219 1.15695562795736 1.96796203381382 1.27850646129809 1.02246399759315 1.00499367038719 1.47131397458725 1.30805816897191 1.36803794675507
1.44386372598819 1.37647516909055 1.89291153429076 1.91094787348993 1.05875980714336 1.3039135360159 1.87807030905969 1.28304736153223 1.7246302885469 1.3317357392516 1.58006377425045 1.01335383136757 1.04775899625383 1.28085136483423 1.19977046060376 1.38604333531111 1.15127319470048 1.38167502172291 1.64069856214337 1.84609982487746 0 1.79284479422495 1.83983418880962 1.94541376782581 1.63437423901632 1.84224798460491 1.16010154318064 1.09359148237854 1.22968019847758 1.58478875271976
1.0681453498546 1.96672072680667 1.19218751671724 0.985531396698207 1.32004763628356 1.34505373635329 1.3565363434609 1.9091881706845 1.93008743599057 1.11912903515622 1.66931084031239 1.80657795327716 1.66015449166298 1.21565021434799 1.75818628072739 1.09021026594564 1.72929645795375 1.97077647759579 1.00837861048058 1.03289555921219 1.79284479422495 0 1.79561618273146 1.52482680650428 1.6545669301413 1.22463267040439 1.95024462603033 1.37391924113035 1.4767315282952 1.47778454422951
1.78581167059019 1.65802557347342 1.00282510975376 1.70286621432751 1.57628114358522 1.72538761864416 1.8447874544654 1.61180665576831 1.01051363674924 1.30148787517101 1.42087822896428 1.56782257417217 1.83384335483424 1.53364365035668 1.97076365328394 1.10729181533679 1.0307689839974 1.63851621723734 1.12780925678089 1.15695562795736 1.83983418880962 1.79561618273146 0 1.76868707477115 1.53931520390324 1.50042899907567 1.91347399773076 1.35818394413218 1.15316114551388 1.49584012804553
1.02726855571382 1.94047673838213 1.24346804386005 1.40060510695912 1.00715053477325 1.13534510182217 1.97258744621649 1.46916539920494 1.15087259770371 1.767173046479 1.91649255133234 1.0629399290774 1.19391887495294 1.60385522060096 1.70480023487471 1.77007285691798 1.8287070360966 1.68766063684598 1.58426001504995 1.96796203381382 1.94541376782581 1.52482680650428 1.76868707477115 0 1.33838267601095 1.46871387748979 1.73691923357546 1.50698627461679 1.87287368928082 1.007889369037
1.44103579316288 1.79723756737076 1.03092496423051 1.02460251259618 1.46205631247722 1.7595819667913 1.08002132712863 1.95831441320479 1.34966306644492 1.58233095658943 1.66056823125109 1.92014560988173 1.12031338759698 1.3566783471033 1.78240411262959 1.08420808869414 1.4605343574658 1.20403917250223 1.01153317536227 1.27850646129809 1.63437423901632 1.6545669301413 1.53931520390324 1.33838267601095 0 1.14466916234232 1.45232982793823 1.81606788677163 1.73743845196441 1.83201189525425
1.28823875868693 1.69362713163719 1.83248961344361 1.6441728186328 1.30513197835535 1.32276076916605 1.54525892576203 1.24442796246149 1.09989844937809 1.05834312248044 1.20838090195321 1.76872244011611 1.81708513386548 1.54433514620177 1.05366511084139 1.77502053859644 1.79429266555235 1.93960687029175 1.5779332369566 1.02246399759315 1.84224798460491 1.22463267040439 1.50042899907567 1.46871387748979 1.14466916234232 0 1.56521682417952 1.02489170012996 1.28420455544256 1.87869962141849
1.48722913535312 1.42387584457174 1.95205857045949 1.77291992004029 1.390955589246 1.94926104112528 1.27983816410415 1.5072727589868 1.89735642517917 1.81640685722232 1.90467554400675 1.80293937237002 1.5109779224731 1.57928819349036 1.0023569110781 1.49431143887341 1.26929311198182 1.83928395854309 1.31386788352393 1.00499367038719 1.16010154318064 1.95024462603033 1.91347399773076 1.73691923357546 1.45232982793823 1.56521682417952 0 1.14110059500672 1.09537506010383 1.425206909189
1.87850538664497 1.48448124085553 1.50483256811276 1.20633009658195 1.14042225014418 1.94813106465153 1.76792348828167 1.56011317926459 1.89970383769833 1.05851223831996 1.2235695659183 1.0224913158454 1.42333928355947 1.4661834766157 0.998269460396841 1.02955301525071 1.7894262871705 1.86644937098026 1.88788941409439 1.47131397458725 1.09359148237854 1.37391924113035 1.35818394413218 1.50698627461679 1.81606788677163 1.02489170012996 1.14110059500672 0 1.49496673233807 1.46839783433825
1.13725579972379 1.89086321578361 1.3693741876632 1.47371665528044 1.21892351610586 1.34552877326496 1.4854925929103 1.57935064076446 1.01933031249791 1.2079592293594 1.9716782704927 1.83958573895507 1.79235735721886 1.72952696750872 1.35000216239132 1.97920379368588 1.3101565502584 1.68157295347191 1.21054974244907 1.30805816897191 1.22968019847758 1.4767315282952 1.15316114551388 1.87287368928082 1.73743845196441 1.28420455544256 1.09537506010383 1.49496673233807 0 1.06670252652839
1.55261489190161 1.83994597475976 1.24741057213396 1.95007214345969 1.80897161783651 1.63634381862357 1.69945319462568 1.88356529944576 1.90525798406452 1.48665172909386 1.63218887103721 1.54887449415401 1.62868750304915 1.35986124537885 1.66322476114146 1.41616345290095 1.4709395414684 1.69117177301086 1.75445698713884 1.36803794675507 1.58478875271976 1.47778454422951 1.49584012804553 1.007889369037 1.83201189525425 1.87869962141849 1.425206909189 1.46839783433825 1.06670252652839 0
