0 1.59375115018338 1.93053006706759 1.15152888349257 1.67270447732881 1.84487547632307 1.89178291358985 1.72362216305919 1.67852028063498 1.22560884756967 1.32648105872795 1.76714064972475 1.91925614979118 1.27444549766369 1.58827824890614 1.11851816857234 1.56201785989106 1.74604149325751 1.01110533927567 1.4525475462433 1.60048140422441 1.00301412283443 1.66148353926837 1.18003687215969 1.14168892148882 1.82775305979885 1.0735913189128 1.43595277937129 1.61180215957575 1.76551924366504
1.59375115018338 0 1.09213652671315 1.26543722348288 1.58307254989631 1.86505604977719 1.209641413996 1.90037073288113 1.37912576529197 1.57300107320771 1.41159475268796 1.45016813883558 1.77083658589981 1.09423770429567 1.21691899327561 1.33390324912034 1.85190696967766 1.13665497256443 1.12609487678856 1.12480255658738 1.06385372602381 1.17786865122616 0.977286011911929 1.12317490624264 1.88102804706432 1.1134003540501 1.59306357637979 0.965206789784133 1.02873556339182 1.36992976791225
1.93053006706759 1.09213652671315 0 1.80200939252973 1.41036958433688 1.23477132967673 1.55851578083821 1.78951948392205 1.58682791888714 1.27243347768672 1.25047908653505 1.83828012109734 1.82855779468082 1.19457910815254 1.8561135509517 1.803863506997 1.60700291395187 1.01084702904336 1.38420439627953 1.02315164869651 1.72643061564304 1.85908050346188 1.07125473115593 1.60469575086609 0.964551752666011 1.39377831597812 1.94296194263734 1.55449076695368 1.90355755179189 1.07247328176163
1.15152888349257 1.26543722348288 1.80200939252973 0 0.982231384376064 1.7848628773354 1.18366928701289 1.08602026710287 1.91959167295136 1.91199754388072 1.15246022073552 1.23568278597668 1.45477700210176 1.84239229629748 1.32083869446069 1.05794218718074 1.26487027900293 1.30849991901778 1.35356367658824 1.33433585148305 1.28722340287641 1.53077363106422 1.78778539435007 1.95409198990092 1.29822270385921 0.983512564795092 1.55024028243497 1.64815694023855 1.80459112953395 1.55732669425197
1.67270447732881 1.58307254989631 1.41036958433688 0.982231384376064 0 0.992045869119465 1.62142708688043 1.47309802658856 1.03221091604792 1.4740952628199 1.53022394422442 1.06404255912639 1.28286761511117 1.30712239420973 1.38157214247622 1.55884385132231 1.84900781046599 1.71059457561933 1.83223699429072 1.07416053721681 0.969002036377788 1.57953856233507 1.46304870373569 1.73082732805051 1.80858920188621 0.995474863797426 1.87521254690364 1.1403509429656 1.02418435877189 1.55890705413185
1.84487547632307 1.86505604977719 1.23477132967673 1.7848628773354 0.992045869119465 0 1.04435586836189 1.09171532047912 1.90464970399626 1.94550374057144 1.81589257530868 1.87534869415686 1.37079059542157 1.89788873353973 1.65782680059783 1.14211411424913 1.55559370806441 1.73418112006038 1.4853590268176 1.00445594266057 1.18762022978626 1.72756682848558 1.8821950762067 1.09379472536966 1.04495472437702 1.00911865523085 1.61808180250227 1.92756691784598 1.64455712377094 1.43614533357322
1.89178291358985 1.209641413996 1.55851578083821 1.18366928701289 1.62142708688043 1.04435586836189 0 1.53305021952838 1.27145798667334 1.69375630421564 0.965388111304492 1.25009984709322 1.93433777219616 1.60646183346398 1.51085651386529 1.26888175844215 1.71304545435123 1.33653454435989 1.47840999648906 1.11614869418554 1.37622989690863 1.56112581817433 1.76629708893597 1.60883708088659 1.67792116827331 1.88276793668047 0.981765528209507 1.92550626466982 1.27238795952871 1.13857776019722
1.72362216305919 1.90037073288113 1.78951948392205 1.08602026710287 1.47309802658856 1.09171532047912 1.53305021952838 0 1.06056130141951 1.75652514956892 1.35950113367289 1.84173085424118 0.996186984702945 1.71284579741769 1.74579473608173 1.19405940244906 1.32960775913671 1.5547400964424 1.39045968535356 1.37139133666642 1.93722867174074 1.45787256653421 0.999524634098634 1.58889067871496 1.92602987983264 1.79656753363088 1.60146018746309 1.1375108086504 1.19035662570968 1.1060975745786
1.67852028063498 1.37912576529197 1.58682791888714 1.91959167295136 1.03221091604792 1.90464970399626 1.27145798667334 1.06056130141951 0 1.24226561421528 1.31789897358976 1.59760784055106 1.40962746390142 1.79388426849619 1.53040026314557 1.54340554424562 1.25166934472509 1.11704060295597 1.14472326403484 1.13909165468067 1.19718694151379 1.86425529001281 1.87750510429032 1.74149605236016 1.51195760793053 1.94933591340668 1.46871970454231 1.29671728797257 1.56232909671962 1.36486004618928
1.22560884756967 1.57300107320771 1.27243347768672 1.91199754388072 1.4740952628199 1.94550374057144 1.69375630421564 1.75652514956892 1.24226561421528 0 1.94372089509852 1.32973466347903 0.968820510432124 1.60460847849026 0.989717563614249 1.63388269999996 1.91236557764933 1.69174091122113 1.42759951716289 1.47509977919981 1.09186299098656 1.72659547720104 1.16075281356461 1.92434705118649 1.664082554169 1.1224687078502 1.05640315497294 1.75800823140889 1.64859419525601 1.62292913091369
1.32648105872795 1.41159475268796 1.25047908653505 1.15246022073552 1.53022394422442 1.81589257530868 0.965388111304492 1.35950113367289 1.31789897358976 1.94372089509852 0 1.19600754417479 0.974900384666398 1.42013692110777 1.59627999458462 1.77757729054429 1.77074019773863 0.975174740655348 1.54153210064396 0.999590302351862 1.9150526181329 1.31616135593504 1.34390832530335 1.28035420970991 1.4834589723032 1.07757806428708 1.30612762179226 1.7719509776216 1.88760622078553 1.50883706333116
1.76714064972475 1.45016813883558 1.83828012109734 1.23568278597668 1.06404255912639 1.87534869415686 1.25009984709322 1.84173085424118 1.59760784055106 1.32973466347903 1.19600754417479 0 1.58318111253902 1.18215247197077 1.26153806294315 1.07008170429617 1.22058110311627 1.52716305549257 1.39120327797718 1.83391912793741 1.08511923952028 1.84227293659933 1.7716393598821 0.959955766331404 1.78704836615361 1.55901605612598 1.93960210657679 1.1416223119013 1.19072622223757 1.06010523578152
1.91925614979118 1.77083658589981 1.82855779468082 1.45477700210176 1.28286761511117 1.37079059542157 1.93433777219616 0.996186984702945 1.40962746390142 0.968820510432124 0.974900384666398 1.58318111253902 0 1.87905178312212 1.2112074168399 1.9018424814567 0.974150992929935 0.968546516494825 1.52255427907221 1.17605134285986 1.61638675467111 1.36574484780431 1.87554468703456 1.36325355782174 1.94690094632097 1.31744622858241 1.84113443852402 1.90812937286682 1.45447922963649 1.12419146974571
1.27444549766369 1.09423770429567 1.19457910815254 1.84239229629748 1.30712239420973 1.89788873353973 1.60646183346398 1.71284579741769 1.79388426849619 1.60460847849026 1.42013692110777 1.18215247197077 1.87905178312212 0 1.4680249535013 1.39634667756036 1.89334019646049 1.82934550312348 1.65984789771028 1.53110306384042 1.0311479724478 1.30925982887857 1.78950771549717 1.46509389672428 1.95906295417808 1.93904313771054 1.65672790096141 0.97971982578747 1.83346432563849 1.31992242787965
1.58827824890614 1.21691899327561 1.8561135509517 1.32083869446069 1.38157214247622 1.65782680059783 1.51085651386529 1.74579473608173 1.53040026314557 0.989717563614249 1.59627999458462 1.26153806294315 1.2112074168399 1.4680249535013 0 1.79825746198185 1.54639888042584 1.24591791024432 1.4545405395329 1.90163041022606 1.10347976256162 1.06148358853534 1.84624106250703 1.50628409930505 1.8630930762738 1.2146860267967 1.33366241632029 1.16786434384994 1.19824853492901 1.27435543807223
1.11851816857234 1.33390324912034 1.803863506997 1.05794218718074 1.55884385132231 1.14211411424913 1.26888175844215 1.19405940244906 1.54340554424562 1.63388269999996 1.77757729054429 1.07008170429617 1.9018424814567 1.39634667756036 1.79825746198185 0 1.03617982752621 1.75201933807693 1.30813524103723 1.52901136223227 1.43960199435242 1.35801171604544 1.30829446739517 1.54140132060274 1.11876830901019 1.04425908601843 1.75854365993291 1.09856611769646 1.92732342029922 1.10479712742381
1.56201785989106 1.85190696967766 1.60700291395187 1.26487027900293 1.84900781046599 1.55559370806441 1.71304545435123 1.32960775913671 1.25166934472509 1.91236557764933 1.77074019773863 1.22058110311627 0.974150992929935 1.89334019646049 1.54639888042584 1.03617982752621 0 1.41993522760458 1.09160712803714 1.54829342709854 1.21086881635711 1.20981961302459 1.28474919963628 0.965210354188457 1.37675733119249 1.69910989725031 1.65519933751784 1.59832074260339 1.94760474795476 1.49926411034539
1.74604149325751 1.13665497256443 1.01084702904336 1.30849991901778 1.71059457561933 1.73418112006038 1.33653454435989 1.5547400964424 1.11704060295597 1.69174091122113 0.975174740655348 1.52716305549257 0.968546516494825 1.82934550312348 1.24591791024432 1.75201933807693 1.41993522760458 0 1.6396999231074 1.08722626860254 1.8118788683787 1.36397094698623 1.09255944797769 1.71759772347286 1.93182407133281 1.88162974431179 1.34321741317399 1.33873816183768 1.64363218471408 1.79271514574066
1.01110533927567 1.12609487678856 1.38420439627953 1.35356367658824 1.83223699429072 1.4853590268176 1.47840999648906 1.39045968535356 1.14472326403484 1.42759951716289 1.54153210064396 1.39120327797718 1.52255427907221 1.65984789771028 1.4545405395329 1.30813524103723 1.09160712803714 1.6396999231074 0 1.95366876386106 1.65663350117393 1.34007201180793 1.69400045066141 1.68996965605766 1.9174194522202 1.38988196104765 1.0096551720053 1.2755763118621 1.93998147919774 1.04815411614254
1.4525475462433 1.12480255658738 1.02315164869651 1.33433585148305 1.07416053721681 1.00445594266057 1.11614869418554 1.37139133666642 1.13909165468067 1.47509977919981 0.999590302351862 1.83391912793741 1.17605134285986 1.53110306384042 1.90163041022606 1.52901136223227 1.54829342709854 1.08722626860254 1.95366876386106 0 1.44440417550504 1.90336685581133 1.32735265465453 1.5703716466669 1.19431009399705 1.78340801573358 1.36826719623059 1.13473327131942 1.53676734725013 1.63813583948649
1.60048140422441 1.06385372602381 1.72643061564304 1.28722340287641 0.969002036377788 1.18762022978626 1.37622989690863 1.93722867174074 1.19718694151379 1.09186299098656 1.9150526181329 1.08511923952028 1.61638675467111 1.0311479724478 1.10347976256162 1.43960199435242 1.21086881635711 1.8118788683787 1.65663350117393 1.44440417550504 0 1.21553528495133 1.37199320690706 1.80169243412092 1.02040141564794 1.18268248648383 1.74977090372704 1.91679055988789 1.39570162724704 1.3074110369198
1.00301412283443 1.17786865122616 1.85908050346188 1.53077363106422 1.57953856233507 1.72756682848558 1.56112581817433 1.45787256653421 1.86425529001281 1.72659547720104 1.31616135593504 1.84227293659933 1.36574484780431 1.30925982887857 1.06148358853534 1.35801171604544 1.20981961302459 1.36397094698623 1.34007201180793 1.90336685581133 1.21553528495133 0 1.15561774768867 1.17677783197723 1.37193939089775 1.14882857585326 1.64491574605927 1.88245455897413 1.35094881849363 1.06914156023413
1.66148353926837 0.977286011911929 1.07125473115593 1.78778539435007 1.46304870373569 1.8821950762067 1.76629708893597 0.999524634098634 1.87750510429032 1.16075281356461 1.34390832530335 1.7716393598821 1.87554468703456 1.78950771549717 1.84624106250703 1.30829446739517 1.28474919963628 1.09255944797769 1.69400045066141 1.32735265465453 1.37199320690706 1.15561774768867 0 1.24714109371416 1.29657979193144 1.23023175611161 1.27637191466056 1.72689153067768 1.03762789745815 1.04656042438
1.18003687215969 1.12317490624264 1.60469575086609 1.95409198990092 1.73082732805051 1.09379472536966 1.60883708088659 1.58889067871496 1.74149605236016 1.92434705118649 1.28035420970991 0.959955766331404 1.36325355782174 1.46509389672428 1.50628409930505 1.54140132060274 0.965210354188457 1.71759772347286 1.68996965605766 1.5703716466669 1.80169243412092 1.17677783197723 1.24714109371416 0 1.4829706097953 1.90614469745196 1.74190395651385 1.87039031716995 1.00828834041022 1.5662259561941
1.14168892148882 1.88102804706432 0.964551752666011 1.29822270385921 1.80858920188621 1.04495472437702 1.67792116827331 1.92602987983264 1.51195760793053 1.664082554169 1.4834589723032 1.78704836615361 1.94690094632097 1.95906295417808 1.8630930762738 1.11876830901019 1.37675733119249 1.93182407133281 1.9174194522202 1.19431009399705 1.02040141564794 1.37193939089775 1.29657979193144 1.4829706097953 0 1.47894532210194 1.83633247367106 1.72663204278797 1.71710506407544 1.65147573011927
1.82775305979885 1.1134003540501 1.39377831597812 0.983512564795092 0.995474863797426 1.00911865523085 1.88276793668047 1.79656753363088 1.94933591340668 1.1224687078502 1.07757806428708 1.55901605612598 1.31744622858241 1.93904313771054 1.2146860267967 1.04425908601843 1.69910989725031 1.88162974431179 1.38988196104765 1.78340801573358 1.18268248648383 1.14882857585326 1.23023175611161 1.90614469745196 1.47894532210194 0 1.67911896063015 1.07719164690934 1.71829767455347 1.37978465366177
1.0735913189128 1.59306357637979 1.94296194263734 1.55024028243497 1.87521254690364 1.61808180250227 0.981765528209507 1.60146018746309 1.46871970454231 1.05640315497294 1.30612762179226 1.93960210657679 1.84113443852402 1.65672790096141 1.33366241632029 1.75854365993291 1.65519933751784 1.34321741317399 1.0096551720053 1.36826719623059 1.74977090372704 1.64491574605927 1.27637191466056 1.74190395651385 1.83633247367106 1.67911896063015 0 1.89540038397536 1.42916719662026 1.58022014936432
1.43595277937129 0.965206789784133 1.55449076695368 1.64815694023855 1.1403509429656 1.92756691784598 1.92550626466982 1.1375108086504 1.29671728797257 1.75800823140889 1.7719509776216 1.1416223119013 1.90812937286682 0.97971982578747 1.16786434384994 1.09856611769646 1.59832074260339 1.33873816183768 1.2755763118621 1.13473327131942 1.91679055988789 1.88245455897413 1.72689153067768 1.87039031716995 1.72663204278797 1.07719164690934 1.89540038397536 0 1.18757174350321 1.10619272873737
1.61180215957575 1.02873556339182 1.90355755179189 1.80459112953395 1.02418435877189 1.64455712377094 1.27238795952871 1.19035662570968 1.56232909671962 1.64859419525601 1.88760622078553 1.19072622223757 1.45447922963649 1.83346432563849 1.19824853492901 1.92732342029922 1.94760474795476 1.64363218471408 1.93998147919774 1.53676734725013 1.39570162724704 1.35094881849363 1.03762789745815 1.00828834041022 1.71710506407544 1.71829767455347 1.42916719662026 1.18757174350321 0 1.48918312229216
1.76551924366504 1.36992976791225 1.07247328176163 1.55732669425197 1.55890705413185 1.43614533357322 1.13857776019722 1.1060975745786 1.36486004618928 1.62292913091369 1.50883706333116 1.06010523578152 1.12419146974571 1.31992242787965 1.27435543807223 1.10479712742381 1.49926411034539 1.79271514574066 1.04815411614254 1.63813583948649 1.3074110369198 1.06914156023413 1.04656042438 1.5662259561941 1.65147573011927 1.37978465366177 1.58022014936432 1.10619272873737 1.48918312229216 0
