0 1.27206929214299 1.5128311868757 1.94060095911846 1.66879825456999 1.0714530274272 1.92553122364916 1.942038040841 1.62118572718464 1.01377200544812 1.51337812910788 1.65375299565494 1.42751351511106 1.39084956562147 1.01567444740795 1.44500836590305 1.93748404621147 1.91266515967436 1.64189046947286 1.48177721025422 1.80223135370761 1.24442518502474 1.94439292419702 1.54601785540581 1.0751614891924 1.89384352182969 1.1510473403614 0.987444618716836 1.31496378220618 0.960100632859394
1.27206929214299 0 1.6823436813429 1.59553669858724 1.85236792406067 1.00985235325061 1.17320025898516 1.63789755827747 1.85109855420887 0.980185023741797 1.45464843534864 1.12697925860994 1.53670131298713 1.62856509559788 1.60167059232481 1.43225838267244 1.94332611490972 1.86411701724865 1.62685752124526 1.61535091511905 1.02899368549697 1.01468361727893 1.79896964179352 0.973079922609031 1.63392129424028 1.37198094860651 0.976671649841592 1.94249616516754 1.08028172887862 1.31590852187946
1.5128311868757 1.6823436813429 0 1.24840303487144 1.63326447131112 1.52372520766221 1.74499720754102 1.88222871604376 1.08714723633602 1.50314276805148 1.37351615680382 1.2281684987247 1.53341879835352 1.73086600052193 1.04896122217178 1.74127252423204 1.41204696940258 1.87201916659251 1.05095587717369 1.84728033025749 1.15839486033656 1.23800931242295 1.42365141632035 1.78776859585196 1.08974214713089 0.981207628268749 1.92014906997792 1.30556291970424 1.77801795070991 1.43071870878339
1.94060095911846 1.59553669858724 1.24840303487144 0 1.82812508149073 1.37747706682421 1.71777185960673 1.16429973137565 1.61705595278181 1.33879371988587 1.57891219365411 1.92416766029783 1.38041934906505 1.7205285069067 1.71757970540784 1.35587223106995 1.29597691050731 1.88151071872562 1.60246028983966 1.16511407028884 1.36966275749728 1.42515975493006 1.20955108455382 1.30340325972065 1.56009700638242 1.75853004748933 1.78512479644269 1.00887170224451 1.64842197601683 1.65622242819518
1.66879825456999 1.85236792406067 1.63326447131112 1.82812508149073 0 1.76521175983362 1.79187895893119 1.60352831473574 1.68086026771925 1.37864490528591 1.80040550255217 0.968597318744287 1.22928298241459 1.64860932668671 1.74162840191275 1.53949083737098 1.30750357545912 1.29647374106571 1.13929986790754 1.88277083984576 1.42492155916989 1.63521839724854 1.56599256023765 1.80345028080046 1.09939723461866 1.79751564655453 1.45928769349121 1.87586729391478 1.8330088716466 1.16828054375947
1.0714530274272 1.00985235325061 1.52372520766221 1.37747706682421 1.76521175983362 0 1.48935313918628 1.04894503881223 1.07813396654092 1.01920397812501 1.79604198224843 0.987998805008829 1.02343237423338 1.28452686802484 1.33471048856154 1.62497496744618 1.79154549329542 1.91053118719719 1.30954239098355 0.960330405039713 1.31631560530514 1.77509543346241 1.36620335746557 1.58212717412971 1.92702642036602 1.40372251602821 1.58681255578995 1.60235631000251 1.77719040773809 1.17716332245618
1.92553122364916 1.17320025898516 1.74499720754102 1.71777185960673 1.79187895893119 1.48935313918628 0 1.22475362173282 1.44144057831727 1.59772083954886 1.56114258384332 1.04362946888432 1.51224969467148 1.75559398438781 1.39604532928206 1.22748999739997 1.81102473079227 1.7600947630126 1.27507774741389 1.0048672426492 1.51566412113607 1.34309577941895 1.44778078002855 1.6621302459389 1.51751698367298 1.56637405534275 1.63497178885154 1.5428264788352 1.29948227945715 1.71328889881261
1.942038040841 1.63789755827747 1.88222871604376 1.16429973137565 1.60352831473574 1.04894503881223 1.22475362173282 0 1.16393411229365 1.93433102057315 0.993865280179307 1.19966628332622 1.67447538836859 0.98042329843156 1.66499113757163 1.24570762761869 1.79284073016606 1.18479641689919 1.53288514050655 1.03631910635158 1.04629674437456 1.67998545756564 1.48667751415633 1.09047303302214 1.8718763969373 1.48934671608731 1.46885958872736 1.01068452675827 1.72027438948862 1.49500279943459
1.62118572718464 1.85109855420887 1.08714723633602 1.61705595278181 1.68086026771925 1.07813396654092 1.44144057831727 1.16393411229365 0 1.59736442752182 1.91086844098754 1.90443296404555 1.07211762107909 1.08325373381376 1.08866621367633 1.52157276985236 1.2076615607366 1.40833961823955 1.05419245595112 1.35414048261009 1.57520542875864 1.2742557101883 1.27992172818631 1.41141698998399 1.81845354824327 1.94131808634847 1.12599809654057 1.55018119863234 1.92909826082177 1.80307283578441
1.01377200544812 0.980185023741797 1.50314276805148 1.33879371988587 1.37864490528591 1.01920397812501 1.59772083954886 1.93433102057315 1.59736442752182 0 1.31239681178704 1.45279657212086 1.38830034877174 1.27507350547239 1.30508727417327 1.7585219941102 1.394679376157 1.81593021913432 1.13686621375382 1.93252880941145 1.91424582153559 1.80897549772635 1.68559354450554 1.95072208228521 1.81664379592985 1.7532605601009 1.02911011921242 1.93078256002627 1.20835178112611 1.05438553425483
1.51337812910788 1.45464843534864 1.37351615680382 1.57891219365411 1.80040550255217 1.79604198224843 1.56114258384332 0.993865280179307 1.91086844098754 1.31239681178704 0 1.859942891635 1.47836482338607 1.79938731738366 1.44240735820495 1.69960178853944 1.6948620157782 1.42320280149579 1.31312718056142 1.05540736019611 1.95158420549706 1.71036613103934 1.78538948204368 1.57099707541056 1.73155766795389 1.3548200619407 1.78472847677767 1.86486774333753 1.60552208474837 1.73849663813598
1.65375299565494 1.12697925860994 1.2281684987247 1.92416766029783 0.968597318744287 0.987998805008829 1.04362946888432 1.19966628332622 1.90443296404555 1.45279657212086 1.859942891635 0 1.21218966436572 1.40264329337515 1.49317524349317 1.66149036586285 1.81582495151088 1.11655626446009 1.91829398530535 1.39403813681565 1.66011752188206 1.25067935883999 1.81209646863863 1.88906454434618 1.78598499647342 1.84240224934183 1.94171477295458 1.74177579651587 1.24094869708642 1.01987924426794
1.42751351511106 1.53670131298713 1.53341879835352 1.38041934906505 1.22928298241459 1.02343237423338 1.51224969467148 1.67447538836859 1.07211762107909 1.38830034877174 1.47836482338607 1.21218966436572 0 1.12167163053527 1.30493639502674 1.21387162595056 1.23198453197256 1.9451788936276 1.50784835102968 1.4289318213705 1.30844520940445 1.78316278150305 1.2514107208699 1.29353793757036 1.3058989669662 1.78350194473751 1.00966598768719 1.25677920784801 1.27407030854374 1.92779686371796
1.39084956562147 1.62856509559788 1.73086600052193 1.7205285069067 1.64860932668671 1.28452686802484 1.75559398438781 0.98042329843156 1.08325373381376 1.27507350547239 1.79938731738366 1.40264329337515 1.12167163053527 0 1.87903984892182 0.976607045624405 1.10072121396661 1.59113724064082 1.36479762359522 1.89116293564439 1.72882619965822 1.05164050357416 1.85048777866177 1.86514519783668 1.68148920452222 1.03687246912159 1.31530803604983 1.15076495870017 1.9199834538158 1.16813611588441
1.01567444740795 1.60167059232481 1.04896122217178 1.71757970540784 1.74162840191275 1.33471048856154 1.39604532928206 1.66499113757163 1.08866621367633 1.30508727417327 1.44240735820495 1.49317524349317 1.30493639502674 1.87903984892182 0 1.80164371104911 1.90969965048134 1.44525055447593 1.11516205267981 1.00216565700248 1.60703559918329 1.53210518858396 1.81998065579683 1.50427954690531 1.03532221377827 1.79725679708645 1.5060658226721 1.04956578812562 1.62578537128866 1.0794299505651
1.44500836590305 1.43225838267244 1.74127252423204 1.35587223106995 1.53949083737098 1.62497496744618 1.22748999739997 1.24570762761869 1.52157276985236 1.7585219941102 1.69960178853944 1.66149036586285 1.21387162595056 0.976607045624405 1.80164371104911 0 1.52783399773762 1.52655630372465 1.41906263795681 1.90194867108949 1.8845339321997 1.25623130309395 1.62030973983929 1.57708082417957 1.88960033887997 0.963345068739727 1.58271907572635 1.02267095865682 1.38356244564056 1.38531957287341
1.93748404621147 1.94332611490972 1.41204696940258 1.29597691050731 1.30750357545912 1.79154549329542 1.81102473079227 1.79284073016606 1.2076615607366 1.394679376157 1.6948620157782 1.81582495151088 1.23198453197256 1.10072121396661 1.90969965048134 1.52783399773762 0 1.94264502055012 1.62497108872049 1.19009024905972 1.20074949553236 1.48755703493953 1.22973411320709 1.15150676807389 1.49076050869189 1.11284446669742 1.3066860542167 1.27901547332294 1.86325353034772 1.79199778870679
1.91266515967436 1.86411701724865 1.87201916659251 1.88151071872562 1.29647374106571 1.91053118719719 1.7600947630126 1.18479641689919 1.40833961823955 1.81593021913432 1.42320280149579 1.11655626446009 1.9451788936276 1.59113724064082 1.44525055447593 1.52655630372465 1.94264502055012 0 1.65794373792596 1.30190360592678 1.14936836436391 1.32267938903533 1.93616963177919 1.60941680148244 1.73864054074511 1.057854056824 1.81320415344089 1.55084287771024 1.07136334502138 1.87025939370506
1.64189046947286 1.62685752124526 1.05095587717369 1.60246028983966 1.13929986790754 1.30954239098355 1.27507774741389 1.53288514050655 1.05419245595112 1.13686621375382 1.31312718056142 1.91829398530535 1.50784835102968 1.36479762359522 1.11516205267981 1.41906263795681 1.62497108872049 1.65794373792596 0 1.42905049817637 1.76015824032947 1.00346271740273 1.93857924686745 1.650693730684 1.83082570345141 1.01905098091811 1.79921289044432 1.49218857917003 1.36984881712124 1.09250749601051
1.48177721025422 1.61535091511905 1.84728033025749 1.16511407028884 1.88277083984576 0.960330405039713 1.0048672426492 1.03631910635158 1.35414048261009 1.93252880941145 1.05540736019611 1.39403813681565 1.4289318213705 1.89116293564439 1.00216565700248 1.90194867108949 1.19009024905972 1.30190360592678 1.42905049817637 0 1.31541143427603 1.76392601616681 1.81114035705104 1.92097642179579 0.993483796482906 1.856910409173 1.05950742168352 1.19240944553167 1.06471254792996 1.73470944399014
1.80223135370761 1.02899368549697 1.15839486033656 1.36966275749728 1.42492155916989 1.31631560530514 1.51566412113607 1.04629674437456 1.57520542875864 1.91424582153559 1.95158420549706 1.66011752188206 1.30844520940445 1.72882619965822 1.60703559918329 1.8845339321997 1.20074949553236 1.14936836436391 1.76015824032947 1.31541143427603 0 1.87572618434206 1.15092515945435 1.5466694671195 1.70849037403241 1.26252728514373 1.46671394258738 1.06361221917905 1.27744588884525 1.12801134330221
1.24442518502474 1.01468361727893 1.23800931242295 1.42515975493006 1.63521839724854 1.77509543346241 1.34309577941895 1.67998545756564 1.2742557101883 1.80897549772635 1.71036613103934 1.25067935883999 1.78316278150305 1.05164050357416 1.53210518858396 1.25623130309395 1.48755703493953 1.32267938903533 1.00346271740273 1.76392601616681 1.87572618434206 0 0.959400021238253 1.10944788204506 1.74674519593827 1.42340158461593 1.50650774221867 1.41515199351124 1.61465017986484 1.10771167790517
1.94439292419702 1.79896964179352 1.42365141632035 1.20955108455382 1.56599256023765 1.36620335746557 1.44778078002855 1.48667751415633 1.27992172818631 1.68559354450554 1.78538948204368 1.81209646863863 1.2514107208699 1.85048777866177 1.81998065579683 1.62030973983929 1.22973411320709 1.93616963177919 1.93857924686745 1.81114035705104 1.15092515945435 0.959400021238253 0 1.03923059394583 1.52337400987744 1.87887559458613 1.58735947241075 1.69593315501697 1.41378988674842 1.73922700388357
1.54601785540581 0.973079922609031 1.78776859585196 1.30340325972065 1.80345028080046 1.58212717412971 1.6621302459389 1.09047303302214 1.41141698998399 1.95072208228521 1.57099707541056 1.88906454434618 1.29353793757036 1.86514519783668 1.50427954690531 1.57708082417957 1.15150676807389 1.60941680148244 1.650693730684 1.92097642179579 1.5466694671195 1.10944788204506 1.03923059394583 0 1.52377363434061 0.960461905226111 1.49771223752759 1.11434059636667 1.22083106427453 1.49075871240348
1.0751614891924 1.63392129424028 1.08974214713089 1.56009700638242 1.09939723461866 1.92702642036602 1.51751698367298 1.8718763969373 1.81845354824327 1.81664379592985 1.73155766795389 1.78598499647342 1.3058989669662 1.68148920452222 1.03532221377827 1.88960033887997 1.49076050869189 1.73864054074511 1.83082570345141 0.993483796482906 1.70849037403241 1.74674519593827 1.52337400987744 1.52377363434061 0 1.74544223560952 1.55375773855485 1.08681030781008 1.82879216200672 1.18286161217839
1.89384352182969 1.37198094860651 0.981207628268749 1.75853004748933 1.79751564655453 1.40372251602821 1.56637405534275 1.48934671608731 1.94131808634847 1.7532605601009 1.3548200619407 1.84240224934183 1.78350194473751 1.03687246912159 1.79725679708645 0.963345068739727 1.11284446669742 1.057854056824 1.01905098091811 1.856910409173 1.26252728514373 1.42340158461593 1.87887559458613 0.960461905226111 1.74544223560952 0 1.42563428892754 1.67310599680059 1.54318690299988 1.81372460629791
1.1510473403614 0.976671649841592 1.92014906997792 1.78512479644269 1.45928769349121 1.58681255578995 1.63497178885154 1.46885958872736 1.12599809654057 1.02911011921242 1.78472847677767 1.94171477295458 1.00966598768719 1.31530803604983 1.5060658226721 1.58271907572635 1.3066860542167 1.81320415344089 1.79921289044432 1.05950742168352 1.46671394258738 1.50650774221867 1.58735947241075 1.49771223752759 1.55375773855485 1.42563428892754 0 1.4240366180893 1.33560231840238 1.46454132464714
0.987444618716836 1.94249616516754 1.30556291970424 1.00887170224451 1.87586729391478 1.60235631000251 1.5428264788352 1.01068452675827 1.55018119863234 1.93078256002627 1.86486774333753 1.74177579651587 1.25677920784801 1.15076495870017 1.04956578812562 1.02267095865682 1.27901547332294 1.55084287771024 1.49218857917003 1.19240944553167 1.06361221917905 1.41515199351124 1.69593315501697 1.11434059636667 1.08681030781008 1.67310599680059 1.4240366180893 0 1.11092957761139 1.94754525157623
1.31496378220618 1.08028172887862 1.77801795070991 1.64842197601683 1.8330088716466 1.77719040773809 1.29948227945715 1.72027438948862 1.92909826082177 1.20835178112611 1.60552208474837 1.24094869708642 1.27407030854374 1.9199834538158 1.62578537128866 1.38356244564056 1.86325353034772 1.07136334502138 1.36984881712124 1.06471254792996 1.27744588884525 1.61465017986484 1.41378988674842 1.22083106427453 1.82879216200672 1.54318690299988 1.33560231840238 1.11092957761139 0 1.75322530372068
0.960100632859394 1.31590852187946 1.43071870878339 1.65622242819518 1.16828054375947 1.17716332245618 1.71328889881261 1.49500279943459 1.80307283578441 1.05438553425483 1.73849663813598 1.01987924426794 1.92779686371796 1.16813611588441 1.0794299505651 1.38531957287341 1.79199778870679 1.87025939370506 1.09250749601051 1.73470944399014 1.12801134330221 1.10771167790517 1.73922700388357 1.49075871240348 1.18286161217839 1.81372460629791 1.46454132464714 1.94754525157623 1.75322530372068 0
