0 0.959054621635005 1.49267948884517 1.85528550227173 0.968854637583718 1.24071930488572 1.40678110462613 0.944448597263545 1.19095658860169 1.39343681419268 1.91310029104352 1.56691378215328 1.26822893554345 1.88252075086348 0.996304723899812 1.16847508517094 1.21259110188112 1.29929885570891 1.05074536148459 1.71960837743245 1.19634289550595 1.16376862884499 1.54415806173347 1.33894838229753 1.61016011307947 1.15936479857191 1.22773968870752 1.54441940342076 1.15675178659149 1.51861946703866
0.959054621635005 0 1.54930690606125 1.52171470504254 1.67679460323416 1.15953246434219 1.89412925951183 1.37157840118743 1.85759403766133 1.77400853973813 1.79273537639529 1.22801881749183 1.06553276744671 1.04448953852989 1.81987678259611 1.78015758097172 1.36517530726269 1.886994270375 1.76391547755338 0.942245439160615 1.02272334136069 1.78286316245794 1.93725269031711 1.75311408285052 1.37020623870194 1.79098570486531 0.991355047328398 1.23496287339367 1.39977743686177 1.72485854057595
1.49267948884517 1.54930690606125 0 1.46136366645806 1.87341748690233 1.0988090459723 1.50566790183075 0.998573663178831 1.12135159573518 1.7054868361447 0.943345192819834 1.40225158398971 1.19012562069111 1.19595979340374 1.31135261827148 1.18306124117225 1.2130866239313 1.69986899266951 1.55150795076042 1.19281122181565 1.93807453638874 1.64165535708889 1.28828487265855 1.36317874793895 1.08108031516895 1.42288012919016 1.11820838716812 1.58127026376314 1.79695725091733 1.79282212187536
1.85528550227173 1.52171470504254 1.46136366645806 0 1.38671282213181 1.55966706504114 1.1349803567864 1.19738966086879 1.85251065436751 1.44200751953758 1.76380382594652 1.37535012699664 1.53359687374905 1.61139374808408 1.72868350963108 1.32915923697874 1.68196725123562 1.04728260193951 1.40676741511561 1.67877245089039 1.0750076205004 1.13041484798305 1.33286429243162 1.11060590529814 1.22292366204783 1.72248635138385 1.48852155450732 1.34661841066554 1.61305718473159 1.20786804682575
0.968854637583718 1.67679460323416 1.87341748690233 1.38671282213181 0 1.12044694577344 1.64740750798956 1.8784215725027 0.997741352999583 1.54107919428498 1.5252811848186 1.27237546141259 0.971034426940605 1.19784881733358 1.88715865067206 1.31603806116618 1.78444064664654 1.80784680484794 1.18692779610865 1.1286523072049 1.78981310478412 1.43163531483151 1.79341924469918 1.35429378296249 1.38495119730942 1.10792047064751 1.06950693461113 1.41468516970053 1.30908630928025 0.986094686202705
1.24071930488572 1.15953246434219 1.0988090459723 1.55966706504114 1.12044694577344 0 1.0778742893599 1.40515131107531 1.00558150745928 1.66144196479581 1.80252300878055 1.66340755601414 1.50368866324425 1.4552971587982 1.08217104547657 1.8669971791096 1.13906720490195 1.32530912919901 1.88675190205686 1.70289211696945 1.41655374062248 1.63038566475734 1.25186870456673 1.66651524649933 1.39065029169433 1.71311146044172 1.39848278509453 1.84977586078458 1.55907419230789 1.71513167396188
1.40678110462613 1.89412925951183 1.50566790183075 1.1349803567864 1.64740750798956 1.0778742893599 0 1.44502220489085 1.53202335746028 1.13718426320702 1.14759063930251 1.32241498539224 1.280608629575 1.8975707734935 1.21411729627289 1.19328352087177 1.5073627657257 1.80412618466653 1.6795969735831 0.971391182858497 1.42241407441907 1.02990794437937 1.23620839207433 1.14236197713763 1.20910466322675 1.26840688800439 1.5664434840437 1.11536034988239 0.952900083502755 1.37361834500916
0.944448597263545 1.37157840118743 0.998573663178831 1.19738966086879 1.8784215725027 1.40515131107531 1.44502220489085 0 1.39279200765304 1.3502949483227 0.968651693779975 1.44302193983458 1.17687822622247 1.18908674409613 1.68165839416906 1.38691104459576 1.47759362170473 1.8415927758906 0.950431059114635 1.3943040445447 1.83954256004654 1.67567896749824 1.49080549879 1.93495929124765 1.00893923640251 1.39421249972656 1.87143018539064 1.15005579451099 1.28809943119995 1.68150686845183
1.19095658860169 1.85759403766133 1.12135159573518 1.85251065436751 0.997741352999583 1.00558150745928 1.53202335746028 1.39279200765304 0 1.57957347598858 1.57675490970723 1.80946131586097 1.24650379712693 1.44110577879474 1.90711067756638 1.85154294245876 1.24478570837528 1.2699298679363 1.77750869444571 1.07574238884263 1.09818911715411 1.03395652002655 1.89901367714629 1.26574664143845 0.946378423133865 1.29294647555798 1.05232284101658 1.51929298997857 1.91914659552276 1.561426456552
1.39343681419268 1.77400853973813 1.7054868361447 1.44200751953758 1.54107919428498 1.66144196479581 1.13718426320702 1.3502949483227 1.57957347598858 0 1.13809239678085 1.54672939004377 1.04405361693352 1.64526943932287 1.56144023756497 1.85886219562963 1.5082589678932 1.2531790593639 1.59763114410453 1.51676024799235 1.76461630919948 1.00411606626585 1.28056045109406 1.90434297383763 1.30288004456088 1.83896574284881 1.69522682623938 1.19970566430129 1.8251230258029 1.93040209868923
1.91310029104352 1.79273537639529 0.943345192819834 1.76380382594652 1.5252811848186 1.80252300878055 1.14759063930251 0.968651693779975 1.57675490970723 1.13809239678085 0 1.5164315586444 1.60117364162579 1.16944848373532 1.59779195836745 0.957550728926435 1.39031478692777 0.992256697500125 1.52818290097639 1.71792721818201 1.63056313060224 1.90174419945106 1.56050512427464 1.08731909445487 1.24204298644327 1.70113894087262 1.16255144658498 1.21737962518819 1.40949680516496 1.27665366930887
1.56691378215328 1.22801881749183 1.40225158398971 1.37535012699664 1.27237546141259 1.66340755601414 1.32241498539224 1.44302193983458 1.80946131586097 1.54672939004377 1.5164315586444 0 1.47743642842397 1.40318526048213 1.7403962102253 1.04131303541362 1.8286378767807 1.72446971340105 1.57415330968797 1.59360479470342 1.70562049117871 1.21655962476507 1.2726239184849 1.41814723541029 1.47849211958237 1.10959886410274 1.30345069966279 0.998562352033332 1.0737237278372 1.43872127821669
1.26822893554345 1.06553276744671 1.19012562069111 1.53359687374905 0.971034426940605 1.50368866324425 1.280608629575 1.17687822622247 1.24650379712693 1.04405361693352 1.60117364162579 1.47743642842397 0 0.968430862994865 1.08695443347096 1.13938815682195 1.13851576647721 1.22185205994174 1.86479124077596 1.48081152746454 1.52115608542226 1.48105338681489 0.978748586494476 1.19416005793028 1.10898341867141 1.49972989922389 1.00042511802167 1.9009258907754 1.72653122199699 1.17337984847836
1.88252075086348 1.04448953852989 1.19595979340374 1.61139374808408 1.19784881733358 1.4552971587982 1.8975707734935 1.18908674409613 1.44110577879474 1.64526943932287 1.16944848373532 1.40318526048213 0.968430862994865 0 1.24778518103994 1.47083451366052 1.87106951698661 1.47580672614276 1.56084886169992 1.67484604660422 1.32303461967967 0.942742257611826 1.7005359150935 1.22958941012621 1.62917682155967 1.60033875354566 1.22273122682236 1.49728768784553 1.65394794289023 1.25482367468067
0.996304723899812 1.81987678259611 1.31135261827148 1.72868350963108 1.88715865067206 1.08217104547657 1.21411729627289 1.68165839416906 1.90711067756638 1.56144023756497 1.59779195836745 1.7403962102253 1.08695443347096 1.24778518103994 0 1.74497137335129 1.26740966993384 1.42008001310751 0.948188314912841 1.16380200930871 1.19156766915694 1.23414039216004 1.46103341109119 1.80017029168084 1.80000211647712 1.61041914531961 1.58349162549712 1.05367006617598 1.20556738018058 1.64200602495112
1.16847508517094 1.78015758097172 1.18306124117225 1.32915923697874 1.31603806116618 1.8669971791096 1.19328352087177 1.38691104459576 1.85154294245876 1.85886219562963 0.957550728926435 1.04131303541362 1.13938815682195 1.47083451366052 1.74497137335129 0 1.51067861472256 1.30198998027481 1.80118287564255 1.52563735540025 1.12926769722253 1.05047452752478 1.00427668681368 1.68478871393017 1.824552484788 1.34191180858761 1.47844670293853 1.1133371735923 1.83449960779399 1.46635131211951
1.21259110188112 1.36517530726269 1.2130866239313 1.68196725123562 1.78444064664654 1.13906720490195 1.5073627657257 1.47759362170473 1.24478570837528 1.5082589678932 1.39031478692777 1.8286378767807 1.13851576647721 1.87106951698661 1.26740966993384 1.51067861472256 0 1.77456791698933 1.62807525927201 1.09368414850906 1.11432968010195 1.23935877322219 1.46709156804718 1.41588498046622 1.86812882288359 1.11211400525644 1.79363453038968 1.4311368658673 1.25122136576101 0.963488321518525
1.29929885570891 1.886994270375 1.69986899266951 1.04728260193951 1.80784680484794 1.32530912919901 1.80412618466653 1.8415927758906 1.2699298679363 1.2531790593639 0.992256697500125 1.72446971340105 1.22185205994174 1.47580672614276 1.42008001310751 1.30198998027481 1.77456791698933 0 1.70099369925447 1.27314223092981 1.4290691036731 1.88364054099657 1.62556898384355 1.03090934245847 1.04718135623261 1.66856946982443 1.550258285366 1.69111710740253 1.40564992185682 1.2241397826001
1.05074536148459 1.76391547755338 1.55150795076042 1.40676741511561 1.18692779610865 1.88675190205686 1.6795969735831 0.950431059114635 1.77750869444571 1.59763114410453 1.52818290097639 1.57415330968797 1.86479124077596 1.56084886169992 0.948188314912841 1.80118287564255 1.62807525927201 1.70099369925447 0 1.00531640858389 1.13532280013897 1.19315309938975 1.41885915677994 1.0375921742525 1.04783093719743 1.57999038766138 1.08463581791148 1.61277991509996 0.948409591801465 1.2142149861902
1.71960837743245 0.942245439160615 1.19281122181565 1.67877245089039 1.1286523072049 1.70289211696945 0.971391182858497 1.3943040445447 1.07574238884263 1.51676024799235 1.71792721818201 1.59360479470342 1.48081152746454 1.67484604660422 1.16380200930871 1.52563735540025 1.09368414850906 1.27314223092981 1.00531640858389 0 1.1130002993159 1.90806865156628 1.74691297765821 1.88087882939726 1.89613706339151 1.69528944720514 1.80767507408746 1.70013863570057 1.03869386622682 1.58274149079807
1.19634289550595 1.02272334136069 1.93807453638874 1.0750076205004 1.78981310478412 1.41655374062248 1.42241407441907 1.83954256004654 1.09818911715411 1.76461630919948 1.63056313060224 1.70562049117871 1.52115608542226 1.32303461967967 1.19156766915694 1.12926769722253 1.11432968010195 1.4290691036731 1.13532280013897 1.1130002993159 0 1.13849592441693 1.75203994987532 1.65387315303087 0.963775179116055 1.45071447570808 1.86233191611245 1.67300347913988 1.767651012633 1.53912064735778
1.16376862884499 1.78286316245794 1.64165535708889 1.13041484798305 1.43163531483151 1.63038566475734 1.02990794437937 1.67567896749824 1.03395652002655 1.00411606626585 1.90174419945106 1.21655962476507 1.48105338681489 0.942742257611826 1.23414039216004 1.05047452752478 1.23935877322219 1.88364054099657 1.19315309938975 1.90806865156628 1.13849592441693 0 1.78564549027942 1.50561243854463 1.03005742630921 1.34864087123424 1.92590739275329 1.69376654783264 1.75683184573427 1.45541717647575
1.54415806173347 1.93725269031711 1.28828487265855 1.33286429243162 1.79341924469918 1.25186870456673 1.23620839207433 1.49080549879 1.89901367714629 1.28056045109406 1.56050512427464 1.2726239184849 0.978748586494476 1.7005359150935 1.46103341109119 1.00427668681368 1.46709156804718 1.62556898384355 1.41885915677994 1.74691297765821 1.75203994987532 1.78564549027942 0 1.63404364022426 1.61710796854459 1.82220435375348 1.67896592081524 1.42249987088144 1.41660156962462 1.38684681477025
1.33894838229753 1.75311408285052 1.36317874793895 1.11060590529814 1.35429378296249 1.66651524649933 1.14236197713763 1.93495929124765 1.26574664143845 1.90434297383763 1.08731909445487 1.41814723541029 1.19416005793028 1.22958941012621 1.80017029168084 1.68478871393017 1.41588498046622 1.03090934245847 1.0375921742525 1.88087882939726 1.65387315303087 1.50561243854463 1.63404364022426 0 1.17095826310106 1.09260635031387 1.92983564385213 1.49362232466228 1.38944170996547 1.79763421905227
1.61016011307947 1.37020623870194 1.08108031516895 1.22292366204783 1.38495119730942 1.39065029169433 1.20910466322675 1.00893923640251 0.946378423133865 1.30288004456088 1.24204298644327 1.47849211958237 1.10898341867141 1.62917682155967 1.80000211647712 1.824552484788 1.86812882288359 1.04718135623261 1.04783093719743 1.89613706339151 0.963775179116055 1.03005742630921 1.61710796854459 1.17095826310106 0 1.8828190183267 1.5921595916152 1.11728840996511 1.56615289160982 1.00717078428715
1.15936479857191 1.79098570486531 1.42288012919016 1.72248635138385 1.10792047064751 1.71311146044172 1.26840688800439 1.39421249972656 1.29294647555798 1.83896574284881 1.70113894087262 1.10959886410274 1.49972989922389 1.60033875354566 1.61041914531961 1.34191180858761 1.11211400525644 1.66856946982443 1.57999038766138 1.69528944720514 1.45071447570808 1.34864087123424 1.82220435375348 1.09260635031387 1.8828190183267 0 1.05574622983113 1.88665992533788 1.6874883249402 1.55601697554812
1.22773968870752 0.991355047328398 1.11820838716812 1.48852155450732 1.06950693461113 1.39848278509453 1.5664434840437 1.87143018539064 1.05232284101658 1.69522682623938 1.16255144658498 1.30345069966279 1.00042511802167 1.22273122682236 1.58349162549712 1.47844670293853 1.79363453038968 1.550258285366 1.08463581791148 1.80767507408746 1.86233191611245 1.92590739275329 1.67896592081524 1.92983564385213 1.5921595916152 1.05574622983113 0 1.37670316058211 1.41242412477732 1.80861500487663
1.54441940342076 1.23496287339367 1.58127026376314 1.34661841066554 1.41468516970053 1.84977586078458 1.11536034988239 1.15005579451099 1.51929298997857 1.19970566430129 1.21737962518819 0.998562352033332 1.9009258907754 1.49728768784553 1.05367006617598 1.1133371735923 1.4311368658673 1.69111710740253 1.61277991509996 1.70013863570057 1.67300347913988 1.69376654783264 1.42249987088144 1.49362232466228 1.11728840996511 1.88665992533788 1.37670316058211 0 1.69981664186344 1.9372733652126
1.15675178659149 1.39977743686177 1.79695725091733 1.61305718473159 1.30908630928025 1.55907419230789 0.952900083502755 1.28809943119995 1.91914659552276 1.8251230258029 1.40949680516496 1.0737237278372 1.72653122199699 1.65394794289023 1.20556738018058 1.83449960779399 1.25122136576101 1.40564992185682 0.948409591801465 1.03869386622682 1.767651012633 1.75683184573427 1.41660156962462 1.38944170996547 1.56615289160982 1.6874883249402 1.41242412477732 1.69981664186344 0 1.85170638072304
1.51861946703866 1.72485854057595 1.79282212187536 1.20786804682575 0.986094686202705 1.71513167396188 1.37361834500916 1.68150686845183 1.561426456552 1.93040209868923 1.27665366930887 1.43872127821669 1.17337984847836 1.25482367468067 1.64200602495112 1.46635131211951 0.963488321518525 1.2241397826001 1.2142149861902 1.58274149079807 1.53912064735778 1.45541717647575 1.38684681477025 1.79763421905227 1.00717078428715 1.55601697554812 1.80861500487663 1.9372733652126 1.85170638072304 0
