0 1.69625475257635 1.38200995000079 1.96066562505439 1.45060815033503 1.27166702528484 1.59509565727785 1.10681078955531 1.51739593222737 1.18131133541465 1.75794904329814 1.80767308897339 1.73318903520703 1.62717436579987 1.94251994392835 1.87916570482776 1.80830137524754 1.78732544346713 1.84402505564503 1.34645700617693 1.12410685722716 1.07944127544761 1.95042521483265 1.60040376102552 1.77019745646976 1.15602893382311 1.06401461386122 1.86921227467246 1.83661469304934 1.97709018480964
1.69625475257635 0 1.84973267931491 1.40435500233434 1.84316932689399 1.31674844259396 1.62594277015887 1.12403036514297 1.34429672476836 1.64596682949923 1.03180688759312 1.32333369064145 1.70691287657246 1.05001439363696 1.23696508770809 1.48007974633947 1.85720246029086 1.43028219067492 1.12289881240577 1.08296346198767 1.92607540264726 1.47251571179368 0.996587591478601 1.18577206810005 1.37590522575192 1.09648074232973 1.41199769848026 1.3362054224126 1.75185585557483 1.74518735264428
1.38200995000079 1.84973267931491 0 1.36271024704911 1.24816080229357 1.5982578266412 1.87029635021463 1.97247652406804 1.15383329847828 1.55352923460305 1.95985832437873 1.77133702160791 1.51945466082543 1.17522557196207 1.40133920661174 1.47682916582562 1.02430532360449 1.00500560132787 1.51327793928795 1.59782295953482 1.89247323037125 1.63892446504906 1.8074260794092 1.09369643218815 1.5886369922664 1.85594199877232 1.76121094427072 1.90552730136551 1.96260869828984 1.41034589800984
1.96066562505439 1.40435500233434 1.36271024704911 0 1.80466652894393 1.86230196198449 1.18651539413258 1.29815784120001 1.20230768830515 1.43150717811659 1.73399640107527 1.31993854651228 1.35227076336741 1.83875073678792 1.70764171145856 1.56751798978075 1.17922604619525 1.05108274635859 1.82797800656408 1.50174801098183 1.7236898469273 1.75186305772513 1.00931142526679 1.74721071356907 1.81676146271639 1.68285435182042 1.5114748661872 1.17733203875832 1.19111660402268 0.984471699455753
1.45060815033503 1.84316932689399 1.24816080229357 1.80466652894393 0 1.5454287128523 1.97471715509892 1.3598161500413 1.60573394130915 1.57528978469782 1.3671356649138 1.25147353392094 1.09489132580347 1.30510720750317 1.95369694055989 1.809901248198 1.95428508589976 1.26847701426595 1.10033603687771 1.5211761505343 1.0548833895009 1.61904481286183 1.91674368898384 1.49818653869443 1.14941223105416 1.81717118551023 1.86437609535642 1.51884102192707 1.38594638300128 0.996459675487131
1.27166702528484 1.31674844259396 1.5982578266412 1.86230196198449 1.5454287128523 0 1.07094819284976 1.04240730055608 1.52543248399161 1.55148321064189 1.28463076520711 1.54352980712429 1.60444078897126 1.93590199155733 1.59038505493663 1.20971221663058 1.2164034540765 1.77678574505262 1.24273667181842 1.59994377172552 1.69587840675376 1.60799495410174 1.73911784007214 1.55419324850664 1.19008555659093 1.22194166225381 1.82521898043342 1.59447126602754 1.61066312878393 1.58573773107491
1.59509565727785 1.62594277015887 1.87029635021463 1.18651539413258 1.97471715509892 1.07094819284976 0 1.67173875099979 1.37733313674107 1.65829900559038 1.94960971968248 1.94276401982643 1.5026318365708 1.97500359429978 1.81004292960279 1.91663269512355 1.62179210246541 1.2657737666741 1.00575444684364 1.64770452468656 1.41982487565838 1.57541852071881 1.05185009352863 1.59894058923237 1.1225785240531 1.74326833151281 1.92225500452332 1.84350256086327 1.27818337432109 1.81322879181243
1.10681078955531 1.12403036514297 1.97247652406804 1.29815784120001 1.3598161500413 1.04240730055608 1.67173875099979 0 1.4039994077757 0.997257916722447 1.57654008525424 1.15451889159158 1.24400234757923 1.03949271398596 1.23711232468486 1.85077989776619 1.94793408550322 1.38564594089985 1.05875531723723 1.46703312266618 1.82846910646185 1.46830448834226 1.08643220248632 1.16813853755593 1.22203228482977 1.18813340831548 1.79477194021456 1.23437014315277 1.36751469084993 1.25236649927683
1.51739593222737 1.34429672476836 1.15383329847828 1.20230768830515 1.60573394130915 1.52543248399161 1.37733313674107 1.4039994077757 0 1.84959124028683 1.72096858476289 1.40018414612859 1.62710244231857 1.34641365963034 1.62326847785152 1.73066500504501 1.71080713905394 1.38225012551993 1.6867343543563 1.06775656132959 1.39767661364749 1.48422722215764 1.22134651849046 1.03033411200158 1.5192390542943 1.35089110163972 1.12351831351407 1.3429351830855 1.49048084067181 1.54352556075901
1.18131133541465 1.64596682949923 1.55352923460305 1.43150717811659 1.57528978469782 1.55148321064189 1.65829900559038 0.997257916722447 1.84959124028683 0 1.65971776167862 1.297470967751 1.14049555454403 1.10578620620072 1.45110400905833 1.6321757088881 1.64253839827143 1.06837902241386 1.21157169085927 1.68395399232395 1.54329083743505 1.76758751017042 1.12150649609976 1.46908218297176 1.86396700679325 1.73044034442864 1.84542794176377 1.53172866092063 1.31859326735139 1.94729567924514
1.75794904329814 1.03180688759312 1.95985832437873 1.73399640107527 1.3671356649138 1.28463076520711 1.94960971968248 1.57654008525424 1.72096858476289 1.65971776167862 0 1.07212218712084 1.85902203572914 1.3952395459637 1.53455258579925 1.95306663052179 1.65232895570807 1.90005425433628 1.47994001326151 1.75647700298578 1.70471036550589 1.52477513300255 1.52431988040917 1.02745377225801 1.13618636759929 1.27230931166559 1.30757252522744 1.93388774129562 1.67731182998978 1.15554265072569
1.80767308897339 1.32333369064145 1.77133702160791 1.31993854651228 1.25147353392094 1.54352980712429 1.94276401982643 1.15451889159158 1.40018414612859 1.297470967751 1.07212218712084 0 1.49823235184886 1.92238082410768 1.29259666404687 1.60864306869917 1.38956719241105 1.87160079856403 1.01387279550545 1.03149191755801 1.61467825691216 1.43796840077266 1.62476122146472 1.61170873534866 1.73286980902776 1.31010455917567 1.19757952354848 1.24022895842791 1.14781299745664 1.43312417529523
1.73318903520703 1.70691287657246 1.51945466082543 1.35227076336741 1.09489132580347 1.60444078897126 1.5026318365708 1.24400234757923 1.62710244231857 1.14049555454403 1.85902203572914 1.49823235184886 0 1.51176403299905 1.93168591381982 1.81502098194323 1.8762765370775 1.37326217070222 1.83801158377901 1.71560387546197 1.96473425393924 1.32582216081209 1.3497139220126 1.67995501519181 1.69087348645553 1.94052294944413 1.23158591496758 1.30357865383849 1.96086177392863 1.77338567376137
1.62717436579987 1.05001439363696 1.17522557196207 1.83875073678792 1.30510720750317 1.93590199155733 1.97500359429978 1.03949271398596 1.34641365963034 1.10578620620072 1.3952395459637 1.92238082410768 1.51176403299905 0 1.69715982209891 1.1200495485682 1.46013274090365 1.37843213602901 1.89150354801677 1.17985997861251 1.11734258197248 1.36946132732555 1.94135931087658 1.49189688125625 1.22997943265364 1.14452745532617 1.62551601161249 0.987817325163633 1.13637337670662 1.41972342738882
1.94251994392835 1.23696508770809 1.40133920661174 1.70764171145856 1.95369694055989 1.59038505493663 1.81004292960279 1.23711232468486 1.62326847785152 1.45110400905833 1.53455258579925 1.29259666404687 1.93168591381982 1.69715982209891 0 1.61079127225094 1.22670249431394 1.62944804923609 1.76236988604069 1.59716397128068 1.72726465482265 1.05603566672653 1.82779284566641 0.994912633905187 1.54253526567481 1.26831444003619 1.81477956334129 1.3063291257713 1.92235032119788 1.73251903406344
1.87916570482776 1.48007974633947 1.47682916582562 1.56751798978075 1.809901248198 1.20971221663058 1.91663269512355 1.85077989776619 1.73066500504501 1.6321757088881 1.95306663052179 1.60864306869917 1.81502098194323 1.1200495485682 1.61079127225094 0 1.92726717144251 1.56221132073551 1.62478412943892 1.41000690427609 1.31043934053741 1.12986089894548 1.13006881694309 1.39754463173449 1.48434793646447 1.13303248747252 1.41722073522396 1.27642013295554 1.5561424237676 1.7892424184829
1.80830137524754 1.85720246029086 1.02430532360449 1.17922604619525 1.95428508589976 1.2164034540765 1.62179210246541 1.94793408550322 1.71080713905394 1.64253839827143 1.65232895570807 1.38956719241105 1.8762765370775 1.46013274090365 1.22670249431394 1.92726717144251 0 1.31725700432435 1.61510661127977 1.20523697999306 1.00165602262132 1.11341910623014 1.60459899855778 1.05949709867127 1.70035411813296 1.05935438605957 1.29250766290352 1.35187593428418 1.17180374497548 1.54953153454699
1.78732544346713 1.43028219067492 1.00500560132787 1.05108274635859 1.26847701426595 1.77678574505262 1.2657737666741 1.38564594089985 1.38225012551993 1.06837902241386 1.90005425433628 1.87160079856403 1.37326217070222 1.37843213602901 1.62944804923609 1.56221132073551 1.31725700432435 0 1.66420943289995 0.994760866742581 1.97731277951971 1.88096491666511 1.15648211305961 1.49162216787226 1.39735991763882 1.16059684916399 1.74101175973192 1.52320626564324 1.70802427222952 1.63113681809045
1.84402505564503 1.12289881240577 1.51327793928795 1.82797800656408 1.10033603687771 1.24273667181842 1.00575444684364 1.05875531723723 1.6867343543563 1.21157169085927 1.47994001326151 1.01387279550545 1.83801158377901 1.89150354801677 1.76236988604069 1.62478412943892 1.61510661127977 1.66420943289995 0 1.97199844266288 1.02671194332652 1.93008501082659 1.77447065734304 1.86383105628192 1.5408663363196 1.65964148729108 1.21852956223302 1.75125885033049 1.2042398005724 1.50270848162472
1.34645700617693 1.08296346198767 1.59782295953482 1.50174801098183 1.5211761505343 1.59994377172552 1.64770452468656 1.46703312266618 1.06775656132959 1.68395399232395 1.75647700298578 1.03149191755801 1.71560387546197 1.17985997861251 1.59716397128068 1.41000690427609 1.20523697999306 0.994760866742581 1.97199844266288 0 0.982551912777126 1.40235070628114 1.39627984235995 1.63480456010439 1.3478660681285 1.21805173438042 1.00700723170303 1.84421065286733 1.37878477969207 1.92196460766718
1.12410685722716 1.92607540264726 1.89247323037125 1.7236898469273 1.0548833895009 1.69587840675376 1.41982487565838 1.82846910646185 1.39767661364749 1.54329083743505 1.70471036550589 1.61467825691216 1.96473425393924 1.11734258197248 1.72726465482265 1.31043934053741 1.00165602262132 1.97731277951971 1.02671194332652 0.982551912777126 0 1.19723027851433 1.52268201555125 1.91996857454069 1.88950384105556 1.40618055243976 1.6318288159091 1.7629328854382 1.44055035058409 1.27061874675564
1.07944127544761 1.47251571179368 1.63892446504906 1.75186305772513 1.61904481286183 1.60799495410174 1.57541852071881 1.46830448834226 1.48422722215764 1.76758751017042 1.52477513300255 1.43796840077266 1.32582216081209 1.36946132732555 1.05603566672653 1.12986089894548 1.11341910623014 1.88096491666511 1.93008501082659 1.40235070628114 1.19723027851433 0 1.34769496810623 1.47706961072981 1.21465635858476 1.3820006325841 1.23823699774221 1.47158021712676 1.49475230346434 1.91947346157394
1.95042521483265 0.996587591478601 1.8074260794092 1.00931142526679 1.91674368898384 1.73911784007214 1.05185009352863 1.08643220248632 1.22134651849046 1.12150649609976 1.52431988040917 1.62476122146472 1.3497139220126 1.94135931087658 1.82779284566641 1.13006881694309 1.60459899855778 1.15648211305961 1.77447065734304 1.39627984235995 1.52268201555125 1.34769496810623 0 1.6961082785856 1.39838889241219 1.39011008501984 1.52735886326991 1.12078009499237 1.75854664971121 1.7651968258433
1.60040376102552 1.18577206810005 1.09369643218815 1.74721071356907 1.49818653869443 1.55419324850664 1.59894058923237 1.16813853755593 1.03033411200158 1.46908218297176 1.02745377225801 1.61170873534866 1.67995501519181 1.49189688125625 0.994912633905187 1.39754463173449 1.05949709867127 1.49162216787226 1.86383105628192 1.63480456010439 1.91996857454069 1.47706961072981 1.6961082785856 0 1.97274832171388 1.11749728559516 1.71958371344954 1.59711759025231 1.38013789220713 1.73167636198923
1.77019745646976 1.37590522575192 1.5886369922664 1.81676146271639 1.14941223105416 1.19008555659093 1.1225785240531 1.22203228482977 1.5192390542943 1.86396700679325 1.13618636759929 1.73286980902776 1.69087348645553 1.22997943265364 1.54253526567481 1.48434793646447 1.70035411813296 1.39735991763882 1.5408663363196 1.3478660681285 1.88950384105556 1.21465635858476 1.39838889241219 1.97274832171388 0 1.06195326452143 1.84803906292655 1.66351629910059 1.73765639751218 1.29980740067549
1.15602893382311 1.09648074232973 1.85594199877232 1.68285435182042 1.81717118551023 1.22194166225381 1.74326833151281 1.18813340831548 1.35089110163972 1.73044034442864 1.27230931166559 1.31010455917567 1.94052294944413 1.14452745532617 1.26831444003619 1.13303248747252 1.05935438605957 1.16059684916399 1.65964148729108 1.21805173438042 1.40618055243976 1.3820006325841 1.39011008501984 1.11749728559516 1.06195326452143 0 1.52129992563277 1.73362221173011 1.63990086619742 1.38399096042849
1.06401461386122 1.41199769848026 1.76121094427072 1.5114748661872 1.86437609535642 1.82521898043342 1.92225500452332 1.79477194021456 1.12351831351407 1.84542794176377 1.30757252522744 1.19757952354848 1.23158591496758 1.62551601161249 1.81477956334129 1.41722073522396 1.29250766290352 1.74101175973192 1.21852956223302 1.00700723170303 1.6318288159091 1.23823699774221 1.52735886326991 1.71958371344954 1.84803906292655 1.52129992563277 0 1.92626072140411 1.15459860186093 1.13650822662748
1.86921227467246 1.3362054224126 1.90552730136551 1.17733203875832 1.51884102192707 1.59447126602754 1.84350256086327 1.23437014315277 1.3429351830855 1.53172866092063 1.93388774129562 1.24022895842791 1.30357865383849 0.987817325163633 1.3063291257713 1.27642013295554 1.35187593428418 1.52320626564324 1.75125885033049 1.84421065286733 1.7629328854382 1.47158021712676 1.12078009499237 1.59711759025231 1.66351629910059 1.73362221173011 1.92626072140411 0 1.78529870114289 1.8409650393296
1.83661469304934 1.75185585557483 1.96260869828984 1.19111660402268 1.38594638300128 1.61066312878393 1.27818337432109 1.36751469084993 1.49048084067181 1.31859326735139 1.67731182998978 1.14781299745664 1.96086177392863 1.13637337670662 1.92235032119788 1.5561424237676 1.17180374497548 1.70802427222952 1.2042398005724 1.37878477969207 1.44055035058409 1.49475230346434 1.75854664971121 1.38013789220713 1.73765639751218 1.63990086619742 1.15459860186093 1.78529870114289 0 1.9266715340782
1.97709018480964 1.74518735264428 1.41034589800984 0.984471699455753 0.996459675487131 1.58573773107491 1.81322879181243 1.25236649927683 1.54352556075901 1.94729567924514 1.15554265072569 1.43312417529523 1.77338567376137 1.41972342738882 1.73251903406344 1.7892424184829 1.54953153454699 1.63113681809045 1.50270848162472 1.92196460766718 1.27061874675564 1.91947346157394 1.7651968258433 1.73167636198923 1.29980740067549 1.38399096042849 1.13650822662748 1.8409650393296 1.9266715340782 0
