0 1.33574195508845 1.34854144183919 1.72137016919442 1.78102113609202 1.7209143480286 1.65379606653005 1.11449664342217 1.62874462455511 1.77771508786827 1.03895973763429 1.07698348839767 1.73928368301131 1.59939148649573 1.15634266240522 1.75792343262583 0.926758075132966 1.38905455661006 1.69241032609716 1.31559666385874 1.57033164822496 0.944700720487162 1.25256527285092 1.20849503623322 1.09456991497427 1.80468035186641 1.22936058160849 1.1579986771103 1.17756483750418 1.00843175197951
1.33574195508845 0 1.32405558624305 1.11297129746526 0.993573056766763 1.90034936368465 1.89129646751098 1.90907322522253 1.58009013882838 1.52917523612268 1.57745350105688 1.8102171830833 1.71651451452635 1.11842706380412 1.51329614943825 1.14276030776091 1.69184220931493 1.3811877691187 1.22529885359108 1.48564085527323 1.1258878048975 1.87084781215526 1.82175104995258 1.45819014357403 1.12052800878882 1.76486546359956 1.03604337759316 1.27136981603689 1.00299717555754 1.8249476691708
1.34854144183919 1.32405558624305 0 1.40450328378938 0.998735357541591 1.33109713438898 1.20185337075964 1.56059995200485 1.66469253483228 1.88355552428402 1.74138875398785 0.99739090516232 1.39394963951781 1.55009940220043 1.78306777612306 1.40011265221983 1.46714077447541 1.87133860611357 1.08575472515076 1.44127648253925 1.91314285714179 1.50041509373114 1.88206667383201 1.20345810195431 1.37512892950326 1.15857018576935 1.07050354382955 1.73311579762958 1.49739283486269 1.02279264503159
1.72137016919442 1.11297129746526 1.40450328378938 0 1.33666421892121 1.63298580120318 1.09996526269242 0.969674044754356 1.84378081886098 1.36697659292258 1.71092607127503 1.23617814760655 1.02840984310023 1.8857012426015 1.88002591580153 1.47520874999464 1.44776989542879 0.986247949302197 0.972055938327685 1.79639360168949 1.23650893708691 1.62120836996473 1.24524165992625 1.162684624549 1.45132583472878 1.05055235349573 1.12170148012228 1.67714527854696 1.83764736587182 1.436742416583
1.78102113609202 0.993573056766763 0.998735357541591 1.33666421892121 0 1.36336282035336 1.58757159090601 1.00539275817573 1.24218418472447 1.03671142831445 1.65407356014475 1.89034181786701 1.29807651462033 1.56851771916263 1.57338635576889 1.6499662050046 1.25017544534057 1.47068012668751 1.22189236013219 1.64172996999696 1.26793854567222 1.65542719350196 1.36366873397492 1.62925254018046 0.944529559463263 1.31426891637966 1.80765893263742 1.8534151413478 1.04250991460867 1.88708856282756
1.7209143480286 1.90034936368465 1.33109713438898 1.63298580120318 1.36336282035336 0 0.951504761818796 1.30371522018686 0.970057490514591 1.12028409261256 1.08325845305808 1.88074556179345 1.85818019346334 1.19411748857237 1.16082636476494 1.57261032471433 0.985641731182113 1.56465147086419 1.19091182155535 1.85326672787778 0.970384917454794 1.19734237948433 1.75152530800551 1.28969432623126 1.41207076516002 1.70231442688964 1.84147437149659 1.76822154619731 0.981138378148898 1.72571318782866
1.65379606653005 1.89129646751098 1.20185337075964 1.09996526269242 1.58757159090601 0.951504761818796 0 0.972240513656288 1.3778358490672 1.18524869438261 1.01030025212094 1.58049278543331 1.13222682895139 1.7259494306054 1.25074142822996 1.21928350953385 1.3979386431165 0.98387934663333 1.76901328843087 1.69321068399586 1.14404327911325 1.75455585680902 1.20112112723291 1.62953155254945 1.16838935716078 1.35803546011448 1.79216437810101 0.938640804262832 1.54706939542666 1.53786804666743
1.11449664342217 1.90907322522253 1.56059995200485 0.969674044754356 1.00539275817573 1.30371522018686 0.972240513656288 0 1.34413557150401 1.8617498902604 1.09827527124435 1.43752764561214 1.11110368440859 1.46955423126929 1.78669971739873 0.957315827254206 0.929204032290727 1.79916235106066 1.54631556640379 0.921746890060604 1.80353126232512 0.972174774622545 1.29127711546607 1.10633211676031 1.72161995619535 1.70177137874998 1.72211077809334 1.77821378735825 1.62771531031467 1.41149804019369
1.62874462455511 1.58009013882838 1.66469253483228 1.84378081886098 1.24218418472447 0.970057490514591 1.3778358490672 1.34413557150401 0 1.64548603631556 1.69712447072379 1.48217625636607 1.40417769248597 1.54349282523617 1.03693822398782 1.52755761961453 1.07522035832517 0.943443294148892 1.63778286240995 1.03009676374495 1.33685482735746 1.31559317093343 1.68746341438964 1.37413180200383 1.78690873645246 1.70364575809799 1.74268236896023 1.35798455053009 1.52482308680192 1.54064929997548
1.77771508786827 1.52917523612268 1.88355552428402 1.36697659292258 1.03671142831445 1.12028409261256 1.18524869438261 1.8617498902604 1.64548603631556 0 1.81984719866887 1.5095132435672 0.985933197662234 1.44080317416228 1.28398343082517 1.83526580617763 0.932545857969671 0.941352024674416 1.9090436543338 1.4818172508385 1.29633277840912 1.46960823307745 1.43497287039645 1.24242323474027 1.86607042676769 1.88620477123186 1.39361825864762 1.56062438921072 1.37622595578432 1.48376555531286
1.03895973763429 1.57745350105688 1.74138875398785 1.71092607127503 1.65407356014475 1.08325845305808 1.01030025212094 1.09827527124435 1.69712447072379 1.81984719866887 0 1.83796051354147 1.65382540342398 1.35003745416179 1.67693358729593 1.79356731497683 1.63866168423556 1.60319961910136 1.30498478678055 1.53594367508776 1.50544795556925 1.84631374804303 1.04662797739729 0.967416005441919 1.07366849365644 1.49293989804573 0.974610041361302 1.76450894004665 0.923902978654951 1.76006608572789
1.07698348839767 1.8102171830833 0.99739090516232 1.23617814760655 1.89034181786701 1.88074556179345 1.58049278543331 1.43752764561214 1.48217625636607 1.5095132435672 1.83796051354147 0 1.11561743170023 0.993925593327731 1.89729530503973 1.86524814809673 1.1525310203433 1.85986496089026 1.62964757764712 1.05032618273981 1.70640389877371 1.87446212512441 1.34788920800202 1.10701903817244 1.61107805650681 1.85181751614437 1.21828983281739 0.946206718217582 1.43536205613054 1.43808387243189
1.73928368301131 1.71651451452635 1.39394963951781 1.02840984310023 1.29807651462033 1.85818019346334 1.13222682895139 1.11110368440859 1.40417769248597 0.985933197662234 1.65382540342398 1.11561743170023 0 1.44415695522912 1.76447798265144 1.52410049689934 1.70830589300022 1.10526371514425 1.55629773670807 1.63222755957395 1.80183907668106 1.19939204514958 1.69048588885926 1.47493668622337 1.13546341983601 1.56378962146118 1.56391296721995 1.39654992218129 1.79298258060589 1.59051269525662
1.59939148649573 1.11842706380412 1.55009940220043 1.8857012426015 1.56851771916263 1.19411748857237 1.7259494306054 1.46955423126929 1.54349282523617 1.44080317416228 1.35003745416179 0.993925593327731 1.44415695522912 0 1.05172347510234 1.70848777540959 1.27328439964913 1.52677732426673 1.067740395898 1.37164116324857 1.09766443818808 1.50989793916233 1.52518351655453 1.63749358640052 1.80452067940496 1.67209796281531 1.16600464796647 1.82798789162189 1.47764699161053 1.24934053025208
1.15634266240522 1.51329614943825 1.78306777612306 1.88002591580153 1.57338635576889 1.16082636476494 1.25074142822996 1.78669971739873 1.03693822398782 1.28398343082517 1.67693358729593 1.89729530503973 1.76447798265144 1.05172347510234 0 1.2618832916487 1.37818079791032 1.26965143182315 1.6006148562301 1.64353623311035 1.13554850639775 1.47920036688447 1.61926424084231 1.18023653631099 1.53597565740347 1.15471536829136 1.29951692232862 1.40272462577559 1.17905699391849 1.21562633989379
1.75792343262583 1.14276030776091 1.40011265221983 1.47520874999464 1.6499662050046 1.57261032471433 1.21928350953385 0.957315827254206 1.52755761961453 1.83526580617763 1.79356731497683 1.86524814809673 1.52410049689934 1.70848777540959 1.2618832916487 0 1.62467082682997 1.3150849014055 1.225556505844 1.01977983838879 1.77973239612766 1.69482937455177 1.35289339115843 1.59923414420336 1.56822762684897 1.51435667322949 1.39256217633374 1.39469385612756 1.71554452483542 0.983376963296905
0.926758075132966 1.69184220931493 1.46714077447541 1.44776989542879 1.25017544534057 0.985641731182113 1.3979386431165 0.929204032290727 1.07522035832517 0.932545857969671 1.63866168423556 1.1525310203433 1.70830589300022 1.27328439964913 1.37818079791032 1.62467082682997 0 1.1766735999845 1.38500057742931 1.53850484802388 1.20077440678142 1.66742135444656 1.78986892080866 0.964697750052437 1.32932897447608 1.54594221990556 0.93029543873854 1.59390874090604 1.22574348724447 1.20798622374423
1.38905455661006 1.3811877691187 1.87133860611357 0.986247949302197 1.47068012668751 1.56465147086419 0.98387934663333 1.79916235106066 0.943443294148892 0.941352024674416 1.60319961910136 1.85986496089026 1.10526371514425 1.52677732426673 1.26965143182315 1.3150849014055 1.1766735999845 0 1.38826151867397 1.79658593353815 1.15123089612462 1.81184660503641 1.81623664591461 1.81547084334306 1.37548636528663 1.08445950760506 1.53452954301611 1.43067008932121 1.49052525730804 1.3036742398981
1.69241032609716 1.22529885359108 1.08575472515076 0.972055938327685 1.22189236013219 1.19091182155535 1.76901328843087 1.54631556640379 1.63778286240995 1.9090436543338 1.30498478678055 1.62964757764712 1.55629773670807 1.067740395898 1.6006148562301 1.225556505844 1.38500057742931 1.38826151867397 0 1.39096332062036 0.952201553387567 1.34480098471977 0.930641748709604 1.78356571518816 1.0859618014656 1.42970791016705 1.69630453083664 1.37974996678531 1.33166853711009 1.02775221155025
1.31559666385874 1.48564085527323 1.44127648253925 1.79639360168949 1.64172996999696 1.85326672787778 1.69321068399586 0.921746890060604 1.03009676374495 1.4818172508385 1.53594367508776 1.05032618273981 1.63222755957395 1.37164116324857 1.64353623311035 1.01977983838879 1.53850484802388 1.79658593353815 1.39096332062036 0 1.55272958264686 1.65638191974722 1.29190511582419 1.91328371316195 1.49633678328246 1.39070775872096 1.01264801854268 1.90870112273842 1.74607713823207 1.53357241861522
1.57033164822496 1.1258878048975 1.91314285714179 1.23650893708691 1.26793854567222 0.970384917454794 1.14404327911325 1.80353126232512 1.33685482735746 1.29633277840912 1.50544795556925 1.70640389877371 1.80183907668106 1.09766443818808 1.13554850639775 1.77973239612766 1.20077440678142 1.15123089612462 0.952201553387567 1.55272958264686 0 1.29964839480817 1.53740819264203 1.8458464727737 1.62904768483713 1.42589928978123 1.56129560084082 1.49683553632349 1.45265911356546 0.918428066885099
0.944700720487162 1.87084781215526 1.50041509373114 1.62120836996473 1.65542719350196 1.19734237948433 1.75455585680902 0.972174774622545 1.31559317093343 1.46960823307745 1.84631374804303 1.87446212512441 1.19939204514958 1.50989793916233 1.47920036688447 1.69482937455177 1.66742135444656 1.81184660503641 1.34480098471977 1.65638191974722 1.29964839480817 0 1.11020225612447 1.24833860015497 1.22603275021538 0.973059398122132 1.02514046919532 1.62379835289903 1.87880367808975 1.18353479844518
1.25256527285092 1.82175104995258 1.88206667383201 1.24524165992625 1.36366873397492 1.75152530800551 1.20112112723291 1.29127711546607 1.68746341438964 1.43497287039645 1.04662797739729 1.34788920800202 1.69048588885926 1.52518351655453 1.61926424084231 1.35289339115843 1.78986892080866 1.81623664591461 0.930641748709604 1.29190511582419 1.53740819264203 1.11020225612447 0 1.45235915668309 1.49359089205973 1.43335852236487 1.24820899101906 1.50189323863015 1.1243645043578 1.89095480157994
1.20849503623322 1.45819014357403 1.20345810195431 1.162684624549 1.62925254018046 1.28969432623126 1.62953155254945 1.10633211676031 1.37413180200383 1.24242323474027 0.967416005441919 1.10701903817244 1.47493668622337 1.63749358640052 1.18023653631099 1.59923414420336 0.964697750052437 1.81547084334306 1.78356571518816 1.91328371316195 1.8458464727737 1.24833860015497 1.45235915668309 0 1.14584440528415 1.11831413465552 1.03902247431688 1.43642364209518 1.77234949311242 1.60014094016515
1.09456991497427 1.12052800878882 1.37512892950326 1.45132583472878 0.944529559463263 1.41207076516002 1.16838935716078 1.72161995619535 1.78690873645246 1.86607042676769 1.07366849365644 1.61107805650681 1.13546341983601 1.80452067940496 1.53597565740347 1.56822762684897 1.32932897447608 1.37548636528663 1.0859618014656 1.49633678328246 1.62904768483713 1.22603275021538 1.49359089205973 1.14584440528415 0 1.34298240276985 1.33934995834716 1.0880606060382 1.01629003603011 1.5907945476938
1.80468035186641 1.76486546359956 1.15857018576935 1.05055235349573 1.31426891637966 1.70231442688964 1.35803546011448 1.70177137874998 1.70364575809799 1.88620477123186 1.49293989804573 1.85181751614437 1.56378962146118 1.67209796281531 1.15471536829136 1.51435667322949 1.54594221990556 1.08445950760506 1.42970791016705 1.39070775872096 1.42589928978123 0.973059398122132 1.43335852236487 1.11831413465552 1.34298240276985 0 1.45370081136934 0.925048181321472 1.76270115352236 1.40476592793129
1.22936058160849 1.03604337759316 1.07050354382955 1.12170148012228 1.80765893263742 1.84147437149659 1.79216437810101 1.72211077809334 1.74268236896023 1.39361825864762 0.974610041361302 1.21828983281739 1.56391296721995 1.16600464796647 1.29951692232862 1.39256217633374 0.93029543873854 1.53452954301611 1.69630453083664 1.01264801854268 1.56129560084082 1.02514046919532 1.24820899101906 1.03902247431688 1.33934995834716 1.45370081136934 0 0.925405135843903 1.75380659336224 1.6450972368475
1.1579986771103 1.27136981603689 1.73311579762958 1.67714527854696 1.8534151413478 1.76822154619731 0.938640804262832 1.77821378735825 1.35798455053009 1.56062438921072 1.76450894004665 0.946206718217582 1.39654992218129 1.82798789162189 1.40272462577559 1.39469385612756 1.59390874090604 1.43067008932121 1.37974996678531 1.90870112273842 1.49683553632349 1.62379835289903 1.50189323863015 1.43642364209518 1.0880606060382 0.925048181321472 0.925405135843903 0 1.85401431797072 1.36484319227748
1.17756483750418 1.00299717555754 1.49739283486269 1.83764736587182 1.04250991460867 0.981138378148898 1.54706939542666 1.62771531031467 1.52482308680192 1.37622595578432 0.923902978654951 1.43536205613054 1.79298258060589 1.47764699161053 1.17905699391849 1.71554452483542 1.22574348724447 1.49052525730804 1.33166853711009 1.74607713823207 1.45265911356546 1.87880367808975 1.1243645043578 1.77234949311242 1.01629003603011 1.76270115352236 1.75380659336224 1.85401431797072 0 1.73989092512056
1.00843175197951 1.8249476691708 1.02279264503159 1.436742416583 1.88708856282756 1.72571318782866 1.53786804666743 1.41149804019369 1.54064929997548 1.48376555531286 1.76006608572789 1.43808387243189 1.59051269525662 1.24934053025208 1.21562633989379 0.983376963296905 1.20798622374423 1.3036742398981 1.02775221155025 1.53357241861522 0.918428066885099 1.18353479844518 1.89095480157994 1.60014094016515 1.5907945476938 1.40476592793129 1.6450972368475 1.36484319227748 1.73989092512056 0
