0 1.24799604155123 1.92783925239928 1.65600239974447 1.82620131690055 1.92602877644822 1.49913808098063 1.86256046686321 1.3926768109668 1.8049571509473 1.1727875447832 1.59940234269015 1.06429261295125 1.57607999746688 1.39194331830367 1.52179698250256 0.940542204072699 1.80995981302112 1.25822766125202 1.77049949532375 1.50406006863341 1.01670180168003 1.89770093327388 1.21955670812167 1.40677046636119 1.66388650122099 1.45579822501168 0.961020541377366 1.55609548045322 1.29843405634165
1.24799604155123 0 1.23524928558618 1.89289880730212 1.35992887173779 1.78680864674971 1.5885919185821 1.43384403223172 1.80344810546376 1.05411662557162 1.23472466366366 1.67409902601503 1.85200284351595 0.956336671020836 1.66893987869844 1.1804873009678 1.37605930748396 1.30439736577682 1.59905901108868 1.70339538692497 1.88599715824239 1.16325060720555 1.33870938839391 1.48578934324905 1.92045401898213 1.0879942777101 1.61790086701512 1.56943552242592 1.73987821978517 1.86250167153776
1.92783925239928 1.23524928558618 0 1.66733705392107 1.11878246790729 1.89996081008576 1.84564428078011 1.67765663028695 1.27654255833477 1.85673384508118 1.77175069716759 1.82231354853138 1.68945273431018 1.26036869268864 1.86030336841941 1.61563663743436 1.92872769408859 1.18867585202679 1.26359438686632 1.55271063791588 1.00143622467294 0.953797557856888 1.74027784122154 1.50597920338623 1.54061550297774 1.18293217546307 1.4455160012003 1.47830023686402 1.52673542196862 1.16592768882401
1.65600239974447 1.89289880730212 1.66733705392107 0 1.36316442186944 1.10181619366631 1.3403489945922 1.64366607181728 1.92866157903336 1.66837073350325 1.74587485636584 1.10027562780306 1.33393685519695 1.11197882401757 1.36659751203842 1.92829379346222 1.18774686683901 1.34393758908845 1.78917258535512 1.06631330028176 1.74931213422678 1.82898056786507 1.4714957033284 1.80415470572188 1.33553605782799 1.40470314701088 1.26578476652503 1.91526983492076 1.14108475879766 1.63223618618213
1.82620131690055 1.35992887173779 1.11878246790729 1.36316442186944 0 1.32451451872475 1.4531044557225 1.47854671394452 1.43633556808345 0.979402433848009 1.03264461108483 1.67510144482367 1.55611043819226 1.83435174659826 1.31009491649456 1.03250692388974 1.40192911354825 1.4160833209753 1.00389761175029 1.07504446618259 1.17060647998005 1.92854004562832 1.46780192945153 1.69966476270929 1.64976731524803 1.70994865801185 1.21391563373618 0.97329347464256 1.14671463496052 1.36574064521119
1.92602877644822 1.78680864674971 1.89996081008576 1.10181619366631 1.32451451872475 0 1.09467017860152 1.80691100843251 1.28381681069732 1.29880464100279 1.90064079384319 1.18288669851609 1.30784606211819 1.48867576126941 1.56903638713993 1.66577905719168 1.71452028537169 1.71980496356264 1.90496206050739 1.28997373976745 0.940830246079713 1.02396054076962 1.02281304053031 1.38354702526703 1.43838850711472 1.41785727324896 1.52406508871354 1.03043841430917 1.72804869222455 1.24971549934708
1.49913808098063 1.5885919185821 1.84564428078011 1.3403489945922 1.4531044557225 1.09467017860152 0 1.33599211229011 1.56546241114847 1.48560775117949 1.10824027005583 0.988514163764194 1.18388336151838 1.09580604173243 1.24364387779497 1.11880166782066 0.947717757662758 1.79367568856105 1.25323857995681 1.26690797647461 1.03091735881753 1.04123281361535 1.86378723732196 1.42721324251033 1.61700192256831 0.937569005414844 1.67594184889458 1.74967606249265 1.56729687331244 1.30719267809764
1.86256046686321 1.43384403223172 1.67765663028695 1.64366607181728 1.47854671394452 1.80691100843251 1.33599211229011 0 1.1552111171186 1.28669764799997 1.92866254830733 1.60319782490842 1.03906309977174 1.50088928127661 1.02160759526305 1.13784979842603 1.82221136195585 1.29584891954437 1.35111639043316 1.47833765577525 1.55265056714416 0.988415345316753 0.929564144462347 1.32818853203207 1.58476669248194 1.40325535321608 1.18430484016426 1.87136412155814 1.32418937864713 1.89879408106208
1.3926768109668 1.80344810546376 1.27654255833477 1.92866157903336 1.43633556808345 1.28381681069732 1.56546241114847 1.1552111171186 0 1.03147307597101 1.83047413383611 1.84147593937814 1.45045828679577 1.25564956641756 1.4655071082525 0.935788106406108 1.55157212214544 0.98592145065777 1.90706761763431 1.89218166004866 1.25413251016289 1.6406804418657 0.946827761130407 1.20339508261532 1.36360445455648 1.21898645046167 1.40390895539895 1.65444199251942 1.09145937114954 1.5139011060819
1.8049571509473 1.05411662557162 1.85673384508118 1.66837073350325 0.979402433848009 1.29880464100279 1.48560775117949 1.28669764799997 1.03147307597101 0 0.947137815877795 1.00195651501417 1.50770903541707 1.86290544131771 1.67467688489705 1.50167395221069 1.25206531141885 1.51685276604258 1.36391586298123 1.22510053357109 1.73530273349024 1.39509767573327 1.24152557807975 1.92186205787584 1.36071189376526 1.20309453434311 1.78731821593828 1.55882425117306 1.60841792053543 1.45026543410495
1.1727875447832 1.23472466366366 1.77175069716759 1.74587485636584 1.03264461108483 1.90064079384319 1.10824027005583 1.92866254830733 1.83047413383611 0.947137815877795 0 1.26573507045396 1.20133421081118 1.39866357273422 1.5913217428606 1.1017896940466 1.69640118652023 1.59378332830966 1.91301342169754 1.40863793063909 1.83205281291157 1.0221494094003 1.48739160574041 1.59863071725704 1.2726398347877 1.20073736901395 0.941923492355272 1.5517156701535 1.61898757820018 1.53605614090338
1.59940234269015 1.67409902601503 1.82231354853138 1.10027562780306 1.67510144482367 1.18288669851609 0.988514163764194 1.60319782490842 1.84147593937814 1.00195651501417 1.26573507045396 0 1.25672199320979 1.48488342482597 1.15376320411451 0.930591333424672 1.27185143739916 1.883197668707 1.34659235132858 1.3298850976862 1.85402972763404 1.86656405124813 1.66116464766674 1.05078268283978 1.92602060106583 1.30879201856442 0.991022148635238 1.38856639363803 1.17910631443374 1.10623754700646
1.06429261295125 1.85200284351595 1.68945273431018 1.33393685519695 1.55611043819226 1.30784606211819 1.18388336151838 1.03906309977174 1.45045828679577 1.50770903541707 1.20133421081118 1.25672199320979 0 1.01292862161063 1.55298249330372 1.68949599773623 1.63643664680421 1.62319321651012 1.10127614578232 1.89453766169026 1.42483965563588 1.59171872027218 1.28169559780508 1.75286073843017 1.85026005189866 1.30448734969832 1.85859987651929 1.67961881682277 1.63867698563263 1.65970919490792
1.57607999746688 0.956336671020836 1.26036869268864 1.11197882401757 1.83435174659826 1.48867576126941 1.09580604173243 1.50088928127661 1.25564956641756 1.86290544131771 1.39866357273422 1.48488342482597 1.01292862161063 0 1.86321727070026 1.32215264695697 1.33037598826922 1.50869941688143 1.61222945805639 1.30443174741231 0.929660487221554 1.76566146500409 1.21220627333969 1.13316737371497 1.72012174944393 1.57473318674602 1.59132747468539 1.32288774009794 1.18289054883644 1.11679105344228
1.39194331830367 1.66893987869844 1.86030336841941 1.36659751203842 1.31009491649456 1.56903638713993 1.24364387779497 1.02160759526305 1.4655071082525 1.67467688489705 1.5913217428606 1.15376320411451 1.55298249330372 1.86321727070026 0 1.35918138525449 1.4032121875789 1.38433388364501 1.10094438050874 1.59959986782633 1.19121516938321 1.27810178534128 1.68197579076514 1.00702136615291 1.45277935313061 1.70362900756299 1.33279614523053 1.35384493484162 1.89335964084603 1.2775184547063
1.52179698250256 1.1804873009678 1.61563663743436 1.92829379346222 1.03250692388974 1.66577905719168 1.11880166782066 1.13784979842603 0.935788106406108 1.50167395221069 1.1017896940466 0.930591333424672 1.68949599773623 1.32215264695697 1.35918138525449 0 1.73833743389696 1.04364801989868 1.00965371308848 1.1645687778946 1.6990226614289 1.64999162987806 1.43161407439038 1.50299441232346 1.82071741414256 1.12738103256561 1.03115003556013 1.52043526805937 1.39552151761018 1.87176050362177
0.940542204072699 1.37605930748396 1.92872769408859 1.18774686683901 1.40192911354825 1.71452028537169 0.947717757662758 1.82221136195585 1.55157212214544 1.25206531141885 1.69640118652023 1.27185143739916 1.63643664680421 1.33037598826922 1.4032121875789 1.73833743389696 0 1.92171909287572 1.91495919367298 1.70213312655687 1.67887391801924 1.25896375463344 0.999638899695128 1.10775702656247 1.21340837376192 1.78011088445783 1.32788100955077 1.64760553650558 1.8409898255486 0.95652936771512
1.80995981302112 1.30439736577682 1.18867585202679 1.34393758908845 1.4160833209753 1.71980496356264 1.79367568856105 1.29584891954437 0.98592145065777 1.51685276604258 1.59378332830966 1.883197668707 1.62319321651012 1.50869941688143 1.38433388364501 1.04364801989868 1.92171909287572 0 1.76980712590739 1.39107636571862 1.88896283647045 1.41712213680148 1.37435001553968 1.10856747953221 1.05486596096307 1.7138525522314 1.88678373815492 1.29294686065987 1.23395519657061 1.34419898828492
1.25822766125202 1.59905901108868 1.26359438686632 1.78917258535512 1.00389761175029 1.90496206050739 1.25323857995681 1.35111639043316 1.90706761763431 1.36391586298123 1.91301342169754 1.34659235132858 1.10127614578232 1.61222945805639 1.10094438050874 1.00965371308848 1.91495919367298 1.76980712590739 0 1.85588264698163 1.92334025562741 1.01906930818222 1.16584528516978 1.8090109708719 1.37035204982385 1.74478851817548 1.60288666258566 1.1829484498594 1.55795479915105 1.2421649438329
1.77049949532375 1.70339538692497 1.55271063791588 1.06631330028176 1.07504446618259 1.28997373976745 1.26690797647461 1.47833765577525 1.89218166004866 1.22510053357109 1.40863793063909 1.3298850976862 1.89453766169026 1.30443174741231 1.59959986782633 1.1645687778946 1.70213312655687 1.39107636571862 1.85588264698163 0 1.65117985662073 1.06705835903995 1.14359958772548 1.81711259530857 1.27914831973612 1.32194813759997 1.60744663351215 1.29485170962289 1.75834055384621 1.25566005357541
1.50406006863341 1.88599715824239 1.00143622467294 1.74931213422678 1.17060647998005 0.940830246079713 1.03091735881753 1.55265056714416 1.25413251016289 1.73530273349024 1.83205281291157 1.85402972763404 1.42483965563588 0.929660487221554 1.19121516938321 1.6990226614289 1.67887391801924 1.88896283647045 1.92334025562741 1.65117985662073 0 1.06158083886839 1.80000060517341 1.13354528928176 1.80833045300096 1.58809984568506 1.57924791518599 0.992478942498565 1.76212362828664 1.47474107705057
1.01670180168003 1.16325060720555 0.953797557856888 1.82898056786507 1.92854004562832 1.02396054076962 1.04123281361535 0.988415345316753 1.6406804418657 1.39509767573327 1.0221494094003 1.86656405124813 1.59171872027218 1.76566146500409 1.27810178534128 1.64999162987806 1.25896375463344 1.41712213680148 1.01906930818222 1.06705835903995 1.06158083886839 0 1.4895004874561 1.05210002232343 1.45817881729454 0.965753780445084 1.19093269715086 1.20684308442287 1.47727475734428 1.71260753599927
1.89770093327388 1.33870938839391 1.74027784122154 1.4714957033284 1.46780192945153 1.02281304053031 1.86378723732196 0.929564144462347 0.946827761130407 1.24152557807975 1.48739160574041 1.66116464766674 1.28169559780508 1.21220627333969 1.68197579076514 1.43161407439038 0.999638899695128 1.37435001553968 1.16584528516978 1.14359958772548 1.80000060517341 1.4895004874561 0 1.84207296231762 1.12613593460992 0.994005740154535 1.33659547753632 1.62093306402676 1.57813750230707 1.60360582382418
1.21955670812167 1.48578934324905 1.50597920338623 1.80415470572188 1.69966476270929 1.38354702526703 1.42721324251033 1.32818853203207 1.20339508261532 1.92186205787584 1.59863071725704 1.05078268283978 1.75286073843017 1.13316737371497 1.00702136615291 1.50299441232346 1.10775702656247 1.10856747953221 1.8090109708719 1.81711259530857 1.13354528928176 1.05210002232343 1.84207296231762 0 0.979990442516282 1.91224782471545 1.44383363192901 1.79596063517965 1.60763789969496 1.50757437362336
1.40677046636119 1.92045401898213 1.54061550297774 1.33553605782799 1.64976731524803 1.43838850711472 1.61700192256831 1.58476669248194 1.36360445455648 1.36071189376526 1.2726398347877 1.92602060106583 1.85026005189866 1.72012174944393 1.45277935313061 1.82071741414256 1.21340837376192 1.05486596096307 1.37035204982385 1.27914831973612 1.80833045300096 1.45817881729454 1.12613593460992 0.979990442516282 0 1.33133329148404 1.45960065512918 1.32493341830559 1.8350072784815 1.07804180379026
1.66388650122099 1.0879942777101 1.18293217546307 1.40470314701088 1.70994865801185 1.41785727324896 0.937569005414844 1.40325535321608 1.21898645046167 1.20309453434311 1.20073736901395 1.30879201856442 1.30448734969832 1.57473318674602 1.70362900756299 1.12738103256561 1.78011088445783 1.7138525522314 1.74478851817548 1.32194813759997 1.58809984568506 0.965753780445084 0.994005740154535 1.91224782471545 1.33133329148404 0 1.36785812093876 1.66907770070247 1.77321598259732 1.68700901744887
1.45579822501168 1.61790086701512 1.4455160012003 1.26578476652503 1.21391563373618 1.52406508871354 1.67594184889458 1.18430484016426 1.40390895539895 1.78731821593828 0.941923492355272 0.991022148635238 1.85859987651929 1.59132747468539 1.33279614523053 1.03115003556013 1.32788100955077 1.88678373815492 1.60288666258566 1.60744663351215 1.57924791518599 1.19093269715086 1.33659547753632 1.44383363192901 1.45960065512918 1.36785812093876 0 1.8800503432285 1.66484241327271 1.59870680933818
0.961020541377366 1.56943552242592 1.47830023686402 1.91526983492076 0.97329347464256 1.03043841430917 1.74967606249265 1.87136412155814 1.65444199251942 1.55882425117306 1.5517156701535 1.38856639363803 1.67961881682277 1.32288774009794 1.35384493484162 1.52043526805937 1.64760553650558 1.29294686065987 1.1829484498594 1.29485170962289 0.992478942498565 1.20684308442287 1.62093306402676 1.79596063517965 1.32493341830559 1.66907770070247 1.8800503432285 0 1.71306583960541 1.81527523580007
1.55609548045322 1.73987821978517 1.52673542196862 1.14108475879766 1.14671463496052 1.72804869222455 1.56729687331244 1.32418937864713 1.09145937114954 1.60841792053543 1.61898757820018 1.17910631443374 1.63867698563263 1.18289054883644 1.89335964084603 1.39552151761018 1.8409898255486 1.23395519657061 1.55795479915105 1.75834055384621 1.76212362828664 1.47727475734428 1.57813750230707 1.60763789969496 1.8350072784815 1.77321598259732 1.66484241327271 1.71306583960541 0 0.991811021696776
1.29843405634165 1.86250167153776 1.16592768882401 1.63223618618213 1.36574064521119 1.24971549934708 1.30719267809764 1.89879408106208 1.5139011060819 1.45026543410495 1.53605614090338 1.10623754700646 1.65970919490792 1.11679105344228 1.2775184547063 1.87176050362177 0.95652936771512 1.34419898828492 1.2421649438329 1.25566005357541 1.47474107705057 1.71260753599927 1.60360582382418 1.50757437362336 1.07804180379026 1.68700901744887 1.59870680933818 1.81527523580007 0.991811021696776 0
