0 1.89562587812543 1.79112026724033 1.8375074765645 1.20575482724234 0.959577676840127 1.31137239700183 1.37004797859117 1.45972727355547 1.47396940900944 1.32967365439981 0.957424291409552 1.92449925979599 1.79628366674297 1.61694159731269 1.06955999531783 1.01576490048319 1.07811378291808 1.09853997151367 1.92025019414723 1.54270035680383 1.35288830287755 1.17186465091072 1.70607136934996 1.93979397555813 1.20016495627351 1.23603271297179 1.15213162777945 1.42650873679668 1.40090526454151
1.89562587812543 0 1.94036320783198 1.08829497196712 1.41041166591458 1.10983313643374 1.91229163249955 1.65629354398698 1.41468415223062 1.8887291981373 1.13742703618482 1.33564676274545 1.87750322790816 1.85856800107285 1.41100954078138 1.75280441250652 1.27623653179035 1.59211266459897 1.63423230382614 1.9379259289708 1.09124880144373 1.6740430505015 1.87144537968561 1.27287462586537 1.18053862499073 1.34408873156644 1.86246076016687 1.63641128200106 1.92602545698173 1.77898628311232
1.79112026724033 1.94036320783198 0 1.73997882381082 1.73242856515571 1.25929754856043 1.08914141682908 1.10077196988277 1.63287064642645 1.1939948706422 1.84923750953749 1.55994478566572 1.0842257833574 0.969422247959301 1.47746500535868 0.990920678945258 1.6625855253078 0.987683763960376 1.2692342188675 1.66153929498978 1.69988638465293 1.70553289540112 1.85900226817466 1.12897757976316 1.3160732362885 1.45380058232695 1.10893528093584 1.41501702484675 1.37780849961564 0.962339360266924
1.8375074765645 1.08829497196712 1.73997882381082 0 1.66577277705073 1.24781354726292 1.7605992204044 1.45441279420629 1.71076763491146 1.79446569317952 1.24139014794491 1.28189198276959 1.69491890398785 1.47866935096681 1.71906064427458 1.44783275714144 1.93697183416225 1.69561581802554 1.75006558303721 1.25255310372449 1.90252676117234 1.28815842233598 1.07078665168956 1.00506033981219 1.32799120782875 1.01049319282174 1.16591341397725 1.21575583517551 1.25345996464603 1.51063706120476
1.20575482724234 1.41041166591458 1.73242856515571 1.66577277705073 0 1.14343783003278 1.06969758006744 1.73777629435062 1.26138730766252 1.05704357149079 1.25696558970958 1.02697716699913 1.2101866658777 1.59035269520245 1.71377803664654 1.46181235532276 1.52873584860936 1.26931068580598 1.67053282936104 1.13091173535213 1.19605137966573 1.9057508718688 0.96103914338164 0.993724111700431 1.62796263583004 1.32400559145026 1.65979047887959 1.16214044485241 1.86453198012896 1.75298876455054
0.959577676840127 1.10983313643374 1.25929754856043 1.24781354726292 1.14343783003278 0 1.50026009557769 1.74689862178639 1.09951351978816 1.78524275310338 1.68691579648294 0.97110089706257 1.50258610909805 1.02107347827405 1.5610539028421 1.93210074398667 1.65863609709777 1.08236912358552 1.76158599741757 1.07095939852297 1.14192988560535 1.50340498355217 1.53998133470304 1.35630414984189 0.980216298718005 1.72033653547987 1.24861981347203 1.53496920014732 1.44869322376326 1.28361546969973
1.31137239700183 1.91229163249955 1.08914141682908 1.7605992204044 1.06969758006744 1.50026009557769 0 1.29052366572432 1.82811352564022 1.01343469857238 1.0182494004257 1.68353139841929 1.70706680137664 1.38775797840208 1.4193379317876 1.40001976024359 1.39312920486555 0.981205726740882 1.76136683765799 1.63132141903043 1.17811211152002 1.71738774189726 1.40435944823548 1.77250646357425 1.46707836259156 1.63578450726345 1.7088801281061 1.53362180152908 1.70039025857113 1.61337383557111
1.37004797859117 1.65629354398698 1.10077196988277 1.45441279420629 1.73777629435062 1.74689862178639 1.29052366572432 0 1.16362818703055 1.24356040963903 1.41770387999713 1.16825014050119 1.90602736012079 1.35328168910928 1.20842294767499 1.52123202616349 0.959427186753601 1.58366295951419 1.66886895638891 1.8011673821602 1.01161409378983 1.94649645360187 1.1437227174174 1.54499108740129 1.71448519336991 1.86141382576898 1.32307762955315 1.04018371948041 1.86197950714268 1.84891209867783
1.45972727355547 1.41468415223062 1.63287064642645 1.71076763491146 1.26138730766252 1.09951351978816 1.82811352564022 1.16362818703055 0 1.17479669814929 1.42405753210187 1.36672931886278 1.16424424084835 0.989378983620554 1.64776891097426 1.52117673610337 1.2011239558924 1.72512566950172 1.28009698912501 0.984721709042788 1.67182543431409 1.44737146492116 1.00749329896644 0.990406851749867 1.24420406669378 1.20603685639799 1.72406843723729 1.60116686136462 1.89002371579409 1.26683179545216
1.47396940900944 1.8887291981373 1.1939948706422 1.79446569317952 1.05704357149079 1.78524275310338 1.01343469857238 1.24356040963903 1.17479669814929 0 1.63267747638747 1.05045309942216 1.23988181562163 1.61918194801547 1.88638045778498 1.61544501548633 1.87006113119423 1.66916543291882 1.51799138588831 1.5580398994498 1.70983611536212 1.77931725699455 0.969608030281961 1.45658224704675 1.93696977221407 1.41690019820817 1.82749341474846 1.78054978884757 1.04996068403125 1.73079832131043
1.32967365439981 1.13742703618482 1.84923750953749 1.24139014794491 1.25696558970958 1.68691579648294 1.0182494004257 1.41770387999713 1.42405753210187 1.63267747638747 0 1.89944788394496 1.08191230962984 1.37045659334399 1.46808907273225 1.07051930716261 1.49754556454718 1.37263124622405 1.49138456885703 1.57240935484879 0.97875228151679 1.26222244277596 1.06417475547642 1.15343320160173 1.50234855944291 1.68983063078485 1.64920816314407 1.04565468849614 1.11880900734104 1.77919412776828
0.957424291409552 1.33564676274545 1.55994478566572 1.28189198276959 1.02697716699913 0.97110089706257 1.68353139841929 1.16825014050119 1.36672931886278 1.05045309942216 1.89944788394496 0 1.28897509677336 1.6455577223096 1.55659349705093 1.19062485173345 1.22571602487005 1.45366847654805 1.10138382273726 1.52378740417771 1.02601577737369 1.27632650290616 1.23309022933245 1.73306589201093 1.26344486838207 1.01156900846399 1.34528625942767 1.47315421444364 1.18002614751458 1.58976259944029
1.92449925979599 1.87750322790816 1.0842257833574 1.69491890398785 1.2101866658777 1.50258610909805 1.70706680137664 1.90602736012079 1.16424424084835 1.23988181562163 1.08191230962984 1.28897509677336 0 1.0444022542797 1.13387483474799 1.23425876395777 1.20886407769285 1.86002468923107 1.1100952650886 1.60547486646101 1.46589370910078 1.24085328588262 1.80096774245612 1.79235011828132 1.24063826631755 1.11516048293561 1.03256437997334 1.55568963778205 1.57757943170145 1.19914217689075
1.79628366674297 1.85856800107285 0.969422247959301 1.47866935096681 1.59035269520245 1.02107347827405 1.38775797840208 1.35328168910928 0.989378983620554 1.61918194801547 1.37045659334399 1.6455577223096 1.0444022542797 0 1.01552753057331 1.73021537275054 1.40225425735116 1.84476303774863 1.01183441560715 0.961417842889205 1.25802884018049 1.05698692542501 1.86763105168939 1.47017989563756 1.21399020776153 1.58253477537073 1.79581703315489 1.78138020006008 1.52710121753626 1.1650368492119
1.61694159731269 1.41100954078138 1.47746500535868 1.71906064427458 1.71377803664654 1.5610539028421 1.4193379317876 1.20842294767499 1.64776891097426 1.88638045778498 1.46808907273225 1.55659349705093 1.13387483474799 1.01552753057331 0 1.81760133104399 1.09516731044278 1.19762625941075 1.61050067911856 1.71970044472255 1.33712975983508 1.08279689890333 1.01543054962531 1.61028915923089 1.83679485414177 1.48735282081179 1.0885234286543 1.69258860405535 1.6686483619269 1.61862588487566
1.06955999531783 1.75280441250652 0.990920678945258 1.44783275714144 1.46181235532276 1.93210074398667 1.40001976024359 1.52123202616349 1.52117673610337 1.61544501548633 1.07051930716261 1.19062485173345 1.23425876395777 1.73021537275054 1.81760133104399 0 1.90002065594308 1.61070689652115 0.991614879341796 1.40168361319229 1.03519494622014 1.91367602022365 1.54793006693944 1.27273423527367 1.61134225758724 1.56308298022486 1.74196671368554 1.70854693953879 1.49279892700724 0.956282365368679
1.01576490048319 1.27623653179035 1.6625855253078 1.93697183416225 1.52873584860936 1.65863609709777 1.39312920486555 0.959427186753601 1.2011239558924 1.87006113119423 1.49754556454718 1.22571602487005 1.20886407769285 1.40225425735116 1.09516731044278 1.90002065594308 0 1.57580646383576 1.03767129639164 1.50106250261888 0.973995881853625 1.12801504600793 1.17168238596059 0.997111438307911 1.6874919210095 1.12474864628166 1.3197833232116 0.980410732328892 1.12516964180395 1.06502964370884
1.07811378291808 1.59211266459897 0.987683763960376 1.69561581802554 1.26931068580598 1.08236912358552 0.981205726740882 1.58366295951419 1.72512566950172 1.66916543291882 1.37263124622405 1.45366847654805 1.86002468923107 1.84476303774863 1.19762625941075 1.61070689652115 1.57580646383576 0 1.64818950602785 1.28827189630829 1.88662078930065 1.36331370193511 1.17640554322861 1.67368171224371 1.63868719805032 1.68282531574368 1.66083251591772 1.22630602424033 1.07851106277667 1.68887692620046
1.09853997151367 1.63423230382614 1.2692342188675 1.75006558303721 1.67053282936104 1.76158599741757 1.76136683765799 1.66886895638891 1.28009698912501 1.51799138588831 1.49138456885703 1.10138382273726 1.1100952650886 1.01183441560715 1.61050067911856 0.991614879341796 1.03767129639164 1.64818950602785 0 1.25763114239089 1.30420733126812 1.75567679409869 1.11663100798614 1.42178382142447 1.08866180852056 1.12540110060945 1.8253499509301 1.24766232166439 1.54696994530968 1.74057784769684
1.92025019414723 1.9379259289708 1.66153929498978 1.25255310372449 1.13091173535213 1.07095939852297 1.63132141903043 1.8011673821602 0.984721709042788 1.5580398994498 1.57240935484879 1.52378740417771 1.60547486646101 0.961417842889205 1.71970044472255 1.40168361319229 1.50106250261888 1.28827189630829 1.25763114239089 0 1.51972202956676 1.48854084545746 1.68161016120575 1.46582233859226 1.37813281337731 1.59712827275507 1.28606235282496 1.25911273784004 1.12852836819366 1.39294150331989
1.54270035680383 1.09124880144373 1.69988638465293 1.90252676117234 1.19605137966573 1.14192988560535 1.17811211152002 1.01161409378983 1.67182543431409 1.70983611536212 0.97875228151679 1.02601577737369 1.46589370910078 1.25802884018049 1.33712975983508 1.03519494622014 0.973995881853625 1.88662078930065 1.30420733126812 1.51972202956676 0 1.46693358081393 1.39777044625953 1.52282093255781 1.02439754246734 1.32223091158085 1.41922959522344 1.08008730318397 1.44180290377699 1.33044834970497
1.35288830287755 1.6740430505015 1.70553289540112 1.28815842233598 1.9057508718688 1.50340498355217 1.71738774189726 1.94649645360187 1.44737146492116 1.77931725699455 1.26222244277596 1.27632650290616 1.24085328588262 1.05698692542501 1.08279689890333 1.91367602022365 1.12801504600793 1.36331370193511 1.75567679409869 1.48854084545746 1.46693358081393 0 1.54268428054638 1.34283610689454 1.71388509566896 1.12686134804972 1.20660963887349 1.93334288639016 1.13896966865286 1.25982256070711
1.17186465091072 1.87144537968561 1.85900226817466 1.07078665168956 0.96103914338164 1.53998133470304 1.40435944823548 1.1437227174174 1.00749329896644 0.969608030281961 1.06417475547642 1.23309022933245 1.80096774245612 1.86763105168939 1.01543054962531 1.54793006693944 1.17168238596059 1.17640554322861 1.11663100798614 1.68161016120575 1.39777044625953 1.54268428054638 0 1.42734636785462 0.984839057782665 1.06158451153897 1.47461685235612 1.2706793891266 1.28941267752089 1.80481333192438
1.70607136934996 1.27287462586537 1.12897757976316 1.00506033981219 0.993724111700431 1.35630414984189 1.77250646357425 1.54499108740129 0.990406851749867 1.45658224704675 1.15343320160173 1.73306589201093 1.79235011828132 1.47017989563756 1.61028915923089 1.27273423527367 0.997111438307911 1.67368171224371 1.42178382142447 1.46582233859226 1.52282093255781 1.34283610689454 1.42734636785462 0 1.00182300293818 1.90885301143862 0.963844330981374 1.79208696866408 1.4850834782701 1.07070411834866
1.93979397555813 1.18053862499073 1.3160732362885 1.32799120782875 1.62796263583004 0.980216298718005 1.46707836259156 1.71448519336991 1.24420406669378 1.93696977221407 1.50234855944291 1.26344486838207 1.24063826631755 1.21399020776153 1.83679485414177 1.61134225758724 1.6874919210095 1.63868719805032 1.08866180852056 1.37813281337731 1.02439754246734 1.71388509566896 0.984839057782665 1.00182300293818 0 1.08997835265473 1.35229951934889 1.06244119233452 1.45035490673035 1.94630794483237
1.20016495627351 1.34408873156644 1.45380058232695 1.01049319282174 1.32400559145026 1.72033653547987 1.63578450726345 1.86141382576898 1.20603685639799 1.41690019820817 1.68983063078485 1.01156900846399 1.11516048293561 1.58253477537073 1.48735282081179 1.56308298022486 1.12474864628166 1.68282531574368 1.12540110060945 1.59712827275507 1.32223091158085 1.12686134804972 1.06158451153897 1.90885301143862 1.08997835265473 0 0.967082201270387 1.28277613036335 1.51209590211511 1.39687735214829
1.23603271297179 1.86246076016687 1.10893528093584 1.16591341397725 1.65979047887959 1.24861981347203 1.7088801281061 1.32307762955315 1.72406843723729 1.82749341474846 1.64920816314407 1.34528625942767 1.03256437997334 1.79581703315489 1.0885234286543 1.74196671368554 1.3197833232116 1.66083251591772 1.8253499509301 1.28606235282496 1.41922959522344 1.20660963887349 1.47461685235612 0.963844330981374 1.35229951934889 0.967082201270387 0 0.95510852150619 1.09149198257364 1.00804714718834
1.15213162777945 1.63641128200106 1.41501702484675 1.21575583517551 1.16214044485241 1.53496920014732 1.53362180152908 1.04018371948041 1.60116686136462 1.78054978884757 1.04565468849614 1.47315421444364 1.55568963778205 1.78138020006008 1.69258860405535 1.70854693953879 0.980410732328892 1.22630602424033 1.24766232166439 1.25911273784004 1.08008730318397 1.93334288639016 1.2706793891266 1.79208696866408 1.06244119233452 1.28277613036335 0.95510852150619 0 1.52066165907308 1.30130316084251
1.42650873679668 1.92602545698173 1.37780849961564 1.25345996464603 1.86453198012896 1.44869322376326 1.70039025857113 1.86197950714268 1.89002371579409 1.04996068403125 1.11880900734104 1.18002614751458 1.57757943170145 1.52710121753626 1.6686483619269 1.49279892700724 1.12516964180395 1.07851106277667 1.54696994530968 1.12852836819366 1.44180290377699 1.13896966865286 1.28941267752089 1.4850834782701 1.45035490673035 1.51209590211511 1.09149198257364 1.52066165907308 0 1.46342230145819
1.40090526454151 1.77898628311232 0.962339360266924 1.51063706120476 1.75298876455054 1.28361546969973 1.61337383557111 1.84891209867783 1.26683179545216 1.73079832131043 1.77919412776828 1.58976259944029 1.19914217689075 1.1650368492119 1.61862588487566 0.956282365368679 1.06502964370884 1.68887692620046 1.74057784769684 1.39294150331989 1.33044834970497 1.25982256070711 1.80481333192438 1.07070411834866 1.94630794483237 1.39687735214829 1.00804714718834 1.30130316084251 1.46342230145819 0
