0 1.39169671782292 1.15211940417066 1.34728118614294 0.968761860858649 1.71084801596589 1.37421628716402 1.27249540016055 1.51882465253584 1.51198847871274 1.17604181123897 1.395677276887 1.66628724103794 1.46440268866718 1.0006876476109 0.996573861688375 1.93745537498035 1.1870379303582 1.02384801884182 1.39768070727587 1.52738956268877 1.61498086899519 1.21980027132668 1.89599913801067 1.01803106279112 1.20364798558876 1.63577883527614 1.25938071752898 1.88168981811032 1.41084153368138
1.39169671782292 0 0.978902003727853 1.17156339739449 1.08698012051173 1.90101296058856 1.79641017271206 1.60699026752263 1.33131008362398 1.22540824813768 1.32459054235369 1.92703085392714 1.71065534418449 1.94717728742398 0.981919040437788 1.74182930402458 1.58810704550706 1.93094142223708 1.3997027205769 1.14730057050474 1.67210837081075 1.51856432575732 1.61402746266685 1.63286594883539 1.47588165453635 1.02414810960181 1.14686335437 1.4102024261374 1.15822387253866 1.65390474838205
1.15211940417066 0.978902003727853 0 1.28584085591137 0.97749043488875 1.66784496745095 1.69431982841343 1.68070928985253 1.58139080507681 1.22019093413837 1.45918569993228 1.30959798162803 1.40542998118326 1.49703130288981 1.03412300022319 1.43502947012894 1.69371299282648 1.69692775886506 1.10148750199005 1.56506166234612 1.89159144717269 1.48244356433861 1.76092774793506 1.23892384232022 1.6154563955497 1.76519666030072 1.06635009218007 1.00791830732487 1.36488512926735 1.32429806306027
1.34728118614294 1.17156339739449 1.28584085591137 0 1.68650492257439 1.73730499763042 1.63309439714067 1.63785913260654 1.50234438711777 1.08412638911977 1.3678561267443 1.81263340311125 1.36438294826075 1.65560744423419 1.65400529000908 1.52961610071361 1.91235877643339 1.29811980272643 1.72211917908862 1.0153704539407 1.66463583731093 1.50366172683425 1.03989371610805 1.44618345145136 1.52278543403372 1.80318648507819 1.05129572399892 1.2086347064469 1.32667777151801 1.14499170752242
0.968761860858649 1.08698012051173 0.97749043488875 1.68650492257439 0 1.44498092518188 0.986734688980505 1.94632474635728 1.21849507582374 1.65943246521056 1.76035056472756 1.89596326183528 1.27536816406064 1.33347376273014 1.45045898994431 1.9230703827925 1.62885466357693 0.958397102542222 1.84002392017283 1.931532058632 1.18086851295084 1.88098260387778 1.5394568615593 1.8828612731304 1.84803389525041 1.02691766247153 1.91678484017029 1.40372760104947 1.93566050147638 1.72034973767586
1.71084801596589 1.90101296058856 1.66784496745095 1.73730499763042 1.44498092518188 0 1.16388961416669 1.29306372371502 1.80165528855287 1.0686754877679 1.06318073486909 1.26102722319774 1.62645492353477 1.52273596869782 1.24836301780306 1.76066256547347 1.43194623943418 1.72036157199182 1.01368086179718 1.54177985969 1.38985600322485 1.85441771801561 1.86804095190018 1.80134488875046 1.80292086210102 1.94310540310107 1.12670277571306 1.5667796835769 1.69433963578194 1.07504676212557
1.37421628716402 1.79641017271206 1.69431982841343 1.63309439714067 0.986734688980505 1.16388961416669 0 1.16568702436052 1.72611617692746 1.09421955584548 1.16605452657677 1.81854671239853 1.60329014458694 1.09298819256946 1.79483178816736 1.84113768534735 1.74458596389741 1.55562012386508 1.07732039364055 0.964366364991292 1.69169208174571 1.17086628824472 1.05960034625605 1.43656574515626 1.77846456039697 1.66857256717049 1.81816424126737 1.12679965933785 1.60842654947191 1.08407846046612
1.27249540016055 1.60699026752263 1.68070928985253 1.63785913260654 1.94632474635728 1.29306372371502 1.16568702436052 0 1.4525424039457 1.21036418061703 1.77714315103367 1.90962896239944 1.26598621229641 1.11734036635607 1.88543658028357 1.81782481400296 1.23341025295667 0.987927643815055 1.24789936514571 1.72907689702697 1.47758737485856 1.20965619175695 0.980119816260412 1.75533695262857 1.72820650064386 1.64671878656372 1.92302810377441 1.7066439059563 1.78230303362943 1.19641112396494
1.51882465253584 1.33131008362398 1.58139080507681 1.50234438711777 1.21849507582374 1.80165528855287 1.72611617692746 1.4525424039457 0 1.42845175857656 1.33846419560723 1.02485083951615 1.20154241193086 1.55422556144185 1.74009396112524 1.66974732163362 1.1354217955377 1.21296618762426 1.4312751123216 1.10642521851696 1.86496462370269 1.91496525425464 0.983482447918504 1.57124536717311 1.41600763401948 1.19355983939022 1.22193164378405 1.27088164258748 1.89095656923018 1.55804300983436
1.51198847871274 1.22540824813768 1.22019093413837 1.08412638911977 1.65943246521056 1.0686754877679 1.09421955584548 1.21036418061703 1.42845175857656 0 1.6546379183419 1.60281983180903 1.9115466256626 1.85225314134732 1.22408592212014 1.34530254150741 1.53597628930584 1.23152080061845 1.23942467337474 1.08562742895447 1.34835769142956 1.4452423946932 1.5085200346075 0.980749350506812 1.49633552529849 1.77625301014632 1.5624145322945 1.25298156565987 1.56744250352494 1.87539754947647
1.17604181123897 1.32459054235369 1.45918569993228 1.3678561267443 1.76035056472756 1.06318073486909 1.16605452657677 1.77714315103367 1.33846419560723 1.6546379183419 0 1.4734618968796 1.39252618607134 1.0692695833277 1.94368714396842 1.75716230575927 1.32179306447506 1.50477539468557 1.36540900636464 1.31945123244077 1.51634567324072 1.57299366220832 1.16846496565267 1.03800642909482 1.46384447440505 1.34218765632249 0.969838726101443 1.9050869953353 1.78507922799326 1.14385998784564
1.395677276887 1.92703085392714 1.30959798162803 1.81263340311125 1.89596326183528 1.26102722319774 1.81854671239853 1.90962896239944 1.02485083951615 1.60281983180903 1.4734618968796 0 1.60024574189447 1.74903476424515 1.35400614677928 1.61958627775311 1.04296052246355 1.11046832520515 1.24853898072615 1.3045182840433 1.07099039247259 1.46593149472028 1.437609706074 1.73207949800417 1.76432777196169 1.14690064219758 1.19300398998894 1.17874192609452 1.22562769730575 1.08550788112916
1.66628724103794 1.71065534418449 1.40542998118326 1.36438294826075 1.27536816406064 1.62645492353477 1.60329014458694 1.26598621229641 1.20154241193086 1.9115466256626 1.39252618607134 1.60024574189447 0 1.89667513617314 1.42296087509021 1.08995331963524 1.93764851428568 1.47331161797047 1.51873910636641 1.60880634724163 1.63715465343557 1.65416295174509 1.4088241152931 1.39112828485668 1.5385141975712 1.08017211966217 1.84998036315665 1.48260616441257 1.51642367709428 1.5954511903692
1.46440268866718 1.94717728742398 1.49703130288981 1.65560744423419 1.33347376273014 1.52273596869782 1.09298819256946 1.11734036635607 1.55422556144185 1.85225314134732 1.0692695833277 1.74903476424515 1.89667513617314 0 0.972128142369911 1.5205579942558 1.76237876410596 1.76119047030807 1.45575207448564 1.78584012459032 1.08396198181435 1.31487644650042 1.30029787332751 1.30272737168707 1.13169641047716 1.27982884389348 1.59407462528907 1.10789629933424 1.57309210090898 1.23726183874533
1.0006876476109 0.981919040437788 1.03412300022319 1.65400529000908 1.45045898994431 1.24836301780306 1.79483178816736 1.88543658028357 1.74009396112524 1.22408592212014 1.94368714396842 1.35400614677928 1.42296087509021 0.972128142369911 0 1.21029909444042 1.68672428559512 1.78783619171008 1.93068677186966 1.0864338837564 1.42744217370637 1.16340193804353 1.73448723042384 1.84498000121675 1.11428652121685 1.70706506865099 1.30074159381911 1.06255295383744 0.997277051210403 0.982944646850228
0.996573861688375 1.74182930402458 1.43502947012894 1.52961610071361 1.9230703827925 1.76066256547347 1.84113768534735 1.81782481400296 1.66974732163362 1.34530254150741 1.75716230575927 1.61958627775311 1.08995331963524 1.5205579942558 1.21029909444042 0 1.75090983323753 1.07770632137544 1.01850562356412 1.38497648620978 1.10431775986217 1.64281114237383 1.22629580297507 1.31674796156585 1.08897260949016 1.28050820669159 1.89403559709899 1.18191194999963 1.86321516172029 1.78126872424036
1.93745537498035 1.58810704550706 1.69371299282648 1.91235877643339 1.62885466357693 1.43194623943418 1.74458596389741 1.23341025295667 1.1354217955377 1.53597628930584 1.32179306447506 1.04296052246355 1.93764851428568 1.76237876410596 1.68672428559512 1.75090983323753 0 1.02866690093651 1.91918423562311 1.85420544515364 1.05280106537975 1.15369669557549 1.91268249950372 1.35495091998018 0.95971396798268 1.51144070806913 1.81623299629427 1.34349260642193 1.75313762552105 1.11676966981031
1.1870379303582 1.93094142223708 1.69692775886506 1.29811980272643 0.958397102542222 1.72036157199182 1.55562012386508 0.987927643815055 1.21296618762426 1.23152080061845 1.50477539468557 1.11046832520515 1.47331161797047 1.76119047030807 1.78783619171008 1.07770632137544 1.02866690093651 0 0.959451825590804 1.63981037237681 1.2585253927391 1.3285742381122 1.03824362228625 1.4726852234453 1.32043447694741 0.965891166124493 1.79337237821892 1.54183182027191 1.41454006941058 1.23286569328047
1.02384801884182 1.3997027205769 1.10148750199005 1.72211917908862 1.84002392017283 1.01368086179718 1.07732039364055 1.24789936514571 1.4312751123216 1.23942467337474 1.36540900636464 1.24853898072615 1.51873910636641 1.45575207448564 1.93068677186966 1.01850562356412 1.91918423562311 0.959451825590804 0 1.69092706916854 1.50525275827385 1.14581793081015 1.11399053409696 1.26530708256178 1.80025849351659 1.44504806445912 1.80079475953244 1.90646294737235 1.54340254236013 1.61378347477876
1.39768070727587 1.14730057050474 1.56506166234612 1.0153704539407 1.931532058632 1.54177985969 0.964366364991292 1.72907689702697 1.10642521851696 1.08562742895447 1.31945123244077 1.3045182840433 1.60880634724163 1.78584012459032 1.0864338837564 1.38497648620978 1.85420544515364 1.63981037237681 1.69092706916854 0 1.69715755013749 1.49048728728667 1.55424092733301 1.8643574824091 0.988812846364453 1.62786453892477 1.48106826585717 1.23690327187069 1.83965278440155 1.76389354164712
1.52738956268877 1.67210837081075 1.89159144717269 1.66463583731093 1.18086851295084 1.38985600322485 1.69169208174571 1.47758737485856 1.86496462370269 1.34835769142956 1.51634567324072 1.07099039247259 1.63715465343557 1.08396198181435 1.42744217370637 1.10431775986217 1.05280106537975 1.2585253927391 1.50525275827385 1.69715755013749 0 1.80899522989057 1.90113109350204 1.14783251425251 1.24186158226803 1.03150408808142 1.55441680317745 1.51477530575357 1.13717352389358 1.50526018207893
1.61498086899519 1.51856432575732 1.48244356433861 1.50366172683425 1.88098260387778 1.85441771801561 1.17086628824472 1.20965619175695 1.91496525425464 1.4452423946932 1.57299366220832 1.46593149472028 1.65416295174509 1.31487644650042 1.16340193804353 1.64281114237383 1.15369669557549 1.3285742381122 1.14581793081015 1.49048728728667 1.80899522989057 0 1.15955720469356 1.10400731512345 1.03264587093145 1.2959153521806 1.03896351717412 1.2404381246306 1.86613790481351 1.90230597811751
1.21980027132668 1.61402746266685 1.76092774793506 1.03989371610805 1.5394568615593 1.86804095190018 1.05960034625605 0.980119816260412 0.983482447918504 1.5085200346075 1.16846496565267 1.437609706074 1.4088241152931 1.30029787332751 1.73448723042384 1.22629580297507 1.91268249950372 1.03824362228625 1.11399053409696 1.55424092733301 1.90113109350204 1.15955720469356 0 1.35920764063485 1.18201648979448 1.22804452525452 1.80708266375586 1.6495219366625 1.76585950911976 1.19879514747299
1.89599913801067 1.63286594883539 1.23892384232022 1.44618345145136 1.8828612731304 1.80134488875046 1.43656574515626 1.75533695262857 1.57124536717311 0.980749350506812 1.03800642909482 1.73207949800417 1.39112828485668 1.30272737168707 1.84498000121675 1.31674796156585 1.35495091998018 1.4726852234453 1.26530708256178 1.8643574824091 1.14783251425251 1.10400731512345 1.35920764063485 0 1.23397073382512 1.91128397546709 1.27760258526541 1.28397669806145 1.0030500870198 1.32509592059068
1.01803106279112 1.47588165453635 1.6154563955497 1.52278543403372 1.84803389525041 1.80292086210102 1.77846456039697 1.72820650064386 1.41600763401948 1.49633552529849 1.46384447440505 1.76432777196169 1.5385141975712 1.13169641047716 1.11428652121685 1.08897260949016 0.95971396798268 1.32043447694741 1.80025849351659 0.988812846364453 1.24186158226803 1.03264587093145 1.18201648979448 1.23397073382512 0 0.96563641121611 1.84464804665186 1.10820335289463 1.18834181665443 1.18283452582546
1.20364798558876 1.02414810960181 1.76519666030072 1.80318648507819 1.02691766247153 1.94310540310107 1.66857256717049 1.64671878656372 1.19355983939022 1.77625301014632 1.34218765632249 1.14690064219758 1.08017211966217 1.27982884389348 1.70706506865099 1.28050820669159 1.51144070806913 0.965891166124493 1.44504806445912 1.62786453892477 1.03150408808142 1.2959153521806 1.22804452525452 1.91128397546709 0.96563641121611 0 1.48122261301614 1.38463089265861 1.06982837198302 0.959151520393789
1.63577883527614 1.14686335437 1.06635009218007 1.05129572399892 1.91678484017029 1.12670277571306 1.81816424126737 1.92302810377441 1.22193164378405 1.5624145322945 0.969838726101443 1.19300398998894 1.84998036315665 1.59407462528907 1.30074159381911 1.89403559709899 1.81623299629427 1.79337237821892 1.80079475953244 1.48106826585717 1.55441680317745 1.03896351717412 1.80708266375586 1.27760258526541 1.84464804665186 1.48122261301614 0 1.63788710464723 1.17887003696524 1.81737606483512
1.25938071752898 1.4102024261374 1.00791830732487 1.2086347064469 1.40372760104947 1.5667796835769 1.12679965933785 1.7066439059563 1.27088164258748 1.25298156565987 1.9050869953353 1.17874192609452 1.48260616441257 1.10789629933424 1.06255295383744 1.18191194999963 1.34349260642193 1.54183182027191 1.90646294737235 1.23690327187069 1.51477530575357 1.2404381246306 1.6495219366625 1.28397669806145 1.10820335289463 1.38463089265861 1.63788710464723 0 1.33247088734061 1.56527019222267
1.88168981811032 1.15822387253866 1.36488512926735 1.32667777151801 1.93566050147638 1.69433963578194 1.60842654947191 1.78230303362943 1.89095656923018 1.56744250352494 1.78507922799326 1.22562769730575 1.51642367709428 1.57309210090898 0.997277051210403 1.86321516172029 1.75313762552105 1.41454006941058 1.54340254236013 1.83965278440155 1.13717352389358 1.86613790481351 1.76585950911976 1.0030500870198 1.18834181665443 1.06982837198302 1.17887003696524 1.33247088734061 0 1.07745234039612
1.41084153368138 1.65390474838205 1.32429806306027 1.14499170752242 1.72034973767586 1.07504676212557 1.08407846046612 1.19641112396494 1.55804300983436 1.87539754947647 1.14385998784564 1.08550788112916 1.5954511903692 1.23726183874533 0.982944646850228 1.78126872424036 1.11676966981031 1.23286569328047 1.61378347477876 1.76389354164712 1.50526018207893 1.90230597811751 1.19879514747299 1.32509592059068 1.18283452582546 0.959151520393789 1.81737606483512 1.56527019222267 1.07745234039612 0
