0 1.46399897406809 1.56513489596546 1.07375251152553 1.89321175892837 1.28125639306381 1.41467169672251 1.33648826275021 1.21803846862167 1.7526331692934 1.21488666511141 1.36942475521937 1.24481176584959 1.07790854061022 1.06698644557036 1.91136079886928 1.73499694047496 1.49777874373831 1.70234863366932 1.05300567834638 1.1881021715235 1.25296434364282 1.03361550951377 1.91369793959893 1.40990148019046 1.69393281592056 1.1753297096584 1.16131862602197 1.80312706949189 1.76220142981037
1.46399897406809 0 1.15598073555157 1.83057009079494 1.76195009681396 1.16176700149663 0.999051602790132 1.20474368799478 1.47392677236348 1.80709864967503 1.79722519335337 1.12469861796126 1.0544435584452 1.09528083330952 1.0210448584985 1.84309226460755 1.5430337365251 1.41250873915851 1.69037322653458 1.33732655853964 1.90846702363342 1.44328483613208 1.09533901349641 1.23324999539182 0.961399335414171 1.44369278359227 1.74901248072274 1.56867421045899 1.67102442565374 1.88008320145309
1.56513489596546 1.15598073555157 0 1.14764225529507 1.82056305441074 1.15896771964617 1.45871154405177 1.25436205626465 1.58665143069811 1.25029257265851 1.48947840323672 1.28427392523736 1.11569080594927 1.0726085586939 1.33098882064223 1.53068350860849 1.17893328447826 1.20802773465402 1.57680407655425 1.60641075018793 1.01465907483362 1.22221826226451 1.74261399800889 1.70862828963436 1.6192160891369 0.950186849571764 1.16789286932908 1.68558813468553 1.53697864804417 1.16807976714335
1.07375251152553 1.83057009079494 1.14764225529507 0 1.88929204805754 1.90244848537259 1.00725411553867 1.0983755053021 1.81789985205978 1.14446552842855 1.31958024250343 1.49333137390204 1.02050871984102 1.77282081684098 1.12962301587686 1.39142591832206 1.63947127969004 1.12303571705706 1.43235100060701 1.07949512638152 1.59427018393762 1.57523174793459 1.1160618418362 1.52597709535621 1.21120600774884 1.09919598558918 0.99128951667808 1.33429017243907 1.21594600239769 1.56608438538387
1.89321175892837 1.76195009681396 1.82056305441074 1.88929204805754 0 1.01368217822164 1.14646494062617 1.41585718886927 1.57409373554401 1.5362941136118 1.33970869425684 1.44023978896439 1.29743006406352 0.997168161673471 1.84926996403374 1.74118190491572 1.83900527632795 1.22145806020126 1.79391368408687 1.86453949520364 1.55428647529334 1.03313730563968 1.64707285608165 0.940445602638647 1.41447498532943 1.1077407586854 1.34446876682341 1.44984129117802 1.13149776193313 1.09268288011663
1.28125639306381 1.16176700149663 1.15896771964617 1.90244848537259 1.01368217822164 0 1.92339058942162 1.86752119217999 1.47279147291556 1.55388917820528 1.12074472429231 1.34552045492455 1.38330573728308 1.23437326750718 1.55850217258558 1.65887003624812 1.43177151121199 1.6751770095434 1.59407898504287 1.74353782553226 1.25560133391991 1.9180838491302 1.69442075071856 1.20693827001378 1.05422340938821 1.73513176525012 1.3194858985953 1.59460368775763 1.69999662274495 1.0343531081453
1.41467169672251 0.999051602790132 1.45871154405177 1.00725411553867 1.14646494062617 1.92339058942162 0 0.954430820187554 1.08806301257573 1.71400111122057 1.78016976919025 1.67437221365981 0.977547883521765 1.03859397163615 1.26955144107342 1.29185523721389 1.35322195035405 1.786046335008 1.77836516546085 1.8067717901431 1.86387187009677 1.24033200182021 1.3045961773023 1.64162316662259 1.94008778315037 1.25757331727073 1.43155344785191 1.50370054622181 1.91610743012279 1.5660506663844
1.33648826275021 1.20474368799478 1.25436205626465 1.0983755053021 1.41585718886927 1.86752119217999 0.954430820187554 0 1.41975000244565 1.00715526286513 1.68733545811847 1.30380835011601 1.08117385045625 1.40232911938801 1.5616543169599 1.79063202533871 1.20742254471406 1.4295715498738 1.83886560075916 1.8982978516724 1.9253415025305 1.42956816405058 1.88794841547497 1.42524189059623 1.56253821309656 1.03197266347706 1.54469776060432 1.91842673206702 1.01726809004322 1.43340067751706
1.21803846862167 1.47392677236348 1.58665143069811 1.81789985205978 1.57409373554401 1.47279147291556 1.08806301257573 1.41975000244565 0 1.62101095868275 1.43723195116036 1.85620636981912 1.62108649988659 1.67375069134869 1.35777428862639 1.4213669274468 1.59005669364706 1.27019046689384 1.22817678749561 1.22303213062696 1.69300951855257 0.953703885665163 0.997051497921348 1.42071565170772 1.34311716258526 1.28182484931313 1.14701099065132 1.60912117687985 1.40879466640763 1.45109348651022
1.7526331692934 1.80709864967503 1.25029257265851 1.14446552842855 1.5362941136118 1.55388917820528 1.71400111122057 1.00715526286513 1.62101095868275 0 1.93826564634219 1.27425670810044 0.94295740686357 1.30706141260453 1.17710554320365 1.31577015807852 0.948449009330943 1.2976275254041 1.44714339706115 1.91352364304475 1.82675962592475 1.76473995507695 1.91329951374792 1.00163161288947 1.25585190928541 1.54864479019307 1.61911824392155 1.6798970666714 1.73510368075222 1.82038656692021
1.21488666511141 1.79722519335337 1.48947840323672 1.31958024250343 1.33970869425684 1.12074472429231 1.78016976919025 1.68733545811847 1.43723195116036 1.93826564634219 0 1.29755458235741 1.907929321751 1.04179544793442 0.964287358801812 1.48604923114181 1.40486029116437 1.05277066328563 1.9318784410134 1.2306038364768 1.86044621071778 1.16165975737385 0.968627949478105 1.50892926170491 1.31658663926646 0.961834235815331 1.17882923246361 1.56340665114112 1.58844124362804 1.67053503240459
1.36942475521937 1.12469861796126 1.28427392523736 1.49333137390204 1.44023978896439 1.34552045492455 1.67437221365981 1.30380835011601 1.85620636981912 1.27425670810044 1.29755458235741 0 1.74267039611004 1.04152048798278 1.42769780545495 1.35949434619397 1.27550194528885 1.1517402313184 1.58957424922846 0.945590038783848 1.81611934117973 1.88937776279636 1.37614007643424 1.38822933612391 1.78568037110381 1.45440538553521 1.08485694788396 1.53037015791051 1.12929170252755 1.10818460257724
1.24481176584959 1.0544435584452 1.11569080594927 1.02050871984102 1.29743006406352 1.38330573728308 0.977547883521765 1.08117385045625 1.62108649988659 0.94295740686357 1.907929321751 1.74267039611004 0 1.56833446817473 0.959475449984893 1.54282702901401 1.69880248978734 1.35282309120521 1.82978265685961 1.19885285757482 1.74673255439848 1.17727121897042 1.47557565872557 1.09804772282951 1.64440551609732 1.67312523652799 1.71737829246558 0.970865634735674 1.12923940690234 1.64016253501177
1.07790854061022 1.09528083330952 1.0726085586939 1.77282081684098 0.997168161673471 1.23437326750718 1.03859397163615 1.40232911938801 1.67375069134869 1.30706141260453 1.04179544793442 1.04152048798278 1.56833446817473 0 1.34514911705628 1.05273010837846 1.77869409997948 1.46466321172193 1.24233707669191 1.38665474089794 1.23966281861067 1.61622413783334 1.25295245344751 1.59822637587786 1.04428655165248 1.88617656030692 1.54527389304712 1.23082983563654 1.5973926007282 1.0689924180042
1.06698644557036 1.0210448584985 1.33098882064223 1.12962301587686 1.84926996403374 1.55850217258558 1.26955144107342 1.5616543169599 1.35777428862639 1.17710554320365 0.964287358801812 1.42769780545495 0.959475449984893 1.34514911705628 0 1.53011613385752 1.31990979542024 1.1012999813538 1.20891468413174 1.4041398933623 1.1013062892016 0.98073433409445 1.87996575073339 1.82915829308331 1.68385111587122 1.6419682467822 1.80354311084375 1.27403342584148 0.953965260181576 1.35773857193999
1.91136079886928 1.84309226460755 1.53068350860849 1.39142591832206 1.74118190491572 1.65887003624812 1.29185523721389 1.79063202533871 1.4213669274468 1.31577015807852 1.48604923114181 1.35949434619397 1.54282702901401 1.05273010837846 1.53011613385752 0 1.50067828875035 1.35689669311978 1.57410696265288 1.5357605337631 1.60113889281638 1.80398307926953 1.25975393783301 1.80105617176741 1.85343490098603 1.68008572980762 1.55818042112514 1.48703032103367 1.29850950953551 1.56620088382624
1.73499694047496 1.5430337365251 1.17893328447826 1.63947127969004 1.83900527632795 1.43177151121199 1.35322195035405 1.20742254471406 1.59005669364706 0.948449009330943 1.40486029116437 1.27550194528885 1.69880248978734 1.77869409997948 1.31990979542024 1.50067828875035 0 1.47692486969754 1.41537396330386 1.37487520836294 1.59309752075933 1.04639198235236 1.36808161833324 1.66656785388477 1.53990964125842 1.06052501336671 1.42379861650988 1.76800759974867 1.91912942170165 1.89338949369267
1.49777874373831 1.41250873915851 1.20802773465402 1.12303571705706 1.22145806020126 1.6751770095434 1.786046335008 1.4295715498738 1.27019046689384 1.2976275254041 1.05277066328563 1.1517402313184 1.35282309120521 1.46466321172193 1.1012999813538 1.35689669311978 1.47692486969754 0 1.1910609707702 1.30158036504872 1.35825109528378 1.00299390638247 1.82423000410199 1.04794295364991 1.32798342034221 0.999697982566431 1.84092468372546 1.66143617476337 1.91386654484086 1.13385597406887
1.70234863366932 1.69037322653458 1.57680407655425 1.43235100060701 1.79391368408687 1.59407898504287 1.77836516546085 1.83886560075916 1.22817678749561 1.44714339706115 1.9318784410134 1.58957424922846 1.82978265685961 1.24233707669191 1.20891468413174 1.57410696265288 1.41537396330386 1.1910609707702 0 1.71119838347659 1.51297171530314 1.80641308473423 1.13152870442718 1.89958646101877 1.02421666309237 1.01957882987335 1.3405556587968 1.68512720591389 1.45695685269311 1.14289609459229
1.05300567834638 1.33732655853964 1.60641075018793 1.07949512638152 1.86453949520364 1.74353782553226 1.8067717901431 1.8982978516724 1.22303213062696 1.91352364304475 1.2306038364768 0.945590038783848 1.19885285757482 1.38665474089794 1.4041398933623 1.5357605337631 1.37487520836294 1.30158036504872 1.71119838347659 0 1.62994248257019 1.61460163281299 1.10835605114698 1.16050867037848 1.23923196573742 1.73792976676486 1.37663161219098 1.79063712898642 1.89005290321074 1.66827800986357
1.1881021715235 1.90846702363342 1.01465907483362 1.59427018393762 1.55428647529334 1.25560133391991 1.86387187009677 1.9253415025305 1.69300951855257 1.82675962592475 1.86044621071778 1.81611934117973 1.74673255439848 1.23966281861067 1.1013062892016 1.60113889281638 1.59309752075933 1.35825109528378 1.51297171530314 1.62994248257019 0 1.88847109256312 1.5682313782163 1.32420132285915 1.58134185429662 1.90459472499788 1.41548195038922 1.58745225728489 1.72209341381676 1.28200907912105
1.25296434364282 1.44328483613208 1.22221826226451 1.57523174793459 1.03313730563968 1.9180838491302 1.24033200182021 1.42956816405058 0.953703885665163 1.76473995507695 1.16165975737385 1.88937776279636 1.17727121897042 1.61622413783334 0.98073433409445 1.80398307926953 1.04639198235236 1.00299390638247 1.80641308473423 1.61460163281299 1.88847109256312 0 1.18333982815966 1.83848941395991 1.31233952171169 1.2491769164335 1.85638072574511 1.13106206455268 1.93469959427603 1.44847881956957
1.03361550951377 1.09533901349641 1.74261399800889 1.1160618418362 1.64707285608165 1.69442075071856 1.3045961773023 1.88794841547497 0.997051497921348 1.91329951374792 0.968627949478105 1.37614007643424 1.47557565872557 1.25295245344751 1.87996575073339 1.25975393783301 1.36808161833324 1.82423000410199 1.13152870442718 1.10835605114698 1.5682313782163 1.18333982815966 0 1.23149588354863 1.58228121744469 1.24411413003691 1.62785733980127 1.56582181691192 1.28384817298502 1.76044813846238
1.91369793959893 1.23324999539182 1.70862828963436 1.52597709535621 0.940445602638647 1.20693827001378 1.64162316662259 1.42524189059623 1.42071565170772 1.00163161288947 1.50892926170491 1.38822933612391 1.09804772282951 1.59822637587786 1.82915829308331 1.80105617176741 1.66656785388477 1.04794295364991 1.89958646101877 1.16050867037848 1.32420132285915 1.83848941395991 1.23149588354863 0 1.18235738575459 1.05319217662327 1.62599702225998 1.09606981370598 1.25618749577552 1.01226629363373
1.40990148019046 0.961399335414171 1.6192160891369 1.21120600774884 1.41447498532943 1.05422340938821 1.94008778315037 1.56253821309656 1.34311716258526 1.25585190928541 1.31658663926646 1.78568037110381 1.64440551609732 1.04428655165248 1.68385111587122 1.85343490098603 1.53990964125842 1.32798342034221 1.02421666309237 1.23923196573742 1.58134185429662 1.31233952171169 1.58228121744469 1.18235738575459 0 1.20510223391466 1.08933387137949 1.05159626668319 1.2590236463584 1.80215857201256
1.69393281592056 1.44369278359227 0.950186849571764 1.09919598558918 1.1077407586854 1.73513176525012 1.25757331727073 1.03197266347706 1.28182484931313 1.54864479019307 0.961834235815331 1.45440538553521 1.67312523652799 1.88617656030692 1.6419682467822 1.68008572980762 1.06052501336671 0.999697982566431 1.01957882987335 1.73792976676486 1.90459472499788 1.2491769164335 1.24411413003691 1.05319217662327 1.20510223391466 0 1.09437795518897 1.29773833975196 1.60854615457356 0.982797396369278
1.1753297096584 1.74901248072274 1.16789286932908 0.99128951667808 1.34446876682341 1.3194858985953 1.43155344785191 1.54469776060432 1.14701099065132 1.61911824392155 1.17882923246361 1.08485694788396 1.71737829246558 1.54527389304712 1.80354311084375 1.55818042112514 1.42379861650988 1.84092468372546 1.3405556587968 1.37663161219098 1.41548195038922 1.85638072574511 1.62785733980127 1.62599702225998 1.08933387137949 1.09437795518897 0 1.2200111777056 1.54940565419383 0.95307108736597
1.16131862602197 1.56867421045899 1.68558813468553 1.33429017243907 1.44984129117802 1.59460368775763 1.50370054622181 1.91842673206702 1.60912117687985 1.6798970666714 1.56340665114112 1.53037015791051 0.970865634735674 1.23082983563654 1.27403342584148 1.48703032103367 1.76800759974867 1.66143617476337 1.68512720591389 1.79063712898642 1.58745225728489 1.13106206455268 1.56582181691192 1.09606981370598 1.05159626668319 1.29773833975196 1.2200111777056 0 0.980133213102818 0.991832208819687
1.80312706949189 1.67102442565374 1.53697864804417 1.21594600239769 1.13149776193313 1.69999662274495 1.91610743012279 1.01726809004322 1.40879466640763 1.73510368075222 1.58844124362804 1.12929170252755 1.12923940690234 1.5973926007282 0.953965260181576 1.29850950953551 1.91912942170165 1.91386654484086 1.45695685269311 1.89005290321074 1.72209341381676 1.93469959427603 1.28384817298502 1.25618749577552 1.2590236463584 1.60854615457356 1.54940565419383 0.980133213102818 0 1.03409166540951
1.76220142981037 1.88008320145309 1.16807976714335 1.56608438538387 1.09268288011663 1.0343531081453 1.5660506663844 1.43340067751706 1.45109348651022 1.82038656692021 1.67053503240459 1.10818460257724 1.64016253501177 1.0689924180042 1.35773857193999 1.56620088382624 1.89338949369267 1.13385597406887 1.14289609459229 1.66827800986357 1.28200907912105 1.44847881956957 1.76044813846238 1.01226629363373 1.80215857201256 0.982797396369278 0.95307108736597 0.991832208819687 1.03409166540951 0
