0 1.93098082556389 1.69629004690796 1.91515507432632 1.71633663401008 1.85508077451959 1.77572624664754 1.69414516445249 1.88512092223391 1.16330133122392 1.38785159960389 1.13421851512976 1.10687060141936 1.85283418768086 1.24839324131608 1.17359018581919 1.15081268595532 1.2433309701737 1.44863410200924 1.35595558118075 1.65196078363806 1.40069851581939 1.17474319273606 1.45891930605285 1.51326971687376 1.16388350515626 1.92880294076167 1.55415188055485 1.70854920172133 1.5003510590177
1.93098082556389 0 1.64397224667482 1.04725924576633 1.73274612776004 1.25098422542214 1.48581724916585 1.49472335679457 1.28381670126691 1.22186449589208 1.84067242988385 1.86425289046019 1.64634224167094 1.53085129172541 1.86432349914685 1.60748901078478 1.74532093596645 1.20771162887104 1.33602852933109 1.49396713636816 1.0398678292986 1.38370893965475 1.49411714752205 0.99459183239378 1.30200802115723 1.88623078307137 1.80729040899314 1.91117586498149 1.61988419713452 1.25055558537133
1.69629004690796 1.64397224667482 0 1.68422395642847 1.27532712044194 1.71719664614648 1.7536991997622 1.79496572120115 0.966365603497252 1.22835778561421 1.49978772201575 1.44706942024641 1.41199209960178 1.60592453554273 1.82186511275358 1.37481695762835 1.69638905674219 1.83323505218141 1.21474079159088 0.971212707459927 1.23639416182414 1.30641162069514 1.10927420039661 1.51140552107245 1.16965316887945 1.58465129020624 1.89692702423781 1.21512697124854 1.64744046959095 1.84454364166595
1.91515507432632 1.04725924576633 1.68422395642847 0 1.36002990393899 1.81130676926114 1.52835844224319 1.25688200676814 1.07368202437647 1.89974694815464 1.45682633365504 1.60481115896255 1.93401366844773 1.9057645490393 1.62034413265064 1.61097486782819 1.93506720731966 0.97460530907847 1.55877647432499 1.67356571252458 1.55831950972788 1.34979971777648 1.58745121071115 1.67554192221723 1.8118051791098 1.87549897213466 1.34555428707972 1.62458084989339 1.26110314833932 1.41234076605178
1.71633663401008 1.73274612776004 1.27532712044194 1.36002990393899 0 1.34526658593677 1.71287899673916 1.22110061417334 1.50890880124643 1.22755510662682 1.42751455004327 0.948168011149392 1.02545329811983 1.06866507441737 1.62730919569731 0.999491019640118 1.37200227635913 1.25732651818544 1.09313523070887 1.22486422024667 1.45492740976624 1.80262123979628 1.62235818780027 1.44327310705557 1.51911167684011 1.56047126534395 1.81444021756761 1.81653767894022 1.48301256401464 1.45323142176494
1.85508077451959 1.25098422542214 1.71719664614648 1.81130676926114 1.34526658593677 0 1.00704075698741 1.26148445997387 1.34288907237351 1.3416038735304 1.47344972984865 1.51475901599042 1.00101353786886 1.66221483564004 1.62476190971211 1.08459856710397 1.88773186458275 1.71734223468229 1.03587134485133 1.158768188674 1.59500753507018 1.77221152116545 1.917836768087 1.10030216234736 1.4196081131231 1.92627241159789 1.65291030798107 1.42788392794318 0.946924804709852 1.76325958454981
1.77572624664754 1.48581724916585 1.7536991997622 1.52835844224319 1.71287899673916 1.00704075698741 0 1.3959216082003 0.968222482362762 1.66884761815891 1.10882665938698 1.28714431077242 1.80374147067778 1.58018717821687 1.88898653257638 1.21261605620384 1.22473236871883 1.47143454686739 1.83331609400921 1.44822906446643 1.13143378146924 0.942724524997175 1.39739948464558 1.85771916573867 1.60026704031043 1.58857193705626 1.33258982305415 1.86981965228915 1.66401704074815 0.953058034414425
1.69414516445249 1.49472335679457 1.79496572120115 1.25688200676814 1.22110061417334 1.26148445997387 1.3959216082003 0 1.05556430341676 1.5148099490907 1.46084249555133 1.12249675742351 0.965170345036313 1.17951241740957 1.83139151684009 1.57159905112348 1.16810946259648 1.60381560539827 1.56471024616621 1.61727185919881 1.56804911186919 1.15491116675548 1.81946609867737 1.26122782821767 1.9148570697289 1.8860285829287 1.23848500917666 1.55779240792617 1.35732589708641 1.38402274274267
1.88512092223391 1.28381670126691 0.966365603497252 1.07368202437647 1.50890880124643 1.34288907237351 0.968222482362762 1.05556430341676 0 1.17238416080363 1.7671311320737 1.24749825987965 1.0296464599669 1.81711250171065 1.31627584644593 1.60029705078341 1.47065060725436 1.45105704152957 1.29033973370679 1.77949991635978 1.28414042899385 1.38387857121415 1.35604823078029 0.947174346307293 1.21568253263831 1.11136810434982 1.51069257874042 0.991168828681111 1.63869732618332 1.40734615805559
1.16330133122392 1.22186449589208 1.22835778561421 1.89974694815464 1.22755510662682 1.3416038735304 1.66884761815891 1.5148099490907 1.17238416080363 0 1.69010545802303 1.22638700460084 1.58221471193247 1.28535515838303 1.51927037606947 1.77339599933475 1.34766840585507 1.29948749905452 1.41906098462641 1.33338369731791 1.0638009191025 1.13547597476281 1.54495298024267 1.18564640241675 1.01553082489409 1.54033388290554 1.87182887666859 1.22682369523682 1.24474999331869 1.03121226932853
1.38785159960389 1.84067242988385 1.49978772201575 1.45682633365504 1.42751455004327 1.47344972984865 1.10882665938698 1.46084249555133 1.7671311320737 1.69010545802303 0 1.16657629888505 1.9044963833876 1.53985974215902 1.49669077573344 1.69968703342602 1.58271732460707 1.22631304385141 1.87284810468554 0.957589073339477 1.21256442181766 1.2656487734057 1.43436082964763 1.91559813031927 1.25455765682273 1.11311202123761 1.77429411769845 1.13778797863051 1.0564568345435 1.27062564855441
1.13421851512976 1.86425289046019 1.44706942024641 1.60481115896255 0.948168011149392 1.51475901599042 1.28714431077242 1.12249675742351 1.24749825987965 1.22638700460084 1.16657629888505 0 1.49149703443982 1.3051797284279 1.76190151670016 1.11963626486249 1.39337179693393 1.86624234751798 1.58778261113912 1.13372223661281 1.08943680627272 1.80751276249066 1.59166723606177 0.983966791070998 1.26818961743265 1.15986409969628 1.20449067209847 1.37435049307533 1.8279241793789 1.84008775977418
1.10687060141936 1.64634224167094 1.41199209960178 1.93401366844773 1.02545329811983 1.00101353786886 1.80374147067778 0.965170345036313 1.0296464599669 1.58221471193247 1.9044963833876 1.49149703443982 0 1.29681557533331 1.3243290875107 1.12862146412954 1.34017559071071 1.28912247135304 1.08705463563092 1.34212881396525 1.51411167136393 1.02447369974107 1.12305949348956 1.03807866573334 1.66784907388501 1.63615208887495 1.89812282565981 1.24344151234254 1.79091416834854 1.36171724763699
1.85283418768086 1.53085129172541 1.60592453554273 1.9057645490393 1.06866507441737 1.66221483564004 1.58018717821687 1.17951241740957 1.81711250171065 1.28535515838303 1.53985974215902 1.3051797284279 1.29681557533331 0 1.49997334741056 1.91932309512049 1.78474771324545 1.09512614668347 1.06099518970586 1.40098022203892 1.36809811438434 1.21034965990111 1.68885367247276 1.878495688783 1.75955391931348 1.39994313148782 1.52853729086928 1.0430880447384 1.09120700880885 1.38922867481597
1.24839324131608 1.86432349914685 1.82186511275358 1.62034413265064 1.62730919569731 1.62476190971211 1.88898653257638 1.83139151684009 1.31627584644593 1.51927037606947 1.49669077573344 1.76190151670016 1.3243290875107 1.49997334741056 0 1.44348671333864 1.64024261990562 1.60761842643842 1.67322971136309 0.968579926295206 1.28126076422632 0.998904181877151 1.8340730748605 1.2229727646336 0.96031352179125 1.40137899876572 1.1383442664519 1.05577358463779 1.49794184882194 1.6638593620155
1.17359018581919 1.60748901078478 1.37481695762835 1.61097486782819 0.999491019640118 1.08459856710397 1.21261605620384 1.57159905112348 1.60029705078341 1.77339599933475 1.69968703342602 1.11963626486249 1.12862146412954 1.91932309512049 1.44348671333864 0 1.57767581869848 1.0180924560409 1.01295299711637 1.72191250347532 1.08754295576364 1.37245252379216 1.60765804699622 0.982910782797262 1.59337404277176 0.972096518846229 1.03866836195812 1.92590932874009 1.67209344939329 1.85436305706389
1.15081268595532 1.74532093596645 1.69638905674219 1.93506720731966 1.37200227635913 1.88773186458275 1.22473236871883 1.16810946259648 1.47065060725436 1.34766840585507 1.58271732460707 1.39337179693393 1.34017559071071 1.78474771324545 1.64024261990562 1.57767581869848 0 1.5902412191499 1.3282297460828 1.75645746430382 1.12069647130556 1.20073815877549 1.83023083396256 1.66871030093171 1.62855199654587 1.92989556444809 1.89874284015968 1.81704532750882 1.82866445928812 1.29053375148214
1.2433309701737 1.20771162887104 1.83323505218141 0.97460530907847 1.25732651818544 1.71734223468229 1.47143454686739 1.60381560539827 1.45105704152957 1.29948749905452 1.22631304385141 1.86624234751798 1.28912247135304 1.09512614668347 1.60761842643842 1.0180924560409 1.5902412191499 0 1.08346102153882 1.25809245766141 1.51243460830301 0.97197630465962 1.36417306610383 1.34289829013869 1.32853260892443 1.10354614653625 1.90625735232607 1.07091622706503 1.19843788654543 1.24815704207867
1.44863410200924 1.33602852933109 1.21474079159088 1.55877647432499 1.09313523070887 1.03587134485133 1.83331609400921 1.56471024616621 1.29033973370679 1.41906098462641 1.87284810468554 1.58778261113912 1.08705463563092 1.06099518970586 1.67322971136309 1.01295299711637 1.3282297460828 1.08346102153882 0 1.17537357052788 0.993247866397724 1.18170627811924 1.30435008741915 1.26495429011993 1.61722866119817 1.52634928515181 1.34050409472547 1.53698024037294 1.71883501228876 1.87387360725552
1.35595558118075 1.49396713636816 0.971212707459927 1.67356571252458 1.22486422024667 1.158768188674 1.44822906446643 1.61727185919881 1.77949991635978 1.33338369731791 0.957589073339477 1.13372223661281 1.34212881396525 1.40098022203892 0.968579926295206 1.72191250347532 1.75645746430382 1.25809245766141 1.17537357052788 0 1.40352222276852 1.85349497501738 1.30586122605018 1.42366746370681 1.29442795249633 1.876579512842 1.22137532057241 1.58385440614074 1.51336891297251 1.82642964879051
1.65196078363806 1.0398678292986 1.23639416182414 1.55831950972788 1.45492740976624 1.59500753507018 1.13143378146924 1.56804911186919 1.28414042899385 1.0638009191025 1.21256442181766 1.08943680627272 1.51411167136393 1.36809811438434 1.28126076422632 1.08754295576364 1.12069647130556 1.51243460830301 0.993247866397724 1.40352222276852 0 1.55484056170098 1.24937979411334 1.8861988671124 1.65375942131504 1.36644712253474 1.41261277720332 1.53955160896294 1.60450040479191 1.72330160974525
1.40069851581939 1.38370893965475 1.30641162069514 1.34979971777648 1.80262123979628 1.77221152116545 0.942724524997175 1.15491116675548 1.38387857121415 1.13547597476281 1.2656487734057 1.80751276249066 1.02447369974107 1.21034965990111 0.998904181877151 1.37245252379216 1.20073815877549 0.97197630465962 1.18170627811924 1.85349497501738 1.55484056170098 0 1.69894777354784 1.92244702996686 1.63879119139165 1.94002484483644 1.1790327867493 1.12547786580399 1.41537288203835 1.35076246969402
1.17474319273606 1.49411714752205 1.10927420039661 1.58745121071115 1.62235818780027 1.917836768087 1.39739948464558 1.81946609867737 1.35604823078029 1.54495298024267 1.43436082964763 1.59166723606177 1.12305949348956 1.68885367247276 1.8340730748605 1.60765804699622 1.83023083396256 1.36417306610383 1.30435008741915 1.30586122605018 1.24937979411334 1.69894777354784 0 1.53159904852509 1.27468182588927 1.67698830226436 1.91664726263843 1.32121341233142 1.8956304162275 1.85964067326859
1.45891930605285 0.99459183239378 1.51140552107245 1.67554192221723 1.44327310705557 1.10030216234736 1.85771916573867 1.26122782821767 0.947174346307293 1.18564640241675 1.91559813031927 0.983966791070998 1.03807866573334 1.878495688783 1.2229727646336 0.982910782797262 1.66871030093171 1.34289829013869 1.26495429011993 1.42366746370681 1.8861988671124 1.92244702996686 1.53159904852509 0 1.42658099508844 1.68526494409889 1.24122379347682 1.63344978331588 1.2681347951293 1.6923416077625
1.51326971687376 1.30200802115723 1.16965316887945 1.8118051791098 1.51911167684011 1.4196081131231 1.60026704031043 1.9148570697289 1.21568253263831 1.01553082489409 1.25455765682273 1.26818961743265 1.66784907388501 1.75955391931348 0.96031352179125 1.59337404277176 1.62855199654587 1.32853260892443 1.61722866119817 1.29442795249633 1.65375942131504 1.63879119139165 1.27468182588927 1.42658099508844 0 1.75448712450452 1.54845251468942 1.82741670659743 1.40818517492153 0.990410956786945
1.16388350515626 1.88623078307137 1.58465129020624 1.87549897213466 1.56047126534395 1.92627241159789 1.58857193705626 1.8860285829287 1.11136810434982 1.54033388290554 1.11311202123761 1.15986409969628 1.63615208887495 1.39994313148782 1.40137899876572 0.972096518846229 1.92989556444809 1.10354614653625 1.52634928515181 1.876579512842 1.36644712253474 1.94002484483644 1.67698830226436 1.68526494409889 1.75448712450452 0 1.2938249791041 0.953812809893861 1.75429399986751 1.02661485085264
1.92880294076167 1.80729040899314 1.89692702423781 1.34555428707972 1.81444021756761 1.65291030798107 1.33258982305415 1.23848500917666 1.51069257874042 1.87182887666859 1.77429411769845 1.20449067209847 1.89812282565981 1.52853729086928 1.1383442664519 1.03866836195812 1.89874284015968 1.90625735232607 1.34050409472547 1.22137532057241 1.41261277720332 1.1790327867493 1.91664726263843 1.24122379347682 1.54845251468942 1.2938249791041 0 1.93193778558634 1.28108572005294 1.36705439956859
1.55415188055485 1.91117586498149 1.21512697124854 1.62458084989339 1.81653767894022 1.42788392794318 1.86981965228915 1.55779240792617 0.991168828681111 1.22682369523682 1.13778797863051 1.37435049307533 1.24344151234254 1.0430880447384 1.05577358463779 1.92590932874009 1.81704532750882 1.07091622706503 1.53698024037294 1.58385440614074 1.53955160896294 1.12547786580399 1.32121341233142 1.63344978331588 1.82741670659743 0.953812809893861 1.93193778558634 0 1.7317584878765 1.04791111103259
1.70854920172133 1.61988419713452 1.64744046959095 1.26110314833932 1.48301256401464 0.946924804709852 1.66401704074815 1.35732589708641 1.63869732618332 1.24474999331869 1.0564568345435 1.8279241793789 1.79091416834854 1.09120700880885 1.49794184882194 1.67209344939329 1.82866445928812 1.19843788654543 1.71883501228876 1.51336891297251 1.60450040479191 1.41537288203835 1.8956304162275 1.2681347951293 1.40818517492153 1.75429399986751 1.28108572005294 1.7317584878765 0 1.57168262708001
1.5003510590177 1.25055558537133 1.84454364166595 1.41234076605178 1.45323142176494 1.76325958454981 0.953058034414425 1.38402274274267 1.40734615805559 1.03121226932853 1.27062564855441 1.84008775977418 1.36171724763699 1.38922867481597 1.6638593620155 1.85436305706389 1.29053375148214 1.24815704207867 1.87387360725552 1.82642964879051 1.72330160974525 1.35076246969402 1.85964067326859 1.6923416077625 0.990410956786945 1.02661485085264 1.36705439956859 1.04791111103259 1.57168262708001 0
