0 1.83371714316308 1.79108792054467 1.8405566115398 1.71028608293273 1.49482708820142 1.18849253095686 1.36790898046456 1.61328906146809 1.7069213015493 1.54751091054641 1.10769838490523 1.85100411484018 1.42284888983704 1.03017554595135 1.67993440222926 0.956474132137373 1.59263449162245 1.0328614867758 1.36266329418868 1.76504532760009 1.11585081880912 1.09556727367453 1.27808606135659 1.73003927175887 1.01477151922882 1.3008184817154 1.25209597614594 1.87003032909706 1.56803135224618
1.83371714316308 0 1.38901366316713 1.41647557285614 1.00394360534847 1.57902696891688 1.72364903171547 1.82597359851934 1.58858952485025 1.34377689519897 1.64728646492586 1.68079103436321 1.58366246451624 1.3265011315234 1.88466056040488 1.13400649977848 1.14078564825468 1.79698439710774 1.87029625382274 1.75258794194087 0.995507099898532 1.42082802997902 1.89918481558561 1.04871580912732 1.0313379894942 1.64118162333034 1.45350213930942 1.26801200956106 1.62658931175247 1.02546258713119
1.79108792054467 1.38901366316713 0 1.78034300566651 1.14192346739583 1.35567388427444 1.35945872636512 1.37258711783215 1.55846251035109 1.30124684330076 1.18877165694721 0.999687155010179 1.47667912975885 0.956475319107994 0.939135731663555 1.50834492314607 1.00734857702628 1.10410187300295 1.44173179799691 1.67318039620295 0.94358279183507 1.48020883020945 1.69895408977754 1.90328383538872 1.05761921452358 1.27658365154639 1.78259379183874 1.22696327115409 1.75325283757411 1.25697715743445
1.8405566115398 1.41647557285614 1.78034300566651 0 1.30875707487576 0.968433919595554 1.7270148540847 1.64027712028474 1.61219313251786 1.83953039068729 1.13021790492348 1.70211570826359 1.40377648035064 1.70090859686024 1.87194992345758 1.19220052938908 1.31593803176656 1.03568028402515 1.90514671080746 1.55663059535436 1.25757677550428 1.70857537724078 1.91298306267709 1.90241362899542 1.47290357062593 1.62594118365087 1.86419606790878 1.41452100826427 0.945505453273654 1.41935441410169
1.71028608293273 1.00394360534847 1.14192346739583 1.30875707487576 0 1.54928495641798 1.69869628082961 1.62149718566798 1.47197240171954 1.25086647947319 1.46501112333499 1.28719883854501 1.52233227854595 1.27966157626361 1.92926754849032 1.82163012726232 1.44105017906986 1.44272572593763 1.00301400199533 1.70692319446243 1.78690142068081 1.65454324451275 1.45873287529685 1.88426069961861 0.953470215201378 1.07865210110322 1.45070901676081 1.18699063058011 1.142888848437 1.04854939109646
1.49482708820142 1.57902696891688 1.35567388427444 0.968433919595554 1.54928495641798 0 1.72399096237496 1.21372743672691 1.90717992256396 1.5628405038733 1.57594462228008 1.5446284210775 1.62466707918793 1.8400892408099 1.47810149262659 1.44899575575255 1.50761429406703 1.09132585325278 1.05308214342222 1.8208652548492 1.83298604306765 1.42128558224067 1.12624440365471 1.76317353802733 1.63166488031857 1.31987747224048 1.87723021768034 1.58605293207802 1.51200428581797 1.92334256391041
1.18849253095686 1.72364903171547 1.35945872636512 1.7270148540847 1.69869628082961 1.72399096237496 0 1.55810984037817 1.16972227813676 0.948127966374159 1.13106755912304 1.61972170043737 1.76907149446197 1.08983982983045 1.80830871989019 1.66455234237947 1.43774428870529 1.29733039718121 1.17657683114521 0.945573869394138 1.83675906248391 1.54566488787532 1.6961238195654 1.51997442753054 1.33690291410312 1.42037926311605 1.60159690794535 0.966824732720852 1.65287271188572 1.85231393692084
1.36790898046456 1.82597359851934 1.37258711783215 1.64027712028474 1.62149718566798 1.21372743672691 1.55810984037817 0 1.25786359235644 1.75436468445696 1.47161944769323 1.26066856365651 0.951776235830039 1.15562321478501 1.61158588994294 1.76742105185986 1.31126724067144 1.40541518828832 1.26748737995513 1.56175934080966 1.507489166921 1.86049521691166 1.84580094832927 1.90104912128299 1.06497538229451 1.34286356996745 1.91868792194873 1.01894964044914 1.01421279972419 1.83648884133436
1.61328906146809 1.58858952485025 1.55846251035109 1.61219313251786 1.47197240171954 1.90717992256396 1.16972227813676 1.25786359235644 0 1.70935298409313 1.07402256317437 1.33522684429772 1.03531418344937 1.37690412299708 1.18375281104818 1.1623560024891 1.75413188850507 1.0211422899738 1.14335971721448 1.39129048050381 1.32405633130111 1.33557170745917 1.87220214586705 1.00517796515487 1.03827835083939 1.14101653103717 1.46534060384147 1.3441251872573 1.60236908355728 1.14197961543687
1.7069213015493 1.34377689519897 1.30124684330076 1.83953039068729 1.25086647947319 1.5628405038733 0.948127966374159 1.75436468445696 1.70935298409313 0 1.49256069329567 1.81657306454144 1.1487909690477 1.00314730429091 1.36414435459301 0.977649335982278 1.06218784628436 1.36055701249279 1.19200847041793 1.03553450363688 1.90935954265296 1.06841628649272 1.66867610253394 1.212054095231 1.04557823203504 1.48901264695451 1.27936729951762 1.83744530892 1.25187502708286 1.75409297225997
1.54751091054641 1.64728646492586 1.18877165694721 1.13021790492348 1.46501112333499 1.57594462228008 1.13106755912304 1.47161944769323 1.07402256317437 1.49256069329567 0 0.947702925419435 1.63757443777286 1.13996387738734 1.91219518985599 1.15707275876775 1.41430073138326 1.00004103779793 1.90393440145999 1.60428443085402 1.54423131677322 0.98333274689503 1.13852395885624 1.77678734529763 0.983779545174912 1.22029046993703 1.9040116823744 1.49555352469906 1.85535368090495 0.971120349597186
1.10769838490523 1.68079103436321 0.999687155010179 1.70211570826359 1.28719883854501 1.5446284210775 1.61972170043737 1.26066856365651 1.33522684429772 1.81657306454144 0.947702925419435 0 1.61781847011298 1.54827284999192 1.25349791487679 1.46510626538657 1.46185826533474 1.62474778061733 1.21072076330893 1.91800752142444 1.46856675879098 1.44993760134093 0.949757563183084 0.941714487271383 1.13130281097256 0.992822998436168 1.83371486398391 1.20623037638143 1.03903761226684 1.67912874859758
1.85100411484018 1.58366246451624 1.47667912975885 1.40377648035064 1.52233227854595 1.62466707918793 1.76907149446197 0.951776235830039 1.03531418344937 1.1487909690477 1.63757443777286 1.61781847011298 0 1.7637883471325 1.70804505026899 1.77618929208256 1.01682130270638 1.82220059260726 1.9132144888863 1.50206891726702 1.28824372799136 1.29370847833343 1.60926443641074 1.83587662386708 1.8821527233813 1.04909698013216 1.16453745099716 1.13005578494631 1.8084405537229 1.13708833511919
1.42284888983704 1.3265011315234 0.956475319107994 1.70090859686024 1.27966157626361 1.8400892408099 1.08983982983045 1.15562321478501 1.37690412299708 1.00314730429091 1.13996387738734 1.54827284999192 1.7637883471325 0 1.64917869097553 1.43133086501621 1.01294667436741 1.18620156683028 1.77968803374097 1.26121941208839 1.07313790987246 1.81083965627477 1.86590623413213 1.66647027665749 0.990366818848997 1.58616264141165 1.7057145384606 1.404952427838 1.03586342209019 1.74798447801732
1.03017554595135 1.88466056040488 0.939135731663555 1.87194992345758 1.92926754849032 1.47810149262659 1.80830871989019 1.61158588994294 1.18375281104818 1.36414435459301 1.91219518985599 1.25349791487679 1.70804505026899 1.64917869097553 0 1.33761323685758 1.06253916025162 1.11177018401213 1.50842848909087 1.62448327033781 1.1309342160821 1.03067257581279 1.85164978262037 1.62040458107367 1.91944545647129 1.77797164511867 1.55357379070483 1.3207237594761 1.08882839139551 1.18841982027516
1.67993440222926 1.13400649977848 1.50834492314607 1.19220052938908 1.82163012726232 1.44899575575255 1.66455234237947 1.76742105185986 1.1623560024891 0.977649335982278 1.15707275876775 1.46510626538657 1.77618929208256 1.43133086501621 1.33761323685758 0 1.21669843816198 1.82853918918408 1.57361192139797 1.13920969935134 1.83635826339014 1.90055321296677 1.70967460446991 1.45088063692674 0.998358325101435 1.581318997778 1.60805606795475 1.39875914808363 1.20303768548183 1.50464599416591
0.956474132137373 1.14078564825468 1.00734857702628 1.31593803176656 1.44105017906986 1.50761429406703 1.43774428870529 1.31126724067144 1.75413188850507 1.06218784628436 1.41430073138326 1.46185826533474 1.01682130270638 1.01294667436741 1.06253916025162 1.21669843816198 0 1.36731236591004 1.68171598785557 1.24325841665268 1.15723959472962 1.55368325277232 1.54228494223207 1.1699390693102 1.39740554010496 1.89017933048308 1.01582218473777 1.50204584142193 1.06118217087351 1.17815956310369
1.59263449162245 1.79698439710774 1.10410187300295 1.03568028402515 1.44272572593763 1.09132585325278 1.29733039718121 1.40541518828832 1.0211422899738 1.36055701249279 1.00004103779793 1.62474778061733 1.82220059260726 1.18620156683028 1.11177018401213 1.82853918918408 1.36731236591004 0 1.31576945539564 1.69400942302309 1.83296191156842 1.21854495396838 1.43461952824146 1.12280124612153 1.29602444591001 1.2125167157501 1.8968740766868 1.65091443574056 1.75138886831701 1.37237786897458
1.0328614867758 1.87029625382274 1.44173179799691 1.90514671080746 1.00301400199533 1.05308214342222 1.17657683114521 1.26748737995513 1.14335971721448 1.19200847041793 1.90393440145999 1.21072076330893 1.9132144888863 1.77968803374097 1.50842848909087 1.57361192139797 1.68171598785557 1.31576945539564 0 1.79683233122341 1.31475688959472 1.28428332018666 1.43418470863253 1.71403597737662 1.55379414907657 1.1799722420983 1.69566527847201 1.16624248120934 1.18420564709231 1.277830573963
1.36266329418868 1.75258794194087 1.67318039620295 1.55663059535436 1.70692319446243 1.8208652548492 0.945573869394138 1.56175934080966 1.39129048050381 1.03553450363688 1.60428443085402 1.91800752142444 1.50206891726702 1.26121941208839 1.62448327033781 1.13920969935134 1.24325841665268 1.69400942302309 1.79683233122341 0 1.05398932378739 1.90545907523483 1.68938415241428 1.0459095838014 1.8917213184759 1.1327568993438 1.35227685282007 1.2858286362607 1.37119965604506 1.1859355410561
1.76504532760009 0.995507099898532 0.94358279183507 1.25757677550428 1.78690142068081 1.83298604306765 1.83675906248391 1.507489166921 1.32405633130111 1.90935954265296 1.54423131677322 1.46856675879098 1.28824372799136 1.07313790987246 1.1309342160821 1.83635826339014 1.15723959472962 1.83296191156842 1.31475688959472 1.05398932378739 0 0.977955231908709 1.33246838417836 1.44658561982214 1.40253383573145 1.07341999630444 1.11084168613888 1.89349890849553 1.4338216513861 1.53161039180122
1.11585081880912 1.42082802997902 1.48020883020945 1.70857537724078 1.65454324451275 1.42128558224067 1.54566488787532 1.86049521691166 1.33557170745917 1.06841628649272 0.98333274689503 1.44993760134093 1.29370847833343 1.81083965627477 1.03067257581279 1.90055321296677 1.55368325277232 1.21854495396838 1.28428332018666 1.90545907523483 0.977955231908709 0 1.3901530248113 1.91660989890806 0.950915807392448 1.30482884636149 0.974590019322932 1.03167260112241 1.81355748069473 1.42475130711682
1.09556727367453 1.89918481558561 1.69895408977754 1.91298306267709 1.45873287529685 1.12624440365471 1.6961238195654 1.84580094832927 1.87220214586705 1.66867610253394 1.13852395885624 0.949757563183084 1.60926443641074 1.86590623413213 1.85164978262037 1.70967460446991 1.54228494223207 1.43461952824146 1.43418470863253 1.68938415241428 1.33246838417836 1.3901530248113 0 1.46979445009492 1.24965638085268 1.23873847629875 1.04467097995803 1.54290614277124 1.51539201964624 1.5649899460841
1.27808606135659 1.04871580912732 1.90328383538872 1.90241362899542 1.88426069961861 1.76317353802733 1.51997442753054 1.90104912128299 1.00517796515487 1.212054095231 1.77678734529763 0.941714487271383 1.83587662386708 1.66647027665749 1.62040458107367 1.45088063692674 1.1699390693102 1.12280124612153 1.71403597737662 1.0459095838014 1.44658561982214 1.91660989890806 1.46979445009492 0 1.13980041095056 1.00259891478345 0.960378585150465 1.14122993405908 0.956908175721765 1.1204994879663
1.73003927175887 1.0313379894942 1.05761921452358 1.47290357062593 0.953470215201378 1.63166488031857 1.33690291410312 1.06497538229451 1.03827835083939 1.04557823203504 0.983779545174912 1.13130281097256 1.8821527233813 0.990366818848997 1.91944545647129 0.998358325101435 1.39740554010496 1.29602444591001 1.55379414907657 1.8917213184759 1.40253383573145 0.950915807392448 1.24965638085268 1.13980041095056 0 1.67234188178554 1.15527867805213 1.09586773789488 1.72448729421012 1.12748284288682
1.01477151922882 1.64118162333034 1.27658365154639 1.62594118365087 1.07865210110322 1.31987747224048 1.42037926311605 1.34286356996745 1.14101653103717 1.48901264695451 1.22029046993703 0.992822998436168 1.04909698013216 1.58616264141165 1.77797164511867 1.581318997778 1.89017933048308 1.2125167157501 1.1799722420983 1.1327568993438 1.07341999630444 1.30482884636149 1.23873847629875 1.00259891478345 1.67234188178554 0 1.1199744946789 1.900072154589 1.35148798022419 1.77756341639906
1.3008184817154 1.45350213930942 1.78259379183874 1.86419606790878 1.45070901676081 1.87723021768034 1.60159690794535 1.91868792194873 1.46534060384147 1.27936729951762 1.9040116823744 1.83371486398391 1.16453745099716 1.7057145384606 1.55357379070483 1.60805606795475 1.01582218473777 1.8968740766868 1.69566527847201 1.35227685282007 1.11084168613888 0.974590019322932 1.04467097995803 0.960378585150465 1.15527867805213 1.1199744946789 0 1.43038835772313 1.0317097066436 1.87940000020899
1.25209597614594 1.26801200956106 1.22696327115409 1.41452100826427 1.18699063058011 1.58605293207802 0.966824732720852 1.01894964044914 1.3441251872573 1.83744530892 1.49555352469906 1.20623037638143 1.13005578494631 1.404952427838 1.3207237594761 1.39875914808363 1.50204584142193 1.65091443574056 1.16624248120934 1.2858286362607 1.89349890849553 1.03167260112241 1.54290614277124 1.14122993405908 1.09586773789488 1.900072154589 1.43038835772313 0 1.77647038316354 1.6945782485418
1.87003032909706 1.62658931175247 1.75325283757411 0.945505453273654 1.142888848437 1.51200428581797 1.65287271188572 1.01421279972419 1.60236908355728 1.25187502708286 1.85535368090495 1.03903761226684 1.8084405537229 1.03586342209019 1.08882839139551 1.20303768548183 1.06118217087351 1.75138886831701 1.18420564709231 1.37119965604506 1.4338216513861 1.81355748069473 1.51539201964624 0.956908175721765 1.72448729421012 1.35148798022419 1.0317097066436 1.77647038316354 0 1.80155622283928
1.56803135224618 1.02546258713119 1.25697715743445 1.41935441410169 1.04854939109646 1.92334256391041 1.85231393692084 1.83648884133436 1.14197961543687 1.75409297225997 0.971120349597186 1.67912874859758 1.13708833511919 1.74798447801732 1.18841982027516 1.50464599416591 1.17815956310369 1.37237786897458 1.277830573963 1.1859355410561 1.53161039180122 1.42475130711682 1.5649899460841 1.1204994879663 1.12748284288682 1.77756341639906 1.87940000020899 1.6945782485418 1.80155622283928 0
