0 1.64919022005051 1.38457365613431 1.47901447140612 1.4611223184038 1.58293469273485 1.46281669987366 1.4496981727425 1.21813737088814 1.77129697310738 1.86657167645171 1.30597112281248 1.37689977162518 1.47486806870438 0.994245658861473 1.71327536739409 0.977080084616318 1.29216541699134 1.42517047375441 1.18163727037609 1.33983065141365 1.61119916033931 1.35427628504112 0.995019542751834 1.48487847857177 0.961669818498194 1.3279801318422 1.42817757721059 1.10360457235947 1.36110902717337
1.64919022005051 0 1.04334367602132 1.71904496708885 1.77237319247797 1.09595584589988 1.12391992309131 1.14740094263107 1.58939203317277 1.31839777342975 1.814386542188 1.37529142503627 1.18828677968122 1.66226600063965 1.8573460043408 1.19764158176258 1.16542482958175 1.74275515391491 1.72154151042923 1.71759066451341 1.87134563620202 1.40613666456193 1.46135993557982 1.09092434006743 1.50534670474008 1.36268224520609 1.11418774863705 1.74551064055413 1.68600094644353 1.73236345662735
1.38457365613431 1.04334367602132 0 1.50205886969343 1.00851917639375 1.55233103083447 1.35113088903017 1.74205232504755 1.86215845332481 1.44760899082758 1.12089436664246 1.49382643145509 1.72653514659032 1.51463351096027 1.03160321386531 1.6376825934276 1.28055899403989 1.81139679159969 1.11552622099407 1.89120395155624 1.07951425993815 1.34440602036193 1.11299446597695 0.985021371860057 1.02209453913383 1.64369403454475 1.44241198571399 1.34661991731264 1.73277307720855 1.04414772428572
1.47901447140612 1.71904496708885 1.50205886969343 0 1.04640824673697 1.58531221444719 1.65796264330857 1.43842374626547 1.6921661531087 1.82008683565073 0.974036472151056 1.66268657101318 1.52517499169335 1.39023685129359 1.62805763049982 1.38765702745877 1.59107459522784 1.65745114604943 1.81068167719059 1.54877767222933 1.34340553730726 1.17942231916822 1.73788258456625 1.02460584486835 1.590037711896 1.78721978631802 1.35971705429256 1.82971169124357 1.44928163615987 1.53789812978357
1.4611223184038 1.77237319247797 1.00851917639375 1.04640824673697 0 1.35138309979811 1.78863045666367 1.66528379032388 1.37525076093152 1.35815575905144 1.26023722882383 1.3506537231151 1.82699795300141 1.36539841722697 1.60181428259239 0.99088367423974 1.5715851248242 1.54854579479434 1.25346048851497 1.89344695326872 1.34516060049646 1.14613919495605 1.44680896564387 1.19847016967833 1.05191955459304 1.04337624902837 1.13529460737482 1.00137498299591 1.33881315938197 1.71385419997387
1.58293469273485 1.09595584589988 1.55233103083447 1.58531221444719 1.35138309979811 0 0.928764316486195 1.79073240258731 0.976721845101565 1.4656633073464 1.00746801588684 1.76388862519525 1.27816970902495 0.954598123207688 1.5606798005756 1.31672099255957 1.47041949094273 1.55559568409808 1.62628252594732 1.61394378915429 1.36473568854854 1.44254305493087 1.53534274408594 0.952231070026755 1.87452354119159 1.17516174470074 0.930671555688605 1.17789662256837 0.902166869957 1.76685014017858
1.46281669987366 1.12391992309131 1.35113088903017 1.65796264330857 1.78863045666367 0.928764316486195 0 0.930401044897735 0.966930662048981 1.88846628763713 1.7313312238548 1.27401820966043 1.72402932285331 1.32720085885376 1.83515103184618 1.18079244764522 1.7486856020987 1.7873517666012 1.40546742128208 1.64624344673939 1.70857700449415 1.65346039854921 1.13273000228219 0.958604759303853 1.48536206991412 0.928981936536729 1.34868179284967 1.08135914173909 1.07913064118475 1.57621952728368
1.4496981727425 1.14740094263107 1.74205232504755 1.43842374626547 1.66528379032388 1.79073240258731 0.930401044897735 0 1.04239456332289 1.62334742047824 0.975722728064284 1.4080215881113 1.52146685565822 1.47589672869071 1.37171011720784 1.64786597457714 1.23913258453831 1.61451542167924 1.48771253461018 1.072196387453 1.20590106956661 1.4870481044054 1.83495686133392 1.68662066478282 1.75554138119332 0.937173519050702 1.54867992689833 0.946572727989405 1.59560319152661 1.07109861308709
1.21813737088814 1.58939203317277 1.86215845332481 1.6921661531087 1.37525076093152 0.976721845101565 0.966930662048981 1.04239456332289 0 1.84921319806017 1.5054781245999 1.11720550735481 1.5045521967113 1.17746321344748 1.44300496950746 1.66771499835886 1.41972345602699 1.08392698457465 0.964213875355199 1.19224958796985 1.07875158358365 1.60604787408374 0.954181699315086 1.78772223787382 1.69572552782483 1.29434761148877 1.33484263182618 1.34707206324674 1.26878560055047 1.74761586799286
1.77129697310738 1.31839777342975 1.44760899082758 1.82008683565073 1.35815575905144 1.4656633073464 1.88846628763713 1.62334742047824 1.84921319806017 0 1.43534386483952 1.66362315812148 1.70144375739619 1.43253751192242 1.42554745823145 0.951998106203973 1.69255180307664 0.929659591522068 0.936981819802895 1.25878260773607 1.45797628466971 1.3887953076046 1.7617998814676 1.59097967878915 0.93252931162715 1.25398641475476 0.964376748306677 1.55266818031669 1.09846873721108 1.67457223846577
1.86657167645171 1.814386542188 1.12089436664246 0.974036472151056 1.26023722882383 1.00746801588684 1.7313312238548 0.975722728064284 1.5054781245999 1.43534386483952 0 0.941461151698604 1.87626715726219 1.78053393028677 1.84836594201624 1.25874613900669 1.2060345436912 1.21370489383116 1.00212883390486 1.78415770642459 1.6167479895521 1.09245200501755 1.75307638617232 1.13395821209997 1.83639098447748 1.59537238092162 0.912216948112473 1.781458230922 1.68588468409143 1.01769657339901
1.30597112281248 1.37529142503627 1.49382643145509 1.66268657101318 1.3506537231151 1.76388862519525 1.27401820966043 1.4080215881113 1.11720550735481 1.66362315812148 0.941461151698604 0 1.01964002312161 1.2576818508096 0.978880946990103 1.10306188184768 1.31545652565546 1.30639302381314 1.87932785670273 1.10063748504035 1.39207850093953 1.11064183665439 1.20594922453165 1.23926412779838 0.900661390041932 1.61942784092389 1.81539510725997 1.50118604581803 1.52721343864687 1.32623063679785
1.37689977162518 1.18828677968122 1.72653514659032 1.52517499169335 1.82699795300141 1.27816970902495 1.72402932285331 1.52146685565822 1.5045521967113 1.70144375739619 1.87626715726219 1.01964002312161 0 1.59271815372631 1.35282692895271 1.41986314137466 1.65173600288108 1.11674440046772 1.05867633875459 1.86314842663705 1.31412841123529 1.45348336058669 1.75544512434863 1.52734457142651 1.70755154103972 1.22140830173157 0.968089827802032 1.58909871219657 1.78967782319523 1.04598918627016
1.47486806870438 1.66226600063965 1.51463351096027 1.39023685129359 1.36539841722697 0.954598123207688 1.32720085885376 1.47589672869071 1.17746321344748 1.43253751192242 1.78053393028677 1.2576818508096 1.59271815372631 0 1.14977758401074 1.22501174500212 1.26756644248962 0.914672517217696 1.07907772390172 1.01929439464584 1.65798919508234 0.95402822480537 1.3891951313708 1.48280091374181 1.88026124588214 1.34741501207463 1.60123069048859 1.25312171853147 1.1669285998214 1.52765245595947
0.994245658861473 1.8573460043408 1.03160321386531 1.62805763049982 1.60181428259239 1.5606798005756 1.83515103184618 1.37171011720784 1.44300496950746 1.42554745823145 1.84836594201624 0.978880946990103 1.35282692895271 1.14977758401074 0 1.73132558912039 1.3487928849645 1.67950883787125 1.33285367162898 1.70837651984766 1.55440701404586 1.3244748134166 1.51306138560176 1.1678575691767 1.16809285059571 1.073161321925 1.42415733472444 1.02013105596416 1.36775771901011 1.56050249934196
1.71327536739409 1.19764158176258 1.6376825934276 1.38765702745877 0.99088367423974 1.31672099255957 1.18079244764522 1.64786597457714 1.66771499835886 0.951998106203973 1.25874613900669 1.10306188184768 1.41986314137466 1.22501174500212 1.73132558912039 0 1.68348427000456 0.967551250709221 1.46446652151644 0.969845257466659 1.01834573177621 1.31254230299965 1.22646147850901 1.49785617273301 1.30740659171715 1.51325674518012 1.39052483206615 0.971957191126421 1.55098240496591 1.54414970148355
0.977080084616318 1.16542482958175 1.28055899403989 1.59107459522784 1.5715851248242 1.47041949094273 1.7486856020987 1.23913258453831 1.41972345602699 1.69255180307664 1.2060345436912 1.31545652565546 1.65173600288108 1.26756644248962 1.3487928849645 1.68348427000456 0 1.57403697981499 0.940150699112564 1.11750416946597 1.81089613912627 1.69007832393982 1.77561739669181 1.71829279139638 1.80811020825058 1.71095117530786 1.18703345023096 1.65706238849089 1.3376953357365 1.48808829649352
1.29216541699134 1.74275515391491 1.81139679159969 1.65745114604943 1.54854579479434 1.55559568409808 1.7873517666012 1.61451542167924 1.08392698457465 0.929659591522068 1.21370489383116 1.30639302381314 1.11674440046772 0.914672517217696 1.67950883787125 0.967551250709221 1.57403697981499 0 1.17608500621282 0.97230626293458 1.75615504966117 1.23260903405026 1.80371539434418 1.57538413535804 1.81676452304237 1.06978697283193 1.71479165507481 1.75004824670032 1.44354175264016 1.14658579858951
1.42517047375441 1.72154151042923 1.11552622099407 1.81068167719059 1.25346048851497 1.62628252594732 1.40546742128208 1.48771253461018 0.964213875355199 0.936981819802895 1.00212883390486 1.87932785670273 1.05867633875459 1.07907772390172 1.33285367162898 1.46446652151644 0.940150699112564 1.17608500621282 0 1.58890013117343 1.52015542564914 1.37013833550736 1.48806713405065 1.8756214696914 1.58683782955632 1.43252661707811 1.87622814113274 1.68690655846149 1.28118515363894 1.27462838543579
1.18163727037609 1.71759066451341 1.89120395155624 1.54877767222933 1.89344695326872 1.61394378915429 1.64624344673939 1.072196387453 1.19224958796985 1.25878260773607 1.78415770642459 1.10063748504035 1.86314842663705 1.01929439464584 1.70837651984766 0.969845257466659 1.11750416946597 0.97230626293458 1.58890013117343 0 1.13389731943607 1.64012926933356 0.919709029607475 1.16245053359307 1.07143739750609 1.4838175305631 1.06930572795682 1.58233884931542 1.01144333742559 1.05788287613541
1.33983065141365 1.87134563620202 1.07951425993815 1.34340553730726 1.34516060049646 1.36473568854854 1.70857700449415 1.20590106956661 1.07875158358365 1.45797628466971 1.6167479895521 1.39207850093953 1.31412841123529 1.65798919508234 1.55440701404586 1.01834573177621 1.81089613912627 1.75615504966117 1.52015542564914 1.13389731943607 0 1.79126981343143 1.46721258969046 1.27828452480026 1.38388371793553 1.28617348382249 1.64191287010908 1.8595688440837 1.84890168881975 1.53243875037879
1.61119916033931 1.40613666456193 1.34440602036193 1.17942231916822 1.14613919495605 1.44254305493087 1.65346039854921 1.4870481044054 1.60604787408374 1.3887953076046 1.09245200501755 1.11064183665439 1.45348336058669 0.95402822480537 1.3244748134166 1.31254230299965 1.69007832393982 1.23260903405026 1.37013833550736 1.64012926933356 1.79126981343143 0 1.46479965397157 1.52612884622067 1.18892946536653 1.76240165345371 1.71772266551852 0.910620366455987 1.26443221978843 0.981887314002961
1.35427628504112 1.46135993557982 1.11299446597695 1.73788258456625 1.44680896564387 1.53534274408594 1.13273000228219 1.83495686133392 0.954181699315086 1.7617998814676 1.75307638617232 1.20594922453165 1.75544512434863 1.3891951313708 1.51306138560176 1.22646147850901 1.77561739669181 1.80371539434418 1.48806713405065 0.919709029607475 1.46721258969046 1.46479965397157 0 0.930676195304841 1.60738256550394 0.899572823895141 1.70061042578891 0.954003126593307 1.07898346730508 1.63958543655463
0.995019542751834 1.09092434006743 0.985021371860057 1.02460584486835 1.19847016967833 0.952231070026755 0.958604759303853 1.68662066478282 1.78772223787382 1.59097967878915 1.13395821209997 1.23926412779838 1.52734457142651 1.48280091374181 1.1678575691767 1.49785617273301 1.71829279139638 1.57538413535804 1.8756214696914 1.16245053359307 1.27828452480026 1.52612884622067 0.930676195304841 0 1.34212114475667 1.81984046800062 1.34304543887265 0.93950460688211 1.64809635514393 1.83462918479927
1.48487847857177 1.50534670474008 1.02209453913383 1.590037711896 1.05191955459304 1.87452354119159 1.48536206991412 1.75554138119332 1.69572552782483 0.93252931162715 1.83639098447748 0.900661390041932 1.70755154103972 1.88026124588214 1.16809285059571 1.30740659171715 1.80811020825058 1.81676452304237 1.58683782955632 1.07143739750609 1.38388371793553 1.18892946536653 1.60738256550394 1.34212114475667 0 1.43246328411624 1.86238810932264 1.60631681955419 1.85107034165412 1.05671986192465
0.961669818498194 1.36268224520609 1.64369403454475 1.78721978631802 1.04337624902837 1.17516174470074 0.928981936536729 0.937173519050702 1.29434761148877 1.25398641475476 1.59537238092162 1.61942784092389 1.22140830173157 1.34741501207463 1.073161321925 1.51325674518012 1.71095117530786 1.06978697283193 1.43252661707811 1.4838175305631 1.28617348382249 1.76240165345371 0.899572823895141 1.81984046800062 1.43246328411624 0 1.09869369724765 1.69394393987022 1.7791435921099 1.09569447510876
1.3279801318422 1.11418774863705 1.44241198571399 1.35971705429256 1.13529460737482 0.930671555688605 1.34868179284967 1.54867992689833 1.33484263182618 0.964376748306677 0.912216948112473 1.81539510725997 0.968089827802032 1.60123069048859 1.42415733472444 1.39052483206615 1.18703345023096 1.71479165507481 1.87622814113274 1.06930572795682 1.64191287010908 1.71772266551852 1.70061042578891 1.34304543887265 1.86238810932264 1.09869369724765 0 1.09314350527711 1.65809120610356 0.957630644086748
1.42817757721059 1.74551064055413 1.34661991731264 1.82971169124357 1.00137498299591 1.17789662256837 1.08135914173909 0.946572727989405 1.34707206324674 1.55266818031669 1.781458230922 1.50118604581803 1.58909871219657 1.25312171853147 1.02013105596416 0.971957191126421 1.65706238849089 1.75004824670032 1.68690655846149 1.58233884931542 1.8595688440837 0.910620366455987 0.954003126593307 0.93950460688211 1.60631681955419 1.69394393987022 1.09314350527711 0 1.12581002432853 1.89250768045895
1.10360457235947 1.68600094644353 1.73277307720855 1.44928163615987 1.33881315938197 0.902166869957 1.07913064118475 1.59560319152661 1.26878560055047 1.09846873721108 1.68588468409143 1.52721343864687 1.78967782319523 1.1669285998214 1.36775771901011 1.55098240496591 1.3376953357365 1.44354175264016 1.28118515363894 1.01144333742559 1.84890168881975 1.26443221978843 1.07898346730508 1.64809635514393 1.85107034165412 1.7791435921099 1.65809120610356 1.12581002432853 0 1.67088924045675
1.36110902717337 1.73236345662735 1.04414772428572 1.53789812978357 1.71385419997387 1.76685014017858 1.57621952728368 1.07109861308709 1.74761586799286 1.67457223846577 1.01769657339901 1.32623063679785 1.04598918627016 1.52765245595947 1.56050249934196 1.54414970148355 1.48808829649352 1.14658579858951 1.27462838543579 1.05788287613541 1.53243875037879 0.981887314002961 1.63958543655463 1.83462918479927 1.05671986192465 1.09569447510876 0.957630644086748 1.89250768045895 1.67088924045675 0
