0 0.990927684120834 1.56218038150109 1.40231891279109 1.35746388765983 1.81756974803284 0.954241808736697 1.47222247347236 1.74247902934439 1.4390027418267 1.40743731800467 1.92451927415095 1.5383693089243 1.29415168473497 1.06922833807766 0.95400514639914 1.90183766023256 1.13269650563598 1.18895873986185 1.88763395277783 1.52812780393288 1.53598388959654 1.02716914215125 1.39852154650725 1.20913197426125 1.46438197884709 1.85498987021856 1.83188603469171 1.52462084731087 1.89713937975466
0.990927684120834 0 1.19313486735336 1.78295429539867 1.27950642374344 1.7347713180352 1.57915298989974 1.65836449177004 1.55545807187445 1.39531561266631 1.32341137365438 1.67843169602565 1.01237937295809 1.79513889201917 1.61272327927873 0.97997957537882 1.5076211981941 1.03278432670049 1.59489564108662 1.50873566488735 1.2555769351311 1.69568200549111 1.33412111527286 1.7872708432842 1.87346024415456 1.10795713262632 1.09619811107405 1.46482902672142 1.54737761733122 1.53993571456522
1.56218038150109 1.19313486735336 0 1.58655567164533 1.14430261426605 1.64236394921318 1.62051055044867 1.06856700172648 1.39042231393978 0.963353304658085 1.57951075094752 1.65666698548011 1.7498762095347 1.76856634928845 1.64033265132457 1.54910383210517 1.7408289690502 1.28147816518322 1.07654710509814 1.37488346546888 1.48429489391856 1.65777440858074 1.88971096393652 1.42210277798586 1.07797701843083 1.73190863896161 1.80111166625284 1.56439173663966 1.78186544845812 1.83873389079235
1.40231891279109 1.78295429539867 1.58655567164533 0 1.14897372480482 1.35145354806446 0.957416208228096 1.86257829074748 1.84165507042781 1.82128442381509 1.35936657898128 1.34257897292264 1.30049969325773 1.87017440283671 1.8881859164685 0.968968356726691 1.03425821824931 1.06741319294088 1.25897771469317 1.28949568117969 1.46747479029 1.19549393677153 1.37836517416872 1.02758673834614 1.52148578129709 1.46117275790311 1.21195954876021 1.43731730733998 1.62067283620127 1.91610884084366
1.35746388765983 1.27950642374344 1.14430261426605 1.14897372480482 0 1.92497288179584 1.54102533310652 1.729238409549 1.49719101772644 1.05933412234299 1.74567521479912 1.43882068339735 1.36757049220614 1.5417011664249 1.77607311285101 0.985780760878697 1.00290775322355 1.62280877749436 1.0638472980354 1.45267919125035 1.393205977045 1.50092621590011 1.16359943384305 1.81120552448556 1.13632668182254 1.58686475153081 1.76538584474474 1.5382667677477 1.14331919699907 1.41548028797843
1.81756974803284 1.7347713180352 1.64236394921318 1.35145354806446 1.92497288179584 0 1.11189195723273 1.16115071740933 1.36160976835527 0.939097373979166 1.74688573344611 1.25423952867277 1.02136178361252 1.15903561026789 1.20509265456349 1.60921256849542 1.69244569726288 1.81834789621644 1.05212031537667 1.72414692747407 1.48895891127177 1.71202487172559 1.38096074108034 1.69740109751001 1.84465206018649 1.50924741406925 1.09320586640388 1.20144296158105 1.27774472837336 1.04253114387393
0.954241808736697 1.57915298989974 1.62051055044867 0.957416208228096 1.54102533310652 1.11189195723273 0 1.75862436322495 1.11839019064792 0.970568783581257 1.04423223575577 1.55627275886945 1.80781276337802 1.09101347927935 1.10217496100813 1.61733437911607 1.11309303436428 1.80269316793419 1.0560414895881 1.25239718845114 1.81295134266838 0.940570815000683 1.54527213517576 1.44751097867265 1.3939603168983 0.990406406577677 1.4770847633481 1.13052137591876 1.40230343490839 1.63876055344008
1.47222247347236 1.65836449177004 1.06856700172648 1.86257829074748 1.729238409549 1.16115071740933 1.75862436322495 0 0.9304520834703 1.55999024328776 1.89158517261967 1.87420030683279 1.84811622928828 1.87766752764583 1.73847186029889 1.414232468931 1.74847350269556 1.26391419232823 0.99347220803611 1.66423690179363 1.73134941817261 1.47787417517975 1.78541119582951 1.34740666067228 1.61240971041843 0.933192017953843 0.99238213035278 1.86150863347575 1.02646745461971 1.3811885942705
1.74247902934439 1.55545807187445 1.39042231393978 1.84165507042781 1.49719101772644 1.36160976835527 1.11839019064792 0.9304520834703 0 1.24566583381966 1.83726387820207 1.86614500358701 1.5295086663682 1.85979376803152 1.38875762396492 1.46090957545675 1.5774074906949 1.28039111034013 1.89054042892531 1.67323741712607 1.18046787730418 1.14181222137995 1.11914443736896 1.05963897658512 1.00335614895448 1.74255898990668 1.68444260279648 1.51871467707679 1.47272565308958 1.60985152306966
1.4390027418267 1.39531561266631 0.963353304658085 1.82128442381509 1.05933412234299 0.939097373979166 0.970568783581257 1.55999024328776 1.24566583381966 0 1.62153496360406 1.63531107641757 1.5188809633255 1.1762031163089 1.58622207050212 1.77896011038683 0.933130562771112 1.67771943099797 1.83798042987473 1.24609932093881 1.72224931744859 1.66707055759616 1.38535246392712 1.32360133412294 0.982426890870556 1.37678489484824 1.03528107167222 1.13311319495551 1.19626448955387 1.68522990378551
1.40743731800467 1.32341137365438 1.57951075094752 1.35936657898128 1.74567521479912 1.74688573344611 1.04423223575577 1.89158517261967 1.83726387820207 1.62153496360406 0 1.40392601303756 1.70284833502956 1.11753149540164 1.43809616658837 1.0281755598262 1.67800722084939 1.78226766642183 1.77062533912249 1.82102009630762 1.52468195115216 1.64516089763492 1.0013984485995 1.44624303421006 0.942315616412088 1.41964440676384 1.18774916324764 1.79510661191307 1.56091535137966 1.83208027365617
1.92451927415095 1.67843169602565 1.65666698548011 1.34257897292264 1.43882068339735 1.25423952867277 1.55627275886945 1.87420030683279 1.86614500358701 1.63531107641757 1.40392601303756 0 1.6137783669401 1.86652075266466 1.53187754959799 1.18850375083275 1.23077629809268 1.23989303503186 1.62824018346146 1.70529296551831 1.25453585619107 1.11638491903432 1.73755190940574 1.66619159514084 1.0527199334465 1.49581795139238 1.5663261837326 1.00712773622945 1.41326726181433 1.71095262118615
1.5383693089243 1.01237937295809 1.7498762095347 1.30049969325773 1.36757049220614 1.02136178361252 1.80781276337802 1.84811622928828 1.5295086663682 1.5188809633255 1.70284833502956 1.6137783669401 0 1.33037785510533 1.68348868540488 1.92671539308503 1.18949947599322 1.29737812210806 1.35412459261715 1.16729870438576 1.05337566812523 1.36332881334238 1.50608240021393 1.5055424105376 1.79227165272459 1.12742000306025 1.76359023619443 1.04437623522244 1.3206264609471 1.24868580256589
1.29415168473497 1.79513889201917 1.76856634928845 1.87017440283671 1.5417011664249 1.15903561026789 1.09101347927935 1.87766752764583 1.85979376803152 1.1762031163089 1.11753149540164 1.86652075266466 1.33037785510533 0 0.927956547122449 1.80918862088583 0.974054603371769 1.41325097577646 1.9018719762098 1.3645901302807 1.12095070001669 1.2535361465998 1.85734494612552 1.54779031150974 1.07496491121128 1.31329415133223 0.931798880919814 1.03220184496604 0.936124528059736 1.09214120102115
1.06922833807766 1.61272327927873 1.64033265132457 1.8881859164685 1.77607311285101 1.20509265456349 1.10217496100813 1.73847186029889 1.38875762396492 1.58622207050212 1.43809616658837 1.53187754959799 1.68348868540488 0.927956547122449 0 1.42369602341205 1.1208866618108 1.36358914035372 0.973915429087356 1.67325843032449 1.27671880903654 1.58593062567525 1.04856898146681 1.04351962381043 1.84388830489479 1.18009791476652 1.56424586032517 1.74784520408139 1.154520428041 1.15795539109968
0.95400514639914 0.97997957537882 1.54910383210517 0.968968356726691 0.985780760878697 1.60921256849542 1.61733437911607 1.414232468931 1.46090957545675 1.77896011038683 1.0281755598262 1.18850375083275 1.92671539308503 1.80918862088583 1.42369602341205 0 1.11368697951548 1.74926808685996 1.72651930782013 1.04250049637631 1.4107067650184 1.75518601876684 1.66702553071082 1.54081334872171 1.5922205185052 0.998106076382101 1.47718950989656 1.68578126933426 1.56972655025311 1.5809695830103
1.90183766023256 1.5076211981941 1.7408289690502 1.03425821824931 1.00290775322355 1.69244569726288 1.11309303436428 1.74847350269556 1.5774074906949 0.933130562771112 1.67800722084939 1.23077629809268 1.18949947599322 0.974054603371769 1.1208866618108 1.11368697951548 0 1.66595329414122 1.21473506535403 1.72511918283999 1.09326216299087 1.00820101471618 1.32738194405101 1.14385500177741 1.20023191836663 1.47384736477397 0.937135656829923 1.61729980213568 1.31280746730044 1.83162425993942
1.13269650563598 1.03278432670049 1.28147816518322 1.06741319294088 1.62280877749436 1.81834789621644 1.80269316793419 1.26391419232823 1.28039111034013 1.67771943099797 1.78226766642183 1.23989303503186 1.29737812210806 1.41325097577646 1.36358914035372 1.74926808685996 1.66595329414122 0 1.45199905149639 1.65867912233807 1.08718062518165 1.24808772397228 1.25737789040431 1.79454983049072 1.55655454774387 1.76325450604782 1.3870895113796 1.20031276391819 1.62066567037255 1.33685308438726
1.18895873986185 1.59489564108662 1.07654710509814 1.25897771469317 1.0638472980354 1.05212031537667 1.0560414895881 0.99347220803611 1.89054042892531 1.83798042987473 1.77062533912249 1.62824018346146 1.35412459261715 1.9018719762098 0.973915429087356 1.72651930782013 1.21473506535403 1.45199905149639 0 1.10484561114572 1.28858621488325 1.11536074755713 0.937038339674473 1.01559627405368 1.47867099731229 1.24321335111745 1.65847274591215 1.00676754279993 1.26351104862988 1.07969077839516
1.88763395277783 1.50873566488735 1.37488346546888 1.28949568117969 1.45267919125035 1.72414692747407 1.25239718845114 1.66423690179363 1.67323741712607 1.24609932093881 1.82102009630762 1.70529296551831 1.16729870438576 1.3645901302807 1.67325843032449 1.04250049637631 1.72511918283999 1.65867912233807 1.10484561114572 0 1.62316614249721 1.17263322905637 1.84012492746115 1.2145222525578 1.41412046179175 1.70625926717184 1.44523811596446 1.80579233006574 1.76262061297894 1.13499695551582
1.52812780393288 1.2555769351311 1.48429489391856 1.46747479029 1.393205977045 1.48895891127177 1.81295134266838 1.73134941817261 1.18046787730418 1.72224931744859 1.52468195115216 1.25453585619107 1.05337566812523 1.12095070001669 1.27671880903654 1.4107067650184 1.09326216299087 1.08718062518165 1.28858621488325 1.62316614249721 0 1.60734330816194 1.39590469142422 1.7116496488452 1.82332347100601 1.51324891182594 1.25708439014852 1.89981124619953 1.37079059006646 1.69916956685483
1.53598388959654 1.69568200549111 1.65777440858074 1.19549393677153 1.50092621590011 1.71202487172559 0.940570815000683 1.47787417517975 1.14181222137995 1.66707055759616 1.64516089763492 1.11638491903432 1.36332881334238 1.2535361465998 1.58593062567525 1.75518601876684 1.00820101471618 1.24808772397228 1.11536074755713 1.17263322905637 1.60734330816194 0 0.942717518191785 1.3972163812723 0.940237003844231 1.74151868885383 1.34305325173773 1.77383079309948 1.61142366519198 1.14525324781425
1.02716914215125 1.33412111527286 1.88971096393652 1.37836517416872 1.16359943384305 1.38096074108034 1.54527213517576 1.78541119582951 1.11914443736896 1.38535246392712 1.0013984485995 1.73755190940574 1.50608240021393 1.85734494612552 1.04856898146681 1.66702553071082 1.32738194405101 1.25737789040431 0.937038339674473 1.84012492746115 1.39590469142422 0.942717518191785 0 1.22564748907462 1.16901689092629 1.13657931680791 1.35296451533213 1.52061992627569 1.11357409739867 1.61541881854646
1.39852154650725 1.7872708432842 1.42210277798586 1.02758673834614 1.81120552448556 1.69740109751001 1.44751097867265 1.34740666067228 1.05963897658512 1.32360133412294 1.44624303421006 1.66619159514084 1.5055424105376 1.54779031150974 1.04351962381043 1.54081334872171 1.14385500177741 1.79454983049072 1.01559627405368 1.2145222525578 1.7116496488452 1.3972163812723 1.22564748907462 0 1.23899662401527 1.1893880199641 1.12640208308585 1.51831430569291 1.7756939092651 1.6037014387548
1.20913197426125 1.87346024415456 1.07797701843083 1.52148578129709 1.13632668182254 1.84465206018649 1.3939603168983 1.61240971041843 1.00335614895448 0.982426890870556 0.942315616412088 1.0527199334465 1.79227165272459 1.07496491121128 1.84388830489479 1.5922205185052 1.20023191836663 1.55655454774387 1.47867099731229 1.41412046179175 1.82332347100601 0.940237003844231 1.16901689092629 1.23899662401527 0 1.44762776861899 1.79061380703934 1.02193903480656 1.3604964306578 1.01616663136519
1.46438197884709 1.10795713262632 1.73190863896161 1.46117275790311 1.58686475153081 1.50924741406925 0.990406406577677 0.933192017953843 1.74255898990668 1.37678489484824 1.41964440676384 1.49581795139238 1.12742000306025 1.31329415133223 1.18009791476652 0.998106076382101 1.47384736477397 1.76325450604782 1.24321335111745 1.70625926717184 1.51324891182594 1.74151868885383 1.13657931680791 1.1893880199641 1.44762776861899 0 1.36467896355316 1.45764252613299 1.15248799254186 1.44896023906767
1.85498987021856 1.09619811107405 1.80111166625284 1.21195954876021 1.76538584474474 1.09320586640388 1.4770847633481 0.99238213035278 1.68444260279648 1.03528107167222 1.18774916324764 1.5663261837326 1.76359023619443 0.931798880919814 1.56424586032517 1.47718950989656 0.937135656829923 1.3870895113796 1.65847274591215 1.44523811596446 1.25708439014852 1.34305325173773 1.35296451533213 1.12640208308585 1.79061380703934 1.36467896355316 0 1.08304919139482 1.74438842898235 1.54365169862285
1.83188603469171 1.46482902672142 1.56439173663966 1.43731730733998 1.5382667677477 1.20144296158105 1.13052137591876 1.86150863347575 1.51871467707679 1.13311319495551 1.79510661191307 1.00712773622945 1.04437623522244 1.03220184496604 1.74784520408139 1.68578126933426 1.61729980213568 1.20031276391819 1.00676754279993 1.80579233006574 1.89981124619953 1.77383079309948 1.52061992627569 1.51831430569291 1.02193903480656 1.45764252613299 1.08304919139482 0 1.62038217927329 1.23385442933068
1.52462084731087 1.54737761733122 1.78186544845812 1.62067283620127 1.14331919699907 1.27774472837336 1.40230343490839 1.02646745461971 1.47272565308958 1.19626448955387 1.56091535137966 1.41326726181433 1.3206264609471 0.936124528059736 1.154520428041 1.56972655025311 1.31280746730044 1.62066567037255 1.26351104862988 1.76262061297894 1.37079059006646 1.61142366519198 1.11357409739867 1.7756939092651 1.3604964306578 1.15248799254186 1.74438842898235 1.62038217927329 0 1.51378389564343
1.89713937975466 1.53993571456522 1.83873389079235 1.91610884084366 1.41548028797843 1.04253114387393 1.63876055344008 1.3811885942705 1.60985152306966 1.68522990378551 1.83208027365617 1.71095262118615 1.24868580256589 1.09214120102115 1.15795539109968 1.5809695830103 1.83162425993942 1.33685308438726 1.07969077839516 1.13499695551582 1.69916956685483 1.14525324781425 1.61541881854646 1.6037014387548 1.01616663136519 1.44896023906767 1.54365169862285 1.23385442933068 1.51378389564343 0
