0 1.04329420393333 1.00523161212914 1.0548677847255 0.961669975658879 1.71710132667795 1.61875954759307 1.86448276415467 0.930731336819008 1.0070196967572 1.29088797420263 0.968384653329849 1.56565171550028 1.0158640362788 0.913411225425079 1.44507257221267 1.78755236859433 1.27171088778414 1.49787654262036 1.12142338533886 1.55713093653321 0.974348516436294 1.46697550686076 1.13648866047151 1.71154437260702 1.09532399429008 1.1515954406932 1.63873103819788 1.75209159799851 1.17199014127254
1.04329420393333 0 1.84022376569919 1.16158426878974 1.61898807715625 1.2173952490557 1.099741876591 1.00516422581859 1.17180462693796 1.64871370978653 1.63300872803666 0.939574913587421 1.11343964072876 1.67616543616168 1.37833287706599 1.00261209672317 1.69057171745226 1.68576327315532 1.70407636091113 1.19630971155129 1.30623112991452 0.904787400038913 1.58082125405781 1.17613010737114 1.35473100095987 1.63936744467355 1.5057610583026 1.61011068685912 1.15490734903142 1.6004745143
1.00523161212914 1.84022376569919 0 0.953192538581789 1.87435202603228 1.71236245939508 1.01720704254694 1.81569422036409 1.75322345597669 1.84526751283556 1.80860539898276 1.79109536996111 1.17635877127759 1.4728151448071 1.15626182570122 1.33433714695275 1.14137101988308 1.82150397915393 1.67207296052948 1.07396039669402 1.65168533334509 1.33458169572987 1.73371733119711 1.35104101360776 0.960735173663124 1.01689909747802 1.84046299010515 1.29358233115636 1.44054826721549 1.40240658959374
1.0548677847255 1.16158426878974 0.953192538581789 0 1.6034837292973 1.7348691362422 1.47867744229734 1.55422998894937 0.970022829947993 1.72898968006484 1.41424031020142 1.20623018103652 1.04313532589003 1.79632234130986 1.59916417580098 1.75114835379645 0.940654980484396 1.25850135926157 1.61315730935894 1.03580260649323 1.47891133325174 1.25504153477959 1.06114604347385 1.14296994474716 1.39602056215517 1.63316731760278 1.75108842365444 1.10421342705376 1.6839776954148 1.16312516760081
0.961669975658879 1.61898807715625 1.87435202603228 1.6034837292973 0 0.992273833835497 1.57181334891357 0.951405815780163 1.77875083452091 1.33671561512165 1.4877229181584 1.56117748352699 1.47083210898563 1.13849349389784 1.20752097177319 1.53411688073538 1.52287084353156 1.46897463779896 1.18946756608784 1.42921380908228 1.5983054775279 1.00890029082075 1.55619989521801 1.1241201646626 1.14522057119757 1.08521746052429 1.49813594925217 1.46194842853583 1.26328280800954 0.98648148169741
1.71710132667795 1.2173952490557 1.71236245939508 1.7348691362422 0.992273833835497 0 1.80709101352841 1.45664295484312 0.972539527574554 1.87345947837457 1.69623289536685 1.83308887225576 1.12357206596062 1.44730873033404 1.01434736093506 1.29534307122231 1.0849678919185 0.998743453528732 1.46137512102723 1.86822688253596 1.10917816217989 1.41245692851953 1.61508589773439 1.63765333406627 1.67091870401055 1.72964149224572 1.67306705005467 0.9666645496618 1.64978561201133 1.74161847331561
1.61875954759307 1.099741876591 1.01720704254694 1.47867744229734 1.57181334891357 1.80709101352841 0 1.13166658533737 1.81048965943046 1.07430496392772 1.22078222129494 1.02429896011017 1.15515589294955 1.00656802440062 1.01612465106882 1.72983291861601 1.75092837098055 1.50502041610889 1.45378036145121 1.18035776889883 1.18450191989541 1.66224904870614 1.60985259432346 1.67054117261432 1.09183949534781 1.40696738916449 1.12576717627235 1.27158848871477 1.67103496962227 1.71959141385742
1.86448276415467 1.00516422581859 1.81569422036409 1.55422998894937 0.951405815780163 1.45664295484312 1.13166658533737 0 1.48412594292313 1.12046615569852 1.4168165163137 1.07260937779211 1.3272196133621 1.32900028838776 1.77159454277717 1.02893552510068 1.78857717243955 1.12225579097867 1.42173186736181 1.68324796389788 1.24158073589206 1.21735062333755 1.14618270215578 1.82906174496748 1.07634244859219 1.19108533253893 1.62969278404489 1.51004943228327 1.78657081769779 1.62017452670261
0.930731336819008 1.17180462693796 1.75322345597669 0.970022829947993 1.77875083452091 0.972539527574554 1.81048965943046 1.48412594292313 0 1.35610209358856 1.37065161322244 1.64110010955483 1.81440016999841 1.21513225743547 1.60100252903067 1.27772240666673 1.3691488453187 1.55636671558022 1.39820016687736 1.61234570085071 1.85182455531321 1.70368293719366 1.05430946871638 1.19834747049026 1.68241912894882 1.56558680674061 1.2728171730414 1.25042326725088 1.15925880870782 1.56891729403287
1.0070196967572 1.64871370978653 1.84526751283556 1.72898968006484 1.33671561512165 1.87345947837457 1.07430496392772 1.12046615569852 1.35610209358856 0 1.1485252592247 1.57858748012222 0.939617056632414 0.928363325307146 0.965664480347186 1.22372537967749 1.00653395336121 1.50757138803601 1.34287338424474 1.32641329267062 1.7271972890012 1.04004210606217 0.968080002581701 1.80885998252779 1.63604650250636 1.78576128161512 0.947803278453648 1.47482291446067 1.10905860876665 1.70265403343365
1.29088797420263 1.63300872803666 1.80860539898276 1.41424031020142 1.4877229181584 1.69623289536685 1.22078222129494 1.4168165163137 1.37065161322244 1.1485252592247 0 0.881856602150947 1.43847093684599 1.53591788141057 1.18241321202368 0.897717039100826 1.6062036678195 1.79446074739099 1.58370240731165 0.983132933266461 1.7797333097551 0.972612772602588 1.71947786351666 1.6452538552694 1.23937129625119 1.41267695673741 1.49358466314152 0.881631585536525 0.984622873365879 1.29167327331379
0.968384653329849 0.939574913587421 1.79109536996111 1.20623018103652 1.56117748352699 1.83308887225576 1.02429896011017 1.07260937779211 1.64110010955483 1.57858748012222 0.881856602150947 0 1.12649774667807 0.906092792516574 1.09325904538855 1.04405581438914 0.881784734781832 1.64462282904424 1.61046818736941 0.957820371259004 0.897876707604155 0.907281924737617 1.53537745564245 1.54616912081838 1.53484191722237 1.69335448439233 1.17063233605586 1.07593615096994 0.900750446366146 0.911865119123831
1.56565171550028 1.11343964072876 1.17635877127759 1.04313532589003 1.47083210898563 1.12357206596062 1.15515589294955 1.3272196133621 1.81440016999841 0.939617056632414 1.43847093684599 1.12649774667807 0 1.4600024910178 1.08829036634415 1.05168370925821 1.66791197913699 1.61194279813208 1.29166462435387 1.39488569507375 1.71073188842274 1.85200085467659 1.23641841765493 1.08224718202837 1.33166712382808 1.32751301629469 1.24721897742711 1.84607741003856 1.19979351898655 1.74433097033761
1.0158640362788 1.67616543616168 1.4728151448071 1.79632234130986 1.13849349389784 1.44730873033404 1.00656802440062 1.32900028838776 1.21513225743547 0.928363325307146 1.53591788141057 0.906092792516574 1.4600024910178 0 0.985121216159314 1.62509902054444 1.02420838852413 1.21065470553003 1.60854926914908 0.885842629009858 0.965951641090214 1.04449836211279 1.22344997874461 1.46681954478845 1.36350836488418 1.17811226565391 0.902759553864598 1.49717616988346 1.41669077705592 1.04803869687021
0.913411225425079 1.37833287706599 1.15626182570122 1.59916417580098 1.20752097177319 1.01434736093506 1.01612465106882 1.77159454277717 1.60100252903067 0.965664480347186 1.18241321202368 1.09325904538855 1.08829036634415 0.985121216159314 0 1.70635978924111 1.76537428656593 1.30645282333717 1.67950187553652 1.34124774881639 1.70515989442356 1.50424035987817 1.87060439679772 1.50195767218247 0.98672670754604 1.27277602651156 1.16337755485438 1.87271224940196 1.22174106375314 1.48897709650919
1.44507257221267 1.00261209672317 1.33433714695275 1.75114835379645 1.53411688073538 1.29534307122231 1.72983291861601 1.02893552510068 1.27772240666673 1.22372537967749 0.897717039100826 1.04405581438914 1.05168370925821 1.62509902054444 1.70635978924111 0 1.05415582912974 1.44234044104815 1.00387578271329 0.895924226148054 1.09266761108302 1.51209165598266 1.65422608843073 0.983643376501277 1.65478285518475 1.30786553258076 1.3240675420966 1.5874054748565 1.18498063879088 1.40473461034708
1.78755236859433 1.69057171745226 1.14137101988308 0.940654980484396 1.52287084353156 1.0849678919185 1.75092837098055 1.78857717243955 1.3691488453187 1.00653395336121 1.6062036678195 0.881784734781832 1.66791197913699 1.02420838852413 1.76537428656593 1.05415582912974 0 1.13129484816454 1.61488994304091 1.00307629490271 1.57678406243213 1.77628970192745 1.31738217081875 0.921064594527707 0.924116783542559 1.77760982443579 1.71443643653765 1.39159609237686 1.05698042409495 0.98411130392924
1.27171088778414 1.68576327315532 1.82150397915393 1.25850135926157 1.46897463779896 0.998743453528732 1.50502041610889 1.12225579097867 1.55636671558022 1.50757138803601 1.79446074739099 1.64462282904424 1.61194279813208 1.21065470553003 1.30645282333717 1.44234044104815 1.13129484816454 0 1.72803104133345 1.75089219887741 0.936798718990758 1.71892737504095 1.63490610569715 1.49109851871617 1.82031572563574 1.48590761958621 0.935073729837313 1.43211106560193 1.82959151384421 1.21604699245654
1.49787654262036 1.70407636091113 1.67207296052948 1.61315730935894 1.18946756608784 1.46137512102723 1.45378036145121 1.42173186736181 1.39820016687736 1.34287338424474 1.58370240731165 1.61046818736941 1.29166462435387 1.60854926914908 1.67950187553652 1.00387578271329 1.61488994304091 1.72803104133345 0 0.937689332757145 1.57571185263805 1.56387580698356 0.979101586854085 1.0314921529498 1.51738403132185 1.07733911718242 1.6993101995904 1.64153214497492 1.69387565529905 1.48090048041195
1.12142338533886 1.19630971155129 1.07396039669402 1.03580260649323 1.42921380908228 1.86822688253596 1.18035776889883 1.68324796389788 1.61234570085071 1.32641329267062 0.983132933266461 0.957820371259004 1.39488569507375 0.885842629009858 1.34124774881639 0.895924226148054 1.00307629490271 1.75089219887741 0.937689332757145 0 1.72228841832839 1.16723567154258 1.73362918989733 1.56213500234298 1.4860452034045 1.27302859211341 1.15806551487185 0.973616727394983 1.5881093761418 1.01134112104774
1.55713093653321 1.30623112991452 1.65168533334509 1.47891133325174 1.5983054775279 1.10917816217989 1.18450191989541 1.24158073589206 1.85182455531321 1.7271972890012 1.7797333097551 0.897876707604155 1.71073188842274 0.965951641090214 1.70515989442356 1.09266761108302 1.57678406243213 0.936798718990758 1.57571185263805 1.72228841832839 0 1.36749184830114 1.80771381780505 1.87452009902336 1.23020013864152 1.49946470488794 1.65476594818756 1.51809095381759 1.22730035195127 1.53011141531169
0.974348516436294 0.904787400038913 1.33458169572987 1.25504153477959 1.00890029082075 1.41245692851953 1.66224904870614 1.21735062333755 1.70368293719366 1.04004210606217 0.972612772602588 0.907281924737617 1.85200085467659 1.04449836211279 1.50424035987817 1.51209165598266 1.77628970192745 1.71892737504095 1.56387580698356 1.16723567154258 1.36749184830114 0 1.64898189669475 1.03331532957964 1.58253957889974 0.891164229484275 0.976551502710208 1.54947203560732 1.08243175270036 1.61258838861249
1.46697550686076 1.58082125405781 1.73371733119711 1.06114604347385 1.55619989521801 1.61508589773439 1.60985259432346 1.14618270215578 1.05430946871638 0.968080002581701 1.71947786351666 1.53537745564245 1.23641841765493 1.22344997874461 1.87060439679772 1.65422608843073 1.31738217081875 1.63490610569715 0.979101586854085 1.73362918989733 1.80771381780505 1.64898189669475 0 1.03916640207171 1.81046350765973 1.28597619244829 1.10934060299769 1.63953310600482 1.2698830650188 1.43331492552534
1.13648866047151 1.17613010737114 1.35104101360776 1.14296994474716 1.1241201646626 1.63765333406627 1.67054117261432 1.82906174496748 1.19834747049026 1.80885998252779 1.6452538552694 1.54616912081838 1.08224718202837 1.46681954478845 1.50195767218247 0.983643376501277 0.921064594527707 1.49109851871617 1.0314921529498 1.56213500234298 1.87452009902336 1.03331532957964 1.03916640207171 0 1.21454299101606 1.72255781805143 1.32987585687079 1.7632222478278 1.5305691792164 1.23868036502972
1.71154437260702 1.35473100095987 0.960735173663124 1.39602056215517 1.14522057119757 1.67091870401055 1.09183949534781 1.07634244859219 1.68241912894882 1.63604650250636 1.23937129625119 1.53484191722237 1.33166712382808 1.36350836488418 0.98672670754604 1.65478285518475 0.924116783542559 1.82031572563574 1.51738403132185 1.4860452034045 1.23020013864152 1.58253957889974 1.81046350765973 1.21454299101606 0 1.14628552109934 1.86556379473768 1.60637939744629 1.46164963929914 1.49838945665397
1.09532399429008 1.63936744467355 1.01689909747802 1.63316731760278 1.08521746052429 1.72964149224572 1.40696738916449 1.19108533253893 1.56558680674061 1.78576128161512 1.41267695673741 1.69335448439233 1.32751301629469 1.17811226565391 1.27277602651156 1.30786553258076 1.77760982443579 1.48590761958621 1.07733911718242 1.27302859211341 1.49946470488794 0.891164229484275 1.28597619244829 1.72255781805143 1.14628552109934 0 0.922606110805646 1.28870412590913 1.43933303956874 1.45949329109862
1.1515954406932 1.5057610583026 1.84046299010515 1.75108842365444 1.49813594925217 1.67306705005467 1.12576717627235 1.62969278404489 1.2728171730414 0.947803278453648 1.49358466314152 1.17063233605586 1.24721897742711 0.902759553864598 1.16337755485438 1.3240675420966 1.71443643653765 0.935073729837313 1.6993101995904 1.15806551487185 1.65476594818756 0.976551502710208 1.10934060299769 1.32987585687079 1.86556379473768 0.922606110805646 0 1.57187978620641 1.59051851811819 1.23430210724473
1.63873103819788 1.61011068685912 1.29358233115636 1.10421342705376 1.46194842853583 0.9666645496618 1.27158848871477 1.51004943228327 1.25042326725088 1.47482291446067 0.881631585536525 1.07593615096994 1.84607741003856 1.49717616988346 1.87271224940196 1.5874054748565 1.39159609237686 1.43211106560193 1.64153214497492 0.973616727394983 1.51809095381759 1.54947203560732 1.63953310600482 1.7632222478278 1.60637939744629 1.28870412590913 1.57187978620641 0 1.26737199421041 1.73783452878706
1.75209159799851 1.15490734903142 1.44054826721549 1.6839776954148 1.26328280800954 1.64978561201133 1.67103496962227 1.78657081769779 1.15925880870782 1.10905860876665 0.984622873365879 0.900750446366146 1.19979351898655 1.41669077705592 1.22174106375314 1.18498063879088 1.05698042409495 1.82959151384421 1.69387565529905 1.5881093761418 1.22730035195127 1.08243175270036 1.2698830650188 1.5305691792164 1.46164963929914 1.43933303956874 1.59051851811819 1.26737199421041 0 1.2384121727664
1.17199014127254 1.6004745143 1.40240658959374 1.16312516760081 0.98648148169741 1.74161847331561 1.71959141385742 1.62017452670261 1.56891729403287 1.70265403343365 1.29167327331379 0.911865119123831 1.74433097033761 1.04803869687021 1.48897709650919 1.40473461034708 0.98411130392924 1.21604699245654 1.48090048041195 1.01134112104774 1.53011141531169 1.61258838861249 1.43331492552534 1.23868036502972 1.49838945665397 1.45949329109862 1.23430210724473 1.73783452878706 1.2384121727664 0
