0 1.84288678597659 1.4491715754848 1.75078553147614 1.14619807642885 1.45911824610084 1.72665484109893 1.71431111521088 1.5707597383298 1.35201803571545 1.35332303028554 1.70829271432012 1.09206109633669 1.72537239314988 1.48810689989477 0.939709355589002 1.05504645430483 0.949454021407291 1.42153154266998 1.05514443689026 0.938494695350528 1.42522555636242 1.10896584368311 1.09050362417474 0.995745721505955 1.75252177310176 1.48912159306929 1.03000965481624 1.17915683123283 1.03485912806354
1.84288678597659 0 1.14413500693627 1.63977597048506 1.46512704109773 1.74531809077598 1.64196724211797 1.60749803949147 0.969382589217275 1.78379676118493 1.13238470954821 1.60379729722627 1.32345761731267 1.81016992498189 1.50117898429744 1.81900091841817 1.73706642235629 0.893432764569297 0.926300996216014 1.31845062831417 1.53227057214826 1.64133353414945 1.52938284515403 1.45206514396705 1.3934197681956 1.37500601261854 1.05017440998927 1.484036691254 0.981265833135694 1.42704203189351
1.4491715754848 1.14413500693627 0 1.08357415138744 1.67509298189543 1.53852309426293 1.35480267344974 0.946049951715395 1.64337479975075 1.38696693792008 1.02352722967044 1.61597788240761 1.56321278656833 1.78972434229217 1.5810321457684 1.79172614170238 1.58016195730306 1.39707687846385 0.8693359605968 1.7661668069195 1.53695806278847 1.74462590157054 1.50963544007391 1.49704948533326 1.70942020462826 1.81174559472129 1.56031608511694 1.36992457695305 1.18109362688847 0.975522008258849
1.75078553147614 1.63977597048506 1.08357415138744 0 1.33247605082579 1.33222228800878 1.76798334694467 1.37923104153015 1.3573749025818 1.11955933202989 1.39166000764817 1.27811772585846 1.20822678226978 1.70761139574461 1.32606913079508 1.0832850439474 1.69719820702448 1.74233759148046 0.909820613916963 0.962953259935603 1.29009055485949 1.21682298625819 1.70002182759345 1.10578373447061 0.985923308646306 1.19636899302714 1.00065564271063 1.70868044858798 1.80232000583783 1.78305085911416
1.14619807642885 1.46512704109773 1.67509298189543 1.33247605082579 0 1.17454509669915 1.05891429609619 1.45124763809144 1.25420931819826 1.47704969951883 1.78262761491351 1.15002464083955 1.78310184087604 0.896252010948956 1.07690110243857 1.36693279980682 1.3431385261938 1.56885465444066 1.2042195268441 1.23321060440503 1.22285093786195 1.38268356281333 1.01816479605623 1.24262069840916 1.7675013022963 1.29261330142617 1.11159903625958 1.18444595485926 1.36869971896522 1.69862812850624
1.45911824610084 1.74531809077598 1.53852309426293 1.33222228800878 1.17454509669915 0 1.55305998516269 1.26201665191911 1.1322218333371 1.26067322026938 1.10179308266379 1.13986936747096 0.958005454391241 1.77835567342117 1.01421473757364 1.2800274703186 1.17811484308913 1.12899897294119 1.21086792321876 1.01544606219977 0.909008683869615 1.69934723968618 1.68955155857839 1.25926403678022 0.996090943226591 0.85949063510634 1.06867704540491 1.54494750057347 0.896417628740892 1.60844672471285
1.72665484109893 1.64196724211797 1.35480267344974 1.76798334694467 1.05891429609619 1.55305998516269 0 1.5329148999881 0.915661131963134 1.41887969500385 1.20819372008555 1.3552469778806 1.12419685791247 0.977226882241666 0.895266700768843 1.81899869372137 1.80351599026471 1.38106649834663 1.27259880304337 1.75930584478192 1.36228878935799 1.69980440009385 0.964335644617677 1.56566019030288 1.60399795579724 1.43020270112902 1.78267189790495 1.7587089582812 1.13435301766731 1.51397009985521
1.71431111521088 1.60749803949147 0.946049951715395 1.37923104153015 1.45124763809144 1.26201665191911 1.5329148999881 0 1.64857963030227 1.44707816466689 1.05795572604984 1.51155011518858 1.16655592061579 1.30893700756133 1.32609304226935 1.36803872417659 1.12578400946222 1.59202771494165 1.47401466616429 1.03229734860361 0.948088152799755 1.22735275630839 0.926078788703308 0.956632505403832 1.57909616222605 1.09352075913921 1.15954856341705 1.25819640280679 1.71029296005145 1.53564571379684
1.5707597383298 0.969382589217275 1.64337479975075 1.3573749025818 1.25420931819826 1.1322218333371 0.915661131963134 1.64857963030227 0 1.10629951232113 1.69886959786527 1.62949552969076 0.859530863119289 1.74420575494878 1.54993943008594 1.13732122280635 1.15543181123212 0.98466114141047 1.07968969433568 1.65813811635599 1.46024353778921 0.995724605163559 1.60393364029005 1.59271088754758 1.53178256074898 0.847063236637041 1.0974459098652 1.78991897730157 1.43527174857445 1.21883763605729
1.35201803571545 1.78379676118493 1.38696693792008 1.11955933202989 1.47704969951883 1.26067322026938 1.41887969500385 1.44707816466689 1.10629951232113 0 1.15773279638961 1.48624311527237 1.82766596367583 1.02273861365393 1.73476819624193 1.25824924837798 1.78125386615284 0.977958372561261 1.51413826132193 1.17074012290686 1.34954426717013 1.42960617435165 1.72847688710317 1.29088532342575 1.44748440571129 1.40560813015327 1.301602039719 1.66410065372474 0.882073450600728 1.58263243408874
1.35332303028554 1.13238470954821 1.02352722967044 1.39166000764817 1.78262761491351 1.10179308266379 1.20819372008555 1.05795572604984 1.69886959786527 1.15773279638961 0 1.84041710570455 1.78674305928871 1.09966696472839 1.2113930080086 1.10378240095451 1.05650107655674 1.34229462547228 1.72920546797104 1.59779765713029 0.933573932386935 1.00491517363116 1.23999985470437 1.0154903579969 1.66568677243777 1.55464374530129 1.28402148932219 1.31293428386562 0.938284427626058 1.44192925700918
1.70829271432012 1.60379729722627 1.61597788240761 1.27811772585846 1.15002464083955 1.13986936747096 1.3552469778806 1.51155011518858 1.62949552969076 1.48624311527237 1.84041710570455 0 1.72639500559308 1.41202822304331 1.49659860529937 1.52202817448415 1.10434455843642 1.61457504145801 0.957087869523093 1.15894995769486 1.32456924393773 1.23884671600536 1.52163093863055 1.06543502025306 1.27471038606018 1.49769131862558 1.0474994413089 1.27494160924107 1.12358796992339 1.48910399759188
1.09206109633669 1.32345761731267 1.56321278656833 1.20822678226978 1.78310184087604 0.958005454391241 1.12419685791247 1.16655592061579 0.859530863119289 1.82766596367583 1.78674305928871 1.72639500559308 0 1.52440684754401 1.66743670613505 1.82356435945258 1.55762675451115 1.67954773991369 1.32065339898691 1.39360419334844 0.957069308729842 1.06698583974503 1.2066342656035 1.49838609504513 1.84210402984172 1.11076874332502 1.58709938521497 1.23520746105351 1.45544394711033 1.35087116365321
1.72537239314988 1.81016992498189 1.78972434229217 1.70761139574461 0.896252010948956 1.77835567342117 0.977226882241666 1.30893700756133 1.74420575494878 1.02273861365393 1.09966696472839 1.41202822304331 1.52440684754401 0 1.58805303624831 0.91955893789418 1.00640625879169 1.75968743953854 1.21010551112704 0.981046753469855 1.63894641166553 1.37680958025157 1.44890088238753 1.77610518573783 0.900977859040722 1.71270866272971 0.90760989440605 1.33644811133854 1.6884723068215 1.72952634328976
1.48810689989477 1.50117898429744 1.5810321457684 1.32606913079508 1.07690110243857 1.01421473757364 0.895266700768843 1.32609304226935 1.54993943008594 1.73476819624193 1.2113930080086 1.49659860529937 1.66743670613505 1.58805303624831 0 1.79010788211599 0.988625829108059 1.58030417468399 1.23871448612772 0.992505052825436 1.34914335049689 0.876084155635908 1.30535849952139 1.6706165978685 0.976829548599198 1.08724022726528 1.31033964874223 1.12505708960816 1.15230009076186 1.17273883637972
0.939709355589002 1.81900091841817 1.79172614170238 1.0832850439474 1.36693279980682 1.2800274703186 1.81899869372137 1.36803872417659 1.13732122280635 1.25824924837798 1.10378240095451 1.52202817448415 1.82356435945258 0.91955893789418 1.79010788211599 0 1.32713524554856 1.38180926511995 1.50571947498247 1.11824704613537 1.13491327338852 1.08760015363805 1.25252347905189 1.2378218874801 1.63891010917723 1.29762380220927 1.07432035240345 1.69050234230235 1.30989622580819 1.20412149443291
1.05504645430483 1.73706642235629 1.58016195730306 1.69719820702448 1.3431385261938 1.17811484308913 1.80351599026471 1.12578400946222 1.15543181123212 1.78125386615284 1.05650107655674 1.10434455843642 1.55762675451115 1.00640625879169 0.988625829108059 1.32713524554856 0 1.53066607913934 1.7883438935969 1.25237097940408 1.58798559638672 1.67922415072098 1.1590077446308 1.48223327891901 1.33709812792949 0.906514903530478 1.63497599028051 1.12999866576865 1.2095604701899 1.2886460646987
0.949454021407291 0.893432764569297 1.39707687846385 1.74233759148046 1.56885465444066 1.12899897294119 1.38106649834663 1.59202771494165 0.98466114141047 0.977958372561261 1.34229462547228 1.61457504145801 1.67954773991369 1.75968743953854 1.58030417468399 1.38180926511995 1.53066607913934 0 0.874056621221825 1.52884896029718 1.55853672651574 1.29680429282598 1.46476359083317 1.01101422240026 1.49959597643465 1.10167119582184 0.859907684847713 1.80056144669652 1.68763781664893 1.55774586671032
1.42153154266998 0.926300996216014 0.8693359605968 0.909820613916963 1.2042195268441 1.21086792321876 1.27259880304337 1.47401466616429 1.07968969433568 1.51413826132193 1.72920546797104 0.957087869523093 1.32065339898691 1.21010551112704 1.23871448612772 1.50571947498247 1.7883438935969 0.874056621221825 0 1.59122997731902 1.13934595603496 1.01163882319815 0.998380849603564 0.990054323337972 1.04860526369885 1.82874644803815 0.999624837655574 1.57343532377854 1.72732054279186 1.68211371009238
1.05514443689026 1.31845062831417 1.7661668069195 0.962953259935603 1.23321060440503 1.01544606219977 1.75930584478192 1.03229734860361 1.65813811635599 1.17074012290686 1.59779765713029 1.15894995769486 1.39360419334844 0.981046753469855 0.992505052825436 1.11824704613537 1.25237097940408 1.52884896029718 1.59122997731902 0 1.72868992364965 1.20393129508011 0.890746297780424 1.03891865536571 0.929819264216349 1.11991670588031 0.93367507099174 0.963638098211959 1.81253846618347 1.68571515101939
0.938494695350528 1.53227057214826 1.53695806278847 1.29009055485949 1.22285093786195 0.909008683869615 1.36228878935799 0.948088152799755 1.46024353778921 1.34954426717013 0.933573932386935 1.32456924393773 0.957069308729842 1.63894641166553 1.34914335049689 1.13491327338852 1.58798559638672 1.55853672651574 1.13934595603496 1.72868992364965 0 1.66420677793212 1.14467153162695 1.74321581725962 1.8247052684892 1.73396179801784 0.953852555714548 1.49679915560409 1.18975297501311 1.2903755591251
1.42522555636242 1.64133353414945 1.74462590157054 1.21682298625819 1.38268356281333 1.69934723968618 1.69980440009385 1.22735275630839 0.995724605163559 1.42960617435165 1.00491517363116 1.23884671600536 1.06698583974503 1.37680958025157 0.876084155635908 1.08760015363805 1.67922415072098 1.29680429282598 1.01163882319815 1.20393129508011 1.66420677793212 0 1.2650125422515 1.77225159690715 1.57081504375674 1.74640603060834 1.28784297895618 0.986278800526634 1.57167434250005 1.13968123332597
1.10896584368311 1.52938284515403 1.50963544007391 1.70002182759345 1.01816479605623 1.68955155857839 0.964335644617677 0.926078788703308 1.60393364029005 1.72847688710317 1.23999985470437 1.52163093863055 1.2066342656035 1.44890088238753 1.30535849952139 1.25252347905189 1.1590077446308 1.46476359083317 0.998380849603564 0.890746297780424 1.14467153162695 1.2650125422515 0 1.06108769448474 1.40660309419036 1.13761867280118 1.04259385331534 1.13388417195529 1.74988038768061 1.41974438703619
1.09050362417474 1.45206514396705 1.49704948533326 1.10578373447061 1.24262069840916 1.25926403678022 1.56566019030288 0.956632505403832 1.59271088754758 1.29088532342575 1.0154903579969 1.06543502025306 1.49838609504513 1.77610518573783 1.6706165978685 1.2378218874801 1.48223327891901 1.01101422240026 0.990054323337972 1.03891865536571 1.74321581725962 1.77225159690715 1.06108769448474 0 1.25580728729255 1.08112132782117 1.43925646715797 1.72454231814481 1.2521676775068 0.915909134084359
0.995745721505955 1.3934197681956 1.70942020462826 0.985923308646306 1.7675013022963 0.996090943226591 1.60399795579724 1.57909616222605 1.53178256074898 1.44748440571129 1.66568677243777 1.27471038606018 1.84210402984172 0.900977859040722 0.976829548599198 1.63891010917723 1.33709812792949 1.49959597643465 1.04860526369885 0.929819264216349 1.8247052684892 1.57081504375674 1.40660309419036 1.25580728729255 0 1.21001390996389 1.75795333762653 1.52178170159459 1.54306993773207 1.43392295320518
1.75252177310176 1.37500601261854 1.81174559472129 1.19636899302714 1.29261330142617 0.85949063510634 1.43020270112902 1.09352075913921 0.847063236637041 1.40560813015327 1.55464374530129 1.49769131862558 1.11076874332502 1.71270866272971 1.08724022726528 1.29762380220927 0.906514903530478 1.10167119582184 1.82874644803815 1.11991670588031 1.73396179801784 1.74640603060834 1.13761867280118 1.08112132782117 1.21001390996389 0 1.70797845558263 1.34260129043832 0.98807933088392 1.67508281650953
1.48912159306929 1.05017440998927 1.56031608511694 1.00065564271063 1.11159903625958 1.06867704540491 1.78267189790495 1.15954856341705 1.0974459098652 1.301602039719 1.28402148932219 1.0474994413089 1.58709938521497 0.90760989440605 1.31033964874223 1.07432035240345 1.63497599028051 0.859907684847713 0.999624837655574 0.93367507099174 0.953852555714548 1.28784297895618 1.04259385331534 1.43925646715797 1.75795333762653 1.70797845558263 0 1.58934345841408 1.35830281488597 0.878156130900607
1.03000965481624 1.484036691254 1.36992457695305 1.70868044858798 1.18444595485926 1.54494750057347 1.7587089582812 1.25819640280679 1.78991897730157 1.66410065372474 1.31293428386562 1.27494160924107 1.23520746105351 1.33644811133854 1.12505708960816 1.69050234230235 1.12999866576865 1.80056144669652 1.57343532377854 0.963638098211959 1.49679915560409 0.986278800526634 1.13388417195529 1.72454231814481 1.52178170159459 1.34260129043832 1.58934345841408 0 1.00721344584599 1.36923470767215
1.17915683123283 0.981265833135694 1.18109362688847 1.80232000583783 1.36869971896522 0.896417628740892 1.13435301766731 1.71029296005145 1.43527174857445 0.882073450600728 0.938284427626058 1.12358796992339 1.45544394711033 1.6884723068215 1.15230009076186 1.30989622580819 1.2095604701899 1.68763781664893 1.72732054279186 1.81253846618347 1.18975297501311 1.57167434250005 1.74988038768061 1.2521676775068 1.54306993773207 0.98807933088392 1.35830281488597 1.00721344584599 0 1.44501020642929
1.03485912806354 1.42704203189351 0.975522008258849 1.78305085911416 1.69862812850624 1.60844672471285 1.51397009985521 1.53564571379684 1.21883763605729 1.58263243408874 1.44192925700918 1.48910399759188 1.35087116365321 1.72952634328976 1.17273883637972 1.20412149443291 1.2886460646987 1.55774586671032 1.68211371009238 1.68571515101939 1.2903755591251 1.13968123332597 1.41974438703619 0.915909134084359 1.43392295320518 1.67508281650953 0.878156130900607 1.36923470767215 1.44501020642929 0
