0 1.27954444289207 1.11469845520332 1.67540977546014 1.84190820599906 1.23292265390046 1.29917040886357 1.16118431533687 1.54745617276058 1.83430512994528 1.50513205700554 1.30468658334576 1.23320875503123 0.951214622939005 1.88963500782847 1.07926410995424 1.74296893877909 1.72278430196457 1.77269362006336 1.3280713937711 1.72720755916089 1.21038105990738 1.04723709262908 1.51371301081963 1.64215802028775 1.92592099378817 1.48214282491244 1.47561755031347 1.55313494475558 1.02861374965869
1.27954444289207 0 1.51466757804155 1.43135283677839 1.13690440868959 1.10221335059032 1.3722316599451 1.81880403263494 1.22792165586725 1.39992152969353 1.61165462597273 1.57065526419319 1.0546534745954 1.7969135295134 1.64871893310919 1.72254593414254 1.47386907157488 1.34755128459074 1.44633326958865 1.55087662301958 1.20103117148392 1.91716015781276 1.55997750721872 1.29099685256369 1.3480633313302 1.33296179585159 1.2272915658541 1.80455440352671 1.80218631168827 1.25367310340516
1.11469845520332 1.51466757804155 0 1.57364549441263 1.08324920269661 0.987773110624403 1.853177749319 1.142310482217 1.84067596099339 1.04379485873505 1.28241758933291 1.25022686878219 1.04513600608334 1.19523740443401 1.79722612700425 1.84536020364612 1.37087233690545 1.77122423169203 0.976358936401084 1.89082579314709 1.65476395306177 1.14684414304793 1.36623634025455 1.15400458592921 1.61633376032114 1.65938989445567 1.57293406617828 1.73092925082892 1.48196437442675 1.92053201398812
1.67540977546014 1.43135283677839 1.57364549441263 0 1.1629867949523 1.16984902764671 1.81853317725472 1.64160963706672 1.03739069076255 1.35966406040825 1.26446942798793 1.93090778496116 1.54510224168189 1.11782769300044 1.19455547886901 1.25384040782228 1.32383286533877 1.858290592907 1.21569906594232 1.81676252954639 1.85630983603187 1.57373974192888 1.29391881893389 1.08377692475915 1.67590694967657 1.26713489741087 1.38878480251878 1.06326760770753 1.09704118128866 1.74469720479101
1.84190820599906 1.13690440868959 1.08324920269661 1.1629867949523 0 1.6735744161997 1.71813274617307 1.77562585333362 1.40135910524987 1.36247747507878 1.15267459885217 1.33064404432662 1.30664140102454 1.55850080307573 1.25790581572801 1.78227384155616 1.31280563608743 1.88519045477733 0.966230601305142 1.45927968644537 1.53064939868636 1.00377987697721 1.53853602847084 1.42817959538661 1.01943654147908 1.48483392433263 1.6425350564532 1.72129468154162 1.2466677648481 1.36816205549985
1.23292265390046 1.10221335059032 0.987773110624403 1.16984902764671 1.6735744161997 0 1.45578380767256 1.13134721666574 1.57016207790002 1.5902870988939 1.47538907034323 1.18797581130639 1.31539023574442 1.33932471601292 1.57477500615641 1.66551539534703 1.31981472298503 1.14473599893972 1.29481668677181 1.5282030410599 1.28207706334069 1.40045362804085 1.30952644604258 1.89446610095911 1.53037728136405 1.82638586149551 1.42046803305857 1.46168841840699 1.4227268868126 1.39501089486293
1.29917040886357 1.3722316599451 1.853177749319 1.81853317725472 1.71813274617307 1.45578380767256 0 1.05785997724161 1.2209252321627 1.27404033136554 1.37752834195271 1.61451814533211 1.66746283764951 0.989099111873657 1.51840765727684 1.79825496138074 1.09686796460301 1.89556918037124 1.01588251395151 1.88334868033417 1.78712531761266 1.71963992877863 1.53208210458979 1.91237961873412 1.81759880506434 1.15499933040701 1.8961939222645 1.92057891795412 1.57617669994943 1.94020181987435
1.16118431533687 1.81880403263494 1.142310482217 1.64160963706672 1.77562585333362 1.13134721666574 1.05785997724161 0 1.54899743502028 1.11820761859417 1.75273181591183 1.44161851424724 0.948367774952203 1.18369961739518 1.73392750998028 1.82155491551384 1.91699663270265 1.21522235474549 1.47372308932245 1.65758387325332 1.86682333960198 1.70397403417155 1.46077416930348 1.78877287125215 1.51425432856195 1.336498884717 0.959213137859479 1.32353884167969 0.980864978395402 1.40196017641574
1.54745617276058 1.22792165586725 1.84067596099339 1.03739069076255 1.40135910524987 1.57016207790002 1.2209252321627 1.54899743502028 0 1.01181298564188 1.92592477961443 1.23320812638849 1.05100169824436 1.05641426984221 1.16005674982443 1.19379147375003 1.71983987488784 1.01214489759877 1.69171854271553 1.869645743398 1.19607451092452 1.23893415485509 1.21672229841352 1.75935793551616 1.57524087862112 1.40665316069499 1.44981503416784 1.20020026923157 0.982877823058516 1.8123847541865
1.83430512994528 1.39992152969353 1.04379485873505 1.35966406040825 1.36247747507878 1.5902870988939 1.27404033136554 1.11820761859417 1.01181298564188 0 1.62914374773391 1.00932403607294 1.57131347362883 1.55971757392399 0.948069558944553 1.05853084032424 1.5979225859046 1.30572228529491 1.73869791813195 0.996440104674548 1.23911074013449 1.0740286745131 1.89760685735382 1.0212164784316 1.21611250005662 1.03081990708597 1.1521393628791 1.89632298215292 1.2969812839292 1.42097591958009
1.50513205700554 1.61165462597273 1.28241758933291 1.26446942798793 1.15267459885217 1.47538907034323 1.37752834195271 1.75273181591183 1.92592477961443 1.62914374773391 0 1.81611248315312 1.88772242004052 1.72170581202954 1.48176321433857 1.36533140670508 1.82761722244322 1.54630986368284 1.66722987312824 1.91116283414885 1.1610317802988 1.65717934304848 1.4651406230405 1.63212701072916 0.981134419329464 1.74540217034519 0.95299111562781 1.65662986575626 1.70079172053374 1.10986033710651
1.30468658334576 1.57065526419319 1.25022686878219 1.93090778496116 1.33064404432662 1.18797581130639 1.61451814533211 1.44161851424724 1.23320812638849 1.00932403607294 1.81611248315312 0 1.40469082165509 1.0891204518266 1.5760122151114 1.82811356335878 0.953800452873111 1.86034297454171 1.24441051366739 1.27921688836068 1.23206772934645 1.53748917276971 1.01141895074397 1.79029129515402 1.71783006982878 1.77439538063481 1.27223673299886 1.78380715101957 1.23166475677863 1.24652716191486
1.23320875503123 1.0546534745954 1.04513600608334 1.54510224168189 1.30664140102454 1.31539023574442 1.66746283764951 0.948367774952203 1.05100169824436 1.57131347362883 1.88772242004052 1.40469082165509 0 1.52004205971025 1.57471598940901 1.40945990243927 1.09658471425064 1.83418377907947 1.44090237817727 1.85477308207192 1.53619929170236 0.985101531026885 1.15213779592887 1.70309345959686 1.59910600795411 1.18479819130152 1.65867112693377 1.13419834524393 1.43387574725784 1.94034106330946
0.951214622939005 1.7969135295134 1.19523740443401 1.11782769300044 1.55850080307573 1.33932471601292 0.989099111873657 1.18369961739518 1.05641426984221 1.55971757392399 1.72170581202954 1.0891204518266 1.52004205971025 0 1.84968404308893 1.08841815707274 1.59274296765216 1.26861932920292 1.56913828547113 1.32819425710477 1.45508360560052 1.87960030464455 1.27008421299979 1.79616060131229 1.67532174335793 0.974706370849162 1.44337960006669 1.8420808413066 1.7995043375995 1.1580630580429
1.88963500782847 1.64871893310919 1.79722612700425 1.19455547886901 1.25790581572801 1.57477500615641 1.51840765727684 1.73392750998028 1.16005674982443 0.948069558944553 1.48176321433857 1.5760122151114 1.57471598940901 1.84968404308893 0 1.60207238933071 1.24058456346393 0.961143827764317 1.2547010644339 1.052356377244 0.959375245496631 1.01558652264066 1.11330418358557 1.88071551918983 1.57299397420138 1.61242493544705 1.71777565428056 1.75792290829122 1.82753638899885 1.45497772376984
1.07926410995424 1.72254593414254 1.84536020364612 1.25384040782228 1.78227384155616 1.66551539534703 1.79825496138074 1.82155491551384 1.19379147375003 1.05853084032424 1.36533140670508 1.82811356335878 1.40945990243927 1.08841815707274 1.60207238933071 0 1.58713715570047 1.13244019681588 1.05416969791986 1.75983264273964 1.2686639148742 1.11052225274034 1.618937385967 1.11984705692157 1.76554139633663 1.81340148672462 1.04881901480258 1.32395512913354 1.67469889204949 1.2563093113713
1.74296893877909 1.47386907157488 1.37087233690545 1.32383286533877 1.31280563608743 1.31981472298503 1.09686796460301 1.91699663270265 1.71983987488784 1.5979225859046 1.82761722244322 0.953800452873111 1.09658471425064 1.59274296765216 1.24058456346393 1.58713715570047 0 1.40120592643507 1.26616983651184 1.79162951535545 1.40533824730664 1.05594256869517 1.62875862279907 1.77398303779773 0.96286522038281 1.40017191576771 1.20725506776944 1.37820436363108 1.44582773069851 1.23518588906154
1.72278430196457 1.34755128459074 1.77122423169203 1.858290592907 1.88519045477733 1.14473599893972 1.89556918037124 1.21522235474549 1.01214489759877 1.30572228529491 1.54630986368284 1.86034297454171 1.83418377907947 1.26861932920292 0.961143827764317 1.13244019681588 1.40120592643507 0 1.25391477718949 1.80223047197796 1.80935358628631 1.85379906673916 1.91531977429986 1.71444468619302 1.56369407731108 1.63604197767563 1.72713410155848 1.58290242659859 1.89237037557177 1.3119202319067
1.77269362006336 1.44633326958865 0.976358936401084 1.21569906594232 0.966230601305142 1.29481668677181 1.01588251395151 1.47372308932245 1.69171854271553 1.73869791813195 1.66722987312824 1.24441051366739 1.44090237817727 1.56913828547113 1.2547010644339 1.05416969791986 1.26616983651184 1.25391477718949 0 1.64335094275884 1.82172062946483 1.53161157830618 1.57586418231949 1.20592130674049 1.38092379737645 1.89034520229325 1.71500149928033 1.18899925402366 1.21145830978639 1.13873976795003
1.3280713937711 1.55087662301958 1.89082579314709 1.81676252954639 1.45927968644537 1.5282030410599 1.88334868033417 1.65758387325332 1.869645743398 0.996440104674548 1.91116283414885 1.27921688836068 1.85477308207192 1.32819425710477 1.052356377244 1.75983264273964 1.79162951535545 1.80223047197796 1.64335094275884 0 1.00757755083032 0.998517504893243 1.19022015621886 0.947098519420251 1.04924667743035 0.991304332623258 1.11091298051178 0.968241225695238 1.19840367673896 1.70814750320278
1.72720755916089 1.20103117148392 1.65476395306177 1.85630983603187 1.53064939868636 1.28207706334069 1.78712531761266 1.86682333960198 1.19607451092452 1.23911074013449 1.1610317802988 1.23206772934645 1.53619929170236 1.45508360560052 0.959375245496631 1.2686639148742 1.40533824730664 1.80935358628631 1.82172062946483 1.00757755083032 0 1.39013794274069 1.20851100143045 1.39723284100182 1.49827040545642 1.88833008985966 1.02138537750579 1.2840412966907 0.963688171235844 1.46304146200418
1.21038105990738 1.91716015781276 1.14684414304793 1.57373974192888 1.00377987697721 1.40045362804085 1.71963992877863 1.70397403417155 1.23893415485509 1.0740286745131 1.65717934304848 1.53748917276971 0.985101531026885 1.87960030464455 1.01558652264066 1.11052225274034 1.05594256869517 1.85379906673916 1.53161157830618 0.998517504893243 1.39013794274069 0 1.41624543629587 1.3182258431334 1.60456666979007 1.72598576638848 0.964723038021475 1.169881535694 1.72939073643647 1.18369137705304
1.04723709262908 1.55997750721872 1.36623634025455 1.29391881893389 1.53853602847084 1.30952644604258 1.53208210458979 1.46077416930348 1.21672229841352 1.89760685735382 1.4651406230405 1.01141895074397 1.15213779592887 1.27008421299979 1.11330418358557 1.618937385967 1.62875862279907 1.91531977429986 1.57586418231949 1.19022015621886 1.20851100143045 1.41624543629587 0 1.09218499111012 1.33674631407484 1.00647191330791 1.27434336650185 1.01549486932345 1.33078808546998 1.92729912674986
1.51371301081963 1.29099685256369 1.15400458592921 1.08377692475915 1.42817959538661 1.89446610095911 1.91237961873412 1.78877287125215 1.75935793551616 1.0212164784316 1.63212701072916 1.79029129515402 1.70309345959686 1.79616060131229 1.88071551918983 1.11984705692157 1.77398303779773 1.71444468619302 1.20592130674049 0.947098519420251 1.39723284100182 1.3182258431334 1.09218499111012 0 1.09907861170359 0.982514538336545 1.83717590849847 1.2605363461189 1.00213095010258 1.60744838835672
1.64215802028775 1.3480633313302 1.61633376032114 1.67590694967657 1.01943654147908 1.53037728136405 1.81759880506434 1.51425432856195 1.57524087862112 1.21611250005662 0.981134419329464 1.71783006982878 1.59910600795411 1.67532174335793 1.57299397420138 1.76554139633663 0.96286522038281 1.56369407731108 1.38092379737645 1.04924667743035 1.49827040545642 1.60456666979007 1.33674631407484 1.09907861170359 0 1.12362312478945 1.56923644989729 1.85299115767702 1.34335874719545 1.19716281141154
1.92592099378817 1.33296179585159 1.65938989445567 1.26713489741087 1.48483392433263 1.82638586149551 1.15499933040701 1.336498884717 1.40665316069499 1.03081990708597 1.74540217034519 1.77439538063481 1.18479819130152 0.974706370849162 1.61242493544705 1.81340148672462 1.40017191576771 1.63604197767563 1.89034520229325 0.991304332623258 1.88833008985966 1.72598576638848 1.00647191330791 0.982514538336545 1.12362312478945 0 1.19627912691794 1.85875628003851 1.1639682049863 1.7956246258691
1.48214282491244 1.2272915658541 1.57293406617828 1.38878480251878 1.6425350564532 1.42046803305857 1.8961939222645 0.959213137859479 1.44981503416784 1.1521393628791 0.95299111562781 1.27223673299886 1.65867112693377 1.44337960006669 1.71777565428056 1.04881901480258 1.20725506776944 1.72713410155848 1.71500149928033 1.11091298051178 1.02138537750579 0.964723038021475 1.27434336650185 1.83717590849847 1.56923644989729 1.19627912691794 0 1.02663615974598 1.67995336744934 1.87704259646125
1.47561755031347 1.80455440352671 1.73092925082892 1.06326760770753 1.72129468154162 1.46168841840699 1.92057891795412 1.32353884167969 1.20020026923157 1.89632298215292 1.65662986575626 1.78380715101957 1.13419834524393 1.8420808413066 1.75792290829122 1.32395512913354 1.37820436363108 1.58290242659859 1.18899925402366 0.968241225695238 1.2840412966907 1.169881535694 1.01549486932345 1.2605363461189 1.85299115767702 1.85875628003851 1.02663615974598 0 1.4424502835609 0.984833374852315
1.55313494475558 1.80218631168827 1.48196437442675 1.09704118128866 1.2466677648481 1.4227268868126 1.57617669994943 0.980864978395402 0.982877823058516 1.2969812839292 1.70079172053374 1.23166475677863 1.43387574725784 1.7995043375995 1.82753638899885 1.67469889204949 1.44582773069851 1.89237037557177 1.21145830978639 1.19840367673896 0.963688171235844 1.72939073643647 1.33078808546998 1.00213095010258 1.34335874719545 1.1639682049863 1.67995336744934 1.4424502835609 0 1.15422285231762
1.02861374965869 1.25367310340516 1.92053201398812 1.74469720479101 1.36816205549985 1.39501089486293 1.94020181987435 1.40196017641574 1.8123847541865 1.42097591958009 1.10986033710651 1.24652716191486 1.94034106330946 1.1580630580429 1.45497772376984 1.2563093113713 1.23518588906154 1.3119202319067 1.13873976795003 1.70814750320278 1.46304146200418 1.18369137705304 1.92729912674986 1.60744838835672 1.19716281141154 1.7956246258691 1.87704259646125 0.984833374852315 1.15422285231762 0
