0 1.20248211035505 1.53329214686528 1.69721631961875 1.91251658787951 0.958460106048733 1.31613803654909 1.1133243907243 1.49570246203803 1.68125171191059 1.2820236061234 1.79594569257461 1.46255587507039 1.49717513960786 1.6804036248941 1.25178101030178 1.63836464192718 1.0295146224089 1.20607539149933 1.3214511256665 1.73690955666825 1.59939878806472 1.35712932725437 1.14433114835992 1.29920766153373 1.09135663509369 1.32415993255563 1.58009227504954 1.11469839676283 1.20802419632673
1.20248211035505 0 1.41717745130882 1.30721036647446 1.87448142468929 1.67806395026855 1.47076753061265 1.69726144196466 1.50279970373958 1.18620725441724 1.03326832596213 1.74945110781118 1.53840810270049 1.68896016408689 1.26984043442644 1.64956140122376 1.27825201349333 1.79983102576807 1.01465348270722 1.55082076787949 1.70506261661649 1.6410256868694 1.80512644466944 1.00685456395149 1.9079766201321 1.83357179653831 1.27099571493454 1.17151929531246 1.45825456362218 1.71067825495265
1.53329214686528 1.41717745130882 0 1.27760565141216 1.87259208736941 1.7218194771558 1.31074950983748 1.59147682739422 1.17686520889401 1.50640738452785 1.36137789720669 1.53759750607423 1.62516237329692 1.19174196943641 1.59746915986761 1.05220604757778 1.51800651825033 1.12236970872618 0.997505703940988 1.06255378690548 1.41446835617535 1.1057914365083 1.74684608587995 1.81161112315021 1.65094614354894 1.71065961499698 1.3372926490847 1.16449010395445 1.37583125964738 1.38832351425663
1.69721631961875 1.30721036647446 1.27760565141216 0 1.57949618110433 1.70815934194252 0.935722661437467 1.49949937779456 1.81254113442264 0.987950482405722 1.51192648755386 1.51453374372795 1.09220435167663 0.965641462476924 1.06381601211615 0.944305709097534 1.7097745675128 0.962658329866827 1.58535556145944 1.23679257859476 1.53529802709818 1.69585892977193 1.12773039424792 1.63354867487215 1.44144181674346 1.76167547074147 0.95600003330037 1.55892164260149 1.11635400634259 1.4332297835499
1.91251658787951 1.87448142468929 1.87259208736941 1.57949618110433 0 0.954949025996029 1.87186898244545 1.89285265398212 1.40055748191662 1.88775809644721 1.41419610753655 0.94917908962816 1.4540756973438 1.46037504007109 1.3609821991995 1.90225533815101 1.05279601924121 1.53346448787488 1.88661156594753 1.36092906957492 1.29759407276288 1.45239366590977 1.39493718626909 1.06417229096405 1.45747675397433 1.14756350242533 0.968210205668584 1.86753567075357 1.60453827073798 1.16938872565515
0.958460106048733 1.67806395026855 1.7218194771558 1.70815934194252 0.954949025996029 0 0.991583871422336 1.04100950458087 1.03282864112407 1.04314292641357 1.50283755687997 1.31784226419404 1.76764347753488 1.64421061519533 1.56885219458491 1.72903256374411 0.946205672575161 1.83484115684405 1.24491132167168 1.1776050964836 1.85878351936117 1.10369267174974 1.73207460949197 1.8538623189088 1.03760872082785 1.53248709975742 1.55934288399294 1.06169207696803 1.16013714601286 1.69182851235382
1.31613803654909 1.47076753061265 1.31074950983748 0.935722661437467 1.87186898244545 0.991583871422336 0 1.82700741733424 1.33582290750928 1.25403332291171 1.51782601769082 1.10544585133903 0.925978906219825 1.22040235251188 1.16653026174754 1.36982954316773 1.09401343762875 1.48802208015695 1.39410900278017 1.60587708861567 1.261235720478 1.5156359334942 1.64270453341305 1.73334848205559 1.36372744617984 1.44578825053759 1.56590039771982 1.23540861555375 1.07142869988456 1.73964132065885
1.1133243907243 1.69726144196466 1.59147682739422 1.49949937779456 1.89285265398212 1.04100950458087 1.82700741733424 0 1.09340297384188 1.39209830830805 1.52658917405643 1.63777784421109 1.89799786056392 1.52617523842491 1.49510956183076 1.03408467490226 1.6211900790222 1.05563535937108 1.88105471548624 1.47900106408633 1.21180221182294 1.63680390152149 0.957687739981338 1.36496266676113 1.44202216155827 1.51070508104749 1.40862227696925 1.52235623355955 1.79621233884245 1.5144254534971
1.49570246203803 1.50279970373958 1.17686520889401 1.81254113442264 1.40055748191662 1.03282864112407 1.33582290750928 1.09340297384188 0 1.76558416266926 1.47195550659671 0.955087196547538 1.71556242578663 1.64609005698003 1.78722024848685 1.57054156367667 1.06446755747311 1.11778524680994 1.61365206097253 1.11765705537982 1.28486156580038 1.69703962025233 1.33704170375131 1.8928712781053 1.52814027667046 1.62448787549511 1.18245630571619 1.26665375102311 1.24329582182691 1.72189562930726
1.68125171191059 1.18620725441724 1.50640738452785 0.987950482405722 1.88775809644721 1.04314292641357 1.25403332291171 1.39209830830805 1.76558416266926 0 1.59353117481805 1.67092882888392 1.29532223427668 1.82906629145145 0.949482121737674 1.77409981004894 1.67044161236845 1.26210552384146 1.22775920131244 1.5075616624672 1.08415458467789 1.01564819552004 1.0760445704218 1.90622423868626 1.83231919980608 0.938312293263152 1.02007389720529 1.86677252384834 1.8637929155957 1.0295347883366
1.2820236061234 1.03326832596213 1.36137789720669 1.51192648755386 1.41419610753655 1.50283755687997 1.51782601769082 1.52658917405643 1.47195550659671 1.59353117481805 0 1.87307180883363 1.13786450983025 1.2831588415429 1.89667475223541 1.75475618941709 1.62054144591093 1.85225884802639 1.52894735126756 1.37496253335848 1.86605323432013 1.59883191483095 1.50920714042149 1.02372678625397 1.31562232715078 1.11969714425504 1.56725618964992 1.59652860695496 1.63449895405211 1.24326482485048
1.79594569257461 1.74945110781118 1.53759750607423 1.51453374372795 0.94917908962816 1.31784226419404 1.10544585133903 1.63777784421109 0.955087196547538 1.67092882888392 1.87307180883363 0 1.55642652045935 0.919892051722854 1.03440146381035 1.2516108979471 1.23459159350023 1.24825324676931 1.50276026269421 1.23334141285159 1.42937706666999 1.09513725549914 1.24942110199481 1.70009632362053 1.03838546923362 0.93926992197521 1.67692041536793 1.55943438177928 1.19989962805994 1.21294606896117
1.46255587507039 1.53840810270049 1.62516237329692 1.09220435167663 1.4540756973438 1.76764347753488 0.925978906219825 1.89799786056392 1.71556242578663 1.29532223427668 1.13786450983025 1.55642652045935 0 1.02641704445705 1.63963339477777 0.96075176820159 1.39462577248923 1.07121154875495 1.5688813207671 1.06186171108857 1.06739677325822 1.57346633845009 0.940310120582581 1.65477355034091 1.86546159279533 1.76103652338497 1.71946885390207 1.87650206452236 1.68598652700894 1.05355855519883
1.49717513960786 1.68896016408689 1.19174196943641 0.965641462476924 1.46037504007109 1.64421061519533 1.22040235251188 1.52617523842491 1.64609005698003 1.82906629145145 1.2831588415429 0.919892051722854 1.02641704445705 0 1.00163704063743 1.1811476580333 1.6150349129457 0.985262231202796 1.27158331684768 1.38801054074429 1.53260565199889 1.38349394104443 1.37744995253161 1.0897159143351 1.64651239616796 1.702725346433 1.79869479895569 0.960462633986026 1.24719096510671 1.7581089513842
1.6804036248941 1.26984043442644 1.59746915986761 1.06381601211615 1.3609821991995 1.56885219458491 1.16653026174754 1.49510956183076 1.78722024848685 0.949482121737674 1.89667475223541 1.03440146381035 1.63963339477777 1.00163704063743 0 1.65820158645511 1.57950268895365 1.32371499249712 1.77347534988075 1.62007150263526 1.15075754071586 1.35947081563063 1.1627942470368 1.02995422156528 1.60637365072034 1.19552344735712 1.00531086744741 1.37709091440775 1.429637018824 1.86394801479764
1.25178101030178 1.64956140122376 1.05220604757778 0.944305709097534 1.90225533815101 1.72903256374411 1.36982954316773 1.03408467490226 1.57054156367667 1.77409981004894 1.75475618941709 1.2516108979471 0.96075176820159 1.1811476580333 1.65820158645511 0 1.74381532194093 1.84705364867114 1.1999466244597 1.17451350670308 1.78452874347568 1.28305358369835 1.06984632182866 1.20224145776592 1.2339201271534 1.44623756734654 1.17984500876628 1.1954616624862 1.58066822588444 1.00618998706341
1.63836464192718 1.27825201349333 1.51800651825033 1.7097745675128 1.05279601924121 0.946205672575161 1.09401343762875 1.6211900790222 1.06446755747311 1.67044161236845 1.62054144591093 1.23459159350023 1.39462577248923 1.6150349129457 1.57950268895365 1.74381532194093 0 1.70264239027165 1.49487483408302 1.10650089243427 1.78560878639109 1.88556649582461 1.70558654237539 1.80294014583342 0.937366092111915 1.20663260761648 1.46475470624864 1.3448875201866 1.37856631097384 1.06813570577651
1.0295146224089 1.79983102576807 1.12236970872618 0.962658329866827 1.53346448787488 1.83484115684405 1.48802208015695 1.05563535937108 1.11778524680994 1.26210552384146 1.85225884802639 1.24825324676931 1.07121154875495 0.985262231202796 1.32371499249712 1.84705364867114 1.70264239027165 0 1.8525840791408 1.25286239688285 1.75444685877301 0.952760276151821 1.21627905266359 1.41377180907875 1.29023983236402 1.61921376129612 1.58306500967592 1.30810535047203 1.35315638990141 1.30611327942461
1.20607539149933 1.01465348270722 0.997505703940988 1.58535556145944 1.88661156594753 1.24491132167168 1.39410900278017 1.88105471548624 1.61365206097253 1.22775920131244 1.52894735126756 1.50276026269421 1.5688813207671 1.27158331684768 1.77347534988075 1.1999466244597 1.49487483408302 1.8525840791408 0 1.8533234319184 1.84044256084599 0.920637372182682 1.04530498269014 1.43506176676601 1.23833600129001 1.20231577986851 1.87185210804455 1.23637607041746 1.80304426257499 1.07735229725949
1.3214511256665 1.55082076787949 1.06255378690548 1.23679257859476 1.36092906957492 1.1776050964836 1.60587708861567 1.47900106408633 1.11765705537982 1.5075616624672 1.37496253335848 1.23334141285159 1.06186171108857 1.38801054074429 1.62007150263526 1.17451350670308 1.10650089243427 1.25286239688285 1.8533234319184 0 1.64431276777759 1.63737749960274 1.86729981726967 1.27161153964698 1.57962920586579 1.59781604749151 1.02030155388638 1.68600097112358 1.72566849109717 0.99615499493666
1.73690955666825 1.70506261661649 1.41446835617535 1.53529802709818 1.29759407276288 1.85878351936117 1.261235720478 1.21180221182294 1.28486156580038 1.08415458467789 1.86605323432013 1.42937706666999 1.06739677325822 1.53260565199889 1.15075754071586 1.78452874347568 1.78560878639109 1.75444685877301 1.84044256084599 1.64431276777759 0 1.57177465618588 1.10924016823992 1.63522634538822 1.07391820196062 1.397242982639 1.67850223649293 1.57632441120222 1.88351798593067 1.52796922088601
1.59939878806472 1.6410256868694 1.1057914365083 1.69585892977193 1.45239366590977 1.10369267174974 1.5156359334942 1.63680390152149 1.69703962025233 1.01564819552004 1.59883191483095 1.09513725549914 1.57346633845009 1.38349394104443 1.35947081563063 1.28305358369835 1.88556649582461 0.952760276151821 0.920637372182682 1.63737749960274 1.57177465618588 0 1.6029656229075 1.06881359661929 1.02532808156684 1.60039285593666 1.23002189700492 1.85007380764 1.66547686839476 1.81374406279065
1.35712932725437 1.80512644466944 1.74684608587995 1.12773039424792 1.39493718626909 1.73207460949197 1.64270453341305 0.957687739981338 1.33704170375131 1.0760445704218 1.50920714042149 1.24942110199481 0.940310120582581 1.37744995253161 1.1627942470368 1.06984632182866 1.70558654237539 1.21627905266359 1.04530498269014 1.86729981726967 1.10924016823992 1.6029656229075 0 0.926082664402202 1.56619093706831 1.50732181081548 1.70540539198555 1.55012920731679 1.76041497127153 1.37998715275899
1.14433114835992 1.00685456395149 1.81161112315021 1.63354867487215 1.06417229096405 1.8538623189088 1.73334848205559 1.36496266676113 1.8928712781053 1.90622423868626 1.02372678625397 1.70009632362053 1.65477355034091 1.0897159143351 1.02995422156528 1.20224145776592 1.80294014583342 1.41377180907875 1.43506176676601 1.27161153964698 1.63522634538822 1.06881359661929 0.926082664402202 0 1.49456454860047 1.78861118969508 1.87144896876998 1.34938304382376 1.36837106570601 1.03978603030555
1.29920766153373 1.9079766201321 1.65094614354894 1.44144181674346 1.45747675397433 1.03760872082785 1.36372744617984 1.44202216155827 1.52814027667046 1.83231919980608 1.31562232715078 1.03838546923362 1.86546159279533 1.64651239616796 1.60637365072034 1.2339201271534 0.937366092111915 1.29023983236402 1.23833600129001 1.57962920586579 1.07391820196062 1.02532808156684 1.56619093706831 1.49456454860047 0 0.938304894603789 1.47655340400524 1.81285473983735 1.44583045272157 1.40499249333516
1.09135663509369 1.83357179653831 1.71065961499698 1.76167547074147 1.14756350242533 1.53248709975742 1.44578825053759 1.51070508104749 1.62448787549511 0.938312293263152 1.11969714425504 0.93926992197521 1.76103652338497 1.702725346433 1.19552344735712 1.44623756734654 1.20663260761648 1.61921376129612 1.20231577986851 1.59781604749151 1.397242982639 1.60039285593666 1.50732181081548 1.78861118969508 0.938304894603789 0 1.16939807450399 0.977296840632334 1.58363110665232 0.939710536040366
1.32415993255563 1.27099571493454 1.3372926490847 0.95600003330037 0.968210205668584 1.55934288399294 1.56590039771982 1.40862227696925 1.18245630571619 1.02007389720529 1.56725618964992 1.67692041536793 1.71946885390207 1.79869479895569 1.00531086744741 1.17984500876628 1.46475470624864 1.58306500967592 1.87185210804455 1.02030155388638 1.67850223649293 1.23002189700492 1.70540539198555 1.87144896876998 1.47655340400524 1.16939807450399 0 1.21310214931145 1.26529832626693 1.06097926315852
1.58009227504954 1.17151929531246 1.16449010395445 1.55892164260149 1.86753567075357 1.06169207696803 1.23540861555375 1.52235623355955 1.26665375102311 1.86677252384834 1.59652860695496 1.55943438177928 1.87650206452236 0.960462633986026 1.37709091440775 1.1954616624862 1.3448875201866 1.30810535047203 1.23637607041746 1.68600097112358 1.57632441120222 1.85007380764 1.55012920731679 1.34938304382376 1.81285473983735 0.977296840632334 1.21310214931145 0 0.931385092437267 1.24908327427693
1.11469839676283 1.45825456362218 1.37583125964738 1.11635400634259 1.60453827073798 1.16013714601286 1.07142869988456 1.79621233884245 1.24329582182691 1.8637929155957 1.63449895405211 1.19989962805994 1.68598652700894 1.24719096510671 1.429637018824 1.58066822588444 1.37856631097384 1.35315638990141 1.80304426257499 1.72566849109717 1.88351798593067 1.66547686839476 1.76041497127153 1.36837106570601 1.44583045272157 1.58363110665232 1.26529832626693 0.931385092437267 0 1.30412519234233
1.20802419632673 1.71067825495265 1.38832351425663 1.4332297835499 1.16938872565515 1.69182851235382 1.73964132065885 1.5144254534971 1.72189562930726 1.0295347883366 1.24326482485048 1.21294606896117 1.05355855519883 1.7581089513842 1.86394801479764 1.00618998706341 1.06813570577651 1.30611327942461 1.07735229725949 0.99615499493666 1.52796922088601 1.81374406279065 1.37998715275899 1.03978603030555 1.40499249333516 0.939710536040366 1.06097926315852 1.24908327427693 1.30412519234233 0
