0 1.62841900717467 1.69201779691502 1.51318593602628 0.971577926538885 0.972733801230788 1.32541518751532 1.35907471016981 1.61824535601772 1.43246924923733 1.25565611920319 1.61014649411663 1.89215497276746 0.958295710384846 1.37033669254743 1.22217599023134 1.28201934625395 1.77207250357606 1.32015370181762 1.46244501206093 1.28565797698684 1.02142864232883 1.67983426945284 1.75599500560202 1.13882691203617 1.04642560984939 1.3027483811602 1.71865117433481 1.22304870467633 0.93273650156334
1.62841900717467 0 1.67195227369666 1.01579685858451 1.25779692269862 1.06735794222914 1.70418856129982 1.04590873420238 1.51214773091488 1.78564196103252 1.40977057954296 1.28344779741019 1.11448017484508 1.00357893621549 1.55562322190963 1.83515851246193 1.75402550585568 1.54650545772165 1.80236408789642 1.20288529968821 1.41713420930319 1.11703358008526 1.16638773470186 1.37305553327315 1.59113978757523 1.48993502068333 0.93578458763659 1.02136637503281 1.09201424778439 1.48024632921442
1.69201779691502 1.67195227369666 0 0.939981915755197 0.94215968507342 1.8542287137825 1.30694433045574 1.42892083968036 1.03956028912216 1.23323767981492 1.74882513121702 1.55100474180654 1.58842586982064 1.54560969769955 1.10616739164107 1.60901956656016 1.91321974014863 0.981834657955915 1.40009710076265 1.50197356264107 1.05009538610466 1.28888826351613 1.41631339001469 1.38432066165842 1.04264644952491 1.472390569048 1.61890004598536 1.74045269167982 1.02284433343448 1.24284186190926
1.51318593602628 1.01579685858451 0.939981915755197 0 1.78772375988774 1.20921808248386 1.34768851473927 1.91949683567509 1.00440686009824 1.2788021271117 1.09224720764905 1.7915184001904 1.81858020229265 1.55172663531266 1.87988743605092 1.72233056114055 1.20583773776889 1.00856590247713 1.75637418567203 1.92607468203641 1.4757877222728 1.21891083009541 1.2827638713643 0.950222400715575 1.64767433120869 1.08799004531465 1.31372845522128 1.76251352136023 1.22122308961116 1.52816395740956
0.971577926538885 1.25779692269862 0.94215968507342 1.78772375988774 0 1.44637148058973 1.32347827148624 1.38932444364764 1.72274479456246 1.81929238350131 1.19364987290464 1.60591261112131 1.91496606077999 1.01651895535178 0.990922577446327 1.89030323456973 1.08957205340266 1.69070530845784 1.59244383499026 1.38330517197028 1.77232300001197 1.77632036409341 1.73079270287417 1.6636341966223 1.18481755978428 1.55201577977277 1.25401740660891 1.71005549910478 1.16953385784291 1.11393154365942
0.972733801230788 1.06735794222914 1.8542287137825 1.20921808248386 1.44637148058973 0 1.69368088548072 1.00764277065173 1.03950082487427 1.79601588868536 1.2768473001197 1.57714370265603 1.72440422303043 1.01314994110726 1.61869037663564 1.90520780463703 1.35831301053986 1.77237170143053 0.990074584027752 1.23838437371887 1.74793591815978 1.0675731182564 1.47870230185799 1.18990366626531 1.06249993201345 1.31103627406992 1.73221953539178 1.93071936350316 1.79786423733458 1.55743496702053
1.32541518751532 1.70418856129982 1.30694433045574 1.34768851473927 1.32347827148624 1.69368088548072 0 1.01151204993948 1.85217504343018 1.41348064737394 1.70156101719476 0.982216112781316 1.37069851276465 1.55817976850085 1.33989823586307 1.3989348995965 1.25586055521853 1.24798504589126 1.92493896279484 1.21218489529565 0.934050474083051 1.60568442055956 1.37786027602851 1.87018717825413 1.75986267416738 1.5070262637455 0.966120678232983 1.31902605621144 1.02821628493257 1.65668781264685
1.35907471016981 1.04590873420238 1.42892083968036 1.91949683567509 1.38932444364764 1.00764277065173 1.01151204993948 0 1.58990543708205 1.77870669332333 1.8390545391012 1.06266341754235 1.72877497691661 1.42131959437393 1.3251665730495 1.55196896288544 1.3707225357648 1.40143242781051 1.17420817911625 1.10946339904331 1.27451123297215 1.23124824091792 1.78948609600775 1.47840521926992 1.41013550036587 1.18480014731176 1.10437964345329 1.04049595724791 1.23323136707768 1.05065813288093
1.61824535601772 1.51214773091488 1.03956028912216 1.00440686009824 1.72274479456246 1.03950082487427 1.85217504343018 1.58990543708205 0 1.24200610769913 1.06675925129093 1.48460537591018 1.04450540011749 1.43526627845131 1.89179650181904 1.64828740130179 1.46293375664391 1.40206264122389 1.6301352456212 1.61947745271027 1.46806621458381 1.24287136318162 1.23216200852767 1.06750395707786 1.21127524622716 1.14164300519042 1.83663869602606 1.36708267219365 1.35150272632018 1.73785834549926
1.43246924923733 1.78564196103252 1.23323767981492 1.2788021271117 1.81929238350131 1.79601588868536 1.41348064737394 1.77870669332333 1.24200610769913 0 1.25601018290035 1.48582262243144 1.73482083831914 1.60498758568428 1.10416463809088 1.27543399529532 1.2491059161257 0.958761257817969 0.983343830099329 1.91559282550588 1.54657295206562 1.80503101297654 1.30199422198348 1.50650851125829 1.7948764776811 1.36312532960437 1.80046578892507 1.55744463577867 1.68972052098252 1.56970953289419
1.25565611920319 1.40977057954296 1.74882513121702 1.09224720764905 1.19364987290464 1.2768473001197 1.70156101719476 1.8390545391012 1.06675925129093 1.25601018290035 0 1.00950274965726 1.57072766055353 1.65185920940712 1.37468877388164 0.999066963559017 0.961678631138057 1.10808164812624 0.942054382525384 1.54609252605587 1.09085427341051 1.45018283254467 1.79192517651245 1.62629268690944 1.30720385862514 1.00463207648136 0.954172778641805 1.14730024896562 1.17521561938338 1.70109135867096
1.61014649411663 1.28344779741019 1.55100474180654 1.7915184001904 1.60591261112131 1.57714370265603 0.982216112781316 1.06266341754235 1.48460537591018 1.48582262243144 1.00950274965726 0 0.985961667727679 1.2322232243605 1.81265620701015 1.30956981400959 1.47030424536206 1.66275044973008 1.74313679919578 1.5222100391984 0.992529349168763 1.68128100829199 1.06748894089833 1.3609679134097 1.34577117441222 1.90671023097821 1.02456242172047 1.0828702468425 1.46258080541156 1.14191286219284
1.89215497276746 1.11448017484508 1.58842586982064 1.81858020229265 1.91496606077999 1.72440422303043 1.37069851276465 1.72877497691661 1.04450540011749 1.73482083831914 1.57072766055353 0.985961667727679 0 1.77965623768978 1.18090033298358 1.66584023996256 1.55293943011202 1.17604886135086 1.20272199832834 1.21320575312711 1.36355826910585 1.88788334466517 1.45471549360082 1.03379350411706 1.59431080380455 1.42378415167332 1.09209454525262 1.21715776412748 0.945090443361551 0.976235053967685
0.958295710384846 1.00357893621549 1.54560969769955 1.55172663531266 1.01651895535178 1.01314994110726 1.55817976850085 1.42131959437393 1.43526627845131 1.60498758568428 1.65185920940712 1.2322232243605 1.77965623768978 0 1.33472935203463 1.59576857322827 1.60303040174767 1.30399681068957 1.15415860014036 1.83182535134256 1.68118158332072 1.49344486952759 1.69833209714852 1.44076529494487 1.76115739485249 1.56040733726695 1.86002242378891 1.48306354135275 1.87841370422393 1.54216115339659
1.37033669254743 1.55562322190963 1.10616739164107 1.87988743605092 0.990922577446327 1.61869037663564 1.33989823586307 1.3251665730495 1.89179650181904 1.10416463809088 1.37468877388164 1.81265620701015 1.18090033298358 1.33472935203463 0 1.89674808038399 1.56805641460232 1.30092193512246 1.69363789213821 1.71778146084398 0.965644715121016 1.22565209702589 1.15604442125186 1.86813546204939 1.47943360032514 1.29363093734719 1.84738554735668 1.74154543410987 1.2967601348646 1.25285769836046
1.22217599023134 1.83515851246193 1.60901956656016 1.72233056114055 1.89030323456973 1.90520780463703 1.3989348995965 1.55196896288544 1.64828740130179 1.27543399529532 0.999066963559017 1.30956981400959 1.66584023996256 1.59576857322827 1.89674808038399 0 1.64191610272974 1.52474267617799 1.02599169383757 1.87829150632024 1.34209508658387 1.63947774656117 1.87165477615781 1.44728971552104 1.1588124462869 1.12507159193046 1.09890670818277 1.8163448299747 1.42712317686528 1.67979628196917
1.28201934625395 1.75402550585568 1.91321974014863 1.20583773776889 1.08957205340266 1.35831301053986 1.25586055521853 1.3707225357648 1.46293375664391 1.2491059161257 0.961678631138057 1.47030424536206 1.55293943011202 1.60303040174767 1.56805641460232 1.64191610272974 0 1.35091507574543 1.34544355864637 1.84764075255953 1.69363044109195 1.30406564357691 1.48820986668579 1.35550222010352 0.983877697959542 1.3047521605622 1.91585140977986 1.58282756316476 1.89093214902095 1.5533657555934
1.77207250357606 1.54650545772165 0.981834657955915 1.00856590247713 1.69070530845784 1.77237170143053 1.24798504589126 1.40143242781051 1.40206264122389 0.958761257817969 1.10808164812624 1.66275044973008 1.17604886135086 1.30399681068957 1.30092193512246 1.52474267617799 1.35091507574543 0 1.15652979118749 1.61479403660633 0.964486746117473 1.35501633561216 0.965624096337706 1.42999041127041 1.42425330076367 1.39678475097753 1.12779905530624 1.42812312417664 1.78837229683995 1.06830537854694
1.32015370181762 1.80236408789642 1.40009710076265 1.75637418567203 1.59244383499026 0.990074584027752 1.92493896279484 1.17420817911625 1.6301352456212 0.983343830099329 0.942054382525384 1.74313679919578 1.20272199832834 1.15415860014036 1.69363789213821 1.02599169383757 1.34544355864637 1.15652979118749 0 1.87642680644058 1.74043838214129 1.13649491872638 1.01414240244776 1.68665338470601 1.82332000066526 1.73585898056626 1.5180062847212 1.16932522132993 1.92951760510914 1.70498130423948
1.46244501206093 1.20288529968821 1.50197356264107 1.92607468203641 1.38330517197028 1.23838437371887 1.21218489529565 1.10946339904331 1.61947745271027 1.91559282550588 1.54609252605587 1.5222100391984 1.21320575312711 1.83182535134256 1.71778146084398 1.87829150632024 1.84764075255953 1.61479403660633 1.87642680644058 0 1.37286283914 1.83527575805783 0.941400760086253 1.20166193717159 1.49087465088814 1.54706983361393 1.41763379285112 1.77154836733826 1.42326582758687 1.67127246642485
1.28565797698684 1.41713420930319 1.05009538610466 1.4757877222728 1.77232300001197 1.74793591815978 0.934050474083051 1.27451123297215 1.46806621458381 1.54657295206562 1.09085427341051 0.992529349168763 1.36355826910585 1.68118158332072 0.965644715121016 1.34209508658387 1.69363044109195 0.964486746117473 1.74043838214129 1.37286283914 0 0.943607493769377 1.41204563528299 1.44644022081047 1.7235507927835 1.6691005770117 1.12717525754124 1.5139395527076 1.20077456627041 1.44147167913616
1.02142864232883 1.11703358008526 1.28888826351613 1.21891083009541 1.77632036409341 1.0675731182564 1.60568442055956 1.23124824091792 1.24287136318162 1.80503101297654 1.45018283254467 1.68128100829199 1.88788334466517 1.49344486952759 1.22565209702589 1.63947774656117 1.30406564357691 1.35501633561216 1.13649491872638 1.83527575805783 0.943607493769377 0 1.28182064951397 1.41742284945212 1.51569365616888 1.17295462195762 1.09124607383274 1.29732350073755 1.35694154608063 1.34763592178933
1.67983426945284 1.16638773470186 1.41631339001469 1.2827638713643 1.73079270287417 1.47870230185799 1.37786027602851 1.78948609600775 1.23216200852767 1.30199422198348 1.79192517651245 1.06748894089833 1.45471549360082 1.69833209714852 1.15604442125186 1.87165477615781 1.48820986668579 0.965624096337706 1.01414240244776 0.941400760086253 1.41204563528299 1.28182064951397 0 1.44027909706347 1.82492153253406 1.89930407726206 1.65585731971078 1.37744646379724 1.69957691431046 1.28648747107945
1.75599500560202 1.37305553327315 1.38432066165842 0.950222400715575 1.6636341966223 1.18990366626531 1.87018717825413 1.47840521926992 1.06750395707786 1.50650851125829 1.62629268690944 1.3609679134097 1.03379350411706 1.44076529494487 1.86813546204939 1.44728971552104 1.35550222010352 1.42999041127041 1.68665338470601 1.20166193717159 1.44644022081047 1.41742284945212 1.44027909706347 0 1.83076831698418 1.32773960474879 1.1828935702797 1.00783324055374 1.32566156424582 1.698389000725
1.13882691203617 1.59113978757523 1.04264644952491 1.64767433120869 1.18481755978428 1.06249993201345 1.75986267416738 1.41013550036587 1.21127524622716 1.7948764776811 1.30720385862514 1.34577117441222 1.59431080380455 1.76115739485249 1.47943360032514 1.1588124462869 0.983877697959542 1.42425330076367 1.82332000066526 1.49087465088814 1.7235507927835 1.51569365616888 1.82492153253406 1.83076831698418 0 1.75564198894426 1.66860027005896 1.59479781589471 1.18717091297731 0.941123924218118
1.04642560984939 1.48993502068333 1.472390569048 1.08799004531465 1.55201577977277 1.31103627406992 1.5070262637455 1.18480014731176 1.14164300519042 1.36312532960437 1.00463207648136 1.90671023097821 1.42378415167332 1.56040733726695 1.29363093734719 1.12507159193046 1.3047521605622 1.39678475097753 1.73585898056626 1.54706983361393 1.6691005770117 1.17295462195762 1.89930407726206 1.32773960474879 1.75564198894426 0 0.949619524879381 1.36107446858659 1.36558334925212 1.02461265167221
1.3027483811602 0.93578458763659 1.61890004598536 1.31372845522128 1.25401740660891 1.73221953539178 0.966120678232983 1.10437964345329 1.83663869602606 1.80046578892507 0.954172778641805 1.02456242172047 1.09209454525262 1.86002242378891 1.84738554735668 1.09890670818277 1.91585140977986 1.12779905530624 1.5180062847212 1.41763379285112 1.12717525754124 1.09124607383274 1.65585731971078 1.1828935702797 1.66860027005896 0.949619524879381 0 1.13240449456498 1.47665405995212 1.59456568281166
1.71865117433481 1.02136637503281 1.74045269167982 1.76251352136023 1.71005549910478 1.93071936350316 1.31902605621144 1.04049595724791 1.36708267219365 1.55744463577867 1.14730024896562 1.0828702468425 1.21715776412748 1.48306354135275 1.74154543410987 1.8163448299747 1.58282756316476 1.42812312417664 1.16932522132993 1.77154836733826 1.5139395527076 1.29732350073755 1.37744646379724 1.00783324055374 1.59479781589471 1.36107446858659 1.13240449456498 0 1.05421687383205 1.88479579100385
1.22304870467633 1.09201424778439 1.02284433343448 1.22122308961116 1.16953385784291 1.79786423733458 1.02821628493257 1.23323136707768 1.35150272632018 1.68972052098252 1.17521561938338 1.46258080541156 0.945090443361551 1.87841370422393 1.2967601348646 1.42712317686528 1.89093214902095 1.78837229683995 1.92951760510914 1.42326582758687 1.20077456627041 1.35694154608063 1.69957691431046 1.32566156424582 1.18717091297731 1.36558334925212 1.47665405995212 1.05421687383205 0 1.71851185220294
0.93273650156334 1.48024632921442 1.24284186190926 1.52816395740956 1.11393154365942 1.55743496702053 1.65668781264685 1.05065813288093 1.73785834549926 1.56970953289419 1.70109135867096 1.14191286219284 0.976235053967685 1.54216115339659 1.25285769836046 1.67979628196917 1.5533657555934 1.06830537854694 1.70498130423948 1.67127246642485 1.44147167913616 1.34763592178933 1.28648747107945 1.698389000725 0.941123924218118 1.02461265167221 1.59456568281166 1.88479579100385 1.71851185220294 0
