0 1.11228973837569 1.1886959951371 1.2313360539265 1.02925316873007 1.43970095575787 1.53709095483646 1.0421670509968 1.3916394605767 1.43389761960134 1.41767760459334 1.74449730617926 1.47890108521096 1.53299348102883 1.7425160149578 1.83958210656419 0.929832335794345 1.72155935806222 1.63092463253997 1.5162873712834 1.04666539211757 1.34406448109075 1.53281183657236 1.53894051816314 0.987381749320775 1.19570510950871 1.23433635360561 1.67643613717519 1.7820351428818 1.17688927985728
1.11228973837569 0 1.60490215150639 0.924369274405763 1.36140267341398 1.85730320494622 1.78460928914137 1.29080325411633 1.74843266792595 1.70829554391094 1.12939071119763 1.69087389530614 1.82035780721344 1.75150896585546 1.15092153474689 1.58338816207834 1.59792105178349 1.13062346796505 1.45123507943936 1.24598793010227 0.930653103860095 1.76024233852513 1.43739965278655 1.90348503086716 1.05862734257244 1.48772608209401 1.78330026566982 0.999422491528094 1.47590510779992 0.985506836790591
1.1886959951371 1.60490215150639 0 0.931499616941437 1.74927779356949 1.41341459657997 1.25199574930593 1.23431749315932 1.46992314793169 1.35187514685094 0.966360092628747 1.21491357497871 1.75660431827419 1.2247074500192 1.21441534673795 1.7374189265538 1.15742631838657 1.39416576293297 1.65316167473793 1.66236895229667 1.45998629089445 1.27676314907148 1.38400001614355 1.29311773693189 1.13501186063513 0.982147921109572 1.86897186562419 1.28614824963734 1.44619405223057 1.20732898358256
1.2313360539265 0.924369274405763 0.931499616941437 0 1.22009430406615 1.88303411263041 1.82692782627419 1.68772886716761 1.63326400029473 0.952323628822342 1.62262607645243 1.64815795281902 1.29052793956362 1.26669764751568 1.31586953159422 1.83638536091894 1.08444074075669 0.920272056479007 1.47316905902699 1.35294979112223 1.11728960135952 1.43425719509833 1.00562471244484 1.75940780993551 1.84639131324366 1.00273191789165 1.78928870731033 1.73646105197258 1.66417581192218 1.26360398624092
1.02925316873007 1.36140267341398 1.74927779356949 1.22009430406615 0 0.976983561180532 1.88995869853534 1.79015628481284 1.28626974159852 1.10485131992027 1.72825623839162 1.79534118180163 1.22286472516134 1.64789748867042 1.30489103449509 1.29566238750704 1.28107901359908 1.23574502789415 1.48247438576072 0.946619390742853 1.48100174870342 1.40947383292951 1.21020475868136 1.57442767545581 1.71226367913187 1.41907187760808 1.71956843999214 1.39395109773614 1.33319728355855 0.943543083267286
1.43970095575787 1.85730320494622 1.41341459657997 1.88303411263041 0.976983561180532 0 1.19042953103781 1.3863608923275 1.67459759209305 1.35514832497574 1.85055429046042 0.988072418840602 1.45143012166955 1.15874009788968 1.59328563325107 1.48148157331161 1.42888644058257 1.32764300890267 1.82744538015686 1.37190410401672 1.2520406646654 1.60236335173249 1.2646462705452 0.936268481425941 1.11557383555919 1.08171930885874 1.69399607274681 1.76645694929175 1.03562059788965 1.68451613886282
1.53709095483646 1.78460928914137 1.25199574930593 1.82692782627419 1.88995869853534 1.19042953103781 0 0.924720587208867 1.34955300716683 1.40128234261647 1.69976801332086 1.33232516539283 1.44353202800266 1.34541550092399 1.51547398837283 1.06550880521536 1.51456885226071 1.7849132521078 1.55024963803589 1.73829786549322 1.61978523060679 1.00089585222304 1.01424501184374 1.06751979561523 1.67025262955576 1.50459717237391 1.21405920968391 1.47606764850207 1.17819865047932 1.13282092614099
1.0421670509968 1.29080325411633 1.23431749315932 1.68772886716761 1.79015628481284 1.3863608923275 0.924720587208867 0 0.964844923932105 1.02711801254191 0.929448899114504 0.95719846454449 1.13059121416882 1.57528927340172 1.573571781395 1.71974806976505 1.43629298917949 1.55341998767108 1.61398162669502 1.05887722992338 1.05281812907197 1.21234110719524 1.87459890218452 1.64764549047686 1.86518174502999 1.32145468774252 1.38243549363688 1.51130434777588 1.00675069727004 1.35682789934799
1.3916394605767 1.74843266792595 1.46992314793169 1.63326400029473 1.28626974159852 1.67459759209305 1.34955300716683 0.964844923932105 0 1.88622949295677 1.59776231460273 1.19448141567409 1.87908673915081 1.15299344365485 0.990476945415139 1.87789489980787 1.02090666047297 1.33334038895555 1.09577479539439 1.4384068462532 1.03510735905729 1.5731901214458 1.27823811024427 1.33817348396406 1.40097122383304 0.941714043030515 1.28848973335698 1.26487233489752 1.43559887446463 1.09876843658276
1.43389761960134 1.70829554391094 1.35187514685094 0.952323628822342 1.10485131992027 1.35514832497574 1.40128234261647 1.02711801254191 1.88622949295677 0 1.58495258772746 1.79718740703538 1.7909435078036 1.1542068743147 1.50679663731717 1.46943862596527 1.38190431613475 1.6256346469745 1.55988803948276 0.927372004836798 1.57525377161801 1.37378114694729 1.50413812720217 1.29180921195075 1.55624316073954 1.34836044837721 1.90135999489576 1.55100134364329 1.54193524899893 1.29192255018279
1.41767760459334 1.12939071119763 0.966360092628747 1.62262607645243 1.72825623839162 1.85055429046042 1.69976801332086 0.929448899114504 1.59776231460273 1.58495258772746 0 1.04439320648089 1.79629533947445 0.974853548919782 0.960174843901768 1.85297844721936 0.973177861655131 1.73966380977072 1.4464158534538 1.10067401337437 1.01052493415773 1.37373961135745 1.55194875318557 0.941830568248406 1.64664490008727 1.04219625052065 1.00715216482058 1.69418031978421 1.86543050454929 1.01009838911705
1.74449730617926 1.69087389530614 1.21491357497871 1.64815795281902 1.79534118180163 0.988072418840602 1.33232516539283 0.95719846454449 1.19448141567409 1.79718740703538 1.04439320648089 0 1.29424286005087 1.16361134755425 1.09847000660375 1.68145913933404 1.07212161528878 1.88689934462309 1.76919081457891 1.74856882169843 1.82601218554191 1.09802446165122 1.89924782398157 1.45007473253645 0.912243244005367 1.04405105859041 1.77870223438367 1.11227236990817 1.8064018569421 1.33793719904497
1.47890108521096 1.82035780721344 1.75660431827419 1.29052793956362 1.22286472516134 1.45143012166955 1.44353202800266 1.13059121416882 1.87908673915081 1.7909435078036 1.79629533947445 1.29424286005087 0 1.86210736189969 1.78256247914396 1.23838144075125 0.925982300657779 1.61167804826982 1.06170564657077 1.16390203800984 1.5225954183843 0.992828920483589 1.11768204346299 1.62066708924249 1.48229614179581 0.937372696120292 1.52465858659707 1.76554274861701 1.88943293574266 1.54985889839008
1.53299348102883 1.75150896585546 1.2247074500192 1.26669764751568 1.64789748867042 1.15874009788968 1.34541550092399 1.57528927340172 1.15299344365485 1.1542068743147 0.974853548919782 1.16361134755425 1.86210736189969 0 1.15215889224783 1.20081677287817 1.42092849104665 1.03284660098143 0.977415192406625 1.31571308709681 1.35133919189684 1.56472309003584 0.972937357611954 1.80836637504399 0.996703044744208 1.22561932797544 1.10116563993506 1.14597069751471 1.86068553803489 1.52064293948933
1.7425160149578 1.15092153474689 1.21441534673795 1.31586953159422 1.30489103449509 1.59328563325107 1.51547398837283 1.573571781395 0.990476945415139 1.50679663731717 0.960174843901768 1.09847000660375 1.78256247914396 1.15215889224783 0 1.57516303774901 1.42456368822604 1.50978185818531 1.70707462006249 0.98299449798651 1.2570733029861 1.12714158324525 1.63766150479205 0.940942373126745 1.32989660603926 1.21951005328447 1.23859310755506 1.52302462374792 1.43359093158506 1.27110973489471
1.83958210656419 1.58338816207834 1.7374189265538 1.83638536091894 1.29566238750704 1.48148157331161 1.06550880521536 1.71974806976505 1.87789489980787 1.46943862596527 1.85297844721936 1.68145913933404 1.23838144075125 1.20081677287817 1.57516303774901 0 0.936285157687962 1.45166868413799 1.72880063648336 1.2839178731665 0.947826571995392 1.86197992227972 1.37847506743856 1.55633814632893 1.1926172147505 1.17907634656876 1.70647619944066 1.70931279333308 1.09743667580187 1.11612455151044
0.929832335794345 1.59792105178349 1.15742631838657 1.08444074075669 1.28107901359908 1.42888644058257 1.51456885226071 1.43629298917949 1.02090666047297 1.38190431613475 0.973177861655131 1.07212161528878 0.925982300657779 1.42092849104665 1.42456368822604 0.936285157687962 0 1.00296823307872 1.22076265374199 0.991186336614192 1.45762500492856 1.23686968372203 1.11013018060476 1.35959281842224 1.22366027231328 1.73437502095476 1.20331605616957 1.16911391960457 1.64678321010433 1.25952119939029
1.72155935806222 1.13062346796505 1.39416576293297 0.920272056479007 1.23574502789415 1.32764300890267 1.7849132521078 1.55341998767108 1.33334038895555 1.6256346469745 1.73966380977072 1.88689934462309 1.61167804826982 1.03284660098143 1.50978185818531 1.45166868413799 1.00296823307872 0 1.47384720481932 1.58281951281242 1.63998201908544 1.65315750497393 1.77133128698915 1.43210753682069 1.77856972627342 1.38996290718205 1.22749386331998 1.25526001793332 1.84747705073096 1.74918428808451
1.63092463253997 1.45123507943936 1.65316167473793 1.47316905902699 1.48247438576072 1.82744538015686 1.55024963803589 1.61398162669502 1.09577479539439 1.55988803948276 1.4464158534538 1.76919081457891 1.06170564657077 0.977415192406625 1.70707462006249 1.72880063648336 1.22076265374199 1.47384720481932 0 1.14572312519886 1.14212703541853 1.2317552221939 1.20398933906108 1.69741134205833 1.20660803467035 1.83509995602071 1.79993360885419 1.53509782347828 0.976850087521598 1.86636049300432
1.5162873712834 1.24598793010227 1.66236895229667 1.35294979112223 0.946619390742853 1.37190410401672 1.73829786549322 1.05887722992338 1.4384068462532 0.927372004836798 1.10067401337437 1.74856882169843 1.16390203800984 1.31571308709681 0.98299449798651 1.2839178731665 0.991186336614192 1.58281951281242 1.14572312519886 0 1.91088660783134 0.9909456463065 1.60571914771572 1.219175290782 1.49084358196706 1.56336693745106 1.05276998621412 1.65721975127235 1.02823816426098 1.80484087369405
1.04666539211757 0.930653103860095 1.45998629089445 1.11728960135952 1.48100174870342 1.2520406646654 1.61978523060679 1.05281812907197 1.03510735905729 1.57525377161801 1.01052493415773 1.82601218554191 1.5225954183843 1.35133919189684 1.2570733029861 0.947826571995392 1.45762500492856 1.63998201908544 1.14212703541853 1.91088660783134 0 1.72573773143813 1.00586063205265 1.06705125281587 1.70601632632315 1.49146761232987 1.43456458323635 1.02865088824183 1.2859655902721 1.6383798897732
1.34406448109075 1.76024233852513 1.27676314907148 1.43425719509833 1.40947383292951 1.60236335173249 1.00089585222304 1.21234110719524 1.5731901214458 1.37378114694729 1.37373961135745 1.09802446165122 0.992828920483589 1.56472309003584 1.12714158324525 1.86197992227972 1.23686968372203 1.65315750497393 1.2317552221939 0.9909456463065 1.72573773143813 0 1.06900475570001 1.63727182289585 1.4014007546939 1.65328119974583 1.07482752273791 1.48265440925024 1.57163388188928 1.80309916194528
1.53281183657236 1.43739965278655 1.38400001614355 1.00562471244484 1.21020475868136 1.2646462705452 1.01424501184374 1.87459890218452 1.27823811024427 1.50413812720217 1.55194875318557 1.89924782398157 1.11768204346299 0.972937357611954 1.63766150479205 1.37847506743856 1.11013018060476 1.77133128698915 1.20398933906108 1.60571914771572 1.00586063205265 1.06900475570001 0 1.34946421324275 1.52992556849495 1.77198792155832 1.79671848891303 0.957949237897992 1.6727781095542 1.8269979073666
1.53894051816314 1.90348503086716 1.29311773693189 1.75940780993551 1.57442767545581 0.936268481425941 1.06751979561523 1.64764549047686 1.33817348396406 1.29180921195075 0.941830568248406 1.45007473253645 1.62066708924249 1.80836637504399 0.940942373126745 1.55633814632893 1.35959281842224 1.43210753682069 1.69741134205833 1.219175290782 1.06705125281587 1.63727182289585 1.34946421324275 0 1.09364355821162 1.21667330502532 1.56593250785954 1.77832303498872 1.29386279988103 1.52773417765275
0.987381749320775 1.05862734257244 1.13501186063513 1.84639131324366 1.71226367913187 1.11557383555919 1.67025262955576 1.86518174502999 1.40097122383304 1.55624316073954 1.64664490008727 0.912243244005367 1.48229614179581 0.996703044744208 1.32989660603926 1.1926172147505 1.22366027231328 1.77856972627342 1.20660803467035 1.49084358196706 1.70601632632315 1.4014007546939 1.52992556849495 1.09364355821162 0 1.30276581505314 1.02040851511993 1.26094301138073 1.84283965476789 1.64081123750657
1.19570510950871 1.48772608209401 0.982147921109572 1.00273191789165 1.41907187760808 1.08171930885874 1.50459717237391 1.32145468774252 0.941714043030515 1.34836044837721 1.04219625052065 1.04405105859041 0.937372696120292 1.22561932797544 1.21951005328447 1.17907634656876 1.73437502095476 1.38996290718205 1.83509995602071 1.56336693745106 1.49146761232987 1.65328119974583 1.77198792155832 1.21667330502532 1.30276581505314 0 1.45689504803158 1.33584118820727 1.40798352891579 1.69733658363111
1.23433635360561 1.78330026566982 1.86897186562419 1.78928870731033 1.71956843999214 1.69399607274681 1.21405920968391 1.38243549363688 1.28848973335698 1.90135999489576 1.00715216482058 1.77870223438367 1.52465858659707 1.10116563993506 1.23859310755506 1.70647619944066 1.20331605616957 1.22749386331998 1.79993360885419 1.05276998621412 1.43456458323635 1.07482752273791 1.79671848891303 1.56593250785954 1.02040851511993 1.45689504803158 0 1.90557060786523 0.958950582658872 0.994073739042506
1.67643613717519 0.999422491528094 1.28614824963734 1.73646105197258 1.39395109773614 1.76645694929175 1.47606764850207 1.51130434777588 1.26487233489752 1.55100134364329 1.69418031978421 1.11227236990817 1.76554274861701 1.14597069751471 1.52302462374792 1.70931279333308 1.16911391960457 1.25526001793332 1.53509782347828 1.65721975127235 1.02865088824183 1.48265440925024 0.957949237897992 1.77832303498872 1.26094301138073 1.33584118820727 1.90557060786523 0 1.09654915169813 1.40293868375011
1.7820351428818 1.47590510779992 1.44619405223057 1.66417581192218 1.33319728355855 1.03562059788965 1.17819865047932 1.00675069727004 1.43559887446463 1.54193524899893 1.86543050454929 1.8064018569421 1.88943293574266 1.86068553803489 1.43359093158506 1.09743667580187 1.64678321010433 1.84747705073096 0.976850087521598 1.02823816426098 1.2859655902721 1.57163388188928 1.6727781095542 1.29386279988103 1.84283965476789 1.40798352891579 0.958950582658872 1.09654915169813 0 1.85533629753627
1.17688927985728 0.985506836790591 1.20732898358256 1.26360398624092 0.943543083267286 1.68451613886282 1.13282092614099 1.35682789934799 1.09876843658276 1.29192255018279 1.01009838911705 1.33793719904497 1.54985889839008 1.52064293948933 1.27110973489471 1.11612455151044 1.25952119939029 1.74918428808451 1.86636049300432 1.80484087369405 1.6383798897732 1.80309916194528 1.8269979073666 1.52773417765275 1.64081123750657 1.69733658363111 0.994073739042506 1.40293868375011 1.85533629753627 0
