0 1.42986051016487 1.43459461885504 1.26323417038657 1.91602609190159 1.41517677437514 1.75484865601175 1.02095861244015 1.76548549672589 1.64443836547434 1.85908650537021 1.29884190065786 0.95315681421198 1.59501837845892 1.53857733495533 1.85196783719584 1.10236381692812 1.57196554797702 1.6668976356741 1.61003847653046 1.64649283722974 1.74743954255246 1.04911881336011 1.07081493060105 1.54428171785548 1.8065209381748 1.61214392818511 1.89449567976408 0.961180341197178 1.58186422660947
1.42986051016487 0 1.76137382979505 1.76434605242684 1.72972633317113 1.50159432040527 1.47506889421493 1.22841770481318 1.41059375391342 1.66618984332308 1.21684015798382 1.38099802890792 0.958601536927745 1.40703705162741 1.79710862506181 1.15842039743438 1.66205550916493 1.39921505306847 0.992322666803375 1.42481006123126 1.08262953371741 0.987040037754923 1.0793615533039 1.14741036132909 1.85510702361353 1.09292004397139 1.20999542903155 1.16535628656857 1.06508483062498 1.45561654050834
1.43459461885504 1.76137382979505 0 1.06606411654502 1.1177945942618 1.92736115679145 1.89798622904345 1.58764569205232 1.31979471282102 1.88785777217709 1.89241059753112 1.5487893645186 1.76968048908748 1.47727788449265 1.70021079923026 1.27479765517637 1.6753229405731 1.72815577918664 1.75809633149765 1.43118310417049 1.84037248045206 1.8344128576573 1.27077898476273 1.24140846170485 1.5796349036973 1.05468441569246 1.53809656505473 1.6280343583785 1.39923612517305 1.21329566836357
1.26323417038657 1.76434605242684 1.06606411654502 0 1.32170008611865 1.87796820979565 1.7265244203154 1.71570651745424 1.04570738342591 1.75094970548525 1.61058523249812 1.86641709762625 1.12536574527621 1.47862082975917 1.87780130817555 1.17203523404896 1.73666134756058 1.77152274153195 1.37017666688189 1.34426739159971 1.15070567163639 1.43435296555981 1.67770617431961 1.75892116432078 1.74389799474739 1.24709923425689 1.63139727362432 1.87245050026104 1.66293921135366 1.15029642218724
1.91602609190159 1.72972633317113 1.1177945942618 1.32170008611865 0 1.29313847818412 1.1705745307263 1.45241709891707 1.82872687117197 1.54762279754505 1.75979651254602 1.21429383242503 1.91919837635942 1.4526788785588 1.33061033650301 1.84328602999449 1.57568074506707 1.58524638973176 1.19452834757976 1.28551772120409 1.44566402561031 1.20670498651452 1.36697444017045 1.1550817147363 1.05973390722647 1.92665190575644 1.57330963714048 1.74868918745779 1.10599936288781 1.77363744936883
1.41517677437514 1.50159432040527 1.92736115679145 1.87796820979565 1.29313847818412 0 1.58758428110741 1.09627346741036 1.77849609684199 1.67526068980806 1.34296832908876 1.44400459970348 1.89280697470531 1.38567984220572 1.82121755322441 1.03767568268813 1.31170001695864 1.12488953396678 1.24250819184817 1.35258839814924 1.10884103737772 1.72122336667962 1.93045128323138 1.87987620336935 1.604255202692 1.83321266924031 1.88987647369504 1.45654555084184 1.53124886099249 1.22633002698421
1.75484865601175 1.47506889421493 1.89798622904345 1.7265244203154 1.1705745307263 1.58758428110741 0 1.62253086757846 1.28779252944514 1.57393091591075 1.39835148327984 1.55686711636372 1.91823094547726 1.48657636507414 0.935489192837849 1.61724589974619 1.49292912567034 1.07579033193178 1.65945728123188 1.60111750429496 1.66678317007609 0.98063802625984 1.65673176199198 1.14135651220568 1.72525828075595 1.89096873160452 1.54840627219528 1.24028280563653 1.3538845020812 1.64153263554908
1.02095861244015 1.22841770481318 1.58764569205232 1.71570651745424 1.45241709891707 1.09627346741036 1.62253086757846 0 1.67767015239224 1.70542188058607 1.33921215985902 0.936003524577245 1.51247649802826 1.74094681558199 0.938127374276519 1.41337690106593 1.16306685074233 1.02604360831901 1.57692483463325 0.933232309995219 1.20820021093823 1.1649568923749 1.47438523173332 1.75665697688237 1.90519687207416 1.26217299001291 1.60889162938111 1.56958401598968 1.6552768740803 1.5383044059854
1.76548549672589 1.41059375391342 1.31979471282102 1.04570738342591 1.82872687117197 1.77849609684199 1.28779252944514 1.67767015239224 0 1.58050205255859 0.937705126125365 1.03068890725262 1.11758760991506 1.24631793866865 1.6388248950243 1.37509990204126 1.77843527938239 1.25469723599963 1.1214045137167 1.40805621631444 1.3434542529285 1.29349081497639 1.68188644829206 1.0741995726712 1.87231236160733 1.48300956212915 1.78690730710514 1.43244913918898 1.5221413243562 1.04903261270374
1.64443836547434 1.66618984332308 1.88785777217709 1.75094970548525 1.54762279754505 1.67526068980806 1.57393091591075 1.70542188058607 1.58050205255859 0 1.15027034282684 1.44684113073163 1.59051449829713 1.8797186515294 1.51949491235428 1.14272394916043 1.02214095485397 0.961129463743418 1.19306130311452 0.941543049179018 1.55324160354212 1.81319990660995 0.990203621564433 1.05802699713968 1.62092655221932 1.46031698561274 1.67172282491811 0.979641318321228 0.95634871092625 1.25498792901635
1.85908650537021 1.21684015798382 1.89241059753112 1.61058523249812 1.75979651254602 1.34296832908876 1.39835148327984 1.33921215985902 0.937705126125365 1.15027034282684 0 1.03288908977993 1.09939509141259 1.42627872107551 1.00777051015757 1.07029724353924 1.79721311992034 1.55890613421798 1.85414146678522 1.61922134505585 1.52584939962253 1.31317600305192 1.02961439569481 1.64183788956143 1.61583081516437 1.10086186486296 1.88876081909984 1.508215341717 1.02830908144824 1.06589947408065
1.29884190065786 1.38099802890792 1.5487893645186 1.86641709762625 1.21429383242503 1.44400459970348 1.55686711636372 0.936003524577245 1.03068890725262 1.44684113073163 1.03288908977993 0 1.75242972979322 1.63716720580123 1.59308647294529 1.26975987665355 1.17465839162469 1.48922369815409 0.965345947537571 0.952750190393999 1.35690490738489 1.71624105609953 1.72433081502095 1.9233389031142 1.36686657764949 1.49014623276889 1.45626582601108 1.89455706253648 1.26744761760347 1.60613985150121
0.95315681421198 0.958601536927745 1.76968048908748 1.12536574527621 1.91919837635942 1.89280697470531 1.91823094547726 1.51247649802826 1.11758760991506 1.59051449829713 1.09939509141259 1.75242972979322 0 1.00609692838043 1.02059054980054 1.44263109122403 1.36513198842295 1.5144862846937 1.40618007793091 1.67015016102232 1.58511427254416 1.25900573446415 1.27911639795639 1.04516761074774 1.18094758875668 1.02926052547991 1.4972854082007 1.58557054377161 1.15390373230912 1.82936346158385
1.59501837845892 1.40703705162741 1.47727788449265 1.47862082975917 1.4526788785588 1.38567984220572 1.48657636507414 1.74094681558199 1.24631793866865 1.8797186515294 1.42627872107551 1.63716720580123 1.00609692838043 0 1.09303102642298 1.13966552424245 1.02083656587638 1.2259624528233 1.71969563816674 1.39085963112302 1.57862443127669 1.62214510678314 1.68931761919521 1.59600282623433 1.14174730912782 1.73876887490042 1.45330324093811 1.2819334375672 1.74666449520737 1.75555237918161
1.53857733495533 1.79710862506181 1.70021079923026 1.87780130817555 1.33061033650301 1.82121755322441 0.935489192837849 0.938127374276519 1.6388248950243 1.51949491235428 1.00777051015757 1.59308647294529 1.02059054980054 1.09303102642298 0 1.20459982100874 1.14508709078655 1.41828254051507 1.54798851907253 0.964344007894397 1.65959031647071 1.21805333532393 0.943057987140492 1.096134013962 1.52552944258787 1.74589914083481 1.79586621001363 1.45404620515183 1.56549304677173 1.74948463006876
1.85196783719584 1.15842039743438 1.27479765517637 1.17203523404896 1.84328602999449 1.03767568268813 1.61724589974619 1.41337690106593 1.37509990204126 1.14272394916043 1.07029724353924 1.26975987665355 1.44263109122403 1.13966552424245 1.20459982100874 0 1.45789861772209 1.88005582615733 1.05136274290271 1.91638935636729 1.05655478057452 1.81704580388032 0.944162355270237 1.55047506652772 1.07438152492978 1.42754465714097 1.00443041464314 1.44439428602345 1.79422425618395 1.49593699304387
1.10236381692812 1.66205550916493 1.6753229405731 1.73666134756058 1.57568074506707 1.31170001695864 1.49292912567034 1.16306685074233 1.77843527938239 1.02214095485397 1.79721311992034 1.17465839162469 1.36513198842295 1.02083656587638 1.14508709078655 1.45789861772209 0 1.45672455267049 1.74365861248225 1.6177429347299 1.78535284451209 1.44772369740531 1.50834554526955 1.82275767996907 1.40783300739713 1.78255909215659 1.67389642610215 1.90063872630708 1.01736622489989 1.81311328080483
1.57196554797702 1.39921505306847 1.72815577918664 1.77152274153195 1.58524638973176 1.12488953396678 1.07579033193178 1.02604360831901 1.25469723599963 0.961129463743418 1.55890613421798 1.48922369815409 1.5144862846937 1.2259624528233 1.41828254051507 1.88005582615733 1.45672455267049 0 1.34112307196483 1.90267251292244 1.52972598164342 1.35782217071392 1.54579958436079 1.51144268061034 1.63660791632719 1.4342547247652 1.65166919259354 1.26957967923954 0.988667285768315 1.73474218603224
1.6668976356741 0.992322666803375 1.75809633149765 1.37017666688189 1.19452834757976 1.24250819184817 1.65945728123188 1.57692483463325 1.1214045137167 1.19306130311452 1.85414146678522 0.965345947537571 1.40618007793091 1.71969563816674 1.54798851907253 1.05136274290271 1.74365861248225 1.34112307196483 0 1.23760897945613 1.53842086554505 1.50573735730723 1.83348370459862 1.71310947067104 1.56637279060669 1.28671178990044 1.58550348761491 1.02649854356423 1.20267951022834 1.16524537745863
1.61003847653046 1.42481006123126 1.43118310417049 1.34426739159971 1.28551772120409 1.35258839814924 1.60111750429496 0.933232309995219 1.40805621631444 0.941543049179018 1.61922134505585 0.952750190393999 1.67015016102232 1.39085963112302 0.964344007894397 1.91638935636729 1.6177429347299 1.90267251292244 1.23760897945613 0 1.69189761043526 1.4743729729671 1.12694213842042 1.85221141786315 1.03960073273629 1.20422182627954 1.18940553069115 1.91721788817085 1.65961956093088 1.35821129730903
1.64649283722974 1.08262953371741 1.84037248045206 1.15070567163639 1.44566402561031 1.10884103737772 1.66678317007609 1.20820021093823 1.3434542529285 1.55324160354212 1.52584939962253 1.35690490738489 1.58511427254416 1.57862443127669 1.65959031647071 1.05655478057452 1.78535284451209 1.52972598164342 1.53842086554505 1.69189761043526 0 1.83646307559684 1.23889426630922 1.59216393367387 1.52356552076526 1.08163504302502 1.84107788582332 1.48538233502768 1.71345528331585 1.76656389259733
1.74743954255246 0.987040037754923 1.8344128576573 1.43435296555981 1.20670498651452 1.72122336667962 0.98063802625984 1.1649568923749 1.29349081497639 1.81319990660995 1.31317600305192 1.71624105609953 1.25900573446415 1.62214510678314 1.21805333532393 1.81704580388032 1.44772369740531 1.35782217071392 1.50573735730723 1.4743729729671 1.83646307559684 0 1.32547379122116 1.47948308801278 0.941771761979908 1.54960799845867 1.69445518520661 1.75415303721093 1.77283877227455 1.55489387270063
1.04911881336011 1.0793615533039 1.27077898476273 1.67770617431961 1.36697444017045 1.93045128323138 1.65673176199198 1.47438523173332 1.68188644829206 0.990203621564433 1.02961439569481 1.72433081502095 1.27911639795639 1.68931761919521 0.943057987140492 0.944162355270237 1.50834554526955 1.54579958436079 1.83348370459862 1.12694213842042 1.23889426630922 1.32547379122116 0 1.74938124255277 1.53562660515308 1.73128881887533 1.29158555530012 1.21936873812228 1.92947303806432 1.47673507547006
1.07081493060105 1.14741036132909 1.24140846170485 1.75892116432078 1.1550817147363 1.87987620336935 1.14135651220568 1.75665697688237 1.0741995726712 1.05802699713968 1.64183788956143 1.9233389031142 1.04516761074774 1.59600282623433 1.096134013962 1.55047506652772 1.82275767996907 1.51144268061034 1.71310947067104 1.85221141786315 1.59216393367387 1.47948308801278 1.74938124255277 0 1.63602299755439 1.88085081148893 1.15500158234499 1.33415613439865 1.45288648223504 1.44389175274409
1.54428171785548 1.85510702361353 1.5796349036973 1.74389799474739 1.05973390722647 1.604255202692 1.72525828075595 1.90519687207416 1.87231236160733 1.62092655221932 1.61583081516437 1.36686657764949 1.18094758875668 1.14174730912782 1.52552944258787 1.07438152492978 1.40783300739713 1.63660791632719 1.56637279060669 1.03960073273629 1.52356552076526 0.941771761979908 1.53562660515308 1.63602299755439 0 1.10532550793141 1.53827783418819 1.91689938213676 1.03530035819858 1.34447073074989
1.8065209381748 1.09292004397139 1.05468441569246 1.24709923425689 1.92665190575644 1.83321266924031 1.89096873160452 1.26217299001291 1.48300956212915 1.46031698561274 1.10086186486296 1.49014623276889 1.02926052547991 1.73876887490042 1.74589914083481 1.42754465714097 1.78255909215659 1.4342547247652 1.28671178990044 1.20422182627954 1.08163504302502 1.54960799845867 1.73128881887533 1.88085081148893 1.10532550793141 0 1.55751321604475 1.00451499177143 1.76662141503766 1.31764983129688
1.61214392818511 1.20999542903155 1.53809656505473 1.63139727362432 1.57330963714048 1.88987647369504 1.54840627219528 1.60889162938111 1.78690730710514 1.67172282491811 1.88876081909984 1.45626582601108 1.4972854082007 1.45330324093811 1.79586621001363 1.00443041464314 1.67389642610215 1.65166919259354 1.58550348761491 1.18940553069115 1.84107788582332 1.69445518520661 1.29158555530012 1.15500158234499 1.53827783418819 1.55751321604475 0 0.978569126687944 0.958542394917458 1.53414489445277
1.89449567976408 1.16535628656857 1.6280343583785 1.87245050026104 1.74868918745779 1.45654555084184 1.24028280563653 1.56958401598968 1.43244913918898 0.979641318321228 1.508215341717 1.89455706253648 1.58557054377161 1.2819334375672 1.45404620515183 1.44439428602345 1.90063872630708 1.26957967923954 1.02649854356423 1.91721788817085 1.48538233502768 1.75415303721093 1.21936873812228 1.33415613439865 1.91689938213676 1.00451499177143 0.978569126687944 0 1.39790588594042 1.88443183014169
0.961180341197178 1.06508483062498 1.39923612517305 1.66293921135366 1.10599936288781 1.53124886099249 1.3538845020812 1.6552768740803 1.5221413243562 0.95634871092625 1.02830908144824 1.26744761760347 1.15390373230912 1.74666449520737 1.56549304677173 1.79422425618395 1.01736622489989 0.988667285768315 1.20267951022834 1.65961956093088 1.71345528331585 1.77283877227455 1.92947303806432 1.45288648223504 1.03530035819858 1.76662141503766 0.958542394917458 1.39790588594042 0 1.856729821302
1.58186422660947 1.45561654050834 1.21329566836357 1.15029642218724 1.77363744936883 1.22633002698421 1.64153263554908 1.5383044059854 1.04903261270374 1.25498792901635 1.06589947408065 1.60613985150121 1.82936346158385 1.75555237918161 1.74948463006876 1.49593699304387 1.81311328080483 1.73474218603224 1.16524537745863 1.35821129730903 1.76656389259733 1.55489387270063 1.47673507547006 1.44389175274409 1.34447073074989 1.31764983129688 1.53414489445277 1.88443183014169 1.856729821302 0
