0 1.85110551677644 1.2383949495852 1.75745922443457 1.87102453573607 1.44007256813347 1.00948832230642 1.66843977477401 0.920181137742475 1.89168649655767 1.0687773139216 1.6273001297377 1.82519594533369 1.33039281773381 1.09394437610172 1.68252021772787 1.42784368805587 1.88425058801658 1.82767604384571 1.79887939780019 1.55659744911827 1.61095942556858 1.46763552958146 1.01102335029282 1.65152048273012 1.37307365750894 1.88198879244737 1.40588985919021 1.31473886477761 1.57396879908629
1.85110551677644 0 1.13878287631087 1.38801931636408 1.63442518794909 1.52793401759118 1.17762246006168 1.18074483145028 1.13171738618985 1.48088868125342 1.55537923728116 1.40305012231693 1.86207799357362 1.07339840102941 1.18456052849069 1.37435980862938 1.73209479823709 0.949248016113415 1.87169366003945 1.32384238345549 0.911529154051095 1.46819006139413 1.01368242851458 1.65722029050812 1.6293439916335 1.73537749424577 0.974644219968468 1.24075645534322 1.67220452125184 0.944495657226071
1.2383949495852 1.13878287631087 0 1.30806296830997 1.82768800132908 0.949932327494025 1.42803235910833 1.1537779730279 1.53768184222281 0.985314491670579 1.13742211298086 1.68392387405038 1.72250916226767 1.85825790115632 1.75220005633309 0.979513695230708 1.82152093062177 0.989149087341502 1.66499799839221 1.80446108058095 1.40949951228686 1.60958279110491 1.83174868603237 1.71370588010177 1.59846295067109 1.24379951949231 1.49681334802881 1.45011514658108 1.86439039092511 0.984535839175805
1.75745922443457 1.38801931636408 1.30806296830997 0 1.73371582711115 1.75596907967702 1.11011404474266 1.75858182436787 1.48791815526783 1.46045073051937 0.925219015218318 1.62208920670673 1.44978686328977 0.984795694472268 1.18328585033305 1.7224154653959 1.3868542057462 1.81866070395336 1.62065478297882 1.81495138816535 1.0310828294605 0.996562475338578 1.14131370116957 1.19475496513769 1.62075508455746 1.15202153800055 1.70408036094159 1.63065133430064 1.17831737874076 0.96067410800606
1.87102453573607 1.63442518794909 1.82768800132908 1.73371582711115 0 1.3977231818717 1.13466387731023 1.16052211029455 1.37285920022987 1.69042768096551 1.70472227735445 1.25743998028338 1.79555093660019 1.09202715056017 1.46478208550252 1.14639969985001 1.10654929676093 1.46317915362306 1.248616772471 0.905565524008125 1.60370352421887 1.41236025420949 1.74585151509382 1.57922482956201 1.13054702430964 0.943522396031767 1.8361477877479 1.22181777004153 1.04421743797138 1.50505214929581
1.44007256813347 1.52793401759118 0.949932327494025 1.75596907967702 1.3977231818717 0 0.996931864880025 1.16705001355149 1.46326770843007 1.00968583766371 1.47416253620759 1.65216301148757 1.20632651611231 1.51601953851059 1.77102783159353 1.52325619803742 1.55029351031408 1.06240999535657 1.85492056491785 1.45928272791207 1.1506176434923 1.73353674914688 1.41544840415008 1.64140435447916 1.43928847671486 1.72750226641074 1.08691572654061 1.27046254160814 1.60265836096369 1.5269277158659
1.00948832230642 1.17762246006168 1.42803235910833 1.11011404474266 1.13466387731023 0.996931864880025 0 1.23513301182538 1.42212972301058 1.86389207234606 1.87694403505884 0.998554019257426 1.28380322363228 1.41368698258884 1.42942892643623 1.78254711278714 1.20664771529846 1.04926728038117 1.24893469456583 1.52552551170811 1.15822168649174 1.26249684020877 1.7939750563819 1.52801496675238 1.48734423308633 1.262339619454 1.60615245508961 0.940544951474294 1.58677777508274 1.65451844362542
1.66843977477401 1.18074483145028 1.1537779730279 1.75858182436787 1.16052211029455 1.16705001355149 1.23513301182538 0 1.56036640307866 1.26023462065496 1.29271719302051 1.05459950654767 1.1289669489488 1.37660467415117 1.56464541493915 1.20708975568414 1.34465089021251 1.35480705439113 0.969080698210746 0.996168900281191 1.30422862269916 1.50169993308373 0.994066913612187 1.31402337644249 1.56644793227315 1.04124696413055 1.29686905792914 1.03089594608173 1.70319771347567 1.31399584142491
0.920181137742475 1.13171738618985 1.53768184222281 1.48791815526783 1.37285920022987 1.46326770843007 1.42212972301058 1.56036640307866 0 1.27224828465842 1.80337326554582 1.87941557331942 1.35310242068954 1.00578899611719 1.34347802191041 1.14377177739516 1.84842627914622 1.35889727529138 1.18176568276249 1.53604982118122 1.08963896427304 1.25212820712477 1.16290239151567 1.3102770249825 0.95293135708198 1.39850214356557 1.20355449290946 1.51635422930121 1.32616962352768 1.36419698153622
1.89168649655767 1.48088868125342 0.985314491670579 1.46045073051937 1.69042768096551 1.00968583766371 1.86389207234606 1.26023462065496 1.27224828465842 0 1.05367280752398 1.23816183558665 1.09007827844471 1.32040446810424 1.65234843594953 1.616112903459 1.45864046062343 0.983084849780425 1.44322565407492 1.4362137503922 1.35194226936437 1.35765820951201 1.68414287222549 1.85887773102149 1.25422507198527 1.0319876326248 1.25351639324799 0.923347120871767 1.33725292677991 1.523487534374
1.0687773139216 1.55537923728116 1.13742211298086 0.925219015218318 1.70472227735445 1.47416253620759 1.87694403505884 1.29271719302051 1.80337326554582 1.05367280752398 0 1.28989285952412 1.49459262518212 1.08172480552457 1.30957950628363 1.11431174678728 1.81441969773732 1.40502568124793 0.967474596342072 1.41038418142125 1.88476609159261 1.41488001681864 1.7910936055705 1.64792825421318 1.51376641565003 1.79458736721426 1.11522470461205 1.22595363412984 1.40385285951197 1.61850138474256
1.6273001297377 1.40305012231693 1.68392387405038 1.62208920670673 1.25743998028338 1.65216301148757 0.998554019257426 1.05459950654767 1.87941557331942 1.23816183558665 1.28989285952412 0 1.7517609638162 1.08502962021157 0.905670587904751 1.89208916900679 1.08385714911856 0.951761574717239 1.12663241638802 1.07956639700569 1.70911595621146 1.4407535858918 0.909206752898172 1.21123504941352 1.00598054309376 1.07066301000305 1.39466940541752 1.89693120191805 0.937339433003217 1.0738904022146
1.82519594533369 1.86207799357362 1.72250916226767 1.44978686328977 1.79555093660019 1.20632651611231 1.28380322363228 1.1289669489488 1.35310242068954 1.09007827844471 1.49459262518212 1.7517609638162 0 1.18558140285313 1.39524576137774 1.46617980091833 1.50942414696328 1.31538771372288 1.4954922888428 1.07111348328181 1.37879564752802 1.89643682702444 1.37929513445124 1.83278897078708 1.06170220673084 1.48591443686746 1.06086406460963 1.71206768765114 1.60577584966086 1.39695379789919
1.33039281773381 1.07339840102941 1.85825790115632 0.984795694472268 1.09202715056017 1.51601953851059 1.41368698258884 1.37660467415117 1.00578899611719 1.32040446810424 1.08172480552457 1.08502962021157 1.18558140285313 0 1.78795482218266 0.957037994405255 0.999159407103434 1.28265919280238 1.76431600889191 1.28800763818435 1.31434925668873 1.11313690780662 1.63544222014025 1.59339382266626 1.58679127786309 1.62987485784106 1.16791144013405 1.68096638098359 1.35487764468417 1.5732771968469
1.09394437610172 1.18456052849069 1.75220005633309 1.18328585033305 1.46478208550252 1.77102783159353 1.42942892643623 1.56464541493915 1.34347802191041 1.65234843594953 1.30957950628363 0.905670587904751 1.39524576137774 1.78795482218266 0 1.76193318143487 1.25713553279638 1.62354470044374 1.72419372200966 1.25362941808999 1.12500852486119 1.56636472628452 0.902776969596744 1.6893698819913 1.01933454442769 1.06304237968288 1.6980103503447 1.70663498435169 1.16634214785881 1.52690442977473
1.68252021772787 1.37435980862938 0.979513695230708 1.7224154653959 1.14639969985001 1.52325619803742 1.78254711278714 1.20708975568414 1.14377177739516 1.616112903459 1.11431174678728 1.89208916900679 1.46617980091833 0.957037994405255 1.76193318143487 0 0.935805949149653 1.51750501501374 1.353579784045 1.28829396679066 1.54847743385471 1.27506180736236 1.73858545068651 1.58317139791325 1.74457654287107 1.63490391359664 0.984757220139727 1.05885239131749 1.65828708885238 1.10685918130912
1.42784368805587 1.73209479823709 1.82152093062177 1.3868542057462 1.10654929676093 1.55029351031408 1.20664771529846 1.34465089021251 1.84842627914622 1.45864046062343 1.81441969773732 1.08385714911856 1.50942414696328 0.999159407103434 1.25713553279638 0.935805949149653 0 0.9431466832757 1.18369646603242 1.67027870379388 1.72502397256903 1.73255797568709 1.53499047784135 1.54784281807952 1.23137030913495 1.03047540062107 1.14442166453227 1.01271731802262 0.943827477982268 1.78873393475078
1.88425058801658 0.949248016113415 0.989149087341502 1.81866070395336 1.46317915362306 1.06240999535657 1.04926728038117 1.35480705439113 1.35889727529138 0.983084849780425 1.40502568124793 0.951761574717239 1.31538771372288 1.28265919280238 1.62354470044374 1.51750501501374 0.9431466832757 0 1.07518150261603 1.48369792941958 1.14966994314454 1.58413666463457 0.989361071260646 1.19216531002894 1.76927440636791 1.61450276011601 1.40408942196518 1.32689540460706 1.12302234489471 1.34518036129884
1.82767604384571 1.87169366003945 1.66499799839221 1.62065478297882 1.248616772471 1.85492056491785 1.24893469456583 0.969080698210746 1.18176568276249 1.44322565407492 0.967474596342072 1.12663241638802 1.4954922888428 1.76431600889191 1.72419372200966 1.353579784045 1.18369646603242 1.07518150261603 0 1.57969865226187 1.62848590919748 1.57282138825394 1.82829248975031 1.39369201590307 1.34922557976097 1.72198027023114 1.87094581848942 1.74627245869488 1.42722771153785 1.46327974740416
1.79887939780019 1.32384238345549 1.80446108058095 1.81495138816535 0.905565524008125 1.45928272791207 1.52552551170811 0.996168900281191 1.53604982118122 1.4362137503922 1.41038418142125 1.07956639700569 1.07111348328181 1.28800763818435 1.25362941808999 1.28829396679066 1.67027870379388 1.48369792941958 1.57969865226187 0 1.83431824715808 1.65504380012862 0.962117029121146 1.55464047170244 1.84151816717349 1.72077706176788 1.24231078475714 1.63027964881621 0.97889864211902 1.46966529428028
1.55659744911827 0.911529154051095 1.40949951228686 1.0310828294605 1.60370352421887 1.1506176434923 1.15822168649174 1.30422862269916 1.08963896427304 1.35194226936437 1.88476609159261 1.70911595621146 1.37879564752802 1.31434925668873 1.12500852486119 1.54847743385471 1.72502397256903 1.14966994314454 1.62848590919748 1.83431824715808 0 1.77057081367821 1.36959896748886 1.24384541017935 1.85762564628385 1.51263537304476 1.76519320113584 1.42097141989507 1.75783588644117 1.44161002640612
1.61095942556858 1.46819006139413 1.60958279110491 0.996562475338578 1.41236025420949 1.73353674914688 1.26249684020877 1.50169993308373 1.25212820712477 1.35765820951201 1.41488001681864 1.4407535858918 1.89643682702444 1.11313690780662 1.56636472628452 1.27506180736236 1.73255797568709 1.58413666463457 1.57282138825394 1.65504380012862 1.77057081367821 0 1.72693734732457 1.66768652107567 1.41221608663909 1.62931809946895 1.61058862833306 1.25676919077523 1.16750711109489 1.65689133922569
1.46763552958146 1.01368242851458 1.83174868603237 1.14131370116957 1.74585151509382 1.41544840415008 1.7939750563819 0.994066913612187 1.16290239151567 1.68414287222549 1.7910936055705 0.909206752898172 1.37929513445124 1.63544222014025 0.902776969596744 1.73858545068651 1.53499047784135 0.989361071260646 1.82829248975031 0.962117029121146 1.36959896748886 1.72693734732457 0 1.30228163022548 1.11101436987519 1.87350073410198 1.10448463610373 1.86412618355826 1.47301706764847 1.83783817337826
1.01102335029282 1.65722029050812 1.71370588010177 1.19475496513769 1.57922482956201 1.64140435447916 1.52801496675238 1.31402337644249 1.3102770249825 1.85887773102149 1.64792825421318 1.21123504941352 1.83278897078708 1.59339382266626 1.6893698819913 1.58317139791325 1.54784281807952 1.19216531002894 1.39369201590307 1.55464047170244 1.24384541017935 1.66768652107567 1.30228163022548 0 1.04894739366136 1.65379115822725 1.86093379440717 1.13822571444325 1.71975893666968 1.65672102104872
1.65152048273012 1.6293439916335 1.59846295067109 1.62075508455746 1.13054702430964 1.43928847671486 1.48734423308633 1.56644793227315 0.95293135708198 1.25422507198527 1.51376641565003 1.00598054309376 1.06170220673084 1.58679127786309 1.01933454442769 1.74457654287107 1.23137030913495 1.76927440636791 1.34922557976097 1.84151816717349 1.85762564628385 1.41221608663909 1.11101436987519 1.04894739366136 0 0.928434352390468 1.77813268895261 0.945705654565245 1.22611337224953 1.24119929457083
1.37307365750894 1.73537749424577 1.24379951949231 1.15202153800055 0.943522396031767 1.72750226641074 1.262339619454 1.04124696413055 1.39850214356557 1.0319876326248 1.79458736721426 1.07066301000305 1.48591443686746 1.62987485784106 1.06304237968288 1.63490391359664 1.03047540062107 1.61450276011601 1.72198027023114 1.72077706176788 1.51263537304476 1.62931809946895 1.87350073410198 1.65379115822725 0.928434352390468 0 1.06955272215419 1.50962925353087 1.71861905627884 1.59524879208766
1.88198879244737 0.974644219968468 1.49681334802881 1.70408036094159 1.8361477877479 1.08691572654061 1.60615245508961 1.29686905792914 1.20355449290946 1.25351639324799 1.11522470461205 1.39466940541752 1.06086406460963 1.16791144013405 1.6980103503447 0.984757220139727 1.14442166453227 1.40408942196518 1.87094581848942 1.24231078475714 1.76519320113584 1.61058862833306 1.10448463610373 1.86093379440717 1.77813268895261 1.06955272215419 0 1.49471292598173 1.13015427137725 1.62259090831503
1.40588985919021 1.24075645534322 1.45011514658108 1.63065133430064 1.22181777004153 1.27046254160814 0.940544951474294 1.03089594608173 1.51635422930121 0.923347120871767 1.22595363412984 1.89693120191805 1.71206768765114 1.68096638098359 1.70663498435169 1.05885239131749 1.01271731802262 1.32689540460706 1.74627245869488 1.63027964881621 1.42097141989507 1.25676919077523 1.86412618355826 1.13822571444325 0.945705654565245 1.50962925353087 1.49471292598173 0 1.25449513923377 1.49107374204323
1.31473886477761 1.67220452125184 1.86439039092511 1.17831737874076 1.04421743797138 1.60265836096369 1.58677777508274 1.70319771347567 1.32616962352768 1.33725292677991 1.40385285951197 0.937339433003217 1.60577584966086 1.35487764468417 1.16634214785881 1.65828708885238 0.943827477982268 1.12302234489471 1.42722771153785 0.97889864211902 1.75783588644117 1.16750711109489 1.47301706764847 1.71975893666968 1.22611337224953 1.71861905627884 1.13015427137725 1.25449513923377 0 1.10065662045963
1.57396879908629 0.944495657226071 0.984535839175805 0.96067410800606 1.50505214929581 1.5269277158659 1.65451844362542 1.31399584142491 1.36419698153622 1.523487534374 1.61850138474256 1.0738904022146 1.39695379789919 1.5732771968469 1.52690442977473 1.10685918130912 1.78873393475078 1.34518036129884 1.46327974740416 1.46966529428028 1.44161002640612 1.65689133922569 1.83783817337826 1.65672102104872 1.24119929457083 1.59524879208766 1.62259090831503 1.49107374204323 1.10065662045963 0
