0 1.47740055504255 1.26309539633803 1.54579422459938 0.991353991208598 1.55502163781784 1.29479482164606 1.26909895916469 1.51854901039042 1.47151774726808 1.45430908096023 1.91179142333567 0.995712622534484 1.10228311177343 1.29354767058976 1.14736808277667 1.84690515394323 1.38502313569188 1.28994104452431 1.83600931498222 1.74784432118759 1.29918999550864 1.25147392507643 0.988751647761092 1.12856232281774 1.25089613907039 1.49869954911992 1.19132095528767 1.00005741743371 1.88520345115103
1.47740055504255 0 0.96042144484818 1.90684413397685 1.12849421566352 1.64189536892809 1.59204152552411 1.78314249799587 1.1061336772982 0.977782735135406 1.90870565059595 1.52804941800423 1.14977896702476 1.29461424914189 1.8281929763034 1.45653263176791 1.48367141466588 1.77276013907976 1.86554376478307 1.38289836444892 1.14439150551334 1.52776585798711 1.86539184069261 1.64776560850441 1.73464462254196 1.80680739344098 1.67767741787247 1.86095340549946 1.55518560949713 1.79967179568484
1.26309539633803 0.96042144484818 0 1.10444092750549 1.36535687488504 1.11965644382872 0.983933171955869 1.32758754002862 1.54884736728854 0.967828699853271 1.67254157969728 1.28339126403444 1.21893757628277 1.22749265073799 0.960306599736214 1.00621734978631 1.89196395361796 1.8091578555759 1.6958246671129 1.82219569873996 1.22648378647864 1.88251441973262 1.57554676244035 1.27529931254685 1.87771894806065 1.18016265309416 1.29978641076013 1.91075391694903 1.6853854758665 1.64456518692896
1.54579422459938 1.90684413397685 1.10444092750549 0 1.74520088778809 1.51231823745184 1.8165055506397 1.73154737940058 0.9657794078812 1.56810582336038 1.57538032252342 1.57892206893303 1.68902274756692 1.20490079605952 1.62164899148047 1.91798867378384 1.82033534767106 1.4898099207785 1.12774873385206 1.79649158916436 0.99599665380083 1.05407917313278 0.933874239446595 1.84565174905583 1.25077172997408 1.13084664335474 1.02064127963968 1.85440967301838 1.41034154151566 1.34235796355642
0.991353991208598 1.12849421566352 1.36535687488504 1.74520088778809 0 1.39052207232453 1.25108444830403 1.47603599098511 0.950678520137444 1.16508767125197 1.32479849015363 1.30868037650362 1.35691757849418 1.82568795373663 1.90274274162948 1.92354375543073 1.46341416426003 1.79864455852658 1.28325748327188 1.13696232857183 0.970586255891249 1.28748095384799 1.89629186829552 1.85991370445117 1.17618455574848 1.88020789739676 0.955767511855811 1.15925982664339 1.69861333747394 1.47156459512189
1.55502163781784 1.64189536892809 1.11965644382872 1.51231823745184 1.39052207232453 0 1.53932266868651 1.32384219672531 1.54642464732751 1.06087213288993 1.61641074763611 1.51750398357399 1.10029139649123 1.25238460605033 1.2364060014952 1.69406897528097 1.7906655005645 1.72871189774014 1.15519282524474 1.31591388117522 1.76860964437947 1.67225287971087 1.44634145288728 1.64456676319242 1.55143067915924 1.2916533567477 1.76335950056091 1.80064107524231 1.15543881477788 1.83830576343462
1.29479482164606 1.59204152552411 0.983933171955869 1.8165055506397 1.25108444830403 1.53932266868651 0 1.4002032475546 1.07712575350888 1.79182247561403 1.50644274521619 1.17634889786132 1.25511956308037 1.43279796536081 1.64821765641682 1.3174701302778 1.02791747893207 1.79450886999257 1.18152186903171 1.43176119937561 1.80062682717107 1.00554428016767 1.77918043220416 1.55652563367039 1.78462331090122 1.89611674752086 1.33165869256482 1.63090858981013 0.992212286219001 1.79121428565122
1.26909895916469 1.78314249799587 1.32758754002862 1.73154737940058 1.47603599098511 1.32384219672531 1.4002032475546 0 1.16090445592999 1.10247324244119 1.57107832608745 1.52720658225007 1.8647476604674 1.30092539684847 1.82069702353328 1.80867925728671 1.28242262359709 1.70515393139794 1.02077327622101 1.5915356692858 1.3846552867908 1.57018439634703 1.43762297742069 1.25225556618534 1.07315347995609 1.31695019849576 1.05020978092216 1.54961045784876 1.6805928980466 1.74483963148668
1.51854901039042 1.1061336772982 1.54884736728854 0.9657794078812 0.950678520137444 1.54642464732751 1.07712575350888 1.16090445592999 0 1.85349697526544 1.20185168087482 1.75767756439745 1.79483176488429 1.20143942954019 1.52746775862761 1.47470836294815 1.27947581163608 1.88658000971191 1.18302398733795 0.938410595525056 1.59766254480928 1.17206407175399 1.28268098924309 1.82818541349843 1.48824088647962 1.62796808267012 1.62897550896741 1.23817358165979 1.39352145488374 1.89469629270025
1.47151774726808 0.977782735135406 0.967828699853271 1.56810582336038 1.16508767125197 1.06087213288993 1.79182247561403 1.10247324244119 1.85349697526544 0 1.4341887421906 1.09272710513324 1.01839959807694 1.65728068863973 1.63415472535416 1.72307372931391 1.79315124778077 1.28888824069872 1.32035639486276 1.13555556838401 1.54138941061683 1.53535734815523 1.29673522803932 1.58144315332174 1.01489501283504 1.11225210200064 1.54494748427533 1.31312748347409 1.12761380942538 1.81972137792036
1.45430908096023 1.90870565059595 1.67254157969728 1.57538032252342 1.32479849015363 1.61641074763611 1.50644274521619 1.57107832608745 1.20185168087482 1.4341887421906 0 1.05314532411285 1.71056999638677 1.19179585250095 1.52751445537433 1.35649019828998 1.20296350121498 1.48439172282815 1.84457816602662 1.35236233985052 1.59800142212771 1.17930203932337 1.55688288551755 1.4487858323846 1.26110497070476 1.38012226368301 1.61993296351284 1.56475163414143 1.66100805136375 1.08197479718365
1.91179142333567 1.52804941800423 1.28339126403444 1.57892206893303 1.30868037650362 1.51750398357399 1.17634889786132 1.52720658225007 1.75767756439745 1.09272710513324 1.05314532411285 0 1.82604110473767 1.71446176501922 1.22228935314342 1.90900644147769 1.37968749413267 1.78984000487253 1.21923813899048 1.79338983749039 1.79117593285628 1.3653849742841 0.972260087030008 1.9268063143827 1.7817177567631 1.44614603603259 1.60625263187103 1.63084560702555 1.73051627026871 1.78898102394305
0.995712622534484 1.14977896702476 1.21893757628277 1.68902274756692 1.35691757849418 1.10029139649123 1.25511956308037 1.8647476604674 1.79483176488429 1.01839959807694 1.71056999638677 1.82604110473767 0 1.57967057148926 1.51992859668098 0.987784230383113 1.43149424484 1.81496215821244 1.73755746730603 1.66244976548478 1.91670171101578 1.29085560259409 1.68601843947545 1.66785415168852 1.83150976523757 1.92629935219884 1.25079972203821 1.45941112423316 0.961944833630696 1.54744349047542
1.10228311177343 1.29461424914189 1.22749265073799 1.20490079605952 1.82568795373663 1.25238460605033 1.43279796536081 1.30092539684847 1.20143942954019 1.65728068863973 1.19179585250095 1.71446176501922 1.57967057148926 0 1.56689479574561 1.67124190158211 1.75861338991672 1.79756762157194 1.62936628167517 1.13433641707525 0.984392607118934 1.56394177721813 1.37789966329001 1.3771844941657 1.42588328639977 1.2291426404845 1.88882007380016 1.6860037453007 1.85048318980262 1.93098100926727
1.29354767058976 1.8281929763034 0.960306599736214 1.62164899148047 1.90274274162948 1.2364060014952 1.64821765641682 1.82069702353328 1.52746775862761 1.63415472535416 1.52751445537433 1.22228935314342 1.51992859668098 1.56689479574561 0 1.35721365874633 1.8356749243103 1.53453005803749 1.24016243894584 1.25292906328104 1.83700219076127 1.84116645553149 1.10712667065673 1.90171462390572 1.29807591508143 1.13929081708193 1.34676076890901 0.968439291464165 1.23976565292105 1.51126313698478
1.14736808277667 1.45653263176791 1.00621734978631 1.91798867378384 1.92354375543073 1.69406897528097 1.3174701302778 1.80867925728671 1.47470836294815 1.72307372931391 1.35649019828998 1.90900644147769 0.987784230383113 1.67124190158211 1.35721365874633 0 1.89489569677971 1.5255039408803 1.40940863476135 1.24561997060664 1.58390505146235 1.46779623907059 1.51491198479198 1.09327535168268 1.27366999839433 1.27960549481213 1.60199400689453 1.54978168359958 1.15170795237646 1.31072072847746
1.84690515394323 1.48367141466588 1.89196395361796 1.82033534767106 1.46341416426003 1.7906655005645 1.02791747893207 1.28242262359709 1.27947581163608 1.79315124778077 1.20296350121498 1.37968749413267 1.43149424484 1.75861338991672 1.8356749243103 1.89489569677971 0 1.14256781409495 1.77151854033582 1.2653740204405 1.30050645512529 1.46311185066588 1.33268500352278 1.27355366339907 1.21365715772845 1.78428217000328 1.56941517675295 1.52441936684772 1.84436267032288 1.90046792151406
1.38502313569188 1.77276013907976 1.8091578555759 1.4898099207785 1.79864455852658 1.72871189774014 1.79450886999257 1.70515393139794 1.88658000971191 1.28888824069872 1.48439172282815 1.78984000487253 1.81496215821244 1.79756762157194 1.53453005803749 1.5255039408803 1.14256781409495 0 0.953353864140809 1.30759678222239 1.53098828555085 1.08114979718812 1.54668238363229 1.49984878348187 0.972357660299167 1.52944398741238 1.29266481171362 1.03957038046792 1.32390937767923 1.1592362462543
1.28994104452431 1.86554376478307 1.6958246671129 1.12774873385206 1.28325748327188 1.15519282524474 1.18152186903171 1.02077327622101 1.18302398733795 1.32035639486276 1.84457816602662 1.21923813899048 1.73755746730603 1.62936628167517 1.24016243894584 1.40940863476135 1.77151854033582 0.953353864140809 0 1.62409176817164 1.56045516766608 1.12411489570513 0.948731366079301 1.61595794907771 1.44942418090068 1.18838081974536 1.76045251893811 0.987864783033729 1.05389989027753 1.5773529058788
1.83600931498222 1.38289836444892 1.82219569873996 1.79649158916436 1.13696232857183 1.31591388117522 1.43176119937561 1.5915356692858 0.938410595525056 1.13555556838401 1.35236233985052 1.79338983749039 1.66244976548478 1.13433641707525 1.25292906328104 1.24561997060664 1.2653740204405 1.30759678222239 1.62409176817164 0 1.32289193500765 1.5792257017456 1.0271856165491 1.79950913670473 1.16186780622229 1.73577871429734 1.33727031620219 1.09899650793523 1.24681917042471 1.03058710624464
1.74784432118759 1.14439150551334 1.22648378647864 0.99599665380083 0.970586255891249 1.76860964437947 1.80062682717107 1.3846552867908 1.59766254480928 1.54138941061683 1.59800142212771 1.79117593285628 1.91670171101578 0.984392607118934 1.83700219076127 1.58390505146235 1.30050645512529 1.53098828555085 1.56045516766608 1.32289193500765 0 1.87701980932616 1.0356972257141 1.38786287792027 1.10695173381828 1.36498462455347 1.39378704759292 1.85891247796826 1.3837092386093 0.946588402148336
1.29918999550864 1.52776585798711 1.88251441973262 1.05407917313278 1.28748095384799 1.67225287971087 1.00554428016767 1.57018439634703 1.17206407175399 1.53535734815523 1.17930203932337 1.3653849742841 1.29085560259409 1.56394177721813 1.84116645553149 1.46779623907059 1.46311185066588 1.08114979718812 1.12411489570513 1.5792257017456 1.87701980932616 0 1.40497696818784 1.04924336913973 1.46320640877821 1.24517678213306 1.32802951638587 1.25883272686042 1.28707262966782 0.985991660738364
1.25147392507643 1.86539184069261 1.57554676244035 0.933874239446595 1.89629186829552 1.44634145288728 1.77918043220416 1.43762297742069 1.28268098924309 1.29673522803932 1.55688288551755 0.972260087030008 1.68601843947545 1.37789966329001 1.10712667065673 1.51491198479198 1.33268500352278 1.54668238363229 0.948731366079301 1.0271856165491 1.0356972257141 1.40497696818784 0 1.35411807056516 1.82412737188861 1.06825425825082 1.0941298934631 1.53673999803141 1.38262413302436 1.10056581371464
0.988751647761092 1.64776560850441 1.27529931254685 1.84565174905583 1.85991370445117 1.64456676319242 1.55652563367039 1.25225556618534 1.82818541349843 1.58144315332174 1.4487858323846 1.9268063143827 1.66785415168852 1.3771844941657 1.90171462390572 1.09327535168268 1.27355366339907 1.49984878348187 1.61595794907771 1.79950913670473 1.38786287792027 1.04924336913973 1.35411807056516 0 1.67220723605715 1.34590502036735 1.84071187162772 1.72347849607468 1.83982923091389 1.38517448096536
1.12856232281774 1.73464462254196 1.87771894806065 1.25077172997408 1.17618455574848 1.55143067915924 1.78462331090122 1.07315347995609 1.48824088647962 1.01489501283504 1.26110497070476 1.7817177567631 1.83150976523757 1.42588328639977 1.29807591508143 1.27366999839433 1.21365715772845 0.972357660299167 1.44942418090068 1.16186780622229 1.10695173381828 1.46320640877821 1.82412737188861 1.67220723605715 0 1.52351477905177 1.65476807788946 1.09970397176221 1.01562431151979 1.04940698063001
1.25089613907039 1.80680739344098 1.18016265309416 1.13084664335474 1.88020789739676 1.2916533567477 1.89611674752086 1.31695019849576 1.62796808267012 1.11225210200064 1.38012226368301 1.44614603603259 1.92629935219884 1.2291426404845 1.13929081708193 1.27960549481213 1.78428217000328 1.52944398741238 1.18838081974536 1.73577871429734 1.36498462455347 1.24517678213306 1.06825425825082 1.34590502036735 1.52351477905177 0 1.29063214082271 1.59811901650392 1.52656527818181 1.35401736875065
1.49869954911992 1.67767741787247 1.29978641076013 1.02064127963968 0.955767511855811 1.76335950056091 1.33165869256482 1.05020978092216 1.62897550896741 1.54494748427533 1.61993296351284 1.60625263187103 1.25079972203821 1.88882007380016 1.34676076890901 1.60199400689453 1.56941517675295 1.29266481171362 1.76045251893811 1.33727031620219 1.39378704759292 1.32802951638587 1.0941298934631 1.84071187162772 1.65476807788946 1.29063214082271 0 1.8457491369918 1.0134118963033 0.995700197294354
1.19132095528767 1.86095340549946 1.91075391694903 1.85440967301838 1.15925982664339 1.80064107524231 1.63090858981013 1.54961045784876 1.23817358165979 1.31312748347409 1.56475163414143 1.63084560702555 1.45941112423316 1.6860037453007 0.968439291464165 1.54978168359958 1.52441936684772 1.03957038046792 0.987864783033729 1.09899650793523 1.85891247796826 1.25883272686042 1.53673999803141 1.72347849607468 1.09970397176221 1.59811901650392 1.8457491369918 0 1.74016369902529 1.46128896111622
1.00005741743371 1.55518560949713 1.6853854758665 1.41034154151566 1.69861333747394 1.15543881477788 0.992212286219001 1.6805928980466 1.39352145488374 1.12761380942538 1.66100805136375 1.73051627026871 0.961944833630696 1.85048318980262 1.23976565292105 1.15170795237646 1.84436267032288 1.32390937767923 1.05389989027753 1.24681917042471 1.3837092386093 1.28707262966782 1.38262413302436 1.83982923091389 1.01562431151979 1.52656527818181 1.0134118963033 1.74016369902529 0 1.34543599816971
1.88520345115103 1.79967179568484 1.64456518692896 1.34235796355642 1.47156459512189 1.83830576343462 1.79121428565122 1.74483963148668 1.89469629270025 1.81972137792036 1.08197479718365 1.78898102394305 1.54744349047542 1.93098100926727 1.51126313698478 1.31072072847746 1.90046792151406 1.1592362462543 1.5773529058788 1.03058710624464 0.946588402148336 0.985991660738364 1.10056581371464 1.38517448096536 1.04940698063001 1.35401736875065 0.995700197294354 1.46128896111622 1.34543599816971 0
