0 1.19955470715649 1.31242240942083 1.5481732506305 1.4863130543381 1.80670208227821 1.00910164020024 1.12676929682493 1.07619993807748 1.27981219813228 1.86115085845813 1.91528948792256 1.53230918943882 0.97926817717962 1.0655628030654 1.07768376125023 1.24005617713556 1.72078681271523 1.92123011220247 0.959729222813621 1.70155845512636 1.28428154834546 1.54577955743298 0.953033587895334 1.67518375837244 1.15694743976928 1.42136345757172 1.76823152741417 1.40308485133573 1.30087674711831
1.19955470715649 0 1.52282228600234 1.09440544480458 1.67180565674789 1.26840825704858 1.44264798471704 1.54012645431794 1.02506299503148 1.61992499278858 1.06365662394091 0.987944627413526 1.49987982120365 1.56185591034591 1.57427688548341 1.18454208155163 1.09352472517639 1.63971881777979 1.25640550488606 1.43772400030866 0.94268572027795 1.13167344569229 1.89375693211332 1.08900266815908 0.989051050273702 1.54671264020726 1.4172010240145 1.65187468472868 1.33147964440286 1.06263395934366
1.31242240942083 1.52282228600234 0 1.18117062118836 1.86108981911093 1.19279386801645 1.01273924298584 1.45403302717023 1.43454766646028 1.01166760711931 1.84605960245244 1.6618881735485 1.7385040668305 1.35014430619776 1.19602319039404 1.40750427194871 1.78534403210506 1.66128725861199 1.77966826292686 1.18359146290459 1.22335161711089 1.59037245740183 1.75702808238566 1.65874543460086 1.56561651523225 1.5353337705601 1.08174933493137 1.77302414318547 0.998724466888234 1.13529905700125
1.5481732506305 1.09440544480458 1.18117062118836 0 1.42858630325645 1.44010190735571 1.922145384131 1.65519734332338 1.64864888251759 1.82272486807778 1.60866070329212 1.76277664676309 1.08469173964113 0.997893965570256 1.59963329648599 1.19117978331633 1.02904863888398 1.33571269386448 0.993147902423516 1.72508270619437 1.83264796738513 1.11908514332026 1.28098989790305 1.88147101178765 1.8511314811185 1.41042098007165 1.76905003236607 0.954014903865755 1.21028072061017 1.67080309102312
1.4863130543381 1.67180565674789 1.86108981911093 1.42858630325645 0 1.74829135951586 1.85662077437155 1.53904428612441 1.10360110364854 1.12776843132451 1.42214748146944 1.73854326154105 1.70629633450881 1.79009281727485 1.85516090528108 1.34275099355727 1.7928292453289 0.970589146018028 1.25041418708861 1.40818937914446 1.45013092737645 1.12247236492112 1.09991990681738 1.82811025786214 1.26370559562929 1.39859718247317 1.57667923159897 1.52725578006357 0.985101340105757 0.965572894783691
1.80670208227821 1.26840825704858 1.19279386801645 1.44010190735571 1.74829135951586 0 1.62770582945086 1.16064669960178 1.07274463796057 1.66048192768358 1.0876758324448 1.15133907180279 1.47591534419917 1.55673304549418 1.73061726847664 1.57189422682859 1.05990894138813 1.93538240296766 1.20772951468825 1.8359800921753 1.45387058216147 1.776264579501 1.15231705293991 1.23496628995053 1.06043019704521 1.4826269808691 1.18977665062994 1.68851698096842 1.809042558074 1.92728038085625
1.00910164020024 1.44264798471704 1.01273924298584 1.922145384131 1.85662077437155 1.62770582945086 0 1.33447344787419 1.78213429101743 1.52865284401923 1.27585651609115 1.24851758196019 1.92970627988689 1.4677355599124 1.30735023529269 1.41108266217634 1.56276710238308 1.8312714274507 1.68758386606351 1.40879168757237 1.90659681498073 1.48501782421954 1.70633637788706 1.1086221258156 1.04550255811773 1.72857305360958 1.14398695132695 1.50715504749678 1.32386267720722 1.45100962603465
1.12676929682493 1.54012645431794 1.45403302717023 1.65519734332338 1.53904428612441 1.16064669960178 1.33447344787419 0 1.79262564447708 1.43610686436296 1.15264937025495 1.86151911038905 1.84738745144568 1.83989599091001 1.37203769735061 1.79298702254891 1.64130758936517 1.15924724191427 0.966786920791492 1.13006325671449 1.18513784697279 1.04104551183991 1.42260748753324 1.53557894914411 1.59115498024039 1.60330608626828 1.7860774777364 1.14037432824261 1.48490608972497 0.976848694030195
1.07619993807748 1.02506299503148 1.43454766646028 1.64864888251759 1.10360110364854 1.07274463796057 1.78213429101743 1.79262564447708 0 1.69839868345298 0.964562928536907 1.79349485039711 1.86177163058892 1.38288603071123 1.16229481995106 1.24592027859762 1.30927414703183 1.27176536037587 1.07723918231204 1.68560508824885 1.28117699897848 0.972965700086206 1.57912360387854 1.67267653462477 1.91951545444317 1.76506377616897 1.77910123020411 1.33352281735279 1.40014235628769 0.982793120667338
1.27981219813228 1.61992499278858 1.01166760711931 1.82272486807778 1.12776843132451 1.66048192768358 1.52865284401923 1.43610686436296 1.69839868345298 0 1.68927130801603 1.68615659675561 1.40321531915106 1.52713724994101 1.60261786030605 1.87644511205144 1.00295874406584 1.56725656520575 1.28683525347151 1.74571722815745 1.7972941538319 1.44168139412068 0.975636437535286 1.59184977901168 1.37790604983456 1.4735195399262 1.12153197824955 1.02358343056403 1.34404859319329 1.22340522287413
1.86115085845813 1.06365662394091 1.84605960245244 1.60866070329212 1.42214748146944 1.0876758324448 1.27585651609115 1.15264937025495 0.964562928536907 1.68927130801603 0 1.4313861571718 1.50078473985195 1.52491084067151 1.57466431404464 1.15302603691816 1.10256729833782 1.73854979104362 1.89709984464571 0.98678880976513 1.73742401390336 0.979731023777276 1.55974146374501 1.5998148242943 1.26212234143168 1.88019165350124 1.27607530704699 1.9346996776294 1.12328653805889 1.49676840868779
1.91528948792256 0.987944627413526 1.6618881735485 1.76277664676309 1.73854326154105 1.15133907180279 1.24851758196019 1.86151911038905 1.79349485039711 1.68615659675561 1.4313861571718 0 1.91825196729042 1.55067760753445 1.01778449025005 1.84227552497759 1.15678733284585 1.7175233613234 0.976280121365562 1.05548485345207 1.09737833193503 0.983872278593481 1.78790025413036 1.26933155977167 0.983327388763428 1.77027787035331 1.3704715562053 1.72805256769061 1.04828276834451 1.70754426065832
1.53230918943882 1.49987982120365 1.7385040668305 1.08469173964113 1.70629633450881 1.47591534419917 1.92970627988689 1.84738745144568 1.86177163058892 1.40321531915106 1.50078473985195 1.91825196729042 0 1.52094467030838 1.47017063596286 1.56857149815187 1.77716019027866 1.50939478096552 1.93780373362824 1.57305196276866 1.8308065647725 1.56229838146828 1.57248591608368 1.2011226946488 1.51693920558318 1.16866421233863 1.57744688005187 1.36140053812414 1.38904354977421 1.21225335076451
0.97926817717962 1.56185591034591 1.35014430619776 0.997893965570256 1.79009281727485 1.55673304549418 1.4677355599124 1.83989599091001 1.38288603071123 1.52713724994101 1.52491084067151 1.55067760753445 1.52094467030838 0 1.41740044020116 1.32712890743278 1.38525701826438 1.16832779324614 1.4013758180663 1.52734772185795 1.43893810571171 1.53434640797786 1.78282849956304 1.53012410970405 1.79308970412239 1.55661127669737 1.92231099004857 1.80063003441319 1.53138479311019 1.34188439045101
1.0655628030654 1.57427688548341 1.19602319039404 1.59963329648599 1.85516090528108 1.73061726847664 1.30735023529269 1.37203769735061 1.16229481995106 1.60261786030605 1.57466431404464 1.01778449025005 1.47017063596286 1.41740044020116 0 1.61138812080026 1.06253298581578 1.19106531981379 1.26331893657334 1.29990007518791 1.06935005378909 1.71936010802165 1.84399848920293 1.92361151683144 1.65260944352485 1.00263124611229 0.959517070325091 1.42202914063819 1.17346859932877 1.55309391324408
1.07768376125023 1.18454208155163 1.40750427194871 1.19117978331633 1.34275099355727 1.57189422682859 1.41108266217634 1.79298702254891 1.24592027859762 1.87644511205144 1.15302603691816 1.84227552497759 1.56857149815187 1.32712890743278 1.61138812080026 0 1.35890238150023 1.20687403692864 1.67137098521926 1.0117999794893 1.04200637107715 1.0302343335934 1.46216071187519 1.57217895262875 0.969509691931307 1.16579776187427 1.40689662867226 1.34940503886901 1.27257458330132 1.78644551197067
1.24005617713556 1.09352472517639 1.78534403210506 1.02904863888398 1.7928292453289 1.05990894138813 1.56276710238308 1.64130758936517 1.30927414703183 1.00295874406584 1.10256729833782 1.15678733284585 1.77716019027866 1.38525701826438 1.06253298581578 1.35890238150023 0 1.85457788710482 1.80524295568466 1.89885294227861 1.8234817259945 1.6151657118462 1.13381172646768 1.05193665158004 1.56523954612203 1.40945361345075 0.964620303129777 1.58040330931544 1.14041669713333 1.41294394712895
1.72078681271523 1.63971881777979 1.66128725861199 1.33571269386448 0.970589146018028 1.93538240296766 1.8312714274507 1.15924724191427 1.27176536037587 1.56725656520575 1.73854979104362 1.7175233613234 1.50939478096552 1.16832779324614 1.19106531981379 1.20687403692864 1.85457788710482 0 1.52525327098556 1.69892395893112 1.63053754530847 1.58506892900914 1.5837552936282 1.93591761169955 1.75478781457059 1.36050557647832 1.10740987537429 1.83760320977308 1.92456639208831 1.61947024660185
1.92123011220247 1.25640550488606 1.77966826292686 0.993147902423516 1.25041418708861 1.20772951468825 1.68758386606351 0.966786920791492 1.07723918231204 1.28683525347151 1.89709984464571 0.976280121365562 1.93780373362824 1.4013758180663 1.26331893657334 1.67137098521926 1.80524295568466 1.52525327098556 0 1.08663782523945 1.93474367004819 1.57079074718058 1.20643725199625 1.3453605317045 1.12895081238821 1.25883751083165 1.30512964748777 1.12632088339888 1.68727426347323 1.78717604815029
0.959729222813621 1.43772400030866 1.18359146290459 1.72508270619437 1.40818937914446 1.8359800921753 1.40879168757237 1.13006325671449 1.68560508824885 1.74571722815745 0.98678880976513 1.05548485345207 1.57305196276866 1.52734772185795 1.29990007518791 1.0117999794893 1.89885294227861 1.69892395893112 1.08663782523945 0 1.7590212628711 1.24910612776875 1.40501317451708 1.51595140178688 1.26281663263217 1.70992171694525 1.15629025525413 1.20438720635138 1.22003367054276 1.39569935738109
1.70155845512636 0.94268572027795 1.22335161711089 1.83264796738513 1.45013092737645 1.45387058216147 1.90659681498073 1.18513784697279 1.28117699897848 1.7972941538319 1.73742401390336 1.09737833193503 1.8308065647725 1.43893810571171 1.06935005378909 1.04200637107715 1.8234817259945 1.63053754530847 1.93474367004819 1.7590212628711 0 1.68339674454182 1.86931348522194 1.5387555740308 1.32991860317998 1.39258639188483 1.58248402317986 1.13886251416989 1.66240922524594 1.74033624120057
1.28428154834546 1.13167344569229 1.59037245740183 1.11908514332026 1.12247236492112 1.776264579501 1.48501782421954 1.04104551183991 0.972965700086206 1.44168139412068 0.979731023777276 0.983872278593481 1.56229838146828 1.53434640797786 1.71936010802165 1.0302343335934 1.6151657118462 1.58506892900914 1.57079074718058 1.24910612776875 1.68339674454182 0 1.83853888581507 1.14428470050916 0.946549754356965 1.17584742116742 1.36826522508636 1.63828574260697 1.26540296874009 1.53138031298295
1.54577955743298 1.89375693211332 1.75702808238566 1.28098989790305 1.09991990681738 1.15231705293991 1.70633637788706 1.42260748753324 1.57912360387854 0.975636437535286 1.55974146374501 1.78790025413036 1.57248591608368 1.78282849956304 1.84399848920293 1.46216071187519 1.13381172646768 1.5837552936282 1.20643725199625 1.40501317451708 1.86931348522194 1.83853888581507 0 1.84930738038383 1.09337689611129 1.31233288324438 1.51242873445153 1.14956580125727 1.40966757456772 1.24714463297278
0.953033587895334 1.08900266815908 1.65874543460086 1.88147101178765 1.82811025786214 1.23496628995053 1.1086221258156 1.53557894914411 1.67267653462477 1.59184977901168 1.5998148242943 1.26933155977167 1.2011226946488 1.53012410970405 1.92361151683144 1.57217895262875 1.05193665158004 1.93591761169955 1.3453605317045 1.51595140178688 1.5387555740308 1.14428470050916 1.84930738038383 0 1.08461306220852 1.92227018228732 1.3776204448659 1.74941626633517 1.79568298975937 1.23084278497845
1.67518375837244 0.989051050273702 1.56561651523225 1.8511314811185 1.26370559562929 1.06043019704521 1.04550255811773 1.59115498024039 1.91951545444317 1.37790604983456 1.26212234143168 0.983327388763428 1.51693920558318 1.79308970412239 1.65260944352485 0.969509691931307 1.56523954612203 1.75478781457059 1.12895081238821 1.26281663263217 1.32991860317998 0.946549754356965 1.09337689611129 1.08461306220852 0 1.04803624702618 1.76244098017924 1.02019972121343 1.50529691507109 1.24154986860231
1.15694743976928 1.54671264020726 1.5353337705601 1.41042098007165 1.39859718247317 1.4826269808691 1.72857305360958 1.60330608626828 1.76506377616897 1.4735195399262 1.88019165350124 1.77027787035331 1.16866421233863 1.55661127669737 1.00263124611229 1.16579776187427 1.40945361345075 1.36050557647832 1.25883751083165 1.70992171694525 1.39258639188483 1.17584742116742 1.31233288324438 1.92227018228732 1.04803624702618 0 1.45783793297596 1.4597506406717 1.57209622720256 1.54038234055042
1.42136345757172 1.4172010240145 1.08174933493137 1.76905003236607 1.57667923159897 1.18977665062994 1.14398695132695 1.7860774777364 1.77910123020411 1.12153197824955 1.27607530704699 1.3704715562053 1.57744688005187 1.92231099004857 0.959517070325091 1.40689662867226 0.964620303129777 1.10740987537429 1.30512964748777 1.15629025525413 1.58248402317986 1.36826522508636 1.51242873445153 1.3776204448659 1.76244098017924 1.45783793297596 0 1.70777484891005 1.4239733372815 1.21376751945354
1.76823152741417 1.65187468472868 1.77302414318547 0.954014903865755 1.52725578006357 1.68851698096842 1.50715504749678 1.14037432824261 1.33352281735279 1.02358343056403 1.9346996776294 1.72805256769061 1.36140053812414 1.80063003441319 1.42202914063819 1.34940503886901 1.58040330931544 1.83760320977308 1.12632088339888 1.20438720635138 1.13886251416989 1.63828574260697 1.14956580125727 1.74941626633517 1.02019972121343 1.4597506406717 1.70777484891005 0 1.43251989781857 1.51861545722932
1.40308485133573 1.33147964440286 0.998724466888234 1.21028072061017 0.985101340105757 1.809042558074 1.32386267720722 1.48490608972497 1.40014235628769 1.34404859319329 1.12328653805889 1.04828276834451 1.38904354977421 1.53138479311019 1.17346859932877 1.27257458330132 1.14041669713333 1.92456639208831 1.68727426347323 1.22003367054276 1.66240922524594 1.26540296874009 1.40966757456772 1.79568298975937 1.50529691507109 1.57209622720256 1.4239733372815 1.43251989781857 0 1.02498791995458
1.30087674711831 1.06263395934366 1.13529905700125 1.67080309102312 0.965572894783691 1.92728038085625 1.45100962603465 0.976848694030195 0.982793120667338 1.22340522287413 1.49676840868779 1.70754426065832 1.21225335076451 1.34188439045101 1.55309391324408 1.78644551197067 1.41294394712895 1.61947024660185 1.78717604815029 1.39569935738109 1.74033624120057 1.53138031298295 1.24714463297278 1.23084278497845 1.24154986860231 1.54038234055042 1.21376751945354 1.51861545722932 1.02498791995458 0
