0 0.951043529668823 1.85268311784603 1.31193864042871 1.63962669065222 1.46079850615934 1.24325031135231 1.06748147215694 1.89747843076475 1.27035234030336 1.40890478901565 1.80493000522256 1.61057393718511 1.70372019358911 1.21952247433364 1.13751297304407 1.02273785090074 1.1255795082543 1.41432295693085 1.03572398633696 1.26081448839977 1.49280601623468 1.19334474485368 0.941584881162271 1.92566964565776 1.86336938361637 1.5325226765126 1.63749412866309 1.05235203285702 1.52643902041018
0.951043529668823 0 1.05282138823532 1.93484922661446 1.17767818388529 1.32088363496587 1.10052667884156 1.04194589913823 1.91024713078514 1.87889312766492 1.07054801052436 1.60980030172504 1.28390020783991 1.78312896494754 1.90936847729608 0.967576676979661 1.20336589985527 1.08106205193326 1.79381443769671 1.93236729712225 0.98815366672352 1.56449085776694 1.50188935501501 1.19794457382523 1.01253175199963 1.57409499469213 1.14110133773647 1.57864254224114 1.07213774183765 1.24760638340376
1.85268311784603 1.05282138823532 0 1.02477766666561 1.5226707116235 1.17351165949367 1.67655002092943 0.973219472216442 1.3405794990249 0.98426871211268 1.84431842947379 1.72105602687225 1.65790375275537 1.43305501504801 1.31008710432798 1.07230846234597 1.03483841614798 1.30034881271422 1.47170867281966 1.23240340035409 1.82237030542456 1.2167138045188 1.25156273599714 1.73933635489084 1.21204424533062 1.54378102091141 1.86106254369952 1.38316158740781 1.1670869551599 1.81391696352512
1.31193864042871 1.93484922661446 1.02477766666561 0 1.12594837648794 1.71046952554025 1.35452468763106 1.46733827632852 1.64841322298162 1.8709487519227 1.32852183235809 1.58964196871966 1.65115205524489 1.58259516838007 1.26484013977461 1.16154347523116 1.46431602584198 1.03338214848191 1.13136034854688 1.37748705060221 1.74317878321745 0.992301508318633 1.19556128396653 1.03270303551108 1.20833757496439 1.46268179337494 1.29666318348609 1.60602660221048 1.12090903217904 1.65567892044783
1.63962669065222 1.17767818388529 1.5226707116235 1.12594837648794 0 1.6444277104456 1.3009669193998 1.10064715100452 1.59587544202805 1.40381645411253 1.61336252721958 1.89517634524964 1.01468883804046 1.88514879532158 1.40727731003426 1.8008057300467 1.01388586289249 1.36979922908358 1.56982181500643 1.27701659314334 1.60119748068973 1.93592630396597 1.9052827807609 1.60896845790558 1.68361542350613 1.44308514846489 1.50416720006615 1.5692441414576 1.71493985503912 1.23250805819407
1.46079850615934 1.32088363496587 1.17351165949367 1.71046952554025 1.6444277104456 0 1.83355525368825 0.948542810278013 1.20640245685354 1.60411154362373 1.57400605198927 1.32714019273408 1.56687177577987 1.30476188496687 1.60689110960811 1.47857971047051 1.10437092417851 1.30435255239718 0.992724894778803 1.49179174797609 1.4050164076034 1.26065425598063 1.21139960177243 1.13513915590011 1.72983600012958 1.2059534532018 1.65953112277202 1.2318781693466 1.43275757017545 1.27835505688563
1.24325031135231 1.10052667884156 1.67655002092943 1.35452468763106 1.3009669193998 1.83355525368825 0 1.06034258101135 1.53565255063586 1.1493308248464 0.990025258157402 1.49539768649265 1.01057466957718 1.85653713415377 1.63208593195304 1.42626279848628 1.15470973611809 1.12520778132603 1.16266134358011 1.15155501104891 1.75062979897484 1.01041973219253 1.08819557446986 1.05237478553317 1.61026021465659 1.12691761250608 1.80876403627917 1.06491431081668 1.67869854392484 1.08532384806313
1.06748147215694 1.04194589913823 0.973219472216442 1.46733827632852 1.10064715100452 0.948542810278013 1.06034258101135 0 1.29318664246239 1.91458276333287 1.26186309359036 1.70280397986062 1.23801931366324 1.38781064935029 1.1718882790301 1.08415357512422 1.4918358840514 0.96522184368223 1.03445889474824 1.24624634650536 1.88111162837595 1.29648963944055 0.994841893436387 1.50916070467792 0.962813046993688 1.65276653552428 1.28987731831148 1.07390625076368 1.88803489110433 1.44797385390848
1.89747843076475 1.91024713078514 1.3405794990249 1.64841322298162 1.59587544202805 1.20640245685354 1.53565255063586 1.29318664246239 0 1.51682837004773 1.50842185947113 1.54797124955803 1.8737471702043 1.20335283176973 1.04299487103708 1.8176725897938 1.24472404876724 1.03052780847065 1.35737880598754 1.54979324573651 1.52904680115171 1.72506078798324 1.42087419237942 1.27403137879446 1.44555833865888 0.996675923233852 0.985110019333661 1.84832458826713 1.5090116111096 1.64821682358161
1.27035234030336 1.87889312766492 0.98426871211268 1.8709487519227 1.40381645411253 1.60411154362373 1.1493308248464 1.91458276333287 1.51682837004773 0 1.53966108360328 1.58904397115111 1.15125730470754 1.63209418742917 1.5396840616595 1.45174673665315 1.59903426910751 1.64584291935898 1.34944805526175 1.131145989988 1.24640490207821 1.24850034550764 1.05499412119389 1.7345764732454 1.12557539530098 1.41193248797208 1.0739623515401 1.17085285950452 1.50392981129698 1.89645145880058
1.40890478901565 1.07054801052436 1.84431842947379 1.32852183235809 1.61336252721958 1.57400605198927 0.990025258157402 1.26186309359036 1.50842185947113 1.53966108360328 0 1.43272310681641 1.31477557821199 1.83571156463586 1.30716772074811 1.00302309915423 1.85289787105285 0.997844623401761 1.08786840061657 1.09411249798723 1.29892981681041 1.48638799786568 1.87890637852252 1.054894533474 1.89749324787408 1.09035571780987 1.60218874365091 1.32025913707912 1.89229226135649 1.84374564536847
1.80493000522256 1.60980030172504 1.72105602687225 1.58964196871966 1.89517634524964 1.32714019273408 1.49539768649265 1.70280397986062 1.54797124955803 1.58904397115111 1.43272310681641 0 1.63134316192009 1.31089846952818 1.65484289615415 1.47717469767667 1.70965775311925 1.85715112555772 1.11229569558054 1.4432870678138 1.37648978852667 1.49980034772307 1.89908824674785 1.61367422575131 1.00088047864847 1.45733393682167 1.20965511118993 0.948604967212304 1.59789454797283 1.85344259929843
1.61057393718511 1.28390020783991 1.65790375275537 1.65115205524489 1.01468883804046 1.56687177577987 1.01057466957718 1.23801931366324 1.8737471702043 1.15125730470754 1.31477557821199 1.63134316192009 0 1.04423901904374 1.1115787057206 1.60655608889647 1.04462060751393 1.3209020642098 1.75451060361229 1.92024395894259 1.42518662451766 1.45068963174708 1.03049424663186 1.78770733810961 1.80298798182048 1.86930578155443 1.86949595552869 1.22567088296637 1.90266008861363 1.09884799807332
1.70372019358911 1.78312896494754 1.43305501504801 1.58259516838007 1.88514879532158 1.30476188496687 1.85653713415377 1.38781064935029 1.20335283176973 1.63209418742917 1.83571156463586 1.31089846952818 1.04423901904374 0 1.46874155523255 1.45664351270534 1.34188647498377 1.81550484267063 1.47638107114471 1.59688109345734 1.06722238194197 1.14799350500107 1.05728907790035 1.54221312096342 1.81999152898788 1.86252027750015 1.73191846674308 1.93206299771555 1.8358906598296 1.58392781531438
1.21952247433364 1.90936847729608 1.31008710432798 1.26484013977461 1.40727731003426 1.60689110960811 1.63208593195304 1.1718882790301 1.04299487103708 1.5396840616595 1.30716772074811 1.65484289615415 1.1115787057206 1.46874155523255 0 1.82674513780512 1.82502571959049 1.26348812505603 1.1192171596922 1.01805908628739 1.1633562608622 1.43732900195755 1.09705133759417 0.957523805554956 1.12162472167984 1.83135995641351 1.9154773845803 1.79387440741993 1.42724132467993 1.8365254921373
1.13751297304407 0.967576676979661 1.07230846234597 1.16154347523116 1.8008057300467 1.47857971047051 1.42626279848628 1.08415357512422 1.8176725897938 1.45174673665315 1.00302309915423 1.47717469767667 1.60655608889647 1.45664351270534 1.82674513780512 0 1.74477225565352 1.16644824622199 1.59954540384933 1.20157436863519 1.15097298962064 1.38586277957074 1.77296269754879 1.01271873526275 1.71976113505661 1.70262774289586 1.36261090566404 1.93163831601851 1.30629084189422 1.35538720851764
1.02273785090074 1.20336589985527 1.03483841614798 1.46431602584198 1.01388586289249 1.10437092417851 1.15470973611809 1.4918358840514 1.24472404876724 1.59903426910751 1.85289787105285 1.70965775311925 1.04462060751393 1.34188647498377 1.82502571959049 1.74477225565352 0 1.72459886129946 0.994052132591605 1.60956266056746 1.6253050819505 1.02177211502567 0.977288160240278 1.12362252827734 1.54464633110911 0.946246678475291 1.74166813353077 1.33478546119295 1.61406424501911 1.46524502872489
1.1255795082543 1.08106205193326 1.30034881271422 1.03338214848191 1.36979922908358 1.30435255239718 1.12520778132603 0.96522184368223 1.03052780847065 1.64584291935898 0.997844623401761 1.85715112555772 1.3209020642098 1.81550484267063 1.26348812505603 1.16644824622199 1.72459886129946 0 1.82268893020228 1.15721129463054 1.50669750245288 1.38425470516086 1.06360442028381 1.03617483004928 1.38919180887751 1.33808536385186 1.39289264543913 1.21993789542466 0.998447034042329 1.18870993237942
1.41432295693085 1.79381443769671 1.47170867281966 1.13136034854688 1.56982181500643 0.992724894778803 1.16266134358011 1.03445889474824 1.35737880598754 1.34944805526175 1.08786840061657 1.11229569558054 1.75451060361229 1.47638107114471 1.1192171596922 1.59954540384933 0.994052132591605 1.82268893020228 0 1.88018159731291 1.04550065868534 1.26129703596234 1.45211738813668 1.57008718489669 1.58928435342386 1.11006036982872 1.33711269451305 1.31388728716411 1.61554604815319 1.76647347724065
1.03572398633696 1.93236729712225 1.23240340035409 1.37748705060221 1.27701659314334 1.49179174797609 1.15155501104891 1.24624634650536 1.54979324573651 1.131145989988 1.09411249798723 1.4432870678138 1.92024395894259 1.59688109345734 1.01805908628739 1.20157436863519 1.60956266056746 1.15721129463054 1.88018159731291 0 1.3683181994129 1.28063284489326 1.37873463192955 1.7653664208483 1.53491791221313 1.43835061625578 1.8555068213027 1.2867761766538 1.22791409655474 1.20300629246049
1.26081448839977 0.98815366672352 1.82237030542456 1.74317878321745 1.60119748068973 1.4050164076034 1.75062979897484 1.88111162837595 1.52904680115171 1.24640490207821 1.29892981681041 1.37648978852667 1.42518662451766 1.06722238194197 1.1633562608622 1.15097298962064 1.6253050819505 1.50669750245288 1.04550065868534 1.3683181994129 0 1.07782539492473 1.18732530623674 1.11159002361819 1.75213907472789 1.10802263719961 1.04823989537545 1.22460328624584 1.6353615259286 1.86685972218402
1.49280601623468 1.56449085776694 1.2167138045188 0.992301508318633 1.93592630396597 1.26065425598063 1.01041973219253 1.29648963944055 1.72506078798324 1.24850034550764 1.48638799786568 1.49980034772307 1.45068963174708 1.14799350500107 1.43732900195755 1.38586277957074 1.02177211502567 1.38425470516086 1.26129703596234 1.28063284489326 1.07782539492473 0 1.33284667599946 1.16124071576633 1.25389747694135 0.947406786959618 1.89164588996209 1.80815926310606 1.73854632745497 1.67257257574238
1.19334474485368 1.50188935501501 1.25156273599714 1.19556128396653 1.9052827807609 1.21139960177243 1.08819557446986 0.994841893436387 1.42087419237942 1.05499412119389 1.87890637852252 1.89908824674785 1.03049424663186 1.05728907790035 1.09705133759417 1.77296269754879 0.977288160240278 1.06360442028381 1.45211738813668 1.37873463192955 1.18732530623674 1.33284667599946 0 1.34417280182242 1.13417653203942 1.17061976180412 1.62850854243152 1.24080635677092 1.42576334509067 1.90235444181599
0.941584881162271 1.19794457382523 1.73933635489084 1.03270303551108 1.60896845790558 1.13513915590011 1.05237478553317 1.50916070467792 1.27403137879446 1.7345764732454 1.054894533474 1.61367422575131 1.78770733810961 1.54221312096342 0.957523805554956 1.01271873526275 1.12362252827734 1.03617483004928 1.57008718489669 1.7653664208483 1.11159002361819 1.16124071576633 1.34417280182242 0 1.68287678435445 1.13302510185167 0.957953579025343 1.21443284256384 1.75408341130242 1.03333253390156
1.92566964565776 1.01253175199963 1.21204424533062 1.20833757496439 1.68361542350613 1.72983600012958 1.61026021465659 0.962813046993688 1.44555833865888 1.12557539530098 1.89749324787408 1.00088047864847 1.80298798182048 1.81999152898788 1.12162472167984 1.71976113505661 1.54464633110911 1.38919180887751 1.58928435342386 1.53491791221313 1.75213907472789 1.25389747694135 1.13417653203942 1.68287678435445 0 1.78126320545562 1.09946147608571 1.35184417339042 1.74737764592282 1.0497873078566
1.86336938361637 1.57409499469213 1.54378102091141 1.46268179337494 1.44308514846489 1.2059534532018 1.12691761250608 1.65276653552428 0.996675923233852 1.41193248797208 1.09035571780987 1.45733393682167 1.86930578155443 1.86252027750015 1.83135995641351 1.70262774289586 0.946246678475291 1.33808536385186 1.11006036982872 1.43835061625578 1.10802263719961 0.947406786959618 1.17061976180412 1.13302510185167 1.78126320545562 0 1.36818623286672 1.18492142716423 1.12854732037522 1.73541947687045
1.5325226765126 1.14110133773647 1.86106254369952 1.29666318348609 1.50416720006615 1.65953112277202 1.80876403627917 1.28987731831148 0.985110019333661 1.0739623515401 1.60218874365091 1.20965511118993 1.86949595552869 1.73191846674308 1.9154773845803 1.36261090566404 1.74166813353077 1.39289264543913 1.33711269451305 1.8555068213027 1.04823989537545 1.89164588996209 1.62850854243152 0.957953579025343 1.09946147608571 1.36818623286672 0 1.01990148774348 1.24722399306484 1.91422399389558
1.63749412866309 1.57864254224114 1.38316158740781 1.60602660221048 1.5692441414576 1.2318781693466 1.06491431081668 1.07390625076368 1.84832458826713 1.17085285950452 1.32025913707912 0.948604967212304 1.22567088296637 1.93206299771555 1.79387440741993 1.93163831601851 1.33478546119295 1.21993789542466 1.31388728716411 1.2867761766538 1.22460328624584 1.80815926310606 1.24080635677092 1.21443284256384 1.35184417339042 1.18492142716423 1.01990148774348 0 1.50892391940579 1.1383608316537
1.05235203285702 1.07213774183765 1.1670869551599 1.12090903217904 1.71493985503912 1.43275757017545 1.67869854392484 1.88803489110433 1.5090116111096 1.50392981129698 1.89229226135649 1.59789454797283 1.90266008861363 1.8358906598296 1.42724132467993 1.30629084189422 1.61406424501911 0.998447034042329 1.61554604815319 1.22791409655474 1.6353615259286 1.73854632745497 1.42576334509067 1.75408341130242 1.74737764592282 1.12854732037522 1.24722399306484 1.50892391940579 0 1.6818477679044
1.52643902041018 1.24760638340376 1.81391696352512 1.65567892044783 1.23250805819407 1.27835505688563 1.08532384806313 1.44797385390848 1.64821682358161 1.89645145880058 1.84374564536847 1.85344259929843 1.09884799807332 1.58392781531438 1.8365254921373 1.35538720851764 1.46524502872489 1.18870993237942 1.76647347724065 1.20300629246049 1.86685972218402 1.67257257574238 1.90235444181599 1.03333253390156 1.0497873078566 1.73541947687045 1.91422399389558 1.1383608316537 1.6818477679044 0
