0 1.25651960982941 1.79306721291505 1.73507788381539 1.27267448743805 1.55697562545538 1.86159080453217 1.19531797221862 1.55366941262037 1.2988804562483 1.07022218080238 0.998897146200761 1.70654508424923 1.219283237122 1.84149869135581 1.72115259757265 1.70153464749455 1.27752805920318 1.79068707651459 1.35905773192644 1.1465585490223 1.45254438254051 1.13710409007035 1.46580648305826 1.10335721215233 1.67169126030058 1.79481101850979 1.04368897853419 1.61659783031791 1.64356187125668
1.25651960982941 0 1.35440114489757 1.37645883462392 1.05634394916706 1.40391104132868 1.53752233250998 1.33912992547266 0.938625328941271 1.19911120436154 1.76853592833504 1.59358234284446 0.966932825511321 1.88830643030815 0.903163058450446 1.61957515496761 1.76318701007403 1.3854161624331 1.49924511066638 1.32408672710881 1.0123731426429 1.13786444324069 1.50605576043017 1.64548100018874 1.37587694707327 1.80973632005043 1.45472098421305 1.1501551035326 1.65000259806402 1.3321127302479
1.79306721291505 1.35440114489757 0 1.84373829886317 1.46044295979664 1.47364462353289 1.0268705971539 1.83355984487571 1.27564537432045 1.66289912327193 0.990998012712225 1.24056530697271 1.18892791122198 1.5283589954488 1.58852686337195 1.09734551003203 1.66287724836729 1.72787436633371 1.35164452972822 1.83190372702666 1.78307369095273 0.907253430224955 1.2014962064568 1.09632816934027 1.063343065558 1.57650530082174 1.88235983555205 1.67047503008507 1.50300348736346 1.65553699899465
1.73507788381539 1.37645883462392 1.84373829886317 0 1.70700164488517 0.93081356678158 1.33480261126533 1.32244519330561 1.12344970135018 1.77464578812942 1.57113032857887 1.56817109067924 1.14317043987103 1.38603462185711 1.5773466876708 1.47987287747674 1.61904930183664 1.35135874827392 1.24277248047292 1.64666614565067 1.19788645207882 1.43923146720044 0.994232716038823 1.24264020915143 1.390026435256 1.52769209514372 1.72955737169832 1.69358512433246 1.30545060546137 0.95409550727345
1.27267448743805 1.05634394916706 1.46044295979664 1.70700164488517 0 1.79068161686882 1.34052860666998 1.11803394346498 1.70386307965964 1.15137400245294 1.78300708322786 1.66363711631857 1.29861040762626 1.87232341850176 1.68268788629211 0.973273927578703 1.79753886535764 1.37747917836532 1.82070994400419 0.971659530419856 1.86147012119181 1.51000098022632 1.52400140184909 1.54309143079445 1.60364269837737 1.19624657812528 1.84195095929317 1.32560205063783 1.69921543868259 1.22607613890432
1.55697562545538 1.40391104132868 1.47364462353289 0.93081356678158 1.79068161686882 0 1.7748783766292 1.79222851875238 1.36790593434125 0.956503021065146 1.0368510952685 1.3008875832893 1.29567327862605 1.71125186909921 1.62061367696151 1.50759839476086 1.1136137987487 0.938170296140015 1.84937170473859 1.72622096189298 1.54866157379001 1.61393606220372 1.40154421981424 1.15064900321886 1.64355842792429 1.3377030431293 1.3970253043808 1.6546838155482 1.752737110015 1.62994886748493
1.86159080453217 1.53752233250998 1.0268705971539 1.33480261126533 1.34052860666998 1.7748783766292 0 1.47394058457576 1.87532076984644 1.27374819945544 0.990012013353407 1.59560907469131 0.913520965958014 1.33721771836281 1.79574878653511 1.03357428428717 1.44869613810442 1.13574047200382 1.38119757128879 1.25218827603385 1.83811140991747 1.73536902456544 0.959938882384449 1.47298534307629 1.43357447674498 1.69292898778804 1.36066106054932 1.12573811248876 1.25342224980704 1.24799290508963
1.19531797221862 1.33912992547266 1.83355984487571 1.32244519330561 1.11803394346498 1.79222851875238 1.47394058457576 0 1.25008048419841 1.75202168850228 0.966104962397367 0.987115044379607 1.86127916537225 1.24019536701962 1.2639320557937 1.77844212227501 1.54737620661035 1.22425269428641 1.83460589963943 0.974808302009478 1.64462411589921 1.18188154371455 1.56840886943974 1.35906771034934 1.50692647439428 1.71050604735501 0.958776744315401 1.05530251003802 1.76316642458551 1.09291060385294
1.55366941262037 0.938625328941271 1.27564537432045 1.12344970135018 1.70386307965964 1.36790593434125 1.87532076984644 1.25008048419841 0 1.77949352539144 0.99505286407657 1.885376813123 1.18719361326657 1.76707508275285 1.1989710230846 1.50172233465128 1.7044511931017 1.51881701755337 0.999831489985809 1.868380069267 1.42391928215511 1.54188800021075 1.73303625034168 1.78415206051432 1.67338376492262 1.87514896178618 1.39163860445842 1.77832434861921 1.7631455224473 1.42428718856536
1.2988804562483 1.19911120436154 1.66289912327193 1.77464578812942 1.15137400245294 0.956503021065146 1.27374819945544 1.75202168850228 1.77949352539144 0 1.45123331318609 1.48846985585988 1.33238401939161 1.69871105183847 0.990677404915914 1.13386691571213 1.56474249227904 1.82172407582402 1.14843130088411 1.77820505667478 1.22687310655601 1.56953007215634 1.17278423300013 1.89412729814649 1.19095620233566 0.946107806172222 1.88035324588418 1.36944573395886 1.37615104112774 1.10638550296426
1.07022218080238 1.76853592833504 0.990998012712225 1.57113032857887 1.78300708322786 1.0368510952685 0.990012013353407 0.966104962397367 0.99505286407657 1.45123331318609 0 1.38267530174926 1.29349731327966 1.69884166982956 1.66629698406905 1.89391595148481 1.49166204594076 0.948233971372247 1.56466423184611 1.72334339260124 1.5799438401591 1.24435472674668 1.31379107921384 1.69119158713147 1.43379766237922 1.65460935677402 0.983929903013632 1.21181110991165 1.42243947740644 1.54091545124538
0.998897146200761 1.59358234284446 1.24056530697271 1.56817109067924 1.66363711631857 1.3008875832893 1.59560907469131 0.987115044379607 1.885376813123 1.48846985585988 1.38267530174926 0 1.39778642728925 1.10795360500924 1.36337475059554 1.5538961829152 1.3836078401655 0.991164173930883 1.02764386544004 1.3530820151791 1.5439948940184 1.11237303097732 1.55254090786912 1.1836357882712 1.86398423602805 1.33506097528152 1.32880130014382 1.41154243214987 0.995829279767349 1.75514220772311
1.70654508424923 0.966932825511321 1.18892791122198 1.14317043987103 1.29861040762626 1.29567327862605 0.913520965958014 1.86127916537225 1.18719361326657 1.33238401939161 1.29349731327966 1.39778642728925 0 1.34341609734111 1.04926315578632 1.07180920336396 1.44773834454827 1.63170971116051 1.52290056599304 1.04347147513181 1.42922305874527 0.955049446085468 1.39428031002171 1.09600102948025 0.91777709685266 1.09461498423479 1.40450171637349 1.33127915998921 1.03715082863346 1.14007372967899
1.219283237122 1.88830643030815 1.5283589954488 1.38603462185711 1.87232341850176 1.71125186909921 1.33721771836281 1.24019536701962 1.76707508275285 1.69871105183847 1.69884166982956 1.10795360500924 1.34341609734111 0 1.7452758802101 0.899049490923062 1.56740545178764 1.80026093637571 1.10893976548687 1.25128045631573 1.06935066380538 1.55011072428897 1.51256301137619 1.8801775323227 1.11970227421261 0.978976803831756 1.52869112207554 1.49747254280373 1.51794249447994 1.49862434132956
1.84149869135581 0.903163058450446 1.58852686337195 1.5773466876708 1.68268788629211 1.62061367696151 1.79574878653511 1.2639320557937 1.1989710230846 0.990677404915914 1.66629698406905 1.36337475059554 1.04926315578632 1.7452758802101 0 1.83810152648948 1.41489321971312 1.19384781830013 1.37588597857393 1.73358695721254 1.66873958031647 1.68031097296625 1.14254414872266 1.418718282599 1.66568963811733 1.70508280582726 1.5709478338249 1.18248476553708 0.97396913706325 1.34133526822552
1.72115259757265 1.61957515496761 1.09734551003203 1.47987287747674 0.973273927578703 1.50759839476086 1.03357428428717 1.77844212227501 1.50172233465128 1.13386691571213 1.89391595148481 1.5538961829152 1.07180920336396 0.899049490923062 1.83810152648948 0 1.7915986853186 1.1864333411213 1.53647415246814 1.31889278418384 1.32537622051314 1.7215096463915 1.43519299314357 1.60364306229167 1.23797866143286 1.33324910141528 1.50301125319675 1.51167553593405 1.26370840449817 1.19942779280245
1.70153464749455 1.76318701007403 1.66287724836729 1.61904930183664 1.79753886535764 1.1136137987487 1.44869613810442 1.54737620661035 1.7044511931017 1.56474249227904 1.49166204594076 1.3836078401655 1.44773834454827 1.56740545178764 1.41489321971312 1.7915986853186 0 0.935675962595269 0.96188860014081 1.58085707458667 1.12281832378358 1.89478833065368 1.61770872143097 1.5477271026466 1.53533796151169 1.81301007210277 0.961255064699799 1.312033432303 1.19792662211694 1.06745766545646
1.27752805920318 1.3854161624331 1.72787436633371 1.35135874827392 1.37747917836532 0.938170296140015 1.13574047200382 1.22425269428641 1.51881701755337 1.82172407582402 0.948233971372247 0.991164173930883 1.63170971116051 1.80026093637571 1.19384781830013 1.1864333411213 0.935675962595269 0 1.60601588850841 1.43295430438593 1.77634076704271 1.7361471503973 1.61285525443964 1.1232464092318 1.33652159571648 1.69198126299307 1.83803753275424 1.79547962918878 1.56394742522389 1.12844764674082
1.79068707651459 1.49924511066638 1.35164452972822 1.24277248047292 1.82070994400419 1.84937170473859 1.38119757128879 1.83460589963943 0.999831489985809 1.14843130088411 1.56466423184611 1.02764386544004 1.52290056599304 1.10893976548687 1.37588597857393 1.53647415246814 0.96188860014081 1.60601588850841 0 1.61799609381706 1.2373180501163 1.67291797813959 1.02170477039181 1.07614498632029 1.17281232820824 1.13743597804569 1.34919874998741 1.88026179536246 1.27689430839382 1.1098014828749
1.35905773192644 1.32408672710881 1.83190372702666 1.64666614565067 0.971659530419856 1.72622096189298 1.25218827603385 0.974808302009478 1.868380069267 1.77820505667478 1.72334339260124 1.3530820151791 1.04347147513181 1.25128045631573 1.73358695721254 1.31889278418384 1.58085707458667 1.43295430438593 1.61799609381706 0 0.939368263119832 1.17056165030226 1.28069800953381 1.79662000620738 0.916127390926704 1.37746180058457 1.30356460809708 1.22330725099891 1.71788655174896 1.76600960758515
1.1465585490223 1.0123731426429 1.78307369095273 1.19788645207882 1.86147012119181 1.54866157379001 1.83811140991747 1.64462411589921 1.42391928215511 1.22687310655601 1.5799438401591 1.5439948940184 1.42922305874527 1.06935066380538 1.66873958031647 1.32537622051314 1.12281832378358 1.77634076704271 1.2373180501163 0.939368263119832 0 0.955899896332994 1.09625011426397 1.8081950659398 1.2008775502909 1.18513351585716 1.65546172857285 1.75553459301591 1.28230229299515 1.78565429802984
1.45254438254051 1.13786444324069 0.907253430224955 1.43923146720044 1.51000098022632 1.61393606220372 1.73536902456544 1.18188154371455 1.54188800021075 1.56953007215634 1.24435472674668 1.11237303097732 0.955049446085468 1.55011072428897 1.68031097296625 1.7215096463915 1.89478833065368 1.7361471503973 1.67291797813959 1.17056165030226 0.955899896332994 0 1.69293569796719 1.03103779163212 0.934353130636737 0.94964392320253 1.05478893895634 1.00698929047212 1.16507395310327 1.88246901147068
1.13710409007035 1.50605576043017 1.2014962064568 0.994232716038823 1.52400140184909 1.40154421981424 0.959938882384449 1.56840886943974 1.73303625034168 1.17278423300013 1.31379107921384 1.55254090786912 1.39428031002171 1.51256301137619 1.14254414872266 1.43519299314357 1.61770872143097 1.61285525443964 1.02170477039181 1.28069800953381 1.09625011426397 1.69293569796719 0 1.60786228952929 1.59769236412831 1.53176060505211 1.46562833315693 1.60729635111056 1.10514519154094 0.911361147416756
1.46580648305826 1.64548100018874 1.09632816934027 1.24264020915143 1.54309143079445 1.15064900321886 1.47298534307629 1.35906771034934 1.78415206051432 1.89412729814649 1.69119158713147 1.1836357882712 1.09600102948025 1.8801775323227 1.418718282599 1.60364306229167 1.5477271026466 1.1232464092318 1.07614498632029 1.79662000620738 1.8081950659398 1.03103779163212 1.60786228952929 0 1.09363648411818 1.62808599392883 1.58007898321375 1.01454083621502 1.49072638037615 0.986905719153583
1.10335721215233 1.37587694707327 1.063343065558 1.390026435256 1.60364269837737 1.64355842792429 1.43357447674498 1.50692647439428 1.67338376492262 1.19095620233566 1.43379766237922 1.86398423602805 0.91777709685266 1.11970227421261 1.66568963811733 1.23797866143286 1.53533796151169 1.33652159571648 1.17281232820824 0.916127390926704 1.2008775502909 0.934353130636737 1.59769236412831 1.09363648411818 0 1.41475768107921 1.78693693992682 1.14991799904965 1.49101256369613 1.30247519840486
1.67169126030058 1.80973632005043 1.57650530082174 1.52769209514372 1.19624657812528 1.3377030431293 1.69292898778804 1.71050604735501 1.87514896178618 0.946107806172222 1.65460935677402 1.33506097528152 1.09461498423479 0.978976803831756 1.70508280582726 1.33324910141528 1.81301007210277 1.69198126299307 1.13743597804569 1.37746180058457 1.18513351585716 0.94964392320253 1.53176060505211 1.62808599392883 1.41475768107921 0 1.75587533484213 1.05249617318623 1.12997557129711 1.27285705087706
1.79481101850979 1.45472098421305 1.88235983555205 1.72955737169832 1.84195095929317 1.3970253043808 1.36066106054932 0.958776744315401 1.39163860445842 1.88035324588418 0.983929903013632 1.32880130014382 1.40450171637349 1.52869112207554 1.5709478338249 1.50301125319675 0.961255064699799 1.83803753275424 1.34919874998741 1.30356460809708 1.65546172857285 1.05478893895634 1.46562833315693 1.58007898321375 1.78693693992682 1.75587533484213 0 1.22472306503914 1.87196229118854 1.58187833265401
1.04368897853419 1.1501551035326 1.67047503008507 1.69358512433246 1.32560205063783 1.6546838155482 1.12573811248876 1.05530251003802 1.77832434861921 1.36944573395886 1.21181110991165 1.41154243214987 1.33127915998921 1.49747254280373 1.18248476553708 1.51167553593405 1.312033432303 1.79547962918878 1.88026179536246 1.22330725099891 1.75553459301591 1.00698929047212 1.60729635111056 1.01454083621502 1.14991799904965 1.05249617318623 1.22472306503914 0 1.38653896469623 1.25445615546778
1.61659783031791 1.65000259806402 1.50300348736346 1.30545060546137 1.69921543868259 1.752737110015 1.25342224980704 1.76316642458551 1.7631455224473 1.37615104112774 1.42243947740644 0.995829279767349 1.03715082863346 1.51794249447994 0.97396913706325 1.26370840449817 1.19792662211694 1.56394742522389 1.27689430839382 1.71788655174896 1.28230229299515 1.16507395310327 1.10514519154094 1.49072638037615 1.49101256369613 1.12997557129711 1.87196229118854 1.38653896469623 0 1.1568174099084
1.64356187125668 1.3321127302479 1.65553699899465 0.95409550727345 1.22607613890432 1.62994886748493 1.24799290508963 1.09291060385294 1.42428718856536 1.10638550296426 1.54091545124538 1.75514220772311 1.14007372967899 1.49862434132956 1.34133526822552 1.19942779280245 1.06745766545646 1.12844764674082 1.1098014828749 1.76600960758515 1.78565429802984 1.88246901147068 0.911361147416756 0.986905719153583 1.30247519840486 1.27285705087706 1.58187833265401 1.25445615546778 1.1568174099084 0
