0 1.24788174522109 1.18381763342768 1.41535112215206 1.89174587558955 1.60771666886285 1.69080322072841 1.03136003925465 1.06594647630118 1.52538721589372 1.65963625302538 1.79638651083224 1.15603636181913 1.48270826274529 1.3409673019778 1.16290235961787 1.42282691854052 1.62052624556236 1.72004928183742 1.43389929784462 1.85395510215312 1.27195197110996 1.72824050765485 1.58828071388416 1.11636653542519 1.44814181979746 1.22868159133941 0.943314176751301 1.7614345937036 1.12274963990785
1.24788174522109 0 1.2854792131111 1.1161671008449 1.1490910211578 1.53969141212292 1.80483328737319 1.28958508279175 1.75235357740894 1.90944610442966 1.21741683711298 1.2086531999521 1.6332682389766 1.39014929439873 1.56379248760641 1.19424294796772 0.961946296039969 1.64073594799265 0.976012520492077 1.78618267760612 1.78158169658855 1.82269100891426 1.51269132364541 1.04734488436952 1.09266693936661 1.57497539208271 0.979508601129055 1.40159962093458 1.47828805935569 1.09708297997713
1.18381763342768 1.2854792131111 0 1.75744294165634 1.82717768871225 1.74381326022558 1.84760378161445 1.4029393910896 1.19098604493774 1.85995076759718 1.65029739658348 1.52352572279051 1.46183576574549 1.33812418929301 1.13509430922568 1.51033303001896 1.60542095033452 1.2050943612121 1.1169338284526 0.944273514440283 1.74026605510153 1.92170797521248 1.25164140760899 1.25147184170783 1.25469617685303 0.950149168493226 1.51081896293908 1.84298995323479 1.61513517424464 0.9938418737147
1.41535112215206 1.1161671008449 1.75744294165634 0 1.0351125060115 1.02678771573119 0.997308146208525 1.19391795480624 0.962784450035542 1.58304401114583 1.09074427536689 1.36741374107078 1.54989163624123 1.65146966953762 1.92154913046397 1.37467617285438 1.44751425716095 0.961292090127245 1.13556553050876 1.77816225355491 1.18009596364573 1.92288846732117 1.69678332842886 1.85397470183671 1.27976013929583 1.67433255398646 0.954093122854829 1.81429021549411 1.11791442125104 1.62316894112155
1.89174587558955 1.1490910211578 1.82717768871225 1.0351125060115 0 1.89206655276939 1.69789428706281 1.85235744761303 1.33087037107907 1.70438582124189 1.41250416310504 1.01394191314466 0.938961192499846 1.48870227765292 1.58573922608048 1.13455730816349 1.0229805004783 1.37858190620318 1.69162544957362 1.92378769419156 1.5139568829909 1.59641113155521 1.59838038124144 1.60995465982705 1.89685446303338 1.7504545673728 1.92541664117016 1.67844678112306 1.79275856702588 1.45775783853605
1.60771666886285 1.53969141212292 1.74381326022558 1.02678771573119 1.89206655276939 0 1.38627636292949 1.73199128941633 1.03300817054696 1.19450833764859 1.05909803579561 1.62576475739479 1.32749622245319 1.55637935781851 1.53454078524373 1.16622791113332 1.19296579086222 1.50801173364744 1.60240568965673 1.06274649617262 1.09965282888152 1.79668025835417 1.90599421900697 1.83201572205871 1.65581883350387 1.70349405356683 1.22842169809155 1.59307346423157 1.17574713146314 1.12290513608605
1.69080322072841 1.80483328737319 1.84760378161445 0.997308146208525 1.69789428706281 1.38627636292949 0 1.29123650910333 1.64506618794985 1.04732814617455 1.04346516611986 1.36958102765493 1.4762293046806 1.02018373738974 1.54408463975415 1.3557083979249 1.51852044160478 1.91996125644073 1.91104856040329 1.56073422939517 1.91981613216922 1.74344165250659 1.43959758221172 1.69432114879601 0.958485306007788 1.15695060836151 1.27532970276661 1.69500870001502 1.15230986685492 1.74015600979328
1.03136003925465 1.28958508279175 1.4029393910896 1.19391795480624 1.85235744761303 1.73199128941633 1.29123650910333 0 1.61024211836047 1.2646196114365 1.46062869741581 1.87013631337322 1.32169084041379 1.17935208044946 1.62480311142281 1.69262512796558 1.56365288468078 1.13555550854653 1.15985121601261 1.18406530376524 1.11319966963492 1.90674839890562 1.04613571497612 1.82634088909253 1.5881816400215 0.960673638153821 1.66724465112202 1.41834255773574 1.49236094229855 1.72131182998419
1.06594647630118 1.75235357740894 1.19098604493774 0.962784450035542 1.33087037107907 1.03300817054696 1.64506618794985 1.61024211836047 0 1.19431529985741 1.34330906835385 1.77462271903642 1.86885045422241 1.65636303601786 1.84306003642268 1.80396750196815 1.57321782689542 0.990961180301383 1.39573603728786 1.40763925504871 1.12460613949224 1.65807488770224 1.48713722079992 1.23772564576939 1.22025974537246 1.17312500346452 1.08474398008548 1.53699797741137 1.41085883113556 1.50176409212872
1.52538721589372 1.90944610442966 1.85995076759718 1.58304401114583 1.70438582124189 1.19450833764859 1.04732814617455 1.2646196114365 1.19431529985741 0 1.13304475136101 1.49973858869635 1.75830857292749 1.50452893762849 1.43764541274868 1.04189479816705 1.80014159786515 1.64032976981252 1.20599892083555 1.79243754362687 0.983759967144579 1.47132294788025 1.10057843616232 1.53705973783508 1.48744138632901 1.19315589312464 1.54442029842176 1.86081445263699 1.78149769478478 1.42324258992448
1.65963625302538 1.21741683711298 1.65029739658348 1.09074427536689 1.41250416310504 1.05909803579561 1.04346516611986 1.46062869741581 1.34330906835385 1.13304475136101 0 1.65637461002916 1.60513526503928 1.29322283086367 1.5432671897579 1.25664423545823 1.33582150889561 1.29464076994918 1.3163126532454 1.48198853363283 1.75409970548935 1.44750273763202 0.978645658353344 1.4565947749652 1.79122627689503 1.0404064420145 1.34655740228482 1.04786079772748 1.84993611974642 1.83789587183855
1.79638651083224 1.2086531999521 1.52352572279051 1.36741374107078 1.01394191314466 1.62576475739479 1.36958102765493 1.87013631337322 1.77462271903642 1.49973858869635 1.65637461002916 0 1.14908620645292 1.70121028088033 1.72556295571849 0.964225600939244 1.02553980890661 1.78487248159945 0.999113685451448 1.81017057853751 1.10545629728585 1.06047231634147 1.33765954361297 1.50963018042967 1.90829214267433 0.998508712742478 1.37130862171762 1.47582997963764 1.06773732393049 1.34594087931328
1.15603636181913 1.6332682389766 1.46183576574549 1.54989163624123 0.938961192499846 1.32749622245319 1.4762293046806 1.32169084041379 1.86885045422241 1.75830857292749 1.60513526503928 1.14908620645292 0 1.34955407283269 1.48018453479744 1.44773408723995 1.62725602649152 1.17627407819964 1.2789093228057 1.7502887879964 1.24131752271205 1.03287360095419 1.05663102120161 1.54462676611729 1.83475617691875 1.30320134595968 1.83894847868942 1.7977096021641 1.44186698645353 1.48322858707979
1.48270826274529 1.39014929439873 1.33812418929301 1.65146966953762 1.48870227765292 1.55637935781851 1.02018373738974 1.17935208044946 1.65636303601786 1.50452893762849 1.29322283086367 1.70121028088033 1.34955407283269 0 1.84444123785943 1.57692157686688 1.77712589222938 1.3220224773977 1.14175864285789 1.08243303420022 1.01193523942493 1.52029741927981 1.36314173601568 1.75141567457467 0.990284995641559 1.61119614122435 1.13983916607685 1.89257792383432 1.2784270264674 1.02258610585704
1.3409673019778 1.56379248760641 1.13509430922568 1.92154913046397 1.58573922608048 1.53454078524373 1.54408463975415 1.62480311142281 1.84306003642268 1.43764541274868 1.5432671897579 1.72556295571849 1.48018453479744 1.84444123785943 0 1.46728734322824 1.77597043244168 1.43282685684972 1.35188554343767 1.16824612533674 1.79506903141737 1.81432789471 1.42389125982299 1.31922962656245 1.47653006226756 1.23879587184638 1.54064256441779 1.70546998130158 1.89918677299283 1.49319874844514
1.16290235961787 1.19424294796772 1.51033303001896 1.37467617285438 1.13455730816349 1.16622791113332 1.3557083979249 1.69262512796558 1.80396750196815 1.04189479816705 1.25664423545823 0.964225600939244 1.44773408723995 1.57692157686688 1.46728734322824 0 1.04933846299537 1.66190012777224 1.29606490745209 1.51711896900088 1.89039678242989 1.52344219060615 1.70979435509071 1.07977224164642 1.22956975013949 1.15802409220487 1.38142336974852 1.11791514186189 1.88644562521949 1.17691190261394
1.42282691854052 0.961946296039969 1.60542095033452 1.44751425716095 1.0229805004783 1.19296579086222 1.51852044160478 1.56365288468078 1.57321782689542 1.80014159786515 1.33582150889561 1.02553980890661 1.62725602649152 1.77712589222938 1.77597043244168 1.04933846299537 0 1.60576392477378 1.24605467286892 1.30455354321748 1.81309553585015 0.976686697686091 1.38470314117149 1.55647198157385 1.86862310930155 1.18479053745978 1.32612234656699 1.79038037033752 1.80023370799609 1.8385433552321
1.62052624556236 1.64073594799265 1.2050943612121 0.961292090127245 1.37858190620318 1.50801173364744 1.91996125644073 1.13555550854653 0.990961180301383 1.64032976981252 1.29464076994918 1.78487248159945 1.17627407819964 1.3220224773977 1.43282685684972 1.66190012777224 1.60576392477378 0 1.4618956274353 1.1873131680768 1.63742843084037 1.89178212871775 1.75603732094169 1.68218631367199 1.24101281608455 1.91132097388618 1.59538286086172 1.5859538835939 1.65195943019353 1.83191845100373
1.72004928183742 0.976012520492077 1.1169338284526 1.13556553050876 1.69162544957362 1.60240568965673 1.91104856040329 1.15985121601261 1.39573603728786 1.20599892083555 1.3163126532454 0.999113685451448 1.2789093228057 1.14175864285789 1.35188554343767 1.29606490745209 1.24605467286892 1.4618956274353 0 0.934296076651663 1.44953487766907 1.82250404288061 1.68748279567808 1.75112742232159 1.58949629566632 1.72373635275289 1.75842168135568 1.67732924548909 1.71642750455067 1.39218573924154
1.43389929784462 1.78618267760612 0.944273514440283 1.77816225355491 1.92378769419156 1.06274649617262 1.56073422939517 1.18406530376524 1.40763925504871 1.79243754362687 1.48198853363283 1.81017057853751 1.7502887879964 1.08243303420022 1.16824612533674 1.51711896900088 1.30455354321748 1.1873131680768 0.934296076651663 0 1.45155633823015 1.88226899667643 1.37818154599518 1.75345515017398 1.35308861220255 1.34838051511906 1.33325048000552 1.46032531908713 1.34915910172276 1.34179751737975
1.85395510215312 1.78158169658855 1.74026605510153 1.18009596364573 1.5139568829909 1.09965282888152 1.91981613216922 1.11319966963492 1.12460613949224 0.983759967144579 1.75409970548935 1.10545629728585 1.24131752271205 1.01193523942493 1.79506903141737 1.89039678242989 1.81309553585015 1.63742843084037 1.44953487766907 1.45155633823015 0 1.39928471227176 1.92822869867086 1.32057537930086 1.23757799807936 1.26418666169047 1.22581759956665 1.21350713633001 0.956263383384794 1.40323363989592
1.27195197110996 1.82269100891426 1.92170797521248 1.92288846732117 1.59641113155521 1.79668025835417 1.74344165250659 1.90674839890562 1.65807488770224 1.47132294788025 1.44750273763202 1.06047231634147 1.03287360095419 1.52029741927981 1.81432789471 1.52344219060615 0.976686697686091 1.89178212871775 1.82250404288061 1.88226899667643 1.39928471227176 0 1.4890781713184 1.52183290454559 1.54840858001262 1.09692528774031 0.968795344466344 0.96758539439179 1.28720642416738 1.4684552536346
1.72824050765485 1.51269132364541 1.25164140760899 1.69678332842886 1.59838038124144 1.90599421900697 1.43959758221172 1.04613571497612 1.48713722079992 1.10057843616232 0.978645658353344 1.33765954361297 1.05663102120161 1.36314173601568 1.42389125982299 1.70979435509071 1.38470314117149 1.75603732094169 1.68748279567808 1.37818154599518 1.92822869867086 1.4890781713184 0 1.69730008975603 1.43004599935375 1.5262430596631 1.34879346052185 1.77901383582503 1.17553981533274 1.89488987042569
1.58828071388416 1.04734488436952 1.25147184170783 1.85397470183671 1.60995465982705 1.83201572205871 1.69432114879601 1.82634088909253 1.23772564576939 1.53705973783508 1.4565947749652 1.50963018042967 1.54462676611729 1.75141567457467 1.31922962656245 1.07977224164642 1.55647198157385 1.68218631367199 1.75112742232159 1.75345515017398 1.32057537930086 1.52183290454559 1.69730008975603 0 1.57009086268954 1.23399325460196 1.78204271406867 1.53701072721742 1.44991102674976 1.07988990121521
1.11636653542519 1.09266693936661 1.25469617685303 1.27976013929583 1.89685446303338 1.65581883350387 0.958485306007788 1.5881816400215 1.22025974537246 1.48744138632901 1.79122627689503 1.90829214267433 1.83475617691875 0.990284995641559 1.47653006226756 1.22956975013949 1.86862310930155 1.24101281608455 1.58949629566632 1.35308861220255 1.23757799807936 1.54840858001262 1.43004599935375 1.57009086268954 0 1.42611986375414 1.16249212669209 1.8980479221791 1.59809959423728 0.942021384369582
1.44814181979746 1.57497539208271 0.950149168493226 1.67433255398646 1.7504545673728 1.70349405356683 1.15695060836151 0.960673638153821 1.17312500346452 1.19315589312464 1.0404064420145 0.998508712742478 1.30320134595968 1.61119614122435 1.23879587184638 1.15802409220487 1.18479053745978 1.91132097388618 1.72373635275289 1.34838051511906 1.26418666169047 1.09692528774031 1.5262430596631 1.23399325460196 1.42611986375414 0 1.11245905049145 1.13171246368438 1.89858358562924 1.51466365321539
1.22868159133941 0.979508601129055 1.51081896293908 0.954093122854829 1.92541664117016 1.22842169809155 1.27532970276661 1.66724465112202 1.08474398008548 1.54442029842176 1.34655740228482 1.37130862171762 1.83894847868942 1.13983916607685 1.54064256441779 1.38142336974852 1.32612234656699 1.59538286086172 1.75842168135568 1.33325048000552 1.22581759956665 0.968795344466344 1.34879346052185 1.78204271406867 1.16249212669209 1.11245905049145 0 1.38468944677152 1.68536838539876 1.01206179405563
0.943314176751301 1.40159962093458 1.84298995323479 1.81429021549411 1.67844678112306 1.59307346423157 1.69500870001502 1.41834255773574 1.53699797741137 1.86081445263699 1.04786079772748 1.47582997963764 1.7977096021641 1.89257792383432 1.70546998130158 1.11791514186189 1.79038037033752 1.5859538835939 1.67732924548909 1.46032531908713 1.21350713633001 0.96758539439179 1.77901383582503 1.53701072721742 1.8980479221791 1.13171246368438 1.38468944677152 0 1.75556258112192 1.85701143182814
1.7614345937036 1.47828805935569 1.61513517424464 1.11791442125104 1.79275856702588 1.17574713146314 1.15230986685492 1.49236094229855 1.41085883113556 1.78149769478478 1.84993611974642 1.06773732393049 1.44186698645353 1.2784270264674 1.89918677299283 1.88644562521949 1.80023370799609 1.65195943019353 1.71642750455067 1.34915910172276 0.956263383384794 1.28720642416738 1.17553981533274 1.44991102674976 1.59809959423728 1.89858358562924 1.68536838539876 1.75556258112192 0 1.3232276760973
1.12274963990785 1.09708297997713 0.9938418737147 1.62316894112155 1.45775783853605 1.12290513608605 1.74015600979328 1.72131182998419 1.50176409212872 1.42324258992448 1.83789587183855 1.34594087931328 1.48322858707979 1.02258610585704 1.49319874844514 1.17691190261394 1.8385433552321 1.83191845100373 1.39218573924154 1.34179751737975 1.40323363989592 1.4684552536346 1.89488987042569 1.07988990121521 0.942021384369582 1.51466365321539 1.01206179405563 1.85701143182814 1.3232276760973 0
