0 1.60098818712868 0.92695991252549 1.70722485380247 0.989727480104193 1.71089009195566 1.04938566405326 1.38866756809875 1.76366105955094 1.4393043469172 1.86161087802611 1.1127295489423 1.85821336018853 1.68099002097733 1.59812075877562 0.969105364289135 1.14011705503799 0.947377730393782 1.44220338203013 1.87892404268496 1.86516863550059 1.4875738597475 1.89946173783392 1.33147948491387 1.19139080191962 1.74165905360132 1.24097966263071 1.70655012503266 0.97648476716131 1.27367346221581
1.60098818712868 0 1.02564926887862 1.02391954627819 1.24091942748055 1.27392559777945 1.59991607954726 1.08467230503447 1.52685752604157 1.11784928198904 1.28589704143815 1.46650281990878 1.81066276412457 0.995406166184694 1.53735034866259 1.07139036199078 1.70148694654927 1.2087255504448 1.62933713081293 1.41643394506536 1.17054235585965 1.66387010202743 1.66427028505132 1.6633016737178 1.17995028803125 1.52553697023541 1.54977797414176 1.0179771760013 1.6501488420181 1.30962382117286
0.92695991252549 1.02564926887862 0 1.38658872805536 1.91668739262968 1.29841645155102 1.05204617255367 1.49807751108892 1.5329090168234 1.79563239589334 1.37146274046972 1.09494943544269 1.73398705828004 1.25807112292387 1.39274170412682 1.07079624594189 1.61295763589442 0.988632499938831 1.07971057971008 1.30537430546246 1.34350315411575 1.68992036348209 1.5676883936394 1.81489603989758 1.52479767333716 1.64893275569193 0.934000900946558 1.00304819340818 1.74768556444906 1.5831284087617
1.70722485380247 1.02391954627819 1.38658872805536 0 1.8603961057961 1.40492772264406 1.35178934200667 1.4776038043201 1.87417173804715 1.80042377696373 1.03427966730669 1.68779888865538 1.01533181383274 1.21315812808461 1.21921775816008 1.36470690695569 1.67229994898662 1.54909612797201 1.55093788472004 1.21220934181474 1.83429100736976 1.46597044914961 1.80218640179373 1.13486225483939 0.987011497607455 1.46005445765331 1.62394801760092 1.51250536344014 1.29297347948886 1.37462194752879
0.989727480104193 1.24091942748055 1.91668739262968 1.8603961057961 0 1.59701609169133 1.67392785428092 1.14635683549568 1.50102949608117 1.1170311041642 0.926120019285008 1.24615877354518 1.03571066795848 1.47150511294603 1.49081916734576 1.04661673959345 1.75949788209982 1.89978327625431 1.90283700497821 1.11241075512953 1.79151069978252 1.02338866563514 1.52098117629066 1.6538184559904 1.72625457309186 1.71750458795577 1.24534247675911 1.1538396817632 1.51155526330695 1.53192858304828
1.71089009195566 1.27392559777945 1.29841645155102 1.40492772264406 1.59701609169133 0 1.80493446742184 1.67168376687914 1.17750447453 0.924791412660852 1.693076438969 1.85270831780508 1.29524712148122 1.01051051239483 1.39081478654407 1.91575214057229 1.84000581433065 1.5041053276509 1.36066059349105 1.59871658682823 1.86105879652314 1.11350170755759 1.85877547250129 1.57848109770566 1.11042727879249 1.78044447954744 1.92402961733751 1.40212299325503 1.13773868652061 1.65421894658357
1.04938566405326 1.59991607954726 1.05204617255367 1.35178934200667 1.67392785428092 1.80493446742184 0 1.3651128988713 1.355163307162 1.29262667824514 1.38851720909588 1.29814630071633 1.02301592985168 1.90577676240355 1.35362516739406 1.2059434466064 1.03515923279338 1.2157329635229 1.44015652872622 1.86215626494959 1.90959106851369 0.967473919969052 1.52889656741172 0.946882450720295 1.73019194137305 1.19446946308017 1.58129750471562 1.85537645756267 1.52373037883081 1.49919483647682
1.38866756809875 1.08467230503447 1.49807751108892 1.4776038043201 1.14635683549568 1.67168376687914 1.3651128988713 0 1.57958067487925 1.34095127251931 1.83411458181217 1.4197978163138 0.998425359139219 1.12853817245923 1.51238563866355 1.6934063360095 1.91013651853427 0.988538459176198 1.43660595547408 1.01315188477747 1.20968417380936 1.40102635207586 1.21241627587005 1.26532952859998 1.31822845339775 1.75740544125438 1.20546578639187 0.997965112328529 1.18711853981949 1.77090331562795
1.76366105955094 1.52685752604157 1.5329090168234 1.87417173804715 1.50102949608117 1.17750447453 1.355163307162 1.57958067487925 0 1.5725591185037 1.80777656123973 1.63543115137145 1.29132010648027 1.79523928510025 1.38252444285899 1.90278259082697 1.68088758457452 1.55512286024168 1.88956318097189 1.80701074376702 1.0681343995966 1.25517558539286 1.56400816282257 1.04122106009163 1.785309137078 1.38920807512477 1.61599918967113 1.32364395586774 1.5658860837575 1.10074272379279
1.4393043469172 1.11784928198904 1.79563239589334 1.80042377696373 1.1170311041642 0.924791412660852 1.29262667824514 1.34095127251931 1.5725591185037 0 1.43442572047934 1.84957084688358 1.40324960486032 1.575442569796 1.89900948852301 1.29073345917277 1.1789193674922 1.2362580767367 1.36126896250062 1.92127932142466 1.68934322241694 1.78819569200277 1.38376657105982 1.57202400709502 1.78528253361583 1.30480475141667 1.916537363315 1.39292761893012 1.31597603997216 1.0788605324924
1.86161087802611 1.28589704143815 1.37146274046972 1.03427966730669 0.926120019285008 1.693076438969 1.38851720909588 1.83411458181217 1.80777656123973 1.43442572047934 0 1.55565828783438 1.01679184520617 1.783086854266 1.42576191970147 1.70901775639504 1.50969747500494 1.80503777088597 1.08653353247792 1.00376089615747 1.39862342085689 0.940187452128157 1.04312380449846 1.61339532164857 1.66817845543846 1.08294342271984 1.10619804426096 1.70350614213385 0.949857712956145 1.68830187059939
1.1127295489423 1.46650281990878 1.09494943544269 1.68779888865538 1.24615877354518 1.85270831780508 1.29814630071633 1.4197978163138 1.63543115137145 1.84957084688358 1.55565828783438 0 1.26264172163792 1.22619829000905 1.04007334820926 1.65781058766879 1.02277619997039 0.991279845591635 1.65019693318754 1.62337087048218 1.36816531559452 0.931762058055028 1.01923628943041 1.07566448487341 1.53113337466493 1.85746917966753 0.932566001778468 1.28693220997229 1.50687810895033 1.73981603863649
1.85821336018853 1.81066276412457 1.73398705828004 1.01533181383274 1.03571066795848 1.29524712148122 1.02301592985168 0.998425359139219 1.29132010648027 1.40324960486032 1.01679184520617 1.26264172163792 0 1.13494760915637 1.90299032954499 0.926548606716096 1.62707591126673 1.02016541594639 1.85212391987443 1.41723299166188 1.24975878419355 0.935446271207184 1.25702427420765 1.42879751347937 1.8647278896533 1.28149372432381 1.79442177712917 1.20353931304999 1.06095438124612 1.78710531606339
1.68099002097733 0.995406166184694 1.25807112292387 1.21315812808461 1.47150511294603 1.01051051239483 1.90577676240355 1.12853817245923 1.79523928510025 1.575442569796 1.783086854266 1.22619829000905 1.13494760915637 0 1.12219608039595 0.971359920687973 1.25950129004195 1.70572387659922 1.7757871625945 1.72152834036388 1.13241681037471 1.13483452261426 1.70402185968123 1.02214078605175 1.04748841631226 1.49873744742945 1.6138934425544 1.52427249960601 1.92052678274922 1.21923752711155
1.59812075877562 1.53735034866259 1.39274170412682 1.21921775816008 1.49081916734576 1.39081478654407 1.35362516739406 1.51238563866355 1.38252444285899 1.89900948852301 1.42576191970147 1.04007334820926 1.90299032954499 1.12219608039595 0 1.06021918496117 1.44441006472334 1.8462476155255 1.56346562830731 1.67870861198753 1.64977208175696 1.52630063239485 1.24095139466226 1.75091861258261 1.30526226223446 1.39926663227379 1.27009995654225 1.84624547394924 1.76582665555179 1.04071274842136
0.969105364289135 1.07139036199078 1.07079624594189 1.36470690695569 1.04661673959345 1.91575214057229 1.2059434466064 1.6934063360095 1.90278259082697 1.29073345917277 1.70901775639504 1.65781058766879 0.926548606716096 0.971359920687973 1.06021918496117 0 0.960590757196769 1.37965347920544 1.72177542885765 0.948657470056787 1.62361363996752 1.60139629570767 1.58739344682544 1.64489979832433 1.59613834694028 1.74382370663807 1.28440943057649 1.55221100337803 1.86913659446873 1.90105166123249
1.14011705503799 1.70148694654927 1.61295763589442 1.67229994898662 1.75949788209982 1.84000581433065 1.03515923279338 1.91013651853427 1.68088758457452 1.1789193674922 1.50969747500494 1.02277619997039 1.62707591126673 1.25950129004195 1.44441006472334 0.960590757196769 0 1.89973621349782 1.69957569986582 1.03911862662062 0.976679879939184 1.01624149549752 1.68771131918766 0.996638771146536 1.33683274453506 1.53324582660571 1.89209785219282 1.56597429374233 1.50702347140759 1.81828779145144
0.947377730393782 1.2087255504448 0.988632499938831 1.54909612797201 1.89978327625431 1.5041053276509 1.2157329635229 0.988538459176198 1.55512286024168 1.2362580767367 1.80503777088597 0.991279845591635 1.02016541594639 1.70572387659922 1.8462476155255 1.37965347920544 1.89973621349782 0 1.69357658876106 1.23405841877684 1.5709766142536 1.1182471185457 0.959308551624417 1.21666883816943 1.22272009705193 1.06320620165206 1.02271586866118 1.83533112681471 1.26135093579069 1.23302208120003
1.44220338203013 1.62933713081293 1.07971057971008 1.55093788472004 1.90283700497821 1.36066059349105 1.44015652872622 1.43660595547408 1.88956318097189 1.36126896250062 1.08653353247792 1.65019693318754 1.85212391987443 1.7757871625945 1.56346562830731 1.72177542885765 1.69957569986582 1.69357658876106 0 1.38639771821909 1.58075050986372 1.69954813155346 0.978465721243992 1.63218361092731 1.69342583836988 1.02145755616948 1.30765052326024 1.17851631320082 1.27462959568948 1.75544825196266
1.87892404268496 1.41643394506536 1.30537430546246 1.21220934181474 1.11241075512953 1.59871658682823 1.86215626494959 1.01315188477747 1.80701074376702 1.92127932142466 1.00376089615747 1.62337087048218 1.41723299166188 1.72152834036388 1.67870861198753 0.948657470056787 1.03911862662062 1.23405841877684 1.38639771821909 0 1.12936548818834 1.61572884116322 1.91588911460713 1.01705212704837 0.973118725465611 1.69163508014753 1.04920334881172 1.79520157910883 1.8432864069473 1.38783755502664
1.86516863550059 1.17054235585965 1.34350315411575 1.83429100736976 1.79151069978252 1.86105879652314 1.90959106851369 1.20968417380936 1.0681343995966 1.68934322241694 1.39862342085689 1.36816531559452 1.24975878419355 1.13241681037471 1.64977208175696 1.62361363996752 0.976679879939184 1.5709766142536 1.58075050986372 1.12936548818834 0 1.58376278402284 1.41158531280234 1.06799629586749 1.18655346659943 1.53592214151286 1.68153947638348 1.23472843808122 1.58804851956666 1.83825075346977
1.4875738597475 1.66387010202743 1.68992036348209 1.46597044914961 1.02338866563514 1.11350170755759 0.967473919969052 1.40102635207586 1.25517558539286 1.78819569200277 0.940187452128157 0.931762058055028 0.935446271207184 1.13483452261426 1.52630063239485 1.60139629570767 1.01624149549752 1.1182471185457 1.69954813155346 1.61572884116322 1.58376278402284 0 0.934334584278986 1.32679972075857 1.31559524545446 1.40463473228738 1.10245759622194 0.960297751240432 1.45085409865715 1.47599425027147
1.89946173783392 1.66427028505132 1.5676883936394 1.80218640179373 1.52098117629066 1.85877547250129 1.52889656741172 1.21241627587005 1.56400816282257 1.38376657105982 1.04312380449846 1.01923628943041 1.25702427420765 1.70402185968123 1.24095139466226 1.58739344682544 1.68771131918766 0.959308551624417 0.978465721243992 1.91588911460713 1.41158531280234 0.934334584278986 0 1.54476952296682 1.18341581104323 1.2159042856656 1.09078173711896 1.31430916581303 1.51065474818461 1.11898764665239
1.33147948491387 1.6633016737178 1.81489603989758 1.13486225483939 1.6538184559904 1.57848109770566 0.946882450720295 1.26532952859998 1.04122106009163 1.57202400709502 1.61339532164857 1.07566448487341 1.42879751347937 1.02214078605175 1.75091861258261 1.64489979832433 0.996638771146536 1.21666883816943 1.63218361092731 1.01705212704837 1.06799629586749 1.32679972075857 1.54476952296682 0 1.05983590870164 1.01238982751966 1.51275843894109 1.35609240178019 0.951926148496568 1.82741723093204
1.19139080191962 1.17995028803125 1.52479767333716 0.987011497607455 1.72625457309186 1.11042727879249 1.73019194137305 1.31822845339775 1.785309137078 1.78528253361583 1.66817845543846 1.53113337466493 1.8647278896533 1.04748841631226 1.30526226223446 1.59613834694028 1.33683274453506 1.22272009705193 1.69342583836988 0.973118725465611 1.18655346659943 1.31559524545446 1.18341581104323 1.05983590870164 0 1.64304851833731 1.47119766031392 1.18055210378952 1.62036117003299 1.66665475908667
1.74165905360132 1.52553697023541 1.64893275569193 1.46005445765331 1.71750458795577 1.78044447954744 1.19446946308017 1.75740544125438 1.38920807512477 1.30480475141667 1.08294342271984 1.85746917966753 1.28149372432381 1.49873744742945 1.39926663227379 1.74382370663807 1.53324582660571 1.06320620165206 1.02145755616948 1.69163508014753 1.53592214151286 1.40463473228738 1.2159042856656 1.01238982751966 1.64304851833731 0 1.61358030233532 1.74841610901058 1.10396750108339 1.90889548370615
1.24097966263071 1.54977797414176 0.934000900946558 1.62394801760092 1.24534247675911 1.92402961733751 1.58129750471562 1.20546578639187 1.61599918967113 1.916537363315 1.10619804426096 0.932566001778468 1.79442177712917 1.6138934425544 1.27009995654225 1.28440943057649 1.89209785219282 1.02271586866118 1.30765052326024 1.04920334881172 1.68153947638348 1.10245759622194 1.09078173711896 1.51275843894109 1.47119766031392 1.61358030233532 0 1.56165375886485 1.22696809656918 0.969406719319522
1.70655012503266 1.0179771760013 1.00304819340818 1.51250536344014 1.1538396817632 1.40212299325503 1.85537645756267 0.997965112328529 1.32364395586774 1.39292761893012 1.70350614213385 1.28693220997229 1.20353931304999 1.52427249960601 1.84624547394924 1.55221100337803 1.56597429374233 1.83533112681471 1.17851631320082 1.79520157910883 1.23472843808122 0.960297751240432 1.31430916581303 1.35609240178019 1.18055210378952 1.74841610901058 1.56165375886485 0 1.14590498828329 1.09123698039912
0.97648476716131 1.6501488420181 1.74768556444906 1.29297347948886 1.51155526330695 1.13773868652061 1.52373037883081 1.18711853981949 1.5658860837575 1.31597603997216 0.949857712956145 1.50687810895033 1.06095438124612 1.92052678274922 1.76582665555179 1.86913659446873 1.50702347140759 1.26135093579069 1.27462959568948 1.8432864069473 1.58804851956666 1.45085409865715 1.51065474818461 0.951926148496568 1.62036117003299 1.10396750108339 1.22696809656918 1.14590498828329 0 1.38953148270957
1.27367346221581 1.30962382117286 1.5831284087617 1.37462194752879 1.53192858304828 1.65421894658357 1.49919483647682 1.77090331562795 1.10074272379279 1.0788605324924 1.68830187059939 1.73981603863649 1.78710531606339 1.21923752711155 1.04071274842136 1.90105166123249 1.81828779145144 1.23302208120003 1.75544825196266 1.38783755502664 1.83825075346977 1.47599425027147 1.11898764665239 1.82741723093204 1.66665475908667 1.90889548370615 0.969406719319522 1.09123698039912 1.38953148270957 0
