0 1.26077353954315 1.09624847094528 1.61904901429079 1.34813047316857 1.62282083765604 1.12404389260337 1.61684433068149 1.0038816689048 1.31609445740469 1.07644380396232 1.02308335294947 1.20834436709993 1.09433284820989 1.62240967457183 1.44867650559172 0.999294576700777 0.922967853723094 1.69419785751961 1.5062039073091 1.23340832255781 1.10815467103384 1.21041824552231 1.26354988454841 1.72047352977097 1.44734246586449 1.58838612725958 1.66129402257502 1.34125447506085 1.07237017131411
1.26077353954315 0 1.76209007226862 1.40041931835003 1.11417465936393 1.41924367123283 1.67886280594394 1.2463000533171 1.55351926572621 1.4947003936395 0.951694052899256 1.35817102808505 1.83427855349146 1.44381496193819 1.16776419710368 1.09403579402715 0.937526137800887 1.33178966282867 1.1736661286559 1.68632539943792 1.80356416036375 1.58625162579119 1.5217824189458 0.941172865685076 1.88061653519981 1.34964428376406 1.35109031293541 1.25792072550394 1.0075183045119 1.01225479040295
1.09624847094528 1.76209007226862 0 1.18255340238102 1.32287734607235 1.67467696941458 0.934182839468122 1.20996961067431 1.42892873217352 1.64215586637147 1.81868060491979 1.1701207049191 1.18196564842947 1.3742517195642 1.07653118786402 1.2466625070665 1.45550487446599 1.57890575216152 1.19491320103407 1.69666429096833 1.09618633869104 1.20806065504439 1.79774974472821 1.83436180371791 1.08152983314358 1.72762544127181 1.28042609523982 1.02327580121346 1.03964581084438 1.66613737144507
1.61904901429079 1.40041931835003 1.18255340238102 0 1.37035558000207 1.17071797745302 1.05460897600278 1.2384434309788 1.54602088220417 1.00228374684229 0.964313173899427 1.77260393789038 1.42856141971424 1.0896173317451 1.78435146994889 1.72847589617595 1.6697698913049 1.31700406689197 0.955991747323424 1.81926178256981 1.02649993635714 1.41937022935599 1.18226158595644 1.17516096890904 1.08150390954688 0.945013080490753 1.7551579924766 1.41368871880695 1.87643436901271 1.54383032489568
1.34813047316857 1.11417465936393 1.32287734607235 1.37035558000207 0 1.81511377170682 1.23057319177315 1.13374759512953 1.836387909716 1.47015732433647 1.35873192246072 1.52573127811775 1.80180127010681 1.00751581788063 1.51882866327651 1.8331568040885 1.75688310945407 1.58715742547065 1.05338806775399 1.00177956698462 1.36184346699156 1.85692253219895 1.82857191143557 1.87169085559435 0.934522495837882 1.10212719696574 1.50776566192508 1.62074633967131 1.69462983077392 1.76928118919022
1.62282083765604 1.41924367123283 1.67467696941458 1.17071797745302 1.81511377170682 0 1.4478456324432 1.72887976816855 1.49030095571652 1.33278005942702 1.36292183515616 1.88330031884834 1.1275893044658 1.80471966485493 1.69500902993605 1.15677195857279 1.23314157966524 1.37386714760214 1.41193096176721 1.4127792827785 1.55645353137515 1.10022747842595 1.65124058490619 1.66119242529385 1.86538809305057 1.3422594119329 1.51074166502804 1.13685812451877 1.08862590626813 1.89941566740163
1.12404389260337 1.67886280594394 0.934182839468122 1.05460897600278 1.23057319177315 1.4478456324432 0 1.254728179425 1.7656163489446 1.09264701209031 1.86033703456633 1.11295409779996 1.04656199924648 1.45143995946273 1.3621987849474 1.61227090796456 1.30454580578953 1.47538878023624 1.03515314823017 1.26969275181182 1.22434768942185 1.48127651098184 1.61150816106237 1.7587618783582 1.21927929040976 1.73696134937927 1.25209964346141 1.25269254297018 0.920293302740902 1.70512336702086
1.61684433068149 1.2463000533171 1.20996961067431 1.2384434309788 1.13374759512953 1.72887976816855 1.254728179425 0 1.32148664817214 0.989363751141354 1.5376264564693 1.3513310442213 1.04640324856155 1.12281909026206 0.953477491391823 1.01765081705526 1.03050462156534 1.21676275599748 1.03193525969982 0.94495335360989 1.20768176508136 1.47210133704357 1.45359194534831 1.58298585936427 1.07355212117545 1.54567044926807 0.985758387483656 1.66374736023135 1.59760273806751 1.44938768399879
1.0038816689048 1.55351926572621 1.42892873217352 1.54602088220417 1.836387909716 1.49030095571652 1.7656163489446 1.32148664817214 0 1.70532247773372 1.69246110855602 1.00656457291916 1.17214714526199 1.83223221241497 1.23505890113302 0.977443775627762 0.976188958156854 1.80629731784575 1.73016450973228 1.017298392253 1.63664678507484 1.76161022717133 1.69883965235204 1.74638227070682 1.74200922367163 1.17912010964938 1.26498355343938 1.31871749530546 1.41993883997202 1.35230597271584
1.31609445740469 1.4947003936395 1.64215586637147 1.00228374684229 1.47015732433647 1.33278005942702 1.09264701209031 0.989363751141354 1.70532247773372 0 1.34673955338076 1.88960606092587 1.04830351122655 1.87761463830248 1.86811571265571 1.1683943499811 1.88848464377224 1.52663793973625 1.64121708483435 1.72387236123905 1.17418269650079 1.17768793576397 1.30910023651086 1.62372996937484 1.18729595839977 1.59806650155224 1.36012490908615 1.11247663130052 1.6086293051485 1.01880804239772
1.07644380396232 0.951694052899256 1.81868060491979 0.964313173899427 1.35873192246072 1.36292183515616 1.86033703456633 1.5376264564693 1.69246110855602 1.34673955338076 0 1.36718721967191 1.09893813240342 0.996558504411951 1.27685358165763 1.06101105874404 1.65276345890015 1.01861517573707 1.75726596568711 1.45789280580357 1.78723885188811 1.15239774715155 1.63768525607884 0.941043658182025 0.92892248230055 1.34981940453872 1.1078756658826 0.991346189053729 1.09842149773613 1.75228857039474
1.02308335294947 1.35817102808505 1.1701207049191 1.77260393789038 1.52573127811775 1.88330031884834 1.11295409779996 1.3513310442213 1.00656457291916 1.88960606092587 1.36718721967191 0 1.05648710438982 1.56106210243888 1.00250931945629 1.75995666254312 1.60336257028393 1.46358599467203 1.85450954851694 0.923906952608377 1.21125827752985 1.37606332055293 1.39962740777992 1.64775596465915 1.27764948969707 1.27493522921577 1.48437866661698 1.56266446877271 1.17042821715586 1.82697196863592
1.20834436709993 1.83427855349146 1.18196564842947 1.42856141971424 1.80180127010681 1.1275893044658 1.04656199924648 1.04640324856155 1.17214714526199 1.04830351122655 1.09893813240342 1.05648710438982 0 1.41480915527791 1.11264914553612 0.957330421544611 0.915237331995741 1.01318539166823 1.0137955090031 0.917387753492221 1.19990290468559 1.13587401155382 0.94029367249459 1.85020408360288 1.87418451439589 1.35697771143168 1.55986559344456 1.85557839646935 0.939381323289126 1.09222008148208
1.09433284820989 1.44381496193819 1.3742517195642 1.0896173317451 1.00751581788063 1.80471966485493 1.45143995946273 1.12281909026206 1.83223221241497 1.87761463830248 0.996558504411951 1.56106210243888 1.41480915527791 0 1.5176889905706 1.82566688931547 1.3130525178276 0.981187268393114 1.71498209494166 1.25515741179697 1.17812559893355 1.2175876814872 1.69487430644222 1.25391389918514 1.0800467976369 1.03507518558763 1.0228758903686 1.67174074635841 1.09815247403458 1.03281458467245
1.62240967457183 1.16776419710368 1.07653118786402 1.78435146994889 1.51882866327651 1.69500902993605 1.3621987849474 0.953477491391823 1.23505890113302 1.86811571265571 1.27685358165763 1.00250931945629 1.11264914553612 1.5176889905706 0 1.53776528476737 1.53700020164251 1.83995825611055 1.1930123642087 1.65800688136369 1.03006086056121 1.37271538027562 1.77164655923843 1.25760143389925 1.22892853827216 1.57310138922185 1.89479802176356 1.09796818555333 1.15049300622195 1.76372439367697
1.44867650559172 1.09403579402715 1.2466625070665 1.72847589617595 1.8331568040885 1.15677195857279 1.61227090796456 1.01765081705526 0.977443775627762 1.1683943499811 1.06101105874404 1.75995666254312 0.957330421544611 1.82566688931547 1.53776528476737 0 1.26760792336427 1.82013866235502 1.41750174690969 0.94884173781611 1.33611517515965 1.19136958755553 1.73565307562239 1.86126078735106 1.01538163702935 1.43988803238608 1.58540095225908 1.14671071595512 1.69137317338027 1.70782771264203
0.999294576700777 0.937526137800887 1.45550487446599 1.6697698913049 1.75688310945407 1.23314157966524 1.30454580578953 1.03050462156534 0.976188958156854 1.88848464377224 1.65276345890015 1.60336257028393 0.915237331995741 1.3130525178276 1.53700020164251 1.26760792336427 0 1.56167858745903 1.48714684485458 1.61669242242351 1.58226346853189 1.79701095377095 0.988413048209623 1.28202569205314 1.68917875248007 1.1823074775748 1.11618425091729 1.28015328198671 1.27113370294683 1.64787982357666
0.922967853723094 1.33178966282867 1.57890575216152 1.31700406689197 1.58715742547065 1.37386714760214 1.47538878023624 1.21676275599748 1.80629731784575 1.52663793973625 1.01861517573707 1.46358599467203 1.01318539166823 0.981187268393114 1.83995825611055 1.82013866235502 1.56167858745903 0 0.997931513702497 1.51090420596302 1.64305068948306 1.84373587672599 0.98959275870584 0.977396243950352 1.11993366619572 1.23425013897941 1.58603427768685 1.77050695125945 1.09239230002277 1.45972149982117
1.69419785751961 1.1736661286559 1.19491320103407 0.955991747323424 1.05338806775399 1.41193096176721 1.03515314823017 1.03193525969982 1.73016450973228 1.64121708483435 1.75726596568711 1.85450954851694 1.0137955090031 1.71498209494166 1.1930123642087 1.41750174690969 1.48714684485458 0.997931513702497 0 1.76617822283879 1.81859957356937 1.81439709081315 0.999271370703354 1.77789229527116 1.03387960488908 1.13657503225841 1.4963191812858 1.88956490391865 0.958157737273723 1.37467417120934
1.5062039073091 1.68632539943792 1.69666429096833 1.81926178256981 1.00177956698462 1.4127792827785 1.26969275181182 0.94495335360989 1.017298392253 1.72387236123905 1.45789280580357 0.923906952608377 0.917387753492221 1.25515741179697 1.65800688136369 0.94884173781611 1.61669242242351 1.51090420596302 1.76617822283879 0 1.20109392865561 1.80420221947134 1.72638924582861 1.4771401793696 1.67012110329233 1.3513330842834 1.72646674257703 1.87074572523125 1.04167056758888 1.56109147518873
1.23340832255781 1.80356416036375 1.09618633869104 1.02649993635714 1.36184346699156 1.55645353137515 1.22434768942185 1.20768176508136 1.63664678507484 1.17418269650079 1.78723885188811 1.21125827752985 1.19990290468559 1.17812559893355 1.03006086056121 1.33611517515965 1.58226346853189 1.64305068948306 1.81859957356937 1.20109392865561 0 1.0822241762653 1.0001382320188 1.30587790370919 1.50106039876118 1.60346578457393 1.29800744610839 0.918674271320924 1.6392306056805 1.70853542699479
1.10815467103384 1.58625162579119 1.20806065504439 1.41937022935599 1.85692253219895 1.10022747842595 1.48127651098184 1.47210133704357 1.76161022717133 1.17768793576397 1.15239774715155 1.37606332055293 1.13587401155382 1.2175876814872 1.37271538027562 1.19136958755553 1.79701095377095 1.84373587672599 1.81439709081315 1.80420221947134 1.0822241762653 0 1.81031303294003 1.31316921650432 1.71692789322697 0.986866255756468 0.965826765168458 1.48212734493427 1.01088408473879 1.89746186952107
1.21041824552231 1.5217824189458 1.79774974472821 1.18226158595644 1.82857191143557 1.65124058490619 1.61150816106237 1.45359194534831 1.69883965235204 1.30910023651086 1.63768525607884 1.39962740777992 0.94029367249459 1.69487430644222 1.77164655923843 1.73565307562239 0.988413048209623 0.98959275870584 0.999271370703354 1.72638924582861 1.0001382320188 1.81031303294003 0 1.24849829589948 1.06402731081471 1.0201988525223 1.30455016694032 1.31061675818637 1.85756967682391 1.75444776075892
1.26354988454841 0.941172865685076 1.83436180371791 1.17516096890904 1.87169085559435 1.66119242529385 1.7587618783582 1.58298585936427 1.74638227070682 1.62372996937484 0.941043658182025 1.64775596465915 1.85020408360288 1.25391389918514 1.25760143389925 1.86126078735106 1.28202569205314 0.977396243950352 1.77789229527116 1.4771401793696 1.30587790370919 1.31316921650432 1.24849829589948 0 1.55138518405147 1.68840723228641 1.45114855584688 1.47566869622096 1.66798941092566 1.67292694956996
1.72047352977097 1.88061653519981 1.08152983314358 1.08150390954688 0.934522495837882 1.86538809305057 1.21927929040976 1.07355212117545 1.74200922367163 1.18729595839977 0.92892248230055 1.27764948969707 1.87418451439589 1.0800467976369 1.22892853827216 1.01538163702935 1.68917875248007 1.11993366619572 1.03387960488908 1.67012110329233 1.50106039876118 1.71692789322697 1.06402731081471 1.55138518405147 0 1.70010286965407 1.62557598436251 1.65747439581901 1.20037544774823 1.58147176960483
1.44734246586449 1.34964428376406 1.72762544127181 0.945013080490753 1.10212719696574 1.3422594119329 1.73696134937927 1.54567044926807 1.17912010964938 1.59806650155224 1.34981940453872 1.27493522921577 1.35697771143168 1.03507518558763 1.57310138922185 1.43988803238608 1.1823074775748 1.23425013897941 1.13657503225841 1.3513330842834 1.60346578457393 0.986866255756468 1.0201988525223 1.68840723228641 1.70010286965407 0 1.67440443160012 1.49109875876456 1.55949631612748 1.45664845220745
1.58838612725958 1.35109031293541 1.28042609523982 1.7551579924766 1.50776566192508 1.51074166502804 1.25209964346141 0.985758387483656 1.26498355343938 1.36012490908615 1.1078756658826 1.48437866661698 1.55986559344456 1.0228758903686 1.89479802176356 1.58540095225908 1.11618425091729 1.58603427768685 1.4963191812858 1.72646674257703 1.29800744610839 0.965826765168458 1.30455016694032 1.45114855584688 1.62557598436251 1.67440443160012 0 1.49867121642455 0.923952043522149 1.50213058851659
1.66129402257502 1.25792072550394 1.02327580121346 1.41368871880695 1.62074633967131 1.13685812451877 1.25269254297018 1.66374736023135 1.31871749530546 1.11247663130052 0.991346189053729 1.56266446877271 1.85557839646935 1.67174074635841 1.09796818555333 1.14671071595512 1.28015328198671 1.77050695125945 1.88956490391865 1.87074572523125 0.918674271320924 1.48212734493427 1.31061675818637 1.47566869622096 1.65747439581901 1.49109875876456 1.49867121642455 0 0.944425272056833 1.31969016650692
1.34125447506085 1.0075183045119 1.03964581084438 1.87643436901271 1.69462983077392 1.08862590626813 0.920293302740902 1.59760273806751 1.41993883997202 1.6086293051485 1.09842149773613 1.17042821715586 0.939381323289126 1.09815247403458 1.15049300622195 1.69137317338027 1.27113370294683 1.09239230002277 0.958157737273723 1.04167056758888 1.6392306056805 1.01088408473879 1.85756967682391 1.66798941092566 1.20037544774823 1.55949631612748 0.923952043522149 0.944425272056833 0 1.24549264390953
1.07237017131411 1.01225479040295 1.66613737144507 1.54383032489568 1.76928118919022 1.89941566740163 1.70512336702086 1.44938768399879 1.35230597271584 1.01880804239772 1.75228857039474 1.82697196863592 1.09222008148208 1.03281458467245 1.76372439367697 1.70782771264203 1.64787982357666 1.45972149982117 1.37467417120934 1.56109147518873 1.70853542699479 1.89746186952107 1.75444776075892 1.67292694956996 1.58147176960483 1.45664845220745 1.50213058851659 1.31969016650692 1.24549264390953 0
