0 1.78234823863022 1.37548323115334 0.980194497387856 1.19307245570235 1.15921097621322 1.30465078586712 1.55480228643864 1.64918403257616 1.23575085937046 1.91592887463048 1.27389079355635 1.36951188766398 1.9433082677424 1.13381049758755 1.77279418613762 1.69398085027933 1.3484897420276 0.971070910571143 1.07196089997888 1.47944093751721 1.85437060520053 1.06845531798899 1.08875104319304 1.58080500969663 1.43332418333739 1.71453747828491 1.19579957332462 1.44819311471656 1.05993104842491
1.78234823863022 0 1.21559188142419 1.32243811851367 1.43724255403504 1.79108212864958 1.07738328585401 1.2363080966752 0.954947080696002 1.07763264398091 1.80120832612738 1.85765108908527 1.58859790000133 1.91514596249908 1.49744617613032 1.69939566589892 1.91197377210483 0.962891399627551 1.48965052468702 1.64578112936579 1.05525421514176 1.76881023915485 1.6720603085123 1.50236805994064 1.73938586097211 0.965258576907218 1.44055224140175 1.69328511063941 1.87226171954535 1.71251110546291
1.37548323115334 1.21559188142419 0 0.990143463714048 1.6666305125691 1.5626790849492 1.00026682578027 0.959185149287805 1.21332951495424 1.70292748068459 1.84882086748257 1.50009665149264 1.65755263413303 1.91754837310873 1.91560443351045 0.990544490050524 1.65398722910322 1.82081993459724 1.13827726431191 1.32020972017199 1.26824469980784 1.20670938608237 1.83887177915312 1.13932622689754 1.78641683398746 1.5466635490302 0.954698434099555 1.82283390825614 1.62711137835868 1.36111335782334
0.980194497387856 1.32243811851367 0.990143463714048 0 1.20850590849295 1.01122275227681 1.11765461508185 1.83907341118902 1.15221390104853 1.68399654957466 1.88173377211206 1.3621822563 1.82325235707685 1.2114720265381 1.59057180024683 1.18636744841933 1.64763074158691 1.22438410785981 1.69070566864684 1.55350034218282 1.4421391277574 1.03814226295799 1.39148209104314 1.28378740488552 1.51397575135343 1.7908314934466 1.86843453254551 1.65282318531536 1.20863445964642 1.09733540494926
1.19307245570235 1.43724255403504 1.6666305125691 1.20850590849295 0 1.54265448753722 1.94474798277952 1.15250924206339 1.27097446960397 1.77936506038532 1.10256464360282 1.16314990934916 1.59325337945484 1.15925976983272 1.36731335218064 1.02065232698806 1.41425780276768 1.92616007709876 1.32818959210999 1.83301770617254 1.85119697544724 1.59910239302553 1.37473329831846 0.995825578225777 1.39817690500058 1.2695005023852 1.23906291602179 1.36041960469447 0.96991023933515 1.68224017694592
1.15921097621322 1.79108212864958 1.5626790849492 1.01122275227681 1.54265448753722 0 1.00676819402725 1.39983642729931 1.6395006806124 1.37702996004373 1.75699707865715 1.53010623692535 1.14944729325362 1.35500538139604 1.37994133075699 1.27301050862297 1.20125521277077 1.539237374207 1.58714594505727 1.39831331279129 1.1897171321325 1.6716779274866 1.366323211696 1.34860466653481 1.35478052916005 1.68354286323301 1.57526034815237 1.15408640727401 1.71381420502439 1.6447448071558
1.30465078586712 1.07738328585401 1.00026682578027 1.11765461508185 1.94474798277952 1.00676819402725 0 1.76889560231939 0.949218766530976 1.15691690705717 1.89155942527577 1.73474513739347 1.04192931461148 1.66031431918964 1.90538502018899 1.45656314841472 1.7626431195531 1.80178984091617 1.75681547028944 1.44333346677013 1.77089574793354 1.21965371072292 1.10243216878735 1.01389624737203 1.18617636081763 1.47301520570181 1.48616352165118 1.43053675419651 1.10357335000299 0.980874425265938
1.55480228643864 1.2363080966752 0.959185149287805 1.83907341118902 1.15250924206339 1.39983642729931 1.76889560231939 0 1.23248068010435 1.80742916627787 0.957681901520118 1.64763165800832 1.88306936249137 1.94250022224151 1.09105391870253 1.37990426342003 1.74639300443232 0.971669482067227 1.75632515340112 1.05566058633849 1.60908442665823 1.12141106300987 1.35449583246373 1.87598842545412 1.24694467429072 1.6284300039988 1.31988080381416 1.01670429529622 1.79582686489448 1.29655657708645
1.64918403257616 0.954947080696002 1.21332951495424 1.15221390104853 1.27097446960397 1.6395006806124 0.949218766530976 1.23248068010435 0 1.45949796983041 0.992264348315075 1.34302168223076 1.10436544683762 0.975597669370472 1.81691505061463 1.90833503915928 0.99241863982752 1.05867675854824 1.43738953210413 1.35556496283971 0.98929715808481 1.85399000323378 1.29333612066694 1.26408425439149 1.41658429452218 1.40151229291223 1.16319505684078 1.37111894623376 1.88887722673826 1.84072232199833
1.23575085937046 1.07763264398091 1.70292748068459 1.68399654957466 1.77936506038532 1.37702996004373 1.15691690705717 1.80742916627787 1.45949796983041 0 1.13062772992998 1.72064378880896 1.77853723429143 1.33258979697712 1.15888642705977 1.09282186510973 1.87089289026335 1.72192433313467 1.0419404048007 1.47668721782975 1.73215597542003 1.1729438288603 1.71892013587058 1.36716515105218 1.82111328141764 1.67618999048136 1.52498771087267 1.12250353931449 1.88203561352566 0.99497574288398
1.91592887463048 1.80120832612738 1.84882086748257 1.88173377211206 1.10256464360282 1.75699707865715 1.89155942527577 0.957681901520118 0.992264348315075 1.13062772992998 0 1.4512389479205 1.79722776077688 1.08376459940337 1.67302506859414 1.01066931919195 1.22975438972935 1.70865396480076 1.44444028194994 1.0300146646332 1.09275750187226 1.22085430752486 1.45476681506261 1.3126904880628 1.54457827657461 1.25574426492676 1.49727134802379 1.39599848072976 1.40169928269461 0.991642213659361
1.27389079355635 1.85765108908527 1.50009665149264 1.3621822563 1.16314990934916 1.53010623692535 1.73474513739347 1.64763165800832 1.34302168223076 1.72064378880896 1.4512389479205 0 1.14425635104999 1.62540400447324 1.6782040509861 1.60932151507586 1.86565479403362 1.44728412595578 1.51433506724425 1.56514042709023 1.05235515884124 1.66398575156927 1.51763956178911 1.62395416689105 1.58940806682222 1.24914608569816 1.85548084322363 1.84075619815849 1.08781009353697 1.30920076998882
1.36951188766398 1.58859790000133 1.65755263413303 1.82325235707685 1.59325337945484 1.14944729325362 1.04192931461148 1.88306936249137 1.10436544683762 1.77853723429143 1.79722776077688 1.14425635104999 0 1.41182658402249 1.81570473848842 1.89706366183236 1.93335305410437 1.77508504246362 1.10981429042295 1.10005953488871 1.40010275575332 1.30338568659499 1.83722342108376 1.01510226493701 1.75231472821906 1.08957067318261 1.21898258547299 1.55744017916732 1.42362698423676 1.13093318510801
1.9433082677424 1.91514596249908 1.91754837310873 1.2114720265381 1.15925976983272 1.35500538139604 1.66031431918964 1.94250022224151 0.975597669370472 1.33258979697712 1.08376459940337 1.62540400447324 1.41182658402249 0 1.33522766269743 1.42045174119994 1.78223164821975 1.38365163374692 0.972237357171252 1.56050456850789 1.0160967130214 1.19524237001315 1.30396944587119 1.54827072587796 1.02283150469884 0.951953545678407 1.70179029135033 1.7401963036973 1.69534531515092 1.75283658411354
1.13381049758755 1.49744617613032 1.91560443351045 1.59057180024683 1.36731335218064 1.37994133075699 1.90538502018899 1.09105391870253 1.81691505061463 1.15888642705977 1.67302506859414 1.6782040509861 1.81570473848842 1.33522766269743 0 1.37704284535721 1.84029292082414 1.26372057432309 0.984699113527313 1.29611963313073 1.42811254574917 1.83664607699029 1.30764692067169 1.36536139668897 1.1593656395562 1.79046176187694 1.28736603725702 1.9159451466985 1.04092276562005 1.44848660705611
1.77279418613762 1.69939566589892 0.990544490050524 1.18636744841933 1.02065232698806 1.27301050862297 1.45656314841472 1.37990426342003 1.90833503915928 1.09282186510973 1.01066931919195 1.60932151507586 1.89706366183236 1.42045174119994 1.37704284535721 0 0.94775891606696 1.59227027045563 1.80410704133101 1.80418233200908 1.55066461395472 1.32601340673864 1.77407184476033 1.13351978687569 1.71149394637905 1.48419324913993 1.46313622151501 1.04566076747142 1.49994156765752 1.78493605973199
1.69398085027933 1.91197377210483 1.65398722910322 1.64763074158691 1.41425780276768 1.20125521277077 1.7626431195531 1.74639300443232 0.99241863982752 1.87089289026335 1.22975438972935 1.86565479403362 1.93335305410437 1.78223164821975 1.84029292082414 0.94775891606696 0 1.71812913869508 1.30712458770722 1.85829218267463 1.43928089505062 1.51228105742484 0.964500446338207 1.47097908309661 1.93071956117637 1.248833341524 1.07767260074615 1.56862249481492 1.25940776639618 1.05152001231909
1.3484897420276 0.962891399627551 1.82081993459724 1.22438410785981 1.92616007709876 1.539237374207 1.80178984091617 0.971669482067227 1.05867675854824 1.72192433313467 1.70865396480076 1.44728412595578 1.77508504246362 1.38365163374692 1.26372057432309 1.59227027045563 1.71812913869508 0 1.64828795334324 1.02696463023312 0.974066751310602 1.13518797978759 0.978985438356176 1.03976253513247 1.89003084995784 1.89316974487156 1.52190167899244 1.60194101557136 1.07248537591659 1.67267917073332
0.971070910571143 1.48965052468702 1.13827726431191 1.69070566864684 1.32818959210999 1.58714594505727 1.75681547028944 1.75632515340112 1.43738953210413 1.0419404048007 1.44444028194994 1.51433506724425 1.10981429042295 0.972237357171252 0.984699113527313 1.80410704133101 1.30712458770722 1.64828795334324 0 1.77733055385761 1.56082691508345 1.62370485439897 1.77567326673307 1.21328537981026 1.47491537081078 1.1989581596572 1.5962926002685 1.01668676035479 1.37796015990898 1.00258332840167
1.07196089997888 1.64578112936579 1.32020972017199 1.55350034218282 1.83301770617254 1.39831331279129 1.44333346677013 1.05566058633849 1.35556496283971 1.47668721782975 1.0300146646332 1.56514042709023 1.10005953488871 1.56050456850789 1.29611963313073 1.80418233200908 1.85829218267463 1.02696463023312 1.77733055385761 0 1.21769235329702 1.47980794776231 1.56594476546161 1.36243788688444 1.33006674959324 1.76830042013898 1.20927566848695 1.52810092573054 1.17267524753697 1.33055823785253
1.47944093751721 1.05525421514176 1.26824469980784 1.4421391277574 1.85119697544724 1.1897171321325 1.77089574793354 1.60908442665823 0.98929715808481 1.73215597542003 1.09275750187226 1.05235515884124 1.40010275575332 1.0160967130214 1.42811254574917 1.55066461395472 1.43928089505062 0.974066751310602 1.56082691508345 1.21769235329702 0 1.91335638985038 1.43787633418106 0.995834924047813 1.7257115081884 1.01450752583332 1.1516201486811 1.31447892449796 1.82493939250708 1.1530370102264
1.85437060520053 1.76881023915485 1.20670938608237 1.03814226295799 1.59910239302553 1.6716779274866 1.21965371072292 1.12141106300987 1.85399000323378 1.1729438288603 1.22085430752486 1.66398575156927 1.30338568659499 1.19524237001315 1.83664607699029 1.32601340673864 1.51228105742484 1.13518797978759 1.62370485439897 1.47980794776231 1.91335638985038 0 1.94085012888536 1.20201493566856 1.56629444472492 1.22848964319564 1.77019448904321 1.7770732594654 1.15744954580441 1.36296353233047
1.06845531798899 1.6720603085123 1.83887177915312 1.39148209104314 1.37473329831846 1.366323211696 1.10243216878735 1.35449583246373 1.29333612066694 1.71892013587058 1.45476681506261 1.51763956178911 1.83722342108376 1.30396944587119 1.30764692067169 1.77407184476033 0.964500446338207 0.978985438356176 1.77567326673307 1.56594476546161 1.43787633418106 1.94085012888536 0 1.42677933978848 1.1487964137923 1.46154935262166 1.34873451176099 1.61625050613657 1.83929644781165 1.61359572317451
1.08875104319304 1.50236805994064 1.13932622689754 1.28378740488552 0.995825578225777 1.34860466653481 1.01389624737203 1.87598842545412 1.26408425439149 1.36716515105218 1.3126904880628 1.62395416689105 1.01510226493701 1.54827072587796 1.36536139668897 1.13351978687569 1.47097908309661 1.03976253513247 1.21328537981026 1.36243788688444 0.995834924047813 1.20201493566856 1.42677933978848 0 1.45890803961083 1.19027155218646 1.93633119575679 1.2280386290513 0.971493133110926 1.0660266012419
1.58080500969663 1.73938586097211 1.78641683398746 1.51397575135343 1.39817690500058 1.35478052916005 1.18617636081763 1.24694467429072 1.41658429452218 1.82111328141764 1.54457827657461 1.58940806682222 1.75231472821906 1.02283150469884 1.1593656395562 1.71149394637905 1.93071956117637 1.89003084995784 1.47491537081078 1.33006674959324 1.7257115081884 1.56629444472492 1.1487964137923 1.45890803961083 0 1.51858751382679 1.42976164165884 1.80217119283043 1.39996265200898 1.26995116448961
1.43332418333739 0.965258576907218 1.5466635490302 1.7908314934466 1.2695005023852 1.68354286323301 1.47301520570181 1.6284300039988 1.40151229291223 1.67618999048136 1.25574426492676 1.24914608569816 1.08957067318261 0.951953545678407 1.79046176187694 1.48419324913993 1.248833341524 1.89316974487156 1.1989581596572 1.76830042013898 1.01450752583332 1.22848964319564 1.46154935262166 1.19027155218646 1.51858751382679 0 1.40817083790898 1.5130224423483 1.11656224983744 1.18376399157569
1.71453747828491 1.44055224140175 0.954698434099555 1.86843453254551 1.23906291602179 1.57526034815237 1.48616352165118 1.31988080381416 1.16319505684078 1.52498771087267 1.49727134802379 1.85548084322363 1.21898258547299 1.70179029135033 1.28736603725702 1.46313622151501 1.07767260074615 1.52190167899244 1.5962926002685 1.20927566848695 1.1516201486811 1.77019448904321 1.34873451176099 1.93633119575679 1.42976164165884 1.40817083790898 0 1.10212458041497 1.36421810416505 1.59728021384217
1.19579957332462 1.69328511063941 1.82283390825614 1.65282318531536 1.36041960469447 1.15408640727401 1.43053675419651 1.01670429529622 1.37111894623376 1.12250353931449 1.39599848072976 1.84075619815849 1.55744017916732 1.7401963036973 1.9159451466985 1.04566076747142 1.56862249481492 1.60194101557136 1.01668676035479 1.52810092573054 1.31447892449796 1.7770732594654 1.61625050613657 1.2280386290513 1.80217119283043 1.5130224423483 1.10212458041497 0 1.00599083933048 1.25005144346505
1.44819311471656 1.87226171954535 1.62711137835868 1.20863445964642 0.96991023933515 1.71381420502439 1.10357335000299 1.79582686489448 1.88887722673826 1.88203561352566 1.40169928269461 1.08781009353697 1.42362698423676 1.69534531515092 1.04092276562005 1.49994156765752 1.25940776639618 1.07248537591659 1.37796015990898 1.17267524753697 1.82493939250708 1.15744954580441 1.83929644781165 0.971493133110926 1.39996265200898 1.11656224983744 1.36421810416505 1.00599083933048 0 1.72891691885889
1.05993104842491 1.71251110546291 1.36111335782334 1.09733540494926 1.68224017694592 1.6447448071558 0.980874425265938 1.29655657708645 1.84072232199833 0.99497574288398 0.991642213659361 1.30920076998882 1.13093318510801 1.75283658411354 1.44848660705611 1.78493605973199 1.05152001231909 1.67267917073332 1.00258332840167 1.33055823785253 1.1530370102264 1.36296353233047 1.61359572317451 1.0660266012419 1.26995116448961 1.18376399157569 1.59728021384217 1.25005144346505 1.72891691885889 0
