0 1.7632360488642 1.47001276118681 1.89744608942419 1.84262265497819 1.9324592272751 1.65645477664657 1.84242508746684 1.40331825916655 1.15384722361341 1.38825119286776 1.89466924313456 1.49500988121144 1.5621677977033 1.57915690448135 1.40555581194349 1.13417351827957 1.53315773536451 1.05212344275787 1.15938100521453 1.54413771815598 1.28232028265484 1.29770055226982 1.65749520459212 1.03862195997499 1.07296944316477 1.40625455067493 1.36443693889305 0.946980799082667 1.55724636954255
1.7632360488642 0 1.73123009945266 1.08901744615287 1.28089592047036 1.35525288828649 1.29448879254051 1.69167403434403 1.0675112081226 1.74107082630508 1.1315310865175 1.18237465433776 1.34792182641104 1.17237056908198 1.23169332300313 1.80379280238412 1.1228582104668 1.55331494589336 1.54299076762982 1.25792283471674 1.26086536236107 1.23497756826691 1.0859460204374 1.15494056488387 1.01019802549854 1.63499365677126 1.82712336140685 1.58062825188972 1.86461656866595 1.13038663519546
1.47001276118681 1.73123009945266 0 1.42933180602267 1.77437902218662 1.18008580454625 1.45737813250162 1.5576394693926 1.72757498151623 1.21464390214533 1.25278260791674 1.16881865030155 1.71152165043168 1.79788516787812 1.32337956130505 1.02736790664494 1.70930700423196 1.40135315153748 1.14755339780822 1.91761958692223 1.42414484242909 1.22784992610104 1.221766482573 1.59526114398614 1.8978228145279 1.57011851714924 1.69804459204897 1.36126432777382 1.94197380589321 1.64186065248214
1.89744608942419 1.08901744615287 1.42933180602267 0 1.93238439969718 1.31452111457475 1.74959281296469 1.38300691521727 1.63568105362356 1.34645761176944 1.94109974917956 1.35907053784467 1.08793558762409 1.48412146419287 1.93924961751327 1.93555096536875 1.54805710236542 1.31300993287005 1.71767225535586 1.59677213174291 1.22848386224359 1.42274554213509 1.0721161395777 1.89961637347005 1.85603217803873 1.12294633639976 1.46806714846753 1.24381149513647 0.968909832648933 1.83523359848186
1.84262265497819 1.28089592047036 1.77437902218662 1.93238439969718 0 1.41503710439429 1.76928323297761 1.16209897748195 1.68371253088117 1.00282748090103 0.959122061030939 1.21602724166587 1.00986643880606 1.53617099509574 1.21487358212471 0.955012726830319 1.68724787514657 1.44909094716422 1.41731847403571 1.35252252477221 1.6454394205939 1.41512304125354 1.04016215796582 1.018671982456 1.30021973187104 1.83354371832684 1.66907865088433 1.84728153632022 1.02656341926195 1.25468066963367
1.9324592272751 1.35525288828649 1.18008580454625 1.31452111457475 1.41503710439429 0 1.36967001319863 1.53969517583027 1.68184080184437 1.08458664338104 1.23272997955792 1.31479915510863 0.954758283449337 1.25410928484052 1.24731786595657 1.141305800993 1.39883038913831 1.80490861041471 1.59298291802406 1.86332485848106 1.02618886227719 0.943455691449344 0.960167212411761 1.43736564228311 1.34179736161605 1.83676412561908 1.07529661082663 1.7638782125432 1.83066952018999 1.13051002356224
1.65645477664657 1.29448879254051 1.45737813250162 1.74959281296469 1.76928323297761 1.36967001319863 0 1.48798860423267 1.28091896139085 1.02856798656285 1.08693241374567 1.36004924238659 1.45813851058483 1.73398970253766 1.80335008050315 1.83892299048603 1.27312504546717 1.74415261112154 1.89852247829549 1.54479480604641 1.39961439138278 1.38707098946907 1.30668387189507 1.61216450668871 1.8524965706747 1.12868323014118 1.21383888716809 1.10344257717952 1.88425549608655 1.54594180849381
1.84242508746684 1.69167403434403 1.5576394693926 1.38300691521727 1.16209897748195 1.53969517583027 1.48798860423267 0 1.87377090752125 1.1325126348529 1.54017160157673 1.38625722494908 0.978762201033533 0.973609180888161 1.52471650671214 1.94117783219554 1.83788346429355 1.05832887673751 1.1046970251482 1.28584453626536 1.16947219474241 1.08196474425495 1.18723348015919 1.55557751585729 1.46811715373769 1.57464125938714 1.07988385250792 1.08576654968783 1.50926520838402 1.0420202659443
1.40331825916655 1.0675112081226 1.72757498151623 1.63568105362356 1.68371253088117 1.68184080184437 1.28091896139085 1.87377090752125 0 1.57000046595931 1.89690184546635 1.85281410859898 1.73910570982844 1.58621819759719 1.13319415552542 0.993644365342334 1.23303594486788 1.90645665116608 1.74557978846133 1.2822812742088 1.62594834761694 1.16538462298922 1.92760693910532 1.77745322627015 1.26714526279829 1.60147065017372 1.37775855674408 1.53605429455638 1.1236520295497 1.83398831635714
1.15384722361341 1.74107082630508 1.21464390214533 1.34645761176944 1.00282748090103 1.08458664338104 1.02856798656285 1.1325126348529 1.57000046595931 0 1.71495064604096 1.17350818542764 1.34597549797036 1.74821022478864 1.54519505123608 1.90719381929375 1.18259496800601 1.70181831042282 1.3583750189282 1.24984531337395 0.964031377108768 1.88840177375823 1.78085332503542 1.01969654136337 1.38143381173722 1.23001387575641 1.18998200376518 1.40696703759022 1.4292665629182 1.65645722905174
1.38825119286776 1.1315310865175 1.25278260791674 1.94109974917956 0.959122061030939 1.23272997955792 1.08693241374567 1.54017160157673 1.89690184546635 1.71495064604096 0 1.65259652002715 1.84513810137287 1.79843657254241 1.09933203319088 1.84505895944312 1.7873453553766 1.17433982435614 1.00470352731645 1.69751428160816 1.44930288102478 1.08263140264899 1.82512325211428 1.12537402031012 1.41371080186218 1.03371101850644 1.71662224899046 1.41434211353771 1.0591959527228 1.7054075805936
1.89466924313456 1.18237465433776 1.16881865030155 1.35907053784467 1.21602724166587 1.31479915510863 1.36004924238659 1.38625722494908 1.85281410859898 1.17350818542764 1.65259652002715 0 1.12038702680729 1.04560213303193 1.21293818461709 1.74250915274024 1.29540338297375 1.45529328263365 1.93056612438522 1.66189956804737 1.39761689375155 1.71609165822156 1.65400704764761 1.26746720680967 1.19435709505342 1.92398447101004 1.82525651087053 0.950505580287427 0.977033371804282 1.32663142983802
1.49500988121144 1.34792182641104 1.71152165043168 1.08793558762409 1.00986643880606 0.954758283449337 1.45813851058483 0.978762201033533 1.73910570982844 1.34597549797036 1.84513810137287 1.12038702680729 0 1.69203698122874 1.56588903837837 1.79612737009302 1.14869361091405 1.67499055550434 1.05529168155044 1.26815027976409 1.3993432703428 1.625685099978 0.997506344225258 1.36504904716276 1.66642951662652 1.80853090132587 1.89172030775808 1.52419355139136 1.55673145502806 1.58393889758736
1.5621677977033 1.17237056908198 1.79788516787812 1.48412146419287 1.53617099509574 1.25410928484052 1.73398970253766 0.973609180888161 1.58621819759719 1.74821022478864 1.79843657254241 1.04560213303193 1.69203698122874 0 1.7050444574561 1.25992099335417 1.6753096410539 1.89877837477252 1.10981653397903 0.952343970770016 1.0461101855617 1.81953972391784 1.63810433330946 1.25836272793822 1.46718059410341 1.74354193522595 1.25009577884339 0.953700938960537 1.75622043805197 1.5673541999422
1.57915690448135 1.23169332300313 1.32337956130505 1.93924961751327 1.21487358212471 1.24731786595657 1.80335008050315 1.52471650671214 1.13319415552542 1.54519505123608 1.09933203319088 1.21293818461709 1.56588903837837 1.7050444574561 0 1.05365643417463 1.82319568190724 1.42866142885759 1.32454007328488 1.01822267705575 1.82659632363357 1.83557246718556 1.27136015100405 1.14763773954473 1.21070647216402 1.45609165052883 1.09818553575315 1.84851996041834 1.28187122009695 1.44157143449411
1.40555581194349 1.80379280238412 1.02736790664494 1.93555096536875 0.955012726830319 1.141305800993 1.83892299048603 1.94117783219554 0.993644365342334 1.90719381929375 1.84505895944312 1.74250915274024 1.79612737009302 1.25992099335417 1.05365643417463 0 1.41168948193081 1.37417101371102 1.60400204593316 1.6096801168751 1.70615635951981 1.38724644994363 1.41284852661192 1.76241062884219 1.46654325723648 1.84567220858298 1.32249118201435 1.56608946365304 1.18424446834251 1.22360620391555
1.13417351827957 1.1228582104668 1.70930700423196 1.54805710236542 1.68724787514657 1.39883038913831 1.27312504546717 1.83788346429355 1.23303594486788 1.18259496800601 1.7873453553766 1.29540338297375 1.14869361091405 1.6753096410539 1.82319568190724 1.41168948193081 0 1.72840021178126 1.11570836580358 1.26051047979854 1.56257572444156 1.43560313177295 1.46774901472963 1.74737048358656 1.65889403992333 1.34150602016598 1.6177463864442 1.22690083435737 1.24593830155209 1.07634065323509
1.53315773536451 1.55331494589336 1.40135315153748 1.31300993287005 1.44909094716422 1.80490861041471 1.74415261112154 1.05832887673751 1.90645665116608 1.70181831042282 1.17433982435614 1.45529328263365 1.67499055550434 1.89877837477252 1.42866142885759 1.37417101371102 1.72840021178126 0 1.12881679041311 1.56452481495216 1.1465667320881 1.63525036233477 1.44235505373217 1.62084092199802 1.14322679280303 1.13177715241909 1.17091171233915 1.34508003620431 1.8716780282557 1.64018785837106
1.05212344275787 1.54299076762982 1.14755339780822 1.71767225535586 1.41731847403571 1.59298291802406 1.89852247829549 1.1046970251482 1.74557978846133 1.3583750189282 1.00470352731645 1.93056612438522 1.05529168155044 1.10981653397903 1.32454007328488 1.60400204593316 1.11570836580358 1.12881679041311 0 1.89031987613998 1.09608720964752 1.67456402000971 1.36219733930193 1.50466864579357 1.75939083774574 1.20354923186824 1.46676531177945 1.3958296161145 1.05117916525342 0.979034228017554
1.15938100521453 1.25792283471674 1.91761958692223 1.59677213174291 1.35252252477221 1.86332485848106 1.54479480604641 1.28584453626536 1.2822812742088 1.24984531337395 1.69751428160816 1.66189956804737 1.26815027976409 0.952343970770016 1.01822267705575 1.6096801168751 1.26051047979854 1.56452481495216 1.89031987613998 0 1.51697521726601 1.15460079279728 1.74880870594643 1.36318907816894 1.16754471394233 1.32285140734166 1.29423643508926 1.66103724599816 1.02812273357995 1.75671343971044
1.54413771815598 1.26086536236107 1.42414484242909 1.22848386224359 1.6454394205939 1.02618886227719 1.39961439138278 1.16947219474241 1.62594834761694 0.964031377108768 1.44930288102478 1.39761689375155 1.3993432703428 1.0461101855617 1.82659632363357 1.70615635951981 1.56257572444156 1.1465667320881 1.09608720964752 1.51697521726601 0 1.71365047153085 1.90846933447756 1.13223451422527 1.60161311062984 1.41845221188851 0.987726217368618 1.70603987108916 1.64006863348186 1.47339960653335
1.28232028265484 1.23497756826691 1.22784992610104 1.42274554213509 1.41512304125354 0.943455691449344 1.38707098946907 1.08196474425495 1.16538462298922 1.88840177375823 1.08263140264899 1.71609165822156 1.625685099978 1.81953972391784 1.83557246718556 1.38724644994363 1.43560313177295 1.63525036233477 1.67456402000971 1.15460079279728 1.71365047153085 0 1.90362290386111 1.26304452982731 1.08875240664929 1.1569368452765 1.28209966723807 1.74259515223093 1.5788723451551 1.57472124928609
1.29770055226982 1.0859460204374 1.221766482573 1.0721161395777 1.04016215796582 0.960167212411761 1.30668387189507 1.18723348015919 1.92760693910532 1.78085332503542 1.82512325211428 1.65400704764761 0.997506344225258 1.63810433330946 1.27136015100405 1.41284852661192 1.46774901472963 1.44235505373217 1.36219733930193 1.74880870594643 1.90846933447756 1.90362290386111 0 1.1489480684977 0.944894022075459 1.46712728240527 1.62330468883738 1.24662376567721 1.88195246923715 1.55341157549992
1.65749520459212 1.15494056488387 1.59526114398614 1.89961637347005 1.018671982456 1.43736564228311 1.61216450668871 1.55557751585729 1.77745322627015 1.01969654136337 1.12537402031012 1.26746720680967 1.36504904716276 1.25836272793822 1.14763773954473 1.76241062884219 1.74737048358656 1.62084092199802 1.50466864579357 1.36318907816894 1.13223451422527 1.26304452982731 1.1489480684977 0 1.85744519112632 1.70231253630482 1.00501318345778 1.36528578097932 1.2517171902582 1.86194553016685
1.03862195997499 1.01019802549854 1.8978228145279 1.85603217803873 1.30021973187104 1.34179736161605 1.8524965706747 1.46811715373769 1.26714526279829 1.38143381173722 1.41371080186218 1.19435709505342 1.66642951662652 1.46718059410341 1.21070647216402 1.46654325723648 1.65889403992333 1.14322679280303 1.75939083774574 1.16754471394233 1.60161311062984 1.08875240664929 0.944894022075459 1.85744519112632 0 1.68097975943238 1.08792057586834 1.41210758103989 1.56207827292383 1.08308708341792
1.07296944316477 1.63499365677126 1.57011851714924 1.12294633639976 1.83354371832684 1.83676412561908 1.12868323014118 1.57464125938714 1.60147065017372 1.23001387575641 1.03371101850644 1.92398447101004 1.80853090132587 1.74354193522595 1.45609165052883 1.84567220858298 1.34150602016598 1.13177715241909 1.20354923186824 1.32285140734166 1.41845221188851 1.1569368452765 1.46712728240527 1.70231253630482 1.68097975943238 0 1.17110351007432 1.45065640215762 1.31870360812172 1.46593115804717
1.40625455067493 1.82712336140685 1.69804459204897 1.46806714846753 1.66907865088433 1.07529661082663 1.21383888716809 1.07988385250792 1.37775855674408 1.18998200376518 1.71662224899046 1.82525651087053 1.89172030775808 1.25009577884339 1.09818553575315 1.32249118201435 1.6177463864442 1.17091171233915 1.46676531177945 1.29423643508926 0.987726217368618 1.28209966723807 1.62330468883738 1.00501318345778 1.08792057586834 1.17110351007432 0 1.81822416186333 1.54908635141328 1.92436574492604
1.36443693889305 1.58062825188972 1.36126432777382 1.24381149513647 1.84728153632022 1.7638782125432 1.10344257717952 1.08576654968783 1.53605429455638 1.40696703759022 1.41434211353771 0.950505580287427 1.52419355139136 0.953700938960537 1.84851996041834 1.56608946365304 1.22690083435737 1.34508003620431 1.3958296161145 1.66103724599816 1.70603987108916 1.74259515223093 1.24662376567721 1.36528578097932 1.41210758103989 1.45065640215762 1.81822416186333 0 1.90556908166036 1.76733790780418
0.946980799082667 1.86461656866595 1.94197380589321 0.968909832648933 1.02656341926195 1.83066952018999 1.88425549608655 1.50926520838402 1.1236520295497 1.4292665629182 1.0591959527228 0.977033371804282 1.55673145502806 1.75622043805197 1.28187122009695 1.18424446834251 1.24593830155209 1.8716780282557 1.05117916525342 1.02812273357995 1.64006863348186 1.5788723451551 1.88195246923715 1.2517171902582 1.56207827292383 1.31870360812172 1.54908635141328 1.90556908166036 0 1.77619505720213
1.55724636954255 1.13038663519546 1.64186065248214 1.83523359848186 1.25468066963367 1.13051002356224 1.54594180849381 1.0420202659443 1.83398831635714 1.65645722905174 1.7054075805936 1.32663142983802 1.58393889758736 1.5673541999422 1.44157143449411 1.22360620391555 1.07634065323509 1.64018785837106 0.979034228017554 1.75671343971044 1.47339960653335 1.57472124928609 1.55341157549992 1.86194553016685 1.08308708341792 1.46593115804717 1.92436574492604 1.76733790780418 1.77619505720213 0
