0 1.0012725328 0.6836191328 0.6868599328 0.9784471328 0.9780786328 0.9895859328 1.0135302328 1.0135302328 0.6690842328 0.6654334328 0.9892119728 0.9982391328 1.0016526328 1.0005130328 0.9986177028 0.9971048328 1.0119869328 1.0104470328 1.0050816328 1.0031746328 0.6798970628 1.0240308328 0.6796495328 0.6888613328 0.6808878328 0.6725078328 0.6698165328 0.6794021628 1.0177905328
1.0012725328 0 0.9986177028 0.9955949728 0.7177159328 0.7319069328 0.2846974028 0.7053232328 0.7156361828 1.0043182328 1.0012725328 0.7099465328 0.1395275528 0.2929263328 0.2911553928 0.1378435128 0.1350850528 0.7042996828 0.7091739728 0.7127859328 0.7153766328 1.0224658328 0.7035329328 1.0232479328 1.0143029328 1.0139165328 0.9989963728 1.0311137328 1.0279574328 0.1740277328
0.6836191328 0.9986177028 0 0.1141897068 1.0287453328 1.0354753328 0.9660199328 1.0119869328 1.0089100328 0.5096735928 0.5100681728 0.9828828328 1.0054636328 0.9903344328 0.9862269328 0.9854825328 0.9825121728 1.0058457328 1.0024132328 1.0323007328 1.0406628328 0.5365840728 1.0426677328 0.5369931328 0.5156149828 0.5278429328 0.2963324128 0.5162117328 0.5260262328 0.9937120028
0.6868599328 0.9955949728 0.1141897068 0 1.0315091328 1.0330931328 0.9671082328 1.0092940328 1.0073763328 0.5106605328 0.5134310328 0.9869720828 0.9955949728 0.9907090028 0.9847388328 0.9836246928 0.9821417328 1.0043182328 0.9993752728 1.0402625328 1.0466935328 0.5487459828 1.0426677328 0.5489538328 0.5188030328 0.5353582328 0.2999031128 0.5270349928 0.5417133328 0.9914585828
0.9784471328 0.7177159328 1.0287453328 1.0315091328 0 0.1041286528 0.7086594328 0.5617423328 0.5696069328 1.0096781328 1.0104470328 0.5573151328 0.7177159328 0.7161555828 0.7164154028 0.7112358328 0.7151171328 0.5640718828 0.5621653728 0.5611082828 0.5625886328 1.0131441328 0.5589985728 1.0131441328 1.0519595328 1.0139165328 1.0039368328 1.0201245328 1.0326968328 0.7148577328
0.9780786328 0.7319069328 1.0354753328 1.0330931328 0.1041286528 0 0.7164154028 0.5644962328 0.5738927328 1.0189566328 1.0166262328 0.5617423328 0.7253036328 0.7224164328 0.7216309828 0.7218927328 0.7239898928 0.5666214728 0.5640718828 0.5719611028 0.5734630328 1.0275639328 0.5649207728 1.0275639328 1.0601340328 1.0166262328 1.0127582328 1.0240308328 1.0410634328 0.7279379928
0.9895859328 0.2846974028 0.9660199328 0.9671082328 0.7086594328 0.7164154028 0 0.7014921328 0.7084022328 0.9678345828 0.9722077728 0.6981875828 0.2793095628 0.0831728228 0.0799403028 0.2749692728 0.2728085128 0.7030221728 0.7058355328 0.7099465328 0.7138211628 0.9944646328 0.6916218928 0.9944646328 1.0039368328 0.9869720828 0.9762390828 0.9799227628 0.9828828328 0.2810527328
1.0135302328 0.7053232328 1.0119869328 1.0092940328 0.5617423328 0.5644962328 0.7014921328 0 0.0846264228 1.0005130328 1.0020327328 0.5004589328 0.6964142328 0.7078881828 0.7102041728 0.6954027328 0.6948975328 0.0825028828 0.0801627828 0.3916409328 0.3907987128 1.0154637328 0.4693515828 1.0154637328 1.0158510328 1.0216846328 1.0005130328 1.0255990328 1.0209041328 0.7014921328
1.0135302328 0.7156361828 1.0089100328 1.0073763328 0.5696069328 0.5738927328 0.7084022328 0.0846264228 0 1.0016526328 1.0027937328 0.5055423928 0.7109777828 0.7156361828 0.7156361828 0.7089166328 0.7086594328 0.0650730628 0.0634391978 0.3970536828 0.3972234328 1.0158510328 0.4712233128 1.0154637328 1.0096781328 1.0123725328 1.0077594328 1.0205142328 1.0127582328 0.7130446328
0.6690842328 1.0043182328 0.5096735928 0.5106605328 1.0096781328 1.0189566328 0.9678345828 1.0005130328 1.0016526328 0 0.0576945328 0.9825121728 0.9974827728 0.9869720828 0.9821417328 0.9955949728 0.9929600928 0.9993752728 0.9986177028 1.0174021328 1.0146897328 0.4342916528 0.9982391328 0.4346485328 0.4248954928 0.3403458528 0.4996799328 0.4157895928 0.4287815028 1.0085263328
0.6654334328 1.0012725328 0.5100681728 0.5134310328 1.0104470328 1.0166262328 0.9722077728 1.0020327328 1.0027937328 0.0576945328 0 0.9914585828 0.9963495328 0.9877179828 0.9851105728 0.9967271028 0.9937120028 1.0008927328 0.9986177028 1.0271705328 1.0236392328 0.4353628328 1.0073763328 0.4357202328 0.4264827928 0.3390877128 0.5014339028 0.4191039328 0.4284273928 1.0081428328
0.9892119728 0.7099465328 0.9828828328 0.9869720828 0.5573151328 0.5617423328 0.6981875828 0.5004589328 0.5055423928 0.9825121728 0.9914585828 0 0.7002193828 0.7030221728 0.7053232328 0.7014921328 0.7012373728 0.5045621328 0.5049540928 0.5065239328 0.5065239328 1.0039368328 0.5246162928 1.0031746328 1.0112166328 0.9963495328 0.9825121728 1.0050816328 0.9967271028 0.7094314028
0.9982391328 0.1395275528 1.0054636328 0.9955949728 0.7177159328 0.7253036328 0.2793095628 0.6964142328 0.7109777828 0.9974827728 0.9963495328 0.7002193828 0 0.2888005928 0.2871859628 0.0525295178 0.0507087428 0.7020018328 0.7012373728 0.7153766328 0.7164154028 1.0201245328 0.7066045928 1.0209041328 1.0158510328 1.0027937328 0.9892119728 1.0139165328 1.0212942328 0.1682497828
1.0016526328 0.2929263328 0.9903344328 0.9907090028 0.7161555828 0.7224164328 0.0831728228 0.7078881828 0.7156361828 0.9869720828 0.9877179828 0.7030221728 0.2888005928 0 0.0432576428 0.2874792728 0.2852822128 0.7086594328 0.7109777828 0.7218927328 0.7234650828 1.0077594328 0.6997109028 1.0069934328 1.0119869328 0.9986177028 0.9880911628 1.0005130328 0.9997543028 0.2926308728
1.0005130328 0.2911553928 0.9862269328 0.9847388328 0.7164154028 0.7216309828 0.0799403028 0.7102041728 0.7156361828 0.9821417328 0.9851105728 0.7053232328 0.2871859628 0.0432576428 0 0.2842591028 0.2819258528 0.7107198328 0.7122688828 0.7177159328 0.7192795328 1.0035556328 0.7002193828 1.0024132328 1.0154637328 1.0016526328 0.9884645828 0.9997543028 0.9974827728 0.2890945328
0.9986177028 0.1378435128 0.9854825328 0.9836246928 0.7112358328 0.7218927328 0.2749692728 0.6954027328 0.7089166328 0.9955949728 0.9967271028 0.7014921328 0.0525295178 0.2874792728 0.2842591028 0 0.0351460398 0.6992027728 0.7007282328 0.7102041728 0.7107198328 1.0131441328 0.7032775328 1.0135302328 1.0058457328 1.0012725328 0.9762390828 1.0066106328 1.0127582328 0.1645053828
0.9971048328 0.1350850528 0.9825121728 0.9821417328 0.7151171328 0.7239898928 0.2728085128 0.6948975328 0.7086594328 0.9929600928 0.9937120028 0.7012373728 0.0507087428 0.2852822128 0.2819258528 0.0351460398 0 0.6984412328 0.6997109028 0.7068611328 0.7084022328 1.0143029328 0.7012373728 1.0143029328 1.0008927328 1.0066106328 0.9729391328 1.0077594328 1.0119869328 0.1609034928
1.0119869328 0.7042996828 1.0058457328 1.0043182328 0.5640718828 0.5666214728 0.7030221728 0.0825028828 0.0650730628 0.9993752728 1.0008927328 0.5045621328 0.7020018328 0.7086594328 0.7107198328 0.6992027728 0.6984412328 0 0.0301334878 0.3946807928 0.3948500328 1.0073763328 0.4678575628 1.0077594328 1.0119869328 1.0112166328 0.9940882328 1.0248144328 1.0073763328 0.7042996828
1.0104470328 0.7091739728 1.0024132328 0.9993752728 0.5621653728 0.5640718828 0.7058355328 0.0801627828 0.0634391978 0.9986177028 0.9986177028 0.5049540928 0.7012373728 0.7109777828 0.7122688828 0.7007282328 0.6997109028 0.0301334878 0 0.3911354728 0.3916409328 1.0096781328 0.4682308028 1.0100624328 1.0085263328 1.0069934328 0.9914585828 1.0189566328 1.0043182328 0.7027669328
1.0050816328 0.7127859328 1.0323007328 1.0402625328 0.5611082828 0.5719611028 0.7099465328 0.3916409328 0.3970536828 1.0174021328 1.0271705328 0.5065239328 0.7153766328 0.7218927328 0.7177159328 0.7102041728 0.7068611328 0.3946807928 0.3911354728 0 0.0219559188 1.0287453328 0.4693515828 1.0283513328 1.0374662328 1.0201245328 1.0170141328 1.0350778328 1.0382641328 0.7107198328
1.0031746328 0.7153766328 1.0406628328 1.0466935328 0.5625886328 0.5734630328 0.7138211628 0.3907987128 0.3972234328 1.0146897328 1.0236392328 0.5065239328 0.7164154028 0.7234650828 0.7192795328 0.7107198328 0.7084022328 0.3948500328 0.3916409328 0.0219559188 0 1.0240308328 0.4682308028 1.0236392328 1.0418652328 1.0232479328 1.0212942328 1.0386635328 1.0390629328 0.7135621828
0.6798970628 1.0224658328 0.5365840728 0.5487459828 1.0131441328 1.0275639328 0.9944646328 1.0154637328 1.0158510328 0.4342916528 0.4353628328 1.0039368328 1.0201245328 1.0077594328 1.0035556328 1.0131441328 1.0143029328 1.0073763328 1.0096781328 1.0287453328 1.0240308328 0 1.0146897328 0.00114239999999996 0.3847624628 0.4328657928 0.5300694328 0.2923355628 0.2985621028 1.0244225328
1.0240308328 0.7035329328 1.0426677328 1.0426677328 0.5589985728 0.5649207728 0.6916218928 0.4693515828 0.4712233128 0.9982391328 1.0073763328 0.5246162928 0.7066045928 0.6997109028 0.7002193828 0.7032775328 0.7012373728 0.4678575628 0.4682308028 0.4693515828 0.4682308028 1.0146897328 0 1.0154637328 1.0418652328 1.0205142328 1.0135302328 1.0209041328 1.0220750328 0.6992027728
0.6796495328 1.0232479328 0.5369931328 0.5489538328 1.0131441328 1.0275639328 0.9944646328 1.0154637328 1.0154637328 0.4346485328 0.4357202328 1.0031746328 1.0209041328 1.0069934328 1.0024132328 1.0135302328 1.0143029328 1.0077594328 1.0100624328 1.0283513328 1.0236392328 0.00114239999999996 1.0154637328 0 0.3850965328 0.4332220328 0.5298666928 0.2923355628 0.2990088328 1.0248144328
0.6888613328 1.0143029328 0.5156149828 0.5188030328 1.0519595328 1.0601340328 1.0039368328 1.0158510328 1.0096781328 0.4248954928 0.4264827928 1.0112166328 1.0158510328 1.0119869328 1.0154637328 1.0058457328 1.0008927328 1.0119869328 1.0085263328 1.0374662328 1.0418652328 0.3847624628 1.0418652328 0.3850965328 0 0.4268359728 0.5160127328 0.3723408528 0.3812636028 1.0209041328
0.6808878328 1.0139165328 0.5278429328 0.5353582328 1.0139165328 1.0166262328 0.9869720828 1.0216846328 1.0123725328 0.3403458528 0.3390877128 0.9963495328 1.0027937328 0.9986177028 1.0016526328 1.0012725328 1.0066106328 1.0112166328 1.0069934328 1.0201245328 1.0232479328 0.4328657928 1.0205142328 0.4332220328 0.4268359728 0 0.5116488328 0.4198035828 0.4300222028 1.0096781328
0.6725078328 0.9989963728 0.2963324128 0.2999031128 1.0039368328 1.0127582328 0.9762390828 1.0005130328 1.0077594328 0.4996799328 0.5014339028 0.9825121728 0.9892119728 0.9880911628 0.9884645828 0.9762390828 0.9729391328 0.9940882328 0.9914585828 1.0170141328 1.0212942328 0.5300694328 1.0135302328 0.5298666928 0.5160127328 0.5116488328 0 0.5162117328 0.5248175328 0.9899601328
0.6698165328 1.0311137328 0.5162117328 0.5270349928 1.0201245328 1.0240308328 0.9799227628 1.0255990328 1.0205142328 0.4157895928 0.4191039328 1.0050816328 1.0139165328 1.0005130328 0.9997543028 1.0066106328 1.0077594328 1.0248144328 1.0189566328 1.0350778328 1.0386635328 0.2923355628 1.0209041328 0.2923355628 0.3723408528 0.4198035828 0.5162117328 0 0.2209871528 1.0255990328
0.6794021628 1.0279574328 0.5260262328 0.5417133328 1.0326968328 1.0410634328 0.9828828328 1.0209041328 1.0127582328 0.4287815028 0.4284273928 0.9967271028 1.0212942328 0.9997543028 0.9974827728 1.0127582328 1.0119869328 1.0073763328 1.0043182328 1.0382641328 1.0390629328 0.2985621028 1.0220750328 0.2990088328 0.3812636028 0.4300222028 0.5248175328 0.2209871528 0 1.0240308328
1.0177905328 0.1740277328 0.9937120028 0.9914585828 0.7148577328 0.7279379928 0.2810527328 0.7014921328 0.7130446328 1.0085263328 1.0081428328 0.7094314028 0.1682497828 0.2926308728 0.2890945328 0.1645053828 0.1609034928 0.7042996828 0.7027669328 0.7107198328 0.7135621828 1.0244225328 0.6992027728 1.0248144328 1.0209041328 1.0096781328 0.9899601328 1.0255990328 1.0240308328 0
