0 0.45102383327 0.65844593327 0.66642087327 0.99534293327 0.99722880327 0.94156688327 0.94578630327 0.99911940327 0.94402533327 0.95002963327 0.97747603327 0.65150703327 0.65796533327 1.00329543327 1.00025600327 0.99496633327 1.00063526327 1.00558333327 1.01210343327 1.01596543327 1.00177423327 0.95608233327 1.00177423327 0.43550730327 0.98264343327 0.66109483327 0.99421370327 0.98784663327 0.44684253327
0.45102383327 0 0.66617799327 0.68436963327 0.98005527327 0.98561227327 0.96182393327 0.96326623327 1.00367633327 0.95823033327 0.97124893327 0.99836253327 0.66109483327 0.66109483327 0.99534293327 0.99233538327 0.98896628327 0.99722880327 0.99836253327 0.99685123327 1.00025600327 1.00826113327 0.96906340327 1.00902803327 0.28768766327 0.98971367327 0.66206043327 0.99308613327 0.96688423327 0.19020144327
0.65844593327 0.66617799327 0 0.18775907327 1.02218633327 1.03399143327 0.92835986327 0.93319857327 0.98190307327 0.93146688327 0.93841779327 1.03122013327 0.36434943327 0.36793093327 1.03399143327 1.03240663327 1.02531613327 0.98116338327 0.98933989327 1.04276803327 1.04598513327 1.00101473327 0.99609667327 1.00139443327 0.66472213327 1.01364583327 0.26274061327 1.03438813327 1.02101593327 0.66739333327
0.66642087327 0.68436963327 0.18775907327 0 1.03637483327 1.04116453327 0.96471137327 0.96146383327 0.97821213327 0.95930660327 0.96833628327 1.03319853327 0.37103787327 0.37317113327 1.05408903327 1.04638833327 1.04116453327 0.98672863327 0.99647383327 1.05776443327 1.06104673327 1.00826113327 0.99496633327 1.00902803327 0.66958593327 1.03876583327 0.27273506327 1.04921623327 1.02845913327 0.68312643327
0.99534293327 0.98005527327 1.02218633327 1.03637483327 0 0.18750244327 0.99458993327 0.99911940327 0.76882883327 0.99534293327 0.99874083327 0.53219443327 1.01480463327 1.01751583327 0.34955478327 0.35194710327 0.35130840327 0.76882883327 0.76632653327 0.36483678327 0.36499933327 0.75859453327 0.54365753327 0.75914413327 0.97563916327 0.35386649327 1.01210343327 0.22904423327 0.22972253327 0.98933989327
0.99722880327 0.98561227327 1.03399143327 1.04116453327 0.18750244327 0 0.99874083327 1.00826113327 0.77106017327 1.00291493327 1.00672973327 0.53402493327 1.01906943327 1.02257673327 0.35868656327 0.35659405327 0.35755911327 0.77385866327 0.77498103327 0.36956456327 0.36891067327 0.76743763327 0.54448313327 0.76799383327 0.97307509327 0.35981571327 1.01596543327 0.23517115327 0.23094502327 0.99121070327
0.94156688327 0.96182393327 0.92835986327 0.96471137327 0.99458993327 0.99874083327 0 0.18200604327 0.99046183327 0.21029660327 0.20963563327 0.97674078327 0.93806873327 0.95787183327 1.03082503327 1.01519143327 1.02531613327 0.98486893327 0.98784663327 1.00405733327 1.00443853327 1.01635273327 0.99196028327 1.01712793327 0.96038443327 0.99346179327 0.94191760327 0.99760653327 0.98784663327 0.97307509327
0.94578630327 0.96326623327 0.93319857327 0.96146383327 0.99911940327 1.00826113327 0.18200604327 0 0.99121070327 0.20240317327 0.20476249327 0.98042446327 0.93632579327 0.95465373327 1.02688603327 1.01248863327 1.01790383327 0.98264343327 0.98301387327 1.00558333327 1.00367633327 1.01480463327 0.99874083327 1.01557833327 0.96326623327 1.00481993327 0.93077533327 1.01133343327 0.99121070327 0.97417289327
0.99911940327 1.00367633327 0.98190307327 0.97821213327 0.76882883327 0.77106017327 0.99046183327 0.99121070327 0 0.99911940327 1.00864453327 0.75557858327 0.98747378327 0.98933989327 0.77050167327 0.76743763327 0.76466293327 0.11924572327 0.11877734327 0.76799383327 0.76688188327 0.28111827327 0.76410919327 0.28169989327 0.99534293327 0.75121337327 0.97380680327 0.76245053327 0.74849793327 0.99571973327
0.94402533327 0.95823033327 0.93146688327 0.95930660327 0.99534293327 1.00291493327 0.21029660327 0.20240317327 0.99911940327 0 0.0585202292700001 0.98079383327 0.93319857327 0.95394043327 1.02649323327 1.00787803327 1.01674013327 1.00101473327 1.00634743327 1.01287423327 1.01017983327 1.01868073327 1.00177423327 1.01945833327 0.96074408327 0.99308613327 0.93528193327 0.99987697327 0.98412639327 0.97015533327
0.95002963327 0.97124893327 0.93841779327 0.96833628327 0.99874083327 1.00672973327 0.20963563327 0.20476249327 1.00864453327 0.0585202292700001 0 0.99233538327 0.93702243327 0.95823033327 1.02727893327 1.01287423327 1.02062623327 1.00405733327 1.00979573327 1.01441823327 1.01171833327 1.02885303327 1.01364583327 1.02964123327 0.96760993327 0.99949807327 0.93911648327 1.01017983327 0.99609667327 0.97821213327
0.97747603327 0.99836253327 1.03122013327 1.03319853327 0.53219443327 0.53402493327 0.97674078327 0.98042446327 0.75557858327 0.98079383327 0.99233538327 0 1.01674013327 1.01868073327 0.53831363327 0.53504383327 0.53585993327 0.76245053327 0.76300303327 0.54613693327 0.54530953327 0.75694793327 0.30804953327 0.75777077327 0.97747603327 0.53606413327 1.02101593327 0.53872333327 0.53361779327 0.99949807327
0.65150703327 0.66109483327 0.36434943327 0.37103787327 1.01480463327 1.01906943327 0.93806873327 0.93632579327 0.98747378327 0.93319857327 0.93702243327 1.01674013327 0 0.0492873612700001 1.02845913327 1.02062623327 1.01596543327 0.98486893327 0.99083613327 1.03240663327 1.03122013327 0.98971367327 0.98486893327 0.99046183327 0.64912903327 1.01094873327 0.36630085327 1.04477723327 1.01829223327 0.65748503327
0.65796533327 0.66109483327 0.36793093327 0.37317113327 1.01751583327 1.02257673327 0.95787183327 0.95465373327 0.98933989327 0.95394043327 0.95823033327 1.01868073327 0.0492873612700001 0 1.02610073327 1.02140583327 1.01248863327 0.99083613327 0.99647383327 1.03082503327 1.02964123327 0.99346179327 0.98449753327 0.99383763327 0.65365363327 1.01868073327 0.36891067327 1.04800303327 1.02335853327 0.66254363327
1.00329543327 0.99534293327 1.03399143327 1.05408903327 0.34955478327 0.35868656327 1.03082503327 1.02688603327 0.77050167327 1.02649323327 1.02727893327 0.53831363327 1.02845913327 1.02610073327 0 0.03806151327 0.03827177127 0.76300303327 0.76245053327 0.26373410327 0.26401818327 0.76604897327 0.53504383327 0.76688188327 0.98896628327 0.28155443327 1.03518213327 0.34923637327 0.35386649327 0.99571973327
1.00025600327 0.99233538327 1.03240663327 1.04638833327 0.35194710327 0.35659405327 1.01519143327 1.01248863327 0.76743763327 1.00787803327 1.01287423327 0.53504383327 1.02062623327 1.02140583327 0.03806151327 0 0.03449606627 0.76134683327 0.76107108327 0.26132366327 0.26203179327 0.76162253327 0.53300743327 0.76245053327 0.98412639327 0.28286448327 1.03043023327 0.34764635327 0.35130840327 0.98896628327
0.99496633327 0.98896628327 1.02531613327 1.04116453327 0.35130840327 0.35755911327 1.02531613327 1.01790383327 0.76466293327 1.01674013327 1.02062623327 0.53585993327 1.01596543327 1.01248863327 0.03827177127 0.03449606627 0 0.75831979327 0.75914413327 0.26203179327 0.26231523327 0.76079553327 0.53321087327 0.76162253327 0.98116338327 0.28053710327 1.02610073327 0.34605973327 0.35114881327 0.98896628327
1.00063526327 0.99722880327 0.98116338327 0.98672863327 0.76882883327 0.77385866327 0.98486893327 0.98264343327 0.11924572327 1.00101473327 1.00405733327 0.76245053327 0.98486893327 0.99083613327 0.76300303327 0.76134683327 0.75831979327 0 0.01763445027 0.77022263327 0.76938603327 0.28432277327 0.76966483327 0.28490689327 0.98561227327 0.74336553327 0.98190307327 0.75722213327 0.74795603327 0.99458993327
1.00558333327 0.99836253327 0.98933989327 0.99647383327 0.76632653327 0.77498103327 0.98784663327 0.98301387327 0.11877734327 1.00634743327 1.00979573327 0.76300303327 0.99083613327 0.99647383327 0.76245053327 0.76107108327 0.75914413327 0.01763445027 0 0.76882883327 0.76827203327 0.28344743327 0.77189863327 0.28403088327 0.99158543327 0.74148353327 0.98784663327 0.75557858327 0.74741447327 0.99496633327
1.01210343327 0.99685123327 1.04276803327 1.05776443327 0.36483678327 0.36956456327 1.00405733327 1.00558333327 0.76799383327 1.01287423327 1.01441823327 0.54613693327 1.03240663327 1.03082503327 0.26373410327 0.26132366327 0.26203179327 0.77022263327 0.76882883327 0 0.00797919227000005 0.76688188327 0.54758698327 0.76743763327 0.99271073327 0.29136231327 1.02649323327 0.35707643327 0.36143175327 1.00177423327
1.01596543327 1.00025600327 1.04598513327 1.06104673327 0.36499933327 0.36891067327 1.00443853327 1.00367633327 0.76688188327 1.01017983327 1.01171833327 0.54530953327 1.03122013327 1.02964123327 0.26401818327 0.26203179327 0.26231523327 0.76938603327 0.76827203327 0.00797919227000005 0 0.76632653327 0.54655093327 0.76688188327 0.99685123327 0.29150969327 1.02924703327 0.35691563327 0.36110827327 1.00481993327
1.00177423327 1.00826113327 1.00101473327 1.00826113327 0.75859453327 0.76743763327 1.01635273327 1.01480463327 0.28111827327 1.01868073327 1.02885303327 0.75694793327 0.98971367327 0.99346179327 0.76604897327 0.76162253327 0.76079553327 0.28432277327 0.28344743327 0.76688188327 0.76632653327 0 0.76715970327 0.00114360000000005 1.00367633327 0.75421173327 0.99158543327 0.75804523327 0.75284733327 0.99571973327
0.95608233327 0.96906340327 0.99609667327 0.99496633327 0.54365753327 0.54448313327 0.99196028327 0.99874083327 0.76410919327 1.00177423327 1.01364583327 0.30804953327 0.98486893327 0.98449753327 0.53504383327 0.53300743327 0.53321087327 0.76966483327 0.77189863327 0.54758698327 0.54655093327 0.76715970327 0 0.76771569327 0.96074408327 0.53545177327 0.97858033327 0.53913333327 0.53872333327 0.98005527327
1.00177423327 1.00902803327 1.00139443327 1.00902803327 0.75914413327 0.76799383327 1.01712793327 1.01557833327 0.28169989327 1.01945833327 1.02964123327 0.75777077327 0.99046183327 0.99383763327 0.76688188327 0.76245053327 0.76162253327 0.28490689327 0.28403088327 0.76743763327 0.76688188327 0.00114360000000005 0.76771569327 0 1.00481993327 0.75448489327 0.99196028327 0.75859453327 0.75339283327 0.99685123327
0.43550730327 0.28768766327 0.66472213327 0.66958593327 0.97563916327 0.97307509327 0.96038443327 0.96326623327 0.99534293327 0.96074408327 0.96760993327 0.97747603327 0.64912903327 0.65365363327 0.98896628327 0.98412639327 0.98116338327 0.98561227327 0.99158543327 0.99271073327 0.99685123327 1.00367633327 0.96074408327 1.00481993327 0 0.98524053327 0.65007933327 0.98821968327 0.96434983327 0.29475900327
0.98264343327 0.98971367327 1.01364583327 1.03876583327 0.35386649327 0.35981571327 0.99346179327 1.00481993327 0.75121337327 0.99308613327 0.99949807327 0.53606413327 1.01094873327 1.01868073327 0.28155443327 0.28286448327 0.28053710327 0.74336553327 0.74148353327 0.29136231327 0.29150969327 0.75421173327 0.53545177327 0.75448489327 0.98524053327 0 1.00787803327 0.35611200327 0.35530928327 0.98116338327
0.66109483327 0.66206043327 0.26274061327 0.27273506327 1.01210343327 1.01596543327 0.94191760327 0.93077533327 0.97380680327 0.93528193327 0.93911648327 1.02101593327 0.36630085327 0.36891067327 1.03518213327 1.03043023327 1.02610073327 0.98190307327 0.98784663327 1.02649323327 1.02924703327 0.99158543327 0.97858033327 0.99196028327 0.65007933327 1.00787803327 0 1.02531613327 1.00177423327 0.66569239327
0.99421370327 0.99308613327 1.03438813327 1.04921623327 0.22904423327 0.23517115327 0.99760653327 1.01133343327 0.76245053327 0.99987697327 1.01017983327 0.53872333327 1.04477723327 1.04800303327 0.34923637327 0.34764635327 0.34605973327 0.75722213327 0.75557858327 0.35707643327 0.35691563327 0.75804523327 0.53913333327 0.75859453327 0.98821968327 0.35611200327 1.02531613327 0 0.19536942327 0.99874083327
0.98784663327 0.96688423327 1.02101593327 1.02845913327 0.22972253327 0.23094502327 0.98784663327 0.99121070327 0.74849793327 0.98412639327 0.99609667327 0.53361779327 1.01829223327 1.02335853327 0.35386649327 0.35130840327 0.35114881327 0.74795603327 0.74741447327 0.36143175327 0.36110827327 0.75284733327 0.53872333327 0.75339283327 0.96434983327 0.35530928327 1.00177423327 0.19536942327 0 0.97051973327
0.44684253327 0.19020144327 0.66739333327 0.68312643327 0.98933989327 0.99121070327 0.97307509327 0.97417289327 0.99571973327 0.97015533327 0.97821213327 0.99949807327 0.65748503327 0.66254363327 0.99571973327 0.98896628327 0.98896628327 0.99458993327 0.99496633327 1.00177423327 1.00481993327 0.99571973327 0.98005527327 0.99685123327 0.29475900327 0.98116338327 0.66569239327 0.99874083327 0.97051973327 0
