0 0.9831119 0.99658537 0.7853693 1.0199828 1.0172604 0.79512084 0.9698763 0.97316337 0.7830931 1.0037951 0.99847597 1.0022715 0.78994244 0.79223955 0.99056727 0.9962078 0.776869 0.7893693 0.9939465 0.9980974 0.98125964 0.7902292 0.9783054 0.77546155 0.7709756 0.9783054 0.97352946 0.9943229 0.99131685
0.9831119 0 0.9920673 0.9500957 0.98907024 0.9831119 0.9706055 0.3872975 0.39032033 0.9611805 1.002652 0.7796917 1.0099207 0.97243166 0.98645765 0.9946995 0.9924427 0.9673296 0.9680563 0.79743385 0.79512084 0.78337723 0.9568702 0.7836615 0.9779369 0.98051995 0.39082533 0.799754 1.0022715 0.19162093
0.99658537 0.9920673 0 0.99131685 0.30319938 0.29782516 1.0180373 1.001891 0.99847597 1.0022715 0.16523567 0.99281836 0.16810805 1.01146 1.0072346 0.24623917 0.25055632 1.0095364 1.0118452 0.9980974 1.0003713 0.99885464 1.018426 0.9950763 1.0381224 1.0195932 0.9931942 1.0095364 0.20833181 0.97499573
0.7853693 0.9500957 0.99131685 0 0.98496884 0.9779369 0.23425435 0.96769285 0.95615417 0.1525057 1.015322 0.96190137 1.0180373 0.2352116 0.23836544 1.0022715 1.0133885 0.15042526 0.1561912 0.9666036 0.9727974 0.98645765 0.45056275 0.97978103 0.43325844 0.44511214 0.9497408 0.96479154 0.99885464 0.94867724
1.0199828 0.98907024 0.30319938 0.98496884 0 0.13183723 1.0099207 0.9962078 0.9943229 0.9958304 0.30755678 0.99545324 0.31042543 0.99357027 0.990942 0.30665317 0.31148508 1.0091523 1.01069 1.0133885 1.0168724 1.0215429 1.0274222 1.0199828 1.0361294 1.018426 0.9860852 1.0015109 0.3009554 0.97978103
1.0172604 0.9831119 0.29782516 0.9779369 0.13183723 0 1.0110749 0.9898184 0.9898184 0.99923354 0.30469906 0.99169195 0.30514956 0.9969631 0.99545324 0.3033492 0.31072804 1.005704 1.0149349 1.0053219 1.0122308 1.0110749 1.0266355 1.0099207 1.0381224 1.0087683 0.9779369 0.9980974 0.30065674 0.9713354
0.79512084 0.9706055 1.0180373 0.23425435 1.0099207 1.0110749 0 0.9969631 0.9827411 0.23466444 1.0405211 0.98051995 1.0353336 0.09758151 0.09849323 1.01146 1.0246727 0.23699258 0.2426374 0.98683035 0.99131685 0.9845971 0.44674316 0.97941184 0.44402677 0.4461991 0.96769285 0.9673296 1.025065 0.97206604
0.9698763 0.3872975 1.001891 0.96769285 0.9962078 0.9898184 0.9969631 0 0.09044022 0.97978103 1.0083846 0.79830307 1.0122308 0.9958304 1.0053219 0.9958304 1.0015109 0.97426224 0.9783054 0.81709075 0.81857854 0.78879654 0.9894442 0.79540956 0.98832285 0.9783054 0.28616497 0.79512084 0.99961257 0.37979326
0.97316337 0.39032033 0.99847597 0.95615417 0.9943229 0.9898184 0.9827411 0.09044022 0 0.9604604 1.0099207 0.79598737 1.01069 0.98869646 0.9950763 0.99281836 0.99658537 0.9593815 0.96841997 0.811759 0.812645 0.7902292 0.99658537 0.79743385 0.9845971 0.98125964 0.28455567 0.7913773 0.99545324 0.38311923
0.7830931 0.9611805 1.0022715 0.1525057 0.9958304 0.99923354 0.23466444 0.97978103 0.9604604 0 1.0242808 0.9637064 1.0238891 0.2341177 0.23822805 0.99281836 1.0068517 0.087962374 0.09224745 0.9779369 0.9827411 0.9920673 0.4558696 0.982 0.44078 0.44965157 0.9655158 0.9713354 1.0041765 0.9590223
1.0037951 1.002652 0.16523567 1.015322 0.30755678 0.30469906 1.0405211 1.0083846 1.0099207 1.0242808 0 1.0003713 0.08325454 1.0286036 1.0246727 0.25125498 0.2556012 1.0385218 1.0421246 1.0195932 1.0172604 1.0091523 1.0289978 1.0030329 1.0616379 1.0381224 0.98757625 1.0199828 0.21097685 0.9831119
0.99847597 0.7796917 0.99281836 0.96190137 0.99545324 0.99169195 0.98051995 0.79830307 0.79598737 0.9637064 1.0003713 0 1.0064689 0.9857129 0.9931942 1.000751 1.0072346 0.9680563 0.9727974 0.52166253 0.52427334 0.6202947 0.9894442 0.6205234 0.9768326 0.9779369 0.79888314 0.6118817 0.9894442 0.77940893
1.0022715 1.0099207 0.16810805 1.0180373 0.31042543 0.30514956 1.0353336 1.0122308 1.01069 1.0238891 0.08325454 1.0064689 0 1.0238891 1.0188149 0.25139478 0.2575723 1.0345387 1.0401208 1.0337447 1.0258498 1.0172604 1.0325551 1.01069 1.0453417 1.033348 0.99999183 1.0227151 0.21376422 0.99056727
0.78994244 0.97243166 1.01146 0.2352116 0.99357027 0.9969631 0.09758151 0.9958304 0.98869646 0.2341177 1.0286036 0.9857129 1.0238891 0 0.074920505 1.0110749 1.019204 0.23603305 0.24167064 0.9950763 1.0030329 0.9713354 0.4545852 0.9673296 0.4458366 0.45019814 0.9695119 0.9611805 1.0231062 0.97206604
0.79223955 0.98645765 1.0072346 0.23836544 0.990942 0.99545324 0.09849323 1.0053219 0.9950763 0.23822805 1.0246727 0.9931942 1.0188149 0.074920505 0 0.99885464 1.0103053 0.24001622 0.24623917 0.9962078 1.0011308 0.98125964 0.45238847 0.97499573 0.4443884 0.4500159 0.98496884 0.9655158 1.0164845 0.9783054
0.99056727 0.9946995 0.24623917 1.0022715 0.30665317 0.3033492 1.01146 0.9958304 0.99281836 0.99281836 0.25125498 1.000751 0.25139478 1.0110749 0.99885464 0 0.07436818 1.01069 1.0137748 1.0118452 1.0103053 1.0103053 1.0149349 1.0099207 1.033348 1.005704 0.982 1.0095364 0.23836544 0.97867405
0.9962078 0.9924427 0.25055632 1.0133885 0.31148508 0.31072804 1.0246727 1.0015109 0.99658537 1.0068517 0.2556012 1.0072346 0.2575723 1.019204 1.0103053 0.07436818 0 1.0227151 1.0254573 1.0231062 1.0215429 1.0126165 1.0337447 1.0076177 1.0473596 1.019204 0.98757625 1.0133885 0.2436054 0.9853408
0.776869 0.9673296 1.0095364 0.15042526 1.0091523 1.005704 0.23699258 0.97426224 0.9593815 0.087962374 1.0385218 0.9680563 1.0345387 0.23603305 0.24001622 1.01069 1.0227151 0 0.058200933 0.9779369 0.9808897 0.9872032 0.45129248 0.9816297 0.4389823 0.44456926 0.9575869 0.9691478 1.0103053 0.96298385
0.7893693 0.9680563 1.0118452 0.1561912 1.01069 1.0149349 0.2426374 0.9783054 0.96841997 0.09224745 1.0421246 0.9727974 1.0401208 0.24167064 0.24623917 1.0137748 1.0254573 0.058200933 0 0.9808897 0.9831119 0.9946995 0.458445 0.99056727 0.44384602 0.45440188 0.9554389 0.9808897 1.0164845 0.9655158
0.9939465 0.79743385 0.9980974 0.9666036 1.0133885 1.0053219 0.98683035 0.81709075 0.811759 0.9779369 1.0195932 0.52166253 1.0337447 0.9950763 0.9962078 1.0118452 1.0231062 0.9779369 0.9808897 0 0.046300177 0.6093986 0.99169195 0.61256033 0.9931942 0.99658537 0.79743385 0.61482686 1.0083846 0.8041238
0.9980974 0.79512084 1.0003713 0.9727974 1.0168724 1.0122308 0.99131685 0.81857854 0.812645 0.9827411 1.0172604 0.52427334 1.0258498 1.0030329 1.0011308 1.0103053 1.0215429 0.9808897 0.9831119 0.046300177 0 0.6193806 0.98832285 0.6221262 0.9898184 1.0011308 0.7977235 0.6202947 1.0076177 0.800626
0.98125964 0.78337723 0.99885464 0.98645765 1.0215429 1.0110749 0.9845971 0.78879654 0.7902292 0.9920673 1.0091523 0.6202947 1.0172604 0.9713354 0.98125964 1.0103053 1.0126165 0.9872032 0.9946995 0.6093986 0.6193806 0 0.9801504 0.042798225 0.9939465 0.98237044 0.7791263 0.21722966 0.99734104 0.7729349
0.7902292 0.9568702 1.018426 0.45056275 1.0274222 1.0266355 0.44674316 0.9894442 0.99658537 0.4558696 1.0289978 0.9894442 1.0325551 0.4545852 0.45238847 1.0149349 1.0337447 0.45129248 0.458445 0.99169195 0.98832285 0.9801504 0 0.9783054 0.41913706 0.41547385 0.97426224 0.9764649 1.033348 0.9637064
0.9783054 0.7836615 0.9950763 0.97978103 1.0199828 1.0099207 0.97941184 0.79540956 0.79743385 0.982 1.0030329 0.6205234 1.01069 0.9673296 0.97499573 1.0099207 1.0076177 0.9816297 0.99056727 0.61256033 0.6221262 0.042798225 0.9783054 0 0.9939465 0.9816297 0.78508437 0.21509518 0.99357027 0.77405685
0.77546155 0.9779369 1.0381224 0.43325844 1.0361294 1.0381224 0.44402677 0.98832285 0.9845971 0.44078 1.0616379 0.9768326 1.0453417 0.4458366 0.4443884 1.033348 1.0473596 0.4389823 0.44384602 0.9931942 0.9898184 0.9939465 0.41913706 0.9939465 0 0.32601598 0.9901927 0.9872032 1.0457449 0.9943229
0.7709756 0.98051995 1.0195932 0.44511214 1.018426 1.0087683 0.4461991 0.9783054 0.98125964 0.44965157 1.0381224 0.9779369 1.033348 0.45019814 0.4500159 1.005704 1.019204 0.44456926 0.45440188 0.99658537 1.0011308 0.98237044 0.41547385 0.9816297 0.32601598 0 0.99169195 0.9764649 1.0195932 0.98348296
0.9783054 0.39082533 0.9931942 0.9497408 0.9860852 0.9779369 0.96769285 0.28616497 0.28455567 0.9655158 0.98757625 0.79888314 0.99999183 0.9695119 0.98496884 0.982 0.98757625 0.9575869 0.9554389 0.79743385 0.7977235 0.7791263 0.97426224 0.78508437 0.9901927 0.99169195 0 0.7902292 0.9946995 0.39099374
0.97352946 0.799754 1.0095364 0.96479154 1.0015109 0.9980974 0.9673296 0.79512084 0.7913773 0.9713354 1.0199828 0.6118817 1.0227151 0.9611805 0.9655158 1.0095364 1.0133885 0.9691478 0.9808897 0.61482686 0.6202947 0.21722966 0.9764649 0.21509518 0.9872032 0.9764649 0.7902292 0 0.9969631 0.78736657
0.9943229 1.0022715 0.20833181 0.99885464 0.3009554 0.30065674 1.025065 0.99961257 0.99545324 1.0041765 0.21097685 0.9894442 0.21376422 1.0231062 1.0164845 0.23836544 0.2436054 1.0103053 1.0164845 1.0083846 1.0076177 0.99734104 1.033348 0.99357027 1.0457449 1.0195932 0.9946995 0.9969631 0 0.98645765
0.99131685 0.19162093 0.97499573 0.94867724 0.97978103 0.9713354 0.97206604 0.37979326 0.38311923 0.9590223 0.9831119 0.77940893 0.99056727 0.97206604 0.9783054 0.97867405 0.9853408 0.96298385 0.9655158 0.8041238 0.800626 0.7729349 0.9637064 0.77405685 0.9943229 0.98348296 0.39099374 0.78736657 0.98645765 0
