0 0.5871945 0.58435565 0.8884545 0.8953518 0.8812961 0.8812961 0.89469224 0.8904187 0.9808897 0.8884545 0.5733213 0.89865875 0.99999183 1.0011308 0.59004414 0.58807015 0.59180313 0.5915831 0.9779369 0.9779369 0.891731 0.99999183 0.891731 1.0011308 0.88682157 0.99885464 0.891731 0.8722831 0.9980974
0.5871945 0 0.16673292 0.8812961 0.8754896 0.8643263 0.8738847 0.8973342 0.8864954 0.99847597 0.8783872 0.5426017 0.8842163 1.0087683 1.014548 0.43201217 0.43290216 0.5557034 0.5573836 1.000751 0.99999183 0.8774201 0.9872032 0.8783872 1.0180373 0.87484723 1.0133885 0.890091 0.8643263 1.0072346
0.58435565 0.16673292 0 0.8851922 0.8855178 0.8738847 0.88259256 0.8970035 0.8943626 0.9980974 0.88682157 0.54860425 0.88943595 1.0049399 1.0110749 0.43290216 0.43379322 0.56202364 0.5637181 0.99999183 0.99847597 0.8809723 0.98869646 0.88194406 1.0262426 0.891731 1.0188149 0.8874743 0.86972773 1.001891
0.8884545 0.8812961 0.8851922 0 0.4979826 0.12791333 0.12910022 0.51547325 0.5174642 0.98496884 0.50736505 0.864643 0.50992644 1.0011308 0.99923354 0.88226825 0.8842163 0.8835664 0.8832416 0.98645765 0.9860852 0.39166775 0.9691478 0.3914992 0.99734104 0.2774287 1.0110749 0.50579315 0.19589372 1.01146
0.8953518 0.8754896 0.8855178 0.4979826 0 0.49488103 0.49934357 0.43736804 0.44096002 0.9651536 0.110795185 0.8523914 0.11393157 0.96841997 0.9658782 0.86909026 0.86972773 0.85582674 0.85707986 0.97316337 0.9713354 0.49488103 0.96298385 0.4960426 0.9808897 0.49934357 0.9801504 0.22071119 0.49410763 0.9738958
0.8812961 0.8643263 0.8738847 0.12791333 0.49488103 0 0.09519352 0.50736505 0.50972915 0.9706055 0.5022683 0.84587634 0.50285465 0.97941184 0.97978103 0.8599071 0.8649598 0.8662283 0.8703658 0.9709704 0.9709704 0.38595793 0.9575869 0.38629258 0.9872032 0.27295452 0.9816297 0.50775856 0.19045985 0.9977191
0.8812961 0.8738847 0.88259256 0.12910022 0.49934357 0.09519352 0 0.513091 0.50992644 0.9872032 0.5069718 0.8514572 0.5089403 0.9950763 0.99056727 0.86654574 0.8722831 0.8684533 0.8713238 0.9894442 0.9894442 0.3884716 0.9706055 0.38863948 0.9977191 0.27482754 1.0053219 0.5075618 0.19368954 1.0110749
0.89469224 0.8973342 0.8970035 0.51547325 0.43736804 0.50736505 0.513091 0 0.08213797 1.015322 0.4398806 0.8640098 0.43647274 1.0003713 0.99885464 0.8858435 0.8864954 0.8713238 0.8716434 1.0091523 1.0080011 0.51607 0.97573 0.5168664 1.0103053 0.5186613 1.0122308 0.44674316 0.50579315 1.0110749
0.8904187 0.8864954 0.8943626 0.5174642 0.44096002 0.50972915 0.50992644 0.08213797 0 1.0164845 0.44042012 0.85864925 0.43808508 0.99169195 0.9898184 0.88064873 0.8793556 0.8738847 0.8754896 1.01069 1.0118452 0.51487696 0.9768326 0.5156721 1.0072346 0.51646805 1.0003713 0.44928738 0.50579315 0.99961257
0.9808897 0.99847597 0.9980974 0.98496884 0.9651536 0.9706055 0.9872032 1.015322 1.0164845 0 0.9831119 0.97978103 0.98237044 0.52952236 0.52810556 0.97426224 0.98237044 1.0011308 0.99999183 0.061450038 0.060257066 1.0003713 0.30605137 1.001891 0.30319938 1.0037951 0.5204606 0.9860852 0.9593815 0.52427334
0.8884545 0.8783872 0.88682157 0.50736505 0.110795185 0.5022683 0.5069718 0.4398806 0.44042012 0.9831119 0 0.85645306 0.04460022 0.98794943 0.98125964 0.8713238 0.8726031 0.85896355 0.85959244 0.98496884 0.98348296 0.50129217 0.9695119 0.5010971 0.9946995 0.5065787 0.9920673 0.2219201 0.5046164 0.98645765
0.5733213 0.5426017 0.54860425 0.864643 0.8523914 0.84587634 0.8514572 0.8640098 0.85864925 0.97978103 0.85645306 0 0.85959244 0.9838541 0.98794943 0.54425275 0.54570043 0.36990303 0.3717065 0.98125964 0.97867405 0.85770726 0.9931942 0.8592779 0.9939465 0.85707986 1.001891 0.8643263 0.8505242 1.0015109
0.89865875 0.8842163 0.88943595 0.50992644 0.11393157 0.50285465 0.5089403 0.43647274 0.43808508 0.98237044 0.04460022 0.85959244 0 0.99961257 0.9931942 0.87581104 0.87581104 0.8605368 0.85959244 0.9853408 0.98348296 0.5067752 0.9709704 0.5071684 0.99357027 0.5083492 0.99847597 0.22326563 0.5055969 0.9943229
0.99999183 1.0087683 1.0049399 1.0011308 0.96841997 0.97941184 0.9950763 1.0003713 0.99169195 0.52952236 0.98794943 0.9838541 0.99961257 0 0.032285016 0.9939465 1.0037951 0.9962078 0.9920673 0.5250785 0.5240722 0.99056727 0.52186304 0.9924427 0.5419835 0.99658537 0.26550886 0.99923354 0.98645765 0.1750217
1.0011308 1.014548 1.0110749 0.99923354 0.9658782 0.97978103 0.99056727 0.99885464 0.9898184 0.52810556 0.98125964 0.98794943 0.9931942 0.032285016 0 1.0037951 1.0130024 1.0053219 1.0011308 0.5240722 0.5228664 0.9931942 0.51806253 0.9958304 0.5403374 0.99658537 0.26451218 0.99357027 0.9831119 0.1752743
0.59004414 0.43201217 0.43290216 0.88226825 0.86909026 0.8599071 0.86654574 0.8858435 0.88064873 0.97426224 0.8713238 0.54425275 0.87581104 0.9939465 1.0037951 0 0.029679582 0.5694652 0.5720337 0.97573 0.9764649 0.8864954 0.98683035 0.8874743 0.9924427 0.88226825 1.0103053 0.8884545 0.85488826 0.9962078
0.58807015 0.43290216 0.43379322 0.8842163 0.86972773 0.8649598 0.8722831 0.8864954 0.8793556 0.98237044 0.8726031 0.54570043 0.87581104 1.0037951 1.0130024 0.029679582 0 0.56818426 0.5709624 0.9842255 0.98496884 0.8855178 0.9969631 0.88682157 1.0076177 0.88259256 1.0180373 0.8923881 0.85582674 1.0076177
0.59180313 0.5557034 0.56202364 0.8835664 0.85582674 0.8662283 0.8684533 0.8713238 0.8738847 1.0011308 0.85896355 0.36990303 0.8605368 0.9962078 1.0053219 0.5694652 0.56818426 0 0.013928539 0.99999183 0.99847597 0.88064873 0.9842255 0.8790327 0.9924427 0.8700467 1.0030329 0.86909026 0.8489717 1.0122308
0.5915831 0.5573836 0.5637181 0.8832416 0.85707986 0.8703658 0.8713238 0.8716434 0.8754896 0.99999183 0.85959244 0.3717065 0.85959244 0.9920673 1.0011308 0.5720337 0.5709624 0.013928539 0 1.0003713 0.99847597 0.88194406 0.982 0.8809723 0.98496884 0.8694089 1.001891 0.8694089 0.8502134 1.0064689
0.9779369 1.000751 0.99999183 0.98645765 0.97316337 0.9709704 0.9894442 1.0091523 1.01069 0.061450038 0.98496884 0.98125964 0.9853408 0.5250785 0.5240722 0.97573 0.9842255 0.99999183 1.0003713 0 0.009358142 1.0022715 0.3011048 1.0034139 0.30050746 1.0087683 0.51447976 0.9838541 0.96190137 0.5202605
0.9779369 0.99999183 0.99847597 0.9860852 0.9713354 0.9709704 0.9894442 1.0080011 1.0118452 0.060257066 0.98348296 0.97867405 0.98348296 0.5240722 0.5228664 0.9764649 0.98496884 0.99847597 0.99847597 0.009358142 0 1.0011308 0.30035818 1.001891 0.30020893 1.0045581 0.51229864 0.9827411 0.9593815 0.5198604
0.891731 0.8774201 0.8809723 0.39166775 0.49488103 0.38595793 0.3884716 0.51607 0.51487696 1.0003713 0.50129217 0.85770726 0.5067752 0.99056727 0.9931942 0.8864954 0.8855178 0.88064873 0.88194406 1.0022715 1.0011308 0 0.9695119 0.0047147884 0.9924427 0.40270612 1.0022715 0.5152744 0.38998386 1.0149349
0.99999183 0.9872032 0.98869646 0.9691478 0.96298385 0.9575869 0.9706055 0.97573 0.9768326 0.30605137 0.9695119 0.9931942 0.9709704 0.52186304 0.51806253 0.98683035 0.9969631 0.9842255 0.982 0.3011048 0.30035818 0.9695119 0 0.9727974 0.31118217 0.9943229 0.5142812 0.9753628 0.9611805 0.5170656
0.891731 0.8783872 0.88194406 0.3914992 0.4960426 0.38629258 0.38863948 0.5168664 0.5156721 1.001891 0.5010971 0.8592779 0.5071684 0.9924427 0.9958304 0.8874743 0.88682157 0.8790327 0.8809723 1.0034139 1.001891 0.0047147884 0.9727974 0 0.9920673 0.40321952 1.001891 0.51646805 0.38964754 1.0164845
1.0011308 1.0180373 1.0262426 0.99734104 0.9808897 0.9872032 0.9977191 1.0103053 1.0072346 0.30319938 0.9946995 0.9939465 0.99357027 0.5419835 0.5403374 0.9924427 1.0076177 0.9924427 0.98496884 0.30050746 0.30020893 0.9924427 0.31118217 0.9920673 0 1.002652 0.53297436 0.9920673 0.9920673 0.5393104
0.88682157 0.87484723 0.891731 0.2774287 0.49934357 0.27295452 0.27482754 0.5186613 0.51646805 1.0037951 0.5065787 0.85707986 0.5083492 0.99658537 0.99658537 0.88226825 0.88259256 0.8700467 0.8694089 1.0087683 1.0045581 0.40270612 0.9943229 0.40321952 1.002652 0 0.99545324 0.5204606 0.27641606 1.0122308
0.99885464 1.0133885 1.0188149 1.0110749 0.9801504 0.9816297 1.0053219 1.0122308 1.0003713 0.5204606 0.9920673 1.001891 0.99847597 0.26550886 0.26451218 1.0103053 1.0180373 1.0030329 1.001891 0.51447976 0.51229864 1.0022715 0.5142812 1.001891 0.53297436 0.99545324 0 0.99658537 0.9898184 0.26722056
0.891731 0.890091 0.8874743 0.50579315 0.22071119 0.50775856 0.5075618 0.44674316 0.44928738 0.9860852 0.2219201 0.8643263 0.22326563 0.99923354 0.99357027 0.8884545 0.8923881 0.86909026 0.8694089 0.9838541 0.9827411 0.5152744 0.9753628 0.51646805 0.9920673 0.5204606 0.99658537 0 0.5107164 1.0003713
0.8722831 0.8643263 0.86972773 0.19589372 0.49410763 0.19045985 0.19368954 0.50579315 0.50579315 0.9593815 0.5046164 0.8505242 0.5055969 0.98645765 0.9831119 0.85488826 0.85582674 0.8489717 0.8502134 0.96190137 0.9593815 0.38998386 0.9611805 0.38964754 0.9920673 0.27641606 0.9898184 0.5107164 0 0.9977191
0.9980974 1.0072346 1.001891 1.01146 0.9738958 0.9977191 1.0110749 1.0110749 0.99961257 0.52427334 0.98645765 1.0015109 0.9943229 0.1750217 0.1752743 0.9962078 1.0076177 1.0122308 1.0064689 0.5202605 0.5198604 1.0149349 0.5170656 1.0164845 0.5393104 1.0122308 0.26722056 1.0003713 0.9977191 0
