0 0.98051995 1.001891 0.9872032 1.0080011 0.9958304 0.58544624 0.99885464 0.9939465 0.97499573 0.99281836 0.99545324 0.9901927 0.5789264 0.58850837 0.98645765 0.982 0.9958304 0.9943229 0.98907024 0.9946995 1.01146 1.0045581 1.0091523 0.9860852 0.9901927 0.98496884 0.9920673 0.9857129 0.982
0.98051995 0 0.42088777 0.31604344 0.31619588 0.31863886 0.97941184 0.2431904 0.33957478 0.33627945 0.7330929 0.74677104 0.7243734 0.98757625 0.990942 0.23781599 0.23534843 0.7307048 0.7293813 0.3163483 0.31940395 0.43432835 0.7193987 0.4352211 0.469958 0.47370988 0.33863178 0.72858834 0.2616718 0.4170416
1.001891 0.42088777 0 0.42475376 0.42810866 0.42917123 0.99131685 0.42740113 0.4313009 0.42740113 0.7535683 0.75056994 0.73709005 1.002652 0.9939465 0.4224669 0.41913706 0.75056994 0.7475835 0.4236974 0.42492995 0.20045221 0.73495555 0.20175974 0.48108047 0.47804788 0.43290216 0.7429914 0.42229128 0.25167447
0.9872032 0.31604344 0.42475376 0 0.1844254 0.1841697 0.9779369 0.32001656 0.34288466 0.33988938 0.72991043 0.750842 0.72726864 0.99169195 0.99658537 0.31695846 0.3143688 0.7400349 0.7346892 0.19875582 0.19940782 0.4389823 0.7262145 0.43862328 0.47559288 0.4769138 0.3411491 0.7320306 0.30891424 0.42036211
1.0080011 0.31619588 0.42810866 0.1844254 0 0.16311966 0.9746289 0.31148508 0.33973208 0.33863178 0.7419149 0.75384146 0.73495555 1.001891 1.0030329 0.30997178 0.30951837 0.74541897 0.7429914 0.19524476 0.19407804 0.4336149 0.73735726 0.43486387 0.47578144 0.47108158 0.33565342 0.7386949 0.30906525 0.42036211
0.9958304 0.31863886 0.42917123 0.1841697 0.16311966 0 0.9768326 0.31909782 0.3392603 0.33565342 0.73789203 0.7502979 0.7296458 0.9950763 0.9898184 0.31711105 0.31573868 0.7386949 0.7362889 0.19472599 0.19446675 0.44096002 0.7264779 0.44150028 0.4797522 0.47729164 0.33346638 0.73575526 0.31042543 0.42106307
0.58544624 0.97941184 0.99131685 0.9779369 0.9746289 0.9768326 0 0.97426224 0.9706055 0.9687838 0.99357027 0.99545324 0.98794943 0.15373218 0.15275083 0.97609735 0.9775687 0.99545324 0.99169195 0.9783054 0.9727974 1.002652 0.9738958 1.0022715 0.96769285 1.002652 0.96010065 0.98869646 0.9626228 0.9779369
0.99885464 0.2431904 0.42740113 0.32001656 0.31148508 0.31909782 0.97426224 0 0.3326868 0.33190808 0.72568804 0.7481256 0.7193987 0.9727974 0.97206604 0.099977136 0.095079996 0.7312348 0.72489893 0.31695846 0.3189448 0.43952116 0.7227989 0.4400604 0.47578144 0.47823706 0.3425688 0.7264779 0.26394325 0.4166929
0.9939465 0.33957478 0.4313009 0.34288466 0.33973208 0.3392603 0.9706055 0.3326868 0 0.08706336 0.73149997 0.7543881 0.7243734 0.9801504 0.98496884 0.33315444 0.32942155 0.7309697 0.7267414 0.33988938 0.34320065 0.43970087 0.7301751 0.43880278 0.4771027 0.4769138 0.28484803 0.732296 0.33175245 0.42492995
0.97499573 0.33627945 0.42740113 0.33988938 0.33863178 0.33565342 0.9687838 0.33190808 0.08706336 0 0.7262145 0.74677104 0.71887696 0.98683035 0.98832285 0.3305084 0.3270979 0.7227989 0.71992075 0.33659267 0.33973208 0.4355785 0.72253674 0.43539977 0.4761587 0.47729164 0.27931294 0.72832423 0.33144122 0.42229128
0.99281836 0.7330929 0.7535683 0.72991043 0.7419149 0.73789203 0.99357027 0.72568804 0.73149997 0.7262145 0 0.41983685 0.08146882 1.000751 1.000751 0.7341567 0.72885257 0.14713283 0.14713283 0.73709005 0.73842716 0.7701374 0.3970817 0.77489936 0.7432607 0.74677104 0.7291169 0.27482754 0.7333587 0.7341567
0.99545324 0.74677104 0.75056994 0.750842 0.75384146 0.7502979 0.99545324 0.7481256 0.7543881 0.74677104 0.41983685 0 0.41529983 1.0110749 1.001891 0.7478545 0.7478545 0.41582194 0.41321507 0.76429653 0.76623845 0.75302225 0.4180886 0.75603044 0.7365559 0.75002605 0.74406934 0.41983685 0.74893945 0.7408401
0.9901927 0.7243734 0.73709005 0.72726864 0.73495555 0.7296458 0.98794943 0.7193987 0.7243734 0.71887696 0.08146882 0.41529983 0 0.99169195 0.99545324 0.72858834 0.7243734 0.14179818 0.14107366 0.7296458 0.7301751 0.75466156 0.39234236 0.7585007 0.73522204 0.72991043 0.7209661 0.26679227 0.72018194 0.72253674
0.5789264 0.98757625 1.002652 0.99169195 1.001891 0.9950763 0.15373218 0.9727974 0.9801504 0.98683035 1.000751 1.0110749 0.99169195 0 0.07062313 0.97720057 0.9783054 1.002652 0.99999183 0.98907024 0.98907024 1.0137748 0.9920673 1.0095364 0.9790429 1.01146 0.96841997 0.990942 0.9727974 0.98907024
0.58850837 0.990942 0.9939465 0.99658537 1.0030329 0.9898184 0.15275083 0.97206604 0.98496884 0.98832285 1.000751 1.001891 0.99545324 0.07062313 0 0.98051995 0.9816297 1.000751 0.9962078 0.99545324 0.9939465 1.0164845 0.98869646 1.0126165 0.98051995 1.01069 0.9783054 0.990942 0.9698763 0.98907024
0.98645765 0.23781599 0.4224669 0.31695846 0.30997178 0.31711105 0.97609735 0.099977136 0.33315444 0.3305084 0.7341567 0.7478545 0.72858834 0.97720057 0.98051995 0 0.05270956 0.7362889 0.7293813 0.31087938 0.31315327 0.44024023 0.7280602 0.4400604 0.4662248 0.46958384 0.33627945 0.73522204 0.25940725 0.41826323
0.982 0.23534843 0.41913706 0.3143688 0.30951837 0.31573868 0.9775687 0.095079996 0.32942155 0.3270979 0.72885257 0.7478545 0.7243734 0.9783054 0.9816297 0.05270956 0 0.7338906 0.72568804 0.31103078 0.31360888 0.4355785 0.7220128 0.43504247 0.46417943 0.46436512 0.3337784 0.72885257 0.25588247 0.41425672
0.9958304 0.7307048 0.75056994 0.7400349 0.74541897 0.7386949 0.99545324 0.7312348 0.7309697 0.7227989 0.14713283 0.41582194 0.14179818 1.002652 1.000751 0.7362889 0.7338906 0 0.04417583 0.7429914 0.74406934 0.7640195 0.39453906 0.7681854 0.7446089 0.7459595 0.7320306 0.2690793 0.7262145 0.74164605
0.9943229 0.7293813 0.7475835 0.7346892 0.7429914 0.7362889 0.99169195 0.72489893 0.7267414 0.71992075 0.14713283 0.41321507 0.14107366 0.99999183 0.9962078 0.7293813 0.72568804 0.04417583 0 0.73923063 0.7394986 0.75960124 0.392005 0.76512814 0.742453 0.7368229 0.7275324 0.26965213 0.72148925 0.73709005
0.98907024 0.3163483 0.4236974 0.19875582 0.19524476 0.19472599 0.9783054 0.31695846 0.33988938 0.33659267 0.73709005 0.76429653 0.7296458 0.98907024 0.99545324 0.31087938 0.31103078 0.7429914 0.73923063 0 0.031867538 0.43076792 0.7312348 0.43165645 0.4731459 0.472958 0.33706275 0.7362889 0.3098206 0.4147781
0.9946995 0.31940395 0.42492995 0.19940782 0.19407804 0.19446675 0.9727974 0.3189448 0.34320065 0.33973208 0.73842716 0.76623845 0.7301751 0.98907024 0.9939465 0.31315327 0.31360888 0.74406934 0.7394986 0.031867538 0 0.43254602 0.7344229 0.4336149 0.47597006 0.4752159 0.33894598 0.73842716 0.31148508 0.41582194
1.01146 0.43432835 0.20045221 0.4389823 0.4336149 0.44096002 1.002652 0.43952116 0.43970087 0.4355785 0.7701374 0.75302225 0.75466156 1.0137748 1.0164845 0.44024023 0.4355785 0.7640195 0.75960124 0.43076792 0.43254602 0 0.74406934 0.012707041 0.4946876 0.49256322 0.44312346 0.75165886 0.43325844 0.26110503
1.0045581 0.7193987 0.73495555 0.7262145 0.73735726 0.7264779 0.9738958 0.7227989 0.7301751 0.72253674 0.3970817 0.4180886 0.39234236 0.9920673 0.98869646 0.7280602 0.7220128 0.39453906 0.392005 0.7312348 0.7344229 0.74406934 0 0.7459595 0.72779626 0.7293813 0.72726864 0.39725155 0.72253674 0.72568804
1.0091523 0.4352211 0.20175974 0.43862328 0.43486387 0.44150028 1.0022715 0.4400604 0.43880278 0.43539977 0.77489936 0.75603044 0.7585007 1.0095364 1.0126165 0.4400604 0.43504247 0.7681854 0.76512814 0.43165645 0.4336149 0.012707041 0.7459595 0 0.49372122 0.4919849 0.442582 0.7563045 0.43397155 0.2616718
0.9860852 0.469958 0.48108047 0.47559288 0.47578144 0.4797522 0.96769285 0.47578144 0.4771027 0.4761587 0.7432607 0.7365559 0.73522204 0.9790429 0.98051995 0.4662248 0.46417943 0.7446089 0.742453 0.4731459 0.47597006 0.4946876 0.72779626 0.49372122 0 0.31543407 0.4675293 0.74030316 0.46883607 0.47070688
0.9901927 0.47370988 0.47804788 0.4769138 0.47108158 0.47729164 1.002652 0.47823706 0.4769138 0.47729164 0.74677104 0.75002605 0.72991043 1.01146 1.01069 0.46958384 0.46436512 0.7459595 0.7368229 0.472958 0.4752159 0.49256322 0.7293813 0.4919849 0.31543407 0 0.471269 0.7429914 0.46715635 0.4718316
0.98496884 0.33863178 0.43290216 0.3411491 0.33565342 0.33346638 0.96010065 0.3425688 0.28484803 0.27931294 0.7291169 0.74406934 0.7209661 0.96841997 0.9783054 0.33627945 0.3337784 0.7320306 0.7275324 0.33706275 0.33894598 0.44312346 0.72726864 0.442582 0.4675293 0.471269 0 0.723061 0.3353406 0.42475376
0.9920673 0.72858834 0.7429914 0.7320306 0.7386949 0.73575526 0.98869646 0.7264779 0.732296 0.72832423 0.27482754 0.41983685 0.26679227 0.990942 0.990942 0.73522204 0.72885257 0.2690793 0.26965213 0.7362889 0.73842716 0.75165886 0.39725155 0.7563045 0.74030316 0.7429914 0.723061 0 0.7317652 0.7262145
0.9857129 0.2616718 0.42229128 0.30891424 0.30906525 0.31042543 0.9626228 0.26394325 0.33175245 0.33144122 0.7333587 0.74893945 0.72018194 0.9727974 0.9698763 0.25940725 0.25588247 0.7262145 0.72148925 0.3098206 0.31148508 0.43325844 0.72253674 0.43397155 0.46883607 0.46715635 0.3353406 0.7317652 0 0.41165528
0.982 0.4170416 0.25167447 0.42036211 0.42036211 0.42106307 0.9779369 0.4166929 0.42492995 0.42229128 0.7341567 0.7408401 0.72253674 0.98907024 0.98907024 0.41826323 0.41425672 0.74164605 0.73709005 0.4147781 0.41582194 0.26110503 0.72568804 0.2616718 0.47070688 0.4718316 0.42475376 0.7262145 0.41165528 0
