0 0.9952449545 0.9986394945 0.9971288545 0.9990175545 0.9990175545 1.0077673545 1.0054749545 0.9963747545 1.0089161545 1.0050935545 1.0135292545 0.3966841045 0.3951609145 0.3953300045 0.3997397945 1.0077673545 1.0058565545 1.0031894545 1.0062383545 1.0066203545 0.3961760345 1.0135292545 0.3968535345 1.0089161545 1.0201133545 1.0123733545 1.0119884545 1.0143008545 0.3946538845
0.9952449545 0 0.0698368745 0.2729589945 0.2743968945 0.1739245745 0.1773311045 0.2800311145 0.2777145145 0.6241126545 0.6356726545 0.6261803145 0.9858955545 0.9903686945 0.9918657245 0.9963747545 0.2065999645 0.2823549145 0.2809016945 0.2069945145 0.2062056045 0.9866392545 0.6303329145 0.9885016545 0.6118247145 0.3363263545 0.3285510245 0.3308751845 0.3313408745 0.9982615545
0.9986394945 0.0698368745 0 0.2688046545 0.2700914745 0.1735470245 0.1760676145 0.2764145745 0.2733900845 0.6222794545 0.6307957545 0.6261803145 0.9967516945 1.0005319945 1.0039504545 1.0089161545 0.2042369245 0.2794513045 0.2778590845 0.2055488045 0.2042369245 0.9911168545 0.6312588145 0.9929904045 0.6084468545 0.3347648345 0.3248473045 0.3277779145 0.3294798545 1.0054749545
0.9971288545 0.2729589945 0.2688046545 0 0.0575566645 0.2605643845 0.2645311345 0.2307848345 0.2299704945 0.6168066545 0.6243421145 0.6282537545 0.9944926545 0.9956213545 0.9971288545 1.0077673545 0.2624034845 0.2350063545 0.2343238545 0.2621202545 0.2612712045 1.0009110245 0.6243421145 1.0028093545 0.6055316045 0.3311856045 0.3283963545 0.3276233945 0.3304097545 1.0024292545
0.9990175545 0.2743968945 0.2700914745 0.0575566645 0 0.2628285245 0.2668073145 0.2367837745 0.2341874245 0.6199942545 0.6254904545 0.6220506145 0.9911168545 0.9929904045 0.9975062545 1.0073847545 0.2663800045 0.2389771445 0.2385653945 0.2659529545 0.2649573945 0.9982615545 0.6266405845 0.9990175545 0.6088963545 0.3350768545 0.3316515045 0.3318068545 0.3341411345 0.9993958545
0.9990175545 0.1739245745 0.1735470245 0.2605643845 0.2628285245 0 0.0381911365 0.2723846145 0.2702345845 0.6149912145 0.6245716545 0.6188542545 0.9914911545 0.9937411545 0.9941168145 0.9990175545 0.2001846245 0.2736776145 0.2732463745 0.2013588545 0.1999239445 0.9896213045 0.6275619545 0.9907426545 0.6026276545 0.3263883245 0.3199373145 0.3194786545 0.3210086545 0.9952449545
1.0077673545 0.1773311045 0.1760676145 0.2645311345 0.2668073145 0.0381911365 0 0.2751168545 0.2718106745 0.6215931545 0.6312588145 0.6206790545 0.9997744245 1.0050935545 1.0050935545 1.0116037545 0.2048925745 0.2743968945 0.2735338145 0.2059428045 0.2044991245 1.0024292545 0.6317222545 1.0035699545 0.6075486245 0.3308751845 0.3253092745 0.3245395145 0.3265425845 1.0066203545
1.0054749545 0.2800311145 0.2764145745 0.2307848345 0.2367837745 0.2723846145 0.2751168545 0 0.0342101245 0.6225083545 0.6284844545 0.6241126545 0.9855239545 0.9903686945 0.9926153045 0.9948687245 0.2689475345 0.0561567045 0.0555114495 0.2685190145 0.2678053345 0.9978838245 0.6254904545 0.9993958545 0.6129540545 0.3316515045 0.3274688945 0.3274688945 0.3304097545 1.0012902845
0.9963747545 0.2777145145 0.2733900845 0.2299704945 0.2341874245 0.2702345845 0.2718106745 0.0342101245 0 0.6190821245 0.6252606145 0.6227373145 0.9803413545 0.9832984545 0.9858955545 0.9896213045 0.2665224345 0.0541153045 0.0540080145 0.2658106345 0.2653838945 0.9881288045 0.6264103945 0.9903686945 0.6120504545 0.3310303545 0.3259256745 0.3274688945 0.3299446545 0.9956213545
1.0089161545 0.6241126545 0.6222794545 0.6168066545 0.6199942545 0.6149912145 0.6215931545 0.6225083545 0.6190821245 0 0.0348373045 0.2673774545 0.9866392545 0.9892478845 0.9990175545 1.0035699545 0.6211359545 0.6209075145 0.6211359545 0.6204507045 0.6206790545 0.9971288545 0.2088385645 0.9971288545 0.1481879745 0.6380061545 0.6254904545 0.6342760045 0.6352068545 1.0024292545
1.0050935545 0.6356726545 0.6307957545 0.6243421145 0.6254904545 0.6245716545 0.6312588145 0.6284844545 0.6252606145 0.0348373045 0 0.2686618245 0.9892478845 0.9907426545 0.9986394945 1.0047123545 0.6294080845 0.6282537545 0.6282537545 0.6284844545 0.6289461545 0.9986394945 0.2124077945 0.9993958545 0.1502586145 0.6445790245 0.6282537545 0.6368385245 0.6389416545 1.0058565545
1.0135292545 0.6261803145 0.6261803145 0.6282537545 0.6220506145 0.6188542545 0.6206790545 0.6241126545 0.6227373145 0.2673774545 0.2686618245 0 0.9952449545 1.0001530945 1.0162333545 1.0255792545 0.6234246545 0.6287153045 0.6317222545 0.6245716545 0.6220506145 1.0143008545 0.2759817545 1.0150732545 0.2732463745 0.6335786845 0.6252606145 0.6289461545 0.6356726545 1.0146869545
0.3966841045 0.9858955545 0.9967516945 0.9944926545 0.9911168545 0.9914911545 0.9997744245 0.9855239545 0.9803413545 0.9866392545 0.9892478845 0.9952449545 0 0.0270350265 0.1060899095 0.1073559245 0.9986394945 0.9847814145 0.9803413545 0.9967516945 0.9975062545 0.1059749245 0.9903686945 0.1064349745 0.9847814145 1.0016697545 1.0043313545 1.0100667545 1.0054749545 0.1049408345
0.3951609145 0.9903686945 1.0005319945 0.9956213545 0.9929904045 0.9937411545 1.0050935545 0.9903686945 0.9832984545 0.9892478845 0.9907426545 1.0001530945 0.0270350265 0 0.1048260305 0.1058599545 1.0050935545 0.9881288045 0.9832984545 1.0028093545 1.0031894545 0.1036788845 0.9907426545 0.1039081785 0.9825580945 1.0100667545 1.0116037545 1.0166204545 1.0119884545 0.1031059745
0.3953300045 0.9918657245 1.0039504545 0.9971288545 0.9975062545 0.9941168145 1.0050935545 0.9926153045 0.9858955545 0.9990175545 0.9986394945 1.0162333545 0.1060899095 0.1048260305 0 0.0241428605 1.0009110245 0.9907426545 0.9858955545 0.9978838245 1.0001530945 0.0712626245 0.9997744245 0.0711528545 0.9956213545 1.0047123545 1.0035699545 1.0031894545 0.9978838245 0.0624229465
0.3997397945 0.9963747545 1.0089161545 1.0077673545 1.0073847545 0.9990175545 1.0116037545 0.9948687245 0.9896213045 1.0035699545 1.0047123545 1.0255792545 0.1073559245 0.1058599545 0.0241428605 0 1.0077673545 0.9937411545 0.9892478845 1.0047123545 1.0058565545 0.0721413645 1.0092995545 0.0721413645 1.0054749545 1.0154596545 1.0085330545 1.0085330545 1.0047123545 0.0645959195
1.0077673545 0.2065999645 0.2042369245 0.2624034845 0.2663800045 0.2001846245 0.2048925745 0.2689475345 0.2665224345 0.6211359545 0.6294080845 0.6234246545 0.9986394945 1.0050935545 1.0009110245 1.0077673545 0 0.2708073245 0.2712371545 0.0129890975 0.0124814135 0.9959979545 0.6294080845 0.9986394945 0.6113734545 0.3296347245 0.3210086545 0.3237705245 0.3263883245 1.0009110245
1.0058565545 0.2823549145 0.2794513045 0.2350063545 0.2389771445 0.2736776145 0.2743968945 0.0561567045 0.0541153045 0.6209075145 0.6282537545 0.6287153045 0.9847814145 0.9881288045 0.9907426545 0.9937411545 0.2708073245 0 0.0109604245 0.2702345845 0.2696622845 0.9967516945 0.6252606145 0.9986394945 0.6147645945 0.3350768545 0.3319622545 0.3310303545 0.3344528945 1.0031894545
1.0031894545 0.2809016945 0.2778590845 0.2343238545 0.2385653945 0.2732463745 0.2735338145 0.0555114495 0.0540080145 0.6211359545 0.6282537545 0.6317222545 0.9803413545 0.9832984545 0.9858955545 0.9892478845 0.2712371545 0.0109604245 0 0.2703777545 0.2698053345 0.9911168545 0.6273315245 0.9929904045 0.6154446545 0.3355451745 0.3322731245 0.3311856045 0.3339852545 0.9990175545
1.0062383545 0.2069945145 0.2055488045 0.2621202545 0.2659529545 0.2013588545 0.2059428045 0.2685190145 0.2658106345 0.6204507045 0.6284844545 0.6245716545 0.9967516945 1.0028093545 0.9978838245 1.0047123545 0.0129890975 0.2702345845 0.2703777545 0 0.00883620649999999 0.9933657545 0.6287153045 0.9952449545 0.6100213245 0.3288604845 0.3208554945 0.3230023045 0.3263883245 0.9982615545
1.0066203545 0.2062056045 0.2042369245 0.2612712045 0.2649573945 0.1999239445 0.2044991245 0.2678053345 0.2653838945 0.6206790545 0.6289461545 0.6220506145 0.9975062545 1.0031894545 1.0001530945 1.0058565545 0.0124814135 0.2696622845 0.2698053345 0.00883620649999999 0 0.9926153045 0.6277925045 0.9952449545 0.6111479045 0.3279324745 0.3196315145 0.3226952545 0.3253092745 0.9990175545
0.3961760345 0.9866392545 0.9911168545 1.0009110245 0.9982615545 0.9896213045 1.0024292545 0.9978838245 0.9881288045 0.9971288545 0.9986394945 1.0143008545 0.1059749245 0.1036788845 0.0712626245 0.0721413645 0.9959979545 0.9967516945 0.9911168545 0.9933657545 0.9926153045 0 1.0012902845 0.00340139999999999 0.9903686945 0.9986394945 0.9967516945 1.0001530945 0.9926153045 0.0714822145
1.0135292545 0.6303329145 0.6312588145 0.6243421145 0.6266405845 0.6275619545 0.6317222545 0.6254904545 0.6264103945 0.2088385645 0.2124077945 0.2759817545 0.9903686945 0.9907426545 0.9997744245 1.0092995545 0.6294080845 0.6252606145 0.6273315245 0.6287153045 0.6277925045 1.0012902845 0 1.0020494545 0.2143980645 0.6331141545 0.6254904545 0.6331141545 0.6366052545 1.0081501545
0.3968535345 0.9885016545 0.9929904045 1.0028093545 0.9990175545 0.9907426545 1.0035699545 0.9993958545 0.9903686945 0.9971288545 0.9993958545 1.0150732545 0.1064349745 0.1039081785 0.0711528545 0.0721413645 0.9986394945 0.9986394945 0.9929904045 0.9952449545 0.9952449545 0.00340139999999999 1.0020494545 0 0.9899949145 1.0012902845 1.0001530945 1.0016697545 0.9956213545 0.0713724145
1.0089161545 0.6118247145 0.6084468545 0.6055316045 0.6088963545 0.6026276545 0.6075486245 0.6129540545 0.6120504545 0.1481879745 0.1502586145 0.2732463745 0.9847814145 0.9825580945 0.9956213545 1.0054749545 0.6113734545 0.6147645945 0.6154446545 0.6100213245 0.6111479045 0.9903686945 0.2143980645 0.9899949145 0 0.6245716545 0.6118247145 0.6181711245 0.6197660545 0.9967516945
1.0201133545 0.3363263545 0.3347648345 0.3311856045 0.3350768545 0.3263883245 0.3308751845 0.3316515045 0.3310303545 0.6380061545 0.6445790245 0.6335786845 1.0016697545 1.0100667545 1.0047123545 1.0154596545 0.3296347245 0.3350768545 0.3355451745 0.3288604845 0.3279324745 0.9986394945 0.6331141545 1.0012902845 0.6245716545 0 0.0920772005 0.0909493845 0.0930936905 1.0005319945
1.0123733545 0.3285510245 0.3248473045 0.3283963545 0.3316515045 0.3199373145 0.3253092745 0.3274688945 0.3259256745 0.6254904545 0.6282537545 0.6252606145 1.0043313545 1.0116037545 1.0035699545 1.0085330545 0.3210086545 0.3319622545 0.3322731245 0.3208554945 0.3196315145 0.9967516945 0.6254904545 1.0001530945 0.6118247145 0.0920772005 0 0.0813195045 0.0826558145 0.9978838245
1.0119884545 0.3308751845 0.3277779145 0.3276233945 0.3318068545 0.3194786545 0.3245395145 0.3274688945 0.3274688945 0.6342760045 0.6368385245 0.6289461545 1.0100667545 1.0166204545 1.0031894545 1.0085330545 0.3237705245 0.3310303545 0.3311856045 0.3230023045 0.3226952545 1.0001530945 0.6331141545 1.0016697545 0.6181711245 0.0909493845 0.0813195045 0 0.0744529485 1.0012902845
1.0143008545 0.3313408745 0.3294798545 0.3304097545 0.3341411345 0.3210086545 0.3265425845 0.3304097545 0.3299446545 0.6352068545 0.6389416545 0.6356726545 1.0054749545 1.0119884545 0.9978838245 1.0047123545 0.3263883245 0.3344528945 0.3339852545 0.3263883245 0.3253092745 0.9926153045 0.6366052545 0.9956213545 0.6197660545 0.0930936905 0.0826558145 0.0744529485 0 0.9986394945
0.3946538845 0.9982615545 1.0054749545 1.0024292545 0.9993958545 0.9952449545 1.0066203545 1.0012902845 0.9956213545 1.0024292545 1.0058565545 1.0146869545 0.1049408345 0.1031059745 0.0624229465 0.0645959195 1.0009110245 1.0031894545 0.9990175545 0.9982615545 0.9990175545 0.0714822145 1.0081501545 0.0713724145 0.9967516945 1.0005319945 0.9978838245 1.0012902845 0.9986394945 0
