0 0.9013148 0.88780093 0.8956819 0.9950763 0.8652767 0.99885464 0.87356406 0.8722831 0.61960906 1.01069 0.8726031 1.0157093 0.6082727 0.6121078 0.85833514 0.85959244 0.8738847 0.8678169 0.8774201 0.87356406 0.627186 0.9860852 0.6283408 0.6091733 0.9962078 0.9939465 0.60804766 0.90164745 0.9053166
0.9013148 0 0.7085177 0.70697606 1.0297868 0.82335943 1.0274222 0.71032023 0.71601385 0.91915274 1.0137748 0.7139384 1.0325551 0.93324894 0.9184719 0.71238565 0.70595 0.83180004 0.8221614 0.7105781 0.70928967 0.8973342 1.0345387 0.89667284 0.89469224 1.0118452 1.0234975 0.9073255 0.7170537 0.27281064
0.88780093 0.7085177 0 0.26394325 1.0053219 0.81442016 1.001891 0.69173163 0.6827315 0.910349 0.9980974 0.6889701 1.0034139 0.9019803 0.9073255 0.68149 0.68173814 0.8188765 0.8082254 0.69122875 0.68796843 0.89601207 1.01146 0.89601207 0.9063204 0.9977191 1.01146 0.8953518 0.29071888 0.7241107
0.8956819 0.70697606 0.26394325 0 1.0072346 0.82907665 0.99658537 0.6852207 0.6812419 0.92085767 1.005704 0.69097745 1.0091523 0.9063204 0.9029796 0.6770375 0.67876583 0.83301365 0.82156307 0.68721807 0.6847222 0.90665525 0.99961257 0.90565103 0.908332 0.9894442 1.0060863 0.8963424 0.2954489 0.7186162
0.9950763 1.0297868 1.0053219 1.0072346 0 0.99131685 0.2402917 1.0068517 0.97499573 1.01146 0.24001622 0.9977191 0.2424992 1.0207624 1.0160967 0.97206604 0.9709704 0.98907024 0.97867405 0.99357027 0.990942 1.0072346 0.40133873 1.0064689 0.9939465 0.417216 0.40716735 0.982 1.0110749 1.0353336
0.8652767 0.82335943 0.81442016 0.82907665 0.99131685 0 0.9775687 0.7968549 0.8088132 0.8787099 0.9842255 0.79714435 0.98869646 0.8800019 0.87324363 0.79656565 0.80529344 0.20912434 0.20490715 0.79714435 0.793967 0.86654574 0.9831119 0.8668633 0.8835664 0.99357027 0.99961257 0.863061 0.8375822 0.8388052
0.99885464 1.0274222 1.001891 0.99658537 0.2402917 0.9775687 0 0.9831119 0.9779369 1.0203725 0.20674925 1.0099207 0.20780392 1.0301816 1.0157093 0.98348296 0.97243166 0.9901927 0.98348296 0.9801504 0.9790429 0.9977191 0.3981012 0.9980974 0.9969631 0.41495198 0.40785605 0.9950763 1.0030329 1.0246727
0.87356406 0.71032023 0.69173163 0.6852207 1.0068517 0.7968549 0.9831119 0 0.5226656 0.90498227 0.99923354 0.5204606 0.9962078 0.8943626 0.88162 0.5136859 0.50953186 0.79310274 0.7890828 0.15977116 0.15828773 0.8864954 0.9842255 0.8855178 0.88682157 0.9860852 0.9931942 0.8881276 0.6859691 0.7173139
0.8722831 0.71601385 0.6827315 0.6812419 0.97499573 0.8088132 0.9779369 0.5226656 0 0.9053166 0.97720057 0.5105188 0.97499573 0.9019803 0.89865875 0.14957027 0.14908214 0.8351422 0.829681 0.52306724 0.5214621 0.8933747 0.9673296 0.89304566 0.88682157 0.9666036 0.97499573 0.8874743 0.6947558 0.7196597
0.61960906 0.91915274 0.910349 0.92085767 1.01146 0.8787099 1.0203725 0.90498227 0.9053166 0 0.99999183 0.91949344 1.0164845 0.1369812 0.13746151 0.89766514 0.8884545 0.89304566 0.8835664 0.89766514 0.89932185 0.33847472 1.0164845 0.33878887 0.3849548 0.99131685 1.0160967 0.27931294 0.9123715 0.9253087
1.01069 1.0137748 0.9980974 1.005704 0.24001622 0.9842255 0.20674925 0.99923354 0.97720057 0.99999183 0 0.99923354 0.10066301 1.0072346 1.0049399 0.9827411 0.9727974 0.9857129 0.9779369 0.9894442 0.9857129 0.9950763 0.40544835 0.99545324 0.98757625 0.41390935 0.40733945 0.9691478 1.0149349 1.032159
0.8726031 0.7139384 0.6889701 0.69097745 0.9977191 0.79714435 1.0099207 0.5204606 0.5105188 0.91949344 0.99923354 0 1.0060863 0.91169673 0.90164745 0.51447976 0.50972915 0.79917336 0.79512084 0.52106136 0.5186613 0.8851922 1.0207624 0.8851922 0.88616943 0.9860852 1.0227151 0.8904187 0.7026252 0.7098048
1.0157093 1.0325551 1.0034139 1.0091523 0.2424992 0.98869646 0.20780392 0.9962078 0.97499573 1.0164845 0.10066301 1.0060863 0 1.0278157 1.0203725 0.9783054 0.97426224 0.98794943 0.97941184 0.9901927 0.98645765 1.0164845 0.40992597 1.0168724 0.9943229 0.4163444 0.4100987 0.9872032 1.0133885 1.0381224
0.6082727 0.93324894 0.9019803 0.9063204 1.0207624 0.8800019 1.0301816 0.8943626 0.9019803 0.1369812 1.0072346 0.91169673 1.0278157 0 0.09371904 0.89304566 0.8881276 0.8914027 0.88259256 0.8910746 0.8920595 0.33643606 1.019204 0.33690602 0.38261938 1.01069 1.0176488 0.27786312 0.9053166 0.9370764
0.6121078 0.9184719 0.9073255 0.9029796 1.0160967 0.87324363 1.0157093 0.88162 0.89865875 0.13746151 1.0049399 0.90164745 1.0203725 0.09371904 0 0.8855178 0.88064873 0.88291705 0.8738847 0.8754896 0.8774201 0.33941755 1.0099207 0.34004673 0.38579065 0.99923354 1.0157093 0.28120193 0.9029796 0.9225665
0.85833514 0.71238565 0.68149 0.6770375 0.97206604 0.79656565 0.98348296 0.5136859 0.14957027 0.89766514 0.9827411 0.51447976 0.9783054 0.89304566 0.8855178 0 0.07802105 0.81679356 0.8094014 0.51786304 0.5166672 0.8793556 0.9687838 0.8787099 0.88162 0.9662408 0.9872032 0.8719632 0.6892207 0.71367943
0.85959244 0.70595 0.68173814 0.67876583 0.9709704 0.80529344 0.97243166 0.50953186 0.14908214 0.8884545 0.9727974 0.50972915 0.97426224 0.8881276 0.88064873 0.07802105 0 0.8224607 0.81709075 0.5134875 0.51190275 0.88064873 0.97206604 0.8809723 0.88291705 0.96479154 0.9783054 0.8787099 0.6867182 0.7129029
0.8738847 0.83180004 0.8188765 0.83301365 0.98907024 0.20912434 0.9901927 0.79310274 0.8351422 0.89304566 0.9857129 0.79917336 0.98794943 0.8914027 0.88291705 0.81679356 0.8224607 0 0.04047264 0.8088132 0.80500084 0.8726031 0.98683035 0.8722831 0.89601207 1.000751 1.0003713 0.8668633 0.8437172 0.83911127
0.8678169 0.8221614 0.8082254 0.82156307 0.97867405 0.20490715 0.98348296 0.7890828 0.829681 0.8835664 0.9779369 0.79512084 0.97941184 0.88259256 0.8738847 0.8094014 0.81709075 0.04047264 0 0.80441606 0.800626 0.86337715 0.98496884 0.863061 0.88780093 0.99847597 0.99847597 0.86337715 0.83483773 0.8275679
0.8774201 0.7105781 0.69122875 0.68721807 0.99357027 0.79714435 0.9801504 0.15977116 0.52306724 0.89766514 0.9894442 0.52106136 0.9901927 0.8910746 0.8754896 0.51786304 0.5134875 0.8088132 0.80441606 0 0.008750854 0.88682157 0.9943229 0.8864954 0.8812961 0.98683035 0.99885464 0.88162 0.6859691 0.72332335
0.87356406 0.70928967 0.68796843 0.6847222 0.990942 0.793967 0.9790429 0.15828773 0.5214621 0.89932185 0.9857129 0.5186613 0.98645765 0.8920595 0.8774201 0.5166672 0.51190275 0.80500084 0.800626 0.008750854 0 0.88780093 0.9931942 0.8874743 0.88194406 0.9857129 0.99999183 0.88291705 0.6832287 0.7220128
0.627186 0.8973342 0.89601207 0.90665525 1.0072346 0.86654574 0.9977191 0.8864954 0.8933747 0.33847472 0.9950763 0.8851922 1.0164845 0.33643606 0.33941755 0.8793556 0.88064873 0.8726031 0.86337715 0.88682157 0.88780093 0 1.0068517 0.001301128 0.37979326 0.9958304 1.0122308 0.32926643 0.8989902 0.91406107
0.9860852 1.0345387 1.01146 0.99961257 0.40133873 0.9831119 0.3981012 0.9842255 0.9673296 1.0164845 0.40544835 1.0207624 0.40992597 1.019204 1.0099207 0.9687838 0.97206604 0.98683035 0.98496884 0.9943229 0.9931942 1.0068517 0 1.0064689 1.0068517 0.41217485 0.40992597 0.9980974 1.0199828 1.0345387
0.6283408 0.89667284 0.89601207 0.90565103 1.0064689 0.8668633 0.9980974 0.8855178 0.89304566 0.33878887 0.99545324 0.8851922 1.0168724 0.33690602 0.34004673 0.8787099 0.8809723 0.8722831 0.863061 0.8864954 0.8874743 0.001301128 1.0064689 0 0.37962735 0.99658537 1.0118452 0.32926643 0.8979962 0.91473794
0.6091733 0.89469224 0.9063204 0.908332 0.9939465 0.8835664 0.9969631 0.88682157 0.88682157 0.3849548 0.98757625 0.88616943 0.9943229 0.38261938 0.38579065 0.88162 0.88291705 0.89601207 0.88780093 0.8812961 0.88194406 0.37979326 1.0068517 0.37962735 0 0.9939465 1.0130024 0.37137827 0.9069903 0.9036466
0.9962078 1.0118452 0.9977191 0.9894442 0.417216 0.99357027 0.41495198 0.9860852 0.9666036 0.99131685 0.41390935 0.9860852 0.4163444 1.01069 0.99923354 0.9662408 0.96479154 1.000751 0.99847597 0.98683035 0.9857129 0.9958304 0.41217485 0.99658537 0.9939465 0 0.3213968 0.98645765 1.0053219 1.019204
0.9939465 1.0234975 1.01146 1.0060863 0.40716735 0.99961257 0.40785605 0.9931942 0.97499573 1.0160967 0.40733945 1.0227151 0.4100987 1.0176488 1.0157093 0.9872032 0.9783054 1.0003713 0.99847597 0.99885464 0.99999183 1.0122308 0.40992597 1.0118452 1.0130024 0.3213968 0 0.99056727 1.0231062 1.0345387
0.60804766 0.9073255 0.8953518 0.8963424 0.982 0.863061 0.9950763 0.8881276 0.8874743 0.27931294 0.9691478 0.8904187 0.9872032 0.27786312 0.28120193 0.8719632 0.8787099 0.8668633 0.86337715 0.88162 0.88291705 0.32926643 0.9980974 0.32926643 0.37137827 0.98645765 0.99056727 0 0.8956819 0.91169673
0.90164745 0.7170537 0.29071888 0.2954489 1.0110749 0.8375822 1.0030329 0.6859691 0.6947558 0.9123715 1.0149349 0.7026252 1.0133885 0.9053166 0.9029796 0.6892207 0.6867182 0.8437172 0.83483773 0.6859691 0.6832287 0.8989902 1.0199828 0.8979962 0.9069903 1.0053219 1.0231062 0.8956819 0 0.7309697
0.9053166 0.27281064 0.7241107 0.7186162 1.0353336 0.8388052 1.0246727 0.7173139 0.7196597 0.9253087 1.032159 0.7098048 1.0381224 0.9370764 0.9225665 0.71367943 0.7129029 0.83911127 0.8275679 0.72332335 0.7220128 0.91406107 1.0345387 0.91473794 0.9036466 1.019204 1.0345387 0.91169673 0.7309697 0
