0 0.98660516986 0.76703623986 0.48407349986 0.48712850986 0.99409023986 1.00813766986 0.66314566986 0.65233680986 0.76398572986 0.76926256986 1.00737166986 0.47554743986 0.47837871986 0.47310230986 0.47535908986 0.47705611986 0.77570036986 0.77177516986 1.00393386986 1.00013253986 0.65664169986 0.49308318986 0.65736156986 0.47517076986 0.76537081986 0.48866066986 0.99597320986 0.98623286986 1.00890456986
0.98660516986 0 1.00622396986 0.97331736986 0.99033836986 0.98326106986 0.98214966986 0.98251996986 0.98289040986 0.99672776986 0.99710533986 0.44220042986 0.99146196986 0.99823906986 0.99033836986 0.99033836986 1.00013253986 0.98067036986 0.97993180986 0.45712446986 0.45694068986 0.98400292986 0.98363186986 0.98511706986 0.98140966986 0.98548880986 0.99597320986 0.35438391986 0.35663134986 0.17339788986
0.76703623986 1.00622396986 0 0.76067206986 0.76260326986 0.99899593986 0.99710533986 0.74136006986 0.73841199986 0.15449768986 0.15106743986 0.99183681986 0.76926256986 0.76592550986 0.76343246986 0.76703623986 0.76620306986 0.47913551986 0.47762266986 1.01120996986 1.01236516986 0.75136196986 0.76343246986 0.75081786986 0.76870536986 0.47253916986 0.76648066986 1.00203086986 0.98735031986 1.00241096986
0.48407349986 0.97331736986 0.76067206986 0 0.15070082986 0.97478220986 0.96966776986 0.64427226986 0.64309350986 0.74647946986 0.74378066986 0.96676076986 0.42175836986 0.42845169986 0.42633156986 0.42158303986 0.42281124986 0.76564810986 0.76370906986 0.98067036986 0.97919401986 0.64948056986 0.23272718986 0.65019360986 0.41878319986 0.76177496986 0.21070231986 0.99559626986 0.98214966986 0.98140966986
0.48712850986 0.99033836986 0.76260326986 0.15070082986 0 0.97808866986 0.98214966986 0.64592549986 0.64805656986 0.75108990986 0.74891676986 0.98251996986 0.42544991986 0.42792109986 0.42404146986 0.42633156986 0.42580244986 0.77065736986 0.76675841986 0.99710533986 0.99559626986 0.65138356986 0.23450103986 0.65162173986 0.42544991986 0.75902066986 0.21229215986 1.01275076986 0.99371416986 1.00431506986
0.99409023986 0.98326106986 0.99899593986 0.97478220986 0.97808866986 0 0.13714114986 0.98735031986 0.97993180986 1.00241096986 0.99071266986 0.97441576986 0.96784956986 0.95918313986 0.95524421986 0.97003186986 0.97514886986 0.97993180986 0.97698486986 0.97441576986 0.97735256986 0.98809621986 0.99635036986 0.98921642986 0.96966776986 0.97808866986 0.97993180986 0.99823906986 0.98326106986 0.97404942986
1.00813766986 0.98214966986 0.99710533986 0.96966776986 0.98214966986 0.13714114986 0 0.99296266986 0.98363186986 0.99937460986 0.99861736986 0.97039626986 0.97551569986 0.96784956986 0.96567356986 0.98067036986 0.98289040986 0.98251996986 0.97882536986 0.97076079986 0.97331736986 0.99861736986 0.99333832986 0.99861736986 0.96930376986 0.97039626986 0.97661731986 0.98289040986 0.96821281986 0.96098036986
0.66314566986 0.98251996986 0.74136006986 0.64427226986 0.64592549986 0.98735031986 0.99296266986 0 0.10508146986 0.72910830986 0.73787722986 0.98177960986 0.64948056986 0.65400800986 0.64853093986 0.65520396986 0.65616211986 0.75929566986 0.75792176986 0.98400292986 0.98214966986 0.15560360986 0.63956856986 0.15584959986 0.65592250986 0.75027421986 0.65928462986 0.99635036986 0.99221191986 0.98030099986
0.65233680986 0.98289040986 0.73841199986 0.64309350986 0.64805656986 0.97993180986 0.98363186986 0.10508146986 0 0.72384331986 0.73175476986 0.97551569986 0.64309350986 0.65019360986 0.64332911986 0.64853093986 0.65114536986 0.75326936986 0.75408826986 0.97331736986 0.97185536986 0.15339339986 0.63652686986 0.15363864986 0.64876822986 0.74512886986 0.65376906986 0.98697761986 0.98846939986 0.97222063986
0.76398572986 0.99672776986 0.15449768986 0.74647946986 0.75108990986 1.00241096986 0.99937460986 0.72910830986 0.72384331986 0 0.0967359858599999 0.98735031986 0.74864556986 0.74810346986 0.74566880986 0.74458930986 0.74891676986 0.47554743986 0.47385380986 1.00545986986 1.00698886986 0.74028666986 0.75709866986 0.74028666986 0.75655040986 0.47479424986 0.76094761986 0.99899593986 0.99710533986 1.00622396986
0.76926256986 0.99710533986 0.15106743986 0.74378066986 0.74891676986 0.99071266986 0.99861736986 0.73787722986 0.73175476986 0.0967359858599999 0 0.97039626986 0.75463471986 0.75108990986 0.75027421986 0.75136196986 0.75436142986 0.47800058986 0.47762266986 1.00165076986 1.00317196986 0.74512886986 0.75190642986 0.74512886986 0.76260326986 0.47498246986 0.75792176986 0.99146196986 0.98846939986 0.99899593986
1.00737166986 0.44220042986 0.99183681986 0.96676076986 0.98251996986 0.97441576986 0.97039626986 0.98177960986 0.97551569986 0.98735031986 0.97039626986 0 0.99071266986 0.99409023986 0.99521946986 0.99899593986 1.00355286986 0.98363186986 0.97808866986 0.40854826986 0.40768731986 0.98251996986 0.97258600986 0.98289040986 0.99221191986 0.98103991986 0.99409023986 0.44184011986 0.44472751986 0.43824643986
0.47554743986 0.99146196986 0.76926256986 0.42175836986 0.42544991986 0.96784956986 0.97551569986 0.64948056986 0.64309350986 0.74864556986 0.75463471986 0.99071266986 0 0.16239770986 0.16016739986 0.0577489098599999 0.0590451818599999 0.76094761986 0.76426253986 1.00279146986 1.00013253986 0.65114536986 0.42650798986 0.65114536986 0.23847328986 0.76370906986 0.43040043986 1.00507806986 0.98548880986 0.98809621986
0.47837871986 0.99823906986 0.76592550986 0.42845169986 0.42792109986 0.95918313986 0.96784956986 0.65400800986 0.65019360986 0.74810346986 0.75108990986 0.99409023986 0.16239770986 0 0.0472457398599999 0.16016739986 0.16177750986 0.75163416986 0.75436142986 0.99672776986 0.99296266986 0.66048906986 0.42580244986 0.66097136986 0.24205258986 0.75518152986 0.43164319986 1.01082526986 0.99521946986 0.99899593986
0.47310230986 0.99033836986 0.76343246986 0.42633156986 0.42404146986 0.95524421986 0.96567356986 0.64853093986 0.64332911986 0.74566880986 0.75027421986 0.99521946986 0.16016739986 0.0472457398599999 0 0.15732717986 0.15967266986 0.74539876986 0.74810346986 1.00089126986 0.99710533986 0.65424701986 0.42509756986 0.65472536986 0.23764971986 0.74647946986 0.42933684986 1.00241096986 0.98809621986 0.99333832986
0.47535908986 0.99033836986 0.76703623986 0.42158303986 0.42633156986 0.97003186986 0.98067036986 0.65520396986 0.64853093986 0.74458930986 0.75136196986 0.99899593986 0.0577489098599999 0.16016739986 0.15732717986 0 0.0419431158599999 0.74729100986 0.75136196986 1.00089126986 0.99823906986 0.65760166986 0.42421736986 0.65760166986 0.23833595986 0.75627646986 0.42933684986 1.00051179986 0.98326106986 0.98511706986
0.47705611986 1.00013253986 0.76620306986 0.42281124986 0.42580244986 0.97514886986 0.98289040986 0.65616211986 0.65114536986 0.74891676986 0.75436142986 1.00355286986 0.0590451818599999 0.16177750986 0.15967266986 0.0419431158599999 0 0.75902066986 0.76122336986 1.00469646986 1.00165076986 0.66145399986 0.42263564986 0.66145399986 0.23957279986 0.76260326986 0.42986846986 1.00393386986 0.98697761986 0.99521946986
0.77570036986 0.98067036986 0.47913551986 0.76564810986 0.77065736986 0.97993180986 0.98251996986 0.75929566986 0.75326936986 0.47554743986 0.47800058986 0.98363186986 0.76094761986 0.75163416986 0.74539876986 0.74729100986 0.75902066986 0 0.0270849298599999 0.99597320986 0.99521946986 0.76122336986 0.76509359986 0.76094761986 0.75709866986 0.22203686986 0.77541932986 0.98884281986 0.99861736986 0.98735031986
0.77177516986 0.97993180986 0.47762266986 0.76370906986 0.76675841986 0.97698486986 0.97882536986 0.75792176986 0.75408826986 0.47385380986 0.47762266986 0.97808866986 0.76426253986 0.75436142986 0.74810346986 0.75136196986 0.76122336986 0.0270849298599999 0 0.98437406986 0.98363186986 0.76094761986 0.76343246986 0.76122336986 0.76012120986 0.21975621986 0.77541932986 0.99108723986 1.00279146986 0.97882536986
1.00393386986 0.45712446986 1.01120996986 0.98067036986 0.99710533986 0.97441576986 0.97076079986 0.98400292986 0.97331736986 1.00545986986 1.00165076986 0.40854826986 1.00279146986 0.99672776986 1.00089126986 1.00089126986 1.00469646986 0.99597320986 0.98437406986 0 0.00523475825999991 0.98289040986 0.99333832986 0.98326106986 1.00431506986 0.99597320986 0.99597320986 0.45528850986 0.45547190986 0.45254293986
1.00013253986 0.45694068986 1.01236516986 0.97919401986 0.99559626986 0.97735256986 0.97331736986 0.98214966986 0.97185536986 1.00698886986 1.00317196986 0.40768731986 1.00013253986 0.99296266986 0.99710533986 0.99823906986 1.00165076986 0.99521946986 0.98363186986 0.00523475825999991 0 0.98177960986 0.99183681986 0.98214966986 1.00203086986 0.99597320986 0.99672776986 0.45528850986 0.45620593986 0.45181244986
0.65664169986 0.98400292986 0.75136196986 0.64948056986 0.65138356986 0.98809621986 0.99861736986 0.15560360986 0.15339339986 0.74028666986 0.74512886986 0.98251996986 0.65114536986 0.66048906986 0.65424701986 0.65760166986 0.66145399986 0.76122336986 0.76094761986 0.98289040986 0.98177960986 0 0.65329131986 0.00112020999999991 0.65520396986 0.75682446986 0.67166152986 0.98772316986 0.99446646986 0.97956286986
0.49308318986 0.98363186986 0.76343246986 0.23272718986 0.23450103986 0.99635036986 0.99333832986 0.63956856986 0.63652686986 0.75709866986 0.75190642986 0.97258600986 0.42650798986 0.42580244986 0.42509756986 0.42421736986 0.42263564986 0.76509359986 0.76343246986 0.99333832986 0.99183681986 0.65329131986 0 0.65353016986 0.42915973986 0.76398572986 0.24067391986 0.99446646986 0.98326106986 0.99146196986
0.65736156986 0.98511706986 0.75081786986 0.65019360986 0.65162173986 0.98921642986 0.99861736986 0.15584959986 0.15363864986 0.74028666986 0.74512886986 0.98289040986 0.65114536986 0.66097136986 0.65472536986 0.65760166986 0.66145399986 0.76094761986 0.76122336986 0.98326106986 0.98214966986 0.00112020999999991 0.65353016986 0 0.65472536986 0.75627646986 0.67190626986 0.98884281986 0.99521946986 0.98030099986
0.47517076986 0.98140966986 0.76870536986 0.41878319986 0.42544991986 0.96966776986 0.96930376986 0.65592250986 0.64876822986 0.75655040986 0.76260326986 0.99221191986 0.23847328986 0.24205258986 0.23764971986 0.23833595986 0.23957279986 0.75709866986 0.76012120986 1.00431506986 1.00203086986 0.65520396986 0.42915973986 0.65472536986 0 0.76260326986 0.43217641986 0.99635036986 0.99071266986 0.98326106986
0.76537081986 0.98548880986 0.47253916986 0.76177496986 0.75902066986 0.97808866986 0.97039626986 0.75027421986 0.74512886986 0.47479424986 0.47498246986 0.98103991986 0.76370906986 0.75518152986 0.74647946986 0.75627646986 0.76260326986 0.22203686986 0.21975621986 0.99597320986 0.99597320986 0.75682446986 0.76398572986 0.75627646986 0.76260326986 0 0.77289456986 0.99371416986 1.00507806986 0.98846939986
0.48866066986 0.99597320986 0.76648066986 0.21070231986 0.21229215986 0.97993180986 0.97661731986 0.65928462986 0.65376906986 0.76094761986 0.75792176986 0.99409023986 0.43040043986 0.43164319986 0.42933684986 0.42933684986 0.42986846986 0.77541932986 0.77541932986 0.99597320986 0.99672776986 0.67166152986 0.24067391986 0.67190626986 0.43217641986 0.77289456986 0 1.01236516986 0.99975350986 1.00967226986
0.99597320986 0.35438391986 1.00203086986 0.99559626986 1.01275076986 0.99823906986 0.98289040986 0.99635036986 0.98697761986 0.99899593986 0.99146196986 0.44184011986 1.00507806986 1.01082526986 1.00241096986 1.00051179986 1.00393386986 0.98884281986 0.99108723986 0.45528850986 0.45528850986 0.98772316986 0.99446646986 0.98884281986 0.99635036986 0.99371416986 1.01236516986 0 0.19007797986 0.35294266986
0.98623286986 0.35663134986 0.98735031986 0.98214966986 0.99371416986 0.98326106986 0.96821281986 0.99221191986 0.98846939986 0.99710533986 0.98846939986 0.44472751986 0.98548880986 0.99521946986 0.98809621986 0.98326106986 0.98697761986 0.99861736986 1.00279146986 0.45547190986 0.45620593986 0.99446646986 0.98326106986 0.99521946986 0.99071266986 1.00507806986 0.99975350986 0.19007797986 0 0.35695296986
1.00890456986 0.17339788986 1.00241096986 0.98140966986 1.00431506986 0.97404942986 0.96098036986 0.98030099986 0.97222063986 1.00622396986 0.99899593986 0.43824643986 0.98809621986 0.99899593986 0.99333832986 0.98511706986 0.99521946986 0.98735031986 0.97882536986 0.45254293986 0.45181244986 0.97956286986 0.99146196986 0.98030099986 0.98326106986 0.98846939986 1.00967226986 0.35294266986 0.35695296986 0
