0 1.015322 0.71316165 0.68796843 1.0034139 0.91915274 0.91406107 0.9768326 1.0305767 1.0223241 1.0357314 0.99734104 0.8927168 0.90164745 0.9860852 0.9898184 1.0361294 1.0489776 1.0034139 1.01069 1.0180373 0.98645765 1.0199828 0.98051995 1.0223241 1.025065 0.67629796 1.0072346 1.000751 1.0270288
1.015322 0 1.0068517 0.9783054 0.9069903 0.9845971 0.9950763 0.91813165 0.35997987 0.84217876 0.85802114 0.84711295 0.98237044 0.98496884 0.9205164 0.92017525 0.37417278 0.3758215 0.9263396 0.9225665 0.93812364 0.9287507 0.9353342 0.91473794 0.46958384 0.84033674 0.9939465 0.40562007 0.85207987 0.8502134
0.71316165 1.0068517 0 0.29827154 1.0227151 0.9342909 0.91711193 1.0149349 1.0238891 1.0160967 1.032159 1.0188149 0.9160936 0.8996537 1.0215429 1.015322 1.0211525 1.0227151 1.0313674 1.0317632 1.0449389 1.0064689 1.005704 1.0041765 1.0373245 1.0072346 0.44928738 1.032159 1.0211525 1.0389212
0.68796843 0.9783054 0.29827154 0 1.0099207 0.91541547 0.90900373 0.9958304 0.98869646 0.9980974 1.0282096 1.0130024 0.9073255 0.9019803 1.0087683 1.0049399 1.0254573 1.0041765 1.0030329 1.005704 1.0164845 1.0037951 0.9894442 1.0045581 1.0141612 1.0076177 0.42634106 1.0022715 1.030972 1.0325551
1.0034139 0.9069903 1.0227151 1.0099207 0 0.9658782 0.98348296 0.7400349 0.95151687 0.9127091 0.9287507 0.9137229 0.9680563 0.95472425 0.7291169 0.7301751 0.9479691 0.9518725 0.2889528 0.2927846 0.29441166 0.76457363 0.5915831 0.7486681 0.9249654 0.9086678 1.0022715 0.9297863 0.9263396 0.9374253
0.91915274 0.9845971 0.9342909 0.91541547 0.9658782 0 0.27166054 0.9644296 0.99961257 0.9838541 0.99281836 0.9894442 0.60535306 0.59400773 0.93812364 0.95472425 1.0126165 1.0242808 0.9651536 0.96298385 0.9651536 0.959741 0.9669665 0.9518725 1.0087683 0.9943229 0.8973342 0.98348296 0.9943229 1.0060863
0.91406107 0.9950763 0.91711193 0.90900373 0.98348296 0.27166054 0 0.97978103 1.0289978 0.98237044 0.99545324 1.0045581 0.6006607 0.59422857 0.97352946 0.9962078 1.0282096 1.033348 0.98757625 0.9801504 0.98832285 1.0037951 0.99847597 0.9894442 1.0133885 1.0060863 0.903313 0.9939465 1.015322 1.0258498
0.9768326 0.91813165 1.0149349 0.9958304 0.7400349 0.9644296 0.97978103 0 0.9225665 0.93777436 0.96010065 0.9253087 0.9779369 0.97170067 0.2679349 0.26893613 0.9497408 0.9504507 0.7475835 0.7446089 0.7502979 0.5791428 0.74164605 0.57719725 0.9266836 0.9253087 0.99357027 0.93847305 0.94479036 0.94092345
1.0305767 0.35997987 1.0238891 0.98869646 0.95151687 0.99961257 1.0289978 0.9225665 0 0.8446418 0.86718106 0.85613984 1.0034139 0.99885464 0.9232511 0.92909575 0.26508155 0.2649392 0.95151687 0.9483231 0.9673296 0.9493862 0.9476152 0.94162506 0.47842628 0.85959244 0.99357027 0.42229128 0.8790327 0.87677604
1.0223241 0.84217876 1.0160967 0.9980974 0.9127091 0.9838541 0.98237044 0.93777436 0.8446418 0 0.2527943 0.58697575 0.95508146 0.9590223 0.9287507 0.93568236 0.8662283 0.8716434 0.94092345 0.9458484 0.953297 0.9229087 0.9270277 0.9160936 0.86813504 0.48890796 0.9808897 0.87356406 0.49876 0.4983712
1.0357314 0.85802114 1.032159 1.0282096 0.9287507 0.99281836 0.99545324 0.96010065 0.86718106 0.2527943 0 0.59092313 0.9655158 0.9666036 0.94373375 0.94514287 0.86877173 0.8719632 0.9405729 0.9405729 0.94903165 0.93116945 0.94092345 0.9256522 0.88910866 0.49856558 1.0122308 0.8800019 0.5022683 0.50598943
0.99734104 0.84711295 1.0188149 1.0130024 0.9137229 0.9894442 1.0045581 0.9253087 0.85613984 0.58697575 0.59092313 0 1.0049399 0.9838541 0.93324894 0.9360306 0.8787099 0.8754896 0.932902 0.9388226 0.9430302 0.91779155 0.94903165 0.90665525 0.8489717 0.5800091 0.9853408 0.8611671 0.6006607 0.58348435
0.8927168 0.98237044 0.9160936 0.9073255 0.9680563 0.60535306 0.6006607 0.9779369 1.0034139 0.95508146 0.9655158 1.0049399 0 0.1973234 0.9779369 0.9790429 1.014548 1.0080011 0.96479154 0.9590223 0.98683035 0.9775687 0.98348296 0.9698763 1.0095364 0.98907024 0.8851922 0.9857129 0.9939465 0.9939465
0.90164745 0.98496884 0.8996537 0.9019803 0.95472425 0.59400773 0.59422857 0.97170067 0.99885464 0.9590223 0.9666036 0.9838541 0.1973234 0 0.96334505 0.9687838 1.0030329 1.0083846 0.9658782 0.96769285 0.98757625 0.9783054 0.9768326 0.96841997 1.0083846 0.97941184 0.8783872 0.9920673 0.98869646 0.98907024
0.9860852 0.9205164 1.0215429 1.0087683 0.7291169 0.93812364 0.97352946 0.2679349 0.9232511 0.9287507 0.94373375 0.93324894 0.9779369 0.96334505 0 0.124718055 0.9465546 0.95080596 0.7432607 0.7419149 0.7459595 0.57010657 0.7446089 0.56882447 0.91915274 0.9263396 0.99281836 0.9405729 0.93987226 0.9557965
0.9898184 0.92017525 1.015322 1.0049399 0.7301751 0.95472425 0.9962078 0.26893613 0.92909575 0.93568236 0.94514287 0.9360306 0.9790429 0.9687838 0.124718055 0 0.9583042 0.9572284 0.74975425 0.74677104 0.75165886 0.56839764 0.7519313 0.567971 0.9249654 0.932902 0.98757625 0.9419761 0.9497408 0.93987226
1.0361294 0.37417278 1.0211525 1.0254573 0.9479691 1.0126165 1.0282096 0.9497408 0.26508155 0.8662283 0.86877173 0.8787099 1.014548 1.0030329 0.9465546 0.9583042 0 0.12130119 0.96010065 0.9611805 0.97170067 0.94867724 0.95508146 0.9440858 0.4829821 0.87581104 0.99658537 0.4270476 0.8803252 0.8787099
1.0489776 0.3758215 1.0227151 1.0041765 0.9518725 1.0242808 1.033348 0.9504507 0.2649392 0.8716434 0.8719632 0.8754896 1.0080011 1.0083846 0.95080596 0.9572284 0.12130119 0 0.9611805 0.9662408 0.9775687 0.9458484 0.9611805 0.9433819 0.48241112 0.8787099 1.000751 0.4297031 0.88910866 0.8858435
1.0034139 0.9263396 1.0313674 1.0030329 0.2889528 0.9651536 0.98757625 0.7475835 0.95151687 0.94092345 0.9405729 0.932902 0.96479154 0.9658782 0.7432607 0.74975425 0.96010065 0.9611805 0 0.11825097 0.116146535 0.76457363 0.5933457 0.74541897 0.9430302 0.9160936 0.99658537 0.9339434 0.944438 0.9388226
1.01069 0.9225665 1.0317632 1.005704 0.2927846 0.96298385 0.9801504 0.7446089 0.9483231 0.9458484 0.9405729 0.9388226 0.9590223 0.96769285 0.7419149 0.74677104 0.9611805 0.9662408 0.11825097 0 0.07624774 0.7681854 0.5973268 0.7532952 0.9493862 0.91473794 0.9962078 0.93082345 0.946908 0.94514287
1.0180373 0.93812364 1.0449389 1.0164845 0.29441166 0.9651536 0.98832285 0.7502979 0.9673296 0.953297 0.94903165 0.9430302 0.98683035 0.98757625 0.7459595 0.75165886 0.97170067 0.9775687 0.116146535 0.07624774 0 0.77321523 0.60222155 0.7585007 0.9615409 0.92359364 1.0141612 0.94479036 0.95258445 0.9479691
0.98645765 0.9287507 1.0064689 1.0037951 0.76457363 0.959741 1.0037951 0.5791428 0.9493862 0.9229087 0.93116945 0.91779155 0.9775687 0.9783054 0.57010657 0.56839764 0.94867724 0.9458484 0.76457363 0.7681854 0.77321523 0 0.73789203 0.051423293 0.95508146 0.9110226 0.99281836 0.9608204 0.9500957 0.9669665
1.0199828 0.9353342 1.005704 0.9894442 0.5915831 0.9669665 0.99847597 0.74164605 0.9476152 0.9270277 0.94092345 0.94903165 0.98348296 0.9768326 0.7446089 0.7519313 0.95508146 0.9611805 0.5933457 0.5973268 0.60222155 0.73789203 0 0.7312348 0.9706055 0.93847305 0.990942 0.9662408 0.9511613 0.9511613
0.98051995 0.91473794 1.0041765 1.0045581 0.7486681 0.9518725 0.9894442 0.57719725 0.94162506 0.9160936 0.9256522 0.90665525 0.9698763 0.96841997 0.56882447 0.567971 0.9440858 0.9433819 0.74541897 0.7532952 0.7585007 0.051423293 0.7312348 0 0.94620144 0.9006499 0.9931942 0.9433819 0.94162506 0.9608204
1.0223241 0.46958384 1.0373245 1.0141612 0.9249654 1.0087683 1.0133885 0.9266836 0.47842628 0.86813504 0.88910866 0.8489717 1.0095364 1.0083846 0.91915274 0.9249654 0.4829821 0.48241112 0.9430302 0.9493862 0.9615409 0.95508146 0.9706055 0.94620144 0 0.864643 1.01069 0.491022 0.86909026 0.8832416
1.025065 0.84033674 1.0072346 1.0076177 0.9086678 0.9943229 1.0060863 0.9253087 0.85959244 0.48890796 0.49856558 0.5800091 0.98907024 0.97941184 0.9263396 0.932902 0.87581104 0.8787099 0.9160936 0.91473794 0.92359364 0.9110226 0.93847305 0.9006499 0.864643 0 0.9939465 0.86179787 0.47352183 0.47956264
0.67629796 0.9939465 0.44928738 0.42634106 1.0022715 0.8973342 0.903313 0.99357027 0.99357027 0.9808897 1.0122308 0.9853408 0.8851922 0.8783872 0.99281836 0.98757625 0.99658537 1.000751 0.99658537 0.9962078 1.0141612 0.99281836 0.990942 0.9931942 1.01069 0.9939465 0 0.99545324 1.0037951 0.9801504
1.0072346 0.40562007 1.032159 1.0022715 0.9297863 0.98348296 0.9939465 0.93847305 0.42229128 0.87356406 0.8800019 0.8611671 0.9857129 0.9920673 0.9405729 0.9419761 0.4270476 0.4297031 0.9339434 0.93082345 0.94479036 0.9608204 0.9662408 0.9433819 0.491022 0.86179787 0.99545324 0 0.8871479 0.86654574
1.000751 0.85207987 1.0211525 1.030972 0.9263396 0.9943229 1.015322 0.94479036 0.8790327 0.49876 0.5022683 0.6006607 0.9939465 0.98869646 0.93987226 0.9497408 0.8803252 0.88910866 0.944438 0.946908 0.95258445 0.9500957 0.9511613 0.94162506 0.86909026 0.47352183 1.0037951 0.8871479 0 0.4018512
1.0270288 0.8502134 1.0389212 1.0325551 0.9374253 1.0060863 1.0258498 0.94092345 0.87677604 0.4983712 0.50598943 0.58348435 0.9939465 0.98907024 0.9557965 0.93987226 0.8787099 0.8858435 0.9388226 0.94514287 0.9479691 0.9669665 0.9511613 0.9608204 0.8832416 0.47956264 0.9801504 0.86654574 0.4018512 0
