0 1.0126165 1.0149349 1.0080011 0.85520095 0.86179787 0.85645306 0.83911127 0.8486616 0.85864925 0.84649444 1.0413225 0.8542633 0.84125715 0.831194 0.83331734 0.85802114 0.84525883 1.0203725 1.0095364 0.8424862 0.84156424 1.0110749 0.8424862 1.0242808 0.8375822 0.8336212 0.80617183 0.7980132 1.0325551
1.0126165 0 0.3736789 0.52306724 1.0289978 1.0522244 1.0130024 1.0465518 0.99885464 1.0433295 1.0207624 0.7743376 1.0282096 1.0199828 0.98757625 1.002652 1.0068517 1.0030329 0.5250785 0.5254814 1.0329514 1.0246727 0.65134007 1.0278157 0.6501494 1.002652 1.0357314 0.9857129 1.0087683 0.37962735
1.0149349 0.3736789 0 0.52689326 1.0188149 1.055077 1.0060863 1.0258498 1.0034139 1.0289978 1.0317632 0.7751804 1.0227151 0.99169195 0.98757625 0.9946995 1.0060863 0.99169195 0.5126947 0.5170656 1.0231062 1.0195932 0.6390486 1.0278157 0.6461152 1.0030329 1.0211525 0.98907024 1.0060863 0.37797028
1.0080011 0.52306724 0.52689326 0 1.0103053 1.0227151 0.9969631 1.0110749 0.97941184 0.99999183 0.9950763 0.7459595 0.9980974 0.9931942 0.96298385 0.9687838 0.9827411 0.95615417 0.36127383 0.35917228 1.0207624 1.0141612 0.64587855 1.015322 0.66504896 0.98348296 0.99961257 0.9939465 1.0045581 0.52527994
0.85520095 1.0289978 1.0188149 1.0103053 0 0.3562722 0.7354886 0.34162202 0.7301751 0.34383303 0.33863178 1.005704 0.7494826 0.74057156 0.7193987 0.7317652 0.732296 0.7280602 1.0087683 1.0072346 0.73149997 0.7275324 0.9827411 0.7346892 1.0211525 0.71887696 0.7267414 0.829681 0.82276016 1.001891
0.86179787 1.0522244 1.055077 1.0227151 0.3562722 0 0.74514884 0.30906525 0.74110866 0.31986335 0.31406474 1.0227151 0.77771467 0.7574018 0.7296458 0.7307048 0.73923063 0.7267414 1.0242808 1.0176488 0.7397667 0.7419149 0.98794943 0.7459595 1.0522244 0.74110866 0.7346892 0.8400302 0.84402525 1.0397208
0.85645306 1.0130024 1.0060863 0.9969631 0.7354886 0.74514884 0 0.7320306 0.680994 0.74704176 0.7362889 0.9894442 0.33659267 0.3350279 0.65948707 0.6767909 0.6832287 0.69349426 1.0195932 1.0234975 0.2543368 0.25251418 0.99357027 0.25265422 1.0203725 0.6611755 0.69148016 0.8400302 0.84187144 1.0083846
0.83911127 1.0465518 1.0258498 1.0110749 0.34162202 0.30906525 0.7320306 0 0.7267414 0.22259256 0.22084542 1.0041765 0.7475835 0.7408401 0.71992075 0.7165336 0.7264779 0.7207046 1.015322 1.0068517 0.7275324 0.723061 0.9924427 0.7280602 1.0203725 0.71212715 0.7262145 0.8094014 0.8194727 1.032159
0.8486616 0.99885464 1.0034139 0.97941184 0.7301751 0.74110866 0.680994 0.7267414 0 0.74541897 0.721751 0.9738958 0.6652917 0.662142 0.33159682 0.34099153 0.2219201 0.21469565 1.0110749 1.0099207 0.6682109 0.6677236 0.9860852 0.67016345 0.99658537 0.57871 0.5800091 0.82606214 0.8424862 1.0157093
0.85864925 1.0433295 1.0289978 0.99999183 0.34383303 0.31986335 0.74704176 0.22259256 0.74541897 0 0.21990632 1.0083846 0.75822586 0.742453 0.7336246 0.72832423 0.7397667 0.7341567 0.99923354 0.99545324 0.74406934 0.73789203 0.99847597 0.7448788 1.0258498 0.723061 0.7304399 0.8203678 0.82546073 1.0238891
0.84649444 1.0207624 1.0317632 0.9950763 0.33863178 0.31406474 0.7362889 0.22084542 0.721751 0.21990632 0 0.99999183 0.7389627 0.72332335 0.714716 0.71212715 0.71887696 0.7175742 0.9958304 0.9894442 0.73815954 0.7330929 0.98794943 0.73842716 1.018426 0.7067194 0.7113522 0.81382793 0.8221614 1.0234975
1.0413225 0.7743376 0.7751804 0.7459595 1.005704 1.0227151 0.9894442 1.0041765 0.9738958 1.0083846 0.99999183 0 1.0087683 1.0003713 0.9680563 0.96769285 0.9962078 0.98907024 0.78195757 0.782809 1.0049399 0.99999183 0.7673504 1.0126165 0.7673504 0.99281836 1.0278157 1.0076177 0.9853408 0.78082377
0.8542633 1.0282096 1.0227151 0.9980974 0.7494826 0.77771467 0.33659267 0.7475835 0.6652917 0.75822586 0.7389627 1.0087683 0 0.20438166 0.6539662 0.6696748 0.67261124 0.67114156 1.01069 1.0203725 0.3358099 0.33659267 0.99056727 0.33596638 1.0160967 0.66918653 0.67876583 0.8293787 0.8437172 1.0211525
0.84125715 1.0199828 0.99169195 0.9931942 0.74057156 0.7574018 0.3350279 0.7408401 0.662142 0.742453 0.72332335 1.0003713 0.20438166 0 0.6494359 0.6643211 0.66480625 0.6626257 0.99281836 0.9969631 0.33455908 0.33284268 0.98496884 0.3339345 0.99734104 0.6506254 0.67261124 0.82276016 0.828171 0.9943229
0.831194 0.98757625 0.98757625 0.96298385 0.7193987 0.7296458 0.65948707 0.71992075 0.33159682 0.7336246 0.714716 0.9680563 0.6539662 0.6494359 0 0.15508364 0.33346638 0.32663402 0.9894442 0.9779369 0.65972805 0.6599691 0.9669665 0.6631097 1.0080011 0.5733213 0.56584156 0.80587894 0.7968549 0.9845971
0.83331734 1.002652 0.9946995 0.9687838 0.7317652 0.7307048 0.6767909 0.7165336 0.34099153 0.72832423 0.71212715 0.96769285 0.6696748 0.6643211 0.15508364 0 0.34446594 0.335497 1.0003713 0.9958304 0.6777777 0.6785187 0.98907024 0.67975533 1.0199828 0.5828315 0.573751 0.814124 0.81382793 0.99847597
0.85802114 1.0068517 1.0060863 0.9827411 0.732296 0.73923063 0.6832287 0.7264779 0.2219201 0.7397667 0.71887696 0.9962078 0.67261124 0.66480625 0.33346638 0.34446594 0 0.13386668 1.0022715 1.000751 0.67876583 0.67876583 1.0041765 0.67926043 1.0122308 0.5962188 0.5951125 0.8275679 0.8400302 1.0180373
0.84525883 1.0030329 0.99169195 0.95615417 0.7280602 0.7267414 0.69349426 0.7207046 0.21469565 0.7341567 0.7175742 0.98907024 0.67114156 0.6626257 0.32663402 0.335497 0.13386668 0 0.9838541 0.98869646 0.68049824 0.6802505 0.98869646 0.68049824 1.0083846 0.58217925 0.5847917 0.81828076 0.8293787 0.99281836
1.0203725 0.5250785 0.5126947 0.36127383 1.0087683 1.0242808 1.0195932 1.015322 1.0110749 0.99923354 0.9958304 0.78195757 1.01069 0.99281836 0.9894442 1.0003713 1.0022715 0.9838541 0 0.07040341 1.0266355 1.018426 0.65540254 1.018426 0.6590054 1.0045581 1.0242808 0.99961257 1.01069 0.52427334
1.0095364 0.5254814 0.5170656 0.35917228 1.0072346 1.0176488 1.0234975 1.0068517 1.0099207 0.99545324 0.9894442 0.782809 1.0203725 0.9969631 0.9779369 0.9958304 1.000751 0.98869646 0.07040341 0 1.0377234 1.0242808 0.6484856 1.0289978 0.65540254 1.0041765 1.0231062 0.99545324 1.0087683 0.52689326
0.8424862 1.0329514 1.0231062 1.0207624 0.73149997 0.7397667 0.2543368 0.7275324 0.6682109 0.74406934 0.73815954 1.0049399 0.3358099 0.33455908 0.65972805 0.6777777 0.67876583 0.68049824 1.0266355 1.0377234 0 0.03794384 1.0180373 0.03962876 1.0293922 0.6611755 0.682483 0.829681 0.84033674 1.0297868
0.84156424 1.0246727 1.0195932 1.0141612 0.7275324 0.7419149 0.25251418 0.723061 0.6677236 0.73789203 0.7330929 0.99999183 0.33659267 0.33284268 0.6599691 0.6785187 0.67876583 0.6802505 1.018426 1.0242808 0.03794384 0 1.0133885 0.037207875 1.0246727 0.66093403 0.68223464 0.82305974 0.83911127 1.0164845
1.0110749 0.65134007 0.6390486 0.64587855 0.9827411 0.98794943 0.99357027 0.9924427 0.9860852 0.99847597 0.98794943 0.7673504 0.99056727 0.98496884 0.9669665 0.98907024 1.0041765 0.98869646 0.65540254 0.6484856 1.0180373 1.0133885 0 1.0157093 0.6026681 1.0030329 1.0130024 0.97941184 0.9727974 0.65612173
0.8424862 1.0278157 1.0278157 1.015322 0.7346892 0.7459595 0.25265422 0.7280602 0.67016345 0.7448788 0.73842716 1.0126165 0.33596638 0.3339345 0.6631097 0.67975533 0.67926043 0.68049824 1.018426 1.0289978 0.03962876 0.037207875 1.0157093 0 1.0262426 0.6623838 0.6832287 0.8212641 0.8406434 1.0278157
1.0242808 0.6501494 0.6461152 0.66504896 1.0211525 1.0522244 1.0203725 1.0203725 0.99658537 1.0258498 1.018426 0.7673504 1.0160967 0.99734104 1.0080011 1.0199828 1.0122308 1.0083846 0.6590054 0.65540254 1.0293922 1.0246727 0.6026681 1.0262426 0 1.0060863 1.0238891 1.0053219 0.9816297 0.63975227
0.8375822 1.002652 1.0030329 0.98348296 0.71887696 0.74110866 0.6611755 0.71212715 0.57871 0.723061 0.7067194 0.99281836 0.66918653 0.6506254 0.5733213 0.5828315 0.5962188 0.58217925 1.0045581 1.0041765 0.6611755 0.66093403 1.0030329 0.6623838 1.0060863 0 0.5968834 0.8209652 0.82395923 0.99847597
0.8336212 1.0357314 1.0211525 0.99961257 0.7267414 0.7346892 0.69148016 0.7262145 0.5800091 0.7304399 0.7113522 1.0278157 0.67876583 0.67261124 0.56584156 0.573751 0.5951125 0.5847917 1.0242808 1.0231062 0.682483 0.68223464 1.0130024 0.6832287 1.0238891 0.5968834 0 0.81828076 0.83849925 1.0258498
0.80617183 0.9857129 0.98907024 0.9939465 0.829681 0.8400302 0.8400302 0.8094014 0.82606214 0.8203678 0.81382793 1.0076177 0.8293787 0.82276016 0.80587894 0.814124 0.8275679 0.81828076 0.99961257 0.99545324 0.829681 0.82305974 0.97941184 0.8212641 1.0053219 0.8209652 0.81828076 0 0.49914902 1.0011308
0.7980132 1.0087683 1.0060863 1.0045581 0.82276016 0.84402525 0.84187144 0.8194727 0.8424862 0.82546073 0.8221614 0.9853408 0.8437172 0.828171 0.7968549 0.81382793 0.8400302 0.8293787 1.01069 1.0087683 0.84033674 0.83911127 0.9727974 0.8406434 0.9816297 0.82395923 0.83849925 0.49914902 0 1.0053219
1.0325551 0.37962735 0.37797028 0.52527994 1.001891 1.0397208 1.0083846 1.032159 1.0157093 1.0238891 1.0234975 0.78082377 1.0211525 0.9943229 0.9845971 0.99847597 1.0180373 0.99281836 0.52427334 0.52689326 1.0297868 1.0164845 0.65612173 1.0278157 0.63975227 0.99847597 1.0258498 1.0011308 1.0053219 0
