0 0.6515784 0.65110177 0.65038735 0.62996036 0.99131685 0.9950763 0.6343742 0.64635193 0.63928306 0.6465887 0.6371753 1.0141612 1.0215429 0.6470625 0.6449328 0.65181684 0.63251257 0.62787867 0.64872307 0.6477737 1.018426 1.0083846 1.0199828 0.6430448 1.0034139 0.6430448 0.63251257 0.9980974 0.6489606
0.6515784 0 0.33159682 0.3361229 0.5477734 0.9853408 0.9857129 0.50579315 0.51487696 0.62143886 0.6336756 0.6332101 1.0137748 1.0195932 0.6369415 0.62880313 0.5071684 0.5440462 0.5434268 0.5065787 0.5052045 1.0180373 1.0130024 1.0207624 0.56393015 0.9872032 0.5519366 0.54322046 1.0041765 0.121066116
0.65110177 0.33159682 0 0.114513814 0.5483964 0.99281836 0.98869646 0.5113093 0.5174642 0.6186958 0.6255724 0.62903446 1.0080011 1.0160967 0.6294973 0.62304366 0.5176636 0.5426017 0.5407486 0.5166672 0.51547325 1.01069 1.0246727 1.0137748 0.556543 0.9860852 0.54694355 0.5419835 0.9920673 0.332531
0.65038735 0.3361229 0.114513814 0 0.5561231 0.99281836 0.9939465 0.5091374 0.5152744 0.6193806 0.6262635 0.63228023 1.0015109 1.0034139 0.6334428 0.62741685 0.5170656 0.5477734 0.5450797 0.51646805 0.51447976 1.0030329 1.0211525 1.005704 0.5628704 0.9845971 0.5506852 0.54425275 0.98645765 0.3348716
0.62996036 0.5477734 0.5483964 0.5561231 0 0.9950763 0.9939465 0.55402696 0.56393015 0.6350735 0.63881415 0.64233804 1.0080011 1.0157093 0.6494359 0.6470625 0.5637181 0.09632971 0.094966486 0.56223524 0.56202364 1.018426 1.0168724 1.0199828 0.24818578 0.99056727 0.28018418 0.28178412 0.99961257 0.5559132
0.99131685 0.9853408 0.99281836 0.99281836 0.9950763 0 0.08068891 0.9901927 1.002652 1.001891 1.01069 0.97978103 0.6002153 0.60984945 1.0076177 1.0064689 0.99357027 0.9943229 0.9901927 0.990942 0.99281836 0.61391944 0.2504167 0.6155082 0.9831119 0.6073731 0.98125964 0.97206604 0.6103006 0.9857129
0.9950763 0.9857129 0.98869646 0.9939465 0.9939465 0.08068891 0 0.9872032 0.9958304 0.990942 0.99885464 0.9738958 0.5964403 0.6033384 1.001891 0.99999183 0.9845971 0.9898184 0.98794943 0.982 0.98348296 0.6123341 0.24971882 0.6130131 0.9931942 0.60222155 0.97941184 0.9709704 0.6082727 0.9853408
0.6343742 0.50579315 0.5113093 0.5091374 0.55402696 0.9901927 0.9872032 0 0.074147366 0.6332101 0.6413967 0.63414127 1.0080011 1.0130024 0.62880313 0.62534213 0.12649153 0.55131066 0.5494359 0.12530875 0.1261365 1.0231062 1.002652 1.0254573 0.5536084 0.9831119 0.5546552 0.55131066 1.0110749 0.5083492
0.64635193 0.51487696 0.5174642 0.5152744 0.56393015 1.002652 0.9958304 0.074147366 0 0.6449328 0.65134007 0.64351636 1.0199828 1.0223241 0.64257354 0.6376432 0.12981327 0.55906755 0.556543 0.1295755 0.1295755 1.0313674 1.015322 1.0313674 0.5616006 0.9894442 0.56754464 0.55991095 1.0199828 0.5170656
0.63928306 0.62143886 0.6186958 0.6193806 0.6350735 1.001891 0.990942 0.6332101 0.6449328 0 0.076469176 0.25503898 1.000751 1.0053219 0.17199698 0.1671077 0.6336756 0.6212099 0.6157354 0.63088745 0.6318157 1.000751 1.0258498 1.002652 0.63088745 0.9894442 0.6175558 0.6175558 0.9808897 0.62787867
0.6465887 0.6336756 0.6255724 0.6262635 0.63881415 1.01069 0.99885464 0.6413967 0.65134007 0.076469176 0 0.26124668 1.0083846 1.01146 0.1762856 0.17124271 0.6364741 0.6285719 0.6232732 0.6336756 0.63460726 1.0130024 1.0381224 1.0141612 0.6339084 0.9980974 0.62189704 0.6232732 0.9958304 0.63857985
0.6371753 0.6332101 0.62903446 0.63228023 0.64233804 0.97978103 0.9738958 0.63414127 0.64351636 0.25503898 0.26124668 0 1.0037951 1.0064689 0.26879302 0.26223904 0.62926584 0.6311194 0.6255724 0.62880313 0.62787867 0.9920673 0.9962078 0.99357027 0.6378772 0.9898184 0.6318157 0.62258476 0.9698763 0.6374092
1.0141612 1.0137748 1.0080011 1.0015109 1.0080011 0.6002153 0.5964403 1.0080011 1.0199828 1.000751 1.0083846 1.0037951 0 0.056473818 1.0053219 0.99847597 1.0137748 1.0045581 0.99885464 1.0068517 1.0091523 0.5656289 0.61391944 0.56584156 0.9977191 0.19810438 0.98757625 0.98125964 0.55381763 1.0076177
1.0215429 1.0195932 1.0160967 1.0034139 1.0157093 0.60984945 0.6033384 1.0130024 1.0223241 1.0053219 1.01146 1.0064689 0.056473818 0 1.01146 1.005704 1.0227151 1.01146 1.0072346 1.014548 1.0168724 0.5735361 0.62189704 0.5731065 1.0045581 0.20359412 0.9939465 0.98645765 0.5626586 1.01069
0.6470625 0.6369415 0.6294973 0.6334428 0.6494359 1.0076177 1.001891 0.62880313 0.64257354 0.17199698 0.1762856 0.26879302 1.0053219 1.01146 0 0.027497988 0.6336756 0.64045656 0.6350735 0.63088745 0.6315835 1.0118452 1.036926 1.0122308 0.6437523 0.9860852 0.6369415 0.63228023 0.9939465 0.6374092
0.6449328 0.62880313 0.62304366 0.62741685 0.6470625 1.0064689 0.99999183 0.62534213 0.6376432 0.1671077 0.17124271 0.26223904 0.99847597 1.005704 0.027497988 0 0.62787867 0.6369415 0.6320479 0.62534213 0.62511194 1.01069 1.0305767 1.01146 0.6390486 0.9816297 0.6297288 0.62534213 0.99169195 0.6315835
0.65181684 0.5071684 0.5176636 0.5170656 0.5637181 0.99357027 0.9845971 0.12649153 0.12981327 0.6336756 0.6364741 0.62926584 1.0137748 1.0227151 0.6336756 0.62787867 0 0.55801463 0.5561231 0.014132316 0.013724818 1.0238891 0.99847597 1.0274222 0.55948913 0.98125964 0.5607553 0.556333 1.0126165 0.5132893
0.63251257 0.5440462 0.5426017 0.5477734 0.09632971 0.9943229 0.9898184 0.55131066 0.55906755 0.6212099 0.6285719 0.6311194 1.0045581 1.01146 0.64045656 0.6369415 0.55801463 0 0.014336148 0.5575939 0.5578042 1.0246727 1.0160967 1.0258498 0.24902159 0.99357027 0.2806202 0.28003892 1.0095364 0.5519366
0.62787867 0.5434268 0.5407486 0.5450797 0.094966486 0.9901927 0.98794943 0.5494359 0.556543 0.6157354 0.6232732 0.6255724 0.99885464 1.0072346 0.6350735 0.6320479 0.5561231 0.014336148 0 0.5559132 0.5557034 1.0246727 1.0133885 1.0270288 0.24762909 0.99056727 0.2807656 0.27873266 1.0083846 0.54985213
0.64872307 0.5065787 0.5166672 0.51646805 0.56223524 0.990942 0.982 0.12530875 0.1295755 0.63088745 0.6336756 0.62880313 1.0068517 1.014548 0.63088745 0.62534213 0.014132316 0.5575939 0.5559132 0 0.011081465 1.0160967 0.99545324 1.0199828 0.5586462 0.9768326 0.56012195 0.5571734 1.0083846 0.51229864
0.6477737 0.5052045 0.51547325 0.51447976 0.56202364 0.99281836 0.98348296 0.1261365 0.1295755 0.6318157 0.63460726 0.62787867 1.0091523 1.0168724 0.6315835 0.62511194 0.013724818 0.5578042 0.5557034 0.011081465 0 1.0122308 0.99885464 1.0157093 0.55948913 0.9790429 0.5597 0.556333 1.0068517 0.5089403
1.018426 1.0180373 1.01069 1.0030329 1.018426 0.61391944 0.6123341 1.0231062 1.0313674 1.000751 1.0130024 0.9920673 0.5656289 0.5735361 1.0118452 1.01069 1.0238891 1.0246727 1.0246727 1.0160967 1.0122308 0 0.62006605 0.005117419 1.0060863 0.5649914 0.9958304 1.01069 0.13136052 1.0160967
1.0083846 1.0130024 1.0246727 1.0211525 1.0168724 0.2504167 0.24971882 1.002652 1.015322 1.0258498 1.0381224 0.9962078 0.61391944 0.62189704 1.036926 1.0305767 0.99847597 1.0160967 1.0133885 0.99545324 0.99885464 0.62006605 0 0.6212099 1.0053219 0.620981 1.0011308 0.99999183 0.6121078 1.018426
1.0199828 1.0207624 1.0137748 1.005704 1.0199828 0.6155082 0.6130131 1.0254573 1.0313674 1.002652 1.0141612 0.99357027 0.56584156 0.5731065 1.0122308 1.01146 1.0274222 1.0258498 1.0270288 1.0199828 1.0157093 0.005117419 0.6212099 0 1.0095364 0.56520385 0.99847597 1.0126165 0.13243356 1.0188149
0.6430448 0.56393015 0.556543 0.5628704 0.24818578 0.9831119 0.9931942 0.5536084 0.5616006 0.63088745 0.6339084 0.6378772 0.9977191 1.0045581 0.6437523 0.6390486 0.55948913 0.24902159 0.24762909 0.5586462 0.55948913 1.0060863 1.0053219 1.0095364 0 0.9920673 0.28616497 0.28382534 0.990942 0.5632941
1.0034139 0.9872032 0.9860852 0.9845971 0.99056727 0.6073731 0.60222155 0.9831119 0.9894442 0.9894442 0.9980974 0.9898184 0.19810438 0.20359412 0.9860852 0.9816297 0.98125964 0.99357027 0.99056727 0.9768326 0.9790429 0.5649914 0.620981 0.56520385 0.9920673 0 0.97170067 0.9637064 0.5531901 0.9783054
0.6430448 0.5519366 0.54694355 0.5506852 0.28018418 0.98125964 0.97941184 0.5546552 0.56754464 0.6175558 0.62189704 0.6318157 0.98757625 0.9939465 0.6369415 0.6297288 0.5607553 0.2806202 0.2807656 0.56012195 0.5597 0.9958304 1.0011308 0.99847597 0.28616497 0.97170067 0 0.17048919 0.99056727 0.5575939
0.63251257 0.54322046 0.5419835 0.54425275 0.28178412 0.97206604 0.9709704 0.55131066 0.55991095 0.6175558 0.6232732 0.62258476 0.98125964 0.98645765 0.63228023 0.62534213 0.556333 0.28003892 0.27873266 0.5571734 0.556333 1.01069 0.99999183 1.0126165 0.28382534 0.9637064 0.17048919 0 1.005704 0.5504769
0.9980974 1.0041765 0.9920673 0.98645765 0.99961257 0.6103006 0.6082727 1.0110749 1.0199828 0.9808897 0.9958304 0.9698763 0.55381763 0.5626586 0.9939465 0.99169195 1.0126165 1.0095364 1.0083846 1.0083846 1.0068517 0.13136052 0.6121078 0.13243356 0.990942 0.5531901 0.99056727 1.005704 0 1.001891
0.6489606 0.121066116 0.332531 0.3348716 0.5559132 0.9857129 0.9853408 0.5083492 0.5170656 0.62787867 0.63857985 0.6374092 1.0076177 1.01069 0.6374092 0.6315835 0.5132893 0.5519366 0.54985213 0.51229864 0.5089403 1.0160967 1.018426 1.0188149 0.5632941 0.9783054 0.5575939 0.5504769 1.001891 0
