0 1.0103053 0.9924427 0.97352946 0.9709704 1.0041765 0.98645765 0.98869646 0.98237044 0.9779369 1.0072346 0.99961257 0.990942 0.98757625 0.9842255 0.9764649 0.99281836 0.9816297 1.0103053 1.0076177 0.9894442 0.9842255 1.0130024 0.98683035 1.0072346 0.99131685 1.0095364 0.9746289 0.99357027 1.0188149
1.0103053 0 0.8542633 0.8489717 0.9069903 0.94903165 0.92462224 0.9263396 0.91439945 0.90398026 0.9419761 0.99923354 0.928061 0.931862 0.91203403 0.90498227 0.9388226 0.9335961 0.84033674 0.8446418 0.9476152 0.9479691 0.71835554 0.94867724 0.6790131 0.93324894 0.96190137 0.8745262 0.85833514 0.21005002
0.9924427 0.8542633 0 0.19446675 0.8897634 0.9063204 0.91203403 0.90231323 0.890091 0.8832416 0.8996537 0.97941184 0.9096761 0.9106857 0.8907466 0.90398026 0.90799636 0.90231323 0.8489717 0.8505242 0.9036466 0.9043141 0.84649444 0.903313 0.86337715 0.9059856 0.9232511 0.35562924 0.3601415 0.86749893
0.97352946 0.8489717 0.19446675 0 0.89667284 0.9123715 0.90900373 0.90231323 0.8907466 0.8881276 0.9073255 0.9939465 0.91813165 0.90933985 0.8970035 0.90098226 0.9106857 0.9043141 0.86813504 0.8621135 0.903313 0.90398026 0.85582674 0.9036466 0.8542633 0.9063204 0.9263396 0.35226277 0.34922987 0.85802114
0.9709704 0.9069903 0.8897634 0.89667284 0 0.66359407 0.45476854 0.45697227 0.17174548 0.17540063 0.671876 0.9615409 0.45129248 0.46084443 0.16898443 0.16773276 0.65876466 0.65948707 0.9304776 0.931862 0.67163116 0.6699191 0.9229087 0.6689425 0.9059856 0.36843067 0.6892207 0.88910866 0.9019803 0.92085767
1.0041765 0.94903165 0.9063204 0.9123715 0.66359407 0 0.6782716 0.6767909 0.6582834 0.6652917 0.14859433 0.98496884 0.6772841 0.684224 0.6699191 0.67555916 0.14494589 0.1457956 0.9342909 0.94162506 0.41217485 0.4095806 0.92359364 0.4080283 0.9479691 0.6852207 0.42563516 0.9184719 0.92909575 0.9458484
0.98645765 0.92462224 0.91203403 0.90900373 0.45476854 0.6782716 0 0.13650121 0.4461991 0.4522057 0.6772841 0.9768326 0.28163853 0.2868976 0.4575242 0.45238847 0.67580533 0.6832287 0.9270277 0.9256522 0.684224 0.68223464 0.9174517 0.6827315 0.9346385 0.46920985 0.6929902 0.92119914 0.9249654 0.90565103
0.98869646 0.9263396 0.90231323 0.90231323 0.45697227 0.6767909 0.13650121 0 0.4474692 0.45385224 0.68298006 0.9458484 0.27960324 0.2880713 0.45697227 0.45495194 0.675067 0.68223464 0.9225665 0.9184719 0.67654437 0.67580533 0.90665525 0.67555916 0.93847305 0.45918247 0.67926043 0.9133848 0.9150766 0.910349
0.98237044 0.91439945 0.890091 0.8907466 0.17174548 0.6582834 0.4461991 0.4474692 0 0.12083112 0.661417 0.95794547 0.44910538 0.45440188 0.17136838 0.16798292 0.6558819 0.65277135 0.9205164 0.9218825 0.6682109 0.661417 0.9346385 0.6619002 0.91439945 0.36924827 0.6777777 0.89766514 0.895022 0.91169673
0.9779369 0.90398026 0.8832416 0.8881276 0.17540063 0.6652917 0.4522057 0.45385224 0.12083112 0 0.6696748 0.9504507 0.45257127 0.4660386 0.17426437 0.17312981 0.66359407 0.6616586 0.92462224 0.9218825 0.67629796 0.6723661 0.9242792 0.67114156 0.9113596 0.3736789 0.682483 0.8937039 0.9013148 0.90665525
1.0072346 0.9419761 0.8996537 0.9073255 0.671876 0.14859433 0.6772841 0.68298006 0.661417 0.6696748 0 0.98237044 0.68198633 0.6859691 0.6723661 0.6748211 0.122477666 0.12353807 0.92840576 0.932902 0.41096306 0.4087178 0.9249654 0.40699527 0.93847305 0.68721807 0.43076792 0.92017525 0.93568236 0.93812364
0.99961257 0.99923354 0.97941184 0.9939465 0.9615409 0.98496884 0.9768326 0.9458484 0.95794547 0.9504507 0.98237044 0 0.9687838 0.9783054 0.96769285 0.9644296 0.982 0.97978103 0.98645765 0.99131685 0.9808897 0.97243166 1.0072346 0.97206604 0.9608204 0.9950763 0.9962078 0.9709704 0.98237044 0.9931942
0.990942 0.928061 0.9096761 0.91813165 0.45129248 0.6772841 0.28163853 0.27960324 0.44910538 0.45257127 0.68198633 0.9687838 0 0.114979945 0.45770827 0.45385224 0.6777777 0.6837262 0.9353342 0.92909575 0.6854701 0.68298006 0.928061 0.6812419 0.9405729 0.46343702 0.6887196 0.92359364 0.9297863 0.9218825
0.98757625 0.931862 0.9106857 0.90933985 0.46084443 0.684224 0.2868976 0.2880713 0.45440188 0.4660386 0.6859691 0.9783054 0.114979945 0 0.46808907 0.46269536 0.6894714 0.6937464 0.9419761 0.9374253 0.69399863 0.6927383 0.9297863 0.6924865 0.932902 0.47483912 0.6972853 0.92085767 0.9249654 0.91779155
0.9842255 0.91203403 0.8907466 0.8970035 0.16898443 0.6699191 0.4575242 0.45697227 0.17136838 0.17426437 0.6723661 0.96769285 0.45770827 0.46808907 0 0.08829978 0.66359407 0.65948707 0.9322085 0.932902 0.675067 0.67065233 0.93116945 0.66918653 0.92017525 0.37929565 0.68198633 0.8904187 0.8979962 0.910349
0.9764649 0.90498227 0.90398026 0.90098226 0.16773276 0.67555916 0.45238847 0.45495194 0.16798292 0.17312981 0.6748211 0.9644296 0.45385224 0.46269536 0.08829978 0 0.66577744 0.66093403 0.93116945 0.9360306 0.67629796 0.6723661 0.93151563 0.67163116 0.9160936 0.3749967 0.6869681 0.8953518 0.9013148 0.9113596
0.99281836 0.9388226 0.90799636 0.9106857 0.65876466 0.14494589 0.67580533 0.675067 0.6558819 0.66359407 0.122477666 0.982 0.6777777 0.6894714 0.66359407 0.66577744 0 0.07902039 0.9229087 0.9322085 0.41529983 0.41252142 0.91643286 0.4100987 0.93568236 0.6760516 0.42917123 0.9160936 0.92909575 0.93672764
0.9816297 0.9335961 0.90231323 0.9043141 0.65948707 0.1457956 0.6832287 0.68223464 0.65277135 0.6616586 0.12353807 0.97978103 0.6837262 0.6937464 0.65948707 0.66093403 0.07902039 0 0.91406107 0.91915274 0.41547385 0.41252142 0.90766084 0.40992597 0.9304776 0.67926043 0.43343666 0.9160936 0.92085767 0.9259958
1.0103053 0.84033674 0.8489717 0.86813504 0.9304776 0.9342909 0.9270277 0.9225665 0.9205164 0.92462224 0.92840576 0.98645765 0.9353342 0.9419761 0.9322085 0.93116945 0.9229087 0.91406107 0 0.064822294 0.931862 0.928061 0.8486616 0.929441 0.85520095 0.94232726 0.9479691 0.8351422 0.8502134 0.8336212
1.0076177 0.8446418 0.8505242 0.8621135 0.931862 0.94162506 0.9256522 0.9184719 0.9218825 0.9218825 0.932902 0.99131685 0.92909575 0.9374253 0.932902 0.9360306 0.9322085 0.91915274 0.064822294 0 0.93116945 0.9287507 0.86274505 0.9287507 0.85363877 0.93672764 0.94549555 0.8446418 0.8592779 0.8375822
0.9894442 0.9476152 0.9036466 0.903313 0.67163116 0.41217485 0.684224 0.67654437 0.6682109 0.67629796 0.41096306 0.9808897 0.6854701 0.69399863 0.675067 0.67629796 0.41529983 0.41547385 0.931862 0.93116945 0 0.029367536 0.91406107 0.02843218 0.9297863 0.6795078 0.2556012 0.8963424 0.9133848 0.9536536
0.9842255 0.9479691 0.9043141 0.90398026 0.6699191 0.4095806 0.68223464 0.67580533 0.661417 0.6723661 0.4087178 0.97243166 0.68298006 0.6927383 0.67065233 0.6723661 0.41252142 0.41252142 0.928061 0.9287507 0.029367536 0 0.91949344 0.012707041 0.9270277 0.6775309 0.2557418 0.8979962 0.9127091 0.95508146
1.0130024 0.71835554 0.84649444 0.85582674 0.9229087 0.92359364 0.9174517 0.90665525 0.9346385 0.9242792 0.9249654 1.0072346 0.928061 0.9297863 0.93116945 0.93151563 0.91643286 0.90766084 0.8486616 0.86274505 0.91406107 0.91949344 0 0.91779155 0.7301751 0.9479691 0.94127417 0.853951 0.8461853 0.70928967
0.98683035 0.94867724 0.903313 0.9036466 0.6689425 0.4080283 0.6827315 0.67555916 0.6619002 0.67114156 0.40699527 0.97206604 0.6812419 0.6924865 0.66918653 0.67163116 0.4100987 0.40992597 0.929441 0.9287507 0.02843218 0.012707041 0.91779155 0 0.9301319 0.6770375 0.25503898 0.89667284 0.91169673 0.9554389
1.0072346 0.6790131 0.86337715 0.8542633 0.9059856 0.9479691 0.9346385 0.93847305 0.91439945 0.9113596 0.93847305 0.9608204 0.9405729 0.932902 0.92017525 0.9160936 0.93568236 0.9304776 0.85520095 0.85363877 0.9297863 0.9270277 0.7301751 0.9301319 0 0.92909575 0.9339434 0.86749893 0.84525883 0.67555916
0.99131685 0.93324894 0.9059856 0.9063204 0.36843067 0.6852207 0.46920985 0.45918247 0.36924827 0.3736789 0.68721807 0.9950763 0.46343702 0.47483912 0.37929565 0.3749967 0.6760516 0.67926043 0.94232726 0.93672764 0.6795078 0.6775309 0.9479691 0.6770375 0.92909575 0 0.6894714 0.90766084 0.9137229 0.91711193
1.0095364 0.96190137 0.9232511 0.9263396 0.6892207 0.42563516 0.6929902 0.67926043 0.6777777 0.682483 0.43076792 0.9962078 0.6887196 0.6972853 0.68198633 0.6869681 0.42917123 0.43343666 0.9479691 0.94549555 0.2556012 0.2557418 0.94127417 0.25503898 0.9339434 0.6894714 0 0.9249654 0.929441 0.9568702
0.9746289 0.8745262 0.35562924 0.35226277 0.88910866 0.9184719 0.92119914 0.9133848 0.89766514 0.8937039 0.92017525 0.9709704 0.92359364 0.92085767 0.8904187 0.8953518 0.9160936 0.9160936 0.8351422 0.8446418 0.8963424 0.8979962 0.853951 0.89667284 0.86749893 0.90766084 0.9249654 0 0.23138992 0.86972773
0.99357027 0.85833514 0.3601415 0.34922987 0.9019803 0.92909575 0.9249654 0.9150766 0.895022 0.9013148 0.93568236 0.98237044 0.9297863 0.9249654 0.8979962 0.9013148 0.92909575 0.92085767 0.8502134 0.8592779 0.9133848 0.9127091 0.8461853 0.91169673 0.84525883 0.9137229 0.929441 0.23138992 0 0.8599071
1.0188149 0.21005002 0.86749893 0.85802114 0.92085767 0.9458484 0.90565103 0.910349 0.91169673 0.90665525 0.93812364 0.9931942 0.9218825 0.91779155 0.910349 0.9113596 0.93672764 0.9259958 0.8336212 0.8375822 0.9536536 0.95508146 0.70928967 0.9554389 0.67555916 0.91711193 0.9568702 0.86972773 0.8599071 0
