0 0.9845971 1.0045581 0.97426224 1.0126165 0.9783054 0.9753628 0.9775687 1.0270288 1.01069 1.0270288 0.99169195 1.005704 0.98869646 0.9977191 1.0087683 1.0099207 0.99923354 1.0045581 0.98757625 0.9901927 0.9924427 1.0045581 0.9977191 0.97243166 1.0080011 1.0157093 0.9768326 0.9666036 1.005704
0.9845971 0 0.9783054 0.97941184 0.99658537 0.9977191 0.97170067 0.9662408 0.92393637 0.9270277 1.0053219 1.002652 0.9946995 0.93812364 0.94232726 0.9086678 0.91643286 0.9188122 0.91439945 0.99056727 0.99734104 0.99281836 0.49778837 1.0011308 0.50972915 0.9249654 0.3836194 0.9845971 0.99961257 0.2991651
1.0045581 0.9783054 0 0.78082377 0.2675062 0.78565425 0.7757428 0.77209455 1.0305767 1.014548 0.81768554 0.4621396 0.8079317 1.0188149 1.0141612 0.97978103 0.9842255 1.0168724 1.0157093 0.26864994 0.2679349 0.7813905 0.99734104 0.78736657 0.98348296 0.9939465 0.9920673 0.69804585 0.6982995 1.0060863
0.97426224 0.97941184 0.78082377 0 0.79109013 0.782809 0.22731678 0.23030159 1.0203725 1.0080011 0.8038317 0.78167397 0.80646485 1.01146 1.0246727 1.0157093 1.0087683 0.9894442 1.005704 0.77405685 0.778279 0.7751804 1.001891 0.7751804 0.99056727 1.0141612 1.0141612 0.78110707 0.7667942 0.9962078
1.0126165 0.99658537 0.2675062 0.79109013 0 0.79627645 0.7799746 0.782809 1.032159 1.0199828 0.814124 0.45623696 0.81087404 1.0254573 1.0227151 0.982 0.98237044 1.0045581 1.015322 0.21937022 0.21990632 0.79109013 0.98683035 0.79830307 0.99169195 1.001891 1.0034139 0.70007765 0.69022405 1.005704
0.9783054 0.9977191 0.78565425 0.782809 0.79627645 0 0.7796917 0.7813905 1.0149349 0.9958304 0.80324787 0.78736657 0.79598737 1.0180373 1.0087683 1.025065 1.0099207 0.9977191 0.99169195 0.78195757 0.7862246 0.19966878 0.99885464 0.20149805 0.98794943 0.98907024 1.0049399 0.78650993 0.77209455 1.0049399
0.9753628 0.97170067 0.7757428 0.22731678 0.7799746 0.7796917 0 0.18711564 0.990942 0.98348296 0.7813905 0.7706961 0.782809 0.9969631 0.99357027 0.9857129 0.9816297 0.9673296 0.98237044 0.77181464 0.77856135 0.7687426 0.98125964 0.7709756 0.9706055 0.9977191 0.99545324 0.76346576 0.7640195 0.9838541
0.9775687 0.9662408 0.77209455 0.23030159 0.782809 0.7813905 0.18711564 0 0.9958304 0.9969631 0.79859304 0.7723746 0.8041238 1.002652 1.001891 1.0122308 0.99999183 0.9691478 0.9853408 0.7746184 0.77940893 0.7618071 0.98907024 0.7629125 0.9801504 0.9946995 1.0076177 0.7845149 0.7751804 0.9931942
1.0270288 0.92393637 1.0305767 1.0203725 1.032159 1.0149349 0.990942 0.9958304 0 0.19084668 1.0211525 1.032159 1.0053219 0.6049049 0.603562 0.46883607 0.47540435 0.34367487 0.34020412 1.0049399 1.014548 1.0238891 0.9500957 1.0246727 0.944438 0.5968834 0.9565121 1.0207624 0.9977191 0.91406107
1.01069 0.9270277 1.014548 1.0080011 1.0199828 0.9958304 0.98348296 0.9969631 0.19084668 0 1.014548 1.0168724 1.0064689 0.6031149 0.60244477 0.4662248 0.47014514 0.3422531 0.33847472 0.9958304 0.9962078 1.005704 0.93116945 1.0083846 0.9360306 0.58610135 0.94267863 1.0022715 0.98496884 0.9106857
1.0270288 1.0053219 0.81768554 0.8038317 0.814124 0.80324787 0.7813905 0.79859304 1.0211525 1.014548 0 0.79888314 0.16785783 1.01146 1.0072346 1.0015109 0.99847597 1.0076177 1.0103053 0.81679356 0.8251602 0.793967 1.0141612 0.79425526 1.01069 1.018426 0.99923354 0.80441606 0.7905161 1.0049399
0.99169195 1.002652 0.4621396 0.78167397 0.45623696 0.78736657 0.7706961 0.7723746 1.032159 1.0168724 0.79888314 0 0.8000446 1.0361294 1.0329514 1.0068517 0.99847597 1.0076177 1.0215429 0.46010533 0.458445 0.7791263 1.0168724 0.78394586 1.0015109 1.0258498 0.9977191 0.6869681 0.6887196 1.001891
1.005704 0.9946995 0.8079317 0.80646485 0.81087404 0.79598737 0.782809 0.8041238 1.0053219 1.0064689 0.16785783 0.8000446 0 1.0030329 0.99847597 0.98907024 0.9901927 1.0034139 0.9977191 0.80353975 0.8120542 0.778279 0.9946995 0.782809 0.9943229 1.015322 0.9753628 0.8038317 0.7980132 0.99357027
0.98869646 0.93812364 1.0188149 1.01146 1.0254573 1.0180373 0.9969631 1.002652 0.6049049 0.6031149 1.01146 1.0361294 1.0030329 0 0.13482362 0.5856646 0.58631986 0.5856646 0.5926842 1.025065 1.0317632 1.0030329 0.93987226 1.0103053 0.9374253 0.4130416 0.94549555 1.0037951 0.9969631 0.93082345
0.9977191 0.94232726 1.0141612 1.0246727 1.0227151 1.0087683 0.99357027 1.001891 0.603562 0.60244477 1.0072346 1.0329514 0.99847597 0.13482362 0 0.5711766 0.57482624 0.5856646 0.58653843 1.0242808 1.0223241 0.9962078 0.9440858 1.0041765 0.9349863 0.4102715 0.95508146 1.0003713 0.99734104 0.93568236
1.0087683 0.9086678 0.97978103 1.0157093 0.982 1.025065 0.9857129 1.0122308 0.46883607 0.4662248 1.0015109 1.0068517 0.98907024 0.5856646 0.5711766 0 0.078132026 0.45605326 0.45421863 0.9706055 0.9853408 1.0064689 0.929441 1.0099207 0.9335961 0.573751 0.91813165 0.99999183 0.99847597 0.90799636
1.0099207 0.91643286 0.9842255 1.0087683 0.98237044 1.0099207 0.9816297 0.99999183 0.47540435 0.47014514 0.99847597 0.99847597 0.9901927 0.58631986 0.57482624 0.078132026 0 0.45899805 0.45973605 0.9698763 0.9857129 0.99923354 0.936379 1.0049399 0.93568236 0.57762915 0.91813165 1.0080011 1.0083846 0.9073255
0.99923354 0.9188122 1.0168724 0.9894442 1.0045581 0.9977191 0.9673296 0.9691478 0.34367487 0.3422531 1.0076177 1.0076177 1.0034139 0.5856646 0.5856646 0.45605326 0.45899805 0 0.0711727 0.9894442 0.99658537 0.9980974 0.9370764 1.0011308 0.94373375 0.56520385 0.9339434 0.99658537 0.99999183 0.9133848
1.0045581 0.91439945 1.0157093 1.005704 1.015322 0.99169195 0.98237044 0.9853408 0.34020412 0.33847472 1.0103053 1.0215429 0.9977191 0.5926842 0.58653843 0.45421863 0.45973605 0.0711727 0 1.002652 1.0034139 0.9901927 0.9349863 0.9931942 0.9388226 0.5750415 0.92909575 0.9943229 0.9931942 0.9127091
0.98757625 0.99056727 0.26864994 0.77405685 0.21937022 0.78195757 0.77181464 0.7746184 1.0049399 0.9958304 0.81679356 0.46010533 0.80353975 1.025065 1.0242808 0.9706055 0.9698763 0.9894442 1.002652 0 0.067115374 0.7726547 0.9853408 0.77715075 0.97978103 0.99131685 1.0015109 0.6988071 0.68298006 1.0030329
0.9901927 0.99734104 0.2679349 0.778279 0.21990632 0.7862246 0.77856135 0.77940893 1.014548 0.9962078 0.8251602 0.458445 0.8120542 1.0317632 1.0223241 0.9853408 0.9857129 0.99658537 1.0034139 0.067115374 0 0.77405685 0.9853408 0.7799746 0.982 0.9924427 1.0045581 0.700841 0.68621874 1.0087683
0.9924427 0.99281836 0.7813905 0.7751804 0.79109013 0.19966878 0.7687426 0.7618071 1.0238891 1.005704 0.793967 0.7791263 0.778279 1.0030329 0.9962078 1.0064689 0.99923354 0.9980974 0.9901927 0.7726547 0.77405685 0 0.99281836 0.022020116 0.99999183 0.98348296 1.0011308 0.7760242 0.75822586 0.9939465
1.0045581 0.49778837 0.99734104 1.001891 0.98683035 0.99885464 0.98125964 0.98907024 0.9500957 0.93116945 1.0141612 1.0168724 0.9946995 0.93987226 0.9440858 0.929441 0.936379 0.9370764 0.9349863 0.9853408 0.9853408 0.99281836 0 0.98869646 0.4507451 0.9335961 0.5258845 0.9931942 1.0015109 0.50285465
0.9977191 1.0011308 0.78736657 0.7751804 0.79830307 0.20149805 0.7709756 0.7629125 1.0246727 1.0083846 0.79425526 0.78394586 0.782809 1.0103053 1.0041765 1.0099207 1.0049399 1.0011308 0.9931942 0.77715075 0.7799746 0.022020116 0.98869646 0 1.0034139 0.98794943 1.0053219 0.7853693 0.76374257 0.99961257
0.97243166 0.50972915 0.98348296 0.99056727 0.99169195 0.98794943 0.9706055 0.9801504 0.944438 0.9360306 1.01069 1.0015109 0.9943229 0.9374253 0.9349863 0.9335961 0.93568236 0.94373375 0.9388226 0.97978103 0.982 0.99999183 0.4507451 1.0034139 0 0.9339434 0.5206608 1.0087683 1.0103053 0.5040287
1.0080011 0.9249654 0.9939465 1.0141612 1.001891 0.98907024 0.9977191 0.9946995 0.5968834 0.58610135 1.018426 1.0258498 1.015322 0.4130416 0.4102715 0.573751 0.57762915 0.56520385 0.5750415 0.99131685 0.9924427 0.98348296 0.9335961 0.98794943 0.9339434 0 0.9335961 1.0122308 1.0180373 0.9130469
1.0157093 0.3836194 0.9920673 1.0141612 1.0034139 1.0049399 0.99545324 1.0076177 0.9565121 0.94267863 0.99923354 0.9977191 0.9753628 0.94549555 0.95508146 0.91813165 0.91813165 0.9339434 0.92909575 1.0015109 1.0045581 1.0011308 0.5258845 1.0053219 0.5206608 0.9335961 0 0.990942 0.9950763 0.38195345
0.9768326 0.9845971 0.69804585 0.78110707 0.70007765 0.78650993 0.76346576 0.7845149 1.0207624 1.0022715 0.80441606 0.6869681 0.8038317 1.0037951 1.0003713 0.99999183 1.0080011 0.99658537 0.9943229 0.6988071 0.700841 0.7760242 0.9931942 0.7853693 1.0087683 1.0122308 0.990942 0 0.35611138 0.98496884
0.9666036 0.99961257 0.6982995 0.7667942 0.69022405 0.77209455 0.7640195 0.7751804 0.9977191 0.98496884 0.7905161 0.6887196 0.7980132 0.9969631 0.99734104 0.99847597 1.0083846 0.99999183 0.9931942 0.68298006 0.68621874 0.75822586 1.0015109 0.76374257 1.0103053 1.0180373 0.9950763 0.35611138 0 0.97941184
1.005704 0.2991651 1.0060863 0.9962078 1.005704 1.0049399 0.9838541 0.9931942 0.91406107 0.9106857 1.0049399 1.001891 0.99357027 0.93082345 0.93568236 0.90799636 0.9073255 0.9133848 0.9127091 1.0030329 1.0087683 0.9939465 0.50285465 0.99961257 0.5040287 0.9130469 0.38195345 0.98496884 0.97941184 0
