0 0.9304776 0.92085767 0.92119914 0.90164745 1.000751 0.9259958 0.93672764 0.9229087 0.9322085 0.98794943 0.8605368 0.86877173 0.86591095 0.9572284 0.9604604 0.92085767 0.982 0.990942 0.91439945 0.90933985 0.9738958 0.9962078 0.97720057 0.9388226 0.92909575 0.8517685 0.9073255 0.9130469 0.9174517
0.9304776 0 0.16986184 0.17426437 0.7598766 1.0030329 0.17212276 0.17124271 0.7087749 0.71032023 0.9827411 0.9184719 0.9073255 0.8989902 0.9713354 0.97024083 0.7563045 0.9962078 1.0049399 0.7554826 0.7557565 0.98645765 0.9946995 0.9831119 0.7113522 0.3189448 0.9036466 0.30394885 0.31680587 0.22057699
0.92085767 0.16986184 0 0.15385495 0.75002605 0.9958304 0.15631437 0.15841123 0.70288044 0.70109564 0.9768326 0.9174517 0.8835664 0.8793556 0.97024083 0.9691478 0.7532952 0.9790429 0.9872032 0.74893945 0.7475835 0.98869646 0.9764649 0.9831119 0.7080034 0.31589106 0.8848668 0.30035818 0.31027418 0.21363124
0.92119914 0.17426437 0.15385495 0 0.7535683 0.99923354 0.14981444 0.1518932 0.7098048 0.71083605 0.9746289 0.9150766 0.88910866 0.88616943 0.97024083 0.9669665 0.75712734 0.9894442 0.99658537 0.75138646 0.75056994 0.9801504 0.9831119 0.9783054 0.71549445 0.32185742 0.89667284 0.30469906 0.31543407 0.21977226
0.90164745 0.7598766 0.75002605 0.7535683 0 1.005704 0.75384146 0.7565787 0.76485085 0.7618071 0.99169195 0.89601207 0.88616943 0.8848668 0.9816297 0.9779369 0.12141876 0.98757625 0.99658537 0.11918818 0.118719436 0.99131685 0.9898184 0.9898184 0.7563045 0.77546155 0.8910746 0.7601521 0.76346576 0.7609791
1.000751 1.0030329 0.9958304 0.99923354 1.005704 0 0.98496884 1.0103053 0.99131685 1.0041765 0.47070688 0.99131685 1.0095364 1.0080011 0.47389796 0.471644 1.0219333 0.10651837 0.108480364 1.0199828 1.019204 0.46548036 0.48108047 0.4656664 1.0157093 1.019204 0.98869646 0.9980974 1.036926 1.0095364
0.9259958 0.17212276 0.15631437 0.14981444 0.75384146 0.98496884 0 0.087962374 0.70903224 0.71006244 0.982 0.92393637 0.90398026 0.9006499 0.9655158 0.96190137 0.750842 0.97978103 0.98645765 0.7478545 0.7475835 0.98794943 0.9898184 0.98794943 0.7110941 0.31833306 0.90565103 0.2981227 0.31421676 0.21669547
0.93672764 0.17124271 0.15841123 0.1518932 0.7565787 1.0103053 0.087962374 0 0.7087749 0.7067194 0.9977191 0.9263396 0.910349 0.9073255 0.98869646 0.98645765 0.7590508 1.000751 1.0080011 0.7554826 0.75712734 1.0080011 1.001891 1.0060863 0.71627367 0.3206297 0.90933985 0.30065674 0.31391275 0.21709608
0.9229087 0.7087749 0.70288044 0.7098048 0.76485085 0.99131685 0.70903224 0.7087749 0 0.084372774 0.98496884 0.9096761 0.9263396 0.9259958 0.96406794 0.9626228 0.7667942 0.9808897 0.98832285 0.76651627 0.7667942 0.9768326 1.0015109 0.9753628 0.33973208 0.7241107 0.9259958 0.7110941 0.7196597 0.70928967
0.9322085 0.71032023 0.70109564 0.71083605 0.7618071 1.0041765 0.71006244 0.7067194 0.084372774 0 0.9958304 0.9086678 0.9232511 0.9222244 0.9738958 0.97499573 0.7598766 0.9969631 1.002652 0.76042765 0.7601521 0.98125964 1.0095364 0.98125964 0.34036154 0.71887696 0.9242792 0.7082605 0.7152349 0.7085177
0.98794943 0.9827411 0.9768326 0.9746289 0.99169195 0.47070688 0.982 0.9977191 0.98496884 0.9958304 0 1.0157093 1.0060863 1.0083846 0.26679227 0.26622158 1.0091523 0.4647367 0.46977088 1.0072346 1.0080011 0.08236115 0.41269478 0.08191486 1.0234975 1.0157093 0.99961257 0.9808897 1.0274222 0.9831119
0.8605368 0.9184719 0.9174517 0.9150766 0.89601207 0.99131685 0.92393637 0.9263396 0.9096761 0.9086678 1.0157093 0 0.59092313 0.5968834 0.97720057 0.97609735 0.8989902 0.98125964 0.9898184 0.89469224 0.895022 1.0053219 1.019204 1.0049399 0.93255514 0.9322085 0.58807015 0.9270277 0.93847305 0.936379
0.86877173 0.9073255 0.8835664 0.88910866 0.88616943 1.0095364 0.90398026 0.910349 0.9263396 0.9232511 1.0060863 0.59092313 0 0.0515304 0.97609735 0.97426224 0.90231323 1.002652 1.0064689 0.89667284 0.8956819 0.9931942 1.01069 0.9962078 0.9259958 0.90031767 0.29396757 0.8871479 0.8887815 0.8953518
0.86591095 0.8989902 0.8793556 0.88616943 0.8848668 1.0080011 0.9006499 0.9073255 0.9259958 0.9222244 1.0083846 0.5968834 0.0515304 0 0.9775687 0.9738958 0.9019803 1.000751 1.005704 0.8963424 0.8963424 0.99734104 1.01069 0.99961257 0.9222244 0.9006499 0.29856926 0.8907466 0.89304566 0.8907466
0.9572284 0.9713354 0.97024083 0.97024083 0.9816297 0.47389796 0.9655158 0.98869646 0.96406794 0.9738958 0.26679227 0.97720057 0.97609735 0.9775687 0 0.038996473 0.9853408 0.46920985 0.4731459 0.97978103 0.97720057 0.26679227 0.4087178 0.26736337 0.9827411 0.9898184 0.959741 0.9709704 0.99923354 0.9651536
0.9604604 0.97024083 0.9691478 0.9669665 0.9779369 0.471644 0.96190137 0.98645765 0.9626228 0.97499573 0.26622158 0.97609735 0.97426224 0.9738958 0.038996473 0 0.98125964 0.46958384 0.47352183 0.9779369 0.97573 0.2657939 0.40854537 0.26722056 0.9853408 0.98051995 0.9604604 0.9615409 0.99357027 0.9615409
0.92085767 0.7563045 0.7532952 0.75712734 0.12141876 1.0219333 0.750842 0.7590508 0.7667942 0.7598766 1.0091523 0.8989902 0.90231323 0.9019803 0.9853408 0.98125964 0 0.99999183 1.0091523 0.036892682 0.035842996 1.0049399 0.99847597 1.0030329 0.761255 0.7743376 0.90498227 0.75466156 0.7659607 0.7618071
0.982 0.9962078 0.9790429 0.9894442 0.98757625 0.10651837 0.97978103 1.000751 0.9808897 0.9969631 0.4647367 0.98125964 1.002652 1.000751 0.46920985 0.46958384 0.99999183 0 0.018731989 0.99999183 0.99885464 0.46195444 0.47540435 0.46251008 1.0072346 1.0049399 0.9853408 0.97499573 1.0133885 0.99281836
0.990942 1.0049399 0.9872032 0.99658537 0.99658537 0.108480364 0.98645765 1.0080011 0.98832285 1.002652 0.46977088 0.9898184 1.0064689 1.005704 0.4731459 0.47352183 1.0091523 0.018731989 0 1.0080011 1.0064689 0.4662248 0.47785875 0.46659726 1.0133885 1.0118452 0.99131685 0.98348296 1.0176488 0.99999183
0.91439945 0.7554826 0.74893945 0.75138646 0.11918818 1.0199828 0.7478545 0.7554826 0.76651627 0.76042765 1.0072346 0.89469224 0.89667284 0.8963424 0.97978103 0.9779369 0.036892682 0.99999183 1.0080011 0 0.00956068 1.001891 1.0015109 0.99999183 0.7631891 0.7729349 0.9006499 0.7494826 0.7620833 0.7607034
0.90933985 0.7557565 0.7475835 0.75056994 0.118719436 1.019204 0.7475835 0.75712734 0.7667942 0.7601521 1.0080011 0.895022 0.8956819 0.8963424 0.97720057 0.97573 0.035842996 0.99885464 1.0064689 0.00956068 0 1.002652 1.0011308 0.99961257 0.76429653 0.7723746 0.8979962 0.7522039 0.76346576 0.761255
0.9738958 0.98645765 0.98869646 0.9801504 0.99131685 0.46548036 0.98794943 1.0080011 0.9768326 0.98125964 0.08236115 1.0053219 0.9931942 0.99734104 0.26679227 0.2657939 1.0049399 0.46195444 0.4662248 1.001891 1.002652 0 0.41564786 0.009965921 1.0080011 1.0141612 0.99734104 0.98794943 1.0417235 0.9894442
0.9962078 0.9946995 0.9764649 0.9831119 0.9898184 0.48108047 0.9898184 1.001891 1.0015109 1.0095364 0.41269478 1.019204 1.01069 1.01069 0.4087178 0.40854537 0.99847597 0.47540435 0.47785875 1.0015109 1.0011308 0.41564786 0 0.41529983 1.018426 1.01146 1.0015109 0.98869646 1.0180373 0.98757625
0.97720057 0.9831119 0.9831119 0.9783054 0.9898184 0.4656664 0.98794943 1.0060863 0.9753628 0.98125964 0.08191486 1.0049399 0.9962078 0.99961257 0.26736337 0.26722056 1.0030329 0.46251008 0.46659726 0.99999183 0.99961257 0.009965921 0.41529983 0 1.0045581 1.01146 0.99961257 0.9827411 1.0377234 0.9857129
0.9388226 0.7113522 0.7080034 0.71549445 0.7563045 1.0157093 0.7110941 0.71627367 0.33973208 0.34036154 1.0234975 0.93255514 0.9259958 0.9222244 0.9827411 0.9853408 0.761255 1.0072346 1.0133885 0.7631891 0.76429653 1.0080011 1.018426 1.0045581 0 0.7336246 0.91949344 0.7220128 0.7291169 0.71992075
0.92909575 0.3189448 0.31589106 0.32185742 0.77546155 1.019204 0.31833306 0.3206297 0.7241107 0.71887696 1.0157093 0.9322085 0.90031767 0.9006499 0.9898184 0.98051995 0.7743376 1.0049399 1.0118452 0.7729349 0.7723746 1.0141612 1.01146 1.01146 0.7336246 0 0.89932185 0.31619588 0.32833627 0.32078305
0.8517685 0.9036466 0.8848668 0.89667284 0.8910746 0.98869646 0.90565103 0.90933985 0.9259958 0.9242792 0.99961257 0.58807015 0.29396757 0.29856926 0.959741 0.9604604 0.90498227 0.9853408 0.99131685 0.9006499 0.8979962 0.99734104 1.0015109 0.99961257 0.91949344 0.89932185 0 0.88682157 0.895022 0.8927168
0.9073255 0.30394885 0.30035818 0.30469906 0.7601521 0.9980974 0.2981227 0.30065674 0.7110941 0.7082605 0.9808897 0.9270277 0.8871479 0.8907466 0.9709704 0.9615409 0.75466156 0.97499573 0.98348296 0.7494826 0.7522039 0.98794943 0.98869646 0.9827411 0.7220128 0.31619588 0.88682157 0 0.2609634 0.30050746
0.9130469 0.31680587 0.31027418 0.31543407 0.76346576 1.036926 0.31421676 0.31391275 0.7196597 0.7152349 1.0274222 0.93847305 0.8887815 0.89304566 0.99923354 0.99357027 0.7659607 1.0133885 1.0176488 0.7620833 0.76346576 1.0417235 1.0180373 1.0377234 0.7291169 0.32833627 0.895022 0.2609634 0 0.3143688
0.9174517 0.22057699 0.21363124 0.21977226 0.7609791 1.0095364 0.21669547 0.21709608 0.70928967 0.7085177 0.9831119 0.936379 0.8953518 0.8907466 0.9651536 0.9615409 0.7618071 0.99281836 0.99999183 0.7607034 0.761255 0.9894442 0.98757625 0.9857129 0.71992075 0.32078305 0.8927168 0.30050746 0.3143688 0
