0 0.77771467 0.6306556 0.63414127 0.82156307 0.8940332 0.87645423 0.82156307 0.81709075 1.0238891 1.0110749 0.6444604 0.7890828 0.8608519 0.85582674 0.86877173 0.8684533 0.7893693 0.7893693 0.8914027 0.8887815 0.77771467 0.7227989 0.7791263 0.70697606 0.7098048 0.71783453 0.8729233 0.7695792 0.7791263
0.77771467 0 0.7746184 0.7734957 0.81738806 0.87677604 0.8555138 0.8156059 0.81442016 0.99357027 0.9845971 0.78167397 0.25013745 0.8483516 0.8486616 0.8599071 0.85520095 0.24707282 0.24846429 0.8649598 0.85645306 0.385289 0.790803 0.38612524 0.7791263 0.78082377 0.7687426 0.8662283 0.5951125 0.6026681
0.6306556 0.7746184 0 0.17996301 0.800626 0.8636934 0.8406434 0.80353975 0.8096957 1.0122308 1.0076177 0.610075 0.7765873 0.8375822 0.84433347 0.8437172 0.84279376 0.7746184 0.7690214 0.84649444 0.84525883 0.78337723 0.70697606 0.7836615 0.6945033 0.6892207 0.6965256 0.8437172 0.76346576 0.7760242
0.63414127 0.7734957 0.17996301 0 0.82305974 0.87100434 0.8505242 0.8212641 0.82606214 1.0049399 1.0037951 0.6103006 0.78167397 0.84125715 0.84711295 0.8468036 0.8468036 0.77771467 0.7774327 0.853951 0.85114604 0.7936788 0.70928967 0.7916646 0.69349426 0.6988071 0.69399863 0.8455675 0.77209455 0.782809
0.82156307 0.81738806 0.800626 0.82305974 0 0.89766514 0.87967867 0.17187122 0.17375991 1.0141612 0.99169195 0.8354467 0.8293787 0.8602219 0.85270303 0.8963424 0.8842163 0.8327101 0.83636117 0.877098 0.8745262 0.8179831 0.83941746 0.8194727 0.8400302 0.8327101 0.82305974 0.88226825 0.82877463 0.8366663
0.8940332 0.87677604 0.8636934 0.87100434 0.89766514 0 0.14713283 0.8940332 0.88682157 1.01146 1.0130024 0.8800019 0.90164745 0.27094263 0.26479682 0.5964403 0.58763224 0.88943595 0.8927168 0.2699387 0.26950887 0.88910866 0.8851922 0.8858435 0.8809723 0.87806475 0.8996537 0.3238568 0.88064873 0.8832416
0.87645423 0.8555138 0.8406434 0.8505242 0.87967867 0.14713283 0 0.88162 0.87677604 0.9958304 0.9977191 0.85833514 0.88194406 0.26650688 0.25884217 0.5935663 0.5871945 0.87420535 0.8745262 0.26408544 0.2638011 0.86749893 0.88194406 0.8649598 0.88454145 0.86909026 0.88291705 0.32124332 0.86591095 0.8713238
0.82156307 0.8156059 0.80353975 0.8212641 0.17187122 0.8940332 0.88162 0 0.15177076 0.99658537 0.98757625 0.82305974 0.8203678 0.864643 0.8605368 0.8956819 0.88454145 0.8164965 0.8200693 0.87806475 0.87677604 0.81857854 0.8354467 0.81977093 0.8269652 0.8305884 0.8191745 0.88162 0.81442016 0.83788776
0.81709075 0.81442016 0.8096957 0.82606214 0.17375991 0.88682157 0.87677604 0.15177076 0 1.0064689 0.99056727 0.8327101 0.81977093 0.864643 0.85707986 0.8838912 0.8738847 0.8224607 0.829681 0.8722831 0.86972773 0.8224607 0.83210325 0.82156307 0.8375822 0.8194727 0.81738806 0.87356406 0.80646485 0.82395923
1.0238891 0.99357027 1.0122308 1.0049399 1.0141612 1.01146 0.9958304 0.99658537 1.0064689 0 0.14107366 1.0041765 1.0160967 0.9831119 0.98757625 0.9860852 0.9853408 1.0034139 1.0041765 0.990942 0.9894442 0.98757625 0.9894442 0.99281836 0.99131685 0.9901927 0.9901927 0.9860852 0.990942 1.0149349
1.0110749 0.9845971 1.0076177 1.0037951 0.99169195 1.0130024 0.9977191 0.98757625 0.99056727 0.14107366 0 1.01146 1.0118452 0.9962078 1.000751 0.9838541 0.9753628 1.002652 0.9969631 1.0041765 1.0015109 0.99357027 1.0022715 0.99999183 0.9853408 0.9943229 0.9860852 0.9943229 0.9969631 1.005704
0.6444604 0.78167397 0.610075 0.6103006 0.8354467 0.8800019 0.85833514 0.82305974 0.8327101 1.0041765 1.01146 0 0.78167397 0.8517685 0.85864925 0.86559373 0.85582674 0.782809 0.7830931 0.8640098 0.86148244 0.7723746 0.71887696 0.7659607 0.71186876 0.69956917 0.7026252 0.8486616 0.77321523 0.79598737
0.7890828 0.25013745 0.7765873 0.78167397 0.8293787 0.90164745 0.88194406 0.8203678 0.81977093 1.0160967 1.0118452 0.78167397 0 0.87645423 0.8803252 0.87420535 0.86813504 0.1218892 0.12542693 0.8884545 0.88259256 0.39861146 0.8076381 0.3981012 0.7945437 0.8000446 0.78167397 0.90231323 0.6015522 0.61278665
0.8608519 0.8483516 0.8375822 0.84125715 0.8602219 0.27094263 0.26650688 0.864643 0.864643 0.9831119 0.9962078 0.8517685 0.87645423 0 0.10674893 0.5907033 0.5763342 0.8716434 0.8716434 0.22664008 0.22582883 0.8662283 0.8726031 0.8668633 0.8751683 0.8694089 0.8881276 0.31482518 0.85959244 0.86972773
0.85582674 0.8486616 0.84433347 0.84711295 0.85270303 0.26479682 0.25884217 0.8605368 0.85707986 0.98757625 1.000751 0.85864925 0.8803252 0.10674893 0 0.58763224 0.57267725 0.87324363 0.8738847 0.22245803 0.22178568 0.8713238 0.8700467 0.87100434 0.8700467 0.86718106 0.8887815 0.3093673 0.86337715 0.8703658
0.86877173 0.8599071 0.8437172 0.8468036 0.8963424 0.5964403 0.5935663 0.8956819 0.8838912 0.9860852 0.9838541 0.86559373 0.87420535 0.5907033 0.58763224 0 0.08169181 0.87774235 0.86909026 0.58982456 0.58982456 0.86337715 0.88064873 0.86148244 0.87420535 0.847732 0.8517685 0.585228 0.85959244 0.87100434
0.8684533 0.85520095 0.84279376 0.8468036 0.8842163 0.58763224 0.5871945 0.88454145 0.8738847 0.9853408 0.9753628 0.85582674 0.86813504 0.5763342 0.57267725 0.08169181 0 0.87420535 0.86813504 0.58174473 0.5828315 0.8611671 0.8700467 0.8599071 0.864643 0.84928197 0.8483516 0.5754721 0.8605368 0.86972773
0.7893693 0.24707282 0.7746184 0.77771467 0.8327101 0.88943595 0.87420535 0.8164965 0.8224607 1.0034139 1.002652 0.782809 0.1218892 0.8716434 0.87324363 0.87774235 0.87420535 0 0.048323896 0.8871479 0.8812961 0.39487758 0.80324787 0.3950469 0.7893693 0.8088132 0.78650993 0.8923881 0.5951125 0.6078228
0.7893693 0.24846429 0.7690214 0.7774327 0.83636117 0.8927168 0.8745262 0.8200693 0.829681 1.0041765 0.9969631 0.7830931 0.12542693 0.8716434 0.8738847 0.86909026 0.86813504 0.048323896 0 0.8838912 0.87645423 0.39776123 0.80353975 0.3979312 0.78793824 0.8082254 0.7867954 0.8933747 0.5984365 0.6123341
0.8914027 0.8649598 0.84649444 0.853951 0.877098 0.2699387 0.26408544 0.87806475 0.8722831 0.990942 1.0041765 0.8640098 0.8884545 0.22664008 0.22245803 0.58982456 0.58174473 0.8871479 0.8838912 0 0.021093873 0.88162 0.88454145 0.87581104 0.8787099 0.8838912 0.8983274 0.31573868 0.8640098 0.87581104
0.8887815 0.85645306 0.84525883 0.85114604 0.8745262 0.26950887 0.2638011 0.87677604 0.86972773 0.9894442 1.0015109 0.86148244 0.88259256 0.22582883 0.22178568 0.58982456 0.5828315 0.8812961 0.87645423 0.021093873 0 0.8774201 0.8783872 0.8719632 0.87581104 0.87581104 0.8953518 0.31543407 0.8605368 0.87484723
0.77771467 0.385289 0.78337723 0.7936788 0.8179831 0.88910866 0.86749893 0.81857854 0.8224607 0.98757625 0.99357027 0.7723746 0.39861146 0.8662283 0.8713238 0.86337715 0.8611671 0.39487758 0.39776123 0.88162 0.8774201 0 0.8073446 0.020066053 0.7936788 0.7980132 0.7905161 0.877098 0.60222155 0.6112037
0.7227989 0.790803 0.70697606 0.70928967 0.83941746 0.8851922 0.88194406 0.8354467 0.83210325 0.9894442 1.0022715 0.71887696 0.8076381 0.8726031 0.8700467 0.88064873 0.8700467 0.80324787 0.80353975 0.88454145 0.8783872 0.8073446 0 0.80705124 0.44420755 0.47220686 0.46343702 0.870685 0.81738806 0.8257614
0.7791263 0.38612524 0.7836615 0.7916646 0.8194727 0.8858435 0.8649598 0.81977093 0.82156307 0.99281836 0.99999183 0.7659607 0.3981012 0.8668633 0.87100434 0.86148244 0.8599071 0.3950469 0.3979312 0.87581104 0.8719632 0.020066053 0.80705124 0 0.79109013 0.79743385 0.79223955 0.87806475 0.60043794 0.6091733
0.70697606 0.7791263 0.6945033 0.69349426 0.8400302 0.8809723 0.88454145 0.8269652 0.8375822 0.99131685 0.9853408 0.71186876 0.7945437 0.8751683 0.8700467 0.87420535 0.864643 0.7893693 0.78793824 0.8787099 0.87581104 0.7936788 0.44420755 0.79109013 0 0.45312 0.45807657 0.87677604 0.80587894 0.8041238
0.7098048 0.78082377 0.6892207 0.6988071 0.8327101 0.87806475 0.86909026 0.8305884 0.8194727 0.9901927 0.9943229 0.69956917 0.8000446 0.8694089 0.86718106 0.847732 0.84928197 0.8088132 0.8082254 0.8838912 0.87581104 0.7980132 0.47220686 0.79743385 0.45312 0 0.35034582 0.870685 0.7896558 0.7945437
0.71783453 0.7687426 0.6965256 0.69399863 0.82305974 0.8996537 0.88291705 0.8191745 0.81738806 0.9901927 0.9860852 0.7026252 0.78167397 0.8881276 0.8887815 0.8517685 0.8483516 0.78650993 0.7867954 0.8983274 0.8953518 0.7905161 0.46343702 0.79223955 0.45807657 0.35034582 0 0.87324363 0.791952 0.79598737
0.8729233 0.8662283 0.8437172 0.8455675 0.88226825 0.3238568 0.32124332 0.88162 0.87356406 0.9860852 0.9943229 0.8486616 0.90231323 0.31482518 0.3093673 0.585228 0.5754721 0.8923881 0.8933747 0.31573868 0.31543407 0.877098 0.870685 0.87806475 0.87677604 0.870685 0.87324363 0 0.87484723 0.8842163
0.7695792 0.5951125 0.76346576 0.77209455 0.82877463 0.88064873 0.86591095 0.81442016 0.80646485 0.990942 0.9969631 0.77321523 0.6015522 0.85959244 0.86337715 0.85959244 0.8605368 0.5951125 0.5984365 0.8640098 0.8605368 0.60222155 0.81738806 0.60043794 0.80587894 0.7896558 0.791952 0.87484723 0 0.30319938
0.7791263 0.6026681 0.7760242 0.782809 0.8366663 0.8832416 0.8713238 0.83788776 0.82395923 1.0149349 1.005704 0.79598737 0.61278665 0.86972773 0.8703658 0.87100434 0.86972773 0.6078228 0.6123341 0.87581104 0.87484723 0.6112037 0.8257614 0.6091733 0.8041238 0.7945437 0.79598737 0.8842163 0.30319938 0
