0 1.0011308 0.9946995 1.0068517 1.0034139 0.5584356 0.56223524 1.0270288 1.0353336 1.0274222 1.0293922 0.76985824 0.4919849 0.49082956 0.76512814 0.75411475 0.75520885 0.483363 0.48546144 1.0083846 1.0103053 0.7659607 1.0258498 0.7631891 1.0003713 1.0180373 0.9977191 1.0293922 1.0337447 1.0133885
1.0011308 0 0.14482458 0.3836194 0.39183635 1.0176488 1.0180373 0.67089695 0.675067 0.6844731 0.68198633 0.99961257 0.9901927 0.98794943 0.99734104 1.0103053 1.0080011 1.0041765 0.99961257 0.21629508 0.21656199 0.99847597 0.41966185 0.99885464 0.47729164 0.49449423 0.40099728 0.42088777 0.67802465 0.21602827
0.9946995 0.14482458 0 0.37400812 0.37846702 1.0211525 1.0172604 0.65348804 0.662142 0.67432946 0.67261124 1.002652 0.99169195 0.9853408 0.99885464 1.0149349 1.0137748 1.0049399 1.0030329 0.2089922 0.2089922 0.99885464 0.40579182 0.99847597 0.47033232 0.48165047 0.3947083 0.4130416 0.66650665 0.207672
1.0068517 0.3836194 0.37400812 0 0.11439733 1.0122308 1.0011308 0.6578025 0.6568416 0.6677236 0.66577744 1.0003713 1.0022715 0.99281836 0.99999183 1.0049399 1.0011308 1.001891 1.000751 0.38345262 0.3842868 1.005704 0.40253505 1.0041765 0.46808907 0.4820307 0.39386246 0.41182843 0.66480625 0.3781358
1.0034139 0.39183635 0.37846702 0.11439733 0 1.0034139 0.9962078 0.65972805 0.6606927 0.6662635 0.6684547 0.9980974 0.99281836 0.98794943 1.01069 1.0083846 1.0060863 0.99545324 0.9946995 0.39166775 0.39166775 1.0099207 0.4095806 1.0103053 0.4771027 0.491407 0.39725155 0.41913706 0.6677236 0.3816207
0.5584356 1.0176488 1.0211525 1.0122308 1.0034139 0 0.107210256 1.0195932 1.0180373 1.0282096 1.0157093 0.77321523 0.5624469 0.5616006 0.78394586 0.76790696 0.76985824 0.5544457 0.55675304 1.0313674 1.0361294 0.7799746 1.0223241 0.776869 1.0160967 1.0289978 0.98348296 1.0357314 1.0313674 1.0437315
0.56223524 1.0180373 1.0172604 1.0011308 0.9962078 0.107210256 0 1.0199828 1.0207624 1.0325551 1.0160967 0.7695792 0.5533992 0.5515193 0.7763057 0.76707226 0.7687426 0.55172795 0.5529811 1.025065 1.0278157 0.77321523 1.0195932 0.76846397 1.0199828 1.0289978 0.98683035 1.0207624 1.0266355 1.0293922
1.0270288 0.67089695 0.65348804 0.6578025 0.65972805 1.0195932 1.0199828 0 0.0955342 0.29130852 0.29101366 1.0011308 0.9920673 0.99056727 0.98645765 1.019204 1.0195932 1.0076177 1.0064689 0.6575622 0.65876466 0.9943229 0.6686986 0.9920673 0.64635193 0.6563616 0.6506254 0.6699191 0.28484803 0.6611755
1.0353336 0.675067 0.662142 0.6568416 0.6606927 1.0180373 1.0207624 0.0955342 0 0.29574552 0.29633912 1.0034139 1.0049399 0.99923354 0.9845971 1.0254573 1.0254573 1.0130024 1.01069 0.6611755 0.66577744 0.9920673 0.67432946 0.99131685 0.64824826 0.6643211 0.6520554 0.67065233 0.28704423 0.6662635
1.0274222 0.6844731 0.67432946 0.6677236 0.6662635 1.0282096 1.0325551 0.29130852 0.29574552 0 0.08236115 1.0064689 1.0037951 0.99885464 0.98907024 1.0126165 1.0133885 1.0164845 1.018426 0.6686986 0.6713863 0.99923354 0.67383814 0.99961257 0.6623838 0.67654437 0.6606927 0.6689425 0.17099145 0.6760516
1.0293922 0.68198633 0.67261124 0.66577744 0.6684547 1.0157093 1.0160967 0.29101366 0.29633912 0.08236115 0 1.0034139 0.9980974 0.98645765 0.9853408 1.002652 1.005704 1.0126165 1.0160967 0.661417 0.66480625 0.9931942 0.67383814 0.9924427 0.6522939 0.67432946 0.65972805 0.67040783 0.17011271 0.67065233
0.76985824 0.99961257 1.002652 1.0003713 0.9980974 0.77321523 0.7695792 1.0011308 1.0034139 1.0064689 1.0034139 0 0.7712552 0.76540554 0.3728564 0.5800091 0.5808764 0.7673504 0.76512814 1.0126165 1.0172604 0.37269205 0.99357027 0.3736789 0.9872032 0.99923354 0.9901927 1.0274222 1.0053219 1.0223241
0.4919849 0.9901927 0.99169195 1.0022715 0.99281836 0.5624469 0.5533992 0.9920673 1.0049399 1.0037951 0.9980974 0.7712552 0 0.05389058 0.7563045 0.7519313 0.75466156 0.17464294 0.17439054 1.001891 1.000751 0.7527494 0.9962078 0.7486681 1.0011308 1.0141612 0.9753628 1.0003713 1.01146 1.0099207
0.49082956 0.98794943 0.9853408 0.99281836 0.98794943 0.5616006 0.5515193 0.99056727 0.99923354 0.99885464 0.98645765 0.76540554 0.05389058 0 0.75520885 0.74433905 0.7478545 0.17489542 0.17514798 0.99658537 0.9977191 0.7524766 0.98645765 0.7481256 0.9950763 1.005704 0.959741 0.98869646 1.0049399 1.0030329
0.76512814 0.99734104 0.99885464 0.99999183 1.01069 0.78394586 0.7763057 0.98645765 0.9845971 0.98907024 0.9853408 0.3728564 0.7563045 0.75520885 0 0.560333 0.5632941 0.76429653 0.7623596 0.9977191 1.0015109 0.045768525 1.0049399 0.046300177 1.0015109 0.99847597 0.9950763 1.0207624 0.99999183 1.0045581
0.75411475 1.0103053 1.0149349 1.0049399 1.0083846 0.76790696 0.76707226 1.019204 1.0254573 1.0126165 1.002652 0.5800091 0.7519313 0.74433905 0.560333 0 0.024392394 0.7448788 0.74541897 1.0034139 1.0083846 0.55991095 0.9946995 0.55801463 1.0211525 1.0409217 0.9920673 1.0219333 1.01146 1.01069
0.75520885 1.0080011 1.0137748 1.0011308 1.0060863 0.76985824 0.7687426 1.0195932 1.0254573 1.0133885 1.005704 0.5808764 0.75466156 0.7478545 0.5632941 0.024392394 0 0.74893945 0.74975425 1.0037951 1.0091523 0.5626586 0.99169195 0.56096655 1.0203725 1.0405211 0.9931942 1.0234975 1.01146 1.0103053
0.483363 1.0041765 1.0049399 1.001891 0.99545324 0.5544457 0.55172795 1.0076177 1.0130024 1.0164845 1.0126165 0.7673504 0.17464294 0.17489542 0.76429653 0.7448788 0.74893945 0 0.020579787 1.0126165 1.0103053 0.7620833 0.99999183 0.7579511 1.0015109 1.0168724 0.9746289 1.0060863 1.0207624 1.0149349
0.48546144 0.99961257 1.0030329 1.000751 0.9946995 0.55675304 0.5529811 1.0064689 1.01069 1.018426 1.0160967 0.76512814 0.17439054 0.17514798 0.7623596 0.74541897 0.74975425 0.020579787 0 1.0091523 1.0080011 0.7620833 0.99961257 0.7579511 0.99734104 1.0137748 0.9738958 1.0060863 1.0211525 1.0149349
1.0083846 0.21629508 0.2089922 0.38345262 0.39166775 1.0313674 1.025065 0.6575622 0.6611755 0.6686986 0.661417 1.0126165 1.001891 0.99658537 0.9977191 1.0034139 1.0037951 1.0126165 1.0091523 0 0.02305062 1.0053219 0.41217485 1.0060863 0.46977088 0.48393473 0.40219304 0.4245776 0.6570817 0.14920415
1.0103053 0.21656199 0.2089922 0.3842868 0.39166775 1.0361294 1.0278157 0.65876466 0.66577744 0.6713863 0.66480625 1.0172604 1.000751 0.9977191 1.0015109 1.0083846 1.0091523 1.0103053 1.0080011 0.02305062 0 1.0076177 0.41234812 1.0091523 0.47070688 0.48355353 0.39997387 0.4236974 0.65972805 0.15030305
0.7659607 0.99847597 0.99885464 1.005704 1.0099207 0.7799746 0.77321523 0.9943229 0.9920673 0.99923354 0.9931942 0.37269205 0.7527494 0.7524766 0.045768525 0.55991095 0.5626586 0.7620833 0.7620833 1.0053219 1.0076177 0 1.0103053 0.018731989 1.0011308 1.001891 1.0049399 1.0317632 0.99999183 1.0091523
1.0258498 0.41966185 0.40579182 0.40253505 0.4095806 1.0223241 1.0195932 0.6686986 0.67432946 0.67383814 0.67383814 0.99357027 0.9962078 0.98645765 1.0049399 0.9946995 0.99169195 0.99999183 0.99961257 0.41217485 0.41234812 1.0103053 0 1.0110749 0.47370988 0.49256322 0.34241092 0.366472 0.67359257 0.40992597
0.7631891 0.99885464 0.99847597 1.0041765 1.0103053 0.776869 0.76846397 0.9920673 0.99131685 0.99961257 0.9924427 0.3736789 0.7486681 0.7481256 0.046300177 0.55801463 0.56096655 0.7579511 0.7579511 1.0060863 1.0091523 0.018731989 1.0110749 0 1.0049399 1.0003713 1.001891 1.0282096 1.000751 1.0068517
1.0003713 0.47729164 0.47033232 0.46808907 0.4771027 1.0160967 1.0199828 0.64635193 0.64824826 0.6623838 0.6522939 0.9872032 1.0011308 0.9950763 1.0015109 1.0211525 1.0203725 1.0015109 0.99734104 0.46977088 0.47070688 1.0011308 0.47370988 1.0049399 0 0.31573868 0.4571562 0.47502747 0.6590054 0.4771027
1.0180373 0.49449423 0.48165047 0.4820307 0.491407 1.0289978 1.0289978 0.6563616 0.6643211 0.67654437 0.67432946 0.99923354 1.0141612 1.005704 0.99847597 1.0409217 1.0405211 1.0168724 1.0137748 0.48393473 0.48355353 1.001891 0.49256322 1.0003713 0.31573868 0 0.48507947 0.5032458 0.66748005 0.48546144
0.9977191 0.40099728 0.3947083 0.39386246 0.39725155 0.98348296 0.98683035 0.6506254 0.6520554 0.6606927 0.65972805 0.9901927 0.9753628 0.959741 0.9950763 0.9920673 0.9931942 0.9746289 0.9738958 0.40219304 0.39997387 1.0049399 0.34241092 1.001891 0.4571562 0.48507947 0 0.22030865 0.66359407 0.40253505
1.0293922 0.42088777 0.4130416 0.41182843 0.41913706 1.0357314 1.0207624 0.6699191 0.67065233 0.6689425 0.67040783 1.0274222 1.0003713 0.98869646 1.0207624 1.0219333 1.0234975 1.0060863 1.0060863 0.4245776 0.4236974 1.0317632 0.366472 1.0282096 0.47502747 0.5032458 0.22030865 0 0.6631097 0.41948688
1.0337447 0.67802465 0.66650665 0.66480625 0.6677236 1.0313674 1.0266355 0.28484803 0.28704423 0.17099145 0.17011271 1.0053219 1.01146 1.0049399 0.99999183 1.01146 1.01146 1.0207624 1.0211525 0.6570817 0.65972805 0.99999183 0.67359257 1.000751 0.6590054 0.66748005 0.66359407 0.6631097 0 0.6643211
1.0133885 0.21602827 0.207672 0.3781358 0.3816207 1.0437315 1.0293922 0.6611755 0.6662635 0.6760516 0.67065233 1.0223241 1.0099207 1.0030329 1.0045581 1.01069 1.0103053 1.0149349 1.0149349 0.14920415 0.15030305 1.0091523 0.40992597 1.0068517 0.4771027 0.48546144 0.40253505 0.41948688 0.6643211 0
