0 0.55014835986 0.55160485986 0.53839225986 0.53859690986 0.54827980986 0.54435035986 0.53553281986 0.53696115986 1.01511105986 1.02015115986 0.94471815986 1.02248875986 0.94718465986 0.94190915986 0.94190915986 0.94296131986 0.54270205986 0.54023625986 1.02170875986 1.02915195986 1.01937355986 0.54517595986 1.01782075986 0.45153439986 0.53309045986 0.44229627986 0.44139665986 0.53962109986 0.53982615986
0.55014835986 0 0.10188491486 0.19412008986 0.19166720986 0.10039986986 0.10302924986 0.45886045986 0.45738951986 0.99943365986 1.00742255986 0.95928172986 1.00818795986 0.95249755986 0.95249755986 0.94331235986 0.94612661986 0.19321545986 0.19166720986 1.01433865986 1.01820865986 1.01472475986 0.41559297986 1.01356705986 0.55202145986 0.44953221986 0.54352575986 0.55098025986 0.41541925986 0.41750645986
0.55160485986 0.10188491486 0 0.19373225986 0.19386150986 0.10017166986 0.10245686586 0.45830852986 0.45500535986 1.00246705986 1.01125695986 0.95072245986 1.01087265986 0.94225970986 0.94190915986 0.94612661986 0.94753769986 0.19269900986 0.19218293986 1.02679355986 1.03151785986 1.01356705986 0.41559297986 1.01241115986 0.55682985986 0.44662945986 0.54517595986 0.54620915986 0.41611435986 0.41472483986
0.53839225986 0.19412008986 0.19373225986 0 0.07360930986 0.18973635986 0.18832358986 0.46551568986 0.46366105986 1.00818795986 1.01202625986 0.95534655986 1.01356705986 0.94507000986 0.94261042986 0.95498985986 0.95749042986 0.07460100986 0.07371942986 1.02248875986 1.02757885986 1.02483375986 0.41959948986 1.02366035986 0.55139658986 0.45463923986 0.53512515986 0.54331975986 0.41925025986 0.41855225986
0.53859690986 0.19166720986 0.19386150986 0.07360930986 0 0.19063680986 0.18922231986 0.45702222986 0.45372472986 0.99829935986 1.00780515986 0.95320875986 1.00933735986 0.94190915986 0.93841265986 0.94647912986 0.94895145986 0.06724962386 0.06648570986 1.02444245986 1.02993985986 1.01782075986 0.41715819986 1.01588425986 0.55243841986 0.44862390986 0.53431061986 0.54517595986 0.41802915986 0.41907570986
0.54827980986 0.10039986986 0.10017166986 0.18973635986 0.19063680986 0 0.06550467586 0.45720585986 0.45592145986 1.00780515986 1.00436915986 0.94718465986 1.00436915986 0.94331235986 0.94542205986 0.94542205986 0.94683180986 0.19179610986 0.19076552986 1.01898505986 1.02522535986 1.02248875986 0.42029845986 1.02170875986 0.55056415986 0.44826088986 0.54105735986 0.54600235986 0.42047331986 0.42169836986
0.54435035986 0.10302924986 0.10245686586 0.18832358986 0.18922231986 0.06550467586 0 0.45537165986 0.45226378986 1.00704025986 1.00627615986 0.94015885986 1.00665815986 0.94120851986 0.94507000986 0.93911061986 0.94155875986 0.18999352986 0.18947929986 1.02405135986 1.03191295986 1.02054025986 0.41628823986 1.02015115986 0.55369045986 0.44662945986 0.54064665986 0.54414415986 0.41594053986 0.41646213986
0.53553281986 0.45886045986 0.45830852986 0.46551568986 0.45702222986 0.45720585986 0.45537165986 0 0.05104795686 1.01279625986 0.99453045986 0.95463325986 0.99040649986 0.96395905986 0.96504265986 0.95964045986 0.96179665986 0.46366105986 0.46329069986 1.00589435986 1.01202625986 1.02600895986 0.46923867986 1.02640125986 0.55139658986 0.15641989986 0.54579565986 0.54848715986 0.45518849986 0.45427329986
0.53696115986 0.45738951986 0.45500535986 0.46366105986 0.45372472986 0.45592145986 0.45226378986 0.05104795686 0 0.99716665986 0.98704915986 0.94331235986 0.98370669986 0.94612661986 0.94471815986 0.94647912986 0.94930535986 0.46181105986 0.46088773986 0.99340355986 0.99905535986 1.00704025986 0.46458778986 1.00742255986 0.54931725986 0.15433230986 0.54311380986 0.54662279986 0.45098782986 0.45062363986
1.01511105986 0.99943365986 1.00246705986 1.00818795986 0.99829935986 1.00780515986 1.00704025986 1.01279625986 0.99716665986 0 0.93389139986 1.01665825986 0.92905268986 1.02054025986 1.01782075986 1.00627615986 1.00704025986 1.00398825986 1.01241115986 0.93146815986 0.93250570986 0.04902049686 1.02170875986 0.04880739986 1.02170875986 1.00704025986 1.00665815986 1.00398825986 1.01976225986 1.01241115986
1.02015115986 1.00742255986 1.01125695986 1.01202625986 1.00780515986 1.00436915986 1.00627615986 0.99453045986 0.98704915986 0.93389139986 0 0.95036790986 0.04212560286 0.99490652986 0.99528275986 0.98742145986 0.98965910986 1.01472475986 1.01087265986 0.11305937986 0.11271126386 0.93146815986 1.01318145986 0.93181385986 1.03666985986 0.99302820986 1.01937355986 1.00322725986 1.01433865986 1.00780515986
0.94471815986 0.95928172986 0.95072245986 0.95534655986 0.95320875986 0.94718465986 0.94015885986 0.95463325986 0.94331235986 1.01665825986 0.95036790986 0 0.94120851986 0.37963763986 0.37930653986 0.36163938986 0.36309585986 0.95928172986 0.96215665986 0.96612779986 0.96685205986 1.02522535986 0.94577425986 1.02522535986 0.95214221986 0.95249755986 0.95001349986 0.94331235986 0.97012005986 0.96432010986
1.02248875986 1.00818795986 1.01087265986 1.01356705986 1.00933735986 1.00436915986 1.00665815986 0.99040649986 0.98370669986 0.92905268986 0.04212560286 0.94120851986 0 0.98296595986 0.98148665986 0.97084815986 0.97230665986 1.01665825986 1.01164155986 0.10993219986 0.10993219986 0.93008695986 1.01356705986 0.93043200986 1.04065705986 0.99078045986 1.02015115986 1.00436915986 1.00933735986 1.01164155986
0.94718465986 0.95249755986 0.94225970986 0.94507000986 0.94190915986 0.94331235986 0.94120851986 0.96395905986 0.94612661986 1.02054025986 0.99490652986 0.37963763986 0.98296595986 0 0.02810845986 0.37616811986 0.37485057986 0.93911061986 0.94050855986 0.99003271986 0.99078045986 1.02483375986 0.96215665986 1.02405135986 0.95856465986 0.96395905986 0.95570345986 0.94366351986 0.96830275986 0.97048405986
0.94190915986 0.95249755986 0.94190915986 0.94261042986 0.93841265986 0.94542205986 0.94507000986 0.96504265986 0.94471815986 1.01782075986 0.99528275986 0.37930653986 0.98148665986 0.02810845986 0 0.37616811986 0.37419265986 0.93562715986 0.93701861986 0.99040649986 0.99115465986 1.02054025986 0.95606050986 1.01976225986 0.95214221986 0.96612779986 0.95427689986 0.94225970986 0.96902910986 0.96793985986
0.94190915986 0.94331235986 0.94612661986 0.95498985986 0.94647912986 0.94542205986 0.93911061986 0.95964045986 0.94647912986 1.00627615986 0.98742145986 0.36163938986 0.97084815986 0.37616811986 0.37616811986 0 0.02541879986 0.95749042986 0.95999942986 0.98185620986 0.98556175986 1.01704555986 0.94824425986 1.01549745986 0.97523205986 0.96071775986 0.95928172986 0.95892315986 0.94647912986 0.94647912986
0.94296131986 0.94612661986 0.94753769986 0.95749042986 0.94895145986 0.94683180986 0.94155875986 0.96179665986 0.94930535986 1.00704025986 0.98965910986 0.36309585986 0.97230665986 0.37485057986 0.37419265986 0.02541879986 0 0.95856465986 0.96107725986 0.98742145986 0.99115465986 1.01743295986 0.94789085986 1.01665825986 0.97376791986 0.96323762986 0.95463325986 0.95463325986 0.94789085986 0.94718465986
0.54270205986 0.19321545986 0.19269900986 0.07460100986 0.06724962386 0.19179610986 0.18999352986 0.46366105986 0.46181105986 1.00398825986 1.01472475986 0.95928172986 1.01665825986 0.93911061986 0.93562715986 0.95749042986 0.95856465986 0 0.01475559886 1.02836505986 1.03309945986 1.02092945986 0.41977418986 1.01976225986 0.55745935986 0.45463923986 0.54023625986 0.54620915986 0.42029845986 0.41768065986
0.54023625986 0.19166720986 0.19218293986 0.07371942986 0.06648570986 0.19076552986 0.18947929986 0.46329069986 0.46088773986 1.01241115986 1.01087265986 0.96215665986 1.01164155986 0.94050855986 0.93701861986 0.95999942986 0.96107725986 0.01475559886 0 1.02405135986 1.02915195986 1.02875845986 0.41942485986 1.02757885986 0.55766925986 0.45500535986 0.54003115986 0.54579565986 0.41977418986 0.41890118986
1.02170875986 1.01433865986 1.02679355986 1.02248875986 1.02444245986 1.01898505986 1.02405135986 1.00589435986 0.99340355986 0.93146815986 0.11305937986 0.96612779986 0.10993219986 0.99003271986 0.99040649986 0.98185620986 0.98742145986 1.02836505986 1.02405135986 0 0.01211332086 0.92595849986 1.01087265986 0.92630165986 1.03428765986 0.99528275986 1.01549745986 1.00360775986 1.01356705986 1.02915195986
1.02915195986 1.01820865986 1.03151785986 1.02757885986 1.02993985986 1.02522535986 1.03191295986 1.01202625986 0.99905535986 0.93250570986 0.11271126386 0.96685205986 0.10993219986 0.99078045986 0.99115465986 0.98556175986 0.99115465986 1.03309945986 1.02915195986 0.01211332086 0 0.92767585986 1.01937355986 0.92801985986 1.04346085986 1.00360775986 1.02326955986 1.01087265986 1.02015115986 1.03706765986
1.01937355986 1.01472475986 1.01356705986 1.02483375986 1.01782075986 1.02248875986 1.02054025986 1.02600895986 1.00704025986 0.04902049686 0.93146815986 1.02522535986 0.93008695986 1.02483375986 1.02054025986 1.01704555986 1.01743295986 1.02092945986 1.02875845986 0.92595849986 0.92767585986 0 1.02679355986 0.00193649999999997 1.02287915986 1.01937355986 1.01125695986 1.01087265986 1.02015115986 1.01549745986
0.54517595986 0.41559297986 0.41559297986 0.41959948986 0.41715819986 0.42029845986 0.41628823986 0.46923867986 0.46458778986 1.02170875986 1.01318145986 0.94577425986 1.01356705986 0.96215665986 0.95606050986 0.94824425986 0.94789085986 0.41977418986 0.41942485986 1.01087265986 1.01937355986 1.02679355986 0 1.02561705986 0.55557255986 0.47017232986 0.54807249986 0.54538245986 0.28414025986 0.28355730986
1.01782075986 1.01356705986 1.01241115986 1.02366035986 1.01588425986 1.02170875986 1.02015115986 1.02640125986 1.00742255986 0.04880739986 0.93181385986 1.02522535986 0.93043200986 1.02405135986 1.01976225986 1.01549745986 1.01665825986 1.01976225986 1.02757885986 0.92630165986 0.92801985986 0.00193649999999997 1.02561705986 0 1.02287915986 1.02054025986 1.00972085986 1.00933735986 1.01898505986 1.01472475986
0.45153439986 0.55202145986 0.55682985986 0.55139658986 0.55243841986 0.55056415986 0.55369045986 0.55139658986 0.54931725986 1.02170875986 1.03666985986 0.95214221986 1.04065705986 0.95856465986 0.95214221986 0.97523205986 0.97376791986 0.55745935986 0.55766925986 1.03428765986 1.04346085986 1.02287915986 0.55557255986 1.02287915986 0 0.54064665986 0.27833081986 0.26970008986 0.54703668986 0.54973265986
0.53309045986 0.44953221986 0.44662945986 0.45463923986 0.44862390986 0.44826088986 0.44662945986 0.15641989986 0.15433230986 1.00704025986 0.99302820986 0.95249755986 0.99078045986 0.96395905986 0.96612779986 0.96071775986 0.96323762986 0.45463923986 0.45500535986 0.99528275986 1.00360775986 1.01937355986 0.47017232986 1.02054025986 0.54064665986 0 0.53655275986 0.53634865986 0.45335922986 0.45482228986
0.44229627986 0.54352575986 0.54517595986 0.53512515986 0.53431061986 0.54105735986 0.54064665986 0.54579565986 0.54311380986 1.00665815986 1.01937355986 0.95001349986 1.02015115986 0.95570345986 0.95427689986 0.95928172986 0.95463325986 0.54023625986 0.54003115986 1.01549745986 1.02326955986 1.01125695986 0.54807249986 1.00972085986 0.27833081986 0.53655275986 0 0.12877535986 0.54208485986 0.54869465986
0.44139665986 0.55098025986 0.54620915986 0.54331975986 0.54517595986 0.54600235986 0.54414415986 0.54848715986 0.54662279986 1.00398825986 1.00322725986 0.94331235986 1.00436915986 0.94366351986 0.94225970986 0.95892315986 0.95463325986 0.54620915986 0.54579565986 1.00360775986 1.01087265986 1.01087265986 0.54538245986 1.00933735986 0.26970008986 0.53634865986 0.12877535986 0 0.54085198986 0.54620915986
0.53962109986 0.41541925986 0.41611435986 0.41925025986 0.41802915986 0.42047331986 0.41594053986 0.45518849986 0.45098782986 1.01976225986 1.01433865986 0.97012005986 1.00933735986 0.96830275986 0.96902910986 0.94647912986 0.94789085986 0.42029845986 0.41977418986 1.01356705986 1.02015115986 1.02015115986 0.28414025986 1.01898505986 0.54703668986 0.45335922986 0.54208485986 0.54085198986 0 0.12087619986
0.53982615986 0.41750645986 0.41472483986 0.41855225986 0.41907570986 0.42169836986 0.41646213986 0.45427329986 0.45062363986 1.01241115986 1.00780515986 0.96432010986 1.01164155986 0.97048405986 0.96793985986 0.94647912986 0.94718465986 0.41768065986 0.41890118986 1.02915195986 1.03706765986 1.01549745986 0.28355730986 1.01472475986 0.54973265986 0.45482228986 0.54869465986 0.54620915986 0.12087619986 0
