0 0.5126947 0.51547325 0.5105188 0.5071684 0.9801504 0.910349 0.99131685 1.001891 0.72700495 0.9053166 0.98869646 0.91203403 0.9130469 0.5166672 0.51447976 0.7259512 0.50933456 0.50736505 0.72148925 0.7220128 0.7344229 0.5254814 0.732296 0.5170656 0.718095 0.8907466 1.000751 0.9946995 0.5136859
0.5126947 0 0.33315444 0.3238568 0.3267886 0.9655158 0.8783872 0.97243166 0.9831119 0.70364666 0.8848668 0.9637064 0.88162 0.8842163 0.33159682 0.3288012 0.7033912 0.32247207 0.3226258 0.7018601 0.70390224 0.7067194 0.42634106 0.7056938 0.4200119 0.6988071 0.87324363 0.97316337 0.9669665 0.1790737
0.51547325 0.33315444 0 0.26922247 0.187244 0.96406794 0.87645423 0.9698763 0.97573 0.6988071 0.87967867 0.96479154 0.87806475 0.87806475 0.27266678 0.26922247 0.6950084 0.18493709 0.18544912 0.6950084 0.6965256 0.700841 0.42440146 0.70033205 0.420187 0.70774645 0.8793556 0.9801504 0.9790429 0.3270979
0.5105188 0.3238568 0.26922247 0 0.25743133 0.99056727 0.88291705 1.001891 1.0022715 0.6993151 0.88226825 0.9764649 0.8864954 0.8851922 0.13052699 0.12755762 0.695261 0.2522342 0.25307453 0.6937464 0.6960195 0.7049255 0.4170416 0.7033912 0.41148216 0.6887196 0.8907466 0.9969631 0.99169195 0.31925085
0.5071684 0.3267886 0.187244 0.25743133 0 0.9666036 0.8567664 0.9644296 0.9746289 0.6982995 0.8636934 0.96479154 0.8652767 0.8662283 0.26068023 0.2575723 0.6924865 0.123302296 0.12342017 0.69022405 0.69425094 0.69804585 0.41931194 0.69779223 0.41182843 0.6967787 0.8649598 0.96769285 0.9695119 0.31925085
0.9801504 0.9655158 0.96406794 0.99056727 0.9666036 0 0.99999183 0.073154494 0.07735557 0.95794547 1.0137748 0.39318648 1.0011308 1.0099207 0.9853408 0.98757625 0.9557965 0.9626228 0.9695119 0.953297 0.9540103 0.9801504 0.9687838 0.9816297 0.96841997 0.94903165 0.9838541 0.21018235 0.21682899 0.9497408
0.910349 0.8783872 0.87645423 0.88291705 0.8567664 0.99999183 0 1.0011308 1.0110749 0.9063204 0.057013113 0.9713354 0.054535553 0.056797348 0.8793556 0.8803252 0.90498227 0.8636934 0.8652767 0.9036466 0.90098226 0.91473794 0.9053166 0.91203403 0.9069903 0.87484723 0.22165129 0.98125964 0.99847597 0.86972773
0.99131685 0.97243166 0.9698763 1.001891 0.9644296 0.073154494 1.0011308 0 0.049070854 0.9611805 1.015322 0.39403155 1.005704 1.0110749 0.9950763 0.9969631 0.9590223 0.9615409 0.9669665 0.9565121 0.9568702 0.9816297 0.9768326 0.9838541 0.9698763 0.94867724 0.98757625 0.21296677 0.22004041 0.94867724
1.001891 0.9831119 0.97573 1.0022715 0.9746289 0.07735557 1.0110749 0.049070854 0 0.9695119 1.0293922 0.39912206 1.0195932 1.0215429 1.0034139 1.0034139 0.9666036 0.97170067 0.9775687 0.96298385 0.9651536 0.98794943 0.9801504 0.9901927 0.97243166 0.9608204 0.9980974 0.21789792 0.22366977 0.9593815
0.72700495 0.70364666 0.6988071 0.6993151 0.6982995 0.95794547 0.9063204 0.9611805 0.9695119 0 0.90933985 0.9666036 0.9127091 0.9106857 0.7067194 0.70007765 0.03983964 0.68621874 0.6887196 0.039417937 0.038996473 0.13974719 0.72726864 0.1408323 0.7113522 0.34209526 0.9029796 0.9669665 0.9845971 0.69576657
0.9053166 0.8848668 0.87967867 0.88226825 0.8636934 1.0137748 0.057013113 1.015322 1.0293922 0.90933985 0 0.9842255 0.04005058 0.04216326 0.87806475 0.88226825 0.9073255 0.86654574 0.8700467 0.9073255 0.90565103 0.91915274 0.9106857 0.9150766 0.89766514 0.88194406 0.2215169 0.9962078 1.0103053 0.87645423
0.98869646 0.9637064 0.96479154 0.9764649 0.96479154 0.39318648 0.9713354 0.39403155 0.39912206 0.9666036 0.9842255 0 0.9790429 0.98051995 0.9783054 0.9831119 0.9680563 0.96010065 0.9590223 0.96406794 0.9637064 0.990942 0.97024083 0.99131685 0.9790429 0.9536536 0.9768326 0.40099728 0.40647927 0.9680563
0.91203403 0.88162 0.87806475 0.8864954 0.8652767 1.0011308 0.054535553 1.005704 1.0195932 0.9127091 0.04005058 0.9790429 0 0.03741808 0.88226825 0.8851922 0.9100125 0.86718106 0.870685 0.910349 0.90933985 0.92085767 0.9110226 0.91711193 0.9019803 0.8842163 0.21963823 0.99169195 1.0064689 0.88259256
0.9130469 0.8842163 0.87806475 0.8851922 0.8662283 1.0099207 0.056797348 1.0110749 1.0215429 0.9106857 0.04216326 0.98051995 0.03741808 0 0.88194406 0.8851922 0.9073255 0.8662283 0.8700467 0.90766084 0.9069903 0.91643286 0.90498227 0.91406107 0.89865875 0.8832416 0.2219201 0.9898184 1.005704 0.87613255
0.5166672 0.33159682 0.27266678 0.13052699 0.26068023 0.9853408 0.8793556 0.9950763 1.0034139 0.7067194 0.87806475 0.9783054 0.88226825 0.88194406 0 0.033852633 0.7033912 0.2565861 0.2572904 0.702115 0.7033912 0.7049255 0.42281827 0.7033912 0.4163444 0.69906104 0.88616943 1.005704 0.9946995 0.32078305
0.51447976 0.3288012 0.26922247 0.12755762 0.2575723 0.98757625 0.8803252 0.9969631 1.0034139 0.70007765 0.88226825 0.9831119 0.8851922 0.8851922 0.033852633 0 0.69753873 0.25307453 0.25419644 0.6965256 0.69753873 0.69956917 0.4189622 0.6972853 0.41269478 0.69349426 0.8858435 1.0083846 0.9943229 0.3172637
0.7259512 0.7033912 0.6950084 0.695261 0.6924865 0.9557965 0.90498227 0.9590223 0.9666036 0.03983964 0.9073255 0.9680563 0.9100125 0.9073255 0.7033912 0.69753873 0 0.6827315 0.6852207 0.023876043 0.023772815 0.13782194 0.7222747 0.13914502 0.7067194 0.34351677 0.8999856 0.9655158 0.9808897 0.69122875
0.50933456 0.32247207 0.18493709 0.2522342 0.123302296 0.9626228 0.8636934 0.9615409 0.97170067 0.68621874 0.86654574 0.96010065 0.86718106 0.8662283 0.2565861 0.25307453 0.6827315 0 0.018117068 0.680994 0.68397504 0.6867182 0.414083 0.6869681 0.41217485 0.6859691 0.86813504 0.9709704 0.9753628 0.3137608
0.50736505 0.3226258 0.18544912 0.25307453 0.12342017 0.9695119 0.8652767 0.9669665 0.9775687 0.6887196 0.8700467 0.9590223 0.870685 0.8700467 0.2572904 0.25419644 0.6852207 0.018117068 0 0.6837262 0.68621874 0.6892207 0.4161702 0.6887196 0.41321507 0.6869681 0.8713238 0.97720057 0.97941184 0.31345698
0.72148925 0.7018601 0.6950084 0.6937464 0.69022405 0.953297 0.9036466 0.9565121 0.96298385 0.039417937 0.9073255 0.96406794 0.910349 0.90766084 0.702115 0.6965256 0.023876043 0.680994 0.6837262 0 0.0097632725 0.13746151 0.71992075 0.13890429 0.7087749 0.34067646 0.90098226 0.96226203 0.9779369 0.6899731
0.7220128 0.70390224 0.6965256 0.6960195 0.69425094 0.9540103 0.90098226 0.9568702 0.9651536 0.038996473 0.90565103 0.9637064 0.90933985 0.9069903 0.7033912 0.69753873 0.023772815 0.68397504 0.68621874 0.0097632725 0 0.1369812 0.7222747 0.13842306 0.7082605 0.34193748 0.8983274 0.96226203 0.97609735 0.69349426
0.7344229 0.7067194 0.700841 0.7049255 0.69804585 0.9801504 0.91473794 0.9816297 0.98794943 0.13974719 0.91915274 0.990942 0.92085767 0.91643286 0.7049255 0.69956917 0.13782194 0.6867182 0.6892207 0.13746151 0.1369812 0 0.72700495 0.0100672655 0.7049255 0.34004673 0.9137229 0.98832285 1.005704 0.7005865
0.5254814 0.42634106 0.42440146 0.4170416 0.41931194 0.9687838 0.9053166 0.9768326 0.9801504 0.72726864 0.9106857 0.97024083 0.9110226 0.90498227 0.42281827 0.4189622 0.7222747 0.414083 0.4161702 0.71992075 0.7222747 0.72700495 0 0.72568804 0.34209526 0.71186876 0.9130469 0.99169195 0.9838541 0.4245776
0.732296 0.7056938 0.70033205 0.7033912 0.69779223 0.9816297 0.91203403 0.9838541 0.9901927 0.1408323 0.9150766 0.99131685 0.91711193 0.91406107 0.7033912 0.6972853 0.13914502 0.6869681 0.6887196 0.13890429 0.13842306 0.0100672655 0.72568804 0 0.70364666 0.3411491 0.910349 0.98832285 1.0068517 0.6982995
0.5170656 0.4200119 0.420187 0.41148216 0.41182843 0.96841997 0.9069903 0.9698763 0.97243166 0.7113522 0.89766514 0.9790429 0.9019803 0.89865875 0.4163444 0.41269478 0.7067194 0.41217485 0.41321507 0.7087749 0.7082605 0.7049255 0.34209526 0.70364666 0 0.69399863 0.89304566 0.97720057 0.98125964 0.41826323
0.718095 0.6988071 0.70774645 0.6887196 0.6967787 0.94903165 0.87484723 0.94867724 0.9608204 0.34209526 0.88194406 0.9536536 0.8842163 0.8832416 0.69906104 0.69349426 0.34351677 0.6859691 0.6869681 0.34067646 0.34193748 0.34004673 0.71186876 0.3411491 0.69399863 0 0.88291705 0.9626228 0.97024083 0.68721807
0.8907466 0.87324363 0.8793556 0.8907466 0.8649598 0.9838541 0.22165129 0.98757625 0.9980974 0.9029796 0.2215169 0.9768326 0.21963823 0.2219201 0.88616943 0.8858435 0.8999856 0.86813504 0.8713238 0.90098226 0.8983274 0.9137229 0.9130469 0.910349 0.89304566 0.88291705 0 0.9808897 0.9943229 0.8793556
1.000751 0.97316337 0.9801504 0.9969631 0.96769285 0.21018235 0.98125964 0.21296677 0.21789792 0.9669665 0.9962078 0.40099728 0.99169195 0.9898184 1.005704 1.0083846 0.9655158 0.9709704 0.97720057 0.96226203 0.96226203 0.98832285 0.99169195 0.98832285 0.97720057 0.9626228 0.9808897 0 0.22004041 0.9615409
0.9946995 0.9669665 0.9790429 0.99169195 0.9695119 0.21682899 0.99847597 0.22004041 0.22366977 0.9845971 1.0103053 0.40647927 1.0064689 1.005704 0.9946995 0.9943229 0.9808897 0.9753628 0.97941184 0.9779369 0.97609735 1.005704 0.9838541 1.0068517 0.98125964 0.97024083 0.9943229 0.22004041 0 0.96298385
0.5136859 0.1790737 0.3270979 0.31925085 0.31925085 0.9497408 0.86972773 0.94867724 0.9593815 0.69576657 0.87645423 0.9680563 0.88259256 0.87613255 0.32078305 0.3172637 0.69122875 0.3137608 0.31345698 0.6899731 0.69349426 0.7005865 0.4245776 0.6982995 0.41826323 0.68721807 0.8793556 0.9615409 0.96298385 0
