0 1.0262426 1.015322 1.0083846 1.0137748 1.0234975 1.042526 0.93777436 0.93777436 0.9658782 1.0172604 1.0337447 1.0278157 0.9698763 0.98348296 0.97352946 0.9666036 1.0110749 1.0068517 1.0377234 1.0389212 1.015322 1.002652 1.0176488 1.0083846 1.0223241 1.025065 1.0045581 0.97426224 1.0258498
1.0262426 0 0.45992067 0.4566045 0.560333 0.56393015 0.5666926 1.0030329 0.9872032 1.0262426 0.5677578 0.55675304 0.57053435 0.5488121 0.5523542 1.0242808 1.0341415 0.573751 0.56882447 0.56012195 0.55675304 0.55991095 0.55991095 0.5586462 0.5624469 0.5741809 0.7280602 0.7365559 0.5504769 0.23329833
1.015322 0.45992067 0 0.21177219 0.56733155 0.57525676 0.5741809 1.01069 1.0060863 1.0168724 0.5711766 0.5656289 0.57827747 0.5504769 0.5542363 1.0223241 1.030972 0.5754721 0.5741809 0.5709624 0.5656289 0.5774132 0.56733155 0.57289183 0.56839764 0.5763342 0.7659607 0.7620833 0.5582251 0.45770827
1.0083846 0.4566045 0.21177219 0 0.56350607 0.571605 0.57439595 0.9977191 0.9842255 0.99923354 0.571605 0.5618121 0.5731065 0.5444594 0.54860425 1.0122308 1.0103053 0.5624469 0.5628704 0.5703204 0.567971 0.57289183 0.5649914 0.5698927 0.57010657 0.56967896 0.7475835 0.742453 0.5542363 0.45881367
1.0137748 0.560333 0.56733155 0.56350607 0 0.1798359 0.1798359 0.9946995 0.9894442 0.99734104 0.2427756 0.5307389 0.23781599 0.5182621 0.52226424 1.01146 1.0130024 0.5397211 0.5399264 0.18225464 0.18136261 0.23548532 0.48108047 0.23398107 0.48641723 0.55675304 0.75520885 0.73575526 0.5299277 0.56520385
1.0234975 0.56393015 0.57525676 0.571605 0.1798359 0 0.16823317 0.9898184 0.98645765 0.990942 0.24762909 0.5301304 0.24236105 0.5240722 0.52628785 1.0053219 1.0083846 0.54013187 0.54673624 0.1691097 0.16873392 0.23919038 0.48317254 0.23850287 0.48929188 0.5554936 0.7456892 0.73923063 0.5344004 0.5586462
1.042526 0.5666926 0.5741809 0.57439595 0.1798359 0.16823317 0 1.0095364 0.99847597 0.9962078 0.2459615 0.5459075 0.24291384 0.5266914 0.530536 1.0110749 1.014548 0.54528654 0.54570043 0.16598392 0.16436365 0.23974083 0.4846977 0.23905283 0.49623638 0.5582251 0.75960124 0.75002605 0.5393104 0.5709624
0.93777436 1.0030329 1.01069 0.9977191 0.9946995 0.9898184 1.0095364 0 0.13686118 0.929441 1.019204 1.0041765 1.0072346 0.9497408 0.9651536 0.94479036 0.94867724 0.99131685 0.98683035 0.9969631 0.9980974 1.0037951 0.98832285 1.0034139 0.9831119 0.99847597 0.99658537 0.98645765 0.9698763 1.0076177
0.93777436 0.9872032 1.0060863 0.9842255 0.9894442 0.98645765 0.99847597 0.13686118 0 0.9069903 0.99658537 1.0068517 0.9924427 0.94162506 0.95866317 0.9253087 0.93151563 0.97978103 0.97978103 0.9924427 0.99357027 0.9958304 0.9808897 0.9898184 0.98683035 0.9872032 1.0064689 0.9894442 0.9680563 0.99847597
0.9658782 1.0262426 1.0168724 0.99923354 0.99734104 0.990942 0.9962078 0.929441 0.9069903 0 1.0099207 0.9943229 1.0172604 0.98496884 0.9977191 0.1308841 0.13112226 1.0091523 1.0099207 0.99357027 0.98757625 1.0122308 0.99734104 1.0122308 1.0045581 1.0188149 1.01069 1.0030329 0.9898184 1.0238891
1.0172604 0.5677578 0.5711766 0.571605 0.2427756 0.24762909 0.2459615 1.019204 0.99658537 1.0099207 0 0.53644234 0.11766582 0.52166253 0.52447456 1.0254573 1.0381224 0.54322046 0.5434268 0.24818578 0.24721184 0.1740121 0.4869913 0.1723744 0.49006033 0.5630822 0.7673504 0.7563045 0.52952236 0.568611
1.0337447 0.55675304 0.5656289 0.5618121 0.5307389 0.5301304 0.5459075 1.0041765 1.0068517 0.9943229 0.53644234 0 0.5391052 0.49294904 0.49333504 1.0110749 1.0130024 0.5515193 0.54652894 0.53951573 0.53644234 0.5335852 0.5430141 0.53297436 0.5317542 0.5571734 0.7429914 0.7473126 0.49817687 0.5573836
1.0278157 0.57053435 0.57827747 0.5731065 0.23781599 0.24236105 0.24291384 1.0072346 0.9924427 1.0172604 0.11766582 0.5391052 0 0.5250785 0.531551 1.0254573 1.032159 0.5436332 0.5419835 0.24415912 0.2433287 0.16961105 0.48317254 0.16748267 0.48775735 0.55906755 0.7629125 0.75603044 0.5352165 0.56903803
0.9698763 0.5488121 0.5504769 0.5444594 0.5182621 0.5240722 0.5266914 0.9497408 0.94162506 0.98496884 0.52166253 0.49294904 0.5250785 0 0.086838774 1.0003713 1.0060863 0.5331779 0.52931976 0.5182621 0.5194605 0.52106136 0.53114486 0.52226424 0.5250785 0.5331779 0.72489893 0.72044325 0.24623917 0.55089366
0.98348296 0.5523542 0.5542363 0.54860425 0.52226424 0.52628785 0.530536 0.9651536 0.95866317 0.9977191 0.52447456 0.49333504 0.531551 0.086838774 0 1.0122308 1.0133885 0.5356249 0.5360335 0.52447456 0.5246758 0.5254814 0.5301304 0.52709514 0.53114486 0.5413658 0.7241107 0.7251619 0.24902159 0.54902
0.97352946 1.0242808 1.0223241 1.0122308 1.01146 1.0053219 1.0110749 0.94479036 0.9253087 0.1308841 1.0254573 1.0110749 1.0254573 1.0003713 1.0122308 0 0.08504452 1.0141612 1.0223241 1.014548 1.0030329 1.0219333 1.0254573 1.0234975 1.0103053 1.033348 1.0345387 1.0195932 1.0064689 1.0405211
0.9666036 1.0341415 1.030972 1.0103053 1.0130024 1.0083846 1.014548 0.94867724 0.93151563 0.13112226 1.0381224 1.0130024 1.032159 1.0060863 1.0133885 0.08504452 0 1.0160967 1.0254573 1.0168724 1.0091523 1.0223241 1.0301816 1.0246727 1.0103053 1.0361294 1.014548 1.0118452 1.0203725 1.0361294
1.0110749 0.573751 0.5754721 0.5624469 0.5397211 0.54013187 0.54528654 0.99131685 0.97978103 1.0091523 0.54322046 0.5515193 0.5436332 0.5331779 0.5356249 1.0141612 1.0160967 0 0.07458906 0.5393104 0.5389 0.5368514 0.5434268 0.537875 0.5391052 0.356433 0.72332335 0.7241107 0.54095423 0.57719725
1.0068517 0.56882447 0.5741809 0.5628704 0.5399264 0.54673624 0.54570043 0.98683035 0.97978103 1.0099207 0.5434268 0.54652894 0.5419835 0.52931976 0.5360335 1.0223241 1.0254573 0.07458906 0 0.5413658 0.5389 0.5360335 0.54528654 0.5360335 0.5428079 0.3551474 0.7191378 0.7220128 0.5393104 0.57181937
1.0377234 0.56012195 0.5709624 0.5703204 0.18225464 0.1691097 0.16598392 0.9969631 0.9924427 0.99357027 0.24818578 0.53951573 0.24415912 0.5182621 0.52447456 1.014548 1.0168724 0.5393104 0.5413658 0 0.031033278 0.24125668 0.48488855 0.24125668 0.493142 0.5584356 0.76374257 0.7478545 0.5376702 0.56584156
1.0389212 0.55675304 0.5656289 0.567971 0.18136261 0.16873392 0.16436365 0.9980974 0.99357027 0.98757625 0.24721184 0.53644234 0.2433287 0.5194605 0.5246758 1.0030329 1.0091523 0.5389 0.5389 0.031033278 0 0.24125668 0.48146042 0.24125668 0.48967603 0.5552839 0.7557565 0.7419149 0.537056 0.56393015
1.015322 0.55991095 0.5774132 0.57289183 0.23548532 0.23919038 0.23974083 1.0037951 0.9958304 1.0122308 0.1740121 0.5335852 0.16961105 0.52106136 0.5254814 1.0219333 1.0223241 0.5368514 0.5360335 0.24125668 0.24125668 0 0.48488855 0.020168772 0.493142 0.5531901 0.7590508 0.74893945 0.5333815 0.56202364
1.002652 0.55991095 0.56733155 0.5649914 0.48108047 0.48317254 0.4846977 0.98832285 0.9808897 0.99734104 0.4869913 0.5430141 0.48317254 0.53114486 0.5301304 1.0254573 1.0301816 0.5434268 0.54528654 0.48488855 0.48146042 0.48488855 0 0.4826014 0.43165645 0.54322046 0.732296 0.7254249 0.5287124 0.55381763
1.0176488 0.5586462 0.57289183 0.5698927 0.23398107 0.23850287 0.23905283 1.0034139 0.9898184 1.0122308 0.1723744 0.53297436 0.16748267 0.52226424 0.52709514 1.0234975 1.0246727 0.537875 0.5360335 0.24125668 0.24125668 0.020168772 0.4826014 0 0.48948392 0.5529811 0.7585007 0.74406934 0.5339927 0.5613892
1.0083846 0.5624469 0.56839764 0.57010657 0.48641723 0.48929188 0.49623638 0.9831119 0.98683035 1.0045581 0.49006033 0.5317542 0.48775735 0.5250785 0.53114486 1.0103053 1.0103053 0.5391052 0.5428079 0.493142 0.48967603 0.493142 0.43165645 0.48948392 0 0.55277205 0.7524766 0.7429914 0.5232681 0.56350607
1.0223241 0.5741809 0.5763342 0.56967896 0.55675304 0.5554936 0.5582251 0.99847597 0.9872032 1.0188149 0.5630822 0.5571734 0.55906755 0.5331779 0.5413658 1.033348 1.0361294 0.356433 0.3551474 0.5584356 0.5552839 0.5531901 0.54322046 0.5529811 0.55277205 0 0.7376246 0.7346892 0.5352165 0.5741809
1.025065 0.7280602 0.7659607 0.7475835 0.75520885 0.7456892 0.75960124 0.99658537 1.0064689 1.01069 0.7673504 0.7429914 0.7629125 0.72489893 0.7241107 1.0345387 1.014548 0.72332335 0.7191378 0.76374257 0.7557565 0.7590508 0.732296 0.7585007 0.7524766 0.7376246 0 0.2868976 0.72885257 0.74164605
1.0045581 0.7365559 0.7620833 0.742453 0.73575526 0.73923063 0.75002605 0.98645765 0.9894442 1.0030329 0.7563045 0.7473126 0.75603044 0.72044325 0.7251619 1.0195932 1.0118452 0.7241107 0.7220128 0.7478545 0.7419149 0.74893945 0.7254249 0.74406934 0.7429914 0.7346892 0.2868976 0 0.7304399 0.75165886
0.97426224 0.5504769 0.5582251 0.5542363 0.5299277 0.5344004 0.5393104 0.9698763 0.9680563 0.9898184 0.52952236 0.49817687 0.5352165 0.24623917 0.24902159 1.0064689 1.0203725 0.54095423 0.5393104 0.5376702 0.537056 0.5333815 0.5287124 0.5339927 0.5232681 0.5352165 0.72885257 0.7304399 0 0.5536084
1.0258498 0.23329833 0.45770827 0.45881367 0.56520385 0.5586462 0.5709624 1.0076177 0.99847597 1.0238891 0.568611 0.5573836 0.56903803 0.55089366 0.54902 1.0405211 1.0361294 0.57719725 0.57181937 0.56584156 0.56393015 0.56202364 0.55381763 0.5613892 0.56350607 0.5741809 0.74164605 0.75165886 0.5536084 0
