0 0.9842255 0.9920673 0.99999183 1.0060863 1.0076177 1.0068517 0.98869646 0.9872032 0.9860852 0.9920673 1.01146 0.99281836 0.9764649 0.9738958 1.0049399 0.9977191 0.98832285 0.9860852 1.0041765 1.0053219 1.0041765 1.0068517 1.002652 1.0137748 1.0103053 0.9946995 0.98757625 0.98757625 0.97941184
0.9842255 0 0.29842037 0.3074061 0.26807785 0.9395222 0.27166054 0.91711193 0.26679227 0.26879302 0.9110226 0.8305884 0.8956819 0.9086678 0.9130469 0.9493862 0.94620144 0.9266836 0.92462224 0.92462224 0.9259958 0.931862 0.513091 0.9301319 0.93082345 0.9651536 0.3116366 0.9013148 0.91203403 0.91541547
0.9920673 0.29842037 0 0.26280668 0.30005974 0.92119914 0.29619068 0.9100125 0.2981227 0.29470786 0.90766084 0.8406434 0.895022 0.9046481 0.9086678 0.9391723 0.9342909 0.92462224 0.9270277 0.92154074 0.92393637 0.9150766 0.5052045 0.91203403 0.91813165 0.9626228 0.30275005 0.8904187 0.9013148 0.91643286
0.99999183 0.3074061 0.26280668 0 0.30260032 0.9430302 0.3052998 0.9232511 0.3068037 0.30499938 0.9053166 0.85207987 0.90565103 0.92359364 0.9229087 0.9583042 0.9511613 0.929441 0.93255514 0.9374253 0.9395222 0.94373375 0.5170656 0.9419761 0.9229087 0.9768326 0.31619588 0.9063204 0.91983426 0.91779155
1.0060863 0.26807785 0.30005974 0.30260032 0 0.93151563 0.25237417 0.90900373 0.24832502 0.24888222 0.908332 0.82998335 0.90665525 0.9096761 0.90900373 0.9346385 0.932902 0.9370764 0.9339434 0.932902 0.93255514 0.9270277 0.51210064 0.92909575 0.92840576 0.9568702 0.30755678 0.9013148 0.9270277 0.91711193
1.0076177 0.9395222 0.92119914 0.9430302 0.93151563 0 0.94127417 0.85582674 0.9433819 0.95080596 0.8640098 0.936379 0.85707986 0.3650064 0.36516908 0.8783872 0.8812961 0.9440858 0.9430302 0.8943626 0.8842163 0.2204428 0.91169673 0.21963823 0.8640098 0.95294064 0.9229087 0.8864954 0.8605368 0.87420535
1.0068517 0.27166054 0.29619068 0.3052998 0.25237417 0.94127417 0 0.936379 0.20635414 0.20464435 0.9225665 0.83911127 0.9150766 0.93987226 0.9430302 0.944438 0.94514287 0.9349863 0.9370764 0.94903165 0.9479691 0.9433819 0.5254814 0.94162506 0.93777436 0.9615409 0.31072804 0.9113596 0.91575444 0.92085767
0.98869646 0.91711193 0.9100125 0.9232511 0.90900373 0.85582674 0.936379 0 0.9063204 0.9073255 0.15079197 0.94514287 0.15373218 0.8530148 0.8499028 0.59312516 0.59444946 0.94127417 0.93255514 0.603562 0.6046809 0.85833514 0.9472615 0.85707986 0.60222155 0.953297 0.91541547 0.32787165 0.3337784 0.32339495
0.9872032 0.26679227 0.2981227 0.3068037 0.24832502 0.9433819 0.20635414 0.9063204 0 0.09780934 0.9073255 0.83727676 0.8979962 0.9242792 0.92771643 0.9543672 0.9476152 0.9218825 0.91983426 0.94549555 0.9483231 0.9353342 0.5176636 0.9346385 0.9339434 0.9565121 0.30891424 0.89469224 0.9222244 0.91711193
0.9860852 0.26879302 0.29470786 0.30499938 0.24888222 0.95080596 0.20464435 0.9073255 0.09780934 0 0.90799636 0.83180004 0.8999856 0.927372 0.9270277 0.95472425 0.9458484 0.92119914 0.92085767 0.9419761 0.9419761 0.9405729 0.5202605 0.9402225 0.9270277 0.9662408 0.31057674 0.9029796 0.927372 0.9167723
0.9920673 0.9110226 0.90766084 0.9053166 0.908332 0.8640098 0.9225665 0.15079197 0.9073255 0.90799636 0 0.93082345 0.075473234 0.85270303 0.85114604 0.58763224 0.58828926 0.93777436 0.9301319 0.5933457 0.5915831 0.8700467 0.9430302 0.8684533 0.593787 0.95615417 0.9053166 0.32617044 0.3291113 0.3197102
1.01146 0.8305884 0.8406434 0.85207987 0.82998335 0.936379 0.83911127 0.94514287 0.83727676 0.83180004 0.93082345 0 0.9137229 0.9160936 0.91169673 0.9184719 0.92085767 0.93987226 0.9353342 0.932902 0.9346385 0.9225665 0.84525883 0.9188122 0.91406107 0.96841997 0.83149695 0.92359364 0.9388226 0.9249654
0.99281836 0.8956819 0.895022 0.90565103 0.90665525 0.85707986 0.9150766 0.15373218 0.8979962 0.8999856 0.075473234 0.9137229 0 0.8514572 0.8486616 0.5929046 0.5933457 0.932902 0.9263396 0.5973268 0.5951125 0.8592779 0.9353342 0.85707986 0.59004414 0.9590223 0.8989902 0.3288012 0.33159682 0.3206297
0.9764649 0.9086678 0.9046481 0.92359364 0.9096761 0.3650064 0.93987226 0.8530148 0.9242792 0.927372 0.85270303 0.9160936 0.8514572 0 0.03521389 0.87613255 0.877098 0.9270277 0.9232511 0.890091 0.8832416 0.36794052 0.9205164 0.36663502 0.8738847 0.91473794 0.9059856 0.8694089 0.8729233 0.86749893
0.9738958 0.9130469 0.9086678 0.9229087 0.90900373 0.36516908 0.9430302 0.8499028 0.92771643 0.9270277 0.85114604 0.91169673 0.8486616 0.03521389 0 0.8713238 0.8694089 0.9297863 0.9256522 0.8864954 0.8803252 0.366472 0.92154074 0.36516908 0.86559373 0.9130469 0.9113596 0.8694089 0.8713238 0.8640098
1.0049399 0.9493862 0.9391723 0.9583042 0.9346385 0.8783872 0.944438 0.59312516 0.9543672 0.95472425 0.58763224 0.9184719 0.5929046 0.87613255 0.8713238 0 0.031346016 0.93672764 0.932902 0.25997275 0.2577133 0.8751683 0.9301319 0.87420535 0.49025255 0.9472615 0.9391723 0.5957761 0.58828926 0.60535306
0.9977191 0.94620144 0.9342909 0.9511613 0.932902 0.8812961 0.94514287 0.59444946 0.9476152 0.9458484 0.58828926 0.92085767 0.5933457 0.877098 0.8694089 0.031346016 0 0.9433819 0.9360306 0.2625228 0.25997275 0.87356406 0.9270277 0.8729233 0.4915996 0.9543672 0.9395222 0.5973268 0.5887276 0.6040094
0.98832285 0.9266836 0.92462224 0.929441 0.9370764 0.9440858 0.9349863 0.94127417 0.9218825 0.92119914 0.93777436 0.93987226 0.932902 0.9270277 0.9297863 0.93672764 0.9433819 0 0.025840072 0.93116945 0.9335961 0.94514287 0.9370764 0.9419761 0.92840576 0.44114006 0.929441 0.91915274 0.9297863 0.929441
0.9860852 0.92462224 0.9270277 0.93255514 0.9339434 0.9430302 0.9370764 0.93255514 0.91983426 0.92085767 0.9301319 0.9353342 0.9263396 0.9232511 0.9256522 0.932902 0.9360306 0.025840072 0 0.9266836 0.92840576 0.944438 0.9342909 0.94092345 0.9256522 0.44384602 0.92840576 0.9174517 0.91949344 0.92119914
1.0041765 0.92462224 0.92154074 0.9374253 0.932902 0.8943626 0.94903165 0.603562 0.94549555 0.9419761 0.5933457 0.932902 0.5973268 0.890091 0.8864954 0.25997275 0.2625228 0.93116945 0.9266836 0 0.021711241 0.89304566 0.9242792 0.89304566 0.49662408 0.9458484 0.9304776 0.60647464 0.59910303 0.6028915
1.0053219 0.9259958 0.92393637 0.9395222 0.93255514 0.8842163 0.9479691 0.6046809 0.9483231 0.9419761 0.5915831 0.9346385 0.5951125 0.8832416 0.8803252 0.2577133 0.25997275 0.9335961 0.92840576 0.021711241 0 0.8864954 0.92017525 0.88682157 0.49082956 0.9497408 0.9322085 0.60625017 0.5979924 0.60222155
1.0041765 0.931862 0.9150766 0.94373375 0.9270277 0.2204428 0.9433819 0.85833514 0.9353342 0.9405729 0.8700467 0.9225665 0.8592779 0.36794052 0.366472 0.8751683 0.87356406 0.94514287 0.944438 0.89304566 0.8864954 0 0.91473794 0.005923329 0.86148244 0.932902 0.91575444 0.87774235 0.86718106 0.8678169
1.0068517 0.513091 0.5052045 0.5170656 0.51210064 0.91169673 0.5254814 0.9472615 0.5176636 0.5202605 0.9430302 0.84525883 0.9353342 0.9205164 0.92154074 0.9301319 0.9270277 0.9370764 0.9342909 0.9242792 0.92017525 0.91473794 0 0.9130469 0.91541547 0.9651536 0.515871 0.91575444 0.9419761 0.9353342
1.002652 0.9301319 0.91203403 0.9419761 0.92909575 0.21963823 0.94162506 0.85707986 0.9346385 0.9402225 0.8684533 0.9188122 0.85707986 0.36663502 0.36516908 0.87420535 0.8729233 0.9419761 0.94092345 0.89304566 0.88682157 0.005923329 0.9130469 0 0.8602219 0.93082345 0.91541547 0.8751683 0.86559373 0.8649598
1.0137748 0.93082345 0.91813165 0.9229087 0.92840576 0.8640098 0.93777436 0.60222155 0.9339434 0.9270277 0.593787 0.91406107 0.59004414 0.8738847 0.86559373 0.49025255 0.4915996 0.92840576 0.9256522 0.49662408 0.49082956 0.86148244 0.91541547 0.8602219 0 0.94127417 0.92771643 0.58785117 0.58960503 0.58653843
1.0103053 0.9651536 0.9626228 0.9768326 0.9568702 0.95294064 0.9615409 0.953297 0.9565121 0.9662408 0.95615417 0.96841997 0.9590223 0.91473794 0.9130469 0.9472615 0.9543672 0.44114006 0.44384602 0.9458484 0.9497408 0.932902 0.9651536 0.93082345 0.94127417 0 0.9583042 0.9339434 0.9479691 0.9270277
0.9946995 0.3116366 0.30275005 0.31619588 0.30755678 0.9229087 0.31072804 0.91541547 0.30891424 0.31057674 0.9053166 0.83149695 0.8989902 0.9059856 0.9113596 0.9391723 0.9395222 0.929441 0.92840576 0.9304776 0.9322085 0.91575444 0.515871 0.91541547 0.92771643 0.9583042 0 0.8940332 0.91541547 0.9069903
0.98757625 0.9013148 0.8904187 0.9063204 0.9013148 0.8864954 0.9113596 0.32787165 0.89469224 0.9029796 0.32617044 0.92359364 0.3288012 0.8694089 0.8694089 0.5957761 0.5973268 0.91915274 0.9174517 0.60647464 0.60625017 0.87774235 0.91575444 0.8751683 0.58785117 0.9339434 0.8940332 0 0.29782516 0.28821814
0.98757625 0.91203403 0.9013148 0.91983426 0.9270277 0.8605368 0.91575444 0.3337784 0.9222244 0.927372 0.3291113 0.9388226 0.33159682 0.8729233 0.8713238 0.58828926 0.5887276 0.9297863 0.91949344 0.59910303 0.5979924 0.86718106 0.9419761 0.86559373 0.58960503 0.9479691 0.91541547 0.29782516 0 0.26650688
0.97941184 0.91541547 0.91643286 0.91779155 0.91711193 0.87420535 0.92085767 0.32339495 0.91711193 0.9167723 0.3197102 0.9249654 0.3206297 0.86749893 0.8640098 0.60535306 0.6040094 0.929441 0.92119914 0.6028915 0.60222155 0.8678169 0.9353342 0.8649598 0.58653843 0.9270277 0.9069903 0.28821814 0.26650688 0
