0 0.87806475 0.87967867 0.9691478 0.85833514 0.9816297 1.0022715 0.88910866 0.88194406 0.9838541 0.98907024 0.8652767 0.9939465 1.0053219 0.99056727 0.8803252 0.8800019 0.9958304 0.99734104 0.87581104 0.86877173 0.99734104 0.8989902 0.99658537 0.99961257 0.9950763 0.8871479 1.0011308 1.0011308 0.891731
0.87806475 0 0.4660386 0.99545324 0.4660386 1.0110749 1.0122308 0.48165047 0.48718274 1.0141612 1.01069 0.8640098 1.0164845 1.01146 0.9977191 0.46846247 0.46864927 1.0130024 1.01146 0.4714565 0.47089422 1.0126165 0.71445674 1.0172604 1.01146 1.0099207 0.47258234 0.9894442 0.9962078 0.30349907
0.87967867 0.4660386 0 0.9808897 0.29737902 0.9901927 1.000751 0.40031484 0.39436984 1.0041765 1.0003713 0.853951 0.9943229 0.9969631 0.97978103 0.29145598 0.2950042 0.9943229 0.9958304 0.29574552 0.29352373 0.99357027 0.7031358 1.0015109 0.97720057 1.0149349 0.3970817 0.9969631 1.0030329 0.47937313
0.9691478 0.99545324 0.9808897 0 0.96479154 0.88064873 0.86274505 0.98645765 0.98237044 0.26522398 0.26309067 0.98237044 0.8480418 0.847732 0.8257614 0.9775687 0.97426224 0.8923881 0.8864954 0.9872032 0.9768326 0.84125715 0.9753628 0.85520095 0.8502134 0.5301304 0.9827411 0.84125715 0.8375822 0.9977191
0.85833514 0.4660386 0.29737902 0.96479154 0 0.9790429 0.99169195 0.40544835 0.40219304 0.98348296 0.97941184 0.85114604 1.0149349 1.0176488 0.9939465 0.23617005 0.23754142 0.99847597 0.9943229 0.2975277 0.2942636 1.018426 0.6945033 1.0188149 0.9842255 0.9901927 0.39640284 0.9853408 0.9872032 0.47502747
0.9816297 1.0110749 0.9901927 0.88064873 0.9790429 0 0.16685782 1.0076177 1.0160967 0.87774235 0.8803252 1.0219333 0.8793556 0.88291705 0.86591095 0.9920673 1.0041765 0.16936034 0.16673292 1.0049399 1.0095364 0.8729233 1.0034139 0.8783872 0.6745752 0.8842163 0.9898184 0.814124 0.8017901 1.0274222
1.0022715 1.0122308 1.000751 0.86274505 0.99169195 0.16685782 0 1.025065 1.0445362 0.86972773 0.87324363 1.0219333 0.86179787 0.8790327 0.86148244 1.0060863 1.0060863 0.16287111 0.15989491 1.019204 1.0207624 0.864643 1.0207624 0.8668633 0.67359257 0.8738847 1.0122308 0.8357514 0.81828076 1.0397208
0.88910866 0.48165047 0.40031484 0.98645765 0.40544835 1.0076177 1.025065 0 0.1622501 1.015322 1.0080011 0.8787099 1.0137748 1.0297868 0.99734104 0.3962332 0.4018512 1.0157093 1.0149349 0.40647927 0.40356198 1.0289978 0.71316165 1.0195932 1.000751 1.0266355 0.35739866 1.014548 1.0130024 0.48527044
0.88194406 0.48718274 0.39436984 0.98237044 0.40219304 1.0160967 1.0445362 0.1622501 0 1.0164845 1.0133885 0.8884545 1.0203725 1.0254573 1.0041765 0.3975913 0.3970817 1.0437315 1.0401208 0.40253505 0.4018512 1.0227151 0.70390224 1.0157093 1.0149349 1.0246727 0.35723764 1.0137748 1.0168724 0.48641723
0.9838541 1.0141612 1.0041765 0.26522398 0.98348296 0.87774235 0.86972773 1.015322 1.0164845 0 0.1341058 0.9924427 0.86559373 0.8611671 0.8468036 1.002652 1.0030329 0.88454145 0.88780093 1.0072346 1.0072346 0.86274505 1.0060863 0.86972773 0.86718106 0.54425275 0.9977191 0.8668633 0.8502134 1.0180373
0.98907024 1.01069 1.0003713 0.26309067 0.97941184 0.8803252 0.87324363 1.0080011 1.0133885 0.1341058 0 0.99923354 0.8713238 0.8649598 0.8446418 0.99734104 0.99961257 0.8858435 0.88943595 1.0099207 1.0045581 0.8684533 1.015322 0.87677604 0.86718106 0.5471509 0.99734104 0.8684533 0.85270303 1.0211525
0.8652767 0.8640098 0.853951 0.98237044 0.85114604 1.0219333 1.0219333 0.8787099 0.8884545 0.9924427 0.99923354 0 0.9898184 1.0103053 0.9943229 0.85707986 0.8555138 1.0180373 1.0172604 0.8640098 0.863061 0.9831119 0.8684533 0.990942 1.0087683 0.9950763 0.86877173 1.0215429 1.0246727 0.8652767
0.9939465 1.0164845 0.9943229 0.8480418 1.0149349 0.8793556 0.86179787 1.0137748 1.0203725 0.86559373 0.8713238 0.9898184 0 0.5018777 0.49895447 1.0053219 1.0091523 0.8787099 0.86972773 1.0041765 1.0030329 0.10387206 1.0068517 0.10444655 0.8643263 0.8855178 0.99923354 0.8774201 0.8923881 1.0409217
1.0053219 1.01146 0.9969631 0.847732 1.0176488 0.88291705 0.8790327 1.0297868 1.0254573 0.8611671 0.8649598 1.0103053 0.5018777 0 0.10628789 1.0091523 1.0133885 0.8835664 0.87806475 1.0286036 1.0215429 0.50598943 1.0227151 0.5032458 0.87806475 0.86909026 1.0091523 0.8864954 0.88910866 1.0313674
0.99056727 0.9977191 0.97978103 0.8257614 0.9939465 0.86591095 0.86148244 0.99734104 1.0041765 0.8468036 0.8446418 0.9943229 0.49895447 0.10628789 0 0.9939465 0.98907024 0.8716434 0.864643 1.0130024 1.0041765 0.5030502 1.0095364 0.50148726 0.86654574 0.85959244 0.99169195 0.8684533 0.8745262 1.0188149
0.8803252 0.46846247 0.29145598 0.9775687 0.23617005 0.9920673 1.0060863 0.3962332 0.3975913 1.002652 0.99734104 0.85707986 1.0053219 1.0091523 0.9939465 0 0.087737516 0.98907024 0.99923354 0.28836504 0.28557938 1.014548 0.69198316 1.0118452 0.99847597 1.0091523 0.39453906 1.0011308 1.019204 0.47804788
0.8800019 0.46864927 0.2950042 0.97426224 0.23754142 1.0041765 1.0060863 0.4018512 0.3970817 1.0030329 0.99961257 0.8555138 1.0091523 1.0133885 0.98907024 0.087737516 0 1.0126165 1.015322 0.28748423 0.28660446 1.01146 0.70160514 1.0122308 0.99961257 1.0072346 0.39776123 1.0030329 1.0227151 0.48127043
0.9958304 1.0130024 0.9943229 0.8923881 0.99847597 0.16936034 0.16287111 1.0157093 1.0437315 0.88454145 0.8858435 1.0180373 0.8787099 0.8835664 0.8716434 0.98907024 1.0126165 0 0.058092874 1.0130024 1.0110749 0.88064873 1.0133885 0.8871479 0.68721807 0.88259256 1.0091523 0.8212641 0.79540956 1.025065
0.99734104 1.01146 0.9958304 0.8864954 0.9943229 0.16673292 0.15989491 1.0149349 1.0401208 0.88780093 0.88943595 1.0172604 0.86972773 0.87806475 0.864643 0.99923354 1.015322 0.058092874 0 1.0160967 1.0168724 0.86718106 1.0164845 0.87613255 0.6777777 0.877098 1.0060863 0.82335943 0.8003352 1.0341415
0.87581104 0.4714565 0.29574552 0.9872032 0.2975277 1.0049399 1.019204 0.40647927 0.40253505 1.0072346 1.0099207 0.8640098 1.0041765 1.0286036 1.0130024 0.28836504 0.28748423 1.0130024 1.0160967 0 0.05410551 1.0060863 0.6972853 1.0060863 0.99658537 1.0122308 0.3911622 1.0045581 1.0053219 0.47748062
0.86877173 0.47089422 0.29352373 0.9768326 0.2942636 1.0095364 1.0207624 0.40356198 0.4018512 1.0072346 1.0045581 0.863061 1.0030329 1.0215429 1.0041765 0.28557938 0.28660446 1.0110749 1.0168724 0.05410551 0 1.01069 0.69173163 1.001891 0.99734104 1.0072346 0.39082533 1.01146 1.000751 0.47748062
0.99734104 1.0126165 0.99357027 0.84125715 1.018426 0.8729233 0.864643 1.0289978 1.0227151 0.86274505 0.8684533 0.9831119 0.10387206 0.50598943 0.5030502 1.014548 1.01146 0.88064873 0.86718106 1.0060863 1.01069 0 1.0110749 0.055181086 0.86179787 0.88162 1.0083846 0.86909026 0.8927168 1.0393208
0.8989902 0.71445674 0.7031358 0.9753628 0.6945033 1.0034139 1.0207624 0.71316165 0.70390224 1.0060863 1.015322 0.8684533 1.0068517 1.0227151 1.0095364 0.69198316 0.70160514 1.0133885 1.0164845 0.6972853 0.69173163 1.0110749 0 1.0030329 0.98757625 1.0223241 0.6882187 0.99847597 1.0180373 0.71083605
0.99658537 1.0172604 1.0015109 0.85520095 1.0188149 0.8783872 0.8668633 1.0195932 1.0157093 0.86972773 0.87677604 0.990942 0.10444655 0.5032458 0.50148726 1.0118452 1.0122308 0.8871479 0.87613255 1.0060863 1.001891 0.055181086 1.0030329 0 0.8726031 0.88780093 0.99961257 0.87806475 0.9019803 1.0457449
0.99961257 1.01146 0.97720057 0.8502134 0.9842255 0.6745752 0.67359257 1.000751 1.0149349 0.86718106 0.86718106 1.0087683 0.8643263 0.87806475 0.86654574 0.99847597 0.99961257 0.68721807 0.6777777 0.99658537 0.99734104 0.86179787 0.98757625 0.8726031 0 0.86972773 0.9962078 0.81323624 0.8003352 1.0064689
0.9950763 1.0099207 1.0149349 0.5301304 0.9901927 0.8842163 0.8738847 1.0266355 1.0246727 0.54425275 0.5471509 0.9950763 0.8855178 0.86909026 0.85959244 1.0091523 1.0072346 0.88259256 0.877098 1.0122308 1.0072346 0.88162 1.0223241 0.88780093 0.86972773 0 1.0266355 0.8809723 0.8662283 1.0254573
0.8871479 0.47258234 0.3970817 0.9827411 0.39640284 0.9898184 1.0122308 0.35739866 0.35723764 0.9977191 0.99734104 0.86877173 0.99923354 1.0091523 0.99169195 0.39453906 0.39776123 1.0091523 1.0060863 0.3911622 0.39082533 1.0083846 0.6882187 0.99961257 0.9962078 1.0266355 0 1.0041765 1.0015109 0.47389796
1.0011308 0.9894442 0.9969631 0.84125715 0.9853408 0.814124 0.8357514 1.014548 1.0137748 0.8668633 0.8684533 1.0215429 0.8774201 0.8864954 0.8684533 1.0011308 1.0030329 0.8212641 0.82335943 1.0045581 1.01146 0.86909026 0.99847597 0.87806475 0.81323624 0.8809723 1.0041765 0 0.31497735 1.0037951
1.0011308 0.9962078 1.0030329 0.8375822 0.9872032 0.8017901 0.81828076 1.0130024 1.0168724 0.8502134 0.85270303 1.0246727 0.8923881 0.88910866 0.8745262 1.019204 1.0227151 0.79540956 0.8003352 1.0053219 1.000751 0.8927168 1.0180373 0.9019803 0.8003352 0.8662283 1.0015109 0.31497735 0 1.002652
0.891731 0.30349907 0.47937313 0.9977191 0.47502747 1.0274222 1.0397208 0.48527044 0.48641723 1.0180373 1.0211525 0.8652767 1.0409217 1.0313674 1.0188149 0.47804788 0.48127043 1.025065 1.0341415 0.47748062 0.47748062 1.0393208 0.71083605 1.0457449 1.0064689 1.0254573 0.47389796 1.0037951 1.002652 0
