0 1.0015109 0.99545324 0.4452932 0.43862328 0.44855958 0.99658537 1.0160967 1.0030329 1.015322 1.01146 0.43916187 1.0095364 1.0207624 1.0270288 1.018426 1.0160967 1.0282096 0.4474692 0.44656178 0.44874147 1.0091523 0.4389823 1.0133885 1.0083846 0.98869646 1.0258498 1.0164845 1.0064689 0.99545324
1.0015109 0 0.2473509 0.99847597 1.0068517 1.0157093 0.41044435 0.41165528 0.44565544 0.44312346 0.44656178 1.0068517 0.4106172 0.4147781 0.40596363 0.41217485 0.5962188 0.6013292 1.0083846 1.018426 1.0137748 0.40889028 0.9977191 0.40820062 0.4207125 0.33894598 0.43754724 0.58588296 0.30170265 0.40630734
0.99545324 0.2473509 0 0.99923354 0.99847597 1.01069 0.40854537 0.40665123 0.44042012 0.44024023 0.44096002 1.0037951 0.41079012 0.414083 0.40613547 0.41165528 0.59312516 0.5975486 1.0068517 1.0110749 1.01069 0.41148216 0.9962078 0.40975326 0.41931194 0.33674935 0.43183428 0.58675706 0.29723036 0.40889028
0.4452932 0.99847597 0.99923354 0 0.18878588 0.19252525 1.0041765 1.0188149 1.01146 1.0219333 1.0068517 0.36582026 1.0149349 1.018426 1.0188149 1.018426 1.0317632 1.0282096 0.41529983 0.41878742 0.41739044 1.0087683 0.37039444 1.0076177 1.0164845 1.0176488 1.0122308 1.0301816 1.0297868 1.0041765
0.43862328 1.0068517 0.99847597 0.18878588 0 0.1555757 1.015322 1.0301816 1.0168724 1.0168724 1.0095364 0.35933372 1.019204 1.0164845 1.0293922 1.0234975 1.036926 1.030972 0.405105 0.40923536 0.40889028 1.0168724 0.3628944 1.0180373 1.0141612 1.0110749 1.0068517 1.025065 1.0137748 1.0137748
0.44855958 1.0157093 1.01069 0.19252525 0.1555757 0 1.0211525 1.0329514 1.0160967 1.0215429 1.0083846 0.3609501 1.0207624 1.0274222 1.0227151 1.0157093 1.0389212 1.0381224 0.41686726 0.4212384 0.41861266 1.0118452 0.36843067 1.01069 1.0266355 1.01069 1.0034139 1.0270288 1.0274222 1.0176488
0.99658537 0.41044435 0.40854537 1.0041765 1.015322 1.0211525 0 0.13171802 0.44601783 0.4418607 0.4418607 1.01069 0.36761394 0.36892113 0.36386842 0.366472 0.59092313 0.5962188 1.0246727 1.0293922 1.0289978 0.3672875 1.0141612 0.36892113 0.36794052 0.41582194 0.43826443 0.58631986 0.417914 0.25588247
1.0160967 0.41165528 0.40665123 1.0188149 1.0301816 1.0329514 0.13171802 0 0.44276246 0.43826443 0.43862328 1.0199828 0.37105018 0.37302083 0.36224574 0.36565742 0.59444946 0.5982144 1.0401208 1.0453417 1.0445362 0.37055832 1.032159 0.37154236 0.37203488 0.41286817 0.4361149 0.58807015 0.41739044 0.25686774
1.0030329 0.44565544 0.44042012 1.01146 1.0168724 1.0160967 0.44601783 0.44276246 0 0.12898144 0.12921901 1.0118452 0.44728765 0.45129248 0.4463804 0.45312 0.58697575 0.5929046 1.0286036 1.032159 1.0365276 0.44601783 0.9962078 0.4463804 0.44765082 0.44024023 0.30951837 0.5791428 0.44060004 0.45568597
1.015322 0.44312346 0.44024023 1.0219333 1.0168724 1.0215429 0.4418607 0.43826443 0.12898144 0 0.12353807 1.0137748 0.44312346 0.4458366 0.43952116 0.4474692 0.59224355 0.6019983 1.0278157 1.0325551 1.0357314 0.44240162 0.9950763 0.44150028 0.44330403 0.44204095 0.3081598 0.58217925 0.44060004 0.44928738
1.01146 0.44656178 0.44096002 1.0068517 1.0095364 1.0083846 0.4418607 0.43862328 0.12921901 0.12353807 0 1.0149349 0.44366533 0.44765082 0.4458366 0.4500159 0.5856646 0.59422857 1.0313674 1.0329514 1.0349361 0.44511214 1.002652 0.4452932 0.44493115 0.44240162 0.30831063 0.5791428 0.4371889 0.44819596
0.43916187 1.0068517 1.0037951 0.36582026 0.35933372 0.3609501 1.01069 1.0199828 1.0118452 1.0137748 1.0149349 0 1.0137748 1.0199828 1.0215429 1.0180373 1.0401208 1.0385218 0.401168 0.4008266 0.40168035 1.0103053 0.35098425 1.0118452 1.015322 1.0137748 1.0149349 1.01146 1.0231062 1.0003713
1.0095364 0.4106172 0.41079012 1.0149349 1.019204 1.0207624 0.36761394 0.37105018 0.44728765 0.44312346 0.44366533 1.0137748 0 0.06974465 0.17287792 0.17363384 0.59533364 0.59954774 1.0297868 1.0325551 1.0293922 0.14373367 1.0068517 0.14324932 0.33565342 0.41599607 0.42988047 0.58807015 0.41321507 0.366472
1.0207624 0.4147781 0.414083 1.018426 1.0164845 1.0274222 0.36892113 0.37302083 0.45129248 0.4458366 0.44765082 1.0199828 0.06974465 0 0.17250025 0.17275202 0.60535306 0.6103006 1.0349361 1.0409217 1.0365276 0.14349145 1.0176488 0.1427653 0.34020412 0.420187 0.43486387 0.5951125 0.41878742 0.36826724
1.0270288 0.40596363 0.40613547 1.0188149 1.0293922 1.0227151 0.36386842 0.36224574 0.4463804 0.43952116 0.4458366 1.0215429 0.17287792 0.17250025 0 0.055181086 0.59599745 0.60222155 1.0413225 1.0441338 1.0413225 0.1759062 1.0160967 0.1752743 0.33784685 0.40975326 0.42757794 0.5907033 0.4130416 0.36046484
1.018426 0.41217485 0.41165528 1.018426 1.0234975 1.0157093 0.366472 0.36565742 0.45312 0.4474692 0.4500159 1.0180373 0.17363384 0.17275202 0.055181086 0 0.5966618 0.6017752 1.030972 1.0349361 1.0325551 0.17679176 1.014548 0.1764121 0.33690602 0.4113091 0.43219006 0.5902638 0.41756493 0.36451846
1.0160967 0.5962188 0.59312516 1.0317632 1.036926 1.0389212 0.59092313 0.59444946 0.58697575 0.59224355 0.5856646 1.0401208 0.59533364 0.60535306 0.59599745 0.5966618 0 0.049818557 1.0381224 1.0409217 1.0433295 0.60222155 1.0286036 0.5977705 0.603562 0.59180313 0.58152753 0.30997178 0.5856646 0.5935663
1.0282096 0.6013292 0.5975486 1.0282096 1.030972 1.0381224 0.5962188 0.5982144 0.5929046 0.6019983 0.59422857 1.0385218 0.59954774 0.6103006 0.60222155 0.6017752 0.049818557 0 1.0469556 1.0473596 1.0485728 0.6073731 1.0353336 0.6017752 0.6008834 0.5973268 0.58697575 0.3145209 0.5911431 0.5955548
0.4474692 1.0083846 1.0068517 0.41529983 0.405105 0.41686726 1.0246727 1.0401208 1.0286036 1.0278157 1.0313674 0.401168 1.0297868 1.0349361 1.0413225 1.030972 1.0381224 1.0469556 0 0.02408254 0.02418581 1.0293922 0.4106172 1.0325551 1.0246727 1.0110749 1.0211525 1.0305767 1.0377234 1.0160967
0.44656178 1.018426 1.0110749 0.41878742 0.40923536 0.4212384 1.0293922 1.0453417 1.032159 1.0325551 1.0329514 0.4008266 1.0325551 1.0409217 1.0441338 1.0349361 1.0409217 1.0473596 0.02408254 0 0.021608312 1.0329514 0.41096306 1.0361294 1.0305767 1.0180373 1.0234975 1.030972 1.0433295 1.0195932
0.44874147 1.0137748 1.01069 0.41739044 0.40889028 0.41861266 1.0289978 1.0445362 1.0365276 1.0357314 1.0349361 0.40168035 1.0293922 1.0365276 1.0413225 1.0325551 1.0433295 1.0485728 0.02418581 0.021608312 0 1.0293922 0.41182843 1.0317632 1.0301816 1.0160967 1.0215429 1.0278157 1.0445362 1.0157093
1.0091523 0.40889028 0.41148216 1.0087683 1.0168724 1.0118452 0.3672875 0.37055832 0.44601783 0.44240162 0.44511214 1.0103053 0.14373367 0.14349145 0.1759062 0.17679176 0.60222155 0.6073731 1.0293922 1.0329514 1.0293922 0 1.0053219 0.021814186 0.33706275 0.41269478 0.43916187 0.59422857 0.41286817 0.36794052
0.4389823 0.9977191 0.9962078 0.37039444 0.3628944 0.36843067 1.0141612 1.032159 0.9962078 0.9950763 1.002652 0.35098425 1.0068517 1.0176488 1.0160967 1.014548 1.0286036 1.0353336 0.4106172 0.41096306 0.41182843 1.0053219 0 1.0064689 1.0215429 0.98907024 1.0160967 1.0164845 1.0126165 1.0080011
1.0133885 0.40820062 0.40975326 1.0076177 1.0180373 1.01069 0.36892113 0.37154236 0.4463804 0.44150028 0.4452932 1.0118452 0.14324932 0.1427653 0.1752743 0.1764121 0.5977705 0.6017752 1.0325551 1.0361294 1.0317632 0.021814186 1.0064689 0 0.3353406 0.41165528 0.43647274 0.58938557 0.41148216 0.36712432
1.0083846 0.4207125 0.41931194 1.0164845 1.0141612 1.0266355 0.36794052 0.37203488 0.44765082 0.44330403 0.44493115 1.015322 0.33565342 0.34020412 0.33784685 0.33690602 0.603562 0.6008834 1.0246727 1.0305767 1.0301816 0.33706275 1.0215429 0.3353406 0 0.42194015 0.43970087 0.5874133 0.42387336 0.36826724
0.98869646 0.33894598 0.33674935 1.0176488 1.0110749 1.01069 0.41582194 0.41286817 0.44024023 0.44204095 0.44240162 1.0137748 0.41599607 0.420187 0.40975326 0.4113091 0.59180313 0.5973268 1.0110749 1.0180373 1.0160967 0.41269478 0.98907024 0.41165528 0.42194015 0 0.43683073 0.5907033 0.33863178 0.41182843
1.0258498 0.43754724 0.43183428 1.0122308 1.0068517 1.0034139 0.43826443 0.4361149 0.30951837 0.3081598 0.30831063 1.0149349 0.42988047 0.43486387 0.42757794 0.43219006 0.58152753 0.58697575 1.0211525 1.0234975 1.0215429 0.43916187 1.0160967 0.43647274 0.43970087 0.43683073 0 0.57957584 0.43808508 0.44168046
1.0164845 0.58588296 0.58675706 1.0301816 1.025065 1.0270288 0.58631986 0.58807015 0.5791428 0.58217925 0.5791428 1.01146 0.58807015 0.5951125 0.5907033 0.5902638 0.30997178 0.3145209 1.0305767 1.030972 1.0278157 0.59422857 1.0164845 0.58938557 0.5874133 0.5907033 0.57957584 0 0.58653843 0.58785117
1.0064689 0.30170265 0.29723036 1.0297868 1.0137748 1.0274222 0.417914 0.41739044 0.44060004 0.44060004 0.4371889 1.0231062 0.41321507 0.41878742 0.4130416 0.41756493 0.5856646 0.5911431 1.0377234 1.0433295 1.0445362 0.41286817 1.0126165 0.41148216 0.42387336 0.33863178 0.43808508 0.58653843 0 0.41460428
0.99545324 0.40630734 0.40889028 1.0041765 1.0137748 1.0176488 0.25588247 0.25686774 0.45568597 0.44928738 0.44819596 1.0003713 0.366472 0.36826724 0.36046484 0.36451846 0.5935663 0.5955548 1.0160967 1.0195932 1.0157093 0.36794052 1.0080011 0.36712432 0.36826724 0.41182843 0.44168046 0.58785117 0.41460428 0
