0 0.6320479 0.61915225 0.6269553 0.61482686 0.6193806 0.64635193 0.6216679 0.62075216 0.6193806 1.0141612 1.0203725 1.018426 0.9253087 0.9205164 0.9370764 0.9370764 1.0141612 1.01069 0.6418672 0.6402217 0.8940332 0.9127091 0.89766514 0.8963424 0.91439945 0.93082345 0.91915274 0.92017525 0.9263396
0.6320479 0 0.1966732 0.2493004 0.1966732 0.19966878 0.40339074 0.24874288 0.24346703 0.2431904 1.0068517 0.9946995 1.01146 0.927372 0.9222244 0.9287507 0.9232511 0.99734104 0.9931942 0.40133873 0.4018512 0.90565103 0.9174517 0.90933985 0.9113596 0.93777436 0.93082345 0.9253087 0.9370764 0.9232511
0.61915225 0.1966732 0 0.25602314 0.19940782 0.20872797 0.4100987 0.2567269 0.25251418 0.25027704 1.0133885 0.99847597 1.019204 0.9167723 0.92154074 0.927372 0.9242792 1.0060863 1.0053219 0.40613547 0.40356198 0.8970035 0.9063204 0.9043141 0.9029796 0.9266836 0.9266836 0.9225665 0.9242792 0.92393637
0.6269553 0.2493004 0.25602314 0 0.24707282 0.25139478 0.40768382 0.18647423 0.18340309 0.18110794 1.0262426 0.99999183 1.0266355 0.9322085 0.9360306 0.9218825 0.9263396 1.0195932 1.01069 0.40596363 0.40441883 0.90766084 0.89667284 0.9127091 0.9013148 0.93324894 0.9391723 0.9335961 0.9419761 0.9301319
0.61482686 0.1966732 0.19940782 0.24707282 0 0.16473724 0.39878163 0.25139478 0.24665588 0.24651696 1.0141612 0.9901927 1.019204 0.9229087 0.92085767 0.92119914 0.91983426 1.0030329 1.0053219 0.39980343 0.3979312 0.8884545 0.9069903 0.8940332 0.89304566 0.91541547 0.9301319 0.9137229 0.9263396 0.91406107
0.6193806 0.19966878 0.20872797 0.25139478 0.16473724 0 0.40014434 0.2529344 0.2515346 0.24874288 1.0180373 0.9939465 1.0231062 0.9160936 0.9188122 0.92462224 0.92393637 1.0141612 1.0126165 0.4045903 0.4028772 0.9205164 0.91439945 0.9270277 0.903313 0.9184719 0.93812364 0.9130469 0.927372 0.9184719
0.64635193 0.40339074 0.4100987 0.40768382 0.39878163 0.40014434 0 0.4004854 0.40270612 0.40099728 1.0118452 1.0172604 1.015322 0.95258445 0.95472425 0.93324894 0.92462224 1.0126165 1.005704 0.13722132 0.13626131 0.9205164 0.9301319 0.9249654 0.90766084 0.929441 0.93324894 0.9205164 0.9249654 0.932902
0.6216679 0.24874288 0.2567269 0.18647423 0.25139478 0.2529344 0.4004854 0 0.09123035 0.08874989 0.99734104 0.98907024 0.99847597 0.92085767 0.9184719 0.91473794 0.92119914 0.9898184 0.98683035 0.40304834 0.40202212 0.9053166 0.903313 0.908332 0.8855178 0.91169673 0.9188122 0.9059856 0.91813165 0.9123715
0.62075216 0.24346703 0.25251418 0.18340309 0.24665588 0.2515346 0.40270612 0.09123035 0 0.07051326 1.0045581 0.98683035 1.002652 0.9160936 0.9127091 0.90799636 0.9106857 0.9920673 0.9901927 0.4004854 0.39963302 0.90098226 0.89766514 0.90164745 0.8884545 0.9137229 0.9123715 0.90933985 0.9167723 0.9053166
0.6193806 0.2431904 0.25027704 0.18110794 0.24651696 0.24874288 0.40099728 0.08874989 0.07051326 0 1.0091523 0.9872032 1.0103053 0.9150766 0.91169673 0.90665525 0.9113596 0.9958304 0.9958304 0.39878163 0.39844134 0.89766514 0.8884545 0.903313 0.88194406 0.910349 0.91813165 0.9046481 0.91643286 0.9086678
1.0141612 1.0068517 1.0133885 1.0262426 1.0141612 1.0180373 1.0118452 0.99734104 1.0045581 1.0091523 0 0.56626695 0.060907543 1.0227151 1.0254573 1.0449389 1.0469556 0.13303037 0.13136052 1.0080011 1.0060863 1.0361294 1.0282096 1.0389212 1.0203725 1.0234975 1.0429276 1.0433295 1.0405211 1.0445362
1.0203725 0.9946995 0.99847597 0.99999183 0.9901927 0.9939465 1.0172604 0.98907024 0.98683035 0.9872032 0.56626695 0 0.56223524 0.99923354 1.0045581 1.0041765 1.0091523 0.560333 0.5573836 1.0168724 1.0160967 1.0110749 1.0030329 1.0087683 0.9898184 0.9783054 1.0015109 0.98645765 0.99056727 0.99545324
1.018426 1.01146 1.019204 1.0266355 1.019204 1.0231062 1.015322 0.99847597 1.002652 1.0103053 0.060907543 0.56223524 0 1.014548 1.0149349 1.033348 1.0357314 0.12850654 0.1272021 1.0095364 1.0068517 1.0262426 1.0219333 1.032159 1.0076177 1.0095364 1.0341415 1.0501935 1.0409217 1.0373245
0.9253087 0.927372 0.9167723 0.9322085 0.9229087 0.9160936 0.95258445 0.92085767 0.9160936 0.9150766 1.0227151 0.99923354 1.014548 0 0.056797348 0.2204428 0.22205454 1.0242808 1.0207624 0.9483231 0.94267863 0.93777436 0.93777436 0.94127417 0.50265914 0.49914902 0.38245285 0.3821199 0.38228634 0.2215169
0.9205164 0.9222244 0.92154074 0.9360306 0.92085767 0.9188122 0.95472425 0.9184719 0.9127091 0.91169673 1.0254573 1.0045581 1.0149349 0.056797348 0 0.22004041 0.2201745 1.0297868 1.025065 0.95151687 0.94514287 0.9430302 0.9388226 0.94479036 0.5038329 0.5022683 0.3832859 0.38579065 0.383953 0.22111394
0.9370764 0.9287507 0.927372 0.9218825 0.92119914 0.92462224 0.93324894 0.91473794 0.90799636 0.90665525 1.0449389 1.0041765 1.033348 0.2204428 0.22004041 0 0.048003998 1.0341415 1.0385218 0.94267863 0.9402225 0.9430302 0.944438 0.9479691 0.50285465 0.4979826 0.38545617 0.376482 0.3789641 0.19175006
0.9370764 0.9232511 0.9242792 0.9263396 0.91983426 0.92393637 0.92462224 0.92119914 0.9106857 0.9113596 1.0469556 1.0091523 1.0357314 0.22205454 0.2201745 0.048003998 0 1.0349361 1.0385218 0.9349863 0.9335961 0.9458484 0.946908 0.94867724 0.5046164 0.5003172 0.38462073 0.37714309 0.38029122 0.19381903
1.0141612 0.99734104 1.0060863 1.0195932 1.0030329 1.0141612 1.0126165 0.9898184 0.9920673 0.9958304 0.13303037 0.560333 0.12850654 1.0242808 1.0297868 1.0341415 1.0349361 0 0.04661935 1.0172604 1.0118452 1.0207624 0.99923354 1.0254573 1.000751 0.9943229 1.0397208 1.0457449 1.0357314 1.0317632
1.01069 0.9931942 1.0053219 1.01069 1.0053219 1.0126165 1.005704 0.98683035 0.9901927 0.9958304 0.13136052 0.5573836 0.1272021 1.0207624 1.025065 1.0385218 1.0385218 0.04661935 0 1.0072346 1.0053219 1.0118452 0.99131685 1.0188149 0.99885464 0.9958304 1.0373245 1.0441338 1.0305767 1.0337447
0.6418672 0.40133873 0.40613547 0.40596363 0.39980343 0.4045903 0.13722132 0.40304834 0.4004854 0.39878163 1.0080011 1.0168724 1.0095364 0.9483231 0.95151687 0.94267863 0.9349863 1.0172604 1.0072346 0 0.0515304 0.9342909 0.936379 0.94232726 0.9127091 0.93672764 0.9301319 0.9287507 0.9374253 0.93777436
0.6402217 0.4018512 0.40356198 0.40441883 0.3979312 0.4028772 0.13626131 0.40202212 0.39963302 0.39844134 1.0060863 1.0160967 1.0068517 0.94267863 0.94514287 0.9402225 0.9335961 1.0118452 1.0053219 0.0515304 0 0.91949344 0.91813165 0.9249654 0.91575444 0.931862 0.928061 0.92771643 0.9388226 0.9353342
0.8940332 0.90565103 0.8970035 0.90766084 0.8884545 0.9205164 0.9205164 0.9053166 0.90098226 0.89766514 1.0361294 1.0110749 1.0262426 0.93777436 0.9430302 0.9430302 0.9458484 1.0207624 1.0118452 0.9342909 0.91949344 0 0.44060004 0.03353885 0.9113596 0.9100125 0.93082345 0.928061 0.9266836 0.93987226
0.9127091 0.9174517 0.9063204 0.89667284 0.9069903 0.91439945 0.9301319 0.903313 0.89766514 0.8884545 1.0282096 1.0030329 1.0219333 0.93777436 0.9388226 0.944438 0.946908 0.99923354 0.99131685 0.936379 0.91813165 0.44060004 0 0.4474692 0.9127091 0.92119914 0.94232726 0.93987226 0.92393637 0.93324894
0.89766514 0.90933985 0.9043141 0.9127091 0.8940332 0.9270277 0.9249654 0.908332 0.90164745 0.903313 1.0389212 1.0087683 1.032159 0.94127417 0.94479036 0.9479691 0.94867724 1.0254573 1.0188149 0.94232726 0.9249654 0.03353885 0.4474692 0 0.9225665 0.91983426 0.93568236 0.9346385 0.932902 0.94373375
0.8963424 0.9113596 0.9029796 0.9013148 0.89304566 0.903313 0.90766084 0.8855178 0.8884545 0.88194406 1.0203725 0.9898184 1.0076177 0.50265914 0.5038329 0.50285465 0.5046164 1.000751 0.99885464 0.9127091 0.91575444 0.9113596 0.9127091 0.9225665 0 0.29367164 0.5040287 0.50070703 0.5030502 0.50070703
0.91439945 0.93777436 0.9266836 0.93324894 0.91541547 0.9184719 0.929441 0.91169673 0.9137229 0.910349 1.0234975 0.9783054 1.0095364 0.49914902 0.5022683 0.4979826 0.5003172 0.9943229 0.9958304 0.93672764 0.931862 0.9100125 0.92119914 0.91983426 0.29367164 0 0.50540066 0.49934357 0.50953186 0.50344145
0.93082345 0.93082345 0.9266836 0.9391723 0.9301319 0.93812364 0.93324894 0.9188122 0.9123715 0.91813165 1.0429276 1.0015109 1.0341415 0.38245285 0.3832859 0.38545617 0.38462073 1.0397208 1.0373245 0.9301319 0.928061 0.93082345 0.94232726 0.93568236 0.5040287 0.50540066 0 0.28865886 0.28222105 0.3836194
0.91915274 0.9253087 0.9225665 0.9335961 0.9137229 0.9130469 0.9205164 0.9059856 0.90933985 0.9046481 1.0433295 0.98645765 1.0501935 0.3821199 0.38579065 0.376482 0.37714309 1.0457449 1.0441338 0.9287507 0.92771643 0.928061 0.93987226 0.9346385 0.50070703 0.49934357 0.28865886 0 0.19485565 0.37797028
0.92017525 0.9370764 0.9242792 0.9419761 0.9263396 0.927372 0.9249654 0.91813165 0.9167723 0.91643286 1.0405211 0.99056727 1.0409217 0.38228634 0.383953 0.3789641 0.38029122 1.0357314 1.0305767 0.9374253 0.9388226 0.9266836 0.92393637 0.932902 0.5030502 0.50953186 0.28222105 0.19485565 0 0.37797028
0.9263396 0.9232511 0.92393637 0.9301319 0.91406107 0.9184719 0.932902 0.9123715 0.9053166 0.9086678 1.0445362 0.99545324 1.0373245 0.2215169 0.22111394 0.19175006 0.19381903 1.0317632 1.0337447 0.93777436 0.9353342 0.93987226 0.93324894 0.94373375 0.50070703 0.50344145 0.3836194 0.37797028 0.37797028 0
