0 0.99961257 0.5971051 0.97978103 0.99658537 0.5874133 1.015322 1.01146 0.5929046 0.99281836 0.9872032 0.9816297 0.60244477 0.5997702 0.97867405 0.9709704 0.5856646 0.58217925 0.5929046 0.5973268 0.69148016 0.69148016 0.59954774 0.69022405 0.99847597 1.0034139 0.6040094 0.9662408 0.98125964 0.68721807
0.99961257 0 0.9980974 0.8079317 0.81709075 0.9615409 0.800626 0.8003352 0.98683035 0.14119436 0.13782194 0.28120193 1.0030329 1.0110749 0.41512588 0.41356212 0.96334505 0.9540103 0.99734104 0.9939465 0.9946995 0.9946995 1.0313674 0.9946995 0.7701374 0.77546155 1.0068517 0.8933747 0.9029796 0.99357027
0.5971051 0.9980974 0 1.0003713 1.0172604 0.5626586 1.0099207 1.0137748 0.13650121 0.99961257 0.98348296 0.9838541 0.14107366 0.14071167 0.98348296 0.97243166 0.5632941 0.5584356 0.13626131 0.13854334 0.70415795 0.7062064 0.28222105 0.70288044 0.98869646 1.0053219 0.20346294 0.9669665 0.9687838 0.69804585
0.97978103 0.8079317 1.0003713 0 0.115796365 0.9691478 0.78082377 0.78337723 0.9924427 0.80295604 0.79888314 0.7968549 1.0022715 0.9977191 0.8047084 0.80353975 0.9666036 0.9669665 0.9969631 0.99658537 0.98794943 0.98869646 1.0095364 0.9920673 0.8073446 0.83149695 0.99847597 0.91406107 0.92154074 0.9831119
0.99658537 0.81709075 1.0172604 0.115796365 0 0.98794943 0.78195757 0.78565425 0.99885464 0.81294054 0.806758 0.8047084 1.0122308 1.0099207 0.81738806 0.81323624 0.97978103 0.9816297 1.0122308 1.01069 0.9901927 0.98757625 1.0188149 0.9920673 0.8221614 0.84033674 1.0087683 0.9127091 0.9188122 0.98869646
0.5874133 0.9615409 0.5626586 0.9691478 0.98794943 0 0.9687838 0.9727974 0.5626586 0.94514287 0.93847305 0.95258445 0.56350607 0.56456673 0.97978103 0.96841997 0.09010185 0.08829978 0.5575939 0.5592783 0.6740837 0.6740837 0.5713908 0.6760516 0.9768326 0.98125964 0.5694652 0.9458484 0.95794547 0.6760516
1.015322 0.800626 1.0099207 0.78082377 0.78195757 0.9687838 0 0.07051326 1.000751 0.7968549 0.79310274 0.799754 0.99923354 1.0049399 0.7956984 0.8020814 0.9713354 0.9666036 1.0080011 1.0064689 0.9920673 0.9958304 1.0133885 0.9924427 0.80091685 0.80910724 1.0103053 0.93987226 0.928061 0.9779369
1.01146 0.8003352 1.0137748 0.78337723 0.78565425 0.9727974 0.07051326 0 1.0076177 0.79917336 0.79512084 0.8000446 1.0110749 1.01069 0.80091685 0.8088132 0.97352946 0.96841997 1.0141612 1.0103053 0.99545324 0.99923354 1.0199828 0.99545324 0.8038317 0.8094014 1.0215429 0.9360306 0.9259958 0.98051995
0.5929046 0.98683035 0.13650121 0.9924427 0.99885464 0.5626586 1.000751 1.0076177 0 0.9853408 0.9768326 0.9658782 0.111491024 0.11207139 0.9746289 0.96406794 0.5641423 0.55991095 0.06875759 0.070952825 0.6922348 0.69425094 0.27367437 0.6907262 0.9779369 1.000751 0.20045221 0.9691478 0.9713354 0.6854701
0.99281836 0.14119436 0.99961257 0.80295604 0.81294054 0.94514287 0.7968549 0.79917336 0.9853408 0 0.06744353 0.2759825 1.0080011 1.0095364 0.40854537 0.40940794 0.95258445 0.94514287 0.99281836 0.99169195 0.99281836 0.99658537 1.0301816 0.99281836 0.7676286 0.7701374 1.0130024 0.88162 0.89601207 0.9894442
0.9872032 0.13782194 0.98348296 0.79888314 0.806758 0.93847305 0.79310274 0.79512084 0.9768326 0.06744353 0 0.27194792 0.9950763 0.9946995 0.40716735 0.40733945 0.9419761 0.9342909 0.9853408 0.9857129 0.9958304 0.99961257 1.0149349 0.99545324 0.76790696 0.7723746 0.9946995 0.88162 0.8904187 0.98237044
0.9816297 0.28120193 0.9838541 0.7968549 0.8047084 0.95258445 0.799754 0.8000446 0.9658782 0.2759825 0.27194792 0 0.990942 0.9943229 0.40630734 0.40923536 0.9472615 0.94092345 0.98051995 0.9816297 1.0076177 1.01069 1.0103053 1.0095364 0.761255 0.7609791 0.99281836 0.88194406 0.8881276 0.9943229
0.60244477 1.0030329 0.14107366 1.0022715 1.0122308 0.56350607 0.99923354 1.0110749 0.111491024 1.0080011 0.9950763 0.990942 0 0.057013113 0.99131685 0.9753628 0.5637181 0.55885684 0.11102706 0.113466084 0.69122875 0.6929902 0.28338745 0.6892207 0.9775687 1.0022715 0.20293847 0.97024083 0.9713354 0.6899731
0.5997702 1.0110749 0.14071167 0.9977191 1.0099207 0.56456673 1.0049399 1.01069 0.11207139 1.0095364 0.9946995 0.9943229 0.057013113 0 0.98832285 0.9738958 0.5656289 0.5607553 0.11114302 0.1126522 0.69956917 0.70160514 0.2825125 0.69779223 0.9753628 1.001891 0.20425035 0.97170067 0.9753628 0.6932422
0.97867405 0.41512588 0.98348296 0.8047084 0.81738806 0.97978103 0.7956984 0.80091685 0.9746289 0.40854537 0.40716735 0.40630734 0.99131685 0.98832285 0 0.059282407 0.9738958 0.9658782 0.9845971 0.97941184 1.0064689 1.0072346 1.0199828 1.0072346 0.7690214 0.7656831 0.9898184 0.8940332 0.9019803 0.9845971
0.9709704 0.41356212 0.97243166 0.80353975 0.81323624 0.96841997 0.8020814 0.8088132 0.96406794 0.40940794 0.40733945 0.40923536 0.9753628 0.9738958 0.059282407 0 0.9626228 0.95615417 0.9687838 0.9637064 1.0003713 1.0015109 1.0068517 1.0015109 0.76485085 0.76846397 0.9801504 0.88682157 0.8914027 0.97941184
0.5856646 0.96334505 0.5632941 0.9666036 0.97978103 0.09010185 0.9713354 0.97352946 0.5641423 0.95258445 0.9419761 0.9472615 0.5637181 0.5656289 0.9738958 0.9626228 0 0.041211817 0.56202364 0.5637181 0.67163116 0.67261124 0.56393015 0.67383814 0.98794943 0.9842255 0.56711847 0.95294064 0.9604604 0.67212105
0.58217925 0.9540103 0.5584356 0.9669665 0.9816297 0.08829978 0.9666036 0.96841997 0.55991095 0.94514287 0.9342909 0.94092345 0.55885684 0.5607553 0.9658782 0.95615417 0.041211817 0 0.5575939 0.5584356 0.6694307 0.67040783 0.5626586 0.67163116 0.9695119 0.97206604 0.5618121 0.94092345 0.9500957 0.6696748
0.5929046 0.99734104 0.13626131 0.9969631 1.0122308 0.5575939 1.0080011 1.0141612 0.06875759 0.99281836 0.9853408 0.98051995 0.11102706 0.11114302 0.9845971 0.9687838 0.56202364 0.5575939 0 0.02801684 0.69097745 0.69349426 0.27266678 0.6904751 0.9764649 1.001891 0.20110568 0.9775687 0.9783054 0.6854701
0.5973268 0.9939465 0.13854334 0.99658537 1.01069 0.5592783 1.0064689 1.0103053 0.070952825 0.99169195 0.9857129 0.9816297 0.113466084 0.1126522 0.97941184 0.9637064 0.5637181 0.5584356 0.02801684 0 0.69148016 0.6945033 0.27786312 0.69122875 0.9783054 1.002652 0.20280741 0.96406794 0.96479154 0.6852207
0.69148016 0.9946995 0.70415795 0.98794943 0.9901927 0.6740837 0.9920673 0.99545324 0.6922348 0.99281836 0.9958304 1.0076177 0.69122875 0.69956917 1.0064689 1.0003713 0.67163116 0.6694307 0.69097745 0.69148016 0 0.01067562 0.71992075 0.01047278 0.96769285 0.982 0.7072328 0.9801504 0.9894442 0.14433953
0.69148016 0.9946995 0.7062064 0.98869646 0.98757625 0.6740837 0.9958304 0.99923354 0.69425094 0.99658537 0.99961257 1.01069 0.6929902 0.70160514 1.0072346 1.0015109 0.67261124 0.67040783 0.69349426 0.6945033 0.01067562 0 0.7235857 0.0097632725 0.9698763 0.9838541 0.7098048 0.982 0.9924427 0.14433953
0.59954774 1.0313674 0.28222105 1.0095364 1.0188149 0.5713908 1.0133885 1.0199828 0.27367437 1.0301816 1.0149349 1.0103053 0.28338745 0.2825125 1.0199828 1.0068517 0.56393015 0.5626586 0.27266678 0.27786312 0.71992075 0.7235857 0 0.7209661 0.9738958 0.99131685 0.28411737 0.97426224 0.97024083 0.71601385
0.69022405 0.9946995 0.70288044 0.9920673 0.9920673 0.6760516 0.9924427 0.99545324 0.6907262 0.99281836 0.99545324 1.0095364 0.6892207 0.69779223 1.0072346 1.0015109 0.67383814 0.67163116 0.6904751 0.69122875 0.01047278 0.0097632725 0.7209661 0 0.9706055 0.9853408 0.7080034 0.9801504 0.98832285 0.14421831
0.99847597 0.7701374 0.98869646 0.8073446 0.8221614 0.9768326 0.80091685 0.8038317 0.9779369 0.7676286 0.76790696 0.761255 0.9775687 0.9753628 0.7690214 0.76485085 0.98794943 0.9695119 0.9764649 0.9783054 0.96769285 0.9698763 0.9738958 0.9706055 0 0.2625228 0.97573 0.9036466 0.9063204 0.9590223
1.0034139 0.77546155 1.0053219 0.83149695 0.84033674 0.98125964 0.80910724 0.8094014 1.000751 0.7701374 0.7723746 0.7609791 1.0022715 1.001891 0.7656831 0.76846397 0.9842255 0.97206604 1.001891 1.002652 0.982 0.9838541 0.99131685 0.9853408 0.2625228 0 0.9894442 0.90565103 0.9130469 0.97867405
0.6040094 1.0068517 0.20346294 0.99847597 1.0087683 0.5694652 1.0103053 1.0215429 0.20045221 1.0130024 0.9946995 0.99281836 0.20293847 0.20425035 0.9898184 0.9801504 0.56711847 0.5618121 0.20110568 0.20280741 0.7072328 0.7098048 0.28411737 0.7080034 0.97573 0.9894442 0 0.97941184 0.98496884 0.70697606
0.9662408 0.8933747 0.9669665 0.91406107 0.9127091 0.9458484 0.93987226 0.9360306 0.9691478 0.88162 0.88162 0.88194406 0.97024083 0.97170067 0.8940332 0.88682157 0.95294064 0.94092345 0.9775687 0.96406794 0.9801504 0.982 0.97426224 0.9801504 0.9036466 0.90565103 0.97941184 0 0.16823317 0.97720057
0.98125964 0.9029796 0.9687838 0.92154074 0.9188122 0.95794547 0.928061 0.9259958 0.9713354 0.89601207 0.8904187 0.8881276 0.9713354 0.9753628 0.9019803 0.8914027 0.9604604 0.9500957 0.9783054 0.96479154 0.9894442 0.9924427 0.97024083 0.98832285 0.9063204 0.9130469 0.98496884 0.16823317 0 0.98683035
0.68721807 0.99357027 0.69804585 0.9831119 0.98869646 0.6760516 0.9779369 0.98051995 0.6854701 0.9894442 0.98237044 0.9943229 0.6899731 0.6932422 0.9845971 0.97941184 0.67212105 0.6696748 0.6854701 0.6852207 0.14433953 0.14433953 0.71601385 0.14421831 0.9590223 0.97867405 0.70697606 0.97720057 0.98683035 0
