0 1.011872798 0.506394798 0.515079098 0.679810998 0.691775348 0.698336628 0.676849498 0.678328798 0.683777958 0.687016638 0.985766738 0.685270998 1.011487898 1.009182498 0.610421898 0.606823698 0.512107198 0.509344098 0.685769298 0.684026598 1.010334298 0.993992098 1.009950198 1.005737798 0.670228598 0.607946298 0.689767998 0.679563728 0.697576598
1.011872798 0 0.997005698 1.004974398 0.989120748 0.993616258 1.011103198 1.002688898 0.994744398 0.998516998 1.003449898 0.506198558 1.000031438 0.126106648 0.127289428 1.023121998 1.027826698 0.988001098 0.987628248 1.025470598 1.023512998 0.131562938 0.773452598 0.131681998 0.774854748 1.004211798 1.044127398 1.013028698 1.001928698 1.021170398
0.506394798 0.997005698 0 0.115777843 0.670961348 0.676849498 0.684026598 0.673899598 0.669252598 0.680058328 0.667061398 1.001169198 0.672429058 0.994368168 1.002688898 0.591281398 0.588649068 0.247731718 0.248844478 0.673654348 0.671205728 1.009566198 0.981687598 1.007266798 0.986883098 0.667304548 0.595468298 0.686517448 0.669496498 0.690520138
0.515079098 1.004974398 0.115777843 0 0.667304548 0.670716998 0.675373098 0.668765158 0.666089598 0.675864898 0.658360098 1.000410468 0.661973398 1.002308798 1.006501898 0.594143598 0.590842038 0.245511128 0.247037068 0.675127358 0.673409138 1.020001898 0.979471948 1.018446698 0.986510798 0.668765158 0.597681298 0.675864898 0.657639498 0.689016598
0.679810998 0.989120748 0.670961348 0.667304548 0 0.446453338 0.448448718 0.0939505980000001 0.0896603620000001 0.0934978380000001 0.198251408 0.986138698 0.197601098 0.981317848 0.974693698 0.683032538 0.680800768 0.672184198 0.672429058 0.470194728 0.466836498 0.989868138 1.023904098 0.989868138 1.001548898 0.441577898 0.685270998 0.468140698 0.195523888 0.443921358
0.691775348 0.993616258 0.676849498 0.670716998 0.446453338 0 0.0898855480000001 0.454833298 0.442838848 0.449903278 0.449721298 0.990616298 0.447541058 0.992865198 0.986883098 0.689016598 0.685270998 0.679069498 0.679069498 0.473568048 0.472066898 0.991739898 0.992865198 0.990242098 0.999652538 0.432454348 0.691775348 0.472817098 0.441397938 0.151834448
0.698336628 1.011103198 0.684026598 0.675373098 0.448448718 0.0898855480000001 0 0.457034858 0.448630398 0.452820868 0.449175658 0.997760998 0.448993858 1.012257898 1.008415598 0.690520138 0.686267998 0.687516098 0.685520098 0.469260368 0.468327198 1.014572698 1.012257898 1.013800298 1.014959098 0.432987958 0.695301198 0.470755898 0.443199518 0.149148448
0.676849498 1.002688898 0.673899598 0.668765158 0.0939505980000001 0.454833298 0.457034858 0 0.0549034080000001 0.0579189180000001 0.201903578 0.993616258 0.202819418 0.996251138 0.993240598 0.683777958 0.679316598 0.680800768 0.680058328 0.471504778 0.469447168 1.000031438 1.020001898 0.999273868 0.999273868 0.449175658 0.680058328 0.474883998 0.198511688 0.452455548
0.678328798 0.994744398 0.669252598 0.666089598 0.0896603620000001 0.442838848 0.448630398 0.0549034080000001 0 0.0477365560000001 0.199293078 0.994368168 0.199684068 0.989120748 0.986138698 0.684275298 0.681791898 0.676849498 0.676849498 0.466092298 0.464791658 0.994368168 1.021170398 0.993616258 1.008798998 0.443921358 0.680800768 0.466092298 0.194746418 0.443560358
0.683777958 0.998516998 0.680058328 0.675864898 0.0934978380000001 0.449903278 0.452820868 0.0579189180000001 0.0477365560000001 0 0.203605308 0.997005698 0.203867448 0.993616258 0.989868138 0.686517448 0.683777958 0.686267998 0.685270998 0.469447168 0.467395158 0.997383268 1.025862898 0.997005698 1.018835198 0.452090378 0.680553228 0.473380238 0.199162778 0.449539368
0.687016638 1.003449898 0.667061398 0.658360098 0.198251408 0.449721298 0.449175658 0.201903578 0.199293078 0.203605308 0 0.999652538 0.0355926780000001 0.992489848 0.989120748 0.670961348 0.668034498 0.673899598 0.674881598 0.469633968 0.466092298 1.004211798 1.026647698 1.004211798 1.022340798 0.443379898 0.680058328 0.472066898 0.181269538 0.449539368
0.985766738 0.506198558 1.001169198 1.000410468 0.986138698 0.990616298 0.997760998 0.993616258 0.994368168 0.997005698 0.999652538 0 0.993616258 0.497809898 0.501894998 1.006119798 0.998138938 0.995120798 0.994744398 1.002688898 1.004592998 0.506002398 0.762604998 0.506198558 0.776259448 1.018835198 1.037325498 1.011487898 1.004592998 1.003449898
0.685270998 1.000031438 0.672429058 0.661973398 0.197601098 0.447541058 0.448993858 0.202819418 0.199684068 0.203867448 0.0355926780000001 0.993616258 0 0.994368168 0.992489848 0.671939458 0.669740398 0.674144998 0.673163998 0.468140698 0.464977328 1.009182498 1.020001898 1.009182498 1.020391098 0.442838848 0.681048398 0.468886968 0.181015178 0.448993858
1.011487898 0.126106648 0.994368168 1.002308798 0.981317848 0.992865198 1.012257898 0.996251138 0.989120748 0.993616258 0.992489848 0.497809898 0.994368168 0 0.0285033830000001 1.013028698 1.012643098 0.981317848 0.985394998 1.024295398 1.023904098 0.117995918 0.768148298 0.118229778 0.774854748 1.009566198 1.046542798 1.015732798 1.001548898 1.014186398
1.009182498 0.127289428 1.002688898 1.006501898 0.974693698 0.986883098 1.008415598 0.993240598 0.986138698 0.989868138 0.989120748 0.501894998 0.992489848 0.0285033830000001 0 1.011103198 1.011103198 0.988001098 0.992865198 1.017670298 1.017670298 0.119986078 0.770656138 0.120220568 0.777666898 1.010718598 1.046542798 1.010334298 0.999273868 1.013414398
0.610421898 1.023121998 0.591281398 0.594143598 0.683032538 0.689016598 0.690520138 0.683777958 0.684275298 0.686517448 0.670961348 1.006119798 0.671939458 1.013028698 1.011103198 0 0.0261206200000001 0.595910398 0.593702498 0.696817398 0.697576598 1.024295398 0.999273868 1.024686998 1.013028698 0.667547798 0.236557038 0.700112998 0.668277948 0.693536198
0.606823698 1.027826698 0.588649068 0.590842038 0.680800768 0.685270998 0.686267998 0.679316598 0.681791898 0.683777958 0.668034498 0.998138938 0.669740398 1.012643098 1.011103198 0.0261206200000001 0 0.593702498 0.590842038 0.692278058 0.693788098 1.024295398 1.001928698 1.024686998 1.008032498 0.663181698 0.234778968 0.695806298 0.664149728 0.689016598
0.512107198 0.988001098 0.247731718 0.245511128 0.672184198 0.679069498 0.687516098 0.680800768 0.676849498 0.686267998 0.673899598 0.995120798 0.674144998 0.981317848 0.988001098 0.595910398 0.593702498 0 0.0198375380000001 0.681296138 0.684524098 0.995874198 0.993992098 0.995120798 0.996251138 0.673654348 0.595910398 0.690269298 0.667304548 0.695553698
0.509344098 0.987628248 0.248844478 0.247037068 0.672429058 0.679069498 0.685520098 0.680058328 0.676849498 0.685270998 0.674881598 0.994744398 0.673163998 0.985394998 0.992865198 0.593702498 0.590842038 0.0198375380000001 0 0.677342268 0.680058328 0.999273868 0.995874198 0.998516998 0.995874198 0.672184198 0.594143598 0.689016598 0.667791098 0.693032698
0.685769298 1.025470598 0.673654348 0.675127358 0.470194728 0.473568048 0.469260368 0.471504778 0.466092298 0.469447168 0.469633968 1.002688898 0.468140698 1.024295398 1.017670298 0.696817398 0.692278058 0.681296138 0.677342268 0 0.0191198830000001 1.024686998 1.008415598 1.024686998 1.014572698 0.471879478 0.700367068 0.232868838 0.462752338 0.468140698
0.684026598 1.023512998 0.671205728 0.673409138 0.466836498 0.472066898 0.468327198 0.469447168 0.464791658 0.467395158 0.466092298 1.004592998 0.464977328 1.023904098 1.017670298 0.697576598 0.693788098 0.684524098 0.680058328 0.0191198830000001 0 1.023512998 1.011487898 1.023512998 1.012643098 0.470943038 0.698843748 0.233277738 0.459242898 0.467208898
1.010334298 0.131562938 1.009566198 1.020001898 0.989868138 0.991739898 1.014572698 1.000031438 0.994368168 0.997383268 1.004211798 0.506002398 1.009182498 0.117995918 0.119986078 1.024295398 1.024295398 0.995874198 0.999273868 1.024686998 1.023512998 0 0.771214638 0.00229940000000007 0.770656138 1.009950198 1.040518698 1.014572698 1.007266798 1.015345898
0.993992098 0.773452598 0.981687598 0.979471948 1.023904098 0.992865198 1.012257898 1.020001898 1.021170398 1.025862898 1.026647698 0.762604998 1.020001898 0.768148298 0.770656138 0.999273868 1.001928698 0.993992098 0.995874198 1.008415598 1.011487898 0.771214638 0 0.772053098 0.455016528 0.985023398 1.028613598 1.011103198 1.024295398 0.998516998
1.009950198 0.131681998 1.007266798 1.018446698 0.989868138 0.990242098 1.013800298 0.999273868 0.993616258 0.997005698 1.004211798 0.506198558 1.009182498 0.118229778 0.120220568 1.024686998 1.024686998 0.995120798 0.998516998 1.024686998 1.023512998 0.00229940000000007 0.772053098 0 0.771493998 1.009950198 1.040518698 1.013414398 1.006119798 1.015345898
1.005737798 0.774854748 0.986883098 0.986510798 1.001548898 0.999652538 1.014959098 0.999273868 1.008798998 1.018835198 1.022340798 0.776259448 1.020391098 0.774854748 0.777666898 1.013028698 1.008032498 0.996251138 0.995874198 1.014572698 1.012643098 0.770656138 0.455016528 0.771493998 0 0.980948298 1.016507198 1.014572698 1.018058298 1.013414398
0.670228598 1.004211798 0.667304548 0.668765158 0.441577898 0.432454348 0.432987958 0.449175658 0.443921358 0.452090378 0.443379898 1.018835198 0.442838848 1.009566198 1.010718598 0.667547798 0.663181698 0.673654348 0.672184198 0.471879478 0.470943038 1.009950198 0.985023398 1.009950198 0.980948298 0 0.666818348 0.465163018 0.442298178 0.439062328
0.607946298 1.044127398 0.595468298 0.597681298 0.685270998 0.691775348 0.695301198 0.680058328 0.680800768 0.680553228 0.680058328 1.037325498 0.681048398 1.046542798 1.046542798 0.236557038 0.234778968 0.595910398 0.594143598 0.700367068 0.698843748 1.040518698 1.028613598 1.040518698 1.016507198 0.666818348 0 0.708544348 0.671694848 0.694040098
0.689767998 1.013028698 0.686517448 0.675864898 0.468140698 0.472817098 0.470755898 0.474883998 0.466092298 0.473380238 0.472066898 1.011487898 0.468886968 1.015732798 1.010334298 0.700112998 0.695806298 0.690269298 0.689016598 0.232868838 0.233277738 1.014572698 1.011103198 1.013414398 1.014572698 0.465163018 0.708544348 0 0.466650368 0.472254398
0.679563728 1.001928698 0.669496498 0.657639498 0.195523888 0.441397938 0.443199518 0.198511688 0.194746418 0.199162778 0.181269538 1.004592998 0.181015178 1.001548898 0.999273868 0.668277948 0.664149728 0.667304548 0.667791098 0.462752338 0.459242898 1.007266798 1.024295398 1.006119798 1.018058298 0.442298178 0.671694848 0.466650368 0 0.441038128
0.697576598 1.021170398 0.690520138 0.689016598 0.443921358 0.151834448 0.149148448 0.452455548 0.443560358 0.449539368 0.449539368 1.003449898 0.448993858 1.014186398 1.013414398 0.693536198 0.689016598 0.695553698 0.693032698 0.468140698 0.467208898 1.015345898 0.998516998 1.015345898 1.013414398 0.439062328 0.694040098 0.472254398 0.441038128 0
