0 1.0133885 0.99999183 0.98757625 1.000751 0.7191378 0.702115 1.0080011 0.71342045 0.71445674 1.0087683 1.0176488 0.7139384 0.7031358 1.0133885 1.0122308 1.0195932 0.6993151 0.69956917 0.6837262 0.68149 0.9894442 1.0157093 0.98869646 1.0103053 0.7080034 0.6937464 0.7005865 0.700841 1.0313674
1.0133885 0 0.44204095 0.6357735 0.6409265 1.0274222 1.0049399 0.6461152 1.0337447 1.0301816 0.6371753 0.64587855 1.0141612 1.0091523 0.64163196 0.63857985 0.6378772 1.0401208 1.0373245 1.0011308 0.9977191 0.43700978 0.6558819 0.4366517 0.64635193 1.0149349 1.0053219 1.0053219 1.0137748 0.17426437
0.99999183 0.44204095 0 0.6164175 0.6285719 1.005704 0.98757625 0.62189704 0.99734104 0.9946995 0.6155082 0.6267246 0.9894442 0.9827411 0.6205234 0.6175558 0.6193806 1.0053219 0.99885464 0.9790429 0.9706055 0.15828773 0.63554007 0.15804078 0.6378772 0.97941184 0.9857129 0.9779369 0.9969631 0.44493115
0.98757625 0.6357735 0.6164175 0 0.1457956 1.0130024 0.98496884 0.44240162 1.0242808 1.0199828 0.4398806 0.52972496 0.990942 0.9783054 0.44060004 0.44240162 0.44348466 1.0207624 1.0095364 0.98348296 0.98051995 0.60692376 0.50953186 0.60669917 0.5083492 1.0103053 0.97426224 1.0034139 1.0164845 0.6318157
1.000751 0.6409265 0.6285719 0.1457956 0 1.0130024 0.99734104 0.45330298 1.0223241 1.0234975 0.45111 0.5389 1.0034139 0.990942 0.45275414 0.4571562 0.4571562 1.018426 1.0091523 0.9860852 0.98237044 0.6182396 0.51806253 0.6182396 0.51626897 1.0110749 0.99056727 1.0176488 1.0219333 0.64516914
0.7191378 1.0274222 1.005704 1.0130024 1.0130024 0 0.51626897 1.0258498 0.13255288 0.13171802 1.0164845 1.0297868 0.5182621 0.5150757 1.0242808 1.0242808 1.030972 0.46585247 0.46399376 0.5044204 0.50363714 0.98832285 1.0361294 0.98683035 1.0329514 0.35546857 0.5152744 0.458445 0.46325153 1.0313674
0.702115 1.0049399 0.98757625 0.98496884 0.99734104 0.51626897 0 0.9950763 0.5065787 0.5055969 0.9898184 1.0053219 0.122006856 0.119657226 1.000751 1.0022715 1.0030329 0.49914902 0.49973288 0.3697393 0.36712432 0.9709704 1.0037951 0.9713354 1.0049399 0.5172649 0.20582764 0.49876 0.5052045 1.0160967
1.0080011 0.6461152 0.62189704 0.44240162 0.45330298 1.0258498 0.9950763 0 1.0231062 1.0215429 0.09371904 0.54860425 0.99131685 0.9816297 0.094966486 0.09530706 0.096216016 1.014548 1.0126165 0.99545324 0.9924427 0.61346614 0.5136859 0.61346614 0.50598943 0.9969631 0.97978103 0.99847597 1.0103053 0.6442242
0.71342045 1.0337447 0.99734104 1.0242808 1.0223241 0.13255288 0.5065787 1.0231062 0 0.055719454 1.0176488 1.0329514 0.50972915 0.5069718 1.0242808 1.025065 1.030972 0.4606596 0.4586293 0.497206 0.4960426 0.98683035 1.0417235 0.9853408 1.0278157 0.35322306 0.51012385 0.45734018 0.46158424 1.025065
0.71445674 1.0301816 0.9946995 1.0199828 1.0234975 0.13171802 0.5055969 1.0215429 0.055719454 0 1.0157093 1.0242808 0.5065787 0.5046164 1.0234975 1.0234975 1.0282096 0.45918247 0.45770827 0.50129217 0.5003172 0.9831119 1.0381224 0.9816297 1.0199828 0.34732068 0.5113093 0.4566045 0.46343702 1.0149349
1.0087683 0.6371753 0.6155082 0.4398806 0.45111 1.0164845 0.9898184 0.09371904 1.0176488 1.0157093 0 0.54694355 0.9939465 0.98051995 0.04747114 0.0472581 0.04672577 1.0076177 1.005704 0.9939465 0.9931942 0.6028915 0.5107164 0.6028915 0.5085462 1.0030329 0.9827411 0.99281836 1.0072346 0.6364741
1.0176488 0.64587855 0.6267246 0.52972496 0.5389 1.0297868 1.0053219 0.54860425 1.0329514 1.0242808 0.54694355 0 1.0126165 1.0049399 0.5471509 0.54860425 0.5521454 1.0238891 1.0223241 0.99357027 0.9958304 0.6091733 0.5317542 0.6103006 0.54322046 1.0238891 1.0266355 1.0110749 1.032159 0.6339084
0.7139384 1.0141612 0.9894442 0.990942 1.0034139 0.5182621 0.122006856 0.99131685 0.50972915 0.5065787 0.9939465 1.0126165 0 0.041211817 1.0053219 1.0060863 1.0076177 0.49876 0.49914902 0.36810386 0.36598316 0.96769285 1.0011308 0.9687838 1.0083846 0.515871 0.20780392 0.5030502 0.50775856 1.0234975
0.7031358 1.0091523 0.9827411 0.9783054 0.990942 0.5150757 0.119657226 0.9816297 0.5069718 0.5046164 0.98051995 1.0049399 0.041211817 0 0.9901927 0.9901927 0.99169195 0.49914902 0.5003172 0.36533183 0.3628944 0.96334505 0.99169195 0.96406794 0.9962078 0.5111116 0.20477574 0.4979826 0.5052045 1.0223241
1.0133885 0.64163196 0.6205234 0.44060004 0.45275414 1.0242808 1.000751 0.094966486 1.0242808 1.0234975 0.04747114 0.5471509 1.0053219 0.9901927 0 0.03072067 0.031450294 1.0045581 1.0045581 0.9931942 0.99131685 0.61052626 0.51190275 0.61052626 0.50992644 1.000751 0.98907024 0.9931942 1.0080011 0.63998693
1.0122308 0.63857985 0.6175558 0.44240162 0.4571562 1.0242808 1.0022715 0.09530706 1.025065 1.0234975 0.0472581 0.54860425 1.0060863 0.9901927 0.03072067 0 0.027394261 1.0080011 1.0068517 0.99885464 0.99734104 0.60692376 0.51190275 0.60692376 0.5115071 1.0049399 0.98757625 0.9958304 1.0060863 0.63928306
1.0195932 0.6378772 0.6193806 0.44348466 0.4571562 1.030972 1.0030329 0.096216016 1.030972 1.0282096 0.04672577 0.5521454 1.0076177 0.99169195 0.031450294 0.027394261 0 1.01146 1.01146 1.0037951 1.000751 0.60804766 0.51289284 0.60804766 0.50992644 1.0072346 0.9924427 1.0011308 1.0137748 0.63881415
0.6993151 1.0401208 1.0053219 1.0207624 1.018426 0.46585247 0.49914902 1.014548 0.4606596 0.45918247 1.0076177 1.0238891 0.49876 0.49914902 1.0045581 1.0080011 1.01146 0 0.026668571 0.48070073 0.48032117 1.0068517 1.0341415 1.0072346 1.0305767 0.45129248 0.49025255 0.4189622 0.42563516 1.0501935
0.69956917 1.0373245 0.99885464 1.0095364 1.0091523 0.46399376 0.49973288 1.0126165 0.4586293 0.45770827 1.005704 1.0223241 0.49914902 0.5003172 1.0045581 1.0068517 1.01146 0.026668571 0 0.48108047 0.48070073 1.001891 1.0282096 1.0022715 1.0258498 0.44928738 0.48948392 0.4170416 0.4235215 1.0481682
0.6837262 1.0011308 0.9790429 0.98348296 0.9860852 0.5044204 0.3697393 0.99545324 0.497206 0.50129217 0.9939465 0.99357027 0.36810386 0.36533183 0.9931942 0.99885464 1.0037951 0.48070073 0.48108047 0 0.014743978 0.9575869 0.98237044 0.9575869 0.9783054 0.50933456 0.3677772 0.4958489 0.5010971 1.0060863
0.68149 0.9977191 0.9706055 0.98051995 0.98237044 0.50363714 0.36712432 0.9924427 0.4960426 0.5003172 0.9931942 0.9958304 0.36598316 0.3628944 0.99131685 0.99734104 1.000751 0.48032117 0.48070073 0.014743978 0 0.95258445 0.9816297 0.95258445 0.9783054 0.5061858 0.36451846 0.49623638 0.49973288 1.0011308
0.9894442 0.43700978 0.15828773 0.60692376 0.6182396 0.98832285 0.9709704 0.61346614 0.98683035 0.9831119 0.6028915 0.6091733 0.96769285 0.96334505 0.61052626 0.60692376 0.60804766 1.0068517 1.001891 0.9575869 0.95258445 0 0.62075216 0.0018021634 0.63019204 0.98237044 0.97024083 0.9658782 0.98832285 0.43432835
1.0157093 0.6558819 0.63554007 0.50953186 0.51806253 1.0361294 1.0037951 0.5136859 1.0417235 1.0381224 0.5107164 0.5317542 1.0011308 0.99169195 0.51190275 0.51190275 0.51289284 1.0341415 1.0282096 0.98237044 0.9816297 0.62075216 0 0.6212099 0.5220636 1.042526 1.002652 1.0215429 1.0313674 0.661417
0.98869646 0.4366517 0.15804078 0.60669917 0.6182396 0.98683035 0.9713354 0.61346614 0.9853408 0.9816297 0.6028915 0.6103006 0.9687838 0.96406794 0.61052626 0.60692376 0.60804766 1.0072346 1.0022715 0.9575869 0.95258445 0.0018021634 0.6212099 0 0.6294973 0.98125964 0.97170067 0.9651536 0.98869646 0.43432835
1.0103053 0.64635193 0.6378772 0.5083492 0.51626897 1.0329514 1.0049399 0.50598943 1.0278157 1.0199828 0.5085462 0.54322046 1.0083846 0.9962078 0.50992644 0.5115071 0.50992644 1.0305767 1.0258498 0.9783054 0.9783054 0.63019204 0.5220636 0.6294973 0 1.0274222 0.99545324 0.99658537 1.0087683 0.64919823
0.7080034 1.0149349 0.97941184 1.0103053 1.0110749 0.35546857 0.5172649 0.9969631 0.35322306 0.34732068 1.0030329 1.0238891 0.515871 0.5111116 1.000751 1.0049399 1.0072346 0.45129248 0.44928738 0.50933456 0.5061858 0.98237044 1.042526 0.98125964 1.0274222 0 0.5038329 0.45421863 0.46510842 1.0126165
0.6937464 1.0053219 0.9857129 0.97426224 0.99056727 0.5152744 0.20582764 0.97978103 0.51012385 0.5113093 0.9827411 1.0266355 0.20780392 0.20477574 0.98907024 0.98757625 0.9924427 0.49025255 0.48948392 0.3677772 0.36451846 0.97024083 1.002652 0.97170067 0.99545324 0.5038329 0 0.4919849 0.50265914 1.019204
0.7005865 1.0053219 0.9779369 1.0034139 1.0176488 0.458445 0.49876 0.99847597 0.45734018 0.4566045 0.99281836 1.0110749 0.5030502 0.4979826 0.9931942 0.9958304 1.0011308 0.4189622 0.4170416 0.4958489 0.49623638 0.9658782 1.0215429 0.9651536 0.99658537 0.45421863 0.4919849 0 0.19615345 1.0133885
0.700841 1.0137748 0.9969631 1.0164845 1.0219333 0.46325153 0.5052045 1.0103053 0.46158424 0.46343702 1.0072346 1.032159 0.50775856 0.5052045 1.0080011 1.0060863 1.0137748 0.42563516 0.4235215 0.5010971 0.49973288 0.98832285 1.0313674 0.98869646 1.0087683 0.46510842 0.50265914 0.19615345 0 1.0203725
1.0313674 0.17426437 0.44493115 0.6318157 0.64516914 1.0313674 1.0160967 0.6442242 1.025065 1.0149349 0.6364741 0.6339084 1.0234975 1.0223241 0.63998693 0.63928306 0.63881415 1.0501935 1.0481682 1.0060863 1.0011308 0.43432835 0.661417 0.43432835 0.64919823 1.0126165 1.019204 1.0133885 1.0203725 0
