0 0.98907024 0.9931942 1.0207624 1.0289978 1.0064689 1.01069 0.99885464 0.98496884 0.99056727 1.01146 1.0099207 1.0188149 1.0329514 1.0274222 0.99281836 1.0289978 1.0286036 1.014548 1.015322 1.0149349 0.9894442 1.0130024 0.99281836 0.9939465 0.990942 1.0231062 1.0041765 0.99885464 0.99734104
0.98907024 0 0.11953994 0.6109778 0.6071484 0.23138992 0.23891531 0.57827747 0.58675706 0.5904835 0.5769814 0.59865856 0.57439595 0.6198375 0.62143886 0.5707484 0.60894805 0.6078228 0.57979244 0.5784937 0.57957584 0.57590306 0.5966618 0.5754721 0.5837021 0.1656097 0.6031149 0.59888077 0.60043794 0.59444946
0.9931942 0.11953994 0 0.61391944 0.61142963 0.23193468 0.23987852 0.582614 0.5810934 0.585228 0.58152753 0.6046809 0.58065945 0.62511194 0.6267246 0.5784937 0.610752 0.6091733 0.5832667 0.5837021 0.58588296 0.5819619 0.5964403 0.5819619 0.58065945 0.16311966 0.6015522 0.6008834 0.6082727 0.5966618
1.0207624 0.6109778 0.61391944 0 0.11334976 0.6103006 0.6132396 0.6180116 0.6186958 0.6244219 0.6184676 0.5982144 0.6150539 0.3274073 0.32431898 0.61778367 0.1778051 0.17742492 0.6141462 0.6141462 0.61596274 0.620981 0.627186 0.620981 0.458445 0.6046809 0.2311177 0.2243438 0.4720192 0.4675293
1.0289978 0.6071484 0.61142963 0.11334976 0 0.6103006 0.6123341 0.62465185 0.620981 0.62511194 0.62996036 0.6013292 0.62649405 0.3305084 0.32926643 0.62787867 0.18098064 0.18034446 0.6244219 0.6255724 0.62603307 0.63228023 0.632745 0.632745 0.46771583 0.60894805 0.23452772 0.22948638 0.48089057 0.47653615
1.0064689 0.23138992 0.23193468 0.6103006 0.6103006 0 0.10169299 0.57525676 0.58807015 0.58850837 0.5756876 0.59400773 0.57482624 0.6118817 0.61256033 0.5698927 0.6031149 0.60244477 0.5765499 0.57525676 0.5774132 0.5767656 0.5911431 0.57590306 0.5789264 0.22636956 0.6028915 0.5975486 0.6008834 0.58807015
1.01069 0.23891531 0.23987852 0.6132396 0.6123341 0.10169299 0 0.5850098 0.59224355 0.58828926 0.58348435 0.6019983 0.5800091 0.618924 0.61687267 0.57224816 0.6171003 0.6141462 0.5847917 0.5837021 0.58610135 0.5791428 0.59400773 0.57871 0.58675706 0.23329833 0.6071484 0.60244477 0.60625017 0.59312516
0.99885464 0.57827747 0.582614 0.6180116 0.62465185 0.57525676 0.5850098 0 0.35675475 0.35354343 0.10318325 0.60043794 0.101922065 0.61778367 0.6161901 0.15152594 0.6164175 0.6150539 0.102953784 0.10226581 0.10444655 0.15360944 0.35868815 0.15373218 0.5977705 0.57590306 0.60647464 0.60804766 0.6071484 0.6008834
0.98496884 0.58675706 0.5810934 0.6186958 0.620981 0.58807015 0.59224355 0.35675475 0 0.09883541 0.35981828 0.61369276 0.35788196 0.62465185 0.6221262 0.35659385 0.62006605 0.62006605 0.3588495 0.35804313 0.35917228 0.36030313 0.19330125 0.3609501 0.5955548 0.582614 0.614373 0.609624 0.6155082 0.60849774
0.99056727 0.5904835 0.585228 0.6244219 0.62511194 0.58850837 0.58828926 0.35354343 0.09883541 0 0.35772082 0.6184676 0.35530797 0.63088745 0.6294973 0.35820433 0.6228142 0.620981 0.35788196 0.35611138 0.35836557 0.36127383 0.19511503 0.3614357 0.6006607 0.5856646 0.615281 0.61278665 0.6198375 0.6103006
1.01146 0.5769814 0.58152753 0.6184676 0.62996036 0.5756876 0.58348435 0.10318325 0.35981828 0.35772082 0 0.5999927 0.049177624 0.6216679 0.6212099 0.15091425 0.62075216 0.62235546 0.055396385 0.053783137 0.05604266 0.15410052 0.36111194 0.15397772 0.6006607 0.57590306 0.6075979 0.61369276 0.6121078 0.6075979
1.0099207 0.59865856 0.6046809 0.5982144 0.6013292 0.59400773 0.6019983 0.60043794 0.61369276 0.6184676 0.5999927 0 0.6028915 0.5929046 0.59400773 0.59444946 0.5929046 0.59092313 0.60535306 0.60512894 0.60512894 0.59932536 0.6186958 0.6002153 0.5618121 0.5973268 0.5850098 0.57762915 0.58807015 0.57439595
1.0188149 0.57439595 0.58065945 0.6150539 0.62649405 0.57482624 0.5800091 0.101922065 0.35788196 0.35530797 0.049177624 0.6028915 0 0.6180116 0.617328 0.1488382 0.61915225 0.6193806 0.055396385 0.053675707 0.05625821 0.15201566 0.35981828 0.15152594 0.59932536 0.57590306 0.60669917 0.61346614 0.61052626 0.604457
1.0329514 0.6198375 0.62511194 0.3274073 0.3305084 0.6118817 0.618924 0.61778367 0.62465185 0.63088745 0.6216679 0.5929046 0.6180116 0 0.042057484 0.6193806 0.32663402 0.32988715 0.6202947 0.62143886 0.62511194 0.6212099 0.6362405 0.62006605 0.47014514 0.6091733 0.32524413 0.32032305 0.48718274 0.48013148
1.0274222 0.62143886 0.6267246 0.32431898 0.32926643 0.61256033 0.61687267 0.6161901 0.6221262 0.6294973 0.6212099 0.59400773 0.617328 0.042057484 0 0.6198375 0.3241649 0.3274073 0.61778367 0.618924 0.6228142 0.62258476 0.6348403 0.6212099 0.46548036 0.6118817 0.32586154 0.3197102 0.48279172 0.47804788
0.99281836 0.5707484 0.5784937 0.61778367 0.62787867 0.5698927 0.57224816 0.15152594 0.35659385 0.35820433 0.15091425 0.59444946 0.1488382 0.6193806 0.6198375 0 0.62006605 0.6186958 0.15030305 0.14993657 0.15201566 0.03962876 0.35820433 0.039945103 0.5982144 0.5677578 0.6037857 0.60804766 0.62006605 0.60894805
1.0289978 0.60894805 0.610752 0.1778051 0.18098064 0.6031149 0.6171003 0.6164175 0.62006605 0.6228142 0.62075216 0.5929046 0.61915225 0.32663402 0.3241649 0.62006605 0 0.028120654 0.61664504 0.6182396 0.6216679 0.6244219 0.6258027 0.62373245 0.46121424 0.6006607 0.23070954 0.22623433 0.47899425 0.47578144
1.0286036 0.6078228 0.6091733 0.17742492 0.18034446 0.60244477 0.6141462 0.6150539 0.62006605 0.620981 0.62235546 0.59092313 0.6193806 0.32988715 0.3274073 0.6186958 0.028120654 0 0.6182396 0.61960906 0.62304366 0.62235546 0.6262635 0.62235546 0.45992067 0.6013292 0.23166226 0.22758764 0.47748062 0.47483912
1.014548 0.57979244 0.5832667 0.6141462 0.6244219 0.5765499 0.5847917 0.102953784 0.3588495 0.35788196 0.055396385 0.60535306 0.055396385 0.6202947 0.61778367 0.15030305 0.61664504 0.6182396 0 0.020785378 0.022535192 0.15324135 0.36224574 0.15324135 0.6033384 0.5800091 0.6078228 0.610075 0.6180116 0.610075
1.015322 0.5784937 0.5837021 0.6141462 0.6255724 0.57525676 0.5837021 0.10226581 0.35804313 0.35611138 0.053783137 0.60512894 0.053675707 0.62143886 0.618924 0.14993657 0.6182396 0.61960906 0.020785378 0 0.013215757 0.15238315 0.36208364 0.15226063 0.6028915 0.57979244 0.6093986 0.61142963 0.6157354 0.6093986
1.0149349 0.57957584 0.58588296 0.61596274 0.62603307 0.5774132 0.58610135 0.10444655 0.35917228 0.35836557 0.05604266 0.60512894 0.05625821 0.62511194 0.6228142 0.15201566 0.6216679 0.62304366 0.022535192 0.013215757 0 0.15459192 0.36403087 0.15459192 0.6049049 0.58239657 0.610752 0.6132396 0.6171003 0.610075
0.9894442 0.57590306 0.5819619 0.620981 0.63228023 0.5767656 0.5791428 0.15360944 0.36030313 0.36127383 0.15410052 0.59932536 0.15201566 0.6212099 0.62258476 0.03962876 0.6244219 0.62235546 0.15324135 0.15238315 0.15459192 0 0.3617596 0.00966197 0.5957761 0.57053435 0.6121078 0.60894805 0.6198375 0.6073731
1.0130024 0.5966618 0.5964403 0.627186 0.632745 0.5911431 0.59400773 0.35868815 0.19330125 0.19511503 0.36111194 0.6186958 0.35981828 0.6362405 0.6348403 0.35820433 0.6258027 0.6262635 0.36224574 0.36208364 0.36403087 0.3617596 0 0.3632189 0.5984365 0.593787 0.6228142 0.6141462 0.6193806 0.6093986
0.99281836 0.5754721 0.5819619 0.620981 0.632745 0.57590306 0.57871 0.15373218 0.3609501 0.3614357 0.15397772 0.6002153 0.15152594 0.62006605 0.6212099 0.039945103 0.62373245 0.62235546 0.15324135 0.15226063 0.15459192 0.00966197 0.3632189 0 0.5975486 0.5709624 0.6116556 0.609624 0.62235546 0.609624
0.9939465 0.5837021 0.58065945 0.458445 0.46771583 0.5789264 0.58675706 0.5977705 0.5955548 0.6006607 0.6006607 0.5618121 0.59932536 0.47014514 0.46548036 0.5982144 0.46121424 0.45992067 0.6033384 0.6028915 0.6049049 0.5957761 0.5984365 0.5975486 0 0.57871 0.4540354 0.46269536 0.18199967 0.17174548
0.990942 0.1656097 0.16311966 0.6046809 0.60894805 0.22636956 0.23329833 0.57590306 0.582614 0.5856646 0.57590306 0.5973268 0.57590306 0.6091733 0.6118817 0.5677578 0.6006607 0.6013292 0.5800091 0.57979244 0.58239657 0.57053435 0.593787 0.5709624 0.57871 0 0.5982144 0.5984365 0.5946704 0.5874133
1.0231062 0.6031149 0.6015522 0.2311177 0.23452772 0.6028915 0.6071484 0.60647464 0.614373 0.615281 0.6075979 0.5850098 0.60669917 0.32524413 0.32586154 0.6037857 0.23070954 0.23166226 0.6078228 0.6093986 0.610752 0.6121078 0.6228142 0.6116556 0.4540354 0.5982144 0 0.16138154 0.46846247 0.46325153
1.0041765 0.59888077 0.6008834 0.2243438 0.22948638 0.5975486 0.60244477 0.60804766 0.609624 0.61278665 0.61369276 0.57762915 0.61346614 0.32032305 0.3197102 0.60804766 0.22623433 0.22758764 0.610075 0.61142963 0.6132396 0.60894805 0.6141462 0.609624 0.46269536 0.5984365 0.16138154 0 0.47333384 0.46920985
0.99885464 0.60043794 0.6082727 0.4720192 0.48089057 0.6008834 0.60625017 0.6071484 0.6155082 0.6198375 0.6121078 0.58807015 0.61052626 0.48718274 0.48279172 0.62006605 0.47899425 0.47748062 0.6180116 0.6157354 0.6171003 0.6198375 0.6193806 0.62235546 0.18199967 0.5946704 0.46846247 0.47333384 0 0.13758163
0.99734104 0.59444946 0.5966618 0.4675293 0.47653615 0.58807015 0.59312516 0.6008834 0.60849774 0.6103006 0.6075979 0.57439595 0.604457 0.48013148 0.47804788 0.60894805 0.47578144 0.47483912 0.610075 0.6093986 0.610075 0.6073731 0.6093986 0.609624 0.17174548 0.5874133 0.46325153 0.46920985 0.13758163 0
