0 0.9924427 0.9557965 0.9557965 1.015322 0.97170067 0.96769285 0.990942 1.002652 0.97206604 0.9827411 0.99999183 0.96479154 1.0099207 1.005704 1.005704 0.9764649 0.9713354 0.9706055 0.9695119 0.9727974 0.9698763 0.99169195 0.9727974 0.9727974 0.9565121 0.99847597 0.98125964 1.0030329 0.9958304
0.9924427 0 0.9857129 0.9977191 0.98125964 1.0137748 1.0157093 0.9493862 0.953297 1.0122308 1.0293922 0.9666036 0.99847597 0.9775687 0.98496884 0.9845971 1.0080011 1.01146 0.5502686 0.54694355 1.0149349 1.0141612 0.96010065 1.0095364 1.0080011 0.990942 0.35114396 0.35466585 0.36419335 0.21336539
0.9557965 0.9857129 0 0.21803166 0.9860852 0.5368514 0.53828484 0.9931942 0.9924427 0.5440462 0.55110216 0.97316337 0.5337889 1.0180373 1.0049399 1.0122308 0.53480834 0.5339927 0.96406794 0.9615409 0.54673624 0.54570043 0.9808897 0.5436332 0.52628785 0.43041283 0.98907024 1.0022715 0.99545324 0.9669665
0.9557965 0.9977191 0.21803166 0 0.98237044 0.5384899 0.5354207 1.0053219 0.99923354 0.5426017 0.55277205 0.96010065 0.5368514 1.0103053 0.9962078 1.01146 0.5327709 0.53195745 0.9662408 0.9687838 0.54985213 0.5481887 0.96406794 0.54673624 0.54095423 0.4366517 0.9924427 0.98869646 1.0022715 0.9790429
1.015322 0.98125964 0.9860852 0.98237044 0 0.98869646 1.000751 0.5802258 0.57979244 0.9801504 0.98125964 0.9458484 0.9901927 0.1691097 0.17439054 0.17489542 1.0003713 0.99281836 0.98869646 0.98496884 1.001891 1.0003713 0.94514287 0.9962078 0.990942 1.0095364 0.9637064 0.97170067 0.9943229 0.98832285
0.97170067 1.0137748 0.5368514 0.5384899 0.98869646 0 0.15091425 1.0289978 1.0180373 0.5003172 0.50992644 0.9977191 0.14932616 1.0103053 0.99847597 1.0034139 0.14920415 0.14786322 0.99847597 0.9924427 0.49817687 0.497012 0.9808897 0.4946876 0.56202364 0.5287124 0.9853408 1.0172604 1.0301816 1.0011308
0.96769285 1.0157093 0.53828484 0.5354207 1.000751 0.15091425 0 1.0357314 1.0258498 0.5069718 0.51170486 0.9924427 0.13076504 1.0168724 1.0064689 1.0118452 0.13052699 0.12850654 1.0068517 1.0034139 0.5003172 0.49973288 0.9980974 0.49817687 0.5677578 0.53419656 1.0003713 1.0137748 1.0176488 1.0037951
0.990942 0.9493862 0.9931942 1.0053219 0.5802258 1.0289978 1.0357314 0 0.12071365 1.0176488 1.0172604 0.94232726 1.0060863 0.5784937 0.5904835 0.58413774 1.0234975 1.0211525 0.9680563 0.9615409 1.0305767 1.0297868 0.95866317 1.0286036 1.0133885 1.0076177 0.9572284 0.95615417 0.9662408 0.9764649
1.002652 0.953297 0.9924427 0.99923354 0.57979244 1.0180373 1.0258498 0.12071365 0 0.99923354 1.0034139 0.9543672 0.99357027 0.5763342 0.58610135 0.57979244 1.0164845 1.01069 0.9775687 0.9738958 1.0219333 1.0234975 0.9706055 1.0207624 1.0091523 1.0157093 0.95866317 0.9808897 0.98125964 0.9831119
0.97206604 1.0122308 0.5440462 0.5426017 0.9801504 0.5003172 0.5069718 1.0176488 0.99923354 0 0.12212453 0.9962078 0.4979826 1.0030329 1.0030329 1.000751 0.5010971 0.4960426 0.9901927 0.9924427 0.2746833 0.2741066 0.9790429 0.27425072 0.54528654 0.5174642 0.99545324 0.99658537 1.0126165 1.0118452
0.9827411 1.0293922 0.55110216 0.55277205 0.98125964 0.50992644 0.51170486 1.0172604 1.0034139 0.12212453 0 1.01069 0.5055969 1.0195932 1.0149349 1.0133885 0.5065787 0.5018777 0.99281836 0.99999183 0.27583802 0.2754048 0.9950763 0.27526045 0.5544457 0.5317542 1.0118452 1.01069 1.0270288 1.0180373
0.99999183 0.9666036 0.97316337 0.96010065 0.9458484 0.9977191 0.9924427 0.94232726 0.9543672 0.9962078 1.01069 0 0.9842255 0.93324894 0.9483231 0.94127417 0.9898184 0.9920673 0.9626228 0.9655158 0.9943229 0.99169195 0.56096655 0.9898184 0.9738958 0.97352946 0.9593815 0.96298385 0.95866317 0.97867405
0.96479154 0.99847597 0.5337889 0.5368514 0.9901927 0.14932616 0.13076504 1.0060863 0.99357027 0.4979826 0.5055969 0.9842255 0 1.0080011 0.99734104 0.99923354 0.086277604 0.084037125 1.0068517 0.99999183 0.4983712 0.49876 0.9842255 0.4958489 0.5575939 0.5289148 0.9853408 1.0045581 1.0188149 0.98757625
1.0099207 0.9775687 1.0180373 1.0103053 0.1691097 1.0103053 1.0168724 0.5784937 0.5763342 1.0030329 1.0195932 0.93324894 1.0080011 0 0.076690674 0.07635845 1.0172604 1.01146 0.9931942 0.99169195 1.0289978 1.0286036 0.94267863 1.025065 0.99999183 1.0188149 0.953297 0.96190137 0.97024083 0.9783054
1.005704 0.98496884 1.0049399 0.9962078 0.17439054 0.99847597 1.0064689 0.5904835 0.58610135 1.0030329 1.0149349 0.9483231 0.99734104 0.076690674 0 0.06842886 1.0072346 1.0045581 1.0060863 1.0080011 1.0211525 1.0199828 0.9346385 1.0172604 0.9977191 1.0203725 0.95472425 0.96841997 0.9768326 0.9790429
1.005704 0.9845971 1.0122308 1.01146 0.17489542 1.0034139 1.0118452 0.58413774 0.57979244 1.000751 1.0133885 0.94127417 0.99923354 0.07635845 0.06842886 0 1.01069 1.0068517 0.99847597 1.000751 1.0188149 1.019204 0.9405729 1.0168724 1.002652 1.019204 0.95508146 0.9615409 0.9783054 0.9816297
0.9764649 1.0080011 0.53480834 0.5327709 1.0003713 0.14920415 0.13052699 1.0234975 1.0164845 0.5010971 0.5065787 0.9898184 0.086277604 1.0172604 1.0072346 1.01069 0 0.03857524 1.0068517 1.0034139 0.5003172 0.4999276 0.9931942 0.49623638 0.5550743 0.5285101 0.9939465 0.99923354 1.0172604 1.0003713
0.9713354 1.01146 0.5339927 0.53195745 0.99281836 0.14786322 0.12850654 1.0211525 1.01069 0.4960426 0.5018777 0.9920673 0.084037125 1.01146 1.0045581 1.0068517 0.03857524 0 1.0099207 1.0053219 0.5001224 0.49914902 0.9939465 0.497012 0.5544457 0.530536 0.9920673 1.0003713 1.015322 1.001891
0.9706055 0.5502686 0.96406794 0.9662408 0.98869646 0.99847597 1.0068517 0.9680563 0.9775687 0.9901927 0.99281836 0.9626228 1.0068517 0.9931942 1.0060863 0.99847597 1.0068517 1.0099207 0 0.028743835 1.0072346 1.0049399 0.9565121 1.0068517 0.9727974 0.98832285 0.55006033 0.54652894 0.56223524 0.5531901
0.9695119 0.54694355 0.9615409 0.9687838 0.98496884 0.9924427 1.0034139 0.9615409 0.9738958 0.9924427 0.99999183 0.9655158 0.99999183 0.99169195 1.0080011 1.000751 1.0034139 1.0053219 0.028743835 0 1.0076177 1.0034139 0.9615409 1.0068517 0.98051995 0.9860852 0.5475659 0.5446661 0.5618121 0.55131066
0.9727974 1.0149349 0.54673624 0.54985213 1.001891 0.49817687 0.5003172 1.0305767 1.0219333 0.2746833 0.27583802 0.9943229 0.4983712 1.0289978 1.0211525 1.0188149 0.5003172 0.5001224 1.0072346 1.0076177 0 0.020682575 1.0199828 0.019963348 0.54985213 0.5277012 1.0160967 1.0234975 1.0223241 1.0219333
0.9698763 1.0141612 0.54570043 0.5481887 1.0003713 0.497012 0.49973288 1.0297868 1.0234975 0.2741066 0.2754048 0.99169195 0.49876 1.0286036 1.0199828 1.019204 0.4999276 0.49914902 1.0049399 1.0034139 0.020682575 0 1.0164845 0.017809795 0.5488121 0.52709514 1.0110749 1.0215429 1.0188149 1.0227151
0.99169195 0.96010065 0.9808897 0.96406794 0.94514287 0.9808897 0.9980974 0.95866317 0.9706055 0.9790429 0.9950763 0.56096655 0.9842255 0.94267863 0.9346385 0.9405729 0.9931942 0.9939465 0.9565121 0.9615409 1.0199828 1.0164845 0 1.018426 0.9943229 0.98683035 0.9775687 0.96334505 0.9845971 0.9691478
0.9727974 1.0095364 0.5436332 0.54673624 0.9962078 0.4946876 0.49817687 1.0286036 1.0207624 0.27425072 0.27526045 0.9898184 0.4958489 1.025065 1.0172604 1.0168724 0.49623638 0.497012 1.0068517 1.0068517 0.019963348 0.017809795 1.018426 0 0.54902 0.52608615 1.0137748 1.0223241 1.019204 1.0168724
0.9727974 1.0080011 0.52628785 0.54095423 0.990942 0.56202364 0.5677578 1.0133885 1.0091523 0.54528654 0.5544457 0.9738958 0.5575939 0.99999183 0.9977191 1.002652 0.5550743 0.5544457 0.9727974 0.98051995 0.54985213 0.5488121 0.9943229 0.54902 0 0.5285101 0.9939465 1.0030329 0.9962078 0.9980974
0.9565121 0.990942 0.43041283 0.4366517 1.0095364 0.5287124 0.53419656 1.0076177 1.0157093 0.5174642 0.5317542 0.97352946 0.5289148 1.0188149 1.0203725 1.019204 0.5285101 0.530536 0.98832285 0.9860852 0.5277012 0.52709514 0.98683035 0.52608615 0.5285101 0 0.9898184 1.0083846 1.0045581 0.9939465
0.99847597 0.35114396 0.98907024 0.9924427 0.9637064 0.9853408 1.0003713 0.9572284 0.95866317 0.99545324 1.0118452 0.9593815 0.9853408 0.953297 0.95472425 0.95508146 0.9939465 0.9920673 0.55006033 0.5475659 1.0160967 1.0110749 0.9775687 1.0137748 0.9939465 0.9898184 0 0.35002682 0.36338124 0.34525782
0.98125964 0.35466585 1.0022715 0.98869646 0.97170067 1.0172604 1.0137748 0.95615417 0.9808897 0.99658537 1.01069 0.96298385 1.0045581 0.96190137 0.96841997 0.9615409 0.99923354 1.0003713 0.54652894 0.5446661 1.0234975 1.0215429 0.96334505 1.0223241 1.0030329 1.0083846 0.35002682 0 0.2807656 0.34954855
1.0030329 0.36419335 0.99545324 1.0022715 0.9943229 1.0301816 1.0176488 0.9662408 0.98125964 1.0126165 1.0270288 0.95866317 1.0188149 0.97024083 0.9768326 0.9783054 1.0172604 1.015322 0.56223524 0.5618121 1.0223241 1.0188149 0.9845971 1.019204 0.9962078 1.0045581 0.36338124 0.2807656 0 0.36582026
0.9958304 0.21336539 0.9669665 0.9790429 0.98832285 1.0011308 1.0037951 0.9764649 0.9831119 1.0118452 1.0180373 0.97867405 0.98757625 0.9783054 0.9790429 0.9816297 1.0003713 1.001891 0.5531901 0.55131066 1.0219333 1.0227151 0.9691478 1.0168724 0.9980974 0.9939465 0.34525782 0.34954855 0.36582026 0
