0 0.50992644 0.9860852 0.9838541 0.99056727 0.9860852 0.53828484 0.53828484 1.0076177 0.9969631 0.9939465 0.9872032 0.932902 0.9259958 0.79512084 0.7980132 1.0037951 1.0037951 1.0083846 1.0087683 1.0072346 0.51646805 0.9898184 0.51646805 0.93324894 0.91949344 1.018426 1.0278157 1.0041765 0.98496884
0.50992644 0 0.9931942 0.9939465 0.9977191 1.0053219 0.5346044 0.5356249 1.0015109 0.9687838 0.97941184 0.98869646 0.9287507 0.9222244 0.79540956 0.7994636 0.98496884 0.98757625 0.9920673 1.0141612 1.01069 0.14095297 1.0141612 0.14131509 0.91983426 0.9188122 0.9842255 1.0030329 0.9931942 0.99961257
0.9860852 0.9931942 0 0.12696517 0.15680721 0.15532963 0.99999183 0.9958304 0.8000446 0.80120784 0.80295604 0.806758 1.0076177 1.0049399 0.98237044 0.9842255 0.8003352 0.80120784 0.80120784 0.79888314 0.79743385 1.0030329 0.42475376 1.0011308 0.98683035 1.0011308 0.81768554 0.8150128 0.8179831 0.19097567
0.9838541 0.9939465 0.12696517 0 0.15705377 0.15496069 1.0041765 0.99545324 0.8096957 0.79656565 0.80091685 0.80091685 0.9901927 0.99169195 1.0015109 1.0053219 0.79310274 0.7928149 0.7928149 0.8023729 0.80091685 0.9977191 0.42264256 0.9958304 0.9920673 0.99961257 0.8096957 0.8076381 0.8161995 0.19550428
0.99056727 0.9977191 0.15680721 0.15705377 0 0.116380066 0.9946995 0.99357027 0.8041238 0.7825251 0.78508437 0.806758 1.0015109 0.9939465 0.9943229 0.99658537 0.7836615 0.78565425 0.78337723 0.79830307 0.79743385 0.9950763 0.4212384 0.9943229 0.98496884 1.0180373 0.80705124 0.80295604 0.79540956 0.19175006
0.9860852 1.0053219 0.15532963 0.15496069 0.116380066 0 1.0080011 0.99658537 0.8000446 0.7876524 0.78994244 0.80441606 0.9901927 0.98645765 0.9943229 0.99357027 0.7836615 0.78565425 0.7822413 0.7980132 0.79598737 1.0030329 0.4236974 1.000751 0.98757625 1.0030329 0.814124 0.80910724 0.799754 0.18994439
0.53828484 0.5346044 0.99999183 1.0041765 0.9946995 1.0080011 0 0.10755644 1.0064689 1.0053219 1.0087683 1.0072346 0.931862 0.931862 0.80529344 0.80617183 1.0030329 1.01146 1.0164845 1.0064689 1.0064689 0.5393104 0.9946995 0.5391052 0.929441 0.9370764 1.0219333 1.0289978 1.0149349 0.9958304
0.53828484 0.5356249 0.9958304 0.99545324 0.99357027 0.99658537 0.10755644 0 1.030972 1.0099207 1.0122308 1.0160967 0.9346385 0.9342909 0.81590265 0.81857854 1.0137748 1.0219333 1.0286036 1.0325551 1.0266355 0.5415716 0.99961257 0.5426017 0.92771643 0.94092345 1.0274222 1.0401208 1.0219333 0.99734104
1.0076177 1.0015109 0.8000446 0.8096957 0.8041238 0.8000446 1.0064689 1.030972 0 0.49973288 0.497012 0.49740008 1.0072346 1.0072346 1.0365276 1.0361294 0.5948914 0.5948914 0.5955548 0.07150263 0.070952825 1.0034139 0.8055861 1.001891 0.99999183 1.0219333 0.6019983 0.60804766 0.49973288 0.79540956
0.9969631 0.9687838 0.80120784 0.79656565 0.7825251 0.7876524 1.0053219 1.0099207 0.49973288 0 0.059282407 0.48032117 0.9980974 0.9894442 1.0258498 1.0286036 0.5874133 0.58653843 0.58653843 0.49740008 0.497012 0.9775687 0.7885103 0.97867405 0.97720057 0.9783054 0.585228 0.5979924 0.21829918 0.79888314
0.9939465 0.97941184 0.80295604 0.80091685 0.78508437 0.78994244 1.0087683 1.0122308 0.497012 0.059282407 0 0.47559288 1.0068517 1.0003713 1.0270288 1.0297868 0.5847917 0.5847917 0.5845737 0.4923704 0.491407 0.9857129 0.78565425 0.98683035 0.98348296 0.982 0.58544624 0.59533364 0.21803166 0.800626
0.9872032 0.98869646 0.806758 0.80091685 0.806758 0.80441606 1.0072346 1.0160967 0.49740008 0.48032117 0.47559288 0 1.0172604 1.0072346 1.015322 1.018426 0.59224355 0.59400773 0.59599745 0.4935281 0.48986816 0.9898184 0.79743385 0.990942 0.99847597 1.015322 0.5966618 0.60647464 0.48986816 0.80324787
0.932902 0.9287507 1.0076177 0.9901927 1.0015109 0.9901927 0.931862 0.9346385 1.0072346 0.9980974 1.0068517 1.0172604 0 0.0359479 0.92119914 0.9232511 1.0211525 1.0168724 1.0195932 1.01146 1.0099207 0.9360306 0.99847597 0.9353342 0.55381763 0.56754464 1.0064689 1.0049399 1.0215429 1.0076177
0.9259958 0.9222244 1.0049399 0.99169195 0.9939465 0.98645765 0.931862 0.9342909 1.0072346 0.9894442 1.0003713 1.0072346 0.0359479 0 0.91575444 0.9174517 1.0122308 1.0076177 1.0110749 1.0091523 1.0080011 0.931862 0.99923354 0.93082345 0.5533992 0.56520385 0.9958304 0.9980974 1.0188149 1.0022715
0.79512084 0.79540956 0.98237044 1.0015109 0.9943229 0.9943229 0.80529344 0.81590265 1.0365276 1.0258498 1.0270288 1.015322 0.92119914 0.91575444 0 0.028951678 1.0060863 1.0053219 1.0091523 1.0417235 1.0385218 0.8088132 0.98757625 0.8079317 0.89601207 0.92017525 1.0118452 1.0041765 1.0149349 0.99169195
0.7980132 0.7994636 0.9842255 1.0053219 0.99658537 0.99357027 0.80617183 0.81857854 1.0361294 1.0286036 1.0297868 1.018426 0.9232511 0.9174517 0.028951678 0 1.0041765 1.0049399 1.0068517 1.0409217 1.0377234 0.814124 0.9920673 0.81323624 0.8963424 0.9222244 1.0060863 1.0068517 1.0188149 0.9943229
1.0037951 0.98496884 0.8003352 0.79310274 0.7836615 0.7836615 1.0030329 1.0137748 0.5948914 0.5874133 0.5847917 0.59224355 1.0211525 1.0122308 1.0060863 1.0041765 0 0.024392394 0.02480573 0.59312516 0.59400773 0.9898184 0.782809 0.99056727 0.97941184 0.9931942 0.5283078 0.5356249 0.591363 0.7822413
1.0037951 0.98757625 0.80120784 0.7928149 0.78565425 0.78565425 1.01146 1.0219333 0.5948914 0.58653843 0.5847917 0.59400773 1.0168724 1.0076177 1.0053219 1.0049399 0.024392394 0 0.014642 0.59422857 0.5951125 0.9946995 0.7859394 0.99545324 0.9775687 0.99658537 0.530536 0.5350124 0.5920233 0.782809
1.0083846 0.9920673 0.80120784 0.7928149 0.78337723 0.7822413 1.0164845 1.0286036 0.5955548 0.58653843 0.5845737 0.59599745 1.0195932 1.0110749 1.0091523 1.0068517 0.02480573 0.014642 0 0.59444946 0.5951125 0.99545324 0.7862246 0.9962078 0.98125964 0.99847597 0.53033316 0.5339927 0.5935663 0.78195757
1.0087683 1.0141612 0.79888314 0.8023729 0.79830307 0.7980132 1.0064689 1.0325551 0.07150263 0.49740008 0.4923704 0.4935281 1.01146 1.0091523 1.0417235 1.0409217 0.59312516 0.59422857 0.59444946 0 0.010979982 1.0083846 0.79627645 1.0068517 0.9943229 1.0068517 0.60423315 0.6103006 0.49507448 0.7945437
1.0072346 1.01069 0.79743385 0.80091685 0.79743385 0.79598737 1.0064689 1.0266355 0.070952825 0.497012 0.491407 0.48986816 1.0099207 1.0080011 1.0385218 1.0377234 0.59400773 0.5951125 0.5951125 0.010979982 0 1.0053219 0.7945437 1.0037951 0.9958304 1.0087683 0.604457 0.6103006 0.49526802 0.7936788
0.51646805 0.14095297 1.0030329 0.9977191 0.9950763 1.0030329 0.5393104 0.5415716 1.0034139 0.9775687 0.9857129 0.9898184 0.9360306 0.931862 0.8088132 0.814124 0.9898184 0.9946995 0.99545324 1.0083846 1.0053219 0 1.0286036 0.004312374 0.9297863 0.9370764 0.9894442 1.0110749 0.9946995 1.0064689
0.9898184 1.0141612 0.42475376 0.42264256 0.4212384 0.4236974 0.9946995 0.99961257 0.8055861 0.7885103 0.78565425 0.79743385 0.99847597 0.99923354 0.98757625 0.9920673 0.782809 0.7859394 0.7862246 0.79627645 0.7945437 1.0286036 0 1.0266355 0.99281836 1.0103053 0.8147164 0.81382793 0.80091685 0.42229128
0.51646805 0.14131509 1.0011308 0.9958304 0.9943229 1.000751 0.5391052 0.5426017 1.001891 0.97867405 0.98683035 0.990942 0.9353342 0.93082345 0.8079317 0.81323624 0.99056727 0.99545324 0.9962078 1.0068517 1.0037951 0.004312374 1.0266355 0 0.929441 0.93672764 0.98869646 1.01146 0.99545324 1.0072346
0.93324894 0.91983426 0.98683035 0.9920673 0.98496884 0.98757625 0.929441 0.92771643 0.99999183 0.97720057 0.98348296 0.99847597 0.55381763 0.5533992 0.89601207 0.8963424 0.97941184 0.9775687 0.98125964 0.9943229 0.9958304 0.9297863 0.99281836 0.929441 0 0.2522342 0.99847597 1.0130024 1.0060863 0.99545324
0.91949344 0.9188122 1.0011308 0.99961257 1.0180373 1.0030329 0.9370764 0.94092345 1.0219333 0.9783054 0.982 1.015322 0.56754464 0.56520385 0.92017525 0.9222244 0.9931942 0.99658537 0.99847597 1.0068517 1.0087683 0.9370764 1.0103053 0.93672764 0.2522342 0 1.0103053 1.0262426 1.0118452 1.0080011
1.018426 0.9842255 0.81768554 0.8096957 0.80705124 0.814124 1.0219333 1.0274222 0.6019983 0.585228 0.58544624 0.5966618 1.0064689 0.9958304 1.0118452 1.0060863 0.5283078 0.530536 0.53033316 0.60423315 0.604457 0.9894442 0.8147164 0.98869646 0.99847597 1.0103053 0 0.23220722 0.6015522 0.8150128
1.0278157 1.0030329 0.8150128 0.8076381 0.80295604 0.80910724 1.0289978 1.0401208 0.60804766 0.5979924 0.59533364 0.60647464 1.0049399 0.9980974 1.0041765 1.0068517 0.5356249 0.5350124 0.5339927 0.6103006 0.6103006 1.0110749 0.81382793 1.01146 1.0130024 1.0262426 0.23220722 0 0.61052626 0.8161995
1.0041765 0.9931942 0.8179831 0.8161995 0.79540956 0.799754 1.0149349 1.0219333 0.49973288 0.21829918 0.21803166 0.48986816 1.0215429 1.0188149 1.0149349 1.0188149 0.591363 0.5920233 0.5935663 0.49507448 0.49526802 0.9946995 0.80091685 0.99545324 1.0060863 1.0118452 0.6015522 0.61052626 0 0.8114639
0.98496884 0.99961257 0.19097567 0.19550428 0.19175006 0.18994439 0.9958304 0.99734104 0.79540956 0.79888314 0.800626 0.80324787 1.0076177 1.0022715 0.99169195 0.9943229 0.7822413 0.782809 0.78195757 0.7945437 0.7936788 1.0064689 0.42229128 1.0072346 0.99545324 1.0080011 0.8150128 0.8161995 0.8114639 0
