0 0.9698763 0.96841997 0.81323624 0.79310274 0.81382793 0.81442016 1.0180373 0.800626 0.8088132 0.9615409 0.9838541 0.9673296 1.0133885 1.030972 0.80646485 0.8014989 1.0242808 1.0211525 0.9831119 0.98496884 0.8003352 0.8203678 0.799754 0.99545324 0.98496884 1.014548 0.8147164 0.8111689 0.8275679
0.9698763 0 0.36127383 0.9946995 1.01146 0.982 0.99545324 0.7394986 0.96841997 0.97499573 0.98051995 0.6522939 0.9808897 0.7421839 0.74893945 0.98496884 0.98794943 0.74622995 0.7494826 0.7113522 0.7105781 0.990942 0.99734104 0.98757625 0.7173139 0.99281836 0.74541897 0.9801504 0.98907024 0.98683035
0.96841997 0.36127383 0 0.99923354 1.0068517 0.99131685 0.9779369 0.7264779 0.9706055 0.9691478 0.9608204 0.6522939 0.96334505 0.7362889 0.74433905 0.99357027 0.99169195 0.7346892 0.7365559 0.7087749 0.7082605 0.9980974 0.9969631 0.99357027 0.7309697 0.98237044 0.7459595 0.9709704 0.98496884 0.98683035
0.81323624 0.9946995 0.99923354 0 0.32493562 0.7389627 0.74164605 1.0037951 0.71835554 0.7105781 0.95866317 0.99131685 0.96769285 1.0282096 1.0254573 0.6869681 0.6922348 1.0254573 1.0157093 0.9950763 0.99056727 0.7774327 0.6071484 0.7751804 1.0130024 0.9808897 1.0231062 0.6874681 0.7618071 0.7945437
0.79310274 1.01146 1.0068517 0.32493562 0 0.7478545 0.73789203 1.015322 0.73522204 0.7264779 0.97573 1.0064689 0.9920673 1.0293922 1.0274222 0.6864684 0.68721807 1.0176488 1.0188149 0.9943229 0.9901927 0.78337723 0.6058015 0.7802575 1.0223241 0.9943229 1.0160967 0.6807461 0.7779968 0.7968549
0.81382793 0.982 0.99131685 0.7389627 0.7478545 0 0.28616497 0.9969631 0.49507448 0.4983712 0.9695119 0.9808897 0.9783054 0.9958304 1.0015109 0.7519313 0.7519313 1.0141612 1.0157093 0.98907024 0.99281836 0.76540554 0.7320306 0.76651627 1.01069 1.000751 1.0168724 0.74622995 0.782809 0.7726547
0.81442016 0.99545324 0.9779369 0.74164605 0.73789203 0.28616497 0 1.0080011 0.48929188 0.48871607 0.9540103 0.99999183 0.9666036 1.0034139 1.01069 0.74164605 0.7459595 1.0099207 1.015322 0.9768326 0.982 0.7620833 0.7291169 0.7623596 1.0219333 0.98683035 1.0219333 0.74164605 0.782809 0.7853693
1.0180373 0.7394986 0.7264779 1.0037951 1.015322 0.9969631 1.0080011 0 1.0083846 1.0160967 1.0231062 0.7167936 1.0168724 0.27627152 0.2774287 1.0195932 1.0365276 0.27858767 0.27829775 0.57461107 0.5756876 1.0087683 1.0234975 1.0064689 0.5428079 1.0381224 0.50129217 1.0254573 1.0133885 1.0083846
0.800626 0.96841997 0.9706055 0.71835554 0.73522204 0.49507448 0.48929188 1.0083846 0 0.21763055 0.93672764 1.0080011 0.94479036 1.0176488 1.0297868 0.73842716 0.7344229 1.0199828 1.0238891 0.9698763 0.9783054 0.7522039 0.723061 0.7481256 1.0157093 0.9920673 1.0003713 0.7473126 0.761531 0.76485085
0.8088132 0.97499573 0.9691478 0.7105781 0.7264779 0.4983712 0.48871607 1.0160967 0.21763055 0 0.9500957 1.0203725 0.95508146 1.0215429 1.025065 0.7389627 0.7376246 1.0211525 1.0254573 0.97941184 0.98794943 0.7486681 0.72568804 0.7459595 1.0160967 0.98125964 1.0231062 0.7432607 0.77546155 0.7813905
0.9615409 0.98051995 0.9608204 0.95866317 0.97573 0.9695119 0.9540103 1.0231062 0.93672764 0.9500957 0 1.0011308 0.113233455 1.0258498 1.0433295 0.95794547 0.953297 1.0317632 1.0231062 1.015322 1.0126165 0.9687838 0.96190137 0.96298385 0.99923354 0.51388425 1.0234975 0.9301319 0.97206604 0.97720057
0.9838541 0.6522939 0.6522939 0.99131685 1.0064689 0.9808897 0.99999183 0.7167936 1.0080011 1.0203725 1.0011308 0 0.99923354 0.7241107 0.7336246 0.99923354 1.0149349 0.72568804 0.72991043 0.72148925 0.71992075 1.0176488 0.98907024 1.01146 0.714716 1.0041765 0.7362889 1.0072346 0.9860852 1.0219333
0.9673296 0.9808897 0.96334505 0.96769285 0.9920673 0.9783054 0.9666036 1.0168724 0.94479036 0.95508146 0.113233455 0.99923354 0 1.0234975 1.0313674 0.9709704 0.9691478 1.0297868 1.018426 1.018426 1.0168724 0.9706055 0.98645765 0.9669665 0.99961257 0.50992644 1.0254573 0.944438 0.97609735 0.99357027
1.0133885 0.7421839 0.7362889 1.0282096 1.0293922 0.9958304 1.0034139 0.27627152 1.0176488 1.0215429 1.0258498 0.7241107 1.0234975 0 0.08035491 1.0421246 1.055077 0.12649153 0.12637316 0.5765499 0.5791428 1.0211525 1.01069 1.0207624 0.5444594 1.0385218 0.49895447 1.0421246 1.0223241 1.0266355
1.030972 0.74893945 0.74433905 1.0254573 1.0274222 1.0015109 1.01069 0.2774287 1.0297868 1.025065 1.0433295 0.7336246 1.0313674 0.08035491 0 1.0409217 1.0481682 0.12933783 0.12910022 0.57762915 0.57871 1.0149349 1.015322 1.0126165 0.54116 1.0429276 0.50070703 1.0341415 1.0297868 1.030972
0.80646485 0.98496884 0.99357027 0.6869681 0.6864684 0.7519313 0.74164605 1.0195932 0.73842716 0.7389627 0.95794547 0.99923354 0.9709704 1.0421246 1.0409217 0 0.0711727 1.0465518 1.0417235 1.0068517 0.9969631 0.76790696 0.6965256 0.7620833 1.0141612 0.99658537 1.0095364 0.4090628 0.76790696 0.7774327
0.8014989 0.98794943 0.99169195 0.6922348 0.68721807 0.7519313 0.7459595 1.0365276 0.7344229 0.7376246 0.953297 1.0149349 0.9691478 1.055077 1.0481682 0.0711727 0 1.0587604 1.0579402 1.0118452 1.0034139 0.77405685 0.6950084 0.7681854 1.0195932 0.9901927 1.0227151 0.4120016 0.76707226 0.7765873
1.0242808 0.74622995 0.7346892 1.0254573 1.0176488 1.0141612 1.0099207 0.27858767 1.0199828 1.0211525 1.0317632 0.72568804 1.0297868 0.12649153 0.12933783 1.0465518 1.0587604 0 0.06744353 0.571605 0.5735361 1.0168724 1.0076177 1.0149349 0.537875 1.0353336 0.49934357 1.0417235 1.0234975 1.0238891
1.0211525 0.7494826 0.7365559 1.0157093 1.0188149 1.0157093 1.015322 0.27829775 1.0238891 1.0254573 1.0231062 0.72991043 1.018426 0.12637316 0.12910022 1.0417235 1.0579402 0.06744353 0 0.57181937 0.5711766 1.0286036 1.0211525 1.0286036 0.5413658 1.0337447 0.5005121 1.0381224 1.0223241 1.0164845
0.9831119 0.7113522 0.7087749 0.9950763 0.9943229 0.98907024 0.9768326 0.57461107 0.9698763 0.97941184 1.015322 0.72148925 1.018426 0.5765499 0.57762915 1.0068517 1.0118452 0.571605 0.57181937 0 0.024289096 0.9950763 1.0030329 0.98869646 0.5733213 1.005704 0.6037857 1.0015109 1.0099207 1.0313674
0.98496884 0.7105781 0.7082605 0.99056727 0.9901927 0.99281836 0.982 0.5756876 0.9783054 0.98794943 1.0126165 0.71992075 1.0168724 0.5791428 0.57871 0.9969631 1.0034139 0.5735361 0.5711766 0.024289096 0 0.9962078 1.0049399 0.9898184 0.5741809 1.0068517 0.60625017 0.99734104 1.0126165 1.033348
0.8003352 0.990942 0.9980974 0.7774327 0.78337723 0.76540554 0.7620833 1.0087683 0.7522039 0.7486681 0.9687838 1.0176488 0.9706055 1.0211525 1.0149349 0.76790696 0.77405685 1.0168724 1.0286036 0.9950763 0.9962078 0 0.77153486 0.012707041 1.0227151 0.98237044 1.0385218 0.78167397 0.5444594 0.55172795
0.8203678 0.99734104 0.9969631 0.6071484 0.6058015 0.7320306 0.7291169 1.0234975 0.723061 0.72568804 0.96190137 0.98907024 0.98645765 1.01069 1.015322 0.6965256 0.6950084 1.0076177 1.0211525 1.0030329 1.0049399 0.77153486 0 0.7687426 1.0325551 0.9853408 1.025065 0.6892207 0.7620833 0.7876524
0.799754 0.98757625 0.99357027 0.7751804 0.7802575 0.76651627 0.7623596 1.0064689 0.7481256 0.7459595 0.96298385 1.01146 0.9669665 1.0207624 1.0126165 0.7620833 0.7681854 1.0149349 1.0286036 0.98869646 0.9898184 0.012707041 0.7687426 0 1.0199828 0.97573 1.0377234 0.77856135 0.5426017 0.5506852
0.99545324 0.7173139 0.7309697 1.0130024 1.0223241 1.01069 1.0219333 0.5428079 1.0157093 1.0160967 0.99923354 0.714716 0.99961257 0.5444594 0.54116 1.0141612 1.0195932 0.537875 0.5413658 0.5733213 0.5741809 1.0227151 1.0325551 1.0199828 0 1.0215429 0.5391052 1.0126165 1.0126165 1.0149349
0.98496884 0.99281836 0.98237044 0.9808897 0.9943229 1.000751 0.98683035 1.0381224 0.9920673 0.98125964 0.51388425 1.0041765 0.50992644 1.0385218 1.0429276 0.99658537 0.9901927 1.0353336 1.0337447 1.005704 1.0068517 0.98237044 0.9853408 0.97573 1.0215429 0 1.0325551 0.98051995 0.97206604 1.0168724
1.014548 0.74541897 0.7459595 1.0231062 1.0160967 1.0168724 1.0219333 0.50129217 1.0003713 1.0231062 1.0234975 0.7362889 1.0254573 0.49895447 0.50070703 1.0095364 1.0227151 0.49934357 0.5005121 0.6037857 0.60625017 1.0385218 1.025065 1.0377234 0.5391052 1.0325551 0 1.015322 1.0345387 1.0377234
0.8147164 0.9801504 0.9709704 0.6874681 0.6807461 0.74622995 0.74164605 1.0254573 0.7473126 0.7432607 0.9301319 1.0072346 0.944438 1.0421246 1.0341415 0.4090628 0.4120016 1.0417235 1.0381224 1.0015109 0.99734104 0.78167397 0.6892207 0.77856135 1.0126165 0.98051995 1.015322 0 0.7802575 0.7796917
0.8111689 0.98907024 0.98496884 0.7618071 0.7779968 0.782809 0.782809 1.0133885 0.761531 0.77546155 0.97206604 0.9860852 0.97609735 1.0223241 1.0297868 0.76790696 0.76707226 1.0234975 1.0223241 1.0099207 1.0126165 0.5444594 0.7620833 0.5426017 1.0126165 0.97206604 1.0345387 0.7802575 0 0.3821199
0.8275679 0.98683035 0.98683035 0.7945437 0.7968549 0.7726547 0.7853693 1.0083846 0.76485085 0.7813905 0.97720057 1.0219333 0.99357027 1.0266355 1.030972 0.7774327 0.7765873 1.0238891 1.0164845 1.0313674 1.033348 0.55172795 0.7876524 0.5506852 1.0149349 1.0168724 1.0377234 0.7796917 0.3821199 0
