0 1.12500641332008 1.10590456426144 1.03984559420496 1.64355874946341 1.33385260077193 1.5482177096419 1.08045426593162 1.66325663705356 1.10602993122302 1.12606013542973 1.63078825129196 1.02609450230375 1.74348532734439 1.66321102320217 1.35316902282648 1.16348063899204 1.44835396646522 1.21148729883134 1.29444315610453 1.49336090916768 1.75473645236343 1.15233252034523 1.29497286397964 0.969446538481861 1.51426311023533 1.48588096234016 1.73759383452125 1.48287474736571 1.84128358610906
1.12500641332008 0 1.17954056430608 1.0740383991506 1.00897833751515 1.21469621430151 1.73675246816128 1.36675541265868 1.20303111802787 1.799060060177 1.13146224687807 1.51460395823233 1.0851013828069 1.81154378107749 1.71118867723271 1.1647328780964 1.16150166257285 1.5061299551744 0.972149763023481 1.9044103671331 1.88615413336083 0.975882730912417 1.50961643387564 1.50676086987369 1.73420115071349 1.69898616569117 1.21565030794591 1.16739078285173 1.49992540455423 1.73379758838564
1.10590456426144 1.17954056430608 0 1.45980483759195 1.80935807619244 1.20783340721391 1.64907987113111 1.4803626453504 1.36745644710027 1.61504373000935 1.083593450021 1.59160276129842 1.1309167437721 1.38367960741743 1.23913992918096 1.45699967746623 1.27605357463472 1.41839627362788 1.25259257759899 1.00552390236408 1.47964094253257 1.72718161996454 1.21442159917206 1.13945991219953 1.36646805959754 1.71824321616441 1.74023318011314 1.5226959255524 1.87673368072137 1.5802324465476
1.03984559420496 1.0740383991506 1.45980483759195 0 1.54101186944172 1.51767188403755 1.25760545022786 1.51163808628917 1.1596542824991 1.67213489720598 1.36257932614535 1.73329343623482 1.54143387265503 1.18070656503551 1.34598075598478 1.05441463878378 0.989126770757139 1.17855134466663 1.56530893431045 1.62157668941654 1.5068873281125 1.45155992708169 1.00260051572695 1.53844588669017 1.59068426047452 1.47943144477904 0.944793311413378 1.73242702218704 1.02905241702683 1.48782271705568
1.64355874946341 1.00897833751515 1.80935807619244 1.54101186944172 0 1.53839499899186 1.09597809845582 1.25847938796505 1.75788867659867 1.70603672415018 1.21225612005219 1.62255481327884 1.17044450202957 1.50992288487032 1.53437707526609 1.03291494748555 0.994064634898677 1.47346255904995 1.63475568965077 1.32124855625443 1.26827629841864 1.66489902418107 1.39345883019269 1.49361965968274 1.0768331149593 1.49066261947155 1.4342919588089 1.15137295657769 1.07595662306994 1.06806594599038
1.33385260077193 1.21469621430151 1.20783340721391 1.51767188403755 1.53839499899186 0 1.11604466941208 1.64297236362472 1.06403876421973 1.14555748971179 1.68845322285779 1.35414874274284 1.59965103352442 0.981789600802585 1.46815682202578 1.00873894942924 1.20001635095105 0.953236215747893 1.79795299819671 1.14937742659822 1.62992200278677 1.59328331612051 1.52776904054917 1.24545620265417 1.90002942713909 1.28558047465049 0.979206492891535 1.25463426811621 1.86324082151987 1.4435016203206
1.5482177096419 1.73675246816128 1.64907987113111 1.25760545022786 1.09597809845582 1.11604466941208 0 1.11171313025989 1.30480121634901 1.25017759040929 1.51441047945991 1.14857842354104 1.10487418458797 1.43974525202066 1.68747676233761 1.28030119044706 1.01854256680235 1.81068250560202 1.16728150495328 1.69168140459806 1.83262754743919 1.23824098310433 1.90718570700847 1.64882979704998 1.64555356907658 1.23375077382661 1.03732365230098 1.75260237930343 1.03833613567986 1.89985610032454
1.08045426593162 1.36675541265868 1.4803626453504 1.51163808628917 1.25847938796505 1.64297236362472 1.11171313025989 0 1.0986872848589 1.88066281541251 1.78138475585729 1.17977094720118 1.2355578627903 1.09359307098202 1.73100206372328 1.91571711120196 1.40422507119365 0.958302682964131 1.23775284527801 0.925800393102691 1.28509591007605 1.74331440590322 1.10714212851599 1.47352126869373 1.15791758126579 1.34070688369684 1.65518059022725 1.69591224100441 1.74946200940758 1.85225655464455
1.66325663705356 1.20303111802787 1.36745644710027 1.1596542824991 1.75788867659867 1.06403876421973 1.30480121634901 1.0986872848589 0 1.76802744250745 1.43598618963733 1.72773939347826 1.1373087130487 1.09532850165851 1.80792911350727 0.936566387768835 1.35434259637259 1.10074141365476 1.81101616518572 1.77215645648539 1.04548767255619 1.06460960302502 1.4667105213739 1.00720018846914 1.09088083123788 1.60093689104542 1.60206428193487 1.03131923079491 1.75568679533899 1.82596133160405
1.10602993122302 1.799060060177 1.61504373000935 1.67213489720598 1.70603672415018 1.14555748971179 1.25017759040929 1.88066281541251 1.76802744250745 0 1.10291475313716 1.73637219634838 1.36410714290105 1.52206617663614 1.89071608497761 0.969411396421492 1.56117956410162 1.76537665934302 1.43114755256101 1.79896660638042 1.60054797190242 1.3862683349289 1.8589715694543 0.986307949293405 1.03709151875228 1.30566747486591 1.50883336528204 1.410461692838 1.83004657458514 1.01838593324646
1.12606013542973 1.13146224687807 1.083593450021 1.36257932614535 1.21225612005219 1.68845322285779 1.51441047945991 1.78138475585729 1.43598618963733 1.10291475313716 0 0.974456431344151 1.46312300744466 1.56525357929058 1.09397886856459 1.90351504134014 1.57722883345559 1.32340317801572 1.85550990770571 1.5602355801966 1.0754365301691 1.85515433573164 1.63463435228914 1.38441224163398 1.06426533916965 1.23709608078934 1.73040201561525 1.70012114290148 1.76972244936042 1.75652375398204
1.63078825129196 1.51460395823233 1.59160276129842 1.73329343623482 1.62255481327884 1.35414874274284 1.14857842354104 1.17977094720118 1.72773939347826 1.73637219634838 0.974456431344151 0 1.42853431752883 0.946522263344377 1.74853254063055 0.955101190367714 1.68875435343944 1.25451645650901 1.70277039916255 1.55641136248596 0.938668677350506 1.42851455532946 1.27844625641592 1.15860756044276 0.996734953252599 0.94147618394345 1.79944297182374 1.11953600146808 1.30110919079743 1.63373014889657
1.02609450230375 1.0851013828069 1.1309167437721 1.54143387265503 1.17044450202957 1.59965103352442 1.10487418458797 1.2355578627903 1.1373087130487 1.36410714290105 1.46312300744466 1.42853431752883 0 1.57656452571973 1.73889630055055 1.55699559347704 1.30741589446552 1.64725981187075 1.86477756127715 1.0283150204923 1.07156071532518 1.79296856070869 1.82222558744252 1.27630058419891 1.32826253189705 0.949509513098747 1.72834672429599 1.63852602802217 1.53215202013962 1.88390792440623
1.74348532734439 1.81154378107749 1.38367960741743 1.18070656503551 1.50992288487032 0.981789600802585 1.43974525202066 1.09359307098202 1.09532850165851 1.52206617663614 1.56525357929058 0.946522263344377 1.57656452571973 0 1.266978435684 1.85046772100031 1.90003829705529 1.2671379072126 1.24629855365492 1.64963086508214 1.53834239044227 1.53875420894474 1.88657077238895 1.64734973409213 1.78386533842422 0.998909055953845 1.20955529250205 1.59580279071815 1.36392691778019 1.46339274081402
1.66321102320217 1.71118867723271 1.23913992918096 1.34598075598478 1.53437707526609 1.46815682202578 1.68747676233761 1.73100206372328 1.80792911350727 1.89071608497761 1.09397886856459 1.74853254063055 1.73889630055055 1.266978435684 0 1.50038793566637 1.00072185904719 1.14879923057742 1.30773507873528 1.65127252810635 1.28695471514948 1.17516981367953 1.29934119479731 1.08079297351651 1.16192845045589 1.19547662115656 0.98536710627377 1.04777481476776 1.08131856005639 1.22223733598366
1.35316902282648 1.1647328780964 1.45699967746623 1.05441463878378 1.03291494748555 1.00873894942924 1.28030119044706 1.91571711120196 0.936566387768835 0.969411396421492 1.90351504134014 0.955101190367714 1.55699559347704 1.85046772100031 1.50038793566637 0 1.03216681885533 1.62645900878124 1.51099776849151 1.90310175926425 1.83181623672135 1.41378131438978 1.45558996032923 0.955025749979541 1.6282023191452 0.974219447234645 1.43230817327276 1.77090926445089 1.82453637616709 1.63533260952681
1.16348063899204 1.16150166257285 1.27605357463472 0.989126770757139 0.994064634898677 1.20001635095105 1.01854256680235 1.40422507119365 1.35434259637259 1.56117956410162 1.57722883345559 1.68875435343944 1.30741589446552 1.90003829705529 1.00072185904719 1.03216681885533 0 1.77121438342147 1.30145936878398 0.970620369073004 1.3040837130975 1.68456457019784 1.06963136815466 1.60188978910446 1.40657439175993 1.91236093710177 1.72768210386857 1.74502078047954 1.73777339910157 1.16063642781228
1.44835396646522 1.5061299551744 1.41839627362788 1.17855134466663 1.47346255904995 0.953236215747893 1.81068250560202 0.958302682964131 1.10074141365476 1.76537665934302 1.32340317801572 1.25451645650901 1.64725981187075 1.2671379072126 1.14879923057742 1.62645900878124 1.77121438342147 0 1.59810404339805 1.36506820982322 1.70158635615371 0.965950143290684 1.16135461605154 1.32627136539668 1.38856479153037 1.28883380210027 1.04335045348853 1.5819279407151 1.35698365489952 1.27875452232547
1.21148729883134 0.972149763023481 1.25259257759899 1.56530893431045 1.63475568965077 1.79795299819671 1.16728150495328 1.23775284527801 1.81101616518572 1.43114755256101 1.85550990770571 1.70277039916255 1.86477756127715 1.24629855365492 1.30773507873528 1.51099776849151 1.30145936878398 1.59810404339805 0 1.90619911928661 1.13598148827441 0.998546023620293 0.973617059411481 1.30256795464084 1.90722055989318 1.75768657494336 1.61312636407092 0.940363538684323 0.990727288648486 1.1164707406424
1.29444315610453 1.9044103671331 1.00552390236408 1.62157668941654 1.32124855625443 1.14937742659822 1.69168140459806 0.925800393102691 1.77215645648539 1.79896660638042 1.5602355801966 1.55641136248596 1.0283150204923 1.64963086508214 1.65127252810635 1.90310175926425 0.970620369073004 1.36506820982322 1.90619911928661 0 1.01380011066794 1.69484505522996 1.91562040802091 1.18536095530726 0.953800697810948 1.62677877652459 1.72061529872008 1.14211408328265 1.8928710934706 0.926456161541864
1.49336090916768 1.88615413336083 1.47964094253257 1.5068873281125 1.26827629841864 1.62992200278677 1.83262754743919 1.28509591007605 1.04548767255619 1.60054797190242 1.0754365301691 0.938668677350506 1.07156071532518 1.53834239044227 1.28695471514948 1.83181623672135 1.3040837130975 1.70158635615371 1.13598148827441 1.01380011066794 0 1.14868466206826 1.11798157985322 0.955411273287609 1.33172208373435 1.69872171385214 1.26758243236691 1.54618323082104 1.5039679731708 1.78217040351592
1.75473645236343 0.975882730912417 1.72718161996454 1.45155992708169 1.66489902418107 1.59328331612051 1.23824098310433 1.74331440590322 1.06460960302502 1.3862683349289 1.85515433573164 1.42851455532946 1.79296856070869 1.53875420894474 1.17516981367953 1.41378131438978 1.68456457019784 0.965950143290684 0.998546023620293 1.69484505522996 1.14868466206826 0 1.1593681385275 1.8407083444763 1.82212520227768 1.74756415304728 0.93882397050038 1.07527843047865 0.919395188800991 1.76808492839336
1.15233252034523 1.50961643387564 1.21442159917206 1.00260051572695 1.39345883019269 1.52776904054917 1.90718570700847 1.10714212851599 1.4667105213739 1.8589715694543 1.63463435228914 1.27844625641592 1.82222558744252 1.88657077238895 1.29934119479731 1.45558996032923 1.06963136815466 1.16135461605154 0.973617059411481 1.91562040802091 1.11798157985322 1.1593681385275 0 1.84598300117068 1.403729445301 1.3911738274619 1.61902962857857 1.0794731285423 1.88075053691864 1.61055606743321
1.29497286397964 1.50676086987369 1.13945991219953 1.53844588669017 1.49361965968274 1.24545620265417 1.64882979704998 1.47352126869373 1.00720018846914 0.986307949293405 1.38441224163398 1.15860756044276 1.27630058419891 1.64734973409213 1.08079297351651 0.955025749979541 1.60188978910446 1.32627136539668 1.30256795464084 1.18536095530726 0.955411273287609 1.8407083444763 1.84598300117068 0 1.46205338928849 1.51888098474592 1.68707728362642 0.977688989136368 1.26276598847471 1.81711808545515
0.969446538481861 1.73420115071349 1.36646805959754 1.59068426047452 1.0768331149593 1.90002942713909 1.64555356907658 1.15791758126579 1.09088083123788 1.03709151875228 1.06426533916965 0.996734953252599 1.32826253189705 1.78386533842422 1.16192845045589 1.6282023191452 1.40657439175993 1.38856479153037 1.90722055989318 0.953800697810948 1.33172208373435 1.82212520227768 1.403729445301 1.46205338928849 0 1.33189699752256 1.65538512053899 1.53183748456649 1.10148462723009 1.76593233481981
1.51426311023533 1.69898616569117 1.71824321616441 1.47943144477904 1.49066261947155 1.28558047465049 1.23375077382661 1.34070688369684 1.60093689104542 1.30566747486591 1.23709608078934 0.94147618394345 0.949509513098747 0.998909055953845 1.19547662115656 0.974219447234645 1.91236093710177 1.28883380210027 1.75768657494336 1.62677877652459 1.69872171385214 1.74756415304728 1.3911738274619 1.51888098474592 1.33189699752256 0 0.98284208890982 1.24418361135758 1.25024524144828 1.32743146712892
1.48588096234016 1.21565030794591 1.74023318011314 0.944793311413378 1.4342919588089 0.979206492891535 1.03732365230098 1.65518059022725 1.60206428193487 1.50883336528204 1.73040201561525 1.79944297182374 1.72834672429599 1.20955529250205 0.98536710627377 1.43230817327276 1.72768210386857 1.04335045348853 1.61312636407092 1.72061529872008 1.26758243236691 0.93882397050038 1.61902962857857 1.68707728362642 1.65538512053899 0.98284208890982 0 1.16342406789772 1.26644479623064 1.35122916148975
1.73759383452125 1.16739078285173 1.5226959255524 1.73242702218704 1.15137295657769 1.25463426811621 1.75260237930343 1.69591224100441 1.03131923079491 1.410461692838 1.70012114290148 1.11953600146808 1.63852602802217 1.59580279071815 1.04777481476776 1.77090926445089 1.74502078047954 1.5819279407151 0.940363538684323 1.14211408328265 1.54618323082104 1.07527843047865 1.0794731285423 0.977688989136368 1.53183748456649 1.24418361135758 1.16342406789772 0 1.83740883087739 1.10010198294185
1.48287474736571 1.49992540455423 1.87673368072137 1.02905241702683 1.07595662306994 1.86324082151987 1.03833613567986 1.74946200940758 1.75568679533899 1.83004657458514 1.76972244936042 1.30110919079743 1.53215202013962 1.36392691778019 1.08131856005639 1.82453637616709 1.73777339910157 1.35698365489952 0.990727288648486 1.8928710934706 1.5039679731708 0.919395188800991 1.88075053691864 1.26276598847471 1.10148462723009 1.25024524144828 1.26644479623064 1.83740883087739 0 1.72314737923443
1.84128358610906 1.73379758838564 1.5802324465476 1.48782271705568 1.06806594599038 1.4435016203206 1.89985610032454 1.85225655464455 1.82596133160405 1.01838593324646 1.75652375398204 1.63373014889657 1.88390792440623 1.46339274081402 1.22223733598366 1.63533260952681 1.16063642781228 1.27875452232547 1.1164707406424 0.926456161541864 1.78217040351592 1.76808492839336 1.61055606743321 1.81711808545515 1.76593233481981 1.32743146712892 1.35122916148975 1.10010198294185 1.72314737923443 0
