0 1.07082330877893 1.51823175186291 1.44729941640981 1.22421741741709 1.01530533819459 1.00145556195639 0.995703156106174 1.69608619180508 1.27345473296009 1.38576787826605 1.67608092632145 1.17779023316689 1.20162634155713 1.64769611111842 1.63686574576423 1.74358274391852 1.66544803930447 1.84277341049165 1.60958724794909 0.983107511652634 1.14601732720621 1.48692950187251 1.84272405435331 1.11865379079245 1.28604170749895 1.5106889444869 0.933684547431767 1.47598793404177 1.02525108982809
1.07082330877893 0 1.81033192481846 1.88720211060718 0.96857945015654 1.12151676695794 1.54745077202097 1.30634425207973 1.16183834383264 1.41072985553183 0.985855505568907 1.40734800789505 1.11914459057152 1.10787843260914 1.61619122209959 1.34506544983014 0.99960237974301 1.87783033098094 1.59472165443003 1.82099769776687 1.25619393819943 1.27012304170057 1.30617640749551 1.53469148930162 1.45131859811954 1.7191241288092 0.978956287493929 1.7196504662279 1.36240255716257 1.23811440938152
1.51823175186291 1.81033192481846 0 1.16542721074075 0.998988371342421 1.17645493033342 1.81384642142802 1.08459114725702 1.76613851287402 1.72588756680489 1.42173996497877 1.27930832537822 1.30769713432528 1.71591714816168 0.951222880277783 1.1997334251646 1.04679429088719 1.82638969412073 0.982319694478065 0.997529410989955 1.81461115158163 1.33638571132906 1.45673543377779 1.56358911679126 1.01768477889709 1.93094395240769 1.45968728885055 1.5400938752573 1.58359719603322 1.18191202357411
1.44729941640981 1.88720211060718 1.16542721074075 0 1.60307647101581 1.73292643274181 1.72533656144515 1.2745975793805 1.811583758099 1.57943883840926 0.964845597976819 0.948449441464618 1.37162925372832 1.32555721723475 1.81669123028405 1.4166027456522 1.4071471421048 1.1157241910696 1.47356522409245 1.64023249503225 1.55285704764538 1.19910656730644 1.57935032108799 1.78460299735889 1.04402204230428 1.54569508740678 1.42011114466004 1.08663229923695 1.49377904785797 1.11860164999962
1.22421741741709 0.96857945015654 0.998988371342421 1.60307647101581 0 1.62253379076719 1.66467194980942 1.01734748040326 1.27928842441179 1.31158048962243 1.21323068765923 0.981454746797681 1.19226452964358 1.88546887924895 1.92407416109927 1.80032932385802 1.34788891091011 1.19966140529141 1.63522060960531 1.14073857548647 1.53833061805926 1.45035445317626 1.04482648754492 1.86167292459868 1.12065988802351 1.84045184683055 1.36038489849307 1.17116971826181 1.57960789394565 1.90942731802352
1.01530533819459 1.12151676695794 1.17645493033342 1.73292643274181 1.62253379076719 0 1.79897424252704 1.47788681834936 1.24564396287315 1.09097947459668 1.26481216331013 1.10659308219329 1.90301174321212 1.69890106609091 1.8210005890578 1.11090841935948 1.63988197501749 1.27396226092242 1.17566046235152 1.72173542785458 1.06047781254165 1.64634086959995 1.80402870150283 1.26384530565701 1.84233567421325 1.06427719537169 1.57725817360915 1.4460580421146 1.00276261521503 1.1282099345699
1.00145556195639 1.54745077202097 1.81384642142802 1.72533656144515 1.66467194980942 1.79897424252704 0 0.995767625048757 1.83880017581396 1.00511795864441 1.43162866984494 0.935776198050007 1.80544016626664 1.63306167698465 1.20952745433897 1.41813096916303 1.46629537036642 1.04501122422516 1.04910175991245 1.15072210761718 1.15954650449567 1.34727659868076 1.71302960091271 1.47544562164694 1.24958811304532 1.09808885469101 1.38194591691718 1.64473917568102 1.4499959719833 1.46511653345078
0.995703156106174 1.30634425207973 1.08459114725702 1.2745975793805 1.01734748040326 1.47788681834936 0.995767625048757 0 1.49264310509898 1.17052022740245 1.12905102130026 0.986288170795888 1.19509131158702 1.16047195438296 0.998383876867592 1.14877160778269 1.86702931043692 1.33573464280926 1.13670408073813 1.26002096245065 0.991016686661169 1.29271766380407 1.74335415964015 1.74786992091686 1.1628510132432 1.6776548337657 1.79966082447208 1.51394202443771 1.12961384677328 1.18011156399734
1.69608619180508 1.16183834383264 1.76613851287402 1.811583758099 1.27928842441179 1.24564396287315 1.83880017581396 1.49264310509898 0 1.55060913437046 1.3163000557106 1.92301312857307 1.83938678191043 1.11913862708025 1.89894169173203 1.81100730854087 1.50461970362812 1.77394457859918 1.71137846866623 1.49054889776744 1.24423217680305 1.08048866246827 0.979401335120201 1.00313156796619 1.34989450918511 1.38810170302168 1.45127131370828 1.36721304338425 1.90394416684285 1.60361249558628
1.27345473296009 1.41072985553183 1.72588756680489 1.57943883840926 1.31158048962243 1.09097947459668 1.00511795864441 1.17052022740245 1.55060913437046 0 0.941282354062423 1.45161700434983 1.40825920249335 1.90440737828612 1.19207097915933 0.974357727682218 1.15374214458279 1.66879808600061 1.73414482409135 1.6495131906122 1.67621383839287 1.87125978851691 0.953173690009862 1.61147657781839 1.03964079800062 0.97880779299885 1.47012417134829 1.00895201228559 1.57379720546305 1.76213659159839
1.38576787826605 0.985855505568907 1.42173996497877 0.964845597976819 1.21323068765923 1.26481216331013 1.43162866984494 1.12905102130026 1.3163000557106 0.941282354062423 0 1.66140189790167 1.29566371906549 0.998015381162986 0.974845005199313 1.20262384298258 1.29751913063228 1.12654938874766 1.39818291785195 1.47691074339673 1.68156668473966 1.24426122009754 1.32234651525505 1.72779708052985 1.41232096054591 1.58839677460492 1.70198246836662 1.84292143653147 1.29723716503941 1.84540563472547
1.67608092632145 1.40734800789505 1.27930832537822 0.948449441464618 0.981454746797681 1.10659308219329 0.935776198050007 0.986288170795888 1.92301312857307 1.45161700434983 1.66140189790167 0 1.85069211013615 1.37256453954615 0.985602430300787 1.27792994491756 1.06125396047719 1.91046667937189 1.11673578456976 1.69171094475314 1.71324410638772 1.59860740648583 1.2601271243766 1.37357163662091 1.34748290292919 1.24508648645133 0.95646945363842 1.88532761973329 1.01497168559581 0.976516365539283
1.17779023316689 1.11914459057152 1.30769713432528 1.37162925372832 1.19226452964358 1.90301174321212 1.80544016626664 1.19509131158702 1.83938678191043 1.40825920249335 1.29566371906549 1.85069211013615 0 1.17181694577448 1.87801269371994 1.74917167890817 1.11331990687177 1.85667293821461 1.74827857734635 1.29017643677071 1.27964916755445 1.47988243075088 1.41566082835197 0.950349544174969 0.948359454283491 1.13178767333739 1.19058155058883 1.43937227013521 1.716450097505 1.73750236793421
1.20162634155713 1.10787843260914 1.71591714816168 1.32555721723475 1.88546887924895 1.69890106609091 1.63306167698465 1.16047195438296 1.11913862708025 1.90440737828612 0.998015381162986 1.37256453954615 1.17181694577448 0 1.38392571802251 1.24035941273905 0.964469698024914 1.80416333815083 1.29956303117797 1.71493105823174 1.68173354072496 1.43290559225716 1.25008464348502 1.72873734752648 1.89073354192078 1.22618231666274 0.974195176968351 1.05042663449422 1.66894458723255 1.65116919483989
1.64769611111842 1.61619122209959 0.951222880277783 1.81669123028405 1.92407416109927 1.8210005890578 1.20952745433897 0.998383876867592 1.89894169173203 1.19207097915933 0.974845005199313 0.985602430300787 1.87801269371994 1.38392571802251 0 1.25696651544422 1.80757078435272 1.6192330410704 1.31974011915736 1.13581214169972 0.980646144133061 1.2749558808282 1.59674361650832 1.15358581766486 1.19739083549939 1.27920943591744 1.43634209828451 0.980332478880882 1.59831462055445 1.34484768682159
1.63686574576423 1.34506544983014 1.1997334251646 1.4166027456522 1.80032932385802 1.11090841935948 1.41813096916303 1.14877160778269 1.81100730854087 0.974357727682218 1.20262384298258 1.27792994491756 1.74917167890817 1.24035941273905 1.25696651544422 0 1.08588507003151 1.032208932098 1.20679222117178 1.5081176890526 1.52210110635497 1.92155377543531 1.77265220368281 1.84185952274129 1.12159103015438 1.51831834414043 1.08698343206197 1.68735966854729 1.15503968857229 1.56667852052487
1.74358274391852 0.99960237974301 1.04679429088719 1.4071471421048 1.34788891091011 1.63988197501749 1.46629537036642 1.86702931043692 1.50461970362812 1.15374214458279 1.29751913063228 1.06125396047719 1.11331990687177 0.964469698024914 1.80757078435272 1.08588507003151 0 1.14616644848138 0.937743923161179 1.3867315875832 1.58942868094891 1.50238876393996 1.47329421853647 1.7833029741887 1.77747246460058 1.29177434276789 1.43424671282992 1.91922705271281 1.67071660561487 1.09789673401974
1.66544803930447 1.87783033098094 1.82638969412073 1.1157241910696 1.19966140529141 1.27396226092242 1.04501122422516 1.33573464280926 1.77394457859918 1.66879808600061 1.12654938874766 1.91046667937189 1.85667293821461 1.80416333815083 1.6192330410704 1.032208932098 1.14616644848138 0 1.59098533377983 1.85029561212286 1.39715676452033 1.05748090869747 1.8542458107695 1.67689447663724 0.994883914245293 1.15575792780146 1.71120139723644 1.6553362426348 1.5465755360201 1.81561945797876
1.84277341049165 1.59472165443003 0.982319694478065 1.47356522409245 1.63522060960531 1.17566046235152 1.04910175991245 1.13670408073813 1.71137846866623 1.73414482409135 1.39818291785195 1.11673578456976 1.74827857734635 1.29956303117797 1.31974011915736 1.20679222117178 0.937743923161179 1.59098533377983 0 1.67287671449594 1.77930862805806 1.28891429654323 1.51868651830591 1.01844023307785 1.3894652731251 1.4348511940334 1.68939154036343 1.90971482149325 1.39304113411345 1.806684036972
1.60958724794909 1.82099769776687 0.997529410989955 1.64023249503225 1.14073857548647 1.72173542785458 1.15072210761718 1.26002096245065 1.49054889776744 1.6495131906122 1.47691074339673 1.69171094475314 1.29017643677071 1.71493105823174 1.13581214169972 1.5081176890526 1.3867315875832 1.85029561212286 1.67287671449594 0 1.14419419178739 1.85921604046598 1.01316197868437 1.25781385554001 1.23391635599546 0.933414541417733 1.898586765863 1.25679673370905 1.76037610787898 1.34100175066851
0.983107511652634 1.25619393819943 1.81461115158163 1.55285704764538 1.53833061805926 1.06047781254165 1.15954650449567 0.991016686661169 1.24423217680305 1.67621383839287 1.68156668473966 1.71324410638772 1.27964916755445 1.68173354072496 0.980646144133061 1.52210110635497 1.58942868094891 1.39715676452033 1.77930862805806 1.14419419178739 0 1.4151679109782 1.29687237343751 1.39326136722229 1.50444599427283 1.32907402422279 1.48820835840888 0.93317833263427 1.37289280351251 1.68974052951671
1.14601732720621 1.27012304170057 1.33638571132906 1.19910656730644 1.45035445317626 1.64634086959995 1.34727659868076 1.29271766380407 1.08048866246827 1.87125978851691 1.24426122009754 1.59860740648583 1.47988243075088 1.43290559225716 1.2749558808282 1.92155377543531 1.50238876393996 1.05748090869747 1.28891429654323 1.85921604046598 1.4151679109782 0 1.13563526980579 1.4106990871951 1.72987175383605 1.23296620859765 1.79039960796945 1.16007509455085 1.19770088186488 1.7433565359097
1.48692950187251 1.30617640749551 1.45673543377779 1.57935032108799 1.04482648754492 1.80402870150283 1.71302960091271 1.74335415964015 0.979401335120201 0.953173690009862 1.32234651525505 1.2601271243766 1.41566082835197 1.25008464348502 1.59674361650832 1.77265220368281 1.47329421853647 1.8542458107695 1.51868651830591 1.01316197868437 1.29687237343751 1.13563526980579 0 1.33301468961872 0.987480815965682 1.80095105129294 1.86931295995601 1.36111290589906 1.59968207008205 1.03847062331624
1.84272405435331 1.53469148930162 1.56358911679126 1.78460299735889 1.86167292459868 1.26384530565701 1.47544562164694 1.74786992091686 1.00313156796619 1.61147657781839 1.72779708052985 1.37357163662091 0.950349544174969 1.72873734752648 1.15358581766486 1.84185952274129 1.7833029741887 1.67689447663724 1.01844023307785 1.25781385554001 1.39326136722229 1.4106990871951 1.33301468961872 0 1.58633501688018 1.10196666885167 1.48264849605039 1.90112919430248 1.84091149829328 1.32141521223821
1.11865379079245 1.45131859811954 1.01768477889709 1.04402204230428 1.12065988802351 1.84233567421325 1.24958811304532 1.1628510132432 1.34989450918511 1.03964079800062 1.41232096054591 1.34748290292919 0.948359454283491 1.89073354192078 1.19739083549939 1.12159103015438 1.77747246460058 0.994883914245293 1.3894652731251 1.23391635599546 1.50444599427283 1.72987175383605 0.987480815965682 1.58633501688018 0 1.89064651075751 1.03689570585266 1.58169827377424 1.45518403616734 1.12770535424352
1.28604170749895 1.7191241288092 1.93094395240769 1.54569508740678 1.84045184683055 1.06427719537169 1.09808885469101 1.6776548337657 1.38810170302168 0.97880779299885 1.58839677460492 1.24508648645133 1.13178767333739 1.22618231666274 1.27920943591744 1.51831834414043 1.29177434276789 1.15575792780146 1.4348511940334 0.933414541417733 1.32907402422279 1.23296620859765 1.80095105129294 1.10196666885167 1.89064651075751 0 1.5210655934643 1.1105598830618 1.6355900594499 1.28608083701693
1.5106889444869 0.978956287493929 1.45968728885055 1.42011114466004 1.36038489849307 1.57725817360915 1.38194591691718 1.79966082447208 1.45127131370828 1.47012417134829 1.70198246836662 0.95646945363842 1.19058155058883 0.974195176968351 1.43634209828451 1.08698343206197 1.43424671282992 1.71120139723644 1.68939154036343 1.898586765863 1.48820835840888 1.79039960796945 1.86931295995601 1.48264849605039 1.03689570585266 1.5210655934643 0 1.80115183186717 1.87708629108965 1.77091193525121
0.933684547431767 1.7196504662279 1.5400938752573 1.08663229923695 1.17116971826181 1.4460580421146 1.64473917568102 1.51394202443771 1.36721304338425 1.00895201228559 1.84292143653147 1.88532761973329 1.43937227013521 1.05042663449422 0.980332478880882 1.68735966854729 1.91922705271281 1.6553362426348 1.90971482149325 1.25679673370905 0.93317833263427 1.16007509455085 1.36111290589906 1.90112919430248 1.58169827377424 1.1105598830618 1.80115183186717 0 1.12212633248419 0.964331906754524
1.47598793404177 1.36240255716257 1.58359719603322 1.49377904785797 1.57960789394565 1.00276261521503 1.4499959719833 1.12961384677328 1.90394416684285 1.57379720546305 1.29723716503941 1.01497168559581 1.716450097505 1.66894458723255 1.59831462055445 1.15503968857229 1.67071660561487 1.5465755360201 1.39304113411345 1.76037610787898 1.37289280351251 1.19770088186488 1.59968207008205 1.84091149829328 1.45518403616734 1.6355900594499 1.87708629108965 1.12212633248419 0 1.48460621060804
1.02525108982809 1.23811440938152 1.18191202357411 1.11860164999962 1.90942731802352 1.1282099345699 1.46511653345078 1.18011156399734 1.60361249558628 1.76213659159839 1.84540563472547 0.976516365539283 1.73750236793421 1.65116919483989 1.34484768682159 1.56667852052487 1.09789673401974 1.81561945797876 1.806684036972 1.34100175066851 1.68974052951671 1.7433565359097 1.03847062331624 1.32141521223821 1.12770535424352 1.28608083701693 1.77091193525121 0.964331906754524 1.48460621060804 0
