0 1.08142304653302 1.61782641895115 1.55725902924314 1.43884933018126 1.24534689239226 1.84257209347561 1.33034644392319 1.05905797006562 1.39916383754462 1.37133057112806 1.14221283886582 1.35651399591006 1.18754488346167 1.60829902417026 1.47940162871964 1.536427247338 1.65937794186175 1.02088376996107 1.88705008663237 1.19416224979796 1.76066278177314 1.42188991094008 1.28255751146935 0.985090486705303 1.33130690455437 1.27480102353729 1.48829977819696 1.74574643978849 1.41777225513943
1.08142304653302 0 1.01875752164051 1.62776707299054 1.8702254886739 1.70269704470411 1.53440420259722 1.44206716469489 1.56044840929098 1.45218413555995 1.01036847056821 1.18089295527898 1.05787305696867 1.85854340461083 1.2382414159365 1.25890757306479 1.02654065797105 0.993302202085033 1.61976383416913 0.992541608866304 1.29153792164288 0.944555429974571 1.57147569814697 1.77005875855684 1.80770523380488 1.64724149717949 1.39346267073415 1.51619158522226 1.80494752852246 1.30147778312676
1.61782641895115 1.01875752164051 0 1.87216705223545 0.976445928448811 1.02056929166429 1.25337902852334 1.24825577624142 1.44140283204615 1.09413815825246 1.77243348141201 0.927217429270968 1.18460421194322 0.994049049215391 1.84997287159786 1.82870666706003 1.60903134406544 1.79829492908902 1.72042676783167 1.6276784716174 0.952982896473259 1.61650117044337 1.61720750131644 1.54528664657846 1.76656641112641 1.84455464105122 1.14123289450072 1.69922717870213 1.1999275481794 1.57847731397487
1.55725902924314 1.62776707299054 1.87216705223545 0 1.03890558984131 1.2686459554825 1.15475084702484 1.59177297609858 1.86373483622447 1.84623011667281 1.76954329758883 1.64024406787939 1.51391024095938 1.45000339765102 1.11732257250696 1.0553514987696 0.986748660681769 1.19811481889337 1.4550420534797 1.39705247827806 1.32726498553529 1.23047540755942 0.967636971035972 1.869500978617 1.42183866933919 1.74694334366359 0.988801571773365 1.08638434973545 1.76850098813884 1.32137761521153
1.43884933018126 1.8702254886739 0.976445928448811 1.03890558984131 0 1.35519843176007 1.57388273300603 1.31463248608634 1.4793380619958 0.971595633774996 0.960897958371788 1.64556694519706 1.73177928943187 1.52257780171931 1.38173158979043 1.5827264378313 1.84545353800058 1.18895275308751 1.16127741336823 0.944785489002243 1.18635033559985 1.26153037464246 1.34991522319615 1.16535435360856 1.6120023780968 0.986128503922373 1.70206444361247 1.83448307239451 1.40962458215654 1.46138141187839
1.24534689239226 1.70269704470411 1.02056929166429 1.2686459554825 1.35519843176007 0 1.75068456749432 1.04769739322364 1.84944162541069 1.56367628509179 1.4588309766259 1.39035302749835 1.13659251458012 1.36517953220755 1.66291211289354 1.42275868356228 1.78871628991328 1.33474908443168 1.71595334610902 1.52558466629125 1.75024967733771 1.40780663350597 1.80577777884901 1.28390999510884 1.16568289953284 1.34385476610623 1.5341816234868 0.958683054428548 1.63931130454876 1.75572966062464
1.84257209347561 1.53440420259722 1.25337902852334 1.15475084702484 1.57388273300603 1.75068456749432 0 1.17630887404084 1.52212018566206 1.26599508500658 1.62791044800542 1.0090874673333 1.78648804896511 1.85086927982047 1.46115870121866 1.83205073000863 1.03522178647108 1.1868002882693 1.51153745036572 1.63333550677635 1.11169483978301 0.956077641574666 0.935070066945627 1.69139646063559 1.7235776244197 1.54607720510103 1.29002954484895 0.925729796523228 1.18428473058157 0.964407405583188
1.33034644392319 1.44206716469489 1.24825577624142 1.59177297609858 1.31463248608634 1.04769739322364 1.17630887404084 0 1.09975680662319 1.62997100944631 1.55038437177427 1.02406879444607 1.54454518319108 0.903248366434127 1.19543513725512 1.09067641245201 1.12541503529064 1.12901595490985 1.41794287855737 1.08608532929793 1.85881875315681 1.87386392941698 1.66901427856646 0.906526968348771 0.970964967273176 0.975281291175634 1.33475054590963 1.35711531573907 1.1681903116405 1.25281036063097
1.05905797006562 1.56044840929098 1.44140283204615 1.86373483622447 1.4793380619958 1.84944162541069 1.52212018566206 1.09975680662319 0 1.11543313763104 1.37924101855606 1.23230765201151 1.75026858691126 1.44481982965954 1.68100955546834 1.27183629735373 1.02667949534953 1.19983992120251 1.71155854850076 1.16394916898571 1.58356872829609 1.55255019152537 1.34828046360053 1.42309003393166 1.843404477695 1.51899742893875 1.19639928964898 1.5253513820935 1.33255389146507 1.58705484145321
1.39916383754462 1.45218413555995 1.09413815825246 1.84623011667281 0.971595633774996 1.56367628509179 1.26599508500658 1.62997100944631 1.11543313763104 0 1.57607243047096 1.50672877253965 0.980976245831698 1.5863835059572 1.6542326125782 1.26536822761409 0.895010593347251 1.49728160654195 1.79968006699346 1.30029914155602 1.88801299827173 1.4557511289604 1.81368789728731 1.10250315000303 1.38244716031477 1.11423115897924 1.25644798879512 0.971424117917195 1.44705488998443 1.03497510589659
1.37133057112806 1.01036847056821 1.77243348141201 1.76954329758883 0.960897958371788 1.4588309766259 1.62791044800542 1.55038437177427 1.37924101855606 1.57607243047096 0 1.35700936568901 1.55170004814863 1.09152474673465 1.22732122149318 0.926780644105747 1.82919817999937 1.52736454177648 1.1945012526121 1.36459055356681 1.28739690734074 1.68447039928287 1.64799127681181 1.81868388620205 1.58201132505201 0.927601848728955 1.00254784524441 1.35765902581625 1.07415675581433 1.53117770189419
1.14221283886582 1.18089295527898 0.927217429270968 1.64024406787939 1.64556694519706 1.39035302749835 1.0090874673333 1.02406879444607 1.23230765201151 1.50672877253965 1.35700936568901 0 1.47387401037849 1.75842806370929 1.06251981062815 1.71273238048889 1.24624477396719 1.2682253732346 1.45155325788073 1.19114786875434 1.71541212406009 1.40295672090724 1.72881334833801 1.2456760276109 1.11802506516688 1.30284722917713 1.75042909639888 1.87340682838112 1.35683266748674 1.55348320561461
1.35651399591006 1.05787305696867 1.18460421194322 1.51391024095938 1.73177928943187 1.13659251458012 1.78648804896511 1.54454518319108 1.75026858691126 0.980976245831698 1.55170004814863 1.47387401037849 0 1.37311378656887 1.23971367580816 1.11988521879539 1.39138622977771 0.943983101984486 1.34254379058257 1.51489224238321 1.03482938488014 1.33979947050102 1.544981286861 1.5212360189762 1.87463606405072 1.04265896673314 1.75094430195168 1.6805257955566 1.85734171932563 1.64593313168734
1.18754488346167 1.85854340461083 0.994049049215391 1.45000339765102 1.52257780171931 1.36517953220755 1.85086927982047 0.903248366434127 1.44481982965954 1.5863835059572 1.09152474673465 1.75842806370929 1.37311378656887 0 1.49884560401551 0.95963767520152 1.10627662530169 1.04991749348119 1.86991459061392 1.54810111643746 1.28735931729898 0.970615562982857 1.73477644077502 1.47505706036463 1.16136585129425 1.83013473963365 0.974479718133807 1.03916308027692 1.77166466601193 1.68774020229466
1.60829902417026 1.2382414159365 1.84997287159786 1.11732257250696 1.38173158979043 1.66291211289354 1.46115870121866 1.19543513725512 1.68100955546834 1.6542326125782 1.22732122149318 1.06251981062815 1.23971367580816 1.49884560401551 0 1.78159707668237 1.44653241080232 1.18084739614278 1.22616636101156 1.49009416950867 1.08917571906932 1.44389664568007 1.39368907292373 1.86942071840167 1.0182999256067 1.26093765790574 0.96482545370236 1.44665062078275 1.01898626144975 1.18476928002201
1.47940162871964 1.25890757306479 1.82870666706003 1.0553514987696 1.5827264378313 1.42275868356228 1.83205073000863 1.09067641245201 1.27183629735373 1.26536822761409 0.926780644105747 1.71273238048889 1.11988521879539 0.95963767520152 1.78159707668237 0 1.24222112819552 1.83998053031974 1.21015841583721 1.04887258494273 1.0508698951453 0.898331406991929 1.12507891422138 1.31458105915226 1.35518862004392 0.993971051648259 1.08823439036496 1.38323882734403 0.988729255041108 1.67089151521213
1.536427247338 1.02654065797105 1.60903134406544 0.986748660681769 1.84545353800058 1.78871628991328 1.03522178647108 1.12541503529064 1.02667949534953 0.895010593347251 1.82919817999937 1.24624477396719 1.39138622977771 1.10627662530169 1.44653241080232 1.24222112819552 0 1.45784244011156 1.56626034202054 1.24808186106384 1.4220512364991 1.07038585515693 0.998141980729997 1.36890942580067 0.980588028207421 1.62849335419014 1.83164004073478 1.68932981020771 1.71341745834798 1.17253202782013
1.65937794186175 0.993302202085033 1.79829492908902 1.19811481889337 1.18895275308751 1.33474908443168 1.1868002882693 1.12901595490985 1.19983992120251 1.49728160654195 1.52736454177648 1.2682253732346 0.943983101984486 1.04991749348119 1.18084739614278 1.83998053031974 1.45784244011156 0 1.26847061910667 1.4575129467994 1.87558750109747 1.46642180392519 1.05027786851861 1.07552768639289 1.75238843588158 1.3545271914918 1.28544309921563 1.36026290152222 0.979232851881534 1.616588228615
1.02088376996107 1.61976383416913 1.72042676783167 1.4550420534797 1.16127741336823 1.71595334610902 1.51153745036572 1.41794287855737 1.71155854850076 1.79968006699346 1.1945012526121 1.45155325788073 1.34254379058257 1.86991459061392 1.22616636101156 1.21015841583721 1.56626034202054 1.26847061910667 0 0.933670345693827 1.40012054005638 1.11100572324358 1.04714056523517 1.30929024820216 0.941596349934116 1.46916702506132 1.77429614332505 1.21650045923889 1.09922594414093 1.66007825615816
1.88705008663237 0.992541608866304 1.6276784716174 1.39705247827806 0.944785489002243 1.52558466629125 1.63333550677635 1.08608532929793 1.16394916898571 1.30029914155602 1.36459055356681 1.19114786875434 1.51489224238321 1.54810111643746 1.49009416950867 1.04887258494273 1.24808186106384 1.4575129467994 0.933670345693827 0 1.56910795834847 1.55945633351803 1.10577283916064 1.23392079118639 1.04804148920812 1.14422604348511 1.35767610091716 1.86369728203863 1.12964561511762 1.76382001349702
1.19416224979796 1.29153792164288 0.952982896473259 1.32726498553529 1.18635033559985 1.75024967733771 1.11169483978301 1.85881875315681 1.58356872829609 1.88801299827173 1.28739690734074 1.71541212406009 1.03482938488014 1.28735931729898 1.08917571906932 1.0508698951453 1.4220512364991 1.87558750109747 1.40012054005638 1.56910795834847 0 1.7692570167128 1.50320649985224 1.36269633029588 1.79666772671044 1.62297868751921 1.88576561608352 1.15721625066362 1.16282739397138 1.18403700646013
1.76066278177314 0.944555429974571 1.61650117044337 1.23047540755942 1.26153037464246 1.40780663350597 0.956077641574666 1.87386392941698 1.55255019152537 1.4557511289604 1.68447039928287 1.40295672090724 1.33979947050102 0.970615562982857 1.44389664568007 0.898331406991929 1.07038585515693 1.46642180392519 1.11100572324358 1.55945633351803 1.7692570167128 0 1.84351788996719 1.79765814659186 1.36206449335441 1.5677749668248 1.75935566052794 1.75634563085623 1.54516887059435 1.76032915641554
1.42188991094008 1.57147569814697 1.61720750131644 0.967636971035972 1.34991522319615 1.80577777884901 0.935070066945627 1.66901427856646 1.34828046360053 1.81368789728731 1.64799127681181 1.72881334833801 1.544981286861 1.73477644077502 1.39368907292373 1.12507891422138 0.998141980729997 1.05027786851861 1.04714056523517 1.10577283916064 1.50320649985224 1.84351788996719 0 0.963477153563872 1.10199106158689 1.53166001685895 1.54540307726711 1.41898198309354 1.72362661990337 1.68735703080893
1.28255751146935 1.77005875855684 1.54528664657846 1.869500978617 1.16535435360856 1.28390999510884 1.69139646063559 0.906526968348771 1.42309003393166 1.10250315000303 1.81868388620205 1.2456760276109 1.5212360189762 1.47505706036463 1.86942071840167 1.31458105915226 1.36890942580067 1.07552768639289 1.30929024820216 1.23392079118639 1.36269633029588 1.79765814659186 0.963477153563872 0 1.65110457944684 1.5016093950253 1.37560416897759 1.7358888136223 0.912269146181643 1.63448550878093
0.985090486705303 1.80770523380488 1.76656641112641 1.42183866933919 1.6120023780968 1.16568289953284 1.7235776244197 0.970964967273176 1.843404477695 1.38244716031477 1.58201132505201 1.11802506516688 1.87463606405072 1.16136585129425 1.0182999256067 1.35518862004392 0.980588028207421 1.75238843588158 0.941596349934116 1.04804148920812 1.79666772671044 1.36206449335441 1.10199106158689 1.65110457944684 0 0.952854672912508 1.73766568838619 1.75199533742853 1.85266327438876 1.19949264149182
1.33130690455437 1.64724149717949 1.84455464105122 1.74694334366359 0.986128503922373 1.34385476610623 1.54607720510103 0.975281291175634 1.51899742893875 1.11423115897924 0.927601848728955 1.30284722917713 1.04265896673314 1.83013473963365 1.26093765790574 0.993971051648259 1.62849335419014 1.3545271914918 1.46916702506132 1.14422604348511 1.62297868751921 1.5677749668248 1.53166001685895 1.5016093950253 0.952854672912508 0 1.1940169702284 1.40993944881484 1.00213603908196 1.36628651851788
1.27480102353729 1.39346267073415 1.14123289450072 0.988801571773365 1.70206444361247 1.5341816234868 1.29002954484895 1.33475054590963 1.19639928964898 1.25644798879512 1.00254784524441 1.75042909639888 1.75094430195168 0.974479718133807 0.96482545370236 1.08823439036496 1.83164004073478 1.28544309921563 1.77429614332505 1.35767610091716 1.88576561608352 1.75935566052794 1.54540307726711 1.37560416897759 1.73766568838619 1.1940169702284 0 1.0283671815414 1.11674571619369 1.76418248075061
1.48829977819696 1.51619158522226 1.69922717870213 1.08638434973545 1.83448307239451 0.958683054428548 0.925729796523228 1.35711531573907 1.5253513820935 0.971424117917195 1.35765902581625 1.87340682838112 1.6805257955566 1.03916308027692 1.44665062078275 1.38323882734403 1.68932981020771 1.36026290152222 1.21650045923889 1.86369728203863 1.15721625066362 1.75634563085623 1.41898198309354 1.7358888136223 1.75199533742853 1.40993944881484 1.0283671815414 0 1.72090910351835 1.75103969266638
1.74574643978849 1.80494752852246 1.1999275481794 1.76850098813884 1.40962458215654 1.63931130454876 1.18428473058157 1.1681903116405 1.33255389146507 1.44705488998443 1.07415675581433 1.35683266748674 1.85734171932563 1.77166466601193 1.01898626144975 0.988729255041108 1.71341745834798 0.979232851881534 1.09922594414093 1.12964561511762 1.16282739397138 1.54516887059435 1.72362661990337 0.912269146181643 1.85266327438876 1.00213603908196 1.11674571619369 1.72090910351835 0 1.23626389261335
1.41777225513943 1.30147778312676 1.57847731397487 1.32137761521153 1.46138141187839 1.75572966062464 0.964407405583188 1.25281036063097 1.58705484145321 1.03497510589659 1.53117770189419 1.55348320561461 1.64593313168734 1.68774020229466 1.18476928002201 1.67089151521213 1.17253202782013 1.616588228615 1.66007825615816 1.76382001349702 1.18403700646013 1.76032915641554 1.68735703080893 1.63448550878093 1.19949264149182 1.36628651851788 1.76418248075061 1.75103969266638 1.23626389261335 0
