0 1.46021518763155 1.66937945527025 1.87093987059779 1.53006694302894 1.93297385866754 1.36543209897354 1.55803307052702 1.08520630490966 1.37762697134167 1.75112956529483 1.28690280136652 1.85515851457603 1.17403794056736 1.31668997975066 1.48181901383214 1.61228335485794 1.71141403052025 1.69420220935717 1.82100155530497 1.58552530431189 1.08058903412893 1.12819132604636 1.93160619982518 1.63920183479786 1.14479528809898 1.24756431020796 0.969830612186342 1.49008630542085 1.13533323747106
1.46021518763155 0 1.25439203763381 1.87494923733175 1.24344719480723 1.63703855569474 1.44966131751426 1.78827272681519 1.04654269781895 0.981423360062763 1.45591788180172 1.89803745551035 1.35924480040558 1.06511150184087 1.49876337777823 0.989447500556707 1.47412854689173 1.94931956194341 1.6684711643029 1.89977463148534 1.84074286650866 1.11618095799349 1.1188879085239 1.61435200669803 1.09728789329529 1.17591644404456 1.8700115706306 1.13171958969906 1.94893669267185 1.19114663498476
1.66937945527025 1.25439203763381 0 1.67424237914383 1.74989717639983 1.63939196872525 1.74615398584865 1.51547041744925 0.991459904238582 1.28884342662059 1.73217885382473 1.66219114372507 1.79079763009213 1.62773627135903 1.69371068431064 0.972742537036538 1.43536506011151 1.94563995185308 1.89413266652264 1.22231706650928 1.60407877643593 1.19806187762879 1.71043817070313 1.88404850009829 1.75761809642427 1.52160635706969 1.90089304023422 1.3185346275568 1.10517671681009 1.04539332445711
1.87093987059779 1.87494923733175 1.67424237914383 0 0.972838966175914 1.58562649786472 1.07700239750557 1.71177002531476 1.41947099543177 1.01593505311757 1.21338616777211 1.06283044908196 1.4413805748336 1.60908000124618 1.02507158671506 0.97061157412827 1.74581736023538 1.05168117419817 1.48755077435635 1.66503508179449 1.84881715057418 1.30260864901356 1.50402643391863 1.16639720648527 1.25823403825052 1.22736036055721 1.81975453626364 1.25568677647971 1.07839901931584 1.5926767331548
1.53006694302894 1.24344719480723 1.74989717639983 0.972838966175914 0 1.31172072491609 1.55140708363615 1.15919903968461 1.65928602544591 1.89561602124013 1.78601993923075 1.76062376401387 1.28932295460254 1.90228757984005 1.64009389863349 1.30546389264055 1.7158543788828 1.29108361527324 1.23151437495835 1.02803354989737 1.51476763072424 1.12801067763939 1.28913895739242 0.983249175129458 1.33606089930981 1.44414754607715 1.3182278953027 1.95168103766628 1.53720852453262 1.29381720838137
1.93297385866754 1.63703855569474 1.63939196872525 1.58562649786472 1.31172072491609 0 1.26381207560189 1.92985942796804 1.75350347696804 1.81527830404229 1.77663624868728 1.80707454727963 1.55532109481283 1.40725835436024 1.61934007843956 1.06365718273446 1.46490469668061 1.94413938000798 1.04893423826434 1.17521810973994 1.3994490315672 1.84203562792391 1.26211429596879 0.996950977481902 1.89275420061313 1.54390916484408 1.16502122627571 1.93843183247373 1.02240342460573 1.38016553386115
1.36543209897354 1.44966131751426 1.74615398584865 1.07700239750557 1.55140708363615 1.26381207560189 0 1.30184632050805 1.63679692405276 1.4484466703143 1.76470539183356 1.27785443118773 1.39902404765598 1.17091592215002 1.10477538662963 1.79253054014407 0.963181024882942 1.86251419619657 1.92122842860408 1.24786810274236 1.51638250378892 1.93662900663912 1.21663603116758 1.3019839967601 1.13816746813245 1.88880968978629 1.13547249068506 1.76686134561896 1.31581552978605 1.29651448153891
1.55803307052702 1.78827272681519 1.51547041744925 1.71177002531476 1.15919903968461 1.92985942796804 1.30184632050805 0 1.95898140710779 1.4574402323924 1.37474177358672 1.65902324579656 1.13141602254473 1.22060257941484 1.81247369246557 1.06510798237287 1.42933912761509 1.60442792228423 1.09581938828342 1.24088350916281 1.95531937223859 1.47755404375494 1.90271036117338 1.48352227848954 1.44030627957545 1.35426817391999 1.47796817636117 1.07309001265094 1.54947033431381 0.961388290626928
1.08520630490966 1.04654269781895 0.991459904238582 1.41947099543177 1.65928602544591 1.75350347696804 1.63679692405276 1.95898140710779 0 1.49976267572492 1.08374555758201 1.1700810699258 1.86483862437308 1.07032548100688 1.44644950376824 1.00096974335611 1.46821264340542 1.36669546808116 1.06760335201398 1.46252295491286 1.75721041648649 1.1199013767764 1.72698537749238 1.01373582938686 1.03070350177586 1.79116022330709 1.00701480149291 1.54515715385787 1.71383107313886 1.00043171783909
1.37762697134167 0.981423360062763 1.28884342662059 1.01593505311757 1.89561602124013 1.81527830404229 1.4484466703143 1.4574402323924 1.49976267572492 0 1.11852375417948 1.34989323397167 1.18283860362135 1.58037947514094 1.52196223987266 1.51932734623551 1.64459540229291 1.6940236329101 1.75756301940419 1.26522343768738 1.1150481631048 1.20340795442462 1.2040268087294 1.53616049466655 1.15226923138835 1.00061396067031 1.36567451013252 1.39020424475893 1.75146980886348 1.20254604285583
1.75112956529483 1.45591788180172 1.73217885382473 1.21338616777211 1.78601993923075 1.77663624868728 1.76470539183356 1.37474177358672 1.08374555758201 1.11852375417948 0 1.04176716948859 1.65022356668487 1.41466459957883 1.00946867419407 1.40705586411059 1.21574705466628 1.45053346618079 1.65167952701449 1.21700672362931 1.22658612392843 1.71694556507282 1.87645382527262 1.14249281096272 1.09625438414514 1.15584968100302 1.80744688911363 1.74799753772095 1.92070312821306 1.73545353719965
1.28690280136652 1.89803745551035 1.66219114372507 1.06283044908196 1.76062376401387 1.80707454727963 1.27785443118773 1.65902324579656 1.1700810699258 1.34989323397167 1.04176716948859 0 1.468270980753 1.37779839197174 1.84035306959413 1.79636292508803 1.75444311019965 1.05005742283538 1.65793061815202 1.8808200256899 1.26093915314414 1.91949567431584 1.73791026417166 1.51425210130401 1.20859260857105 1.79867389076389 1.02609710325487 1.50990077969618 1.83965954720043 1.59720064606518
1.85515851457603 1.35924480040558 1.79079763009213 1.4413805748336 1.28932295460254 1.55532109481283 1.39902404765598 1.13141602254473 1.86483862437308 1.18283860362135 1.65022356668487 1.468270980753 0 1.76996590429917 1.79118995834142 1.92892803880386 1.84827357088216 1.32823136122897 1.06254354352131 1.66300754412077 1.4799376798328 1.32118540932424 1.39100582967512 1.71599239832722 1.3890537917614 1.68792755529284 1.64998562145047 1.75689768767916 1.20302853849716 1.8904863295611
1.17403794056736 1.06511150184087 1.62773627135903 1.60908000124618 1.90228757984005 1.40725835436024 1.17091592215002 1.22060257941484 1.07032548100688 1.58037947514094 1.41466459957883 1.37779839197174 1.76996590429917 0 1.66573032084852 1.0925907464698 1.6938803116791 0.980378332780674 1.29696756182238 1.1910833674483 1.38407238875516 1.07171779428609 1.60670029837638 1.25282363197766 1.09009546297602 1.39171342016198 1.49120067362674 1.56997085083276 1.58523741224781 1.84833739930764
1.31668997975066 1.49876337777823 1.69371068431064 1.02507158671506 1.64009389863349 1.61934007843956 1.10477538662963 1.81247369246557 1.44644950376824 1.52196223987266 1.00946867419407 1.84035306959413 1.79118995834142 1.66573032084852 0 1.29553512111306 1.00837567006238 1.4428597537335 1.43837383831851 1.19969346164726 1.26698772073723 1.61741042509675 1.44689777796157 1.11354589625262 1.01813727407716 1.82025221269578 1.90536822029389 1.65949305426329 1.91003798157908 1.18644255958498
1.48181901383214 0.989447500556707 0.972742537036538 0.97061157412827 1.30546389264055 1.06365718273446 1.79253054014407 1.06510798237287 1.00096974335611 1.51932734623551 1.40705586411059 1.79636292508803 1.92892803880386 1.0925907464698 1.29553512111306 0 1.06064466387033 1.21259563509375 0.9626363015268 1.8987799603492 1.48968540155329 1.15093433042057 1.03760358854197 1.26718026236631 1.32590965530835 1.41150940093212 1.11780585558154 1.09577637352049 1.13016554713249 1.6787112201564
1.61228335485794 1.47412854689173 1.43536506011151 1.74581736023538 1.7158543788828 1.46490469668061 0.963181024882942 1.42933912761509 1.46821264340542 1.64459540229291 1.21574705466628 1.75444311019965 1.84827357088216 1.6938803116791 1.00837567006238 1.06064466387033 0 1.21050951885991 1.19121350697242 1.09681958868168 1.69834009092301 0.973447981756181 1.37016533245333 1.86372253042646 1.11340130260214 1.89646678883582 1.64502448332496 1.27033551735803 1.56900803442113 1.49265725701116
1.71141403052025 1.94931956194341 1.94563995185308 1.05168117419817 1.29108361527324 1.94413938000798 1.86251419619657 1.60442792228423 1.36669546808116 1.6940236329101 1.45053346618079 1.05005742283538 1.32823136122897 0.980378332780674 1.4428597537335 1.21259563509375 1.21050951885991 0 1.75624146615155 1.93637353787199 1.10909878904931 1.52946081757545 1.47380396164954 0.966949049849063 1.84367396589369 1.47791321855038 1.20859838277102 1.12142027472146 1.41000248934142 1.05836876644753
1.69420220935717 1.6684711643029 1.89413266652264 1.48755077435635 1.23151437495835 1.04893423826434 1.92122842860408 1.09581938828342 1.06760335201398 1.75756301940419 1.65167952701449 1.65793061815202 1.06254354352131 1.29696756182238 1.43837383831851 0.9626363015268 1.19121350697242 1.75624146615155 0 1.25992378359661 1.29126822552644 1.3438537332695 1.26292567467317 1.91164320986718 1.58720078738406 1.53708873828873 1.28854627674446 1.35500892205164 1.75969506963156 1.37951871613041
1.82100155530497 1.89977463148534 1.22231706650928 1.66503508179449 1.02803354989737 1.17521810973994 1.24786810274236 1.24088350916281 1.46252295491286 1.26522343768738 1.21700672362931 1.8808200256899 1.66300754412077 1.1910833674483 1.19969346164726 1.8987799603492 1.09681958868168 1.93637353787199 1.25992378359661 0 1.35138368653134 1.00728132901713 1.51964259101078 1.3553542799782 1.76889615622349 1.52981780981645 1.19048430933617 1.11267218110152 1.2291361540556 1.51004924508743
1.58552530431189 1.84074286650866 1.60407877643593 1.84881715057418 1.51476763072424 1.3994490315672 1.51638250378892 1.95531937223859 1.75721041648649 1.1150481631048 1.22658612392843 1.26093915314414 1.4799376798328 1.38407238875516 1.26698772073723 1.48968540155329 1.69834009092301 1.10909878904931 1.29126822552644 1.35138368653134 0 1.47735792398453 1.4211334309075 0.989969331538305 1.69732511579059 1.48455695225857 1.58832930144854 0.96362068131566 1.06274639884941 1.11119875404984
1.08058903412893 1.11618095799349 1.19806187762879 1.30260864901356 1.12801067763939 1.84203562792391 1.93662900663912 1.47755404375494 1.1199013767764 1.20340795442462 1.71694556507282 1.91949567431584 1.32118540932424 1.07171779428609 1.61741042509675 1.15093433042057 0.973447981756181 1.52946081757545 1.3438537332695 1.00728132901713 1.47735792398453 0 1.34312005876563 1.78794704470783 1.90119143459015 1.23359513562173 1.89180862158537 1.34973563882522 1.25481047900394 1.17786883213557
1.12819132604636 1.1188879085239 1.71043817070313 1.50402643391863 1.28913895739242 1.26211429596879 1.21663603116758 1.90271036117338 1.72698537749238 1.2040268087294 1.87645382527262 1.73791026417166 1.39100582967512 1.60670029837638 1.44689777796157 1.03760358854197 1.37016533245333 1.47380396164954 1.26292567467317 1.51964259101078 1.4211334309075 1.34312005876563 0 1.63140811910853 1.90416220715269 1.03070723824203 1.00602585845627 1.61822806647979 1.94066881109029 1.41960680857301
1.93160619982518 1.61435200669803 1.88404850009829 1.16639720648527 0.983249175129458 0.996950977481902 1.3019839967601 1.48352227848954 1.01373582938686 1.53616049466655 1.14249281096272 1.51425210130401 1.71599239832722 1.25282363197766 1.11354589625262 1.26718026236631 1.86372253042646 0.966949049849063 1.91164320986718 1.3553542799782 0.989969331538305 1.78794704470783 1.63140811910853 0 1.27395873679779 1.83017481793649 1.00181609997526 1.5474412930198 1.7871495555155 1.49160891561769
1.63920183479786 1.09728789329529 1.75761809642427 1.25823403825052 1.33606089930981 1.89275420061313 1.13816746813245 1.44030627957545 1.03070350177586 1.15226923138835 1.09625438414514 1.20859260857105 1.3890537917614 1.09009546297602 1.01813727407716 1.32590965530835 1.11340130260214 1.84367396589369 1.58720078738406 1.76889615622349 1.69732511579059 1.90119143459015 1.90416220715269 1.27395873679779 0 1.83092049323022 1.71402942505665 1.51172883389518 1.27872730814852 1.11408467008732
1.14479528809898 1.17591644404456 1.52160635706969 1.22736036055721 1.44414754607715 1.54390916484408 1.88880968978629 1.35426817391999 1.79116022330709 1.00061396067031 1.15584968100302 1.79867389076389 1.68792755529284 1.39171342016198 1.82025221269578 1.41150940093212 1.89646678883582 1.47791321855038 1.53708873828873 1.52981780981645 1.48455695225857 1.23359513562173 1.03070723824203 1.83017481793649 1.83092049323022 0 1.86658570030704 1.80933529301547 1.94549119332805 1.47503655985929
1.24756431020796 1.8700115706306 1.90089304023422 1.81975453626364 1.3182278953027 1.16502122627571 1.13547249068506 1.47796817636117 1.00701480149291 1.36567451013252 1.80744688911363 1.02609710325487 1.64998562145047 1.49120067362674 1.90536822029389 1.11780585558154 1.64502448332496 1.20859838277102 1.28854627674446 1.19048430933617 1.58832930144854 1.89180862158537 1.00602585845627 1.00181609997526 1.71402942505665 1.86658570030704 0 1.20295799314044 1.8875704461243 1.82982421130873
0.969830612186342 1.13171958969906 1.3185346275568 1.25568677647971 1.95168103766628 1.93843183247373 1.76686134561896 1.07309001265094 1.54515715385787 1.39020424475893 1.74799753772095 1.50990077969618 1.75689768767916 1.56997085083276 1.65949305426329 1.09577637352049 1.27033551735803 1.12142027472146 1.35500892205164 1.11267218110152 0.96362068131566 1.34973563882522 1.61822806647979 1.5474412930198 1.51172883389518 1.80933529301547 1.20295799314044 0 1.08432752918452 1.20167777943425
1.49008630542085 1.94893669267185 1.10517671681009 1.07839901931584 1.53720852453262 1.02240342460573 1.31581552978605 1.54947033431381 1.71383107313886 1.75146980886348 1.92070312821306 1.83965954720043 1.20302853849716 1.58523741224781 1.91003798157908 1.13016554713249 1.56900803442113 1.41000248934142 1.75969506963156 1.2291361540556 1.06274639884941 1.25481047900394 1.94066881109029 1.7871495555155 1.27872730814852 1.94549119332805 1.8875704461243 1.08432752918452 0 1.68120133830234
1.13533323747106 1.19114663498476 1.04539332445711 1.5926767331548 1.29381720838137 1.38016553386115 1.29651448153891 0.961388290626928 1.00043171783909 1.20254604285583 1.73545353719965 1.59720064606518 1.8904863295611 1.84833739930764 1.18644255958498 1.6787112201564 1.49265725701116 1.05836876644753 1.37951871613041 1.51004924508743 1.11119875404984 1.17786883213557 1.41960680857301 1.49160891561769 1.11408467008732 1.47503655985929 1.82982421130873 1.20167777943425 1.68120133830234 0
