0 1.19257892016321 1.12134145037271 1.15371997142211 1.28007533005439 1.0167466183193 1.26184612466022 1.67146409372799 1.27807985432446 1.85812860331498 1.36375822173432 1.1888643745333 1.20724762231112 1.23412006627768 1.25926556647755 1.81850956543349 0.97079699090682 1.3927085401956 1.68166550318711 1.32034047343768 1.54501415207051 0.992162560112774 1.85565353068523 1.5225281198509 1.45823420630768 1.17084291228093 1.23884784127586 1.03594451094978 1.1599356518127 1.88962713186629
1.19257892016321 0 1.46205552527681 1.26065004710108 1.63496179971844 1.46341339778155 1.51545275142416 1.4956323269289 1.60361887374893 1.50979710393585 1.29275379725732 1.70246089575812 1.80424870573916 1.01844912674278 1.59135866444558 1.4659253496211 1.6413896610029 1.30632256297395 1.29708102112636 1.71822682674974 1.67898168694228 1.93842347688042 1.76312056765892 1.35848134406842 1.43301051761955 1.88792181294411 1.47379103233106 1.89961151918396 1.78433307842351 1.78244925010949
1.12134145037271 1.46205552527681 0 1.43892644601874 1.59965865616687 1.78968987520784 1.40765019692481 1.54088772158138 1.33215750427917 1.18129376019351 1.60667774965987 1.3404242140241 1.36040323297493 1.83516526361927 1.18904037470929 1.41470566159114 1.70342763513327 0.983206645119935 0.986253131879494 1.90260933758691 1.71816705260426 1.20247004390694 1.59819171321578 1.61221323092468 1.62194424495101 1.05992192076519 0.988871356239542 1.54342886153609 1.44305122806691 1.20534776709974
1.15371997142211 1.26065004710108 1.43892644601874 0 1.90365106402896 1.26743328012526 1.88081063888967 1.44991624495015 1.37382205645554 1.70182543830015 1.73601412121207 1.1956765523646 1.77176753920503 0.964857118437067 1.68247677898034 1.23237506207079 1.36389537062496 1.30192837095819 1.46915859403089 1.39614603994414 1.87996838800609 1.28354849712923 1.42660473869182 1.40003634896129 1.909385581268 1.86523487535305 1.39636975107715 1.32469527213834 1.36008187849075 1.87785332323983
1.28007533005439 1.63496179971844 1.59965865616687 1.90365106402896 0 1.7664201350417 1.13375389692374 1.37567837396637 1.33671063510701 1.73731402843259 1.50623183324933 1.74535046564415 1.81386309559457 1.32622303580865 1.06005483493209 1.58774812030606 1.21354548935778 1.46438328479417 1.72088297270238 1.05848445859738 1.86077256710269 1.03392456658185 1.54563925764523 1.69069457240403 1.84393029264174 1.19197585666552 1.83741773967631 1.8774672690779 1.73813925567083 1.83844020054676
1.0167466183193 1.46341339778155 1.78968987520784 1.26743328012526 1.7664201350417 0 0.990930340252817 1.84985647723079 1.71059895888902 1.75430210214108 0.994982255157083 1.82713071769103 1.07551418291405 1.64754669251852 1.22636413038708 1.45568930683658 0.965384175302461 1.58465742436238 1.60359520767815 1.37960711168125 1.14207060239278 1.48677117191255 1.00680383224972 1.34038844774477 1.8594091469422 1.89751644642092 1.02655562898144 1.28774108411744 1.27219495549798 1.38343627005816
1.26184612466022 1.51545275142416 1.40765019692481 1.88081063888967 1.13375389692374 0.990930340252817 0 1.68916000425816 1.6761747924611 0.960791333578527 1.29348485497758 1.23138313554227 0.963993791025132 0.975878125755116 1.63165467325598 1.58408000669442 1.95631451555528 1.77538810181431 1.40086457668804 1.53743976308033 1.6317937427666 1.75523223774508 1.45888332859613 1.42373581673019 1.38101251935586 1.89511716575362 1.95648863259703 1.63663774030283 1.08175175404176 1.27498258231208
1.67146409372799 1.4956323269289 1.54088772158138 1.44991624495015 1.37567837396637 1.84985647723079 1.68916000425816 0 1.15879315533675 1.2507154091727 1.35546114551835 1.90619506547228 1.44160717003979 1.7561845749151 1.57000264362432 1.54082482773811 1.39491869090125 1.713806520449 1.03428007941693 1.27621215302497 1.43613605503924 1.00437673088163 1.79477802151814 1.28770147939213 1.22904267488047 1.16573291667737 1.63151316321455 1.66936838673428 1.56143102888018 1.26119116647169
1.27807985432446 1.60361887374893 1.33215750427917 1.37382205645554 1.33671063510701 1.71059895888902 1.6761747924611 1.15879315533675 0 1.48971216776408 0.997707138070837 1.73505133902654 1.32934247865342 1.87182743567973 1.53673154255375 1.36424955655821 1.09426385327242 1.46723801689222 1.86416415940039 1.71513156755827 1.79290373367257 1.58308357116766 1.91268668440171 1.27578462916426 1.7540449842345 1.0649449643679 1.19803085830063 1.38555697770789 1.4857469224371 1.50513075152412
1.85812860331498 1.50979710393585 1.18129376019351 1.70182543830015 1.73731402843259 1.75430210214108 0.960791333578527 1.2507154091727 1.48971216776408 0 1.57716276613064 1.43835190380923 1.12804888212122 1.27862822217867 1.63824748503976 1.70438372995704 1.05244551599026 1.60410675173625 1.5208775808569 1.68473658617586 1.59950730018318 1.71134938229807 1.59211345599033 1.8732851378154 1.60386733477935 1.83647643378936 1.69993069791235 1.61649808846414 1.51987910573371 1.7353432206437
1.36375822173432 1.29275379725732 1.60667774965987 1.73601412121207 1.50623183324933 0.994982255157083 1.29348485497758 1.35546114551835 0.997707138070837 1.57716276613064 0 1.74639732437208 0.964685406303033 1.11039003054611 1.57281799055636 1.48877001507208 1.4916782497894 1.73853151360527 1.08872986328788 1.2237722624559 1.78258562716655 1.17561703408137 1.64632099727169 1.95907883765176 1.24238036759198 1.38053217274137 1.72539657796733 1.53740623639897 1.72055457672104 1.14162655430846
1.1888643745333 1.70246089575812 1.3404242140241 1.1956765523646 1.74535046564415 1.82713071769103 1.23138313554227 1.90619506547228 1.73505133902654 1.43835190380923 1.74639732437208 0 1.71190792159177 1.80493710376322 1.81320580048487 1.8813556029927 1.6699167501647 1.68274485901929 1.2299304024782 1.773513258202 1.66389399301261 1.7358271854464 1.41851608804427 1.19429953186773 0.971388054778799 1.16092297667637 1.95222644484602 1.15716848522425 1.29863318731077 1.18114916235209
1.20724762231112 1.80424870573916 1.36040323297493 1.77176753920503 1.81386309559457 1.07551418291405 0.963993791025132 1.44160717003979 1.32934247865342 1.12804888212122 0.964685406303033 1.71190792159177 0 1.5257476742845 1.71983028645627 1.84771490213461 1.61173719563521 1.41372793656774 1.22750876354985 1.40844527073205 1.36128748185001 1.70757716847584 1.56014537671581 1.90549438050948 1.84576728055254 1.08910181513056 1.42098983307369 1.76298628537916 0.968885397305712 1.35643348493613
1.23412006627768 1.01844912674278 1.83516526361927 0.964857118437067 1.32622303580865 1.64754669251852 0.975878125755116 1.7561845749151 1.87182743567973 1.27862822217867 1.11039003054611 1.80493710376322 1.5257476742845 0 1.05012498190627 1.50804336252622 1.16800601663999 1.15545468777418 1.83855667104945 1.8686942497734 1.2542254300788 1.55100516765378 1.29201106377877 1.44084775750525 1.75283376011066 1.38298843964003 1.67298313300125 1.07658526138403 1.59006778919138 1.50132245663553
1.25926556647755 1.59135866444558 1.18904037470929 1.68247677898034 1.06005483493209 1.22636413038708 1.63165467325598 1.57000264362432 1.53673154255375 1.63824748503976 1.57281799055636 1.81320580048487 1.71983028645627 1.05012498190627 0 1.45339217735454 1.830350846285 1.31651882012375 1.65296499920078 1.82808550796472 1.33093093405478 0.963035971159115 1.1953007846605 1.20678205904551 1.71656322828494 1.28940866212361 1.85127593996003 1.05418648058549 1.05593667947687 1.07662408985198
1.81850956543349 1.4659253496211 1.41470566159114 1.23237506207079 1.58774812030606 1.45568930683658 1.58408000669442 1.54082482773811 1.36424955655821 1.70438372995704 1.48877001507208 1.8813556029927 1.84771490213461 1.50804336252622 1.45339217735454 0 0.964275300968438 1.2337497966364 1.72555045853369 1.44634469412267 1.59608591930009 1.74848158541135 1.18062171060592 1.01786592253484 1.15413027256727 1.14542159647681 1.39047682983801 1.35724165663123 1.48703060019761 1.24672618019395
0.97079699090682 1.6413896610029 1.70342763513327 1.36389537062496 1.21354548935778 0.965384175302461 1.95631451555528 1.39491869090125 1.09426385327242 1.05244551599026 1.4916782497894 1.6699167501647 1.61173719563521 1.16800601663999 1.830350846285 0.964275300968438 0 1.37899406347424 1.59817431820557 1.93282640003599 1.80673546530306 1.48741691815667 1.95525372773409 1.27935079438612 1.13404621602967 1.82399289077148 1.70075949770398 1.88955264282413 1.67291570780799 1.35148232313804
1.3927085401956 1.30632256297395 0.983206645119935 1.30192837095819 1.46438328479417 1.58465742436238 1.77538810181431 1.713806520449 1.46723801689222 1.60410675173625 1.73853151360527 1.68274485901929 1.41372793656774 1.15545468777418 1.31651882012375 1.2337497966364 1.37899406347424 0 0.981509142788127 1.16587148909457 1.62388019845821 1.32280565798283 1.79537076712586 1.47283125435933 1.40410867496394 1.22960276529193 1.24169890559278 1.28100151359104 1.12270332453772 0.993129143957049
1.68166550318711 1.29708102112636 0.986253131879494 1.46915859403089 1.72088297270238 1.60359520767815 1.40086457668804 1.03428007941693 1.86416415940039 1.5208775808569 1.08872986328788 1.2299304024782 1.22750876354985 1.83855667104945 1.65296499920078 1.72555045853369 1.59817431820557 0.981509142788127 0 1.40022136596963 1.56131868180819 1.50849938392639 1.61301561701111 0.970887765986845 1.82482192292809 1.33408894296736 1.27465279470198 1.15441817347892 1.18326939851977 0.966095597017556
1.32034047343768 1.71822682674974 1.90260933758691 1.39614603994414 1.05848445859738 1.37960711168125 1.53743976308033 1.27621215302497 1.71513156755827 1.68473658617586 1.2237722624559 1.773513258202 1.40844527073205 1.8686942497734 1.82808550796472 1.44634469412267 1.93282640003599 1.16587148909457 1.40022136596963 0 1.35016347072087 1.4550410809461 1.18322660401464 1.55806584586389 1.71520632621832 1.90201668301597 1.20774451945908 1.68854969157837 1.42517823842354 1.38850340875797
1.54501415207051 1.67898168694228 1.71816705260426 1.87996838800609 1.86077256710269 1.14207060239278 1.6317937427666 1.43613605503924 1.79290373367257 1.59950730018318 1.78258562716655 1.66389399301261 1.36128748185001 1.2542254300788 1.33093093405478 1.59608591930009 1.80673546530306 1.62388019845821 1.56131868180819 1.35016347072087 0 1.23848918965086 0.995807406492531 1.55026033334434 1.01497749565169 1.75535251945257 1.31279643834569 1.78952536126599 0.975927079562098 1.10963715217076
0.992162560112774 1.93842347688042 1.20247004390694 1.28354849712923 1.03392456658185 1.48677117191255 1.75523223774508 1.00437673088163 1.58308357116766 1.71134938229807 1.17561703408137 1.7358271854464 1.70757716847584 1.55100516765378 0.963035971159115 1.74848158541135 1.48741691815667 1.32280565798283 1.50849938392639 1.4550410809461 1.23848918965086 0 1.26655682991259 1.39308975730091 1.28892209660262 1.57676388905384 1.2957121769432 1.79367197817191 1.1654700723011 1.74316967651248
1.85565353068523 1.76312056765892 1.59819171321578 1.42660473869182 1.54563925764523 1.00680383224972 1.45888332859613 1.79477802151814 1.91268668440171 1.59211345599033 1.64632099727169 1.41851608804427 1.56014537671581 1.29201106377877 1.1953007846605 1.18062171060592 1.95525372773409 1.79537076712586 1.61301561701111 1.18322660401464 0.995807406492531 1.26655682991259 0 1.70139788486995 1.22164459642954 1.1844694360625 1.2147532934323 1.07214589696378 1.01629068772309 1.37725877808407
1.5225281198509 1.35848134406842 1.61221323092468 1.40003634896129 1.69069457240403 1.34038844774477 1.42373581673019 1.28770147939213 1.27578462916426 1.8732851378154 1.95907883765176 1.19429953186773 1.90549438050948 1.44084775750525 1.20678205904551 1.01786592253484 1.27935079438612 1.47283125435933 0.970887765986845 1.55806584586389 1.55026033334434 1.39308975730091 1.70139788486995 0 1.32820464577526 1.60715857963078 1.51998896943405 1.4402325975243 1.15612605540082 1.75946222804487
1.45823420630768 1.43301051761955 1.62194424495101 1.909385581268 1.84393029264174 1.8594091469422 1.38101251935586 1.22904267488047 1.7540449842345 1.60386733477935 1.24238036759198 0.971388054778799 1.84576728055254 1.75283376011066 1.71656322828494 1.15413027256727 1.13404621602967 1.40410867496394 1.82482192292809 1.71520632621832 1.01497749565169 1.28892209660262 1.22164459642954 1.32820464577526 0 1.18418820924126 1.93499673786573 1.21591464732774 1.71069496241398 1.7355881955009
1.17084291228093 1.88792181294411 1.05992192076519 1.86523487535305 1.19197585666552 1.89751644642092 1.89511716575362 1.16573291667737 1.0649449643679 1.83647643378936 1.38053217274137 1.16092297667637 1.08910181513056 1.38298843964003 1.28940866212361 1.14542159647681 1.82399289077148 1.22960276529193 1.33408894296736 1.90201668301597 1.75535251945257 1.57676388905384 1.1844694360625 1.60715857963078 1.18418820924126 0 1.37170437746681 1.08003780525178 1.79543625726365 1.29981157532893
1.23884784127586 1.47379103233106 0.988871356239542 1.39636975107715 1.83741773967631 1.02655562898144 1.95648863259703 1.63151316321455 1.19803085830063 1.69993069791235 1.72539657796733 1.95222644484602 1.42098983307369 1.67298313300125 1.85127593996003 1.39047682983801 1.70075949770398 1.24169890559278 1.27465279470198 1.20774451945908 1.31279643834569 1.2957121769432 1.2147532934323 1.51998896943405 1.93499673786573 1.37170437746681 0 1.7390324214939 1.8784062799532 1.90981289837509
1.03594451094978 1.89961151918396 1.54342886153609 1.32469527213834 1.8774672690779 1.28774108411744 1.63663774030283 1.66936838673428 1.38555697770789 1.61649808846414 1.53740623639897 1.15716848522425 1.76298628537916 1.07658526138403 1.05418648058549 1.35724165663123 1.88955264282413 1.28100151359104 1.15441817347892 1.68854969157837 1.78952536126599 1.79367197817191 1.07214589696378 1.4402325975243 1.21591464732774 1.08003780525178 1.7390324214939 0 1.91682406095788 1.70512182777748
1.1599356518127 1.78433307842351 1.44305122806691 1.36008187849075 1.73813925567083 1.27219495549798 1.08175175404176 1.56143102888018 1.4857469224371 1.51987910573371 1.72055457672104 1.29863318731077 0.968885397305712 1.59006778919138 1.05593667947687 1.48703060019761 1.67291570780799 1.12270332453772 1.18326939851977 1.42517823842354 0.975927079562098 1.1654700723011 1.01629068772309 1.15612605540082 1.71069496241398 1.79543625726365 1.8784062799532 1.91682406095788 0 1.95153450127691
1.88962713186629 1.78244925010949 1.20534776709974 1.87785332323983 1.83844020054676 1.38343627005816 1.27498258231208 1.26119116647169 1.50513075152412 1.7353432206437 1.14162655430846 1.18114916235209 1.35643348493613 1.50132245663553 1.07662408985198 1.24672618019395 1.35148232313804 0.993129143957049 0.966095597017556 1.38850340875797 1.10963715217076 1.74316967651248 1.37725877808407 1.75946222804487 1.7355881955009 1.29981157532893 1.90981289837509 1.70512182777748 1.95153450127691 0
