0 1.09873955906369 1.11060656327754 1.74876105808653 1.16585267381743 1.62513297703117 1.0177736512851 1.23811443476006 1.85050306492485 1.49556217133068 1.78053301596083 1.83391211088747 1.86635523638688 1.4233954178635 1.58486038143747 0.934967377688736 1.7779164260719 1.00367923127487 1.68452750938013 1.2565472915303 1.40926059824415 1.73997387569398 1.32016993267462 1.76074910722673 1.66963499807753 1.39257494267076 1.21138637186959 1.66046060528606 1.69918518397026 1.52349831024185
1.09873955906369 0 1.55136746750213 1.5771436044015 1.34552506241016 1.06830256176181 1.73751280806027 1.38029479957186 1.16780090657994 1.72521226736717 1.24203963764012 1.50352986087091 1.72943100635894 1.45946342172101 1.70845242263749 1.8446903238073 1.17259555635974 1.57738112192601 1.70998313464224 1.56028819084167 1.05229874351062 1.75846890779212 0.983003668021411 1.30294523225166 1.65462847845629 1.12360917031765 1.19955063378438 1.69451010692865 1.83430374762975 1.24320136173628
1.11060656327754 1.55136746750213 0 1.3098757234402 1.56516129290685 0.982738125603646 1.51835237839259 1.06448842980899 1.1959326909855 1.27104194415733 1.29671184672043 1.16513996757567 1.49283611564897 1.60866939276457 1.33053413289599 1.13561009988189 1.78321009827778 1.61078401934355 0.984694883227348 1.84844343666919 1.04500407609157 0.994356871582568 1.34852358978242 1.84507332579233 1.03277675574645 1.16306274221279 1.28002500999719 1.34827973973006 1.23846669215709 1.62023537023924
1.74876105808653 1.5771436044015 1.3098757234402 0 1.23171322094277 1.55141336098313 1.10032343445346 1.3581287402194 0.943879132391885 1.60775560187176 1.45938028115779 1.03596108662896 1.83777018962428 1.6546834660694 1.17097014677711 1.00506475404836 1.11091949278489 1.47066384158097 1.61651544948108 1.05764149874449 1.67993545718491 1.4776390560437 1.16822626511566 1.56899754470214 1.12926981714554 1.45215410552919 1.68796612531878 1.71100984350778 1.13494100305252 1.12329759378918
1.16585267381743 1.34552506241016 1.56516129290685 1.23171322094277 0 1.02175187272951 1.91211083368398 1.5562982049305 1.11506698676385 1.11649412056431 1.47163051832467 1.11259337537922 1.26721353153698 1.66236909781583 1.41454795212485 1.36311294673942 1.72015658090822 1.50216185301542 1.48881481471471 1.49427716992795 1.18076514918357 1.82807765249163 1.47545539797284 1.83510879660025 1.41707525704987 0.922348177758977 1.52746458631009 1.22063917526975 1.8353967636358 1.45164928585291
1.62513297703117 1.06830256176181 0.982738125603646 1.55141336098313 1.02175187272951 0 1.86244619009085 1.77464172174223 1.87068504351191 1.09573617530987 1.39082563458942 0.991539139067754 1.6916452946607 1.61195049993694 1.13810301409103 1.57458909763955 1.68925918568857 1.01470451755449 1.91388986655511 1.73246942926198 1.9095663416665 0.967566045932472 1.31793022179045 1.63396318163723 1.72490612696856 0.960395881673321 1.38762877159752 1.16276210010983 1.37703037960455 1.17913628253154
1.0177736512851 1.73751280806027 1.51835237839259 1.10032343445346 1.91211083368398 1.86244619009085 0 1.17885320773348 0.997241288656369 1.8255120839458 1.42411926132627 1.56113443430513 1.06862233346328 1.87338635581546 1.61377244489267 1.72574551566504 1.56558751268312 1.09008297906257 1.37659757165238 1.78098284150474 1.81769586773589 1.82014043303207 1.79255612986162 1.52515400224365 0.946808430366218 1.39834349439479 1.16047010803595 0.931335924891755 1.12397722550668 1.58703459054232
1.23811443476006 1.38029479957186 1.06448842980899 1.3581287402194 1.5562982049305 1.77464172174223 1.17885320773348 0 1.04183668317273 1.43404200137593 1.5706840113271 1.7603974181693 1.28683930146508 1.89837929257192 1.66094098938629 1.43179422873072 1.86201630323194 0.962552553042769 1.39658616227098 1.81827993714251 0.983165312092751 1.51697048800997 1.62492607277818 1.14339589723386 1.57925373502076 1.76197270932607 1.71055039553903 1.3965015260037 1.77289972756989 1.38174490910023
1.85050306492485 1.16780090657994 1.1959326909855 0.943879132391885 1.11506698676385 1.87068504351191 0.997241288656369 1.04183668317273 0 1.40627523465082 1.8086587053258 1.5759202116169 1.61886424547993 1.48221533349715 1.51971956458874 1.89743873197585 1.59044670662843 1.51595952361822 1.34844270348549 0.998376797419041 1.51891574286856 1.20717276353389 1.72329291701317 1.00423021405004 1.37071910779923 1.74383598100394 1.27402300061658 1.485941412393 1.19715716596693 1.0177567943465
1.49556217133068 1.72521226736717 1.27104194415733 1.60775560187176 1.11649412056431 1.09573617530987 1.8255120839458 1.43404200137593 1.40627523465082 0 1.20820989389904 0.98462395160459 1.66474749636836 1.32776170410216 1.06392998481169 1.07212722767144 1.68579581798986 1.40571490419097 1.53063357411884 1.46434503654018 1.2698028224986 1.24135443358682 1.44147623958997 1.60741844028234 1.70453192968853 1.35691318009049 0.996687484672293 1.22369901277125 1.65337283606641 1.24331725784577
1.78053301596083 1.24203963764012 1.29671184672043 1.45938028115779 1.47163051832467 1.39082563458942 1.42411926132627 1.5706840113271 1.8086587053258 1.20820989389904 0 1.21951596904546 1.07307693408802 1.68846254632808 1.04265109403059 1.28084068791941 1.82469109771773 1.67459478834644 1.15415108343586 1.5811963560991 0.960338340140879 1.59560960321687 1.67521503707394 1.04740255279467 1.03803787636571 1.75545133603737 1.28296656534076 1.40325201558881 1.57311709108762 1.45380950858817
1.83391211088747 1.50352986087091 1.16513996757567 1.03596108662896 1.11259337537922 0.991539139067754 1.56113443430513 1.7603974181693 1.5759202116169 0.98462395160459 1.21951596904546 0 1.66616422194056 1.53752020257525 1.19348231283948 1.5601370211225 1.48739476804622 1.83271474647336 1.34481686446816 1.56342370761558 1.36681380635127 1.12680257856846 1.08885749732144 1.77313076215796 0.950081399641931 1.43641702551395 1.73370224190876 1.36641352274455 1.07581758103333 1.13850663136691
1.86635523638688 1.72943100635894 1.49283611564897 1.83777018962428 1.26721353153698 1.6916452946607 1.06862233346328 1.28683930146508 1.61886424547993 1.66474749636836 1.07307693408802 1.66616422194056 0 1.85414253291674 1.82018468948081 1.87295094737783 1.87205488025211 1.64765851967968 1.41678407718427 1.26167186279781 1.42695624381304 1.62908639619127 1.65642860624939 1.59722829097882 1.29770732438192 1.59343041409738 1.25406261207536 1.37470404547639 1.54101216839626 1.68629360059276
1.4233954178635 1.45946342172101 1.60866939276457 1.6546834660694 1.66236909781583 1.61195049993694 1.87338635581546 1.89837929257192 1.48221533349715 1.32776170410216 1.68846254632808 1.53752020257525 1.85414253291674 0 1.44309362303466 1.4901179051958 1.05017582047731 1.64823069190606 1.30006748298183 1.422582115978 1.66971934796311 0.923719507874921 1.64446893148124 1.0058784710709 1.71061041159555 1.76364931790158 1.91962788254023 1.13808000064455 0.948552808025852 1.63906467380002
1.58486038143747 1.70845242263749 1.33053413289599 1.17097014677711 1.41454795212485 1.13810301409103 1.61377244489267 1.66094098938629 1.51971956458874 1.06392998481169 1.04265109403059 1.19348231283948 1.82018468948081 1.44309362303466 0 1.34120145370252 1.87727823411115 1.24235984124243 0.937726582400501 1.76227034418844 1.74176090676337 1.44854645733722 1.08111909916624 1.0750703678932 1.05075805447996 1.18673250242136 1.09303639829159 1.74817495886236 1.55784520087764 1.5190660355147
0.934967377688736 1.8446903238073 1.13561009988189 1.00506475404836 1.36311294673942 1.57458909763955 1.72574551566504 1.43179422873072 1.89743873197585 1.07212722767144 1.28084068791941 1.5601370211225 1.87295094737783 1.4901179051958 1.34120145370252 0 1.2575057274662 1.00289105344564 1.91844695154577 1.84929735097103 1.15248246234842 1.80560012743808 1.62240503937937 1.46302292007022 1.84109720773995 1.6416350719519 1.43624388682656 1.85685524367727 1.66889658896253 1.51753312349319
1.7779164260719 1.17259555635974 1.78321009827778 1.11091949278489 1.72015658090822 1.68925918568857 1.56558751268312 1.86201630323194 1.59044670662843 1.68579581798986 1.82469109771773 1.48739476804622 1.87205488025211 1.05017582047731 1.87727823411115 1.2575057274662 0 1.02323375828564 1.57010492216796 1.0023327760864 1.82503754203208 1.1237991459202 1.85008387709968 1.3282947987318 1.47321654018015 1.68989134812728 0.948451252188534 1.55188051448204 1.20910784392618 1.89172931830399
1.00367923127487 1.57738112192601 1.61078401934355 1.47066384158097 1.50216185301542 1.01470451755449 1.09008297906257 0.962552553042769 1.51595952361822 1.40571490419097 1.67459478834644 1.83271474647336 1.64765851967968 1.64823069190606 1.24235984124243 1.00289105344564 1.02323375828564 0 1.26703387801535 1.58480281569064 1.04034812562168 0.982237956952304 1.12143733189441 1.23945314832963 1.39009432611056 1.29189141700044 1.75094134081155 1.39423717232421 1.50680809072219 1.58365080249496
1.68452750938013 1.70998313464224 0.984694883227348 1.61651544948108 1.48881481471471 1.91388986655511 1.37659757165238 1.39658616227098 1.34844270348549 1.53063357411884 1.15415108343586 1.34481686446816 1.41678407718427 1.30006748298183 0.937726582400501 1.91844695154577 1.57010492216796 1.26703387801535 0 1.64125792519189 1.65668437466957 0.946323820622638 1.59718013904057 1.11715379380621 1.56086586555466 1.62447821791284 1.33234398229979 1.33102088631131 0.988108163233846 1.62886523990892
1.2565472915303 1.56028819084167 1.84844343666919 1.05764149874449 1.49427716992795 1.73246942926198 1.78098284150474 1.81827993714251 0.998376797419041 1.46434503654018 1.5811963560991 1.56342370761558 1.26167186279781 1.422582115978 1.76227034418844 1.84929735097103 1.0023327760864 1.58480281569064 1.64125792519189 0 1.7744409928564 1.05523138050921 1.13432574272156 1.22907941718586 1.64570653880946 1.37829403812066 1.91254310496151 1.80432608444244 0.945736444788054 0.962647371692583
1.40926059824415 1.05229874351062 1.04500407609157 1.67993545718491 1.18076514918357 1.9095663416665 1.81769586773589 0.983165312092751 1.51891574286856 1.2698028224986 0.960338340140879 1.36681380635127 1.42695624381304 1.66971934796311 1.74176090676337 1.15248246234842 1.82503754203208 1.04034812562168 1.65668437466957 1.7744409928564 0 1.73050986696035 1.43321134406142 1.27127505559474 1.29421514039859 1.50817004404962 1.80431437888183 1.79589323862456 1.694284445839 1.55402406840585
1.73997387569398 1.75846890779212 0.994356871582568 1.4776390560437 1.82807765249163 0.967566045932472 1.82014043303207 1.51697048800997 1.20717276353389 1.24135443358682 1.59560960321687 1.12680257856846 1.62908639619127 0.923719507874921 1.44854645733722 1.80560012743808 1.1237991459202 0.982237956952304 0.946323820622638 1.05523138050921 1.73050986696035 0 1.40877898479812 1.51943603134714 1.52499706041999 1.8804500894621 1.68223388446495 1.62687980756164 1.54521614825353 1.09933589957654
1.32016993267462 0.983003668021411 1.34852358978242 1.16822626511566 1.47545539797284 1.31793022179045 1.79255612986162 1.62492607277818 1.72329291701317 1.44147623958997 1.67521503707394 1.08885749732144 1.65642860624939 1.64446893148124 1.08111909916624 1.62240503937937 1.85008387709968 1.12143733189441 1.59718013904057 1.13432574272156 1.43321134406142 1.40877898479812 0 1.04357354319654 1.47166977683082 1.33007670589723 1.16822025296278 1.57359154848382 1.29635499441065 1.25638350332156
1.76074910722673 1.30294523225166 1.84507332579233 1.56899754470214 1.83510879660025 1.63396318163723 1.52515400224365 1.14339589723386 1.00423021405004 1.60741844028234 1.04740255279467 1.77313076215796 1.59722829097882 1.0058784710709 1.0750703678932 1.46302292007022 1.3282947987318 1.23945314832963 1.11715379380621 1.22907941718586 1.27127505559474 1.51943603134714 1.04357354319654 0 1.84931540535763 1.03876871732064 1.02375823259354 1.32945981784724 1.68672947608866 0.963202494895086
1.66963499807753 1.65462847845629 1.03277675574645 1.12926981714554 1.41707525704987 1.72490612696856 0.946808430366218 1.57925373502076 1.37071910779923 1.70453192968853 1.03803787636571 0.950081399641931 1.29770732438192 1.71061041159555 1.05075805447996 1.84109720773995 1.47321654018015 1.39009432611056 1.56086586555466 1.64570653880946 1.29421514039859 1.52499706041999 1.47166977683082 1.84931540535763 0 0.947804516879842 0.959147199755535 1.45580307580531 1.23011894710362 1.30689897737466
1.39257494267076 1.12360917031765 1.16306274221279 1.45215410552919 0.922348177758977 0.960395881673321 1.39834349439479 1.76197270932607 1.74383598100394 1.35691318009049 1.75545133603737 1.43641702551395 1.59343041409738 1.76364931790158 1.18673250242136 1.6416350719519 1.68989134812728 1.29189141700044 1.62447821791284 1.37829403812066 1.50817004404962 1.8804500894621 1.33007670589723 1.03876871732064 0.947804516879842 0 0.989514520391822 1.59030333464034 0.978612683014944 1.6235298437532
1.21138637186959 1.19955063378438 1.28002500999719 1.68796612531878 1.52746458631009 1.38762877159752 1.16047010803595 1.71055039553903 1.27402300061658 0.996687484672293 1.28296656534076 1.73370224190876 1.25406261207536 1.91962788254023 1.09303639829159 1.43624388682656 0.948451252188534 1.75094134081155 1.33234398229979 1.91254310496151 1.80431437888183 1.68223388446495 1.16822025296278 1.02375823259354 0.959147199755535 0.989514520391822 0 1.22073542047292 1.8084691374097 1.87849011947401
1.66046060528606 1.69451010692865 1.34827973973006 1.71100984350778 1.22063917526975 1.16276210010983 0.931335924891755 1.3965015260037 1.485941412393 1.22369901277125 1.40325201558881 1.36641352274455 1.37470404547639 1.13808000064455 1.74817495886236 1.85685524367727 1.55188051448204 1.39423717232421 1.33102088631131 1.80432608444244 1.79589323862456 1.62687980756164 1.57359154848382 1.32945981784724 1.45580307580531 1.59030333464034 1.22073542047292 0 1.87764969328418 1.51987283863127
1.69918518397026 1.83430374762975 1.23846669215709 1.13494100305252 1.8353967636358 1.37703037960455 1.12397722550668 1.77289972756989 1.19715716596693 1.65337283606641 1.57311709108762 1.07581758103333 1.54101216839626 0.948552808025852 1.55784520087764 1.66889658896253 1.20910784392618 1.50680809072219 0.988108163233846 0.945736444788054 1.694284445839 1.54521614825353 1.29635499441065 1.68672947608866 1.23011894710362 0.978612683014944 1.8084691374097 1.87764969328418 0 0.99355457117781
1.52349831024185 1.24320136173628 1.62023537023924 1.12329759378918 1.45164928585291 1.17913628253154 1.58703459054232 1.38174490910023 1.0177567943465 1.24331725784577 1.45380950858817 1.13850663136691 1.68629360059276 1.63906467380002 1.5190660355147 1.51753312349319 1.89172931830399 1.58365080249496 1.62886523990892 0.962647371692583 1.55402406840585 1.09933589957654 1.25638350332156 0.963202494895086 1.30689897737466 1.6235298437532 1.87849011947401 1.51987283863127 0.99355457117781 0
