0 1.37259736680426 1.88599558966234 1.79856789461337 1.86064187157899 1.59164621401578 1.14543507271446 1.73118280526251 1.09542440599762 1.21143678762019 0.95757774473168 1.25605320325121 1.539050741354 1.31428258866072 1.20986096165143 1.37810825463384 1.92229259316809 1.0055346461013 1.38859668793157 1.88948505884036 1.47532560606487 1.46075788652524 1.63369598356076 1.59832882578485 1.67789246793836 1.58410374284722 1.51696316734888 1.91994910407811 0.952490967698395 1.28685264871456
1.37259736680426 0 1.5055902695749 1.21311557968147 1.46215757844038 1.31328361947089 1.59221864654683 1.09947202936746 1.47007902245969 1.85156501294114 0.973081175237894 1.9446867397055 0.967406796989962 1.58147253887728 0.969727630959824 1.5172809837386 1.0151339606382 1.88366385735571 1.71247316803783 1.71079028747045 1.31903638201766 1.24301602155901 1.42954264814034 1.59485631831922 1.70029626484029 1.75587932392955 1.45734143978916 1.53679460263811 1.16479632491246 1.68531270208769
1.88599558966234 1.5055902695749 0 1.58691730815917 1.70797183713876 1.73638637573458 1.27783410879783 1.56386459665373 1.87597325444221 1.40351720782928 1.75527844042517 1.11975279520266 1.73701715096831 1.52121403859928 1.68992793606594 1.87880313931964 1.74530407367274 1.2745202393271 1.82416662015021 1.81671717436984 1.61063833604567 1.45837327511981 1.7277607221622 1.45004952885211 1.79573737713508 1.82376294280402 1.9158535390161 1.63921348680742 1.81566087063402 1.45691128144972
1.79856789461337 1.21311557968147 1.58691730815917 0 1.04008527821861 1.47585336701013 1.76438764412887 1.22935183718801 1.69951091660187 1.5891973648686 1.76504951156676 1.83993769879453 1.8981766924262 0.995346564799547 1.71273551718332 1.3090511248447 1.76836353959516 1.70603691600263 0.953169003594667 1.21761091612279 1.89048318192363 1.3747601644136 1.05491176224314 1.34867086703889 1.1155300878454 1.52799541922286 1.21756017091684 1.07133285212331 1.26610605674796 1.45577272190712
1.86064187157899 1.46215757844038 1.70797183713876 1.04008527821861 0 0.955931977136061 1.28924864483997 1.54945231880993 1.58964929450303 1.4201784178149 1.22706229216419 1.93202379276045 1.72295676125214 1.26901727146469 1.826361335814 1.65825262572616 1.63079952006228 1.12840251019225 1.74250093335286 1.30548300989904 1.26117356936447 1.6296293255873 1.48579071066342 0.954142349073663 1.51687051448971 1.57352046016604 1.64244158146903 0.980405258014798 1.16480420297012 1.50621495535597
1.59164621401578 1.31328361947089 1.73638637573458 1.47585336701013 0.955931977136061 0 1.43730812892318 1.29348853020929 1.80428881710395 1.03453404689208 1.16421896847896 0.991617804858834 1.1845115867909 1.24403360323049 1.15910253929906 1.2973314600531 1.00873338105157 1.39472155668773 1.65639278898016 1.71763187134638 1.03765863133594 1.45573164336383 1.01743137068115 1.16170901549049 1.27399164601229 1.49923779652454 1.27358236559667 1.53520137118176 0.985295234248042 1.36066426592879
1.14543507271446 1.59221864654683 1.27783410879783 1.76438764412887 1.28924864483997 1.43730812892318 0 1.70220171427354 1.92778661195189 1.14784666895866 1.67309438926168 1.24050882970914 1.59548235172406 1.53751391475089 1.79155952879228 1.4423305906821 1.72825424536131 1.8174186819233 1.91989221633412 1.82537520118058 1.13979675876908 1.24686570209451 1.68280242732726 1.33254578802735 1.00900953658856 1.23090377287008 1.16023270320147 1.5674737568479 1.36892966530286 1.16056387755089
1.73118280526251 1.09947202936746 1.56386459665373 1.22935183718801 1.54945231880993 1.29348853020929 1.70220171427354 0 1.0486810777802 1.4879348417744 1.88249718747102 1.46803364041261 1.10006180498749 1.69876197725534 1.34330847207457 1.64879323169589 1.09234871342778 1.65694469679147 1.72644333983772 1.43238706304692 1.89310592622496 1.6027012411505 1.61092680110596 1.55791454040445 1.19028909620829 1.0647024277132 1.66825458500534 1.31605762755498 1.61274252040312 1.61214289907366
1.09542440599762 1.47007902245969 1.87597325444221 1.69951091660187 1.58964929450303 1.80428881710395 1.92778661195189 1.0486810777802 0 1.82519520190544 1.35689334501512 1.81176859233528 1.62878174567595 1.22592539270408 1.36105057643726 1.91809260426089 1.50818523555063 1.1205379171297 1.34880753257312 1.43556753429584 1.16622985317372 1.49761186493561 1.03218959155492 1.7219698864501 1.52553995675407 1.20675649866462 1.90155140333809 1.85861725290306 1.89699876424856 1.84159015701152
1.21143678762019 1.85156501294114 1.40351720782928 1.5891973648686 1.4201784178149 1.03453404689208 1.14784666895866 1.4879348417744 1.82519520190544 0 1.05455627921037 1.90399943175726 1.3228368894197 1.42334931204095 1.72581906570122 1.70235962164588 1.55751553573646 1.58732996345498 1.22265650029294 0.999762277584523 1.32819073135033 1.24041933822446 1.94011632003821 1.25417531095445 1.72522839508019 1.36678198701702 1.6526940644253 1.50163817196153 1.57453592098318 1.56641769874841
0.95757774473168 0.973081175237894 1.75527844042517 1.76504951156676 1.22706229216419 1.16421896847896 1.67309438926168 1.88249718747102 1.35689334501512 1.05455627921037 0 1.11357670254074 1.88671283959411 1.89777242019773 1.85124831623398 1.40204675216228 1.53126195888035 1.81901763030328 0.975445363204926 1.38967592734843 1.65233198110946 1.06529697729275 1.27714040083811 1.2230152648408 1.8037049381528 1.73092448827811 1.90855765715241 1.45083392946981 1.84096142090857 1.16568083618768
1.25605320325121 1.9446867397055 1.11975279520266 1.83993769879453 1.93202379276045 0.991617804858834 1.24050882970914 1.46803364041261 1.81176859233528 1.90399943175726 1.11357670254074 0 1.03137134690769 1.28391591482796 0.974959108745679 1.41009329515509 1.7097239929717 1.09932360774837 1.57794977352023 1.94725418533199 1.46852108370513 1.58428871608339 1.21305369399488 1.20909367664717 1.59107426623814 1.73507238761522 1.57964210934006 1.36598209058866 1.84139123978093 1.77574981283396
1.539050741354 0.967406796989962 1.73701715096831 1.8981766924262 1.72295676125214 1.1845115867909 1.59548235172406 1.10006180498749 1.62878174567595 1.3228368894197 1.88671283959411 1.03137134690769 0 1.92921961098909 1.19699923554435 1.63245306257159 1.03876970126294 1.58939207415096 1.67630082322285 1.0329267855268 1.16638100380078 1.37710077199154 1.62262613885105 1.12179467268288 1.85851092706434 1.396087794099 1.31977555085905 1.53913620789535 1.70945238159038 1.1327026609797
1.31428258866072 1.58147253887728 1.52121403859928 0.995346564799547 1.26901727146469 1.24403360323049 1.53751391475089 1.69876197725534 1.22592539270408 1.42334931204095 1.89777242019773 1.28391591482796 1.92921961098909 0 1.68715787469409 1.59564614249393 1.10405087308027 1.08558509778231 1.54350573406555 1.20034721889533 1.82526386342943 1.64902665535919 1.02475684066303 1.34355442831293 1.369498208398 1.43168771616183 1.25568207772449 1.53014338575304 1.65097342175432 1.71441158978269
1.20986096165143 0.969727630959824 1.68992793606594 1.71273551718332 1.826361335814 1.15910253929906 1.79155952879228 1.34330847207457 1.36105057643726 1.72581906570122 1.85124831623398 0.974959108745679 1.19699923554435 1.68715787469409 0 1.06392213120125 1.41625736025162 1.428569418611 1.71010504895821 1.29104577284306 1.21893185842782 1.44805389665999 1.18806033278815 1.66180645045824 1.14092621020973 0.992773336358368 1.58328197081573 1.62305343383923 1.22942791413516 1.88852514023893
1.37810825463384 1.5172809837386 1.87880313931964 1.3090511248447 1.65825262572616 1.2973314600531 1.4423305906821 1.64879323169589 1.91809260426089 1.70235962164588 1.40204675216228 1.41009329515509 1.63245306257159 1.59564614249393 1.06392213120125 0 1.52463880041614 1.42618077690713 1.49308148678392 1.69856052147225 1.52375958743505 1.55721150734462 1.15597140532918 1.33165185758844 1.24929087213241 1.82446721196175 1.32510718633421 1.22121155518107 1.54868700332008 1.76883405633271
1.92229259316809 1.0151339606382 1.74530407367274 1.76836353959516 1.63079952006228 1.00873338105157 1.72825424536131 1.09234871342778 1.50818523555063 1.55751553573646 1.53126195888035 1.7097239929717 1.03876970126294 1.10405087308027 1.41625736025162 1.52463880041614 0 1.20600449386984 1.90170932910405 1.52693334477954 1.68955751811154 1.5432919212617 1.86801958200522 1.21307625365444 1.80768681294285 1.82747092819773 1.51152180321515 1.12633442622609 1.43742819526233 1.73728138650768
1.0055346461013 1.88366385735571 1.2745202393271 1.70603691600263 1.12840251019225 1.39472155668773 1.8174186819233 1.65694469679147 1.1205379171297 1.58732996345498 1.81901763030328 1.09932360774837 1.58939207415096 1.08558509778231 1.428569418611 1.42618077690713 1.20600449386984 0 1.04123132675886 1.61815181840211 0.989983489504084 1.74972136155702 1.19476140057668 1.44841507333331 1.39779147575609 1.63814883749001 1.73813794529997 1.82365190680139 1.21411526366137 1.20479392260313
1.38859668793157 1.71247316803783 1.82416662015021 0.953169003594667 1.74250093335286 1.65639278898016 1.91989221633412 1.72644333983772 1.34880753257312 1.22265650029294 0.975445363204926 1.57794977352023 1.67630082322285 1.54350573406555 1.71010504895821 1.49308148678392 1.90170932910405 1.04123132675886 0 1.52044999995269 1.87668336858042 1.78027798607945 1.86361838271841 1.60748193366453 1.44749556225725 1.39096367848106 1.69800649792887 1.20983450789936 0.959887609817088 1.432591679506
1.88948505884036 1.71079028747045 1.81671717436984 1.21761091612279 1.30548300989904 1.71763187134638 1.82537520118058 1.43238706304692 1.43556753429584 0.999762277584523 1.38967592734843 1.94725418533199 1.0329267855268 1.20034721889533 1.29104577284306 1.69856052147225 1.52693334477954 1.61815181840211 1.52044999995269 0 1.88240689225495 1.60649337503128 1.27648490504362 1.12233002926223 0.994910804089159 1.6790509596467 1.40276893065311 1.88482510717586 1.48156647128053 1.20684969588183
1.47532560606487 1.31903638201766 1.61063833604567 1.89048318192363 1.26117356936447 1.03765863133594 1.13979675876908 1.89310592622496 1.16622985317372 1.32819073135033 1.65233198110946 1.46852108370513 1.16638100380078 1.82526386342943 1.21893185842782 1.52375958743505 1.68955751811154 0.989983489504084 1.87668336858042 1.88240689225495 0 1.9389803269878 1.07936164364219 1.00873297615908 1.84037069580518 1.41881503351033 1.66150723560713 1.16141549567692 1.33258526143618 1.35327674634755
1.46075788652524 1.24301602155901 1.45837327511981 1.3747601644136 1.6296293255873 1.45573164336383 1.24686570209451 1.6027012411505 1.49761186493561 1.24041933822446 1.06529697729275 1.58428871608339 1.37710077199154 1.64902665535919 1.44805389665999 1.55721150734462 1.5432919212617 1.74972136155702 1.78027798607945 1.60649337503128 1.9389803269878 0 1.08313197852112 1.46547978254966 1.68499549943954 1.4315585680306 1.92087335768156 1.72353925602511 1.33257270092145 1.01087659155019
1.63369598356076 1.42954264814034 1.7277607221622 1.05491176224314 1.48579071066342 1.01743137068115 1.68280242732726 1.61092680110596 1.03218959155492 1.94011632003821 1.27714040083811 1.21305369399488 1.62262613885105 1.02475684066303 1.18806033278815 1.15597140532918 1.86801958200522 1.19476140057668 1.86361838271841 1.27648490504362 1.07936164364219 1.08313197852112 0 1.5513691350352 1.71869195555337 1.75207837158814 1.31292772409506 1.67240160354413 1.63645707094111 1.44650432444178
1.59832882578485 1.59485631831922 1.45004952885211 1.34867086703889 0.954142349073663 1.16170901549049 1.33254578802735 1.55791454040445 1.7219698864501 1.25417531095445 1.2230152648408 1.20909367664717 1.12179467268288 1.34355442831293 1.66180645045824 1.33165185758844 1.21307625365444 1.44841507333331 1.60748193366453 1.12233002926223 1.00873297615908 1.46547978254966 1.5513691350352 0 1.73320482484996 1.17901351023465 1.66547764022835 1.56348809297197 1.06513678305782 0.99826290179044
1.67789246793836 1.70029626484029 1.79573737713508 1.1155300878454 1.51687051448971 1.27399164601229 1.00900953658856 1.19028909620829 1.52553995675407 1.72522839508019 1.8037049381528 1.59107426623814 1.85851092706434 1.369498208398 1.14092621020973 1.24929087213241 1.80768681294285 1.39779147575609 1.44749556225725 0.994910804089159 1.84037069580518 1.68499549943954 1.71869195555337 1.73320482484996 0 1.17831099289469 1.03495918563567 1.92789596761577 1.45179521106184 1.87031317618676
1.58410374284722 1.75587932392955 1.82376294280402 1.52799541922286 1.57352046016604 1.49923779652454 1.23090377287008 1.0647024277132 1.20675649866462 1.36678198701702 1.73092448827811 1.73507238761522 1.396087794099 1.43168771616183 0.992773336358368 1.82446721196175 1.82747092819773 1.63814883749001 1.39096367848106 1.6790509596467 1.41881503351033 1.4315585680306 1.75207837158814 1.17901351023465 1.17831099289469 0 1.14908305904828 1.8340509228874 1.42311143130064 1.26279395213351
1.51696316734888 1.45734143978916 1.9158535390161 1.21756017091684 1.64244158146903 1.27358236559667 1.16023270320147 1.66825458500534 1.90155140333809 1.6526940644253 1.90855765715241 1.57964210934006 1.31977555085905 1.25568207772449 1.58328197081573 1.32510718633421 1.51152180321515 1.73813794529997 1.69800649792887 1.40276893065311 1.66150723560713 1.92087335768156 1.31292772409506 1.66547764022835 1.03495918563567 1.14908305904828 0 1.58712960360572 1.17957892036065 1.92783868219703
1.91994910407811 1.53679460263811 1.63921348680742 1.07133285212331 0.980405258014798 1.53520137118176 1.5674737568479 1.31605762755498 1.85861725290306 1.50163817196153 1.45083392946981 1.36598209058866 1.53913620789535 1.53014338575304 1.62305343383923 1.22121155518107 1.12633442622609 1.82365190680139 1.20983450789936 1.88482510717586 1.16141549567692 1.72353925602511 1.67240160354413 1.56348809297197 1.92789596761577 1.8340509228874 1.58712960360572 0 1.33555551315658 1.94417162751779
0.952490967698395 1.16479632491246 1.81566087063402 1.26610605674796 1.16480420297012 0.985295234248042 1.36892966530286 1.61274252040312 1.89699876424856 1.57453592098318 1.84096142090857 1.84139123978093 1.70945238159038 1.65097342175432 1.22942791413516 1.54868700332008 1.43742819526233 1.21411526366137 0.959887609817088 1.48156647128053 1.33258526143618 1.33257270092145 1.63645707094111 1.06513678305782 1.45179521106184 1.42311143130064 1.17957892036065 1.33555551315658 0 0.981693642912433
1.28685264871456 1.68531270208769 1.45691128144972 1.45577272190712 1.50621495535597 1.36066426592879 1.16056387755089 1.61214289907366 1.84159015701152 1.56641769874841 1.16568083618768 1.77574981283396 1.1327026609797 1.71441158978269 1.88852514023893 1.76883405633271 1.73728138650768 1.20479392260313 1.432591679506 1.20684969588183 1.35327674634755 1.01087659155019 1.44650432444178 0.99826290179044 1.87031317618676 1.26279395213351 1.92783868219703 1.94417162751779 0.981693642912433 0
