0 1.43260046560317 1.20171432988718 1.71647036774084 1.87003852776252 1.85134165547788 1.92191843269393 0.999210837762803 1.14410153334029 1.09520003153011 1.08979848003946 1.71438033692539 1.49592176126316 1.36636597802863 1.32939510489814 1.33920562220737 1.0871396434959 1.65603893203661 1.09157863678411 1.08787491708063 1.41425150283612 1.43738816655241 1.78887860151008 0.940713026095182 1.26100523327477 1.62965050316416 1.63785758195445 1.35683034639806 1.03177793021314 0.981250504497439
1.43260046560317 0 1.68738239165395 1.877409262117 1.21427791379392 1.19442758942023 1.09094996913336 1.79119618749246 1.6116190017201 1.53505496680737 1.22422140324488 1.53028383152559 1.91735695512034 1.5503394191619 0.960136929759756 1.64620654284954 1.03991222707555 1.59619913692586 1.3194303738419 1.388747070916 1.43610204709694 1.79110433696769 1.32443325873464 1.72467018477619 1.44373959279619 0.976273834239691 1.53924747300334 1.09199994639494 0.951154380105436 1.2406753541436
1.20171432988718 1.68738239165395 0 1.62968363170512 1.77046695630997 1.74460131092928 1.60010851011612 1.65996251767501 1.45216134283692 1.2069422735367 1.36863774224184 1.62301380001009 1.66559760947712 1.30537474271841 1.33949461695738 1.88302428927273 1.42045200802386 1.78504990111105 1.24953513708897 1.49315014225431 1.85125976498239 1.54569424712099 1.34795442898758 1.35190018545836 1.61894123186357 1.60837005102076 1.38391903089359 1.80223174649291 1.51078423880972 1.71228870516643
1.71647036774084 1.877409262117 1.62968363170512 0 1.27999754087068 1.08273302414455 0.979444314260036 1.41699495702051 1.16827825270593 1.19042793242261 1.27221340546384 1.83519654604606 1.02900355262682 1.05333195533603 1.29986600833945 1.88842226658016 1.69308210117742 1.89521619817242 1.56971136922948 1.48408553749323 1.52580527006648 1.18109925882891 1.09734867420048 1.08871154347435 1.57725114771165 1.56237880350091 1.02898974437267 1.17553757852875 1.04976309253834 0.956505108624697
1.87003852776252 1.21427791379392 1.77046695630997 1.27999754087068 0 1.54849549988285 1.33129442133941 1.02833706513047 1.30305864289403 1.59586161095649 1.44762236555107 1.32524430775084 1.44987687887624 1.82597577408887 1.28614181256853 1.66838383185677 1.19376396620646 0.958657475421205 1.42272251052782 1.68948040925898 1.38379356451333 1.15966163692065 1.39239446772262 1.84129125089385 1.87445023725741 1.62996834912337 1.55087538738735 1.2679929593578 0.930321102729067 1.63435215852223
1.85134165547788 1.19442758942023 1.74460131092928 1.08273302414455 1.54849549988285 0 1.00970335304737 1.02104917424731 1.15675984881818 1.6988094332628 1.84906846471131 1.42428770288825 1.23072563367896 1.49239092762582 1.72695578308776 1.14080076129176 1.24430063413456 1.56689057429321 1.17927620606497 0.92880372912623 1.45832452527247 1.0893296317663 1.14874867466278 1.2955054496415 1.78707948653027 1.89100005221553 1.53735834476538 1.45067500765435 1.33496567141265 1.61942107556388
1.92191843269393 1.09094996913336 1.60010851011612 0.979444314260036 1.33129442133941 1.00970335304737 0 1.23773400648497 1.74932549288496 1.00640137004666 1.59811133029871 1.76042507914826 1.16807323717512 1.2919851441402 1.12129347142763 1.72669118526392 0.937874094350263 1.23210061504506 1.46203804342076 1.41528257261962 0.938879239372909 0.981350381160155 1.40382279804908 1.67791248927824 1.33193605812266 0.978370177093893 1.05353108863346 1.31318370508961 1.65661841235124 1.59799980651587
0.999210837762803 1.79119618749246 1.65996251767501 1.41699495702051 1.02833706513047 1.02104917424731 1.23773400648497 0 1.88992242165841 1.20323809562251 1.20066117728129 1.25810563238338 1.610380965285 1.09366274625063 0.942865105811507 1.62808774854057 1.5276472850237 1.26519592269324 1.73289101710543 1.4019605757203 1.35998720908538 1.50627138302661 1.61882186494768 1.84598247334361 1.14401851291768 1.86012344062328 1.06894549750723 1.88074673549272 1.89518721564673 1.30451027140953
1.14410153334029 1.6116190017201 1.45216134283692 1.16827825270593 1.30305864289403 1.15675984881818 1.74932549288496 1.88992242165841 0 1.24939956795424 1.0681994878687 1.20795609802008 1.77883461606689 1.00188360270113 1.76589839765802 1.56799733708613 1.62286237697117 1.58534019161016 1.50037636258639 1.50390954758041 1.69037371338345 1.63669650093652 1.18112050485797 1.63554431078956 1.60942547256127 1.05414794618264 1.09442275948822 1.85371988196857 1.44732185639441 1.82961626513861
1.09520003153011 1.53505496680737 1.2069422735367 1.19042793242261 1.59586161095649 1.6988094332628 1.00640137004666 1.20323809562251 1.24939956795424 0 1.41090296092443 1.45420717331581 1.7263214236591 1.22163746529259 1.24212942272425 1.28654436185025 1.65520098851994 1.74933430412784 1.65208392124623 0.925190900918096 1.34462703811005 1.78962119319476 0.961514950264245 1.75394642283209 1.71400316781364 1.75729651236907 1.13139521004632 1.18176875473 1.10417721024714 1.48533767624758
1.08979848003946 1.22422140324488 1.36863774224184 1.27221340546384 1.44762236555107 1.84906846471131 1.59811133029871 1.20066117728129 1.0681994878687 1.41090296092443 0 1.77540786727332 1.70489166351035 1.43514953204431 1.85669376328588 1.03340304759331 1.02107242890634 1.09678111947142 1.62149287317879 1.02107565337792 1.69703537970781 1.23728969250806 1.08497400861233 1.8251371034421 1.27734657539986 1.10285464045592 0.988841376733035 1.60410466510803 1.38377536926419 1.10741880862042
1.71438033692539 1.53028383152559 1.62301380001009 1.83519654604606 1.32524430775084 1.42428770288825 1.76042507914826 1.25810563238338 1.20795609802008 1.45420717331581 1.77540786727332 0 1.25965508096851 1.79776665195823 1.32461629039608 1.69377979263663 1.60016980697401 1.2790947901085 1.36276163812727 0.953590191667899 1.5325629892759 1.35750840464607 1.63880987232551 1.47919915034436 1.14409949234687 1.77343267970718 1.85638993210159 1.58454409311526 1.80482871946879 1.04829258890823
1.49592176126316 1.91735695512034 1.66559760947712 1.02900355262682 1.44987687887624 1.23072563367896 1.16807323717512 1.610380965285 1.77883461606689 1.7263214236591 1.70489166351035 1.25965508096851 0 1.45199893391691 1.64322028798051 1.5862931762822 1.38400559383444 1.80387205025181 1.70461698621511 1.39496327517554 1.22139515192248 1.5458842520602 1.73970145056956 1.36492648487911 1.59443295234814 1.13459044881165 1.4371702268254 1.27880950272083 1.09279552684166 1.05804941989481
1.36636597802863 1.5503394191619 1.30537474271841 1.05333195533603 1.82597577408887 1.49239092762582 1.2919851441402 1.09366274625063 1.00188360270113 1.22163746529259 1.43514953204431 1.79776665195823 1.45199893391691 0 1.83678995282389 1.46982363262214 1.1921135999728 1.36072817188688 1.59509467543103 1.4200085317716 1.46474692248739 1.36629457841627 1.51954538421705 1.0007536644116 1.89711535326205 1.56876644631848 0.950088490964845 1.38063839473762 1.51961686974391 1.78181865462102
1.32939510489814 0.960136929759756 1.33949461695738 1.29986600833945 1.28614181256853 1.72695578308776 1.12129347142763 0.942865105811507 1.76589839765802 1.24212942272425 1.85669376328588 1.32461629039608 1.64322028798051 1.83678995282389 0 1.46148105198517 1.4240080404561 0.973818049300462 0.952485184650868 1.73504301160574 1.63190976413898 1.65885141957551 1.78592977765948 1.19360186066478 1.86833234969527 1.66504430957139 1.31129818735644 1.27768235444091 1.54614140628837 1.04894264927134
1.33920562220737 1.64620654284954 1.88302428927273 1.88842226658016 1.66838383185677 1.14080076129176 1.72669118526392 1.62808774854057 1.56799733708613 1.28654436185025 1.03340304759331 1.69377979263663 1.5862931762822 1.46982363262214 1.46148105198517 0 1.68354473076761 1.88436912512407 1.46292748651467 1.75126115116291 1.37178098713048 1.58726240205579 1.47243844904006 1.31282155332156 1.38174729491584 1.51261752471328 1.80125793302432 0.98523141280748 1.39157383330166 1.59596900641918
1.0871396434959 1.03991222707555 1.42045200802386 1.69308210117742 1.19376396620646 1.24430063413456 0.937874094350263 1.5276472850237 1.62286237697117 1.65520098851994 1.02107242890634 1.60016980697401 1.38400559383444 1.1921135999728 1.4240080404561 1.68354473076761 0 1.71760791004635 1.79278692021035 1.26763153867796 1.02005880651996 1.1677814212162 1.66263570426963 1.08332292851992 1.43183515476994 1.49016761872917 1.17257258039899 1.33834172482602 1.69896603631787 0.966500974260271
1.65603893203661 1.59619913692586 1.78504990111105 1.89521619817242 0.958657475421205 1.56689057429321 1.23210061504506 1.26519592269324 1.58534019161016 1.74933430412784 1.09678111947142 1.2790947901085 1.80387205025181 1.36072817188688 0.973818049300462 1.88436912512407 1.71760791004635 0 1.62189566274174 1.08785845572129 1.00420792563818 0.955851825652644 1.66282571316697 1.11169456481002 1.23223942425102 1.57717150449753 1.03155247238465 1.45475863106549 1.59596907347441 0.982337466208264
1.09157863678411 1.3194303738419 1.24953513708897 1.56971136922948 1.42272251052782 1.17927620606497 1.46203804342076 1.73289101710543 1.50037636258639 1.65208392124623 1.62149287317879 1.36276163812727 1.70461698621511 1.59509467543103 0.952485184650868 1.46292748651467 1.79278692021035 1.62189566274174 0 1.66774312453344 1.80508835148066 1.0795815223828 1.0858946389053 1.22071444313042 1.25384502229281 1.25524528883398 1.79374154075049 1.52105122245848 1.41937088570558 1.30428924551234
1.08787491708063 1.388747070916 1.49315014225431 1.48408553749323 1.68948040925898 0.92880372912623 1.41528257261962 1.4019605757203 1.50390954758041 0.925190900918096 1.02107565337792 0.953590191667899 1.39496327517554 1.4200085317716 1.73504301160574 1.75126115116291 1.26763153867796 1.08785845572129 1.66774312453344 0 1.22817423613742 1.4223119977396 1.37829622346908 1.66548241814598 1.10659266682342 1.80056110234 1.9203496503178 1.21165322861634 1.10641918517649 1.00345518277027
1.41425150283612 1.43610204709694 1.85125976498239 1.52580527006648 1.38379356451333 1.45832452527247 0.938879239372909 1.35998720908538 1.69037371338345 1.34462703811005 1.69703537970781 1.5325629892759 1.22139515192248 1.46474692248739 1.63190976413898 1.37178098713048 1.02005880651996 1.00420792563818 1.80508835148066 1.22817423613742 0 1.6432871830184 1.77311158413067 1.84770609810948 1.14245700323954 1.9172494164668 1.33130389079452 1.07528707291931 1.74893705174327 1.70714588649571
1.43738816655241 1.79110433696769 1.54569424712099 1.18109925882891 1.15966163692065 1.0893296317663 0.981350381160155 1.50627138302661 1.63669650093652 1.78962119319476 1.23728969250806 1.35750840464607 1.5458842520602 1.36629457841627 1.65885141957551 1.58726240205579 1.1677814212162 0.955851825652644 1.0795815223828 1.4223119977396 1.6432871830184 0 1.687925983686 1.04278738657013 1.09645748976618 1.8609554185532 1.91744798514992 1.91358641604893 1.46761031798087 1.43926720810123
1.78887860151008 1.32443325873464 1.34795442898758 1.09734867420048 1.39239446772262 1.14874867466278 1.40382279804908 1.61882186494768 1.18112050485797 0.961514950264245 1.08497400861233 1.63880987232551 1.73970145056956 1.51954538421705 1.78592977765948 1.47243844904006 1.66263570426963 1.66282571316697 1.0858946389053 1.37829622346908 1.77311158413067 1.687925983686 0 1.65838291402906 1.2281051306054 1.4488930599764 1.68563706683926 1.10334427515045 1.84881646931171 1.56761690462008
0.940713026095182 1.72467018477619 1.35190018545836 1.08871154347435 1.84129125089385 1.2955054496415 1.67791248927824 1.84598247334361 1.63554431078956 1.75394642283209 1.8251371034421 1.47919915034436 1.36492648487911 1.0007536644116 1.19360186066478 1.31282155332156 1.08332292851992 1.11169456481002 1.22071444313042 1.66548241814598 1.84770609810948 1.04278738657013 1.65838291402906 0 1.82726753363386 0.990736143430695 1.20205232547596 1.44241700693965 1.41793291433714 1.4688643112313
1.26100523327477 1.44373959279619 1.61894123186357 1.57725114771165 1.87445023725741 1.78707948653027 1.33193605812266 1.14401851291768 1.60942547256127 1.71400316781364 1.27734657539986 1.14409949234687 1.59443295234814 1.89711535326205 1.86833234969527 1.38174729491584 1.43183515476994 1.23223942425102 1.25384502229281 1.10659266682342 1.14245700323954 1.09645748976618 1.2281051306054 1.82726753363386 0 1.02813959913328 1.85921995504759 1.52955106622539 1.13905430957675 1.75807574018836
1.62965050316416 0.976273834239691 1.60837005102076 1.56237880350091 1.62996834912337 1.89100005221553 0.978370177093893 1.86012344062328 1.05414794618264 1.75729651236907 1.10285464045592 1.77343267970718 1.13459044881165 1.56876644631848 1.66504430957139 1.51261752471328 1.49016761872917 1.57717150449753 1.25524528883398 1.80056110234 1.9172494164668 1.8609554185532 1.4488930599764 0.990736143430695 1.02813959913328 0 1.45340488734655 1.81338838255033 1.35763146844693 1.63444432755932
1.63785758195445 1.53924747300334 1.38391903089359 1.02898974437267 1.55087538738735 1.53735834476538 1.05353108863346 1.06894549750723 1.09442275948822 1.13139521004632 0.988841376733035 1.85638993210159 1.4371702268254 0.950088490964845 1.31129818735644 1.80125793302432 1.17257258039899 1.03155247238465 1.79374154075049 1.9203496503178 1.33130389079452 1.91744798514992 1.68563706683926 1.20205232547596 1.85921995504759 1.45340488734655 0 1.44769581593573 1.26456782454625 1.0065548568964
1.35683034639806 1.09199994639494 1.80223174649291 1.17553757852875 1.2679929593578 1.45067500765435 1.31318370508961 1.88074673549272 1.85371988196857 1.18176875473 1.60410466510803 1.58454409311526 1.27880950272083 1.38063839473762 1.27768235444091 0.98523141280748 1.33834172482602 1.45475863106549 1.52105122245848 1.21165322861634 1.07528707291931 1.91358641604893 1.10334427515045 1.44241700693965 1.52955106622539 1.81338838255033 1.44769581593573 0 1.02844622568227 1.70986774237826
1.03177793021314 0.951154380105436 1.51078423880972 1.04976309253834 0.930321102729067 1.33496567141265 1.65661841235124 1.89518721564673 1.44732185639441 1.10417721024714 1.38377536926419 1.80482871946879 1.09279552684166 1.51961686974391 1.54614140628837 1.39157383330166 1.69896603631787 1.59596907347441 1.41937088570558 1.10641918517649 1.74893705174327 1.46761031798087 1.84881646931171 1.41793291433714 1.13905430957675 1.35763146844693 1.26456782454625 1.02844622568227 0 1.23560263728723
0.981250504497439 1.2406753541436 1.71228870516643 0.956505108624697 1.63435215852223 1.61942107556388 1.59799980651587 1.30451027140953 1.82961626513861 1.48533767624758 1.10741880862042 1.04829258890823 1.05804941989481 1.78181865462102 1.04894264927134 1.59596900641918 0.966500974260271 0.982337466208264 1.30428924551234 1.00345518277027 1.70714588649571 1.43926720810123 1.56761690462008 1.4688643112313 1.75807574018836 1.63444432755932 1.0065548568964 1.70986774237826 1.23560263728723 0
