0 1.61817355081439 1.70552423479967 1.17764013423584 1.89985482743941 1.07191918627359 1.47538078157231 1.38977391994558 1.02929062070325 1.90877974149771 1.64348439383321 1.67182541871443 1.1473141212482 1.60011862590909 1.75158929009922 1.17224941402674 1.12644082005136 1.007960741641 1.6704387171194 1.75905343214981 1.1630348872859 1.25811308366247 1.15761383902282 1.6975961602293 1.54208119399846 1.55841446877457 1.08580483612604 1.02039971691556 1.39802158391103 1.05447790585458
1.61817355081439 0 1.82600144576281 1.60158011969179 1.45033720764332 1.49787955381908 1.32964461878873 1.23742139898241 1.51562789827585 1.18712981627323 1.69719589292072 1.46843413170427 1.64788138307631 1.2471198302228 1.63173125009052 0.98291692789644 1.24674116261303 1.66242269123904 1.93803644739091 1.1839913232252 1.50933924689889 1.73372661415488 1.47188960574567 1.28709021792747 1.2653330352623 1.17062404146418 0.966899244347587 1.21506128343754 0.957638430176303 1.82574976701289
1.70552423479967 1.82600144576281 0 1.88199378619902 1.89814084465615 1.63257539412007 0.972319437889382 1.40005026129074 1.80174215044826 1.71199961728416 0.979301247512922 1.54795509832911 1.47614189772867 1.34490045486018 1.67759052896872 0.993719310499728 1.22866684012115 1.45847745635547 1.04380642110482 1.42876359960064 1.61569057800807 1.43969614175148 1.58859040774405 1.4916441894602 1.73517185100354 1.43737457692623 1.45960456551984 1.82341133360751 1.4463565889746 1.63590008323081
1.17764013423584 1.60158011969179 1.88199378619902 0 1.09538656403311 1.22571939462796 1.84130789292976 0.980474344454706 1.84958459157497 1.21832971065305 1.12467025057413 1.42170750163496 1.71025744825602 1.2899813069962 1.59944316186011 1.59969839733094 1.25632379879244 1.33834428386763 1.79103152849711 1.72054405882955 1.73536868928932 1.86430517677218 1.39605652401224 1.23865250800736 1.21114119444974 1.27648844243959 1.90369059145451 1.89791014720686 1.78001820691861 1.66055236267857
1.89985482743941 1.45033720764332 1.89814084465615 1.09538656403311 0 1.31835999246687 1.86411064653657 1.91233946941793 1.59032305469736 1.30439320299774 1.66534250765108 1.08731633401476 1.55577634740621 1.8390251074452 1.21578370593488 1.04022970492952 1.81859026127495 1.15429535531439 1.50179180759005 1.5215225473512 1.46028507454321 1.06913375156 1.32281087036245 1.38787204422988 1.72209349717014 1.75227323523723 1.72300235065632 1.32174908043817 1.00689582200721 1.61407966236584
1.07191918627359 1.49787955381908 1.63257539412007 1.22571939462796 1.31835999246687 0 1.50119186914526 1.88404745585285 0.969766137190163 1.38854877953418 1.64967184141278 1.86294443812221 1.01313767209649 1.72245318861678 1.14191300468519 1.58403400075622 1.79162073670886 1.82794219418429 1.66718645580113 1.39628203189932 1.61469037178904 1.62406661175191 1.49030468799174 1.5554827156011 1.89188130875118 0.971960295224562 1.06283784890547 1.89429415692575 1.46822000993416 1.65502705215476
1.47538078157231 1.32964461878873 0.972319437889382 1.84130789292976 1.86411064653657 1.50119186914526 0 1.77971735643223 1.14969865814783 1.00117011321709 1.20098005235195 1.59501404711045 1.77023546025157 1.64507633098401 1.34747665328905 1.62999227759428 1.48123111063614 1.62829470518045 1.2053864619229 1.02603983250447 1.93496468290687 1.71716894232668 1.60428958805278 1.18959190137684 1.16242114920169 1.673827518709 1.16864857589826 1.03072015708312 0.994335072580725 1.9098001876846
1.38977391994558 1.23742139898241 1.40005026129074 0.980474344454706 1.91233946941793 1.88404745585285 1.77971735643223 0 1.00372682511806 1.31627947255038 1.52489791391417 1.54091726359911 1.50180136063136 0.956999584799632 1.70763654797338 1.71646928065456 1.24989976384677 1.36930784699507 1.43553241668269 1.65689474483952 1.2634964287281 1.19800313655287 1.28695660899393 1.13250851538032 1.61369892465882 1.00552328070626 1.11865951330401 1.84453520015813 1.80510426103137 1.28086525457911
1.02929062070325 1.51562789827585 1.80174215044826 1.84958459157497 1.59032305469736 0.969766137190163 1.14969865814783 1.00372682511806 0 1.83733439212665 1.29651231458411 1.29563351580873 1.75728160655126 1.04837078833953 1.12072292063385 1.93682496924885 1.35639106342569 1.75511760427617 1.17912058159709 1.90332583081909 0.999238627031446 1.79709975654259 1.54571310686879 1.69979851460084 1.15136188804172 1.05469975504093 1.53404089156538 1.77581636072136 1.94382030703127 1.45979319978505
1.90877974149771 1.18712981627323 1.71199961728416 1.21832971065305 1.30439320299774 1.38854877953418 1.00117011321709 1.31627947255038 1.83733439212665 0 1.81248364923522 1.6827954237815 1.92266087350436 1.54424382839352 1.22297298372723 1.02868310594931 1.03749005752616 1.87006465136074 1.79621871327981 1.22886449494399 1.64545099972747 1.32408281555399 1.36713243369013 1.52700799074955 1.8530565535184 1.85462223971263 1.79183551622555 1.15918617276475 1.52746370434761 1.46217336971313
1.64348439383321 1.69719589292072 0.979301247512922 1.12467025057413 1.66534250765108 1.64967184141278 1.20098005235195 1.52489791391417 1.29651231458411 1.81248364923522 0 1.2365387736354 1.5306294253096 1.74826700729318 1.86969176563434 1.40163608291186 1.45524353231303 1.14820678019896 1.66949716047384 1.12053795554675 1.35147130745463 1.8900446544867 1.20798046328127 1.09637654083781 1.46777178463526 1.09968062862754 1.68585660774261 1.80200354242697 1.09491424704902 1.3047615964897
1.67182541871443 1.46843413170427 1.54795509832911 1.42170750163496 1.08731633401476 1.86294443812221 1.59501404711045 1.54091726359911 1.29563351580873 1.6827954237815 1.2365387736354 0 1.30371336359531 1.7511075087823 1.69387450930662 1.91582813416608 1.53637882880867 1.23379175993614 1.31250260910019 1.30945224920288 1.14049498504028 1.12830953137018 1.70447843545116 1.28649465437047 0.991580837173387 1.55092009343207 1.12715132348239 1.91512770671397 1.85316758975387 1.11674340208992
1.1473141212482 1.64788138307631 1.47614189772867 1.71025744825602 1.55577634740621 1.01313767209649 1.77023546025157 1.50180136063136 1.75728160655126 1.92266087350436 1.5306294253096 1.30371336359531 0 1.88222144031897 1.05583773623221 1.57534848316573 1.08595060789958 1.75726719293743 1.17703198012896 0.953371346928179 1.41266418248415 1.2574413458351 1.8813650875818 1.06133433082141 1.28848722577095 1.71303731412627 1.37778311502188 1.18006415944546 1.0312793108169 1.58911332744174
1.60011862590909 1.2471198302228 1.34490045486018 1.2899813069962 1.8390251074452 1.72245318861678 1.64507633098401 0.956999584799632 1.04837078833953 1.54424382839352 1.74826700729318 1.7511075087823 1.88222144031897 0 1.8613729623612 1.54073810577393 1.36071794712916 1.31795309856534 1.26527872378938 1.25863483198918 1.14894622983411 1.24828148749657 1.42283609788865 1.68343229335733 1.42195731098764 1.07513142679818 1.76043429248966 1.29804260679521 1.16649149311706 1.24337457702495
1.75158929009922 1.63173125009052 1.67759052896872 1.59944316186011 1.21578370593488 1.14191300468519 1.34747665328905 1.70763654797338 1.12072292063385 1.22297298372723 1.86969176563434 1.69387450930662 1.05583773623221 1.8613729623612 0 1.53831429989077 1.87438736041076 1.71050637634471 1.89274795725942 1.94294764869846 1.01428638328798 1.70435470412485 1.2199941270519 1.32518495060503 1.94647711166181 1.2016364953015 1.29325089091435 1.15780673269182 1.29946531611495 1.71146626095288
1.17224941402674 0.98291692789644 0.993719310499728 1.59969839733094 1.04022970492952 1.58403400075622 1.62999227759428 1.71646928065456 1.93682496924885 1.02868310594931 1.40163608291186 1.91582813416608 1.57534848316573 1.54073810577393 1.53831429989077 0 1.37331829266623 1.12990292720497 0.955119519494474 1.17193835345097 1.34991262946278 0.972184557002038 1.65353516559117 1.78090762952343 1.42798193008639 1.76058931392618 1.62914244784042 1.34495615982451 1.81183084356599 1.72352584148757
1.12644082005136 1.24674116261303 1.22866684012115 1.25632379879244 1.81859026127495 1.79162073670886 1.48123111063614 1.24989976384677 1.35639106342569 1.03749005752616 1.45524353231303 1.53637882880867 1.08595060789958 1.36071794712916 1.87438736041076 1.37331829266623 0 1.92772619007155 1.23068711417727 1.20066476380453 1.7469999936875 1.51860914635472 1.25691496650688 1.36539216223173 1.34068008325994 1.88229817966931 1.61467248969711 1.1151901721023 1.5177052388899 1.91769031761214
1.007960741641 1.66242269123904 1.45847745635547 1.33834428386763 1.15429535531439 1.82794219418429 1.62829470518045 1.36930784699507 1.75511760427617 1.87006465136074 1.14820678019896 1.23379175993614 1.75726719293743 1.31795309856534 1.71050637634471 1.12990292720497 1.92772619007155 0 1.61329242540523 1.82717146212235 1.53568770224229 1.68700020271353 1.94932963978499 0.954602384008467 1.90686645358801 1.05169478710741 1.2240386379417 1.35185279487632 1.26254718657583 1.64015432610177
1.6704387171194 1.93803644739091 1.04380642110482 1.79103152849711 1.50179180759005 1.66718645580113 1.2053864619229 1.43553241668269 1.17912058159709 1.79621871327981 1.66949716047384 1.31250260910019 1.17703198012896 1.26527872378938 1.89274795725942 0.955119519494474 1.23068711417727 1.61329242540523 0 1.45520309382118 0.978823461569846 1.22274390328676 1.19476328953169 1.11195649416186 1.70866431924514 1.02107740449719 1.70391034684144 1.13509599771351 1.03022100892849 1.90827634255402
1.75905343214981 1.1839913232252 1.42876359960064 1.72054405882955 1.5215225473512 1.39628203189932 1.02603983250447 1.65689474483952 1.90332583081909 1.22886449494399 1.12053795554675 1.30945224920288 0.953371346928179 1.25863483198918 1.94294764869846 1.17193835345097 1.20066476380453 1.82717146212235 1.45520309382118 0 1.17131146183237 1.35879677045159 1.22744823759422 1.25018299953081 1.30104732885957 1.6699876668863 1.05180464009754 1.89787655207328 1.46717207110487 1.29814046341926
1.1630348872859 1.50933924689889 1.61569057800807 1.73536868928932 1.46028507454321 1.61469037178904 1.93496468290687 1.2634964287281 0.999238627031446 1.64545099972747 1.35147130745463 1.14049498504028 1.41266418248415 1.14894622983411 1.01428638328798 1.34991262946278 1.7469999936875 1.53568770224229 0.978823461569846 1.17131146183237 0 1.21956956922077 1.56571125122719 1.03522429079749 1.23697200999595 1.4461796884425 1.45137481461279 1.53646773961373 1.06636282778345 1.39906158181839
1.25811308366247 1.73372661415488 1.43969614175148 1.86430517677218 1.06913375156 1.62406661175191 1.71716894232668 1.19800313655287 1.79709975654259 1.32408281555399 1.8900446544867 1.12830953137018 1.2574413458351 1.24828148749657 1.70435470412485 0.972184557002038 1.51860914635472 1.68700020271353 1.22274390328676 1.35879677045159 1.21956956922077 0 1.49988151295111 1.46084747719578 1.93579805758782 1.56591818109155 1.26642610807903 1.31259635649621 1.36840377189219 1.48268172913231
1.15761383902282 1.47188960574567 1.58859040774405 1.39605652401224 1.32281087036245 1.49030468799174 1.60428958805278 1.28695660899393 1.54571310686879 1.36713243369013 1.20798046328127 1.70447843545116 1.8813650875818 1.42283609788865 1.2199941270519 1.65353516559117 1.25691496650688 1.94932963978499 1.19476328953169 1.22744823759422 1.56571125122719 1.49988151295111 0 1.8754706622567 1.70095162419602 1.08048922428861 1.90701633202843 1.82406996982172 1.91083387332037 0.991759457625449
1.6975961602293 1.28709021792747 1.4916441894602 1.23865250800736 1.38787204422988 1.5554827156011 1.18959190137684 1.13250851538032 1.69979851460084 1.52700799074955 1.09637654083781 1.28649465437047 1.06133433082141 1.68343229335733 1.32518495060503 1.78090762952343 1.36539216223173 0.954602384008467 1.11195649416186 1.25018299953081 1.03522429079749 1.46084747719578 1.8754706622567 0 1.04179317713715 1.55770827038214 1.29620323400013 1.93089053221047 1.59918251237832 1.73867779131979
1.54208119399846 1.2653330352623 1.73517185100354 1.21114119444974 1.72209349717014 1.89188130875118 1.16242114920169 1.61369892465882 1.15136188804172 1.8530565535184 1.46777178463526 0.991580837173387 1.28848722577095 1.42195731098764 1.94647711166181 1.42798193008639 1.34068008325994 1.90686645358801 1.70866431924514 1.30104732885957 1.23697200999595 1.93579805758782 1.70095162419602 1.04179317713715 0 1.39961287705228 1.43677494907752 1.47911876183935 1.53516042628326 1.83839445142075
1.55841446877457 1.17062404146418 1.43737457692623 1.27648844243959 1.75227323523723 0.971960295224562 1.673827518709 1.00552328070626 1.05469975504093 1.85462223971263 1.09968062862754 1.55092009343207 1.71303731412627 1.07513142679818 1.2016364953015 1.76058931392618 1.88229817966931 1.05169478710741 1.02107740449719 1.6699876668863 1.4461796884425 1.56591818109155 1.08048922428861 1.55770827038214 1.39961287705228 0 1.39834918919951 1.89904597215354 1.7907514765393 1.66177023737691
1.08580483612604 0.966899244347587 1.45960456551984 1.90369059145451 1.72300235065632 1.06283784890547 1.16864857589826 1.11865951330401 1.53404089156538 1.79183551622555 1.68585660774261 1.12715132348239 1.37778311502188 1.76043429248966 1.29325089091435 1.62914244784042 1.61467248969711 1.2240386379417 1.70391034684144 1.05180464009754 1.45137481461279 1.26642610807903 1.90701633202843 1.29620323400013 1.43677494907752 1.39834918919951 0 1.66662180703133 1.43524624989368 1.41611254448071
1.02039971691556 1.21506128343754 1.82341133360751 1.89791014720686 1.32174908043817 1.89429415692575 1.03072015708312 1.84453520015813 1.77581636072136 1.15918617276475 1.80200354242697 1.91512770671397 1.18006415944546 1.29804260679521 1.15780673269182 1.34495615982451 1.1151901721023 1.35185279487632 1.13509599771351 1.89787655207328 1.53646773961373 1.31259635649621 1.82406996982172 1.93089053221047 1.47911876183935 1.89904597215354 1.66662180703133 0 1.1291085598059 1.18621550407261
1.39802158391103 0.957638430176303 1.4463565889746 1.78001820691861 1.00689582200721 1.46822000993416 0.994335072580725 1.80510426103137 1.94382030703127 1.52746370434761 1.09491424704902 1.85316758975387 1.0312793108169 1.16649149311706 1.29946531611495 1.81183084356599 1.5177052388899 1.26254718657583 1.03022100892849 1.46717207110487 1.06636282778345 1.36840377189219 1.91083387332037 1.59918251237832 1.53516042628326 1.7907514765393 1.43524624989368 1.1291085598059 0 1.4496500545647
1.05447790585458 1.82574976701289 1.63590008323081 1.66055236267857 1.61407966236584 1.65502705215476 1.9098001876846 1.28086525457911 1.45979319978505 1.46217336971313 1.3047615964897 1.11674340208992 1.58911332744174 1.24337457702495 1.71146626095288 1.72352584148757 1.91769031761214 1.64015432610177 1.90827634255402 1.29814046341926 1.39906158181839 1.48268172913231 0.991759457625449 1.73867779131979 1.83839445142075 1.66177023737691 1.41611254448071 1.18621550407261 1.4496500545647 0
