0 1.80218522227369 1.91206122282892 1.13713985844515 1.63923523388803 1.23870360059664 1.88463329337537 1.76478660292923 1.42943477258086 1.4447766400408 1.86786975944415 1.37020127102733 1.03630600287579 1.77856125659309 1.17288829106838 1.95587900397368 1.62646178901196 1.72253705305047 1.89011974981986 1.07463595434092 1.18881478207186 1.60007780371234 1.96824177075177 1.9655880543869 1.93251668429002 1.78095079050399 1.40755454124883 1.53234412078746 1.35519446642138 1.52188647934236
1.80218522227369 0 1.33240937255323 1.14237493160181 1.21976856677793 1.49547050474212 1.61786782345735 1.72066684253514 1.20009700860828 1.25077180983499 1.65010512224399 1.64763223589398 1.51763117336668 1.72307986509986 1.50216007139534 0.9886334547773 1.54289475292899 0.985621955012903 1.68617583438754 1.60597694758326 1.9003178763669 1.00793478242122 1.32256912393495 1.32472613663413 1.85665348474868 1.48571307049133 1.06548984255642 1.84123740391806 1.00472357752733 1.43501198664308
1.91206122282892 1.33240937255323 0 1.69920872570947 1.21666642976925 1.00127207674086 1.76246609189548 1.49526231992058 1.91275565698743 1.83741919160821 1.8257922322955 1.68351564696059 1.15554369543679 1.00052310083993 1.84110098122619 1.13583834539168 1.54147645877674 1.8942291198764 1.57492976775393 1.26356761110947 1.32644225028343 1.59833048540168 1.68398488149978 1.08954264782369 1.53753041988239 1.81210764800198 1.12749587115832 1.18198845046572 1.80789605295286 1.00162291782908
1.13713985844515 1.14237493160181 1.69920872570947 0 1.86151591618545 1.75638416688889 1.81872908677906 1.04994557029568 1.66475248290226 1.20747376512736 1.34911454468966 1.53285201406106 1.08667857339606 1.81230036146007 1.51031900802627 1.02596851112321 1.79198151337914 1.32924752100371 1.38513215910643 1.38604317908175 1.57970464741811 1.80795404920354 1.67555722943507 1.91402426245622 1.84718305873685 1.44292271067388 1.21709808986634 1.33945168158971 1.24970084312372 1.26310959621333
1.63923523388803 1.21976856677793 1.21666642976925 1.86151591618545 0 0.993204792030156 1.45521826064214 1.7174033340998 1.2708810318727 1.05113093857653 1.15004785871133 1.87387622357346 1.01464916509576 1.01235233922489 1.01978594786488 1.17264810227789 1.89533178298734 1.26558672380634 1.1762969114352 1.33403557445854 1.04165467922576 1.57539718318731 1.1230395634193 1.71409972407855 1.47876706440002 1.1402360140346 1.55618417751975 1.34627578826621 1.15924489544705 1.9342020128388
1.23870360059664 1.49547050474212 1.00127207674086 1.75638416688889 0.993204792030156 0 0.998046460561454 1.22533708554693 1.85462731821463 1.75192810897715 1.76434266823344 1.96975006302819 1.41140247392468 1.47722801263444 1.57974878675304 1.1290908686351 1.63060023519211 1.70445233210921 1.68197036697529 1.37200508452952 1.48651176691055 1.73021993553266 1.49507364677265 1.9589519049041 1.53748834924772 1.18378881318495 1.37599142082036 1.68168565980159 1.51171252294444 1.12494128174148
1.88463329337537 1.61786782345735 1.76246609189548 1.81872908677906 1.45521826064214 0.998046460561454 0 1.11203975882381 1.37890728400089 1.46117889881134 1.30257424991578 0.983480641618371 1.31177291763015 1.15931221097708 1.13652990129776 1.49541839212179 1.55556114250794 1.24384790775366 1.919750895584 1.49913391773589 1.85152018419467 1.58818753692321 1.82661630958319 1.165248895064 1.8844427857548 1.80818921257742 1.87119325110689 1.64506368874572 1.09625682304613 1.9685584816616
1.76478660292923 1.72066684253514 1.49526231992058 1.04994557029568 1.7174033340998 1.22533708554693 1.11203975882381 0 1.12631859770045 1.72527889837511 1.73515811539255 1.09872128325514 1.97277041198686 1.76292348047718 1.73381743300706 1.59957743855193 1.20833505271003 1.35415660822764 1.01404544408433 1.3825928370934 1.78219685866497 1.55632760142908 1.04871209315024 1.86701837158762 1.06609246693552 1.04075684281997 1.66817647684366 1.58648026315495 1.44795245700516 1.23829760798253
1.42943477258086 1.20009700860828 1.91275565698743 1.66475248290226 1.2708810318727 1.85462731821463 1.37890728400089 1.12631859770045 0 1.95987674663775 1.02739937673323 1.07160210493021 1.91408311319537 1.78531786054373 1.63609755272046 1.75459408061579 1.47720804065466 1.13411146495491 1.0164333912544 1.66212637419812 1.68100880598649 1.64377112360671 1.34268164867535 1.63264201581478 1.73741411534138 1.28378626704216 1.14886693540029 1.11087009706534 1.29464459372684 1.00393484579399
1.4447766400408 1.25077180983499 1.83741919160821 1.20747376512736 1.05113093857653 1.75192810897715 1.46117889881134 1.72527889837511 1.95987674663775 0 0.999015620909631 1.15501416777261 1.29589036200196 1.48277384811081 1.01290390687063 1.56781613733619 1.16864427295513 1.24294679029845 1.72299783607014 1.23619996220805 1.77484674565494 1.17613820917904 1.82427183282562 1.38747002324089 1.04414851404727 1.22739992407151 1.7446452321019 1.28418804286048 1.16605059243739 1.17796495836228
1.86786975944415 1.65010512224399 1.8257922322955 1.34911454468966 1.15004785871133 1.76434266823344 1.30257424991578 1.73515811539255 1.02739937673323 0.999015620909631 0 1.75992976874113 1.0044809456449 1.33755622524768 1.15948460134678 1.85582759650424 1.7509349687025 1.45455471798778 1.75666993996128 1.52700938587077 1.88979605562054 1.91996416985057 1.78864548238926 1.4953533813823 1.1350851203315 1.95252660452388 1.54088068078272 1.34792782086879 1.08282184042037 1.81452035834081
1.37020127102733 1.64763223589398 1.68351564696059 1.53285201406106 1.87387622357346 1.96975006302819 0.983480641618371 1.09872128325514 1.07160210493021 1.15501416777261 1.75992976874113 0 1.83207244309597 1.06160637061112 1.31598012335598 1.9043595562689 1.89669151511043 1.03694220096804 1.61028594640084 1.5262807731051 1.38561753183603 1.16545104864053 1.07527750334702 1.75693158688955 1.01786943268962 1.58555010939017 1.88600706285797 1.50955955591053 1.95540027460083 0.985077840043232
1.03630600287579 1.51763117336668 1.15554369543679 1.08667857339606 1.01464916509576 1.41140247392468 1.31177291763015 1.97277041198686 1.91408311319537 1.29589036200196 1.0044809456449 1.83207244309597 0 1.21951614087448 1.31470388243906 1.38183776871301 1.07930904370733 1.91536353179254 1.71652541216463 1.38014741009101 1.77083049830981 1.76643176353537 1.35474180104211 1.03987189289182 1.83830386307091 1.3398538697511 1.57397638238035 1.46013809251599 1.35540112084709 1.32889568549581
1.77856125659309 1.72307986509986 1.00052310083993 1.81230036146007 1.01235233922489 1.47722801263444 1.15931221097708 1.76292348047718 1.78531786054373 1.48277384811081 1.33755622524768 1.06160637061112 1.21951614087448 0 1.69599817157723 1.32086380082183 1.2815668003168 1.96571177127771 1.40261598885991 1.65667068539187 1.08005333808251 1.40554232615978 1.78820604854263 1.93702866067179 1.64806380355731 1.89639974222519 1.92401836928912 0.982544285943732 1.66954619903117 1.02742056478746
1.17288829106838 1.50216007139534 1.84110098122619 1.51031900802627 1.01978594786488 1.57974878675304 1.13652990129776 1.73381743300706 1.63609755272046 1.01290390687063 1.15948460134678 1.31598012335598 1.31470388243906 1.69599817157723 0 0.983005276881158 1.43825463275425 1.21276737633161 1.9690211948473 1.86776733654551 1.5266029224731 1.12075224029832 1.77699518902227 1.44256419478916 1.61504218867049 1.82801993028261 1.88904460892081 1.37839458114468 1.47995394677855 1.51307918829843
1.95587900397368 0.9886334547773 1.13583834539168 1.02596851112321 1.17264810227789 1.1290908686351 1.49541839212179 1.59957743855193 1.75459408061579 1.56781613733619 1.85582759650424 1.9043595562689 1.38183776871301 1.32086380082183 0.983005276881158 0 1.54300987883471 1.6785092682112 1.08070811699145 1.7016994797159 1.34652745025232 1.64560879091732 1.69579340098426 1.49771816493012 1.93899863213301 1.01525036175735 1.48010638612323 1.35445546521805 1.27668956038542 1.48108576843515
1.62646178901196 1.54289475292899 1.54147645877674 1.79198151337914 1.89533178298734 1.63060023519211 1.55556114250794 1.20833505271003 1.47720804065466 1.16864427295513 1.7509349687025 1.89669151511043 1.07930904370733 1.2815668003168 1.43825463275425 1.54300987883471 0 1.63277565757744 1.03913924726658 1.00932511128485 1.19109788816422 1.85971835278906 1.4901321369689 1.17699043406174 1.16871930705383 1.6370637784712 1.91859153471887 1.95735206268728 0.998855825280771 1.84138856851496
1.72253705305047 0.985621955012903 1.8942291198764 1.32924752100371 1.26558672380634 1.70445233210921 1.24384790775366 1.35415660822764 1.13411146495491 1.24294679029845 1.45455471798778 1.03694220096804 1.91536353179254 1.96571177127771 1.21276737633161 1.6785092682112 1.63277565757744 0 1.7162724614609 1.46610771096312 1.73181072087027 1.43062250199728 1.25179525231943 0.995722994906828 1.23623804887757 1.32688119355589 1.58837395953014 1.20127001474611 1.0216147294268 1.16288752784021
1.89011974981986 1.68617583438754 1.57492976775393 1.38513215910643 1.1762969114352 1.68197036697529 1.919750895584 1.01404544408433 1.0164333912544 1.72299783607014 1.75666993996128 1.61028594640084 1.71652541216463 1.40261598885991 1.9690211948473 1.08070811699145 1.03913924726658 1.7162724614609 0 1.09967973828316 1.21082767657936 1.19778020237572 1.40392994042486 1.44462752412073 1.62475866591558 1.60356955905445 1.62389056547545 1.63930162973702 1.47967398818582 1.60755377076566
1.07463595434092 1.60597694758326 1.26356761110947 1.38604317908175 1.33403557445854 1.37200508452952 1.49913391773589 1.3825928370934 1.66212637419812 1.23619996220805 1.52700938587077 1.5262807731051 1.38014741009101 1.65667068539187 1.86776733654551 1.7016994797159 1.00932511128485 1.46610771096312 1.09967973828316 0 1.24581457558088 1.73136241897009 1.08702608104795 1.51144509506412 1.64529830752872 1.27955205040053 1.19451419822872 1.51945657888427 1.64007501071319 1.81713747070171
1.18881478207186 1.9003178763669 1.32644225028343 1.57970464741811 1.04165467922576 1.48651176691055 1.85152018419467 1.78219685866497 1.68100880598649 1.77484674565494 1.88979605562054 1.38561753183603 1.77083049830981 1.08005333808251 1.5266029224731 1.34652745025232 1.19109788816422 1.73181072087027 1.21082767657936 1.24581457558088 0 1.5379719522316 1.24721316434443 1.19841676577926 1.96084155631252 1.2049854027573 1.110641178675 1.03745867987163 1.73431562981568 1.30441392026842
1.60007780371234 1.00793478242122 1.59833048540168 1.80795404920354 1.57539718318731 1.73021993553266 1.58818753692321 1.55632760142908 1.64377112360671 1.17613820917904 1.91996416985057 1.16545104864053 1.76643176353537 1.40554232615978 1.12075224029832 1.64560879091732 1.85971835278906 1.43062250199728 1.19778020237572 1.73136241897009 1.5379719522316 0 1.73567597568035 0.98695184267126 1.76303807809018 1.06312931445427 1.92424075515009 1.12736720265821 1.19875899655744 1.55546282487921
1.96824177075177 1.32256912393495 1.68398488149978 1.67555722943507 1.1230395634193 1.49507364677265 1.82661630958319 1.04871209315024 1.34268164867535 1.82427183282562 1.78864548238926 1.07527750334702 1.35474180104211 1.78820604854263 1.77699518902227 1.69579340098426 1.4901321369689 1.25179525231943 1.40392994042486 1.08702608104795 1.24721316434443 1.73567597568035 0 1.53579951566644 1.84261639951728 1.05113961198367 1.27635909523815 1.65377068542875 1.90412705624476 1.46205741516314
1.9655880543869 1.32472613663413 1.08954264782369 1.91402426245622 1.71409972407855 1.9589519049041 1.165248895064 1.86701837158762 1.63264201581478 1.38747002324089 1.4953533813823 1.75693158688955 1.03987189289182 1.93702866067179 1.44256419478916 1.49771816493012 1.17699043406174 0.995722994906828 1.44462752412073 1.51144509506412 1.19841676577926 0.98695184267126 1.53579951566644 0 1.85699409455992 1.86654497892596 1.69588750624098 1.86382783134468 1.34062148840167 1.44386721076444
1.93251668429002 1.85665348474868 1.53753041988239 1.84718305873685 1.47876706440002 1.53748834924772 1.8844427857548 1.06609246693552 1.73741411534138 1.04414851404727 1.1350851203315 1.01786943268962 1.83830386307091 1.64806380355731 1.61504218867049 1.93899863213301 1.16871930705383 1.23623804887757 1.62475866591558 1.64529830752872 1.96084155631252 1.76303807809018 1.84261639951728 1.85699409455992 0 1.59628123044968 1.86306402203627 1.73087698919699 1.03549358760938 1.73427211679518
1.78095079050399 1.48571307049133 1.81210764800198 1.44292271067388 1.1402360140346 1.18378881318495 1.80818921257742 1.04075684281997 1.28378626704216 1.22739992407151 1.95252660452388 1.58555010939017 1.3398538697511 1.89639974222519 1.82801993028261 1.01525036175735 1.6370637784712 1.32688119355589 1.60356955905445 1.27955205040053 1.2049854027573 1.06312931445427 1.05113961198367 1.86654497892596 1.59628123044968 0 1.60388727672398 1.7944592575077 1.62683290662244 1.35754053061828
1.40755454124883 1.06548984255642 1.12749587115832 1.21709808986634 1.55618417751975 1.37599142082036 1.87119325110689 1.66817647684366 1.14886693540029 1.7446452321019 1.54088068078272 1.88600706285797 1.57397638238035 1.92401836928912 1.88904460892081 1.48010638612323 1.91859153471887 1.58837395953014 1.62389056547545 1.19451419822872 1.110641178675 1.92424075515009 1.27635909523815 1.69588750624098 1.86306402203627 1.60388727672398 0 1.97775637870654 1.90462784166448 1.93240299122408
1.53234412078746 1.84123740391806 1.18198845046572 1.33945168158971 1.34627578826621 1.68168565980159 1.64506368874572 1.58648026315495 1.11087009706534 1.28418804286048 1.34792782086879 1.50955955591053 1.46013809251599 0.982544285943732 1.37839458114468 1.35445546521805 1.95735206268728 1.20127001474611 1.63930162973702 1.51945657888427 1.03745867987163 1.12736720265821 1.65377068542875 1.86382783134468 1.73087698919699 1.7944592575077 1.97775637870654 0 1.92788515868597 1.14732850762084
1.35519446642138 1.00472357752733 1.80789605295286 1.24970084312372 1.15924489544705 1.51171252294444 1.09625682304613 1.44795245700516 1.29464459372684 1.16605059243739 1.08282184042037 1.95540027460083 1.35540112084709 1.66954619903117 1.47995394677855 1.27668956038542 0.998855825280771 1.0216147294268 1.47967398818582 1.64007501071319 1.73431562981568 1.19875899655744 1.90412705624476 1.34062148840167 1.03549358760938 1.62683290662244 1.90462784166448 1.92788515868597 0 1.51255630911328
1.52188647934236 1.43501198664308 1.00162291782908 1.26310959621333 1.9342020128388 1.12494128174148 1.9685584816616 1.23829760798253 1.00393484579399 1.17796495836228 1.81452035834081 0.985077840043232 1.32889568549581 1.02742056478746 1.51307918829843 1.48108576843515 1.84138856851496 1.16288752784021 1.60755377076566 1.81713747070171 1.30441392026842 1.55546282487921 1.46205741516314 1.44386721076444 1.73427211679518 1.35754053061828 1.93240299122408 1.14732850762084 1.51255630911328 0
