0 1.93581338156946 1.70450832135975 1.51816997840069 1.29352041939273 0.979495133273304 1.881766166538 1.15088729211129 1.2683798156213 1.81164237204939 1.35127157741226 1.41150036919862 1.93743055569939 1.69842144777067 1.77212941134349 1.24532431666739 1.46127329161391 1.31524113216437 1.55325316544622 1.86728707142174 1.60785445314832 1.62379903066903 1.19542908109725 1.23813200509176 1.5285126476083 1.7722965918947 1.48070426285267 1.09183751116507 1.60607987479307 1.01700134947896
1.93581338156946 0 1.79909109254368 1.86171544413082 1.17857067077421 1.08791610226035 1.52775079989806 1.37037968635559 1.85727524431422 1.17138428403996 1.54105209931731 1.77735021803528 1.14065764681436 1.16464400314726 1.87752509093843 1.05509326397441 1.72310289740562 1.7771093249321 1.2087494393345 0.999891994055361 1.06673322152346 1.54134195484221 1.92463525338098 1.84909317665733 1.17090575303882 1.86284802784212 1.37137059285305 1.8263123081997 1.38340280693956 1.94527833606116
1.70450832135975 1.79909109254368 0 1.585709417006 1.09604138112627 1.05065974919125 1.54873899719678 1.94314066320658 1.41194428526796 1.94111507176422 1.0128175385762 1.79975583823398 0.989017541054636 1.94134637690149 1.24537770287134 1.59756345720962 1.65754609298892 1.76219466072507 1.90961097367108 1.2044439916499 1.49726394773461 1.42699515842833 1.3807339486666 1.60835275496356 1.27230825601146 1.65876488457434 1.67895442503504 1.04477270133793 1.23716518469155 1.37874903366901
1.51816997840069 1.86171544413082 1.585709417006 0 1.36456683883443 1.15373006439768 1.69510135427117 1.42143229790963 1.6173248749692 1.12365280766971 1.32861026818864 1.01023144461215 1.36440499662422 1.17830069013871 1.06493778177537 1.73017379711382 1.87607009429485 1.91602210677229 1.16198754613288 1.61896524671465 1.84655832825229 1.27944800117984 1.26115575712174 1.21906388434581 1.20676533831283 1.90595031878911 1.59923317283392 1.68487450061366 1.6728928447701 1.9472854596097
1.29352041939273 1.17857067077421 1.09604138112627 1.36456683883443 0 1.31638351129368 1.54291418334469 1.07757380837575 1.16645098035224 1.43708566809073 1.54632610618137 1.11068113124929 1.23737626196817 1.18361409986392 1.20702961250208 1.85065270354971 1.61594576272182 1.67880625231192 1.70783169288188 1.41230688197538 1.1729916469194 1.46387996408157 1.79543486400507 1.68779543042183 1.80022962298244 1.06906869239174 1.64521411038004 1.4487797121983 1.27963320887648 1.91827230085619
0.979495133273304 1.08791610226035 1.05065974919125 1.15373006439768 1.31638351129368 0 1.57840950181708 1.24139445321634 1.5590095850639 1.87688580388203 1.43735716771334 1.05012651835568 1.77490157145076 1.52980753732845 1.80404776078649 1.52359304879792 1.88084864476696 1.22660225955769 1.19465140858665 1.13170748669654 1.27834776835516 1.68568812706508 1.66643199813552 1.21198810916394 1.68634823639877 1.33380607818253 1.86499716667458 1.65657847141847 0.983806714881212 1.34342232788913
1.881766166538 1.52775079989806 1.54873899719678 1.69510135427117 1.54291418334469 1.57840950181708 0 1.20139976264909 0.958454806590453 1.76872559892945 1.87533195409924 1.86571351182647 1.31378882029094 1.11348461243324 0.988923439290375 1.71666287910193 1.35023653088138 1.54274715669453 1.29418070754036 1.405302133644 0.980825502192602 1.74109634780325 0.9510637531057 1.81753099197522 1.44643240259029 1.54638026538305 1.18441963754594 1.86036585108377 1.91380815766752 1.66326784691773
1.15088729211129 1.37037968635559 1.94314066320658 1.42143229790963 1.07757380837575 1.24139445321634 1.20139976264909 0 1.84577258676291 1.11386075010523 1.71081379894167 1.80283454549499 1.79366194456816 1.63331415364519 1.8713076710701 1.49800797947682 1.02726008160971 1.90201135235839 1.39165594987571 1.2702256643679 1.71584307937883 1.54999858094379 1.38797592534684 1.83429453312419 1.91325121605769 1.49191136541776 1.856630185619 1.89326999289915 1.63786775246263 0.983467558398843
1.2683798156213 1.85727524431422 1.41194428526796 1.6173248749692 1.16645098035224 1.5590095850639 0.958454806590453 1.84577258676291 0 1.49536291090772 1.89321917691268 1.74840589892119 1.6153958493378 1.53818628448062 1.00719110900536 1.17825742554851 1.1974018367473 1.92375654913485 1.45251994719729 1.13115028454922 1.03048619953915 1.83464076346718 1.66933531989343 1.25718928920105 1.10966838547029 1.64281253074296 1.91342685883865 1.82399404491298 1.23621336556971 1.10902456846088
1.81164237204939 1.17138428403996 1.94111507176422 1.12365280766971 1.43708566809073 1.87688580388203 1.76872559892945 1.11386075010523 1.49536291090772 0 1.28870431659743 1.30486823292449 1.17133121006191 1.55542400153354 1.80242896592245 1.60356695367955 1.23459778563119 1.89274353021756 1.7174778576009 1.88758744462393 1.12539286888205 1.37535427277908 1.31022515636869 1.33838306646794 1.87386353197508 1.65431023901328 1.14504837966524 1.63563136896119 1.62677297927439 1.66802461794578
1.35127157741226 1.54105209931731 1.0128175385762 1.32861026818864 1.54632610618137 1.43735716771334 1.87533195409924 1.71081379894167 1.89321917691268 1.28870431659743 0 1.55327393393964 1.6258195429109 1.8607762993779 1.82839130470529 1.34020141325891 1.75803219922818 1.48314803419635 1.91221953928471 1.8307995586656 1.33973453869112 1.24053812585771 1.15411831112579 1.86796522885561 1.3227578047663 1.05405180575326 1.73013045126572 1.79792701173574 1.18334885220975 1.33704018197022
1.41150036919862 1.77735021803528 1.79975583823398 1.01023144461215 1.11068113124929 1.05012651835568 1.86571351182647 1.80283454549499 1.74840589892119 1.30486823292449 1.55327393393964 0 1.53760989126749 1.07551986305043 1.23714312282391 1.36983750551008 1.51839063037187 1.6269747838378 1.80048227636144 1.67732825106941 1.14209097251296 1.0367725067772 1.90109939943068 1.67467262875289 1.73619810887612 1.31332658510655 1.49231625394896 1.28958751447499 1.1531322367955 1.32853697240353
1.93743055569939 1.14065764681436 0.989017541054636 1.36440499662422 1.23737626196817 1.77490157145076 1.31378882029094 1.79366194456816 1.6153958493378 1.17133121006191 1.6258195429109 1.53760989126749 0 1.68011774774641 1.35804466321133 1.26058637956157 1.41086052404717 1.83909568935633 1.04443241329864 1.05278634023853 1.17963208514266 1.78317844122648 1.33804527739994 1.33754972205497 1.73046198766679 1.80757609242573 1.86541339755058 1.78355368413031 1.58620751975104 1.13358544395305
1.69842144777067 1.16464400314726 1.94134637690149 1.17830069013871 1.18361409986392 1.52980753732845 1.11348461243324 1.63331415364519 1.53818628448062 1.55542400153354 1.8607762993779 1.07551986305043 1.68011774774641 0 1.43386573018506 0.975268694106489 1.48056586203165 1.26058640424162 1.8120799139142 1.31523223989643 0.988671048078686 1.26286309817806 1.31772466679104 1.36869739368558 1.35970774572343 1.48993849358521 1.37718856404535 1.13652179110795 1.27238735649735 1.05930908257142
1.77212941134349 1.87752509093843 1.24537770287134 1.06493778177537 1.20702961250208 1.80404776078649 0.988923439290375 1.8713076710701 1.00719110900536 1.80242896592245 1.82839130470529 1.23714312282391 1.35804466321133 1.43386573018506 0 1.4488281623926 0.972140813944861 1.63407366583124 1.60280508291908 1.30397907109 1.05550034716725 1.27257080306299 1.65713898721151 1.01898831129074 1.6887269676663 1.28615145431831 1.21021519438364 1.0184515316505 1.86561628105119 1.08012423710898
1.24532431666739 1.05509326397441 1.59756345720962 1.73017379711382 1.85065270354971 1.52359304879792 1.71666287910193 1.49800797947682 1.17825742554851 1.60356695367955 1.34020141325891 1.36983750551008 1.26058637956157 0.975268694106489 1.4488281623926 0 1.00191194727086 1.92658827337436 1.32569117401727 1.35135873989202 1.07753878016956 1.36179920658469 1.16584631567821 1.68067084276117 1.36993546364829 1.20985642727464 1.54734230763279 1.94938139803708 1.69496608781628 1.15870880451985
1.46127329161391 1.72310289740562 1.65754609298892 1.87607009429485 1.61594576272182 1.88084864476696 1.35023653088138 1.02726008160971 1.1974018367473 1.23459778563119 1.75803219922818 1.51839063037187 1.41086052404717 1.48056586203165 0.972140813944861 1.00191194727086 0 1.33008409989998 1.35033225174993 1.01091617275961 1.7905968753621 1.21453106729314 1.37171159381978 1.52074948116206 1.02118847123347 1.20421629282646 1.19728277623653 1.5030717861373 1.56195902195759 1.57779535534792
1.31524113216437 1.7771093249321 1.76219466072507 1.91602210677229 1.67880625231192 1.22660225955769 1.54274715669453 1.90201135235839 1.92375654913485 1.89274353021756 1.48314803419635 1.6269747838378 1.83909568935633 1.26058640424162 1.63407366583124 1.92658827337436 1.33008409989998 0 1.56884578452446 1.68123611086048 1.3500963205006 0.965665442636237 1.4964747345075 1.39393301168457 1.38756193127483 1.24013098399155 1.34444480808452 1.5553540000692 1.83027089457028 1.56247670017183
1.55325316544622 1.2087494393345 1.90961097367108 1.16198754613288 1.70783169288188 1.19465140858665 1.29418070754036 1.39165594987571 1.45251994719729 1.7174778576009 1.91221953928471 1.80048227636144 1.04443241329864 1.8120799139142 1.60280508291908 1.32569117401727 1.35033225174993 1.56884578452446 0 1.66303816461004 1.86881862580776 1.13661346887238 1.93960062577389 1.24404162890278 1.1916872933507 0.98255796963349 0.965961766196415 1.85266112419777 1.18081764644012 1.20536578609608
1.86728707142174 0.999891994055361 1.2044439916499 1.61896524671465 1.41230688197538 1.13170748669654 1.405302133644 1.2702256643679 1.13115028454922 1.88758744462393 1.8307995586656 1.67732825106941 1.05278634023853 1.31523223989643 1.30397907109 1.35135873989202 1.01091617275961 1.68123611086048 1.66303816461004 0 1.73870839294977 1.3802669334691 1.79044413287193 1.06904179835692 1.43023244920187 1.5522342317272 1.12887059943751 1.4678489305079 1.16967610199936 1.36236108699813
1.60785445314832 1.06673322152346 1.49726394773461 1.84655832825229 1.1729916469194 1.27834776835516 0.980825502192602 1.71584307937883 1.03048619953915 1.12539286888205 1.33973453869112 1.14209097251296 1.17963208514266 0.988671048078686 1.05550034716725 1.07753878016956 1.7905968753621 1.3500963205006 1.86881862580776 1.73870839294977 0 1.01203578850254 1.41423865384422 1.30793432984501 1.48414529114962 1.23394698905759 1.34693310433067 1.79240409797058 1.23232076573186 1.25717450282536
1.62379903066903 1.54134195484221 1.42699515842833 1.27944800117984 1.46387996408157 1.68568812706508 1.74109634780325 1.54999858094379 1.83464076346718 1.37535427277908 1.24053812585771 1.0367725067772 1.78317844122648 1.26286309817806 1.27257080306299 1.36179920658469 1.21453106729314 0.965665442636237 1.13661346887238 1.3802669334691 1.01203578850254 0 1.94960364000872 1.90046242740937 0.980810375651345 1.7614656155929 1.92989162774757 1.61565074743703 1.00537271681242 1.0236557170283
1.19542908109725 1.92463525338098 1.3807339486666 1.26115575712174 1.79543486400507 1.66643199813552 0.9510637531057 1.38797592534684 1.66933531989343 1.31022515636869 1.15411831112579 1.90109939943068 1.33804527739994 1.31772466679104 1.65713898721151 1.16584631567821 1.37171159381978 1.4964747345075 1.93960062577389 1.79044413287193 1.41423865384422 1.94960364000872 0 1.74816938582808 1.8894958558958 0.957042656140402 1.25456833932549 1.25694916606881 1.68063586740755 1.37307276460342
1.23813200509176 1.84909317665733 1.60835275496356 1.21906388434581 1.68779543042183 1.21198810916394 1.81753099197522 1.83429453312419 1.25718928920105 1.33838306646794 1.86796522885561 1.67467262875289 1.33754972205497 1.36869739368558 1.01898831129074 1.68067084276117 1.52074948116206 1.39393301168457 1.24404162890278 1.06904179835692 1.30793432984501 1.90046242740937 1.74816938582808 0 1.31298057478853 1.36016607587226 0.999048305442557 1.00775574357249 1.28139923838899 0.962746779667214
1.5285126476083 1.17090575303882 1.27230825601146 1.20676533831283 1.80022962298244 1.68634823639877 1.44643240259029 1.91325121605769 1.10966838547029 1.87386353197508 1.3227578047663 1.73619810887612 1.73046198766679 1.35970774572343 1.6887269676663 1.36993546364829 1.02118847123347 1.38756193127483 1.1916872933507 1.43023244920187 1.48414529114962 0.980810375651345 1.8894958558958 1.31298057478853 0 1.93122033635154 1.4658088372089 1.82438906817697 1.90863058855757 1.82858022116125
1.7722965918947 1.86284802784212 1.65876488457434 1.90595031878911 1.06906869239174 1.33380607818253 1.54638026538305 1.49191136541776 1.64281253074296 1.65431023901328 1.05405180575326 1.31332658510655 1.80757609242573 1.48993849358521 1.28615145431831 1.20985642727464 1.20421629282646 1.24013098399155 0.98255796963349 1.5522342317272 1.23394698905759 1.7614656155929 0.957042656140402 1.36016607587226 1.93122033635154 0 1.7324876235798 1.61571418028325 1.6811464978382 1.31836021947674
1.48070426285267 1.37137059285305 1.67895442503504 1.59923317283392 1.64521411038004 1.86499716667458 1.18441963754594 1.856630185619 1.91342685883865 1.14504837966524 1.73013045126572 1.49231625394896 1.86541339755058 1.37718856404535 1.21021519438364 1.54734230763279 1.19728277623653 1.34444480808452 0.965961766196415 1.12887059943751 1.34693310433067 1.92989162774757 1.25456833932549 0.999048305442557 1.4658088372089 1.7324876235798 0 1.16684911423363 1.10777418338694 1.84744861419313
1.09183751116507 1.8263123081997 1.04477270133793 1.68487450061366 1.4487797121983 1.65657847141847 1.86036585108377 1.89326999289915 1.82399404491298 1.63563136896119 1.79792701173574 1.28958751447499 1.78355368413031 1.13652179110795 1.0184515316505 1.94938139803708 1.5030717861373 1.5553540000692 1.85266112419777 1.4678489305079 1.79240409797058 1.61565074743703 1.25694916606881 1.00775574357249 1.82438906817697 1.61571418028325 1.16684911423363 0 1.59723483794369 1.42297391686589
1.60607987479307 1.38340280693956 1.23716518469155 1.6728928447701 1.27963320887648 0.983806714881212 1.91380815766752 1.63786775246263 1.23621336556971 1.62677297927439 1.18334885220975 1.1531322367955 1.58620751975104 1.27238735649735 1.86561628105119 1.69496608781628 1.56195902195759 1.83027089457028 1.18081764644012 1.16967610199936 1.23232076573186 1.00537271681242 1.68063586740755 1.28139923838899 1.90863058855757 1.6811464978382 1.10777418338694 1.59723483794369 0 1.03064946853556
1.01700134947896 1.94527833606116 1.37874903366901 1.9472854596097 1.91827230085619 1.34342232788913 1.66326784691773 0.983467558398843 1.10902456846088 1.66802461794578 1.33704018197022 1.32853697240353 1.13358544395305 1.05930908257142 1.08012423710898 1.15870880451985 1.57779535534792 1.56247670017183 1.20536578609608 1.36236108699813 1.25717450282536 1.0236557170283 1.37307276460342 0.962746779667214 1.82858022116125 1.31836021947674 1.84744861419313 1.42297391686589 1.03064946853556 0
