0 1.33901936863549 1.18166875001043 1.27356245229021 1.16547036496922 1.34602762502618 1.03377400408499 1.39699121494778 1.2859817862045 1.80582508514635 1.51429604762234 1.81957168853842 0.978758155601099 1.64265468041413 1.57572232931852 1.03271522116847 0.979743236210197 1.43564294069074 1.36396996094845 1.42316197254695 1.29264165274799 0.970978157129139 1.85582313733175 1.63196303788573 1.03716829628684 1.45300713600591 1.21892039175145 1.11145990667865 1.83123091352172 1.54007741436362
1.33901936863549 0 1.01239280938171 1.49294928810559 1.11913290759549 1.83695244160481 1.82284720754251 1.64560219924897 1.1615819290746 1.05192735069431 1.85267724865116 1.46354303974658 1.5648901402019 0.979367485502735 1.78869798150845 0.970982431899756 0.952688408084214 1.36419267440215 1.29201786639169 1.53217725898139 1.46836902899668 1.42157617397606 1.6708088661544 1.40757609717548 1.03388352622278 1.28054337482899 1.57095801946707 1.76497310562991 1.51061944500543 1.52862219675444
1.18166875001043 1.01239280938171 0 1.73382736300118 1.58008756488562 1.41262504062615 1.29253161605448 1.71633974160068 1.25814812653698 1.46931188064627 1.52012237790041 1.79718052735552 1.43107284023426 1.20774172223173 1.45689161284827 1.58747104578651 1.15948196686804 1.82637245836668 1.3227029859554 1.07860294543207 1.17227250896394 1.62989353854209 1.84242748911493 1.27147005009465 1.64383921260014 1.02401493117213 1.05940601881593 0.933060751762241 1.72460279799998 1.19920211331919
1.27356245229021 1.49294928810559 1.73382736300118 0 0.934554758714512 1.66648202948272 1.47661443054676 1.7719957861118 1.09744784841314 1.69628905155696 0.957963596563786 1.09306617290713 1.82875527231954 1.09562725829892 1.86943999887444 1.00137091008946 1.65885614184663 1.79275373136625 1.27004781318828 1.17473782715388 0.946894105290994 1.59355112817138 1.18026333465241 1.18345940392464 0.932930630398914 1.29379083262756 1.49510552850552 1.77890305360779 1.07953845942393 1.87320894212462
1.16547036496922 1.11913290759549 1.58008756488562 0.934554758714512 0 1.8395696093794 1.23786353319883 1.65003385092132 1.33848849893548 1.91460128780454 1.25851397798397 1.24947289400734 1.4069792968221 1.55230370955542 1.82124333595857 0.942025377880782 0.924805786926299 1.41949556116015 1.37240483891219 1.25732645881362 1.54319353587925 1.49101812508889 0.974545023636892 1.10689914063551 0.990391244878992 1.53299745009281 0.923258810304105 1.16686790366657 1.73056419682689 1.58807233115658
1.34602762502618 1.83695244160481 1.41262504062615 1.66648202948272 1.8395696093794 0 1.85523939551786 1.4275143602863 1.27624726924114 1.12081259139813 1.17896464443766 1.88735357904807 1.42374480189756 1.79248163290322 1.43751547811553 1.72876181197353 1.22450179699808 1.60465111676604 1.51668547140434 1.05869510141201 1.09532571095042 1.64320648321882 1.51456410461105 1.32145697250962 1.89475336088799 1.17144185374491 1.54933382873423 1.10105311288498 1.41729949251749 1.38530293246731
1.03377400408499 1.82284720754251 1.29253161605448 1.47661443054676 1.23786353319883 1.85523939551786 0 1.0873003450688 1.26121466746554 1.22001233929768 1.83501502731815 1.2500430799555 1.20462367776781 1.78747621783987 1.69317371002398 1.73604741995223 1.54179797065444 1.69860904291272 1.13037553266622 1.87416822649539 1.54026277200319 1.86993797169998 1.70952835632488 1.6309392566327 1.88635634817183 1.88509873161092 1.23191689956002 1.06854211702012 0.923372439807281 1.85003495938145
1.39699121494778 1.64560219924897 1.71633974160068 1.7719957861118 1.65003385092132 1.4275143602863 1.0873003450688 0 1.69110870338045 1.18410429079086 1.82974266586825 0.934556869091466 1.24420176912099 1.84347230521962 1.62451826222241 1.27892698999494 1.75798451411538 1.24568971851841 0.935484406771138 1.5212265085429 1.46195807587355 1.64232127182186 0.922508886083961 1.20732780615799 1.02911972720176 1.80574824241921 1.43845447991043 1.03307821950875 1.60391663992777 1.26923741702922
1.2859817862045 1.1615819290746 1.25814812653698 1.09744784841314 1.33848849893548 1.27624726924114 1.26121466746554 1.69110870338045 0 0.94383145775646 1.35239511472173 1.4116182057187 1.14198163500987 1.47863414487801 1.02735484112054 1.05255258502439 1.235154310707 1.47061087144539 1.38087796536274 1.1411506398581 1.23067399370484 1.098234933801 1.36296427017078 1.03331612492912 1.02272755210288 1.45266585447825 1.6426879116334 1.66067912871949 0.957158257253468 1.60643276991323
1.80582508514635 1.05192735069431 1.46931188064627 1.69628905155696 1.91460128780454 1.12081259139813 1.22001233929768 1.18410429079086 0.94383145775646 0 1.84579625935294 1.55454944167286 1.00489249103703 1.16594635765068 1.20420068898238 1.12808724516071 1.28179889917374 1.32429651287384 1.03266873047687 1.73950648191385 1.70121407159604 1.49070643517189 1.61877933749929 1.15661012683995 1.34808319294825 1.24152450892143 1.0476851395797 1.11535318568349 1.13442823779769 1.18609584611841
1.51429604762234 1.85267724865116 1.52012237790041 0.957963596563786 1.25851397798397 1.17896464443766 1.83501502731815 1.82974266586825 1.35239511472173 1.84579625935294 0 1.34448331873864 1.50865215691738 1.82012367551215 1.42676576669328 0.960920711513609 1.14002816332504 1.59538380336016 1.07207755371928 1.10549838724546 1.01175046223216 1.25762457074597 1.66575622069649 1.3888413014356 1.33319755853154 1.12087341793813 1.88809584197588 1.72644828539342 1.02858091541566 1.46206102776341
1.81957168853842 1.46354303974658 1.79718052735552 1.09306617290713 1.24947289400734 1.88735357904807 1.2500430799555 0.934556869091466 1.4116182057187 1.55454944167286 1.34448331873864 0 1.77135498425923 1.80281021329574 1.91262898338027 1.82555422303267 1.74924146826379 0.997893485240638 1.01990249031223 1.39052975783125 1.58301623957232 1.71952428109944 1.28585098055191 1.13773337262683 1.65437313681468 1.56399528635666 1.40455529629253 1.48802522663027 1.44429559749551 1.3384924759157
0.978758155601099 1.5648901402019 1.43107284023426 1.82875527231954 1.4069792968221 1.42374480189756 1.20462367776781 1.24420176912099 1.14198163500987 1.00489249103703 1.50865215691738 1.77135498425923 0 1.04828680073842 1.03135088901035 1.87581922812387 1.39828213164583 1.91298480285332 1.89748183148913 1.41068567987531 1.31340828514658 1.23528138455003 1.01243947213516 1.91785753308795 1.4764664771501 1.28837316553108 1.63710857601836 1.09683521813713 1.51655077142641 1.86690216185525
1.64265468041413 0.979367485502735 1.20774172223173 1.09562725829892 1.55230370955542 1.79248163290322 1.78747621783987 1.84347230521962 1.47863414487801 1.16594635765068 1.82012367551215 1.80281021329574 1.04828680073842 0 0.953903123969212 1.34437455167063 1.31690825149417 1.89853398711421 1.40277290460654 1.22032930213027 1.55716196144931 1.5890851104632 1.12829743232578 1.74789448338561 1.71909473696724 0.96231681574136 1.86693787551485 1.01264944579452 1.90752753103152 1.32746762759052
1.57572232931852 1.78869798150845 1.45689161284827 1.86943999887444 1.82124333595857 1.43751547811553 1.69317371002398 1.62451826222241 1.02735484112054 1.20420068898238 1.42676576669328 1.91262898338027 1.03135088901035 0.953903123969212 0 1.38007568428293 1.24624863360077 1.56937058689073 1.53618766437285 1.033720362233 1.26421492174268 1.6041282445658 1.0754739434924 1.20919232489541 1.82326449407265 1.38991831871681 1.71233483706601 1.14981702808291 1.42464389768429 1.49334739847109
1.03271522116847 0.970982431899756 1.58747104578651 1.00137091008946 0.942025377880782 1.72876181197353 1.73604741995223 1.27892698999494 1.05255258502439 1.12808724516071 0.960920711513609 1.82555422303267 1.87581922812387 1.34437455167063 1.38007568428293 0 0.984511367743835 1.16895376704633 1.3913138830103 1.42756472574547 1.72899682819843 1.53323398833163 1.38139098323882 1.44321336504072 1.37871344806626 1.57788845943287 1.39986083842814 1.21892669447698 1.07264732127078 1.25439259991981
0.979743236210197 0.952688408084214 1.15948196686804 1.65885614184663 0.924805786926299 1.22450179699808 1.54179797065444 1.75798451411538 1.235154310707 1.28179889917374 1.14002816332504 1.74924146826379 1.39828213164583 1.31690825149417 1.24624863360077 0.984511367743835 0 1.62530839373358 1.74348214105703 1.09042609180324 1.48757832613774 1.65544160152785 1.41095597995445 0.936563328141347 1.8648372720927 1.87188227614388 1.4275214469526 1.61239691567607 1.38022937788628 1.00904849427752
1.43564294069074 1.36419267440215 1.82637245836668 1.79275373136625 1.41949556116015 1.60465111676604 1.69860904291272 1.24568971851841 1.47061087144539 1.32429651287384 1.59538380336016 0.997893485240638 1.91298480285332 1.89853398711421 1.56937058689073 1.16895376704633 1.62530839373358 0 1.53182656667195 1.39731508260593 1.7186114937067 1.54152146843262 1.40468248398975 1.89737492334098 1.84324103221297 1.5156081141904 1.86703356681392 1.09196764579974 1.5017781923525 1.48650542553514
1.36396996094845 1.29201786639169 1.3227029859554 1.27004781318828 1.37240483891219 1.51668547140434 1.13037553266622 0.935484406771138 1.38087796536274 1.03266873047687 1.07207755371928 1.01990249031223 1.89748183148913 1.40277290460654 1.53618766437285 1.3913138830103 1.74348214105703 1.53182656667195 0 1.89531303732656 1.73431869433261 1.36583296419121 1.37717939773574 1.51651035249233 1.65960215497762 1.0415162530262 1.82151802466251 1.47941281157546 1.47624454181641 1.78674275055528
1.42316197254695 1.53217725898139 1.07860294543207 1.17473782715388 1.25732645881362 1.05869510141201 1.87416822649539 1.5212265085429 1.1411506398581 1.73950648191385 1.10549838724546 1.39052975783125 1.41068567987531 1.22032930213027 1.033720362233 1.42756472574547 1.09042609180324 1.39731508260593 1.89531303732656 0 0.948501113569364 0.942708197981119 0.95134685607627 1.69162081624381 1.69157172646374 1.72757182712667 1.41093788133003 1.1853045981843 0.978854220826179 1.64127670181915
1.29264165274799 1.46836902899668 1.17227250896394 0.946894105290994 1.54319353587925 1.09532571095042 1.54026277200319 1.46195807587355 1.23067399370484 1.70121407159604 1.01175046223216 1.58301623957232 1.31340828514658 1.55716196144931 1.26421492174268 1.72899682819843 1.48757832613774 1.7186114937067 1.73431869433261 0.948501113569364 0 1.23398393951356 1.28008503932506 1.47123759705573 1.8351391798351 1.70800379896536 1.17751288972795 1.6619696340058 1.03375354688615 1.54588159383275
0.970978157129139 1.42157617397606 1.62989353854209 1.59355112817138 1.49101812508889 1.64320648321882 1.86993797169998 1.64232127182186 1.098234933801 1.49070643517189 1.25762457074597 1.71952428109944 1.23528138455003 1.5890851104632 1.6041282445658 1.53323398833163 1.65544160152785 1.54152146843262 1.36583296419121 0.942708197981119 1.23398393951356 0 1.89405505405739 1.83442675787956 1.70872789481655 0.993096237303689 1.8851609416306 1.10676599829458 1.13191452785395 1.86541990470141
1.85582313733175 1.6708088661544 1.84242748911493 1.18026333465241 0.974545023636892 1.51456410461105 1.70952835632488 0.922508886083961 1.36296427017078 1.61877933749929 1.66575622069649 1.28585098055191 1.01243947213516 1.12829743232578 1.0754739434924 1.38139098323882 1.41095597995445 1.40468248398975 1.37717939773574 0.95134685607627 1.28008503932506 1.89405505405739 0 1.88705858681351 1.90855155768804 1.52404920873232 1.70193975954317 1.48493486479856 1.27875519520603 0.983680118108168
1.63196303788573 1.40757609717548 1.27147005009465 1.18345940392464 1.10689914063551 1.32145697250962 1.6309392566327 1.20732780615799 1.03331612492912 1.15661012683995 1.3888413014356 1.13773337262683 1.91785753308795 1.74789448338561 1.20919232489541 1.44321336504072 0.936563328141347 1.89737492334098 1.51651035249233 1.69162081624381 1.47123759705573 1.83442675787956 1.88705858681351 0 0.999514662660658 1.39139678911306 1.36084802099504 1.63308390998282 1.21947547909804 1.05782333971001
1.03716829628684 1.03388352622278 1.64383921260014 0.932930630398914 0.990391244878992 1.89475336088799 1.88635634817183 1.02911972720176 1.02272755210288 1.34808319294825 1.33319755853154 1.65437313681468 1.4764664771501 1.71909473696724 1.82326449407265 1.37871344806626 1.8648372720927 1.84324103221297 1.65960215497762 1.69157172646374 1.8351391798351 1.70872789481655 1.90855155768804 0.999514662660658 0 1.53383848653175 0.977057186188176 1.69534762762487 1.50129248411395 1.789936094312
1.45300713600591 1.28054337482899 1.02401493117213 1.29379083262756 1.53299745009281 1.17144185374491 1.88509873161092 1.80574824241921 1.45266585447825 1.24152450892143 1.12087341793813 1.56399528635666 1.28837316553108 0.96231681574136 1.38991831871681 1.57788845943287 1.87188227614388 1.5156081141904 1.0415162530262 1.72757182712667 1.70800379896536 0.993096237303689 1.52404920873232 1.39139678911306 1.53383848653175 0 0.976186797954142 1.21189014497213 1.21884485939518 0.97977882809937
1.21892039175145 1.57095801946707 1.05940601881593 1.49510552850552 0.923258810304105 1.54933382873423 1.23191689956002 1.43845447991043 1.6426879116334 1.0476851395797 1.88809584197588 1.40455529629253 1.63710857601836 1.86693787551485 1.71233483706601 1.39986083842814 1.4275214469526 1.86703356681392 1.82151802466251 1.41093788133003 1.17751288972795 1.8851609416306 1.70193975954317 1.36084802099504 0.977057186188176 0.976186797954142 0 1.42058724910021 1.3976367006544 1.71289592119865
1.11145990667865 1.76497310562991 0.933060751762241 1.77890305360779 1.16686790366657 1.10105311288498 1.06854211702012 1.03307821950875 1.66067912871949 1.11535318568349 1.72644828539342 1.48802522663027 1.09683521813713 1.01264944579452 1.14981702808291 1.21892669447698 1.61239691567607 1.09196764579974 1.47941281157546 1.1853045981843 1.6619696340058 1.10676599829458 1.48493486479856 1.63308390998282 1.69534762762487 1.21189014497213 1.42058724910021 0 1.90347203821875 1.03353705117479
1.83123091352172 1.51061944500543 1.72460279799998 1.07953845942393 1.73056419682689 1.41729949251749 0.923372439807281 1.60391663992777 0.957158257253468 1.13442823779769 1.02858091541566 1.44429559749551 1.51655077142641 1.90752753103152 1.42464389768429 1.07264732127078 1.38022937788628 1.5017781923525 1.47624454181641 0.978854220826179 1.03375354688615 1.13191452785395 1.27875519520603 1.21947547909804 1.50129248411395 1.21884485939518 1.3976367006544 1.90347203821875 0 1.85960281989537
1.54007741436362 1.52862219675444 1.19920211331919 1.87320894212462 1.58807233115658 1.38530293246731 1.85003495938145 1.26923741702922 1.60643276991323 1.18609584611841 1.46206102776341 1.3384924759157 1.86690216185525 1.32746762759052 1.49334739847109 1.25439259991981 1.00904849427752 1.48650542553514 1.78674275055528 1.64127670181915 1.54588159383275 1.86541990470141 0.983680118108168 1.05782333971001 1.789936094312 0.97977882809937 1.71289592119865 1.03353705117479 1.85960281989537 0
