0 1.44742275588214 1.23701727786101 1.14012643322349 1.83976572519168 1.64324689051136 0.932325331959873 1.61280946969055 1.2687880913727 1.02782776858658 1.30146233248524 1.43496306054294 1.04137100232765 0.97652189177461 1.07609672634862 1.56211897055618 1.68508007912897 1.01530927722342 1.52855105302297 1.64643540652469 1.61714391899295 1.76517933676951 1.18375824578106 1.52434726781212 1.64281554543413 1.17956445645541 1.16925447271205 1.47523734997958 1.77947465027682 0.939869510708377
1.44742275588214 0 1.63012614124455 1.22255511209369 1.5044163861312 1.48273625550792 1.53811227134429 1.64299605577253 1.72991511621512 1.38963231700473 1.61658223462291 1.64387283287942 1.48610059125349 1.68382122693583 1.40858614281751 1.34388171834871 1.59909847192466 0.929760881932452 0.994616982527077 1.43393798614852 1.48887653485872 1.51649633259512 1.72700214898214 1.42907642619684 1.44524367828853 1.63110185461119 1.44998533674516 1.8087247509975 1.31420150515623 1.75886561488733
1.23701727786101 1.63012614124455 0 1.70960782282054 1.02019659406506 1.22204436128959 0.947018908569589 1.26814249111339 1.20945498347282 1.03295315243304 1.7198574419599 1.43280613585375 1.46957234945148 1.62928487919271 1.07773954630829 1.56189192226157 1.47897974820808 1.8288431384135 1.06897525442764 1.82123924233019 1.68933749385178 0.976278232177719 1.76718057971448 1.26136822113767 1.14258694904856 1.22737443516962 1.14034438924864 1.41258550784551 1.62519783060998 1.75564701319672
1.14012643322349 1.22255511209369 1.70960782282054 0 1.51932141720317 1.55765316425823 1.58957427670248 1.59346651122905 1.2647311554756 1.43072652793489 1.64190640253946 1.73719693557359 1.70884552178904 1.40155429625884 1.27395978034474 1.82218146347441 1.03863043780439 0.969090466154739 0.90016389102675 1.29861427773722 0.902341332286596 1.23889053915627 1.3751180912368 1.34501930396073 1.07261273567565 1.62915422371589 1.2515007162001 1.1032450159546 0.995896967127919 1.45254249963909
1.83976572519168 1.5044163861312 1.02019659406506 1.51932141720317 0 1.5005894114729 1.42622092319652 1.40050010429695 0.908614815911278 1.46339259110391 1.43020287225954 1.24089767923579 1.70597253018059 1.66171283856966 0.983542986214161 1.46070050471462 1.51792624779046 1.52116888156161 1.70579749252647 1.73228560807183 1.39568930119276 1.54718847665936 0.999758939025924 1.29335728078149 1.3787191498559 1.34097333950922 0.945529474178329 1.76837462838739 1.57469699229114 1.18326447531581
1.64324689051136 1.48273625550792 1.22204436128959 1.55765316425823 1.5005894114729 0 1.66166326124221 1.57272113789804 1.64260908169672 1.65616734628566 1.78170891618356 1.04819766059518 1.01729826279916 1.17821425898001 1.11912360507995 1.03200475475751 1.17583064874634 1.52889666892588 1.14453904586844 1.57545078569092 1.25601107557304 1.37263941881247 1.46550816600211 1.17084770067595 1.38596047507599 1.75168819027022 1.73480827035382 1.81223863502964 1.16400752915069 1.73197619733401
0.932325331959873 1.53811227134429 0.947018908569589 1.58957427670248 1.42622092319652 1.66166326124221 0 1.24514474160969 1.59274253365584 0.915916941827163 1.65583689347841 1.62188204284757 1.66247379221022 1.5649091550149 1.26508042775095 1.5351859878283 1.5483179022558 1.60457933158614 1.26569792698137 1.27521725161932 1.54519773460925 0.993914298480377 1.86378744337708 1.6688342562411 1.03726026997901 1.09773342125118 1.20116330939345 1.00305426097475 1.42780746449716 1.86251574801281
1.61280946969055 1.64299605577253 1.26814249111339 1.59346651122905 1.40050010429695 1.57272113789804 1.24514474160969 0 1.45610497752205 1.05947028123774 0.979920652927831 1.58914162474684 1.42017811886035 0.896074141841382 1.59500013221987 1.03224662598222 1.19430588302203 1.54101116396487 0.916820332873613 0.999383701942861 1.27011419320479 1.67093513370492 1.70974784600548 1.06017565820366 1.72096973960288 1.5994975399226 1.58185517787933 1.30429987004027 0.999573839595541 1.24424675083719
1.2687880913727 1.72991511621512 1.20945498347282 1.2647311554756 0.908614815911278 1.64260908169672 1.59274253365584 1.45610497752205 0 1.21365368622355 1.80516791203991 1.13340488658287 0.976601345464587 1.05978365452029 1.17737925774418 1.39735471806489 1.36867000884376 0.898421216756105 0.956714453175664 0.880329233594239 1.80999059067108 1.6710632070899 1.17499715345912 1.82249097549357 1.40328565402888 1.48378109117039 1.31337137077935 0.923232954693958 1.67528018308803 1.84087082743645
1.02782776858658 1.38963231700473 1.03295315243304 1.43072652793489 1.46339259110391 1.65616734628566 0.915916941827163 1.05947028123774 1.21365368622355 0 1.71900923363864 1.86287756357342 1.82467881543562 1.81652157730423 1.19317522621714 1.25315891392529 1.39689203933813 1.83328595105559 1.16938654985279 1.3823206492234 1.38339614775032 1.52387641789392 1.6433676937595 1.38925281423144 1.74600321403705 1.54147746996023 1.23902406636626 1.33031314332038 1.59858374367468 1.23752806289122
1.30146233248524 1.61658223462291 1.7198574419599 1.64190640253946 1.43020287225954 1.78170891618356 1.65583689347841 0.979920652927831 1.80516791203991 1.71900923363864 0 1.79548111814074 0.928626601351425 1.21909264754504 1.24448780994862 1.71607693610713 1.82677398365922 1.81600950448774 1.25680809025653 0.940474204719067 1.40159236243926 1.83486272091977 1.00749480561353 1.46778056630865 1.29935600678436 1.04589584143832 1.64435540814884 1.5695825482253 1.18382045906037 1.11267420579679
1.43496306054294 1.64387283287942 1.43280613585375 1.73719693557359 1.24089767923579 1.04819766059518 1.62188204284757 1.58914162474684 1.13340488658287 1.86287756357342 1.79548111814074 0 1.1630679522641 1.27467899327166 1.11142516206019 1.73571389215067 1.03037169692107 1.09930938389152 1.56109652994201 1.11542063904926 1.84555770573206 1.01325140963309 1.28413318027742 0.90088396309875 1.4676470765844 1.53821122227237 0.965514393756166 1.21061404165812 1.22623269888572 1.64927514595911
1.04137100232765 1.48610059125349 1.46957234945148 1.70884552178904 1.70597253018059 1.01729826279916 1.66247379221022 1.42017811886035 0.976601345464587 1.82467881543562 0.928626601351425 1.1630679522641 0 1.4789093688596 1.47872090572491 1.0109347528778 1.74120405875146 1.78601563395932 1.49363891989924 1.45244525698945 1.8393488728907 1.75525585212745 1.69958989392035 1.50496279285289 1.67365674418397 1.80496425321326 0.982480226550251 1.14893718180247 1.56674601929262 1.10919286054559
0.97652189177461 1.68382122693583 1.62928487919271 1.40155429625884 1.66171283856966 1.17821425898001 1.5649091550149 0.896074141841382 1.05978365452029 1.81652157730423 1.21909264754504 1.27467899327166 1.4789093688596 0 1.76654310105368 1.20641706092283 0.893141459207982 1.10825433186255 1.5404026187025 1.7001578474883 1.32350661209784 1.25225245533511 1.62060282123275 1.12727819057181 1.78143084864132 1.06398355402052 1.45924072596245 1.27507761842571 1.24864961206913 1.67578450031579
1.07609672634862 1.40858614281751 1.07773954630829 1.27395978034474 0.983542986214161 1.11912360507995 1.26508042775095 1.59500013221987 1.17737925774418 1.19317522621714 1.24448780994862 1.11142516206019 1.47872090572491 1.76654310105368 0 1.80675293202512 1.49636964453384 1.12674418557435 1.66031970805489 1.78680944256485 1.19376120343804 1.87060203263536 1.05379841173999 1.66239020251669 1.45868686051108 0.954191932454705 1.75002839649096 1.20509822620079 0.900541111826897 1.78874405380338
1.56211897055618 1.34388171834871 1.56189192226157 1.82218146347441 1.46070050471462 1.03200475475751 1.5351859878283 1.03224662598222 1.39735471806489 1.25315891392529 1.71607693610713 1.73571389215067 1.0109347528778 1.20641706092283 1.80675293202512 0 1.14318562531844 0.96885617589578 0.922017572447658 1.25449616299011 1.14036738593131 1.13914925628342 1.52183777675964 1.23537765466608 1.16063515795395 1.50037111877464 1.47569421259686 1.16040404210798 1.14209239184856 1.84243062976748
1.68508007912897 1.59909847192466 1.47897974820808 1.03863043780439 1.51792624779046 1.17583064874634 1.5483179022558 1.19430588302203 1.36867000884376 1.39689203933813 1.82677398365922 1.03037169692107 1.74120405875146 0.893141459207982 1.49636964453384 1.14318562531844 0 1.53053246252239 1.74722797540016 1.26744898804463 1.69299241178669 1.85377027583309 1.42348678410053 1.06405283208005 1.13895702362061 1.58570366632193 1.6926197509747 1.46359043661505 0.951391559792683 1.07235944876447
1.01530927722342 0.929760881932452 1.8288431384135 0.969090466154739 1.52116888156161 1.52889666892588 1.60457933158614 1.54101116396487 0.898421216756105 1.83328595105559 1.81600950448774 1.09930938389152 1.78601563395932 1.10825433186255 1.12674418557435 0.96885617589578 1.53053246252239 0 1.00275135040283 1.4821050001774 1.0513857039623 1.60332216252573 1.30099801672623 1.66238138917834 1.55985802039504 1.37603290518746 1.81596840568818 0.922089452389628 1.6852406791877 1.49481512256898
1.52855105302297 0.994616982527077 1.06897525442764 0.90016389102675 1.70579749252647 1.14453904586844 1.26569792698137 0.916820332873613 0.956714453175664 1.16938654985279 1.25680809025653 1.56109652994201 1.49363891989924 1.5404026187025 1.66031970805489 0.922017572447658 1.74722797540016 1.00275135040283 0 1.20130936522037 1.43698547198437 1.58162636705674 1.29546647868119 1.75841424264945 1.17270817607641 1.4277429964859 1.53023955901153 1.41552531137131 1.42692111362703 1.08546232129447
1.64643540652469 1.43393798614852 1.82123924233019 1.29861427773722 1.73228560807183 1.57545078569092 1.27521725161932 0.999383701942861 0.880329233594239 1.3823206492234 0.940474204719067 1.11542063904926 1.45244525698945 1.7001578474883 1.78680944256485 1.25449616299011 1.26744898804463 1.4821050001774 1.20130936522037 0 1.28763007232919 1.04503989382647 1.45807729102671 1.11996007780544 1.56711301230825 1.21434945031069 1.40131078078412 0.946551802335307 1.32634325395338 1.80743024637923
1.61714391899295 1.48887653485872 1.68933749385178 0.902341332286596 1.39568930119276 1.25601107557304 1.54519773460925 1.27011419320479 1.80999059067108 1.38339614775032 1.40159236243926 1.84555770573206 1.8393488728907 1.32350661209784 1.19376120343804 1.14036738593131 1.69299241178669 1.0513857039623 1.43698547198437 1.28763007232919 0 1.62465653708205 1.52420477219857 1.63938287692145 1.04473894718103 1.38198687392287 0.94662404153496 1.65630808100104 1.06324635609053 1.48189951200038
1.76517933676951 1.51649633259512 0.976278232177719 1.23889053915627 1.54718847665936 1.37263941881247 0.993914298480377 1.67093513370492 1.6710632070899 1.52387641789392 1.83486272091977 1.01325140963309 1.75525585212745 1.25225245533511 1.87060203263536 1.13914925628342 1.85377027583309 1.60332216252573 1.58162636705674 1.04503989382647 1.62465653708205 0 0.881492754677311 1.22880202019587 1.70276578888297 1.79847308108583 1.20936657488346 0.941357467789203 1.3374383659102 1.60736754327081
1.18375824578106 1.72700214898214 1.76718057971448 1.3751180912368 0.999758939025924 1.46550816600211 1.86378744337708 1.70974784600548 1.17499715345912 1.6433676937595 1.00749480561353 1.28413318027742 1.69958989392035 1.62060282123275 1.05379841173999 1.52183777675964 1.42348678410053 1.30099801672623 1.29546647868119 1.45807729102671 1.52420477219857 0.881492754677311 0 1.53178847627714 1.00808647670783 1.16157652041875 1.77462787064724 1.60700285481289 1.64209035946988 0.890830104006454
1.52434726781212 1.42907642619684 1.26136822113767 1.34501930396073 1.29335728078149 1.17084770067595 1.6688342562411 1.06017565820366 1.82249097549357 1.38925281423144 1.46778056630865 0.90088396309875 1.50496279285289 1.12727819057181 1.66239020251669 1.23537765466608 1.06405283208005 1.66238138917834 1.75841424264945 1.11996007780544 1.63938287692145 1.22880202019587 1.53178847627714 0 1.48070424445905 1.46402401011437 1.70154328062199 1.73525679740123 1.7258636453189 1.29595693317242
1.64281554543413 1.44524367828853 1.14258694904856 1.07261273567565 1.3787191498559 1.38596047507599 1.03726026997901 1.72096973960288 1.40328565402888 1.74600321403705 1.29935600678436 1.4676470765844 1.67365674418397 1.78143084864132 1.45868686051108 1.16063515795395 1.13895702362061 1.55985802039504 1.17270817607641 1.56711301230825 1.04473894718103 1.70276578888297 1.00808647670783 1.48070424445905 0 1.69144182326272 1.55997922155075 1.8677455575671 1.78933189087547 1.63217980437912
1.17956445645541 1.63110185461119 1.22737443516962 1.62915422371589 1.34097333950922 1.75168819027022 1.09773342125118 1.5994975399226 1.48378109117039 1.54147746996023 1.04589584143832 1.53821122227237 1.80496425321326 1.06398355402052 0.954191932454705 1.50037111877464 1.58570366632193 1.37603290518746 1.4277429964859 1.21434945031069 1.38198687392287 1.79847308108583 1.16157652041875 1.46402401011437 1.69144182326272 0 1.24724524794146 1.6556489369832 1.23053471534513 1.86988707096316
1.16925447271205 1.44998533674516 1.14034438924864 1.2515007162001 0.945529474178329 1.73480827035382 1.20116330939345 1.58185517787933 1.31337137077935 1.23902406636626 1.64435540814884 0.965514393756166 0.982480226550251 1.45924072596245 1.75002839649096 1.47569421259686 1.6926197509747 1.81596840568818 1.53023955901153 1.40131078078412 0.94662404153496 1.20936657488346 1.77462787064724 1.70154328062199 1.55997922155075 1.24724524794146 0 1.65282994508743 0.893225497333333 1.47424909542315
1.47523734997958 1.8087247509975 1.41258550784551 1.1032450159546 1.76837462838739 1.81223863502964 1.00305426097475 1.30429987004027 0.923232954693958 1.33031314332038 1.5695825482253 1.21061404165812 1.14893718180247 1.27507761842571 1.20509822620079 1.16040404210798 1.46359043661505 0.922089452389628 1.41552531137131 0.946551802335307 1.65630808100104 0.941357467789203 1.60700285481289 1.73525679740123 1.8677455575671 1.6556489369832 1.65282994508743 0 1.56784384162165 1.07750847819261
1.77947465027682 1.31420150515623 1.62519783060998 0.995896967127919 1.57469699229114 1.16400752915069 1.42780746449716 0.999573839595541 1.67528018308803 1.59858374367468 1.18382045906037 1.22623269888572 1.56674601929262 1.24864961206913 0.900541111826897 1.14209239184856 0.951391559792683 1.6852406791877 1.42692111362703 1.32634325395338 1.06324635609053 1.3374383659102 1.64209035946988 1.7258636453189 1.78933189087547 1.23053471534513 0.893225497333333 1.56784384162165 0 1.27614293340594
0.939869510708377 1.75886561488733 1.75564701319672 1.45254249963909 1.18326447531581 1.73197619733401 1.86251574801281 1.24424675083719 1.84087082743645 1.23752806289122 1.11267420579679 1.64927514595911 1.10919286054559 1.67578450031579 1.78874405380338 1.84243062976748 1.07235944876447 1.49481512256898 1.08546232129447 1.80743024637923 1.48189951200038 1.60736754327081 0.890830104006454 1.29595693317242 1.63217980437912 1.86988707096316 1.47424909542315 1.07750847819261 1.27614293340594 0
