0 1.86653465102427 1.69677313347347 1.12595508759841 1.87749994220212 1.57152402750216 1.90425955154933 1.27952490933239 1.03729318501428 1.22828460228629 1.90035070874728 1.42111948644742 1.43954453617334 1.45886344811879 1.3491826816462 1.01325700501911 1.00118367676623 1.01701945764944 1.94767312007025 1.23609757144004 1.49660484446213 1.66969151422381 1.79255604580976 0.984197885263711 1.48606516327709 1.19184985081665 1.23585946415551 1.09909762558527 1.39916053041816 1.16697313822806
1.86653465102427 0 1.75091473315842 1.63074796320871 1.40774034243077 1.1655439697206 1.80335076176561 1.80466710007749 1.8600500759203 1.68923663720489 1.94845528248698 1.54127172450535 1.89129451964982 1.41786884726025 1.63671087659895 1.35342694236897 1.08507997612469 1.53704039845616 1.26505690510385 1.83750641508959 1.73788897925988 1.38588868547231 1.42923647095449 1.28711255104281 1.91141728730872 1.31648262403905 1.93512038281187 1.07206619088538 1.29476721351966 1.57496564486064
1.69677313347347 1.75091473315842 0 1.48838344868273 1.68983999453485 1.50213657575659 1.67781072179787 1.45112765626982 1.59644123190083 1.23151679569855 1.25850955815986 1.3889139983803 0.962733102263883 1.25237596291117 1.3937260566745 1.90774415503256 1.66247118264437 1.7924625587184 1.05681521072984 1.52085758629255 1.26682915422134 0.99025574256666 0.980394212296233 1.14300113986246 1.38870398001745 1.2346821653191 1.92090668412857 1.88103410694748 1.68882176908664 1.31603636150248
1.12595508759841 1.63074796320871 1.48838344868273 0 1.37434494984336 1.89663157821633 0.986401357455179 1.89118429669179 1.24973879242316 1.07461908948608 1.92672778735869 1.72878922731616 1.04041663161479 1.34245941415429 1.89749340317212 1.50875940360129 1.15421142987907 1.41483399621211 1.52580371988006 1.88391359010711 1.14342983299866 1.84482924453914 1.08764685271308 1.02871596859768 1.66564769227989 1.40611085668206 1.92442007712089 1.54798982478678 1.24832733278163 1.37033567717299
1.87749994220212 1.40774034243077 1.68983999453485 1.37434494984336 0 1.33140379562974 1.42192997294478 1.46767390845343 1.67719805589877 1.45005817408673 1.43094389862381 1.69082854920998 1.36600359808654 1.03280005743727 1.25265747099183 1.69647715124302 1.2822487030644 1.23550509847701 1.07448238926008 1.672325741034 1.0497243674472 1.62652295362204 1.0574456343893 1.11362707824446 1.53132215631194 1.67967172781937 1.10751466196962 1.52975578419864 1.21463646180928 1.11070287949406
1.57152402750216 1.1655439697206 1.50213657575659 1.89663157821633 1.33140379562974 0 1.64212635206059 1.5124252375681 1.46149572450668 1.084046990145 1.76688395626843 1.02737470995635 1.73017920949496 1.72475736727938 1.39904548064806 1.53826452698559 1.19142634421587 1.12664991198108 0.975024668965489 1.23931048065424 1.68844545725733 1.932324094465 1.94008358172141 1.11312826606445 1.51055171457119 1.65929944324307 1.32313228864223 1.79819398326799 1.27107705455273 1.8850911334157
1.90425955154933 1.80335076176561 1.67781072179787 0.986401357455179 1.42192997294478 1.64212635206059 0 1.71053837216459 1.06930935801938 1.62208342808299 1.79550105286762 1.71177709242329 1.85296570393257 1.32527838344686 1.17165534105152 1.18505665194243 1.42367717041634 1.41662301891483 1.781307103578 1.62867117789574 1.21736594079994 1.289712743368 1.8753696414642 1.7212490029633 1.49741548020393 1.04947898746468 1.1854744926095 1.92288619279861 1.5476610052865 1.56071686325595
1.27952490933239 1.80466710007749 1.45112765626982 1.89118429669179 1.46767390845343 1.5124252375681 1.71053837216459 0 1.27229830878787 1.9442291483283 1.54796366998926 1.44171560439281 1.52396861510351 1.03573247906752 0.966006716247648 1.07720374385826 1.55673793097958 1.04537187609822 1.91568839806132 1.23854475142434 1.94490152993239 1.61520211934112 1.74255203292705 1.87584014772438 1.76456630113535 1.79638085793704 1.05429145996459 1.68640231131576 0.999522518832237 1.53416152973659
1.03729318501428 1.8600500759203 1.59644123190083 1.24973879242316 1.67719805589877 1.46149572450668 1.06930935801938 1.27229830878787 0 1.90725637017749 1.90720482054166 1.2001589955762 1.76716288295574 0.990394004387781 1.73788565397263 1.77328104199842 1.4437166179996 1.87360502849333 1.7865088081453 1.31453982717358 1.78205499635078 1.76960080512799 0.995397878810763 0.959664495661855 1.26757270330563 1.16838047094643 1.75427836365998 1.40484426077455 1.80618502385914 1.63146716309711
1.22828460228629 1.68923663720489 1.23151679569855 1.07461908948608 1.45005817408673 1.084046990145 1.62208342808299 1.9442291483283 1.90725637017749 0 1.63467559148557 1.27915795170702 1.70432943617925 1.42421701201238 1.15466477512382 1.91592415049672 1.59280853159726 1.68108268105425 1.30965706449933 1.33195143239573 1.01809111260809 1.50551207526587 1.75085749407299 1.31508498708718 1.45780935999937 1.37251419108361 1.28511762735434 1.50701524317265 1.47863847529516 1.46173096471466
1.90035070874728 1.94845528248698 1.25850955815986 1.92672778735869 1.43094389862381 1.76688395626843 1.79550105286762 1.54796366998926 1.90720482054166 1.63467559148557 0 1.60902496404015 1.19403135357425 1.57180199003778 1.2781798245851 1.92876769090071 1.26136505231261 1.52915911446325 0.976115982746705 1.39003773103468 1.08136050030589 1.47461666585878 1.50980160874315 0.966623628046364 1.58413444343023 1.64587494824082 1.28120953962207 1.5535527782049 1.83447887934744 1.43979318253696
1.42111948644742 1.54127172450535 1.3889139983803 1.72878922731616 1.69082854920998 1.02737470995635 1.71177709242329 1.44171560439281 1.2001589955762 1.27915795170702 1.60902496404015 0 1.4907833726611 1.56302782287821 1.13076488883235 1.59330240939744 1.07429560413584 1.0387306350749 1.75375797087327 1.41832101112232 1.14944590488449 1.66790492995642 0.974215434165671 1.361542978324 1.51737545058131 1.45156667218544 1.07921122037806 1.69375487463549 1.40987538732588 1.65217633871362
1.43954453617334 1.89129451964982 0.962733102263883 1.04041663161479 1.36600359808654 1.73017920949496 1.85296570393257 1.52396861510351 1.76716288295574 1.70432943617925 1.19403135357425 1.4907833726611 0 1.94830207736231 1.47166362823918 1.19108224730007 1.70667706709355 1.34878555545583 1.52340346178971 1.1211240014527 1.276333383983 1.9322015659418 1.5183451869525 1.27267431467772 1.68657103041187 1.84145605494268 1.88579412410036 1.92616404243745 1.3296948261559 1.05340570677072
1.45886344811879 1.41786884726025 1.25237596291117 1.34245941415429 1.03280005743727 1.72475736727938 1.32527838344686 1.03573247906752 0.990394004387781 1.42421701201238 1.57180199003778 1.56302782287821 1.94830207736231 0 1.80961816734634 1.80263146921061 1.18676242046058 1.37220139801502 1.45184516045265 0.961096960119903 1.49697042233311 1.79293921217322 1.38479888928123 1.26158375199884 1.33359378599562 1.93220711546019 1.75273378472775 1.76643415424041 1.03567412612028 1.45210389583372
1.3491826816462 1.63671087659895 1.3937260566745 1.89749340317212 1.25265747099183 1.39904548064806 1.17165534105152 0.966006716247648 1.73788565397263 1.15466477512382 1.2781798245851 1.13076488883235 1.47166362823918 1.80961816734634 0 1.65786104369909 1.76825074269436 0.961812428664416 1.3322001779452 1.62158952141181 1.49342724424787 1.3238581251353 1.55851393984631 1.25626987591386 1.51834085676819 1.14745803480037 1.06957644643262 0.964064670726657 1.86468216706999 1.33540164260194
1.01325700501911 1.35342694236897 1.90774415503256 1.50875940360129 1.69647715124302 1.53826452698559 1.18505665194243 1.07720374385826 1.77328104199842 1.91592415049672 1.92876769090071 1.59330240939744 1.19108224730007 1.80263146921061 1.65786104369909 0 1.19484215695411 1.92258446570486 1.91767619969323 1.41502905474044 1.51466935453936 1.58815508848056 1.35118530201726 1.12131339521147 1.12767286086455 1.3227299884893 1.06469267606735 1.32860485720448 1.82409449946135 1.34925433038734
1.00118367676623 1.08507997612469 1.66247118264437 1.15421142987907 1.2822487030644 1.19142634421587 1.42367717041634 1.55673793097958 1.4437166179996 1.59280853159726 1.26136505231261 1.07429560413584 1.70667706709355 1.18676242046058 1.76825074269436 1.19484215695411 0 1.10346632264555 0.958475391147658 1.84786369046196 1.8853005382698 1.10032756906003 1.46317964349873 1.69341504992917 1.66138272336684 1.59832699690014 1.25065611535683 1.72179387835786 1.35737616941333 1.52366533945315
1.01701945764944 1.53704039845616 1.7924625587184 1.41483399621211 1.23550509847701 1.12664991198108 1.41662301891483 1.04537187609822 1.87360502849333 1.68108268105425 1.52915911446325 1.0387306350749 1.34878555545583 1.37220139801502 0.961812428664416 1.92258446570486 1.10346632264555 0 1.61261825636029 0.992723781848326 0.966109643457457 1.82472359575331 1.65330469841138 1.27299312967807 0.989817418623716 1.87211820459925 1.66357738175429 1.65702105662785 1.79016537684947 1.19502033106983
1.94767312007025 1.26505690510385 1.05681521072984 1.52580371988006 1.07448238926008 0.975024668965489 1.781307103578 1.91568839806132 1.7865088081453 1.30965706449933 0.976115982746705 1.75375797087327 1.52340346178971 1.45184516045265 1.3322001779452 1.91767619969323 0.958475391147658 1.61261825636029 0 1.58198096230626 1.06039451994002 1.35266813565977 1.91320732468739 0.963475234806538 0.986550524365157 1.60462187998928 1.79872334352694 1.23358246148564 1.38128632633016 1.17407473153435
1.23609757144004 1.83750641508959 1.52085758629255 1.88391359010711 1.672325741034 1.23931048065424 1.62867117789574 1.23854475142434 1.31453982717358 1.33195143239573 1.39003773103468 1.41832101112232 1.1211240014527 0.961096960119903 1.62158952141181 1.41502905474044 1.84786369046196 0.992723781848326 1.58198096230626 0 1.94846893940121 1.93028693739325 0.991023424314335 1.47609384404495 1.64259055512957 1.418918189127 1.59137890278362 1.60704260109924 1.72122319089249 1.36972681526095
1.49660484446213 1.73788897925988 1.26682915422134 1.14342983299866 1.0497243674472 1.68844545725733 1.21736594079994 1.94490152993239 1.78205499635078 1.01809111260809 1.08136050030589 1.14944590488449 1.276333383983 1.49697042233311 1.49342724424787 1.51466935453936 1.8853005382698 0.966109643457457 1.06039451994002 1.94846893940121 0 1.68415953870863 1.11978383082896 1.94628587272018 1.91033627139404 1.46739096706733 1.21516297012568 1.85794827667996 1.38520060735755 1.09177837497555
1.66969151422381 1.38588868547231 0.99025574256666 1.84482924453914 1.62652295362204 1.932324094465 1.289712743368 1.61520211934112 1.76960080512799 1.50551207526587 1.47461666585878 1.66790492995642 1.9322015659418 1.79293921217322 1.3238581251353 1.58815508848056 1.10032756906003 1.82472359575331 1.35266813565977 1.93028693739325 1.68415953870863 0 1.54102127533406 1.58465703646652 1.39744862588122 1.3713584090583 1.94338415120728 1.84327699034475 1.19294806709513 1.6151467920281
1.79255604580976 1.42923647095449 0.980394212296233 1.08764685271308 1.0574456343893 1.94008358172141 1.8753696414642 1.74255203292705 0.995397878810763 1.75085749407299 1.50980160874315 0.974215434165671 1.5183451869525 1.38479888928123 1.55851393984631 1.35118530201726 1.46317964349873 1.65330469841138 1.91320732468739 0.991023424314335 1.11978383082896 1.54102127533406 0 1.13293737359345 1.24285890930332 1.68988228705712 1.94677544315346 1.14624987798743 0.998202686430886 1.11433079326525
0.984197885263711 1.28711255104281 1.14300113986246 1.02871596859768 1.11362707824446 1.11312826606445 1.7212490029633 1.87584014772438 0.959664495661855 1.31508498708718 0.966623628046364 1.361542978324 1.27267431467772 1.26158375199884 1.25626987591386 1.12131339521147 1.69341504992917 1.27299312967807 0.963475234806538 1.47609384404495 1.94628587272018 1.58465703646652 1.13293737359345 0 1.85637273988687 1.58139437367208 1.2225846122019 1.61366648017429 1.1093268149998 1.52332989592105
1.48606516327709 1.91141728730872 1.38870398001745 1.66564769227989 1.53132215631194 1.51055171457119 1.49741548020393 1.76456630113535 1.26757270330563 1.45780935999937 1.58413444343023 1.51737545058131 1.68657103041187 1.33359378599562 1.51834085676819 1.12767286086455 1.66138272336684 0.989817418623716 0.986550524365157 1.64259055512957 1.91033627139404 1.39744862588122 1.24285890930332 1.85637273988687 0 1.18698310875334 1.38058408908546 1.8236303452868 1.68817989435047 1.65308544738218
1.19184985081665 1.31648262403905 1.2346821653191 1.40611085668206 1.67967172781937 1.65929944324307 1.04947898746468 1.79638085793704 1.16838047094643 1.37251419108361 1.64587494824082 1.45156667218544 1.84145605494268 1.93220711546019 1.14745803480037 1.3227299884893 1.59832699690014 1.87211820459925 1.60462187998928 1.418918189127 1.46739096706733 1.3713584090583 1.68988228705712 1.58139437367208 1.18698310875334 0 1.59448032779619 1.14716162253171 1.826253289124 1.82977232499979
1.23585946415551 1.93512038281187 1.92090668412857 1.92442007712089 1.10751466196962 1.32313228864223 1.1854744926095 1.05429145996459 1.75427836365998 1.28511762735434 1.28120953962207 1.07921122037806 1.88579412410036 1.75273378472775 1.06957644643262 1.06469267606735 1.25065611535683 1.66357738175429 1.79872334352694 1.59137890278362 1.21516297012568 1.94338415120728 1.94677544315346 1.2225846122019 1.38058408908546 1.59448032779619 0 1.22684163996018 1.64044020720758 1.51438297494315
1.09909762558527 1.07206619088538 1.88103410694748 1.54798982478678 1.52975578419864 1.79819398326799 1.92288619279861 1.68640231131576 1.40484426077455 1.50701524317265 1.5535527782049 1.69375487463549 1.92616404243745 1.76643415424041 0.964064670726657 1.32860485720448 1.72179387835786 1.65702105662785 1.23358246148564 1.60704260109924 1.85794827667996 1.84327699034475 1.14624987798743 1.61366648017429 1.8236303452868 1.14716162253171 1.22684163996018 0 1.52494841441512 1.19245407637209
1.39916053041816 1.29476721351966 1.68882176908664 1.24832733278163 1.21463646180928 1.27107705455273 1.5476610052865 0.999522518832237 1.80618502385914 1.47863847529516 1.83447887934744 1.40987538732588 1.3296948261559 1.03567412612028 1.86468216706999 1.82409449946135 1.35737616941333 1.79016537684947 1.38128632633016 1.72122319089249 1.38520060735755 1.19294806709513 0.998202686430886 1.1093268149998 1.68817989435047 1.826253289124 1.64044020720758 1.52494841441512 0 1.79057878651656
1.16697313822806 1.57496564486064 1.31603636150248 1.37033567717299 1.11070287949406 1.8850911334157 1.56071686325595 1.53416152973659 1.63146716309711 1.46173096471466 1.43979318253696 1.65217633871362 1.05340570677072 1.45210389583372 1.33540164260194 1.34925433038734 1.52366533945315 1.19502033106983 1.17407473153435 1.36972681526095 1.09177837497555 1.6151467920281 1.11433079326525 1.52332989592105 1.65308544738218 1.82977232499979 1.51438297494315 1.19245407637209 1.79057878651656 0
