0 1.62420712644234 1.81745148426853 1.12628443702124 0.986227301647887 1.9545547508169 1.24158979021013 1.3051519121509 1.21614558924921 1.72365928650834 1.28106337063946 1.37071683048271 1.9607103173621 1.12480887235142 1.25802542618476 1.82332149357535 1.35569432610646 1.12602936592884 1.66035496466793 1.92552406922914 1.83522012783214 1.25778774451464 1.52259424841031 1.46275576530024 1.11223292164505 1.30888695665635 1.89289756701328 1.04463367257267 1.69903380796313 1.06534118810669
1.62420712644234 0 1.91162721975707 1.69199808430858 1.42368147964589 1.95505026192404 1.50857686670497 1.28590036393143 1.35687016230077 1.08700914913788 1.61714614205994 1.61003277194686 1.28247979632579 1.26442849240266 1.67766861221753 1.30294232140295 1.68697525770403 1.66584321763366 1.39916625362821 1.10903454013169 1.62714255531318 1.56959181139246 1.85060868249275 1.42597315227613 1.3028678917326 1.12292183865793 1.03458153293468 1.48999932548031 1.44980359682813 1.42114812973887
1.81745148426853 1.91162721975707 0 1.70107758790255 1.37585605471395 1.28071758686565 1.67416505166329 1.89680772367865 1.87431000662036 1.49771084194072 1.20550709264353 1.82695454335772 1.41640407103114 1.8538212145213 1.26462281425484 0.992709126789123 1.53915408719331 0.982259188080207 1.33176550851204 1.81436979514547 1.94214262114838 1.52600522944704 1.73174284258857 1.67240555607714 1.04506951733492 1.58387182001024 1.02205473184586 1.16985355061479 1.30657011363655 1.84913692157716
1.12628443702124 1.69199808430858 1.70107758790255 0 1.04534687078558 1.33928191149607 1.58515932061709 1.87481544073671 1.44100204622373 1.70865653059445 1.87495591957122 1.88575518899597 1.69255842012353 1.80610306328163 1.74327097646892 1.62628439650871 1.72869417513721 1.19843647466041 1.19790065777488 1.72669579926878 1.44212810182944 1.18898314912803 1.1057871344965 1.58117432286963 1.21249064290896 1.89202876342461 1.18861942668445 1.5720875270199 1.29515338921919 1.5864604189992
0.986227301647887 1.42368147964589 1.37585605471395 1.04534687078558 0 1.38600126979873 1.59884870238602 1.57888990524225 1.40419668797404 1.74892852827907 1.2622850832995 1.46276678517461 1.57163533708081 1.14181290334091 1.19972572801635 1.24861575686373 1.85200470359996 1.81894685118459 1.56567349890247 1.05604297900572 1.04536745138466 1.27903801389039 1.32399769080803 1.39104430610314 1.62845870642923 1.25781523180194 1.23973375954665 1.75526642426848 1.26264771283604 1.55705262464471
1.9545547508169 1.95505026192404 1.28071758686565 1.33928191149607 1.38600126979873 0 1.74789405893534 1.44980476470664 1.30508873402141 0.96466922853142 1.76650604302995 1.18730189558119 1.91038059466518 1.6706279234495 1.00476138386875 1.11557408538647 1.28606181358919 1.25510415202007 1.21472811955027 1.62414404237643 1.55224938387983 1.22287427843548 1.6484785687644 1.03545303712599 1.14204038353637 1.79816141235642 1.19733853731304 1.8528995772358 1.23814836191013 1.65496464725584
1.24158979021013 1.50857686670497 1.67416505166329 1.58515932061709 1.59884870238602 1.74789405893534 0 1.05807694676332 1.92778978007846 1.39409780362621 1.29111893568188 1.75238361395895 1.53053795313463 1.50407784222625 1.70159161183983 1.86408043885604 1.23182646231726 1.01652983110398 1.85389263299294 1.26037579867989 1.39461809094064 1.92912304960191 1.46480236714706 1.78758944547735 1.44348302832805 1.25110079068691 1.08412634534761 1.667730207555 1.89061222062446 1.87759037828073
1.3051519121509 1.28590036393143 1.89680772367865 1.87481544073671 1.57888990524225 1.44980476470664 1.05807694676332 0 1.24355970090255 1.3184245757293 1.18255535513163 1.53653345815837 1.94532389822416 1.73898230632767 0.996865337714553 1.03296579234302 1.52775948634371 1.30539444112219 1.41452410211787 1.83204483357258 1.86643378180452 1.22383018350229 1.66240578563884 1.38594619464129 1.53947847522795 0.972395086893812 1.12493481743149 1.69480434036814 1.47116924356669 1.00425707246177
1.21614558924921 1.35687016230077 1.87431000662036 1.44100204622373 1.40419668797404 1.30508873402141 1.92778978007846 1.24355970090255 0 1.27323514665477 1.19214651570655 1.03076792508364 1.06456576404162 1.30956855881959 1.66397812101059 1.74058243818581 1.08848875318654 1.37773233489133 1.22675648960285 1.60452048131265 1.79541770974174 1.11477699573152 1.66281956690364 1.53955698828213 1.88220812752843 1.36068051727489 1.02552442136221 1.73183107306249 1.07310083229095 1.14031902397983
1.72365928650834 1.08700914913788 1.49771084194072 1.70865653059445 1.74892852827907 0.96466922853142 1.39409780362621 1.3184245757293 1.27323514665477 0 1.00905226636678 1.21198155009188 1.89139155717567 1.92739282012917 1.71224995725788 1.63950486411341 1.43814555252902 1.76028681825846 1.20022091525607 1.03499136050232 1.72208446799777 1.62484734761529 1.28473578975536 1.08724822499789 1.60205869260244 1.64790936629288 1.34346230141819 1.75936179910786 1.47678168397397 1.72914588754065
1.28106337063946 1.61714614205994 1.20550709264353 1.87495591957122 1.2622850832995 1.76650604302995 1.29111893568188 1.18255535513163 1.19214651570655 1.00905226636678 0 1.92436401103623 1.0986426488962 1.81017417693511 1.03919157362543 1.36147066671401 1.51094064093195 1.66584779694676 1.26232634857297 1.58868436841294 1.40504873613827 0.971273249015212 1.70246402337216 0.993667935952544 1.57505869236775 1.11986025073566 1.95344214653596 1.29211963131092 1.30634367070161 1.09957346390001
1.37071683048271 1.61003277194686 1.82695454335772 1.88575518899597 1.46276678517461 1.18730189558119 1.75238361395895 1.53653345815837 1.03076792508364 1.21198155009188 1.92436401103623 0 1.20922670792788 1.82519655954093 1.17004841426387 1.12138041295111 1.41088224132545 1.50557920779102 1.17180148116313 1.87280465732329 1.03799465694465 1.69985824031755 1.60605503967963 1.76155961933546 1.06869764858857 1.59716036636382 1.4654893099796 1.58672711043619 1.3793992435094 1.64378449274227
1.9607103173621 1.28247979632579 1.41640407103114 1.69255842012353 1.57163533708081 1.91038059466518 1.53053795313463 1.94532389822416 1.06456576404162 1.89139155717567 1.0986426488962 1.20922670792788 0 1.85625727614388 1.5712958171498 1.48720227414742 1.48883888241835 1.79119232692756 1.3524386594072 1.22343970788643 0.985073570627719 1.75574482581578 1.01297086034901 1.50049870298244 0.961008716374636 1.10374465025961 1.21108668320812 1.68944285740145 1.57957653934136 1.89348076703027
1.12480887235142 1.26442849240266 1.8538212145213 1.80610306328163 1.14181290334091 1.6706279234495 1.50407784222625 1.73898230632767 1.30956855881959 1.92739282012917 1.81017417693511 1.82519655954093 1.85625727614388 0 1.18865443579853 1.18675900739618 1.10159620270133 0.983515880536288 1.78378375060856 1.43122692313045 1.07239820738323 1.35522960824892 1.66305171861313 1.72757968888618 1.68453844822943 1.09227292821743 0.988920349627733 1.57398847769946 1.10328044183552 1.65051026060246
1.25802542618476 1.67766861221753 1.26462281425484 1.74327097646892 1.19972572801635 1.00476138386875 1.70159161183983 0.996865337714553 1.66397812101059 1.71224995725788 1.03919157362543 1.17004841426387 1.5712958171498 1.18865443579853 0 1.72763931727968 0.974351815413684 1.2417187099345 1.35305023496039 1.47569952858612 1.52051576739177 1.20455791894346 1.83819221705198 1.28073251270689 1.29642614978366 1.30604032985866 0.992519711144269 1.28193880966865 1.56227443972602 1.48451548186131
1.82332149357535 1.30294232140295 0.992709126789123 1.62628439650871 1.24861575686373 1.11557408538647 1.86408043885604 1.03296579234302 1.74058243818581 1.63950486411341 1.36147066671401 1.12138041295111 1.48720227414742 1.18675900739618 1.72763931727968 0 1.75821276637726 1.34850423317403 1.39184530242346 1.90573559864424 1.71912193181925 1.09801721666008 1.80771256051958 1.64457580004819 1.48680999549106 1.59598808409646 1.34871400962584 1.22055757744238 1.46408961783163 1.35822983109392
1.35569432610646 1.68697525770403 1.53915408719331 1.72869417513721 1.85200470359996 1.28606181358919 1.23182646231726 1.52775948634371 1.08848875318654 1.43814555252902 1.51094064093195 1.41088224132545 1.48883888241835 1.10159620270133 0.974351815413684 1.75821276637726 0 1.79150276794098 1.1015360110905 1.3199469379615 0.998248102609068 1.18965850537643 1.53579919203185 1.91308632167056 1.02170251263306 1.77811121288687 1.33552583679557 0.970512745436281 1.0226583329495 1.87081263237633
1.12602936592884 1.66584321763366 0.982259188080207 1.19843647466041 1.81894685118459 1.25510415202007 1.01652983110398 1.30539444112219 1.37773233489133 1.76028681825846 1.66584779694676 1.50557920779102 1.79119232692756 0.983515880536288 1.2417187099345 1.34850423317403 1.79150276794098 0 1.84313079924323 1.06644200650044 1.8447283077985 1.16476953029633 1.76034238771535 1.14673091331497 1.18900792719796 1.58009342150763 1.75123871932738 1.94478719867766 1.61165313608944 1.03974887612276
1.66035496466793 1.39916625362821 1.33176550851204 1.19790065777488 1.56567349890247 1.21472811955027 1.85389263299294 1.41452410211787 1.22675648960285 1.20022091525607 1.26232634857297 1.17180148116313 1.3524386594072 1.78378375060856 1.35305023496039 1.39184530242346 1.1015360110905 1.84313079924323 0 1.76182378153317 1.20101118483581 0.991567610297352 0.963651781203225 1.18399471370503 1.81294408557005 1.59090368915349 1.83943379484117 1.00514577678405 1.22359433979727 1.6708449407015
1.92552406922914 1.10903454013169 1.81436979514547 1.72669579926878 1.05604297900572 1.62414404237643 1.26037579867989 1.83204483357258 1.60452048131265 1.03499136050232 1.58868436841294 1.87280465732329 1.22343970788643 1.43122692313045 1.47569952858612 1.90573559864424 1.3199469379615 1.06644200650044 1.76182378153317 0 1.14389940467663 1.04797297343612 1.19708643737249 1.69814652460627 1.05139243067242 1.17515292833559 1.80120302713476 1.1343732860405 1.84161364356987 1.87175979651511
1.83522012783214 1.62714255531318 1.94214262114838 1.44212810182944 1.04536745138466 1.55224938387983 1.39461809094064 1.86643378180452 1.79541770974174 1.72208446799777 1.40504873613827 1.03799465694465 0.985073570627719 1.07239820738323 1.52051576739177 1.71912193181925 0.998248102609068 1.8447283077985 1.20101118483581 1.14389940467663 0 1.08439718745649 1.69529428705573 1.71012466424145 1.90086263790727 0.970373237505555 1.34392843465321 1.48807394667529 1.81553590041585 1.33386116265319
1.25778774451464 1.56959181139246 1.52600522944704 1.18898314912803 1.27903801389039 1.22287427843548 1.92912304960191 1.22383018350229 1.11477699573152 1.62484734761529 0.971273249015212 1.69985824031755 1.75574482581578 1.35522960824892 1.20455791894346 1.09801721666008 1.18965850537643 1.16476953029633 0.991567610297352 1.04797297343612 1.08439718745649 0 1.68860115413554 1.24385910877027 1.68059732276015 1.87938223266974 0.982168897520751 1.41307401214726 1.3189049703069 1.31167118041776
1.52259424841031 1.85060868249275 1.73174284258857 1.1057871344965 1.32399769080803 1.6484785687644 1.46480236714706 1.66240578563884 1.66281956690364 1.28473578975536 1.70246402337216 1.60605503967963 1.01297086034901 1.66305171861313 1.83819221705198 1.80771256051958 1.53579919203185 1.76034238771535 0.963651781203225 1.19708643737249 1.69529428705573 1.68860115413554 0 1.79282392887399 1.59591420786455 1.30643588374369 1.16278811660595 1.71413932880387 1.23718171869405 1.73406370729208
1.46275576530024 1.42597315227613 1.67240555607714 1.58117432286963 1.39104430610314 1.03545303712599 1.78758944547735 1.38594619464129 1.53955698828213 1.08724822499789 0.993667935952544 1.76155961933546 1.50049870298244 1.72757968888618 1.28073251270689 1.64457580004819 1.91308632167056 1.14673091331497 1.18399471370503 1.69814652460627 1.71012466424145 1.24385910877027 1.79282392887399 0 1.71054759435356 1.85884356754832 1.09752607066184 1.8987350887619 1.47625744901597 1.74035776522942
1.11223292164505 1.3028678917326 1.04506951733492 1.21249064290896 1.62845870642923 1.14204038353637 1.44348302832805 1.53947847522795 1.88220812752843 1.60205869260244 1.57505869236775 1.06869764858857 0.961008716374636 1.68453844822943 1.29642614978366 1.48680999549106 1.02170251263306 1.18900792719796 1.81294408557005 1.05139243067242 1.90086263790727 1.68059732276015 1.59591420786455 1.71054759435356 0 1.74522056546994 1.25275567988865 1.41238945443183 1.06664190324955 1.07510321564041
1.30888695665635 1.12292183865793 1.58387182001024 1.89202876342461 1.25781523180194 1.79816141235642 1.25110079068691 0.972395086893812 1.36068051727489 1.64790936629288 1.11986025073566 1.59716036636382 1.10374465025961 1.09227292821743 1.30604032985866 1.59598808409646 1.77811121288687 1.58009342150763 1.59090368915349 1.17515292833559 0.970373237505555 1.87938223266974 1.30643588374369 1.85884356754832 1.74522056546994 0 1.05880761286244 1.06589409033768 1.88811019458808 1.21991179441102
1.89289756701328 1.03458153293468 1.02205473184586 1.18861942668445 1.23973375954665 1.19733853731304 1.08412634534761 1.12493481743149 1.02552442136221 1.34346230141819 1.95344214653596 1.4654893099796 1.21108668320812 0.988920349627733 0.992519711144269 1.34871400962584 1.33552583679557 1.75123871932738 1.83943379484117 1.80120302713476 1.34392843465321 0.982168897520751 1.16278811660595 1.09752607066184 1.25275567988865 1.05880761286244 0 1.73901660880074 1.14496481535025 1.82794579048641
1.04463367257267 1.48999932548031 1.16985355061479 1.5720875270199 1.75526642426848 1.8528995772358 1.667730207555 1.69480434036814 1.73183107306249 1.75936179910786 1.29211963131092 1.58672711043619 1.68944285740145 1.57398847769946 1.28193880966865 1.22055757744238 0.970512745436281 1.94478719867766 1.00514577678405 1.1343732860405 1.48807394667529 1.41307401214726 1.71413932880387 1.8987350887619 1.41238945443183 1.06589409033768 1.73901660880074 0 1.80711281881668 1.49841556022875
1.69903380796313 1.44980359682813 1.30657011363655 1.29515338921919 1.26264771283604 1.23814836191013 1.89061222062446 1.47116924356669 1.07310083229095 1.47678168397397 1.30634367070161 1.3793992435094 1.57957653934136 1.10328044183552 1.56227443972602 1.46408961783163 1.0226583329495 1.61165313608944 1.22359433979727 1.84161364356987 1.81553590041585 1.3189049703069 1.23718171869405 1.47625744901597 1.06664190324955 1.88811019458808 1.14496481535025 1.80711281881668 0 1.75764028262347
1.06534118810669 1.42114812973887 1.84913692157716 1.5864604189992 1.55705262464471 1.65496464725584 1.87759037828073 1.00425707246177 1.14031902397983 1.72914588754065 1.09957346390001 1.64378449274227 1.89348076703027 1.65051026060246 1.48451548186131 1.35822983109392 1.87081263237633 1.03974887612276 1.6708449407015 1.87175979651511 1.33386116265319 1.31167118041776 1.73406370729208 1.74035776522942 1.07510321564041 1.21991179441102 1.82794579048641 1.49841556022875 1.75764028262347 0
