0 1.72731292946264 1.38495473563671 0.896882122615352 1.21856794203632 1.03510224982165 1.45295967184938 1.57146059558727 0.982112760422751 0.997839513234794 1.02167739719152 1.42162123112939 1.76140844705515 1.60748502821662 1.57365852384828 0.924023844767362 1.56911425176077 1.69674841314554 1.02136811730452 1.80334264878184 1.31222924729809 1.2573328258004 1.11430654418655 1.60982513963245 1.235822761897 1.55565525311977 1.22314800554886 1.52243827073835 1.22601316031069 1.22670353925787
1.72731292946264 0 1.48995752469636 1.52457764348947 1.38803665107116 1.80127461301163 1.67263300274499 1.09259160421789 0.973882751306519 0.931117475498468 0.99128633690998 1.48801961075515 0.94738529692404 1.48605665261857 1.4555730628781 1.46389115811326 1.14088161801919 1.56287479773164 1.70660641486757 1.09996265894733 1.19355729548261 1.29200694290921 1.67569382721558 1.65658874693327 1.36529464274645 0.931470581330359 1.5351450338494 1.82828303100541 1.07220280682668 0.910472345305607
1.38495473563671 1.48995752469636 0 1.48077623685822 1.52182213449851 1.39208510308526 1.00350786466151 1.1702330133412 1.60216070222668 1.83995938091539 1.57671507284977 1.79923342913389 1.62498399731703 1.51030406844802 1.75574660277925 1.36856600269675 1.59105805354193 1.44740362698212 0.972888648509979 1.79917849809863 1.28872921760194 1.40445856470615 1.34525500424206 1.67264146381058 1.81758163846098 1.44892872567289 1.33298634365201 1.19383429246955 1.2196085753385 1.44981106254272
0.896882122615352 1.52457764348947 1.48077623685822 0 1.24380450719036 1.13918776810169 1.59710620483384 1.62089309492148 1.10714764147997 1.41614681016654 1.11684841359966 1.83452930627391 1.0552775405813 1.35046623880044 1.68338796705939 0.96422888757661 1.09235587320291 1.71945469919592 1.82728698919527 1.36803299351595 0.887127658352256 1.46303781680763 1.11810063011944 0.95052973087877 1.51378108304925 0.915407232707366 1.6971528341528 1.2624921228271 1.3901147574652 1.26271719904616
1.21856794203632 1.38803665107116 1.52182213449851 1.24380450719036 0 1.31449452228844 1.79129907302558 1.59094381169416 1.21878954814747 1.77334652142599 1.36866335594095 1.85662836581469 1.75456781662069 0.999259346397594 0.887122572399676 1.30614996072836 1.56860740017146 1.25328241451643 1.70806771679781 1.49570808582939 1.30934979813173 1.24471398815513 1.85683053662069 1.06862467690371 0.961604918120429 1.25364590995014 0.899414429673925 1.4901211108081 1.32705251825973 1.57223169552162
1.03510224982165 1.80127461301163 1.39208510308526 1.13918776810169 1.31449452228844 0 1.56006242567673 1.73557895538397 1.82589038810693 0.901753409998491 1.78418643027544 1.01920140115544 1.68802052922547 1.53634874685667 1.2587447243277 1.15276574296877 1.63893444114365 1.0910066079814 1.14595545479096 1.69182179309428 1.40660967864096 1.24559482932091 1.37204629881307 1.55942833074369 1.13102765218355 1.6559311596211 1.22718533780426 1.02731723454781 1.10762275289744 1.06196742434986
1.45295967184938 1.67263300274499 1.00350786466151 1.59710620483384 1.79129907302558 1.56006242567673 0 1.48930084123276 1.29775378294289 1.43587861489505 1.228509868728 1.64080072427168 1.25984402070753 1.81950491177849 1.30847134185024 1.56553155113943 1.25187549251132 0.944633586332202 1.28676139563322 1.62425208278 1.00011350424029 1.57577812578529 1.38694501412101 1.56402942631394 0.896852734265849 1.63203066121787 1.79606936662458 1.10102069750428 1.35818438814022 1.43243800126947
1.57146059558727 1.09259160421789 1.1702330133412 1.62089309492148 1.59094381169416 1.73557895538397 1.48930084123276 0 1.59642073046416 1.03837123885751 1.45146720740013 1.30336745316163 1.14946410455741 1.75784628698602 1.58838483761065 1.87255142419599 1.32691119494848 0.927443971391767 1.20500385388732 1.58865354792215 1.06837378512137 1.70351753011346 1.25729910004884 1.04591975966468 1.65623538452201 1.06029412359931 1.07181397941895 1.58157406374812 1.38811937882565 1.82635365403257
0.982112760422751 0.973882751306519 1.60216070222668 1.10714764147997 1.21878954814747 1.82589038810693 1.29775378294289 1.59642073046416 0 1.47480941889808 1.62205983907916 1.85468164691702 1.33245801343583 1.18512262310833 1.03132139961235 1.66118147759698 1.30866762576625 1.72911742608994 1.55080639151856 1.75178527156822 1.16799274994992 1.16389441629872 1.41364740906283 0.935589978005737 1.1740613381844 0.909040479222313 1.80665004439652 0.939146230230108 1.32090743863955 0.975462713744491
0.997839513234794 0.931117475498468 1.83995938091539 1.41614681016654 1.77334652142599 0.901753409998491 1.43587861489505 1.03837123885751 1.47480941889808 0 1.7066581833642 0.966427059145644 1.20945973577909 1.73493091226555 1.38299361779355 1.1463000990916 1.30092648323625 1.4592089841608 1.33689895062707 1.65055798576213 0.991994213778526 0.94522730121389 1.48615309782326 1.80256928061135 1.39705820241943 1.18117243726738 0.894373407587409 1.30503156618215 1.43839645059779 1.66548039927147
1.02167739719152 0.99128633690998 1.57671507284977 1.11684841359966 1.36866335594095 1.78418643027544 1.228509868728 1.45146720740013 1.62205983907916 1.7066581833642 0 1.56272345944308 1.6623487919569 1.09818136692047 1.43483272264712 0.92508907453157 1.79001638991758 0.933349310886115 1.85388991446234 1.27809255709872 1.06433741538785 1.05199704994448 1.76294103590772 1.63495285646059 1.86340133380145 0.973462566034868 1.67220775596797 1.6627472457476 1.27111693192273 0.904464593390003
1.42162123112939 1.48801961075515 1.79923342913389 1.83452930627391 1.85662836581469 1.01920140115544 1.64080072427168 1.30336745316163 1.85468164691702 0.966427059145644 1.56272345944308 0 1.75978027353995 1.29206359409727 1.28499984997325 0.93020802619867 1.52663470688276 1.56471911119297 1.08160003111698 1.43802933348343 1.59350043092854 1.36509514390491 0.952561144484207 1.2162351666484 0.913022396154702 1.35032574017532 1.79186793626286 1.7721641047392 1.5975403485354 0.888803978217766
1.76140844705515 0.94738529692404 1.62498399731703 1.0552775405813 1.75456781662069 1.68802052922547 1.25984402070753 1.14946410455741 1.33245801343583 1.20945973577909 1.6623487919569 1.75978027353995 0 0.988545789383352 1.36685021268204 1.54291394213215 1.5230763645377 1.11225408921018 1.74915861431509 1.84609345369972 1.75599043164402 1.61362142325379 1.81057502655312 1.29494728171267 1.35961966798641 0.932188208913431 1.65019949269481 1.72911014803685 0.971944803604856 1.4514489218127
1.60748502821662 1.48605665261857 1.51030406844802 1.35046623880044 0.999259346397594 1.53634874685667 1.81950491177849 1.75784628698602 1.18512262310833 1.73493091226555 1.09818136692047 1.29206359409727 0.988545789383352 0 1.03145605302416 1.04355377354659 0.966289376141503 1.24714627116919 1.21038409695029 1.30312662618235 1.35263290232979 0.911241987487301 1.17486009653658 0.994850941002369 1.31850137701258 1.4596944549121 1.47788258688524 0.988138200715184 1.30328087927774 1.19649259070866
1.57365852384828 1.4555730628781 1.75574660277925 1.68338796705939 0.887122572399676 1.2587447243277 1.30847134185024 1.58838483761065 1.03132139961235 1.38299361779355 1.43483272264712 1.28499984997325 1.36685021268204 1.03145605302416 0 1.01894245948642 1.79640724952333 1.10992599534802 1.7035314142704 1.19853519904427 1.15221681934781 1.8389916587621 1.5311859974172 1.44888643827289 1.39296166691929 0.940096449572593 1.37688684067689 1.73275038180873 1.15982697042637 1.75979430694133
0.924023844767362 1.46389115811326 1.36856600269675 0.96422888757661 1.30614996072836 1.15276574296877 1.56553155113943 1.87255142419599 1.66118147759698 1.1463000990916 0.92508907453157 0.93020802619867 1.54291394213215 1.04355377354659 1.01894245948642 0 1.42787844315171 1.44672990916297 1.23139095981605 1.02213228563778 1.41246798401698 1.47383099235594 1.21848807297647 1.17522689467296 0.960098871961236 1.66772156860679 1.32960908487439 1.04346134816296 1.43903236696497 1.05643441388384
1.56911425176077 1.14088161801919 1.59105805354193 1.09235587320291 1.56860740017146 1.63893444114365 1.25187549251132 1.32691119494848 1.30866762576625 1.30092648323625 1.79001638991758 1.52663470688276 1.5230763645377 0.966289376141503 1.79640724952333 1.42787844315171 0 1.83520936896093 1.05160257639363 0.959052268881351 1.73579620616511 0.966300093336031 1.65104913129471 1.69921629480086 1.87621046090499 1.13707143790089 1.33432823955081 1.05778617993928 1.80500246630982 1.12187684397213
1.69674841314554 1.56287479773164 1.44740362698212 1.71945469919592 1.25328241451643 1.0910066079814 0.944633586332202 0.927443971391767 1.72911742608994 1.4592089841608 0.933349310886115 1.56471911119297 1.11225408921018 1.24714627116919 1.10992599534802 1.44672990916297 1.83520936896093 0 1.81014884193428 1.36755040893331 1.08257017983124 1.42743661161512 1.66890212474391 1.10900355316699 1.58460598788224 1.47018459299579 1.0899932438042 1.65648094960488 1.37309490866028 1.28469141735695
1.02136811730452 1.70660641486757 0.972888648509979 1.82728698919527 1.70806771679781 1.14595545479096 1.28676139563322 1.20500385388732 1.55080639151856 1.33689895062707 1.85388991446234 1.08160003111698 1.74915861431509 1.21038409695029 1.7035314142704 1.23139095981605 1.05160257639363 1.81014884193428 0 1.10062499600463 1.77574618742801 1.480072169099 1.80202115233988 1.26481625367887 1.26317166001536 1.13152409810573 1.43031328520738 1.06920080585405 1.6713626079727 1.71235301578417
1.80334264878184 1.09996265894733 1.79917849809863 1.36803299351595 1.49570808582939 1.69182179309428 1.62425208278 1.58865354792215 1.75178527156822 1.65055798576213 1.27809255709872 1.43802933348343 1.84609345369972 1.30312662618235 1.19853519904427 1.02213228563778 0.959052268881351 1.36755040893331 1.10062499600463 0 1.83824853668921 1.87611261871643 0.924177165143192 1.54296416300349 1.41937576537021 1.70645497250371 1.66626107762568 1.11454261117615 1.18472758866847 1.35277045052499
1.31222924729809 1.19355729548261 1.28872921760194 0.887127658352256 1.30934979813173 1.40660967864096 1.00011350424029 1.06837378512137 1.16799274994992 0.991994213778526 1.06433741538785 1.59350043092854 1.75599043164402 1.35263290232979 1.15221681934781 1.41246798401698 1.73579620616511 1.08257017983124 1.77574618742801 1.83824853668921 0 1.15117814508267 1.00451366673224 1.07737862668 1.0328958122991 1.5162163625937 1.39816481666639 1.70929776504636 1.00044575147331 1.16632052860223
1.2573328258004 1.29200694290921 1.40445856470615 1.46303781680763 1.24471398815513 1.24559482932091 1.57577812578529 1.70351753011346 1.16389441629872 0.94522730121389 1.05199704994448 1.36509514390491 1.61362142325379 0.911241987487301 1.8389916587621 1.47383099235594 0.966300093336031 1.42743661161512 1.480072169099 1.87611261871643 1.15117814508267 0 1.81026882026345 1.44636683538556 1.6623684859369 1.83404516498558 1.30297413188964 1.18902733176947 1.62055610702373 1.26093349070288
1.11430654418655 1.67569382721558 1.34525500424206 1.11810063011944 1.85683053662069 1.37204629881307 1.38694501412101 1.25729910004884 1.41364740906283 1.48615309782326 1.76294103590772 0.952561144484207 1.81057502655312 1.17486009653658 1.5311859974172 1.21848807297647 1.65104913129471 1.66890212474391 1.80202115233988 0.924177165143192 1.00451366673224 1.81026882026345 0 1.54051776044071 1.17317659594119 0.886782697867602 1.85553290974349 1.38881806563586 1.41356830531731 1.30892111104913
1.60982513963245 1.65658874693327 1.67264146381058 0.95052973087877 1.06862467690371 1.55942833074369 1.56402942631394 1.04591975966468 0.935589978005737 1.80256928061135 1.63495285646059 1.2162351666484 1.29494728171267 0.994850941002369 1.44888643827289 1.17522689467296 1.69921629480086 1.10900355316699 1.26481625367887 1.54296416300349 1.07737862668 1.44636683538556 1.54051776044071 0 1.29902515024878 1.41659251018427 1.20287333521992 1.77356688072905 1.25216054287739 0.966830550460145
1.235822761897 1.36529464274645 1.81758163846098 1.51378108304925 0.961604918120429 1.13102765218355 0.896852734265849 1.65623538452201 1.1740613381844 1.39705820241943 1.86340133380145 0.913022396154702 1.35961966798641 1.31850137701258 1.39296166691929 0.960098871961236 1.87621046090499 1.58460598788224 1.26317166001536 1.41937576537021 1.0328958122991 1.6623684859369 1.17317659594119 1.29902515024878 0 1.01131828548387 1.86101934779435 0.951258078683168 1.26304522901773 1.73258154699579
1.55565525311977 0.931470581330359 1.44892872567289 0.915407232707366 1.25364590995014 1.6559311596211 1.63203066121787 1.06029412359931 0.909040479222313 1.18117243726738 0.973462566034868 1.35032574017532 0.932188208913431 1.4596944549121 0.940096449572593 1.66772156860679 1.13707143790089 1.47018459299579 1.13152409810573 1.70645497250371 1.5162163625937 1.83404516498558 0.886782697867602 1.41659251018427 1.01131828548387 0 1.10688370233402 1.48182723042555 0.914126293035224 1.35737365786918
1.22314800554886 1.5351450338494 1.33298634365201 1.6971528341528 0.899414429673925 1.22718533780426 1.79606936662458 1.07181397941895 1.80665004439652 0.894373407587409 1.67220775596797 1.79186793626286 1.65019949269481 1.47788258688524 1.37688684067689 1.32960908487439 1.33432823955081 1.0899932438042 1.43031328520738 1.66626107762568 1.39816481666639 1.30297413188964 1.85553290974349 1.20287333521992 1.86101934779435 1.10688370233402 0 1.15006339875981 1.08715508622117 1.34510813187808
1.52243827073835 1.82828303100541 1.19383429246955 1.2624921228271 1.4901211108081 1.02731723454781 1.10102069750428 1.58157406374812 0.939146230230108 1.30503156618215 1.6627472457476 1.7721641047392 1.72911014803685 0.988138200715184 1.73275038180873 1.04346134816296 1.05778617993928 1.65648094960488 1.06920080585405 1.11454261117615 1.70929776504636 1.18902733176947 1.38881806563586 1.77356688072905 0.951258078683168 1.48182723042555 1.15006339875981 0 1.0308330389671 1.1298030721955
1.22601316031069 1.07220280682668 1.2196085753385 1.3901147574652 1.32705251825973 1.10762275289744 1.35818438814022 1.38811937882565 1.32090743863955 1.43839645059779 1.27111693192273 1.5975403485354 0.971944803604856 1.30328087927774 1.15982697042637 1.43903236696497 1.80500246630982 1.37309490866028 1.6713626079727 1.18472758866847 1.00044575147331 1.62055610702373 1.41356830531731 1.25216054287739 1.26304522901773 0.914126293035224 1.08715508622117 1.0308330389671 0 0.994702866533771
1.22670353925787 0.910472345305607 1.44981106254272 1.26271719904616 1.57223169552162 1.06196742434986 1.43243800126947 1.82635365403257 0.975462713744491 1.66548039927147 0.904464593390003 0.888803978217766 1.4514489218127 1.19649259070866 1.75979430694133 1.05643441388384 1.12187684397213 1.28469141735695 1.71235301578417 1.35277045052499 1.16632052860223 1.26093349070288 1.30892111104913 0.966830550460145 1.73258154699579 1.35737365786918 1.34510813187808 1.1298030721955 0.994702866533771 0
