0 1.51566658471711 1.70374183682725 1.69578513340093 1.68632468744181 1.40661986754276 0.961395130492747 1.04522908409126 1.7878277420532 1.7901925900951 1.81937476294115 1.44176680757664 1.73056060448289 1.84167613368481 1.86718269484118 1.75447606551461 0.919224536046386 1.52535131829791 1.51499869651161 1.91168830916286 1.60569453565404 1.71761544793844 1.5197159696836 1.24404243985191 1.05700480029918 1.31934338924475 1.13795401481912 1.25107460166328 1.09984741359949 1.72029255214147
1.51566658471711 0 1.4751060786657 1.40433512954041 1.65468235989101 1.43701841915026 1.10804921435192 1.51929586706683 1.37085015396588 1.80516030173749 1.35177696868777 1.28704749583267 1.80658959667198 1.26924987928942 1.1753239070531 1.72568413056433 1.30306881316938 1.6162113819737 1.59829678758979 1.14171511819586 1.15534108714201 1.45394956739619 1.09833367425017 1.00525491172448 1.05276793101802 1.26707695634104 0.98734065098688 1.8079497597646 1.33437106525525 1.85200677788816
1.70374183682725 1.4751060786657 0 1.60274879261851 1.69380546640605 1.56529808044434 1.55693271593191 1.48238107631914 1.57253978587687 0.972371085779741 1.26073312899098 1.46119442256168 1.12653307011351 1.63738918746822 1.14070499525405 1.05961467395537 1.02541338070296 1.12112094461918 1.53066269541159 1.69797240500338 1.60531495488249 1.01051296223886 1.54123898851685 1.31090390775353 1.19231148972176 1.34802835551091 1.22129555488937 1.17600902169943 0.93113153334707 1.11436094087549
1.69578513340093 1.40433512954041 1.60274879261851 0 1.60673262318596 1.25926398904994 1.23513444466516 1.85003087366931 0.940905625466257 1.59179229731672 1.63066619681194 1.50075590284541 1.38646148028784 1.76558944350109 1.45031116437167 1.69742079055868 1.72990452195518 1.66486931592226 1.61428411211818 1.73137040738948 1.145890037762 1.14176121144556 1.29155232221819 1.56171171297319 1.51593507337384 1.14308765577152 1.74029116984457 1.04584067198448 1.16714375559241 1.13397382618859
1.68632468744181 1.65468235989101 1.69380546640605 1.60673262318596 0 1.84150847187266 1.48402503249235 0.978397670201957 1.52742642117664 1.56209431681782 1.52687707287259 1.10432124324143 0.938276244094595 1.40982312802225 1.81318563455716 1.25830692495219 1.11331582861021 1.44314545020461 1.73008877201937 1.48094206652604 1.1944666726049 1.52690559392795 1.45132137462497 1.65893323090859 1.54426921205595 1.60427537444048 1.87111823353916 1.65981782693416 1.78358316328377 1.01419106498361
1.40661986754276 1.43701841915026 1.56529808044434 1.25926398904994 1.84150847187266 0 1.84423123463057 1.11850624508224 1.04065517499112 1.20879500429146 1.42834662715904 1.68284880276769 1.06911568413489 1.83636977011338 1.03985493839718 1.17697573057376 1.24498142790981 1.67211309494451 1.41520253685303 1.6784909942653 1.66599462274462 1.3012843686156 1.13301762682386 1.33779639913701 1.85597759718075 1.34051501029171 1.37128506717272 1.25872394791804 1.14931003795937 1.73220382560976
0.961395130492747 1.10804921435192 1.55693271593191 1.23513444466516 1.48402503249235 1.84423123463057 0 1.12648700643331 0.99781680200249 1.36002944596112 0.996205809991807 1.6423568406608 1.19019192154519 1.78378489660099 1.14462624909356 1.0313242173288 1.0863894764334 1.33582475758158 1.33900953456759 0.98481511650607 1.23590531991795 1.01666537486017 1.20614875480533 1.90373362065293 1.32425437541679 0.980141896288842 1.00529903895222 1.73365682386793 1.75986330560409 1.19323481735773
1.04522908409126 1.51929586706683 1.48238107631914 1.85003087366931 0.978397670201957 1.11850624508224 1.12648700643331 0 1.78512763977051 1.76453483570367 1.6286897577811 1.02663743449375 1.58842919557355 1.74656059406698 1.22371311043389 1.11190214566886 1.74915937939659 1.04975053993985 1.3891631278675 1.56063350802287 1.2109018387273 1.88795179268345 1.28810453717597 1.30986821185797 1.77555104694329 1.27697443426587 1.54173320857808 1.45175680331886 0.999765369109809 1.81435136776417
1.7878277420532 1.37085015396588 1.57253978587687 0.940905625466257 1.52742642117664 1.04065517499112 0.99781680200249 1.78512763977051 0 1.42303566983901 1.32777954288758 1.13133466709405 1.21335278567858 1.66726113995537 1.36893251934089 1.04858489381149 1.38336576521397 1.48366759112105 1.28452303051017 1.37662954581901 1.51715585682541 0.986203101463616 1.58022700482979 1.20960262021981 1.24749745451845 1.63522216607817 1.80446233274415 1.63303308980539 1.32669472834095 1.79930939339101
1.7901925900951 1.80516030173749 0.972371085779741 1.59179229731672 1.56209431681782 1.20879500429146 1.36002944596112 1.76453483570367 1.42303566983901 0 1.3270022997167 1.05910568987019 0.976400824496523 1.5774015148636 1.80401332164183 1.39683403563686 1.42870057583787 1.50488827936351 1.25132520310581 1.8929854456801 1.14640382118523 1.25477351341397 0.970416450407356 1.16991509590298 1.5536239577923 1.30688091693446 1.73336125980131 1.77474903455004 1.57728758896701 1.32105075870641
1.81937476294115 1.35177696868777 1.26073312899098 1.63066619681194 1.52687707287259 1.42834662715904 0.996205809991807 1.6286897577811 1.32777954288758 1.3270022997167 0 1.00435817800462 1.85824233735912 1.09122768882662 1.75464296527207 1.05682666134089 1.81320961657912 1.42852468346246 1.56852132780477 1.06058752723038 1.16131644509733 1.8360543451272 0.977853665826842 1.31152523704804 1.79526182869449 1.8964636195451 1.3299311758019 1.42376941791736 1.06482342653908 1.56973654404283
1.44176680757664 1.28704749583267 1.46119442256168 1.50075590284541 1.10432124324143 1.68284880276769 1.6423568406608 1.02663743449375 1.13133466709405 1.05910568987019 1.00435817800462 0 1.46135721239261 1.33732697088271 1.66848206263967 1.55846148519777 0.926816685590893 1.58777329325676 1.12227855599485 1.23425462888554 1.1857753500808 1.65690444107167 1.82829832122661 1.7675377195701 1.61454779561609 1.26117848022841 1.05713533423841 1.58623090316541 1.30335187329911 1.54984192247503
1.73056060448289 1.80658959667198 1.12653307011351 1.38646148028784 0.938276244094595 1.06911568413489 1.19019192154519 1.58842919557355 1.21335278567858 0.976400824496523 1.85824233735912 1.46135721239261 0 1.62197016691789 0.96085854806006 1.90907219541259 1.61185951251537 1.84172588167712 1.47333784447983 1.28760819835588 1.21345215244219 1.70521558145992 1.86319531407207 1.59085281379521 1.20403048861772 1.69697815435939 1.61860894667916 0.979696922237054 1.59742543031462 1.72770122112706
1.84167613368481 1.26924987928942 1.63738918746822 1.76558944350109 1.40982312802225 1.83636977011338 1.78378489660099 1.74656059406698 1.66726113995537 1.5774015148636 1.09122768882662 1.33732697088271 1.62197016691789 0 1.27418327634223 1.40256876032799 1.12287296704017 1.83413253631443 1.17747923708521 1.11738167656586 1.71891437564045 1.70667390455492 1.82213426590897 1.57624061848037 1.46049214247614 1.42891574208625 1.82186714140698 1.43843668373302 1.87267300533131 1.28346816892736
1.86718269484118 1.1753239070531 1.14070499525405 1.45031116437167 1.81318563455716 1.03985493839718 1.14462624909356 1.22371311043389 1.36893251934089 1.80401332164183 1.75464296527207 1.66848206263967 0.96085854806006 1.27418327634223 0 1.85985281737521 1.88917960552499 1.81160045019351 1.5960506752599 1.77399023203179 1.24340652138926 1.76352514815517 1.37128252442926 1.61328908056021 0.943833022145554 1.28594218590297 1.65263466327451 1.58369058789685 1.91318275011145 1.87952987593599
1.75447606551461 1.72568413056433 1.05961467395537 1.69742079055868 1.25830692495219 1.17697573057376 1.0313242173288 1.11190214566886 1.04858489381149 1.39683403563686 1.05682666134089 1.55846148519777 1.90907219541259 1.40256876032799 1.85985281737521 0 1.47731729946099 1.0186697060708 1.32437618263066 1.05209324951284 1.0251759046223 1.33672087360173 1.23837707424536 1.67392240511253 1.31108708260581 1.75281256320886 1.62345432396978 1.07415965432301 1.86647847434506 1.54612707369961
0.919224536046386 1.30306881316938 1.02541338070296 1.72990452195518 1.11331582861021 1.24498142790981 1.0863894764334 1.74915937939659 1.38336576521397 1.42870057583787 1.81320961657912 0.926816685590893 1.61185951251537 1.12287296704017 1.88917960552499 1.47731729946099 0 1.11190712195821 1.79918028065003 1.0058916406706 1.56361731165089 1.31968494434841 1.04881337471306 0.995022867107764 1.03113041771576 1.55426981253549 1.71459786617197 1.29662738903426 1.91655979375355 1.44460033648647
1.52535131829791 1.6162113819737 1.12112094461918 1.66486931592226 1.44314545020461 1.67211309494451 1.33582475758158 1.04975053993985 1.48366759112105 1.50488827936351 1.42852468346246 1.58777329325676 1.84172588167712 1.83413253631443 1.81160045019351 1.0186697060708 1.11190712195821 0 1.51856932742521 1.17816500621848 1.8718378697522 1.83289329684339 1.52366131916642 1.52384254522622 1.25533944158815 1.62103259121068 1.8016084972769 1.77831618813798 1.6952964940574 1.72493573976681
1.51499869651161 1.59829678758979 1.53066269541159 1.61428411211818 1.73008877201937 1.41520253685303 1.33900953456759 1.3891631278675 1.28452303051017 1.25132520310581 1.56852132780477 1.12227855599485 1.47333784447983 1.17747923708521 1.5960506752599 1.32437618263066 1.79918028065003 1.51856932742521 0 1.85137017443776 0.971109876176342 1.10504672722891 1.42400170164183 1.31093341903761 1.12161034927703 1.77161842328496 0.971165169263259 1.58107869629748 1.52537109516561 1.21261437376961
1.91168830916286 1.14171511819586 1.69797240500338 1.73137040738948 1.48094206652604 1.6784909942653 0.98481511650607 1.56063350802287 1.37662954581901 1.8929854456801 1.06058752723038 1.23425462888554 1.28760819835588 1.11738167656586 1.77399023203179 1.05209324951284 1.0058916406706 1.17816500621848 1.85137017443776 0 1.22905538138002 1.27437417837791 1.27191848517396 1.05896616028622 0.983316498575732 1.11014298931696 1.50874395295978 1.77977449051104 1.81603000708856 1.55781299690716
1.60569453565404 1.15534108714201 1.60531495488249 1.145890037762 1.1944666726049 1.66599462274462 1.23590531991795 1.2109018387273 1.51715585682541 1.14640382118523 1.16131644509733 1.1857753500808 1.21345215244219 1.71891437564045 1.24340652138926 1.0251759046223 1.56361731165089 1.8718378697522 0.971109876176342 1.22905538138002 0 1.28721261001192 1.05421756091528 0.929867820348591 1.51591266458854 1.16940175974742 1.7002486535348 1.09933069557883 1.15797983855009 1.79223415441811
1.71761544793844 1.45394956739619 1.01051296223886 1.14176121144556 1.52690559392795 1.3012843686156 1.01666537486017 1.88795179268345 0.986203101463616 1.25477351341397 1.8360543451272 1.65690444107167 1.70521558145992 1.70667390455492 1.76352514815517 1.33672087360173 1.31968494434841 1.83289329684339 1.10504672722891 1.27437417837791 1.28721261001192 0 1.08491325541399 1.79471353185363 1.75669311569072 1.73686650930904 1.14239377249032 1.23838408105075 1.89721097657457 1.21466664713807
1.5197159696836 1.09833367425017 1.54123898851685 1.29155232221819 1.45132137462497 1.13301762682386 1.20614875480533 1.28810453717597 1.58022700482979 0.970416450407356 0.977853665826842 1.82829832122661 1.86319531407207 1.82213426590897 1.37128252442926 1.23837707424536 1.04881337471306 1.52366131916642 1.42400170164183 1.27191848517396 1.05421756091528 1.08491325541399 0 1.50570495962165 1.55552205606364 1.91083430172876 1.84931341814809 1.51446078298613 1.45217642607167 1.24329488398507
1.24404243985191 1.00525491172448 1.31090390775353 1.56171171297319 1.65893323090859 1.33779639913701 1.90373362065293 1.30986821185797 1.20960262021981 1.16991509590298 1.31152523704804 1.7675377195701 1.59085281379521 1.57624061848037 1.61328908056021 1.67392240511253 0.995022867107764 1.52384254522622 1.31093341903761 1.05896616028622 0.929867820348591 1.79471353185363 1.50570495962165 0 1.38141068886034 1.02525871177204 1.71888104919344 1.87619941355661 0.921536926645786 1.35984764690511
1.05700480029918 1.05276793101802 1.19231148972176 1.51593507337384 1.54426921205595 1.85597759718075 1.32425437541679 1.77555104694329 1.24749745451845 1.5536239577923 1.79526182869449 1.61454779561609 1.20403048861772 1.46049214247614 0.943833022145554 1.31108708260581 1.03113041771576 1.25533944158815 1.12161034927703 0.983316498575732 1.51591266458854 1.75669311569072 1.55552205606364 1.38141068886034 0 1.8495309073478 1.26925287628546 1.2615130089689 1.86966950120404 1.32711726450361
1.31934338924475 1.26707695634104 1.34802835551091 1.14308765577152 1.60427537444048 1.34051501029171 0.980141896288842 1.27697443426587 1.63522216607817 1.30688091693446 1.8964636195451 1.26117848022841 1.69697815435939 1.42891574208625 1.28594218590297 1.75281256320886 1.55426981253549 1.62103259121068 1.77161842328496 1.11014298931696 1.16940175974742 1.73686650930904 1.91083430172876 1.02525871177204 1.8495309073478 0 1.36970162019134 1.56130395550281 0.988607122562826 1.24963593110442
1.13795401481912 0.98734065098688 1.22129555488937 1.74029116984457 1.87111823353916 1.37128506717272 1.00529903895222 1.54173320857808 1.80446233274415 1.73336125980131 1.3299311758019 1.05713533423841 1.61860894667916 1.82186714140698 1.65263466327451 1.62345432396978 1.71459786617197 1.8016084972769 0.971165169263259 1.50874395295978 1.7002486535348 1.14239377249032 1.84931341814809 1.71888104919344 1.26925287628546 1.36970162019134 0 1.6214850845281 1.61489361920394 1.76937089650892
1.25107460166328 1.8079497597646 1.17600902169943 1.04584067198448 1.65981782693416 1.25872394791804 1.73365682386793 1.45175680331886 1.63303308980539 1.77474903455004 1.42376941791736 1.58623090316541 0.979696922237054 1.43843668373302 1.58369058789685 1.07415965432301 1.29662738903426 1.77831618813798 1.58107869629748 1.77977449051104 1.09933069557883 1.23838408105075 1.51446078298613 1.87619941355661 1.2615130089689 1.56130395550281 1.6214850845281 0 1.2975908794906 1.01773816021159
1.09984741359949 1.33437106525525 0.93113153334707 1.16714375559241 1.78358316328377 1.14931003795937 1.75986330560409 0.999765369109809 1.32669472834095 1.57728758896701 1.06482342653908 1.30335187329911 1.59742543031462 1.87267300533131 1.91318275011145 1.86647847434506 1.91655979375355 1.6952964940574 1.52537109516561 1.81603000708856 1.15797983855009 1.89721097657457 1.45217642607167 0.921536926645786 1.86966950120404 0.988607122562826 1.61489361920394 1.2975908794906 0 1.40039492351934
1.72029255214147 1.85200677788816 1.11436094087549 1.13397382618859 1.01419106498361 1.73220382560976 1.19323481735773 1.81435136776417 1.79930939339101 1.32105075870641 1.56973654404283 1.54984192247503 1.72770122112706 1.28346816892736 1.87952987593599 1.54612707369961 1.44460033648647 1.72493573976681 1.21261437376961 1.55781299690716 1.79223415441811 1.21466664713807 1.24329488398507 1.35984764690511 1.32711726450361 1.24963593110442 1.76937089650892 1.01773816021159 1.40039492351934 0
