0 1.41124324360862 0.990514930104837 1.6226525879465 1.1751404425595 1.8319100427907 1.76279319543391 1.90514609334059 1.12602482479997 1.34286310663447 1.31529360846616 1.28582361782901 1.83739869506098 1.51674147439189 1.91851147403941 1.39837312651798 1.01543284137733 1.13651759200729 0.999189071822912 1.13816953846253 1.90692659583874 1.72404713812284 0.961307795951143 0.948142970912158 1.52145567722619 1.71761562442407 1.04736958094873 1.70434796717018 1.43415247532539 1.54631100525148
1.41124324360862 0 1.68030239222571 1.68912244215608 1.3539921969641 0.941224672598764 1.04335986613296 1.31450577056967 1.75232842564583 1.78347473987378 1.35279706167057 1.86319150985219 1.51736815879121 1.05037741689011 1.33979128324427 1.73058791807853 1.872690604534 1.24069960415363 1.22140081948601 1.59878720226698 1.85326528456062 1.46466050576419 1.82427506777458 1.70735781290568 1.85898336255923 1.18177340039983 1.32708564819768 1.6175273633562 0.981472309445962 1.66904506576248
0.990514930104837 1.68030239222571 0 1.18831077287905 1.16608839528635 1.55289860418998 0.98287151218392 1.87158044334501 0.95514373597689 1.26083498378284 1.36738496413454 1.11156011605635 1.75674968352541 1.1767438466195 1.90366413258016 0.96701409900561 1.22577796899714 1.85043262201361 1.12786455499008 1.61712689464912 1.61553283967078 1.67495570005849 1.69826132594608 1.16824203263968 0.962935053277761 1.26818343019113 1.93613302940503 1.14232889562845 1.48718411126174 1.57096891175024
1.6226525879465 1.68912244215608 1.18831077287905 0 1.31914774398319 1.34987522545271 1.33665885590017 1.72602524328977 1.04161863657646 1.93576800543815 1.38582072057761 1.89984025340527 1.82686662324704 1.30294062173925 1.20836536935531 1.20042643579654 0.942499064840376 1.17628424311988 1.53165179095231 1.73420517658815 1.11258533620276 1.16492029419169 1.86897170357406 1.49831860023551 1.77035579760559 1.78105111792684 1.78310725302435 1.51851145154797 0.966530717210844 1.62024892005138
1.1751404425595 1.3539921969641 1.16608839528635 1.31914774398319 0 1.36841329140589 1.57430192339234 1.10048518748954 1.50053065177053 1.30533109325916 0.999445539200678 1.25243807188235 1.6395893774461 1.45127602154389 1.90776005783118 1.1615458636079 1.33006870932877 1.14611916919239 1.46310704434291 1.25700445170514 1.65419712406583 1.24037743522786 1.52980221854523 1.70128920162097 1.29777971492149 1.02106318809092 1.82627791538835 1.9007220256608 1.14702510042116 1.27091142837889
1.8319100427907 0.941224672598764 1.55289860418998 1.34987522545271 1.36841329140589 0 1.21075636940077 1.49574808217585 1.12156093562953 1.62854166678153 1.4779146774672 1.59406658727676 0.969160863664001 1.55332594388165 1.53170140576549 1.82646950008348 1.14406163850799 1.84183394070715 1.47024694201536 1.80563343386166 1.29544498445466 1.04628717922606 1.16115751606412 1.10030149435624 1.92127724154852 1.35189643152989 1.32361771631986 0.985470818821341 1.23099524155259 1.8276747581549
1.76279319543391 1.04335986613296 0.98287151218392 1.33665885590017 1.57430192339234 1.21075636940077 0 1.60128578497097 1.69211450382136 1.93060058611445 1.36267753783613 1.78271095361561 1.80570391775109 1.59954282734543 1.19789187982678 1.22710200794972 1.0366024018731 1.83083111350425 1.18218504101969 1.55836219061166 1.58618005760945 1.15969081781805 1.51679653115571 1.10332739818841 1.8307002808433 1.62004685378633 1.76673955377191 1.12685964303091 1.207302975934 1.27068609837443
1.90514609334059 1.31450577056967 1.87158044334501 1.72602524328977 1.10048518748954 1.49574808217585 1.60128578497097 0 1.65305699571036 1.43385994574055 1.75307774310932 1.60311765223742 1.09250356187113 1.80877076694742 1.63427305500954 1.44868238759227 1.58625712920912 1.74541423725896 1.17261203238741 1.33719333144836 0.942742758663371 1.78051319881342 1.06938966875896 1.13834693445824 1.25195124093443 1.41674786852673 1.8405993336346 1.63787345564924 1.75664169737138 1.07921093306504
1.12602482479997 1.75232842564583 0.95514373597689 1.04161863657646 1.50053065177053 1.12156093562953 1.69211450382136 1.65305699571036 0 1.28426145738922 1.23021281533875 1.53982395678759 1.23685144539922 1.25980276870541 1.36817103228532 1.43901042407379 1.79711631895043 1.86807536380365 1.89672717452049 1.55291536590084 1.19741346198134 1.09147695428692 1.76548954052851 1.38247696054168 1.41014035162516 1.12710134102963 1.62861228710972 1.50145527836867 1.37938196561299 1.14215850015171
1.34286310663447 1.78347473987378 1.26083498378284 1.93576800543815 1.30533109325916 1.62854166678153 1.93060058611445 1.43385994574055 1.28426145738922 0 1.75907377689146 1.39978253189474 1.9351192638278 1.65366674284451 0.979553225683048 1.90352815506049 1.01944317272864 1.57670697197318 1.40449018729851 1.3570774353575 1.53279279987328 1.33996891556308 1.47609077114612 1.13883935380727 1.26608053129166 1.39134161174297 1.11431378382258 0.991366888629273 1.92908171238378 1.88022839464247
1.31529360846616 1.35279706167057 1.36738496413454 1.38582072057761 0.999445539200678 1.4779146774672 1.36267753783613 1.75307774310932 1.23021281533875 1.75907377689146 0 1.17638301663101 1.38810026296414 1.26150684221648 1.17076796339825 1.84290624107234 1.67390865040943 1.50260141934268 1.54574685846455 1.06290727294981 1.48243915499188 1.72095811436884 1.47410870715976 1.84419323178008 1.35072036483325 1.51705672778189 1.61316399136558 1.50594939826988 1.72909218026325 0.949348146561533
1.28582361782901 1.86319150985219 1.11156011605635 1.89984025340527 1.25243807188235 1.59406658727676 1.78271095361561 1.60311765223742 1.53982395678759 1.39978253189474 1.17638301663101 0 1.64598174602725 0.971863708458841 1.79819086031057 1.29667332349345 1.81605643895455 1.92931960197166 1.90975315589458 1.55416836193763 1.18093662662432 1.7882311665453 1.62298553064466 1.53210995090194 1.31652187881991 0.940504626603797 1.10590654239058 1.81997318333015 1.74845030694269 1.43153568962589
1.83739869506098 1.51736815879121 1.75674968352541 1.82686662324704 1.6395893774461 0.969160863664001 1.80570391775109 1.09250356187113 1.23685144539922 1.9351192638278 1.38810026296414 1.64598174602725 0 1.2317287332844 1.24160806043074 1.05666072969325 1.73200310277753 1.06418807851151 1.06837945012376 1.39790735347196 1.48297488410026 1.71426851628348 0.961726682726294 1.20413964567706 1.09639344341122 1.23446724633686 1.21680241264403 1.65551462303847 1.2863807703834 1.30087641696446
1.51674147439189 1.05037741689011 1.1767438466195 1.30294062173925 1.45127602154389 1.55332594388165 1.59954282734543 1.80877076694742 1.25980276870541 1.65366674284451 1.26150684221648 0.971863708458841 1.2317287332844 0 1.72305399295874 1.50232874671929 1.88460298650898 1.65076367324218 1.10862840246409 1.83709858544171 1.86743569117971 1.14636434055865 1.64111115224659 0.975606830557808 1.19829112291336 1.81060484820046 1.75388694973662 1.11381632601842 1.12444086512551 1.88769491179846
1.91851147403941 1.33979128324427 1.90366413258016 1.20836536935531 1.90776005783118 1.53170140576549 1.19789187982678 1.63427305500954 1.36817103228532 0.979553225683048 1.17076796339825 1.79819086031057 1.24160806043074 1.72305399295874 0 1.54940061154775 1.49414431443438 0.985645710956305 0.97995256120339 1.20212402613834 1.70647019543685 1.42444647289813 1.13577951001935 1.57734817126766 1.91750713367946 1.88951838971116 1.03010685951449 1.24120511789806 1.24496704246849 1.50397083279677
1.39837312651798 1.73058791807853 0.96701409900561 1.20042643579654 1.1615458636079 1.82646950008348 1.22710200794972 1.44868238759227 1.43901042407379 1.90352815506049 1.84290624107234 1.29667332349345 1.05666072969325 1.50232874671929 1.54940061154775 0 1.24562220019288 1.62143161590211 1.81656354805455 1.21428245888092 1.33762692473829 1.83239965094253 1.15726374369115 1.01777749322355 1.92994915228337 1.17216223943979 1.59057329548523 1.39715756033547 1.21539344079792 1.06185131287202
1.01543284137733 1.872690604534 1.22577796899714 0.942499064840376 1.33006870932877 1.14406163850799 1.0366024018731 1.58625712920912 1.79711631895043 1.01944317272864 1.67390865040943 1.81605643895455 1.73200310277753 1.88460298650898 1.49414431443438 1.24562220019288 0 0.95499215554446 1.70029642153531 1.47589297965169 1.26362206577323 1.05881920247339 1.56184930563904 1.49326454289258 1.26494847470894 1.11554318200797 1.02288938476704 1.54530952661298 1.4508085960988 1.36239888775162
1.13651759200729 1.24069960415363 1.85043262201361 1.17628424311988 1.14611916919239 1.84183394070715 1.83083111350425 1.74541423725896 1.86807536380365 1.57670697197318 1.50260141934268 1.92931960197166 1.06418807851151 1.65076367324218 0.985645710956305 1.62143161590211 0.95499215554446 0 0.944198849610984 1.85019971756265 1.16817618417554 1.64488163031638 1.89074387773871 1.54519464285113 1.33473476907238 1.62490282859653 1.73615035531111 1.11732403165661 1.50645414413884 1.51210341020487
0.999189071822912 1.22140081948601 1.12786455499008 1.53165179095231 1.46310704434291 1.47024694201536 1.18218504101969 1.17261203238741 1.89672717452049 1.40449018729851 1.54574685846455 1.90975315589458 1.06837945012376 1.10862840246409 0.97995256120339 1.81656354805455 1.70029642153531 0.944198849610984 0 1.02071994543076 1.73269203607924 1.86815994232893 1.02430423581973 1.16315683303401 1.25581408780999 1.25385734741576 1.80335947056301 1.58665563189425 1.23963260860182 1.66912927012891
1.13816953846253 1.59878720226698 1.61712689464912 1.73420517658815 1.25700445170514 1.80563343386166 1.55836219061166 1.33719333144836 1.55291536590084 1.3570774353575 1.06290727294981 1.55416836193763 1.39790735347196 1.83709858544171 1.20212402613834 1.21428245888092 1.47589297965169 1.85019971756265 1.02071994543076 0 1.09639452188276 1.20457979314961 1.79416575119831 1.7439971268177 1.90534907532856 0.971183687448502 0.966784620890394 1.89020688342862 1.50427701533772 1.300102050649
1.90692659583874 1.85326528456062 1.61553283967078 1.11258533620276 1.65419712406583 1.29544498445466 1.58618005760945 0.942742758663371 1.19741346198134 1.53279279987328 1.48243915499188 1.18093662662432 1.48297488410026 1.86743569117971 1.70647019543685 1.33762692473829 1.26362206577323 1.16817618417554 1.73269203607924 1.09639452188276 0 1.17367296130396 1.80181896570139 1.18242967152037 0.972572694532573 1.4614171013236 1.38070700201206 1.27481106808409 1.44175859261304 0.985428590560332
1.72404713812284 1.46466050576419 1.67495570005849 1.16492029419169 1.24037743522786 1.04628717922606 1.15969081781805 1.78051319881342 1.09147695428692 1.33996891556308 1.72095811436884 1.7882311665453 1.71426851628348 1.14636434055865 1.42444647289813 1.83239965094253 1.05881920247339 1.64488163031638 1.86815994232893 1.20457979314961 1.17367296130396 0 1.13394150906242 1.16764215752482 1.63664609263651 1.53193834424019 1.17683842475526 1.28780749929138 1.5638617365621 1.24327885662206
0.961307795951143 1.82427506777458 1.69826132594608 1.86897170357406 1.52980221854523 1.16115751606412 1.51679653115571 1.06938966875896 1.76548954052851 1.47609077114612 1.47410870715976 1.62298553064466 0.961726682726294 1.64111115224659 1.13577951001935 1.15726374369115 1.56184930563904 1.89074387773871 1.02430423581973 1.79416575119831 1.80181896570139 1.13394150906242 0 1.10348169319332 1.47548512276262 1.47730705980211 1.18968520360067 1.1879836958833 1.0759646021761 1.28428599960171
0.948142970912158 1.70735781290568 1.16824203263968 1.49831860023551 1.70128920162097 1.10030149435624 1.10332739818841 1.13834693445824 1.38247696054168 1.13883935380727 1.84419323178008 1.53210995090194 1.20413964567706 0.975606830557808 1.57734817126766 1.01777749322355 1.49326454289258 1.54519464285113 1.16315683303401 1.7439971268177 1.18242967152037 1.16764215752482 1.10348169319332 0 1.51199245615862 1.90182774537243 1.85293003637344 1.67393830837682 1.38929738802835 1.45018876087852
1.52145567722619 1.85898336255923 0.962935053277761 1.77035579760559 1.29777971492149 1.92127724154852 1.8307002808433 1.25195124093443 1.41014035162516 1.26608053129166 1.35072036483325 1.31652187881991 1.09639344341122 1.19829112291336 1.91750713367946 1.92994915228337 1.26494847470894 1.33473476907238 1.25581408780999 1.90534907532856 0.972572694532573 1.63664609263651 1.47548512276262 1.51199245615862 0 1.12418988044374 1.87234830763191 1.07344240020029 1.45676645776257 1.68652169196866
1.71761562442407 1.18177340039983 1.26818343019113 1.78105111792684 1.02106318809092 1.35189643152989 1.62004685378633 1.41674786852673 1.12710134102963 1.39134161174297 1.51705672778189 0.940504626603797 1.23446724633686 1.81060484820046 1.88951838971116 1.17216223943979 1.11554318200797 1.62490282859653 1.25385734741576 0.971183687448502 1.4614171013236 1.53193834424019 1.47730705980211 1.90182774537243 1.12418988044374 0 1.55798660824075 1.11599015630782 1.49257664731704 1.40061522345059
1.04736958094873 1.32708564819768 1.93613302940503 1.78310725302435 1.82627791538835 1.32361771631986 1.76673955377191 1.8405993336346 1.62861228710972 1.11431378382258 1.61316399136558 1.10590654239058 1.21680241264403 1.75388694973662 1.03010685951449 1.59057329548523 1.02288938476704 1.73615035531111 1.80335947056301 0.966784620890394 1.38070700201206 1.17683842475526 1.18968520360067 1.85293003637344 1.87234830763191 1.55798660824075 0 1.15514420741238 1.13706345204264 1.80947869853117
1.70434796717018 1.6175273633562 1.14232889562845 1.51851145154797 1.9007220256608 0.985470818821341 1.12685964303091 1.63787345564924 1.50145527836867 0.991366888629273 1.50594939826988 1.81997318333015 1.65551462303847 1.11381632601842 1.24120511789806 1.39715756033547 1.54530952661298 1.11732403165661 1.58665563189425 1.89020688342862 1.27481106808409 1.28780749929138 1.1879836958833 1.67393830837682 1.07344240020029 1.11599015630782 1.15514420741238 0 1.04043895076029 1.22202598396689
1.43415247532539 0.981472309445962 1.48718411126174 0.966530717210844 1.14702510042116 1.23099524155259 1.207302975934 1.75664169737138 1.37938196561299 1.92908171238378 1.72909218026325 1.74845030694269 1.2863807703834 1.12444086512551 1.24496704246849 1.21539344079792 1.4508085960988 1.50645414413884 1.23963260860182 1.50427701533772 1.44175859261304 1.5638617365621 1.0759646021761 1.38929738802835 1.45676645776257 1.49257664731704 1.13706345204264 1.04043895076029 0 1.48147702030838
1.54631100525148 1.66904506576248 1.57096891175024 1.62024892005138 1.27091142837889 1.8276747581549 1.27068609837443 1.07921093306504 1.14215850015171 1.88022839464247 0.949348146561533 1.43153568962589 1.30087641696446 1.88769491179846 1.50397083279677 1.06185131287202 1.36239888775162 1.51210341020487 1.66912927012891 1.300102050649 0.985428590560332 1.24327885662206 1.28428599960171 1.45018876087852 1.68652169196866 1.40061522345059 1.80947869853117 1.22202598396689 1.48147702030838 0
