0 1.24210323439911 1.66604611859657 1.19350257189944 1.4925626043696 1.43863683799282 1.28364196722396 1.76696308958344 0.91945629986003 1.61440697009675 1.58827644493431 1.30676320265047 1.81868305546232 1.75926739885472 1.76513683469966 1.38027791539207 1.36465394403785 1.12734685582109 0.985569902695715 1.63369519705884 1.10372640565038 1.40621815877967 1.11738436459564 0.975546737201512 1.48404407431372 1.17110068467446 0.894122819416225 0.952025321545079 1.26967370579951 1.74638622347265
1.24210323439911 0 1.04625896038488 1.64842987223528 1.59176512644626 1.82967029744759 1.60058122780174 1.02943287463859 1.74151709652506 1.00854151858948 1.445935908705 1.84201108245179 0.909044528380036 1.09370525088161 0.972093951888382 1.65225943434052 1.32985058636405 1.36881493870169 1.41815575025976 1.33270194358192 1.39682468725368 1.57456447114237 1.16332641849294 0.923904065275565 1.4981553722173 1.48690742067993 1.2992645110935 1.31440677400678 1.83585885446519 1.84000087226741
1.66604611859657 1.04625896038488 0 1.63729254645295 1.66658127726987 1.03457149118185 1.74108132789843 1.75459989369847 1.02214958821423 1.77649980224669 1.32406137278304 1.67884283303283 1.51144359004684 1.19511997746304 1.77692723576911 1.22769589908421 1.06055744318292 1.3294090339914 1.30788525938988 1.75004577031359 1.02763113891706 1.64620729000308 1.52683131326921 1.07271468173712 1.62862360035069 1.80114696943201 1.48345534852706 1.19179847324267 1.57646732940339 1.77394858840853
1.19350257189944 1.64842987223528 1.63729254645295 0 1.66881936090067 0.991314322920516 1.56608395720832 1.37582464702427 0.978995003504679 1.12141973432153 1.04530254378915 1.6880306028761 0.979308773297817 0.951630579307675 1.42091936571524 1.04660307546146 1.65187563491054 1.10895699169487 1.13135583885014 1.28121601743624 1.82473772251979 1.49969360232353 0.96792055433616 1.17962840944529 0.989317870233208 1.42543266923167 0.978984362678602 1.82673352723941 1.22943193023093 1.39678806299344
1.4925626043696 1.59176512644626 1.66658127726987 1.66881936090067 0 1.63203742867336 1.31233924627304 1.33918152889237 1.32387634855695 1.17184836184606 1.83063925011083 1.7370785404928 1.48299297643825 1.42426721635275 1.7935076947324 1.57336414745077 1.04703730228357 1.45338488393463 1.1634382053744 1.52503785397857 1.77682923711836 1.03208934445865 1.76366911572404 1.48827299545519 1.83123970706947 1.29816781799309 1.39720106101595 1.87636075122282 1.47366138733923 1.64173067361116
1.43863683799282 1.82967029744759 1.03457149118185 0.991314322920516 1.63203742867336 0 1.46513876924291 1.4294357819017 1.74552104622126 1.35671810270287 1.5601669405587 1.50419133575633 1.14616581657901 1.05281899357215 1.73459199583158 1.64399804943241 1.76552796154283 0.905184381641448 1.52655894611962 1.56069109821692 1.88095149816945 1.56860035401769 1.66888558631763 1.15589342731982 1.39922890067101 1.03210568707436 0.899364652810618 1.49632863979787 1.63666979316622 1.86319138179533
1.28364196722396 1.60058122780174 1.74108132789843 1.56608395720832 1.31233924627304 1.46513876924291 0 0.985127033200115 1.76946105854586 1.3865598263219 1.82887451350689 1.71573697356507 1.67251750081778 1.13200614321977 1.01384375127964 1.12159196776338 1.87260293005966 1.14637569407932 1.67258129850961 1.45124202594161 0.925657750573009 1.68063099170104 1.60318887210451 1.29169521969743 0.979906008578837 1.78955973358825 1.877805943368 1.6881104700733 1.51151725230739 1.34745539561845
1.76696308958344 1.02943287463859 1.75459989369847 1.37582464702427 1.33918152889237 1.4294357819017 0.985127033200115 0 1.18984930589795 0.906384792178869 1.76744523295201 0.937129457248375 1.2552954275161 1.2638629777357 1.77968039177358 1.08205902646296 1.48761974228546 1.49656712007709 1.069552146364 1.46011907607317 1.16472482238896 0.995470697060227 1.86021164571866 0.96372631052509 1.27258818387054 1.81675932789221 1.03710309532471 1.63388160336763 1.31136953644454 1.25461842375807
0.91945629986003 1.74151709652506 1.02214958821423 0.978995003504679 1.32387634855695 1.74552104622126 1.76946105854586 1.18984930589795 0 1.40613659168594 1.51576051977463 1.03877215459943 0.943446332821622 1.8840465801768 1.04818455781788 1.44607035606168 1.35376083175652 0.961717944126576 1.32905034581199 1.15083069796674 1.44191768905148 0.944541022414342 1.45444750739262 1.26906399358995 1.47008577664383 1.24476857041009 1.41756634460762 1.50456880172715 1.45403295289725 1.72004295699298
1.61440697009675 1.00854151858948 1.77649980224669 1.12141973432153 1.17184836184606 1.35671810270287 1.3865598263219 0.906384792178869 1.40613659168594 0 1.66265110578388 1.08441453264095 1.22216762159951 1.76386936940253 1.75302377296612 1.31438879109919 1.21991253411397 1.34314306732267 1.09698547492735 0.992281737271696 1.58319225581363 1.02221890049987 1.38095365674235 1.70442198892124 1.41317549254745 1.10699334205128 1.0028671042528 1.58860487933271 1.68772773980163 1.7094228991773
1.58827644493431 1.445935908705 1.32406137278304 1.04530254378915 1.83063925011083 1.5601669405587 1.82887451350689 1.76744523295201 1.51576051977463 1.66265110578388 0 1.69032509904355 1.10752779245377 1.59331685118377 0.9163312765304 1.38392856810242 1.79031094978563 1.58784456341527 0.979159396607429 1.26199046522379 1.26088421652094 1.62819042080082 1.12546646012925 1.37723843101412 1.66521799215116 1.45935609540902 1.21770299971104 1.61514801625162 1.87265860103071 1.55794251477346
1.30676320265047 1.84201108245179 1.67884283303283 1.6880306028761 1.7370785404928 1.50419133575633 1.71573697356507 0.937129457248375 1.03877215459943 1.08441453264095 1.69032509904355 0 0.961170190712437 1.41858143103309 1.32672005915083 1.52903641317971 1.61980454926379 1.47502539819106 1.19958288152702 1.73615276487544 1.8588101931382 1.53459892747924 1.86928060557693 1.46557638677768 1.21820330503397 1.73001845902763 1.36882572132163 1.18862556223758 1.67613071389496 1.54659695969895
1.81868305546232 0.909044528380036 1.51144359004684 0.979308773297817 1.48299297643825 1.14616581657901 1.67251750081778 1.2552954275161 0.943446332821622 1.22216762159951 1.10752779245377 0.961170190712437 0 0.946707700146362 1.42471620696597 1.67703828169033 1.77129955892451 1.66561506781727 1.51569385873154 1.15731355105527 1.39450332755223 1.72370350733399 1.26004552980885 1.34082764084451 1.77632178226486 1.65487029333599 0.926582356449217 1.69147731759585 0.952072692336515 1.02454881626181
1.75926739885472 1.09370525088161 1.19511997746304 0.951630579307675 1.42426721635275 1.05281899357215 1.13200614321977 1.2638629777357 1.8840465801768 1.76386936940253 1.59331685118377 1.41858143103309 0.946707700146362 0 1.14585373108275 1.10663452767767 1.78085777559318 1.09760966268368 1.23064657417126 1.6332906212192 1.08881701901555 1.82586303027347 1.47078596823849 1.74548027268611 0.936228653648868 1.56168120750226 1.87077831570059 1.73788744863123 1.26260619307868 1.62095042574219
1.76513683469966 0.972093951888382 1.77692723576911 1.42091936571524 1.7935076947324 1.73459199583158 1.01384375127964 1.77968039177358 1.04818455781788 1.75302377296612 0.9163312765304 1.32672005915083 1.42471620696597 1.14585373108275 0 1.38692793506198 1.69499546498992 1.86883370112628 1.05983183928765 1.04190554283559 0.973826551577076 1.87661126628518 1.75493669859134 1.41891599493101 1.24169489508495 1.20091800251976 1.43076695734635 1.41066999151371 1.35772423585877 1.8877689675428
1.38027791539207 1.65225943434052 1.22769589908421 1.04660307546146 1.57336414745077 1.64399804943241 1.12159196776338 1.08205902646296 1.44607035606168 1.31438879109919 1.38392856810242 1.52903641317971 1.67703828169033 1.10663452767767 1.38692793506198 0 1.4614927507937 0.912302893353626 0.956717686029151 1.5646720638033 1.86452255467884 1.08516308525577 0.931983087444678 1.60685901204124 1.39471973897889 1.01373806968331 1.46140888007358 1.05165504524484 1.07305139955133 1.43696809560061
1.36465394403785 1.32985058636405 1.06055744318292 1.65187563491054 1.04703730228357 1.76552796154283 1.87260293005966 1.48761974228546 1.35376083175652 1.21991253411397 1.79031094978563 1.61980454926379 1.77129955892451 1.78085777559318 1.69499546498992 1.4614927507937 0 1.4329616301693 1.47021480789408 1.40372292231768 1.41457627364434 1.26077906857245 1.01434605848044 0.992442278424278 1.058843488805 1.85394846624695 1.48872948880307 1.63593677082099 0.888546836562455 1.07902713795193
1.12734685582109 1.36881493870169 1.3294090339914 1.10895699169487 1.45338488393463 0.905184381641448 1.14637569407932 1.49656712007709 0.961717944126576 1.34314306732267 1.58784456341527 1.47502539819106 1.66561506781727 1.09760966268368 1.86883370112628 0.912302893353626 1.4329616301693 0 1.75023575709201 0.90166538534686 1.18373972782865 1.31878065690398 1.37034572218545 1.22064763377421 1.03922782070003 1.39961546869017 0.951685420703143 1.84431396750733 1.40861753420904 1.67113559972495
0.985569902695715 1.41815575025976 1.30788525938988 1.13135583885014 1.1634382053744 1.52655894611962 1.67258129850961 1.069552146364 1.32905034581199 1.09698547492735 0.979159396607429 1.19958288152702 1.51569385873154 1.23064657417126 1.05983183928765 0.956717686029151 1.47021480789408 1.75023575709201 0 1.70940586156212 1.02043963223696 1.56356597668491 1.85109640122391 1.22923084534705 1.35405173245817 0.935980490874499 1.13142550550401 1.66104504722171 1.00540785910562 1.74297866621055
1.63369519705884 1.33270194358192 1.75004577031359 1.28121601743624 1.52503785397857 1.56069109821692 1.45124202594161 1.46011907607317 1.15083069796674 0.992281737271696 1.26199046522379 1.73615276487544 1.15731355105527 1.6332906212192 1.04190554283559 1.5646720638033 1.40372292231768 0.90166538534686 1.70940586156212 0 1.70733700040728 1.50123384990729 1.13906970247626 1.3338091422338 1.35723185585812 1.30911839706823 1.0950902372133 1.6394844299648 1.71507914015092 1.22057405905798
1.10372640565038 1.39682468725368 1.02763113891706 1.82473772251979 1.77682923711836 1.88095149816945 0.925657750573009 1.16472482238896 1.44191768905148 1.58319225581363 1.26088421652094 1.8588101931382 1.39450332755223 1.08881701901555 0.973826551577076 1.86452255467884 1.41457627364434 1.18373972782865 1.02043963223696 1.70733700040728 0 0.997474877396598 1.35207758308388 1.73623105208389 0.956565516069531 0.902265373850241 1.86109503428452 1.68350731674582 1.41749233170412 0.913942415965721
1.40621815877967 1.57456447114237 1.64620729000308 1.49969360232353 1.03208934445865 1.56860035401769 1.68063099170104 0.995470697060227 0.944541022414342 1.02221890049987 1.62819042080082 1.53459892747924 1.72370350733399 1.82586303027347 1.87661126628518 1.08516308525577 1.26077906857245 1.31878065690398 1.56356597668491 1.50123384990729 0.997474877396598 0 1.20488507859409 1.56764921988361 0.909300653729588 1.82757153292187 0.967569604981691 1.78391417325474 1.35324696055613 1.63960478827357
1.11738436459564 1.16332641849294 1.52683131326921 0.96792055433616 1.76366911572404 1.66888558631763 1.60318887210451 1.86021164571866 1.45444750739262 1.38095365674235 1.12546646012925 1.86928060557693 1.26004552980885 1.47078596823849 1.75493669859134 0.931983087444678 1.01434605848044 1.37034572218545 1.85109640122391 1.13906970247626 1.35207758308388 1.20488507859409 0 1.44239780958742 1.50095861079171 1.43557652668096 1.85538956546225 1.05687820678577 1.50983478617854 1.31584648019634
0.975546737201512 0.923904065275565 1.07271468173712 1.17962840944529 1.48827299545519 1.15589342731982 1.29169521969743 0.96372631052509 1.26906399358995 1.70442198892124 1.37723843101412 1.46557638677768 1.34082764084451 1.74548027268611 1.41891599493101 1.60685901204124 0.992442278424278 1.22064763377421 1.22923084534705 1.3338091422338 1.73623105208389 1.56764921988361 1.44239780958742 0 1.28491497668438 1.86645443132147 1.15722609031945 1.70792920212261 1.43343281233683 1.24352015182376
1.48404407431372 1.4981553722173 1.62862360035069 0.989317870233208 1.83123970706947 1.39922890067101 0.979906008578837 1.27258818387054 1.47008577664383 1.41317549254745 1.66521799215116 1.21820330503397 1.77632178226486 0.936228653648868 1.24169489508495 1.39471973897889 1.058843488805 1.03922782070003 1.35405173245817 1.35723185585812 0.956565516069531 0.909300653729588 1.50095861079171 1.28491497668438 0 1.46129603032023 1.40301524009556 1.29279851540923 1.5964900937397 1.68731687543914
1.17110068467446 1.48690742067993 1.80114696943201 1.42543266923167 1.29816781799309 1.03210568707436 1.78955973358825 1.81675932789221 1.24476857041009 1.10699334205128 1.45935609540902 1.73001845902763 1.65487029333599 1.56168120750226 1.20091800251976 1.01373806968331 1.85394846624695 1.39961546869017 0.935980490874499 1.30911839706823 0.902265373850241 1.82757153292187 1.43557652668096 1.86645443132147 1.46129603032023 0 1.24587000464089 1.19428716157563 1.70612499141134 1.3365429257974
0.894122819416225 1.2992645110935 1.48345534852706 0.978984362678602 1.39720106101595 0.899364652810618 1.877805943368 1.03710309532471 1.41756634460762 1.0028671042528 1.21770299971104 1.36882572132163 0.926582356449217 1.87077831570059 1.43076695734635 1.46140888007358 1.48872948880307 0.951685420703143 1.13142550550401 1.0950902372133 1.86109503428452 0.967569604981691 1.85538956546225 1.15722609031945 1.40301524009556 1.24587000464089 0 1.6204044430051 1.3582899980247 1.63689883751795
0.952025321545079 1.31440677400678 1.19179847324267 1.82673352723941 1.87636075122282 1.49632863979787 1.6881104700733 1.63388160336763 1.50456880172715 1.58860487933271 1.61514801625162 1.18862556223758 1.69147731759585 1.73788744863123 1.41066999151371 1.05165504524484 1.63593677082099 1.84431396750733 1.66104504722171 1.6394844299648 1.68350731674582 1.78391417325474 1.05687820678577 1.70792920212261 1.29279851540923 1.19428716157563 1.6204044430051 0 1.81579306861386 1.79303409578279
1.26967370579951 1.83585885446519 1.57646732940339 1.22943193023093 1.47366138733923 1.63666979316622 1.51151725230739 1.31136953644454 1.45403295289725 1.68772773980163 1.87265860103071 1.67613071389496 0.952072692336515 1.26260619307868 1.35772423585877 1.07305139955133 0.888546836562455 1.40861753420904 1.00540785910562 1.71507914015092 1.41749233170412 1.35324696055613 1.50983478617854 1.43343281233683 1.5964900937397 1.70612499141134 1.3582899980247 1.81579306861386 0 0.914055749773979
1.74638622347265 1.84000087226741 1.77394858840853 1.39678806299344 1.64173067361116 1.86319138179533 1.34745539561845 1.25461842375807 1.72004295699298 1.7094228991773 1.55794251477346 1.54659695969895 1.02454881626181 1.62095042574219 1.8877689675428 1.43696809560061 1.07902713795193 1.67113559972495 1.74297866621055 1.22057405905798 0.913942415965721 1.63960478827357 1.31584648019634 1.24352015182376 1.68731687543914 1.3365429257974 1.63689883751795 1.79303409578279 0.914055749773979 0
