0 1.26264539547265 1.75374811515212 1.63235382293351 1.26591749652289 1.11912126513198 1.84288332681172 1.64918917650357 1.04588258219883 1.14542066445574 1.48358839051798 1.49761803797446 1.80498867481947 1.55091708526015 1.89760662498884 1.10206822003238 1.433122103801 1.53081506397575 0.972048082388937 1.1332358662039 1.532590277493 1.38526246696711 1.91555254929699 1.31387479649857 1.85655540856533 0.925309643847868 1.77982040238567 1.36690183053724 0.954764928203076 1.79025476309471
1.26264539547265 0 0.965852676425129 1.22656011814252 1.20339416828938 1.68375014071353 1.71071656094864 0.992451944155619 1.89613586920314 1.38093177764677 1.30848898598924 1.45671252044849 1.19667368452065 1.29923462402076 1.1285784128122 1.69858190394007 1.42450853087939 1.56981350039132 1.25647844490595 1.79460056731477 1.84017866384238 1.53199329786003 1.26801054202951 1.73939383821562 1.01673157582991 1.73011005413719 1.05162245919928 1.58636396913789 1.8771061997395 1.32086894870736
1.75374811515212 0.965852676425129 0 1.15460398816504 1.20799277839251 1.41488107154146 1.66752984561026 1.82889285567217 1.89057104219683 1.15124892676249 1.38759447168559 1.37192988698371 1.39525828114711 1.5125337485224 1.01787947490811 1.69809743878432 1.14888616139069 1.016990063712 0.948833886068314 1.71946284780279 1.15352287958376 1.35452398145571 1.38338088314049 1.06818754412234 1.57188328308985 1.39332292648032 1.51626541046426 1.03818948334083 0.945810301462188 1.24963159486651
1.63235382293351 1.22656011814252 1.15460398816504 0 1.15497428574599 1.33808008395135 1.2628734796308 1.54793268255889 1.89025380206294 1.20719806780107 1.82744130096398 1.27547961939126 1.68162931711413 1.33866385673173 1.27214683499187 1.58001289819367 1.64279622817412 1.30831898166798 1.25821422901936 1.33274584822357 1.19952509296127 1.83371160784736 1.58038059063256 1.38169928267598 1.74325358355418 1.40318602649495 1.14549360703677 1.01071026735008 1.57114980719052 1.84665816789493
1.26591749652289 1.20339416828938 1.20799277839251 1.15497428574599 0 1.89814477995969 1.26811724156141 1.62439943500794 1.8183742146939 1.87614569091238 0.952085694763809 1.83023486030288 1.78191022039391 1.47894554678351 1.90284207370132 1.17410763376392 1.66142427967861 1.63162253703922 1.58607398462482 1.38946259277873 1.09484044206329 0.999547561630607 1.21010254998691 1.01562231592834 1.24517742008902 1.49779663840309 1.58397411764599 1.51250280882232 0.981350308516994 1.37221300601959
1.11912126513198 1.68375014071353 1.41488107154146 1.33808008395135 1.89814477995969 0 1.63494913629256 1.17642597621307 1.25605163839646 0.987921939697117 1.66945745144039 1.01089382357895 1.62353277346119 1.65833984082565 1.1402296430897 1.37493446259759 1.14663205016404 1.07040172163397 1.90283420914784 1.0136699359864 1.27423066319898 1.55340389697812 1.86558048776351 1.16555571882054 1.42203870927915 1.34901456115767 1.89385702833533 1.64996971422806 1.06635199883021 1.01242918521166
1.84288332681172 1.71071656094864 1.66752984561026 1.2628734796308 1.26811724156141 1.63494913629256 0 1.25743406498805 1.21133380522951 1.12863178388216 1.37510669999756 1.7181844052393 1.31721122306772 1.41569777997211 1.40885388548486 1.47278817580082 1.00292071816511 1.15943089965731 1.05862164404243 1.55627323873341 1.32952031888999 1.88371327915229 1.77856524125673 1.60716887423769 1.26643064524978 1.18153722467832 1.34442641795613 1.23394227446988 1.17126954323612 1.07036842848174
1.64918917650357 0.992451944155619 1.82889285567217 1.54793268255889 1.62439943500794 1.17642597621307 1.25743406498805 0 1.15805183490738 1.03737838403322 1.48978689499199 1.77599304681644 1.62223895033821 1.1564307671506 1.82669719588012 1.85363234044053 1.80638491990976 1.54206047672778 1.33202606113628 1.71422111382708 1.07169253309257 1.63531061238609 1.61448920937255 1.67573770903982 1.55092684249394 1.63960933941416 1.88252491620369 1.87837007804774 1.51118762115948 1.62787620630115
1.04588258219883 1.89613586920314 1.89057104219683 1.89025380206294 1.8183742146939 1.25605163839646 1.21133380522951 1.15805183490738 0 1.0506768305786 1.01486912672408 1.68527361308224 1.11897845007479 1.37761742109433 0.952212901553139 1.78994872793555 1.54790569003671 1.86093273432925 1.44367901911028 1.14971373043954 1.24871479556896 1.42739949072711 1.92157159815542 1.4232471624855 1.02905579982325 1.29502967838198 1.6595808302518 1.08056232472882 1.22749648895115 1.20578769897111
1.14542066445574 1.38093177764677 1.15124892676249 1.20719806780107 1.87614569091238 0.987921939697117 1.12863178388216 1.03737838403322 1.0506768305786 0 0.924059996148571 1.77199271856807 1.44850626261905 1.54544732160866 1.78529876703396 1.26409472571686 1.59595753741451 1.31784802791663 1.90889806975611 1.90193705563433 1.53152979747392 1.68768699513748 0.98765417537652 1.70861421339214 1.55810051294975 1.14713280438446 1.0470271834638 1.50037751672789 1.74858814268373 1.58348773629405
1.48358839051798 1.30848898598924 1.38759447168559 1.82744130096398 0.952085694763809 1.66945745144039 1.37510669999756 1.48978689499199 1.01486912672408 0.924059996148571 0 1.15542086260393 1.41533600515686 1.81294083222747 1.51663682237267 1.41667309473269 1.63503017718904 1.06282513984479 1.20094018429518 0.999530856963247 1.6562221692875 1.70299760927446 1.15166403865442 1.75573604064994 1.70373188471422 1.06096448702738 1.39725221670233 1.3368483625818 1.69228877127171 1.00860078888945
1.49761803797446 1.45671252044849 1.37192988698371 1.27547961939126 1.83023486030288 1.01089382357895 1.7181844052393 1.77599304681644 1.68527361308224 1.77199271856807 1.15542086260393 0 1.61404246091843 1.71631557983346 1.76713954121806 1.49935763049871 1.71352120279334 0.965625724522397 1.67972596012987 1.22980414144695 0.971641569398344 1.75882048392668 1.64449259429239 1.53365049883723 1.86708738119341 1.04873264674097 1.23657875717618 1.86435916158371 1.74783906410448 1.54980057221837
1.80498867481947 1.19667368452065 1.39525828114711 1.68162931711413 1.78191022039391 1.62353277346119 1.31721122306772 1.62223895033821 1.11897845007479 1.44850626261905 1.41533600515686 1.61404246091843 0 1.5806411432568 1.25707141519524 1.20673963660374 0.933618316892534 0.923773783957586 1.18751396355219 1.75388906872831 1.73879566555843 1.60154234152287 1.13281169906259 1.33617584919557 1.82857248210348 1.09210225357674 0.959465809632093 1.71056655049324 1.62004024954513 1.37701349984854
1.55091708526015 1.29923462402076 1.5125337485224 1.33866385673173 1.47894554678351 1.65833984082565 1.41569777997211 1.1564307671506 1.37761742109433 1.54544732160866 1.81294083222747 1.71631557983346 1.5806411432568 0 1.58766757324338 0.940322579815984 1.90519445762038 1.29685476073064 1.68658014200628 1.19901245040819 1.19406229560263 1.0348574903328 0.994132038205862 1.23859232151881 1.28654460934922 1.78306646388955 0.954355352558196 1.70292605343275 1.86147717619315 1.39773455727845
1.89760662498884 1.1285784128122 1.01787947490811 1.27214683499187 1.90284207370132 1.1402296430897 1.40885388548486 1.82669719588012 0.952212901553139 1.78529876703396 1.51663682237267 1.76713954121806 1.25707141519524 1.58766757324338 0 1.50572753860615 1.18359676515684 1.54902338259853 1.71760039287619 1.08515364583582 1.50618045567535 1.31543930293992 1.65186719642952 1.39052667189389 1.19282783055678 1.7683380888775 1.64904387760907 1.63660882948898 1.72187792300247 1.12900976231322
1.10206822003238 1.69858190394007 1.69809743878432 1.58001289819367 1.17410763376392 1.37493446259759 1.47278817580082 1.85363234044053 1.78994872793555 1.26409472571686 1.41667309473269 1.49935763049871 1.20673963660374 0.940322579815984 1.50572753860615 0 1.57404087833129 1.52843967895024 0.979031634284183 1.52980402577668 1.60516621754505 1.58037280105054 1.30084351007827 1.46446811011992 1.35058544995263 1.32995706563815 1.40840075281449 1.25118848960847 1.7897756206803 1.62413506349549
1.433122103801 1.42450853087939 1.14888616139069 1.64279622817412 1.66142427967861 1.14663205016404 1.00292071816511 1.80638491990976 1.54790569003671 1.59595753741451 1.63503017718904 1.71352120279334 0.933618316892534 1.90519445762038 1.18359676515684 1.57404087833129 0 1.48057628655806 1.1103015053086 1.74324339302257 1.5286287618801 1.53811540571041 1.12859367951751 1.35293064801954 1.22816770453937 1.10972802364267 1.73506804206409 1.76289029465988 1.75788975646719 1.70360207278281
1.53081506397575 1.56981350039132 1.016990063712 1.30831898166798 1.63162253703922 1.07040172163397 1.15943089965731 1.54206047672778 1.86093273432925 1.31784802791663 1.06282513984479 0.965625724522397 0.923773783957586 1.29685476073064 1.54902338259853 1.52843967895024 1.48057628655806 0 1.67971258144826 1.81198864150792 1.72264204500243 1.87088371813297 1.18254791502841 1.03353091934696 1.18745510955341 0.941501358291134 1.53201698046178 1.86347692552954 1.64902215823531 1.74461294151843
0.972048082388937 1.25647844490595 0.948833886068314 1.25821422901936 1.58607398462482 1.90283420914784 1.05862164404243 1.33202606113628 1.44367901911028 1.90889806975611 1.20094018429518 1.67972596012987 1.18751396355219 1.68658014200628 1.71760039287619 0.979031634284183 1.1103015053086 1.67971258144826 0 1.3317261999473 1.49261228204705 1.25880247214809 1.42512310529128 1.26953478064388 1.82798557379283 1.57941682566889 1.89451827481389 1.34132778691128 1.5955919297412 1.77773716463707
1.1332358662039 1.79460056731477 1.71946284780279 1.33274584822357 1.38946259277873 1.0136699359864 1.55627323873341 1.71422111382708 1.14971373043954 1.90193705563433 0.999530856963247 1.22980414144695 1.75388906872831 1.19901245040819 1.08515364583582 1.52980402577668 1.74324339302257 1.81198864150792 1.3317261999473 0 1.34977613412775 1.07640419737436 1.45751809864305 1.5099496289622 1.29021166567691 1.10317593882792 0.988275556825101 1.9086913454812 1.05522706522606 1.13701578672044
1.532590277493 1.84017866384238 1.15352287958376 1.19952509296127 1.09484044206329 1.27423066319898 1.32952031888999 1.07169253309257 1.24871479556896 1.53152979747392 1.6562221692875 0.971641569398344 1.73879566555843 1.19406229560263 1.50618045567535 1.60516621754505 1.5286287618801 1.72264204500243 1.49261228204705 1.34977613412775 0 1.83624527952634 1.7457669347059 0.990997566143051 1.34150632750243 1.88263984164223 0.965869914740324 1.01590738934465 1.74512163084 1.54848034144379
1.38526246696711 1.53199329786003 1.35452398145571 1.83371160784736 0.999547561630607 1.55340389697812 1.88371327915229 1.63531061238609 1.42739949072711 1.68768699513748 1.70299760927446 1.75882048392668 1.60154234152287 1.0348574903328 1.31543930293992 1.58037280105054 1.53811540571041 1.87088371813297 1.25880247214809 1.07640419737436 1.83624527952634 0 1.75761017226614 1.91535036615096 1.55312464083545 1.86595958657563 1.68220738181844 1.60246366821229 1.77777382289059 1.24196844408289
1.91555254929699 1.26801054202951 1.38338088314049 1.58038059063256 1.21010254998691 1.86558048776351 1.77856524125673 1.61448920937255 1.92157159815542 0.98765417537652 1.15166403865442 1.64449259429239 1.13281169906259 0.994132038205862 1.65186719642952 1.30084351007827 1.12859367951751 1.18254791502841 1.42512310529128 1.45751809864305 1.7457669347059 1.75761017226614 0 1.63827849202789 1.20065745315515 1.45348592358641 1.69896876486018 1.78472094913013 1.65632230695337 1.84660519240424
1.31387479649857 1.73939383821562 1.06818754412234 1.38169928267598 1.01562231592834 1.16555571882054 1.60716887423769 1.67573770903982 1.4232471624855 1.70861421339214 1.75573604064994 1.53365049883723 1.33617584919557 1.23859232151881 1.39052667189389 1.46446811011992 1.35293064801954 1.03353091934696 1.26953478064388 1.5099496289622 0.990997566143051 1.91535036615096 1.63827849202789 0 1.90744665730745 1.39143471582793 1.22064992180094 1.87938278098591 1.35557052819058 1.10058459336869
1.85655540856533 1.01673157582991 1.57188328308985 1.74325358355418 1.24517742008902 1.42203870927915 1.26643064524978 1.55092684249394 1.02905579982325 1.55810051294975 1.70373188471422 1.86708738119341 1.82857248210348 1.28654460934922 1.19282783055678 1.35058544995263 1.22816770453937 1.18745510955341 1.82798557379283 1.29021166567691 1.34150632750243 1.55312464083545 1.20065745315515 1.90744665730745 0 1.82463272986934 1.86239624023438 0.984574653441086 1.10503659234382 1.71189948939718
0.925309643847868 1.73011005413719 1.39332292648032 1.40318602649495 1.49779663840309 1.34901456115767 1.18153722467832 1.63960933941416 1.29502967838198 1.14713280438446 1.06096448702738 1.04873264674097 1.09210225357674 1.78306646388955 1.7683380888775 1.32995706563815 1.10972802364267 0.941501358291134 1.57941682566889 1.10317593882792 1.88263984164223 1.86595958657563 1.45348592358641 1.39143471582793 1.82463272986934 0 1.08208463573828 0.999177733436227 1.41402308573015 1.73519589868374
1.77982040238567 1.05162245919928 1.51626541046426 1.14549360703677 1.58397411764599 1.89385702833533 1.34442641795613 1.88252491620369 1.6595808302518 1.0470271834638 1.39725221670233 1.23657875717618 0.959465809632093 0.954355352558196 1.64904387760907 1.40840075281449 1.73506804206409 1.53201698046178 1.89451827481389 0.988275556825101 0.965869914740324 1.68220738181844 1.69896876486018 1.22064992180094 1.86239624023438 1.08208463573828 0 1.72666178434156 1.45794699131511 1.68929799646139
1.36690183053724 1.58636396913789 1.03818948334083 1.01071026735008 1.51250280882232 1.64996971422806 1.23394227446988 1.87837007804774 1.08056232472882 1.50037751672789 1.3368483625818 1.86435916158371 1.71056655049324 1.70292605343275 1.63660882948898 1.25118848960847 1.76289029465988 1.86347692552954 1.34132778691128 1.9086913454812 1.01590738934465 1.60246366821229 1.78472094913013 1.87938278098591 0.984574653441086 0.999177733436227 1.72666178434156 0 1.08354171272367 1.04759380919859
0.954764928203076 1.8771061997395 0.945810301462188 1.57114980719052 0.981350308516994 1.06635199883021 1.17126954323612 1.51118762115948 1.22749648895115 1.74858814268373 1.69228877127171 1.74783906410448 1.62004024954513 1.86147717619315 1.72187792300247 1.7897756206803 1.75788975646719 1.64902215823531 1.5955919297412 1.05522706522606 1.74512163084 1.77777382289059 1.65632230695337 1.35557052819058 1.10503659234382 1.41402308573015 1.45794699131511 1.08354171272367 0 1.34072464844212
1.79025476309471 1.32086894870736 1.24963159486651 1.84665816789493 1.37221300601959 1.01242918521166 1.07036842848174 1.62787620630115 1.20578769897111 1.58348773629405 1.00860078888945 1.54980057221837 1.37701349984854 1.39773455727845 1.12900976231322 1.62413506349549 1.70360207278281 1.74461294151843 1.77773716463707 1.13701578672044 1.54848034144379 1.24196844408289 1.84660519240424 1.10058459336869 1.71189948939718 1.73519589868374 1.68929799646139 1.04759380919859 1.34072464844212 0
