0 1.60023901192471 1.5086036331486 1.94866771460511 1.48365607438609 1.88086037524045 1.91308167949319 1.12594886659645 1.88040518644266 1.26868822402321 1.18878626264632 1.46224718028679 1.05605129501782 1.85235209669918 1.28268437087536 1.96224495163187 1.40984342666343 1.48130008182488 1.17187008913606 1.46407794882543 1.06170795136131 1.69173466344364 1.30115722771734 1.14444870548323 1.68832183210179 1.79621795541607 1.3464991627261 1.53576259035617 1.34603288117796 1.88264431850985
1.60023901192471 0 1.07919069845229 1.51090048090555 1.86804810678586 1.07885704725049 1.52718065865338 1.82062056078576 1.89259501011111 1.72092931321822 1.64305367693305 1.09441836224869 1.00207176664844 1.48795873322524 1.38171034329571 1.3353617801331 1.79273278429173 1.79916485166177 1.70723534259014 1.64262488950044 1.8295917827636 1.34994523273781 1.93051656475291 1.36686924169771 1.86539329541847 1.79553979448974 1.56959199719131 1.67821979452856 1.34258494293317 1.83597907074727
1.5086036331486 1.07919069845229 0 1.83280808967538 1.95619067363441 1.08375344192609 0.971413657534868 1.49769048346207 1.26677056890912 1.50826993328519 1.79257995216176 1.20804055221379 1.64361830078997 1.72621845523827 1.02774530346505 1.78793519479223 1.71956260921434 1.80005494016223 1.89751937869005 1.09640695806593 1.70298632024787 1.35655458760448 1.3684743004851 1.31625751475804 1.82900473196059 1.7717288210988 1.50774697773159 1.93483048630878 1.64854667964391 1.76795706595294
1.94866771460511 1.51090048090555 1.83280808967538 0 1.22158603812568 1.77835358469747 1.26525280554779 1.76367858494632 1.64258142979816 1.41895649442449 1.09980934043415 1.91130899894051 1.22402928047813 1.31295838695951 1.47802735469304 1.40616350783966 1.15982884983532 1.00673215044662 1.90975019452162 1.43515185429715 1.94755599438213 1.04390637646429 1.35140388435684 1.39531330321915 1.80684056016617 1.14534784504212 1.11084243375808 1.06753608491272 1.59635719633661 1.56682120123878
1.48365607438609 1.86804810678586 1.95619067363441 1.22158603812568 0 1.86464663851075 1.61523007554933 0.983667973661795 1.18798614875413 1.64140508859418 1.51505981129594 1.09967806842178 1.67750833439641 1.9578012872953 1.66208813968115 1.75996796274558 1.61447319784202 1.6864492201712 1.85132277524099 1.71606994047761 1.49099641153589 1.06448603048921 1.73310113116167 1.31013521458954 1.93377218628302 1.42875261278823 1.37973435409367 1.37012224900536 1.50835540867411 1.40744891413487
1.88086037524045 1.07885704725049 1.08375344192609 1.77835358469747 1.86464663851075 0 1.69080216391012 1.66920412844047 1.54074415517971 1.81766090705059 1.2591293125879 1.2549671116285 1.95892432006076 1.58050285838544 1.68548875371926 1.05151486466639 1.89637509221211 1.4292259325739 1.07416149671189 1.00270789768547 1.30912277451716 1.64104639692232 0.98814158490859 1.85247971443459 0.973442067625001 1.84661515732296 1.50936660799198 1.58974304259755 1.15250701433979 1.82486224826425
1.91308167949319 1.52718065865338 0.971413657534868 1.26525280554779 1.61523007554933 1.69080216391012 0 1.83170493412763 1.36039707623422 1.8609538055025 1.59971215156838 1.22146268794313 1.80375928850845 1.38423286750913 1.00102806673385 1.62865622201934 1.443942386657 1.93777025933377 1.42509532766417 1.72358870669268 1.16887144930661 1.02048031054437 1.87094793841243 1.68337228288874 1.57794431224465 1.1520271578338 1.26764934044331 0.989550068043172 1.42594639374875 1.41882811812684
1.12594886659645 1.82062056078576 1.49769048346207 1.76367858494632 0.983667973661795 1.66920412844047 1.83170493412763 0 0.995081621687859 1.33983124652877 1.80695198522881 0.970382397994399 1.6515843833331 1.58524257480167 1.08400333835743 1.2603488182649 1.78689808933996 1.9651493774727 1.63908270210959 1.3924542281311 1.47184041142464 1.18456647568382 1.42488265200518 1.12224642233923 1.76384364347905 1.53787586814724 1.15028134104796 1.38409774936736 1.41879418143071 1.47388310707174
1.88040518644266 1.89259501011111 1.26677056890912 1.64258142979816 1.18798614875413 1.54074415517971 1.36039707623422 0.995081621687859 0 1.47162016644143 1.48372055753134 1.44361808220856 1.30612835939974 1.46027048281394 1.67274909862317 1.64467839268036 1.61804810003377 1.67935821972787 1.64650647691451 1.9365209043026 1.42066692025401 1.95587599580176 1.70465867919847 1.11807791818865 1.73549321061 1.8713237089105 1.59640909428708 1.26999493525364 1.02061630599201 1.30696563981473
1.26868822402321 1.72092931321822 1.50826993328519 1.41895649442449 1.64140508859418 1.81766090705059 1.8609538055025 1.33983124652877 1.47162016644143 0 1.41133368411101 1.91891196649522 1.45283370977268 1.83358046691865 1.83282293612137 1.91118357260711 1.58072579163127 1.12889519520104 1.9155254191719 1.30840920424089 1.04885262413882 1.0397593670059 1.88477998389862 1.94209354254417 1.85832181968726 0.980111995013431 1.08612811681814 1.87358860205859 1.23128535901196 1.08095047040842
1.18878626264632 1.64305367693305 1.79257995216176 1.09980934043415 1.51505981129594 1.2591293125879 1.59971215156838 1.80695198522881 1.48372055753134 1.41133368411101 0 1.74539336422458 0.990673515480012 1.46786323701963 1.76584138721228 1.95252051204443 1.62056728242896 1.06736714346334 1.18025640910491 1.32294398848899 1.76155443955213 1.83777438430116 1.93824834586121 1.19985923520289 1.60182849457487 1.74279112159275 1.93683729832992 1.24027718859725 1.06505676032975 1.10176306916401
1.46224718028679 1.09441836224869 1.20804055221379 1.91130899894051 1.09967806842178 1.2549671116285 1.22146268794313 0.970382397994399 1.44361808220856 1.91891196649522 1.74539336422458 0 1.25114971073344 0.995883574709296 1.75888992007822 1.14196147746406 1.6735165908467 1.80432514031418 1.30908670718782 1.40842247055843 1.50160081405193 1.74940523644909 1.03287288080901 1.62271637981758 1.54419409180991 1.88352022040635 1.73657246353105 1.871354092611 1.02965053613298 1.90184620744549
1.05605129501782 1.00207176664844 1.64361830078997 1.22402928047813 1.67750833439641 1.95892432006076 1.80375928850845 1.6515843833331 1.30612835939974 1.45283370977268 0.990673515480012 1.25114971073344 0 1.91216914076358 1.36172754084691 1.35879593389109 1.58292636065744 1.13759343535639 1.63980820262805 1.04478002013639 1.80298554571345 1.15400299546309 1.33428653306328 1.90941257355735 1.90941523690708 1.05132562923245 1.94910317123868 1.75689648301341 1.70481625641696 1.29983997368254
1.85235209669918 1.48795873322524 1.72621845523827 1.31295838695951 1.9578012872953 1.58050285838544 1.38423286750913 1.58524257480167 1.46027048281394 1.83358046691865 1.46786323701963 0.995883574709296 1.91216914076358 0 1.34461575490423 1.62912584142759 1.8892997300718 1.85413371562026 1.78527683927678 1.87166392034851 1.51266308594495 1.40259270486422 1.35903009795584 1.1010140015278 1.70408579031937 1.74489638069645 1.9019510562066 1.31791407754645 1.81114450492896 1.48412819718942
1.28268437087536 1.38171034329571 1.02774530346505 1.47802735469304 1.66208813968115 1.68548875371926 1.00102806673385 1.08400333835743 1.67274909862317 1.83282293612137 1.76584138721228 1.75888992007822 1.36172754084691 1.34461575490423 0 1.64861937751994 1.89143477194011 1.07306513097137 1.46545305894688 1.62742026080377 1.26838364941068 1.42174271377735 1.3552941752132 1.3924147952348 1.34741898882203 1.24697691062465 1.60450366837904 1.02023985679261 1.66743282810785 1.4548697322607
1.96224495163187 1.3353617801331 1.78793519479223 1.40616350783966 1.75996796274558 1.05151486466639 1.62865622201934 1.2603488182649 1.64467839268036 1.91118357260711 1.95252051204443 1.14196147746406 1.35879593389109 1.62912584142759 1.64861937751994 0 1.6650441752281 1.90071863355115 1.2834441291634 1.20871602720581 1.50747814471833 1.62259040726349 1.17374677513726 1.67875499092042 1.10817780951038 1.76560520799831 1.38309671846218 1.23400025023147 0.98658289341256 1.39465962653048
1.40984342666343 1.79273278429173 1.71956260921434 1.15982884983532 1.61447319784202 1.89637509221211 1.443942386657 1.78689808933996 1.61804810003377 1.58072579163127 1.62056728242896 1.6735165908467 1.58292636065744 1.8892997300718 1.89143477194011 1.6650441752281 0 1.69241461833008 1.53663149219938 1.90991240669973 1.48014305112883 1.31569795915857 1.77888544788584 1.5367188823875 1.44362298678607 1.26491045043804 1.89371028193273 1.96056843618862 1.9331818530336 1.16407432849519
1.48130008182488 1.79916485166177 1.80005494016223 1.00673215044662 1.6864492201712 1.4292259325739 1.93777025933377 1.9651493774727 1.67935821972787 1.12889519520104 1.06736714346334 1.80432514031418 1.13759343535639 1.85413371562026 1.07306513097137 1.90071863355115 1.69241461833008 0 1.83521334966645 1.21867251838557 1.11308757658117 1.60081394179724 1.72847802937031 1.96524252020754 1.23449669685215 1.44898082432337 1.00794748193584 1.07263671886176 1.60829840181395 1.72515823692083
1.17187008913606 1.70723534259014 1.89751937869005 1.90975019452162 1.85132277524099 1.07416149671189 1.42509532766417 1.63908270210959 1.64650647691451 1.9155254191719 1.18025640910491 1.30908670718782 1.63980820262805 1.78527683927678 1.46545305894688 1.2834441291634 1.53663149219938 1.83521334966645 0 1.81499216682278 1.1560163164977 1.65974075393751 1.7787064386066 1.0906899611 1.53894974640571 1.92418459267356 1.46519395150244 1.9350674347952 1.10549528128468 0.975336716044694
1.46407794882543 1.64262488950044 1.09640695806593 1.43515185429715 1.71606994047761 1.00270789768547 1.72358870669268 1.3924542281311 1.9365209043026 1.30840920424089 1.32294398848899 1.40842247055843 1.04478002013639 1.87166392034851 1.62742026080377 1.20871602720581 1.90991240669973 1.21867251838557 1.81499216682278 0 1.9306057957001 1.59072447079234 1.09224184788764 1.72527021123096 1.70549948327243 1.43355154548772 1.17913172999397 1.00853483891115 1.40792232262902 1.92135016806424
1.06170795136131 1.8295917827636 1.70298632024787 1.94755599438213 1.49099641153589 1.30912277451716 1.16887144930661 1.47184041142464 1.42066692025401 1.04885262413882 1.76155443955213 1.50160081405193 1.80298554571345 1.51266308594495 1.26838364941068 1.50747814471833 1.48014305112883 1.11308757658117 1.1560163164977 1.9306057957001 0 1.94994143815711 1.50488391262479 1.7855278160423 1.45841525937431 1.7219081572257 1.95964637119323 1.07520360290073 1.50556636997499 1.52087176917121
1.69173466344364 1.34994523273781 1.35655458760448 1.04390637646429 1.06448603048921 1.64104639692232 1.02048031054437 1.18456647568382 1.95587599580176 1.0397593670059 1.83777438430116 1.74940523644909 1.15400299546309 1.40259270486422 1.42174271377735 1.62259040726349 1.31569795915857 1.60081394179724 1.65974075393751 1.59072447079234 1.94994143815711 0 1.3523217686452 1.79005435155705 1.89280095556751 1.15234338771552 1.71913737920113 1.08905275259167 1.65766197466291 1.37602635589428
1.30115722771734 1.93051656475291 1.3684743004851 1.35140388435684 1.73310113116167 0.98814158490859 1.87094793841243 1.42488265200518 1.70465867919847 1.88477998389862 1.93824834586121 1.03287288080901 1.33428653306328 1.35903009795584 1.3552941752132 1.17374677513726 1.77888544788584 1.72847802937031 1.7787064386066 1.09224184788764 1.50488391262479 1.3523217686452 0 1.32697134325281 1.68899720208719 1.48924838053063 1.37298647849821 1.70486564328894 0.99299878324382 1.15559342876077
1.14444870548323 1.36686924169771 1.31625751475804 1.39531330321915 1.31013521458954 1.85247971443459 1.68337228288874 1.12224642233923 1.11807791818865 1.94209354254417 1.19985923520289 1.62271637981758 1.90941257355735 1.1010140015278 1.3924147952348 1.67875499092042 1.5367188823875 1.96524252020754 1.0906899611 1.72527021123096 1.7855278160423 1.79005435155705 1.32697134325281 0 1.90737913548946 1.19436165317893 1.41787578118965 0.984321651980281 1.37864114134572 0.973545342450961
1.68832183210179 1.86539329541847 1.82900473196059 1.80684056016617 1.93377218628302 0.973442067625001 1.57794431224465 1.76384364347905 1.73549321061 1.85832181968726 1.60182849457487 1.54419409180991 1.90941523690708 1.70408579031937 1.34741898882203 1.10817780951038 1.44362298678607 1.23449669685215 1.53894974640571 1.70549948327243 1.45841525937431 1.89280095556751 1.68899720208719 1.90737913548946 0 1.55011855368502 1.50980041362345 0.98952306760475 1.29122325731441 1.3374712371733
1.79621795541607 1.79553979448974 1.7717288210988 1.14534784504212 1.42875261278823 1.84661515732296 1.1520271578338 1.53787586814724 1.8713237089105 0.980111995013431 1.74279112159275 1.88352022040635 1.05132562923245 1.74489638069645 1.24697691062465 1.76560520799831 1.26491045043804 1.44898082432337 1.92418459267356 1.43355154548772 1.7219081572257 1.15234338771552 1.48924838053063 1.19436165317893 1.55011855368502 0 1.161028833827 1.01164838392287 1.08007849589922 1.4362209844403
1.3464991627261 1.56959199719131 1.50774697773159 1.11084243375808 1.37973435409367 1.50936660799198 1.26764934044331 1.15028134104796 1.59640909428708 1.08612811681814 1.93683729832992 1.73657246353105 1.94910317123868 1.9019510562066 1.60450366837904 1.38309671846218 1.89371028193273 1.00794748193584 1.46519395150244 1.17913172999397 1.95964637119323 1.71913737920113 1.37298647849821 1.41787578118965 1.50980041362345 1.161028833827 0 1.05695203412324 1.65466365963221 1.91224490711465
1.53576259035617 1.67821979452856 1.93483048630878 1.06753608491272 1.37012224900536 1.58974304259755 0.989550068043172 1.38409774936736 1.26999493525364 1.87358860205859 1.24027718859725 1.871354092611 1.75689648301341 1.31791407754645 1.02023985679261 1.23400025023147 1.96056843618862 1.07263671886176 1.9350674347952 1.00853483891115 1.07520360290073 1.08905275259167 1.70486564328894 0.984321651980281 0.98952306760475 1.01164838392287 1.05695203412324 0 1.54172900691628 1.95786699443124
1.34603288117796 1.34258494293317 1.64854667964391 1.59635719633661 1.50835540867411 1.15250701433979 1.42594639374875 1.41879418143071 1.02061630599201 1.23128535901196 1.06505676032975 1.02965053613298 1.70481625641696 1.81114450492896 1.66743282810785 0.98658289341256 1.9331818530336 1.60829840181395 1.10549528128468 1.40792232262902 1.50556636997499 1.65766197466291 0.99299878324382 1.37864114134572 1.29122325731441 1.08007849589922 1.65466365963221 1.54172900691628 0 1.09869960509241
1.88264431850985 1.83597907074727 1.76795706595294 1.56682120123878 1.40744891413487 1.82486224826425 1.41882811812684 1.47388310707174 1.30696563981473 1.08095047040842 1.10176306916401 1.90184620744549 1.29983997368254 1.48412819718942 1.4548697322607 1.39465962653048 1.16407432849519 1.72515823692083 0.975336716044694 1.92135016806424 1.52087176917121 1.37602635589428 1.15559342876077 0.973545342450961 1.3374712371733 1.4362209844403 1.91224490711465 1.95786699443124 1.09869960509241 0
