0 1.21462362958118 1.52075136685744 1.366498143645 1.58630980364978 1.35074517456815 1.45131421089172 1.56579360482283 1.57020984962583 1.93653060658835 1.49779331427999 1.34061053069308 1.1125925348606 0.985470868647099 1.14236005395651 1.71904768212698 1.36244798544794 1.33123113820329 1.60992043069564 1.06105351843871 1.47744197910652 1.86736574536189 1.38981028902344 1.45161751727574 0.979277298552915 1.03887926973403 1.51083242124878 1.00781485391781 1.90590606094338 1.05402403580956
1.21462362958118 0 1.12817878881469 1.91216306155547 1.77657292829826 1.34696271503344 1.12791262520477 1.41644867626019 1.66665291017853 1.74554994236678 0.942456279648468 1.74709187680855 1.13866164698265 1.3786926579196 1.58834700193256 1.44200487877242 1.48539520963095 1.26865354902111 1.2657078250777 1.03661565342918 1.56030533881858 0.953205734724179 1.91666116705164 1.77422015764751 1.00041288300417 1.15293682017364 1.17235268373042 1.42658483213745 1.84053287724964 0.973036449868232
1.52075136685744 1.12817878881469 0 1.2923452926334 1.02072530076839 1.66137178894132 1.762287810212 1.20555693027563 1.32814604882151 1.61238139751367 1.80189442145638 1.92464866652153 1.05414658901282 1.56609138194472 1.40177136636339 1.91505833924748 1.83442236902192 1.33284331788309 1.82723395596258 1.2504881741479 1.36980190966278 1.89884650008753 1.21192540926859 1.56881717406213 1.83571992069483 1.44335926347412 1.27367598726414 1.11866804445162 1.63991993432865 1.51340630906634
1.366498143645 1.91216306155547 1.2923452926334 0 1.15362419723533 1.81938288384117 1.91389193292707 1.64957749657333 1.88549291738309 1.29362867004238 1.12566731451079 1.23092973348685 1.63387768855318 1.01509430236183 1.31895057391375 1.45245964778587 0.951192347332835 1.55961875594221 1.2871558368206 1.51279223361053 1.06648018420674 1.32228939165361 1.14260476711206 1.23154858220369 1.38011947087944 1.09176377695985 1.47783272713423 1.59981525293551 1.82734917174093 1.48643570602871
1.58630980364978 1.77657292829826 1.02072530076839 1.15362419723533 0 1.79151725349948 1.41171648097225 1.78231249493547 1.78529812488705 1.49764080857858 1.60646221833304 1.69711771700531 1.67870960338041 1.09318412584253 1.60374877881259 1.56991495029069 1.26167417434044 1.54976364271715 1.66690378682688 1.67176231974736 1.70945818675682 1.28755154972896 0.962486293166876 0.995313667226583 1.10805710684508 1.14564699446782 1.14708136417903 1.39238575915806 1.78904805798084 1.26643498893827
1.35074517456815 1.34696271503344 1.66137178894132 1.81938288384117 1.79151725349948 0 1.19065342680551 1.04521732614376 1.5769855810795 1.75918341660872 1.13344716560096 1.84857429773547 1.4187862125691 1.26896875817329 1.03147572139278 1.41287697316147 1.5236626889091 1.07696704962291 0.982472367584705 1.55109135387465 1.36559101101011 1.33914508065209 1.13364873058163 1.48454630351625 1.46205560094677 1.49113793298602 1.81052415980957 1.47325176279992 1.89884732943028 0.968059269711375
1.45131421089172 1.12791262520477 1.762287810212 1.91389193292707 1.41171648097225 1.19065342680551 0 1.91992621612735 1.58367694262415 1.1818594771903 1.13719667028636 1.59903498436324 1.7974833950866 1.81087547075003 1.33025697013363 1.61575124459341 1.65659382147714 1.52673876425251 1.69477703631856 1.39046151679941 1.13291095057502 0.995290715945885 1.08707440691069 1.45080629782751 1.43926683161408 1.24142600805499 1.1070164158009 1.00019508507103 1.36760497791693 1.74976680171676
1.56579360482283 1.41644867626019 1.20555693027563 1.64957749657333 1.78231249493547 1.04521732614376 1.91992621612735 0 1.78277303301729 1.26852387143299 1.45506351697259 1.09320930158719 1.34799594688229 1.19669268489815 0.966303108027205 1.11644606664777 1.40774125885218 1.09775198623538 1.67635383480228 1.02369658509269 1.11478600651026 1.06044396548532 1.39896607678384 1.82018081611022 1.22432723501697 1.43944248859771 0.948673611041158 1.14659467479214 1.8387836846523 1.93595775263384
1.57020984962583 1.66665291017853 1.32814604882151 1.88549291738309 1.78529812488705 1.5769855810795 1.58367694262415 1.78277303301729 0 1.04615325643681 1.9116963702254 1.04489830043167 1.05444419779815 1.56910637370311 1.74606774980202 1.30024253204465 1.13186269067228 1.46281498554163 1.70798831246793 1.21659883274697 1.33961363951676 1.88356102933176 1.66191091039218 1.73394673457369 1.22331656492315 1.87358430027962 1.36112918425351 1.87568359519355 1.18681931425817 1.61836009589024
1.93653060658835 1.74554994236678 1.61238139751367 1.29362867004238 1.49764080857858 1.75918341660872 1.1818594771903 1.26852387143299 1.04615325643681 0 1.68951562955044 1.18562750308774 1.29099095263518 1.16506630834192 0.955590302590281 1.91250427742489 1.42603575228713 0.953694013413042 1.3726179569494 1.93543630489148 1.85555939166807 1.88408178207465 1.31681824638508 1.35573752387427 1.02813291805796 1.10190871800296 1.49981355154887 1.81067481520586 0.96163404872641 1.91138946753927
1.49779331427999 0.942456279648468 1.80189442145638 1.12566731451079 1.60646221833304 1.13344716560096 1.13719667028636 1.45506351697259 1.9116963702254 1.68951562955044 0 1.3185425917618 1.8544392073527 1.87815428874455 1.63118983036838 0.953229295322672 1.06210555834696 1.25217127101496 1.41411991999485 1.85988707700744 1.79610796202905 1.27578245243058 1.63139283517376 1.9077808028087 1.00459658564068 1.75590404868126 1.24604853824712 1.31715979031287 1.6509994501248 1.9130346828606
1.34061053069308 1.74709187680855 1.92464866652153 1.23092973348685 1.69711771700531 1.84857429773547 1.59903498436324 1.09320930158719 1.04489830043167 1.18562750308774 1.3185425917618 0 1.00733516807668 1.08246934344061 1.84834690671414 1.06609372585081 1.06474385294132 1.43044673092663 1.22844720166177 1.1402088762261 1.50489899865352 0.993591560982168 1.60559974075295 1.77337242150679 1.84347338788211 1.44671705318615 1.91883889259771 1.67081380379386 1.01252260548063 1.81505820457824
1.1125925348606 1.13866164698265 1.05414658901282 1.63387768855318 1.67870960338041 1.4187862125691 1.7974833950866 1.34799594688229 1.05444419779815 1.29099095263518 1.8544392073527 1.00733516807668 0 1.81033415254205 0.956460230052471 1.82075002859347 1.47534742741846 1.34749421011657 1.82671385002322 1.14093573554419 1.4080139726866 1.3169362815097 1.19328081002459 1.35922114085406 1.60860839718953 1.4319658651948 1.78417210490443 1.61741849733517 0.963452829746529 1.49446212965995
0.985470868647099 1.3786926579196 1.56609138194472 1.01509430236183 1.09318412584253 1.26896875817329 1.81087547075003 1.19669268489815 1.56910637370311 1.16506630834192 1.87815428874455 1.08246934344061 1.81033415254205 0 1.45259345881641 1.41386876418255 1.36850504530594 1.75738594587892 1.58366367220879 1.93870097398758 1.73247119225562 1.92018902883865 1.38440932845697 1.74693380692042 1.88883421802893 1.83625354547985 1.55423231143504 1.52092225523666 1.72431954438798 1.90814324840903
1.14236005395651 1.58834700193256 1.40177136636339 1.31895057391375 1.60374877881259 1.03147572139278 1.33025697013363 0.966303108027205 1.74606774980202 0.955590302590281 1.63118983036838 1.84834690671414 0.956460230052471 1.45259345881641 0 1.83589886012487 1.23901890218258 1.62517026322894 1.36135833151639 1.20347465784289 1.31979799037799 1.27413800987415 1.7246475010179 0.982825698330998 1.13768875831738 1.07654911396094 1.26641520950943 1.03672349429689 1.12871305947192 1.70993959344923
1.71904768212698 1.44200487877242 1.91505833924748 1.45245964778587 1.56991495029069 1.41287697316147 1.61575124459341 1.11644606664777 1.30024253204465 1.91250427742489 0.953229295322672 1.06609372585081 1.82075002859347 1.41386876418255 1.83589886012487 0 1.48012621514499 1.32490930706263 1.57699903403409 1.29234515875578 1.62406691769138 1.22802471811883 1.32611663499847 1.61325886449777 1.72546102805063 1.00155324838124 1.25534256943502 1.16076615382917 1.58931767405011 1.57826483715326
1.36244798544794 1.48539520963095 1.83442236902192 0.951192347332835 1.26167417434044 1.5236626889091 1.65659382147714 1.40774125885218 1.13186269067228 1.42603575228713 1.06210555834696 1.06474385294132 1.47534742741846 1.36850504530594 1.23901890218258 1.48012621514499 0 0.943127050064504 1.80751191289164 1.43081330740824 1.74912313278764 1.53061546385288 1.33296312764287 1.1676111749839 1.26336054108106 1.53488285443746 1.176200899994 1.92286227061413 1.25550275109708 1.85271999193355
1.33123113820329 1.26865354902111 1.33284331788309 1.55961875594221 1.54976364271715 1.07696704962291 1.52673876425251 1.09775198623538 1.46281498554163 0.953694013413042 1.25217127101496 1.43044673092663 1.34749421011657 1.75738594587892 1.62517026322894 1.32490930706263 0.943127050064504 0 1.46514438907616 0.98174229147844 1.34009755006991 1.33116168063134 1.18915727804415 1.67610739381053 1.34796234034002 1.48207045183517 1.73174749221653 1.19323241827078 1.88021146971732 1.76423493167385
1.60992043069564 1.2657078250777 1.82723395596258 1.2871558368206 1.66690378682688 0.982472367584705 1.69477703631856 1.67635383480228 1.70798831246793 1.3726179569494 1.41411991999485 1.22844720166177 1.82671385002322 1.58366367220879 1.36135833151639 1.57699903403409 1.80751191289164 1.46514438907616 0 1.90168697736226 1.85975086456165 0.994071376509964 1.64447047677822 1.65927282720804 1.37530515063554 1.60599248087965 1.04628822533414 1.24458189192228 1.49914045585319 1.91359441145323
1.06105351843871 1.03661565342918 1.2504881741479 1.51279223361053 1.67176231974736 1.55109135387465 1.39046151679941 1.02369658509269 1.21659883274697 1.93543630489148 1.85988707700744 1.1402088762261 1.14093573554419 1.93870097398758 1.20347465784289 1.29234515875578 1.43081330740824 0.98174229147844 1.90168697736226 0 1.86363634467125 1.02187874913216 1.63468975154683 0.953083001310006 1.36897295201197 1.77247458673082 1.06156492745504 1.91703485371545 1.05989070725627 1.74168409407139
1.47744197910652 1.56030533881858 1.36980190966278 1.06648018420674 1.70945818675682 1.36559101101011 1.13291095057502 1.11478600651026 1.33961363951676 1.85555939166807 1.79610796202905 1.50489899865352 1.4080139726866 1.73247119225562 1.31979799037799 1.62406691769138 1.74912313278764 1.34009755006991 1.85975086456165 1.86363634467125 0 1.09372162655927 1.81240239087492 1.42879137815908 0.99901320412755 1.70679352036677 1.45286287670024 1.3747790614143 1.1506152919028 1.00499867717735
1.86736574536189 0.953205734724179 1.89884650008753 1.32228939165361 1.28755154972896 1.33914508065209 0.995290715945885 1.06044396548532 1.88356102933176 1.88408178207465 1.27578245243058 0.993591560982168 1.3169362815097 1.92018902883865 1.27413800987415 1.22802471811883 1.53061546385288 1.33116168063134 0.994071376509964 1.02187874913216 1.09372162655927 0 1.79366673342884 1.19562437478453 1.62764255958609 1.06057282607071 1.93040265329182 1.12807296263054 1.48487569834106 1.06630214070901
1.38981028902344 1.91666116705164 1.21192540926859 1.14260476711206 0.962486293166876 1.13364873058163 1.08707440691069 1.39896607678384 1.66191091039218 1.31681824638508 1.63139283517376 1.60559974075295 1.19328081002459 1.38440932845697 1.7246475010179 1.32611663499847 1.33296312764287 1.18915727804415 1.64447047677822 1.63468975154683 1.81240239087492 1.79366673342884 0 1.0852992401924 1.12453204486519 1.84759867750108 0.981673886068165 1.34024448646232 1.34809138858691 1.28220815048553
1.45161751727574 1.77422015764751 1.56881717406213 1.23154858220369 0.995313667226583 1.48454630351625 1.45080629782751 1.82018081611022 1.73394673457369 1.35573752387427 1.9077808028087 1.77337242150679 1.35922114085406 1.74693380692042 0.982825698330998 1.61325886449777 1.1676111749839 1.67610739381053 1.65927282720804 0.953083001310006 1.42879137815908 1.19562437478453 1.0852992401924 0 1.75048301159404 1.90569538599811 1.45996459573507 1.88735010544769 1.33501997799613 1.30008123000152
0.979277298552915 1.00041288300417 1.83571992069483 1.38011947087944 1.10805710684508 1.46205560094677 1.43926683161408 1.22432723501697 1.22331656492315 1.02813291805796 1.00459658564068 1.84347338788211 1.60860839718953 1.88883421802893 1.13768875831738 1.72546102805063 1.26336054108106 1.34796234034002 1.37530515063554 1.36897295201197 0.99901320412755 1.62764255958609 1.12453204486519 1.75048301159404 0 1.61272986163385 1.75058658793569 1.25953106186353 1.68503797077574 0.940151354065165
1.03887926973403 1.15293682017364 1.44335926347412 1.09176377695985 1.14564699446782 1.49113793298602 1.24142600805499 1.43944248859771 1.87358430027962 1.10190871800296 1.75590404868126 1.44671705318615 1.4319658651948 1.83625354547985 1.07654911396094 1.00155324838124 1.53488285443746 1.48207045183517 1.60599248087965 1.77247458673082 1.70679352036677 1.06057282607071 1.84759867750108 1.90569538599811 1.61272986163385 0 1.60011704592034 1.04783174744807 1.40754868113436 1.32510676188394
1.51083242124878 1.17235268373042 1.27367598726414 1.47783272713423 1.14708136417903 1.81052415980957 1.1070164158009 0.948673611041158 1.36112918425351 1.49981355154887 1.24604853824712 1.91883889259771 1.78417210490443 1.55423231143504 1.26641520950943 1.25534256943502 1.176200899994 1.73174749221653 1.04628822533414 1.06156492745504 1.45286287670024 1.93040265329182 0.981673886068165 1.45996459573507 1.75058658793569 1.60011704592034 0 1.4800902986899 1.55158525961451 1.34992397483438
1.00781485391781 1.42658483213745 1.11866804445162 1.59981525293551 1.39238575915806 1.47325176279992 1.00019508507103 1.14659467479214 1.87568359519355 1.81067481520586 1.31715979031287 1.67081380379386 1.61741849733517 1.52092225523666 1.03672349429689 1.16076615382917 1.92286227061413 1.19323241827078 1.24458189192228 1.91703485371545 1.3747790614143 1.12807296263054 1.34024448646232 1.88735010544769 1.25953106186353 1.04783174744807 1.4800902986899 0 1.89021787070669 1.60732411919162
1.90590606094338 1.84053287724964 1.63991993432865 1.82734917174093 1.78904805798084 1.89884732943028 1.36760497791693 1.8387836846523 1.18681931425817 0.96163404872641 1.6509994501248 1.01252260548063 0.963452829746529 1.72431954438798 1.12871305947192 1.58931767405011 1.25550275109708 1.88021146971732 1.49914045585319 1.05989070725627 1.1506152919028 1.48487569834106 1.34809138858691 1.33501997799613 1.68503797077574 1.40754868113436 1.55158525961451 1.89021787070669 0 1.43111368641257
1.05402403580956 0.973036449868232 1.51340630906634 1.48643570602871 1.26643498893827 0.968059269711375 1.74976680171676 1.93595775263384 1.61836009589024 1.91138946753927 1.9130346828606 1.81505820457824 1.49446212965995 1.90814324840903 1.70993959344923 1.57826483715326 1.85271999193355 1.76423493167385 1.91359441145323 1.74168409407139 1.00499867717735 1.06630214070901 1.28220815048553 1.30008123000152 0.940151354065165 1.32510676188394 1.34992397483438 1.60732411919162 1.43111368641257 0
