0 1.63328482490033 1.61859369697049 1.90515805152245 0.950267682783306 1.50407042005099 1.23332598689012 1.52412785240449 1.90623020450585 1.1849058533553 1.40632438845932 1.77931220759638 1.19885145779699 1.2523832868319 1.87353730015457 1.43542005191557 1.53886073920876 1.42629563692026 1.21565763629042 1.58140481216833 1.08651751582511 1.67588121723384 1.57444316637702 1.56219615926966 1.89624663931318 1.84718374861404 1.15926801669411 1.22293338947929 1.53987037623301 1.25265986262821
1.63328482490033 0 1.23673670738935 1.60173872043379 1.56650577043183 1.57338106189854 1.73544964613393 1.66469492507167 1.13070660526864 1.27287257695571 1.63237330154516 0.963905636686832 1.51592812384479 1.09022860694677 1.62305734818801 1.77454283414409 1.62481620162725 1.311204389669 1.66860509989783 1.05521546280943 1.40028110845014 1.32161858701147 1.41215245542116 1.91751325363293 1.67271481920034 1.44132877513766 1.82364096585661 1.74018858466297 1.52223800122738 1.50765324383974
1.61859369697049 1.23673670738935 0 1.86991559294984 1.17520269239321 1.48549858736806 1.13027760689147 1.05636246362701 1.75658716703765 1.21689792978577 0.936222078744322 1.82494576508179 1.30216363770887 1.01940908422694 0.961440304527059 1.43910040869378 1.20109640900046 1.92215710924938 1.57938348059542 1.03102988982573 1.38442636537366 1.79499037587084 1.92735577234998 1.91489244252443 1.8062455849722 1.49678224371746 1.79788288776763 1.04591986048035 1.49081236030906 1.49907496757805
1.90515805152245 1.60173872043379 1.86991559294984 0 1.2978136187885 1.66725412732922 1.68315352709033 1.32678647036664 0.989055359736085 1.28309668786824 1.60084299580194 1.08460096968338 1.63613087125123 1.47802762780339 1.25090998853557 1.64762013033032 1.87271593417972 1.6894339711871 1.1366760910023 1.19864705088548 1.88141492335126 1.26901109074242 1.33499403321184 1.5684662614949 1.89372277935036 1.19099984830245 1.52276050741784 1.86136023607105 1.59175477642566 1.01017691171728
0.950267682783306 1.56650577043183 1.17520269239321 1.2978136187885 0 1.67383501608856 1.80721162585542 1.79152884101495 1.51459733699448 1.23462352016941 1.58185985381715 1.19327235687524 1.90516139869578 1.53526090062223 1.87418428319506 1.21633198484778 1.18143982440233 1.73032084666193 1.72986834123731 1.44225996499881 1.28082645311952 1.88251757132821 1.60501733189449 1.80955908657052 1.91712446161546 1.80611722217873 1.6385766568128 1.7343637845479 1.45388889010064 1.91360855731182
1.50407042005099 1.57338106189854 1.48549858736806 1.66725412732922 1.67383501608856 0 1.14428147859871 1.40440529887564 1.43284065346234 1.4184047805611 1.29291066736914 1.55621119681746 1.5317515055649 0.946482636034489 1.58400238631293 1.69683918403462 1.7148815812543 1.50325148389675 1.53934489865787 1.53221801295877 1.83860010001808 1.06237170705572 1.09796691779047 1.86267926450819 1.8692287565209 1.43094059079885 1.78465722920373 1.78280385397375 1.01495232968591 1.85454950737767
1.23332598689012 1.73544964613393 1.13027760689147 1.68315352709033 1.80721162585542 1.14428147859871 0 1.71816899743862 1.07940648309886 0.988533949712291 1.83005196461454 1.61748191271909 1.66523607936688 1.52150951419026 1.78390425210819 1.53889925219119 1.41895800456405 1.23011964070611 1.03020730591379 1.08163186931051 1.50883019017056 1.37155086291023 1.63399822032079 0.951422604266554 1.2494755173102 1.79038643836975 1.80796602671035 1.65048985020258 1.31214049924165 0.970471758395433
1.52412785240449 1.66469492507167 1.05636246362701 1.32678647036664 1.79152884101495 1.40440529887564 1.71816899743862 0 0.940787825267762 1.74375851429068 1.19064007280394 0.958378702634946 1.40952711156569 1.52324130502529 1.45231779105961 1.07489317213185 1.7264181333594 1.64134498336352 1.05383852683008 1.79278798471205 1.92587712174281 1.63203618419357 1.77043684548698 1.90617572399788 1.81360268662684 1.16671175719239 1.92135997652076 1.04702712525614 1.57678198814392 1.53841376770288
1.90623020450585 1.13070660526864 1.75658716703765 0.989055359736085 1.51459733699448 1.43284065346234 1.07940648309886 0.940787825267762 0 1.21191066130996 1.12529080384411 1.1927499785088 1.19219855079427 1.55662420624867 1.58044941094704 1.52168014529161 1.08472110447474 1.05790491076186 1.61456818296574 1.9286923611071 1.71138847968541 1.0223714497406 1.52935065841302 1.49837195174769 1.88110460247844 1.7232519518584 1.54532544268295 1.57728496193886 1.08559589483775 1.6832081337925
1.1849058533553 1.27287257695571 1.21689792978577 1.28309668786824 1.23462352016941 1.4184047805611 0.988533949712291 1.74375851429068 1.21191066130996 0 1.62857287516817 1.50690476340242 1.51034826622345 1.8822166158352 1.84804328368045 1.52981501095928 1.41606589755975 1.07456750515848 1.65211718273349 1.08928740513511 1.05411289981566 1.78880118625239 1.39063059585169 1.71559192915447 1.45131416385993 1.69823685288429 1.39301527477801 1.20929355290718 1.40268736169674 1.32934749405831
1.40632438845932 1.63237330154516 0.936222078744322 1.60084299580194 1.58185985381715 1.29291066736914 1.83005196461454 1.19064007280394 1.12529080384411 1.62857287516817 0 1.59698722907342 1.03693050937727 1.43796687363647 1.43069946416654 1.81983320857398 1.54513759817928 1.34141474310309 1.15139073017053 1.05689482577145 1.89015953498892 1.70776875363663 0.991133693605661 1.25215049413964 1.06060679908842 1.13874253234826 1.51713070087135 1.49158300203271 1.72601306508295 1.21496055787429
1.77931220759638 0.963905636686832 1.82494576508179 1.08460096968338 1.19327235687524 1.55621119681746 1.61748191271909 0.958378702634946 1.1927499785088 1.50690476340242 1.59698722907342 0 1.724349552067 1.46447353530675 1.37733528274111 1.64659581612796 1.24262964120135 1.54058530787006 0.980883508222178 1.44825333636254 1.67438096436672 1.51360923866741 1.11683525890112 1.34079207642935 1.74594692280516 1.64785918081179 1.73633900354616 1.62301209289581 1.12817888986319 1.57806667080149
1.19885145779699 1.51592812384479 1.30216363770887 1.63613087125123 1.90516139869578 1.5317515055649 1.66523607936688 1.40952711156569 1.19219855079427 1.51034826622345 1.03693050937727 1.724349552067 0 1.33603899367154 1.89883412048221 1.89900717162527 0.997579237446189 1.46100314357318 1.22109886375256 1.82275346666574 1.76480112364516 1.02002741815522 1.42009227629751 1.90329811046831 1.13618738367222 1.25310763344169 1.18176526273601 1.15594875859097 1.40480085695162 1.35759552614763
1.2523832868319 1.09022860694677 1.01940908422694 1.47802762780339 1.53526090062223 0.946482636034489 1.52150951419026 1.52324130502529 1.55662420624867 1.8822166158352 1.43796687363647 1.46447353530675 1.33603899367154 0 1.8262578540016 1.64510028529912 1.57581234467216 1.31331430491991 1.24151384760626 1.29952820087783 1.6849247450009 1.55669340188615 1.64988497761078 1.42055720230564 1.2009395333007 1.47345604770817 1.00890921754763 1.21899474132806 1.84039531694725 1.10606726445258
1.87353730015457 1.62305734818801 0.961440304527059 1.25090998853557 1.87418428319506 1.58400238631293 1.78390425210819 1.45231779105961 1.58044941094704 1.84804328368045 1.43069946416654 1.37733528274111 1.89883412048221 1.8262578540016 0 1.4749187307898 1.30233647185378 1.8895226707682 1.26485061529092 1.63821166218258 1.36184638249688 1.13902530889027 1.4349123314023 1.52763376291841 1.57223334582523 1.69348102854565 1.05530016776174 1.87045569508336 1.41833098302595 1.25258171837777
1.43542005191557 1.77454283414409 1.43910040869378 1.64762013033032 1.21633198484778 1.69683918403462 1.53889925219119 1.07489317213185 1.52168014529161 1.52981501095928 1.81983320857398 1.64659581612796 1.89900717162527 1.64510028529912 1.4749187307898 0 1.5668837018311 1.66366382036358 1.41032630810514 1.00863788533024 1.77304172795266 1.92956125945784 1.14426776370965 1.67745426949114 1.51933083008043 1.81446149689145 1.07211779011413 1.20009016850963 1.2696505584754 1.89523086743429
1.53886073920876 1.62481620162725 1.20109640900046 1.87271593417972 1.18143982440233 1.7148815812543 1.41895800456405 1.7264181333594 1.08472110447474 1.41606589755975 1.54513759817928 1.24262964120135 0.997579237446189 1.57581234467216 1.30233647185378 1.5668837018311 0 1.44412183831446 1.62491376698017 1.27463988913223 0.950502956984565 1.46506568323821 1.4044715561904 1.22180779697374 1.71074878564104 1.50425261841156 1.1871010074392 1.20495218341239 1.18832327006385 1.40954863443039
1.42629563692026 1.311204389669 1.92215710924938 1.6894339711871 1.73032084666193 1.50325148389675 1.23011964070611 1.64134498336352 1.05790491076186 1.07456750515848 1.34141474310309 1.54058530787006 1.46100314357318 1.31331430491991 1.8895226707682 1.66366382036358 1.44412183831446 0 1.47973449481651 1.90780124440789 1.74705025390722 1.71914534782991 1.30555621907115 1.77260083309375 1.66774484049529 1.31902599195018 0.93794780713506 1.21613820153289 1.93070425488986 1.38316509407014
1.21565763629042 1.66860509989783 1.57938348059542 1.1366760910023 1.72986834123731 1.53934489865787 1.03020730591379 1.05383852683008 1.61456818296574 1.65211718273349 1.15139073017053 0.980883508222178 1.22109886375256 1.24151384760626 1.26485061529092 1.41032630810514 1.62491376698017 1.47973449481651 0 1.92275370797142 1.66727108904161 1.08036184869707 1.06833701184951 1.84432685794309 1.39647037559189 1.02080012159422 1.14374599209987 1.92410655273125 1.36913274554536 1.11491578747518
1.58140481216833 1.05521546280943 1.03102988982573 1.19864705088548 1.44225996499881 1.53221801295877 1.08163186931051 1.79278798471205 1.9286923611071 1.08928740513511 1.05689482577145 1.44825333636254 1.82275346666574 1.29952820087783 1.63821166218258 1.00863788533024 1.27463988913223 1.90780124440789 1.92275370797142 0 1.31989246373996 0.993811469292268 1.15621127048507 1.4284009844996 1.2197135835886 1.23116611293517 1.4186078235507 0.932823025854304 1.07688241195865 1.36199413263239
1.08651751582511 1.40028110845014 1.38442636537366 1.88141492335126 1.28082645311952 1.83860010001808 1.50883019017056 1.92587712174281 1.71138847968541 1.05411289981566 1.89015953498892 1.67438096436672 1.76480112364516 1.6849247450009 1.36184638249688 1.77304172795266 0.950502956984565 1.74705025390722 1.66727108904161 1.31989246373996 0 1.54419910628349 1.52484765509143 1.38577651046216 1.86188839795068 1.03305353294127 0.98728451016359 1.35320811579004 0.933588789775968 1.58181282761507
1.67588121723384 1.32161858701147 1.79499037587084 1.26901109074242 1.88251757132821 1.06237170705572 1.37155086291023 1.63203618419357 1.0223714497406 1.78880118625239 1.70776875363663 1.51360923866741 1.02002741815522 1.55669340188615 1.13902530889027 1.92956125945784 1.46506568323821 1.71914534782991 1.08036184869707 0.993811469292268 1.54419910628349 0 1.4660601594951 1.37024570931681 1.47190779307857 1.87899094866589 1.64702762733214 1.75862221047282 1.47828241973184 1.10702116671018
1.57444316637702 1.41215245542116 1.92735577234998 1.33499403321184 1.60501733189449 1.09796691779047 1.63399822032079 1.77043684548698 1.52935065841302 1.39063059585169 0.991133693605661 1.11683525890112 1.42009227629751 1.64988497761078 1.4349123314023 1.14426776370965 1.4044715561904 1.30555621907115 1.06833701184951 1.15621127048507 1.52484765509143 1.4660601594951 0 1.16686733392999 1.5662563086953 1.61300620646216 1.11203964962624 1.32327439915389 1.23404045403004 1.66135971643962
1.56219615926966 1.91751325363293 1.91489244252443 1.5684662614949 1.80955908657052 1.86267926450819 0.951422604266554 1.90617572399788 1.49837195174769 1.71559192915447 1.25215049413964 1.34079207642935 1.90329811046831 1.42055720230564 1.52763376291841 1.67745426949114 1.22180779697374 1.77260083309375 1.84432685794309 1.4284009844996 1.38577651046216 1.37024570931681 1.16686733392999 0 1.36679703276604 1.18121387646534 1.55897680716589 1.56643651914783 1.62383814202622 1.89757696376182
1.89624663931318 1.67271481920034 1.8062455849722 1.89372277935036 1.91712446161546 1.8692287565209 1.2494755173102 1.81360268662684 1.88110460247844 1.45131416385993 1.06060679908842 1.74594692280516 1.13618738367222 1.2009395333007 1.57223334582523 1.51933083008043 1.71074878564104 1.66774484049529 1.39647037559189 1.2197135835886 1.86188839795068 1.47190779307857 1.5662563086953 1.36679703276604 0 1.71420894982293 1.8763349938672 1.76485330425203 1.71523226168938 1.07676504412666
1.84718374861404 1.44132877513766 1.49678224371746 1.19099984830245 1.80611722217873 1.43094059079885 1.79038643836975 1.16671175719239 1.7232519518584 1.69823685288429 1.13874253234826 1.64785918081179 1.25310763344169 1.47345604770817 1.69348102854565 1.81446149689145 1.50425261841156 1.31902599195018 1.02080012159422 1.23116611293517 1.03305353294127 1.87899094866589 1.61300620646216 1.18121387646534 1.71420894982293 0 1.55979740060866 1.92975173704326 1.17790887574665 1.69046420697123
1.15926801669411 1.82364096585661 1.79788288776763 1.52276050741784 1.6385766568128 1.78465722920373 1.80796602671035 1.92135997652076 1.54532544268295 1.39301527477801 1.51713070087135 1.73633900354616 1.18176526273601 1.00890921754763 1.05530016776174 1.07211779011413 1.1871010074392 0.93794780713506 1.14374599209987 1.4186078235507 0.98728451016359 1.64702762733214 1.11203964962624 1.55897680716589 1.8763349938672 1.55979740060866 0 1.05897083855234 1.5532342819497 1.82066607777961
1.22293338947929 1.74018858466297 1.04591986048035 1.86136023607105 1.7343637845479 1.78280385397375 1.65048985020258 1.04702712525614 1.57728496193886 1.20929355290718 1.49158300203271 1.62301209289581 1.15594875859097 1.21899474132806 1.87045569508336 1.20009016850963 1.20495218341239 1.21613820153289 1.92410655273125 0.932823025854304 1.35320811579004 1.75862221047282 1.32327439915389 1.56643651914783 1.76485330425203 1.92975173704326 1.05897083855234 0 0.937676845584065 1.28587892837822
1.53987037623301 1.52223800122738 1.49081236030906 1.59175477642566 1.45388889010064 1.01495232968591 1.31214049924165 1.57678198814392 1.08559589483775 1.40268736169674 1.72601306508295 1.12817888986319 1.40480085695162 1.84039531694725 1.41833098302595 1.2696505584754 1.18832327006385 1.93070425488986 1.36913274554536 1.07688241195865 0.933588789775968 1.47828241973184 1.23404045403004 1.62383814202622 1.71523226168938 1.17790887574665 1.5532342819497 0.937676845584065 0 1.73795459023677
1.25265986262821 1.50765324383974 1.49907496757805 1.01017691171728 1.91360855731182 1.85454950737767 0.970471758395433 1.53841376770288 1.6832081337925 1.32934749405831 1.21496055787429 1.57806667080149 1.35759552614763 1.10606726445258 1.25258171837777 1.89523086743429 1.40954863443039 1.38316509407014 1.11491578747518 1.36199413263239 1.58181282761507 1.10702116671018 1.66135971643962 1.89757696376182 1.07676504412666 1.69046420697123 1.82066607777961 1.28587892837822 1.73795459023677 0
