0 1.717444117181 0.990245256805792 1.03699042066 1.80410755774938 1.01127061247826 1.33171168458648 1.46645997045562 1.059283495415 1.8496389053762 0.948875179281458 1.72638198919594 1.49782966240309 1.66807612543926 1.52622954314575 1.84129970311187 1.62914209044538 1.90869486751035 1.21967896772549 1.62897198158316 1.91294013010338 1.20440303906798 1.62933427654207 1.03240361087956 1.00447698542848 1.33603950613178 1.55282921902835 1.35007596877404 1.11657052510418 1.39956864505075
1.717444117181 0 1.14679413032718 1.04716523853131 1.61293660150841 1.142657186836 1.4939151732251 1.82905339752324 1.43471993133426 1.15939372894354 1.22353077959269 1.74294893676415 1.06965805217624 1.08432897715829 1.79245150042698 1.62012567510828 1.53023870382458 1.7177436936181 1.58514857618138 1.55480065220036 1.22258627717383 1.08944190340117 1.87848472432233 1.54756735707633 0.93243306176737 1.2781068936456 1.87565433862619 1.7145072480198 1.72613249602728 1.22601801087148
0.990245256805792 1.14679413032718 0 1.1623282621149 1.73803189303726 0.93399830465205 1.75336058996618 1.56556067126803 1.62616949505173 1.29646123643033 1.65021628676914 1.89520949916914 1.87684900476597 1.23107888665982 1.44077311758883 1.28722110274248 1.59400822478347 1.1427727593109 1.02679638238624 1.81027340283617 1.74931877898052 1.66673398343846 1.32368784793653 1.28282807208598 1.5154075352475 1.83422990143299 1.19547906983644 1.2744761146605 1.32417028490454 1.77581729460508
1.03699042066 1.04716523853131 1.1623282621149 0 1.58366420539096 1.24378929287195 1.80070134764537 1.88569582020864 1.06857898854651 1.8929308776278 1.16455068206415 1.03329180600122 1.46529532503337 1.7849087966606 1.0942704025656 1.73345348099247 1.55054682167247 0.966834056191146 1.84719984536059 1.30556345451623 1.11581994313747 1.06310526747257 1.1519549950026 1.56493254355155 1.30147655657493 1.40613882546313 1.75741028250195 1.01138935261406 1.11130032781512 1.35116192768328
1.80410755774938 1.61293660150841 1.73803189303726 1.58366420539096 0 1.42727030580863 1.03223762474954 1.31510203774087 1.0629477982875 1.25166807859205 1.90514592221007 1.5135370772332 1.54433902958408 1.07872396148741 1.31891626678407 1.91542667825706 1.35114998719655 1.17147166258655 1.87687670439482 0.998285607201979 1.40182014810853 1.24243562389165 1.44976805523038 1.57261865027249 1.60597139690071 1.01324720145203 1.81726845144294 1.24184932629578 1.68203899846412 1.66201195959002
1.01127061247826 1.142657186836 0.93399830465205 1.24378929287195 1.42727030580863 0 1.61202292516828 1.59620404895395 1.67874113516882 1.0991527447477 1.65764108370058 1.69898460037075 1.71059383638203 1.59676827630028 1.30731353233568 1.65217893361114 0.965493674390018 1.40521589363925 1.91128520504571 1.76088420720771 0.96368460310623 1.32731885206886 1.85576616600156 1.1922881542705 1.65934800053947 1.14743249374442 1.39782423968427 1.84109920472838 1.16667552269064 1.20748860342428
1.33171168458648 1.4939151732251 1.75336058996618 1.80070134764537 1.03223762474954 1.61202292516828 0 1.14458594541065 1.79453369067051 1.31992131960578 1.26040899567306 1.72748960158788 1.54959384980612 1.1799612287432 1.0671936434228 1.45077115832828 1.41828341665678 1.10336536797695 1.73208624124527 1.21392772998661 1.63358616619371 1.27741139056161 1.78416366665624 1.62950173974968 0.983691771514714 1.84882446099073 0.934801745228469 1.67810842650943 1.03680879971944 1.52678818092681
1.46645997045562 1.82905339752324 1.56556067126803 1.88569582020864 1.31510203774087 1.59620404895395 1.14458594541065 0 1.00919122598134 1.57804853236303 1.90693074045703 1.28806671220809 1.04785607592203 1.03378282114863 0.94023158820346 1.18153235781938 1.37757204729132 1.5872127560433 1.19711124803871 1.58392200991511 1.63041175552644 1.17120035621338 0.965192929841578 1.1664408063516 1.22463417542167 1.78411212610081 1.49353659478948 0.987177784787491 0.982623589225113 1.34700895426795
1.059283495415 1.43471993133426 1.62616949505173 1.06857898854651 1.0629477982875 1.67874113516882 1.79453369067051 1.00919122598134 0 1.61458474607207 1.34623178094625 1.34690138907172 1.26673280331306 1.31867560278624 1.01345822284929 0.983648648718372 1.27269234508276 1.81365991919301 1.31404961971566 1.36473314510658 1.16704360744916 1.8361805730965 1.15274521126412 1.76850171503611 1.75094279227778 1.54608239862137 1.39025814388879 1.36112565384246 1.79856306337751 1.88057619193569
1.8496389053762 1.15939372894354 1.29646123643033 1.8929308776278 1.25166807859205 1.0991527447477 1.31992131960578 1.57804853236303 1.61458474607207 0 1.13841376057826 1.08775007002987 1.37881746608764 1.45688202953897 1.72020810400136 1.89669428905472 1.42641538381577 1.00587047822773 1.74959275498986 1.3863279169891 1.28752711019479 1.66046163369901 1.59996328898706 1.7892924696207 1.74516101274639 1.11967434803955 0.986787655390799 1.55614437325858 1.7091160567943 1.30802111956291
0.948875179281458 1.22353077959269 1.65021628676914 1.16455068206415 1.90514592221007 1.65764108370058 1.26040899567306 1.90693074045703 1.34623178094625 1.13841376057826 0 1.7610327147413 1.29754309961572 1.79984649596736 1.73325458797626 1.66953584644943 1.20091533381492 1.57105784583837 1.89420056552626 1.73994608665816 1.90296371234581 1.20365584036335 1.59646111610346 1.51023164880462 1.78446637443267 1.59107129229233 1.89517616294324 1.4682704154402 1.78756080963649 1.43450650968589
1.72638198919594 1.74294893676415 1.89520949916914 1.03329180600122 1.5135370772332 1.69898460037075 1.72748960158788 1.28806671220809 1.34690138907172 1.08775007002987 1.7610327147413 0 1.2484689031262 1.42472501238808 1.20244207442738 1.42903757910244 1.6799203788396 1.71506690350361 1.76605785498396 1.61075873090886 1.3259604179766 1.30870286514983 0.989431738387793 1.2552805354353 1.81588352681138 1.68439166923054 1.60815701284446 1.74934845417738 0.998255625134334 1.90703740436584
1.49782966240309 1.06965805217624 1.87684900476597 1.46529532503337 1.54433902958408 1.71059383638203 1.54959384980612 1.04785607592203 1.26673280331306 1.37881746608764 1.29754309961572 1.2484689031262 0 1.05989951477386 1.23972962261178 1.32156433165073 1.10301442071795 1.21726076654159 1.90858852583915 1.08301939303055 1.22811674862169 1.19217863632366 1.49435106129386 1.46156038227491 1.48632875992917 1.56601528008468 1.8259195801802 0.93884416972287 1.36749402410351 1.70238646282814
1.66807612543926 1.08432897715829 1.23107888665982 1.7849087966606 1.07872396148741 1.59676827630028 1.1799612287432 1.03378282114863 1.31867560278624 1.45688202953897 1.79984649596736 1.42472501238808 1.05989951477386 0 1.77040007011965 1.16241746186279 1.56970061804168 1.76584653696045 1.83995635341853 1.90344836958684 1.67990112281404 1.11904246173799 1.05763449217193 1.69716750900261 1.32086634030566 0.998319840524346 1.60496459389105 1.88491469412111 0.976186923217028 1.63125371513888
1.52622954314575 1.79245150042698 1.44077311758883 1.0942704025656 1.31891626678407 1.30731353233568 1.0671936434228 0.94023158820346 1.01345822284929 1.72020810400136 1.73325458797626 1.20244207442738 1.23972962261178 1.77040007011965 0 1.65498829982243 1.78813022235408 1.75372885563411 1.62378574814647 1.10916643380187 1.31800778768957 1.6296598338522 1.33675045589916 1.63959539565258 1.03571920981631 1.17108805384487 1.91573846363463 1.33297678339295 1.09124314598739 1.39893431193195
1.84129970311187 1.62012567510828 1.28722110274248 1.73345348099247 1.91542667825706 1.65217893361114 1.45077115832828 1.18153235781938 0.983648648718372 1.89669428905472 1.66953584644943 1.42903757910244 1.32156433165073 1.16241746186279 1.65498829982243 0 1.19293701276183 1.75771006126888 1.85063139628619 0.981373971328139 1.28688130574301 1.04893440776505 1.52004883135669 1.3492563907057 1.00216835481115 1.67083129566163 0.945180474082008 1.36538399150595 1.43176000216044 0.954922638833523
1.62914209044538 1.53023870382458 1.59400822478347 1.55054682167247 1.35114998719655 0.965493674390018 1.41828341665678 1.37757204729132 1.27269234508276 1.42641538381577 1.20091533381492 1.6799203788396 1.10301442071795 1.56970061804168 1.78813022235408 1.19293701276183 0 1.70603196648881 1.37385869468562 1.16106817102991 1.50138535909355 1.48424969450571 1.45181049848907 0.993551482213661 1.79105286952108 1.87946034409106 1.72652791207656 0.975628951564431 1.34618857549503 1.27148815291002
1.90869486751035 1.7177436936181 1.1427727593109 0.966834056191146 1.17147166258655 1.40521589363925 1.10336536797695 1.5872127560433 1.81365991919301 1.00587047822773 1.57105784583837 1.71506690350361 1.21726076654159 1.76584653696045 1.75372885563411 1.75771006126888 1.70603196648881 0 1.59119331510738 1.83654039818794 1.65191135555506 0.993677822640166 1.50544299627654 0.952105659293011 1.02625880413689 1.88135700067505 1.64703990169801 1.22234051581472 1.92621095478535 1.85537197301164
1.21967896772549 1.58514857618138 1.02679638238624 1.84719984536059 1.87687670439482 1.91128520504571 1.73208624124527 1.19711124803871 1.31404961971566 1.74959275498986 1.89420056552626 1.76605785498396 1.90858852583915 1.83995635341853 1.62378574814647 1.85063139628619 1.37385869468562 1.59119331510738 0 1.36891000531614 1.70086694904603 1.38497846992686 0.933625248959288 1.20549248391762 0.952526147011667 1.9031436201185 1.06582938716747 1.42789408564568 1.14769977843389 1.58189597935416
1.62897198158316 1.55480065220036 1.81027340283617 1.30556345451623 0.998285607201979 1.76088420720771 1.21392772998661 1.58392200991511 1.36473314510658 1.3863279169891 1.73994608665816 1.61075873090886 1.08301939303055 1.90344836958684 1.10916643380187 0.981373971328139 1.16106817102991 1.83654039818794 1.36891000531614 0 1.3412472223863 1.05428708367981 1.53218783438206 1.75492987851612 1.28808361571282 1.45953123341314 1.85395297687501 1.63221007352695 1.72553043602966 1.89680380374193
1.91294013010338 1.22258627717383 1.74931877898052 1.11581994313747 1.40182014810853 0.96368460310623 1.63358616619371 1.63041175552644 1.16704360744916 1.28752711019479 1.90296371234581 1.3259604179766 1.22811674862169 1.67990112281404 1.31800778768957 1.28688130574301 1.50138535909355 1.65191135555506 1.70086694904603 1.3412472223863 0 1.23773899138905 1.04677845234983 1.9093730894383 1.43838870106265 1.08182731317356 1.09901423659176 1.32933235168457 1.62827673251741 1.08389097428881
1.20440303906798 1.08944190340117 1.66673398343846 1.06310526747257 1.24243562389165 1.32731885206886 1.27741139056161 1.17120035621338 1.8361805730965 1.66046163369901 1.20365584036335 1.30870286514983 1.19217863632366 1.11904246173799 1.6296598338522 1.04893440776505 1.48424969450571 0.993677822640166 1.38497846992686 1.05428708367981 1.23773899138905 0 1.0523163236212 1.57206288957968 1.40697286697105 1.50468291039579 1.00083508435637 1.3850937045645 1.87669524969533 1.23303346568719
1.62933427654207 1.87848472432233 1.32368784793653 1.1519549950026 1.44976805523038 1.85576616600156 1.78416366665624 0.965192929841578 1.15274521126412 1.59996328898706 1.59646111610346 0.989431738387793 1.49435106129386 1.05763449217193 1.33675045589916 1.52004883135669 1.45181049848907 1.50544299627654 0.933625248959288 1.53218783438206 1.04677845234983 1.0523163236212 0 1.27865413227119 1.42708891769871 1.68317462410778 1.48587785474956 1.23144094203599 1.06834400794469 1.30240013636649
1.03240361087956 1.54756735707633 1.28282807208598 1.56493254355155 1.57261865027249 1.1922881542705 1.62950173974968 1.1664408063516 1.76850171503611 1.7892924696207 1.51023164880462 1.2552805354353 1.46156038227491 1.69716750900261 1.63959539565258 1.3492563907057 0.993551482213661 0.952105659293011 1.20549248391762 1.75492987851612 1.9093730894383 1.57206288957968 1.27865413227119 0 1.41115365340374 0.929251341382042 1.38256951188669 1.74672708683647 1.27755413553677 1.33872371469624
1.00447698542848 0.93243306176737 1.5154075352475 1.30147655657493 1.60597139690071 1.65934800053947 0.983691771514714 1.22463417542167 1.75094279227778 1.74516101274639 1.78446637443267 1.81588352681138 1.48632875992917 1.32086634030566 1.03571920981631 1.00216835481115 1.79105286952108 1.02625880413689 0.952526147011667 1.28808361571282 1.43838870106265 1.40697286697105 1.42708891769871 1.41115365340374 0 1.23817464872263 1.40783765399829 1.33179878327064 1.19722942425869 1.02163561945781
1.33603950613178 1.2781068936456 1.83422990143299 1.40613882546313 1.01324720145203 1.14743249374442 1.84882446099073 1.78411212610081 1.54608239862137 1.11967434803955 1.59107129229233 1.68439166923054 1.56601528008468 0.998319840524346 1.17108805384487 1.67083129566163 1.87946034409106 1.88135700067505 1.9031436201185 1.45953123341314 1.08182731317356 1.50468291039579 1.68317462410778 0.929251341382042 1.23817464872263 0 1.79972871486098 1.24667219235562 1.70707492763177 1.50053007877432
1.55282921902835 1.87565433862619 1.19547906983644 1.75741028250195 1.81726845144294 1.39782423968427 0.934801745228469 1.49353659478948 1.39025814388879 0.986787655390799 1.89517616294324 1.60815701284446 1.8259195801802 1.60496459389105 1.91573846363463 0.945180474082008 1.72652791207656 1.64703990169801 1.06582938716747 1.85395297687501 1.09901423659176 1.00083508435637 1.48587785474956 1.38256951188669 1.40783765399829 1.79972871486098 0 1.78374104085378 1.51096415449865 1.71591808414087
1.35007596877404 1.7145072480198 1.2744761146605 1.01138935261406 1.24184932629578 1.84109920472838 1.67810842650943 0.987177784787491 1.36112565384246 1.55614437325858 1.4682704154402 1.74934845417738 0.93884416972287 1.88491469412111 1.33297678339295 1.36538399150595 0.975628951564431 1.22234051581472 1.42789408564568 1.63221007352695 1.32933235168457 1.3850937045645 1.23144094203599 1.74672708683647 1.33179878327064 1.24667219235562 1.78374104085378 0 1.9013659521006 1.57368591194972
1.11657052510418 1.72613249602728 1.32417028490454 1.11130032781512 1.68203899846412 1.16667552269064 1.03680879971944 0.982623589225113 1.79856306337751 1.7091160567943 1.78756080963649 0.998255625134334 1.36749402410351 0.976186923217028 1.09124314598739 1.43176000216044 1.34618857549503 1.92621095478535 1.14769977843389 1.72553043602966 1.62827673251741 1.87669524969533 1.06834400794469 1.27755413553677 1.19722942425869 1.70707492763177 1.51096415449865 1.9013659521006 0 1.84565880429
1.39956864505075 1.22601801087148 1.77581729460508 1.35116192768328 1.66201195959002 1.20748860342428 1.52678818092681 1.34700895426795 1.88057619193569 1.30802111956291 1.43450650968589 1.90703740436584 1.70238646282814 1.63125371513888 1.39893431193195 0.954922638833523 1.27148815291002 1.85537197301164 1.58189597935416 1.89680380374193 1.08389097428881 1.23303346568719 1.30240013636649 1.33872371469624 1.02163561945781 1.50053007877432 1.71591808414087 1.57368591194972 1.84565880429 0
