0 1.33906806563027 1.25528450426646 1.30944027937949 1.41339027206413 1.6112050472293 1.53628421761096 1.4223160953261 1.18933362187818 1.74347958201542 1.86551880929619 1.62694105599076 1.51999849802814 1.19020723178983 1.16212997422554 1.2903723528143 1.16423373436555 1.1069723200053 1.24048057827167 1.14345685020089 1.39413977833465 1.64540421473794 1.86834814446047 1.94968690909445 1.15767742344178 1.54024005657993 1.93182173976675 1.11463466775604 1.03044227557257 1.65490486240014
1.33906806563027 0 1.06335547659546 1.09813239728101 1.21458582999185 1.89194722450338 1.93079868075438 1.97723814519122 1.42906888551079 1.80208268691786 1.33399191033095 1.25188103457913 1.31514195911586 1.57562261074781 1.63280081236735 1.54827595571987 1.6109730580356 1.19505006656982 1.72772202012129 1.02997363684699 1.60018175584264 1.33755303104408 1.2534349609632 1.38225671206601 1.04399737273343 1.20285162189975 0.987907898146659 1.85873026563786 1.431783283595 1.39779497915879
1.25528450426646 1.06335547659546 0 1.32326562167145 1.40440860576928 1.45926576456986 1.0091893421486 1.59980714484118 1.04055045172572 1.20985453831963 1.31667623459361 1.82179388171062 1.92955567664467 1.15974893863313 1.06566643947735 1.77617947850376 1.84321599500254 1.01771054323763 1.38992754276842 1.55783405620605 1.62865392374806 1.34438551939093 1.43419493339024 1.20492119342089 1.22053054370917 1.41350579867139 1.89007432362996 1.73887672787532 1.14514884282835 1.97284865821712
1.30944027937949 1.09813239728101 1.32326562167145 0 1.95243856986053 1.13105745171197 1.2565685424488 1.14866630546749 1.39799740002491 1.12242141994648 1.4430636856705 1.83368925680406 1.93655870854855 1.39189755241387 1.04173692595214 1.85801854566671 1.09557837503962 1.4599867942743 1.61362692993134 1.27645766292699 1.41836386965588 1.9557461172808 1.36109445197508 1.93601933633909 1.60637160227634 1.77269589924254 1.47352530108765 1.90372690767981 1.57423652359284 1.67473650258034
1.41339027206413 1.21458582999185 1.40440860576928 1.95243856986053 0 1.73685586987995 1.54803226445802 1.91752341319807 1.65915948525071 1.32556823408231 1.12803332041949 1.54623314505443 1.53435964556411 1.51879140781239 1.64727320708334 1.79978406289592 1.30369073292241 1.23523645009845 1.27156333485618 1.24750630394556 1.46843099407852 1.23991158115678 1.08292893250473 1.11148116597906 1.54732128884643 1.61576864356175 1.73346062190831 1.07005504774861 1.49111668230034 1.68806271674111
1.6112050472293 1.89194722450338 1.45926576456986 1.13105745171197 1.73685586987995 0 1.03426596848294 1.72230015392415 1.91419200669043 1.13130860798992 1.55134245124646 1.43806889420375 1.34714205074124 1.22922035679221 1.13068483048119 1.26818556757644 1.00274272612296 1.56789862946607 1.9658754132688 1.44502252433449 1.18510314892046 1.57460880302824 1.41405643359758 1.60664173681289 1.0812337002717 1.57303788070567 1.77971308398992 1.03266176907346 1.94696821575053 1.71444303169847
1.53628421761096 1.93079868075438 1.0091893421486 1.2565685424488 1.54803226445802 1.03426596848294 0 1.69168591080233 1.63023638632149 1.04928015149198 1.608629362192 1.60362330893986 1.3022060834337 1.97516558901407 1.0569576935377 1.16089744796045 1.80619262089022 1.75990778720006 1.66038957075216 1.60093696089461 1.07598270545714 1.0780157011468 1.51391182653606 1.14195407810621 1.34560882323422 1.70352274808101 1.35486011672765 1.96202747267671 1.47174813877791 1.72705977456644
1.4223160953261 1.97723814519122 1.59980714484118 1.14866630546749 1.91752341319807 1.72230015392415 1.69168591080233 0 1.72275832644664 1.1510682660155 1.14123653736897 1.09397859591991 1.47565753338858 1.62427152041346 1.19281827611849 1.45385777717456 1.76015483564697 1.54833654128015 1.17422448168509 1.15914999251254 1.04807543335482 1.73469969350845 1.56204219395295 1.23991122026928 1.13007941655815 1.81740682083182 1.10199449560605 1.64120290614665 1.90087243379094 1.13217987818643
1.18933362187818 1.42906888551079 1.04055045172572 1.39799740002491 1.65915948525071 1.91419200669043 1.63023638632149 1.72275832644664 0 1.55951357306913 1.9331399044022 1.92633957508951 1.25638165394776 1.94393610721454 1.80326426401734 1.87363486504182 1.10332634462975 1.22642141324468 1.34858838934451 1.58187163877301 1.14519494608976 1.32721932954155 1.61431432096288 1.01917263981886 1.23263382236473 1.02415865892544 1.83023600257002 1.36733575700782 1.49312857445329 1.25791550823487
1.74347958201542 1.80208268691786 1.20985453831963 1.12242141994648 1.32556823408231 1.13130860798992 1.04928015149198 1.1510682660155 1.55951357306913 0 1.16737387538888 1.86917961062863 1.47296738438308 1.82918815477751 1.85200241836719 1.39213798753917 1.22210633056238 1.60279532452114 1.95461506559514 1.85464866203256 1.58791973744519 1.81510671507567 1.06386783742346 1.0264586689882 1.22511710878462 1.68288702820428 1.52946988120675 1.50394001509994 1.92953289835714 1.77814096049406
1.86551880929619 1.33399191033095 1.31667623459361 1.4430636856705 1.12803332041949 1.55134245124646 1.608629362192 1.14123653736897 1.9331399044022 1.16737387538888 0 1.9532297491096 1.77584967855364 1.16671474743634 1.40953968116082 1.95065031386912 1.59350871271454 1.89365184376948 1.56837588292547 1.74539830069989 1.90527469944209 1.25474418047816 1.23223136435263 1.20355942402966 1.2719832661096 1.33488122932613 1.64863576041535 1.9232831846457 1.49227126967162 1.7445525561925
1.62694105599076 1.25188103457913 1.82179388171062 1.83368925680406 1.54623314505443 1.43806889420375 1.60362330893986 1.09397859591991 1.92633957508951 1.86917961062863 1.9532297491096 0 1.14372224034742 1.82997819245793 1.77726158034056 1.12062918976881 1.67724976921454 1.50939414114691 1.92985977139324 1.15895608393475 1.60926971095614 1.40675413841382 1.83885660907254 1.33085365104489 1.72854356653988 1.61646123300306 1.82145779696293 1.73010809719563 1.34023051289842 1.84030289459042
1.51999849802814 1.31514195911586 1.92955567664467 1.93655870854855 1.53435964556411 1.34714205074124 1.3022060834337 1.47565753338858 1.25638165394776 1.47296738438308 1.77584967855364 1.14372224034742 0 1.53288156003691 1.07004440599121 1.24887084821239 1.90097301313654 1.09051670669578 1.60953690041788 1.34921709611081 1.78055881219916 1.27149781002663 1.15953670418821 0.99775377730839 1.1426596425008 1.73326595383696 1.68781841523014 1.70070089655928 1.62748626247048 1.98098969110288
1.19020723178983 1.57562261074781 1.15974893863313 1.39189755241387 1.51879140781239 1.22922035679221 1.97516558901407 1.62427152041346 1.94393610721454 1.82918815477751 1.16671474743634 1.82997819245793 1.53288156003691 0 1.97910545091145 1.15486451098695 1.47003552434035 1.59007622580975 1.91065092245117 1.30641196970828 1.21643267013133 1.91047105495818 1.47861830610782 1.3534435427282 1.61496256664395 1.08127849339508 1.41912353015505 1.39697438408621 1.22635313263163 1.09707532590255
1.16212997422554 1.63280081236735 1.06566643947735 1.04173692595214 1.64727320708334 1.13068483048119 1.0569576935377 1.19281827611849 1.80326426401734 1.85200241836719 1.40953968116082 1.77726158034056 1.07004440599121 1.97910545091145 0 1.64726555417292 1.46097500366159 1.73189382092096 1.39829512243159 1.95644906442612 1.06955440575257 1.62848328286782 1.85597052797675 1.72158511029556 1.37807739386335 1.61386822722852 1.00052634137683 1.17974924040027 1.78606331488118 1.90318443183787
1.2903723528143 1.54827595571987 1.77617947850376 1.85801854566671 1.79978406289592 1.26818556757644 1.16089744796045 1.45385777717456 1.87363486504182 1.39213798753917 1.95065031386912 1.12062918976881 1.24887084821239 1.15486451098695 1.64726555417292 0 1.45329410070553 1.71284021972679 1.66592907928862 1.85288653499447 1.87789837527089 1.30415238952264 1.88745614769869 1.87772494880483 1.27142352424562 1.16982969804667 1.89429172826931 1.57893266575411 1.82882657554001 1.48310855147429
1.16423373436555 1.6109730580356 1.84321599500254 1.09557837503962 1.30369073292241 1.00274272612296 1.80619262089022 1.76015483564697 1.10332634462975 1.22210633056238 1.59350871271454 1.67724976921454 1.90097301313654 1.47003552434035 1.46097500366159 1.45329410070553 0 1.76623470149934 1.35436025261879 1.32666129013523 1.55658168531954 1.20782334427349 1.77648941031657 1.30860299430788 1.74465692974627 1.42383629921824 1.97885586484335 1.0909888560418 1.56039440538734 1.26864603278227
1.1069723200053 1.19505006656982 1.01771054323763 1.4599867942743 1.23523645009845 1.56789862946607 1.75990778720006 1.54833654128015 1.22642141324468 1.60279532452114 1.89365184376948 1.50939414114691 1.09051670669578 1.59007622580975 1.73189382092096 1.71284021972679 1.76623470149934 0 1.02219668752514 1.29039931134321 1.13176980032586 1.36433202633634 1.34162541269325 1.09383085346781 1.33926694048569 1.33584079938009 1.64068028330803 1.87205648445524 1.66959905577824 1.42073949240148
1.24048057827167 1.72772202012129 1.38992754276842 1.61362692993134 1.27156333485618 1.9658754132688 1.66038957075216 1.17422448168509 1.34858838934451 1.95461506559514 1.56837588292547 1.92985977139324 1.60953690041788 1.91065092245117 1.39829512243159 1.66592907928862 1.35436025261879 1.02219668752514 0 1.18939441628754 1.79514526552521 1.036642836174 1.57365804142319 1.54186361213215 1.66543287108652 1.65373372565955 1.32341302023269 1.84560649772175 1.31637140759267 1.62127613276243
1.14345685020089 1.02997363684699 1.55783405620605 1.27645766292699 1.24750630394556 1.44502252433449 1.60093696089461 1.15914999251254 1.58187163877301 1.85464866203256 1.74539830069989 1.15895608393475 1.34921709611081 1.30641196970828 1.95644906442612 1.85288653499447 1.32666129013523 1.29039931134321 1.18939441628754 0 1.54089847020805 1.58284980873577 1.17389725032263 1.42934981547296 1.50562271592207 1.3376766864676 1.57146885897964 1.13233214453794 1.14609817089513 1.56634237198159
1.39413977833465 1.60018175584264 1.62865392374806 1.41836386965588 1.46843099407852 1.18510314892046 1.07598270545714 1.04807543335482 1.14519494608976 1.58791973744519 1.90527469944209 1.60926971095614 1.78055881219916 1.21643267013133 1.06955440575257 1.87789837527089 1.55658168531954 1.13176980032586 1.79514526552521 1.54089847020805 0 1.31004954362288 1.52554159797728 1.83746027573943 0.988241891609505 1.87791715934873 1.62041081977077 1.94193103886209 1.37173018464819 1.24655103031546
1.64540421473794 1.33755303104408 1.34438551939093 1.9557461172808 1.23991158115678 1.57460880302824 1.0780157011468 1.73469969350845 1.32721932954155 1.81510671507567 1.25474418047816 1.40675413841382 1.27149781002663 1.91047105495818 1.62848328286782 1.30415238952264 1.20782334427349 1.36433202633634 1.036642836174 1.58284980873577 1.31004954362288 0 1.95668465108611 1.70523040182889 1.56837444915436 1.05235734186135 1.67489134776406 1.42899733642116 1.50065302476287 1.16201578895561
1.86834814446047 1.2534349609632 1.43419493339024 1.36109445197508 1.08292893250473 1.41405643359758 1.51391182653606 1.56204219395295 1.61431432096288 1.06386783742346 1.23223136435263 1.83885660907254 1.15953670418821 1.47861830610782 1.85597052797675 1.88745614769869 1.77648941031657 1.34162541269325 1.57365804142319 1.17389725032263 1.52554159797728 1.95668465108611 0 1.32877217628993 1.65408440073952 1.49298737803474 1.00807725102641 1.86678080516867 1.26564698014408 1.1279087732546
1.94968690909445 1.38225671206601 1.20492119342089 1.93601933633909 1.11148116597906 1.60664173681289 1.14195407810621 1.23991122026928 1.01917263981886 1.0264586689882 1.20355942402966 1.33085365104489 0.99775377730839 1.3534435427282 1.72158511029556 1.87772494880483 1.30860299430788 1.09383085346781 1.54186361213215 1.42934981547296 1.83746027573943 1.70523040182889 1.32877217628993 0 1.91998893022537 1.93895097076893 1.29710392607376 1.15394194889814 1.06784268072806 0.983235913794488
1.15767742344178 1.04399737273343 1.22053054370917 1.60637160227634 1.54732128884643 1.0812337002717 1.34560882323422 1.13007941655815 1.23263382236473 1.22511710878462 1.2719832661096 1.72854356653988 1.1426596425008 1.61496256664395 1.37807739386335 1.27142352424562 1.74465692974627 1.33926694048569 1.66543287108652 1.50562271592207 0.988241891609505 1.56837444915436 1.65408440073952 1.91998893022537 0 1.81976348650642 1.93736259383149 1.54407187388279 1.68725364701822 1.91539441910572
1.54024005657993 1.20285162189975 1.41350579867139 1.77269589924254 1.61576864356175 1.57303788070567 1.70352274808101 1.81740682083182 1.02415865892544 1.68288702820428 1.33488122932613 1.61646123300306 1.73326595383696 1.08127849339508 1.61386822722852 1.16982969804667 1.42383629921824 1.33584079938009 1.65373372565955 1.3376766864676 1.87791715934873 1.05235734186135 1.49298737803474 1.93895097076893 1.81976348650642 0 1.26735615753569 1.93733989587054 1.34633308905177 1.25447363080457
1.93182173976675 0.987907898146659 1.89007432362996 1.47352530108765 1.73346062190831 1.77971308398992 1.35486011672765 1.10199449560605 1.83023600257002 1.52946988120675 1.64863576041535 1.82145779696293 1.68781841523014 1.41912353015505 1.00052634137683 1.89429172826931 1.97885586484335 1.64068028330803 1.32341302023269 1.57146885897964 1.62041081977077 1.67489134776406 1.00807725102641 1.29710392607376 1.93736259383149 1.26735615753569 0 1.26932021975517 1.70395735651255 1.8658906982746
1.11463466775604 1.85873026563786 1.73887672787532 1.90372690767981 1.07005504774861 1.03266176907346 1.96202747267671 1.64120290614665 1.36733575700782 1.50394001509994 1.9232831846457 1.73010809719563 1.70070089655928 1.39697438408621 1.17974924040027 1.57893266575411 1.0909888560418 1.87205648445524 1.84560649772175 1.13233214453794 1.94193103886209 1.42899733642116 1.86678080516867 1.15394194889814 1.54407187388279 1.93733989587054 1.26932021975517 0 0.998845065711066 1.56929529295303
1.03044227557257 1.431783283595 1.14514884282835 1.57423652359284 1.49111668230034 1.94696821575053 1.47174813877791 1.90087243379094 1.49312857445329 1.92953289835714 1.49227126967162 1.34023051289842 1.62748626247048 1.22635313263163 1.78606331488118 1.82882657554001 1.56039440538734 1.66959905577824 1.31637140759267 1.14609817089513 1.37173018464819 1.50065302476287 1.26564698014408 1.06784268072806 1.68725364701822 1.34633308905177 1.70395735651255 0.998845065711066 0 1.64661850896664
1.65490486240014 1.39779497915879 1.97284865821712 1.67473650258034 1.68806271674111 1.71444303169847 1.72705977456644 1.13217987818643 1.25791550823487 1.77814096049406 1.7445525561925 1.84030289459042 1.98098969110288 1.09707532590255 1.90318443183787 1.48310855147429 1.26864603278227 1.42073949240148 1.62127613276243 1.56634237198159 1.24655103031546 1.16201578895561 1.1279087732546 0.983235913794488 1.91539441910572 1.25447363080457 1.8658906982746 1.56929529295303 1.64661850896664 0
