0 1.63173934118822 1.80981496837921 1.14552283030935 1.39124048850499 1.83897208399139 1.51213644491509 0.994166946737096 1.79267276846804 1.04244901752099 1.56837161653675 1.15651635685936 0.917522528907284 0.920319242402911 1.00417362130247 1.39021694101393 1.76558175915852 1.23993113986216 1.82801585458219 1.53773375670426 1.16366920317523 1.61432612570934 1.40158877219073 1.83471144433133 1.70489292941056 1.14576682145707 1.38910414255224 1.49870224180631 0.986384324729443 1.0005416572094
1.63173934118822 0 1.84232480335049 1.79138703085482 1.20102287083864 1.8405919931829 1.11311147571541 1.55122918402776 1.31847242964432 1.54974496271461 1.20346828643233 1.58783413097262 1.72901403019205 1.71060296311043 1.48570678755641 1.43504624301568 1.54537947545759 1.40559035772458 1.83287578937598 1.78432389721274 1.4651838010177 1.42851803638041 1.61206168308854 1.41684269416146 1.19583840388805 0.962220434099436 1.20947281294502 0.95718419412151 1.85349878412671 1.86782645387575
1.80981496837921 1.84232480335049 0 1.08013910474256 1.84153584949672 1.03368365368806 1.11804550536908 1.35450961953029 1.53242425504141 1.62019270821474 1.85935214022174 0.923304607160389 1.44639741117135 1.31382627249695 0.928644130937755 1.70431551127695 1.37448914977722 1.29933444992639 1.62656664010137 1.70560174738057 1.04381452710368 1.55515958671458 1.69593748915941 1.43770431750454 1.65101192542352 1.83836043253541 1.60304838535376 1.71163370646536 1.84977960563265 1.52064294856973
1.14552283030935 1.79138703085482 1.08013910474256 0 1.45522665325552 1.40468369144946 1.3358446797356 1.24679968249984 1.54257987230085 1.79369032988325 1.25447931187227 1.14743429352529 1.53038496663794 1.87876463192515 1.15802182792686 1.04915489116684 1.43459017947316 1.06316558015533 1.00849235616624 1.78858113172464 1.4975971665699 1.90123879374005 1.18986158398911 1.10805348074064 1.20959161431529 1.26787139708176 1.41108182328753 1.12908116774634 1.13926134188659 0.980589479440823
1.39124048850499 1.20102287083864 1.84153584949672 1.45522665325552 0 0.955780503107235 1.42104647937231 1.87988512171432 1.52474039630033 1.46426307945512 1.37278188671917 0.918231242336333 1.39010054059327 1.62790399207734 1.55042598536238 1.84971476066858 1.14138445141725 1.36493211146444 1.13351022056304 1.82191104465164 1.85377478203736 1.24235478229821 1.63343840418383 1.47597570740618 1.77957043540664 1.75358004122972 1.65998493554071 0.970486226957291 1.23777101654559 1.01942700124346
1.83897208399139 1.8405919931829 1.03368365368806 1.40468369144946 0.955780503107235 0 1.36703754612245 0.92753023118712 1.15278233378194 1.18203694163822 1.26502877706662 1.20272337412462 1.53547831554897 0.953328266972676 1.52846282860264 1.59458083799109 1.45539183518849 1.6960304514505 1.76226053782739 1.39285514689982 1.54364010947756 1.86928508570418 1.83870086609386 1.13789329514839 1.66272304207087 1.54188345884904 1.53263445477933 1.4960313749034 1.7059189225547 1.25676886248402
1.51213644491509 1.11311147571541 1.11804550536908 1.3358446797356 1.42104647937231 1.36703754612245 0 1.12483776453882 1.06701287208125 1.7152569340542 1.16517527657561 1.61562684597448 1.03647356107831 1.67024078289978 0.947771542938426 1.61776286526583 1.14573648246005 1.78193862130865 1.25241307751276 1.33681974117644 1.15111031243578 1.04883046494797 1.76970036607236 1.05812982772477 1.5284266450908 1.09183312486857 1.37635828345083 1.53235045727342 1.87344805127941 1.74404326989315
0.994166946737096 1.55122918402776 1.35450961953029 1.24679968249984 1.87988512171432 0.92753023118712 1.12483776453882 0 1.10751389362849 1.10334017290734 1.73814109223895 1.49924782500602 1.81923473626375 1.54158632783219 1.38484441651963 1.40317553048953 1.27186556183733 0.950385930715129 1.18252963083796 1.78815090795979 1.38299216865562 1.65069193579257 1.64624604047276 1.47715647658333 1.04305970738642 1.16049451055005 1.68759850854985 1.22441343939863 1.28328136727214 1.34351854235865
1.79267276846804 1.31847242964432 1.53242425504141 1.54257987230085 1.52474039630033 1.15278233378194 1.06701287208125 1.10751389362849 0 1.65017510321923 1.88025567401201 1.80581775307655 1.153481683461 1.58985171746463 1.69754717405885 1.34919652785175 0.965810891939327 1.39668972487561 1.67688702698797 1.17567119095474 1.81425044080243 1.29943822533824 0.996026867767796 1.46778295794502 1.21719328872859 1.3489559115842 1.25611944380216 1.56870368425734 1.88191329664551 1.6926164503675
1.04244901752099 1.54974496271461 1.62019270821474 1.79369032988325 1.46426307945512 1.18203694163822 1.7152569340542 1.10334017290734 1.65017510321923 0 1.05832152767107 1.10868460219353 1.81382081774063 0.953700096346438 1.32576826307923 1.4560754019767 1.79811855684966 1.70252197887748 1.26523701171391 1.59947353811003 1.46899773273617 1.88591151731089 1.8175007419195 0.974263812648132 1.13400594051927 1.67410010402091 0.961206706939265 1.78193264827132 1.14337071427144 1.5787131797988
1.56837161653675 1.20346828643233 1.85935214022174 1.25447931187227 1.37278188671917 1.26502877706662 1.16517527657561 1.73814109223895 1.88025567401201 1.05832152767107 0 1.72169778053649 1.45608370774426 1.34550161729567 1.08730869600549 1.24692971003242 1.02778007253073 0.983334742020816 1.82610039017163 1.34664067276753 1.41683225682937 1.26380109856836 1.52530779666267 1.56256705918349 1.85846104798838 1.59256909950636 1.27759047970176 1.32492927042767 1.25550682307221 1.36770278215408
1.15651635685936 1.58783413097262 0.923304607160389 1.14743429352529 0.918231242336333 1.20272337412462 1.61562684597448 1.49924782500602 1.80581775307655 1.10868460219353 1.72169778053649 0 1.82334229629487 1.26186981634237 1.29539260268211 1.07571465102956 1.64696134021506 1.1074499450624 1.89017532579601 1.1357649138663 1.78567077964544 1.13219015393406 1.4224817508366 1.14431643323041 1.33169709728099 1.28734090388753 1.43383869808167 1.04699881351553 1.5588555270806 1.69724813918583
0.917522528907284 1.72901403019205 1.44639741117135 1.53038496663794 1.39010054059327 1.53547831554897 1.03647356107831 1.81923473626375 1.153481683461 1.81382081774063 1.45608370774426 1.82334229629487 0 1.67565706023015 1.28921085502952 1.14774804888293 1.26509031583555 0.913412444293499 1.31201214832254 1.41262559266761 0.945402380777523 0.973381870659068 1.24307619826868 1.76106720766984 1.49626682442613 1.158764221007 1.59891708637588 1.77365478058346 1.70320138824172 1.68518681335263
0.920319242402911 1.71060296311043 1.31382627249695 1.87876463192515 1.62790399207734 0.953328266972676 1.67024078289978 1.54158632783219 1.58985171746463 0.953700096346438 1.34550161729567 1.26186981634237 1.67565706023015 0 1.59519391180947 1.60432015289553 1.82750563556328 1.70402038726024 1.44004956027493 1.33889091829769 1.58087108051404 1.80769822048023 1.07657979964279 1.0217561123427 1.73958685202524 1.84795453748666 1.52476636623032 1.69081324222498 1.17640899284743 1.60414910688996
1.00417362130247 1.48570678755641 0.928644130937755 1.15802182792686 1.55042598536238 1.52846282860264 0.947771542938426 1.38484441651963 1.69754717405885 1.32576826307923 1.08730869600549 1.29539260268211 1.28921085502952 1.59519391180947 0 1.05449523753487 1.21987570030615 1.51265390776098 1.59156985930167 1.2769289421849 1.60313987242989 1.73642338975333 1.4480586128775 1.74424481182359 1.74469922948629 1.05081026884727 1.45383042655885 1.14301834022626 1.10478419973515 1.20346334390342
1.39021694101393 1.43504624301568 1.70431551127695 1.04915489116684 1.84971476066858 1.59458083799109 1.61776286526583 1.40317553048953 1.34919652785175 1.4560754019767 1.24692971003242 1.07571465102956 1.14774804888293 1.60432015289553 1.05449523753487 0 0.994259725091979 1.04689366812818 0.988702438538894 1.39823461440392 1.85357510857284 1.74504249170423 0.978294538101181 1.20705587975681 1.02708323160186 1.391652029939 1.79164981748909 1.52724494948052 1.69923449098133 1.63418508809991
1.76558175915852 1.54537947545759 1.37448914977722 1.43459017947316 1.14138445141725 1.45539183518849 1.14573648246005 1.27186556183733 0.965810891939327 1.79811855684966 1.02778007253073 1.64696134021506 1.26509031583555 1.82750563556328 1.21987570030615 0.994259725091979 0 1.21052830223925 1.78272892674431 1.7026791407261 1.75813386822119 1.21173213957809 1.72216349444352 1.81403546943329 1.15063820430078 1.39217932149768 1.07984519307502 1.03053473914042 1.5700717328582 1.57816228433512
1.23993113986216 1.40559035772458 1.29933444992639 1.06316558015533 1.36493211146444 1.6960304514505 1.78193862130865 0.950385930715129 1.39668972487561 1.70252197887748 0.983334742020816 1.1074499450624 0.913412444293499 1.70402038726024 1.51265390776098 1.04689366812818 1.21052830223925 0 1.45245496463031 1.13847809215076 1.02232751948759 1.71612653578632 1.27751726028509 1.19263151055202 0.916958794230595 1.63303726655431 1.49134211800992 1.89227355131879 1.7052675683517 1.27989114937373
1.82801585458219 1.83287578937598 1.62656664010137 1.00849235616624 1.13351022056304 1.76226053782739 1.25241307751276 1.18252963083796 1.67688702698797 1.26523701171391 1.82610039017163 1.89017532579601 1.31201214832254 1.44004956027493 1.59156985930167 0.988702438538894 1.78272892674431 1.45245496463031 0 1.36170854908414 1.35382899316028 0.98290615202859 1.17554473667406 1.82896320195869 1.01582207623869 1.82811693660915 1.45793663151562 1.7568740833085 1.21383871044964 1.83814776688814
1.53773375670426 1.78432389721274 1.70560174738057 1.78858113172464 1.82191104465164 1.39285514689982 1.33681974117644 1.78815090795979 1.17567119095474 1.59947353811003 1.34664067276753 1.1357649138663 1.41262559266761 1.33889091829769 1.2769289421849 1.39823461440392 1.7026791407261 1.13847809215076 1.36170854908414 0 1.21041112882085 1.35250791022554 1.57749758870341 1.83478029025719 0.968239785172045 1.74449296295643 1.08087681699544 1.4852971623186 1.84770184173249 0.931987529620528
1.16366920317523 1.4651838010177 1.04381452710368 1.4975971665699 1.85377478203736 1.54364010947756 1.15111031243578 1.38299216865562 1.81425044080243 1.46899773273617 1.41683225682937 1.78567077964544 0.945402380777523 1.58087108051404 1.60313987242989 1.85357510857284 1.75813386822119 1.02232751948759 1.35382899316028 1.21041112882085 0 0.968572734855115 1.79311743821017 1.75969891971909 1.72743815951981 1.34879959141836 1.23004517913796 0.965528671629727 1.66696840198711 1.83357009734027
1.61432612570934 1.42851803638041 1.55515958671458 1.90123879374005 1.24235478229821 1.86928508570418 1.04883046494797 1.65069193579257 1.29943822533824 1.88591151731089 1.26380109856836 1.13219015393406 0.973381870659068 1.80769822048023 1.73642338975333 1.74504249170423 1.21173213957809 1.71612653578632 0.98290615202859 1.35250791022554 0.968572734855115 0 1.91058856528252 1.13526486326009 1.32729350845329 1.31071052118205 1.48532837349921 1.63303804141469 1.45936942799017 1.3891304100398
1.40158877219073 1.61206168308854 1.69593748915941 1.18986158398911 1.63343840418383 1.83870086609386 1.76970036607236 1.64624604047276 0.996026867767796 1.8175007419195 1.52530779666267 1.4224817508366 1.24307619826868 1.07657979964279 1.4480586128775 0.978294538101181 1.72216349444352 1.27751726028509 1.17554473667406 1.57749758870341 1.79311743821017 1.91058856528252 0 1.62385461735539 1.47083454811946 0.998955657472834 1.41009958088398 0.990421171998605 1.0538641915191 1.17898430977948
1.83471144433133 1.41684269416146 1.43770431750454 1.10805348074064 1.47597570740618 1.13789329514839 1.05812982772477 1.47715647658333 1.46778295794502 0.974263812648132 1.56256705918349 1.14431643323041 1.76106720766984 1.0217561123427 1.74424481182359 1.20705587975681 1.81403546943329 1.19263151055202 1.82896320195869 1.83478029025719 1.75969891971909 1.13526486326009 1.62385461735539 0 1.89562629163265 1.62816872843541 1.2442318664398 1.36169908428565 1.41434290469624 1.43218171223998
1.70489292941056 1.19583840388805 1.65101192542352 1.20959161431529 1.77957043540664 1.66272304207087 1.5284266450908 1.04305970738642 1.21719328872859 1.13400594051927 1.85846104798838 1.33169709728099 1.49626682442613 1.73958685202524 1.74469922948629 1.02708323160186 1.15063820430078 0.916958794230595 1.01582207623869 0.968239785172045 1.72743815951981 1.32729350845329 1.47083454811946 1.89562629163265 0 1.68818132160231 1.63188658747822 1.35803073598072 1.70550926914439 1.01679538283497
1.14576682145707 0.962220434099436 1.83836043253541 1.26787139708176 1.75358004122972 1.54188345884904 1.09183312486857 1.16049451055005 1.3489559115842 1.67410010402091 1.59256909950636 1.28734090388753 1.158764221007 1.84795453748666 1.05081026884727 1.391652029939 1.39217932149768 1.63303726655431 1.82811693660915 1.74449296295643 1.34879959141836 1.31071052118205 0.998955657472834 1.62816872843541 1.68818132160231 0 0.959523167693987 1.16990031325258 1.86350040021352 1.84468181198463
1.38910414255224 1.20947281294502 1.60304838535376 1.41108182328753 1.65998493554071 1.53263445477933 1.37635828345083 1.68759850854985 1.25611944380216 0.961206706939265 1.27759047970176 1.43383869808167 1.59891708637588 1.52476636623032 1.45383042655885 1.79164981748909 1.07984519307502 1.49134211800992 1.45793663151562 1.08087681699544 1.23004517913796 1.48532837349921 1.41009958088398 1.2442318664398 1.63188658747822 0.959523167693987 0 1.65071492339484 1.58135472959839 1.48117959639058
1.49870224180631 0.95718419412151 1.71163370646536 1.12908116774634 0.970486226957291 1.4960313749034 1.53235045727342 1.22441343939863 1.56870368425734 1.78193264827132 1.32492927042767 1.04699881351553 1.77365478058346 1.69081324222498 1.14301834022626 1.52724494948052 1.03053473914042 1.89227355131879 1.7568740833085 1.4852971623186 0.965528671629727 1.63303804141469 0.990421171998605 1.36169908428565 1.35803073598072 1.16990031325258 1.65071492339484 0 1.79290416021831 1.49827315076254
0.986384324729443 1.85349878412671 1.84977960563265 1.13926134188659 1.23777101654559 1.7059189225547 1.87344805127941 1.28328136727214 1.88191329664551 1.14337071427144 1.25550682307221 1.5588555270806 1.70320138824172 1.17640899284743 1.10478419973515 1.69923449098133 1.5700717328582 1.7052675683517 1.21383871044964 1.84770184173249 1.66696840198711 1.45936942799017 1.0538641915191 1.41434290469624 1.70550926914439 1.86350040021352 1.58135472959839 1.79290416021831 0 1.33814108557999
1.0005416572094 1.86782645387575 1.52064294856973 0.980589479440823 1.01942700124346 1.25676886248402 1.74404326989315 1.34351854235865 1.6926164503675 1.5787131797988 1.36770278215408 1.69724813918583 1.68518681335263 1.60414910688996 1.20346334390342 1.63418508809991 1.57816228433512 1.27989114937373 1.83814776688814 0.931987529620528 1.83357009734027 1.3891304100398 1.17898430977948 1.43218171223998 1.01679538283497 1.84468181198463 1.48117959639058 1.49827315076254 1.33814108557999 0
