0 1.07771175052039 1.80430019390769 1.59310870431364 1.25055412505753 1.44038758520037 1.21236675302498 1.5335198265966 1.62400461756624 1.92322863265872 1.84349256358109 1.71642474271357 1.49479332729243 1.31356037128717 1.50104521564208 1.58623629831709 1.06973325926811 0.986095138359815 1.74092598259449 1.26562172570266 1.4115217924118 1.83196422667243 1.23079584632069 1.59900602605194 1.53481213608757 1.00654183933511 1.24310632329434 1.51865796674974 1.17514955974184 1.0331404930912
1.07771175052039 0 1.4345249494072 1.8423004609067 0.988486733054742 1.04131982475519 1.67370877112262 1.41474615223706 1.38211363949813 1.7858928788919 1.21133431210183 1.21045988518745 1.87878209445626 1.72859566682018 1.37444473151118 1.68156602606177 1.65637083188631 1.0020545264706 1.59640080085956 1.13593257940374 1.82799092913046 1.81382388900965 1.46930118277669 1.7192397734616 1.51701250276528 1.47266378486529 1.39545493829064 1.88340258179232 1.81019017635845 1.51310897339135
1.80430019390769 1.4345249494072 0 1.53862052154727 1.58888702024706 1.92816428374499 1.67154971067794 1.78574714506976 1.12710373499431 1.25037931813858 1.85337412264198 0.947079663164914 1.70413189288229 1.42062197159976 1.72150635742582 1.06727719237097 1.66814537835307 1.20855534472503 1.63648674241267 1.43661934835836 1.90927065606229 1.55256471945904 1.18685618904419 1.40783212310635 1.6111824028194 0.986686237389222 1.73397504910827 0.993874862557277 1.34870758396573 1.7536098593846
1.59310870431364 1.8423004609067 1.53862052154727 0 1.39066353999078 1.18891190481372 0.951212612446398 1.69757278449833 1.30828626011498 1.68244523718022 0.995627908268943 1.24193802545778 1.59352105855942 1.8928936549928 1.81621480942704 1.50103136780672 1.01109557668678 1.24121604650281 1.52036552433856 1.14092634338886 1.04724746989086 1.2875802940689 1.7364927821327 1.82422964158468 1.53275067149661 1.09866278385743 1.79290318628773 1.01164224790409 1.42356762103736 1.82868871139362
1.25055412505753 0.988486733054742 1.58888702024706 1.39066353999078 0 1.73149257036857 1.84328798553906 1.76856682961807 1.48930764012039 1.08440834609792 1.57476858305745 1.54371404414997 1.93203525221907 1.87984164175577 1.35179747617804 0.998574199154973 1.46562204300426 1.06481509772129 1.30031744227745 1.66186678712256 0.974965150468051 1.88411714951508 1.89745054021478 1.14381124102511 1.6517057644669 1.64308740175329 1.72950969566591 1.45560853229836 1.25747711001895 0.988607078325003
1.44038758520037 1.04131982475519 1.92816428374499 1.18891190481372 1.73149257036857 0 1.88872893806547 1.87712065386586 0.948107864707708 1.73378956108354 1.90864862781018 1.39486310398206 0.957398465368897 1.57796127093025 1.23121494334191 1.66474877926521 1.23793597356416 1.25345163978636 1.82357039814815 1.58221437898465 0.982035548659042 1.17415774101391 1.1239874814637 1.65968584851362 0.961800696328282 1.18517861049622 1.16127350577153 1.42527292738669 1.04215610050596 1.89421639987268
1.21236675302498 1.67370877112262 1.67154971067794 0.951212612446398 1.84328798553906 1.88872893806547 0 1.4826305618044 1.72154855937697 0.992422487353906 1.8535575682763 1.16214865073562 1.25749793811701 0.941681042546406 1.3087944611907 1.47343578119762 1.58795314887539 1.9377237057779 1.20742664136924 1.02223479840904 1.3907138844952 1.11825025617145 1.75291402544826 1.84703573398292 0.970396411139518 1.0667505627498 1.78299939841963 1.48449608916417 1.4746753773652 1.56135517242365
1.5335198265966 1.41474615223706 1.78574714506976 1.69757278449833 1.76856682961807 1.87712065386586 1.4826305618044 0 1.88100906694308 1.41945559368469 1.60263262991793 1.60169177642092 1.59612481785007 1.15319214761257 1.48113276367076 1.0894257852342 1.0567120234482 1.57746362453327 1.11820529773831 1.5264043060597 1.29182535060681 1.14772402588278 1.13982852036133 1.32685355003923 1.26427557761781 1.1108841819223 1.59396221558563 1.75853880122304 1.47867781925015 1.35522428108379
1.62400461756624 1.38211363949813 1.12710373499431 1.30828626011498 1.48930764012039 0.948107864707708 1.72154855937697 1.88100906694308 0 1.49969069380313 1.90437429049052 1.87884975410998 1.81499176518992 1.13352401345037 1.31059756013565 1.91491092788056 1.08122781873681 1.3418926440645 1.45517644518986 1.58744649845175 1.6988345393911 1.40835083951242 1.13661832991056 1.37942568189465 1.6787077835761 1.21693988260813 1.52335819764994 1.26904867542908 1.48340270714834 1.46215100679547
1.92322863265872 1.7858928788919 1.25037931813858 1.68244523718022 1.08440834609792 1.73378956108354 0.992422487353906 1.41945559368469 1.49969069380313 0 0.947034159908071 1.75064818724059 1.28622793941759 1.25874372152612 1.34197411919013 1.05381337506697 1.87599878641777 1.22399626416154 1.40804337267764 1.73714468348771 1.20070013473742 1.22915973188356 1.24874682957307 1.07069053128362 1.70639808918349 1.38536045327783 1.24079885170795 1.84036155929789 1.29750687396154 1.44790862384252
1.84349256358109 1.21133431210183 1.85337412264198 0.995627908268943 1.57476858305745 1.90864862781018 1.8535575682763 1.60263262991793 1.90437429049052 0.947034159908071 0 1.3603284524288 1.37930672988296 1.00993395969272 1.91114468383603 1.05410512769595 1.07914874679409 1.51541561656632 1.69010124378838 1.44583803322166 1.69717935030349 1.89439211203717 1.87051139469258 1.18750437581912 1.10156430932693 1.87219511019066 1.21389443124644 1.20442925859243 1.52095731371082 1.31598596530966
1.71642474271357 1.21045988518745 0.947079663164914 1.24193802545778 1.54371404414997 1.39486310398206 1.16214865073562 1.60169177642092 1.87884975410998 1.75064818724059 1.3603284524288 0 1.24978639394976 1.92203638073988 0.955381290754303 1.32462725928053 1.09048618515953 1.66103641502559 1.51737770065665 1.64852160401642 1.40229937410913 1.52344202739187 0.968274680897593 1.45099380658939 1.33250909880735 1.40658178809099 1.84215437364765 1.39715924533084 1.45946715027094 1.15928569831885
1.49479332729243 1.87878209445626 1.70413189288229 1.59352105855942 1.93203525221907 0.957398465368897 1.25749793811701 1.59612481785007 1.81499176518992 1.28622793941759 1.37930672988296 1.24978639394976 0 1.12903619976714 1.00156726222485 1.0598899256438 1.8408796233125 1.22244618088007 1.49311643815599 1.27408573077992 1.58407025644556 1.46568766841665 1.06889216136187 0.952523411717266 1.40062326029874 1.90716069471091 1.1914042274002 1.85341881611384 0.957817834336311 1.32013113121502
1.31356037128717 1.72859566682018 1.42062197159976 1.8928936549928 1.87984164175577 1.57796127093025 0.941681042546406 1.15319214761257 1.13352401345037 1.25874372152612 1.00993395969272 1.92203638073988 1.12903619976714 0 1.70083576231264 1.65069533581845 1.76445515803061 1.34560556407087 1.59448243840598 1.83141439314932 1.54779804730788 1.42076723277569 1.45477498695254 0.966737104114145 1.48832508968189 1.49148434447125 1.36160147655755 0.96859020111151 1.75020832917653 1.02781079220586
1.50104521564208 1.37444473151118 1.72150635742582 1.81621480942704 1.35179747617804 1.23121494334191 1.3087944611907 1.48113276367076 1.31059756013565 1.34197411919013 1.91114468383603 0.955381290754303 1.00156726222485 1.70083576231264 0 1.72568794991821 1.30697333323769 1.61670380248688 0.944206436863169 1.30163462460041 1.54857994336635 1.09505537012592 1.29037960595451 1.61479196324944 1.76431387872435 1.81109106750228 1.50243190373294 1.58944773557596 1.86522752372548 1.73664475372061
1.58623629831709 1.68156602606177 1.06727719237097 1.50103136780672 0.998574199154973 1.66474877926521 1.47343578119762 1.0894257852342 1.91491092788056 1.05381337506697 1.05410512769595 1.32462725928053 1.0598899256438 1.65069533581845 1.72568794991821 0 0.98530797380954 1.85966528113931 0.951773958746344 1.11052243458107 1.22496059979312 0.939897806849331 1.56363736023195 1.15433033951558 1.12145027751103 0.993023036746308 1.42939522280358 1.55354320886545 1.13653998472728 1.73969195969403
1.06973325926811 1.65637083188631 1.66814537835307 1.01109557668678 1.46562204300426 1.23793597356416 1.58795314887539 1.0567120234482 1.08122781873681 1.87599878641777 1.07914874679409 1.09048618515953 1.8408796233125 1.76445515803061 1.30697333323769 0.98530797380954 0 1.22003377368674 1.13382593262941 1.37661608937196 1.88527912623249 1.06088616140187 1.87524800561368 1.70985915628262 0.971152779180557 1.70534986699931 1.72452052379958 1.51029908657074 1.30770008498803 1.15501561341807
0.986095138359815 1.0020545264706 1.20855534472503 1.24121604650281 1.06481509772129 1.25345163978636 1.9377237057779 1.57746362453327 1.3418926440645 1.22399626416154 1.51541561656632 1.66103641502559 1.22244618088007 1.34560556407087 1.61670380248688 1.85966528113931 1.22003377368674 0 1.82172112562694 1.85238942992873 1.27759732189588 1.89355826028623 0.959640707820654 1.03880645730533 1.2453464739956 1.78477472788654 1.53187142545357 1.22695644269697 1.65071544074453 1.23250405676663
1.74092598259449 1.59640080085956 1.63648674241267 1.52036552433856 1.30031744227745 1.82357039814815 1.20742664136924 1.11820529773831 1.45517644518986 1.40804337267764 1.69010124378838 1.51737770065665 1.49311643815599 1.59448243840598 0.944206436863169 0.951773958746344 1.13382593262941 1.82172112562694 0 1.01293571456335 1.09507423988543 1.7451082537882 1.13816707325168 1.87212677136995 1.62836093059741 1.44642787333578 1.91820830246434 1.24339983449318 1.60877292091027 1.63494527898729
1.26562172570266 1.13593257940374 1.43661934835836 1.14092634338886 1.66186678712256 1.58221437898465 1.02223479840904 1.5264043060597 1.58744649845175 1.73714468348771 1.44583803322166 1.64852160401642 1.27408573077992 1.83141439314932 1.30163462460041 1.11052243458107 1.37661608937196 1.85238942992873 1.01293571456335 0 0.9866058526095 1.19345132610761 1.83295609382913 1.0681231871713 1.32496077637188 1.82882611663081 1.17147230613045 1.65418544271961 1.33608466177247 1.64356418373063
1.4115217924118 1.82799092913046 1.90927065606229 1.04724746989086 0.974965150468051 0.982035548659042 1.3907138844952 1.29182535060681 1.6988345393911 1.20070013473742 1.69717935030349 1.40229937410913 1.58407025644556 1.54779804730788 1.54857994336635 1.22496059979312 1.88527912623249 1.27759732189588 1.09507423988543 0.9866058526095 0 1.8296238949988 1.09665788314305 1.41366382897831 1.05712268827483 1.48223162651993 1.34416679595597 1.28877234715037 1.69682573643513 1.52708908962086
1.83196422667243 1.81382388900965 1.55256471945904 1.2875802940689 1.88411714951508 1.17415774101391 1.11825025617145 1.14772402588278 1.40835083951242 1.22915973188356 1.89439211203717 1.52344202739187 1.46568766841665 1.42076723277569 1.09505537012592 0.939897806849331 1.06088616140187 1.89355826028623 1.7451082537882 1.19345132610761 1.8296238949988 0 1.80111776757985 1.23404624243267 1.84301356971264 1.35970450122841 1.38100725528784 1.04260562360287 1.8431474044919 1.62303424580023
1.23079584632069 1.46930118277669 1.18685618904419 1.7364927821327 1.89745054021478 1.1239874814637 1.75291402544826 1.13982852036133 1.13661832991056 1.24874682957307 1.87051139469258 0.968274680897593 1.06889216136187 1.45477498695254 1.29037960595451 1.56363736023195 1.87524800561368 0.959640707820654 1.13816707325168 1.83295609382913 1.09665788314305 1.80111776757985 0 1.14701738511212 1.2695197169669 1.31690948922187 1.57089199218899 1.43596545653418 1.23203541594557 1.86597874877043
1.59900602605194 1.7192397734616 1.40783212310635 1.82422964158468 1.14381124102511 1.65968584851362 1.84703573398292 1.32685355003923 1.37942568189465 1.07069053128362 1.18750437581912 1.45099380658939 0.952523411717266 0.966737104114145 1.61479196324944 1.15433033951558 1.70985915628262 1.03880645730533 1.87212677136995 1.0681231871713 1.41366382897831 1.23404624243267 1.14701738511212 0 1.36407668120228 1.47962939576246 1.5220806861762 1.03260857611895 1.43087242916226 1.37859397474676
1.53481213608757 1.51701250276528 1.6111824028194 1.53275067149661 1.6517057644669 0.961800696328282 0.970396411139518 1.26427557761781 1.6787077835761 1.70639808918349 1.10156430932693 1.33250909880735 1.40062326029874 1.48832508968189 1.76431387872435 1.12145027751103 0.971152779180557 1.2453464739956 1.62836093059741 1.32496077637188 1.05712268827483 1.84301356971264 1.2695197169669 1.36407668120228 0 1.46949404687621 1.75858766725287 1.26899802521802 1.4413671893999 1.37945644161664
1.00654183933511 1.47266378486529 0.986686237389222 1.09866278385743 1.64308740175329 1.18517861049622 1.0667505627498 1.1108841819223 1.21693988260813 1.38536045327783 1.87219511019066 1.40658178809099 1.90716069471091 1.49148434447125 1.81109106750228 0.993023036746308 1.70534986699931 1.78477472788654 1.44642787333578 1.82882611663081 1.48223162651993 1.35970450122841 1.31690948922187 1.47962939576246 1.46949404687621 0 1.47623776178807 0.993036148836836 1.87398106907494 1.44624039228074
1.24310632329434 1.39545493829064 1.73397504910827 1.79290318628773 1.72950969566591 1.16127350577153 1.78299939841963 1.59396221558563 1.52335819764994 1.24079885170795 1.21389443124644 1.84215437364765 1.1914042274002 1.36160147655755 1.50243190373294 1.42939522280358 1.72452052379958 1.53187142545357 1.91820830246434 1.17147230613045 1.34416679595597 1.38100725528784 1.57089199218899 1.5220806861762 1.75858766725287 1.47623776178807 0 1.08851808239706 1.2961894099135 1.11005740705878
1.51865796674974 1.88340258179232 0.993874862557277 1.01164224790409 1.45560853229836 1.42527292738669 1.48449608916417 1.75853880122304 1.26904867542908 1.84036155929789 1.20442925859243 1.39715924533084 1.85341881611384 0.96859020111151 1.58944773557596 1.55354320886545 1.51029908657074 1.22695644269697 1.24339983449318 1.65418544271961 1.28877234715037 1.04260562360287 1.43596545653418 1.03260857611895 1.26899802521802 0.993036148836836 1.08851808239706 0 1.84092941740528 1.36192379752174
1.17514955974184 1.81019017635845 1.34870758396573 1.42356762103736 1.25747711001895 1.04215610050596 1.4746753773652 1.47867781925015 1.48340270714834 1.29750687396154 1.52095731371082 1.45946715027094 0.957817834336311 1.75020832917653 1.86522752372548 1.13653998472728 1.30770008498803 1.65071544074453 1.60877292091027 1.33608466177247 1.69682573643513 1.8431474044919 1.23203541594557 1.43087242916226 1.4413671893999 1.87398106907494 1.2961894099135 1.84092941740528 0 1.17925310041755
1.0331404930912 1.51310897339135 1.7536098593846 1.82868871139362 0.988607078325003 1.89421639987268 1.56135517242365 1.35522428108379 1.46215100679547 1.44790862384252 1.31598596530966 1.15928569831885 1.32013113121502 1.02781079220586 1.73664475372061 1.73969195969403 1.15501561341807 1.23250405676663 1.63494527898729 1.64356418373063 1.52708908962086 1.62303424580023 1.86597874877043 1.37859397474676 1.37945644161664 1.44624039228074 1.11005740705878 1.36192379752174 1.17925310041755 0
