0 1.01612229901366 1.77584377489984 1.59511675662361 1.4533431744203 1.30247804149985 1.69179743551649 1.5063875420019 1.41247359546833 1.86982453847304 1.28622131212614 1.96360304625705 1.16617860109545 1.68484733789228 1.67883667605929 1.02501388103701 1.76397712761536 1.70993713033386 1.55900201620534 1.18917886051349 1.29145813733339 1.14951579412445 1.67202857066877 0.968912160722539 1.19782122340985 1.74815219338052 1.27608831762336 1.86623577331193 1.52737499563955 1.38385801878758
1.01612229901366 0 1.57579540880397 1.49794807168655 1.6514777825214 1.5755913797766 1.82749460497871 1.94820295134559 1.63537220889702 0.985049851471558 1.96068560378626 1.15057001076639 1.69560503866524 1.24272716813721 1.1293330960907 1.55444685649127 1.94736864138395 1.48061036644503 1.23243757430464 1.08435809449293 1.25713037420064 1.02988543710671 1.04773768899031 1.23606541054323 1.64760378445499 1.5490365982987 1.45343484543264 1.76971139363013 1.79794889781624 1.2735510088969
1.77584377489984 1.57579540880397 0 1.27684048353694 0.988772882614285 1.94414522126317 1.24732118472457 1.86696490878239 1.26666607707739 1.56640047789551 1.53912376775406 1.1993528814055 1.08275254792534 1.9507829840295 1.93898016796447 1.41079893987626 1.49799361010082 1.56404638499953 0.96605872316286 1.30326197692193 1.32006040029228 1.91085215448402 1.83228146820329 0.980023588519543 1.46850488847122 1.29860322340392 1.91472680796869 1.93103534216061 1.43138975021429 1.61932391184382
1.59511675662361 1.49794807168655 1.27684048353694 0 1.85809577163309 1.45558592583984 1.20338245015591 1.50746072595939 1.05887734750286 1.49308826960623 1.32011595088989 1.80909525742754 1.29283605515957 1.44399993261322 1.71888827066869 1.40004595159553 1.39451055414975 1.90455665951595 1.38366953842342 1.07749184896238 1.4674089839682 1.6751149520278 1.84431861480698 1.30320805660449 1.47898919461295 1.46311685373075 1.03306859196164 1.57350655668415 1.20257195201702 1.47881027357653
1.4533431744203 1.6514777825214 0.988772882614285 1.85809577163309 0 1.94021323416382 1.7284978015814 1.01034296164289 1.38985850452445 1.49489346169867 1.55463575245813 1.65152641362511 1.77028045710176 1.39800743851811 1.72108704014681 1.74785773688927 1.81995144556277 1.80797410337254 1.84924247581512 1.22601168951951 1.62979102926329 1.14156739343889 1.02844574884512 1.277093160199 1.93173205666244 1.50199455488473 1.56103552971035 1.91506063938141 1.17581978789531 1.63246498932131
1.30247804149985 1.5755913797766 1.94414522126317 1.45558592583984 1.94021323416382 0 1.35925459372811 1.7312654980924 1.6441792100668 1.48130956268869 1.52214709133841 1.3087635494303 1.60032960958779 1.94334039394744 1.75959045044146 1.12786990054883 1.56424510059878 1.40971489925869 1.47018509614281 1.82885608193465 1.9094933369197 1.64606464933604 1.74177002557553 1.00029635312967 1.02135560754687 1.6133488160558 1.43091687327251 1.06347624748014 1.84192309109494 1.72345189820044
1.69179743551649 1.82749460497871 1.24732118472457 1.20338245015591 1.7284978015814 1.35925459372811 0 1.45367665914819 1.67669184342958 1.47062890673988 1.10735167376697 1.64226716593839 1.24594071833417 1.2985115556512 1.92441723169759 1.11755616613664 1.65769241377711 1.26114030904137 1.89580724877305 1.01118409214541 1.54990443284623 1.42068564752117 1.94909576000646 1.43094244739041 1.2418307645712 1.17691572802141 1.62470370833762 1.24814202147536 1.56615770305507 1.03214636258781
1.5063875420019 1.94820295134559 1.86696490878239 1.50746072595939 1.01034296164289 1.7312654980924 1.45367665914819 0 1.22081936709583 1.07732347678393 1.75269611971453 1.68022122024558 1.78709451365285 0.972649012925103 1.50832819729112 1.64774811686948 1.86893326230347 1.34145563375205 1.18861240055412 1.19880460947752 1.21199708944187 1.87800597283058 1.69816247024573 1.75322929304093 1.03812958160415 1.24901179969311 0.975169009063393 1.32374999648891 1.00105839432217 1.25418649567291
1.41247359546833 1.63537220889702 1.26666607707739 1.05887734750286 1.38985850452445 1.6441792100668 1.67669184342958 1.22081936709583 0 1.34620984084904 1.46757015865296 1.39030071604066 1.52174132876098 1.37874708487652 1.63013729196973 1.25664761988446 1.26026896643452 1.84853467578068 1.4667421837803 0.976191819645464 1.77616503369063 1.15133427432738 0.968274289276451 1.37824581586756 1.50408872915432 1.02541846758686 1.53572209808044 1.55094118323177 0.987651633331552 1.20727961696684
1.86982453847304 0.985049851471558 1.56640047789551 1.49308826960623 1.49489346169867 1.48130956268869 1.47062890673988 1.07732347678393 1.34620984084904 0 0.975635752314702 1.79053997946903 1.04194586141966 1.54208997287787 1.08922358602285 1.05552758136764 1.06379413139075 0.987687747692689 1.60748507198878 1.44385531893931 1.69332418055274 1.10691130580381 1.74524456239305 1.04029762838036 1.16381351556629 1.56763507123105 1.18186239362694 1.76226456766017 1.31338060903363 1.557747596642
1.28622131212614 1.96068560378626 1.53912376775406 1.32011595088989 1.55463575245813 1.52214709133841 1.10735167376697 1.75269611971453 1.46757015865296 0.975635752314702 0 1.87119990121573 1.03174864826724 1.14924411615357 1.01511148409918 1.46298609068617 1.96047510812059 1.1600722365547 1.05220177699812 0.981066824868321 1.58051197999157 1.1333270361647 1.08050384395756 1.80570351565257 1.62623340729624 1.32289331336506 1.11894118390046 1.87900654086843 1.11356496554799 1.83500451454893
1.96360304625705 1.15057001076639 1.1993528814055 1.80909525742754 1.65152641362511 1.3087635494303 1.64226716593839 1.68022122024558 1.39030071604066 1.79053997946903 1.87119990121573 0 1.44817353249528 1.08757748012431 1.77020952175371 1.87844979134388 1.20524281077087 1.24786974303424 1.04133803350851 1.42413849034347 1.38127183332108 1.08191726845689 1.16981565416791 1.82217001984827 1.47723707463592 1.75170911359601 1.90600306354463 1.90209052409045 1.85687628295273 1.28568043303676
1.16617860109545 1.69560503866524 1.08275254792534 1.29283605515957 1.77028045710176 1.60032960958779 1.24594071833417 1.78709451365285 1.52174132876098 1.04194586141966 1.03174864826724 1.44817353249528 0 1.31848751031794 1.71346496860497 1.87274419888854 1.26120505086146 1.81763365562074 1.22288091271184 1.2600283275824 1.16737519344315 1.88997968868352 1.90666416450404 1.76355682197027 1.40804675314575 1.52020575106144 1.64677419303916 1.74335243296809 1.68449698179029 1.57407591724768
1.68484733789228 1.24272716813721 1.9507829840295 1.44399993261322 1.39800743851811 1.94334039394744 1.2985115556512 0.972649012925103 1.37874708487652 1.54208997287787 1.14924411615357 1.08757748012431 1.31848751031794 0 1.3125984177459 1.07009673980065 1.16364566166885 1.60235073813237 1.92251186049543 1.01675991434604 1.69754078378901 1.16367814899422 1.6759853370022 1.70376151567325 1.95721962419339 1.90885190246627 1.15599668049254 1.82938885153271 1.8985394963529 1.29381628078409
1.67883667605929 1.1293330960907 1.93898016796447 1.71888827066869 1.72108704014681 1.75959045044146 1.92441723169759 1.50832819729112 1.63013729196973 1.08922358602285 1.01511148409918 1.77020952175371 1.71346496860497 1.3125984177459 0 1.67237634444609 1.64583669439889 1.26187566714361 1.07591808238067 1.14068300719373 1.75904119177721 1.6858316110447 1.04911352321506 1.9154150839895 1.57966208900325 1.17783441860229 1.35228796768934 1.5438716665376 1.54975452483632 1.70306083443575
1.02501388103701 1.55444685649127 1.41079893987626 1.40004595159553 1.74785773688927 1.12786990054883 1.11755616613664 1.64774811686948 1.25664761988446 1.05552758136764 1.46298609068617 1.87844979134388 1.87274419888854 1.07009673980065 1.67237634444609 0 1.08700913423672 1.83054345357232 1.02328745345585 1.17060899711214 0.973175520077348 1.33034395310096 1.29857948608696 1.91298802103847 1.54589361697435 1.4480715978425 1.48652433417737 1.71141055738553 1.90531347272918 1.95348755130544
1.76397712761536 1.94736864138395 1.49799361010082 1.39451055414975 1.81995144556277 1.56424510059878 1.65769241377711 1.86893326230347 1.26026896643452 1.06379413139075 1.96047510812059 1.20524281077087 1.26120505086146 1.16364566166885 1.64583669439889 1.08700913423672 0 1.06218466069549 1.18197073508054 1.60881896829233 1.89110439876094 1.79595557437278 1.46830437635072 0.967239457648247 1.94716819748282 1.61967455642298 1.60906733875163 1.05988273536786 1.15078446664847 1.21868032636121
1.70993713033386 1.48061036644503 1.56404638499953 1.90455665951595 1.80797410337254 1.40971489925869 1.26114030904137 1.34145563375205 1.84853467578068 0.987687747692689 1.1600722365547 1.24786974303424 1.81763365562074 1.60235073813237 1.26187566714361 1.83054345357232 1.06218466069549 0 1.77775110932998 1.47726178215817 1.20267897844315 1.65063224942423 1.82956486404873 1.6993318265304 1.80429722717963 1.90257225511596 1.06651475280523 1.49943756684661 1.38628939725459 1.88415357749909
1.55900201620534 1.23243757430464 0.96605872316286 1.38366953842342 1.84924247581512 1.47018509614281 1.89580724877305 1.18861240055412 1.4667421837803 1.60748507198878 1.05220177699812 1.04133803350851 1.22288091271184 1.92251186049543 1.07591808238067 1.02328745345585 1.18197073508054 1.77775110932998 0 0.966870050644502 1.23020300525241 1.17694553756155 1.56395081593655 1.58559783757664 1.95373320486397 1.00008727726527 1.4896187831182 1.3097650478594 1.19949562591501 1.34111467585899
1.18917886051349 1.08435809449293 1.30326197692193 1.07749184896238 1.22601168951951 1.82885608193465 1.01118409214541 1.19880460947752 0.976191819645464 1.44385531893931 0.981066824868321 1.42413849034347 1.2600283275824 1.01675991434604 1.14068300719373 1.17060899711214 1.60881896829233 1.47726178215817 0.966870050644502 0 1.32682717731223 1.24351597973146 1.29615241778083 1.75808855914511 1.40240828902461 1.02422967040911 1.76915085315704 1.09735001227818 1.58905088342726 1.33909183461219
1.29145813733339 1.25713037420064 1.32006040029228 1.4674089839682 1.62979102926329 1.9094933369197 1.54990443284623 1.21199708944187 1.77616503369063 1.69332418055274 1.58051197999157 1.38127183332108 1.16737519344315 1.69754078378901 1.75904119177721 0.973175520077348 1.89110439876094 1.20267897844315 1.23020300525241 1.32682717731223 0 1.9575237610843 1.01837640372105 1.34599774563685 1.59633165807463 1.83838673355058 1.82692607142963 1.28796186763793 1.74181811418384 1.70093601080589
1.14951579412445 1.02988543710671 1.91085215448402 1.6751149520278 1.14156739343889 1.64606464933604 1.42068564752117 1.87800597283058 1.15133427432738 1.10691130580381 1.1333270361647 1.08191726845689 1.88997968868352 1.16367814899422 1.6858316110447 1.33034395310096 1.79595557437278 1.65063224942423 1.17694553756155 1.24351597973146 1.9575237610843 0 1.92970260418952 1.7155704756733 1.26705772150308 1.26322190323845 1.78701230720617 1.64932070649229 1.34295755927451 1.84207055112347
1.67202857066877 1.04773768899031 1.83228146820329 1.84431861480698 1.02844574884512 1.74177002557553 1.94909576000646 1.69816247024573 0.968274289276451 1.74524456239305 1.08050384395756 1.16981565416791 1.90666416450404 1.6759853370022 1.04911352321506 1.29857948608696 1.46830437635072 1.82956486404873 1.56395081593655 1.29615241778083 1.01837640372105 1.92970260418952 0 1.80070193624124 1.71066501713358 1.29648470669053 1.51790075493045 1.42141210590489 1.31788189150393 1.71697900723666
0.968912160722539 1.23606541054323 0.980023588519543 1.30320805660449 1.277093160199 1.00029635312967 1.43094244739041 1.75322929304093 1.37824581586756 1.04029762838036 1.80570351565257 1.82217001984827 1.76355682197027 1.70376151567325 1.9154150839895 1.91298802103847 0.967239457648247 1.6993318265304 1.58559783757664 1.75808855914511 1.34599774563685 1.7155704756733 1.80070193624124 0 1.62031211028807 1.76770644425415 1.15708370367065 1.59663157328032 1.4701701242011 1.61810971447267
1.19782122340985 1.64760378445499 1.46850488847122 1.47898919461295 1.93173205666244 1.02135560754687 1.2418307645712 1.03812958160415 1.50408872915432 1.16381351556629 1.62623340729624 1.47723707463592 1.40804675314575 1.95721962419339 1.57966208900325 1.54589361697435 1.94716819748282 1.80429722717963 1.95373320486397 1.40240828902461 1.59633165807463 1.26705772150308 1.71066501713358 1.62031211028807 0 1.90152860875241 1.4410644650925 1.67882202495821 1.01525359740481 1.71949034323916
1.74815219338052 1.5490365982987 1.29860322340392 1.46311685373075 1.50199455488473 1.6133488160558 1.17691572802141 1.24901179969311 1.02541846758686 1.56763507123105 1.32289331336506 1.75170911359601 1.52020575106144 1.90885190246627 1.17783441860229 1.4480715978425 1.61967455642298 1.90257225511596 1.00008727726527 1.02422967040911 1.83838673355058 1.26322190323845 1.29648470669053 1.76770644425415 1.90152860875241 0 1.24295623833314 1.29072485072538 1.27160315355286 1.30527158314362
1.27608831762336 1.45343484543264 1.91472680796869 1.03306859196164 1.56103552971035 1.43091687327251 1.62470370833762 0.975169009063393 1.53572209808044 1.18186239362694 1.11894118390046 1.90600306354463 1.64677419303916 1.15599668049254 1.35228796768934 1.48652433417737 1.60906733875163 1.06651475280523 1.4896187831182 1.76915085315704 1.82692607142963 1.78701230720617 1.51790075493045 1.15708370367065 1.4410644650925 1.24295623833314 0 1.44358921214007 1.66219817544334 1.26184755144641
1.86623577331193 1.76971139363013 1.93103534216061 1.57350655668415 1.91506063938141 1.06347624748014 1.24814202147536 1.32374999648891 1.55094118323177 1.76226456766017 1.87900654086843 1.90209052409045 1.74335243296809 1.82938885153271 1.5438716665376 1.71141055738553 1.05988273536786 1.49943756684661 1.3097650478594 1.09735001227818 1.28796186763793 1.64932070649229 1.42141210590489 1.59663157328032 1.67882202495821 1.29072485072538 1.44358921214007 0 1.76566325617023 1.02846880606376
1.52737499563955 1.79794889781624 1.43138975021429 1.20257195201702 1.17581978789531 1.84192309109494 1.56615770305507 1.00105839432217 0.987651633331552 1.31338060903363 1.11356496554799 1.85687628295273 1.68449698179029 1.8985394963529 1.54975452483632 1.90531347272918 1.15078446664847 1.38628939725459 1.19949562591501 1.58905088342726 1.74181811418384 1.34295755927451 1.31788189150393 1.4701701242011 1.01525359740481 1.27160315355286 1.66219817544334 1.76566325617023 0 1.76897552446462
1.38385801878758 1.2735510088969 1.61932391184382 1.47881027357653 1.63246498932131 1.72345189820044 1.03214636258781 1.25418649567291 1.20727961696684 1.557747596642 1.83500451454893 1.28568043303676 1.57407591724768 1.29381628078409 1.70306083443575 1.95348755130544 1.21868032636121 1.88415357749909 1.34111467585899 1.33909183461219 1.70093601080589 1.84207055112347 1.71697900723666 1.61810971447267 1.71949034323916 1.30527158314362 1.26184755144641 1.02846880606376 1.76897552446462 0
