0 1.66815072996542 1.41230970993638 1.41843018471263 0.913462816737592 1.73734471085481 1.27705830172636 1.34850614960305 1.0675665026065 1.45577550353482 1.48631618125364 1.0848324240651 1.67553084436804 1.48415241553448 1.58472889871337 1.05159213230945 1.32525167311542 1.63395095057786 1.2110517336987 1.88887094054371 1.58189272508025 1.1497071296908 0.916757125174627 1.40584975783713 1.69346518674865 1.10536216967739 1.77777469763532 1.30658731772564 0.99747618008405 1.59083720645867
1.66815072996542 0 1.8013898381032 1.70872094784863 0.932767085498199 1.54728508973494 1.79752386827022 1.63080491311848 1.12392294988967 1.70240145921707 1.23165119788609 1.55731780803762 1.5439529074356 1.36947508435696 1.13895882386714 1.03712944616564 1.34932303917594 1.57438188442029 1.57151597714983 1.7695008625742 1.60199680179358 1.0809272013139 1.12401524093002 1.29980146023445 1.68761899881065 1.61220416356809 0.935037973104045 1.12088195304386 1.18676716950722 1.37510367226787
1.41230970993638 1.8013898381032 0 1.08405957836658 0.986572751775384 1.0115848260466 1.74064551736228 0.967164099682122 1.49539540777914 1.77933216840029 0.954309542896226 1.70252398727462 1.22477877419442 1.43332204199396 1.76015678723343 1.7188938211184 1.84507455769926 1.56866100570187 1.45967855933122 1.42823169799522 1.19529249146581 1.87830363027751 1.40755931357853 1.27041796734557 1.21232510125265 0.941327235195786 1.43509343103506 1.45977874821983 1.63699259725399 1.76311848126352
1.41843018471263 1.70872094784863 1.08405957836658 0 1.34346424718387 1.43510341714136 1.42578055569902 1.68066732794978 1.27627950743772 1.19534300058149 1.70077767339535 1.88086459110491 1.28006236953661 1.7486177997198 1.85933697782457 0.979414217872545 1.10937054827809 1.25735054910183 1.84406354650855 1.56085595628247 0.953330454649404 1.54695973265916 1.45613145921379 1.6291788762901 1.43421131046489 1.18932011676952 1.6481632720679 1.34483366506174 0.921863375231624 1.58803143305704
0.913462816737592 0.932767085498199 0.986572751775384 1.34346424718387 0 1.02472831797786 1.15535072400235 1.05409023119137 1.21518049249426 1.14542712224647 1.63376135146245 1.13726070267148 1.87718667392619 1.88446746347472 0.958729343255982 1.89942191285081 1.27994846762158 1.74252296239138 1.50200590118766 1.78981399070472 1.28527050931007 1.47714054607786 0.947388099506497 1.15140394493937 1.56538487714715 1.83260909863748 1.86339474888518 1.73206176795065 1.87230348563753 1.09828998660669
1.73734471085481 1.54728508973494 1.0115848260466 1.43510341714136 1.02472831797786 0 1.47980312886648 1.51623159996234 1.43749685632065 1.12847143388353 1.28330131084658 1.02752803871408 1.03834062279202 1.18309890618548 1.86490071425214 1.41867491253652 1.89844068139791 1.20450676442124 1.39725496992469 1.90882987272926 1.57786298636347 1.04968670359813 1.51355817774311 1.55794817372225 1.3523055461701 1.04406280815601 1.77748424932361 1.65544515498914 0.995717896381393 1.64306613570079
1.27705830172636 1.79752386827022 1.74064551736228 1.42578055569902 1.15535072400235 1.47980312886648 0 1.44989252882078 1.71283135586418 1.14268446015194 1.33690306125209 1.72972550452687 1.89064520713873 0.927549819927663 1.06809881003574 1.72177647426724 1.41988249542192 1.44971122173592 1.9034324917011 1.69638663576916 1.75308588403277 1.25630038720556 1.65245547192171 1.56776799424551 1.53264525649138 0.99237362598069 1.31624262989499 1.42434535152279 1.30325187579729 1.01746424031444
1.34850614960305 1.63080491311848 0.967164099682122 1.68066732794978 1.05409023119137 1.51623159996234 1.44989252882078 0 1.84277272550389 1.9102259692736 1.21030986076221 1.25028651719913 1.5544481119141 1.59813368017785 0.932761724106967 1.07268372247927 1.02776969363913 1.68782632378861 1.263827647781 0.916849073488265 1.07416599709541 0.97980231163092 1.22689461056143 1.40248429775238 1.22007840732113 0.95494428020902 1.17879330948927 1.22583090560511 1.10971418442205 0.956500528380275
1.0675665026065 1.12392294988967 1.49539540777914 1.27627950743772 1.21518049249426 1.43749685632065 1.71283135586418 1.84277272550389 0 0.938648839248344 1.35787940490991 1.40454463404603 1.05506443744525 1.3084747872781 1.25776603305712 1.62375180190429 1.78012565732934 1.81951600173488 1.32435258943588 1.54584777075797 1.08307757833973 1.39195422991179 1.02745434781536 1.87063535489142 1.08583620632999 1.44009055546485 1.67669147439301 1.31042422656901 0.945207622135058 1.84439514274709
1.45577550353482 1.70240145921707 1.77933216840029 1.19534300058149 1.14542712224647 1.12847143388353 1.14268446015194 1.9102259692736 0.938648839248344 0 1.88749986630864 0.990319356555119 1.39970468403772 1.12950549740344 1.56740860035643 1.28771876683459 1.05221910146065 1.628751588054 1.35043615614995 1.49942637374625 1.62494905525818 1.0049822316505 1.03536422899924 1.39073361083865 1.74009920307435 1.86642593867145 1.84763005375862 1.48298255121335 1.87401607749052 1.20404080417939
1.48631618125364 1.23165119788609 0.954309542896226 1.70077767339535 1.63376135146245 1.28330131084658 1.33690306125209 1.21030986076221 1.35787940490991 1.88749986630864 0 1.11809288710356 1.86887480830774 1.56435279548168 1.38447929057293 1.67856315616518 1.62595768133178 1.63913267012686 1.80855670198798 1.63812574883923 1.20880761533044 1.76172053045593 1.31348345126025 0.918204101966694 1.28391741146334 1.60874154348858 0.918125591706485 1.46501304348931 1.81430887617171 1.41640785546042
1.0848324240651 1.55731780803762 1.70252398727462 1.88086459110491 1.13726070267148 1.02752803871408 1.72972550452687 1.25028651719913 1.40454463404603 0.990319356555119 1.11809288710356 0 1.49377432768233 1.57388598099351 1.21021456108429 1.45158251305111 1.07302919379435 1.83649702533148 1.53333354298957 1.71008393261582 1.60670551750809 1.07749649649486 1.35172546003014 1.74237938132137 1.7678736296948 1.71477919304743 1.14564027707092 1.17330975783989 1.30433676415123 1.01324145589024
1.67553084436804 1.5439529074356 1.22477877419442 1.28006236953661 1.87718667392619 1.03834062279202 1.89064520713873 1.5544481119141 1.05506443744525 1.39970468403772 1.86887480830774 1.49377432768233 0 1.47647719015367 1.74783000396565 1.44862658390775 1.17781445826404 1.80322452168912 1.32122792932205 1.33307298715226 1.35193911287934 1.7954050085973 0.976717327022925 1.12601002422161 1.40231737936847 1.37654233677313 1.80369329196401 1.01577227097005 1.16845614509657 1.16087459563278
1.48415241553448 1.36947508435696 1.43332204199396 1.7486177997198 1.88446746347472 1.18309890618548 0.927549819927663 1.59813368017785 1.3084747872781 1.12950549740344 1.56435279548168 1.57388598099351 1.47647719015367 0 1.21024757786654 1.86951747629791 1.76760622300208 1.80666802660562 1.54735349677503 1.61207274347544 1.71869149431586 1.58887242688797 1.62898553581908 1.90500593837351 0.99156731669791 1.44529354991391 1.15491459565237 1.09330838755704 1.71415060549043 1.64898779336363
1.58472889871337 1.13895882386714 1.76015678723343 1.85933697782457 0.958729343255982 1.86490071425214 1.06809881003574 0.932761724106967 1.25776603305712 1.56740860035643 1.38447929057293 1.21021456108429 1.74783000396565 1.21024757786654 0 1.15508076106198 0.969982203561813 0.961475818883628 1.55600050394423 1.38535774312913 1.09025407698937 1.13560363953002 1.26352590951137 1.70844309730455 1.50523534952663 1.13313944055699 1.13211948843673 1.30850629834458 1.36143428343348 1.15121843060479
1.05159213230945 1.03712944616564 1.7188938211184 0.979414217872545 1.89942191285081 1.41867491253652 1.72177647426724 1.07268372247927 1.62375180190429 1.28771876683459 1.67856315616518 1.45158251305111 1.44862658390775 1.86951747629791 1.15508076106198 0 1.32237157039344 1.0422719209455 1.12844784045592 1.58348982874304 1.89932042895816 1.05979820853099 1.54127032239921 1.00533488043584 1.42218450270593 1.50942334998399 1.59570088516921 1.37343256012537 1.49326569540426 1.75390311121009
1.32525167311542 1.34932303917594 1.84507455769926 1.10937054827809 1.27994846762158 1.89844068139791 1.41988249542192 1.02776969363913 1.78012565732934 1.05221910146065 1.62595768133178 1.07302919379435 1.17781445826404 1.76760622300208 0.969982203561813 1.32237157039344 0 1.25964856124483 0.986996801104397 0.980652612634003 0.982224005507305 1.76494719507173 1.05952169001102 1.50862917280756 1.11822968511842 1.22507762419991 1.35829260130413 0.971633947920054 1.29434432974085 1.74276584200561
1.63395095057786 1.57438188442029 1.56866100570187 1.25735054910183 1.74252296239138 1.20450676442124 1.44971122173592 1.68782632378861 1.81951600173488 1.628751588054 1.63913267012686 1.83649702533148 1.80322452168912 1.80666802660562 0.961475818883628 1.0422719209455 1.25964856124483 0 1.52142987772822 1.00677674636245 1.37092155893333 1.74873351026326 1.41412973497063 1.2952815189492 1.04718993674032 1.24232326960191 1.23626817855984 1.85578793473542 1.75200955965556 1.49029315356165
1.2110517336987 1.57151597714983 1.45967855933122 1.84406354650855 1.50200590118766 1.39725496992469 1.9034324917011 1.263827647781 1.32435258943588 1.35043615614995 1.80855670198798 1.53333354298957 1.32122792932205 1.54735349677503 1.55600050394423 1.12844784045592 0.986996801104397 1.52142987772822 0 1.14026720775291 1.21509634214453 1.45271205576137 1.36305140308104 1.41650731023401 1.22432756493799 1.55835433513857 1.76788488356397 1.47341113886796 0.939298499375582 1.67161804996431
1.88887094054371 1.7695008625742 1.42823169799522 1.56085595628247 1.78981399070472 1.90882987272926 1.69638663576916 0.916849073488265 1.54584777075797 1.49942637374625 1.63812574883923 1.71008393261582 1.33307298715226 1.61207274347544 1.38535774312913 1.58348982874304 0.980652612634003 1.00677674636245 1.14026720775291 0 1.14967088308185 1.21690028579906 1.90401104744524 1.41803754330613 0.932817568769678 1.52637094981037 1.66896038688719 1.0308536356315 0.913111976347864 1.5151148524601
1.58189272508025 1.60199680179358 1.19529249146581 0.953330454649404 1.28527050931007 1.57786298636347 1.75308588403277 1.07416599709541 1.08307757833973 1.62494905525818 1.20880761533044 1.60670551750809 1.35193911287934 1.71869149431586 1.09025407698937 1.89932042895816 0.982224005507305 1.37092155893333 1.21509634214453 1.14967088308185 0 1.37140322034247 1.50980019941926 1.64444546634331 1.0784223312512 1.87333298265003 1.42847066861577 1.00630217930302 1.74221916962415 1.27438109880313
1.1497071296908 1.0809272013139 1.87830363027751 1.54695973265916 1.47714054607786 1.04968670359813 1.25630038720556 0.97980231163092 1.39195422991179 1.0049822316505 1.76172053045593 1.07749649649486 1.7954050085973 1.58887242688797 1.13560363953002 1.05979820853099 1.76494719507173 1.74873351026326 1.45271205576137 1.21690028579906 1.37140322034247 0 1.84409286873415 1.69442190253176 1.00965342111886 1.43021578714252 1.88824117090553 1.59785165521316 1.89233680977486 1.65947767090984
0.916757125174627 1.12401524093002 1.40755931357853 1.45613145921379 0.947388099506497 1.51355817774311 1.65245547192171 1.22689461056143 1.02745434781536 1.03536422899924 1.31348345126025 1.35172546003014 0.976717327022925 1.62898553581908 1.26352590951137 1.54127032239921 1.05952169001102 1.41412973497063 1.36305140308104 1.90401104744524 1.50980019941926 1.84409286873415 0 1.21905626915395 1.52980779064819 0.970388183370233 1.40571832447313 1.48397685494274 1.2946779106278 1.22351037990302
1.40584975783713 1.29980146023445 1.27041796734557 1.6291788762901 1.15140394493937 1.55794817372225 1.56776799424551 1.40248429775238 1.87063535489142 1.39073361083865 0.918204101966694 1.74237938132137 1.12601002422161 1.90500593837351 1.70844309730455 1.00533488043584 1.50862917280756 1.2952815189492 1.41650731023401 1.41803754330613 1.64444546634331 1.69442190253176 1.21905626915395 0 1.89080647216178 1.06545532867312 1.39570520073175 1.31594207347371 1.34357623383403 0.977319628698751
1.69346518674865 1.68761899881065 1.21232510125265 1.43421131046489 1.56538487714715 1.3523055461701 1.53264525649138 1.22007840732113 1.08583620632999 1.74009920307435 1.28391741146334 1.7678736296948 1.40231737936847 0.99156731669791 1.50523534952663 1.42218450270593 1.11822968511842 1.04718993674032 1.22432756493799 0.932817568769678 1.0784223312512 1.00965342111886 1.52980779064819 1.89080647216178 0 1.38439520937391 1.78290915861726 1.47743633622304 1.47244563628919 1.34410281851888
1.10536216967739 1.61220416356809 0.941327235195786 1.18932011676952 1.83260909863748 1.04406280815601 0.99237362598069 0.95494428020902 1.44009055546485 1.86642593867145 1.60874154348858 1.71477919304743 1.37654233677313 1.44529354991391 1.13313944055699 1.50942334998399 1.22507762419991 1.24232326960191 1.55835433513857 1.52637094981037 1.87333298265003 1.43021578714252 0.970388183370233 1.06545532867312 1.38439520937391 0 0.924540144391358 1.26455658557825 1.39895164384507 1.31997190718539
1.77777469763532 0.935037973104045 1.43509343103506 1.6481632720679 1.86339474888518 1.77748424932361 1.31624262989499 1.17879330948927 1.67669147439301 1.84763005375862 0.918125591706485 1.14564027707092 1.80369329196401 1.15491459565237 1.13211948843673 1.59570088516921 1.35829260130413 1.23626817855984 1.76788488356397 1.66896038688719 1.42847066861577 1.88824117090553 1.40571832447313 1.39570520073175 1.78290915861726 0.924540144391358 0 1.60201479890384 1.68240145011805 1.74880901630968
1.30658731772564 1.12088195304386 1.45977874821983 1.34483366506174 1.73206176795065 1.65544515498914 1.42434535152279 1.22583090560511 1.31042422656901 1.48298255121335 1.46501304348931 1.17330975783989 1.01577227097005 1.09330838755704 1.30850629834458 1.37343256012537 0.971633947920054 1.85578793473542 1.47341113886796 1.0308536356315 1.00630217930302 1.59785165521316 1.48397685494274 1.31594207347371 1.47743633622304 1.26455658557825 1.60201479890384 0 1.87286636186764 1.72615594556555
0.99747618008405 1.18676716950722 1.63699259725399 0.921863375231624 1.87230348563753 0.995717896381393 1.30325187579729 1.10971418442205 0.945207622135058 1.87401607749052 1.81430887617171 1.30433676415123 1.16845614509657 1.71415060549043 1.36143428343348 1.49326569540426 1.29434432974085 1.75200955965556 0.939298499375582 0.913111976347864 1.74221916962415 1.89233680977486 1.2946779106278 1.34357623383403 1.47244563628919 1.39895164384507 1.68240145011805 1.87286636186764 0 1.54097164236009
1.59083720645867 1.37510367226787 1.76311848126352 1.58803143305704 1.09828998660669 1.64306613570079 1.01746424031444 0.956500528380275 1.84439514274709 1.20404080417939 1.41640785546042 1.01324145589024 1.16087459563278 1.64898779336363 1.15121843060479 1.75390311121009 1.74276584200561 1.49029315356165 1.67161804996431 1.5151148524601 1.27438109880313 1.65947767090984 1.22351037990302 0.977319628698751 1.34410281851888 1.31997190718539 1.74880901630968 1.72615594556555 1.54097164236009 0
