0 1.71948145353235 1.75371540267952 0.913437712937593 1.85562707763165 1.89762914041057 1.78548991680145 1.47144023538567 1.10485640075058 1.11257480317727 1.45786586380564 1.32219709362835 1.81798809906468 1.44408292463049 1.39778492320329 1.63366980035789 1.09008390223607 1.54476933274418 0.995870859827846 1.17128488048911 1.2171178588178 1.73788092983887 1.54885027324781 1.0212652143091 1.42031191033311 1.49744924786501 1.67360475589521 1.25674257962964 1.02622846630402 0.983464651741087
1.71948145353235 0 1.67355728032999 1.10533721651882 1.6434815004468 1.6150612400379 1.85418180120178 1.71850578743033 0.996686900034547 1.36533325095661 1.39186154305935 1.16122981556691 1.73169597098604 1.07694302685559 1.62680283538066 0.959151629591361 1.3314304491505 1.02773307822645 1.6129648082424 1.15050883567892 1.81860814709216 1.2383777347859 0.904003808042035 1.61686190310866 1.41193909756839 1.70745385647751 0.985809772042558 1.66791018168442 1.88184530939907 1.06296237022616
1.75371540267952 1.67355728032999 0 1.67386145843193 0.990623157471418 1.48762637935579 1.28371080313809 0.905409137718379 1.59686833596788 1.71270106034353 1.14378623757511 1.4006371111609 1.88192458008416 1.84361869678833 1.69025589432567 1.36179478256963 1.81153232837096 1.8836054157 1.31927741505206 1.04607049352489 1.19453099602833 0.927646307973191 1.39762760349549 1.86356452619657 0.940246247919276 1.6581343577709 1.70182550163008 1.31171213882044 1.31962677859701 1.49623623909429
0.913437712937593 1.10533721651882 1.67386145843193 0 1.49422233831137 1.10967592382804 1.21198618016206 1.50949552515522 1.17542475298978 1.3305342013482 1.0070495554246 1.40977520681918 1.5917578113731 1.33495160774328 1.45741817704402 1.63673442276195 1.79087222693488 1.63503319816664 1.66206122515723 1.75520249013789 0.981285474728793 1.58202559361234 1.60672941571102 1.8285449531395 1.49129770044237 1.89447360113263 0.950319448951632 1.15114913810976 1.27268890291452 1.7345680014696
1.85562707763165 1.6434815004468 0.990623157471418 1.49422233831137 0 1.63739330670796 1.75532443867996 1.70742357615381 1.80063149775378 1.24048604513519 1.58437124080956 1.65821359190159 1.36886570509523 1.07462455611676 1.08338364679366 1.43809434515424 1.22468576207757 1.18985529290512 1.37036184431054 1.25709574692883 1.20350556285121 1.3789984639734 1.44419015850872 0.914215610828251 1.35931316507049 1.19278825330548 1.25573357916437 0.943978349212557 1.59431964578107 1.16442666621879
1.89762914041057 1.6150612400379 1.48762637935579 1.10967592382804 1.63739330670796 0 1.12317448644899 1.51173453521915 1.5209115317557 1.45046860235743 1.01218939339742 1.10386543092318 1.38989886152558 1.86580901662819 1.23454706533812 1.60984727507457 0.979474997147918 1.88642733194865 1.86890450655483 1.06118644308299 0.938160217134282 1.09301673062146 0.914409715449437 1.04358047642745 1.34206547494978 1.4732747823 1.10654185130261 1.17569815856405 1.06546955369413 1.75521271815524
1.78548991680145 1.85418180120178 1.28371080313809 1.21198618016206 1.75532443867996 1.12317448644899 0 1.17458180850372 1.59850358054973 1.12928805849515 1.02870058757253 1.28543511033058 1.50255820318125 1.69699298590422 1.85527743282728 1.08599340240471 1.3773806297686 1.16511828824878 1.87157474202104 1.50117928651161 1.42078976356424 1.39885101118125 1.75493848416954 1.51133782765828 1.5458735844586 1.10627360222861 1.28263661405072 0.960790998069569 1.59729188354686 1.00839955639094
1.47144023538567 1.71850578743033 0.905409137718379 1.50949552515522 1.70742357615381 1.51173453521915 1.17458180850372 0 1.63687094580382 1.78503789193928 1.6735997647047 1.18539978004992 1.47463124291971 1.83202951727435 1.80448189028539 1.6228645502124 1.23003641981632 1.64505140506662 0.907705434598029 1.57629025471397 1.68566175363958 0.957568946527317 1.52845585206524 1.1294699315913 0.946440795902163 1.36972660524771 1.64836516673677 1.62848496809602 1.87364584743045 1.61956388922408
1.10485640075058 0.996686900034547 1.59686833596788 1.17542475298978 1.80063149775378 1.5209115317557 1.59850358054973 1.63687094580382 0 1.07182876695879 1.70513422973454 1.47814562381245 1.89335612254217 1.02664683735929 1.84796592686325 1.09010548400693 1.77440273785032 1.1224506709259 1.10743278474547 1.2528183280956 0.916106115560979 1.162515160162 1.20642606168985 1.42617747373879 1.10706289950758 1.10270936763845 1.53956142487004 1.52489324752241 1.74997314577922 1.41947397007607
1.11257480317727 1.36533325095661 1.71270106034353 1.3305342013482 1.24048604513519 1.45046860235743 1.12928805849515 1.78503789193928 1.07182876695879 0 0.925362374866381 0.939466675044969 1.32246733247302 1.27815512032248 1.33100297860801 1.40572907030582 1.35651456401683 1.83789250883274 1.88106516399421 1.67205511895008 1.09713520877995 1.39328289660625 0.970948197180405 1.77736171218567 1.16779770841822 1.88482745923102 1.16024717246182 1.5108513222076 1.89363670512103 1.43667358183302
1.45786586380564 1.39186154305935 1.14378623757511 1.0070495554246 1.58437124080956 1.01218939339742 1.02870058757253 1.6735997647047 1.70513422973454 0.925362374866381 0 1.3666406229604 1.85376095143147 1.54474914842285 1.49499102029949 1.79303118260577 1.79216328845359 1.62826325278729 1.2425511830952 1.42981792916544 1.23855956294574 1.14559093490243 1.23201146884821 1.66016577696428 1.65591430850327 1.79977171961218 1.88198853144422 1.84059251425788 1.2857039696537 1.30372182605788
1.32219709362835 1.16122981556691 1.4006371111609 1.40977520681918 1.65821359190159 1.10386543092318 1.28543511033058 1.18539978004992 1.47814562381245 0.939466675044969 1.3666406229604 0 1.3086331912782 1.60323408292606 1.41591894044541 1.51687210332602 1.77657336252742 0.937758530024439 1.58264028769918 1.64747665612958 1.32808463112451 1.8570987933781 1.5910388068296 0.912011287873611 1.67490716231987 1.03682773397304 1.01182991662063 1.05721712508239 1.85072478838265 1.13523589726537
1.81798809906468 1.73169597098604 1.88192458008416 1.5917578113731 1.36886570509523 1.38989886152558 1.50255820318125 1.47463124291971 1.89335612254217 1.32246733247302 1.85376095143147 1.3086331912782 0 1.43708861526102 1.30557389021851 1.05812597693875 1.43811310594901 1.66070237895474 0.964110736735165 1.86687047104351 1.35490653268062 1.34729059669189 1.77431911742315 0.907319541554898 0.969386939192191 1.2383011681959 1.31590529484674 1.45629862253554 1.48837442020886 1.60971158300526
1.44408292463049 1.07694302685559 1.84361869678833 1.33495160774328 1.07462455611676 1.86580901662819 1.69699298590422 1.83202951727435 1.02664683735929 1.27815512032248 1.54474914842285 1.60323408292606 1.43708861526102 0 1.09141891729087 1.26632348867133 1.29342500050552 1.68124202429317 1.01365448511206 1.43006264208816 0.927648799493909 1.15843073278666 1.12831210019067 1.0011364556849 1.34404513379559 1.21670681517571 1.69047508086078 1.2114887740463 0.98857552674599 1.42025767546147
1.39778492320329 1.62680283538066 1.69025589432567 1.45741817704402 1.08338364679366 1.23454706533812 1.85527743282728 1.80448189028539 1.84796592686325 1.33100297860801 1.49499102029949 1.41591894044541 1.30557389021851 1.09141891729087 0 1.2117225038819 1.46598517382517 1.74994169571437 0.903540292056277 1.65013557905331 1.35600659786724 1.71366417361423 1.23235245863907 1.383012146689 1.22943287203088 1.04264713870361 1.75288426573388 1.66797574865632 1.60019165626727 1.16083501488902
1.63366980035789 0.959151629591361 1.36179478256963 1.63673442276195 1.43809434515424 1.60984727507457 1.08599340240471 1.6228645502124 1.09010548400693 1.40572907030582 1.79303118260577 1.51687210332602 1.05812597693875 1.26632348867133 1.2117225038819 0 0.962994235334918 1.61713572661392 1.31413654098287 1.50519627053291 1.05291323829442 1.13347211596556 1.27915327437222 1.28078214102425 1.1895454081241 1.49019972397946 1.44207375217229 1.18827621894889 1.64119521761313 1.8910859466996
1.09008390223607 1.3314304491505 1.81153232837096 1.79087222693488 1.22468576207757 0.979474997147918 1.3773806297686 1.23003641981632 1.77440273785032 1.35651456401683 1.79216328845359 1.77657336252742 1.43811310594901 1.29342500050552 1.46598517382517 0.962994235334918 0 1.27525988407433 1.82630918780342 1.75544624216855 1.89696244662628 1.83086248580366 1.44009563000873 1.32018378493376 1.68577575450763 1.31730262679048 1.49822363187559 1.70728238392621 1.63277032203041 1.37228436674923
1.54476933274418 1.02773307822645 1.8836054157 1.63503319816664 1.18985529290512 1.88642733194865 1.16511828824878 1.64505140506662 1.1224506709259 1.83789250883274 1.62826325278729 0.937758530024439 1.66070237895474 1.68124202429317 1.74994169571437 1.61713572661392 1.27525988407433 0 1.52181895449758 1.08840312925167 1.13156600017101 1.28424348100089 1.86730351718143 0.938525706063956 1.55399017129093 1.73298354167491 1.75304404483177 1.35159729979932 1.17758419294842 1.35354885598645
0.995870859827846 1.6129648082424 1.31927741505206 1.66206122515723 1.37036184431054 1.86890450655483 1.87157474202104 0.907705434598029 1.10743278474547 1.88106516399421 1.2425511830952 1.58264028769918 0.964110736735165 1.01365448511206 0.903540292056277 1.31413654098287 1.82630918780342 1.52181895449758 0 1.43414471577853 1.49862721981481 1.68428906542249 1.46718534338288 1.745670363307 1.73129987483844 1.09839761955664 1.74468685523607 0.995676942868158 1.63150644861162 1.06138051813468
1.17128488048911 1.15050883567892 1.04607049352489 1.75520249013789 1.25709574692883 1.06118644308299 1.50117928651161 1.57629025471397 1.2528183280956 1.67205511895008 1.42981792916544 1.64747665612958 1.86687047104351 1.43006264208816 1.65013557905331 1.50519627053291 1.75544624216855 1.08840312925167 1.43414471577853 0 1.79197883000597 1.21339379646815 1.07496221410111 1.01078443066217 1.28225849568844 1.68673159996979 1.02304173540324 0.990287175169215 1.49703453667462 1.27268752641976
1.2171178588178 1.81860814709216 1.19453099602833 0.981285474728793 1.20350556285121 0.938160217134282 1.42078976356424 1.68566175363958 0.916106115560979 1.09713520877995 1.23855956294574 1.32808463112451 1.35490653268062 0.927648799493909 1.35600659786724 1.05291323829442 1.89696244662628 1.13156600017101 1.49862721981481 1.79197883000597 0 1.20858426485211 1.3416847945191 1.46691080648452 1.3206810709089 1.20584251801483 1.83990485407412 1.60503515019082 1.76749400235713 1.5324770717416
1.73788092983887 1.2383777347859 0.927646307973191 1.58202559361234 1.3789984639734 1.09301673062146 1.39885101118125 0.957568946527317 1.162515160162 1.39328289660625 1.14559093490243 1.8570987933781 1.34729059669189 1.15843073278666 1.71366417361423 1.13347211596556 1.83086248580366 1.28424348100089 1.68428906542249 1.21339379646815 1.20858426485211 0 1.53276483528316 1.79301612591371 1.08860504021868 0.938820410519838 1.61613806243986 1.77007024246268 1.71323465858586 1.23039620299824
1.54885027324781 0.904003808042035 1.39762760349549 1.60672941571102 1.44419015850872 0.914409715449437 1.75493848416954 1.52845585206524 1.20642606168985 0.970948197180405 1.23201146884821 1.5910388068296 1.77431911742315 1.12831210019067 1.23235245863907 1.27915327437222 1.44009563000873 1.86730351718143 1.46718534338288 1.07496221410111 1.3416847945191 1.53276483528316 0 1.04432431538589 1.3566485431511 1.36845217249356 1.26560048246756 1.22179937106557 1.72244765213691 1.00958578195423
1.0212652143091 1.61686190310866 1.86356452619657 1.8285449531395 0.914215610828251 1.04358047642745 1.51133782765828 1.1294699315913 1.42617747373879 1.77736171218567 1.66016577696428 0.912011287873611 0.907319541554898 1.0011364556849 1.383012146689 1.28078214102425 1.32018378493376 0.938525706063956 1.745670363307 1.01078443066217 1.46691080648452 1.79301612591371 1.04432431538589 0 1.08518491219729 1.62396481097676 0.919120212551206 1.66177226370201 1.31634112726897 1.12284033047035
1.42031191033311 1.41193909756839 0.940246247919276 1.49129770044237 1.35931316507049 1.34206547494978 1.5458735844586 0.946440795902163 1.10706289950758 1.16779770841822 1.65591430850327 1.67490716231987 0.969386939192191 1.34404513379559 1.22943287203088 1.1895454081241 1.68577575450763 1.55399017129093 1.73129987483844 1.28225849568844 1.3206810709089 1.08860504021868 1.3566485431511 1.08518491219729 0 1.85039393627085 1.36957187065855 1.04524876596406 1.56780161173083 1.26801662659273
1.49744924786501 1.70745385647751 1.6581343577709 1.89447360113263 1.19278825330548 1.4732747823 1.10627360222861 1.36972660524771 1.10270936763845 1.88482745923102 1.79977171961218 1.03682773397304 1.2383011681959 1.21670681517571 1.04264713870361 1.49019972397946 1.31730262679048 1.73298354167491 1.09839761955664 1.68673159996979 1.20584251801483 0.938820410519838 1.36845217249356 1.62396481097676 1.85039393627085 0 1.11175129725598 1.47799034789205 1.09676143154502 1.50302358344197
1.67360475589521 0.985809772042558 1.70182550163008 0.950319448951632 1.25573357916437 1.10654185130261 1.28263661405072 1.64836516673677 1.53956142487004 1.16024717246182 1.88198853144422 1.01182991662063 1.31590529484674 1.69047508086078 1.75288426573388 1.44207375217229 1.49822363187559 1.75304404483177 1.74468685523607 1.02304173540324 1.83990485407412 1.61613806243986 1.26560048246756 0.919120212551206 1.36957187065855 1.11175129725598 0 1.14124476304278 1.14830878586508 1.88123422884382
1.25674257962964 1.66791018168442 1.31171213882044 1.15114913810976 0.943978349212557 1.17569815856405 0.960790998069569 1.62848496809602 1.52489324752241 1.5108513222076 1.84059251425788 1.05721712508239 1.45629862253554 1.2114887740463 1.66797574865632 1.18827621894889 1.70728238392621 1.35159729979932 0.995676942868158 0.990287175169215 1.60503515019082 1.77007024246268 1.22179937106557 1.66177226370201 1.04524876596406 1.47799034789205 1.14124476304278 0 1.85929963202216 1.58323303284124
1.02622846630402 1.88184530939907 1.31962677859701 1.27268890291452 1.59431964578107 1.06546955369413 1.59729188354686 1.87364584743045 1.74997314577922 1.89363670512103 1.2857039696537 1.85072478838265 1.48837442020886 0.98857552674599 1.60019165626727 1.64119521761313 1.63277032203041 1.17758419294842 1.63150644861162 1.49703453667462 1.76749400235713 1.71323465858586 1.72244765213691 1.31634112726897 1.56780161173083 1.09676143154502 1.14830878586508 1.85929963202216 0 0.961584283504635
0.983464651741087 1.06296237022616 1.49623623909429 1.7345680014696 1.16442666621879 1.75521271815524 1.00839955639094 1.61956388922408 1.41947397007607 1.43667358183302 1.30372182605788 1.13523589726537 1.60971158300526 1.42025767546147 1.16083501488902 1.8910859466996 1.37228436674923 1.35354885598645 1.06138051813468 1.27268752641976 1.5324770717416 1.23039620299824 1.00958578195423 1.12284033047035 1.26801662659273 1.50302358344197 1.88123422884382 1.58323303284124 0.961584283504635 0
