0 1.28094779583625 1.90433885529637 0.989128633635119 0.988084304379299 1.56778723071329 1.07647606916726 1.8151669674553 1.89054873399436 1.57681913324632 1.14189498079941 1.00283777248114 1.18478525104001 1.31157464860007 1.37893380457535 1.16359745082445 1.12290306366049 1.7457590973936 1.24231653637253 1.92129840701818 1.07514930469915 1.38627510587685 1.5565653340891 1.39347049687058 1.10465105413459 1.07776304567233 1.73879794566892 1.18408412719145 1.46792973438278 1.34850238426588
1.28094779583625 0 1.41066059470177 1.13820686610416 1.03750972938724 1.12614925811067 1.59380396991037 1.24546419177204 1.85510913026519 1.04686459316872 1.13007795298472 1.11163399275392 1.60843664337881 1.74215950467624 1.23360804887488 1.40616601682268 1.18280629836954 1.67792226234451 1.26491812965833 1.42132644169033 1.12698551570065 1.52596424566582 1.33834330970421 1.85837566410191 1.32996001280844 1.8765823461581 1.74726496892981 1.68809356004931 1.52735930099152 1.61217965674587
1.90433885529637 1.41066059470177 0 1.82212356245145 1.72868334082887 1.42184143909253 1.48213085159659 1.72640847135335 1.86742056766525 1.7800812467467 1.21305653848685 1.34853718057275 1.73526446637698 1.49419576954097 1.31034902739339 1.54944227612577 1.44704658770934 1.14407654502429 1.56992792920209 1.27402073773555 1.63099920889363 1.8352074585855 0.956774026388302 1.29818499321118 1.10511541715823 1.23566348012537 1.12802530429326 1.64575171424076 1.79889913997613 1.75089105637744
0.989128633635119 1.13820686610416 1.82212356245145 0 1.31844492442906 1.17600948689505 1.21369693125598 1.27332799695432 1.02457402087748 1.07523546810262 1.60910218930803 1.33461075485684 1.76024171686731 1.75179524230771 1.56767875887454 1.12832197034732 1.11021121148951 1.85445291805081 1.43617544719018 1.20681838621385 1.6647393531166 1.90963929961435 1.5606543791946 1.77817195816897 1.7216397903394 1.75896995421499 1.83381405472755 1.66023532371037 1.69933588127606 1.26771253254265
0.988084304379299 1.03750972938724 1.72868334082887 1.31844492442906 0 1.85858453204855 1.422214981867 1.77585197868757 1.44921152852476 1.14351033396088 1.13900958001614 1.6809258540161 1.23510135477409 1.93428934947588 1.84773690020666 1.13223549094982 1.55166482715867 1.09408815391362 1.55300387158059 1.25480620469898 1.03745121392421 1.59144313982688 1.21061200159602 1.13415243313648 1.84939310001209 1.73660291265696 1.89568075397983 1.75399773544632 0.94934783806093 1.72868022788316
1.56778723071329 1.12614925811067 1.42184143909253 1.17600948689505 1.85858453204855 0 1.29289491986856 1.25890231970698 1.78686589119025 1.73577279387973 0.97048799181357 1.0073586741928 1.1704473355785 1.51199404452927 1.60377731034532 1.58216156228445 1.80162575026043 1.17309606168419 1.71332145505585 1.16201175004244 1.81232362706214 1.85301232128404 1.20062857703306 1.80767976376228 1.48923692107201 1.80480920732953 1.73364555020817 1.38841478084214 1.79377874499187 1.89288750546984
1.07647606916726 1.59380396991037 1.48213085159659 1.21369693125598 1.422214981867 1.29289491986856 0 1.79425825621001 1.8282670727931 1.85159949958324 1.88963288557716 1.42070744349621 1.07174242543988 0.983478506095707 1.57066796626896 1.70618112292141 1.19606740563177 1.53455011290498 1.58039792953059 1.76466876757331 1.75097752921283 1.01486597396433 1.85793830500916 1.60024145781063 1.43705255584791 1.23066167905927 1.89010757114738 1.89436718937941 1.21056050970219 1.80803264095448
1.8151669674553 1.24546419177204 1.72640847135335 1.27332799695432 1.77585197868757 1.25890231970698 1.79425825621001 0 1.92397162737325 1.12278883578256 0.973720126086846 1.16914006392471 1.30468689277768 1.81582589703612 1.8710002056323 1.43827401311137 1.05549541930668 1.36801358289085 1.57071060151793 1.16141447820701 1.61646607052535 1.15977119491436 1.68092437856831 1.74744534748606 1.38099808781408 1.17614088626578 1.83046269183978 1.91643135994673 0.945759293157607 1.44500039587729
1.89054873399436 1.85510913026519 1.86742056766525 1.02457402087748 1.44921152852476 1.78686589119025 1.8282670727931 1.92397162737325 0 1.60145447892137 1.25949679408222 1.11072002886795 1.84067987557501 1.73528971150517 1.76958834170364 1.07688770117238 1.58558345655911 1.23593860841356 1.0466071642004 1.09497468336485 0.999477315926924 1.09494452737272 1.28053477755748 1.09887513774447 1.35921856993809 1.14870834257454 1.57559346477501 0.984957249369472 1.56472803000361 1.47866642521694
1.57681913324632 1.04686459316872 1.7800812467467 1.07523546810262 1.14351033396088 1.73577279387973 1.85159949958324 1.12278883578256 1.60145447892137 0 1.62419048137963 1.08686844725162 1.39713398832828 0.945797448046505 1.61118213250302 1.71494165156037 1.58756858785637 1.88818779285066 1.83748892019503 1.29918783251196 1.62566162878647 1.25420937221497 1.72386971046217 1.37435714690946 1.82468485017307 1.35053808940575 1.15773579129018 1.66583414236084 1.78374477848411 1.31828790786676
1.14189498079941 1.13007795298472 1.21305653848685 1.60910218930803 1.13900958001614 0.97048799181357 1.88963288557716 0.973720126086846 1.25949679408222 1.62419048137963 0 1.26770824682899 1.06526123988442 1.69436116842553 1.31673325481825 1.52779555693269 1.34505685139447 1.3289413000457 1.04470921354368 1.04990565311164 1.7750500224065 1.20560877793469 1.47440383397043 1.04137917933986 1.01287385751493 1.21050576819107 1.12715996522456 1.05095120100304 1.91947941924445 1.68891908950172
1.00283777248114 1.11163399275392 1.34853718057275 1.33461075485684 1.6809258540161 1.0073586741928 1.42070744349621 1.16914006392471 1.11072002886795 1.08686844725162 1.26770824682899 0 1.04511266970076 1.64061867701821 1.53275383589789 1.56523929885589 1.20162003184669 1.77454033913091 1.60889347316697 1.29277089820243 1.01078080781735 1.74762788694352 1.27280862792395 1.02992143854499 1.00153401773423 1.82715991628356 1.91580793773755 1.79282619780861 1.1302478776779 1.23405223782174
1.18478525104001 1.60843664337881 1.73526446637698 1.76024171686731 1.23510135477409 1.1704473355785 1.07174242543988 1.30468689277768 1.84067987557501 1.39713398832828 1.06526123988442 1.04511266970076 0 1.89072885061614 1.03161070263013 1.50244298367761 1.44959277054295 1.30793342459947 1.40460310014896 1.23128491686657 1.5848144039046 1.03798690717667 1.12604536791332 1.9359993066173 1.24377263453789 1.22033162321895 1.11951273377053 1.32058829558082 1.61624921276234 1.02277366979979
1.31157464860007 1.74215950467624 1.49419576954097 1.75179524230771 1.93428934947588 1.51199404452927 0.983478506095707 1.81582589703612 1.73528971150517 0.945797448046505 1.69436116842553 1.64061867701821 1.89072885061614 0 1.04641184397042 1.80641647614539 1.46112282131799 1.77310056868009 1.17995106009766 1.50254575815052 1.34601693809964 1.10769734042697 1.38119033561088 1.41295970254578 1.53928628982976 0.985467289341614 1.59551347559318 1.19544155942276 1.26984809269197 1.71571631054394
1.37893380457535 1.23360804887488 1.31034902739339 1.56767875887454 1.84773690020666 1.60377731034532 1.57066796626896 1.8710002056323 1.76958834170364 1.61118213250302 1.31673325481825 1.53275383589789 1.03161070263013 1.04641184397042 0 1.10124817141332 1.28380890074186 1.06632181047462 1.12538335984573 1.89534169994295 1.66585406684317 1.94019391853362 1.12173232459463 1.17140215914696 1.74224870977923 1.4655722216703 1.2446180311963 1.92841455806047 1.83471954870038 1.22285409690812
1.16359745082445 1.40616601682268 1.54944227612577 1.12832197034732 1.13223549094982 1.58216156228445 1.70618112292141 1.43827401311137 1.07688770117238 1.71494165156037 1.52779555693269 1.56523929885589 1.50244298367761 1.80641647614539 1.10124817141332 0 1.9060930958949 1.61966664041393 1.6983438397292 1.34884951682761 1.74639281560667 1.64936845353805 1.93147735460661 1.20699206856079 1.38356579886749 1.81776777189225 1.19694441230968 1.91568356752396 1.51406295225024 1.08484681323171
1.12290306366049 1.18280629836954 1.44704658770934 1.11021121148951 1.55166482715867 1.80162575026043 1.19606740563177 1.05549541930668 1.58558345655911 1.58756858785637 1.34505685139447 1.20162003184669 1.44959277054295 1.46112282131799 1.28380890074186 1.9060930958949 0 1.59913909994066 1.00169826974161 1.39005156653002 1.88425733265467 1.6786598006729 1.55134575907141 1.67576613114215 1.60409767413512 1.14788221917115 1.85993333649822 1.52584496047348 1.00189867499284 1.75941489450634
1.7457590973936 1.67792226234451 1.14407654502429 1.85445291805081 1.09408815391362 1.17309606168419 1.53455011290498 1.36801358289085 1.23593860841356 1.88818779285066 1.3289413000457 1.77454033913091 1.30793342459947 1.77310056868009 1.06632181047462 1.61966664041393 1.59913909994066 0 1.20026761246845 1.72618292272091 1.79268522304483 1.9108425420709 1.37366177188233 1.62198407179676 1.74039715738036 1.40151965687983 1.23499778960831 1.91324552334845 1.32703819382004 1.35928908525966
1.24231653637253 1.26491812965833 1.56992792920209 1.43617544719018 1.55300387158059 1.71332145505585 1.58039792953059 1.57071060151793 1.0466071642004 1.83748892019503 1.04470921354368 1.60889347316697 1.40460310014896 1.17995106009766 1.12538335984573 1.6983438397292 1.00169826974161 1.20026761246845 0 1.31463911896572 1.52945806318894 0.951977475779131 1.94180023809895 1.56976729328744 1.59436967875808 1.13452867348678 1.65986247942783 1.28368154983036 1.53346525342204 1.83004546607845
1.92129840701818 1.42132644169033 1.27402073773555 1.20681838621385 1.25480620469898 1.16201175004244 1.76466876757331 1.16141447820701 1.09497468336485 1.29918783251196 1.04990565311164 1.29277089820243 1.23128491686657 1.50254575815052 1.89534169994295 1.34884951682761 1.39005156653002 1.72618292272091 1.31463911896572 0 1.01778913382441 1.82405748497695 1.35113246040419 1.84919437277131 1.84802882513031 1.0581747754477 1.67733140476048 1.27803069562651 1.55398614821024 1.87622780934907
1.07514930469915 1.12698551570065 1.63099920889363 1.6647393531166 1.03745121392421 1.81232362706214 1.75097752921283 1.61646607052535 0.999477315926924 1.62566162878647 1.7750500224065 1.01078080781735 1.5848144039046 1.34601693809964 1.66585406684317 1.74639281560667 1.88425733265467 1.79268522304483 1.52945806318894 1.01778913382441 0 1.00432936148718 1.50434709060937 1.72671578498557 1.60725837899372 0.987249612342566 1.88502311520278 1.56772123137489 1.54625611728989 1.72753646667115
1.38627510587685 1.52596424566582 1.8352074585855 1.90963929961435 1.59144313982688 1.85301232128404 1.01486597396433 1.15977119491436 1.09494452737272 1.25420937221497 1.20560877793469 1.74762788694352 1.03798690717667 1.10769734042697 1.94019391853362 1.64936845353805 1.6786598006729 1.9108425420709 0.951977475779131 1.82405748497695 1.00432936148718 0 1.83190443040803 1.15599937224761 1.65203972789459 1.67209275718778 1.11384180304594 1.67805764102377 0.991910850862041 1.24234152352437
1.5565653340891 1.33834330970421 0.956774026388302 1.5606543791946 1.21061200159602 1.20062857703306 1.85793830500916 1.68092437856831 1.28053477755748 1.72386971046217 1.47440383397043 1.27280862792395 1.12604536791332 1.38119033561088 1.12173232459463 1.93147735460661 1.55134575907141 1.37366177188233 1.94180023809895 1.35113246040419 1.50434709060937 1.83190443040803 0 1.89321710006334 1.78565941355191 1.17051445133984 1.50507468474098 1.72538490546867 1.15984090417624 1.87582845543511
1.39347049687058 1.85837566410191 1.29818499321118 1.77817195816897 1.13415243313648 1.80767976376228 1.60024145781063 1.74744534748606 1.09887513774447 1.37435714690946 1.04137917933986 1.02992143854499 1.9359993066173 1.41295970254578 1.17140215914696 1.20699206856079 1.67576613114215 1.62198407179676 1.56976729328744 1.84919437277131 1.72671578498557 1.15599937224761 1.89321710006334 0 1.53631896269508 1.92275707423687 1.67934037651867 1.87960863276385 1.36770217702724 1.39152666786686
1.10465105413459 1.32996001280844 1.10511541715823 1.7216397903394 1.84939310001209 1.48923692107201 1.43705255584791 1.38099808781408 1.35921856993809 1.82468485017307 1.01287385751493 1.00153401773423 1.24377263453789 1.53928628982976 1.74224870977923 1.38356579886749 1.60409767413512 1.74039715738036 1.59436967875808 1.84802882513031 1.60725837899372 1.65203972789459 1.78565941355191 1.53631896269508 0 1.54392080917023 1.3453383827582 1.85779762361199 1.91690033394843 1.22492506192066
1.07776304567233 1.8765823461581 1.23566348012537 1.75896995421499 1.73660291265696 1.80480920732953 1.23066167905927 1.17614088626578 1.14870834257454 1.35053808940575 1.21050576819107 1.82715991628356 1.22033162321895 0.985467289341614 1.4655722216703 1.81776777189225 1.14788221917115 1.40151965687983 1.13452867348678 1.0581747754477 0.987249612342566 1.67209275718778 1.17051445133984 1.92275707423687 1.54392080917023 0 0.980413297191262 1.61830810969695 1.38828384503722 1.64839804801159
1.73879794566892 1.74726496892981 1.12802530429326 1.83381405472755 1.89568075397983 1.73364555020817 1.89010757114738 1.83046269183978 1.57559346477501 1.15773579129018 1.12715996522456 1.91580793773755 1.11951273377053 1.59551347559318 1.2446180311963 1.19694441230968 1.85993333649822 1.23499778960831 1.65986247942783 1.67733140476048 1.88502311520278 1.11384180304594 1.50507468474098 1.67934037651867 1.3453383827582 0.980413297191262 0 1.84790003136732 1.63180801132694 1.52435754542239
1.18408412719145 1.68809356004931 1.64575171424076 1.66023532371037 1.75399773544632 1.38841478084214 1.89436718937941 1.91643135994673 0.984957249369472 1.66583414236084 1.05095120100304 1.79282619780861 1.32058829558082 1.19544155942276 1.92841455806047 1.91568356752396 1.52584496047348 1.91324552334845 1.28368154983036 1.27803069562651 1.56772123137489 1.67805764102377 1.72538490546867 1.87960863276385 1.85779762361199 1.61830810969695 1.84790003136732 0 1.1237722709775 0.946502588922158
1.46792973438278 1.52735930099152 1.79889913997613 1.69933588127606 0.94934783806093 1.79377874499187 1.21056050970219 0.945759293157607 1.56472803000361 1.78374477848411 1.91947941924445 1.1302478776779 1.61624921276234 1.26984809269197 1.83471954870038 1.51406295225024 1.00189867499284 1.32703819382004 1.53346525342204 1.55398614821024 1.54625611728989 0.991910850862041 1.15984090417624 1.36770217702724 1.91690033394843 1.38828384503722 1.63180801132694 1.1237722709775 0 0.961489943787456
1.34850238426588 1.61217965674587 1.75089105637744 1.26771253254265 1.72868022788316 1.89288750546984 1.80803264095448 1.44500039587729 1.47866642521694 1.31828790786676 1.68891908950172 1.23405223782174 1.02277366979979 1.71571631054394 1.22285409690812 1.08484681323171 1.75941489450634 1.35928908525966 1.83004546607845 1.87622780934907 1.72753646667115 1.24234152352437 1.87582845543511 1.39152666786686 1.22492506192066 1.64839804801159 1.52435754542239 0.946502588922158 0.961489943787456 0
