0 1.04285647533834 1.04412131174468 1.59277892159298 1.52984276553616 1.41684533795342 1.59782118047588 1.12277759658173 1.41902546677738 1.67548105982132 1.26801069732755 1.88267735391855 1.4079935955815 1.88249601027928 1.87896848958917 1.88114087376744 1.30994731700048 1.09438286651857 1.85889307991602 1.46249001310207 1.91821434395388 1.32014419394545 1.01777330739424 1.90526318084449 1.81380674499087 1.67188259935938 1.43225163966417 1.59573783888482 1.48692026897334 1.00533279636875
1.04285647533834 0 1.75126329064369 1.61817549844272 1.37932980316691 1.00121631845832 0.981058703269809 1.8371205299627 1.35652431542985 1.79154745629057 1.67809816682711 1.33002949180081 1.41684851213358 1.40737029630691 1.41403122106567 1.91369094583206 1.38386135874316 1.45633034338243 1.12961341370828 1.41191071877256 1.05232441821136 0.997475509997457 1.74107724567875 1.44895987096243 1.63940285029821 1.62733829882927 1.74026024178602 1.82730300165713 1.78065475821495 0.96111999405548
1.04412131174468 1.75126329064369 0 1.04523733840324 1.34754993603565 1.43687203759328 1.95888853585348 1.46070460928604 1.93961503496394 1.19167352397926 1.85931658255868 1.58325257757679 1.64311910560355 1.91434327955358 1.07412941707298 1.28980717225932 1.16441676393151 1.60465422761627 1.91849284153432 1.66264290828258 1.66055885050446 1.82292860536836 1.51506568677723 1.40688561066054 1.06754871411249 1.07206579553895 1.11885899142362 1.52800488169305 1.64955620071851 1.04134267522022
1.59277892159298 1.61817549844272 1.04523733840324 0 1.15883079380728 1.53911590506323 1.52525010565296 1.70255176303908 1.04911800520495 1.44809054839425 1.59551814431325 1.89970328728668 1.06351317791268 1.51203419966623 1.70398224028759 1.11232290044427 1.29059876152314 1.67244092701003 1.04036074131727 1.07635486428626 1.51863073487766 1.64912009285763 1.11723162420094 1.9245264523197 1.09462764742784 1.68393765971996 1.34500164911151 1.92881539510563 1.74356160848401 1.420554098906
1.52984276553616 1.37932980316691 1.34754993603565 1.15883079380728 0 1.76959015056491 1.56120053771883 1.79434306267649 0.979010825511068 1.20183185860515 1.35263599548489 1.64964503445663 1.13034711778164 1.79322265461087 1.86723741423339 1.92393194581382 1.90174069069326 1.45116017130204 1.8049918403849 1.67154125566594 1.42828833893873 1.86819262010977 1.84290109341964 1.30158981820568 1.54179871012457 1.44907228136435 1.42855255724862 1.87283897097223 1.21932757878676 1.26502537215129
1.41684533795342 1.00121631845832 1.43687203759328 1.53911590506323 1.76959015056491 0 1.31310990848579 1.42459322535433 1.4169200132601 1.116989021888 1.85163553454913 1.21737001766451 1.4124522167258 1.26057347562164 1.84785626409575 1.78195230453275 1.26595656806603 1.19598467787728 1.61263672076166 1.32115932367742 1.6247176527977 1.95970637933351 1.3386548589915 1.77022670465522 1.88739870861173 0.979234754107893 0.984308565733954 1.76628344645724 1.53834160603583 1.0936195931863
1.59782118047588 0.981058703269809 1.95888853585348 1.52525010565296 1.56120053771883 1.31310990848579 0 1.7470376607962 1.38910583639517 1.14040701207705 1.45989751443267 1.05419692886062 1.5586961475201 1.59256849507801 1.81700617354363 1.414008786669 1.42843528278172 1.43182676029392 1.46479678014293 1.35484565375373 1.13192439102568 1.37939852126874 1.77107399958186 1.63677906896919 1.88319462910295 1.07805770705454 1.00616854382679 1.85005852277391 1.06868762150407 1.94217869732529
1.12277759658173 1.8371205299627 1.46070460928604 1.70255176303908 1.79434306267649 1.42459322535433 1.7470376607962 0 1.10082884086296 1.41408600797877 1.19537646626122 1.95897874119692 1.30239925766364 1.47061221441254 1.76799224875867 1.69074568734504 1.2727620806545 1.07508932473138 1.67077061207965 1.34550635470077 1.32536376686767 1.67945184628479 1.00688885222189 1.88806661497802 1.04714733432047 1.90311329136603 1.63188869622536 1.65869882353581 1.86070753983222 1.19441431411542
1.41902546677738 1.35652431542985 1.93961503496394 1.04911800520495 0.979010825511068 1.4169200132601 1.38910583639517 1.10082884086296 0 1.10522116464563 1.01168044563383 1.30861876206473 1.17639176314697 1.82855982077308 1.55431381380185 1.26919765560888 1.57802606094629 1.31638608267531 1.22524296212941 1.09885952831246 1.38844927120954 1.45077585917898 0.983786842785776 1.47444886853918 0.989782845601439 1.38091727532446 1.28164194547571 1.10753771336749 1.40365740424022 1.86265794443898
1.67548105982132 1.79154745629057 1.19167352397926 1.44809054839425 1.20183185860515 1.116989021888 1.14040701207705 1.41408600797877 1.10522116464563 0 0.976586824748665 1.16374495532364 1.93871177290566 1.73078312119469 1.72955385944806 1.62582825683057 1.16937779891305 1.189813781064 1.28785118693486 1.14794143009931 1.52114948024973 1.20008894032799 1.09367868490517 1.50562350777909 1.01481422036886 1.02049042400904 1.4213527541142 1.87860785447992 1.94339910452254 1.02346854051575
1.26801069732755 1.67809816682711 1.85931658255868 1.59551814431325 1.35263599548489 1.85163553454913 1.45989751443267 1.19537646626122 1.01168044563383 0.976586824748665 0 1.93688133172691 1.87491269898601 1.0072220293805 1.03814718406647 1.36543414159678 1.91580943018198 1.454478940228 1.50897395261563 0.974393469979987 1.55320067005232 1.68379043648019 1.88876055949368 1.79327363916673 1.00130600295961 1.74482407048345 1.75912462011911 1.80615429906175 1.60894102696329 1.78167478088289
1.88267735391855 1.33002949180081 1.58325257757679 1.89970328728668 1.64964503445663 1.21737001766451 1.05419692886062 1.95897874119692 1.30861876206473 1.16374495532364 1.93688133172691 0 1.74839668394998 1.32205272186548 1.39613844826818 1.68718567118049 1.50873004063033 1.25894190603867 1.64090296602808 1.28740931046195 1.36819631932303 1.92601064802147 1.20995121146552 1.27217674721032 1.11147126811557 1.55985278915614 1.19192373426631 1.64706494216807 1.13980029174127 1.67869150196202
1.4079935955815 1.41684851213358 1.64311910560355 1.06351317791268 1.13034711778164 1.4124522167258 1.5586961475201 1.30239925766364 1.17639176314697 1.93871177290566 1.87491269898601 1.74839668394998 0 1.72086700820364 1.37127178278752 1.37787041789852 1.77211934234947 1.23199513577856 1.75352992955595 1.76825661002658 1.59122456470504 1.1107013777364 1.08564512128942 1.19903248525225 1.11006287275814 1.31383991078474 1.87031211005524 1.23884689225815 1.02710754261352 0.985357734840363
1.88249601027928 1.40737029630691 1.91434327955358 1.51203419966623 1.79322265461087 1.26057347562164 1.59256849507801 1.47061221441254 1.82855982077308 1.73078312119469 1.0072220293805 1.32205272186548 1.72086700820364 0 1.42960955388844 1.6525541478768 1.22858758317307 0.980500065721571 1.31921352399513 1.74484436446801 1.61915790662169 1.57358864881098 1.28452203795314 1.95095494017005 1.42996486253105 1.11234444007277 1.85940168774687 1.7626161375083 1.08688080613501 1.15074180439115
1.87896848958917 1.41403122106567 1.07412941707298 1.70398224028759 1.86723741423339 1.84785626409575 1.81700617354363 1.76799224875867 1.55431381380185 1.72955385944806 1.03814718406647 1.39613844826818 1.37127178278752 1.42960955388844 0 1.82164254807867 1.95623137033544 1.3075759334024 1.0935960134957 1.85423404467292 1.06855723191984 1.93767635943368 1.37100267340429 1.66258104098961 1.06967161386274 1.6068443399854 1.91452974686399 1.90924748126417 1.10732122231275 1.72299920581281
1.88114087376744 1.91369094583206 1.28980717225932 1.11232290044427 1.92393194581382 1.78195230453275 1.414008786669 1.69074568734504 1.26919765560888 1.62582825683057 1.36543414159678 1.68718567118049 1.37787041789852 1.6525541478768 1.82164254807867 0 1.26056611933745 1.44616974610835 1.02054420718923 1.90666921623051 1.9120106829796 1.67499156855047 1.59842334664427 1.41972219874151 1.8855401435867 1.90810992359184 1.3564388982486 1.02154813404195 1.94433267624117 1.15273017715663
1.30994731700048 1.38386135874316 1.16441676393151 1.29059876152314 1.90174069069326 1.26595656806603 1.42843528278172 1.2727620806545 1.57802606094629 1.16937779891305 1.91580943018198 1.50873004063033 1.77211934234947 1.22858758317307 1.95623137033544 1.26056611933745 0 1.00614488963038 1.18891309923492 1.06132845720276 1.21454572118819 1.38966311700642 1.69922195305116 1.79116625292227 0.971438752952963 1.35565501498058 1.42879086732864 1.59057295951061 1.36991141643375 1.18447749619372
1.09438286651857 1.45633034338243 1.60465422761627 1.67244092701003 1.45116017130204 1.19598467787728 1.43182676029392 1.07508932473138 1.31638608267531 1.189813781064 1.454478940228 1.25894190603867 1.23199513577856 0.980500065721571 1.3075759334024 1.44616974610835 1.00614488963038 0 1.55932810273953 1.92541618552059 1.59579668054357 1.32798051461577 1.77327796141617 1.91333817411214 1.80018808320165 1.59991527465172 1.89256027294323 1.55168902780861 1.50394189427607 1.35927198012359
1.85889307991602 1.12961341370828 1.91849284153432 1.04036074131727 1.8049918403849 1.61263672076166 1.46479678014293 1.67077061207965 1.22524296212941 1.28785118693486 1.50897395261563 1.64090296602808 1.75352992955595 1.31921352399513 1.0935960134957 1.02054420718923 1.18891309923492 1.55932810273953 0 1.41055567283183 1.61846706015058 1.63150549377315 1.81580109964125 1.36560979974456 1.11425331002101 1.36806005472317 1.50558626442216 1.05002903216518 1.14996475004591 1.16061180224642
1.46249001310207 1.41191071877256 1.66264290828258 1.07635486428626 1.67154125566594 1.32115932367742 1.35484565375373 1.34550635470077 1.09885952831246 1.14794143009931 0.974393469979987 1.28740931046195 1.76825661002658 1.74484436446801 1.85423404467292 1.90666921623051 1.06132845720276 1.92541618552059 1.41055567283183 0 1.18050033226609 1.21590281906538 1.38051275420003 1.50019298726693 1.16701551876031 1.76983880763873 1.32064875680953 0.964207906508818 1.54676494770683 1.35556178539991
1.91821434395388 1.05232441821136 1.66055885050446 1.51863073487766 1.42828833893873 1.6247176527977 1.13192439102568 1.32536376686767 1.38844927120954 1.52114948024973 1.55320067005232 1.36819631932303 1.59122456470504 1.61915790662169 1.06855723191984 1.9120106829796 1.21454572118819 1.59579668054357 1.61846706015058 1.18050033226609 0 1.59151434153318 0.98316057655029 1.48413224378601 0.989653850672767 1.88582640769891 1.56570109794848 1.47236905666068 1.19047171040438 1.76530655613169
1.32014419394545 0.997475509997457 1.82292860536836 1.64912009285763 1.86819262010977 1.95970637933351 1.37939852126874 1.67945184628479 1.45077585917898 1.20008894032799 1.68379043648019 1.92601064802147 1.1107013777364 1.57358864881098 1.93767635943368 1.67499156855047 1.38966311700642 1.32798051461577 1.63150549377315 1.21590281906538 1.59151434153318 0 1.83887047762983 1.21835433132946 1.219951961888 1.38314825482666 1.7404265536461 1.72815511235967 1.91686876048334 1.25510223838501
1.01777330739424 1.74107724567875 1.51506568677723 1.11723162420094 1.84290109341964 1.3386548589915 1.77107399958186 1.00688885222189 0.983786842785776 1.09367868490517 1.88876055949368 1.20995121146552 1.08564512128942 1.28452203795314 1.37100267340429 1.59842334664427 1.69922195305116 1.77327796141617 1.81580109964125 1.38051275420003 0.98316057655029 1.83887047762983 0 1.9057144485414 1.10733278049156 1.93593088584021 1.45220231683925 0.960406025871634 1.51437807409093 1.64667595061474
1.90526318084449 1.44895987096243 1.40688561066054 1.9245264523197 1.30158981820568 1.77022670465522 1.63677906896919 1.88806661497802 1.47444886853918 1.50562350777909 1.79327363916673 1.27217674721032 1.19903248525225 1.95095494017005 1.66258104098961 1.41972219874151 1.79116625292227 1.91333817411214 1.36560979974456 1.50019298726693 1.48413224378601 1.21835433132946 1.9057144485414 0 1.93200943944976 1.91794643737376 1.62419092026539 1.86700415168889 1.76979107456282 1.7920573875308
1.81380674499087 1.63940285029821 1.06754871411249 1.09462764742784 1.54179871012457 1.88739870861173 1.88319462910295 1.04714733432047 0.989782845601439 1.01481422036886 1.00130600295961 1.11147126811557 1.11006287275814 1.42996486253105 1.06967161386274 1.8855401435867 0.971438752952963 1.80018808320165 1.11425331002101 1.16701551876031 0.989653850672767 1.219951961888 1.10733278049156 1.93200943944976 0 1.56479092477821 1.65451600123197 1.12251221272163 1.20668892282993 1.34719306556508
1.67188259935938 1.62733829882927 1.07206579553895 1.68393765971996 1.44907228136435 0.979234754107893 1.07805770705454 1.90311329136603 1.38091727532446 1.02049042400904 1.74482407048345 1.55985278915614 1.31383991078474 1.11234444007277 1.6068443399854 1.90810992359184 1.35565501498058 1.59991527465172 1.36806005472317 1.76983880763873 1.88582640769891 1.38314825482666 1.93593088584021 1.91794643737376 1.56479092477821 0 1.00446719513275 1.62730301660486 1.71180594619364 1.6906741890125
1.43225163966417 1.74026024178602 1.11885899142362 1.34500164911151 1.42855255724862 0.984308565733954 1.00616854382679 1.63188869622536 1.28164194547571 1.4213527541142 1.75912462011911 1.19192373426631 1.87031211005524 1.85940168774687 1.91452974686399 1.3564388982486 1.42879086732864 1.89256027294323 1.50558626442216 1.32064875680953 1.56570109794848 1.7404265536461 1.45220231683925 1.62419092026539 1.65451600123197 1.00446719513275 0 1.09299606177956 1.28972215764225 1.37473089247942
1.59573783888482 1.82730300165713 1.52800488169305 1.92881539510563 1.87283897097223 1.76628344645724 1.85005852277391 1.65869882353581 1.10753771336749 1.87860785447992 1.80615429906175 1.64706494216807 1.23884689225815 1.7626161375083 1.90924748126417 1.02154813404195 1.59057295951061 1.55168902780861 1.05002903216518 0.964207906508818 1.47236905666068 1.72815511235967 0.960406025871634 1.86700415168889 1.12251221272163 1.62730301660486 1.09299606177956 0 1.53443211503327 1.25821143737994
1.48692026897334 1.78065475821495 1.64955620071851 1.74356160848401 1.21932757878676 1.53834160603583 1.06868762150407 1.86070753983222 1.40365740424022 1.94339910452254 1.60894102696329 1.13980029174127 1.02710754261352 1.08688080613501 1.10732122231275 1.94433267624117 1.36991141643375 1.50394189427607 1.14996475004591 1.54676494770683 1.19047171040438 1.91686876048334 1.51437807409093 1.76979107456282 1.20668892282993 1.71180594619364 1.28972215764225 1.53443211503327 0 1.03507807082497
1.00533279636875 0.96111999405548 1.04134267522022 1.420554098906 1.26502537215129 1.0936195931863 1.94217869732529 1.19441431411542 1.86265794443898 1.02346854051575 1.78167478088289 1.67869150196202 0.985357734840363 1.15074180439115 1.72299920581281 1.15273017715663 1.18447749619372 1.35927198012359 1.16061180224642 1.35556178539991 1.76530655613169 1.25510223838501 1.64667595061474 1.7920573875308 1.34719306556508 1.6906741890125 1.37473089247942 1.25821143737994 1.03507807082497 0
