0 1.10933892428875 1.23542819777504 1.62307779421099 1.15858946205117 1.50817530462518 1.43441552133299 1.66797594050877 1.18685371009633 1.54798541497439 1.56582569819875 1.07085398212075 1.26437246450223 1.37292071944103 1.23583382880315 1.68399371043779 1.24439094029367 0.996285953558981 1.28738412889652 1.03878678800538 1.87299277004786 1.28112150309607 1.53772194893099 1.30951192509383 1.85835530073382 1.49552543251775 1.23650963860564 1.66318395617418 1.67521335463971 1.16506864177063
1.10933892428875 0 1.46912945224904 1.40773633751087 1.7125593314413 1.92482308601029 1.2810759791173 1.0914748001378 1.46145727694966 1.39122386090457 1.59919513203204 1.37520934292115 1.48246937734075 1.00738265318796 1.73789331689477 1.52232238510624 1.70329505065456 1.02755745220929 1.26579985395074 1.67212427011691 1.6310071866028 1.00669081765227 1.23575778747909 1.80216545565054 1.10450625116937 1.54246924701147 1.71940394630656 1.7388854639139 1.18858063290827 1.84338669851422
1.23542819777504 1.46912945224904 0 1.6003953111358 1.01981683960184 1.80974031658843 1.22117523686029 1.92695569666103 1.86697573261335 1.68519000243396 1.45590696926229 1.24519810662605 1.24297517980449 1.62308344757184 1.36860741605051 1.23534530261531 1.53051549335942 1.59459933429025 0.962727135512978 1.77308038063347 1.4354713880457 1.01831476786174 1.13791878148913 1.71864791540429 1.32713420293294 1.2212761354167 1.7337732873857 1.91059828363359 1.14965045382269 1.04744731355458
1.62307779421099 1.40773633751087 1.6003953111358 0 1.789666416822 1.10427178675309 1.08649899461307 1.13270349288359 1.08173082140274 1.74489284143783 1.55750716663897 1.53058912511915 1.65227800817229 1.70559528237209 1.06641062558629 1.49191449559294 1.71470500598662 1.09411062835716 1.77252061688341 1.78362559853122 1.52546110842377 1.66662780335173 1.80010523367673 1.58800245984457 1.23991041327827 1.07781384768896 1.17128757177852 1.18053255067207 1.86899285763502 1.14673063461669
1.15858946205117 1.7125593314413 1.01981683960184 1.789666416822 0 1.47368981712498 1.55892449314706 1.0196757519152 1.23326437873766 1.93055147747509 1.5471116763074 1.37425952078775 1.88440687675029 0.94599522720091 1.62236542860046 1.71750722406432 1.91159390821122 1.26692913705483 1.25202975398861 1.80758702498861 1.05256380559877 1.90538791497238 1.87071197037585 1.19763675006106 1.80266456422396 1.37084526964463 1.70102629018947 1.55621038470417 1.7965598993469 1.62911448976956
1.50817530462518 1.92482308601029 1.80974031658843 1.10427178675309 1.47368981712498 0 1.6600851030089 1.25301454286091 1.07892969110981 1.52811844856478 1.81414063484408 1.34199359104969 1.320174473105 1.82201105565764 1.17398634855635 1.80004341085441 1.0728393860627 1.0838650832884 1.48310735821724 1.13596375798807 0.953790965490043 1.81176578137092 1.15264921099879 1.25524533656426 1.06320612784475 1.09932123776525 1.14173851418309 1.08406523941085 1.22761335154064 1.45838766079396
1.43441552133299 1.2810759791173 1.22117523686029 1.08649899461307 1.55892449314706 1.6600851030089 0 1.59891579579562 0.98872754490003 1.24073908245191 1.02014019107446 1.16604568506591 1.50460596033372 1.55811664345674 1.82167398673482 1.01385369570926 1.91143711004406 1.62858434231021 1.65636230236851 1.3160275388509 1.60793323651887 1.35652645654045 1.20425274129957 1.44297080184333 1.37080529751256 1.48436511866748 1.2790238156449 1.00163719267584 1.67965577123687 1.30626009870321
1.66797594050877 1.0914748001378 1.92695569666103 1.13270349288359 1.0196757519152 1.25301454286091 1.59891579579562 0 1.74306679749861 1.67348020942882 1.07282984722406 1.10090827429667 1.33967322739772 1.37754333484918 1.38072741217911 0.997338612331077 1.06104039470665 1.20702208485454 1.73124993871897 1.7733089888934 1.28741079429165 1.16113649634644 1.2382677171845 1.23133957292885 1.39339938014746 1.03490213118494 1.4720158574637 1.52557521453127 1.86416755174287 1.29535450134426
1.18685371009633 1.46145727694966 1.86697573261335 1.08173082140274 1.23326437873766 1.07892969110981 0.98872754490003 1.74306679749861 0 1.9116963732522 1.38613089267164 1.64331073500216 1.26540879090317 1.93012311356142 1.70217272266746 1.7066747082863 1.86165897827595 1.14541411679238 1.85875870403834 0.941811067983508 1.00684745959006 1.62697981111705 1.06448039156385 1.26371830143034 1.93538635713048 1.05120851122774 1.85163517133333 0.950941280461848 1.90471516060643 0.943120223237202
1.54798541497439 1.39122386090457 1.68519000243396 1.74489284143783 1.93055147747509 1.52811844856478 1.24073908245191 1.67348020942882 1.9116963732522 0 1.3121579666622 1.71759340912104 1.24540061526932 1.27567062317394 1.84083032840863 1.65911428746767 1.71728586219251 1.3521297655534 1.66427391697653 1.38980828225613 1.80678006261587 1.82458681007847 1.47813858743757 1.58758978266269 1.77864822885022 1.27209951449186 1.23180188541301 0.96075509279035 1.48809480643831 1.8242589358706
1.56582569819875 1.59919513203204 1.45590696926229 1.55750716663897 1.5471116763074 1.81414063484408 1.02014019107446 1.07282984722406 1.38613089267164 1.3121579666622 0 1.80567463720217 1.77841605129652 1.24507153476588 1.72269107960165 1.66313346242532 1.29927326086909 1.47593444539234 1.77377587626688 1.79784025670961 1.46463405829854 1.51056719059125 1.88042341987602 1.05576743511483 1.28067328501493 1.321937473258 1.16150912898593 1.35686138947494 1.34558676998131 1.29868607805111
1.07085398212075 1.37520934292115 1.24519810662605 1.53058912511915 1.37425952078775 1.34199359104969 1.16604568506591 1.10090827429667 1.64331073500216 1.71759340912104 1.80567463720217 0 1.57943518087268 1.01472452259623 1.83778260345571 1.11105447076261 1.53157000383362 1.63657097588293 1.28690619696863 1.52633966319263 1.93496136460453 1.68784993095323 1.53514128387906 1.67132455809042 0.973363026045263 1.8191968605388 1.85467473347671 1.38795967493206 1.66311388090253 1.48626975831576
1.26437246450223 1.48246937734075 1.24297517980449 1.65227800817229 1.88440687675029 1.320174473105 1.50460596033372 1.33967322739772 1.26540879090317 1.24540061526932 1.77841605129652 1.57943518087268 0 1.15602761483751 1.47578862681985 1.80089489487 1.47915278701112 1.61663574934937 1.5121174135711 1.80939728883095 1.43038728344254 1.16974781407043 1.85025328909978 1.21068484848365 1.23412656760775 1.16386733530089 1.92102758586407 1.61689395806752 1.29819701169617 1.23991888109595
1.37292071944103 1.00738265318796 1.62308344757184 1.70559528237209 0.94599522720091 1.82201105565764 1.55811664345674 1.37754333484918 1.93012311356142 1.27567062317394 1.24507153476588 1.01472452259623 1.15602761483751 0 1.59071963746101 1.93822187045589 1.51052161259577 1.90241905488074 1.13025947613642 1.42472207196988 1.86507349647582 1.76196156651713 1.69403276406229 1.71022678841837 0.975534772267565 1.25719003682025 1.43942541233264 1.93451396073215 1.38039197865874 1.43293294915929
1.23583382880315 1.73789331689477 1.36860741605051 1.06641062558629 1.62236542860046 1.17398634855635 1.82167398673482 1.38072741217911 1.70217272266746 1.84083032840863 1.72269107960165 1.83778260345571 1.47578862681985 1.59071963746101 0 1.48662241455168 1.17029810603708 0.973836552817374 1.50087532028556 1.11259366921149 1.17297615902498 1.60501884203404 1.09172225021757 1.16210697847418 1.35273549426347 1.61177564458922 1.08268793020397 1.66823825566098 1.24008470936678 1.0919105107896
1.68399371043779 1.52232238510624 1.23534530261531 1.49191449559294 1.71750722406432 1.80004341085441 1.01385369570926 0.997338612331077 1.7066747082863 1.65911428746767 1.66313346242532 1.11105447076261 1.80089489487 1.93822187045589 1.48662241455168 0 1.84296814631671 1.03940777434036 1.62463493924588 1.17077284213156 1.80098365037702 1.29271900840104 1.02904307097197 1.80354171362706 1.57973816408776 1.51922106533311 1.76262706029229 1.08981579449028 1.5341843420174 1.22799422987737
1.24439094029367 1.70329505065456 1.53051549335942 1.71470500598662 1.91159390821122 1.0728393860627 1.91143711004406 1.06104039470665 1.86165897827595 1.71728586219251 1.29927326086909 1.53157000383362 1.47915278701112 1.51052161259577 1.17029810603708 1.84296814631671 0 1.45275041298009 0.994354099966586 1.24108231347054 1.17927126004361 1.38469890598208 1.66626163339242 1.80187998246402 1.88191869738512 1.29718641610816 1.13339006714523 1.50900915870443 1.2061182607431 1.54905977053568
0.996285953558981 1.02755745220929 1.59459933429025 1.09411062835716 1.26692913705483 1.0838650832884 1.62858434231021 1.20702208485454 1.14541411679238 1.3521297655534 1.47593444539234 1.63657097588293 1.61663574934937 1.90241905488074 0.973836552817374 1.03940777434036 1.45275041298009 0 1.48667610925622 1.64024834590964 1.05365631938912 1.68697102880105 1.36859144805931 1.83408843679354 1.02325915382244 1.45637605362572 1.84178146184422 1.76828347635455 1.56381300603971 1.49286848679185
1.28738412889652 1.26579985395074 0.962727135512978 1.77252061688341 1.25202975398861 1.48310735821724 1.65636230236851 1.73124993871897 1.85875870403834 1.66427391697653 1.77377587626688 1.28690619696863 1.5121174135711 1.13025947613642 1.50087532028556 1.62463493924588 0.994354099966586 1.48667610925622 0 1.88233481463976 1.24099014839157 0.963215732481331 1.88344222633168 1.40316790901124 1.72073603561148 1.40221349429339 1.05658792261966 1.66805775603279 1.51019952562638 1.62213052762672
1.03878678800538 1.67212427011691 1.77308038063347 1.78362559853122 1.80758702498861 1.13596375798807 1.3160275388509 1.7733089888934 0.941811067983508 1.38980828225613 1.79784025670961 1.52633966319263 1.80939728883095 1.42472207196988 1.11259366921149 1.17077284213156 1.24108231347054 1.64024834590964 1.88233481463976 0 1.38325496483594 1.80003569065593 1.64245671709068 1.79495286662132 1.72570478660055 1.66003829101101 1.00129956868477 1.64164349203929 1.10739090223797 1.46042269770987
1.87299277004786 1.6310071866028 1.4354713880457 1.52546110842377 1.05256380559877 0.953790965490043 1.60793323651887 1.28741079429165 1.00684745959006 1.80678006261587 1.46463405829854 1.93496136460453 1.43038728344254 1.86507349647582 1.17297615902498 1.80098365037702 1.17927126004361 1.05365631938912 1.24099014839157 1.38325496483594 0 1.56728934682906 1.79061445570551 1.50406778114848 1.44745954195969 1.75054187444039 1.47778005804867 1.11484540416859 1.131140147103 1.92178440047428
1.28112150309607 1.00669081765227 1.01831476786174 1.66662780335173 1.90538791497238 1.81176578137092 1.35652645654045 1.16113649634644 1.62697981111705 1.82458681007847 1.51056719059125 1.68784993095323 1.16974781407043 1.76196156651713 1.60501884203404 1.29271900840104 1.38469890598208 1.68697102880105 0.963215732481331 1.80003569065593 1.56728934682906 0 1.92329226061702 1.55715742171742 1.06122732767835 1.77159202401526 1.80820154282264 1.0704910706263 1.42691048397683 1.4318817819003
1.53772194893099 1.23575778747909 1.13791878148913 1.80010523367673 1.87071197037585 1.15264921099879 1.20425274129957 1.2382677171845 1.06448039156385 1.47813858743757 1.88042341987602 1.53514128387906 1.85025328909978 1.69403276406229 1.09172225021757 1.02904307097197 1.66626163339242 1.36859144805931 1.88344222633168 1.64245671709068 1.79061445570551 1.92329226061702 0 1.93621649825945 1.15266574919224 1.36633433331735 1.15615163464099 0.969958875095472 1.78743918193504 1.4126029680483
1.30951192509383 1.80216545565054 1.71864791540429 1.58800245984457 1.19763675006106 1.25524533656426 1.44297080184333 1.23133957292885 1.26371830143034 1.58758978266269 1.05576743511483 1.67132455809042 1.21068484848365 1.71022678841837 1.16210697847418 1.80354171362706 1.80187998246402 1.83408843679354 1.40316790901124 1.79495286662132 1.50406778114848 1.55715742171742 1.93621649825945 0 1.64596330677159 1.30792900337838 0.961119913728908 1.51156708248891 1.21628068457358 1.78460567141883
1.85835530073382 1.10450625116937 1.32713420293294 1.23991041327827 1.80266456422396 1.06320612784475 1.37080529751256 1.39339938014746 1.93538635713048 1.77864822885022 1.28067328501493 0.973363026045263 1.23412656760775 0.975534772267565 1.35273549426347 1.57973816408776 1.88191869738512 1.02325915382244 1.72073603561148 1.72570478660055 1.44745954195969 1.06122732767835 1.15266574919224 1.64596330677159 0 1.8518638398964 1.40472383587621 1.12988201691769 1.8539911552798 1.86350522655994
1.49552543251775 1.54246924701147 1.2212761354167 1.07781384768896 1.37084526964463 1.09932123776525 1.48436511866748 1.03490213118494 1.05120851122774 1.27209951449186 1.321937473258 1.8191968605388 1.16386733530089 1.25719003682025 1.61177564458922 1.51922106533311 1.29718641610816 1.45637605362572 1.40221349429339 1.66003829101101 1.75054187444039 1.77159202401526 1.36633433331735 1.30792900337838 1.8518638398964 0 1.39474355312996 1.33758523501456 1.76005592313595 1.30096778552979
1.23650963860564 1.71940394630656 1.7337732873857 1.17128757177852 1.70102629018947 1.14173851418309 1.2790238156449 1.4720158574637 1.85163517133333 1.23180188541301 1.16150912898593 1.85467473347671 1.92102758586407 1.43942541233264 1.08268793020397 1.76262706029229 1.13339006714523 1.84178146184422 1.05658792261966 1.00129956868477 1.47778005804867 1.80820154282264 1.15615163464099 0.961119913728908 1.40472383587621 1.39474355312996 0 1.82347995089367 1.36252157110721 1.15769217163324
1.66318395617418 1.7388854639139 1.91059828363359 1.18053255067207 1.55621038470417 1.08406523941085 1.00163719267584 1.52557521453127 0.950941280461848 0.96075509279035 1.35686138947494 1.38795967493206 1.61689395806752 1.93451396073215 1.66823825566098 1.08981579449028 1.50900915870443 1.76828347635455 1.66805775603279 1.64164349203929 1.11484540416859 1.0704910706263 0.969958875095472 1.51156708248891 1.12988201691769 1.33758523501456 1.82347995089367 0 1.44462962588295 1.11693057324737
1.67521335463971 1.18858063290827 1.14965045382269 1.86899285763502 1.7965598993469 1.22761335154064 1.67965577123687 1.86416755174287 1.90471516060643 1.48809480643831 1.34558676998131 1.66311388090253 1.29819701169617 1.38039197865874 1.24008470936678 1.5341843420174 1.2061182607431 1.56381300603971 1.51019952562638 1.10739090223797 1.131140147103 1.42691048397683 1.78743918193504 1.21628068457358 1.8539911552798 1.76005592313595 1.36252157110721 1.44462962588295 0 1.45655093179084
1.16506864177063 1.84338669851422 1.04744731355458 1.14673063461669 1.62911448976956 1.45838766079396 1.30626009870321 1.29535450134426 0.943120223237202 1.8242589358706 1.29868607805111 1.48626975831576 1.23991888109595 1.43293294915929 1.0919105107896 1.22799422987737 1.54905977053568 1.49286848679185 1.62213052762672 1.46042269770987 1.92178440047428 1.4318817819003 1.4126029680483 1.78460567141883 1.86350522655994 1.30096778552979 1.15769217163324 1.11693057324737 1.45655093179084 0
