0 1.16871558083221 0.994072669651359 1.40452676336281 1.05552976415493 1.73601656616665 1.07975434302352 1.34416347648948 0.991070287767798 1.92841721582226 1.26035588374361 1.25690335361287 1.6788874969352 1.72260847641155 1.13262557145208 1.87580727995373 1.80173962330446 1.16560213011689 1.03455384098925 1.47297428734601 1.16907676565461 1.64675156283192 1.02125387545675 1.58214313955978 1.42761522647925 1.12514404742979 1.83213672460988 1.6581361987628 1.00677386275493 1.13915263698436
1.16871558083221 0 1.90031377645209 1.7999037867412 1.4937024328392 1.29649967444129 1.62190932524391 1.45991889247671 1.15090924641117 1.03928309166804 1.6028032915201 1.65899343392812 0.972258444875479 1.85119100450538 0.938763284590095 1.25808554026298 1.16683132899925 1.29582951799966 1.38204811769538 1.85070421174169 1.59937721467577 1.84730928414501 1.09218547050841 0.979026233078912 1.28398178471252 1.81455240561627 1.0081862048246 1.46473905490711 1.55328960181214 1.88490694318898
0.994072669651359 1.90031377645209 0 1.20513524627313 1.39857150590979 1.38611813774332 1.10617756191641 1.11408108659089 1.65106283337809 1.73520519840531 1.15654588094912 1.80522102955729 1.37561602378264 1.52951102168299 1.02728093904443 1.00487685389817 1.60264580743387 1.55838486785069 1.77826493512839 1.78116238606162 1.12996402848512 1.03175531304441 0.983678546035662 1.56286566774361 1.03891599574126 1.07751557789743 1.15907167526893 1.23102941201068 1.46087747463025 1.3725365253631
1.40452676336281 1.7999037867412 1.20513524627313 0 1.09246144909412 1.12187565979548 1.03803492430598 1.17636339413002 1.58950406080112 1.08989712665789 1.15786535618827 1.13279331685044 1.11033334280364 1.35013698786497 1.62285566469654 1.13054409530014 1.45002542156726 1.11797146964818 1.02706334320828 1.67068566801026 1.75708402320743 0.951729614753276 1.50605397135951 1.38944507529959 1.07101550092921 1.61023112898692 1.07475022086874 1.03108135075308 1.61371720395982 1.16820866428316
1.05552976415493 1.4937024328392 1.39857150590979 1.09246144909412 0 1.54278289549984 1.26597537798807 1.61832052120008 1.41024420317262 1.23101905267686 1.4683816707693 1.53229535999708 1.31918195844628 1.01726330327801 1.22040206380188 1.24296160694212 1.03121857088991 0.970918539445847 1.37292260723189 1.28379769367166 1.44659673562273 1.70177236548625 1.04323736368679 1.85476420097984 1.22810411243699 1.71801874646917 1.49512624903582 0.979521734407172 1.22498118760996 1.64866816205904
1.73601656616665 1.29649967444129 1.38611813774332 1.12187565979548 1.54278289549984 0 1.21127966954373 1.18320683995262 0.977993117412552 1.26020010421053 1.21600522263907 0.930086814798415 0.999532957561314 1.85537296999246 1.32461733790115 0.962802155176178 1.78743362962268 1.29861458903179 1.557999441633 1.92256896011531 1.16869916766882 0.961125432280824 1.33037988469005 1.58250810834579 1.4129735250026 1.76108364830725 1.44235108420253 1.1083628188353 1.25248974165879 1.84977535554208
1.07975434302352 1.62190932524391 1.10617756191641 1.03803492430598 1.26597537798807 1.21127966954373 0 1.41705494490452 1.42740865331143 1.89906297251582 1.68346160277724 1.79507434740663 1.72303499118425 1.10082891583443 0.978881655959412 1.63813812634908 1.73969588824548 1.6913311665412 1.8044505182188 1.55170995253138 1.05944749666378 1.47322514280677 1.51989704812877 1.56355994287878 1.23331190296449 1.83631459646858 1.13871005829424 1.25400231848471 1.30802996084094 1.56723965727724
1.34416347648948 1.45991889247671 1.11408108659089 1.17636339413002 1.61832052120008 1.18320683995262 1.41705494490452 0 1.65855899755843 1.03938066074625 1.53379348176531 1.78964960947633 1.44089195248671 1.75375702930614 1.9120140185114 1.5037683439441 1.6871850269381 1.05900537129492 1.55376249575056 1.23563803639263 1.53918543108739 1.6646880642511 1.08054890017956 1.00761723401956 1.22339224792086 1.58444747515023 1.76613535289653 1.81501601054333 1.08797032875009 1.07404124853201
0.991070287767798 1.15090924641117 1.65106283337809 1.58950406080112 1.41024420317262 0.977993117412552 1.42740865331143 1.65855899755843 0 1.05455109477043 1.28807687410153 1.85378283401951 1.16185639286414 0.974561595590785 1.36512450361624 1.44835843658075 1.18662036047317 1.58773333928548 1.11122933006845 1.67462173593231 1.10933089302853 1.2543345738668 1.28366019460373 1.40774171007797 1.2795396388974 1.92528291768394 0.966334187192842 1.63023026916198 1.35526978154667 1.60125603480265
1.92841721582226 1.03928309166804 1.73520519840531 1.08989712665789 1.23101905267686 1.26020010421053 1.89906297251582 1.03938066074625 1.05455109477043 0 0.952614022651687 1.64233214524575 1.45954266400076 1.83147955685854 1.08247320889495 1.82735833269544 1.82831543264911 1.12968803429976 1.21890117693692 1.33431385131553 0.93816641299054 1.21490470832214 1.84483371651731 1.46148031833582 1.81260386807844 1.73532442282885 1.90271554514766 1.6258040452376 1.73596190288663 1.62048914539628
1.26035588374361 1.6028032915201 1.15654588094912 1.15786535618827 1.4683816707693 1.21600522263907 1.68346160277724 1.53379348176531 1.28807687410153 0.952614022651687 0 1.20896648592316 1.29331592679955 1.16036807396449 0.991900722729042 1.11856158310547 1.38446265063249 1.84092927281745 1.36184464814141 1.10215735156089 1.70758352754638 1.56315537472256 1.86537354253232 1.77362581458874 1.51323386840522 1.06245819688775 1.86956221866421 0.996966623468325 1.43599808192812 1.3551898621954
1.25690335361287 1.65899343392812 1.80522102955729 1.13279331685044 1.53229535999708 0.930086814798415 1.79507434740663 1.78964960947633 1.85378283401951 1.64233214524575 1.20896648592316 0 1.42604399845004 1.07201069151051 1.58598552667536 1.50872255326249 0.989929236704484 1.32607637555338 1.19894776656292 1.78333327569999 1.38773974240758 1.27383713447489 1.26142633170821 1.70282500353642 1.82183100399561 1.09254186833277 1.36170985526405 1.73750874982215 1.31438928004354 1.04484523041174
1.6788874969352 0.972258444875479 1.37561602378264 1.11033334280364 1.31918195844628 0.999532957561314 1.72303499118425 1.44089195248671 1.16185639286414 1.45954266400076 1.29331592679955 1.42604399845004 0 1.74730210425332 0.982620306778699 1.00598166999407 1.92048772494309 1.76191888400353 1.59124633320607 1.74155672104098 1.56374220643193 1.65294184908271 1.63770827045664 1.61051714397036 1.89001655438915 1.54671414126642 1.22804259997793 1.56728632980958 1.49411774100736 1.6313391122967
1.72260847641155 1.85119100450538 1.52951102168299 1.35013698786497 1.01726330327801 1.85537296999246 1.10082891583443 1.75375702930614 0.974561595590785 1.83147955685854 1.16036807396449 1.07201069151051 1.74730210425332 0 1.88120991853066 1.57690934510902 1.16977404104546 1.55531153525226 1.81670747604221 1.36082252743654 1.19171002972871 1.13882697490044 0.953101829625666 1.73674829443917 1.59318361361511 0.950721322093159 1.11603135243058 0.968222993193194 1.27808639849536 1.13180558686145
1.13262557145208 0.938763284590095 1.02728093904443 1.62285566469654 1.22040206380188 1.32461733790115 0.978881655959412 1.9120140185114 1.36512450361624 1.08247320889495 0.991900722729042 1.58598552667536 0.982620306778699 1.88120991853066 0 1.78263874561526 1.54877478070557 1.58963101776317 1.84480191930197 1.09670610446483 1.88484272081405 1.23439421108924 1.16853638342582 1.00368810375221 1.83638496440835 1.48206143197604 1.91685426584445 1.63238573540002 1.27029346791096 1.04001080663875
1.87580727995373 1.25808554026298 1.00487685389817 1.13054409530014 1.24296160694212 0.962802155176178 1.63813812634908 1.5037683439441 1.44835843658075 1.82735833269544 1.11856158310547 1.50872255326249 1.00598166999407 1.57690934510902 1.78263874561526 0 1.79143433715217 1.27656144765206 1.71208633831702 1.54119298001751 1.74305259226821 1.83434641244821 1.20212911861017 1.60635774955153 1.17806077259593 1.34137142309919 1.2087822034955 1.78830616292544 1.42372169601731 1.34737768373452
1.80173962330446 1.16683132899925 1.60264580743387 1.45002542156726 1.03121857088991 1.78743362962268 1.73969588824548 1.6871850269381 1.18662036047317 1.82831543264911 1.38446265063249 0.989929236704484 1.92048772494309 1.16977404104546 1.54877478070557 1.79143433715217 0 1.8868383441586 1.65657565207221 1.68746351008303 1.60898921010084 1.71747386315838 1.83170677325688 1.88853704300709 1.86716722208075 1.61206110613421 0.960734829772264 1.49470860790461 1.03755449480377 1.67067087255418
1.16560213011689 1.29582951799966 1.55838486785069 1.11797146964818 0.970918539445847 1.29861458903179 1.6913311665412 1.05900537129492 1.58773333928548 1.12968803429976 1.84092927281745 1.32607637555338 1.76191888400353 1.55531153525226 1.58963101776317 1.27656144765206 1.8868383441586 0 1.46359294792637 1.06238095532171 1.1672746965196 1.64982298598625 1.61890464881435 1.86524451477453 1.87142204237171 1.64841895038262 1.43382202554494 1.4070334895514 1.32157139806077 1.39770213654265
1.03455384098925 1.38204811769538 1.77826493512839 1.02706334320828 1.37292260723189 1.557999441633 1.8044505182188 1.55376249575056 1.11122933006845 1.21890117693692 1.36184464814141 1.19894776656292 1.59124633320607 1.81670747604221 1.84480191930197 1.71208633831702 1.65657565207221 1.46359294792637 0 1.88335921918042 1.42743822536431 1.46962545020506 1.43434620136395 1.58486012928188 1.20189071050845 1.14750456623733 1.85334070003591 1.7228241013363 1.73762060445733 1.40127758076414
1.47297428734601 1.85070421174169 1.78116238606162 1.67068566801026 1.28379769367166 1.92256896011531 1.55170995253138 1.23563803639263 1.67462173593231 1.33431385131553 1.10215735156089 1.78333327569999 1.74155672104098 1.36082252743654 1.09670610446483 1.54119298001751 1.68746351008303 1.06238095532171 1.88335921918042 0 1.17163234273903 1.63272829796188 1.08243228378706 1.50053062103689 1.11787348869257 1.32594300573692 1.45387823577039 1.10607952228747 1.05141039588489 1.0791014006827
1.16907676565461 1.59937721467577 1.12996402848512 1.75708402320743 1.44659673562273 1.16869916766882 1.05944749666378 1.53918543108739 1.10933089302853 0.93816641299054 1.70758352754638 1.38773974240758 1.56374220643193 1.19171002972871 1.88484272081405 1.74305259226821 1.60898921010084 1.1672746965196 1.42743822536431 1.17163234273903 0 1.28857601876371 1.17613727529533 1.54126611794345 1.47584089799784 1.24495064117946 1.7866334291175 1.17882685665973 1.01607045042329 1.49372160527855
1.64675156283192 1.84730928414501 1.03175531304441 0.951729614753276 1.70177236548625 0.961125432280824 1.47322514280677 1.6646880642511 1.2543345738668 1.21490470832214 1.56315537472256 1.27383713447489 1.65294184908271 1.13882697490044 1.23439421108924 1.83434641244821 1.71747386315838 1.64982298598625 1.46962545020506 1.63272829796188 1.28857601876371 0 1.27340608811937 0.945445026503876 1.31930476380512 1.13820203952491 1.24759937659837 1.04329068330117 1.0297748062294 1.86027495074086
1.02125387545675 1.09218547050841 0.983678546035662 1.50605397135951 1.04323736368679 1.33037988469005 1.51989704812877 1.08054890017956 1.28366019460373 1.84483371651731 1.86537354253232 1.26142633170821 1.63770827045664 0.953101829625666 1.16853638342582 1.20212911861017 1.83170677325688 1.61890464881435 1.43434620136395 1.08243228378706 1.17613727529533 1.27340608811937 0 1.17885282891802 1.28740114718676 1.65080355061218 1.64236668939702 1.5259372536093 1.51817261148244 1.49967151065357
1.58214313955978 0.979026233078912 1.56286566774361 1.38944507529959 1.85476420097984 1.58250810834579 1.56355994287878 1.00761723401956 1.40774171007797 1.46148031833582 1.77362581458874 1.70282500353642 1.61051714397036 1.73674829443917 1.00368810375221 1.60635774955153 1.88853704300709 1.86524451477453 1.58486012928188 1.50053062103689 1.54126611794345 0.945445026503876 1.17885282891802 0 1.90814930433407 1.61478037270717 1.46228511887603 1.56709976913407 1.89902375149541 1.89888869528659
1.42761522647925 1.28398178471252 1.03891599574126 1.07101550092921 1.22810411243699 1.4129735250026 1.23331190296449 1.22339224792086 1.2795396388974 1.81260386807844 1.51323386840522 1.82183100399561 1.89001655438915 1.59318361361511 1.83638496440835 1.17806077259593 1.86716722208075 1.87142204237171 1.20189071050845 1.11787348869257 1.47584089799784 1.31930476380512 1.28740114718676 1.90814930433407 0 1.68641799711622 1.08278983039781 0.937619748758152 0.949010839220136 1.73365969350561
1.12514404742979 1.81455240561627 1.07751557789743 1.61023112898692 1.71801874646917 1.76108364830725 1.83631459646858 1.58444747515023 1.92528291768394 1.73532442282885 1.06245819688775 1.09254186833277 1.54671414126642 0.950721322093159 1.48206143197604 1.34137142309919 1.61206110613421 1.64841895038262 1.14750456623733 1.32594300573692 1.24495064117946 1.13820203952491 1.65080355061218 1.61478037270717 1.68641799711622 0 1.16818535816856 0.981682998361066 1.78857280081138 1.73955116863362
1.83213672460988 1.0081862048246 1.15907167526893 1.07475022086874 1.49512624903582 1.44235108420253 1.13871005829424 1.76613535289653 0.966334187192842 1.90271554514766 1.86956221866421 1.36170985526405 1.22804259997793 1.11603135243058 1.91685426584445 1.2087822034955 0.960734829772264 1.43382202554494 1.85334070003591 1.45387823577039 1.7866334291175 1.24759937659837 1.64236668939702 1.46228511887603 1.08278983039781 1.16818535816856 0 1.29657017462887 1.10258089657873 1.63256597449072
1.6581361987628 1.46473905490711 1.23102941201068 1.03108135075308 0.979521734407172 1.1083628188353 1.25400231848471 1.81501601054333 1.63023026916198 1.6258040452376 0.996966623468325 1.73750874982215 1.56728632980958 0.968222993193194 1.63238573540002 1.78830616292544 1.49470860790461 1.4070334895514 1.7228241013363 1.10607952228747 1.17882685665973 1.04329068330117 1.5259372536093 1.56709976913407 0.937619748758152 0.981682998361066 1.29657017462887 0 1.45860836002976 1.50750954193063
1.00677386275493 1.55328960181214 1.46087747463025 1.61371720395982 1.22498118760996 1.25248974165879 1.30802996084094 1.08797032875009 1.35526978154667 1.73596190288663 1.43599808192812 1.31438928004354 1.49411774100736 1.27808639849536 1.27029346791096 1.42372169601731 1.03755449480377 1.32157139806077 1.73762060445733 1.05141039588489 1.01607045042329 1.0297748062294 1.51817261148244 1.89902375149541 0.949010839220136 1.78857280081138 1.10258089657873 1.45860836002976 0 0.988558324519545
1.13915263698436 1.88490694318898 1.3725365253631 1.16820866428316 1.64866816205904 1.84977535554208 1.56723965727724 1.07404124853201 1.60125603480265 1.62048914539628 1.3551898621954 1.04484523041174 1.6313391122967 1.13180558686145 1.04001080663875 1.34737768373452 1.67067087255418 1.39770213654265 1.40127758076414 1.0791014006827 1.49372160527855 1.86027495074086 1.49967151065357 1.89888869528659 1.73365969350561 1.73955116863362 1.63256597449072 1.50750954193063 0.988558324519545 0
