0 0.908566312398762 1.75095154880546 1.00793829280883 1.23607140476815 1.34674304234795 1.03285133838654 1.57247223961167 1.78151010395959 1.44846955733374 1.38507593376562 1.44910994870588 1.41816095029935 1.69562830799259 1.20360265066847 0.960945011815056 1.42843544483185 1.84228836768307 1.56336876982823 1.49370715231635 1.19354444020428 1.79774282802828 0.94176338147372 1.12450443650596 1.20283138868399 1.16524389060214 1.86033051926643 0.962670031469315 0.936651006340981 1.04449792113155
0.908566312398762 0 1.01013906602748 1.49317179108039 1.30934565747157 1.76394222024828 1.27343264198862 1.66315029305406 1.18382583581842 1.16325121442787 1.1840639738366 1.63083369540982 1.65704027260654 1.22148229018785 1.8505779991392 0.946336299646646 1.31958813103847 1.31394900125451 1.47406590683386 1.74732691934332 1.19048611121252 0.930804504081607 1.26981779444031 1.86030034255236 1.20775385713205 1.18913393514231 1.25416572485119 1.61024078656919 1.41817019879818 1.11841752659529
1.75095154880546 1.01013906602748 0 1.18396807322279 1.56761234626174 1.40638608648442 1.80107730417512 1.02753333980218 1.29439156712033 1.26650518854149 1.73293933388777 1.33378587802872 1.5952486700844 1.28562541864812 1.63564967410639 1.59143136860803 1.5120754968375 1.04933879966848 1.8781176537741 1.42203239304945 1.45457661035471 0.90503241145052 1.48832472064532 1.76530674146488 1.04832492466085 1.87814483302645 1.43139529414475 0.929241215111688 1.11864605196752 1.59723715507425
1.00793829280883 1.49317179108039 1.18396807322279 0 1.80087938252836 1.74289223435335 1.40364271681756 1.18232036335394 1.21518723247573 1.49230197956786 1.75671545485966 1.01472949213348 0.925838317256421 1.58282566210255 1.25612622965127 1.48658902361058 1.82898963824846 1.38093762542121 1.48369897552766 1.56213682354428 1.58585597551428 1.42843073536642 0.927432821830735 1.66412604390644 1.53074037656188 1.00730174174532 1.34943570545875 1.27435352746397 0.946553832385689 0.903613299131393
1.23607140476815 1.30934565747157 1.56761234626174 1.80087938252836 0 1.6208202179987 1.58147677895613 1.21070983423851 1.15375307830982 1.53457261109725 1.28998740925454 1.6529898699373 0.962800628738478 1.46525941416621 1.63964361092076 1.17289941199124 1.39143367786892 1.82716114795767 1.47795779281296 1.16746744583361 1.08043340989389 0.985372715862468 1.89342605206184 1.15285926917568 1.72856521466747 1.89273706334643 1.46608714107424 1.59177005663514 1.15352831734344 1.23218803596683
1.34674304234795 1.76394222024828 1.40638608648442 1.74289223435335 1.6208202179987 0 1.77991641522385 1.59665529779159 1.8555652119685 0.960763627896085 1.78078074427322 0.977691720239818 1.60251271538436 1.08612553938292 1.17384479101747 0.921141965081915 1.8091541195754 0.90978750702925 1.52265487634577 1.12128885230049 1.59068406443112 0.933322231518105 1.13740268279798 1.09247353789397 1.34562228620052 1.03798757493496 1.58963041868992 1.04304324742407 1.53739595296793 1.59421763755381
1.03285133838654 1.27343264198862 1.80107730417512 1.40364271681756 1.58147677895613 1.77991641522385 0 1.81975486292504 1.70831007463858 1.72569729411043 1.15144733106717 1.15950281010009 1.67283132416196 1.0059301496949 0.980171938426793 1.17450277577154 1.21096495771781 1.21709533850662 1.69091305276379 1.69457453861833 1.4648460438475 1.55470764846541 1.6899659356568 1.84903575782664 0.925864163320512 1.12128861434758 1.8459151268471 1.56346293515526 1.15627397876233 0.93740622070618
1.57247223961167 1.66315029305406 1.02753333980218 1.18232036335394 1.21070983423851 1.59665529779159 1.81975486292504 0 0.928596311947331 1.28013687161729 1.3263191699516 1.84429871849716 1.52858956693672 1.8569061618764 1.7507539417129 1.62729095108807 1.63878415897489 1.41378130135126 1.57586205680855 1.10134208877571 1.6798923027236 1.70384152652696 1.44575811526738 1.53842796757817 1.67007892858237 1.47402089089155 1.06863925140351 0.94618326309137 1.75875209853984 1.74992073723115
1.78151010395959 1.18382583581842 1.29439156712033 1.21518723247573 1.15375307830982 1.8555652119685 1.70831007463858 0.928596311947331 0 1.22781400522217 1.2034602991771 1.46013093204238 1.1356902809348 1.37893084064126 1.48067226749845 1.47002669726498 1.64593981765211 0.982748061185703 1.55528463795781 0.994982722448185 0.903692265972495 1.79504226427525 1.19146776315756 1.53355853632092 1.13281355379149 0.995295915519819 1.63528243103065 1.50176238594577 1.6290727192536 1.30386957735755
1.44846955733374 1.16325121442787 1.26650518854149 1.49230197956786 1.53457261109725 0.960763627896085 1.72569729411043 1.28013687161729 1.22781400522217 0 1.06068166182376 1.53435665811412 1.73030329309404 1.43376700463705 1.42501343367621 1.11406071833335 0.958228466100991 1.18142670881934 1.76735060708597 1.06074828235433 1.28689029370435 1.79286917648278 1.63904000981711 1.46919767232612 1.83048724499531 1.53588284715079 1.56654327479191 1.80594906792976 1.84260711097158 1.22990482090972
1.38507593376562 1.1840639738366 1.73293933388777 1.75671545485966 1.28998740925454 1.78078074427322 1.15144733106717 1.3263191699516 1.2034602991771 1.06068166182376 0 1.15206539188512 1.49434518069029 1.75901177106425 1.24215140938759 1.23254704941064 1.27701653400436 1.72384236846119 1.66940992767923 1.21249957988039 1.21258214861155 1.66870131599717 1.86054786504246 1.20993117871694 1.34507708996534 1.5951488185674 1.01151407486759 1.12125611049123 1.59785232529975 1.17969762277789
1.44910994870588 1.63083369540982 1.33378587802872 1.01472949213348 1.6529898699373 0.977691720239818 1.15950281010009 1.84429871849716 1.46013093204238 1.53435665811412 1.15206539188512 0 1.84042139281519 1.06137491296977 1.59503358858638 1.51940303505398 1.16886811493896 1.24833163525909 1.6507548277732 1.87024836358614 1.66560180764645 1.04765335819684 1.72021164605394 1.09070415585302 1.03041430283338 1.35828334488906 1.07106068264693 0.898115455405787 1.24014677340165 1.58857017103583
1.41816095029935 1.65704027260654 1.5952486700844 0.925838317256421 0.962800628738478 1.60251271538436 1.67283132416196 1.52858956693672 1.1356902809348 1.73030329309404 1.49434518069029 1.84042139281519 0 1.84795392304659 1.19488845672458 1.49698468111455 1.7417436086107 1.29487926163711 1.51882982556708 1.67854178138077 1.29222768242471 1.8747858623974 1.56110296933912 1.19606427010149 1.80514922272414 0.965900838142261 1.46334825223312 1.28776219510473 1.74972318229266 1.54757650289685
1.69562830799259 1.22148229018785 1.28562541864812 1.58282566210255 1.46525941416621 1.08612553938292 1.0059301496949 1.8569061618764 1.37893084064126 1.43376700463705 1.75901177106425 1.06137491296977 1.84795392304659 0 1.06989133707248 1.61232460406609 1.78201253921725 1.17640353552997 1.22655874746852 1.44045930868015 1.25069505907595 0.965365169104189 1.84807902900502 1.66650629648939 1.55185228772461 1.32282852823846 1.53483943920583 1.27560680243187 1.68096519215032 0.967545023187995
1.20360265066847 1.8505779991392 1.63564967410639 1.25612622965127 1.63964361092076 1.17384479101747 0.980171938426793 1.7507539417129 1.48067226749845 1.42501343367621 1.24215140938759 1.59503358858638 1.19488845672458 1.06989133707248 0 1.22044946602546 1.11609141808003 1.60238565318286 1.51367731392384 1.33569387719035 1.6341070367489 1.72996320296079 1.37954437430017 1.1965076031629 1.0741273490712 1.85965376463719 1.10042157256976 1.30761063308455 1.22918864525855 1.53842388349585
0.960945011815056 0.946336299646646 1.59143136860803 1.48658902361058 1.17289941199124 0.921141965081915 1.17450277577154 1.62729095108807 1.47002669726498 1.11406071833335 1.23254704941064 1.51940303505398 1.49698468111455 1.61232460406609 1.22044946602546 0 1.41659788135439 1.21738923736848 1.09387753368355 1.41252862825058 1.36976693640463 1.51274419226684 1.44772871816531 1.09634835482575 1.79892100556754 1.60454942029901 1.87706352979876 1.22077176091261 1.01427193894051 0.985179673647508
1.42843544483185 1.31958813103847 1.5120754968375 1.82898963824846 1.39143367786892 1.8091541195754 1.21096495771781 1.63878415897489 1.64593981765211 0.958228466100991 1.27701653400436 1.16886811493896 1.7417436086107 1.78201253921725 1.11609141808003 1.41659788135439 0 1.38418254279532 1.00685970066115 1.7214562271256 1.53458206541836 1.01428334391676 1.39340541721322 1.38782832538709 1.12364115379751 1.29691734910011 1.02406198112294 1.20039898739196 1.77114577498287 1.77137170475908
1.84228836768307 1.31394900125451 1.04933879966848 1.38093762542121 1.82716114795767 0.90978750702925 1.21709533850662 1.41378130135126 0.982748061185703 1.18142670881934 1.72384236846119 1.24833163525909 1.29487926163711 1.17640353552997 1.60238565318286 1.21738923736848 1.38418254279532 0 1.07864363631234 1.61200522165745 1.4018616406247 1.27366833854467 1.31747241434641 1.87632916681468 1.29993773205206 1.2484272562433 1.58671905053779 1.57280939817429 1.27052437863313 1.77800393849611
1.56336876982823 1.47406590683386 1.8781176537741 1.48369897552766 1.47795779281296 1.52265487634577 1.69091305276379 1.57586205680855 1.55528463795781 1.76735060708597 1.66940992767923 1.6507548277732 1.51882982556708 1.22655874746852 1.51367731392384 1.09387753368355 1.00685970066115 1.07864363631234 0 1.18449075124227 0.923839772120118 0.977417991263792 1.76490981108509 1.00775212468579 1.76547263748944 1.13578086649068 1.47192962723784 1.48157957824878 1.68347871652804 0.992105543147773
1.49370715231635 1.74732691934332 1.42203239304945 1.56213682354428 1.16746744583361 1.12128885230049 1.69457453861833 1.10134208877571 0.994982722448185 1.06074828235433 1.21249957988039 1.87024836358614 1.67854178138077 1.44045930868015 1.33569387719035 1.41252862825058 1.7214562271256 1.61200522165745 1.18449075124227 0 1.4625215025153 1.17495867796242 1.72412372240797 1.67919253301807 1.5387310362421 0.961031375452876 1.27623640769161 1.48520027054474 1.13395087677054 1.17176517378539
1.19354444020428 1.19048611121252 1.45457661035471 1.58585597551428 1.08043340989389 1.59068406443112 1.4648460438475 1.6798923027236 0.903692265972495 1.28689029370435 1.21258214861155 1.66560180764645 1.29222768242471 1.25069505907595 1.6341070367489 1.36976693640463 1.53458206541836 1.4018616406247 0.923839772120118 1.4625215025153 0 1.65673328237608 1.38378324173391 0.971194606041536 1.33094863942824 0.942725097527727 1.09282342111692 1.74228727212176 1.80690257484093 1.63927404256538
1.79774282802828 0.930804504081607 0.90503241145052 1.42843073536642 0.985372715862468 0.933322231518105 1.55470764846541 1.70384152652696 1.79504226427525 1.79286917648278 1.66870131599717 1.04765335819684 1.8747858623974 0.965365169104189 1.72996320296079 1.51274419226684 1.01428334391676 1.27366833854467 0.977417991263792 1.17495867796242 1.65673328237608 0 1.18092529173009 1.06113177817315 1.47995072067715 1.24759124359116 1.39853665977716 0.899373288266361 1.43658696603961 1.51685514836572
0.94176338147372 1.26981779444031 1.48832472064532 0.927432821830735 1.89342605206184 1.13740268279798 1.6899659356568 1.44575811526738 1.19146776315756 1.63904000981711 1.86054786504246 1.72021164605394 1.56110296933912 1.84807902900502 1.37954437430017 1.44772871816531 1.39340541721322 1.31747241434641 1.76490981108509 1.72412372240797 1.38378324173391 1.18092529173009 0 1.59805370029062 1.63543559703976 1.81776249594986 1.30610140739009 1.78131625405513 1.37471274216659 1.10343771521002
1.12450443650596 1.86030034255236 1.76530674146488 1.66412604390644 1.15285926917568 1.09247353789397 1.84903575782664 1.53842796757817 1.53355853632092 1.46919767232612 1.20993117871694 1.09070415585302 1.19606427010149 1.66650629648939 1.1965076031629 1.09634835482575 1.38782832538709 1.87632916681468 1.00775212468579 1.67919253301807 0.971194606041536 1.06113177817315 1.59805370029062 0 1.14745584223419 0.96071473765187 0.99234489002265 1.09800024051219 1.14872140041552 1.16645423602313
1.20283138868399 1.20775385713205 1.04832492466085 1.53074037656188 1.72856521466747 1.34562228620052 0.925864163320512 1.67007892858237 1.13281355379149 1.83048724499531 1.34507708996534 1.03041430283338 1.80514922272414 1.55185228772461 1.0741273490712 1.79892100556754 1.12364115379751 1.29993773205206 1.76547263748944 1.5387310362421 1.33094863942824 1.47995072067715 1.63543559703976 1.14745584223419 0 1.68575014919043 0.925723226973787 1.15743277943693 1.28846058249474 1.02750948513858
1.16524389060214 1.18913393514231 1.87814483302645 1.00730174174532 1.89273706334643 1.03798757493496 1.12128861434758 1.47402089089155 0.995295915519819 1.53588284715079 1.5951488185674 1.35828334488906 0.965900838142261 1.32282852823846 1.85965376463719 1.60454942029901 1.29691734910011 1.2484272562433 1.13578086649068 0.961031375452876 0.942725097527727 1.24759124359116 1.81776249594986 0.96071473765187 1.68575014919043 0 1.51537852385081 1.57023507286794 1.07884747651406 1.77726364531554
1.86033051926643 1.25416572485119 1.43139529414475 1.34943570545875 1.46608714107424 1.58963041868992 1.8459151268471 1.06863925140351 1.63528243103065 1.56654327479191 1.01151407486759 1.07106068264693 1.46334825223312 1.53483943920583 1.10042157256976 1.87706352979876 1.02406198112294 1.58671905053779 1.47192962723784 1.27623640769161 1.09282342111692 1.39853665977716 1.30610140739009 0.99234489002265 0.925723226973787 1.51537852385081 0 1.24396348302253 1.8675794985611 1.3216037102975
0.962670031469315 1.61024078656919 0.929241215111688 1.27435352746397 1.59177005663514 1.04304324742407 1.56346293515526 0.94618326309137 1.50176238594577 1.80594906792976 1.12125611049123 0.898115455405787 1.28776219510473 1.27560680243187 1.30761063308455 1.22077176091261 1.20039898739196 1.57280939817429 1.48157957824878 1.48520027054474 1.74228727212176 0.899373288266361 1.78131625405513 1.09800024051219 1.15743277943693 1.57023507286794 1.24396348302253 0 1.61259755305946 1.83614374161698
0.936651006340981 1.41817019879818 1.11864605196752 0.946553832385689 1.15352831734344 1.53739595296793 1.15627397876233 1.75875209853984 1.6290727192536 1.84260711097158 1.59785232529975 1.24014677340165 1.74972318229266 1.68096519215032 1.22918864525855 1.01427193894051 1.77114577498287 1.27052437863313 1.68347871652804 1.13395087677054 1.80690257484093 1.43658696603961 1.37471274216659 1.14872140041552 1.28846058249474 1.07884747651406 1.8675794985611 1.61259755305946 0 1.42846830701455
1.04449792113155 1.11841752659529 1.59723715507425 0.903613299131393 1.23218803596683 1.59421763755381 0.93740622070618 1.74992073723115 1.30386957735755 1.22990482090972 1.17969762277789 1.58857017103583 1.54757650289685 0.967545023187995 1.53842388349585 0.985179673647508 1.77137170475908 1.77800393849611 0.992105543147773 1.17176517378539 1.63927404256538 1.51685514836572 1.10343771521002 1.16645423602313 1.02750948513858 1.77726364531554 1.3216037102975 1.83614374161698 1.42846830701455 0
