0 1.56967086740769 1.87334511149675 1.32199465041049 1.48910179757513 1.41848889132962 1.97039912058972 1.66391736082733 1.7688456994947 1.14583182195202 1.09621167671867 1.73058288753964 1.91946939798072 1.08706963644363 1.31704306765459 1.37065295851789 1.83927523810416 1.39326381823048 1.74512386322021 1.87092569400556 1.85114974481985 1.10972940269858 1.95232060202397 1.71231407858431 1.42958625149913 1.27672495227307 1.85548992664553 1.06540341954678 1.31986165465787 0.995992381358519
1.56967086740769 0 1.92740831081755 1.04726409679279 1.40058504114859 0.997685594717041 1.57159517542459 1.67398678860627 1.3084716454614 1.30862270202488 1.4208635459654 1.67425956809893 1.38729606871493 1.05101773072965 1.81196802901104 1.48098288662732 1.93627072591335 1.57916909456253 1.58679411304183 1.43770517967641 1.33507272647694 1.44002539874054 1.71958498749882 1.0359853846021 1.94496047613211 1.17081739939749 1.57960275327787 1.19750902568921 1.5920745106414 1.49975943029858
1.87334511149675 1.92740831081755 0 1.41218444285914 1.69018420856446 1.79078496946022 1.81985529023223 1.55069251847453 1.44820562493987 1.37978519196622 1.54118165955879 1.39387391228229 1.01909401151352 1.52805372048169 1.38578983955085 1.02969264402054 1.60429423139431 1.85377650917508 1.36540417117067 1.39115808298811 1.31647955277003 1.91434559808113 1.90082639432512 1.44397016940638 1.01920561143197 1.28380453330465 1.77785127330571 1.57002535299398 1.75547592435032 1.11101584532298
1.32199465041049 1.04726409679279 1.41218444285914 0 1.78289420623332 1.51431188825518 1.15820284187794 1.2931875763461 1.41215609828942 1.93891418841667 1.2446809001267 1.80135068623349 1.65522796683945 1.48313886462711 1.53449076251127 1.73116573016159 1.70733857853338 1.57744204741903 1.14690629765391 1.26139494101517 1.7436993860174 1.54329017130658 1.69563811714761 1.5994970749598 1.02649093070067 1.00327439210378 1.07083792728372 1.7380803162232 1.07059166720137 1.86254546628334
1.48910179757513 1.40058504114859 1.69018420856446 1.78289420623332 0 1.19499243050814 1.3149555050768 1.02578904037364 1.60544963274151 1.77673815004528 1.11657722759992 1.78903280454688 1.83995632152073 1.72194105177186 1.7957425871864 1.43571915640496 1.60493941768073 1.27008673641831 1.18015635549091 1.75306781637482 1.76584067894146 1.18355837743729 1.37366195395589 1.31642491417006 1.84649579762481 0.991248660022393 1.8151812995784 1.34235561662354 1.25130042084493 1.95421603741124
1.41848889132962 0.997685594717041 1.79078496946022 1.51431188825518 1.19499243050814 0 1.91376535780728 1.47625101567246 1.24517012899742 1.82560679502785 1.50785005092621 1.33731662877835 1.95138964848593 1.45897854212672 1.60902614681982 1.77170201111585 1.69813589029945 1.9284156083595 1.67866250104271 1.07945734425448 1.6182772917673 1.49903915449977 1.36188626615331 1.77987395040691 1.24922820669599 1.09518648544326 1.12828271160834 1.03634821134619 1.86139120673761 1.21768792439252
1.97039912058972 1.57159517542459 1.81985529023223 1.15820284187794 1.3149555050768 1.91376535780728 0 1.3690786792431 1.89486072422005 1.34644535323605 1.82134623895399 1.62327504949644 1.19189798645675 1.31819363869727 1.11338340491056 1.82505718246102 0.979972899425775 1.57595399394631 1.0272737715859 1.28206714102998 1.44211394735612 1.84343813289888 1.13925391738303 1.65697386208922 1.12716452335007 1.64114186633378 1.10936093050987 1.26002809358761 1.57196788699366 1.39447054383345
1.66391736082733 1.67398678860627 1.55069251847453 1.2931875763461 1.02578904037364 1.47625101567246 1.3690786792431 0 1.18513498548418 1.37507843924686 1.555932109477 1.60597134171985 1.4142959525343 1.38893964025192 1.6582899549976 1.40811310429126 1.55668137315661 1.19435943546705 1.97308684070595 1.68107775389217 1.739361689426 1.57312843273394 1.23873781086877 1.43991325655952 1.67239323025569 1.12436947296374 1.4841242718976 1.63717128662392 1.0948343812488 1.41403566487134
1.7688456994947 1.3084716454614 1.44820562493987 1.41215609828942 1.60544963274151 1.24517012899742 1.89486072422005 1.18513498548418 0 1.04974797344767 0.995637208921835 1.34654727438465 1.1399697016459 1.43748525320552 1.23251009103842 1.97363692568615 1.08865968207829 1.73181615164503 1.31244389596395 1.87172625330277 1.88460796745494 1.94156589847989 1.20016234926879 1.57125442149118 1.91426025959663 1.34075193642639 1.908306786092 1.18704659491777 1.75082151009701 1.14315756573342
1.14583182195202 1.30862270202488 1.37978519196622 1.93891418841667 1.77673815004528 1.82560679502785 1.34644535323605 1.37507843924686 1.04974797344767 0 1.81032535154372 1.77325614215806 1.20287635968998 1.19978070189245 1.95289389393292 1.86470604175702 1.73840432846919 1.65856832801364 1.05955035355873 1.84029374062084 1.96069629117846 1.95237239939161 1.3714612510521 1.81286833039485 1.78757159411907 1.59586673555896 1.07619094708934 1.45747714885511 1.03482593107037 1.55825925595127
1.09621167671867 1.4208635459654 1.54118165955879 1.2446809001267 1.11657722759992 1.50785005092621 1.82134623895399 1.555932109477 0.995637208921835 1.81032535154372 0 1.48999829078093 1.64164908207022 1.67272075079381 1.05366654833779 0.977999716764316 1.1988432535436 1.16562434355728 1.61432410380803 1.088956319727 1.66826450289227 1.0683297039941 1.61411814833991 1.58596061612479 1.18994568823837 1.52532992791384 1.29764708015136 1.7427649886813 1.83142108120956 1.47749651176855
1.73058288753964 1.67425956809893 1.39387391228229 1.80135068623349 1.78903280454688 1.33731662877835 1.62327504949644 1.60597134171985 1.34654727438465 1.77325614215806 1.48999829078093 0 1.92028397670947 1.18095102021471 1.33422362594865 1.71564266388305 1.2820985915605 1.3190594681073 1.14683512109332 1.20460493932478 1.01485314546153 1.9073500034865 1.74589030793868 1.53462551208213 1.74700664472766 1.12075144192204 1.51426740176976 1.89445839566179 1.93939349451102 1.89665500167757
1.91946939798072 1.38729606871493 1.01909401151352 1.65522796683945 1.83995632152073 1.95138964848593 1.19189798645675 1.4142959525343 1.1399697016459 1.20287635968998 1.64164908207022 1.92028397670947 0 1.69828161876649 1.14551754319109 1.77609047736041 1.922290235525 1.17910049506463 1.13510171859525 1.4820053668227 1.06603463250212 1.30067059537396 1.69414185802452 1.31884577427991 1.00569386477582 1.02001691609621 1.32020253920928 1.64035049453378 1.89933120808564 1.83424619073048
1.08706963644363 1.05101773072965 1.52805372048169 1.48313886462711 1.72194105177186 1.45897854212672 1.31819363869727 1.38893964025192 1.43748525320552 1.19978070189245 1.67272075079381 1.18095102021471 1.69828161876649 0 1.56357728596777 1.7176415331196 1.7382337609306 1.04461116041057 1.86540223425254 1.38301046774723 1.12926365388557 1.97632986633107 1.08131401170976 1.79334605578333 1.80209183623083 1.85163200763054 1.57039346010424 1.29988775635138 1.81229731929488 1.48246132023633
1.31704306765459 1.81196802901104 1.38578983955085 1.53449076251127 1.7957425871864 1.60902614681982 1.11338340491056 1.6582899549976 1.23251009103842 1.95289389393292 1.05366654833779 1.33422362594865 1.14551754319109 1.56357728596777 0 1.97663725097664 1.08976096357219 1.69891073810868 1.83256911649369 1.59816178143956 1.20960187586024 1.9431618230883 1.58431228948757 1.5113422209397 1.96099396888167 1.48117665899917 1.89819549955428 1.01669265609235 1.60273635084741 1.7140813798178
1.37065295851789 1.48098288662732 1.02969264402054 1.73116573016159 1.43571915640496 1.77170201111585 1.82505718246102 1.40811310429126 1.97363692568615 1.86470604175702 0.977999716764316 1.71564266388305 1.77609047736041 1.7176415331196 1.97663725097664 0 1.62736584851518 1.2945591523312 1.3585937533062 1.816888890462 1.33789727534167 1.56075608707033 1.70599722233601 0.982955059735104 1.79130046581849 1.27358354022726 1.35176703240722 1.92402882524766 1.15203581820242 1.73001278424636
1.83927523810416 1.93627072591335 1.60429423139431 1.70733857853338 1.60493941768073 1.69813589029945 0.979972899425775 1.55668137315661 1.08865968207829 1.73840432846919 1.1988432535436 1.2820985915605 1.922290235525 1.7382337609306 1.08976096357219 1.62736584851518 0 0.98961961013265 1.07674363651313 1.58807390462607 1.2755549470894 1.13992117368616 1.18647041264921 1.92100050207227 1.31709280074574 1.46728725684807 1.84557684441097 0.997023771051317 1.68838300555944 1.20236389129423
1.39326381823048 1.57916909456253 1.85377650917508 1.57744204741903 1.27008673641831 1.9284156083595 1.57595399394631 1.19435943546705 1.73181615164503 1.65856832801364 1.16562434355728 1.3190594681073 1.17910049506463 1.04461116041057 1.69891073810868 1.2945591523312 0.98961961013265 0 1.50324182002805 1.44742584298365 1.55489184893668 1.24583225278184 1.83591000456363 1.79511611303315 1.73755290638655 1.81743421941064 1.84269966976717 1.77237031934783 1.86225832439959 1.46228928817436
1.74512386322021 1.58679411304183 1.36540417117067 1.14690629765391 1.18015635549091 1.67866250104271 1.0272737715859 1.97308684070595 1.31244389596395 1.05955035355873 1.61432410380803 1.14683512109332 1.13510171859525 1.86540223425254 1.83256911649369 1.3585937533062 1.07674363651313 1.50324182002805 0 1.70617053005844 1.0510115372017 1.92743203509599 0.986507849767804 1.22071513254195 1.43500352837145 1.68638212629594 1.28370302543044 1.27721007610671 1.09685031976551 1.77504252386279
1.87092569400556 1.43770517967641 1.39115808298811 1.26139494101517 1.75306781637482 1.07945734425448 1.28206714102998 1.68107775389217 1.87172625330277 1.84029374062084 1.088956319727 1.20460493932478 1.4820053668227 1.38301046774723 1.59816178143956 1.816888890462 1.58807390462607 1.44742584298365 1.70617053005844 0 1.66158015676774 1.50198736926541 1.56569124176167 1.24159758677706 1.68961488083005 1.20044877193868 1.75372884864919 1.05123045365326 1.47781366133131 1.9363218145445
1.85114974481985 1.33507272647694 1.31647955277003 1.7436993860174 1.76584067894146 1.6182772917673 1.44211394735612 1.739361689426 1.88460796745494 1.96069629117846 1.66826450289227 1.01485314546153 1.06603463250212 1.12926365388557 1.20960187586024 1.33789727534167 1.2755549470894 1.55489184893668 1.0510115372017 1.66158015676774 0 1.76826824061573 1.32436146074906 1.87452804832719 1.14984211605042 1.53391676256433 1.15820605494082 1.77526295837015 1.22058702027425 1.15621116338298
1.10972940269858 1.44002539874054 1.91434559808113 1.54329017130658 1.18355837743729 1.49903915449977 1.84343813289888 1.57312843273394 1.94156589847989 1.95237239939161 1.0683297039941 1.9073500034865 1.30067059537396 1.97632986633107 1.9431618230883 1.56075608707033 1.13992117368616 1.24583225278184 1.92743203509599 1.50198736926541 1.76826824061573 0 1.27773828641511 1.90540867089294 1.53455856814981 1.89355404977687 1.31689369026572 1.14848126610741 1.832582117524 1.68258657958359
1.95232060202397 1.71958498749882 1.90082639432512 1.69563811714761 1.37366195395589 1.36188626615331 1.13925391738303 1.23873781086877 1.20016234926879 1.3714612510521 1.61411814833991 1.74589030793868 1.69414185802452 1.08131401170976 1.58431228948757 1.70599722233601 1.18647041264921 1.83591000456363 0.986507849767804 1.56569124176167 1.32436146074906 1.27773828641511 0 1.21343345544301 1.76096565509215 1.1373683065176 1.95318795181811 1.11887904512696 1.4188415594399 1.64476510602981
1.71231407858431 1.0359853846021 1.44397016940638 1.5994970749598 1.31642491417006 1.77987395040691 1.65697386208922 1.43991325655952 1.57125442149118 1.81286833039485 1.58596061612479 1.53462551208213 1.31884577427991 1.79334605578333 1.5113422209397 0.982955059735104 1.92100050207227 1.79511611303315 1.22071513254195 1.24159758677706 1.87452804832719 1.90540867089294 1.21343345544301 0 1.74440062232316 1.94547118851915 1.86675292928703 1.66087130014785 1.61669100448489 1.349713569507
1.42958625149913 1.94496047613211 1.01920561143197 1.02649093070067 1.84649579762481 1.24922820669599 1.12716452335007 1.67239323025569 1.91426025959663 1.78757159411907 1.18994568823837 1.74700664472766 1.00569386477582 1.80209183623083 1.96099396888167 1.79130046581849 1.31709280074574 1.73755290638655 1.43500352837145 1.68961488083005 1.14984211605042 1.53455856814981 1.76096565509215 1.74440062232316 0 1.9276408215519 1.3415369533468 1.45784111181274 1.58804077166133 1.35827275528572
1.27672495227307 1.17081739939749 1.28380453330465 1.00327439210378 0.991248660022393 1.09518648544326 1.64114186633378 1.12436947296374 1.34075193642639 1.59586673555896 1.52532992791384 1.12075144192204 1.02001691609621 1.85163200763054 1.48117665899917 1.27358354022726 1.46728725684807 1.81743421941064 1.68638212629594 1.20044877193868 1.53391676256433 1.89355404977687 1.1373683065176 1.94547118851915 1.9276408215519 0 1.61380496690981 1.49520876654424 1.35026291571558 1.00649243267253
1.85548992664553 1.57960275327787 1.77785127330571 1.07083792728372 1.8151812995784 1.12828271160834 1.10936093050987 1.4841242718976 1.908306786092 1.07619094708934 1.29764708015136 1.51426740176976 1.32020253920928 1.57039346010424 1.89819549955428 1.35176703240722 1.84557684441097 1.84269966976717 1.28370302543044 1.75372884864919 1.15820605494082 1.31689369026572 1.95318795181811 1.86675292928703 1.3415369533468 1.61380496690981 0 1.73093449627049 1.46694644656964 1.52385945734568
1.06540341954678 1.19750902568921 1.57002535299398 1.7380803162232 1.34235561662354 1.03634821134619 1.26002809358761 1.63717128662392 1.18704659491777 1.45747714885511 1.7427649886813 1.89445839566179 1.64035049453378 1.29988775635138 1.01669265609235 1.92402882524766 0.997023771051317 1.77237031934783 1.27721007610671 1.05123045365326 1.77526295837015 1.14848126610741 1.11887904512696 1.66087130014785 1.45784111181274 1.49520876654424 1.73093449627049 0 1.8137965973001 1.07812899816781
1.31986165465787 1.5920745106414 1.75547592435032 1.07059166720137 1.25130042084493 1.86139120673761 1.57196788699366 1.0948343812488 1.75082151009701 1.03482593107037 1.83142108120956 1.93939349451102 1.89933120808564 1.81229731929488 1.60273635084741 1.15203581820242 1.68838300555944 1.86225832439959 1.09685031976551 1.47781366133131 1.22058702027425 1.832582117524 1.4188415594399 1.61669100448489 1.58804077166133 1.35026291571558 1.46694644656964 1.8137965973001 0 1.93140217615291
0.995992381358519 1.49975943029858 1.11101584532298 1.86254546628334 1.95421603741124 1.21768792439252 1.39447054383345 1.41403566487134 1.14315756573342 1.55825925595127 1.47749651176855 1.89665500167757 1.83424619073048 1.48246132023633 1.7140813798178 1.73001278424636 1.20236389129423 1.46228928817436 1.77504252386279 1.9363218145445 1.15621116338298 1.68258657958359 1.64476510602981 1.349713569507 1.35827275528572 1.00649243267253 1.52385945734568 1.07812899816781 1.93140217615291 0
