0 1.53431523381732 1.91141447005793 1.09459500364028 1.2713023677934 1.321415388491 1.76456371461973 1.74492197181098 1.87077664583921 1.48732331185602 0.987958928802982 1.63428581971675 1.75641474244185 1.37148353783414 1.72121408046223 1.54822779982351 1.43168450449593 1.67459697462618 1.15719110914506 1.20972576667555 1.82655573869124 1.00895298062824 1.44110294617712 1.23583266860805 1.10657755541615 1.39052193029784 1.92510837223381 1.0990596327465 1.76899758190848 1.20806973357685
1.53431523381732 0 1.87139174365439 1.73819578415714 1.26164548681118 0.963328330777586 1.76802550139837 1.67348131490871 1.94602170703001 1.12259370088577 1.75744556705467 1.63797770650126 1.72998126177117 1.07358949678019 1.479367043823 1.16384574305266 1.89154074992985 1.1522415317595 1.22748000035062 1.29897101782262 1.13084787735716 1.86011766223237 1.65621469123289 0.964954449096695 1.03764006099664 1.87338640331291 1.81400960823521 1.77476513618603 1.27344673895277 1.01368678477593
1.91141447005793 1.87139174365439 0 1.64231503615156 1.17739635566249 1.14930080715567 1.79199645156041 1.7806549735833 1.82639222871512 1.19001768459566 1.7159312479198 1.03541081398726 1.11709547578357 1.83710233937018 1.19232844817452 1.59489520848729 1.94413187680766 1.95426268246956 1.13344486430287 1.01413272111677 1.08554768050089 1.12750237924047 1.58142147306353 1.10955777741037 1.56995493639261 1.51435331976973 1.38630468002521 1.39588664099574 1.35986662656069 1.93491679476574
1.09459500364028 1.73819578415714 1.64231503615156 0 1.50355527526699 1.85440963273868 1.57776156859472 1.26384691032581 1.15943011571653 1.2690871655941 1.85053338715807 1.42839391389862 1.86276165768504 1.56898230407387 1.8096171154175 1.48058020067401 1.6111724334769 1.00562862469815 1.6248816344887 1.311744537903 1.03087169094943 1.44952062400989 1.85790697834454 1.8978151709307 1.08130035409704 1.35650885337964 1.53291843575425 1.8470600808505 1.88334561046213 1.49902864312753
1.2713023677934 1.26164548681118 1.17739635566249 1.50355527526699 0 1.05389625788666 1.71513597853482 1.36376592842862 1.54442849266343 1.6318700320553 1.91128995921463 1.47225839924067 1.89214583719149 1.16979051800445 1.32760037528351 1.6101468638517 1.02185316570103 1.6346172564663 1.43279844848439 1.46365348389372 1.85494727850892 1.43556644814089 1.05364497750998 1.55940285022371 1.02389314631 1.42213137540966 1.84251706325449 1.87016601907089 1.3075765192043 1.03257259633392
1.321415388491 0.963328330777586 1.14930080715567 1.85440963273868 1.05389625788666 0 1.77990400791168 1.88682999834418 1.57082522939891 1.91047695325688 1.77312335977331 1.32418416673318 1.7322819402907 0.979396783281118 1.6578155788593 1.12149962689728 1.62207464617677 1.4145303897094 1.16705722198822 1.57469684374519 1.3118049420882 1.31663240562193 1.76782851945609 1.11182741471566 1.77275414881296 1.47154856682755 1.72195922327228 1.26014035800472 1.01587628270499 0.965072746621445
1.76456371461973 1.76802550139837 1.79199645156041 1.57776156859472 1.71513597853482 1.77990400791168 0 1.45877435826696 1.79034026316367 1.39172096387483 1.23689476633444 1.85538524063304 1.01481577055529 1.7003608609084 1.50225137197413 1.69841572525911 1.05154831847176 1.42513213958591 1.76399705093354 1.82037397054955 1.1146042922046 1.05336972908117 1.06908426922746 1.94370912038721 1.58677650708705 1.05201623612083 1.24912590603344 1.88782458007336 1.57488173060119 1.66906768665649
1.74492197181098 1.67348131490871 1.7806549735833 1.26384691032581 1.36376592842862 1.88682999834418 1.45877435826696 0 1.55792275234126 1.32925872085616 1.12256938265637 1.08631287585013 1.51445494126529 1.14354768302292 1.69247393286787 1.77095580310561 1.10634914855473 1.64122117753141 1.80144654796459 1.38995467475615 1.78767772600986 1.63947227480821 1.40211332892068 1.28054921398871 1.72861560597084 1.63072944828309 1.44456086005084 1.61697944137268 1.24984603654593 1.78245178586803
1.87077664583921 1.94602170703001 1.82639222871512 1.15943011571653 1.54442849266343 1.57082522939891 1.79034026316367 1.55792275234126 0 1.03419863223098 1.58313223300502 1.85051088035107 1.88270366331562 1.39319091220386 1.68901805114001 1.73441439005546 1.46650745323859 1.06495873397216 1.00143255013973 1.41398834926076 1.55659890430979 0.995929613476619 1.88104812661186 1.31245482969098 1.18854147219099 1.49915331508964 1.34040643833578 1.05107067897916 1.85162689373828 1.90145726525225
1.48732331185602 1.12259370088577 1.19001768459566 1.2690871655941 1.6318700320553 1.91047695325688 1.39172096387483 1.32925872085616 1.03419863223098 0 1.22984794829972 1.91950197890401 1.42150528589264 1.62010110984556 1.31704646674916 1.47213829634711 1.08654725528322 1.41876026755199 1.12406751560047 0.972133601782843 1.42715814500116 1.54291358403862 1.27142596221529 1.62229792401195 1.36801665020175 1.9422427942045 1.59134603734128 1.87278051651083 1.02022934821434 1.68323682504706
0.987958928802982 1.75744556705467 1.7159312479198 1.85053338715807 1.91128995921463 1.77312335977331 1.23689476633444 1.12256938265637 1.58313223300502 1.22984794829972 0 1.35323954327032 1.29022690630518 1.30860566045158 1.58644790085964 1.51707092300057 1.90511622442864 1.48496490553953 1.8044754487928 1.03031985764392 1.58667096518911 1.82227511727251 1.58379459846765 1.55615557101555 1.2483345232904 0.997958804480731 1.09914926136844 0.996140184113756 1.15209271851927 1.77143935742788
1.63428581971675 1.63797770650126 1.03541081398726 1.42839391389862 1.47225839924067 1.32418416673318 1.85538524063304 1.08631287585013 1.85051088035107 1.91950197890401 1.35323954327032 0 1.73486607987434 1.6226336597465 1.50507802935317 1.67134870262817 1.43539658887312 1.65010222326964 1.95453066634946 1.73797149001621 1.25752872042358 1.28541073366068 1.87549849087372 1.77758727734908 1.33472509216517 1.27667574258521 1.59839120530523 1.40147335780784 1.20638326765038 1.61050269659609
1.75641474244185 1.72998126177117 1.11709547578357 1.86276165768504 1.89214583719149 1.7322819402907 1.01481577055529 1.51445494126529 1.88270366331562 1.42150528589264 1.29022690630518 1.73486607987434 0 1.32776097673923 1.10763138276525 1.5664259318728 1.52518574520946 1.12579585891217 1.05307907192037 1.33576097129844 1.4996866050642 1.6632552954834 1.80614494928159 1.6354781568516 1.1724378853105 1.65183061757125 1.08780613122508 1.01806732569821 1.16434706444852 1.56859500939026
1.37148353783414 1.07358949678019 1.83710233937018 1.56898230407387 1.16979051800445 0.979396783281118 1.7003608609084 1.14354768302292 1.39319091220386 1.62010110984556 1.30860566045158 1.6226336597465 1.32776097673923 0 1.26085590850562 1.15815545385703 1.51791893108748 1.91377339977771 1.42919024801813 1.76369881117716 1.83185043232515 1.79646592121571 1.70421904465184 1.95696502411738 1.236092251027 1.88721672981046 1.18070901930332 1.36046380619518 1.65965718915686 1.94446952990256
1.72121408046223 1.479367043823 1.19232844817452 1.8096171154175 1.32760037528351 1.6578155788593 1.50225137197413 1.69247393286787 1.68901805114001 1.31704646674916 1.58644790085964 1.50507802935317 1.10763138276525 1.26085590850562 0 1.04264472564682 1.05211377353407 1.34099996788427 1.00814540474676 1.09448691643775 1.22822178178467 1.49803607189097 1.7028993901331 1.55026638857089 0.976571888895705 1.38064964883961 1.05330759380013 1.79703902918845 1.52648974489421 1.01652987813577
1.54822779982351 1.16384574305266 1.59489520848729 1.48058020067401 1.6101468638517 1.12149962689728 1.69841572525911 1.77095580310561 1.73441439005546 1.47213829634711 1.51707092300057 1.67134870262817 1.5664259318728 1.15815545385703 1.04264472564682 0 1.08816411439329 1.67286493303254 1.03786210133694 1.48516469937749 1.5836176679004 1.82451450964436 1.20565238478594 1.67030408140272 1.83093262091279 1.03183622495271 1.28773418953642 0.97557895979844 1.65760245290585 1.57240015920252
1.43168450449593 1.89154074992985 1.94413187680766 1.6111724334769 1.02185316570103 1.62207464617677 1.05154831847176 1.10634914855473 1.46650745323859 1.08654725528322 1.90511622442864 1.43539658887312 1.52518574520946 1.51791893108748 1.05211377353407 1.08816411439329 0 1.73019973980263 1.94296745443717 1.12350409245118 1.04664143826813 1.48792314715683 1.9438366831746 0.98228625068441 1.2484832664486 1.54342502169311 1.53890450228937 1.81283526238985 1.05555835412815 1.31737147644162
1.67459697462618 1.1522415317595 1.95426268246956 1.00562862469815 1.6346172564663 1.4145303897094 1.42513213958591 1.64122117753141 1.06495873397216 1.41876026755199 1.48496490553953 1.65010222326964 1.12579585891217 1.91377339977771 1.34099996788427 1.67286493303254 1.73019973980263 0 1.74083854933269 1.15933296945877 1.64748161425814 1.83350857254118 1.54820930329151 1.09816653258167 1.2031119314488 1.03504030220211 1.90628289524466 1.69538788078353 1.06620172946714 0.973264668835327
1.15719110914506 1.22748000035062 1.13344486430287 1.6248816344887 1.43279844848439 1.16705722198822 1.76399705093354 1.80144654796459 1.00143255013973 1.12406751560047 1.8044754487928 1.95453066634946 1.05307907192037 1.42919024801813 1.00814540474676 1.03786210133694 1.94296745443717 1.74083854933269 0 1.14795869751833 1.94813183974475 1.19074074178934 1.46464399131946 1.71012218832038 1.69906486221589 1.38281538896263 0.991536249639466 1.13602336938493 1.53723137639463 1.3646337708924
1.20972576667555 1.29897101782262 1.01413272111677 1.311744537903 1.46365348389372 1.57469684374519 1.82037397054955 1.38995467475615 1.41398834926076 0.972133601782843 1.03031985764392 1.73797149001621 1.33576097129844 1.76369881117716 1.09448691643775 1.48516469937749 1.12350409245118 1.15933296945877 1.14795869751833 0 1.88054063194431 1.72679170756601 1.10706370440312 1.74253006675281 1.44662940618582 1.80482537508942 1.82250610273331 1.36851450358517 1.91669075400569 1.10926240542904
1.82655573869124 1.13084787735716 1.08554768050089 1.03087169094943 1.85494727850892 1.3118049420882 1.1146042922046 1.78767772600986 1.55659890430979 1.42715814500116 1.58667096518911 1.25752872042358 1.4996866050642 1.83185043232515 1.22822178178467 1.5836176679004 1.04664143826813 1.64748161425814 1.94813183974475 1.88054063194431 0 1.46276263450272 1.21392155159265 1.44172181398608 1.44981478666887 1.53089319053106 1.6827814092394 1.4776013509836 1.53393998462707 1.54970494844019
1.00895298062824 1.86011766223237 1.12750237924047 1.44952062400989 1.43556644814089 1.31663240562193 1.05336972908117 1.63947227480821 0.995929613476619 1.54291358403862 1.82227511727251 1.28541073366068 1.6632552954834 1.79646592121571 1.49803607189097 1.82451450964436 1.48792314715683 1.83350857254118 1.19074074178934 1.72679170756601 1.46276263450272 0 1.2200733574573 1.08282818016596 1.30444271233864 1.60156394471414 1.52407056069933 1.07515988196246 1.02539207786322 1.68590328609571
1.44110294617712 1.65621469123289 1.58142147306353 1.85790697834454 1.05364497750998 1.76782851945609 1.06908426922746 1.40211332892068 1.88104812661186 1.27142596221529 1.58379459846765 1.87549849087372 1.80614494928159 1.70421904465184 1.7028993901331 1.20565238478594 1.9438366831746 1.54820930329151 1.46464399131946 1.10706370440312 1.21392155159265 1.2200733574573 0 1.91073712753132 1.51268002297729 1.07145118433982 1.49498352687806 1.35331816505641 1.79637952218764 1.91404624097049
1.23583266860805 0.964954449096695 1.10955777741037 1.8978151709307 1.55940285022371 1.11182741471566 1.94370912038721 1.28054921398871 1.31245482969098 1.62229792401195 1.55615557101555 1.77758727734908 1.6354781568516 1.95696502411738 1.55026638857089 1.67030408140272 0.98228625068441 1.09816653258167 1.71012218832038 1.74253006675281 1.44172181398608 1.08282818016596 1.91073712753132 0 1.33883097581565 1.49243417871185 1.6015539909713 1.78899008943699 1.66828843136318 1.31125481659546
1.10657755541615 1.03764006099664 1.56995493639261 1.08130035409704 1.02389314631 1.77275414881296 1.58677650708705 1.72861560597084 1.18854147219099 1.36801665020175 1.2483345232904 1.33472509216517 1.1724378853105 1.236092251027 0.976571888895705 1.83093262091279 1.2484832664486 1.2031119314488 1.69906486221589 1.44662940618582 1.44981478666887 1.30444271233864 1.51268002297729 1.33883097581565 0 1.30542658292688 0.989463502774015 1.70278238831088 1.63769193552434 1.4170969799161
1.39052193029784 1.87338640331291 1.51435331976973 1.35650885337964 1.42213137540966 1.47154856682755 1.05201623612083 1.63072944828309 1.49915331508964 1.9422427942045 0.997958804480731 1.27667574258521 1.65183061757125 1.88721672981046 1.38064964883961 1.03183622495271 1.54342502169311 1.03504030220211 1.38281538896263 1.80482537508942 1.53089319053106 1.60156394471414 1.07145118433982 1.49243417871185 1.30542658292688 0 1.5868385292124 1.81796233262867 1.31572506949306 1.60308748856187
1.92510837223381 1.81400960823521 1.38630468002521 1.53291843575425 1.84251706325449 1.72195922327228 1.24912590603344 1.44456086005084 1.34040643833578 1.59134603734128 1.09914926136844 1.59839120530523 1.08780613122508 1.18070901930332 1.05330759380013 1.28773418953642 1.53890450228937 1.90628289524466 0.991536249639466 1.82250610273331 1.6827814092394 1.52407056069933 1.49498352687806 1.6015539909713 0.989463502774015 1.5868385292124 0 1.12096399790607 1.85851907078177 1.13446648744866
1.0990596327465 1.77476513618603 1.39588664099574 1.8470600808505 1.87016601907089 1.26014035800472 1.88782458007336 1.61697944137268 1.05107067897916 1.87278051651083 0.996140184113756 1.40147335780784 1.01806732569821 1.36046380619518 1.79703902918845 0.97557895979844 1.81283526238985 1.69538788078353 1.13602336938493 1.36851450358517 1.4776013509836 1.07515988196246 1.35331816505641 1.78899008943699 1.70278238831088 1.81796233262867 1.12096399790607 0 1.41518725641072 1.25340135744773
1.76899758190848 1.27344673895277 1.35986662656069 1.88334561046213 1.3075765192043 1.01587628270499 1.57488173060119 1.24984603654593 1.85162689373828 1.02022934821434 1.15209271851927 1.20638326765038 1.16434706444852 1.65965718915686 1.52648974489421 1.65760245290585 1.05555835412815 1.06620172946714 1.53723137639463 1.91669075400569 1.53393998462707 1.02539207786322 1.79637952218764 1.66828843136318 1.63769193552434 1.31572506949306 1.85851907078177 1.41518725641072 0 1.81798352790065
1.20806973357685 1.01368678477593 1.93491679476574 1.49902864312753 1.03257259633392 0.965072746621445 1.66906768665649 1.78245178586803 1.90145726525225 1.68323682504706 1.77143935742788 1.61050269659609 1.56859500939026 1.94446952990256 1.01652987813577 1.57240015920252 1.31737147644162 0.973264668835327 1.3646337708924 1.10926240542904 1.54970494844019 1.68590328609571 1.91404624097049 1.31125481659546 1.4170969799161 1.60308748856187 1.13446648744866 1.25340135744773 1.81798352790065 0
