0 1.51842524996027 1.4258019621484 1.13678260799497 1.31382854166441 1.05254894378595 1.36294077523053 1.19380490435287 1.71876025293022 0.984582111006603 1.30096606863663 1.03057318320498 1.68030517362058 1.83465373213403 1.8026876617223 1.24469212605618 1.50465247803368 1.83741322532296 1.46373164630495 1.41320644062944 1.87626786576584 1.46617023902945 1.8727957510855 1.11625347612426 1.45558756636456 1.28153972816654 1.26052462682128 1.07938801124692 1.80136429634877 1.21683465037495
1.51842524996027 0 1.7409932857845 1.59158596931957 1.40843178145587 1.56556548178196 1.51474528969266 1.64250277215615 1.59113982599229 1.41676707123406 0.896441634045914 1.66803067806177 1.32862589904107 1.6110928368289 1.3781261141412 0.91706478712149 1.26715642213821 1.41210332675837 0.920234034769237 0.967503396328539 1.04527135170065 1.0859673533123 1.6134551926516 1.36374926404096 1.74679871508852 1.33538477867842 1.27632963168435 1.87202050583437 1.1383392077405 1.57857219292782
1.4258019621484 1.7409932857845 0 1.32912585721351 1.57926605641842 0.958888505585492 1.62214861973189 1.29070855421014 1.33623311249539 1.77992914547212 1.58917372813448 1.34481339994818 1.3699409707915 1.44242181279697 0.968102862592787 1.46995313419029 0.97859498928301 1.26482949336059 1.86484439927153 1.63926873076707 1.38176590506919 1.86203498370014 0.995835400884971 1.12867427477613 1.27369126072153 1.78438265039586 1.52191525534727 1.31884398707189 0.967434821883217 1.45020942250267
1.13678260799497 1.59158596931957 1.32912585721351 0 1.04586610011756 1.70086539420299 1.77505424083211 1.62565138703212 1.27622685930692 1.64619866665453 1.45057862112299 1.68754310114309 1.82473488315009 1.86131926602684 1.69021563720889 0.971288411878049 1.08404136216268 0.923689062241465 1.02962930267677 1.60104994219728 1.21738052647561 1.47169152414426 1.68966385163367 1.49296366213821 0.973734561586753 1.23738297424279 1.00475604319945 1.7223974831868 1.0832077334635 1.06483031972311
1.31382854166441 1.40843178145587 1.57926605641842 1.04586610011756 0 1.62331360531971 1.57477503293194 1.47272287099622 1.84830386284739 1.26873839157633 1.58771282620728 1.07231714762747 1.47203722223639 1.1954004149884 1.20135005610064 1.56771137518808 1.46633807662874 1.15719906101003 1.87741831480525 1.84127348475158 0.985146989580244 1.84356149495579 1.66105889319442 1.6570437408518 1.16514258924872 1.21374855446629 1.45941517245956 1.1658226638101 1.81339426594786 1.45791434263811
1.05254894378595 1.56556548178196 0.958888505585492 1.70086539420299 1.62331360531971 0 1.26643445296213 1.80178537615575 1.2873430068139 1.5567060073372 1.63208289118484 1.06103891157545 0.972773659974337 1.43263624352403 1.10446527693421 1.13976779626682 1.68161033559591 1.4458254610654 1.0606799593661 1.20610029925592 1.2780935917981 1.28827057126909 1.09622417902574 1.01454160036519 1.88118831533939 0.906534388894215 1.42911257175729 1.30296031897888 0.933625133242458 1.7224419680424
1.36294077523053 1.51474528969266 1.62214861973189 1.77505424083211 1.57477503293194 1.26643445296213 0 1.09228181699291 0.934044723631814 1.30487534217536 1.03414319828153 1.44242356158793 1.22819498111494 1.70158323552459 1.26534753362648 1.08947671577334 1.21518196095712 1.07796190096997 1.06343247345649 1.36320322635584 1.78396531334147 0.991739025106654 1.72792703285813 1.4189761809539 1.49388237087987 1.8091028383933 1.33420685236342 1.11018494307064 1.42782702902332 1.66171111585572
1.19380490435287 1.64250277215615 1.29070855421014 1.62565138703212 1.47272287099622 1.80178537615575 1.09228181699291 0 1.70053459168412 1.26129864621907 1.45906590018421 1.68049739790149 1.32421550294384 1.4501147842966 1.01300871209241 1.3820950652007 1.15396684757434 1.69831203296781 1.05753351422027 1.01084797503427 1.17534406925552 1.77996306377463 1.36848565586843 1.13450942141935 0.92571794660762 1.47299321996979 1.51111518056132 1.73287810338661 0.901746461400762 1.34790219017304
1.71876025293022 1.59113982599229 1.33623311249539 1.27622685930692 1.84830386284739 1.2873430068139 0.934044723631814 1.70053459168412 0 1.08842776226811 1.59398123226129 1.29568146704696 1.73847009963356 0.894048225600272 1.470838281326 1.42790384823456 1.02157954941504 1.29154085181653 1.81277744146064 1.58874598634429 1.87586913025007 1.51057633990422 1.0373723632656 1.00459341239184 0.977540119783953 1.6621244691778 1.61635897774249 1.46493370900862 1.14430385013111 1.83162279729731
0.984582111006603 1.41676707123406 1.77992914547212 1.64619866665453 1.26873839157633 1.5567060073372 1.30487534217536 1.26129864621907 1.08842776226811 0 1.24775416520424 1.73437429475598 1.64979048795067 1.62802728102542 0.98938833642751 1.82088841218501 1.68573760893196 1.78472628560849 1.50493665621616 1.77038346533664 1.3064029768575 1.30067818658426 0.994230845244601 1.27441784436814 1.70557448733598 1.48843620670959 0.975103567354381 1.53034228319302 1.38435906707309 1.28650390985422
1.30096606863663 0.896441634045914 1.58917372813448 1.45057862112299 1.58771282620728 1.63208289118484 1.03414319828153 1.45906590018421 1.59398123226129 1.24775416520424 0 1.58571482403204 1.69177728705108 1.39235891704448 1.38010687869973 1.8135064211674 1.38103531277739 1.47457949421369 1.79817391745746 1.29261958203278 1.60842734505422 1.00993864657357 1.31096810637973 1.16525214212015 1.65820493036881 1.02130822930485 0.957029963377863 1.6046339883469 1.77911464404315 1.02714280621149
1.03057318320498 1.66803067806177 1.34481339994818 1.68754310114309 1.07231714762747 1.06103891157545 1.44242356158793 1.68049739790149 1.29568146704696 1.73437429475598 1.58571482403204 0 1.6824229399208 0.892790517304093 1.25091062416323 1.00661841384135 0.892471416853368 1.76449611154385 1.02740232064389 1.6981481036637 1.40110856131651 1.68452626606449 0.95149666047655 1.79221599292941 1.76902591227554 1.51893236744218 1.23987278854474 1.13825231674127 1.04694852908142 1.18163432274014
1.68030517362058 1.32862589904107 1.3699409707915 1.82473488315009 1.47203722223639 0.972773659974337 1.22819498111494 1.32421550294384 1.73847009963356 1.64979048795067 1.69177728705108 1.6824229399208 0 1.16036664764397 1.69791069626808 1.18948488193564 0.962648730026558 1.08829337218776 1.61225932952948 1.06228776206262 0.930998365394771 1.53861348261125 1.67870251624845 1.31357519328594 1.22886456968263 1.87479563290253 1.87360056675971 1.15361878322437 1.60216534673236 1.03020017454401
1.83465373213403 1.6110928368289 1.44242181279697 1.86131926602684 1.1954004149884 1.43263624352403 1.70158323552459 1.4501147842966 0.894048225600272 1.62802728102542 1.39235891704448 0.892790517304093 1.16036664764397 0 1.86559996404685 1.3935208034236 1.49500177265145 1.48875357676297 1.67519126227126 1.86829264578409 1.20903623942286 1.55663855792955 1.83267922699451 1.56473493413068 1.84951038984582 1.05081681534648 1.23371030227281 1.00655432930216 1.63630347372964 1.04689230164513
1.8026876617223 1.3781261141412 0.968102862592787 1.69021563720889 1.20135005610064 1.10446527693421 1.26534753362648 1.01300871209241 1.470838281326 0.98938833642751 1.38010687869973 1.25091062416323 1.69791069626808 1.86559996404685 0 1.05286797275767 1.21452268329449 1.65787330176681 1.85647232737392 1.24026075424626 1.7382964710705 0.985636957222596 1.28027352457866 1.52452991693281 1.07625622395426 1.79920000000857 1.10718417004682 1.32079581101425 1.44945573760197 1.41908738063648
1.24469212605618 0.91706478712149 1.46995313419029 0.971288411878049 1.56771137518808 1.13976779626682 1.08947671577334 1.3820950652007 1.42790384823456 1.82088841218501 1.8135064211674 1.00661841384135 1.18948488193564 1.3935208034236 1.05286797275767 0 1.45912465942092 1.14327228837647 1.30883534764871 0.973946871468797 1.29632322303951 1.15964251291007 1.70800043130293 1.42905641626567 1.03066420834512 1.00818087998778 1.69375956640579 1.19421015237458 1.35920811863616 1.44502696767449
1.50465247803368 1.26715642213821 0.97859498928301 1.08404136216268 1.46633807662874 1.68161033559591 1.21518196095712 1.15396684757434 1.02157954941504 1.68573760893196 1.38103531277739 0.892471416853368 0.962648730026558 1.49500177265145 1.21452268329449 1.45912465942092 0 1.7646996176336 1.33204995002598 1.18775196233764 1.03255183133297 0.951025570509955 1.57003960758448 1.63515331293456 1.32780786394142 1.57016442925669 1.80461081839167 1.50961668603122 1.43447850015946 1.42311554658227
1.83741322532296 1.41210332675837 1.26482949336059 0.923689062241465 1.15719906101003 1.4458254610654 1.07796190096997 1.69831203296781 1.29154085181653 1.78472628560849 1.47457949421369 1.76449611154385 1.08829337218776 1.48875357676297 1.65787330176681 1.14327228837647 1.7646996176336 0 1.1043561657425 1.02210688008927 1.58616598160006 1.49858034728095 1.69922864460386 1.68277936032973 1.25449831713922 1.15494960476644 1.2654523930978 0.975877612829208 0.928344030864537 1.74508225149475
1.46373164630495 0.920234034769237 1.86484439927153 1.02962930267677 1.87741831480525 1.0606799593661 1.06343247345649 1.05753351422027 1.81277744146064 1.50493665621616 1.79817391745746 1.02740232064389 1.61225932952948 1.67519126227126 1.85647232737392 1.30883534764871 1.33204995002598 1.1043561657425 0 1.70178913511336 1.01949007529765 1.72692494583316 1.83379722945392 1.83834148081951 1.54761905665509 1.79133300925605 1.53767636744305 1.82863712892868 1.0539394679945 1.83925465377979
1.41320644062944 0.967503396328539 1.63926873076707 1.60104994219728 1.84127348475158 1.20610029925592 1.36320322635584 1.01084797503427 1.58874598634429 1.77038346533664 1.29261958203278 1.6981481036637 1.06228776206262 1.86829264578409 1.24026075424626 0.973946871468797 1.18775196233764 1.02210688008927 1.70178913511336 0 1.03265505144373 1.54933496355079 1.70434412895702 1.39174223761074 1.16102649830282 1.32808430562727 1.16871891892515 1.39278744207695 1.28410767507739 1.81117491726764
1.87626786576584 1.04527135170065 1.38176590506919 1.21738052647561 0.985146989580244 1.2780935917981 1.78396531334147 1.17534406925552 1.87586913025007 1.3064029768575 1.60842734505422 1.40110856131651 0.930998365394771 1.20903623942286 1.7382964710705 1.29632322303951 1.03255183133297 1.58616598160006 1.01949007529765 1.03265505144373 0 1.41803758498281 1.51448425743729 1.28472758806311 1.57989329053089 1.63579070474952 1.01363907079212 1.42440999904647 1.23941064649262 1.17524848668836
1.46617023902945 1.0859673533123 1.86203498370014 1.47169152414426 1.84356149495579 1.28827057126909 0.991739025106654 1.77996306377463 1.51057633990422 1.30067818658426 1.00993864657357 1.68452626606449 1.53861348261125 1.55663855792955 0.985636957222596 1.15964251291007 0.951025570509955 1.49858034728095 1.72692494583316 1.54933496355079 1.41803758498281 0 0.916666246484965 1.57126337848604 1.79089440777898 1.66413869475946 1.5048737837933 0.955290670739487 1.73275613575242 1.09729803097434
1.8727957510855 1.6134551926516 0.995835400884971 1.68966385163367 1.66105889319442 1.09622417902574 1.72792703285813 1.36848565586843 1.0373723632656 0.994230845244601 1.31096810637973 0.95149666047655 1.67870251624845 1.83267922699451 1.28027352457866 1.70800043130293 1.57003960758448 1.69922864460386 1.83379722945392 1.70434412895702 1.51448425743729 0.916666246484965 0 1.43501232983544 1.22730183880776 1.73771173553541 1.54289367469028 1.09264928149059 1.77055893931538 1.01479593175463
1.11625347612426 1.36374926404096 1.12867427477613 1.49296366213821 1.6570437408518 1.01454160036519 1.4189761809539 1.13450942141935 1.00459341239184 1.27441784436814 1.16525214212015 1.79221599292941 1.31357519328594 1.56473493413068 1.52452991693281 1.42905641626567 1.63515331293456 1.68277936032973 1.83834148081951 1.39174223761074 1.28472758806311 1.57126337848604 1.43501232983544 0 1.46958670532331 1.60974827385508 1.23451279662549 1.56266497727484 1.37926612072624 1.10526029369794
1.45558756636456 1.74679871508852 1.27369126072153 0.973734561586753 1.16514258924872 1.88118831533939 1.49388237087987 0.92571794660762 0.977540119783953 1.70557448733598 1.65820493036881 1.76902591227554 1.22886456968263 1.84951038984582 1.07625622395426 1.03066420834512 1.32780786394142 1.25449831713922 1.54761905665509 1.16102649830282 1.57989329053089 1.79089440777898 1.22730183880776 1.46958670532331 0 1.8122540442273 0.934306966839358 1.73169192974456 1.72494639130309 1.60168051044457
1.28153972816654 1.33538477867842 1.78438265039586 1.23738297424279 1.21374855446629 0.906534388894215 1.8091028383933 1.47299321996979 1.6621244691778 1.48843620670959 1.02130822930485 1.51893236744218 1.87479563290253 1.05081681534648 1.79920000000857 1.00818087998778 1.57016442925669 1.15494960476644 1.79133300925605 1.32808430562727 1.63579070474952 1.66413869475946 1.73771173553541 1.60974827385508 1.8122540442273 0 1.25065312115476 1.73137318040244 1.28158828616142 1.16870310762897
1.26052462682128 1.27632963168435 1.52191525534727 1.00475604319945 1.45941517245956 1.42911257175729 1.33420685236342 1.51111518056132 1.61635897774249 0.975103567354381 0.957029963377863 1.23987278854474 1.87360056675971 1.23371030227281 1.10718417004682 1.69375956640579 1.80461081839167 1.2654523930978 1.53767636744305 1.16871891892515 1.01363907079212 1.5048737837933 1.54289367469028 1.23451279662549 0.934306966839358 1.25065312115476 0 1.57148345722817 1.27184448111802 0.91644932073541
1.07938801124692 1.87202050583437 1.31884398707189 1.7223974831868 1.1658226638101 1.30296031897888 1.11018494307064 1.73287810338661 1.46493370900862 1.53034228319302 1.6046339883469 1.13825231674127 1.15361878322437 1.00655432930216 1.32079581101425 1.19421015237458 1.50961668603122 0.975877612829208 1.82863712892868 1.39278744207695 1.42440999904647 0.955290670739487 1.09264928149059 1.56266497727484 1.73169192974456 1.73137318040244 1.57148345722817 0 1.09875663975254 1.50604620436206
1.80136429634877 1.1383392077405 0.967434821883217 1.0832077334635 1.81339426594786 0.933625133242458 1.42782702902332 0.901746461400762 1.14430385013111 1.38435906707309 1.77911464404315 1.04694852908142 1.60216534673236 1.63630347372964 1.44945573760197 1.35920811863616 1.43447850015946 0.928344030864537 1.0539394679945 1.28410767507739 1.23941064649262 1.73275613575242 1.77055893931538 1.37926612072624 1.72494639130309 1.28158828616142 1.27184448111802 1.09875663975254 0 1.41075975564308
1.21683465037495 1.57857219292782 1.45020942250267 1.06483031972311 1.45791434263811 1.7224419680424 1.66171111585572 1.34790219017304 1.83162279729731 1.28650390985422 1.02714280621149 1.18163432274014 1.03020017454401 1.04689230164513 1.41908738063648 1.44502696767449 1.42311554658227 1.74508225149475 1.83925465377979 1.81117491726764 1.17524848668836 1.09729803097434 1.01479593175463 1.10526029369794 1.60168051044457 1.16870310762897 0.91644932073541 1.50604620436206 1.41075975564308 0
