0 1.15010995580815 1.49319109576754 1.5415330408141 0.977185887983069 1.40970758302137 1.38168690144084 1.0879978579469 1.30062335124239 1.81102610309608 1.75430379947647 1.53616818459705 1.44369471631944 1.71893408172764 1.09830830106512 1.0546274962835 1.74728401005268 1.0508644648362 1.81198173691519 1.80782542610541 1.37696550250985 1.10607713693753 1.77923071128316 0.941768645774573 1.58742622216232 1.20404607336968 1.69763401011005 1.57941742683761 1.14515478513204 1.73381152399816
1.15010995580815 0 1.75084811775014 1.1256984367501 1.63320324779488 1.25143697136082 1.85934945126064 1.70355399255641 1.89848816418089 1.3586122833658 1.78686303645372 1.06913440464996 1.90869326028042 1.49096150253899 1.26912861550227 1.53291698475368 1.60223377938382 1.73993723839521 1.17821510508657 1.42359522893094 1.02791271917522 1.38018481968902 1.02556122094393 1.45432772347704 1.37482644035481 1.86987367947586 1.63691153447144 1.90273302537389 1.50658116163686 1.05739237368107
1.49319109576754 1.75084811775014 0 1.11955176317133 1.60794446780346 1.60701031121425 1.7875069687143 1.37290716636926 1.81402394594625 0.931789526483044 1.22663637925871 1.37200129590929 1.19845211622305 1.75316745857708 1.75396813708358 1.12928188149817 1.24516308913007 1.43228587531485 1.60751908645034 1.09491426148452 1.77832969557494 1.70294152200222 1.3912779528182 1.85238758893684 1.12384479260072 1.83043290884234 1.32171773607843 1.06222213758156 1.69929601112381 0.985091784968972
1.5415330408141 1.1256984367501 1.11955176317133 0 1.71840759064071 1.22641012165695 1.41439038747922 1.84642036422156 1.2789710664656 1.85583494300954 1.60540243261494 1.3336201175116 1.60704892873764 1.41052977438085 1.13002671650611 1.59932066895999 1.16984361899085 1.05553968902677 1.45879776356742 1.48431825218722 1.89543591672555 1.78449618304148 1.40991483093239 1.89623002381995 1.32734269136563 1.3462752988562 1.15627691755071 1.43755881674588 1.55543730198406 1.07531230989844
0.977185887983069 1.63320324779488 1.60794446780346 1.71840759064071 0 1.22885560919531 1.88648382690735 1.6852081536781 1.32618037285283 1.46356430160813 1.25294132903218 1.13968997518532 1.48323606397025 1.62444880791008 1.55990921426564 1.21077777910978 1.09295653225854 1.01859542587772 1.18341500824317 1.62629956565797 1.5138150206767 1.57395347882994 1.10047094430774 1.11918239179067 1.46483007655479 1.90724440827034 1.00852832826786 0.921237328555435 1.47916730679572 1.43303420138545
1.40970758302137 1.25143697136082 1.60701031121425 1.22641012165695 1.22885560919531 0 0.967122843954712 1.43737547425553 1.59278830233961 1.32867937232368 1.34367792471312 1.09885637252592 1.77340719662607 0.971235281554982 0.983853359473869 0.922269039554521 1.6405763248913 1.82430748827755 1.76460895966738 1.16113380435854 1.31793802091852 1.34126374474727 0.986009649233893 1.83060102537274 1.45051954616793 1.68206984363496 0.982101935660467 1.68033101642504 1.08572344877757 1.20529805053957
1.38168690144084 1.85934945126064 1.7875069687143 1.41439038747922 1.88648382690735 0.967122843954712 0 1.54259229218587 1.04367212764919 1.18133854144253 1.48834310122766 1.19237873679958 1.4444625726901 1.4856607732363 1.04069041181356 1.57789951073937 1.08284429251216 1.40980736142956 1.52788156899624 1.47150999587029 1.20482499036007 1.76696084765717 1.10119497054256 1.6382036563009 1.42726805852726 1.27039034478366 1.63675530184992 1.00063074147329 1.20027512917295 1.64758345438167
1.0879978579469 1.70355399255641 1.37290716636926 1.84642036422156 1.6852081536781 1.43737547425553 1.54259229218587 0 1.79234344209544 1.09600747935474 1.02242105291225 0.9503990476951 1.66327580274083 1.55768269812688 1.81775159970857 1.87024824763648 1.4169616359286 1.61813452141359 1.27681518578902 1.11772727803327 1.03665198478848 1.27161412476562 1.32990546524525 0.964879142818972 1.66346579859965 1.70609085028991 1.89742465899326 1.43557061371394 1.72768449783325 1.11774658272043
1.30062335124239 1.89848816418089 1.81402394594625 1.2789710664656 1.32618037285283 1.59278830233961 1.04367212764919 1.79234344209544 0 1.43946376349777 1.00092053436674 1.43022108613513 1.53417634731159 1.21299234335311 1.74601747980341 1.4213264384307 1.7752056887839 1.22651182278059 1.51205504732206 1.06124327098951 1.57465236540884 1.8766354273539 1.65404574084096 1.88440266554244 1.39269260433502 1.73108731978573 1.5286073461175 1.69012893876061 1.53227813006379 1.3302096996922
1.81102610309608 1.3586122833658 0.931789526483044 1.85583494300954 1.46356430160813 1.32867937232368 1.18133854144253 1.09600747935474 1.43946376349777 0 1.53489617840387 1.71426272997633 1.22145223151892 1.07780382526107 1.86663799057715 1.21898188162595 1.32823637616821 1.12699356558733 1.81492080702446 1.49309911881573 1.0851796423085 1.39500934397802 1.0428655561991 0.994519234402105 1.2254321561195 1.45301103359088 1.67475967039354 1.76416406733915 1.41036522830836 1.7730523517821
1.75430379947647 1.78686303645372 1.22663637925871 1.60540243261494 1.25294132903218 1.34367792471312 1.48834310122766 1.02242105291225 1.00092053436674 1.53489617840387 0 1.14345562085509 1.86329218139872 1.52670977450907 1.15841987146996 1.20679128332995 1.70886467187665 1.58791924477555 1.54577697836794 1.56417322997004 1.61537612695247 1.55284753278829 1.75246381387115 1.81938784755766 1.16256365180016 1.85255788965151 1.459445244167 1.66570390271954 1.13561523356475 1.15595646575093
1.53616818459705 1.06913440464996 1.37200129590929 1.3336201175116 1.13968997518532 1.09885637252592 1.19237873679958 0.9503990476951 1.43022108613513 1.71426272997633 1.14345562085509 0 1.19314140896313 1.03997234208509 1.47579366480932 1.60855840914883 1.49429362500086 1.8870162491221 1.52599049406126 1.38457942241803 1.1103733680211 1.62813617126085 1.90947003825568 1.64194088079967 1.10449158097617 1.57163636875339 1.01766552566551 1.21031914069317 1.8413381522987 1.04609072906896
1.44369471631944 1.90869326028042 1.19845211622305 1.60704892873764 1.48323606397025 1.77340719662607 1.4444625726901 1.66327580274083 1.53417634731159 1.22145223151892 1.86329218139872 1.19314140896313 0 0.990376915084198 1.39941741386428 1.90090451040305 0.967492345022038 1.58226542477496 1.21716384333558 1.06968936743215 1.71165585611016 0.975240992382169 0.976061677094549 1.67448501288891 1.55863979202695 1.02136773243546 1.40704714739695 1.11647812230512 1.44477305095643 1.67691405653022
1.71893408172764 1.49096150253899 1.75316745857708 1.41052977438085 1.62444880791008 0.971235281554982 1.4856607732363 1.55768269812688 1.21299234335311 1.07780382526107 1.52670977450907 1.03997234208509 0.990376915084198 0 1.33647852367721 1.47376093873754 1.00415151030757 1.15100689488463 1.11632891790941 1.49749128404073 1.02995849656872 1.28367855679244 1.74276874447241 1.81699091056362 1.60598372481763 1.36314938287251 1.40200311387889 1.49084488372318 0.96780818561092 1.71570194954984
1.09830830106512 1.26912861550227 1.75396813708358 1.13002671650611 1.55990921426564 0.983853359473869 1.04069041181356 1.81775159970857 1.74601747980341 1.86663799057715 1.15841987146996 1.47579366480932 1.39941741386428 1.33647852367721 0 1.41577052487992 1.23850551736541 1.80530577944592 1.02176676690578 1.82803488778882 1.47433805488981 1.87149492208846 1.85543630807661 1.35338313411921 1.61969726346433 1.49960445356555 1.86541947280057 1.37746876501478 0.927986118476838 1.31371110281907
1.0546274962835 1.53291698475368 1.12928188149817 1.59932066895999 1.21077777910978 0.922269039554521 1.57789951073937 1.87024824763648 1.4213264384307 1.21898188162595 1.20679128332995 1.60855840914883 1.90090451040305 1.47376093873754 1.41577052487992 0 1.28908466384746 1.19243710720912 1.79348497325554 1.61430099816062 0.97521375445649 1.51187156536616 0.924842833308503 1.54658866254613 1.81226402451284 1.60373416217044 1.03178790980019 0.926412602188066 1.26079474156722 1.62799333571456
1.74728401005268 1.60223377938382 1.24516308913007 1.16984361899085 1.09295653225854 1.6405763248913 1.08284429251216 1.4169616359286 1.7752056887839 1.32823637616821 1.70886467187665 1.49429362500086 0.967492345022038 1.00415151030757 1.23850551736541 1.28908466384746 0 1.50040387222543 0.930500362068415 0.94065634557046 1.42766191950068 1.85802162624896 1.73857268900611 1.58215205767192 1.85967853642069 1.12151588220149 0.935891835484654 1.18444778164849 1.20916863204911 1.7093786469195
1.0508644648362 1.73993723839521 1.43228587531485 1.05553968902677 1.01859542587772 1.82430748827755 1.40980736142956 1.61813452141359 1.22651182278059 1.12699356558733 1.58791924477555 1.8870162491221 1.58226542477496 1.15100689488463 1.80530577944592 1.19243710720912 1.50040387222543 0 1.79216958559118 1.34279515827075 1.07132553099655 1.24399058497511 1.21579891629517 1.90040230937302 1.6816572942771 0.950708937365562 1.54231085092761 1.8374033307191 1.71075036865659 1.35072150081396
1.81198173691519 1.17821510508657 1.60751908645034 1.45879776356742 1.18341500824317 1.76460895966738 1.52788156899624 1.27681518578902 1.51205504732206 1.81492080702446 1.54577697836794 1.52599049406126 1.21716384333558 1.11632891790941 1.02176676690578 1.79348497325554 0.930500362068415 1.79216958559118 0 1.36552142607979 1.44112671725452 1.88523951312527 0.98347763903439 1.14092980674468 1.24897220986895 1.7126119392924 1.06987970648333 1.02027201955207 1.36262953700498 1.72746455972083
1.80782542610541 1.42359522893094 1.09491426148452 1.48431825218722 1.62629956565797 1.16113380435854 1.47150999587029 1.11772727803327 1.06124327098951 1.49309911881573 1.56417322997004 1.38457942241803 1.06968936743215 1.49749128404073 1.82803488778882 1.61430099816062 0.94065634557046 1.34279515827075 1.36552142607979 0 1.31251608696766 1.90849455213174 1.15599056729116 1.3865806448739 1.69436232163571 1.45027104928158 1.16226588608697 1.48905040230602 0.941235613776371 1.73247275664471
1.37696550250985 1.02791271917522 1.77832969557494 1.89543591672555 1.5138150206767 1.31793802091852 1.20482499036007 1.03665198478848 1.57465236540884 1.0851796423085 1.61537612695247 1.1103733680211 1.71165585611016 1.02995849656872 1.47433805488981 0.97521375445649 1.42766191950068 1.07132553099655 1.44112671725452 1.31251608696766 0 1.11193947750144 1.61289444100112 1.3270285287872 1.75415991176851 1.27897487790324 1.88629897427745 1.57689250656404 1.45495841884986 1.49260641704313
1.10607713693753 1.38018481968902 1.70294152200222 1.78449618304148 1.57395347882994 1.34126374474727 1.76696084765717 1.27161412476562 1.8766354273539 1.39500934397802 1.55284753278829 1.62813617126085 0.975240992382169 1.28367855679244 1.87149492208846 1.51187156536616 1.85802162624896 1.24399058497511 1.88523951312527 1.90849455213174 1.11193947750144 0 1.61668238742277 1.44435625802726 1.61272914754227 1.41762284003198 1.62694538687356 1.7145272383932 1.1937638996169 1.81003069574945
1.77923071128316 1.02556122094393 1.3912779528182 1.40991483093239 1.10047094430774 0.986009649233893 1.10119497054256 1.32990546524525 1.65404574084096 1.0428655561991 1.75246381387115 1.90947003825568 0.976061677094549 1.74276874447241 1.85543630807661 0.924842833308503 1.73857268900611 1.21579891629517 0.98347763903439 1.15599056729116 1.61289444100112 1.61668238742277 0 1.35006062593311 1.20627681072801 1.02919541741721 1.46466062101535 1.18132402002811 1.04621015838347 1.91063540172763
0.941768645774573 1.45432772347704 1.85238758893684 1.89623002381995 1.11918239179067 1.83060102537274 1.6382036563009 0.964879142818972 1.88440266554244 0.994519234402105 1.81938784755766 1.64194088079967 1.67448501288891 1.81699091056362 1.35338313411921 1.54658866254613 1.58215205767192 1.90040230937302 1.14092980674468 1.3865806448739 1.3270285287872 1.44435625802726 1.35006062593311 0 1.87618552171625 1.47475730697624 1.17178112408146 1.65315789473243 1.42271229648031 1.85955883492716
1.58742622216232 1.37482644035481 1.12384479260072 1.32734269136563 1.46483007655479 1.45051954616793 1.42726805852726 1.66346579859965 1.39269260433502 1.2254321561195 1.16256365180016 1.10449158097617 1.55863979202695 1.60598372481763 1.61969726346433 1.81226402451284 1.85967853642069 1.6816572942771 1.24897220986895 1.69436232163571 1.75415991176851 1.61272914754227 1.20627681072801 1.87618552171625 0 1.33443119749427 1.07239121408202 1.16662370623089 1.41983675700612 1.42469521216117
1.20404607336968 1.86987367947586 1.83043290884234 1.3462752988562 1.90724440827034 1.68206984363496 1.27039034478366 1.70609085028991 1.73108731978573 1.45301103359088 1.85255788965151 1.57163636875339 1.02136773243546 1.36314938287251 1.49960445356555 1.60373416217044 1.12151588220149 0.950708937365562 1.7126119392924 1.45027104928158 1.27897487790324 1.41762284003198 1.02919541741721 1.47475730697624 1.33443119749427 0 1.88240044959821 1.67177574289963 1.90630908170715 1.20356374117546
1.69763401011005 1.63691153447144 1.32171773607843 1.15627691755071 1.00852832826786 0.982101935660467 1.63675530184992 1.89742465899326 1.5286073461175 1.67475967039354 1.459445244167 1.01766552566551 1.40704714739695 1.40200311387889 1.86541947280057 1.03178790980019 0.935891835484654 1.54231085092761 1.06987970648333 1.16226588608697 1.88629897427745 1.62694538687356 1.46466062101535 1.17178112408146 1.07239121408202 1.88240044959821 0 1.23900855402462 1.11829721531831 1.19954920792952
1.57941742683761 1.90273302537389 1.06222213758156 1.43755881674588 0.921237328555435 1.68033101642504 1.00063074147329 1.43557061371394 1.69012893876061 1.76416406733915 1.66570390271954 1.21031914069317 1.11647812230512 1.49084488372318 1.37746876501478 0.926412602188066 1.18444778164849 1.8374033307191 1.02027201955207 1.48905040230602 1.57689250656404 1.7145272383932 1.18132402002811 1.65315789473243 1.16662370623089 1.67177574289963 1.23900855402462 0 1.79475053190254 1.794618351385
1.14515478513204 1.50658116163686 1.69929601112381 1.55543730198406 1.47916730679572 1.08572344877757 1.20027512917295 1.72768449783325 1.53227813006379 1.41036522830836 1.13561523356475 1.8413381522987 1.44477305095643 0.96780818561092 0.927986118476838 1.26079474156722 1.20916863204911 1.71075036865659 1.36262953700498 0.941235613776371 1.45495841884986 1.1937638996169 1.04621015838347 1.42271229648031 1.41983675700612 1.90630908170715 1.11829721531831 1.79475053190254 0 1.12486370629631
1.73381152399816 1.05739237368107 0.985091784968972 1.07531230989844 1.43303420138545 1.20529805053957 1.64758345438167 1.11774658272043 1.3302096996922 1.7730523517821 1.15595646575093 1.04609072906896 1.67691405653022 1.71570194954984 1.31371110281907 1.62799333571456 1.7093786469195 1.35072150081396 1.72746455972083 1.73247275664471 1.49260641704313 1.81003069574945 1.91063540172763 1.85955883492716 1.42469521216117 1.20356374117546 1.19954920792952 1.794618351385 1.12486370629631 0
