0 1.1625336476136 1.63515146961436 1.26337069715373 1.04794942913577 1.1909095318988 1.17764247604646 1.13265264825895 1.41635973472148 1.12497887364589 1.40139428991824 1.4525197846815 1.64702461240813 1.53625613031909 1.42006617668085 1.71467602183111 1.22923471988179 1.23441053554416 1.47167106089182 1.84373542736284 1.50529268989339 1.13522597611882 1.31706038839184 1.33435256499797 1.66689185565338 1.20108560868539 1.20238806237467 1.71617278456688 1.52071875915863 1.80829976010136
1.1625336476136 0 1.66099545313045 1.64085795613937 1.12329659448005 1.04324080911465 1.9415578362532 1.311263585696 1.25774313206784 0.96187557792291 1.81198928132653 1.81227770121768 1.81649290304631 1.27840151358396 1.75983833870851 1.67025641445071 1.61972739105113 1.26131581608206 1.92867422918789 1.93732909811661 1.4368164318148 1.34210410923697 1.90835432661697 0.97795711318031 1.94249801198021 0.961419798666611 0.990065913880244 1.57131789182313 1.5283260140568 1.51818105345592
1.63515146961436 1.66099545313045 0 1.78743676305749 1.54236336587928 1.01962656388059 0.98404509969987 1.13225835352205 1.72184260981157 1.00093333586119 1.2554980921559 1.70123563078232 0.977082048775628 1.62910019257106 1.76992117846385 1.52568007400259 1.64859681413509 1.49392813304439 1.56383391749114 1.89287065272219 1.6922788459342 1.91189279290847 1.32024182286114 1.82673167786561 1.89074644376524 1.5103299098555 1.19637980055995 1.85819581733085 1.14898688392714 1.85532889235765
1.26337069715373 1.64085795613937 1.78743676305749 0 1.60236046323553 1.23802073765546 1.25908919679932 1.36084837513044 0.973736806539819 1.09424647060223 1.04693416808732 1.79532628855668 1.12925986805931 1.22631793702021 1.43143328977749 1.78578101634048 1.28988333558664 1.39161034068093 1.73219550144859 1.26942100422457 1.10806240513921 1.36956459982321 1.16435212804936 1.26648130360991 1.35374888079241 1.108074137941 1.26390690356493 1.22317045694217 1.94357965583913 1.51401760033332
1.04794942913577 1.12329659448005 1.54236336587928 1.60236046323553 0 1.89326173439622 1.75765923666768 1.14085077052005 1.72565631871112 1.38727678125724 1.50822791620158 1.50927004148252 1.08863290259615 1.33743661548942 1.1316151577048 1.06114620319568 1.15302292420529 1.46937617659569 1.18042491865344 1.28315939148888 1.23148126713932 1.09547422127798 1.92575686937198 1.60530001553707 1.50165190803818 1.81624821992591 1.93131894525141 1.6125690122135 1.92055988754146 1.9179886628408
1.1909095318988 1.04324080911465 1.01962656388059 1.23802073765546 1.89326173439622 0 1.44903529132716 1.68735684710555 1.76007460383698 1.7283164546825 1.80920784873888 0.997491461457685 1.74620793829672 1.17801634129137 1.83377709193155 1.68878283281811 1.1792047447525 1.57547214487568 1.72589328070171 1.91050080186687 1.82434358587489 1.7254711764399 1.86789026856422 1.50911261094734 1.64743819786236 1.195738656912 1.53306175325997 1.01256323885173 1.44541366002522 1.22450541262515
1.17764247604646 1.9415578362532 0.98404509969987 1.25908919679932 1.75765923666768 1.44903529132716 0 1.78569957986474 1.93501811753958 1.92739239404909 0.958123999880627 0.971305209910497 1.39249605941586 1.09434925578535 1.39549493743107 1.92154547967948 1.10590865649283 1.82856458099559 1.63301443541422 1.12328234291635 1.65821095043793 1.2553647516761 1.05021915654652 1.06470114272088 1.9032078711316 1.81784844794311 0.967281945282593 1.43965481291525 1.00967864086851 1.1469036990311
1.13265264825895 1.311263585696 1.13225835352205 1.36084837513044 1.14085077052005 1.68735684710555 1.78569957986474 0 1.23277997039258 1.2312974028755 1.60601619817317 1.82208161475137 1.62721032695845 1.8866738867946 1.29258855688386 1.21956194448285 1.08363419538364 0.956303816987202 1.82570450962521 1.40756280208007 1.81337828072719 1.82205847138539 1.19314518524334 1.27595356758684 1.09199792100117 1.6613278822042 1.12713231449015 1.74623435665853 0.981793711427599 0.97101520979777
1.41635973472148 1.25774313206784 1.72184260981157 0.973736806539819 1.72565631871112 1.76007460383698 1.93501811753958 1.23277997039258 0 1.35560779180378 1.57056593662128 1.03770176786929 1.56197428517044 1.6475642954465 1.08944857493043 1.03806890710257 1.38896599598229 1.73292262828909 1.18566603399813 1.28750532749109 1.16144135594368 1.4179053066764 0.948497557546943 1.67415275843814 1.6199921274092 1.84494686732069 1.3846394396387 1.29997446481138 1.69930439977907 1.25451707420871
1.12497887364589 0.96187557792291 1.00093333586119 1.09424647060223 1.38727678125724 1.7283164546825 1.92739239404909 1.2312974028755 1.35560779180378 0 1.30727887526155 1.59226694027893 1.14709492726251 1.23584656254388 0.987236351938918 1.6752495940309 1.09431052417494 1.74333078996278 1.39180961158127 1.131122112507 1.91089506703429 1.76204874785617 1.68665881850757 1.433795156423 1.66657790378667 0.951014754362404 1.13215496600606 1.22206475585699 1.53848939249292 1.36821879004128
1.40139428991824 1.81198928132653 1.2554980921559 1.04693416808732 1.50822791620158 1.80920784873888 0.958123999880627 1.60601619817317 1.57056593662128 1.30727887526155 0 1.08082019700669 1.50433453638107 1.71703726914711 1.94114418071695 1.61554162809625 1.92809211858548 1.28402531659231 1.40890682325698 1.9031444801949 0.989285029470921 1.40076749771833 1.28475857665762 1.33106990717351 1.74429000564851 1.02955205319449 1.79292666283436 1.80946068721823 1.84687472973019 1.00901322043501
1.4525197846815 1.81227770121768 1.70123563078232 1.79532628855668 1.50927004148252 0.997491461457685 0.971305209910497 1.82208161475137 1.03770176786929 1.59226694027893 1.08082019700669 0 0.970823968527839 1.76630813116208 1.79533911636099 1.91328787221573 1.44213975011371 0.951216099318117 1.2684718251694 1.85949744400568 1.53882633941248 1.24682369525544 1.55801434465684 1.15799620933831 1.4470449546352 1.84581537963822 1.35124912462197 1.78723468375392 1.15897006518207 1.41846430883743
1.64702461240813 1.81649290304631 0.977082048775628 1.12925986805931 1.08863290259615 1.74620793829672 1.39249605941586 1.62721032695845 1.56197428517044 1.14709492726251 1.50433453638107 0.970823968527839 0 1.02495284657925 1.25112837716006 1.45109417499043 1.55241464474238 1.60104454075918 1.55893433769234 1.09253171808086 1.05949480435811 1.92458681459539 1.51043111411855 1.09670100803487 1.75787321967073 1.54169642645866 1.17335323896259 1.08517870516516 1.49286925513297 1.42641492979601
1.53625613031909 1.27840151358396 1.62910019257106 1.22631793702021 1.33743661548942 1.17801634129137 1.09434925578535 1.8866738867946 1.6475642954465 1.23584656254388 1.71703726914711 1.76630813116208 1.02495284657925 0 1.2958372423891 1.35250034695491 1.74277502787299 1.64159761485644 1.14209850435145 1.71112013258971 1.07033340400085 1.43018559669144 1.52415971877053 1.20454456750304 1.53068243782036 1.71293858089484 1.05602960125543 1.68194382754155 1.663221223047 1.77518609794788
1.42006617668085 1.75983833870851 1.76992117846385 1.43143328977749 1.1316151577048 1.83377709193155 1.39549493743107 1.29258855688386 1.08944857493043 0.987236351938918 1.94114418071695 1.79533911636099 1.25112837716006 1.2958372423891 0 1.15787191106938 1.82901813834906 1.37280006194487 1.25097380857915 1.0143086311873 1.04997637821361 1.31986801931635 1.15101373451762 1.21683833631687 1.94283732585609 1.93825110630132 1.44516135938466 1.72583270329051 1.31074330443516 1.2162080258131
1.71467602183111 1.67025641445071 1.52568007400259 1.78578101634048 1.06114620319568 1.68878283281811 1.92154547967948 1.21956194448285 1.03806890710257 1.6752495940309 1.61554162809625 1.91328787221573 1.45109417499043 1.35250034695491 1.15787191106938 0 1.90710610616952 1.18844249122776 0.993324364768341 1.85149836167693 1.67878932366148 1.33948499313556 1.1952175530605 1.68990430282429 1.71568839903921 1.69342710357159 1.42318602418527 1.39468285860494 1.71528039406985 1.28320565004833
1.22923471988179 1.61972739105113 1.64859681413509 1.28988333558664 1.15302292420529 1.1792047447525 1.10590865649283 1.08363419538364 1.38896599598229 1.09431052417494 1.92809211858548 1.44213975011371 1.55241464474238 1.74277502787299 1.82901813834906 1.90710610616952 0 1.79312422452495 1.30764252063818 1.35834355116822 1.48556230496615 1.25958080403507 1.39053835137747 1.93478949484415 1.19195609004237 1.84213932952844 1.05142605421133 1.189795472892 1.35195145430043 1.08761129505001
1.23441053554416 1.26131581608206 1.49392813304439 1.39161034068093 1.46937617659569 1.57547214487568 1.82856458099559 0.956303816987202 1.73292262828909 1.74333078996278 1.28402531659231 0.951216099318117 1.60104454075918 1.64159761485644 1.37280006194487 1.18844249122776 1.79312422452495 0 1.21565396804363 1.51115324301645 1.71642629010603 1.58036784967408 1.73458139202558 1.45344769535586 1.4522963645868 1.35219492577016 1.22668709768914 1.30131860007532 1.67671908601187 1.43042915663682
1.47167106089182 1.92867422918789 1.56383391749114 1.73219550144859 1.18042491865344 1.72589328070171 1.63301443541422 1.82570450962521 1.18566603399813 1.39180961158127 1.40890682325698 1.2684718251694 1.55893433769234 1.14209850435145 1.25097380857915 0.993324364768341 1.30764252063818 1.21565396804363 0 1.13783455267549 1.12032288569026 1.11431893589906 1.13674888154492 1.16630745865405 1.13285349844955 1.29232763568871 1.78756348183379 1.78243636200204 1.23396486113779 0.952781197614968
1.84373542736284 1.93732909811661 1.89287065272219 1.26942100422457 1.28315939148888 1.91050080186687 1.12328234291635 1.40756280208007 1.28750532749109 1.131122112507 1.9031444801949 1.85949744400568 1.09253171808086 1.71112013258971 1.0143086311873 1.85149836167693 1.35834355116822 1.51115324301645 1.13783455267549 0 1.14330168883316 1.17271665949374 1.81802813964896 1.33039955375716 1.34165275399573 1.29865827108733 1.35477527813055 1.59397066198289 1.69512173347175 1.55735503858887
1.50529268989339 1.4368164318148 1.6922788459342 1.10806240513921 1.23148126713932 1.82434358587489 1.65821095043793 1.81337828072719 1.16144135594368 1.91089506703429 0.989285029470921 1.53882633941248 1.05949480435811 1.07033340400085 1.04997637821361 1.67878932366148 1.48556230496615 1.71642629010603 1.12032288569026 1.14330168883316 0 1.44433732586913 1.18587610335089 1.37593744625337 1.18237449182197 1.70422539697029 1.44433015375398 1.0348700270988 1.38707540021278 1.01876168977469
1.13522597611882 1.34210410923697 1.91189279290847 1.36956459982321 1.09547422127798 1.7254711764399 1.2553647516761 1.82205847138539 1.4179053066764 1.76204874785617 1.40076749771833 1.24682369525544 1.92458681459539 1.43018559669144 1.31986801931635 1.33948499313556 1.25958080403507 1.58036784967408 1.11431893589906 1.17271665949374 1.44433732586913 0 1.88770977500826 1.83535246597603 1.06557786371559 1.3880059258081 1.34439942822792 1.32376036699861 1.83367957384326 1.72176738618873
1.31706038839184 1.90835432661697 1.32024182286114 1.16435212804936 1.92575686937198 1.86789026856422 1.05021915654652 1.19314518524334 0.948497557546943 1.68665881850757 1.28475857665762 1.55801434465684 1.51043111411855 1.52415971877053 1.15101373451762 1.1952175530605 1.39053835137747 1.73458139202558 1.13674888154492 1.81802813964896 1.18587610335089 1.88770977500826 0 1.41588911530562 1.50512098497711 1.87129822908901 1.07753737294115 1.76312240213156 1.06962724681944 1.07750778854825
1.33435256499797 0.97795711318031 1.82673167786561 1.26648130360991 1.60530001553707 1.50911261094734 1.06470114272088 1.27595356758684 1.67415275843814 1.433795156423 1.33106990717351 1.15799620933831 1.09670100803487 1.20454456750304 1.21683833631687 1.68990430282429 1.93478949484415 1.45344769535586 1.16630745865405 1.33039955375716 1.37593744625337 1.83535246597603 1.41588911530562 0 1.81890744669363 1.50812422391027 1.80734702269547 1.04147503850982 1.67888662335463 1.57352122012526
1.66689185565338 1.94249801198021 1.89074644376524 1.35374888079241 1.50165190803818 1.64743819786236 1.9032078711316 1.09199792100117 1.6199921274092 1.66657790378667 1.74429000564851 1.4470449546352 1.75787321967073 1.53068243782036 1.94283732585609 1.71568839903921 1.19195609004237 1.4522963645868 1.13285349844955 1.34165275399573 1.18237449182197 1.06557786371559 1.50512098497711 1.81890744669363 0 1.31188587890938 0.980607055360451 1.93430852959864 1.05282836733386 1.87910696188919
1.20108560868539 0.961419798666611 1.5103299098555 1.108074137941 1.81624821992591 1.195738656912 1.81784844794311 1.6613278822042 1.84494686732069 0.951014754362404 1.02955205319449 1.84581537963822 1.54169642645866 1.71293858089484 1.93825110630132 1.69342710357159 1.84213932952844 1.35219492577016 1.29232763568871 1.29865827108733 1.70422539697029 1.3880059258081 1.87129822908901 1.50812422391027 1.31188587890938 0 1.0038480819203 1.21108734840527 1.78758124308661 1.80477349716239
1.20238806237467 0.990065913880244 1.19637980055995 1.26390690356493 1.93131894525141 1.53306175325997 0.967281945282593 1.12713231449015 1.3846394396387 1.13215496600606 1.79292666283436 1.35124912462197 1.17335323896259 1.05602960125543 1.44516135938466 1.42318602418527 1.05142605421133 1.22668709768914 1.78756348183379 1.35477527813055 1.44433015375398 1.34439942822792 1.07753737294115 1.80734702269547 0.980607055360451 1.0038480819203 0 1.12760584359057 1.5141268116422 1.37342483433895
1.71617278456688 1.57131789182313 1.85819581733085 1.22317045694217 1.6125690122135 1.01256323885173 1.43965481291525 1.74623435665853 1.29997446481138 1.22206475585699 1.80946068721823 1.78723468375392 1.08517870516516 1.68194382754155 1.72583270329051 1.39468285860494 1.189795472892 1.30131860007532 1.78243636200204 1.59397066198289 1.0348700270988 1.32376036699861 1.76312240213156 1.04147503850982 1.93430852959864 1.21108734840527 1.12760584359057 0 0.986735513666645 1.94487746059895
1.52071875915863 1.5283260140568 1.14898688392714 1.94357965583913 1.92055988754146 1.44541366002522 1.00967864086851 0.981793711427599 1.69930439977907 1.53848939249292 1.84687472973019 1.15897006518207 1.49286925513297 1.663221223047 1.31074330443516 1.71528039406985 1.35195145430043 1.67671908601187 1.23396486113779 1.69512173347175 1.38707540021278 1.83367957384326 1.06962724681944 1.67888662335463 1.05282836733386 1.78758124308661 1.5141268116422 0.986735513666645 0 1.22506365599111
1.80829976010136 1.51818105345592 1.85532889235765 1.51401760033332 1.9179886628408 1.22450541262515 1.1469036990311 0.97101520979777 1.25451707420871 1.36821879004128 1.00901322043501 1.41846430883743 1.42641492979601 1.77518609794788 1.2162080258131 1.28320565004833 1.08761129505001 1.43042915663682 0.952781197614968 1.55735503858887 1.01876168977469 1.72176738618873 1.07750778854825 1.57352122012526 1.87910696188919 1.80477349716239 1.37342483433895 1.94487746059895 1.22506365599111 0
