0 1.70406380435452 1.3806688436307 1.00123147014529 1.44523297366686 1.36681018653326 0.948526156833395 1.14007855160162 1.56297742086463 1.6701593270991 1.1914547921624 1.4566333363764 1.4476258167997 0.941705515841022 0.968296383041888 1.62911542924121 1.86565708322451 1.51080732280388 1.58513143821619 1.22158604604192 1.16880749817938 1.72461509075947 1.25626977300271 1.45607196795754 1.89461378450505 1.32852540863678 1.25754814036191 1.26555155077949 1.22327421349473 1.06096519832499
1.70406380435452 0 1.4626944179181 1.7965801123064 1.50157902343199 1.31922517251223 1.13128721271642 1.81677550706081 1.10662378906272 1.43915949366055 1.76440778793767 1.0658315224573 1.64955997350626 1.11701456434093 0.960375660797581 1.10649105999619 1.13565345783718 1.47597726946697 1.54316855431534 1.55514016631059 1.5702020812314 0.99746258277446 0.958300032885745 1.24465690297075 1.73295114026405 1.69910595146939 1.52552021038719 1.1399699060712 1.51426354236901 1.38064344064333
1.3806688436307 1.4626944179181 0 1.90418301615864 1.48098768130876 1.79091857816093 1.58132756105624 1.21739068045281 1.42896216199733 1.79976722900756 1.39387155743316 1.81757210032083 1.36250526970252 1.4363358526025 0.956582536688074 1.21909526525997 1.29355560732074 1.30161246587522 1.69845950091258 1.40929068578407 1.898758394178 1.39051205152646 1.89501153957099 1.91459466307424 1.0290379722137 1.24899989902042 1.85846183565445 1.85520591121167 1.25448434893042 1.10686817858368
1.00123147014529 1.7965801123064 1.90418301615864 0 1.25155900791287 1.9288641680032 1.65474733733572 1.82242296263576 1.03717763838358 1.64872849569656 0.939428799320012 1.34980284003541 1.87785926088691 1.55683162808418 0.975440107518807 0.95663568819873 1.22957931645215 1.48769012466073 1.43829031614587 1.02552232029848 1.57305867830291 1.92844873876311 1.03994606551714 1.36205791099928 1.25735639361665 1.74816648242995 1.23056132299826 1.08677730709314 1.59870666940697 1.01183398789726
1.44523297366686 1.50157902343199 1.48098768130876 1.25155900791287 0 1.73517667781562 0.977342271711677 1.71102043264546 1.72777225379832 1.93454608833417 1.74946714518592 1.2094890717417 1.42362726991996 1.41822500596754 1.26852613245137 1.70383787923492 1.2628142691683 0.984019766096026 0.962631466099992 1.72586169489659 1.31139006698504 1.51980988658033 1.37380297156051 1.33332660328597 1.14115852699615 1.31974304281175 1.18031156389043 1.76924547040835 1.29231501510367 1.5146221795585
1.36681018653326 1.31922517251223 1.79091857816093 1.9288641680032 1.73517667781562 0 1.66953898710199 1.81266316422261 1.41025422234088 1.16820829617791 1.62175109237432 1.32861484074965 1.36784965335391 0.961740928003564 0.982572618871927 1.31024654814973 1.58147091069259 1.40885103098117 1.26137923263013 1.81349069369026 1.56873021600768 1.61314672371373 1.30257472535595 1.81410566391423 0.950931283878163 1.45085308491252 1.3582797520794 1.93387579079717 1.91765771736391 1.24603684898466
0.948526156833395 1.13128721271642 1.58132756105624 1.65474733733572 0.977342271711677 1.66953898710199 0 1.21851516212337 1.49199620797299 0.957203816622496 1.11908387299627 1.33641792740673 1.3575195427984 1.81427791668102 1.1192067367956 1.85077536688186 1.16888405196369 1.2340181004256 1.41041704430245 1.43877222645096 1.04849056061357 1.66138819721527 1.72336209611967 1.4550046378281 1.74405170208775 1.90022934344597 1.29361993540078 1.07728225761093 1.71954523958266 1.6867272767704
1.14007855160162 1.81677550706081 1.21739068045281 1.82242296263576 1.71102043264546 1.81266316422261 1.21851516212337 0 1.80298835528083 1.56662013684399 1.76722538773902 1.439295923803 1.68019693600945 1.77436162368394 1.68674728251062 1.17796423402615 1.40561778144911 1.46577512775548 1.59261624375358 1.55979628372006 1.88409365341067 1.15864730579779 1.91921069240198 1.39004341326654 1.46592521038838 1.16077396762557 1.84444027184509 1.81689132167958 1.81454750872217 1.68317069276236
1.56297742086463 1.10662378906272 1.42896216199733 1.03717763838358 1.72777225379832 1.41025422234088 1.49199620797299 1.80298835528083 0 1.45801087352447 1.66879353136756 1.89838589495048 1.62031125230715 0.988482557469979 1.25038398988545 1.49113520397805 1.49450908135623 1.51826973771676 1.24367924919352 1.73143361951225 1.25071782735176 1.4609766243957 1.92188103846274 1.02454031119123 0.979951071320102 1.55433698906563 1.47869412554428 1.51773939165287 1.81884617218748 1.68819867586717
1.6701593270991 1.43915949366055 1.79976722900756 1.64872849569656 1.93454608833417 1.16820829617791 0.957203816622496 1.56662013684399 1.45801087352447 0 1.33299621008337 1.56021794630215 1.70343655231409 1.25749100837857 1.40164239518344 1.2254591814708 1.12345792399719 1.36849736794829 1.01257656048983 1.54635362979025 1.68926785094664 1.32414491078816 1.38443898479454 1.00451264786534 1.3069972160738 1.55325092026033 1.79023953690194 1.93218581145629 1.35902641899884 1.69835086655803
1.1914547921624 1.76440778793767 1.39387155743316 0.939428799320012 1.74946714518592 1.62175109237432 1.11908387299627 1.76722538773902 1.66879353136756 1.33299621008337 0 1.44609791180119 1.80657831276767 1.09975705342367 1.67589641478844 1.09693206730299 1.61588764283806 1.161435109796 1.66644403943792 1.41221448942088 1.80787561857142 1.70520167471841 1.68261280935258 1.81619588355534 1.50645519816317 1.44242353271693 1.31577429710887 1.02120099402964 1.69529734132811 1.37445005727932
1.4566333363764 1.0658315224573 1.81757210032083 1.34980284003541 1.2094890717417 1.32861484074965 1.33641792740673 1.439295923803 1.89838589495048 1.56021794630215 1.44609791180119 0 1.32290005986579 1.07453462015837 1.82077332516201 1.7595273393672 1.17146618058905 1.54684956441633 1.21091859135777 0.984454731922597 1.71508913091384 1.8120708942879 1.61178035195917 1.40840229927562 1.16874092584476 1.79825611994602 1.61477093654685 1.07460028911009 1.78137147659436 1.8670379659161
1.4476258167997 1.64955997350626 1.36250526970252 1.87785926088691 1.42362726991996 1.36784965335391 1.3575195427984 1.68019693600945 1.62031125230715 1.70343655231409 1.80657831276767 1.32290005986579 0 1.46555674122646 1.72112001525238 0.960027509834617 1.75042140088044 1.44381408439949 1.1217507829424 1.2135773752816 1.09921374055557 1.70382022927515 1.74250491033308 0.956551790935919 1.50736804795451 1.69997118390165 1.85407749912702 1.73356259614229 1.13511932850815 1.21532946988009
0.941705515841022 1.11701456434093 1.4363358526025 1.55683162808418 1.41822500596754 0.961740928003564 1.81427791668102 1.77436162368394 0.988482557469979 1.25749100837857 1.09975705342367 1.07453462015837 1.46555674122646 0 1.01578095811419 1.71421037102118 1.0397627837956 1.28978990833275 1.33508876361884 1.77442814456299 1.19435640540905 1.36537060886621 1.2995494264178 1.80885475222021 1.53906432003714 1.85451707150787 1.09485235437751 1.67947730072774 1.37912353198044 0.943473649444059
0.968296383041888 0.960375660797581 0.956582536688074 0.975440107518807 1.26852613245137 0.982572618871927 1.1192067367956 1.68674728251062 1.25038398988545 1.40164239518344 1.67589641478844 1.82077332516201 1.72112001525238 1.01578095811419 0 1.59001574991271 1.18982855509967 1.04460328887217 1.41020073182881 1.46633232012391 1.26486116764136 1.29801850765944 1.47916278149933 1.85549533134326 1.58421185659245 1.16918791620992 1.01057881768793 1.64297693152912 1.51375948102213 1.85423687659204
1.62911542924121 1.10649105999619 1.21909526525997 0.95663568819873 1.70383787923492 1.31024654814973 1.85077536688186 1.17796423402615 1.49113520397805 1.2254591814708 1.09693206730299 1.7595273393672 0.960027509834617 1.71421037102118 1.59001574991271 0 1.07949602231383 1.1401792045217 1.40138836600818 1.76137008401565 1.31138953543268 1.81352801481262 1.6957650273107 1.57225111778826 1.87418757379055 1.91979980748147 1.36155616911128 1.07694869814441 1.21490901871584 1.89336605137214
1.86565708322451 1.13565345783718 1.29355560732074 1.22957931645215 1.2628142691683 1.58147091069259 1.16888405196369 1.40561778144911 1.49450908135623 1.12345792399719 1.61588764283806 1.17146618058905 1.75042140088044 1.0397627837956 1.18982855509967 1.07949602231383 0 1.71094240923412 1.21702618035488 1.72365954145789 1.56120871892199 1.50542303710245 1.55707190767862 1.26626509847119 1.48982458654791 1.66442247387022 1.4361697610002 1.12263451120816 1.48784556426108 0.945445915916935
1.51080732280388 1.47597726946697 1.30161246587522 1.48769012466073 0.984019766096026 1.40885103098117 1.2340181004256 1.46577512775548 1.51826973771676 1.36849736794829 1.161435109796 1.54684956441633 1.44381408439949 1.28978990833275 1.04460328887217 1.1401792045217 1.71094240923412 0 1.37002056371421 1.41666187020019 1.64940819889307 1.59276501764543 1.90165302180685 1.07138990983367 1.17681506299414 1.13656997284852 1.29721921449527 1.40191079932265 1.06452899635769 1.54212706326507
1.58513143821619 1.54316855431534 1.69845950091258 1.43829031614587 0.962631466099992 1.26137923263013 1.41041704430245 1.59261624375358 1.24367924919352 1.01257656048983 1.66644403943792 1.21091859135777 1.1217507829424 1.33508876361884 1.41020073182881 1.40138836600818 1.21702618035488 1.37002056371421 0 1.37796968966722 1.47120651393197 1.15321485907771 1.80465967510827 0.992079068906605 1.85237032151781 1.71220855414867 1.88202828448266 1.87831437285058 1.03183306846768 1.56293868878856
1.22158604604192 1.55514016631059 1.40929068578407 1.02552232029848 1.72586169489659 1.81349069369026 1.43877222645096 1.55979628372006 1.73143361951225 1.54635362979025 1.41221448942088 0.984454731922597 1.2135773752816 1.77442814456299 1.46633232012391 1.76137008401565 1.72365954145789 1.41666187020019 1.37796968966722 0 1.554402861977 1.17224503541365 1.45358309010044 1.51775254076347 1.09925446799025 1.44033458805643 1.07211385294795 1.31370000424795 1.76319953612983 1.59697891701944
1.16880749817938 1.5702020812314 1.898758394178 1.57305867830291 1.31139006698504 1.56873021600768 1.04849056061357 1.88409365341067 1.25071782735176 1.68926785094664 1.80787561857142 1.71508913091384 1.09921374055557 1.19435640540905 1.26486116764136 1.31138953543268 1.56120871892199 1.64940819889307 1.47120651393197 1.554402861977 0 1.11202969192527 1.60161555558443 1.15519628021866 1.68653849978 1.60341405053623 1.30661151651293 1.32632313296199 1.20239694067277 1.34522613650188
1.72461509075947 0.99746258277446 1.39051205152646 1.92844873876311 1.51980988658033 1.61314672371373 1.66138819721527 1.15864730579779 1.4609766243957 1.32414491078816 1.70520167471841 1.8120708942879 1.70382022927515 1.36537060886621 1.29801850765944 1.81352801481262 1.50542303710245 1.59276501764543 1.15321485907771 1.17224503541365 1.11202969192527 0 1.84050171170384 1.7838252838701 1.77494774083607 1.68809748650528 1.20518510765396 1.89931094134226 1.91589253675193 1.01670137722977
1.25626977300271 0.958300032885745 1.89501153957099 1.03994606551714 1.37380297156051 1.30257472535595 1.72336209611967 1.91921069240198 1.92188103846274 1.38443898479454 1.68261280935258 1.61178035195917 1.74250491033308 1.2995494264178 1.47916278149933 1.6957650273107 1.55707190767862 1.90165302180685 1.80465967510827 1.45358309010044 1.60161555558443 1.84050171170384 0 1.52247447776608 1.1498743549455 1.82301440928131 1.61863645375706 1.14422767912038 1.87017383961938 1.18742084875703
1.45607196795754 1.24465690297075 1.91459466307424 1.36205791099928 1.33332660328597 1.81410566391423 1.4550046378281 1.39004341326654 1.02454031119123 1.00451264786534 1.81619588355534 1.40840229927562 0.956551790935919 1.80885475222021 1.85549533134326 1.57225111778826 1.26626509847119 1.07138990983367 0.992079068906605 1.51775254076347 1.15519628021866 1.7838252838701 1.52247447776608 0 1.81230849283747 1.25986828515306 1.53155654133298 1.32040466973558 1.67438718304038 1.10580359073356
1.89461378450505 1.73295114026405 1.0290379722137 1.25735639361665 1.14115852699615 0.950931283878163 1.74405170208775 1.46592521038838 0.979951071320102 1.3069972160738 1.50645519816317 1.16874092584476 1.50736804795451 1.53906432003714 1.58421185659245 1.87418757379055 1.48982458654791 1.17681506299414 1.85237032151781 1.09925446799025 1.68653849978 1.77494774083607 1.1498743549455 1.81230849283747 0 1.65400609606877 1.31282416335307 1.40352532756515 1.3887400040403 1.71421747514978
1.32852540863678 1.69910595146939 1.24899989902042 1.74816648242995 1.31974304281175 1.45085308491252 1.90022934344597 1.16077396762557 1.55433698906563 1.55325092026033 1.44242353271693 1.79825611994602 1.69997118390165 1.85451707150787 1.16918791620992 1.91979980748147 1.66442247387022 1.13656997284852 1.71220855414867 1.44033458805643 1.60341405053623 1.68809748650528 1.82301440928131 1.25986828515306 1.65400609606877 0 1.61849970533513 1.70031659095548 1.6094360507559 1.0087189564947
1.25754814036191 1.52552021038719 1.85846183565445 1.23056132299826 1.18031156389043 1.3582797520794 1.29361993540078 1.84444027184509 1.47869412554428 1.79023953690194 1.31577429710887 1.61477093654685 1.85407749912702 1.09485235437751 1.01057881768793 1.36155616911128 1.4361697610002 1.29721921449527 1.88202828448266 1.07211385294795 1.30661151651293 1.20518510765396 1.61863645375706 1.53155654133298 1.31282416335307 1.61849970533513 0 1.40657513123006 1.70941541809589 1.19112028065138
1.26555155077949 1.1399699060712 1.85520591121167 1.08677730709314 1.76924547040835 1.93387579079717 1.07728225761093 1.81689132167958 1.51773939165287 1.93218581145629 1.02120099402964 1.07460028911009 1.73356259614229 1.67947730072774 1.64297693152912 1.07694869814441 1.12263451120816 1.40191079932265 1.87831437285058 1.31370000424795 1.32632313296199 1.89931094134226 1.14422767912038 1.32040466973558 1.40352532756515 1.70031659095548 1.40657513123006 0 1.16895106714219 1.7422715225257
1.22327421349473 1.51426354236901 1.25448434893042 1.59870666940697 1.29231501510367 1.91765771736391 1.71954523958266 1.81454750872217 1.81884617218748 1.35902641899884 1.69529734132811 1.78137147659436 1.13511932850815 1.37912353198044 1.51375948102213 1.21490901871584 1.48784556426108 1.06452899635769 1.03183306846768 1.76319953612983 1.20239694067277 1.91589253675193 1.87017383961938 1.67438718304038 1.3887400040403 1.6094360507559 1.70941541809589 1.16895106714219 0 1.88795873429626
1.06096519832499 1.38064344064333 1.10686817858368 1.01183398789726 1.5146221795585 1.24603684898466 1.6867272767704 1.68317069276236 1.68819867586717 1.69835086655803 1.37445005727932 1.8670379659161 1.21532946988009 0.943473649444059 1.85423687659204 1.89336605137214 0.945445915916935 1.54212706326507 1.56293868878856 1.59697891701944 1.34522613650188 1.01670137722977 1.18742084875703 1.10580359073356 1.71421747514978 1.0087189564947 1.19112028065138 1.7422715225257 1.88795873429626 0
