0 1.14062186819501 1.52051470172592 1.29193977103569 1.58907248568721 1.44659318565391 1.71967925876379 1.46045294729993 1.36250594863668 1.08002297277562 1.53391536022536 1.84012314444408 1.2456563077867 1.05921145598404 1.73566229944117 0.915440888376907 1.00050069950521 1.565609308891 1.88633384089917 1.72685898956843 1.38343033054844 1.14965985249728 1.4557857636828 1.55015881592408 1.64116968470626 1.34394458052702 1.46180810383521 1.89822442433797 1.77224948978983 1.44719725474715
1.14062186819501 0 1.022688529687 1.54351681796834 1.18787721917033 1.26626111171208 1.67327614291571 0.987082163803279 1.90673171333037 1.45227438793518 1.69401143235154 1.86192904575728 1.63826493383385 1.37216022307985 1.61252811015584 1.78530386765487 0.916845041560009 1.55799793172628 1.68573316046968 1.83131135394797 1.02077649510466 1.78775727911852 1.26052038907073 1.77783797611482 1.53412960190326 1.48811228945851 1.21610744437203 1.0495556932874 1.34821687010117 1.49828886357136
1.52051470172592 1.022688529687 0 1.10965737653896 1.82193815452047 1.01006762869656 1.33434823621064 1.75771803408861 1.12833812297322 1.05574551015161 1.53885193914175 1.14638161356561 1.61291157198139 1.40260176733136 1.77037062123418 1.44577721669339 1.39814039412886 1.90834042080678 1.19195510353893 1.42330731940456 1.81556957843713 1.86022964469157 1.62710180971771 1.36024249484763 1.17493264307268 1.32606764347292 1.23198426142335 1.79497613897547 1.86529584391974 1.24374173814431
1.29193977103569 1.54351681796834 1.10965737653896 0 1.84050545562059 1.04988751350902 1.2265948841814 1.70891213580035 1.39982469030656 1.0759967751801 1.61137122474611 1.55465695238672 1.77442161785439 1.51590711972676 1.73286114656366 1.47054521995597 0.914888131199405 0.9785151546821 1.13392866542563 1.07655906444415 1.09683583956212 1.90969361155294 1.20407981914468 1.15323467808776 0.951177011942491 1.62400525738485 1.15796278021298 1.74760965700261 0.966496540233493 1.68477122066543
1.58907248568721 1.18787721917033 1.82193815452047 1.84050545562059 0 0.974549653707072 1.79873494175263 1.00678184512071 1.4408913217485 1.38803152809851 1.35097934491932 1.44944405718707 1.2287328557577 0.949309613322839 1.01317881303839 1.69661199115217 1.01108424714766 1.42969632707536 1.45992817310616 1.24438868276775 1.28351437440142 0.98168569826521 1.43436109996401 1.32318853354082 1.56184882018715 1.79509043693542 1.46741456445307 1.62880349927582 1.135466047097 1.31535121286288
1.44659318565391 1.26626111171208 1.01006762869656 1.04988751350902 0.974549653707072 0 1.28720404393971 1.73630596138537 1.72881938167848 1.70650888583623 1.44679733505473 1.56679417332634 1.76249754335731 0.91118754982017 1.26333540095948 1.51420044410042 1.39701564679854 1.28877220279537 1.00508246966638 1.79123848560266 1.76188580039889 1.19957195641473 1.54992161947303 1.79434651276097 1.82494503608905 1.32563693984412 1.69112253701314 1.83630723971874 1.51989156217314 1.75421476713382
1.71967925876379 1.67327614291571 1.33434823621064 1.2265948841814 1.79873494175263 1.28720404393971 0 1.12571683386341 1.46919498639181 1.46593011938967 1.08381279674359 1.42501111677848 1.79295135987923 1.87624745769426 1.4219005482737 1.54223276418634 1.35969320917502 1.59313797065988 1.10997406579554 1.80402196710929 1.68413942214102 1.4235449207481 1.59505476453342 1.05909587047063 1.07998167094775 1.41487173456699 1.69085503113456 1.4666457278654 1.23538153804839 1.13120200182311
1.46045294729993 0.987082163803279 1.75771803408861 1.70891213580035 1.00678184512071 1.73630596138537 1.12571683386341 0 1.25737616885453 1.66532834549434 1.62293490371667 0.913015817059204 0.944783712271601 1.90803866134956 1.63354373024777 1.13978299754672 0.980184970889241 1.4335586107336 1.33696738118306 1.45141563890502 1.47139490465634 1.46985788294114 1.81414315989241 1.11287739570253 1.20790057908744 0.995266450801864 1.21342758066021 1.3579349971842 1.5263642007485 1.52030159672722
1.36250594863668 1.90673171333037 1.12833812297322 1.39982469030656 1.4408913217485 1.72881938167848 1.46919498639181 1.25737616885453 0 1.33205403760076 1.02578490832821 1.22094531287439 1.61237838445231 1.11596357426606 1.5156952587422 1.27821968565695 1.41216302430257 1.86561887082644 1.16714979894459 1.3597045626957 1.02018252154812 1.46983872842975 1.44333382230252 1.49524812260643 1.82232669671066 1.22409955738112 1.08178723673336 1.15113720903173 1.7705632885918 1.28377888095565
1.08002297277562 1.45227438793518 1.05574551015161 1.0759967751801 1.38803152809851 1.70650888583623 1.46593011938967 1.66532834549434 1.33205403760076 0 1.55933490744792 1.3259488765616 0.982444274006411 1.06100483285263 0.974229558138177 1.713833124144 1.37313468311913 1.50975942867808 1.39538179151714 1.48557528527454 1.12763511086814 1.60415261425078 1.68658311967738 1.65224700816907 1.55222632456571 1.55455645197071 0.948509044246748 1.2115259997081 1.60761644947343 1.84970719809644
1.53391536022536 1.69401143235154 1.53885193914175 1.61137122474611 1.35097934491932 1.44679733505473 1.08381279674359 1.62293490371667 1.02578490832821 1.55933490744792 0 1.25414617196657 1.45866571785882 0.966626402921975 1.78218666487373 1.0501817590557 1.84955769381486 1.26114928722382 1.25489213853143 1.56378638511524 1.7473280960694 1.56669608294033 1.60040169977583 1.8466677821707 1.6851237360388 1.61039830720983 1.66917492565699 1.57509786798619 1.82745831971988 0.996918814023957
1.84012314444408 1.86192904575728 1.14638161356561 1.55465695238672 1.44944405718707 1.56679417332634 1.42501111677848 0.913015817059204 1.22094531287439 1.3259488765616 1.25414617196657 0 1.2484670903068 1.86281084083021 1.16684905835427 1.80098332162015 0.996192639926448 1.36090080905706 0.967491157120094 1.06618053582497 1.33056010864675 1.08245157706551 1.60112920054235 1.75590331992134 1.62083567515947 1.28821337292902 1.05695562716573 1.61336576216854 1.51170164067298 0.921827103476971
1.2456563077867 1.63826493383385 1.61291157198139 1.77442161785439 1.2287328557577 1.76249754335731 1.79295135987923 0.944783712271601 1.61237838445231 0.982444274006411 1.45866571785882 1.2484670903068 0 1.26361168338917 1.36160415713675 1.6515875516925 0.949038669932634 1.502888064133 1.87563930079341 1.44620210793801 1.11292260838673 1.15048279962502 0.920510014984757 1.36156459362246 1.7444035531953 1.53880545333959 1.17896463978104 1.0125154168345 1.66665954212658 1.77978868922219
1.05921145598404 1.37216022307985 1.40260176733136 1.51590711972676 0.949309613322839 0.91118754982017 1.87624745769426 1.90803866134956 1.11596357426606 1.06100483285263 0.966626402921975 1.86281084083021 1.26361168338917 0 1.12058012769558 1.17541394941509 1.21346215507947 1.76125631062314 1.68650742247701 1.1366392406635 1.5059770217631 1.22810366749763 1.66382644558325 1.32201673323289 1.15334310592152 1.00202402309515 1.36388945812359 1.82609106670134 1.76310411910526 1.36682224948891
1.73566229944117 1.61252811015584 1.77037062123418 1.73286114656366 1.01317881303839 1.26333540095948 1.4219005482737 1.63354373024777 1.5156952587422 0.974229558138177 1.78218666487373 1.16684905835427 1.36160415713675 1.12058012769558 0 1.51928112539463 1.86024066596292 1.09819217678159 1.91004651715048 0.978937644744292 1.86204685387202 1.13632480893284 1.70268651726656 1.1305212941952 1.80638276319951 1.15883932006545 1.69200075068511 1.7644211743027 1.12670484138653 1.48442414402962
0.915440888376907 1.78530386765487 1.44577721669339 1.47054521995597 1.69661199115217 1.51420044410042 1.54223276418634 1.13978299754672 1.27821968565695 1.713833124144 1.0501817590557 1.80098332162015 1.6515875516925 1.17541394941509 1.51928112539463 0 1.1960342018865 1.41012908518314 1.64482876472175 1.41965025523677 1.7286077470053 1.23595329350792 1.58005969598889 1.71254282002337 1.60227556549944 1.88578857784159 1.30881322687492 0.999893619678915 1.42266814620234 1.47674460615963
1.00050069950521 0.916845041560009 1.39814039412886 0.914888131199405 1.01108424714766 1.39701564679854 1.35969320917502 0.980184970889241 1.41216302430257 1.37313468311913 1.84955769381486 0.996192639926448 0.949038669932634 1.21346215507947 1.86024066596292 1.1960342018865 0 1.07168513163924 1.73869210924022 1.06494129053317 1.81214573094621 1.70858806045726 1.27574326260947 1.06893026363105 1.71329239034094 1.34361358056776 1.71424076659605 1.89844999881461 1.72368753422052 1.57680151076056
1.565609308891 1.55799793172628 1.90834042080678 0.9785151546821 1.42969632707536 1.28877220279537 1.59313797065988 1.4335586107336 1.86561887082644 1.50975942867808 1.26114928722382 1.36090080905706 1.502888064133 1.76125631062314 1.09819217678159 1.41012908518314 1.07168513163924 0 1.32983554434031 1.54152378812432 1.25303954677656 1.0465034795925 1.60339493420906 1.6745053937193 1.87484299181961 1.78541596326977 1.42797869094647 1.51790178124793 1.32949172286317 1.45834424905479
1.88633384089917 1.68573316046968 1.19195510353893 1.13392866542563 1.45992817310616 1.00508246966638 1.10997406579554 1.33696738118306 1.16714979894459 1.39538179151714 1.25489213853143 0.967491157120094 1.87563930079341 1.68650742247701 1.91004651715048 1.64482876472175 1.73869210924022 1.32983554434031 0 1.09213970857672 1.32392313610762 0.928463935153559 1.30057549383491 1.22242731344886 1.45134218921885 1.38802356109954 1.51611793017946 1.18669124692678 1.84811496501788 1.88931826059707
1.72685898956843 1.83131135394797 1.42330731940456 1.07655906444415 1.24438868276775 1.79123848560266 1.80402196710929 1.45141563890502 1.3597045626957 1.48557528527454 1.56378638511524 1.06618053582497 1.44620210793801 1.1366392406635 0.978937644744292 1.41965025523677 1.06494129053317 1.54152378812432 1.09213970857672 0 1.20271289884113 1.08841492212377 1.90940106799826 1.10764039843343 1.90142105193809 1.35900490847416 1.11987367412075 1.35458265943453 1.57836944283918 1.6206451964099
1.38343033054844 1.02077649510466 1.81556957843713 1.09683583956212 1.28351437440142 1.76188580039889 1.68413942214102 1.47139490465634 1.02018252154812 1.12763511086814 1.7473280960694 1.33056010864675 1.11292260838673 1.5059770217631 1.86204685387202 1.7286077470053 1.81214573094621 1.25303954677656 1.32392313610762 1.20271289884113 0 1.14001497509889 1.49050388438627 0.967595830792561 1.65169491851702 0.945205673808232 0.943264878587797 1.18824539193884 1.79947606753558 1.08836427866481
1.14965985249728 1.78775727911852 1.86022964469157 1.90969361155294 0.98168569826521 1.19957195641473 1.4235449207481 1.46985788294114 1.46983872842975 1.60415261425078 1.56669608294033 1.08245157706551 1.15048279962502 1.22810366749763 1.13632480893284 1.23595329350792 1.70858806045726 1.0465034795925 0.928463935153559 1.08841492212377 1.14001497509889 0 1.58784528891556 1.14691476873122 1.14411649736576 1.20922347600572 1.58936086064205 1.79322545533068 1.6292066895403 1.80227748141624
1.4557857636828 1.26052038907073 1.62710180971771 1.20407981914468 1.43436109996401 1.54992161947303 1.59505476453342 1.81414315989241 1.44333382230252 1.68658311967738 1.60040169977583 1.60112920054235 0.920510014984757 1.66382644558325 1.70268651726656 1.58005969598889 1.27574326260947 1.60339493420906 1.30057549383491 1.90940106799826 1.49050388438627 1.58784528891556 0 1.81422350928187 1.30623996350914 1.41367293032818 1.15293549187481 1.40709708118811 1.70461919344962 1.67387200868689
1.55015881592408 1.77783797611482 1.36024249484763 1.15323467808776 1.32318853354082 1.79434651276097 1.05909587047063 1.11287739570253 1.49524812260643 1.65224700816907 1.8466677821707 1.75590331992134 1.36156459362246 1.32201673323289 1.1305212941952 1.71254282002337 1.06893026363105 1.6745053937193 1.22242731344886 1.10764039843343 0.967595830792561 1.14691476873122 1.81422350928187 0 1.49454359570518 1.18774054106325 1.6092547159642 1.18684088159353 1.62159966654144 1.38127324357629
1.64116968470626 1.53412960190326 1.17493264307268 0.951177011942491 1.56184882018715 1.82494503608905 1.07998167094775 1.20790057908744 1.82232669671066 1.55222632456571 1.6851237360388 1.62083567515947 1.7444035531953 1.15334310592152 1.80638276319951 1.60227556549944 1.71329239034094 1.87484299181961 1.45134218921885 1.90142105193809 1.65169491851702 1.14411649736576 1.30623996350914 1.49454359570518 0 1.86865791771561 1.10205774125643 1.6981727310922 1.58108880626969 1.84221371030435
1.34394458052702 1.48811228945851 1.32606764347292 1.62400525738485 1.79509043693542 1.32563693984412 1.41487173456699 0.995266450801864 1.22409955738112 1.55455645197071 1.61039830720983 1.28821337292902 1.53880545333959 1.00202402309515 1.15883932006545 1.88578857784159 1.34361358056776 1.78541596326977 1.38802356109954 1.35900490847416 0.945205673808232 1.20922347600572 1.41367293032818 1.18774054106325 1.86865791771561 0 1.58536843536422 1.65479333861731 1.68058355851099 1.35534041468054
1.46180810383521 1.21610744437203 1.23198426142335 1.15796278021298 1.46741456445307 1.69112253701314 1.69085503113456 1.21342758066021 1.08178723673336 0.948509044246748 1.66917492565699 1.05695562716573 1.17896463978104 1.36388945812359 1.69200075068511 1.30881322687492 1.71424076659605 1.42797869094647 1.51611793017946 1.11987367412075 0.943264878587797 1.58936086064205 1.15293549187481 1.6092547159642 1.10205774125643 1.58536843536422 0 1.49270610162057 1.51883308426477 1.41388545907103
1.89822442433797 1.0495556932874 1.79497613897547 1.74760965700261 1.62880349927582 1.83630723971874 1.4666457278654 1.3579349971842 1.15113720903173 1.2115259997081 1.57509786798619 1.61336576216854 1.0125154168345 1.82609106670134 1.7644211743027 0.999893619678915 1.89844999881461 1.51790178124793 1.18669124692678 1.35458265943453 1.18824539193884 1.79322545533068 1.40709708118811 1.18684088159353 1.6981727310922 1.65479333861731 1.49270610162057 0 1.44348608702421 1.80944244679995
1.77224948978983 1.34821687010117 1.86529584391974 0.966496540233493 1.135466047097 1.51989156217314 1.23538153804839 1.5263642007485 1.7705632885918 1.60761644947343 1.82745831971988 1.51170164067298 1.66665954212658 1.76310411910526 1.12670484138653 1.42266814620234 1.72368753422052 1.32949172286317 1.84811496501788 1.57836944283918 1.79947606753558 1.6292066895403 1.70461919344962 1.62159966654144 1.58108880626969 1.68058355851099 1.51883308426477 1.44348608702421 0 1.27434404892847
1.44719725474715 1.49828886357136 1.24374173814431 1.68477122066543 1.31535121286288 1.75421476713382 1.13120200182311 1.52030159672722 1.28377888095565 1.84970719809644 0.996918814023957 0.921827103476971 1.77978868922219 1.36682224948891 1.48442414402962 1.47674460615963 1.57680151076056 1.45834424905479 1.88931826059707 1.6206451964099 1.08836427866481 1.80227748141624 1.67387200868689 1.38127324357629 1.84221371030435 1.35534041468054 1.41388545907103 1.80944244679995 1.27434404892847 0
