0 1.01632430776954 1.83664172096178 1.73325540707447 1.54390431987122 1.284381526988 1.34057783195749 1.1305627846159 1.26571554853581 1.21528700669296 1.49741806695238 1.87231368105859 1.78762505599298 1.4938747275155 1.4724220840726 1.0999729661271 1.84243394783698 1.72206515958533 1.15959789720364 1.37657389976084 1.63066852884367 1.23874114244245 1.05418651504442 0.962947000050917 1.25539923948236 1.38310257392004 1.01962779322639 1.88736432092264 1.28071264736354 1.26796475122683
1.01632430776954 0 1.86092155124061 1.29560323897749 1.32994114398025 1.63672268390656 1.66506451112218 1.91457924805582 1.35190241248347 1.89455155725591 1.55029744887725 0.963130418444052 1.72473171143793 1.08431779872626 1.80646044528112 1.47389009548351 1.05463230283931 1.90991791640408 1.81666230317205 0.964710425119847 1.92662029480562 1.0554529465735 1.76399679924361 1.14089067978784 0.978045975556597 1.37227724073455 1.47553536039777 1.81896704505198 1.86966297402978 1.11737465974875
1.83664172096178 1.86092155124061 0 1.17368414625525 1.30902797589079 1.44988489430398 1.78642333042808 1.24795076274313 1.31755247805268 1.79738485463895 1.53222652268596 1.49735380383208 1.64127480285242 1.37720912625082 0.982264812570065 1.62833570921794 1.63104261737317 1.00817046314478 1.40114140184596 1.33047497016378 1.94394947984256 1.53142928681336 1.21753215161152 1.44759008707479 1.53352029947564 1.17755515291356 1.95194370462559 1.29490670608357 1.71167592750862 1.28452294063754
1.73325540707447 1.29560323897749 1.17368414625525 0 1.7770223421976 1.94247915432788 1.74453618191183 1.64385552890599 1.48526243306696 1.35035863658413 1.42394605721347 1.39146597427316 1.61666622478515 1.11422203597613 1.24577091122046 1.57154814270325 1.2007521041669 1.58018574560992 1.94158922415227 1.13685343973339 1.64817798673175 1.94497551419772 1.46247951616533 1.33074107463472 1.78066501789726 0.973005598643795 1.22048029606231 1.03098066500388 1.44390719290823 1.9359440242406
1.54390431987122 1.32994114398025 1.30902797589079 1.7770223421976 0 1.06584408460185 1.94291793182492 1.03986462717876 1.38891118485481 1.2093560397625 1.17799647827633 1.2796497293748 0.997628468321636 1.94661284307949 1.69357751612552 1.26231048651971 1.70391677413136 1.45799598097801 1.64148705103435 1.93032899266109 0.988703893497586 1.6200476961676 1.06541307363659 1.07903377409093 0.992586253676564 1.44192413194105 1.26363462139852 1.52894321642816 1.27955444785766 1.80756855779327
1.284381526988 1.63672268390656 1.44988489430398 1.94247915432788 1.06584408460185 0 1.50190427317284 1.58981881709769 1.79286859510466 1.69668966019526 1.9265721978154 1.61606952291913 1.81511359056458 1.76254083239473 1.89426421816461 1.45318395737559 1.95414493465796 1.20326951728202 1.0415561683476 1.66990865021944 1.36406303290278 1.13692413270473 1.1631600947585 1.59766904613934 1.46044003544375 1.9414617549628 1.43211337761022 1.72020323993638 1.48247751966119 1.06231937208213
1.34057783195749 1.66506451112218 1.78642333042808 1.74453618191183 1.94291793182492 1.50190427317284 0 1.13947285711765 1.47449230216444 1.82700348715298 1.38864957285114 1.93035055859946 1.0528638404794 1.35167069290765 1.21787091600709 1.35053010238335 1.6647896443028 1.53256576741114 1.13040903327055 1.93367129494436 1.70947486232035 1.3629547522869 1.46452545630746 1.87436288711615 1.43457818194292 1.12584149697796 0.982934032101184 1.63027782249264 1.42552105966024 1.8301918588113
1.1305627846159 1.91457924805582 1.24795076274313 1.64385552890599 1.03986462717876 1.58981881709769 1.13947285711765 0 1.78622326045297 1.66721301036887 1.09006736753508 0.983767855213955 1.22268817434087 1.79625722882338 1.3382287658751 1.42062956956215 1.82537196250632 1.40646548988298 1.72753545991145 1.12367529491894 1.41187502536923 1.38022966659628 1.43918066914193 1.31269950722344 1.86942689376883 1.28919651987962 1.33541824156418 1.83128095604479 1.11496797157452 1.40828915988095
1.26571554853581 1.35190241248347 1.31755247805268 1.48526243306696 1.38891118485481 1.79286859510466 1.47449230216444 1.78622326045297 0 1.68499205820262 1.88251906866208 1.47356401802972 1.95329491677694 1.35792044247501 1.06878020078875 1.25758561911061 1.41285159066319 1.61770197912119 1.49483781284653 1.29879143415019 1.2225700924173 1.63963287486695 1.80151124903932 1.38585599139333 1.1593062421307 1.45454247947782 1.54824742604978 1.05883755162358 1.23652582732029 0.982622680952772
1.21528700669296 1.89455155725591 1.79738485463895 1.35035863658413 1.2093560397625 1.69668966019526 1.82700348715298 1.66721301036887 1.68499205820262 0 1.35612160107121 1.89581437292509 1.85677725612186 1.86722501902841 1.15437604486942 1.53564014821313 1.32304213591851 1.03773374436423 1.74409763724543 1.52938423422165 1.26916146790609 1.9592671263963 1.19515257305466 1.2417288904544 1.88271170482039 1.53447900270112 1.91964328708127 1.22753402544186 1.51502906857058 1.65684025664814
1.49741806695238 1.55029744887725 1.53222652268596 1.42394605721347 1.17799647827633 1.9265721978154 1.38864957285114 1.09006736753508 1.88251906866208 1.35612160107121 0 1.9243819299154 1.84442172665149 1.75063511449844 1.57101674308069 1.00239776843227 1.13314890861511 1.46468212362379 1.06802340853028 1.77997233509086 1.46908910782076 1.32975472020917 1.85321066528559 1.76203239848837 1.6098782196641 1.05313933407888 1.5567931055557 1.39990943600424 0.964992547873408 1.4935780998785
1.87231368105859 0.963130418444052 1.49735380383208 1.39146597427316 1.2796497293748 1.61606952291913 1.93035055859946 0.983767855213955 1.47356401802972 1.89581437292509 1.9243819299154 0 0.975263917585835 1.07062524859793 1.36804956104606 1.46054938575253 1.39041552669369 1.86564984056167 1.60985602019355 1.78921054746024 1.23112974292599 1.59673499478959 1.30662498204038 1.34067883528769 0.993661038111895 1.94186505884863 1.93330236221664 1.70693755685352 1.65895972237922 1.4864311888814
1.78762505599298 1.72473171143793 1.64127480285242 1.61666622478515 0.997628468321636 1.81511359056458 1.0528638404794 1.22268817434087 1.95329491677694 1.85677725612186 1.84442172665149 0.975263917585835 0 1.7634091139771 1.75378261646256 1.09495097957551 1.79579699062742 1.20778508810326 1.04992311983369 1.82731436379254 1.0898645655252 0.969107665354386 1.79589546704665 1.93968729698099 1.92000153497793 1.93159531382844 1.59989546448924 1.75106640416197 1.62134843366221 1.13130060280673
1.4938747275155 1.08431779872626 1.37720912625082 1.11422203597613 1.94661284307949 1.76254083239473 1.35167069290765 1.79625722882338 1.35792044247501 1.86722501902841 1.75063511449844 1.07062524859793 1.7634091139771 0 1.19249592255801 1.46259455662221 1.12764742528088 0.990440120454878 1.7482748478651 1.45166842243634 1.90847039432265 1.31756747467443 1.1659583139699 1.10354424570687 1.37972701038234 1.94262891076505 1.5332184326835 1.52884520427324 1.25962748029269 0.998717266600579
1.4724220840726 1.80646044528112 0.982264812570065 1.24577091122046 1.69357751612552 1.89426421816461 1.21787091600709 1.3382287658751 1.06878020078875 1.15437604486942 1.57101674308069 1.36804956104606 1.75378261646256 1.19249592255801 0 1.39060042053461 1.71448195492849 1.08167791552842 1.87618122342974 1.87091391230933 1.22352469339967 1.27796664182097 1.32979809679091 1.25931561435573 1.45158701017499 1.70494961342774 1.74296222510748 1.92485908442177 1.4692671126686 1.71633592247963
1.0999729661271 1.47389009548351 1.62833570921794 1.57154814270325 1.26231048651971 1.45318395737559 1.35053010238335 1.42062956956215 1.25758561911061 1.53564014821313 1.00239776843227 1.46054938575253 1.09495097957551 1.46259455662221 1.39060042053461 0 1.41735105658881 0.980931818718091 1.82550287013873 0.964535244507715 1.08755715144798 1.55021275416948 1.46852251212113 1.40117598557845 1.51886757207103 1.65312299062498 1.47495766775683 1.6935909811873 1.38979921070859 1.27773628477007
1.84243394783698 1.05463230283931 1.63104261737317 1.2007521041669 1.70391677413136 1.95414493465796 1.6647896443028 1.82537196250632 1.41285159066319 1.32304213591851 1.13314890861511 1.39041552669369 1.79579699062742 1.12764742528088 1.71448195492849 1.41735105658881 0 1.12468729075044 1.45608210680075 1.61131589813158 1.75939446943812 1.3215817892924 1.88866687845439 1.71937825391069 1.59347409754992 1.89442158211023 1.39045641897246 1.64613249269314 1.65441975812428 1.25357711594552
1.72206515958533 1.90991791640408 1.00817046314478 1.58018574560992 1.45799598097801 1.20326951728202 1.53256576741114 1.40646548988298 1.61770197912119 1.03773374436423 1.46468212362379 1.86564984056167 1.20778508810326 0.990440120454878 1.08167791552842 0.980931818718091 1.12468729075044 0 1.65748225245625 0.990882959915325 1.68484587804414 1.93353653652593 1.85350994113833 1.5329697439447 1.26423607743345 1.53454071190208 1.70877128164284 1.66306978208013 1.87509971461259 1.00314821093343
1.15959789720364 1.81666230317205 1.40114140184596 1.94158922415227 1.64148705103435 1.0415561683476 1.13040903327055 1.72753545991145 1.49483781284653 1.74409763724543 1.06802340853028 1.60985602019355 1.04992311983369 1.7482748478651 1.87618122342974 1.82550287013873 1.45608210680075 1.65748225245625 0 1.85855998191983 1.84159455308691 1.44398845848627 1.01213422440924 1.33051498001441 1.0562806671951 1.85875698528253 1.223154428415 1.33691299147904 1.31896113115363 1.19539659773
1.37657389976084 0.964710425119847 1.33047497016378 1.13685343973339 1.93032899266109 1.66990865021944 1.93367129494436 1.12367529491894 1.29879143415019 1.52938423422165 1.77997233509086 1.78921054746024 1.82731436379254 1.45166842243634 1.87091391230933 0.964535244507715 1.61131589813158 0.990882959915325 1.85855998191983 0 1.84206531732343 1.102073114831 1.09982100268826 1.39843103359453 1.94275640067644 1.9412717113737 1.86048301123083 1.19454559241422 0.97952870791778 1.5685643942561
1.63066852884367 1.92662029480562 1.94394947984256 1.64817798673175 0.988703893497586 1.36406303290278 1.70947486232035 1.41187502536923 1.2225700924173 1.26916146790609 1.46908910782076 1.23112974292599 1.0898645655252 1.90847039432265 1.22352469339967 1.08755715144798 1.75939446943812 1.68484587804414 1.84159455308691 1.84206531732343 0 1.37382858409546 1.28302651969716 1.33386043738574 1.3051771116443 1.43792896694504 1.94724632822908 1.74898577551357 1.92835828941315 1.27123822201975
1.23874114244245 1.0554529465735 1.53142928681336 1.94497551419772 1.6200476961676 1.13692413270473 1.3629547522869 1.38022966659628 1.63963287486695 1.9592671263963 1.32975472020917 1.59673499478959 0.969107665354386 1.31756747467443 1.27796664182097 1.55021275416948 1.3215817892924 1.93353653652593 1.44398845848627 1.102073114831 1.37382858409546 0 1.08090942469425 1.6023198061157 1.6466899192892 1.74226923566312 1.81000217585824 1.64358131517656 1.57476575206965 1.54624327714555
1.05418651504442 1.76399679924361 1.21753215161152 1.46247951616533 1.06541307363659 1.1631600947585 1.46452545630746 1.43918066914193 1.80151124903932 1.19515257305466 1.85321066528559 1.30662498204038 1.79589546704665 1.1659583139699 1.32979809679091 1.46852251212113 1.88866687845439 1.85350994113833 1.01213422440924 1.09982100268826 1.28302651969716 1.08090942469425 0 1.40871889446862 1.32792407600209 1.26330689759925 1.40088230487891 1.28532656794414 1.50684320181608 1.472921555629
0.962947000050917 1.14089067978784 1.44759008707479 1.33074107463472 1.07903377409093 1.59766904613934 1.87436288711615 1.31269950722344 1.38585599139333 1.2417288904544 1.76203239848837 1.34067883528769 1.93968729698099 1.10354424570687 1.25931561435573 1.40117598557845 1.71937825391069 1.5329697439447 1.33051498001441 1.39843103359453 1.33386043738574 1.6023198061157 1.40871889446862 0 1.25035149301402 1.95674972888082 1.5386480637826 1.27582550374791 1.84136908920482 1.16321743046865
1.25539923948236 0.978045975556597 1.53352029947564 1.78066501789726 0.992586253676564 1.46044003544375 1.43457818194292 1.86942689376883 1.1593062421307 1.88271170482039 1.6098782196641 0.993661038111895 1.92000153497793 1.37972701038234 1.45158701017499 1.51886757207103 1.59347409754992 1.26423607743345 1.0562806671951 1.94275640067644 1.3051771116443 1.6466899192892 1.32792407600209 1.25035149301402 0 1.00719061866403 1.71646872884594 1.27219840302132 1.5023258025758 1.85206341464072
1.38310257392004 1.37227724073455 1.17755515291356 0.973005598643795 1.44192413194105 1.9414617549628 1.12584149697796 1.28919651987962 1.45454247947782 1.53447900270112 1.05313933407888 1.94186505884863 1.93159531382844 1.94262891076505 1.70494961342774 1.65312299062498 1.89442158211023 1.53454071190208 1.85875698528253 1.9412717113737 1.43792896694504 1.74226923566312 1.26330689759925 1.95674972888082 1.00719061866403 0 1.52749898307957 1.39750425564125 1.08536445884965 0.974133132956922
1.01962779322639 1.47553536039777 1.95194370462559 1.22048029606231 1.26363462139852 1.43211337761022 0.982934032101184 1.33541824156418 1.54824742604978 1.91964328708127 1.5567931055557 1.93330236221664 1.59989546448924 1.5332184326835 1.74296222510748 1.47495766775683 1.39045641897246 1.70877128164284 1.223154428415 1.86048301123083 1.94724632822908 1.81000217585824 1.40088230487891 1.5386480637826 1.71646872884594 1.52749898307957 0 1.01662858622149 1.53535762336105 1.95890080626123
1.88736432092264 1.81896704505198 1.29490670608357 1.03098066500388 1.52894321642816 1.72020323993638 1.63027782249264 1.83128095604479 1.05883755162358 1.22753402544186 1.39990943600424 1.70693755685352 1.75106640416197 1.52884520427324 1.92485908442177 1.6935909811873 1.64613249269314 1.66306978208013 1.33691299147904 1.19454559241422 1.74898577551357 1.64358131517656 1.28532656794414 1.27582550374791 1.27219840302132 1.39750425564125 1.01662858622149 0 1.51226815651171 1.81665947381407
1.28071264736354 1.86966297402978 1.71167592750862 1.44390719290823 1.27955444785766 1.48247751966119 1.42552105966024 1.11496797157452 1.23652582732029 1.51502906857058 0.964992547873408 1.65895972237922 1.62134843366221 1.25962748029269 1.4692671126686 1.38979921070859 1.65441975812428 1.87509971461259 1.31896113115363 0.97952870791778 1.92835828941315 1.57476575206965 1.50684320181608 1.84136908920482 1.5023258025758 1.08536445884965 1.53535762336105 1.51226815651171 0 1.95117604359984
1.26796475122683 1.11737465974875 1.28452294063754 1.9359440242406 1.80756855779327 1.06231937208213 1.8301918588113 1.40828915988095 0.982622680952772 1.65684025664814 1.4935780998785 1.4864311888814 1.13130060280673 0.998717266600579 1.71633592247963 1.27773628477007 1.25357711594552 1.00314821093343 1.19539659773 1.5685643942561 1.27123822201975 1.54624327714555 1.472921555629 1.16321743046865 1.85206341464072 0.974133132956922 1.95890080626123 1.81665947381407 1.95117604359984 0
