0 1.32047999510542 1.12055840599351 1.01659874035977 1.89457526779734 1.19985428568907 1.61632650205866 1.68968727928586 1.09270495572127 1.11093260045163 1.05267636827193 1.78547389130108 1.13205912220292 1.06114831566811 1.6416073043365 1.83386632846668 0.995204989332706 1.18302752356976 1.65884682280011 1.28227001195773 1.81897685816512 0.956991588464007 0.964221894508228 1.28425129782408 1.66184379789047 1.21686066896655 1.40773165458813 1.09265231736936 1.46140693733469 1.33852604520507
1.32047999510542 0 1.05206974642351 1.30481216195039 1.07058053929359 1.08893191069365 1.3420244557783 1.06788637535647 1.82405864354223 1.56294139451347 1.7256105048582 1.16236151941121 1.21532815345563 1.38505220389925 1.43630441790447 0.976168020861223 1.88701668079011 1.9187769847922 1.07586257113144 1.87252162327059 1.66864945925772 1.81474065920338 1.17530664918013 1.89890918810852 1.66906724381261 0.97137641091831 1.05606322200038 1.81984283262864 1.56928865262307 1.44277779594995
1.12055840599351 1.05206974642351 0 1.2251556601841 1.78104830998927 1.6281118884217 1.21046485379338 0.976205863757059 1.40173534816131 1.50851264665835 1.3961607653182 1.59502628073096 1.38608828000724 1.27942681335844 1.71111085568555 1.57672402565368 1.88875505537726 1.58869545417838 1.27018046961166 1.817817900097 1.24069089908153 1.03831579373218 1.67321613919921 0.936936993850395 1.58491082466207 1.14781238674186 1.50618620612659 1.01168890297413 1.76017571636476 1.2001428056974
1.01659874035977 1.30481216195039 1.2251556601841 0 1.12850091629662 1.86969968746416 1.34559926879592 0.976207833737135 1.20876745181158 1.4953352403827 1.85447433497757 1.24425375601277 1.05338742095046 1.54465782176703 1.71688413107768 1.07673497940414 1.55617054738104 1.6389164342545 1.28964995057322 1.35751835559495 1.58830340811983 1.05190619872883 1.82660043705255 1.05934124998748 1.09394464315847 1.53119043679908 1.28140212991275 1.24132546386681 1.33546634530649 1.14725714433007
1.89457526779734 1.07058053929359 1.78104830998927 1.12850091629662 0 1.77029598690569 1.56518955761567 1.07555761607364 0.969225024571642 1.74206636357121 1.63949571945705 0.98381899157539 1.63456425420009 0.957411515060812 1.03332180716097 0.951478436589241 1.09507343312725 1.28917080583051 1.12172946240753 1.08033432275988 1.45464852056466 1.4255324723199 1.32030143099837 1.90299593005329 1.43179976241663 1.40979688824154 1.83569666813128 1.00865632272325 1.01052738563158 1.26031942968257
1.19985428568907 1.08893191069365 1.6281118884217 1.86969968746416 1.77029598690569 0 1.44710623030551 1.71466758497991 1.09488368965685 1.58624018682167 1.09757556440309 1.4825168447569 1.67813317989931 1.44545615138486 1.4302409037482 1.17530683008954 1.09929597214796 1.8481850430835 0.975591007387266 1.13803554256447 1.19927908969112 1.56498477235436 1.77918564644642 1.30058747064322 1.86307143676095 1.6923213317059 1.80594622739591 1.33541167760268 1.21218398120254 1.04536006320268
1.61632650205866 1.3420244557783 1.21046485379338 1.34559926879592 1.56518955761567 1.44710623030551 0 1.12898946460336 1.57663801801391 1.44228440872394 0.990053781541064 1.14007568336092 1.31445262650959 1.72360082622617 1.84078788012266 1.00925512495451 1.25704801315442 1.85254215844907 1.22891858941875 1.23523303121328 1.4712885171175 1.00931429024786 1.59449111577123 1.26219478202984 1.73048605280928 1.88008553395048 1.55650671105832 1.02569761290215 1.52078567352146 1.19687836430967
1.68968727928586 1.06788637535647 0.976205863757059 0.976207833737135 1.07555761607364 1.71466758497991 1.12898946460336 0 1.40472752973437 1.64564078557305 1.66396067035384 1.68835567892529 1.48116529220715 1.53086012043059 1.90237972256728 1.63214208511636 1.85263148439117 1.55480679147877 1.19291855464689 1.61950810416602 1.86811903910711 1.80384695157409 1.13893498270772 0.993663474917412 1.02652885462157 1.04075189935975 1.44080763217062 0.988289174390957 1.16910781897604 1.77586433128454
1.09270495572127 1.82405864354223 1.40173534816131 1.20876745181158 0.969225024571642 1.09488368965685 1.57663801801391 1.40472752973437 0 1.26766993827187 1.12368656508625 1.60283384495415 1.59730381797999 1.52727784216404 1.15715867397375 1.11799320648424 0.988880985416472 1.91346738114953 1.21982697630301 1.89123997883871 1.72622947813943 1.43221030780114 0.98411081568338 1.33714117854834 1.86313992156647 1.69889601878822 1.00789383938536 0.988874597009271 1.72353635542095 1.19833712466061
1.11093260045163 1.56294139451347 1.50851264665835 1.4953352403827 1.74206636357121 1.58624018682167 1.44228440872394 1.64564078557305 1.26766993827187 0 1.26949823671021 1.54237093683332 1.44235098711215 0.984802702674642 1.08474939921871 1.62672823504545 0.998516070889309 1.614354446996 1.53380116447806 1.66618937975727 1.62019385560416 1.43408125080168 1.50417498988099 1.59791065030731 1.91947553772479 1.36354225198738 1.40589198982343 1.89638393837959 1.66168571147136 1.48126441775821
1.05267636827193 1.7256105048582 1.3961607653182 1.85447433497757 1.63949571945705 1.09757556440309 0.990053781541064 1.66396067035384 1.12368656508625 1.26949823671021 0 1.6778103550896 1.22477916721255 1.72171520604752 1.41948110121302 1.76773407612927 1.31369934719987 1.69377572136 1.37783906655386 1.69730515428819 1.62834011670202 1.02113124122843 1.7087632403709 1.71289990842342 1.50667489296757 1.06708414526656 1.34172903350554 1.20532742654905 1.69824841292575 1.47508482541889
1.78547389130108 1.16236151941121 1.59502628073096 1.24425375601277 0.98381899157539 1.4825168447569 1.14007568336092 1.68835567892529 1.60283384495415 1.54237093683332 1.6778103550896 0 1.80571324401535 1.65269268746488 1.80817865114659 1.66074986872263 0.97160587250255 1.29817010695115 0.936363728018478 1.15047454880551 1.53265818278305 1.37475850898772 1.64127771253698 1.2026880288031 1.38644383009523 0.932811659760773 1.26565434713848 1.66281405999325 1.58253268664703 1.25931065925397
1.13205912220292 1.21532815345563 1.38608828000724 1.05338742095046 1.63456425420009 1.67813317989931 1.31445262650959 1.48116529220715 1.59730381797999 1.44235098711215 1.22477916721255 1.80571324401535 0 1.36574097420089 1.76776416483335 1.51708818180487 1.71212309692055 1.37879828293808 1.27201611339115 1.19012800441124 1.62581241433509 1.78318325313739 1.17458375776187 1.60477725975215 1.5497821085155 1.58707494474947 1.41203248500824 1.02504166541621 1.58738455059938 1.29039324284531
1.06114831566811 1.38505220389925 1.27942681335844 1.54465782176703 0.957411515060812 1.44545615138486 1.72360082622617 1.53086012043059 1.52727784216404 0.984802702674642 1.72171520604752 1.65269268746488 1.36574097420089 0 1.42420483217575 1.4414654483553 1.47163718077354 1.70886311866343 0.973708353471011 1.42472303891554 1.48549300408922 1.87476025987417 1.28448745259084 1.81609599734657 1.11364299524575 1.5527058430016 1.56899119354784 1.01875169132836 0.951508510159329 1.45713213202544
1.6416073043365 1.43630441790447 1.71111085568555 1.71688413107768 1.03332180716097 1.4302409037482 1.84078788012266 1.90237972256728 1.15715867397375 1.08474939921871 1.41948110121302 1.80817865114659 1.76776416483335 1.42420483217575 0 1.68724624533206 1.05050594150089 1.18098284630105 1.58646511961706 1.46962263854221 1.42843310767785 1.49283536057919 1.03480928670615 1.11827146937139 1.15082229906693 1.86105742794462 1.8505436249543 1.03871618374251 1.14250795659609 1.73762009991333
1.83386632846668 0.976168020861223 1.57672402565368 1.07673497940414 0.951478436589241 1.17530683008954 1.00925512495451 1.63214208511636 1.11799320648424 1.62672823504545 1.76773407612927 1.66074986872263 1.51708818180487 1.4414654483553 1.68724624533206 0 1.67242495948449 1.21239562705159 1.92197526292875 0.992066573817283 1.80625232076272 1.6370928674005 1.03476516879164 1.14108228497207 1.22198980511166 0.99195741256699 1.5846970200073 1.17327088280581 1.89098492031917 1.54835212044418
0.995204989332706 1.88701668079011 1.88875505537726 1.55617054738104 1.09507343312725 1.09929597214796 1.25704801315442 1.85263148439117 0.988880985416472 0.998516070889309 1.31369934719987 0.97160587250255 1.71212309692055 1.47163718077354 1.05050594150089 1.67242495948449 0 1.28076466475613 1.46118548722006 1.78277976578102 1.04259796487167 1.2330324598588 1.50432726368308 1.20209593884647 1.15695856302045 1.90441753226332 1.78843758255243 1.13907829206437 1.20833332207985 1.54206072818488
1.18302752356976 1.9187769847922 1.58869545417838 1.6389164342545 1.28917080583051 1.8481850430835 1.85254215844907 1.55480679147877 1.91346738114953 1.614354446996 1.69377572136 1.29817010695115 1.37879828293808 1.70886311866343 1.18098284630105 1.21239562705159 1.28076466475613 0 1.16993315541185 1.55033343355171 1.15561551926658 1.92570539424196 1.82634011679329 1.88544138753787 1.46535946452059 1.11564965569414 1.69537768699229 1.62519694841467 1.17284131329507 0.960105658508837
1.65884682280011 1.07586257113144 1.27018046961166 1.28964995057322 1.12172946240753 0.975591007387266 1.22891858941875 1.19291855464689 1.21982697630301 1.53380116447806 1.37783906655386 0.936363728018478 1.27201611339115 0.973708353471011 1.58646511961706 1.92197526292875 1.46118548722006 1.16993315541185 0 1.56995970197022 1.1814492540434 1.64278112561442 1.08492791233584 1.1321386822965 1.84773736563511 0.975900320801884 1.53712762263604 1.45591816934757 1.02259300788864 1.70402998011559
1.28227001195773 1.87252162327059 1.817817900097 1.35751835559495 1.08033432275988 1.13803554256447 1.23523303121328 1.61950810416602 1.89123997883871 1.66618937975727 1.69730515428819 1.15047454880551 1.19012800441124 1.42472303891554 1.46962263854221 0.992066573817283 1.78277976578102 1.55033343355171 1.56995970197022 0 1.38783344277181 1.73693691659719 1.13751937728375 1.31654864433222 1.5789129070472 1.05228499788791 1.57990166568197 1.51750630768947 1.74282961688004 1.38439187803306
1.81897685816512 1.66864945925772 1.24069089908153 1.58830340811983 1.45464852056466 1.19927908969112 1.4712885171175 1.86811903910711 1.72622947813943 1.62019385560416 1.62834011670202 1.53265818278305 1.62581241433509 1.48549300408922 1.42843310767785 1.80625232076272 1.04259796487167 1.15561551926658 1.1814492540434 1.38783344277181 0 0.966664364328608 1.55279635032639 0.996296940138564 1.71488354215398 1.45375004340895 1.721276499331 1.08392110001296 1.01043452392332 1.48919000127353
0.956991588464007 1.81474065920338 1.03831579373218 1.05190619872883 1.4255324723199 1.56498477235436 1.00931429024786 1.80384695157409 1.43221030780114 1.43408125080168 1.02113124122843 1.37475850898772 1.78318325313739 1.87476025987417 1.49283536057919 1.6370928674005 1.2330324598588 1.92570539424196 1.64278112561442 1.73693691659719 0.966664364328608 0 1.77372861583717 1.50331037724391 1.24194903252646 1.11314182588831 1.66352362930775 1.78309528855607 1.87124479864724 1.84328847494908
0.964221894508228 1.17530664918013 1.67321613919921 1.82660043705255 1.32030143099837 1.77918564644642 1.59449111577123 1.13893498270772 0.98411081568338 1.50417498988099 1.7087632403709 1.64127771253698 1.17458375776187 1.28448745259084 1.03480928670615 1.03476516879164 1.50432726368308 1.82634011679329 1.08492791233584 1.13751937728375 1.55279635032639 1.77372861583717 0 1.81939254654571 1.12560021900572 1.15488634211943 1.42965947813354 1.59319231659174 1.68179777613841 1.52793982648291
1.28425129782408 1.89890918810852 0.936936993850395 1.05934124998748 1.90299593005329 1.30058747064322 1.26219478202984 0.993663474917412 1.33714117854834 1.59791065030731 1.71289990842342 1.2026880288031 1.60477725975215 1.81609599734657 1.11827146937139 1.14108228497207 1.20209593884647 1.88544138753787 1.1321386822965 1.31654864433222 0.996296940138564 1.50331037724391 1.81939254654571 0 0.99569497583434 0.978297880385071 1.13587553077377 0.98492248239927 1.80244217440486 1.76819614670239
1.66184379789047 1.66906724381261 1.58491082466207 1.09394464315847 1.43179976241663 1.86307143676095 1.73048605280928 1.02652885462157 1.86313992156647 1.91947553772479 1.50667489296757 1.38644383009523 1.5497821085155 1.11364299524575 1.15082229906693 1.22198980511166 1.15695856302045 1.46535946452059 1.84773736563511 1.5789129070472 1.71488354215398 1.24194903252646 1.12560021900572 0.99569497583434 0 1.54455222166143 1.16314510325901 1.25552985514514 1.12501287949272 1.10605669138022
1.21686066896655 0.97137641091831 1.14781238674186 1.53119043679908 1.40979688824154 1.6923213317059 1.88008553395048 1.04075189935975 1.69889601878822 1.36354225198738 1.06708414526656 0.932811659760773 1.58707494474947 1.5527058430016 1.86105742794462 0.99195741256699 1.90441753226332 1.11564965569414 0.975900320801884 1.05228499788791 1.45375004340895 1.11314182588831 1.15488634211943 0.978297880385071 1.54455222166143 0 0.944963895482942 1.81553920125589 1.11357782664709 1.31234421068802
1.40773165458813 1.05606322200038 1.50618620612659 1.28140212991275 1.83569666813128 1.80594622739591 1.55650671105832 1.44080763217062 1.00789383938536 1.40589198982343 1.34172903350554 1.26565434713848 1.41203248500824 1.56899119354784 1.8505436249543 1.5846970200073 1.78843758255243 1.69537768699229 1.53712762263604 1.57990166568197 1.721276499331 1.66352362930775 1.42965947813354 1.13587553077377 1.16314510325901 0.944963895482942 0 1.38449000823312 1.59955079061911 1.21126224915497
1.09265231736936 1.81984283262864 1.01168890297413 1.24132546386681 1.00865632272325 1.33541167760268 1.02569761290215 0.988289174390957 0.988874597009271 1.89638393837959 1.20532742654905 1.66281405999325 1.02504166541621 1.01875169132836 1.03871618374251 1.17327088280581 1.13907829206437 1.62519694841467 1.45591816934757 1.51750630768947 1.08392110001296 1.78309528855607 1.59319231659174 0.98492248239927 1.25552985514514 1.81553920125589 1.38449000823312 0 1.53336597280577 1.02614797069691
1.46140693733469 1.56928865262307 1.76017571636476 1.33546634530649 1.01052738563158 1.21218398120254 1.52078567352146 1.16910781897604 1.72353635542095 1.66168571147136 1.69824841292575 1.58253268664703 1.58738455059938 0.951508510159329 1.14250795659609 1.89098492031917 1.20833332207985 1.17284131329507 1.02259300788864 1.74282961688004 1.01043452392332 1.87124479864724 1.68179777613841 1.80244217440486 1.12501287949272 1.11357782664709 1.59955079061911 1.53336597280577 0 1.58556322124787
1.33852604520507 1.44277779594995 1.2001428056974 1.14725714433007 1.26031942968257 1.04536006320268 1.19687836430967 1.77586433128454 1.19833712466061 1.48126441775821 1.47508482541889 1.25931065925397 1.29039324284531 1.45713213202544 1.73762009991333 1.54835212044418 1.54206072818488 0.960105658508837 1.70402998011559 1.38439187803306 1.48919000127353 1.84328847494908 1.52793982648291 1.76819614670239 1.10605669138022 1.31234421068802 1.21126224915497 1.02614797069691 1.58556322124787 0
