0 1.01603997312486 0.91648150770925 1.48677453910932 1.64808968245052 1.09730459447019 1.47746775392443 1.82675514533184 1.40398544399068 1.3410359385889 1.1425436520949 1.03594555938616 1.16085789771751 1.86034257500432 1.67502851900645 1.20272920047864 1.39055769890547 1.06604039855301 1.69572110613808 1.74854756426066 1.49509604088962 1.2602309922222 1.59838039334863 1.87843841314316 1.44278675760143 1.33651183871552 1.02041500923224 1.10193506581709 1.70079953433014 0.970487829530612
1.01603997312486 0 1.85637521627359 1.69966229354031 0.988266919739544 1.4168085353449 1.04319894919172 1.59394838730805 1.86462263064459 1.3194287000224 1.60794835072011 1.25459746527486 1.45550951571204 1.82334972848184 1.14791870187037 1.26834320626222 1.16729115927592 1.32424897910096 0.918021198129281 1.6377396187745 1.65904717403464 1.86492102895863 1.14755188859999 1.75473779626191 1.87337852548808 1.70700217434205 1.69284825958312 1.61798049882054 1.17785248206928 1.80424238485284
0.91648150770925 1.85637521627359 0 1.50376790389419 1.47524512023665 1.89318355126306 1.54454882792197 1.2838794158306 1.09394315024838 1.89038680563681 1.6903483949136 1.21343044890091 1.00823209504597 0.990578871686012 1.19156263419427 1.24833482177928 1.71015155804344 1.47892368910834 1.87199475429952 1.31589003093541 1.32270942931063 1.80687604588456 1.47903126338497 1.88905897457153 1.07301570987329 1.70054191281088 1.63723053201102 1.25502248457633 1.20021429937333 1.54197891731746
1.48677453910932 1.69966229354031 1.50376790389419 0 1.41943073202856 0.973671509418637 0.958852408919483 1.65248792944476 0.90557407704182 1.54130657878704 0.952940191375092 1.44155709585175 1.23898094566539 1.72705003456213 1.1812759465538 1.34453929006122 0.906475384021178 1.03190041310154 1.48834284138866 1.82831049081869 1.57850789208896 1.11715729627758 1.17888970207423 1.68432271666825 1.24179947492667 1.60212032333948 1.23744319425896 1.03635566309094 1.72862611780874 1.40950288856402
1.64808968245052 0.988266919739544 1.47524512023665 1.41943073202856 0 1.33090260461904 1.89254739508033 1.23584227450192 1.07007922977209 1.73752123466693 1.62009756080806 1.19281808636151 1.34179900423624 1.07518041995354 0.937270805006847 1.10208374285139 1.07167604542337 1.0257536766585 1.31718123075552 1.37193556758575 1.419437301578 1.52008525421843 1.19058677274734 1.8237613264937 1.01630263845436 1.20743389171548 1.10368242720142 0.937178491381928 1.59729393175803 1.37850452703424
1.09730459447019 1.4168085353449 1.89318355126306 0.973671509418637 1.33090260461904 0 1.49543234310113 1.01676849136129 1.37697323597968 1.19464548467658 1.61713869334199 1.61035551852547 1.22510446514934 1.23605220182799 1.84181590029038 1.20687561156228 0.949527758406475 1.53690382349305 1.21821836521849 1.18106897827238 1.56055171741173 0.915498570306227 1.77067859703675 0.986781820422038 1.70834725117311 1.32369061745703 1.57841910980642 1.38525211834349 1.29417208302766 1.55174917145632
1.47746775392443 1.04319894919172 1.54454882792197 0.958852408919483 1.89254739508033 1.49543234310113 0 1.0040020972956 0.974453398259357 1.53983916901052 1.72914560954086 0.911159923067316 1.06073463032953 1.37415507156402 1.4615498224739 1.31203113589436 1.39222077839077 1.09786698664539 1.3206956514623 1.79966251878068 1.76109546003863 1.53786593303084 1.50233537494205 1.01434014574625 1.65847273194231 1.20873662852682 1.32933834590949 1.18926086556166 1.84106024820358 1.89354225690477
1.82675514533184 1.59394838730805 1.2838794158306 1.65248792944476 1.23584227450192 1.01676849136129 1.0040020972956 0 1.31964251771569 1.39926689863205 1.28658366994932 1.25552318501286 1.52709962218069 1.75045840255916 1.73209437727928 1.80174503661692 1.77139526675455 1.0423136940226 1.79723986703902 0.898253083927557 1.78334858641028 1.33832631306723 1.20075750979595 1.34807211835869 1.54609699756838 1.36658162251115 1.76068301964551 1.66359883197583 1.6594735851977 1.74444997520186
1.40398544399068 1.86462263064459 1.09394315024838 0.90557407704182 1.07007922977209 1.37697323597968 0.974453398259357 1.31964251771569 0 1.49333658418618 1.39693590300158 1.12181566725485 1.79384478391148 1.54717658413574 1.6457336503081 1.78083067177795 1.78419619170018 1.08970833569765 1.8391731234733 1.48492177133448 1.74808000377379 1.82607902120799 1.17008875869215 1.13319789525121 1.30530160292983 1.60395741136745 0.981230481294915 1.52818548143841 1.00983324437402 1.82072974252515
1.3410359385889 1.3194287000224 1.89038680563681 1.54130657878704 1.73752123466693 1.19464548467658 1.53983916901052 1.39926689863205 1.49333658418618 0 1.38549623684958 1.50250061834231 1.66903177346103 0.909247308969498 1.31037635053508 1.28893549577333 1.28922743024305 1.26675285026431 1.04826311348006 1.57912780507468 0.979764727409929 1.63410433405079 1.77681791200303 1.53120810119435 0.907516955398023 0.998628321103752 1.04345322656445 1.12256885110401 1.7187811692711 1.2577748678159
1.1425436520949 1.60794835072011 1.6903483949136 0.952940191375092 1.62009756080806 1.61713869334199 1.72914560954086 1.28658366994932 1.39693590300158 1.38549623684958 0 1.35951918805949 1.40467355865985 1.32448830548674 0.951107051456347 1.5767177878879 0.983327131485566 1.43969521252438 1.53533990494907 1.15862191654742 1.33651601080783 1.42301528085954 1.4128940415103 1.57076718867756 1.87841257709078 1.51445488422178 1.49136114236899 1.33546071103774 0.986130222911015 1.12113054608926
1.03594555938616 1.25459746527486 1.21343044890091 1.44155709585175 1.19281808636151 1.61035551852547 0.911159923067316 1.25552318501286 1.12181566725485 1.50250061834231 1.35951918805949 0 1.72715892503038 1.35083350446075 1.44862750219181 1.70186596550047 1.1379928716924 1.13191387685947 1.00697947316803 1.14741934835911 1.55729074240662 1.3391153702978 1.69470381550491 1.74199530901387 1.2136776749976 1.04881976684555 1.89426363352686 1.40029111364856 1.49407916632481 1.15785631397739
1.16085789771751 1.45550951571204 1.00823209504597 1.23898094566539 1.34179900423624 1.22510446514934 1.06073463032953 1.52709962218069 1.79384478391148 1.66903177346103 1.40467355865985 1.72715892503038 0 1.26037738891318 1.11218650313094 1.06942062359303 1.78528522257693 0.966550228651613 1.87208898644894 1.15736055723391 1.65602316334844 1.5738573956769 1.52465238585137 1.47710940358229 1.66335327969864 1.68342930986546 1.04992121853866 1.62248082645237 1.08930765953846 0.970549646299332
1.86034257500432 1.82334972848184 0.990578871686012 1.72705003456213 1.07518041995354 1.23605220182799 1.37415507156402 1.75045840255916 1.54717658413574 0.909247308969498 1.32448830548674 1.35083350446075 1.26037738891318 0 1.7783181653358 1.7286072850693 1.68839994585142 1.75382960448042 0.905328530352563 1.12763851881027 1.04183256765828 1.36582061951049 1.65531049948186 1.20995458494872 1.01932293735445 1.21293049864471 1.83892921451479 1.26519202068448 1.66119731077924 1.74184960289858
1.67502851900645 1.14791870187037 1.19156263419427 1.1812759465538 0.937270805006847 1.84181590029038 1.4615498224739 1.73209437727928 1.6457336503081 1.31037635053508 0.951107051456347 1.44862750219181 1.11218650313094 1.7783181653358 0 1.03793618781492 1.84999694814906 1.61257834499702 0.965173075906932 1.21194771095179 1.10993686178699 1.43974467972293 1.88904403615743 1.60404637549073 1.85677610407583 0.90315313404426 1.46271831914783 1.36173139791936 1.1599002359435 1.27335007744841
1.20272920047864 1.26834320626222 1.24833482177928 1.34453929006122 1.10208374285139 1.20687561156228 1.31203113589436 1.80174503661692 1.78083067177795 1.28893549577333 1.5767177878879 1.70186596550047 1.06942062359303 1.7286072850693 1.03793618781492 0 0.944947596639395 1.17580655636266 1.65330336685292 1.43323657778092 1.52631544345059 1.07081300485879 1.27990207821131 1.16701695439406 1.87958727544174 1.58434500102885 1.3097889253404 1.56404369859956 1.00113670481369 0.975062438752502
1.39055769890547 1.16729115927592 1.71015155804344 0.906475384021178 1.07167604542337 0.949527758406475 1.39222077839077 1.77139526675455 1.78419619170018 1.28922743024305 0.983327131485566 1.1379928716924 1.78528522257693 1.68839994585142 1.84999694814906 0.944947596639395 0 0.899745125090703 1.39459375548176 1.67281826143153 1.59358060569502 1.06599075254053 1.12173447362147 1.77380570443347 1.44221446942538 0.958137976471335 1.66982138738967 1.03192336740904 0.972747460473329 1.36179227172397
1.06604039855301 1.32424897910096 1.47892368910834 1.03190041310154 1.0257536766585 1.53690382349305 1.09786698664539 1.0423136940226 1.08970833569765 1.26675285026431 1.43969521252438 1.13191387685947 0.966550228651613 1.75382960448042 1.61257834499702 1.17580655636266 0.899745125090703 0 0.985206071753055 1.79875097353943 1.78390165837482 1.53380086366087 1.66407218482345 1.45627315668389 1.88164539076388 1.38284665974788 1.16589557868429 1.40011583804153 1.49953707982786 1.42615313245915
1.69572110613808 0.918021198129281 1.87199475429952 1.48834284138866 1.31718123075552 1.21821836521849 1.3206956514623 1.79723986703902 1.8391731234733 1.04826311348006 1.53533990494907 1.00697947316803 1.87208898644894 0.905328530352563 0.965173075906932 1.65330336685292 1.39459375548176 0.985206071753055 0 0.953783316304907 1.53381764166988 1.13469930039719 0.932367676170543 1.84477715170942 1.76166605646722 1.4003030708991 1.36678341426887 1.35802808217704 1.13159487629309 1.3230866889935
1.74854756426066 1.6377396187745 1.31589003093541 1.82831049081869 1.37193556758575 1.18106897827238 1.79966251878068 0.898253083927557 1.48492177133448 1.57912780507468 1.15862191654742 1.14741934835911 1.15736055723391 1.12763851881027 1.21194771095179 1.43323657778092 1.67281826143153 1.79875097353943 0.953783316304907 0 1.88763817236759 1.82047264301218 1.45866382890381 1.73069079848938 1.39052208745852 1.19302592496388 1.84294913685881 1.3916686414741 1.60000899643637 1.27204114641063
1.49509604088962 1.65904717403464 1.32270942931063 1.57850789208896 1.419437301578 1.56055171741173 1.76109546003863 1.78334858641028 1.74808000377379 0.979764727409929 1.33651601080783 1.55729074240662 1.65602316334844 1.04183256765828 1.10993686178699 1.52631544345059 1.59358060569502 1.78390165837482 1.53381764166988 1.88763817236759 0 1.42244574450888 1.48010316421278 0.903121716342866 1.21183369052596 1.66153463837691 0.916651043575257 1.4468227585312 1.8469567426946 1.78857499151491
1.2602309922222 1.86492102895863 1.80687604588456 1.11715729627758 1.52008525421843 0.915498570306227 1.53786593303084 1.33832631306723 1.82607902120799 1.63410433405079 1.42301528085954 1.3391153702978 1.5738573956769 1.36582061951049 1.43974467972293 1.07081300485879 1.06599075254053 1.53380086366087 1.13469930039719 1.82047264301218 1.42244574450888 0 1.82306847698055 1.44035313930362 1.65383775997907 0.897843051934615 1.35944265755825 1.20197442080826 0.966109957545996 1.29925264767371
1.59838039334863 1.14755188859999 1.47903126338497 1.17888970207423 1.19058677274734 1.77067859703675 1.50233537494205 1.20075750979595 1.17008875869215 1.77681791200303 1.4128940415103 1.69470381550491 1.52465238585137 1.65531049948186 1.88904403615743 1.27990207821131 1.12173447362147 1.66407218482345 0.932367676170543 1.45866382890381 1.48010316421278 1.82306847698055 0 1.12685939343646 0.983161502983421 1.67844013520516 1.04522160440683 1.10004035406746 1.12660544225946 1.66243547433987
1.87843841314316 1.75473779626191 1.88905897457153 1.68432271666825 1.8237613264937 0.986781820422038 1.01434014574625 1.34807211835869 1.13319789525121 1.53120810119435 1.57076718867756 1.74199530901387 1.47710940358229 1.20995458494872 1.60404637549073 1.16701695439406 1.77380570443347 1.45627315668389 1.84477715170942 1.73069079848938 0.903121716342866 1.44035313930362 1.12685939343646 0 1.82616404769942 1.5039845793508 1.6981968251057 1.30116681545042 1.71009604842402 1.08368488471024
1.44278675760143 1.87337852548808 1.07301570987329 1.24179947492667 1.01630263845436 1.70834725117311 1.65847273194231 1.54609699756838 1.30530160292983 0.907516955398023 1.87841257709078 1.2136776749976 1.66335327969864 1.01932293735445 1.85677610407583 1.87958727544174 1.44221446942538 1.88164539076388 1.76166605646722 1.39052208745852 1.21183369052596 1.65383775997907 0.983161502983421 1.82616404769942 0 1.50544676347636 1.39991116640158 1.2420160502661 1.55516505381092 1.77391554205678
1.33651183871552 1.70700217434205 1.70054191281088 1.60212032333948 1.20743389171548 1.32369061745703 1.20873662852682 1.36658162251115 1.60395741136745 0.998628321103752 1.51445488422178 1.04881976684555 1.68342930986546 1.21293049864471 0.90315313404426 1.58434500102885 0.958137976471335 1.38284665974788 1.4003030708991 1.19302592496388 1.66153463837691 0.897843051934615 1.67844013520516 1.5039845793508 1.50544676347636 0 1.0701038655825 1.81508693681099 1.5641105894465 1.60056736529805
1.02041500923224 1.69284825958312 1.63723053201102 1.23744319425896 1.10368242720142 1.57841910980642 1.32933834590949 1.76068301964551 0.981230481294915 1.04345322656445 1.49136114236899 1.89426363352686 1.04992121853866 1.83892921451479 1.46271831914783 1.3097889253404 1.66982138738967 1.16589557868429 1.36678341426887 1.84294913685881 0.916651043575257 1.35944265755825 1.04522160440683 1.6981968251057 1.39991116640158 1.0701038655825 0 1.36315932311118 1.7331060830038 1.46176024386659
1.10193506581709 1.61798049882054 1.25502248457633 1.03635566309094 0.937178491381928 1.38525211834349 1.18926086556166 1.66359883197583 1.52818548143841 1.12256885110401 1.33546071103774 1.40029111364856 1.62248082645237 1.26519202068448 1.36173139791936 1.56404369859956 1.03192336740904 1.40011583804153 1.35802808217704 1.3916686414741 1.4468227585312 1.20197442080826 1.10004035406746 1.30116681545042 1.2420160502661 1.81508693681099 1.36315932311118 0 1.75236152042635 1.47713333670981
1.70079953433014 1.17785248206928 1.20021429937333 1.72862611780874 1.59729393175803 1.29417208302766 1.84106024820358 1.6594735851977 1.00983324437402 1.7187811692711 0.986130222911015 1.49407916632481 1.08930765953846 1.66119731077924 1.1599002359435 1.00113670481369 0.972747460473329 1.49953707982786 1.13159487629309 1.60000899643637 1.8469567426946 0.966109957545996 1.12660544225946 1.71009604842402 1.55516505381092 1.5641105894465 1.7331060830038 1.75236152042635 0 1.8478045463562
0.970487829530612 1.80424238485284 1.54197891731746 1.40950288856402 1.37850452703424 1.55174917145632 1.89354225690477 1.74444997520186 1.82072974252515 1.2577748678159 1.12113054608926 1.15785631397739 0.970549646299332 1.74184960289858 1.27335007744841 0.975062438752502 1.36179227172397 1.42615313245915 1.3230866889935 1.27204114641063 1.78857499151491 1.29925264767371 1.66243547433987 1.08368488471024 1.77391554205678 1.60056736529805 1.46176024386659 1.47713333670981 1.8478045463562 0
