0 1.33586510387249 1.06962599349208 1.60167197603732 1.82209584815428 1.61244717892259 1.24351812759414 1.39473872329108 1.64250297727995 1.908507745713 1.04284640471451 1.57795482059009 1.65974855003878 1.91757467924617 1.67143311258405 1.72628468740731 1.83718521730043 1.20569737395272 1.59440735960379 1.12429197086021 1.16690875263885 1.58850370440632 1.54868540284224 1.6810406644363 1.92661685566418 1.890911499504 1.22716389922425 1.01143357413821 1.42532136500813 1.2812896114774
1.33586510387249 0 1.25430739670992 1.58466959791258 1.26948379538953 1.18877938669175 1.22497622249648 1.94778783409856 1.56944899586961 1.33250688784756 1.48124257847667 1.68090278306045 1.86570246354677 1.1812426878605 1.89231660799123 1.08774716942571 1.43566373712383 1.32051634090021 1.70275539997965 1.59761154698208 0.997957010520622 1.64652628963813 1.86950580915436 1.94733772496693 1.26821147464216 1.06167652923614 1.92419743281789 1.17994679021649 1.25656072678976 1.1026999775786
1.06962599349208 1.25430739670992 0 1.13548113778234 0.980049018049613 1.24996924074367 1.88360147131607 1.55364248133264 1.12066554068588 1.12089293543249 1.90920503763482 1.08511711191386 1.13896662252955 1.00655040773563 1.71495894389227 1.57824956672266 1.89704381441697 1.13608460919932 1.75661999825388 1.88193749613129 1.35610342072323 0.999829775420949 1.69679582118988 1.52685838658363 1.48874729289673 1.04737465106882 1.29525803169236 0.990488244220614 1.14082242688164 1.21935710450634
1.60167197603732 1.58466959791258 1.13548113778234 0 1.0676223798655 1.27691051084548 1.28544801706448 1.86493127630092 1.16737674595788 1.473500037333 0.961232132976875 1.92286016349681 1.25579881784506 1.90824734419584 1.00451679318212 1.4462101906538 1.40079865744337 1.323154930491 1.55779107613489 1.61274582450278 0.976154911564663 1.62615715456195 1.72907546674833 1.86699275812134 1.17602421226911 1.86316166887991 1.43136076652445 1.33018484525383 1.65382739296183 1.10976966703311
1.82209584815428 1.26948379538953 0.980049018049613 1.0676223798655 0 1.17178126843646 1.36321686627343 1.7190143589396 1.38879261864349 1.85321381338872 1.42806050507352 1.42546265432611 1.90641998965293 1.44460713746957 1.76076619816013 1.7675397079438 1.19642644026317 1.18325975979678 1.06639745808206 1.06884772167541 1.92818957217969 1.12526860763319 1.21923475293443 1.3152563883923 0.998906700871885 1.19289481802844 1.39776060287841 1.70837240666151 1.77558878157288 1.0815666380804
1.61244717892259 1.18877938669175 1.24996924074367 1.27691051084548 1.17178126843646 0 1.05582976411097 1.3847431242466 1.78555832826532 1.70135565334931 1.57353805657476 1.65700643672608 1.5401747606229 1.69788851216435 1.21201738715172 1.0512373491656 1.12727080448531 1.37102330639027 1.74030257598497 0.975790625903755 1.6029822982382 1.69568225415424 1.0558277158998 1.25402009324171 1.64549942268059 1.69397874874994 1.04995094612241 1.01970902527682 1.79396668192931 1.22790319961496
1.24351812759414 1.22497622249648 1.88360147131607 1.28544801706448 1.36321686627343 1.05582976411097 0 1.33974427543581 1.84523251489736 1.59979168348946 1.67658327519894 1.7003632504493 1.88826676039025 1.88078326452523 1.44003860326484 1.04532937565818 1.6562335502822 1.81105651124381 0.983542020665482 1.04917420307174 1.11102260649204 1.03312644804828 0.981758143752813 1.32887472142465 1.28776498767547 1.65561709599569 1.5898555109743 1.13024058798328 1.76940049813129 1.74439911497757
1.39473872329108 1.94778783409856 1.55364248133264 1.86493127630092 1.7190143589396 1.3847431242466 1.33974427543581 0 1.07748493039981 1.4981772985775 1.02071198588237 1.02707017515786 0.977752308361232 1.73429345223121 1.06066665891558 1.12349481647834 1.05829704203643 1.1604917824734 1.56026586191729 1.66504195518792 1.74048506678082 1.01619355333969 1.0812512007542 1.59133320907131 1.10674306680448 1.52058762405068 1.7442756399978 1.14212137972936 1.2535834053997 1.36519623571075
1.64250297727995 1.56944899586961 1.12066554068588 1.16737674595788 1.38879261864349 1.78555832826532 1.84523251489736 1.07748493039981 0 1.45989537262358 1.7417815614026 1.38959291391075 1.27613447932526 1.0659338159021 1.79971727426164 1.08630048017949 1.77233194862492 0.979774783365428 1.73650633497164 1.24875186756253 1.55273941438645 1.71815247670747 1.2015909620095 1.12705238466151 1.57930339383893 1.32020963076502 1.70609937654808 1.09336036373861 1.02322001568973 1.66185665270314
1.908507745713 1.33250688784756 1.12089293543249 1.473500037333 1.85321381338872 1.70135565334931 1.59979168348946 1.4981772985775 1.45989537262358 0 1.73779957881197 1.4753457850311 1.85122468951158 1.32470836862922 1.06088806921616 1.58883757377043 1.14160304539837 1.59437297214754 1.06705535319634 1.40507308812812 0.975393285043538 1.40795684047043 1.41943465126678 1.17145475302823 1.56535192159936 1.37594821467064 1.63621651032008 1.79473150335252 1.80262264795601 1.52404968254268
1.04284640471451 1.48124257847667 1.90920503763482 0.961232132976875 1.42806050507352 1.57353805657476 1.67658327519894 1.02071198588237 1.7417815614026 1.73779957881197 0 1.81983468681574 1.09269751608372 1.51480745244771 1.94403153285384 1.41397606977262 1.32170136389323 1.65220080921426 1.9128758769948 1.45363549445756 1.74018277903087 1.54080439009704 1.73564687743783 1.46279202285223 1.62018021265976 1.21581982751377 1.69273281050846 1.76992151583545 1.34693165356293 1.63668221468106
1.57795482059009 1.68090278306045 1.08511711191386 1.92286016349681 1.42546265432611 1.65700643672608 1.7003632504493 1.02707017515786 1.38959291391075 1.4753457850311 1.81983468681574 0 1.16225711372681 1.47454779758118 1.2814040677622 1.35696906526573 1.93575610872358 1.89808916463517 1.70139525574632 1.21039319597185 1.89905886724591 1.47198731568642 1.56652052025311 1.74430821137503 1.24512637662701 1.57431567506865 0.986481118714437 1.0046692029573 0.979547104099765 1.02378304465674
1.65974855003878 1.86570246354677 1.13896662252955 1.25579881784506 1.90641998965293 1.5401747606229 1.88826676039025 0.977752308361232 1.27613447932526 1.85122468951158 1.09269751608372 1.16225711372681 0 1.74573199427687 1.91278928471729 1.43832975719124 1.86848905868828 1.92047357955016 1.19028715742752 1.3586534736678 1.31477977242321 1.94158472353593 1.27874276787043 1.53520582104102 1.72128370054998 1.89859611564316 1.88263566512614 1.03108389442787 1.77978041907772 1.38174027157947
1.91757467924617 1.1812426878605 1.00655040773563 1.90824734419584 1.44460713746957 1.69788851216435 1.88078326452523 1.73429345223121 1.0659338159021 1.32470836862922 1.51480745244771 1.47454779758118 1.74573199427687 0 1.89533932716586 0.955075722187757 1.34935696981847 1.50755494134501 1.79689775407314 1.51214240514673 1.00256359181367 1.38971152505837 1.62059697322547 1.20743778441101 1.16012141737156 1.34572303341702 1.16751941223629 1.60895939450711 1.75513775250874 1.8607496751938
1.67143311258405 1.89231660799123 1.71495894389227 1.00451679318212 1.76076619816013 1.21201738715172 1.44003860326484 1.06066665891558 1.79971727426164 1.06088806921616 1.94403153285384 1.2814040677622 1.91278928471729 1.89533932716586 0 1.2533192478586 1.36718620825559 1.81028841924854 0.965400237822905 1.69203520962037 1.06137041468173 1.84253565198742 1.78553849901073 1.4580234028399 1.64180760807358 1.94930969062261 1.88735452410765 1.92651849612594 1.26063688565046 1.93385305581614
1.72628468740731 1.08774716942571 1.57824956672266 1.4462101906538 1.7675397079438 1.0512373491656 1.04532937565818 1.12349481647834 1.08630048017949 1.58883757377043 1.41397606977262 1.35696906526573 1.43832975719124 0.955075722187757 1.2533192478586 0 1.83558853296563 1.00179340853356 1.83485601912253 1.88527830457315 1.71966915065423 1.78590993070975 1.92250056867488 1.45655807037838 1.1659055002965 1.06043559988029 1.21374616841786 1.92619657260366 1.35551138082519 1.38501027273014
1.83718521730043 1.43566373712383 1.89704381441697 1.40079865744337 1.19642644026317 1.12727080448531 1.6562335502822 1.05829704203643 1.77233194862492 1.14160304539837 1.32170136389323 1.93575610872358 1.86848905868828 1.34935696981847 1.36718620825559 1.83558853296563 0 1.20302234380506 1.38959914119914 1.70203888160177 1.73963619954884 1.4196164405439 1.29992353357375 1.26926325052045 1.27961352630518 1.22826755931601 1.68965308950283 1.54177375813015 1.21203035698272 1.02752843173221
1.20569737395272 1.32051634090021 1.13608460919932 1.323154930491 1.18325975979678 1.37102330639027 1.81105651124381 1.1604917824734 0.979774783365428 1.59437297214754 1.65220080921426 1.89808916463517 1.92047357955016 1.50755494134501 1.81028841924854 1.00179340853356 1.20302234380506 0 1.27796239336021 1.07588483113796 1.61712412512861 1.40375562617555 1.9157924791798 1.68403688143007 1.86097983526997 1.2202511751093 1.47804190125316 1.60206585028209 1.13802994089201 1.40718190651387
1.59440735960379 1.70275539997965 1.75661999825388 1.55779107613489 1.06639745808206 1.74030257598497 0.983542020665482 1.56026586191729 1.73650633497164 1.06705535319634 1.9128758769948 1.70139525574632 1.19028715742752 1.79689775407314 0.965400237822905 1.83485601912253 1.38959914119914 1.27796239336021 0 1.72236819798127 1.50991002144292 1.43560033407994 1.03195644402876 1.1661389619112 1.03986935666762 1.48463021172211 1.91084355814382 1.53263051970862 1.19893674831837 1.48338570003398
1.12429197086021 1.59761154698208 1.88193749613129 1.61274582450278 1.06884772167541 0.975790625903755 1.04917420307174 1.66504195518792 1.24875186756253 1.40507308812812 1.45363549445756 1.21039319597185 1.3586534736678 1.51214240514673 1.69203520962037 1.88527830457315 1.70203888160177 1.07588483113796 1.72236819798127 0 1.04810310807079 1.32991184364073 1.50319078820758 1.63984982832335 1.04824578715488 1.65154710039496 1.36934679211117 1.7733762646094 1.51372134150006 1.53310436243191
1.16690875263885 0.997957010520622 1.35610342072323 0.976154911564663 1.92818957217969 1.6029822982382 1.11102260649204 1.74048506678082 1.55273941438645 0.975393285043538 1.74018277903087 1.89905886724591 1.31477977242321 1.00256359181367 1.06137041468173 1.71966915065423 1.73963619954884 1.61712412512861 1.50991002144292 1.04810310807079 0 1.45235347002745 1.74267742107622 0.959246082464233 1.21821002033539 1.76461291639134 1.60499668144621 0.980866608675569 1.42236791155301 1.80192761914805
1.58850370440632 1.64652628963813 0.999829775420949 1.62615715456195 1.12526860763319 1.69568225415424 1.03312644804828 1.01619355333969 1.71815247670747 1.40795684047043 1.54080439009704 1.47198731568642 1.94158472353593 1.38971152505837 1.84253565198742 1.78590993070975 1.4196164405439 1.40375562617555 1.43560033407994 1.32991184364073 1.45235347002745 0 1.49139406834729 1.12895117630251 0.988780472893268 1.16671927366406 1.62855443451554 1.89515056204982 1.42942786565982 1.15369335189462
1.54868540284224 1.86950580915436 1.69679582118988 1.72907546674833 1.21923475293443 1.0558277158998 0.981758143752813 1.0812512007542 1.2015909620095 1.41943465126678 1.73564687743783 1.56652052025311 1.27874276787043 1.62059697322547 1.78553849901073 1.92250056867488 1.29992353357375 1.9157924791798 1.03195644402876 1.50319078820758 1.74267742107622 1.49139406834729 0 1.67542691878043 1.60370128881186 1.14084611204453 1.79796767327935 1.23873838293366 1.28569425176829 0.97237163875252
1.6810406644363 1.94733772496693 1.52685838658363 1.86699275812134 1.3152563883923 1.25402009324171 1.32887472142465 1.59133320907131 1.12705238466151 1.17145475302823 1.46279202285223 1.74430821137503 1.53520582104102 1.20743778441101 1.4580234028399 1.45655807037838 1.26926325052045 1.68403688143007 1.1661389619112 1.63984982832335 0.959246082464233 1.12895117630251 1.67542691878043 0 1.54705798206851 1.6505892095156 1.3877037379425 1.9401126911398 1.17743731173687 1.921974895522
1.92661685566418 1.26821147464216 1.48874729289673 1.17602421226911 0.998906700871885 1.64549942268059 1.28776498767547 1.10674306680448 1.57930339383893 1.56535192159936 1.62018021265976 1.24512637662701 1.72128370054998 1.16012141737156 1.64180760807358 1.1659055002965 1.27961352630518 1.86097983526997 1.03986935666762 1.04824578715488 1.21821002033539 0.988780472893268 1.60370128881186 1.54705798206851 0 1.76234176498838 1.0393627109006 1.05647279461846 1.63549738680013 1.50397644122131
1.890911499504 1.06167652923614 1.04737465106882 1.86316166887991 1.19289481802844 1.69397874874994 1.65561709599569 1.52058762405068 1.32020963076502 1.37594821467064 1.21581982751377 1.57431567506865 1.89859611564316 1.34572303341702 1.94930969062261 1.06043559988029 1.22826755931601 1.2202511751093 1.48463021172211 1.65154710039496 1.76461291639134 1.16671927366406 1.14084611204453 1.6505892095156 1.76234176498838 0 1.65731411497109 1.90818971721455 0.968371269060299 1.05210446380079
1.22716389922425 1.92419743281789 1.29525803169236 1.43136076652445 1.39776060287841 1.04995094612241 1.5898555109743 1.7442756399978 1.70609937654808 1.63621651032008 1.69273281050846 0.986481118714437 1.88263566512614 1.16751941223629 1.88735452410765 1.21374616841786 1.68965308950283 1.47804190125316 1.91084355814382 1.36934679211117 1.60499668144621 1.62855443451554 1.79796767327935 1.3877037379425 1.0393627109006 1.65731411497109 0 1.63029635092244 0.989678964950144 1.46290768031031
1.01143357413821 1.17994679021649 0.990488244220614 1.33018484525383 1.70837240666151 1.01970902527682 1.13024058798328 1.14212137972936 1.09336036373861 1.79473150335252 1.76992151583545 1.0046692029573 1.03108389442787 1.60895939450711 1.92651849612594 1.92619657260366 1.54177375813015 1.60206585028209 1.53263051970862 1.7733762646094 0.980866608675569 1.89515056204982 1.23873838293366 1.9401126911398 1.05647279461846 1.90818971721455 1.63029635092244 0 1.53362465254031 1.5990316781681
1.42532136500813 1.25656072678976 1.14082242688164 1.65382739296183 1.77558878157288 1.79396668192931 1.76940049813129 1.2535834053997 1.02322001568973 1.80262264795601 1.34693165356293 0.979547104099765 1.77978041907772 1.75513775250874 1.26063688565046 1.35551138082519 1.21203035698272 1.13802994089201 1.19893674831837 1.51372134150006 1.42236791155301 1.42942786565982 1.28569425176829 1.17743731173687 1.63549738680013 0.968371269060299 0.989678964950144 1.53362465254031 0 1.56127267563716
1.2812896114774 1.1026999775786 1.21935710450634 1.10976966703311 1.0815666380804 1.22790319961496 1.74439911497757 1.36519623571075 1.66185665270314 1.52404968254268 1.63668221468106 1.02378304465674 1.38174027157947 1.8607496751938 1.93385305581614 1.38501027273014 1.02752843173221 1.40718190651387 1.48338570003398 1.53310436243191 1.80192761914805 1.15369335189462 0.97237163875252 1.921974895522 1.50397644122131 1.05210446380079 1.46290768031031 1.5990316781681 1.56127267563716 0
