0 0.9677002933 1.0156926933 0.9894409333 1.0007419933 1.0141454933 1.0160799933 0.9849677933 0.9823706933 0.9890671533 0.9924379933 0.9831117933 1.0064569933 0.9969560633 1.0145318933 1.0223039933 1.0087552933 1.0145318933 1.0168551933 1.0049287933 0.9749995933 0.9764680433 0.9946935933 0.9761006933 1.0226947933 0.9860835933 0.9909379633 1.0015014933 0.9969560633 1.0049287933
0.9677002933 0 1.0404914933 1.0293684933 1.0149186933 1.0226947933 1.0026421933 0.2351718833 0.2328505333 1.0195746933 1.0145318933 0.6183822933 0.5996960533 0.6012540933 0.9965784933 1.0250433933 1.0234768933 1.0164673933 1.0114455933 1.0118306933 0.3453116533 0.3457869933 1.0079883933 0.3456285133 0.9931890533 0.6111226933 1.0172430933 1.0126014933 1.0321338933 1.0011216933
1.0156926933 1.0404914933 0 0.5464852533 0.5440038933 0.5130653933 0.5186327933 1.0277928933 1.0333220933 0.2280937933 0.2245796433 1.0321338933 0.9999832633 0.9977117333 0.5108894933 0.5192317533 0.3208470433 0.3220745433 0.5170378933 0.5150489933 1.0349093933 1.0361020933 0.5146518933 1.0365000933 0.3873330733 1.0230857933 0.5500146933 0.5194314933 0.5653620933 0.5609148233
0.9894409333 1.0293684933 0.5464852533 0 0.2023922133 0.5558642933 0.5537698933 1.0297628933 1.0211330933 0.5382456933 0.5405025633 1.0203534933 0.9999832633 0.9977117333 0.5409136533 0.5433847933 0.5460711233 0.5502228233 0.5500146933 0.5471069333 0.9965784933 0.9973337933 0.5512643533 0.9980897933 0.5417364933 1.0172430933 0.3925443433 0.5569136933 0.3994927533 0.4017094233
1.0007419933 1.0149186933 0.5440038933 0.2023922133 0 0.5479365933 0.5456572333 1.0160799933 1.0076052933 0.5353830933 0.5364041933 0.9984680933 0.9838536533 0.9872010433 0.5372220933 0.5407080933 0.5431785933 0.5466924433 0.5437974933 0.5417364933 0.9864558933 0.9890671533 0.5437974933 0.9890671533 0.5479365933 1.0056925933 0.3898501233 0.5493906933 0.3983018933 0.4051325433
1.0141454933 1.0226947933 0.5130653933 0.5558642933 0.5479365933 0 0.1377121033 1.0305522933 1.0293684933 0.4952517233 0.4991306933 1.0064569933 0.9916875433 0.9898148933 0.1542256433 0.1561925233 0.5093109933 0.5112846633 0.1674783933 0.1696056933 1.0034035933 1.0030226933 0.3932194233 1.0030226933 0.5095080933 1.0258279933 0.5560740933 0.2846341533 0.5594382433 0.5632410933
1.0160799933 1.0026421933 0.5186327933 0.5537698933 0.5456572333 0.1377121033 0 1.0133730933 1.0102913933 0.4999088933 0.5030298333 0.9924379933 0.9775712633 0.9816303333 0.1538574233 0.1563156333 0.5065564933 0.5104945433 0.1671036133 0.1686038633 0.9864558933 0.9864558933 0.3944022433 0.9860835933 0.5138581933 1.0041657933 0.5529338233 0.2846341533 0.5638767633 0.5630292933
0.9849677933 0.2351718833 1.0277928933 1.0297628933 1.0160799933 1.0305522933 1.0133730933 0 0.1399974033 1.0145318933 1.0091389933 0.6254826333 0.6068453333 0.6108969533 1.0060746933 1.0345121933 1.0250433933 1.0184079933 1.0254356933 1.0191855933 0.3516743633 0.3519939333 1.0030226933 0.3516743633 1.0083717933 0.6218095533 1.0277928933 1.0076052933 1.0325296933 1.0045471933
0.9823706933 0.2328505333 1.0333220933 1.0211330933 1.0076052933 1.0293684933 1.0102913933 0.1399974033 0 1.0145318933 1.0079883933 0.6266341933 0.6158788933 0.6131573433 1.0072223933 1.0396914933 1.0230857933 1.0118306933 1.0191855933 1.0145318933 0.3526334633 0.3532735233 0.9980897933 0.3531134533 1.0003625233 0.6222677333 1.0137591933 1.0056925933 1.0153055933 0.9924379933
0.9890671533 1.0195746933 0.2280937933 0.5382456933 0.5353830933 0.4952517233 0.4999088933 1.0145318933 1.0145318933 0 0.0943163933000001 1.0149186933 0.9853395333 0.9728023533 0.4956387133 0.5032253433 0.3115528633 0.3109474333 0.5001035733 0.4977707733 1.0238681933 1.0238681933 0.5012727533 1.0238681933 0.3813263633 1.0045471933 0.5396810933 0.5032253433 0.5543976533 0.5493906933
0.9924379933 1.0145318933 0.2245796433 0.5405025633 0.5364041933 0.4991306933 0.5030298333 1.0091389933 1.0079883933 0.0943163933000001 0 1.0087552933 0.9823706933 0.9731680933 0.4987418933 0.5063601233 0.3091339933 0.3092849333 0.5059675933 0.5012727533 1.0172430933 1.0176310933 0.5047910933 1.0180194933 0.3785064933 1.0064569933 0.5407080933 0.5049870933 0.5546069933 0.5585957933
0.9831117933 0.6183822933 1.0321338933 1.0203534933 0.9984680933 1.0064569933 0.9924379933 0.6254826333 0.6266341933 1.0149186933 1.0087552933 0 0.4001741233 0.4037614333 0.9831117933 1.0091389933 1.0270061933 1.0199638933 1.0011216933 1.0068395933 0.6102201433 0.6104456933 0.9950701933 0.6099946933 1.0129871933 0.4116797933 0.9984680933 0.9992253333 1.0102913933 1.0215231933
1.0064569933 0.5996960533 0.9999832633 0.9999832633 0.9838536533 0.9916875433 0.9775712633 0.6068453333 0.6158788933 0.9853395333 0.9823706933 0.4001741233 0 0.0955642133000001 0.9797825333 1.0030226933 1.0091389933 1.0095229933 0.9853395333 0.9868283433 0.5974757933 0.5992514633 0.9768355933 0.5988071933 0.9883201233 0.3358676933 0.9898148933 0.9713410933 0.9939409633 0.9894409333
0.9969560633 0.6012540933 0.9977117333 0.9977117333 0.9872010433 0.9898148933 0.9816303333 0.6108969533 0.6131573433 0.9728023533 0.9731680933 0.4037614333 0.0955642133000001 0 0.9827411333 1.0045471933 0.9992253333 0.9988466633 0.9849677933 0.9842247933 0.5992514633 0.6008086333 0.9757334933 0.6003633933 0.9842247933 0.3352422933 0.9834825933 0.9779393933 0.9905633933 0.9864558933
1.0145318933 0.9965784933 0.5108894933 0.5409136533 0.5372220933 0.1542256433 0.1538574233 1.0060746933 1.0072223933 0.4956387133 0.4987418933 0.9831117933 0.9797825333 0.9827411333 0 0.0520082133000001 0.5038121433 0.5051830533 0.1641120933 0.1666042033 0.9913126933 0.9928133933 0.3922070433 0.9928133933 0.5057713533 1.0011216933 0.5409136533 0.2804096133 0.5527248933 0.5518899933
1.0223039933 1.0250433933 0.5192317533 0.5433847933 0.5407080933 0.1561925233 0.1563156333 1.0345121933 1.0396914933 0.5032253433 0.5063601233 1.0091389933 1.0030226933 1.0045471933 0.0520082133000001 0 0.5122734433 0.5140565933 0.1679784033 0.1693551233 1.0176310933 1.0199638933 0.3969431933 1.0199638933 0.5099025533 1.0211330933 0.5477290933 0.2868286233 0.5617598933 0.5579645933
1.0087552933 1.0234768933 0.3208470433 0.5460711233 0.5431785933 0.5093109933 0.5065564933 1.0250433933 1.0230857933 0.3115528633 0.3091339933 1.0270061933 1.0091389933 0.9992253333 0.5038121433 0.5122734433 0 0.0341187163000001 0.5045952333 0.5038121433 1.0301574933 1.0277928933 0.5022483933 1.0281863933 0.3765223733 1.0137591933 0.5471069333 0.5091138633 0.5579645933 0.5638767633
1.0145318933 1.0164673933 0.3220745433 0.5502228233 0.5466924433 0.5112846633 0.5104945433 1.0184079933 1.0118306933 0.3109474333 0.3092849333 1.0199638933 1.0095229933 0.9988466633 0.5051830533 0.5140565933 0.0341187163000001 0 0.5065564933 0.5053790933 1.0184079933 1.0160799933 0.4989362733 1.0164673933 0.3756971933 1.0106759933 0.5460711233 0.5116799933 0.5613372433 0.5611259933
1.0168551933 1.0114455933 0.5170378933 0.5500146933 0.5437974933 0.1674783933 0.1671036133 1.0254356933 1.0191855933 0.5001035733 0.5059675933 1.0011216933 0.9853395333 0.9849677933 0.1641120933 0.1679784033 0.5045952333 0.5065564933 0 0.0324469403000001 0.9999832633 0.9996042333 0.3890101733 0.9996042333 0.5045952333 1.0056925933 0.5464852533 0.2825917433 0.5621827933 0.5609148233
1.0049287933 1.0118306933 0.5150489933 0.5471069333 0.5417364933 0.1696056933 0.1686038633 1.0191855933 1.0145318933 0.4977707733 0.5012727533 1.0068395933 0.9868283433 0.9842247933 0.1666042033 0.1693551233 0.5038121433 0.5053790933 0.0324469403000001 0 0.9965784933 0.9969560633 0.3881711533 0.9969560633 0.5024436933 1.0126014933 0.5446234433 0.2818636433 0.5611259933 0.5592275333
0.9749995933 0.3453116533 1.0349093933 0.9965784933 0.9864558933 1.0034035933 0.9864558933 0.3516743633 0.3526334633 1.0238681933 1.0172430933 0.6102201433 0.5974757933 0.5992514633 0.9913126933 1.0176310933 1.0301574933 1.0184079933 0.9999832633 0.9965784933 0 0.00488424760000006 0.9894409333 0.00488424760000006 0.9954469933 0.6104456933 0.9883201233 0.9946935933 1.0099070933 0.9812603933
0.9764680433 0.3457869933 1.0361020933 0.9973337933 0.9890671533 1.0030226933 0.9864558933 0.3519939333 0.3532735233 1.0238681933 1.0176310933 0.6104456933 0.5992514633 0.6008086333 0.9928133933 1.0199638933 1.0277928933 1.0160799933 0.9996042333 0.9969560633 0.00488424760000006 0 0.9905633933 0.000770800000000058 0.9950701933 0.6104456933 0.9898148933 0.9965784933 1.0118306933 0.9831117933
0.9946935933 1.0079883933 0.5146518933 0.5512643533 0.5437974933 0.3932194233 0.3944022433 1.0030226933 0.9980897933 0.5012727533 0.5047910933 0.9950701933 0.9768355933 0.9757334933 0.3922070433 0.3969431933 0.5022483933 0.4989362733 0.3890101733 0.3881711533 0.9894409333 0.9905633933 0 0.9905633933 0.5040078333 1.0037845933 0.5444168933 0.3950789933 0.5571237333 0.5592275333
0.9761006933 0.3456285133 1.0365000933 0.9980897933 0.9890671533 1.0030226933 0.9860835933 0.3516743633 0.3531134533 1.0238681933 1.0180194933 0.6099946933 0.5988071933 0.6003633933 0.9928133933 1.0199638933 1.0281863933 1.0164673933 0.9996042333 0.9969560633 0.00488424760000006 0.000770800000000058 0.9905633933 0 0.9946935933 0.6102201433 0.9898148933 0.9958239333 1.0126014933 0.9834825933
1.0226947933 0.9931890533 0.3873330733 0.5417364933 0.5479365933 0.5095080933 0.5138581933 1.0083717933 1.0003625233 0.3813263633 0.3785064933 1.0129871933 0.9883201233 0.9842247933 0.5057713533 0.5099025533 0.3765223733 0.3756971933 0.5045952333 0.5024436933 0.9954469933 0.9950701933 0.5040078333 0.9946935933 0 1.0145318933 0.5448300933 0.5154463933 0.5571237333 0.5594382433
0.9860835933 0.6111226933 1.0230857933 1.0172430933 1.0056925933 1.0258279933 1.0041657933 0.6218095533 0.6222677333 1.0045471933 1.0064569933 0.4116797933 0.3358676933 0.3352422933 1.0011216933 1.0211330933 1.0137591933 1.0106759933 1.0056925933 1.0126014933 0.6104456933 0.6104456933 1.0037845933 0.6102201433 1.0145318933 0 1.0160799933 1.0068395933 1.0145318933 1.0137591933
0.9909379633 1.0172430933 0.5500146933 0.3925443433 0.3898501233 0.5560740933 0.5529338233 1.0277928933 1.0137591933 0.5396810933 0.5407080933 0.9984680933 0.9898148933 0.9834825933 0.5409136533 0.5477290933 0.5471069333 0.5460711233 0.5464852533 0.5446234433 0.9883201233 0.9898148933 0.5444168933 0.9898148933 0.5448300933 1.0160799933 0 0.5550258933 0.3415197933 0.3432553533
1.0015014933 1.0126014933 0.5194314933 0.5569136933 0.5493906933 0.2846341533 0.2846341533 1.0076052933 1.0056925933 0.5032253433 0.5049870933 0.9992253333 0.9713410933 0.9779393933 0.2804096133 0.2868286233 0.5091138633 0.5116799933 0.2825917433 0.2818636433 0.9946935933 0.9965784933 0.3950789933 0.9958239333 0.5154463933 1.0068395933 0.5550258933 0 0.5672761933 0.5715472933
0.9969560633 1.0321338933 0.5653620933 0.3994927533 0.3983018933 0.5594382433 0.5638767633 1.0325296933 1.0153055933 0.5543976533 0.5546069933 1.0102913933 0.9939409633 0.9905633933 0.5527248933 0.5617598933 0.5579645933 0.5613372433 0.5621827933 0.5611259933 1.0099070933 1.0118306933 0.5571237333 1.0126014933 0.5571237333 1.0145318933 0.3415197933 0.5672761933 0 0.2714568533
1.0049287933 1.0011216933 0.5609148233 0.4017094233 0.4051325433 0.5632410933 0.5630292933 1.0045471933 0.9924379933 0.5493906933 0.5585957933 1.0215231933 0.9894409333 0.9864558933 0.5518899933 0.5579645933 0.5638767633 0.5611259933 0.5609148233 0.5592275333 0.9812603933 0.9831117933 0.5592275333 0.9834825933 0.5594382433 1.0137591933 0.3432553533 0.5715472933 0.2714568533 0
