0 0.40613547 0.41321507 0.40527666 0.40596363 0.40407598 1.000751 1.0168724 1.0015109 1.0349361 1.0417235 1.025065 0.9946995 0.98645765 0.98348296 0.99658537 0.9969631 0.98757625 0.9872032 1.0172604 1.0137748 1.002652 0.9931942 1.0011308 1.0011308 1.0041765 1.0118452 1.0137748 0.9958304 1.0095364
0.40613547 0 0.19706325 0.19020207 0.14179818 0.14167738 1.0022715 1.0037951 0.98794943 1.025065 1.0282096 1.0195932 0.990942 0.99847597 0.99545324 0.99885464 0.9980974 0.9946995 0.9931942 1.0095364 1.0091523 0.9816297 0.99545324 0.9827411 0.98832285 1.0015109 0.9943229 1.0270288 0.9857129 0.99169195
0.41321507 0.19706325 0 0.13446462 0.19123371 0.19175006 0.99056727 0.99734104 0.9746289 1.0172604 1.0176488 1.0068517 0.9764649 0.99169195 0.9958304 0.9838541 0.98348296 0.9969631 0.9962078 1.0037951 1.0030329 0.9775687 0.9853408 0.97941184 1.0034139 0.99357027 0.9980974 1.018426 0.9860852 0.98907024
0.40527666 0.19020207 0.13446462 0 0.187244 0.18583338 0.96841997 0.99847597 0.97941184 1.018426 1.0188149 0.9958304 0.9827411 0.9790429 0.9816297 0.9898184 0.9872032 0.9779369 0.9746289 1.0045581 1.0045581 0.96298385 0.9838541 0.96334505 0.98794943 0.97867405 0.9950763 1.0160967 0.97024083 0.97573
0.40596363 0.14179818 0.19123371 0.187244 0 0.11183919 0.9980974 1.0211525 1.0011308 1.0365276 1.036926 1.01146 0.99885464 0.99734104 0.99734104 1.0095364 1.0080011 0.9901927 0.98757625 1.0301816 1.0305767 0.9695119 0.99999183 0.9706055 0.9969631 1.0126165 1.0095364 1.036926 0.97573 1.005704
0.40407598 0.14167738 0.19175006 0.18583338 0.11183919 0 0.9831119 1.0080011 0.9898184 1.015322 1.0176488 1.0011308 0.99357027 0.99734104 0.9946995 0.99847597 0.99734104 0.9808897 0.9790429 1.0157093 1.0176488 0.97978103 0.99056727 0.9808897 0.98832285 0.98683035 0.9980974 1.0172604 0.9746289 0.99357027
1.000751 1.0022715 0.99056727 0.96841997 0.9980974 0.9831119 0 0.41269478 0.42810866 0.52952236 0.5287124 0.363706 0.43112323 0.3344029 0.3339345 0.43183428 0.42863977 0.089989096 0.08920027 0.41148216 0.41148216 0.77940893 0.36941192 0.77940893 0.42299402 0.53297436 0.52709514 0.53134793 0.7845149 0.23234352
1.0168724 1.0037951 0.99734104 0.99847597 1.0211525 1.0080011 0.41269478 0 0.43076792 0.5321607 0.5335852 0.405105 0.43005788 0.4090628 0.4090628 0.42740113 0.42651764 0.41356212 0.4130416 0.08013232 0.079353794 0.78650993 0.40373325 0.78708094 0.42863977 0.52387106 0.51547325 0.5376702 0.7751804 0.405105
1.0015109 0.98794943 0.9746289 0.97941184 1.0011308 0.9898184 0.42810866 0.43076792 0 0.52367 0.52608615 0.4355785 0.061124492 0.4242254 0.4235215 0.05993204 0.06079909 0.4254588 0.42264256 0.43165645 0.43343666 0.79483217 0.42881688 0.79512084 0.28178412 0.5214621 0.5140827 0.53134793 0.79483217 0.42475376
1.0349361 1.025065 1.0172604 1.018426 1.0365276 1.015322 0.52952236 0.5321607 0.52367 0 0.045343477 0.5226656 0.5226656 0.5327709 0.5321607 0.5200604 0.5200604 0.5321607 0.5327709 0.5283078 0.52931976 0.81738806 0.52729714 0.81857854 0.5214621 0.5254814 0.5250785 0.27008206 0.80353975 0.52226424
1.0417235 1.0282096 1.0176488 1.0188149 1.036926 1.0176488 0.5287124 0.5335852 0.52608615 0.045343477 0 0.5254814 0.5240722 0.5331779 0.5327709 0.52226424 0.5220636 0.53114486 0.531551 0.52952236 0.5299277 0.81977093 0.5291173 0.82066643 0.5250785 0.53033316 0.5258845 0.27065566 0.8079317 0.5226656
1.025065 1.0195932 1.0068517 0.9958304 1.01146 1.0011308 0.363706 0.405105 0.4355785 0.5226656 0.5254814 0 0.43397155 0.3708862 0.36843067 0.43219006 0.43201217 0.35755974 0.35788196 0.40373325 0.40373325 0.8000446 0.35386395 0.80120784 0.43076792 0.5206608 0.5174642 0.52972496 0.8041238 0.3632189
0.9946995 0.990942 0.9764649 0.9827411 0.99885464 0.99357027 0.43112323 0.43005788 0.061124492 0.5226656 0.5240722 0.43397155 0 0.42404935 0.4231698 0.040367104 0.041000552 0.4270476 0.42334563 0.43005788 0.4313009 0.7859394 0.43219006 0.7862246 0.28338745 0.5240722 0.51886106 0.5301304 0.7859394 0.42634106
0.98645765 0.99847597 0.99169195 0.9790429 0.99734104 0.99734104 0.3344029 0.4090628 0.4242254 0.5327709 0.5331779 0.3708862 0.42404935 0 0.034166552 0.4231698 0.42211568 0.3291113 0.32942155 0.4102715 0.40992597 0.79109013 0.37154236 0.7913773 0.42475376 0.5289148 0.5202605 0.53033316 0.793967 0.33471534
0.98348296 0.99545324 0.9958304 0.9816297 0.99734104 0.9946995 0.3339345 0.4090628 0.4235215 0.5321607 0.5327709 0.36843067 0.4231698 0.034166552 0 0.42281827 0.42211568 0.3288012 0.32895625 0.40923536 0.40975326 0.79310274 0.36794052 0.7928149 0.42387336 0.52952236 0.52166253 0.53033316 0.7916646 0.33113015
0.99658537 0.99885464 0.9838541 0.9898184 1.0095364 0.99847597 0.43183428 0.42740113 0.05993204 0.5200604 0.52226424 0.43219006 0.040367104 0.4231698 0.42281827 0 0.018424466 0.42793173 0.42492995 0.4297031 0.43076792 0.790803 0.42881688 0.7905161 0.28163853 0.52186304 0.51646805 0.52810556 0.7862246 0.42651764
0.9969631 0.9980974 0.98348296 0.9872032 1.0080011 0.99734104 0.42863977 0.42651764 0.06079909 0.5200604 0.5220636 0.43201217 0.041000552 0.42211568 0.42211568 0.018424466 0 0.4258116 0.4231698 0.42828566 0.42952576 0.78994244 0.42740113 0.7896558 0.28105646 0.5198604 0.51626897 0.53033316 0.7876524 0.4224669
0.98757625 0.9946995 0.9969631 0.9779369 0.9901927 0.9808897 0.089989096 0.41356212 0.4254588 0.5321607 0.53114486 0.35755974 0.4270476 0.3291113 0.3288012 0.42793173 0.4258116 0 0.01484597 0.41269478 0.41148216 0.7876524 0.36403087 0.7876524 0.4200119 0.5256829 0.5228664 0.5299277 0.7913773 0.2284008
0.9872032 0.9931942 0.9962078 0.9746289 0.98757625 0.9790429 0.08920027 0.4130416 0.42264256 0.5327709 0.531551 0.35788196 0.42334563 0.32942155 0.32895625 0.42492995 0.4231698 0.01484597 0 0.4113091 0.4102715 0.7867954 0.36419335 0.7867954 0.4189622 0.52527994 0.52306724 0.5299277 0.7916646 0.22718139
1.0172604 1.0095364 1.0037951 1.0045581 1.0301816 1.0157093 0.41148216 0.08013232 0.43165645 0.5283078 0.52952236 0.40373325 0.43005788 0.4102715 0.40923536 0.4297031 0.42828566 0.41269478 0.4113091 0 0.009965921 0.7862246 0.40133873 0.78708094 0.42810866 0.520861 0.51487696 0.53828484 0.78337723 0.4028772
1.0137748 1.0091523 1.0030329 1.0045581 1.0305767 1.0176488 0.41148216 0.079353794 0.43343666 0.52931976 0.5299277 0.40373325 0.4313009 0.40992597 0.40975326 0.43076792 0.42952576 0.41148216 0.4102715 0.009965921 0 0.7867954 0.40065598 0.7876524 0.43023533 0.5220636 0.5150757 0.53664684 0.782809 0.40236402
1.002652 0.9816297 0.9775687 0.96298385 0.9695119 0.97978103 0.77940893 0.78650993 0.79483217 0.81738806 0.81977093 0.8000446 0.7859394 0.79109013 0.79310274 0.790803 0.78994244 0.7876524 0.7867954 0.7862246 0.7867954 0 0.7867954 0.0041112476 0.79223955 0.79714435 0.8047084 0.8147164 0.25532004 0.7763057
0.9931942 0.99545324 0.9853408 0.9838541 0.99999183 0.99056727 0.36941192 0.40373325 0.42881688 0.52729714 0.5291173 0.35386395 0.43219006 0.37154236 0.36794052 0.42881688 0.42740113 0.36403087 0.36419335 0.40133873 0.40065598 0.7867954 0 0.7882242 0.42334563 0.51926064 0.5204606 0.52709514 0.7791263 0.366472
1.0011308 0.9827411 0.97941184 0.96334505 0.9706055 0.9808897 0.77940893 0.78708094 0.79512084 0.81857854 0.82066643 0.80120784 0.7862246 0.7913773 0.7928149 0.7905161 0.7896558 0.7876524 0.7867954 0.78708094 0.7876524 0.0041112476 0.7882242 0 0.79252714 0.79830307 0.80500084 0.8161995 0.25616384 0.778279
1.0011308 0.98832285 1.0034139 0.98794943 0.9969631 0.98832285 0.42299402 0.42863977 0.28178412 0.5214621 0.5250785 0.43076792 0.28338745 0.42475376 0.42387336 0.28163853 0.28105646 0.4200119 0.4189622 0.42810866 0.43023533 0.79223955 0.42334563 0.79252714 0 0.52387106 0.5111116 0.52427334 0.80324787 0.42387336
1.0041765 1.0015109 0.99357027 0.97867405 1.0126165 0.98683035 0.53297436 0.52387106 0.5214621 0.5254814 0.53033316 0.5206608 0.5240722 0.5289148 0.52952236 0.52186304 0.5198604 0.5256829 0.52527994 0.520861 0.5220636 0.79714435 0.51926064 0.79830307 0.52387106 0 0.2889528 0.5287124 0.78708094 0.5214621
1.0118452 0.9943229 0.9980974 0.9950763 1.0095364 0.9980974 0.52709514 0.51547325 0.5140827 0.5250785 0.5258845 0.5174642 0.51886106 0.5202605 0.52166253 0.51646805 0.51626897 0.5228664 0.52306724 0.51487696 0.5150757 0.8047084 0.5204606 0.80500084 0.5111116 0.2889528 0 0.52186304 0.7916646 0.51926064
1.0137748 1.0270288 1.018426 1.0160967 1.036926 1.0172604 0.53134793 0.5376702 0.53134793 0.27008206 0.27065566 0.52972496 0.5301304 0.53033316 0.53033316 0.52810556 0.53033316 0.5299277 0.5299277 0.53828484 0.53664684 0.8147164 0.52709514 0.8161995 0.52427334 0.5287124 0.52186304 0 0.81709075 0.5232681
0.9958304 0.9857129 0.9860852 0.97024083 0.97573 0.9746289 0.7845149 0.7751804 0.79483217 0.80353975 0.8079317 0.8041238 0.7859394 0.793967 0.7916646 0.7862246 0.7876524 0.7913773 0.7916646 0.78337723 0.782809 0.25532004 0.7791263 0.25616384 0.80324787 0.78708094 0.7916646 0.81709075 0 0.7799746
1.0095364 0.99169195 0.98907024 0.97573 1.005704 0.99357027 0.23234352 0.405105 0.42475376 0.52226424 0.5226656 0.3632189 0.42634106 0.33471534 0.33113015 0.42651764 0.4224669 0.2284008 0.22718139 0.4028772 0.40236402 0.7763057 0.366472 0.778279 0.42387336 0.5214621 0.51926064 0.5232681 0.7799746 0
