0 0.5546552 0.6950084 0.7085177 0.8904187 0.8835664 0.890091 0.5494359 0.55110216 0.9901927 0.98683035 0.99885464 0.9036466 0.9779369 0.98757625 0.5384899 0.5506852 0.903313 0.8979962 0.5504769 0.5533992 0.99357027 0.6965256 0.99999183 1.0022715 0.99734104 0.8783872 0.53480834 0.5428079 0.5450797
0.5546552 0 0.7080034 0.7087749 0.91439945 0.89932185 0.9123715 0.19498533 0.19784397 1.0099207 1.0118452 0.9706055 0.92085767 0.9969631 0.9946995 0.19033095 0.19966878 0.9205164 0.92119914 0.24721184 0.2520942 1.0160967 0.71161044 1.0207624 1.0195932 1.0188149 0.8953518 0.37549147 0.36941192 0.20372532
0.6950084 0.7080034 0 0.19394852 0.89766514 0.8835664 0.9069903 0.70928967 0.7262145 1.0034139 1.0211525 0.9845971 0.8851922 0.9939465 1.0015109 0.70441365 0.7157541 0.88910866 0.88291705 0.71316165 0.72018194 1.0053219 0.3794615 1.019204 0.99734104 1.0049399 0.8809723 0.7005865 0.702115 0.702115
0.7085177 0.7087749 0.19394852 0 0.87613255 0.8800019 0.895022 0.71212715 0.72148925 1.0087683 1.0231062 0.9783054 0.877098 0.99961257 1.0049399 0.70441365 0.71783453 0.87677604 0.8800019 0.71238565 0.72018194 1.0149349 0.3816207 1.025065 1.0034139 1.0160967 0.8754896 0.69399863 0.702115 0.7072328
0.8904187 0.91439945 0.89766514 0.87613255 0 0.1841697 0.18378629 0.9019803 0.90665525 1.0122308 1.0157093 1.0103053 0.2284008 0.99658537 0.98496884 0.90498227 0.91439945 0.23452772 0.2326162 0.9029796 0.9046481 1.0045581 0.8904187 1.0053219 0.98645765 1.0141612 0.2288077 0.8907466 0.88682157 0.8887815
0.8835664 0.89932185 0.8835664 0.8800019 0.1841697 0 0.13100317 0.9006499 0.9053166 0.99169195 1.0030329 1.0141612 0.22989386 0.9816297 0.97720057 0.8956819 0.9137229 0.23740417 0.23384447 0.8904187 0.89667284 0.9898184 0.891731 0.9920673 0.97720057 1.0072346 0.2290791 0.8722831 0.88226825 0.88454145
0.890091 0.9123715 0.9069903 0.895022 0.18378629 0.13100317 0 0.9053166 0.90766084 1.0099207 1.0103053 1.0133885 0.22962219 0.99281836 0.98645765 0.90098226 0.91473794 0.23617005 0.23439102 0.8956819 0.89469224 0.99847597 0.90264636 0.99923354 0.98683035 1.0160967 0.23288897 0.8881276 0.8910746 0.8897634
0.5494359 0.19498533 0.70928967 0.71212715 0.9019803 0.9006499 0.9053166 0 0.12649153 0.9838541 0.99734104 0.97720057 0.91203403 0.9709704 0.97024083 0.16760771 0.17755163 0.91575444 0.9160936 0.24222292 0.24540646 0.99281836 0.70748955 0.9950763 0.97573 0.9969631 0.890091 0.37039444 0.36843067 0.20162888
0.55110216 0.19784397 0.7262145 0.72148925 0.90665525 0.9053166 0.90766084 0.12649153 0 0.99357027 1.0022715 0.9746289 0.91169673 0.98645765 0.9831119 0.17036368 0.18085337 0.91779155 0.92154074 0.24748999 0.24902159 0.99169195 0.7141975 0.99734104 0.9842255 1.0083846 0.8999856 0.37400812 0.3687576 0.20320067
0.9901927 1.0099207 1.0034139 1.0087683 1.0122308 0.99169195 1.0099207 0.9838541 0.99357027 0 0.100091405 0.5407486 1.0172604 0.38045728 0.38045728 0.9958304 1.002652 1.01069 1.0118452 1.0060863 1.0072346 0.20503858 1.0164845 0.20595923 0.39369342 0.39284873 1.0068517 0.9962078 1.0068517 0.99357027
0.98683035 1.0118452 1.0211525 1.0231062 1.0157093 1.0030329 1.0103053 0.99734104 1.0022715 0.100091405 0 0.5475659 1.0231062 0.3841199 0.38112187 1.0041765 1.0095364 1.0095364 1.0168724 1.0141612 1.0083846 0.2089922 1.0397208 0.21044709 0.3947083 0.3962332 1.0060863 1.0045581 1.014548 1.0003713
0.99885464 0.9706055 0.9845971 0.9783054 1.0103053 1.0141612 1.0133885 0.97720057 0.9746289 0.5407486 0.5475659 0 1.018426 0.52628785 0.52810556 0.97024083 0.97867405 1.0130024 1.0164845 0.9924427 0.98832285 0.5459075 1.0068517 0.55110216 0.5335852 0.5327709 1.0141612 0.9698763 0.9713354 0.97206604
0.9036466 0.92085767 0.8851922 0.877098 0.2284008 0.22989386 0.22962219 0.91203403 0.91169673 1.0172604 1.0231062 1.018426 0 0.9958304 0.9827411 0.89667284 0.9106857 0.07757733 0.074920505 0.90799636 0.9137229 1.014548 0.8914027 1.0091523 0.9779369 1.01069 0.21442941 0.8910746 0.895022 0.89766514
0.9779369 0.9969631 0.9939465 0.99961257 0.99658537 0.9816297 0.99281836 0.9709704 0.98645765 0.38045728 0.3841199 0.52628785 0.9958304 0 0.07370593 0.9698763 0.9768326 0.99658537 0.9980974 0.9853408 0.9939465 0.37962735 1.0203725 0.3814544 0.23002975 0.22962219 0.98237044 0.99357027 0.98645765 0.9872032
0.98757625 0.9946995 1.0015109 1.0049399 0.98496884 0.97720057 0.98645765 0.97024083 0.9831119 0.38045728 0.38112187 0.52810556 0.9827411 0.07370593 0 0.97316337 0.97978103 0.98125964 0.98496884 0.9845971 0.9901927 0.37697777 1.032159 0.37912986 0.22948638 0.23002975 0.97499573 0.98757625 0.9838541 0.9831119
0.5384899 0.19033095 0.70441365 0.70441365 0.90498227 0.8956819 0.90098226 0.16760771 0.17036368 0.9958304 1.0041765 0.97024083 0.89667284 0.9698763 0.97316337 0 0.0787982 0.8999856 0.8983274 0.23603305 0.23891531 0.99281836 0.70928967 0.9946995 0.9939465 1.0049399 0.8881276 0.36468107 0.36062655 0.19862549
0.5506852 0.19966878 0.7157541 0.71783453 0.91439945 0.9137229 0.91473794 0.17755163 0.18085337 1.002652 1.0095364 0.97867405 0.9106857 0.9768326 0.97978103 0.0787982 0 0.91983426 0.91949344 0.24610032 0.24804658 0.99847597 0.7149754 1.0015109 1.0015109 1.0068517 0.9029796 0.3749967 0.37400812 0.20754011
0.903313 0.9205164 0.88910866 0.87677604 0.23452772 0.23740417 0.23617005 0.91575444 0.91779155 1.01069 1.0095364 1.0130024 0.07757733 0.99658537 0.98125964 0.8999856 0.91983426 0 0.07392661 0.91406107 0.91949344 1.0099207 0.8983274 1.0076177 0.9768326 1.0045581 0.22097966 0.8996537 0.9013148 0.9063204
0.8979962 0.92119914 0.88291705 0.8800019 0.2326162 0.23384447 0.23439102 0.9160936 0.92154074 1.0118452 1.0168724 1.0164845 0.074920505 0.9980974 0.98496884 0.8983274 0.91949344 0.07392661 0 0.910349 0.91439945 1.0118452 0.8904187 1.01069 0.9842255 1.0126165 0.21789792 0.88682157 0.8953518 0.9013148
0.5504769 0.24721184 0.71316165 0.71238565 0.9029796 0.8904187 0.8956819 0.24222292 0.24748999 1.0060863 1.0141612 0.9924427 0.90799636 0.9853408 0.9845971 0.23603305 0.24610032 0.91406107 0.910349 0 0.05056701 1.0099207 0.71083605 1.0083846 0.9962078 1.0168724 0.8897634 0.3650064 0.35901088 0.23699258
0.5533992 0.2520942 0.72018194 0.72018194 0.9046481 0.89667284 0.89469224 0.24540646 0.24902159 1.0072346 1.0083846 0.98832285 0.9137229 0.9939465 0.9901927 0.23891531 0.24804658 0.91949344 0.91439945 0.05056701 0 1.0011308 0.7126442 1.000751 1.002652 1.0238891 0.89865875 0.3667981 0.3617596 0.24042948
0.99357027 1.0160967 1.0053219 1.0149349 1.0045581 0.9898184 0.99847597 0.99281836 0.99169195 0.20503858 0.2089922 0.5459075 1.014548 0.37962735 0.37697777 0.99281836 0.99847597 1.0099207 1.0118452 1.0099207 1.0011308 0 1.0219333 0.030616496 0.3821199 0.39082533 0.99169195 1.0068517 1.0064689 0.9946995
0.6965256 0.71161044 0.3794615 0.3816207 0.8904187 0.891731 0.90264636 0.70748955 0.7141975 1.0164845 1.0397208 1.0068517 0.8914027 1.0203725 1.032159 0.70928967 0.7149754 0.8983274 0.8904187 0.71083605 0.7126442 1.0219333 0 1.0278157 1.015322 1.0381224 0.88226825 0.6982995 0.6993151 0.70109564
0.99999183 1.0207624 1.019204 1.025065 1.0053219 0.9920673 0.99923354 0.9950763 0.99734104 0.20595923 0.21044709 0.55110216 1.0091523 0.3814544 0.37912986 0.9946995 1.0015109 1.0076177 1.01069 1.0083846 1.000751 0.030616496 1.0278157 0 0.38512188 0.39436984 0.9901927 1.0045581 1.0072346 0.99885464
1.0022715 1.0195932 0.99734104 1.0034139 0.98645765 0.97720057 0.98683035 0.97573 0.9842255 0.39369342 0.3947083 0.5335852 0.9779369 0.23002975 0.22948638 0.9939465 1.0015109 0.9768326 0.9842255 0.9962078 1.002652 0.3821199 1.015322 0.38512188 0 0.24139464 0.9775687 0.99658537 0.9898184 0.9980974
0.99734104 1.0188149 1.0049399 1.0160967 1.0141612 1.0072346 1.0160967 0.9969631 1.0083846 0.39284873 0.3962332 0.5327709 1.01069 0.22962219 0.23002975 1.0049399 1.0068517 1.0045581 1.0126165 1.0168724 1.0238891 0.39082533 1.0381224 0.39436984 0.24139464 0 1.005704 1.0122308 1.01069 1.0045581
0.8783872 0.8953518 0.8809723 0.8754896 0.2288077 0.2290791 0.23288897 0.890091 0.8999856 1.0068517 1.0060863 1.0141612 0.21442941 0.98237044 0.97499573 0.8881276 0.9029796 0.22097966 0.21789792 0.8897634 0.89865875 0.99169195 0.88226825 0.9901927 0.9775687 1.005704 0 0.88064873 0.87806475 0.8881276
0.53480834 0.37549147 0.7005865 0.69399863 0.8907466 0.8722831 0.8881276 0.37039444 0.37400812 0.9962078 1.0045581 0.9698763 0.8910746 0.99357027 0.98757625 0.36468107 0.3749967 0.8996537 0.88682157 0.3650064 0.3667981 1.0068517 0.6982995 1.0045581 0.99658537 1.0122308 0.88064873 0 0.2188345 0.3609501
0.5428079 0.36941192 0.702115 0.702115 0.88682157 0.88226825 0.8910746 0.36843067 0.3687576 1.0068517 1.014548 0.9713354 0.895022 0.98645765 0.9838541 0.36062655 0.37400812 0.9013148 0.8953518 0.35901088 0.3617596 1.0064689 0.6993151 1.0072346 0.9898184 1.01069 0.87806475 0.2188345 0 0.35836557
0.5450797 0.20372532 0.702115 0.7072328 0.8887815 0.88454145 0.8897634 0.20162888 0.20320067 0.99357027 1.0003713 0.97206604 0.89766514 0.9872032 0.9831119 0.19862549 0.20754011 0.9063204 0.9013148 0.23699258 0.24042948 0.9946995 0.70109564 0.99885464 0.9980974 1.0045581 0.8881276 0.3609501 0.35836557 0
