0 0.983144225 0.997751425 1.018458325 0.976864925 0.979444165 0.977601025 0.984257825 0.578093665 0.579608165 1.001163125 0.995862725 0.999644895 1.021965625 1.026274925 1.016129025 1.016904725 1.009568725 1.011492325 0.993226525 0.997751425 1.011877525 1.042959925 1.014193525 1.018458325 1.000403625 1.001543225 0.993978825 0.984629425 0.992850685
0.983144225 0 0.706238725 0.691512485 0.0974999549999999 0.0961346599999999 0.161785975 0.161165885 0.996240125 0.994355225 0.702657525 0.688751925 0.705213825 0.691512485 0.693274525 0.672888775 0.671663485 0.682763825 0.683758525 0.696304825 0.695798895 0.680035195 0.694283265 0.682018655 0.678056975 0.675591485 0.679787655 0.711384525 0.709321995 0.161041935
0.997751425 0.706238725 0 0.702147325 0.710352555 0.712676525 0.720998425 0.720998425 1.001923325 0.986489975 0.0811668009999999 0.715267225 0.0829517249999999 0.708550025 0.709321995 0.722831225 0.722045125 0.707265125 0.710610425 0.715526775 0.716565925 0.722831225 0.713711755 0.726773725 0.707778775 0.706495185 0.716305995 0.152660585 0.139779515 0.720736925
1.018458325 0.691512485 0.702147325 0 0.694030955 0.689754565 0.704701865 0.699855725 1.003446225 0.996240125 0.711642765 0.688751925 0.708807225 0.0729663649999999 0.0738485849999999 0.691512485 0.693526585 0.687750525 0.690005425 0.474494825 0.474683125 0.690256375 0.336155225 0.690256375 0.690256375 0.687250395 0.468308085 0.725194225 0.702402425 0.700109975
0.976864925 0.0974999549999999 0.710352555 0.694030955 0 0.0643096849999999 0.160051005 0.159432355 0.982032325 0.983144225 0.703934565 0.686500725 0.705726125 0.691009775 0.693778725 0.679787655 0.677563225 0.679540125 0.680282825 0.701382725 0.701892425 0.682515325 0.698585585 0.684754525 0.683261025 0.680282825 0.681274225 0.714748325 0.709837125 0.161537875
0.979444165 0.0961346599999999 0.712676525 0.689754565 0.0643096849999999 0 0.157209405 0.155977265 0.987235525 0.984629425 0.706751725 0.688000755 0.709579485 0.689002425 0.690507425 0.678551025 0.674853425 0.681770465 0.682515325 0.689503725 0.691009775 0.678303925 0.695546125 0.681026325 0.687000425 0.682763825 0.675837655 0.712676525 0.709321995 0.160174805
0.977601025 0.161785975 0.720998425 0.704701865 0.160051005 0.157209405 0 0.0407160849999999 1.000783325 1.000403625 0.718127325 0.692518825 0.720214265 0.705982325 0.708807225 0.683509725 0.681522325 0.690005425 0.691763955 0.700873325 0.701637465 0.691009775 0.711384525 0.692770625 0.692770625 0.685751875 0.693022525 0.727828585 0.722307025 0.111871515
0.984257825 0.161165885 0.720998425 0.699855725 0.159432355 0.155977265 0.0407160849999999 0 1.008800625 1.008416925 0.718909285 0.694535625 0.718909285 0.701127965 0.703168125 0.685502425 0.684007365 0.686500725 0.688751925 0.699347425 0.700618825 0.696304825 0.703678985 0.698078175 0.687250395 0.685751875 0.690758525 0.729413625 0.718387865 0.109784955
0.578093665 0.996240125 1.001923325 1.003446225 0.982032325 0.987235525 1.000783325 1.008800625 0 0.0272191749999999 1.004208825 0.983144225 1.001923325 1.012648825 1.013807125 1.000024155 1.003065225 0.997751425 1.006118625 1.001543225 1.004972225 1.036559925 1.025489625 1.039353125 1.000024155 0.989102565 0.992099625 1.010337625 1.007266925 0.995485565
0.579608165 0.994355225 0.986489975 0.996240125 0.983144225 0.984629425 1.000403625 1.008416925 0.0272191749999999 0 0.991724275 0.974294565 0.989102565 1.001923325 1.003065225 0.991724275 0.994355225 0.987981755 0.995108625 1.002303825 1.005354225 1.027061125 1.023138525 1.029819125 0.988355175 0.978337725 0.987608575 1.000024155 0.995108625 0.992475025
1.001163125 0.702657525 0.0811668009999999 0.711642765 0.703934565 0.706751725 0.718127325 0.718909285 1.004208825 0.991724275 0 0.706751725 0.0167165309999999 0.711901085 0.712159475 0.721259975 0.720475575 0.709321995 0.712935225 0.718387865 0.719170125 0.718387865 0.722045125 0.722045125 0.705469865 0.707778775 0.714489065 0.151313535 0.140141045 0.717346225
0.995862725 0.688751925 0.715267225 0.688751925 0.686500725 0.688000755 0.692518825 0.694535625 0.983144225 0.974294565 0.706751725 0 0.705726125 0.687750525 0.690005425 0.367646265 0.368626425 0.391531525 0.392374685 0.708292825 0.709321995 0.688751925 0.702912765 0.689253025 0.374369825 0.386994705 0.705726125 0.713193975 0.711642765 0.690005425
0.999644895 0.705213825 0.0829517249999999 0.708807225 0.705726125 0.709579485 0.720214265 0.718909285 1.001923325 0.989102565 0.0167165309999999 0.705726125 0 0.709579485 0.709837125 0.718909285 0.719431025 0.707008385 0.711126425 0.715526775 0.716305995 0.718909285 0.720214265 0.722569065 0.703423525 0.708292825 0.711126425 0.152905755 0.142193025 0.716825925
1.021965625 0.691512485 0.708550025 0.0729663649999999 0.691009775 0.689002425 0.705982325 0.701127965 1.012648825 1.001923325 0.711901085 0.687750525 0.709579485 0 0.0109108394999999 0.692518825 0.694283265 0.687250395 0.689253025 0.474683125 0.474871445 0.688251025 0.336311775 0.689253025 0.689754565 0.686500725 0.468121395 0.724143025 0.703168125 0.694535625
1.026274925 0.693274525 0.709321995 0.0738485849999999 0.693778725 0.690507425 0.708807225 0.703168125 1.013807125 1.003065225 0.712159475 0.690005425 0.709837125 0.0109108394999999 0 0.694030955 0.695798895 0.689253025 0.691261075 0.476002385 0.476191025 0.690005425 0.338193045 0.691009775 0.692770625 0.689503725 0.470177465 0.726246825 0.705213825 0.697064325
1.016129025 0.672888775 0.722831225 0.691512485 0.679787655 0.678551025 0.683509725 0.685502425 1.000024155 0.991724275 0.721259975 0.367646265 0.718909285 0.692518825 0.694030955 0 0.00969429499999994 0.397114025 0.397793555 0.696557925 0.697317625 0.688000755 0.716565925 0.689253025 0.312881995 0.390857655 0.696811025 0.722569065 0.711126425 0.683509725
1.016904725 0.671663485 0.722045125 0.693526585 0.677563225 0.674853425 0.681522325 0.684007365 1.003065225 0.994355225 0.720475575 0.368626425 0.719431025 0.694283265 0.695798895 0.00969429499999994 0 0.396095955 0.397114025 0.695798895 0.696557925 0.688751925 0.715786425 0.690256375 0.314857505 0.391194525 0.695798895 0.723093325 0.711901085 0.682515325
1.009568725 0.682763825 0.707265125 0.687750525 0.679540125 0.681770465 0.690005425 0.686500725 0.997751425 0.987981755 0.709321995 0.391531525 0.707008385 0.687250395 0.689253025 0.397114025 0.396095955 0 0.0104037059999999 0.703423525 0.703168125 0.679540125 0.712676525 0.681274225 0.399324675 0.201399565 0.694535625 0.705213825 0.704701865 0.685253025
1.011492325 0.683758525 0.710610425 0.690005425 0.680282825 0.682515325 0.691763955 0.688751925 1.006118625 0.995108625 0.712935225 0.392374685 0.711126425 0.689253025 0.691261075 0.397793555 0.397114025 0.0104037059999999 0 0.703168125 0.703168125 0.681770465 0.714489065 0.683509725 0.402054445 0.202577685 0.695293325 0.707265125 0.705213825 0.687250395
0.993226525 0.696304825 0.715526775 0.474494825 0.701382725 0.689503725 0.700873325 0.699347425 1.001543225 1.002303825 0.718387865 0.708292825 0.715526775 0.474683125 0.476002385 0.696557925 0.695798895 0.703423525 0.703168125 0 0.00696426099999994 0.709064565 0.487789675 0.710610425 0.698585585 0.694283265 0.176950665 0.719692025 0.704190275 0.705982325
0.997751425 0.695798895 0.716565925 0.474683125 0.701892425 0.691009775 0.701637465 0.700618825 1.004972225 1.005354225 0.719170125 0.709321995 0.716305995 0.474871445 0.476191025 0.697317625 0.696557925 0.703168125 0.703168125 0.00696426099999994 0 0.710094765 0.487215065 0.711642765 0.701127965 0.695040725 0.177837425 0.720736925 0.704957825 0.705213825
1.011877525 0.680035195 0.722831225 0.690256375 0.682515325 0.678303925 0.691009775 0.696304825 1.036559925 1.027061125 0.718387865 0.688751925 0.718909285 0.688251025 0.690005425 0.688000755 0.688751925 0.679540125 0.681770465 0.709064565 0.710094765 0 0.705213825 0.00394249999999994 0.692770625 0.677563225 0.698078175 0.720998425 0.715007725 0.691512485
1.042959925 0.694283265 0.713711755 0.336155225 0.698585585 0.695546125 0.711384525 0.703678985 1.025489625 1.023138525 0.722045125 0.702912765 0.720214265 0.336311775 0.338193045 0.716565925 0.715786425 0.712676525 0.714489065 0.487789675 0.487215065 0.705213825 0 0.708292825 0.705213825 0.712159475 0.478080205 0.723880485 0.717086025 0.710352555
1.014193525 0.682018655 0.726773725 0.690256375 0.684754525 0.681026325 0.692770625 0.698078175 1.039353125 1.029819125 0.722045125 0.689253025 0.722569065 0.689253025 0.691009775 0.689253025 0.690256375 0.681274225 0.683509725 0.710610425 0.711642765 0.00394249999999994 0.708292825 0 0.695040725 0.679540125 0.699093365 0.724405725 0.718648525 0.692770625
1.018458325 0.678056975 0.707778775 0.690256375 0.683261025 0.687000425 0.692770625 0.687250395 1.000024155 0.988355175 0.705469865 0.374369825 0.703423525 0.689754565 0.692770625 0.312881995 0.314857505 0.399324675 0.402054445 0.698585585 0.701127965 0.692770625 0.705213825 0.695040725 0 0.396774525 0.697064325 0.707521875 0.703678985 0.685502425
1.000403625 0.675591485 0.706495185 0.687250395 0.680282825 0.682763825 0.685751875 0.685751875 0.989102565 0.978337725 0.707778775 0.386994705 0.708292825 0.686500725 0.689503725 0.390857655 0.391194525 0.201399565 0.202577685 0.694283265 0.695040725 0.677563225 0.712159475 0.679540125 0.396774525 0 0.688000755 0.703678985 0.701892425 0.685003725
1.001543225 0.679787655 0.716305995 0.468308085 0.681274225 0.675837655 0.693022525 0.690758525 0.992099625 0.987608575 0.714489065 0.705726125 0.711126425 0.468121395 0.470177465 0.696811025 0.695798895 0.694535625 0.695293325 0.176950665 0.177837425 0.698078175 0.478080205 0.699093365 0.697064325 0.688000755 0 0.716825925 0.701892425 0.689253025
0.993978825 0.711384525 0.152660585 0.725194225 0.714748325 0.712676525 0.727828585 0.729413625 1.010337625 1.000024155 0.151313535 0.713193975 0.152905755 0.724143025 0.726246825 0.722569065 0.723093325 0.705213825 0.707265125 0.719692025 0.720736925 0.720998425 0.723880485 0.724405725 0.707521875 0.703678985 0.716825925 0 0.150702035 0.723093325
0.984629425 0.709321995 0.139779515 0.702402425 0.709837125 0.709321995 0.722307025 0.718387865 1.007266925 0.995108625 0.140141045 0.711642765 0.142193025 0.703168125 0.705213825 0.711126425 0.711901085 0.704701865 0.705213825 0.704190275 0.704957825 0.715007725 0.717086025 0.718648525 0.703678985 0.701892425 0.701892425 0.150702035 0 0.715526775
0.992850685 0.161041935 0.720736925 0.700109975 0.161537875 0.160174805 0.111871515 0.109784955 0.995485565 0.992475025 0.717346225 0.690005425 0.716825925 0.694535625 0.697064325 0.683509725 0.682515325 0.685253025 0.687250395 0.705982325 0.705213825 0.691512485 0.710352555 0.692770625 0.685502425 0.685003725 0.689253025 0.723093325 0.715526775 0
