0 1.0091523 0.6285719 0.5085462 0.5115071 0.6164175 0.62143886 0.6258027 0.56967896 0.5632941 0.7141975 0.62534213 0.71342045 0.5132893 0.5115071 0.7056938 0.70441365 0.610752 0.6103006 0.620981 0.62488186 1.0091523 0.45826077 1.0099207 0.61052626 0.6258027 0.5720337 0.46715635 0.4718316 0.6123341
1.0091523 0 0.9980974 0.9931942 0.9924427 0.990942 1.0003713 1.0083846 1.000751 0.99281836 1.0242808 0.9872032 1.0211525 1.025065 1.0227151 1.0060863 1.0087683 0.9962078 0.98496884 0.9842255 0.98348296 0.16511104 0.98794943 0.16299537 0.9775687 1.0022715 0.99734104 0.97720057 0.9611805 0.9898184
0.6285719 0.9980974 0 0.6216679 0.6205234 0.2955972 0.13662118 0.13794214 0.6235028 0.62373245 0.71186876 0.45421863 0.7173139 0.6283408 0.62488186 0.7186162 0.7196597 0.28367934 0.28631145 0.29057157 0.29293236 0.9931942 0.6198375 0.98907024 0.2830957 0.29396757 0.6255724 0.61256033 0.6180116 0.29027697
0.5085462 0.9931942 0.6216679 0 0.11778281 0.62075216 0.62075216 0.62258476 0.567971 0.5616006 0.7098048 0.6164175 0.71601385 0.23589608 0.23589608 0.7098048 0.71342045 0.6073731 0.60849774 0.61482686 0.61778367 0.9946995 0.51012385 0.9939465 0.6046809 0.61664504 0.56647974 0.5079554 0.51447976 0.6186958
0.5115071 0.9924427 0.6205234 0.11778281 0 0.6258027 0.61778367 0.6182396 0.57806134 0.56754464 0.71032023 0.61664504 0.7170537 0.23603305 0.23534843 0.70466954 0.70928967 0.614373 0.6121078 0.62258476 0.6262635 0.9958304 0.5150757 0.99131685 0.6037857 0.61391944 0.5754721 0.5156721 0.52226424 0.624192
0.6164175 0.990942 0.2955972 0.62075216 0.6258027 0 0.29663607 0.29856926 0.62189704 0.618924 0.7098048 0.45019814 0.7173139 0.62258476 0.618924 0.71835554 0.7207046 0.14179818 0.14337038 0.10180752 0.10249507 0.98907024 0.61346614 0.9845971 0.28748423 0.28939393 0.62810963 0.610075 0.62143886 0.1752743
0.62143886 1.0003713 0.13662118 0.62075216 0.61778367 0.29663607 0 0.08236115 0.6150539 0.6164175 0.7031358 0.4452932 0.7087749 0.62304366 0.6198375 0.7264779 0.7275324 0.28514048 0.28660446 0.28968817 0.29234147 0.98907024 0.6093986 0.9853408 0.28411737 0.2938196 0.6193806 0.604457 0.60692376 0.29027697
0.6258027 1.0083846 0.13794214 0.62258476 0.6182396 0.29856926 0.08236115 0 0.620981 0.6212099 0.70903224 0.45385224 0.71186876 0.620981 0.61960906 0.7241107 0.7251619 0.28719085 0.28968817 0.29411557 0.29619068 0.99961257 0.62373245 0.9943229 0.28222105 0.29782516 0.624192 0.6130131 0.6164175 0.2954489
0.56967896 1.000751 0.6235028 0.567971 0.57806134 0.62189704 0.6150539 0.620981 0 0.04661935 0.70697606 0.6216679 0.71083605 0.5709624 0.573751 0.71161044 0.71186876 0.610752 0.60849774 0.615281 0.6171003 1.0003713 0.55801463 0.9969631 0.6058015 0.6205234 0.1841697 0.556543 0.5632941 0.61778367
0.5632941 0.99281836 0.62373245 0.5616006 0.56754464 0.618924 0.6164175 0.6212099 0.04661935 0 0.7023701 0.6157354 0.70543754 0.56054413 0.5626586 0.7072328 0.7067194 0.6073731 0.6046809 0.6109778 0.61256033 0.9958304 0.55089366 0.990942 0.6040094 0.62235546 0.18174478 0.5473584 0.5523542 0.6132396
0.7141975 1.0242808 0.71186876 0.7098048 0.71032023 0.7098048 0.7031358 0.70903224 0.70697606 0.7023701 0 0.7126442 0.041000552 0.69855326 0.70109564 0.47540435 0.4720192 0.70160514 0.700841 0.70160514 0.70160514 1.0180373 0.6998234 1.01146 0.69779223 0.70466954 0.70774645 0.7051815 0.7018601 0.7026252
0.62534213 0.9872032 0.45421863 0.6164175 0.61664504 0.45019814 0.4452932 0.45385224 0.6216679 0.6157354 0.7126442 0 0.71316165 0.6276477 0.6244219 0.7056938 0.70748955 0.4355785 0.43539977 0.43916187 0.44240162 0.9764649 0.6006607 0.97352946 0.4361149 0.4443884 0.6132396 0.6060258 0.6091733 0.4398806
0.71342045 1.0211525 0.7173139 0.71601385 0.7170537 0.7173139 0.7087749 0.71186876 0.71083605 0.70543754 0.041000552 0.71316165 0 0.7031358 0.70466954 0.47899425 0.47427428 0.70903224 0.70928967 0.7139384 0.71367943 1.0176488 0.6988071 1.01146 0.7049255 0.71186876 0.71186876 0.7056938 0.7018601 0.7110941
0.5132893 1.025065 0.6283408 0.23589608 0.23603305 0.62258476 0.62304366 0.620981 0.5709624 0.56054413 0.69855326 0.6276477 0.7031358 0 0.039101817 0.71161044 0.7141975 0.6075979 0.60849774 0.6164175 0.61778367 1.0337447 0.5105188 1.0297868 0.6109778 0.61391944 0.5694652 0.5001224 0.51091397 0.6161901
0.5115071 1.0227151 0.62488186 0.23589608 0.23534843 0.618924 0.6198375 0.61960906 0.573751 0.5626586 0.70109564 0.6244219 0.70466954 0.039101817 0 0.70646286 0.7087749 0.60647464 0.60647464 0.61278665 0.6145999 1.0301816 0.5085462 1.0262426 0.6130131 0.6116556 0.567971 0.49973288 0.50933456 0.6164175
0.7056938 1.0060863 0.7186162 0.7098048 0.70466954 0.71835554 0.7264779 0.7241107 0.71161044 0.7072328 0.47540435 0.7056938 0.47899425 0.71161044 0.70646286 0 0.033016164 0.7141975 0.7157541 0.71161044 0.7129029 1.0068517 0.68796843 1.0037951 0.7220128 0.7243734 0.71083605 0.7023701 0.70109564 0.72148925
0.70441365 1.0087683 0.7196597 0.71342045 0.70928967 0.7207046 0.7275324 0.7251619 0.71186876 0.7067194 0.4720192 0.70748955 0.47427428 0.7141975 0.7087749 0.033016164 0 0.7173139 0.71992075 0.7139384 0.7165336 1.0034139 0.6932422 1.0003713 0.7264779 0.72489893 0.71006244 0.700841 0.70466954 0.723061
0.610752 0.9962078 0.28367934 0.6073731 0.614373 0.14179818 0.28514048 0.28719085 0.610752 0.6073731 0.70160514 0.4355785 0.70903224 0.6075979 0.60647464 0.7141975 0.7173139 0 0.031033278 0.13974719 0.13998818 0.99961257 0.60512894 0.99131685 0.27511612 0.27627152 0.610752 0.5955548 0.6093986 0.16511104
0.6103006 0.98496884 0.28631145 0.60849774 0.6121078 0.14337038 0.28660446 0.28968817 0.60849774 0.6046809 0.700841 0.43539977 0.70928967 0.60849774 0.60647464 0.7157541 0.71992075 0.031033278 0 0.14071167 0.14022927 0.98832285 0.60535306 0.9808897 0.27800795 0.27902275 0.60984945 0.5973268 0.61052626 0.16673292
0.620981 0.9842255 0.29057157 0.61482686 0.62258476 0.10180752 0.28968817 0.29411557 0.615281 0.6109778 0.70160514 0.43916187 0.7139384 0.6164175 0.61278665 0.71161044 0.7139384 0.13974719 0.14071167 0 0.020477012 0.98757625 0.61391944 0.982 0.28120193 0.28426346 0.6175558 0.60894805 0.6205234 0.1723744
0.62488186 0.98348296 0.29293236 0.61778367 0.6262635 0.10249507 0.29234147 0.29619068 0.6171003 0.61256033 0.70160514 0.44240162 0.71367943 0.61778367 0.6145999 0.7129029 0.7165336 0.13998818 0.14022927 0.020477012 0 0.99056727 0.61778367 0.9853408 0.28294984 0.28704423 0.6193806 0.6093986 0.62143886 0.17350781
1.0091523 0.16511104 0.9931942 0.9946995 0.9958304 0.98907024 0.98907024 0.99961257 1.0003713 0.9958304 1.0180373 0.9764649 1.0176488 1.0337447 1.0301816 1.0068517 1.0034139 0.99961257 0.98832285 0.98757625 0.99056727 0 0.9898184 0.020682575 0.9894442 1.0003713 0.9969631 0.9706055 0.95508146 0.99357027
0.45826077 0.98794943 0.6198375 0.51012385 0.5150757 0.61346614 0.6093986 0.62373245 0.55801463 0.55089366 0.6998234 0.6006607 0.6988071 0.5105188 0.5085462 0.68796843 0.6932422 0.60512894 0.60535306 0.61391944 0.61778367 0.9898184 0 0.9838541 0.59865856 0.62741685 0.56223524 0.28149295 0.2868976 0.6161901
1.0099207 0.16299537 0.98907024 0.9939465 0.99131685 0.9845971 0.9853408 0.9943229 0.9969631 0.990942 1.01146 0.97352946 1.01146 1.0297868 1.0262426 1.0037951 1.0003713 0.99131685 0.9808897 0.982 0.9853408 0.020682575 0.9838541 0 0.9857129 0.9924427 0.9924427 0.9669665 0.9497408 0.9857129
0.61052626 0.9775687 0.2830957 0.6046809 0.6037857 0.28748423 0.28411737 0.28222105 0.6058015 0.6040094 0.69779223 0.4361149 0.7049255 0.6109778 0.6130131 0.7220128 0.7264779 0.27511612 0.27800795 0.28120193 0.28294984 0.9894442 0.59865856 0.9857129 0 0.27728397 0.61256033 0.5997702 0.604457 0.28324157
0.6258027 1.0022715 0.29396757 0.61664504 0.61391944 0.28939393 0.2938196 0.29782516 0.6205234 0.62235546 0.70466954 0.4443884 0.71186876 0.61391944 0.6116556 0.7243734 0.72489893 0.27627152 0.27902275 0.28426346 0.28704423 1.0003713 0.62741685 0.9924427 0.27728397 0 0.62006605 0.6205234 0.6313514 0.28851193
0.5720337 0.99734104 0.6255724 0.56647974 0.5754721 0.62810963 0.6193806 0.624192 0.1841697 0.18174478 0.70774645 0.6132396 0.71186876 0.5694652 0.567971 0.71083605 0.71006244 0.610752 0.60984945 0.6175558 0.6193806 0.9969631 0.56223524 0.9924427 0.61256033 0.62006605 0 0.56054413 0.5624469 0.62304366
0.46715635 0.97720057 0.61256033 0.5079554 0.5156721 0.610075 0.604457 0.6130131 0.556543 0.5473584 0.7051815 0.6060258 0.7056938 0.5001224 0.49973288 0.7023701 0.700841 0.5955548 0.5973268 0.60894805 0.6093986 0.9706055 0.28149295 0.9669665 0.5997702 0.6205234 0.56054413 0 0.17174548 0.6075979
0.4718316 0.9611805 0.6180116 0.51447976 0.52226424 0.62143886 0.60692376 0.6164175 0.5632941 0.5523542 0.7018601 0.6091733 0.7018601 0.51091397 0.50933456 0.70109564 0.70466954 0.6093986 0.61052626 0.6205234 0.62143886 0.95508146 0.2868976 0.9497408 0.604457 0.6313514 0.5624469 0.17174548 0 0.61664504
0.6123341 0.9898184 0.29027697 0.6186958 0.624192 0.1752743 0.29027697 0.2954489 0.61778367 0.6132396 0.7026252 0.4398806 0.7110941 0.6161901 0.6164175 0.72148925 0.723061 0.16511104 0.16673292 0.1723744 0.17350781 0.99357027 0.6161901 0.9857129 0.28324157 0.28851193 0.62304366 0.6075979 0.61664504 0
