0 0.931862 0.931862 1.01069 1.0246727 0.7796917 0.78082377 0.79252714 0.7687426 0.7317652 0.7304399 0.7822413 0.7222747 0.7262145 0.7876524 0.7701374 0.7690214 0.77153486 0.78082377 0.7751804 0.782809 0.7859394 0.78879654 0.78195757 0.7280602 0.7354886 0.77405685 0.7836615 0.78565425 0.7805406
0.931862 0 0.207672 1.0011308 1.0091523 0.9167723 0.92909575 0.9086678 0.91439945 0.93151563 0.9304776 0.9110226 0.92359364 0.9232511 0.90231323 0.90766084 0.9046481 0.9123715 0.9127091 0.9225665 0.9259958 0.9113596 0.9063204 0.9110226 0.9073255 0.9150766 0.9249654 0.9069903 0.8937039 0.9053166
0.931862 0.207672 0 0.9827411 1.0041765 0.90665525 0.9174517 0.91575444 0.9232511 0.9342909 0.936379 0.9266836 0.9225665 0.9259958 0.91439945 0.9242792 0.9188122 0.9160936 0.91711193 0.9232511 0.9322085 0.9174517 0.9304776 0.92154074 0.91439945 0.9160936 0.9232511 0.9205164 0.9188122 0.91915274
1.01069 1.0011308 0.9827411 0 0.20359412 0.96010065 0.9768326 0.9709704 0.9768326 0.9831119 0.9931942 0.98683035 0.99734104 0.9943229 0.9783054 0.9980974 0.99281836 0.97170067 0.9669665 0.9853408 1.0003713 0.9768326 0.9946995 0.9816297 0.98496884 1.0126165 0.9872032 0.98051995 0.9626228 0.9746289
1.0246727 1.0091523 1.0041765 0.20359412 0 0.9842255 1.0060863 0.97720057 0.99923354 0.9924427 1.0003713 0.98348296 1.0015109 0.99923354 0.99281836 1.0053219 1.005704 0.990942 0.9853408 1.0053219 1.0087683 0.99658537 1.0188149 0.99923354 0.9838541 1.0188149 1.0080011 0.97352946 0.9655158 0.982
0.7796917 0.9167723 0.90665525 0.96010065 0.9842255 0 0.206881 0.6334428 0.34859294 0.7799746 0.7763057 0.6402217 0.7813905 0.7842303 0.63228023 0.7280602 0.7267414 0.34795654 0.35530797 0.72044325 0.721751 0.63019204 0.7330929 0.6332101 0.7706961 0.75411475 0.718095 0.6285719 0.6332101 0.6367077
0.78082377 0.92909575 0.9174517 0.9768326 1.0060863 0.206881 0 0.6262635 0.3487521 0.7799746 0.7796917 0.6320479 0.7853693 0.7853693 0.6221262 0.72489893 0.7167936 0.3481156 0.35226277 0.7157541 0.71887696 0.62075216 0.74110866 0.6221262 0.7757428 0.75056994 0.7167936 0.61687267 0.62603307 0.632745
0.79252714 0.9086678 0.91575444 0.9709704 0.97720057 0.6334428 0.6262635 0 0.61052626 0.7574018 0.76540554 0.50815225 0.76374257 0.75466156 0.18878588 0.72726864 0.7207046 0.6091733 0.61278665 0.69122875 0.6967787 0.1877576 0.72885257 0.19020207 0.762636 0.7620833 0.72148925 0.3172637 0.22718139 0.23275258
0.7687426 0.91439945 0.9232511 0.9768326 0.99923354 0.34859294 0.3487521 0.61052626 0 0.7693002 0.7751804 0.6311194 0.7681854 0.7620833 0.6171003 0.7082605 0.70415795 0.14603856 0.14725451 0.7005865 0.70774645 0.6118817 0.718095 0.61256033 0.75302225 0.7459595 0.70288044 0.6216679 0.62903446 0.6244219
0.7317652 0.93151563 0.9342909 0.9831119 0.9924427 0.7799746 0.7799746 0.7574018 0.7693002 0 0.13806233 0.761255 0.40820062 0.40339074 0.7690214 0.7902292 0.77153486 0.76651627 0.7757428 0.7746184 0.7876524 0.76846397 0.7723746 0.7673504 0.5982144 0.5979924 0.7862246 0.74353015 0.7690214 0.7681854
0.7304399 0.9304776 0.936379 0.9931942 1.0003713 0.7763057 0.7796917 0.76540554 0.7751804 0.13806233 0 0.7659607 0.40596363 0.39878163 0.7779968 0.7893693 0.7757428 0.761531 0.7706961 0.76374257 0.778279 0.7791263 0.7763057 0.7791263 0.5911431 0.5904835 0.7825251 0.75302225 0.7706961 0.77546155
0.7822413 0.9110226 0.9266836 0.98683035 0.98348296 0.6402217 0.6320479 0.50815225 0.6311194 0.761255 0.7659607 0 0.7845149 0.78110707 0.50953186 0.73495555 0.7325615 0.6369415 0.63881415 0.70415795 0.7049255 0.5091374 0.7397667 0.51091397 0.7593259 0.7723746 0.7251619 0.4946876 0.50090206 0.51190275
0.7222747 0.92359364 0.9225665 0.99734104 1.0015109 0.7813905 0.7853693 0.76374257 0.7681854 0.40820062 0.40596363 0.7845149 0 0.12365598 0.7687426 0.7830931 0.776869 0.7726547 0.77489936 0.75712734 0.76790696 0.7676286 0.77153486 0.76846397 0.5920233 0.59092313 0.7760242 0.7656831 0.7836615 0.776869
0.7262145 0.9232511 0.9259958 0.9943229 0.99923354 0.7842303 0.7853693 0.75466156 0.7620833 0.40339074 0.39878163 0.78110707 0.12365598 0 0.7673504 0.790803 0.78337723 0.7701374 0.7706961 0.761531 0.77153486 0.7631891 0.78650993 0.7701374 0.5935663 0.59180313 0.77405685 0.7579511 0.7746184 0.7709756
0.7876524 0.90231323 0.91439945 0.9783054 0.99281836 0.63228023 0.6221262 0.18878588 0.6171003 0.7690214 0.7779968 0.50953186 0.7687426 0.7673504 0 0.71992075 0.72122765 0.6175558 0.6193806 0.6960195 0.7013504 0.10836481 0.73709005 0.11021581 0.761531 0.76623845 0.7312348 0.32032305 0.23329833 0.23562221
0.7701374 0.90766084 0.9242792 0.9980974 1.0053219 0.7280602 0.72489893 0.72726864 0.7082605 0.7902292 0.7893693 0.73495555 0.7830931 0.790803 0.71992075 0 0.09473953 0.70441365 0.72018194 0.6198375 0.62396216 0.7243734 0.46399376 0.72253674 0.77489936 0.7822413 0.620981 0.7296458 0.7296458 0.74622995
0.7690214 0.9046481 0.9188122 0.99281836 1.005704 0.7267414 0.7167936 0.7207046 0.70415795 0.77153486 0.7757428 0.7325615 0.776869 0.78337723 0.72122765 0.09473953 0 0.70033205 0.70903224 0.624192 0.62996036 0.7220128 0.46121424 0.72148925 0.76512814 0.7765873 0.6175558 0.71887696 0.7157541 0.7421839
0.77153486 0.9123715 0.9160936 0.97170067 0.990942 0.34795654 0.3481156 0.6091733 0.14603856 0.76651627 0.761531 0.6369415 0.7726547 0.7701374 0.6175558 0.70441365 0.70033205 0 0.0787982 0.7026252 0.70774645 0.61278665 0.7196597 0.6132396 0.74353015 0.73789203 0.7049255 0.614373 0.6306556 0.6269553
0.78082377 0.9127091 0.91711193 0.9669665 0.9853408 0.35530797 0.35226277 0.61278665 0.14725451 0.7757428 0.7706961 0.63881415 0.77489936 0.7706961 0.6193806 0.72018194 0.70903224 0.0787982 0 0.7082605 0.7141975 0.6141462 0.72332335 0.6155082 0.750842 0.74406934 0.7126442 0.6132396 0.6369415 0.6294973
0.7751804 0.9225665 0.9232511 0.9853408 1.0053219 0.72044325 0.7157541 0.69122875 0.7005865 0.7746184 0.76374257 0.70415795 0.75712734 0.761531 0.6960195 0.6198375 0.624192 0.7026252 0.7082605 0 0.048110615 0.69198316 0.62926584 0.69425094 0.73735726 0.7456892 0.39487758 0.69576657 0.69906104 0.69753873
0.782809 0.9259958 0.9322085 1.0003713 1.0087683 0.721751 0.71887696 0.6967787 0.70774645 0.7876524 0.778279 0.7049255 0.76790696 0.77153486 0.7013504 0.62396216 0.62996036 0.70774645 0.7141975 0.048110615 0 0.7018601 0.63975227 0.7023701 0.74541897 0.7478545 0.3981012 0.6965256 0.7051815 0.700841
0.7859394 0.9113596 0.9174517 0.9768326 0.99658537 0.63019204 0.62075216 0.1877576 0.6118817 0.76846397 0.7791263 0.5091374 0.7676286 0.7631891 0.10836481 0.7243734 0.7220128 0.61278665 0.6141462 0.69198316 0.7018601 0 0.73815954 0.023463218 0.7620833 0.7629125 0.72568804 0.32185742 0.23384447 0.23617005
0.78879654 0.9063204 0.9304776 0.9946995 1.0188149 0.7330929 0.74110866 0.72885257 0.718095 0.7723746 0.7763057 0.7397667 0.77153486 0.78650993 0.73709005 0.46399376 0.46121424 0.7196597 0.72332335 0.62926584 0.63975227 0.73815954 0 0.73789203 0.7527494 0.7598766 0.6306556 0.7296458 0.74677104 0.7432607
0.78195757 0.9110226 0.92154074 0.9816297 0.99923354 0.6332101 0.6221262 0.19020207 0.61256033 0.7673504 0.7791263 0.51091397 0.76846397 0.7701374 0.11021581 0.72253674 0.72148925 0.6132396 0.6155082 0.69425094 0.7023701 0.023463218 0.73789203 0 0.7607034 0.7620833 0.7243734 0.32401082 0.23630708 0.23767869
0.7280602 0.9073255 0.91439945 0.98496884 0.9838541 0.7706961 0.7757428 0.762636 0.75302225 0.5982144 0.5911431 0.7593259 0.5920233 0.5935663 0.761531 0.77489936 0.76512814 0.74353015 0.750842 0.73735726 0.74541897 0.7620833 0.7527494 0.7607034 0 0.4393415 0.76042765 0.7585007 0.7723746 0.756853
0.7354886 0.9150766 0.9160936 1.0126165 1.0188149 0.75411475 0.75056994 0.7620833 0.7459595 0.5979924 0.5904835 0.7723746 0.59092313 0.59180313 0.76623845 0.7822413 0.7765873 0.73789203 0.74406934 0.7456892 0.7478545 0.7629125 0.7598766 0.7620833 0.4393415 0 0.7524766 0.7524766 0.7726547 0.7729349
0.77405685 0.9249654 0.9232511 0.9872032 1.0080011 0.718095 0.7167936 0.72148925 0.70288044 0.7862246 0.7825251 0.7251619 0.7760242 0.77405685 0.7312348 0.620981 0.6175558 0.7049255 0.7126442 0.39487758 0.3981012 0.72568804 0.6306556 0.7243734 0.76042765 0.7524766 0 0.72253674 0.7275324 0.72384816
0.7836615 0.9069903 0.9205164 0.98051995 0.97352946 0.6285719 0.61687267 0.3172637 0.6216679 0.74353015 0.75302225 0.4946876 0.7656831 0.7579511 0.32032305 0.7296458 0.71887696 0.614373 0.6132396 0.69576657 0.6965256 0.32185742 0.7296458 0.32401082 0.7585007 0.7524766 0.72253674 0 0.31955704 0.32401082
0.78565425 0.8937039 0.9188122 0.9626228 0.9655158 0.6332101 0.62603307 0.22718139 0.62903446 0.7690214 0.7706961 0.50090206 0.7836615 0.7746184 0.23329833 0.7296458 0.7157541 0.6306556 0.6369415 0.69906104 0.7051815 0.23384447 0.74677104 0.23630708 0.7723746 0.7726547 0.7275324 0.31955704 0 0.23603305
0.7805406 0.9053166 0.91915274 0.9746289 0.982 0.6367077 0.632745 0.23275258 0.6244219 0.7681854 0.77546155 0.51190275 0.776869 0.7709756 0.23562221 0.74622995 0.7421839 0.6269553 0.6294973 0.69753873 0.700841 0.23617005 0.7432607 0.23767869 0.756853 0.7729349 0.72384816 0.32401082 0.23603305 0
