0 0.7623596 0.571605 0.7481256 0.75165886 0.74353015 0.73923063 0.7590508 0.7524766 0.5533992 0.761531 0.5531901 0.7593259 0.7590508 0.75960124 0.7502979 0.7486681 0.5624469 0.5586462 0.75466156 0.75302225 0.99281836 0.9931942 0.99131685 1.0095364 0.75520885 0.98794943 1.0270288 1.0133885 0.7419149
0.7623596 0 0.7676286 0.6437523 0.49546158 0.4336149 0.43414992 0.65038735 0.64328057 0.7400349 0.49876 0.756853 0.49856558 0.27151692 0.2699387 0.43094555 0.42952576 0.7494826 0.7448788 0.49914902 0.49934357 0.9768326 0.9857129 0.9753628 0.9764649 0.43165645 0.9691478 0.99923354 0.9853408 0.28294984
0.571605 0.7676286 0 0.7734957 0.761255 0.761255 0.7554826 0.76707226 0.76374257 0.2585598 0.761531 0.51210064 0.75822586 0.7400349 0.7365559 0.77153486 0.76512814 0.2609634 0.25743133 0.7481256 0.74921095 1.0110749 0.99961257 1.01069 1.0227151 0.7563045 0.97316337 1.0015109 0.97352946 0.7429914
0.7481256 0.6437523 0.7734957 0 0.6276477 0.6294973 0.6304238 0.22664008 0.22138256 0.7296458 0.65181684 0.73575526 0.6444604 0.62649405 0.627186 0.6297288 0.6276477 0.74164605 0.7333587 0.64469653 0.64587855 0.9939465 1.0091523 0.99281836 0.9939465 0.6304238 0.98869646 1.0274222 1.000751 0.61664504
0.75165886 0.49546158 0.761255 0.6276477 0 0.4788049 0.4820307 0.6357735 0.6360069 0.7333587 0.19149184 0.75411475 0.18801454 0.4935281 0.4927561 0.47899425 0.4771027 0.73602206 0.7325615 0.40940794 0.40889028 0.9608204 0.95794547 0.9604604 0.9779369 0.46977088 0.98348296 1.0095364 0.98051995 0.48507947
0.74353015 0.4336149 0.761255 0.6294973 0.4788049 0 0.16287111 0.6360069 0.62603307 0.7330929 0.49044484 0.7376246 0.48679987 0.42229128 0.42669424 0.24916099 0.24846429 0.7341567 0.7280602 0.48488855 0.48546144 0.9680563 0.9687838 0.9666036 0.9709704 0.39369342 0.9831119 0.9977191 0.99056727 0.42194015
0.73923063 0.43414992 0.7554826 0.6304238 0.4820307 0.16287111 0 0.63857985 0.62787867 0.72885257 0.4927561 0.7456892 0.48986816 0.4313009 0.43272406 0.25055632 0.2511152 0.7275324 0.72384816 0.49121448 0.49063718 0.9816297 0.9644296 0.97978103 0.9695119 0.39606363 0.9783054 0.99999183 0.99056727 0.42334563
0.7590508 0.65038735 0.76707226 0.22664008 0.6357735 0.6360069 0.63857985 0 0.11626329 0.7346892 0.65444463 0.7427221 0.64824826 0.62996036 0.6311194 0.6442242 0.6413967 0.7481256 0.74057156 0.64872307 0.64991146 0.9845971 0.99999183 0.9857129 1.002652 0.6390486 0.98794943 1.0160967 0.9980974 0.6228142
0.7524766 0.64328057 0.76374257 0.22138256 0.6360069 0.62603307 0.62787867 0.11626329 0 0.7312348 0.6515784 0.7346892 0.6461152 0.6285719 0.6294973 0.6364741 0.6334428 0.74353015 0.73789203 0.6374092 0.63928306 0.9713354 0.99961257 0.97206604 1.0011308 0.6353068 0.98348296 1.0087683 0.9901927 0.6216679
0.5533992 0.7400349 0.2585598 0.7296458 0.7333587 0.7330929 0.72885257 0.7346892 0.7312348 0 0.7478545 0.4935281 0.7429914 0.723061 0.7207046 0.7365559 0.73575526 0.084372774 0.08381345 0.73789203 0.7400349 0.98869646 0.97941184 0.9860852 0.98794943 0.7264779 0.9738958 0.98907024 0.9615409 0.723061
0.761531 0.49876 0.761531 0.65181684 0.19149184 0.49044484 0.4927561 0.65444463 0.6515784 0.7478545 0 0.75767636 0.088074826 0.4921776 0.49063718 0.48929188 0.48507947 0.74650043 0.74514884 0.41878742 0.41983685 0.982 0.9827411 0.97867405 0.9939465 0.4723946 0.9924427 1.0080011 0.99281836 0.48756576
0.5531901 0.756853 0.51210064 0.73575526 0.75411475 0.7376246 0.7456892 0.7427221 0.7346892 0.4935281 0.75767636 0 0.75520885 0.74057156 0.7419149 0.7397667 0.7365559 0.5032458 0.5018777 0.75138646 0.75411475 0.96226203 0.98496884 0.9611805 0.97206604 0.7394986 0.95866317 0.97720057 0.9662408 0.7325615
0.7593259 0.49856558 0.75822586 0.6444604 0.18801454 0.48679987 0.48986816 0.64824826 0.6461152 0.7429914 0.088074826 0.75520885 0 0.4890999 0.4881407 0.48967603 0.4856525 0.7432607 0.7413773 0.41529983 0.41651866 0.9706055 0.9738958 0.9687838 0.98907024 0.47672495 1.000751 1.01069 0.98645765 0.48317254
0.7590508 0.27151692 0.7400349 0.62649405 0.4935281 0.42229128 0.4313009 0.62996036 0.6285719 0.723061 0.4921776 0.74057156 0.4890999 0 0.047790807 0.42598802 0.42492995 0.72885257 0.7243734 0.48718274 0.48833245 0.98683035 0.99056727 0.98757625 0.9946995 0.43183428 0.98907024 1.0164845 1.000751 0.2825125
0.75960124 0.2699387 0.7365559 0.627186 0.4927561 0.42669424 0.43272406 0.6311194 0.6294973 0.7207046 0.49063718 0.7419149 0.4881407 0.047790807 0 0.43165645 0.4297031 0.72700495 0.7227989 0.4820307 0.483363 0.98869646 0.9901927 0.9894442 0.99734104 0.43165645 0.9845971 1.0195932 0.99847597 0.27960324
0.7502979 0.43094555 0.77153486 0.6297288 0.47899425 0.24916099 0.25055632 0.6442242 0.6364741 0.7365559 0.48929188 0.7397667 0.48967603 0.42598802 0.43165645 0 0.033748023 0.7386949 0.7328271 0.4820307 0.483363 0.9655158 0.9738958 0.9662408 0.97024083 0.39572456 0.97867405 1.0072346 0.98907024 0.4207125
0.7486681 0.42952576 0.76512814 0.6276477 0.4771027 0.24846429 0.2511152 0.6413967 0.6334428 0.73575526 0.48507947 0.7365559 0.4856525 0.42492995 0.4297031 0.033748023 0 0.73495555 0.7293813 0.48032117 0.48146042 0.96406794 0.9827411 0.9626228 0.9698763 0.39234236 0.98348296 1.0060863 0.98832285 0.41739044
0.5624469 0.7494826 0.2609634 0.74164605 0.73602206 0.7341567 0.7275324 0.7481256 0.74353015 0.084372774 0.74650043 0.5032458 0.7432607 0.72885257 0.72700495 0.7386949 0.73495555 0 0.02884775 0.74514884 0.7473126 0.99734104 0.9977191 0.99658537 1.0034139 0.7301751 0.9775687 0.9943229 0.9790429 0.72726864
0.5586462 0.7448788 0.25743133 0.7333587 0.7325615 0.7280602 0.72384816 0.74057156 0.73789203 0.08381345 0.74514884 0.5018777 0.7413773 0.7243734 0.7227989 0.7328271 0.7293813 0.02884775 0 0.7344229 0.73735726 0.9962078 0.990942 0.9946995 1.0015109 0.7280602 0.9713354 0.99056727 0.9738958 0.7241107
0.75466156 0.49914902 0.7481256 0.64469653 0.40940794 0.48488855 0.49121448 0.64872307 0.6374092 0.73789203 0.41878742 0.75138646 0.41529983 0.48718274 0.4820307 0.4820307 0.48032117 0.74514884 0.7344229 0 0.017912205 0.96841997 1.0015109 0.9666036 0.98645765 0.47956264 0.9860852 0.9931942 0.99169195 0.48032117
0.75302225 0.49934357 0.74921095 0.64587855 0.40889028 0.48546144 0.49063718 0.64991146 0.63928306 0.7400349 0.41983685 0.75411475 0.41651866 0.48833245 0.483363 0.483363 0.48146042 0.7473126 0.73735726 0.017912205 0 0.96769285 1.002652 0.9655158 0.9845971 0.4788049 0.99131685 1.002652 0.9946995 0.47937313
0.99281836 0.9768326 1.0110749 0.9939465 0.9608204 0.9680563 0.9816297 0.9845971 0.9713354 0.98869646 0.982 0.96226203 0.9706055 0.98683035 0.98869646 0.9655158 0.96406794 0.99734104 0.9962078 0.96841997 0.96769285 0 0.4995382 0.010777061 0.5111116 0.97024083 0.67926043 0.68721807 0.68571955 0.9680563
0.9931942 0.9857129 0.99961257 1.0091523 0.95794547 0.9687838 0.9644296 0.99999183 0.99961257 0.97941184 0.9827411 0.98496884 0.9738958 0.99056727 0.9901927 0.9738958 0.9827411 0.9977191 0.990942 1.0015109 1.002652 0.4995382 0 0.4983712 0.4049334 0.98237044 0.6932422 0.7033912 0.6967787 0.97024083
0.99131685 0.9753628 1.01069 0.99281836 0.9604604 0.9666036 0.97978103 0.9857129 0.97206604 0.9860852 0.97867405 0.9611805 0.9687838 0.98757625 0.9894442 0.9662408 0.9626228 0.99658537 0.9946995 0.9666036 0.9655158 0.010777061 0.4983712 0 0.5103213 0.9706055 0.6812419 0.6904751 0.6852207 0.9662408
1.0095364 0.9764649 1.0227151 0.9939465 0.9779369 0.9709704 0.9695119 1.002652 1.0011308 0.98794943 0.9939465 0.97206604 0.98907024 0.9946995 0.99734104 0.97024083 0.9698763 1.0034139 1.0015109 0.98645765 0.9845971 0.5111116 0.4049334 0.5103213 0 0.98125964 0.6887196 0.70109564 0.69804585 0.9827411
0.75520885 0.43165645 0.7563045 0.6304238 0.46977088 0.39369342 0.39606363 0.6390486 0.6353068 0.7264779 0.4723946 0.7394986 0.47672495 0.43183428 0.43165645 0.39572456 0.39234236 0.7301751 0.7280602 0.47956264 0.4788049 0.97024083 0.98237044 0.9706055 0.98125964 0 0.96841997 0.9838541 0.97316337 0.41913706
0.98794943 0.9691478 0.97316337 0.98869646 0.98348296 0.9831119 0.9783054 0.98794943 0.98348296 0.9738958 0.9924427 0.95866317 1.000751 0.98907024 0.9845971 0.97867405 0.98348296 0.9775687 0.9713354 0.9860852 0.99131685 0.67926043 0.6932422 0.6812419 0.6887196 0.96841997 0 0.38897535 0.38512188 0.9783054
1.0270288 0.99923354 1.0015109 1.0274222 1.0095364 0.9977191 0.99999183 1.0160967 1.0087683 0.98907024 1.0080011 0.97720057 1.01069 1.0164845 1.0195932 1.0072346 1.0060863 0.9943229 0.99056727 0.9931942 1.002652 0.68721807 0.7033912 0.6904751 0.70109564 0.9838541 0.38897535 0 0.35098425 0.98794943
1.0133885 0.9853408 0.97352946 1.000751 0.98051995 0.99056727 0.99056727 0.9980974 0.9901927 0.9615409 0.99281836 0.9662408 0.98645765 1.000751 0.99847597 0.98907024 0.98832285 0.9790429 0.9738958 0.99169195 0.9946995 0.68571955 0.6967787 0.6852207 0.69804585 0.97316337 0.38512188 0.35098425 0 0.97978103
0.7419149 0.28294984 0.7429914 0.61664504 0.48507947 0.42194015 0.42334563 0.6228142 0.6216679 0.723061 0.48756576 0.7325615 0.48317254 0.2825125 0.27960324 0.4207125 0.41739044 0.72726864 0.7241107 0.48032117 0.47937313 0.9680563 0.97024083 0.9662408 0.9827411 0.41913706 0.9783054 0.98794943 0.97978103 0
