0 0.80851924 0.8094014 0.8088132 0.8191745 0.9709704 0.9709704 0.8096957 0.8055861 0.9695119 0.99658537 0.8156059 0.6748211 0.81353205 0.81353205 0.6723661 0.6684547 0.82395923 0.831194 0.8055861 0.8203678 0.9565121 0.99658537 0.9658782 0.8023729 0.80529344 0.80910724 0.6489606 0.63998693 0.97316337
0.80851924 0 0.24568392 0.7193987 0.71601385 0.9680563 0.9727974 0.5289148 0.53134793 0.96334505 0.97206604 0.59004414 0.800626 0.58697575 0.59092313 0.8000446 0.79425526 0.732296 0.7291169 0.59533364 0.59910303 0.9746289 0.9845971 0.97426224 0.7167936 0.5354207 0.53951573 0.8209652 0.8105793 0.9801504
0.8094014 0.24568392 0 0.7328271 0.7280602 0.9783054 0.9816297 0.52729714 0.5291173 0.96010065 0.97426224 0.5962188 0.7980132 0.59004414 0.59092313 0.7956984 0.79339075 0.7543881 0.75603044 0.5968834 0.5999927 0.99885464 0.99885464 0.9969631 0.7419149 0.530536 0.5344004 0.81709075 0.81087404 0.99734104
0.8088132 0.7193987 0.7328271 0 0.19758363 0.9764649 0.9695119 0.7362889 0.74677104 0.9669665 0.9783054 0.73149997 0.81382793 0.72779626 0.7129029 0.8156059 0.80705124 0.43147868 0.43201217 0.7023701 0.71601385 0.9931942 1.0141612 0.98794943 0.4147781 0.7338906 0.7609791 0.83849925 0.8194727 0.98757625
0.8191745 0.71601385 0.7280602 0.19758363 0 0.9808897 0.97867405 0.7325615 0.7494826 0.9872032 0.9980974 0.7293813 0.8105793 0.7330929 0.72148925 0.81768554 0.8076381 0.43539977 0.43593606 0.71212715 0.7251619 1.0076177 1.01069 1.000751 0.41321507 0.71992075 0.7432607 0.8351422 0.814124 0.99885464
0.9709704 0.9680563 0.9783054 0.9764649 0.9808897 0 0.18711564 0.9669665 0.95472425 0.87677604 0.8729233 0.9572284 0.9658782 0.9504507 0.9360306 0.9673296 0.97243166 0.99847597 0.9857129 0.9557965 0.94903165 0.8848668 0.8956819 0.88616943 0.9746289 0.9583042 0.9775687 0.990942 0.95866317 0.2519543
0.9709704 0.9727974 0.9816297 0.9695119 0.97867405 0.18711564 0 0.9706055 0.9655158 0.8787099 0.8726031 0.97352946 0.9611805 0.9662408 0.9483231 0.96010065 0.97206604 0.9768326 0.96406794 0.9615409 0.96226203 0.8754896 0.90264636 0.8787099 0.97867405 0.9687838 0.982 0.97978103 0.9575869 0.26068023
0.8096957 0.5289148 0.52729714 0.7362889 0.7325615 0.9669665 0.9706055 0 0.16735767 0.9557965 0.9626228 0.58653843 0.82276016 0.5977705 0.5999927 0.82186216 0.8251602 0.73575526 0.7446089 0.59954774 0.6015522 0.9709704 1.0037951 0.9738958 0.7301751 0.34891135 0.294856 0.829681 0.81323624 0.982
0.8055861 0.53134793 0.5291173 0.74677104 0.7494826 0.95472425 0.9655158 0.16735767 0 0.9611805 0.9655158 0.58982456 0.8224607 0.5975486 0.6040094 0.8272665 0.82546073 0.75302225 0.7543881 0.6017752 0.6040094 0.97170067 0.9950763 0.97206604 0.7368229 0.356433 0.29130852 0.8339251 0.8194727 0.96010065
0.9695119 0.96334505 0.96010065 0.9669665 0.9872032 0.87677604 0.8787099 0.9557965 0.9611805 0 0.13878395 0.95294064 0.9713354 0.9680563 0.9608204 0.9615409 0.97573 0.99734104 0.99169195 0.9746289 0.9669665 0.5202605 0.48603475 0.5190608 0.9783054 0.9554389 0.9842255 0.9950763 0.96010065 0.87677604
0.99658537 0.97206604 0.97426224 0.9783054 0.9980974 0.8729233 0.8726031 0.9626228 0.9655158 0.13878395 0 0.95294064 0.98683035 0.9872032 0.982 0.98496884 0.9939465 1.0176488 1.0030329 0.9775687 0.9691478 0.5204606 0.491022 0.5202605 0.98125964 0.96769285 0.9950763 1.0072346 0.97499573 0.88226825
0.8156059 0.59004414 0.5962188 0.73149997 0.7293813 0.9572284 0.97352946 0.58653843 0.58982456 0.95294064 0.95294064 0 0.8055861 0.5750415 0.5733213 0.8094014 0.80295604 0.7235857 0.72832423 0.5724627 0.5767656 0.97978103 0.9801504 0.9831119 0.7175742 0.5902638 0.58631986 0.82276016 0.81977093 1.000751
0.6748211 0.800626 0.7980132 0.81382793 0.8105793 0.9658782 0.9611805 0.82276016 0.8224607 0.9713354 0.98683035 0.8055861 0 0.8156059 0.80705124 0.13112226 0.13147967 0.8375822 0.8474224 0.80910724 0.81353205 0.98645765 0.9853408 0.9808897 0.80646485 0.80705124 0.81590265 0.67580533 0.6604514 0.95866317
0.81353205 0.58697575 0.59004414 0.72779626 0.7330929 0.9504507 0.9662408 0.5977705 0.5975486 0.9680563 0.9872032 0.5750415 0.8156059 0 0.1130009 0.81323624 0.8094014 0.7376246 0.7312348 0.23138992 0.23384447 0.99281836 0.9901927 0.9845971 0.7291169 0.5902638 0.5955548 0.8203678 0.80324787 0.97720057
0.81353205 0.59092313 0.59092313 0.7129029 0.72148925 0.9360306 0.9483231 0.5999927 0.6040094 0.9608204 0.982 0.5733213 0.80705124 0.1130009 0 0.8099901 0.8094014 0.7262145 0.7186162 0.2341177 0.23685543 0.98683035 0.9827411 0.98237044 0.72332335 0.59180313 0.5955548 0.81323624 0.79483217 0.96298385
0.6723661 0.8000446 0.7956984 0.8156059 0.81768554 0.9673296 0.96010065 0.82186216 0.8272665 0.9615409 0.98496884 0.8094014 0.13112226 0.81323624 0.8099901 0 0.084037125 0.8351422 0.8461853 0.80617183 0.80910724 0.9842255 0.98348296 0.98125964 0.81590265 0.82066643 0.82606214 0.6745752 0.6582834 0.9662408
0.6684547 0.79425526 0.79339075 0.80705124 0.8076381 0.97243166 0.97206604 0.8251602 0.82546073 0.97573 0.9939465 0.80295604 0.13147967 0.8094014 0.8094014 0.084037125 0 0.82907665 0.8381934 0.806758 0.8105793 0.98832285 0.97352946 0.9808897 0.806758 0.8102846 0.81857854 0.67629796 0.6592462 0.97426224
0.82395923 0.732296 0.7543881 0.43147868 0.43539977 0.99847597 0.9768326 0.73575526 0.75302225 0.99734104 1.0176488 0.7235857 0.8375822 0.7376246 0.7262145 0.8351422 0.82907665 0 0.0799098 0.7235857 0.7341567 1.005704 1.0015109 0.9980974 0.39048862 0.742453 0.75767636 0.85270303 0.83180004 1.0180373
0.831194 0.7291169 0.75603044 0.43201217 0.43593606 0.9857129 0.96406794 0.7446089 0.7543881 0.99169195 1.0030329 0.72832423 0.8474224 0.7312348 0.7186162 0.8461853 0.8381934 0.0799098 0 0.7241107 0.7344229 0.9950763 0.99056727 0.9939465 0.3950469 0.7448788 0.75767636 0.8517685 0.8381934 1.0080011
0.8055861 0.59533364 0.5968834 0.7023701 0.71212715 0.9557965 0.9615409 0.59954774 0.6017752 0.9746289 0.9775687 0.5724627 0.80910724 0.23138992 0.2341177 0.80617183 0.806758 0.7235857 0.7241107 0 0.05604266 0.9924427 0.9977191 0.98683035 0.718095 0.5977705 0.5997702 0.8055861 0.7977235 0.9608204
0.8203678 0.59910303 0.5999927 0.71601385 0.7251619 0.94903165 0.96226203 0.6015522 0.6040094 0.9669665 0.9691478 0.5767656 0.81353205 0.23384447 0.23685543 0.80910724 0.8105793 0.7341567 0.7344229 0.05604266 0 0.9924427 0.9950763 0.98794943 0.72779626 0.60625017 0.6073731 0.81738806 0.80529344 0.9590223
0.9565121 0.9746289 0.99885464 0.9931942 1.0076177 0.8848668 0.8754896 0.9709704 0.97170067 0.5202605 0.5204606 0.97978103 0.98645765 0.99281836 0.98683035 0.9842255 0.98832285 1.005704 0.9950763 0.9924427 0.9924427 0 0.5258845 0.046832204 0.9816297 0.97609735 0.9827411 0.9931942 0.98051995 0.8910746
0.99658537 0.9845971 0.99885464 1.0141612 1.01069 0.8956819 0.90264636 1.0037951 0.9950763 0.48603475 0.491022 0.9801504 0.9853408 0.9901927 0.9827411 0.98348296 0.97352946 1.0015109 0.99056727 0.9977191 0.9950763 0.5258845 0 0.5266914 0.99734104 0.9950763 1.018426 1.0015109 0.98348296 0.8983274
0.9658782 0.97426224 0.9969631 0.98794943 1.000751 0.88616943 0.8787099 0.9738958 0.97206604 0.5190608 0.5202605 0.9831119 0.9808897 0.9845971 0.98237044 0.98125964 0.9808897 0.9980974 0.9939465 0.98683035 0.98794943 0.046832204 0.5266914 0 0.97867405 0.9808897 0.9845971 0.99056727 0.97499573 0.8910746
0.8023729 0.7167936 0.7419149 0.4147781 0.41321507 0.9746289 0.97867405 0.7301751 0.7368229 0.9783054 0.98125964 0.7175742 0.80646485 0.7291169 0.72332335 0.81590265 0.806758 0.39048862 0.3950469 0.718095 0.72779626 0.9816297 0.99734104 0.97867405 0 0.7330929 0.7486681 0.8272665 0.8114639 1.002652
0.80529344 0.5354207 0.530536 0.7338906 0.71992075 0.9583042 0.9687838 0.34891135 0.356433 0.9554389 0.96769285 0.5902638 0.80705124 0.5902638 0.59180313 0.82066643 0.8102846 0.742453 0.7448788 0.5977705 0.60625017 0.97609735 0.9950763 0.9808897 0.7330929 0 0.35917228 0.8339251 0.8147164 0.9764649
0.80910724 0.53951573 0.5344004 0.7609791 0.7432607 0.9775687 0.982 0.294856 0.29130852 0.9842255 0.9950763 0.58631986 0.81590265 0.5955548 0.5955548 0.82606214 0.81857854 0.75767636 0.75767636 0.5997702 0.6073731 0.9827411 1.018426 0.9845971 0.7486681 0.35917228 0 0.8354467 0.8272665 0.97941184
0.6489606 0.8209652 0.81709075 0.83849925 0.8351422 0.990942 0.97978103 0.829681 0.8339251 0.9950763 1.0072346 0.82276016 0.67580533 0.8203678 0.81323624 0.6745752 0.67629796 0.85270303 0.8517685 0.8055861 0.81738806 0.9931942 1.0015109 0.99056727 0.8272665 0.8339251 0.8354467 0 0.26209718 0.97720057
0.63998693 0.8105793 0.81087404 0.8194727 0.814124 0.95866317 0.9575869 0.81323624 0.8194727 0.96010065 0.97499573 0.81977093 0.6604514 0.80324787 0.79483217 0.6582834 0.6592462 0.83180004 0.8381934 0.7977235 0.80529344 0.98051995 0.98348296 0.97499573 0.8114639 0.8147164 0.8272665 0.26209718 0 0.96010065
0.97316337 0.9801504 0.99734104 0.98757625 0.99885464 0.2519543 0.26068023 0.982 0.96010065 0.87677604 0.88226825 1.000751 0.95866317 0.97720057 0.96298385 0.9662408 0.97426224 1.0180373 1.0080011 0.9608204 0.9590223 0.8910746 0.8983274 0.8910746 1.002652 0.9764649 0.97941184 0.97720057 0.96010065 0
