0 0.62465185 0.62511194 0.62373245 0.89766514 0.90665525 0.8897634 0.9229087 0.9188122 0.9898184 0.91813165 0.81323624 0.9113596 0.98125964 0.98869646 0.9133848 0.90933985 0.90665525 0.91406107 0.9046481 0.90900373 0.79598737 0.9831119 0.79627645 0.6269553 0.6212099 0.97316337 0.9059856 0.9013148 0.6336756
0.62465185 0 0.46325153 0.4656664 0.93151563 0.94903165 0.9167723 0.9593815 0.9557965 0.9962078 0.96298385 0.83697146 0.9666036 1.0060863 1.0011308 0.9536536 0.9483231 0.9222244 0.92771643 0.9249654 0.9256522 0.82156307 1.0149349 0.8200693 0.4400604 0.4336149 0.9943229 0.96406794 0.9662408 0.2522342
0.62511194 0.46325153 0 0.21602827 0.9150766 0.9229087 0.9150766 0.927372 0.9256522 1.0022715 0.9402225 0.8203678 0.9346385 1.0030329 1.0064689 0.9232511 0.91575444 0.9184719 0.91983426 0.92393637 0.9218825 0.8114639 1.000751 0.8094014 0.4718316 0.4628807 1.0103053 0.94373375 0.93672764 0.4714565
0.62373245 0.4656664 0.21602827 0 0.91949344 0.9205164 0.91949344 0.928061 0.9301319 0.9827411 0.93672764 0.82186216 0.9353342 0.9872032 0.99281836 0.9232511 0.9113596 0.9188122 0.9218825 0.92119914 0.9218825 0.814124 0.98496884 0.81382793 0.47766966 0.4656664 0.9901927 0.9349863 0.9184719 0.48146042
0.89766514 0.93151563 0.9150766 0.91949344 0 0.71445674 0.15940003 0.72044325 0.721751 1.0133885 0.7259512 0.9342909 0.72044325 0.99545324 1.0076177 0.71445674 0.7149754 0.15890548 0.16162959 0.16423915 0.16473724 0.93568236 0.9946995 0.93777436 0.9304776 0.94092345 1.0060863 0.71186876 0.7141975 0.9504507
0.90665525 0.94903165 0.9229087 0.9205164 0.71445674 0 0.7072328 0.17679176 0.16873392 1.015322 0.31802738 0.9395222 0.32032305 1.0141612 1.0258498 0.16311966 0.16001868 0.7170537 0.7191378 0.71186876 0.71549445 0.93987226 0.9943229 0.9395222 0.9335961 0.9188122 1.0168724 0.31558636 0.31940395 0.9522284
0.8897634 0.9167723 0.9150766 0.91949344 0.15940003 0.7072328 0 0.71212715 0.70774645 0.9924427 0.70595 0.91779155 0.7031358 0.9779369 0.9943229 0.70928967 0.70928967 0.14095297 0.14518856 0.14300726 0.14300726 0.91983426 0.9872032 0.9222244 0.91711193 0.9184719 1.0015109 0.7049255 0.7051815 0.94549555
0.9229087 0.9593815 0.927372 0.928061 0.72044325 0.17679176 0.71212715 0 0.10778731 1.0095364 0.32771683 0.95508146 0.33113015 0.99847597 1.014548 0.18148997 0.17869289 0.723061 0.7280602 0.7207046 0.72122765 0.9568702 1.0030329 0.9557965 0.932902 0.91473794 1.0157093 0.32694325 0.32833627 0.9500957
0.9188122 0.9557965 0.9256522 0.9301319 0.721751 0.16873392 0.70774645 0.10778731 0 1.0037951 0.3237028 0.94267863 0.32354885 0.99734104 1.0068517 0.1732558 0.17224857 0.72568804 0.7304399 0.72384816 0.7254249 0.9472615 1.0060863 0.9465546 0.931862 0.92017525 1.0141612 0.3181802 0.3241649 0.9536536
0.9898184 0.9962078 1.0022715 0.9827411 1.0133885 1.015322 0.9924427 1.0095364 1.0037951 0 0.99658537 0.99885464 1.005704 0.08091166 0.08213797 1.0122308 1.01069 0.9958304 1.0053219 1.0022715 1.0060863 1.0087683 0.48355353 1.0083846 0.99847597 1.0176488 0.3339345 1.0157093 1.0122308 1.0180373
0.91813165 0.96298385 0.9402225 0.93672764 0.7259512 0.31802738 0.70595 0.32771683 0.3237028 0.99658537 0 0.9472615 0.080466226 0.9939465 1.0037951 0.32170385 0.3213968 0.7196597 0.72148925 0.7291169 0.7296458 0.9430302 1.0168724 0.94267863 0.96334505 0.9232511 1.0034139 0.2835334 0.28397134 0.9590223
0.81323624 0.83697146 0.8203678 0.82186216 0.9342909 0.9395222 0.91779155 0.95508146 0.94267863 0.99885464 0.9472615 0 0.9518725 1.0045581 1.0072346 0.95508146 0.9536536 0.93151563 0.93255514 0.927372 0.93116945 0.53033316 0.9969631 0.53094184 0.82395923 0.8088132 1.0164845 0.9465546 0.9543672 0.84279376
0.9113596 0.9666036 0.9346385 0.9353342 0.72044325 0.32032305 0.7031358 0.33113015 0.32354885 1.005704 0.080466226 0.9518725 0 1.0015109 1.0087683 0.32354885 0.32339495 0.7186162 0.7191378 0.72489893 0.7254249 0.94479036 1.0080011 0.944438 0.9575869 0.9253087 1.0045581 0.28455567 0.28440955 0.9518725
0.98125964 1.0060863 1.0030329 0.9872032 0.99545324 1.0141612 0.9779369 0.99847597 0.99734104 0.08091166 0.9939465 1.0045581 1.0015109 0 0.06919613 1.0064689 1.0068517 0.9827411 0.9898184 0.98794943 0.9950763 1.0003713 0.47672495 1.000751 1.0141612 1.0118452 0.32447308 1.0103053 1.0049399 1.0266355
0.98869646 1.0011308 1.0064689 0.99281836 1.0076177 1.0258498 0.9943229 1.014548 1.0068517 0.08213797 1.0037951 1.0072346 1.0087683 0.06919613 0 1.0126165 1.0160967 0.99357027 0.99999183 0.99923354 1.0060863 0.99999183 0.4761587 1.0003713 1.0110749 1.0049399 0.32988715 1.0157093 1.0195932 1.025065
0.9133848 0.9536536 0.9232511 0.9232511 0.71445674 0.16311966 0.70928967 0.18148997 0.1732558 1.0122308 0.32170385 0.95508146 0.32354885 1.0064689 1.0126165 0 0.040789343 0.7173139 0.7209661 0.7186162 0.72122765 0.936379 0.99281836 0.936379 0.9259958 0.91813165 1.0180373 0.32277957 0.32354885 0.944438
0.90933985 0.9483231 0.91575444 0.9113596 0.7149754 0.16001868 0.70928967 0.17869289 0.17224857 1.01069 0.3213968 0.9536536 0.32339495 1.0068517 1.0160967 0.040789343 0 0.71887696 0.72148925 0.72018194 0.723061 0.94092345 0.99999183 0.9405729 0.91779155 0.90933985 1.0157093 0.32032305 0.32201102 0.94620144
0.90665525 0.9222244 0.9184719 0.9188122 0.15890548 0.7170537 0.14095297 0.723061 0.72568804 0.9958304 0.7196597 0.93151563 0.7186162 0.9827411 0.99357027 0.7173139 0.71887696 0 0.03794384 0.09746763 0.09780934 0.9349863 0.98832285 0.93812364 0.92154074 0.93082345 1.0045581 0.714716 0.7167936 0.9433819
0.91406107 0.92771643 0.91983426 0.9218825 0.16162959 0.7191378 0.14518856 0.7280602 0.7304399 1.0053219 0.72148925 0.93255514 0.7191378 0.9898184 0.99999183 0.7209661 0.72148925 0.03794384 0 0.102151215 0.10180752 0.9388226 0.98907024 0.94162506 0.9218825 0.929441 1.0110749 0.7186162 0.7207046 0.9500957
0.9046481 0.9249654 0.92393637 0.92119914 0.16423915 0.71186876 0.14300726 0.7207046 0.72384816 1.0022715 0.7291169 0.927372 0.72489893 0.98794943 0.99923354 0.7186162 0.72018194 0.09746763 0.102151215 0 0.016888734 0.9222244 0.99056727 0.92359364 0.9137229 0.9405729 1.0118452 0.7191378 0.71887696 0.94373375
0.90900373 0.9256522 0.9218825 0.9218825 0.16473724 0.71549445 0.14300726 0.72122765 0.7254249 1.0060863 0.7296458 0.93116945 0.7254249 0.9950763 1.0060863 0.72122765 0.723061 0.09780934 0.10180752 0.016888734 0 0.92840576 0.990942 0.9297863 0.91813165 0.94127417 1.0160967 0.72044325 0.721751 0.9440858
0.79598737 0.82156307 0.8114639 0.814124 0.93568236 0.93987226 0.91983426 0.9568702 0.9472615 1.0087683 0.9430302 0.53033316 0.94479036 1.0003713 0.99999183 0.936379 0.94092345 0.9349863 0.9388226 0.9222244 0.92840576 0 0.99658537 0.003910175 0.8194727 0.8278694 1.0126165 0.9342909 0.95472425 0.8275679
0.9831119 1.0149349 1.000751 0.98496884 0.9946995 0.9943229 0.9872032 1.0030329 1.0060863 0.48355353 1.0168724 0.9969631 1.0080011 0.47672495 0.4761587 0.99281836 0.99999183 0.98832285 0.98907024 0.99056727 0.990942 0.99658537 0 0.9962078 1.0195932 1.0080011 0.4723946 1.0231062 0.99281836 1.032159
0.79627645 0.8200693 0.8094014 0.81382793 0.93777436 0.9395222 0.9222244 0.9557965 0.9465546 1.0083846 0.94267863 0.53094184 0.944438 1.000751 1.0003713 0.936379 0.9405729 0.93812364 0.94162506 0.92359364 0.9297863 0.003910175 0.9962078 0 0.82066643 0.8266641 1.0149349 0.9353342 0.95508146 0.8269652
0.6269553 0.4400604 0.4718316 0.47766966 0.9304776 0.9335961 0.91711193 0.932902 0.931862 0.99847597 0.96334505 0.82395923 0.9575869 1.0141612 1.0110749 0.9259958 0.91779155 0.92154074 0.9218825 0.9137229 0.91813165 0.8194727 1.0195932 0.82066643 0 0.39133066 1.0203725 0.9370764 0.9543672 0.44366533
0.6212099 0.4336149 0.4628807 0.4656664 0.94092345 0.9188122 0.9184719 0.91473794 0.92017525 1.0176488 0.9232511 0.8088132 0.9253087 1.0118452 1.0049399 0.91813165 0.90933985 0.93082345 0.929441 0.9405729 0.94127417 0.8278694 1.0080011 0.8266641 0.39133066 0 0.99999183 0.9256522 0.9297863 0.4400604
0.97316337 0.9943229 1.0103053 0.9901927 1.0060863 1.0168724 1.0015109 1.0157093 1.0141612 0.3339345 1.0034139 1.0164845 1.0045581 0.32447308 0.32988715 1.0180373 1.0157093 1.0045581 1.0110749 1.0118452 1.0160967 1.0126165 0.4723946 1.0149349 1.0203725 0.99999183 0 1.0122308 1.0238891 1.0110749
0.9059856 0.96406794 0.94373375 0.9349863 0.71186876 0.31558636 0.7049255 0.32694325 0.3181802 1.0157093 0.2835334 0.9465546 0.28455567 1.0103053 1.0157093 0.32277957 0.32032305 0.714716 0.7186162 0.7191378 0.72044325 0.9342909 1.0231062 0.9353342 0.9370764 0.9256522 1.0122308 0 0.27989367 0.96226203
0.9013148 0.9662408 0.93672764 0.9184719 0.7141975 0.31940395 0.7051815 0.32833627 0.3241649 1.0122308 0.28397134 0.9543672 0.28440955 1.0049399 1.0195932 0.32354885 0.32201102 0.7167936 0.7207046 0.71887696 0.721751 0.95472425 0.99281836 0.95508146 0.9543672 0.9297863 1.0238891 0.27989367 0 0.96479154
0.6336756 0.2522342 0.4714565 0.48146042 0.9504507 0.9522284 0.94549555 0.9500957 0.9536536 1.0180373 0.9590223 0.84279376 0.9518725 1.0266355 1.025065 0.944438 0.94620144 0.9433819 0.9500957 0.94373375 0.9440858 0.8275679 1.032159 0.8269652 0.44366533 0.4400604 1.0110749 0.96226203 0.96479154 0
