0 0.86179787 0.85959244 0.8636934 0.85896355 0.85270303 0.8514572 0.87324363 0.8897634 0.86654574 0.98757625 0.877098 0.98757625 0.8640098 0.86972773 0.85896355 0.52447456 0.5264896 0.8505242 0.8505242 0.85114604 0.8694089 0.87100434 0.8678169 0.8812961 0.86274505 0.8652767 0.5331779 0.8517685 0.8611671
0.86179787 0 0.2567269 0.36941192 0.37137827 0.3967422 0.39640284 0.5352165 0.53480834 0.39606363 0.98794943 0.54528654 0.9931942 0.3702306 0.3712142 0.3965725 0.8774201 0.87774235 0.83210325 0.8339251 0.83422923 0.39538565 0.37302083 0.3947083 0.8194727 0.3728564 0.3723634 0.8855178 0.26836383 0.8272665
0.85959244 0.2567269 0 0.36386842 0.36030313 0.38278595 0.37912986 0.5256829 0.52729714 0.37995923 0.982 0.5331779 0.9838541 0.35836557 0.36046484 0.37631682 0.85488826 0.8573935 0.8191745 0.81857854 0.8194727 0.37863266 0.35739866 0.3789641 0.8079317 0.36224574 0.35917228 0.86654574 0.25588247 0.81768554
0.8636934 0.36941192 0.36386842 0 0.17312981 0.39640284 0.39369342 0.5220636 0.5246758 0.3967422 0.9687838 0.5291173 0.9801504 0.25588247 0.25616384 0.39166775 0.87324363 0.8812961 0.8200693 0.8191745 0.8200693 0.39386246 0.35098425 0.39538565 0.8047084 0.32617044 0.3213968 0.8842163 0.36240783 0.80353975
0.85896355 0.37137827 0.36030313 0.17312981 0 0.39487758 0.3901521 0.5335852 0.5368514 0.39606363 0.9783054 0.5350124 0.9901927 0.26181358 0.26266474 0.39217365 0.8726031 0.88162 0.82066643 0.81828076 0.8191745 0.39487758 0.35354343 0.39589408 0.814124 0.3297319 0.32032305 0.8871479 0.35917228 0.8105793
0.85270303 0.3967422 0.38278595 0.39640284 0.39487758 0 0.13398623 0.5264896 0.5317542 0.2093887 0.9958304 0.5289148 0.99357027 0.3974214 0.39555508 0.205433 0.8668633 0.8684533 0.800626 0.8026644 0.8041238 0.20661752 0.39521626 0.206881 0.79512084 0.39065698 0.38998386 0.8668633 0.38712993 0.79310274
0.8514572 0.39640284 0.37912986 0.39369342 0.3901521 0.13398623 0 0.52226424 0.5266914 0.20464435 0.97573 0.5150757 0.9713354 0.3962332 0.39572456 0.20254536 0.86337715 0.86559373 0.8073446 0.8088132 0.8096957 0.20280741 0.39420068 0.20280741 0.79830307 0.3884716 0.38998386 0.8652767 0.3888074 0.80353975
0.87324363 0.5352165 0.5256829 0.5220636 0.5335852 0.5264896 0.52226424 0 0.105021484 0.52689326 0.9894442 0.37697777 0.98832285 0.5285101 0.53033316 0.5204606 0.87100434 0.8716434 0.81087404 0.8079317 0.8096957 0.5198604 0.5232681 0.5196604 0.80441606 0.5307389 0.5172649 0.86337715 0.5301304 0.8120542
0.8897634 0.53480834 0.52729714 0.5246758 0.5368514 0.5317542 0.5266914 0.105021484 0 0.5352165 1.0060863 0.37929565 1.0068517 0.53664684 0.5374654 0.531551 0.8910746 0.8914027 0.80441606 0.806758 0.8073446 0.52972496 0.5264896 0.53033316 0.80529344 0.5327709 0.52226424 0.8871479 0.5317542 0.8120542
0.86654574 0.39606363 0.37995923 0.3967422 0.39606363 0.2093887 0.20464435 0.52689326 0.5352165 0 0.9713354 0.5317542 0.97024083 0.39980343 0.39487758 0.06253621 0.87420535 0.87677604 0.8200693 0.8212641 0.8212641 0.06275363 0.38947943 0.06307988 0.8111689 0.3914992 0.3975913 0.86972773 0.39048862 0.8164965
0.98757625 0.98794943 0.982 0.9687838 0.9783054 0.9958304 0.97573 0.9894442 1.0060863 0.9713354 0 0.9962078 0.06493133 0.98496884 0.99056727 0.97609735 0.9920673 0.9894442 0.95794547 0.9644296 0.96226203 0.9673296 0.97426224 0.9687838 0.9615409 0.99545324 0.9801504 0.99131685 0.98051995 0.9655158
0.877098 0.54528654 0.5331779 0.5291173 0.5350124 0.5289148 0.5150757 0.37697777 0.37929565 0.5317542 0.9962078 0 0.99961257 0.52628785 0.53114486 0.5246758 0.88910866 0.89601207 0.80851924 0.81679356 0.8161995 0.5246758 0.5246758 0.52447456 0.812645 0.5277012 0.5212617 0.8953518 0.5346044 0.81738806
0.98757625 0.9931942 0.9838541 0.9801504 0.9901927 0.99357027 0.9713354 0.98832285 1.0068517 0.97024083 0.06493133 0.99961257 0 0.9924427 0.99545324 0.97573 0.99658537 0.9931942 0.96406794 0.9706055 0.9673296 0.96769285 0.98051995 0.9695119 0.959741 1.0003713 0.9958304 0.9943229 0.9842255 0.9687838
0.8640098 0.3702306 0.35836557 0.25588247 0.26181358 0.3974214 0.3962332 0.5285101 0.53664684 0.39980343 0.98496884 0.52628785 0.9924427 0 0.054643106 0.39436984 0.87324363 0.8812961 0.8339251 0.8305884 0.83028585 0.39521626 0.35498682 0.39538565 0.82156307 0.33004242 0.32478142 0.88194406 0.3667981 0.8147164
0.86972773 0.3712142 0.36046484 0.25616384 0.26266474 0.39555508 0.39572456 0.53033316 0.5374654 0.39487758 0.99056727 0.53114486 0.99545324 0.054643106 0 0.39032033 0.8783872 0.8858435 0.8336212 0.8293787 0.8293787 0.3925111 0.35274276 0.39284873 0.81977093 0.33206376 0.32663402 0.87645423 0.3672875 0.81294054
0.85896355 0.3965725 0.37631682 0.39166775 0.39217365 0.205433 0.20254536 0.5204606 0.531551 0.06253621 0.97609735 0.5246758 0.97573 0.39436984 0.39032033 0 0.86274505 0.8649598 0.81857854 0.81828076 0.8191745 0.039101817 0.39099374 0.038785826 0.80617183 0.3884716 0.39318648 0.85707986 0.38780046 0.8099901
0.52447456 0.8774201 0.85488826 0.87324363 0.8726031 0.8668633 0.86337715 0.87100434 0.8910746 0.87420535 0.9920673 0.88910866 0.99658537 0.87324363 0.8783872 0.86274505 0 0.044812504 0.8640098 0.8640098 0.86559373 0.8662283 0.8694089 0.86591095 0.86813504 0.8774201 0.8713238 0.2954489 0.8573935 0.86148244
0.5264896 0.87774235 0.8573935 0.8812961 0.88162 0.8684533 0.86559373 0.8716434 0.8914027 0.87677604 0.9894442 0.89601207 0.9931942 0.8812961 0.8858435 0.8649598 0.044812504 0 0.864643 0.86591095 0.86718106 0.8678169 0.86909026 0.86718106 0.8694089 0.8745262 0.8678169 0.2955972 0.8605368 0.8624292
0.8505242 0.83210325 0.8191745 0.8200693 0.82066643 0.800626 0.8073446 0.81087404 0.80441606 0.8200693 0.95794547 0.80851924 0.96406794 0.8339251 0.8336212 0.81857854 0.8640098 0.864643 0 0.021402493 0.021917144 0.82335943 0.8150128 0.82395923 0.3339345 0.81353205 0.83089113 0.87484723 0.8191745 0.2565861
0.8505242 0.8339251 0.81857854 0.8191745 0.81828076 0.8026644 0.8088132 0.8079317 0.806758 0.8212641 0.9644296 0.81679356 0.9706055 0.8305884 0.8293787 0.81828076 0.8640098 0.86591095 0.021402493 0 0.007234783 0.82305974 0.81442016 0.82395923 0.3350279 0.8120542 0.8284728 0.87420535 0.8179831 0.25532004
0.85114604 0.83422923 0.8194727 0.8200693 0.8191745 0.8041238 0.8096957 0.8096957 0.8073446 0.8212641 0.96226203 0.8161995 0.9673296 0.83028585 0.8293787 0.8191745 0.86559373 0.86718106 0.021917144 0.007234783 0 0.82395923 0.81590265 0.82485974 0.33455908 0.81382793 0.8293787 0.8751683 0.8194727 0.25644532
0.8694089 0.39538565 0.37863266 0.39386246 0.39487758 0.20661752 0.20280741 0.5198604 0.52972496 0.06275363 0.9673296 0.5246758 0.96769285 0.39521626 0.3925111 0.039101817 0.8662283 0.8678169 0.82335943 0.82305974 0.82395923 0 0.3888074 0.0050167413 0.80851924 0.38964754 0.3930176 0.8592779 0.39065698 0.82066643
0.87100434 0.37302083 0.35739866 0.35098425 0.35354343 0.39521626 0.39420068 0.5232681 0.5264896 0.38947943 0.97426224 0.5246758 0.98051995 0.35498682 0.35274276 0.39099374 0.8694089 0.86909026 0.8150128 0.81442016 0.81590265 0.3888074 0 0.3888074 0.81294054 0.35755974 0.356433 0.877098 0.37072223 0.811759
0.8678169 0.3947083 0.3789641 0.39538565 0.39589408 0.206881 0.20280741 0.5196604 0.53033316 0.06307988 0.9687838 0.52447456 0.9695119 0.39538565 0.39284873 0.038785826 0.86591095 0.86718106 0.82395923 0.82395923 0.82485974 0.0050167413 0.3888074 0 0.8120542 0.39082533 0.3926799 0.8602219 0.39133066 0.82156307
0.8812961 0.8194727 0.8079317 0.8047084 0.814124 0.79512084 0.79830307 0.80441606 0.80529344 0.8111689 0.9615409 0.812645 0.959741 0.82156307 0.81977093 0.80617183 0.86813504 0.8694089 0.3339345 0.3350279 0.33455908 0.80851924 0.81294054 0.8120542 0 0.82485974 0.82485974 0.86813504 0.8242593 0.32942155
0.86274505 0.3728564 0.36224574 0.32617044 0.3297319 0.39065698 0.3884716 0.5307389 0.5327709 0.3914992 0.99545324 0.5277012 1.0003713 0.33004242 0.33206376 0.3884716 0.8774201 0.8745262 0.81353205 0.8120542 0.81382793 0.38964754 0.35755974 0.39082533 0.82485974 0 0.2916035 0.8838912 0.37154236 0.8147164
0.8652767 0.3723634 0.35917228 0.3213968 0.32032305 0.38998386 0.38998386 0.5172649 0.52226424 0.3975913 0.9801504 0.5212617 0.9958304 0.32478142 0.32663402 0.39318648 0.8713238 0.8678169 0.83089113 0.8284728 0.8293787 0.3930176 0.356433 0.3926799 0.82485974 0.2916035 0 0.87967867 0.35965672 0.8236593
0.5331779 0.8855178 0.86654574 0.8842163 0.8871479 0.8668633 0.8652767 0.86337715 0.8871479 0.86972773 0.99131685 0.8953518 0.9943229 0.88194406 0.87645423 0.85707986 0.2954489 0.2955972 0.87484723 0.87420535 0.8751683 0.8592779 0.877098 0.8602219 0.86813504 0.8838912 0.87967867 0 0.86813504 0.8738847
0.8517685 0.26836383 0.25588247 0.36240783 0.35917228 0.38712993 0.3888074 0.5301304 0.5317542 0.39048862 0.98051995 0.5346044 0.9842255 0.3667981 0.3672875 0.38780046 0.8573935 0.8605368 0.8191745 0.8179831 0.8194727 0.39065698 0.37072223 0.39133066 0.8242593 0.37154236 0.35965672 0.86813504 0 0.8147164
0.8611671 0.8272665 0.81768554 0.80353975 0.8105793 0.79310274 0.80353975 0.8120542 0.8120542 0.8164965 0.9655158 0.81738806 0.9687838 0.8147164 0.81294054 0.8099901 0.86148244 0.8624292 0.2565861 0.25532004 0.25644532 0.82066643 0.811759 0.82156307 0.32942155 0.8147164 0.8236593 0.8738847 0.8147164 0
