0 1.0246727 1.0266355 0.4662248 1.0297868 1.0068517 1.0083846 0.48241112 0.4675293 0.8803252 0.8835664 1.0353336 0.99847597 0.98869646 0.67285645 0.6733471 0.8668633 0.88259256 0.4820307 0.48146042 0.46715635 0.4647367 0.4797522 0.46715635 0.48317254 0.6713863 1.0176488 0.8848668 0.8996537 0.99847597
1.0246727 0 0.17224857 0.9838541 0.7862246 0.78650993 0.282804 1.0099207 0.99961257 1.0037951 0.99545324 0.7905161 0.28426346 0.27728397 0.98683035 0.9980974 0.9894442 0.9958304 1.0160967 1.0266355 0.9838541 0.9898184 1.0234975 0.9894442 1.0211525 1.0168724 0.80295604 0.990942 1.0060863 0.28968817
1.0266355 0.17224857 0 0.98051995 0.7905161 0.790803 0.28660446 1.0095364 0.9977191 0.9943229 0.9827411 0.79512084 0.2888058 0.27945808 1.015322 1.0231062 0.982 0.99056727 1.0176488 1.0242808 0.97978103 0.9872032 1.0385218 0.98907024 1.0242808 1.0329514 0.80324787 0.99734104 1.0072346 0.29352373
0.4662248 0.9838541 0.98051995 0 1.0041765 0.98907024 0.9838541 0.44168046 0.16848351 0.8611671 0.8684533 0.9838541 0.9691478 0.9680563 0.6542054 0.6522939 0.8605368 0.87100434 0.44222128 0.44024023 0.17451672 0.17111707 0.417914 0.17300387 0.356433 0.6532491 1.0080011 0.86877173 0.88226825 0.9845971
1.0297868 0.7862246 0.7905161 1.0041765 0 0.13530254 0.7779968 1.030972 1.0064689 0.99131685 0.9931942 0.44078 0.78879654 0.776869 1.0349361 1.0417235 0.98794943 1.0022715 1.0211525 1.0313674 1.0015109 1.0091523 1.0293922 1.0199828 1.0080011 1.032159 0.24693382 1.0003713 1.0180373 0.79109013
1.0068517 0.78650993 0.790803 0.98907024 0.13530254 0 0.79483217 1.0053219 0.9853408 0.98757625 0.9860852 0.43754724 0.80324787 0.793967 1.0168724 1.0231062 0.9831119 0.99923354 0.9946995 0.99885464 0.97978103 0.98907024 1.0015109 0.99999183 0.99131685 1.014548 0.2402917 0.99056727 1.0083846 0.7994636
1.0083846 0.282804 0.28660446 0.9838541 0.7779968 0.79483217 0 1.0122308 0.99169195 0.9946995 0.9946995 0.7928149 0.13231426 0.12803192 1.0064689 1.0176488 0.99658537 1.0095364 1.0207624 1.0231062 0.9698763 0.982 1.0172604 0.9857129 1.0037951 1.0282096 0.7994636 1.001891 1.0122308 0.21349831
0.48241112 1.0099207 1.0095364 0.44168046 1.030972 1.0053219 1.0122308 0 0.44366533 0.8973342 0.9036466 1.0137748 1.0045581 0.9894442 0.6748211 0.67555916 0.87677604 0.8904187 0.11930542 0.11696423 0.44674316 0.44728765 0.45111 0.44928738 0.45955148 0.6775309 1.015322 0.8881276 0.9106857 1.0137748
0.4675293 0.99961257 0.9977191 0.16848351 1.0064689 0.9853408 0.99169195 0.44366533 0 0.8800019 0.88291705 0.9808897 0.97024083 0.97573 0.6582834 0.65444463 0.8662283 0.87613255 0.4463804 0.44168046 0.112419814 0.1098684 0.42141378 0.11230365 0.3617596 0.66093403 0.9950763 0.890091 0.8963424 0.9894442
0.8803252 1.0037951 0.9943229 0.8611671 0.99131685 0.98757625 0.9946995 0.8973342 0.8800019 0 0.10998418 1.0053219 0.99999183 0.990942 0.8835664 0.890091 0.26922247 0.27008206 0.9043141 0.90933985 0.863061 0.8726031 0.9059856 0.8774201 0.8940332 0.8858435 1.0022715 0.44150028 0.4463804 0.9977191
0.8835664 0.99545324 0.9827411 0.8684533 0.9931942 0.9860852 0.9946995 0.9036466 0.88291705 0.10998418 0 1.005704 0.9977191 0.9872032 0.88454145 0.8933747 0.26266474 0.2653664 0.9123715 0.91473794 0.8783872 0.8881276 0.90766084 0.8933747 0.90565103 0.8871479 1.000751 0.43683073 0.44096002 0.99885464
1.0353336 0.7905161 0.79512084 0.9838541 0.44078 0.43754724 0.7928149 1.0137748 0.9808897 1.0053219 1.005704 0 0.79714435 0.79223955 1.0072346 1.0203725 0.99999183 1.0099207 1.0037951 1.0045581 0.9790429 0.982 1.0157093 0.99734104 0.97867405 1.0188149 0.44348466 1.005704 1.0188149 0.7876524
0.99847597 0.28426346 0.2888058 0.9691478 0.78879654 0.80324787 0.13231426 1.0045581 0.97024083 0.99999183 0.9977191 0.79714435 0 0.08638981 1.015322 1.0270288 0.99847597 1.0164845 1.019204 1.015322 0.9518725 0.9626228 1.0118452 0.9669665 0.98869646 1.0266355 0.81087404 1.0003713 1.0199828 0.21336539
0.98869646 0.27728397 0.27945808 0.9680563 0.776869 0.793967 0.12803192 0.9894442 0.97573 0.990942 0.9872032 0.79223955 0.08638981 0 1.0034139 1.0157093 0.99961257 1.0164845 1.0022715 1.0037951 0.9557965 0.9709704 1.01069 0.9738958 0.98496884 1.015322 0.8038317 1.001891 1.0126165 0.21177219
0.67285645 0.98683035 1.015322 0.6542054 1.0349361 1.0168724 1.0064689 0.6748211 0.6582834 0.8835664 0.88454145 1.0072346 1.015322 1.0034139 0 0.08470857 0.8809723 0.8999856 0.6760516 0.6777777 0.6592462 0.6619002 0.6847222 0.66748005 0.6874681 0.2950042 1.0172604 0.87324363 0.88226825 1.0137748
0.6733471 0.9980974 1.0231062 0.6522939 1.0417235 1.0231062 1.0176488 0.67555916 0.65444463 0.890091 0.8933747 1.0203725 1.0270288 1.0157093 0.08470857 0 0.8907466 0.908332 0.6733471 0.67654437 0.65516293 0.6606927 0.6907262 0.66456366 0.6775309 0.29352373 1.0238891 0.8838912 0.8937039 1.0227151
0.8668633 0.9894442 0.982 0.8605368 0.98794943 0.9831119 0.99658537 0.87677604 0.8662283 0.26922247 0.26266474 0.99999183 0.99847597 0.99961257 0.8809723 0.8907466 0 0.08057756 0.88780093 0.8874743 0.86274505 0.864643 0.9096761 0.8694089 0.8887815 0.877098 1.0060863 0.42863977 0.43254602 0.9946995
0.88259256 0.9958304 0.99056727 0.87100434 1.0022715 0.99923354 1.0095364 0.8904187 0.87613255 0.27008206 0.2653664 1.0099207 1.0164845 1.0164845 0.8999856 0.908332 0.08057756 0 0.8989902 0.90031767 0.8751683 0.87645423 0.9218825 0.88064873 0.9013148 0.9019803 1.0141612 0.42917123 0.4336149 1.005704
0.4820307 1.0160967 1.0176488 0.44222128 1.0211525 0.9946995 1.0207624 0.11930542 0.4463804 0.9043141 0.9123715 1.0037951 1.019204 1.0022715 0.6760516 0.6733471 0.88780093 0.8989902 0 0.07040341 0.44511214 0.44674316 0.45257127 0.4474692 0.45955148 0.68049824 1.0149349 0.8983274 0.9266836 1.0215429
0.48146042 1.0266355 1.0242808 0.44024023 1.0313674 0.99885464 1.0231062 0.11696423 0.44168046 0.90933985 0.91473794 1.0045581 1.015322 1.0037951 0.6777777 0.67654437 0.8874743 0.90031767 0.07040341 0 0.44168046 0.44276246 0.45056275 0.44475016 0.45955148 0.6785187 1.0122308 0.8983274 0.92017525 1.0223241
0.46715635 0.9838541 0.97978103 0.17451672 1.0015109 0.97978103 0.9698763 0.44674316 0.112419814 0.863061 0.8783872 0.9790429 0.9518725 0.9557965 0.6592462 0.65516293 0.86274505 0.8751683 0.44511214 0.44168046 0 0.062318847 0.4180886 0.06405949 0.35707664 0.6573219 0.9920673 0.8812961 0.895022 0.9691478
0.4647367 0.9898184 0.9872032 0.17111707 1.0091523 0.98907024 0.982 0.44728765 0.1098684 0.8726031 0.8881276 0.982 0.9626228 0.9709704 0.6619002 0.6606927 0.864643 0.87645423 0.44674316 0.44276246 0.062318847 0 0.4180886 0.0375232 0.35675475 0.6619002 1.0034139 0.8835664 0.89766514 0.97941184
0.4797522 1.0234975 1.0385218 0.417914 1.0293922 1.0015109 1.0172604 0.45111 0.42141378 0.9059856 0.90766084 1.0157093 1.0118452 1.01069 0.6847222 0.6907262 0.9096761 0.9218825 0.45257127 0.45056275 0.4180886 0.4180886 0 0.420187 0.4215892 0.6837262 1.0373245 0.9113596 0.91983426 1.0274222
0.46715635 0.9894442 0.98907024 0.17300387 1.0199828 0.99999183 0.9857129 0.44928738 0.11230365 0.8774201 0.8933747 0.99734104 0.9669665 0.9738958 0.66748005 0.66456366 0.8694089 0.88064873 0.4474692 0.44475016 0.06405949 0.0375232 0.420187 0 0.35804313 0.66577744 1.01146 0.890091 0.9043141 0.9860852
0.48317254 1.0211525 1.0242808 0.356433 1.0080011 0.99131685 1.0037951 0.45955148 0.3617596 0.8940332 0.90565103 0.97867405 0.98869646 0.98496884 0.6874681 0.6775309 0.8887815 0.9013148 0.45955148 0.45955148 0.35707664 0.35675475 0.4215892 0.35804313 0 0.68049824 1.0133885 0.9167723 0.9270277 0.99999183
0.6713863 1.0168724 1.0329514 0.6532491 1.032159 1.014548 1.0282096 0.6775309 0.66093403 0.8858435 0.8871479 1.0188149 1.0266355 1.015322 0.2950042 0.29352373 0.877098 0.9019803 0.68049824 0.6785187 0.6573219 0.6619002 0.6837262 0.66577744 0.68049824 0 1.0110749 0.8858435 0.8881276 1.0234975
1.0176488 0.80295604 0.80324787 1.0080011 0.24693382 0.2402917 0.7994636 1.015322 0.9950763 1.0022715 1.000751 0.44348466 0.81087404 0.8038317 1.0172604 1.0238891 1.0060863 1.0141612 1.0149349 1.0122308 0.9920673 1.0034139 1.0373245 1.01146 1.0133885 1.0110749 0 1.0011308 1.0282096 0.80646485
0.8848668 0.990942 0.99734104 0.86877173 1.0003713 0.99056727 1.001891 0.8881276 0.890091 0.44150028 0.43683073 1.005704 1.0003713 1.001891 0.87324363 0.8838912 0.42863977 0.42917123 0.8983274 0.8983274 0.8812961 0.8835664 0.9113596 0.890091 0.9167723 0.8858435 1.0011308 0 0.22340032 1.0022715
0.8996537 1.0060863 1.0072346 0.88226825 1.0180373 1.0083846 1.0122308 0.9106857 0.8963424 0.4463804 0.44096002 1.0188149 1.0199828 1.0126165 0.88226825 0.8937039 0.43254602 0.4336149 0.9266836 0.92017525 0.895022 0.89766514 0.91983426 0.9043141 0.9270277 0.8881276 1.0282096 0.22340032 0 1.0215429
0.99847597 0.28968817 0.29352373 0.9845971 0.79109013 0.7994636 0.21349831 1.0137748 0.9894442 0.9977191 0.99885464 0.7876524 0.21336539 0.21177219 1.0137748 1.0227151 0.9946995 1.005704 1.0215429 1.0223241 0.9691478 0.97941184 1.0274222 0.9860852 0.99999183 1.0234975 0.80646485 1.0022715 1.0215429 0
