0 0.88616943 0.88682157 1.0095364 1.0076177 0.58131045 0.58544624 0.83331734 0.5754721 0.57439595 0.9894442 0.59004414 0.99545324 1.001891 0.9958304 0.47937313 0.4752159 0.5763342 0.57482624 0.83149695 0.83941746 0.47634742 0.82998335 0.4769138 0.8662283 0.890091 1.0176488 0.5915831 0.8864954 0.8716434
0.88616943 0 0.18404187 1.0160967 0.9939465 0.8545757 0.8567664 0.863061 0.86813504 0.8722831 1.0289978 0.86274505 1.0305767 1.005704 1.0091523 0.8851922 0.8855178 0.86591095 0.86749893 0.8652767 0.864643 0.8864954 0.85802114 0.8864954 0.38763276 0.36046484 1.0313674 0.86559373 0.2880713 0.2223235
0.88682157 0.18404187 0 1.0393208 1.005704 0.86909026 0.863061 0.8605368 0.86909026 0.87967867 1.0219333 0.86148244 1.0223241 1.0301816 1.0345387 0.8719632 0.87100434 0.8800019 0.87645423 0.8649598 0.86274505 0.87613255 0.8643263 0.87645423 0.38964754 0.35466585 1.0203725 0.86972773 0.27974844 0.2158949
1.0095364 1.0160967 1.0393208 0 0.18225464 0.9853408 1.0091523 0.9845971 1.0015109 0.9980974 0.47352183 0.9946995 0.47956264 0.4571562 0.45918247 1.0099207 1.002652 1.0030329 1.0003713 0.99961257 1.0003713 0.9969631 1.0060863 0.9977191 1.0223241 1.0022715 0.3493892 1.0045581 1.018426 1.0242808
1.0076177 0.9939465 1.005704 0.18225464 0 0.97352946 0.9969631 0.9666036 0.9931942 0.9898184 0.46325153 0.9680563 0.46827576 0.45202297 0.45330298 1.002652 1.000751 0.99961257 0.99999183 0.9768326 0.9816297 0.990942 0.9977191 0.9920673 1.0022715 0.97352946 0.33690602 0.9939465 0.9894442 0.9901927
0.58131045 0.8545757 0.86909026 0.9853408 0.97352946 0 0.14761968 0.80091685 0.33847472 0.33518422 0.97609735 0.42757794 0.97352946 0.97316337 0.97720057 0.57267725 0.57224816 0.34177974 0.34288466 0.811759 0.8179831 0.5720337 0.800626 0.57181937 0.8803252 0.85802114 0.990942 0.32431898 0.85833514 0.8542633
0.58544624 0.8567664 0.863061 1.0091523 0.9969631 0.14761968 0 0.8055861 0.35002682 0.3487521 1.0049399 0.4389823 1.0037951 0.99734104 0.99357027 0.5711766 0.5711766 0.35354343 0.3545054 0.8263631 0.8269652 0.5754721 0.80617183 0.5750415 0.8787099 0.8602219 1.0126165 0.33643606 0.85707986 0.85802114
0.83331734 0.863061 0.8605368 0.9845971 0.9666036 0.80091685 0.8055861 0 0.806758 0.79223955 0.9779369 0.8041238 0.9753628 0.959741 0.96841997 0.829681 0.8272665 0.79512084 0.79223955 0.13758163 0.13962671 0.81590265 0.40476185 0.81590265 0.86749893 0.84279376 0.9939465 0.80120784 0.8636934 0.86337715
0.5754721 0.86813504 0.86909026 1.0015109 0.9931942 0.33847472 0.35002682 0.806758 0 0.122830965 0.9790429 0.43325844 0.9838541 0.9872032 0.9860852 0.5774132 0.57827747 0.15397772 0.15042526 0.8269652 0.83089113 0.57871 0.8073446 0.5784937 0.8719632 0.86718106 1.0076177 0.35546857 0.86148244 0.8684533
0.57439595 0.8722831 0.87967867 0.9980974 0.9898184 0.33518422 0.3487521 0.79223955 0.122830965 0 0.9775687 0.42917123 0.97720057 0.9801504 0.9738958 0.5767656 0.5763342 0.15201566 0.14969234 0.8156059 0.81977093 0.5791428 0.8023729 0.5784937 0.8787099 0.8719632 1.005704 0.35210282 0.87677604 0.87967867
0.9894442 1.0289978 1.0219333 0.47352183 0.46325153 0.97609735 1.0049399 0.9779369 0.9790429 0.9775687 0 0.97316337 0.110795185 0.46939683 0.4714565 1.0045581 0.99847597 0.9872032 0.9801504 0.9872032 0.98907024 0.97499573 0.990942 0.97499573 1.01069 0.9860852 0.4761587 0.9943229 1.0015109 0.9962078
0.59004414 0.86274505 0.86148244 0.9946995 0.9680563 0.42757794 0.4389823 0.8041238 0.43325844 0.42917123 0.97316337 0 0.98683035 0.9615409 0.9680563 0.582614 0.5871945 0.43254602 0.43414992 0.81323624 0.81442016 0.5802258 0.79339075 0.5808764 0.8624292 0.86559373 0.98051995 0.43808508 0.8499028 0.85770726
0.99545324 1.0305767 1.0223241 0.47956264 0.46827576 0.97352946 1.0037951 0.9753628 0.9838541 0.97720057 0.110795185 0.98683035 0 0.46902296 0.47070688 1.0122308 1.0045581 0.98907024 0.9853408 0.98051995 0.98237044 0.97978103 0.9980974 0.97978103 1.0133885 0.9872032 0.47861555 0.9931942 1.0137748 1.0091523
1.001891 1.005704 1.0301816 0.4571562 0.45202297 0.97316337 0.99734104 0.959741 0.9872032 0.9801504 0.46939683 0.9615409 0.46902296 0 0.105021484 0.97867405 0.9775687 0.98348296 0.98237044 0.9658782 0.9680563 0.96479154 1.0034139 0.9658782 1.0246727 0.9898184 0.45807657 0.9790429 1.0157093 0.9962078
0.9958304 1.0091523 1.0345387 0.45918247 0.45330298 0.97720057 0.99357027 0.96841997 0.9860852 0.9738958 0.4714565 0.9680563 0.47070688 0.105021484 0 0.98757625 0.9894442 0.98237044 0.982 0.97316337 0.97867405 0.9655158 1.0118452 0.9658782 1.0258498 0.9931942 0.45918247 0.98051995 1.0176488 1.0060863
0.47937313 0.8851922 0.8719632 1.0099207 1.002652 0.57267725 0.5711766 0.829681 0.5774132 0.5767656 1.0045581 0.582614 1.0122308 0.97867405 0.98757625 0 0.046512943 0.58413774 0.58304906 0.84095025 0.83911127 0.15569876 0.82546073 0.15532963 0.8787099 0.8668633 1.0238891 0.5761186 0.8611671 0.8787099
0.4752159 0.8855178 0.87100434 1.002652 1.000751 0.57224816 0.5711766 0.8272665 0.57827747 0.5763342 0.99847597 0.5871945 1.0045581 0.9775687 0.9894442 0.046512943 0 0.5874133 0.5856646 0.83636117 0.83483773 0.15360944 0.8156059 0.15311868 0.87967867 0.864643 1.019204 0.57871 0.8605368 0.8751683
0.5763342 0.86591095 0.8800019 1.0030329 0.99961257 0.34177974 0.35354343 0.79512084 0.15397772 0.15201566 0.9872032 0.43254602 0.98907024 0.98348296 0.98237044 0.58413774 0.5874133 0 0.04311591 0.8120542 0.81768554 0.58348435 0.8076381 0.5828315 0.87677604 0.8684533 1.0188149 0.35949522 0.8722831 0.8809723
0.57482624 0.86749893 0.87645423 1.0003713 0.99999183 0.34288466 0.3545054 0.79223955 0.15042526 0.14969234 0.9801504 0.43414992 0.9853408 0.98237044 0.982 0.58304906 0.5856646 0.04311591 0 0.8099901 0.8153093 0.58065945 0.80910724 0.5800091 0.87613255 0.8668633 1.0126165 0.35820433 0.8700467 0.87677604
0.83149695 0.8652767 0.8649598 0.99961257 0.9768326 0.811759 0.8263631 0.13758163 0.8269652 0.8156059 0.9872032 0.81323624 0.98051995 0.9658782 0.97316337 0.84095025 0.83636117 0.8120542 0.8099901 0 0.040156074 0.82156307 0.40992597 0.8224607 0.8726031 0.85896355 0.98683035 0.8200693 0.8649598 0.87613255
0.83941746 0.864643 0.86274505 1.0003713 0.9816297 0.8179831 0.8269652 0.13962671 0.83089113 0.81977093 0.98907024 0.81442016 0.98237044 0.9680563 0.97867405 0.83911127 0.83483773 0.81768554 0.8153093 0.040156074 0 0.82395923 0.41182843 0.82485974 0.8738847 0.85363877 0.98683035 0.8221614 0.86591095 0.8729233
0.47634742 0.8864954 0.87613255 0.9969631 0.990942 0.5720337 0.5754721 0.81590265 0.57871 0.5791428 0.97499573 0.5802258 0.97978103 0.96479154 0.9655158 0.15569876 0.15360944 0.58348435 0.58065945 0.82156307 0.82395923 0 0.8156059 0.0021029455 0.87613255 0.8542633 1.0133885 0.5791428 0.86972773 0.8729233
0.82998335 0.85802114 0.8643263 1.0060863 0.9977191 0.800626 0.80617183 0.40476185 0.8073446 0.8023729 0.990942 0.79339075 0.9980974 1.0034139 1.0118452 0.82546073 0.8156059 0.8076381 0.80910724 0.40992597 0.41182843 0.8156059 0 0.81590265 0.863061 0.8499028 0.9946995 0.8082254 0.83849925 0.86909026
0.4769138 0.8864954 0.87645423 0.9977191 0.9920673 0.57181937 0.5750415 0.81590265 0.5784937 0.5784937 0.97499573 0.5808764 0.97978103 0.9658782 0.9658782 0.15532963 0.15311868 0.5828315 0.5800091 0.8224607 0.82485974 0.0021029455 0.81590265 0 0.87645423 0.85363877 1.0130024 0.57806134 0.8694089 0.8726031
0.8662283 0.38763276 0.38964754 1.0223241 1.0022715 0.8803252 0.8787099 0.86749893 0.8719632 0.8787099 1.01069 0.8624292 1.0133885 1.0246727 1.0258498 0.8787099 0.87967867 0.87677604 0.87613255 0.8726031 0.8738847 0.87613255 0.863061 0.87645423 0 0.3925111 1.0270288 0.8738847 0.38579065 0.38897535
0.890091 0.36046484 0.35466585 1.0022715 0.97352946 0.85802114 0.8602219 0.84279376 0.86718106 0.8719632 0.9860852 0.86559373 0.9872032 0.9898184 0.9931942 0.8668633 0.864643 0.8684533 0.8668633 0.85896355 0.85363877 0.8542633 0.8499028 0.85363877 0.3925111 0 0.9977191 0.8751683 0.35306293 0.35739866
1.0176488 1.0313674 1.0203725 0.3493892 0.33690602 0.990942 1.0126165 0.9939465 1.0076177 1.005704 0.4761587 0.98051995 0.47861555 0.45807657 0.45918247 1.0238891 1.019204 1.0188149 1.0126165 0.98683035 0.98683035 1.0133885 0.9946995 1.0130024 1.0270288 0.9977191 0 1.0053219 1.0118452 1.0168724
0.5915831 0.86559373 0.86972773 1.0045581 0.9939465 0.32431898 0.33643606 0.80120784 0.35546857 0.35210282 0.9943229 0.43808508 0.9931942 0.9790429 0.98051995 0.5761186 0.57871 0.35949522 0.35820433 0.8200693 0.8221614 0.5791428 0.8082254 0.57806134 0.8738847 0.8751683 1.0053219 0 0.86559373 0.8694089
0.8864954 0.2880713 0.27974844 1.018426 0.9894442 0.85833514 0.85707986 0.8636934 0.86148244 0.87677604 1.0015109 0.8499028 1.0137748 1.0157093 1.0176488 0.8611671 0.8605368 0.8722831 0.8700467 0.8649598 0.86591095 0.86972773 0.83849925 0.8694089 0.38579065 0.35306293 1.0118452 0.86559373 0 0.28543305
0.8716434 0.2223235 0.2158949 1.0242808 0.9901927 0.8542633 0.85802114 0.86337715 0.8684533 0.87967867 0.9962078 0.85770726 1.0091523 0.9962078 1.0060863 0.8787099 0.8751683 0.8809723 0.87677604 0.87613255 0.8729233 0.8729233 0.86909026 0.8726031 0.38897535 0.35739866 1.0168724 0.8694089 0.28543305 0
