0 0.92154074 0.936379 0.9522284 0.9458484 0.9962078 0.9946995 0.93672764 0.9360306 0.93255514 0.9522284 1.0068517 0.95080596 0.931862 0.9263396 1.0199828 0.9827411 1.0149349 1.0126165 0.9831119 0.990942 0.9816297 0.99658537 0.98645765 0.9557965 0.95794547 0.9304776 0.99131685 0.9440858 0.94162506
0.92154074 0 0.24374379 0.6988071 0.68721807 0.9764649 0.96334505 0.66650665 0.654684 0.6689425 0.69022405 0.9568702 0.6834774 0.9572284 0.95508146 0.97978103 0.95151687 0.9768326 0.97867405 0.94620144 0.9500957 0.9666036 0.9969631 0.96334505 0.6444604 0.69399863 0.64635193 0.9698763 0.36745068 0.6580429
0.936379 0.24374379 0 0.6960195 0.68796843 0.97941184 0.96769285 0.66359407 0.64824826 0.6723661 0.69956917 0.9706055 0.69576657 0.96226203 0.95294064 0.97206604 0.96010065 0.9666036 0.9680563 0.9543672 0.9611805 0.97426224 1.000751 0.97243166 0.65612173 0.70646286 0.65612173 0.96226203 0.3708862 0.65372705
0.9522284 0.6988071 0.6960195 0 0.2284008 0.99961257 0.9790429 0.70748955 0.6967787 0.27989367 0.29248914 1.0041765 0.28851193 0.97352946 0.9666036 1.0068517 0.98645765 1.0053219 0.9969631 0.98237044 0.98869646 0.98869646 1.0274222 0.9931942 0.6998234 0.6121078 0.702115 0.9808897 0.7209661 0.7241107
0.9458484 0.68721807 0.68796843 0.2284008 0 0.9860852 0.97024083 0.6945033 0.68796843 0.28983533 0.30080608 0.9958304 0.29737902 0.9611805 0.9568702 1.0053219 0.97720057 0.9969631 0.99169195 0.9691478 0.97867405 0.97426224 1.0137748 0.97978103 0.69122875 0.6141462 0.6972853 0.9764649 0.70774645 0.71032023
0.9962078 0.9764649 0.97941184 0.99961257 0.9860852 0 0.20385654 1.002652 0.98645765 0.9554389 0.9831119 0.8153093 0.9842255 1.0034139 0.98869646 0.99131685 0.44983372 0.9920673 0.9939465 0.44348466 0.44294295 0.27367437 0.83331734 0.2754048 0.982 1.0083846 0.97499573 0.38095567 1.0083846 1.0015109
0.9946995 0.96334505 0.96769285 0.9790429 0.97024083 0.20385654 0 0.99056727 0.9764649 0.9522284 0.9753628 0.82335943 0.96334505 1.0133885 0.9969631 0.9898184 0.45568597 0.98794943 0.99357027 0.44765082 0.44874147 0.27194792 0.84095025 0.2738184 0.9768326 1.0141612 0.9637064 0.3814544 0.98757625 1.014548
0.93672764 0.66650665 0.66359407 0.70748955 0.6945033 1.002652 0.99056727 0 0.21163957 0.6932422 0.7113522 0.9977191 0.6988071 0.9709704 0.9658782 1.0118452 0.9655158 1.0083846 1.0091523 0.97170067 0.97352946 0.99885464 0.98907024 0.9977191 0.675067 0.702115 0.39453906 0.9980974 0.6852207 0.3392603
0.9360306 0.654684 0.64824826 0.6967787 0.68796843 0.98645765 0.9764649 0.21163957 0 0.6854701 0.69855326 0.98348296 0.6899731 0.9583042 0.9565121 1.0227151 0.9590223 1.0164845 1.015322 0.96769285 0.96190137 0.9977191 0.9924427 0.9969631 0.6731017 0.6929902 0.38595793 0.98869646 0.6772841 0.33175245
0.93255514 0.6689425 0.6723661 0.27989367 0.28983533 0.9554389 0.9522284 0.6932422 0.6854701 0 0.19719331 0.9746289 0.19304249 0.9518725 0.9483231 0.99357027 0.9637064 0.99169195 0.9860852 0.9583042 0.9669665 0.9540103 1.0076177 0.9593815 0.6877182 0.5999927 0.6859691 0.9615409 0.69425094 0.68972224
0.9522284 0.69022405 0.69956917 0.29248914 0.30080608 0.9831119 0.9753628 0.7113522 0.69855326 0.19719331 0 1.0103053 0.1260182 0.9695119 0.9680563 0.99923354 0.97978103 0.99658537 0.99658537 0.97426224 0.9801504 0.9801504 1.0254573 0.982 0.69022405 0.6132396 0.697032 0.97352946 0.7222747 0.70364666
1.0068517 0.9568702 0.9706055 1.0041765 0.9958304 0.8153093 0.82335943 0.9977191 0.98348296 0.9746289 1.0103053 0 0.9816297 1.014548 1.0095364 0.99658537 0.8275679 0.99885464 1.0034139 0.81353205 0.814124 0.8179831 0.7222747 0.8224607 0.96841997 0.9969631 0.9666036 0.83210325 0.97426224 0.99281836
0.95080596 0.6834774 0.69576657 0.28851193 0.29737902 0.9842255 0.96334505 0.6988071 0.6899731 0.19304249 0.1260182 0.9816297 0 0.96190137 0.9590223 0.9924427 0.9706055 0.98869646 0.98645765 0.97316337 0.9783054 0.9753628 1.0149349 0.9783054 0.6907262 0.6033384 0.69173163 0.96298385 0.7082605 0.70160514
0.931862 0.9572284 0.96226203 0.97352946 0.9611805 1.0034139 1.0133885 0.9709704 0.9583042 0.9518725 0.9695119 1.014548 0.96190137 0 0.10663364 1.0103053 0.99357027 1.0091523 1.0149349 0.98907024 0.9901927 1.0231062 1.0076177 1.0219333 0.96010065 0.9738958 0.9522284 0.9860852 0.9698763 0.9746289
0.9263396 0.95508146 0.95294064 0.9666036 0.9568702 0.98869646 0.9969631 0.9658782 0.9565121 0.9483231 0.9680563 1.0095364 0.9590223 0.10663364 0 1.0003713 0.98907024 1.0053219 1.0068517 0.9853408 0.98496884 1.0203725 1.0149349 1.0199828 0.9662408 0.9768326 0.9433819 0.9872032 0.95151687 0.9753628
1.0199828 0.97978103 0.97206604 1.0068517 1.0053219 0.99131685 0.9898184 1.0118452 1.0227151 0.99357027 0.99923354 0.99658537 0.9924427 1.0103053 1.0003713 0 0.99545324 0.1041018 0.10640312 0.9845971 0.98683035 0.99169195 1.0130024 0.9898184 1.033348 1.0325551 1.0045581 1.0041765 0.9977191 1.0160967
0.9827411 0.95151687 0.96010065 0.98645765 0.97720057 0.44983372 0.45568597 0.9655158 0.9590223 0.9637064 0.97978103 0.8275679 0.9706055 0.99357027 0.98907024 0.99545324 0 0.9939465 0.99658537 0.07824301 0.07779916 0.43880278 0.83089113 0.4398806 0.96334505 0.98832285 0.95080596 0.45623696 0.99545324 0.9946995
1.0149349 0.9768326 0.9666036 1.0053219 0.9969631 0.9920673 0.98794943 1.0083846 1.0164845 0.99169195 0.99658537 0.99885464 0.98869646 1.0091523 1.0053219 0.1041018 0.9939465 0 0.057013113 0.9808897 0.9872032 0.99169195 1.0022715 0.98794943 1.0180373 1.0103053 1.0015109 0.99923354 0.99658537 1.0122308
1.0126165 0.97867405 0.9680563 0.9969631 0.99169195 0.9939465 0.99357027 1.0091523 1.015322 0.9860852 0.99658537 1.0034139 0.98645765 1.0149349 1.0068517 0.10640312 0.99658537 0.057013113 0 0.9831119 0.990942 1.0053219 1.0141612 1.001891 1.0133885 1.0234975 1.0099207 1.0076177 0.9931942 1.0141612
0.9831119 0.94620144 0.9543672 0.98237044 0.9691478 0.44348466 0.44765082 0.97170067 0.96769285 0.9583042 0.97426224 0.81353205 0.97316337 0.98907024 0.9853408 0.9845971 0.07824301 0.9808897 0.9831119 0 0.03510909 0.4355785 0.8351422 0.43539977 0.97573 0.99056727 0.9472615 0.44819596 0.98832285 0.9977191
0.990942 0.9500957 0.9611805 0.98869646 0.97867405 0.44294295 0.44874147 0.97352946 0.96190137 0.9669665 0.9801504 0.814124 0.9783054 0.9901927 0.98496884 0.98683035 0.07779916 0.9872032 0.990942 0.03510909 0 0.43826443 0.8345334 0.43862328 0.97941184 0.9950763 0.9465546 0.45348603 0.98869646 0.99658537
0.9816297 0.9666036 0.97426224 0.98869646 0.97426224 0.27367437 0.27194792 0.99885464 0.9977191 0.9540103 0.9801504 0.8179831 0.9753628 1.0231062 1.0203725 0.99169195 0.43880278 0.99169195 1.0053219 0.4355785 0.43826443 0 0.83331734 0.011487528 0.990942 1.0087683 0.98051995 0.38278595 0.99357027 1.018426
0.99658537 0.9969631 1.000751 1.0274222 1.0137748 0.83331734 0.84095025 0.98907024 0.9924427 1.0076177 1.0254573 0.7222747 1.0149349 1.0076177 1.0149349 1.0130024 0.83089113 1.0022715 1.0141612 0.8351422 0.8345334 0.83331734 0 0.83697146 1.0149349 1.0180373 0.9779369 0.8486616 1.0168724 1.0060863
0.98645765 0.96334505 0.97243166 0.9931942 0.97978103 0.2754048 0.2738184 0.9977191 0.9969631 0.9593815 0.982 0.8224607 0.9783054 1.0219333 1.0199828 0.9898184 0.4398806 0.98794943 1.001891 0.43539977 0.43862328 0.011487528 0.83697146 0 0.9901927 1.0068517 0.98051995 0.3836194 0.99281836 1.0172604
0.9557965 0.6444604 0.65612173 0.6998234 0.69122875 0.982 0.9768326 0.675067 0.6731017 0.6877182 0.69022405 0.96841997 0.6907262 0.96010065 0.9662408 1.033348 0.96334505 1.0180373 1.0133885 0.97573 0.97941184 0.990942 1.0149349 0.9901927 0 0.70646286 0.6484856 0.99961257 0.6772841 0.68049824
0.95794547 0.69399863 0.70646286 0.6121078 0.6141462 1.0083846 1.0141612 0.702115 0.6929902 0.5999927 0.6132396 0.9969631 0.6033384 0.9738958 0.9768326 1.0325551 0.98832285 1.0103053 1.0234975 0.99056727 0.9950763 1.0087683 1.0180373 1.0068517 0.70646286 0 0.6929902 0.99658537 0.7267414 0.71212715
0.9304776 0.64635193 0.65612173 0.702115 0.6972853 0.97499573 0.9637064 0.39453906 0.38595793 0.6859691 0.697032 0.9666036 0.69173163 0.9522284 0.9433819 1.0045581 0.95080596 1.0015109 1.0099207 0.9472615 0.9465546 0.98051995 0.9779369 0.98051995 0.6484856 0.6929902 0 0.96479154 0.671876 0.40150952
0.99131685 0.9698763 0.96226203 0.9808897 0.9764649 0.38095567 0.3814544 0.9980974 0.98869646 0.9615409 0.97352946 0.83210325 0.96298385 0.9860852 0.9872032 1.0041765 0.45623696 0.99923354 1.0076177 0.44819596 0.45348603 0.38278595 0.8486616 0.3836194 0.99961257 0.99658537 0.96479154 0 1.0022715 1.0103053
0.9440858 0.36745068 0.3708862 0.7209661 0.70774645 1.0083846 0.98757625 0.6852207 0.6772841 0.69425094 0.7222747 0.97426224 0.7082605 0.9698763 0.95151687 0.9977191 0.99545324 0.99658537 0.9931942 0.98832285 0.98869646 0.99357027 1.0168724 0.99281836 0.6772841 0.7267414 0.671876 1.0022715 0 0.6772841
0.94162506 0.6580429 0.65372705 0.7241107 0.71032023 1.0015109 1.014548 0.3392603 0.33175245 0.68972224 0.70364666 0.99281836 0.70160514 0.9746289 0.9753628 1.0160967 0.9946995 1.0122308 1.0141612 0.9977191 0.99658537 1.018426 1.0060863 1.0172604 0.68049824 0.71212715 0.40150952 1.0103053 0.6772841 0
