0 1.0130024 0.78565425 0.77489936 1.0133885 0.76346576 0.75520885 0.7876524 0.76485085 0.99961257 1.0160967 0.6093986 1.015322 1.0060863 0.9827411 0.9857129 0.62143886 1.0099207 1.000751 1.0041765 0.98869646 0.6180116 0.8505242 0.6228142 0.6049049 0.610752 0.8480418 0.85332674 1.0157093 0.9969631
1.0130024 0 1.0157093 1.0045581 0.7113522 1.0041765 0.9943229 1.0083846 0.9969631 0.8366663 0.8424862 1.0087683 0.7141975 0.721751 0.8523914 0.8530148 1.0172604 0.44475016 0.44692463 0.44222128 0.44874147 1.0176488 0.99545324 1.0195932 1.0149349 1.019204 0.97867405 1.0041765 0.7087749 0.26422766
0.78565425 1.0157093 0 0.23329833 1.0160967 0.4235215 0.41773945 0.392005 0.3898157 1.0037951 1.0219333 0.7853693 1.0168724 1.0211525 1.0049399 1.0126165 0.79512084 1.0122308 1.0168724 1.0227151 1.0095364 0.8094014 0.8684533 0.79223955 0.80587894 0.79627645 0.8424862 0.8573935 1.0266355 1.0385218
0.77489936 1.0045581 0.23329833 0 1.0080011 0.41512588 0.4102715 0.37995923 0.3695756 0.9901927 1.0015109 0.7726547 1.0126165 1.0095364 0.99545324 1.0015109 0.7836615 1.0076177 1.0072346 1.0072346 0.9969631 0.80091685 0.84187144 0.78793824 0.77771467 0.7757428 0.84125715 0.8357514 1.0103053 1.0258498
1.0133885 0.7113522 1.0160967 1.0080011 0 1.001891 1.0015109 1.0110749 1.0133885 0.81977093 0.82907665 1.01069 0.22447868 0.22393931 0.82485974 0.83028585 1.0168724 0.6988071 0.7026252 0.69956917 0.69097745 1.0172604 1.019204 1.0072346 1.0103053 1.0060863 1.0041765 1.0110749 0.26650688 0.70543754
0.76346576 1.0041765 0.4235215 0.41512588 1.001891 0 0.18570527 0.41773945 0.4095806 1.0122308 1.0293922 0.7620833 1.0103053 1.0103053 0.99545324 0.99961257 0.79714435 0.99999183 0.9924427 1.0133885 1.002652 0.79627645 0.8555138 0.79512084 0.77181464 0.7882242 0.84928197 0.84217876 1.0003713 1.0003713
0.75520885 0.9943229 0.41773945 0.4102715 1.0015109 0.18570527 0 0.41651866 0.41079012 1.0060863 1.019204 0.7623596 0.99961257 1.0041765 0.98794943 0.9958304 0.7893693 0.98125964 0.9894442 0.9898184 0.98757625 0.78508437 0.8495923 0.78082377 0.7631891 0.77771467 0.84525883 0.82877463 1.0034139 0.99885464
0.7876524 1.0083846 0.392005 0.37995923 1.0110749 0.41773945 0.41651866 0 0.18199967 1.0015109 1.0164845 0.7712552 1.005704 1.0045581 0.9901927 1.0099207 0.7936788 1.0041765 1.0015109 1.0118452 1.01069 0.7956984 0.8505242 0.78708094 0.7825251 0.7825251 0.84187144 0.83210325 1.001891 1.0118452
0.76485085 0.9969631 0.3898157 0.3695756 1.0133885 0.4095806 0.41079012 0.18199967 0 0.98683035 0.99734104 0.76707226 1.0122308 1.0176488 0.99658537 1.0118452 0.7796917 0.9969631 1.0030329 0.99999183 1.0011308 0.782809 0.8505242 0.7760242 0.7667942 0.77856135 0.8499028 0.8354467 1.0083846 1.0041765
0.99961257 0.8366663 1.0037951 0.9901927 0.81977093 1.0122308 1.0060863 1.0015109 0.98683035 0 0.116380066 0.9958304 0.8293787 0.83210325 0.30545005 0.3052998 1.0030329 0.8284728 0.8266641 0.82066643 0.8236593 1.005704 1.0289978 1.0157093 1.000751 1.0110749 0.9898184 1.0137748 0.83727676 0.84711295
1.0160967 0.8424862 1.0219333 1.0015109 0.82907665 1.0293922 1.019204 1.0164845 0.99734104 0.116380066 0 0.9962078 0.8446418 0.8461853 0.31269795 0.31103078 1.0072346 0.8327101 0.83089113 0.82156307 0.8257614 1.01069 1.0266355 1.0223241 1.0076177 1.01069 0.99357027 1.0254573 0.84928197 0.8474224
0.6093986 1.0087683 0.7853693 0.7726547 1.01069 0.7620833 0.7623596 0.7712552 0.76707226 0.9958304 0.9962078 0 1.0122308 0.9939465 0.9920673 1.005704 0.6118817 1.0211525 1.0203725 1.0282096 1.0126165 0.61346614 0.83972377 0.61278665 0.60894805 0.6116556 0.8351422 0.8530148 1.0099207 1.019204
1.015322 0.7141975 1.0168724 1.0126165 0.22447868 1.0103053 0.99961257 1.005704 1.0122308 0.8293787 0.8446418 1.0122308 0 0.112536 0.82395923 0.83240664 1.0262426 0.7033912 0.7056938 0.70160514 0.70109564 1.0207624 1.018426 1.0110749 1.0083846 1.0068517 1.0068517 1.0211525 0.27699456 0.71342045
1.0060863 0.721751 1.0211525 1.0095364 0.22393931 1.0103053 1.0041765 1.0045581 1.0176488 0.83210325 0.8461853 0.9939465 0.112536 0 0.83028585 0.8327101 1.0234975 0.6993151 0.69906104 0.70466954 0.7013504 1.0164845 1.0164845 1.0060863 1.0037951 1.0095364 1.0141612 1.0254573 0.27482754 0.7149754
0.9827411 0.8523914 1.0049399 0.99545324 0.82485974 0.99545324 0.98794943 0.9901927 0.99658537 0.30545005 0.31269795 0.9920673 0.82395923 0.83028585 0 0.10444655 1.0118452 0.81857854 0.8147164 0.8156059 0.8191745 1.0099207 1.0118452 1.0080011 0.9842255 1.0011308 0.98496884 1.0060863 0.8275679 0.847732
0.9857129 0.8530148 1.0126165 1.0015109 0.83028585 0.99961257 0.9958304 1.0099207 1.0118452 0.3052998 0.31103078 1.005704 0.83240664 0.8327101 0.10444655 0 1.0110749 0.82305974 0.8236593 0.8257614 0.8293787 1.0172604 1.0172604 1.0160967 0.99734104 1.018426 0.9924427 1.0141612 0.83422923 0.85270303
0.62143886 1.0172604 0.79512084 0.7836615 1.0168724 0.79714435 0.7893693 0.7936788 0.7796917 1.0030329 1.0072346 0.6118817 1.0262426 1.0234975 1.0118452 1.0110749 0 1.042526 1.0373245 1.0361294 1.0234975 0.10697956 0.8592779 0.10617267 0.61346614 0.62075216 0.85896355 0.8474224 1.0246727 1.0188149
1.0099207 0.44475016 1.0122308 1.0076177 0.6988071 0.99999183 0.98125964 1.0041765 0.9969631 0.8284728 0.8327101 1.0211525 0.7033912 0.6993151 0.81857854 0.82305974 1.042526 0 0.09032741 0.13566194 0.13159883 1.0453417 0.9842255 1.0385218 1.0160967 1.0041765 0.9939465 1.0211525 0.6932422 0.44204095
1.000751 0.44692463 1.0168724 1.0072346 0.7026252 0.9924427 0.9894442 1.0015109 1.0030329 0.8266641 0.83089113 1.0203725 0.7056938 0.69906104 0.8147164 0.8236593 1.0373245 0.09032741 0 0.13674116 0.13338867 1.0457449 0.98794943 1.0305767 1.0180373 1.0133885 1.0064689 1.0293922 0.6922348 0.4400604
1.0041765 0.44222128 1.0227151 1.0072346 0.69956917 1.0133885 0.9898184 1.0118452 0.99999183 0.82066643 0.82156307 1.0282096 0.70160514 0.70466954 0.8156059 0.8257614 1.0361294 0.13566194 0.13674116 0 0.053568296 1.0437315 0.9962078 1.0337447 1.0049399 1.018426 0.9924427 1.0118452 0.69804585 0.43880278
0.98869646 0.44874147 1.0095364 0.9969631 0.69097745 1.002652 0.98757625 1.01069 1.0011308 0.8236593 0.8257614 1.0126165 0.70109564 0.7013504 0.8191745 0.8293787 1.0234975 0.13159883 0.13338867 0.053568296 0 1.0317632 0.98869646 1.0219333 0.99999183 1.0091523 0.9845971 1.0076177 0.69198316 0.4398806
0.6180116 1.0176488 0.8094014 0.80091685 1.0172604 0.79627645 0.78508437 0.7956984 0.782809 1.005704 1.01069 0.61346614 1.0207624 1.0164845 1.0099207 1.0172604 0.10697956 1.0453417 1.0457449 1.0437315 1.0317632 0 0.8592779 0.05056701 0.6145999 0.62465185 0.85833514 0.8483516 1.0238891 1.0068517
0.8505242 0.99545324 0.8684533 0.84187144 1.019204 0.8555138 0.8495923 0.8505242 0.8505242 1.0289978 1.0266355 0.83972377 1.018426 1.0164845 1.0118452 1.0172604 0.8592779 0.9842255 0.98794943 0.9962078 0.98869646 0.8592779 0 0.85488826 0.84156424 0.8592779 0.5713908 0.5973268 1.0377234 1.0003713
0.6228142 1.0195932 0.79223955 0.78793824 1.0072346 0.79512084 0.78082377 0.78708094 0.7760242 1.0157093 1.0223241 0.61278665 1.0110749 1.0060863 1.0080011 1.0160967 0.10617267 1.0385218 1.0305767 1.0337447 1.0219333 0.05056701 0.85488826 0 0.6155082 0.6202947 0.85582674 0.84402525 1.014548 1.0003713
0.6049049 1.0149349 0.80587894 0.77771467 1.0103053 0.77181464 0.7631891 0.7825251 0.7667942 1.000751 1.0076177 0.60894805 1.0083846 1.0037951 0.9842255 0.99734104 0.61346614 1.0160967 1.0180373 1.0049399 0.99999183 0.6145999 0.84156424 0.6155082 0 0.5317542 0.8102846 0.83483773 1.0126165 1.0068517
0.610752 1.019204 0.79627645 0.7757428 1.0060863 0.7882242 0.77771467 0.7825251 0.77856135 1.0110749 1.01069 0.6116556 1.0068517 1.0095364 1.0011308 1.018426 0.62075216 1.0041765 1.0133885 1.018426 1.0091523 0.62465185 0.8592779 0.6202947 0.5317542 0 0.8483516 0.84217876 1.0099207 0.99923354
0.8480418 0.97867405 0.8424862 0.84125715 1.0041765 0.84928197 0.84525883 0.84187144 0.8499028 0.9898184 0.99357027 0.8351422 1.0068517 1.0141612 0.98496884 0.9924427 0.85896355 0.9939465 1.0064689 0.9924427 0.9845971 0.85833514 0.5713908 0.85582674 0.8102846 0.8483516 0 0.51626897 1.0130024 0.9969631
0.85332674 1.0041765 0.8573935 0.8357514 1.0110749 0.84217876 0.82877463 0.83210325 0.8354467 1.0137748 1.0254573 0.8530148 1.0211525 1.0254573 1.0060863 1.0141612 0.8474224 1.0211525 1.0293922 1.0118452 1.0076177 0.8483516 0.5973268 0.84402525 0.83483773 0.84217876 0.51626897 0 1.0130024 1.0176488
1.0157093 0.7087749 1.0266355 1.0103053 0.26650688 1.0003713 1.0034139 1.001891 1.0083846 0.83727676 0.84928197 1.0099207 0.27699456 0.27482754 0.8275679 0.83422923 1.0246727 0.6932422 0.6922348 0.69804585 0.69198316 1.0238891 1.0377234 1.014548 1.0126165 1.0099207 1.0130024 1.0130024 0 0.71238565
0.9969631 0.26422766 1.0385218 1.0258498 0.70543754 1.0003713 0.99885464 1.0118452 1.0041765 0.84711295 0.8474224 1.019204 0.71342045 0.7149754 0.847732 0.85270303 1.0188149 0.44204095 0.4400604 0.43880278 0.4398806 1.0068517 1.0003713 1.0003713 1.0068517 0.99923354 0.9969631 1.0176488 0.71238565 0
