0 0.9706055 0.9775687 0.9572284 0.9969631 0.9860852 0.95294064 0.9764649 0.9764649 0.96190137 0.9768326 0.9706055 0.9540103 0.9522284 0.9706055 0.9831119 0.9790429 0.95151687 0.9504507 0.9706055 0.97609735 0.9860852 0.9644296 0.9838541 0.9808897 0.9698763 0.9554389 0.96406794 0.9518725 0.9709704
0.9706055 0 0.20978543 0.20635414 0.51547325 0.520861 0.47956264 0.54694355 0.5515193 0.54632175 0.53828484 0.54013187 0.48527044 0.47785875 0.54054296 0.5488121 0.54902 0.5471509 0.5428079 0.54013187 0.5397211 0.5475659 0.532364 0.5483964 0.48775735 0.22165129 0.18340309 0.47842628 0.4822209 0.12342017
0.9775687 0.20978543 0 0.11942267 0.51091397 0.5132893 0.47653615 0.5440462 0.5475659 0.5436332 0.5407486 0.5399264 0.48660854 0.47918367 0.5448729 0.5492279 0.5488121 0.5438397 0.5391052 0.5421895 0.5436332 0.5483964 0.5362379 0.549644 0.48355353 0.2215169 0.21442941 0.47672495 0.47861555 0.20978543
0.9572284 0.20635414 0.11942267 0 0.513091 0.51786304 0.46492255 0.5436332 0.5475659 0.5436332 0.5436332 0.53297436 0.471269 0.4662248 0.54652894 0.55089366 0.5521454 0.5471509 0.5438397 0.5440462 0.5446661 0.54985213 0.5376702 0.55006033 0.47804788 0.2158949 0.20991771 0.46864927 0.4723946 0.20385654
0.9969631 0.51547325 0.51091397 0.513091 0 0.12377392 0.51926064 0.55381763 0.5531901 0.55675304 0.56117785 0.5550743 0.5266914 0.52226424 0.5582251 0.5630822 0.5641423 0.5554936 0.5494359 0.55948913 0.5597 0.5628704 0.5536084 0.56520385 0.52226424 0.51170486 0.51229864 0.5204606 0.5152744 0.50815225
0.9860852 0.520861 0.5132893 0.51786304 0.12377392 0 0.5202605 0.5529811 0.5542363 0.5550743 0.5660542 0.5559132 0.52608615 0.5206608 0.5597 0.5626586 0.56477904 0.5504769 0.54673624 0.5630822 0.56223524 0.56393015 0.5446661 0.56647974 0.5254814 0.51646805 0.5134875 0.52186304 0.51626897 0.5142812
0.95294064 0.47956264 0.47653615 0.46492255 0.51926064 0.5202605 0 0.54095423 0.537875 0.54177755 0.5448729 0.52931976 0.113815166 0.11067928 0.5419835 0.5459075 0.54632175 0.5415716 0.537875 0.5481887 0.54570043 0.54322046 0.53951573 0.5426017 0.23589608 0.47597006 0.4752159 0.23493797 0.23480119 0.4769138
0.9764649 0.54694355 0.5440462 0.5436332 0.55381763 0.5529811 0.54095423 0 0.08897505 0.090214625 0.1646127 0.3048492 0.5502686 0.5423956 0.16673292 0.16498642 0.16685782 0.40682322 0.40339074 0.16835833 0.16810805 0.1691097 0.39521626 0.16798292 0.5521454 0.54054296 0.5446661 0.5502686 0.54673624 0.5438397
0.9764649 0.5515193 0.5475659 0.5475659 0.5531901 0.5542363 0.537875 0.08897505 0 0.087962374 0.16823317 0.30997178 0.5473584 0.5386949 0.1671077 0.16835833 0.17174548 0.41148216 0.40665123 0.17161976 0.17124271 0.1732558 0.39640284 0.17212276 0.5515193 0.5423956 0.5473584 0.5504769 0.547981 0.54694355
0.96190137 0.54632175 0.5436332 0.5436332 0.55675304 0.5550743 0.54177755 0.090214625 0.087962374 0 0.16898443 0.31103078 0.5477734 0.5419835 0.1691097 0.169235 0.17074028 0.4090628 0.40613547 0.17250025 0.17199698 0.17451672 0.39589408 0.1723744 0.55172795 0.5374654 0.5444594 0.5494359 0.5492279 0.5446661
0.9768326 0.53828484 0.5407486 0.5436332 0.56117785 0.5660542 0.5448729 0.1646127 0.16823317 0.16898443 0 0.3074061 0.5546552 0.5477734 0.07924264 0.08336629 0.08347805 0.4163444 0.41044435 0.08035491 0.08091166 0.08314281 0.39776123 0.08370163 0.5597 0.5436332 0.5448729 0.5515193 0.5502686 0.5448729
0.9706055 0.54013187 0.5399264 0.53297436 0.5550743 0.5559132 0.52931976 0.3048492 0.30997178 0.31103078 0.3074061 0 0.54177755 0.5356249 0.30514956 0.30785823 0.30966946 0.41079012 0.40562007 0.31072804 0.31042543 0.30785823 0.392005 0.3087633 0.5492279 0.5321607 0.54322046 0.5434268 0.5444594 0.5360335
0.9540103 0.48527044 0.48660854 0.471269 0.5266914 0.52608615 0.113815166 0.5502686 0.5473584 0.5477734 0.5546552 0.54177755 0 0.08280771 0.5559132 0.55256313 0.55402696 0.5561231 0.55172795 0.5571734 0.5557034 0.5529811 0.55006033 0.5521454 0.24015395 0.48393473 0.48355353 0.2367183 0.23891531 0.4820307
0.9522284 0.47785875 0.47918367 0.4662248 0.52226424 0.5206608 0.11067928 0.5423956 0.5386949 0.5419835 0.5477734 0.5356249 0.08280771 0 0.5471509 0.54694355 0.54673624 0.54528654 0.5423956 0.5521454 0.55110216 0.54673624 0.5413658 0.54632175 0.23480119 0.47220686 0.47729164 0.23179846 0.23384447 0.47823706
0.9706055 0.54054296 0.5448729 0.54652894 0.5582251 0.5597 0.5419835 0.16673292 0.1671077 0.1691097 0.07924264 0.30514956 0.5559132 0.5471509 0 0.085380614 0.08616542 0.4100987 0.40596363 0.08213797 0.082584396 0.064822294 0.3947083 0.06613177 0.55991095 0.5413658 0.549644 0.55172795 0.55089366 0.5481887
0.9831119 0.5488121 0.5492279 0.55089366 0.5630822 0.5626586 0.5459075 0.16498642 0.16835833 0.169235 0.08336629 0.30785823 0.55256313 0.54694355 0.085380614 0 0.062318847 0.40923536 0.40682322 0.08784994 0.08818729 0.087288015 0.39963302 0.08841228 0.5561231 0.54673624 0.55089366 0.55172795 0.55277205 0.5542363
0.9790429 0.54902 0.5488121 0.5521454 0.5641423 0.56477904 0.54632175 0.16685782 0.17174548 0.17074028 0.08347805 0.30966946 0.55402696 0.54673624 0.08616542 0.062318847 0 0.40733945 0.40476185 0.08829978 0.08818729 0.089763634 0.39776123 0.09010185 0.56054413 0.5494359 0.5502686 0.5533992 0.556543 0.5557034
0.95151687 0.5471509 0.5438397 0.5471509 0.5554936 0.5504769 0.5415716 0.40682322 0.41148216 0.4090628 0.4163444 0.41079012 0.5561231 0.54528654 0.4100987 0.40923536 0.40733945 0 0.05195897 0.41269478 0.41460428 0.41269478 0.25363526 0.41321507 0.56096655 0.54116 0.5413658 0.54985213 0.5548647 0.55110216
0.9504507 0.5428079 0.5391052 0.5438397 0.5494359 0.54673624 0.537875 0.40339074 0.40665123 0.40613547 0.41044435 0.40562007 0.55172795 0.5423956 0.40596363 0.40682322 0.40476185 0.05195897 0 0.40682322 0.40889028 0.40923536 0.24832502 0.4100987 0.5550743 0.5384899 0.5380799 0.54322046 0.55089366 0.54694355
0.9706055 0.54013187 0.5421895 0.5440462 0.55948913 0.5630822 0.5481887 0.16835833 0.17161976 0.17250025 0.08035491 0.31072804 0.5571734 0.5521454 0.08213797 0.08784994 0.08829978 0.41269478 0.40682322 0 0.034375902 0.085941106 0.39589408 0.08695106 0.5571734 0.5436332 0.54425275 0.5554936 0.5544457 0.5492279
0.97609735 0.5397211 0.5436332 0.5446661 0.5597 0.56223524 0.54570043 0.16810805 0.17124271 0.17199698 0.08091166 0.31042543 0.5557034 0.55110216 0.082584396 0.08818729 0.08818729 0.41460428 0.40889028 0.034375902 0 0.08616542 0.39827126 0.08661426 0.55801463 0.5415716 0.54652894 0.5542363 0.5521454 0.5475659
0.9860852 0.5475659 0.5483964 0.54985213 0.5628704 0.56393015 0.54322046 0.1691097 0.1732558 0.17451672 0.08314281 0.30785823 0.5529811 0.54673624 0.064822294 0.087288015 0.089763634 0.41269478 0.40923536 0.085941106 0.08616542 0 0.39997387 0.034271218 0.55885684 0.5430141 0.5504769 0.5523542 0.5546552 0.5521454
0.9644296 0.532364 0.5362379 0.5376702 0.5536084 0.5446661 0.53951573 0.39521626 0.39640284 0.39589408 0.39776123 0.392005 0.55006033 0.5413658 0.3947083 0.39963302 0.39776123 0.25363526 0.24832502 0.39589408 0.39827126 0.39997387 0 0.39878163 0.55256313 0.5362379 0.5356249 0.54116 0.54054296 0.5407486
0.9838541 0.5483964 0.549644 0.55006033 0.56520385 0.56647974 0.5426017 0.16798292 0.17212276 0.1723744 0.08370163 0.3087633 0.5521454 0.54632175 0.06613177 0.08841228 0.09010185 0.41321507 0.4100987 0.08695106 0.08661426 0.034271218 0.39878163 0 0.5571734 0.5448729 0.55402696 0.55172795 0.55402696 0.55381763
0.9808897 0.48775735 0.48355353 0.47804788 0.52226424 0.5254814 0.23589608 0.5521454 0.5515193 0.55172795 0.5597 0.5492279 0.24015395 0.23480119 0.55991095 0.5561231 0.56054413 0.56096655 0.5550743 0.5571734 0.55801463 0.55885684 0.55256313 0.5571734 0 0.48146042 0.48488855 0.21963823 0.22380453 0.48146042
0.9698763 0.22165129 0.2215169 0.2158949 0.51170486 0.51646805 0.47597006 0.54054296 0.5423956 0.5374654 0.5436332 0.5321607 0.48393473 0.47220686 0.5413658 0.54673624 0.5494359 0.54116 0.5384899 0.5436332 0.5415716 0.5430141 0.5362379 0.5448729 0.48146042 0 0.2188345 0.47089422 0.48089057 0.21856679
0.9554389 0.18340309 0.21442941 0.20991771 0.51229864 0.5134875 0.4752159 0.5446661 0.5473584 0.5444594 0.5448729 0.54322046 0.48355353 0.47729164 0.549644 0.55089366 0.5502686 0.5413658 0.5380799 0.54425275 0.54652894 0.5504769 0.5356249 0.55402696 0.48488855 0.2188345 0 0.47956264 0.48450688 0.1845533
0.96406794 0.47842628 0.47672495 0.46864927 0.5204606 0.52186304 0.23493797 0.5502686 0.5504769 0.5494359 0.5515193 0.5434268 0.2367183 0.23179846 0.55172795 0.55172795 0.5533992 0.54985213 0.54322046 0.5554936 0.5542363 0.5523542 0.54116 0.55172795 0.21963823 0.47089422 0.47956264 0 0.178566 0.47370988
0.9518725 0.4822209 0.47861555 0.4723946 0.5152744 0.51626897 0.23480119 0.54673624 0.547981 0.5492279 0.5502686 0.5444594 0.23891531 0.23384447 0.55089366 0.55277205 0.556543 0.5548647 0.55089366 0.5544457 0.5521454 0.5546552 0.54054296 0.55402696 0.22380453 0.48089057 0.48450688 0.178566 0 0.47861555
0.9709704 0.12342017 0.20978543 0.20385654 0.50815225 0.5142812 0.4769138 0.5438397 0.54694355 0.5446661 0.5448729 0.5360335 0.4820307 0.47823706 0.5481887 0.5542363 0.5557034 0.55110216 0.54694355 0.5492279 0.5475659 0.5521454 0.5407486 0.55381763 0.48146042 0.21856679 0.1845533 0.47370988 0.47861555 0
