0 0.6395176 0.7734957 0.7631891 1.0188149 1.0049399 0.64351636 0.6402217 0.7557565 0.7656831 1.0234975 1.0045581 1.0130024 0.9943229 1.014548 0.65181684 0.64729947 0.9898184 1.000751 0.99545324 0.98907024 0.98869646 0.99847597 0.9894442 0.98348296 1.002652 0.6489606 0.99056727 1.0099207 1.0060863
0.6395176 0 0.742453 0.72568804 1.0064689 0.99999183 0.33706275 0.33144122 0.7235857 0.72832423 1.0045581 0.9969631 1.0045581 0.9962078 0.99847597 0.48718274 0.4846977 0.99999183 0.9980974 1.0011308 0.9958304 0.9853408 0.97978103 0.9898184 1.01146 1.0015109 0.4018512 0.97978103 1.0003713 0.99658537
0.7734957 0.742453 0 0.3177218 1.0015109 0.9977191 0.7448788 0.74541897 0.32201102 0.32524413 1.000751 0.99169195 0.99658537 1.0060863 1.01146 0.74433905 0.7511142 1.0003713 0.990942 1.0122308 1.0034139 0.9980974 1.0049399 1.0015109 0.9894442 0.98051995 0.75466156 0.9950763 1.005704 0.9969631
0.7631891 0.72568804 0.3177218 0 0.9727974 0.9816297 0.7139384 0.7196597 0.23960319 0.2433287 1.0037951 0.9790429 0.99923354 1.0034139 0.9920673 0.7362889 0.73815954 0.9950763 0.9931942 0.9958304 0.9950763 0.98832285 0.96334505 0.9894442 0.9931942 0.9931942 0.732296 0.9898184 1.000751 0.98051995
1.0188149 1.0064689 1.0015109 0.9727974 0 0.20306955 0.99056727 0.9842255 0.9687838 0.97720057 0.9946995 0.61915225 1.0060863 0.99923354 1.0110749 0.9853408 0.98348296 1.0091523 1.0076177 0.98907024 0.99281836 0.9816297 0.98051995 0.982 0.9920673 0.9764649 0.9857129 0.9706055 0.98683035 0.34954855
1.0049399 0.99999183 0.9977191 0.9816297 0.20306955 0 1.0037951 0.98496884 0.96226203 0.98125964 0.99545324 0.6033384 1.0045581 0.9950763 1.0022715 0.98832285 0.99056727 0.99357027 0.99357027 0.9687838 0.96406794 0.982 0.9853408 0.97978103 0.9931942 0.9615409 0.99885464 0.9695119 0.98907024 0.34162202
0.64351636 0.33706275 0.7448788 0.7139384 0.99056727 1.0037951 0 0.20372532 0.7207046 0.7291169 1.0076177 1.001891 1.0110749 0.9860852 0.99961257 0.48660854 0.4858436 1.001891 0.99923354 1.0215429 1.0133885 0.9746289 0.97941184 0.9783054 0.99734104 0.9853408 0.41113606 0.98051995 0.9924427 0.98869646
0.6402217 0.33144122 0.74541897 0.7196597 0.9842255 0.98496884 0.20372532 0 0.72253674 0.72832423 0.9939465 0.99999183 0.9764649 0.9695119 0.9775687 0.48279172 0.4841254 0.96769285 0.9673296 0.9946995 0.9901927 0.9554389 0.9557965 0.959741 0.9698763 0.97316337 0.40219304 0.96190137 0.982 0.9801504
0.7557565 0.7235857 0.32201102 0.23960319 0.9687838 0.96226203 0.7207046 0.72253674 0 0.16810805 1.0157093 0.98348296 1.0015109 1.0099207 1.0103053 0.7293813 0.73575526 1.01146 1.0041765 0.9950763 0.990942 0.99056727 0.98832285 0.9924427 1.0068517 1.0080011 0.73522204 0.990942 0.99658537 0.97206604
0.7656831 0.72832423 0.32524413 0.2433287 0.97720057 0.98125964 0.7291169 0.72832423 0.16810805 0 0.990942 0.9920673 0.99056727 0.9969631 0.9901927 0.7336246 0.7333587 0.9946995 0.9872032 0.98907024 0.9842255 0.97316337 0.97867405 0.9753628 0.99961257 0.9962078 0.7338906 0.9779369 0.9838541 0.9946995
1.0234975 1.0045581 1.000751 1.0037951 0.9946995 0.99545324 1.0076177 0.9939465 1.0157093 0.990942 0 1.0015109 0.16138154 0.6336756 0.6439882 0.9946995 0.9980974 0.62649405 0.63019204 0.45202297 0.4507451 0.6255724 0.62926584 0.627186 0.7805406 0.7524766 1.0203725 0.35595062 0.35868815 1.0126165
1.0045581 0.9969631 0.99169195 0.9790429 0.61915225 0.6033384 1.001891 0.99999183 0.98348296 0.9920673 1.0015109 0 0.9962078 0.98907024 1.0195932 0.9838541 0.98869646 1.0003713 1.0030329 0.99658537 0.99545324 0.99658537 0.9779369 0.99734104 1.0180373 0.97170067 0.9946995 0.9695119 0.99056727 0.6202947
1.0130024 1.0045581 0.99658537 0.99923354 1.0060863 1.0045581 1.0110749 0.9764649 1.0015109 0.99056727 0.16138154 0.9962078 0 0.64233804 0.6470625 0.99734104 1.000751 0.62741685 0.63414127 0.45184028 0.44855958 0.62903446 0.62396216 0.6311194 0.7729349 0.75056994 1.0149349 0.35997987 0.3643559 1.018426
0.9943229 0.9962078 1.0060863 1.0034139 0.99923354 0.9950763 0.9860852 0.9695119 1.0099207 0.9969631 0.6336756 0.98907024 0.64233804 0 0.1438548 0.98237044 0.99131685 0.52608615 0.53094184 0.63228023 0.6353068 0.5291173 0.5613892 0.52972496 0.7579511 0.7421839 1.0030329 0.6258027 0.6306556 1.0262426
1.014548 0.99847597 1.01146 0.9920673 1.0110749 1.0022715 0.99961257 0.9775687 1.0103053 0.9901927 0.6439882 1.0195932 0.6470625 0.1438548 0 0.98869646 0.9920673 0.5301304 0.5346044 0.6357735 0.6376432 0.53134793 0.56520385 0.53134793 0.7598766 0.75767636 1.0157093 0.632745 0.6332101 1.0365276
0.65181684 0.48718274 0.74433905 0.7362889 0.9853408 0.98832285 0.48660854 0.48279172 0.7293813 0.7336246 0.9946995 0.9838541 0.99734104 0.98237044 0.98869646 0 0.06427736 0.98125964 0.9790429 0.99281836 0.990942 0.97720057 0.9738958 0.9816297 0.9783054 0.9827411 0.49294904 0.97316337 0.9853408 0.9977191
0.64729947 0.4846977 0.7511142 0.73815954 0.98348296 0.99056727 0.4858436 0.4841254 0.73575526 0.7333587 0.9980974 0.98869646 1.000751 0.99131685 0.9920673 0.06427736 0 0.9901927 0.9898184 1.0041765 1.000751 0.99169195 0.96841997 0.99734104 0.9801504 0.9808897 0.48967603 0.9775687 0.9950763 0.9977191
0.9898184 0.99999183 1.0003713 0.9950763 1.0091523 0.99357027 1.001891 0.96769285 1.01146 0.9946995 0.62649405 1.0003713 0.62741685 0.52608615 0.5301304 0.98125964 0.9901927 0 0.03815425 0.6205234 0.620981 0.23795332 0.56096655 0.23850287 0.756853 0.7620833 1.0164845 0.62006605 0.6304238 1.0060863
1.000751 0.9980974 0.990942 0.9931942 1.0076177 0.99357027 0.99923354 0.9673296 1.0041765 0.9872032 0.63019204 1.0030329 0.63414127 0.53094184 0.5346044 0.9790429 0.9898184 0.03815425 0 0.62006605 0.62143886 0.2430521 0.5656289 0.24402064 0.75520885 0.7609791 1.0118452 0.624192 0.6315835 1.0037951
0.99545324 1.0011308 1.0122308 0.9958304 0.98907024 0.9687838 1.0215429 0.9946995 0.9950763 0.98907024 0.45202297 0.99658537 0.45184028 0.63228023 0.6357735 0.99281836 1.0041765 0.6205234 0.62006605 0 0.028536052 0.62304366 0.6132396 0.62258476 0.7590508 0.74514884 1.0329514 0.42651764 0.44965157 1.0110749
0.98907024 0.9958304 1.0034139 0.9950763 0.99281836 0.96406794 1.0133885 0.9901927 0.990942 0.9842255 0.4507451 0.99545324 0.44855958 0.6353068 0.6376432 0.990942 1.000751 0.620981 0.62143886 0.028536052 0 0.620981 0.6141462 0.620981 0.7563045 0.74030316 1.0234975 0.42563516 0.44511214 1.0072346
0.98869646 0.9853408 0.9980974 0.98832285 0.9816297 0.982 0.9746289 0.9554389 0.99056727 0.97316337 0.6255724 0.99658537 0.62903446 0.5291173 0.53134793 0.97720057 0.99169195 0.23795332 0.2430521 0.62304366 0.620981 0 0.560333 0.010269996 0.74921095 0.75302225 1.0015109 0.6244219 0.6255724 0.9931942
0.99847597 0.97978103 1.0049399 0.96334505 0.98051995 0.9853408 0.97941184 0.9557965 0.98832285 0.97867405 0.62926584 0.9779369 0.62396216 0.5613892 0.56520385 0.9738958 0.96841997 0.56096655 0.5656289 0.6132396 0.6141462 0.560333 0 0.56223524 0.74164605 0.7376246 0.99169195 0.60043794 0.61482686 1.0049399
0.9894442 0.9898184 1.0015109 0.9894442 0.982 0.97978103 0.9783054 0.959741 0.9924427 0.9753628 0.627186 0.99734104 0.6311194 0.52972496 0.53134793 0.9816297 0.99734104 0.23850287 0.24402064 0.62258476 0.620981 0.010269996 0.56223524 0 0.75056994 0.75411475 1.0049399 0.6269553 0.62787867 0.9962078
0.98348296 1.01146 0.9894442 0.9931942 0.9920673 0.9931942 0.99734104 0.9698763 1.0068517 0.99961257 0.7805406 1.0180373 0.7729349 0.7579511 0.7598766 0.9783054 0.9801504 0.756853 0.75520885 0.7590508 0.7563045 0.74921095 0.74164605 0.75056994 0 0.56818426 1.0045581 0.75520885 0.74677104 0.99357027
1.002652 1.0015109 0.98051995 0.9931942 0.9764649 0.9615409 0.9853408 0.97316337 1.0080011 0.9962078 0.7524766 0.97170067 0.75056994 0.7421839 0.75767636 0.9827411 0.9808897 0.7620833 0.7609791 0.74514884 0.74030316 0.75302225 0.7376246 0.75411475 0.56818426 0 0.99658537 0.7365559 0.73842716 0.9738958
0.6489606 0.4018512 0.75466156 0.732296 0.9857129 0.99885464 0.41113606 0.40219304 0.73522204 0.7338906 1.0203725 0.9946995 1.0149349 1.0030329 1.0157093 0.49294904 0.48967603 1.0164845 1.0118452 1.0329514 1.0234975 1.0015109 0.99169195 1.0049399 1.0045581 0.99658537 0 1.0223241 1.01069 0.9943229
0.99056727 0.97978103 0.9950763 0.9898184 0.9706055 0.9695119 0.98051995 0.96190137 0.990942 0.9779369 0.35595062 0.9695119 0.35997987 0.6258027 0.632745 0.97316337 0.9775687 0.62006605 0.624192 0.42651764 0.42563516 0.6244219 0.60043794 0.6269553 0.75520885 0.7365559 1.0223241 0 0.34795654 0.99658537
1.0099207 1.0003713 1.005704 1.000751 0.98683035 0.98907024 0.9924427 0.982 0.99658537 0.9838541 0.35868815 0.99056727 0.3643559 0.6306556 0.6332101 0.9853408 0.9950763 0.6304238 0.6315835 0.44965157 0.44511214 0.6255724 0.61482686 0.62787867 0.74677104 0.73842716 1.01069 0.34795654 0 0.99847597
1.0060863 0.99658537 0.9969631 0.98051995 0.34954855 0.34162202 0.98869646 0.9801504 0.97206604 0.9946995 1.0126165 0.6202947 1.018426 1.0262426 1.0365276 0.9977191 0.9977191 1.0060863 1.0037951 1.0110749 1.0072346 0.9931942 1.0049399 0.9962078 0.99357027 0.9738958 0.9943229 0.99658537 0.99847597 0
