0 1.0133885 0.9860852 0.98496884 1.0397208 1.0469556 0.74921095 0.7557565 0.7585007 0.74893945 0.7397667 0.75056994 0.75822586 0.8668633 1.0137748 1.005704 1.0041765 0.87581104 0.8745262 1.0389212 1.0405211 1.0176488 0.66456366 1.0110749 0.6777777 1.0137748 1.0297868 0.7478545 0.7421839 1.030972
1.0133885 0 1.0022715 1.0180373 1.01146 0.9977191 1.0254573 1.0231062 1.025065 1.0141612 1.0060863 1.0045581 1.018426 1.0157093 0.9433819 0.9497408 0.23398107 1.01069 0.99545324 0.98237044 0.99545324 0.23754142 1.019204 0.23562221 1.0282096 0.99885464 1.0003713 0.9962078 1.01069 0.99847597
0.9860852 1.0022715 0 0.22826521 0.5637181 0.5694652 1.0049399 0.99545324 1.0003713 0.99357027 0.98496884 0.98348296 0.99923354 0.98348296 0.9943229 1.001891 0.99734104 0.97170067 0.97024083 0.56839764 0.56626695 1.0068517 1.0234975 0.9962078 1.0219333 0.44042012 0.5761186 1.0080011 0.9853408 0.5519366
0.98496884 1.0180373 0.22826521 0 0.57482624 0.5720337 1.0211525 1.0087683 1.0060863 0.9980974 0.99734104 0.99357027 1.0157093 0.9962078 1.0110749 1.0211525 0.99999183 0.9894442 0.9857129 0.5754721 0.573751 1.0099207 1.0238891 1.0003713 1.0289978 0.44874147 0.5778452 1.005704 0.9962078 0.5703204
1.0397208 1.01146 0.5637181 0.57482624 0 0.20175974 1.0246727 1.0099207 1.0099207 0.99923354 0.990942 1.0160967 1.0099207 0.99847597 0.99357027 0.9962078 1.0126165 1.0118452 1.01069 0.5022683 0.5065787 1.0231062 1.0195932 1.0141612 1.0293922 0.57871 0.42793173 1.0049399 1.0041765 0.28426346
1.0469556 0.9977191 0.5694652 0.5720337 0.20175974 0 1.0429276 1.025065 1.0329514 1.0157093 1.0053219 1.0254573 1.019204 1.001891 0.9801504 0.9831119 0.99357027 1.0122308 1.0064689 0.4943009 0.4979826 1.0099207 1.033348 0.9977191 1.0289978 0.5800091 0.42828566 1.0301816 1.0103053 0.28748423
0.74921095 1.0254573 1.0049399 1.0211525 1.0246727 1.0429276 0 0.17565337 0.36078832 0.35178307 0.35578993 0.614373 0.3562722 0.8713238 1.0099207 1.0149349 1.0118452 0.87420535 0.8684533 1.0397208 1.0563028 1.0180373 0.7481256 1.0176488 0.77209455 1.0325551 1.0337447 0.35482633 0.363706 1.0389212
0.7557565 1.0231062 0.99545324 1.0087683 1.0099207 1.025065 0.17565337 0 0.35772082 0.3487521 0.35002682 0.610075 0.35306293 0.86654574 0.99961257 1.0087683 1.0242808 0.8640098 0.86337715 1.0266355 1.0397208 1.0270288 0.74057156 1.0274222 0.75520885 1.0049399 1.0049399 0.35178307 0.36030313 1.0219333
0.7585007 1.025065 1.0003713 1.0060863 1.0099207 1.0329514 0.36078832 0.35772082 0 0.16585916 0.21616167 0.6078228 0.21536165 0.8424862 0.9901927 1.0030329 1.0168724 0.8502134 0.84187144 1.0160967 1.0282096 1.0149349 0.7408401 1.0080011 0.7656831 1.0060863 0.9977191 0.34907058 0.31254622 1.0231062
0.74893945 1.0141612 0.99357027 0.9980974 0.99923354 1.0157093 0.35178307 0.3487521 0.16585916 0 0.21203749 0.59910303 0.21270114 0.85770726 0.9857129 1.0015109 0.99658537 0.8700467 0.8621135 1.01069 1.0207624 1.0034139 0.7486681 0.9943229 0.7690214 0.99885464 0.982 0.34446594 0.30665317 1.0045581
0.7397667 1.0060863 0.98496884 0.99734104 0.990942 1.0053219 0.35578993 0.35002682 0.21616167 0.21203749 0 0.60894805 0.14555272 0.863061 0.97867405 0.99056727 1.0091523 0.8608519 0.8542633 0.9838541 1.0003713 1.014548 0.73495555 1.000751 0.761531 0.98907024 0.9827411 0.3439912 0.30409884 1.0015109
0.75056994 1.0045581 0.98348296 0.99357027 1.0160967 1.0254573 0.614373 0.610075 0.6078228 0.59910303 0.60894805 0 0.61142963 0.8605368 0.9790429 0.98757625 1.0099207 0.8621135 0.85959244 0.9962078 1.0068517 1.0126165 0.75056994 1.0045581 0.7563045 1.01146 1.001891 0.6008834 0.6109778 0.99999183
0.75822586 1.018426 0.99923354 1.0157093 1.0099207 1.019204 0.3562722 0.35306293 0.21536165 0.21270114 0.14555272 0.61142963 0 0.86813504 0.98683035 0.99961257 1.01146 0.864643 0.85896355 0.9962078 1.0130024 1.0188149 0.75138646 1.0091523 0.76790696 1.0068517 0.9943229 0.35002682 0.30831063 1.0103053
0.8668633 1.0157093 0.98348296 0.9962078 0.99847597 1.001891 0.8713238 0.86654574 0.8424862 0.85770726 0.863061 0.8605368 0.86813504 0 1.0068517 1.0015109 1.0041765 0.113582425 0.11056338 1.0072346 1.0160967 1.0164845 0.8611671 1.0072346 0.8851922 1.002652 0.98869646 0.8573935 0.85582674 0.98869646
1.0137748 0.9433819 0.9943229 1.0110749 0.99357027 0.9801504 1.0099207 0.99961257 0.9901927 0.9857129 0.97867405 0.9790429 0.98683035 1.0068517 0 0.086838774 0.9322085 1.0072346 1.0076177 0.9943229 0.9962078 0.92909575 0.98237044 0.928061 0.9860852 1.0118452 1.0041765 0.9790429 0.9857129 0.9779369
1.005704 0.9497408 1.001891 1.0211525 0.9962078 0.9831119 1.0149349 1.0087683 1.0030329 1.0015109 0.99056727 0.98757625 0.99961257 1.0015109 0.086838774 0 0.93812364 1.0003713 0.9980974 0.9946995 0.99658537 0.9335961 0.98496884 0.9301319 0.9980974 1.0118452 1.005704 0.9801504 1.0015109 0.98794943
1.0041765 0.23398107 0.99734104 0.99999183 1.0126165 0.99357027 1.0118452 1.0242808 1.0168724 0.99658537 1.0091523 1.0099207 1.01146 1.0041765 0.9322085 0.93812364 0 1.0180373 0.99961257 0.98907024 1.0011308 0.06613177 1.0180373 0.064386316 1.0349361 1.0091523 0.9901927 0.9939465 1.0034139 0.9958304
0.87581104 1.01069 0.97170067 0.9894442 1.0118452 1.0122308 0.87420535 0.8640098 0.8502134 0.8700467 0.8608519 0.8621135 0.864643 0.113582425 1.0072346 1.0003713 1.0180373 0 0.065476745 1.0130024 1.0203725 1.0270288 0.86337715 1.018426 0.8835664 1.0041765 0.98794943 0.8542633 0.86337715 0.99961257
0.8745262 0.99545324 0.97024083 0.9857129 1.01069 1.0064689 0.8684533 0.86337715 0.84187144 0.8621135 0.8542633 0.85959244 0.85896355 0.11056338 1.0076177 0.9980974 0.99961257 0.065476745 0 1.0137748 1.0207624 1.0133885 0.8608519 1.0045581 0.8920595 1.0003713 0.99281836 0.85207987 0.8611671 0.9958304
1.0389212 0.98237044 0.56839764 0.5754721 0.5022683 0.4943009 1.0397208 1.0266355 1.0160967 1.01069 0.9838541 0.9962078 0.9962078 1.0072346 0.9943229 0.9946995 0.98907024 1.0130024 1.0137748 0 0.06210155 0.99545324 0.99734104 0.98645765 1.000751 0.5791428 0.5091374 1.005704 1.0099207 0.5024637
1.0405211 0.99545324 0.56626695 0.573751 0.5065787 0.4979826 1.0563028 1.0397208 1.0282096 1.0207624 1.0003713 1.0068517 1.0130024 1.0160967 0.9962078 0.99658537 1.0011308 1.0203725 1.0207624 0.06210155 0 1.0030329 1.0103053 0.99885464 1.0103053 0.5763342 0.51487696 1.0126165 1.0246727 0.50736505
1.0176488 0.23754142 1.0068517 1.0099207 1.0231062 1.0099207 1.0180373 1.0270288 1.0149349 1.0034139 1.014548 1.0126165 1.0188149 1.0164845 0.92909575 0.9335961 0.06613177 1.0270288 1.0133885 0.99545324 1.0030329 0 1.0238891 0.03889114 1.0409217 1.0238891 0.99847597 0.9958304 1.0015109 1.0053219
0.66456366 1.019204 1.0234975 1.0238891 1.0195932 1.033348 0.7481256 0.74057156 0.7408401 0.7486681 0.73495555 0.75056994 0.75138646 0.8611671 0.98237044 0.98496884 1.0180373 0.86337715 0.8608519 0.99734104 1.0103053 1.0238891 0 1.0160967 0.51190275 1.0465518 1.0373245 0.73522204 0.75603044 1.0254573
1.0110749 0.23562221 0.9962078 1.0003713 1.0141612 0.9977191 1.0176488 1.0274222 1.0080011 0.9943229 1.000751 1.0045581 1.0091523 1.0072346 0.928061 0.9301319 0.064386316 1.018426 1.0045581 0.98645765 0.99885464 0.03889114 1.0160967 0 1.0278157 1.0149349 0.9901927 0.99999183 1.0003713 0.99131685
0.6777777 1.0282096 1.0219333 1.0289978 1.0293922 1.0289978 0.77209455 0.75520885 0.7656831 0.7690214 0.761531 0.7563045 0.76790696 0.8851922 0.9860852 0.9980974 1.0349361 0.8835664 0.8920595 1.000751 1.0103053 1.0409217 0.51190275 1.0278157 0 1.0421246 1.0449389 0.74975425 0.7587757 1.0274222
1.0137748 0.99885464 0.44042012 0.44874147 0.57871 0.5800091 1.0325551 1.0049399 1.0060863 0.99885464 0.98907024 1.01146 1.0068517 1.002652 1.0118452 1.0118452 1.0091523 1.0041765 1.0003713 0.5791428 0.5763342 1.0238891 1.0465518 1.0149349 1.0421246 0 0.5789264 1.014548 1.0011308 0.56626695
1.0297868 1.0003713 0.5761186 0.5778452 0.42793173 0.42828566 1.0337447 1.0049399 0.9977191 0.982 0.9827411 1.001891 0.9943229 0.98869646 1.0041765 1.005704 0.9901927 0.98794943 0.99281836 0.5091374 0.51487696 0.99847597 1.0373245 0.9901927 1.0449389 0.5789264 0 1.0030329 0.99357027 0.43165645
0.7478545 0.9962078 1.0080011 1.005704 1.0049399 1.0301816 0.35482633 0.35178307 0.34907058 0.34446594 0.3439912 0.6008834 0.35002682 0.8573935 0.9790429 0.9801504 0.9939465 0.8542633 0.85207987 1.005704 1.0126165 0.9958304 0.73522204 0.99999183 0.74975425 1.014548 1.0030329 0 0.35917228 1.0118452
0.7421839 1.01069 0.9853408 0.9962078 1.0041765 1.0103053 0.363706 0.36030313 0.31254622 0.30665317 0.30409884 0.6109778 0.30831063 0.85582674 0.9857129 1.0015109 1.0034139 0.86337715 0.8611671 1.0099207 1.0246727 1.0015109 0.75603044 1.0003713 0.7587757 1.0011308 0.99357027 0.35917228 0 1.0083846
1.030972 0.99847597 0.5519366 0.5703204 0.28426346 0.28748423 1.0389212 1.0219333 1.0231062 1.0045581 1.0015109 0.99999183 1.0103053 0.98869646 0.9779369 0.98794943 0.9958304 0.99961257 0.9958304 0.5024637 0.50736505 1.0053219 1.0254573 0.99131685 1.0274222 0.56626695 0.43165645 1.0118452 1.0083846 0
