0 0.64516914 1.0242808 1.032159 0.5393104 0.5473584 0.5471509 0.8209652 0.82066643 0.6442242 0.64564204 0.6580429 0.78195757 0.8079317 0.814124 0.82395923 0.6444604 0.63998693 1.0337447 1.0345387 0.82877463 0.8263631 0.81679356 0.82606214 0.9339434 0.9349863 0.8088132 0.8047084 0.81323624 0.8105793
0.64516914 0 1.019204 1.019204 0.6357735 0.6442242 0.63414127 0.7862246 0.799754 0.51886106 0.52367 0.48660854 0.7791263 0.8000446 0.78508437 0.7902292 0.20635414 0.20411906 1.0172604 1.0130024 0.8076381 0.8038317 0.79888314 0.8017901 0.959741 0.9497408 0.78994244 0.7763057 0.78736657 0.7656831
1.0242808 1.019204 0 0.20346294 1.0172604 1.0172604 1.0238891 1.0313674 1.0449389 0.9816297 0.9687838 1.0270288 1.0083846 1.019204 1.0341415 1.0345387 1.0195932 1.0231062 0.6031149 0.6091733 1.0542608 1.0530384 1.0461482 1.0485728 1.0157093 0.99923354 1.0329514 1.0567118 1.0505993 1.0211525
1.032159 1.019204 0.20346294 0 1.0141612 1.0072346 1.0188149 1.0219333 1.0282096 0.97609735 0.9669665 1.0409217 1.0076177 1.0137748 1.0223241 1.030972 1.0203725 1.0242808 0.5907033 0.5984365 1.0417235 1.0385218 1.0345387 1.0357314 1.025065 1.0087683 1.0053219 1.0510052 1.0445362 1.0045581
0.5393104 0.6357735 1.0172604 1.0141612 0 0.19110468 0.1953745 0.790803 0.79859304 0.6353068 0.6376432 0.6421026 0.761255 0.78565425 0.79310274 0.8017901 0.6336756 0.6343742 1.0337447 1.0282096 0.81709075 0.8150128 0.78394586 0.81234956 0.93847305 0.929441 0.7862246 0.7885103 0.7845149 0.79598737
0.5473584 0.6442242 1.0172604 1.0072346 0.19110468 0 0.17061472 0.8023729 0.8055861 0.64587855 0.64967364 0.64872307 0.7667942 0.778279 0.80441606 0.81087404 0.6413967 0.64328057 1.0357314 1.0278157 0.82156307 0.8212641 0.7980132 0.8203678 0.9346385 0.92909575 0.7977235 0.8000446 0.790803 0.8041238
0.5471509 0.63414127 1.0238891 1.0188149 0.1953745 0.17061472 0 0.8055861 0.8079317 0.63998693 0.64328057 0.64872307 0.76429653 0.7805406 0.80851924 0.812645 0.6371753 0.63834554 1.0301816 1.0325551 0.8212641 0.81977093 0.7980132 0.81738806 0.93672764 0.94267863 0.8003352 0.80295604 0.79512084 0.8105793
0.8209652 0.7862246 1.0313674 1.0219333 0.790803 0.8023729 0.8055861 0 0.13136052 0.76846397 0.7751804 0.7734957 0.5436332 0.55675304 0.13005109 0.13136052 0.78565425 0.78167397 1.0203725 1.0207624 0.620981 0.6155082 0.43041283 0.6205234 0.93255514 0.9568702 0.3133051 0.62880313 0.6193806 0.26593643
0.82066643 0.799754 1.0449389 1.0282096 0.79859304 0.8055861 0.8079317 0.13136052 0 0.77884376 0.78195757 0.77884376 0.5399264 0.5523542 0.12981327 0.12921901 0.8038317 0.7980132 1.0297868 1.0262426 0.63088745 0.62534213 0.43916187 0.6285719 0.9388226 0.9483231 0.31421676 0.62880313 0.617328 0.26836383
0.6442242 0.51886106 0.9816297 0.97609735 0.6353068 0.64587855 0.63998693 0.76846397 0.77884376 0 0.10077738 0.52952236 0.776869 0.79109013 0.7681854 0.7726547 0.51547325 0.5091374 0.982 0.9831119 0.8156059 0.812645 0.77771467 0.8153093 0.9543672 0.929441 0.7836615 0.7928149 0.782809 0.77181464
0.64564204 0.52367 0.9687838 0.9669665 0.6376432 0.64967364 0.64328057 0.7751804 0.78195757 0.10077738 0 0.53033316 0.77181464 0.782809 0.7709756 0.7791263 0.5174642 0.5111116 0.9779369 0.9779369 0.8094014 0.80617183 0.7802575 0.8073446 0.94267863 0.92359364 0.782809 0.7845149 0.78195757 0.7746184
0.6580429 0.48660854 1.0270288 1.0409217 0.6421026 0.64872307 0.64872307 0.7734957 0.77884376 0.52952236 0.53033316 0 0.7667942 0.7836615 0.76846397 0.77715075 0.47729164 0.47766966 1.0199828 1.0141612 0.83028585 0.8221614 0.793967 0.82186216 0.9611805 0.93777436 0.77489936 0.8003352 0.7842303 0.7813905
0.78195757 0.7791263 1.0083846 1.0076177 0.761255 0.7667942 0.76429653 0.5436332 0.5399264 0.776869 0.77181464 0.7667942 0 0.10272439 0.54013187 0.5397211 0.7659607 0.7706961 0.99999183 0.9857129 0.6049049 0.6046809 0.5331779 0.60872287 0.94162506 0.9370764 0.5389 0.58544624 0.58653843 0.537056
0.8079317 0.8000446 1.019204 1.0137748 0.78565425 0.778279 0.7805406 0.55675304 0.5523542 0.79109013 0.782809 0.7836615 0.10272439 0 0.5573836 0.5504769 0.7799746 0.782809 1.0034139 0.990942 0.60849774 0.6118817 0.5473584 0.6150539 0.9472615 0.9440858 0.5494359 0.5973268 0.5957761 0.5471509
0.814124 0.78508437 1.0341415 1.0223241 0.79310274 0.80441606 0.80851924 0.13005109 0.12981327 0.7681854 0.7709756 0.76846397 0.54013187 0.5573836 0 0.08426087 0.7882242 0.78736657 1.0473596 1.0405211 0.6262635 0.6164175 0.43539977 0.618924 0.9301319 0.93672764 0.3119397 0.6283408 0.614373 0.2609634
0.82395923 0.7902292 1.0345387 1.030972 0.8017901 0.81087404 0.812645 0.13136052 0.12921901 0.7726547 0.7791263 0.77715075 0.5397211 0.5504769 0.08426087 0 0.7916646 0.78879654 1.0421246 1.0477637 0.6297288 0.6216679 0.4330803 0.6244219 0.932902 0.9479691 0.31057674 0.63228023 0.62075216 0.2638011
0.6444604 0.20635414 1.0195932 1.0203725 0.6336756 0.6413967 0.6371753 0.78565425 0.8038317 0.51547325 0.5174642 0.47729164 0.7659607 0.7799746 0.7882242 0.7916646 0 0.07757733 1.018426 1.0207624 0.8094014 0.8096957 0.80441606 0.8105793 0.96479154 0.92840576 0.7825251 0.7890828 0.78708094 0.776869
0.63998693 0.20411906 1.0231062 1.0242808 0.6343742 0.64328057 0.63834554 0.78167397 0.7980132 0.5091374 0.5111116 0.47766966 0.7706961 0.782809 0.78736657 0.78879654 0.07757733 0 1.025065 1.0242808 0.8088132 0.806758 0.8047084 0.8073446 0.95508146 0.92462224 0.77884376 0.7822413 0.7893693 0.7746184
1.0337447 1.0172604 0.6031149 0.5907033 1.0337447 1.0357314 1.0301816 1.0203725 1.0297868 0.982 0.9779369 1.0199828 0.99999183 1.0034139 1.0473596 1.0421246 1.018426 1.025065 0 0.07348531 1.0389212 1.0373245 1.0401208 1.0397208 1.0130024 0.9931942 1.0188149 1.0297868 1.0469556 1.0180373
1.0345387 1.0130024 0.6091733 0.5984365 1.0282096 1.0278157 1.0325551 1.0207624 1.0262426 0.9831119 0.9779369 1.0141612 0.9857129 0.990942 1.0405211 1.0477637 1.0207624 1.0242808 0.07348531 0 1.0282096 1.025065 1.0289978 1.0305767 1.0064689 0.99281836 1.0160967 1.0149349 1.0297868 1.0141612
0.82877463 0.8076381 1.0542608 1.0417235 0.81709075 0.82156307 0.8212641 0.620981 0.63088745 0.8156059 0.8094014 0.83028585 0.6049049 0.60849774 0.6262635 0.6297288 0.8094014 0.8088132 1.0389212 1.0282096 0 0.066678055 0.6262635 0.06384169 0.9536536 0.95615417 0.62235546 0.44384602 0.44294295 0.6161901
0.8263631 0.8038317 1.0530384 1.0385218 0.8150128 0.8212641 0.81977093 0.6155082 0.62534213 0.812645 0.80617183 0.8221614 0.6046809 0.6118817 0.6164175 0.6216679 0.8096957 0.806758 1.0373245 1.025065 0.066678055 0 0.6164175 0.032493845 0.9557965 0.95615417 0.6161901 0.442582 0.43880278 0.60872287
0.81679356 0.79888314 1.0461482 1.0345387 0.78394586 0.7980132 0.7980132 0.43041283 0.43916187 0.77771467 0.7802575 0.793967 0.5331779 0.5473584 0.43539977 0.4330803 0.80441606 0.8047084 1.0401208 1.0289978 0.6262635 0.6164175 0 0.6212099 0.9511613 0.9497408 0.43808508 0.6193806 0.6112037 0.42881688
0.82606214 0.8017901 1.0485728 1.0357314 0.81234956 0.8203678 0.81738806 0.6205234 0.6285719 0.8153093 0.8073446 0.82186216 0.60872287 0.6150539 0.618924 0.6244219 0.8105793 0.8073446 1.0397208 1.0305767 0.06384169 0.032493845 0.6212099 0 0.9504507 0.95794547 0.62189704 0.44656178 0.442582 0.6116556
0.9339434 0.959741 1.0157093 1.025065 0.93847305 0.9346385 0.93672764 0.93255514 0.9388226 0.9543672 0.94267863 0.9611805 0.94162506 0.9472615 0.9301319 0.932902 0.96479154 0.95508146 1.0130024 1.0064689 0.9536536 0.9557965 0.9511613 0.9504507 0 0.34051898 0.9335961 0.9536536 0.9405729 0.94127417
0.9349863 0.9497408 0.99923354 1.0087683 0.929441 0.92909575 0.94267863 0.9568702 0.9483231 0.929441 0.92359364 0.93777436 0.9370764 0.9440858 0.93672764 0.9479691 0.92840576 0.92462224 0.9931942 0.99281836 0.95615417 0.95615417 0.9497408 0.95794547 0.34051898 0 0.94479036 0.9626228 0.94867724 0.9440858
0.8088132 0.78994244 1.0329514 1.0053219 0.7862246 0.7977235 0.8003352 0.3133051 0.31421676 0.7836615 0.782809 0.77489936 0.5389 0.5494359 0.3119397 0.31057674 0.7825251 0.77884376 1.0188149 1.0160967 0.62235546 0.6161901 0.43808508 0.62189704 0.9335961 0.94479036 0 0.62880313 0.6175558 0.31360888
0.8047084 0.7763057 1.0567118 1.0510052 0.7885103 0.8000446 0.80295604 0.62880313 0.62880313 0.7928149 0.7845149 0.8003352 0.58544624 0.5973268 0.6283408 0.63228023 0.7890828 0.7822413 1.0297868 1.0149349 0.44384602 0.442582 0.6193806 0.44656178 0.9536536 0.9626228 0.62880313 0 0.2699387 0.620981
0.81323624 0.78736657 1.0505993 1.0445362 0.7845149 0.790803 0.79512084 0.6193806 0.617328 0.782809 0.78195757 0.7842303 0.58653843 0.5957761 0.614373 0.62075216 0.78708094 0.7893693 1.0469556 1.0297868 0.44294295 0.43880278 0.6112037 0.442582 0.9405729 0.94867724 0.6175558 0.2699387 0 0.61142963
0.8105793 0.7656831 1.0211525 1.0045581 0.79598737 0.8041238 0.8105793 0.26593643 0.26836383 0.77181464 0.7746184 0.7813905 0.537056 0.5471509 0.2609634 0.2638011 0.776869 0.7746184 1.0180373 1.0141612 0.6161901 0.60872287 0.42881688 0.6116556 0.94127417 0.9440858 0.31360888 0.620981 0.61142963 0
