0 0.9970576625 1.0278944925 1.0354083925 1.0111622925 1.0157942925 1.0397930925 1.0196762925 1.0326312925 0.9230387925 1.0103929925 1.0103929925 1.0054121925 0.9993269325 1.0154071925 0.9278442925 1.0358058925 1.0366016925 1.0263220925 0.9226966925 0.9264680925 1.0366016925 1.0247530925 1.0358058925 1.0212346925 0.9302585925 1.0177326925 1.0054121925 1.0286818925 1.0031242925
0.9970576625 0 0.9966800925 0.6451688225 0.3051713525 0.5346688525 0.5281734925 0.9993269325 1.0027437925 0.9773048925 0.3065236625 0.8086976925 0.3122603925 0.8045960925 0.8157815925 0.9751011925 0.6390521425 0.6456414325 0.6421042525 0.9865574925 0.9970576625 0.6411637925 0.7852718925 0.6416338525 0.8116411925 1.0073239925 1.0103929925 0.5187343925 0.5231378925 0.5227365325
1.0278944925 0.9966800925 0 1.0027437925 0.9899164925 1.0012232925 1.0142470925 0.2926661225 0.2984461925 1.0050303925 0.9944187925 1.0165689925 0.9832133925 1.0054121925 1.0103929925 0.9997058325 0.9970576625 1.0173446925 1.0181210925 0.9873026425 0.9997058325 1.0267148925 0.9699841925 1.0255372925 1.0027437925 1.0161815925 0.4026653325 0.9828427325 0.9821019925 0.9929149925
1.0354083925 0.6451688225 1.0027437925 0 0.6432814425 0.6558748325 0.6570738425 1.0227963925 1.0196762925 1.0318396925 0.6489578925 0.8190508325 0.6371799925 0.8051806925 0.8075235325 1.0054121925 0.2658386925 0.2646999525 0.3892796925 1.0100086925 1.0196762925 0.3909609125 0.7841337925 0.3907926225 0.8202432225 1.0385946925 0.9921642425 0.6346135625 0.6503837525 0.6367127925
1.0111622925 0.3051713525 0.9899164925 0.6432814425 0 0.5301972525 0.5197329325 0.9959255325 1.0080899925 0.9824722925 0.2106546425 0.7976166425 0.2092002625 0.7821462625 0.7884105325 0.9762022925 0.6430458325 0.6435170925 0.6369463925 0.9758350925 0.9861851925 0.6374137925 0.7770595925 0.6374137925 0.8078168925 0.9959255325 0.9940425625 0.5137615925 0.5137615925 0.5203326925
1.0157942925 0.5346688525 1.0012232925 0.6558748325 0.5301972525 0 0.2240073225 0.9910395625 1.0012232925 1.0150202925 0.5393722925 0.8181578325 0.5336501925 0.7950159925 0.7961706925 1.0188982925 0.6580344925 0.6606824925 0.6503837525 1.0012232925 1.0165689925 0.6582747925 0.7824298625 0.6577941925 0.8208400925 1.0393934925 1.0080899925 0.4659526525 0.4640948325 0.3926459425
1.0397930925 0.5281734925 1.0142470925 0.6570738425 0.5197329325 0.2240073225 0 1.0111622925 1.0150202925 1.0065585925 0.5308054525 0.8063512325 0.5241422925 0.8045960925 0.8037201625 1.0134746925 0.6520506925 0.6606824925 0.6475347925 0.9951717925 1.0069411925 0.6530049325 0.7734071925 0.6527661925 0.8298509925 1.0314442925 1.0255372925 0.4700561325 0.4721162925 0.4014695725
1.0196762925 0.9993269325 0.2926661225 1.0227963925 0.9959255325 0.9910395625 1.0111622925 0 0.1866901225 1.0154071925 0.9940425625 1.0255372925 0.9791463425 1.0096245925 1.0154071925 0.9947951925 1.0127030925 1.0150202925 1.0130887925 0.9802533225 0.9921642425 1.0185095925 0.9835841925 1.0177326925 1.0130887925 1.0107775925 0.4011282725 0.9795151925 0.9751011925 0.9981913925
1.0326312925 1.0027437925 0.2984461925 1.0196762925 1.0080899925 1.0012232925 1.0150202925 0.1866901225 0 1.0115471925 0.9966800925 1.0334236925 0.9955485925 1.0290758925 1.0366016925 1.0004641225 1.0196762925 1.0326312925 1.0255372925 0.9824722925 0.9936664925 1.0290758925 1.0004641225 1.0282879925 1.0185095925 1.0294700925 0.4048911225 0.9989482625 1.0008435925 1.0103929925
0.9230387925 0.9773048925 1.0050303925 1.0318396925 0.9824722925 1.0150202925 1.0065585925 1.0154071925 1.0115471925 0 0.9809922425 1.0088568925 0.9795151925 1.0038861925 1.0181210925 0.1963660125 1.0227963925 1.0346137925 1.0271077925 0.2001410725 0.2013165225 1.0259295925 0.9951717925 1.0243613925 1.0255372925 0.4298207925 1.0088568925 1.0012232925 0.9970576625 1.0080899925
1.0103929925 0.3065236625 0.9944187925 0.6489578925 0.2106546425 0.5393722925 0.5308054525 0.9940425625 0.9966800925 0.9809922425 0 0.8002262925 0.1699579625 0.7745291425 0.7866968925 0.9780409925 0.6449326925 0.6475347925 0.6355457925 0.9850693925 0.9914142925 0.6343806925 0.7720071525 0.6350795525 0.8048883525 0.9944187925 0.9963026925 0.5197329325 0.5171394925 0.5233386925
1.0103929925 0.8086976925 1.0165689925 0.8190508325 0.7976166425 0.8181578325 0.8063512325 1.0255372925 1.0334236925 1.0088568925 0.8002262925 0 0.8025536925 0.7383643225 0.7383643225 1.0027437925 0.8081103925 0.8048883525 0.8137085325 0.9940425625 1.0019831925 0.8145962925 0.6652785425 0.8137085325 0.7346289925 1.0065585925 1.0154071925 0.7884105325 0.7869822225 0.8022623925
1.0054121925 0.3122603925 0.9832133925 0.6371799925 0.2092002625 0.5336501925 0.5241422925 0.9791463425 0.9955485925 0.9795151925 0.1699579625 0.8025536925 0 0.7835653925 0.7909883925 0.9861851925 0.6423394925 0.6388178325 0.6315916925 0.9802533225 0.9917891425 0.6362457925 0.7706096925 0.6367127925 0.7993554325 1.0050303925 0.9869299425 0.5088214925 0.5209328925 0.5165422925
0.9993269325 0.8045960925 1.0054121925 0.8051806925 0.7821462625 0.7950159925 0.8045960925 1.0096245925 1.0290758925 1.0038861925 0.7745291425 0.7383643225 0.7835653925 0 0.1510197625 0.9966800925 0.8089915325 0.8002262925 0.8043039925 0.9891687525 1.0016030925 0.8010982925 0.7248456925 0.8013891425 0.5229372225 0.9940425625 0.9843263925 0.7650459225 0.7812960625 0.7821462625
1.0154071925 0.8157815925 1.0103929925 0.8075235325 0.7884105325 0.7961706925 0.8037201625 1.0154071925 1.0366016925 1.0181210925 0.7866968925 0.7383643225 0.7909883925 0.1510197625 0 1.0012232925 0.8137085325 0.8040120425 0.8013891425 0.9955485925 1.0042673925 0.8010982925 0.7227469925 0.8005168925 0.5352806325 1.0084733925 0.9846977925 0.7614513925 0.7731269925 0.7810128925
0.9278442925 0.9751011925 0.9997058325 1.0054121925 0.9762022925 1.0188982925 1.0134746925 0.9947951925 1.0004641225 0.1963660125 0.9780409925 1.0027437925 0.9861851925 0.9966800925 1.0012232925 0 1.0035051925 1.0130887925 1.0027437925 0.1208336325 0.1221262325 1.0038861925 0.9932906525 1.0031242925 1.0100086925 0.4232905625 0.9944187925 0.9762022925 1.0073239925 1.0107775925
1.0358058925 0.6390521425 0.9970576625 0.2658386925 0.6430458325 0.6580344925 0.6520506925 1.0127030925 1.0196762925 1.0227963925 0.6449326925 0.8081103925 0.6423394925 0.8089915325 0.8137085325 1.0035051925 0 0.1220086325 0.3822593525 0.9944187925 1.0107775925 0.3884404725 0.7878388625 0.3881050525 0.8092854925 1.0389940925 1.0065585925 0.6295067525 0.6449326925 0.6392864425
1.0366016925 0.6456414325 1.0173446925 0.2646999525 0.6435170925 0.6606824925 0.6606824925 1.0150202925 1.0326312925 1.0346137925 0.6475347925 0.8048883525 0.6388178325 0.8002262925 0.8040120425 1.0130887925 0.1220086325 0 0.3820929925 1.0000848625 1.0169567925 0.3869322725 0.7864116925 0.3860956925 0.8128218525 1.0369998925 1.0130887925 0.6320557925 0.6449326925 0.6383494925
1.0263220925 0.6421042525 1.0181210925 0.3892796925 0.6369463925 0.6503837525 0.6475347925 1.0130887925 1.0255372925 1.0271077925 0.6355457925 0.8137085325 0.6315916925 0.8043039925 0.8013891425 1.0027437925 0.3822593525 0.3820929925 0 1.0004641225 1.0134746925 0.0895599425 0.7864116925 0.0894473425 0.8163749425 1.0302590925 1.0107775925 0.6228277525 0.6489578925 0.6390521425
0.9226966925 0.9865574925 0.9873026425 1.0100086925 0.9758350925 1.0012232925 0.9951717925 0.9802533225 0.9824722925 0.2001410725 0.9850693925 0.9940425625 0.9802533225 0.9891687525 0.9955485925 0.1208336325 0.9944187925 1.0000848625 1.0004641225 0 0.0355813825 1.0016030925 0.9884217225 1.0008435925 1.0054121925 0.4287579525 0.9850693925 0.9707131225 0.9929149925 0.9925395925
0.9264680925 0.9970576625 0.9997058325 1.0196762925 0.9861851925 1.0165689925 1.0069411925 0.9921642425 0.9936664925 0.2013165225 0.9914142925 1.0019831925 0.9917891425 1.0016030925 1.0042673925 0.1221262325 1.0107775925 1.0169567925 1.0134746925 0.0355813825 0 1.0142470925 0.9966800925 1.0134746925 1.0185095925 0.4294663225 0.9944187925 0.9773048925 1.0077068925 1.0023632925
1.0366016925 0.6411637925 1.0267148925 0.3909609125 0.6374137925 0.6582747925 0.6530049325 1.0185095925 1.0290758925 1.0259295925 0.6343806925 0.8145962925 0.6362457925 0.8010982925 0.8010982925 1.0038861925 0.3884404725 0.3869322725 0.0895599425 1.0016030925 1.0142470925 0 0.7827135925 0.00157310000000003 0.8101679925 1.0282879925 1.0200654925 0.6237454925 0.6539603325 0.6339150925
1.0247530925 0.7852718925 0.9699841925 0.7841337925 0.7770595925 0.7824298625 0.7734071925 0.9835841925 1.0004641225 0.9951717925 0.7720071525 0.6652785425 0.7706096925 0.7248456925 0.7227469925 0.9932906525 0.7878388625 0.7864116925 0.7864116925 0.9884217225 0.9966800925 0.7827135925 0 0.7824298625 0.7338309925 0.9970576625 0.9798841325 0.7678226925 0.7650459225 0.7815793625
1.0358058925 0.6416338525 1.0255372925 0.3907926225 0.6374137925 0.6577941925 0.6527661925 1.0177326925 1.0282879925 1.0243613925 0.6350795525 0.8137085325 0.6367127925 0.8013891425 0.8005168925 1.0031242925 0.3881050525 0.3860956925 0.0894473425 1.0008435925 1.0134746925 0.00157310000000003 0.7824298625 0 0.8101679925 1.0267148925 1.0188982925 0.6242047425 0.6534824925 0.6339150925
1.0212346925 0.8116411925 1.0027437925 0.8202432225 0.8078168925 0.8208400925 0.8298509925 1.0130887925 1.0185095925 1.0255372925 0.8048883525 0.7346289925 0.7993554325 0.5229372225 0.5352806325 1.0100086925 0.8092854925 0.8128218525 0.8163749425 1.0054121925 1.0185095925 0.8101679925 0.7338309925 0.8101679925 0 1.0080899925 1.0069411925 0.7776230425 0.8016801325 0.8060583925
0.9302585925 1.0073239925 1.0161815925 1.0385946925 0.9959255325 1.0393934925 1.0314442925 1.0107775925 1.0294700925 0.4298207925 0.9944187925 1.0065585925 1.0050303925 0.9940425625 1.0084733925 0.4232905625 1.0389940925 1.0369998925 1.0302590925 0.4287579525 0.4294663225 1.0282879925 0.9970576625 1.0267148925 1.0080899925 0 1.0127030925 1.0115471925 1.0251449925 1.0134746925
1.0177326925 1.0103929925 0.4026653325 0.9921642425 0.9940425625 1.0080899925 1.0255372925 0.4011282725 0.4048911225 1.0088568925 0.9963026925 1.0154071925 0.9869299425 0.9843263925 0.9846977925 0.9944187925 1.0065585925 1.0130887925 1.0107775925 0.9850693925 0.9944187925 1.0200654925 0.9798841325 1.0188982925 1.0069411925 1.0127030925 0 1.0103929925 0.9947951925 1.0004641225
1.0054121925 0.5187343925 0.9828427325 0.6346135625 0.5137615925 0.4659526525 0.4700561325 0.9795151925 0.9989482625 1.0012232925 0.5197329325 0.7884105325 0.5088214925 0.7650459225 0.7614513925 0.9762022925 0.6295067525 0.6320557925 0.6228277525 0.9707131225 0.9773048925 0.6237454925 0.7678226925 0.6242047425 0.7776230425 1.0115471925 1.0103929925 0 0.3877697925 0.4468526925
1.0286818925 0.5231378925 0.9821019925 0.6503837525 0.5137615925 0.4640948325 0.4721162925 0.9751011925 1.0008435925 0.9970576625 0.5171394925 0.7869822225 0.5209328925 0.7812960625 0.7731269925 1.0073239925 0.6449326925 0.6449326925 0.6489578925 0.9929149925 1.0077068925 0.6539603325 0.7650459225 0.6534824925 0.8016801325 1.0251449925 0.9947951925 0.3877697925 0 0.4530435625
1.0031242925 0.5227365325 0.9929149925 0.6367127925 0.5203326925 0.3926459425 0.4014695725 0.9981913925 1.0103929925 1.0080899925 0.5233386925 0.8022623925 0.5165422925 0.7821462625 0.7810128925 1.0107775925 0.6392864425 0.6383494925 0.6390521425 0.9925395925 1.0023632925 0.6339150925 0.7815793625 0.6339150925 0.8060583925 1.0134746925 1.0004641225 0.4468526925 0.4530435625 0
