0 0.82825040997 0.86726046997 0.97287680997 1.01656390997 1.01424060997 0.99477890997 0.96813570997 0.91143900997 0.87556900997 0.86789630997 0.98096910997 0.97764810997 0.98914964997 0.82764730997 0.83735616997 0.97507513997 0.97032023997 0.92059580997 0.91957284997 0.99027210997 0.97214544997 1.01076940997 0.97251106997 0.92641900997 0.86440570997 0.92848516997 0.91821105997 0.84041614997 0.82644250997
0.82825040997 0 0.70295984997 0.98430490997 0.99590980997 0.99666477997 0.98059935997 0.97104980997 0.94734090997 0.70142980997 0.68704750997 0.99817680997 1.01192460997 1.03105140997 0.29567660997 0.29984078997 0.96378580997 0.98207940997 0.95516086997 0.96668300997 0.98802883997 0.97617675997 0.99893404997 0.97654430997 0.95659150997 0.70526090997 0.94769460997 0.95694960997 0.60970340997 0.60902745997
0.86726046997 0.70295984997 0 0.99327360997 0.98282050997 1.02240350997 0.99027210997 0.97838480997 0.95730780997 0.27721865997 0.27202732997 0.98690975997 1.05311780997 1.05679120997 0.69030345997 0.69559320997 0.97912230997 0.98877586997 0.97654430997 0.98207940997 1.00616570997 0.99402590997 1.01308180997 0.99402590997 0.96018005997 0.58030520997 0.95480365997 0.94275803997 0.70295984997 0.71168984997
0.97287680997 0.98430490997 0.99327360997 0 1.00961580997 1.01540140997 1.00846400997 0.30357847997 0.97617675997 0.99252210997 0.98133904997 0.76105850997 1.00654830997 1.02514440997 0.99704250997 1.00045070997 0.30058686997 0.30043758997 0.99477890997 1.00235090997 0.24188807997 0.23885720997 0.75337460997 0.23885720997 0.98170910997 0.99628720997 0.98765565997 0.97104980997 0.98504824997 0.97324277997
1.01656390997 0.99590980997 0.98282050997 1.00961580997 0 0.20656522997 0.20118508997 0.99252210997 0.98022980997 0.98319130997 0.97912230997 1.00731400997 0.91753110997 0.91889160997 0.99969197997 1.00884770997 0.99628720997 0.98802883997 0.99289776997 0.99102140997 0.99855537997 0.99252210997 1.00463750997 0.99289776997 0.98653705997 1.00846400997 0.99252210997 0.95230780997 0.99855537997 1.01076940997
1.01424060997 0.99666477997 1.02240350997 1.01540140997 0.20656522997 0 0.18284424997 0.99102140997 0.98430490997 1.00846400997 0.99666477997 1.01928340997 0.91076510997 0.91245090997 1.01076940997 1.02279450997 0.99102140997 0.98356236997 0.99893404997 0.99027210997 1.00349330997 0.99590980997 1.02240350997 0.99628720997 0.98616460997 1.01076940997 0.99704250997 0.97214544997 1.00884770997 1.01385420997
0.99477890997 0.98059935997 0.99027210997 1.00846400997 0.20118508997 0.18284424997 0 0.99628720997 0.97875345997 0.98616460997 0.96886320997 1.00884770997 0.90807576997 0.90239263997 0.99553264997 1.00387450997 0.98952360997 0.97544220997 0.99064667997 0.98952360997 0.99252210997 0.98765565997 0.99817680997 0.98802883997 0.97032023997 0.98765565997 0.98579230997 0.96487094997 0.99289776997 0.99779850997
0.96813570997 0.97104980997 0.97838480997 0.30357847997 0.99252210997 0.99102140997 0.99628720997 0 0.96886320997 0.97764810997 0.96270220997 0.75583590997 0.98542020997 1.00578340997 0.99177135997 0.99252210997 0.17851853997 0.18067827997 0.97801630997 0.98616460997 0.29552830997 0.29212560997 0.74253240997 0.29227323997 0.98542020997 0.98579230997 0.97360886997 0.95302004997 0.97032023997 0.96559520997
0.91143900997 0.94734090997 0.95730780997 0.97617675997 0.98022980997 0.98430490997 0.97875345997 0.96886320997 0 0.96414734997 0.95551830997 0.96378580997 1.00235090997 1.02123190997 0.94946560997 0.95230780997 0.97141480997 0.96704590997 0.16643774997 0.16781216997 0.96668300997 0.95946090997 0.97654430997 0.95982040997 0.58073885997 0.94804850997 0.51993980997 0.38888680997 0.95053010997 0.93124885997
0.87556900997 0.70142980997 0.27721865997 0.99252210997 0.98319130997 1.00846400997 0.98616460997 0.97764810997 0.96414734997 0 0.15737980997 1.00273140997 1.04461560997 1.04622760997 0.69584597997 0.69888650997 0.97949124997 0.98430490997 0.97580940997 0.98207940997 1.00311230997 0.98952360997 1.02553670997 0.98952360997 0.96018005997 0.57684500997 0.95910170997 0.95017510997 0.70474894997 0.71791393997
0.86789630997 0.68704750997 0.27202732997 0.98133904997 0.97912230997 0.99666477997 0.96886320997 0.96270220997 0.95551830997 0.15737980997 0 0.97875345997 1.03541300997 1.03900060997 0.68480160997 0.69130815997 0.96995570997 0.98170910997 0.96125990997 0.97580940997 0.99252210997 0.98690975997 1.00654830997 0.98690975997 0.93367550997 0.57749260997 0.94698740997 0.94416520997 0.69458270997 0.70577320997
0.98096910997 0.99817680997 0.98690975997 0.76105850997 1.00731400997 1.01928340997 1.00884770997 0.75583590997 0.96378580997 1.00273140997 0.97875345997 0 1.01462740997 1.02357690997 0.99027210997 0.99364967997 0.75720674997 0.75501455997 0.97141480997 0.97470830997 0.76133440997 0.74522824997 0.70756895997 0.74495820997 0.98765565997 0.98207940997 1.00387450997 0.95838360997 0.99252210997 0.98653705997
0.97764810997 1.01192460997 1.05311780997 1.00654830997 0.91753110997 0.91076510997 0.90807576997 0.98542020997 1.00235090997 1.04461560997 1.03541300997 1.01462740997 0 0.13862274997 1.02710820997 1.02907720997 0.98393350997 0.98653705997 1.01617610997 1.02436020997 0.98765565997 0.97178007997 1.01811670997 0.97214544997 0.99402590997 1.03342740997 0.99704250997 1.00425590997 1.03105140997 1.02553670997
0.98914964997 1.03105140997 1.05679120997 1.02514440997 0.91889160997 0.91245090997 0.90239263997 1.00578340997 1.02123190997 1.04622760997 1.03900060997 1.02357690997 0.13862274997 0 1.05311780997 1.05271070997 1.00884770997 1.00961580997 1.01501430997 1.02632200997 1.02006220997 1.00616570997 1.02710820997 1.00616570997 1.01038470997 1.05883980997 1.01424060997 1.02475210997 1.03860120997 1.03780280997
0.82764730997 0.29567660997 0.69030345997 0.99704250997 0.99969197997 1.01076940997 0.99553264997 0.99177135997 0.94946560997 0.69584597997 0.68480160997 0.99027210997 1.02710820997 1.05311780997 0 0.10314791997 0.98765565997 0.99177135997 0.95946090997 0.97580940997 1.00654830997 0.98989780997 0.99931294997 0.98989780997 0.96922720997 0.70449305997 0.95337640997 0.97654430997 0.60880227997 0.60992885997
0.83735616997 0.29984078997 0.69559320997 1.00045070997 1.00884770997 1.02279450997 1.00387450997 0.99252210997 0.95230780997 0.69888650997 0.69130815997 0.99364967997 1.02907720997 1.05271070997 0.10314791997 0 0.99402590997 1.00463750997 0.96053980997 0.96849937997 1.01231020997 1.00007123997 1.00083040997 1.00045070997 0.97397520997 0.70628580997 0.94663400997 0.96886320997 0.60812706997 0.60880227997
0.97507513997 0.96378580997 0.97912230997 0.30058686997 0.99628720997 0.99102140997 0.98952360997 0.17851853997 0.97141480997 0.97949124997 0.96995570997 0.75720674997 0.98393350997 1.00884770997 0.98765565997 0.99402590997 0 0.10131445997 0.98690975997 0.99402590997 0.29538003997 0.29050366997 0.75665810997 0.29035637997 0.99027210997 0.98690975997 0.99027210997 0.96959130997 0.97178007997 0.97397520997
0.97032023997 0.98207940997 0.98877586997 0.30043758997 0.98802883997 0.98356236997 0.97544220997 0.18067827997 0.96704590997 0.98430490997 0.98170910997 0.75501455997 0.98653705997 1.00961580997 0.99177135997 1.00463750997 0.10131445997 0 0.97949124997 0.98579230997 0.29286400997 0.28976757997 0.76188650997 0.28976757997 0.98542020997 0.98989780997 0.98059935997 0.97068490997 0.98430490997 0.98170910997
0.92059580997 0.95516086997 0.97654430997 0.99477890997 0.99289776997 0.99893404997 0.99064667997 0.97801630997 0.16643774997 0.97580940997 0.96125990997 0.97141480997 1.01617610997 1.01501430997 0.95946090997 0.96053980997 0.98690975997 0.97949124997 0 0.0755526439700001 0.97251106997 0.96342445997 0.97912230997 0.96378580997 0.59232295997 0.95195190997 0.52838720997 0.39428008997 0.95373300997 0.94734090997
0.91957284997 0.96668300997 0.98207940997 1.00235090997 0.99102140997 0.99027210997 0.98952360997 0.98616460997 0.16781216997 0.98207940997 0.97580940997 0.97470830997 1.02436020997 1.02632200997 0.97580940997 0.96849937997 0.99402590997 0.98579230997 0.0755526439700001 0 0.98653705997 0.97580940997 0.98319130997 0.97617675997 0.59807180997 0.95694960997 0.52980436997 0.39563448997 0.96704590997 0.95230780997
0.99027210997 0.98802883997 1.00616570997 0.24188807997 0.99855537997 1.00349330997 0.99252210997 0.29552830997 0.96668300997 1.00311230997 0.99252210997 0.76133440997 0.98765565997 1.02006220997 1.00654830997 1.01231020997 0.29538003997 0.29286400997 0.97251106997 0.98653705997 0 0.0547225159700001 0.74847620997 0.0546149629700001 0.97544220997 0.99666477997 0.98244984997 0.94982020997 0.99027210997 0.99327360997
0.97214544997 0.97617675997 0.99402590997 0.23885720997 0.99252210997 0.99590980997 0.98765565997 0.29212560997 0.95946090997 0.98952360997 0.98690975997 0.74522824997 0.97178007997 1.00616570997 0.98989780997 1.00007123997 0.29050366997 0.28976757997 0.96342445997 0.97580940997 0.0547225159700001 0 0.74766290997 0.000379470000000111 0.96995570997 0.98282050997 0.98319130997 0.95053010997 0.97544220997 0.97986043997
1.01076940997 0.99893404997 1.01308180997 0.75337460997 1.00463750997 1.02240350997 0.99817680997 0.74253240997 0.97654430997 1.02553670997 1.00654830997 0.70756895997 1.01811670997 1.02710820997 0.99931294997 1.00083040997 0.75665810997 0.76188650997 0.97912230997 0.98319130997 0.74847620997 0.74766290997 0 0.74766290997 0.99289776997 1.00045070997 0.99590980997 0.97912230997 0.99477890997 1.01076940997
0.97251106997 0.97654430997 0.99402590997 0.23885720997 0.99289776997 0.99628720997 0.98802883997 0.29227323997 0.95982040997 0.98952360997 0.98690975997 0.74495820997 0.97214544997 1.00616570997 0.98989780997 1.00045070997 0.29035637997 0.28976757997 0.96378580997 0.97617675997 0.0546149629700001 0.000379470000000111 0.74766290997 0 0.97032023997 0.98319130997 0.98319130997 0.95088536997 0.97544220997 0.98022980997
0.92641900997 0.95659150997 0.96018005997 0.98170910997 0.98653705997 0.98616460997 0.97032023997 0.98542020997 0.58073885997 0.96018005997 0.93367550997 0.98765565997 0.99402590997 1.01038470997 0.96922720997 0.97397520997 0.99027210997 0.98542020997 0.59232295997 0.59807180997 0.97544220997 0.96995570997 0.99289776997 0.97032023997 0 0.96270220997 0.59696280997 0.58924556997 0.96487094997 0.94486976997
0.86440570997 0.70526090997 0.58030520997 0.99628720997 1.00846400997 1.01076940997 0.98765565997 0.98579230997 0.94804850997 0.57684500997 0.57749260997 0.98207940997 1.03342740997 1.05883980997 0.70449305997 0.70628580997 0.98690975997 0.98989780997 0.95195190997 0.95694960997 0.99666477997 0.98282050997 1.00045070997 0.98319130997 0.96270220997 0 0.95159627997 0.93611000997 0.69407803997 0.70500490997
0.92848516997 0.94769460997 0.95480365997 0.98765565997 0.99252210997 0.99704250997 0.98579230997 0.97360886997 0.51993980997 0.95910170997 0.94698740997 1.00387450997 0.99704250997 1.01424060997 0.95337640997 0.94663400997 0.99027210997 0.98059935997 0.52838720997 0.52980436997 0.98244984997 0.98319130997 0.99590980997 0.98319130997 0.59696280997 0.95159627997 0 0.52596390997 0.97178007997 0.95587590997
0.91821105997 0.95694960997 0.94275803997 0.97104980997 0.95230780997 0.97214544997 0.96487094997 0.95302004997 0.38888680997 0.95017510997 0.94416520997 0.95838360997 1.00425590997 1.02475210997 0.97654430997 0.96886320997 0.96959130997 0.97068490997 0.39428008997 0.39563448997 0.94982020997 0.95053010997 0.97912230997 0.95088536997 0.58924556997 0.93611000997 0.52596390997 0 0.96018005997 0.96089980997
0.84041614997 0.60970340997 0.70295984997 0.98504824997 0.99855537997 1.00884770997 0.99289776997 0.97032023997 0.95053010997 0.70474894997 0.69458270997 0.99252210997 1.03105140997 1.03860120997 0.60880227997 0.60812706997 0.97178007997 0.98430490997 0.95373300997 0.96704590997 0.99027210997 0.97544220997 0.99477890997 0.97544220997 0.96487094997 0.69407803997 0.97178007997 0.96018005997 0 0.36834664997
0.82644250997 0.60902745997 0.71168984997 0.97324277997 1.01076940997 1.01385420997 0.99779850997 0.96559520997 0.93124885997 0.71791393997 0.70577320997 0.98653705997 1.02553670997 1.03780280997 0.60992885997 0.60880227997 0.97397520997 0.98170910997 0.94734090997 0.95230780997 0.99327360997 0.97986043997 1.01076940997 0.98022980997 0.94486976997 0.70500490997 0.95587590997 0.96089980997 0.36834664997 0
