0 1.005704 0.99545324 0.7341567 0.7338906 0.52106136 0.5204606 0.9943229 0.5397211 1.000751 1.0072346 0.9931942 0.52952236 0.52972496 0.98496884 0.9898184 0.70954716 0.530536 0.53033316 0.70441365 0.7049255 1.000751 1.0003713 1.0011308 0.52186304 1.0141612 0.5331779 0.69753873 0.5344004 0.69855326
1.005704 0 0.78110707 1.0099207 1.0219333 0.99923354 0.9958304 0.18583338 1.0126165 0.18314771 0.18994439 0.77405685 1.0118452 1.0087683 0.77405685 0.7743376 0.9939465 1.0095364 1.01146 0.9950763 0.9901927 0.7729349 0.78508437 0.77546155 1.0137748 0.31589106 0.98869646 0.9845971 0.98645765 0.98683035
0.99545324 0.78110707 0 0.9860852 0.99357027 0.9790429 0.98869646 0.79425526 0.9924427 0.7916646 0.79656565 0.40682322 1.0091523 1.0211525 0.28455567 0.2857257 1.01069 1.0060863 0.99923354 1.002652 1.0022715 0.18136261 0.40716735 0.17831227 0.99545324 0.80617183 1.01069 0.9857129 1.001891 0.9969631
0.7341567 1.0099207 0.9860852 0 0.18917185 0.7241107 0.7307048 1.0034139 0.74433905 0.99847597 1.0242808 0.9827411 0.7629125 0.7502979 0.9746289 0.9713354 0.59400773 0.7475835 0.74110866 0.59180313 0.5907033 0.98237044 0.9790429 0.97352946 0.7267414 1.0274222 0.7365559 0.5904835 0.7354886 0.5765499
0.7338906 1.0219333 0.99357027 0.18917185 0 0.7309697 0.7394986 1.0141612 0.7456892 1.0157093 1.0393208 1.0011308 0.7757428 0.76540554 0.9931942 0.9872032 0.60894805 0.7543881 0.74406934 0.60423315 0.6006607 1.0003713 0.99357027 0.98869646 0.73709005 1.0361294 0.74677104 0.6060258 0.7429914 0.5926842
0.52106136 0.99923354 0.9790429 0.7241107 0.7309697 0 0.1691097 1.0095364 0.41286817 0.9969631 1.0195932 0.98237044 0.54611456 0.54611456 0.97941184 0.97573 0.7080034 0.41651866 0.41512588 0.7049255 0.70390224 0.9768326 1.0034139 0.9775687 0.4147781 1.0030329 0.5421895 0.69097745 0.40699527 0.70364666
0.5204606 0.9958304 0.98869646 0.7307048 0.7394986 0.1691097 0 1.0091523 0.41983685 1.005704 1.0172604 0.9939465 0.5544457 0.556543 0.99357027 0.9901927 0.71006244 0.4235215 0.420187 0.70466954 0.70543754 0.9950763 1.0080011 0.9969631 0.4205373 1.0068517 0.5481887 0.702115 0.4106172 0.6998234
0.9943229 0.18583338 0.79425526 1.0034139 1.0141612 1.0095364 1.0091523 0 1.0011308 0.16200183 0.16175365 0.7774327 1.0064689 0.9969631 0.78708094 0.78650993 0.9593815 1.0110749 1.0103053 0.9662408 0.9651536 0.77884376 0.7885103 0.7796917 1.0064689 0.31940395 0.9950763 0.9543672 0.97024083 0.9608204
0.5397211 1.0126165 0.9924427 0.74433905 0.7456892 0.41286817 0.41983685 1.0011308 0 1.0049399 1.0219333 0.9977191 0.5529811 0.5504769 1.0003713 1.0030329 0.72044325 0.15079197 0.15054747 0.7227989 0.72044325 0.9831119 1.005704 0.99056727 0.36761394 1.0258498 0.5561231 0.70595 0.2511152 0.7170537
1.000751 0.18314771 0.7916646 0.99847597 1.0157093 0.9969631 1.005704 0.16200183 1.0049399 0 0.14337038 0.7885103 1.0049399 1.0045581 0.7822413 0.7867954 0.9838541 1.0137748 1.0060863 0.9827411 0.98125964 0.78394586 0.78793824 0.782809 1.0254573 0.31300145 0.99999183 0.96298385 0.9838541 0.9808897
1.0072346 0.18994439 0.79656565 1.0242808 1.0393208 1.0195932 1.0172604 0.16175365 1.0219333 0.14337038 0 0.7862246 1.015322 1.0080011 0.7853693 0.7867954 0.98645765 1.0199828 1.0215429 0.9842255 0.98125964 0.7830931 0.7913773 0.78565425 1.0329514 0.32508987 1.01069 0.96841997 1.002652 0.98496884
0.9931942 0.77405685 0.40682322 0.9827411 1.0011308 0.98237044 0.9939465 0.7774327 0.9977191 0.7885103 0.7862246 0 0.9920673 1.0087683 0.39776123 0.40150952 0.9958304 1.0072346 1.0034139 0.99169195 0.9894442 0.39538565 0.4039046 0.38931137 1.0003713 0.7896558 0.99281836 0.9790429 0.99545324 0.99847597
0.52952236 1.0118452 1.0091523 0.7629125 0.7757428 0.54611456 0.5544457 1.0064689 0.5529811 1.0049399 1.015322 0.9920673 0 0.095079996 0.9901927 0.99169195 0.7473126 0.5618121 0.55402696 0.74353015 0.73709005 1.0015109 1.0053219 1.000751 0.55172795 1.0313674 0.26565138 0.7386949 0.5624469 0.73495555
0.52972496 1.0087683 1.0211525 0.7502979 0.76540554 0.54611456 0.556543 0.9969631 0.5504769 1.0045581 1.0080011 1.0087683 0.095079996 0 1.0041765 1.0030329 0.74622995 0.5592783 0.55256313 0.7386949 0.732296 1.0122308 1.018426 1.01146 0.5548647 1.033348 0.26294866 0.7354886 0.5548647 0.7344229
0.98496884 0.77405685 0.28455567 0.9746289 0.9931942 0.97941184 0.99357027 0.78708094 1.0003713 0.7822413 0.7853693 0.39776123 0.9901927 1.0041765 0 0.09044022 0.97426224 1.0068517 1.0049399 0.97941184 0.97573 0.27771828 0.39861146 0.2746833 1.014548 0.7902292 0.99131685 0.9666036 1.0053219 0.9808897
0.9898184 0.7743376 0.2857257 0.9713354 0.9872032 0.97573 0.9901927 0.78650993 1.0030329 0.7867954 0.7867954 0.40150952 0.99169195 1.0030329 0.09044022 0 0.98496884 1.0176488 1.0122308 0.990942 0.98645765 0.2803295 0.401168 0.27786312 1.0195932 0.791952 0.9969631 0.96769285 1.0053219 0.9845971
0.70954716 0.9939465 1.01069 0.59400773 0.60894805 0.7080034 0.71006244 0.9593815 0.72044325 0.9838541 0.98645765 0.9958304 0.7473126 0.74622995 0.97426224 0.98496884 0 0.71601385 0.71083605 0.08470857 0.08124591 0.9853408 0.9946995 0.98645765 0.71601385 0.97941184 0.7389627 0.2567269 0.70466954 0.23357135
0.530536 1.0095364 1.0060863 0.7475835 0.7543881 0.41651866 0.4235215 1.0110749 0.15079197 1.0137748 1.0199828 1.0072346 0.5618121 0.5592783 1.0068517 1.0176488 0.71601385 0 0.054535553 0.71627367 0.714716 0.99357027 1.0015109 1.0003713 0.3614357 1.0254573 0.55277205 0.71342045 0.24471323 0.7085177
0.53033316 1.01146 0.99923354 0.74110866 0.74406934 0.41512588 0.420187 1.0103053 0.15054747 1.0060863 1.0215429 1.0034139 0.55402696 0.55256313 1.0049399 1.0122308 0.71083605 0.054535553 0 0.7129029 0.7126442 0.98757625 0.99734104 0.99131685 0.35997987 1.0203725 0.54694355 0.70441365 0.2427756 0.70441365
0.70441365 0.9950763 1.002652 0.59180313 0.60423315 0.7049255 0.70466954 0.9662408 0.7227989 0.9827411 0.9842255 0.99169195 0.74353015 0.7386949 0.97941184 0.990942 0.08470857 0.71627367 0.7129029 0 0.03857524 0.98348296 0.99281836 0.982 0.71367943 0.97352946 0.732296 0.2554606 0.7080034 0.22826521
0.7049255 0.9901927 1.0022715 0.5907033 0.6006607 0.70390224 0.70543754 0.9651536 0.72044325 0.98125964 0.98125964 0.9894442 0.73709005 0.732296 0.97573 0.98645765 0.08124591 0.714716 0.7126442 0.03857524 0 0.9801504 0.99169195 0.9783054 0.71627367 0.9709704 0.7293813 0.2529344 0.7082605 0.22785859
1.000751 0.7729349 0.18136261 0.98237044 1.0003713 0.9768326 0.9950763 0.77884376 0.9831119 0.78394586 0.7830931 0.39538565 1.0015109 1.0122308 0.27771828 0.2803295 0.9853408 0.99357027 0.98757625 0.98348296 0.9801504 0 0.3950469 0.03479478 1.0068517 0.79830307 1.0068517 0.9768326 0.9962078 0.9860852
1.0003713 0.78508437 0.40716735 0.9790429 0.99357027 1.0034139 1.0080011 0.7885103 1.005704 0.78793824 0.7913773 0.4039046 1.0053219 1.018426 0.39861146 0.401168 0.9946995 1.0015109 0.99734104 0.99281836 0.99169195 0.3950469 0 0.3925111 1.0223241 0.80529344 1.0095364 0.97941184 0.99885464 0.9709704
1.0011308 0.77546155 0.17831227 0.97352946 0.98869646 0.9775687 0.9969631 0.7796917 0.99056727 0.782809 0.78565425 0.38931137 1.000751 1.01146 0.2746833 0.27786312 0.98645765 1.0003713 0.99131685 0.982 0.9783054 0.03479478 0.3925111 0 1.0087683 0.7980132 1.0049399 0.97609735 0.99658537 0.98237044
0.52186304 1.0137748 0.99545324 0.7267414 0.73709005 0.4147781 0.4205373 1.0064689 0.36761394 1.0254573 1.0329514 1.0003713 0.55172795 0.5548647 1.014548 1.0195932 0.71601385 0.3614357 0.35997987 0.71367943 0.71627367 1.0068517 1.0223241 1.0087683 0 1.032159 0.53419656 0.6927383 0.35659385 0.7033912
1.0141612 0.31589106 0.80617183 1.0274222 1.0361294 1.0030329 1.0068517 0.31940395 1.0258498 0.31300145 0.32508987 0.7896558 1.0313674 1.033348 0.7902292 0.791952 0.97941184 1.0254573 1.0203725 0.97352946 0.9709704 0.79830307 0.80529344 0.7980132 1.032159 0 1.0157093 0.9698763 0.99734104 0.98348296
0.5331779 0.98869646 1.01069 0.7365559 0.74677104 0.5421895 0.5481887 0.9950763 0.5561231 0.99999183 1.01069 0.99281836 0.26565138 0.26294866 0.99131685 0.9969631 0.7389627 0.55277205 0.54694355 0.732296 0.7293813 1.0068517 1.0095364 1.0049399 0.53419656 1.0157093 0 0.7243734 0.55277205 0.72489893
0.69753873 0.9845971 0.9857129 0.5904835 0.6060258 0.69097745 0.702115 0.9543672 0.70595 0.96298385 0.96841997 0.9790429 0.7386949 0.7354886 0.9666036 0.96769285 0.2567269 0.71342045 0.70441365 0.2554606 0.2529344 0.9768326 0.97941184 0.97609735 0.6927383 0.9698763 0.7243734 0 0.7051815 0.24443612
0.5344004 0.98645765 1.001891 0.7354886 0.7429914 0.40699527 0.4106172 0.97024083 0.2511152 0.9838541 1.002652 0.99545324 0.5624469 0.5548647 1.0053219 1.0053219 0.70466954 0.24471323 0.2427756 0.7080034 0.7082605 0.9962078 0.99885464 0.99658537 0.35659385 0.99734104 0.55277205 0.7051815 0 0.7129029
0.69855326 0.98683035 0.9969631 0.5765499 0.5926842 0.70364666 0.6998234 0.9608204 0.7170537 0.9808897 0.98496884 0.99847597 0.73495555 0.7344229 0.9808897 0.9845971 0.23357135 0.7085177 0.70441365 0.22826521 0.22785859 0.9860852 0.9709704 0.98237044 0.7033912 0.98348296 0.72489893 0.24443612 0.7129029 0
