0 0.8621135 0.98125964 0.8345334 1.0034139 1.0015109 0.98832285 0.99169195 1.000751 0.98869646 0.9857129 0.32524413 0.829681 0.8251602 0.8284728 0.99734104 1.0034139 0.9977191 0.99545324 0.82186216 0.829681 0.98645765 1.005704 0.98645765 0.84587634 0.8269652 0.83697146 0.85833514 0.83972377 0.85114604
0.8621135 0 0.9931942 0.71212715 1.0433295 1.0215429 0.990942 0.9969631 0.990942 1.01146 1.0110749 0.84649444 0.4366517 0.4336149 0.42387336 0.99545324 1.0034139 1.0133885 1.0168724 0.70748955 0.71342045 1.0068517 0.9977191 1.0068517 0.7051815 0.8200693 0.8468036 0.31239453 0.2990161 0.21803166
0.98125964 0.9931942 0 0.97499573 0.9673296 0.9783054 0.9764649 0.9753628 0.9738958 0.15853477 0.16324396 0.9651536 0.9860852 0.9706055 0.9698763 0.5649914 0.56818426 0.9842255 0.98683035 0.9669665 0.9615409 0.97609735 0.98645765 0.9764649 0.95258445 0.9637064 0.97426224 0.9779369 0.96298385 0.9898184
0.8345334 0.71212715 0.97499573 0 0.99923354 0.9943229 0.9801504 0.9980974 0.9790429 0.99357027 0.99056727 0.83301365 0.7023701 0.68972224 0.6877182 1.0064689 0.99923354 1.005704 1.0049399 0.13124138 0.12945665 0.9764649 0.98683035 0.9764649 0.2749718 0.8251602 0.831194 0.71212715 0.6889701 0.7085177
1.0034139 1.0433295 0.9673296 0.99923354 0 0.1260182 0.42598802 0.43219006 0.43219006 0.9898184 0.97243166 0.99169195 1.0149349 1.0049399 0.9943229 1.0211525 1.0118452 0.15754712 0.15705377 0.99658537 0.99847597 0.42899403 0.4355785 0.42881688 0.9962078 1.0034139 1.01069 1.0262426 1.0176488 1.0266355
1.0015109 1.0215429 0.9783054 0.9943229 0.1260182 0 0.42299402 0.42793173 0.42757794 1.0037951 0.98794943 0.9920673 1.0122308 0.99658537 0.9872032 1.0068517 1.0045581 0.15693049 0.15631437 0.98645765 0.99131685 0.42141378 0.4313009 0.4215892 0.9943229 1.0064689 1.0083846 1.0168724 1.014548 1.0083846
0.98832285 0.990942 0.9764649 0.9801504 0.42598802 0.42299402 0 0.23974083 0.23864032 0.97316337 0.96841997 0.9838541 0.9838541 0.97941184 0.97243166 1.0211525 1.0313674 0.41948688 0.41931194 0.9575869 0.96406794 0.1104475 0.29976138 0.11033165 0.96479154 0.97206604 0.97573 0.99357027 0.98869646 0.9931942
0.99169195 0.9969631 0.9753628 0.9980974 0.43219006 0.42793173 0.23974083 0 0.11754884 0.99056727 0.9872032 0.98683035 0.9950763 0.9845971 0.97720057 1.0325551 1.0341415 0.42775482 0.42528248 0.9901927 0.98869646 0.24180867 0.31345698 0.24167064 0.98757625 0.9783054 0.9827411 1.0030329 0.98683035 0.9860852
1.000751 0.990942 0.9738958 0.9790429 0.43219006 0.42757794 0.23864032 0.11754884 0 0.9831119 0.97941184 0.9872032 0.9931942 0.982 0.97867405 1.0385218 1.042526 0.42563516 0.42475376 0.9831119 0.9842255 0.24070512 0.3074061 0.24056728 0.9764649 0.97720057 0.9842255 0.9894442 0.9845971 0.98237044
0.98869646 1.01146 0.15853477 0.99357027 0.9898184 1.0037951 0.97316337 0.99056727 0.9831119 0 0.11801686 0.97867405 0.98907024 0.98051995 0.9783054 0.5765499 0.5793593 1.01069 1.002652 0.9779369 0.9790429 0.97243166 0.9860852 0.9727974 0.9680563 0.9709704 0.9860852 0.99169195 0.98757625 1.0095364
0.9857129 1.0110749 0.16324396 0.99056727 0.97243166 0.98794943 0.96841997 0.9872032 0.97941184 0.11801686 0 0.9713354 0.9931942 0.9924427 0.98794943 0.5808764 0.5850098 0.99658537 0.9920673 0.97867405 0.9816297 0.9695119 0.97499573 0.9698763 0.97573 0.9713354 0.98794943 0.9977191 0.9894442 1.0076177
0.32524413 0.84649444 0.9651536 0.83301365 0.99169195 0.9920673 0.9838541 0.98683035 0.9872032 0.97867405 0.9713354 0 0.82186216 0.8088132 0.8212641 0.9651536 0.97867405 0.98051995 0.97941184 0.82395923 0.82998335 0.9808897 0.9939465 0.98125964 0.8263631 0.81590265 0.8357514 0.84433347 0.83331734 0.82877463
0.829681 0.4366517 0.9860852 0.7023701 1.0149349 1.0122308 0.9838541 0.9950763 0.9931942 0.98907024 0.9931942 0.82186216 0 0.116380066 0.111259006 0.9939465 0.9946995 1.0064689 1.0118452 0.69022405 0.6947558 0.98907024 1.0022715 0.98907024 0.697032 0.8038317 0.829681 0.4418607 0.42952576 0.43147868
0.8251602 0.4336149 0.9706055 0.68972224 1.0049399 0.99658537 0.97941184 0.9845971 0.982 0.98051995 0.9924427 0.8088132 0.116380066 0 0.08515653 0.99961257 1.0030329 0.99545324 1.000751 0.68621874 0.69122875 0.98051995 0.9924427 0.98051995 0.6904751 0.8026644 0.8275679 0.43844384 0.4215892 0.43076792
0.8284728 0.42387336 0.9698763 0.6877182 0.9943229 0.9872032 0.97243166 0.97720057 0.97867405 0.9783054 0.98794943 0.8212641 0.111259006 0.08515653 0 0.99056727 0.9920673 0.9831119 0.9860852 0.68000287 0.6834774 0.9768326 0.9872032 0.9768326 0.6922348 0.790803 0.81353205 0.42917123 0.4147781 0.41773945
0.99734104 0.99545324 0.5649914 1.0064689 1.0211525 1.0068517 1.0211525 1.0325551 1.0385218 0.5765499 0.5808764 0.9651536 0.9939465 0.99961257 0.99056727 0 0.07205285 1.0176488 1.014548 0.9939465 0.9946995 1.0095364 1.0238891 1.0099207 0.98051995 0.98125964 0.9857129 0.9698763 0.96479154 0.9816297
1.0034139 1.0034139 0.56818426 0.99923354 1.0118452 1.0045581 1.0313674 1.0341415 1.042526 0.5793593 0.5850098 0.97867405 0.9946995 1.0030329 0.9920673 0.07205285 0 1.0180373 1.0160967 0.9872032 0.98907024 1.0137748 1.0227151 1.0141612 0.9753628 0.99847597 1.0034139 0.97206604 0.9680563 0.9842255
0.9977191 1.0133885 0.9842255 1.005704 0.15754712 0.15693049 0.41948688 0.42775482 0.42563516 1.01069 0.99658537 0.98051995 1.0064689 0.99545324 0.9831119 1.0176488 1.0180373 0 0.065913364 1.005704 1.0049399 0.420187 0.42881688 0.4200119 1.0034139 0.99545324 1.0141612 1.0103053 1.0060863 1.0041765
0.99545324 1.0168724 0.98683035 1.0049399 0.15705377 0.15631437 0.41931194 0.42528248 0.42475376 1.002652 0.9920673 0.97941184 1.0118452 1.000751 0.9860852 1.014548 1.0160967 0.065913364 0 1.0034139 1.0041765 0.41913706 0.42846268 0.4189622 1.001891 1.0015109 1.0180373 1.0176488 1.0103053 1.0045581
0.82186216 0.70748955 0.9669665 0.13124138 0.99658537 0.98645765 0.9575869 0.9901927 0.9831119 0.9779369 0.97867405 0.82395923 0.69022405 0.68621874 0.68000287 0.9939465 0.9872032 1.005704 1.0034139 0 0.05099503 0.95794547 0.97316337 0.95794547 0.27612698 0.82606214 0.8345334 0.70390224 0.6795078 0.70109564
0.829681 0.71342045 0.9615409 0.12945665 0.99847597 0.99131685 0.96406794 0.98869646 0.9842255 0.9790429 0.9816297 0.82998335 0.6947558 0.69122875 0.6834774 0.9946995 0.98907024 1.0049399 1.0041765 0.05099503 0 0.9637064 0.9845971 0.9637064 0.2739625 0.83180004 0.8339251 0.7018601 0.6854701 0.70466954
0.98645765 1.0068517 0.97609735 0.9764649 0.42899403 0.42141378 0.1104475 0.24180867 0.24070512 0.97243166 0.9695119 0.9808897 0.98907024 0.98051995 0.9768326 1.0095364 1.0137748 0.420187 0.41913706 0.95794547 0.9637064 0 0.30469906 0.0004001067 0.9583042 0.9698763 0.9746289 0.9980974 0.99999183 0.99885464
1.005704 0.9977191 0.98645765 0.98683035 0.4355785 0.4313009 0.29976138 0.31345698 0.3074061 0.9860852 0.97499573 0.9939465 1.0022715 0.9924427 0.9872032 1.0238891 1.0227151 0.42881688 0.42846268 0.97316337 0.9845971 0.30469906 0 0.30454898 0.98832285 0.9768326 0.9853408 0.98496884 0.97941184 0.9860852
0.98645765 1.0068517 0.9764649 0.9764649 0.42881688 0.4215892 0.11033165 0.24167064 0.24056728 0.9727974 0.9698763 0.98125964 0.98907024 0.98051995 0.9768326 1.0099207 1.0141612 0.4200119 0.4189622 0.95794547 0.9637064 0.0004001067 0.30454898 0 0.9583042 0.9695119 0.97426224 0.9980974 0.99999183 0.99923354
0.84587634 0.7051815 0.95258445 0.2749718 0.9962078 0.9943229 0.96479154 0.98757625 0.9764649 0.9680563 0.97573 0.8263631 0.697032 0.6904751 0.6922348 0.98051995 0.9753628 1.0034139 1.001891 0.27612698 0.2739625 0.9583042 0.98832285 0.9583042 0 0.82455945 0.81857854 0.7087749 0.68972224 0.7049255
0.8269652 0.8200693 0.9637064 0.8251602 1.0034139 1.0064689 0.97206604 0.9783054 0.97720057 0.9709704 0.9713354 0.81590265 0.8038317 0.8026644 0.790803 0.98125964 0.99847597 0.99545324 1.0015109 0.82606214 0.83180004 0.9698763 0.9768326 0.9695119 0.82455945 0 0.21709608 0.81738806 0.80617183 0.8105793
0.83697146 0.8468036 0.97426224 0.831194 1.01069 1.0083846 0.97573 0.9827411 0.9842255 0.9860852 0.98794943 0.8357514 0.829681 0.8275679 0.81353205 0.9857129 1.0034139 1.0141612 1.0180373 0.8345334 0.8339251 0.9746289 0.9853408 0.97426224 0.81857854 0.21709608 0 0.8602219 0.8351422 0.83483773
0.85833514 0.31239453 0.9779369 0.71212715 1.0262426 1.0168724 0.99357027 1.0030329 0.9894442 0.99169195 0.9977191 0.84433347 0.4418607 0.43844384 0.42917123 0.9698763 0.97206604 1.0103053 1.0176488 0.70390224 0.7018601 0.9980974 0.98496884 0.9980974 0.7087749 0.81738806 0.8602219 0 0.21296677 0.30215135
0.83972377 0.2990161 0.96298385 0.6889701 1.0176488 1.014548 0.98869646 0.98683035 0.9845971 0.98757625 0.9894442 0.83331734 0.42952576 0.4215892 0.4147781 0.96479154 0.9680563 1.0060863 1.0103053 0.6795078 0.6854701 0.99999183 0.97941184 0.99999183 0.68972224 0.80617183 0.8351422 0.21296677 0 0.29530063
0.85114604 0.21803166 0.9898184 0.7085177 1.0266355 1.0083846 0.9931942 0.9860852 0.98237044 1.0095364 1.0076177 0.82877463 0.43147868 0.43076792 0.41773945 0.9816297 0.9842255 1.0041765 1.0045581 0.70109564 0.70466954 0.99885464 0.9860852 0.99923354 0.7049255 0.8105793 0.83483773 0.30215135 0.29530063 0
