0 0.84156424 0.99281836 0.9808897 0.96841997 0.982 0.42036211 0.84095025 0.4147781 0.85520095 0.99056727 0.4345068 1.002652 0.41252142 0.40889028 0.8474224 0.85488826 0.41686726 0.414083 0.9713354 0.97352946 0.8354467 0.42088777 0.8345334 0.4100987 0.9857129 0.98645765 0.8455675 0.9853408 0.847732
0.84156424 0 1.0160967 1.0080011 0.9808897 1.0003713 0.86274505 0.40373325 0.86148244 0.34177974 1.0133885 0.84402525 1.0110749 0.8605368 0.8542633 0.33878887 0.34241092 0.86148244 0.8592779 1.0049399 1.0083846 0.405105 0.85520095 0.40476185 0.8668633 1.0003713 1.0095364 0.4113091 1.0242808 0.18123527
0.99281836 1.0160967 0 0.3687576 0.36516908 0.16961105 0.9816297 1.0238891 0.9872032 1.0034139 0.36614606 1.0095364 0.3667981 0.9827411 0.98794943 1.0103053 1.0030329 0.9857129 0.9808897 0.16635834 0.16573443 1.0238891 1.001891 1.0211525 1.0011308 0.36696118 0.3738435 1.0278157 0.21629508 1.0122308
0.9808897 1.0080011 0.3687576 0 0.16399023 0.36745068 0.98051995 1.0164845 0.9977191 1.0118452 0.2880713 0.99734104 0.29116106 1.0060863 1.0011308 1.0157093 1.019204 0.99131685 0.98683035 0.3628944 0.36305663 1.0195932 1.0080011 1.0215429 0.9980974 0.26223904 0.22393931 1.0258498 0.36630902 1.0003713
0.96841997 0.9808897 0.36516908 0.16399023 0 0.36516908 0.95794547 0.99545324 0.9637064 1.0011308 0.28601852 0.97170067 0.28660446 0.9604604 0.9666036 0.99847597 0.99961257 0.9651536 0.9611805 0.3588495 0.35965672 0.99961257 0.9838541 1.0022715 0.9768326 0.25968993 0.22299634 1.0091523 0.3619216 0.98496884
0.982 1.0003713 0.16961105 0.36745068 0.36516908 0 0.9727974 1.0045581 0.9666036 0.9946995 0.36696118 0.99056727 0.3687576 0.96226203 0.9662408 0.99885464 0.9924427 0.9790429 0.97352946 0.13159883 0.13219498 1.0068517 0.9872032 1.0041765 0.98348296 0.36614606 0.3695756 1.0099207 0.21376422 0.9969631
0.42036211 0.86274505 0.9816297 0.98051995 0.95794547 0.9727974 0 0.8605368 0.22921483 0.8700467 0.9764649 0.4443884 0.97867405 0.22691068 0.22259256 0.86337715 0.8640098 0.12649153 0.122477666 0.9706055 0.97352946 0.863061 0.42634106 0.85959244 0.3274073 0.98832285 0.9608204 0.8754896 0.9706055 0.85707986
0.84095025 0.40373325 1.0238891 1.0164845 0.99545324 1.0045581 0.8605368 0 0.863061 0.40202212 1.0211525 0.85864925 1.0329514 0.8592779 0.8611671 0.405105 0.40716735 0.86749893 0.86559373 1.01146 1.0133885 0.11276841 0.84928197 0.1126522 0.8599071 1.0049399 1.002652 0.22704603 1.0176488 0.39403155
0.4147781 0.86148244 0.9872032 0.9977191 0.9637064 0.9666036 0.22921483 0.863061 0 0.863061 0.9894442 0.42440146 0.98757625 0.10490646 0.10226581 0.85770726 0.85802114 0.22393931 0.22057699 0.96406794 0.96841997 0.8649598 0.4236974 0.8621135 0.32647946 0.9950763 0.9831119 0.8643263 0.97316337 0.8573935
0.85520095 0.34177974 1.0034139 1.0118452 1.0011308 0.9946995 0.8700467 0.40202212 0.863061 0 1.018426 0.8662283 1.0122308 0.86749893 0.8599071 0.095988676 0.096216016 0.8713238 0.86718106 0.99734104 1.0068517 0.40356198 0.86179787 0.40150952 0.8678169 0.9977191 1.0091523 0.4120016 1.0149349 0.3339345
0.99056727 1.0133885 0.36614606 0.2880713 0.28601852 0.36696118 0.9764649 1.0211525 0.9894442 1.018426 0 0.9977191 0.08605326 0.98645765 0.9857129 1.0168724 1.0188149 0.99131685 0.9831119 0.36516908 0.3643559 1.0278157 0.9980974 1.0286036 0.9950763 0.28426346 0.28954104 1.042526 0.3617596 1.0091523
0.4345068 0.84402525 1.0095364 0.99734104 0.97170067 0.99056727 0.4443884 0.85864925 0.42440146 0.8662283 0.9977191 0 1.0095364 0.42881688 0.42740113 0.85520095 0.8611671 0.43539977 0.43414992 0.98237044 0.98794943 0.85770726 0.38579065 0.85613984 0.43343666 0.9962078 0.9872032 0.86559373 0.99734104 0.84402525
1.002652 1.0110749 0.3667981 0.29116106 0.28660446 0.3687576 0.97867405 1.0329514 0.98757625 1.0122308 0.08605326 1.0095364 0 0.9857129 0.98869646 1.0137748 1.0172604 0.9962078 0.9860852 0.36582026 0.36516908 1.0301816 1.0083846 1.0325551 0.99999183 0.28601852 0.29057157 1.0473596 0.3687576 1.0133885
0.41252142 0.8605368 0.9827411 1.0060863 0.9604604 0.96226203 0.22691068 0.8592779 0.10490646 0.86749893 0.98645765 0.42881688 0.9857129 0 0.05249503 0.86654574 0.8662283 0.22501844 0.22165129 0.95866317 0.9608204 0.8605368 0.4189622 0.8592779 0.32324106 0.9962078 0.9768326 0.8611671 0.9669665 0.85707986
0.40889028 0.8542633 0.98794943 1.0011308 0.9666036 0.9662408 0.22259256 0.8611671 0.10226581 0.8599071 0.9857129 0.42740113 0.98869646 0.05249503 0 0.8573935 0.85613984 0.22138256 0.21722966 0.9662408 0.9673296 0.85770726 0.41338858 0.85645306 0.3172637 0.99999183 0.97978103 0.8602219 0.97609735 0.85207987
0.8474224 0.33878887 1.0103053 1.0157093 0.99847597 0.99885464 0.86337715 0.405105 0.85770726 0.095988676 1.0168724 0.85520095 1.0137748 0.86654574 0.8573935 0 0.048110615 0.85959244 0.8592779 1.001891 1.0060863 0.40202212 0.8555138 0.40014434 0.86718106 0.99961257 1.0122308 0.41269478 1.0149349 0.3280265
0.85488826 0.34241092 1.0030329 1.019204 0.99961257 0.9924427 0.8640098 0.40716735 0.85802114 0.096216016 1.0188149 0.8611671 1.0172604 0.8662283 0.85613984 0.048110615 0 0.8608519 0.8573935 0.9980974 1.0049399 0.40562007 0.85363877 0.40339074 0.86909026 0.99923354 1.0149349 0.41495198 1.0083846 0.33175245
0.41686726 0.86148244 0.9857129 0.99131685 0.9651536 0.9790429 0.12649153 0.86749893 0.22393931 0.8713238 0.99131685 0.43539977 0.9962078 0.22501844 0.22138256 0.85959244 0.8608519 0 0.034480598 0.9816297 0.9857129 0.8662283 0.4245776 0.8640098 0.32725257 0.99281836 0.9713354 0.8754896 0.9753628 0.85707986
0.414083 0.8592779 0.9808897 0.98683035 0.9611805 0.97352946 0.122477666 0.86559373 0.22057699 0.86718106 0.9831119 0.43414992 0.9860852 0.22165129 0.21722966 0.8592779 0.8573935 0.034480598 0 0.9783054 0.9831119 0.86337715 0.42281827 0.8605368 0.3238568 0.98496884 0.9626228 0.8694089 0.97024083 0.8523914
0.9713354 1.0049399 0.16635834 0.3628944 0.3588495 0.13159883 0.9706055 1.01146 0.96406794 0.99734104 0.36516908 0.98237044 0.36582026 0.95866317 0.9662408 1.001891 0.9980974 0.9816297 0.9783054 0 0.030824859 1.0164845 0.9853408 1.015322 0.9779369 0.3643559 0.36451846 1.0168724 0.21349831 1.0030329
0.97352946 1.0083846 0.16573443 0.36305663 0.35965672 0.13219498 0.97352946 1.0133885 0.96841997 1.0068517 0.3643559 0.98794943 0.36516908 0.9608204 0.9673296 1.0060863 1.0049399 0.9857129 0.9831119 0.030824859 0 1.0172604 0.9853408 1.0168724 0.9894442 0.36468107 0.36468107 1.0262426 0.21469565 1.0137748
0.8354467 0.405105 1.0238891 1.0195932 0.99961257 1.0068517 0.863061 0.11276841 0.8649598 0.40356198 1.0278157 0.85770726 1.0301816 0.8605368 0.85770726 0.40202212 0.40562007 0.8662283 0.86337715 1.0164845 1.0172604 0 0.8483516 0.017502649 0.8662283 1.0041765 1.0034139 0.22731678 1.0207624 0.3975913
0.42088777 0.85520095 1.001891 1.0080011 0.9838541 0.9872032 0.42634106 0.84928197 0.4236974 0.86179787 0.9980974 0.38579065 1.0083846 0.4189622 0.41338858 0.8555138 0.85363877 0.4245776 0.42281827 0.9853408 0.9853408 0.8483516 0 0.8495923 0.4245776 0.9901927 0.99131685 0.8514572 0.9931942 0.86179787
0.8345334 0.40476185 1.0211525 1.0215429 1.0022715 1.0041765 0.85959244 0.1126522 0.8621135 0.40150952 1.0286036 0.85613984 1.0325551 0.8592779 0.85645306 0.40014434 0.40339074 0.8640098 0.8605368 1.015322 1.0168724 0.017502649 0.8495923 0 0.86274505 1.0030329 1.0064689 0.22826521 1.0172604 0.3974214
0.4100987 0.8668633 1.0011308 0.9980974 0.9768326 0.98348296 0.3274073 0.8599071 0.32647946 0.8678169 0.9950763 0.43343666 0.99999183 0.32324106 0.3172637 0.86718106 0.86909026 0.32725257 0.3238568 0.9779369 0.9894442 0.8662283 0.4245776 0.86274505 0 0.99923354 0.98757625 0.8611671 0.9816297 0.8437172
0.9857129 1.0003713 0.36696118 0.26223904 0.25968993 0.36614606 0.98832285 1.0049399 0.9950763 0.9977191 0.28426346 0.9962078 0.28601852 0.9962078 0.99999183 0.99961257 0.99923354 0.99281836 0.98496884 0.3643559 0.36468107 1.0041765 0.9901927 1.0030329 0.99923354 0 0.26394325 1.0072346 0.36305663 1.0060863
0.98645765 1.0095364 0.3738435 0.22393931 0.22299634 0.3695756 0.9608204 1.002652 0.9831119 1.0091523 0.28954104 0.9872032 0.29057157 0.9768326 0.97978103 1.0122308 1.0149349 0.9713354 0.9626228 0.36451846 0.36468107 1.0034139 0.99131685 1.0064689 0.98757625 0.26394325 0 1.0176488 0.36712432 0.99923354
0.8455675 0.4113091 1.0278157 1.0258498 1.0091523 1.0099207 0.8754896 0.22704603 0.8643263 0.4120016 1.042526 0.86559373 1.0473596 0.8611671 0.8602219 0.41269478 0.41495198 0.8754896 0.8694089 1.0168724 1.0262426 0.22731678 0.8514572 0.22826521 0.8611671 1.0072346 1.0176488 0 1.0238891 0.39946267
0.9853408 1.0242808 0.21629508 0.36630902 0.3619216 0.21376422 0.9706055 1.0176488 0.97316337 1.0149349 0.3617596 0.99734104 0.3687576 0.9669665 0.97609735 1.0149349 1.0083846 0.9753628 0.97024083 0.21349831 0.21469565 1.0207624 0.9931942 1.0172604 0.9816297 0.36305663 0.36712432 1.0238891 0 1.0254573
0.847732 0.18123527 1.0122308 1.0003713 0.98496884 0.9969631 0.85707986 0.39403155 0.8573935 0.3339345 1.0091523 0.84402525 1.0133885 0.85707986 0.85207987 0.3280265 0.33175245 0.85707986 0.8523914 1.0030329 1.0137748 0.3975913 0.86179787 0.3974214 0.8437172 1.0060863 0.99923354 0.39946267 1.0254573 0
