0 1.0203725 0.8842163 1.0176488 1.0223241 0.87324363 0.8838912 0.891731 0.8884545 0.8774201 0.87613255 1.0219333 0.8713238 0.87645423 1.0110749 0.90164745 1.01146 1.0141612 1.0130024 1.0045581 1.014548 0.9036466 0.8874743 0.90398026 1.0266355 0.895022 0.8621135 0.8729233 0.8963424 1.0030329
1.0203725 0 0.9939465 0.4540354 0.46548036 0.9768326 1.0041765 0.99961257 1.005704 0.9816297 0.99056727 0.5391052 1.000751 0.99923354 0.53094184 1.0203725 0.52709514 0.5287124 0.52628785 0.52931976 0.5264896 1.0199828 1.0282096 1.0211525 0.28851193 1.0137748 0.990942 0.990942 1.0203725 0.21456252
0.8842163 0.9939465 0 0.99999183 1.0003713 0.16948567 0.3700668 0.37269205 0.3751616 0.16573443 0.16536033 1.0297868 0.31680587 0.31711105 0.9946995 0.3758215 0.98645765 0.9898184 0.98757625 0.9872032 0.99281836 0.3753265 0.43790576 0.3753265 0.99847597 0.3856234 0.31284967 0.21736327 0.37105018 0.9838541
1.0176488 0.4540354 0.99999183 0 0.13770178 0.99847597 1.0149349 1.015322 1.0203725 0.9980974 0.99357027 0.531551 1.0110749 1.0011308 0.5212617 1.0289978 0.52106136 0.52106136 0.51926064 0.5202605 0.5214621 1.0282096 1.018426 1.0278157 0.45605326 1.0219333 0.99281836 1.0034139 1.0282096 0.44096002
1.0223241 0.46548036 1.0003713 0.13770178 0 0.99357027 1.0003713 1.0011308 1.0045581 0.99131685 0.98645765 0.53256744 0.99545324 0.9901927 0.52628785 1.014548 0.52447456 0.52427334 0.52306724 0.520861 0.5212617 1.0099207 1.0045581 1.0126165 0.45623696 1.018426 0.98645765 1.0030329 1.0122308 0.44312346
0.87324363 0.9768326 0.16948567 0.99847597 0.99357027 0 0.3743375 0.37730846 0.38045728 0.096216016 0.097239904 1.0176488 0.31619588 0.31558636 0.99847597 0.3842868 0.9894442 0.9958304 0.99131685 0.99131685 0.9950763 0.3842868 0.4452932 0.38445374 0.98496884 0.38462073 0.31057674 0.22071119 0.3789641 0.9768326
0.8838912 1.0041765 0.3700668 1.0149349 1.0003713 0.3743375 0 0.0939457 0.09792328 0.3738435 0.3738435 1.0274222 0.38178706 0.37664723 1.0227151 0.18904316 1.0199828 1.0246727 1.0211525 1.014548 1.0160967 0.19175006 0.4418607 0.19162093 1.0076177 0.2690793 0.3753265 0.37302083 0.21456252 0.99658537
0.891731 0.99961257 0.37269205 1.015322 1.0011308 0.37730846 0.0939457 0 0.07084291 0.3758215 0.37797028 1.0325551 0.38712993 0.3814544 1.0227151 0.19498533 1.0176488 1.0266355 1.0199828 1.014548 1.015322 0.19550428 0.4461991 0.19524476 1.001891 0.27353033 0.3794615 0.37615168 0.2188345 0.9946995
0.8884545 1.005704 0.3751616 1.0203725 1.0045581 0.38045728 0.09792328 0.07084291 0 0.37863266 0.38062337 1.0270288 0.38931137 0.38228634 1.0211525 0.19745351 1.0133885 1.0203725 1.0157093 1.0072346 1.0091523 0.19823462 0.44837776 0.19797416 1.0053219 0.2788777 0.38311923 0.37780476 0.22218902 1.0037951
0.8774201 0.9816297 0.16573443 0.9980974 0.99131685 0.096216016 0.3738435 0.3758215 0.37863266 0 0.056366004 1.0172604 0.31467304 0.3137608 0.9980974 0.37780476 0.98907024 0.9931942 0.99169195 0.9898184 0.9920673 0.37664723 0.44366533 0.3768125 0.9816297 0.38445374 0.31012297 0.21656199 0.37615168 0.96769285
0.87613255 0.99056727 0.16536033 0.99357027 0.98645765 0.097239904 0.3738435 0.37797028 0.38062337 0.056366004 0 1.015322 0.31589106 0.3145209 1.0053219 0.38261938 0.9946995 0.99545324 0.99734104 0.99281836 0.9969631 0.3821199 0.4443884 0.3821199 0.98794943 0.38478774 0.31284967 0.2189684 0.37995923 0.97316337
1.0219333 0.5391052 1.0297868 0.531551 0.53256744 1.0176488 1.0274222 1.0325551 1.0270288 1.0172604 1.015322 0 1.0385218 1.0274222 0.46958384 1.0397208 0.47051957 0.47108158 0.4723946 0.47033232 0.471644 1.0437315 1.0313674 1.042526 0.52689326 1.0278157 1.0141612 1.0270288 1.0417235 0.5190608
0.8713238 1.000751 0.31680587 1.0110749 0.99545324 0.31619588 0.38178706 0.38712993 0.38931137 0.31467304 0.31589106 1.0385218 0 0.054535553 0.9977191 0.3914992 0.99169195 0.99961257 0.9898184 0.99281836 0.99169195 0.39284873 0.442582 0.3935244 0.98907024 0.3925111 0.24526776 0.31695846 0.38478774 0.9838541
0.87645423 0.99923354 0.31711105 1.0011308 0.9901927 0.31558636 0.37664723 0.3814544 0.38228634 0.3137608 0.3145209 1.0274222 0.054535553 0 0.9943229 0.38579065 0.98794943 0.9958304 0.98832285 0.99056727 0.98832285 0.3866274 0.44493115 0.38696238 0.9901927 0.3888074 0.2473509 0.31360888 0.38178706 0.9845971
1.0110749 0.53094184 0.9946995 0.5212617 0.52628785 0.99847597 1.0227151 1.0227151 1.0211525 0.9980974 1.0053219 0.46958384 0.9977191 0.9943229 0 1.0270288 0.050353087 0.05163752 0.049711697 0.07348531 0.07370593 1.0254573 1.000751 1.0227151 0.5226656 1.0238891 0.990942 1.0103053 1.0409217 0.51388425
0.90164745 1.0203725 0.3758215 1.0289978 1.014548 0.3842868 0.18904316 0.19498533 0.19745351 0.37780476 0.38261938 1.0397208 0.3914992 0.38579065 1.0270288 0 1.0254573 1.0305767 1.0254573 1.0180373 1.0168724 0.024289096 0.45238847 0.024289096 1.0254573 0.2754048 0.38545617 0.38045728 0.21442941 1.0060863
1.01146 0.52709514 0.98645765 0.52106136 0.52447456 0.9894442 1.0199828 1.0176488 1.0133885 0.98907024 0.9946995 0.47051957 0.99169195 0.98794943 0.050353087 1.0254573 0 0.02325689 0.021711241 0.0688672 0.06941549 1.0238891 1.0049399 1.0211525 0.51646805 1.0160967 0.98832285 0.99923354 1.0317632 0.5069718
1.0141612 0.5287124 0.9898184 0.52106136 0.52427334 0.9958304 1.0246727 1.0266355 1.0203725 0.9931942 0.99545324 0.47108158 0.99961257 0.9958304 0.05163752 1.0305767 0.02325689 0 0.021093873 0.07062313 0.07018376 1.0289978 1.0099207 1.0262426 0.5172649 1.0234975 0.9946995 1.0053219 1.0413225 0.50736505
1.0130024 0.52628785 0.98757625 0.51926064 0.52306724 0.99131685 1.0211525 1.0199828 1.0157093 0.99169195 0.99734104 0.4723946 0.9898184 0.98832285 0.049711697 1.0254573 0.021711241 0.021093873 0 0.06897683 0.06919613 1.0238891 1.0053219 1.0211525 0.51447976 1.0215429 0.99056727 1.0003713 1.0373245 0.50481236
1.0045581 0.52931976 0.9872032 0.5202605 0.520861 0.99131685 1.014548 1.014548 1.0072346 0.9898184 0.99281836 0.47033232 0.99281836 0.99056727 0.07348531 1.0180373 0.0688672 0.07062313 0.06897683 0 0.015560305 1.0157093 1.0095364 1.0141612 0.52186304 1.0122308 0.9853408 0.99885464 1.0357314 0.5115071
1.014548 0.5264896 0.99281836 0.5214621 0.5212617 0.9950763 1.0160967 1.015322 1.0091523 0.9920673 0.9969631 0.471644 0.99169195 0.98832285 0.07370593 1.0168724 0.06941549 0.07018376 0.06919613 0.015560305 0 1.0157093 1.0110749 1.0137748 0.51806253 1.0099207 0.9860852 1.002652 1.0349361 0.5085462
0.9036466 1.0199828 0.3753265 1.0282096 1.0099207 0.3842868 0.19175006 0.19550428 0.19823462 0.37664723 0.3821199 1.0437315 0.39284873 0.3866274 1.0254573 0.024289096 1.0238891 1.0289978 1.0238891 1.0157093 1.0157093 0 0.45129248 0.0066292114 1.0266355 0.27612698 0.38629258 0.38029122 0.21509518 1.0118452
0.8874743 1.0282096 0.43790576 1.018426 1.0045581 0.4452932 0.4418607 0.4461991 0.44837776 0.44366533 0.4443884 1.0313674 0.442582 0.44493115 1.000751 0.45238847 1.0049399 1.0099207 1.0053219 1.0095364 1.0110749 0.45129248 0 0.4522057 1.0122308 0.4604748 0.43844384 0.44204095 0.4540354 0.99847597
0.90398026 1.0211525 0.3753265 1.0278157 1.0126165 0.38445374 0.19162093 0.19524476 0.19797416 0.3768125 0.3821199 1.042526 0.3935244 0.38696238 1.0227151 0.024289096 1.0211525 1.0262426 1.0211525 1.0141612 1.0137748 0.0066292114 0.4522057 0 1.0234975 0.27656063 0.38612524 0.37995923 0.21509518 1.0083846
1.0266355 0.28851193 0.99847597 0.45605326 0.45623696 0.98496884 1.0076177 1.001891 1.0053219 0.9816297 0.98794943 0.52689326 0.98907024 0.9901927 0.5226656 1.0254573 0.51646805 0.5172649 0.51447976 0.52186304 0.51806253 1.0266355 1.0122308 1.0234975 0 1.0231062 0.982 0.9931942 1.0278157 0.27554917
0.895022 1.0137748 0.3856234 1.0219333 1.018426 0.38462073 0.2690793 0.27353033 0.2788777 0.38445374 0.38478774 1.0278157 0.3925111 0.3888074 1.0238891 0.2754048 1.0160967 1.0234975 1.0215429 1.0122308 1.0099207 0.27612698 0.4604748 0.27656063 1.0231062 0 0.38295257 0.38195345 0.27223536 0.99961257
0.8621135 0.990942 0.31284967 0.99281836 0.98645765 0.31057674 0.3753265 0.3794615 0.38311923 0.31012297 0.31284967 1.0141612 0.24526776 0.2473509 0.990942 0.38545617 0.98832285 0.9946995 0.99056727 0.9853408 0.9860852 0.38629258 0.43844384 0.38612524 0.982 0.38295257 0 0.3119397 0.3814544 0.9687838
0.8729233 0.990942 0.21736327 1.0034139 1.0030329 0.22071119 0.37302083 0.37615168 0.37780476 0.21656199 0.2189684 1.0270288 0.31695846 0.31360888 1.0103053 0.38045728 0.99923354 1.0053219 1.0003713 0.99885464 1.002652 0.38029122 0.44204095 0.37995923 0.9931942 0.38195345 0.3119397 0 0.37072223 0.9842255
0.8963424 1.0203725 0.37105018 1.0282096 1.0122308 0.3789641 0.21456252 0.2188345 0.22218902 0.37615168 0.37995923 1.0417235 0.38478774 0.38178706 1.0409217 0.21442941 1.0317632 1.0413225 1.0373245 1.0357314 1.0349361 0.21509518 0.4540354 0.21509518 1.0278157 0.27223536 0.3814544 0.37072223 0 1.0176488
1.0030329 0.21456252 0.9838541 0.44096002 0.44312346 0.9768326 0.99658537 0.9946995 1.0037951 0.96769285 0.97316337 0.5190608 0.9838541 0.9845971 0.51388425 1.0060863 0.5069718 0.50736505 0.50481236 0.5115071 0.5085462 1.0118452 0.99847597 1.0083846 0.27554917 0.99961257 0.9687838 0.9842255 1.0176488 0
