0 0.5688497889 0.5521894489 0.5588934189 0.5565821889 0.5733414889 1.0185275889 1.0088798889 0.5588934189 0.8642559389 0.5616340889 0.4193167189 0.5555339889 0.5709853589 0.5697032589 1.0039116889 1.0062006889 0.8648885889 0.8671070889 0.5754898589 0.5733414889 1.0058186889 1.0058186889 1.0054368889 1.0154267889 0.9906971889 1.0092633889 0.5622679889 0.5614229189 1.0146535889
0.5688497889 0 0.4684080889 0.4674760489 0.2752736889 0.2812082889 1.0127239889 1.0104151889 0.4684080889 0.8734818889 0.4682215889 0.5652332889 0.4717730089 0.2576056889 0.2609929889 1.0185275889 1.0142672889 0.8770113389 0.8799114889 0.3967728689 0.3964338689 1.0177511889 0.9985978889 1.0185275889 1.0204719889 1.0134952889 1.0054368889 0.4682215889 0.4545478889 1.0255514889
0.5521894489 0.4684080889 0 0.2585920889 0.4626480889 0.4669173889 1.0023896889 1.0077304889 0.2607101289 0.8667897389 0.2625505889 0.5629024289 0.2618421889 0.4687812089 0.4672897889 1.0100310889 1.0088798889 0.8554544889 0.8545175589 0.4639448889 0.4637594889 1.0088798889 0.9967091889 1.0073476889 1.0177511889 1.0104151889 1.0046738889 0.3105482489 0.2944025189 0.9921956389
0.5588934189 0.4674760489 0.2585920889 0 0.4678487289 0.4730856489 1.0092633889 1.0235938889 0.2432398389 0.8658385889 0.2426874589 0.5637491889 0.2428255189 0.4732733889 0.4736489389 1.0016297889 0.9993547589 0.8601566889 0.8614155889 0.4715856689 0.4708367889 1.0031502889 1.0004913589 1.0031502889 1.0050552889 1.0193047889 1.0134952889 0.3094911689 0.2948463589 0.9903229889
0.5565821889 0.2752736889 0.4626480889 0.4678487289 0 0.2442074889 1.0138811889 1.0235938889 0.4727103889 0.8795886889 0.4713983589 0.5735560389 0.4691545489 0.2777286889 0.2783074889 0.9936971489 0.9970865889 0.8860709889 0.8880266889 0.3893503889 0.3888469689 1.0150399889 0.9711196189 1.0138811889 1.0062006889 0.9944490589 1.0150399889 0.4740246889 0.4593237889 1.0138811889
0.5733414889 0.2812082889 0.4669173889 0.4730856489 0.2442074889 0 1.0422012889 1.0267285889 0.4802519189 0.8782988889 0.4762831389 0.5757050289 0.4766602289 0.2812082889 0.2828085189 1.0232028889 1.0216411889 0.8857455889 0.8831470389 0.4001711389 0.3996604189 1.0318507889 1.0232028889 1.0326419889 1.0169754889 1.0181391889 1.0394005889 0.4766602289 0.4672897889 1.0350202889
1.0185275889 1.0127239889 1.0023896889 1.0092633889 1.0138811889 1.0422012889 0 0.2362272189 1.0154267889 1.0062006889 1.0216411889 0.9989761889 1.0138811889 1.0150399889 1.0111840889 0.7226297889 0.7184529889 1.0111840889 1.0138811889 1.0418004889 1.0370081889 0.7313186889 0.7124892289 0.7318484889 0.4719603689 0.4678487289 0.3204358289 1.0401995889 1.0290883889 0.7163732389
1.0088798889 1.0104151889 1.0077304889 1.0235938889 1.0235938889 1.0267285889 0.2362272189 0 1.0358148889 1.0111840889 1.0346234889 0.9970865889 1.0306655889 1.0181391889 1.0173632889 0.7331747889 0.7313186889 1.0096470889 1.0146535889 1.0394005889 1.0397999889 0.7286750489 0.7226297889 0.7289389889 0.4789266689 0.4620930289 0.3262772389 1.0450125889 1.0370081889 0.7294671289
0.5588934189 0.4684080889 0.2607101289 0.2432398389 0.4727103889 0.4802519189 1.0154267889 1.0358148889 0 0.8734818889 0.2170404589 0.5697032589 0.2158407689 0.4776037389 0.4745886689 1.0096470889 1.0084964889 0.8614155889 0.8620458889 0.4734611289 0.4719603689 1.0173632889 1.0042926889 1.0154267889 1.0131095889 1.0196936889 1.0096470889 0.3093402889 0.2920398489 0.9940729889
0.8642559389 0.8734818889 0.8667897389 0.8658385889 0.8795886889 0.8782988889 1.0062006889 1.0111840889 0.8734818889 0 0.8664725189 0.8626766589 0.8782988889 0.8639397889 0.8709254889 1.0346234889 1.0283009889 0.1342674589 0.1322393089 0.8680598489 0.8661554889 1.0216411889 1.0196936889 1.0220312889 0.9967091889 1.0020095889 1.0031502889 0.8899874489 0.8567055289 1.0458176889
0.5616340889 0.4682215889 0.2625505889 0.2426874589 0.4713983589 0.4762831389 1.0216411889 1.0346234889 0.2170404589 0.8664725189 0 0.5673585289 0.1180768089 0.4736489389 0.4712111089 1.0208615889 1.0169754889 0.8576451889 0.8604712289 0.4656154889 0.4645013289 1.0224216889 1.0189160889 1.0204719889 1.0232028889 1.0259437889 1.0154267889 0.3072309889 0.2948463589 1.0181391889
0.4193167189 0.5652332889 0.5629024289 0.5637491889 0.5735560389 0.5757050289 0.9989761889 0.9970865889 0.5697032589 0.8626766589 0.5673585289 0 0.5643848589 0.5757050289 0.5720553889 0.9847328889 0.9847328889 0.8655217889 0.8611006889 0.5789401289 0.5763508889 1.0169754889 0.9813987389 1.0169754889 0.9933214889 0.9877091389 0.9993547589 0.5635373889 0.5643848589 0.9873364389
0.5555339889 0.4717730089 0.2618421889 0.2428255189 0.4691545489 0.4766602289 1.0138811889 1.0306655889 0.2158407689 0.8782988889 0.1180768089 0.5643848589 0 0.4713983589 0.4719603689 1.0092633889 1.0081133889 0.8741224189 0.8754049889 0.4708367889 0.4706496689 1.0279075889 1.0158136889 1.0259437889 1.0212512889 1.0298765889 1.0158136889 0.3117581689 0.2901256489 1.0158136889
0.5709853589 0.2576056889 0.4687812089 0.4732733889 0.2777286889 0.2812082889 1.0150399889 1.0181391889 0.4776037389 0.8639397889 0.4736489389 0.5757050289 0.4713983589 0 0.1059002729 1.0185275889 1.0208615889 0.8728419889 0.8731618889 0.3917041189 0.3900221389 1.0326419889 1.0058186889 1.0322461889 1.0104151889 1.0069650889 1.0146535889 0.4755295889 0.4600612589 1.0220312889
0.5697032589 0.2609929889 0.4672897889 0.4736489389 0.2783074889 0.2828085189 1.0111840889 1.0173632889 0.4745886689 0.8709254889 0.4712111089 0.5720553889 0.4719603689 0.1059002729 0 1.0220312889 1.0228120889 0.8831470389 0.8805574589 0.3922094489 0.3908626489 1.0298765889 1.0039116889 1.0290883889 1.0162007889 1.0162007889 1.0092633889 0.4777925889 0.4658013389 1.0228120889
1.0039116889 1.0185275889 1.0100310889 1.0016297889 0.9936971489 1.0232028889 0.7226297889 0.7331747889 1.0096470889 1.0346234889 1.0208615889 0.9847328889 1.0092633889 1.0185275889 1.0220312889 0 0.0637411589 1.0279075889 1.0358148889 1.0189160889 1.0173632889 0.7132644389 0.3858335889 0.7145582189 0.7244644889 0.7297313589 0.7252521889 1.0115687889 1.0189160889 0.3006401689
1.0062006889 1.0142672889 1.0088798889 0.9993547589 0.9970865889 1.0216411889 0.7184529889 0.7313186889 1.0084964889 1.0283009889 1.0169754889 0.9847328889 1.0081133889 1.0208615889 1.0228120889 0.0637411589 0 1.0255514889 1.0302709889 1.0050552889 1.0042926889 0.7058042889 0.3803402889 0.7068287889 0.7192343289 0.7247269489 0.7192343289 1.0154267889 1.0150399889 0.2932202589
0.8648885889 0.8770113389 0.8554544889 0.8601566889 0.8860709889 0.8857455889 1.0111840889 1.0096470889 0.8614155889 0.1342674589 0.8576451889 0.8655217889 0.8741224189 0.8728419889 0.8831470389 1.0279075889 1.0255514889 0 0.0356735689 0.8770113389 0.8744428489 1.0050552889 1.0146535889 1.0058186889 0.9997334289 1.0042926889 1.0016297889 0.8863965889 0.8532701889 1.0438063889
0.8671070889 0.8799114889 0.8545175589 0.8614155889 0.8880266889 0.8831470389 1.0138811889 1.0146535889 0.8620458889 0.1322393089 0.8604712289 0.8611006889 0.8754049889 0.8731618889 0.8805574589 1.0358148889 1.0302709889 0.0356735689 0 0.8718831289 0.8693320889 1.0020095889 1.0228120889 1.0023896889 0.9940729889 1.0012500889 0.9985978889 0.8916253889 0.8489205889 1.0510722889
0.5754898589 0.3967728689 0.4639448889 0.4715856689 0.3893503889 0.4001711389 1.0418004889 1.0394005889 0.4734611289 0.8680598489 0.4656154889 0.5789401289 0.4708367889 0.3917041189 0.3922094489 1.0189160889 1.0050552889 0.8770113389 0.8718831289 0 0.0123663169 1.0279075889 1.0100310889 1.0275142889 1.0298765889 1.0232028889 1.0366101889 0.4691545489 0.4552806689 1.0104151889
0.5733414889 0.3964338689 0.4637594889 0.4708367889 0.3888469689 0.3996604189 1.0370081889 1.0397999889 0.4719603689 0.8661554889 0.4645013289 0.5763508889 0.4706496689 0.3900221389 0.3908626489 1.0173632889 1.0042926889 0.8744428489 0.8693320889 0.0123663169 0 1.0204719889 1.0069650889 1.0200827889 1.0255514889 1.0173632889 1.0374063889 0.4697148589 0.4554639889 1.0088798889
1.0058186889 1.0177511889 1.0088798889 1.0031502889 1.0150399889 1.0318507889 0.7313186889 0.7286750489 1.0173632889 1.0216411889 1.0224216889 1.0169754889 1.0279075889 1.0326419889 1.0298765889 0.7132644389 0.7058042889 1.0050552889 1.0020095889 1.0279075889 1.0204719889 0 0.7027388889 0.00207975000000004 0.7163732389 0.7171524589 0.7331747889 1.0150399889 1.0081133889 0.7104259489
1.0058186889 0.9985978889 0.9967091889 1.0004913589 0.9711196189 1.0232028889 0.7124892289 0.7226297889 1.0042926889 1.0196936889 1.0189160889 0.9813987389 1.0158136889 1.0058186889 1.0039116889 0.3858335889 0.3803402889 1.0146535889 1.0228120889 1.0100310889 1.0069650889 0.7027388889 0 0.7029937889 0.7207995389 0.7132644389 0.7184529889 1.0212512889 1.0111840889 0.3959256889
1.0054368889 1.0185275889 1.0073476889 1.0031502889 1.0138811889 1.0326419889 0.7318484889 0.7289389889 1.0154267889 1.0220312889 1.0204719889 1.0169754889 1.0259437889 1.0322461889 1.0290883889 0.7145582189 0.7068287889 1.0058186889 1.0023896889 1.0275142889 1.0200827889 0.00207975000000004 0.7029937889 0 0.7184529889 0.7181926889 0.7337058889 1.0146535889 1.0084964889 0.7109412289
1.0154267889 1.0204719889 1.0177511889 1.0050552889 1.0062006889 1.0169754889 0.4719603689 0.4789266689 1.0131095889 0.9967091889 1.0232028889 0.9933214889 1.0212512889 1.0104151889 1.0162007889 0.7244644889 0.7192343289 0.9997334289 0.9940729889 1.0298765889 1.0255514889 0.7163732389 0.7207995389 0.7184529889 0 0.3547427389 0.4725227889 1.0177511889 1.0306655889 0.7213220389
0.9906971889 1.0134952889 1.0104151889 1.0193047889 0.9944490589 1.0181391889 0.4678487289 0.4620930289 1.0196936889 1.0020095889 1.0259437889 0.9877091389 1.0298765889 1.0069650889 1.0162007889 0.7297313589 0.7247269489 1.0042926889 1.0012500889 1.0232028889 1.0173632889 0.7171524589 0.7132644389 0.7181926889 0.3547427389 0 0.4687812089 1.0267285889 1.0279075889 0.7145582189
1.0092633889 1.0054368889 1.0046738889 1.0134952889 1.0150399889 1.0394005889 0.3204358289 0.3262772389 1.0096470889 1.0031502889 1.0154267889 0.9993547589 1.0158136889 1.0146535889 1.0092633889 0.7252521889 0.7192343289 1.0016297889 0.9985978889 1.0366101889 1.0374063889 0.7331747889 0.7184529889 0.7337058889 0.4725227889 0.4687812089 0 1.0154267889 1.0200827889 0.7158541889
0.5622679889 0.4682215889 0.3105482489 0.3094911689 0.4740246889 0.4766602289 1.0401995889 1.0450125889 0.3093402889 0.8899874489 0.3072309889 0.5635373889 0.3117581689 0.4755295889 0.4777925889 1.0115687889 1.0154267889 0.8863965889 0.8916253889 0.4691545489 0.4697148589 1.0150399889 1.0212512889 1.0146535889 1.0177511889 1.0267285889 1.0154267889 0 0.3075319589 1.0142672889
0.5614229189 0.4545478889 0.2944025189 0.2948463589 0.4593237889 0.4672897889 1.0290883889 1.0370081889 0.2920398489 0.8567055289 0.2948463589 0.5643848589 0.2901256489 0.4600612589 0.4658013389 1.0189160889 1.0150399889 0.8532701889 0.8489205889 0.4552806689 0.4554639889 1.0081133889 1.0111840889 1.0084964889 1.0306655889 1.0279075889 1.0200827889 0.3075319589 0 1.0158136889
1.0146535889 1.0255514889 0.9921956389 0.9903229889 1.0138811889 1.0350202889 0.7163732389 0.7294671289 0.9940729889 1.0458176889 1.0181391889 0.9873364389 1.0158136889 1.0220312889 1.0228120889 0.3006401689 0.2932202589 1.0438063889 1.0510722889 1.0104151889 1.0088798889 0.7104259489 0.3959256889 0.7109412289 0.7213220389 0.7145582189 0.7158541889 1.0142672889 1.0158136889 0
