0 1.0297868 1.0274222 1.0099207 1.0203725 0.8003352 0.8783872 0.88910866 0.7796917 0.7712552 0.8624292 0.9962078 0.8678169 0.77405685 0.7690214 0.85802114 0.85645306 0.8573935 0.87613255 0.8774201 0.877098 0.7902292 0.76707226 0.7876524 0.86591095 1.0157093 0.85896355 0.99923354 0.78337723 0.8800019
1.0297868 0 0.17666517 0.64469653 0.64540553 1.01069 0.98757625 1.0083846 0.9894442 0.9816297 1.0103053 0.6578025 1.0064689 0.9816297 0.9939465 0.99885464 1.0053219 1.0049399 1.0282096 1.0262426 1.0313674 1.0015109 1.0199828 1.0022715 1.0072346 0.66577744 1.0003713 0.6297288 1.0015109 0.99357027
1.0274222 0.17666517 0 0.65492344 0.6520554 1.0130024 0.99999183 1.0180373 1.0076177 0.99545324 1.0080011 0.65660155 1.0164845 0.9709704 0.9845971 1.0083846 1.0103053 1.01069 1.0188149 1.018426 1.0227151 1.0091523 1.0289978 1.01069 1.002652 0.66335183 1.0011308 0.6418672 1.0041765 1.0126165
1.0099207 0.64469653 0.65492344 0 0.16162959 1.0349361 0.98757625 0.9894442 1.0313674 1.0203725 0.9931942 0.593787 0.9920673 0.9898184 1.0087683 0.990942 0.9901927 0.9920673 0.98496884 0.9853408 0.98907024 1.0297868 1.0274222 1.0313674 0.98907024 0.41948688 0.99545324 0.27554917 1.0345387 0.9853408
1.0203725 0.64540553 0.6520554 0.16162959 0 1.0337447 0.99847597 1.0022715 1.0274222 1.0227151 1.0068517 0.5946704 1.0037951 0.9946995 1.0060863 1.002652 1.000751 1.001891 0.99281836 0.99131685 0.99357027 1.0258498 1.030972 1.0266355 0.99545324 0.42404935 1.0041765 0.27815285 1.0286036 0.99357027
0.8003352 1.01069 1.0130024 1.0349361 1.0337447 0 0.8851922 0.8933747 0.26550886 0.2601142 0.8864954 0.9901927 0.8920595 0.48679987 0.49082956 0.891731 0.89932185 0.8953518 0.8835664 0.8832416 0.88291705 0.11021581 0.5554936 0.10928974 0.89601207 1.0317632 0.8855178 1.030972 0.26195538 0.9069903
0.8783872 0.98757625 0.99999183 0.98757625 0.99847597 0.8851922 0 0.09826519 0.8907466 0.87484723 0.49333504 0.9816297 0.4960426 0.8599071 0.85896355 0.49934357 0.49856558 0.49740008 0.48929188 0.48948392 0.4923704 0.8800019 0.8812961 0.8790327 0.49294904 0.99961257 0.50344145 0.9768326 0.89601207 0.18737236
0.88910866 1.0083846 1.0180373 0.9894442 1.0022715 0.8933747 0.09826519 0 0.8907466 0.8793556 0.50285465 0.98869646 0.5063822 0.86972773 0.86559373 0.50953186 0.5063822 0.5055969 0.497012 0.4983712 0.49973288 0.8940332 0.87806475 0.8943626 0.4983712 1.015322 0.5111116 0.97867405 0.90565103 0.18429753
0.7796917 0.9894442 1.0076177 1.0313674 1.0274222 0.26550886 0.8907466 0.8907466 0 0.09678467 0.88291705 0.9783054 0.8874743 0.47370988 0.4731459 0.88682157 0.891731 0.8910746 0.8835664 0.88162 0.88259256 0.25884217 0.5521454 0.2572904 0.8668633 1.0254573 0.8745262 1.0289978 0.21803166 0.910349
0.7712552 0.9816297 0.99545324 1.0203725 1.0227151 0.2601142 0.87484723 0.8793556 0.09678467 0 0.87774235 0.96010065 0.8800019 0.4660386 0.46790242 0.8800019 0.8871479 0.8874743 0.877098 0.8751683 0.87613255 0.2540561 0.5444594 0.2529344 0.86559373 1.0157093 0.8722831 1.0227151 0.20925651 0.9036466
0.8624292 1.0103053 1.0080011 0.9931942 1.0068517 0.8864954 0.49333504 0.50285465 0.88291705 0.87774235 0 0.98051995 0.05561175 0.85488826 0.8608519 0.0589578 0.059174187 0.058525212 0.48089057 0.4820307 0.48070073 0.8874743 0.877098 0.8874743 0.44456926 0.9958304 0.47502747 0.99131685 0.8809723 0.5067752
0.9962078 0.6578025 0.65660155 0.593787 0.5946704 0.9901927 0.9816297 0.98869646 0.9783054 0.96010065 0.98051995 0 0.9768326 0.9493862 0.9500957 0.97941184 0.9801504 0.97206604 0.96769285 0.9669665 0.9673296 0.9783054 0.99961257 0.98237044 0.9790429 0.59224355 0.9695119 0.593787 0.9901927 0.98683035
0.8678169 1.0064689 1.0164845 0.9920673 1.0037951 0.8920595 0.4960426 0.5063822 0.8874743 0.8800019 0.05561175 0.9768326 0 0.8508351 0.85645306 0.061992925 0.06253621 0.061450038 0.47899425 0.48089057 0.48013148 0.8940332 0.8832416 0.8940332 0.44728765 0.99281836 0.4723946 0.99545324 0.8783872 0.5050084
0.77405685 0.9816297 0.9709704 0.9898184 0.9946995 0.48679987 0.8599071 0.86972773 0.47370988 0.4660386 0.85488826 0.9493862 0.8508351 0 0.04992543 0.84310144 0.8514572 0.8489717 0.86179787 0.86148244 0.8621135 0.47559288 0.5393104 0.47540435 0.86274505 0.9709704 0.85488826 0.9779369 0.47672495 0.88454145
0.7690214 0.9939465 0.9845971 1.0087683 1.0060863 0.49082956 0.85896355 0.86559373 0.4731459 0.46790242 0.8608519 0.9500957 0.85645306 0.04992543 0 0.8480418 0.85582674 0.853951 0.85833514 0.8599071 0.85959244 0.4788049 0.5386949 0.47823706 0.8636934 0.98348296 0.85613984 0.99131685 0.4788049 0.8851922
0.85802114 0.99885464 1.0083846 0.990942 1.002652 0.891731 0.49934357 0.50953186 0.88682157 0.8800019 0.0589578 0.97941184 0.061992925 0.84310144 0.8480418 0 0.032389425 0.031763207 0.48127043 0.4820307 0.48146042 0.8904187 0.8855178 0.8907466 0.4474692 0.9924427 0.47785875 0.9857129 0.87967867 0.51091397
0.85645306 1.0053219 1.0103053 0.9901927 1.000751 0.89932185 0.49856558 0.5063822 0.891731 0.8871479 0.059174187 0.9801504 0.06253621 0.8514572 0.85582674 0.032389425 0 0.018321985 0.47937313 0.48032117 0.47994182 0.8937039 0.8858435 0.89469224 0.4489234 0.9898184 0.47842628 0.98051995 0.8838912 0.5083492
0.8573935 1.0049399 1.01069 0.9920673 1.001891 0.8953518 0.49740008 0.5055969 0.8910746 0.8874743 0.058525212 0.97206604 0.061450038 0.8489717 0.853951 0.031763207 0.018321985 0 0.48127043 0.48184055 0.48127043 0.8927168 0.8897634 0.89304566 0.4480142 0.9924427 0.47937313 0.9853408 0.8842163 0.5069718
0.87613255 1.0282096 1.0188149 0.98496884 0.99281836 0.8835664 0.48929188 0.497012 0.8835664 0.877098 0.48089057 0.96769285 0.47899425 0.86179787 0.85833514 0.48127043 0.47937313 0.48127043 0 0.011182959 0.011487528 0.8803252 0.8738847 0.877098 0.46939683 0.98348296 0.37466702 0.9962078 0.8904187 0.4939144
0.8774201 1.0262426 1.018426 0.9853408 0.99131685 0.8832416 0.48948392 0.4983712 0.88162 0.8751683 0.4820307 0.9669665 0.48089057 0.86148244 0.8599071 0.4820307 0.48032117 0.48184055 0.011182959 0 0.010979982 0.8793556 0.8726031 0.87581104 0.4720192 0.97978103 0.37598658 0.9943229 0.8920595 0.4939144
0.877098 1.0313674 1.0227151 0.98907024 0.99357027 0.88291705 0.4923704 0.49973288 0.88259256 0.87613255 0.48070073 0.9673296 0.48013148 0.8621135 0.85959244 0.48146042 0.47994182 0.48127043 0.011487528 0.010979982 0 0.8812961 0.87420535 0.87806475 0.47258234 0.9827411 0.3758215 0.99545324 0.8907466 0.497012
0.7902292 1.0015109 1.0091523 1.0297868 1.0258498 0.11021581 0.8800019 0.8940332 0.25884217 0.2540561 0.8874743 0.9783054 0.8940332 0.47559288 0.4788049 0.8904187 0.8937039 0.8927168 0.8803252 0.8793556 0.8812961 0 0.549644 0.0063266093 0.8855178 1.0203725 0.88616943 1.0231062 0.25588247 0.9086678
0.76707226 1.0199828 1.0289978 1.0274222 1.030972 0.5554936 0.8812961 0.87806475 0.5521454 0.5444594 0.877098 0.99961257 0.8832416 0.5393104 0.5386949 0.8855178 0.8858435 0.8897634 0.8738847 0.8726031 0.87420535 0.549644 0 0.54860425 0.8474224 1.0118452 0.87806475 1.0227151 0.5481887 0.87324363
0.7876524 1.0022715 1.01069 1.0313674 1.0266355 0.10928974 0.8790327 0.8943626 0.2572904 0.2529344 0.8874743 0.98237044 0.8940332 0.47540435 0.47823706 0.8907466 0.89469224 0.89304566 0.877098 0.87581104 0.87806475 0.0063266093 0.54860425 0 0.88226825 1.0215429 0.8835664 1.0242808 0.25475803 0.908332
0.86591095 1.0072346 1.002652 0.98907024 0.99545324 0.89601207 0.49294904 0.4983712 0.8668633 0.86559373 0.44456926 0.9790429 0.44728765 0.86274505 0.8636934 0.4474692 0.4489234 0.4480142 0.46939683 0.4720192 0.47258234 0.8855178 0.8474224 0.88226825 0 0.9924427 0.4820307 0.9775687 0.8881276 0.4983712
1.0157093 0.66577744 0.66335183 0.41948688 0.42404935 1.0317632 0.99961257 1.015322 1.0254573 1.0157093 0.9958304 0.59224355 0.99281836 0.9709704 0.98348296 0.9924427 0.9898184 0.9924427 0.98348296 0.97978103 0.9827411 1.0203725 1.0118452 1.0215429 0.9924427 0 0.9894442 0.41756493 1.033348 0.9962078
0.85896355 1.0003713 1.0011308 0.99545324 1.0041765 0.8855178 0.50344145 0.5111116 0.8745262 0.8722831 0.47502747 0.9695119 0.4723946 0.85488826 0.85613984 0.47785875 0.47842628 0.47937313 0.37466702 0.37598658 0.3758215 0.88616943 0.87806475 0.8835664 0.4820307 0.9894442 0 0.9946995 0.88943595 0.5044204
0.99923354 0.6297288 0.6418672 0.27554917 0.27815285 1.030972 0.9768326 0.97867405 1.0289978 1.0227151 0.99131685 0.593787 0.99545324 0.9779369 0.99131685 0.9857129 0.98051995 0.9853408 0.9962078 0.9943229 0.99545324 1.0231062 1.0227151 1.0242808 0.9775687 0.41756493 0.9946995 0 1.0266355 0.9764649
0.78337723 1.0015109 1.0041765 1.0345387 1.0286036 0.26195538 0.89601207 0.90565103 0.21803166 0.20925651 0.8809723 0.9901927 0.8783872 0.47672495 0.4788049 0.87967867 0.8838912 0.8842163 0.8904187 0.8920595 0.8907466 0.25588247 0.5481887 0.25475803 0.8881276 1.033348 0.88943595 1.0266355 0 0.9096761
0.8800019 0.99357027 1.0126165 0.9853408 0.99357027 0.9069903 0.18737236 0.18429753 0.910349 0.9036466 0.5067752 0.98683035 0.5050084 0.88454145 0.8851922 0.51091397 0.5083492 0.5069718 0.4939144 0.4939144 0.497012 0.9086678 0.87324363 0.908332 0.4983712 0.9962078 0.5044204 0.9764649 0.9096761 0
