0 1.0011308 0.9920673 0.98869646 0.98348296 0.99169195 0.98683035 0.97978103 0.7802575 0.7836615 0.7779968 0.98869646 0.7822413 0.990942 0.9977191 0.76651627 0.7631891 0.7751804 0.7763057 0.9920673 0.9939465 0.96841997 1.0099207 0.9738958 1.019204 0.9838541 0.9962078 0.77321523 0.9768326 1.001891
1.0011308 0 0.6315835 0.63857985 0.6348403 0.94514287 0.94127417 0.6371753 0.9860852 0.9894442 0.9924427 0.9626228 0.9894442 0.9695119 0.9658782 1.0393208 1.0286036 0.9808897 0.9790429 0.58960503 0.58938557 0.6336756 0.7557565 0.6313514 0.74406934 0.96226203 0.9472615 1.0110749 0.9575869 0.32586154
0.9920673 0.6315835 0 0.2458227 0.23767869 0.92359364 0.932902 0.23726694 0.9673296 0.9644296 0.9827411 0.94620144 0.97941184 0.95294064 0.94867724 1.0095364 1.0049399 0.9746289 0.96769285 0.618924 0.62006605 0.23644413 0.7437997 0.23740417 0.7386949 0.9353342 0.94162506 0.9958304 0.9440858 0.6332101
0.98869646 0.63857985 0.2458227 0 0.15705377 0.9374253 0.9297863 0.25027704 0.98869646 0.9842255 1.0122308 0.9554389 1.0080011 0.96769285 0.96841997 0.99545324 0.99357027 0.99357027 0.98757625 0.6311194 0.6283408 0.24804658 0.7502979 0.24874288 0.7338906 0.9349863 0.9554389 1.018426 0.9611805 0.6369415
0.98348296 0.6348403 0.23767869 0.15705377 0 0.9353342 0.93672764 0.24651696 0.98051995 0.97024083 0.99961257 0.9543672 0.99734104 0.97206604 0.97573 0.99999183 0.9939465 0.98496884 0.9790429 0.62534213 0.62304366 0.24429761 0.7459595 0.24540646 0.72726864 0.9335961 0.94514287 1.0160967 0.97024083 0.63297755
0.99169195 0.94514287 0.92359364 0.9374253 0.9353342 0 0.13710125 0.91541547 0.96406794 0.9593815 0.9838541 0.5761186 0.97609735 0.81768554 0.81442016 0.9857129 0.97978103 0.95794547 0.9543672 0.9440858 0.94514287 0.9086678 0.9554389 0.9130469 0.94903165 0.56882447 0.57762915 0.9593815 0.8017901 0.9297863
0.98683035 0.94127417 0.932902 0.9297863 0.93672764 0.13710125 0 0.9160936 0.9662408 0.9604604 0.9680563 0.58131045 0.96479154 0.811759 0.8099901 0.9939465 0.98907024 0.94903165 0.94479036 0.94620144 0.9483231 0.9133848 0.95080596 0.91779155 0.94620144 0.56541634 0.5756876 0.9666036 0.793967 0.931862
0.97978103 0.6371753 0.23726694 0.25027704 0.24651696 0.91541547 0.9160936 0 0.9845971 0.97499573 1.0080011 0.94162506 1.0064689 0.9687838 0.9727974 1.015322 1.0118452 0.9894442 0.9816297 0.6294973 0.6311194 0.09258679 0.7421839 0.09258679 0.72700495 0.93082345 0.944438 1.01069 0.9593815 0.6348403
0.7802575 0.9860852 0.9673296 0.98869646 0.98051995 0.96406794 0.9662408 0.9845971 0 0.09032741 0.3925111 0.9943229 0.3925111 1.005704 0.99923354 0.71083605 0.70033205 0.17552699 0.17426437 0.99658537 0.99658537 0.9768326 0.99847597 0.98125964 0.9958304 0.97499573 0.98832285 0.39082533 0.9637064 1.0049399
0.7836615 0.9894442 0.9644296 0.9842255 0.97024083 0.9593815 0.9604604 0.97499573 0.09032741 0 0.39606363 0.9939465 0.3962332 1.0122308 1.0076177 0.71783453 0.7056938 0.17805864 0.1764121 0.99885464 1.0022715 0.96298385 1.0037951 0.9691478 0.9924427 0.9695119 0.9779369 0.39844134 0.96334505 0.9977191
0.7779968 0.9924427 0.9827411 1.0122308 0.99961257 0.9838541 0.9680563 1.0080011 0.3925111 0.39606363 0 1.005704 0.050888002 0.9962078 0.9939465 0.7139384 0.7110941 0.4008266 0.40031484 0.99961257 1.001891 1.0068517 1.0133885 1.01146 0.9958304 0.9943229 1.000751 0.3372195 0.9768326 1.0091523
0.98869646 0.9626228 0.94620144 0.9554389 0.9543672 0.5761186 0.58131045 0.94162506 0.9943229 0.9939465 1.005704 0 1.0022715 0.8375822 0.83727676 1.000751 0.9901927 0.9857129 0.9801504 0.93672764 0.93987226 0.9458484 0.9511613 0.9504507 0.9655158 0.45202297 0.4630661 0.9969631 0.8275679 0.97573
0.7822413 0.9894442 0.97941184 1.0080011 0.99734104 0.97609735 0.96479154 1.0064689 0.3925111 0.3962332 0.050888002 1.0022715 0 0.9894442 0.98645765 0.71316165 0.7072328 0.40065598 0.4004854 0.99357027 0.9950763 1.0003713 1.0122308 1.0037951 0.9943229 1.0003713 1.0053219 0.33596638 0.97024083 1.0083846
0.990942 0.9695119 0.95294064 0.96769285 0.97206604 0.81768554 0.811759 0.9687838 1.005704 1.0122308 0.9962078 0.8375822 0.9894442 0 0.05228056 1.0099207 1.0049399 0.98237044 0.9801504 0.9658782 0.96406794 0.95866317 0.959741 0.9673296 0.9402225 0.81738806 0.8375822 0.97609735 0.3274073 0.9651536
0.9977191 0.9658782 0.94867724 0.96841997 0.97573 0.81442016 0.8099901 0.9727974 0.99923354 1.0076177 0.9939465 0.83727676 0.98645765 0.05228056 0 1.0262426 1.0207624 0.9783054 0.9753628 0.97206604 0.9706055 0.9651536 0.94903165 0.9738958 0.936379 0.81679356 0.83941746 0.97867405 0.3288012 0.9651536
0.76651627 1.0393208 1.0095364 0.99545324 0.99999183 0.9857129 0.9939465 1.015322 0.71083605 0.71783453 0.7139384 1.000751 0.71316165 1.0099207 1.0262426 0 0.039101817 0.70954716 0.7087749 1.0180373 1.018426 1.0118452 1.0172604 1.0149349 0.9969631 0.9479691 0.982 0.72122765 1.0126165 1.0433295
0.7631891 1.0286036 1.0049399 0.99357027 0.9939465 0.97978103 0.98907024 1.0118452 0.70033205 0.7056938 0.7110941 0.9901927 0.7072328 1.0049399 1.0207624 0.039101817 0 0.6982995 0.6967787 1.0030329 1.0034139 1.0087683 1.0137748 1.01146 0.99658537 0.944438 0.97941184 0.70903224 1.0045581 1.0345387
0.7751804 0.9808897 0.9746289 0.99357027 0.98496884 0.95794547 0.94903165 0.9894442 0.17552699 0.17805864 0.4008266 0.9857129 0.40065598 0.98237044 0.9783054 0.70954716 0.6982995 0 0.015254078 0.9950763 0.9958304 0.97941184 0.9939465 0.9838541 0.9853408 0.9593815 0.97170067 0.39487758 0.95151687 1.0060863
0.7763057 0.9790429 0.96769285 0.98757625 0.9790429 0.9543672 0.94479036 0.9816297 0.17426437 0.1764121 0.40031484 0.9801504 0.4004854 0.9801504 0.9753628 0.7087749 0.6967787 0.015254078 0 0.99923354 0.99847597 0.97170067 0.990942 0.97609735 0.9775687 0.95508146 0.9691478 0.39284873 0.94267863 1.000751
0.9920673 0.58960503 0.618924 0.6311194 0.62534213 0.9440858 0.94620144 0.6294973 0.99658537 0.99885464 0.99961257 0.93672764 0.99357027 0.9658782 0.97206604 1.0180373 1.0030329 0.9950763 0.99923354 0 0.015049997 0.6294973 0.73709005 0.6311194 0.7338906 0.9472615 0.9673296 1.0223241 0.95258445 0.57461107
0.9939465 0.58938557 0.62006605 0.6283408 0.62304366 0.94514287 0.9483231 0.6311194 0.99658537 1.0022715 1.001891 0.93987226 0.9950763 0.96406794 0.9706055 1.018426 1.0034139 0.9958304 0.99847597 0.015049997 0 0.6313514 0.7362889 0.6332101 0.73522204 0.9522284 0.9673296 1.0238891 0.9543672 0.5731065
0.96841997 0.6336756 0.23644413 0.24804658 0.24429761 0.9086678 0.9133848 0.09258679 0.9768326 0.96298385 1.0068517 0.9458484 1.0003713 0.95866317 0.9651536 1.0118452 1.0087683 0.97941184 0.97170067 0.6294973 0.6313514 0 0.73522204 0.012910485 0.7304399 0.9301319 0.9430302 1.0053219 0.96010065 0.6320479
1.0099207 0.7557565 0.7437997 0.7502979 0.7459595 0.9554389 0.95080596 0.7421839 0.99847597 1.0037951 1.0133885 0.9511613 1.0122308 0.959741 0.94903165 1.0172604 1.0137748 0.9939465 0.990942 0.73709005 0.7362889 0.73522204 0 0.74057156 0.44384602 0.9706055 0.94127417 1.0172604 0.9483231 0.7427221
0.9738958 0.6313514 0.23740417 0.24874288 0.24540646 0.9130469 0.91779155 0.09258679 0.98125964 0.9691478 1.01146 0.9504507 1.0037951 0.9673296 0.9738958 1.0149349 1.01146 0.9838541 0.97609735 0.6311194 0.6332101 0.012910485 0.74057156 0 0.7328271 0.93568236 0.94867724 1.0053219 0.9644296 0.6318157
1.019204 0.74406934 0.7386949 0.7338906 0.72726864 0.94903165 0.94620144 0.72700495 0.9958304 0.9924427 0.9958304 0.9655158 0.9943229 0.9402225 0.936379 0.9969631 0.99658537 0.9853408 0.9775687 0.7338906 0.73522204 0.7304399 0.44384602 0.7328271 0 0.9504507 0.95794547 1.0037951 0.95294064 0.74353015
0.9838541 0.96226203 0.9353342 0.9349863 0.9335961 0.56882447 0.56541634 0.93082345 0.97499573 0.9695119 0.9943229 0.45202297 1.0003713 0.81738806 0.81679356 0.9479691 0.944438 0.9593815 0.95508146 0.9472615 0.9522284 0.9301319 0.9706055 0.93568236 0.9504507 0 0.41356212 0.97426224 0.79512084 0.9554389
0.9962078 0.9472615 0.94162506 0.9554389 0.94514287 0.57762915 0.5756876 0.944438 0.98832285 0.9779369 1.000751 0.4630661 1.0053219 0.8375822 0.83941746 0.982 0.97941184 0.97170067 0.9691478 0.9673296 0.9673296 0.9430302 0.94127417 0.94867724 0.95794547 0.41356212 0 0.99545324 0.8179831 0.9554389
0.77321523 1.0110749 0.9958304 1.018426 1.0160967 0.9593815 0.9666036 1.01069 0.39082533 0.39844134 0.3372195 0.9969631 0.33596638 0.97609735 0.97867405 0.72122765 0.70903224 0.39487758 0.39284873 1.0223241 1.0238891 1.0053219 1.0172604 1.0053219 1.0037951 0.97426224 0.99545324 0 0.96226203 1.0282096
0.9768326 0.9575869 0.9440858 0.9611805 0.97024083 0.8017901 0.793967 0.9593815 0.9637064 0.96334505 0.9768326 0.8275679 0.97024083 0.3274073 0.3288012 1.0126165 1.0045581 0.95151687 0.94267863 0.95258445 0.9543672 0.96010065 0.9483231 0.9644296 0.95294064 0.79512084 0.8179831 0.96226203 0 0.9479691
1.001891 0.32586154 0.6332101 0.6369415 0.63297755 0.9297863 0.931862 0.6348403 1.0049399 0.9977191 1.0091523 0.97573 1.0083846 0.9651536 0.9651536 1.0433295 1.0345387 1.0060863 1.000751 0.57461107 0.5731065 0.6320479 0.7427221 0.6318157 0.74353015 0.9554389 0.9554389 1.0282096 0.9479691 0
