0 1.0083846 1.0211525 1.018426 1.0003713 1.0160967 1.0137748 1.0118452 1.0110749 0.99847597 1.0282096 1.0099207 1.0211525 1.0137748 1.015322 1.0207624 1.0041765 1.0126165 1.0137748 1.0133885 1.0095364 1.0030329 1.0254573 1.001891 1.0172604 1.0064689 1.0164845 1.0282096 1.0049399 1.0234975
1.0083846 0 0.7532952 0.69148016 0.6965256 0.2920462 0.29530063 0.70774645 0.7421839 0.69804585 0.64233804 0.55381763 0.6470625 0.3009554 0.7473126 0.73789203 0.69855326 0.30080608 0.30035818 0.74353015 0.7448788 0.6929902 0.4675293 0.6929902 0.70748955 0.71887696 0.70928967 0.75056994 0.6894714 0.63975227
1.0211525 0.7532952 0 0.7427221 0.7478545 0.75767636 0.761255 0.75138646 0.26950887 0.7386949 0.762636 0.761531 0.7676286 0.7667942 0.27612698 0.27051222 0.7459595 0.7709756 0.77153486 0.27252296 0.27151692 0.7386949 0.7687426 0.74030316 0.75002605 0.74030316 0.7459595 0.41826323 0.73923063 0.74677104
1.018426 0.69148016 0.7427221 0 0.19914696 0.70007765 0.6967787 0.26209718 0.73815954 0.26394325 0.71342045 0.70646286 0.7209661 0.70466954 0.74406934 0.73709005 0.26422766 0.7049255 0.70441365 0.73709005 0.73842716 0.26209718 0.714716 0.26195538 0.43539977 0.68796843 0.6945033 0.7486681 0.37846702 0.6929902
1.0003713 0.6965256 0.7478545 0.19914696 0 0.7149754 0.7082605 0.27237916 0.74704176 0.2699387 0.72253674 0.714716 0.7309697 0.714716 0.7481256 0.7397667 0.27309844 0.71316165 0.7141975 0.7494826 0.7481256 0.2702254 0.7304399 0.27065566 0.44060004 0.70390224 0.69956917 0.76540554 0.3836194 0.70364666
1.0160967 0.2920462 0.75767636 0.70007765 0.7149754 0 0.17439054 0.71367943 0.74433905 0.70697606 0.64991146 0.56223524 0.65516293 0.29991055 0.7486681 0.7397667 0.70954716 0.3011048 0.2990161 0.74353015 0.7432607 0.70441365 0.46808907 0.70364666 0.7251619 0.7175742 0.7033912 0.7574018 0.70288044 0.64919823
1.0137748 0.29530063 0.761255 0.6967787 0.7082605 0.17439054 0 0.71445674 0.75002605 0.70646286 0.64919823 0.5488121 0.65277135 0.30140367 0.74893945 0.74353015 0.7098048 0.30289978 0.30155316 0.75056994 0.74975425 0.70415795 0.46417943 0.70364666 0.71887696 0.7165336 0.70390224 0.75520885 0.6965256 0.64872307
1.0118452 0.70774645 0.75138646 0.26209718 0.27237916 0.71367943 0.71445674 0 0.7535683 0.17212276 0.72991043 0.71601385 0.73842716 0.7167936 0.7535683 0.7494826 0.17565337 0.71835554 0.7186162 0.7456892 0.74893945 0.17375991 0.7280602 0.17312981 0.44855958 0.69122875 0.7056938 0.75603044 0.38278595 0.7126442
1.0110749 0.7421839 0.26950887 0.73815954 0.74704176 0.74433905 0.75002605 0.7535683 0 0.7389627 0.75493515 0.7483968 0.7609791 0.75056994 0.13494332 0.13159883 0.7408401 0.75165886 0.75603044 0.110795185 0.11160706 0.7346892 0.7609791 0.7354886 0.74406934 0.74057156 0.742453 0.41651866 0.7394986 0.7473126
0.99847597 0.69804585 0.7386949 0.26394325 0.2699387 0.70697606 0.70646286 0.17212276 0.7389627 0 0.7207046 0.714716 0.7301751 0.71316165 0.74650043 0.73522204 0.11172312 0.7170537 0.7170537 0.73522204 0.7354886 0.110795185 0.714716 0.11067928 0.43862328 0.6962725 0.69956917 0.75712734 0.37830138 0.6993151
1.0282096 0.64233804 0.762636 0.71342045 0.72253674 0.64991146 0.64919823 0.72991043 0.75493515 0.7207046 0 0.64587855 0.1041018 0.64872307 0.7554826 0.74677104 0.72122765 0.65492344 0.65253264 0.7535683 0.75466156 0.7186162 0.6539662 0.718095 0.7110941 0.7098048 0.7193987 0.76346576 0.71887696 0.34146434
1.0099207 0.55381763 0.761531 0.70646286 0.714716 0.56223524 0.5488121 0.71601385 0.7483968 0.714716 0.64587855 0 0.6413967 0.5592783 0.7565787 0.74704176 0.70595 0.56541634 0.5630822 0.75002605 0.750842 0.70288044 0.571605 0.7013504 0.7139384 0.7085177 0.7080034 0.7631891 0.7222747 0.6371753
1.0211525 0.6470625 0.7676286 0.7209661 0.7309697 0.65516293 0.65277135 0.73842716 0.7609791 0.7301751 0.1041018 0.6413967 0 0.65516293 0.7601521 0.7519313 0.732296 0.65972805 0.65612173 0.761255 0.7601521 0.7301751 0.6580429 0.7291169 0.7110941 0.7235857 0.72332335 0.76623845 0.7167936 0.34367487
1.0137748 0.3009554 0.7667942 0.70466954 0.714716 0.29991055 0.30140367 0.7167936 0.75056994 0.71316165 0.64872307 0.5592783 0.65516293 0 0.75165886 0.7429914 0.71161044 0.061884318 0.062318847 0.7511142 0.7494826 0.7033912 0.471644 0.7023701 0.71601385 0.73495555 0.7170537 0.7640195 0.7067194 0.64635193
1.015322 0.7473126 0.27612698 0.74406934 0.7481256 0.7486681 0.74893945 0.7535683 0.13494332 0.74650043 0.7554826 0.7565787 0.7601521 0.75165886 0 0.041845977 0.7456892 0.7522039 0.756853 0.13818255 0.13938582 0.7432607 0.7607034 0.74353015 0.74650043 0.7408401 0.7473126 0.42387336 0.7386949 0.75411475
1.0207624 0.73789203 0.27051222 0.73709005 0.7397667 0.7397667 0.74353015 0.7494826 0.13159883 0.73522204 0.74677104 0.74704176 0.7519313 0.7429914 0.041845977 0 0.7344229 0.74353015 0.7478545 0.13398623 0.13566194 0.7330929 0.7554826 0.7333587 0.74030316 0.732296 0.7421839 0.41599607 0.7317652 0.74921095
1.0041765 0.69855326 0.7459595 0.26422766 0.27309844 0.70954716 0.7098048 0.17565337 0.7408401 0.11172312 0.72122765 0.70595 0.732296 0.71161044 0.7456892 0.7344229 0 0.7167936 0.7152349 0.73575526 0.73522204 0.030095844 0.7141975 0.029991755 0.43683073 0.69198316 0.7018601 0.7535683 0.37863266 0.7062064
1.0126165 0.30080608 0.7709756 0.7049255 0.71316165 0.3011048 0.30289978 0.71835554 0.75165886 0.7170537 0.65492344 0.56541634 0.65972805 0.061884318 0.7522039 0.74353015 0.7167936 0 0.025943583 0.7527494 0.750842 0.7067194 0.4731459 0.70595 0.7170537 0.7328271 0.7141975 0.7631891 0.70774645 0.64635193
1.0137748 0.30035818 0.77153486 0.70441365 0.7141975 0.2990161 0.30155316 0.7186162 0.75603044 0.7170537 0.65253264 0.5630822 0.65612173 0.062318847 0.756853 0.7478545 0.7152349 0.025943583 0 0.75411475 0.7535683 0.70466954 0.471269 0.70390224 0.7149754 0.7336246 0.71342045 0.7598766 0.70390224 0.64635193
1.0133885 0.74353015 0.27252296 0.73709005 0.7494826 0.74353015 0.75056994 0.7456892 0.110795185 0.73522204 0.7535683 0.75002605 0.761255 0.7511142 0.13818255 0.13398623 0.73575526 0.7527494 0.75411475 0 0.02563309 0.7333587 0.7579511 0.7341567 0.7427221 0.7427221 0.7519313 0.4166929 0.73575526 0.7483968
1.0095364 0.7448788 0.27151692 0.73842716 0.7481256 0.7432607 0.74975425 0.74893945 0.11160706 0.7354886 0.75466156 0.750842 0.7601521 0.7494826 0.13938582 0.13566194 0.73522204 0.750842 0.7535683 0.02563309 0 0.7336246 0.75767636 0.7344229 0.7421839 0.7413773 0.75138646 0.41913706 0.7362889 0.74893945
1.0030329 0.6929902 0.7386949 0.26209718 0.2702254 0.70441365 0.70415795 0.17375991 0.7346892 0.110795185 0.7186162 0.70288044 0.7301751 0.7033912 0.7432607 0.7330929 0.030095844 0.7067194 0.70466954 0.7333587 0.7336246 0 0.7139384 0.0027048716 0.43790576 0.6937464 0.69576657 0.75302225 0.3758215 0.702115
1.0254573 0.4675293 0.7687426 0.714716 0.7304399 0.46808907 0.46417943 0.7280602 0.7609791 0.714716 0.6539662 0.571605 0.6580429 0.471644 0.7607034 0.7554826 0.7141975 0.4731459 0.471269 0.7579511 0.75767636 0.7139384 0 0.71342045 0.7098048 0.7191378 0.7243734 0.7601521 0.7235857 0.64682555
1.001891 0.6929902 0.74030316 0.26195538 0.27065566 0.70364666 0.70364666 0.17312981 0.7354886 0.11067928 0.718095 0.7013504 0.7291169 0.7023701 0.74353015 0.7333587 0.029991755 0.70595 0.70390224 0.7341567 0.7344229 0.0027048716 0.71342045 0 0.43772647 0.6937464 0.695261 0.75302225 0.3751616 0.7013504
1.0172604 0.70748955 0.75002605 0.43539977 0.44060004 0.7251619 0.71887696 0.44855958 0.74406934 0.43862328 0.7110941 0.7139384 0.7110941 0.71601385 0.74650043 0.74030316 0.43683073 0.7170537 0.7149754 0.7427221 0.7421839 0.43790576 0.7098048 0.43772647 0 0.69576657 0.6988071 0.7587757 0.42651764 0.69399863
1.0064689 0.71887696 0.74030316 0.68796843 0.70390224 0.7175742 0.7165336 0.69122875 0.74057156 0.6962725 0.7098048 0.7085177 0.7235857 0.73495555 0.7408401 0.732296 0.69198316 0.7328271 0.7336246 0.7427221 0.7413773 0.6937464 0.7191378 0.6937464 0.69576657 0 0.43593606 0.7338906 0.6950084 0.7080034
1.0164845 0.70928967 0.7459595 0.6945033 0.69956917 0.7033912 0.70390224 0.7056938 0.742453 0.69956917 0.7193987 0.7080034 0.72332335 0.7170537 0.7473126 0.7421839 0.7018601 0.7141975 0.71342045 0.7519313 0.75138646 0.69576657 0.7243734 0.695261 0.6988071 0.43593606 0 0.7408401 0.7013504 0.7139384
1.0282096 0.75056994 0.41826323 0.7486681 0.76540554 0.7574018 0.75520885 0.75603044 0.41651866 0.75712734 0.76346576 0.7631891 0.76623845 0.7640195 0.42387336 0.41599607 0.7535683 0.7631891 0.7598766 0.4166929 0.41913706 0.75302225 0.7601521 0.75302225 0.7587757 0.7338906 0.7408401 0 0.74406934 0.75466156
1.0049399 0.6894714 0.73923063 0.37846702 0.3836194 0.70288044 0.6965256 0.38278595 0.7394986 0.37830138 0.71887696 0.7222747 0.7167936 0.7067194 0.7386949 0.7317652 0.37863266 0.70774645 0.70390224 0.73575526 0.7362889 0.3758215 0.7235857 0.3751616 0.42651764 0.6950084 0.7013504 0.74406934 0 0.6884691
1.0234975 0.63975227 0.74677104 0.6929902 0.70364666 0.64919823 0.64872307 0.7126442 0.7473126 0.6993151 0.34146434 0.6371753 0.34367487 0.64635193 0.75411475 0.74921095 0.7062064 0.64635193 0.64635193 0.7483968 0.74893945 0.702115 0.64682555 0.7013504 0.69399863 0.7080034 0.7139384 0.75466156 0.6884691 0
