0 0.7241107 0.7432607 0.70466954 0.7062064 0.87806475 0.8719632 0.88943595 0.8495923 0.8703658 0.8611671 0.8719632 0.85363877 0.88910866 0.8787099 0.88943595 0.89601207 0.8783872 0.88226825 1.014548 1.019204 0.6604514 0.85707986 0.6640787 0.87356406 0.8953518 0.8851922 0.8684533 1.0188149 1.0083846
0.7241107 0 0.21177219 0.62304366 0.6121078 0.8738847 0.87581104 0.86749893 0.86877173 0.85864925 0.8783872 0.8621135 0.86654574 0.8722831 0.8608519 0.8848668 0.8874743 0.8751683 0.8812961 0.99999183 1.0045581 0.71992075 0.8480418 0.7209661 0.8517685 0.88226825 0.88162 0.8754896 1.0203725 1.0080011
0.7432607 0.21177219 0 0.6320479 0.6283408 0.88910866 0.8787099 0.8684533 0.863061 0.86972773 0.87484723 0.8640098 0.8668633 0.8751683 0.86718106 0.8983274 0.9046481 0.9036466 0.89932185 1.0215429 1.0266355 0.72832423 0.8694089 0.72885257 0.84649444 0.88943595 0.88064873 0.8851922 1.0393208 1.0301816
0.70466954 0.62304366 0.6320479 0 0.20714457 0.88291705 0.87677604 0.8517685 0.86718106 0.8542633 0.87356406 0.8745262 0.8809723 0.8636934 0.8643263 0.8621135 0.8668633 0.8437172 0.8502134 0.98496884 0.9860852 0.7220128 0.85864925 0.72384816 0.86813504 0.86718106 0.88682157 0.8726031 0.9980974 0.9946995
0.7062064 0.6121078 0.6283408 0.20714457 0 0.8910746 0.8703658 0.8523914 0.86148244 0.8517685 0.86813504 0.86972773 0.8713238 0.85896355 0.85332674 0.86337715 0.8694089 0.8502134 0.86909026 0.9666036 0.9695119 0.7207046 0.8530148 0.72332335 0.85959244 0.8662283 0.88064873 0.86337715 1.0053219 0.982
0.87806475 0.8738847 0.88910866 0.88291705 0.8910746 0 0.20149805 0.74541897 0.4566045 0.74164605 0.46084443 0.5624469 0.46864927 0.7408401 0.73522204 0.72700495 0.7259512 0.7222747 0.7259512 0.98907024 0.9924427 0.8887815 0.56096655 0.8864954 0.5358292 0.7502979 0.4797522 0.4621396 0.9950763 0.9860852
0.8719632 0.87581104 0.8787099 0.87677604 0.8703658 0.20149805 0 0.75165886 0.4647367 0.750842 0.46790242 0.5643545 0.4720192 0.74893945 0.7427221 0.7400349 0.7389627 0.7267414 0.7325615 0.98125964 0.982 0.8904187 0.5724627 0.88910866 0.5428079 0.75712734 0.48108047 0.46455088 1.0037951 0.9860852
0.88943595 0.86749893 0.8684533 0.8517685 0.8523914 0.74541897 0.75165886 0 0.71887696 0.19654323 0.72779626 0.7220128 0.7275324 0.19654323 0.19953829 0.5393104 0.5397211 0.5240722 0.5279034 0.99923354 0.9962078 0.88780093 0.71161044 0.8881276 0.6988071 0.3832859 0.73149997 0.7330929 0.99961257 0.99885464
0.8495923 0.86877173 0.863061 0.86718106 0.86148244 0.4566045 0.4647367 0.71887696 0 0.7085177 0.19849518 0.5459075 0.20254536 0.718095 0.7110941 0.70595 0.7051815 0.70390224 0.7062064 0.99056727 0.98794943 0.85959244 0.53644234 0.8567664 0.54322046 0.7170537 0.31833306 0.23987852 0.98237044 0.9801504
0.8703658 0.85864925 0.86972773 0.8542633 0.8517685 0.74164605 0.750842 0.19654323 0.7085177 0 0.7243734 0.71161044 0.7209661 0.187244 0.19058877 0.53195745 0.5356249 0.52487713 0.52931976 0.99545324 0.9924427 0.8864954 0.7072328 0.8858435 0.7005865 0.38345262 0.7193987 0.71445674 0.99923354 0.9920673
0.8611671 0.8783872 0.87484723 0.87356406 0.86813504 0.46084443 0.46790242 0.72779626 0.19849518 0.7243734 0 0.54570043 0.14494589 0.7267414 0.72148925 0.7056938 0.7026252 0.71083605 0.7141975 0.9808897 0.97720057 0.890091 0.5473584 0.88780093 0.54054296 0.7196597 0.32124332 0.24526776 0.9768326 0.97316337
0.8719632 0.8621135 0.8640098 0.8745262 0.86972773 0.5624469 0.5643545 0.7220128 0.5459075 0.71161044 0.54570043 0 0.55131066 0.71316165 0.71186876 0.71887696 0.7264779 0.72332335 0.7267414 0.9801504 0.9860852 0.8851922 0.48890796 0.88454145 0.48737422 0.72991043 0.56754464 0.55675304 0.97573 0.9753628
0.85363877 0.86654574 0.8668633 0.8809723 0.8713238 0.46864927 0.4720192 0.7275324 0.20254536 0.7209661 0.14494589 0.55131066 0 0.72885257 0.7264779 0.71783453 0.71161044 0.71342045 0.7157541 0.98125964 0.9783054 0.877098 0.5504769 0.8729233 0.5413658 0.7304399 0.32078305 0.2459615 0.9637064 0.9611805
0.88910866 0.8722831 0.8751683 0.8636934 0.85896355 0.7408401 0.74893945 0.19654323 0.718095 0.187244 0.7267414 0.71316165 0.72885257 0 0.11778281 0.5258845 0.5317542 0.5150757 0.5166672 1.0130024 1.0076177 0.8979962 0.70697606 0.89766514 0.7082605 0.37697777 0.72779626 0.72726864 1.0037951 1.0045581
0.8787099 0.8608519 0.86718106 0.8643263 0.85332674 0.73522204 0.7427221 0.19953829 0.7110941 0.19058877 0.72148925 0.71186876 0.7264779 0.11778281 0 0.52749914 0.531551 0.51886106 0.52226424 1.0011308 0.99847597 0.8920595 0.7129029 0.8933747 0.70774645 0.38278595 0.7207046 0.7222747 1.0034139 0.9950763
0.88943595 0.8848668 0.8983274 0.8621135 0.86337715 0.72700495 0.7400349 0.5393104 0.70595 0.53195745 0.7056938 0.71887696 0.71783453 0.5258845 0.52749914 0 0.06996417 0.39878163 0.40150952 0.98125964 0.98051995 0.8858435 0.7191378 0.8851922 0.70033205 0.5419835 0.7220128 0.7072328 0.99923354 0.99281836
0.89601207 0.8874743 0.9046481 0.8668633 0.8694089 0.7259512 0.7389627 0.5397211 0.7051815 0.5356249 0.7026252 0.7264779 0.71161044 0.5317542 0.531551 0.06996417 0 0.4018512 0.40321952 0.99056727 0.98794943 0.89304566 0.7193987 0.8940332 0.6998234 0.5421895 0.7193987 0.70646286 1.0168724 1.0037951
0.8783872 0.8751683 0.9036466 0.8437172 0.8502134 0.7222747 0.7267414 0.5240722 0.70390224 0.52487713 0.71083605 0.72332335 0.71342045 0.5150757 0.51886106 0.39878163 0.4018512 0 0.06831931 0.9775687 0.97316337 0.8855178 0.6965256 0.88259256 0.7018601 0.5240722 0.7173139 0.70441365 0.97978103 0.9783054
0.88226825 0.8812961 0.89932185 0.8502134 0.86909026 0.7259512 0.7325615 0.5279034 0.7062064 0.52931976 0.7141975 0.7267414 0.7157541 0.5166672 0.52226424 0.40150952 0.40321952 0.06831931 0 0.9898184 0.98348296 0.88454145 0.697032 0.88226825 0.70288044 0.52729714 0.7186162 0.71006244 0.9853408 0.9775687
1.014548 0.99999183 1.0215429 0.98496884 0.9666036 0.98907024 0.98125964 0.99923354 0.99056727 0.99545324 0.9808897 0.9801504 0.98125964 1.0130024 1.0011308 0.98125964 0.99056727 0.9775687 0.9898184 0 0.015254078 1.0254573 0.9753628 1.0262426 0.98683035 1.0053219 1.015322 0.98683035 0.45770827 0.4503804
1.019204 1.0045581 1.0266355 0.9860852 0.9695119 0.9924427 0.982 0.9962078 0.98794943 0.9924427 0.97720057 0.9860852 0.9783054 1.0076177 0.99847597 0.98051995 0.98794943 0.97316337 0.98348296 0.015254078 0 1.0286036 0.97720057 1.0293922 0.98794943 1.002652 1.0141612 0.9860852 0.4571562 0.45056275
0.6604514 0.71992075 0.72832423 0.7220128 0.7207046 0.8887815 0.8904187 0.88780093 0.85959244 0.8864954 0.890091 0.8851922 0.877098 0.8979962 0.8920595 0.8858435 0.89304566 0.8855178 0.88454145 1.0254573 1.0286036 0 0.87581104 0.011690643 0.87100434 0.8956819 0.89766514 0.8703658 1.0337447 1.0274222
0.85707986 0.8480418 0.8694089 0.85864925 0.8530148 0.56096655 0.5724627 0.71161044 0.53644234 0.7072328 0.5473584 0.48890796 0.5504769 0.70697606 0.7129029 0.7191378 0.7193987 0.6965256 0.697032 0.9753628 0.97720057 0.87581104 0 0.87677604 0.45623696 0.71445674 0.55172795 0.5454935 0.9950763 0.97170067
0.6640787 0.7209661 0.72885257 0.72384816 0.72332335 0.8864954 0.88910866 0.8881276 0.8567664 0.8858435 0.88780093 0.88454145 0.8729233 0.89766514 0.8933747 0.8851922 0.8940332 0.88259256 0.88226825 1.0262426 1.0293922 0.011690643 0.87677604 0 0.87100434 0.89304566 0.89865875 0.86718106 1.0389212 1.0293922
0.87356406 0.8517685 0.84649444 0.86813504 0.85959244 0.5358292 0.5428079 0.6988071 0.54322046 0.7005865 0.54054296 0.48737422 0.5413658 0.7082605 0.70774645 0.70033205 0.6998234 0.7018601 0.70288044 0.98683035 0.98794943 0.87100434 0.45623696 0.87100434 0 0.7129029 0.55402696 0.55006033 0.9827411 0.97352946
0.8953518 0.88226825 0.88943595 0.86718106 0.8662283 0.7502979 0.75712734 0.3832859 0.7170537 0.38345262 0.7196597 0.72991043 0.7304399 0.37697777 0.38278595 0.5419835 0.5421895 0.5240722 0.52729714 1.0053219 1.002652 0.8956819 0.71445674 0.89304566 0.7129029 0 0.7344229 0.7170537 0.98907024 0.9894442
0.8851922 0.88162 0.88064873 0.88682157 0.88064873 0.4797522 0.48108047 0.73149997 0.31833306 0.7193987 0.32124332 0.56754464 0.32078305 0.72779626 0.7207046 0.7220128 0.7193987 0.7173139 0.7186162 1.015322 1.0141612 0.89766514 0.55172795 0.89865875 0.55402696 0.7344229 0 0.3215503 1.0034139 0.99847597
0.8684533 0.8754896 0.8851922 0.8726031 0.86337715 0.4621396 0.46455088 0.7330929 0.23987852 0.71445674 0.24526776 0.55675304 0.2459615 0.72726864 0.7222747 0.7072328 0.70646286 0.70441365 0.71006244 0.98683035 0.9860852 0.8703658 0.5454935 0.86718106 0.55006033 0.7170537 0.3215503 0 0.9943229 0.9790429
1.0188149 1.0203725 1.0393208 0.9980974 1.0053219 0.9950763 1.0037951 0.99961257 0.98237044 0.99923354 0.9768326 0.97573 0.9637064 1.0037951 1.0034139 0.99923354 1.0168724 0.97978103 0.9853408 0.45770827 0.4571562 1.0337447 0.9950763 1.0389212 0.9827411 0.98907024 1.0034139 0.9943229 0 0.23166226
1.0083846 1.0080011 1.0301816 0.9946995 0.982 0.9860852 0.9860852 0.99885464 0.9801504 0.9920673 0.97316337 0.9753628 0.9611805 1.0045581 0.9950763 0.99281836 1.0037951 0.9783054 0.9775687 0.4503804 0.45056275 1.0274222 0.97170067 1.0293922 0.97352946 0.9894442 0.99847597 0.9790429 0.23166226 0
