0 0.9977191 1.000751 0.9894442 0.98348296 0.9857129 0.98832285 0.982 0.67016345 0.6184676 0.6205234 0.99056727 0.67432946 0.6733471 0.9894442 0.99357027 0.9931942 0.98237044 0.9768326 0.98125964 0.9842255 0.9894442 1.0045581 0.98794943 0.9775687 0.9939465 0.68397504 0.67654437 0.6748211 1.0126165
0.9977191 0 0.35691568 0.3588495 0.8700467 0.8787099 0.86972773 0.8787099 0.9801504 0.9790429 0.9901927 0.890091 0.9779369 0.9727974 0.49973288 0.4995382 0.4979826 0.8652767 0.8649598 0.49876 0.49973288 0.5030502 0.5071684 0.50090206 0.40356198 0.49082956 0.9872032 0.9842255 0.9768326 0.18225464
1.000751 0.35691568 0 0.16001868 0.88259256 0.8842163 0.87324363 0.87581104 0.99281836 0.98645765 0.9969631 0.9006499 0.97978103 0.9738958 0.50363714 0.49914902 0.49372122 0.87806475 0.8774201 0.4943009 0.49740008 0.5038329 0.4999276 0.5024637 0.40768382 0.49526802 0.9842255 0.97170067 0.9842255 0.35852686
0.9894442 0.3588495 0.16001868 0 0.8783872 0.88943595 0.877098 0.8790327 0.990942 0.98794943 1.0022715 0.9043141 0.9801504 0.97243166 0.5040287 0.50168246 0.497012 0.877098 0.87677604 0.4939144 0.4979826 0.50148726 0.50070703 0.5003172 0.4166929 0.49662408 0.9958304 0.97941184 0.9816297 0.354345
0.98348296 0.8700467 0.88259256 0.8783872 0 0.09894951 0.09542062 0.09689845 1.0176488 0.9669665 0.98645765 0.49876 1.01069 1.0011308 0.88682157 0.8745262 0.86718106 0.09202131 0.09258679 0.88064873 0.87967867 0.8874743 0.9019803 0.8858435 0.87420535 0.8678169 0.9962078 1.0064689 1.0141612 0.8652767
0.9857129 0.8787099 0.8842163 0.88943595 0.09894951 0 0.09473953 0.099977136 1.0207624 0.97170067 0.9898184 0.5085462 1.0133885 1.0037951 0.8979962 0.88454145 0.8774201 0.10066301 0.10043431 0.88616943 0.8842163 0.89766514 0.90498227 0.89469224 0.8719632 0.86877173 0.99923354 1.0053219 1.0223241 0.8700467
0.98832285 0.86972773 0.87324363 0.877098 0.09542062 0.09473953 0 0.09202131 1.0297868 0.9590223 0.97978103 0.49778837 1.0227151 1.0130024 0.8927168 0.88194406 0.87420535 0.09678467 0.095988676 0.8783872 0.87581104 0.88780093 0.89766514 0.8874743 0.87100434 0.8678169 0.9946995 0.99885464 1.0103053 0.86909026
0.982 0.8787099 0.87581104 0.8790327 0.09689845 0.099977136 0.09202131 0 1.0160967 0.9655158 0.9808897 0.50815225 1.0103053 1.0030329 0.895022 0.8858435 0.87484723 0.09986288 0.099977136 0.8864954 0.8851922 0.895022 0.90498227 0.89469224 0.877098 0.87100434 0.98645765 0.98907024 1.0064689 0.8738847
0.67016345 0.9801504 0.99281836 0.990942 1.0176488 1.0207624 1.0297868 1.0160967 0 0.6812419 0.6847222 1.0286036 0.08336629 0.082584396 1.0030329 1.0060863 1.0049399 1.0231062 1.0203725 0.9958304 0.99885464 1.0037951 1.0041765 1.0015109 0.99545324 0.98869646 0.51170486 0.5105188 0.513091 0.98125964
0.6184676 0.9790429 0.98645765 0.98794943 0.9669665 0.97170067 0.9590223 0.9655158 0.6812419 0 0.07040341 0.9842255 0.6777777 0.6770375 0.9920673 0.9946995 0.9943229 0.9644296 0.959741 0.99545324 0.9980974 0.99281836 0.9845971 0.9969631 0.9853408 1.0037951 0.6506254 0.6532491 0.65277135 0.98348296
0.6205234 0.9901927 0.9969631 1.0022715 0.98645765 0.9898184 0.97978103 0.9808897 0.6847222 0.07040341 0 0.98683035 0.68173814 0.6785187 1.0160967 1.0141612 1.0160967 0.98051995 0.9746289 1.0095364 1.01069 1.014548 0.99545324 1.0172604 0.99885464 1.015322 0.65181684 0.654684 0.65564215 0.99545324
0.99056727 0.890091 0.9006499 0.9043141 0.49876 0.5085462 0.49778837 0.50815225 1.0286036 0.9842255 0.98683035 0 1.0199828 1.01146 0.9053166 0.8914027 0.8884545 0.49856558 0.5005121 0.8864954 0.88682157 0.910349 0.9160936 0.9029796 0.891731 0.9013148 1.0015109 1.01146 1.0199828 0.87581104
0.67432946 0.9779369 0.97978103 0.9801504 1.01069 1.0133885 1.0227151 1.0103053 0.08336629 0.6777777 0.68173814 1.0199828 0 0.04992543 1.0034139 0.9977191 0.99545324 1.018426 1.0168724 0.9924427 0.99658537 1.001891 1.001891 0.9977191 0.9943229 0.9845971 0.51289284 0.51190275 0.51289284 0.97316337
0.6733471 0.9727974 0.9738958 0.97243166 1.0011308 1.0037951 1.0130024 1.0030329 0.082584396 0.6770375 0.6785187 1.01146 0.04992543 0 0.9977191 0.9931942 0.9931942 1.0080011 1.0053219 0.98794943 0.990942 0.9958304 0.9950763 0.99169195 0.98757625 0.9808897 0.50815225 0.5067752 0.5069718 0.97352946
0.9894442 0.49973288 0.50363714 0.5040287 0.88682157 0.8979962 0.8927168 0.895022 1.0030329 0.9920673 1.0160967 0.9053166 1.0034139 0.9977191 0 0.09701225 0.096102335 0.88454145 0.88682157 0.24139464 0.2420848 0.04821725 0.42899403 0.046832204 0.49914902 0.3614357 1.0087683 0.98757625 0.9920673 0.50265914
0.99357027 0.4995382 0.49914902 0.50168246 0.8745262 0.88454145 0.88194406 0.8858435 1.0060863 0.9946995 1.0141612 0.8914027 0.9977191 0.9931942 0.09701225 0 0.04174025 0.86813504 0.8726031 0.23767869 0.23905283 0.09906361 0.4313009 0.09780934 0.49740008 0.35965672 0.9950763 0.9709704 0.97499573 0.496818
0.9931942 0.4979826 0.49372122 0.497012 0.86718106 0.8774201 0.87420535 0.87484723 1.0049399 0.9943229 1.0160967 0.8884545 0.99545324 0.9931942 0.096102335 0.04174025 0 0.8599071 0.86718106 0.23452772 0.23630708 0.09815121 0.43005788 0.09689845 0.496818 0.35675475 0.99131685 0.9768326 0.9816297 0.49449423
0.98237044 0.8652767 0.87806475 0.877098 0.09202131 0.10066301 0.09678467 0.09986288 1.0231062 0.9644296 0.98051995 0.49856558 1.018426 1.0080011 0.88454145 0.86813504 0.8599071 0 0.03040819 0.87100434 0.86972773 0.8864954 0.90098226 0.8842163 0.870685 0.8716434 0.99999183 0.99734104 1.0149349 0.8621135
0.9768326 0.8649598 0.8774201 0.87677604 0.09258679 0.10043431 0.095988676 0.099977136 1.0203725 0.959741 0.9746289 0.5005121 1.0168724 1.0053219 0.88682157 0.8726031 0.86718106 0.03040819 0 0.87420535 0.8726031 0.8864954 0.8979962 0.8848668 0.86877173 0.86718106 0.99281836 0.99545324 1.0099207 0.863061
0.98125964 0.49876 0.4943009 0.4939144 0.88064873 0.88616943 0.8783872 0.8864954 0.9958304 0.99545324 1.0095364 0.8864954 0.9924427 0.98794943 0.24139464 0.23767869 0.23452772 0.87100434 0.87420535 0 0.012300316 0.24429761 0.42988047 0.24084297 0.4915996 0.35466585 1.005704 0.9808897 0.9872032 0.50129217
0.9842255 0.49973288 0.49740008 0.4979826 0.87967867 0.8842163 0.87581104 0.8851922 0.99885464 0.9980974 1.01069 0.88682157 0.99658537 0.990942 0.2420848 0.23905283 0.23630708 0.86972773 0.8726031 0.012300316 0 0.24471323 0.43254602 0.24125668 0.4917922 0.35595062 1.0060863 0.98496884 0.990942 0.50285465
0.9894442 0.5030502 0.5038329 0.50148726 0.8874743 0.89766514 0.88780093 0.895022 1.0037951 0.99281836 1.014548 0.910349 1.001891 0.9958304 0.04821725 0.09906361 0.09815121 0.8864954 0.8864954 0.24429761 0.24471323 0 0.43379322 0.013622978 0.5055969 0.36305663 0.9980974 0.9746289 0.98125964 0.50265914
1.0045581 0.5071684 0.4999276 0.50070703 0.9019803 0.90498227 0.89766514 0.90498227 1.0041765 0.9845971 0.99545324 0.9160936 1.001891 0.9950763 0.42899403 0.4313009 0.43005788 0.90098226 0.8979962 0.42988047 0.43254602 0.43379322 0 0.43076792 0.5001224 0.41983685 0.99999183 0.9775687 0.9816297 0.50285465
0.98794943 0.50090206 0.5024637 0.5003172 0.8858435 0.89469224 0.8874743 0.89469224 1.0015109 0.9969631 1.0172604 0.9029796 0.9977191 0.99169195 0.046832204 0.09780934 0.09689845 0.8842163 0.8848668 0.24084297 0.24125668 0.013622978 0.43076792 0 0.50344145 0.36062655 0.99545324 0.97573 0.9801504 0.5018777
0.9775687 0.40356198 0.40768382 0.4166929 0.87420535 0.8719632 0.87100434 0.877098 0.99545324 0.9853408 0.99885464 0.891731 0.9943229 0.98757625 0.49914902 0.49740008 0.496818 0.870685 0.86877173 0.4915996 0.4917922 0.5055969 0.5001224 0.50344145 0 0.491407 0.9920673 0.97170067 0.99658537 0.40682322
0.9939465 0.49082956 0.49526802 0.49662408 0.8678169 0.86877173 0.8678169 0.87100434 0.98869646 1.0037951 1.015322 0.9013148 0.9845971 0.9808897 0.3614357 0.35965672 0.35675475 0.8716434 0.86718106 0.35466585 0.35595062 0.36305663 0.41983685 0.36062655 0.491407 0 1.0011308 0.9554389 0.9662408 0.4979826
0.68397504 0.9872032 0.9842255 0.9958304 0.9962078 0.99923354 0.9946995 0.98645765 0.51170486 0.6506254 0.65181684 1.0015109 0.51289284 0.50815225 1.0087683 0.9950763 0.99131685 0.99999183 0.99281836 1.005704 1.0060863 0.9980974 0.99999183 0.99545324 0.9920673 1.0011308 0 0.27209163 0.2806202 1.0015109
0.67654437 0.9842255 0.97170067 0.97941184 1.0064689 1.0053219 0.99885464 0.98907024 0.5105188 0.6532491 0.654684 1.01146 0.51190275 0.5067752 0.98757625 0.9709704 0.9768326 0.99734104 0.99545324 0.9808897 0.98496884 0.9746289 0.9775687 0.97573 0.97170067 0.9554389 0.27209163 0 0.2646545 0.9816297
0.6748211 0.9768326 0.9842255 0.9816297 1.0141612 1.0223241 1.0103053 1.0064689 0.513091 0.65277135 0.65564215 1.0199828 0.51289284 0.5069718 0.9920673 0.97499573 0.9816297 1.0149349 1.0099207 0.9872032 0.990942 0.98125964 0.9816297 0.9801504 0.99658537 0.9662408 0.2806202 0.2646545 0 0.98794943
1.0126165 0.18225464 0.35852686 0.354345 0.8652767 0.8700467 0.86909026 0.8738847 0.98125964 0.98348296 0.99545324 0.87581104 0.97316337 0.97352946 0.50265914 0.496818 0.49449423 0.8621135 0.863061 0.50129217 0.50285465 0.50265914 0.50285465 0.5018777 0.40682322 0.4979826 1.0015109 0.9816297 0.98794943 0
