0 0.7129029 0.7254249 0.8855178 0.7227989 0.7344229 0.98757625 0.97867405 0.8910746 0.8933747 0.8920595 0.66748005 0.8904187 0.8851922 0.88259256 0.8914027 0.890091 0.96226203 0.9557965 0.99923354 0.99357027 0.72332335 0.66456366 0.7227989 0.72018194 0.9110226 0.89766514 0.8713238 0.71549445 0.71992075
0.7129029 0 0.28660446 0.9256522 0.4224669 0.4205373 0.9680563 0.9695119 0.9266836 0.932902 0.92840576 0.70697606 0.92393637 0.9106857 0.9096761 0.9304776 0.93324894 1.0289978 1.025065 0.99961257 0.99734104 0.55675304 0.7264779 0.5578042 0.5626586 0.92119914 0.9188122 0.91643286 0.3043989 0.31118217
0.7254249 0.28660446 0 0.931862 0.43165645 0.4361149 0.982 0.9838541 0.91915274 0.9167723 0.9167723 0.73602206 0.9160936 0.91643286 0.91643286 0.9287507 0.9301319 1.0305767 1.0286036 1.0103053 1.0080011 0.5669055 0.7312348 0.5677578 0.56903803 0.91983426 0.92017525 0.9160936 0.30499938 0.31512955
0.8855178 0.9256522 0.931862 0 0.91949344 0.929441 1.0254573 1.0227151 0.40751162 0.4100987 0.37269205 0.9053166 0.3731853 0.40441883 0.40820062 0.27989367 0.28134742 1.0076177 1.0034139 1.0103053 1.014548 0.9069903 0.8774201 0.90799636 0.9013148 0.50953186 0.4245776 0.43325844 0.9127091 0.92393637
0.7227989 0.4224669 0.43165645 0.91949344 0 0.26664954 0.99734104 0.98869646 0.9287507 0.9287507 0.90766084 0.72568804 0.9130469 0.91473794 0.91406107 0.91949344 0.92154074 1.0064689 1.01146 1.0297868 1.0246727 0.5616006 0.73709005 0.56223524 0.55885684 0.9069903 0.91915274 0.9096761 0.42194015 0.4366517
0.7344229 0.4205373 0.4361149 0.929441 0.26664954 0 1.0122308 0.99923354 0.9405729 0.9419761 0.9073255 0.72991043 0.91203403 0.92771643 0.9263396 0.9225665 0.9242792 1.0030329 1.0068517 1.032159 1.0274222 0.5573836 0.72332335 0.5592783 0.5724627 0.8910746 0.9374253 0.9229087 0.41460428 0.43504247
0.98757625 0.9680563 0.982 1.0254573 0.99734104 1.0122308 0 0.13362764 0.99545324 0.9939465 1.0076177 0.99658537 1.0095364 0.9946995 0.99658537 0.9931942 0.9939465 0.97316337 0.9706055 0.31619588 0.31711105 0.98757625 0.9790429 0.9894442 1.0045581 0.98757625 1.0087683 0.9977191 0.99357027 0.9727974
0.97867405 0.9695119 0.9838541 1.0227151 0.98869646 0.99923354 0.13362764 0 0.98348296 0.98496884 0.99961257 0.982 1.001891 0.9831119 0.99131685 0.98907024 0.98907024 0.95794547 0.95794547 0.31482518 0.31543407 0.9827411 0.9738958 0.98348296 0.982 0.98832285 1.0003713 0.9946995 0.9872032 0.9709704
0.8910746 0.9266836 0.91915274 0.40751162 0.9287507 0.9405729 0.99545324 0.98348296 0 0.06504038 0.40647927 0.9086678 0.40785605 0.116380066 0.11766582 0.39844134 0.40031484 0.9950763 0.99131685 0.9845971 0.98832285 0.9225665 0.87967867 0.92085767 0.91643286 0.4958489 0.414083 0.41931194 0.9123715 0.91575444
0.8933747 0.932902 0.9167723 0.4100987 0.9287507 0.9419761 0.9939465 0.98496884 0.06504038 0 0.40630734 0.903313 0.40889028 0.1188366 0.1200092 0.40099728 0.40219304 0.99961257 0.9977191 0.9920673 0.9946995 0.91575444 0.8787099 0.91406107 0.91779155 0.49934357 0.41861266 0.42264256 0.91203403 0.9130469
0.8920595 0.92840576 0.9167723 0.37269205 0.90766084 0.9073255 1.0076177 0.99961257 0.40647927 0.40630734 0 0.9029796 0.05056701 0.4018512 0.40544835 0.3708862 0.37450224 1.0015109 0.9958304 0.9958304 1.0041765 0.9110226 0.8783872 0.91203403 0.92085767 0.5065787 0.43414992 0.42211568 0.91473794 0.9188122
0.66748005 0.70697606 0.73602206 0.9053166 0.72568804 0.72991043 0.99658537 0.982 0.9086678 0.903313 0.9029796 0 0.9069903 0.8864954 0.8874743 0.8887815 0.88226825 1.0168724 1.0095364 1.0030329 0.99961257 0.7419149 0.58653843 0.7429914 0.72779626 0.8956819 0.89601207 0.9113596 0.7241107 0.7368229
0.8904187 0.92393637 0.9160936 0.3731853 0.9130469 0.91203403 1.0095364 1.001891 0.40785605 0.40889028 0.05056701 0.9069903 0 0.40236402 0.40476185 0.3758215 0.37879837 1.000751 0.9924427 0.9962078 1.0041765 0.9113596 0.8851922 0.91203403 0.9218825 0.5107164 0.43772647 0.42563516 0.91643286 0.9174517
0.8851922 0.9106857 0.91643286 0.40441883 0.91473794 0.92771643 0.9946995 0.9831119 0.116380066 0.1188366 0.4018512 0.8864954 0.40236402 0 0.042057484 0.3962332 0.39861146 0.99357027 0.9857129 0.98757625 0.99131685 0.910349 0.8652767 0.9100125 0.9053166 0.496818 0.4100987 0.41425672 0.9029796 0.9053166
0.88259256 0.9096761 0.91643286 0.40820062 0.91406107 0.9263396 0.99658537 0.99131685 0.11766582 0.1200092 0.40544835 0.8874743 0.40476185 0.042057484 0 0.40031484 0.40270612 0.99281836 0.9857129 0.98348296 0.9872032 0.9006499 0.8640098 0.90031767 0.91169673 0.50168246 0.41356212 0.4207125 0.89865875 0.90231323
0.8914027 0.9304776 0.9287507 0.27989367 0.91949344 0.9225665 0.9931942 0.98907024 0.39844134 0.40099728 0.3708862 0.8887815 0.3758215 0.3962332 0.40031484 0 0.029679582 0.98683035 0.9827411 0.990942 0.99734104 0.92085767 0.8864954 0.92085767 0.92154074 0.50933456 0.43112323 0.42952576 0.93151563 0.91779155
0.890091 0.93324894 0.9301319 0.28134742 0.92154074 0.9242792 0.9939465 0.98907024 0.40031484 0.40219304 0.37450224 0.88226825 0.37879837 0.39861146 0.40270612 0.029679582 0 0.982 0.9775687 0.98832285 0.9946995 0.91779155 0.88226825 0.91779155 0.92017525 0.51091397 0.4330803 0.43112323 0.93151563 0.9232511
0.96226203 1.0289978 1.0305767 1.0076177 1.0064689 1.0030329 0.97316337 0.95794547 0.9950763 0.99961257 1.0015109 1.0168724 1.000751 0.99357027 0.99281836 0.98683035 0.982 0 0.02305062 0.97720057 0.9738958 1.0003713 1.0068517 1.0015109 1.015322 0.99999183 0.99056727 1.000751 1.0110749 1.0110749
0.9557965 1.025065 1.0286036 1.0034139 1.01146 1.0068517 0.9706055 0.95794547 0.99131685 0.9977191 0.9958304 1.0095364 0.9924427 0.9857129 0.9857129 0.9827411 0.9775687 0.02305062 0 0.97243166 0.9687838 0.99923354 1.0068517 1.000751 1.0195932 0.9939465 0.9827411 0.9939465 1.0053219 1.0080011
0.99923354 0.99961257 1.0103053 1.0103053 1.0297868 1.032159 0.31619588 0.31482518 0.9845971 0.9920673 0.9958304 1.0030329 0.9962078 0.98757625 0.98348296 0.990942 0.98832285 0.97720057 0.97243166 0 0.01403042 0.99923354 0.9980974 1.0003713 1.0034139 0.99734104 1.0068517 0.9931942 1.002652 1.002652
0.99357027 0.99734104 1.0080011 1.014548 1.0246727 1.0274222 0.31711105 0.31543407 0.98832285 0.9946995 1.0041765 0.99961257 1.0041765 0.99131685 0.9872032 0.99734104 0.9946995 0.9738958 0.9687838 0.01403042 0 0.9977191 0.990942 0.99885464 1.0022715 1.0080011 1.0130024 0.9980974 1.000751 1.0015109
0.72332335 0.55675304 0.5669055 0.9069903 0.5616006 0.5573836 0.98757625 0.9827411 0.9225665 0.91575444 0.9110226 0.7419149 0.9113596 0.910349 0.9006499 0.92085767 0.91779155 1.0003713 0.99923354 0.99923354 0.9977191 0 0.7280602 0.00340773 0.51487696 0.90900373 0.92840576 0.91813165 0.5643545 0.57762915
0.66456366 0.7264779 0.7312348 0.8774201 0.73709005 0.72332335 0.9790429 0.9738958 0.87967867 0.8787099 0.8783872 0.58653843 0.8851922 0.8652767 0.8640098 0.8864954 0.88226825 1.0068517 1.0068517 0.9980974 0.990942 0.7280602 0 0.7293813 0.72779626 0.8914027 0.89469224 0.88682157 0.72384816 0.7344229
0.7227989 0.5578042 0.5677578 0.90799636 0.56223524 0.5592783 0.9894442 0.98348296 0.92085767 0.91406107 0.91203403 0.7429914 0.91203403 0.9100125 0.90031767 0.92085767 0.91779155 1.0015109 1.000751 1.0003713 0.99885464 0.00340773 0.7293813 0 0.515871 0.9096761 0.9287507 0.9205164 0.56626695 0.5800091
0.72018194 0.5626586 0.56903803 0.9013148 0.55885684 0.5724627 1.0045581 0.982 0.91643286 0.91779155 0.92085767 0.72779626 0.9218825 0.9053166 0.91169673 0.92154074 0.92017525 1.015322 1.0195932 1.0034139 1.0022715 0.51487696 0.72779626 0.515871 0 0.8963424 0.9256522 0.9174517 0.5694652 0.5694652
0.9110226 0.92119914 0.91983426 0.50953186 0.9069903 0.8910746 0.98757625 0.98832285 0.4958489 0.49934357 0.5065787 0.8956819 0.5107164 0.496818 0.50168246 0.50933456 0.51091397 0.99999183 0.9939465 0.99734104 1.0080011 0.90900373 0.8914027 0.9096761 0.8963424 0 0.5168664 0.5085462 0.91406107 0.9029796
0.89766514 0.9188122 0.92017525 0.4245776 0.91915274 0.9374253 1.0087683 1.0003713 0.414083 0.41861266 0.43414992 0.89601207 0.43772647 0.4100987 0.41356212 0.43112323 0.4330803 0.99056727 0.9827411 1.0068517 1.0130024 0.92840576 0.89469224 0.9287507 0.9256522 0.5168664 0 0.37747386 0.931862 0.9322085
0.8713238 0.91643286 0.9160936 0.43325844 0.9096761 0.9229087 0.9977191 0.9946995 0.41931194 0.42264256 0.42211568 0.9113596 0.42563516 0.41425672 0.4207125 0.42952576 0.43112323 1.000751 0.9939465 0.9931942 0.9980974 0.91813165 0.88682157 0.9205164 0.9174517 0.5085462 0.37747386 0 0.92119914 0.9100125
0.71549445 0.3043989 0.30499938 0.9127091 0.42194015 0.41460428 0.99357027 0.9872032 0.9123715 0.91203403 0.91473794 0.7241107 0.91643286 0.9029796 0.89865875 0.93151563 0.93151563 1.0110749 1.0053219 1.002652 1.000751 0.5643545 0.72384816 0.56626695 0.5694652 0.91406107 0.931862 0.92119914 0 0.31833306
0.71992075 0.31118217 0.31512955 0.92393637 0.4366517 0.43504247 0.9727974 0.9709704 0.91575444 0.9130469 0.9188122 0.7368229 0.9174517 0.9053166 0.90231323 0.91779155 0.9232511 1.0110749 1.0080011 1.002652 1.0015109 0.57762915 0.7344229 0.5800091 0.5694652 0.9029796 0.9322085 0.9100125 0.31833306 0
