0 1.0317632 0.680994 1.0286036 0.67580533 0.68173814 1.0072346 1.0126165 0.6834774 0.6827315 0.97609735 0.96298385 0.9808897 0.97720057 0.96226203 0.6827315 0.6869681 0.9637064 0.9695119 0.9931942 0.99281836 0.67926043 0.6937464 0.6832287 1.0262426 0.96010065 1.0305767 0.675067 0.67432946 1.025065
1.0317632 0 1.0022715 0.33643606 1.0195932 1.0242808 0.33113015 0.32694325 1.0227151 1.0095364 0.97499573 0.95866317 0.97867405 0.98832285 0.9727974 0.99545324 1.0049399 0.9801504 0.9845971 0.982 0.98907024 1.0137748 1.0377234 1.0110749 0.3743375 0.9680563 0.3447826 0.9977191 1.0095364 0.14774145
0.680994 1.0022715 0 1.0118452 0.2889528 0.28939393 1.0133885 0.9977191 0.21669547 0.14567415 0.97024083 0.96841997 0.9838541 0.9950763 0.98907024 0.14022927 0.14409712 0.9764649 0.97941184 0.96010065 0.9575869 0.21562824 0.39963302 0.21522841 1.0095364 0.9590223 1.0149349 0.2754048 0.21110934 0.9977191
1.0286036 0.33643606 1.0118452 0 1.0122308 1.0199828 0.14095297 0.13818255 1.0122308 1.0223241 0.99999183 0.98348296 0.9980974 1.002652 0.99545324 1.0110749 1.01146 0.99131685 0.99885464 1.0034139 1.0064689 1.0118452 1.0262426 1.0103053 0.37450224 0.9746289 0.30665317 1.0068517 1.014548 0.33768997
0.67580533 1.0195932 0.2889528 1.0122308 0 0.115796365 1.0157093 1.014548 0.294856 0.29086626 0.98757625 0.9950763 0.99961257 0.97978103 0.9753628 0.28983533 0.28924686 0.97170067 0.97352946 0.98869646 0.99545324 0.29827154 0.39895183 0.29842037 1.0234975 0.97720057 1.0297868 0.25237417 0.29086626 1.0045581
0.68173814 1.0242808 0.28939393 1.0199828 0.115796365 0 1.015322 1.0141612 0.28983533 0.29308018 0.9838541 0.98907024 0.99169195 0.97978103 0.9687838 0.29219383 0.29086626 0.97024083 0.97243166 0.9838541 0.9924427 0.29234147 0.40168035 0.29219383 1.0207624 0.98348296 1.0413225 0.24707282 0.28601852 1.0130024
1.0072346 0.33113015 1.0133885 0.14095297 1.0157093 1.015322 0 0.10525158 1.0099207 1.0168724 1.0087683 0.97720057 1.0041765 1.0091523 1.0015109 1.0080011 1.0130024 1.0045581 1.0083846 0.9969631 0.9980974 1.0195932 1.0278157 1.0141612 0.37154236 0.9775687 0.30364898 0.9894442 1.0091523 0.33284268
1.0126165 0.32694325 0.9977191 0.13818255 1.014548 1.0141612 0.10525158 0 0.99961257 1.0053219 0.9958304 0.9713354 0.9894442 1.0180373 1.0053219 0.99734104 1.0022715 1.0118452 1.015322 1.0037951 1.001891 0.99999183 1.0254573 0.99885464 0.3677772 0.97024083 0.2979739 0.98645765 0.99545324 0.32431898
0.6834774 1.0227151 0.21669547 1.0122308 0.294856 0.28983533 1.0099207 0.99961257 0 0.22299634 0.9738958 0.9713354 0.9779369 0.9790429 0.97573 0.21602827 0.22138256 0.9746289 0.97243166 0.9738958 0.97316337 0.10066301 0.40768382 0.10203663 1.0301816 0.96479154 1.0293922 0.28382534 0.17996301 1.0126165
0.6827315 1.0095364 0.14567415 1.0223241 0.29086626 0.29308018 1.0168724 1.0053219 0.22299634 0 0.96334505 0.9655158 0.97024083 0.9853408 0.9801504 0.08068891 0.084148996 0.97352946 0.9753628 0.97316337 0.97316337 0.22138256 0.40544835 0.22272713 1.0282096 0.96406794 1.0329514 0.28105646 0.21763055 1.0099207
0.97609735 0.97499573 0.97024083 0.99999183 0.98757625 0.9838541 1.0087683 0.9958304 0.9738958 0.96334505 0 0.4975942 0.078687124 0.7667942 0.7590508 0.97024083 0.9698763 0.7676286 0.76374257 0.5502686 0.5506852 0.9691478 0.98051995 0.9713354 0.99734104 0.3226258 0.9931942 0.9611805 0.990942 0.9727974
0.96298385 0.95866317 0.96841997 0.98348296 0.9950763 0.98907024 0.97720057 0.9713354 0.9713354 0.9655158 0.4975942 0 0.496818 0.7687426 0.7601521 0.9713354 0.97206604 0.77321523 0.7695792 0.5481887 0.5488121 0.9727974 0.9857129 0.97609735 0.97206604 0.4829821 0.97170067 0.9662408 0.97978103 0.96010065
0.9808897 0.97867405 0.9838541 0.9980974 0.99961257 0.99169195 1.0041765 0.9894442 0.9779369 0.97024083 0.078687124 0.496818 0 0.7701374 0.7629125 0.9845971 0.9808897 0.77041674 0.7673504 0.5515193 0.55172795 0.97573 0.98348296 0.97609735 0.9962078 0.32293335 0.99734104 0.97170067 1.000751 0.9691478
0.97720057 0.98832285 0.9950763 1.002652 0.97978103 0.97978103 1.0091523 1.0180373 0.9790429 0.9853408 0.7667942 0.7687426 0.7701374 0 0.06842886 1.0087683 0.99734104 0.105596855 0.10813376 0.7656831 0.7629125 0.98645765 0.99847597 0.98645765 1.0037951 0.75520885 0.99961257 0.9637064 0.98794943 1.0022715
0.96226203 0.9727974 0.98907024 0.99545324 0.9753628 0.9687838 1.0015109 1.0053219 0.97573 0.9801504 0.7590508 0.7601521 0.7629125 0.06842886 0 1.0003713 0.98757625 0.101120606 0.10341278 0.75384146 0.75384146 0.97573 0.9857129 0.9816297 0.99357027 0.7481256 0.9872032 0.9504507 0.990942 0.98757625
0.6827315 0.99545324 0.14022927 1.0110749 0.28983533 0.29219383 1.0080011 0.99734104 0.21602827 0.08068891 0.97024083 0.9713354 0.9845971 1.0087683 1.0003713 0 0.05561175 0.9939465 0.9943229 0.97206604 0.9706055 0.21843298 0.40168035 0.21749689 1.0122308 0.9698763 1.0223241 0.27858767 0.21296677 1.0030329
0.6869681 1.0049399 0.14409712 1.01146 0.28924686 0.29086626 1.0130024 1.0022715 0.22138256 0.084148996 0.9698763 0.97206604 0.9808897 0.99734104 0.98757625 0.05561175 0 0.982 0.98237044 0.9695119 0.9695119 0.2223235 0.40270612 0.22097966 1.0137748 0.97426224 1.0246727 0.28207538 0.21616167 1.0083846
0.9637064 0.9801504 0.9764649 0.99131685 0.97170067 0.97024083 1.0045581 1.0118452 0.9746289 0.97352946 0.7676286 0.77321523 0.77041674 0.105596855 0.101120606 0.9939465 0.982 0 0.043645684 0.7667942 0.7659607 0.97573 0.982 0.9753628 0.99999183 0.75712734 0.990942 0.9511613 0.9831119 0.99131685
0.9695119 0.9845971 0.97941184 0.99885464 0.97352946 0.97243166 1.0083846 1.015322 0.97243166 0.9753628 0.76374257 0.7695792 0.7673504 0.10813376 0.10341278 0.9943229 0.98237044 0.043645684 0 0.7623596 0.7629125 0.9768326 0.98348296 0.9790429 1.0011308 0.7494826 0.9958304 0.9518725 0.98757625 0.99734104
0.9931942 0.982 0.96010065 1.0034139 0.98869646 0.9838541 0.9969631 1.0037951 0.9738958 0.97316337 0.5502686 0.5481887 0.5515193 0.7656831 0.75384146 0.97206604 0.9695119 0.7667942 0.7623596 0 0.031971887 0.98051995 0.9853408 0.98832285 0.97941184 0.53195745 1.0015109 0.9764649 0.98832285 0.98645765
0.99281836 0.98907024 0.9575869 1.0064689 0.99545324 0.9924427 0.9980974 1.001891 0.97316337 0.97316337 0.5506852 0.5488121 0.55172795 0.7629125 0.75384146 0.9706055 0.9695119 0.7659607 0.7629125 0.031971887 0 0.97978103 0.98496884 0.9894442 0.9860852 0.5333815 1.0091523 0.9816297 0.98683035 0.9950763
0.67926043 1.0137748 0.21562824 1.0118452 0.29827154 0.29234147 1.0195932 0.99999183 0.10066301 0.22138256 0.9691478 0.9727974 0.97573 0.98645765 0.97573 0.21843298 0.2223235 0.97573 0.9768326 0.98051995 0.97978103 0 0.40441883 0.036892682 1.0180373 0.96226203 1.0219333 0.28455567 0.18238215 1.0133885
0.6937464 1.0377234 0.39963302 1.0262426 0.39895183 0.40168035 1.0278157 1.0254573 0.40768382 0.40544835 0.98051995 0.9857129 0.98348296 0.99847597 0.9857129 0.40168035 0.40270612 0.982 0.98348296 0.9853408 0.98496884 0.40441883 0 0.40647927 1.0518178 0.9860852 1.0518178 0.3925111 0.3967422 1.0274222
0.6832287 1.0110749 0.21522841 1.0103053 0.29842037 0.29219383 1.0141612 0.99885464 0.10203663 0.22272713 0.9713354 0.97609735 0.97609735 0.98645765 0.9816297 0.21749689 0.22097966 0.9753628 0.9790429 0.98832285 0.9894442 0.036892682 0.40647927 0 1.0172604 0.9706055 1.0168724 0.2858721 0.1841697 1.0083846
1.0262426 0.3743375 1.0095364 0.37450224 1.0234975 1.0207624 0.37154236 0.3677772 1.0301816 1.0282096 0.99734104 0.97206604 0.9962078 1.0037951 0.99357027 1.0122308 1.0137748 0.99999183 1.0011308 0.97941184 0.9860852 1.0180373 1.0518178 1.0172604 0 0.9958304 0.3794615 1.0223241 1.0215429 0.3768125
0.96010065 0.9680563 0.9590223 0.9746289 0.97720057 0.98348296 0.9775687 0.97024083 0.96479154 0.96406794 0.3226258 0.4829821 0.32293335 0.75520885 0.7481256 0.9698763 0.97426224 0.75712734 0.7494826 0.53195745 0.5333815 0.96226203 0.9860852 0.9706055 0.9958304 0 0.98794943 0.95151687 0.9831119 0.9687838
1.0305767 0.3447826 1.0149349 0.30665317 1.0297868 1.0413225 0.30364898 0.2979739 1.0293922 1.0329514 0.9931942 0.97170067 0.99734104 0.99961257 0.9872032 1.0223241 1.0246727 0.990942 0.9958304 1.0015109 1.0091523 1.0219333 1.0518178 1.0168724 0.3794615 0.98794943 0 1.0195932 1.0282096 0.34462425
0.675067 0.9977191 0.2754048 1.0068517 0.25237417 0.24707282 0.9894442 0.98645765 0.28382534 0.28105646 0.9611805 0.9662408 0.97170067 0.9637064 0.9504507 0.27858767 0.28207538 0.9511613 0.9518725 0.9764649 0.9816297 0.28455567 0.3925111 0.2858721 1.0223241 0.95151687 1.0195932 0 0.27627152 0.99169195
0.67432946 1.0095364 0.21110934 1.014548 0.29086626 0.28601852 1.0091523 0.99545324 0.17996301 0.21763055 0.990942 0.97978103 1.000751 0.98794943 0.990942 0.21296677 0.21616167 0.9831119 0.98757625 0.98832285 0.98683035 0.18238215 0.3967422 0.1841697 1.0215429 0.9831119 1.0282096 0.27627152 0 1.0022715
1.025065 0.14774145 0.9977191 0.33768997 1.0045581 1.0130024 0.33284268 0.32431898 1.0126165 1.0099207 0.9727974 0.96010065 0.9691478 1.0022715 0.98757625 1.0030329 1.0083846 0.99131685 0.99734104 0.98645765 0.9950763 1.0133885 1.0274222 1.0083846 0.3768125 0.9687838 0.34462425 0.99169195 1.0022715 0
