0 1.0053219 0.98496884 0.99357027 0.762636 0.76374257 0.99923354 1.0172604 0.9946995 0.9924427 0.74622995 1.0286036 0.7524766 0.9783054 0.982 0.76707226 0.76790696 0.7726547 0.9980974 1.0262426 1.0297868 0.99923354 0.761255 0.9980974 0.75493515 0.99734104 0.7673504 0.7554826 0.75411475 0.76651627
1.0053219 0 0.2527943 0.3339345 1.0103053 1.0234975 0.32478142 0.3350279 0.4890999 0.48641723 1.0041765 0.75138646 1.0188149 0.88943595 0.8940332 1.0083846 1.015322 1.014548 0.3337784 0.91169673 0.91711193 0.33424672 0.98496884 0.33237523 0.9924427 0.88194406 1.0137748 0.9842255 1.0180373 0.99999183
0.98496884 0.2527943 0 0.3270979 0.99357027 0.9943229 0.32647946 0.33113015 0.48070073 0.47729164 0.9827411 0.7437997 0.99169195 0.87645423 0.8726031 0.9872032 0.98869646 0.99734104 0.3238568 0.90164745 0.9063204 0.32663402 0.96298385 0.32462722 0.9695119 0.8790327 0.9958304 0.97316337 1.0099207 0.98832285
0.99357027 0.3339345 0.3270979 0 1.0037951 1.0133885 0.2451291 0.24888222 0.48756576 0.48488855 0.9980974 0.75138646 1.0180373 0.86718106 0.8848668 1.0011308 0.99961257 1.0087683 0.28983533 0.895022 0.90164745 0.29116106 0.98348296 0.29012972 0.99923354 0.85833514 1.0072346 1.0041765 1.0110749 1.0022715
0.762636 1.0103053 0.99357027 1.0037951 0 0.22948638 1.005704 1.0076177 0.99885464 0.99545324 0.69753873 1.0022715 0.70928967 1.014548 1.018426 0.25983134 0.2609634 0.26053867 0.98757625 1.0203725 1.0289978 0.9920673 0.6812419 0.990942 0.7026252 1.0083846 0.7191378 0.44565544 0.6965256 0.25968993
0.76374257 1.0234975 0.9943229 1.0133885 0.22948638 0 1.0103053 1.0099207 0.99961257 0.99658537 0.6927383 1.0289978 0.69779223 1.0041765 1.015322 0.25616384 0.25912464 0.26209718 1.0053219 1.0282096 1.0365276 1.0034139 0.6775309 1.0064689 0.702115 1.0329514 0.71161044 0.4336149 0.7033912 0.26181358
0.99923354 0.32478142 0.32647946 0.2451291 1.005704 1.0103053 0 0.22785859 0.491407 0.4837441 0.98757625 0.750842 1.0095364 0.8722831 0.88291705 1.0022715 1.0041765 1.0045581 0.28557938 0.8884545 0.89766514 0.28777772 0.9943229 0.28528675 0.97978103 0.8649598 1.0003713 1.000751 1.0133885 1.0022715
1.0172604 0.3350279 0.33113015 0.24888222 1.0076177 1.0099207 0.22785859 0 0.4820307 0.47540435 1.0049399 0.75603044 1.0199828 0.87613255 0.891731 1.0053219 1.0053219 1.0087683 0.29130852 0.9130469 0.91813165 0.29411557 0.99658537 0.29308018 1.0011308 0.88454145 1.0176488 0.98869646 1.0242808 1.0118452
0.9946995 0.4890999 0.48070073 0.48756576 0.99885464 0.99961257 0.491407 0.4820307 0 0.173886 1.0083846 0.75493515 1.019204 0.8897634 0.8963424 0.99131685 0.99734104 0.99885464 0.4788049 0.9174517 0.92085767 0.48184055 0.98645765 0.4822209 0.9860852 0.8904187 1.019204 0.9980974 1.002652 1.0003713
0.9924427 0.48641723 0.47729164 0.48488855 0.99545324 0.99658537 0.4837441 0.47540435 0.173886 0 1.0060863 0.7587757 1.019204 0.8858435 0.88943595 0.9860852 0.98757625 0.9872032 0.4723946 0.90799636 0.9096761 0.47597006 0.98051995 0.4752159 0.9931942 0.88454145 1.01146 1.0011308 1.018426 1.0034139
0.74622995 1.0041765 0.9827411 0.9980974 0.69753873 0.6927383 0.98757625 1.0049399 1.0083846 1.0060863 0 1.0246727 0.15841123 1.0083846 1.0083846 0.69906104 0.7018601 0.7067194 0.99923354 1.0203725 1.0231062 1.0060863 0.6884691 1.0068517 0.46659726 0.9939465 0.4536691 0.68000287 0.2880713 0.6904751
1.0286036 0.75138646 0.7437997 0.75138646 1.0022715 1.0289978 0.750842 0.75603044 0.75493515 0.7587757 1.0246727 0 1.0282096 0.87806475 0.8864954 1.0083846 1.0091523 1.0110749 0.7598766 0.9391723 0.9440858 0.7607034 1.0242808 0.7522039 1.0091523 0.8881276 1.0389212 0.9980974 1.0278157 0.9969631
0.7524766 1.0188149 0.99169195 1.0180373 0.70928967 0.69779223 1.0095364 1.0199828 1.019204 1.019204 0.15841123 1.0282096 0 1.0034139 1.0049399 0.70160514 0.7080034 0.71032023 1.0286036 1.0325551 1.0325551 1.0297868 0.69804585 1.0293922 0.47051957 0.99658537 0.45312 0.6884691 0.29071888 0.697032
0.9783054 0.88943595 0.87645423 0.86718106 1.014548 1.0041765 0.8722831 0.87613255 0.8897634 0.8858435 1.0083846 0.87806475 1.0034139 0 0.13710125 1.0095364 1.0215429 1.0215429 0.8783872 0.7207046 0.7254249 0.88194406 0.98645765 0.8754896 0.98794943 0.69122875 1.0141612 0.9980974 1.0037951 1.0091523
0.982 0.8940332 0.8726031 0.8848668 1.018426 1.015322 0.88291705 0.891731 0.8963424 0.88943595 1.0083846 0.8864954 1.0049399 0.13710125 0 1.0203725 1.0270288 1.0381224 0.8809723 0.7251619 0.7291169 0.88780093 0.9939465 0.88291705 0.9946995 0.70441365 1.0099207 0.9958304 1.005704 1.015322
0.76707226 1.0083846 0.9872032 1.0011308 0.25983134 0.25616384 1.0022715 1.0053219 0.99131685 0.9860852 0.69906104 1.0083846 0.70160514 1.0095364 1.0203725 0 0.09963443 0.10066301 0.98051995 1.0195932 1.0231062 0.98832285 0.6924865 0.98496884 0.70543754 1.0199828 0.7110941 0.44096002 0.702115 0.25630456
0.76790696 1.015322 0.98869646 0.99961257 0.2609634 0.25912464 1.0041765 1.0053219 0.99734104 0.98757625 0.7018601 1.0091523 0.7080034 1.0215429 1.0270288 0.09963443 0 0.046512943 0.99131685 1.0137748 1.0180373 0.9939465 0.69425094 0.99281836 0.70903224 1.0130024 0.7196597 0.442582 0.7031358 0.25630456
0.7726547 1.014548 0.99734104 1.0087683 0.26053867 0.26209718 1.0045581 1.0087683 0.99885464 0.9872032 0.7067194 1.0110749 0.71032023 1.0215429 1.0381224 0.10066301 0.046512943 0 0.9958304 1.0270288 1.033348 0.99923354 0.697032 0.99961257 0.7082605 1.0246727 0.7209661 0.44420755 0.70543754 0.25700858
0.9980974 0.3337784 0.3238568 0.28983533 0.98757625 1.0053219 0.28557938 0.29130852 0.4788049 0.4723946 0.99923354 0.7598766 1.0286036 0.8783872 0.8809723 0.98051995 0.99131685 0.9958304 0 0.89932185 0.903313 0.03636766 0.9753628 0.033957258 0.9962078 0.8927168 1.0126165 0.97978103 1.0149349 1.0011308
1.0262426 0.91169673 0.90164745 0.895022 1.0203725 1.0282096 0.8884545 0.9130469 0.9174517 0.90799636 1.0203725 0.9391723 1.0325551 0.7207046 0.7251619 1.0195932 1.0137748 1.0270288 0.89932185 0 0.034585312 0.9106857 1.0219333 0.90398026 1.0176488 0.47785875 1.025065 1.0266355 1.0168724 1.0130024
1.0297868 0.91711193 0.9063204 0.90164745 1.0289978 1.0365276 0.89766514 0.91813165 0.92085767 0.9096761 1.0231062 0.9440858 1.0325551 0.7254249 0.7291169 1.0231062 1.0180373 1.033348 0.903313 0.034585312 0 0.9150766 1.0246727 0.90799636 1.0207624 0.48241112 1.0278157 1.0313674 1.0199828 1.0223241
0.99923354 0.33424672 0.32663402 0.29116106 0.9920673 1.0034139 0.28777772 0.29411557 0.48184055 0.47597006 1.0060863 0.7607034 1.0297868 0.88194406 0.88780093 0.98832285 0.9939465 0.99923354 0.03636766 0.9106857 0.9150766 0 0.98348296 0.027809257 0.99999183 0.8940332 1.0207624 0.98794943 1.0199828 1.0003713
0.761255 0.98496884 0.96298385 0.98348296 0.6812419 0.6775309 0.9943229 0.99658537 0.98645765 0.98051995 0.6884691 1.0242808 0.69804585 0.98645765 0.9939465 0.6924865 0.69425094 0.697032 0.9753628 1.0219333 1.0246727 0.98348296 0 0.97720057 0.6924865 1.0087683 0.69425094 0.67654437 0.68621874 0.69022405
0.9980974 0.33237523 0.32462722 0.29012972 0.990942 1.0064689 0.28528675 0.29308018 0.4822209 0.4752159 1.0068517 0.7522039 1.0293922 0.8754896 0.88291705 0.98496884 0.99281836 0.99961257 0.033957258 0.90398026 0.90799636 0.027809257 0.97720057 0 1.002652 0.88780093 1.019204 0.98869646 1.0176488 1.0022715
0.75493515 0.9924427 0.9695119 0.99923354 0.7026252 0.702115 0.97978103 1.0011308 0.9860852 0.9931942 0.46659726 1.0091523 0.47051957 0.98794943 0.9946995 0.70543754 0.70903224 0.7082605 0.9962078 1.0176488 1.0207624 0.99999183 0.6924865 1.002652 0 0.98683035 0.49121448 0.68298006 0.46548036 0.7033912
0.99734104 0.88194406 0.8790327 0.85833514 1.0083846 1.0329514 0.8649598 0.88454145 0.8904187 0.88454145 0.9939465 0.8881276 0.99658537 0.69122875 0.70441365 1.0199828 1.0130024 1.0246727 0.8927168 0.47785875 0.48241112 0.8940332 1.0087683 0.88780093 0.98683035 0 0.99999183 1.0072346 0.9943229 1.0130024
0.7673504 1.0137748 0.9958304 1.0072346 0.7191378 0.71161044 1.0003713 1.0176488 1.019204 1.01146 0.4536691 1.0389212 0.45312 1.0141612 1.0099207 0.7110941 0.7196597 0.7209661 1.0126165 1.025065 1.0278157 1.0207624 0.69425094 1.019204 0.49121448 0.99999183 0 0.697032 0.45881367 0.72253674
0.7554826 0.9842255 0.97316337 1.0041765 0.44565544 0.4336149 1.000751 0.98869646 0.9980974 1.0011308 0.68000287 0.9980974 0.6884691 0.9980974 0.9958304 0.44096002 0.442582 0.44420755 0.97978103 1.0266355 1.0313674 0.98794943 0.67654437 0.98869646 0.68298006 1.0072346 0.697032 0 0.6832287 0.44312346
0.75411475 1.0180373 1.0099207 1.0110749 0.6965256 0.7033912 1.0133885 1.0242808 1.002652 1.018426 0.2880713 1.0278157 0.29071888 1.0037951 1.005704 0.702115 0.7031358 0.70543754 1.0149349 1.0168724 1.0199828 1.0199828 0.68621874 1.0176488 0.46548036 0.9943229 0.45881367 0.6832287 0 0.69022405
0.76651627 0.99999183 0.98832285 1.0022715 0.25968993 0.26181358 1.0022715 1.0118452 1.0003713 1.0034139 0.6904751 0.9969631 0.697032 1.0091523 1.015322 0.25630456 0.25630456 0.25700858 1.0011308 1.0130024 1.0223241 1.0003713 0.69022405 1.0022715 0.7033912 1.0130024 0.72253674 0.44312346 0.69022405 0
