0 0.6186958 0.9801504 0.9977191 0.9962078 0.6033384 0.60692376 0.96190137 0.97316337 0.610075 0.9753628 0.65110177 0.9727974 0.9695119 0.6465887 0.6161901 0.6180116 0.65277135 0.64682555 0.6232732 0.62649405 0.6132396 0.62304366 0.6118817 1.0011308 0.63554007 0.9894442 0.9939465 0.94092345 0.9651536
0.6186958 0 1.0087683 1.0103053 1.0099207 0.33175245 0.3372195 0.96406794 0.9746289 0.3312857 0.99056727 0.6470625 0.9808897 0.9779369 0.65110177 0.33471534 0.33784685 0.6477737 0.64872307 0.21763055 0.22071119 0.33362237 0.5559132 0.3337784 0.98348296 0.63228023 0.9644296 0.98645765 0.9637064 0.9673296
0.9801504 1.0087683 0 0.31345698 0.3119397 1.0203725 1.0365276 1.014548 1.025065 1.0083846 0.1966732 0.9669665 0.1942076 0.19136275 0.99056727 1.0227151 1.0258498 0.98757625 0.9920673 1.0215429 1.0219333 1.0099207 0.99545324 1.0091523 0.8694089 0.95258445 0.8652767 0.8751683 1.0130024 1.0110749
0.9977191 1.0103053 0.31345698 0 0.18034446 1.0361294 1.0341415 1.0118452 1.0164845 1.0203725 0.3189448 0.97867405 0.31528178 0.31209126 1.0049399 1.0337447 1.0353336 1.0034139 1.0087683 1.0215429 1.0258498 1.0337447 1.0157093 1.0349361 0.8881276 0.99357027 0.8790327 0.8855178 1.000751 0.9872032
0.9962078 1.0099207 0.3119397 0.18034446 0 1.025065 1.0286036 1.0168724 1.0219333 1.0137748 0.31300145 0.9838541 0.31072804 0.30650267 0.99545324 1.0180373 1.0219333 0.9950763 0.9969631 1.025065 1.0301816 1.0270288 1.0223241 1.0246727 0.8700467 0.98757625 0.8751683 0.87420535 0.9939465 0.9860852
0.6033384 0.33175245 1.0203725 1.0361294 1.025065 0 0.105596855 0.9626228 0.9783054 0.16961105 1.0130024 0.6353068 0.9969631 0.9980974 0.6320479 0.16798292 0.17111707 0.6336756 0.63228023 0.332531 0.33565342 0.1671077 0.5471509 0.16823317 0.96479154 0.62903446 0.9775687 0.97941184 0.9472615 0.95472425
0.60692376 0.3372195 1.0365276 1.0341415 1.0286036 0.105596855 0 0.9615409 0.97867405 0.17275202 1.0164845 0.6439882 1.000751 0.9977191 0.6353068 0.17136838 0.17350781 0.6360069 0.6343742 0.3348716 0.33768997 0.16885917 0.55277205 0.17099145 0.9680563 0.6267246 0.97024083 0.97206604 0.9500957 0.95080596
0.96190137 0.96406794 1.014548 1.0118452 1.0168724 0.9626228 0.9615409 0 0.10066301 0.97352946 0.98794943 0.98125964 0.98496884 0.97573 0.9713354 0.97426224 0.97867405 0.97243166 0.9727974 0.9738958 0.9753628 0.97352946 0.9662408 0.97573 1.0080011 0.9666036 1.0164845 1.0164845 0.39487758 0.38998386
0.97316337 0.9746289 1.025065 1.0164845 1.0219333 0.9783054 0.97867405 0.10066301 0 0.9857129 0.99545324 0.98496884 0.9931942 0.9857129 0.9808897 0.98496884 0.99056727 0.98794943 0.9853408 0.98832285 0.9901927 0.98348296 0.96769285 0.9845971 0.9939465 0.97499573 1.0076177 1.0164845 0.39403155 0.3965725
0.610075 0.3312857 1.0083846 1.0203725 1.0137748 0.16961105 0.17275202 0.97352946 0.9857129 0 1.01069 0.6442242 0.99658537 0.9920673 0.63928306 0.09236055 0.095988676 0.63857985 0.6378772 0.332531 0.3350279 0.14957027 0.5529811 0.15115887 0.96010065 0.6285719 0.9738958 0.97206604 0.9565121 0.9662408
0.9753628 0.99056727 0.1966732 0.3189448 0.31300145 1.0130024 1.0164845 0.98794943 0.99545324 1.01069 0 0.9666036 0.087175675 0.08426087 0.99847597 1.0137748 1.0160967 0.9958304 1.0030329 0.9977191 1.000751 1.0083846 0.98237044 1.0087683 0.8608519 0.95794547 0.8640098 0.86749893 0.98348296 0.98683035
0.65110177 0.6470625 0.9669665 0.97867405 0.9838541 0.6353068 0.6439882 0.98125964 0.98496884 0.6442242 0.9666036 0 0.953297 0.9511613 0.5856646 0.6484856 0.6470625 0.5874133 0.58785117 0.65948707 0.6640787 0.64635193 0.6604514 0.6444604 0.97352946 0.59246385 0.9901927 1.0099207 0.96226203 0.9687838
0.9727974 0.9808897 0.1942076 0.31528178 0.31072804 0.9969631 1.000751 0.98496884 0.9931942 0.99658537 0.087175675 0.953297 0 0.035004307 0.98757625 0.99999183 1.001891 0.98757625 0.99357027 0.99281836 0.99658537 0.9898184 0.97426224 0.9894442 0.8495923 0.95258445 0.8599071 0.85582674 1.001891 0.98832285
0.9695119 0.9779369 0.19136275 0.31209126 0.30650267 0.9980974 0.9977191 0.97573 0.9857129 0.9920673 0.08426087 0.9511613 0.035004307 0 0.982 0.99999183 1.0015109 0.98051995 0.98496884 0.9939465 0.9969631 0.98794943 0.9691478 0.9901927 0.83972377 0.9500957 0.85959244 0.8508351 0.98832285 0.9827411
0.6465887 0.65110177 0.99056727 1.0049399 0.99545324 0.6320479 0.6353068 0.9713354 0.9808897 0.63928306 0.99847597 0.5856646 0.98757625 0.982 0 0.63975227 0.6439882 0.022226105 0.020888196 0.65564215 0.6590054 0.63881415 0.64116156 0.6376432 1.001891 0.41425672 0.99056727 1.0231062 0.9611805 0.9779369
0.6161901 0.33471534 1.0227151 1.0337447 1.0180373 0.16798292 0.17136838 0.97426224 0.98496884 0.09236055 1.0137748 0.6484856 0.99999183 0.99999183 0.63975227 0 0.021711241 0.63928306 0.63881415 0.3344029 0.33706275 0.14774145 0.549644 0.14981444 0.96298385 0.6362405 0.97978103 0.9816297 0.95794547 0.9695119
0.6180116 0.33784685 1.0258498 1.0353336 1.0219333 0.17111707 0.17350781 0.97867405 0.99056727 0.095988676 1.0160967 0.6470625 1.001891 1.0015109 0.6439882 0.021711241 0 0.6439882 0.6437523 0.33831772 0.34067646 0.14969234 0.5521454 0.15238315 0.96406794 0.63975227 0.9831119 0.9860852 0.9626228 0.9644296
0.65277135 0.6477737 0.98757625 1.0034139 0.9950763 0.6336756 0.6360069 0.97243166 0.98794943 0.63857985 0.9958304 0.5874133 0.98757625 0.98051995 0.022226105 0.63928306 0.6439882 0 0.01627532 0.65516293 0.6580429 0.63998693 0.64233804 0.63834554 1.0003713 0.41826323 0.99357027 1.0282096 0.959741 0.9831119
0.64682555 0.64872307 0.9920673 1.0087683 0.9969631 0.63228023 0.6343742 0.9727974 0.9853408 0.6378772 1.0030329 0.58785117 0.99357027 0.98496884 0.020888196 0.63881415 0.6437523 0.01627532 0 0.65181684 0.65516293 0.6376432 0.6406915 0.6364741 1.0022715 0.4170416 0.9943229 1.0289978 0.9608204 0.9827411
0.6232732 0.21763055 1.0215429 1.0215429 1.025065 0.332531 0.3348716 0.9738958 0.98832285 0.332531 0.9977191 0.65948707 0.99281836 0.9939465 0.65564215 0.3344029 0.33831772 0.65516293 0.65181684 0 0.014743978 0.3305084 0.56626695 0.33004242 1.0015109 0.62903446 0.9939465 1.0060863 0.96406794 0.9666036
0.62649405 0.22071119 1.0219333 1.0258498 1.0301816 0.33565342 0.33768997 0.9753628 0.9901927 0.3350279 1.000751 0.6640787 0.99658537 0.9969631 0.6590054 0.33706275 0.34067646 0.6580429 0.65516293 0.014743978 0 0.33299854 0.5694652 0.3326868 1.0080011 0.63088745 0.9943229 1.01146 0.9680563 0.96334505
0.6132396 0.33362237 1.0099207 1.0337447 1.0270288 0.1671077 0.16885917 0.97352946 0.98348296 0.14957027 1.0083846 0.64635193 0.9898184 0.98794943 0.63881415 0.14774145 0.14969234 0.63998693 0.6376432 0.3305084 0.33299854 0 0.55172795 0.014234225 0.9695119 0.6334428 0.9790429 0.9713354 0.9644296 0.95615417
0.62304366 0.5559132 0.99545324 1.0157093 1.0223241 0.5471509 0.55277205 0.9662408 0.96769285 0.5529811 0.98237044 0.6604514 0.97426224 0.9691478 0.64116156 0.549644 0.5521454 0.64233804 0.6406915 0.56626695 0.5694652 0.55172795 0 0.5533992 0.9691478 0.6339084 0.9709704 0.97426224 0.9583042 0.96334505
0.6118817 0.3337784 1.0091523 1.0349361 1.0246727 0.16823317 0.17099145 0.97573 0.9845971 0.15115887 1.0087683 0.6444604 0.9894442 0.9901927 0.6376432 0.14981444 0.15238315 0.63834554 0.6364741 0.33004242 0.3326868 0.014234225 0.5533992 0 0.96841997 0.63251257 0.97573 0.9727974 0.9658782 0.9554389
1.0011308 0.98348296 0.8694089 0.8881276 0.8700467 0.96479154 0.9680563 1.0080011 0.9939465 0.96010065 0.8608519 0.97352946 0.8495923 0.83972377 1.001891 0.96298385 0.96406794 1.0003713 1.0022715 1.0015109 1.0080011 0.9695119 0.9691478 0.96841997 0 0.9687838 0.44312346 0.4336149 0.98496884 0.96479154
0.63554007 0.63228023 0.95258445 0.99357027 0.98757625 0.62903446 0.6267246 0.9666036 0.97499573 0.6285719 0.95794547 0.59246385 0.95258445 0.9500957 0.41425672 0.6362405 0.63975227 0.41826323 0.4170416 0.62903446 0.63088745 0.6334428 0.6339084 0.63251257 0.9687838 0 0.959741 0.9801504 0.96226203 0.96010065
0.9894442 0.9644296 0.8652767 0.8790327 0.8751683 0.9775687 0.97024083 1.0164845 1.0076177 0.9738958 0.8640098 0.9901927 0.8599071 0.85959244 0.99056727 0.97978103 0.9831119 0.99357027 0.9943229 0.9939465 0.9943229 0.9790429 0.9709704 0.97573 0.44312346 0.959741 0 0.3758215 0.98794943 0.97426224
0.9939465 0.98645765 0.8751683 0.8855178 0.87420535 0.97941184 0.97206604 1.0164845 1.0164845 0.97206604 0.86749893 1.0099207 0.85582674 0.8508351 1.0231062 0.9816297 0.9860852 1.0282096 1.0289978 1.0060863 1.01146 0.9713354 0.97426224 0.9727974 0.4336149 0.9801504 0.3758215 0 0.9924427 0.99885464
0.94092345 0.9637064 1.0130024 1.000751 0.9939465 0.9472615 0.9500957 0.39487758 0.39403155 0.9565121 0.98348296 0.96226203 1.001891 0.98832285 0.9611805 0.95794547 0.9626228 0.959741 0.9608204 0.96406794 0.9680563 0.9644296 0.9583042 0.9658782 0.98496884 0.96226203 0.98794943 0.9924427 0 0.35306293
0.9651536 0.9673296 1.0110749 0.9872032 0.9860852 0.95472425 0.95080596 0.38998386 0.3965725 0.9662408 0.98683035 0.9687838 0.98832285 0.9827411 0.9779369 0.9695119 0.9644296 0.9831119 0.9827411 0.9666036 0.96334505 0.95615417 0.96334505 0.9554389 0.96479154 0.96010065 0.97426224 0.99885464 0.35306293 0
