0 0.99658537 0.8047084 0.80587894 0.80500084 0.79656565 0.9962078 0.9816297 0.98496884 0.9845971 0.9898184 0.811759 0.9853408 0.99999183 1.005704 1.0110749 1.0034139 0.99056727 0.99169195 1.0118452 1.01146 0.9980974 0.9950763 1.0022715 1.01146 0.7845149 0.79339075 0.81977093 0.80646485 0.98496884
0.99658537 0 0.98757625 1.0080011 0.9898184 0.9894442 0.84095025 0.9184719 0.9167723 0.9225665 0.8502134 1.0015109 0.8468036 0.83849925 0.8400302 0.84402525 0.83697146 0.7890828 0.7893693 0.83849925 0.8388052 0.8400302 0.7980132 0.8406434 0.80851924 0.99056727 0.9924427 0.9872032 0.9608204 0.39963302
0.8047084 0.98757625 0 0.3465266 0.34462425 0.34494096 0.98683035 1.0060863 0.99847597 1.0110749 0.9860852 0.491022 0.98237044 0.97024083 0.96769285 0.97316337 0.9977191 0.97024083 0.97206604 0.9808897 0.9831119 0.98907024 0.97720057 0.9845971 0.99281836 0.6570817 0.67629796 0.66796726 0.66504896 0.99885464
0.80587894 1.0080011 0.3465266 0 0.25954857 0.25926593 1.0030329 1.0095364 1.0080011 1.0087683 0.9980974 0.49044484 1.002652 0.99056727 1.0011308 0.99961257 0.99923354 0.990942 0.9950763 1.005704 0.9969631 0.9920673 1.0015109 0.98869646 0.99734104 0.6606927 0.67975533 0.6785187 0.6770375 1.0041765
0.80500084 0.9898184 0.34462425 0.25954857 0 0.25083572 0.9898184 1.0068517 0.9958304 0.9950763 0.9790429 0.48603475 0.9842255 0.96841997 0.9727974 0.97978103 0.98907024 0.9666036 0.9658782 0.9860852 0.9790429 0.9801504 0.982 0.9790429 0.9779369 0.6563616 0.6723661 0.68149 0.6733471 0.9872032
0.79656565 0.9894442 0.34494096 0.25926593 0.25083572 0 0.990942 0.990942 0.98683035 0.9898184 0.98832285 0.4890999 0.9872032 0.9857129 0.9842255 0.99357027 0.9808897 0.98496884 0.982 0.99545324 0.9950763 0.97978103 0.9727974 0.9808897 0.990942 0.65852404 0.67531306 0.675067 0.6713863 0.9695119
0.9962078 0.84095025 0.98683035 1.0030329 0.9898184 0.990942 0 0.9100125 0.93116945 0.9256522 0.549644 0.9842255 0.5454935 0.5380799 0.54013187 0.5423956 0.5531901 0.8483516 0.83911127 0.2188345 0.21669547 0.5434268 0.84525883 0.5481887 0.8388052 0.9962078 1.0223241 1.0095364 1.002652 0.85645306
0.9816297 0.9184719 1.0060863 1.0095364 1.0068517 0.990942 0.9100125 0 0.21429633 0.21363124 0.91915274 0.9680563 0.93255514 0.91169673 0.9133848 0.9218825 0.9253087 0.93082345 0.9184719 0.90665525 0.90031767 0.9123715 0.9395222 0.91711193 0.91915274 0.9775687 0.9946995 1.0130024 1.0091523 0.9113596
0.98496884 0.9167723 0.99847597 1.0080011 0.9958304 0.98683035 0.93116945 0.21429633 0 0.1295755 0.9287507 0.96769285 0.94867724 0.9232511 0.9218825 0.93672764 0.93777436 0.90933985 0.9029796 0.92393637 0.9256522 0.91575444 0.9419761 0.9222244 0.9019803 0.9901927 1.0011308 0.99961257 0.99734104 0.9229087
0.9845971 0.9225665 1.0110749 1.0087683 0.9950763 0.9898184 0.9256522 0.21363124 0.1295755 0 0.9259958 0.98051995 0.9419761 0.9167723 0.92154074 0.9270277 0.93987226 0.92393637 0.910349 0.92359364 0.9249654 0.91711193 0.94232726 0.92119914 0.91779155 0.9816297 1.0045581 1.0130024 0.9898184 0.9270277
0.9898184 0.8502134 0.9860852 0.9980974 0.9790429 0.98832285 0.549644 0.91915274 0.9287507 0.9259958 0 0.9838541 0.09405905 0.24222292 0.23932795 0.24374379 0.39065698 0.8545757 0.8474224 0.5415716 0.5389 0.38629258 0.84495026 0.39065698 0.853951 0.97941184 1.002652 1.0003713 0.9950763 0.85959244
0.811759 1.0015109 0.491022 0.49044484 0.48603475 0.4890999 0.9842255 0.9680563 0.96769285 0.98051995 0.9838541 0 0.97426224 0.9860852 0.9920673 0.98645765 0.9872032 0.9611805 0.96190137 0.9939465 0.97978103 0.9775687 0.99734104 0.98496884 0.9842255 0.65181684 0.6682109 0.6626257 0.6604514 0.990942
0.9853408 0.8468036 0.98237044 1.002652 0.9842255 0.9872032 0.5454935 0.93255514 0.94867724 0.9419761 0.09405905 0.97426224 0 0.23822805 0.23562221 0.24042948 0.392005 0.8545757 0.8502134 0.537875 0.5362379 0.3872975 0.84402525 0.39065698 0.85864925 0.97426224 1.0122308 0.9853408 0.9977191 0.85114604
0.99999183 0.83849925 0.97024083 0.99056727 0.96841997 0.9857129 0.5380799 0.91169673 0.9232511 0.9167723 0.24222292 0.9860852 0.23822805 0 0.07713387 0.07624774 0.39335543 0.8468036 0.8474224 0.5368514 0.53297436 0.38947943 0.8455675 0.39133066 0.8599071 0.9827411 1.0118452 1.000751 0.99734104 0.8461853
1.005704 0.8400302 0.96769285 1.0011308 0.9727974 0.9842255 0.54013187 0.9133848 0.9218825 0.92154074 0.23932795 0.9920673 0.23562221 0.07713387 0 0.07051326 0.38964754 0.84433347 0.84525883 0.5386949 0.5368514 0.38679487 0.8424862 0.3884716 0.8567664 0.98496884 1.01069 1.0091523 1.0037951 0.8461853
1.0110749 0.84402525 0.97316337 0.99961257 0.97978103 0.99357027 0.5423956 0.9218825 0.93672764 0.9270277 0.24374379 0.98645765 0.24042948 0.07624774 0.07051326 0 0.38897535 0.84525883 0.8474224 0.5423956 0.54054296 0.38629258 0.8483516 0.38796818 0.85864925 0.9838541 1.0266355 1.0087683 1.0037951 0.8489717
1.0034139 0.83697146 0.9977191 0.99923354 0.98907024 0.9808897 0.5531901 0.9253087 0.93777436 0.93987226 0.39065698 0.9872032 0.392005 0.39335543 0.38964754 0.38897535 0 0.8599071 0.8567664 0.54611456 0.5399264 0.07304426 0.8514572 0.07536265 0.8636934 0.98125964 1.0219333 1.0195932 1.0141612 0.85520095
0.99056727 0.7890828 0.97024083 0.990942 0.9666036 0.98496884 0.8483516 0.93082345 0.90933985 0.92393637 0.8545757 0.9611805 0.8545757 0.8468036 0.84433347 0.84525883 0.8599071 0 0.05528873 0.8468036 0.84217876 0.85833514 0.5494359 0.85864925 0.5413658 0.9901927 0.99847597 1.0080011 0.97243166 0.7945437
0.99169195 0.7893693 0.97206604 0.9950763 0.9658782 0.982 0.83911127 0.9184719 0.9029796 0.910349 0.8474224 0.96190137 0.8502134 0.8474224 0.84525883 0.8474224 0.8567664 0.05528873 0 0.84125715 0.83788776 0.8545757 0.54322046 0.8545757 0.54054296 0.9901927 0.99999183 0.99999183 0.9680563 0.791952
1.0118452 0.83849925 0.9808897 1.005704 0.9860852 0.99545324 0.2188345 0.90665525 0.92393637 0.92359364 0.5415716 0.9939465 0.537875 0.5368514 0.5386949 0.5423956 0.54611456 0.8468036 0.84125715 0 0.0435397 0.5423956 0.8455675 0.54652894 0.8461853 0.98348296 1.0157093 1.018426 0.9901927 0.86559373
1.01146 0.8388052 0.9831119 0.9969631 0.9790429 0.9950763 0.21669547 0.90031767 0.9256522 0.9249654 0.5389 0.97978103 0.5362379 0.53297436 0.5368514 0.54054296 0.5399264 0.84217876 0.83788776 0.0435397 0 0.53726065 0.8406434 0.5415716 0.83849925 0.98496884 1.0195932 1.0238891 0.98832285 0.85959244
0.9980974 0.8400302 0.98907024 0.9920673 0.9801504 0.97978103 0.5434268 0.9123715 0.91575444 0.91711193 0.38629258 0.9775687 0.3872975 0.38947943 0.38679487 0.38629258 0.07304426 0.85833514 0.8545757 0.5423956 0.53726065 0 0.84187144 0.02325689 0.853951 0.97206604 0.99734104 1.0110749 0.9977191 0.8455675
0.9950763 0.7980132 0.97720057 1.0015109 0.982 0.9727974 0.84525883 0.9395222 0.9419761 0.94232726 0.84495026 0.99734104 0.84402525 0.8455675 0.8424862 0.8483516 0.8514572 0.5494359 0.54322046 0.8455675 0.8406434 0.84187144 0 0.8406434 0.47804788 0.9845971 1.0246727 1.0091523 0.98794943 0.79598737
1.0022715 0.8406434 0.9845971 0.98869646 0.9790429 0.9808897 0.5481887 0.91711193 0.9222244 0.92119914 0.39065698 0.98496884 0.39065698 0.39133066 0.3884716 0.38796818 0.07536265 0.85864925 0.8545757 0.54652894 0.5415716 0.02325689 0.8406434 0 0.8592779 0.9783054 1.0076177 1.014548 0.99961257 0.85207987
1.01146 0.80851924 0.99281836 0.99734104 0.9779369 0.990942 0.8388052 0.91915274 0.9019803 0.91779155 0.853951 0.9842255 0.85864925 0.8599071 0.8567664 0.85864925 0.8636934 0.5413658 0.54054296 0.8461853 0.83849925 0.853951 0.47804788 0.8592779 0 0.9857129 0.99999183 0.9842255 0.97720057 0.7928149
0.7845149 0.99056727 0.6570817 0.6606927 0.6563616 0.65852404 0.9962078 0.9775687 0.9901927 0.9816297 0.97941184 0.65181684 0.97426224 0.9827411 0.98496884 0.9838541 0.98125964 0.9901927 0.9901927 0.98348296 0.98496884 0.97206604 0.9845971 0.9783054 0.9857129 0 0.43575725 0.65181684 0.64682555 0.9637064
0.79339075 0.9924427 0.67629796 0.67975533 0.6723661 0.67531306 1.0223241 0.9946995 1.0011308 1.0045581 1.002652 0.6682109 1.0122308 1.0118452 1.01069 1.0266355 1.0219333 0.99847597 0.99999183 1.0157093 1.0195932 0.99734104 1.0246727 1.0076177 0.99999183 0.43575725 0 0.684224 0.66748005 0.9894442
0.81977093 0.9872032 0.66796726 0.6785187 0.68149 0.675067 1.0095364 1.0130024 0.99961257 1.0130024 1.0003713 0.6626257 0.9853408 1.000751 1.0091523 1.0087683 1.0195932 1.0080011 0.99999183 1.018426 1.0238891 1.0110749 1.0091523 1.014548 0.9842255 0.65181684 0.684224 0 0.4461991 0.99923354
0.80646485 0.9608204 0.66504896 0.6770375 0.6733471 0.6713863 1.002652 1.0091523 0.99734104 0.9898184 0.9950763 0.6604514 0.9977191 0.99734104 1.0037951 1.0037951 1.0141612 0.97243166 0.9680563 0.9901927 0.98832285 0.9977191 0.98794943 0.99961257 0.97720057 0.64682555 0.66748005 0.4461991 0 0.9687838
0.98496884 0.39963302 0.99885464 1.0041765 0.9872032 0.9695119 0.85645306 0.9113596 0.9229087 0.9270277 0.85959244 0.990942 0.85114604 0.8461853 0.8461853 0.8489717 0.85520095 0.7945437 0.791952 0.86559373 0.85959244 0.8455675 0.79598737 0.85207987 0.7928149 0.9637064 0.9894442 0.99923354 0.9687838 0
