0 0.9687838 0.99999183 1.0365276 0.9753628 1.0238891 1.0409217 0.9430302 0.9658782 0.97720057 0.9608204 0.806758 1.030972 1.01069 1.0091523 0.8754896 0.86749893 0.9845971 0.98645765 0.97499573 0.97316337 1.0110749 0.9583042 1.0110749 0.864643 0.85833514 0.98869646 1.0022715 0.97609735 0.97426224
0.9687838 0 0.39572456 1.0060863 0.88064873 1.0188149 1.0149349 0.46084443 0.45918247 0.86591095 0.86972773 0.95258445 1.0003713 1.0080011 0.99999183 0.97609735 0.96226203 0.8783872 0.87581104 0.38679487 0.38712993 1.0130024 0.8523914 1.0087683 0.9644296 0.95294064 0.98757625 1.0227151 0.8461853 0.4558696
0.99999183 0.39572456 0 1.0405211 0.8999856 1.0389212 1.0429276 0.47785875 0.469958 0.8973342 0.8963424 0.9969631 1.001891 1.0034139 0.98869646 0.98051995 0.97243166 0.88780093 0.8923881 0.3841199 0.3856234 1.0262426 0.8907466 1.0258498 1.0034139 0.982 1.002652 1.0417235 0.8858435 0.48013148
1.0365276 1.0060863 1.0405211 0 1.0141612 0.3447826 0.34193748 0.9931942 0.99056727 1.001891 1.0122308 1.0301816 0.5111116 0.51388425 0.5091374 0.99961257 0.99056727 1.0286036 1.0172604 1.0126165 1.0118452 0.51886106 1.01146 0.51607 1.0137748 1.0011308 0.513091 0.4660386 0.9857129 1.0041765
0.9753628 0.88064873 0.8999856 1.0141612 0 0.9977191 1.0053219 0.86337715 0.88226825 0.38696238 0.38645998 0.9738958 0.98794943 0.9853408 0.9768326 0.9857129 0.97573 0.25097546 0.25363526 0.88259256 0.8855178 0.9931942 0.74704176 0.9931942 0.982 0.98496884 0.98907024 0.98869646 0.42863977 0.8719632
1.0238891 1.0188149 1.0389212 0.3447826 0.9977191 0 0.24832502 0.98237044 0.98348296 1.002652 1.0126165 1.0227151 0.51547325 0.5204606 0.5140827 1.015322 1.0045581 1.019204 1.0130024 1.0099207 1.0041765 0.52810556 1.0091523 0.52689326 1.0103053 1.0091523 0.5184617 0.47597006 0.98869646 0.99923354
1.0409217 1.0149349 1.0429276 0.34193748 1.0053219 0.24832502 0 1.0037951 0.99734104 1.0176488 1.0176488 1.0365276 0.5103213 0.5174642 0.515871 1.0246727 1.014548 1.0361294 1.0266355 1.0215429 1.018426 0.5200604 1.0011308 0.51806253 1.0234975 1.0341415 0.51786304 0.47220686 1.0015109 1.015322
0.9430302 0.46084443 0.47785875 0.9931942 0.86337715 0.98237044 1.0037951 0 0.16585916 0.864643 0.8694089 0.9458484 0.9695119 0.9860852 0.9816297 0.94620144 0.9360306 0.86179787 0.863061 0.46548036 0.46510842 0.990942 0.8611671 0.9920673 0.9680563 0.9472615 0.9680563 0.9969631 0.86148244 0.40424737
0.9658782 0.45918247 0.469958 0.99056727 0.88226825 0.98348296 0.99734104 0.16585916 0 0.8716434 0.8754896 0.94549555 0.953297 0.97243166 0.9626228 0.96010065 0.94514287 0.8754896 0.87484723 0.46084443 0.46029004 0.9842255 0.8713238 0.9831119 0.9695119 0.9604604 0.97426224 0.9958304 0.85833514 0.4004854
0.97720057 0.86591095 0.8973342 1.001891 0.38696238 1.002652 1.0176488 0.864643 0.8716434 0 0.086277604 0.9695119 0.982 0.9790429 0.97867405 0.98757625 0.9746289 0.3930176 0.39369342 0.8842163 0.88291705 0.99999183 0.7478545 0.99847597 0.99734104 0.9898184 0.9662408 0.9894442 0.41512588 0.8684533
0.9608204 0.86972773 0.8963424 1.0122308 0.38645998 1.0126165 1.0176488 0.8694089 0.8754896 0.086277604 0 0.9768326 0.9872032 0.9898184 0.9838541 0.99357027 0.98125964 0.39453906 0.39487758 0.8887815 0.88910866 1.000751 0.7427221 0.99885464 0.99281836 0.99131685 0.9727974 0.99847597 0.41443047 0.87324363
0.806758 0.95258445 0.9969631 1.0301816 0.9738958 1.0227151 1.0365276 0.9458484 0.94549555 0.9695119 0.9768326 0 0.9977191 0.990942 0.98907024 0.85114604 0.8388052 0.98125964 0.97978103 0.96406794 0.9746289 0.9950763 0.97499573 0.99281836 0.8499028 0.84279376 0.9901927 1.0254573 0.97206604 0.97206604
1.030972 1.0003713 1.001891 0.5111116 0.98794943 0.51547325 0.5103213 0.9695119 0.953297 0.982 0.9872032 0.9977191 0 0.08638981 0.08180332 0.9943229 0.9768326 1.0015109 1.0011308 0.96479154 0.96298385 0.19589372 0.98794943 0.19576387 0.9980974 0.9764649 0.46325153 0.50579315 0.98496884 0.98907024
1.01069 1.0080011 1.0034139 0.51388425 0.9853408 0.5204606 0.5174642 0.9860852 0.97243166 0.9790429 0.9898184 0.990942 0.08638981 0 0.061992925 0.9958304 0.97609735 1.001891 1.002652 0.9680563 0.96841997 0.19836488 0.9962078 0.19836488 0.98683035 0.97024083 0.46958384 0.5083492 0.97941184 0.9920673
1.0091523 0.99999183 0.98869646 0.5091374 0.9768326 0.5140827 0.515871 0.9816297 0.9626228 0.97867405 0.9838541 0.98907024 0.08180332 0.061992925 0 0.9946995 0.9768326 0.9962078 0.9969631 0.95294064 0.9554389 0.19550428 0.9845971 0.1953745 0.9845971 0.9713354 0.46455088 0.5103213 0.9738958 0.99847597
0.8754896 0.97609735 0.98051995 0.99961257 0.9857129 1.015322 1.0246727 0.94620144 0.96010065 0.98757625 0.99357027 0.85114604 0.9943229 0.9958304 0.9946995 0 0.042057484 1.0103053 1.0149349 0.96010065 0.9615409 0.9943229 0.99961257 0.9962078 0.6015522 0.6141462 0.9924427 1.0274222 0.97316337 0.97499573
0.86749893 0.96226203 0.97243166 0.99056727 0.97573 1.0045581 1.014548 0.9360306 0.94514287 0.9746289 0.98125964 0.8388052 0.9768326 0.97609735 0.9768326 0.042057484 0 0.99999183 1.0034139 0.94127417 0.94232726 0.97867405 0.9860852 0.9790429 0.6011063 0.6093986 0.9790429 1.015322 0.9698763 0.9575869
0.9845971 0.8783872 0.88780093 1.0286036 0.25097546 1.019204 1.0361294 0.86179787 0.8754896 0.3930176 0.39453906 0.98125964 1.0015109 1.001891 0.9962078 1.0103053 0.99999183 0 0.03521389 0.8719632 0.87645423 1.0037951 0.77153486 1.0041765 0.9860852 0.9980974 0.99923354 1.0099207 0.4297031 0.86718106
0.98645765 0.87581104 0.8923881 1.0172604 0.25363526 1.0130024 1.0266355 0.863061 0.87484723 0.39369342 0.39487758 0.97978103 1.0011308 1.002652 0.9969631 1.0149349 1.0034139 0.03521389 0 0.8738847 0.8790327 0.99999183 0.7743376 1.0011308 0.9838541 0.9969631 0.9962078 1.0080011 0.42988047 0.8662283
0.97499573 0.38679487 0.3841199 1.0126165 0.88259256 1.0099207 1.0215429 0.46548036 0.46084443 0.8842163 0.8887815 0.96406794 0.96479154 0.9680563 0.95294064 0.96010065 0.94127417 0.8719632 0.8738847 0 0.022947505 0.98869646 0.87484723 0.98794943 0.9790429 0.97499573 0.97720057 1.0060863 0.85896355 0.47333384
0.97316337 0.38712993 0.3856234 1.0118452 0.8855178 1.0041765 1.018426 0.46510842 0.46029004 0.88291705 0.88910866 0.9746289 0.96298385 0.96841997 0.9554389 0.9615409 0.94232726 0.87645423 0.8790327 0.022947505 0 0.9872032 0.8726031 0.98683035 0.97609735 0.9727974 0.9764649 1.0053219 0.85864925 0.47389796
1.0110749 1.0130024 1.0262426 0.51886106 0.9931942 0.52810556 0.5200604 0.990942 0.9842255 0.99999183 1.000751 0.9950763 0.19589372 0.19836488 0.19550428 0.9943229 0.97867405 1.0037951 0.99999183 0.98869646 0.9872032 0 0.99658537 0.0076387688 0.99847597 0.99169195 0.47634742 0.50874317 0.9894442 1.0011308
0.9583042 0.8523914 0.8907466 1.01146 0.74704176 1.0091523 1.0011308 0.8611671 0.8713238 0.7478545 0.7427221 0.97499573 0.98794943 0.9962078 0.9845971 0.99961257 0.9860852 0.77153486 0.7743376 0.87484723 0.8726031 0.99658537 0 0.99169195 0.9898184 0.99999183 0.97316337 1.0164845 0.7527494 0.87324363
1.0110749 1.0087683 1.0258498 0.51607 0.9931942 0.52689326 0.51806253 0.9920673 0.9831119 0.99847597 0.99885464 0.99281836 0.19576387 0.19836488 0.1953745 0.9962078 0.9790429 1.0041765 1.0011308 0.98794943 0.98683035 0.0076387688 0.99169195 0 0.9980974 0.9872032 0.47502747 0.50874317 0.98757625 0.99847597
0.864643 0.9644296 1.0034139 1.0137748 0.982 1.0103053 1.0234975 0.9680563 0.9695119 0.99734104 0.99281836 0.8499028 0.9980974 0.98683035 0.9845971 0.6015522 0.6011063 0.9860852 0.9838541 0.9790429 0.97609735 0.99847597 0.9898184 0.9980974 0 0.62373245 1.0141612 1.0188149 0.98832285 0.98794943
0.85833514 0.95294064 0.982 1.0011308 0.98496884 1.0091523 1.0341415 0.9472615 0.9604604 0.9898184 0.99131685 0.84279376 0.9764649 0.97024083 0.9713354 0.6141462 0.6093986 0.9980974 0.9969631 0.97499573 0.9727974 0.99169195 0.99999183 0.9872032 0.62373245 0 0.9901927 1.0095364 0.9658782 0.97499573
0.98869646 0.98757625 1.002652 0.513091 0.98907024 0.5184617 0.51786304 0.9680563 0.97426224 0.9662408 0.9727974 0.9901927 0.46325153 0.46958384 0.46455088 0.9924427 0.9790429 0.99923354 0.9962078 0.97720057 0.9764649 0.47634742 0.97316337 0.47502747 1.0141612 0.9901927 0 0.5204606 0.96841997 0.99281836
1.0022715 1.0227151 1.0417235 0.4660386 0.98869646 0.47597006 0.47220686 0.9969631 0.9958304 0.9894442 0.99847597 1.0254573 0.50579315 0.5083492 0.5103213 1.0274222 1.015322 1.0099207 1.0080011 1.0060863 1.0053219 0.50874317 1.0164845 0.50874317 1.0188149 1.0095364 0.5204606 0 1.0076177 1.0133885
0.97609735 0.8461853 0.8858435 0.9857129 0.42863977 0.98869646 1.0015109 0.86148244 0.85833514 0.41512588 0.41443047 0.97206604 0.98496884 0.97941184 0.9738958 0.97316337 0.9698763 0.4297031 0.42988047 0.85896355 0.85864925 0.9894442 0.7527494 0.98757625 0.98832285 0.9658782 0.96841997 1.0076177 0 0.86148244
0.97426224 0.4558696 0.48013148 1.0041765 0.8719632 0.99923354 1.015322 0.40424737 0.4004854 0.8684533 0.87324363 0.97206604 0.98907024 0.9920673 0.99847597 0.97499573 0.9575869 0.86718106 0.8662283 0.47333384 0.47389796 1.0011308 0.87324363 0.99847597 0.98794943 0.97499573 0.99281836 1.0133885 0.86148244 0
