0 1.0083846 0.69148016 0.68796843 0.6867182 0.7023701 0.6904751 0.99169195 0.80910724 0.99357027 0.990942 0.80705124 0.82276016 0.800626 0.5804426 0.58239657 0.582614 0.58304906 0.814124 0.80120784 0.79830307 0.80851924 0.59092313 0.8111689 0.6904751 1.0477637 1.0289978 0.57267725 0.56393015 0.9831119
1.0083846 0 1.0080011 1.0041765 0.97941184 1.0160967 1.0329514 0.5266914 1.0227151 0.5287124 0.52186304 1.0254573 1.0353336 1.025065 0.9946995 0.99658537 0.99281836 0.9898184 1.0421246 1.0234975 1.0270288 1.0389212 1.0130024 1.0413225 1.0095364 0.88943595 0.8963424 1.0099207 0.9853408 0.31863886
0.69148016 1.0080011 0 0.32216468 0.3122429 0.70954716 0.6988071 1.0238891 0.81087404 1.0122308 0.99961257 0.81590265 0.81709075 0.80529344 0.67555916 0.6782716 0.680994 0.6770375 0.8224607 0.81323624 0.8114639 0.8191745 0.6937464 0.8179831 0.46010533 1.0413225 1.0087683 0.6884691 0.67016345 1.0041765
0.68796843 1.0041765 0.32216468 0 0.30394885 0.7098048 0.69399863 1.0160967 0.79109013 1.0022715 0.9958304 0.81323624 0.80587894 0.81087404 0.6770375 0.6785187 0.6847222 0.6760516 0.80851924 0.8094014 0.811759 0.806758 0.6960195 0.8076381 0.4500159 1.0437315 1.0262426 0.6894714 0.66553456 0.98645765
0.6867182 0.97941184 0.3122429 0.30394885 0 0.69349426 0.69173163 0.9931942 0.7830931 0.98683035 0.9816297 0.7945437 0.799754 0.7968549 0.6684547 0.67089695 0.67212105 0.6672366 0.7977235 0.79917336 0.8038317 0.793967 0.68198633 0.79540956 0.45111 1.0223241 1.0118452 0.67359257 0.6570817 0.9727974
0.7023701 1.0160967 0.70954716 0.7098048 0.69349426 0 0.28134742 0.99169195 0.829681 1.0022715 0.9950763 0.8263631 0.84310144 0.84187144 0.70543754 0.70415795 0.7139384 0.7085177 0.8339251 0.8400302 0.83972377 0.8293787 0.6852207 0.8278694 0.70160514 1.0724235 1.0616379 0.68721807 0.68972224 0.9950763
0.6904751 1.0329514 0.6988071 0.69399863 0.69173163 0.28134742 0 1.01069 0.8120542 1.015322 0.99961257 0.81709075 0.81323624 0.8153093 0.6950084 0.69198316 0.702115 0.6922348 0.81382793 0.82546073 0.82546073 0.8102846 0.67926043 0.8105793 0.71032023 1.0421246 1.0301816 0.6795078 0.67163116 1.0041765
0.99169195 0.5266914 1.0238891 1.0160967 0.9931942 0.99169195 1.01069 0 1.0188149 0.26922247 0.26707777 1.0126165 1.0301816 1.0110749 0.99056727 0.990942 0.99169195 0.99281836 1.0234975 1.0141612 1.0157093 1.0137748 1.0176488 1.0188149 1.0168724 0.8923881 0.9006499 0.9775687 0.9658782 0.51886106
0.80910724 1.0227151 0.81087404 0.79109013 0.7830931 0.829681 0.8120542 1.0188149 0 1.0118452 1.0160967 0.5200604 0.2702254 0.26893613 0.80529344 0.8096957 0.8120542 0.8023729 0.2625228 0.27094263 0.27008206 0.26294866 0.7980132 0.26422766 0.83180004 1.0377234 1.0365276 0.80500084 0.78394586 1.0149349
0.99357027 0.5287124 1.0122308 1.0022715 0.98683035 1.0022715 1.015322 0.26922247 1.0118452 0 0.22084542 1.0164845 1.0274222 1.0122308 0.9901927 0.9939465 0.9845971 0.9838541 1.0203725 1.01146 1.01146 1.0122308 1.002652 1.0195932 0.98907024 0.8914027 0.88682157 0.97609735 0.97352946 0.5264896
0.990942 0.52186304 0.99961257 0.9958304 0.9816297 0.9950763 0.99961257 0.26707777 1.0160967 0.22084542 0 1.0176488 1.0393208 1.0141612 1.0041765 1.0087683 0.99734104 0.99169195 1.0262426 1.019204 1.0172604 1.0207624 0.9853408 1.0266355 0.9894442 0.8874743 0.88616943 0.9709704 0.9687838 0.5202605
0.80705124 1.0254573 0.81590265 0.81323624 0.7945437 0.8263631 0.81709075 1.0126165 0.5200604 1.0164845 1.0176488 0 0.5291173 0.5194605 0.83180004 0.83636117 0.8275679 0.8203678 0.5196604 0.52387106 0.52527994 0.5198604 0.8096957 0.52226424 0.8188765 1.0353336 1.0413225 0.8082254 0.79598737 1.0072346
0.82276016 1.0353336 0.81709075 0.80587894 0.799754 0.84310144 0.81323624 1.0301816 0.2702254 1.0274222 1.0393208 0.5291173 0 0.22528848 0.829681 0.82877463 0.83240664 0.8242593 0.1465247 0.22636956 0.2255586 0.14482458 0.79483217 0.1457956 0.8278694 1.0305767 1.0421246 0.8114639 0.7913773 1.0445362
0.800626 1.025065 0.80529344 0.81087404 0.7968549 0.84187144 0.8153093 1.0110749 0.26893613 1.0122308 1.0141612 0.5194605 0.22528848 0 0.811759 0.8120542 0.812645 0.80910724 0.21442941 0.10169299 0.10100618 0.21403022 0.7913773 0.21522841 0.8357514 1.0227151 1.0254573 0.800626 0.7885103 1.0227151
0.5804426 0.9946995 0.67555916 0.6770375 0.6684547 0.70543754 0.6950084 0.99056727 0.80529344 0.9901927 1.0041765 0.83180004 0.829681 0.811759 0 0.052387785 0.09872133 0.09780934 0.82186216 0.8105793 0.81234956 0.8164965 0.5289148 0.82066643 0.69753873 1.0405211 1.0417235 0.52346903 0.51806253 0.9779369
0.58239657 0.99658537 0.6782716 0.6785187 0.67089695 0.70415795 0.69198316 0.990942 0.8096957 0.9939465 1.0087683 0.83636117 0.82877463 0.8120542 0.052387785 0 0.09746763 0.0957614 0.8236593 0.80851924 0.8114639 0.8191745 0.5287124 0.82156307 0.7023701 1.0481682 1.0534456 0.52952236 0.5202605 0.98794943
0.582614 0.99281836 0.680994 0.6847222 0.67212105 0.7139384 0.702115 0.99169195 0.8120542 0.9845971 0.99734104 0.8275679 0.83240664 0.812645 0.09872133 0.09746763 0 0.05884963 0.82276016 0.81087404 0.81382793 0.8156059 0.5352165 0.8164965 0.69779223 1.0530384 1.0453417 0.5277012 0.5220636 0.97352946
0.58304906 0.9898184 0.6770375 0.6760516 0.6672366 0.7085177 0.6922348 0.99281836 0.8023729 0.9838541 0.99169195 0.8203678 0.8242593 0.80910724 0.09780934 0.0957614 0.05884963 0 0.8156059 0.80705124 0.80910724 0.8096957 0.53094184 0.8111689 0.69753873 1.0477637 1.0341415 0.5287124 0.52367 0.9764649
0.814124 1.0421246 0.8224607 0.80851924 0.7977235 0.8339251 0.81382793 1.0234975 0.2625228 1.0203725 1.0262426 0.5196604 0.1465247 0.21442941 0.82186216 0.8236593 0.82276016 0.8156059 0 0.21803166 0.21803166 0.020477012 0.793967 0.021299606 0.8257614 1.0293922 1.0429276 0.8096957 0.7916646 1.0437315
0.80120784 1.0234975 0.81323624 0.8094014 0.79917336 0.8400302 0.82546073 1.0141612 0.27094263 1.01146 1.019204 0.52387106 0.22636956 0.10169299 0.8105793 0.80851924 0.81087404 0.80705124 0.21803166 0 0.018731989 0.21763055 0.79483217 0.21789792 0.829681 1.0365276 1.0349361 0.8105793 0.79656565 1.0130024
0.79830307 1.0270288 0.8114639 0.811759 0.8038317 0.83972377 0.82546073 1.0157093 0.27008206 1.01146 1.0172604 0.52527994 0.2255586 0.10100618 0.81234956 0.8114639 0.81382793 0.80910724 0.21803166 0.018731989 0 0.21749689 0.79656565 0.21776423 0.8278694 1.0317632 1.0325551 0.80646485 0.79540956 1.0141612
0.80851924 1.0389212 0.8191745 0.806758 0.793967 0.8293787 0.8102846 1.0137748 0.26294866 1.0122308 1.0207624 0.5198604 0.14482458 0.21403022 0.8164965 0.8191745 0.8156059 0.8096957 0.020477012 0.21763055 0.21749689 0 0.7916646 0.0108785145 0.82335943 1.0199828 1.0433295 0.80587894 0.7876524 1.0405211
0.59092313 1.0130024 0.6937464 0.6960195 0.68198633 0.6852207 0.67926043 1.0176488 0.7980132 1.002652 0.9853408 0.8096957 0.79483217 0.7913773 0.5289148 0.5287124 0.5352165 0.53094184 0.793967 0.79483217 0.79656565 0.7916646 0 0.7896558 0.700841 1.0313674 1.0254573 0.4746508 0.45770827 0.9950763
0.8111689 1.0413225 0.8179831 0.8076381 0.79540956 0.8278694 0.8105793 1.0188149 0.26422766 1.0195932 1.0266355 0.52226424 0.1457956 0.21522841 0.82066643 0.82156307 0.8164965 0.8111689 0.021299606 0.21789792 0.21776423 0.0108785145 0.7896558 0 0.8224607 1.0238891 1.0433295 0.806758 0.7893693 1.0433295
0.6904751 1.0095364 0.46010533 0.4500159 0.45111 0.70160514 0.71032023 1.0168724 0.83180004 0.98907024 0.9894442 0.8188765 0.8278694 0.8357514 0.69753873 0.7023701 0.69779223 0.69753873 0.8257614 0.829681 0.8278694 0.82335943 0.700841 0.8224607 0 1.0453417 1.025065 0.69173163 0.6802505 0.99131685
1.0477637 0.88943595 1.0413225 1.0437315 1.0223241 1.0724235 1.0421246 0.8923881 1.0377234 0.8914027 0.8874743 1.0353336 1.0305767 1.0227151 1.0405211 1.0481682 1.0530384 1.0477637 1.0293922 1.0365276 1.0317632 1.0199828 1.0313674 1.0238891 1.0453417 0 0.45881367 1.0361294 1.0011308 0.8914027
1.0289978 0.8963424 1.0087683 1.0262426 1.0118452 1.0616379 1.0301816 0.9006499 1.0365276 0.88682157 0.88616943 1.0413225 1.0421246 1.0254573 1.0417235 1.0534456 1.0453417 1.0341415 1.0429276 1.0349361 1.0325551 1.0433295 1.0254573 1.0433295 1.025065 0.45881367 0 1.0373245 1.0030329 0.8874743
0.57267725 1.0099207 0.6884691 0.6894714 0.67359257 0.68721807 0.6795078 0.9775687 0.80500084 0.97609735 0.9709704 0.8082254 0.8114639 0.800626 0.52346903 0.52952236 0.5277012 0.5287124 0.8096957 0.8105793 0.80646485 0.80587894 0.4746508 0.806758 0.69173163 1.0361294 1.0373245 0 0.4120016 0.9894442
0.56393015 0.9853408 0.67016345 0.66553456 0.6570817 0.68972224 0.67163116 0.9658782 0.78394586 0.97352946 0.9687838 0.79598737 0.7913773 0.7885103 0.51806253 0.5202605 0.5220636 0.52367 0.7916646 0.79656565 0.79540956 0.7876524 0.45770827 0.7893693 0.6802505 1.0011308 1.0030329 0.4120016 0 0.9669665
0.9831119 0.31863886 1.0041765 0.98645765 0.9727974 0.9950763 1.0041765 0.51886106 1.0149349 0.5264896 0.5202605 1.0072346 1.0445362 1.0227151 0.9779369 0.98794943 0.97352946 0.9764649 1.0437315 1.0130024 1.0141612 1.0405211 0.9950763 1.0433295 0.99131685 0.8914027 0.8874743 0.9894442 0.9669665 0
