0 0.6740837 1.0087683 1.0110749 0.44114006 0.4458366 0.45238847 0.9939465 0.98051995 0.6580429 0.67016345 0.44060004 0.6767909 0.6731017 0.6772841 0.4398806 0.44168046 0.66286767 0.6570817 0.66650665 0.6563616 0.65948707 0.44096002 0.6606927 1.01069 0.65110177 0.66383636 0.6626257 0.44366533 0.97978103
0.6740837 0 1.0110749 1.0164845 0.67654437 0.6777777 0.6740837 0.99923354 0.99545324 0.6611755 0.20320067 0.67163116 0.20701279 0.6604514 0.67065233 0.6662635 0.6723661 0.6748211 0.662142 0.6599691 0.6539662 0.6604514 0.6767909 0.65972805 0.9980974 0.65540254 0.654684 0.6590054 0.6748211 0.99056727
1.0087683 1.0110749 0 0.21403022 1.0164845 1.0037951 1.0118452 0.70646286 0.6998234 1.0126165 1.019204 1.0122308 1.0313674 1.0034139 0.9962078 1.0045581 1.0022715 0.9946995 0.9980974 0.98348296 0.98794943 1.0022715 1.0293922 0.99961257 0.7087749 0.9808897 0.99847597 0.98907024 1.0133885 0.70748955
1.0110749 1.0164845 0.21403022 0 0.99961257 1.0015109 1.0034139 0.70774645 0.6950084 1.0215429 1.0164845 1.0064689 1.0180373 1.0037951 0.99961257 0.99847597 0.9950763 0.9962078 1.0037951 0.97941184 0.9827411 1.0168724 1.0286036 1.015322 0.71186876 0.9753628 0.99658537 0.9943229 1.0176488 0.7031358
0.44114006 0.67654437 1.0164845 0.99961257 0 0.2072764 0.28968817 1.0045581 0.99847597 0.67285645 0.67580533 0.40975326 0.6790131 0.68049824 0.6827315 0.28192973 0.28748423 0.6932422 0.6847222 0.65444463 0.6508636 0.6699191 0.385289 0.66918653 1.0095364 0.6699191 0.6672366 0.6599691 0.23207094 1.0053219
0.4458366 0.6777777 1.0037951 1.0015109 0.2072764 0 0.2888058 1.0172604 1.0037951 0.68049824 0.67261124 0.40699527 0.67802465 0.6777777 0.6892207 0.27989367 0.28440955 0.6867182 0.6827315 0.6494359 0.64469653 0.6795078 0.3888074 0.6777777 1.0180373 0.67016345 0.67163116 0.6530102 0.2279941 1.0011308
0.45238847 0.6740837 1.0118452 1.0034139 0.28968817 0.2888058 0 1.0149349 1.0037951 0.6785187 0.6782716 0.41165528 0.6889701 0.6807461 0.6922348 0.17805864 0.18314771 0.6770375 0.67285645 0.6508636 0.64540553 0.6748211 0.38998386 0.6733471 1.0199828 0.66553456 0.6667499 0.6631097 0.28222105 0.9950763
0.9939465 0.99923354 0.70646286 0.70774645 1.0045581 1.0172604 1.0149349 0 0.14264435 0.9939465 1.01069 1.0160967 1.0137748 1.0130024 1.0122308 1.0130024 1.019204 0.9924427 0.99847597 0.99999183 0.98237044 0.9958304 1.025065 0.9939465 0.37565646 0.9946995 1.0068517 0.9920673 1.0270288 0.21177219
0.98051995 0.99545324 0.6998234 0.6950084 0.99847597 1.0037951 1.0037951 0.14264435 0 0.99658537 1.002652 0.9977191 1.0064689 1.0072346 1.0053219 1.0137748 1.0149349 0.9857129 0.99281836 0.9860852 0.97316337 0.99658537 1.0122308 0.9946995 0.37466702 0.9872032 1.0015109 0.98496884 1.0219333 0.20886007
0.6580429 0.6611755 1.0126165 1.0215429 0.67285645 0.68049824 0.6785187 0.9939465 0.99658537 0 0.6539662 0.68000287 0.6672366 0.21656199 0.2201745 0.6623838 0.6699191 0.30394885 0.29961228 0.6542054 0.65540254 0.14155659 0.6748211 0.14167738 1.0045581 0.35290283 0.30514956 0.30710486 0.67163116 0.98051995
0.67016345 0.20320067 1.019204 1.0164845 0.67580533 0.67261124 0.6782716 1.01069 1.002652 0.6539662 0 0.6748211 0.13171802 0.6602102 0.675067 0.6623838 0.6669932 0.6772841 0.66650665 0.6602102 0.65612173 0.67040783 0.6731017 0.6689425 1.0227151 0.65564215 0.6575622 0.6592462 0.6748211 1.005704
0.44060004 0.67163116 1.0122308 1.0064689 0.40975326 0.40699527 0.41165528 1.0160967 0.9977191 0.68000287 0.6748211 0 0.6847222 0.6770375 0.6882187 0.40304834 0.408373 0.6852207 0.67580533 0.67531306 0.6689425 0.67089695 0.40716735 0.6694307 1.025065 0.66383636 0.6745752 0.65277135 0.40630734 1.0068517
0.6767909 0.20701279 1.0313674 1.0180373 0.6790131 0.67802465 0.6889701 1.0137748 1.0064689 0.6672366 0.13171802 0.6847222 0 0.6760516 0.68397504 0.67163116 0.6777777 0.68149 0.6689425 0.6640787 0.65972805 0.67629796 0.6772841 0.67531306 1.0329514 0.6599691 0.67016345 0.6689425 0.6837262 1.0080011
0.6731017 0.6604514 1.0034139 1.0037951 0.68049824 0.6777777 0.6807461 1.0130024 1.0072346 0.21656199 0.6602102 0.6770375 0.6760516 0 0.10203663 0.6662635 0.67089695 0.3068037 0.30319938 0.65948707 0.64967364 0.22071119 0.6740837 0.22004041 1.0293922 0.3562722 0.30785823 0.30710486 0.66796726 0.9946995
0.6772841 0.67065233 0.9962078 0.99961257 0.6827315 0.6892207 0.6922348 1.0122308 1.0053219 0.2201745 0.675067 0.6882187 0.68397504 0.10203663 0 0.6772841 0.6854701 0.30560035 0.30575064 0.6686986 0.66093403 0.22299634 0.68571955 0.22245803 1.0262426 0.35949522 0.31012297 0.31254622 0.67359257 0.982
0.4398806 0.6662635 1.0045581 0.99847597 0.28192973 0.27989367 0.17805864 1.0130024 1.0137748 0.6623838 0.6623838 0.40304834 0.67163116 0.6662635 0.6772841 0 0.059823725 0.6723661 0.66650665 0.65492344 0.6520554 0.66456366 0.37797028 0.66359407 1.0172604 0.6599691 0.66383636 0.6573219 0.2806202 0.9946995
0.44168046 0.6723661 1.0022715 0.9950763 0.28748423 0.28440955 0.18314771 1.019204 1.0149349 0.6699191 0.6669932 0.408373 0.6777777 0.67089695 0.6854701 0.059823725 0 0.67531306 0.6699191 0.65948707 0.65444463 0.6684547 0.3856234 0.6669932 1.0130024 0.66796726 0.66748005 0.65852404 0.28455567 0.99281836
0.66286767 0.6748211 0.9946995 0.9962078 0.6932422 0.6867182 0.6770375 0.9924427 0.9857129 0.30394885 0.6772841 0.6852207 0.68149 0.3068037 0.30560035 0.6723661 0.67531306 0 0.05593491 0.6643211 0.661417 0.30831063 0.67654437 0.30831063 1.0060863 0.35482633 0.31148508 0.31103078 0.675067 0.9687838
0.6570817 0.662142 0.9980974 1.0037951 0.6847222 0.6827315 0.67285645 0.99847597 0.99281836 0.29961228 0.66650665 0.67580533 0.6689425 0.30319938 0.30575064 0.66650665 0.6699191 0.05593491 0 0.6568416 0.6515784 0.30695426 0.6689425 0.3074061 1.0133885 0.35707664 0.3137608 0.31027418 0.67261124 0.9764649
0.66650665 0.6599691 0.98348296 0.97941184 0.65444463 0.6494359 0.6508636 0.99999183 0.9860852 0.6542054 0.6602102 0.67531306 0.6640787 0.65948707 0.6686986 0.65492344 0.65948707 0.6643211 0.6568416 0 0.056905225 0.6626257 0.67261124 0.65972805 0.9898184 0.6501494 0.65876466 0.65876466 0.65564215 0.97867405
0.6563616 0.6539662 0.98794943 0.9827411 0.6508636 0.64469653 0.64540553 0.98237044 0.97316337 0.65540254 0.65612173 0.6689425 0.65972805 0.64967364 0.66093403 0.6520554 0.65444463 0.661417 0.6515784 0.056905225 0 0.6599691 0.6682109 0.65660155 0.9779369 0.64801097 0.65444463 0.6582834 0.6520554 0.9658782
0.65948707 0.6604514 1.0022715 1.0168724 0.6699191 0.6795078 0.6748211 0.9958304 0.99658537 0.14155659 0.67040783 0.67089695 0.67629796 0.22071119 0.22299634 0.66456366 0.6684547 0.30831063 0.30695426 0.6626257 0.6599691 0 0.67040783 0.010574194 1.0095364 0.35852686 0.30545005 0.30951837 0.6677236 0.9687838
0.44096002 0.6767909 1.0293922 1.0286036 0.385289 0.3888074 0.38998386 1.025065 1.0122308 0.6748211 0.6731017 0.40716735 0.6772841 0.6740837 0.68571955 0.37797028 0.3856234 0.67654437 0.6689425 0.67261124 0.6682109 0.67040783 0 0.6672366 1.025065 0.65972805 0.66918653 0.66918653 0.3814544 1.0110749
0.6606927 0.65972805 0.99961257 1.015322 0.66918653 0.6777777 0.6733471 0.9939465 0.9946995 0.14167738 0.6689425 0.6694307 0.67531306 0.22004041 0.22245803 0.66359407 0.6669932 0.30831063 0.3074061 0.65972805 0.65660155 0.010574194 0.6672366 0 1.0072346 0.3588495 0.3068037 0.3081598 0.66650665 0.9662408
1.01069 0.9980974 0.7087749 0.71186876 1.0095364 1.0180373 1.0199828 0.37565646 0.37466702 1.0045581 1.0227151 1.025065 1.0329514 1.0293922 1.0262426 1.0172604 1.0130024 1.0060863 1.0133885 0.9898184 0.9779369 1.0095364 1.025065 1.0072346 0 0.9939465 1.0072346 0.98794943 1.032159 0.38696238
0.65110177 0.65540254 0.9808897 0.9753628 0.6699191 0.67016345 0.66553456 0.9946995 0.9872032 0.35290283 0.65564215 0.66383636 0.6599691 0.3562722 0.35949522 0.6599691 0.66796726 0.35482633 0.35707664 0.6501494 0.64801097 0.35852686 0.65972805 0.3588495 0.9939465 0 0.3481156 0.35546857 0.66335183 0.96334505
0.66383636 0.654684 0.99847597 0.99658537 0.6672366 0.67163116 0.6667499 1.0068517 1.0015109 0.30514956 0.6575622 0.6745752 0.67016345 0.30785823 0.31012297 0.66383636 0.66748005 0.31148508 0.3137608 0.65876466 0.65444463 0.30545005 0.66918653 0.3068037 1.0072346 0.3481156 0 0.2433287 0.65852404 0.9727974
0.6626257 0.6590054 0.98907024 0.9943229 0.6599691 0.6530102 0.6631097 0.9920673 0.98496884 0.30710486 0.6592462 0.65277135 0.6689425 0.30710486 0.31254622 0.6573219 0.65852404 0.31103078 0.31027418 0.65876466 0.6582834 0.30951837 0.66918653 0.3081598 0.98794943 0.35546857 0.2433287 0 0.64635193 0.9626228
0.44366533 0.6748211 1.0133885 1.0176488 0.23207094 0.2279941 0.28222105 1.0270288 1.0219333 0.67163116 0.6748211 0.40630734 0.6837262 0.66796726 0.67359257 0.2806202 0.28455567 0.675067 0.67261124 0.65564215 0.6520554 0.6677236 0.3814544 0.66650665 1.032159 0.66335183 0.65852404 0.64635193 0 1.019204
0.97978103 0.99056727 0.70748955 0.7031358 1.0053219 1.0011308 0.9950763 0.21177219 0.20886007 0.98051995 1.005704 1.0068517 1.0080011 0.9946995 0.982 0.9946995 0.99281836 0.9687838 0.9764649 0.97867405 0.9658782 0.9687838 1.0110749 0.9662408 0.38696238 0.96334505 0.9727974 0.9626228 1.019204 0
