0 0.735871474 0.826410834 0.743640834 0.741758094 1.007501134 1.016358734 0.748232934 0.753671684 0.761352834 0.760801534 0.764392004 0.767165704 1.028465134 1.022973534 0.745528234 0.745258334 0.829726084 0.830028134 0.810050834 0.810050834 1.023755634 0.840679634 1.023755634 0.753944634 0.753944634 0.768556394 0.757228134 1.004063334 0.988598864
0.735871474 0 0.807114284 0.287986974 0.286082484 0.936331794 0.946144984 0.254144474 0.260339364 0.263030334 0.656531334 0.757776774 0.656531334 0.988598864 0.983761334 0.291663094 0.290631964 0.807994034 0.806235534 0.794904694 0.795193134 0.991591434 0.798662634 0.991216704 0.593774594 0.595761934 0.608022534 0.669104134 0.977114334 0.961109834
0.826410834 0.807114284 0 0.813294434 0.798662634 1.006353434 1.039171234 0.819525934 0.817442994 0.820122134 0.828518834 0.848691234 0.828820434 1.037575434 1.023755634 0.811818334 0.807700674 0.338653214 0.340066984 0.231086984 0.232856654 1.017521834 0.531591274 1.021021934 0.819227974 0.833359534 0.838231634 0.814477364 1.030041634 1.013265934
0.743640834 0.287986974 0.813294434 0 0.167257474 0.960750084 0.972350104 0.293434034 0.294765004 0.295505434 0.661583464 0.761904434 0.660859634 1.000641264 0.992716734 0.237367734 0.235587404 0.821017234 0.820122134 0.805065494 0.805065494 0.998368534 0.810050834 1.000262004 0.592012434 0.602870984 0.613889034 0.676454764 0.984874934 0.974911674
0.741758094 0.286082484 0.798662634 0.167257474 0 0.961829934 0.966527634 0.290926404 0.292548034 0.293286304 0.659173474 0.765500284 0.656531334 0.995348934 0.991591434 0.232311694 0.230951024 0.812998994 0.810934034 0.786018734 0.784879734 0.994972334 0.798372934 0.994595934 0.588062734 0.591352734 0.609147174 0.659654834 0.979323484 0.972350104
1.007501134 0.936331794 1.006353434 0.960750084 0.961829934 0 0.134157584 0.964355834 0.969069404 0.965079034 0.977850004 1.011724334 0.970525734 0.565853284 0.564367534 0.957519634 0.955373684 1.001400434 1.000641264 1.010570134 1.010570134 0.572468804 0.989345894 0.575045384 0.958236334 0.969069404 0.978954834 0.980799834 0.769949634 0.765223064
1.016358734 0.946144984 1.039171234 0.972350104 0.966527634 0.134157584 0 0.972350104 0.978218134 0.974911674 1.002920934 1.026892034 0.997234804 0.572254434 0.569473904 0.974911674 0.974178894 1.024538534 1.022973534 1.038372834 1.034790934 0.577415034 1.010185834 0.579359434 0.965079034 0.976746784 1.000262004 0.983761334 0.778364104 0.772743984
0.748232934 0.254144474 0.819525934 0.293434034 0.290926404 0.964355834 0.972350104 0 0.121010774 0.118900404 0.663517104 0.768556394 0.665941134 0.999882974 0.996479834 0.296543314 0.295950064 0.812408434 0.810050834 0.807700674 0.804481134 0.996102674 0.812113334 0.997612534 0.603094204 0.600197174 0.610950034 0.677440334 0.988972284 0.979692334
0.753671684 0.260339364 0.817442994 0.294765004 0.292548034 0.969069404 0.978218134 0.121010774 0 0.0984587740000001 0.657731134 0.771904634 0.660618534 1.005589334 1.005971334 0.302202594 0.300261714 0.808581134 0.807114284 0.805065494 0.802148334 1.003301434 0.813885674 1.005207534 0.611401434 0.600642134 0.617977434 0.674242004 0.992341384 0.984503534
0.761352834 0.263030334 0.820122134 0.295505434 0.293286304 0.965079034 0.974911674 0.118900404 0.0984587740000001 0 0.663517104 0.782607004 0.662791434 1.006735734 1.004444534 0.302053104 0.300559984 0.815069594 0.812998994 0.812408434 0.810050834 1.001400434 0.811228734 1.001780234 0.613662534 0.605106434 0.621401594 0.673996534 0.992716734 0.974178894
0.760801534 0.656531334 0.828518834 0.661583464 0.659173474 0.977850004 1.002920934 0.663517104 0.657731134 0.663517104 0 0.772184294 0.0623165780000001 1.014424234 1.005971334 0.661100834 0.659173474 0.831843434 0.827915934 0.815662234 0.815662234 1.017909834 0.824608664 1.019853434 0.671790994 0.666669884 0.686368984 0.427167074 0.988972284 0.977850004
0.764392004 0.757776774 0.848691234 0.761904434 0.765500284 1.011724334 1.026892034 0.768556394 0.771904634 0.782607004 0.772184294 0 0.770507674 1.033997434 1.026106734 0.762180434 0.761352834 0.836400834 0.837010604 0.841599684 0.845599694 1.009801734 0.846834734 1.015971434 0.778928434 0.766610134 0.788587674 0.766610134 1.008267134 0.978954834
0.767165704 0.656531334 0.828820434 0.660859634 0.656531334 0.970525734 0.997234804 0.665941134 0.660618534 0.662791434 0.0623165780000001 0.770507674 0 1.013265934 1.005589334 0.659654834 0.658932834 0.824008864 0.820420364 0.815069594 0.815365834 1.005207534 0.821017234 1.007118334 0.660859634 0.664001264 0.676454764 0.423995064 0.969069404 0.967615934
1.028465134 0.988598864 1.037575434 1.000641264 0.995348934 0.565853284 0.572254434 0.999882974 1.005589334 1.006735734 1.014424234 1.033997434 1.013265934 0 0.0369121290000001 1.001400434 1.002920934 1.029647234 1.033204534 1.033997434 1.033600834 0.226072964 0.997234804 0.228779074 0.979323484 1.003682334 1.002160334 0.997990474 0.796347834 0.773864664
1.022973534 0.983761334 1.023755634 0.992716734 0.991591434 0.564367534 0.569473904 0.996479834 1.005971334 1.004444534 1.005971334 1.026106734 1.005589334 0.0369121290000001 0 1.001400434 1.002160334 1.023755634 1.026892034 1.029253034 1.028859034 0.224723544 0.992716734 0.226883764 0.972350104 1.000262004 0.999882974 0.994972334 0.798083284 0.771625034
0.745528234 0.291663094 0.811818334 0.237367734 0.232311694 0.957519634 0.974911674 0.296543314 0.302202594 0.302053104 0.661100834 0.762180434 0.659654834 1.001400434 1.001400434 0 0.0108180570000001 0.829726084 0.828820434 0.806235534 0.805065494 1.012109434 0.825509174 1.012880234 0.597976234 0.602424634 0.616839534 0.669591934 0.963272234 0.968342284
0.745258334 0.290631964 0.807700674 0.235587404 0.230951024 0.955373684 0.974178894 0.295950064 0.300261714 0.300559984 0.659173474 0.761352834 0.658932834 1.002920934 1.002160334 0.0108180570000001 0 0.827915934 0.827012534 0.804481134 0.803313834 1.012494634 0.821913534 1.013265934 0.598419934 0.602647734 0.617522104 0.669835964 0.962911464 0.964717374
0.829726084 0.807994034 0.338653214 0.821017234 0.812998994 1.001400434 1.024538534 0.812408434 0.808581134 0.815069594 0.831843434 0.836400834 0.824008864 1.029647234 1.023755634 0.829726084 0.827915934 0 0.0110208150000001 0.332090654 0.332868914 0.997612534 0.532810134 0.998746834 0.823709174 0.835182834 0.844366634 0.813294434 0.998746834 0.993843634
0.830028134 0.806235534 0.340066984 0.820122134 0.810934034 1.000641264 1.022973534 0.810050834 0.807114284 0.812998994 0.827915934 0.837010604 0.820420364 1.033204534 1.026892034 0.828820434 0.827012534 0.0110208150000001 0 0.333647974 0.334427834 0.997234804 0.531185434 0.997990474 0.822511594 0.832146384 0.843750874 0.813294434 0.999125404 0.994219704
0.810050834 0.794904694 0.231086984 0.805065494 0.786018734 1.010570134 1.038372834 0.807700674 0.805065494 0.812408434 0.815662234 0.841599684 0.815069594 1.033997434 1.029253034 0.806235534 0.804481134 0.332090654 0.333647974 0 0.00849027800000006 1.020242634 0.524118464 1.020632234 0.818930194 0.827313534 0.821614634 0.808581134 1.012109434 0.987479784
0.810050834 0.795193134 0.232856654 0.805065494 0.784879734 1.010570134 1.034790934 0.804481134 0.802148334 0.810050834 0.815662234 0.845599694 0.815365834 1.033600834 1.028859034 0.805065494 0.803313834 0.332868914 0.334427834 0.00849027800000006 0 1.019464334 0.525526564 1.020632234 0.816255334 0.825809634 0.820718734 0.808287534 1.012880234 0.986362334
1.023755634 0.991591434 1.017521834 0.998368534 0.994972334 0.572468804 0.577415034 0.996102674 1.003301434 1.001400434 1.017909834 1.009801734 1.005207534 0.226072964 0.224723544 1.012109434 1.012494634 0.997612534 0.997234804 1.020242634 1.019464334 0 0.999125404 0.00616970000000006 0.976746784 1.005589334 1.005971334 0.992716734 0.784026664 0.774987034
0.840679634 0.798662634 0.531591274 0.810050834 0.798372934 0.989345894 1.010185834 0.812113334 0.813885674 0.811228734 0.824608664 0.846834734 0.821017234 0.997234804 0.992716734 0.825509174 0.821913534 0.532810134 0.531185434 0.524118464 0.525526564 0.999125404 0 1.001400434 0.809168674 0.821017234 0.821913534 0.810345134 1.003301434 0.986362334
1.023755634 0.991216704 1.021021934 1.000262004 0.994595934 0.575045384 0.579359434 0.997612534 1.005207534 1.001780234 1.019853434 1.015971434 1.007118334 0.228779074 0.226883764 1.012880234 1.013265934 0.998746834 0.997990474 1.020632234 1.020632234 0.00616970000000006 1.001400434 0 0.975278334 1.006735734 1.009034034 0.997612534 0.785164334 0.779775734
0.753944634 0.593774594 0.819227974 0.592012434 0.588062734 0.958236334 0.965079034 0.603094204 0.611401434 0.613662534 0.671790994 0.778928434 0.660859634 0.979323484 0.972350104 0.597976234 0.598419934 0.823709174 0.822511594 0.818930194 0.816255334 0.976746784 0.809168674 0.975278334 0 0.440889664 0.441969584 0.671546384 0.969797234 0.942274494
0.753944634 0.595761934 0.833359534 0.602870984 0.591352734 0.969069404 0.976746784 0.600197174 0.600642134 0.605106434 0.666669884 0.766610134 0.664001264 1.003682334 1.000262004 0.602424634 0.602647734 0.835182834 0.832146384 0.827313534 0.825809634 1.005589334 0.821017234 1.006735734 0.440889664 0 0.431062264 0.685620834 0.976746784 0.959671734
0.768556394 0.608022534 0.838231634 0.613889034 0.609147174 0.978954834 1.000262004 0.610950034 0.617977434 0.621401594 0.686368984 0.788587674 0.676454764 1.002160334 0.999882974 0.616839534 0.617522104 0.844366634 0.843750874 0.821614634 0.820718734 1.005971334 0.821913534 1.009034034 0.441969584 0.431062264 0 0.684375634 0.993467794 0.978954834
0.757228134 0.669104134 0.814477364 0.676454764 0.659654834 0.980799834 0.983761334 0.677440334 0.674242004 0.673996534 0.427167074 0.766610134 0.423995064 0.997990474 0.994972334 0.669591934 0.669835964 0.813294434 0.813294434 0.808581134 0.808287534 0.992716734 0.810345134 0.997612534 0.671546384 0.685620834 0.684375634 0 0.973812804 0.967615934
1.004063334 0.977114334 1.030041634 0.984874934 0.979323484 0.769949634 0.778364104 0.988972284 0.992341384 0.992716734 0.988972284 1.008267134 0.969069404 0.796347834 0.798083284 0.963272234 0.962911464 0.998746834 0.999125404 1.012109434 1.012880234 0.784026664 1.003301434 0.785164334 0.969797234 0.976746784 0.993467794 0.973812804 0 0.401646714
0.988598864 0.961109834 1.013265934 0.974911674 0.972350104 0.765223064 0.772743984 0.979692334 0.984503534 0.974178894 0.977850004 0.978954834 0.967615934 0.773864664 0.771625034 0.968342284 0.964717374 0.993843634 0.994219704 0.987479784 0.986362334 0.774987034 0.986362334 0.779775734 0.942274494 0.959671734 0.978954834 0.967615934 0.401646714 0
