0 1.07243536924943 1.1824883534573 1.79473697417416 1.54984726919793 1.2210317295976 1.3845770447515 1.12991929030977 1.49409962375648 1.72128304210491 1.76971454848535 1.57141672028229 1.72461494989693 1.45901737594977 0.929005549522117 1.12141055706888 1.78871106146835 1.53893865714781 0.895425267750397 1.74539008946158 1.60249512130395 1.54692011070438 1.65652589662932 1.19084358308464 1.36371312849224 1.7550119550433 1.28670366108418 1.74404936167412 1.73189514572732 1.81706192949787
1.07243536924943 0 1.796502700774 1.15066497144289 1.17573558050208 1.22454955568537 1.87193788960576 0.951558610424399 0.994149540085346 1.37142933532596 1.23983395355754 1.85064242361113 1.18594774906524 1.27581851370633 1.62971899425611 1.0750839158427 1.02686030161567 1.59211183036678 1.09298078622669 1.11805214546621 1.30121418065391 1.51766829681583 1.26800322765484 1.1521696834825 1.37509695021436 1.37959449458867 1.85953215323389 1.12251316849142 1.60230413987301 1.7826355828438
1.1824883534573 1.796502700774 0 1.17346507124603 1.84533759462647 0.977917282143608 1.57400686782785 1.47620217339136 1.84524322557263 1.3949246306438 1.4045190596953 0.915105839027092 1.41545433807187 1.79114119382575 1.61122450581752 1.00597356399521 1.36938594910316 1.44514591898769 1.24419691576622 1.26213575806469 1.29708583769388 1.21222731191665 1.59925414388999 1.2732883230783 0.961477459641173 1.14403978316113 1.84071006160229 1.55463658296503 1.149056190392 1.56057753553614
1.79473697417416 1.15066497144289 1.17346507124603 0 1.02738831355236 1.80734689510427 1.88052120548673 1.11915697646327 1.05474276980385 1.39018377615139 0.896902075968683 1.4471037639305 1.19345905212685 1.7211711469572 1.3051672000438 1.13875948288478 1.14372224872932 1.81231238576584 1.52760925819166 1.82372903102078 0.908320215297863 1.63164861151017 1.52809890685603 1.80437856144272 1.53843599697575 1.52177303400822 0.888144960394129 1.76760609564371 1.6902940182481 1.02091481606476
1.54984726919793 1.17573558050208 1.84533759462647 1.02738831355236 0 1.67605443741195 1.49256447236985 1.15227933367714 1.73389518866315 1.54458225681446 0.961034007836133 1.70409894175828 1.72423050832003 0.99960262561217 0.968286309856921 1.11592747992836 1.57539668120444 0.935281682293862 1.84041178552434 1.04575800383464 1.8330429920461 1.481265071081 1.71115164970979 1.4201710333582 1.38187604397535 1.49123161076568 1.37001201091334 1.47713312762789 1.56846778630279 1.57682131766342
1.2210317295976 1.22454955568537 0.977917282143608 1.80734689510427 1.67605443741195 0 1.04817152325995 1.40577196842059 0.928666749037802 1.38901074533351 1.2929914931301 1.79593344614841 0.970520139206201 1.69866098091006 1.24915456352755 1.27227005665191 1.33413582365029 1.1393227011431 1.7144830764737 1.56717295525596 1.70238874782808 1.11673724860884 0.970522841904312 1.07636582758278 0.948235942749307 1.77686777478084 1.79011238808744 1.07470704126172 0.924821389839053 1.29230637289584
1.3845770447515 1.87193788960576 1.57400686782785 1.88052120548673 1.49256447236985 1.04817152325995 0 1.60374585003592 0.968044276814908 1.68700026976876 1.05475331540219 1.25956387259066 1.61334589286707 1.36250250041485 1.53033329523169 1.57348992978223 0.930706267012283 1.53222599136643 1.58463409869 1.21248973114416 1.85563451563939 1.2351646469906 1.25967568252236 1.75702262646519 1.53771566203795 1.52045272476971 1.55703992466442 1.01943693333305 1.83120955945924 1.85087913484313
1.12991929030977 0.951558610424399 1.47620217339136 1.11915697646327 1.15227933367714 1.40577196842059 1.60374585003592 0 1.47798413876444 1.3826671205461 0.926472217543051 1.83155699656345 1.60664946236648 1.6086110600736 1.58027714909986 1.13274498889223 1.33362167072482 1.42682666587643 1.04986199969426 1.32824586099014 1.78894993523136 1.00464191706851 1.07597565813921 0.921238240087405 1.01971271145158 1.87367626628838 1.81096618273295 1.88665522262454 0.921450847061351 1.04435429768637
1.49409962375648 0.994149540085346 1.84524322557263 1.05474276980385 1.73389518866315 0.928666749037802 0.968044276814908 1.47798413876444 0 1.40877872915007 1.69724640715867 1.74135096464306 1.49842229648493 1.58092354447581 1.35763800400309 1.8839358119294 1.60281560895965 1.12183745740913 1.58703328226693 1.26012200140394 1.6104668637272 1.37007374688983 0.936701947124675 1.54298629867844 1.24724844377488 1.00514439633116 1.69126097112894 1.0153202728834 1.00351955811493 0.988171611446887
1.72128304210491 1.37142933532596 1.3949246306438 1.39018377615139 1.54458225681446 1.38901074533351 1.68700026976876 1.3826671205461 1.40877872915007 0 1.58898846781813 1.17942148959264 1.26519068144262 1.66360074933618 0.99752852297388 1.35981332184747 1.82945372140966 1.45275052636862 1.01361692603678 1.44603079021908 1.68946392135695 1.84267967427149 1.21934605762362 0.975280222948641 1.59076059050858 1.50481207948178 1.33376294048503 1.39939784165472 1.028919093078 1.58707270491868
1.76971454848535 1.23983395355754 1.4045190596953 0.896902075968683 0.961034007836133 1.2929914931301 1.05475331540219 0.926472217543051 1.69724640715867 1.58898846781813 0 1.40188514604233 1.18764016637579 1.08835765416734 1.05185652174987 1.58494756394066 1.51552064134739 1.85984136164188 1.2319594421424 1.87712063197978 1.58250337350182 1.16204525227658 0.925411170115694 1.0491687937174 0.941952727735043 1.52817673305981 1.77120830793865 1.45594852766953 1.58146489481442 1.5267159785144
1.57141672028229 1.85064242361113 0.915105839027092 1.4471037639305 1.70409894175828 1.79593344614841 1.25956387259066 1.83155699656345 1.74135096464306 1.17942148959264 1.40188514604233 0 1.00284126913175 1.51744567998685 1.16886380873621 1.52234424860217 1.04232571949251 0.938643634319305 1.04756280896254 1.55282004689798 1.12077537178993 1.4560330142267 1.35424008057453 1.20378060778603 1.05110112205148 1.48219821089879 1.48179269582033 1.66840115678497 1.71514396136627 1.49541179835796
1.72461494989693 1.18594774906524 1.41545433807187 1.19345905212685 1.72423050832003 0.970520139206201 1.61334589286707 1.60664946236648 1.49842229648493 1.26519068144262 1.18764016637579 1.00284126913175 0 1.77853032806888 1.73630899190903 1.13964374037459 1.32645944319665 1.43772917799652 1.53616043087095 1.65892199170776 1.44833041192032 1.2215360167902 1.02334856567904 1.23640639847144 1.351981789805 1.67254198389128 0.975877442397177 1.44148246222176 1.50994316395372 0.942193982424214
1.45901737594977 1.27581851370633 1.79114119382575 1.7211711469572 0.99960262561217 1.69866098091006 1.36250250041485 1.6086110600736 1.58092354447581 1.66360074933618 1.08835765416734 1.51744567998685 1.77853032806888 0 1.87085976358503 1.61663801921532 1.3267114663031 1.53690260020085 0.970264228992164 1.0772810485214 1.2837619446218 1.87000342924148 1.79882311145775 1.50894082454033 1.16584979370236 1.79414015938528 1.48577221948653 0.939249737886712 1.65521003119648 1.59549061628059
0.929005549522117 1.62971899425611 1.61122450581752 1.3051672000438 0.968286309856921 1.24915456352755 1.53033329523169 1.58027714909986 1.35763800400309 0.99752852297388 1.05185652174987 1.16886380873621 1.73630899190903 1.87085976358503 0 1.20645513036288 1.07489403150976 0.887465277919546 1.15994863188826 1.41125948331319 1.50127652683295 1.7427147552371 1.561995199183 1.10309376078658 1.7957688421011 0.898222217569128 1.47081638243981 1.83620040421374 1.66069713048637 1.52592133381404
1.12141055706888 1.0750839158427 1.00597356399521 1.13875948288478 1.11592747992836 1.27227005665191 1.57348992978223 1.13274498889223 1.8839358119294 1.35981332184747 1.58494756394066 1.52234424860217 1.13964374037459 1.61663801921532 1.20645513036288 0 1.52496492257342 0.979065137682483 1.71423934912309 1.25291241845116 1.22783898678608 0.99339126329869 1.42102160630748 1.81370285176672 1.13948856503703 1.03499617590569 1.37713306746446 1.75654789293185 1.45485296775587 1.44614141667262
1.78871106146835 1.02686030161567 1.36938594910316 1.14372224872932 1.57539668120444 1.33413582365029 0.930706267012283 1.33362167072482 1.60281560895965 1.82945372140966 1.51552064134739 1.04232571949251 1.32645944319665 1.3267114663031 1.07489403150976 1.52496492257342 0 1.83611176488921 1.33013343438506 1.74063768633641 1.76868998911232 1.44449844351038 1.10390171734616 1.10366949439049 1.37417051289231 1.80170232686214 1.45554154831916 1.65625565219671 1.48968820297159 1.74755396018736
1.53893865714781 1.59211183036678 1.44514591898769 1.81231238576584 0.935281682293862 1.1393227011431 1.53222599136643 1.42682666587643 1.12183745740913 1.45275052636862 1.85984136164188 0.938643634319305 1.43772917799652 1.53690260020085 0.887465277919546 0.979065137682483 1.83611176488921 0 1.33427291619591 1.67998983897269 1.82876288658008 1.37115423381329 1.30272859660909 0.932948407018557 1.66081547178328 1.44692777912132 1.14835425885394 1.87467282661237 0.947134477086365 0.944253955967724
0.895425267750397 1.09298078622669 1.24419691576622 1.52760925819166 1.84041178552434 1.7144830764737 1.58463409869 1.04986199969426 1.58703328226693 1.01361692603678 1.2319594421424 1.04756280896254 1.53616043087095 0.970264228992164 1.15994863188826 1.71423934912309 1.33013343438506 1.33427291619591 0 1.88445552438498 1.52690234966576 0.899739200249314 1.51273875590414 1.8015242498368 0.927841546479613 1.33552852971479 1.73097877460532 1.31093646492809 1.8595717982389 1.78915457939729
1.74539008946158 1.11805214546621 1.26213575806469 1.82372903102078 1.04575800383464 1.56717295525596 1.21248973114416 1.32824586099014 1.26012200140394 1.44603079021908 1.87712063197978 1.55282004689798 1.65892199170776 1.0772810485214 1.41125948331319 1.25291241845116 1.74063768633641 1.67998983897269 1.88445552438498 0 1.29182888078503 1.43661464052275 1.51210200227797 1.66912351665087 1.60947999265045 1.67592387483455 1.20616899174638 1.39913196419366 1.14020823989995 1.52692518313415
1.60249512130395 1.30121418065391 1.29708583769388 0.908320215297863 1.8330429920461 1.70238874782808 1.85563451563939 1.78894993523136 1.6104668637272 1.68946392135695 1.58250337350182 1.12077537178993 1.44833041192032 1.2837619446218 1.50127652683295 1.22783898678608 1.76868998911232 1.82876288658008 1.52690234966576 1.29182888078503 0 1.41317655611783 1.37228408386 1.86526934476569 1.52738197776489 1.61588429333642 0.966233660466969 1.68293074471876 1.76790045085363 1.72091909684241
1.54692011070438 1.51766829681583 1.21222731191665 1.63164861151017 1.481265071081 1.11673724860884 1.2351646469906 1.00464191706851 1.37007374688983 1.84267967427149 1.16204525227658 1.4560330142267 1.2215360167902 1.87000342924148 1.7427147552371 0.99339126329869 1.44449844351038 1.37115423381329 0.899739200249314 1.43661464052275 1.41317655611783 0 1.86924623977393 0.931082319933921 1.42575432825834 0.996449696365744 1.62229879549704 1.20279233972542 1.43481531203724 1.41671898472123
1.65652589662932 1.26800322765484 1.59925414388999 1.52809890685603 1.71115164970979 0.970522841904312 1.25967568252236 1.07597565813921 0.936701947124675 1.21934605762362 0.925411170115694 1.35424008057453 1.02334856567904 1.79882311145775 1.561995199183 1.42102160630748 1.10390171734616 1.30272859660909 1.51273875590414 1.51210200227797 1.37228408386 1.86924623977393 0 1.22907906654291 1.17541383951902 1.55957657448016 1.58205356285907 1.76830347394571 1.42955875326879 1.11691546370275
1.19084358308464 1.1521696834825 1.2732883230783 1.80437856144272 1.4201710333582 1.07636582758278 1.75702262646519 0.921238240087405 1.54298629867844 0.975280222948641 1.0491687937174 1.20378060778603 1.23640639847144 1.50894082454033 1.10309376078658 1.81370285176672 1.10366949439049 0.932948407018557 1.8015242498368 1.66912351665087 1.86526934476569 0.931082319933921 1.22907906654291 0 1.16867068759166 1.37364934151992 1.24929557717405 1.12645386857912 0.939154806081206 0.933958592358977
1.36371312849224 1.37509695021436 0.961477459641173 1.53843599697575 1.38187604397535 0.948235942749307 1.53771566203795 1.01971271145158 1.24724844377488 1.59076059050858 0.941952727735043 1.05110112205148 1.351981789805 1.16584979370236 1.7957688421011 1.13948856503703 1.37417051289231 1.66081547178328 0.927841546479613 1.60947999265045 1.52738197776489 1.42575432825834 1.17541383951902 1.16867068759166 0 1.51603612792678 1.4973011626862 1.18072384526022 1.02561372565106 1.73128945752978
1.7550119550433 1.37959449458867 1.14403978316113 1.52177303400822 1.49123161076568 1.77686777478084 1.52045272476971 1.87367626628838 1.00514439633116 1.50481207948178 1.52817673305981 1.48219821089879 1.67254198389128 1.79414015938528 0.898222217569128 1.03499617590569 1.80170232686214 1.44692777912132 1.33552852971479 1.67592387483455 1.61588429333642 0.996449696365744 1.55957657448016 1.37364934151992 1.51603612792678 0 1.81286130193621 1.41247095330618 1.08367772190832 1.76813286426477
1.28670366108418 1.85953215323389 1.84071006160229 0.888144960394129 1.37001201091334 1.79011238808744 1.55703992466442 1.81096618273295 1.69126097112894 1.33376294048503 1.77120830793865 1.48179269582033 0.975877442397177 1.48577221948653 1.47081638243981 1.37713306746446 1.45554154831916 1.14835425885394 1.73097877460532 1.20616899174638 0.966233660466969 1.62229879549704 1.58205356285907 1.24929557717405 1.4973011626862 1.81286130193621 0 1.80984184285626 1.37415071949363 1.34922392270528
1.74404936167412 1.12251316849142 1.55463658296503 1.76760609564371 1.47713312762789 1.07470704126172 1.01943693333305 1.88665522262454 1.0153202728834 1.39939784165472 1.45594852766953 1.66840115678497 1.44148246222176 0.939249737886712 1.83620040421374 1.75654789293185 1.65625565219671 1.87467282661237 1.31093646492809 1.39913196419366 1.68293074471876 1.20279233972542 1.76830347394571 1.12645386857912 1.18072384526022 1.41247095330618 1.80984184285626 0 1.71779182902537 1.31105626211502
1.73189514572732 1.60230413987301 1.149056190392 1.6902940182481 1.56846778630279 0.924821389839053 1.83120955945924 0.921450847061351 1.00351955811493 1.028919093078 1.58146489481442 1.71514396136627 1.50994316395372 1.65521003119648 1.66069713048637 1.45485296775587 1.48968820297159 0.947134477086365 1.8595717982389 1.14020823989995 1.76790045085363 1.43481531203724 1.42955875326879 0.939154806081206 1.02561372565106 1.08367772190832 1.37415071949363 1.71779182902537 0 1.21575186750852
1.81706192949787 1.7826355828438 1.56057753553614 1.02091481606476 1.57682131766342 1.29230637289584 1.85087913484313 1.04435429768637 0.988171611446887 1.58707270491868 1.5267159785144 1.49541179835796 0.942193982424214 1.59549061628059 1.52592133381404 1.44614141667262 1.74755396018736 0.944253955967724 1.78915457939729 1.52692518313415 1.72091909684241 1.41671898472123 1.11691546370275 0.933958592358977 1.73128945752978 1.76813286426477 1.34922392270528 1.31105626211502 1.21575186750852 0
