0 1.85207466199063 1.78076072316617 1.00062667718157 1.22371898288839 1.47634926973842 1.82652015984058 1.63039278495125 1.887742490042 1.51214410108514 1.08035294828005 0.949616992846131 1.37685714289546 1.3514591041021 1.32774709840305 1.04355410649441 1.45957596157677 1.3302569356747 1.57523581781425 1.20527199213393 0.995789058739319 1.35200993553735 1.42986460751854 1.80893955077045 1.3858265443705 1.04958068998531 1.79572607250884 1.41540615982376 1.08943755505607 1.38513808394782
1.85207466199063 0 1.66997703979723 1.2400452082511 1.66545145027339 1.72097697947174 1.74062521290034 1.13601951464079 1.70596939860843 1.75681752269156 1.04395422548987 1.25808670837432 1.80145551916212 1.7811929974705 1.39064133469947 1.4714895458892 1.72225444228388 1.38053227472119 1.02638735459186 1.47818724229001 1.68514948594384 1.25917234411463 1.18901662318967 1.75894733308814 1.17063995427452 1.89673089142889 1.19958521449007 1.63171161315404 0.946004061028361 1.38030403573066
1.78076072316617 1.66997703979723 0 1.39136536419392 1.52942528575659 1.5729659916833 1.32592371385545 1.11558299954049 1.57298753969371 1.74410803080536 1.10427217348479 1.56265334831551 1.13061332819052 1.88841091049835 1.30918040615506 1.34518510871567 1.49880136572756 1.43765096529387 1.8030945204664 0.966954376315698 1.71923412103206 1.46674622781575 1.89954285486601 1.84913431573659 1.32729981234297 0.97109782951884 1.52737221773714 1.30094035342336 1.08226744551212 1.56131632556207
1.00062667718157 1.2400452082511 1.39136536419392 0 1.02691128058359 0.948764512315392 1.40218910505064 1.80804678215645 1.81829916127026 1.09333136980422 1.28950480348431 1.31141146598384 1.73047850932926 1.16435049637221 1.00784119195305 1.71597977308556 1.48359076539055 1.71659560664557 1.4387390257325 1.06781229539774 1.54384204372764 1.25192652037367 1.50868982612155 0.980103967245668 1.09313608147204 0.987670273054391 1.55255711823702 1.448772207601 1.6531222325284 1.83483407250606
1.22371898288839 1.66545145027339 1.52942528575659 1.02691128058359 0 1.49580783653073 1.07778562209569 1.56627945997752 1.8047553319484 1.42204426275566 1.762215182418 1.80756256100722 1.72610256471671 1.13029400561936 1.10244765505195 1.73278315737844 1.03248691745102 1.68594479374588 1.07708959211595 1.0355300323572 0.949070087866858 1.83888975554146 1.91203573881648 1.12910277140327 1.50326876854524 1.1073087414261 1.52193869953044 1.65143320267089 1.13660211372189 1.54475932451896
1.47634926973842 1.72097697947174 1.5729659916833 0.948764512315392 1.49580783653073 0 1.80301226023585 1.74210821907036 1.25204456713982 1.75306294579059 1.64135722001083 1.39313706057146 1.69443802256137 1.9005315147806 1.73048161668703 1.1589114475064 1.08656274713576 1.78510790364817 0.960785293253139 0.945601430721581 1.16224036738276 0.936527370475233 1.4249539768789 1.11992862797342 1.4214713005349 1.43463771301322 1.41313213040121 1.91650112858042 1.36392809008248 1.20077786454931
1.82652015984058 1.74062521290034 1.32592371385545 1.40218910505064 1.07778562209569 1.80301226023585 0 1.92318132356741 1.40161357354373 0.979868278605863 1.36154465191066 1.64697788166814 1.81529604666866 1.23791445791721 0.961034912150353 1.29169079707935 1.65911692404188 1.66448883363046 1.73530364269391 1.30496586672962 1.17409640923142 1.16819954500534 1.18760753469542 1.92419946566224 1.40267516765743 0.98028170899488 1.50678551848978 1.20494434679858 1.6199340170715 1.49418189725839
1.63039278495125 1.13601951464079 1.11558299954049 1.80804678215645 1.56627945997752 1.74210821907036 1.92318132356741 0 1.05513664660975 1.41594405868091 1.30181395844556 1.88019115221687 1.85073839384131 1.30516127031296 1.33086529932916 1.12052731076255 1.66883662343025 0.973504494875669 1.34246616554447 0.980944038135931 1.67781104077585 1.12142664147541 1.30189725989476 1.57635694136843 1.07957946066745 1.47480078297667 1.2399756074883 1.23910184740089 1.09443042217754 1.27118099317886
1.887742490042 1.70596939860843 1.57298753969371 1.81829916127026 1.8047553319484 1.25204456713982 1.40161357354373 1.05513664660975 0 1.41636904398911 1.47577693592757 0.976095659425482 1.60257215658203 1.09940636903048 1.90216167503968 1.81881353375502 1.17702303174883 1.79012722568586 1.04453386948444 1.51247967756353 1.5301924792584 1.0922358718235 1.78252210794017 1.834051159909 1.58465871983208 1.76777959638275 1.47512493748218 0.944247401086614 1.65313168661669 1.79502158914693
1.51214410108514 1.75681752269156 1.74410803080536 1.09333136980422 1.42204426275566 1.75306294579059 0.979868278605863 1.41594405868091 1.41636904398911 0 1.25176229141653 1.7128452504985 0.9746832952369 1.70845347689465 1.36401168210432 0.951727070147172 1.52154234074987 1.6238078516908 1.24551458563656 1.05130768520758 1.58731699083 1.81189968064427 1.84571158373728 1.50995369907469 1.02328444854356 1.77700063609518 1.67110787169077 1.35817458620295 1.1441985622514 1.59709674096666
1.08035294828005 1.04395422548987 1.10427217348479 1.28950480348431 1.762215182418 1.64135722001083 1.36154465191066 1.30181395844556 1.47577693592757 1.25176229141653 0 1.81904503097758 1.57017075736076 0.977686833590269 1.47662258590572 1.74055083235726 1.82319118687883 1.80949847283773 1.79769463394769 1.65367736504413 1.18125580041669 1.26896479167044 1.22636970877647 1.23391104768962 0.9724672192242 1.40607462031767 1.12041475414298 1.20218678424135 1.2961365156807 1.77466643624939
0.949616992846131 1.25808670837432 1.56265334831551 1.31141146598384 1.80756256100722 1.39313706057146 1.64697788166814 1.88019115221687 0.976095659425482 1.7128452504985 1.81904503097758 0 1.0260766770225 1.30124821932986 1.50435590511188 1.86933598457836 1.72588796820492 1.12639002362266 1.56323124258779 1.47715431917459 1.32362641533837 1.41302345064469 1.88696006964892 1.10476849926636 1.77641171077266 1.62906790431589 1.52905845735222 1.58000634983182 1.66650680545717 1.42840461293235
1.37685714289546 1.80145551916212 1.13061332819052 1.73047850932926 1.72610256471671 1.69443802256137 1.81529604666866 1.85073839384131 1.60257215658203 0.9746832952369 1.57017075736076 1.0260766770225 0 1.50259328307584 1.39875579951331 1.92641036538407 1.40270477393642 1.42157726641744 0.998733710963279 1.53408189443871 1.0083974848967 1.48363844235428 1.65686284587719 1.60947770811617 1.24445007485338 1.62376826396212 1.6073857115116 0.970833280822262 1.22730908310041 1.27820230228826
1.3514591041021 1.7811929974705 1.88841091049835 1.16435049637221 1.13029400561936 1.9005315147806 1.23791445791721 1.30516127031296 1.09940636903048 1.70845347689465 0.977686833590269 1.30124821932986 1.50259328307584 0 1.10472471546382 1.13649657345377 1.36291664512828 1.6702727151569 1.90719246584922 1.87441442743875 1.37052880576812 1.17736476869322 1.7119807342533 1.22508155880496 1.04231997509487 1.2683303526137 1.59635442402214 1.61308023310266 1.62623152020387 1.31354240025394
1.32774709840305 1.39064133469947 1.30918040615506 1.00784119195305 1.10244765505195 1.73048161668703 0.961034912150353 1.33086529932916 1.90216167503968 1.36401168210432 1.47662258590572 1.50435590511188 1.39875579951331 1.10472471546382 0 1.60212982306257 1.83115488127805 1.91705186245963 1.81163333007134 1.1485620031599 0.993781952885911 1.91408538864926 1.08059245441109 1.74177273898385 1.76311170402914 1.04351000930183 1.15519461594522 1.32596528041176 1.73427758528851 1.89512417092919
1.04355410649441 1.4714895458892 1.34518510871567 1.71597977308556 1.73278315737844 1.1589114475064 1.29169079707935 1.12052731076255 1.81881353375502 0.951727070147172 1.74055083235726 1.86933598457836 1.92641036538407 1.13649657345377 1.60212982306257 0 1.93393677403219 1.62902354239486 1.85715369554237 1.08684242120944 1.61064060940407 0.981558093801141 1.80860087135807 1.44974677916616 0.96048675943166 1.27712624426931 0.997811491834 1.18238503229804 1.29837565147318 1.50664298981428
1.45957596157677 1.72225444228388 1.49880136572756 1.48359076539055 1.03248691745102 1.08656274713576 1.65911692404188 1.66883662343025 1.17702303174883 1.52154234074987 1.82319118687883 1.72588796820492 1.40270477393642 1.36291664512828 1.83115488127805 1.93393677403219 0 1.37556234141812 1.01196320890449 1.10963106877171 0.951304734451696 1.28599289664999 1.09730592765845 1.82168601476587 1.7169307989534 1.01905391132459 1.68851282051764 1.22155101131648 1.09551042853855 1.63489344157279
1.3302569356747 1.38053227472119 1.43765096529387 1.71659560664557 1.68594479374588 1.78510790364817 1.66448883363046 0.973504494875669 1.79012722568586 1.6238078516908 1.80949847283773 1.12639002362266 1.42157726641744 1.6702727151569 1.91705186245963 1.62902354239486 1.37556234141812 0 0.974223277531564 1.85945252305828 1.56674288050272 1.28155687614344 1.49747686949559 1.45187676814385 1.51810912392102 1.27104996680282 1.4321942133829 0.98717918433249 1.87446864764206 1.61259368737228
1.57523581781425 1.02638735459186 1.8030945204664 1.4387390257325 1.07708959211595 0.960785293253139 1.73530364269391 1.34246616554447 1.04453386948444 1.24551458563656 1.79769463394769 1.56323124258779 0.998733710963279 1.90719246584922 1.81163333007134 1.85715369554237 1.01196320890449 0.974223277531564 0 1.52037488436326 1.54825214948505 1.56969617004506 1.3473508299794 1.36593312723562 1.01907741604373 1.08955109096132 0.944167458917946 1.72152143437415 1.18418101104908 1.30396662000567
1.20527199213393 1.47818724229001 0.966954376315698 1.06781229539774 1.0355300323572 0.945601430721581 1.30496586672962 0.980944038135931 1.51247967756353 1.05130768520758 1.65367736504413 1.47715431917459 1.53408189443871 1.87441442743875 1.1485620031599 1.08684242120944 1.10963106877171 1.85945252305828 1.52037488436326 0 1.87292857584544 1.11405330058187 1.89998924452811 1.23773928289302 1.93470039917156 1.54112907173112 1.43187147076242 1.83556020678952 1.68203778541647 1.19754627416842
0.995789058739319 1.68514948594384 1.71923412103206 1.54384204372764 0.949070087866858 1.16224036738276 1.17409640923142 1.67781104077585 1.5301924792584 1.58731699083 1.18125580041669 1.32362641533837 1.0083974848967 1.37052880576812 0.993781952885911 1.61064060940407 0.951304734451696 1.56674288050272 1.54825214948505 1.87292857584544 0 1.84245385881513 1.39496135828085 1.26565899327397 1.75508223148063 0.959974568104371 1.46822270960547 1.36187535966747 1.28513867268339 1.88528686738573
1.35200993553735 1.25917234411463 1.46674622781575 1.25192652037367 1.83888975554146 0.936527370475233 1.16819954500534 1.12142664147541 1.0922358718235 1.81189968064427 1.26896479167044 1.41302345064469 1.48363844235428 1.17736476869322 1.91408538864926 0.981558093801141 1.28599289664999 1.28155687614344 1.56969617004506 1.11405330058187 1.84245385881513 0 1.15076365345158 1.07242726697586 1.61684705736116 1.32398743927479 1.58786569815129 1.83548199618235 1.25543452613056 1.69029550254345
1.42986460751854 1.18901662318967 1.89954285486601 1.50868982612155 1.91203573881648 1.4249539768789 1.18760753469542 1.30189725989476 1.78252210794017 1.84571158373728 1.22636970877647 1.88696006964892 1.65686284587719 1.7119807342533 1.08059245441109 1.80860087135807 1.09730592765845 1.49747686949559 1.3473508299794 1.89998924452811 1.39496135828085 1.15076365345158 0 1.17348633822985 1.00692770886235 1.71585553558543 1.86381364706904 1.82287207455374 1.51824706373736 1.86459797457792
1.80893955077045 1.75894733308814 1.84913431573659 0.980103967245668 1.12910277140327 1.11992862797342 1.92419946566224 1.57635694136843 1.834051159909 1.50995369907469 1.23391104768962 1.10476849926636 1.60947770811617 1.22508155880496 1.74177273898385 1.44974677916616 1.82168601476587 1.45187676814385 1.36593312723562 1.23773928289302 1.26565899327397 1.07242726697586 1.17348633822985 0 1.23037112294696 1.60606574267149 1.90503369062208 1.22176574124023 1.15103276027367 1.18663824512623
1.3858265443705 1.17063995427452 1.32729981234297 1.09313608147204 1.50326876854524 1.4214713005349 1.40267516765743 1.07957946066745 1.58465871983208 1.02328444854356 0.9724672192242 1.77641171077266 1.24445007485338 1.04231997509487 1.76311170402914 0.96048675943166 1.7169307989534 1.51810912392102 1.01907741604373 1.93470039917156 1.75508223148063 1.61684705736116 1.00692770886235 1.23037112294696 0 1.3780478250701 1.22085889079608 1.37086885934696 1.61750632408075 1.44938315358013
1.04958068998531 1.89673089142889 0.97109782951884 0.987670273054391 1.1073087414261 1.43463771301322 0.98028170899488 1.47480078297667 1.76777959638275 1.77700063609518 1.40607462031767 1.62906790431589 1.62376826396212 1.2683303526137 1.04351000930183 1.27712624426931 1.01905391132459 1.27104996680282 1.08955109096132 1.54112907173112 0.959974568104371 1.32398743927479 1.71585553558543 1.60606574267149 1.3780478250701 0 1.44545007194392 1.8434889158234 1.52985836449079 1.06524274987169
1.79572607250884 1.19958521449007 1.52737221773714 1.55255711823702 1.52193869953044 1.41313213040121 1.50678551848978 1.2399756074883 1.47512493748218 1.67110787169077 1.12041475414298 1.52905845735222 1.6073857115116 1.59635442402214 1.15519461594522 0.997811491834 1.68851282051764 1.4321942133829 0.944167458917946 1.43187147076242 1.46822270960547 1.58786569815129 1.86381364706904 1.90503369062208 1.22085889079608 1.44545007194392 0 1.16936053335667 1.748068544548 1.33914351486601
1.41540615982376 1.63171161315404 1.30094035342336 1.448772207601 1.65143320267089 1.91650112858042 1.20494434679858 1.23910184740089 0.944247401086614 1.35817458620295 1.20218678424135 1.58000634983182 0.970833280822262 1.61308023310266 1.32596528041176 1.18238503229804 1.22155101131648 0.98717918433249 1.72152143437415 1.83556020678952 1.36187535966747 1.83548199618235 1.82287207455374 1.22176574124023 1.37086885934696 1.8434889158234 1.16936053335667 0 1.61104370001704 1.37617209390737
1.08943755505607 0.946004061028361 1.08226744551212 1.6531222325284 1.13660211372189 1.36392809008248 1.6199340170715 1.09443042217754 1.65313168661669 1.1441985622514 1.2961365156807 1.66650680545717 1.22730908310041 1.62623152020387 1.73427758528851 1.29837565147318 1.09551042853855 1.87446864764206 1.18418101104908 1.68203778541647 1.28513867268339 1.25543452613056 1.51824706373736 1.15103276027367 1.61750632408075 1.52985836449079 1.748068544548 1.61104370001704 0 1.02744369325228
1.38513808394782 1.38030403573066 1.56131632556207 1.83483407250606 1.54475932451896 1.20077786454931 1.49418189725839 1.27118099317886 1.79502158914693 1.59709674096666 1.77466643624939 1.42840461293235 1.27820230228826 1.31354240025394 1.89512417092919 1.50664298981428 1.63489344157279 1.61259368737228 1.30396662000567 1.19754627416842 1.88528686738573 1.69029550254345 1.86459797457792 1.18663824512623 1.44938315358013 1.06524274987169 1.33914351486601 1.37617209390737 1.02744369325228 0
