0 1.35472623421811 1.49169583595358 1.71432275534607 1.8740643041674 1.87984810443595 1.75116421282291 1.65722225164063 1.08444422739558 1.05565868900158 1.13832080666907 1.6039853268303 1.36277721892111 1.39634431363083 1.68587595433928 1.45031800400466 1.45808440749533 1.06182534899563 1.43300873087719 1.13893851963803 1.14693310088478 1.88727389299311 1.17682468984276 1.26407033973373 1.62447712710127 1.81384690362029 1.02592967194505 1.55319222481921 1.34400270483457 1.37337079434656
1.35472623421811 0 1.10462967958301 1.82321641710587 1.06618485692888 1.29910077434033 1.67407517298125 1.4401048081927 1.83338779001497 1.5529660594184 1.80706340819597 1.13981015630998 0.924814191181213 0.967925351113081 1.16402853978798 1.82136747939512 1.60624249326065 1.61771150422283 1.75856257928535 1.35197540745139 1.65507516660728 0.947313919430599 1.46132779936306 1.58925370150246 1.6218973682262 1.70231182430871 0.946066134376451 1.03521277825348 1.86088777100667 1.68491238146089
1.49169583595358 1.10462967958301 0 1.00127931940369 1.7339906450361 1.32673744810745 1.80826933938079 1.75347512634471 1.21914675692096 1.73212692374364 1.60758077329956 1.03242908255197 1.81445104256272 1.75070282397792 1.50784141640179 1.75027112918906 1.79636083636433 1.13818767177872 1.06764676258899 1.36927082180046 1.87409629463218 1.76027219649404 1.15543918730691 1.5458453586325 1.56295210402459 1.38514325441793 1.76405132072978 1.35339238122106 1.19286393048242 0.96221756702289
1.71432275534607 1.82321641710587 1.00127931940369 0 1.84442248078994 1.47170160734095 1.04090197361074 1.28675127821043 1.5889222479891 1.53681315807626 1.39755903067999 1.24472238239832 0.926639600656927 1.69115808373317 1.26380561059341 1.69066907139495 1.175823753234 1.44051540805958 1.31899090157822 1.09742201282643 1.27738812798634 1.32719413843006 0.981818904634565 0.960339122684672 1.11357121006586 1.45273694256321 0.941048433538526 1.63171601691283 1.32296911720186 1.01629161345772
1.8740643041674 1.06618485692888 1.7339906450361 1.84442248078994 0 0.994337629992515 1.356850982178 1.08204393531196 1.12827662774362 1.47237937385216 1.74659138964489 1.4059283498209 1.49149852129631 1.00702739786357 1.22076446819119 1.24253626330756 1.25313973939046 1.23815319081768 1.22353069856763 1.80712159140967 1.04233671911061 0.91627534199506 1.64879863662645 0.94585182517767 1.12261047493666 1.29054235504009 1.14917003992014 1.20824281894602 1.02828242187388 1.27186329429969
1.87984810443595 1.29910077434033 1.32673744810745 1.47170160734095 0.994337629992515 0 1.4466329398565 0.997370159486309 1.15286763408221 0.982329742051661 1.72086678165942 1.07368524232879 1.31177156371996 0.953628708375618 1.12593215540983 1.88463037321344 1.17588553298265 0.936432350194082 1.24117404501885 1.47437488962896 1.08972201123834 1.1811250699684 0.992474116152152 1.73474943032488 1.10815161489882 1.210002516862 1.3716768741142 1.64948520390317 1.79568860679865 1.42356154578738
1.75116421282291 1.67407517298125 1.80826933938079 1.04090197361074 1.356850982178 1.4466329398565 0 1.15727258124389 1.83180899405852 1.16295389737934 1.3240065195132 1.09281831444241 1.35083512705751 1.28491246188059 1.03512027929537 1.18439793889411 1.63362038414925 1.14110722299665 1.72295390604995 1.76143475598656 1.80958517128602 1.43999569187872 1.43147976254113 1.5659579297062 1.58124685427174 1.79443482425995 0.94262206973508 1.20440274500288 1.72360180853866 1.08602608786896
1.65722225164063 1.4401048081927 1.75347512634471 1.28675127821043 1.08204393531196 0.997370159486309 1.15727258124389 0 1.31087754061446 1.19950493401848 1.60995653620921 1.44112269324251 1.7853603917174 1.00713575468399 1.19524264382198 1.739099904662 1.30479862401262 1.04586028400809 1.33848807425238 1.90401056478731 1.47957786894403 1.37485026870854 1.12114649615251 1.83311955817044 1.8718995146919 1.06903353380039 1.48867944604717 1.31714455969632 1.78874461888336 1.27799969958141
1.08444422739558 1.83338779001497 1.21914675692096 1.5889222479891 1.12827662774362 1.15286763408221 1.83180899405852 1.31087754061446 0 0.954306721221656 1.07188856508583 1.2451347282622 1.68760021566413 1.38797778473236 1.44095900794491 1.31419603480026 1.07332977419719 1.41356255253777 1.459751335904 1.25749253830872 1.59677342907526 1.83051722031087 1.76659051072784 1.50745840836316 1.53535355208442 1.34510097885504 1.63891278672963 0.968576088314876 1.09829882369377 0.912653184728697
1.05565868900158 1.5529660594184 1.73212692374364 1.53681315807626 1.47237937385216 0.982329742051661 1.16295389737934 1.19950493401848 0.954306721221656 0 1.50850588316098 1.86639346648008 1.25801482284442 1.63557145791128 0.933440666180104 1.82098302384838 1.15387590485625 1.29100788128562 1.7738993158564 1.04420092771761 1.52530362899415 1.72220662608743 1.75476695154794 1.13040687702596 1.88661284837872 1.33639757637866 1.5143969876226 1.74285560334101 0.97213102853857 0.969573853770271
1.13832080666907 1.80706340819597 1.60758077329956 1.39755903067999 1.74659138964489 1.72086678165942 1.3240065195132 1.60995653620921 1.07188856508583 1.50850588316098 0 1.68053531087935 1.03950513410382 1.51788780116476 1.90151496767066 1.38870078092441 1.15085335168988 1.78235306194983 0.980677386280149 1.13079630490392 1.44077292084694 1.55409968132153 1.56243360973895 1.07068770681508 1.31535528623499 1.0427283688914 1.55867457203567 1.0563778814394 0.959476043703035 1.76710812747478
1.6039853268303 1.13981015630998 1.03242908255197 1.24472238239832 1.4059283498209 1.07368524232879 1.09281831444241 1.44112269324251 1.2451347282622 1.86639346648008 1.68053531087935 0 1.58530725073069 1.53307369514368 0.932952800299972 1.46072004549205 1.13290169951506 1.80774076026864 1.35755320149474 1.73341969610192 0.94333974015899 1.19230945804156 1.65856057289056 1.46368833933957 1.82902218354866 1.61766251618974 1.21213020896539 1.71137967379764 0.950113883242011 1.6400277314242
1.36277721892111 0.924814191181213 1.81445104256272 0.926639600656927 1.49149852129631 1.31177156371996 1.35083512705751 1.7853603917174 1.68760021566413 1.25801482284442 1.03950513410382 1.58530725073069 0 1.50674655451439 1.06377604510635 0.934158608550206 0.996770083438605 1.85333414142951 1.16158807068132 1.25798108731396 1.87355951825157 1.09378551901318 0.954969972372055 1.21063050231896 1.8628652964253 1.29465198819526 1.01301935361698 1.42879057163373 1.12708904757164 1.06705231894739
1.39634431363083 0.967925351113081 1.75070282397792 1.69115808373317 1.00702739786357 0.953628708375618 1.28491246188059 1.00713575468399 1.38797778473236 1.63557145791128 1.51788780116476 1.53307369514368 1.50674655451439 0 1.46128992270678 1.03993626777083 1.70474762446247 1.00024511828087 1.30401018774137 1.61225319374353 1.28371400455944 1.19772075349465 1.84253193507902 1.39401209284551 1.47554703895003 1.47617927147076 1.14940793649293 1.68441261490807 0.95087874867022 1.70369699946605
1.68587595433928 1.16402853978798 1.50784141640179 1.26380561059341 1.22076446819119 1.12593215540983 1.03512027929537 1.19524264382198 1.44095900794491 0.933440666180104 1.90151496767066 0.932952800299972 1.06377604510635 1.46128992270678 0 1.2504830241669 0.930922677041963 1.56252550845966 1.18762350594625 1.1017812199425 0.960075164446607 1.03907141345553 1.54260593932122 1.77889107819647 1.90239382372238 1.83652699971572 1.24731975491159 1.36763596045785 1.31433163117617 1.39362662751228
1.45031800400466 1.82136747939512 1.75027112918906 1.69066907139495 1.24253626330756 1.88463037321344 1.18439793889411 1.739099904662 1.31419603480026 1.82098302384838 1.38870078092441 1.46072004549205 0.934158608550206 1.03993626777083 1.2504830241669 0 1.43359283660538 1.22048445791006 1.35913392226212 1.02855306887068 1.11683454201557 1.88686165842228 1.16849413956515 1.60451089940034 1.48937570396811 1.03061276418157 1.46046714065596 1.060968717793 1.79139492521062 0.988128040218726
1.45808440749533 1.60624249326065 1.79636083636433 1.175823753234 1.25313973939046 1.17588553298265 1.63362038414925 1.30479862401262 1.07332977419719 1.15387590485625 1.15085335168988 1.13290169951506 0.996770083438605 1.70474762446247 0.930922677041963 1.43359283660538 0 1.68343573878519 1.42630945425481 1.675998180639 1.86666527180932 1.27972580655478 1.59698834153824 1.81055882386863 1.62065211427398 1.33539397013374 1.65262912074104 1.47264136560261 1.41655476461165 1.20234643970616
1.06182534899563 1.61771150422283 1.13818767177872 1.44051540805958 1.23815319081768 0.936432350194082 1.14110722299665 1.04586028400809 1.41356255253777 1.29100788128562 1.78235306194983 1.80774076026864 1.85333414142951 1.00024511828087 1.56252550845966 1.22048445791006 1.68343573878519 0 1.07363021909259 1.49047083896585 1.53070522821508 1.87900546006858 1.67966318246908 1.8814230277203 1.12131334701553 1.86084811994806 1.22893351549283 1.31284720031545 1.43848674348556 1.87703873449937
1.43300873087719 1.75856257928535 1.06764676258899 1.31899090157822 1.22353069856763 1.24117404501885 1.72295390604995 1.33848807425238 1.459751335904 1.7738993158564 0.980677386280149 1.35755320149474 1.16158807068132 1.30401018774137 1.18762350594625 1.35913392226212 1.42630945425481 1.07363021909259 0 1.89223576593213 1.32383335125633 1.87442964152433 1.28039724007249 1.11775904521346 0.994144454132766 1.67785784322768 1.64770655566826 1.37040569772944 1.39103187108412 1.05027551087551
1.13893851963803 1.35197540745139 1.36927082180046 1.09742201282643 1.80712159140967 1.47437488962896 1.76143475598656 1.90401056478731 1.25749253830872 1.04420092771761 1.13079630490392 1.73341969610192 1.25798108731396 1.61225319374353 1.1017812199425 1.02855306887068 1.675998180639 1.49047083896585 1.89223576593213 0 1.5403625566978 1.58339370111935 1.62708966946229 1.11896805954166 1.77980624651536 1.66357796220109 1.89931773534045 1.37317091901787 1.2349320598878 1.05296318302862
1.14693310088478 1.65507516660728 1.87409629463218 1.27738812798634 1.04233671911061 1.08972201123834 1.80958517128602 1.47957786894403 1.59677342907526 1.52530362899415 1.44077292084694 0.94333974015899 1.87355951825157 1.28371400455944 0.960075164446607 1.11683454201557 1.86666527180932 1.53070522821508 1.32383335125633 1.5403625566978 0 1.61856938782148 1.46242779609747 1.47062758798711 1.69392348383553 1.24283864954486 1.68437351169996 1.40429589990526 1.1540451834444 1.44367183581926
1.88727389299311 0.947313919430599 1.76027219649404 1.32719413843006 0.91627534199506 1.1811250699684 1.43999569187872 1.37485026870854 1.83051722031087 1.72220662608743 1.55409968132153 1.19230945804156 1.09378551901318 1.19772075349465 1.03907141345553 1.88686165842228 1.27972580655478 1.87900546006858 1.87442964152433 1.58339370111935 1.61856938782148 0 1.7371769612655 1.2009427009616 1.90795615431853 1.46045424882323 1.88297743070871 1.3092477042228 1.80475908354856 1.60630347230472
1.17682468984276 1.46132779936306 1.15543918730691 0.981818904634565 1.64879863662645 0.992474116152152 1.43147976254113 1.12114649615251 1.76659051072784 1.75476695154794 1.56243360973895 1.65856057289056 0.954969972372055 1.84253193507902 1.54260593932122 1.16849413956515 1.59698834153824 1.67966318246908 1.28039724007249 1.62708966946229 1.46242779609747 1.7371769612655 0 0.984389106743038 1.55985642247833 0.941005149623379 1.21915176068433 1.41481346613728 1.2692796101328 1.61584489000961
1.26407033973373 1.58925370150246 1.5458453586325 0.960339122684672 0.94585182517767 1.73474943032488 1.5659579297062 1.83311955817044 1.50745840836316 1.13040687702596 1.07068770681508 1.46368833933957 1.21063050231896 1.39401209284551 1.77889107819647 1.60451089940034 1.81055882386863 1.8814230277203 1.11775904521346 1.11896805954166 1.47062758798711 1.2009427009616 0.984389106743038 0 1.36137224873528 1.55174481472932 1.46603095205501 0.986412054626271 1.1390995150432 1.27232109592296
1.62447712710127 1.6218973682262 1.56295210402459 1.11357121006586 1.12261047493666 1.10815161489882 1.58124685427174 1.8718995146919 1.53535355208442 1.88661284837872 1.31535528623499 1.82902218354866 1.8628652964253 1.47554703895003 1.90239382372238 1.48937570396811 1.62065211427398 1.12131334701553 0.994144454132766 1.77980624651536 1.69392348383553 1.90795615431853 1.55985642247833 1.36137224873528 0 1.5073189814575 1.84208177844994 1.00995039287955 1.27214199327864 1.65517314290628
1.81384690362029 1.70231182430871 1.38514325441793 1.45273694256321 1.29054235504009 1.210002516862 1.79443482425995 1.06903353380039 1.34510097885504 1.33639757637866 1.0427283688914 1.61766251618974 1.29465198819526 1.47617927147076 1.83652699971572 1.03061276418157 1.33539397013374 1.86084811994806 1.67785784322768 1.66357796220109 1.24283864954486 1.46045424882323 0.941005149623379 1.55174481472932 1.5073189814575 0 0.9172365416307 1.21869868389331 1.24447121587582 1.62092154286802
1.02592967194505 0.946066134376451 1.76405132072978 0.941048433538526 1.14917003992014 1.3716768741142 0.94262206973508 1.48867944604717 1.63891278672963 1.5143969876226 1.55867457203567 1.21213020896539 1.01301935361698 1.14940793649293 1.24731975491159 1.46046714065596 1.65262912074104 1.22893351549283 1.64770655566826 1.89931773534045 1.68437351169996 1.88297743070871 1.21915176068433 1.46603095205501 1.84208177844994 0.9172365416307 0 1.10072276834399 0.950768522685394 1.44986995076761
1.55319222481921 1.03521277825348 1.35339238122106 1.63171601691283 1.20824281894602 1.64948520390317 1.20440274500288 1.31714455969632 0.968576088314876 1.74285560334101 1.0563778814394 1.71137967379764 1.42879057163373 1.68441261490807 1.36763596045785 1.060968717793 1.47264136560261 1.31284720031545 1.37040569772944 1.37317091901787 1.40429589990526 1.3092477042228 1.41481346613728 0.986412054626271 1.00995039287955 1.21869868389331 1.10072276834399 0 0.921020415611565 1.1367872140836
1.34400270483457 1.86088777100667 1.19286393048242 1.32296911720186 1.02828242187388 1.79568860679865 1.72360180853866 1.78874461888336 1.09829882369377 0.97213102853857 0.959476043703035 0.950113883242011 1.12708904757164 0.95087874867022 1.31433163117617 1.79139492521062 1.41655476461165 1.43848674348556 1.39103187108412 1.2349320598878 1.1540451834444 1.80475908354856 1.2692796101328 1.1390995150432 1.27214199327864 1.24447121587582 0.950768522685394 0.921020415611565 0 1.33992959395982
1.37337079434656 1.68491238146089 0.96221756702289 1.01629161345772 1.27186329429969 1.42356154578738 1.08602608786896 1.27799969958141 0.912653184728697 0.969573853770271 1.76710812747478 1.6400277314242 1.06705231894739 1.70369699946605 1.39362662751228 0.988128040218726 1.20234643970616 1.87703873449937 1.05027551087551 1.05296318302862 1.44367183581926 1.60630347230472 1.61584489000961 1.27232109592296 1.65517314290628 1.62092154286802 1.44986995076761 1.1367872140836 1.33992959395982 0
