0 1.65564949484542 1.4107607351616 1.32198958983645 1.35680356016383 1.83481577527709 1.61794633069076 1.4428363959305 1.79231796297245 1.38697122014128 1.40916285687126 1.47352757351473 1.40866959979758 1.60842565842904 0.962683076038957 1.54098322149366 1.88936528610066 1.21661558235064 1.80057973624207 1.24481435446069 1.78719246108085 1.62992134876549 1.60993461124599 1.53475016355515 1.37194854021072 1.88217975688167 1.82273020455614 1.37132509122603 1.73871898604557 1.3477645968087
1.65564949484542 0 1.66926095704548 1.91570440889336 1.646866196068 1.13163855462335 1.79008486215025 1.72151483804919 1.59358176239766 1.74392649973743 1.03807876864448 1.40519387717359 1.67164771375246 1.18763309251517 1.585302318912 1.36085962085053 1.51285807345994 1.33112363307737 1.75444538798183 1.17506927042268 1.38867601240054 1.92197379539721 1.01588131440803 1.22715595620684 1.52061252575368 1.61352600948885 1.25008000805974 1.24826672929339 1.64072161656804 1.92201761063188
1.4107607351616 1.66926095704548 0 1.01044637896121 1.66212991531938 1.6577048113104 1.68985937559046 1.66690230113454 1.69823179859668 1.443563060835 1.2246284361463 1.65402787853964 1.80547097185627 1.11729601304978 1.742853281321 1.26430050306953 1.24083546665497 1.15871285251342 1.89750378858298 1.13782701105811 1.1729360728059 1.39289606781676 1.56336506502703 1.7895822385326 1.107750675641 1.39251247164793 1.32269672187977 1.76956668146886 1.01365903229453 1.51989235705696
1.32198958983645 1.91570440889336 1.01044637896121 0 1.64818488992751 1.65638583479449 1.30466446629725 1.10323154134676 1.05778431636281 1.62224384723231 1.30749098863453 1.77903169416822 1.52605953300372 1.37058587186038 1.50942344916984 1.87649437854998 1.69660536479205 1.10730410926044 1.34315117262304 1.20456908037886 1.52798974444158 1.50038166553713 1.81666622357443 1.88091028644703 1.15793093666434 1.59864554251544 1.85393947479315 1.73067868477665 1.3141768546775 1.26057674316689
1.35680356016383 1.646866196068 1.66212991531938 1.64818488992751 0 1.9391926182434 1.6837697820738 1.59732675133273 1.62985466211103 1.46571334660985 1.91167318332009 1.91990023571998 1.18145288201049 1.55513350362889 1.8096303655766 1.73577198875137 1.81603670772165 1.40249320515431 1.09618369559757 1.75211799284443 1.23386451834813 1.62949198484421 1.59023556881584 1.94201802834868 1.71559472638182 1.14531792490743 1.76151517685503 1.95568395592272 1.86573914764449 1.02699908660725
1.83481577527709 1.13163855462335 1.6577048113104 1.65638583479449 1.9391926182434 0 0.967286231927574 0.978211628738791 1.35460890154354 1.88052909495309 1.79870688682422 1.71807753178291 1.63929730467498 1.60482325428165 0.990236557554454 1.64972511003725 1.67341417470016 1.87689378554933 1.32907053921372 1.49444604641758 1.39207635656931 1.11188000859693 1.61024538916536 1.23936049407348 1.58339952956885 1.5021659261547 1.59038071986288 1.14659692766145 1.8581084497273 1.68285416229628
1.61794633069076 1.79008486215025 1.68985937559046 1.30466446629725 1.6837697820738 0.967286231927574 0 1.94549786066636 1.23705458128825 0.962910634931177 1.04061465361156 1.18497929675505 1.11996336537413 1.26627361541614 1.69953088089824 1.77381955622695 1.37373380805366 1.50103574432433 1.33627157844603 1.48202113807201 1.50731713464484 1.71515540056862 1.47908071312122 1.7168726969976 1.50597387342714 1.36069015203975 1.54846784775145 1.19935241737403 1.82749331253581 1.5727322162129
1.4428363959305 1.72151483804919 1.66690230113454 1.10323154134676 1.59732675133273 0.978211628738791 1.94549786066636 0 1.18108808482066 1.00874618580565 1.07138010021299 1.86209924588911 1.43064857041463 1.87365611293353 1.5214826837182 0.973972022067755 1.14086628844962 1.46917101996951 1.28243403625675 1.48418907821178 1.26840282627381 1.10914824064821 0.967289575375617 1.91103039355949 1.51566654373892 1.62029235437512 1.43303879234008 1.59184936224483 1.45565326604992 1.17664716974832
1.79231796297245 1.59358176239766 1.69823179859668 1.05778431636281 1.62985466211103 1.35460890154354 1.23705458128825 1.18108808482066 0 1.51209029299207 1.02791175129823 0.963339554611593 1.8829575444106 1.20425325701945 1.31815677718259 1.28164279065095 1.52774212067015 1.82732814666815 1.65099999378435 1.90978815150447 1.21452339040115 1.08296989952214 1.41688844608143 1.70056277769618 1.28103920514695 1.47285288572311 1.4130173237063 1.11570147029124 1.56823632144369 1.50995270069689
1.38697122014128 1.74392649973743 1.443563060835 1.62224384723231 1.46571334660985 1.88052909495309 0.962910634931177 1.00874618580565 1.51209029299207 0 1.73847811343148 1.05001714453101 1.42321053682826 1.40939225931652 1.20785080268979 1.32890094118193 0.997094330610707 1.02306372020394 1.48812189535238 1.79382884316146 1.18302356032655 1.72740267636254 1.27588406112045 1.9609942950774 1.18310871673748 1.67369831283577 1.09035179624334 1.46712299971841 1.40461373259313 1.0847713064868
1.40916285687126 1.03807876864448 1.2246284361463 1.30749098863453 1.91167318332009 1.79870688682422 1.04061465361156 1.07138010021299 1.02791175129823 1.73847811343148 0 1.42118260543793 1.20365119772032 1.36750927148387 1.45777205633931 1.301771792816 1.29949510958977 1.04611933440901 1.85961150983348 1.21062403987162 1.84594613290392 1.39160764496773 1.63180522876792 1.9079424245283 1.72290127188899 1.84025180991739 1.02636622777209 1.60876286122948 1.02674278616905 1.81468169763684
1.47352757351473 1.40519387717359 1.65402787853964 1.77903169416822 1.91990023571998 1.71807753178291 1.18497929675505 1.86209924588911 0.963339554611593 1.05001714453101 1.42118260543793 0 1.91651731845923 1.45957845309749 1.76843437924981 0.995305988471955 1.27039764006622 1.60671381722204 1.11105757718906 1.3291445588693 1.36297873570584 0.982411246746778 1.89319354644977 1.67702531837858 1.43504099687561 1.56838859571144 1.24395260144956 1.89667907287367 1.85609005508013 1.76946145598777
1.40866959979758 1.67164771375246 1.80547097185627 1.52605953300372 1.18145288201049 1.63929730467498 1.11996336537413 1.43064857041463 1.8829575444106 1.42321053682826 1.20365119772032 1.91651731845923 0 1.36059842212126 1.15348318661563 1.95639879326336 1.66755009139888 1.46224630298093 1.46483359741978 1.68081046966836 1.18356618587859 1.84682259941474 1.50907252845354 1.73353460500948 1.17539341235533 1.22145645017736 1.16450751130469 1.46891260310076 1.8897384700831 1.05026968475431
1.60842565842904 1.18763309251517 1.11729601304978 1.37058587186038 1.55513350362889 1.60482325428165 1.26627361541614 1.87365611293353 1.20425325701945 1.40939225931652 1.36750927148387 1.45957845309749 1.36059842212126 0 1.14116033120081 1.11798393935896 1.35953685943969 1.40541651728563 1.53865853371099 1.80878613283858 1.45128341787495 1.61393575253896 1.90633105044253 1.54550145985559 1.57870129309595 1.73679697560146 1.8382932129316 1.64798177219927 1.28136820043437 1.88279976625927
0.962683076038957 1.585302318912 1.742853281321 1.50942344916984 1.8096303655766 0.990236557554454 1.69953088089824 1.5214826837182 1.31815677718259 1.20785080268979 1.45777205633931 1.76843437924981 1.15348318661563 1.14116033120081 0 1.33197069633752 1.88058324111626 1.37427676515654 1.57156639336608 1.86964867822826 1.81425288645551 1.07170296367258 1.05810677725822 1.48743546777405 1.03526441380382 1.2563837452326 1.16700530727394 1.02669185306877 1.71435538027436 1.41812230716459
1.54098322149366 1.36085962085053 1.26430050306953 1.87649437854998 1.73577198875137 1.64972511003725 1.77381955622695 0.973972022067755 1.28164279065095 1.32890094118193 1.301771792816 0.995305988471955 1.95639879326336 1.11798393935896 1.33197069633752 0 1.67451452487148 1.752258221386 1.79739688429981 1.6613221608568 1.08409536979161 1.68369418545626 1.48901021759957 1.62165381805971 1.47565146395937 1.74421414430253 1.26467843353748 1.75365204480477 1.28719788976014 1.87491926294751
1.88936528610066 1.51285807345994 1.24083546665497 1.69660536479205 1.81603670772165 1.67341417470016 1.37373380805366 1.14086628844962 1.52774212067015 0.997094330610707 1.29949510958977 1.27039764006622 1.66755009139888 1.35953685943969 1.88058324111626 1.67451452487148 0 1.0999043751508 1.75243484112434 1.38930762629025 1.10109301749617 1.54388044588268 1.25961188552901 1.47394582023844 1.37188644194975 1.42688043578528 1.02916454477236 1.21828582044691 1.94294764986262 1.06083020335063
1.21661558235064 1.33112363307737 1.15871285251342 1.10730410926044 1.40249320515431 1.87689378554933 1.50103574432433 1.46917101996951 1.82732814666815 1.02306372020394 1.04611933440901 1.60671381722204 1.46224630298093 1.40541651728563 1.37427676515654 1.752258221386 1.0999043751508 0 1.18268486228772 1.19281663862057 1.58550861501135 1.34486029250547 1.67154843453318 1.63491191971116 1.35385989164934 1.01189545448869 1.47187192947604 1.27202243404463 1.35665970644914 1.29782019439153
1.80057973624207 1.75444538798183 1.89750378858298 1.34315117262304 1.09618369559757 1.32907053921372 1.33627157844603 1.28243403625675 1.65099999378435 1.48812189535238 1.85961150983348 1.11105757718906 1.46483359741978 1.53865853371099 1.57156639336608 1.79739688429981 1.75243484112434 1.18268486228772 0 1.23078268044628 1.35915832594037 1.17866612458602 1.66379316383973 1.12860236130655 1.76874326961115 1.81337517825887 1.06386832008138 1.91173685016111 0.988507169298828 1.04472872707993
1.24481435446069 1.17506927042268 1.13782701105811 1.20456908037886 1.75211799284443 1.49444604641758 1.48202113807201 1.48418907821178 1.90978815150447 1.79382884316146 1.21062403987162 1.3291445588693 1.68081046966836 1.80878613283858 1.86964867822826 1.6613221608568 1.38930762629025 1.19281663862057 1.23078268044628 0 1.87137779104523 1.49369805445895 1.41276931134053 1.47625438589603 1.910597382579 1.66717253881507 1.66172059974633 1.9589277014602 1.12504766043276 1.7641274521593
1.78719246108085 1.38867601240054 1.1729360728059 1.52798974444158 1.23386451834813 1.39207635656931 1.50731713464484 1.26840282627381 1.21452339040115 1.18302356032655 1.84594613290392 1.36297873570584 1.18356618587859 1.45128341787495 1.81425288645551 1.08409536979161 1.10109301749617 1.58550861501135 1.35915832594037 1.87137779104523 0 1.15268376446329 1.50118263391778 1.40514300717041 1.41832086490467 1.48343714256771 1.35637300554663 1.73720558546484 1.23760515428148 1.79268921748735
1.62992134876549 1.92197379539721 1.39289606781676 1.50038166553713 1.62949198484421 1.11188000859693 1.71515540056862 1.10914824064821 1.08296989952214 1.72740267636254 1.39160764496773 0.982411246746778 1.84682259941474 1.61393575253896 1.07170296367258 1.68369418545626 1.54388044588268 1.34486029250547 1.17866612458602 1.49369805445895 1.15268376446329 0 1.59750191727653 1.23055362864397 1.82798984111287 1.72382361395285 0.991626353701577 1.02332944958471 1.39660249324515 1.22955273627304
1.60993461124599 1.01588131440803 1.56336506502703 1.81666622357443 1.59023556881584 1.61024538916536 1.47908071312122 0.967289575375617 1.41688844608143 1.27588406112045 1.63180522876792 1.89319354644977 1.50907252845354 1.90633105044253 1.05810677725822 1.48901021759957 1.25961188552901 1.67154843453318 1.66379316383973 1.41276931134053 1.50118263391778 1.59750191727653 0 1.07666348922066 0.977857994381338 1.76369388634339 1.56685522012413 1.72318463330157 1.04617692762986 1.48793754656799
1.53475016355515 1.22715595620684 1.7895822385326 1.88091028644703 1.94201802834868 1.23936049407348 1.7168726969976 1.91103039355949 1.70056277769618 1.9609942950774 1.9079424245283 1.67702531837858 1.73353460500948 1.54550145985559 1.48743546777405 1.62165381805971 1.47394582023844 1.63491191971116 1.12860236130655 1.47625438589603 1.40514300717041 1.23055362864397 1.07666348922066 0 1.2794073370751 1.71087543596514 1.54701215052046 1.6137816470582 1.55989372055046 1.76420358126052
1.37194854021072 1.52061252575368 1.107750675641 1.15793093666434 1.71559472638182 1.58339952956885 1.50597387342714 1.51566654373892 1.28103920514695 1.18310871673748 1.72290127188899 1.43504099687561 1.17539341235533 1.57870129309595 1.03526441380382 1.47565146395937 1.37188644194975 1.35385989164934 1.76874326961115 1.910597382579 1.41832086490467 1.82798984111287 0.977857994381338 1.2794073370751 0 1.06170071824454 1.66026059421711 1.28372937161475 0.965119062922895 1.46233308617957
1.88217975688167 1.61352600948885 1.39251247164793 1.59864554251544 1.14531792490743 1.5021659261547 1.36069015203975 1.62029235437512 1.47285288572311 1.67369831283577 1.84025180991739 1.56838859571144 1.22145645017736 1.73679697560146 1.2563837452326 1.74421414430253 1.42688043578528 1.01189545448869 1.81337517825887 1.66717253881507 1.48343714256771 1.72382361395285 1.76369388634339 1.71087543596514 1.06170071824454 0 1.67558062053286 1.92388892127201 1.2471070617903 1.57848690869287
1.82273020455614 1.25008000805974 1.32269672187977 1.85393947479315 1.76151517685503 1.59038071986288 1.54846784775145 1.43303879234008 1.4130173237063 1.09035179624334 1.02636622777209 1.24395260144956 1.16450751130469 1.8382932129316 1.16700530727394 1.26467843353748 1.02916454477236 1.47187192947604 1.06386832008138 1.66172059974633 1.35637300554663 0.991626353701577 1.56685522012413 1.54701215052046 1.66026059421711 1.67558062053286 0 1.34229936287738 1.34144196775742 1.9462338082958
1.37132509122603 1.24826672929339 1.76956668146886 1.73067868477665 1.95568395592272 1.14659692766145 1.19935241737403 1.59184936224483 1.11570147029124 1.46712299971841 1.60876286122948 1.89667907287367 1.46891260310076 1.64798177219927 1.02669185306877 1.75365204480477 1.21828582044691 1.27202243404463 1.91173685016111 1.9589277014602 1.73720558546484 1.02332944958471 1.72318463330157 1.6137816470582 1.28372937161475 1.92388892127201 1.34229936287738 0 1.757368885912 1.52667306363583
1.73871898604557 1.64072161656804 1.01365903229453 1.3141768546775 1.86573914764449 1.8581084497273 1.82749331253581 1.45565326604992 1.56823632144369 1.40461373259313 1.02674278616905 1.85609005508013 1.8897384700831 1.28136820043437 1.71435538027436 1.28719788976014 1.94294764986262 1.35665970644914 0.988507169298828 1.12504766043276 1.23760515428148 1.39660249324515 1.04617692762986 1.55989372055046 0.965119062922895 1.2471070617903 1.34144196775742 1.757368885912 0 1.03878421615809
1.3477645968087 1.92201761063188 1.51989235705696 1.26057674316689 1.02699908660725 1.68285416229628 1.5727322162129 1.17664716974832 1.50995270069689 1.0847713064868 1.81468169763684 1.76946145598777 1.05026968475431 1.88279976625927 1.41812230716459 1.87491926294751 1.06083020335063 1.29782019439153 1.04472872707993 1.7641274521593 1.79268921748735 1.22955273627304 1.48793754656799 1.76420358126052 1.46233308617957 1.57848690869287 1.9462338082958 1.52667306363583 1.03878421615809 0
