0 1.15340727637522 1.90361503860913 1.82496463344432 1.70782214519568 1.34104204387404 1.02003996749409 1.27956752711907 1.5306690572761 1.74892585235648 1.68355361092836 1.76655103592202 1.46248098695651 0.982117360224947 1.36056102160364 1.52286010910757 1.37236448726617 0.989588835975155 1.65056676440872 1.04701284924522 1.61077635991387 1.87457772158086 1.70316496025771 1.85997347091325 1.44850462768227 1.25813187705353 1.57031027274206 1.51523547968827 1.81378230266273 1.78267749142833
1.15340727637522 0 1.64851234527305 1.4529386300128 1.22362255607732 1.19370206748135 1.08099746331573 1.53242498938926 1.61031349073164 0.953489414183423 0.946575432084501 1.67063901457004 1.46163139212877 1.11703118029982 1.88120449334383 1.24048153893091 1.06975990743376 1.33859348273836 1.83911612676457 1.34649945981801 1.54729391215369 1.50520544755273 1.56288583553396 1.68528700084426 1.72197003709152 1.37218873342499 1.05530460132286 1.55377792753279 1.61599479243159 1.18586764624342
1.90361503860913 1.64851234527305 0 1.35989354294725 1.62756082415581 1.42845236812718 1.24711864278652 0.933367803227156 1.41219712677412 1.75109705841169 1.71645836136304 1.78204066352919 1.14139834884554 1.32836076640524 1.4793352431152 1.05388607340865 1.73086660751142 1.29284850740805 1.11696808133274 1.05026789545082 1.79410934098996 1.26235740305856 1.91088554961607 1.92313514766283 1.49125268799253 1.80471660103649 1.28587487014011 0.979129400337115 1.61573149636388 0.954163728281856
1.82496463344432 1.4529386300128 1.35989354294725 0 1.55447064386681 1.82000856706873 1.76222312217578 1.630630945554 1.59942051023245 1.43249379121698 1.20187573437579 1.67945055034943 1.3925405300688 1.4709468157962 1.23603590228595 1.01430544164032 1.14077386655845 0.998996937647462 1.63066764129326 1.39480356639251 1.04378415644169 1.57442547404207 1.64991581160575 1.68650035187602 0.98479451960884 1.25510745518841 1.08568714978173 0.995734327705577 1.03754978324287 1.22336133639328
1.70782214519568 1.22362255607732 1.62756082415581 1.55447064386681 0 1.60805624676868 1.59768313565291 1.76830111537129 1.23845302057452 1.80960488435812 1.32852127379738 1.60628728172742 0.943264387315139 0.982175878016278 1.33504126686603 1.07311894395389 1.59428237238899 1.67785656126216 1.80749450670555 1.6335038067773 1.03475197567604 1.28145309537649 0.971204621251673 0.997182198567316 1.27304274309427 1.87250752002001 1.62183650815859 1.28981239977293 1.69044874049723 1.46319326502271
1.34104204387404 1.19370206748135 1.42845236812718 1.82000856706873 1.60805624676868 0 1.01470903027803 1.36470899544656 1.06550182402134 1.79021336860023 1.8297408958897 1.92184918094426 1.62004029587843 1.11288585187867 1.16065163468011 0.994551868876442 0.991924414411187 1.86114641604945 1.86604900378734 1.78759808884934 1.48874854133464 1.69983571954072 1.00707763596438 1.73804776510224 1.55853312811814 1.26604668726213 1.53702676179819 1.70623541180976 1.74016405967996 1.55912050488405
1.02003996749409 1.08099746331573 1.24711864278652 1.76222312217578 1.59768313565291 1.01470903027803 0 1.34877817705274 1.77826977008954 1.25466265017167 1.87953848903999 1.20432346244343 1.91981435194612 1.71451852680184 1.74874687031843 1.44164689606987 1.37397346715443 1.73014016379602 1.49449156178162 0.970019093947485 1.49569189641625 1.27185913198628 0.947469098726287 1.64022079645656 1.3978014299646 1.63483691751026 1.61559473630041 1.5637928750366 1.61917500174604 1.599616646301
1.27956752711907 1.53242498938926 0.933367803227156 1.630630945554 1.76830111537129 1.36470899544656 1.34877817705274 0 1.32054727780633 1.54189844336361 1.15102892392315 1.49671974568628 1.83249507122673 1.90896774223074 1.7004716063384 1.54709727223963 1.7185696316883 1.0184599366039 1.05346372374333 1.75061665661633 1.60378305753693 1.68561128224246 1.03714587120339 1.80904636229388 1.47658783104271 1.11209777439944 0.958459470421076 0.950803372543305 1.86149627505802 1.2872647838667
1.5306690572761 1.61031349073164 1.41219712677412 1.59942051023245 1.23845302057452 1.06550182402134 1.77826977008954 1.32054727780633 0 1.27347559388727 1.64214364741929 1.7728436421603 1.29363042511977 1.84867683891207 1.56230383063667 1.1171166235581 1.69957371475175 1.07511817105114 1.49894006946124 1.40493676159531 1.39711681567132 1.57967260386795 1.78839941276237 1.47903764876537 1.04310877923854 1.370894738473 1.51212454587221 1.13914709165692 1.19161778921261 1.21228739013895
1.74892585235648 0.953489414183423 1.75109705841169 1.43249379121698 1.80960488435812 1.79021336860023 1.25466265017167 1.54189844336361 1.27347559388727 0 1.64292948949151 1.25350235681981 1.92036407277919 1.40350355999544 1.54637036658823 1.75253396038897 0.933850686298683 1.85814768541604 1.11107940296642 1.22014415310696 1.72672683908604 1.34497251617722 1.38368939142674 1.66707141464576 1.34497371083125 1.28065262408927 1.89942765096202 1.353745309636 0.976800906471908 1.90972222900018
1.68355361092836 0.946575432084501 1.71645836136304 1.20187573437579 1.32852127379738 1.8297408958897 1.87953848903999 1.15102892392315 1.64214364741929 1.64292948949151 0 1.25159898679703 1.09848923585378 1.22865843796171 1.90421091415919 1.52386406413279 1.38699465780519 1.63313015759923 1.46778012532741 0.988129618577659 1.38374828756787 1.91559915500693 1.77151164412498 1.43152302224189 1.64548267726786 1.49663086421788 1.07910510268994 1.45825843582861 1.30484992661513 1.69311606581323
1.76655103592202 1.67063901457004 1.78204066352919 1.67945055034943 1.60628728172742 1.92184918094426 1.20432346244343 1.49671974568628 1.7728436421603 1.25350235681981 1.25159898679703 0 1.04990021698177 1.20281241438352 1.70888467039913 1.35025373008102 1.41333389421925 1.58371156011708 1.47976983431727 1.16054968466051 1.66061156592332 1.86538747674786 1.4092419508379 1.10372570133768 1.60679112328216 1.4841881452594 1.67867328552529 1.39108285820112 1.01418074895628 1.56143998191692
1.46248098695651 1.46163139212877 1.14139834884554 1.3925405300688 0.943264387315139 1.62004029587843 1.91981435194612 1.83249507122673 1.29363042511977 1.92036407277919 1.09848923585378 1.04990021698177 0 1.55144357634708 1.63018247834407 0.9485909701325 1.24934657476842 1.64067576616071 1.26880002580583 1.05448586354032 1.88594237458892 1.49278139998205 1.67720032739453 1.80777222663164 1.18340272898786 1.71137423999608 1.72483526426367 1.88250007922761 0.971589721972123 1.72486536693759
0.982117360224947 1.11703118029982 1.32836076640524 1.4709468157962 0.982175878016278 1.11288585187867 1.71451852680184 1.90896774223074 1.84867683891207 1.40350355999544 1.22865843796171 1.20281241438352 1.55144357634708 0 1.10884453123435 1.05561090027913 1.91199771058746 1.58993909694254 1.76808284805156 1.5452435342595 1.56700286618434 1.48343890882097 1.13312885747291 1.24713926040567 1.64081698097289 1.86441911896691 1.25781777780503 1.589264475042 1.30453959223814 1.52354250708595
1.36056102160364 1.88120449334383 1.4793352431152 1.23603590228595 1.33504126686603 1.16065163468011 1.74874687031843 1.7004716063384 1.56230383063667 1.54637036658823 1.90421091415919 1.70888467039913 1.63018247834407 1.10884453123435 0 1.71390954265371 1.04450222291052 1.37971928762272 1.5986568601802 1.30881470511667 1.29052134766243 1.21175288106315 1.28299765568227 1.55221383390017 1.06494053546339 1.7530813862104 1.6334943654947 1.3473886270076 1.36209078598768 1.60133856465109
1.52286010910757 1.24048153893091 1.05388607340865 1.01430544164032 1.07311894395389 0.994551868876442 1.44164689606987 1.54709727223963 1.1171166235581 1.75253396038897 1.52386406413279 1.35025373008102 0.9485909701325 1.05561090027913 1.71390954265371 0 1.65163105190732 1.03989247954451 1.77695875102654 1.37216055882163 1.38155306340195 1.09919473319314 1.18678460386582 1.92663015774451 1.6980651197955 1.40537570323795 1.83338974276558 1.77470544376411 1.4777133106254 1.46434610174038
1.37236448726617 1.06975990743376 1.73086660751142 1.14077386655845 1.59428237238899 0.991924414411187 1.37397346715443 1.7185696316883 1.69957371475175 0.933850686298683 1.38699465780519 1.41333389421925 1.24934657476842 1.91199771058746 1.04450222291052 1.65163105190732 0 1.92057666974142 0.968590661417693 1.09124250663444 1.17633570195176 1.01526040770113 1.09585411963053 0.966406894149259 1.47543394193053 1.88095026207156 1.57681810366921 1.4471067651175 1.64560153032653 1.39085703552701
0.989588835975155 1.33859348273836 1.29284850740805 0.998996937647462 1.67785656126216 1.86114641604945 1.73014016379602 1.0184599366039 1.07511817105114 1.85814768541604 1.63313015759923 1.58371156011708 1.64067576616071 1.58993909694254 1.37971928762272 1.03989247954451 1.92057666974142 0 1.73268727143295 1.35506574669853 1.41428592195734 1.47658784198575 1.27360003744252 1.67434085067362 1.04224686347879 1.24194243736565 1.7409818621818 1.56772202928551 1.00043608434498 1.51893573906273
1.65056676440872 1.83911612676457 1.11696808133274 1.63066764129326 1.80749450670555 1.86604900378734 1.49449156178162 1.05346372374333 1.49894006946124 1.11107940296642 1.46778012532741 1.47976983431727 1.26880002580583 1.76808284805156 1.5986568601802 1.77695875102654 0.968590661417693 1.73268727143295 0 1.86908669001423 1.46854254882783 0.976240913383663 1.61292710178532 1.76968093705364 1.2493723873049 1.46028587711044 1.13337687379681 0.94900400750339 1.33910547057167 1.93047193437815
1.04701284924522 1.34649945981801 1.05026789545082 1.39480356639251 1.6335038067773 1.78759808884934 0.970019093947485 1.75061665661633 1.40493676159531 1.22014415310696 0.988129618577659 1.16054968466051 1.05448586354032 1.5452435342595 1.30881470511667 1.37216055882163 1.09124250663444 1.35506574669853 1.86908669001423 0 1.76966155390255 1.04267022339627 1.91748819267377 1.2766113106627 1.20051956153475 1.61543346941471 1.32640805165283 1.6194256900344 0.942902483511716 1.27854729373939
1.61077635991387 1.54729391215369 1.79410934098996 1.04378415644169 1.03475197567604 1.48874854133464 1.49569189641625 1.60378305753693 1.39711681567132 1.72672683908604 1.38374828756787 1.66061156592332 1.88594237458892 1.56700286618434 1.29052134766243 1.38155306340195 1.17633570195176 1.41428592195734 1.46854254882783 1.76966155390255 0 1.51477132341824 1.8222832751926 1.33567239716649 1.03458716650493 1.26612339518033 1.91545918723568 1.55408379947767 1.36845355900005 1.00853970274329
1.87457772158086 1.50520544755273 1.26235740305856 1.57442547404207 1.28145309537649 1.69983571954072 1.27185913198628 1.68561128224246 1.57967260386795 1.34497251617722 1.91559915500693 1.86538747674786 1.49278139998205 1.48343890882097 1.21175288106315 1.09919473319314 1.01526040770113 1.47658784198575 0.976240913383663 1.04267022339627 1.51477132341824 0 1.77828998910263 1.78530056704767 0.970169767504558 1.88192458427511 1.59763133269735 1.34991860599257 1.35475385235623 1.88328895880841
1.70316496025771 1.56288583553396 1.91088554961607 1.64991581160575 0.971204621251673 1.00707763596438 0.947469098726287 1.03714587120339 1.78839941276237 1.38368939142674 1.77151164412498 1.4092419508379 1.67720032739453 1.13312885747291 1.28299765568227 1.18678460386582 1.09585411963053 1.27360003744252 1.61292710178532 1.91748819267377 1.8222832751926 1.77828998910263 0 1.25901509006508 1.59056650381535 1.910822406644 1.7940414911136 1.63021290185861 1.7440850015264 1.5817808418069
1.85997347091325 1.68528700084426 1.92313514766283 1.68650035187602 0.997182198567316 1.73804776510224 1.64022079645656 1.80904636229388 1.47903764876537 1.66707141464576 1.43152302224189 1.10372570133768 1.80777222663164 1.24713926040567 1.55221383390017 1.92663015774451 0.966406894149259 1.67434085067362 1.76968093705364 1.2766113106627 1.33567239716649 1.78530056704767 1.25901509006508 0 1.42654829053208 1.60658182366751 0.970295886741951 1.5145718480926 1.65444233873859 1.25987810711376
1.44850462768227 1.72197003709152 1.49125268799253 0.98479451960884 1.27304274309427 1.55853312811814 1.3978014299646 1.47658783104271 1.04310877923854 1.34497371083125 1.64548267726786 1.60679112328216 1.18340272898786 1.64081698097289 1.06494053546339 1.6980651197955 1.47543394193053 1.04224686347879 1.2493723873049 1.20051956153475 1.03458716650493 0.970169767504558 1.59056650381535 1.42654829053208 0 1.64650886249729 1.20091485907324 1.50099413027056 1.08710373798385 1.79184823902324
1.25813187705353 1.37218873342499 1.80471660103649 1.25510745518841 1.87250752002001 1.26604668726213 1.63483691751026 1.11209777439944 1.370894738473 1.28065262408927 1.49663086421788 1.4841881452594 1.71137423999608 1.86441911896691 1.7530813862104 1.40537570323795 1.88095026207156 1.24194243736565 1.46028587711044 1.61543346941471 1.26612339518033 1.88192458427511 1.910822406644 1.60658182366751 1.64650886249729 0 0.955115950899199 1.60509504121728 1.87954024923965 1.23713260889053
1.57031027274206 1.05530460132286 1.28587487014011 1.08568714978173 1.62183650815859 1.53702676179819 1.61559473630041 0.958459470421076 1.51212454587221 1.89942765096202 1.07910510268994 1.67867328552529 1.72483526426367 1.25781777780503 1.6334943654947 1.83338974276558 1.57681810366921 1.7409818621818 1.13337687379681 1.32640805165283 1.91545918723568 1.59763133269735 1.7940414911136 0.970295886741951 1.20091485907324 0.955115950899199 0 1.09315531281754 1.59419157961383 1.33847303153016
1.51523547968827 1.55377792753279 0.979129400337115 0.995734327705577 1.28981239977293 1.70623541180976 1.5637928750366 0.950803372543305 1.13914709165692 1.353745309636 1.45825843582861 1.39108285820112 1.88250007922761 1.589264475042 1.3473886270076 1.77470544376411 1.4471067651175 1.56772202928551 0.94900400750339 1.6194256900344 1.55408379947767 1.34991860599257 1.63021290185861 1.5145718480926 1.50099413027056 1.60509504121728 1.09315531281754 0 1.71426553744823 1.75346149783581
1.81378230266273 1.61599479243159 1.61573149636388 1.03754978324287 1.69044874049723 1.74016405967996 1.61917500174604 1.86149627505802 1.19161778921261 0.976800906471908 1.30484992661513 1.01418074895628 0.971589721972123 1.30453959223814 1.36209078598768 1.4777133106254 1.64560153032653 1.00043608434498 1.33910547057167 0.942902483511716 1.36845355900005 1.35475385235623 1.7440850015264 1.65444233873859 1.08710373798385 1.87954024923965 1.59419157961383 1.71426553744823 0 1.42222435213625
1.78267749142833 1.18586764624342 0.954163728281856 1.22336133639328 1.46319326502271 1.55912050488405 1.599616646301 1.2872647838667 1.21228739013895 1.90972222900018 1.69311606581323 1.56143998191692 1.72486536693759 1.52354250708595 1.60133856465109 1.46434610174038 1.39085703552701 1.51893573906273 1.93047193437815 1.27854729373939 1.00853970274329 1.88328895880841 1.5817808418069 1.25987810711376 1.79184823902324 1.23713260889053 1.33847303153016 1.75346149783581 1.42222435213625 0
