0 1.11013645771891 1.23501001414843 1.3589667850174 1.13239149143919 0.997486670967191 1.7233599210158 1.55769132031128 1.32000644202344 1.28554588835686 1.44108896213584 1.78254647506401 1.19803377659991 1.78235850809142 1.57306906604208 1.03640394285321 1.11795222572982 1.39675898430869 1.67760656494647 1.48212792817503 1.88167502102442 1.2542021991685 1.73833841807209 1.19015597947873 1.3401286364533 1.90400639618747 1.08262762310915 1.80723438807763 1.21407814114355 1.54851611377671
1.11013645771891 0 1.44212212762795 1.54814414819703 1.76460834732279 1.74211331247352 1.08196632540785 1.79032214358449 1.26354746473953 1.53495020582341 1.17579413834028 1.29326671594754 1.05614025960676 1.89671230269596 1.31502601038665 1.58268005773425 1.10681660450064 1.34489280194975 1.39121290808544 1.18934584828094 1.27332447632216 1.46811805129983 1.28574243653566 1.62509862543084 1.1474241737742 1.38790836301632 1.14599177613854 1.70300551457331 1.30829174444079 1.05568776838481
1.23501001414843 1.44212212762795 0 0.983430609572679 1.91747779236175 1.91575933201239 1.13078146171756 1.31470943591557 1.58906216640025 1.82537964265794 1.12150611029938 1.23617552872747 0.997684439411387 0.967385475290939 1.87267773412168 1.81241745804437 1.02998872776516 1.53346776496619 1.84148786007427 0.975171816535294 1.47565803001635 1.70735701965168 1.52027815696783 1.69359361357056 1.17622712883167 1.93330615572631 1.2789179191459 1.05214669695124 0.974816507427022 1.36119341780432
1.3589667850174 1.54814414819703 0.983430609572679 0 1.27270076004788 1.03152369614691 1.67286593094468 1.80732645606622 1.3489856836386 1.2942844487261 0.941833768272772 1.38080242229626 1.86736612138338 1.42548861121759 1.52137810480781 1.3992103911005 1.25858261808753 1.52409142674878 1.28994018374942 1.14388587581925 1.08565836702473 1.89135504653677 0.994195467559621 1.45189847098663 1.03224187577143 1.49465230270289 0.986527692526579 1.09898859658279 1.28113208129071 1.59537943499163
1.13239149143919 1.76460834732279 1.91747779236175 1.27270076004788 0 1.88608761667274 1.3282547078561 1.1582715944387 1.140361296013 1.46469603828155 1.23700051871128 1.52752699539997 1.91556321782991 1.14130043494515 1.57437365828082 1.79003554396331 1.44157189014368 1.28568351292051 1.08637801976874 1.16325151710771 1.80986100318842 1.09650867641903 1.76552772265859 1.03701662574895 1.42313305987045 1.28264227625914 1.53106880420819 1.55471915542148 1.12350447941571 1.78143856697716
0.997486670967191 1.74211331247352 1.91575933201239 1.03152369614691 1.88608761667274 0 1.15704042650759 1.61026821658015 1.83292073733173 1.10863656760193 1.73518091393635 0.966522419359535 1.43866237369366 1.7981041201856 1.61137529369444 1.47762470389716 0.962667103623971 1.06420441530645 0.965852088062093 1.30890615959652 1.56211697752587 1.03071528766304 0.985673539806157 1.05465773050673 1.58607440697961 1.55631841369905 1.06369662075303 1.71827325201593 1.57370181870647 1.83527793898247
1.7233599210158 1.08196632540785 1.13078146171756 1.67286593094468 1.3282547078561 1.15704042650759 0 0.947337885154411 1.66960219945759 1.06950999074616 1.37763824430294 1.06272384640761 1.65604061214253 1.06243208656088 1.78810045775026 1.0666593706701 1.01324427686632 1.18879183474928 1.89743435708806 1.45425991201773 1.04799556359649 1.27548599243164 1.44096225779504 1.40449349791743 1.23132988787256 1.02555832383223 1.8919401129242 1.44613454025239 1.83983064140193 1.36281834798865
1.55769132031128 1.79032214358449 1.31470943591557 1.80732645606622 1.1582715944387 1.61026821658015 0.947337885154411 0 1.02334825182334 0.950389995239675 1.71869991603307 1.90398165816441 1.91456387634389 1.22685303399339 1.77245024335571 1.12933956133202 1.44287629495375 1.68226498598233 1.23698457330465 1.84580960916355 1.49626421323046 0.987296097213402 1.41917283507064 1.0756928070914 1.71495579672046 1.2417823029682 1.13168281619437 1.25962885958143 1.42867844784632 1.18335668626241
1.32000644202344 1.26354746473953 1.58906216640025 1.3489856836386 1.140361296013 1.83292073733173 1.66960219945759 1.02334825182334 0 1.45475031225942 1.79439221252687 1.18057676847093 1.68581450893544 1.44839541846886 1.61195274628699 1.71212186687626 1.80272908438928 1.07437081146054 1.83955810382031 0.94902426097542 1.76738448790275 1.22934569930658 1.30201432621107 1.13349239039235 1.8167726972606 1.84277458046563 1.7022605438251 1.33853434771299 1.63604009058326 1.93150853132829
1.28554588835686 1.53495020582341 1.82537964265794 1.2942844487261 1.46469603828155 1.10863656760193 1.06950999074616 0.950389995239675 1.45475031225942 0 1.17915020301007 0.95868259225972 1.34100491506979 1.39157698326744 1.51241039857268 1.47264234814793 1.86618199851364 1.43879452510737 1.91143371607177 1.0162329825107 1.04972193553112 1.39811697625555 1.35290319938213 1.55687266029418 1.0345747130923 0.971408122917637 1.57301695691422 1.74095777305774 1.35732258833013 1.73360952199437
1.44108896213584 1.17579413834028 1.12150611029938 0.941833768272772 1.23700051871128 1.73518091393635 1.37763824430294 1.71869991603307 1.79439221252687 1.17915020301007 0 1.85691894381307 1.13481683982536 1.16250592772849 1.53397253109142 1.30077269626781 1.29412028752267 1.1717353684362 1.7508233259432 1.22499504452571 1.64326498750597 0.961045982083306 1.68821186688729 1.83257689140737 1.47345097805373 1.83644326659851 1.91182814631611 1.69028227031231 0.957354543963447 1.85425998037681
1.78254647506401 1.29326671594754 1.23617552872747 1.38080242229626 1.52752699539997 0.966522419359535 1.06272384640761 1.90398165816441 1.18057676847093 0.95868259225972 1.85691894381307 0 1.23747251019813 0.995736778015271 1.71176441223361 1.61722356290556 1.57483643176965 1.30955607164651 1.11882171337493 1.0739131171722 1.1040420064237 1.93334215832874 1.08071032282896 1.26171728223562 1.50809263670817 1.18069221894257 1.90198063943535 1.6857037092559 1.73471674136817 1.73130303132348
1.19803377659991 1.05614025960676 0.997684439411387 1.86736612138338 1.91556321782991 1.43866237369366 1.65604061214253 1.91456387634389 1.68581450893544 1.34100491506979 1.13481683982536 1.23747251019813 0 1.33300401153974 1.18851301795803 1.91710995673202 1.51611601840705 1.6509369390551 1.31505468906835 1.06509246025234 1.3196115065366 1.26445276616141 0.937385038007051 0.985193371539935 1.22334026847966 1.82108056778088 1.46196813788265 1.64783299900591 1.03845646907575 1.52061025612056
1.78235850809142 1.89671230269596 0.967385475290939 1.42548861121759 1.14130043494515 1.7981041201856 1.06243208656088 1.22685303399339 1.44839541846886 1.39157698326744 1.16250592772849 0.995736778015271 1.33300401153974 0 1.76329725282267 1.55484161572531 1.74002520204522 1.36555564939044 1.08838641108014 1.04914661310613 1.64115838962607 1.57977158343419 0.937160543398932 1.79876512056217 1.74972034757957 1.78188707144 0.994511757977307 1.04354785382748 0.941005456959829 1.34548165742308
1.57306906604208 1.31502601038665 1.87267773412168 1.52137810480781 1.57437365828082 1.61137529369444 1.78810045775026 1.77245024335571 1.61195274628699 1.51241039857268 1.53397253109142 1.71176441223361 1.18851301795803 1.76329725282267 0 1.859581860248 1.7911860414315 1.37469915742986 1.6812882409431 1.79180717212148 1.14560372382402 1.26401133416221 1.02706309896894 1.00924935680814 1.64496120368131 1.86644754977897 1.72290037502535 1.63933362788521 1.22827013977803 0.935590926557779
1.03640394285321 1.58268005773425 1.81241745804437 1.3992103911005 1.79003554396331 1.47762470389716 1.0666593706701 1.12933956133202 1.71212186687626 1.47264234814793 1.30077269626781 1.61722356290556 1.91710995673202 1.55484161572531 1.859581860248 0 1.557601692155 1.33553572557867 1.50761182745919 1.87803042074665 1.39052537782118 0.987264886265621 1.92202949593775 1.39142263494432 0.967572565656155 1.27726596500725 1.33607389754616 1.87989459303208 0.969292608322576 1.67420491250232
1.11795222572982 1.10681660450064 1.02998872776516 1.25858261808753 1.44157189014368 0.962667103623971 1.01324427686632 1.44287629495375 1.80272908438928 1.86618199851364 1.29412028752267 1.57483643176965 1.51611601840705 1.74002520204522 1.7911860414315 1.557601692155 0 1.39428050490096 1.04530505253933 1.37887417618185 1.49307915917598 1.32537833089009 1.60732339974493 1.79568421514705 1.7337233107537 1.38611569278874 1.06267340830527 1.34397690696642 0.957606153329834 1.02094320673496
1.39675898430869 1.34489280194975 1.53346776496619 1.52409142674878 1.28568351292051 1.06420441530645 1.18879183474928 1.68226498598233 1.07437081146054 1.43879452510737 1.1717353684362 1.30955607164651 1.6509369390551 1.36555564939044 1.37469915742986 1.33553572557867 1.39428050490096 0 0.958138251677155 1.36591242789291 1.85688507906161 1.38687453279272 0.961598235880956 1.36474351258948 1.90659673139453 1.01505935820751 1.8606207119301 1.35283317742869 1.2318795977626 1.06427530688234
1.67760656494647 1.39121290808544 1.84148786007427 1.28994018374942 1.08637801976874 0.965852088062093 1.89743435708806 1.23698457330465 1.83955810382031 1.91143371607177 1.7508233259432 1.11882171337493 1.31505468906835 1.08838641108014 1.6812882409431 1.50761182745919 1.04530505253933 0.958138251677155 0 1.80501900962554 1.51034787623212 1.86885543563403 1.49292337871157 1.45361822354607 1.6804561347235 1.68194503593259 1.23278375598602 1.09959191759117 1.01334105082788 0.962457557674497
1.48212792817503 1.18934584828094 0.975171816535294 1.14388587581925 1.16325151710771 1.30890615959652 1.45425991201773 1.84580960916355 0.94902426097542 1.0162329825107 1.22499504452571 1.0739131171722 1.06509246025234 1.04914661310613 1.79180717212148 1.87803042074665 1.37887417618185 1.36591242789291 1.80501900962554 0 1.43350939149968 1.21295215305872 1.82349534030072 1.84454366052523 1.69094756664708 1.28650279296562 0.93873377260752 1.58122879290022 1.74660276761279 1.26919364812784
1.88167502102442 1.27332447632216 1.47565803001635 1.08565836702473 1.80986100318842 1.56211697752587 1.04799556359649 1.49626421323046 1.76738448790275 1.04972193553112 1.64326498750597 1.1040420064237 1.3196115065366 1.64115838962607 1.14560372382402 1.39052537782118 1.49307915917598 1.85688507906161 1.51034787623212 1.43350939149968 0 1.46449418691918 1.67853701207787 1.61883370368741 1.05342132039368 1.574969711015 1.42646897700615 1.31558450055309 1.10889945970848 1.34535438194871
1.2542021991685 1.46811805129983 1.70735701965168 1.89135504653677 1.09650867641903 1.03071528766304 1.27548599243164 0.987296097213402 1.22934569930658 1.39811697625555 0.961045982083306 1.93334215832874 1.26445276616141 1.57977158343419 1.26401133416221 0.987264886265621 1.32537833089009 1.38687453279272 1.86885543563403 1.21295215305872 1.46449418691918 0 1.05641479720362 1.10215639043599 1.11565236048773 1.1039222094696 1.36054359260015 1.04740910883993 1.65815684106201 1.53221856872551
1.73833841807209 1.28574243653566 1.52027815696783 0.994195467559621 1.76552772265859 0.985673539806157 1.44096225779504 1.41917283507064 1.30201432621107 1.35290319938213 1.68821186688729 1.08071032282896 0.937385038007051 0.937160543398932 1.02706309896894 1.92202949593775 1.60732339974493 0.961598235880956 1.49292337871157 1.82349534030072 1.67853701207787 1.05641479720362 0 1.49151504784822 1.76236612093635 1.54670560453087 1.35885532712564 1.78872025059536 1.87816600035876 1.0533557261806
1.19015597947873 1.62509862543084 1.69359361357056 1.45189847098663 1.03701662574895 1.05465773050673 1.40449349791743 1.0756928070914 1.13349239039235 1.55687266029418 1.83257689140737 1.26171728223562 0.985193371539935 1.79876512056217 1.00924935680814 1.39142263494432 1.79568421514705 1.36474351258948 1.45361822354607 1.84454366052523 1.61883370368741 1.10215639043599 1.49151504784822 0 1.1423189714551 1.46219958621077 1.37732561980374 1.6095021602232 1.41103252931498 0.980318310437724
1.3401286364533 1.1474241737742 1.17622712883167 1.03224187577143 1.42313305987045 1.58607440697961 1.23132988787256 1.71495579672046 1.8167726972606 1.0345747130923 1.47345097805373 1.50809263670817 1.22334026847966 1.74972034757957 1.64496120368131 0.967572565656155 1.7337233107537 1.90659673139453 1.6804561347235 1.69094756664708 1.05342132039368 1.11565236048773 1.76236612093635 1.1423189714551 0 1.1220501807984 1.63473909231834 0.94153356552124 1.26323717436753 1.70638920599595
1.90400639618747 1.38790836301632 1.93330615572631 1.49465230270289 1.28264227625914 1.55631841369905 1.02555832383223 1.2417823029682 1.84277458046563 0.971408122917637 1.83644326659851 1.18069221894257 1.82108056778088 1.78188707144 1.86644754977897 1.27726596500725 1.38611569278874 1.01505935820751 1.68194503593259 1.28650279296562 1.574969711015 1.1039222094696 1.54670560453087 1.46219958621077 1.1220501807984 0 1.12979329796508 1.88847992103547 1.42869516974315 1.84124671202153
1.08262762310915 1.14599177613854 1.2789179191459 0.986527692526579 1.53106880420819 1.06369662075303 1.8919401129242 1.13168281619437 1.7022605438251 1.57301695691422 1.91182814631611 1.90198063943535 1.46196813788265 0.994511757977307 1.72290037502535 1.33607389754616 1.06267340830527 1.8606207119301 1.23278375598602 0.93873377260752 1.42646897700615 1.36054359260015 1.35885532712564 1.37732561980374 1.63473909231834 1.12979329796508 0 1.84404859668575 1.68741332367063 1.19691743236035
1.80723438807763 1.70300551457331 1.05214669695124 1.09898859658279 1.55471915542148 1.71827325201593 1.44613454025239 1.25962885958143 1.33853434771299 1.74095777305774 1.69028227031231 1.6857037092559 1.64783299900591 1.04354785382748 1.63933362788521 1.87989459303208 1.34397690696642 1.35283317742869 1.09959191759117 1.58122879290022 1.31558450055309 1.04740910883993 1.78872025059536 1.6095021602232 0.94153356552124 1.88847992103547 1.84404859668575 0 0.995260185794905 1.16521897562779
1.21407814114355 1.30829174444079 0.974816507427022 1.28113208129071 1.12350447941571 1.57370181870647 1.83983064140193 1.42867844784632 1.63604009058326 1.35732258833013 0.957354543963447 1.73471674136817 1.03845646907575 0.941005456959829 1.22827013977803 0.969292608322576 0.957606153329834 1.2318795977626 1.01334105082788 1.74660276761279 1.10889945970848 1.65815684106201 1.87816600035876 1.41103252931498 1.26323717436753 1.42869516974315 1.68741332367063 0.995260185794905 0 1.11101130978204
1.54851611377671 1.05568776838481 1.36119341780432 1.59537943499163 1.78143856697716 1.83527793898247 1.36281834798865 1.18335668626241 1.93150853132829 1.73360952199437 1.85425998037681 1.73130303132348 1.52061025612056 1.34548165742308 0.935590926557779 1.67420491250232 1.02094320673496 1.06427530688234 0.962457557674497 1.26919364812784 1.34535438194871 1.53221856872551 1.0533557261806 0.980318310437724 1.70638920599595 1.84124671202153 1.19691743236035 1.16521897562779 1.11101130978204 0
