0 1.2444258001633 1.25315832090564 1.64022739604115 1.8704149024561 1.54282105574384 1.11533829756081 1.5393511778675 0.902906232513487 1.66719750454649 1.58124364772812 1.27994192764163 1.54959029634483 1.23487927834503 1.16081172064878 0.951981202000752 1.86177850142121 1.32429605675861 1.7326241468545 1.2879698802717 1.76530694053508 1.66025124280713 1.16222571046092 1.11113683832809 1.40354015841149 1.22231342992745 1.58179529174231 1.7592157246545 1.86265482218005 1.68573191203177
1.2444258001633 0 1.23116631782614 1.63567574764602 1.05539655662142 1.2973068987485 1.15118176280521 1.5558355494868 1.28456700779498 1.06428453419358 1.01706714462489 1.20447845477611 1.83371080062352 1.66734568006359 1.5566145288758 1.53068904276006 1.73982833768241 1.41337039461359 0.952379875117913 1.4150110038463 1.49769742973149 1.44794855010696 1.85114566539414 1.54794917604886 1.63990859524347 1.33530380437151 1.16101851477288 1.75296900980175 1.23295492096804 1.53385957307182
1.25315832090564 1.23116631782614 0 1.82756404834799 1.88348148972727 1.75455280509777 1.47820295626298 1.37230169237591 1.03417265741155 1.33394992002286 1.12102445191704 0.966964462539181 1.08529966603965 1.57694556820206 1.38682517758571 1.34003333095461 1.0319747289177 1.02461679186672 1.73331756377593 1.52101695584133 1.18738684733398 1.26564483670518 1.66352942609228 1.00505634048022 0.98899579513818 1.21021060505882 1.63991126907058 1.29046736937016 1.59108518529683 1.4303076704964
1.64022739604115 1.63567574764602 1.82756404834799 0 0.893170829862356 1.57041410240345 1.27164032426663 0.967716756509617 1.29968658648431 1.42735724290833 1.68070910614915 1.22370208543725 1.57517151790671 1.77572353067808 0.91484726476483 1.5942938728258 1.71773360157385 1.31750024808571 1.03428687946871 1.18807165278122 1.34616467589512 1.10166120668873 1.8531351366546 1.70280955825001 1.79776160535403 1.84748396999203 1.31615492049605 1.69639498321339 1.32106657861732 1.28675969433971
1.8704149024561 1.05539655662142 1.88348148972727 0.893170829862356 0 1.88112222054042 1.74723568395711 1.28934389702044 1.36081197555177 0.959857055684552 1.13515289756469 0.916517027188092 1.43813483440317 1.82010617549531 1.69981368281879 1.28277465491556 1.55718310410157 1.65534253581427 0.974690758157521 1.6531593836844 1.63950455142185 1.73341180291027 1.24517034948803 1.19199702236801 1.30622487538494 1.87287667393684 1.63410449656658 1.112236705143 1.0687923966907 1.39390043541789
1.54282105574384 1.2973068987485 1.75455280509777 1.57041410240345 1.88112222054042 0 1.18938499619253 1.70478134788573 1.64658683747984 1.7756945763249 1.74737610435113 1.34457785007544 0.897673779400066 1.33083018288016 1.25635093753226 0.926466421457008 1.67816023388878 1.45721497363411 0.975786510622129 1.13898926926777 1.20340032596141 1.19320510327816 1.11460465239361 1.84740045061335 1.77618252043612 1.205801414093 1.18225371697918 1.54437539400533 1.0939433593303 1.8494710046798
1.11533829756081 1.15118176280521 1.47820295626298 1.27164032426663 1.74723568395711 1.18938499619253 0 1.39154634810984 1.80357623146847 0.917294235900044 1.77585380384699 0.950103815412149 1.52788926754147 1.38528403430246 1.17286855401471 1.20719175296836 1.80753566510975 1.28397218766622 1.42352219088934 0.994782851543278 1.51599303795956 1.30194987123832 1.54342657164671 1.42704732646234 1.61143009690568 1.38250310020521 1.42871995456517 1.69487794674933 1.48862786847167 1.11727773724124
1.5393511778675 1.5558355494868 1.37230169237591 0.967716756509617 1.28934389702044 1.70478134788573 1.39154634810984 0 1.51934290467761 1.88262612046674 1.07175415428355 1.17249230667949 1.61886157398112 1.2592748363968 1.09734955662861 0.940718362806365 0.907963702687994 1.2477248639334 1.60687534650788 1.18765454995446 1.82614347944036 1.35700807790272 1.24509357032366 1.36857856833376 1.66769694769755 1.05090581602417 1.00036022742279 1.10953663405962 1.64302873937413 1.05299416021444
0.902906232513487 1.28456700779498 1.03417265741155 1.29968658648431 1.36081197555177 1.64658683747984 1.80357623146847 1.51934290467761 0 1.51585293584503 0.907132767606527 1.0341607821174 1.23294419352897 1.39371955581009 1.31061560148373 1.85316337435506 1.86049688141793 1.07508672308177 1.12409612257034 0.974206901853904 1.07663277327083 1.1590851363726 1.84984309994616 1.61923321313225 1.26709100860171 1.20373471826315 1.12780514615588 1.73258691024967 1.29824298270978 1.41109587508254
1.66719750454649 1.06428453419358 1.33394992002286 1.42735724290833 0.959857055684552 1.7756945763249 0.917294235900044 1.88262612046674 1.51585293584503 0 1.56353822769597 1.0532391841989 1.86625915626064 1.10819947882555 1.53150409623049 1.43135563889518 1.12207970349118 1.74502908601426 1.46380965737626 0.93069065362215 1.23908816603944 1.23854164173827 1.8422266964335 1.74847634113394 1.80346086295322 1.78179357550107 1.73617781512439 0.969177360180765 1.09540074807592 1.53666169475764
1.58124364772812 1.01706714462489 1.12102445191704 1.68070910614915 1.13515289756469 1.74737610435113 1.77585380384699 1.07175415428355 0.907132767606527 1.56353822769597 0 1.10755968908779 1.25692605273798 1.03728522500023 1.23409325024113 0.979154632659629 1.06463085440919 1.27368615986779 1.06244495837018 1.36965343309566 1.72551591298543 0.998634131392464 1.35469467937946 1.32264495524578 1.67048933939077 1.56991537334397 1.29600952193141 1.12155784713104 1.81315382872708 1.71604399709031
1.27994192764163 1.20447845477611 0.966964462539181 1.22370208543725 0.916517027188092 1.34457785007544 0.950103815412149 1.17249230667949 1.0341607821174 1.0532391841989 1.10755968908779 0 1.71735633444041 1.51362353772856 1.61795853101648 1.45622948789969 0.902282614726573 1.13401222531684 1.47910081967711 1.0808864145074 0.998686772305518 1.3528471828904 1.3668357655406 1.20972467423417 1.84917858801782 1.64815544709563 1.31415101210587 0.971234809607267 1.46967085474171 1.23233197862282
1.54959029634483 1.83371080062352 1.08529966603965 1.57517151790671 1.43813483440317 0.897673779400066 1.52788926754147 1.61886157398112 1.23294419352897 1.86625915626064 1.25692605273798 1.71735633444041 0 1.06761013250798 1.45036517479457 0.936446133302525 1.40819361037575 1.77720404276624 1.47921285941266 1.79055800638162 1.00211451645009 1.18972474359907 0.900225315010175 1.5603375970386 1.41371614509262 1.26240143040195 1.65560388378799 1.6239134541247 1.77140321373008 1.02208856027573
1.23487927834503 1.66734568006359 1.57694556820206 1.77572353067808 1.82010617549531 1.33083018288016 1.38528403430246 1.2592748363968 1.39371955581009 1.10819947882555 1.03728522500023 1.51362353772856 1.06761013250798 0 1.07163438131101 1.40578394336626 1.18543172534555 1.73296842444688 1.51294925645925 1.59002594067715 1.29250051314011 1.79643478197977 1.08732334384695 1.64482967322692 1.09871052438393 1.51609869929962 1.55986971128732 1.79105640063062 1.153948726831 1.76660701073706
1.16081172064878 1.5566145288758 1.38682517758571 0.91484726476483 1.69981368281879 1.25635093753226 1.17286855401471 1.09734955662861 1.31061560148373 1.53150409623049 1.23409325024113 1.61795853101648 1.45036517479457 1.07163438131101 0 1.33622225467116 1.08772129565477 1.70345488586463 0.992111305939034 0.900002395967022 1.24621899635531 1.7001279569231 1.6565139440354 1.59943469800055 1.71427110838704 1.64761060546152 1.55621150648221 1.13513592048548 1.36405026796274 1.69971032789908
0.951981202000752 1.53068904276006 1.34003333095461 1.5942938728258 1.28277465491556 0.926466421457008 1.20719175296836 0.940718362806365 1.85316337435506 1.43135563889518 0.979154632659629 1.45622948789969 0.936446133302525 1.40578394336626 1.33622225467116 0 1.0806229072623 1.78339303424582 0.939982907380909 1.82101869350299 1.28736382350326 1.86166251148097 1.34482442238368 1.15580292488448 1.44861681689508 1.10996224428527 1.73431265982799 0.934839946217835 1.25784878525883 1.3270092101302
1.86177850142121 1.73982833768241 1.0319747289177 1.71773360157385 1.55718310410157 1.67816023388878 1.80753566510975 0.907963702687994 1.86049688141793 1.12207970349118 1.06463085440919 0.902282614726573 1.40819361037575 1.18543172534555 1.08772129565477 1.0806229072623 0 1.79813487804495 1.04892172245309 1.49716607574373 1.52679848810658 1.14658442279324 1.4225878326688 0.896422252990305 1.71036530542187 1.16779309744015 1.25546390935779 0.984783570049331 0.954538241261616 1.69396495167166
1.32429605675861 1.41337039461359 1.02461679186672 1.31750024808571 1.65534253581427 1.45721497363411 1.28397218766622 1.2477248639334 1.07508672308177 1.74502908601426 1.27368615986779 1.13401222531684 1.77720404276624 1.73296842444688 1.70345488586463 1.78339303424582 1.79813487804495 0 1.36245846794918 0.90757114905864 1.4503210708499 1.34312918852083 1.03068522643298 0.909430408850312 1.77340676845051 1.18222766253166 1.76485996623524 1.72878229315393 1.27145441970788 1.8687323986087
1.7326241468545 0.952379875117913 1.73331756377593 1.03428687946871 0.974690758157521 0.975786510622129 1.42352219088934 1.60687534650788 1.12409612257034 1.46380965737626 1.06244495837018 1.47910081967711 1.47921285941266 1.51294925645925 0.992111305939034 0.939982907380909 1.04892172245309 1.36245846794918 0 1.42964817630127 1.35073977382854 0.988310578279197 1.16387280705385 1.55846316437237 1.61728153959848 0.930744290119037 1.14177020639181 1.42166366637684 1.07826522947289 1.64923441433348
1.2879698802717 1.4150110038463 1.52101695584133 1.18807165278122 1.6531593836844 1.13898926926777 0.994782851543278 1.18765454995446 0.974206901853904 0.93069065362215 1.36965343309566 1.0808864145074 1.79055800638162 1.59002594067715 0.900002395967022 1.82101869350299 1.49716607574373 0.90757114905864 1.42964817630127 0 0.925517364637926 1.3150782759767 1.16231284686364 1.77838210901245 1.72723013325594 1.61543791368604 1.28175972634926 1.46206211182289 0.961725041968748 1.78827605140395
1.76530694053508 1.49769742973149 1.18738684733398 1.34616467589512 1.63950455142185 1.20340032596141 1.51599303795956 1.82614347944036 1.07663277327083 1.23908816603944 1.72551591298543 0.998686772305518 1.00211451645009 1.29250051314011 1.24621899635531 1.28736382350326 1.52679848810658 1.4503210708499 1.35073977382854 0.925517364637926 0 1.36850268184207 1.37540284125134 0.91266799881123 1.26048552058637 1.4946089044679 1.04001205204986 1.24669464980252 1.82724313531071 1.84990957332775
1.66025124280713 1.44794855010696 1.26564483670518 1.10166120668873 1.73341180291027 1.19320510327816 1.30194987123832 1.35700807790272 1.1590851363726 1.23854164173827 0.998634131392464 1.3528471828904 1.18972474359907 1.79643478197977 1.7001279569231 1.86166251148097 1.14658442279324 1.34312918852083 0.988310578279197 1.3150782759767 1.36850268184207 0 0.921370937023312 1.45575289940462 1.06626180373132 0.907820565626025 1.09031880903058 1.74839183664881 1.36883439705707 1.44723113300279
1.16222571046092 1.85114566539414 1.66352942609228 1.8531351366546 1.24517034948803 1.11460465239361 1.54342657164671 1.24509357032366 1.84984309994616 1.8422266964335 1.35469467937946 1.3668357655406 0.900225315010175 1.08732334384695 1.6565139440354 1.34482442238368 1.4225878326688 1.03068522643298 1.16387280705385 1.16231284686364 1.37540284125134 0.921370937023312 0 1.6125723477453 1.86638112948276 1.02381152706221 1.74047732213512 1.45452790195122 1.61212144885212 1.14559667394497
1.11113683832809 1.54794917604886 1.00505634048022 1.70280955825001 1.19199702236801 1.84740045061335 1.42704732646234 1.36857856833376 1.61923321313225 1.74847634113394 1.32264495524578 1.20972467423417 1.5603375970386 1.64482967322692 1.59943469800055 1.15580292488448 0.896422252990305 0.909430408850312 1.55846316437237 1.77838210901245 0.91266799881123 1.45575289940462 1.6125723477453 0 1.67491772840731 0.969976621912792 0.953158244257793 1.8069312244188 1.71494241571054 1.4188772730995
1.40354015841149 1.63990859524347 0.98899579513818 1.79776160535403 1.30622487538494 1.77618252043612 1.61143009690568 1.66769694769755 1.26709100860171 1.80346086295322 1.67048933939077 1.84917858801782 1.41371614509262 1.09871052438393 1.71427110838704 1.44861681689508 1.71036530542187 1.77340676845051 1.61728153959848 1.72723013325594 1.26048552058637 1.06626180373132 1.86638112948276 1.67491772840731 0 1.2317511565052 1.36515584914014 1.07896526507102 1.01891063293442 1.83422703482211
1.22231342992745 1.33530380437151 1.21021060505882 1.84748396999203 1.87287667393684 1.205801414093 1.38250310020521 1.05090581602417 1.20373471826315 1.78179357550107 1.56991537334397 1.64815544709563 1.26240143040195 1.51609869929962 1.64761060546152 1.10996224428527 1.16779309744015 1.18222766253166 0.930744290119037 1.61543791368604 1.4946089044679 0.907820565626025 1.02381152706221 0.969976621912792 1.2317511565052 0 1.7940214718692 1.41907923086546 1.81883835233748 1.5578013358172
1.58179529174231 1.16101851477288 1.63991126907058 1.31615492049605 1.63410449656658 1.18225371697918 1.42871995456517 1.00036022742279 1.12780514615588 1.73617781512439 1.29600952193141 1.31415101210587 1.65560388378799 1.55986971128732 1.55621150648221 1.73431265982799 1.25546390935779 1.76485996623524 1.14177020639181 1.28175972634926 1.04001205204986 1.09031880903058 1.74047732213512 0.953158244257793 1.36515584914014 1.7940214718692 0 0.967564335558563 1.48230882035568 0.975594563176855
1.7592157246545 1.75296900980175 1.29046736937016 1.69639498321339 1.112236705143 1.54437539400533 1.69487794674933 1.10953663405962 1.73258691024967 0.969177360180765 1.12155784713104 0.971234809607267 1.6239134541247 1.79105640063062 1.13513592048548 0.934839946217835 0.984783570049331 1.72878229315393 1.42166366637684 1.46206211182289 1.24669464980252 1.74839183664881 1.45452790195122 1.8069312244188 1.07896526507102 1.41907923086546 0.967564335558563 0 1.13655643165112 1.01476631918922
1.86265482218005 1.23295492096804 1.59108518529683 1.32106657861732 1.0687923966907 1.0939433593303 1.48862786847167 1.64302873937413 1.29824298270978 1.09540074807592 1.81315382872708 1.46967085474171 1.77140321373008 1.153948726831 1.36405026796274 1.25784878525883 0.954538241261616 1.27145441970788 1.07826522947289 0.961725041968748 1.82724313531071 1.36883439705707 1.61212144885212 1.71494241571054 1.01891063293442 1.81883835233748 1.48230882035568 1.13655643165112 0 1.80115065444261
1.68573191203177 1.53385957307182 1.4303076704964 1.28675969433971 1.39390043541789 1.8494710046798 1.11727773724124 1.05299416021444 1.41109587508254 1.53666169475764 1.71604399709031 1.23233197862282 1.02208856027573 1.76660701073706 1.69971032789908 1.3270092101302 1.69396495167166 1.8687323986087 1.64923441433348 1.78827605140395 1.84990957332775 1.44723113300279 1.14559667394497 1.4188772730995 1.83422703482211 1.5578013358172 0.975594563176855 1.01476631918922 1.80115065444261 0
