0 1.80223627504893 1.55292339925654 1.01868961402215 1.56145962351002 1.44510494126007 1.18972171843052 1.31930571561679 1.71884581958875 1.74224407481961 1.1194971727673 1.05670295585878 1.69968728255481 1.36306175193749 1.63582694157958 1.29546655574813 1.80006389226764 1.23769098310731 1.16952026751824 1.30456156493165 1.7851380915381 1.04082580469549 1.51942923339084 1.22390347812325 1.50188801577315 1.11788233369589 1.07124599325471 1.30356305697933 1.64053477300331 1.14692140882835
1.80223627504893 0 1.54548429418355 1.52458755346015 1.17013544985093 1.17402700451203 1.78769101994112 1.42706719180569 1.01017289469019 1.43991248286329 1.7000698519405 1.42524792277254 1.72177940467373 0.983743468066677 1.73219708050601 1.0318291822914 1.32657796447165 1.82128225453198 1.59650058019906 1.77116394089535 1.24284920236096 1.54082128824666 1.43534668930806 1.11200904543512 1.32002327404916 1.08374845306389 1.65638855379075 1.49827510071918 1.01470953086391 1.16705349413678
1.55292339925654 1.54548429418355 0 1.01581217814237 1.16292849462479 1.11606207257137 1.79835845110938 1.43636278319173 1.90666267764755 1.63208829797804 1.66209743404761 1.88475789362565 1.70806693215854 1.57839726796374 1.46059430204332 1.58899089694023 1.07706107222475 1.4665704423096 1.84694842388853 1.43053806130774 0.956880622776225 1.39300404861569 1.12265564291738 1.51635809103027 1.88199496618472 1.01241984171793 1.78302553249523 1.5046343205031 1.28633487876505 1.49724366422743
1.01868961402215 1.52458755346015 1.01581217814237 0 0.997042996576056 1.13512929994613 1.33668770967051 1.39803085546009 1.68803581781685 1.83475047745742 1.67614368908107 1.1989486918319 1.73501052078791 1.87702278560027 1.03158576553687 1.12989461654797 1.38159927912056 0.940936166327447 1.50193186267279 1.18978226627223 0.961667908588424 1.73203702666797 1.50413900334388 1.12233922258019 1.17999593284912 1.79628263739869 1.0691101977136 1.20615190733224 1.37210976425558 1.3350833451841
1.56145962351002 1.17013544985093 1.16292849462479 0.997042996576056 0 1.64890210935846 1.58461861778051 1.87938070856035 1.48047193023376 1.27104822453111 1.72333359741606 1.30313467467204 1.15802037646063 1.46558864437975 1.43089553643949 1.79048916255124 1.43959972960874 1.81864125421271 1.78303159750067 1.79849217459559 1.26845520921052 1.1674109515734 1.1498062198516 1.45571059780195 1.33902353933081 1.07276884210296 1.45130850933492 1.28334064409137 0.962022499414161 1.84519126475789
1.44510494126007 1.17402700451203 1.11606207257137 1.13512929994613 1.64890210935846 0 1.1085630771704 1.22391796531156 1.91998589155264 0.999345665099099 1.26952941855416 1.86733802128583 1.79390587471426 1.32793760625646 1.16750905895606 1.0809096430894 1.22049950505607 1.17588110780343 1.27628176496364 1.01701283757575 0.946293791290373 1.35781652620062 1.17484583100304 1.66128433379345 1.67434945725836 0.958444544579834 1.62843045778573 1.32504687644541 1.35062489262782 1.81158446823247
1.18972171843052 1.78769101994112 1.79835845110938 1.33668770967051 1.58461861778051 1.1085630771704 0 1.76042126095854 1.89728797599673 1.08045796537772 0.966329565504566 1.62797829136252 1.03747389628552 1.03229400003329 1.24017830449156 1.73041332396679 1.66379320248961 1.76722441939637 1.51774749043398 1.82682722853497 1.42038448667154 1.7361866470892 1.73969337670133 1.54712821776047 1.69089914858341 0.984641943359748 1.73053611279465 1.04685455025174 1.29853188339621 1.61736794607714
1.31930571561679 1.42706719180569 1.43636278319173 1.39803085546009 1.87938070856035 1.22391796531156 1.76042126095854 0 1.9243342243135 1.68135936628096 1.6112534084823 1.44262556917965 1.30959358997643 1.25334325805306 1.78769984887913 1.3772830395028 1.6109198348131 1.25531870010309 1.6957219322212 1.18744409526698 1.46719964873046 0.940880675334483 1.55800773878582 1.14259495376609 1.40016728197224 1.06867701071315 1.70276971813291 1.1056754286401 1.56752804131247 1.0459458718542
1.71884581958875 1.01017289469019 1.90666267764755 1.68803581781685 1.48047193023376 1.91998589155264 1.89728797599673 1.9243342243135 0 1.41854298091494 1.60581414913759 1.46659521432593 1.44357395311818 0.981152096064761 1.37814563605934 1.27105323574506 1.16383290966041 1.56224965234287 1.7723031907808 1.77690571104176 1.16938988678157 1.18415917898528 0.960708840750158 1.06089590862393 1.56419736566022 1.63625512062572 1.85244599101134 1.8444492125418 1.06407067808323 0.968546177726239
1.74224407481961 1.43991248286329 1.63208829797804 1.83475047745742 1.27104822453111 0.999345665099099 1.08045796537772 1.68135936628096 1.41854298091494 0 1.52027675067075 1.22776567842811 1.27137984568253 1.23519489751197 1.21863047522493 1.35207441379316 1.52796117519028 1.84041912760586 1.57148598111235 1.17599180107936 1.51301025622524 1.9180846423842 1.29041749425232 1.44667144515552 1.60445333458483 1.90833497978747 1.17078702151775 1.54469518642873 1.23322697379626 1.59721674304456
1.1194971727673 1.7000698519405 1.66209743404761 1.67614368908107 1.72333359741606 1.26952941855416 0.966329565504566 1.6112534084823 1.60581414913759 1.52027675067075 0 1.50965223507956 1.89138218294829 1.07827279367484 1.02898054663092 1.00231425813399 0.965260906843469 1.16007576882839 1.206339412136 1.2607005070895 1.65003318921663 1.23440441954881 1.652561214054 1.47257051430643 1.12217454100028 1.5762364489492 1.87327641202137 1.13730084267445 0.937087079742923 1.37423984822817
1.05670295585878 1.42524792277254 1.88475789362565 1.1989486918319 1.30313467467204 1.86733802128583 1.62797829136252 1.44262556917965 1.46659521432593 1.22776567842811 1.50965223507956 0 1.53054282441735 0.959069656906649 1.02373718912713 1.48532835696824 1.3281420674175 1.03126252978109 1.17746761254966 1.35173001140356 1.7485739341937 1.09663997450843 1.85772110964172 1.83500527357683 1.88652278622612 1.86986294528469 1.5221350104548 1.08513838914223 0.996975924121216 1.21211924636737
1.69968728255481 1.72177940467373 1.70806693215854 1.73501052078791 1.15802037646063 1.79390587471426 1.03747389628552 1.30959358997643 1.44357395311818 1.27137984568253 1.89138218294829 1.53054282441735 0 1.09734710888006 1.67785276775248 1.23041886952706 1.66023422591388 1.17694778461009 1.03842520737089 1.10461650160141 1.52175813284703 1.05159251857549 1.63548009213991 1.80999979679473 1.06447095819749 1.51784859178588 1.21364439977333 1.70606429805048 1.21917049400508 1.12706233211793
1.36306175193749 0.983743468066677 1.57839726796374 1.87702278560027 1.46558864437975 1.32793760625646 1.03229400003329 1.25334325805306 0.981152096064761 1.23519489751197 1.07827279367484 0.959069656906649 1.09734710888006 0 1.37763948785141 1.07967738271691 1.52513372525573 0.963457025820389 1.17250596452504 1.35810240032151 1.25100859091617 1.04563307692297 1.53264990611933 0.962203873554245 1.78452421654947 1.60549000324681 1.25436546560377 1.68001648271456 1.82666171877645 1.65560427075252
1.63582694157958 1.73219708050601 1.46059430204332 1.03158576553687 1.43089553643949 1.16750905895606 1.24017830449156 1.78769984887913 1.37814563605934 1.21863047522493 1.02898054663092 1.02373718912713 1.67785276775248 1.37763948785141 0 1.0115667055361 1.0414729048498 1.18281772034243 1.29677061550319 1.30758459144272 1.92405719053932 1.65185169735923 1.54172398289666 0.931963305454701 1.55194304231554 1.60126593359746 1.75365068437532 1.92873249156401 1.5813609759789 1.28400110825896
1.29546655574813 1.0318291822914 1.58899089694023 1.12989461654797 1.79048916255124 1.0809096430894 1.73041332396679 1.3772830395028 1.27105323574506 1.35207441379316 1.00231425813399 1.48532835696824 1.23041886952706 1.07967738271691 1.0115667055361 0 1.59585579368286 1.17888821172528 1.1472442606464 1.21022615628317 1.19770829798654 1.05769884819165 1.13413341599517 1.9237756554503 1.75101959356107 1.32078674226068 1.02341567887925 1.33370557427406 1.23941977531649 1.68039223458618
1.80006389226764 1.32657796447165 1.07706107222475 1.38159927912056 1.43959972960874 1.22049950505607 1.66379320248961 1.6109198348131 1.16383290966041 1.52796117519028 0.965260906843469 1.3281420674175 1.66023422591388 1.52513372525573 1.0414729048498 1.59585579368286 0 1.53702840860933 1.02607843163423 1.551228254335 1.27921679522842 1.4698482316453 1.91692115203477 1.35599279892631 1.00568217271939 1.91349562560208 1.24139286763966 1.08793758694082 1.77667214930989 1.90619278303348
1.23769098310731 1.82128225453198 1.4665704423096 0.940936166327447 1.81864125421271 1.17588110780343 1.76722441939637 1.25531870010309 1.56224965234287 1.84041912760586 1.16007576882839 1.03126252978109 1.17694778461009 0.963457025820389 1.18281772034243 1.17888821172528 1.53702840860933 0 1.05879422649741 1.77473833737895 1.04786586784758 1.71317899250425 1.47425492713228 1.27236525039189 1.70815310464241 1.48459022981115 1.77567359874956 1.49520586663857 1.44093681615777 1.34589297231287
1.16952026751824 1.59650058019906 1.84694842388853 1.50193186267279 1.78303159750067 1.27628176496364 1.51774749043398 1.6957219322212 1.7723031907808 1.57148598111235 1.206339412136 1.17746761254966 1.03842520737089 1.17250596452504 1.29677061550319 1.1472442606464 1.02607843163423 1.05879422649741 0 1.29238675092347 0.984357026172802 1.31127077434212 1.92319388547912 1.49819886195473 1.00611275318079 1.78765159845352 1.18394820182584 1.19761701696552 1.6032201917842 0.992867955006659
1.30456156493165 1.77116394089535 1.43053806130774 1.18978226627223 1.79849217459559 1.01701283757575 1.82682722853497 1.18744409526698 1.77690571104176 1.17599180107936 1.2607005070895 1.35173001140356 1.10461650160141 1.35810240032151 1.30758459144272 1.21022615628317 1.551228254335 1.77473833737895 1.29238675092347 0 1.23773979442194 1.56557483808137 1.55479140835814 0.980559062678367 1.55528920516372 1.43455947912298 1.62307389150374 1.64508702559397 1.00387161760591 1.08946038968861
1.7851380915381 1.24284920236096 0.956880622776225 0.961667908588424 1.26845520921052 0.946293791290373 1.42038448667154 1.46719964873046 1.16938988678157 1.51301025622524 1.65003318921663 1.7485739341937 1.52175813284703 1.25100859091617 1.92405719053932 1.19770829798654 1.27921679522842 1.04786586784758 0.984357026172802 1.23773979442194 0 1.0469535922166 1.12861176999286 0.992093885084614 1.16960428329185 1.47381843603216 1.18678571190685 1.86172711360268 1.27208357839845 1.22923676064238
1.04082580469549 1.54082128824666 1.39300404861569 1.73203702666797 1.1674109515734 1.35781652620062 1.7361866470892 0.940880675334483 1.18415917898528 1.9180846423842 1.23440441954881 1.09663997450843 1.05159251857549 1.04563307692297 1.65185169735923 1.05769884819165 1.4698482316453 1.71317899250425 1.31127077434212 1.56557483808137 1.0469535922166 0 1.82968006934971 1.67798971850425 1.06948347343132 1.42956139612943 1.32513950089924 1.6177590561565 1.04739144537598 1.60864941240288
1.51942923339084 1.43534668930806 1.12265564291738 1.50413900334388 1.1498062198516 1.17484583100304 1.73969337670133 1.55800773878582 0.960708840750158 1.29041749425232 1.652561214054 1.85772110964172 1.63548009213991 1.53264990611933 1.54172398289666 1.13413341599517 1.91692115203477 1.47425492713228 1.92319388547912 1.55479140835814 1.12861176999286 1.82968006934971 0 1.16614982206374 1.72583006834611 0.960792642785236 1.67606390686706 1.02486226009205 1.10101576359011 1.64815606665798
1.22390347812325 1.11200904543512 1.51635809103027 1.12233922258019 1.45571059780195 1.66128433379345 1.54712821776047 1.14259495376609 1.06089590862393 1.44667144515552 1.47257051430643 1.83500527357683 1.80999979679473 0.962203873554245 0.931963305454701 1.9237756554503 1.35599279892631 1.27236525039189 1.49819886195473 0.980559062678367 0.992093885084614 1.67798971850425 1.16614982206374 0 1.35342310159467 1.88617325178348 0.955193680943921 1.28607981395908 1.50795955373906 1.67411754676141
1.50188801577315 1.32002327404916 1.88199496618472 1.17999593284912 1.33902353933081 1.67434945725836 1.69089914858341 1.40016728197224 1.56419736566022 1.60445333458483 1.12217454100028 1.88652278622612 1.06447095819749 1.78452421654947 1.55194304231554 1.75101959356107 1.00568217271939 1.70815310464241 1.00611275318079 1.55528920516372 1.16960428329185 1.06948347343132 1.72583006834611 1.35342310159467 0 1.3784598459024 1.90461485576816 1.39084568805993 1.26976078702137 1.17958732275292
1.11788233369589 1.08374845306389 1.01241984171793 1.79628263739869 1.07276884210296 0.958444544579834 0.984641943359748 1.06867701071315 1.63625512062572 1.90833497978747 1.5762364489492 1.86986294528469 1.51784859178588 1.60549000324681 1.60126593359746 1.32078674226068 1.91349562560208 1.48459022981115 1.78765159845352 1.43455947912298 1.47381843603216 1.42956139612943 0.960792642785236 1.88617325178348 1.3784598459024 0 1.86144398199394 1.4743303633295 1.43426994956098 1.21015348657966
1.07124599325471 1.65638855379075 1.78302553249523 1.0691101977136 1.45130850933492 1.62843045778573 1.73053611279465 1.70276971813291 1.85244599101134 1.17078702151775 1.87327641202137 1.5221350104548 1.21364439977333 1.25436546560377 1.75365068437532 1.02341567887925 1.24139286763966 1.77567359874956 1.18394820182584 1.62307389150374 1.18678571190685 1.32513950089924 1.67606390686706 0.955193680943921 1.90461485576816 1.86144398199394 0 1.13031175802462 1.81226704875007 1.15111342491582
1.30356305697933 1.49827510071918 1.5046343205031 1.20615190733224 1.28334064409137 1.32504687644541 1.04685455025174 1.1056754286401 1.8444492125418 1.54469518642873 1.13730084267445 1.08513838914223 1.70606429805048 1.68001648271456 1.92873249156401 1.33370557427406 1.08793758694082 1.49520586663857 1.19761701696552 1.64508702559397 1.86172711360268 1.6177590561565 1.02486226009205 1.28607981395908 1.39084568805993 1.4743303633295 1.13031175802462 0 1.34765696292743 1.40758654545061
1.64053477300331 1.01470953086391 1.28633487876505 1.37210976425558 0.962022499414161 1.35062489262782 1.29853188339621 1.56752804131247 1.06407067808323 1.23322697379626 0.937087079742923 0.996975924121216 1.21917049400508 1.82666171877645 1.5813609759789 1.23941977531649 1.77667214930989 1.44093681615777 1.6032201917842 1.00387161760591 1.27208357839845 1.04739144537598 1.10101576359011 1.50795955373906 1.26976078702137 1.43426994956098 1.81226704875007 1.34765696292743 0 1.45894846576266
1.14692140882835 1.16705349413678 1.49724366422743 1.3350833451841 1.84519126475789 1.81158446823247 1.61736794607714 1.0459458718542 0.968546177726239 1.59721674304456 1.37423984822817 1.21211924636737 1.12706233211793 1.65560427075252 1.28400110825896 1.68039223458618 1.90619278303348 1.34589297231287 0.992867955006659 1.08946038968861 1.22923676064238 1.60864941240288 1.64815606665798 1.67411754676141 1.17958732275292 1.21015348657966 1.15111342491582 1.40758654545061 1.45894846576266 0
