0 1.16536274389364 1.43605569144711 0.971908858744428 1.93545483378693 1.09419484413229 1.79574940190651 1.48798281140625 0.955860941438004 1.55962861678563 1.2511918656528 1.39155562547967 1.73172910138965 1.14182314532809 1.41703098383732 1.30507570924237 1.82470092456788 1.42577704065479 1.13295620167628 1.42579422937706 1.23989871400408 1.80124353151768 1.22153126541525 1.18871473311447 1.20043635321781 1.47678325232118 1.01674188743345 1.23237766721286 1.15243708179332 1.70354263088666
1.16536274389364 0 1.71952549205162 1.66712040337734 1.48181708133779 1.11282058199868 1.45734989270568 1.40987208671868 1.74999920418486 1.21771789295599 1.25282457261346 1.25627165613696 1.66163723077625 0.964953769929707 1.2169671820011 1.31518128444441 1.14305980061181 1.62165491678752 1.34925497253425 1.88107117684558 1.66874142969027 1.63524871389382 1.03804846596904 1.62846218538471 1.34511324972846 1.71907679061405 1.2490503359586 1.81224102014676 1.20254588965327 1.30978214833885
1.43605569144711 1.71952549205162 0 1.7660021444317 1.48805839638226 1.65270246006548 1.25905002350919 1.0579226615373 1.03087733103894 1.25133148394525 1.67990029300563 1.00525844958611 1.57752165547572 1.87728826818056 1.70242170221172 1.04970973799936 1.39691757084802 1.58923805225641 1.68338074302301 0.95418020687066 1.82361524063163 1.89624579693191 1.54625133913942 1.55519536905922 1.31968830456026 1.62615487584844 1.84842134872451 1.64047370525077 1.86618874268606 1.1014782236889
0.971908858744428 1.66712040337734 1.7660021444317 0 1.66956614004448 0.950791575247422 0.972336733713746 1.54590275953524 1.92776980018243 1.31470044259913 1.5678118749056 1.53706159745343 1.50722153880633 1.14226452424191 1.22744176909328 0.967913125641644 1.46840766235255 0.974840729730204 1.19739547371864 1.50621562846936 1.04123536357656 1.54694586177357 1.17404637718573 0.97495600162074 1.88083541207016 0.973065126920119 1.16607785900123 1.51340546249412 1.91480429982767 1.78861657576635
1.93545483378693 1.48181708133779 1.48805839638226 1.66956614004448 0 1.19495904957876 1.5813304327894 0.954955441877246 1.57855039346032 1.29906698758714 1.15164511045441 1.20410194247961 1.70003676856868 1.94243157212622 1.75952090509236 0.977382390992716 1.87097252439708 1.19363375892863 0.972046243026853 1.51699715759605 1.80491468729451 1.36652335058898 1.03359251306392 1.86138505558483 1.73992707813159 1.61092627397738 1.35984106152318 1.69768780353479 1.05090546188876 1.01702526723966
1.09419484413229 1.11282058199868 1.65270246006548 0.950791575247422 1.19495904957876 0 1.47119094058871 1.91915991064161 1.02221983484924 1.66933851223439 1.00851407554001 1.75319561525248 1.29111241735518 1.86855629924685 1.15312611940317 1.29135750047863 1.49255838640966 1.37846357584931 1.25105845881626 0.980736927129328 1.79112460673787 1.84941570460796 0.981586245121434 0.965068954508752 1.21970795234665 1.72170949238352 1.41944151744246 1.8372440058738 1.00243547162972 1.12184340576641
1.79574940190651 1.45734989270568 1.25905002350919 0.972336733713746 1.5813304327894 1.47119094058871 0 1.28326297039166 1.37780188955367 1.2844930968713 1.71301631978713 1.76692197844386 0.966826651245356 1.08563426230103 1.59505767072551 1.38931615720503 1.17203156556934 0.997647129232064 1.85629346291535 1.46535827941261 1.66346567450091 1.75044637778774 1.81451031798497 1.42403104505502 1.15692007681355 1.05602669133805 1.63299771375023 0.979993298184127 1.39956369972788 1.81737081333995
1.48798281140625 1.40987208671868 1.0579226615373 1.54590275953524 0.954955441877246 1.91915991064161 1.28326297039166 0 1.34105449798517 1.17741230665706 1.74776716553606 1.82249705423601 1.59874446503818 1.52565968362615 0.947901796782389 1.84787379275076 1.80637198360637 1.35661113099195 1.01667834981345 1.17870149412192 1.70291113830172 1.14076683507301 1.76515739760362 1.19614432635717 1.44049692549743 0.956800455460325 1.43331817374565 1.26628846675158 1.66204749536701 1.39777397061698
0.955860941438004 1.74999920418486 1.03087733103894 1.92776980018243 1.57855039346032 1.02221983484924 1.37780188955367 1.34105449798517 0 1.88878632476553 1.19283172651194 1.59183406992815 1.79666444682516 1.9102931462694 1.3926612532232 1.74801826127805 1.16245211218484 1.28388777608052 1.93445210158825 1.49914824380539 1.66546217305586 1.62156797805801 0.993189579341561 1.90962973237038 1.53911555907689 1.43500513676554 1.14040708588436 1.55211026594043 1.72631333791651 1.55426458246075
1.55962861678563 1.21771789295599 1.25133148394525 1.31470044259913 1.29906698758714 1.66933851223439 1.2844930968713 1.17741230665706 1.88878632476553 0 1.02642674418166 1.70180145697668 1.45849169977009 1.67214194033295 1.70234431885183 1.73076853714883 1.3091349597089 1.48398539191112 1.87774963281117 1.17887196480297 1.35764420940541 1.40641935006715 1.15486621903256 1.85325714643113 1.75926939630881 1.59941714559682 1.35769486567006 1.31404187413864 1.31179658230394 1.32831154507585
1.2511918656528 1.25282457261346 1.67990029300563 1.5678118749056 1.15164511045441 1.00851407554001 1.71301631978713 1.74776716553606 1.19283172651194 1.02642674418166 0 1.40199231216684 1.35523739573546 1.33035928709432 1.78454823582433 1.0329260036815 1.11510399403051 1.28275872347876 1.87024289485998 1.145098377252 1.86150863114744 1.20926443627104 1.63740554172546 1.31105015566573 1.16323360195383 1.22603317908943 1.21128194918856 1.57694231136702 0.983180400216952 1.41529720742255
1.39155562547967 1.25627165613696 1.00525844958611 1.53706159745343 1.20410194247961 1.75319561525248 1.76692197844386 1.82249705423601 1.59183406992815 1.70180145697668 1.40199231216684 0 1.85728612309322 1.93076814035885 1.63220560085028 0.956042769830674 1.28444426506758 1.87464672257192 1.53579233027995 1.15014561917633 1.82726126210764 1.15378462802619 1.64730967115611 1.83464519167319 1.11712468741462 1.08959134249017 1.27466611028649 1.8495069956407 1.23575285612606 1.81898763752542
1.73172910138965 1.66163723077625 1.57752165547572 1.50722153880633 1.70003676856868 1.29111241735518 0.966826651245356 1.59874446503818 1.79666444682516 1.45849169977009 1.35523739573546 1.85728612309322 0 1.79593899915926 1.62315788213164 1.19430789584294 1.46902557485737 1.09012919082306 1.63735141418874 1.69145855563693 0.994151056045666 1.87838542927057 1.58046679757535 1.89541399758309 1.65007190057077 1.15915024839342 0.94611861766316 1.60041520115919 1.29472812195309 1.2715050498955
1.14182314532809 0.964953769929707 1.87728826818056 1.14226452424191 1.94243157212622 1.86855629924685 1.08563426230103 1.52565968362615 1.9102931462694 1.67214194033295 1.33035928709432 1.93076814035885 1.79593899915926 0 1.80292352754623 1.11919126892462 1.5568153031636 1.07416427158751 1.04767230129801 1.44346360838972 1.10391928814352 1.90560644189827 1.087600273313 1.81422383966856 1.87268528528512 1.51885812589899 1.49697839538567 1.57649968285114 1.20873844367452 1.26800638367422
1.41703098383732 1.2169671820011 1.70242170221172 1.22744176909328 1.75952090509236 1.15312611940317 1.59505767072551 0.947901796782389 1.3926612532232 1.70234431885183 1.78454823582433 1.63220560085028 1.62315788213164 1.80292352754623 0 1.3434771974571 1.45617367560044 1.49268097546883 1.59639735869132 1.12097462243401 1.73647260549478 1.12114516785368 1.46211690409109 1.25589129212312 1.29235230013728 1.14567372319289 1.04227974731475 1.23094108561054 1.54447974869981 1.12727813050151
1.30507570924237 1.31518128444441 1.04970973799936 0.967913125641644 0.977382390992716 1.29135750047863 1.38931615720503 1.84787379275076 1.74801826127805 1.73076853714883 1.0329260036815 0.956042769830674 1.19430789584294 1.11919126892462 1.3434771974571 0 1.2116054627113 1.38169399602339 1.30176303721964 1.12665177509189 1.58986544422805 1.48983222525567 1.69363091303967 1.41591760003939 1.28461550734937 1.47494394774549 1.1316502164118 1.09142366959713 1.68561130831949 1.06539139267989
1.82470092456788 1.14305980061181 1.39691757084802 1.46840766235255 1.87097252439708 1.49255838640966 1.17203156556934 1.80637198360637 1.16245211218484 1.3091349597089 1.11510399403051 1.28444426506758 1.46902557485737 1.5568153031636 1.45617367560044 1.2116054627113 0 1.8538011549972 1.1427236199379 1.77727448754013 1.05432604718953 1.83940178249031 1.88636363320984 1.47471688408405 1.54830342018977 1.41754855588078 1.14673553570174 1.2965187530499 1.33946362673305 1.09121773648076
1.42577704065479 1.62165491678752 1.58923805225641 0.974840729730204 1.19363375892863 1.37846357584931 0.997647129232064 1.35661113099195 1.28388777608052 1.48398539191112 1.28275872347876 1.87464672257192 1.09012919082306 1.07416427158751 1.49268097546883 1.38169399602339 1.8538011549972 0 1.87846824806184 1.60590401221998 1.09734385251068 1.74387543764897 1.34143088432029 1.88412082451396 1.35344280814752 1.00627599912696 1.05994556774385 1.76223543193191 1.34290558262728 1.83890579314902
1.13295620167628 1.34925497253425 1.68338074302301 1.19739547371864 0.972046243026853 1.25105845881626 1.85629346291535 1.01667834981345 1.93445210158825 1.87774963281117 1.87024289485998 1.53579233027995 1.63735141418874 1.04767230129801 1.59639735869132 1.30176303721964 1.1427236199379 1.87846824806184 0 1.60738471127115 1.63166170776822 1.89630632149056 0.950108553981408 1.72629387793131 1.18551683356054 1.64277297770604 1.66819115658291 1.00619258964434 1.49318062863313 1.2998230077792
1.42579422937706 1.88107117684558 0.95418020687066 1.50621562846936 1.51699715759605 0.980736927129328 1.46535827941261 1.17870149412192 1.49914824380539 1.17887196480297 1.145098377252 1.15014561917633 1.69145855563693 1.44346360838972 1.12097462243401 1.12665177509189 1.77727448754013 1.60590401221998 1.60738471127115 0 1.85069766291417 1.3504601479508 1.3258035199251 1.92588861985132 1.79631401598454 1.6026568764355 1.10310101672076 1.38149087876081 1.67184317135252 1.08491080836393
1.23989871400408 1.66874142969027 1.82361524063163 1.04123536357656 1.80491468729451 1.79112460673787 1.66346567450091 1.70291113830172 1.66546217305586 1.35764420940541 1.86150863114744 1.82726126210764 0.994151056045666 1.10391928814352 1.73647260549478 1.58986544422805 1.05432604718953 1.09734385251068 1.63166170776822 1.85069766291417 0 1.46223976579495 1.81112006073818 1.71220158529468 1.1064009135589 1.91864431113936 1.24067323282361 1.76574457157403 1.63974056718871 1.92821154161356
1.80124353151768 1.63524871389382 1.89624579693191 1.54694586177357 1.36652335058898 1.84941570460796 1.75044637778774 1.14076683507301 1.62156797805801 1.40641935006715 1.20926443627104 1.15378462802619 1.87838542927057 1.90560644189827 1.12114516785368 1.48983222525567 1.83940178249031 1.74387543764897 1.89630632149056 1.3504601479508 1.46223976579495 0 0.959411056246608 1.38044114666991 1.41089606564492 1.61102252127603 1.83958623697981 1.04449015506543 1.0949542648159 1.64612465677783
1.22153126541525 1.03804846596904 1.54625133913942 1.17404637718573 1.03359251306392 0.981586245121434 1.81451031798497 1.76515739760362 0.993189579341561 1.15486621903256 1.63740554172546 1.64730967115611 1.58046679757535 1.087600273313 1.46211690409109 1.69363091303967 1.88636363320984 1.34143088432029 0.950108553981408 1.3258035199251 1.81112006073818 0.959411056246608 0 1.34516514511779 1.53875401476398 1.83563142409548 1.50363441486843 1.94239591155201 1.09099632757716 1.83797750063241
1.18871473311447 1.62846218538471 1.55519536905922 0.97495600162074 1.86138505558483 0.965068954508752 1.42403104505502 1.19614432635717 1.90962973237038 1.85325714643113 1.31105015566573 1.83464519167319 1.89541399758309 1.81422383966856 1.25589129212312 1.41591760003939 1.47471688408405 1.88412082451396 1.72629387793131 1.92588861985132 1.71220158529468 1.38044114666991 1.34516514511779 0 0.952250793576241 1.34626567317173 1.91512153972872 1.43059451086447 1.43329113186337 1.20077895722352
1.20043635321781 1.34511324972846 1.31968830456026 1.88083541207016 1.73992707813159 1.21970795234665 1.15692007681355 1.44049692549743 1.53911555907689 1.75926939630881 1.16323360195383 1.11712468741462 1.65007190057077 1.87268528528512 1.29235230013728 1.28461550734937 1.54830342018977 1.35344280814752 1.18551683356054 1.79631401598454 1.1064009135589 1.41089606564492 1.53875401476398 0.952250793576241 0 1.91934437374584 1.3617570430506 1.351658312371 1.02878910512663 1.04820870864205
1.47678325232118 1.71907679061405 1.62615487584844 0.973065126920119 1.61092627397738 1.72170949238352 1.05602669133805 0.956800455460325 1.43500513676554 1.59941714559682 1.22603317908943 1.08959134249017 1.15915024839342 1.51885812589899 1.14567372319289 1.47494394774549 1.41754855588078 1.00627599912696 1.64277297770604 1.6026568764355 1.91864431113936 1.61102252127603 1.83563142409548 1.34626567317173 1.91934437374584 0 1.37440893100575 1.32338984264061 1.76681342883967 1.1788758658804
1.01674188743345 1.2490503359586 1.84842134872451 1.16607785900123 1.35984106152318 1.41944151744246 1.63299771375023 1.43331817374565 1.14040708588436 1.35769486567006 1.21128194918856 1.27466611028649 0.94611861766316 1.49697839538567 1.04227974731475 1.1316502164118 1.14673553570174 1.05994556774385 1.66819115658291 1.10310101672076 1.24067323282361 1.83958623697981 1.50363441486843 1.91512153972872 1.3617570430506 1.37440893100575 0 1.68687188113108 1.18069709441625 1.34519442799501
1.23237766721286 1.81224102014676 1.64047370525077 1.51340546249412 1.69768780353479 1.8372440058738 0.979993298184127 1.26628846675158 1.55211026594043 1.31404187413864 1.57694231136702 1.8495069956407 1.60041520115919 1.57649968285114 1.23094108561054 1.09142366959713 1.2965187530499 1.76223543193191 1.00619258964434 1.38149087876081 1.76574457157403 1.04449015506543 1.94239591155201 1.43059451086447 1.351658312371 1.32338984264061 1.68687188113108 0 1.86276764818467 1.06801005499437
1.15243708179332 1.20254588965327 1.86618874268606 1.91480429982767 1.05090546188876 1.00243547162972 1.39956369972788 1.66204749536701 1.72631333791651 1.31179658230394 0.983180400216952 1.23575285612606 1.29472812195309 1.20873844367452 1.54447974869981 1.68561130831949 1.33946362673305 1.34290558262728 1.49318062863313 1.67184317135252 1.63974056718871 1.0949542648159 1.09099632757716 1.43329113186337 1.02878910512663 1.76681342883967 1.18069709441625 1.86276764818467 0 1.632629777072
1.70354263088666 1.30978214833885 1.1014782236889 1.78861657576635 1.01702526723966 1.12184340576641 1.81737081333995 1.39777397061698 1.55426458246075 1.32831154507585 1.41529720742255 1.81898763752542 1.2715050498955 1.26800638367422 1.12727813050151 1.06539139267989 1.09121773648076 1.83890579314902 1.2998230077792 1.08491080836393 1.92821154161356 1.64612465677783 1.83797750063241 1.20077895722352 1.04820870864205 1.1788758658804 1.34519442799501 1.06801005499437 1.632629777072 0
