0 1.77078168652952 1.51675943564624 1.53315541823395 1.02344440715387 1.53795647225343 1.64041771972552 1.84997885278426 1.63599103572778 1.63246718305163 1.11960869445466 1.6938723071944 1.25794791732915 1.7395304418169 1.01482223370112 0.992480475455523 1.09611476864666 1.90443839901127 1.13884544721805 1.27193275792524 1.25746101723053 1.54694780474529 1.05307543743402 1.60064794798382 1.70916291791946 1.92310073855333 1.12130009033717 1.52284811693244 1.00794571475126 1.58613770385273
1.77078168652952 0 1.77945354417898 1.33597483905032 1.50604447373189 1.55105333775282 1.11617779149674 1.21330897812732 1.86026346241124 1.08880423614755 1.26229025213979 1.53093221597373 1.66783545142971 1.49892399436794 1.85573268216103 1.83150139125064 1.35929450811818 1.88630468212068 1.86343801603653 1.26216036686674 1.62687324755825 1.04848016891629 1.97297401563264 1.62513869907707 1.11678750207648 0.988078208407387 1.75168232084252 1.84853818779811 1.25418965145946 1.08223479404114
1.51675943564624 1.77945354417898 0 1.53811042243615 0.980725320288911 1.29477621312253 1.14366864832118 1.04001243575476 1.70311718690209 1.6907088374719 1.77324021211825 1.20751688652672 1.92854838259518 1.64213851722889 1.62672980432399 1.61130521073937 1.3852095042821 1.58531119232066 1.67998687690124 1.89850129024126 1.64847730170004 1.97103354823776 1.5846604721155 1.73698003101163 1.03465794585645 1.70459054643288 1.52369400043972 1.05679397261702 1.2517696430441 1.09878186322749
1.53315541823395 1.33597483905032 1.53811042243615 0 1.27122424542904 1.5700743207708 1.44615173898637 1.94154734164476 1.43791949306615 1.44564385199919 1.78001381992362 1.00583123904653 1.5342870161403 1.92768950201571 1.85479743732139 0.987819538684562 1.39844341040589 1.29422612627968 1.97599996882491 1.87191278417595 1.26701877918094 1.00686309230514 1.17653031600639 1.50079951784573 1.27723873476498 1.45188940456137 1.18266591872089 1.52773335226811 1.09078270592727 1.90541636571288
1.02344440715387 1.50604447373189 0.980725320288911 1.27122424542904 0 1.71181628154591 1.31077440129593 1.31037656590343 1.06599658797495 1.95566735160537 1.64176353928633 1.93931809789501 1.65195671026595 1.52810380980372 1.11094050784595 1.20649280352518 1.63648487161845 1.20481801801361 1.38796816417016 1.87384014506824 1.21983590302989 1.86527866171673 1.63477597851306 1.41063746181317 1.62119235773571 1.37273011915386 1.85135081666522 1.72263529733755 1.63551009097137 1.84525039815344
1.53795647225343 1.55105333775282 1.29477621312253 1.5700743207708 1.71181628154591 0 1.17856475710869 1.95891498913988 1.04177465010434 1.12272547325119 1.91940655140206 1.36156991194002 1.8587509568315 1.50890977750532 1.53899576491676 1.21235734829679 1.56297679618001 1.36652258993126 1.27698315749876 1.37057332345285 1.675630295882 1.02382472646423 1.7856245576404 1.02003541984595 1.87839176901616 1.81048341514543 1.51226397207938 1.61710689892061 1.56542372331023 0.978755036601797
1.64041771972552 1.11617779149674 1.14366864832118 1.44615173898637 1.31077440129593 1.17856475710869 0 1.91074398299679 1.53058605547994 1.44870278192684 1.50309061724693 1.19344081915915 1.77931775827892 1.168762863148 1.13971920777112 1.42453584284522 1.74327019508928 1.26068227109499 1.20277740550227 1.77890437166207 1.44120488245972 1.55314255342819 1.88871030788869 1.58592640561983 1.26744918315671 1.3849256306421 1.81878312933259 1.55548535916023 1.44639569497667 1.58528537792154
1.84997885278426 1.21330897812732 1.04001243575476 1.94154734164476 1.31037656590343 1.95891498913988 1.91074398299679 0 1.10753288352862 1.35698202392086 1.13350543752313 1.63331114756875 1.25850462494418 1.66928091552109 1.3327179083135 1.70508140162565 1.54841008014046 1.12039473978803 1.37862041848712 1.7461075487081 1.59816042520106 1.72624307707883 1.84192922129296 1.25728392158635 1.10922405146994 1.59426671522669 1.82077938201837 1.56120536709204 1.10497072245926 0.980159952538088
1.63599103572778 1.86026346241124 1.70311718690209 1.43791949306615 1.06599658797495 1.04177465010434 1.53058605547994 1.10753288352862 0 1.40467310626991 1.08013730170205 1.22618057299405 1.91768294805661 1.95242501655594 1.72216129582375 1.21055019111373 1.13364401995204 1.00159651599824 1.76742472616024 1.63850386952981 1.19802737957798 1.22817930253223 1.91198655264452 1.59414288587868 1.01129704597406 1.72162123839371 1.73254465963691 1.49732460384257 1.55809853551909 1.6607385489624
1.63246718305163 1.08880423614755 1.6907088374719 1.44564385199919 1.95566735160537 1.12272547325119 1.44870278192684 1.35698202392086 1.40467310626991 0 1.71970848343335 1.42650034534745 1.50934124994092 1.59633073047735 1.49959881650284 1.77912792586721 1.7818782441318 1.1678946679458 1.45977421384305 1.21604857151397 1.76741974521428 1.43968483083881 1.50818937807344 1.35498514864594 1.93288591736928 1.55105354846455 1.81255649146624 1.32541523431428 1.51659740949981 1.41191695164889
1.11960869445466 1.26229025213979 1.77324021211825 1.78001381992362 1.64176353928633 1.91940655140206 1.50309061724693 1.13350543752313 1.08013730170205 1.71970848343335 0 1.8594514366705 1.41313153761439 1.89289742452092 1.87566084554419 0.985882702749223 1.52519974508323 1.54735140921548 1.19834970822558 1.58598971599713 1.42046061856672 1.57114483928308 1.58674985426478 1.50015408708714 1.47525746421888 1.5785410257522 1.77848581294529 1.8541775289923 1.12958055804484 1.51826018234715
1.6938723071944 1.53093221597373 1.20751688652672 1.00583123904653 1.93931809789501 1.36156991194002 1.19344081915915 1.63331114756875 1.22618057299405 1.42650034534745 1.8594514366705 0 1.53123310254887 1.86865640152246 1.92918061232194 1.36755906301551 1.53535797121003 1.73675141111016 1.01450555492193 1.15541615360416 1.85855843732134 1.87979020155035 1.22812386206351 1.4993735360913 1.44619916682132 1.62999766645953 1.61967778718099 1.21566936071031 1.04995059175417 1.69463132554665
1.25794791732915 1.66783545142971 1.92854838259518 1.5342870161403 1.65195671026595 1.8587509568315 1.77931775827892 1.25850462494418 1.91768294805661 1.50934124994092 1.41313153761439 1.53123310254887 0 1.85433312947862 1.3642932344228 1.29804547945969 1.62373111327179 1.47900146036409 1.90278996038251 0.987434220733121 1.58435111260042 1.43673700350337 1.92567306454293 1.73274963977747 1.7588746806141 1.14921397413127 1.31999541935511 1.382504691137 1.00871697696857 1.62159481295384
1.7395304418169 1.49892399436794 1.64213851722889 1.92768950201571 1.52810380980372 1.50890977750532 1.168762863148 1.66928091552109 1.95242501655594 1.59633073047735 1.89289742452092 1.86865640152246 1.85433312947862 0 1.73388644307852 1.39808471058495 1.52049802010879 1.13690855610184 1.9267088137567 1.90918694925494 1.88189759734087 1.79029308212921 1.11029205936939 1.23704024660401 1.71848150761798 1.71285224263556 1.71885950933211 1.59885572316125 1.38737178244628 1.44190462422557
1.01482223370112 1.85573268216103 1.62672980432399 1.85479743732139 1.11094050784595 1.53899576491676 1.13971920777112 1.3327179083135 1.72216129582375 1.49959881650284 1.87566084554419 1.92918061232194 1.3642932344228 1.73388644307852 0 1.75827906397171 1.53866442176513 1.15113480156288 1.27667557843961 1.64828314189799 1.59788326616399 1.40082751703449 1.66034614946693 0.985568893374875 1.19810247793794 1.58775931014679 1.2621411497239 1.62332174903713 1.19686278281733 1.69893395528197
0.992480475455523 1.83150139125064 1.61130521073937 0.987819538684562 1.20649280352518 1.21235734829679 1.42453584284522 1.70508140162565 1.21055019111373 1.77912792586721 0.985882702749223 1.36755906301551 1.29804547945969 1.39808471058495 1.75827906397171 0 1.48256031540222 1.40772932209074 1.84593839058653 1.2430025509093 1.08840251644142 1.59056016081013 1.95851825084537 1.94249491160735 1.03250254527666 1.22860174113885 1.87777391448617 1.75060343975201 1.75654842332006 1.18596931942739
1.09611476864666 1.35929450811818 1.3852095042821 1.39844341040589 1.63648487161845 1.56297679618001 1.74327019508928 1.54841008014046 1.13364401995204 1.7818782441318 1.52519974508323 1.53535797121003 1.62373111327179 1.52049802010879 1.53866442176513 1.48256031540222 0 1.22352294414304 1.55902226851322 1.00019329995848 1.3887008971069 1.12546493299305 1.4582473768387 1.35387615463696 1.39617774519138 1.28929941519164 1.93939508008771 1.39624713244848 1.6948364446871 1.28108482062817
1.90443839901127 1.88630468212068 1.58531119232066 1.29422612627968 1.20481801801361 1.36652258993126 1.26068227109499 1.12039473978803 1.00159651599824 1.1678946679458 1.54735140921548 1.73675141111016 1.47900146036409 1.13690855610184 1.15113480156288 1.40772932209074 1.22352294414304 0 1.10541208297946 1.72316525876522 1.33121974789537 1.1603130674921 1.24094314593822 1.49599409033544 1.38926184107549 1.56444009928964 1.395381731214 1.38667533011176 1.08777505694889 1.32737992121838
1.13884544721805 1.86343801603653 1.67998687690124 1.97599996882491 1.38796816417016 1.27698315749876 1.20277740550227 1.37862041848712 1.76742472616024 1.45977421384305 1.19834970822558 1.01450555492193 1.90278996038251 1.9267088137567 1.27667557843961 1.84593839058653 1.55902226851322 1.10541208297946 0 1.82500942004845 1.76481961947866 0.987469480140135 1.61587291187607 1.36104018520564 0.990724714938551 1.78892493224703 1.07281603082083 1.72335331724025 1.51084076240659 1.18900952814147
1.27193275792524 1.26216036686674 1.89850129024126 1.87191278417595 1.87384014506824 1.37057332345285 1.77890437166207 1.7461075487081 1.63850386952981 1.21604857151397 1.58598971599713 1.15541615360416 0.987434220733121 1.90918694925494 1.64828314189799 1.2430025509093 1.00019329995848 1.72316525876522 1.82500942004845 0 1.44169283215888 1.43205656344071 1.34634583210573 1.19406588654965 1.95716836000793 1.76985365012661 1.00063055334613 1.95539276697673 1.82554824906401 1.96504010469653
1.25746101723053 1.62687324755825 1.64847730170004 1.26701877918094 1.21983590302989 1.675630295882 1.44120488245972 1.59816042520106 1.19802737957798 1.76741974521428 1.42046061856672 1.85855843732134 1.58435111260042 1.88189759734087 1.59788326616399 1.08840251644142 1.3887008971069 1.33121974789537 1.76481961947866 1.44169283215888 0 1.41252725105733 1.23050345829688 1.00976952980272 1.56156944832765 1.87851779372431 1.50018768711016 1.80808730237186 1.74184023821726 1.2202885420993
1.54694780474529 1.04848016891629 1.97103354823776 1.00686309230514 1.86527866171673 1.02382472646423 1.55314255342819 1.72624307707883 1.22817930253223 1.43968483083881 1.57114483928308 1.87979020155035 1.43673700350337 1.79029308212921 1.40082751703449 1.59056016081013 1.12546493299305 1.1603130674921 0.987469480140135 1.43205656344071 1.41252725105733 0 1.89023132203147 1.62699039024301 1.2972147485707 1.4622419916559 1.00280768517405 1.00184370041825 1.91154035902582 1.22324416716583
1.05307543743402 1.97297401563264 1.5846604721155 1.17653031600639 1.63477597851306 1.7856245576404 1.88871030788869 1.84192922129296 1.91198655264452 1.50818937807344 1.58674985426478 1.22812386206351 1.92567306454293 1.11029205936939 1.66034614946693 1.95851825084537 1.4582473768387 1.24094314593822 1.61587291187607 1.34634583210573 1.23050345829688 1.89023132203147 0 1.62353153829463 1.71095642424189 1.45977501478046 1.20539443590678 1.63685036171228 1.2395665794611 1.30456843459979
1.60064794798382 1.62513869907707 1.73698003101163 1.50079951784573 1.41063746181317 1.02003541984595 1.58592640561983 1.25728392158635 1.59414288587868 1.35498514864594 1.50015408708714 1.4993735360913 1.73274963977747 1.23704024660401 0.985568893374875 1.94249491160735 1.35387615463696 1.49599409033544 1.36104018520564 1.19406588654965 1.00976952980272 1.62699039024301 1.62353153829463 0 1.73975329450332 1.92831236450002 1.51922702672891 0.995534403016791 1.80282536847517 1.07861319812946
1.70916291791946 1.11678750207648 1.03465794585645 1.27723873476498 1.62119235773571 1.87839176901616 1.26744918315671 1.10922405146994 1.01129704597406 1.93288591736928 1.47525746421888 1.44619916682132 1.7588746806141 1.71848150761798 1.19810247793794 1.03250254527666 1.39617774519138 1.38926184107549 0.990724714938551 1.95716836000793 1.56156944832765 1.2972147485707 1.71095642424189 1.73975329450332 0 1.86904982663691 1.75234643742442 1.02558104996569 1.93703095032834 1.70302479807287
1.92310073855333 0.988078208407387 1.70459054643288 1.45188940456137 1.37273011915386 1.81048341514543 1.3849256306421 1.59426671522669 1.72162123839371 1.55105354846455 1.5785410257522 1.62999766645953 1.14921397413127 1.71285224263556 1.58775931014679 1.22860174113885 1.28929941519164 1.56444009928964 1.78892493224703 1.76985365012661 1.87851779372431 1.4622419916559 1.45977501478046 1.92831236450002 1.86904982663691 0 1.44489185372368 1.66633346350864 1.90216027759016 1.86375288595445
1.12130009033717 1.75168232084252 1.52369400043972 1.18266591872089 1.85135081666522 1.51226397207938 1.81878312933259 1.82077938201837 1.73254465963691 1.81255649146624 1.77848581294529 1.61967778718099 1.31999541935511 1.71885950933211 1.2621411497239 1.87777391448617 1.93939508008771 1.395381731214 1.07281603082083 1.00063055334613 1.50018768711016 1.00280768517405 1.20539443590678 1.51922702672891 1.75234643742442 1.44489185372368 0 1.40793304424733 1.92371334158815 1.54365194984712
1.52284811693244 1.84853818779811 1.05679397261702 1.52773335226811 1.72263529733755 1.61710689892061 1.55548535916023 1.56120536709204 1.49732460384257 1.32541523431428 1.8541775289923 1.21566936071031 1.382504691137 1.59885572316125 1.62332174903713 1.75060343975201 1.39624713244848 1.38667533011176 1.72335331724025 1.95539276697673 1.80808730237186 1.00184370041825 1.63685036171228 0.995534403016791 1.02558104996569 1.66633346350864 1.40793304424733 0 1.95765166473575 1.84371420508251
1.00794571475126 1.25418965145946 1.2517696430441 1.09078270592727 1.63551009097137 1.56542372331023 1.44639569497667 1.10497072245926 1.55809853551909 1.51659740949981 1.12958055804484 1.04995059175417 1.00871697696857 1.38737178244628 1.19686278281733 1.75654842332006 1.6948364446871 1.08777505694889 1.51084076240659 1.82554824906401 1.74184023821726 1.91154035902582 1.2395665794611 1.80282536847517 1.93703095032834 1.90216027759016 1.92371334158815 1.95765166473575 0 1.69980254280381
1.58613770385273 1.08223479404114 1.09878186322749 1.90541636571288 1.84525039815344 0.978755036601797 1.58528537792154 0.980159952538088 1.6607385489624 1.41191695164889 1.51826018234715 1.69463132554665 1.62159481295384 1.44190462422557 1.69893395528197 1.18596931942739 1.28108482062817 1.32737992121838 1.18900952814147 1.96504010469653 1.2202885420993 1.22324416716583 1.30456843459979 1.07861319812946 1.70302479807287 1.86375288595445 1.54365194984712 1.84371420508251 1.69980254280381 0
