0 1.82303106598556 1.16562705370598 1.85119109321386 0.966523573966697 0.976679166546091 1.16388089535758 1.55342411994934 1.38383739395067 1.3469417009037 1.43040339020081 1.15227317786776 1.83341011987068 1.52209196146578 1.68899318156764 1.35261177201755 1.5931112782564 1.37685034540482 0.944270438048989 1.34403736330569 1.11129649356008 1.04886712669395 1.82508917176165 1.10337917902507 1.55283919209614 1.84232664224692 0.960405234945938 1.2940814900212 1.87390169547871 1.71955775492825
1.82303106598556 0 0.97578700678423 1.48482034401968 1.69830355374143 1.05832830280997 1.81038460042328 1.60114525305107 0.927701480919495 1.23128899373114 1.42280175653286 0.920973455999047 1.86422865465283 1.249837460462 1.17558818659745 1.87121974560432 1.2943486624863 1.43668210320175 1.46317670564167 1.55322519480251 1.2317828645464 1.11863515991718 1.60466483794153 1.88967249332927 0.997143968008459 0.972477110568434 1.58753508422524 1.17781050992198 1.61148733203299 1.05790021736175
1.16562705370598 0.97578700678423 0 1.62716234382242 1.42365025728941 0.972489018458873 1.5758500455413 1.00758211640641 1.39292763522826 1.6037410646677 1.58440079516731 1.26619598548859 1.39496672037058 1.27175822900608 1.41697401087731 1.39348027505912 1.02281394810416 1.64585816627368 1.51037396490574 1.82375223841518 1.09486557845958 1.36896481667645 1.45386745361611 1.81344686518423 1.50087850168347 1.51984835462645 1.27639917330816 1.05896268319339 1.75552661158144 1.82675611157902
1.85119109321386 1.48482034401968 1.62716234382242 0 0.955701973754913 1.02156746480614 1.22935963864438 1.46610017097555 0.931383583694696 1.56941803288646 0.983050285372883 1.4053700924851 1.32525196392089 1.20285509875976 1.52161889639683 1.78357201931067 1.54443664103746 1.4744384069927 1.70022167125717 1.73648180789314 0.957483051577583 1.61696132342331 1.14093110826798 1.24359187041409 1.05548942228779 1.1146739134565 1.34831187222153 1.05534274759702 0.90787965990603 1.25368993310258
0.966523573966697 1.69830355374143 1.42365025728941 0.955701973754913 0 1.84725194261409 1.74555197963491 1.20291306125 1.07258699531667 1.83683876250871 1.86582146771252 1.06898899236694 1.18153048329987 1.67347937775776 1.13285753177479 0.949080400168896 1.57882404793054 1.7498906746041 1.46602571918629 1.0642545374576 1.35807695076801 1.03218171163462 1.73793048830703 1.66350911045447 1.52377573982812 1.41819058731198 1.84780180733651 1.85987764596939 0.91172287100926 1.04820854123682
0.976679166546091 1.05832830280997 0.972489018458873 1.02156746480614 1.84725194261409 0 1.43138990714215 1.08942382619716 1.27789223054424 1.09886342682876 1.66843680129386 1.11738982493989 1.0833505585324 0.954783842898905 1.5340187700931 1.87636896804906 1.09039336279966 1.86585263768211 1.39024357893504 1.33465919783339 1.61429235059768 1.4218656080775 1.59915276942775 1.6725304168649 1.52319634030573 1.53208008408546 1.70363745302893 1.37651668372564 1.42770219268277 1.82616197760217
1.16388089535758 1.81038460042328 1.5758500455413 1.22935963864438 1.74555197963491 1.43138990714215 0 1.76273508858867 1.08414744958282 1.01901421416551 1.7084933668375 1.4881292108912 1.61297806655057 1.33470972487703 1.65318997297436 1.58672015788034 1.35000087041408 1.56972559820861 1.02095790742896 1.35948879062198 0.925399989355356 1.02248346549459 1.1978308588732 1.88456878066063 1.42552190739661 0.978228886146098 1.28533779759891 1.15587769425474 1.25709852878936 1.77751559973694
1.55342411994934 1.60114525305107 1.00758211640641 1.46610017097555 1.20291306125 1.08942382619716 1.76273508858867 0 1.23464415688068 1.43147948407568 1.7914891927503 1.44577857921831 1.06685020914301 1.12654404365458 1.64038444752805 1.04281779495068 1.12992529431358 1.2647630602587 1.12004125979729 1.05831544310786 1.40222817100585 1.3506437332835 1.84052781877108 0.93209973606281 1.52572878915817 1.26015369407833 1.79913955135271 1.03593136742711 1.41148670273833 1.12349073099904
1.38383739395067 0.927701480919495 1.39292763522826 0.931383583694696 1.07258699531667 1.27789223054424 1.08414744958282 1.23464415688068 0 1.37379308626987 1.55736765358597 1.31653607962653 1.75272500212304 1.23191808722913 1.35824687499553 1.19738605595194 1.65137464390136 1.39963376265951 1.74287422839552 1.14478196483105 1.87267041183077 0.93956440477632 1.01274600764737 1.09531413810328 1.1298826278653 1.57293933816254 0.943651702487841 1.85723771620542 1.80451380461454 1.50790645112284
1.3469417009037 1.23128899373114 1.6037410646677 1.56941803288646 1.83683876250871 1.09886342682876 1.01901421416551 1.43147948407568 1.37379308626987 0 1.28079281980172 1.12091739964671 1.76542151626199 0.986415684456006 1.38040015799925 1.79227254725993 1.37858371739276 1.14055016846396 1.65782956662588 1.8315522139892 1.29315821151249 1.60508113540709 1.80564802489243 1.00522573082708 1.80386046972126 1.53491622558795 1.09980933647603 1.73065262637101 1.84997137193568 1.7658913617488
1.43040339020081 1.42280175653286 1.58440079516731 0.983050285372883 1.86582146771252 1.66843680129386 1.7084933668375 1.7914891927503 1.55736765358597 1.28079281980172 0 1.25113213900477 1.60475738462992 1.55469429888763 1.02633606106974 0.936949891038239 1.72990983002819 1.85610899655148 1.04023922560737 1.74318148125894 1.07786457031034 1.13754113484174 1.18767400714569 1.8366372785531 1.25623484980315 0.936284545343369 1.75629695295356 1.3197443599347 0.976196137955412 1.25711858551949
1.15227317786776 0.920973455999047 1.26619598548859 1.4053700924851 1.06898899236694 1.11738982493989 1.4881292108912 1.44577857921831 1.31653607962653 1.12091739964671 1.25113213900477 0 1.77898477623239 1.85309824463911 1.47848399635404 1.63273829198442 1.63125160406344 1.41486577712931 1.67317970492877 1.44159422884695 1.83221048722044 1.11012478987686 1.61323874420486 1.49366144719534 1.57950104749762 1.23350384924561 1.47102177795023 1.36627761763521 1.41124865203165 1.63505589170381
1.83341011987068 1.86422865465283 1.39496672037058 1.32525196392089 1.18153048329987 1.0833505585324 1.61297806655057 1.06685020914301 1.75272500212304 1.76542151626199 1.60475738462992 1.77898477623239 0 0.98163202428259 1.26616218336858 1.67081944108941 1.79379063192755 1.33369676000439 0.918780982494354 1.07241219701245 0.997676937840879 1.72484813258052 1.78338242811151 0.916046679019928 1.00929531129077 1.24338389839977 1.80628056102432 1.18456356902607 1.67144571081735 1.16779642435722
1.52209196146578 1.249837460462 1.27175822900608 1.20285509875976 1.67347937775776 0.954783842898905 1.33470972487703 1.12654404365458 1.23191808722913 0.986415684456006 1.55469429888763 1.85309824463911 0.98163202428259 0 1.21676746034063 1.11158783780411 1.73627430340275 1.4541598863434 0.997122955974191 1.20777763193473 1.01523744058795 1.05067251180299 0.982270694104955 1.10230543115176 1.46200779941864 1.25965212984011 1.36604067147709 1.78589864028618 1.84702288080007 1.24938274151646
1.68899318156764 1.17558818659745 1.41697401087731 1.52161889639683 1.13285753177479 1.5340187700931 1.65318997297436 1.64038444752805 1.35824687499553 1.38040015799925 1.02633606106974 1.47848399635404 1.26616218336858 1.21676746034063 0 1.53571856534109 1.65413685701787 1.71321843029 1.79464566730894 1.77802702272311 1.52443997142836 1.4791314790491 0.909640769008547 1.31740371044725 1.51939025335014 1.07059787563048 1.76626000227407 1.62017620913684 1.83444935199805 0.903701966395602
1.35261177201755 1.87121974560432 1.39348027505912 1.78357201931067 0.949080400168896 1.87636896804906 1.58672015788034 1.04281779495068 1.19738605595194 1.79227254725993 0.936949891038239 1.63273829198442 1.67081944108941 1.11158783780411 1.53571856534109 0 1.73912671185099 1.52539131883532 0.901265912689269 1.15211324160919 1.78038554661907 0.913227719487622 1.17842854349874 1.33129663346335 1.04745432222262 1.02179591637105 0.989056487102062 1.14779715915211 0.992256158730015 1.32519932533614
1.5931112782564 1.2943486624863 1.02281394810416 1.54443664103746 1.57882404793054 1.09039336279966 1.35000087041408 1.12992529431358 1.65137464390136 1.37858371739276 1.72990983002819 1.63125160406344 1.79379063192755 1.73627430340275 1.65413685701787 1.73912671185099 0 1.68552118074149 1.66150815691799 1.08023760677315 1.61007438297383 0.928775093518198 1.5006370076444 1.11045236210339 0.917095377808437 1.2938597057946 1.23189498996362 1.40157165937126 1.74453561170958 1.77413395862095
1.37685034540482 1.43668210320175 1.64585816627368 1.4744384069927 1.7498906746041 1.86585263768211 1.56972559820861 1.2647630602587 1.39963376265951 1.14055016846396 1.85610899655148 1.41486577712931 1.33369676000439 1.4541598863434 1.71321843029 1.52539131883532 1.68552118074149 0 0.962468328652903 1.72878457815386 1.76522248471156 1.83471803204156 1.74481246620417 1.25330177531578 1.19194181798957 1.57219213014469 1.30439203069545 1.82913702609949 1.84384927456267 1.70568322646432
0.944270438048989 1.46317670564167 1.51037396490574 1.70022167125717 1.46602571918629 1.39024357893504 1.02095790742896 1.12004125979729 1.74287422839552 1.65782956662588 1.04023922560737 1.67317970492877 0.918780982494354 0.997122955974191 1.79464566730894 0.901265912689269 1.66150815691799 0.962468328652903 0 1.18435915419832 1.57328963419423 0.988948456943035 1.49903774424456 1.37847759900615 1.79664003872313 1.80971110193059 1.57455252110958 1.88206546916626 1.18902972713113 1.19213677872904
1.34403736330569 1.55322519480251 1.82375223841518 1.73648180789314 1.0642545374576 1.33465919783339 1.35948879062198 1.05831544310786 1.14478196483105 1.8315522139892 1.74318148125894 1.44159422884695 1.07241219701245 1.20777763193473 1.77802702272311 1.15211324160919 1.08023760677315 1.72878457815386 1.18435915419832 0 1.57753644697368 1.75862025050446 1.6912598288618 0.996363468235359 1.42511068773456 1.88201483734883 1.00295992055908 1.08836607378908 1.21622858638875 1.78015014529228
1.11129649356008 1.2317828645464 1.09486557845958 0.957483051577583 1.35807695076801 1.61429235059768 0.925399989355356 1.40222817100585 1.87267041183077 1.29315821151249 1.07786457031034 1.83221048722044 0.997676937840879 1.01523744058795 1.52443997142836 1.78038554661907 1.61007438297383 1.76522248471156 1.57328963419423 1.57753644697368 0 1.11813437985256 0.983414304675534 1.64831348974258 1.12255698558874 1.35604816442356 1.26522318972275 1.21249239007011 1.04535213368945 1.84353637858294
1.04886712669395 1.11863515991718 1.36896481667645 1.61696132342331 1.03218171163462 1.4218656080775 1.02248346549459 1.3506437332835 0.93956440477632 1.60508113540709 1.13754113484174 1.11012478987686 1.72484813258052 1.05067251180299 1.4791314790491 0.913227719487622 0.928775093518198 1.83471803204156 0.988948456943035 1.75862025050446 1.11813437985256 0 1.42894676863216 1.1237476831302 1.08252918859944 1.44514227914624 0.949624130269513 1.58734099869616 1.15011326153763 1.86969007272273
1.82508917176165 1.60466483794153 1.45386745361611 1.14093110826798 1.73793048830703 1.59915276942775 1.1978308588732 1.84052781877108 1.01274600764737 1.80564802489243 1.18767400714569 1.61323874420486 1.78338242811151 0.982270694104955 0.909640769008547 1.17842854349874 1.5006370076444 1.74481246620417 1.49903774424456 1.6912598288618 0.983414304675534 1.42894676863216 0 1.4315644307062 1.28907979256473 1.21668223827146 1.83682903228328 1.16361209261231 1.66858095466159 1.57797004119493
1.10337917902507 1.88967249332927 1.81344686518423 1.24359187041409 1.66350911045447 1.6725304168649 1.88456878066063 0.93209973606281 1.09531413810328 1.00522573082708 1.8366372785531 1.49366144719534 0.916046679019928 1.10230543115176 1.31740371044725 1.33129663346335 1.11045236210339 1.25330177531578 1.37847759900615 0.996363468235359 1.64831348974258 1.1237476831302 1.4315644307062 0 1.73174933367409 1.81188889755867 0.964766426244751 1.01027852972038 1.12972615542822 1.56924970867112
1.55283919209614 0.997143968008459 1.50087850168347 1.05548942228779 1.52377573982812 1.52319634030573 1.42552190739661 1.52572878915817 1.1298826278653 1.80386046972126 1.25623484980315 1.57950104749762 1.00929531129077 1.46200779941864 1.51939025335014 1.04745432222262 0.917095377808437 1.19194181798957 1.79664003872313 1.42511068773456 1.12255698558874 1.08252918859944 1.28907979256473 1.73174933367409 0 1.55942901433446 1.83258277154528 1.77063910732977 1.84326425101608 1.2271437109448
1.84232664224692 0.972477110568434 1.51984835462645 1.1146739134565 1.41819058731198 1.53208008408546 0.978228886146098 1.26015369407833 1.57293933816254 1.53491622558795 0.936284545343369 1.23350384924561 1.24338389839977 1.25965212984011 1.07059787563048 1.02179591637105 1.2938597057946 1.57219213014469 1.80971110193059 1.88201483734883 1.35604816442356 1.44514227914624 1.21668223827146 1.81188889755867 1.55942901433446 0 1.19552848115563 1.53932415950112 1.63321293867193 0.916639099596068
0.960405234945938 1.58753508422524 1.27639917330816 1.34831187222153 1.84780180733651 1.70363745302893 1.28533779759891 1.79913955135271 0.943651702487841 1.09980933647603 1.75629695295356 1.47102177795023 1.80628056102432 1.36604067147709 1.76626000227407 0.989056487102062 1.23189498996362 1.30439203069545 1.57455252110958 1.00295992055908 1.26522318972275 0.949624130269513 1.83682903228328 0.964766426244751 1.83258277154528 1.19552848115563 0 1.83035039133392 1.23660556576215 1.04398951958865
1.2940814900212 1.17781050992198 1.05896268319339 1.05534274759702 1.85987764596939 1.37651668372564 1.15587769425474 1.03593136742711 1.85723771620542 1.73065262637101 1.3197443599347 1.36627761763521 1.18456356902607 1.78589864028618 1.62017620913684 1.14779715915211 1.40157165937126 1.82913702609949 1.88206546916626 1.08836607378908 1.21249239007011 1.58734099869616 1.16361209261231 1.01027852972038 1.77063910732977 1.53932415950112 1.83035039133392 0 1.5469448051881 1.42664571595378
1.87390169547871 1.61148733203299 1.75552661158144 0.90787965990603 0.91172287100926 1.42770219268277 1.25709852878936 1.41148670273833 1.80451380461454 1.84997137193568 0.976196137955412 1.41124865203165 1.67144571081735 1.84702288080007 1.83444935199805 0.992256158730015 1.74453561170958 1.84384927456267 1.18902972713113 1.21622858638875 1.04535213368945 1.15011326153763 1.66858095466159 1.12972615542822 1.84326425101608 1.63321293867193 1.23660556576215 1.5469448051881 0 0.930747385602444
1.71955775492825 1.05790021736175 1.82675611157902 1.25368993310258 1.04820854123682 1.82616197760217 1.77751559973694 1.12349073099904 1.50790645112284 1.7658913617488 1.25711858551949 1.63505589170381 1.16779642435722 1.24938274151646 0.903701966395602 1.32519932533614 1.77413395862095 1.70568322646432 1.19213677872904 1.78015014529228 1.84353637858294 1.86969007272273 1.57797004119493 1.56924970867112 1.2271437109448 0.916639099596068 1.04398951958865 1.42664571595378 0.930747385602444 0
