0 1.31484120083041 1.32114265556447 1.46654203976505 1.1235437837895 1.70053968834691 1.29757751314901 1.90859372494742 1.300998613704 1.62907755398192 1.69995654025115 1.76847640471533 1.16023919219151 1.79703411390074 1.8803780132439 1.66349677438848 1.24094341462478 1.91134565602988 1.70565685839392 1.73375067464076 1.83915944304317 1.55202285875566 1.0661425285507 1.48634156794287 1.67704726848751 1.47810164513066 1.15401351242326 1.64831050951034 1.57462369510904 1.11803400190547
1.31484120083041 0 1.18811227334663 1.30402955482714 1.06734352023341 1.46292460849509 0.978920361958444 1.83669755188748 1.72955861059017 1.78205954888836 1.29833240271546 1.3087950181216 1.10503324097954 1.25537901115604 1.937714044936 1.77232116507366 1.564801546745 1.18960313266143 1.04520439309999 1.70136801130138 1.47213779832236 1.55377252423204 1.88262260588817 1.29152503889054 1.34157723165117 1.07369553064927 1.02709864708595 1.10514677199535 1.78408560296521 0.955950737232342
1.32114265556447 1.18811227334663 0 0.967808835441247 1.208489284385 1.77320579136722 1.02186295064166 1.27114511886612 1.21726383944042 1.53457968076691 1.5507362796925 1.33625250658952 1.04012967972085 1.47761107212864 1.10950592369772 1.82879413152114 1.69276261539198 1.40820192685351 1.1601614751853 1.13740073959343 1.22713182773441 1.52283057500608 1.72230945085175 1.1775772748515 1.32803074573167 1.37250807136297 1.59305402240716 1.73948871600442 1.2351490710862 1.62144373520277
1.46654203976505 1.30402955482714 0.967808835441247 0 1.53945319727063 1.52437414065935 1.26750440476462 1.33360834000632 1.24757484300062 1.42659935937263 1.43157771672122 1.94255514629185 1.81064273440279 1.36961997603066 1.08838994964026 1.33321988512762 1.82836217130534 1.53292142017744 1.03590650460683 1.58025182178244 1.12925951182842 1.78837503003888 1.09060551295988 1.52474186592735 1.81383049488068 1.01236799685284 1.51035612332635 1.29196413909085 1.3945959887933 1.06871022447012
1.1235437837895 1.06734352023341 1.208489284385 1.53945319727063 0 1.89006830798462 1.12720994069241 1.87154651735909 1.08313679858111 1.26462059048936 1.833662312245 1.73092207196169 1.79768747719936 1.2431259767618 1.16219838871621 1.81899922457524 1.34749418101273 1.41479023639113 0.963546837447211 1.1849903257098 1.55371846398339 1.07427798467688 1.93772360566072 0.951270773774013 1.6269583539106 1.42958860239014 1.52274857275188 1.48632028093562 1.48058554599993 1.50487433886155
1.70053968834691 1.46292460849509 1.77320579136722 1.52437414065935 1.89006830798462 0 0.992137026740238 1.09032587218098 1.33885343163274 1.47791657829657 1.27680150279775 1.93340001208708 0.979227974545211 1.57124162907712 1.82406893931329 1.78697213507257 1.64024639641866 1.30289401183836 1.12824685312808 1.60187149140984 1.39291609800421 1.03913476597518 1.66865002689883 1.61136647104286 1.38787954463623 1.0611912929453 1.18526665284298 1.92794898874126 1.92315709101968 1.68043956859037
1.29757751314901 0.978920361958444 1.02186295064166 1.26750440476462 1.12720994069241 0.992137026740238 0 1.94042723625898 1.10078505869024 1.12032794114202 0.990871993592009 1.50113721983507 1.57728708325885 1.42293218919076 1.36109574092552 1.53469713870436 1.49995113071054 1.49705128232017 1.41339779272676 1.48473653639667 1.10259626992047 1.90641887416132 1.915957410587 1.87964940071106 1.834768519504 1.52561280387454 1.62433260772377 1.21237196517177 1.2237717860844 1.93487109919079
1.90859372494742 1.83669755188748 1.27114511886612 1.33360834000632 1.87154651735909 1.09032587218098 1.94042723625898 0 1.11522346385755 1.64840960083529 1.05454418761656 1.79341975762509 1.87587477476336 1.10708918073215 1.71350192371756 1.27631498989649 1.26230020564981 1.27095337584615 1.60187705443241 1.33585839881562 0.974419326987118 1.34984411182813 1.06330998241901 1.49029421131127 1.79230526741594 1.01501108682714 1.85967113636434 1.88943777931854 1.61322216689587 1.41647863388062
1.300998613704 1.72955861059017 1.21726383944042 1.24757484300062 1.08313679858111 1.33885343163274 1.10078505869024 1.11522346385755 0 0.945669937646016 1.48205254902132 1.6644145345781 1.25968477316201 0.968304946087301 1.87833083886653 1.27646556682885 1.70983482361771 1.7758710172493 1.27175382245332 0.972190680913627 1.03497333498672 1.57064050831832 1.57126925024204 1.26253723469563 1.17858902132139 1.62374176201411 1.77347348281182 1.79999234434217 1.65362132224254 1.77363638067618
1.62907755398192 1.78205954888836 1.53457968076691 1.42659935937263 1.26462059048936 1.47791657829657 1.12032794114202 1.64840960083529 0.945669937646016 0 1.0408759766724 1.72315349336714 1.78780070715584 1.24222757201642 1.47389777028002 1.03455980448052 1.17497798521072 1.40038325171918 1.28506060829386 1.45120026380755 1.87407062691636 1.50451078615151 1.39644248201512 0.986930949613452 1.16484398534521 1.78283269377425 1.73134886636399 1.0554325140547 1.94274956383742 1.61272088740952
1.69995654025115 1.29833240271546 1.5507362796925 1.43157771672122 1.833662312245 1.27680150279775 0.990871993592009 1.05454418761656 1.48205254902132 1.0408759766724 0 1.41065702633932 1.24265997693874 1.75968125485815 1.11683761933818 1.55264758667909 1.42724454775453 1.28483823570423 1.05216786754318 1.12948433565907 1.27737000002526 1.26965145254508 1.50785513897426 0.975880578858778 1.10680771735497 1.59907530178316 1.32752221403643 1.35621573450044 0.965720013715327 1.20371568016708
1.76847640471533 1.3087950181216 1.33625250658952 1.94255514629185 1.73092207196169 1.93340001208708 1.50113721983507 1.79341975762509 1.6644145345781 1.72315349336714 1.41065702633932 0 1.01878610253334 1.12840346223675 1.32495229388587 1.70705208275467 1.92812424735166 1.42842957656831 1.04896251275204 1.68379143322818 1.39771861420013 1.21651101554744 1.84524840908125 1.56356844771653 1.89732190454379 1.06795959826559 1.38156196312048 1.05039185634814 1.55916497763246 1.50239246315323
1.16023919219151 1.10503324097954 1.04012967972085 1.81064273440279 1.79768747719936 0.979227974545211 1.57728708325885 1.87587477476336 1.25968477316201 1.78780070715584 1.24265997693874 1.01878610253334 0 1.64616485428996 1.15282146749087 1.10145930596627 1.01510111661628 0.996484372997656 1.24191689840518 1.05550911626779 0.96533946855925 1.58152652624995 0.94763964950107 1.04165157396346 1.89366081845947 1.11796495900489 1.40149849886075 1.6924916242715 1.27244457555935 1.21712385676801
1.79703411390074 1.25537901115604 1.47761107212864 1.36961997603066 1.2431259767618 1.57124162907712 1.42293218919076 1.10708918073215 0.968304946087301 1.24222757201642 1.75968125485815 1.12840346223675 1.64616485428996 0 1.73290163301863 1.45760760549456 1.2419553019572 0.969109730096534 1.32539998670109 1.15387119655497 1.91326287901029 1.07604268984869 1.355273186462 1.08942720689811 1.61040093004704 1.5444438692648 1.69566503097303 1.40260136616416 1.42355944612063 1.88045011251234
1.8803780132439 1.937714044936 1.10950592369772 1.08838994964026 1.16219838871621 1.82406893931329 1.36109574092552 1.71350192371756 1.87833083886653 1.47389777028002 1.11683761933818 1.32495229388587 1.15282146749087 1.73290163301863 0 1.08288373518735 1.7144916371908 1.03391194483265 1.80001584300771 1.64667026954703 1.08655972080305 1.31610532756895 1.39250601548702 1.76426217565313 1.79356630216353 1.8201472661458 1.17161888931878 1.77288571069948 1.88117809360847 1.08737800340168
1.66349677438848 1.77232116507366 1.82879413152114 1.33321988512762 1.81899922457524 1.78697213507257 1.53469713870436 1.27631498989649 1.27646556682885 1.03455980448052 1.55264758667909 1.70705208275467 1.10145930596627 1.45760760549456 1.08288373518735 0 1.72750042541884 1.54847397888079 1.41434136056341 1.05110562243499 1.76137687196024 1.04284095484763 1.53306572698057 1.45831238501705 1.44248196808621 1.0362850560341 1.53783091995865 1.86250903876498 1.11184043413959 1.889476895798
1.24094341462478 1.564801546745 1.69276261539198 1.82836217130534 1.34749418101273 1.64024639641866 1.49995113071054 1.26230020564981 1.70983482361771 1.17497798521072 1.42724454775453 1.92812424735166 1.01510111661628 1.2419553019572 1.7144916371908 1.72750042541884 0 1.68473185412586 1.01763730240054 1.32086033583619 1.49130952125415 1.21173266274855 1.08963617612608 1.4124790742062 1.15442113671452 1.10699477884918 1.69453559094109 1.56753662182018 1.19712807843462 1.82695801416412
1.91134565602988 1.18960313266143 1.40820192685351 1.53292142017744 1.41479023639113 1.30289401183836 1.49705128232017 1.27095337584615 1.7758710172493 1.40038325171918 1.28483823570423 1.42842957656831 0.996484372997656 0.969109730096534 1.03391194483265 1.54847397888079 1.68473185412586 0 1.94174433383159 1.71155252866447 1.44644847349264 1.7755627038423 1.1722619405482 1.93891581986099 1.02013630699366 1.79583232058212 1.50945875211619 1.44048712891527 1.10459846165031 1.08849049522541
1.70565685839392 1.04520439309999 1.1601614751853 1.03590650460683 0.963546837447211 1.12824685312808 1.41339779272676 1.60187705443241 1.27175382245332 1.28506060829386 1.05216786754318 1.04896251275204 1.24191689840518 1.32539998670109 1.80001584300771 1.41434136056341 1.01763730240054 1.94174433383159 0 1.06568090454675 1.44266663468443 1.29924055188894 1.00416659959592 1.26775321131572 1.38503342797048 1.57071897736751 1.71029118029401 1.14764997945167 1.90468346863054 1.42548823333345
1.73375067464076 1.70136801130138 1.13740073959343 1.58025182178244 1.1849903257098 1.60187149140984 1.48473653639667 1.33585839881562 0.972190680913627 1.45120026380755 1.12948433565907 1.68379143322818 1.05550911626779 1.15387119655497 1.64667026954703 1.05110562243499 1.32086033583619 1.71155252866447 1.06568090454675 0 1.15227898722515 1.19369607768022 1.85482668271288 1.40565323247574 1.06611726013944 1.2130156152416 1.75505578494631 1.09369521657936 1.77764226915315 1.18432708852924
1.83915944304317 1.47213779832236 1.22713182773441 1.12925951182842 1.55371846398339 1.39291609800421 1.10259626992047 0.974419326987118 1.03497333498672 1.87407062691636 1.27737000002526 1.39771861420013 0.96533946855925 1.91326287901029 1.08655972080305 1.76137687196024 1.49130952125415 1.44644847349264 1.44266663468443 1.15227898722515 0 1.32975704269484 1.20966720138676 1.79359332076274 1.63787550944835 1.59170978958718 1.12408667104319 1.02847687667236 1.03200194775127 1.50144720659591
1.55202285875566 1.55377252423204 1.52283057500608 1.78837503003888 1.07427798467688 1.03913476597518 1.90641887416132 1.34984411182813 1.57064050831832 1.50451078615151 1.26965145254508 1.21651101554744 1.58152652624995 1.07604268984869 1.31610532756895 1.04284095484763 1.21173266274855 1.7755627038423 1.29924055188894 1.19369607768022 1.32975704269484 0 1.02944513782859 1.0815560836345 1.79920190665871 1.24901164812036 1.86589744966477 1.7831624285318 1.22641571541317 1.93575620208867
1.0661425285507 1.88262260588817 1.72230945085175 1.09060551295988 1.93772360566072 1.66865002689883 1.915957410587 1.06330998241901 1.57126925024204 1.39644248201512 1.50785513897426 1.84524840908125 0.94763964950107 1.355273186462 1.39250601548702 1.53306572698057 1.08963617612608 1.1722619405482 1.00416659959592 1.85482668271288 1.20966720138676 1.02944513782859 0 1.64572643651627 1.92307484475896 1.07956701144576 1.91014167759567 1.8868701250758 1.41707206051797 1.22328259772621
1.48634156794287 1.29152503889054 1.1775772748515 1.52474186592735 0.951270773774013 1.61136647104286 1.87964940071106 1.49029421131127 1.26253723469563 0.986930949613452 0.975880578858778 1.56356844771653 1.04165157396346 1.08942720689811 1.76426217565313 1.45831238501705 1.4124790742062 1.93891581986099 1.26775321131572 1.40565323247574 1.79359332076274 1.0815560836345 1.64572643651627 0 1.77626206818968 1.02597666275688 1.38297167234123 1.18743462557904 1.27941627055407 1.0446411871817
1.67704726848751 1.34157723165117 1.32803074573167 1.81383049488068 1.6269583539106 1.38787954463623 1.834768519504 1.79230526741594 1.17858902132139 1.16484398534521 1.10680771735497 1.89732190454379 1.89366081845947 1.61040093004704 1.79356630216353 1.44248196808621 1.15442113671452 1.02013630699366 1.38503342797048 1.06611726013944 1.63787550944835 1.79920190665871 1.92307484475896 1.77626206818968 0 1.03823876311071 1.40254215220921 1.19522786699235 1.60493843443692 1.09509588312358
1.47810164513066 1.07369553064927 1.37250807136297 1.01236799685284 1.42958860239014 1.0611912929453 1.52561280387454 1.01501108682714 1.62374176201411 1.78283269377425 1.59907530178316 1.06795959826559 1.11796495900489 1.5444438692648 1.8201472661458 1.0362850560341 1.10699477884918 1.79583232058212 1.57071897736751 1.2130156152416 1.59170978958718 1.24901164812036 1.07956701144576 1.02597666275688 1.03823876311071 0 1.55684011103585 1.44784783362411 1.43865543603897 1.69462729524821
1.15401351242326 1.02709864708595 1.59305402240716 1.51035612332635 1.52274857275188 1.18526665284298 1.62433260772377 1.85967113636434 1.77347348281182 1.73134886636399 1.32752221403643 1.38156196312048 1.40149849886075 1.69566503097303 1.17161888931878 1.53783091995865 1.69453559094109 1.50945875211619 1.71029118029401 1.75505578494631 1.12408667104319 1.86589744966477 1.91014167759567 1.38297167234123 1.40254215220921 1.55684011103585 0 1.60758607229218 1.06101780477911 1.37136753718369
1.64831050951034 1.10514677199535 1.73948871600442 1.29196413909085 1.48632028093562 1.92794898874126 1.21237196517177 1.88943777931854 1.79999234434217 1.0554325140547 1.35621573450044 1.05039185634814 1.6924916242715 1.40260136616416 1.77288571069948 1.86250903876498 1.56753662182018 1.44048712891527 1.14764997945167 1.09369521657936 1.02847687667236 1.7831624285318 1.8868701250758 1.18743462557904 1.19522786699235 1.44784783362411 1.60758607229218 0 1.58398857479915 1.26777465827763
1.57462369510904 1.78408560296521 1.2351490710862 1.3945959887933 1.48058554599993 1.92315709101968 1.2237717860844 1.61322216689587 1.65362132224254 1.94274956383742 0.965720013715327 1.55916497763246 1.27244457555935 1.42355944612063 1.88117809360847 1.11184043413959 1.19712807843462 1.10459846165031 1.90468346863054 1.77764226915315 1.03200194775127 1.22641571541317 1.41707206051797 1.27941627055407 1.60493843443692 1.43865543603897 1.06101780477911 1.58398857479915 0 1.27049127942882
1.11803400190547 0.955950737232342 1.62144373520277 1.06871022447012 1.50487433886155 1.68043956859037 1.93487109919079 1.41647863388062 1.77363638067618 1.61272088740952 1.20371568016708 1.50239246315323 1.21712385676801 1.88045011251234 1.08737800340168 1.889476895798 1.82695801416412 1.08849049522541 1.42548823333345 1.18432708852924 1.50144720659591 1.93575620208867 1.22328259772621 1.0446411871817 1.09509588312358 1.69462729524821 1.37136753718369 1.26777465827763 1.27049127942882 0
