0 1.42630219412968 1.61236987006851 1.81840857141651 1.35823999391869 1.84343690285459 1.61209453316405 1.28955853264779 1.00591857451946 1.2807408249937 1.31730833696201 1.69817232922651 1.4075063271448 1.74275188683532 1.42087727063335 0.985241403803229 1.04079177882522 1.53071269858629 1.45470697432756 1.90332408435643 1.34145715623163 0.970067243557423 1.05252761486918 1.41977684898302 1.46622207644396 1.64058698690496 1.52458064816892 0.960480927024037 1.4187721000053 1.91596486908384
1.42630219412968 0 1.09108436619863 1.11161175579764 1.19778561661951 1.73590747592971 1.15065122349188 1.31536831753328 1.42314199917018 1.17485692678019 0.984715098515153 1.91231830185279 1.51673629530706 1.765301897889 1.05729649448767 1.02543780812994 1.3679419811815 1.68825880088843 1.91209322027862 0.99786232272163 1.03727007913403 1.61298700771295 0.995282467454672 1.77147612976842 1.00320591568016 1.08879462210461 1.69353390159085 1.23793967114761 1.72730268258601 1.31507135042921
1.61236987006851 1.09108436619863 0 1.02311305399053 1.02766006090678 0.954104150179774 1.46569456695579 1.68936977838166 0.990484719863161 1.37439718516544 1.46703818929382 1.50545278145 1.63536726939492 1.75258412887342 0.975036949617788 1.59500524913892 1.26550292083994 1.0446615437977 1.72217560280114 1.2620687528979 1.4684635787271 1.26747098471969 0.930710235144943 1.90837505739182 1.60470017045736 1.4140260736458 1.11473304429092 1.45513290539384 1.6421228365507 1.8478524570819
1.81840857141651 1.11161175579764 1.02311305399053 0 1.45720558566973 1.80961052956991 1.91718179942109 1.55993748619221 1.65801876527257 1.79303333885036 1.90110625163652 1.8825826656539 1.51024655043148 1.62426130077802 0.929786764085293 1.41215858911164 1.32361636403948 1.37879363074899 1.44579595304094 1.90446591866203 1.79834910691716 1.17673071473837 1.31150010973215 1.60305033973418 1.38173851068132 1.12620256096125 1.40808429406025 1.27839399548247 1.74715814832598 1.50511970510706
1.35823999391869 1.19778561661951 1.02766006090678 1.45720558566973 0 1.85671399417333 1.79752948042005 1.21695002447814 1.47964708507061 1.82885795203038 1.57530744117685 1.87723682867363 1.90529469586909 1.46566773229279 1.35242157871835 1.48961916798726 1.43538607563823 1.87840789882466 1.10604390874505 1.74413113412447 1.16774940863252 1.52482041111216 1.59086533007212 1.35451728710905 1.11598120140843 1.84349889378063 1.41809014603496 0.990711708785966 1.78111411491409 1.54288835381158
1.84343690285459 1.73590747592971 0.954104150179774 1.80961052956991 1.85671399417333 0 1.45553384767845 1.86512161395513 1.47561818594113 1.07543138647452 1.78873555944301 1.50765907531604 1.07391391601413 1.01164844399318 0.988477955106646 1.00934669328853 1.26787732122466 1.87886442895979 0.978311377111822 1.59409923129715 1.56476685311645 1.6633166349493 1.84826249512844 1.64175072149374 1.07635401980951 1.04151913081296 1.90130013762973 1.69205281604081 1.36158549319953 1.33992867195047
1.61209453316405 1.15065122349188 1.46569456695579 1.91718179942109 1.79752948042005 1.45553384767845 0 1.10067132860422 1.62240517884493 1.70391749078408 1.84510704316199 1.16331290523522 1.05276250909083 1.38417994580232 1.36932412325405 1.54370979918167 1.59560220618732 0.944710217881948 1.80272686947137 1.14876007591374 1.83353062369861 1.43718567164615 1.70636624726467 1.28301413054578 1.88636599201709 1.16711601009592 1.12650655116886 0.926012075506151 0.939237257698551 1.18545405613258
1.28955853264779 1.31536831753328 1.68936977838166 1.55993748619221 1.21695002447814 1.86512161395513 1.10067132860422 0 0.940078056650236 1.52071380941197 1.88135699671693 1.32407718105242 1.87596210977063 1.8604202917777 1.74415198643692 1.12926198914647 1.70297576067969 1.14704643632285 1.15185520611703 1.71791533078067 1.3060664345976 1.57487313775346 1.8748083517421 1.2400942821987 1.28839355311356 1.45817586383782 1.83155030338094 1.54451459599659 1.3314880693797 1.32005142024718
1.00591857451946 1.42314199917018 0.990484719863161 1.65801876527257 1.47964708507061 1.47561818594113 1.62240517884493 0.940078056650236 0 1.37089305277914 1.48684142413549 0.98811285244301 1.48896059696563 1.90235302550718 1.85794314020313 1.20258305966854 1.39680711389519 1.56765927094966 1.4864694296848 1.60802806634456 1.02905527641997 1.03464231570251 1.65204918943346 1.73710816865787 1.55176237318665 1.44191052368842 1.49294628226198 0.932856252649799 1.09235426434316 1.07044904469512
1.2807408249937 1.17485692678019 1.37439718516544 1.79303333885036 1.82885795203038 1.07543138647452 1.70391749078408 1.52071380941197 1.37089305277914 0 1.81227762741037 1.14759613177739 1.68897997261956 1.04666167986579 1.87462993641384 1.29755198839121 1.90213721524924 1.5463029795792 1.5687936686445 1.09353089053184 1.05018631787971 1.42357069510035 0.988875134149566 0.943936494411901 1.08526901551522 1.62463136576116 1.24595498037525 1.05706032551825 1.12064797454514 1.89855573512614
1.31730833696201 0.984715098515153 1.46703818929382 1.90110625163652 1.57530744117685 1.78873555944301 1.84510704316199 1.88135699671693 1.48684142413549 1.81227762741037 0 1.39382377732545 1.85356892226264 1.51518397638574 1.59714789595455 1.24396431841888 1.79951407457702 1.01262456807308 1.51261273049749 1.30323590128683 1.81229499750771 1.36931535950862 1.3467498223763 1.86176280654036 1.33549273619428 1.52666493272409 1.00685500074178 1.55772785376757 0.975254799937829 1.39859645208344
1.69817232922651 1.91231830185279 1.50545278145 1.8825826656539 1.87723682867363 1.50765907531604 1.16331290523522 1.32407718105242 0.98811285244301 1.14759613177739 1.39382377732545 0 1.59390697930939 1.14355688239448 1.88238243362866 1.2328091589734 1.35448892274871 1.4946443005465 0.940036805579439 1.05225215433165 1.49138383031823 1.15611326880753 1.41662995330989 1.24267367273569 1.60020916815847 1.08864277671091 1.18355110147968 1.54766877158545 1.80404785345308 1.63061114726588
1.4075063271448 1.51673629530706 1.63536726939492 1.51024655043148 1.90529469586909 1.07391391601413 1.05276250909083 1.87596210977063 1.48896059696563 1.68897997261956 1.85356892226264 1.59390697930939 0 1.50639202655293 1.15437606954947 1.90877130581066 1.34703963575885 1.56170632247813 0.967007618164644 1.45768004958518 1.47777610528283 1.37113453820348 1.66910905600525 1.5871703333687 1.5847876870539 1.34647475741804 1.3646272807382 1.00443118507974 0.958007957553491 1.54729252378456
1.74275188683532 1.765301897889 1.75258412887342 1.62426130077802 1.46566773229279 1.01164844399318 1.38417994580232 1.8604202917777 1.90235302550718 1.04666167986579 1.51518397638574 1.14355688239448 1.50639202655293 0 1.00683380058035 1.01267859572545 1.86636109254323 1.90997179481201 1.3078531185165 1.56820828304626 1.32088271249086 1.27738799247891 1.30343334469944 1.73632806912065 1.82264387537725 1.70779315475374 1.32694380939938 1.47400816087611 1.33656157553196 1.22960980702192
1.42087727063335 1.05729649448767 0.975036949617788 0.929786764085293 1.35242157871835 0.988477955106646 1.36932412325405 1.74415198643692 1.85794314020313 1.87462993641384 1.59714789595455 1.88238243362866 1.15437606954947 1.00683380058035 0 1.54535497887991 1.50629406701773 1.18505183770321 1.14764467161149 1.13408679421991 1.7739336763043 1.7717423774302 1.90574718476273 1.64295158092864 1.70689440285787 1.79503175872378 1.69529394572601 1.88578527304344 1.03240425488912 1.90193656762131
0.985241403803229 1.02543780812994 1.59500524913892 1.41215858911164 1.48961916798726 1.00934669328853 1.54370979918167 1.12926198914647 1.20258305966854 1.29755198839121 1.24396431841888 1.2328091589734 1.90877130581066 1.01267859572545 1.54535497887991 0 1.42578598228283 1.24731883592904 1.15961202327162 1.31861273664981 1.4201889608521 1.37644856679253 1.12211909983307 1.1973913826514 1.70546240592375 1.45329203037545 1.41815564502031 1.90704379347153 0.955104175489396 1.47892172215506
1.04079177882522 1.3679419811815 1.26550292083994 1.32361636403948 1.43538607563823 1.26787732122466 1.59560220618732 1.70297576067969 1.39680711389519 1.90213721524924 1.79951407457702 1.35448892274871 1.34703963575885 1.86636109254323 1.50629406701773 1.42578598228283 0 1.13584262644872 1.91539180511609 1.70756599889137 1.12519828486256 1.8268631673418 1.88836439419538 1.33310918346979 1.27044424461201 1.29765620478429 1.87890870450065 1.79278895957395 1.25094672595151 1.56611983990297
1.53071269858629 1.68825880088843 1.0446615437977 1.37879363074899 1.87840789882466 1.87886442895979 0.944710217881948 1.14704643632285 1.56765927094966 1.5463029795792 1.01262456807308 1.4946443005465 1.56170632247813 1.90997179481201 1.18505183770321 1.24731883592904 1.13584262644872 0 1.70064509916119 1.5695648053661 1.21386053552851 1.08504811068997 1.90060561383143 0.934339880710468 1.91268781595863 1.24487005453557 1.60425896686502 1.51127303112298 1.36780311842449 1.03859055531211
1.45470697432756 1.91209322027862 1.72217560280114 1.44579595304094 1.10604390874505 0.978311377111822 1.80272686947137 1.15185520611703 1.4864694296848 1.5687936686445 1.51261273049749 0.940036805579439 0.967007618164644 1.3078531185165 1.14764467161149 1.15961202327162 1.91539180511609 1.70064509916119 0 1.00384392635897 1.25042072380893 1.10707974852994 1.61279440182261 1.30610266886652 0.965160364285111 1.62550236145034 1.51798482239246 1.587809874909 1.39292808831669 1.03456112206914
1.90332408435643 0.99786232272163 1.2620687528979 1.90446591866203 1.74413113412447 1.59409923129715 1.14876007591374 1.71791533078067 1.60802806634456 1.09353089053184 1.30323590128683 1.05225215433165 1.45768004958518 1.56820828304626 1.13408679421991 1.31861273664981 1.70756599889137 1.5695648053661 1.00384392635897 0 1.25292170676403 0.943779894383624 1.11465497640893 1.13689871272072 1.63634466007352 1.62334539275616 1.88534898823127 1.91624837741256 1.01549703651108 1.58505460247397
1.34145715623163 1.03727007913403 1.4684635787271 1.79834910691716 1.16774940863252 1.56476685311645 1.83353062369861 1.3060664345976 1.02905527641997 1.05018631787971 1.81229499750771 1.49138383031823 1.47777610528283 1.32088271249086 1.7739336763043 1.4201889608521 1.12519828486256 1.21386053552851 1.25042072380893 1.25292170676403 0 0.95869660563767 1.42063266783953 0.983987341169268 1.72890446311794 1.80829350650311 1.52686710632406 0.982872089836746 1.01394118717872 1.61752139101736
0.970067243557423 1.61298700771295 1.26747098471969 1.17673071473837 1.52482041111216 1.6633166349493 1.43718567164615 1.57487313775346 1.03464231570251 1.42357069510035 1.36931535950862 1.15611326880753 1.37113453820348 1.27738799247891 1.7717423774302 1.37644856679253 1.8268631673418 1.08504811068997 1.10707974852994 0.943779894383624 0.95869660563767 0 1.11863221949898 1.33150573587045 1.40739576495253 1.5199239817448 1.52103966823779 1.4960569946561 1.83840596233495 1.09612307394855
1.05252761486918 0.995282467454672 0.930710235144943 1.31150010973215 1.59086533007212 1.84826249512844 1.70636624726467 1.8748083517421 1.65204918943346 0.988875134149566 1.3467498223763 1.41662995330989 1.66910905600525 1.30343334469944 1.90574718476273 1.12211909983307 1.88836439419538 1.90060561383143 1.61279440182261 1.11465497640893 1.42063266783953 1.11863221949898 0 1.4627826968208 1.01243594149128 1.81241665757261 1.19932371284813 1.86385859455913 1.04610571195371 1.37140297912993
1.41977684898302 1.77147612976842 1.90837505739182 1.60305033973418 1.35451728710905 1.64175072149374 1.28301413054578 1.2400942821987 1.73710816865787 0.943936494411901 1.86176280654036 1.24267367273569 1.5871703333687 1.73632806912065 1.64295158092864 1.1973913826514 1.33310918346979 0.934339880710468 1.30610266886652 1.13689871272072 0.983987341169268 1.33150573587045 1.4627826968208 0 1.17734213615768 1.09806530852802 1.7914989835117 1.52161473943852 1.63873187522404 1.12745439680293
1.46622207644396 1.00320591568016 1.60470017045736 1.38173851068132 1.11598120140843 1.07635401980951 1.88636599201709 1.28839355311356 1.55176237318665 1.08526901551522 1.33549273619428 1.60020916815847 1.5847876870539 1.82264387537725 1.70689440285787 1.70546240592375 1.27044424461201 1.91268781595863 0.965160364285111 1.63634466007352 1.72890446311794 1.40739576495253 1.01243594149128 1.17734213615768 0 1.73069152119569 1.76515855221078 1.25959280715324 1.65554892853834 1.54216780676506
1.64058698690496 1.08879462210461 1.4140260736458 1.12620256096125 1.84349889378063 1.04151913081296 1.16711601009592 1.45817586383782 1.44191052368842 1.62463136576116 1.52666493272409 1.08864277671091 1.34647475741804 1.70779315475374 1.79503175872378 1.45329203037545 1.29765620478429 1.24487005453557 1.62550236145034 1.62334539275616 1.80829350650311 1.5199239817448 1.81241665757261 1.09806530852802 1.73069152119569 0 1.04782422445714 1.02253598347306 1.82375125959516 1.91032842057757
1.52458064816892 1.69353390159085 1.11473304429092 1.40808429406025 1.41809014603496 1.90130013762973 1.12650655116886 1.83155030338094 1.49294628226198 1.24595498037525 1.00685500074178 1.18355110147968 1.3646272807382 1.32694380939938 1.69529394572601 1.41815564502031 1.87890870450065 1.60425896686502 1.51798482239246 1.88534898823127 1.52686710632406 1.52103966823779 1.19932371284813 1.7914989835117 1.76515855221078 1.04782422445714 0 1.08026412129402 1.39166462724097 1.00208063493483
0.960480927024037 1.23793967114761 1.45513290539384 1.27839399548247 0.990711708785966 1.69205281604081 0.926012075506151 1.54451459599659 0.932856252649799 1.05706032551825 1.55772785376757 1.54766877158545 1.00443118507974 1.47400816087611 1.88578527304344 1.90704379347153 1.79278895957395 1.51127303112298 1.587809874909 1.91624837741256 0.982872089836746 1.4960569946561 1.86385859455913 1.52161473943852 1.25959280715324 1.02253598347306 1.08026412129402 0 0.971939583076164 1.89660505065694
1.4187721000053 1.72730268258601 1.6421228365507 1.74715814832598 1.78111411491409 1.36158549319953 0.939237257698551 1.3314880693797 1.09235426434316 1.12064797454514 0.975254799937829 1.80404785345308 0.958007957553491 1.33656157553196 1.03240425488912 0.955104175489396 1.25094672595151 1.36780311842449 1.39292808831669 1.01549703651108 1.01394118717872 1.83840596233495 1.04610571195371 1.63873187522404 1.65554892853834 1.82375125959516 1.39166462724097 0.971939583076164 0 1.23051776969805
1.91596486908384 1.31507135042921 1.8478524570819 1.50511970510706 1.54288835381158 1.33992867195047 1.18545405613258 1.32005142024718 1.07044904469512 1.89855573512614 1.39859645208344 1.63061114726588 1.54729252378456 1.22960980702192 1.90193656762131 1.47892172215506 1.56611983990297 1.03859055531211 1.03456112206914 1.58505460247397 1.61752139101736 1.09612307394855 1.37140297912993 1.12745439680293 1.54216780676506 1.91032842057757 1.00208063493483 1.89660505065694 1.23051776969805 0
