0 1.58029943448491 1.49407589505427 0.985511806793511 0.974088824819773 1.35312229115516 1.25054422090761 1.59390845848247 1.80733266682364 1.35253867250867 1.84482643031515 1.94538401137106 0.960568620590493 1.92287356662564 1.0848223590292 1.4194462923333 0.982906123623252 1.54669540096074 1.5066616286058 1.31259550317191 1.58140155114233 1.44104400277138 1.76131590199657 1.29641655925661 1.62225172878243 1.26262174220756 1.5920658968389 0.976339930435643 0.985303633846343 1.73669128865004
1.58029943448491 0 1.79562334227376 1.58912255172618 1.88711708923802 1.94266627752222 1.69855028972961 1.8596186384093 1.17204774054699 1.23463410092518 1.26618921780027 0.983516438864172 1.65361145953648 1.50274896342307 1.84013245347887 1.61186053673737 1.5073777101934 1.2718640177045 1.65288763097487 0.992222210159525 1.40694840671495 1.6592057379894 1.65991400112398 1.11789971170947 1.22758724470623 1.43623116472736 1.00974913057871 1.90784638095647 1.28734015347436 1.43430457497016
1.49407589505427 1.79562334227376 0 0.964073950890452 1.74896148662083 1.86604125401936 1.02113106101751 1.7221600683406 1.19793452788144 1.22469180403277 1.23288291925564 1.06412448687479 0.963934931205586 0.97512672888115 1.23678234685212 1.85177191975527 1.3428133118432 1.86213894956745 0.962323181563988 1.42102930904366 1.59582732571289 1.42389406403527 1.82895200513303 1.76992265763693 1.17770739458501 1.82255415525287 1.90172325517051 1.7043927970808 1.49933255347423 1.91000978648663
0.985511806793511 1.58912255172618 0.964073950890452 0 1.76544800982811 1.43976366287097 1.58035913482308 1.0765869684983 1.11943372734822 1.33787851990201 1.16514792758971 1.57355301221833 1.30448628775775 1.9392006797716 1.07536394498311 1.09683443210088 1.20014912332408 1.70276008360088 1.48411816055886 0.953108705347404 1.14314908976667 1.47175614745356 1.71498743211851 1.06190758524463 1.84112316253595 1.84070896171033 1.82132982439362 1.02430007676594 1.7322757137008 1.89970258343965
0.974088824819773 1.88711708923802 1.74896148662083 1.76544800982811 0 1.17170455609448 1.61575633380562 1.35739669250324 1.14038961753249 1.42362463939935 1.25888134143315 1.25616239570081 1.37709686695598 1.72531999833882 1.626831790898 1.72998955613002 1.37970771151595 1.59842292079702 1.49898050818592 1.92438295087777 1.02178094163537 1.51638587028719 1.73661214672029 1.8630477800034 1.74207806773484 1.80657357373275 1.23599302372895 1.19439861923456 1.54067298909649 1.89404031331651
1.35312229115516 1.94266627752222 1.86604125401936 1.43976366287097 1.17170455609448 0 1.48204890452325 1.4849066149909 1.1956462955568 1.77892967499793 1.08949468703941 1.21225058473647 1.88347035925835 1.68385695456527 1.7732049911283 1.36389078153297 1.27444728836417 0.952980279223993 1.79790225555189 1.84548936970532 1.20877228630707 1.17235463601537 1.26931893220171 1.5049326622393 1.63119622715749 1.37448049453087 1.87137612118386 1.61960998829454 1.59286668291315 1.22964974283241
1.25054422090761 1.69855028972961 1.02113106101751 1.58035913482308 1.61575633380562 1.48204890452325 0 1.94286156608723 1.37790189892985 1.2430229622405 1.84213004936464 1.57415992557071 1.78527351538651 1.11982772825286 1.14603259018622 1.70498194056563 1.89110487350263 1.21705761831254 0.975253972457722 1.86409329320304 1.62811529752798 1.23170695197769 1.81467846571468 1.92354478524067 1.507764298236 1.7746678814292 1.718393931631 1.50366858695634 1.07130933110602 1.74236152996309
1.59390845848247 1.8596186384093 1.7221600683406 1.0765869684983 1.35739669250324 1.4849066149909 1.94286156608723 0 1.77544586313888 1.39526331564412 1.24381201644428 1.42822423251346 1.04989774455316 1.55148725188337 1.22876500082202 1.4240529157687 1.33152321842499 1.60122402827255 1.90812697447836 1.04108279175125 1.55612108646892 1.54054099344648 1.83040666719899 1.39352085627615 1.08633770258166 1.01375577575527 1.61752946348861 1.39937579794787 0.958424919750541 1.1856319711078
1.80733266682364 1.17204774054699 1.19793452788144 1.11943372734822 1.14038961753249 1.1956462955568 1.37790189892985 1.77544586313888 0 1.91735658841208 1.36850368138403 1.01518955826759 1.46995265688747 1.78892319975421 1.01251438679174 1.80197556619532 1.21074441843666 1.18932485673577 1.83785619563423 1.6154535880778 1.23909266665578 1.74818053282797 1.80520895542577 1.50571516389027 1.40849923621863 1.66064519970678 1.02390888333321 1.13901685690507 1.42968370532617 1.17055812873878
1.35253867250867 1.23463410092518 1.22469180403277 1.33787851990201 1.42362463939935 1.77892967499793 1.2430229622405 1.39526331564412 1.91735658841208 0 1.74237428279594 1.16877085249871 1.16630448470823 1.23384539107792 1.90406780876219 1.74508279049769 1.30062367627397 1.92857266776264 1.84353656624444 1.75120700825937 1.84659688198008 1.02591637568548 1.61623935075477 1.86550402175635 1.5526638883166 1.64026742544957 1.67999192373827 1.02417444391176 1.15559828723781 1.37597923236899
1.84482643031515 1.26618921780027 1.23288291925564 1.16514792758971 1.25888134143315 1.08949468703941 1.84213004936464 1.24381201644428 1.36850368138403 1.74237428279594 0 1.61069952393882 1.41088127624243 1.29064550157636 1.74919341993518 1.74755347985774 1.14834301522933 1.77173967869021 1.66972003318369 1.28854089579545 1.4589949795045 1.63690329389647 1.24868246121332 1.03360135713592 1.60000489582308 1.17127777356654 1.61510348529555 1.85345708276145 1.53208143101074 1.28083077748306
1.94538401137106 0.983516438864172 1.06412448687479 1.57355301221833 1.25616239570081 1.21225058473647 1.57415992557071 1.42822423251346 1.01518955826759 1.16877085249871 1.61069952393882 0 1.93559430865571 1.70219251909293 1.85826004273258 1.57588744186796 1.25732902111486 1.79463597526774 1.38333550048992 1.02025052625686 1.35135513264686 1.56896228040569 1.00566080003045 1.04235002538189 1.50077908323146 1.34340658946894 0.999097163090482 1.13967337505892 1.09662267402746 1.32096564001404
0.960568620590493 1.65361145953648 0.963934931205586 1.30448628775775 1.37709686695598 1.88347035925835 1.78527351538651 1.04989774455316 1.46995265688747 1.16630448470823 1.41088127624243 1.93559430865571 0 1.44492630730383 1.00466131907888 1.58688167249784 1.83776201331057 1.89359284820966 1.85849415115081 1.6964692780748 1.5748386697378 1.71117382775992 1.78630837216042 1.68988643027842 1.11668954160996 1.68231809092686 1.41148796724156 1.34291942324489 1.65057110926136 1.55343049950898
1.92287356662564 1.50274896342307 0.97512672888115 1.9392006797716 1.72531999833882 1.68385695456527 1.11982772825286 1.55148725188337 1.78892319975421 1.23384539107792 1.29064550157636 1.70219251909293 1.44492630730383 0 1.26980666397139 1.54200855339877 1.69517984520644 1.53298837738112 1.82529195025563 1.44840480340645 1.18600508850068 1.72001214860938 1.87008973746561 1.40625594463199 1.62525911233388 1.58448082068935 1.57080654264428 1.60416212305427 1.19854581262916 1.51676241005771
1.0848223590292 1.84013245347887 1.23678234685212 1.07536394498311 1.626831790898 1.7732049911283 1.14603259018622 1.22876500082202 1.01251438679174 1.90406780876219 1.74919341993518 1.85826004273258 1.00466131907888 1.26980666397139 0 1.92058664676733 1.28925555711612 1.64591277926229 1.43659961712547 1.50478193582967 1.23140016919933 0.968778032111004 1.47307063592598 1.12991046928801 1.78564073867165 1.71892874315381 1.31681905547157 1.5866135484539 1.38424597494304 1.58608259237371
1.4194462923333 1.61186053673737 1.85177191975527 1.09683443210088 1.72998955613002 1.36389078153297 1.70498194056563 1.4240529157687 1.80197556619532 1.74508279049769 1.74755347985774 1.57588744186796 1.58688167249784 1.54200855339877 1.92058664676733 0 1.06617966946214 1.10873813088983 1.78259724820964 1.89685892802663 1.67195176682435 1.37897665053606 1.03410689742304 1.3605560483411 1.10637287818827 1.28105512913316 1.15832392591983 1.8696102576796 1.36638597236015 1.82317950902507
0.982906123623252 1.5073777101934 1.3428133118432 1.20014912332408 1.37970771151595 1.27444728836417 1.89110487350263 1.33152321842499 1.21074441843666 1.30062367627397 1.14834301522933 1.25732902111486 1.83776201331057 1.69517984520644 1.28925555711612 1.06617966946214 0 1.60878998949192 1.08026975020766 1.94596469262615 1.36814094777219 1.89667409053072 1.03993689129129 1.79825887852348 1.28198493062519 1.44417634909041 1.21252428018488 1.67379095056094 1.52124785981141 1.02015715232119
1.54669540096074 1.2718640177045 1.86213894956745 1.70276008360088 1.59842292079702 0.952980279223993 1.21705761831254 1.60122402827255 1.18932485673577 1.92857266776264 1.77173967869021 1.79463597526774 1.89359284820966 1.53298837738112 1.64591277926229 1.10873813088983 1.60878998949192 0 1.80891269445419 1.12105337507091 1.92512452532537 1.76009741099551 1.18101743073203 1.52756147924811 1.21270911069587 1.80255154985934 1.6720551175531 1.66923294588923 1.65489663695917 1.41797212231904
1.5066616286058 1.65288763097487 0.962323181563988 1.48411816055886 1.49898050818592 1.79790225555189 0.975253972457722 1.90812697447836 1.83785619563423 1.84353656624444 1.66972003318369 1.38333550048992 1.85849415115081 1.82529195025563 1.43659961712547 1.78259724820964 1.08026975020766 1.80891269445419 0 1.12652359739877 1.66613750276156 1.30460903793573 1.87864268198609 1.53708025952801 1.43784249690361 1.46551592834294 1.39306886587292 1.3214752629865 0.968173980014399 1.51371338218451
1.31259550317191 0.992222210159525 1.42102930904366 0.953108705347404 1.92438295087777 1.84548936970532 1.86409329320304 1.04108279175125 1.6154535880778 1.75120700825937 1.28854089579545 1.02025052625686 1.6964692780748 1.44840480340645 1.50478193582967 1.89685892802663 1.94596469262615 1.12105337507091 1.12652359739877 0 1.60557838552631 1.22343705361709 1.53681686962955 1.37663619359955 1.40650889580138 1.17105427756906 1.21585354534909 1.82374396268278 1.45342070097104 1.44368875212967
1.58140155114233 1.40694840671495 1.59582732571289 1.14314908976667 1.02178094163537 1.20877228630707 1.62811529752798 1.55612108646892 1.23909266665578 1.84659688198008 1.4589949795045 1.35135513264686 1.5748386697378 1.18600508850068 1.23140016919933 1.67195176682435 1.36814094777219 1.92512452532537 1.66613750276156 1.60557838552631 0 1.92986374185421 1.49761821143329 1.66264797514305 1.40323850698769 0.979934972710907 1.19002056191675 1.37179128080606 1.80422306340188 1.51780900149606
1.44104400277138 1.6592057379894 1.42389406403527 1.47175614745356 1.51638587028719 1.17235463601537 1.23170695197769 1.54054099344648 1.74818053282797 1.02591637568548 1.63690329389647 1.56896228040569 1.71117382775992 1.72001214860938 0.968778032111004 1.37897665053606 1.89667409053072 1.76009741099551 1.30460903793573 1.22343705361709 1.92986374185421 0 1.6598055921495 1.90177030395716 1.65137748443522 1.29281953000464 1.14153936365619 1.43735463754274 1.53527991776355 1.04671423393302
1.76131590199657 1.65991400112398 1.82895200513303 1.71498743211851 1.73661214672029 1.26931893220171 1.81467846571468 1.83040666719899 1.80520895542577 1.61623935075477 1.24868246121332 1.00566080003045 1.78630837216042 1.87008973746561 1.47307063592598 1.03410689742304 1.03993689129129 1.18101743073203 1.87864268198609 1.53681686962955 1.49761821143329 1.6598055921495 0 1.87502469820902 1.62234602333046 1.80650938069448 1.21188429486938 1.46688377205282 1.24019068363123 1.21311698178761
1.29641655925661 1.11789971170947 1.76992265763693 1.06190758524463 1.8630477800034 1.5049326622393 1.92354478524067 1.39352085627615 1.50571516389027 1.86550402175635 1.03360135713592 1.04235002538189 1.68988643027842 1.40625594463199 1.12991046928801 1.3605560483411 1.79825887852348 1.52756147924811 1.53708025952801 1.37663619359955 1.66264797514305 1.90177030395716 1.87502469820902 0 1.6523781453725 1.84398613357916 1.77744161779992 1.45030657551251 1.84022028534673 1.84012157190591
1.62225172878243 1.22758724470623 1.17770739458501 1.84112316253595 1.74207806773484 1.63119622715749 1.507764298236 1.08633770258166 1.40849923621863 1.5526638883166 1.60000489582308 1.50077908323146 1.11668954160996 1.62525911233388 1.78564073867165 1.10637287818827 1.28198493062519 1.21270911069587 1.43784249690361 1.40650889580138 1.40323850698769 1.65137748443522 1.62234602333046 1.6523781453725 0 1.22080315137282 1.305209873477 1.28297058492899 1.30633877287619 1.55458374740556
1.26262174220756 1.43623116472736 1.82255415525287 1.84070896171033 1.80657357373275 1.37448049453087 1.7746678814292 1.01375577575527 1.66064519970678 1.64026742544957 1.17127777356654 1.34340658946894 1.68231809092686 1.58448082068935 1.71892874315381 1.28105512913316 1.44417634909041 1.80255154985934 1.46551592834294 1.17105427756906 0.979934972710907 1.29281953000464 1.80650938069448 1.84398613357916 1.22080315137282 0 1.29995097289793 1.79612448276021 0.986043577315286 1.79336146614514
1.5920658968389 1.00974913057871 1.90172325517051 1.82132982439362 1.23599302372895 1.87137612118386 1.718393931631 1.61752946348861 1.02390888333321 1.67999192373827 1.61510348529555 0.999097163090482 1.41148796724156 1.57080654264428 1.31681905547157 1.15832392591983 1.21252428018488 1.6720551175531 1.39306886587292 1.21585354534909 1.19002056191675 1.14153936365619 1.21188429486938 1.77744161779992 1.305209873477 1.29995097289793 0 0.979887654073536 1.5995868712198 1.22515098238364
0.976339930435643 1.90784638095647 1.7043927970808 1.02430007676594 1.19439861923456 1.61960998829454 1.50366858695634 1.39937579794787 1.13901685690507 1.02417444391176 1.85345708276145 1.13967337505892 1.34291942324489 1.60416212305427 1.5866135484539 1.8696102576796 1.67379095056094 1.66923294588923 1.3214752629865 1.82374396268278 1.37179128080606 1.43735463754274 1.46688377205282 1.45030657551251 1.28297058492899 1.79612448276021 0.979887654073536 0 1.01885852357373 1.77890954702161
0.985303633846343 1.28734015347436 1.49933255347423 1.7322757137008 1.54067298909649 1.59286668291315 1.07130933110602 0.958424919750541 1.42968370532617 1.15559828723781 1.53208143101074 1.09662267402746 1.65057110926136 1.19854581262916 1.38424597494304 1.36638597236015 1.52124785981141 1.65489663695917 0.968173980014399 1.45342070097104 1.80422306340188 1.53527991776355 1.24019068363123 1.84022028534673 1.30633877287619 0.986043577315286 1.5995868712198 1.01885852357373 0 1.29141391860321
1.73669128865004 1.43430457497016 1.91000978648663 1.89970258343965 1.89404031331651 1.22964974283241 1.74236152996309 1.1856319711078 1.17055812873878 1.37597923236899 1.28083077748306 1.32096564001404 1.55343049950898 1.51676241005771 1.58608259237371 1.82317950902507 1.02015715232119 1.41797212231904 1.51371338218451 1.44368875212967 1.51780900149606 1.04671423393302 1.21311698178761 1.84012157190591 1.55458374740556 1.79336146614514 1.22515098238364 1.77890954702161 1.29141391860321 0
