0 1.81137786456384 1.34207485523075 1.47140946029685 1.0860370437149 1.24751366488636 1.03024168987758 1.71944144414738 1.03433027933352 1.83847282547504 1.37434340617619 0.991377695696428 1.29620473994873 1.3784226118587 1.06626332388259 1.07423353870399 1.03054897580296 1.64810136659071 1.46057621878572 1.35767417470925 1.89566354104318 1.62005842570215 1.8775287931785 1.68810370122083 1.10313125094399 1.46490992419422 1.35027218190953 1.83997804764658 1.13756761141121 1.45108577329665
1.81137786456384 0 1.80202737427317 1.17360747070052 1.48536646715365 1.2689063877333 1.79259891901165 1.39724120288156 1.49591851281002 1.59286423167214 1.68275943957269 1.34654748509638 1.2879880045075 1.10477071884088 1.90117209218442 1.03259074571542 1.08517552004196 1.04775106813759 1.6302250509616 1.66655426705256 1.78885867912322 1.70054956432432 1.65746144740842 1.51171348639764 1.82343255961314 1.41706089861691 1.01681960257702 1.29066377691925 1.34842755552381 1.2245730261784
1.34207485523075 1.80202737427317 0 1.4730502536986 1.63555137324147 1.94316104310565 1.43714759708382 1.85272395866923 1.82321631070226 1.39346985775046 1.95080893998966 1.25241173338145 1.84971110173501 1.46970082563348 1.93740546680056 1.0817947210744 1.70876280404627 1.91162895760499 1.11525109014474 1.93852457171306 1.64470150088891 1.10871089971624 1.79808153794147 1.1170213019941 1.43872224143706 1.2213233478833 1.26563418656588 1.38952050055377 1.56361807580106 1.65447300486267
1.47140946029685 1.17360747070052 1.4730502536986 0 1.20784235280007 1.89836969063617 1.41008390719071 1.76785259484313 1.32557572214864 1.18203851720318 1.9441567172762 0.965722669381648 1.0446511793416 1.72445576521568 0.99232300883159 0.970055838814005 1.53807225544006 1.56481123249978 1.0484526399523 1.51883819838986 1.90696775028482 1.70327541115694 1.85210487153381 1.52458689222112 1.54301115940325 1.06003541988321 1.01933518680744 1.94645271031186 1.93784574558958 1.08162608509883
1.0860370437149 1.48536646715365 1.63555137324147 1.20784235280007 0 1.07569107785821 1.90812705969438 1.12296013184823 1.55195161793381 1.78947306005284 1.62585582863539 1.57348294416443 1.61088498472236 1.39396065683104 1.79336664872244 1.49577051657252 1.42920631868765 1.45710050989874 1.5659781456925 1.75606950209476 1.71932292566635 1.33696100837551 1.69810676504858 1.12858765316196 1.75811160169542 1.37861369480379 1.14424619171768 1.19612414343283 1.81750802090392 1.47614907985553
1.24751366488636 1.2689063877333 1.94316104310565 1.89836969063617 1.07569107785821 0 1.79417834291235 1.60702582099475 1.39746632915922 1.11409784620628 1.31393456133083 1.6349191814661 1.61345894355327 1.62064139335416 1.12804449512623 1.16901678661816 1.18838910060003 1.53964059217833 1.80416768998839 1.73457900155336 1.2484480952844 1.15473989746533 1.81327166990377 1.8179087091703 1.51289706723765 1.48403982189484 1.23994601727463 1.48630782146938 1.57243952504359 1.36765481182374
1.03024168987758 1.79259891901165 1.43714759708382 1.41008390719071 1.90812705969438 1.79417834291235 0 1.54298882023431 1.86031556758098 1.69990921765566 1.76115794293582 1.28350630542263 1.22071116045117 1.20349993440323 1.00259951292537 1.51657807826996 1.01457827887498 1.4393227128312 1.1063575912267 1.60748193599284 1.43645018688403 1.36414514295757 1.41781601146795 1.6401892027352 1.78480335418135 1.54054516367614 1.14686033362523 1.33298166282475 1.45198970404454 1.41064837854356
1.71944144414738 1.39724120288156 1.85272395866923 1.76785259484313 1.12296013184823 1.60702582099475 1.54298882023431 0 1.29241003724746 1.45793033763766 1.79765363386832 1.27668426884338 1.28980269725434 1.100237544626 1.07517561945133 1.35966433398426 0.965193005744368 1.7496852488257 1.00026510632597 1.65776101010852 1.12452511396259 1.40922480681911 1.78329276130535 1.31870002183132 1.38658114336431 1.7448531135451 1.88692932552658 1.5629478644114 1.03588474332355 1.1989151253365
1.03433027933352 1.49591851281002 1.82321631070226 1.32557572214864 1.55195161793381 1.39746632915922 1.86031556758098 1.29241003724746 0 1.68465829174966 1.2784932188224 1.59014645288698 1.46565239247866 1.60708541702479 1.54059160454199 1.01007201289758 1.4812827561982 1.79309848113917 1.48662505485117 1.3182165613398 1.16220289026387 1.90777731221169 1.25432629138231 1.29394087055698 1.57159733097069 1.88080863514915 1.3030696506612 1.69679203839041 1.83602027432062 1.91707410174422
1.83847282547504 1.59286423167214 1.39346985775046 1.18203851720318 1.78947306005284 1.11409784620628 1.69990921765566 1.45793033763766 1.68465829174966 0 1.68902134359814 1.75530163152143 1.72074802988209 1.35727656492963 1.54233129858039 1.77399789891206 1.64079942228273 0.985176139743999 1.11600395920686 1.91941161919385 1.90572007163428 1.45788028812967 1.96003188705072 1.75936290062964 1.7402510298416 1.85691794683225 1.17975777829997 0.986847802065313 1.40156398387626 1.86701891152188
1.37434340617619 1.68275943957269 1.95080893998966 1.9441567172762 1.62585582863539 1.31393456133083 1.76115794293582 1.79765363386832 1.2784932188224 1.68902134359814 0 1.66509219328873 1.34195327712223 1.13938896474428 1.30753592331894 1.88000145391561 1.5811398033984 1.14313870668411 1.54226283240132 1.13802394364029 1.92984816525131 1.65431711706333 1.75890866131522 1.17941051907837 1.45236372551881 1.56513649458066 1.10889553464949 1.67600397625938 1.32204290688969 1.6729390528053
0.991377695696428 1.34654748509638 1.25241173338145 0.965722669381648 1.57348294416443 1.6349191814661 1.28350630542263 1.27668426884338 1.59014645288698 1.75530163152143 1.66509219328873 0 1.76868274435401 1.21666432544589 1.07959860912524 1.4712896454148 0.977339568082243 1.13970120507292 1.86121986550279 1.36206182953902 1.710891317809 1.94288539583795 1.84020689316094 1.81805668445304 1.0503360517323 0.979536664439365 1.53823151183315 1.80966968997382 1.71631662268192 1.58247032365762
1.29620473994873 1.2879880045075 1.84971110173501 1.0446511793416 1.61088498472236 1.61345894355327 1.22071116045117 1.28980269725434 1.46565239247866 1.72074802988209 1.34195327712223 1.76868274435401 0 1.84683558205143 1.01392266270705 1.61326606874354 1.2510728915222 1.92357623483986 1.27145138452761 1.36238888907246 1.29866323247552 1.50145367369987 1.11446083732881 1.60504676238634 1.44256575452164 1.29932326171547 1.48516963818111 1.90896696923301 1.6819014349021 1.02916563837789
1.3784226118587 1.10477071884088 1.46970082563348 1.72445576521568 1.39396065683104 1.62064139335416 1.20349993440323 1.100237544626 1.60708541702479 1.35727656492963 1.13938896474428 1.21666432544589 1.84683558205143 0 1.08130302233621 1.26343194814399 1.78607221855782 1.68471789639443 1.50514007522725 1.85417972109281 1.47218548995443 1.61967467400245 1.62521995208226 1.79931940953247 1.81970881903544 1.88259870838374 1.91174851218238 1.63902317150496 1.44725886359811 1.50986030651256
1.06626332388259 1.90117209218442 1.93740546680056 0.99232300883159 1.79336664872244 1.12804449512623 1.00259951292537 1.07517561945133 1.54059160454199 1.54233129858039 1.30753592331894 1.07959860912524 1.01392266270705 1.08130302233621 0 1.64775833510794 1.49017019360326 1.75014668377116 1.02008435549214 1.82808619225398 1.4493000919465 1.15893366467208 1.51642942335457 1.18842520401813 1.07733546709642 1.30380700482056 1.37617228389718 1.71861427323893 1.95019814861007 1.64942354476079
1.07423353870399 1.03259074571542 1.0817947210744 0.970055838814005 1.49577051657252 1.16901678661816 1.51657807826996 1.35966433398426 1.01007201289758 1.77399789891206 1.88000145391561 1.4712896454148 1.61326606874354 1.26343194814399 1.64775833510794 0 1.18400773499161 1.31603171094321 1.1232741929125 1.40337368892506 1.87730985041708 1.91235657571815 1.55683303438127 1.22255123453215 1.60081402678043 1.26498253643513 1.89905112353154 1.30516377300955 1.70740548893809 1.03337587416172
1.03054897580296 1.08517552004196 1.70876280404627 1.53807225544006 1.42920631868765 1.18838910060003 1.01457827887498 0.965193005744368 1.4812827561982 1.64079942228273 1.5811398033984 0.977339568082243 1.2510728915222 1.78607221855782 1.49017019360326 1.18400773499161 0 1.58791958703659 1.05936952144839 1.56751162093133 1.91114699235186 1.63001897488721 1.51647407957353 1.84266387135722 1.30219479952939 1.95687623252161 1.86421210761182 1.82290557189845 1.4114600662142 1.16196281393059
1.64810136659071 1.04775106813759 1.91162895760499 1.56481123249978 1.45710050989874 1.53964059217833 1.4393227128312 1.7496852488257 1.79309848113917 0.985176139743999 1.14313870668411 1.13970120507292 1.92357623483986 1.68471789639443 1.75014668377116 1.31603171094321 1.58791958703659 0 1.59159506508149 1.92608291842043 1.91749144857749 1.15654898900539 1.48948047775775 1.30108939530328 1.59619332593866 1.38975742552429 1.00503871752881 1.25507980235852 1.68574920622632 1.58281454094686
1.46057621878572 1.6302250509616 1.11525109014474 1.0484526399523 1.5659781456925 1.80416768998839 1.1063575912267 1.00026510632597 1.48662505485117 1.11600395920686 1.54226283240132 1.86121986550279 1.27145138452761 1.50514007522725 1.02008435549214 1.1232741929125 1.05936952144839 1.59159506508149 0 1.91945923725143 1.89012648817152 1.94306873623282 1.18991297180764 1.45717323594727 1.3965254756622 1.1264139492996 1.46566975000314 1.22049472015351 1.43770392145962 1.43882822012529
1.35767417470925 1.66655426705256 1.93852457171306 1.51883819838986 1.75606950209476 1.73457900155336 1.60748193599284 1.65776101010852 1.3182165613398 1.91941161919385 1.13802394364029 1.36206182953902 1.36238888907246 1.85417972109281 1.82808619225398 1.40337368892506 1.56751162093133 1.92608291842043 1.91945923725143 0 1.83226337493397 1.24583828356117 1.14458614541218 1.23022244032472 1.37371457903646 1.69947274215519 1.79661199450493 0.994846007088199 1.1290297547821 1.85416837991215
1.89566354104318 1.78885867912322 1.64470150088891 1.90696775028482 1.71932292566635 1.2484480952844 1.43645018688403 1.12452511396259 1.16220289026387 1.90572007163428 1.92984816525131 1.710891317809 1.29866323247552 1.47218548995443 1.4493000919465 1.87730985041708 1.91114699235186 1.91749144857749 1.89012648817152 1.83226337493397 0 1.31005331501365 1.36574885668233 1.02473053638823 1.89168706652708 1.29322442109697 1.7825811302755 1.03719980386086 1.64045946346596 1.7958542292472
1.62005842570215 1.70054956432432 1.10871089971624 1.70327541115694 1.33696100837551 1.15473989746533 1.36414514295757 1.40922480681911 1.90777731221169 1.45788028812967 1.65431711706333 1.94288539583795 1.50145367369987 1.61967467400245 1.15893366467208 1.91235657571815 1.63001897488721 1.15654898900539 1.94306873623282 1.24583828356117 1.31005331501365 0 1.58688378892839 1.57007690123282 1.87468772754073 1.25532488594763 1.0642624986358 1.29463059618138 1.46687640622258 1.13656326103956
1.8775287931785 1.65746144740842 1.79808153794147 1.85210487153381 1.69810676504858 1.81327166990377 1.41781601146795 1.78329276130535 1.25432629138231 1.96003188705072 1.75890866131522 1.84020689316094 1.11446083732881 1.62521995208226 1.51642942335457 1.55683303438127 1.51647407957353 1.48948047775775 1.18991297180764 1.14458614541218 1.36574885668233 1.58688378892839 0 1.27842800668441 1.89919848251157 1.49219910078682 1.49875677470118 0.98135706409812 1.68714309320785 1.88710269029252
1.68810370122083 1.51171348639764 1.1170213019941 1.52458689222112 1.12858765316196 1.8179087091703 1.6401892027352 1.31870002183132 1.29394087055698 1.75936290062964 1.17941051907837 1.81805668445304 1.60504676238634 1.79931940953247 1.18842520401813 1.22255123453215 1.84266387135722 1.30108939530328 1.45717323594727 1.23022244032472 1.02473053638823 1.57007690123282 1.27842800668441 0 1.46458008047193 1.2885584696196 1.17769022495486 1.82063379068859 1.84746858850121 1.48577542486601
1.10313125094399 1.82343255961314 1.43872224143706 1.54301115940325 1.75811160169542 1.51289706723765 1.78480335418135 1.38658114336431 1.57159733097069 1.7402510298416 1.45236372551881 1.0503360517323 1.44256575452164 1.81970881903544 1.07733546709642 1.60081402678043 1.30219479952939 1.59619332593866 1.3965254756622 1.37371457903646 1.89168706652708 1.87468772754073 1.89919848251157 1.46458008047193 0 1.1204152754508 1.1439246237278 1.41152165387757 1.55996835697442 1.53223825665191
1.46490992419422 1.41706089861691 1.2213233478833 1.06003541988321 1.37861369480379 1.48403982189484 1.54054516367614 1.7448531135451 1.88080863514915 1.85691794683225 1.56513649458066 0.979536664439365 1.29932326171547 1.88259870838374 1.30380700482056 1.26498253643513 1.95687623252161 1.38975742552429 1.1264139492996 1.69947274215519 1.29322442109697 1.25532488594763 1.49219910078682 1.2885584696196 1.1204152754508 0 1.0875343750231 1.50521886930801 1.49375939462334 1.1503583274316
1.35027218190953 1.01681960257702 1.26563418656588 1.01933518680744 1.14424619171768 1.23994601727463 1.14686033362523 1.88692932552658 1.3030696506612 1.17975777829997 1.10889553464949 1.53823151183315 1.48516963818111 1.91174851218238 1.37617228389718 1.89905112353154 1.86421210761182 1.00503871752881 1.46566975000314 1.79661199450493 1.7825811302755 1.0642624986358 1.49875677470118 1.17769022495486 1.1439246237278 1.0875343750231 0 1.00392080610618 1.66613574838266 1.44103055726737
1.83997804764658 1.29066377691925 1.38952050055377 1.94645271031186 1.19612414343283 1.48630782146938 1.33298166282475 1.5629478644114 1.69679203839041 0.986847802065313 1.67600397625938 1.80966968997382 1.90896696923301 1.63902317150496 1.71861427323893 1.30516377300955 1.82290557189845 1.25507980235852 1.22049472015351 0.994846007088199 1.03719980386086 1.29463059618138 0.98135706409812 1.82063379068859 1.41152165387757 1.50521886930801 1.00392080610618 0 1.92043583956547 1.51584716886282
1.13756761141121 1.34842755552381 1.56361807580106 1.93784574558958 1.81750802090392 1.57243952504359 1.45198970404454 1.03588474332355 1.83602027432062 1.40156398387626 1.32204290688969 1.71631662268192 1.6819014349021 1.44725886359811 1.95019814861007 1.70740548893809 1.4114600662142 1.68574920622632 1.43770392145962 1.1290297547821 1.64045946346596 1.46687640622258 1.68714309320785 1.84746858850121 1.55996835697442 1.49375939462334 1.66613574838266 1.92043583956547 0 1.6923564649187
1.45108577329665 1.2245730261784 1.65447300486267 1.08162608509883 1.47614907985553 1.36765481182374 1.41064837854356 1.1989151253365 1.91707410174422 1.86701891152188 1.6729390528053 1.58247032365762 1.02916563837789 1.50986030651256 1.64942354476079 1.03337587416172 1.16196281393059 1.58281454094686 1.43882822012529 1.85416837991215 1.7958542292472 1.13656326103956 1.88710269029252 1.48577542486601 1.53223825665191 1.1503583274316 1.44103055726737 1.51584716886282 1.6923564649187 0
