0 1.80880163679831 1.11729939817451 1.27635459951125 1.55818703398108 1.52109383535571 1.2029900716152 1.06370935984887 0.895554104121402 1.22826046636328 1.80554559035227 1.18165051215328 1.88597926148213 1.5529994328972 1.70366704557091 1.37835675221868 0.907630998874083 1.04769083182327 1.86337225441821 1.12919408129528 1.3564989597071 1.34658539644442 1.28381806821562 1.60870400001295 0.906964109744877 0.979086595587432 1.26996278716251 1.53823249228299 1.15785860037431 1.07199563691393
1.80880163679831 0 1.63259357842617 1.40160576044582 1.16651037894189 0.945839702617377 1.31142781674862 1.12112246686593 1.55935030058026 1.25481216446497 1.75572454906069 1.60845078574494 1.38786539086141 1.28602597652934 1.03122988645919 1.69421278988011 1.57900315173902 1.48231839598157 1.27027936466038 1.64108574367128 1.65461545204744 1.78465264337137 1.08080262923613 1.64458768628538 1.44564561592415 1.25120366411284 1.7715583271347 1.32013357430696 1.36570348590612 1.03824637993239
1.11729939817451 1.63259357842617 0 1.38817370147444 1.24412899301387 0.938449724810198 1.04988752608187 1.38799384771846 0.914702811511233 1.31051109055988 1.40891733462922 1.54486800846644 1.21728032687679 1.24714017985389 1.67229014937766 1.62019038456492 1.18270865711384 0.973849930800498 1.04313085670583 1.0851614237763 1.01197221409529 1.44962282618508 1.7736263575498 1.80294153490104 1.72386257024482 1.85912547307089 1.15311074513011 1.58109575184062 0.954288192326203 1.29283302417025
1.27635459951125 1.40160576044582 1.38817370147444 0 1.76126540848054 1.38121876353398 1.42239561397582 1.45320062013343 1.86234878911637 1.35434400942177 1.43872064352036 1.62236699531786 1.02499535237439 1.37210645759478 1.45151159726083 1.21139274560846 1.66519966744818 1.29196875193156 1.50171982566826 1.38025018852204 1.04618778917938 1.04101480729878 1.57873300183564 1.83864652202465 1.35514739318751 1.66038916981779 1.39201089879498 1.20669454382733 1.12381514837034 1.75599363422953
1.55818703398108 1.16651037894189 1.24412899301387 1.76126540848054 0 1.82892968365923 0.969188985414803 1.5116183666978 1.37142652552575 0.984114985913038 1.51999447355047 1.82796002994291 1.63175054057501 1.80932525335811 1.16968728019856 1.21720710629597 1.70678749401122 1.53560155560263 1.24800687865354 1.75631390535273 1.19255206501111 1.70855064922944 1.85382152930833 0.913033467018977 1.45885893562809 1.82873212732375 0.965491033857688 1.33752747112885 1.70443175337277 1.15747049357742
1.52109383535571 0.945839702617377 0.938449724810198 1.38121876353398 1.82892968365923 0 1.46516414475627 1.42464889679104 0.896932311821729 1.66328288684599 1.41989364265464 1.64594432432204 1.79903998435475 1.68540700851008 1.75423620990478 1.38748184754513 1.63158778171055 1.32445285096765 1.65367725188844 1.41060954262502 1.26037574931979 0.971229550428689 1.8779263664037 1.12250392301939 1.62856781575829 1.582794791786 1.3842695930507 1.73083699028939 1.42103936965577 1.45155493612401
1.2029900716152 1.31142781674862 1.04988752608187 1.42239561397582 0.969188985414803 1.46516414475627 0 1.08509952598251 0.892258414532989 1.66813390585594 1.29029791313224 1.28715209686197 1.37658321112394 1.21933388244361 1.2075791133102 0.954323257086799 1.51198345515877 1.26575705455616 1.74145562760532 1.68753163609654 1.22717137169093 1.72459488874301 1.16859462787397 1.65884709195234 1.56710118381307 1.62494372506626 1.64098076452501 1.40977831673808 1.82719472632743 1.80393747240305
1.06370935984887 1.12112246686593 1.38799384771846 1.45320062013343 1.5116183666978 1.42464889679104 1.08509952598251 0 1.56785939214751 1.699987947708 1.65734543954022 1.06081241811626 1.77364983921871 1.85697852261364 1.58959982241504 1.81125241471455 1.79706498538144 1.21973303076811 1.63393597747199 0.920408677775413 1.52654844266362 1.25408715638332 1.704670103034 1.17527212505229 1.13036883017048 1.65670238970779 1.69229818833992 1.65836009336635 1.14694684254937 1.08865736820735
0.895554104121402 1.55935030058026 0.914702811511233 1.86234878911637 1.37142652552575 0.896932311821729 0.892258414532989 1.56785939214751 0 1.49817380355671 1.4500275796745 1.71999667584896 1.12355962535366 0.910399289336056 1.64137499080971 1.57353276200593 1.5162460708525 0.946805227315053 0.999041013419628 1.61328822141513 1.4982659611851 1.78685356071219 1.03700925828889 1.48276485083625 1.33183381729759 1.82729805330746 1.29080408322625 1.35881981183775 1.14434621902183 1.05220410088077
1.22826046636328 1.25481216446497 1.31051109055988 1.35434400942177 0.984114985913038 1.66328288684599 1.66813390585594 1.699987947708 1.49817380355671 0 1.87642097100616 1.01256456435658 1.79828589432873 1.65082789515145 1.57820224156603 1.78358492651023 1.72034672182053 1.53464175038971 1.18196227960289 1.27640937571414 1.28505847603083 1.76680279453285 1.54483000235632 1.27691503684036 1.72274407884106 1.68571521970443 1.31893709697761 1.15440609259531 1.58083434472792 0.925718761980534
1.80554559035227 1.75572454906069 1.40891733462922 1.43872064352036 1.51999447355047 1.41989364265464 1.29029791313224 1.65734543954022 1.4500275796745 1.87642097100616 0 1.65109338308685 1.54694220051169 0.926757891429588 1.35805039596744 1.54539259453304 1.0464554221835 1.02894318057224 1.78170115896501 1.47054658038542 0.949779701419175 1.5095392705407 1.24392553791404 0.940674535231665 1.66156601370312 1.85316352848895 1.27661690069363 1.04014355642721 1.84338549221866 1.27023044927046
1.18165051215328 1.60845078574494 1.54486800846644 1.62236699531786 1.82796002994291 1.64594432432204 1.28715209686197 1.06081241811626 1.71999667584896 1.01256456435658 1.65109338308685 0 1.63797180564143 1.51095384778455 1.32375434832647 1.29087313776836 1.28371427953243 1.3180218799971 1.1641243903432 1.86627574055456 1.88713921024464 1.47614654782228 1.77147699077614 1.47319693607278 1.66813558712602 1.52463143505156 1.71139155630954 1.13507458451204 1.08679936663248 1.68157688481733
1.88597926148213 1.38786539086141 1.21728032687679 1.02499535237439 1.63175054057501 1.79903998435475 1.37658321112394 1.77364983921871 1.12355962535366 1.79828589432873 1.54694220051169 1.63797180564143 0 1.58299686037935 1.06789475027472 1.32023814017884 1.47555368673056 1.88277250877582 1.54143237276003 0.957541626179591 1.44550505117513 1.87092158803716 0.901209240080789 1.7196381338872 0.979015151737258 1.20472160726786 1.86972940876149 1.17450573667884 1.30945739359595 1.07117840531282
1.5529994328972 1.28602597652934 1.24714017985389 1.37210645759478 1.80932525335811 1.68540700851008 1.21933388244361 1.85697852261364 0.910399289336056 1.65082789515145 0.926757891429588 1.51095384778455 1.58299686037935 0 1.15621847542934 1.08929928112775 1.80702679068781 1.62425376055762 1.3248079419136 1.49847408756614 1.21185654238798 1.01235071825795 1.40235674404539 1.32283462816849 1.33668567379937 1.04545008577406 1.76562133757398 1.00195125187747 1.17983262916096 1.2714474205859
1.70366704557091 1.03122988645919 1.67229014937766 1.45151159726083 1.16968728019856 1.75423620990478 1.2075791133102 1.58959982241504 1.64137499080971 1.57820224156603 1.35805039596744 1.32375434832647 1.06789475027472 1.15621847542934 0 0.945249305106699 1.76095262542367 0.997967953793705 1.5231868380215 1.47791658132337 1.50884441426024 1.18202994950116 0.959127191221341 1.61863284581341 1.40996018936858 1.36107719154097 1.70735461101867 1.80343450256623 0.978350731078535 1.28497421508655
1.37835675221868 1.69421278988011 1.62019038456492 1.21139274560846 1.21720710629597 1.38748184754513 0.954323257086799 1.81125241471455 1.57353276200593 1.78358492651023 1.54539259453304 1.29087313776836 1.32023814017884 1.08929928112775 0.945249305106699 0 1.56967881484888 1.18859765585512 1.09853004710749 1.73460642504506 1.54678365075961 1.56801599962637 1.63501679617912 1.1945029234048 1.00206076796167 1.50533042056486 1.46247366373427 1.22474074363708 1.06226903037168 0.899524020263925
0.907630998874083 1.57900315173902 1.18270865711384 1.66519966744818 1.70678749401122 1.63158778171055 1.51198345515877 1.79706498538144 1.5162460708525 1.72034672182053 1.0464554221835 1.28371427953243 1.47555368673056 1.80702679068781 1.76095262542367 1.56967881484888 0 1.00734135438688 1.36646812595427 1.61189628741704 1.49848595284857 1.53009741823189 1.30512198642828 0.927775425836444 1.3693427646067 1.08329980447888 1.01681637740694 1.84567275061272 1.62570217298344 1.53499554214068
1.04769083182327 1.48231839598157 0.973849930800498 1.29196875193156 1.53560155560263 1.32445285096765 1.26575705455616 1.21973303076811 0.946805227315053 1.53464175038971 1.02894318057224 1.3180218799971 1.88277250877582 1.62425376055762 0.997967953793705 1.18859765585512 1.00734135438688 0 1.41963798808865 1.87254834268242 1.74111237726174 1.54291726462543 1.36422678804956 1.56798836891539 1.74760587606579 1.38926327507943 1.02316373423673 0.997555271955207 1.75740674021654 1.47655443288386
1.86337225441821 1.27027936466038 1.04313085670583 1.50171982566826 1.24800687865354 1.65367725188844 1.74145562760532 1.63393597747199 0.999041013419628 1.18196227960289 1.78170115896501 1.1641243903432 1.54143237276003 1.3248079419136 1.5231868380215 1.09853004710749 1.36646812595427 1.41963798808865 0 1.53828876814805 1.60345484223217 1.13153783325106 1.61118206591345 1.51670385105535 1.39737200806849 1.05218376033008 1.37188303214498 1.83897030539811 1.47423577751033 1.31601504608989
1.12919408129528 1.64108574367128 1.0851614237763 1.38025018852204 1.75631390535273 1.41060954262502 1.68753163609654 0.920408677775413 1.61328822141513 1.27640937571414 1.47054658038542 1.86627574055456 0.957541626179591 1.49847408756614 1.47791658132337 1.73460642504506 1.61189628741704 1.87254834268242 1.53828876814805 0 1.81060830294155 1.82130947383121 1.33650569897145 0.989521571900696 1.8538063026499 1.54423907166347 1.38971543242224 1.5830777133815 1.62283242307603 1.60642500733957
1.3564989597071 1.65461545204744 1.01197221409529 1.04618778917938 1.19255206501111 1.26037574931979 1.22717137169093 1.52654844266362 1.4982659611851 1.28505847603083 0.949779701419175 1.88713921024464 1.44550505117513 1.21185654238798 1.50884441426024 1.54678365075961 1.49848595284857 1.74111237726174 1.60345484223217 1.81060830294155 0 1.16846255376004 1.46881375345401 1.53247562143952 1.49597357702442 0.989573268452659 1.67142421589233 1.15227596880868 1.69898972730152 1.71079477039166
1.34658539644442 1.78465264337137 1.44962282618508 1.04101480729878 1.70855064922944 0.971229550428689 1.72459488874301 1.25408715638332 1.78685356071219 1.76680279453285 1.5095392705407 1.47614654782228 1.87092158803716 1.01235071825795 1.18202994950116 1.56801599962637 1.53009741823189 1.54291726462543 1.13153783325106 1.82130947383121 1.16846255376004 0 1.86364932800643 0.904473769944161 1.29380896990187 1.47194318473339 1.13386549474671 1.05940154078417 0.943165352102369 1.50820022169501
1.28381806821562 1.08080262923613 1.7736263575498 1.57873300183564 1.85382152930833 1.8779263664037 1.16859462787397 1.704670103034 1.03700925828889 1.54483000235632 1.24392553791404 1.77147699077614 0.901209240080789 1.40235674404539 0.959127191221341 1.63501679617912 1.30512198642828 1.36422678804956 1.61118206591345 1.33650569897145 1.46881375345401 1.86364932800643 0 1.26280574221164 1.35251191980205 1.60191145096906 1.46632345928811 1.60762101621367 1.42442303756252 1.12324633751996
1.60870400001295 1.64458768628538 1.80294153490104 1.83864652202465 0.913033467018977 1.12250392301939 1.65884709195234 1.17527212505229 1.48276485083625 1.27691503684036 0.940674535231665 1.47319693607278 1.7196381338872 1.32283462816849 1.61863284581341 1.1945029234048 0.927775425836444 1.56798836891539 1.51670385105535 0.989521571900696 1.53247562143952 0.904473769944161 1.26280574221164 0 1.83056576433592 1.59198496025056 1.39860309753567 1.13298718375154 1.5038187741302 0.897705457173288
0.906964109744877 1.44564561592415 1.72386257024482 1.35514739318751 1.45885893562809 1.62856781575829 1.56710118381307 1.13036883017048 1.33183381729759 1.72274407884106 1.66156601370312 1.66813558712602 0.979015151737258 1.33668567379937 1.40996018936858 1.00206076796167 1.3693427646067 1.74760587606579 1.39737200806849 1.8538063026499 1.49597357702442 1.29380896990187 1.35251191980205 1.83056576433592 0 1.52119971532375 1.30862740427256 1.08882707450539 1.7554061699193 1.25602018716745
0.979086595587432 1.25120366411284 1.85912547307089 1.66038916981779 1.82873212732375 1.582794791786 1.62494372506626 1.65670238970779 1.82729805330746 1.68571521970443 1.85316352848895 1.52463143505156 1.20472160726786 1.04545008577406 1.36107719154097 1.50533042056486 1.08329980447888 1.38926327507943 1.05218376033008 1.54423907166347 0.989573268452659 1.47194318473339 1.60191145096906 1.59198496025056 1.52119971532375 0 1.34506191522814 1.49548380589113 1.89090110594407 1.79924143035896
1.26996278716251 1.7715583271347 1.15311074513011 1.39201089879498 0.965491033857688 1.3842695930507 1.64098076452501 1.69229818833992 1.29080408322625 1.31893709697761 1.27661690069363 1.71139155630954 1.86972940876149 1.76562133757398 1.70735461101867 1.46247366373427 1.01681637740694 1.02316373423673 1.37188303214498 1.38971543242224 1.67142421589233 1.13386549474671 1.46632345928811 1.39860309753567 1.30862740427256 1.34506191522814 0 1.43724459875375 1.26769249513745 1.07596726971678
1.53823249228299 1.32013357430696 1.58109575184062 1.20669454382733 1.33752747112885 1.73083699028939 1.40977831673808 1.65836009336635 1.35881981183775 1.15440609259531 1.04014355642721 1.13507458451204 1.17450573667884 1.00195125187747 1.80343450256623 1.22474074363708 1.84567275061272 0.997555271955207 1.83897030539811 1.5830777133815 1.15227596880868 1.05940154078417 1.60762101621367 1.13298718375154 1.08882707450539 1.49548380589113 1.43724459875375 0 1.10909024300054 1.14268279378302
1.15785860037431 1.36570348590612 0.954288192326203 1.12381514837034 1.70443175337277 1.42103936965577 1.82719472632743 1.14694684254937 1.14434621902183 1.58083434472792 1.84338549221866 1.08679936663248 1.30945739359595 1.17983262916096 0.978350731078535 1.06226903037168 1.62570217298344 1.75740674021654 1.47423577751033 1.62283242307603 1.69898972730152 0.943165352102369 1.42442303756252 1.5038187741302 1.7554061699193 1.89090110594407 1.26769249513745 1.10909024300054 0 1.75862194597721
1.07199563691393 1.03824637993239 1.29283302417025 1.75599363422953 1.15747049357742 1.45155493612401 1.80393747240305 1.08865736820735 1.05220410088077 0.925718761980534 1.27023044927046 1.68157688481733 1.07117840531282 1.2714474205859 1.28497421508655 0.899524020263925 1.53499554214068 1.47655443288386 1.31601504608989 1.60642500733957 1.71079477039166 1.50820022169501 1.12324633751996 0.897705457173288 1.25602018716745 1.79924143035896 1.07596726971678 1.14268279378302 1.75862194597721 0
