0 0.998555703321472 1.26413410622627 1.69030932453461 1.02262165350839 1.72946294327267 1.85269467835315 1.84936536755413 1.03441130835563 1.79005911014974 1.86340229050256 1.81400137348101 1.82551783300005 1.80054780142382 1.78432836406864 1.3335007361602 1.42701070010662 1.56971932062879 0.99502390739508 1.43432666733861 1.70322552719153 1.56938646989875 1.79623303562403 1.57082805153914 0.992296996992081 0.951233343686908 1.4147890957538 1.51071746903472 1.86975900060497 0.987279239343479
0.998555703321472 0 1.70348075288348 1.87892009923235 1.61235296400264 1.48335275123827 1.70659011392854 0.974662688327953 1.01507069822401 1.02029953361489 1.80652397987433 1.31333196908236 1.05795357027091 1.72871543955989 1.55202042218298 1.58688627392985 1.08178868470713 1.43597079697065 1.51632141927257 1.21720224502496 0.956676020054147 1.77851966395974 1.01085963053629 1.81662355922163 1.53321119607426 1.43370378017426 1.37821246706881 1.64640932320617 1.17939416272566 1.58460025698878
1.26413410622627 1.70348075288348 0 1.91131246858276 1.07746275956742 1.0005425834097 1.56899090134539 1.13424470461905 1.44787621125579 1.86447191261686 1.43925265409052 1.13875001389533 1.05163329537027 1.2722158357501 1.0152590549551 1.66451372229494 1.70389968436211 1.28272212669253 1.56295204930939 1.69533873489127 1.06941968901083 1.08056890079752 1.19363277801313 1.64291361765936 1.16138244909234 1.91649168822914 1.80555707891472 1.01301777199842 1.24001268018037 1.90345772076398
1.69030932453461 1.87892009923235 1.91131246858276 0 1.28481300571002 0.987013690872118 1.58899025875144 1.74143262463622 1.18780409824103 1.84244768577628 1.68188239703886 1.88219001423568 1.64199636201374 1.86391137586907 1.03143157600425 1.26005199900828 1.89941159123555 1.41565979528241 0.928418913623318 1.58322105323896 1.72281104093418 1.05881723784842 0.957037178101018 1.67566417297348 1.78355956892483 1.91055065859109 0.93939552642405 1.04263947508298 1.68413816276006 0.977232310455292
1.02262165350839 1.61235296400264 1.07746275956742 1.28481300571002 0 0.997011591214687 1.59690758073702 1.31763755041175 1.08976275986061 1.4025866498705 1.09638284868561 1.36486646672711 1.25259785563685 1.70253317430615 1.27386542456225 1.92149805952795 1.37261476740241 1.43135982565582 1.64485134673305 1.88893363904208 1.43693672469817 1.33627918874845 1.55983613547869 1.57831294345669 1.72299236804247 0.945817912463099 0.961096126819029 1.62728173146024 1.21079512103461 1.43735316768289
1.72946294327267 1.48335275123827 1.0005425834097 0.987013690872118 0.997011591214687 0 1.32984620495699 1.22621697210707 1.05093914922327 1.63695369614288 1.82785935048014 1.39949533366598 1.43545665219426 0.958975189365447 1.59614245453849 1.91664471896365 1.5622273713816 1.41644730325788 1.87289993534796 1.34591098874807 1.11168579105288 1.85237810830586 1.41041746828705 1.46501440182328 0.992068316554651 1.15600919048302 1.47499177255668 1.42125128698535 1.90722369356081 1.07100106566213
1.85269467835315 1.70659011392854 1.56899090134539 1.58899025875144 1.59690758073702 1.32984620495699 0 1.62615035683848 1.15632345573977 1.5856992804911 1.89845350640826 1.81547223078087 1.1260483507067 1.35903023579158 1.06377377454191 1.0591564392671 1.20921540330164 1.02676602010615 1.75269825267605 0.983414722140878 1.07304675132036 1.73859210382216 1.672688460676 1.12589111016132 1.49246346112341 1.56686449679546 1.83085580868647 1.29386374773458 1.19443553686142 1.20123648201115
1.84936536755413 0.974662688327953 1.13424470461905 1.74143262463622 1.31763755041175 1.22621697210707 1.62615035683848 0 1.67516289604828 1.1455164430663 1.27584717306308 1.66873491206206 1.61267083697021 1.45540052559227 1.24954224214889 1.66755042085424 1.70993005624041 1.54468793980777 1.33534081559628 0.977178698871285 1.83435050887056 1.0549289053306 1.27990963426419 1.30844327597879 1.78152279672213 1.45272013940848 1.3876311078202 1.83342077513225 1.17860795301385 1.60549204447307
1.03441130835563 1.01507069822401 1.44787621125579 1.18780409824103 1.08976275986061 1.05093914922327 1.15632345573977 1.67516289604828 0 1.52077455958351 1.03223386779428 1.34118664753623 1.51632904959843 0.980159345315769 1.22905993461609 1.8856596974656 1.10738205001689 1.18912627012469 1.85887635056861 1.35177460638806 1.75779798650183 1.92136149434373 0.946909820428118 1.25713410787284 1.37695954577066 1.18536081677303 1.41385918948799 1.78384321834892 1.21527610928752 1.30757316411473
1.79005911014974 1.02029953361489 1.86447191261686 1.84244768577628 1.4025866498705 1.63695369614288 1.5856992804911 1.1455164430663 1.52077455958351 0 1.87939186999574 1.31712035066448 1.22366659808904 1.8769297900144 1.57070575491525 1.7478431109339 1.88740246230736 1.48292797571048 1.45288108568639 1.90102454531007 1.86627572542056 1.12111445330083 1.74351650080644 1.6261386165861 1.8768452743534 1.78035972360522 1.38728216825984 1.5384382547345 1.68275734153576 1.84051928902045
1.86340229050256 1.80652397987433 1.43925265409052 1.68188239703886 1.09638284868561 1.82785935048014 1.89845350640826 1.27584717306308 1.03223386779428 1.87939186999574 0 0.988328248262405 1.77070023864508 1.68211994110607 1.00635687401518 1.86825132672675 1.28076303331181 1.67223522579297 1.54576406884007 1.64843753562309 1.85605244361795 1.580402611522 1.58044263185002 1.51716928347014 1.55756906396709 1.83109276206233 1.83189727412537 1.4126508035697 1.04666838748381 1.57522159046493
1.81400137348101 1.31333196908236 1.13875001389533 1.88219001423568 1.36486646672711 1.39949533366598 1.81547223078087 1.66873491206206 1.34118664753623 1.31712035066448 0.988328248262405 0 1.55698455800302 1.29383972892538 0.969567097257823 1.22952922154218 1.47213798761368 1.59619377297349 1.86389565165155 1.23933179304004 1.09209046210162 1.76886452129111 1.26661182940006 1.6986676605884 1.44232316454872 1.72776502277702 1.76467228285037 1.82913982262835 1.69496396044269 1.46108397305943
1.82551783300005 1.05795357027091 1.05163329537027 1.64199636201374 1.25259785563685 1.43545665219426 1.1260483507067 1.61267083697021 1.51632904959843 1.22366659808904 1.77070023864508 1.55698455800302 0 1.43893724610098 1.6387833096087 1.8436738778837 1.41645160433836 1.90194585127756 1.23037053621374 1.15522218192928 0.963715851306915 1.44638458732516 1.54700712976046 1.45045873126946 1.63133203145117 1.04028007644229 0.945237036561593 0.976403101580217 0.936523389304057 1.25571727007627
1.80054780142382 1.72871543955989 1.2722158357501 1.86391137586907 1.70253317430615 0.958975189365447 1.35903023579158 1.45540052559227 0.980159345315769 1.8769297900144 1.68211994110607 1.29383972892538 1.43893724610098 0 1.42620815266855 1.77853840054013 1.52538595721126 1.51004103920422 0.94102891231887 1.35036383452825 0.948102802038193 1.66695135459304 1.20907823974267 1.14902782067657 1.3290610644035 0.943284040084109 1.54951811954379 1.27807708340697 1.82221359363757 1.65449828258716
1.78432836406864 1.55202042218298 1.0152590549551 1.03143157600425 1.27386542456225 1.59614245453849 1.06377377454191 1.24954224214889 1.22905993461609 1.57070575491525 1.00635687401518 0.969567097257823 1.6387833096087 1.42620815266855 0 1.1830296642147 1.22038540546782 1.13136176858097 1.48668738896959 1.42318516550586 1.56875843508169 1.29090893617831 1.2444451416377 0.966536165447906 1.49767724634148 0.935992899583653 1.76570748724043 1.10029621352442 1.34093298343942 1.64891807525419
1.3335007361602 1.58688627392985 1.66451372229494 1.26005199900828 1.92149805952795 1.91664471896365 1.0591564392671 1.66755042085424 1.8856596974656 1.7478431109339 1.86825132672675 1.22952922154218 1.8436738778837 1.77853840054013 1.1830296642147 0 1.81080285669304 1.79546896694228 1.7385589312762 1.42276989365928 1.06563691678457 1.26211341097951 1.40668265405111 1.24540819344111 1.62670445186086 1.56264292285778 1.32839762093499 1.56426756316796 0.952157456194982 1.46826427732594
1.42701070010662 1.08178868470713 1.70389968436211 1.89941159123555 1.37261476740241 1.5622273713816 1.20921540330164 1.70993005624041 1.10738205001689 1.88740246230736 1.28076303331181 1.47213798761368 1.41645160433836 1.52538595721126 1.22038540546782 1.81080285669304 0 1.70204116101377 1.22922186739743 1.61827640165575 1.46950118383393 1.72380692698061 0.96527109388262 1.52101869089529 1.84392784442753 1.62772047612816 1.89228660101071 1.31077615660615 1.57482333714142 1.05466113379225
1.56971932062879 1.43597079697065 1.28272212669253 1.41565979528241 1.43135982565582 1.41644730325788 1.02676602010615 1.54468793980777 1.18912627012469 1.48292797571048 1.67223522579297 1.59619377297349 1.90194585127756 1.51004103920422 1.13136176858097 1.79546896694228 1.70204116101377 0 1.90702012786642 1.66558161587454 0.938229999970645 1.72582358005457 1.9152587458957 1.17137646884657 1.01732660271227 1.14660997036844 1.38594203651883 1.14522228133865 1.68161128158681 1.70966551266611
0.99502390739508 1.51632141927257 1.56295204930939 0.928418913623318 1.64485134673305 1.87289993534796 1.75269825267605 1.33534081559628 1.85887635056861 1.45288108568639 1.54576406884007 1.86389565165155 1.23037053621374 0.94102891231887 1.48668738896959 1.7385589312762 1.22922186739743 1.90702012786642 0 1.06900249468163 1.68568459991366 1.33599592722021 0.92715391353704 1.53769222856499 1.56960793212056 1.50292838993482 1.36839220277034 1.7554427778814 1.28638797928579 0.978359588654712
1.43432666733861 1.21720224502496 1.69533873489127 1.58322105323896 1.88893363904208 1.34591098874807 0.983414722140878 0.977178698871285 1.35177460638806 1.90102454531007 1.64843753562309 1.23933179304004 1.15522218192928 1.35036383452825 1.42318516550586 1.42276989365928 1.61827640165575 1.66558161587454 1.06900249468163 0 1.66192954522558 1.57917649974115 1.36213565152138 1.5295270960778 1.17427012557164 1.38267036061734 1.1906731959898 1.12816266110167 1.13167369528674 1.80484494008124
1.70322552719153 0.956676020054147 1.06941968901083 1.72281104093418 1.43693672469817 1.11168579105288 1.07304675132036 1.83435050887056 1.75779798650183 1.86627572542056 1.85605244361795 1.09209046210162 0.963715851306915 0.948102802038193 1.56875843508169 1.06563691678457 1.46950118383393 0.938229999970645 1.68568459991366 1.66192954522558 0 1.56169060361572 1.40919262473471 1.47473309794441 1.63163346634246 1.2155294532422 1.74273379729129 1.04513732274063 1.78797060600482 1.35883746645413
1.56938646989875 1.77851966395974 1.08056890079752 1.05881723784842 1.33627918874845 1.85237810830586 1.73859210382216 1.0549289053306 1.92136149434373 1.12111445330083 1.580402611522 1.76886452129111 1.44638458732516 1.66695135459304 1.29090893617831 1.26211341097951 1.72380692698061 1.72582358005457 1.33599592722021 1.57917649974115 1.56169060361572 0 1.43990816688165 1.06271004490554 1.72860024962574 1.69939089100808 1.31215924909338 1.66538309887983 1.37925208825618 1.8722053412348
1.79623303562403 1.01085963053629 1.19363277801313 0.957037178101018 1.55983613547869 1.41041746828705 1.672688460676 1.27990963426419 0.946909820428118 1.74351650080644 1.58044263185002 1.26661182940006 1.54700712976046 1.20907823974267 1.2444451416377 1.40668265405111 0.96527109388262 1.9152587458957 0.92715391353704 1.36213565152138 1.40919262473471 1.43990816688165 0 1.39955619396642 1.42074993788265 1.37784206378274 1.4614347612951 1.8538527355995 0.999820755794644 1.75101831206121
1.57082805153914 1.81662355922163 1.64291361765936 1.67566417297348 1.57831294345669 1.46501440182328 1.12589111016132 1.30844327597879 1.25713410787284 1.6261386165861 1.51716928347014 1.6986676605884 1.45045873126946 1.14902782067657 0.966536165447906 1.24540819344111 1.52101869089529 1.17137646884657 1.53769222856499 1.5295270960778 1.47473309794441 1.06271004490554 1.39955619396642 0 1.61897543235682 0.956635311245918 1.1543600501027 1.39579280349426 1.16255740076303 1.02611673017964
0.992296996992081 1.53321119607426 1.16138244909234 1.78355956892483 1.72299236804247 0.992068316554651 1.49246346112341 1.78152279672213 1.37695954577066 1.8768452743534 1.55756906396709 1.44232316454872 1.63133203145117 1.3290610644035 1.49767724634148 1.62670445186086 1.84392784442753 1.01732660271227 1.56960793212056 1.17427012557164 1.63163346634246 1.72860024962574 1.42074993788265 1.61897543235682 0 1.82261067861691 1.31317369453609 1.12659227149561 1.464141625911 1.51344208582304
0.951233343686908 1.43370378017426 1.91649168822914 1.91055065859109 0.945817912463099 1.15600919048302 1.56686449679546 1.45272013940848 1.18536081677303 1.78035972360522 1.83109276206233 1.72776502277702 1.04028007644229 0.943284040084109 0.935992899583653 1.56264292285778 1.62772047612816 1.14660997036844 1.50292838993482 1.38267036061734 1.2155294532422 1.69939089100808 1.37784206378274 0.956635311245918 1.82261067861691 0 1.14954128977843 1.07085110759363 1.54488423559815 1.51737937796861
1.4147890957538 1.37821246706881 1.80555707891472 0.93939552642405 0.961096126819029 1.47499177255668 1.83085580868647 1.3876311078202 1.41385918948799 1.38728216825984 1.83189727412537 1.76467228285037 0.945237036561593 1.54951811954379 1.76570748724043 1.32839762093499 1.89228660101071 1.38594203651883 1.36839220277034 1.1906731959898 1.74273379729129 1.31215924909338 1.4614347612951 1.1543600501027 1.31317369453609 1.14954128977843 0 0.932709193322808 1.16548499790952 0.972784096142277
1.51071746903472 1.64640932320617 1.01301777199842 1.04263947508298 1.62728173146024 1.42125128698535 1.29386374773458 1.83342077513225 1.78384321834892 1.5384382547345 1.4126508035697 1.82913982262835 0.976403101580217 1.27807708340697 1.10029621352442 1.56426756316796 1.31077615660615 1.14522228133865 1.7554427778814 1.12816266110167 1.04513732274063 1.66538309887983 1.8538527355995 1.39579280349426 1.12659227149561 1.07085110759363 0.932709193322808 0 1.07819254766218 1.1268627459649
1.86975900060497 1.17939416272566 1.24001268018037 1.68413816276006 1.21079512103461 1.90722369356081 1.19443553686142 1.17860795301385 1.21527610928752 1.68275734153576 1.04666838748381 1.69496396044269 0.936523389304057 1.82221359363757 1.34093298343942 0.952157456194982 1.57482333714142 1.68161128158681 1.28638797928579 1.13167369528674 1.78797060600482 1.37925208825618 0.999820755794644 1.16255740076303 1.464141625911 1.54488423559815 1.16548499790952 1.07819254766218 0 1.58186421077698
0.987279239343479 1.58460025698878 1.90345772076398 0.977232310455292 1.43735316768289 1.07100106566213 1.20123648201115 1.60549204447307 1.30757316411473 1.84051928902045 1.57522159046493 1.46108397305943 1.25571727007627 1.65449828258716 1.64891807525419 1.46826427732594 1.05466113379225 1.70966551266611 0.978359588654712 1.80484494008124 1.35883746645413 1.8722053412348 1.75101831206121 1.02611673017964 1.51344208582304 1.51737937796861 0.972784096142277 1.1268627459649 1.58186421077698 0
