0 1.09832134027965 1.59404926025309 1.50050421082415 0.989377036457881 1.67713552899659 1.34791154041886 1.60911158076487 1.6511431329418 1.42228235560469 1.00207637436688 0.958706990815699 1.07833277015015 1.41192631237209 1.53108061058447 1.48043477721512 1.37424823734909 1.53039484284818 1.14026242587715 1.53554639779031 1.80455857538618 1.55095355305821 1.69295643130317 1.84856757009402 1.11008199537173 1.69105654070154 1.50591665878892 1.68059395905584 1.3789820917882 1.32048473553732
1.09832134027965 0 1.74690790940076 1.68651406373829 1.32952307071537 1.82900453545153 1.34704433591105 1.11124370945618 1.89377718023024 1.12127862428315 1.35145511827432 1.35358645091765 1.93685451173224 1.68056840449572 1.68333660974167 1.11260502971709 1.26030233269557 1.1375701809302 1.93328874907456 1.42544049071148 1.39910754025914 1.89012674242258 1.4391169406008 1.45906943967566 1.2028981114272 1.86155025218613 1.78096474404447 1.57283253455535 1.46058200206608 1.52293216646649
1.59404926025309 1.74690790940076 0 0.976181084057316 1.3508010644 1.01875511975959 1.59697466972284 1.80983960768208 1.78938677324913 1.92841436923482 1.01066826796159 1.23582474072464 1.1323692498263 1.60927776736207 1.61349848890677 1.85162903624587 1.71420314256102 1.25441379705444 1.05950683029369 1.3306809514761 1.04507675464265 1.9276294815354 1.55923024239019 1.11261714412831 1.87982785026543 1.19911662419327 1.40379897342063 1.88128269207664 1.38616179605015 1.02221486205235
1.50050421082415 1.68651406373829 0.976181084057316 0 1.34725088533014 1.40112238074653 1.84206196852028 1.0927580408752 1.56430268054828 1.09515777812339 1.09069597907364 1.60633457126096 1.40676450589672 1.88252509105951 1.12651522760279 1.46694593480788 1.29140891786665 1.06667415774427 1.70420051272959 1.75391025329009 0.972199710318819 1.56774164596573 1.30455126450397 1.12829986168072 1.11521211243235 1.37391049577855 1.30028360150754 1.64371731132269 1.93357347068377 1.36709291371517
0.989377036457881 1.32952307071537 1.3508010644 1.34725088533014 0 1.08175764745101 1.42138013802469 1.4927671761252 1.02122541097924 1.67925948440097 1.25437616556883 1.73782226420008 1.2856110217981 1.69345006812364 1.52586447866634 0.9792203491088 1.70275214337744 1.46444191923365 1.31476172106341 1.23604985675775 1.89578285091557 1.18881825148128 1.46368034859188 1.69137479923666 1.61085346573964 1.80233566253446 1.68600721494295 1.50089694466442 1.03850837121718 1.12908359663561
1.67713552899659 1.82900453545153 1.01875511975959 1.40112238074653 1.08175764745101 0 1.60952029330656 1.31360172689892 1.31797724310309 1.1330116209574 1.61629731417634 1.49418746773154 1.39506701938808 1.491881696973 1.05500493384898 1.67491503199562 1.30715317535214 1.01622062711976 1.9248355992604 1.23066678107716 1.71947050723247 1.32904050825164 0.95191653072834 1.84702431154437 1.76724799838848 0.950727136805654 1.47785756085068 1.78257324337028 1.38475065585226 1.85719238617457
1.34791154041886 1.34704433591105 1.59697466972284 1.84206196852028 1.42138013802469 1.60952029330656 0 1.28665959578939 1.72720822226256 1.5294035251718 1.94291635300033 1.19057417381555 1.85134742036462 1.12036717869341 1.37572023435496 1.45926193101332 0.971934718778357 1.64059772971086 1.79517836123705 1.5641419661697 1.54212048556656 1.54058024589904 1.51206186716445 1.38071473897435 1.26829843991436 1.56353915855289 1.10103207081556 1.85410577664152 0.956333505222574 1.09096522280015
1.60911158076487 1.11124370945618 1.80983960768208 1.0927580408752 1.4927671761252 1.31360172689892 1.28665959578939 0 1.85996883409098 1.65728486585431 1.21930290479213 1.71421387651935 1.06992872594856 1.41286460962147 1.78481981065124 1.90492090466432 1.11166753317229 1.64222074882127 0.992595697520301 1.76716993376613 1.13397246017121 1.13556346134283 1.8905612193048 1.66637739515863 1.83456532866694 1.82778221461922 1.16808122070506 1.78530145576224 1.54540281509981 1.72580287163146
1.6511431329418 1.89377718023024 1.78938677324913 1.56430268054828 1.02122541097924 1.31797724310309 1.72720822226256 1.85996883409098 0 1.7254786780104 1.35168624576181 1.4217623481527 1.90888351807371 1.80132295354269 0.999270350439474 1.18552908534184 1.65323910233565 1.56642659613863 1.28732247464359 1.27596316067502 1.89999014418572 1.4675801997073 1.65459972666577 1.22756765736267 1.4019721832592 1.51359547371976 1.48659823997878 1.14851744496264 1.71271769143641 1.2070411357563
1.42228235560469 1.12127862428315 1.92841436923482 1.09515777812339 1.67925948440097 1.1330116209574 1.5294035251718 1.65728486585431 1.7254786780104 0 1.70494255563244 1.9137193467468 1.32566619082354 1.3182255718857 1.05540704005398 1.87597021716647 1.17901483247988 1.16866488242522 1.18576614186168 1.1251255448442 1.12128682178445 1.52785773389041 1.40208681952208 1.10842273733579 1.82436541747302 1.31712670088746 1.79593592253514 1.72882154933177 1.64791550720111 1.53524154797196
1.00207637436688 1.35145511827432 1.01066826796159 1.09069597907364 1.25437616556883 1.61629731417634 1.94291635300033 1.21930290479213 1.35168624576181 1.70494255563244 0 1.8925979512278 1.06496257684194 0.952428215183318 1.73586031259038 1.74672762164846 1.78026720276102 1.627615602687 1.3681111310143 1.84004403627478 1.44173373864032 1.506394314114 1.7162666125223 1.83746751863509 0.94620821881108 1.14555708505213 1.09510286478326 1.65379874408245 1.7822340473067 1.63746530981734
0.958706990815699 1.35358645091765 1.23582474072464 1.60633457126096 1.73782226420008 1.49418746773154 1.19057417381555 1.71421387651935 1.4217623481527 1.9137193467468 1.8925979512278 0 1.91566563164815 1.74756422056817 1.16268764645793 1.08006536914036 1.7200375830289 1.72319599497132 1.47760647838004 1.78375388262793 1.4565936087165 1.37386446935125 1.73966020508669 1.76613777200691 1.12607609690167 1.46166333789006 1.30036874907091 1.27698664087802 1.15307748760097 1.59024585247971
1.07833277015015 1.93685451173224 1.1323692498263 1.40676450589672 1.2856110217981 1.39506701938808 1.85134742036462 1.06992872594856 1.90888351807371 1.32566619082354 1.06496257684194 1.91566563164815 0 1.31441478221677 1.20367532083765 1.93797086598352 1.82870379602537 1.10778637672774 1.78586419671774 1.21652266266756 1.28396296291612 1.08133643912151 1.8131759786047 1.50453228829429 0.975296003976837 1.36715393397026 1.66190221253783 1.48972839373164 1.76601110375486 1.6007984392345
1.41192631237209 1.68056840449572 1.60927776736207 1.88252509105951 1.69345006812364 1.491881696973 1.12036717869341 1.41286460962147 1.80132295354269 1.3182255718857 0.952428215183318 1.74756422056817 1.31441478221677 0 1.41325063421391 1.5962448080536 1.82865742011927 1.15179847599939 1.71424642275088 1.54200065578334 1.21230413205922 1.47833834821358 1.45479451050051 1.93500697007403 1.14145320933312 1.59702903940342 1.00125423097052 1.61538243340328 1.08777661621571 1.0113997743465
1.53108061058447 1.68333660974167 1.61349848890677 1.12651522760279 1.52586447866634 1.05500493384898 1.37572023435496 1.78481981065124 0.999270350439474 1.05540704005398 1.73586031259038 1.16268764645793 1.20367532083765 1.41325063421391 0 1.49952630675398 1.28185155172832 1.26858196198009 1.02846751082689 1.82241211691871 1.92357061966322 1.6188462395221 1.29761073109694 1.00470050703734 1.81778605980799 1.83050750382245 1.75189947336912 1.59059363766573 1.1172825449612 1.46081348741427
1.48043477721512 1.11260502971709 1.85162903624587 1.46694593480788 0.9792203491088 1.67491503199562 1.45926193101332 1.90492090466432 1.18552908534184 1.87597021716647 1.74672762164846 1.08006536914036 1.93797086598352 1.5962448080536 1.49952630675398 0 1.63584366953 1.70697787543759 1.703712368384 1.55523601220921 1.14424314955249 1.51824995409697 1.69505114061758 1.15694503043778 1.01000448386185 1.65270896465518 1.75920766615309 1.1958400667645 1.22127057472244 1.94051381316967
1.37424823734909 1.26030233269557 1.71420314256102 1.29140891786665 1.70275214337744 1.30715317535214 0.971934718778357 1.11166753317229 1.65323910233565 1.17901483247988 1.78026720276102 1.7200375830289 1.82870379602537 1.82865742011927 1.28185155172832 1.63584366953 0 1.40943237557076 1.21926934085786 1.09860735153779 1.80989413731731 1.47989677987061 1.60227315803058 1.11296467017382 1.06421121652238 1.44567091972567 1.86377340788022 1.37985377688892 1.5395426643081 0.964706982253119
1.53039484284818 1.1375701809302 1.25441379705444 1.06667415774427 1.46444191923365 1.01622062711976 1.64059772971086 1.64222074882127 1.56642659613863 1.16866488242522 1.627615602687 1.72319599497132 1.10778637672774 1.15179847599939 1.26858196198009 1.70697787543759 1.40943237557076 0 0.9844706566073 1.34356543235481 0.996113647706807 1.6412359084934 1.36955312825739 1.59174472419545 1.3039276606869 1.44250396452844 1.87394731817767 1.9360777256079 1.17792539345101 1.13457331061363
1.14026242587715 1.93328874907456 1.05950683029369 1.70420051272959 1.31476172106341 1.9248355992604 1.79517836123705 0.992595697520301 1.28732247464359 1.18576614186168 1.3681111310143 1.47760647838004 1.78586419671774 1.71424642275088 1.02846751082689 1.703712368384 1.21926934085786 0.9844706566073 0 1.09506053687073 1.33695985353552 1.84734062571079 1.13570361584425 1.04662212356925 1.63964942097664 1.34840283286758 1.69376231729984 1.39327423274517 1.88997562369332 1.09167799144052
1.53554639779031 1.42544049071148 1.3306809514761 1.75391025329009 1.23604985675775 1.23066678107716 1.5641419661697 1.76716993376613 1.27596316067502 1.1251255448442 1.84004403627478 1.78375388262793 1.21652266266756 1.54200065578334 1.82241211691871 1.55523601220921 1.09860735153779 1.34356543235481 1.09506053687073 0 0.952299152268097 1.24846248677932 1.34253239049576 1.20283957896754 1.28994815889746 1.63325014850125 1.13583562080748 1.61484199715778 1.92974438215606 0.945740981027484
1.80455857538618 1.39910754025914 1.04507675464265 0.972199710318819 1.89578285091557 1.71947050723247 1.54212048556656 1.13397246017121 1.89999014418572 1.12128682178445 1.44173373864032 1.4565936087165 1.28396296291612 1.21230413205922 1.92357061966322 1.14424314955249 1.80989413731731 0.996113647706807 1.33695985353552 0.952299152268097 0 1.14573989924975 1.48033670708537 1.9414270252455 1.62078780215234 1.54567836341448 1.44980712677352 1.62465366860852 0.977445229887962 1.04782261583023
1.55095355305821 1.89012674242258 1.9276294815354 1.56774164596573 1.18881825148128 1.32904050825164 1.54058024589904 1.13556346134283 1.4675801997073 1.52785773389041 1.506394314114 1.37386446935125 1.08133643912151 1.47833834821358 1.6188462395221 1.51824995409697 1.47989677987061 1.6412359084934 1.84734062571079 1.24846248677932 1.14573989924975 0 1.68752572126687 1.4138157190755 1.78711815155111 1.93472032435238 1.74598429584876 1.94073294126429 1.68325295555405 1.73977894545533
1.69295643130317 1.4391169406008 1.55923024239019 1.30455126450397 1.46368034859188 0.95191653072834 1.51206186716445 1.8905612193048 1.65459972666577 1.40208681952208 1.7162666125223 1.73966020508669 1.8131759786047 1.45479451050051 1.29761073109694 1.69505114061758 1.60227315803058 1.36955312825739 1.13570361584425 1.34253239049576 1.48033670708537 1.68752572126687 0 1.82570412545465 1.55251153605059 1.13972765230574 1.40180214657448 1.01860730210319 1.33120041247457 1.05884625785984
1.84856757009402 1.45906943967566 1.11261714412831 1.12829986168072 1.69137479923666 1.84702431154437 1.38071473897435 1.66637739515863 1.22756765736267 1.10842273733579 1.83746751863509 1.76613777200691 1.50453228829429 1.93500697007403 1.00470050703734 1.15694503043778 1.11296467017382 1.59174472419545 1.04662212356925 1.20283957896754 1.9414270252455 1.4138157190755 1.82570412545465 0 1.21618717280217 1.21781345736235 1.63866266724654 1.49960428569466 1.84390871250071 1.37791913282126
1.11008199537173 1.2028981114272 1.87982785026543 1.11521211243235 1.61085346573964 1.76724799838848 1.26829843991436 1.83456532866694 1.4019721832592 1.82436541747302 0.94620821881108 1.12607609690167 0.975296003976837 1.14145320933312 1.81778605980799 1.01000448386185 1.06421121652238 1.3039276606869 1.63964942097664 1.28994815889746 1.62078780215234 1.78711815155111 1.55251153605059 1.21618717280217 0 1.50756634166464 1.62283096043393 1.31580413714983 1.78191950288601 1.56439859722741
1.69105654070154 1.86155025218613 1.19911662419327 1.37391049577855 1.80233566253446 0.950727136805654 1.56353915855289 1.82778221461922 1.51359547371976 1.31712670088746 1.14555708505213 1.46166333789006 1.36715393397026 1.59702903940342 1.83050750382245 1.65270896465518 1.44567091972567 1.44250396452844 1.34840283286758 1.63325014850125 1.54567836341448 1.93472032435238 1.13972765230574 1.21781345736235 1.50756634166464 0 1.56611540005542 1.76582999737002 1.43083028774709 1.66237590485252
1.50591665878892 1.78096474404447 1.40379897342063 1.30028360150754 1.68600721494295 1.47785756085068 1.10103207081556 1.16808122070506 1.48659823997878 1.79593592253514 1.09510286478326 1.30036874907091 1.66190221253783 1.00125423097052 1.75189947336912 1.75920766615309 1.86377340788022 1.87394731817767 1.69376231729984 1.13583562080748 1.44980712677352 1.74598429584876 1.40180214657448 1.63866266724654 1.62283096043393 1.56611540005542 0 1.68394382693805 1.11491605057381 1.87993458588608
1.68059395905584 1.57283253455535 1.88128269207664 1.64371731132269 1.50089694466442 1.78257324337028 1.85410577664152 1.78530145576224 1.14851744496264 1.72882154933177 1.65379874408245 1.27698664087802 1.48972839373164 1.61538243340328 1.59059363766573 1.1958400667645 1.37985377688892 1.9360777256079 1.39327423274517 1.61484199715778 1.62465366860852 1.94073294126429 1.01860730210319 1.49960428569466 1.31580413714983 1.76582999737002 1.68394382693805 0 1.00847775791772 1.77787955314852
1.3789820917882 1.46058200206608 1.38616179605015 1.93357347068377 1.03850837121718 1.38475065585226 0.956333505222574 1.54540281509981 1.71271769143641 1.64791550720111 1.7822340473067 1.15307748760097 1.76601110375486 1.08777661621571 1.1172825449612 1.22127057472244 1.5395426643081 1.17792539345101 1.88997562369332 1.92974438215606 0.977445229887962 1.68325295555405 1.33120041247457 1.84390871250071 1.78191950288601 1.43083028774709 1.11491605057381 1.00847775791772 0 1.93301119585522
1.32048473553732 1.52293216646649 1.02221486205235 1.36709291371517 1.12908359663561 1.85719238617457 1.09096522280015 1.72580287163146 1.2070411357563 1.53524154797196 1.63746530981734 1.59024585247971 1.6007984392345 1.0113997743465 1.46081348741427 1.94051381316967 0.964706982253119 1.13457331061363 1.09167799144052 0.945740981027484 1.04782261583023 1.73977894545533 1.05884625785984 1.37791913282126 1.56439859722741 1.66237590485252 1.87993458588608 1.77787955314852 1.93301119585522 0
