0 1.34576353919692 1.93783439090475 1.94225003896281 1.95566372550093 1.25314764142968 1.70828812685795 1.49544353783131 1.42528997478075 1.94846839644015 1.3841580466833 1.28757439740002 1.53198273456655 1.6273914386984 1.27790203643963 1.88157244632021 1.91579633369111 1.49279495864175 1.25992030813359 1.75049644499086 1.93233552807942 1.32609201432206 1.18391755106859 1.06864139251411 1.71468379092403 1.11606689519249 1.92126577580348 1.65106890001334 1.5697787811514 1.53811064595357
1.34576353919692 0 1.41793551878072 1.86937914253213 1.0707234039437 0.964311081217602 1.27412396832369 1.72105719521642 1.0984023984056 1.67239908361807 1.30775075987913 1.51010131835938 1.57548807375133 1.24555855570361 1.44187241280451 1.34973989776336 1.00196466757916 1.38414977211505 1.11559213232249 1.64685550751165 1.88267893064767 1.03985418309458 1.35310772131197 1.62497786618769 1.66003979044035 1.02369229355827 1.75434275902808 1.91554665891454 0.998452944448218 1.07047582115047
1.93783439090475 1.41793551878072 0 1.04323889990337 1.88235592469573 1.50068251322955 1.29648528271355 1.42775299027562 1.53341852710582 1.3611027894076 1.41557524586096 1.94376739766449 1.76847041840665 0.992802632274106 1.0562639713753 1.17578266863711 1.3807234338019 1.08137909974903 1.55090534640476 1.12809516023844 1.28200352145359 1.8858053884469 1.69294060976245 0.975726839853451 1.49316313792951 1.41666036564857 1.76859108963981 1.61592925549485 1.73561114724725 1.70604662923142
1.94225003896281 1.86937914253213 1.04323889990337 0 1.6910864431411 1.08608304616064 1.60470740380697 1.03759963600896 1.74772646673955 1.06906635127962 1.61388728301972 0.991247150348499 1.78155139205046 1.06808001780882 1.43582055531442 1.15025003557093 1.19176774099469 1.67275250284001 1.16641279961914 1.60859354934655 1.65328615577891 1.38944960734807 1.40856017055921 1.14738610014319 1.36257019476034 1.80047866655514 1.76969222631305 1.66971063404344 1.27331267483532 1.05480051925406
1.95566372550093 1.0707234039437 1.88235592469573 1.6910864431411 0 1.18805503984913 1.10388886579312 1.64655296527781 1.05312524898909 1.80588237661868 1.29188540531322 1.27741333167069 1.57199251861311 1.16676050936803 1.65629209647886 1.01258621341549 1.10411400371231 1.32981805456802 1.22429740172811 1.23332305601798 1.15051223151386 1.91953427856788 1.11001257714815 1.05607546679676 1.67473745858297 1.37142917118035 1.55182720976882 1.49916098127142 1.1958932497073 1.70137947797775
1.25314764142968 0.964311081217602 1.50068251322955 1.08608304616064 1.18805503984913 0 1.20232853619382 1.58471133001149 0.968771573156118 1.92080047936179 1.92198317986913 1.37634460115805 1.38115103472956 1.17466923571192 1.26345473295078 1.81527939252555 1.40936995414086 1.81145217595622 1.43277056724764 1.55618512583897 0.99205178162083 1.495534355985 1.1356747164391 1.00210776715539 1.84910361329094 1.3595562314149 1.8926569018513 1.45713732414879 1.29073778004386 1.34832587768324
1.70828812685795 1.27412396832369 1.29648528271355 1.60470740380697 1.10388886579312 1.20232853619382 0 1.49220835254528 1.73113080603071 1.30709937680513 1.67067412100732 1.36758707719855 1.14509653951973 1.61487053870223 1.03960350551642 1.67546236026101 1.49502985551953 1.3064672483597 1.30463380343281 1.02081154752523 1.31868538120762 1.30051464727148 1.16263495315798 1.93211980652995 1.2363598679658 1.80608379282057 1.3962854729034 1.77681444771588 1.3055053865537 1.76607063459232
1.49544353783131 1.72105719521642 1.42775299027562 1.03759963600896 1.64655296527781 1.58471133001149 1.49220835254528 0 1.12710787076503 1.66915848222561 1.06879486422986 0.961316890083253 1.31883423379622 1.54496913845651 1.65349298506044 1.51803091564216 1.62796174851246 1.50338287162594 1.18470653891563 0.976393015589565 1.24548412906006 1.6496123878751 1.63104857108556 1.64968692278489 1.27426819666289 1.90225858963095 1.22019843151793 1.68869784916751 1.62292610108852 1.39186045015231
1.42528997478075 1.0984023984056 1.53341852710582 1.74772646673955 1.05312524898909 0.968771573156118 1.73113080603071 1.12710787076503 0 1.3703483287245 0.997776513919234 1.46713641192764 0.985961473779753 0.992700937902555 1.57888276316226 1.48644758970477 1.89033266738988 1.10359427146614 1.17911685886793 1.51921833399683 1.70930970087647 1.08401799667627 1.93196351150982 0.975567567395046 1.47727165138349 1.52284591901116 1.56906431633979 1.56639891024679 1.38426706986502 1.71033294335939
1.94846839644015 1.67239908361807 1.3611027894076 1.06906635127962 1.80588237661868 1.92080047936179 1.30709937680513 1.66915848222561 1.3703483287245 0 1.83046601340175 1.87115493230522 1.47479436546564 1.11750422883779 1.43704498908482 1.15349829313345 1.04309197631665 1.39145856560208 1.46446526842192 1.37362611573189 1.91201775427908 1.5107272726018 1.43058548844419 1.89387461775914 1.48576237261295 1.49624338932335 1.24074371741153 1.45208440721035 1.58995780698024 1.43833515560254
1.3841580466833 1.30775075987913 1.41557524586096 1.61388728301972 1.29188540531322 1.92198317986913 1.67067412100732 1.06879486422986 0.997776513919234 1.83046601340175 0 1.7191526030656 1.03747356729582 1.0276602988597 1.03288422385231 1.69261839427054 1.58465199591592 1.51264620455913 0.967344912001863 1.65572496782988 1.73557994957082 1.59766985848546 0.967387075070292 1.50347520015202 0.988880844321102 1.52709000557661 1.7436632043682 1.51670659449883 1.8122005991172 1.90070076938719
1.28757439740002 1.51010131835938 1.94376739766449 0.991247150348499 1.27741333167069 1.37634460115805 1.36758707719855 0.961316890083253 1.46713641192764 1.87115493230522 1.7191526030656 0 1.07073877565563 1.49257619050331 1.3505269123707 1.37898890092038 1.74766991473734 0.982468476286158 1.55909060570411 1.44863453414291 1.55326603166759 1.27094054082409 1.40679500275292 0.968040557811037 1.04897497361526 1.5846621543169 1.67308025993407 1.56654449482448 1.94631764828227 1.93716778839007
1.53198273456655 1.57548807375133 1.76847041840665 1.78155139205046 1.57199251861311 1.38115103472956 1.14509653951973 1.31883423379622 0.985961473779753 1.47479436546564 1.03747356729582 1.07073877565563 0 1.95254978118464 1.10890444903634 0.989818755770102 1.26033747196198 1.47415769053623 1.52000602986664 1.94700750452466 1.9061684270855 1.87654142081738 1.94795333780348 1.33458392391913 1.7282638612669 1.90307723591104 1.66833508666605 1.82655142527074 1.92846984649077 1.9364355688449
1.6273914386984 1.24555855570361 0.992802632274106 1.06808001780882 1.16676050936803 1.17466923571192 1.61487053870223 1.54496913845651 0.992700937902555 1.11750422883779 1.0276602988597 1.49257619050331 1.95254978118464 0 1.25800013472326 1.22326509002596 0.967535039875656 1.39595679845661 1.19329756265506 1.70461035519838 1.25883661163971 1.76841955119744 1.14132769335993 1.89728204766288 1.88738725706935 1.03371743229218 1.57048590481281 1.65144803747535 1.94939316762611 0.972569921519607
1.27790203643963 1.44187241280451 1.0562639713753 1.43582055531442 1.65629209647886 1.26345473295078 1.03960350551642 1.65349298506044 1.57888276316226 1.43704498908482 1.03288422385231 1.3505269123707 1.10890444903634 1.25800013472326 0 1.04080894845538 1.73011789331213 1.02678316086531 1.6249108009506 1.24460841482505 1.95333244674839 1.56343846581876 1.69830578868277 1.03915655100718 1.88619720074348 1.68941812310368 1.22956776828505 1.33272129506804 1.3457334402483 1.65316922497004
1.88157244632021 1.34973989776336 1.17578266863711 1.15025003557093 1.01258621341549 1.81527939252555 1.67546236026101 1.51803091564216 1.48644758970477 1.15349829313345 1.69261839427054 1.37898890092038 0.989818755770102 1.22326509002596 1.04080894845538 0 1.69736593100242 1.38715213770047 1.77231927029788 1.59275774541311 1.42115649371408 1.86180498544127 1.49195584142581 1.17582959472202 1.85636272653937 1.94082688959315 1.38617199915461 1.37428896594793 1.89880006038584 1.82696152990684
1.91579633369111 1.00196466757916 1.3807234338019 1.19176774099469 1.10411400371231 1.40936995414086 1.49502985551953 1.62796174851246 1.89033266738988 1.04309197631665 1.58465199591592 1.74766991473734 1.26033747196198 0.967535039875656 1.73011789331213 1.69736593100242 0 1.53622562880628 1.88603113475256 1.25188619620167 1.45206701126881 1.77817073557526 1.6931422452908 0.965150032192469 1.33529471722431 1.07608782500029 1.62890405603684 1.92180735804141 1.18021834036335 1.22459023818374
1.49279495864175 1.38414977211505 1.08137909974903 1.67275250284001 1.32981805456802 1.81145217595622 1.3064672483597 1.50338287162594 1.10359427146614 1.39145856560208 1.51264620455913 0.982468476286158 1.47415769053623 1.39595679845661 1.02678316086531 1.38715213770047 1.53622562880628 0 1.83300318429247 1.83448484772816 1.87397652794607 1.29944577859715 1.02607483556494 1.13351970887743 1.35958505887538 1.52293603750877 1.70528041967191 1.13068263954483 1.32108588842675 1.20081174839288
1.25992030813359 1.11559213232249 1.55090534640476 1.16641279961914 1.22429740172811 1.43277056724764 1.30463380343281 1.18470653891563 1.17911685886793 1.46446526842192 0.967344912001863 1.55909060570411 1.52000602986664 1.19329756265506 1.6249108009506 1.77231927029788 1.88603113475256 1.83300318429247 0 1.10112995142117 1.56337128137238 1.89006207371131 1.35612963163294 1.24576784530655 1.20106719597243 1.76899192319252 1.46501964353956 1.21573593257926 1.82340552541427 1.16417378094047
1.75049644499086 1.64685550751165 1.12809516023844 1.60859354934655 1.23332305601798 1.55618512583897 1.02081154752523 0.976393015589565 1.51921833399683 1.37362611573189 1.65572496782988 1.44863453414291 1.94700750452466 1.70461035519838 1.24460841482505 1.59275774541311 1.25188619620167 1.83448484772816 1.10112995142117 0 1.21333892713301 1.08114299061708 1.75940247019753 1.07849237672053 1.14993820106611 1.95381232444197 1.50750036351383 1.21749303746037 1.28556408616714 1.61433547874913
1.93233552807942 1.88267893064767 1.28200352145359 1.65328615577891 1.15051223151386 0.99205178162083 1.31868538120762 1.24548412906006 1.70930970087647 1.91201775427908 1.73557994957082 1.55326603166759 1.9061684270855 1.25883661163971 1.95333244674839 1.42115649371408 1.45206701126881 1.87397652794607 1.56337128137238 1.21333892713301 0 1.04783569998108 1.69143908028491 1.85870605404489 1.52089949604124 1.53567471471615 1.32116180774756 0.988393759354949 1.06670568883419 1.28845661901869
1.32609201432206 1.03985418309458 1.8858053884469 1.38944960734807 1.91953427856788 1.495534355985 1.30051464727148 1.6496123878751 1.08401799667627 1.5107272726018 1.59766985848546 1.27094054082409 1.87654142081738 1.76841955119744 1.56343846581876 1.86180498544127 1.77817073557526 1.29944577859715 1.89006207371131 1.08114299061708 1.04783569998108 0 1.22465055412613 1.55849620094523 1.49677085177973 1.17168118990958 1.62125636427663 1.05340750026517 1.26612519845366 1.65213298425078
1.18391755106859 1.35310772131197 1.69294060976245 1.40856017055921 1.11001257714815 1.1356747164391 1.16263495315798 1.63104857108556 1.93196351150982 1.43058548844419 0.967387075070292 1.40679500275292 1.94795333780348 1.14132769335993 1.69830578868277 1.49195584142581 1.6931422452908 1.02607483556494 1.35612963163294 1.75940247019753 1.69143908028491 1.22465055412613 0 1.0573909690138 1.29591670259833 1.58361433609389 1.49281877186149 1.4475417479407 1.92576539725997 1.7624668427743
1.06864139251411 1.62497786618769 0.975726839853451 1.14738610014319 1.05607546679676 1.00210776715539 1.93211980652995 1.64968692278489 0.975567567395046 1.89387461775914 1.50347520015202 0.968040557811037 1.33458392391913 1.89728204766288 1.03915655100718 1.17582959472202 0.965150032192469 1.13351970887743 1.24576784530655 1.07849237672053 1.85870605404489 1.55849620094523 1.0573909690138 0 1.82345963548869 1.13798497105017 1.38685244950466 1.86812897631899 1.38269834034145 1.04412930621766
1.71468379092403 1.66003979044035 1.49316313792951 1.36257019476034 1.67473745858297 1.84910361329094 1.2363598679658 1.27426819666289 1.47727165138349 1.48576237261295 0.988880844321102 1.04897497361526 1.7282638612669 1.88738725706935 1.88619720074348 1.85636272653937 1.33529471722431 1.35958505887538 1.20106719597243 1.14993820106611 1.52089949604124 1.49677085177973 1.29591670259833 1.82345963548869 0 1.01426819059998 1.3713832939975 0.995355042396113 1.47238801280037 1.75591488275677
1.11606689519249 1.02369229355827 1.41666036564857 1.80047866655514 1.37142917118035 1.3595562314149 1.80608379282057 1.90225858963095 1.52284591901116 1.49624338932335 1.52709000557661 1.5846621543169 1.90307723591104 1.03371743229218 1.68941812310368 1.94082688959315 1.07608782500029 1.52293603750877 1.76899192319252 1.95381232444197 1.53567471471615 1.17168118990958 1.58361433609389 1.13798497105017 1.01426819059998 0 1.13598580448888 1.59142612526193 1.57731394912116 1.29722381662577
1.92126577580348 1.75434275902808 1.76859108963981 1.76969222631305 1.55182720976882 1.8926569018513 1.3962854729034 1.22019843151793 1.56906431633979 1.24074371741153 1.7436632043682 1.67308025993407 1.66833508666605 1.57048590481281 1.22956776828505 1.38617199915461 1.62890405603684 1.70528041967191 1.46501964353956 1.50750036351383 1.32116180774756 1.62125636427663 1.49281877186149 1.38685244950466 1.3713832939975 1.13598580448888 0 1.71025830274448 1.62749635521322 1.65412347414531
1.65106890001334 1.91554665891454 1.61592925549485 1.66971063404344 1.49916098127142 1.45713732414879 1.77681444771588 1.68869784916751 1.56639891024679 1.45208440721035 1.51670659449883 1.56654449482448 1.82655142527074 1.65144803747535 1.33272129506804 1.37428896594793 1.92180735804141 1.13068263954483 1.21573593257926 1.21749303746037 0.988393759354949 1.05340750026517 1.4475417479407 1.86812897631899 0.995355042396113 1.59142612526193 1.71025830274448 0 1.02892219903879 1.04240806470625
1.5697787811514 0.998452944448218 1.73561114724725 1.27331267483532 1.1958932497073 1.29073778004386 1.3055053865537 1.62292610108852 1.38426706986502 1.58995780698024 1.8122005991172 1.94631764828227 1.92846984649077 1.94939316762611 1.3457334402483 1.89880006038584 1.18021834036335 1.32108588842675 1.82340552541427 1.28556408616714 1.06670568883419 1.26612519845366 1.92576539725997 1.38269834034145 1.47238801280037 1.57731394912116 1.62749635521322 1.02892219903879 0 1.7451405369211
1.53811064595357 1.07047582115047 1.70604662923142 1.05480051925406 1.70137947797775 1.34832587768324 1.76607063459232 1.39186045015231 1.71033294335939 1.43833515560254 1.90070076938719 1.93716778839007 1.9364355688449 0.972569921519607 1.65316922497004 1.82696152990684 1.22459023818374 1.20081174839288 1.16417378094047 1.61433547874913 1.28845661901869 1.65213298425078 1.7624668427743 1.04412930621766 1.75591488275677 1.29722381662577 1.65412347414531 1.04240806470625 1.7451405369211 0
