0 0.949339635204524 1.85332101862878 1.4099436388351 1.01133889704943 1.75557679543272 1.4832611293532 1.46337358956225 1.2520379035268 1.13042199518532 1.63308006851003 0.992810569005087 1.92287525441498 1.8267484633252 1.8127888017334 0.936279487330467 1.32366034202278 1.7175719817169 1.67766653443687 1.44472601800226 0.995876236120239 1.68792067049071 1.90063440380618 1.5883600639645 1.5979833281599 1.55251163500361 1.14933156082407 1.0318336901255 1.4208247109782 1.71014369605109
0.949339635204524 0 1.44822813058272 1.41548845707439 1.16120061161928 1.11047310242429 1.84819564735517 1.54030934697948 1.39041206520051 1.25351221184246 1.10433768201619 1.46841463120654 1.49467757251114 1.4894090895541 1.728381421417 1.51303832419217 1.11869096849114 1.47964299190789 1.9233183353208 1.85459731938317 1.83340612263419 1.69951478368603 1.13306601182558 1.37777219456621 1.24090951052494 0.961703859269619 1.59140124730766 1.62227512779646 1.47253434057347 1.21029599523172
1.85332101862878 1.44822813058272 0 1.6432673826348 1.8453469062224 1.15753962751478 1.70549050392583 1.26708643464372 1.64439233602025 1.67852116958238 1.43866664986126 1.05431334930472 1.47935565724038 1.3300927663222 1.21769310859963 1.8296498931013 1.2140816852916 1.30656712758355 1.63870664732531 1.64769649156369 1.76200232701376 1.84004882141016 1.09347699163482 1.02274868823588 1.64317668112926 1.07168322592042 0.983404529513791 1.21642015757971 1.6128105467651 1.68332995707169
1.4099436388351 1.41548845707439 1.6432673826348 0 1.34071692381985 1.71852949913591 1.00291741383262 1.5779242364224 1.6886077390518 1.11801525228657 1.31870787148364 1.32947620283812 1.91301320376806 1.09021171904169 1.11566796270199 1.43169780028984 1.09611653164029 1.5922388471663 1.24730704957619 1.31405656621791 1.01578410668299 1.69661941961385 1.41471590637229 1.75681678485125 1.56903659389354 1.60992755182087 1.84102035383694 1.39913579751737 1.58089472888969 1.45413239346817
1.01133889704943 1.16120061161928 1.8453469062224 1.34071692381985 0 1.77114051906392 1.19992183009163 1.5683847758919 1.54006380680948 1.42449283204041 1.32219828665257 1.7151531977579 1.464181301184 1.70702365995385 1.53090654290281 1.72718161996454 1.33201097790152 1.89572897576727 1.50235272501595 1.24361038883217 1.62372584547848 1.58403144776821 1.72822508378886 1.31189275486395 1.16218948690221 1.19441153551452 1.82066699163988 1.00622425996698 1.88953966810368 1.1525011844933
1.75557679543272 1.11047310242429 1.15753962751478 1.71852949913591 1.77114051906392 0 1.26583809545264 1.06910622445866 1.16969674266875 1.68618627847172 1.12849634536542 1.10385370720178 0.995947065297514 1.57690232736059 1.82176681654528 1.43919846694916 1.22417800175026 1.38011474302039 1.6189887158107 1.55057144677266 1.05855891876854 1.79085376043804 1.7261327856686 1.81933677894995 1.20421214797534 1.47527310042642 1.56839773245156 0.986998802050948 1.04245564853773 1.21600869903341
1.4832611293532 1.84819564735517 1.70549050392583 1.00291741383262 1.19992183009163 1.26583809545264 0 1.70896734530106 1.81986234243959 1.28557568090037 1.02766142738983 1.19789243722335 1.38688769959845 1.01460290886462 1.8631027948577 1.83932523080148 1.52665827563033 1.04024863406084 1.36139139882289 0.943347938824445 1.09599122358486 1.42262267461047 1.09059195802547 1.24579427856952 1.77644373872317 1.47402647323906 1.18858290975913 1.92929332214408 1.64716390823014 1.50572174042463
1.46337358956225 1.54030934697948 1.26708643464372 1.5779242364224 1.5683847758919 1.06910622445866 1.70896734530106 0 1.48126857890747 1.51252046460286 1.81068283761851 0.990119816269726 1.79217274673283 1.18213001871482 1.64601498632692 1.86932592396624 1.46343227662146 1.08462055050768 1.54573324555531 1.14236799138598 1.54019384388812 1.39740995876491 1.60714544332586 1.29749112459831 1.66985860210843 1.23803803091869 1.83368717320263 1.05561640742235 1.03493774891831 0.935549604007974
1.2520379035268 1.39041206520051 1.64439233602025 1.6886077390518 1.54006380680948 1.16969674266875 1.81986234243959 1.48126857890747 0 1.40953250578605 1.19194381451234 1.83064352860674 1.5909225337673 1.59582295361906 1.48235449963249 1.25424864352681 1.26185834384523 1.19914381951094 1.45027878531255 1.65218215016648 1.16442911000922 1.90368226869032 1.13919143564999 1.54878322524019 1.21183631126769 1.5604686413426 1.0886990877334 1.04786125780083 1.06137411948293 1.31266887579113
1.13042199518532 1.25351221184246 1.67852116958238 1.11801525228657 1.42449283204041 1.68618627847172 1.28557568090037 1.51252046460286 1.40953250578605 0 1.60017974604852 1.85473229782656 1.53978725383058 1.86057689250447 1.2710077133961 1.70115612028167 1.14578700484708 1.83444537292235 1.23868302907795 0.969683222239837 1.42083216784522 1.38599914265797 1.51424788171425 1.12251522066072 1.27002318552695 1.64683377346955 0.941752878250554 1.71095580887049 1.0702193332836 1.45640919101425
1.63308006851003 1.10433768201619 1.43866664986126 1.31870787148364 1.32219828665257 1.12849634536542 1.02766142738983 1.81068283761851 1.19194381451234 1.60017974604852 0 1.63602985884063 1.7234669548925 1.91708912886679 1.25563275325112 1.56956387893297 0.985721176024526 1.59039511461742 1.76383355469443 1.15226984932087 1.79134617140517 1.66432017157786 1.24851899920031 1.13067207369022 1.02378208609298 1.73795425472781 1.29871975886635 1.22624757443555 1.12228469573893 1.13871842157096
0.992810569005087 1.46841463120654 1.05431334930472 1.32947620283812 1.7151531977579 1.10385370720178 1.19789243722335 0.990119816269726 1.83064352860674 1.85473229782656 1.63602985884063 0 1.69120411691256 0.992732780054212 1.40006198338233 1.08976145763882 1.77114669024013 1.04057190939784 1.88293582387269 1.92788605066016 1.90727467392571 1.12730493093841 1.26375890825875 1.29820829955861 1.21618985733949 1.06155751040205 1.22291606874205 1.14907057699747 1.79154867213219 1.56230001151562
1.92287525441498 1.49467757251114 1.47935565724038 1.91301320376806 1.464181301184 0.995947065297514 1.38688769959845 1.79217274673283 1.5909225337673 1.53978725383058 1.7234669548925 1.69120411691256 0 1.14167660754174 1.43770792824216 1.48198878229596 1.89660823508166 1.56508082197979 1.67975884815678 1.29302508081309 1.39950640266761 1.00781388231553 1.29250802448951 1.76969966012985 1.48462818632834 1.72064887988381 1.4955260429997 1.1559938294813 1.53506576642394 1.3187419238966
1.8267484633252 1.4894090895541 1.3300927663222 1.09021171904169 1.70702365995385 1.57690232736059 1.01460290886462 1.18213001871482 1.59582295361906 1.86057689250447 1.91708912886679 0.992732780054212 1.14167660754174 0 1.15233911504038 1.03777708462439 1.85198947181925 1.85291234613396 1.16569819976576 1.5117906939704 1.39064061711542 1.83897962444462 1.49940358009189 1.0566042677965 1.82206940208562 1.18647696403787 1.67028936371207 1.79202202614397 0.953983018174767 1.7769307109993
1.8127888017334 1.728381421417 1.21769310859963 1.11566796270199 1.53090654290281 1.82176681654528 1.8631027948577 1.64601498632692 1.48235449963249 1.2710077133961 1.25563275325112 1.40006198338233 1.43770792824216 1.15233911504038 0 1.36619504075497 1.10644378373399 1.67338348296471 0.980927919968963 0.947114119771868 1.67917968821712 1.39173503126949 1.25519008794799 1.81913074175827 1.29935204982758 1.11970299459063 1.90721865650266 1.37965120002627 1.02310470747761 1.44094473775476
0.936279487330467 1.51303832419217 1.8296498931013 1.43169780028984 1.72718161996454 1.43919846694916 1.83932523080148 1.86932592396624 1.25424864352681 1.70115612028167 1.56956387893297 1.08976145763882 1.48198878229596 1.03777708462439 1.36619504075497 0 1.65887250867672 1.20504650194198 1.18284528236836 1.06635343073867 1.08693931228481 0.954638553317636 1.19404383911751 1.2466052880045 1.14589065755717 1.53906712983735 1.62960868142545 1.13652924494818 1.82952233636752 1.36808150680736
1.32366034202278 1.11869096849114 1.2140816852916 1.09611653164029 1.33201097790152 1.22417800175026 1.52665827563033 1.46343227662146 1.26185834384523 1.14578700484708 0.985721176024526 1.77114669024013 1.89660823508166 1.85198947181925 1.10644378373399 1.65887250867672 0 1.64470046712086 1.34951723227277 1.69990949449129 1.09238746622577 0.985531956888735 0.959321589907631 1.54133416805416 1.0249075316824 1.7977565578185 1.11903877928853 1.56770448992029 1.47902951086871 1.14993006596342
1.7175719817169 1.47964299190789 1.30656712758355 1.5922388471663 1.89572897576727 1.38011474302039 1.04024863406084 1.08462055050768 1.19914381951094 1.83444537292235 1.59039511461742 1.04057190939784 1.56508082197979 1.85291234613396 1.67338348296471 1.20504650194198 1.64470046712086 0 1.22325665899552 1.64885124703869 1.32234691595659 1.13818998192437 1.02592000854202 1.53207815927453 1.69284301926382 1.1445667471271 1.60124537837692 1.4661213059444 0.989503374323249 1.9176076524891
1.67766653443687 1.9233183353208 1.63870664732531 1.24730704957619 1.50235272501595 1.6189887158107 1.36139139882289 1.54573324555531 1.45027878531255 1.23868302907795 1.76383355469443 1.88293582387269 1.67975884815678 1.16569819976576 0.980927919968963 1.18284528236836 1.34951723227277 1.22325665899552 0 1.30554924835451 1.23611423862167 1.83596984390169 1.07133428868838 1.46100519085303 1.66842186474241 1.59243211802095 1.92490484705195 1.1939617022872 1.14581835456192 1.8425897997804
1.44472601800226 1.85459731938317 1.64769649156369 1.31405656621791 1.24361038883217 1.55057144677266 0.943347938824445 1.14236799138598 1.65218215016648 0.969683222239837 1.15226984932087 1.92788605066016 1.29302508081309 1.5117906939704 0.947114119771868 1.06635343073867 1.69990949449129 1.64885124703869 1.30554924835451 0 1.78348280186765 1.91928689647466 1.86303880810738 1.64780646609142 1.21539747295901 1.88771894201636 1.79824984492734 0.985945383319631 1.21318857348524 1.4970154655166
0.995876236120239 1.83340612263419 1.76200232701376 1.01578410668299 1.62372584547848 1.05855891876854 1.09599122358486 1.54019384388812 1.16442911000922 1.42083216784522 1.79134617140517 1.90727467392571 1.39950640266761 1.39064061711542 1.67917968821712 1.08693931228481 1.09238746622577 1.32234691595659 1.23611423862167 1.78348280186765 0 1.11497222771868 1.84555442817509 1.48157904297113 1.70682241558097 1.62266094703227 0.957052290439606 1.19736093422398 1.21742051187903 1.4995739387814
1.68792067049071 1.69951478368603 1.84004882141016 1.69661941961385 1.58403144776821 1.79085376043804 1.42262267461047 1.39740995876491 1.90368226869032 1.38599914265797 1.66432017157786 1.12730493093841 1.00781388231553 1.83897962444462 1.39173503126949 0.954638553317636 0.985531956888735 1.13818998192437 1.83596984390169 1.91928689647466 1.11497222771868 0 1.39939727145247 1.63625150499865 1.72435781056993 1.82791316369548 1.77422547875904 1.84189738007262 1.31276137754321 1.6718551099766
1.90063440380618 1.13306601182558 1.09347699163482 1.41471590637229 1.72822508378886 1.7261327856686 1.09059195802547 1.60714544332586 1.13919143564999 1.51424788171425 1.24851899920031 1.26375890825875 1.29250802448951 1.49940358009189 1.25519008794799 1.19404383911751 0.959321589907631 1.02592000854202 1.07133428868838 1.86303880810738 1.84555442817509 1.39939727145247 0 1.39274752279744 1.42120647989213 1.6638740177732 1.12094606389292 0.949650265276432 1.86440750188194 1.86309849051759
1.5883600639645 1.37777219456621 1.02274868823588 1.75681678485125 1.31189275486395 1.81933677894995 1.24579427856952 1.29749112459831 1.54878322524019 1.12251522066072 1.13067207369022 1.29820829955861 1.76969966012985 1.0566042677965 1.81913074175827 1.2466052880045 1.54133416805416 1.53207815927453 1.46100519085303 1.64780646609142 1.48157904297113 1.63625150499865 1.39274752279744 0 1.04327032831497 1.04342487081885 1.08838778873906 1.82293942244723 1.63907629437745 1.86414981493726
1.5979833281599 1.24090951052494 1.64317668112926 1.56903659389354 1.16218948690221 1.20421214797534 1.77644373872317 1.66985860210843 1.21183631126769 1.27002318552695 1.02378208609298 1.21618985733949 1.48462818632834 1.82206940208562 1.29935204982758 1.14589065755717 1.0249075316824 1.69284301926382 1.66842186474241 1.21539747295901 1.70682241558097 1.72435781056993 1.42120647989213 1.04327032831497 0 1.27753472025506 1.35590906906873 1.10729048331268 1.76752087008208 1.66197416326031
1.55251163500361 0.961703859269619 1.07168322592042 1.60992755182087 1.19441153551452 1.47527310042642 1.47402647323906 1.23803803091869 1.5604686413426 1.64683377346955 1.73795425472781 1.06155751040205 1.72064887988381 1.18647696403787 1.11970299459063 1.53906712983735 1.7977565578185 1.1445667471271 1.59243211802095 1.88771894201636 1.62266094703227 1.82791316369548 1.6638740177732 1.04342487081885 1.27753472025506 0 1.71292656939477 1.46242414135486 1.89084884431213 1.72563714487478
1.14933156082407 1.59140124730766 0.983404529513791 1.84102035383694 1.82066699163988 1.56839773245156 1.18858290975913 1.83368717320263 1.0886990877334 0.941752878250554 1.29871975886635 1.22291606874205 1.4955260429997 1.67028936371207 1.90721865650266 1.62960868142545 1.11903877928853 1.60124537837692 1.92490484705195 1.79824984492734 0.957052290439606 1.77422547875904 1.12094606389292 1.08838778873906 1.35590906906873 1.71292656939477 0 1.0775134426076 1.84863275405951 1.00317263882607
1.0318336901255 1.62227512779646 1.21642015757971 1.39913579751737 1.00622425996698 0.986998802050948 1.92929332214408 1.05561640742235 1.04786125780083 1.71095580887049 1.22624757443555 1.14907057699747 1.1559938294813 1.79202202614397 1.37965120002627 1.13652924494818 1.56770448992029 1.4661213059444 1.1939617022872 0.985945383319631 1.19736093422398 1.84189738007262 0.949650265276432 1.82293942244723 1.10729048331268 1.46242414135486 1.0775134426076 0 0.965897276066244 1.09726279857568
1.4208247109782 1.47253434057347 1.6128105467651 1.58089472888969 1.88953966810368 1.04245564853773 1.64716390823014 1.03493774891831 1.06137411948293 1.0702193332836 1.12228469573893 1.79154867213219 1.53506576642394 0.953983018174767 1.02310470747761 1.82952233636752 1.47902951086871 0.989503374323249 1.14581835456192 1.21318857348524 1.21742051187903 1.31276137754321 1.86440750188194 1.63907629437745 1.76752087008208 1.89084884431213 1.84863275405951 0.965897276066244 0 1.37501073419116
1.71014369605109 1.21029599523172 1.68332995707169 1.45413239346817 1.1525011844933 1.21600869903341 1.50572174042463 0.935549604007974 1.31266887579113 1.45640919101425 1.13871842157096 1.56230001151562 1.3187419238966 1.7769307109993 1.44094473775476 1.36808150680736 1.14993006596342 1.9176076524891 1.8425897997804 1.4970154655166 1.4995739387814 1.6718551099766 1.86309849051759 1.86414981493726 1.66197416326031 1.72563714487478 1.00317263882607 1.09726279857568 1.37501073419116 0
