0 1.88557174429297 1.11529899947345 1.01319749490358 1.69314869050868 1.475069695618 1.27447422710247 1.76193492929451 1.45577309397049 1.51651629991829 1.21611693943851 1.91598165943287 1.84328469703905 1.17229014029726 1.51796180102974 1.48243376612663 1.61009260430001 0.993552731582895 1.11683795507997 1.19094022037461 0.95081205596216 0.995287015102804 1.44995138957165 1.73931895685382 1.6291566172149 1.74072696804069 1.28407348878682 1.53298115869984 1.14159859251231 1.16313723707572
1.88557174429297 0 1.40377955674194 1.66630893293768 1.39499439182691 1.91657530353405 1.27928238571621 1.2726413148921 1.50615145289339 1.01828868337907 1.68956108647399 1.2315986379981 1.50877853389829 1.18734264443628 1.90398031589575 1.41706735594198 1.72244705632329 1.81813040282577 1.65534373163246 1.39811761840247 1.19899795902893 1.52549448492937 1.87224560580216 1.78468547551893 1.03510000859387 0.994940649485216 1.80358414188959 1.53675300488248 1.49094445770606 0.969770121620968
1.11529899947345 1.40377955674194 0 1.05572934844531 1.82761444034986 1.36815721332096 1.19889186718501 1.78582398337312 1.25732470839284 1.45768352015875 1.42541370145045 1.50753192068078 1.80736165400594 0.938076666323468 1.12796464678831 1.48965700459667 1.08370230579749 1.89999284711666 1.48882556799799 1.30494381207973 1.31473128381185 1.68703458225355 1.69536634697579 1.1833872157149 1.54372388939373 1.34681935538538 1.54278394463472 1.75881303544156 1.42136596865021 1.89610293111764
1.01319749490358 1.66630893293768 1.05572934844531 0 1.27582891704515 1.34477158705704 1.23161656688899 1.04898962867446 1.10619740700349 1.65514808217995 1.79513540863991 1.19172624801286 1.11614140123129 1.40669532143511 0.95572474040091 1.88418693025596 1.46114460984245 1.27424345677719 1.88603526796214 1.90254547027871 1.58217490022071 0.991694441065192 1.26155177876353 1.16508480464108 1.89329511998221 1.76845486275852 1.67487133503892 1.8187191595789 1.4124460266903 1.72581357369199
1.69314869050868 1.39499439182691 1.82761444034986 1.27582891704515 0 1.18479360151105 1.85808428027667 1.0301905348897 1.7667028317228 0.987401345744729 1.84056598204188 1.72072282177396 1.51582473539747 1.58826526370831 0.953347519272938 1.87789700157009 1.25015322840773 1.75548883876763 1.5256693540141 1.61399269802496 1.36658841185272 1.60099392128177 1.61920966207981 1.01987576344982 0.938304942799732 1.16401789453812 1.59480657521635 1.42675398709252 1.2095790291205 1.71169750159606
1.475069695618 1.91657530353405 1.36815721332096 1.34477158705704 1.18479360151105 0 1.80939454748295 1.58789894427173 1.4113353844732 1.4801854013931 1.19479133142158 1.23625764902681 1.22569382679649 1.24426245386712 1.0574357365258 1.00628747488372 1.78483963408507 1.73033262440003 0.970791496103629 1.05314661748707 1.47809174936265 1.25747098634019 1.6634868697729 1.68421859084629 1.81915747886524 1.02130008721724 1.70826870715246 1.58762497152202 1.21871215058491 1.40375437075272
1.27447422710247 1.27928238571621 1.19889186718501 1.23161656688899 1.85808428027667 1.80939454748295 0 1.22849921463057 1.28075739415362 1.01743180002086 1.8020875712391 1.59379494050518 1.18309485679492 1.83832832681946 1.79722813656554 1.80525760562159 1.67094983439893 1.08691146364436 1.75717574544251 1.42275027418509 1.74813985335641 1.66236203280278 1.55932676186785 1.6475437793415 1.13827292411588 1.86861269338988 1.58138405322097 1.08937356248498 1.70216914196499 1.05119465524331
1.76193492929451 1.2726413148921 1.78582398337312 1.04898962867446 1.0301905348897 1.58789894427173 1.22849921463057 0 1.10927199036814 1.09714307263494 1.75468449783511 1.29080095561221 1.37636434240267 1.6280778630171 1.70978773385286 1.36155545781367 1.84418046078645 1.61353472014889 1.24538727733307 1.5284485060256 1.65339690842666 1.05769751686603 1.85957968235016 1.2585584493354 1.0177543705795 0.957480636890978 1.05236661504023 1.73667814419605 1.23800566117279 1.53301955736242
1.45577309397049 1.50615145289339 1.25732470839284 1.10619740700349 1.7667028317228 1.4113353844732 1.28075739415362 1.10927199036814 0 1.93311236123554 1.63787131779827 1.48112038103864 1.71929977810942 1.09569710143842 1.92082275776193 1.31846792437136 1.1090127332136 1.80491978046484 1.37686460092664 1.76183539722115 1.05141181917861 1.80122989439406 1.71798497461714 1.48530643712729 0.979298068908975 1.89957829588093 1.66931819007732 1.71866238978691 0.941861612023786 1.93547409353778
1.51651629991829 1.01828868337907 1.45768352015875 1.65514808217995 0.987401345744729 1.4801854013931 1.01743180002086 1.09714307263494 1.93311236123554 0 1.92835871805437 1.91883462294936 1.69918491132557 1.20569449127652 1.08195390342735 1.66687894356437 1.3785933740437 1.81987329036929 1.16314442944713 1.80153981270269 1.00603188760579 1.64343755808659 1.40970288868994 1.08362926892005 0.95381429232657 1.78764049871825 1.18265551282093 1.75929265609011 1.89870443195105 1.64729303284548
1.21611693943851 1.68956108647399 1.42541370145045 1.79513540863991 1.84056598204188 1.19479133142158 1.8020875712391 1.75468449783511 1.63787131779827 1.92835871805437 0 1.26094075664878 1.74906225479208 1.73141219443642 0.980612879386172 1.10761197493412 1.18126251664944 0.977760064415634 1.00536828208715 1.68319494882599 1.42525923484936 1.62326604663394 1.39972396427765 1.78477843943983 1.67632132745348 1.25264376937412 1.70720986067317 1.44260980072431 1.58551447326317 1.78629930666648
1.91598165943287 1.2315986379981 1.50753192068078 1.19172624801286 1.72072282177396 1.23625764902681 1.59379494050518 1.29080095561221 1.48112038103864 1.91883462294936 1.26094075664878 0 1.19015412125736 1.75096009369008 0.975096749607474 1.61277211923152 1.86372445942834 1.13890411960892 1.28089036978781 0.958033499540761 1.37893468211405 1.42880903999321 1.05270501133054 1.53204739675857 1.71321203722619 1.3439226350747 1.16587541997433 1.73340379004367 1.47419937513769 1.41368865757249
1.84328469703905 1.50877853389829 1.80736165400594 1.11614140123129 1.51582473539747 1.22569382679649 1.18309485679492 1.37636434240267 1.71929977810942 1.69918491132557 1.74906225479208 1.19015412125736 0 1.68070722115226 0.960280844010413 1.70460824179463 1.16982802492566 1.21490618865937 0.95845623454079 1.21667373506352 1.02166539151222 1.85923006781377 1.83729623653926 1.74688087729737 1.25893906271085 1.85898067802191 1.07963590347208 1.24661881919019 1.42400118755177 1.82562437863089
1.17229014029726 1.18734264443628 0.938076666323468 1.40669532143511 1.58826526370831 1.24426245386712 1.83832832681946 1.6280778630171 1.09569710143842 1.20569449127652 1.73141219443642 1.75096009369008 1.68070722115226 0 1.124136260245 1.87506560026668 0.975663572782651 1.71069850563072 1.23041704855859 1.7417294671759 1.5085871887859 1.59521072986536 1.86783118266612 1.5665591780562 1.74478393560275 1.34154928475618 1.92078689206392 1.46994471969083 1.31808990612626 1.663508069003
1.51796180102974 1.90398031589575 1.12796464678831 0.95572474040091 0.953347519272938 1.0574357365258 1.79722813656554 1.70978773385286 1.92082275776193 1.08195390342735 0.980612879386172 0.975096749607474 0.960280844010413 1.124136260245 0 1.68120867526159 1.15325725707226 1.5306639787741 1.70371090527624 1.46782610029913 1.03128863405436 1.20823547872715 1.13170880568214 1.59878403064795 1.4978566383943 1.4869518307969 1.3648192496039 1.09381102561019 1.65942667168565 1.4034911589697
1.48243376612663 1.41706735594198 1.48965700459667 1.88418693025596 1.87789700157009 1.00628747488372 1.80525760562159 1.36155545781367 1.31846792437136 1.66687894356437 1.10761197493412 1.61277211923152 1.70460824179463 1.87506560026668 1.68120867526159 0 1.67254239460453 1.1887734378688 1.30860107322223 1.16708349157125 1.02189155016094 1.81181220104918 1.04718794045039 1.86375406058505 1.24593196460046 1.59996210434474 1.27702539903112 1.4340903791599 1.88561547826976 1.84604033175856
1.61009260430001 1.72244705632329 1.08370230579749 1.46114460984245 1.25015322840773 1.78483963408507 1.67094983439893 1.84418046078645 1.1090127332136 1.3785933740437 1.18126251664944 1.86372445942834 1.16982802492566 0.975663572782651 1.15325725707226 1.67254239460453 0 1.19514833809808 1.40120130847208 1.5804081375245 1.82773143611848 1.5062770457007 1.24299705866724 1.03358387923799 1.18660489702597 1.08561411895789 1.20459959330037 1.82146026217379 1.41693076700903 1.80978432414122
0.993552731582895 1.81813040282577 1.89999284711666 1.27424345677719 1.75548883876763 1.73033262440003 1.08691146364436 1.61353472014889 1.80491978046484 1.81987329036929 0.977760064415634 1.13890411960892 1.21490618865937 1.71069850563072 1.5306639787741 1.1887734378688 1.19514833809808 0 1.14897960983217 1.50486223795451 1.34815280162729 1.27465073927306 1.89232396730222 1.0324364383705 1.56148168840446 1.07229298143648 1.09004473709501 1.12267288565636 1.69198600156233 1.51996694738045
1.11683795507997 1.65534373163246 1.48882556799799 1.88603526796214 1.5256693540141 0.970791496103629 1.75717574544251 1.24538727733307 1.37686460092664 1.16314442944713 1.00536828208715 1.28089036978781 0.95845623454079 1.23041704855859 1.70371090527624 1.30860107322223 1.40120130847208 1.14897960983217 0 1.39865369861946 1.17821082193404 1.27000774000771 0.993975698715076 1.87977706547827 1.05994209018536 1.68451560521498 1.1854672129266 1.22079294896685 1.36866889172234 1.76815901463851
1.19094022037461 1.39811761840247 1.30494381207973 1.90254547027871 1.61399269802496 1.05314661748707 1.42275027418509 1.5284485060256 1.76183539722115 1.80153981270269 1.68319494882599 0.958033499540761 1.21667373506352 1.7417294671759 1.46782610029913 1.16708349157125 1.5804081375245 1.50486223795451 1.39865369861946 0 1.13107662647963 1.72443932923488 1.37875210586935 0.985366037115455 1.25350880692713 1.84475920791738 1.44618586124852 1.31286260485649 1.42329297447577 1.70013065636158
0.95081205596216 1.19899795902893 1.31473128381185 1.58217490022071 1.36658841185272 1.47809174936265 1.74813985335641 1.65339690842666 1.05141181917861 1.00603188760579 1.42525923484936 1.37893468211405 1.02166539151222 1.5085871887859 1.03128863405436 1.02189155016094 1.82773143611848 1.34815280162729 1.17821082193404 1.13107662647963 0 1.55249165720306 1.57655048114248 0.976542414864525 1.26839648699388 1.2219614519272 1.07612545532174 1.73207183321938 1.3227632350754 1.42065045470372
0.995287015102804 1.52549448492937 1.68703458225355 0.991694441065192 1.60099392128177 1.25747098634019 1.66236203280278 1.05769751686603 1.80122989439406 1.64343755808659 1.62326604663394 1.42880903999321 1.85923006781377 1.59521072986536 1.20823547872715 1.81181220104918 1.5062770457007 1.27465073927306 1.27000774000771 1.72443932923488 1.55249165720306 0 1.13563547632657 1.90472650178708 1.4423462075647 1.20372265088372 0.969835671363398 1.30489862919785 1.92451026430354 0.9817527490668
1.44995138957165 1.87224560580216 1.69536634697579 1.26155177876353 1.61920966207981 1.6634868697729 1.55932676186785 1.85957968235016 1.71798497461714 1.40970288868994 1.39972396427765 1.05270501133054 1.83729623653926 1.86783118266612 1.13170880568214 1.04718794045039 1.24299705866724 1.89232396730222 0.993975698715076 1.37875210586935 1.57655048114248 1.13563547632657 0 1.0525545461569 1.6890086394269 1.44617708772421 1.2031823261641 0.97842655563727 1.00940709654242 1.70791570236906
1.73931895685382 1.78468547551893 1.1833872157149 1.16508480464108 1.01987576344982 1.68421859084629 1.6475437793415 1.2585584493354 1.48530643712729 1.08362926892005 1.78477843943983 1.53204739675857 1.74688087729737 1.5665591780562 1.59878403064795 1.86375406058505 1.03358387923799 1.0324364383705 1.87977706547827 0.985366037115455 0.976542414864525 1.90472650178708 1.0525545461569 0 1.22241484909318 1.53412522491999 1.73705974710174 1.79127847286873 1.79531362629496 1.29968920047395
1.6291566172149 1.03510000859387 1.54372388939373 1.89329511998221 0.938304942799732 1.81915747886524 1.13827292411588 1.0177543705795 0.979298068908975 0.95381429232657 1.67632132745348 1.71321203722619 1.25893906271085 1.74478393560275 1.4978566383943 1.24593196460046 1.18660489702597 1.56148168840446 1.05994209018536 1.25350880692713 1.26839648699388 1.4423462075647 1.6890086394269 1.22241484909318 0 1.63011947111227 1.81011125119403 1.56385502382182 1.76666033337824 1.29716162546538
1.74072696804069 0.994940649485216 1.34681935538538 1.76845486275852 1.16401789453812 1.02130008721724 1.86861269338988 0.957480636890978 1.89957829588093 1.78764049871825 1.25264376937412 1.3439226350747 1.85898067802191 1.34154928475618 1.4869518307969 1.59996210434474 1.08561411895789 1.07229298143648 1.68451560521498 1.84475920791738 1.2219614519272 1.20372265088372 1.44617708772421 1.53412522491999 1.63011947111227 0 1.1092305467464 1.42570882826112 1.89893833058886 1.75836008321494
1.28407348878682 1.80358414188959 1.54278394463472 1.67487133503892 1.59480657521635 1.70826870715246 1.58138405322097 1.05236661504023 1.66931819007732 1.18265551282093 1.70720986067317 1.16587541997433 1.07963590347208 1.92078689206392 1.3648192496039 1.27702539903112 1.20459959330037 1.09004473709501 1.1854672129266 1.44618586124852 1.07612545532174 0.969835671363398 1.2031823261641 1.73705974710174 1.81011125119403 1.1092305467464 0 1.20533532300033 1.81387131591327 1.21976671391167
1.53298115869984 1.53675300488248 1.75881303544156 1.8187191595789 1.42675398709252 1.58762497152202 1.08937356248498 1.73667814419605 1.71866238978691 1.75929265609011 1.44260980072431 1.73340379004367 1.24661881919019 1.46994471969083 1.09381102561019 1.4340903791599 1.82146026217379 1.12267288565636 1.22079294896685 1.31286260485649 1.73207183321938 1.30489862919785 0.97842655563727 1.79127847286873 1.56385502382182 1.42570882826112 1.20533532300033 0 1.20445696008392 1.71962948143482
1.14159859251231 1.49094445770606 1.42136596865021 1.4124460266903 1.2095790291205 1.21871215058491 1.70216914196499 1.23800566117279 0.941861612023786 1.89870443195105 1.58551447326317 1.47419937513769 1.42400118755177 1.31808990612626 1.65942667168565 1.88561547826976 1.41693076700903 1.69198600156233 1.36866889172234 1.42329297447577 1.3227632350754 1.92451026430354 1.00940709654242 1.79531362629496 1.76666033337824 1.89893833058886 1.81387131591327 1.20445696008392 0 1.33621126879007
1.16313723707572 0.969770121620968 1.89610293111764 1.72581357369199 1.71169750159606 1.40375437075272 1.05119465524331 1.53301955736242 1.93547409353778 1.64729303284548 1.78629930666648 1.41368865757249 1.82562437863089 1.663508069003 1.4034911589697 1.84604033175856 1.80978432414122 1.51996694738045 1.76815901463851 1.70013065636158 1.42065045470372 0.9817527490668 1.70791570236906 1.29968920047395 1.29716162546538 1.75836008321494 1.21976671391167 1.71962948143482 1.33621126879007 0
