0 1.01768433698453 1.20081329206005 1.45582831953652 0.937853321433067 1.75168906082399 1.07071209745482 1.90187033452094 1.46790908183903 1.07749165268615 1.6359207208734 1.54620092571713 1.11824275297113 1.65536095877178 1.20213475706987 1.91847307025455 1.30516981799155 1.03927628044039 1.47171418974176 1.1054670503363 1.71488166437484 1.83294404740445 1.4741467689164 1.5473413344007 1.40275343088433 1.28319226577878 1.58283771621063 1.57201431924477 1.01747008506209 1.93441388197243
1.01768433698453 0 1.54065030487254 1.61945636942983 1.04603212373331 1.86381459468976 0.947898348793387 1.13847949285991 1.71179781132378 1.74635349796154 1.51603266270831 0.96542663872242 1.27693837205879 1.38222433743067 1.22138898004778 1.31080349208787 1.32409971696325 1.8167294356972 1.33972614980303 1.44274582713842 1.11601937911473 1.82667457242496 1.80782633740455 1.40088496427052 1.07131982361898 1.84857771499082 1.17727060522884 1.90857596090063 1.06559975328855 1.18452559178695
1.20081329206005 1.54065030487254 0 0.946969194104895 1.40320697496645 1.61290884390473 1.17118977126665 1.04794403724372 1.86625765333883 1.89278926653787 1.08493338315748 1.55908044637181 0.947192363673821 1.46389345033094 1.65538000361994 0.949817647924647 1.02689544949681 0.963420240208507 1.35744771314785 1.49263650877401 0.96961475466378 1.33200319972821 1.10161124472506 1.34659790573642 1.14629952330142 1.81393832736649 1.10236816620454 1.40050836908631 1.88221858325414 1.73652221565135
1.45582831953652 1.61945636942983 0.946969194104895 0 1.60028243437409 1.57720596250147 1.06926216837019 1.2418094300665 1.49570154258981 1.49028618447483 1.58473711367697 1.39828897011466 0.941563027910888 1.26133987912908 1.70012277364731 1.84328761138022 1.21880419435911 1.68742112419568 1.0792883487884 1.6650782590732 1.08252715319395 1.78654073737562 1.92478095181286 1.06164676952176 1.92829498811625 1.55181265342981 0.994785219663754 1.47630519513041 1.38177193747833 1.39930838462897
0.937853321433067 1.04603212373331 1.40320697496645 1.60028243437409 0 1.47898230399005 1.22892240341753 1.15012258244678 1.17402202193625 1.65567161771469 1.06301097082905 1.63959794654511 1.74206941644661 1.3177490925882 1.5503672240302 1.53624291345477 1.58047522325069 1.78755832230672 1.12983480934054 1.85572900786065 1.92149900109507 1.11692246678285 1.83753667655401 1.13364022807218 1.55749462475069 1.07613616460003 1.29967187601142 1.83773016207851 1.51607541670091 1.8837349684909
1.75168906082399 1.86381459468976 1.61290884390473 1.57720596250147 1.47898230399005 0 1.29045885219239 1.0266675860621 1.71601222385652 1.81598777580075 1.36230454989709 1.47857534768991 1.1474353231024 1.8800850326661 1.05271423212253 1.17935213586316 1.4627355101984 1.79719125526026 1.28641008096747 1.36501953494735 1.82541058794595 1.79158849804662 1.40426282002591 1.63138947635889 1.71568452008069 1.15938092255965 1.67513386160135 1.79388054809533 0.98860176675953 1.47802734584548
1.07071209745482 0.947898348793387 1.17118977126665 1.06926216837019 1.22892240341753 1.29045885219239 0 1.4838305208832 1.27364760986529 0.963327025063336 1.52456465200521 1.18623012234457 1.90620427601971 1.39182927599177 1.71125951549038 1.81491825217381 1.84540170966648 1.5138720672112 1.34367519966327 1.63173945248127 1.22936792415567 1.92748945066705 1.21056374674663 1.3790030721575 1.17482143640518 1.40098916576244 1.69862394803204 1.62148466752842 1.10480531002395 1.47567572747357
1.90187033452094 1.13847949285991 1.04794403724372 1.2418094300665 1.15012258244678 1.0266675860621 1.4838305208832 0 1.81890739337541 1.09630356379785 0.994472852442414 1.39955359045416 1.20595822203904 1.67866856744513 1.79969486431219 1.90125729283318 1.58418608829379 1.48355420050211 1.16146324784495 1.60202183038928 0.981007159920409 1.30773306521587 0.988883233396336 1.63517934782431 1.56992173171602 1.39085883181542 0.985265908064321 1.10274769971147 1.55866116890684 1.82682909909636
1.46790908183903 1.71179781132378 1.86625765333883 1.49570154258981 1.17402202193625 1.71601222385652 1.27364760986529 1.81890739337541 0 1.03372654202394 1.80577009171247 1.05631033424288 1.56327066919766 1.41855596192181 1.36396350827999 1.3865829105489 1.89962397608906 1.74302597041242 1.50264691747725 1.20683349575847 1.49719885666855 1.3286232824903 1.81379782222211 1.21651739021763 1.38241185713559 1.06225843029097 0.99881955399178 1.26463556662202 1.83550189738162 1.73148794774897
1.07749165268615 1.74635349796154 1.89278926653787 1.49028618447483 1.65567161771469 1.81598777580075 0.963327025063336 1.09630356379785 1.03372654202394 0 1.56390946940519 1.66662983968854 0.977307111490518 1.38956441124901 1.31876043486409 1.85370503622107 1.3657929582987 1.83856916846707 1.63198321009986 1.66688470775262 1.29478424205445 1.87149683362804 1.85246011801064 1.1616435344331 1.03723911801353 1.80366244376637 0.955064323265105 1.22876615566202 1.24164314265363 1.19399018981494
1.6359207208734 1.51603266270831 1.08493338315748 1.58473711367697 1.06301097082905 1.36230454989709 1.52456465200521 0.994472852442414 1.80577009171247 1.56390946940519 0 1.88240858563222 1.24094970081933 1.90133532811888 1.75805531651713 1.40990793472156 1.23099598614499 1.68816032400355 1.19045577058569 1.20945174084045 0.988693170482293 1.7765936141368 1.62782352371141 1.10685956384987 1.41598172509111 1.92956686695106 1.84148164000362 1.32638249266893 1.04092678544112 1.12210430391133
1.54620092571713 0.96542663872242 1.55908044637181 1.39828897011466 1.63959794654511 1.47857534768991 1.18623012234457 1.39955359045416 1.05631033424288 1.66662983968854 1.88240858563222 0 1.81358236074448 1.74169613304548 1.73025511973538 1.05489591462538 1.63753252406605 1.8252492940519 1.69402312091552 1.51256009517238 1.3338262157049 1.82791870669462 1.83899256354198 1.89409522921778 0.937934046145529 1.4507425907068 1.44615007634275 1.43589996290393 1.63168070232496 1.78981149941683
1.11824275297113 1.27693837205879 0.947192363673821 0.941563027910888 1.74206941644661 1.1474353231024 1.90620427601971 1.20595822203904 1.56327066919766 0.977307111490518 1.24094970081933 1.81358236074448 0 1.79277545795776 1.02730063395575 1.12879706616513 1.29174036392942 1.91061260388233 1.60945077496581 1.1135990631301 1.47947566094808 1.70006872992963 1.82029670616612 1.64251411589794 1.13213919103146 1.62201792723499 1.69763310719281 1.93396355770528 1.22579034534283 1.41528294654563
1.65536095877178 1.38222433743067 1.46389345033094 1.26133987912908 1.3177490925882 1.8800850326661 1.39182927599177 1.67866856744513 1.41855596192181 1.38956441124901 1.90133532811888 1.74169613304548 1.79277545795776 0 1.51317546633072 1.11510048410855 1.20025543146767 1.00645559979603 1.92021514265798 1.51272292784415 1.31431657611392 1.47394590824842 1.90522779896855 1.56265071989037 1.20190970180556 1.48406276409514 1.40130321262404 1.3242843770422 1.78047405811958 1.64735017810017
1.20213475706987 1.22138898004778 1.65538000361994 1.70012277364731 1.5503672240302 1.05271423212253 1.71125951549038 1.79969486431219 1.36396350827999 1.31876043486409 1.75805531651713 1.73025511973538 1.02730063395575 1.51317546633072 0 1.53860484436154 1.50730578205548 1.8303247038275 1.60238729929551 1.09970268141478 1.20043268543668 1.23479898413643 1.24445294681937 1.02627734141424 1.31027026777156 1.29765033116564 1.49128870177083 1.40259833354503 1.44470417592674 0.962342946790159
1.91847307025455 1.31080349208787 0.949817647924647 1.84328761138022 1.53624291345477 1.17935213586316 1.81491825217381 1.90125729283318 1.3865829105489 1.85370503622107 1.40990793472156 1.05489591462538 1.12879706616513 1.11510048410855 1.53860484436154 0 1.13498099963181 0.998300839914009 1.13769235624932 1.43326216517016 1.5640724839177 1.91186194261536 0.990554734133184 1.26332088094205 1.04710989724845 0.992713053012267 1.91538427048363 1.50025807227939 1.36174760712311 1.58693038322963
1.30516981799155 1.32409971696325 1.02689544949681 1.21880419435911 1.58047522325069 1.4627355101984 1.84540170966648 1.58418608829379 1.89962397608906 1.3657929582987 1.23099598614499 1.63753252406605 1.29174036392942 1.20025543146767 1.50730578205548 1.13498099963181 0 1.70002800575458 1.56520111067221 1.05591230839491 0.945296803489327 1.45971332443878 1.78639565431513 1.29871980124153 1.76573349977843 1.66272017150186 1.01252818619832 1.25345424516127 1.07973100664094 1.53408267814666
1.03927628044039 1.8167294356972 0.963420240208507 1.68742112419568 1.78755832230672 1.79719125526026 1.5138720672112 1.48355420050211 1.74302597041242 1.83856916846707 1.68816032400355 1.8252492940519 1.91061260388233 1.00645559979603 1.8303247038275 0.998300839914009 1.70002800575458 0 1.24149544350803 1.77136565651745 1.23206286039203 1.69730958179571 1.91258806595579 1.36994652915746 1.48873947630636 1.55253946851008 1.08676052396186 0.962737444788218 1.19855794217438 1.32890176819637
1.47171418974176 1.33972614980303 1.35744771314785 1.0792883487884 1.12983480934054 1.28641008096747 1.34367519966327 1.16146324784495 1.50264691747725 1.63198321009986 1.19045577058569 1.69402312091552 1.60945077496581 1.92021514265798 1.60238729929551 1.13769235624932 1.56520111067221 1.24149544350803 0 1.61090828408487 1.45617935364135 1.09554075705819 1.33822637959383 1.05613374616951 1.89665197511204 1.39810514752753 1.16716155735776 1.75133840576746 1.54266222286969 1.55823631281964
1.1054670503363 1.44274582713842 1.49263650877401 1.6650782590732 1.85572900786065 1.36501953494735 1.63173945248127 1.60202183038928 1.20683349575847 1.66688470775262 1.20945174084045 1.51256009517238 1.1135990631301 1.51272292784415 1.09970268141478 1.43326216517016 1.05591230839491 1.77136565651745 1.61090828408487 0 1.69029719871469 1.13512743893079 1.73997096787207 1.90064850030467 1.64698670757934 1.68499544844963 1.67247562785633 1.27710763504729 1.15633670496754 1.12924272101372
1.71488166437484 1.11601937911473 0.96961475466378 1.08252715319395 1.92149900109507 1.82541058794595 1.22936792415567 0.981007159920409 1.49719885666855 1.29478424205445 0.988693170482293 1.3338262157049 1.47947566094808 1.31431657611392 1.20043268543668 1.5640724839177 0.945296803489327 1.23206286039203 1.45617935364135 1.69029719871469 0 1.33689573407173 1.58392135659233 1.87066009314731 1.42330839228816 0.9980887346901 1.43147378391586 1.109288147185 1.43553067231551 1.72922866395675
1.83294404740445 1.82667457242496 1.33200319972821 1.78654073737562 1.11692246678285 1.79158849804662 1.92748945066705 1.30773306521587 1.3286232824903 1.87149683362804 1.7765936141368 1.82791870669462 1.70006872992963 1.47394590824842 1.23479898413643 1.91186194261536 1.45971332443878 1.69730958179571 1.09554075705819 1.13512743893079 1.33689573407173 0 1.41019391524605 1.70242322725244 1.40638699801639 1.72892834083177 1.91933828196488 1.65373116848059 1.51544895023108 1.22726300917566
1.4741467689164 1.80782633740455 1.10161124472506 1.92478095181286 1.83753667655401 1.40426282002591 1.21056374674663 0.988883233396336 1.81379782222211 1.85246011801064 1.62782352371141 1.83899256354198 1.82029670616612 1.90522779896855 1.24445294681937 0.990554734133184 1.78639565431513 1.91258806595579 1.33822637959383 1.73997096787207 1.58392135659233 1.41019391524605 0 1.92388317687437 1.61735485075042 1.89220750308596 1.32854579528794 1.91914519295096 1.60191483609378 1.87546076183207
1.5473413344007 1.40088496427052 1.34659790573642 1.06164676952176 1.13364022807218 1.63138947635889 1.3790030721575 1.63517934782431 1.21651739021763 1.1616435344331 1.10685956384987 1.89409522921778 1.64251411589794 1.56265071989037 1.02627734141424 1.26332088094205 1.29871980124153 1.36994652915746 1.05613374616951 1.90064850030467 1.87066009314731 1.70242322725244 1.92388317687437 0 1.22444152785465 1.24664443568327 0.957044760929421 0.954962530639023 1.57167025399394 1.60029166727327
1.40275343088433 1.07131982361898 1.14629952330142 1.92829498811625 1.55749462475069 1.71568452008069 1.17482143640518 1.56992173171602 1.38241185713559 1.03723911801353 1.41598172509111 0.937934046145529 1.13213919103146 1.20190970180556 1.31027026777156 1.04710989724845 1.76573349977843 1.48873947630636 1.89665197511204 1.64698670757934 1.42330839228816 1.40638699801639 1.61735485075042 1.22444152785465 0 1.59812622447498 1.76280889264308 1.52660894417204 1.64522465225309 1.11987309739925
1.28319226577878 1.84857771499082 1.81393832736649 1.55181265342981 1.07613616460003 1.15938092255965 1.40098916576244 1.39085883181542 1.06225843029097 1.80366244376637 1.92956686695106 1.4507425907068 1.62201792723499 1.48406276409514 1.29765033116564 0.992713053012267 1.66272017150186 1.55253946851008 1.39810514752753 1.68499544844963 0.9980887346901 1.72892834083177 1.89220750308596 1.24664443568327 1.59812622447498 0 1.29154467512853 1.36515497928485 1.80286916112527 1.49395020212978
1.58283771621063 1.17727060522884 1.10236816620454 0.994785219663754 1.29967187601142 1.67513386160135 1.69862394803204 0.985265908064321 0.99881955399178 0.955064323265105 1.84148164000362 1.44615007634275 1.69763310719281 1.40130321262404 1.49128870177083 1.91538427048363 1.01252818619832 1.08676052396186 1.16716155735776 1.67247562785633 1.43147378391586 1.91933828196488 1.32854579528794 0.957044760929421 1.76280889264308 1.29154467512853 0 1.07866350142285 1.06259477091953 1.5450426354073
1.57201431924477 1.90857596090063 1.40050836908631 1.47630519513041 1.83773016207851 1.79388054809533 1.62148466752842 1.10274769971147 1.26463556662202 1.22876615566202 1.32638249266893 1.43589996290393 1.93396355770528 1.3242843770422 1.40259833354503 1.50025807227939 1.25345424516127 0.962737444788218 1.75133840576746 1.27710763504729 1.109288147185 1.65373116848059 1.91914519295096 0.954962530639023 1.52660894417204 1.36515497928485 1.07866350142285 0 0.962734887609258 1.00082193221897
1.01747008506209 1.06559975328855 1.88221858325414 1.38177193747833 1.51607541670091 0.98860176675953 1.10480531002395 1.55866116890684 1.83550189738162 1.24164314265363 1.04092678544112 1.63168070232496 1.22579034534283 1.78047405811958 1.44470417592674 1.36174760712311 1.07973100664094 1.19855794217438 1.54266222286969 1.15633670496754 1.43553067231551 1.51544895023108 1.60191483609378 1.57167025399394 1.64522465225309 1.80286916112527 1.06259477091953 0.962734887609258 0 1.40863231779076
1.93441388197243 1.18452559178695 1.73652221565135 1.39930838462897 1.8837349684909 1.47802734584548 1.47567572747357 1.82682909909636 1.73148794774897 1.19399018981494 1.12210430391133 1.78981149941683 1.41528294654563 1.64735017810017 0.962342946790159 1.58693038322963 1.53408267814666 1.32890176819637 1.55823631281964 1.12924272101372 1.72922866395675 1.22726300917566 1.87546076183207 1.60029166727327 1.11987309739925 1.49395020212978 1.5450426354073 1.00082193221897 1.40863231779076 0
