0 1.36896026856266 1.45310002751648 1.02324097882956 1.34963869280182 1.51673402218148 1.29560174746439 1.81019826023839 1.60018833959475 1.23376506124623 1.54102534730919 1.82482254109345 1.07353837788105 1.69068354787305 1.75276975566521 1.89567338605411 1.67597749084234 1.10599410044961 1.29388667806052 1.4680086018052 1.18480428727344 1.68960780603811 1.62384992884472 1.16595647553913 1.0377658882644 1.54465067526326 1.22189760580659 1.57305448316038 1.14474604395218 1.0601444975473
1.36896026856266 0 1.72721427353099 1.65398476319388 0.979414439294487 1.40751894307323 1.81869560782798 1.16248529870063 1.57266161078587 0.957356019178405 1.55265655112453 1.3447410359513 1.65833409689367 1.86840359168127 1.59282393730246 1.81352668814361 1.29292950010858 1.59003533376381 1.12621154682711 1.84457108890638 1.79654953745194 1.48338235309348 1.37533091101795 0.99137828242965 1.7561137015 1.54985493677668 1.85160151380114 1.27189811202697 1.37086122459732 1.59630370652303
1.45310002751648 1.72721427353099 0 1.60576251614839 0.974932636599988 1.44475357793272 1.42457039258443 1.26818810496479 1.7921204068698 1.13953776913695 0.97903720731847 1.86096704751253 1.74217477836646 0.988261603051797 1.25877591990866 1.51641727332026 1.74795087683015 1.73120423359796 1.09853636310436 1.1709701588843 1.73415589379147 1.13398015173152 1.02421404537745 1.69374324125238 1.85398429119959 1.58641336718574 1.64512258348987 1.07788515649736 1.20066368859261 1.35594623349607
1.02324097882956 1.65398476319388 1.60576251614839 0 1.34534830297343 1.89827945991419 1.50722800311632 1.32024387386627 1.08204978588037 1.39963104459457 1.8514494500123 1.55970596102998 1.58650007029064 1.94394210795872 1.65314905997366 1.9148341382388 1.66366471908987 1.65283872489817 1.88788101519458 1.3071713054087 1.60466525936499 1.16397811751813 1.53421816858463 1.03646420151927 1.89542429661378 1.77006458351389 1.51452921121381 1.56057000625879 1.7348275212571 1.27180973277427
1.34963869280182 0.979414439294487 0.974932636599988 1.34534830297343 0 1.034708466148 1.8670829355251 1.77233452163637 1.88208379293792 1.51094898534939 1.74233356420882 1.75717051140964 1.50116067240015 1.79812120762654 1.58857881068252 1.37155024777167 1.59109854418784 1.23760956712067 1.03318790672347 1.22212550067343 1.25211440143175 1.52167096035555 1.9433246999979 1.73684263648465 1.1743162877392 1.69814178184606 1.56503016967326 1.14462057757191 1.55449737678282 1.64190740627237
1.51673402218148 1.40751894307323 1.44475357793272 1.89827945991419 1.034708466148 0 1.58836741605774 1.23735472280532 1.77883220068179 1.15227493480779 1.87536990805529 1.08053477853537 1.01674995431677 1.41875638021156 1.24331781757064 1.06892051803879 1.67838066536933 0.981941052479669 1.08271484170109 1.45972887170501 1.87772405007854 1.39530955441296 1.48350734659471 1.94377336394973 1.4806076050736 1.64505950408056 1.1573757911101 1.04101439821534 1.48523592273705 1.81631520343944
1.29560174746439 1.81869560782798 1.42457039258443 1.50722800311632 1.8670829355251 1.58836741605774 0 1.46488792868331 1.27879037172534 1.77637087414041 1.93198067229241 1.36185983452015 1.7687484875787 1.54193782876246 1.26686565694399 1.68923047301359 1.89514503115788 1.00519855250604 1.41273929877207 1.30579724279232 1.21974395145662 1.05857593473047 1.84498468856327 1.25838133669458 1.88241791538894 1.68790618656203 1.79129202989861 1.70821544388309 1.49089183378965 1.40569838834926
1.81019826023839 1.16248529870063 1.26818810496479 1.32024387386627 1.77233452163637 1.23735472280532 1.46488792868331 0 1.79516452294774 1.63752379175276 1.43702007737011 1.80143170058727 1.42232717666775 1.51331040333025 1.00241044769064 1.83019769191742 1.59651850466616 1.41512997727841 1.2509806221351 0.973553713411093 1.91357479942963 1.67149422527291 1.63685541739687 1.82131484383717 1.11904860264622 1.04210599628277 1.8133248812519 1.92477416293696 1.13029387150891 1.05977510311641
1.60018833959475 1.57266161078587 1.7921204068698 1.08204978588037 1.88208379293792 1.77883220068179 1.27879037172534 1.79516452294774 0 1.47912844549865 1.18566758884117 1.75648368266411 1.89304089336656 1.52172694215551 1.37758174072951 1.87265594862401 1.24387152283452 1.87424146570265 1.83256457024254 1.69226198503748 1.18853326654062 1.00877547683194 1.54887604992837 1.78202131623402 1.47109303926118 0.97854352532886 1.23406095453538 0.963840276468545 1.12535379757173 1.17564820731059
1.23376506124623 0.957356019178405 1.13953776913695 1.39963104459457 1.51094898534939 1.15227493480779 1.77637087414041 1.63752379175276 1.47912844549865 0 1.45236909622326 1.3017349857837 1.69560852460563 1.78623890597373 1.81777938618325 1.74374930746853 1.91305879736319 1.67068948945962 1.70960724144243 1.68076661950909 1.90240081958473 1.29187222546898 1.5144013997633 1.26806022040546 1.89923019148409 1.39874553354457 1.16735063609667 1.36803133343346 1.35472080972977 1.64535294147208
1.54102534730919 1.55265655112453 0.97903720731847 1.8514494500123 1.74233356420882 1.87536990805529 1.93198067229241 1.43702007737011 1.18566758884117 1.45236909622326 0 1.12329556024633 1.18840967887081 1.38613864267245 1.14058725116774 1.01764030358754 1.50264922669157 1.79238980566151 1.24114637007006 1.51294433372095 1.69937788438983 1.36478834180161 1.24894445133395 1.36415412952192 1.57175499037839 0.987540474627167 1.82190151419491 1.90368342469446 1.51744150742888 1.32623466406949
1.82482254109345 1.3447410359513 1.86096704751253 1.55970596102998 1.75717051140964 1.08053477853537 1.36185983452015 1.80143170058727 1.75648368266411 1.3017349857837 1.12329556024633 0 1.54079618235119 1.28485073405318 1.47191510885023 1.65722298738547 1.40877195959911 1.53764419141226 1.14867051388137 1.10622268379666 1.61910822684877 1.82141757383943 1.1845900863409 1.74451467161998 1.40008619986475 1.67376893339679 1.16464509349316 1.02642352017574 1.54980827961117 1.55881653632969
1.07353837788105 1.65833409689367 1.74217477836646 1.58650007029064 1.50116067240015 1.01674995431677 1.7687484875787 1.42232717666775 1.89304089336656 1.69560852460563 1.18840967887081 1.54079618235119 0 1.55994080961682 1.19281627214514 1.65823142440058 1.41555057629012 1.35863926704042 1.1331716729328 1.43586625438184 1.77894799830392 1.33352808980271 1.21881644055247 1.19266677252017 1.04882941069081 1.51575882267207 1.70882087969221 1.57142493641004 1.5374971604906 1.7687061575707
1.69068354787305 1.86840359168127 0.988261603051797 1.94394210795872 1.79812120762654 1.41875638021156 1.54193782876246 1.51331040333025 1.52172694215551 1.78623890597373 1.38613864267245 1.28485073405318 1.55994080961682 0 0.960048585664481 1.43384370929562 1.5991439037025 1.03890244849026 1.32359156571329 1.1152509264648 1.4960549089592 1.73135406570509 0.983312838710845 1.78164552198723 1.93353700265288 1.84483439708129 1.92175690922886 1.73472499777563 1.38117714249529 1.89579114504158
1.75276975566521 1.59282393730246 1.25877591990866 1.65314905997366 1.58857881068252 1.24331781757064 1.26686565694399 1.00241044769064 1.37758174072951 1.81777938618325 1.14058725116774 1.47191510885023 1.19281627214514 0.960048585664481 0 1.36480416636914 1.83628279925324 1.14588338043541 1.58690449083224 1.54951093089767 1.03299659164622 1.5939909175504 0.971507097827271 0.980967542622238 1.78052171785384 1.19945140811615 1.29084987216629 1.20600595953874 1.42938840645365 1.81047739950009
1.89567338605411 1.81352668814361 1.51641727332026 1.9148341382388 1.37155024777167 1.06892051803879 1.68923047301359 1.83019769191742 1.87265594862401 1.74374930746853 1.01764030358754 1.65722298738547 1.65823142440058 1.43384370929562 1.36480416636914 0 1.12509998981841 1.51414722949266 1.81344574410468 1.13739551790059 1.74351850710809 1.68695029709488 1.52180766453966 0.955181390978396 1.29157202248462 1.94634375534952 1.03338315151632 1.72438523359597 0.999272903893143 1.47051084926352
1.67597749084234 1.29292950010858 1.74795087683015 1.66366471908987 1.59109854418784 1.67838066536933 1.89514503115788 1.59651850466616 1.24387152283452 1.91305879736319 1.50264922669157 1.40877195959911 1.41555057629012 1.5991439037025 1.83628279925324 1.12509998981841 0 1.11514924746007 1.80744871217757 1.24592673708685 1.72112555173226 1.90788996662013 1.50714252679609 1.00845811981708 1.0727700474672 1.92396739148535 1.2287558328826 1.42960511310957 0.992875062627718 1.00700806756504
1.10599410044961 1.59003533376381 1.73120423359796 1.65283872489817 1.23760956712067 0.981941052479669 1.00519855250604 1.41512997727841 1.87424146570265 1.67068948945962 1.79238980566151 1.53764419141226 1.35863926704042 1.03890244849026 1.14588338043541 1.51414722949266 1.11514924746007 0 1.82418635068461 1.67070017848164 1.91995627130382 1.92601039935835 1.60885246563703 1.76696536573581 1.72177656018175 1.26272106752731 1.46224167663604 1.78493651770987 1.06192850903608 1.76320092729293
1.29388667806052 1.12621154682711 1.09853636310436 1.88788101519458 1.03318790672347 1.08271484170109 1.41273929877207 1.2509806221351 1.83256457024254 1.70960724144243 1.24114637007006 1.14867051388137 1.1331716729328 1.32359156571329 1.58690449083224 1.81344574410468 1.80744871217757 1.82418635068461 0 1.01576236286201 1.36729673179798 1.31057005305775 1.86412285710685 1.64902811124921 1.16947293910198 0.986826283624396 1.09876266424544 1.53730773692951 1.76233163103461 1.43340512504801
1.4680086018052 1.84457108890638 1.1709701588843 1.3071713054087 1.22212550067343 1.45972887170501 1.30579724279232 0.973553713411093 1.69226198503748 1.68076661950909 1.51294433372095 1.10622268379666 1.43586625438184 1.1152509264648 1.54951093089767 1.13739551790059 1.24592673708685 1.67070017848164 1.01576236286201 0 1.83137822360732 1.91980794537812 0.963386673014611 1.18154612369835 1.76305137062445 1.35829037195072 1.2721582967788 1.91799230268225 1.01014850568026 1.49225145415403
1.18480428727344 1.79654953745194 1.73415589379147 1.60466525936499 1.25211440143175 1.87772405007854 1.21974395145662 1.91357479942963 1.18853326654062 1.90240081958473 1.69937788438983 1.61910822684877 1.77894799830392 1.4960549089592 1.03299659164622 1.74351850710809 1.72112555173226 1.91995627130382 1.36729673179798 1.83137822360732 0 1.41968943271786 1.61194039857946 1.46064150892198 1.50936427339911 0.994770203717053 1.21724046464078 1.3661673348397 1.12136743357405 1.15320543805137
1.68960780603811 1.48338235309348 1.13398015173152 1.16397811751813 1.52167096035555 1.39530955441296 1.05857593473047 1.67149422527291 1.00877547683194 1.29187222546898 1.36478834180161 1.82141757383943 1.33352808980271 1.73135406570509 1.5939909175504 1.68695029709488 1.90788996662013 1.92601039935835 1.31057005305775 1.91980794537812 1.41968943271786 0 1.28235258487985 1.8047927476 1.28125925292261 1.75463490909897 1.23091222485527 1.84936480363831 1.68103725416586 1.6094037424773
1.62384992884472 1.37533091101795 1.02421404537745 1.53421816858463 1.9433246999979 1.48350734659471 1.84498468856327 1.63685541739687 1.54887604992837 1.5144013997633 1.24894445133395 1.1845900863409 1.21881644055247 0.983312838710845 0.971507097827271 1.52180766453966 1.50714252679609 1.60885246563703 1.86412285710685 0.963386673014611 1.61194039857946 1.28235258487985 0 0.983941991813481 1.40263327793218 1.23664329224266 1.29957128269598 1.13996494561434 1.95175248361193 1.22448462480679
1.16595647553913 0.99137828242965 1.69374324125238 1.03646420151927 1.73684263648465 1.94377336394973 1.25838133669458 1.82131484383717 1.78202131623402 1.26806022040546 1.36415412952192 1.74451467161998 1.19266677252017 1.78164552198723 0.980967542622238 0.955181390978396 1.00845811981708 1.76696536573581 1.64902811124921 1.18154612369835 1.46064150892198 1.8047927476 0.983941991813481 0 0.975229957373813 1.77638619975187 0.96137357596308 1.07129248790443 1.39292657421902 1.44936359277926
1.0377658882644 1.7561137015 1.85398429119959 1.89542429661378 1.1743162877392 1.4806076050736 1.88241791538894 1.11904860264622 1.47109303926118 1.89923019148409 1.57175499037839 1.40008619986475 1.04882941069081 1.93353700265288 1.78052171785384 1.29157202248462 1.0727700474672 1.72177656018175 1.16947293910198 1.76305137062445 1.50936427339911 1.28125925292261 1.40263327793218 0.975229957373813 0 1.00357773597352 1.93660353333689 1.32804544968531 1.01199961896054 1.10542674385943
1.54465067526326 1.54985493677668 1.58641336718574 1.77006458351389 1.69814178184606 1.64505950408056 1.68790618656203 1.04210599628277 0.97854352532886 1.39874553354457 0.987540474627167 1.67376893339679 1.51575882267207 1.84483439708129 1.19945140811615 1.94634375534952 1.92396739148535 1.26272106752731 0.986826283624396 1.35829037195072 0.994770203717053 1.75463490909897 1.23664329224266 1.77638619975187 1.00357773597352 0 1.76140074315481 1.78861693991348 1.58923419378698 1.10419043619186
1.22189760580659 1.85160151380114 1.64512258348987 1.51452921121381 1.56503016967326 1.1573757911101 1.79129202989861 1.8133248812519 1.23406095453538 1.16735063609667 1.82190151419491 1.16464509349316 1.70882087969221 1.92175690922886 1.29084987216629 1.03338315151632 1.2287558328826 1.46224167663604 1.09876266424544 1.2721582967788 1.21724046464078 1.23091222485527 1.29957128269598 0.96137357596308 1.93660353333689 1.76140074315481 0 1.90710442559794 1.85948602482677 1.7302362844348
1.57305448316038 1.27189811202697 1.07788515649736 1.56057000625879 1.14462057757191 1.04101439821534 1.70821544388309 1.92477416293696 0.963840276468545 1.36803133343346 1.90368342469446 1.02642352017574 1.57142493641004 1.73472499777563 1.20600595953874 1.72438523359597 1.42960511310957 1.78493651770987 1.53730773692951 1.91799230268225 1.3661673348397 1.84936480363831 1.13996494561434 1.07129248790443 1.32804544968531 1.78861693991348 1.90710442559794 0 1.79571744753048 1.49150953791104
1.14474604395218 1.37086122459732 1.20066368859261 1.7348275212571 1.55449737678282 1.48523592273705 1.49089183378965 1.13029387150891 1.12535379757173 1.35472080972977 1.51744150742888 1.54980827961117 1.5374971604906 1.38117714249529 1.42938840645365 0.999272903893143 0.992875062627718 1.06192850903608 1.76233163103461 1.01014850568026 1.12136743357405 1.68103725416586 1.95175248361193 1.39292657421902 1.01199961896054 1.58923419378698 1.85948602482677 1.79571744753048 0 1.3131933233235
1.0601444975473 1.59630370652303 1.35594623349607 1.27180973277427 1.64190740627237 1.81631520343944 1.40569838834926 1.05977510311641 1.17564820731059 1.64535294147208 1.32623466406949 1.55881653632969 1.7687061575707 1.89579114504158 1.81047739950009 1.47051084926352 1.00700806756504 1.76320092729293 1.43340512504801 1.49225145415403 1.15320543805137 1.6094037424773 1.22448462480679 1.44936359277926 1.10542674385943 1.10419043619186 1.7302362844348 1.49150953791104 1.3131933233235 0
