0 1.23267772397958 1.92559383157641 1.27064173878171 1.64986541657709 1.87387814628892 1.81963642803021 1.03710503620096 1.33537246566266 1.64872121531516 1.87131612142548 1.41271500615403 1.10492626973428 1.14537176047452 1.12225161865354 1.12007020553574 1.65365465171635 1.75558020314202 1.70523053710349 1.5560859227553 0.956132776103914 1.69229803141207 1.1045005240012 1.43255010736175 0.975399839226156 1.60270086722448 1.47482930799015 1.19359065499157 1.08920454839244 1.44833391741849
1.23267772397958 0 1.91257992153987 1.65113094961271 1.50810973835178 1.19673647684976 1.16241595009342 1.79945704713464 1.01879869704135 1.94118539406918 1.18971442501061 1.28163539757952 1.37790208193474 1.29911734513007 1.326621620683 1.82678243750706 1.41515592788346 1.07208532444201 1.37799980654381 1.1460287172813 1.46076990570873 1.2933059935458 1.55893259285949 1.43685656203888 1.12514630192891 1.5548953874968 1.46322558657266 1.47236728388816 1.6386576895602 1.61925662192516
1.92559383157641 1.91257992153987 0 1.59939022618346 1.47749051405117 1.88661739113741 1.16822795965709 1.68656614725478 1.94500907766633 1.8082695780322 1.26123311812989 1.89533350802958 1.14567082095891 1.92445035488345 1.14114047284238 1.20790004776791 1.53273886954412 1.72037830902264 1.45013267174363 1.70272595155984 1.77780997334048 1.80741694942117 1.27641925425269 1.29626119905151 1.88630208466202 1.54813949624076 0.990515728946775 1.45410499512218 1.06857103668153 1.14647606527433
1.27064173878171 1.65113094961271 1.59939022618346 0 1.05062642274424 1.76750700664707 1.27543532894924 1.39274844899774 1.14633045974188 1.22024343488738 1.76066752849147 1.39683971763588 1.51100170449354 1.15378218679689 1.48763493984006 1.26508892513812 1.47740319138393 1.10277744708583 1.50411940575577 1.35842970944941 1.14135488937609 1.11066742730327 1.67870317702182 1.30565387802199 1.08776586106978 1.18231237703003 1.74186088796705 1.84699951275252 1.14244171907194 1.65130577632226
1.64986541657709 1.50810973835178 1.47749051405117 1.05062642274424 0 1.23102192208171 1.8804742868524 1.42894033668563 1.29282072465867 1.76920780027285 1.59671673527919 1.37676334311254 1.25768288387917 1.60857929755002 1.29563423036598 1.14376813895069 1.13322227005847 1.11358642205596 1.94271610747091 1.56743651349097 1.38121555675752 1.86336358892731 1.61329944850877 1.89965703547932 1.49316909117624 1.8155751528684 1.69201419386081 1.14801596966572 1.00214087916538 1.68564159586094
1.87387814628892 1.19673647684976 1.88661739113741 1.76750700664707 1.23102192208171 0 1.14345986489207 1.50404774397612 1.1628959714435 1.94634688645601 1.36719564907253 1.24102674052119 1.86838979716413 1.91407842980698 1.56735236360691 1.43249419657513 1.0704902659636 1.6801877678372 1.56303682830185 1.19155687536113 1.33220474678092 1.90305302292109 1.80251787486486 1.733005910879 1.16086816531606 1.56436296319589 1.4718769188039 1.49706782726571 1.58835608977824 1.54771909979172
1.81963642803021 1.16241595009342 1.16822795965709 1.27543532894924 1.8804742868524 1.14345986489207 0 1.76548155583441 0.994751900434494 1.82618662901223 1.06040233327076 0.957698773825541 1.86524440115318 1.05202623386867 1.83332570060156 1.60490672267042 1.31400668038987 1.86499083251692 1.1632774930913 1.72049038368277 1.52243956760503 1.30929750576615 1.11329374043271 1.04584667971358 1.69360650959425 1.60507161868736 0.974061872344464 1.20064206141979 1.19316156557761 1.56619882537052
1.03710503620096 1.79945704713464 1.68656614725478 1.39274844899774 1.42894033668563 1.50404774397612 1.76548155583441 0 1.67490074108355 1.7883251355961 1.07460766308941 1.6826406205073 1.7106221280992 1.53530520503409 1.02675144840032 0.985105909639969 1.03824991313741 1.63775275996886 1.80645805760287 1.78517283918336 1.13113634288311 1.24127159127966 1.92768262536265 1.80895736929961 1.5809586297255 1.75259052054025 1.8926481870003 1.58170662890188 1.87247150531039 1.09987957496196
1.33537246566266 1.01879869704135 1.94500907766633 1.14633045974188 1.29282072465867 1.1628959714435 0.994751900434494 1.67490074108355 0 1.46217970713042 1.43337010149844 1.95245067426004 1.02971386117861 1.2177578676492 1.57064677146263 1.25517006008886 1.22090392909013 1.60210731741972 0.954803438158706 1.35479321866296 1.1797932300251 1.37843616772443 1.85153929470107 1.88684995775111 1.91228332230821 1.88488453929313 1.47752615343779 1.64277552021667 1.32604836113751 1.44732818123884
1.64872121531516 1.94118539406918 1.8082695780322 1.22024343488738 1.76920780027285 1.94634688645601 1.82618662901223 1.7883251355961 1.46217970713042 0 1.09061923483387 1.41446655895561 1.70017447718419 1.77519125444815 1.04312019399367 1.46812443668023 1.68595614121296 1.20438921870664 1.49314578832127 1.44034920725971 1.3457075599581 1.34960070438683 1.75098509341478 1.86500834464096 1.3710686408449 1.01951733930036 1.01666992972605 1.87470382987522 1.87790517229587 1.08312036236748
1.87131612142548 1.18971442501061 1.26123311812989 1.76066752849147 1.59671673527919 1.36719564907253 1.06040233327076 1.07460766308941 1.43337010149844 1.09061923483387 0 1.80529864551499 1.93725932738744 1.22503607929684 1.19190625776537 1.38363498961553 1.936528371647 1.70531828748062 1.32293273881078 1.69507704628631 1.18823461141437 1.20796448574401 1.42394441994838 1.88900478207506 1.22605821955949 1.81616227515042 1.87635272485204 1.12645312142558 1.47428977652453 1.62762386118993
1.41271500615403 1.28163539757952 1.89533350802958 1.39683971763588 1.37676334311254 1.24102674052119 0.957698773825541 1.6826406205073 1.95245067426004 1.41446655895561 1.80529864551499 0 1.21637464035302 1.89027892169543 1.72230550344102 1.82445387402549 1.33041210239753 1.16431350982748 1.21623300318606 1.53868455020711 1.02032683230937 1.61584889981896 0.974668707465753 1.24016771488823 1.86178333102725 1.56599067384377 1.23817432275973 1.38105523679405 1.33234458672814 1.17197076836601
1.10492626973428 1.37790208193474 1.14567082095891 1.51100170449354 1.25768288387917 1.86838979716413 1.86524440115318 1.7106221280992 1.02971386117861 1.70017447718419 1.93725932738744 1.21637464035302 0 1.82372504053637 1.84319679392502 1.17137093958445 1.62754647107795 1.11436118627898 1.12683753552847 1.61358842020854 1.29146084818058 1.68310417793691 1.77738851169124 1.94571503996849 1.08061816729605 1.01443731342442 1.64083838183433 1.79059539013542 1.33193052164279 0.976470954483375
1.14537176047452 1.29911734513007 1.92445035488345 1.15378218679689 1.60857929755002 1.91407842980698 1.05202623386867 1.53530520503409 1.2177578676492 1.77519125444815 1.22503607929684 1.89027892169543 1.82372504053637 0 1.00305274943821 1.25459169782698 1.50186358136125 1.61505467467941 1.5840525990352 1.58440189436078 1.53736382513307 1.58109007286839 1.43248708616011 1.77753590815701 1.94539597863331 1.78556069056503 1.93402199540287 1.86334068025462 1.69659525551833 1.86325698834844
1.12225161865354 1.326621620683 1.14114047284238 1.48763493984006 1.29563423036598 1.56735236360691 1.83332570060156 1.02675144840032 1.57064677146263 1.04312019399367 1.19190625776537 1.72230550344102 1.84319679392502 1.00305274943821 0 0.984145043417811 1.80547192879021 1.23799824877642 1.08191434154287 1.30671405582689 1.63510392350145 1.77167010609992 1.66663830517791 1.20004201447591 1.57559718261473 1.00943484483287 1.25444063311443 1.63304806384258 1.75968145136721 1.04754553781822
1.12007020553574 1.82678243750706 1.20790004776791 1.26508892513812 1.14376813895069 1.43249419657513 1.60490672267042 0.985105909639969 1.25517006008886 1.46812443668023 1.38363498961553 1.82445387402549 1.17137093958445 1.25459169782698 0.984145043417811 0 1.51048593502492 1.11750538740307 1.95322656654753 1.65215830598027 1.53603119472973 1.56974898115732 1.46331592160277 1.33686970476992 1.25061512738466 1.20607709488831 1.55824869335629 1.42732939380221 1.84067637333646 1.82243485492654
1.65365465171635 1.41515592788346 1.53273886954412 1.47740319138393 1.13322227005847 1.0704902659636 1.31400668038987 1.03824991313741 1.22090392909013 1.68595614121296 1.936528371647 1.33041210239753 1.62754647107795 1.50186358136125 1.80547192879021 1.51048593502492 0 1.9402324622497 1.29172462993301 1.52227115351707 1.1357394522056 0.96859093150124 1.59772616811097 1.05359825282358 1.21408778405748 1.418441435555 1.7092191663105 1.55663388664834 1.93344616494142 1.88432890502736
1.75558020314202 1.07208532444201 1.72037830902264 1.10277744708583 1.11358642205596 1.6801877678372 1.86499083251692 1.63775275996886 1.60210731741972 1.20438921870664 1.70531828748062 1.16431350982748 1.11436118627898 1.61505467467941 1.23799824877642 1.11750538740307 1.9402324622497 0 1.43565498432145 1.27436641976237 1.66579070477746 1.42837707325816 0.961126292822883 1.13237245567143 1.2829429039266 1.13765589753166 1.61585088353604 0.959345937473699 1.77297716564499 1.03130239294842
1.70523053710349 1.37799980654381 1.45013267174363 1.50411940575577 1.94271610747091 1.56303682830185 1.1632774930913 1.80645805760287 0.954803438158706 1.49314578832127 1.32293273881078 1.21623300318606 1.12683753552847 1.5840525990352 1.08191434154287 1.95322656654753 1.29172462993301 1.43565498432145 0 1.27755713113584 1.52925164089538 1.31550715281628 1.36595599888824 1.34238570928574 1.15016222931445 1.12039823550731 0.953926126239821 1.14040372474119 1.87677049380727 1.935511238873
1.5560859227553 1.1460287172813 1.70272595155984 1.35842970944941 1.56743651349097 1.19155687536113 1.72049038368277 1.78517283918336 1.35479321866296 1.44034920725971 1.69507704628631 1.53868455020711 1.61358842020854 1.58440189436078 1.30671405582689 1.65215830598027 1.52227115351707 1.27436641976237 1.27755713113584 0 1.14528813189827 1.14226414635777 1.15458921529353 1.61140114837326 1.59976078988984 1.21662374399602 1.60352852009237 1.53558993176557 1.8496667703148 1.9025735615287
0.956132776103914 1.46076990570873 1.77780997334048 1.14135488937609 1.38121555675752 1.33220474678092 1.52243956760503 1.13113634288311 1.1797932300251 1.3457075599581 1.18823461141437 1.02032683230937 1.29146084818058 1.53736382513307 1.63510392350145 1.53603119472973 1.1357394522056 1.66579070477746 1.52925164089538 1.14528813189827 0 1.71594943804666 1.26468904013745 1.6729349468369 1.6596536450088 1.01401358260773 1.92086667870171 1.93625178048387 1.69689002912492 1.23495738441125
1.69229803141207 1.2933059935458 1.80741694942117 1.11066742730327 1.86336358892731 1.90305302292109 1.30929750576615 1.24127159127966 1.37843616772443 1.34960070438683 1.20796448574401 1.61584889981896 1.68310417793691 1.58109007286839 1.77167010609992 1.56974898115732 0.96859093150124 1.42837707325816 1.31550715281628 1.14226414635777 1.71594943804666 0 1.22655950882472 1.64329269062728 1.28747242107056 1.84951001778245 1.27393087814562 1.10422608582303 1.23075082502328 1.37977889482863
1.1045005240012 1.55893259285949 1.27641925425269 1.67870317702182 1.61329944850877 1.80251787486486 1.11329374043271 1.92768262536265 1.85153929470107 1.75098509341478 1.42394441994838 0.974668707465753 1.77738851169124 1.43248708616011 1.66663830517791 1.46331592160277 1.59772616811097 0.961126292822883 1.36595599888824 1.15458921529353 1.26468904013745 1.22655950882472 0 1.3065463907551 1.77809916739352 1.86083102715202 1.7516079058405 1.59162083780393 1.27661999990232 1.94988448382355
1.43255010736175 1.43685656203888 1.29626119905151 1.30565387802199 1.89965703547932 1.733005910879 1.04584667971358 1.80895736929961 1.88684995775111 1.86500834464096 1.88900478207506 1.24016771488823 1.94571503996849 1.77753590815701 1.20004201447591 1.33686970476992 1.05359825282358 1.13237245567143 1.34238570928574 1.61140114837326 1.6729349468369 1.64329269062728 1.3065463907551 0 1.32208731793799 1.34046552772634 1.42653398425318 1.25263979588635 1.86664168257266 1.70079864189029
0.975399839226156 1.12514630192891 1.88630208466202 1.08776586106978 1.49316909117624 1.16086816531606 1.69360650959425 1.5809586297255 1.91228332230821 1.3710686408449 1.22605821955949 1.86178333102725 1.08061816729605 1.94539597863331 1.57559718261473 1.25061512738466 1.21408778405748 1.2829429039266 1.15016222931445 1.59976078988984 1.6596536450088 1.28747242107056 1.77809916739352 1.32208731793799 0 1.14828953845426 1.04997947905213 1.37459634174593 1.93915657815523 1.00550869689323
1.60270086722448 1.5548953874968 1.54813949624076 1.18231237703003 1.8155751528684 1.56436296319589 1.60507161868736 1.75259052054025 1.88488453929313 1.01951733930036 1.81616227515042 1.56599067384377 1.01443731342442 1.78556069056503 1.00943484483287 1.20607709488831 1.418441435555 1.13765589753166 1.12039823550731 1.21662374399602 1.01401358260773 1.84951001778245 1.86083102715202 1.34046552772634 1.14828953845426 0 1.06875160103664 1.47668044525199 1.89812517375685 1.49042891641147
1.47482930799015 1.46322558657266 0.990515728946775 1.74186088796705 1.69201419386081 1.4718769188039 0.974061872344464 1.8926481870003 1.47752615343779 1.01666992972605 1.87635272485204 1.23817432275973 1.64083838183433 1.93402199540287 1.25444063311443 1.55824869335629 1.7092191663105 1.61585088353604 0.953926126239821 1.60352852009237 1.92086667870171 1.27393087814562 1.7516079058405 1.42653398425318 1.04997947905213 1.06875160103664 0 1.08718665037304 1.12486142292619 1.57778419507667
1.19359065499157 1.47236728388816 1.45410499512218 1.84699951275252 1.14801596966572 1.49706782726571 1.20064206141979 1.58170662890188 1.64277552021667 1.87470382987522 1.12645312142558 1.38105523679405 1.79059539013542 1.86334068025462 1.63304806384258 1.42732939380221 1.55663388664834 0.959345937473699 1.14040372474119 1.53558993176557 1.93625178048387 1.10422608582303 1.59162083780393 1.25263979588635 1.37459634174593 1.47668044525199 1.08718665037304 0 1.0711021872703 1.61654270859435
1.08920454839244 1.6386576895602 1.06857103668153 1.14244171907194 1.00214087916538 1.58835608977824 1.19316156557761 1.87247150531039 1.32604836113751 1.87790517229587 1.47428977652453 1.33234458672814 1.33193052164279 1.69659525551833 1.75968145136721 1.84067637333646 1.93344616494142 1.77297716564499 1.87677049380727 1.8496667703148 1.69689002912492 1.23075082502328 1.27661999990232 1.86664168257266 1.93915657815523 1.89812517375685 1.12486142292619 1.0711021872703 0 1.35799021204002
1.44833391741849 1.61925662192516 1.14647606527433 1.65130577632226 1.68564159586094 1.54771909979172 1.56619882537052 1.09987957496196 1.44732818123884 1.08312036236748 1.62762386118993 1.17197076836601 0.976470954483375 1.86325698834844 1.04754553781822 1.82243485492654 1.88432890502736 1.03130239294842 1.935511238873 1.9025735615287 1.23495738441125 1.37977889482863 1.94988448382355 1.70079864189029 1.00550869689323 1.49042891641147 1.57778419507667 1.61654270859435 1.35799021204002 0
