0 1.15025444724597 1.63296305225231 1.66691307048313 1.04062716965564 1.69806744577363 1.63422668888234 1.19013957027346 1.42149937548675 1.34184967563488 1.08086409559473 1.01986114005558 1.83500269334763 1.54268357320689 1.89520987821743 1.64211518224329 1.86192881525494 1.4972029090859 1.90067144087516 1.29949912033044 1.46991127100773 1.46981134871021 1.68954636435956 1.59790755691938 1.06480907741934 1.12095462298021 0.981770141748711 1.36494673811831 1.69566741865128 1.46101908735
1.15025444724597 0 1.90508127468638 1.76424408098683 1.48305124300532 1.81053669867106 1.09413848025724 1.82593929581344 1.3331215379294 1.46908467658795 1.62083887658082 1.2310263668187 1.12059242697433 1.5480624276679 1.13510313490406 1.87672241684049 1.64789365651086 0.994847174035385 1.68114035576582 1.68763796775602 1.5800764344167 1.36305170925334 1.60355243249796 1.82537088124081 1.21976081747562 1.22866595652886 1.85672163241543 1.13477899855934 1.14222978148609 1.42696529533714
1.63296305225231 1.90508127468638 0 1.13691602484323 1.76581368222833 1.10195766412653 1.38848162256181 1.73314404441044 1.77369937300682 1.44056402891874 1.3362752571702 1.62606673734263 1.82918600714765 1.09259697399102 1.36053768522106 1.76078879553825 1.47625471209176 0.950515711214393 1.66490966267884 1.72157421079464 1.7494971442502 1.70408546715043 1.68534490582533 1.03775156079791 1.3611630871892 1.36904982104897 1.10817975993268 1.11001190007664 1.69422091287561 1.66527102002874
1.66691307048313 1.76424408098683 1.13691602484323 0 1.3999583425466 1.34839479951188 1.4915686014574 1.08059199736454 1.61321981670335 1.53899419656955 1.19040201744065 0.933642921037972 1.50811454583891 1.31775629287586 1.84361197892576 1.22350561362691 1.40638447715901 0.948905714787543 1.41653604921885 1.4216831959784 1.85990447201766 1.75579059217125 1.05286268121563 1.75324249314144 1.81023690779693 1.53562133549713 1.56007836852223 1.69235806167126 1.06887378846295 1.75698484643362
1.04062716965564 1.48305124300532 1.76581368222833 1.3999583425466 0 1.02424964448437 1.49471140396781 0.929558443604037 1.11109164007939 1.52811187668703 1.77480546943843 1.70941320504062 0.952287486754358 1.57053283252753 1.61009469069541 1.59687772300094 1.18870646646246 1.44714225479402 1.24039484770037 1.67682461650111 1.65323134884238 1.40509435441345 1.40927471709438 1.77733741677366 1.17749325581826 1.6102118100971 1.12603996833786 1.5007915457245 1.72195528447628 1.10639366693795
1.69806744577363 1.81053669867106 1.10195766412653 1.34839479951188 1.02424964448437 0 1.67708278889768 1.60529595683329 0.977086826227605 1.66471378854476 1.66409085481428 1.81971265282482 1.34608275722712 1.30786286317743 1.35969170881435 1.77917449828237 1.68910056422465 1.09205069555901 1.43659622874111 1.43427380523644 1.12610433273949 0.962882796768099 1.02242040098645 1.83701992407441 1.27216306817718 1.7717363787815 1.54156062193215 1.36544567532837 1.21952909626998 1.29523745528422
1.63422668888234 1.09413848025724 1.38848162256181 1.4915686014574 1.49471140396781 1.67708278889768 0 1.39567947993055 1.19673679326661 1.33677707705647 1.45700398320332 1.87100764969364 1.2467187277507 1.61635205009952 1.61235296889208 1.48420909955166 1.23353017191403 1.00074992561713 1.78760906378739 0.963591750012711 1.00912072719075 1.66629206086509 1.5494261009153 1.84375775419176 0.916396195534617 1.481189990649 0.929789111483842 1.80218560853973 0.990310766035691 1.33035617484711
1.19013957027346 1.82593929581344 1.73314404441044 1.08059199736454 0.929558443604037 1.60529595683329 1.39567947993055 0 1.87552257929929 1.39980303286575 1.77276110858656 1.32627462386154 1.56207124423236 1.74909641244449 1.8829289667774 1.72303537768312 1.79511647555046 1.06851634453051 1.271778910188 1.72031318116933 1.63197039021179 1.08739902055822 1.66237701126374 0.922156770713627 1.68380031827837 1.41138808825053 0.919280006317422 1.91242598393001 1.44612360815518 1.61172771942802
1.42149937548675 1.3331215379294 1.77369937300682 1.61321981670335 1.11109164007939 0.977086826227605 1.19673679326661 1.87552257929929 0 1.6685687394347 1.73315932671539 1.07831168849953 1.34436375182122 1.38485771347769 1.13409878895618 1.03898450057022 1.71017727442086 1.22772456891835 1.74721509078518 1.72128651360981 1.42683678981848 1.37822440359741 0.966720776865259 1.74229677370749 1.71961607481353 1.6650212618988 1.63195867789909 1.88491802685894 1.31931121973321 1.8282161722891
1.34184967563488 1.46908467658795 1.44056402891874 1.53899419656955 1.52811187668703 1.66471378854476 1.33677707705647 1.39980303286575 1.6685687394347 0 1.21018880209886 1.58720310893841 1.48623683839105 1.32109255669639 1.59196372586302 1.73658608854748 1.5495125784073 1.79284473741427 1.57798664201982 1.10345262568444 1.76924680592492 1.52921308809891 1.34149915911257 1.08399092778563 1.32159092184156 1.15243885968812 1.07170120649971 0.935431242454797 1.52791987452656 1.44987283833325
1.08086409559473 1.62083887658082 1.3362752571702 1.19040201744065 1.77480546943843 1.66409085481428 1.45700398320332 1.77276110858656 1.73315932671539 1.21018880209886 0 1.4246449158527 1.51816411246546 1.63523854571395 1.19754716521129 0.920510711846873 1.57151786214672 1.20195428957231 1.90553840645589 0.946628836216405 1.17361606354825 1.54326830501668 1.77910692617297 1.88921189121902 1.17212737165391 1.54883803706616 1.61125804320909 1.53727854322642 0.976498415926471 1.11214856151491
1.01986114005558 1.2310263668187 1.62606673734263 0.933642921037972 1.70941320504062 1.81971265282482 1.87100764969364 1.32627462386154 1.07831168849953 1.58720310893841 1.4246449158527 0 1.67382507119328 1.68588083051145 1.18496706918813 1.74941772292368 1.62187502486631 1.51093638734892 1.05904308333993 1.7211937229149 1.18990941648372 1.5684326721821 1.4179271615576 1.47912224871106 1.49944801442325 0.962064773309976 1.90078553720377 1.28733612084761 1.70887165213935 0.993643934372813
1.83500269334763 1.12059242697433 1.82918600714765 1.50811454583891 0.952287486754358 1.34608275722712 1.2467187277507 1.56207124423236 1.34436375182122 1.48623683839105 1.51816411246546 1.67382507119328 0 0.935046238359064 1.85092964395881 1.0303583831992 1.7141814334318 1.61702721007168 1.28670128923841 1.79954633815214 1.27146756579168 1.27729120478034 1.12004236923531 0.995231003966182 1.24011746095493 1.43373947544023 1.84239729004912 1.65317166782916 1.08256137464195 1.42074911482632
1.54268357320689 1.5480624276679 1.09259697399102 1.31775629287586 1.57053283252753 1.30786286317743 1.61635205009952 1.74909641244449 1.38485771347769 1.32109255669639 1.63523854571395 1.68588083051145 0.935046238359064 0 1.03954387782142 1.01150150503963 1.64339094120078 0.991388457361609 1.85678107873537 1.20559696597047 1.27020189235918 1.82020948315039 1.28484151139855 1.87106658145785 1.40000781067647 1.7752357556019 1.65120636764914 1.05273520690389 1.72097093728371 1.5374235198833
1.89520987821743 1.13510313490406 1.36053768522106 1.84361197892576 1.61009469069541 1.35969170881435 1.61235296889208 1.8829289667774 1.13409878895618 1.59196372586302 1.19754716521129 1.18496706918813 1.85092964395881 1.03954387782142 0 1.48494642600417 1.39089102158323 1.81018411531113 0.98665391234681 1.01186556671746 1.15258309012279 0.961421057349071 1.69824271043763 1.05772317480296 1.89900299417786 1.71991733880714 1.80522932950407 1.34779168805107 1.57300911494531 1.5718760213349
1.64211518224329 1.87672241684049 1.76078879553825 1.22350561362691 1.59687772300094 1.77917449828237 1.48420909955166 1.72303537768312 1.03898450057022 1.73658608854748 0.920510711846873 1.74941772292368 1.0303583831992 1.01150150503963 1.48494642600417 0 1.23653890099376 1.86729636159725 0.985027694609016 1.69299627607688 1.26784908305854 1.48970960942097 1.60718089831062 1.41868846304715 0.991363360313699 1.02200348605402 1.64245525118895 1.39110341458581 1.80359714501537 1.29937905166298
1.86192881525494 1.64789365651086 1.47625471209176 1.40638447715901 1.18870646646246 1.68910056422465 1.23353017191403 1.79511647555046 1.71017727442086 1.5495125784073 1.57151786214672 1.62187502486631 1.7141814334318 1.64339094120078 1.39089102158323 1.23653890099376 0 1.22494896780699 1.48646489833482 1.33547154837288 1.69682791177183 1.12380338530056 1.13834948837757 1.4283550393302 1.34902935777791 1.82000701618381 1.23763757944107 1.55060566379689 1.38292191899382 1.84262651856989
1.4972029090859 0.994847174035385 0.950515711214393 0.948905714787543 1.44714225479402 1.09205069555901 1.00074992561713 1.06851634453051 1.22772456891835 1.79284473741427 1.20195428957231 1.51093638734892 1.61702721007168 0.991388457361609 1.81018411531113 1.86729636159725 1.22494896780699 0 1.1577143620234 1.4474351645913 1.90876929182559 1.02839321317151 0.958838602993637 1.19644147856161 1.75578740332276 1.6240070972126 1.77973250299692 1.36537814280018 1.31628296896815 1.65103274025023
1.90067144087516 1.68114035576582 1.66490966267884 1.41653604921885 1.24039484770037 1.43659622874111 1.78760906378739 1.271778910188 1.74721509078518 1.57798664201982 1.90553840645589 1.05904308333993 1.28670128923841 1.85678107873537 0.98665391234681 0.985027694609016 1.48646489833482 1.1577143620234 0 1.29926379676908 1.87449611187913 1.35588456667028 0.924351323163137 0.969883058452979 0.932259285124019 1.89168649818748 1.2426852225326 1.68697462277487 1.27888364437968 1.19525199919008
1.29949912033044 1.68763796775602 1.72157421079464 1.4216831959784 1.67682461650111 1.43427380523644 0.963591750012711 1.72031318116933 1.72128651360981 1.10345262568444 0.946628836216405 1.7211937229149 1.79954633815214 1.20559696597047 1.01186556671746 1.69299627607688 1.33547154837288 1.4474351645913 1.29926379676908 0 1.10899587534368 1.03953145304695 0.955345694674179 1.05341192963533 1.23767635389231 1.69826694973744 1.46011210465804 1.65370640228502 1.13442427525297 1.21437187748961
1.46991127100773 1.5800764344167 1.7494971442502 1.85990447201766 1.65323134884238 1.12610433273949 1.00912072719075 1.63197039021179 1.42683678981848 1.76924680592492 1.17361606354825 1.18990941648372 1.27146756579168 1.27020189235918 1.15258309012279 1.26784908305854 1.69682791177183 1.90876929182559 1.87449611187913 1.10899587534368 0 1.13403959362768 0.963794099632651 1.07403730670922 1.70579822990112 1.3545975566376 0.929128076415509 1.87391653633676 1.55064156465232 1.25431295577437
1.46981134871021 1.36305170925334 1.70408546715043 1.75579059217125 1.40509435441345 0.962882796768099 1.66629206086509 1.08739902055822 1.37822440359741 1.52921308809891 1.54326830501668 1.5684326721821 1.27729120478034 1.82020948315039 0.961421057349071 1.48970960942097 1.12380338530056 1.02839321317151 1.35588456667028 1.03953145304695 1.13403959362768 0 1.29539646138437 1.62340839253739 1.72024202742614 1.40602644020692 1.19470845768228 0.948543661274016 0.936352244578302 1.40881347190589
1.68954636435956 1.60355243249796 1.68534490582533 1.05286268121563 1.40927471709438 1.02242040098645 1.5494261009153 1.66237701126374 0.966720776865259 1.34149915911257 1.77910692617297 1.4179271615576 1.12004236923531 1.28484151139855 1.69824271043763 1.60718089831062 1.13834948837757 0.958838602993637 0.924351323163137 0.955345694674179 0.963794099632651 1.29539646138437 0 1.69012695341371 0.92170019634068 1.73959290236235 0.959481474943459 1.05391029035673 1.23530144011602 1.87693237932399
1.59790755691938 1.82537088124081 1.03775156079791 1.75324249314144 1.77733741677366 1.83701992407441 1.84375775419176 0.922156770713627 1.74229677370749 1.08399092778563 1.88921189121902 1.47912224871106 0.995231003966182 1.87106658145785 1.05772317480296 1.41868846304715 1.4283550393302 1.19644147856161 0.969883058452979 1.05341192963533 1.07403730670922 1.62340839253739 1.69012695341371 0 1.83462759130634 1.23772036004812 1.19980058236979 1.67355965869501 0.925037956330925 1.78636646317318
1.06480907741934 1.21976081747562 1.3611630871892 1.81023690779693 1.17749325581826 1.27216306817718 0.916396195534617 1.68380031827837 1.71961607481353 1.32159092184156 1.17212737165391 1.49944801442325 1.24011746095493 1.40000781067647 1.89900299417786 0.991363360313699 1.34902935777791 1.75578740332276 0.932259285124019 1.23767635389231 1.70579822990112 1.72024202742614 0.92170019634068 1.83462759130634 0 1.03820973890834 1.74597847810946 1.1839173596818 1.62749861017801 1.74311331054196
1.12095462298021 1.22866595652886 1.36904982104897 1.53562133549713 1.6102118100971 1.7717363787815 1.481189990649 1.41138808825053 1.6650212618988 1.15243885968812 1.54883803706616 0.962064773309976 1.43373947544023 1.7752357556019 1.71991733880714 1.02200348605402 1.82000701618381 1.6240070972126 1.89168649818748 1.69826694973744 1.3545975566376 1.40602644020692 1.73959290236235 1.23772036004812 1.03820973890834 0 1.11998743051663 1.64258025679737 1.86901076580398 1.80097139393911
0.981770141748711 1.85672163241543 1.10817975993268 1.56007836852223 1.12603996833786 1.54156062193215 0.929789111483842 0.919280006317422 1.63195867789909 1.07170120649971 1.61125804320909 1.90078553720377 1.84239729004912 1.65120636764914 1.80522932950407 1.64245525118895 1.23763757944107 1.77973250299692 1.2426852225326 1.46011210465804 0.929128076415509 1.19470845768228 0.959481474943459 1.19980058236979 1.74597847810946 1.11998743051663 0 1.34553017094731 1.64061204669997 1.84548522508703
1.36494673811831 1.13477899855934 1.11001190007664 1.69235806167126 1.5007915457245 1.36544567532837 1.80218560853973 1.91242598393001 1.88491802685894 0.935431242454797 1.53727854322642 1.28733612084761 1.65317166782916 1.05273520690389 1.34779168805107 1.39110341458581 1.55060566379689 1.36537814280018 1.68697462277487 1.65370640228502 1.87391653633676 0.948543661274016 1.05391029035673 1.67355965869501 1.1839173596818 1.64258025679737 1.34553017094731 0 1.79597861180082 1.00711235986091
1.69566741865128 1.14222978148609 1.69422091287561 1.06887378846295 1.72195528447628 1.21952909626998 0.990310766035691 1.44612360815518 1.31931121973321 1.52791987452656 0.976498415926471 1.70887165213935 1.08256137464195 1.72097093728371 1.57300911494531 1.80359714501537 1.38292191899382 1.31628296896815 1.27888364437968 1.13442427525297 1.55064156465232 0.936352244578302 1.23530144011602 0.925037956330925 1.62749861017801 1.86901076580398 1.64061204669997 1.79597861180082 0 1.00716618145816
1.46101908735 1.42696529533714 1.66527102002874 1.75698484643362 1.10639366693795 1.29523745528422 1.33035617484711 1.61172771942802 1.8282161722891 1.44987283833325 1.11214856151491 0.993643934372813 1.42074911482632 1.5374235198833 1.5718760213349 1.29937905166298 1.84262651856989 1.65103274025023 1.19525199919008 1.21437187748961 1.25431295577437 1.40881347190589 1.87693237932399 1.78636646317318 1.74311331054196 1.80097139393911 1.84548522508703 1.00711235986091 1.00716618145816 0
