0 1.22132842568681 1.08980769850314 1.77309762802906 0.967596213566139 1.13699239795096 1.82405526679941 1.52320689265616 1.3428813200444 1.14945691870525 1.4938355803024 0.971980268601328 1.40232004132122 1.79020137223415 1.9493987148162 1.41454041725956 1.88405894069001 1.57199754496105 1.59765118383802 1.95687403809279 1.39659238886088 1.31438107276335 1.35929042915814 1.23934932542033 1.89961030706763 1.07215650239959 1.1540631831158 1.34590963972732 1.47183592803776 1.29181182920001
1.22132842568681 0 0.969234228832647 0.969771666685119 1.6180735072121 1.44408112158999 1.41407925379463 1.278952305438 1.55013556731865 1.86119586648419 1.83130088448524 1.68203044682741 1.32914428738877 1.66310508432798 1.90673510613851 1.40255295974202 1.48563565453514 1.5285659909714 1.06008053943515 1.62262975913472 1.10401951288804 0.98359553469345 1.27103176899254 1.00615449086763 1.8718440013472 1.40102921123616 1.71020335610956 1.70415236451663 1.00256234733388 1.02760813129134
1.08980769850314 0.969234228832647 0 1.03506315639243 1.77051745704375 1.89263162924908 1.80513407336548 1.02910407842137 1.25080689950846 1.70516947214492 1.26522513362579 1.02947570593096 1.74156339396723 1.3938695336692 1.42818036605604 1.17188761453144 1.10616601095535 1.49734040629119 1.02301377756521 1.07986671756953 1.69380837120116 1.55637978715822 1.1936940937303 1.65268217097037 1.80946357361972 1.85792180569842 1.07455004821531 1.12659537536092 1.64580137049779 1.06747709214687
1.77309762802906 0.969771666685119 1.03506315639243 0 1.09057690016925 1.52381935180165 1.26475355774164 1.82298883004114 1.80801041703671 1.52985143731348 1.81817194842733 1.23092149570584 1.02957582008094 0.972304759314284 1.30557676241733 0.998283203458413 1.03102244087495 1.8461595964618 1.4685851468239 0.97078773053363 1.60934907454066 1.7202134556137 1.2511360773351 1.15054868441075 0.975617161951959 1.86877908511087 1.52754640090279 1.03504408150911 1.06973790004849 1.08236381760798
0.967596213566139 1.6180735072121 1.77051745704375 1.09057690016925 0 1.39773850864731 1.87110915710218 1.20047693885863 1.19581104838289 1.33886358747259 1.28605845198035 1.92939658253454 1.63761291652918 1.76372348237783 1.51984404842369 1.63177041290328 1.46387233561836 1.74822572222911 1.40067796478979 0.989277824526653 1.57769025629386 1.61890203948133 1.43637061188929 1.17237668950111 1.17658457811922 1.74421145766973 1.74916460807435 1.06966611556709 1.0592989011202 1.44827253534459
1.13699239795096 1.44408112158999 1.89263162924908 1.52381935180165 1.39773850864731 0 1.40557029237971 1.94733967003413 1.57206828147173 1.75358436908573 1.84452755213715 1.39547007763758 1.88241569395177 1.62706430605613 1.95068318746053 1.4336016010493 1.85550558962859 1.23644690751098 1.35231683519669 1.64767354680225 1.61885966639966 1.08571228431538 1.9502462646924 1.60728135029785 1.31201386381872 1.07080120407045 1.5113085701596 1.23912878381088 1.8464199078735 1.85338892135769
1.82405526679941 1.41407925379463 1.80513407336548 1.26475355774164 1.87110915710218 1.40557029237971 0 1.40762353222817 1.46014307276346 1.76809861557558 1.03087992663495 1.67619009618647 1.0055184494704 1.0874922615476 1.665384382708 1.48263971460983 1.41377902938984 1.16936328425072 1.4120890465565 1.483213795349 1.23041813098826 1.82348208571784 1.2166198422201 1.12323780520819 1.94554797420278 1.74264716100879 1.67072742362507 0.977144636912271 1.27797836670652 1.18263574363664
1.52320689265616 1.278952305438 1.02910407842137 1.82298883004114 1.20047693885863 1.94733967003413 1.40762353222817 0 0.996264628367499 0.98640574212186 1.35759487049654 1.54707005224191 1.37579876999371 1.2998029619921 1.25200681597926 0.973304211162031 1.49842902855016 1.50967686809599 1.88879504590295 1.419522870332 1.79270765511319 1.62983862310648 1.15543028223328 1.24405741784722 0.976704477332532 1.08337375079282 1.85617944877595 1.73798320139758 1.57694450789131 1.27896484266967
1.3428813200444 1.55013556731865 1.25080689950846 1.80801041703671 1.19581104838289 1.57206828147173 1.46014307276346 0.996264628367499 0 1.14949351386167 1.15620296564884 1.19797706161626 1.86374278459698 1.20660494477488 1.87726521817967 1.9150079486426 1.53907564026304 1.14014429156668 1.34204746689647 1.13599810027517 1.39020108943805 1.35008291597478 1.04245224129409 1.01733725029044 1.02110631507821 1.24874939559959 1.13409173581749 1.14629738056101 1.35180380195379 1.2382946505677
1.14945691870525 1.86119586648419 1.70516947214492 1.52985143731348 1.33886358747259 1.75358436908573 1.76809861557558 0.98640574212186 1.14949351386167 0 1.27992959320545 1.02873356384225 1.46081953053363 1.36227747518569 1.38341227406636 1.87909308145754 0.977248919429258 1.79963102913462 1.86068803607486 1.01589289307594 1.83296342077665 0.998427729820833 1.15092492778786 1.1616331404075 1.16338063613512 1.51921507692896 1.34134767367505 1.41802876489237 0.969019603217021 1.18953729630448
1.4938355803024 1.83130088448524 1.26522513362579 1.81817194842733 1.28605845198035 1.84452755213715 1.03087992663495 1.35759487049654 1.15620296564884 1.27992959320545 0 0.993061851710081 1.85618655919097 1.54130222648382 1.85205636313185 1.85144048836082 1.41916056047194 1.8129065677058 1.32695570378564 1.02235340233892 1.03379115415737 1.40776284295134 1.14359117206186 1.14657464832999 1.60761780384928 1.02609826019034 1.69425550266169 1.36522631440312 1.82201872696169 1.93565301201306
0.971980268601328 1.68203044682741 1.02947570593096 1.23092149570584 1.92939658253454 1.39547007763758 1.67619009618647 1.54707005224191 1.19797706161626 1.02873356384225 0.993061851710081 0 1.78937783604488 1.54050270630978 1.07509324839339 1.1000172838103 1.1602532225661 1.63977386127226 1.79272582102567 1.93658567173406 1.04674322437495 1.94961888948455 1.84343217709102 1.54965791129507 1.57375703100115 1.1629727894906 1.62219605012797 1.79379695700482 1.93258273554966 1.1181720898021
1.40232004132122 1.32914428738877 1.74156339396723 1.02957582008094 1.63761291652918 1.88241569395177 1.0055184494704 1.37579876999371 1.86374278459698 1.46081953053363 1.85618655919097 1.78937783604488 0 1.79595824470744 1.42135420092382 1.64206186402589 1.28490607091226 1.90596105484292 0.978970275260508 1.58516215905547 1.35150341736153 0.971248058136553 1.56572920945473 1.69107213011011 1.1870640788693 1.87014217674732 1.01244921772741 1.17408511368558 1.33655798458494 1.62178811687045
1.79020137223415 1.66310508432798 1.3938695336692 0.972304759314284 1.76372348237783 1.62706430605613 1.0874922615476 1.2998029619921 1.20660494477488 1.36227747518569 1.54130222648382 1.54050270630978 1.79595824470744 0 1.2400246981997 1.09939149906859 1.33693931275047 1.63001340837218 1.37620418611914 1.73161209165119 1.73875431972556 1.69694986660033 1.584939267952 1.35963050764985 1.81139986380003 1.034117361065 1.14326803642325 1.44677053228952 1.39071028819308 1.13168424111791
1.9493987148162 1.90673510613851 1.42818036605604 1.30557676241733 1.51984404842369 1.95068318746053 1.665384382708 1.25200681597926 1.87726521817967 1.38341227406636 1.85205636313185 1.07509324839339 1.42135420092382 1.2400246981997 0 1.12523017032072 1.28857874893583 1.83675316721201 1.09477317635901 1.33973765512928 1.68173881107941 1.05258143576793 1.22827604063787 1.69523626356386 0.968041544081643 1.51591977477074 1.5532912092749 1.28052289155312 1.32897778693587 1.09841327089816
1.41454041725956 1.40255295974202 1.17188761453144 0.998283203458413 1.63177041290328 1.4336016010493 1.48263971460983 0.973304211162031 1.9150079486426 1.87909308145754 1.85144048836082 1.1000172838103 1.64206186402589 1.09939149906859 1.12523017032072 0 1.89795466698706 1.74090764345601 1.49071188643575 1.23147803754546 1.81561972480267 1.83728856919333 1.86672444059514 1.53242170927115 1.30256411083974 1.57373564713635 1.28732108161785 1.72041251184419 1.83476432273164 1.82832945906557
1.88405894069001 1.48563565453514 1.10616601095535 1.03102244087495 1.46387233561836 1.85550558962859 1.41377902938984 1.49842902855016 1.53907564026304 0.977248919429258 1.41916056047194 1.1602532225661 1.28490607091226 1.33693931275047 1.28857874893583 1.89795466698706 0 1.90479295887053 1.84403638425283 1.50711540621705 1.14511854317971 1.40499617462046 1.61651723249815 1.75495135458186 1.15798299456947 1.16634696559049 1.87230634642765 1.14068811200559 1.16967584495433 0.995822095777839
1.57199754496105 1.5285659909714 1.49734040629119 1.8461595964618 1.74822572222911 1.23644690751098 1.16936328425072 1.50967686809599 1.14014429156668 1.79963102913462 1.8129065677058 1.63977386127226 1.90596105484292 1.63001340837218 1.83675316721201 1.74090764345601 1.90479295887053 0 1.60092217405327 1.23243877920322 1.79828944196925 1.00846722302958 1.43771541584283 1.09420293499716 1.84907842893153 1.06619728100486 1.6644458186347 1.11433992348611 1.51471338421106 1.70061333593912
1.59765118383802 1.06008053943515 1.02301377756521 1.4685851468239 1.40067796478979 1.35231683519669 1.4120890465565 1.88879504590295 1.34204746689647 1.86068803607486 1.32695570378564 1.79272582102567 0.978970275260508 1.37620418611914 1.09477317635901 1.49071188643575 1.84403638425283 1.60092217405327 0 1.01580800674856 1.24121589376591 1.14329637330957 1.61181047535501 1.47329368139617 1.4988760384731 1.7294481350109 1.09333060774952 1.64936564769596 1.04217354347929 1.27748738555238
1.95687403809279 1.62262975913472 1.07986671756953 0.97078773053363 0.989277824526653 1.64767354680225 1.483213795349 1.419522870332 1.13599810027517 1.01589289307594 1.02235340233892 1.93658567173406 1.58516215905547 1.73161209165119 1.33973765512928 1.23147803754546 1.50711540621705 1.23243877920322 1.01580800674856 0 1.84207468992099 1.20893100672401 1.56534948642366 0.990590339293703 1.52123836427927 1.94548766757362 1.03829517238773 1.09106387291104 1.47876591398381 1.57714324328117
1.39659238886088 1.10401951288804 1.69380837120116 1.60934907454066 1.57769025629386 1.61885966639966 1.23041813098826 1.79270765511319 1.39020108943805 1.83296342077665 1.03379115415737 1.04674322437495 1.35150341736153 1.73875431972556 1.68173881107941 1.81561972480267 1.14511854317971 1.79828944196925 1.24121589376591 1.84207468992099 0 1.75074259052053 1.07490435545333 1.23553160997108 1.93296675104648 1.24437065352686 1.07783255097456 1.73619839036837 1.65576051035896 1.88775284681469
1.31438107276335 0.98359553469345 1.55637978715822 1.7202134556137 1.61890203948133 1.08571228431538 1.82348208571784 1.62983862310648 1.35008291597478 0.998427729820833 1.40776284295134 1.94961888948455 0.971248058136553 1.69694986660033 1.05258143576793 1.83728856919333 1.40499617462046 1.00846722302958 1.14329637330957 1.20893100672401 1.75074259052053 0 1.34861221606843 1.35252970969304 1.40498539945111 1.00701659941114 1.07375400513411 1.25980998273008 1.33446749579161 1.37870637699962
1.35929042915814 1.27103176899254 1.1936940937303 1.2511360773351 1.43637061188929 1.9502462646924 1.2166198422201 1.15543028223328 1.04245224129409 1.15092492778786 1.14359117206186 1.84343217709102 1.56572920945473 1.584939267952 1.22827604063787 1.86672444059514 1.61651723249815 1.43771541584283 1.61181047535501 1.56534948642366 1.07490435545333 1.34861221606843 0 1.45677443523891 1.29666265333071 1.5200477479957 1.11571562453173 1.5719451175537 1.0889625523705 1.15433291741647
1.23934932542033 1.00615449086763 1.65268217097037 1.15054868441075 1.17237668950111 1.60728135029785 1.12323780520819 1.24405741784722 1.01733725029044 1.1616331404075 1.14657464832999 1.54965791129507 1.69107213011011 1.35963050764985 1.69523626356386 1.53242170927115 1.75495135458186 1.09420293499716 1.47329368139617 0.990590339293703 1.23553160997108 1.35252970969304 1.45677443523891 0 1.2215920984745 1.3888441119343 0.998662288533524 1.4308496103622 1.53140745684505 1.7848099374678
1.89961030706763 1.8718440013472 1.80946357361972 0.975617161951959 1.17658457811922 1.31201386381872 1.94554797420278 0.976704477332532 1.02110631507821 1.16338063613512 1.60761780384928 1.57375703100115 1.1870640788693 1.81139986380003 0.968041544081643 1.30256411083974 1.15798299456947 1.84907842893153 1.4988760384731 1.52123836427927 1.93296675104648 1.40498539945111 1.29666265333071 1.2215920984745 0 1.28084819205105 1.94682249100879 1.15914727607742 1.41486809332855 1.82620565243997
1.07215650239959 1.40102921123616 1.85792180569842 1.86877908511087 1.74421145766973 1.07080120407045 1.74264716100879 1.08337375079282 1.24874939559959 1.51921507692896 1.02609826019034 1.1629727894906 1.87014217674732 1.034117361065 1.51591977477074 1.57373564713635 1.16634696559049 1.06619728100486 1.7294481350109 1.94548766757362 1.24437065352686 1.00701659941114 1.5200477479957 1.3888441119343 1.28084819205105 0 1.84008655999787 1.84648358006962 1.61132460972294 1.084320244845
1.1540631831158 1.71020335610956 1.07455004821531 1.52754640090279 1.74916460807435 1.5113085701596 1.67072742362507 1.85617944877595 1.13409173581749 1.34134767367505 1.69425550266169 1.62219605012797 1.01244921772741 1.14326803642325 1.5532912092749 1.28732108161785 1.87230634642765 1.6644458186347 1.09333060774952 1.03829517238773 1.07783255097456 1.07375400513411 1.11571562453173 0.998662288533524 1.94682249100879 1.84008655999787 0 1.27938440395519 1.19680940639228 1.32603869820014
1.34590963972732 1.70415236451663 1.12659537536092 1.03504408150911 1.06966611556709 1.23912878381088 0.977144636912271 1.73798320139758 1.14629738056101 1.41802876489237 1.36522631440312 1.79379695700482 1.17408511368558 1.44677053228952 1.28052289155312 1.72041251184419 1.14068811200559 1.11433992348611 1.64936564769596 1.09106387291104 1.73619839036837 1.25980998273008 1.5719451175537 1.4308496103622 1.15914727607742 1.84648358006962 1.27938440395519 0 1.08072647475637 1.40229465346783
1.47183592803776 1.00256234733388 1.64580137049779 1.06973790004849 1.0592989011202 1.8464199078735 1.27797836670652 1.57694450789131 1.35180380195379 0.969019603217021 1.82201872696169 1.93258273554966 1.33655798458494 1.39071028819308 1.32897778693587 1.83476432273164 1.16967584495433 1.51471338421106 1.04217354347929 1.47876591398381 1.65576051035896 1.33446749579161 1.0889625523705 1.53140745684505 1.41486809332855 1.61132460972294 1.19680940639228 1.08072647475637 0 1.21278408565558
1.29181182920001 1.02760813129134 1.06747709214687 1.08236381760798 1.44827253534459 1.85338892135769 1.18263574363664 1.27896484266967 1.2382946505677 1.18953729630448 1.93565301201306 1.1181720898021 1.62178811687045 1.13168424111791 1.09841327089816 1.82832945906557 0.995822095777839 1.70061333593912 1.27748738555238 1.57714324328117 1.88775284681469 1.37870637699962 1.15433291741647 1.7848099374678 1.82620565243997 1.084320244845 1.32603869820014 1.40229465346783 1.21278408565558 0
