0 1.26951070385985 0.926932209869847 1.65646868129261 1.55367809999734 1.58274118578993 1.74888078588992 1.60637031658553 1.37869931524619 1.10617904830724 1.12795574241318 1.33673075283878 1.52585049159825 1.10931695532054 1.8036687890999 1.01555141108111 1.55559098883532 1.02753090299666 1.32557497825474 1.67618105420843 1.38456692243926 1.02969008963555 1.47236080979928 1.05575398961082 1.01266584196128 1.56113254115917 1.29789727646858 1.57093261298724 1.34420573082753 1.26406101230532
1.26951070385985 0 1.18531346763484 1.02622567210346 0.913983891019598 1.17390597984195 1.82185178739019 1.44296022178605 0.964131864486262 1.36069469084032 1.13208285346627 1.48386689322069 0.979722414631397 1.75076474272646 1.65050307521597 1.36736596445553 1.46617888379842 1.1787000913173 1.43715869728476 1.11941920383833 1.59639113466255 1.22439641016535 1.64296491653658 1.59849763475358 1.40919196978211 1.04544669366442 0.98125895857811 1.12600122694857 1.84225687803701 1.12871821830049
0.926932209869847 1.18531346763484 0 1.80824919929728 1.2359002714511 1.77122588991188 1.85461624292657 1.09163961466402 1.83452796749771 1.41104663419537 0.908619314432144 0.960705601144582 1.17372183431871 1.43528998550028 1.75654704798944 1.83872971381061 1.69436454889365 0.972818423761055 1.52173027792014 1.26259217527695 1.40824334532954 1.46784248412587 1.51180579862557 1.25885646790266 1.37953382194974 0.920998361194506 1.68547297408804 1.71740413852967 1.62045006407425 1.21653282945044
1.65646868129261 1.02622567210346 1.80824919929728 0 1.58844883483835 1.76642111409456 1.7506821709685 1.31632715044543 1.44626417802647 1.5473387001548 1.35826893243939 1.88525979733095 1.05176020297222 1.86852663336322 1.42799956980161 1.85623466735706 1.74326907051727 1.60740969795734 1.68503247550689 1.37026165775023 1.76658376911655 1.32555812760256 1.08362638088875 1.69580193655565 1.80486351088621 1.5602780431509 0.91432300186716 1.73666111263447 1.09928172733635 1.63609645236284
1.55367809999734 0.913983891019598 1.2359002714511 1.58844883483835 0 1.16410772176459 1.83058416144922 1.20415068790317 1.09359950339422 1.39391971728764 1.30477288598195 1.30946575850248 1.70115222362801 1.21231725229882 0.919748736079782 1.11902322503738 1.07784752431326 0.915213410044089 1.58721727831289 1.58573515061289 1.83041386585683 1.44447457930073 1.36666186666116 1.72139530722052 1.350103758974 0.942021153867245 1.3472407287918 1.87437101011164 1.804847153835 1.61181317246519
1.58274118578993 1.17390597984195 1.77122588991188 1.76642111409456 1.16410772176459 0 1.88518307474442 1.50697291619144 1.22885511559434 1.45070006162859 1.01009455788881 1.02297810930759 1.55485736532137 1.64405251527205 1.52216548239812 1.12028100457974 1.77738256100565 0.921196118928492 1.60666544293053 1.34447274496779 1.87214762391523 1.14717987924814 1.72614629147574 1.02202007267624 1.11383036873303 1.07587081589736 1.21026504482143 1.52695488231257 1.09911016491242 1.24456101935357
1.74888078588992 1.82185178739019 1.85461624292657 1.7506821709685 1.83058416144922 1.88518307474442 0 1.88091466180049 1.87774803698994 1.01055316580459 1.72375942138024 1.75974543811753 1.28635982330889 1.74085105373524 1.33905714866705 1.00182003132068 1.62112079700455 1.86221360391937 0.998207700205967 1.08921850612387 1.74343994935043 1.89320811908692 1.85650514368899 1.40884735994041 1.85237945220433 1.83563021942973 0.973388339858502 1.00702799181454 0.952777345199138 1.37615196011029
1.60637031658553 1.44296022178605 1.09163961466402 1.31632715044543 1.20415068790317 1.50697291619144 1.88091466180049 0 1.67196301813237 0.907899936428294 1.06882979557849 1.74064253689721 1.46309115970507 1.28257894166745 1.5012620575726 1.14434646791779 1.71944263298064 1.38039228250273 1.14188891951926 1.44240450672805 0.907635123934597 1.40970966056921 1.27837846032344 1.08908152836375 0.972472379682586 1.00629646354355 0.973138780333102 1.41557657485828 0.961930512683466 0.996443571290001
1.37869931524619 0.964131864486262 1.83452796749771 1.44626417802647 1.09359950339422 1.22885511559434 1.87774803698994 1.67196301813237 0 1.46574477478862 1.63038955093361 1.25061903870665 1.09417669172399 1.03878623293713 1.36736988881603 1.05951004871167 1.14309216639958 1.11967391869985 1.43991951551288 1.13923483411781 1.25724743097089 1.16864131391048 1.5512222640682 1.41621191729791 1.84629854699597 1.01586558111012 0.928007129579782 1.5304248679895 1.38660893822089 1.81564213288948
1.10617904830724 1.36069469084032 1.41104663419537 1.5473387001548 1.39391971728764 1.45070006162859 1.01055316580459 0.907899936428294 1.46574477478862 0 1.5331998267211 1.3663597186096 1.42575686587952 1.4979618168436 1.06959810410626 1.55186564894393 1.24217169499025 1.57795702409931 1.55381790455431 0.993261572439224 1.43762359605171 1.61162551562302 1.19512959057465 1.59181783534586 1.75614896533079 1.45041824760847 1.74968437710777 1.30541970441118 1.80600002408028 1.79997297632508
1.12795574241318 1.13208285346627 0.908619314432144 1.35826893243939 1.30477288598195 1.01009455788881 1.72375942138024 1.06882979557849 1.63038955093361 1.5331998267211 0 1.63906843145378 1.10504343989305 1.13724289182574 1.55859044427052 1.67324091447517 1.83270903117955 1.67903061513789 1.00722092762589 1.14163050684147 1.00018367031589 1.71450601588003 1.21848930488341 1.45821756240912 1.6820009353105 0.916990164667368 1.84966758056544 1.63231682940386 1.22041145176627 1.79655138682574
1.33673075283878 1.48386689322069 0.960705601144582 1.88525979733095 1.30946575850248 1.02297810930759 1.75974543811753 1.74064253689721 1.25061903870665 1.3663597186096 1.63906843145378 0 1.29409526987001 1.22464652918279 1.79929344845004 1.32878869841807 1.27912481222302 1.87439636932686 1.26954651088454 1.78750008088537 1.84991621412337 0.995682932436466 1.56028557149693 1.64822004642338 1.83579405583441 1.49494965304621 1.24503593775444 1.8025073944591 0.926615678239614 1.29941695858724
1.52585049159825 0.979722414631397 1.17372183431871 1.05176020297222 1.70115222362801 1.55485736532137 1.28635982330889 1.46309115970507 1.09417669172399 1.42575686587952 1.10504343989305 1.29409526987001 0 1.00216966448352 1.77674092375673 1.74256695015356 1.65083237295039 1.27555382857099 1.68244334729388 1.86915097385645 1.6433347153943 1.71123063168488 1.00979422731325 1.11710854340345 1.5035966001451 1.08016871497966 1.59665072406642 1.72587590361945 1.24022106756456 1.50787404528819
1.10931695532054 1.75076474272646 1.43528998550028 1.86852663336322 1.21231725229882 1.64405251527205 1.74085105373524 1.28257894166745 1.03878623293713 1.4979618168436 1.13724289182574 1.22464652918279 1.00216966448352 0 1.75944882584736 0.969450985081494 1.44404123281129 1.65439219074324 1.81241472484544 1.13732195924968 1.76440947293304 1.75983581528999 1.19269560812972 1.66121891140938 1.89152626413852 1.30974315130152 1.37580111972056 1.41845889622346 1.44473736803047 1.47537157963961
1.8036687890999 1.65050307521597 1.75654704798944 1.42799956980161 0.919748736079782 1.52216548239812 1.33905714866705 1.5012620575726 1.36736988881603 1.06959810410626 1.55859044427052 1.79929344845004 1.77674092375673 1.75944882584736 0 1.77832903945819 1.37704203044996 1.61632504803129 1.80391219863668 1.67402182635851 1.1422710288316 1.64756776858121 1.2527686743997 1.84696382959373 1.81869492121041 1.28815422137268 0.975669817533344 1.39282682724297 1.75287045002915 1.1344439885579
1.01555141108111 1.36736596445553 1.83872971381061 1.85623466735706 1.11902322503738 1.12028100457974 1.00182003132068 1.14434646791779 1.05951004871167 1.55186564894393 1.67324091447517 1.32878869841807 1.74256695015356 0.969450985081494 1.77832903945819 0 1.33872330305167 1.60556345921941 1.76882438734174 0.922088326187804 1.35224809497595 1.55530882184394 1.77651817025617 1.08271136996336 1.8441589102149 1.23315472970717 1.77283405303024 1.33703970653005 1.05999107565731 0.995697571430355
1.55559098883532 1.46617888379842 1.69436454889365 1.74326907051727 1.07784752431326 1.77738256100565 1.62112079700455 1.71944263298064 1.14309216639958 1.24217169499025 1.83270903117955 1.27912481222302 1.65083237295039 1.44404123281129 1.37704203044996 1.33872330305167 0 1.05880725057796 1.80668113729917 1.08478895551525 1.59316892502829 1.55870462674648 1.49249216704629 1.71173602505587 1.0952114877291 1.82695302553475 1.55620858026668 1.14028490777127 1.01262217387557 1.5196110678371
1.02753090299666 1.1787000913173 0.972818423761055 1.60740969795734 0.915213410044089 0.921196118928492 1.86221360391937 1.38039228250273 1.11967391869985 1.57795702409931 1.67903061513789 1.87439636932686 1.27555382857099 1.65439219074324 1.61632504803129 1.60556345921941 1.05880725057796 0 1.78520321240649 1.32340586395003 1.14988768938929 1.60953631182201 1.57955513661727 0.945856682956219 1.53978641610593 1.15784033737145 1.67499643214978 1.58859035628848 0.947780691087246 1.48784476332366
1.32557497825474 1.43715869728476 1.52173027792014 1.68503247550689 1.58721727831289 1.60666544293053 0.998207700205967 1.14188891951926 1.43991951551288 1.55381790455431 1.00722092762589 1.26954651088454 1.68244334729388 1.81241472484544 1.80391219863668 1.76882438734174 1.80668113729917 1.78520321240649 0 1.03722034953535 1.90274273883551 1.17718465160578 1.28244895720854 1.8536646575667 1.01365830050781 1.80921989004128 1.86813013954088 1.28649834101088 0.991069210926071 1.88880647462793
1.67618105420843 1.11941920383833 1.26259217527695 1.37026165775023 1.58573515061289 1.34447274496779 1.08921850612387 1.44240450672805 1.13923483411781 0.993261572439224 1.14163050684147 1.78750008088537 1.86915097385645 1.13732195924968 1.67402182635851 0.922088326187804 1.08478895551525 1.32340586395003 1.03722034953535 0 1.33863846422173 0.986513621872291 1.90004171268083 1.59378187800758 1.8450153155718 1.07824053987861 1.45388437760994 1.87699265568517 1.82883095275611 1.69944701320492
1.38456692243926 1.59639113466255 1.40824334532954 1.76658376911655 1.83041386585683 1.87214762391523 1.74343994935043 0.907635123934597 1.25724743097089 1.43762359605171 1.00018367031589 1.84991621412337 1.6433347153943 1.76440947293304 1.1422710288316 1.35224809497595 1.59316892502829 1.14988768938929 1.90274273883551 1.33863846422173 0 1.54916146048345 1.54422535072081 1.08742434089072 1.19092120369896 1.367029043613 1.0408601553645 1.11908882553689 1.38829011912458 1.20226842607372
1.02969008963555 1.22439641016535 1.46784248412587 1.32555812760256 1.44447457930073 1.14717987924814 1.89320811908692 1.40970966056921 1.16864131391048 1.61162551562302 1.71450601588003 0.995682932436466 1.71123063168488 1.75983581528999 1.64756776858121 1.55530882184394 1.55870462674648 1.60953631182201 1.17718465160578 0.986513621872291 1.54916146048345 0 1.84359510918148 1.16527503333054 0.935658034402877 1.43042340339161 1.38118452462368 1.06739505706355 1.46848959801719 1.69930174481124
1.47236080979928 1.64296491653658 1.51180579862557 1.08362638088875 1.36666186666116 1.72614629147574 1.85650514368899 1.27837846032344 1.5512222640682 1.19512959057465 1.21848930488341 1.56028557149693 1.00979422731325 1.19269560812972 1.2527686743997 1.77651817025617 1.49249216704629 1.57955513661727 1.28244895720854 1.90004171268083 1.54422535072081 1.84359510918148 0 1.01298775826581 1.14064093353227 1.84330375213176 1.33293413044885 0.982446168549359 1.27953056851402 0.988885852973908
1.05575398961082 1.59849763475358 1.25885646790266 1.69580193655565 1.72139530722052 1.02202007267624 1.40884735994041 1.08908152836375 1.41621191729791 1.59181783534586 1.45821756240912 1.64822004642338 1.11710854340345 1.66121891140938 1.84696382959373 1.08271136996336 1.71173602505587 0.945856682956219 1.8536646575667 1.59378187800758 1.08742434089072 1.16527503333054 1.01298775826581 0 1.14076694264077 1.72778155771084 1.41506415978074 1.62805222487077 1.8175151492469 1.11145963263698
1.01266584196128 1.40919196978211 1.37953382194974 1.80486351088621 1.350103758974 1.11383036873303 1.85237945220433 0.972472379682586 1.84629854699597 1.75614896533079 1.6820009353105 1.83579405583441 1.5035966001451 1.89152626413852 1.81869492121041 1.8441589102149 1.0952114877291 1.53978641610593 1.01365830050781 1.8450153155718 1.19092120369896 0.935658034402877 1.14064093353227 1.14076694264077 0 0.910704344045371 1.45259262924083 1.68642520485446 1.70326116983779 1.25086262123659
1.56113254115917 1.04544669366442 0.920998361194506 1.5602780431509 0.942021153867245 1.07587081589736 1.83563021942973 1.00629646354355 1.01586558111012 1.45041824760847 0.916990164667368 1.49494965304621 1.08016871497966 1.30974315130152 1.28815422137268 1.23315472970717 1.82695302553475 1.15784033737145 1.80921989004128 1.07824053987861 1.367029043613 1.43042340339161 1.84330375213176 1.72778155771084 0.910704344045371 0 1.12106013740413 1.15560711477883 1.69757962902077 1.15506405499764
1.29789727646858 0.98125895857811 1.68547297408804 0.91432300186716 1.3472407287918 1.21026504482143 0.973388339858502 0.973138780333102 0.928007129579782 1.74968437710777 1.84966758056544 1.24503593775444 1.59665072406642 1.37580111972056 0.975669817533344 1.77283405303024 1.55620858026668 1.67499643214978 1.86813013954088 1.45388437760994 1.0408601553645 1.38118452462368 1.33293413044885 1.41506415978074 1.45259262924083 1.12106013740413 0 1.18175298417918 1.73320382507518 1.65585561376065
1.57093261298724 1.12600122694857 1.71740413852967 1.73666111263447 1.87437101011164 1.52695488231257 1.00702799181454 1.41557657485828 1.5304248679895 1.30541970441118 1.63231682940386 1.8025073944591 1.72587590361945 1.41845889622346 1.39282682724297 1.33703970653005 1.14028490777127 1.58859035628848 1.28649834101088 1.87699265568517 1.11908882553689 1.06739505706355 0.982446168549359 1.62805222487077 1.68642520485446 1.15560711477883 1.18175298417918 0 1.71632519038394 1.76974019431509
1.34420573082753 1.84225687803701 1.62045006407425 1.09928172733635 1.804847153835 1.09911016491242 0.952777345199138 0.961930512683466 1.38660893822089 1.80600002408028 1.22041145176627 0.926615678239614 1.24022106756456 1.44473736803047 1.75287045002915 1.05999107565731 1.01262217387557 0.947780691087246 0.991069210926071 1.82883095275611 1.38829011912458 1.46848959801719 1.27953056851402 1.8175151492469 1.70326116983779 1.69757962902077 1.73320382507518 1.71632519038394 0 1.89136246405542
1.26406101230532 1.12871821830049 1.21653282945044 1.63609645236284 1.61181317246519 1.24456101935357 1.37615196011029 0.996443571290001 1.81564213288948 1.79997297632508 1.79655138682574 1.29941695858724 1.50787404528819 1.47537157963961 1.1344439885579 0.995697571430355 1.5196110678371 1.48784476332366 1.88880647462793 1.69944701320492 1.20226842607372 1.69930174481124 0.988885852973908 1.11145963263698 1.25086262123659 1.15506405499764 1.65585561376065 1.76974019431509 1.89136246405542 0
