0 1.05390548496507 1.06135826837271 1.02908443380147 1.27452211268246 1.64265312696807 1.26385865709744 1.07417698018253 1.91033294145018 1.65711170691065 1.21616162103601 1.40490827290341 1.16686520143412 1.73673725756817 1.89783347980119 1.34598312177695 1.64353853673674 1.56058344687335 1.0095280087553 1.42425223509781 1.45668232790194 1.63472021184862 1.0935227938462 1.48049816372804 1.40279824053869 1.35331501136534 1.59759172867052 1.41040807566606 1.73377534397878 1.93554205819964
1.05390548496507 0 1.61653377627954 1.127855040133 1.42147590918466 1.20224346779287 1.15769364475273 1.6654612456914 1.37737125344574 1.17690154467709 1.04219667497091 1.92313829413615 1.65270536043681 1.1965783550404 1.35494450153783 1.4525373741053 1.78943630796857 1.62221626588143 1.6479837174993 1.64297500997782 1.0673780948855 1.86453386698849 1.03540531126782 1.49180569499731 1.66327386233024 1.21720443479717 1.1841958113946 0.99602578044869 1.76255340315402 1.87331184162758
1.06135826837271 1.61653377627954 0 1.68314897152595 1.44699897174723 1.65387373883277 1.33285356103443 0.999190664384514 1.65664394642226 1.38188329478726 1.3050469213631 1.43605103273876 1.55010480852798 1.85592193412594 1.15001697721891 1.10415078164078 1.21053165546618 1.51489921635948 1.6264646765776 1.39618765912019 0.982195919845253 1.41907222755253 1.80740027106367 1.73188150627539 1.62575122015551 1.51013667485677 1.16304503660649 1.03994929348119 1.60584053630009 1.89594764914364
1.02908443380147 1.127855040133 1.68314897152595 0 1.57748549431562 1.18563174735755 1.81115251407027 1.87565152300522 1.51959648868069 1.62740536639467 1.37286796141416 0.985416787909344 1.02412812155671 1.0937605604995 1.14292372204363 1.46243951283395 1.29056431213394 1.5305138323456 1.83410866651684 1.75882047717459 1.00021126098 1.02720068767667 0.94757503294386 1.28105065436102 1.2601101086475 1.78362994175404 1.60300421016291 1.5038100508973 1.68988444423303 1.13295851647854
1.27452211268246 1.42147590918466 1.44699897174723 1.57748549431562 0 1.74614806380123 1.69464701390825 1.59955611638725 1.72654118947685 1.68562457500957 1.13280957890674 1.25749088381417 1.13238751096651 1.41464079963043 1.07310048374347 1.72078298428096 1.2600083576981 0.990021861623973 1.67265183455311 1.42776823160239 1.45254739699885 1.27485296246596 1.92224718024954 1.48015872109681 1.26710668648593 1.63287300569937 1.07296900777146 1.13902911590412 1.55955810472369 1.04643234144896
1.64265312696807 1.20224346779287 1.65387373883277 1.18563174735755 1.74614806380123 0 1.72498735110275 1.22043083049357 1.23650109372102 1.13986718235537 1.29358392278664 0.985916420351714 1.59312662854791 0.956955627072603 1.94694110285491 1.52063401625492 1.84852676140144 1.01687141577713 1.76982256770134 1.64973850897513 1.04662309656851 1.85369624383748 1.45550908148289 1.07714821421541 1.56146268756129 1.5263759419322 1.10494736791588 0.974641806213185 1.79258931288496 1.69644832378253
1.26385865709744 1.15769364475273 1.33285356103443 1.81115251407027 1.69464701390825 1.72498735110275 0 1.54223256488331 1.53885551006533 1.20476778573357 0.98342250706628 1.16577199404128 1.88907112344168 1.29484897037037 1.94557424844243 1.56212040921673 1.3688744995743 1.33591896481812 1.54587403475307 1.61664235848002 1.18016900168732 1.3130212132819 1.66873040050268 1.53405490657315 1.93729652115144 1.46696598501876 1.57664611563087 1.05837799562141 1.75182812195271 1.38804584601894
1.07417698018253 1.6654612456914 0.999190664384514 1.87565152300522 1.59955611638725 1.22043083049357 1.54223256488331 0 1.91395390802063 1.04052412812598 1.09487647656351 1.6862017470412 1.4996089511551 1.6312961098738 1.41820736019872 1.18224191176705 1.64291330892593 1.27404070785269 1.20963351661339 1.62113648001105 1.49384272121824 1.34225196694024 1.50859093270265 1.88609179086052 1.67448225338012 1.23196871089749 1.89443403063342 1.61168514168821 1.14954463369213 1.30622424045578
1.91033294145018 1.37737125344574 1.65664394642226 1.51959648868069 1.72654118947685 1.23650109372102 1.53885551006533 1.91395390802063 0 1.43254685541615 1.08319686097093 1.64161784551106 1.9171565847937 1.87269765860401 1.43197147292085 1.50024024047889 1.68099531531334 1.53796968027018 0.973229131661355 0.994366793194786 1.81893449113704 1.6589877686929 1.73129422450438 0.97319860663265 1.16691473708488 1.1754856237676 1.00117900245823 1.33558311313391 1.78808913659304 1.50359502620995
1.65711170691065 1.17690154467709 1.38188329478726 1.62740536639467 1.68562457500957 1.13986718235537 1.20476778573357 1.04052412812598 1.43254685541615 0 1.31750795128755 0.963946653530002 1.32327032415196 1.82087674620561 1.83577227592468 1.88619849411771 1.93498713872395 1.46367651247419 0.962984137702733 1.533495554002 1.542514127912 1.27814382268116 1.0121537160594 1.62414981401525 1.20489982329309 1.3920621459838 1.21932010841556 1.67694099876098 1.2571125314571 1.86095660389401
1.21616162103601 1.04219667497091 1.3050469213631 1.37286796141416 1.13280957890674 1.29358392278664 0.98342250706628 1.09487647656351 1.08319686097093 1.31750795128755 0 1.65167502895929 1.65009932266548 1.07209462323226 1.39957464486361 1.68601817800663 1.20487431134097 1.25120630580932 1.31314184749499 1.49611649732105 1.24170143762603 0.97105387900956 1.65749872126617 1.73005194566213 1.66558966622688 1.45409213542007 1.0184595878236 1.79003853653558 1.78732069046237 1.2623427559156
1.40490827290341 1.92313829413615 1.43605103273876 0.985416787909344 1.25749088381417 0.985916420351714 1.16577199404128 1.6862017470412 1.64161784551106 0.963946653530002 1.65167502895929 0 1.14464139961638 1.23533238796517 1.61408201511949 1.59294502064586 1.52377218636684 1.77255700295791 1.90852769394405 1.02550690248609 1.09905153838918 1.50672417273745 1.15002352767624 1.66681113792583 1.63346824445762 1.59054562263191 1.20641361502931 1.47794888284989 1.79315601708367 1.13267897558399
1.16686520143412 1.65270536043681 1.55010480852798 1.02412812155671 1.13238751096651 1.59312662854791 1.88907112344168 1.4996089511551 1.9171565847937 1.32327032415196 1.65009932266548 1.14464139961638 0 1.586515721865 1.66648577316664 1.66674441494979 1.41800772515126 1.43122456665151 0.997575273038819 1.18720988137648 1.18415513145737 1.55255001597106 1.93345097429119 1.11150796385482 1.75800440693274 0.958978507900611 1.50016488134861 1.37206549244002 1.59890952357091 1.59841319150291
1.73673725756817 1.1965783550404 1.85592193412594 1.0937605604995 1.41464079963043 0.956955627072603 1.29484897037037 1.6312961098738 1.87269765860401 1.82087674620561 1.07209462323226 1.23533238796517 1.586515721865 0 0.994012648938224 1.05365599505603 1.30338717135601 1.61901511321776 1.80364401615225 1.84559693490155 1.71011733659543 1.26181241567247 0.99657881888561 1.3329620687291 1.58002533670515 1.37509846384637 1.54846100951545 1.90344461565837 0.955332178622484 1.82948188763112
1.89783347980119 1.35494450153783 1.15001697721891 1.14292372204363 1.07310048374347 1.94694110285491 1.94557424844243 1.41820736019872 1.43197147292085 1.83577227592468 1.39957464486361 1.61408201511949 1.66648577316664 0.994012648938224 0 1.11118087777868 1.47600147058256 1.90471588959917 1.74010011344217 1.20036325813271 1.65642692847177 1.88485423848033 1.59894323302433 1.45285461493768 1.82481890195049 1.20598367345519 1.16263581509702 1.60918695805594 1.08553815050982 1.82384828524664
1.34598312177695 1.4525373741053 1.10415078164078 1.46243951283395 1.72078298428096 1.52063401625492 1.56212040921673 1.18224191176705 1.50024024047889 1.88619849411771 1.68601817800663 1.59294502064586 1.66674441494979 1.05365599505603 1.11118087777868 0 1.88083202391863 1.26053462177515 1.4962070826441 1.55616852780804 1.08251196332276 1.68860299373046 1.81526147155091 1.18958167824894 1.62994257034734 1.41568913357332 1.88015499804169 1.2560825960245 1.032902082894 1.0356745000463
1.64353853673674 1.78943630796857 1.21053165546618 1.29056431213394 1.2600083576981 1.84852676140144 1.3688744995743 1.64291330892593 1.68099531531334 1.93498713872395 1.20487431134097 1.52377218636684 1.41800772515126 1.30338717135601 1.47600147058256 1.88083202391863 0 1.19462942820974 1.92591404938139 1.89919658657163 1.30041432753205 1.47655979217961 0.983402809128165 1.86991711915471 1.68474072217941 1.43207315611653 0.9695880045183 1.18921325285919 1.7355952821672 1.81386007042602
1.56058344687335 1.62221626588143 1.51489921635948 1.5305138323456 0.990021861623973 1.01687141577713 1.33591896481812 1.27404070785269 1.53796968027018 1.46367651247419 1.25120630580932 1.77255700295791 1.43122456665151 1.61901511321776 1.90471588959917 1.26053462177515 1.19462942820974 0 1.82580193388276 1.21053755539469 1.01214318792336 1.04015993396752 1.92973429779522 1.73609748273157 1.78029433521442 1.67401532968506 1.291334210895 1.90368309430778 1.29159269691445 1.0729248651769
1.0095280087553 1.6479837174993 1.6264646765776 1.83410866651684 1.67265183455311 1.76982256770134 1.54587403475307 1.20963351661339 0.973229131661355 0.962984137702733 1.31314184749499 1.90852769394405 0.997575273038819 1.80364401615225 1.74010011344217 1.4962070826441 1.92591404938139 1.82580193388276 0 1.12381104449742 1.03649906814098 1.86573045817204 1.54004517174326 1.28320771805011 1.94367682258599 1.92425413732417 1.09458259819075 0.961158029036596 1.09610704402439 1.33980369172059
1.42425223509781 1.64297500997782 1.39618765912019 1.75882047717459 1.42776823160239 1.64973850897513 1.61664235848002 1.62113648001105 0.994366793194786 1.533495554002 1.49611649732105 1.02550690248609 1.18720988137648 1.84559693490155 1.20036325813271 1.55616852780804 1.89919658657163 1.21053755539469 1.12381104449742 0 1.03285926836543 0.992407663725317 1.41024056077003 1.82301380764693 1.42181009147316 1.40986770158634 1.27575133391656 1.26005368889309 1.71076796599664 1.3812271784991
1.45668232790194 1.0673780948855 0.982195919845253 1.00021126098 1.45254739699885 1.04662309656851 1.18016900168732 1.49384272121824 1.81893449113704 1.542514127912 1.24170143762603 1.09905153838918 1.18415513145737 1.71011733659543 1.65642692847177 1.08251196332276 1.30041432753205 1.01214318792336 1.03649906814098 1.03285926836543 0 1.78568623261526 0.958841528976336 1.15483618830331 1.11359269660898 1.51094287354499 0.968336201272905 1.9329075734131 1.82872859854251 1.29213788500056
1.63472021184862 1.86453386698849 1.41907222755253 1.02720068767667 1.27485296246596 1.85369624383748 1.3130212132819 1.34225196694024 1.6589877686929 1.27814382268116 0.97105387900956 1.50672417273745 1.55255001597106 1.26181241567247 1.88485423848033 1.68860299373046 1.47655979217961 1.04015993396752 1.86573045817204 0.992407663725317 1.78568623261526 0 1.88745665852912 1.61623910767958 1.50262400880456 1.61843696073629 1.85681998590007 1.45126677653752 1.9391215511132 1.82217236724682
1.0935227938462 1.03540531126782 1.80740027106367 0.94757503294386 1.92224718024954 1.45550908148289 1.66873040050268 1.50859093270265 1.73129422450438 1.0121537160594 1.65749872126617 1.15002352767624 1.93345097429119 0.99657881888561 1.59894323302433 1.81526147155091 0.983402809128165 1.92973429779522 1.54004517174326 1.41024056077003 0.958841528976336 1.88745665852912 0 1.64934975910001 1.01442272099666 1.05588525906205 1.54007093794644 1.39106411905959 1.26089876005426 1.39329553721473
1.48049816372804 1.49180569499731 1.73188150627539 1.28105065436102 1.48015872109681 1.07714821421541 1.53405490657315 1.88609179086052 0.97319860663265 1.62414981401525 1.73005194566213 1.66681113792583 1.11150796385482 1.3329620687291 1.45285461493768 1.18958167824894 1.86991711915471 1.73609748273157 1.28320771805011 1.82301380764693 1.15483618830331 1.61623910767958 1.64934975910001 0 1.0561797642149 1.66383517323993 1.57324346504174 1.21176666812971 1.37264735926874 0.958423106232658
1.40279824053869 1.66327386233024 1.62575122015551 1.2601101086475 1.26710668648593 1.56146268756129 1.93729652115144 1.67448225338012 1.16691473708488 1.20489982329309 1.66558966622688 1.63346824445762 1.75800440693274 1.58002533670515 1.82481890195049 1.62994257034734 1.68474072217941 1.78029433521442 1.94367682258599 1.42181009147316 1.11359269660898 1.50262400880456 1.01442272099666 1.0561797642149 0 1.29248317098245 1.71998195885681 1.05880098138005 1.13198891095817 1.00901123671792
1.35331501136534 1.21720443479717 1.51013667485677 1.78362994175404 1.63287300569937 1.5263759419322 1.46696598501876 1.23196871089749 1.1754856237676 1.3920621459838 1.45409213542007 1.59054562263191 0.958978507900611 1.37509846384637 1.20598367345519 1.41568913357332 1.43207315611653 1.67401532968506 1.92425413732417 1.40986770158634 1.51094287354499 1.61843696073629 1.05588525906205 1.66383517323993 1.29248317098245 0 1.62296126969159 1.08887653332204 1.19590668706223 1.32311570481397
1.59759172867052 1.1841958113946 1.16304503660649 1.60300421016291 1.07296900777146 1.10494736791588 1.57664611563087 1.89443403063342 1.00117900245823 1.21932010841556 1.0184595878236 1.20641361502931 1.50016488134861 1.54846100951545 1.16263581509702 1.88015499804169 0.9695880045183 1.291334210895 1.09458259819075 1.27575133391656 0.968336201272905 1.85681998590007 1.54007093794644 1.57324346504174 1.71998195885681 1.62296126969159 0 0.969108626246452 1.88637700607069 1.01045320578851
1.41040807566606 0.99602578044869 1.03994929348119 1.5038100508973 1.13902911590412 0.974641806213185 1.05837799562141 1.61168514168821 1.33558311313391 1.67694099876098 1.79003853653558 1.47794888284989 1.37206549244002 1.90344461565837 1.60918695805594 1.2560825960245 1.18921325285919 1.90368309430778 0.961158029036596 1.26005368889309 1.9329075734131 1.45126677653752 1.39106411905959 1.21176666812971 1.05880098138005 1.08887653332204 0.969108626246452 0 0.948112437035888 1.50631370930932
1.73377534397878 1.76255340315402 1.60584053630009 1.68988444423303 1.55955810472369 1.79258931288496 1.75182812195271 1.14954463369213 1.78808913659304 1.2571125314571 1.78732069046237 1.79315601708367 1.59890952357091 0.955332178622484 1.08553815050982 1.032902082894 1.7355952821672 1.29159269691445 1.09610704402439 1.71076796599664 1.82872859854251 1.9391215511132 1.26089876005426 1.37264735926874 1.13198891095817 1.19590668706223 1.88637700607069 0.948112437035888 0 1.51551354886033
1.93554205819964 1.87331184162758 1.89594764914364 1.13295851647854 1.04643234144896 1.69644832378253 1.38804584601894 1.30622424045578 1.50359502620995 1.86095660389401 1.2623427559156 1.13267897558399 1.59841319150291 1.82948188763112 1.82384828524664 1.0356745000463 1.81386007042602 1.0729248651769 1.33980369172059 1.3812271784991 1.29213788500056 1.82217236724682 1.39329553721473 0.958423106232658 1.00901123671792 1.32311570481397 1.01045320578851 1.50631370930932 1.51551354886033 0
