0 1.13693964271806 1.49865922424942 1.86592535604723 1.7483407871332 1.16873615048826 1.14186142734252 1.26477726944722 1.07359875529073 1.65916997054592 1.84596410626546 1.16035064030439 1.4913287460804 1.19763391395099 1.63570225983858 1.48536527086981 1.84186154790223 1.14440025994554 1.02554930234328 1.05658120242879 1.30906891892664 1.75776697811671 1.7111827111803 1.21626077196561 1.01219602976926 1.03562620468438 1.81292332336307 1.39147215546109 1.1072212762665 1.63200625800528
1.13693964271806 0 1.77381225349382 1.76548384106718 1.90189299220219 1.31134476908483 1.70037404354662 0.969462861772627 1.50572521425784 1.77818031678908 0.9365617595613 1.14478689897805 1.12023815023713 1.85161768924445 1.41669734870084 1.00177976302803 1.2496584826149 1.67840127204545 1.85493478504941 1.02698996756226 1.39269163762219 1.00473372638226 1.75712252408266 1.28028268902563 1.07053619064391 1.0785856905859 1.25162425707094 1.00150390504859 1.64766593673266 1.48887055297382
1.49865922424942 1.77381225349382 0 0.998334228992462 1.30953057436273 1.64784199977294 1.12779889605008 1.81396884238347 1.69760365877301 1.48747316631489 1.23508979799226 1.41052329260856 1.81429315800779 1.45444850390777 1.07386101409793 1.83045499608852 1.74245362845249 1.43583305226639 1.65979425841942 1.49395344383083 1.29891498596407 1.41424604924396 1.10421142401174 1.64779613888822 1.80049093160778 0.993502263911068 0.971447502728552 1.06226584874094 1.77963195857592 0.969609214691445
1.86592535604723 1.76548384106718 0.998334228992462 0 1.45132445613854 1.42248865379952 1.08058399823494 1.01104631880298 0.932700076373294 1.17047543381341 0.945335240336135 1.86966797197238 1.45703634992242 1.41017916682176 0.965567808365449 1.23585319751874 1.07906994409859 1.0787714405451 1.79388857749291 1.52636850625277 1.0374259960372 1.09340444486588 1.50349980848841 1.85750400135294 1.57267525233328 1.56737464270554 1.86779066943564 1.5612156803254 1.58336199726909 1.33282878226601
1.7483407871332 1.90189299220219 1.30953057436273 1.45132445613854 0 1.50849773734808 1.92152057983913 1.84558386146091 1.5943535217084 1.05098243057728 1.18677670857869 1.65265158959664 1.38302396703511 1.2220418038778 1.77286082901992 1.29991885367781 1.63901702268049 1.90925334906206 1.48589261621237 1.03246167628095 1.13550288346596 1.35016782791354 1.19026892469265 1.87996072508395 1.32163528329693 1.5853965410497 1.64058660739101 1.4278318064753 1.38736483734101 1.2046778681688
1.16873615048826 1.31134476908483 1.64784199977294 1.42248865379952 1.50849773734808 0 1.24562473408878 1.81623904849403 1.6459798431024 1.09676738246344 1.65025778627023 1.34541007457301 1.90097852097824 0.936391879571602 1.92345624323934 1.80337884626351 1.16924739140086 1.58766752341762 1.77383670257404 0.942203658632934 1.33730430761352 1.74372153147124 1.29328016517684 1.89811740908772 1.73654202441685 1.83623084775172 1.56511008786038 1.86635749461129 1.19468726869673 1.93079644604586
1.14186142734252 1.70037404354662 1.12779889605008 1.08058399823494 1.92152057983913 1.24562473408878 0 1.20144200907089 1.30921893916093 1.3205962528009 1.43283826997504 1.56074101943523 1.52013086131774 1.82429991476238 1.41987814870663 1.8316436514724 1.09697619755752 1.41108560771681 1.91769308946095 1.78054807102308 1.76379154785536 1.04959490080364 1.42115364572965 1.02316294936463 1.61004622769542 1.92772689484991 1.0545840729028 1.88497878494672 1.14779478660785 1.56004216033034
1.26477726944722 0.969462861772627 1.81396884238347 1.01104631880298 1.84558386146091 1.81623904849403 1.20144200907089 0 1.60340591031127 1.24671973939985 1.04627659637481 1.32517241244204 1.44094393402338 1.40867243590765 1.82361514074728 1.07385230297223 0.933166556758806 1.32082322379574 1.23519172891974 1.32698060502298 1.87653210596181 1.68198502901942 0.977309646783397 1.57165264594369 1.62114764028229 1.51088737184182 1.5488356614951 0.944455688353628 1.91150334989652 1.07243112497963
1.07359875529073 1.50572521425784 1.69760365877301 0.932700076373294 1.5943535217084 1.6459798431024 1.30921893916093 1.60340591031127 0 1.73557778121904 1.46179291093722 1.68901991751045 1.80547204008326 1.54911570437253 0.999649361008778 1.12680042674765 0.960648889653385 1.69134345720522 1.9045149423182 1.19013176532462 0.989286833908409 1.56132518616505 1.10894406400621 1.73977477895096 1.92494753375649 1.12770974216983 1.28735085972585 1.03711085440591 1.91979162907228 1.6647620939184
1.65916997054592 1.77818031678908 1.48747316631489 1.17047543381341 1.05098243057728 1.09676738246344 1.3205962528009 1.24671973939985 1.73557778121904 0 1.44641977106221 1.48726204829291 1.05650393967517 1.36232223547995 1.16587732220069 0.999217139324173 1.5691459022928 1.29211329505779 1.09016011166386 1.83820606372319 1.91792243532836 1.01448235847056 1.11116462317295 1.57861295971088 1.77054219855927 1.20851159212179 1.31199462129734 1.10214684903622 1.27455357764848 1.33346702274866
1.84596410626546 0.9365617595613 1.23508979799226 0.945335240336135 1.18677670857869 1.65025778627023 1.43283826997504 1.04627659637481 1.46179291093722 1.44641977106221 0 1.90393863036297 1.10239334451035 1.768735102145 1.63512211944908 0.984003245597705 0.945007579633966 1.92524293321185 1.25064386846498 1.40899968310259 1.85399077553302 1.9206445615273 1.14018131420016 0.976971370633692 1.45090859942138 1.62966467463411 1.16566740046255 0.937600975856185 1.3435400086455 1.5427367023658
1.16035064030439 1.14478689897805 1.41052329260856 1.86966797197238 1.65265158959664 1.34541007457301 1.56074101943523 1.32517241244204 1.68901991751045 1.48726204829291 1.90393863036297 0 1.52247955207713 0.94438034389168 1.30664251185954 1.71178071550094 0.958931050729007 1.08659575367346 1.29990265681408 1.51871052058414 1.22628688183613 1.76091041252948 1.32532387925312 0.942649918608367 1.83014671644196 1.33723705937155 1.20201386790723 1.68873003311455 1.31169847259298 1.00407946226187
1.4913287460804 1.12023815023713 1.81429315800779 1.45703634992242 1.38302396703511 1.90097852097824 1.52013086131774 1.44094393402338 1.80547204008326 1.05650393967517 1.10239334451035 1.52247955207713 0 1.22049851273187 1.2387558342889 1.48307993612252 1.16163314203732 1.4108458228875 1.38823987939395 1.02392748673446 1.2835861002095 1.28674609796144 1.6330337356776 1.11876684729941 1.65532717178576 1.32782184728421 1.90714108617976 1.32633328950033 1.90709389885888 1.10071737202816
1.19763391395099 1.85161768924445 1.45444850390777 1.41017916682176 1.2220418038778 0.936391879571602 1.82429991476238 1.40867243590765 1.54911570437253 1.36232223547995 1.768735102145 0.94438034389168 1.22049851273187 0 1.49501254921779 1.02188795339316 1.44340437441133 1.84501254488714 1.84169057197869 1.18877358431928 1.89695584494621 1.33632030477747 1.07873459090479 1.62108601699583 1.38216982409358 1.37746952055022 1.84711949015036 1.75084628467448 1.39415230532177 1.30915732681751
1.63570225983858 1.41669734870084 1.07386101409793 0.965567808365449 1.77286082901992 1.92345624323934 1.41987814870663 1.82361514074728 0.999649361008778 1.16587732220069 1.63512211944908 1.30664251185954 1.2387558342889 1.49501254921779 0 1.88318109326065 1.08583590085618 1.69409044994973 1.84901488455944 1.03526596399024 1.26974142785184 1.84950666548684 1.67999873356894 0.97862569289282 1.54901661188342 1.68521915259771 1.33222217229195 1.90653207665309 1.30274933716282 1.49667479400523
1.48536527086981 1.00177976302803 1.83045499608852 1.23585319751874 1.29991885367781 1.80337884626351 1.8316436514724 1.07385230297223 1.12680042674765 0.999217139324173 0.984003245597705 1.71178071550094 1.48307993612252 1.02188795339316 1.88318109326065 0 1.13222475419752 1.19889940461144 1.77203650190495 1.27232399303466 1.88385476707481 1.01824868516997 1.04362004715949 1.50780352531001 1.52125350129791 1.67476366553456 1.60259840311483 1.15289475256577 1.35351386130787 1.31206507142633
1.84186154790223 1.2496584826149 1.74245362845249 1.07906994409859 1.63901702268049 1.16924739140086 1.09697619755752 0.933166556758806 0.960648889653385 1.5691459022928 0.945007579633966 0.958931050729007 1.16163314203732 1.44340437441133 1.08583590085618 1.13222475419752 0 1.31946199340746 0.951999496435747 1.60547670326196 1.80212681996636 1.24726369883865 1.71362106944434 1.28425636840984 1.80316828866489 1.62704411381856 1.41963837295771 1.17610276909545 1.75848828349262 1.1133963118773
1.14440025994554 1.67840127204545 1.43583305226639 1.0787714405451 1.90925334906206 1.58766752341762 1.41108560771681 1.32082322379574 1.69134345720522 1.29211329505779 1.92524293321185 1.08659575367346 1.4108458228875 1.84501254488714 1.69409044994973 1.19889940461144 1.31946199340746 0 1.65559572004713 1.24450474162586 0.990999047877267 1.63460455252789 1.72939946386032 1.28513192292303 1.29446330550127 1.87911682459526 1.364854111569 1.63752647838555 1.81208391278051 1.33255452336743
1.02554930234328 1.85493478504941 1.65979425841942 1.79388857749291 1.48589261621237 1.77383670257404 1.91769308946095 1.23519172891974 1.9045149423182 1.09016011166386 1.25064386846498 1.29990265681408 1.38823987939395 1.84169057197869 1.84901488455944 1.77203650190495 0.951999496435747 1.65559572004713 0 0.99678814643994 1.6572707563173 1.70549315633252 1.76366672827862 0.995422891806811 1.74012592993677 1.55704090883955 1.84393956558779 1.27448287955485 1.05870833829977 1.87014674139209
1.05658120242879 1.02698996756226 1.49395344383083 1.52636850625277 1.03246167628095 0.942203658632934 1.78054807102308 1.32698060502298 1.19013176532462 1.83820606372319 1.40899968310259 1.51871052058414 1.02392748673446 1.18877358431928 1.03526596399024 1.27232399303466 1.60547670326196 1.24450474162586 0.99678814643994 0 1.89496159576811 1.5514140308369 1.85936000314541 0.988737931009382 1.29361979546957 1.2945964182727 1.88634156621993 1.56564461463131 1.26367761637084 1.86984011763707
1.30906891892664 1.39269163762219 1.29891498596407 1.0374259960372 1.13550288346596 1.33730430761352 1.76379154785536 1.87653210596181 0.989286833908409 1.91792243532836 1.85399077553302 1.22628688183613 1.2835861002095 1.89695584494621 1.26974142785184 1.88385476707481 1.80212681996636 0.990999047877267 1.6572707563173 1.89496159576811 0 1.90311775216833 1.59086968330666 1.57707999576814 1.19774227798916 1.48735765344463 1.508784561418 1.0261056101881 1.55771557847038 1.57289922377095
1.75776697811671 1.00473372638226 1.41424604924396 1.09340444486588 1.35016782791354 1.74372153147124 1.04959490080364 1.68198502901942 1.56132518616505 1.01448235847056 1.9206445615273 1.76091041252948 1.28674609796144 1.33632030477747 1.84950666548684 1.01824868516997 1.24726369883865 1.63460455252789 1.70549315633252 1.5514140308369 1.90311775216833 0 1.71702688606456 1.85437871189788 1.9246110888198 1.62987589626573 1.11380447400734 1.58288100734353 1.17600251338445 1.64523508446291
1.7111827111803 1.75712252408266 1.10421142401174 1.50349980848841 1.19026892469265 1.29328016517684 1.42115364572965 0.977309646783397 1.10894406400621 1.11116462317295 1.14018131420016 1.32532387925312 1.6330337356776 1.07873459090479 1.67999873356894 1.04362004715949 1.71362106944434 1.72939946386032 1.76366672827862 1.85936000314541 1.59086968330666 1.71702688606456 0 1.39106347342022 1.07713123201393 1.32230660947971 1.05863213003613 1.91585814370774 1.72582913911901 1.50999484746717
1.21626077196561 1.28028268902563 1.64779613888822 1.85750400135294 1.87996072508395 1.89811740908772 1.02316294936463 1.57165264594369 1.73977477895096 1.57861295971088 0.976971370633692 0.942649918608367 1.11876684729941 1.62108601699583 0.97862569289282 1.50780352531001 1.28425636840984 1.28513192292303 0.995422891806811 0.988737931009382 1.57707999576814 1.85437871189788 1.39106347342022 0 1.51586728426628 1.22562272613868 1.75818933290429 1.27272955630906 1.74585822713561 1.67938258568756
1.01219602976926 1.07053619064391 1.80049093160778 1.57267525233328 1.32163528329693 1.73654202441685 1.61004622769542 1.62114764028229 1.92494753375649 1.77054219855927 1.45090859942138 1.83014671644196 1.65532717178576 1.38216982409358 1.54901661188342 1.52125350129791 1.80316828866489 1.29446330550127 1.74012592993677 1.29361979546957 1.19774227798916 1.9246110888198 1.07713123201393 1.51586728426628 0 1.13804087531753 1.43890775390901 1.15683435113169 1.16600296087563 1.10299661103636
1.03562620468438 1.0785856905859 0.993502263911068 1.56737464270554 1.5853965410497 1.83623084775172 1.92772689484991 1.51088737184182 1.12770974216983 1.20851159212179 1.62966467463411 1.33723705937155 1.32782184728421 1.37746952055022 1.68521915259771 1.67476366553456 1.62704411381856 1.87911682459526 1.55704090883955 1.2945964182727 1.48735765344463 1.62987589626573 1.32230660947971 1.22562272613868 1.13804087531753 0 1.91668620449491 1.65134482854046 1.24654636206105 1.624168346636
1.81292332336307 1.25162425707094 0.971447502728552 1.86779066943564 1.64058660739101 1.56511008786038 1.0545840729028 1.5488356614951 1.28735085972585 1.31199462129734 1.16566740046255 1.20201386790723 1.90714108617976 1.84711949015036 1.33222217229195 1.60259840311483 1.41963837295771 1.364854111569 1.84393956558779 1.88634156621993 1.508784561418 1.11380447400734 1.05863213003613 1.75818933290429 1.43890775390901 1.91668620449491 0 1.36870548338629 0.971481623593718 1.29175854311325
1.39147215546109 1.00150390504859 1.06226584874094 1.5612156803254 1.4278318064753 1.86635749461129 1.88497878494672 0.944455688353628 1.03711085440591 1.10214684903622 0.937600975856185 1.68873003311455 1.32633328950033 1.75084628467448 1.90653207665309 1.15289475256577 1.17610276909545 1.63752647838555 1.27448287955485 1.56564461463131 1.0261056101881 1.58288100734353 1.91585814370774 1.27272955630906 1.15683435113169 1.65134482854046 1.36870548338629 0 1.43333263974637 1.91378704458475
1.1072212762665 1.64766593673266 1.77963195857592 1.58336199726909 1.38736483734101 1.19468726869673 1.14779478660785 1.91150334989652 1.91979162907228 1.27455357764848 1.3435400086455 1.31169847259298 1.90709389885888 1.39415230532177 1.30274933716282 1.35351386130787 1.75848828349262 1.81208391278051 1.05870833829977 1.26367761637084 1.55771557847038 1.17600251338445 1.72582913911901 1.74585822713561 1.16600296087563 1.24654636206105 0.971481623593718 1.43333263974637 0 1.33204931323417
1.63200625800528 1.48887055297382 0.969609214691445 1.33282878226601 1.2046778681688 1.93079644604586 1.56004216033034 1.07243112497963 1.6647620939184 1.33346702274866 1.5427367023658 1.00407946226187 1.10071737202816 1.30915732681751 1.49667479400523 1.31206507142633 1.1133963118773 1.33255452336743 1.87014674139209 1.86984011763707 1.57289922377095 1.64523508446291 1.50999484746717 1.67938258568756 1.10299661103636 1.624168346636 1.29175854311325 1.91378704458475 1.33204931323417 0
