0 1.87015634286217 1.60395669401623 1.00120884156786 1.90625288360752 1.79823825950734 1.58327978709713 1.11076752678491 1.22404587431811 1.50285235000774 1.26111318403855 1.38294942700304 1.41676985565573 1.71490398934111 1.42991911014542 1.06842558830976 1.10483319824561 1.92411849042401 1.89668106171302 1.05509905563667 1.23604794940911 1.5513347319793 1.75812412844971 1.14628548384644 1.80691652442329 1.14170576818287 1.60421352786943 1.46456848271191 1.87227310962044 1.01429612282664
1.87015634286217 0 0.98623832478188 1.41082397755235 1.69755440508015 1.5597120905295 1.28886405518278 1.13399471179582 0.959394070785493 1.79696515342221 1.44221709598787 0.96382140670903 1.11794360983185 1.32226736261509 1.31196027691476 1.13253634492867 0.978701361455023 1.07412601006217 1.83254426927306 1.72465428616852 1.62158180982806 1.08061353582889 1.02148222038522 1.02526580845006 1.60200860304758 1.68725107470527 1.43245672457851 1.21743389312178 0.943927959538996 1.18977581919171
1.60395669401623 0.98623832478188 0 1.83364715799689 1.41290576918982 0.993205142207444 1.57629079557955 1.90413015754893 1.38840472907759 1.75732766301371 1.4281305570621 1.76091066701338 1.08073654072359 1.12601165170781 1.74275667080656 1.43371476233006 1.38171404739842 1.72693368978798 0.96272188401781 1.14237718819641 1.48751601949334 1.42920491006225 1.89614946767688 1.73968934128061 1.42439739312977 1.90987062850036 1.05865978030488 1.2846494782716 1.16123855346814 1.5490751422476
1.00120884156786 1.41082397755235 1.83364715799689 0 1.53816181933507 1.17827522568405 1.83409933163784 1.73503909166902 1.57462719362229 1.43726759194396 1.50677174585871 1.01764100673608 1.83858540211804 1.38737641624175 1.52521501365118 1.21523295459338 1.79321056976914 1.2526528800372 1.82485840981826 1.8189530139789 0.996215537423268 1.61637713038363 1.42523756227456 1.10482249013148 0.957088462775573 1.38260066858493 1.08103153761476 1.44874430121854 1.09769533458166 1.54104510159232
1.90625288360752 1.69755440508015 1.41290576918982 1.53816181933507 0 1.56512004416436 1.4569776467979 1.29930755519308 1.21337100397795 0.982975545804948 1.49141168035567 1.41625436092727 1.50350582320243 1.68487707758322 1.65913211228326 1.92036319547333 0.980146452784538 1.29609460895881 1.02484911144711 1.34427381260321 1.30985067458823 1.17377289826982 1.52733219717629 1.64321165648289 1.57232854724862 1.26354619371705 1.79863445460796 1.1043270828668 1.76129154022783 1.13352174614556
1.79823825950734 1.5597120905295 0.993205142207444 1.17827522568405 1.56512004416436 0 1.20386672229506 1.54797100042924 1.70319191995077 1.04854829283431 1.32722456613556 1.21913676150143 1.8070871187374 1.20236396812834 1.12090493482538 1.39140601735562 1.62165716849267 0.979222292546183 1.57322944886982 0.965287995990366 1.02857808768749 1.38712690537795 1.17342440597713 1.85731647559442 1.1727144990582 1.89122948632576 1.33683812059462 1.80833467585035 1.59081726078875 1.69275396689773
1.58327978709713 1.28886405518278 1.57629079557955 1.83409933163784 1.4569776467979 1.20386672229506 0 1.452606247738 1.4830681446474 1.77912248321809 1.43469974887557 1.42420697840862 1.43054864369333 1.27081872243434 1.89409484504722 1.66764682997018 1.41827115183696 1.54188264789991 1.36800073110498 1.08142149401829 1.49599764728919 0.963323525385931 1.57825244450942 1.06220624945126 1.73470145883039 0.935508077032864 1.64516817149706 1.38511775364168 1.11437069554813 1.06529596960172
1.11076752678491 1.13399471179582 1.90413015754893 1.73503909166902 1.29930755519308 1.54797100042924 1.452606247738 0 1.83623191970401 0.966309731593356 1.19545878120698 1.73622054536827 1.68686733976938 1.00437299907207 1.71956153889187 1.71766884252429 1.23696583881974 0.949052667478099 1.89322086633183 1.81316496781074 1.75174106121995 1.78814366692677 0.945016516838223 1.53214757353999 1.34727157722227 1.910450756317 1.09992488427088 1.70728031243198 1.26766414544545 1.1261986894533
1.22404587431811 0.959394070785493 1.38840472907759 1.57462719362229 1.21337100397795 1.70319191995077 1.4830681446474 1.83623191970401 0 1.61364237009548 1.60828406177461 1.22224557166919 1.08219222957268 1.1186890816316 1.25720488256775 1.44435408478603 1.01263222796842 1.51564073609188 1.38487338623963 1.4342600889504 1.69201037823223 1.52689976384863 1.79424592875876 1.28492695302702 1.62360008107498 1.1089023926761 1.51116831065156 1.08930604578927 1.11828969046474 1.83794938400388
1.50285235000774 1.79696515342221 1.75732766301371 1.43726759194396 0.982975545804948 1.04854829283431 1.77912248321809 0.966309731593356 1.61364237009548 0 0.967923684278503 0.968292488483712 1.50381138245575 1.10378711135127 1.533287092112 1.29359219665639 1.2169004403986 1.62591959256679 1.89218867267482 1.62848307448439 1.23468646220863 1.66952145309187 1.17896460415795 1.37472800933756 1.80493290070444 1.86175175081007 1.16749648214318 1.10326372948475 1.54126479593106 1.64219670835882
1.26111318403855 1.44221709598787 1.4281305570621 1.50677174585871 1.49141168035567 1.32722456613556 1.43469974887557 1.19545878120698 1.60828406177461 0.967923684278503 0 1.13762376294471 1.15583781269379 1.9093528680969 1.92719167843461 1.40771636529826 1.42312155943364 1.68974820524454 1.27216571918689 1.83712394349277 1.16925150644965 1.49802075093612 0.968481137184426 0.986518164165318 1.23781261360273 1.6976315851789 1.40981117729098 1.34708533226512 1.32231704890728 1.38770971028134
1.38294942700304 0.96382140670903 1.76091066701338 1.01764100673608 1.41625436092727 1.21913676150143 1.42420697840862 1.73622054536827 1.22224557166919 0.968292488483712 1.13762376294471 0 1.63825344550423 1.86367761017755 1.30691677471623 1.60839778324589 1.05814827838913 1.2486850314308 1.69857134111226 1.73336189123802 1.66442580404691 1.55421993485652 1.21247346675955 1.39323483756743 1.08949210098945 1.44797980575822 1.3655157352332 1.74414992635138 1.1510402050335 1.44188454537652
1.41676985565573 1.11794360983185 1.08073654072359 1.83858540211804 1.50350582320243 1.8070871187374 1.43054864369333 1.68686733976938 1.08219222957268 1.50381138245575 1.15583781269379 1.63825344550423 0 1.45182356890291 1.02899277070537 1.35858189174905 1.27688266709447 1.91466699866578 1.20776538969949 1.75753468018956 1.73088770522736 1.65006576385349 1.66623945906758 1.29131270572543 1.67556556570344 1.90730554540642 1.33419648325071 1.00103195570409 1.09104487206787 1.9268339255359
1.71490398934111 1.32226736261509 1.12601165170781 1.38737641624175 1.68487707758322 1.20236396812834 1.27081872243434 1.00437299907207 1.1186890816316 1.10378711135127 1.9093528680969 1.86367761017755 1.45182356890291 0 1.01131386193447 1.27319848211482 1.32543231337331 1.06572586740367 1.26608449965715 1.4069634724874 1.63887228094973 1.69108966784552 1.18642873573117 1.7557854806073 1.12859369930811 1.26450277911499 1.59294139803387 1.88714366848581 1.27626860910095 1.2787994670216
1.42991911014542 1.31196027691476 1.74275667080656 1.52521501365118 1.65913211228326 1.12090493482538 1.89409484504722 1.71956153889187 1.25720488256775 1.533287092112 1.92719167843461 1.30691677471623 1.02899277070537 1.01131386193447 0 1.24613704183139 1.24867436871864 1.0640566998627 1.54423040454276 1.3524962940719 1.62982032005675 1.65735912695527 1.48012259462848 1.4176247108262 1.29668402927928 1.78491372871213 1.00219091610052 1.12918807077222 1.62763715861365 1.12529794103466
1.06842558830976 1.13253634492867 1.43371476233006 1.21523295459338 1.92036319547333 1.39140601735562 1.66764682997018 1.71766884252429 1.44435408478603 1.29359219665639 1.40771636529826 1.60839778324589 1.35858189174905 1.27319848211482 1.24613704183139 0 1.59399258694611 1.10385626833886 1.38603796134703 1.06838545319624 1.50065653026104 1.67525084735826 1.43893445865251 1.65844586351886 0.978543655946851 1.07257024385035 1.08300499967299 1.48336072638631 1.68166396929882 1.70729233254679
1.10483319824561 0.978701361455023 1.38171404739842 1.79321056976914 0.980146452784538 1.62165716849267 1.41827115183696 1.23696583881974 1.01263222796842 1.2169004403986 1.42312155943364 1.05814827838913 1.27688266709447 1.32543231337331 1.24867436871864 1.59399258694611 0 1.45177166652866 1.55282295285724 1.67133556911722 1.29851158498786 1.2128364124801 1.25003730482422 1.84627656755038 1.20878889737651 1.90272098546848 1.3927009976469 1.14168898179196 1.92262932099402 1.85706969979219
1.92411849042401 1.07412601006217 1.72693368978798 1.2526528800372 1.29609460895881 0.979222292546183 1.54188264789991 0.949052667478099 1.51564073609188 1.62591959256679 1.68974820524454 1.2486850314308 1.91466699866578 1.06572586740367 1.0640566998627 1.10385626833886 1.45177166652866 0 1.80725120077841 0.996676368173212 0.981850728392601 1.33538159099407 1.49649561918341 1.62874234095216 1.16966282390058 1.85638174554333 1.86946570454165 1.23690483556129 1.07334098126739 1.86724405665882
1.89668106171302 1.83254426927306 0.96272188401781 1.82485840981826 1.02484911144711 1.57322944886982 1.36800073110498 1.89322086633183 1.38487338623963 1.89218867267482 1.27216571918689 1.69857134111226 1.20776538969949 1.26608449965715 1.54423040454276 1.38603796134703 1.55282295285724 1.80725120077841 0 1.19840604113415 1.19866555603221 1.10466459416784 1.01842158311047 1.22299085767008 1.75387341761962 1.08191669802181 1.24934413959272 1.65482475794852 1.68012206139974 1.87875079247169
1.05509905563667 1.72465428616852 1.14237718819641 1.8189530139789 1.34427381260321 0.965287995990366 1.08142149401829 1.81316496781074 1.4342600889504 1.62848307448439 1.83712394349277 1.73336189123802 1.75753468018956 1.4069634724874 1.3524962940719 1.06838545319624 1.67133556911722 0.996676368173212 1.19840604113415 0 1.53876349003986 1.10898734885268 1.76232573250309 1.07019068882801 1.4412759586703 1.58476583776064 0.929492156254128 1.8305842645932 1.59182905964553 1.79844548366964
1.23604794940911 1.62158180982806 1.48751601949334 0.996215537423268 1.30985067458823 1.02857808768749 1.49599764728919 1.75174106121995 1.69201037823223 1.23468646220863 1.16925150644965 1.66442580404691 1.73088770522736 1.63887228094973 1.62982032005675 1.50065653026104 1.29851158498786 0.981850728392601 1.19866555603221 1.53876349003986 0 1.09261440299451 1.85989138437435 1.66361662372947 1.81549935368821 1.58227516990155 1.88337418134324 1.88196286489256 1.91329684318043 1.72038163826801
1.5513347319793 1.08061353582889 1.42920491006225 1.61637713038363 1.17377289826982 1.38712690537795 0.963323525385931 1.78814366692677 1.52689976384863 1.66952145309187 1.49802075093612 1.55421993485652 1.65006576385349 1.69108966784552 1.65735912695527 1.67525084735826 1.2128364124801 1.33538159099407 1.10466459416784 1.10898734885268 1.09261440299451 0 1.6491785440594 1.12288815807551 1.48270523315296 1.70142966043204 0.963842872530222 1.42568999039941 1.17120966967195 1.72545357956551
1.75812412844971 1.02148222038522 1.89614946767688 1.42523756227456 1.52733219717629 1.17342440597713 1.57825244450942 0.945016516838223 1.79424592875876 1.17896460415795 0.968481137184426 1.21247346675955 1.66623945906758 1.18642873573117 1.48012259462848 1.43893445865251 1.25003730482422 1.49649561918341 1.01842158311047 1.76232573250309 1.85989138437435 1.6491785440594 0 1.89732901006937 1.48674866044894 1.92503201775253 1.43844201811589 1.49324116529897 1.07742105657235 1.10650904802606
1.14628548384644 1.02526580845006 1.73968934128061 1.10482249013148 1.64321165648289 1.85731647559442 1.06220624945126 1.53214757353999 1.28492695302702 1.37472800933756 0.986518164165318 1.39323483756743 1.29131270572543 1.7557854806073 1.4176247108262 1.65844586351886 1.84627656755038 1.62874234095216 1.22299085767008 1.07019068882801 1.66361662372947 1.12288815807551 1.89732901006937 0 1.53771087294444 1.33280028658919 1.51203279080801 1.90059000463225 1.321084192954 0.953446761472151
1.80691652442329 1.60200860304758 1.42439739312977 0.957088462775573 1.57232854724862 1.1727144990582 1.73470145883039 1.34727157722227 1.62360008107498 1.80493290070444 1.23781261360273 1.08949210098945 1.67556556570344 1.12859369930811 1.29668402927928 0.978543655946851 1.20878889737651 1.16966282390058 1.75387341761962 1.4412759586703 1.81549935368821 1.48270523315296 1.48674866044894 1.53771087294444 0 1.18462019739673 0.991941211977974 1.75897027156316 1.55563539918512 1.45777374366298
1.14170576818287 1.68725107470527 1.90987062850036 1.38260066858493 1.26354619371705 1.89122948632576 0.935508077032864 1.910450756317 1.1089023926761 1.86175175081007 1.6976315851789 1.44797980575822 1.90730554540642 1.26450277911499 1.78491372871213 1.07257024385035 1.90272098546848 1.85638174554333 1.08191669802181 1.58476583776064 1.58227516990155 1.70142966043204 1.92503201775253 1.33280028658919 1.18462019739673 0 0.961318851448596 1.10015023150481 1.89628024795093 1.75860532280058
1.60421352786943 1.43245672457851 1.05865978030488 1.08103153761476 1.79863445460796 1.33683812059462 1.64516817149706 1.09992488427088 1.51116831065156 1.16749648214318 1.40981117729098 1.3655157352332 1.33419648325071 1.59294139803387 1.00219091610052 1.08300499967299 1.3927009976469 1.86946570454165 1.24934413959272 0.929492156254128 1.88337418134324 0.963842872530222 1.43844201811589 1.51203279080801 0.991941211977974 0.961318851448596 0 1.1117082212586 1.41323412698694 1.87873803172261
1.46456848271191 1.21743389312178 1.2846494782716 1.44874430121854 1.1043270828668 1.80833467585035 1.38511775364168 1.70728031243198 1.08930604578927 1.10326372948475 1.34708533226512 1.74414992635138 1.00103195570409 1.88714366848581 1.12918807077222 1.48336072638631 1.14168898179196 1.23690483556129 1.65482475794852 1.8305842645932 1.88196286489256 1.42568999039941 1.49324116529897 1.90059000463225 1.75897027156316 1.10015023150481 1.1117082212586 0 1.36714809318073 1.21361594181508
1.87227310962044 0.943927959538996 1.16123855346814 1.09769533458166 1.76129154022783 1.59081726078875 1.11437069554813 1.26766414544545 1.11828969046474 1.54126479593106 1.32231704890728 1.1510402050335 1.09104487206787 1.27626860910095 1.62763715861365 1.68166396929882 1.92262932099402 1.07334098126739 1.68012206139974 1.59182905964553 1.91329684318043 1.17120966967195 1.07742105657235 1.321084192954 1.55563539918512 1.89628024795093 1.41323412698694 1.36714809318073 0 0.960242977365851
1.01429612282664 1.18977581919171 1.5490751422476 1.54104510159232 1.13352174614556 1.69275396689773 1.06529596960172 1.1261986894533 1.83794938400388 1.64219670835882 1.38770971028134 1.44188454537652 1.9268339255359 1.2787994670216 1.12529794103466 1.70729233254679 1.85706969979219 1.86724405665882 1.87875079247169 1.79844548366964 1.72038163826801 1.72545357956551 1.10650904802606 0.953446761472151 1.45777374366298 1.75860532280058 1.87873803172261 1.21361594181508 0.960242977365851 0
