0 1.42756933649071 1.30984101770446 1.25192387122661 1.8082201781217 1.52134671271779 1.34895488992333 1.7634140229784 1.38163470872678 1.29521726234816 1.35738536925055 1.21505497745238 1.00969381374307 1.56439872272313 1.50442046415992 1.26731189410202 1.25202427664772 1.20713803567924 1.71248509804718 1.70480388402939 1.07173114479519 1.83982735453174 1.54576008487493 1.8839322605636 1.84809168823995 1.01718860049732 1.09805613849312 1.90560393966734 1.53048658231273 1.34639575169422
1.42756933649071 0 0.947146943304688 0.972168591339141 1.32177737331949 1.68861301313154 1.64976435014978 1.32161589316092 1.8459283891134 1.85376953729428 1.16016360302456 1.13155793491751 1.54836754593998 1.41122709191404 1.13919770112261 1.33668670617044 1.03867650567554 1.42248104186729 1.57941437279806 1.26210115314461 1.0354969240725 0.968024644535035 1.71113482839428 1.4800597585272 1.69466552813537 1.74762954004109 1.17383716884069 1.77452725428157 1.20171650312841 1.72573795216158
1.30984101770446 0.947146943304688 0 1.12569611589424 1.07624364504591 1.73228689515963 1.85775526659563 1.91119822626933 0.92819298314862 1.80514404480346 0.942901469767094 1.76207105722278 1.83032547053881 1.29362160293385 1.53356010699645 1.37896462902427 1.47010787390172 1.07008058903739 1.60332371830009 1.15473359427415 0.981015488505363 1.02666950109415 1.01837547286414 1.91518867760897 1.81674094521441 1.24520162958652 1.68813777295873 1.13022677088156 1.30580465518869 1.67228439683095
1.25192387122661 0.972168591339141 1.12569611589424 0 1.80076690623537 1.43198630400002 1.12401961348951 1.72151429066435 1.44077676720917 1.37814386817627 1.19714431720786 1.49296959093772 1.03016221360303 1.80639114975929 1.36118728411384 1.64694636664353 1.08325199992396 1.0049173659645 1.90249948389828 1.11433633510023 1.29751440789551 1.14674458303489 1.01192933530547 1.41455771098845 1.67467860062607 1.01554250810295 0.965378556633368 1.68523346609436 1.49938465747982 1.08130728662945
1.8082201781217 1.32177737331949 1.07624364504591 1.80076690623537 0 1.07921890099533 1.84333687205799 1.42461614054628 1.06881239195354 1.71059347502887 1.36453903629445 0.957615667721257 1.77997444290668 1.44800179754384 1.53403937956318 1.120686594164 0.971184056950733 1.88745651044883 1.32259460585192 0.958576929289848 1.18886307370849 1.69493259303272 1.0633907741867 1.49307385249995 1.12769040558487 1.20547264791094 1.30203949566931 1.11583358515054 1.12706435355358 1.42929715057835
1.52134671271779 1.68861301313154 1.73228689515963 1.43198630400002 1.07921890099533 0 1.41767167346552 1.1418518582359 1.45959375915118 1.26264237100258 0.968583517475054 1.03308213013224 1.67423228360713 1.20177217083983 1.18911962443963 1.08322434383444 0.976300828158855 1.37560673477128 1.22749925171956 1.9130907789804 1.80450038798153 1.31096294475719 1.16994178993627 1.4217775890138 1.01341724698432 1.92233295738697 1.01280718483031 1.1321594112087 1.47102779475972 1.73806428979151
1.34895488992333 1.64976435014978 1.85775526659563 1.12401961348951 1.84333687205799 1.41767167346552 0 1.00492635555565 1.86031849100254 1.79455740167759 1.70298622432165 1.12899686768651 1.03378285025246 1.08199995802715 1.44316183426417 1.20540099730715 1.78084588027559 1.42308285646141 1.19199164258316 1.01991976657882 1.00806267396547 1.60424816654995 1.40240141330287 1.07202231092378 1.54874740797095 1.18083730200306 1.73442270094529 1.29382611974142 0.986114424653351 1.70730678667314
1.7634140229784 1.32161589316092 1.91119822626933 1.72151429066435 1.42461614054628 1.1418518582359 1.00492635555565 0 1.77167910756543 1.39414720144123 1.71913687302731 1.40610426943749 1.82898173411377 1.28635380603373 1.59830911108293 1.40910246386193 1.31107833166607 1.13522421498783 1.81232421984896 1.07883628853597 1.54237479856238 1.33864332363009 1.71288555418141 1.75673243380152 1.49488607258536 0.993205832084641 1.24880111170933 1.85217875195667 1.26047991076484 1.37530272942968
1.38163470872678 1.8459283891134 0.92819298314862 1.44077676720917 1.06881239195354 1.45959375915118 1.86031849100254 1.77167910756543 0 1.22469003498554 0.957310152938589 1.60982343112119 1.29095555446111 1.07111427909695 1.80648058163933 1.3269128294196 1.91918630269356 1.61133771389723 1.43459741794504 1.30644285259768 1.2829748946242 1.09717415948398 1.65398657438345 1.58080124575645 1.45412560086697 1.10326390923001 1.75714062107727 1.52502561104484 1.63790326635353 1.86722551612183
1.29521726234816 1.85376953729428 1.80514404480346 1.37814386817627 1.71059347502887 1.26264237100258 1.79455740167759 1.39414720144123 1.22469003498554 0 1.32901415205561 1.79997740057297 1.61343340808526 1.43379930919036 1.19804608612321 1.53835941874422 1.68779828469269 1.82483289786614 1.46247298899107 1.08315136493184 1.14669914427213 1.11050141952001 1.8330306019634 1.82540814182721 0.980280352756381 1.13869987986982 1.49634123733267 1.18002220802009 1.83660173136741 1.15698149730451
1.35738536925055 1.16016360302456 0.942901469767094 1.19714431720786 1.36453903629445 0.968583517475054 1.70298622432165 1.71913687302731 0.957310152938589 1.32901415205561 0 1.77444325131364 0.938982225488871 0.932022012537345 1.19292856869288 1.45524800033309 1.26925480179489 1.29626466729678 1.52224773284979 0.974124864907935 1.17100471165031 1.3111645844765 1.23679832275957 1.60325322719291 1.34379839734174 1.66408314229921 1.27174664661288 1.4666157651227 1.05806535459124 1.04081416758709
1.21505497745238 1.13155793491751 1.76207105722278 1.49296959093772 0.957615667721257 1.03308213013224 1.12899686768651 1.40610426943749 1.60982343112119 1.79997740057297 1.77444325131364 0 1.36216744291596 1.63048344803974 1.00061535136774 1.09020302328281 1.43834649561904 1.64903995604254 1.42595071042888 1.66413085605018 1.46729205548763 1.38678909325972 1.14106074417941 1.56991418986581 1.76345962332562 1.17091680155136 1.69497794751078 1.22504318598658 0.979842135682702 1.85813898243941
1.00969381374307 1.54836754593998 1.83032547053881 1.03016221360303 1.77997444290668 1.67423228360713 1.03378285025246 1.82898173411377 1.29095555446111 1.61343340808526 0.938982225488871 1.36216744291596 0 1.32048484613188 1.03505024849437 1.62457680189982 1.15055710216984 1.44330109236762 1.78204249218106 0.986171809257939 1.61534103401937 1.14031201717444 1.13634493411519 1.67689005215652 1.51179326861165 1.22561326553114 1.1112955911085 1.90784462867305 1.29079766571522 1.56217926484533
1.56439872272313 1.41122709191404 1.29362160293385 1.80639114975929 1.44800179754384 1.20177217083983 1.08199995802715 1.28635380603373 1.07111427909695 1.43379930919036 0.932022012537345 1.63048344803974 1.32048484613188 0 1.84509390569292 1.10466311383061 1.47623660461977 1.68748505134135 1.59116882737726 1.83743173768744 1.33876782632433 1.48228081013076 1.47395014786161 1.53444117982872 1.77958910842426 1.05168340681121 1.75452786195092 1.75486970017664 1.08114098408259 1.44649110245518
1.50442046415992 1.13919770112261 1.53356010699645 1.36118728411384 1.53403937956318 1.18911962443963 1.44316183426417 1.59830911108293 1.80648058163933 1.19804608612321 1.19292856869288 1.00061535136774 1.03505024849437 1.84509390569292 0 1.42801536712795 1.6105281135533 1.38184509822167 1.16599732148461 1.10706524923444 1.29571373667568 1.31519461097196 1.04069724702276 1.4455252813641 0.939372006803751 1.53256466891617 1.79922824469395 1.37670221086591 1.86271454649977 1.76081375428475
1.26731189410202 1.33668670617044 1.37896462902427 1.64694636664353 1.120686594164 1.08322434383444 1.20540099730715 1.40910246386193 1.3269128294196 1.53835941874422 1.45524800033309 1.09020302328281 1.62457680189982 1.10466311383061 1.42801536712795 0 1.58135872683488 1.60928019019775 1.18940310692415 1.45094815711491 1.06929859169759 1.40377026447095 1.80148009746335 1.60154872387648 1.8533933465369 1.79772499855608 1.15768888383172 1.60562669998035 1.83137821173295 1.14301695302129
1.25202427664772 1.03867650567554 1.47010787390172 1.08325199992396 0.971184056950733 0.976300828158855 1.78084588027559 1.31107833166607 1.91918630269356 1.68779828469269 1.26925480179489 1.43834649561904 1.15055710216984 1.47623660461977 1.6105281135533 1.58135872683488 0 1.82589119230397 1.39575445884839 1.23444139189087 1.76668823650107 0.951783515047282 1.39303150190972 1.33217259985395 1.41883379872888 1.05567891919054 0.937000036472455 1.30174862453714 1.39780595223419 1.86943568335846
1.20713803567924 1.42248104186729 1.07008058903739 1.0049173659645 1.88745651044883 1.37560673477128 1.42308285646141 1.13522421498783 1.61133771389723 1.82483289786614 1.29626466729678 1.64903995604254 1.44330109236762 1.68748505134135 1.38184509822167 1.60928019019775 1.82589119230397 0 1.67992771253921 1.74043727270328 1.79616232495755 0.936436385847628 1.53052151808515 1.18124087015167 1.19438796001486 1.68712251004763 1.70128285815008 1.47021779953502 1.18972906679846 1.64625742402859
1.71248509804718 1.57941437279806 1.60332371830009 1.90249948389828 1.32259460585192 1.22749925171956 1.19199164258316 1.81232421984896 1.43459741794504 1.46247298899107 1.52224773284979 1.42595071042888 1.78204249218106 1.59116882737726 1.16599732148461 1.18940310692415 1.39575445884839 1.67992771253921 0 1.25230542337522 1.74967811116949 1.05899206642061 1.62657888466492 0.997475433629006 1.56757594249211 1.10024008783512 1.38013853644952 1.87684335396625 1.15071666333824 1.56471049366519
1.70480388402939 1.26210115314461 1.15473359427415 1.11433633510023 0.958576929289848 1.9130907789804 1.01991976657882 1.07883628853597 1.30644285259768 1.08315136493184 0.974124864907935 1.66413085605018 0.986171809257939 1.83743173768744 1.10706524923444 1.45094815711491 1.23444139189087 1.74043727270328 1.25230542337522 0 1.1096036999952 1.27729733311571 1.29607720440254 1.24932557158172 1.43569709639996 1.33892525103875 1.1715331193991 1.74561848049052 1.90354058053344 1.26803212729283
1.07173114479519 1.0354969240725 0.981015488505363 1.29751440789551 1.18886307370849 1.80450038798153 1.00806267396547 1.54237479856238 1.2829748946242 1.14669914427213 1.17100471165031 1.46729205548763 1.61534103401937 1.33876782632433 1.29571373667568 1.06929859169759 1.76668823650107 1.79616232495755 1.74967811116949 1.1096036999952 0 0.997786760563031 1.45382950431667 1.01590533764102 1.20604170975275 1.08894427260384 1.90262470487505 1.89965676167049 1.78812970500439 0.983914387878031
1.83982735453174 0.968024644535035 1.02666950109415 1.14674458303489 1.69493259303272 1.31096294475719 1.60424816654995 1.33864332363009 1.09717415948398 1.11050141952001 1.3111645844765 1.38678909325972 1.14031201717444 1.48228081013076 1.31519461097196 1.40377026447095 0.951783515047282 0.936436385847628 1.05899206642061 1.27729733311571 0.997786760563031 0 1.46850196551532 1.42024692799896 1.6062309590634 1.39142371970229 1.41460683126934 1.91841437504627 1.20787543593906 0.956771116470918
1.54576008487493 1.71113482839428 1.01837547286414 1.01192933530547 1.0633907741867 1.16994178993627 1.40240141330287 1.71288555418141 1.65398657438345 1.8330306019634 1.23679832275957 1.14106074417941 1.13634493411519 1.47395014786161 1.04069724702276 1.80148009746335 1.39303150190972 1.53052151808515 1.62657888466492 1.29607720440254 1.45382950431667 1.46850196551532 0 1.70776828285307 1.31665964913554 1.38024462130852 1.58930217684247 1.23126674909145 1.69547493802384 1.28730600466952
1.8839322605636 1.4800597585272 1.91518867760897 1.41455771098845 1.49307385249995 1.4217775890138 1.07202231092378 1.75673243380152 1.58080124575645 1.82540814182721 1.60325322719291 1.56991418986581 1.67689005215652 1.53444117982872 1.4455252813641 1.60154872387648 1.33217259985395 1.18124087015167 0.997475433629006 1.24932557158172 1.01590533764102 1.42024692799896 1.70776828285307 0 1.76870025345124 1.78873878601007 0.928422355325893 1.46312088798732 1.02279678499326 1.53021665057167
1.84809168823995 1.69466552813537 1.81674094521441 1.67467860062607 1.12769040558487 1.01341724698432 1.54874740797095 1.49488607258536 1.45412560086697 0.980280352756381 1.34379839734174 1.76345962332562 1.51179326861165 1.77958910842426 0.939372006803751 1.8533933465369 1.41883379872888 1.19438796001486 1.56757594249211 1.43569709639996 1.20604170975275 1.6062309590634 1.31665964913554 1.76870025345124 0 0.943403587210923 1.03791869967245 1.6747520242352 1.91568445554003 1.85074732848443
1.01718860049732 1.74762954004109 1.24520162958652 1.01554250810295 1.20547264791094 1.92233295738697 1.18083730200306 0.993205832084641 1.10326390923001 1.13869987986982 1.66408314229921 1.17091680155136 1.22561326553114 1.05168340681121 1.53256466891617 1.79772499855608 1.05567891919054 1.68712251004763 1.10024008783512 1.33892525103875 1.08894427260384 1.39142371970229 1.38024462130852 1.78873878601007 0.943403587210923 0 0.930358413839713 0.99338981625624 0.972280868329108 1.41730509093031
1.09805613849312 1.17383716884069 1.68813777295873 0.965378556633368 1.30203949566931 1.01280718483031 1.73442270094529 1.24880111170933 1.75714062107727 1.49634123733267 1.27174664661288 1.69497794751078 1.1112955911085 1.75452786195092 1.79922824469395 1.15768888383172 0.937000036472455 1.70128285815008 1.38013853644952 1.1715331193991 1.90262470487505 1.41460683126934 1.58930217684247 0.928422355325893 1.03791869967245 0.930358413839713 0 1.3039778212551 1.8324009149801 1.69587685237639
1.90560393966734 1.77452725428157 1.13022677088156 1.68523346609436 1.11583358515054 1.1321594112087 1.29382611974142 1.85217875195667 1.52502561104484 1.18002220802009 1.4666157651227 1.22504318598658 1.90784462867305 1.75486970017664 1.37670221086591 1.60562669998035 1.30174862453714 1.47021779953502 1.87684335396625 1.74561848049052 1.89965676167049 1.91841437504627 1.23126674909145 1.46312088798732 1.6747520242352 0.99338981625624 1.3039778212551 0 1.60799389821477 1.21047157421708
1.53048658231273 1.20171650312841 1.30580465518869 1.49938465747982 1.12706435355358 1.47102779475972 0.986114424653351 1.26047991076484 1.63790326635353 1.83660173136741 1.05806535459124 0.979842135682702 1.29079766571522 1.08114098408259 1.86271454649977 1.83137821173295 1.39780595223419 1.18972906679846 1.15071666333824 1.90354058053344 1.78812970500439 1.20787543593906 1.69547493802384 1.02279678499326 1.91568445554003 0.972280868329108 1.8324009149801 1.60799389821477 0 1.79989960812964
1.34639575169422 1.72573795216158 1.67228439683095 1.08130728662945 1.42929715057835 1.73806428979151 1.70730678667314 1.37530272942968 1.86722551612183 1.15698149730451 1.04081416758709 1.85813898243941 1.56217926484533 1.44649110245518 1.76081375428475 1.14301695302129 1.86943568335846 1.64625742402859 1.56471049366519 1.26803212729283 0.983914387878031 0.956771116470918 1.28730600466952 1.53021665057167 1.85074732848443 1.41730509093031 1.69587685237639 1.21047157421708 1.79989960812964 0
