0 1.47099059470929 1.74609206919558 1.1210519017186 1.41792537062429 1.26722002844326 1.0339816280175 1.730536774965 1.56562584848143 1.71502260724083 1.57369464309886 1.6145170845557 1.50034178304486 1.21802791813388 1.540016555693 1.18121361802332 1.20283326506615 1.28818081389181 1.00142837734893 1.18479507532902 1.73057597246952 1.38052980741486 1.7964856759645 1.29137916327454 1.13243825896643 1.73452837299556 1.14854492829181 1.82763743866235 1.19725499418564 1.21268264390528
1.47099059470929 0 1.69443412753753 1.09773235651664 1.86508616153151 1.79077094164677 0.959340546512976 1.53887521731667 1.56340125272982 1.41465989337303 0.923488938482478 1.7096764401067 1.78122128918767 1.87036241940223 1.32568917470053 1.82227159827016 1.20603054459207 1.17586130765267 1.78433077037334 0.953798450296745 1.43027610494755 1.06526410556398 1.11765935691074 1.74526849319227 1.16324352426454 1.21932247770019 1.77983788703568 1.20387192047201 1.51034993235953 1.11786527512595
1.74609206919558 1.69443412753753 0 1.85301882238127 1.57116127572954 1.02183906268328 1.47996267303824 1.52300275932066 1.77445791615173 1.35890635242686 1.39329294906929 1.50212816777639 1.82893194979988 1.11494160047732 0.943833064520732 1.85732521186583 1.19560584006831 1.61422264599241 0.911255194572732 1.52207318134606 1.03016554820351 1.62038092408329 1.76360294176266 0.963296612724662 1.17014285014011 1.46372613846324 1.44367780536413 1.47215468809009 1.4166496146936 1.56482318160124
1.1210519017186 1.09773235651664 1.85301882238127 0 1.41619457560591 1.23313375771977 1.23170011863112 1.12039042939432 1.75237118569203 1.82843631296419 1.39908959064633 0.980799335986376 1.53351995022967 0.985567554831505 1.36018474888988 1.86731557897292 1.22752353711985 1.6533410793636 1.70395603775978 1.05542015680112 1.40984141593799 1.37984872981906 1.38092572824098 1.86087185889482 1.68235041969456 1.64835386909544 1.21821603504941 1.3558620181866 1.68284985958599 1.40642545116134
1.41792537062429 1.86508616153151 1.57116127572954 1.41619457560591 0 1.03633026708849 1.56342281168327 1.23799728415906 1.56703776423819 1.59133373061195 1.79855230008252 1.06750952219591 1.17537179635838 0.964885737048462 0.993026384850964 1.04134740284644 1.82425156421959 1.24649089830928 1.83949408680201 1.39017866854556 0.915101521182805 1.46076889755204 1.12503827014007 1.38655767403543 1.20964222308248 1.62621508794837 1.17025348264724 1.51749947411008 1.04375772108324 1.21094712708145
1.26722002844326 1.79077094164677 1.02183906268328 1.23313375771977 1.03633026708849 0 0.888497472275048 0.977957675000653 0.961465399479493 1.02107106335461 1.74730568565428 1.86070708185434 1.57853977102786 1.42399825900793 0.876003762939945 1.4871066280175 1.24872948136181 1.51742177014239 1.21605862048455 1.82014234713279 1.40944652142935 1.43480638763867 1.64020175207406 1.73093123477884 1.64285312849097 1.40271100215614 1.59698858717456 1.01927269832231 1.01449236692861 1.85627621505409
1.0339816280175 0.959340546512976 1.47996267303824 1.23170011863112 1.56342281168327 0.888497472275048 0 0.93852766812779 1.42478281166404 1.25509620225057 1.4942258791998 1.04372255108319 1.1930286558345 1.05280936975032 1.68851311760955 1.15181799954735 1.47369132959284 1.51345822424628 1.70804459182546 1.80464578722604 0.883758625946939 0.921273706480861 0.94830654328689 1.39498484437354 0.890084800310433 1.37869937787764 1.69782112189569 1.58758767973632 1.53279934916645 1.08364809909835
1.730536774965 1.53887521731667 1.52300275932066 1.12039042939432 1.23799728415906 0.977957675000653 0.93852766812779 0 1.80581272859126 1.41446509025991 1.45119334501214 1.70829029125161 1.48306329408661 1.6715084661264 1.6315198787488 1.2488064840436 1.63202163646929 0.876981219276786 1.47642954671755 1.72599328588694 0.955157363787293 1.68157746898942 1.33192797703668 0.996546969050542 1.20981077267788 1.2017582366243 1.50382112618536 0.920802174601704 1.36824980354868 1.20900398562662
1.56562584848143 1.56340125272982 1.77445791615173 1.75237118569203 1.56703776423819 0.961465399479493 1.42478281166404 1.80581272859126 0 1.59542403719388 1.53929804405198 1.30585232446902 1.53043015138246 1.01756817661226 1.11144239059649 0.969211962306872 1.55964050814509 1.14313828293234 1.31397691764869 1.59445534693077 1.36718181730248 1.63637146377005 0.923305168980733 1.27695700596087 0.970169967506081 0.966201163129881 1.42611621366814 1.70249321986921 0.962537145474926 1.32260197889991
1.71502260724083 1.41465989337303 1.35890635242686 1.82843631296419 1.59133373061195 1.02107106335461 1.25509620225057 1.41446509025991 1.59542403719388 0 1.02377262548544 1.216387944296 1.55398657894693 1.50876837759279 1.75725451530889 1.78999803517945 1.47868880676106 1.45259413332678 1.6468343778979 1.63986394950189 1.48451605858281 1.27429038984701 1.79617770551704 1.65073137846775 1.29860360198654 1.46616991981864 1.27620277227834 1.19727238081396 1.49300877423957 1.56312270229682
1.57369464309886 0.923488938482478 1.39329294906929 1.39908959064633 1.79855230008252 1.74730568565428 1.4942258791998 1.45119334501214 1.53929804405198 1.02377262548544 0 1.51121514732949 1.46910508885048 1.29409568035044 0.987762026954442 1.09855245193467 1.65133036370389 1.20082600275055 1.30053505836986 1.49140207888559 1.42243344825692 1.79557262617163 1.5013322501909 1.72816956881434 1.41830653930083 1.07812834926881 1.83830386097543 1.05244070268236 1.29850714094937 1.21027120389044
1.6145170845557 1.7096764401067 1.50212816777639 0.980799335986376 1.06750952219591 1.86070708185434 1.04372255108319 1.70829029125161 1.30585232446902 1.216387944296 1.51121514732949 0 0.980784807587042 1.55191920860671 1.7265898110345 1.35497510549612 1.07514439453371 1.70266278111376 1.6016189516522 1.20306727173738 0.96257154783234 0.905101794051006 1.09383645397611 1.25473783863708 1.81876266840845 1.05855815368704 1.65910831978545 1.7839259149041 1.26898783771321 1.08720299066044
1.50034178304486 1.78122128918767 1.82893194979988 1.53351995022967 1.17537179635838 1.57853977102786 1.1930286558345 1.48306329408661 1.53043015138246 1.55398657894693 1.46910508885048 0.980784807587042 0 0.990143041359261 0.973271986003965 1.31413589115255 1.0563209312968 1.47091233590618 1.85051989764906 1.36512077902444 1.79920617025346 1.76232599909417 1.15046545118093 0.995398374972865 0.929710192838684 1.40091293002479 0.964804042829201 0.977855563163757 1.41241070209071 0.993048202712089
1.21802791813388 1.87036241940223 1.11494160047732 0.985567554831505 0.964885737048462 1.42399825900793 1.05280936975032 1.6715084661264 1.01756817661226 1.50876837759279 1.29409568035044 1.55191920860671 0.990143041359261 0 1.27958318218589 1.61725359759293 1.80556158884428 1.40200770949014 1.75433954340406 1.80421685613692 1.21728915348649 1.45685644214973 1.6985539549496 1.59533798089251 1.60561840399168 1.84270835458301 1.6689722451847 1.04856850067154 1.18693379405886 1.04051533387974
1.540016555693 1.32568917470053 0.943833064520732 1.36018474888988 0.993026384850964 0.876003762939945 1.68851311760955 1.6315198787488 1.11144239059649 1.75725451530889 0.987762026954442 1.7265898110345 0.973271986003965 1.27958318218589 0 1.37855371693149 1.46003434201702 0.879981872159988 1.1464961359743 1.18189661484212 1.69370898511261 1.81682778312825 0.939786770613864 1.08858452481218 0.979181812843308 1.58038458554074 1.26415931712836 1.4311812161468 1.6844007386826 1.21560493949801
1.18121361802332 1.82227159827016 1.85732521186583 1.86731557897292 1.04134740284644 1.4871066280175 1.15181799954735 1.2488064840436 0.969211962306872 1.78999803517945 1.09855245193467 1.35497510549612 1.31413589115255 1.61725359759293 1.37855371693149 0 1.33855910971761 1.35743228392676 1.75696092867292 1.74192376574501 1.74202775582671 1.86550806462765 0.975870030233636 1.57719461573288 1.71664583031088 1.16879413626157 1.3777770048473 1.47973916679621 1.05848160921596 1.66930987196974
1.20283326506615 1.20603054459207 1.19560584006831 1.22752353711985 1.82425156421959 1.24872948136181 1.47369132959284 1.63202163646929 1.55964050814509 1.47868880676106 1.65133036370389 1.07514439453371 1.0563209312968 1.80556158884428 1.46003434201702 1.33855910971761 0 1.33353143162094 1.7752157326322 1.7181403413415 1.03081936738454 1.3838543605525 1.87017547851428 0.958517391001806 1.04814380034804 0.977062085177749 1.42785905278288 1.74024301487952 1.04428447107784 1.7893895143643
1.28818081389181 1.17586130765267 1.61422264599241 1.6533410793636 1.24649089830928 1.51742177014239 1.51345822424628 0.876981219276786 1.14313828293234 1.45259413332678 1.20082600275055 1.70266278111376 1.47091233590618 1.40200770949014 0.879981872159988 1.35743228392676 1.33353143162094 0 0.99938621209003 1.06978620495647 1.55572838336229 0.936845910968259 1.37395008397289 1.05966792930849 1.62668307474814 1.460682322504 1.3863942460157 1.65650035254657 1.22219096217304 1.34255032404326
1.00142837734893 1.78433077037334 0.911255194572732 1.70395603775978 1.83949408680201 1.21605862048455 1.70804459182546 1.47642954671755 1.31397691764869 1.6468343778979 1.30053505836986 1.6016189516522 1.85051989764906 1.75433954340406 1.1464961359743 1.75696092867292 1.7752157326322 0.99938621209003 0 1.08270119712688 1.49531500181183 1.18566010752693 1.73545265360735 1.1842184769921 0.999648753087968 0.945619426202029 1.63468747679144 1.38933231960982 1.83683892781846 1.06349111325108
1.18479507532902 0.953798450296745 1.52207318134606 1.05542015680112 1.39017866854556 1.82014234713279 1.80464578722604 1.72599328588694 1.59445534693077 1.63986394950189 1.49140207888559 1.20306727173738 1.36512077902444 1.80421685613692 1.18189661484212 1.74192376574501 1.7181403413415 1.06978620495647 1.08270119712688 0 1.4474009803962 1.66043339064345 0.952250860631466 1.30707103898749 1.15763318631798 1.85026256740093 1.04498119698837 1.60413005272858 0.981677815085277 1.06436842121184
1.73057597246952 1.43027610494755 1.03016554820351 1.40984141593799 0.915101521182805 1.40944652142935 0.883758625946939 0.955157363787293 1.36718181730248 1.48451605858281 1.42243344825692 0.96257154783234 1.79920617025346 1.21728915348649 1.69370898511261 1.74202775582671 1.03081936738454 1.55572838336229 1.49531500181183 1.4474009803962 0 1.1690857168287 1.6889641743619 1.42033664649352 1.51431180164218 1.31573794991709 1.60911766346544 1.35912336432375 1.25240030395798 1.36871001520194
1.38052980741486 1.06526410556398 1.62038092408329 1.37984872981906 1.46076889755204 1.43480638763867 0.921273706480861 1.68157746898942 1.63637146377005 1.27429038984701 1.79557262617163 0.905101794051006 1.76232599909417 1.45685644214973 1.81682778312825 1.86550806462765 1.3838543605525 0.936845910968259 1.18566010752693 1.66043339064345 1.1690857168287 0 0.955048093572259 1.73577275918797 0.922996380133554 1.50592891965061 1.35329518816434 1.18317966302857 1.78868077602237 1.07948759454302
1.7964856759645 1.11765935691074 1.76360294176266 1.38092572824098 1.12503827014007 1.64020175207406 0.94830654328689 1.33192797703668 0.923305168980733 1.79617770551704 1.5013322501909 1.09383645397611 1.15046545118093 1.6985539549496 0.939786770613864 0.975870030233636 1.87017547851428 1.37395008397289 1.73545265360735 0.952250860631466 1.6889641743619 0.955048093572259 0 1.74255574634299 1.47027640254237 1.24783251876943 0.946467239642516 1.71726999175735 1.70567337563261 1.01488945796154
1.29137916327454 1.74526849319227 0.963296612724662 1.86087185889482 1.38655767403543 1.73093123477884 1.39498484437354 0.996546969050542 1.27695700596087 1.65073137846775 1.72816956881434 1.25473783863708 0.995398374972865 1.59533798089251 1.08858452481218 1.57719461573288 0.958517391001806 1.05966792930849 1.1842184769921 1.30707103898749 1.42033664649352 1.73577275918797 1.74255574634299 0 1.7465563879814 1.54977038339712 1.84575624857098 0.906126753427088 0.915476236492395 1.60629980498925
1.13243825896643 1.16324352426454 1.17014285014011 1.68235041969456 1.20964222308248 1.64285312849097 0.890084800310433 1.20981077267788 0.970169967506081 1.29860360198654 1.41830653930083 1.81876266840845 0.929710192838684 1.60561840399168 0.979181812843308 1.71664583031088 1.04814380034804 1.62668307474814 0.999648753087968 1.15763318631798 1.51431180164218 0.922996380133554 1.47027640254237 1.7465563879814 0 1.36006072629243 1.50025482196361 1.50612623663619 1.50646899710409 1.41443399898708
1.73452837299556 1.21932247770019 1.46372613846324 1.64835386909544 1.62621508794837 1.40271100215614 1.37869937787764 1.2017582366243 0.966201163129881 1.46616991981864 1.07812834926881 1.05855815368704 1.40091293002479 1.84270835458301 1.58038458554074 1.16879413626157 0.977062085177749 1.460682322504 0.945619426202029 1.85026256740093 1.31573794991709 1.50592891965061 1.24783251876943 1.54977038339712 1.36006072629243 0 1.26400855346583 1.62048361147754 1.2964422237128 1.34003608953208
1.14854492829181 1.77983788703568 1.44367780536413 1.21821603504941 1.17025348264724 1.59698858717456 1.69782112189569 1.50382112618536 1.42611621366814 1.27620277227834 1.83830386097543 1.65910831978545 0.964804042829201 1.6689722451847 1.26415931712836 1.3777770048473 1.42785905278288 1.3863942460157 1.63468747679144 1.04498119698837 1.60911766346544 1.35329518816434 0.946467239642516 1.84575624857098 1.50025482196361 1.26400855346583 0 1.19581851689145 1.60256408853456 1.34537404845469
1.82763743866235 1.20387192047201 1.47215468809009 1.3558620181866 1.51749947411008 1.01927269832231 1.58758767973632 0.920802174601704 1.70249321986921 1.19727238081396 1.05244070268236 1.7839259149041 0.977855563163757 1.04856850067154 1.4311812161468 1.47973916679621 1.74024301487952 1.65650035254657 1.38933231960982 1.60413005272858 1.35912336432375 1.18317966302857 1.71726999175735 0.906126753427088 1.50612623663619 1.62048361147754 1.19581851689145 0 1.18012153217569 1.66147448448464
1.19725499418564 1.51034993235953 1.4166496146936 1.68284985958599 1.04375772108324 1.01449236692861 1.53279934916645 1.36824980354868 0.962537145474926 1.49300877423957 1.29850714094937 1.26898783771321 1.41241070209071 1.18693379405886 1.6844007386826 1.05848160921596 1.04428447107784 1.22219096217304 1.83683892781846 0.981677815085277 1.25240030395798 1.78868077602237 1.70567337563261 0.915476236492395 1.50646899710409 1.2964422237128 1.60256408853456 1.18012153217569 0 1.6851219269447
1.21268264390528 1.11786527512595 1.56482318160124 1.40642545116134 1.21094712708145 1.85627621505409 1.08364809909835 1.20900398562662 1.32260197889991 1.56312270229682 1.21027120389044 1.08720299066044 0.993048202712089 1.04051533387974 1.21560493949801 1.66930987196974 1.7893895143643 1.34255032404326 1.06349111325108 1.06436842121184 1.36871001520194 1.07948759454302 1.01488945796154 1.60629980498925 1.41443399898708 1.34003608953208 1.34537404845469 1.66147448448464 1.6851219269447 0
