0 1.20985304727219 1.02903334749863 1.52244330081157 1.28947766078636 1.50311702815816 1.15179248782806 1.00028405198827 1.15620952192694 1.72324016853236 1.63339283526875 1.21086710225791 1.12941227992997 1.4274563388899 1.07937714271247 1.52902260934934 1.29506722395308 1.20052180765197 1.52998757944442 1.22186447028071 1.33523782389238 1.80897518340498 1.24407014530152 1.26264132000506 1.89802986569703 1.70891052158549 1.79028199240565 1.80972594511695 1.26087841694243 0.953958172816783
1.20985304727219 0 1.28327498701401 1.72990428912453 1.53545142593794 1.64369616867043 1.68006701767445 1.82753083319403 1.57192314928398 1.76789978798479 1.20138778630644 1.09649267373607 1.86924404627644 1.48813661700115 1.52205513650551 1.68814902985469 1.1872472949326 1.58855424681678 0.933154268655926 1.67963355616666 1.58640048257075 1.63914922322147 1.85588662768714 1.76143770292401 1.62236223532818 1.28752279491164 1.17183637502603 1.53746569366194 1.07131528807804 1.11376155773178
1.02903334749863 1.28327498701401 0 1.83379739709198 0.958496378036216 0.991700008744374 1.66886166878976 1.81801748415455 1.80301353754476 1.88897554995492 1.69459060579538 1.21357951359823 1.28739800839685 1.15153498481959 1.8556950786151 1.70401293272153 1.00175081612542 1.83532959455624 1.3315183124505 1.09441243903711 1.69398503634147 1.46904589189216 1.57818484748714 0.942378308624029 1.26586788729765 1.86040807329118 1.76016364945099 1.24848311301321 0.909175752894953 1.27265560277738
1.52244330081157 1.72990428912453 1.83379739709198 0 1.20196346566081 1.88922940613702 1.20931348600425 1.88740426441655 1.39434167835861 1.33182469662279 0.924197112442926 1.74699452356435 1.16605129651725 1.88444731454365 1.67420456185937 1.19665313279256 1.34894473152235 1.70329697593115 1.02908668271266 1.09864626382478 1.10229394794442 1.28192822006531 0.957886295858771 1.17982556950301 1.00259525026195 0.964125358033925 1.69388682115823 1.64287271886133 1.40314720268361 1.25977192306891
1.28947766078636 1.53545142593794 0.958496378036216 1.20196346566081 0 1.70232971664518 1.62918746075593 0.974102574167773 1.04554537544027 0.956885342253372 1.18545469408855 1.71684420551173 1.6693514524959 1.86715933750384 1.87137727392837 1.56900556036271 1.16546083730645 1.73257077625021 1.67223083460703 0.944298619404435 1.55328467581421 1.35827922914177 0.968498334055766 1.24749234318733 1.73632911033928 1.74807824986055 1.84310707636178 1.81641528056934 1.61447923816741 1.53758076927625
1.50311702815816 1.64369616867043 0.991700008744374 1.88922940613702 1.70232971664518 0 1.42766159703024 1.5745900652837 1.85291989403777 1.88677420886233 1.1020119888708 1.01661747437902 1.89080570475198 1.01671242760494 1.66180206742138 1.70095505728386 1.54784433334135 1.87591144279577 1.86208821972832 1.01886469242163 1.27978750132024 1.56579140899703 1.19119539880194 0.989785703830421 1.24524072255008 1.30608792765997 1.27292430051602 1.55608165101148 1.65136304683983 1.69472271273844
1.15179248782806 1.68006701767445 1.66886166878976 1.20931348600425 1.62918746075593 1.42766159703024 0 1.04446577117778 1.11359890829772 1.6206046640873 1.27455756999552 1.75137987639755 1.20270000491291 1.42442964622751 1.27559754508547 1.39923599408939 1.77327494253404 1.28784110583365 1.56996535835788 1.71611642884091 1.69850633200258 1.5906852837652 1.68018347024918 0.95200686273165 1.03044252377003 1.89699597260915 1.34263507626019 1.42051502410322 1.32927411375567 1.27273356704973
1.00028405198827 1.82753083319403 1.81801748415455 1.88740426441655 0.974102574167773 1.5745900652837 1.04446577117778 0 0.96437340346165 0.982749780407175 1.56104533490725 1.66983629623428 1.8401785842143 1.73493327363394 1.78139404230751 1.35450427467003 1.3563868526835 1.23787280940451 1.64540123706684 0.994085092796013 1.532240816392 1.75944212009199 1.34488840214908 1.70619126898237 1.89930229843594 1.63643308216706 1.2991232983768 1.20739474892616 1.61479755281471 1.84694301430136
1.15620952192694 1.57192314928398 1.80301353754476 1.39434167835861 1.04554537544027 1.85291989403777 1.11359890829772 0.96437340346165 0 1.13815497653559 1.85426534339786 1.72514937305823 0.932297351304442 1.56143967621028 1.67940124217421 1.51270773890428 1.32597096054815 1.09451603656635 1.57709945342503 1.79948049294762 1.21116848406382 1.3166143449489 1.17276796023361 1.12211635895073 1.19709187420085 1.38467931514606 1.54528526426293 1.50425796979107 1.12522542616352 1.26748394174501
1.72324016853236 1.76789978798479 1.88897554995492 1.33182469662279 0.956885342253372 1.88677420886233 1.6206046640873 0.982749780407175 1.13815497653559 0 1.3174392785877 1.86683750571683 1.26798231620342 1.43881097901613 1.4840640060138 1.22844106703997 1.8730190906208 1.75176335847937 1.09953677630983 1.14696052926593 1.48453202284873 1.81221357407048 1.84797115623951 1.13261031080037 1.30177673907019 1.29659211612307 0.975982150295749 0.960502524860203 1.8446068323683 1.74980635778047
1.63339283526875 1.20138778630644 1.69459060579538 0.924197112442926 1.18545469408855 1.1020119888708 1.27455756999552 1.56104533490725 1.85426534339786 1.3174392785877 0 1.02129508997314 1.0579419429414 1.07902257191017 1.44114629365504 1.48488248488866 1.63556310650893 1.40076746372506 1.80681039649062 1.65815334720537 1.10176104330458 1.56984930741601 1.20180556573905 1.63178753410466 0.952607998624444 1.31513053225353 1.70928589790128 1.14405419817194 1.16595009248704 0.950933125801384
1.21086710225791 1.09649267373607 1.21357951359823 1.74699452356435 1.71684420551173 1.01661747437902 1.75137987639755 1.66983629623428 1.72514937305823 1.86683750571683 1.02129508997314 0 1.65270864940248 1.39155363454483 1.3749350910075 1.87661937298253 1.87211160175502 1.66480221389793 1.61268303077668 1.09624295844696 1.65179242379963 1.17504752380773 1.07196687092073 1.8714088331908 1.00950580602512 1.53038787888363 1.20353588508442 1.15817999490537 1.46951535553671 1.16022894298658
1.12941227992997 1.86924404627644 1.28739800839685 1.16605129651725 1.6693514524959 1.89080570475198 1.20270000491291 1.8401785842143 0.932297351304442 1.26798231620342 1.0579419429414 1.65270864940248 0 0.928736226866022 1.23135196347721 0.998610976850614 1.8471500063315 1.12243024096824 1.80374422715977 1.65911592682824 1.85663911537267 1.67977420403622 1.61805133149028 1.1387562144082 1.69669290701859 1.1974839749746 1.18488972843625 0.99524002848193 1.39807996223681 1.08853459032252
1.4274563388899 1.48813661700115 1.15153498481959 1.88444731454365 1.86715933750384 1.01671242760494 1.42442964622751 1.73493327363394 1.56143967621028 1.43881097901613 1.07902257191017 1.39155363454483 0.928736226866022 0 1.64675148786046 1.45960351708345 1.05400910833851 1.11846751580015 0.969176979037002 1.28561851615086 1.64069275581278 1.61381360795349 1.30465123057365 1.18346938327886 1.21997772459872 1.6155044271145 1.1230996393133 1.8413913694676 1.374126145849 1.29221537476406
1.07937714271247 1.52205513650551 1.8556950786151 1.67420456185937 1.87137727392837 1.66180206742138 1.27559754508547 1.78139404230751 1.67940124217421 1.4840640060138 1.44114629365504 1.3749350910075 1.23135196347721 1.64675148786046 0 1.74813866103068 0.948388619814068 1.64274184592068 0.95232589635998 0.961243986384943 1.7029875558801 1.89116736664437 0.978543046163395 0.913894938770682 1.48562195315026 1.09784898697399 1.24999030889012 1.12645419873297 1.41777559113689 1.51840699836612
1.52902260934934 1.68814902985469 1.70401293272153 1.19665313279256 1.56900556036271 1.70095505728386 1.39923599408939 1.35450427467003 1.51270773890428 1.22844106703997 1.48488248488866 1.87661937298253 0.998610976850614 1.45960351708345 1.74813866103068 0 1.28379636956379 1.77903757896274 1.02917469176464 1.88210708927363 1.40547283366323 1.09650173038244 1.78125485312194 0.959902274655178 1.4924588878639 1.37279312172905 1.36627740575932 1.5725874833297 1.66026613139547 1.45481918985024
1.29506722395308 1.1872472949326 1.00175081612542 1.34894473152235 1.16546083730645 1.54784433334135 1.77327494253404 1.3563868526835 1.32597096054815 1.8730190906208 1.63556310650893 1.87211160175502 1.8471500063315 1.05400910833851 0.948388619814068 1.28379636956379 0 1.67639885679819 1.83981076232158 1.31472187791951 1.63203307334334 1.44898053235374 1.88428318267688 1.62793416972272 1.79346271883696 1.54358859336935 1.89144229586236 1.82565386220813 1.86412294371985 1.25151871726848
1.20052180765197 1.58855424681678 1.83532959455624 1.70329697593115 1.73257077625021 1.87591144279577 1.28784110583365 1.23787280940451 1.09451603656635 1.75176335847937 1.40076746372506 1.66480221389793 1.12243024096824 1.11846751580015 1.64274184592068 1.77903757896274 1.67639885679819 0 1.45241288491525 1.08650732995011 1.30249321041629 1.84058051207103 0.909451434621587 0.956739251734689 1.84401384764351 1.44467618013732 1.61549918772653 1.89859481528401 1.25047973589972 1.16840738989413
1.52998757944442 0.933154268655926 1.3315183124505 1.02908668271266 1.67223083460703 1.86208821972832 1.56996535835788 1.64540123706684 1.57709945342503 1.09953677630983 1.80681039649062 1.61268303077668 1.80374422715977 0.969176979037002 0.95232589635998 1.02917469176464 1.83981076232158 1.45241288491525 0 1.82189762732014 1.0886774926912 1.03742836904712 1.68939820234664 1.38480358594097 1.58988530701026 1.48702793638222 1.47786377393641 1.76570632308722 1.79702524770983 1.05051440373063
1.22186447028071 1.67963355616666 1.09441243903711 1.09864626382478 0.944298619404435 1.01886469242163 1.71611642884091 0.994085092796013 1.79948049294762 1.14696052926593 1.65815334720537 1.09624295844696 1.65911592682824 1.28561851615086 0.961243986384943 1.88210708927363 1.31472187791951 1.08650732995011 1.82189762732014 0 1.81359035964124 1.6732254549861 1.367071084911 1.52372512314469 1.10452135861851 1.61337465466931 1.60526665137149 1.81979871797375 1.31411545630544 1.88531859451905
1.33523782389238 1.58640048257075 1.69398503634147 1.10229394794442 1.55328467581421 1.27978750132024 1.69850633200258 1.532240816392 1.21116848406382 1.48453202284873 1.10176104330458 1.65179242379963 1.85663911537267 1.64069275581278 1.7029875558801 1.40547283366323 1.63203307334334 1.30249321041629 1.0886774926912 1.81359035964124 0 1.33855023793876 1.04457234661095 1.25521433330141 1.88142896513455 1.06659217830747 0.991158845834434 1.69288715068251 1.28557845903561 1.6320558488369
1.80897518340498 1.63914922322147 1.46904589189216 1.28192822006531 1.35827922914177 1.56579140899703 1.5906852837652 1.75944212009199 1.3166143449489 1.81221357407048 1.56984930741601 1.17504752380773 1.67977420403622 1.61381360795349 1.89116736664437 1.09650173038244 1.44898053235374 1.84058051207103 1.03742836904712 1.6732254549861 1.33855023793876 0 1.33726139110513 1.61078062746674 1.68945140065625 1.40159480809234 1.68420519726351 1.88642813405022 1.29884117189795 1.10164034832269
1.24407014530152 1.85588662768714 1.57818484748714 0.957886295858771 0.968498334055766 1.19119539880194 1.68018347024918 1.34488840214908 1.17276796023361 1.84797115623951 1.20180556573905 1.07196687092073 1.61805133149028 1.30465123057365 0.978543046163395 1.78125485312194 1.88428318267688 0.909451434621587 1.68939820234664 1.367071084911 1.04457234661095 1.33726139110513 0 0.971503104316071 0.934562413021922 1.3112339254003 1.56701233517379 1.80234229448251 1.90154797281139 1.215499418322
1.26264132000506 1.76143770292401 0.942378308624029 1.17982556950301 1.24749234318733 0.989785703830421 0.95200686273165 1.70619126898237 1.12211635895073 1.13261031080037 1.63178753410466 1.8714088331908 1.1387562144082 1.18346938327886 0.913894938770682 0.959902274655178 1.62793416972272 0.956739251734689 1.38480358594097 1.52372512314469 1.25521433330141 1.61078062746674 0.971503104316071 0 1.21955256769434 1.52198850712739 1.20878223865293 1.00488825934008 1.66772439470515 1.25124354590662
1.89802986569703 1.62236223532818 1.26586788729765 1.00259525026195 1.73632911033928 1.24524072255008 1.03044252377003 1.89930229843594 1.19709187420085 1.30177673907019 0.952607998624444 1.00950580602512 1.69669290701859 1.21997772459872 1.48562195315026 1.4924588878639 1.79346271883696 1.84401384764351 1.58988530701026 1.10452135861851 1.88142896513455 1.68945140065625 0.934562413021922 1.21955256769434 0 1.48686035256833 1.69592826929875 1.02793159498833 1.44091097638011 1.13873882545158
1.70891052158549 1.28752279491164 1.86040807329118 0.964125358033925 1.74807824986055 1.30608792765997 1.89699597260915 1.63643308216706 1.38467931514606 1.29659211612307 1.31513053225353 1.53038787888363 1.1974839749746 1.6155044271145 1.09784898697399 1.37279312172905 1.54358859336935 1.44467618013732 1.48702793638222 1.61337465466931 1.06659217830747 1.40159480809234 1.3112339254003 1.52198850712739 1.48686035256833 0 0.977974111447111 1.50395266874693 1.51355399447493 1.18038093834184
1.79028199240565 1.17183637502603 1.76016364945099 1.69388682115823 1.84310707636178 1.27292430051602 1.34263507626019 1.2991232983768 1.54528526426293 0.975982150295749 1.70928589790128 1.20353588508442 1.18488972843625 1.1230996393133 1.24999030889012 1.36627740575932 1.89144229586236 1.61549918772653 1.47786377393641 1.60526665137149 0.991158845834434 1.68420519726351 1.56701233517379 1.20878223865293 1.69592826929875 0.977974111447111 0 1.06223506829701 1.00717038381845 1.53548072860576
1.80972594511695 1.53746569366194 1.24848311301321 1.64287271886133 1.81641528056934 1.55608165101148 1.42051502410322 1.20739474892616 1.50425796979107 0.960502524860203 1.14405419817194 1.15817999490537 0.99524002848193 1.8413913694676 1.12645419873297 1.5725874833297 1.82565386220813 1.89859481528401 1.76570632308722 1.81979871797375 1.69288715068251 1.88642813405022 1.80234229448251 1.00488825934008 1.02793159498833 1.50395266874693 1.06223506829701 0 1.28886814392172 1.26392563432455
1.26087841694243 1.07131528807804 0.909175752894953 1.40314720268361 1.61447923816741 1.65136304683983 1.32927411375567 1.61479755281471 1.12522542616352 1.8446068323683 1.16595009248704 1.46951535553671 1.39807996223681 1.374126145849 1.41777559113689 1.66026613139547 1.86412294371985 1.25047973589972 1.79702524770983 1.31411545630544 1.28557845903561 1.29884117189795 1.90154797281139 1.66772439470515 1.44091097638011 1.51355399447493 1.00717038381845 1.28886814392172 0 0.913227220997214
0.953958172816783 1.11376155773178 1.27265560277738 1.25977192306891 1.53758076927625 1.69472271273844 1.27273356704973 1.84694301430136 1.26748394174501 1.74980635778047 0.950933125801384 1.16022894298658 1.08853459032252 1.29221537476406 1.51840699836612 1.45481918985024 1.25151871726848 1.16840738989413 1.05051440373063 1.88531859451905 1.6320558488369 1.10164034832269 1.215499418322 1.25124354590662 1.13873882545158 1.18038093834184 1.53548072860576 1.26392563432455 0.913227220997214 0
