0 1.00321448361501 1.50140015361831 1.60381661099382 1.75395477702841 1.23129885876551 1.16253034723923 1.712221842492 1.26742260856554 1.4975956112612 1.91387583129108 1.92369034374133 1.19950785604306 1.22691008425318 1.32364987488836 1.61478243302554 1.45290233334526 1.88938317657448 1.3575531009119 1.27505961921997 1.65064176614396 1.11571603221819 1.41091171838343 1.59011255018413 1.37787523632869 1.29502451536246 1.12822644552216 1.2712074755691 1.45357448514551 1.2983671578113
1.00321448361501 0 1.84287887462415 1.71439291071147 1.23540216102265 1.76231081155129 1.29545100545511 1.80311806406826 1.77252511493862 1.16891587851569 0.943295233184472 1.81488613411784 0.9450392073486 1.02668425114825 1.44648898020387 1.2432200119365 1.82953552436084 1.37070157728158 1.24076046561822 1.87423780933022 1.17214718414471 1.10557641740888 1.14547497103922 1.01522417715751 1.77125279675238 1.78466902533546 1.61782351345755 1.27724939095788 1.8046504589729 1.11661194358021
1.50140015361831 1.84287887462415 0 1.33194379601628 1.7000334430486 1.29338410357013 1.17453029076569 1.50920102326199 1.25547347636893 1.43866881961003 1.26459959708154 1.66769959055819 1.05204945453443 1.40612252708524 1.8665531524457 1.33623096882366 1.19770874991082 1.82795732445084 1.56167398882098 1.7796746888198 1.90867601241916 1.07556950021535 1.8462705402635 1.52625688561238 1.48972004535608 1.80117575335316 1.29960657004267 1.14075234276243 1.72309277905151 1.62978898570873
1.60381661099382 1.71439291071147 1.33194379601628 0 1.2381379858125 1.01167541462928 1.7947948074434 1.67057346436195 1.33981534535997 1.93438436510041 1.05374321807176 1.01304923882708 1.34692557761446 1.43240145314485 1.72078501386568 1.42214650544338 1.61858949321322 1.34309722227044 1.0021251894068 1.4767186739482 1.02999550430104 1.32515780301765 0.950925009092316 1.30484768655151 1.19535838067532 1.3070296915248 1.64857336948626 1.14877911075018 1.19060728373006 1.50245032575913
1.75395477702841 1.23540216102265 1.7000334430486 1.2381379858125 0 1.50359986233525 1.31018043099903 1.77053745626472 1.64672640524805 1.13637408823706 1.91841069655493 1.26577814528719 1.24717333447188 1.69841345655732 1.1459159895312 0.993616294581443 1.51047968911007 1.46879428322427 1.02260577841662 1.26055366499349 1.74562733457424 1.0483803153038 1.8053726349026 1.59730307199061 1.83924340154044 1.78666923311539 1.8347886595875 1.71976879402064 1.93642503372394 0.999302603537217
1.23129885876551 1.76231081155129 1.29338410357013 1.01167541462928 1.50359986233525 0 1.66824942314997 1.75348093966022 1.73528730799444 0.961679426254705 1.54476633365266 1.33432424254715 0.957972848089412 1.42192349256948 1.77723631518893 1.94007385941222 1.22027758229524 1.36498807161115 1.82495962549001 1.46094312658533 1.58647677325644 1.52577691851184 1.20011630933732 0.950368046294898 1.35498727555387 0.985072842100635 1.61072929343209 1.68670560419559 1.10176740936004 1.274016010575
1.16253034723923 1.29545100545511 1.17453029076569 1.7947948074434 1.31018043099903 1.66824942314997 0 1.71575992135331 1.21450019977055 1.58288288698532 1.61869599646889 1.79721956397407 1.24653071141802 1.17169000417925 1.71530926669948 1.80664077145047 1.45792962331325 1.03550157952122 1.86019639717415 1.63979422976263 1.26587751228362 1.34109814977273 1.04476896487176 1.33610642864369 1.63436100166291 1.13030630396679 1.76851044292562 1.00429409951903 1.91111149336211 1.10380944795907
1.712221842492 1.80311806406826 1.50920102326199 1.67057346436195 1.77053745626472 1.75348093966022 1.71575992135331 0 1.66862010559998 1.05842523695901 1.26218522549607 1.76371114398353 1.65145125123672 1.77223551622592 1.83777003712021 1.84586292761378 1.74135638284497 0.948012967593968 1.04428813490085 1.73087870585732 1.02650264534168 1.17603836860508 1.23286212817766 1.68382276594639 0.961459630867466 1.88910758891143 1.38210913236253 1.32073246687651 0.982099612709135 1.43229977088049
1.26742260856554 1.77252511493862 1.25547347636893 1.33981534535997 1.64672640524805 1.73528730799444 1.21450019977055 1.66862010559998 0 1.70907963369973 1.0274021027144 1.21446008328348 1.52497797645628 1.7581655732356 1.26726273819804 1.35130514227785 1.30725203640759 1.3874609854538 1.36474663973786 1.46817139326595 1.71863546408713 1.92742797685787 1.86893974384293 1.87704560672864 1.02317512966692 1.52961644763127 1.23350167763419 0.957214457681403 1.87732193572447 1.45196095528081
1.4975956112612 1.16891587851569 1.43866881961003 1.93438436510041 1.13637408823706 0.961679426254705 1.58288288698532 1.05842523695901 1.70907963369973 0 1.84212648379616 1.47492341627367 1.68212979566306 1.36552747781388 1.77637710119598 1.70849736174569 1.39028234779835 1.51692747068591 1.52919747075066 1.15568062011153 1.05806225421838 1.02371119498275 1.80957551649772 1.58389925956726 1.31484427605756 1.69792915973812 1.79012653673999 1.03632813692093 1.22742970148101 1.81533517595381
1.91387583129108 0.943295233184472 1.26459959708154 1.05374321807176 1.91841069655493 1.54476633365266 1.61869599646889 1.26218522549607 1.0274021027144 1.84212648379616 0 1.41446025879122 1.32306178286672 1.76755843078718 0.969416275853291 1.52954379026778 1.21493662311696 1.77090594219044 1.35164405195974 1.56214640056714 1.07097711507231 1.48216238664463 1.50327526568435 0.94490092433989 1.43081922247075 1.73987011797726 1.9310924729798 1.19368598959409 1.70674502965994 1.21398731973022
1.92369034374133 1.81488613411784 1.66769959055819 1.01304923882708 1.26577814528719 1.33432424254715 1.79721956397407 1.76371114398353 1.21446008328348 1.47492341627367 1.41446025879122 0 1.72327951085754 1.52661775425076 0.990692571271211 1.77642574766651 1.41261418862268 1.43002024712041 1.75696800812148 1.59378659748472 1.16695410688408 1.09231817675754 1.42887325282209 1.10955114709213 1.35594476666301 1.4127929538954 1.2775340306107 1.54385962942615 1.84939621249214 1.08602045779116
1.19950785604306 0.9450392073486 1.05204945453443 1.34692557761446 1.24717333447188 0.957972848089412 1.24653071141802 1.65145125123672 1.52497797645628 1.68212979566306 1.32306178286672 1.72327951085754 0 1.60962540772744 1.31632553273812 1.7379418972414 1.0159126596991 1.53431362356059 1.29598060739227 1.40239035477862 0.966265010647476 1.27714767702855 1.41687577171251 1.30805791937746 1.53716369741596 1.80800758767873 1.0385360524524 1.14572220458649 1.46326619293541 1.02155301277526
1.22691008425318 1.02668425114825 1.40612252708524 1.43240145314485 1.69841345655732 1.42192349256948 1.17169000417925 1.77223551622592 1.7581655732356 1.36552747781388 1.76755843078718 1.52661775425076 1.60962540772744 0 1.93181639001705 1.65592703339644 1.15281216218136 1.00056514306925 1.22519563185051 1.31790635734797 1.08179729804397 0.956087540835142 1.21630731481127 1.43776639946736 1.80565978912637 1.23684578272514 1.77441451558843 1.89091552281752 1.03063903329894 0.982535638380796
1.32364987488836 1.44648898020387 1.8665531524457 1.72078501386568 1.1459159895312 1.77723631518893 1.71530926669948 1.83777003712021 1.26726273819804 1.77637710119598 0.969416275853291 0.990692571271211 1.31632553273812 1.93181639001705 0 1.04861586913466 1.70455624489114 1.41697132494301 1.50711840880103 1.36651826510206 1.04329126211815 1.27899230108596 1.38975678174756 1.2538197778631 1.87803494976833 1.62047669873573 1.45798188401386 1.16344344359823 1.74860592000186 1.13573409151286
1.61478243302554 1.2432200119365 1.33623096882366 1.42214650544338 0.993616294581443 1.94007385941222 1.80664077145047 1.84586292761378 1.35130514227785 1.70849736174569 1.52954379026778 1.77642574766651 1.7379418972414 1.65592703339644 1.04861586913466 0 1.70571191376075 1.60480163292959 1.0290882543195 1.51456437143497 1.38505462510511 1.7540761444252 1.02078075683676 1.657870703144 1.75681849801913 1.01698145992123 1.0876445453614 1.87731320480816 1.76922947727144 1.10467660101131
1.45290233334526 1.82953552436084 1.19770874991082 1.61858949321322 1.51047968911007 1.22027758229524 1.45792962331325 1.74135638284497 1.30725203640759 1.39028234779835 1.21493662311696 1.41261418862268 1.0159126596991 1.15281216218136 1.70455624489114 1.70571191376075 0 1.93565303389914 1.39921786752529 1.74772335402668 1.48345046746545 0.996853954158723 1.2839652756229 1.58305109431967 1.41776451212354 1.36646001995541 1.48479512403719 1.17495899274945 1.45807998813689 1.06359841511585
1.88938317657448 1.37070157728158 1.82795732445084 1.34309722227044 1.46879428322427 1.36498807161115 1.03550157952122 0.948012967593968 1.3874609854538 1.51692747068591 1.77090594219044 1.43002024712041 1.53431362356059 1.00056514306925 1.41697132494301 1.60480163292959 1.93565303389914 0 1.85663268505596 1.83038551267236 1.66355309076607 0.971902575809509 1.85906670568511 1.48075408185832 1.10821695602499 1.85222318093292 1.77196026826277 1.4288590317592 1.92078879638575 1.79131562821567
1.3575531009119 1.24076046561822 1.56167398882098 1.0021251894068 1.02260577841662 1.82495962549001 1.86019639717415 1.04428813490085 1.36474663973786 1.52919747075066 1.35164405195974 1.75696800812148 1.29598060739227 1.22519563185051 1.50711840880103 1.0290882543195 1.39921786752529 1.85663268505596 0 1.85287811700255 1.58729232265614 1.48831058456562 1.92725569405593 1.24162004305981 1.39825213863514 1.50502440100536 1.1958341919817 1.2372744649183 1.53374695195816 1.74287960492074
1.27505961921997 1.87423780933022 1.7796746888198 1.4767186739482 1.26055366499349 1.46094312658533 1.63979422976263 1.73087870585732 1.46817139326595 1.15568062011153 1.56214640056714 1.59378659748472 1.40239035477862 1.31790635734797 1.36651826510206 1.51456437143497 1.74772335402668 1.83038551267236 1.85287811700255 0 1.18962789676152 1.28032543696463 1.63960652402602 1.30448585865088 1.46213096566498 0.996958479750901 1.93704294716008 1.45883027091622 1.68100962066092 1.59467939659953
1.65064176614396 1.17214718414471 1.90867601241916 1.02999550430104 1.74562733457424 1.58647677325644 1.26587751228362 1.02650264534168 1.71863546408713 1.05806225421838 1.07097711507231 1.16695410688408 0.966265010647476 1.08179729804397 1.04329126211815 1.38505462510511 1.48345046746545 1.66355309076607 1.58729232265614 1.18962789676152 0 1.85501209343784 1.0543383830227 1.80058170994744 1.45343042770401 1.6971102708485 1.53337708790787 1.10183653887361 1.27550167543814 1.11439140280709
1.11571603221819 1.10557641740888 1.07556950021535 1.32515780301765 1.0483803153038 1.52577691851184 1.34109814977273 1.17603836860508 1.92742797685787 1.02371119498275 1.48216238664463 1.09231817675754 1.27714767702855 0.956087540835142 1.27899230108596 1.7540761444252 0.996853954158723 0.971902575809509 1.48831058456562 1.28032543696463 1.85501209343784 0 1.23367871437222 1.07251672307029 1.26017955667339 1.931292650057 1.16988246771507 1.66869030892849 0.948886220576242 1.66699114744551
1.41091171838343 1.14547497103922 1.8462705402635 0.950925009092316 1.8053726349026 1.20011630933732 1.04476896487176 1.23286212817766 1.86893974384293 1.80957551649772 1.50327526568435 1.42887325282209 1.41687577171251 1.21630731481127 1.38975678174756 1.02078075683676 1.2839652756229 1.85906670568511 1.92725569405593 1.63960652402602 1.0543383830227 1.23367871437222 0 1.83188917231746 1.71621410059743 1.71942420303822 1.65765933832154 1.63186848326586 1.05277071683668 1.47277418500744
1.59011255018413 1.01522417715751 1.52625688561238 1.30484768655151 1.59730307199061 0.950368046294898 1.33610642864369 1.68382276594639 1.87704560672864 1.58389925956726 0.94490092433989 1.10955114709213 1.30805791937746 1.43776639946736 1.2538197778631 1.657870703144 1.58305109431967 1.48075408185832 1.24162004305981 1.30448585865088 1.80058170994744 1.07251672307029 1.83188917231746 0 1.64669359195977 1.54472469328903 1.2598739117384 1.70911945938133 1.51750430394895 1.32003589370288
1.37787523632869 1.77125279675238 1.48972004535608 1.19535838067532 1.83924340154044 1.35498727555387 1.63436100166291 0.961459630867466 1.02317512966692 1.31484427605756 1.43081922247075 1.35594476666301 1.53716369741596 1.80565978912637 1.87803494976833 1.75681849801913 1.41776451212354 1.10821695602499 1.39825213863514 1.46213096566498 1.45343042770401 1.26017955667339 1.71621410059743 1.64669359195977 0 1.59875233494677 0.998568138107657 1.10733310156502 1.10687204333954 1.41050182771869
1.29502451536246 1.78466902533546 1.80117575335316 1.3070296915248 1.78666923311539 0.985072842100635 1.13030630396679 1.88910758891143 1.52961644763127 1.69792915973812 1.73987011797726 1.4127929538954 1.80800758767873 1.23684578272514 1.62047669873573 1.01698145992123 1.36646001995541 1.85222318093292 1.50502440100536 0.996958479750901 1.6971102708485 1.931292650057 1.71942420303822 1.54472469328903 1.59875233494677 0 1.14126850268804 1.05043759429827 1.51410242845304 1.54210253036581
1.12822644552216 1.61782351345755 1.29960657004267 1.64857336948626 1.8347886595875 1.61072929343209 1.76851044292562 1.38210913236253 1.23350167763419 1.79012653673999 1.9310924729798 1.2775340306107 1.0385360524524 1.77441451558843 1.45798188401386 1.0876445453614 1.48479512403719 1.77196026826277 1.1958341919817 1.93704294716008 1.53337708790787 1.16988246771507 1.65765933832154 1.2598739117384 0.998568138107657 1.14126850268804 0 1.90033603855409 1.01319148391485 1.34734404250048
1.2712074755691 1.27724939095788 1.14075234276243 1.14877911075018 1.71976879402064 1.68670560419559 1.00429409951903 1.32073246687651 0.957214457681403 1.03632813692093 1.19368598959409 1.54385962942615 1.14572220458649 1.89091552281752 1.16344344359823 1.87731320480816 1.17495899274945 1.4288590317592 1.2372744649183 1.45883027091622 1.10183653887361 1.66869030892849 1.63186848326586 1.70911945938133 1.10733310156502 1.05043759429827 1.90033603855409 0 1.75469144922681 1.50193839450367
1.45357448514551 1.8046504589729 1.72309277905151 1.19060728373006 1.93642503372394 1.10176740936004 1.91111149336211 0.982099612709135 1.87732193572447 1.22742970148101 1.70674502965994 1.84939621249214 1.46326619293541 1.03063903329894 1.74860592000186 1.76922947727144 1.45807998813689 1.92078879638575 1.53374695195816 1.68100962066092 1.27550167543814 0.948886220576242 1.05277071683668 1.51750430394895 1.10687204333954 1.51410242845304 1.01319148391485 1.75469144922681 0 1.19549647858366
1.2983671578113 1.11661194358021 1.62978898570873 1.50245032575913 0.999302603537217 1.274016010575 1.10380944795907 1.43229977088049 1.45196095528081 1.81533517595381 1.21398731973022 1.08602045779116 1.02155301277526 0.982535638380796 1.13573409151286 1.10467660101131 1.06359841511585 1.79131562821567 1.74287960492074 1.59467939659953 1.11439140280709 1.66699114744551 1.47277418500744 1.32003589370288 1.41050182771869 1.54210253036581 1.34734404250048 1.50193839450367 1.19549647858366 0
