0 0.907438224880025 1.48886503442191 1.38597761187702 1.87402625521645 1.76915972051211 1.11719375755638 1.44520879304036 1.3582170305308 1.34437958407216 0.964387813815847 1.55416743597016 1.63399820425548 1.87752380548045 1.37844338431023 1.74607742810622 1.17290029511787 1.39200126100332 1.51876089023426 0.936339335981756 1.12279443629086 1.76630917750299 0.944565682904795 1.30390298366547 1.40019706613384 0.976481809280813 1.03314676205628 1.18544943118468 1.88391947909258 1.4248845949769
0.907438224880025 0 1.27227211906575 1.10251029301435 1.47293025022373 1.76460382458754 1.29975402774289 1.43904070975259 1.30545456986874 1.53883955837227 1.57951203850098 1.82221589330584 1.55070279096253 1.48936176300049 1.4253881466575 1.89362085517496 1.55687614926137 1.16387420683168 0.94929145113565 1.27380610350519 1.25627464195713 1.04845343460329 1.78467402304523 1.57233063597232 1.55451804865152 1.14089685678482 1.04616570402868 0.98332704231143 1.24132607528009 1.40404330985621
1.48886503442191 1.27227211906575 0 1.73201060527936 1.52630179957487 1.52499686437659 1.54563109599985 1.15326812374406 0.984146899543703 1.54174630297348 1.5128389429301 1.0942945163697 1.60046982206404 1.46588374697603 1.0350986237172 1.52477704756893 1.15016943681985 1.23624235880561 1.11782316653989 1.12647016416304 1.75684677483514 1.1858170828782 1.34883916983381 1.42113345093094 1.83929398399778 1.14662264380604 1.25708853336982 1.20571978855878 1.5529384445399 1.22598727070726
1.38597761187702 1.10251029301435 1.73201060527936 0 1.3562366690021 1.84754720935598 1.88663429371081 1.55618453538045 1.384321837686 1.05411908612587 1.62654082872905 1.05205584410578 1.56016977666877 1.82717801770195 1.01740275183693 1.32396947429515 1.60043271258473 1.09822770394385 1.00903557031415 1.84413883253001 1.43199502793141 1.37099314155057 1.64107190351933 1.25298963789828 1.40620108414441 1.02378796413541 0.992174411891028 1.21700900490396 1.01308211334981 1.33452061982825
1.87402625521645 1.47293025022373 1.52630179957487 1.3562366690021 0 1.57171185663901 1.15439524804242 1.10786455636844 1.15272415126674 1.88557880860753 1.7272887986619 0.912108964985237 1.23940382525325 1.87875421275385 1.16454379679635 1.7420543404296 1.34153023641557 0.953815060202032 1.71976520097815 1.24191290559247 1.7377295512706 0.984655743697658 1.76062316866592 1.76407747715712 1.12977940123528 1.59975232696161 1.85600517108105 1.41769856307656 1.32578080985695 1.3568369995337
1.76915972051211 1.76460382458754 1.52499686437659 1.84754720935598 1.57171185663901 0 0.908358425134793 1.18187117367052 1.46081589581445 1.78675539279357 1.44762434624135 1.87243435205892 0.956323529826477 1.86924548749812 1.70226505608298 1.57392234844156 1.46197445411235 1.8163481275551 1.11475638113916 1.45457511185668 1.16066283965483 1.29970862739719 1.53032213379629 1.63777949288487 1.51055710506625 1.42759521608241 1.67139672581106 1.16738643613644 1.34495449066162 1.32026035222225
1.11719375755638 1.29975402774289 1.54563109599985 1.88663429371081 1.15439524804242 0.908358425134793 0 1.38881544512697 1.02045296574943 1.23852252494544 1.24467711825855 1.05372759699821 0.984955189283937 1.80575850512832 1.60449098306708 1.84262186614797 1.35891668894328 1.7096197900828 0.950946259545162 1.08330491813831 1.84221532125957 1.22063933149911 1.3572175076697 1.05761779146269 1.8808434526436 1.68228157423437 1.25381179712713 1.58573482674547 1.86754771927372 1.28491039411165
1.44520879304036 1.43904070975259 1.15326812374406 1.55618453538045 1.10786455636844 1.18187117367052 1.38881544512697 0 1.79233479476534 1.85958282207139 1.07064084825106 1.01479243324138 1.41870586574078 1.82437231228687 1.45360625418834 0.965639083646238 1.41485814331099 1.31233429256827 1.03259651944973 1.00463994289748 0.940574700245634 1.31634655315429 1.87595278373919 1.63796779536642 1.26614907616749 1.3401680146344 0.979628863744438 1.30676795751788 1.14561159769073 1.3982108940836
1.3582170305308 1.30545456986874 0.984146899543703 1.384321837686 1.15272415126674 1.46081589581445 1.02045296574943 1.79233479476534 0 1.69175682333298 1.44299234775826 1.42216993449256 1.06109200534411 1.75986437150277 1.48001053486951 0.981581398285925 1.19030232122168 1.30744920368306 1.6708874932956 1.83152708271518 1.42959784739651 1.57447198801674 1.60655958694406 1.57618851098232 1.43737576436251 1.8209005065728 1.64534471277148 1.03566116443835 1.26941338600591 1.32808097614907
1.34437958407216 1.53883955837227 1.54174630297348 1.05411908612587 1.88557880860753 1.78675539279357 1.23852252494544 1.85958282207139 1.69175682333298 0 1.84126146021299 1.61882571293972 1.88554895040579 1.67092275386676 1.57434971490875 1.22053458169103 1.28556230990216 1.68046706193127 1.22682205820456 1.10629213857464 0.919596741674468 1.62176834675483 1.87242494849488 1.80617427639663 1.19323741970584 1.21201912080869 1.45221758983098 1.4462024110835 1.67672859504819 1.58272401033901
0.964387813815847 1.57951203850098 1.5128389429301 1.62654082872905 1.7272887986619 1.44762434624135 1.24467711825855 1.07064084825106 1.44299234775826 1.84126146021299 0 1.05761820101179 1.68227428523824 1.07737133954652 1.50793614168651 1.23440648266114 1.69339628634043 1.88754406035878 1.68732021073811 1.24354816856794 1.42746146395802 1.25955651700497 1.69961075088941 1.21740569872782 1.84349103039131 1.19122851802967 0.955698831472546 1.36069567687809 1.36116320430301 1.66875248355791
1.55416743597016 1.82221589330584 1.0942945163697 1.05205584410578 0.912108964985237 1.87243435205892 1.05372759699821 1.01479243324138 1.42216993449256 1.61882571293972 1.05761820101179 0 1.20457004732452 1.37155837798491 0.915278294123709 1.71827183989808 1.57826076936908 1.42122826981358 1.54349402035587 1.19648934225552 1.2966334912926 1.7400795633439 1.30266851489432 1.19730662484653 1.58585929684341 1.03587469016202 1.15658571547829 1.37455184198916 1.64343393524177 1.54980300948955
1.63399820425548 1.55070279096253 1.60046982206404 1.56016977666877 1.23940382525325 0.956323529826477 0.984955189283937 1.41870586574078 1.06109200534411 1.88554895040579 1.68227428523824 1.20457004732452 0 1.3392780367285 1.18214456993155 1.43293738574721 1.0523436749354 1.1144221003633 1.51817172556184 0.972619423642755 1.82633940712549 1.45181443705224 1.81592957046814 1.03406096226536 1.31132327020168 1.26961392117664 1.67256593354978 1.71873773634434 1.76100567448884 0.941266591893509
1.87752380548045 1.48936176300049 1.46588374697603 1.82717801770195 1.87875421275385 1.86924548749812 1.80575850512832 1.82437231228687 1.75986437150277 1.67092275386676 1.07737133954652 1.37155837798491 1.3392780367285 0 1.54035203671083 1.86672760266811 1.59202135936357 1.34025164833292 1.04839877318591 1.48723496217281 1.06032197060995 1.75711960275657 1.31646662671119 1.64541955245659 1.21650850167498 1.01742726541124 1.63251304253936 1.2067876320798 1.77318468131125 1.65709822415374
1.37844338431023 1.4253881466575 1.0350986237172 1.01740275183693 1.16454379679635 1.70226505608298 1.60449098306708 1.45360625418834 1.48001053486951 1.57434971490875 1.50793614168651 0.915278294123709 1.18214456993155 1.54035203671083 0 0.928599132457748 1.44129503378645 1.19967413786799 1.32167608849704 1.52623727684841 1.10351896216162 1.70900241588242 1.23372299410403 1.46726962947287 1.25155411753803 1.13443286134861 0.99697532155551 1.54179894598201 1.24333332479 1.65286443312652
1.74607742810622 1.89362085517496 1.52477704756893 1.32396947429515 1.7420543404296 1.57392234844156 1.84262186614797 0.965639083646238 0.981581398285925 1.22053458169103 1.23440648266114 1.71827183989808 1.43293738574721 1.86672760266811 0.928599132457748 0 0.894342116545886 1.24197186296806 1.34523283480667 1.20296588516794 1.0303918228019 1.23313964670524 1.05660231201909 1.82809974672273 1.82834426942281 1.13805268076248 0.954439692664891 1.47766706487164 1.31098497845232 1.66046984540299
1.17290029511787 1.55687614926137 1.15016943681985 1.60043271258473 1.34153023641557 1.46197445411235 1.35891668894328 1.41485814331099 1.19030232122168 1.28556230990216 1.69339628634043 1.57826076936908 1.0523436749354 1.59202135936357 1.44129503378645 0.894342116545886 0 1.03272702288814 1.26078069210052 1.28009953862056 1.03697962360457 1.54721610574052 0.956793441437185 1.27893249969929 0.934002152876928 1.12753538740799 0.915380764752626 1.24206192162819 1.62035619304515 1.13911358010955
1.39200126100332 1.16387420683168 1.23624235880561 1.09822770394385 0.953815060202032 1.8163481275551 1.7096197900828 1.31233429256827 1.30744920368306 1.68046706193127 1.88754406035878 1.42122826981358 1.1144221003633 1.34025164833292 1.19967413786799 1.24197186296806 1.03272702288814 0 1.00961769162677 1.68683090875857 1.49971320433542 1.8211021211464 1.42883772891946 1.65407010144554 1.02038238639943 1.62015324551612 1.75826282193884 1.40734869753942 1.23354478832334 1.32061487901956
1.51876089023426 0.94929145113565 1.11782316653989 1.00903557031415 1.71976520097815 1.11475638113916 0.950946259545162 1.03259651944973 1.6708874932956 1.22682205820456 1.68732021073811 1.54349402035587 1.51817172556184 1.04839877318591 1.32167608849704 1.34523283480667 1.26078069210052 1.00961769162677 0 0.995402211789042 1.62939920928329 1.51967382873408 1.01477481913753 1.29159126919694 1.25188917038031 1.80240261368454 1.69996600691229 1.42684578662738 1.52664625621401 1.02083313884214
0.936339335981756 1.27380610350519 1.12647016416304 1.84413883253001 1.24191290559247 1.45457511185668 1.08330491813831 1.00463994289748 1.83152708271518 1.10629213857464 1.24354816856794 1.19648934225552 0.972619423642755 1.48723496217281 1.52623727684841 1.20296588516794 1.28009953862056 1.68683090875857 0.995402211789042 0 1.25818935944699 1.13695795112289 1.23931780550629 1.00588055374101 1.66321410145611 0.928463888354599 1.0607853056863 1.54774806997739 1.72824385855347 1.13342154212296
1.12279443629086 1.25627464195713 1.75684677483514 1.43199502793141 1.7377295512706 1.16066283965483 1.84221532125957 0.940574700245634 1.42959784739651 0.919596741674468 1.42746146395802 1.2966334912926 1.82633940712549 1.06032197060995 1.10351896216162 1.0303918228019 1.03697962360457 1.49971320433542 1.62939920928329 1.25818935944699 0 1.33257002802566 1.75801146705635 1.33580325474031 1.3309690465685 1.11321564461105 1.25346994469874 1.36761928698979 1.01731812837534 1.34470780612901
1.76630917750299 1.04845343460329 1.1858170828782 1.37099314155057 0.984655743697658 1.29970862739719 1.22063933149911 1.31634655315429 1.57447198801674 1.62176834675483 1.25955651700497 1.7400795633439 1.45181443705224 1.75711960275657 1.70900241588242 1.23313964670524 1.54721610574052 1.8211021211464 1.51967382873408 1.13695795112289 1.33257002802566 0 1.04617339163087 1.5405412549153 1.83700587879866 1.79853734560311 1.4032646541018 1.20978737971745 1.21753478841856 1.10958524583839
0.944565682904795 1.78467402304523 1.34883916983381 1.64107190351933 1.76062316866592 1.53032213379629 1.3572175076697 1.87595278373919 1.60655958694406 1.87242494849488 1.69961075088941 1.30266851489432 1.81592957046814 1.31646662671119 1.23372299410403 1.05660231201909 0.956793441437185 1.42883772891946 1.01477481913753 1.23931780550629 1.75801146705635 1.04617339163087 0 0.900434266543016 1.36004113336094 1.32396968640387 1.44597054342739 1.24989098683 1.79981672810391 1.21773129119538
1.30390298366547 1.57233063597232 1.42113345093094 1.25298963789828 1.76407747715712 1.63777949288487 1.05761779146269 1.63796779536642 1.57618851098232 1.80617427639663 1.21740569872782 1.19730662484653 1.03406096226536 1.64541955245659 1.46726962947287 1.82809974672273 1.27893249969929 1.65407010144554 1.29159126919694 1.00588055374101 1.33580325474031 1.5405412549153 0.900434266543016 0 0.94386228104122 0.983461314579472 1.82735873991624 1.83775875205174 1.76111810025759 1.59699536277913
1.40019706613384 1.55451804865152 1.83929398399778 1.40620108414441 1.12977940123528 1.51055710506625 1.8808434526436 1.26614907616749 1.43737576436251 1.19323741970584 1.84349103039131 1.58585929684341 1.31132327020168 1.21650850167498 1.25155411753803 1.82834426942281 0.934002152876928 1.02038238639943 1.25188917038031 1.66321410145611 1.3309690465685 1.83700587879866 1.36004113336094 0.94386228104122 0 1.35188747709617 1.50115993572399 1.08436420769431 1.59888224955648 0.965527211083099
0.976481809280813 1.14089685678482 1.14662264380604 1.02378796413541 1.59975232696161 1.42759521608241 1.68228157423437 1.3401680146344 1.8209005065728 1.21201912080869 1.19122851802967 1.03587469016202 1.26961392117664 1.01742726541124 1.13443286134861 1.13805268076248 1.12753538740799 1.62015324551612 1.80240261368454 0.928463888354599 1.11321564461105 1.79853734560311 1.32396968640387 0.983461314579472 1.35188747709617 0 1.56917213927954 1.43204457592219 1.53097512479872 1.60402761842124
1.03314676205628 1.04616570402868 1.25708853336982 0.992174411891028 1.85600517108105 1.67139672581106 1.25381179712713 0.979628863744438 1.64534471277148 1.45221758983098 0.955698831472546 1.15658571547829 1.67256593354978 1.63251304253936 0.99697532155551 0.954439692664891 0.915380764752626 1.75826282193884 1.69996600691229 1.0607853056863 1.25346994469874 1.4032646541018 1.44597054342739 1.82735873991624 1.50115993572399 1.56917213927954 0 1.70423491601832 1.32339714700356 1.07153878756799
1.18544943118468 0.98332704231143 1.20571978855878 1.21700900490396 1.41769856307656 1.16738643613644 1.58573482674547 1.30676795751788 1.03566116443835 1.4462024110835 1.36069567687809 1.37455184198916 1.71873773634434 1.2067876320798 1.54179894598201 1.47766706487164 1.24206192162819 1.40734869753942 1.42684578662738 1.54774806997739 1.36761928698979 1.20978737971745 1.24989098683 1.83775875205174 1.08436420769431 1.43204457592219 1.70423491601832 0 1.66808876441792 1.5256792656146
1.88391947909258 1.24132607528009 1.5529384445399 1.01308211334981 1.32578080985695 1.34495449066162 1.86754771927372 1.14561159769073 1.26941338600591 1.67672859504819 1.36116320430301 1.64343393524177 1.76100567448884 1.77318468131125 1.24333332479 1.31098497845232 1.62035619304515 1.23354478832334 1.52664625621401 1.72824385855347 1.01731812837534 1.21753478841856 1.79981672810391 1.76111810025759 1.59888224955648 1.53097512479872 1.32339714700356 1.66808876441792 0 1.51667810836807
1.4248845949769 1.40404330985621 1.22598727070726 1.33452061982825 1.3568369995337 1.32026035222225 1.28491039411165 1.3982108940836 1.32808097614907 1.58272401033901 1.66875248355791 1.54980300948955 0.941266591893509 1.65709822415374 1.65286443312652 1.66046984540299 1.13911358010955 1.32061487901956 1.02083313884214 1.13342154212296 1.34470780612901 1.10958524583839 1.21773129119538 1.59699536277913 0.965527211083099 1.60402761842124 1.07153878756799 1.5256792656146 1.51667810836807 0
