0 1.53463541227393 0.977485577808693 1.77849855390377 1.65545316343196 1.15893587330356 1.51529657654464 0.968454147456214 0.992072771070525 1.41451063635759 1.67298677563667 1.27103379345499 1.68499132362194 1.26671143202111 1.02769565791823 0.98156220279634 1.27613988495432 0.97528048302047 1.30264785746112 1.82071493146941 1.00414043292403 1.51655156561173 1.90360543271527 1.10270812152885 1.03556213784032 1.70035653049126 1.88294937624596 1.11671627848409 1.48246250906959 0.93017805297859
1.53463541227393 0 1.27058063191362 1.90457415161654 0.958512044046074 1.39150612964295 1.53623228473589 1.38445261842571 1.76319786696695 1.07876295992173 1.40338260494173 1.72138962009922 1.51359093654901 1.21753620356321 1.16282147122547 1.18662564642727 0.968903456581756 1.69946419843473 1.56964387232438 1.13618527702056 0.994254434248433 1.20631322730333 1.17456878791563 1.83986414968967 1.24555634427816 1.28563681803644 1.73229472758248 1.80754762212746 1.38220833940431 0.99000557907857
0.977485577808693 1.27058063191362 0 1.21274948259816 1.83632554952055 1.58583924733102 1.76467019738629 1.45738089689985 1.26704159285873 1.24195237690583 1.11864969320595 1.75782945868559 1.53841057582758 1.55260519590229 1.23775912611745 1.11552108940668 1.38113906770013 1.08829548768699 1.03515442274511 1.5085259929765 1.62995053222403 1.32038173405454 1.77467203047127 1.46473689377308 1.15691009955481 0.954591534566134 1.87499535595998 1.73645672714338 1.72279651439749 1.63361942046322
1.77849855390377 1.90457415161654 1.21274948259816 0 1.84648204571567 1.91177076101303 1.49139101873152 1.92677444801666 1.24643270298839 1.81106433761306 1.78880411479622 1.64843860315159 1.59475601720624 1.74324980191886 1.11586396209896 1.78407914983109 1.59581923182122 0.945850735297427 1.46853304537944 1.60968541959301 1.34827323630452 1.23779755621217 1.62903270195238 1.50877860723995 1.22301603015512 1.69883319712244 1.80409071058966 0.982141607208177 1.41683597350493 0.962867859983817
1.65545316343196 0.958512044046074 1.83632554952055 1.84648204571567 0 1.38801515148953 1.53287075902335 1.62604234321043 1.29118805075996 1.69877291563898 0.952661661198363 1.3782643545419 1.52494470286183 1.4709594019223 1.81858718651347 1.3622207606677 1.66377223702148 0.966474487446249 1.75284922402352 1.33275573397987 1.62528184987605 1.4677848177962 1.26050226995721 1.76018082397059 1.47543526045047 1.47483782307245 1.30964773450978 1.55392450839281 1.51056505343877 1.69567737728357
1.15893587330356 1.39150612964295 1.58583924733102 1.91177076101303 1.38801515148953 0 1.0963797532022 1.73642649827525 1.06760512827896 0.984011831693351 1.314172699349 1.2501795256976 1.30144686461426 1.59719715546817 1.176496979082 1.37766936817206 1.03248398657888 1.52245250320993 1.5943007345777 1.92350153578445 1.3867874215357 1.3051737556234 1.74421547539532 1.73833777708933 1.77166288695298 1.04670249065384 0.953380111139268 1.64559340663254 1.14433555398136 1.44893335574307
1.51529657654464 1.53623228473589 1.76467019738629 1.49139101873152 1.53287075902335 1.0963797532022 0 1.78474238328636 1.21045675501227 1.39101738086902 1.17371029290371 1.83708712016232 1.75185974896885 1.68936535087414 1.45091454335488 1.11690384056419 1.66369663691148 1.78169501270168 1.14262672979385 1.32774340431206 1.81852609897032 1.19987850915641 1.63615081598982 1.22192748263478 1.86883679335006 1.44741185219027 1.01220043911599 1.25153148616664 1.12187288398854 1.58641081792302
0.968454147456214 1.38445261842571 1.45738089689985 1.92677444801666 1.62604234321043 1.73642649827525 1.78474238328636 0 1.30468016304076 1.7091083759442 1.84001944353804 1.13101173727773 1.40293487324379 1.29107729089446 1.41490622214042 1.7361838016659 1.02856933372095 0.980923712719232 0.973963140510023 1.79962370009162 1.24488859670237 1.03044550237246 1.12049598037265 0.972109087510034 1.01744790514931 0.967944796429947 1.88272350770421 1.05320467543788 0.998996182810515 1.2116709430702
0.992072771070525 1.76319786696695 1.26704159285873 1.24643270298839 1.29118805075996 1.06760512827896 1.21045675501227 1.30468016304076 0 1.1650404848624 1.57650891155936 1.7392685264349 1.38270600163378 1.84857601253316 1.78609178774059 1.28947866451927 1.38903116434813 1.47685621445999 1.59577287593856 1.11302263103426 1.31355768232606 1.33319069468416 0.969207887304947 1.69342609494925 1.38016098574735 1.23876881925389 0.973731377627701 1.77508422872052 1.04943487956189 1.36060689901933
1.41451063635759 1.07876295992173 1.24195237690583 1.81106433761306 1.69877291563898 0.984011831693351 1.39101738086902 1.7091083759442 1.1650404848624 0 0.992224853252992 1.00215349416249 1.52205123496242 1.69610900129192 1.00319635588676 1.65831059822813 1.91554253711365 1.18567099724896 0.968542945105582 1.33330588648096 1.02552706561983 1.49180655460805 1.24410232645459 1.11065649311058 1.66564809158444 1.72615482052788 1.60983818280511 1.53576281690039 0.977196283871308 1.67341943178326
1.67298677563667 1.40338260494173 1.11864969320595 1.78880411479622 0.952661661198363 1.314172699349 1.17371029290371 1.84001944353804 1.57650891155936 0.992224853252992 0 1.03643083851784 1.13975869677961 1.01123296353035 1.7486875471659 1.5430811168626 1.56919221952558 1.46043294575065 1.32395690632984 1.41999572142959 1.77900379616767 1.7264670196455 1.17416802118532 1.34444043994881 1.43076368328184 1.43690347345546 1.26818380411714 1.48751622135751 1.62810929259285 1.56539776618592
1.27103379345499 1.72138962009922 1.75782945868559 1.64843860315159 1.3782643545419 1.2501795256976 1.83708712016232 1.13101173727773 1.7392685264349 1.00215349416249 1.03643083851784 0 1.61439346265979 1.16077414946631 1.64673332055099 1.83851254428737 1.03400554903783 1.32883272948675 1.56352722761221 1.72006136341952 1.53674778086133 1.80423654452898 1.90616557211615 1.43218495091423 1.58197635877877 1.20405470696278 1.19504442694597 1.00762562640011 1.75856888084672 0.991314773680642
1.68499132362194 1.51359093654901 1.53841057582758 1.59475601720624 1.52494470286183 1.30144686461426 1.75185974896885 1.40293487324379 1.38270600163378 1.52205123496242 1.13975869677961 1.61439346265979 0 1.08361058752052 1.26735799107701 1.15070271957666 1.42466914583929 1.31698209489696 1.92484846175648 1.60966884065419 1.09405340789817 1.59674379881471 0.949148076819256 1.70441004028544 1.64014770486392 0.979443478165194 1.81887639639899 1.40014942712151 1.56602051574737 1.60073737730272
1.26671143202111 1.21753620356321 1.55260519590229 1.74324980191886 1.4709594019223 1.59719715546817 1.68936535087414 1.29107729089446 1.84857601253316 1.69610900129192 1.01123296353035 1.16077414946631 1.08361058752052 0 0.970027511240914 1.75646734423935 1.1548004001379 1.17316282959655 1.38992985361256 1.88358057010919 1.7955579450354 0.95363110024482 1.73830565134995 1.19275668938644 1.69916100101545 1.85425259079784 1.88918531942181 1.07254990912043 0.935190828982741 1.49016450485215
1.02769565791823 1.16282147122547 1.23775912611745 1.11586396209896 1.81858718651347 1.176496979082 1.45091454335488 1.41490622214042 1.78609178774059 1.00319635588676 1.7486875471659 1.64673332055099 1.26735799107701 0.970027511240914 0 1.60165660688654 1.64234475512058 0.99704482476227 1.82940226513892 1.29558760509826 1.55575970979407 1.03247727989219 1.28619393124245 1.24565506936051 1.324142039055 1.02585202385671 1.64891536533833 1.09837962407619 1.60540125053376 0.970243392046541
0.98156220279634 1.18662564642727 1.11552108940668 1.78407914983109 1.3622207606677 1.37766936817206 1.11690384056419 1.7361838016659 1.28947866451927 1.65831059822813 1.5430811168626 1.83851254428737 1.15070271957666 1.75646734423935 1.60165660688654 0 1.28825420374051 1.40311195142567 1.52501321886666 0.962441318435594 1.66406715125777 1.54600414144807 1.55065397988074 1.58445130172186 1.79885133448988 1.27785502607003 1.05815152218565 1.85028784559108 1.20468347845599 1.43370511638932
1.27613988495432 0.968903456581756 1.38113906770013 1.59581923182122 1.66377223702148 1.03248398657888 1.66369663691148 1.02856933372095 1.38903116434813 1.91554253711365 1.56919221952558 1.03400554903783 1.42466914583929 1.1548004001379 1.64234475512058 1.28825420374051 0 1.69832053361461 1.25312330876477 1.50326625537127 0.958771062083542 1.80247293133289 0.991278139874339 1.62894338206388 0.958895746385679 0.971621782751754 1.27460195869207 1.45990162529051 1.70507107675076 1.8330224074889
0.97528048302047 1.69946419843473 1.08829548768699 0.945850735297427 0.966474487446249 1.52245250320993 1.78169501270168 0.980923712719232 1.47685621445999 1.18567099724896 1.46043294575065 1.32883272948675 1.31698209489696 1.17316282959655 0.99704482476227 1.40311195142567 1.69832053361461 0 1.05521531449631 1.03939145593904 1.36621498945169 1.3194864327088 1.85047955834307 1.81332848872989 1.00347892171703 1.31374971824698 1.05143463565037 0.954139332752675 1.34446044848301 1.85430068382993
1.30264785746112 1.56964387232438 1.03515442274511 1.46853304537944 1.75284922402352 1.5943007345777 1.14262672979385 0.973963140510023 1.59577287593856 0.968542945105582 1.32395690632984 1.56352722761221 1.92484846175648 1.38992985361256 1.82940226513892 1.52501321886666 1.25312330876477 1.05521531449631 0 1.46316142054275 1.61155770719051 1.18454272742383 1.46359225781634 1.65025404701009 1.64524374692701 1.43634787900373 1.24464608565904 1.7940431185998 1.32821319345385 1.24399391608313
1.82071493146941 1.13618527702056 1.5085259929765 1.60968541959301 1.33275573397987 1.92350153578445 1.32774340431206 1.79962370009162 1.11302263103426 1.33330588648096 1.41999572142959 1.72006136341952 1.60966884065419 1.88358057010919 1.29558760509826 0.962441318435594 1.50326625537127 1.03939145593904 1.46316142054275 0 1.8989868874196 1.34321881015785 1.30655284994282 1.4777013536077 0.94156778184697 1.16688324185088 1.18167917593382 1.37735372129828 1.61161805363372 1.78469070396386
1.00414043292403 0.994254434248433 1.62995053222403 1.34827323630452 1.62528184987605 1.3867874215357 1.81852609897032 1.24488859670237 1.31355768232606 1.02552706561983 1.77900379616767 1.53674778086133 1.09405340789817 1.7955579450354 1.55575970979407 1.66406715125777 0.958771062083542 1.36621498945169 1.61155770719051 1.8989868874196 0 1.83526766300201 1.92171302787028 1.61215292615816 1.12943921401165 1.16642784699798 1.17180130910128 1.81336462846957 0.959222018253058 1.48698892723769
1.51655156561173 1.20631322730333 1.32038173405454 1.23779755621217 1.4677848177962 1.3051737556234 1.19987850915641 1.03044550237246 1.33319069468416 1.49180655460805 1.7264670196455 1.80423654452898 1.59674379881471 0.95363110024482 1.03247727989219 1.54600414144807 1.80247293133289 1.3194864327088 1.18454272742383 1.34321881015785 1.83526766300201 0 1.92227028217167 1.27897667349316 1.21400977298617 1.8555912708398 1.62043715384789 1.67795083113015 1.30091219092719 1.72598430374637
1.90360543271527 1.17456878791563 1.77467203047127 1.62903270195238 1.26050226995721 1.74421547539532 1.63615081598982 1.12049598037265 0.969207887304947 1.24410232645459 1.17416802118532 1.90616557211615 0.949148076819256 1.73830565134995 1.28619393124245 1.55065397988074 0.991278139874339 1.85047955834307 1.46359225781634 1.30655284994282 1.92171302787028 1.92227028217167 0 1.24444421217777 1.27523790602572 1.24626901256852 1.46047390135936 1.76980015728623 1.56879598717205 1.49866551999003
1.10270812152885 1.83986414968967 1.46473689377308 1.50877860723995 1.76018082397059 1.73833777708933 1.22192748263478 0.972109087510034 1.69342609494925 1.11065649311058 1.34444043994881 1.43218495091423 1.70441004028544 1.19275668938644 1.24565506936051 1.58445130172186 1.62894338206388 1.81332848872989 1.65025404701009 1.4777013536077 1.61215292615816 1.27897667349316 1.24444421217777 0 1.16781354276463 1.15098738856614 1.26213357201777 1.43111162865534 0.965765046654269 1.5667795909103
1.03556213784032 1.24555634427816 1.15691009955481 1.22301603015512 1.47543526045047 1.77166288695298 1.86883679335006 1.01744790514931 1.38016098574735 1.66564809158444 1.43076368328184 1.58197635877877 1.64014770486392 1.69916100101545 1.324142039055 1.79885133448988 0.958895746385679 1.00347892171703 1.64524374692701 0.94156778184697 1.12943921401165 1.21400977298617 1.27523790602572 1.16781354276463 0 1.90019715786912 1.36402930691838 1.09399384702556 1.64352840511128 1.02282581315376
1.70035653049126 1.28563681803644 0.954591534566134 1.69883319712244 1.47483782307245 1.04670249065384 1.44741185219027 0.967944796429947 1.23876881925389 1.72615482052788 1.43690347345546 1.20405470696278 0.979443478165194 1.85425259079784 1.02585202385671 1.27785502607003 0.971621782751754 1.31374971824698 1.43634787900373 1.16688324185088 1.16642784699798 1.8555912708398 1.24626901256852 1.15098738856614 1.90019715786912 0 1.29182623582892 1.32612735405564 1.8855865765363 1.68085392168723
1.88294937624596 1.73229472758248 1.87499535595998 1.80409071058966 1.30964773450978 0.953380111139268 1.01220043911599 1.88272350770421 0.973731377627701 1.60983818280511 1.26818380411714 1.19504442694597 1.81887639639899 1.88918531942181 1.64891536533833 1.05815152218565 1.27460195869207 1.05143463565037 1.24464608565904 1.18167917593382 1.17180130910128 1.62043715384789 1.46047390135936 1.26213357201777 1.36402930691838 1.29182623582892 0 1.12911347742192 1.60539244743995 1.90455912821926
1.11671627848409 1.80754762212746 1.73645672714338 0.982141607208177 1.55392450839281 1.64559340663254 1.25153148616664 1.05320467543788 1.77508422872052 1.53576281690039 1.48751622135751 1.00762562640011 1.40014942712151 1.07254990912043 1.09837962407619 1.85028784559108 1.45990162529051 0.954139332752675 1.7940431185998 1.37735372129828 1.81336462846957 1.67795083113015 1.76980015728623 1.43111162865534 1.09399384702556 1.32612735405564 1.12911347742192 0 1.53366019180976 1.68281503720209
1.48246250906959 1.38220833940431 1.72279651439749 1.41683597350493 1.51056505343877 1.14433555398136 1.12187288398854 0.998996182810515 1.04943487956189 0.977196283871308 1.62810929259285 1.75856888084672 1.56602051574737 0.935190828982741 1.60540125053376 1.20468347845599 1.70507107675076 1.34446044848301 1.32821319345385 1.61161805363372 0.959222018253058 1.30091219092719 1.56879598717205 0.965765046654269 1.64352840511128 1.8855865765363 1.60539244743995 1.53366019180976 0 1.42798414081335
0.93017805297859 0.99000557907857 1.63361942046322 0.962867859983817 1.69567737728357 1.44893335574307 1.58641081792302 1.2116709430702 1.36060689901933 1.67341943178326 1.56539776618592 0.991314773680642 1.60073737730272 1.49016450485215 0.970243392046541 1.43370511638932 1.8330224074889 1.85430068382993 1.24399391608313 1.78469070396386 1.48698892723769 1.72598430374637 1.49866551999003 1.5667795909103 1.02282581315376 1.68085392168723 1.90455912821926 1.68281503720209 1.42798414081335 0
