0 1.48608363815583 1.56780016631819 1.38503302331083 1.52951654489152 1.00853918981738 1.65753893135116 1.26166269835085 1.38075064728037 1.56796885863878 1.35894997161813 1.36687116301619 1.61702891928144 1.29094117251225 1.32772951526567 1.47943615633994 1.57891543582082 1.5362895897124 1.11368862004019 1.79818583768792 1.38920646649785 1.10213044565171 1.56507131108083 1.59695256291889 1.62009330210276 1.78027802915312 1.92602681461722 1.5475708108861 1.07859611418098 1.32710435357876
1.48608363815583 0 1.6376883990597 1.7122151281219 1.357181240106 1.46464512636885 1.46172683034092 1.73206133511849 1.24315993720666 0.97245468525216 1.41266937786713 1.60564542608336 1.33535621315241 1.41940112411976 1.7849347863812 1.01536092651077 1.30877778679132 1.12505234614946 1.79914450575598 1.79359302553348 1.59220710699446 1.70466344989836 1.0269748554565 1.54865290271118 1.09895918192342 1.15558521123603 1.19803753704764 1.93888455862179 0.988226600922644 1.63013433222659
1.56780016631819 1.6376883990597 0 1.34745295229368 1.76052043633536 1.14688117825426 1.39208673406392 1.15597571851686 1.82776310504414 1.05138544016518 1.51487146154977 1.42566834250465 0.966665632557124 1.70229265699163 1.95596116199158 1.20375590142794 1.72965153679252 1.46597723523155 1.35466755297966 1.47254930133931 1.74899029405788 0.969417318236083 1.12439155625179 1.15308583015576 1.30411495431326 1.16701679048128 1.93108361307532 1.24010969442315 1.93739564879797 1.80197236360982
1.38503302331083 1.7122151281219 1.34745295229368 0 1.95585236465558 1.03371329582296 1.61475911270827 1.43960167374462 1.28441311768256 0.961592511506751 1.30895684286952 1.54415540699847 1.79898995091207 1.0135526789818 1.48463540733792 1.69902532524429 1.46457193605602 1.28442101064138 1.13585663144477 1.64919202425517 1.00576498568989 1.46636669849977 1.62940242839977 1.81520425062627 1.17746157222427 1.83657164289616 1.49843213474378 1.27806189213879 1.17604321520776 1.9042158878874
1.52951654489152 1.357181240106 1.76052043633536 1.95585236465558 0 1.75603126152419 1.13287753448822 0.970666288631037 1.78799152257852 1.88513776985928 1.95920233731158 1.03887780453078 1.40774394059554 0.963736859150231 1.43246855237521 1.9474839780014 1.57904435135424 1.20754571538419 1.34555739304051 1.75116385100409 1.87442020117305 1.62612854293548 1.05199551698752 1.1891020743642 1.88621216570027 1.03306706994772 1.17530748294666 1.10558825545013 1.73824590328149 1.89666597498581
1.00853918981738 1.46464512636885 1.14688117825426 1.03371329582296 1.75603126152419 0 1.15399027918465 1.61890737875365 1.42054496263154 1.7659761889372 1.34863671869971 1.37153722369112 1.95096775493585 1.79932023608126 1.0129058281891 1.38325517391786 1.37213461543433 1.72969894413836 1.06576387840323 1.41636149468832 1.94487242214382 0.961641772883013 1.26630126405507 1.82611861662008 0.990330608561635 1.15534155163914 1.57241672300734 1.1722685713321 1.91862821090035 1.94573106314056
1.65753893135116 1.46172683034092 1.39208673406392 1.61475911270827 1.13287753448822 1.15399027918465 0 1.23960526194423 1.90812809253111 1.05887534352951 1.88934094412252 1.9302148676943 1.34385476238094 1.69395730854012 1.37620156048797 1.69861648976803 1.44688679790124 1.71165392594412 1.88069524313323 1.47454139799811 1.82358522014692 1.08330947277136 1.0926236261148 1.76823427970521 1.34703178051859 1.38700556894764 1.31939474749379 1.20918367477134 1.50528330309317 1.69333564280532
1.26166269835085 1.73206133511849 1.15597571851686 1.43960167374462 0.970666288631037 1.61890737875365 1.23960526194423 0 1.50462119327858 1.15046450681984 1.49684757180512 1.26904029003344 1.94143023411743 1.02976139402017 1.72181801404804 1.56719297356904 1.60118736466393 1.81873722514138 1.90997048537247 1.3825206879992 1.71402867557481 1.45596476411447 1.42790766479447 1.63264542701654 1.36563990521245 1.36202527349815 1.85252880700864 1.50096658011898 0.97279446804896 1.27005757438019
1.38075064728037 1.24315993720666 1.82776310504414 1.28441311768256 1.78799152257852 1.42054496263154 1.90812809253111 1.50462119327858 0 0.96059692883864 1.12106005707756 1.44692958658561 1.00509126693942 1.64904360077344 1.92605967004783 1.41331577161327 1.80960094742477 1.71033844351768 1.0304387989454 1.00223695253953 1.46798944403417 1.89268699428067 1.76865485869348 1.91175807709806 1.48667643964291 1.57978446013294 0.997667022282258 1.5589000529144 1.06276222411543 1.15489003271796
1.56796885863878 0.97245468525216 1.05138544016518 0.961592511506751 1.88513776985928 1.7659761889372 1.05887534352951 1.15046450681984 0.96059692883864 0 1.8175584746059 1.91009911196306 1.13771023205481 1.81895938003436 1.72628625831567 1.1977678372059 1.55069554876536 1.48750954936258 1.95634599495679 1.2841081188526 1.04675628617406 1.90690698917024 1.41836346243508 1.36863890010864 1.21761284884997 1.85040679620579 1.07315420708619 1.70974865159951 1.69472282449715 1.6988955209963
1.35894997161813 1.41266937786713 1.51487146154977 1.30895684286952 1.95920233731158 1.34863671869971 1.88934094412252 1.49684757180512 1.12106005707756 1.8175584746059 0 1.39312866143882 1.45279512088746 1.58310597785749 1.26208926807158 1.67428248212673 1.00575761660002 1.61835577501915 1.73555913334712 1.40842942311428 0.986961624585092 1.68996834056452 1.11277894536033 1.01998550444841 1.11604323564097 1.35029816930182 1.28478510002606 1.61679337616079 1.36803851043805 1.06199911329895
1.36687116301619 1.60564542608336 1.42566834250465 1.54415540699847 1.03887780453078 1.37153722369112 1.9302148676943 1.26904029003344 1.44692958658561 1.91009911196306 1.39312866143882 0 1.44617442018352 1.8828174143564 1.2002468733117 1.78433891036548 1.07204982242547 1.72958364081569 1.23872620495968 1.55815197271295 1.08204360003583 1.86630124039948 1.05513560492545 1.64756590081379 1.8635897715576 1.89396410202608 1.71709055569954 1.49704909743741 1.47485624300316 1.87997505790554
1.61702891928144 1.33535621315241 0.966665632557124 1.79898995091207 1.40774394059554 1.95096775493585 1.34385476238094 1.94143023411743 1.00509126693942 1.13771023205481 1.45279512088746 1.44617442018352 0 1.38049567490816 1.3681517620571 1.14149404410273 1.39192192722112 1.03822214761749 1.44522426160984 1.03798437654041 1.94088078918867 1.04460651846603 1.3643144024536 1.04311762051657 1.76377645297907 1.00437035690993 1.62272114073858 1.82652209419757 1.35840619285591 1.14732101745903
1.29094117251225 1.41940112411976 1.70229265699163 1.0135526789818 0.963736859150231 1.79932023608126 1.69395730854012 1.02976139402017 1.64904360077344 1.81895938003436 1.58310597785749 1.8828174143564 1.38049567490816 0 1.22010004520416 0.98374711885117 1.80496880575083 1.322529733181 1.89702881360427 1.66889239288867 1.71765590342693 1.73788610543124 1.88344433275051 1.50348253548145 1.55621609650552 1.01203425345011 0.983788340818137 1.59840198187158 1.90455506974831 1.7935529416427
1.32772951526567 1.7849347863812 1.95596116199158 1.48463540733792 1.43246855237521 1.0129058281891 1.37620156048797 1.72181801404804 1.92605967004783 1.72628625831567 1.26208926807158 1.2002468733117 1.3681517620571 1.22010004520416 0 1.43070508027449 1.50412113708444 1.44282926013693 1.80391905433498 1.04018440213986 1.38065418950282 1.48982502240688 1.30544170551002 1.45207111071795 0.970725756138563 1.37419606535695 1.0599523272831 1.5238700453192 1.60369595419616 1.64302145689726
1.47943615633994 1.01536092651077 1.20375590142794 1.69902532524429 1.9474839780014 1.38325517391786 1.69861648976803 1.56719297356904 1.41331577161327 1.1977678372059 1.67428248212673 1.78433891036548 1.14149404410273 0.98374711885117 1.43070508027449 0 1.89037769660354 1.47706430638209 1.51467799698003 1.85130975069478 1.94512853212655 1.23967963526957 1.73406660789624 1.53268404491246 1.05053812405095 1.64238370349631 1.91646501026116 1.91186161595397 1.13452106458135 1.59374382090755
1.57891543582082 1.30877778679132 1.72965153679252 1.46457193605602 1.57904435135424 1.37213461543433 1.44688679790124 1.60118736466393 1.80960094742477 1.55069554876536 1.00575761660002 1.07204982242547 1.39192192722112 1.80496880575083 1.50412113708444 1.89037769660354 0 1.65251565608196 1.12842269288376 1.35315565345809 1.05324001889676 1.3923811824061 1.93331817677245 1.3983953979332 0.967681918060407 1.63432992086746 1.34204867877997 1.84531831461936 1.7770973786246 1.1003945635166
1.5362895897124 1.12505234614946 1.46597723523155 1.28442101064138 1.20754571538419 1.72969894413836 1.71165392594412 1.81873722514138 1.71033844351768 1.48750954936258 1.61835577501915 1.72958364081569 1.03822214761749 1.322529733181 1.44282926013693 1.47706430638209 1.65251565608196 0 1.93034012545832 1.55733476416208 0.989697864511982 1.32103895978071 1.88654030300677 1.02021172270179 1.63045383733697 1.76917489059269 1.3909992070403 1.68930132756941 1.66061085276306 1.66115169273689
1.11368862004019 1.79914450575598 1.35466755297966 1.13585663144477 1.34555739304051 1.06576387840323 1.88069524313323 1.90997048537247 1.0304387989454 1.95634599495679 1.73555913334712 1.23872620495968 1.44522426160984 1.89702881360427 1.80391905433498 1.51467799698003 1.12842269288376 1.93034012545832 0 1.11385995382443 1.92130899149925 1.62161671672948 1.23091072053649 1.2506141923368 1.8349788452033 1.6774466545321 1.69258266733959 1.89464869489893 1.05190654331818 1.72817998775281
1.79818583768792 1.79359302553348 1.47254930133931 1.64919202425517 1.75116385100409 1.41636149468832 1.47454139799811 1.3825206879992 1.00223695253953 1.2841081188526 1.40842942311428 1.55815197271295 1.03798437654041 1.66889239288867 1.04018440213986 1.85130975069478 1.35315565345809 1.55733476416208 1.11385995382443 0 1.34643591893837 1.27426766254939 1.52897618897259 1.5970841513481 1.35618116497062 1.7690883432515 1.60719942091964 1.09454274806194 1.42012615199201 1.73309217044152
1.38920646649785 1.59220710699446 1.74899029405788 1.00576498568989 1.87442020117305 1.94487242214382 1.82358522014692 1.71402867557481 1.46798944403417 1.04675628617406 0.986961624585092 1.08204360003583 1.94088078918867 1.71765590342693 1.38065418950282 1.94512853212655 1.05324001889676 0.989697864511982 1.92130899149925 1.34643591893837 0 1.38210418098606 1.10980026936159 1.12893242365681 1.64461867860518 1.64466179348528 1.71273027267307 1.02799180662259 1.78800052241422 1.73267930326983
1.10213044565171 1.70466344989836 0.969417318236083 1.46636669849977 1.62612854293548 0.961641772883013 1.08330947277136 1.45596476411447 1.89268699428067 1.90690698917024 1.68996834056452 1.86630124039948 1.04460651846603 1.73788610543124 1.48982502240688 1.23967963526957 1.3923811824061 1.32103895978071 1.62161671672948 1.27426766254939 1.38210418098606 0 1.40146269579418 1.02901523862965 1.62281708209775 1.5235597032588 1.24308198760264 1.24303676607087 1.86520827258937 1.90536776091903
1.56507131108083 1.0269748554565 1.12439155625179 1.62940242839977 1.05199551698752 1.26630126405507 1.0926236261148 1.42790766479447 1.76865485869348 1.41836346243508 1.11277894536033 1.05513560492545 1.3643144024536 1.88344433275051 1.30544170551002 1.73406660789624 1.93331817677245 1.88654030300677 1.23091072053649 1.52897618897259 1.10980026936159 1.40146269579418 0 1.68958449410275 1.28722486295737 1.23226546798833 1.26189670199528 1.11495217285119 1.39370145509019 1.73166711675003
1.59695256291889 1.54865290271118 1.15308583015576 1.81520425062627 1.1891020743642 1.82611861662008 1.76823427970521 1.63264542701654 1.91175807709806 1.36863890010864 1.01998550444841 1.64756590081379 1.04311762051657 1.50348253548145 1.45207111071795 1.53268404491246 1.3983953979332 1.02021172270179 1.2506141923368 1.5970841513481 1.12893242365681 1.02901523862965 1.68958449410275 0 1.88322902307846 1.84281702223234 1.5107955627609 1.78099547582678 1.37956280843355 1.28011909080669
1.62009330210276 1.09895918192342 1.30411495431326 1.17746157222427 1.88621216570027 0.990330608561635 1.34703178051859 1.36563990521245 1.48667643964291 1.21761284884997 1.11604323564097 1.8635897715576 1.76377645297907 1.55621609650552 0.970725756138563 1.05053812405095 0.967681918060407 1.63045383733697 1.8349788452033 1.35618116497062 1.64461867860518 1.62281708209775 1.28722486295737 1.88322902307846 0 1.94031395344064 1.59679797361605 1.70842190575786 1.58023587078787 1.91323054837994
1.78027802915312 1.15558521123603 1.16701679048128 1.83657164289616 1.03306706994772 1.15534155163914 1.38700556894764 1.36202527349815 1.57978446013294 1.85040679620579 1.35029816930182 1.89396410202608 1.00437035690993 1.01203425345011 1.37419606535695 1.64238370349631 1.63432992086746 1.76917489059269 1.6774466545321 1.7690883432515 1.64466179348528 1.5235597032588 1.23226546798833 1.84281702223234 1.94031395344064 0 0.997451869072393 1.67290327465162 1.02091833110899 1.40784916956909
1.92602681461722 1.19803753704764 1.93108361307532 1.49843213474378 1.17530748294666 1.57241672300734 1.31939474749379 1.85252880700864 0.997667022282258 1.07315420708619 1.28478510002606 1.71709055569954 1.62272114073858 0.983788340818137 1.0599523272831 1.91646501026116 1.34204867877997 1.3909992070403 1.69258266733959 1.60719942091964 1.71273027267307 1.24308198760264 1.26189670199528 1.5107955627609 1.59679797361605 0.997451869072393 0 1.49814468133263 1.06852091243491 1.34405040903948
1.5475708108861 1.93888455862179 1.24010969442315 1.27806189213879 1.10558825545013 1.1722685713321 1.20918367477134 1.50096658011898 1.5589000529144 1.70974865159951 1.61679337616079 1.49704909743741 1.82652209419757 1.59840198187158 1.5238700453192 1.91186161595397 1.84531831461936 1.68930132756941 1.89464869489893 1.09454274806194 1.02799180662259 1.24303676607087 1.11495217285119 1.78099547582678 1.70842190575786 1.67290327465162 1.49814468133263 0 1.31941908132285 1.95276302681305
1.07859611418098 0.988226600922644 1.93739564879797 1.17604321520776 1.73824590328149 1.91862821090035 1.50528330309317 0.97279446804896 1.06276222411543 1.69472282449715 1.36803851043805 1.47485624300316 1.35840619285591 1.90455506974831 1.60369595419616 1.13452106458135 1.7770973786246 1.66061085276306 1.05190654331818 1.42012615199201 1.78800052241422 1.86520827258937 1.39370145509019 1.37956280843355 1.58023587078787 1.02091833110899 1.06852091243491 1.31941908132285 0 1.81929394649342
1.32710435357876 1.63013433222659 1.80197236360982 1.9042158878874 1.89666597498581 1.94573106314056 1.69333564280532 1.27005757438019 1.15489003271796 1.6988955209963 1.06199911329895 1.87997505790554 1.14732101745903 1.7935529416427 1.64302145689726 1.59374382090755 1.1003945635166 1.66115169273689 1.72817998775281 1.73309217044152 1.73267930326983 1.90536776091903 1.73166711675003 1.28011909080669 1.91323054837994 1.40784916956909 1.34405040903948 1.95276302681305 1.81929394649342 0
