0 1.23459755140357 0.965602246113122 1.63047278369777 1.5529547999613 1.27029066951945 1.77995219524018 1.59225195157342 0.976190743967891 1.64296678081155 1.14094496378675 1.10575515544042 1.92537933820859 1.44315795204602 1.90712411678396 1.59841419570148 0.985565209295601 1.87182389013469 1.82691789511591 1.18335619033314 1.05863216891885 1.51283747889102 1.3284776553046 1.68162596877664 0.967522480292246 1.23371603828855 1.79382877564058 1.52016389253549 1.45590086560696 1.53444002359174
1.23459755140357 0 1.69615146610886 1.77110139536671 1.5834521856159 1.23147320304997 1.66105197020806 1.66238976176828 1.51043472182937 1.49552644998766 1.17813813686371 1.5929988399148 1.37157733715139 1.13190445885994 1.06856520636939 1.75402733148076 1.60104708652943 1.21726145688444 1.07349688513204 1.45454331301153 1.37033209064975 1.81413207668811 1.26687194430269 1.4797018324025 1.20450813393109 1.50721970549785 1.22517470573075 1.22174498415552 1.22504283837043 1.11408654763363
0.965602246113122 1.69615146610886 0 1.71973653626628 1.87421629205346 1.85680478811264 1.78818501485512 1.79398945695721 1.16506002983078 1.20388898649253 1.66924630966969 1.90157951880246 1.31311273691244 1.926280712476 1.17922264151275 1.92412581574172 0.96060300944373 1.02549508633092 1.26636147359386 1.23583500692621 0.95696485042572 1.04880638117902 1.57720748800784 1.4055281507317 1.83418365730904 0.991782368160784 1.26245996751823 1.01268989150412 1.07263780059293 1.27129873726517
1.63047278369777 1.77110139536671 1.71973653626628 0 1.24776270217262 1.65833582775667 1.80797435622662 1.88363359542564 1.22390914033167 1.30407922388986 1.87737353751436 1.01784882508218 1.1712384254206 1.05332265957259 1.53320424142294 1.89809808204882 1.29031459195539 1.10027370159514 1.3571028818842 1.68717996194027 1.64186750841327 1.06330195860937 1.58139657159336 1.2360543620307 1.78443276346661 1.66476949909702 1.35838452703319 1.22546923905611 1.56810880941339 1.13266387954354
1.5529547999613 1.5834521856159 1.87421629205346 1.24776270217262 0 1.62834775471129 1.61026189057156 1.5008578421548 1.68397893593647 1.62443955987692 1.51678096037358 1.36996810697019 0.96422416344285 0.997173382900655 1.63851710502058 1.59720601770096 1.34461943013594 1.30265787709504 1.22869656910188 1.50686463923194 1.51901823538356 1.39692989061587 1.78455835883506 0.969467697665095 1.18016732716933 0.995123046915978 1.11964128422551 1.49158385419287 1.14561054203659 1.7464090930298
1.27029066951945 1.23147320304997 1.85680478811264 1.65833582775667 1.62834775471129 0 1.45961263915524 1.75987072684802 0.971946950303391 1.69462067284621 1.33970066625625 1.07494406262413 1.16871923254803 1.2278739863541 1.0707652810961 1.66205012612045 1.62042274838313 1.60274869971909 1.54979008203372 1.15430098748766 1.241583583178 1.44463969976641 1.79625300923362 0.997006228659302 1.58584683551453 1.16945680044591 1.50227707368322 1.60007368214428 1.7096364335157 1.61346400063485
1.77995219524018 1.66105197020806 1.78818501485512 1.80797435622662 1.61026189057156 1.45961263915524 0 1.64275977457874 1.4456769740209 1.11468477058224 1.04693118226714 1.84259523730725 1.33735380927101 1.65457863849588 0.945284011308104 1.00217379955575 1.69914483209141 1.23941156477667 1.60862626531161 0.988749810727313 1.06559519446455 1.34596558753401 1.20667219953611 1.82820211490616 1.37091706809588 1.64396040677093 1.63822731026448 1.29336800193414 1.32857023808174 0.963909532409161
1.59225195157342 1.66238976176828 1.79398945695721 1.88363359542564 1.5008578421548 1.75987072684802 1.64275977457874 0 1.87468070397153 1.62420576880686 1.1751078828238 1.65522002032958 1.61165007925592 1.23880099668168 1.4427539317403 1.01951050688513 1.78581409901381 1.45380071527325 1.59950645267963 1.06865629064851 1.68245993414894 1.12919867108576 1.56218156870455 1.6904359573964 1.57245497754775 1.15985339065082 1.50254763220437 1.68452656618319 1.43333020457067 1.00082465726882
0.976190743967891 1.51043472182937 1.16506002983078 1.22390914033167 1.68397893593647 0.971946950303391 1.4456769740209 1.87468070397153 0 1.43144672689959 1.74980415008031 0.943942113080993 1.34184992057271 1.58239973220043 1.43813668726943 1.26236215187237 1.29845993802883 1.00264304177836 1.78242639941163 1.30935018928722 1.02287004492246 1.19125341600738 1.35604982520454 1.09187436848879 1.10197502514347 1.30153448367491 1.14150653569959 1.84257088671438 0.962652593152598 1.30463422765024
1.64296678081155 1.49552644998766 1.20388898649253 1.30407922388986 1.62443955987692 1.69462067284621 1.11468477058224 1.62420576880686 1.43144672689959 0 1.21943649207242 1.73226309777237 1.02651078510098 1.10667660832405 1.6570192927029 1.64704526099376 1.26193252881058 1.39820160251111 1.34749974939041 0.975715503562242 1.19291957956739 1.50227493839338 0.986285481136292 1.57216899679042 1.05075557040982 1.30189967877232 1.38476800313219 1.4608708829619 1.68882913026027 1.02456008200534
1.14094496378675 1.17813813686371 1.66924630966969 1.87737353751436 1.51678096037358 1.33970066625625 1.04693118226714 1.1751078828238 1.74980415008031 1.21943649207242 0 1.32584073604085 1.47482567746192 1.83445835020393 1.48595564765856 1.04940300737508 1.7434844437521 1.80299708689563 1.25602958654054 1.3657217528671 1.61366201913916 1.55742781586014 1.41887331777252 1.00120640010573 1.3557222110685 1.84731434471905 1.92673540418036 1.85307092126459 1.72211274690926 1.40604712767527
1.10575515544042 1.5929988399148 1.90157951880246 1.01784882508218 1.36996810697019 1.07494406262413 1.84259523730725 1.65522002032958 0.943942113080993 1.73226309777237 1.32584073604085 0 0.978726306697354 1.57239671633579 1.78334114421159 1.63914319686592 1.49052836629562 1.64108701306395 1.35693648760207 1.87662690016441 1.57247608271427 1.91452081408352 1.16788196144626 1.4814213050995 1.69638187461533 1.88118644873612 1.82418771041557 1.71915387921035 1.3808144510258 1.438800111413
1.92537933820859 1.37157733715139 1.31311273691244 1.1712384254206 0.96422416344285 1.16871923254803 1.33735380927101 1.61165007925592 1.34184992057271 1.02651078510098 1.47482567746192 0.978726306697354 0 1.82552181184292 1.82578707905486 0.998112416127697 1.890182496747 1.19996145507321 1.03995152632706 1.45782235055231 1.58927203016356 1.23692163568921 1.86937337648124 1.83989096037112 1.04606826067902 1.21237440081313 1.32374497619458 1.53818229679018 1.38419072702527 1.84143930370919
1.44315795204602 1.13190445885994 1.926280712476 1.05332265957259 0.997173382900655 1.2278739863541 1.65457863849588 1.23880099668168 1.58239973220043 1.10667660832405 1.83445835020393 1.57239671633579 1.82552181184292 0 1.15097251278348 1.10762755712494 1.43385177850723 1.76696739159524 1.17370081110857 1.49276917777024 1.03611265798099 1.11384081700817 1.59083235403523 1.18581429147162 1.10522593511268 1.1699022622779 0.964922595303506 1.85450647491962 1.38565693283454 0.972659529652447
1.90712411678396 1.06856520636939 1.17922264151275 1.53320424142294 1.63851710502058 1.0707652810961 0.945284011308104 1.4427539317403 1.43813668726943 1.6570192927029 1.48595564765856 1.78334114421159 1.82578707905486 1.15097251278348 0 1.68621369032189 1.84820971335284 1.65882416930981 1.58457844890654 1.86121136439033 1.1203808162827 1.89105459512211 1.12395407794975 1.76403504400514 1.24190959241241 1.39860438392498 1.53551923646592 1.80966326128691 1.19021902629174 1.51691483426839
1.59841419570148 1.75402733148076 1.92412581574172 1.89809808204882 1.59720601770096 1.66205012612045 1.00217379955575 1.01951050688513 1.26236215187237 1.64704526099376 1.04940300737508 1.63914319686592 0.998112416127697 1.10762755712494 1.68621369032189 0 1.2555364924483 1.68290514568798 1.09969634166919 1.09003018611111 0.967160965315998 0.968481651507318 1.41224640514702 1.56292749848217 1.79798749042675 1.80887298542075 0.94706738460809 1.22229267749935 1.00592752569355 1.09750520274974
0.985565209295601 1.60104708652943 0.96060300944373 1.29031459195539 1.34461943013594 1.62042274838313 1.69914483209141 1.78581409901381 1.29845993802883 1.26193252881058 1.7434844437521 1.49052836629562 1.890182496747 1.43385177850723 1.84820971335284 1.2555364924483 0 1.28449360257946 1.21626208233647 1.60439206985757 1.14912544656545 1.07008222700097 1.49205783335492 1.49020696105435 1.49452364095487 1.34990356350318 1.63573024701327 1.53527329186909 1.16218675090931 1.55319599644281
1.87182389013469 1.21726145688444 1.02549508633092 1.10027370159514 1.30265787709504 1.60274869971909 1.23941156477667 1.45380071527325 1.00264304177836 1.39820160251111 1.80299708689563 1.64108701306395 1.19996145507321 1.76696739159524 1.65882416930981 1.68290514568798 1.28449360257946 0 1.22892614360899 1.13483238895424 1.03000802313909 1.49498205562122 1.1049621719867 1.71041104267351 1.60146104102023 1.38152594212443 1.02539234678261 1.31768033932894 1.89456325839274 1.05484368605539
1.82691789511591 1.07349688513204 1.26636147359386 1.3571028818842 1.22869656910188 1.54979008203372 1.60862626531161 1.59950645267963 1.78242639941163 1.34749974939041 1.25602958654054 1.35693648760207 1.03995152632706 1.17370081110857 1.58457844890654 1.09969634166919 1.21626208233647 1.22892614360899 0 1.33505063620396 1.39843567390926 1.27291381848045 1.1152971892152 1.24119818094186 1.46245717490092 1.44575959839858 1.1767649371177 1.49486026959494 1.35254164831713 1.35129116941243
1.18335619033314 1.45454331301153 1.23583500692621 1.68717996194027 1.50686463923194 1.15430098748766 0.988749810727313 1.06865629064851 1.30935018928722 0.975715503562242 1.3657217528671 1.87662690016441 1.45782235055231 1.49276917777024 1.86121136439033 1.09003018611111 1.60439206985757 1.13483238895424 1.33505063620396 0 1.56831407919526 1.54579608142376 1.17253144574352 1.70214951131493 1.89441462070681 1.4527658871375 1.56652857759036 0.986831986811012 1.72579207946546 1.50705961626954
1.05863216891885 1.37033209064975 0.95696485042572 1.64186750841327 1.51901823538356 1.241583583178 1.06559519446455 1.68245993414894 1.02287004492246 1.19291957956739 1.61366201913916 1.57247608271427 1.58927203016356 1.03611265798099 1.1203808162827 0.967160965315998 1.14912544656545 1.03000802313909 1.39843567390926 1.56831407919526 0 1.12270054058172 1.37101328885183 0.93821077235043 1.22894871444441 1.16057292511687 1.68183446279727 1.26555710681714 1.28079897351563 1.08316036663018
1.51283747889102 1.81413207668811 1.04880638117902 1.06330195860937 1.39692989061587 1.44463969976641 1.34596558753401 1.12919867108576 1.19125341600738 1.50227493839338 1.55742781586014 1.91452081408352 1.23692163568921 1.11384081700817 1.89105459512211 0.968481651507318 1.07008222700097 1.49498205562122 1.27291381848045 1.54579608142376 1.12270054058172 0 0.934686817461625 0.969462477834895 1.5859018957708 1.90041201002896 1.61789096007124 1.65477141807787 1.82051415601745 1.54725850746036
1.3284776553046 1.26687194430269 1.57720748800784 1.58139657159336 1.78455835883506 1.79625300923362 1.20667219953611 1.56218156870455 1.35604982520454 0.986285481136292 1.41887331777252 1.16788196144626 1.86937337648124 1.59083235403523 1.12395407794975 1.41224640514702 1.49205783335492 1.1049621719867 1.1152971892152 1.17253144574352 1.37101328885183 0.934686817461625 0 1.5498936814256 1.79768665251322 1.40671735792421 1.26620385888964 1.68914428679273 1.60656988155097 1.65837214840576
1.68162596877664 1.4797018324025 1.4055281507317 1.2360543620307 0.969467697665095 0.997006228659302 1.82820211490616 1.6904359573964 1.09187436848879 1.57216899679042 1.00120640010573 1.4814213050995 1.83989096037112 1.18581429147162 1.76403504400514 1.56292749848217 1.49020696105435 1.71041104267351 1.24119818094186 1.70214951131493 0.93821077235043 0.969462477834895 1.5498936814256 0 1.13344602589495 1.1346319525037 0.958874668460339 1.10630066902377 1.82948863971978 1.6473489315249
0.967522480292246 1.20450813393109 1.83418365730904 1.78443276346661 1.18016732716933 1.58584683551453 1.37091706809588 1.57245497754775 1.10197502514347 1.05075557040982 1.3557222110685 1.69638187461533 1.04606826067902 1.10522593511268 1.24190959241241 1.79798749042675 1.49452364095487 1.60146104102023 1.46245717490092 1.89441462070681 1.22894871444441 1.5859018957708 1.79768665251322 1.13344602589495 0 1.4776787229348 1.37783301109448 1.19076798902825 1.21421678876504 1.81808170955628
1.23371603828855 1.50721970549785 0.991782368160784 1.66476949909702 0.995123046915978 1.16945680044591 1.64396040677093 1.15985339065082 1.30153448367491 1.30189967877232 1.84731434471905 1.88118644873612 1.21237440081313 1.1699022622779 1.39860438392498 1.80887298542075 1.34990356350318 1.38152594212443 1.44575959839858 1.4527658871375 1.16057292511687 1.90041201002896 1.40671735792421 1.1346319525037 1.4776787229348 0 1.74118859414011 1.59404110815376 1.3671296807006 1.846150980331
1.79382877564058 1.22517470573075 1.26245996751823 1.35838452703319 1.11964128422551 1.50227707368322 1.63822731026448 1.50254763220437 1.14150653569959 1.38476800313219 1.92673540418036 1.82418771041557 1.32374497619458 0.964922595303506 1.53551923646592 0.94706738460809 1.63573024701327 1.02539234678261 1.1767649371177 1.56652857759036 1.68183446279727 1.61789096007124 1.26620385888964 0.958874668460339 1.37783301109448 1.74118859414011 0 0.951574283652008 1.10262580169365 1.14546808227897
1.52016389253549 1.22174498415552 1.01268989150412 1.22546923905611 1.49158385419287 1.60007368214428 1.29336800193414 1.68452656618319 1.84257088671438 1.4608708829619 1.85307092126459 1.71915387921035 1.53818229679018 1.85450647491962 1.80966326128691 1.22229267749935 1.53527329186909 1.31768033932894 1.49486026959494 0.986831986811012 1.26555710681714 1.65477141807787 1.68914428679273 1.10630066902377 1.19076798902825 1.59404110815376 0.951574283652008 0 1.29991254466586 1.47400223393925
1.45590086560696 1.22504283837043 1.07263780059293 1.56810880941339 1.14561054203659 1.7096364335157 1.32857023808174 1.43333020457067 0.962652593152598 1.68882913026027 1.72211274690926 1.3808144510258 1.38419072702527 1.38565693283454 1.19021902629174 1.00592752569355 1.16218675090931 1.89456325839274 1.35254164831713 1.72579207946546 1.28079897351563 1.82051415601745 1.60656988155097 1.82948863971978 1.21421678876504 1.3671296807006 1.10262580169365 1.29991254466586 0 1.39707937720232
1.53444002359174 1.11408654763363 1.27129873726517 1.13266387954354 1.7464090930298 1.61346400063485 0.963909532409161 1.00082465726882 1.30463422765024 1.02456008200534 1.40604712767527 1.438800111413 1.84143930370919 0.972659529652447 1.51691483426839 1.09750520274974 1.55319599644281 1.05484368605539 1.35129116941243 1.50705961626954 1.08316036663018 1.54725850746036 1.65837214840576 1.6473489315249 1.81808170955628 1.846150980331 1.14546808227897 1.47400223393925 1.39707937720232 0
