0 0.986452482175082 1.79550327989273 1.65836417046376 1.84937522141263 1.3443208951503 1.69429004983976 1.46277862763964 1.7398561341688 1.50280457152985 1.69510196289048 0.982230243040249 0.953876401763409 1.66936032776721 1.44209262100048 1.12303523509763 1.54385814256966 1.88282062043436 1.58192506013438 1.81770985713229 1.64339393936098 1.7501818088349 1.71078301989473 1.07873981771991 1.8555532740429 1.00933015532792 1.6298026512377 1.3987681211438 1.83909756853245 0.994668511208147
0.986452482175082 0 1.27010779036209 1.80632859887555 1.37838148907758 1.12077461811714 1.25489278254099 1.72351243114099 0.9941353185568 0.995999721810222 1.85320596164092 1.86305888742208 1.10018792841583 1.07655526953749 1.55076447734609 1.6329717147164 1.43910609022714 1.20126035972498 1.05406842264347 1.04152128379792 1.26545181800611 1.35939468466677 1.22589555708691 1.91193526284769 1.36293459683657 1.61942751170136 1.84243908571079 1.19590886845253 1.16055403021164 1.23592802020721
1.79550327989273 1.27010779036209 0 1.14270980120637 1.71994019346312 1.2912650082726 1.29416563687846 1.0922993272543 1.11000228021294 1.72491537523456 1.89123925170861 1.53620130405761 1.81550299678929 1.4848901622463 1.19986657355912 1.84812756208703 1.16871155775152 1.39196027209982 1.13326657493599 1.62277239211835 1.328196603572 1.74990709708072 1.02351800911129 1.04626800399274 1.76379070896655 1.05540233873762 1.02136658295058 1.41380850644782 1.8054034973029 1.66293718246743
1.65836417046376 1.80632859887555 1.14270980120637 0 1.74410257488489 1.48395798471756 1.63257654593326 1.24653684091754 1.36012971308082 1.94802062422968 1.50606042868458 1.8850639781449 1.15165456803516 1.30088934628293 1.54995120200329 1.0548270214349 1.34503838745877 1.76064872252755 1.0353376835119 1.64060573582537 1.60058200056665 1.90377688175067 1.79800277249888 1.61479613813572 1.15734299318865 1.1946576568298 1.53053257451393 1.56510761287063 1.2753637698479 1.04101665853523
1.84937522141263 1.37838148907758 1.71994019346312 1.74410257488489 0 1.1207800176926 1.37945117964409 1.80464551155455 1.22962597478181 1.43710243701935 1.57413863064721 1.27520157233812 1.7135881097056 1.08070875960402 1.71075625298545 1.17761011607945 1.66566649451852 1.05702268565074 1.88426876161247 1.7273659252096 1.22612217417918 1.07124308752827 1.55408352869563 1.61576495575719 1.78223047428764 1.77783662406728 1.01184289436787 1.70691555179656 1.53257128153928 1.04409924172796
1.3443208951503 1.12077461811714 1.2912650082726 1.48395798471756 1.1207800176926 0 1.00905580050312 1.55378178902902 1.39805774297565 1.23461890709586 1.06118565518409 1.34471194422804 1.80931090586819 1.77573048160411 1.08073165290989 1.12859278917313 1.54966109385714 1.50073313643225 1.49839155259542 1.1345983191859 1.2995874651242 1.3377755752299 1.34650192270055 1.79376817052253 1.17666701111011 1.68359984643757 1.21743545145728 1.83784652105533 1.56503566983156 1.48841770202853
1.69429004983976 1.25489278254099 1.29416563687846 1.63257654593326 1.37945117964409 1.00905580050312 0 1.38327534077689 1.13427427737042 1.33404884953052 0.991146991960704 1.71069597662427 1.69307973794639 1.60908723529428 1.8544031274505 1.73325909953564 1.28759734379128 1.56549408053979 0.954693880863488 1.20359694841318 1.92295183986425 1.4180299565196 1.88606212264858 1.3240016719792 0.954536282690242 1.34251543716528 1.33477129158564 1.37986312713474 1.37503129802644 1.00181936239824
1.46277862763964 1.72351243114099 1.0922993272543 1.24653684091754 1.80464551155455 1.55378178902902 1.38327534077689 0 1.92812022939324 1.36349465674721 0.954018945572898 1.81852986337617 1.58345261332579 1.68065429758281 1.55970731470734 0.950884031131864 1.77515145693906 1.85636017587967 1.51373220328242 1.865843514679 1.30874618701637 1.3688132155221 0.975714312167838 1.11697517917491 1.19328817399219 1.27468605223112 1.9340521749109 1.18177561135963 1.88912748452276 1.48728520632721
1.7398561341688 0.9941353185568 1.11000228021294 1.36012971308082 1.22962597478181 1.39805774297565 1.13427427737042 1.92812022939324 0 1.05326014733873 1.32532441685908 1.40592322684824 1.08157329051755 1.22413997421972 1.1216679662466 1.67397991172038 1.40992574905977 1.70856786239892 1.92851172504015 1.1466323514469 0.993631964782253 1.3035614665132 1.8236981886439 1.3927952144295 1.89597585727461 0.950829640496522 1.23030713270418 1.51417631166987 1.31468756473623 1.28057797811925
1.50280457152985 0.995999721810222 1.72491537523456 1.94802062422968 1.43710243701935 1.23461890709586 1.33404884953052 1.36349465674721 1.05326014733873 0 1.62753286678344 0.975205141119659 1.62837926647626 1.06092745577917 0.953989087836817 1.13301001884975 1.64078134810552 1.28525899420492 1.36182891717181 1.18770291679539 0.989685092121363 1.63054956845008 1.07084757834673 1.39284962788224 1.39469991694205 1.00993207516149 1.06311642820947 1.41727194003761 1.83802855852991 1.63580309203826
1.69510196289048 1.85320596164092 1.89123925170861 1.50606042868458 1.57413863064721 1.06118565518409 0.991146991960704 0.954018945572898 1.32532441685908 1.62753286678344 0 1.85477864486165 1.37097338144667 1.01511024637148 1.45753506477922 1.23987136920914 1.52156039071269 0.998947076499462 1.94584087282419 1.62851761817001 1.7060881818179 1.88707989221439 1.38157935347408 1.60325692594051 1.78566946042702 1.54867868078873 1.03717647818848 1.05822127847932 1.71908676880412 1.14537552162074
0.982230243040249 1.86305888742208 1.53620130405761 1.8850639781449 1.27520157233812 1.34471194422804 1.71069597662427 1.81852986337617 1.40592322684824 0.975205141119659 1.85477864486165 0 1.63062895368785 1.59483160730451 1.23839882854372 1.11834530462511 1.83531239978038 1.85435771686025 1.86718741827644 1.13108304142952 1.62366155139171 1.44978346885182 1.42117569874972 1.92109514586627 1.76342605031095 1.62780260993168 1.32230071700178 1.15012628748082 1.23568612639792 1.47940649767406
0.953876401763409 1.10018792841583 1.81550299678929 1.15165456803516 1.7135881097056 1.80931090586819 1.69307973794639 1.58345261332579 1.08157329051755 1.62837926647626 1.37097338144667 1.63062895368785 0 1.01020650146529 0.969529661117122 1.05191702325828 1.8554706168361 1.66308777523227 1.61743246368133 1.62646319484338 1.37164061213844 1.59052653773688 1.66749588190578 1.27746899332851 1.74462818005122 1.05722655029967 1.28747796872631 1.70977666624822 1.56268057809211 1.1080204367172
1.66936032776721 1.07655526953749 1.4848901622463 1.30088934628293 1.08070875960402 1.77573048160411 1.60908723529428 1.68065429758281 1.22413997421972 1.06092745577917 1.01511024637148 1.59483160730451 1.01020650146529 0 1.29982238495722 1.84234030405059 1.66204997571185 1.29772736737505 1.42588924616575 1.44894963153638 1.53420512541197 1.42198467277922 1.44541160273366 1.09190006786957 1.64346304023638 1.64648742950521 1.79180895001628 1.43724036216736 1.00063439272344 1.48335753707215
1.44209262100048 1.55076447734609 1.19986657355912 1.54995120200329 1.71075625298545 1.08073165290989 1.8544031274505 1.55970731470734 1.1216679662466 0.953989087836817 1.45753506477922 1.23839882854372 0.969529661117122 1.29982238495722 0 1.58000277006067 1.88637504028156 1.59252741420642 1.41326457099058 1.83684704708867 1.16553734405898 1.38267532875761 1.02841931185685 1.19125842419453 1.31011640653014 1.23446529824287 1.89564870251343 1.4686337960884 0.95171369286254 1.14552323962562
1.12303523509763 1.6329717147164 1.84812756208703 1.0548270214349 1.17761011607945 1.12859278917313 1.73325909953564 0.950884031131864 1.67397991172038 1.13301001884975 1.23987136920914 1.11834530462511 1.05191702325828 1.84234030405059 1.58000277006067 0 1.41122971568257 1.17703643860295 1.57088990183547 1.07705977512524 1.65299450932071 1.21630411827937 1.83496054960415 1.01174182072282 1.43300329777412 1.91305670398287 1.53687601466663 1.45068675093353 1.49224065220915 1.91640020417981
1.54385814256966 1.43910609022714 1.16871155775152 1.34503838745877 1.66566649451852 1.54966109385714 1.28759734379128 1.77515145693906 1.40992574905977 1.64078134810552 1.52156039071269 1.83531239978038 1.8554706168361 1.66204997571185 1.88637504028156 1.41122971568257 0 1.6132514604833 0.976957418490201 1.47284098621458 1.3486012367066 1.1486945960205 1.90308294910938 1.79933344712481 1.36542362440377 1.49037447618321 1.87248384510167 0.98507317667827 1.70994736207649 1.1777932557743
1.88282062043436 1.20126035972498 1.39196027209982 1.76064872252755 1.05702268565074 1.50073313643225 1.56549408053979 1.85636017587967 1.70856786239892 1.28525899420492 0.998947076499462 1.85435771686025 1.66308777523227 1.29772736737505 1.59252741420642 1.17703643860295 1.6132514604833 0 1.92791231907904 1.59845903492533 1.46382361045107 1.40155288833193 1.32083365414292 1.25421836157329 1.87788160378113 1.83908952353522 0.97616261523217 1.90345705323853 1.27192192990333 1.75624492880888
1.58192506013438 1.05406842264347 1.13326657493599 1.0353376835119 1.88426876161247 1.49839155259542 0.954693880863488 1.51373220328242 1.92851172504015 1.36182891717181 1.94584087282419 1.86718741827644 1.61743246368133 1.42588924616575 1.41326457099058 1.57088990183547 0.976957418490201 1.92791231907904 0 1.60701538459398 1.03305878606625 1.77851408184506 1.56551201152615 1.78431366360746 1.772379163187 1.53753128414974 1.37653553206474 1.65823167841882 1.7153474050574 1.18676052126102
1.81770985713229 1.04152128379792 1.62277239211835 1.64060573582537 1.7273659252096 1.1345983191859 1.20359694841318 1.865843514679 1.1466323514469 1.18770291679539 1.62851761817001 1.13108304142952 1.62646319484338 1.44894963153638 1.83684704708867 1.07705977512524 1.47284098621458 1.59845903492533 1.60701538459398 0 1.18437155382708 1.82857787306421 1.94888824759983 1.26819204096682 1.03305710991845 1.50756714656018 1.79827046417631 1.78234727773815 1.86982694501057 1.87476506992243
1.64339393936098 1.26545181800611 1.328196603572 1.60058200056665 1.22612217417918 1.2995874651242 1.92295183986425 1.30874618701637 0.993631964782253 0.989685092121363 1.7060881818179 1.62366155139171 1.37164061213844 1.53420512541197 1.16553734405898 1.65299450932071 1.3486012367066 1.46382361045107 1.03305878606625 1.18437155382708 0 1.08802103064954 1.23762235045433 1.07715702196583 1.59574734093621 1.87671804451384 1.64169815415516 1.83612393774092 1.8988722874783 1.65045275376178
1.7501818088349 1.35939468466677 1.74990709708072 1.90377688175067 1.07124308752827 1.3377755752299 1.4180299565196 1.3688132155221 1.3035614665132 1.63054956845008 1.88707989221439 1.44978346885182 1.59052653773688 1.42198467277922 1.38267532875761 1.21630411827937 1.1486945960205 1.40155288833193 1.77851408184506 1.82857787306421 1.08802103064954 0 1.77505517704412 1.14597132941708 1.46204539132304 1.07077356358059 0.997967662522569 1.71892058174126 1.73408251511864 1.00963965058327
1.71078301989473 1.22589555708691 1.02351800911129 1.79800277249888 1.55408352869563 1.34650192270055 1.88606212264858 0.975714312167838 1.8236981886439 1.07084757834673 1.38157935347408 1.42117569874972 1.66749588190578 1.44541160273366 1.02841931185685 1.83496054960415 1.90308294910938 1.32083365414292 1.56551201152615 1.94888824759983 1.23762235045433 1.77505517704412 0 1.2877101355698 1.1364767132327 1.83998035569675 1.84092926722951 1.32017988734879 1.75258493307047 1.89779468323104
1.07873981771991 1.91193526284769 1.04626800399274 1.61479613813572 1.61576495575719 1.79376817052253 1.3240016719792 1.11697517917491 1.3927952144295 1.39284962788224 1.60325692594051 1.92109514586627 1.27746899332851 1.09190006786957 1.19125842419453 1.01174182072282 1.79933344712481 1.25421836157329 1.78431366360746 1.26819204096682 1.07715702196583 1.14597132941708 1.2877101355698 0 1.65472286567092 1.92347513069399 1.82978084939532 1.80045330454595 1.38710598205216 1.16470391023904
1.8555532740429 1.36293459683657 1.76379070896655 1.15734299318865 1.78223047428764 1.17666701111011 0.954536282690242 1.19328817399219 1.89597585727461 1.39469991694205 1.78566946042702 1.76342605031095 1.74462818005122 1.64346304023638 1.31011640653014 1.43300329777412 1.36542362440377 1.87788160378113 1.772379163187 1.03305710991845 1.59574734093621 1.46204539132304 1.1364767132327 1.65472286567092 0 1.55112937535159 1.07102120527998 1.31072117364965 1.38856212981045 1.16578383208252
1.00933015532792 1.61942751170136 1.05540233873762 1.1946576568298 1.77783662406728 1.68359984643757 1.34251543716528 1.27468605223112 0.950829640496522 1.00993207516149 1.54867868078873 1.62780260993168 1.05722655029967 1.64648742950521 1.23446529824287 1.91305670398287 1.49037447618321 1.83908952353522 1.53753128414974 1.50756714656018 1.87671804451384 1.07077356358059 1.83998035569675 1.92347513069399 1.55112937535159 0 1.70082454429939 1.32711512735114 1.26024500234053 1.24017327278852
1.6298026512377 1.84243908571079 1.02136658295058 1.53053257451393 1.01184289436787 1.21743545145728 1.33477129158564 1.9340521749109 1.23030713270418 1.06311642820947 1.03717647818848 1.32230071700178 1.28747796872631 1.79180895001628 1.89564870251343 1.53687601466663 1.87248384510167 0.97616261523217 1.37653553206474 1.79827046417631 1.64169815415516 0.997967662522569 1.84092926722951 1.82978084939532 1.07102120527998 1.70082454429939 0 1.46178734232672 1.32530754897743 1.6854716129601
1.3987681211438 1.19590886845253 1.41380850644782 1.56510761287063 1.70691555179656 1.83784652105533 1.37986312713474 1.18177561135963 1.51417631166987 1.41727194003761 1.05822127847932 1.15012628748082 1.70977666624822 1.43724036216736 1.4686337960884 1.45068675093353 0.98507317667827 1.90345705323853 1.65823167841882 1.78234727773815 1.83612393774092 1.71892058174126 1.32017988734879 1.80045330454595 1.31072117364965 1.32711512735114 1.46178734232672 0 1.70563716860488 1.60185662820004
1.83909756853245 1.16055403021164 1.8054034973029 1.2753637698479 1.53257128153928 1.56503566983156 1.37503129802644 1.88912748452276 1.31468756473623 1.83802855852991 1.71908676880412 1.23568612639792 1.56268057809211 1.00063439272344 0.95171369286254 1.49224065220915 1.70994736207649 1.27192192990333 1.7153474050574 1.86982694501057 1.8988722874783 1.73408251511864 1.75258493307047 1.38710598205216 1.38856212981045 1.26024500234053 1.32530754897743 1.70563716860488 0 1.72078605974093
0.994668511208147 1.23592802020721 1.66293718246743 1.04101665853523 1.04409924172796 1.48841770202853 1.00181936239824 1.48728520632721 1.28057797811925 1.63580309203826 1.14537552162074 1.47940649767406 1.1080204367172 1.48335753707215 1.14552323962562 1.91640020417981 1.1777932557743 1.75624492880888 1.18676052126102 1.87476506992243 1.65045275376178 1.00963965058327 1.89779468323104 1.16470391023904 1.16578383208252 1.24017327278852 1.6854716129601 1.60185662820004 1.72078605974093 0
