0 1.08074058988132 1.33920784038492 1.20694755180739 1.91991598694585 0.928469222504646 1.66867124009877 1.43384646414779 1.62492669187486 1.53028255607933 1.84411472291686 1.05193314934149 1.37831120239571 1.12856894009747 1.88872283650562 1.03068081173114 1.10466230427846 1.56171973305754 1.10766180907376 1.42923114239238 0.988927195779979 1.90636795107275 1.82551357266493 1.6921581455972 1.41699739359319 1.20674241404049 1.88952024187893 1.916116891196 1.50599553296342 1.91391639667563
1.08074058988132 0 1.41929106693715 1.2990098670125 1.0628386347089 1.45247993664816 1.67287028976716 0.965734481578693 1.31088905525394 1.17420502845198 1.0706925643608 0.978083266410977 1.50879520503804 1.36462078499608 1.06391344591975 1.42666951334104 1.67960395268165 1.88057609368116 1.15404805447906 1.35443070693873 1.18019586382434 1.78304457291961 1.63755931775086 1.70389395044185 1.88092655269429 1.0412586608436 1.42794253327884 1.29550988739356 1.74853275204077 1.41757376352325
1.33920784038492 1.41929106693715 0 1.16619291622192 1.91500457306392 1.5729639378842 1.20742808096111 1.45148703176528 1.70036098686978 1.14697804604657 1.26485231192783 1.653784240596 1.61839732667431 1.27682370576076 1.42033321596682 1.42394802137278 1.67765548755415 1.18247897457331 1.07921143970452 0.93805056787096 1.6604542254936 1.4231334538199 0.925640055211261 1.14544414822012 1.09592877631076 1.52347814966924 1.10439550457522 1.82976090884767 1.51803043158725 0.986037912312895
1.20694755180739 1.2990098670125 1.16619291622192 0 1.61486401059665 1.00770000438206 1.24413897236809 1.18466965551488 1.42351886699907 1.45004289061762 1.22704564686865 1.32520933263004 1.43557187635452 1.87971886084415 1.11315562180243 1.68836149992421 0.961772779002786 0.962328449590132 1.51985279400833 1.42715080711059 1.50396314426325 1.73729320243001 1.17032242985442 1.75562605564483 1.85544130834751 1.5902953739278 0.932256519794464 1.07181338197552 1.4556605478283 1.24126800242811
1.91991598694585 1.0628386347089 1.91500457306392 1.61486401059665 0 1.62582240509801 1.40331604960375 1.31856004172005 1.64148613507859 1.8020349626895 1.56691133673303 1.05220670136623 1.57099748426117 0.962762034730986 1.52331600687467 1.4852489605546 1.42831142246723 1.85806422680616 1.58446116326377 1.81305079581216 1.06007141363807 1.72529498161748 0.999410023912787 1.84648001566529 0.955245690885931 1.84566039289348 1.47876436868683 1.81588584696874 1.91668563056737 1.09030289645307
0.928469222504646 1.45247993664816 1.5729639378842 1.00770000438206 1.62582240509801 0 1.76135112321936 1.10836922912858 1.15113184251823 1.06311070197262 1.52997527667321 1.02417074865662 1.45457973564044 1.67553039989434 1.18764830660075 1.61143759987317 1.68266318715177 0.969210079871118 1.48716539144516 1.48430723277852 1.45773860719055 1.32634063623846 1.65122828632593 0.956854291027412 1.82760099251755 1.31478416244499 0.961051019374281 1.0666616614908 1.3214542826172 1.29256989317946
1.66867124009877 1.67287028976716 1.20742808096111 1.24413897236809 1.40331604960375 1.76135112321936 0 1.13018160522915 1.74689062335528 0.933760157087818 1.02502160985023 1.06888464046642 1.87811448168941 1.0537344487384 1.35028783045709 1.68055626377463 1.86089556897059 1.87396200071089 1.9049899764359 1.54517844505608 1.90414894674905 0.991055034566671 1.11853663949296 1.56476005725563 0.946466013556346 1.87441900884733 1.62759769777767 1.55780899897218 0.968084993073717 1.46160949789919
1.43384646414779 0.965734481578693 1.45148703176528 1.18466965551488 1.31856004172005 1.10836922912858 1.13018160522915 0 1.62627905746922 0.946623350726441 0.93531740619801 1.00631877128035 1.71993879345246 1.34334086650051 1.43494565645233 1.43690333748236 1.34158670646138 1.39962957566604 1.56435567187145 1.60260125622153 1.90267319697887 1.41940281656571 1.49910525744781 1.238351627253 1.3896377212368 1.77511950372718 1.21430644858629 1.88292836188339 1.51049573626369 1.0922544025816
1.62492669187486 1.31088905525394 1.70036098686978 1.42351886699907 1.64148613507859 1.15113184251823 1.74689062335528 1.62627905746922 0 1.46701935958117 1.71786858933046 1.02244778140448 1.54674879577942 0.984792551025748 1.59061556891538 1.22711501759477 1.10328663489781 1.45886923093349 1.2665047571063 1.52402732940391 1.81371550750919 1.44557179277763 1.12868781667203 1.33357045729645 1.37257242202759 1.0531340749003 1.7459394314792 1.68688414571807 1.84561424492858 1.86391737055965
1.53028255607933 1.17420502845198 1.14697804604657 1.45004289061762 1.8020349626895 1.06311070197262 0.933760157087818 0.946623350726441 1.46701935958117 0 1.67031618650071 1.80045813624747 1.33932303264737 1.67450102837756 1.70325372181833 1.08140268945135 1.35067630629055 1.73349158233032 1.33268396276981 1.5797014310956 1.27247521327808 1.55172008997761 1.22200273745693 0.949284958653152 1.68352585402317 1.42577179311775 1.5923660886474 1.57078384538181 1.39634276810102 1.29031120031141
1.84411472291686 1.0706925643608 1.26485231192783 1.22704564686865 1.56691133673303 1.52997527667321 1.02502160985023 0.93531740619801 1.71786858933046 1.67031618650071 0 1.16123824263923 1.12723901029676 1.72154250368476 1.48757378431037 1.17657527746633 1.29961478291079 1.83006188855506 0.995376897510141 1.73486202629283 1.41058626421727 1.67022727103904 1.6381505264435 1.10266965953633 1.1056323943194 1.30305180931464 1.60298430919647 1.67333322996274 1.54860448208638 0.95096574537456
1.05193314934149 0.978083266410977 1.653784240596 1.32520933263004 1.05220670136623 1.02417074865662 1.06888464046642 1.00631877128035 1.02244778140448 1.80045813624747 1.16123824263923 0 1.20220155990683 1.48232699302025 1.62271813536063 0.935979102971032 1.3200227310881 1.09678967739455 1.83205601503141 1.72425833018497 1.23579234047793 1.40838677459396 1.55908915447071 1.25607405789196 1.26136782579124 1.26298602600582 1.46159204281867 1.76692060241476 1.02037999383174 1.5450357880909
1.37831120239571 1.50879520503804 1.61839732667431 1.43557187635452 1.57099748426117 1.45457973564044 1.87811448168941 1.71993879345246 1.54674879577942 1.33932303264737 1.12723901029676 1.20220155990683 0 1.75841646641493 1.15703570051119 1.50937157310545 1.0603641399648 1.04539478500374 1.38256148248911 1.61447318247519 1.24747467762791 1.70235344860703 1.12821040535346 1.55482901213691 1.03043341985904 1.75914933090098 1.12076235772111 1.01346037187614 1.42944390885532 1.14365277439356
1.12856894009747 1.36462078499608 1.27682370576076 1.87971886084415 0.962762034730986 1.67553039989434 1.0537344487384 1.34334086650051 0.984792551025748 1.67450102837756 1.72154250368476 1.48232699302025 1.75841646641493 0 1.19752730173059 1.7624536473304 1.77026769937947 1.76391402143054 1.86020748806186 1.79026908008382 1.63252075226046 1.82677374244668 1.0747554730624 1.36958108702675 1.73326139780693 1.51122784730978 1.82995618530549 1.59525565896183 1.17054086527787 1.54846318392083
1.88872283650562 1.06391344591975 1.42033321596682 1.11315562180243 1.52331600687467 1.18764830660075 1.35028783045709 1.43494565645233 1.59061556891538 1.70325372181833 1.48757378431037 1.62271813536063 1.15703570051119 1.19752730173059 0 1.78734147315845 1.16962453536689 1.27484423387796 1.65238405973651 1.28457976016216 1.58589298208244 1.68310412322171 0.945225228089839 1.0189352852758 1.15422494523227 1.09903852618299 1.91305545181967 1.12694144435227 1.33178671519272 0.983848061878234
1.03068081173114 1.42666951334104 1.42394802137278 1.68836149992421 1.4852489605546 1.61143759987317 1.68055626377463 1.43690333748236 1.22711501759477 1.08140268945135 1.17657527746633 0.935979102971032 1.50937157310545 1.7624536473304 1.78734147315845 0 1.185322053032 0.997568597784266 1.60031384043396 1.70281590614468 1.81143000931479 1.86730124405585 1.05310993827879 1.56613482325338 1.04046374280006 1.87695743818767 1.85797331202775 1.6566194826737 1.26075790240429 1.16495087556541
1.10466230427846 1.67960395268165 1.67765548755415 0.961772779002786 1.42831142246723 1.68266318715177 1.86089556897059 1.34158670646138 1.10328663489781 1.35067630629055 1.29961478291079 1.3200227310881 1.0603641399648 1.77026769937947 1.16962453536689 1.185322053032 0 1.68350819754414 1.81149025820196 1.84387797745876 1.08064358867705 1.05576835107058 1.57292623142712 1.08740338566713 1.32101106503978 1.78838365175761 1.64816388534382 1.7218176596798 1.69787039910443 1.86693384475075
1.56171973305754 1.88057609368116 1.18247897457331 0.962328449590132 1.85806422680616 0.969210079871118 1.87396200071089 1.39962957566604 1.45886923093349 1.73349158233032 1.83006188855506 1.09678967739455 1.04539478500374 1.76391402143054 1.27484423387796 0.997568597784266 1.68350819754414 0 1.42494206526317 1.10160032310523 0.977635090472177 1.71857960987836 1.52998732030392 1.84846139862202 1.49364072782919 1.8001311563421 1.16210831794888 1.84260411025025 1.5949281451758 1.85529750981368
1.10766180907376 1.15404805447906 1.07921143970452 1.51985279400833 1.58446116326377 1.48716539144516 1.9049899764359 1.56435567187145 1.2665047571063 1.33268396276981 0.995376897510141 1.83205601503141 1.38256148248911 1.86020748806186 1.65238405973651 1.60031384043396 1.81149025820196 1.42494206526317 0 1.16038786899298 1.11135488539003 1.72030486096628 1.53740990790538 1.554400971625 1.2718884232454 1.66019866731949 1.90271744201891 0.93298745690845 1.57796381227672 1.87223227345385
1.42923114239238 1.35443070693873 0.93805056787096 1.42715080711059 1.81305079581216 1.48430723277852 1.54517844505608 1.60260125622153 1.52402732940391 1.5797014310956 1.73486202629283 1.72425833018497 1.61447318247519 1.79026908008382 1.28457976016216 1.70281590614468 1.84387797745876 1.10160032310523 1.16038786899298 0 1.83281459286809 1.36976327537559 1.79793411120772 1.59406913327985 0.924338219687343 1.23424213682301 1.37863753037527 1.5680865268223 1.80435004527681 1.71607294119895
0.988927195779979 1.18019586382434 1.6604542254936 1.50396314426325 1.06007141363807 1.45773860719055 1.90414894674905 1.90267319697887 1.81371550750919 1.27247521327808 1.41058626421727 1.23579234047793 1.24747467762791 1.63252075226046 1.58589298208244 1.81143000931479 1.08064358867705 0.977635090472177 1.11135488539003 1.83281459286809 0 1.60597163322382 1.40981154656038 1.30767813883722 1.15010999608785 1.14986307639629 1.04804796818644 0.933935137465596 1.0488045711536 1.09651798917912
1.90636795107275 1.78304457291961 1.4231334538199 1.73729320243001 1.72529498161748 1.32634063623846 0.991055034566671 1.41940281656571 1.44557179277763 1.55172008997761 1.67022727103904 1.40838677459396 1.70235344860703 1.82677374244668 1.68310412322171 1.86730124405585 1.05576835107058 1.71857960987836 1.72030486096628 1.36976327537559 1.60597163322382 0 1.42421407531947 1.45276618911885 1.66145442379639 1.46133008645847 1.47373739699833 1.25891658756882 1.34830724727362 1.2209530340042
1.82551357266493 1.63755931775086 0.925640055211261 1.17032242985442 0.999410023912787 1.65122828632593 1.11853663949296 1.49910525744781 1.12868781667203 1.22200273745693 1.6381505264435 1.55908915447071 1.12821040535346 1.0747554730624 0.945225228089839 1.05310993827879 1.57292623142712 1.52998732030392 1.53740990790538 1.79793411120772 1.40981154656038 1.42421407531947 0 0.980487447464839 1.54807966947556 1.42246959079057 1.43304656329565 1.5398497779388 1.08882638649084 1.90493442956358
1.6921581455972 1.70389395044185 1.14544414822012 1.75562605564483 1.84648001566529 0.956854291027412 1.56476005725563 1.238351627253 1.33357045729645 0.949284958653152 1.10266965953633 1.25607405789196 1.55482901213691 1.36958108702675 1.0189352852758 1.56613482325338 1.08740338566713 1.84846139862202 1.554400971625 1.59406913327985 1.30767813883722 1.45276618911885 0.980487447464839 0 1.74141406035051 1.46510728588328 1.15938892168924 1.79473080998287 1.65562375960872 1.3889754624106
1.41699739359319 1.88092655269429 1.09592877631076 1.85544130834751 0.955245690885931 1.82760099251755 0.946466013556346 1.3896377212368 1.37257242202759 1.68352585402317 1.1056323943194 1.26136782579124 1.03043341985904 1.73326139780693 1.15422494523227 1.04046374280006 1.32101106503978 1.49364072782919 1.2718884232454 0.924338219687343 1.15010999608785 1.66145442379639 1.54807966947556 1.74141406035051 0 1.45418329373933 0.93400928680785 1.0134576454293 1.74796689581126 1.51228365348652
1.20674241404049 1.0412586608436 1.52347814966924 1.5902953739278 1.84566039289348 1.31478416244499 1.87441900884733 1.77511950372718 1.0531340749003 1.42577179311775 1.30305180931464 1.26298602600582 1.75914933090098 1.51122784730978 1.09903852618299 1.87695743818767 1.78838365175761 1.8001311563421 1.66019866731949 1.23424213682301 1.14986307639629 1.46133008645847 1.42246959079057 1.46510728588328 1.45418329373933 0 1.72475747321732 1.23021865962073 1.35192780592479 0.950204675318673
1.88952024187893 1.42794253327884 1.10439550457522 0.932256519794464 1.47876436868683 0.961051019374281 1.62759769777767 1.21430644858629 1.7459394314792 1.5923660886474 1.60298430919647 1.46159204281867 1.12076235772111 1.82995618530549 1.91305545181967 1.85797331202775 1.64816388534382 1.16210831794888 1.90271744201891 1.37863753037527 1.04804796818644 1.47373739699833 1.43304656329565 1.15938892168924 0.93400928680785 1.72475747321732 0 1.76894059870392 1.69479849468917 1.53171795001253
1.916116891196 1.29550988739356 1.82976090884767 1.07181338197552 1.81588584696874 1.0666616614908 1.55780899897218 1.88292836188339 1.68688414571807 1.57078384538181 1.67333322996274 1.76692060241476 1.01346037187614 1.59525565896183 1.12694144435227 1.6566194826737 1.7218176596798 1.84260411025025 0.93298745690845 1.5680865268223 0.933935137465596 1.25891658756882 1.5398497779388 1.79473080998287 1.0134576454293 1.23021865962073 1.76894059870392 0 1.74420639453456 1.57291579502635
1.50599553296342 1.74853275204077 1.51803043158725 1.4556605478283 1.91668563056737 1.3214542826172 0.968084993073717 1.51049573626369 1.84561424492858 1.39634276810102 1.54860448208638 1.02037999383174 1.42944390885532 1.17054086527787 1.33178671519272 1.26075790240429 1.69787039910443 1.5949281451758 1.57796381227672 1.80435004527681 1.0488045711536 1.34830724727362 1.08882638649084 1.65562375960872 1.74796689581126 1.35192780592479 1.69479849468917 1.74420639453456 0 1.73692185757682
1.91391639667563 1.41757376352325 0.986037912312895 1.24126800242811 1.09030289645307 1.29256989317946 1.46160949789919 1.0922544025816 1.86391737055965 1.29031120031141 0.95096574537456 1.5450357880909 1.14365277439356 1.54846318392083 0.983848061878234 1.16495087556541 1.86693384475075 1.85529750981368 1.87223227345385 1.71607294119895 1.09651798917912 1.2209530340042 1.90493442956358 1.3889754624106 1.51228365348652 0.950204675318673 1.53171795001253 1.57291579502635 1.73692185757682 0
