0 1.3218622202985 1.56036368943751 1.90106519893743 1.60198529204354 1.08429435431026 1.2510056796018 1.70656573050655 1.62525005848147 1.18007291271351 1.10118405660614 1.6850791957695 0.964960469864309 1.36428558942862 1.41854542028159 1.00197646021843 1.36293301708065 1.75816790177487 0.953853074461222 1.44024971104227 1.6879380417522 1.91952546709217 1.49087113258429 1.01466900086962 1.01103341556154 1.12992820213549 1.3576188411098 1.03931913757697 1.09370072023012 1.31301974225789
1.3218622202985 0 1.04677098360844 1.22345950244926 1.15215439070016 1.91237977915443 1.67648629634641 1.40974024916068 1.20049554947764 1.65667204000056 0.94540071929805 1.05307083739899 0.948452743701637 1.22369795083068 1.76417111069895 0.931408489355817 1.17169936629944 1.58211496495642 1.26835586829111 0.958674781024456 1.49896935932338 1.43637828808278 0.95243191672489 1.56673022429459 1.63007031707093 1.84429322229698 1.00606904062442 1.90432435390539 1.17594517418183 1.86336962063797
1.56036368943751 1.04677098360844 0 0.978844415163621 1.80187652166933 1.25936866202392 0.972388676833361 1.42394022573717 1.29762255516835 1.05371590261348 1.03343927487731 1.1425361004658 1.68624917557463 1.77237864839844 1.04589376668446 1.82943676388822 1.39858824992552 1.24240091070533 1.74988418188877 1.34513376676477 1.22720724879764 1.45759209454991 1.34183384291828 1.53694313787855 0.935570379020646 1.10780600528233 1.05608182190917 1.59582751872949 1.61709558591247 1.49047743622214
1.90106519893743 1.22345950244926 0.978844415163621 0 1.63562133279629 1.80443428689614 1.8000279283151 1.48424735129811 1.2397341276519 1.2402218459174 1.70686506433412 1.30663928436115 1.07865645899437 1.877464850666 1.43847650592215 1.02171050803736 1.23126413975842 1.90545785427094 1.61768874898553 1.43834584904835 1.39369623921812 1.22089252597652 1.05078375036828 1.4104873961769 1.81918362225406 1.21385437459685 1.34165781107731 1.20163399958983 1.37523722322658 1.84229405852966
1.60198529204354 1.15215439070016 1.80187652166933 1.63562133279629 0 1.81637348840013 1.55230305343866 1.43312091659755 1.1146895987913 1.63647922966629 1.0430287278723 1.4761203895323 1.75063095684163 1.51503706444055 0.981846749782562 1.22145024710335 1.44556993595324 1.78171399771236 1.10865025734529 1.46451364597306 1.44726624200121 1.18246950674802 1.67847942165099 0.968416056130081 1.61737500177696 1.31466604280286 1.62778989970684 1.80584195186384 1.75734976562671 1.74448079569265
1.08429435431026 1.91237977915443 1.25936866202392 1.80443428689614 1.81637348840013 0 1.76025752583519 1.04251438868232 1.86866651778109 1.57637697923928 1.09224565885961 1.39501165528782 1.5558433609549 1.20344803552143 1.71177112497389 1.55378852877766 1.69021426746622 1.6921843807213 1.11284204968251 1.48866875190288 1.61612993502058 1.42200266709551 1.68593875877559 1.35252118483186 1.8003831859678 1.554151117336 1.6655101806391 1.80477270926349 1.85983485891484 1.28496986650862
1.2510056796018 1.67648629634641 0.972388676833361 1.8000279283151 1.55230305343866 1.76025752583519 0 1.17395828897133 1.37085333629511 1.54804959660396 0.988544797990471 0.953797884751111 0.942472617607564 1.5323746248614 1.43102069315501 1.64444761164486 1.51354187075049 1.67940014414489 1.1316356069874 1.22737200860865 1.61793316155672 1.04008973296732 1.90739600872621 1.02292385138571 1.23213982838206 1.0722116259858 1.08275063079782 1.80782565078698 1.70158123341389 0.952533430187032
1.70656573050655 1.40974024916068 1.42394022573717 1.48424735129811 1.43312091659755 1.04251438868232 1.17395828897133 0 1.15202802862041 1.76654054247774 1.87518703681417 1.45775328576565 1.06633874634281 1.88222572323866 1.85176737536676 0.966488070320338 1.63956647110172 1.78143433388323 1.73136275983416 1.78427029703744 1.85845358017832 1.20064417319372 1.55026859231293 1.26912546087988 1.57926088874228 1.1727317199111 1.14970798487775 1.53279218287207 0.991585879353806 1.3203626233153
1.62525005848147 1.20049554947764 1.29762255516835 1.2397341276519 1.1146895987913 1.86866651778109 1.37085333629511 1.15202802862041 0 1.07013232191093 1.42121824505739 1.32143728784285 1.24456914281473 1.4975487603806 1.0853394488804 1.28489471692592 1.70044790720567 1.49633439606987 1.08106362563558 1.68572287308052 1.44766667997465 1.79628828074783 1.53146033757366 1.48989848326892 1.53595296177082 0.967747798189521 1.19286600593477 1.65685146511532 1.32520095794462 1.09670621436089
1.18007291271351 1.65667204000056 1.05371590261348 1.2402218459174 1.63647922966629 1.57637697923928 1.54804959660396 1.76654054247774 1.07013232191093 0 1.9210616205819 1.55639955331571 1.22649618703872 1.74868249357678 1.47009536391124 1.88047847477719 1.77191787608899 1.8637232715264 1.40024020988494 1.14444749290124 1.80663926643319 1.54476815951057 1.21079337224364 1.59822944412008 1.05052092764527 1.54595721536316 0.948093328392133 1.16153821861371 1.70409497339278 1.79630117607303
1.10118405660614 0.94540071929805 1.03343927487731 1.70686506433412 1.0430287278723 1.09224565885961 0.988544797990471 1.87518703681417 1.42121824505739 1.9210616205819 0 1.0438638466876 1.22887413226999 1.24803738086484 1.77457726816647 1.43478769226931 1.67482017236762 1.80307328747585 1.22452571918257 1.3017452491913 1.62026452389546 1.17271718406118 1.05891637434252 1.15264895022847 1.13476767740212 1.71859791269526 1.90051832958125 1.57915796083398 1.05993112549186 1.34569252678193
1.6850791957695 1.05307083739899 1.1425361004658 1.30663928436115 1.4761203895323 1.39501165528782 0.953797884751111 1.45775328576565 1.32143728784285 1.55639955331571 1.0438638466876 0 1.7357548980508 1.4808576607611 1.8495872032363 1.51107418490574 1.16467507509515 1.36436008778401 1.15373310586438 1.32065262808464 1.42145219375379 1.49014948680997 1.91383918444626 1.25884624058381 1.07986835390329 1.06216444517486 1.58751431107521 1.58018087758683 0.968645363580436 1.51027752342634
0.964960469864309 0.948452743701637 1.68624917557463 1.07865645899437 1.75063095684163 1.5558433609549 0.942472617607564 1.06633874634281 1.24456914281473 1.22649618703872 1.22887413226999 1.7357548980508 0 1.42721842927858 1.04843768267892 1.08991335425526 1.0875699785538 0.98233767808415 1.20105511089787 1.29239696240984 1.82938198791817 1.72395505011082 1.19795045722276 1.52880544844083 1.39197719702497 1.91113536502235 1.48855443601497 1.37356258928776 1.04822322074324 1.15078679751605
1.36428558942862 1.22369795083068 1.77237864839844 1.877464850666 1.51503706444055 1.20344803552143 1.5323746248614 1.88222572323866 1.4975487603806 1.74868249357678 1.24803738086484 1.4808576607611 1.42721842927858 0 1.71280241152272 1.02039808314294 1.18705280381255 1.60580505779944 1.10856477008201 1.36724741081707 1.30553224869072 1.56854549702257 1.18450603401288 1.49782853783108 1.09178715385497 1.83131693070754 1.1233196912799 1.88901439285837 1.46227251319215 1.43266547820531
1.41854542028159 1.76417111069895 1.04589376668446 1.43847650592215 0.981846749782562 1.71177112497389 1.43102069315501 1.85176737536676 1.0853394488804 1.47009536391124 1.77457726816647 1.8495872032363 1.04843768267892 1.71280241152272 0 1.15771951456554 1.60108408005908 1.51178971468471 1.91875994345173 1.08007622533478 1.08805908355862 1.71955795749091 1.34527902654372 1.09286540793255 1.64234393113293 1.1702614328824 1.84715429740027 1.74711130582727 1.82726762839593 1.475306420587
1.00197646021843 0.931408489355817 1.82943676388822 1.02171050803736 1.22145024710335 1.55378852877766 1.64444761164486 0.966488070320338 1.28489471692592 1.88047847477719 1.43478769226931 1.51107418490574 1.08991335425526 1.02039808314294 1.15771951456554 0 1.01558953593485 1.07464720844291 1.70505787339061 1.14942138665356 0.967393272789195 1.12969555123709 1.04409613227472 1.75896288524382 1.51963630830869 1.52060364675708 1.16011342289858 1.85463088005781 1.76617571781389 1.35808533802629
1.36293301708065 1.17169936629944 1.39858824992552 1.23126413975842 1.44556993595324 1.69021426746622 1.51354187075049 1.63956647110172 1.70044790720567 1.77191787608899 1.67482017236762 1.16467507509515 1.0875699785538 1.18705280381255 1.60108408005908 1.01558953593485 0 1.90948387864046 1.52051188307814 1.40116886980832 0.975067942868918 1.82695553149097 1.28575880383141 1.46067134407349 1.17276888038032 1.09664733591489 1.72861852636561 1.25496907439083 1.17359138326719 1.91681219264865
1.75816790177487 1.58211496495642 1.24240091070533 1.90545785427094 1.78171399771236 1.6921843807213 1.67940014414489 1.78143433388323 1.49633439606987 1.8637232715264 1.80307328747585 1.36436008778401 0.98233767808415 1.60580505779944 1.51178971468471 1.07464720844291 1.90948387864046 0 0.983593644341454 1.74332862859592 1.1014785009902 1.22452711011283 1.23982277372852 1.06823038100265 1.26642971718684 0.971719742519781 1.84634650987573 1.73349861800671 1.19471609895118 1.83851195592433
0.953853074461222 1.26835586829111 1.74988418188877 1.61768874898553 1.10865025734529 1.11284204968251 1.1316356069874 1.73136275983416 1.08106362563558 1.40024020988494 1.22452571918257 1.15373310586438 1.20105511089787 1.10856477008201 1.91875994345173 1.70505787339061 1.52051188307814 0.983593644341454 0 1.68960103252903 1.3583403697703 1.45417638053186 1.33193907886744 1.59631883143447 1.73328762943856 1.55882502463646 1.61872655106708 1.91097723972052 1.42427707277238 0.976079037878662
1.44024971104227 0.958674781024456 1.34513376676477 1.43834584904835 1.46451364597306 1.48866875190288 1.22737200860865 1.78427029703744 1.68572287308052 1.14444749290124 1.3017452491913 1.32065262808464 1.29239696240984 1.36724741081707 1.08007622533478 1.14942138665356 1.40116886980832 1.74332862859592 1.68960103252903 0 1.06878536986187 1.1031165192835 1.91110669774935 1.29181664576754 1.10584355820902 1.27286482951604 0.957814360037446 1.17014346434735 0.934572734404355 1.10189526155591
1.6879380417522 1.49896935932338 1.22720724879764 1.39369623921812 1.44726624200121 1.61612993502058 1.61793316155672 1.85845358017832 1.44766667997465 1.80663926643319 1.62026452389546 1.42145219375379 1.82938198791817 1.30553224869072 1.08805908355862 0.967393272789195 0.975067942868918 1.1014785009902 1.3583403697703 1.06878536986187 0 1.20787588553503 1.23127914313227 1.63456383603625 1.92258565104567 1.80386294820346 1.41474634339102 1.24946696124971 1.29170908336528 1.38865739293396
1.91952546709217 1.43637828808278 1.45759209454991 1.22089252597652 1.18246950674802 1.42200266709551 1.04008973296732 1.20064417319372 1.79628828074783 1.54476815951057 1.17271718406118 1.49014948680997 1.72395505011082 1.56854549702257 1.71955795749091 1.12969555123709 1.82695553149097 1.22452711011283 1.45417638053186 1.1031165192835 1.20787588553503 0 1.12481687963009 1.62939780019224 1.37918080855161 1.16995574906468 0.939946447964758 1.66936333384365 1.77241015410982 1.78037642990239
1.49087113258429 0.95243191672489 1.34183384291828 1.05078375036828 1.67847942165099 1.68593875877559 1.90739600872621 1.55026859231293 1.53146033757366 1.21079337224364 1.05891637434252 1.91383918444626 1.19795045722276 1.18450603401288 1.34527902654372 1.04409613227472 1.28575880383141 1.23982277372852 1.33193907886744 1.91110669774935 1.23127914313227 1.12481687963009 0 1.8809575191699 1.01793989515863 1.32963973865844 1.90385554847308 0.958016937598586 1.56061365222558 1.4637098046951
1.01466900086962 1.56673022429459 1.53694313787855 1.4104873961769 0.968416056130081 1.35252118483186 1.02292385138571 1.26912546087988 1.48989848326892 1.59822944412008 1.15264895022847 1.25884624058381 1.52880544844083 1.49782853783108 1.09286540793255 1.75896288524382 1.46067134407349 1.06823038100265 1.59631883143447 1.29181664576754 1.63456383603625 1.62939780019224 1.8809575191699 0 1.34434972237796 1.19530662870966 1.72153588314541 1.56075219367631 1.92578759486787 0.945299521787092
1.01103341556154 1.63007031707093 0.935570379020646 1.81918362225406 1.61737500177696 1.8003831859678 1.23213982838206 1.57926088874228 1.53595296177082 1.05052092764527 1.13476767740212 1.07986835390329 1.39197719702497 1.09178715385497 1.64234393113293 1.51963630830869 1.17276888038032 1.26642971718684 1.73328762943856 1.10584355820902 1.92258565104567 1.37918080855161 1.01793989515863 1.34434972237796 0 1.77451190585271 1.06576381134801 0.994034972041845 1.18378561339341 0.966939612291753
1.12992820213549 1.84429322229698 1.10780600528233 1.21385437459685 1.31466604280286 1.554151117336 1.0722116259858 1.1727317199111 0.967747798189521 1.54595721536316 1.71859791269526 1.06216444517486 1.91113536502235 1.83131693070754 1.1702614328824 1.52060364675708 1.09664733591489 0.971719742519781 1.55882502463646 1.27286482951604 1.80386294820346 1.16995574906468 1.32963973865844 1.19530662870966 1.77451190585271 0 1.20657877624035 1.41060212557204 1.86147676687688 1.44397134007886
1.3576188411098 1.00606904062442 1.05608182190917 1.34165781107731 1.62778989970684 1.6655101806391 1.08275063079782 1.14970798487775 1.19286600593477 0.948093328392133 1.90051832958125 1.58751431107521 1.48855443601497 1.1233196912799 1.84715429740027 1.16011342289858 1.72861852636561 1.84634650987573 1.61872655106708 0.957814360037446 1.41474634339102 0.939946447964758 1.90385554847308 1.72153588314541 1.06576381134801 1.20657877624035 0 1.29426968609914 1.489001957234 1.05110375094227
1.03931913757697 1.90432435390539 1.59582751872949 1.20163399958983 1.80584195186384 1.80477270926349 1.80782565078698 1.53279218287207 1.65685146511532 1.16153821861371 1.57915796083398 1.58018087758683 1.37356258928776 1.88901439285837 1.74711130582727 1.85463088005781 1.25496907439083 1.73349861800671 1.91097723972052 1.17014346434735 1.24946696124971 1.66936333384365 0.958016937598586 1.56075219367631 0.994034972041845 1.41060212557204 1.29426968609914 0 1.05669050989673 1.10246101464145
1.09370072023012 1.17594517418183 1.61709558591247 1.37523722322658 1.75734976562671 1.85983485891484 1.70158123341389 0.991585879353806 1.32520095794462 1.70409497339278 1.05993112549186 0.968645363580436 1.04822322074324 1.46227251319215 1.82726762839593 1.76617571781389 1.17359138326719 1.19471609895118 1.42427707277238 0.934572734404355 1.29170908336528 1.77241015410982 1.56061365222558 1.92578759486787 1.18378561339341 1.86147676687688 1.489001957234 1.05669050989673 0 1.31646871403791
1.31301974225789 1.86336962063797 1.49047743622214 1.84229405852966 1.74448079569265 1.28496986650862 0.952533430187032 1.3203626233153 1.09670621436089 1.79630117607303 1.34569252678193 1.51027752342634 1.15078679751605 1.43266547820531 1.475306420587 1.35808533802629 1.91681219264865 1.83851195592433 0.976079037878662 1.10189526155591 1.38865739293396 1.78037642990239 1.4637098046951 0.945299521787092 0.966939612291753 1.44397134007886 1.05110375094227 1.10246101464145 1.31646871403791 0
