0 1.83128371252678 1.60878571984358 1.23246750491671 0.968690954847261 1.13185141957365 1.82369218510576 1.82314180023968 1.86650889692828 1.68650222802535 1.67331371549517 1.25864781695418 1.22354131820612 1.11466018133797 1.2719498865772 1.39762257412076 1.30618131230585 1.16804712009616 0.988389477366582 1.60945640481077 1.62057660054415 1.17218640353531 1.12844802183099 1.32659353828058 1.69506364385597 1.04489491251297 1.01310163806193 0.919158103642985 1.70278800674714 1.87368626846001
1.83128371252678 0 1.6285611349158 1.29969339165837 1.60581339872442 1.24367656814866 1.71386283962056 1.08862142474391 1.1064892464783 1.37958722282201 1.34618093492463 1.80675095785409 1.46224563755095 1.05690305260941 1.30994619196281 1.19235051469877 1.39752899343148 1.11373627814464 0.90192136564292 1.11692487029359 1.36256706970744 1.63809911487624 1.25331380381249 1.25745871826075 1.54102939460427 1.11725760903209 1.18862701230682 1.26061970693991 1.74024136085063 1.15058461693116
1.60878571984358 1.6285611349158 0 1.19175461935811 1.17234603036195 1.20250540529378 1.2008714186959 1.24872611882165 1.19305771007203 1.53982740198262 1.03344719717279 1.4758636278566 1.64896645932458 1.86448289547116 1.03401174768806 1.1003234568052 1.89243641891517 1.59102805075236 1.64060150785372 1.87926632002927 1.33115235762671 1.59897633991204 1.49255385808647 1.63857400091365 0.904523893492296 1.074251558166 1.37625576509163 1.48974808887579 1.42274763854221 1.48857778008096
1.23246750491671 1.29969339165837 1.19175461935811 0 1.72959164669737 1.83902319567278 1.79069136804901 1.46816034126095 1.85476877074689 1.0074040943291 1.74127257219516 1.78675864799879 1.77948512067087 1.85053496225737 1.89430584199727 1.66734362160787 1.15322354389355 1.12607670761645 1.65967970178463 1.35448393155821 1.06549263116904 1.81516497698613 1.49349040631205 1.10408798092976 1.48927608388476 1.89046022552066 1.33150369976647 1.70702612539753 1.37278514378704 1.32190823042765
0.968690954847261 1.60581339872442 1.17234603036195 1.72959164669737 0 1.27266592555679 1.84289643075317 1.03824005927891 1.58535815030336 1.01672686287202 1.3878794440534 1.34929187828675 1.49734017346054 1.75578972953372 1.01684020482935 1.08867157925852 1.06889809807763 1.47503899480216 1.84951147460379 1.89327491912991 1.51192052545957 1.14159401715733 1.7775275723543 1.71851281705312 0.994262564694509 1.50201103882864 1.26095850672573 1.56326809106395 1.86467090039514 1.73686024663039
1.13185141957365 1.24367656814866 1.20250540529378 1.83902319567278 1.27266592555679 0 0.917161911027506 1.80720328679308 1.67165281577036 0.932356604374945 1.15070820227265 0.929770053829998 1.09904158883728 1.76160081382841 1.3181059344206 1.54537308821455 1.48349192156456 1.3762959104497 1.61146872886457 1.12019820627756 1.67626945837401 1.04912183992565 1.36793113965541 1.36882055923343 1.84488365077414 1.07512763887644 1.49363387143239 1.31638995744288 1.78674833802506 1.26219676225446
1.82369218510576 1.71386283962056 1.2008714186959 1.79069136804901 1.84289643075317 0.917161911027506 0 1.45094356732443 1.58741350402124 1.25976971001364 0.945693396264687 1.28608120651916 0.973109861835837 1.01867280993611 1.25005415827036 1.87644478748553 1.42922217817977 1.70676220953465 1.52473317296244 1.2021675480064 1.79494372173212 1.08696491876617 1.45933403330855 1.57922586123459 1.75959259620868 0.942518889904022 1.42130726552568 1.59842411265709 1.09106221795082 1.73604028602131
1.82314180023968 1.08862142474391 1.24872611882165 1.46816034126095 1.03824005927891 1.80720328679308 1.45094356732443 0 1.88217085483484 1.61251849401742 1.33861665194854 1.19878654042259 1.02467231126502 1.00985404010862 0.912248600274324 0.916532986331731 0.962960368720815 1.24610437941737 1.09194328868762 0.994250934338197 1.81379924761131 1.72212059888989 1.00610981648788 1.01932998630218 1.25329876178876 1.74048907752149 1.3031360746827 1.44440078991465 1.32446277537383 1.75417762924917
1.86650889692828 1.1064892464783 1.19305771007203 1.85476877074689 1.58535815030336 1.67165281577036 1.58741350402124 1.88217085483484 0 1.05006696353666 1.32383316778578 1.34629472857341 1.65647855284624 1.59221310168505 1.69257063395344 1.37050220300443 1.27374734217301 1.88392195967026 1.6233158945106 1.63838190329261 1.04584660218097 1.88125312910415 1.24246747535653 1.55280944565311 1.56939779990353 1.2201209475752 1.04021519469097 1.38469447079115 1.83503133221529 1.65137137286365
1.68650222802535 1.37958722282201 1.53982740198262 1.0074040943291 1.01672686287202 0.932356604374945 1.25976971001364 1.61251849401742 1.05006696353666 0 1.28843844635412 1.33920626807958 1.32867687381804 1.81446257140487 1.14736214722507 1.74467167537659 1.36181327607483 1.52960112900473 1.09219638071954 1.730719657382 1.78055190201849 1.28437623870559 1.25340044335462 1.65382997086272 1.65960019244812 0.966096039861441 1.08383033517748 1.08855074178427 1.85841934941709 1.57931693922728
1.67331371549517 1.34618093492463 1.03344719717279 1.74127257219516 1.3878794440534 1.15070820227265 0.945693396264687 1.33861665194854 1.32383316778578 1.28843844635412 0 1.16405681567267 1.44938754243776 1.29906775406562 1.05892862612382 1.24514658749104 1.20445342105813 0.926915529882535 1.66252469015308 1.14366328530014 1.02197487303056 1.41541862068698 1.75788148492575 1.64137466903776 1.66935540013947 1.06338731199503 1.0490425482858 1.44758751103655 1.47652196814306 1.60076463525183
1.25864781695418 1.80675095785409 1.4758636278566 1.78675864799879 1.34929187828675 0.929770053829998 1.28608120651916 1.19878654042259 1.34629472857341 1.33920626807958 1.16405681567267 0 1.37600106047466 1.61255275923759 0.944455910474062 1.49863410484977 1.4881685806904 0.93103653867729 1.23639467312023 1.68407387984917 1.16516925953329 1.80366469500586 1.02376817818731 1.54412515298463 1.71169140865095 1.48562866030261 1.7582845936995 1.06966588436626 1.01023488491774 1.51705381972715
1.22354131820612 1.46224563755095 1.64896645932458 1.77948512067087 1.49734017346054 1.09904158883728 0.973109861835837 1.02467231126502 1.65647855284624 1.32867687381804 1.44938754243776 1.37600106047466 0 1.6051175838802 1.77061212621629 1.2760887532495 0.957778899464756 1.63284745090641 1.39730934146792 1.15680267172866 1.04606130695902 1.55833415058441 1.05425952957012 1.1731654915493 1.33687424869277 1.84151415806264 1.51735061360523 1.68866106215864 1.5369361101184 1.02817519218661
1.11466018133797 1.05690305260941 1.86448289547116 1.85053496225737 1.75578972953372 1.76160081382841 1.01867280993611 1.00985404010862 1.59221310168505 1.81446257140487 1.29906775406562 1.61255275923759 1.6051175838802 0 1.78789225313812 1.00098673743196 1.12966928002425 1.76274536713026 1.05421448568814 1.30759890843183 1.56359551521018 1.70822205813602 0.926111614331603 0.917845934163779 1.20377214299515 1.60676524438895 1.50961089110933 1.54662941978313 1.69906896399334 1.6108257221058
1.2719498865772 1.30994619196281 1.03401174768806 1.89430584199727 1.01684020482935 1.3181059344206 1.25005415827036 0.912248600274324 1.69257063395344 1.14736214722507 1.05892862612382 0.944455910474062 1.77061212621629 1.78789225313812 0 1.09160604281351 1.5101653765887 1.70066463551484 1.78058356139809 1.51583020901307 1.38250191742554 1.34227508818731 1.89888026402332 1.59281140053645 0.980823166668415 1.55578368250281 1.84366977750324 1.81278087827377 1.34941231785342 0.932043220149353
1.39762257412076 1.19235051469877 1.1003234568052 1.66734362160787 1.08867157925852 1.54537308821455 1.87644478748553 0.916532986331731 1.37050220300443 1.74467167537659 1.24514658749104 1.49863410484977 1.2760887532495 1.00098673743196 1.09160604281351 0 1.14859145437367 1.89430482615717 1.75111840176396 0.956400091294199 1.83232086105272 1.28604567586444 1.87931886897422 1.26739354943857 1.69894702034071 1.25494791031815 1.46415195451118 1.34386410983279 1.73439347255044 0.945054976269603
1.30618131230585 1.39752899343148 1.89243641891517 1.15322354389355 1.06889809807763 1.48349192156456 1.42922217817977 0.962960368720815 1.27374734217301 1.36181327607483 1.20445342105813 1.4881685806904 0.957778899464756 1.12966928002425 1.5101653765887 1.14859145437367 0 1.87803973327391 1.1763764496427 1.34747561393306 1.55425720661879 1.49573914892972 0.962168146623299 1.29268990154378 1.72489424794912 1.6512694505509 0.90219869534485 1.20764948916622 1.54143721261062 1.54360615089536
1.16804712009616 1.11373627814464 1.59102805075236 1.12607670761645 1.47503899480216 1.3762959104497 1.70676220953465 1.24610437941737 1.88392195967026 1.52960112900473 0.926915529882535 0.93103653867729 1.63284745090641 1.76274536713026 1.70066463551484 1.89430482615717 1.87803973327391 0 1.18345758458599 1.68736452329904 1.41313284938224 1.50900134979747 1.27447618520819 1.19312829733826 1.33118648710661 1.06908701267093 0.994610076537356 1.76400163630024 1.72332519502379 1.3813393630553
0.988389477366582 0.90192136564292 1.64060150785372 1.65967970178463 1.84951147460379 1.61146872886457 1.52473317296244 1.09194328868762 1.6233158945106 1.09219638071954 1.66252469015308 1.23639467312023 1.39730934146792 1.05421448568814 1.78058356139809 1.75111840176396 1.1763764496427 1.18345758458599 0 1.73285770346411 0.948419738793746 1.55982304178178 1.41188911953941 1.88670243066736 1.03557612211443 1.37717601121403 1.56628390192054 1.02525840234011 1.11382616311312 1.19819893850945
1.60945640481077 1.11692487029359 1.87926632002927 1.35448393155821 1.89327491912991 1.12019820627756 1.2021675480064 0.994250934338197 1.63838190329261 1.730719657382 1.14366328530014 1.68407387984917 1.15680267172866 1.30759890843183 1.51583020901307 0.956400091294199 1.34747561393306 1.68736452329904 1.73285770346411 0 1.27052444848232 1.21183118433692 0.922918777680025 1.04908433370292 1.43177923024632 1.00036355666816 0.961545794270933 0.960308902198449 0.994558746693656 1.37627061945386
1.62057660054415 1.36256706970744 1.33115235762671 1.06549263116904 1.51192052545957 1.67626945837401 1.79494372173212 1.81379924761131 1.04584660218097 1.78055190201849 1.02197487303056 1.16516925953329 1.04606130695902 1.56359551521018 1.38250191742554 1.83232086105272 1.55425720661879 1.41313284938224 0.948419738793746 1.27052444848232 0 1.88842275808565 1.77439446491189 1.81315806973726 1.65203807596117 1.82648706366308 1.77279204130173 1.17927356204018 1.21117111202329 1.80338062741794
1.17218640353531 1.63809911487624 1.59897633991204 1.81516497698613 1.14159401715733 1.04912183992565 1.08696491876617 1.72212059888989 1.88125312910415 1.28437623870559 1.41541862068698 1.80366469500586 1.55833415058441 1.70822205813602 1.34227508818731 1.28604567586444 1.49573914892972 1.50900134979747 1.55982304178178 1.21183118433692 1.88842275808565 0 1.34057856351137 1.79460662836209 1.31052861828357 1.82914245827124 1.25526543101296 1.536473371787 1.50623989035375 1.12499398109503
1.12844802183099 1.25331380381249 1.49255385808647 1.49349040631205 1.7775275723543 1.36793113965541 1.45933403330855 1.00610981648788 1.24246747535653 1.25340044335462 1.75788148492575 1.02376817818731 1.05425952957012 0.926111614331603 1.89888026402332 1.87931886897422 0.962168146623299 1.27447618520819 1.41188911953941 0.922918777680025 1.77439446491189 1.34057856351137 0 1.37010049354285 1.38290738826618 1.73351606330834 1.76696839509532 1.14841546304524 1.50315986061469 1.27899990766309
1.32659353828058 1.25745871826075 1.63857400091365 1.10408798092976 1.71851281705312 1.36882055923343 1.57922586123459 1.01932998630218 1.55280944565311 1.65382997086272 1.64137466903776 1.54412515298463 1.1731654915493 0.917845934163779 1.59281140053645 1.26739354943857 1.29268990154378 1.19312829733826 1.88670243066736 1.04908433370292 1.81315806973726 1.79460662836209 1.37010049354285 0 1.23259377712384 1.21366280480288 1.34379274421372 1.89620985230431 1.33237576298416 1.12656129826792
1.69506364385597 1.54102939460427 0.904523893492296 1.48927608388476 0.994262564694509 1.84488365077414 1.75959259620868 1.25329876178876 1.56939779990353 1.65960019244812 1.66935540013947 1.71169140865095 1.33687424869277 1.20377214299515 0.980823166668415 1.69894702034071 1.72489424794912 1.33118648710661 1.03557612211443 1.43177923024632 1.65203807596117 1.31052861828357 1.38290738826618 1.23259377712384 0 1.41408421518281 1.07452693069354 1.01609673630446 1.65537800523452 1.05884995590895
1.04489491251297 1.11725760903209 1.074251558166 1.89046022552066 1.50201103882864 1.07512763887644 0.942518889904022 1.74048907752149 1.2201209475752 0.966096039861441 1.06338731199503 1.48562866030261 1.84151415806264 1.60676524438895 1.55578368250281 1.25494791031815 1.6512694505509 1.06908701267093 1.37717601121403 1.00036355666816 1.82648706366308 1.82914245827124 1.73351606330834 1.21366280480288 1.41408421518281 0 1.72622317052446 0.943491418613121 1.39555674209259 1.55206946562976
1.01310163806193 1.18862701230682 1.37625576509163 1.33150369976647 1.26095850672573 1.49363387143239 1.42130726552568 1.3031360746827 1.04021519469097 1.08383033517748 1.0490425482858 1.7582845936995 1.51735061360523 1.50961089110933 1.84366977750324 1.46415195451118 0.90219869534485 0.994610076537356 1.56628390192054 0.961545794270933 1.77279204130173 1.25526543101296 1.76696839509532 1.34379274421372 1.07452693069354 1.72622317052446 0 0.909948370186612 1.87349866889417 1.43442626204342
0.919158103642985 1.26061970693991 1.48974808887579 1.70702612539753 1.56326809106395 1.31638995744288 1.59842411265709 1.44440078991465 1.38469447079115 1.08855074178427 1.44758751103655 1.06966588436626 1.68866106215864 1.54662941978313 1.81278087827377 1.34386410983279 1.20764948916622 1.76400163630024 1.02525840234011 0.960308902198449 1.17927356204018 1.536473371787 1.14841546304524 1.89620985230431 1.01609673630446 0.943491418613121 0.909948370186612 0 1.63375982269645 1.74811867228709
1.70278800674714 1.74024136085063 1.42274763854221 1.37278514378704 1.86467090039514 1.78674833802506 1.09106221795082 1.32446277537383 1.83503133221529 1.85841934941709 1.47652196814306 1.01023488491774 1.5369361101184 1.69906896399334 1.34941231785342 1.73439347255044 1.54143721261062 1.72332519502379 1.11382616311312 0.994558746693656 1.21117111202329 1.50623989035375 1.50315986061469 1.33237576298416 1.65537800523452 1.39555674209259 1.87349866889417 1.63375982269645 0 1.25814013858326
1.87368626846001 1.15058461693116 1.48857778008096 1.32190823042765 1.73686024663039 1.26219676225446 1.73604028602131 1.75417762924917 1.65137137286365 1.57931693922728 1.60076463525183 1.51705381972715 1.02817519218661 1.6108257221058 0.932043220149353 0.945054976269603 1.54360615089536 1.3813393630553 1.19819893850945 1.37627061945386 1.80338062741794 1.12499398109503 1.27899990766309 1.12656129826792 1.05884995590895 1.55206946562976 1.43442626204342 1.74811867228709 1.25814013858326 0
