0 1.84230958810076 1.48779110074975 1.03303785133176 1.84364455193281 1.63540655444376 1.66083467681892 1.34728221944533 1.23410012340173 1.24699428095482 1.24435458471999 1.21309680119157 1.02190022869036 1.18529279646464 1.5513305249624 1.7127691404894 1.68932162295096 1.73651688499376 0.997480237390846 1.24479807424359 1.16622828994878 1.36616682820022 1.21147360582836 1.77081121597439 1.65021037845872 1.4479884468019 1.81428978475742 1.25547816744074 1.50745615526102 1.8777105580084
1.84230958810076 0 1.71143603464589 1.16923449700698 1.24594674771652 1.64439359609969 0.990995986619964 1.15170737029985 1.35249851387925 1.60967528959736 1.19315207004547 1.14929100382142 1.34092809516005 1.33957535610534 1.69934514537454 1.41794857056811 1.29466270818375 1.54875199869275 1.18239924241789 1.77419566223398 1.44495725212619 0.925166358239949 1.47301956615411 1.06691079284064 1.33402782585472 1.11106199515052 1.72102308250032 1.77085596835241 1.26076014549471 1.09733517770655
1.48779110074975 1.71143603464589 0 1.14366983342916 1.64240803522989 1.90154603752308 0.993943824898452 1.30478132353164 1.04214667622 1.07898622192442 1.31540098018013 1.27142686536536 1.45916636125185 1.4128262095619 1.51688428083435 1.32273427839391 0.969180971384048 1.69160815305077 1.22713483823463 1.52105886721984 0.956310000503436 1.81057652714662 1.50443836627528 1.83127732481807 1.49866010854021 1.13696549134329 1.18857776909135 1.57656042603776 1.06662334548309 1.88969032163732
1.03303785133176 1.16923449700698 1.14366983342916 0 1.84803051780909 1.49390219571069 1.25683656916954 1.40164631325752 0.967892538988963 1.67938229907304 1.61469931085594 1.85689816670492 1.26305807987228 1.90635551442392 1.58185266470537 1.20629278826527 1.07440420053899 1.85990023706108 1.32358826021664 0.92986041912809 1.27065961342305 1.06945723528042 1.64881991548464 1.07780783902854 1.43459092779085 1.13930236338638 1.91848035948351 1.51349583780393 1.79843644262291 1.46047896752134
1.84364455193281 1.24594674771652 1.64240803522989 1.84803051780909 0 0.969079622300342 1.49795155250467 1.57202103850432 1.52021410223097 1.33132580784149 1.03669054550119 1.36056442721747 1.4772996918764 1.42426162492484 1.675397480838 0.970314747886732 0.93164873868227 1.1847310969606 1.20184869226068 1.41433365852572 1.15006833104417 1.0877872328274 1.8289664585609 1.54176275338978 1.91697005252354 1.60393975395709 1.44366483902559 1.60078444913961 1.23154212906957 1.84468709491193
1.63540655444376 1.64439359609969 1.90154603752308 1.49390219571069 0.969079622300342 0 1.58824615017511 1.30092355958186 0.961662837769836 1.89295941754244 1.83009285433218 1.40895388601348 1.2058962972369 0.983647492015734 1.39166209637187 1.31417687493376 1.50254912651144 1.3832404196728 1.63880184944719 1.29256434855051 1.30120749236085 1.82934975693934 1.48028270178474 1.58294455427676 1.53566965623759 1.3391046889592 1.91114479047246 1.82173391501419 1.16926385369152 1.16614451515488
1.66083467681892 0.990995986619964 0.993943824898452 1.25683656916954 1.49795155250467 1.58824615017511 0 1.08628566609696 1.39184281346388 1.86813845625147 1.10401086532511 1.26023168303072 1.29081862117164 1.87578761321492 1.09307491430081 1.51174049521796 1.16028958139941 0.97205672855489 1.75972587079741 1.34867775626481 0.955696912948042 1.66457716375589 1.87997773871757 1.33329841308296 1.83186038676649 1.89211533847265 1.66870020981878 1.58235154533759 1.39235211419873 1.14425507676788
1.34728221944533 1.15170737029985 1.30478132353164 1.40164631325752 1.57202103850432 1.30092355958186 1.08628566609696 0 1.42856951663271 0.963092834921554 1.43751006014645 1.2392653808929 1.0937740765512 1.6508226050064 1.11207952583209 0.947998247575015 1.89316713041626 1.26398533652537 1.90249228314497 1.11912968382239 1.04260788462125 1.5729474844411 1.41117338230833 1.61944159888662 1.00762649066746 1.47031402681023 1.37975263199769 1.75145547348075 1.20530256745405 0.958907317137346
1.23410012340173 1.35249851387925 1.04214667622 0.967892538988963 1.52021410223097 0.961662837769836 1.39184281346388 1.42856951663271 0 1.78695211699232 1.88322796416469 1.50196335185319 1.14455034723505 1.08708027703688 1.3650871112477 1.21641253097914 1.24859963194467 1.2137547377497 1.33908064803109 1.8820540132001 1.36318765464239 1.74113500514068 1.88109852001071 1.12261722120456 0.92321792896837 0.995309122372419 1.4798859290313 1.01897850888781 1.00017688958906 1.58967028651386
1.24699428095482 1.60967528959736 1.07898622192442 1.67938229907304 1.33132580784149 1.89295941754244 1.86813845625147 0.963092834921554 1.78695211699232 0 1.79991340497509 1.72715582721867 0.983483220916241 0.9538209810853 1.86225009593181 1.21089406684041 1.1587464264594 1.0895491882693 1.9214359044563 1.21753056580201 1.17452251305804 1.58393221651204 1.27230168296956 1.78311290498823 1.38626292487606 0.981979336356744 1.05588620435447 1.08507235301659 1.04260616376996 1.55178069463
1.24435458471999 1.19315207004547 1.31540098018013 1.61469931085594 1.03669054550119 1.83009285433218 1.10401086532511 1.43751006014645 1.88322796416469 1.79991340497509 0 1.22355212387629 1.16569645493291 0.957454794552177 1.78155401418917 1.18123349780217 1.09405250940472 1.6742937238887 1.43471354804933 1.16602749889717 1.67280876869336 1.85236989031546 1.88313586823642 1.12091591930948 1.3962171645835 1.6632379356306 0.989766023587435 0.940322727896273 1.52400121768005 1.05168151250109
1.21309680119157 1.14929100382142 1.27142686536536 1.85689816670492 1.36056442721747 1.40895388601348 1.26023168303072 1.2392653808929 1.50196335185319 1.72715582721867 1.22355212387629 0 1.73897198028862 1.58354485407472 1.40934702008963 1.23948757210746 1.34309614915401 1.48536335490644 1.65405789529905 1.88393490132876 1.23118720180355 0.950048610335216 1.91962968558073 1.49490136979148 1.18123601493426 1.71433607768267 1.22622390277684 1.47784876334481 1.30284498631954 1.47273896238767
1.02190022869036 1.34092809516005 1.45916636125185 1.26305807987228 1.4772996918764 1.2058962972369 1.29081862117164 1.0937740765512 1.14455034723505 0.983483220916241 1.16569645493291 1.73897198028862 0 1.12856941856444 1.05335826519877 1.48667445080355 1.01634672307409 1.82552396482788 1.49802437284961 1.84584222570993 1.49331191810779 1.73640287108719 1.16836777422577 1.70024930988438 1.7021646881476 1.28196840290911 1.5232442386914 0.992229100782424 1.5387434118893 1.41390979173593
1.18529279646464 1.33957535610534 1.4128262095619 1.90635551442392 1.42426162492484 0.983647492015734 1.87578761321492 1.6508226050064 1.08708027703688 0.9538209810853 0.957454794552177 1.58354485407472 1.12856941856444 0 1.8494431595318 1.17050949973054 0.941041592042893 1.12185664428398 1.13396342331544 1.57129279966466 1.8582502361387 1.59082924248651 0.980296825990081 0.981751246144995 1.15562585764565 1.44548055902123 1.18614890798926 0.950110567966476 1.03755548782647 1.90988622885197
1.5513305249624 1.69934514537454 1.51688428083435 1.58185266470537 1.675397480838 1.39166209637187 1.09307491430081 1.11207952583209 1.3650871112477 1.86225009593181 1.78155401418917 1.40934702008963 1.05335826519877 1.8494431595318 0 1.56519885291345 1.2672065293882 1.63145256810822 1.90175949083641 1.71543103829026 1.87602980271913 1.89266001107171 1.71978406514972 1.02788637089543 1.43745230766945 1.00771079491824 1.71038525155745 1.28527013142593 1.36102520325221 1.41609617252834
1.7127691404894 1.41794857056811 1.32273427839391 1.20629278826527 0.970314747886732 1.31417687493376 1.51174049521796 0.947998247575015 1.21641253097914 1.21089406684041 1.18123349780217 1.23948757210746 1.48667445080355 1.17050949973054 1.56519885291345 0 1.74722361424938 1.85551332123578 1.36972829326987 1.04612160124816 0.991369571303949 1.3866820326075 1.81286140228622 1.26959739765152 1.02691308804788 1.70345092448406 1.70017562387511 1.20547414082102 0.949628403410316 1.0255632721819
1.68932162295096 1.29466270818375 0.969180971384048 1.07440420053899 0.93164873868227 1.50254912651144 1.16028958139941 1.89316713041626 1.24859963194467 1.1587464264594 1.09405250940472 1.34309614915401 1.01634672307409 0.941041592042893 1.2672065293882 1.74722361424938 0 1.70646056369878 1.67711986135691 1.54332545329817 1.4915014130529 0.981454472290352 0.966635165503249 1.47955045313574 1.44288353645243 1.62777528772131 1.75427323067561 1.37129263347015 1.08047816879116 0.968844636809081
1.73651688499376 1.54875199869275 1.69160815305077 1.85990023706108 1.1847310969606 1.3832404196728 0.97205672855489 1.26398533652537 1.2137547377497 1.0895491882693 1.6742937238887 1.48536335490644 1.82552396482788 1.12185664428398 1.63145256810822 1.85551332123578 1.70646056369878 0 1.60172264557332 1.19301764806733 1.4210799401626 1.78167706658132 1.28049740660936 1.69836170249619 1.65181729872711 1.02617272105999 1.63328708917834 1.58323507755995 1.17962506436743 1.12843013904057
0.997480237390846 1.18239924241789 1.22713483823463 1.32358826021664 1.20184869226068 1.63880184944719 1.75972587079741 1.90249228314497 1.33908064803109 1.9214359044563 1.43471354804933 1.65405789529905 1.49802437284961 1.13396342331544 1.90175949083641 1.36972829326987 1.67711986135691 1.60172264557332 0 1.77129800571129 1.72117236861959 1.91643219068646 1.29200787702575 1.63856867305003 1.2612066003494 1.70528459688649 1.65841254172847 1.91340338042937 1.88176173111424 1.64290028717369
1.24479807424359 1.77419566223398 1.52105886721984 0.92986041912809 1.41433365852572 1.29256434855051 1.34867775626481 1.11912968382239 1.8820540132001 1.21753056580201 1.16602749889717 1.88393490132876 1.84584222570993 1.57129279966466 1.71543103829026 1.04612160124816 1.54332545329817 1.19301764806733 1.77129800571129 0 1.87244871864095 1.23506601154804 1.21770833572373 1.03189520793967 1.75796967209317 1.49718520254828 1.63299263431691 1.7879737992771 1.58543324051425 1.10472793038934
1.16622828994878 1.44495725212619 0.956310000503436 1.27065961342305 1.15006833104417 1.30120749236085 0.955696912948042 1.04260788462125 1.36318765464239 1.17452251305804 1.67280876869336 1.23118720180355 1.49331191810779 1.8582502361387 1.87602980271913 0.991369571303949 1.4915014130529 1.4210799401626 1.72117236861959 1.87244871864095 0 0.924515970051289 1.74508665013127 1.80571444239467 1.0343042020686 1.50637720571831 1.59400304709561 1.62451012898237 1.81982237589546 1.67480809916742
1.36616682820022 0.925166358239949 1.81057652714662 1.06945723528042 1.0877872328274 1.82934975693934 1.66457716375589 1.5729474844411 1.74113500514068 1.58393221651204 1.85236989031546 0.950048610335216 1.73640287108719 1.59082924248651 1.89266001107171 1.3866820326075 0.981454472290352 1.78167706658132 1.91643219068646 1.23506601154804 0.924515970051289 0 1.50281111849472 1.64276285283267 1.16040114848875 1.52131345123053 1.8919375280384 1.76307759410702 1.10955539671704 1.25750415818766
1.21147360582836 1.47301956615411 1.50443836627528 1.64881991548464 1.8289664585609 1.48028270178474 1.87997773871757 1.41117338230833 1.88109852001071 1.27230168296956 1.88313586823642 1.91962968558073 1.16836777422577 0.980296825990081 1.71978406514972 1.81286140228622 0.966635165503249 1.28049740660936 1.29200787702575 1.21770833572373 1.74508665013127 1.50281111849472 0 1.70688555482775 1.03952844068408 1.83256764919497 1.04212104761973 1.12646356946789 1.63100573862903 1.71552703366615
1.77081121597439 1.06691079284064 1.83127732481807 1.07780783902854 1.54176275338978 1.58294455427676 1.33329841308296 1.61944159888662 1.12261722120456 1.78311290498823 1.12091591930948 1.49490136979148 1.70024930988438 0.981751246144995 1.02788637089543 1.26959739765152 1.47955045313574 1.69836170249619 1.63856867305003 1.03189520793967 1.80571444239467 1.64276285283267 1.70688555482775 0 1.45834860531613 1.24766089464538 1.22650972334668 1.86655220063403 1.15577056375332 1.56516659236513
1.65021037845872 1.33402782585472 1.49866010854021 1.43459092779085 1.91697005252354 1.53566965623759 1.83186038676649 1.00762649066746 0.92321792896837 1.38626292487606 1.3962171645835 1.18123601493426 1.7021646881476 1.15562585764565 1.43745230766945 1.02691308804788 1.44288353645243 1.65181729872711 1.2612066003494 1.75796967209317 1.0343042020686 1.16040114848875 1.03952844068408 1.45834860531613 0 1.78177795512602 1.73649222846143 1.82696684636176 1.12041821307503 1.76328445202671
1.4479884468019 1.11106199515052 1.13696549134329 1.13930236338638 1.60393975395709 1.3391046889592 1.89211533847265 1.47031402681023 0.995309122372419 0.981979336356744 1.6632379356306 1.71433607768267 1.28196840290911 1.44548055902123 1.00771079491824 1.70345092448406 1.62777528772131 1.02617272105999 1.70528459688649 1.49718520254828 1.50637720571831 1.52131345123053 1.83256764919497 1.24766089464538 1.78177795512602 0 1.63056520582177 1.81115012476221 0.976025801850483 1.34037387184799
1.81428978475742 1.72102308250032 1.18857776909135 1.91848035948351 1.44366483902559 1.91114479047246 1.66870020981878 1.37975263199769 1.4798859290313 1.05588620435447 0.989766023587435 1.22622390277684 1.5232442386914 1.18614890798926 1.71038525155745 1.70017562387511 1.75427323067561 1.63328708917834 1.65841254172847 1.63299263431691 1.59400304709561 1.8919375280384 1.04212104761973 1.22650972334668 1.73649222846143 1.63056520582177 0 1.89964923448861 1.8307816456072 1.22079646005295
1.25547816744074 1.77085596835241 1.57656042603776 1.51349583780393 1.60078444913961 1.82173391501419 1.58235154533759 1.75145547348075 1.01897850888781 1.08507235301659 0.940322727896273 1.47784876334481 0.992229100782424 0.950110567966476 1.28527013142593 1.20547414082102 1.37129263347015 1.58323507755995 1.91340338042937 1.7879737992771 1.62451012898237 1.76307759410702 1.12646356946789 1.86655220063403 1.82696684636176 1.81115012476221 1.89964923448861 0 0.998962106648833 1.73748091910966
1.50745615526102 1.26076014549471 1.06662334548309 1.79843644262291 1.23154212906957 1.16926385369152 1.39235211419873 1.20530256745405 1.00017688958906 1.04260616376996 1.52400121768005 1.30284498631954 1.5387434118893 1.03755548782647 1.36102520325221 0.949628403410316 1.08047816879116 1.17962506436743 1.88176173111424 1.58543324051425 1.81982237589546 1.10955539671704 1.63100573862903 1.15577056375332 1.12041821307503 0.976025801850483 1.8307816456072 0.998962106648833 0 1.46472191857174
1.8777105580084 1.09733517770655 1.88969032163732 1.46047896752134 1.84468709491193 1.16614451515488 1.14425507676788 0.958907317137346 1.58967028651386 1.55178069463 1.05168151250109 1.47273896238767 1.41390979173593 1.90988622885197 1.41609617252834 1.0255632721819 0.968844636809081 1.12843013904057 1.64290028717369 1.10472793038934 1.67480809916742 1.25750415818766 1.71552703366615 1.56516659236513 1.76328445202671 1.34037387184799 1.22079646005295 1.73748091910966 1.46472191857174 0
