0 1.5243149898015 1.01751324092038 1.04906664020382 1.53784433798864 0.923928849166259 1.43424874870107 0.920472043333575 1.49106334638782 1.17887286702171 1.0708154886961 1.86638822825626 1.49022548529319 1.57396856998093 1.17994850128889 0.917649161070585 1.47184252203442 1.29848266718909 1.1115639556665 1.43499470688403 1.10431492188945 1.8423009221442 1.37346817110665 1.71204270026647 1.77146256994456 1.35027108411305 1.05483570159413 1.2724690285977 1.27437643217854 1.43056892720051
1.5243149898015 0 1.3828042219393 1.00991529761814 1.24828399694525 0.928323799278587 1.10951276356354 1.04409212665632 1.08246787637472 1.12200128659606 1.75843725679442 1.0467541385442 1.84500661911443 1.5931585833896 1.18894224660471 1.56610343512148 1.17249446501955 1.15670717298053 1.48722003377043 0.930700549390167 1.89730485808104 1.6074745610822 1.66060827067122 1.46739439014345 1.15475610340945 1.0015449912753 1.7012904023286 1.18434687354602 1.7758744454477 0.938467744737864
1.01751324092038 1.3828042219393 0 1.80700741242617 1.54579746746458 1.13708125054836 1.87639023340307 1.3930919400882 1.37285494874232 1.15382395801134 1.09126322157681 1.20012081833556 1.42515560868196 1.52361191879027 1.10941742756404 1.59650757769123 1.63680314272642 1.68100129137747 1.08797715255059 1.67993077449501 1.24352359143086 1.59033538820222 1.73306844406761 1.3919081937056 1.69783375924453 1.8824350447394 1.37481600581668 1.1205517903436 1.45921395020559 1.08067754702643
1.04906664020382 1.00991529761814 1.80700741242617 0 1.09834606782533 1.03458781843074 1.18569287867285 1.4023142226506 1.45315767009743 1.71846462739632 1.23110160371289 0.934799312381074 1.66326823318377 0.974452804541215 1.28470544191077 1.79593128548004 1.09276604303159 1.19525172724389 1.0792265443597 1.23095414950512 1.36851377086714 0.977774824481457 1.32074865279719 1.50120984972455 0.940654909238219 1.83936435543001 1.78524750028737 1.80753242922947 1.07474799524061 1.80434587644413
1.53784433798864 1.24828399694525 1.54579746746458 1.09834606782533 0 1.36647125100717 1.27940858574584 0.977447051787749 0.913510152837262 1.52164980489761 1.56793510122225 1.51801466406323 1.02654421934858 1.52353536779992 1.46067979326472 1.68100993381813 1.67931096279062 1.62858789111488 1.0258254702203 1.41807980416343 1.75958558521233 1.28303861129098 1.48239427781664 1.16263971989974 1.44134365441278 1.85062288981862 1.776105127763 1.29104570299387 1.09556310228072 1.78512800531462
0.923928849166259 0.928323799278587 1.13708125054836 1.03458781843074 1.36647125100717 0 1.56057281815447 1.60957892704755 1.7918084836565 1.40047013293952 1.26107317325659 1.20521850138903 1.21794853406027 1.27157759922557 1.34726324630901 1.77847453719005 1.10172471031547 1.20371060073376 1.43628946179524 1.38040472473949 1.14756456692703 1.03172010416165 1.74378621205688 0.964274797821417 1.71161860693246 1.18145225336775 1.34196884627454 1.81927460082807 1.38740521133877 1.41680149408057
1.43424874870107 1.10951276356354 1.87639023340307 1.18569287867285 1.27940858574584 1.56057281815447 0 1.13283040304668 1.7999423481524 1.55684028775431 1.73856331966817 1.49498548125848 1.52531083254144 1.22279827599414 0.934536664979532 1.71871350612491 1.83329140907153 1.49759330437519 1.78440898936242 1.26428215275519 1.15643310709856 1.56375214457512 1.799190873513 0.921233616769314 1.24236773978919 0.910825822968036 1.44342802045867 1.12980081397109 1.75902601331472 1.73400757834315
0.920472043333575 1.04409212665632 1.3930919400882 1.4023142226506 0.977447051787749 1.60957892704755 1.13283040304668 0 1.39869284932502 1.38457066845149 1.57112026982941 1.41825182409957 1.44439071393572 1.10941834119149 1.79562238743529 1.83812120440416 1.47913144086488 1.2541065022815 1.53298009885475 0.997254992136732 1.44997711363249 1.4817801725585 1.88380450475961 1.80180874094367 1.87741859490052 1.5150435466785 1.66113508096896 1.42699598497711 1.63104999181814 1.17893250845373
1.49106334638782 1.08246787637472 1.37285494874232 1.45315767009743 0.913510152837262 1.7918084836565 1.7999423481524 1.39869284932502 0 1.88131516915746 1.39302431303076 1.34429135988466 1.83014079811983 1.22827981249429 0.984304786426947 1.67902908055112 1.63165634498 1.28975944337435 1.48852549935691 1.42055347794667 1.55343931168318 1.84454618184827 1.47602992155589 1.02751839649864 1.83812198159285 1.37353454250842 1.86246935161762 1.62954147486016 1.22122502489947 1.48832228663377
1.17887286702171 1.12200128659606 1.15382395801134 1.71846462739632 1.52164980489761 1.40047013293952 1.55684028775431 1.38457066845149 1.88131516915746 0 1.6086709650699 1.40703302808106 1.03318689996377 1.24124983581714 1.23860735539347 1.48324751807377 1.12948441435583 0.930808956967667 1.18944181129336 1.51338060735725 1.72692641243339 1.46719100582413 1.35391543945298 1.84964082227089 1.49947815435007 1.1490712610539 1.30146490596235 1.63973829825409 1.43330045160837 1.54405165999196
1.0708154886961 1.75843725679442 1.09126322157681 1.23110160371289 1.56793510122225 1.26107317325659 1.73856331966817 1.57112026982941 1.39302431303076 1.6086709650699 0 1.72186651686206 1.90114573482424 1.72066756454296 1.10362513340078 1.5609558802098 1.04297172650695 1.40475392853841 1.17348287370987 1.88238287065178 1.33023924636655 1.83181535336189 1.52201561001129 0.998456710251048 1.14787062141113 1.42914227675647 1.23570103454404 1.11197109217755 1.67517516063526 1.14180190674961
1.86638822825626 1.0467541385442 1.20012081833556 0.934799312381074 1.51801466406323 1.20521850138903 1.49498548125848 1.41825182409957 1.34429135988466 1.40703302808106 1.72186651686206 0 1.60157243022695 1.65950453234836 1.39429302350618 1.47890931670554 0.953923133434728 1.28921038284898 0.996888911817223 1.78500559180975 1.29826284362935 1.11037762183696 1.90290776686743 1.56640560925007 1.34497866989113 0.909488172503188 1.5086797659751 1.52623285306618 1.66025190404616 1.24974138848484
1.49022548529319 1.84500661911443 1.42515560868196 1.66326823318377 1.02654421934858 1.21794853406027 1.52531083254144 1.44439071393572 1.83014079811983 1.03318689996377 1.90114573482424 1.60157243022695 0 1.48069461248815 1.36805940698832 1.1837287847884 1.31506933178753 1.35171043127775 1.24398500216193 1.33531534182839 1.64447358716279 1.88952382374555 1.90515063446946 1.68920407979749 1.86900120647624 1.38409458845854 1.2637081372086 1.0662962384522 1.05239963484928 1.71941673289984
1.57396856998093 1.5931585833896 1.52361191879027 0.974452804541215 1.52353536779992 1.27157759922557 1.22279827599414 1.10941834119149 1.22827981249429 1.24124983581714 1.72066756454296 1.65950453234836 1.48069461248815 0 1.78375324513763 1.18302602902986 1.75004375283606 1.22179636964574 1.85278388415463 1.0726014804095 1.61949079413898 1.7363157516811 1.53884403873235 1.64550734846853 1.85510345618241 1.15321014798246 1.84443495352753 1.74639706593007 1.18485426390544 1.79407530254684
1.17994850128889 1.18894224660471 1.10941742756404 1.28470544191077 1.46067979326472 1.34726324630901 0.934536664979532 1.79562238743529 0.984304786426947 1.23860735539347 1.10362513340078 1.39429302350618 1.36805940698832 1.78375324513763 0 1.71159597113729 1.56245899153873 1.08516220143065 1.85102113266475 1.04456675820984 1.68476094305515 0.994386429898441 1.57014665706083 1.26716182124801 0.963297191075981 1.21419564541429 1.60198263823986 1.7610021783039 1.57853624108247 1.69196206657216
0.917649161070585 1.56610343512148 1.59650757769123 1.79593128548004 1.68100993381813 1.77847453719005 1.71871350612491 1.83812120440416 1.67902908055112 1.48324751807377 1.5609558802098 1.47890931670554 1.1837287847884 1.18302602902986 1.71159597113729 0 1.78968471707776 1.82698490610346 1.65553715266287 1.57101348415017 1.24917154549621 1.60159145458601 1.11757290852256 1.83457845309749 1.07132587395608 1.90246537351049 1.60887671867386 1.83095624367706 1.65396506921388 1.01184999314137
1.47184252203442 1.17249446501955 1.63680314272642 1.09276604303159 1.67931096279062 1.10172471031547 1.83329140907153 1.47913144086488 1.63165634498 1.12948441435583 1.04297172650695 0.953923133434728 1.31506933178753 1.75004375283606 1.56245899153873 1.78968471707776 0 1.22524063754827 1.71457738894969 1.31896500638686 1.4346817350015 1.58974643144757 0.995233612367883 0.976231858599931 1.15689945453778 1.30676331953146 1.32238291925751 1.78410741058178 1.41213890723884 1.13934221747331
1.29848266718909 1.15670717298053 1.68100129137747 1.19525172724389 1.62858789111488 1.20371060073376 1.49759330437519 1.2541065022815 1.28975944337435 0.930808956967667 1.40475392853841 1.28921038284898 1.35171043127775 1.22179636964574 1.08516220143065 1.82698490610346 1.22524063754827 0 0.967813909053802 1.72203507274389 1.89205423370004 1.43150680791587 1.17218500282615 1.56930625066161 1.27005876647308 1.65697622532025 1.31042146473192 1.11463850480504 1.49998552072793 1.31545627280138
1.1115639556665 1.48722003377043 1.08797715255059 1.0792265443597 1.0258254702203 1.43628946179524 1.78440898936242 1.53298009885475 1.48852549935691 1.18944181129336 1.17348287370987 0.996888911817223 1.24398500216193 1.85278388415463 1.85102113266475 1.65553715266287 1.71457738894969 0.967813909053802 0 1.43981723673642 0.952501470223069 1.63536707102321 1.49569185194559 1.56469117826782 1.335401319433 1.08181830332614 1.85026710573584 1.5188669806812 1.29610971850343 1.75005343230441
1.43499470688403 0.930700549390167 1.67993077449501 1.23095414950512 1.41807980416343 1.38040472473949 1.26428215275519 0.997254992136732 1.42055347794667 1.51338060735725 1.88238287065178 1.78500559180975 1.33531534182839 1.0726014804095 1.04456675820984 1.57101348415017 1.31896500638686 1.72203507274389 1.43981723673642 0 1.14710426470265 1.59354730206542 1.7560614135582 0.949735690373927 1.77082375786267 1.55816091434099 0.959311189828441 1.54289472522214 0.913880140753463 1.64361583604477
1.10431492188945 1.89730485808104 1.24352359143086 1.36851377086714 1.75958558521233 1.14756456692703 1.15643310709856 1.44997711363249 1.55343931168318 1.72692641243339 1.33023924636655 1.29826284362935 1.64447358716279 1.61949079413898 1.68476094305515 1.24917154549621 1.4346817350015 1.89205423370004 0.952501470223069 1.14710426470265 0 1.62331298924983 1.58377689379267 1.63455125247128 1.02966226777062 1.67514094756916 1.45490229222924 1.07263612747192 1.42099012434483 1.84259985829704
1.8423009221442 1.6074745610822 1.59033538820222 0.977774824481457 1.28303861129098 1.03172010416165 1.56375214457512 1.4817801725585 1.84454618184827 1.46719100582413 1.83181535336189 1.11037762183696 1.88952382374555 1.7363157516811 0.994386429898441 1.60159145458601 1.58974643144757 1.43150680791587 1.63536707102321 1.59354730206542 1.62331298924983 0 1.79300477402285 1.28775015845895 1.46625397610478 1.81951455329545 1.76513663236983 1.0961842678953 1.38398273359053 0.952708675060421
1.37346817110665 1.66060827067122 1.73306844406761 1.32074865279719 1.48239427781664 1.74378621205688 1.799190873513 1.88380450475961 1.47602992155589 1.35391543945298 1.52201561001129 1.90290776686743 1.90515063446946 1.53884403873235 1.57014665706083 1.11757290852256 0.995233612367883 1.17218500282615 1.49569185194559 1.7560614135582 1.58377689379267 1.79300477402285 0 1.27320555457845 1.85330040473491 1.14217509212904 1.3959338744171 1.7580503851641 1.08848043507896 1.73180549009703
1.71204270026647 1.46739439014345 1.3919081937056 1.50120984972455 1.16263971989974 0.964274797821417 0.921233616769314 1.80180874094367 1.02751839649864 1.84964082227089 0.998456710251048 1.56640560925007 1.68920407979749 1.64550734846853 1.26716182124801 1.83457845309749 0.976231858599931 1.56930625066161 1.56469117826782 0.949735690373927 1.63455125247128 1.28775015845895 1.27320555457845 0 1.44247955293395 1.24084888701327 1.61803922057152 1.89361759508029 1.66791284293868 1.43648893199861
1.77146256994456 1.15475610340945 1.69783375924453 0.940654909238219 1.44134365441278 1.71161860693246 1.24236773978919 1.87741859490052 1.83812198159285 1.49947815435007 1.14787062141113 1.34497866989113 1.86900120647624 1.85510345618241 0.963297191075981 1.07132587395608 1.15689945453778 1.27005876647308 1.335401319433 1.77082375786267 1.02966226777062 1.46625397610478 1.85330040473491 1.44247955293395 0 1.04897944885306 1.27079500746913 0.921190730296075 1.3835197687149 1.6007465692237
1.35027108411305 1.0015449912753 1.8824350447394 1.83936435543001 1.85062288981862 1.18145225336775 0.910825822968036 1.5150435466785 1.37353454250842 1.1490712610539 1.42914227675647 0.909488172503188 1.38409458845854 1.15321014798246 1.21419564541429 1.90246537351049 1.30676331953146 1.65697622532025 1.08181830332614 1.55816091434099 1.67514094756916 1.81951455329545 1.14217509212904 1.24084888701327 1.04897944885306 0 1.74357463349588 1.68428086396307 1.25302999326959 1.58632023259997
1.05483570159413 1.7012904023286 1.37481600581668 1.78524750028737 1.776105127763 1.34196884627454 1.44342802045867 1.66113508096896 1.86246935161762 1.30146490596235 1.23570103454404 1.5086797659751 1.2637081372086 1.84443495352753 1.60198263823986 1.60887671867386 1.32238291925751 1.31042146473192 1.85026710573584 0.959311189828441 1.45490229222924 1.76513663236983 1.3959338744171 1.61803922057152 1.27079500746913 1.74357463349588 0 1.1137738309335 1.27535372576676 1.69883866515011
1.2724690285977 1.18434687354602 1.1205517903436 1.80753242922947 1.29104570299387 1.81927460082807 1.12980081397109 1.42699598497711 1.62954147486016 1.63973829825409 1.11197109217755 1.52623285306618 1.0662962384522 1.74639706593007 1.7610021783039 1.83095624367706 1.78410741058178 1.11463850480504 1.5188669806812 1.54289472522214 1.07263612747192 1.0961842678953 1.7580503851641 1.89361759508029 0.921190730296075 1.68428086396307 1.1137738309335 0 1.87757952325046 1.01551055489108
1.27437643217854 1.7758744454477 1.45921395020559 1.07474799524061 1.09556310228072 1.38740521133877 1.75902601331472 1.63104999181814 1.22122502489947 1.43330045160837 1.67517516063526 1.66025190404616 1.05239963484928 1.18485426390544 1.57853624108247 1.65396506921388 1.41213890723884 1.49998552072793 1.29610971850343 0.913880140753463 1.42099012434483 1.38398273359053 1.08848043507896 1.66791284293868 1.3835197687149 1.25302999326959 1.27535372576676 1.87757952325046 0 1.21746207168326
1.43056892720051 0.938467744737864 1.08067754702643 1.80434587644413 1.78512800531462 1.41680149408057 1.73400757834315 1.17893250845373 1.48832228663377 1.54405165999196 1.14180190674961 1.24974138848484 1.71941673289984 1.79407530254684 1.69196206657216 1.01184999314137 1.13934221747331 1.31545627280138 1.75005343230441 1.64361583604477 1.84259985829704 0.952708675060421 1.73180549009703 1.43648893199861 1.6007465692237 1.58632023259997 1.69883866515011 1.01551055489108 1.21746207168326 0
