0 1.81124128517695 1.12353597348556 1.77017168141901 1.50876897783019 1.6673718127422 1.55938923731446 1.39837053790689 1.34728494542651 1.38454300467856 0.967827777611092 1.13851497112773 0.996997091686353 1.42639843910001 1.34009377215989 1.38918096199632 1.83336111041717 1.08366363588721 1.61772796325386 1.9216579683125 1.29846197366714 1.68491917778738 1.34369782707654 0.991510342108086 1.42706812079996 1.30377562902868 1.56096524954773 1.06608457746916 1.24268044624478 1.30200193542987
1.81124128517695 0 1.08018878079019 1.03399161109701 1.52501953090541 1.09494194993749 1.1659981335979 1.24285719636828 1.7044331766665 1.62623484013602 1.09086587582715 1.1560516289901 1.40242047724314 1.5119892959483 1.67108675232157 1.5177633264102 1.08823689818382 1.229396837065 1.94811998470686 1.87029796489514 1.13986701518297 1.69844574434683 1.70132963359356 1.18479145597667 1.14054614584893 1.62888842588291 1.40618955832906 1.64755160245113 1.16825693449937 1.31806732504629
1.12353597348556 1.08018878079019 0 1.83059189002961 1.93640841473825 1.35692671826109 1.10531594604254 1.35582719463855 1.24289759690873 1.5891987902578 1.46703060227446 0.996180142043158 1.30665228143334 1.08169234450907 1.77175547974184 1.23119510221295 1.39446701388806 1.22629485861398 1.12315549375489 1.30550650437362 1.15847528842278 1.170017225435 1.92552903061733 1.66325388313271 1.54537833086215 1.32964323973283 1.853237031959 1.48366172565147 1.83935253997333 1.6216597314924
1.77017168141901 1.03399161109701 1.83059189002961 0 1.24410483287647 1.48426937521435 1.23672131053172 1.76560722407885 1.55048612807877 1.6731178900227 1.19773552357219 1.62301181443036 1.78409753157757 1.7195121217519 1.25009974301793 1.2818885971792 1.12842619675212 1.76242202264257 1.12101763114333 1.93721188115887 1.33381348871626 1.11633528536186 1.06821406679228 1.70513779763132 1.0879174512811 1.63606057059951 1.53988228179514 1.51335764909163 1.2549835240934 1.45849176007323
1.50876897783019 1.52501953090541 1.93640841473825 1.24410483287647 0 1.05074561480433 1.0779074372258 1.78737835260108 1.6412837523967 1.37041826010682 1.88717999053188 1.30553381633945 1.70285180956125 1.75563097675331 1.52427116991021 1.1334942439571 1.31193276238628 1.13975518662483 1.80974662280641 1.61576694925316 1.7827067815233 1.68005811469629 1.35655894712545 1.25797522021458 1.36323297047056 1.64721185108647 1.89527397230268 1.0607692564372 1.71409691614099 1.6333173813764
1.6673718127422 1.09494194993749 1.35692671826109 1.48426937521435 1.05074561480433 0 0.957327386364341 1.68770073913038 1.42334437835962 1.12429074733518 0.979592539835721 1.31291844975203 1.69075009645894 1.48968863068148 1.51060081459582 1.94226480717771 1.42648235475644 1.65131641738117 1.4201543268282 1.86220326786861 1.06251635099761 1.72537273028865 0.981237727683038 1.92221424798481 1.11448415182531 0.966373910196126 1.33556694234721 1.22267078445293 1.20196009986103 1.69602567749098
1.55938923731446 1.1659981335979 1.10531594604254 1.23672131053172 1.0779074372258 0.957327386364341 0 1.25554554560222 1.41203107126057 1.6376657995861 1.88897063094191 1.05474340193905 1.59409632720053 0.969374868320301 1.33494768803939 1.09212493803352 1.57055328972638 1.75185475451872 1.21649079700001 0.986369172343984 1.10561619303189 1.40320689231157 1.2298647351563 1.68876520381309 0.974307257449254 1.0849903721828 1.75812742323615 1.19158581830561 1.71596030564979 1.22235301136971
1.39837053790689 1.24285719636828 1.35582719463855 1.76560722407885 1.78737835260108 1.68770073913038 1.25554554560222 0 1.27110074949451 1.18266621278599 1.30808153492399 1.46449268469587 1.78344362671487 1.14559213351458 1.32377389702015 1.93305065203458 1.11580835725181 0.999936020700261 1.58161545125768 1.47117739845999 1.0842032879591 1.52339969109744 1.37299597705714 1.31949344254099 1.14548814669251 1.23096615518443 1.09914618288167 1.51880592224188 1.10151940584183 1.45072282059118
1.34728494542651 1.7044331766665 1.24289759690873 1.55048612807877 1.6412837523967 1.42334437835962 1.41203107126057 1.27110074949451 0 1.16818304266781 0.957606542622671 1.58155643800274 1.83103723777458 1.14843471697532 1.09516344056465 1.06390436296351 1.73515272699296 0.961253340356052 1.50028174626641 1.58336172718555 1.60754183796234 1.92690901667811 1.8007869750727 1.03155682096258 1.1355334664695 1.40464434726164 1.49533765600063 1.37971721566282 1.3558482772205 1.33734591840766
1.38454300467856 1.62623484013602 1.5891987902578 1.6731178900227 1.37041826010682 1.12429074733518 1.6376657995861 1.18266621278599 1.16818304266781 0 1.22877773270011 1.20548111782409 1.33943074801937 1.37749705137685 1.23900985741057 1.26466594729573 1.74801030778326 1.54098695213906 1.14388186181895 1.6461788136512 1.2472032867372 1.58119740732946 1.01792866527103 1.30893539544195 1.15773344039917 1.33994985138997 1.31913765030913 1.42764198849909 0.960201125359163 1.92400557547808
0.967827777611092 1.09086587582715 1.46703060227446 1.19773552357219 1.88717999053188 0.979592539835721 1.88897063094191 1.30808153492399 0.957606542622671 1.22877773270011 0 1.04304342251271 1.22884691087529 1.00717594986781 1.0527587600518 1.42731443676166 1.59764333604835 1.26967811957002 1.56803382141516 1.33567399275489 1.38249032106251 1.71878136484884 1.94294233364053 1.23986485111527 1.27995550911874 1.94596645003185 1.20689285709523 1.39563205000013 1.83710032096133 1.08408759674057
1.13851497112773 1.1560516289901 0.996180142043158 1.62301181443036 1.30553381633945 1.31291844975203 1.05474340193905 1.46449268469587 1.58155643800274 1.20548111782409 1.04304342251271 0 1.35487090004608 1.02486859308556 1.42596015357412 1.66424964577891 1.22278479067609 1.3524851326365 1.74574299086817 1.52969383378513 1.27829871117137 1.27415687404573 1.35697074350901 1.7629529684782 1.71593096619472 1.59556385921314 1.41397684812546 1.5046958446037 1.0488059669733 1.22689035721123
0.996997091686353 1.40242047724314 1.30665228143334 1.78409753157757 1.70285180956125 1.69075009645894 1.59409632720053 1.78344362671487 1.83103723777458 1.33943074801937 1.22884691087529 1.35487090004608 0 1.75970983994193 1.05214607203379 1.75068842782639 1.51801315671764 1.08966099913232 1.37956778006628 1.05532575608231 1.86030928208493 1.39300152356736 1.94170068623498 1.32480151578784 1.84724683384411 1.82664426486008 1.02816606219858 1.70238529751077 1.63178620301187 1.31393166678026
1.42639843910001 1.5119892959483 1.08169234450907 1.7195121217519 1.75563097675331 1.48968863068148 0.969374868320301 1.14559213351458 1.14843471697532 1.37749705137685 1.00717594986781 1.02486859308556 1.75970983994193 0 1.90299589559436 1.3159656568896 1.75874361954629 1.8201757944189 1.60986246471293 1.27189341117628 1.60520571307279 1.92522043688223 1.58551879134029 1.74070739955641 1.88140716892667 0.961155048105866 1.50860675121658 1.27872252510861 1.53794282721356 1.09088222915307
1.34009377215989 1.67108675232157 1.77175547974184 1.25009974301793 1.52427116991021 1.51060081459582 1.33494768803939 1.32377389702015 1.09516344056465 1.23900985741057 1.0527587600518 1.42596015357412 1.05214607203379 1.90299589559436 0 1.78963328758255 1.21257866197266 1.9026349503547 0.972095869947225 1.66601254511625 1.7632387119811 1.59310104395263 1.27952504600398 1.06064560287632 1.03475016844459 0.973536673001945 1.39060779637657 1.85548651427962 1.06432591471821 1.75070559303276
1.38918096199632 1.5177633264102 1.23119510221295 1.2818885971792 1.1334942439571 1.94226480717771 1.09212493803352 1.93305065203458 1.06390436296351 1.26466594729573 1.42731443676166 1.66424964577891 1.75068842782639 1.3159656568896 1.78963328758255 0 1.38313784310594 1.01571394712664 1.89139504451305 1.72905637929216 1.2553667742759 1.58622203371488 1.07883258443326 0.977492935722694 1.50051070284098 1.28832767065614 1.83504134230316 1.02552647772245 1.57960214372724 1.37598332692869
1.83336111041717 1.08823689818382 1.39446701388806 1.12842619675212 1.31193276238628 1.42648235475644 1.57055328972638 1.11580835725181 1.73515272699296 1.74801030778326 1.59764333604835 1.22278479067609 1.51801315671764 1.75874361954629 1.21257866197266 1.38313784310594 0 1.21551021258347 1.43498920206912 1.36554395058192 1.86319933738559 1.48113950924017 1.62893969588913 1.83331445604563 1.08593251183629 1.84351195557974 1.80854707909748 1.04477008758113 1.87797139375471 1.49286023247987
1.08366363588721 1.229396837065 1.22629485861398 1.76242202264257 1.13975518662483 1.65131641738117 1.75185475451872 0.999936020700261 0.961253340356052 1.54098695213906 1.26967811957002 1.3524851326365 1.08966099913232 1.8201757944189 1.9026349503547 1.01571394712664 1.21551021258347 0 1.56267699133605 0.984778077807277 1.70341908908449 1.00483729992993 1.21998065290973 1.20763063291088 1.40723384707235 1.93094895523973 1.61439099931158 1.04278667853214 1.18954203999601 1.29101012065075
1.61772796325386 1.94811998470686 1.12315549375489 1.12101763114333 1.80974662280641 1.4201543268282 1.21649079700001 1.58161545125768 1.50028174626641 1.14388186181895 1.56803382141516 1.74574299086817 1.37956778006628 1.60986246471293 0.972095869947225 1.89139504451305 1.43498920206912 1.56267699133605 0 1.4106320887804 0.98692122916691 1.88495939364657 1.91175086447038 1.94844679255038 1.38517768704332 1.87305223220028 1.4007933686953 1.25337631185539 1.77044997154735 1.37926513212733
1.9216579683125 1.87029796489514 1.30550650437362 1.93721188115887 1.61576694925316 1.86220326786861 0.986369172343984 1.47117739845999 1.58336172718555 1.6461788136512 1.33567399275489 1.52969383378513 1.05532575608231 1.27189341117628 1.66601254511625 1.72905637929216 1.36554395058192 0.984778077807277 1.4106320887804 0 1.4180044955574 1.89056643494405 0.99107148591429 1.74111424782313 1.50977637129836 1.42785101523623 1.34418181679212 1.11131455167197 1.9146996724885 1.61718740896322
1.29846197366714 1.13986701518297 1.15847528842278 1.33381348871626 1.7827067815233 1.06251635099761 1.10561619303189 1.0842032879591 1.60754183796234 1.2472032867372 1.38249032106251 1.27829871117137 1.86030928208493 1.60520571307279 1.7632387119811 1.2553667742759 1.86319933738559 1.70341908908449 0.98692122916691 1.4180044955574 0 1.08436122653075 1.54847678146325 1.37716608238406 0.984410137403756 1.29596092342399 1.85543841542676 1.70665084733628 1.14911929448135 1.85223939665593
1.68491917778738 1.69844574434683 1.170017225435 1.11633528536186 1.68005811469629 1.72537273028865 1.40320689231157 1.52339969109744 1.92690901667811 1.58119740732946 1.71878136484884 1.27415687404573 1.39300152356736 1.92522043688223 1.59310104395263 1.58622203371488 1.48113950924017 1.00483729992993 1.88495939364657 1.89056643494405 1.08436122653075 0 1.81813164870255 1.60211943602189 1.47453657840379 1.62191780190915 1.68791951984167 1.87499824794941 1.2798611226026 1.5858474096749
1.34369782707654 1.70132963359356 1.92552903061733 1.06821406679228 1.35655894712545 0.981237727683038 1.2298647351563 1.37299597705714 1.8007869750727 1.01792866527103 1.94294233364053 1.35697074350901 1.94170068623498 1.58551879134029 1.27952504600398 1.07883258443326 1.62893969588913 1.21998065290973 1.91175086447038 0.99107148591429 1.54847678146325 1.81813164870255 0 1.00944267003797 1.60579772642814 1.80085298209451 1.63059815531597 1.81455750553869 1.30476546962745 1.31009683362208
0.991510342108086 1.18479145597667 1.66325388313271 1.70513779763132 1.25797522021458 1.92221424798481 1.68876520381309 1.31949344254099 1.03155682096258 1.30893539544195 1.23986485111527 1.7629529684782 1.32480151578784 1.74070739955641 1.06064560287632 0.977492935722694 1.83331445604563 1.20763063291088 1.94844679255038 1.74111424782313 1.37716608238406 1.60211943602189 1.00944267003797 0 1.26105763786472 1.19783103186637 1.77495485800318 1.11467255884781 1.90963715338148 1.05252406280488
1.42706812079996 1.14054614584893 1.54537833086215 1.0879174512811 1.36323297047056 1.11448415182531 0.974307257449254 1.14548814669251 1.1355334664695 1.15773344039917 1.27995550911874 1.71593096619472 1.84724683384411 1.88140716892667 1.03475016844459 1.50051070284098 1.08593251183629 1.40723384707235 1.38517768704332 1.50977637129836 0.984410137403756 1.47453657840379 1.60579772642814 1.26105763786472 0 1.04561345372349 1.62460494786501 1.77337020332925 1.284588560462 1.07575076399371
1.30377562902868 1.62888842588291 1.32964323973283 1.63606057059951 1.64721185108647 0.966373910196126 1.0849903721828 1.23096615518443 1.40464434726164 1.33994985138997 1.94596645003185 1.59556385921314 1.82664426486008 0.961155048105866 0.973536673001945 1.28832767065614 1.84351195557974 1.93094895523973 1.87305223220028 1.42785101523623 1.29596092342399 1.62191780190915 1.80085298209451 1.19783103186637 1.04561345372349 0 1.79528602445498 1.84546876163222 1.72678849287331 1.34308889671229
1.56096524954773 1.40618955832906 1.853237031959 1.53988228179514 1.89527397230268 1.33556694234721 1.75812742323615 1.09914618288167 1.49533765600063 1.31913765030913 1.20689285709523 1.41397684812546 1.02816606219858 1.50860675121658 1.39060779637657 1.83504134230316 1.80854707909748 1.61439099931158 1.4007933686953 1.34418181679212 1.85543841542676 1.68791951984167 1.63059815531597 1.77495485800318 1.62460494786501 1.79528602445498 0 1.32905218726955 1.63637811760418 1.20285991043784
1.06608457746916 1.64755160245113 1.48366172565147 1.51335764909163 1.0607692564372 1.22267078445293 1.19158581830561 1.51880592224188 1.37971721566282 1.42764198849909 1.39563205000013 1.5046958446037 1.70238529751077 1.27872252510861 1.85548651427962 1.02552647772245 1.04477008758113 1.04278667853214 1.25337631185539 1.11131455167197 1.70665084733628 1.87499824794941 1.81455750553869 1.11467255884781 1.77337020332925 1.84546876163222 1.32905218726955 0 1.65215406171046 1.69482748187147
1.24268044624478 1.16825693449937 1.83935253997333 1.2549835240934 1.71409691614099 1.20196009986103 1.71596030564979 1.10151940584183 1.3558482772205 0.960201125359163 1.83710032096133 1.0488059669733 1.63178620301187 1.53794282721356 1.06432591471821 1.57960214372724 1.87797139375471 1.18954203999601 1.77044997154735 1.9146996724885 1.14911929448135 1.2798611226026 1.30476546962745 1.90963715338148 1.284588560462 1.72678849287331 1.63637811760418 1.65215406171046 0 1.90418797195889
1.30200193542987 1.31806732504629 1.6216597314924 1.45849176007323 1.6333173813764 1.69602567749098 1.22235301136971 1.45072282059118 1.33734591840766 1.92400557547808 1.08408759674057 1.22689035721123 1.31393166678026 1.09088222915307 1.75070559303276 1.37598332692869 1.49286023247987 1.29101012065075 1.37926513212733 1.61718740896322 1.85223939665593 1.5858474096749 1.31009683362208 1.05252406280488 1.07575076399371 1.34308889671229 1.20285991043784 1.69482748187147 1.90418797195889 0
