0 1.14489936386235 1.34356368309818 1.81775863538496 1.50944714038633 1.28908768622205 1.87070576380938 1.89569156314246 1.00367573834956 1.4017339493148 0.996857344405726 1.783892077161 1.59666013927199 1.17152094980702 1.09697264526039 1.90532360947691 1.32581390859559 1.87418381054886 1.65175521885976 1.81721742800437 1.09600497758947 1.79504749807529 1.64302634680644 0.965628160862252 1.00568200019188 1.01653137127869 1.42725437902845 1.74846677738242 1.83474948117509 1.50127597246319
1.14489936386235 0 1.67198421154171 1.5788215235807 1.50910142553039 1.76970134978183 1.90972801460885 1.68991020414978 1.86993878986686 1.71765488688834 1.52271410916001 1.2216476763133 1.51874294294976 1.73955673282035 1.55715052736923 0.994114940054715 1.88713960791938 1.52913343207911 1.5046477203723 1.06685410067439 1.87879723426886 1.81254597660154 1.51540567819029 1.65630845283158 1.07539224578068 1.74497782927938 1.85682230489329 0.957331562414765 1.09332733112387 1.43114166823216
1.34356368309818 1.67198421154171 0 0.971097026253119 1.36589315161109 1.60468051629141 1.37085166270845 1.41673271870241 1.41103565646335 1.44416443281807 1.24903422407806 0.956831570481881 1.05738634592853 0.958943348145112 1.31497077317908 1.4292898925487 1.53827938088216 1.38017012551427 1.58182253572159 1.74964748858474 1.29680732637644 1.31444442179054 1.10903039039113 1.03162961569615 1.64905329165049 1.11165907373652 1.77938005002216 1.91481591691263 1.24160360777751 1.78294473327696
1.81775863538496 1.5788215235807 0.971097026253119 0 1.88289237767458 1.18930862168781 1.61847141385078 1.25227474793792 1.49656127975322 1.26051887730137 1.64199190074578 1.21540757478215 1.86383099830709 1.82609496242367 1.07317110779695 1.22965457104146 1.72891709138639 1.62947455164976 0.960637251148 1.56896594329737 1.31447370909154 1.76610468025319 1.19728520396166 1.40071031474508 1.67688255989924 1.51484471466392 1.14952928270213 1.01998407649808 1.05018657213077 1.17385026649572
1.50944714038633 1.50910142553039 1.36589315161109 1.88289237767458 0 1.84415921126492 1.20848495210521 1.01271363301203 1.34769281325862 1.20883635315113 1.31297620781697 1.19340390292928 1.40534955193289 1.78397710062563 1.73999624187127 1.02079143072478 1.3204631714616 1.41861288528889 1.10028501343913 1.23663252987899 1.37589984596707 1.7399807034526 1.59273493522778 1.8087886213325 1.9214929502923 1.04273636406288 1.2670487028081 1.11428032885306 1.88811593106948 1.88132522022352
1.28908768622205 1.76970134978183 1.60468051629141 1.18930862168781 1.84415921126492 0 1.60942146065645 1.75712526356801 1.90403679339215 1.38829327211715 1.22734446474351 1.34684965200722 1.02672817581333 1.75819984148256 1.26789000816643 1.00939018954523 1.49559322139248 1.76439693430439 1.60450132586993 1.45071878074668 1.13128248159774 1.45221212040633 1.72808159375563 1.55021388665773 1.01803417480551 1.26150599564426 1.73039992991835 1.39065045304596 1.05479970108718 1.73373169824481
1.87070576380938 1.90972801460885 1.37085166270845 1.61847141385078 1.20848495210521 1.60942146065645 0 1.89512122864835 1.82263573189266 1.23840992688201 1.19850231031887 1.30586203024723 1.03110353928059 1.09925057832152 0.993660516571254 1.18339485838078 1.63802665704861 1.29387169959955 1.69773239432834 1.3021665783599 1.43458359246142 1.03957931231707 1.43534894636832 1.43523745960556 1.21719686011784 1.11877121031284 1.73944833339192 1.63007618836127 1.09896671958268 1.10861805803142
1.89569156314246 1.68991020414978 1.41673271870241 1.25227474793792 1.01271363301203 1.75712526356801 1.89512122864835 0 1.43289593909867 1.51973231928423 1.85439924150705 1.32612861832604 1.32377675897442 1.55707343062386 0.989433639682829 1.2487229546532 1.59417474269867 1.34588187071495 1.30802760762163 1.32719412376173 1.69181118020788 1.73508601635695 1.55305020022206 1.37062346190214 1.86308782664128 1.87309845117852 1.41152211511508 1.77424254897051 1.15190022694878 0.953059861203656
1.00367573834956 1.86993878986686 1.41103565646335 1.49656127975322 1.34769281325862 1.90403679339215 1.82263573189266 1.43289593909867 0 0.94787138607353 1.49862263002433 1.08750362810679 1.41979532688856 1.19455362646841 1.34821512224153 1.05552097340114 1.64368893695064 0.952808937523514 1.38436039490625 1.11215838254429 1.08768840972334 1.40661354130134 0.973495892016217 1.70619218959473 1.48179404018447 1.06479810504243 1.2903381860815 1.36285966541618 1.52782732970081 1.6831817231141
1.4017339493148 1.71765488688834 1.44416443281807 1.26051887730137 1.20883635315113 1.38829327211715 1.23840992688201 1.51973231928423 0.94787138607353 0 1.260035200743 1.6897957068868 1.04266002145596 1.09717730805278 1.41653522592969 1.86769448081031 1.5206181651447 1.69178481632844 1.31365561345592 0.954123218543828 1.10518769896589 1.30315050319768 1.67842702008784 1.41806049691513 1.4989083497785 1.64103995705955 1.24208984267898 1.10224937950261 1.48587359744124 1.71142441383563
0.996857344405726 1.52271410916001 1.24903422407806 1.64199190074578 1.31297620781697 1.22734446474351 1.19850231031887 1.85439924150705 1.49862263002433 1.260035200743 0 1.28111058333889 1.23089670040645 1.40378696774133 1.11985467886552 1.15904022497125 1.30353433126584 1.49872883781791 1.61989269405603 1.45373659138568 1.32201246637851 1.59030330763198 1.49208560027182 0.959791715722531 1.6762894669082 1.84393124911003 1.18668383709155 1.7286341516301 1.52696788404137 1.03704262967221
1.783892077161 1.2216476763133 0.956831570481881 1.21540757478215 1.19340390292928 1.34684965200722 1.30586203024723 1.32612861832604 1.08750362810679 1.6897957068868 1.28111058333889 0 1.68324116035365 1.61051777051762 1.8679959140718 1.31632030126639 1.53050831728615 1.58613717718981 1.33740039146505 1.75275242095813 1.16000256943516 1.06451193941757 1.21929703420028 0.995261841453612 0.968938515521586 1.07841883227229 1.34057995444164 1.4238900130149 1.87550616636872 0.938562371768057
1.59666013927199 1.51874294294976 1.05738634592853 1.86383099830709 1.40534955193289 1.02672817581333 1.03110353928059 1.32377675897442 1.41979532688856 1.04266002145596 1.23089670040645 1.68324116035365 0 1.26452345959842 1.69111109850928 1.30054653109983 1.54814952611923 1.42381070461124 1.76166147738695 1.15059605357237 0.957329108146951 1.5774653328117 1.31027001631446 1.13278398476541 0.954749344149604 1.57523506344296 1.81441512657329 1.86804918455891 1.48995727184229 1.75930223055184
1.17152094980702 1.73955673282035 0.958943348145112 1.82609496242367 1.78397710062563 1.75819984148256 1.09925057832152 1.55707343062386 1.19455362646841 1.09717730805278 1.40378696774133 1.61051777051762 1.26452345959842 0 1.91072734910995 1.4534632388968 1.30816503847018 1.35851134778932 1.86256441753358 1.52107174322009 1.87131404783577 1.40571531280875 1.72533519635908 1.55237043020315 1.65095886425115 1.54860099079087 1.79891708493233 1.29880341747776 1.11931587010622 1.51439412287436
1.09697264526039 1.55715052736923 1.31497077317908 1.07317110779695 1.73999624187127 1.26789000816643 0.993660516571254 0.989433639682829 1.34821512224153 1.41653522592969 1.11985467886552 1.8679959140718 1.69111109850928 1.91072734910995 0 1.617966739228 1.62898100609891 1.47805347153917 1.42779602739029 1.5408247730229 1.87845774088055 1.09270860929973 1.13910790439695 1.46548264590092 1.57130717718974 1.32810691767372 1.57594977808185 1.07861566147767 1.34286982403137 1.52509735361673
1.90532360947691 0.994114940054715 1.4292898925487 1.22965457104146 1.02079143072478 1.00939018954523 1.18339485838078 1.2487229546532 1.05552097340114 1.86769448081031 1.15904022497125 1.31632030126639 1.30054653109983 1.4534632388968 1.617966739228 0 1.70085607562214 1.44600950763561 1.17995474673808 1.09729170892388 1.68401988223195 1.05253367661498 1.58209412405267 1.58856872958131 1.01604064041749 1.24603902152739 1.38761167437769 1.68133431789465 1.75663997442462 1.8731264367234
1.32581390859559 1.88713960791938 1.53827938088216 1.72891709138639 1.3204631714616 1.49559322139248 1.63802665704861 1.59417474269867 1.64368893695064 1.5206181651447 1.30353433126584 1.53050831728615 1.54814952611923 1.30816503847018 1.62898100609891 1.70085607562214 0 1.57220588391647 1.64841727982275 1.57679634378292 1.60584450839087 1.05190988746472 0.941287948284298 0.940433696610853 1.83763924590312 0.972006471129134 1.42057651444338 0.932708311127499 1.59758245083503 1.20557840168476
1.87418381054886 1.52913343207911 1.38017012551427 1.62947455164976 1.41861288528889 1.76439693430439 1.29387169959955 1.34588187071495 0.952808937523514 1.69178481632844 1.49872883781791 1.58613717718981 1.42381070461124 1.35851134778932 1.47805347153917 1.44600950763561 1.57220588391647 0 1.03775317361578 0.940277174348012 1.72327043535188 1.51637493190356 1.57657581847161 1.56275326223113 1.37138909380883 1.32938355859369 1.22311630868353 1.03574978304096 1.82199082197621 1.07550578401424
1.65175521885976 1.5046477203723 1.58182253572159 0.960637251148 1.10028501343913 1.60450132586993 1.69773239432834 1.30802760762163 1.38436039490625 1.31365561345592 1.61989269405603 1.33740039146505 1.76166147738695 1.86256441753358 1.42779602739029 1.17995474673808 1.64841727982275 1.03775317361578 0 1.31826325622387 1.67726326407865 1.11474989284761 0.973114891443402 1.53366208076477 1.52458139858209 1.66444640257396 1.44237843807787 1.19042491191067 1.66188362636603 1.12708525825292
1.81721742800437 1.06685410067439 1.74964748858474 1.56896594329737 1.23663252987899 1.45071878074668 1.3021665783599 1.32719412376173 1.11215838254429 0.954123218543828 1.45373659138568 1.75275242095813 1.15059605357237 1.52107174322009 1.5408247730229 1.09729170892388 1.57679634378292 0.940277174348012 1.31826325622387 0 1.78076873999089 1.43842778704129 1.54680209490471 1.24492410267703 1.90243762009777 1.46205167821608 1.59131914540194 1.23622822505422 1.02166776452214 1.65564108733088
1.09600497758947 1.87879723426886 1.29680732637644 1.31447370909154 1.37589984596707 1.13128248159774 1.43458359246142 1.69181118020788 1.08768840972334 1.10518769896589 1.32201246637851 1.16000256943516 0.957329108146951 1.87131404783577 1.87845774088055 1.68401988223195 1.60584450839087 1.72327043535188 1.67726326407865 1.78076873999089 0 1.6965808509849 1.32925358228385 1.64187909895554 1.22582245129161 1.30771424551494 0.994939791038632 1.74135040026158 1.33852926781401 1.0186097107362
1.79504749807529 1.81254597660154 1.31444442179054 1.76610468025319 1.7399807034526 1.45221212040633 1.03957931231707 1.73508601635695 1.40661354130134 1.30315050319768 1.59030330763198 1.06451193941757 1.5774653328117 1.40571531280875 1.09270860929973 1.05253367661498 1.05190988746472 1.51637493190356 1.11474989284761 1.43842778704129 1.6965808509849 0 1.03684187750332 1.64719155291095 1.49647578038275 1.60351281473413 1.16097104316577 1.7123230334837 1.05138232395984 1.33235225244425
1.64302634680644 1.51540567819029 1.10903039039113 1.19728520396166 1.59273493522778 1.72808159375563 1.43534894636832 1.55305020022206 0.973495892016217 1.67842702008784 1.49208560027182 1.21929703420028 1.31027001631446 1.72533519635908 1.13910790439695 1.58209412405267 0.941287948284298 1.57657581847161 0.973114891443402 1.54680209490471 1.32925358228385 1.03684187750332 0 1.57287544198334 1.78348620631732 1.83348994096741 1.06195489712991 1.1239386650268 1.14636973361485 1.80692173540592
0.965628160862252 1.65630845283158 1.03162961569615 1.40071031474508 1.8087886213325 1.55021388665773 1.43523745960556 1.37062346190214 1.70619218959473 1.41806049691513 0.959791715722531 0.995261841453612 1.13278398476541 1.55237043020315 1.46548264590092 1.58856872958131 0.940433696610853 1.56275326223113 1.53366208076477 1.24492410267703 1.64187909895554 1.64719155291095 1.57287544198334 0 1.46154608461075 1.2939303976018 1.86815504101105 1.46170079451986 1.90393437421881 1.45659425621852
1.00568200019188 1.07539224578068 1.64905329165049 1.67688255989924 1.9214929502923 1.01803417480551 1.21719686011784 1.86308782664128 1.48179404018447 1.4989083497785 1.6762894669082 0.968938515521586 0.954749344149604 1.65095886425115 1.57130717718974 1.01604064041749 1.83763924590312 1.37138909380883 1.52458139858209 1.90243762009777 1.22582245129161 1.49647578038275 1.78348620631732 1.46154608461075 0 1.60961784399115 1.55832877173088 0.949313025688753 1.0378072373569 1.41749557061121
1.01653137127869 1.74497782927938 1.11165907373652 1.51484471466392 1.04273636406288 1.26150599564426 1.11877121031284 1.87309845117852 1.06479810504243 1.64103995705955 1.84393124911003 1.07841883227229 1.57523506344296 1.54860099079087 1.32810691767372 1.24603902152739 0.972006471129134 1.32938355859369 1.66444640257396 1.46205167821608 1.30771424551494 1.60351281473413 1.83348994096741 1.2939303976018 1.60961784399115 0 1.72972125886008 1.90471478225663 1.50146797439083 1.89538664463907
1.42725437902845 1.85682230489329 1.77938005002216 1.14952928270213 1.2670487028081 1.73039992991835 1.73944833339192 1.41152211511508 1.2903381860815 1.24208984267898 1.18668383709155 1.34057995444164 1.81441512657329 1.79891708493233 1.57594977808185 1.38761167437769 1.42057651444338 1.22311630868353 1.44237843807787 1.59131914540194 0.994939791038632 1.16097104316577 1.06195489712991 1.86815504101105 1.55832877173088 1.72972125886008 0 1.85860885540023 1.72882134723477 0.972665699664503
1.74846677738242 0.957331562414765 1.91481591691263 1.01998407649808 1.11428032885306 1.39065045304596 1.63007618836127 1.77424254897051 1.36285966541618 1.10224937950261 1.7286341516301 1.4238900130149 1.86804918455891 1.29880341747776 1.07861566147767 1.68133431789465 0.932708311127499 1.03574978304096 1.19042491191067 1.23622822505422 1.74135040026158 1.7123230334837 1.1239386650268 1.46170079451986 0.949313025688753 1.90471478225663 1.85860885540023 0 1.52231256570667 0.932176235830411
1.83474948117509 1.09332733112387 1.24160360777751 1.05018657213077 1.88811593106948 1.05479970108718 1.09896671958268 1.15190022694878 1.52782732970081 1.48587359744124 1.52696788404137 1.87550616636872 1.48995727184229 1.11931587010622 1.34286982403137 1.75663997442462 1.59758245083503 1.82199082197621 1.66188362636603 1.02166776452214 1.33852926781401 1.05138232395984 1.14636973361485 1.90393437421881 1.0378072373569 1.50146797439083 1.72882134723477 1.52231256570667 0 1.56853794585913
1.50127597246319 1.43114166823216 1.78294473327696 1.17385026649572 1.88132522022352 1.73373169824481 1.10861805803142 0.953059861203656 1.6831817231141 1.71142441383563 1.03704262967221 0.938562371768057 1.75930223055184 1.51439412287436 1.52509735361673 1.8731264367234 1.20557840168476 1.07550578401424 1.12708525825292 1.65564108733088 1.0186097107362 1.33235225244425 1.80692173540592 1.45659425621852 1.41749557061121 1.89538664463907 0.972665699664503 0.932176235830411 1.56853794585913 0
