0 1.45551063399762 1.89005931071006 1.23450093576685 1.01284160558134 1.80317768547684 1.01792535861023 1.38871871400625 1.47186053311452 0.942637671018019 1.18019642750733 1.13208142621443 1.63119721389376 1.73674086364917 1.54193161334842 1.4860496383626 1.21579969511367 1.0986534608528 0.982528390130028 1.25373742147349 1.86772822029889 0.948920170776546 1.04466815246269 1.25682677328587 0.919653296470642 1.45523881237023 1.01587798725814 0.959045744966716 1.83636357379146 1.33231230825186
1.45551063399762 0 1.88728072517551 0.96436225483194 1.38770730351098 1.51001543714665 1.75477015180513 1.59843065659516 0.952934767119586 1.6738473426085 1.67679048143327 1.8519031915348 1.872330250917 1.23530255421065 1.82958433125168 1.28539932169951 1.01971853524446 1.73817066662014 1.89441863866523 1.87521353596821 1.8460995699279 1.57174427807331 1.12126562348567 1.03993591736071 1.52430979511701 1.23672941070981 1.27948749717325 1.09440832701512 1.41227556578815 1.73101837397553
1.89005931071006 1.88728072517551 0 1.71823542774655 1.68056792905554 1.41834777104668 1.13439896609634 1.11251435033046 1.59008282306604 1.74717940576375 1.70306547684595 1.90135844633915 1.66879376908764 1.75135788810439 1.51298856944777 1.57199313142337 1.49736535362899 1.16263165371493 0.932266618590802 1.88754473160952 1.08802871382795 1.06263623666018 1.32434928510338 1.23184405011125 1.46192282228731 1.41631708457135 1.50551421497948 0.955031932098791 1.46609364496544 1.43754667416215
1.23450093576685 0.96436225483194 1.71823542774655 0 1.62675366550684 1.60564291523769 0.925091204466298 1.69705913076177 1.84180088480935 1.18405909370631 1.0403907771688 1.05231523583643 1.55009396793321 1.76675822911784 1.52028366667219 1.51721453946084 1.80932638584636 1.20150658674538 1.22112975153141 1.2003765234258 0.933656870853156 1.79464293527417 1.7866053073667 0.950346991885453 1.62811436504126 1.08403612743132 1.49620189191774 0.983085750369355 1.1684588289354 1.14505232544616
1.01284160558134 1.38770730351098 1.68056792905554 1.62675366550684 0 1.04087723745033 1.07742474297993 1.43147362559102 1.88937850040384 1.75505549134687 1.2954043073114 1.23898427910171 1.18487370363437 1.48425314249471 1.37577425385825 1.87181616784073 1.1112350798212 1.03050573915243 0.96760005899705 1.24866953282617 1.73348606564105 1.19844535808079 1.75467363698408 1.36419943347573 1.52223336487077 1.12063374835998 1.10451116971672 1.01788881397806 1.04568379675038 1.85983803751878
1.80317768547684 1.51001543714665 1.41834777104668 1.60564291523769 1.04087723745033 0 1.21577265718952 1.07404215820134 0.948115464532748 1.21368296747096 1.78109104675241 1.80115293338895 0.987122418126091 1.12898679939099 1.32860636105761 1.56667987746187 1.54002226609737 1.57178345113061 1.90153279271908 0.990789824398234 0.983733549248427 1.20901312190108 1.75547119579278 1.30244609690271 1.46068295743316 1.05857080616988 1.19179552281275 1.21767713362351 0.991345116170123 1.70043734647334
1.01792535861023 1.75477015180513 1.13439896609634 0.925091204466298 1.07742474297993 1.21577265718952 0 1.06336669484153 1.4722895596642 1.00224781828001 1.24397529405542 1.77304830565117 1.87960180919617 1.59945916221477 1.74215829418972 0.993138444377109 1.41862836224027 1.59942683321424 1.42242197412997 0.9490590991918 0.983608134556562 1.8649773041252 0.926237883977592 1.30048430454917 1.67315783211961 1.21970586595125 1.26011327118613 1.31506123254076 1.05539721786045 1.14735642471351
1.38871871400625 1.59843065659516 1.11251435033046 1.69705913076177 1.43147362559102 1.07404215820134 1.06336669484153 0 1.90446076751687 1.4471089518629 1.34400308853947 0.944465165259317 1.2279403063003 1.53419524640776 1.15831299358979 1.67548973206431 1.0557772803586 1.84076990117319 1.15355252358131 1.69991653878242 1.62402212596498 1.60857638553716 0.943293286021799 1.14764481619932 0.934641039231792 1.44645905378275 1.10681682522409 1.53671460459009 0.960187407908961 1.11351095093414
1.47186053311452 0.952934767119586 1.59008282306604 1.84180088480935 1.88937850040384 0.948115464532748 1.4722895596642 1.90446076751687 0 0.909548432566226 1.16075018839911 1.18031172221527 1.31042086845264 1.79053025692701 1.08264206536114 1.12345116934739 1.45808490063064 0.933765229070559 1.4355892103631 1.48706434154883 1.74276901152916 1.62692004488781 0.971255801385269 1.57469925307669 1.4977137518581 1.49071490881033 1.05157232680358 1.38017796818167 1.21488274238072 1.33167068962939
0.942637671018019 1.6738473426085 1.74717940576375 1.18405909370631 1.75505549134687 1.21368296747096 1.00224781828001 1.4471089518629 0.909548432566226 0 1.58401198452339 1.10052150976844 0.960357764037326 1.7877168469131 1.77535912394524 1.70592074887827 1.24218210112303 1.29707308067009 1.7090964296367 0.935780716128647 1.07881177635863 1.8048593364656 1.09114478109404 1.31617285707034 1.55050389026292 1.02333600679412 1.8706718464382 1.30254602641799 1.40916068083607 1.12203066190705
1.18019642750733 1.67679048143327 1.70306547684595 1.0403907771688 1.2954043073114 1.78109104675241 1.24397529405542 1.34400308853947 1.16075018839911 1.58401198452339 0 1.36676488257945 1.88653736864217 1.77473072288558 0.96691087144427 1.14706509141251 1.66138580627739 1.11368744377978 1.74103099945933 1.63880746765062 1.50972035806626 1.34617577143945 1.09271725337021 1.36006028647535 1.90036398312077 1.81455596257001 1.6927179377526 1.38772996840999 1.10925803193823 1.68724774010479
1.13208142621443 1.8519031915348 1.90135844633915 1.05231523583643 1.23898427910171 1.80115293338895 1.77304830565117 0.944465165259317 1.18031172221527 1.10052150976844 1.36676488257945 0 1.16404831968248 0.914733083453029 1.73190521076322 1.03536945651285 1.60658558877185 1.35160929569975 1.35923129669391 1.79937210236676 1.6031101369299 1.04251685878262 1.03100099088624 1.46271894359961 1.32111182971857 1.44211359554902 1.56853521289304 1.79757371731102 1.29473767825402 1.37337638181634
1.63119721389376 1.872330250917 1.66879376908764 1.55009396793321 1.18487370363437 0.987122418126091 1.87960180919617 1.2279403063003 1.31042086845264 0.960357764037326 1.88653736864217 1.16404831968248 0 1.67065906105563 1.35082490951754 1.33376370347105 1.82627785485238 0.961584727279842 1.84996837959625 1.11601916328073 1.0174947232008 1.37754783593118 1.68228617263958 1.16625329758972 1.38975840294734 0.998599498299882 1.07974845240824 1.43267181352712 1.70979209593497 1.32767373020761
1.73674086364917 1.23530255421065 1.75135788810439 1.76675822911784 1.48425314249471 1.12898679939099 1.59945916221477 1.53419524640776 1.79053025692701 1.7877168469131 1.77473072288558 0.914733083453029 1.67065906105563 0 1.29882665141486 0.932204388547689 0.985972506459802 1.60717994812876 1.24270946555771 1.53567018313333 1.69258248386905 0.914767216192558 1.4619278437458 0.936981407692656 1.03100145817734 0.942830809392035 1.61421240516938 1.57268189941533 1.50873657129705 1.17162388283759
1.54193161334842 1.82958433125168 1.51298856944777 1.52028366667219 1.37577425385825 1.32860636105761 1.74215829418972 1.15831299358979 1.08264206536114 1.77535912394524 0.96691087144427 1.73190521076322 1.35082490951754 1.29882665141486 0 1.87877303315327 1.42023070296273 1.68269023555331 0.960662342142314 1.24297875631601 1.08716705394909 1.70415861508809 1.78496662457474 0.976153082679957 1.17532771173865 1.31606279779226 1.60152547736652 1.0635822317563 1.10070606530644 1.14612859045155
1.4860496383626 1.28539932169951 1.57199313142337 1.51721453946084 1.87181616784073 1.56667987746187 0.993138444377109 1.67548973206431 1.12345116934739 1.70592074887827 1.14706509141251 1.03536945651285 1.33376370347105 0.932204388547689 1.87877303315327 0 1.72077874070965 0.994371400680393 1.12225810647942 1.81952847191133 1.63439411646686 1.71872616698965 1.19339003879577 1.57182240439579 1.89041620190255 1.22538739582524 1.61131477425806 1.18926100665703 1.18845395883545 1.78047455265187
1.21579969511367 1.01971853524446 1.49736535362899 1.80932638584636 1.1112350798212 1.54002226609737 1.41862836224027 1.0557772803586 1.45808490063064 1.24218210112303 1.66138580627739 1.60658558877185 1.82627785485238 0.985972506459802 1.42023070296273 1.72077874070965 0 1.52112316410057 1.05250684148632 1.11720861447975 1.00161981396377 1.16089376737364 1.13617612654343 1.75901241623797 1.47413177182898 1.8036525407806 1.68876822013408 1.07128069875762 1.15159823140129 1.83241331274621
1.0986534608528 1.73817066662014 1.16263165371493 1.20150658674538 1.03050573915243 1.57178345113061 1.59942683321424 1.84076990117319 0.933765229070559 1.29707308067009 1.11368744377978 1.35160929569975 0.961584727279842 1.60717994812876 1.68269023555331 0.994371400680393 1.52112316410057 0 1.72447745804675 0.920554095646366 1.54982588416897 1.13600730989128 1.77756544807926 1.18914995458908 1.75163701106794 0.952252003364265 1.56981039559469 1.81790534500033 1.2233812471386 1.59876963635907
0.982528390130028 1.89441863866523 0.932266618590802 1.22112975153141 0.96760005899705 1.90153279271908 1.42242197412997 1.15355252358131 1.4355892103631 1.7090964296367 1.74103099945933 1.35923129669391 1.84996837959625 1.24270946555771 0.960662342142314 1.12225810647942 1.05250684148632 1.72447745804675 0 1.61305779730901 0.967731757089496 1.31992186116986 1.62303577153943 1.60032565006986 1.33691853657365 1.65030283131637 1.90412623039447 1.67727568699047 1.39177416777238 1.36397970165126
1.25373742147349 1.87521353596821 1.88754473160952 1.2003765234258 1.24866953282617 0.990789824398234 0.9490590991918 1.69991653878242 1.48706434154883 0.935780716128647 1.63880746765062 1.79937210236676 1.11601916328073 1.53567018313333 1.24297875631601 1.81952847191133 1.11720861447975 0.920554095646366 1.61305779730901 0 1.77915311185643 1.74323228350841 1.59103379864246 1.3537705456838 1.1693937482778 1.57122132065706 1.7695836329367 1.42248244723305 1.31944881821983 1.47577386652119
1.86772822029889 1.8460995699279 1.08802871382795 0.933656870853156 1.73348606564105 0.983733549248427 0.983608134556562 1.62402212596498 1.74276901152916 1.07881177635863 1.50972035806626 1.6031101369299 1.0174947232008 1.69258248386905 1.08716705394909 1.63439411646686 1.00161981396377 1.54982588416897 0.967731757089496 1.77915311185643 0 0.938214760739356 1.50204411614686 1.00041360012256 1.81313106347807 1.75213092309423 1.60654801130295 1.63347096648067 1.05884997406974 1.011367586907
0.948920170776546 1.57174427807331 1.06263623666018 1.79464293527417 1.19844535808079 1.20901312190108 1.8649773041252 1.60857638553716 1.62692004488781 1.8048593364656 1.34617577143945 1.04251685878262 1.37754783593118 0.914767216192558 1.70415861508809 1.71872616698965 1.16089376737364 1.13600730989128 1.31992186116986 1.74323228350841 0.938214760739356 0 1.48792343633249 1.07778214942664 1.24013705877587 1.85759802558459 1.52757464163005 1.61995168868452 1.41430370835587 1.17688961303793
1.04466815246269 1.12126562348567 1.32434928510338 1.7866053073667 1.75467363698408 1.75547119579278 0.926237883977592 0.943293286021799 0.971255801385269 1.09114478109404 1.09271725337021 1.03100099088624 1.68228617263958 1.4619278437458 1.78496662457474 1.19339003879577 1.13617612654343 1.77756544807926 1.62303577153943 1.59103379864246 1.50204411614686 1.48792343633249 0 1.67150856275111 1.10872390656732 1.12344687455334 1.40437662834302 1.24423645902425 1.70817125798203 1.53474536421709
1.25682677328587 1.03993591736071 1.23184405011125 0.950346991885453 1.36419943347573 1.30244609690271 1.30048430454917 1.14764481619932 1.57469925307669 1.31617285707034 1.36006028647535 1.46271894359961 1.16625329758972 0.936981407692656 0.976153082679957 1.57182240439579 1.75901241623797 1.18914995458908 1.60032565006986 1.3537705456838 1.00041360012256 1.07778214942664 1.67150856275111 0 0.984444500878453 1.79047466255724 1.47801164328121 1.72348357434385 1.13931026868522 1.02577172010206
0.919653296470642 1.52430979511701 1.46192282228731 1.62811436504126 1.52223336487077 1.46068295743316 1.67315783211961 0.934641039231792 1.4977137518581 1.55050389026292 1.90036398312077 1.32111182971857 1.38975840294734 1.03100145817734 1.17532771173865 1.89041620190255 1.47413177182898 1.75163701106794 1.33691853657365 1.1693937482778 1.81313106347807 1.24013705877587 1.10872390656732 0.984444500878453 0 1.01844382402487 0.975590568734333 1.7014523211401 1.81482673739083 1.41286487551406
1.45523881237023 1.23672941070981 1.41631708457135 1.08403612743132 1.12063374835998 1.05857080616988 1.21970586595125 1.44645905378275 1.49071490881033 1.02333600679412 1.81455596257001 1.44211359554902 0.998599498299882 0.942830809392035 1.31606279779226 1.22538739582524 1.8036525407806 0.952252003364265 1.65030283131637 1.57122132065706 1.75213092309423 1.85759802558459 1.12344687455334 1.79047466255724 1.01844382402487 0 1.18197783501819 1.21604573167861 1.65056196041405 1.65362272528
1.01587798725814 1.27948749717325 1.50551421497948 1.49620189191774 1.10451116971672 1.19179552281275 1.26011327118613 1.10681682522409 1.05157232680358 1.8706718464382 1.6927179377526 1.56853521289304 1.07974845240824 1.61421240516938 1.60152547736652 1.61131477425806 1.68876822013408 1.56981039559469 1.90412623039447 1.7695836329367 1.60654801130295 1.52757464163005 1.40437662834302 1.47801164328121 0.975590568734333 1.18197783501819 0 0.931839112425223 0.972940866602585 1.17192688351497
0.959045744966716 1.09440832701512 0.955031932098791 0.983085750369355 1.01788881397806 1.21767713362351 1.31506123254076 1.53671460459009 1.38017796818167 1.30254602641799 1.38772996840999 1.79757371731102 1.43267181352712 1.57268189941533 1.0635822317563 1.18926100665703 1.07128069875762 1.81790534500033 1.67727568699047 1.42248244723305 1.63347096648067 1.61995168868452 1.24423645902425 1.72348357434385 1.7014523211401 1.21604573167861 0.931839112425223 0 1.20210145716555 1.60868663224392
1.83636357379146 1.41227556578815 1.46609364496544 1.1684588289354 1.04568379675038 0.991345116170123 1.05539721786045 0.960187407908961 1.21488274238072 1.40916068083607 1.10925803193823 1.29473767825402 1.70979209593497 1.50873657129705 1.10070606530644 1.18845395883545 1.15159823140129 1.2233812471386 1.39177416777238 1.31944881821983 1.05884997406974 1.41430370835587 1.70817125798203 1.13931026868522 1.81482673739083 1.65056196041405 0.972940866602585 1.20210145716555 0 1.22650477127172
1.33231230825186 1.73101837397553 1.43754667416215 1.14505232544616 1.85983803751878 1.70043734647334 1.14735642471351 1.11351095093414 1.33167068962939 1.12203066190705 1.68724774010479 1.37337638181634 1.32767373020761 1.17162388283759 1.14612859045155 1.78047455265187 1.83241331274621 1.59876963635907 1.36397970165126 1.47577386652119 1.011367586907 1.17688961303793 1.53474536421709 1.02577172010206 1.41286487551406 1.65362272528 1.17192688351497 1.60868663224392 1.22650477127172 0
