0 1.53842432168312 1.42023424943909 1.37661850266159 1.11138447117992 1.74337142938748 1.74793065735139 1.52905107219703 1.45513423765078 1.57355360710062 1.70174062647857 1.07566784135997 0.962107724044472 1.73373249731958 1.20226280414499 1.05065724789165 1.36208149068989 1.23053591023199 1.01490549766459 1.62615918274969 1.38087311782874 1.45216429699212 1.46038922853768 0.944165544584394 1.77542245876975 1.06683388934471 1.76297285966575 1.44302977481857 0.955879479879513 1.05053992266767
1.53842432168312 0 1.55364822759293 1.11635731393471 1.80021247174591 1.58042800426483 1.82920439750887 1.10732830944471 1.52593133132905 1.12568769557402 1.13729588105343 1.07514743646607 1.35413105436601 1.31029725447297 1.75629731267691 1.50850741378963 1.8171179946512 1.52742545027286 1.84227518504485 1.13163001742214 1.02622617664747 1.39303340273909 1.39742444991134 1.24606378981844 1.01896257628687 1.0408667777665 1.76020961604081 1.22222575498745 1.54280560999177 1.13485239562578
1.42023424943909 1.55364822759293 0 0.931853158865124 1.90564371226355 1.2564598179888 1.22516855411232 1.8164066427853 1.65891151223332 1.10906990151852 1.69473373144865 1.44724695337936 1.82078920840286 1.86853936966509 1.49621577421203 1.64517353638075 0.965382711961865 1.41830900753848 1.57833489170298 1.3526791210752 1.82856458588503 1.81186815304682 1.83786927326582 1.51733584934846 1.28373516607098 1.64678667997941 1.85868637287058 1.89503451320343 1.18706002039835 0.938213960034773
1.37661850266159 1.11635731393471 0.931853158865124 0 1.62708808109164 1.75566875794902 1.60731279104948 1.5788193824701 0.983978760195896 1.04009852628224 1.73824260360561 1.24497134168632 1.03563641663641 0.966530546545982 0.963332050479949 1.75358284288086 1.7512438648846 0.957981922663748 1.47746310103685 1.43403082131408 1.51498463074677 1.69765215902589 1.14477481599897 1.44943085475825 1.88091521477327 1.72678801580332 1.26484110788442 1.66662813979201 1.43349668569863 1.10158636793494
1.11138447117992 1.80021247174591 1.90564371226355 1.62708808109164 0 1.32650748034939 1.84670729632489 1.06647612852976 1.45297458022833 1.65876607899554 1.62543337326497 1.88619506731629 1.12223723041825 1.73533682641573 1.84759479877539 0.942787075648084 1.41480035171844 1.3778232417535 1.8479388335254 1.41900731716305 1.09305230365135 1.19772810931318 1.70029966323636 0.961393090663478 1.61260749283247 1.65733982971869 1.62548153544776 1.60918345442042 1.21382851945236 1.20010472577997
1.74337142938748 1.58042800426483 1.2564598179888 1.75566875794902 1.32650748034939 0 1.13951383088715 1.26817368599586 0.946430708747357 0.939126472454518 1.7129350642208 1.2784940355923 1.53410605341196 1.20837463042699 1.72355710016564 1.5974125994835 1.70290817739442 1.32526066992432 1.72328618820757 1.04490627208725 1.26791594177485 1.25315067358315 1.00091980420984 1.48025330621749 1.86277572740801 1.63976922770962 1.89818519097753 1.07918482087553 1.70271424087696 1.15512043354101
1.74793065735139 1.82920439750887 1.22516855411232 1.60731279104948 1.84670729632489 1.13951383088715 0 1.87136157159694 0.963235400849953 1.05829551559873 1.76440385961905 1.02107309852727 1.07046733004972 0.965472312411293 1.28286926564761 1.82634886913002 1.40590370167047 1.65863313991576 1.81880697095767 1.45778413396329 1.39294523070566 1.64656811882742 1.54808086995035 1.13828669744544 0.950119680259377 1.65017134486698 1.71297365822829 1.21847186470404 1.80529979430139 1.5594775066711
1.52905107219703 1.10732830944471 1.8164066427853 1.5788193824701 1.06647612852976 1.26817368599586 1.87136157159694 0 1.42480852175504 1.28200535196811 1.74240668397397 1.23851675610058 1.48835683427751 1.69098980003037 1.21208916348405 1.23546458710916 1.29086068668403 1.50578153436072 1.62730186851695 1.0321670952253 1.91847790498286 1.74937334912829 1.07299637538381 1.18569841026329 1.31127848988399 1.6823273729533 1.05393249331973 1.31761602591723 1.71402296493761 1.20136216515675
1.45513423765078 1.52593133132905 1.65891151223332 0.983978760195896 1.45297458022833 0.946430708747357 0.963235400849953 1.42480852175504 0 1.71616297331639 1.91112172207795 1.6894384403713 1.63501093210652 1.85088780126534 1.87227830197662 1.2978524111677 1.79634378734045 1.00173157942481 1.14468779275194 1.36693417653441 1.16354719712399 0.989832734689116 1.24731200095266 1.42646030033939 1.73930175974965 1.76922667585313 1.35311972652562 1.26040739333257 0.998440335504711 1.86352886632085
1.57355360710062 1.12568769557402 1.10906990151852 1.04009852628224 1.65876607899554 0.939126472454518 1.05829551559873 1.28200535196811 1.71616297331639 0 1.8512294832617 1.31271367450245 1.3567158668302 1.27466913918033 1.84603339224122 1.63373130746186 1.36893039243296 1.77174110524356 0.973999997135252 1.48926613619551 1.26049228804186 1.31697538401932 1.35627863975242 1.49931468488649 1.22644885163754 0.935264198342338 1.86397196445614 1.30173353478312 0.994764131493866 1.8556258501485
1.70174062647857 1.13729588105343 1.69473373144865 1.73824260360561 1.62543337326497 1.7129350642208 1.76440385961905 1.74240668397397 1.91112172207795 1.8512294832617 0 1.03369761980139 1.71461329888552 1.42463034228422 1.21743161231279 1.22621552087367 1.86722109769471 1.59158581728116 1.18393731210381 1.48301225225441 1.38449308602139 1.86306649446487 1.24712001974694 1.30397652531974 1.60082907020114 1.71683003590442 1.29431905574165 1.28945237887092 1.60434395703487 1.0945560943801
1.07566784135997 1.07514743646607 1.44724695337936 1.24497134168632 1.88619506731629 1.2784940355923 1.02107309852727 1.23851675610058 1.6894384403713 1.31271367450245 1.03369761980139 0 1.79300934681669 1.72943612653762 1.20169922546484 1.4317415212281 1.54453926044516 1.09788439539261 0.965204645181075 1.77420210768469 0.94053837750107 1.06114826002158 1.56435742857866 1.56393923051655 1.58116238447838 1.92319029290229 1.29767983709462 1.15317739802413 1.39209267660044 1.42330817412585
0.962107724044472 1.35413105436601 1.82078920840286 1.03563641663641 1.12223723041825 1.53410605341196 1.07046733004972 1.48835683427751 1.63501093210652 1.3567158668302 1.71461329888552 1.79300934681669 0 1.1211038173642 1.25066742184572 1.40234377817251 1.09500647312962 1.71897736773826 1.24864616105333 1.29961872822605 1.41997853619978 1.73277403227985 1.02512397384271 1.37187014729716 1.25574324699119 1.34151171101257 1.90216167760082 1.05800021416508 0.94848110107705 1.8172525758855
1.73373249731958 1.31029725447297 1.86853936966509 0.966530546545982 1.73533682641573 1.20837463042699 0.965472312411293 1.69098980003037 1.85088780126534 1.27466913918033 1.42463034228422 1.72943612653762 1.1211038173642 0 1.60659541678615 1.0377070766408 1.44093958102167 1.60137520683929 1.31875031813979 1.83339738612995 1.08425383619033 0.954025387065485 1.33728543459438 1.73608899535611 1.82544395211153 1.57565820217133 1.00506932265125 1.67425869219005 1.30736013315618 1.18022864777595
1.20226280414499 1.75629731267691 1.49621577421203 0.963332050479949 1.84759479877539 1.72355710016564 1.28286926564761 1.21208916348405 1.87227830197662 1.84603339224122 1.21743161231279 1.20169922546484 1.25066742184572 1.60659541678615 0 1.90534757007845 1.20756181236356 1.60955769056454 1.54473432013765 1.54559696814977 1.74350077332929 1.43302599177696 1.8389014264103 1.04376813978888 0.961315766675398 0.966946505941451 1.11828772258013 1.35823340434581 1.75567906792276 1.57876372081228
1.05065724789165 1.50850741378963 1.64517353638075 1.75358284288086 0.942787075648084 1.5974125994835 1.82634886913002 1.23546458710916 1.2978524111677 1.63373130746186 1.22621552087367 1.4317415212281 1.40234377817251 1.0377070766408 1.90534757007845 0 1.45123994885944 1.25850958796218 1.48006150033325 1.20326706930064 1.58711173757911 1.34438809170388 0.978110649855807 1.24750979617238 1.05760097387247 1.19669502880424 1.1619580774568 1.16444226540625 1.51641425653361 1.66293588047847
1.36208149068989 1.8171179946512 0.965382711961865 1.7512438648846 1.41480035171844 1.70290817739442 1.40590370167047 1.29086068668403 1.79634378734045 1.36893039243296 1.86722109769471 1.54453926044516 1.09500647312962 1.44093958102167 1.20756181236356 1.45123994885944 0 1.89389855065383 1.26882539875805 0.945928910048679 1.61887458059937 1.34393014060333 0.997748067835346 1.49294288875535 1.6950873460155 1.64014442288317 1.28502748836763 1.6270174307283 1.06183995283209 1.88857211801223
1.23053591023199 1.52742545027286 1.41830900753848 0.957981922663748 1.3778232417535 1.32526066992432 1.65863313991576 1.50578153436072 1.00173157942481 1.77174110524356 1.59158581728116 1.09788439539261 1.71897736773826 1.60137520683929 1.60955769056454 1.25850958796218 1.89389855065383 0 1.55378437624313 1.20724667422473 1.54586067912169 1.28535841754638 0.939382434589788 1.34817586210556 1.23316473886371 1.3814938981086 1.34809473203495 1.16665765782818 1.01991486549377 1.67985642375425
1.01490549766459 1.84227518504485 1.57833489170298 1.47746310103685 1.8479388335254 1.72328618820757 1.81880697095767 1.62730186851695 1.14468779275194 0.973999997135252 1.18393731210381 0.965204645181075 1.24864616105333 1.31875031813979 1.54473432013765 1.48006150033325 1.26882539875805 1.55378437624313 0 1.09024961921386 0.956893869210035 1.17320601642132 1.18925245688297 1.57401956245303 1.56938703265041 1.82624003407545 1.43116925866343 1.92039606999606 1.88806244707666 1.57407349254936
1.62615918274969 1.13163001742214 1.3526791210752 1.43403082131408 1.41900731716305 1.04490627208725 1.45778413396329 1.0321670952253 1.36693417653441 1.48926613619551 1.48301225225441 1.77420210768469 1.29961872822605 1.83339738612995 1.54559696814977 1.20326706930064 0.945928910048679 1.20724667422473 1.09024961921386 0 1.21272020624019 1.73762702429667 1.20592833869159 1.66329828300513 1.00043001351878 1.07693196064793 1.18763399287127 1.68981298641302 1.6395438152831 1.22103499784134
1.38087311782874 1.02622617664747 1.82856458588503 1.51498463074677 1.09305230365135 1.26791594177485 1.39294523070566 1.91847790498286 1.16354719712399 1.26049228804186 1.38449308602139 0.94053837750107 1.41997853619978 1.08425383619033 1.74350077332929 1.58711173757911 1.61887458059937 1.54586067912169 0.956893869210035 1.21272020624019 0 0.985383524792269 1.19761676085182 1.26593329245225 1.89387953351252 1.66979054152034 1.02080583409406 1.16150507354178 1.59269621432759 1.09677486657165
1.45216429699212 1.39303340273909 1.81186815304682 1.69765215902589 1.19772810931318 1.25315067358315 1.64656811882742 1.74937334912829 0.989832734689116 1.31697538401932 1.86306649446487 1.06114826002158 1.73277403227985 0.954025387065485 1.43302599177696 1.34438809170388 1.34393014060333 1.28535841754638 1.17320601642132 1.73762702429667 0.985383524792269 0 1.24038096307777 1.1577925812453 1.1982057322748 1.05823386996053 1.80092544597574 1.84739831276238 0.944854598259553 1.66055746981874
1.46038922853768 1.39742444991134 1.83786927326582 1.14477481599897 1.70029966323636 1.00091980420984 1.54808086995035 1.07299637538381 1.24731200095266 1.35627863975242 1.24712001974694 1.56435742857866 1.02512397384271 1.33728543459438 1.8389014264103 0.978110649855807 0.997748067835346 0.939382434589788 1.18925245688297 1.20592833869159 1.19761676085182 1.24038096307777 0 1.77532151690684 1.88324240129441 1.39061088720337 1.35334992664866 1.13849621615373 1.68882645387203 1.26217172900215
0.944165544584394 1.24606378981844 1.51733584934846 1.44943085475825 0.961393090663478 1.48025330621749 1.13828669744544 1.18569841026329 1.42646030033939 1.49931468488649 1.30397652531974 1.56393923051655 1.37187014729716 1.73608899535611 1.04376813978888 1.24750979617238 1.49294288875535 1.34817586210556 1.57401956245303 1.66329828300513 1.26593329245225 1.1577925812453 1.77532151690684 0 1.03851205320098 1.479252476478 1.90560349798761 1.84628679882735 1.10201055253856 1.82680745702237
1.77542245876975 1.01896257628687 1.28373516607098 1.88091521477327 1.61260749283247 1.86277572740801 0.950119680259377 1.31127848988399 1.73930175974965 1.22644885163754 1.60082907020114 1.58116238447838 1.25574324699119 1.82544395211153 0.961315766675398 1.05760097387247 1.6950873460155 1.23316473886371 1.56938703265041 1.00043001351878 1.89387953351252 1.1982057322748 1.88324240129441 1.03851205320098 0 1.39945868472569 1.7172779487446 1.63146381219849 0.953137160046026 1.84432767867111
1.06683388934471 1.0408667777665 1.64678667997941 1.72678801580332 1.65733982971869 1.63976922770962 1.65017134486698 1.6823273729533 1.76922667585313 0.935264198342338 1.71683003590442 1.92319029290229 1.34151171101257 1.57565820217133 0.966946505941451 1.19669502880424 1.64014442288317 1.3814938981086 1.82624003407545 1.07693196064793 1.66979054152034 1.05823386996053 1.39061088720337 1.479252476478 1.39945868472569 0 1.03587645362131 1.60594298620708 1.3343222704716 1.14443942881189
1.76297285966575 1.76020961604081 1.85868637287058 1.26484110788442 1.62548153544776 1.89818519097753 1.71297365822829 1.05393249331973 1.35311972652562 1.86397196445614 1.29431905574165 1.29767983709462 1.90216167760082 1.00506932265125 1.11828772258013 1.1619580774568 1.28502748836763 1.34809473203495 1.43116925866343 1.18763399287127 1.02080583409406 1.80092544597574 1.35334992664866 1.90560349798761 1.7172779487446 1.03587645362131 0 1.57675432832912 0.953680576523766 1.58443651371635
1.44302977481857 1.22222575498745 1.89503451320343 1.66662813979201 1.60918345442042 1.07918482087553 1.21847186470404 1.31761602591723 1.26040739333257 1.30173353478312 1.28945237887092 1.15317739802413 1.05800021416508 1.67425869219005 1.35823340434581 1.16444226540625 1.6270174307283 1.16665765782818 1.92039606999606 1.68981298641302 1.16150507354178 1.84739831276238 1.13849621615373 1.84628679882735 1.63146381219849 1.60594298620708 1.57675432832912 0 1.74777869996615 0.997588423779234
0.955879479879513 1.54280560999177 1.18706002039835 1.43349668569863 1.21382851945236 1.70271424087696 1.80529979430139 1.71402296493761 0.998440335504711 0.994764131493866 1.60434395703487 1.39209267660044 0.94848110107705 1.30736013315618 1.75567906792276 1.51641425653361 1.06183995283209 1.01991486549377 1.88806244707666 1.6395438152831 1.59269621432759 0.944854598259553 1.68882645387203 1.10201055253856 0.953137160046026 1.3343222704716 0.953680576523766 1.74777869996615 0 1.33230845187791
1.05053992266767 1.13485239562578 0.938213960034773 1.10158636793494 1.20010472577997 1.15512043354101 1.5594775066711 1.20136216515675 1.86352886632085 1.8556258501485 1.0945560943801 1.42330817412585 1.8172525758855 1.18022864777595 1.57876372081228 1.66293588047847 1.88857211801223 1.67985642375425 1.57407349254936 1.22103499784134 1.09677486657165 1.66055746981874 1.26217172900215 1.82680745702237 1.84432767867111 1.14443942881189 1.58443651371635 0.997588423779234 1.33230845187791 0
