0 1.66117608943023 1.89614802529104 1.21077091246843 1.46730991173536 1.40833346778527 1.8399869077839 1.02549969311804 0.951447111554444 1.65599720180035 1.48851958173327 0.972784801386297 1.85068980441429 1.59569972637109 1.74625644343905 1.87531647901051 1.37033294583671 1.41251089144498 1.62698877160437 1.06720972643234 1.60251148603857 1.4333116915077 1.23261268343776 1.81603193306364 1.46224497188814 1.72728605614975 1.24968497850932 1.07807183475234 1.30166714708321 1.39076961413957
1.66117608943023 0 1.60626231995411 1.3838941543363 1.91853408608586 1.71725582913496 1.70842032809742 1.70626496616751 1.6175599291455 0.999258687254041 1.24551193951629 1.7219367318321 0.987669770140201 1.06786964391358 1.9295550188981 1.42949109408073 1.16131561482325 1.88118075905368 1.41776691703126 1.72049061092548 1.12220146553591 1.67650237423368 1.06631913594902 1.06868634116836 1.86238448671065 1.90461130603217 0.968284411821514 1.8181155603379 1.87450117850676 1.18041654722765
1.89614802529104 1.60626231995411 0 1.81720888754353 1.25493357190862 1.74631392629817 1.8872212250717 1.6512183083687 1.5829281413462 1.22439799271524 1.41826271475293 1.57859296631068 1.45098529057577 1.3207157808356 1.6049102479592 1.59351553278975 1.93571299035102 1.74313734355383 1.1642427360639 1.04762207437307 1.09804637497291 1.06485169706866 1.49021904380061 1.2219861659687 1.66312234080397 1.62847427651286 1.4089098139666 1.51048911875114 1.54537758417428 1.08059974876232
1.21077091246843 1.3838941543363 1.81720888754353 0 1.68653709255159 1.27318031713367 1.61856567417271 1.72349463170394 1.53413915331475 1.14753885217942 1.04930768720806 1.43982979957946 1.56157152820379 1.89290492399596 1.61320515768602 1.57665445655584 1.0320424453821 1.70454792282544 1.48944573430344 1.46732443664223 1.25405724672601 0.997584454948083 1.68301827157848 1.21566145634279 0.948014369001612 1.15928238816559 1.08499654615298 0.955368723953143 1.28288789186627 1.50322586135007
1.46730991173536 1.91853408608586 1.25493357190862 1.68653709255159 0 1.60537650226615 1.06958362995647 1.60422940505669 1.35128181986511 1.60410685115494 1.22618467314169 1.77790312864818 1.31209345650859 1.52288426458836 1.0337450588122 1.51538226264529 1.34816309646703 1.10926475166343 1.85267807450145 1.39719737833366 1.04850667645223 1.81763175269589 1.86044887825847 1.08713436964899 1.82539635454305 1.50599316693842 1.52245687297545 1.34608818381093 1.60169883607887 1.74524754565209
1.40833346778527 1.71725582913496 1.74631392629817 1.27318031713367 1.60537650226615 0 1.51186772319488 1.67065424495377 1.11654241988435 1.8388541743625 1.419950224692 1.76646504807286 1.8015086282976 1.87516919244081 1.56729177036323 1.56817383621819 1.38267514691688 1.47610088367946 1.43817320489325 1.53027905407362 1.07368892733939 1.25257295300253 1.32321004825644 1.86658869078383 1.48266980564222 1.34309674566612 1.02711116545834 1.02389998431318 1.08725549420342 1.26143500278704
1.8399869077839 1.70842032809742 1.8872212250717 1.61856567417271 1.06958362995647 1.51186772319488 0 1.73296891641803 1.72569253947586 1.32374727376737 1.02614833856933 1.84457569639198 1.2145363537129 1.19056399096735 1.00345036759973 1.1646644086577 1.26862451736815 1.76166237820871 1.20853188843466 1.2569064272102 1.7556189680472 1.30479716439731 1.26205454091541 1.24260396673344 1.45231894450262 1.17886674660258 1.05757643887773 1.69487590529025 1.16069936729036 1.71565724676475
1.02549969311804 1.70626496616751 1.6512183083687 1.72349463170394 1.60422940505669 1.67065424495377 1.73296891641803 0 1.76913721207529 1.47801316878758 1.53001256566495 1.4368809396401 1.88937138975598 0.965217262273654 1.53912740363739 1.8938602975104 1.50534187885933 1.24188188533299 1.57420203904621 1.83948717080057 1.44889268698171 1.67891310947016 1.76588949747384 1.13559071416967 1.48414827417582 0.999842433724552 1.37791862734593 1.85214213421568 1.00776785891503 1.18147637415677
0.951447111554444 1.6175599291455 1.5829281413462 1.53413915331475 1.35128181986511 1.11654241988435 1.72569253947586 1.76913721207529 0 1.56613665865734 1.42589570232667 1.30672544776462 1.21148550650105 1.64639703254215 1.21094737644307 1.45082592614926 1.32033008825965 1.66904528602026 1.79438817733899 1.81728456611745 1.38326843036339 1.81955620856024 1.10186768067069 1.56871071690693 1.68081450485624 1.79861128237098 1.83473163936287 0.999911905499175 1.35853620665148 1.14663083059713
1.65599720180035 0.999258687254041 1.22439799271524 1.14753885217942 1.60410685115494 1.8388541743625 1.32374727376737 1.47801316878758 1.56613665865734 0 1.89610122190788 1.47372636361979 1.01290410896763 0.962936910800636 1.65494063403457 1.44957941072062 1.81810015183873 1.81993049453013 1.3210662798956 1.25382860889658 1.41874602786265 1.45236436254345 1.35507705202326 1.14442373020574 1.26773797371425 1.9269339425955 1.40805173991248 1.03609595843591 1.4510388453491 1.17703003250062
1.48851958173327 1.24551193951629 1.41826271475293 1.04930768720806 1.22618467314169 1.419950224692 1.02614833856933 1.53001256566495 1.42589570232667 1.89610122190788 0 1.75831044022925 1.56962807080708 1.89120242185891 1.88405708922073 1.8669325329829 1.93593102297746 1.46718281321228 0.998689988162369 1.78552485420369 1.93852938432246 1.70561249158345 0.952375854598358 1.7324535290245 1.54512421833351 1.4228651332669 1.73291194369085 1.90874745836481 1.53205798333511 1.27556026075035
0.972784801386297 1.7219367318321 1.57859296631068 1.43982979957946 1.77790312864818 1.76646504807286 1.84457569639198 1.4368809396401 1.30672544776462 1.47372636361979 1.75831044022925 0 1.248025940964 1.65073745371774 1.42668237956241 1.19097162154503 1.86027576331981 1.05025176168419 1.45388774364255 1.46573633118533 1.74877149495296 1.54008704470471 1.87720903311856 1.79157831706107 1.05220273742452 1.64467355376109 1.88384420750663 1.27026914735325 1.32223972748034 1.1214040457271
1.85068980441429 0.987669770140201 1.45098529057577 1.56157152820379 1.31209345650859 1.8015086282976 1.2145363537129 1.88937138975598 1.21148550650105 1.01290410896763 1.56962807080708 1.248025940964 0 1.10704412241466 1.85368884610943 1.80746840871871 1.31116483733058 1.90555927343667 1.68237593164667 1.3264619614929 1.75554863293655 1.3145466404967 1.748628660338 1.34331964701414 1.3678429396823 1.91380334715359 1.82006000191905 1.49861513613723 1.80356696457602 1.42359323450364
1.59569972637109 1.06786964391358 1.3207157808356 1.89290492399596 1.52288426458836 1.87516919244081 1.19056399096735 0.965217262273654 1.64639703254215 0.962936910800636 1.89120242185891 1.65073745371774 1.10704412241466 0 1.13433817494661 1.4238388875965 1.8164560883306 1.08031307626516 1.24797336757183 1.34518740489148 1.21751302364282 1.11829535779543 1.51851102313958 1.36696879542433 1.37316804565489 1.79442813270725 1.81735526118428 0.977031433256343 1.2000818294473 1.89378549600951
1.74625644343905 1.9295550188981 1.6049102479592 1.61320515768602 1.0337450588122 1.56729177036323 1.00345036759973 1.53912740363739 1.21094737644307 1.65494063403457 1.88405708922073 1.42668237956241 1.85368884610943 1.13433817494661 0 1.42871306068264 1.88427006895654 1.64094580244273 1.46738689881749 1.65573706827126 1.81135453446768 1.39289289200678 1.36978198587894 1.54527497664094 1.80659151193686 1.65027133678086 1.59601991414092 1.25299552292563 1.76746362401173 1.0198964420706
1.87531647901051 1.42949109408073 1.59351553278975 1.57665445655584 1.51538226264529 1.56817383621819 1.1646644086577 1.8938602975104 1.45082592614926 1.44957941072062 1.8669325329829 1.19097162154503 1.80746840871871 1.4238388875965 1.42871306068264 0 1.25458071334288 1.45955832791515 1.30934018269181 1.49478500219993 1.51293122558855 1.89782520523295 1.73922284482978 0.972999712917954 1.85535227227956 1.12002248689532 1.17916049482301 1.08927731635049 1.14364243391901 1.66009848401882
1.37033294583671 1.16131561482325 1.93571299035102 1.0320424453821 1.34816309646703 1.38267514691688 1.26862451736815 1.50534187885933 1.32033008825965 1.81810015183873 1.93593102297746 1.86027576331981 1.31116483733058 1.8164560883306 1.88427006895654 1.25458071334288 0 1.05372647405602 1.7398891907651 1.89817790011875 1.47094721719623 1.7331790770404 0.983555168379098 1.45213654614054 1.2476024411153 1.57029232173227 0.955109665403143 1.82010405883193 1.61886962526478 1.76656524417922
1.41251089144498 1.88118075905368 1.74313734355383 1.70454792282544 1.10926475166343 1.47610088367946 1.76166237820871 1.24188188533299 1.66904528602026 1.81993049453013 1.46718281321228 1.05025176168419 1.90555927343667 1.08031307626516 1.64094580244273 1.45955832791515 1.05372647405602 0 1.09221090306528 0.970470152562484 1.80212392099202 1.81077132816426 1.48107395111583 1.82289712945931 1.71795941609889 1.10393812786788 1.09325643978082 1.81733448989689 1.69578043767251 1.93260474735871
1.62698877160437 1.41776691703126 1.1642427360639 1.48944573430344 1.85267807450145 1.43817320489325 1.20853188843466 1.57420203904621 1.79438817733899 1.3210662798956 0.998689988162369 1.45388774364255 1.68237593164667 1.24797336757183 1.46738689881749 1.30934018269181 1.7398891907651 1.09221090306528 0 1.81830598111264 1.79682534164749 1.09267110447399 1.79460015730001 1.01634323829785 1.88517303345725 1.35004217084497 1.93883658223785 0.992284211097285 1.22077964548953 1.90128677897155
1.06720972643234 1.72049061092548 1.04762207437307 1.46732443664223 1.39719737833366 1.53027905407362 1.2569064272102 1.83948717080057 1.81728456611745 1.25382860889658 1.78552485420369 1.46573633118533 1.3264619614929 1.34518740489148 1.65573706827126 1.49478500219993 1.89817790011875 0.970470152562484 1.81830598111264 0 1.26077544759028 1.54673458845355 1.24852002365515 1.82053677621298 0.985684993909672 0.977430984843522 1.59009563713335 1.27884720661677 1.38641600101255 1.00168058089912
1.60251148603857 1.12220146553591 1.09804637497291 1.25405724672601 1.04850667645223 1.07368892733939 1.7556189680472 1.44889268698171 1.38326843036339 1.41874602786265 1.93852938432246 1.74877149495296 1.75554863293655 1.21751302364282 1.81135453446768 1.51293122558855 1.47094721719623 1.80212392099202 1.79682534164749 1.26077544759028 0 1.5274386969395 1.47543367231265 1.20490568224341 1.79826097865589 1.93671481614001 1.05539731611498 1.69013905245811 1.42183788656257 1.51333369826898
1.4333116915077 1.67650237423368 1.06485169706866 0.997584454948083 1.81763175269589 1.25257295300253 1.30479716439731 1.67891310947016 1.81955620856024 1.45236436254345 1.70561249158345 1.54008704470471 1.3145466404967 1.11829535779543 1.39289289200678 1.89782520523295 1.7331790770404 1.81077132816426 1.09267110447399 1.54673458845355 1.5274386969395 0 1.80424902867526 1.94327308190987 1.05753833334893 1.40607540588826 1.42081954400055 1.29974443512037 1.92773965629749 1.43136222288013
1.23261268343776 1.06631913594902 1.49021904380061 1.68301827157848 1.86044887825847 1.32321004825644 1.26205454091541 1.76588949747384 1.10186768067069 1.35507705202326 0.952375854598358 1.87720903311856 1.748628660338 1.51851102313958 1.36978198587894 1.73922284482978 0.983555168379098 1.48107395111583 1.79460015730001 1.24852002365515 1.47543367231265 1.80424902867526 0 1.03601211030036 1.5584208543878 1.16955700051039 1.17131546535529 1.00529184448533 1.01147451344877 1.44062882754952
1.81603193306364 1.06868634116836 1.2219861659687 1.21566145634279 1.08713436964899 1.86658869078383 1.24260396673344 1.13559071416967 1.56871071690693 1.14442373020574 1.7324535290245 1.79157831706107 1.34331964701414 1.36696879542433 1.54527497664094 0.972999712917954 1.45213654614054 1.82289712945931 1.01634323829785 1.82053677621298 1.20490568224341 1.94327308190987 1.03601211030036 0 1.83224124507979 1.80320043675601 1.44308822159655 1.08671857276931 1.09378479723819 1.05572499940172
1.46224497188814 1.86238448671065 1.66312234080397 0.948014369001612 1.82539635454305 1.48266980564222 1.45231894450262 1.48414827417582 1.68081450485624 1.26773797371425 1.54512421833351 1.05220273742452 1.3678429396823 1.37316804565489 1.80659151193686 1.85535227227956 1.2476024411153 1.71795941609889 1.88517303345725 0.985684993909672 1.79826097865589 1.05753833334893 1.5584208543878 1.83224124507979 0 1.45591388153844 1.71813249913976 1.38986191782169 1.41527038067579 1.636324608
1.72728605614975 1.90461130603217 1.62847427651286 1.15928238816559 1.50599316693842 1.34309674566612 1.17886674660258 0.999842433724552 1.79861128237098 1.9269339425955 1.4228651332669 1.64467355376109 1.91380334715359 1.79442813270725 1.65027133678086 1.12002248689532 1.57029232173227 1.10393812786788 1.35004217084497 0.977430984843522 1.93671481614001 1.40607540588826 1.16955700051039 1.80320043675601 1.45591388153844 0 1.57338431687094 1.49284282582812 1.04122317652218 1.30289271101356
1.24968497850932 0.968284411821514 1.4089098139666 1.08499654615298 1.52245687297545 1.02711116545834 1.05757643887773 1.37791862734593 1.83473163936287 1.40805173991248 1.73291194369085 1.88384420750663 1.82006000191905 1.81735526118428 1.59601991414092 1.17916049482301 0.955109665403143 1.09325643978082 1.93883658223785 1.59009563713335 1.05539731611498 1.42081954400055 1.17131546535529 1.44308822159655 1.71813249913976 1.57338431687094 0 1.28395296283998 1.58863291726448 1.11336486064829
1.07807183475234 1.8181155603379 1.51048911875114 0.955368723953143 1.34608818381093 1.02389998431318 1.69487590529025 1.85214213421568 0.999911905499175 1.03609595843591 1.90874745836481 1.27026914735325 1.49861513613723 0.977031433256343 1.25299552292563 1.08927731635049 1.82010405883193 1.81733448989689 0.992284211097285 1.27884720661677 1.69013905245811 1.29974443512037 1.00529184448533 1.08671857276931 1.38986191782169 1.49284282582812 1.28395296283998 0 1.57624898222275 1.12408725358546
1.30166714708321 1.87450117850676 1.54537758417428 1.28288789186627 1.60169883607887 1.08725549420342 1.16069936729036 1.00776785891503 1.35853620665148 1.4510388453491 1.53205798333511 1.32223972748034 1.80356696457602 1.2000818294473 1.76746362401173 1.14364243391901 1.61886962526478 1.69578043767251 1.22077964548953 1.38641600101255 1.42183788656257 1.92773965629749 1.01147451344877 1.09378479723819 1.41527038067579 1.04122317652218 1.58863291726448 1.57624898222275 0 1.25542420358397
1.39076961413957 1.18041654722765 1.08059974876232 1.50322586135007 1.74524754565209 1.26143500278704 1.71565724676475 1.18147637415677 1.14663083059713 1.17703003250062 1.27556026075035 1.1214040457271 1.42359323450364 1.89378549600951 1.0198964420706 1.66009848401882 1.76656524417922 1.93260474735871 1.90128677897155 1.00168058089912 1.51333369826898 1.43136222288013 1.44062882754952 1.05572499940172 1.636324608 1.30289271101356 1.11336486064829 1.12408725358546 1.25542420358397 0
