0 1.89342452492565 1.29379128920846 1.7210974751506 1.50191678130068 1.88600151054561 1.81044389423914 1.33038539392874 1.40290114213713 1.30337009229697 1.65768823353574 1.32965993368998 1.6131435490679 1.86933265416883 1.16327402205206 1.13379853544757 1.41458052140661 1.48044072813354 0.965797603363171 1.02614296320826 1.30823041894473 1.68318222137168 0.93951431196183 0.946323020383716 1.73542113788426 1.72586136357859 1.72399712353945 1.25084199872799 1.69553709239699 1.4820640173275
1.89342452492565 0 1.55324636539444 1.16461066831835 1.34639507206157 1.41106397518888 1.86489714100026 1.8383209509775 1.02312441542745 1.85520295542665 1.14720461913384 1.54325521597639 0.980204669758677 1.77149879280478 1.84147212724201 1.01984194479883 1.83962924964726 1.66614987142384 1.79078169632703 1.36974412505515 1.85269728256389 1.57363060419448 0.972534739179537 1.1453677075915 1.28698639408685 0.923125010915101 0.934771131025627 1.73833753843792 1.55386338150129 1.75971471471712
1.29379128920846 1.55324636539444 0 1.91019126400352 1.41110621625558 1.26086929347366 1.1162278179545 1.29426977038383 1.28809027327225 1.65597967244685 1.26810114947148 1.69513954897411 1.75250140042044 1.02332904026844 1.23467095685191 1.41206030524336 1.19363199337386 1.77032078523189 1.654970851494 1.46750795585103 1.80789709929377 1.89033447438851 1.78739308798686 1.34410942019895 1.60196282388642 1.55327254580334 1.73892379715107 1.74749773368239 0.967803317122161 1.15081389527768
1.7210974751506 1.16461066831835 1.91019126400352 0 1.03607703722082 1.90822589490563 1.06242962623946 1.0337305276189 0.959805677412078 1.05676977708936 1.62952865357511 1.28063863585703 1.25871387706138 1.35876827710308 1.76218106853776 1.63835989893414 1.32358689513057 1.79334560642019 0.990285957464948 1.41972915804945 1.27627913979813 1.81918479595333 1.69217149401084 1.19724494498223 1.50055967178196 1.57682125805877 1.88344268174842 1.4927097435575 1.48312479024753 1.07589679164812
1.50191678130068 1.34639507206157 1.41110621625558 1.03607703722082 0 1.04313035262749 1.28706536837853 1.20951823634095 1.0815727817826 1.00690569588915 1.89271467365324 1.75574180064723 1.0188721655868 1.45238318899646 1.37450255570002 1.22029161034152 1.20477988547646 1.43954795529135 1.75415293080732 1.26415814179927 1.33692046557553 1.21928135864437 0.942491999361664 1.47883429098874 1.65468839905225 1.42967571993358 1.73599801259115 1.14455680618994 1.59443763853051 1.89490547659807
1.88600151054561 1.41106397518888 1.26086929347366 1.90822589490563 1.04313035262749 0 1.81391537934542 1.77952260663733 1.36677401373163 1.69459437718615 1.80951878079213 1.21714460104704 1.49813775718212 1.84161946782842 1.41814490733668 1.20102162356488 1.77510442282073 1.58045778796077 1.52427916973829 0.977909193374217 0.993172205518931 1.76241364772432 1.63967241952196 1.36870924080722 1.75083011784591 1.57681392529048 1.33256857213564 1.63025838672183 1.34745900821872 1.0915435354691
1.81044389423914 1.86489714100026 1.1162278179545 1.06242962623946 1.28706536837853 1.81391537934542 0 1.65332704852335 1.17496822518297 1.10748001025058 1.17793151317164 1.55138099379838 1.11760349874385 0.998353541828692 1.62611422757618 1.0052051441744 1.01399187091738 1.78102260641754 0.931716167135164 1.82534124236554 1.47766680130735 1.30207720445469 1.5863522416912 1.00684967450798 1.56953473784961 1.52679242496379 1.13399942428805 1.6103627840057 1.23948626965284 1.53417360130697
1.33038539392874 1.8383209509775 1.29426977038383 1.0337305276189 1.20951823634095 1.77952260663733 1.65332704852335 0 1.80738378595561 1.53242360474542 1.62081606360152 1.11632214859128 1.69874311098829 1.59100228571333 1.02418735506944 1.52673161914572 0.985640689963475 1.88591537787579 1.73724328493699 1.60091737192124 1.4921678127721 0.93384377239272 0.935460776789114 1.58921133866534 1.42735308315605 1.72193426755257 1.35305578703992 1.70148715353571 1.11101048346609 1.60946726053953
1.40290114213713 1.02312441542745 1.28809027327225 0.959805677412078 1.0815727817826 1.36677401373163 1.17496822518297 1.80738378595561 0 1.36016854224727 1.09892234485596 1.14659851952456 1.59840642660856 1.04545591352507 1.42161651002243 1.41150348866358 1.90222948044538 1.46006575901993 1.71233557653613 1.71105559263378 1.75499964226037 1.34061816241592 1.24525608355179 1.70544327166863 0.935430425452068 1.35839767032303 1.15787240094505 1.174880070379 1.14852547645569 1.03159632347524
1.30337009229697 1.85520295542665 1.65597967244685 1.05676977708936 1.00690569588915 1.69459437718615 1.10748001025058 1.53242360474542 1.36016854224727 0 1.37679542694241 1.03029121644795 1.58663235697895 1.87945009814575 1.87023099069484 1.26493267854676 0.999501805286855 1.80834777606651 1.41390753956512 1.27799241896719 1.25809389119968 1.21301645017229 1.01054245932028 1.01685896189883 1.4547117636539 1.22131301998161 1.197526731994 1.41061387304217 1.55207022256218 1.50366586982273
1.65768823353574 1.14720461913384 1.26810114947148 1.62952865357511 1.89271467365324 1.80951878079213 1.17793151317164 1.62081606360152 1.09892234485596 1.37679542694241 0 1.83504670206457 1.52525639021769 1.46162099577487 1.46473699645139 1.53639029362239 1.71297017438337 1.1311944629997 1.32460272195749 1.82548907748424 1.07897311565466 0.944110929500312 1.43022799538448 1.29208635329269 1.79076263890602 1.60593189648353 1.2697596247308 1.76632069912739 1.20106889912859 1.05871774884872
1.32965993368998 1.54325521597639 1.69513954897411 1.28063863585703 1.75574180064723 1.21714460104704 1.55138099379838 1.11632214859128 1.14659851952456 1.03029121644795 1.83504670206457 0 1.61717583541758 1.86599420174025 0.972683712374419 1.15427906438708 1.82573981466703 1.05246122437529 1.21271594753489 1.6431593154557 1.91499845311046 1.4454430793412 1.86138881696388 1.05343566811644 1.70164831751026 1.81477062683553 0.942212702240795 1.52190416562371 1.61875927774236 1.06559322122484
1.6131435490679 0.980204669758677 1.75250140042044 1.25871387706138 1.0188721655868 1.49813775718212 1.11760349874385 1.69874311098829 1.59840642660856 1.58663235697895 1.52525639021769 1.61717583541758 0 0.955931113800034 1.17828935198486 1.88213790301234 1.39733026525937 1.25556074269116 1.71527137723751 1.11234742426313 1.24894560058601 1.13075337768532 1.18426467804238 1.59873476810753 1.17965544178151 1.33839432150126 1.02898031310178 1.576392802177 1.10556370206177 0.971844220301136
1.86933265416883 1.77149879280478 1.02332904026844 1.35876827710308 1.45238318899646 1.84161946782842 0.998353541828692 1.59100228571333 1.04545591352507 1.87945009814575 1.46162099577487 1.86599420174025 0.955931113800034 0 1.05063134874217 1.06815265957266 1.0946257088799 1.57464667013846 1.69525585719384 1.69878119090572 1.72195978835225 1.33972559892572 1.49808595585637 1.13841310585849 1.82361467834562 1.34086519340053 1.35474397591315 1.9089344709646 1.29192447755486 1.60773348575458
1.16327402205206 1.84147212724201 1.23467095685191 1.76218106853776 1.37450255570002 1.41814490733668 1.62611422757618 1.02418735506944 1.42161651002243 1.87023099069484 1.46473699645139 0.972683712374419 1.17828935198486 1.05063134874217 0 1.17891610087827 1.1382165949326 1.12873534485698 1.34072609618306 1.03569410042837 1.87781028915197 1.49199199536815 1.40594771062024 1.5896157482639 1.22735842852853 1.77606801129878 1.65282411803491 1.79559694346972 1.37459706910886 1.17989833303727
1.13379853544757 1.01984194479883 1.41206030524336 1.63835989893414 1.22029161034152 1.20102162356488 1.0052051441744 1.52673161914572 1.41150348866358 1.26493267854676 1.53639029362239 1.15427906438708 1.88213790301234 1.06815265957266 1.17891610087827 0 1.8870571104344 1.64873449667357 1.57826304784976 1.00555723300204 0.951768868369982 1.66859627771191 1.84958470379934 1.63501351419836 1.77908434555866 1.10279722395353 1.33249630499631 1.88905878481455 1.079359798925 1.00012558838353
1.41458052140661 1.83962924964726 1.19363199337386 1.32358689513057 1.20477988547646 1.77510442282073 1.01399187091738 0.985640689963475 1.90222948044538 0.999501805286855 1.71297017438337 1.82573981466703 1.39733026525937 1.0946257088799 1.1382165949326 1.8870571104344 0 1.81715523614548 1.39377793716267 1.58475641161203 1.38499191077426 0.981729642255232 1.40187893481925 1.11393378698267 0.995464869774878 1.18046690220945 1.73427717015147 1.90153696667403 0.966305466834456 1.49276236142032
1.48044072813354 1.66614987142384 1.77032078523189 1.79334560642019 1.43954795529135 1.58045778796077 1.78102260641754 1.88591537787579 1.46006575901993 1.80834777606651 1.1311944629997 1.05246122437529 1.25556074269116 1.57464667013846 1.12873534485698 1.64873449667357 1.81715523614548 0 1.32371536665596 0.97566302283667 1.62657853681594 1.86885618558154 1.29719410534017 1.56382081704214 1.21653663832694 1.18864527228288 1.71319792931899 1.81812453293242 1.12127136788331 1.11302188364789
0.965797603363171 1.79078169632703 1.654970851494 0.990285957464948 1.75415293080732 1.52427916973829 0.931716167135164 1.73724328493699 1.71233557653613 1.41390753956512 1.32460272195749 1.21271594753489 1.71527137723751 1.69525585719384 1.34072609618306 1.57826304784976 1.39377793716267 1.32371536665596 0 1.47127532726154 1.35447588097304 1.5612552203238 1.44203844852746 1.91212062374689 1.83338054595515 1.51422201143578 1.67929936083965 1.91722797835246 1.03999894042499 1.86895224475302
1.02614296320826 1.36974412505515 1.46750795585103 1.41972915804945 1.26415814179927 0.977909193374217 1.82534124236554 1.60091737192124 1.71105559263378 1.27799241896719 1.82548907748424 1.6431593154557 1.11234742426313 1.69878119090572 1.03569410042837 1.00555723300204 1.58475641161203 0.97566302283667 1.47127532726154 0 1.32081900537014 1.780305048218 1.04668706771918 1.42091299593449 1.02694779983722 1.67948002065532 1.43158682179637 1.24488170747645 1.61835378454998 1.72114206291735
1.30823041894473 1.85269728256389 1.80789709929377 1.27627913979813 1.33692046557553 0.993172205518931 1.47766680130735 1.4921678127721 1.75499964226037 1.25809389119968 1.07897311565466 1.91499845311046 1.24894560058601 1.72195978835225 1.87781028915197 0.951768868369982 1.38499191077426 1.62657853681594 1.35447588097304 1.32081900537014 0 1.38310736883432 1.4912096732296 1.41918429872021 1.55446826526895 1.31816502893344 1.40436954540201 1.84246616670862 1.61519823479466 1.61625015665777
1.68318222137168 1.57363060419448 1.89033447438851 1.81918479595333 1.21928135864437 1.76241364772432 1.30207720445469 0.93384377239272 1.34061816241592 1.21301645017229 0.944110929500312 1.4454430793412 1.13075337768532 1.33972559892572 1.49199199536815 1.66859627771191 0.981729642255232 1.86885618558154 1.5612552203238 1.780305048218 1.38310736883432 0 1.58382417773828 1.59424416185357 1.29683398106135 1.03130513965152 1.21269648429006 0.940044755348936 1.35692442138679 0.962988663930446
0.93951431196183 0.972534739179537 1.78739308798686 1.69217149401084 0.942491999361664 1.63967241952196 1.5863522416912 0.935460776789114 1.24525608355179 1.01054245932028 1.43022799538448 1.86138881696388 1.18426467804238 1.49808595585637 1.40594771062024 1.84958470379934 1.40187893481925 1.29719410534017 1.44203844852746 1.04668706771918 1.4912096732296 1.58382417773828 0 1.16150383348577 1.42664754600264 1.20277612889186 1.60891465330496 0.996994686312973 1.52366007864475 1.29853693721816
0.946323020383716 1.1453677075915 1.34410942019895 1.19724494498223 1.47883429098874 1.36870924080722 1.00684967450798 1.58921133866534 1.70544327166863 1.01685896189883 1.29208635329269 1.05343566811644 1.59873476810753 1.13841310585849 1.5896157482639 1.63501351419836 1.11393378698267 1.56382081704214 1.91212062374689 1.42091299593449 1.41918429872021 1.59424416185357 1.16150383348577 0 1.49442103714682 1.36209961259738 1.29651521891356 1.88176498864777 1.54165699984878 1.80706137791276
1.73542113788426 1.28698639408685 1.60196282388642 1.50055967178196 1.65468839905225 1.75083011784591 1.56953473784961 1.42735308315605 0.935430425452068 1.4547117636539 1.79076263890602 1.70164831751026 1.17965544178151 1.82361467834562 1.22735842852853 1.77908434555866 0.995464869774878 1.21653663832694 1.83338054595515 1.02694779983722 1.55446826526895 1.29683398106135 1.42664754600264 1.49442103714682 0 1.63629172742367 1.1259889267385 1.36162990494631 1.23466563154943 1.38765091262758
1.72586136357859 0.923125010915101 1.55327254580334 1.57682125805877 1.42967571993358 1.57681392529048 1.52679242496379 1.72193426755257 1.35839767032303 1.22131301998161 1.60593189648353 1.81477062683553 1.33839432150126 1.34086519340053 1.77606801129878 1.10279722395353 1.18046690220945 1.18864527228288 1.51422201143578 1.67948002065532 1.31816502893344 1.03130513965152 1.20277612889186 1.36209961259738 1.63629172742367 0 1.04361324687488 1.00121819227934 1.21766362292692 1.15695629292168
1.72399712353945 0.934771131025627 1.73892379715107 1.88344268174842 1.73599801259115 1.33256857213564 1.13399942428805 1.35305578703992 1.15787240094505 1.197526731994 1.2697596247308 0.942212702240795 1.02898031310178 1.35474397591315 1.65282411803491 1.33249630499631 1.73427717015147 1.71319792931899 1.67929936083965 1.43158682179637 1.40436954540201 1.21269648429006 1.60891465330496 1.29651521891356 1.1259889267385 1.04361324687488 0 1.31046438030899 1.5584290002007 1.22736807935871
1.25084199872799 1.73833753843792 1.74749773368239 1.4927097435575 1.14455680618994 1.63025838672183 1.6103627840057 1.70148715353571 1.174880070379 1.41061387304217 1.76632069912739 1.52190416562371 1.576392802177 1.9089344709646 1.79559694346972 1.88905878481455 1.90153696667403 1.81812453293242 1.91722797835246 1.24488170747645 1.84246616670862 0.940044755348936 0.996994686312973 1.88176498864777 1.36162990494631 1.00121819227934 1.31046438030899 0 1.2379899751395 1.48070967616513
1.69553709239699 1.55386338150129 0.967803317122161 1.48312479024753 1.59443763853051 1.34745900821872 1.23948626965284 1.11101048346609 1.14852547645569 1.55207022256218 1.20106889912859 1.61875927774236 1.10556370206177 1.29192447755486 1.37459706910886 1.079359798925 0.966305466834456 1.12127136788331 1.03999894042499 1.61835378454998 1.61519823479466 1.35692442138679 1.52366007864475 1.54165699984878 1.23466563154943 1.21766362292692 1.5584290002007 1.2379899751395 0 1.89096161304042
1.4820640173275 1.75971471471712 1.15081389527768 1.07589679164812 1.89490547659807 1.0915435354691 1.53417360130697 1.60946726053953 1.03159632347524 1.50366586982273 1.05871774884872 1.06559322122484 0.971844220301136 1.60773348575458 1.17989833303727 1.00012558838353 1.49276236142032 1.11302188364789 1.86895224475302 1.72114206291735 1.61625015665777 0.962988663930446 1.29853693721816 1.80706137791276 1.38765091262758 1.15695629292168 1.22736807935871 1.48070967616513 1.89096161304042 0
