0 1.43681390117854 1.59890454867855 0.960993761429563 0.940128816058859 1.35103222657926 1.78565686265938 1.36526392190717 1.31014567380771 1.28627744456753 1.64651570259593 1.02756995963864 1.15828822925687 1.38820473244414 1.27986171748489 1.48509185039438 1.70456133969128 1.15022331639193 1.87948969984427 1.03586046374403 1.29434350202791 1.63888766150922 1.7821555309929 1.71107765519992 1.25902863149531 1.47301299124956 1.40277917287312 1.706577334553 1.23380215512589 1.75818126322702
1.43681390117854 0 0.968304850161076 1.16251694923267 1.75469338847324 1.64163190242834 1.23321143304929 1.7934406644199 1.65752221434377 1.74610105645843 1.50810731574893 0.931148050352931 0.890668080886826 0.905681259231642 1.54065519780852 1.67750929156318 1.8360935524106 1.82568066054955 1.84651184920222 1.04078319086693 1.04622435593046 1.62546566128731 1.233688053675 1.60607272712514 1.54395247530192 0.970359283033758 0.91664720303379 1.0628763793502 1.35685568582267 1.00639974046499
1.59890454867855 0.968304850161076 0 1.36527609569021 1.764248091029 1.2376372909639 1.44719806802459 1.49354124045931 1.63602708512917 1.87775412015617 0.974679550621659 1.63984257658012 1.12492840969935 1.57046005572192 1.49798120977357 1.07600244460627 1.47142689162865 1.62331784470007 1.62383614294231 0.885353824589401 0.925217340467498 1.63530968572013 1.25639541167766 1.84140000632033 1.82169990474358 0.966538374777883 0.923902724403888 1.09492334234528 1.40805045841262 1.83296508924104
0.960993761429563 1.16251694923267 1.36527609569021 0 1.06866584601812 1.06659780465998 1.60356442979537 1.31721996609122 1.56267161201686 1.60266451654024 1.20227493718266 1.27757871849462 1.01766540599056 1.77255937969312 1.10931876930408 1.31812428706326 1.46612883266062 1.47307114582509 1.85770285106264 0.898327249567956 1.11125510069542 1.45554220350459 1.43375410395674 1.51350358803757 1.52870206767693 0.944457509089261 1.58699765359052 0.931341608986259 1.16023256746121 1.68565789214335
0.940128816058859 1.75469338847324 1.764248091029 1.06866584601812 0 1.74995194445364 0.930700433906168 1.87898996798322 1.73316795262508 1.01139923441224 1.49009958980605 1.78823192324489 1.25292664207518 1.20068738912232 1.43476104410365 0.929362799972296 1.43302062060684 1.58262263471261 1.21643780707382 1.28040456096642 1.13871626858599 1.55188769917004 1.4108869950287 1.52971841348335 1.72079564491287 1.49332584673539 1.69218228524551 1.07592815719545 1.38928139884956 0.990430927602574
1.35103222657926 1.64163190242834 1.2376372909639 1.06659780465998 1.74995194445364 0 1.44933957699686 1.47451232350431 1.61897138133645 1.11550307297148 1.3988246798981 1.47322582849301 1.49531952408142 0.993109241593629 1.57987227709964 1.3271676087752 1.01620975206606 1.83347335807048 1.32251877430826 1.58460763469338 1.57660473696887 1.38561630924232 1.40399186336435 1.51538713765331 1.81871381960809 1.47400019760244 1.13778526685201 1.42274696147069 1.83879911177792 1.19695110921748
1.78565686265938 1.23321143304929 1.44719806802459 1.60356442979537 0.930700433906168 1.44933957699686 0 0.994420537957922 1.17962861456908 1.12402359745465 1.17560843983665 1.3208697186783 1.76738092978485 1.03973791725002 1.01584704406559 1.54270574031398 1.23804813832976 1.71597179654054 1.51542576076463 1.43554317206144 1.11360946693458 1.82193098915741 1.02733837766573 1.26515156612732 1.29126252257265 1.73611402371898 1.0185149863828 1.00165303866379 0.88872265862301 1.60768099408597
1.36526392190717 1.7934406644199 1.49354124045931 1.31721996609122 1.87898996798322 1.47451232350431 0.994420537957922 0 1.04667270486243 1.80615657940507 1.80800336250104 0.974650783231482 1.01113047311082 1.33634281507693 1.26569968997501 1.24613109091297 0.949902527267113 1.28494981909171 1.84215387003496 1.82922424166463 0.985564151778817 1.06673318776302 1.86690728296526 0.969343553530052 1.80219131940976 1.52208832441829 1.69456403749064 1.18939897674136 0.961832567350939 1.22561157215387
1.31014567380771 1.65752221434377 1.63602708512917 1.56267161201686 1.73316795262508 1.61897138133645 1.17962861456908 1.04667270486243 0 1.48263587011024 1.00041051208973 1.21910464484245 1.43674282240681 1.72870019311085 1.06596987321973 0.901310141431168 1.85303390654735 1.58033305895515 1.48768467502668 1.11761794961058 1.86842519580387 1.0945015035104 1.87004880793393 1.29504128335975 1.73460130626336 1.26149266492575 1.54389486834407 1.445070552174 0.941968143451959 1.23738579195924
1.28627744456753 1.74610105645843 1.87775412015617 1.60266451654024 1.01139923441224 1.11550307297148 1.12402359745465 1.80615657940507 1.48263587011024 0 1.41440204926766 1.79702825658023 0.903635573573411 1.36838542320766 1.30867197387852 1.05322728119791 1.27654398512095 1.58324983716011 1.48989929794334 1.34516813373193 1.85755817405879 1.38074074941687 1.25521324248984 1.38595123332925 0.995541826821864 1.87577099585906 1.81308615393937 1.2534311292693 1.86402478464879 1.75092801195569
1.64651570259593 1.50810731574893 0.974679550621659 1.20227493718266 1.49009958980605 1.3988246798981 1.17560843983665 1.80800336250104 1.00041051208973 1.41440204926766 0 1.82767014368437 1.47447245917283 1.51872310298495 1.23614873643965 1.29984180885367 1.36746019870043 1.3868410193827 1.23876622901298 1.05283772526309 1.31874677282758 1.77751404885203 1.15808443538845 1.56501613883302 1.17975160223432 1.10389614384621 1.24664206709713 1.14942516526207 1.79877500771545 1.34216481470503
1.02756995963864 0.931148050352931 1.63984257658012 1.27757871849462 1.78823192324489 1.47322582849301 1.3208697186783 0.974650783231482 1.21910464484245 1.79702825658023 1.82767014368437 0 1.46773244696669 1.1131664395798 1.03957763197832 1.88049286464229 1.52309731859714 1.77998762694187 1.44260650966316 1.20918914442882 0.891757743200287 1.22353931237012 0.994092943612486 0.931230222806334 1.13206202210858 0.893029544269666 1.09091169084422 1.32066526077688 1.80851116101258 1.79876046464778
1.15828822925687 0.890668080886826 1.12492840969935 1.01766540599056 1.25292664207518 1.49531952408142 1.76738092978485 1.01113047311082 1.43674282240681 0.903635573573411 1.47447245917283 1.46773244696669 0 1.11558162607253 1.43909649481066 1.84051111130975 1.43949213065207 1.70256439433433 1.45059051550925 0.933728345436975 1.30989718879573 1.77338487352245 1.42251251963899 0.888961045769975 1.39126259577461 1.18635687604547 1.6051807992626 1.87003689585254 1.10814528749324 1.2801061917562
1.38820473244414 0.905681259231642 1.57046005572192 1.77255937969312 1.20068738912232 0.993109241593629 1.03973791725002 1.33634281507693 1.72870019311085 1.36838542320766 1.51872310298495 1.1131664395798 1.11558162607253 0 1.09675998589955 0.935154253384098 1.84768842509948 1.18415309302509 1.2624823290389 1.78785805380903 1.2255251200404 1.0951795077417 0.982713604578748 1.56175621808507 1.17054972448386 1.5247538513504 1.22724223020487 1.83098419359885 1.31404439662583 1.05368074565195
1.27986171748489 1.54065519780852 1.49798120977357 1.10931876930408 1.43476104410365 1.57987227709964 1.01584704406559 1.26569968997501 1.06596987321973 1.30867197387852 1.23614873643965 1.03957763197832 1.43909649481066 1.09675998589955 0 1.75089275604114 1.42862907168455 1.39818382915109 1.34406784828752 1.55148288002238 1.47838193131611 1.4273028424941 1.19573379377834 1.07433317112736 1.25032099033706 1.88048348738812 1.0011192758102 1.35625296621583 1.86105697602034 1.69758062041365
1.48509185039438 1.67750929156318 1.07600244460627 1.31812428706326 0.929362799972296 1.3271676087752 1.54270574031398 1.24613109091297 0.901310141431168 1.05322728119791 1.29984180885367 1.88049286464229 1.84051111130975 0.935154253384098 1.75089275604114 0 0.951723765116185 1.44606687803753 1.80100199277513 1.49817675515078 1.66616641543806 1.3889386174269 1.45941594755277 1.6225869639311 1.01181910117157 1.50966466823593 1.50146705983207 1.68143680272624 1.2715254353825 1.30591071140952
1.70456133969128 1.8360935524106 1.47142689162865 1.46612883266062 1.43302062060684 1.01620975206606 1.23804813832976 0.949902527267113 1.85303390654735 1.27654398512095 1.36746019870043 1.52309731859714 1.43949213065207 1.84768842509948 1.42862907168455 0.951723765116185 0 1.10203900211491 1.45204923511483 1.65196332894266 0.999787404434755 1.51569951488636 1.03189211525023 1.66857669083402 1.81526278052479 1.52534972503781 1.17378497915342 1.16066430951469 1.80366851855069 1.07487050467171
1.15022331639193 1.82568066054955 1.62331784470007 1.47307114582509 1.58262263471261 1.83347335807048 1.71597179654054 1.28494981909171 1.58033305895515 1.58324983716011 1.3868410193827 1.77998762694187 1.70256439433433 1.18415309302509 1.39818382915109 1.44606687803753 1.10203900211491 0 1.18563396297395 1.06221291609108 1.39465924073011 1.02780456468463 0.912030361359939 1.25041745207272 1.11461457004771 1.26940481923521 1.47484759381041 1.52708798274398 0.993346066214144 1.42072754190303
1.87948969984427 1.84651184920222 1.62383614294231 1.85770285106264 1.21643780707382 1.32251877430826 1.51542576076463 1.84215387003496 1.48768467502668 1.48989929794334 1.23876622901298 1.44260650966316 1.45059051550925 1.2624823290389 1.34406784828752 1.80100199277513 1.45204923511483 1.18563396297395 0 1.55645898892544 0.932911979500204 1.77498048963025 1.11886341660284 1.24823368829675 1.26156772207469 1.32941619539633 1.57844602060504 1.69821362523362 1.28505050903186 1.06149458466098
1.03586046374403 1.04078319086693 0.885353824589401 0.898327249567956 1.28040456096642 1.58460763469338 1.43554317206144 1.82922424166463 1.11761794961058 1.34516813373193 1.05283772526309 1.20918914442882 0.933728345436975 1.78785805380903 1.55148288002238 1.49817675515078 1.65196332894266 1.06221291609108 1.55645898892544 0 1.37605671468191 0.923851118655875 1.27387993526645 1.53862922685221 1.27416575024836 1.65603163978085 1.22050877450965 1.79167313687503 1.3786588141229 1.77275283285417
1.29434350202791 1.04622435593046 0.925217340467498 1.11125510069542 1.13871626858599 1.57660473696887 1.11360946693458 0.985564151778817 1.86842519580387 1.85755817405879 1.31874677282758 0.891757743200287 1.30989718879573 1.2255251200404 1.47838193131611 1.66616641543806 0.999787404434755 1.39465924073011 0.932911979500204 1.37605671468191 0 1.34109678026289 1.5756607814692 0.978852378902957 1.55630156537518 1.26316475658678 1.25891944160685 1.87177276983857 1.8268619326409 0.987306506140158
1.63888766150922 1.62546566128731 1.63530968572013 1.45554220350459 1.55188769917004 1.38561630924232 1.82193098915741 1.06673318776302 1.0945015035104 1.38074074941687 1.77751404885203 1.22353931237012 1.77338487352245 1.0951795077417 1.4273028424941 1.3889386174269 1.51569951488636 1.02780456468463 1.77498048963025 0.923851118655875 1.34109678026289 0 1.51194709003903 1.85228254832327 1.5378690592479 0.91600215039216 0.974279663292691 1.72815755731426 1.74585624597967 1.23640274675563
1.7821555309929 1.233688053675 1.25639541167766 1.43375410395674 1.4108869950287 1.40399186336435 1.02733837766573 1.86690728296526 1.87004880793393 1.25521324248984 1.15808443538845 0.994092943612486 1.42251251963899 0.982713604578748 1.19573379377834 1.45941594755277 1.03189211525023 0.912030361359939 1.11886341660284 1.27387993526645 1.5756607814692 1.51194709003903 0 1.28982013068162 1.7535073813051 1.80151862371713 1.01555881951936 1.76745493942872 1.68642898066901 1.56444522412494
1.71107765519992 1.60607272712514 1.84140000632033 1.51350358803757 1.52971841348335 1.51538713765331 1.26515156612732 0.969343553530052 1.29504128335975 1.38595123332925 1.56501613883302 0.931230222806334 0.888961045769975 1.56175621808507 1.07433317112736 1.6225869639311 1.66857669083402 1.25041745207272 1.24823368829675 1.53862922685221 0.978852378902957 1.85228254832327 1.28982013068162 0 1.82973851589486 1.7823061121162 1.7211553636007 1.37689738394693 1.33214229275472 1.15963834477589
1.25902863149531 1.54395247530192 1.82169990474358 1.52870206767693 1.72079564491287 1.81871381960809 1.29126252257265 1.80219131940976 1.73460130626336 0.995541826821864 1.17975160223432 1.13206202210858 1.39126259577461 1.17054972448386 1.25032099033706 1.01181910117157 1.81526278052479 1.11461457004771 1.26156772207469 1.27416575024836 1.55630156537518 1.5378690592479 1.7535073813051 1.82973851589486 0 1.22136268857867 1.46051544114016 1.5656111757271 1.12412716355175 1.13912029447965
1.47301299124956 0.970359283033758 0.966538374777883 0.944457509089261 1.49332584673539 1.47400019760244 1.73611402371898 1.52208832441829 1.26149266492575 1.87577099585906 1.10389614384621 0.893029544269666 1.18635687604547 1.5247538513504 1.88048348738812 1.50966466823593 1.52534972503781 1.26940481923521 1.32941619539633 1.65603163978085 1.26316475658678 0.91600215039216 1.80151862371713 1.7823061121162 1.22136268857867 0 0.889350835699588 1.7476521381177 1.49942924524657 1.50209251535125
1.40277917287312 0.91664720303379 0.923902724403888 1.58699765359052 1.69218228524551 1.13778526685201 1.0185149863828 1.69456403749064 1.54389486834407 1.81308615393937 1.24664206709713 1.09091169084422 1.6051807992626 1.22724223020487 1.0011192758102 1.50146705983207 1.17378497915342 1.47484759381041 1.57844602060504 1.22050877450965 1.25891944160685 0.974279663292691 1.01555881951936 1.7211553636007 1.46051544114016 0.889350835699588 0 1.63450694549829 1.83684633951634 1.0198467085138
1.706577334553 1.0628763793502 1.09492334234528 0.931341608986259 1.07592815719545 1.42274696147069 1.00165303866379 1.18939897674136 1.445070552174 1.2534311292693 1.14942516526207 1.32066526077688 1.87003689585254 1.83098419359885 1.35625296621583 1.68143680272624 1.16066430951469 1.52708798274398 1.69821362523362 1.79167313687503 1.87177276983857 1.72815755731426 1.76745493942872 1.37689738394693 1.5656111757271 1.7476521381177 1.63450694549829 0 1.00719320867211 1.73506184644066
1.23380215512589 1.35685568582267 1.40805045841262 1.16023256746121 1.38928139884956 1.83879911177792 0.88872265862301 0.961832567350939 0.941968143451959 1.86402478464879 1.79877500771545 1.80851116101258 1.10814528749324 1.31404439662583 1.86105697602034 1.2715254353825 1.80366851855069 0.993346066214144 1.28505050903186 1.3786588141229 1.8268619326409 1.74585624597967 1.68642898066901 1.33214229275472 1.12412716355175 1.49942924524657 1.83684633951634 1.00719320867211 0 1.76349794561975
1.75818126322702 1.00639974046499 1.83296508924104 1.68565789214335 0.990430927602574 1.19695110921748 1.60768099408597 1.22561157215387 1.23738579195924 1.75092801195569 1.34216481470503 1.79876046464778 1.2801061917562 1.05368074565195 1.69758062041365 1.30591071140952 1.07487050467171 1.42072754190303 1.06149458466098 1.77275283285417 0.987306506140158 1.23640274675563 1.56444522412494 1.15963834477589 1.13912029447965 1.50209251535125 1.0198467085138 1.73506184644066 1.76349794561975 0
