0 1.55989435245283 1.61690980684943 1.49099270557053 0.993571085622534 1.59197156922892 1.21036184509285 1.35669354652055 1.60928760515526 1.81799086276442 1.62795387301594 1.08723394945264 1.00354115921073 1.43485747021623 1.05049325525761 1.14607955608517 1.28777859243564 1.3861294509843 1.78299882891588 1.56877591065131 1.05729206372052 1.25785201368853 1.95871572592296 1.35722050676122 1.53386492282152 1.64452179637738 1.85469601792283 1.07714425306767 1.01832726388238 1.41992002143525
1.55989435245283 0 1.26090887445025 1.22872432763688 0.993063713889569 1.14553209976293 1.64968349202536 1.60802875319496 1.18860106938519 1.67633188562468 1.36916754581034 1.32680419133976 1.76275396556593 1.48218724317849 1.36363121611066 1.32485447241925 1.52639737795107 1.26320906728506 1.71202693972737 1.74157696706243 1.67568131652661 1.94279573182575 1.26851556287147 1.85028494219296 1.65196779486723 1.04079106915742 1.7860938643571 1.60615466232412 1.44049426470883 1.36512952274643
1.61690980684943 1.26090887445025 0 1.52464862330817 1.78407835587859 1.73606556584127 1.93875862471759 1.09644143842161 1.3502148531843 1.21023433213122 1.88606979860924 1.0090966259595 1.03727022372186 0.982307764468715 1.47154956357554 1.94721901300363 1.74134164070711 1.6411646453198 1.33780204690993 1.23380531719886 1.76811677566729 1.47594041354023 1.48774183075875 1.48139364947565 1.56817381363362 1.86302733863704 1.28119413577951 1.73605188145302 1.7008903438691 1.00099065946415
1.49099270557053 1.22872432763688 1.52464862330817 0 1.02267563878559 0.996238796506077 1.07520478731021 1.2028462800663 1.70670589478686 1.49378960160539 1.25693352450617 1.20331747969612 1.66216539219022 1.55779357277788 1.21993919508532 1.67673149937764 1.01400866149925 1.19112736918032 1.76665362133645 1.07571447035298 1.68217245326377 1.61732517019846 1.86758132860996 1.43539623450488 1.31820942717604 1.22510564676486 1.38134144130163 1.04723691637628 0.990510867908597 1.4389750752598
0.993571085622534 0.993063713889569 1.78407835587859 1.02267563878559 0 1.52969202841632 1.94065945944749 1.82138490537181 1.28475380735472 1.48671786719933 1.17005188111216 1.17123820842244 1.66234124149196 1.21593907568604 1.78288548905402 1.23429369344376 1.33111994573846 1.88672833400778 1.41642494942062 1.731132136425 1.23915556934662 1.21729932911694 0.965144640300423 1.38774077454582 1.74407682497986 1.56655496079475 1.73145518568344 1.78634432516992 1.68978428118862 1.15424521965906
1.59197156922892 1.14553209976293 1.73606556584127 0.996238796506077 1.52969202841632 0 1.55421216669492 1.66238040430471 1.430066955043 1.46420678962022 1.66102054575458 1.85719819483347 1.34056330635212 1.38635200820863 1.65585023281164 1.30857907561585 1.740338627249 1.51516422745772 1.04450921574607 1.02511420939118 1.86795003572479 1.95317520922981 1.361867897911 1.0050063454546 1.76949623622932 1.806914312765 1.67891313508153 1.94365362985991 1.63978291326202 1.41227800305933
1.21036184509285 1.64968349202536 1.93875862471759 1.07520478731021 1.94065945944749 1.55421216669492 0 1.42896927916445 1.56814867863432 1.74175016442314 1.6403073775582 1.41526185837574 1.08845835202374 1.09706273395568 1.79494741326198 1.37475349218585 1.69668731861748 1.59884052304551 1.75492739980109 1.40294161252677 1.09079390671104 1.00049276463687 1.92313030525111 1.68898255401291 1.66439258889295 1.40225451393053 1.65217483183369 1.87365848803893 1.14972681924701 1.75237827631645
1.35669354652055 1.60802875319496 1.09644143842161 1.2028462800663 1.82138490537181 1.66238040430471 1.42896927916445 0 1.30975779774599 1.10468385508284 1.79193342872895 1.83921525604092 1.18842713418417 1.85741469939239 1.89361325185746 1.28432857501321 1.60368540370837 1.24086137488484 1.94676593597978 1.079894320108 1.88511532405391 1.90710585261695 1.63724656077102 1.60362465283833 1.2943243959453 1.3707016017288 1.18759272061288 1.08725893381052 1.71623195032589 1.3240601955913
1.60928760515526 1.18860106938519 1.3502148531843 1.70670589478686 1.28475380735472 1.430066955043 1.56814867863432 1.30975779774599 0 1.20712722791359 1.77386394655332 1.84156562015414 1.09267766075209 1.88356591342017 1.82680311007425 1.86158768832684 1.92349720327184 1.26483198348433 1.37722902651876 1.56809877976775 1.66921535530128 1.12338172923774 1.91961495182477 1.47594295837916 1.9279376224149 1.37496616877615 1.15368757769465 1.34846898540854 1.32264930917881 1.80991473910399
1.81799086276442 1.67633188562468 1.21023433213122 1.49378960160539 1.48671786719933 1.46420678962022 1.74175016442314 1.10468385508284 1.20712722791359 0 1.61930098594166 1.35259886225685 1.2377140969038 1.62951207743026 1.6975705025252 1.49798261653632 1.83448021067306 1.40183566906489 1.6979906281922 1.0764379997272 1.85778308776207 1.03736567613669 1.79910502978601 1.62829257035628 1.27947629685514 1.92421206226572 1.71918564871885 1.893762211781 1.73285149526782 1.24607242783532
1.62795387301594 1.36916754581034 1.88606979860924 1.25693352450617 1.17005188111216 1.66102054575458 1.6403073775582 1.79193342872895 1.77386394655332 1.61930098594166 0 1.82182008819655 1.92905221809633 1.39308277447708 1.51172664295882 1.70199772506021 1.44744667853229 1.95581613224931 1.4832255851943 1.14951185323298 1.01876728283241 1.69604182895273 1.36824714182876 1.81433576741256 1.38313421956263 1.03949047857895 1.16124348016456 1.26493277144618 1.11161509878002 1.89968198980205
1.08723394945264 1.32680419133976 1.0090966259595 1.20331747969612 1.17123820842244 1.85719819483347 1.41526185837574 1.83921525604092 1.84156562015414 1.35259886225685 1.82182008819655 0 1.15608144411817 1.44320488721132 1.12566548213363 1.41296256496571 1.42464524018578 0.996109066065401 1.03400316252373 1.81238191435114 1.42249073414132 1.06874595140107 1.82602239935659 1.23993720160797 1.92597469640896 1.17325150663964 1.08526666043326 1.22079132450745 1.8276241151616 1.72601597011089
1.00354115921073 1.76275396556593 1.03727022372186 1.66216539219022 1.66234124149196 1.34056330635212 1.08845835202374 1.18842713418417 1.09267766075209 1.2377140969038 1.92905221809633 1.15608144411817 0 1.4218349235598 1.6837658174336 1.44018096942455 1.15140778454952 1.03610084275715 1.08225738396868 1.65359103865921 1.17404711944982 1.51246176823042 1.8279701769352 1.54614189104177 1.5839816944208 1.33865058771335 1.55665186862461 1.91360684693791 1.61841984209605 1.78401955333538
1.43485747021623 1.48218724317849 0.982307764468715 1.55779357277788 1.21593907568604 1.38635200820863 1.09706273395568 1.85741469939239 1.88356591342017 1.62951207743026 1.39308277447708 1.44320488721132 1.4218349235598 0 1.16939211357385 1.44326646532863 1.77894119732082 1.24670772184618 1.75682970602065 0.97726002568379 1.30727795092389 1.70598322385922 1.86707140086219 1.0884361458011 1.3444934238214 1.83236084226519 1.14972772938199 1.18780591152608 1.79450717451982 1.04411438992247
1.05049325525761 1.36363121611066 1.47154956357554 1.21993919508532 1.78288548905402 1.65585023281164 1.79494741326198 1.89361325185746 1.82680311007425 1.6975705025252 1.51172664295882 1.12566548213363 1.6837658174336 1.16939211357385 0 1.93376429798082 1.61245995131321 1.48866372043267 1.79476313572377 1.52281894627959 1.26106986729428 1.77703362470493 1.01790841761976 1.48632355430163 1.23683519102633 1.63545610383153 1.93005161872134 1.34116507368162 1.39185989322141 1.62191754905507
1.14607955608517 1.32485447241925 1.94721901300363 1.67673149937764 1.23429369344376 1.30857907561585 1.37475349218585 1.28432857501321 1.86158768832684 1.49798261653632 1.70199772506021 1.41296256496571 1.44018096942455 1.44326646532863 1.93376429798082 0 1.77054952061735 1.59956964361481 0.972843754570931 1.83736988250166 1.56921981158666 1.47249176376499 1.49823866225779 1.49909801129252 1.28129519033246 1.7757332934998 1.51378902583383 1.33529613749124 1.60826564463787 1.79238827805966
1.28777859243564 1.52639737795107 1.74134164070711 1.01400866149925 1.33111994573846 1.740338627249 1.69668731861748 1.60368540370837 1.92349720327184 1.83448021067306 1.44744667853229 1.42464524018578 1.15140778454952 1.77894119732082 1.61245995131321 1.77054952061735 0 1.54006533650681 1.10974708478898 1.57702670432627 1.57636431744322 1.21757362456992 1.1578354453668 1.03863881761208 1.85057992907241 1.8121930595953 1.11593442270532 1.4405492679216 1.91175450454466 1.49127059755847
1.3861294509843 1.26320906728506 1.6411646453198 1.19112736918032 1.88672833400778 1.51516422745772 1.59884052304551 1.24086137488484 1.26483198348433 1.40183566906489 1.95581613224931 0.996109066065401 1.03610084275715 1.24670772184618 1.48866372043267 1.59956964361481 1.54006533650681 0 1.10992380231619 1.10189043986611 1.58698577829637 1.33512175432406 1.36797755165026 1.06369155342691 1.47726074350066 1.52385325403884 1.41701839817688 1.86192288110033 1.06966594746336 1.38227876881137
1.78299882891588 1.71202693972737 1.33780204690993 1.76665362133645 1.41642494942062 1.04450921574607 1.75492739980109 1.94676593597978 1.37722902651876 1.6979906281922 1.4832255851943 1.03400316252373 1.08225738396868 1.75682970602065 1.79476313572377 0.972843754570931 1.10974708478898 1.10992380231619 0 1.79898034478538 1.47417560731992 1.13434177613817 1.33697284199297 1.33101903973147 1.1359626436606 1.25442682625726 1.02675944846123 1.46460092486814 1.779400709318 1.04831785196438
1.56877591065131 1.74157696706243 1.23380531719886 1.07571447035298 1.731132136425 1.02511420939118 1.40294161252677 1.079894320108 1.56809877976775 1.0764379997272 1.14951185323298 1.81238191435114 1.65359103865921 0.97726002568379 1.52281894627959 1.83736988250166 1.57702670432627 1.10189043986611 1.79898034478538 0 1.55394781404175 1.06761017744429 1.53022849699482 1.33558927639388 1.16410747240297 1.55293291853741 1.52883047400974 1.21800956851803 1.09265056392178 1.33353546541184
1.05729206372052 1.67568131652661 1.76811677566729 1.68217245326377 1.23915556934662 1.86795003572479 1.09079390671104 1.88511532405391 1.66921535530128 1.85778308776207 1.01876728283241 1.42249073414132 1.17404711944982 1.30727795092389 1.26106986729428 1.56921981158666 1.57636431744322 1.58698577829637 1.47417560731992 1.55394781404175 0 1.05567380180582 1.69947986584157 1.62629680708051 1.3605066628661 1.64840440428816 1.92881176178344 1.80272536049597 1.77136527211405 1.38194443634711
1.25785201368853 1.94279573182575 1.47594041354023 1.61732517019846 1.21729932911694 1.95317520922981 1.00049276463687 1.90710585261695 1.12338172923774 1.03736567613669 1.69604182895273 1.06874595140107 1.51246176823042 1.70598322385922 1.77703362470493 1.47249176376499 1.21757362456992 1.33512175432406 1.13434177613817 1.06761017744429 1.05567380180582 0 1.34380432753824 1.69965765858069 1.48215761058964 1.21153938211501 1.05528766522184 1.65652767615393 1.21338571142405 1.80484474846162
1.95871572592296 1.26851556287147 1.48774183075875 1.86758132860996 0.965144640300423 1.361867897911 1.92313030525111 1.63724656077102 1.91961495182477 1.79910502978601 1.36824714182876 1.82602239935659 1.8279701769352 1.86707140086219 1.01790841761976 1.49823866225779 1.1578354453668 1.36797755165026 1.33697284199297 1.53022849699482 1.69947986584157 1.34380432753824 0 1.39374184026383 1.24933391227387 1.18488806742243 1.64961699652486 1.03502151346765 1.60838408814743 1.8307233992964
1.35722050676122 1.85028494219296 1.48139364947565 1.43539623450488 1.38774077454582 1.0050063454546 1.68898255401291 1.60362465283833 1.47594295837916 1.62829257035628 1.81433576741256 1.23993720160797 1.54614189104177 1.0884361458011 1.48632355430163 1.49909801129252 1.03863881761208 1.06369155342691 1.33101903973147 1.33558927639388 1.62629680708051 1.69965765858069 1.39374184026383 0 1.0097908328753 1.10237087123096 0.988213523989543 1.2117054015398 1.2830734399613 1.06246509379707
1.53386492282152 1.65196779486723 1.56817381363362 1.31820942717604 1.74407682497986 1.76949623622932 1.66439258889295 1.2943243959453 1.9279376224149 1.27947629685514 1.38313421956263 1.92597469640896 1.5839816944208 1.3444934238214 1.23683519102633 1.28129519033246 1.85057992907241 1.47726074350066 1.1359626436606 1.16410747240297 1.3605066628661 1.48215761058964 1.24933391227387 1.0097908328753 0 1.32124740304425 1.19299739878625 1.84684140235186 1.47235027933493 1.66352925426327
1.64452179637738 1.04079106915742 1.86302733863704 1.22510564676486 1.56655496079475 1.806914312765 1.40225451393053 1.3707016017288 1.37496616877615 1.92421206226572 1.03949047857895 1.17325150663964 1.33865058771335 1.83236084226519 1.63545610383153 1.7757332934998 1.8121930595953 1.52385325403884 1.25442682625726 1.55293291853741 1.64840440428816 1.21153938211501 1.18488806742243 1.10237087123096 1.32124740304425 0 1.2777145113796 1.61498041218147 1.38433117116801 1.08896574308164
1.85469601792283 1.7860938643571 1.28119413577951 1.38134144130163 1.73145518568344 1.67891313508153 1.65217483183369 1.18759272061288 1.15368757769465 1.71918564871885 1.16124348016456 1.08526666043326 1.55665186862461 1.14972772938199 1.93005161872134 1.51378902583383 1.11593442270532 1.41701839817688 1.02675944846123 1.52883047400974 1.92881176178344 1.05528766522184 1.64961699652486 0.988213523989543 1.19299739878625 1.2777145113796 0 1.38221453130245 1.39853978110477 1.32834006845951
1.07714425306767 1.60615466232412 1.73605188145302 1.04723691637628 1.78634432516992 1.94365362985991 1.87365848803893 1.08725893381052 1.34846898540854 1.893762211781 1.26493277144618 1.22079132450745 1.91360684693791 1.18780591152608 1.34116507368162 1.33529613749124 1.4405492679216 1.86192288110033 1.46460092486814 1.21800956851803 1.80272536049597 1.65652767615393 1.03502151346765 1.2117054015398 1.84684140235186 1.61498041218147 1.38221453130245 0 1.43164859781973 1.52603163919412
1.01832726388238 1.44049426470883 1.7008903438691 0.990510867908597 1.68978428118862 1.63978291326202 1.14972681924701 1.71623195032589 1.32264930917881 1.73285149526782 1.11161509878002 1.8276241151616 1.61841984209605 1.79450717451982 1.39185989322141 1.60826564463787 1.91175450454466 1.06966594746336 1.779400709318 1.09265056392178 1.77136527211405 1.21338571142405 1.60838408814743 1.2830734399613 1.47235027933493 1.38433117116801 1.39853978110477 1.43164859781973 0 1.21278596529737
1.41992002143525 1.36512952274643 1.00099065946415 1.4389750752598 1.15424521965906 1.41227800305933 1.75237827631645 1.3240601955913 1.80991473910399 1.24607242783532 1.89968198980205 1.72601597011089 1.78401955333538 1.04411438992247 1.62191754905507 1.79238827805966 1.49127059755847 1.38227876881137 1.04831785196438 1.33353546541184 1.38194443634711 1.80484474846162 1.8307233992964 1.06246509379707 1.66352925426327 1.08896574308164 1.32834006845951 1.52603163919412 1.21278596529737 0
