0 1.91463497746736 1.36957869050093 0.959535685600713 1.62933575036004 1.1232174646575 1.74979239399545 1.8478329225909 1.56683375267312 0.968118443386629 1.56573711638339 1.54973284923472 1.91912120440975 1.47631876030937 1.45074437488802 1.05453041312285 1.46763340570033 0.960288720438257 1.9324831168633 1.18330504931509 1.44575398275629 1.50915365247056 1.56837485707365 1.02757781674154 1.10890499781817 1.36615586164407 1.21881213318557 1.89513134839945 1.02279529115185 1.0871474519372
1.91463497746736 0 1.52026262017898 1.92673036153428 1.00097889918834 1.39224504237063 1.41840634704567 1.28232822543941 1.40157153480686 1.60018305457197 1.73739528493024 1.8883158529643 1.80641188868321 1.09447241108865 1.24759956775233 1.26963744778186 1.77521943068132 1.32220149971545 0.996465085074306 1.51034368434921 1.46336720441468 1.17366283596493 1.49945705546997 1.39466207870282 1.49257138255052 1.09890517010354 1.58273841883056 1.1174104148522 1.82319445069879 1.79386210907251
1.36957869050093 1.52026262017898 0 0.966032359283417 0.979465062031522 1.24278970458545 1.94185081380419 1.86654006084427 1.25182043807581 1.63108919817023 1.37440173258074 1.44526171986945 1.56683692336082 1.39925289340317 1.90570464357734 1.46755115617998 1.45843971543945 1.4354438087903 1.73902709851973 1.1196320920717 1.36301160790026 1.79662115988322 1.68928199564107 1.20758401136845 1.76797749195248 1.54252551868558 1.43060957058333 0.960655975388363 1.91790366335772 1.63970004720613
0.959535685600713 1.92673036153428 0.966032359283417 0 0.972771598026156 1.42897284612991 1.7867929211352 1.01043276349083 1.91752842348069 1.25362480175681 1.76906652655452 1.64896587911062 1.61065148189664 1.00597274070606 1.90930280508474 1.66310881031677 1.42596116452478 1.32548532355577 1.86423796135932 1.29892696836032 1.18302148813382 1.7405425386969 1.83660308481194 1.89807087066583 0.982512957882136 1.68300163769163 1.17612446611747 1.78285490861163 1.72198917833157 1.07437703036703
1.62933575036004 1.00097889918834 0.979465062031522 0.972771598026156 0 1.340616568923 1.92705833469518 1.63768078759313 1.14825065108016 1.20773970941082 1.86368768289685 1.23509899224155 1.53633989905939 1.77142379246652 1.93701601168141 1.47754209348932 1.08129479805939 0.99581131269224 1.06009334418923 1.23205133294687 1.82091524009593 1.63575902627781 1.76313169137575 1.86412375140935 1.82657742640004 1.34672295465134 1.7660067724064 1.49329961999319 1.21090182545595 0.989248734433204
1.1232174646575 1.39224504237063 1.24278970458545 1.42897284612991 1.340616568923 0 1.16599766840227 0.981291307369247 1.77574397088028 1.65682801790535 1.72656131209806 1.49092377442867 0.965761721599847 1.35859448323026 1.01939986273646 0.981591640273109 1.36150835035369 1.53387906262651 1.01665117777884 1.67899698554538 1.93764565559104 1.10746524808928 1.62927107699215 1.12816295959055 1.1320292132441 1.81112399534322 1.38071728637442 1.33881643787026 1.20308722509071 0.991845573764294
1.74979239399545 1.41840634704567 1.94185081380419 1.7867929211352 1.92705833469518 1.16599766840227 0 1.91186197823845 1.77618764783256 1.3106305024121 1.5792066489812 1.91782752703875 1.4420737742912 1.50350538711064 1.30123548791744 1.3392219489906 0.958748064003885 1.06113092415035 1.34351332811639 1.94439664762467 1.31737297191285 1.50083472300321 1.25664103310555 1.39341332064942 1.12853484344669 1.40077311708592 1.44688617880456 1.18747892254032 1.54619490657933 1.04674930893816
1.8478329225909 1.28232822543941 1.86654006084427 1.01043276349083 1.63768078759313 0.981291307369247 1.91186197823845 0 1.63322723913006 1.61451049544849 1.58365529822186 1.00319783715531 1.42007427802309 1.88477581716143 1.7932099129539 1.0311543175485 1.31280788127333 1.74092347640544 1.51496041589417 1.74720407277346 1.31199977453798 1.35094960941933 1.49699875619262 1.25354248122312 1.82184103084728 1.93261350970715 1.11404024390504 1.33260357542895 1.57620147382841 1.04333259933628
1.56683375267312 1.40157153480686 1.25182043807581 1.91752842348069 1.14825065108016 1.77574397088028 1.77618764783256 1.63322723913006 0 1.17787630530074 1.69062784384005 1.58842115988955 1.61928223259747 1.37317989813164 1.27743263216689 1.69013239862397 1.94863727223128 1.37555261352099 1.90980735374615 1.66432745405473 0.960981118492782 1.84955939021893 1.81850275513716 1.76178463106044 1.52170473872684 1.30875845975243 1.25727903819643 1.50980587489903 1.90483688563108 1.83688577776775
0.968118443386629 1.60018305457197 1.63108919817023 1.25362480175681 1.20773970941082 1.65682801790535 1.3106305024121 1.61451049544849 1.17787630530074 0 1.67974429856986 1.93008987931535 1.81404940155335 1.71654646098614 1.53183263470419 1.91318447585218 1.5397241471801 1.22861262084916 1.88393678818829 1.45720956125297 1.90903056785464 1.941294293385 1.09211687324569 1.67318037408404 1.21393613819964 1.26532068173401 1.83630941645242 1.5751940771006 1.00589824398048 1.53487655846402
1.56573711638339 1.73739528493024 1.37440173258074 1.76906652655452 1.86368768289685 1.72656131209806 1.5792066489812 1.58365529822186 1.69062784384005 1.67974429856986 0 1.15093043912202 1.56770169408992 1.92244072840549 1.47894201683812 1.48624004004523 1.92507631331682 1.19734383118339 1.77646823204122 1.56752179283649 1.54615192604251 1.08125959755853 1.36417032312602 1.75489287218079 0.962647622684017 1.89304022747092 1.92151393787935 1.46700724121183 1.41591249871999 1.55119522707537
1.54973284923472 1.8883158529643 1.44526171986945 1.64896587911062 1.23509899224155 1.49092377442867 1.91782752703875 1.00319783715531 1.58842115988955 1.93008987931535 1.15093043912202 0 1.62082925322466 1.08072127657942 1.13708108430728 1.35654939711094 0.989231192041188 1.36666222196072 1.27690617414191 1.43699729233049 1.53241910645738 1.76298494567163 1.37242272868752 1.65763943595812 1.55000351252966 1.84661602578126 1.25353165878914 1.27799826813862 0.997321278788149 1.33166001737118
1.91912120440975 1.80641188868321 1.56683692336082 1.61065148189664 1.53633989905939 0.965761721599847 1.4420737742912 1.42007427802309 1.61928223259747 1.81404940155335 1.56770169408992 1.62082925322466 0 1.22562425537035 1.28380945371464 1.06269798777066 0.960304570849985 1.07900724373758 1.35832403367385 1.61425121151842 1.8192166830413 1.05541589041241 1.54612869303674 1.72034614300355 1.71428277646191 1.08940817136317 1.89681875472888 1.0465077990666 1.39445648877881 1.0747398796957
1.47631876030937 1.09447241108865 1.39925289340317 1.00597274070606 1.77142379246652 1.35859448323026 1.50350538711064 1.88477581716143 1.37317989813164 1.71654646098614 1.92244072840549 1.08072127657942 1.22562425537035 0 1.28778386791237 1.89807260432281 1.6280746916309 1.45192894386128 1.04346621548757 1.60953627317213 1.13475028960966 1.86552365752868 1.84667530632578 1.80438088998199 1.84720271616243 1.37097441102378 1.61054368177429 1.71787719498388 1.47883814480156 1.70668270625174
1.45074437488802 1.24759956775233 1.90570464357734 1.90930280508474 1.93701601168141 1.01939986273646 1.30123548791744 1.7932099129539 1.27743263216689 1.53183263470419 1.47894201683812 1.13708108430728 1.28380945371464 1.28778386791237 0 1.44824841944501 1.81479737558402 1.59716532030143 1.1904077953659 1.28133611613885 0.986952533945441 1.02668210025877 0.984605630626902 1.89690321497619 1.20517804427072 1.33969283103943 1.9549263685476 0.95689829532057 1.48880531638861 1.0827471378725
1.05453041312285 1.26963744778186 1.46755115617998 1.66310881031677 1.47754209348932 0.981591640273109 1.3392219489906 1.0311543175485 1.69013239862397 1.91318447585218 1.48624004004523 1.35654939711094 1.06269798777066 1.89807260432281 1.44824841944501 0 1.909490540158 1.47136945603415 0.957766090519726 1.03065717499703 1.84023554809391 1.91831617802382 1.06272566132247 1.38213294046 1.49855281459168 1.36381454998627 1.76086268248037 1.88476620009169 1.79179175919853 1.39988798322156
1.46763340570033 1.77521943068132 1.45843971543945 1.42596116452478 1.08129479805939 1.36150835035369 0.958748064003885 1.31280788127333 1.94863727223128 1.5397241471801 1.92507631331682 0.989231192041188 0.960304570849985 1.6280746916309 1.81479737558402 1.909490540158 0 1.55110301799141 1.07292593014427 1.74356379802339 1.57530605513602 1.30129677033983 1.41349145490676 1.61142778140493 1.36440241429955 1.14915760071017 1.93398106168024 1.66907182126306 1.42557516111992 1.76281048171222
0.960288720438257 1.32220149971545 1.4354438087903 1.32548532355577 0.99581131269224 1.53387906262651 1.06113092415035 1.74092347640544 1.37555261352099 1.22861262084916 1.19734383118339 1.36666222196072 1.07900724373758 1.45192894386128 1.59716532030143 1.47136945603415 1.55110301799141 0 1.7366721665021 1.43484366498888 1.94434940069914 0.980428386712447 1.52394392434508 1.37416044669226 1.80268532107584 1.25731112551875 1.51982588740066 1.84166707633995 1.62865412258543 1.28018373437226
1.9324831168633 0.996465085074306 1.73902709851973 1.86423796135932 1.06009334418923 1.01665117777884 1.34351332811639 1.51496041589417 1.90980735374615 1.88393678818829 1.77646823204122 1.27690617414191 1.35832403367385 1.04346621548757 1.1904077953659 0.957766090519726 1.07292593014427 1.7366721665021 0 1.83901496930048 0.973376858048141 1.79287613672204 1.58306437009014 1.79110042261891 1.21887245913967 1.70002072351053 1.80398101685569 1.40523807425052 1.32824908080511 1.02156415232457
1.18330504931509 1.51034368434921 1.1196320920717 1.29892696836032 1.23205133294687 1.67899698554538 1.94439664762467 1.74720407277346 1.66432745405473 1.45720956125297 1.56752179283649 1.43699729233049 1.61425121151842 1.60953627317213 1.28133611613885 1.03065717499703 1.74356379802339 1.43484366498888 1.83901496930048 0 1.47649557352997 1.71921083983034 1.52408552123234 1.73219043202698 1.6929273433052 1.09463840723038 1.44376324280165 1.60447812080383 1.88802160951309 1.00353551912121
1.44575398275629 1.46336720441468 1.36301160790026 1.18302148813382 1.82091524009593 1.93764565559104 1.31737297191285 1.31199977453798 0.960981118492782 1.90903056785464 1.54615192604251 1.53241910645738 1.8192166830413 1.13475028960966 0.986952533945441 1.84023554809391 1.57530605513602 1.94434940069914 0.973376858048141 1.47649557352997 0 0.963921013986692 1.91852245503105 1.63553049252369 1.71554604941048 1.24128292663954 1.88971721287817 1.33849002956413 1.54066123999655 1.61612060246989
1.50915365247056 1.17366283596493 1.79662115988322 1.7405425386969 1.63575902627781 1.10746524808928 1.50083472300321 1.35094960941933 1.84955939021893 1.941294293385 1.08125959755853 1.76298494567163 1.05541589041241 1.86552365752868 1.02668210025877 1.91831617802382 1.30129677033983 0.980428386712447 1.79287613672204 1.71921083983034 0.963921013986692 0 1.50548725086264 1.29628136428073 1.01779023418203 1.32584261684678 1.32082381052896 1.47599913342856 1.1675201265607 1.04700220399536
1.56837485707365 1.49945705546997 1.68928199564107 1.83660308481194 1.76313169137575 1.62927107699215 1.25664103310555 1.49699875619262 1.81850275513716 1.09211687324569 1.36417032312602 1.37242272868752 1.54612869303674 1.84667530632578 0.984605630626902 1.06272566132247 1.41349145490676 1.52394392434508 1.58306437009014 1.52408552123234 1.91852245503105 1.50548725086264 0 1.09286313829944 1.14403094048612 1.42290610657074 1.92879091808572 1.08291939483024 1.70776097872294 1.75616317521781
1.02757781674154 1.39466207870282 1.20758401136845 1.89807087066583 1.86412375140935 1.12816295959055 1.39341332064942 1.25354248122312 1.76178463106044 1.67318037408404 1.75489287218079 1.65763943595812 1.72034614300355 1.80438088998199 1.89690321497619 1.38213294046 1.61142778140493 1.37416044669226 1.79110042261891 1.73219043202698 1.63553049252369 1.29628136428073 1.09286313829944 0 1.27728443988599 0.968805278418586 1.06850803713314 1.86533526470885 1.06394375162199 1.10530668403953
1.10890499781817 1.49257138255052 1.76797749195248 0.982512957882136 1.82657742640004 1.1320292132441 1.12853484344669 1.82184103084728 1.52170473872684 1.21393613819964 0.962647622684017 1.55000351252966 1.71428277646191 1.84720271616243 1.20517804427072 1.49855281459168 1.36440241429955 1.80268532107584 1.21887245913967 1.6929273433052 1.71554604941048 1.01779023418203 1.14403094048612 1.27728443988599 0 1.05724044819362 1.89704319601879 1.25654799188487 1.43495435384102 1.567308251746
1.36615586164407 1.09890517010354 1.54252551868558 1.68300163769163 1.34672295465134 1.81112399534322 1.40077311708592 1.93261350970715 1.30875845975243 1.26532068173401 1.89304022747092 1.84661602578126 1.08940817136317 1.37097441102378 1.33969283103943 1.36381454998627 1.14915760071017 1.25731112551875 1.70002072351053 1.09463840723038 1.24128292663954 1.32584261684678 1.42290610657074 0.968805278418586 1.05724044819362 0 1.85718104871921 1.73940127342939 1.81225921143778 0.956298901699483
1.21881213318557 1.58273841883056 1.43060957058333 1.17612446611747 1.7660067724064 1.38071728637442 1.44688617880456 1.11404024390504 1.25727903819643 1.83630941645242 1.92151393787935 1.25353165878914 1.89681875472888 1.61054368177429 1.9549263685476 1.76086268248037 1.93398106168024 1.51982588740066 1.80398101685569 1.44376324280165 1.88971721287817 1.32082381052896 1.92879091808572 1.06850803713314 1.89704319601879 1.85718104871921 0 1.92799363425002 1.91275212843902 1.85625082976185
1.89513134839945 1.1174104148522 0.960655975388363 1.78285490861163 1.49329961999319 1.33881643787026 1.18747892254032 1.33260357542895 1.50980587489903 1.5751940771006 1.46700724121183 1.27799826813862 1.0465077990666 1.71787719498388 0.95689829532057 1.88476620009169 1.66907182126306 1.84166707633995 1.40523807425052 1.60447812080383 1.33849002956413 1.47599913342856 1.08291939483024 1.86533526470885 1.25654799188487 1.73940127342939 1.92799363425002 0 1.28136782767251 1.51827156892978
1.02279529115185 1.82319445069879 1.91790366335772 1.72198917833157 1.21090182545595 1.20308722509071 1.54619490657933 1.57620147382841 1.90483688563108 1.00589824398048 1.41591249871999 0.997321278788149 1.39445648877881 1.47883814480156 1.48880531638861 1.79179175919853 1.42557516111992 1.62865412258543 1.32824908080511 1.88802160951309 1.54066123999655 1.1675201265607 1.70776097872294 1.06394375162199 1.43495435384102 1.81225921143778 1.91275212843902 1.28136782767251 0 1.18289084616117
1.0871474519372 1.79386210907251 1.63970004720613 1.07437703036703 0.989248734433204 0.991845573764294 1.04674930893816 1.04333259933628 1.83688577776775 1.53487655846402 1.55119522707537 1.33166001737118 1.0747398796957 1.70668270625174 1.0827471378725 1.39988798322156 1.76281048171222 1.28018373437226 1.02156415232457 1.00353551912121 1.61612060246989 1.04700220399536 1.75616317521781 1.10530668403953 1.567308251746 0.956298901699483 1.85625082976185 1.51827156892978 1.18289084616117 0
