0 1.47781915217638 1.00343445292674 1.30012541892938 1.68821372208185 1.85741191450506 0.95347072230652 1.60034778062254 1.63456948334351 1.09635661006905 1.32880865340121 1.44991540303454 1.2682255783584 1.29057881282642 1.52369256969541 1.5201042832341 0.980785343330353 1.67965895542875 1.12129451800138 1.41069162078202 1.10547053534538 1.06374696595594 1.59984877053648 1.31864694668911 1.71746208774857 1.85567132662982 1.61826396523975 1.87799930782057 1.0470700582955 1.61125130066648
1.47781915217638 0 1.21257949410938 1.41508887894452 1.08135768165812 0.974981117760763 1.26668155216612 1.42983996286057 1.34320136695169 1.77071844995953 1.75285913539119 1.04945673327893 1.77816803148016 1.63984948419966 1.46180417295545 1.29785321373492 1.55865711276419 1.32295620557852 1.60270389192738 1.49603483709507 1.82595746219158 1.10580324940383 1.24443676997907 1.19356441101991 1.62469796836376 1.58086615009233 1.50251710298471 1.39833122468553 1.22795725381002 1.477878726786
1.00343445292674 1.21257949410938 0 1.36153381993063 1.6335924800951 1.50644740625285 0.963746595894918 1.1968199792318 1.10667696618475 1.11948647210374 1.02495728223585 1.94494374585338 1.49981775064953 0.974572330713272 1.16030795057304 1.28400397417136 1.48877180553973 1.03387264395133 1.17567603848875 1.81891993503086 0.966090422589332 1.17867249902338 1.47889826609753 1.06817028485239 1.52333760703914 0.961509134620428 1.35751687875018 1.44664329988882 1.01498007006012 1.3023342420347
1.30012541892938 1.41508887894452 1.36153381993063 0 1.30578956846148 1.38368458836339 1.87918567517772 1.04538838868029 1.20384311443195 1.0429465372581 1.09472403209656 1.28029179433361 1.55108620878309 1.06044233171269 1.68678543809801 1.6417546744924 1.8821994101163 1.21961469203234 1.36444387538359 1.50036393548362 1.86835813033395 1.28986742114648 1.04850677773356 1.30137620936148 1.36074798507616 1.84924326161854 1.80342077161185 1.85676917247474 1.14159137429669 1.00294931582175
1.68821372208185 1.08135768165812 1.6335924800951 1.30578956846148 0 1.44000359810889 1.70104425423779 0.987843844573945 1.36791674955748 1.90342314308509 0.977929029380903 1.64801444928162 1.01924845366739 1.8723167295102 1.75399667723104 1.2548640309833 1.0207085327711 1.43430244876072 1.24001133511774 0.964230268495157 1.51049411599524 1.94280165689997 1.79995242762379 1.53793249605224 1.00175485573709 1.93006095546298 1.92642909032293 1.64218930038624 1.59485432226211 1.60150462575257
1.85741191450506 0.974981117760763 1.50644740625285 1.38368458836339 1.44000359810889 0 1.14885792764835 1.83229497005232 1.87539338413626 1.8445523227565 1.66399968671612 1.51138935703784 1.7338618079666 1.64480089023709 1.41252381447703 1.37231651158072 1.15391370700672 1.0949784417171 1.08697663480416 1.61233927751891 1.09547490230761 1.10937072173692 1.82733001071028 1.8233464541845 1.15722293709405 1.87174513051286 1.53410192835145 1.92628560890444 1.55123641830869 1.65586360474117
0.95347072230652 1.26668155216612 0.963746595894918 1.87918567517772 1.70104425423779 1.14885792764835 0 1.77731878380291 1.55151152983308 1.73915306082927 1.24034416629001 0.982509789522737 1.94545734161511 1.26794950384647 1.70502274972387 1.09352184226736 1.53547353274189 1.66439149295911 1.54461939167231 1.20413638302125 1.23679870506749 1.36861281632446 1.56949244369753 1.49252898921259 1.32621437427588 1.01998364599422 1.21492858044803 1.8373590875417 1.89803894376382 1.65532244788483
1.60034778062254 1.42983996286057 1.1968199792318 1.04538838868029 0.987843844573945 1.83229497005232 1.77731878380291 0 0.983741215895861 1.71575517975725 1.61758874519728 1.01681856345385 1.18141354806721 1.33488185098395 1.90013861469924 1.75669262511656 1.5761826178059 1.28550818236545 1.13419753778726 1.65388817177154 1.41531548439525 1.7440514434129 1.30212409328669 1.61249958351254 1.1110680194106 1.84276447584853 1.87170232762583 1.71763733029366 1.28758474485949 1.28598522138782
1.63456948334351 1.34320136695169 1.10667696618475 1.20384311443195 1.36791674955748 1.87539338413626 1.55151152983308 0.983741215895861 0 1.73336699139327 1.36872721952386 1.03982635913417 1.44666505721398 1.46910894475877 1.65444064419717 1.04304618597962 1.24053624272346 1.70658144261688 1.78800959303044 1.55058511695825 1.02983879554085 1.78236219263636 1.51714708213694 1.27759132930078 1.41057901037857 1.38935641036369 1.46452814410441 1.33463969058357 1.78865794371814 1.16632997477427
1.09635661006905 1.77071844995953 1.11948647210374 1.0429465372581 1.90342314308509 1.8445523227565 1.73915306082927 1.71575517975725 1.73336699139327 0 1.16197416442446 1.30174239422195 1.08286945917644 1.91977277654223 1.72446435969323 1.48907051538117 0.951542650116608 1.58461158117279 1.44337008101866 1.92924616951495 1.21340742730536 1.06286751735024 1.4493012081366 1.73490880336612 1.60126316105016 1.73617018014193 1.48517071921378 1.15817462606356 1.6670104986988 1.86283583333716
1.32880865340121 1.75285913539119 1.02495728223585 1.09472403209656 0.977929029380903 1.66399968671612 1.24034416629001 1.61758874519728 1.36872721952386 1.16197416442446 0 1.04748978582211 1.38679889380001 1.82299384940416 1.21259048092179 1.74082870129496 1.40442280936986 1.82080421317369 1.72460706322454 0.980909185949713 1.29186148592271 1.55027195531875 1.6733747238759 1.73937113070861 1.68853909824975 1.61941962852143 1.05367287434638 1.55303427693434 1.49389039492235 1.8229905043263
1.44991540303454 1.04945673327893 1.94494374585338 1.28029179433361 1.64801444928162 1.51138935703784 0.982509789522737 1.01681856345385 1.03982635913417 1.30174239422195 1.04748978582211 0 1.49029117636383 1.11856075562537 1.75038964184932 1.55121430149302 1.75533942482434 1.76197361829691 1.03320949617773 1.88579115853645 1.81878866860643 1.31681154947728 1.16143982368521 1.22141069080681 1.78687956533395 1.27228633291088 1.50434601260349 1.05969996773638 1.40566359972581 1.86739722616039
1.2682255783584 1.77816803148016 1.49981775064953 1.55108620878309 1.01924845366739 1.7338618079666 1.94545734161511 1.18141354806721 1.44666505721398 1.08286945917644 1.38679889380001 1.49029117636383 0 1.50655867601745 1.14208010467701 1.56472239154391 1.87713069957681 1.92072151391767 1.39854440186173 1.61805455875583 1.37394086667337 1.6528983283788 1.10788704873994 1.35078535112552 1.42000824329443 1.94553868239745 1.74380742874928 1.69048639643006 1.44283534237184 1.1301944644656
1.29057881282642 1.63984948419966 0.974572330713272 1.06044233171269 1.8723167295102 1.64480089023709 1.26794950384647 1.33488185098395 1.46910894475877 1.91977277654223 1.82299384940416 1.11856075562537 1.50655867601745 0 1.71385666518472 1.22031626221724 1.70202009007335 1.73887761076912 1.36989451455884 1.91992462496273 1.76669283909723 1.62830308638513 1.73301121406257 1.15776157192886 0.993355720536783 1.70975503278896 1.67599881696515 1.02864601556212 1.47062720265239 1.52416339493357
1.52369256969541 1.46180417295545 1.16030795057304 1.68678543809801 1.75399667723104 1.41252381447703 1.70502274972387 1.90013861469924 1.65444064419717 1.72446435969323 1.21259048092179 1.75038964184932 1.14208010467701 1.71385666518472 0 1.72695482545532 1.68762651272118 1.34428232000209 1.83344623795711 1.44038396934047 1.84790364233777 1.42382426303811 1.66459501907229 1.71245776535943 1.3733373733703 0.974893501028419 1.18045861716382 1.72964741522446 1.63216809253208 1.55272622033954
1.5201042832341 1.29785321373492 1.28400397417136 1.6417546744924 1.2548640309833 1.37231651158072 1.09352184226736 1.75669262511656 1.04304618597962 1.48907051538117 1.74082870129496 1.55121430149302 1.56472239154391 1.22031626221724 1.72695482545532 0 1.82426974806003 1.87564265495166 1.74965443392284 1.23683677357621 1.89973134221509 1.14935521036386 1.93139948579483 1.49462017277256 1.3688913716469 1.54504532390274 1.79002488055266 1.40886330488138 1.04853897332214 1.34879867476411
0.980785343330353 1.55865711276419 1.48877180553973 1.8821994101163 1.0207085327711 1.15391370700672 1.53547353274189 1.5761826178059 1.24053624272346 0.951542650116608 1.40442280936986 1.75533942482434 1.87713069957681 1.70202009007335 1.68762651272118 1.82426974806003 0 1.54031162546016 1.33679450908676 1.59649891755544 1.74999760556966 1.36705129873008 1.37620583083481 0.988665120210499 1.25475879688747 1.70933834067546 1.36356456717476 1.68881073407829 1.51941134920344 1.50025832909159
1.67965895542875 1.32295620557852 1.03387264395133 1.21961469203234 1.43430244876072 1.0949784417171 1.66439149295911 1.28550818236545 1.70658144261688 1.58461158117279 1.82080421317369 1.76197361829691 1.92072151391767 1.73887761076912 1.34428232000209 1.87564265495166 1.54031162546016 0 1.65648287767544 1.11765930918045 1.6003209608607 1.44443320040591 1.38613938074559 1.57093918672763 1.09648935170844 1.38637079531327 1.64387723547406 1.52284667734057 1.63045594166033 1.40075423219241
1.12129451800138 1.60270389192738 1.17567603848875 1.36444387538359 1.24001133511774 1.08697663480416 1.54461939167231 1.13419753778726 1.78800959303044 1.44337008101866 1.72460706322454 1.03320949617773 1.39854440186173 1.36989451455884 1.83344623795711 1.74965443392284 1.33679450908676 1.65648287767544 0 1.28377903765067 1.78036054433323 1.66060011577792 1.85515370965004 1.08221764629707 1.53869054885581 0.991268450859934 1.12148735369556 1.55284218885936 1.47559460671619 1.44864709442481
1.41069162078202 1.49603483709507 1.81891993503086 1.50036393548362 0.964230268495157 1.61233927751891 1.20413638302125 1.65388817177154 1.55058511695825 1.92924616951495 0.980909185949713 1.88579115853645 1.61805455875583 1.91992462496273 1.44038396934047 1.23683677357621 1.59649891755544 1.11765930918045 1.28377903765067 0 1.78419421403669 1.27966520562768 1.55636051809415 1.16843517799862 1.71829284448177 1.76655059214681 0.962198821827769 1.59553466411307 1.00139147858135 1.36894780443981
1.10547053534538 1.82595746219158 0.966090422589332 1.86835813033395 1.51049411599524 1.09547490230761 1.23679870506749 1.41531548439525 1.02983879554085 1.21340742730536 1.29186148592271 1.81878866860643 1.37394086667337 1.76669283909723 1.84790364233777 1.89973134221509 1.74999760556966 1.6003209608607 1.78036054433323 1.78419421403669 0 1.72949641710147 1.69832683051936 1.0857451132033 1.81920204218477 1.83106627245434 1.9276044825092 1.44350510067306 1.81045867013745 1.28007269953378
1.06374696595594 1.10580324940383 1.17867249902338 1.28986742114648 1.94280165689997 1.10937072173692 1.36861281632446 1.7440514434129 1.78236219263636 1.06286751735024 1.55027195531875 1.31681154947728 1.6528983283788 1.62830308638513 1.42382426303811 1.14935521036386 1.36705129873008 1.44443320040591 1.66060011577792 1.27966520562768 1.72949641710147 0 0.976685811299831 1.14103888650425 1.47125005233102 1.59047276992351 1.58452686900273 1.06848441855982 1.77910101320595 1.24605702469125
1.59984877053648 1.24443676997907 1.47889826609753 1.04850677773356 1.79995242762379 1.82733001071028 1.56949244369753 1.30212409328669 1.51714708213694 1.4493012081366 1.6733747238759 1.16143982368521 1.10788704873994 1.73301121406257 1.66459501907229 1.93139948579483 1.37620583083481 1.38613938074559 1.85515370965004 1.55636051809415 1.69832683051936 0.976685811299831 0 1.01830262457952 1.51662412728183 1.05397482728586 1.29287948203273 1.42867581243627 1.08911804668605 1.00223791296594
1.31864694668911 1.19356441101991 1.06817028485239 1.30137620936148 1.53793249605224 1.8233464541845 1.49252898921259 1.61249958351254 1.27759132930078 1.73490880336612 1.73937113070861 1.22141069080681 1.35078535112552 1.15776157192886 1.71245776535943 1.49462017277256 0.988665120210499 1.57093918672763 1.08221764629707 1.16843517799862 1.0857451132033 1.14103888650425 1.01830262457952 0 1.60243923286907 1.48129568481818 1.47657745331526 1.34508542763069 1.56728868302889 1.62479948881082
1.71746208774857 1.62469796836376 1.52333760703914 1.36074798507616 1.00175485573709 1.15722293709405 1.32621437427588 1.1110680194106 1.41057901037857 1.60126316105016 1.68853909824975 1.78687956533395 1.42000824329443 0.993355720536783 1.3733373733703 1.3688913716469 1.25475879688747 1.09648935170844 1.53869054885581 1.71829284448177 1.81920204218477 1.47125005233102 1.51662412728183 1.60243923286907 0 1.57491129217669 1.45802751323208 1.64276006049477 1.7389251536224 1.53806140972301
1.85567132662982 1.58086615009233 0.961509134620428 1.84924326161854 1.93006095546298 1.87174513051286 1.01998364599422 1.84276447584853 1.38935641036369 1.73617018014193 1.61941962852143 1.27228633291088 1.94553868239745 1.70975503278896 0.974893501028419 1.54504532390274 1.70933834067546 1.38637079531327 0.991268450859934 1.76655059214681 1.83106627245434 1.59047276992351 1.05397482728586 1.48129568481818 1.57491129217669 0 1.61707950127311 1.15636072517373 1.73726109042764 1.820087187225
1.61826396523975 1.50251710298471 1.35751687875018 1.80342077161185 1.92642909032293 1.53410192835145 1.21492858044803 1.87170232762583 1.46452814410441 1.48517071921378 1.05367287434638 1.50434601260349 1.74380742874928 1.67599881696515 1.18045861716382 1.79002488055266 1.36356456717476 1.64387723547406 1.12148735369556 0.962198821827769 1.9276044825092 1.58452686900273 1.29287948203273 1.47657745331526 1.45802751323208 1.61707950127311 0 1.64124004216865 1.13434612448327 1.89821994537488
1.87799930782057 1.39833122468553 1.44664329988882 1.85676917247474 1.64218930038624 1.92628560890444 1.8373590875417 1.71763733029366 1.33463969058357 1.15817462606356 1.55303427693434 1.05969996773638 1.69048639643006 1.02864601556212 1.72964741522446 1.40886330488138 1.68881073407829 1.52284667734057 1.55284218885936 1.59553466411307 1.44350510067306 1.06848441855982 1.42867581243627 1.34508542763069 1.64276006049477 1.15636072517373 1.64124004216865 0 1.20637524896301 1.84065288864076
1.0470700582955 1.22795725381002 1.01498007006012 1.14159137429669 1.59485432226211 1.55123641830869 1.89803894376382 1.28758474485949 1.78865794371814 1.6670104986988 1.49389039492235 1.40566359972581 1.44283534237184 1.47062720265239 1.63216809253208 1.04853897332214 1.51941134920344 1.63045594166033 1.47559460671619 1.00139147858135 1.81045867013745 1.77910101320595 1.08911804668605 1.56728868302889 1.7389251536224 1.73726109042764 1.13434612448327 1.20637524896301 0 1.27421695343219
1.61125130066648 1.477878726786 1.3023342420347 1.00294931582175 1.60150462575257 1.65586360474117 1.65532244788483 1.28598522138782 1.16632997477427 1.86283583333716 1.8229905043263 1.86739722616039 1.1301944644656 1.52416339493357 1.55272622033954 1.34879867476411 1.50025832909159 1.40075423219241 1.44864709442481 1.36894780443981 1.28007269953378 1.24605702469125 1.00223791296594 1.62479948881082 1.53806140972301 1.820087187225 1.89821994537488 1.84065288864076 1.27421695343219 0
