0 1.37869053450413 1.54465613514185 1.4371922921855 1.29822712112218 1.47295232955366 1.35139408451505 1.60446680011228 0.900607862276956 1.05620531295426 1.33191603492014 1.80687911133282 1.15552477329038 1.49209380708635 1.17914197314531 1.10738416365348 1.80477359239012 1.42618105327711 1.57128583197482 1.69179839128628 1.08476487593725 1.13338496442884 1.0135912806727 1.17975761671551 1.02126425597817 1.50826676003635 1.40102685266174 1.66745135141537 1.72539681824856 1.72132986248471
1.37869053450413 0 1.0441535115242 1.18047706293873 1.31383941275999 1.69990655477159 1.59284396260045 1.35666261147708 1.8552666627802 1.43511084257625 1.44367232732475 1.55829327693209 1.36441825004295 1.48058568197303 1.85229981224984 1.09357025031932 1.75007298006676 1.23583321576007 1.31689069280401 1.25927064754069 1.32049501989968 0.995810396969318 1.16173270135187 1.69881161814556 1.82112300372683 1.83291661762632 1.31816203496419 1.41274942737073 0.999843060737476 1.7611582998652
1.54465613514185 1.0441535115242 0 1.75778712728061 1.61090071382932 1.24014009465463 1.63443710352294 1.08305672905408 1.44109271932393 1.87861621007323 1.29036632063799 1.60342339216731 1.46414156747051 1.03876003320329 1.5902603759896 1.05571564147249 1.20417110272683 1.74944373988546 1.25361086660996 1.07978505291976 1.7756831292063 1.23197534750216 1.48940721852705 1.52889485750347 1.39034500019625 1.37471979530528 1.84910158952698 1.12209385400638 1.24564632494003 1.85963452211581
1.4371922921855 1.18047706293873 1.75778712728061 0 1.18912651459686 0.965000382857397 1.34853106318042 1.75774537050165 1.36553740571253 1.564796237275 0.955949768656865 1.64957657153718 1.82153374888003 1.09413742553443 1.05362875177525 0.963929909514263 1.21154300542548 1.06775882956572 1.14344019582495 1.69884739303961 1.51199690951034 1.18327721650712 1.79474837356247 1.32758435839787 1.60355247324333 1.64807193470187 1.33092942018993 0.898704842897132 1.32522391108796 1.08066695462912
1.29822712112218 1.31383941275999 1.61090071382932 1.18912651459686 0 1.54618315142579 1.60322499275208 1.03778046392836 1.09993407665752 1.77909172209911 1.56290937238373 1.59827690687962 1.64277372229844 1.59594264416955 1.72683623339981 1.69912835140713 1.33841669210233 1.23709655180573 1.35173896257766 0.897468867246062 1.29346839152277 1.63506619655527 1.59511370933615 0.899102451978251 1.26026276359335 1.17935770214535 1.72297645756043 1.25591408228502 1.53318590600975 1.66534446110018
1.47295232955366 1.69990655477159 1.24014009465463 0.965000382857397 1.54618315142579 0 1.34768343158066 1.59277318511158 0.906835627742112 1.36703995452262 1.300930069061 1.00041100336239 1.75043220445514 1.14439282449894 1.49104911205359 1.82972563290969 1.79732929402962 1.27514642220922 1.81538069923408 1.18476502527483 1.8159826125484 0.957429157337174 0.898482760647312 1.3166848749388 1.00949121499434 1.36735038016923 1.53807863011025 1.77023070398718 1.86724973935634 1.59165183803998
1.35139408451505 1.59284396260045 1.63443710352294 1.34853106318042 1.60322499275208 1.34768343158066 0 1.0991601573769 1.21787855471484 1.69884688430466 1.0925628230907 1.73846326512285 1.09013498504646 1.54047328908928 1.60013567842543 0.898375387303531 1.18838914041407 1.53229069756344 0.986409151228145 1.68624851061031 1.88019336084835 1.82893281616271 1.25661961967126 1.6318121557124 1.00045878137462 1.59205973451026 1.26136333262548 1.76036040880717 1.38245398621075 1.00865418068133
1.60446680011228 1.35666261147708 1.08305672905408 1.75774537050165 1.03778046392836 1.59277318511158 1.0991601573769 0 1.73176478152163 1.49358537932858 1.0911375686992 1.19795903423801 1.76126835262403 1.29201279766858 1.22076839581132 1.64777437178418 0.974507266422734 1.37265220889822 1.00127134704962 0.93112889607437 0.956176517996937 1.38547276868485 1.78880204819143 1.71250153123401 1.38760910113342 0.917626454727724 1.19482894451357 1.21786428778432 1.4727210754063 1.47045242832974
0.900607862276956 1.8552666627802 1.44109271932393 1.36553740571253 1.09993407665752 0.906835627742112 1.21787855471484 1.73176478152163 0 0.989785753190517 1.2595793500077 1.01429419009946 1.01559001463465 1.56274945568293 0.914336063433439 1.24333559046499 1.57333073369227 1.77035957644694 1.60482223285362 1.87585881934501 1.84422088391148 1.08942206390202 1.10463892412372 0.920494562014937 1.20399497449398 1.80806241068058 1.16092818044126 1.00847235275432 1.09530046838336 0.957051688106731
1.05620531295426 1.43511084257625 1.87861621007323 1.564796237275 1.77909172209911 1.36703995452262 1.69884688430466 1.49358537932858 0.989785753190517 0 1.60925178439356 1.25297184824012 1.78727923566476 1.04773144703358 1.16300527751446 1.85451544891112 1.43177534569986 1.27735579037108 1.88209432479925 0.91709307464771 0.959519040537998 1.71311303717084 1.86698217643425 1.32491715718061 1.28811373049393 1.00266544474289 1.88068019645289 1.36584880808368 0.903758827596903 0.916640060488135
1.33191603492014 1.44367232732475 1.29036632063799 0.955949768656865 1.56290937238373 1.300930069061 1.0925628230907 1.0911375686992 1.2595793500077 1.60925178439356 0 1.24817760451697 1.13712256099097 1.66749460552819 1.59881448559463 1.15387086104602 1.17731109284796 1.67173358704895 1.21240356937051 1.71176867606118 1.39484612457454 1.21145562990569 1.3095679404214 1.74217268684879 1.43911901814863 1.3666640620213 1.14325185259804 1.61460816138424 1.11290983832441 1.82045533810742
1.80687911133282 1.55829327693209 1.60342339216731 1.64957657153718 1.59827690687962 1.00041100336239 1.73846326512285 1.19795903423801 1.01429419009946 1.25297184824012 1.24817760451697 0 1.87511431938037 0.961390499491245 1.69912643334828 1.88472689525224 1.80198443075642 1.02166776056401 0.999978977954015 1.03039024840109 1.45650426321663 1.07154418854043 0.990419080248103 1.20684325951152 1.53468348365277 1.45026803691871 1.85579717974178 0.957830355968326 1.87386345025152 1.39252277323976
1.15552477329038 1.36441825004295 1.46414156747051 1.82153374888003 1.64277372229844 1.75043220445514 1.09013498504646 1.76126835262403 1.01559001463465 1.78727923566476 1.13712256099097 1.87511431938037 0 1.36351627856493 1.79067942383699 1.29782498907298 1.83355458173901 1.87447009864263 1.15728845749982 1.34029885218479 1.43469285173342 0.94603979983367 1.87153995921835 0.961586066521704 1.63047014386393 1.10412872373126 1.0887492550537 1.23046906408854 1.00855726515874 1.38917772495188
1.49209380708635 1.48058568197303 1.03876003320329 1.09413742553443 1.59594264416955 1.14439282449894 1.54047328908928 1.29201279766858 1.56274945568293 1.04773144703358 1.66749460552819 0.961390499491245 1.36351627856493 0 1.69521349435672 0.972297558095306 1.82859848951921 1.47111997217871 1.01416659587994 1.68814989062957 1.3338001286611 1.29166857013479 1.66653453907929 1.7105035635177 1.53570143994875 1.42273733275943 0.89440668025054 1.07844439172186 1.03454057779163 1.47887917095795
1.17914197314531 1.85229981224984 1.5902603759896 1.05362875177525 1.72683623339981 1.49104911205359 1.60013567842543 1.22076839581132 0.914336063433439 1.16300527751446 1.59881448559463 1.69912643334828 1.79067942383699 1.69521349435672 0 1.06400657631457 1.18884387775324 1.07949668285437 1.56711609824561 1.82088780496269 0.977613473078236 1.87863001762889 1.68448972376063 1.06955286953598 1.02824807050638 1.51119403052144 1.08270843536593 1.71851991862059 1.79447853867896 0.970842493698001
1.10738416365348 1.09357025031932 1.05571564147249 0.963929909514263 1.69912835140713 1.82972563290969 0.898375387303531 1.64777437178418 1.24333559046499 1.85451544891112 1.15387086104602 1.88472689525224 1.29782498907298 0.972297558095306 1.06400657631457 0 1.00580221158452 1.83814241201617 1.48353758174926 1.39094005897641 1.31581406691112 0.957927200011909 0.97165187401697 1.39936698158272 0.936517796479166 1.28853875538334 1.13275825115852 1.3171083573252 1.17867702199146 1.06097617885098
1.80477359239012 1.75007298006676 1.20417110272683 1.21154300542548 1.33841669210233 1.79732929402962 1.18838914041407 0.974507266422734 1.57333073369227 1.43177534569986 1.17731109284796 1.80198443075642 1.83355458173901 1.82859848951921 1.18884387775324 1.00580221158452 0 1.71447625081055 1.56784520647489 1.7945772507228 1.17895970796235 0.959374697180465 1.63132492383011 1.24833964300342 1.19966456736438 1.03234179480933 1.01769647584297 1.53331894008443 1.78915428253822 1.55643910658546
1.42618105327711 1.23583321576007 1.74944373988546 1.06775882956572 1.23709655180573 1.27514642220922 1.53229069756344 1.37265220889822 1.77035957644694 1.27735579037108 1.67173358704895 1.02166776056401 1.87447009864263 1.47111997217871 1.07949668285437 1.83814241201617 1.71447625081055 0 1.14252235996537 1.47001074114814 1.59025782020763 1.4972614182625 1.65980788576417 1.29399350774474 1.71433676616289 1.00086889625527 1.45890126796439 1.25781179359183 0.944044569740072 1.20652157464065
1.57128583197482 1.31689069280401 1.25361086660996 1.14344019582495 1.35173896257766 1.81538069923408 0.986409151228145 1.00127134704962 1.60482223285362 1.88209432479925 1.21240356937051 0.999978977954015 1.15728845749982 1.01416659587994 1.56711609824561 1.48353758174926 1.56784520647489 1.14252235996537 0 1.18011176330037 1.3667350562755 1.51872192532755 1.01981323119253 1.1780433030799 1.60725217475556 1.77299544191919 1.64004206797108 1.05873047444038 1.65434896526858 1.82848789892159
1.69179839128628 1.25927064754069 1.07978505291976 1.69884739303961 0.897468867246062 1.18476502527483 1.68624851061031 0.93112889607437 1.87585881934501 0.91709307464771 1.71176867606118 1.03039024840109 1.34029885218479 1.68814989062957 1.82088780496269 1.39094005897641 1.7945772507228 1.47001074114814 1.18011176330037 0 0.905643720179796 0.961303500924259 1.42867395398207 1.55465819174424 0.945578648243099 1.79699629638344 1.03871669340879 1.44898739177734 1.47903805365786 1.20688204909675
1.08476487593725 1.32049501989968 1.7756831292063 1.51199690951034 1.29346839152277 1.8159826125484 1.88019336084835 0.956176517996937 1.84422088391148 0.959519040537998 1.39484612457454 1.45650426321663 1.43469285173342 1.3338001286611 0.977613473078236 1.31581406691112 1.17895970796235 1.59025782020763 1.3667350562755 0.905643720179796 0 1.29923069034703 1.06002836185507 1.86620365804993 1.05846757860854 1.85561855323613 1.05546989780851 1.81783072906546 0.994472404709086 1.44538525445387
1.13338496442884 0.995810396969318 1.23197534750216 1.18327721650712 1.63506619655527 0.957429157337174 1.82893281616271 1.38547276868485 1.08942206390202 1.71311303717084 1.21145562990569 1.07154418854043 0.94603979983367 1.29166857013479 1.87863001762889 0.957927200011909 0.959374697180465 1.4972614182625 1.51872192532755 0.961303500924259 1.29923069034703 0 1.11428838316351 1.65445817797445 1.64432317414321 1.85511523368768 1.25279620406218 1.68525234772824 0.945285116322339 1.28854474099353
1.0135912806727 1.16173270135187 1.48940721852705 1.79474837356247 1.59511370933615 0.898482760647312 1.25661961967126 1.78880204819143 1.10463892412372 1.86698217643425 1.3095679404214 0.990419080248103 1.87153995921835 1.66653453907929 1.68448972376063 0.97165187401697 1.63132492383011 1.65980788576417 1.01981323119253 1.42867395398207 1.06002836185507 1.11428838316351 0 1.46759527572431 1.86650230223313 1.2116863320116 1.0129164471291 1.09926510159858 1.03286253707483 0.983717659721151
1.17975761671551 1.69881161814556 1.52889485750347 1.32758435839787 0.899102451978251 1.3166848749388 1.6318121557124 1.71250153123401 0.920494562014937 1.32491715718061 1.74217268684879 1.20684325951152 0.961586066521704 1.7105035635177 1.06955286953598 1.39936698158272 1.24833964300342 1.29399350774474 1.1780433030799 1.55465819174424 1.86620365804993 1.65445817797445 1.46759527572431 0 1.74846391193569 1.72274970100261 1.61237480095588 0.988215338205919 1.58583452738822 1.58926985319704
1.02126425597817 1.82112300372683 1.39034500019625 1.60355247324333 1.26026276359335 1.00949121499434 1.00045878137462 1.38760910113342 1.20399497449398 1.28811373049393 1.43911901814863 1.53468348365277 1.63047014386393 1.53570143994875 1.02824807050638 0.936517796479166 1.19966456736438 1.71433676616289 1.60725217475556 0.945578648243099 1.05846757860854 1.64432317414321 1.86650230223313 1.74846391193569 0 1.23786415695213 1.0029677846469 1.43038641428575 1.1383929871954 1.33248343528248
1.50826676003635 1.83291661762632 1.37471979530528 1.64807193470187 1.17935770214535 1.36735038016923 1.59205973451026 0.917626454727724 1.80806241068058 1.00266544474289 1.3666640620213 1.45026803691871 1.10412872373126 1.42273733275943 1.51119403052144 1.28853875538334 1.03234179480933 1.00086889625527 1.77299544191919 1.79699629638344 1.85561855323613 1.85511523368768 1.2116863320116 1.72274970100261 1.23786415695213 0 1.62068979092874 1.20361945265904 1.5946074842941 1.44859333126806
1.40102685266174 1.31816203496419 1.84910158952698 1.33092942018993 1.72297645756043 1.53807863011025 1.26136333262548 1.19482894451357 1.16092818044126 1.88068019645289 1.14325185259804 1.85579717974178 1.0887492550537 0.89440668025054 1.08270843536593 1.13275825115852 1.01769647584297 1.45890126796439 1.64004206797108 1.03871669340879 1.05546989780851 1.25279620406218 1.0129164471291 1.61237480095588 1.0029677846469 1.62068979092874 0 1.8332749477122 1.10591812361963 1.76983894989826
1.66745135141537 1.41274942737073 1.12209385400638 0.898704842897132 1.25591408228502 1.77023070398718 1.76036040880717 1.21786428778432 1.00847235275432 1.36584880808368 1.61460816138424 0.957830355968326 1.23046906408854 1.07844439172186 1.71851991862059 1.3171083573252 1.53331894008443 1.25781179359183 1.05873047444038 1.44898739177734 1.81783072906546 1.68525234772824 1.09926510159858 0.988215338205919 1.43038641428575 1.20361945265904 1.8332749477122 0 0.988425434567034 1.27017441671342
1.72539681824856 0.999843060737476 1.24564632494003 1.32522391108796 1.53318590600975 1.86724973935634 1.38245398621075 1.4727210754063 1.09530046838336 0.903758827596903 1.11290983832441 1.87386345025152 1.00855726515874 1.03454057779163 1.79447853867896 1.17867702199146 1.78915428253822 0.944044569740072 1.65434896526858 1.47903805365786 0.994472404709086 0.945285116322339 1.03286253707483 1.58583452738822 1.1383929871954 1.5946074842941 1.10591812361963 0.988425434567034 0 1.50662688654847
1.72132986248471 1.7611582998652 1.85963452211581 1.08066695462912 1.66534446110018 1.59165183803998 1.00865418068133 1.47045242832974 0.957051688106731 0.916640060488135 1.82045533810742 1.39252277323976 1.38917772495188 1.47887917095795 0.970842493698001 1.06097617885098 1.55643910658546 1.20652157464065 1.82848789892159 1.20688204909675 1.44538525445387 1.28854474099353 0.983717659721151 1.58926985319704 1.33248343528248 1.44859333126806 1.76983894989826 1.27017441671342 1.50662688654847 0
