0 1.29566956474446 1.71220569615252 1.10795117518865 1.83707567886449 1.60341440676711 1.86394258309156 1.5223032082431 1.02304708189331 1.24100857810117 1.19523648521863 1.40903033851646 1.56765729631297 1.39981073047966 0.926834410754964 1.25717383786105 1.80458526406437 1.08868240378797 1.69631242682226 1.73258139938116 0.941545749781653 1.3824822853785 1.50716928672045 1.47449759813026 1.31975276465528 1.61709395796061 1.76758420164697 1.16701606847346 1.51482747728005 1.1829305649735
1.29566956474446 0 1.79775623744354 1.74977944721468 1.04713302175514 1.55017016083002 1.13742524967529 1.28422402730212 1.60586366942152 1.53397498140112 1.89613945549354 1.13899438153021 1.01908143679611 0.921656281454489 1.00943407882005 1.27170122228563 1.39184312638827 1.87799845077097 1.63400394772179 1.01220292272046 1.55962109891698 1.6776293667499 1.48882725578733 1.05193066038191 1.88088626926765 1.31753803230822 0.976925474358723 1.8785623984877 1.29078423301689 1.2496609876398
1.71220569615252 1.79775623744354 0 1.42269216710702 1.84950448595919 0.968354532727972 1.7080456444528 1.10263283248059 1.18430075305514 1.71139103895985 1.90621765190735 0.917953494470567 1.6193180794362 1.29187128646299 1.31134418956935 1.44351789052598 1.77436465607025 1.37661329703405 1.17937981383875 1.10539704631083 1.15618489938788 1.33700683596544 1.16009219619446 1.82054713717662 1.00402706535533 1.13698820699938 1.25095376721583 1.16295192507096 1.89281881228089 1.20602853177115
1.10795117518865 1.74977944721468 1.42269216710702 0 1.21340956864879 1.73523782333359 1.19882459752262 1.06534093269147 1.1942585145589 1.28763794829138 1.18512688344344 1.15415234141983 1.01539976522326 1.7865404386539 1.76853980822489 1.85950664267875 1.20088888332248 1.4387407891918 0.944428092101589 1.62911206739955 1.48192030959763 1.73838680097833 1.47302506887354 0.920484546339139 1.17807184928097 1.7530066864565 1.37926060659811 1.78082424565218 1.82657378748991 1.48686260310933
1.83707567886449 1.04713302175514 1.84950448595919 1.21340956864879 0 1.53583800350316 1.4081216561608 1.87666594400071 1.34001593547873 1.85362652572803 1.68750121863559 0.945525486953557 0.935131168458611 1.17329194233753 1.90729128150269 1.23828330333345 1.59511350747198 1.02512804302387 1.53319995896891 1.64734253543429 1.4408161744941 1.39374225051142 1.0112229466904 1.51308224513195 0.968153812689707 1.41206938610412 0.929294458124787 1.28418610082008 1.89610069361515 1.03530887910165
1.60341440676711 1.55017016083002 0.968354532727972 1.73523782333359 1.53583800350316 0 0.97391236317344 1.14567978004925 1.5335114703048 1.16761334845796 1.51466384646483 1.72509569278918 1.36521067307331 1.63399310433306 1.36306525790133 1.32827895926312 1.11109266197309 1.54187383572571 1.13764253025874 1.28594462270848 1.35160105163231 0.99032819038257 1.09581668558531 1.38131617195904 1.72768448642455 1.83242249232717 1.0484828541521 1.85181007091887 1.7474565252196 1.59585735620931
1.86394258309156 1.13742524967529 1.7080456444528 1.19882459752262 1.4081216561608 0.97391236317344 0 1.1086428060662 1.3680153968744 1.23154201009311 1.02958724368364 1.56237344094552 1.25014094519429 1.05257404199801 1.6961724141147 0.969749278156087 1.230326062534 1.43012417317368 0.968231410486624 1.68019011709839 1.69445110065863 1.73747342801653 1.49011262017302 1.1845650493633 1.54437407548539 1.1569943735376 1.77036915509962 1.45371417677961 0.924727503675967 1.67710008611903
1.5223032082431 1.28422402730212 1.10263283248059 1.06534093269147 1.87666594400071 1.14567978004925 1.1086428060662 0 1.1744054814335 1.31821402464993 1.66481902333908 0.990244608139619 1.17634805035777 1.79795044055209 1.65990339056589 1.62858235742897 0.997217749012634 1.48923432640731 1.25949927186593 0.954186722636223 1.6605507065542 1.53464948502369 1.86975122359581 1.5554383804556 1.53639083704911 1.89308613003232 1.83957131020725 1.06816668482497 1.55983994831331 1.241740726633
1.02304708189331 1.60586366942152 1.18430075305514 1.1942585145589 1.34001593547873 1.5335114703048 1.3680153968744 1.1744054814335 0 1.25885996315628 1.37951636640355 1.23327346751466 1.20974488253705 1.75278340606019 1.5924848918803 1.57528461725451 1.90059515787289 1.07392810261808 1.81469223066233 1.04977076104842 1.78288987837732 1.21325908578001 1.20506161567755 1.61355061503127 1.60606796503998 1.79460878367536 1.83794380212203 1.18583420547657 1.23531445348635 1.8601415862795
1.24100857810117 1.53397498140112 1.71139103895985 1.28763794829138 1.85362652572803 1.16761334845796 1.23154201009311 1.31821402464993 1.25885996315628 0 1.05963773652911 1.45623489376158 1.40173944574781 1.51398867042735 1.8375217942521 1.84512227308005 1.33106355718337 1.29251310811378 1.23273675562814 1.68052888056263 1.85934644448571 1.22894316678867 1.16649483377114 1.3944079419598 0.930701021105051 1.1455270529259 0.969487209338695 1.50354841607623 1.82061925344169 1.26638690684922
1.19523648521863 1.89613945549354 1.90621765190735 1.18512688344344 1.68750121863559 1.51466384646483 1.02958724368364 1.66481902333908 1.37951636640355 1.05963773652911 0 1.7087648299057 1.41828185785562 1.14558309270069 1.24449769384228 1.81856615561992 1.3483339198865 1.79628991615027 1.07897055218928 1.71867218171246 1.65773906675167 1.42015114147216 1.75450373836793 1.11775747174397 1.52092147129588 1.82210090896115 1.60093213594519 1.56676148669794 0.978946606395766 1.65135293873027
1.40903033851646 1.13899438153021 0.917953494470567 1.15415234141983 0.945525486953557 1.72509569278918 1.56237344094552 0.990244608139619 1.23327346751466 1.45623489376158 1.7087648299057 0 1.43065476370975 1.90809105476364 1.36783726885915 1.00552089652047 1.87580039491877 1.21449411823414 1.12587217520922 1.09240279020742 1.31314869085327 1.15962805179879 1.75344206066802 1.2719637430273 1.74866468179971 1.33348477166146 1.87481994507834 1.40808108448982 1.67683982639574 1.6093919549603
1.56765729631297 1.01908143679611 1.6193180794362 1.01539976522326 0.935131168458611 1.36521067307331 1.25014094519429 1.17634805035777 1.20974488253705 1.40173944574781 1.41828185785562 1.43065476370975 0 1.04181628068909 1.53598909080029 1.31500329985283 1.38652897067368 1.43329211021774 1.83953304798342 1.54877020115964 1.28162053436972 1.02974832174368 1.09144021337852 1.21142086363398 1.52944332105108 1.88511077570729 1.2212837531697 1.49327967339195 1.79174758633599 1.23342580883764
1.39981073047966 0.921656281454489 1.29187128646299 1.7865404386539 1.17329194233753 1.63399310433306 1.05257404199801 1.79795044055209 1.75278340606019 1.51398867042735 1.14558309270069 1.90809105476364 1.04181628068909 0 1.61109953769483 1.73312955559231 1.01933256629854 1.02575713139959 1.80733123468235 0.944133076351136 1.87396199791692 1.57599165360443 0.983259873697534 1.03846974787302 1.21397133124992 1.81240701698698 1.0488640437834 1.03041097987443 1.05401748884469 1.02363563259132
0.926834410754964 1.00943407882005 1.31134418956935 1.76853980822489 1.90729128150269 1.36306525790133 1.6961724141147 1.65990339056589 1.5924848918803 1.8375217942521 1.24449769384228 1.36783726885915 1.53598909080029 1.61109953769483 0 1.65554319601506 1.26606631954201 1.69778684340417 1.48803423880599 1.66770616918802 1.52677381364629 1.18602083646692 1.77984833903611 0.989986930275336 1.57683516293764 1.41363400407135 1.51594322477467 1.48038138286211 1.41456530569121 0.996628122404218
1.25717383786105 1.27170122228563 1.44351789052598 1.85950664267875 1.23828330333345 1.32827895926312 0.969749278156087 1.62858235742897 1.57528461725451 1.84512227308005 1.81856615561992 1.00552089652047 1.31500329985283 1.73312955559231 1.65554319601506 0 1.01621622196399 1.29353314312175 1.104303621687 1.64823428587988 1.62008464871906 1.82605654117651 0.993593034567311 1.68986096582375 1.51619307138026 1.31836243835278 1.02898135688156 1.10016826004721 1.68322093179449 1.54611890530214
1.80458526406437 1.39184312638827 1.77436465607025 1.20088888332248 1.59511350747198 1.11109266197309 1.230326062534 0.997217749012634 1.90059515787289 1.33106355718337 1.3483339198865 1.87580039491877 1.38652897067368 1.01933256629854 1.26606631954201 1.01621622196399 0 1.69442551326938 1.6448501877021 1.34105052845553 1.15400844323449 1.11459034262225 1.5282379409764 1.52117559569888 1.31517858779989 1.72124673100188 1.36574888322502 1.17504446790554 1.53990869736299 1.6225719624199
1.08868240378797 1.87799845077097 1.37661329703405 1.4387407891918 1.02512804302387 1.54187383572571 1.43012417317368 1.48923432640731 1.07392810261808 1.29251310811378 1.79628991615027 1.21449411823414 1.43329211021774 1.02575713139959 1.69778684340417 1.29353314312175 1.69442551326938 0 0.957552202744409 1.36108803586103 1.75498467334546 1.51309930440038 1.25314067234285 0.994094060268253 1.38441737811081 1.1684959589038 1.2214412111789 1.55411009443924 1.03920405218378 1.15699044289067
1.69631242682226 1.63400394772179 1.17937981383875 0.944428092101589 1.53319995896891 1.13764253025874 0.968231410486624 1.25949927186593 1.81469223066233 1.23273675562814 1.07897055218928 1.12587217520922 1.83953304798342 1.80733123468235 1.48803423880599 1.104303621687 1.6448501877021 0.957552202744409 0 1.65918514342047 1.32979824859649 1.08718689065427 1.55616374290548 1.78074338193983 1.80179161275737 1.33354610716924 1.6410223019775 1.3416979694739 1.74784399033524 1.73097170423716
1.73258139938116 1.01220292272046 1.10539704631083 1.62911206739955 1.64734253543429 1.28594462270848 1.68019011709839 0.954186722636223 1.04977076104842 1.68052888056263 1.71867218171246 1.09240279020742 1.54877020115964 0.944133076351136 1.66770616918802 1.64823428587988 1.34105052845553 1.36108803586103 1.65918514342047 0 1.07141059357673 1.52697279606946 1.4337207050994 1.30337434168905 1.28770408034325 1.34327565832064 1.62295918120071 1.18045158288442 1.57221661554649 1.86303403880447
0.941545749781653 1.55962109891698 1.15618489938788 1.48192030959763 1.4408161744941 1.35160105163231 1.69445110065863 1.6605507065542 1.78288987837732 1.85934644448571 1.65773906675167 1.31314869085327 1.28162053436972 1.87396199791692 1.52677381364629 1.62008464871906 1.15400844323449 1.75498467334546 1.32979824859649 1.07141059357673 0 1.38709075632505 1.35318743134849 1.84343621763401 1.16881242557429 0.932806988945231 1.34188748314045 1.75458363583311 1.24297066638246 1.46907002734952
1.3824822853785 1.6776293667499 1.33700683596544 1.73838680097833 1.39374225051142 0.99032819038257 1.73747342801653 1.53464948502369 1.21325908578001 1.22894316678867 1.42015114147216 1.15962805179879 1.02974832174368 1.57599165360443 1.18602083646692 1.82605654117651 1.11459034262225 1.51309930440038 1.08718689065427 1.52697279606946 1.38709075632505 0 1.38543924712576 1.22061502700672 1.09204894979484 1.17615814530291 1.03289175359532 1.0329967525322 1.55826844205149 0.956402604933828
1.50716928672045 1.48882725578733 1.16009219619446 1.47302506887354 1.0112229466904 1.09581668558531 1.49011262017302 1.86975122359581 1.20506161567755 1.16649483377114 1.75450373836793 1.75344206066802 1.09144021337852 0.983259873697534 1.77984833903611 0.993593034567311 1.5282379409764 1.25314067234285 1.55616374290548 1.4337207050994 1.35318743134849 1.38543924712576 0 1.89792410423979 1.84331667353399 1.05582909425721 1.52608235599473 1.87539589195512 1.844861025922 1.04300331650302
1.47449759813026 1.05193066038191 1.82054713717662 0.920484546339139 1.51308224513195 1.38131617195904 1.1845650493633 1.5554383804556 1.61355061503127 1.3944079419598 1.11775747174397 1.2719637430273 1.21142086363398 1.03846974787302 0.989986930275336 1.68986096582375 1.52117559569888 0.994094060268253 1.78074338193983 1.30337434168905 1.84343621763401 1.22061502700672 1.89792410423979 0 1.20374976028688 1.85201232018881 1.18948697531596 1.42922804411501 1.49798597954214 1.82633935171179
1.31975276465528 1.88088626926765 1.00402706535533 1.17807184928097 0.968153812689707 1.72768448642455 1.54437407548539 1.53639083704911 1.60606796503998 0.930701021105051 1.52092147129588 1.74866468179971 1.52944332105108 1.21397133124992 1.57683516293764 1.51619307138026 1.31517858779989 1.38441737811081 1.80179161275737 1.28770408034325 1.16881242557429 1.09204894979484 1.84331667353399 1.20374976028688 0 1.14908562391065 1.65522311604582 1.72960062674247 1.21485733194277 1.54601028491743
1.61709395796061 1.31753803230822 1.13698820699938 1.7530066864565 1.41206938610412 1.83242249232717 1.1569943735376 1.89308613003232 1.79460878367536 1.1455270529259 1.82210090896115 1.33348477166146 1.88511077570729 1.81240701698698 1.41363400407135 1.31836243835278 1.72124673100188 1.1684959589038 1.33354610716924 1.34327565832064 0.932806988945231 1.17615814530291 1.05582909425721 1.85201232018881 1.14908562391065 0 1.08341891877353 1.09044671710581 1.07689184229821 1.34121686429717
1.76758420164697 0.976925474358723 1.25095376721583 1.37926060659811 0.929294458124787 1.0484828541521 1.77036915509962 1.83957131020725 1.83794380212203 0.969487209338695 1.60093213594519 1.87481994507834 1.2212837531697 1.0488640437834 1.51594322477467 1.02898135688156 1.36574888322502 1.2214412111789 1.6410223019775 1.62295918120071 1.34188748314045 1.03289175359532 1.52608235599473 1.18948697531596 1.65522311604582 1.08341891877353 0 1.70005325321108 1.25066522182897 1.22919774148613
1.16701606847346 1.8785623984877 1.16295192507096 1.78082424565218 1.28418610082008 1.85181007091887 1.45371417677961 1.06816668482497 1.18583420547657 1.50354841607623 1.56676148669794 1.40808108448982 1.49327967339195 1.03041097987443 1.48038138286211 1.10016826004721 1.17504446790554 1.55411009443924 1.3416979694739 1.18045158288442 1.75458363583311 1.0329967525322 1.87539589195512 1.42922804411501 1.72960062674247 1.09044671710581 1.70005325321108 0 1.20715675014071 1.42574696242809
1.51482747728005 1.29078423301689 1.89281881228089 1.82657378748991 1.89610069361515 1.7474565252196 0.924727503675967 1.55983994831331 1.23531445348635 1.82061925344169 0.978946606395766 1.67683982639574 1.79174758633599 1.05401748884469 1.41456530569121 1.68322093179449 1.53990869736299 1.03920405218378 1.74784399033524 1.57221661554649 1.24297066638246 1.55826844205149 1.844861025922 1.49798597954214 1.21485733194277 1.07689184229821 1.25066522182897 1.20715675014071 0 1.27938194246963
1.1829305649735 1.2496609876398 1.20602853177115 1.48686260310933 1.03530887910165 1.59585735620931 1.67710008611903 1.241740726633 1.8601415862795 1.26638690684922 1.65135293873027 1.6093919549603 1.23342580883764 1.02363563259132 0.996628122404218 1.54611890530214 1.6225719624199 1.15699044289067 1.73097170423716 1.86303403880447 1.46907002734952 0.956402604933828 1.04300331650302 1.82633935171179 1.54601028491743 1.34121686429717 1.22919774148613 1.42574696242809 1.27938194246963 0
