0 1.12029700283892 1.30750367580913 1.09458567923866 1.56684874673374 1.55058602942154 1.87979951989837 1.17072722385637 1.73432579706423 1.04636769066565 0.968711713794619 1.60384575673379 1.1548757404089 1.66665889229625 1.16130444314331 1.4743674963247 1.08980957325548 1.65963103389367 1.45284842187539 1.5472461739555 1.84521598438732 0.979314696509391 1.6325171336066 1.52154395054094 1.78694336442277 1.44991958304308 1.76243448653258 1.79302923427895 1.13778926618397 1.17004824150354
1.12029700283892 0 1.59266672329977 1.19165327050723 1.92787641938776 1.75039134686813 1.20455141342245 1.5662954300642 1.26775474497117 1.20341107062995 1.5720745252911 1.59765321714804 1.87302441219799 1.14516213466413 1.82334085134789 1.1762070779223 1.56609038822353 1.86133619374596 1.32467556302436 1.18619540450163 1.07890441082418 1.73407803103328 1.23970069200732 1.10931034991518 1.7753444283735 1.5508729389403 1.74282080470584 1.38157687149942 1.44824375445023 1.93293322087266
1.30750367580913 1.59266672329977 0 1.04185217944905 1.39999263710342 1.00192123325542 1.61575006088242 1.90635099587962 1.3119124036748 1.69677116954699 1.84804998664185 1.40036224480718 1.70114728389308 1.12268846295774 1.01161635736935 1.32611480285414 1.26557601103559 0.973205476300791 1.68535309098661 1.43568499502726 1.90747120627202 1.15389719395898 0.95561214722693 1.44935884559527 1.74241214501671 1.70973693206906 1.79681759304367 1.50314511079341 1.72821057238616 1.03667708369903
1.09458567923866 1.19165327050723 1.04185217944905 0 1.01341043040156 0.957964440109208 1.32382669951767 1.15599202015437 1.62964010075666 1.49874485353939 1.72164880973287 1.81257670279592 1.74729394330643 1.37634200812317 1.54179650917649 1.38793583703227 1.1833845640067 1.4432993971277 1.83101403946057 1.03431702055968 1.92171006393619 1.58279024041258 1.8285594494082 1.54271837696433 1.74239601031877 1.39295728132129 1.73370822425932 1.04332911130041 1.65627927123569 1.86756095895544
1.56684874673374 1.92787641938776 1.39999263710342 1.01341043040156 0 1.52890167455189 1.90291245491244 1.43880353099667 1.93003778136335 1.26218338147737 1.49056914658286 1.62932394910604 1.68726504128426 1.37004493852146 1.9134288597852 1.20076302671805 1.70976872532628 1.91122266417369 1.73585613584146 1.61643962003291 1.70043841516599 1.43895802507177 1.34278276236728 0.952283263904974 1.78201321954839 1.39780014962889 1.79216788033955 1.78596734255552 1.67142891953699 1.86264706053771
1.55058602942154 1.75039134686813 1.00192123325542 0.957964440109208 1.52890167455189 0 1.70205039600842 1.70251358230598 1.6295516397804 1.65815241611563 1.38118274463341 1.88461973215453 0.967724488582462 1.18316835002042 1.44003884587437 1.5799549613148 1.70143341715448 1.57761256536469 1.79478422529064 1.85464058560319 1.82888713153079 1.45848123333417 1.75961260613985 1.64786397363059 1.33823439572006 1.39298515976407 0.984043651493266 1.54749484010972 1.92577604530379 1.53750616661273
1.87979951989837 1.20455141342245 1.61575006088242 1.32382669951767 1.90291245491244 1.70205039600842 0 1.87969086319208 1.21019724733196 1.91633001691662 1.2229994055815 1.82801997032948 1.87816630117595 1.12783419690095 1.44402301660739 1.63941384619102 1.04859775770456 1.16600022627972 1.79874167079106 1.33055019425228 1.8307318710722 1.55647184280679 1.14236006163992 1.29656276153401 1.38823028164916 1.47885844740085 1.0981531618163 1.79278022423387 1.33850999455899 1.64512107451446
1.17072722385637 1.5662954300642 1.90635099587962 1.15599202015437 1.43880353099667 1.70251358230598 1.87969086319208 0 1.47618133970536 0.991089090937749 1.39996266178787 1.78780312975869 1.25211710389704 1.32679785555229 1.24441138887778 0.973795784404501 1.48500207182951 1.75075408141129 1.55489626294002 1.35152301983908 1.54948830208741 1.51006475440226 1.3731164552737 1.19317253306508 1.53263507969677 1.69647267344408 1.8628814953845 1.60811932338402 1.0380805558525 1.6638220702298
1.73432579706423 1.26775474497117 1.3119124036748 1.62964010075666 1.93003778136335 1.6295516397804 1.21019724733196 1.47618133970536 0 1.69843259919435 1.17616832721978 1.24761873530224 1.83153998036869 1.44268978992477 1.31539327814244 1.4545220148284 0.970194534398615 1.79519070638344 1.92326456471346 1.715675216401 0.978097622515634 1.20397115149535 1.13705679960549 1.79255728051066 1.49410924990661 1.04194822884165 1.0323095023632 1.73169765691273 1.84661947749555 1.89704546798021
1.04636769066565 1.20341107062995 1.69677116954699 1.49874485353939 1.26218338147737 1.65815241611563 1.91633001691662 0.991089090937749 1.69843259919435 0 1.0333727512043 1.57683868170716 1.31065764511004 1.60311205708422 1.14216904737987 1.17337171803229 1.18740713596344 1.67199658951722 1.43435251014307 1.71466968953609 1.7256017467007 1.68013314995915 1.28593834955245 1.20925558800809 1.63489675335586 1.80930225574411 1.24630590202287 1.06429214403033 1.27734550205059 1.10969307506457
0.968711713794619 1.5720745252911 1.84804998664185 1.72164880973287 1.49056914658286 1.38118274463341 1.2229994055815 1.39996266178787 1.17616832721978 1.0333727512043 0 1.48593677580357 1.4402755277697 1.18155046226457 1.74303434090689 1.37346094544046 1.15697843185626 1.42510384251364 1.56103943428025 1.47089660284109 1.66219153534621 1.0085101085715 1.72509903972968 1.83469438948669 0.981784907635301 1.55832653632388 0.970706963445991 1.72836125851609 1.94085432542488 1.11482296069153
1.60384575673379 1.59765321714804 1.40036224480718 1.81257670279592 1.62932394910604 1.88461973215453 1.82801997032948 1.78780312975869 1.24761873530224 1.57683868170716 1.48593677580357 0 1.52346104569733 1.14778123609722 1.82645995495841 1.54782712017186 1.79819909110665 1.18220863002352 1.81787643721327 1.8043769269716 1.35608959826641 1.50160796381533 1.62346324021928 1.16720051015727 1.14751251088455 1.18810922559351 1.77365296427161 1.71472295140848 1.09822119260207 1.91179746156558
1.1548757404089 1.87302441219799 1.70114728389308 1.74729394330643 1.68726504128426 0.967724488582462 1.87816630117595 1.25211710389704 1.83153998036869 1.31065764511004 1.4402755277697 1.52346104569733 0 1.69477241160348 1.89720655605197 1.05875767813995 1.53018900309689 0.989974421681836 1.4909545998089 1.25352134043351 1.21557672112249 1.49410610226914 1.79563206085004 1.72436680924147 1.93956868257374 1.02400913462043 1.42741966061294 1.3792550812941 1.42547501949593 1.54896174743772
1.66665889229625 1.14516213466413 1.12268846295774 1.37634200812317 1.37004493852146 1.18316835002042 1.12783419690095 1.32679785555229 1.44268978992477 1.60311205708422 1.18155046226457 1.14778123609722 1.69477241160348 0 1.11703806743026 1.0405386199709 1.72196003701538 1.22702273866162 1.49348282977007 1.34796192753129 1.64813621691428 1.59187525836751 1.46481923735701 1.05794173665345 1.49134680489078 1.9087188532576 1.35805972642265 1.91537723690271 1.30562767805532 1.37824979214929
1.16130444314331 1.82334085134789 1.01161635736935 1.54179650917649 1.9134288597852 1.44003884587437 1.44402301660739 1.24441138887778 1.31539327814244 1.14216904737987 1.74303434090689 1.82645995495841 1.89720655605197 1.11703806743026 0 1.79390351637267 1.93115837359801 0.97013322589919 1.57872313354164 1.02054408472031 1.70632641785778 1.51483927317895 1.05072293360718 1.82682025246322 1.09081499814056 1.1195364149753 1.58367002638988 1.62764101848006 1.90701540466398 1.76455024397001
1.4743674963247 1.1762070779223 1.32611480285414 1.38793583703227 1.20076302671805 1.5799549613148 1.63941384619102 0.973795784404501 1.4545220148284 1.17337171803229 1.37346094544046 1.54782712017186 1.05875767813995 1.0405386199709 1.79390351637267 0 1.03838536492549 1.35962045728229 1.47349444008432 1.6350966906175 1.18021721416153 1.8247531093657 0.992095668567345 1.01125215110369 1.05036445311271 1.10896237310953 1.91620742762461 1.37139525986277 1.24185300129466 1.02294173371047
1.08980957325548 1.56609038822353 1.26557601103559 1.1833845640067 1.70976872532628 1.70143341715448 1.04859775770456 1.48500207182951 0.970194534398615 1.18740713596344 1.15697843185626 1.79819909110665 1.53018900309689 1.72196003701538 1.93115837359801 1.03838536492549 0 1.10391303384677 1.44848988461308 1.04126153606921 1.91656447574496 1.2286283178255 1.58235102077015 1.62920758780092 1.40402891882695 1.31065633753315 1.32635801821016 1.94049196620472 1.053085091291 0.969558501848951
1.65963103389367 1.86133619374596 0.973205476300791 1.4432993971277 1.91122266417369 1.57761256536469 1.16600022627972 1.75075408141129 1.79519070638344 1.67199658951722 1.42510384251364 1.18220863002352 0.989974421681836 1.22702273866162 0.97013322589919 1.35962045728229 1.10391303384677 0 1.92957774293609 1.05319686443545 1.21659718663432 1.73068620287813 1.6596998476889 0.958939400268719 0.972706287633628 1.55002008285373 1.81350738555193 1.4429968514014 1.64657273818739 1.43367416504771
1.45284842187539 1.32467556302436 1.68535309098661 1.83101403946057 1.73585613584146 1.79478422529064 1.79874167079106 1.55489626294002 1.92326456471346 1.43435251014307 1.56103943428025 1.81787643721327 1.4909545998089 1.49348282977007 1.57872313354164 1.47349444008432 1.44848988461308 1.92957774293609 0 1.15046377549879 1.84439553343691 1.03457244625315 1.0025762503501 1.86879590526223 1.73323210095987 1.24178539356217 1.56937282602303 1.94010431668721 1.76906273490749 1.26689382153563
1.5472461739555 1.18619540450163 1.43568499502726 1.03431702055968 1.61643962003291 1.85464058560319 1.33055019425228 1.35152301983908 1.715675216401 1.71466968953609 1.47089660284109 1.8043769269716 1.25352134043351 1.34796192753129 1.02054408472031 1.6350966906175 1.04126153606921 1.05319686443545 1.15046377549879 0 1.88911131140776 1.74793310253881 1.03617778373882 1.0871165767312 1.01975668082014 1.51861469610594 1.62642955011688 1.61254523252137 1.27374107646756 1.16355458903126
1.84521598438732 1.07890441082418 1.90747120627202 1.92171006393619 1.70043841516599 1.82888713153079 1.8307318710722 1.54948830208741 0.978097622515634 1.7256017467007 1.66219153534621 1.35608959826641 1.21557672112249 1.64813621691428 1.70632641785778 1.18021721416153 1.91656447574496 1.21659718663432 1.84439553343691 1.88911131140776 0 1.7675545278471 1.45642621302977 1.45277914451435 0.964542670175433 1.03306094859727 1.38883158820681 1.0002570648212 1.27239942201413 1.20366720366292
0.979314696509391 1.73407803103328 1.15389719395898 1.58279024041258 1.43895802507177 1.45848123333417 1.55647184280679 1.51006475440226 1.20397115149535 1.68013314995915 1.0085101085715 1.50160796381533 1.49410610226914 1.59187525836751 1.51483927317895 1.8247531093657 1.2286283178255 1.73068620287813 1.03457244625315 1.74793310253881 1.7675545278471 0 1.48558490839787 1.22401625732891 1.85818673111498 1.66081220842898 1.22548133810051 1.93831665837206 1.17489564185962 1.40918473945931
1.6325171336066 1.23970069200732 0.95561214722693 1.8285594494082 1.34278276236728 1.75961260613985 1.14236006163992 1.3731164552737 1.13705679960549 1.28593834955245 1.72509903972968 1.62346324021928 1.79563206085004 1.46481923735701 1.05072293360718 0.992095668567345 1.58235102077015 1.6596998476889 1.0025762503501 1.03617778373882 1.45642621302977 1.48558490839787 0 0.978539150208235 1.72037235298194 1.18933679047041 1.83158031455241 1.90418488904834 1.24361948715523 1.84478516923264
1.52154395054094 1.10931034991518 1.44935884559527 1.54271837696433 0.952283263904974 1.64786397363059 1.29656276153401 1.19317253306508 1.79255728051066 1.20925558800809 1.83469438948669 1.16720051015727 1.72436680924147 1.05794173665345 1.82682025246322 1.01125215110369 1.62920758780092 0.958939400268719 1.86879590526223 1.0871165767312 1.45277914451435 1.22401625732891 0.978539150208235 0 1.01001701597124 1.19258274021558 1.3838083606679 0.962021253770217 1.41421478916891 1.94265861739404
1.78694336442277 1.7753444283735 1.74241214501671 1.74239601031877 1.78201321954839 1.33823439572006 1.38823028164916 1.53263507969677 1.49410924990661 1.63489675335586 0.981784907635301 1.14751251088455 1.93956868257374 1.49134680489078 1.09081499814056 1.05036445311271 1.40402891882695 0.972706287633628 1.73323210095987 1.01975668082014 0.964542670175433 1.85818673111498 1.72037235298194 1.01001701597124 0 1.83046734589152 1.69409482972696 1.71866885269992 1.4235170003958 1.33119525294751
1.44991958304308 1.5508729389403 1.70973693206906 1.39295728132129 1.39780014962889 1.39298515976407 1.47885844740085 1.69647267344408 1.04194822884165 1.80930225574411 1.55832653632388 1.18810922559351 1.02400913462043 1.9087188532576 1.1195364149753 1.10896237310953 1.31065633753315 1.55002008285373 1.24178539356217 1.51861469610594 1.03306094859727 1.66081220842898 1.18933679047041 1.19258274021558 1.83046734589152 0 1.51547542633489 1.00775928422809 1.52432587696239 0.996318315155804
1.76243448653258 1.74282080470584 1.79681759304367 1.73370822425932 1.79216788033955 0.984043651493266 1.0981531618163 1.8628814953845 1.0323095023632 1.24630590202287 0.970706963445991 1.77365296427161 1.42741966061294 1.35805972642265 1.58367002638988 1.91620742762461 1.32635801821016 1.81350738555193 1.56937282602303 1.62642955011688 1.38883158820681 1.22548133810051 1.83158031455241 1.3838083606679 1.69409482972696 1.51547542633489 0 1.77544964081608 1.0675277558621 1.49600039445795
1.79302923427895 1.38157687149942 1.50314511079341 1.04332911130041 1.78596734255552 1.54749484010972 1.79278022423387 1.60811932338402 1.73169765691273 1.06429214403033 1.72836125851609 1.71472295140848 1.3792550812941 1.91537723690271 1.62764101848006 1.37139525986277 1.94049196620472 1.4429968514014 1.94010431668721 1.61254523252137 1.0002570648212 1.93831665837206 1.90418488904834 0.962021253770217 1.71866885269992 1.00775928422809 1.77544964081608 0 1.74005206488073 1.29271658975631
1.13778926618397 1.44824375445023 1.72821057238616 1.65627927123569 1.67142891953699 1.92577604530379 1.33850999455899 1.0380805558525 1.84661947749555 1.27734550205059 1.94085432542488 1.09822119260207 1.42547501949593 1.30562767805532 1.90701540466398 1.24185300129466 1.053085091291 1.64657273818739 1.76906273490749 1.27374107646756 1.27239942201413 1.17489564185962 1.24361948715523 1.41421478916891 1.4235170003958 1.52432587696239 1.0675277558621 1.74005206488073 0 1.69999742275104
1.17004824150354 1.93293322087266 1.03667708369903 1.86756095895544 1.86264706053771 1.53750616661273 1.64512107451446 1.6638220702298 1.89704546798021 1.10969307506457 1.11482296069153 1.91179746156558 1.54896174743772 1.37824979214929 1.76455024397001 1.02294173371047 0.969558501848951 1.43367416504771 1.26689382153563 1.16355458903126 1.20366720366292 1.40918473945931 1.84478516923264 1.94265861739404 1.33119525294751 0.996318315155804 1.49600039445795 1.29271658975631 1.69999742275104 0
