0 1.47670825570822 0.992135635111481 1.58757145586424 1.2554257537704 1.36553370207548 0.959250538144261 1.34887565393001 1.41201524902135 1.50025934260339 1.15636856551282 1.37149237375706 1.14960922626778 1.51467669568956 1.25249240966514 1.06994040659629 1.47813710640185 1.70081542106345 1.07338298042305 1.82510262937285 1.15648251748644 1.85757222701795 1.27574848523363 1.61894452874549 1.75155976763926 1.13016023579985 1.58803985337727 1.3695569622796 1.65971292927861 1.54746343032457
1.47670825570822 0 0.972824031254277 1.15556807885878 1.88960689469241 0.977092587156221 1.51162473252043 1.09569044690579 1.30844089738093 1.88893073378131 1.23012907523662 1.59988498850726 1.30069802352227 1.53927003429271 1.28694194578566 1.12203206331469 1.83854469936341 0.968708463013172 1.90264106844552 1.1466473264154 1.3890202511102 1.28846853272989 1.69255582522601 1.46068889368325 1.46073444047943 1.78036845871247 1.73597712325864 0.983068266650662 1.33494029170834 1.46961755119264
0.992135635111481 0.972824031254277 0 0.951612503733486 1.17999773961492 1.43295567040332 1.78549520019442 1.68199559673667 1.42639754875563 0.916106702527031 1.37836151686497 1.76217677001841 1.0238955214154 1.79845852288418 1.3733980783727 1.53130455804057 1.64476746390574 1.39875492476858 1.47193537745625 1.65665816632099 1.43960840906948 1.42557584890164 1.51837270287797 1.4990399137605 1.49516490590759 1.46068889275193 1.86022315709852 1.15024311584421 1.90291549288668 1.04817071743309
1.58757145586424 1.15556807885878 0.951612503733486 0 1.57505474821664 1.34147017914802 1.03803271963261 1.56819777144119 1.04435936990194 1.41425356967375 1.67268851632252 1.36138706258498 1.65665064519271 1.57964965933934 1.7199174258858 1.51396787865087 1.17912322864868 1.23516194871627 1.13608881551772 1.07282608421519 1.14197887154296 1.1581522829365 1.35262120305561 1.50446595321409 1.41297538788058 0.918044521473348 1.03831796115264 1.86225137510337 1.39944153954275 1.75443180254661
1.2554257537704 1.88960689469241 1.17999773961492 1.57505474821664 0 1.37731865467504 1.42758666235022 1.89949097344652 1.54601712198928 1.8241943961475 1.14191487547942 1.33915437106043 1.79231507563964 1.65282233944163 1.38400068134069 1.53966517210938 1.19075820199214 1.57970052119344 1.61472213896923 0.931922362884507 1.36406586528756 1.8580052643083 1.24500468885526 1.84911264921539 1.31158148730174 1.15510717546567 1.35490329680033 1.20719426474534 1.02933915797621 1.57990284590051
1.36553370207548 0.977092587156221 1.43295567040332 1.34147017914802 1.37731865467504 0 1.04434018325992 1.78565451642498 1.89248601254076 1.86476870137267 1.44812899967656 1.42274079541676 0.954756119055673 1.86527427705005 1.78075318667106 1.35757011733949 1.45576298353262 1.32550587621517 1.01382999215275 1.91355096711777 1.16170607949607 1.39293019310571 1.00156963826157 1.89845182164572 1.09412847086787 1.29455110197887 1.71586072468199 1.13469616789371 1.10007579368539 1.04726801044308
0.959250538144261 1.51162473252043 1.78549520019442 1.03803271963261 1.42758666235022 1.04434018325992 0 1.90530674019828 1.845775550697 1.2230560334865 0.984519186196849 1.60415584780276 1.30313820554875 1.00126626994461 1.33178940787911 1.29625462577678 1.39269330445677 1.01161222113296 1.42001181491651 1.26760728308 1.16919711441733 1.44420937937684 1.03379019116983 1.6292436986696 1.89984497148544 1.88884154194966 1.85836466634646 1.71985312108882 1.64854392898269 1.36437758104876
1.34887565393001 1.09569044690579 1.68199559673667 1.56819777144119 1.89949097344652 1.78565451642498 1.90530674019828 0 1.06077598407865 1.76115782512352 1.80578027898446 1.88957049371675 1.52369392290711 1.36207991489209 1.49127333541401 1.48074014554732 1.32721847528592 1.06280251103453 1.447899926221 1.08492308552377 1.0847721574828 1.54425113787875 1.80354642053135 1.08278872608207 1.05320654180832 1.13218363397755 1.83580598374829 1.74497329257429 1.53266862989403 1.77000877470709
1.41201524902135 1.30844089738093 1.42639754875563 1.04435936990194 1.54601712198928 1.89248601254076 1.845775550697 1.06077598407865 0 1.14371263794601 1.0042150891386 1.43533500377089 1.0750198783353 1.3522608790081 1.59176472062245 0.96096654701978 1.66237893910147 1.60834043286741 1.85145894251764 0.988442296627909 1.18026761850342 1.80277062673122 1.42454626783729 1.02782996254973 1.49474676861428 1.70531546324492 1.00116366543807 1.02376972325146 1.19666289212182 1.39866381138563
1.50025934260339 1.88893073378131 0.916106702527031 1.41425356967375 1.8241943961475 1.86476870137267 1.2230560334865 1.76115782512352 1.14371263794601 0 1.50250333920121 0.980959843378514 1.58303624857217 1.55825129640289 1.86842340743169 1.46979708503932 1.52647641836666 1.71259090094827 1.38335818704218 0.947858017403632 1.69580347952433 1.74737538164482 1.39898432302289 1.38009167625569 1.32329026120715 1.37627447815612 0.954825025750324 1.01384278293699 1.84189181728289 1.71285750623792
1.15636856551282 1.23012907523662 1.37836151686497 1.67268851632252 1.14191487547942 1.44812899967656 0.984519186196849 1.80578027898446 1.0042150891386 1.50250333920121 0 1.66858637426049 1.35221988125704 1.61980013782158 1.46005506324582 1.80184328975156 1.87276468612254 1.72410065610893 0.979903750354424 1.49562122183852 1.16032727831043 1.64129083859734 1.08134655491449 1.43218328920193 1.60317633557133 1.20464163017459 1.14512936864048 1.57993217813782 1.12517633265816 1.66218785429373
1.37149237375706 1.59988498850726 1.76217677001841 1.36138706258498 1.33915437106043 1.42274079541676 1.60415584780276 1.88957049371675 1.43533500377089 0.980959843378514 1.66858637426049 0 1.42403544741683 1.17891566455364 1.28813142096624 1.25580742349848 1.58762215543538 1.60023606102914 1.652545791585 1.43451470718719 1.03262299322523 1.0579953098204 1.26717268140055 1.53132863040082 1.70167445903644 1.15883867256343 0.917007943149656 1.25298306532204 1.14642472285777 1.41064753220417
1.14960922626778 1.30069802352227 1.0238955214154 1.65665064519271 1.79231507563964 0.954756119055673 1.30313820554875 1.52369392290711 1.0750198783353 1.58303624857217 1.35221988125704 1.42403544741683 0 1.36409994936548 1.37542923889123 1.65779461618513 1.5515678091906 1.14061936130747 1.38078777398914 1.57415419467725 1.22701507527381 1.05035726563074 1.36931386496872 1.47130769072101 1.0531205246225 1.81535088992678 1.23288159351796 1.70953918178566 1.6980737359263 1.54791842168197
1.51467669568956 1.53927003429271 1.79845852288418 1.57964965933934 1.65282233944163 1.86527427705005 1.00126626994461 1.36207991489209 1.3522608790081 1.55825129640289 1.61980013782158 1.17891566455364 1.36409994936548 0 1.19115423108451 0.938189135864377 1.06508656288497 1.32981178304181 1.81955567537807 1.4288138737902 1.90819201990962 1.13735301536508 1.54768134304322 1.8061263251584 1.10560598201118 1.57328587607481 1.06842990918085 1.2485277033411 1.48940870165825 1.36011412064545
1.25249240966514 1.28694194578566 1.3733980783727 1.7199174258858 1.38400068134069 1.78075318667106 1.33178940787911 1.49127333541401 1.59176472062245 1.86842340743169 1.46005506324582 1.28813142096624 1.37542923889123 1.19115423108451 0 1.32996833161451 1.08761886972934 1.46739567141049 1.84042032249272 1.23969546239823 1.67152643343434 1.17082698852755 1.62138950778171 0.933014866430312 1.25841692811809 1.52851439476945 1.79436500114389 1.54597327671945 1.70801676227711 1.78789596562274
1.06994040659629 1.12203206331469 1.53130455804057 1.51396787865087 1.53966517210938 1.35757011733949 1.29625462577678 1.48074014554732 0.96096654701978 1.46979708503932 1.80184328975156 1.25580742349848 1.65779461618513 0.938189135864377 1.32996833161451 0 1.57100586732849 1.78193871537223 1.88884323765524 1.02592385048047 1.26550437207334 1.2023391132243 1.68235592357814 1.89558401843533 1.58010686724447 1.80607766821049 1.18871663394384 1.79029482835904 1.18579358258285 1.34874611510895
1.47813710640185 1.83854469936341 1.64476746390574 1.17912322864868 1.19075820199214 1.45576298353262 1.39269330445677 1.32721847528592 1.66237893910147 1.52647641836666 1.87276468612254 1.58762215543538 1.5515678091906 1.06508656288497 1.08761886972934 1.57100586732849 0 1.27107130619697 1.33004128071479 1.03831940190867 1.74480335297994 1.88546179607511 1.69320316892117 1.15188108710572 1.25998969678767 1.34944322356023 0.928615182870999 1.6858545052819 1.91214628866874 1.09595981007442
1.70081542106345 0.968708463013172 1.39875492476858 1.23516194871627 1.57970052119344 1.32550587621517 1.01161222113296 1.06280251103453 1.60834043286741 1.71259090094827 1.72410065610893 1.60023606102914 1.14061936130747 1.32981178304181 1.46739567141049 1.78193871537223 1.27107130619697 0 1.26432506972924 1.07981555745937 1.71012992155738 1.00842913752422 1.18114913417958 1.26680537848733 1.727333630668 1.70840901462361 1.81264897459187 1.84638407290913 1.82861555740237 1.71784338541329
1.07338298042305 1.90264106844552 1.47193537745625 1.13608881551772 1.61472213896923 1.01382999215275 1.42001181491651 1.447899926221 1.85145894251764 1.38335818704218 0.979903750354424 1.652545791585 1.38078777398914 1.81955567537807 1.84042032249272 1.88884323765524 1.33004128071479 1.26432506972924 0 1.19311695476063 1.58791562798433 1.12473658425733 1.79544493579306 1.19898303621449 1.25276062078774 1.49869651626796 0.933167387964204 1.06346843531355 1.78556726430543 1.87188087473623
1.82510262937285 1.1466473264154 1.65665816632099 1.07282608421519 0.931922362884507 1.91355096711777 1.26760728308 1.08492308552377 0.988442296627909 0.947858017403632 1.49562122183852 1.43451470718719 1.57415419467725 1.4288138737902 1.23969546239823 1.02592385048047 1.03831940190867 1.07981555745937 1.19311695476063 0 1.19019683147781 0.961212128633633 1.75779222534038 1.71508403890766 1.68132142280228 1.68527826666832 1.27510352688842 1.07321834890172 0.941550381015986 1.86104745953344
1.15648251748644 1.3890202511102 1.43960840906948 1.14197887154296 1.36406586528756 1.16170607949607 1.16919711441733 1.0847721574828 1.18026761850342 1.69580347952433 1.16032727831043 1.03262299322523 1.22701507527381 1.90819201990962 1.67152643343434 1.26550437207334 1.74480335297994 1.71012992155738 1.58791562798433 1.19019683147781 0 1.19724039873108 1.74963319837116 1.12883896473795 1.30922771687619 1.01931963884272 0.988292546011508 1.00964595307596 1.81853035767563 1.78543098620139
1.85757222701795 1.28846853272989 1.42557584890164 1.1581522829365 1.8580052643083 1.39293019310571 1.44420937937684 1.54425113787875 1.80277062673122 1.74737538164482 1.64129083859734 1.0579953098204 1.05035726563074 1.13735301536508 1.17082698852755 1.2023391132243 1.88546179607511 1.00842913752422 1.12473658425733 0.961212128633633 1.19724039873108 0 0.923556345049292 1.63967265863903 1.8952668402344 1.22583470889367 1.72461488703266 0.937494745245203 1.51545172184706 1.32842421811074
1.27574848523363 1.69255582522601 1.51837270287797 1.35262120305561 1.24500468885526 1.00156963826157 1.03379019116983 1.80354642053135 1.42454626783729 1.39898432302289 1.08134655491449 1.26717268140055 1.36931386496872 1.54768134304322 1.62138950778171 1.68235592357814 1.69320316892117 1.18114913417958 1.79544493579306 1.75779222534038 1.74963319837116 0.923556345049292 0 1.6376285625156 1.73342434805818 1.41540397424251 1.76094704377465 1.43922682339326 1.06613706238568 1.53672633483075
1.61894452874549 1.46068889368325 1.4990399137605 1.50446595321409 1.84911264921539 1.89845182164572 1.6292436986696 1.08278872608207 1.02782996254973 1.38009167625569 1.43218328920193 1.53132863040082 1.47130769072101 1.8061263251584 0.933014866430312 1.89558401843533 1.15188108710572 1.26680537848733 1.19898303621449 1.71508403890766 1.12883896473795 1.63967265863903 1.6376285625156 0 1.88557619368657 0.964434784604236 0.948010104941204 1.83791012619622 1.56601529242471 1.52746944734827
1.75155976763926 1.46073444047943 1.49516490590759 1.41297538788058 1.31158148730174 1.09412847086787 1.89984497148544 1.05320654180832 1.49474676861428 1.32329026120715 1.60317633557133 1.70167445903644 1.0531205246225 1.10560598201118 1.25841692811809 1.58010686724447 1.25998969678767 1.727333630668 1.25276062078774 1.68132142280228 1.30922771687619 1.8952668402344 1.73342434805818 1.88557619368657 0 1.30383877712302 1.52031659753993 1.01061656069942 1.62306396500207 1.88045221054927
1.13016023579985 1.78036845871247 1.46068889275193 0.918044521473348 1.15510717546567 1.29455110197887 1.88884154194966 1.13218363397755 1.70531546324492 1.37627447815612 1.20464163017459 1.15883867256343 1.81535088992678 1.57328587607481 1.52851439476945 1.80607766821049 1.34944322356023 1.70840901462361 1.49869651626796 1.68527826666832 1.01931963884272 1.22583470889367 1.41540397424251 0.964434784604236 1.30383877712302 0 0.932338440557942 1.30935755930841 1.28655168553814 1.07774151512422
1.58803985337727 1.73597712325864 1.86022315709852 1.03831796115264 1.35490329680033 1.71586072468199 1.85836466634646 1.83580598374829 1.00116366543807 0.954825025750324 1.14512936864048 0.917007943149656 1.23288159351796 1.06842990918085 1.79436500114389 1.18871663394384 0.928615182870999 1.81264897459187 0.933167387964204 1.27510352688842 0.988292546011508 1.72461488703266 1.76094704377465 0.948010104941204 1.52031659753993 0.932338440557942 0 1.88780858390965 1.72144765569828 1.89145858120173
1.3695569622796 0.983068266650662 1.15024311584421 1.86225137510337 1.20719426474534 1.13469616789371 1.71985312108882 1.74497329257429 1.02376972325146 1.01384278293699 1.57993217813782 1.25298306532204 1.70953918178566 1.2485277033411 1.54597327671945 1.79029482835904 1.6858545052819 1.84638407290913 1.06346843531355 1.07321834890172 1.00964595307596 0.937494745245203 1.43922682339326 1.83791012619622 1.01061656069942 1.30935755930841 1.88780858390965 0 1.23461521137506 1.63971253670752
1.65971292927861 1.33494029170834 1.90291549288668 1.39944153954275 1.02933915797621 1.10007579368539 1.64854392898269 1.53266862989403 1.19666289212182 1.84189181728289 1.12517633265816 1.14642472285777 1.6980737359263 1.48940870165825 1.70801676227711 1.18579358258285 1.91214628866874 1.82861555740237 1.78556726430543 0.941550381015986 1.81853035767563 1.51545172184706 1.06613706238568 1.56601529242471 1.62306396500207 1.28655168553814 1.72144765569828 1.23461521137506 0 0.981652216985822
1.54746343032457 1.46961755119264 1.04817071743309 1.75443180254661 1.57990284590051 1.04726801044308 1.36437758104876 1.77000877470709 1.39866381138563 1.71285750623792 1.66218785429373 1.41064753220417 1.54791842168197 1.36011412064545 1.78789596562274 1.34874611510895 1.09595981007442 1.71784338541329 1.87188087473623 1.86104745953344 1.78543098620139 1.32842421811074 1.53672633483075 1.52746944734827 1.88045221054927 1.07774151512422 1.89145858120173 1.63971253670752 0.981652216985822 0
