0 1.40034435549751 1.93889355799183 1.44622193230316 1.21030417154543 1.20134897110984 1.21057333145291 1.26331067830324 1.66298490879126 1.05828786036 1.19495236664079 1.27014870429412 1.43813323020004 1.50598940299824 1.62189344526269 1.36463315831497 1.61376461340114 1.01261547533795 1.37909333012067 1.48542297957465 1.24153712484986 1.04458034527488 1.32982968981378 1.95226299669594 1.35823140642606 1.496046514716 0.96789445891045 1.13620597007684 1.35181536967866 1.56464359676465
1.40034435549751 0 1.30777713423595 1.27321519399993 1.59449948975816 1.23290290404111 1.03804390924051 1.14859943534248 1.49401622428559 1.39437946514226 1.26076510804705 1.19561311183497 1.08585725072771 1.23898733733222 1.91320811258629 1.7372002445627 1.35664995061234 1.58432494197041 1.59220158099197 1.54041051748209 1.45547510543838 1.44288965151645 1.50429827696644 1.44631415070035 1.15511304489337 1.10418742406182 1.85934628802352 1.42972854361869 1.69715874618851 1.00876365182921
1.93889355799183 1.30777713423595 0 1.60434527951293 1.13282275386155 1.85164555883966 1.78275436162949 1.31373787834309 1.15844916761853 1.09420878789388 1.55382315767929 1.75701369065791 1.20129533787258 1.45802071900107 1.08256553625688 1.55567876738496 1.53941472410224 1.30841192626394 1.30477826064453 1.70760623901151 1.34842128865421 1.8768558006268 1.60191212734208 1.25222455104813 1.64676935528405 1.60676579736173 1.61843795352615 1.38169706263579 1.3297661205288 1.45807297201827
1.44622193230316 1.27321519399993 1.60434527951293 0 1.48547623096965 1.33062445512041 1.71536988927983 1.24216113938019 1.30400077812374 1.70864317473024 1.68892612517811 1.09910891391337 1.72176752984524 1.60834092204459 1.00382417440414 1.89043394406326 1.87866806169041 1.26865854859352 1.84791198465973 1.8347394047305 1.68271083245054 1.91390366735868 1.31432579318061 1.37501862179488 1.23563663172536 1.41928073228337 1.6093976078555 1.83701038057916 1.78496407112107 1.27443255856633
1.21030417154543 1.59449948975816 1.13282275386155 1.48547623096965 0 1.6219417762477 1.49662225460634 0.960707219084725 1.17358542955481 1.64343811920844 1.77644676947966 1.74254859331995 1.75427370145917 1.2700067916885 1.6576578093227 1.11415919195861 1.08489060774446 1.13424808322452 1.7184947503265 1.05517541128211 1.71519842813723 1.17045075120404 1.83612189139239 1.57080870703794 1.95961019094102 1.80293352622539 1.1162055504974 1.62633696384728 1.62562593678012 1.86876978212968
1.20134897110984 1.23290290404111 1.85164555883966 1.33062445512041 1.6219417762477 0 1.25521532655694 1.0819876617752 1.24357880069874 1.35829756152816 1.85434822458774 1.94319436931983 1.61185405519791 0.994114440865815 1.37985873850994 1.65182684711181 1.8170757398475 1.42546975892037 1.44578267936595 1.44258180819452 0.973601455800235 1.61664821300656 1.3264939384535 1.08028466394171 1.18014541477896 1.5326516542118 1.08195161144249 1.14324098476209 1.80581251112744 1.37127813720144
1.21057333145291 1.03804390924051 1.78275436162949 1.71536988927983 1.49662225460634 1.25521532655694 0 1.75780444522388 1.92896937811747 1.8228013694752 1.64510012068786 1.02239799196832 1.22649682336487 1.57061994937249 1.65709075029008 1.23293002182618 1.78860889747739 1.38142624893226 1.05645535234362 1.9394236265216 1.3884181457106 1.00363656366244 1.19303183676675 1.10910999076441 0.966641605366021 1.7767353891395 1.10598697187379 1.02067712857388 1.46041133417748 1.38783705653623
1.26331067830324 1.14859943534248 1.31373787834309 1.24216113938019 0.960707219084725 1.0819876617752 1.75780444522388 0 1.69726986065507 1.1112382367719 1.72995117004029 1.3923004665412 1.16517736460082 1.30641349614598 1.64990889606997 1.75186902447604 0.977652237284929 1.49258143967018 1.82028786884621 1.14362913300283 1.63890894362703 1.47436130768619 1.21506717172451 1.9191564086359 0.998902971856296 0.971693593077362 1.34336844552308 1.94128839764744 1.18253911123611 1.52700934233144
1.66298490879126 1.49401622428559 1.15844916761853 1.30400077812374 1.17358542955481 1.24357880069874 1.92896937811747 1.69726986065507 0 1.11535530094989 1.33351606992073 1.80804283171892 1.52807255741209 1.57179494458251 1.75505013321526 1.0890626993496 1.13220773194917 1.47448544437066 1.51563174719922 0.971863092156127 1.37519809789956 1.66955515230075 1.64584328699857 1.74634258192964 1.151050216984 1.439479714958 1.92974884831347 1.80330545734614 1.46723085362464 1.55705217970535
1.05828786036 1.39437946514226 1.09420878789388 1.70864317473024 1.64343811920844 1.35829756152816 1.8228013694752 1.1112382367719 1.11535530094989 0 1.56476949970238 1.36241595959291 1.00611964892596 1.62777845957316 1.4345272120554 1.12958965986036 1.75176408188418 1.45440697460435 1.84393534203991 1.81935464520939 1.42497269087471 1.62912322301418 1.23220650525764 1.61997847142629 1.7409669556655 1.49541570013389 1.44922615238465 1.55924432165921 1.62424108339474 1.85257492214441
1.19495236664079 1.26076510804705 1.55382315767929 1.68892612517811 1.77644676947966 1.85434822458774 1.64510012068786 1.72995117004029 1.33351606992073 1.56476949970238 0 1.66073317755945 1.58665793738328 1.39592967065983 1.45696616219357 1.92914485558867 1.45008051418699 1.50554523966275 1.08659805799834 1.53563515143469 1.14562781713903 1.73744924739003 1.08438741811551 1.76165437605232 1.94778271974064 1.60307854716666 1.90703989728354 1.25280094798654 1.64757638587616 1.53209965722635
1.27014870429412 1.19561311183497 1.75701369065791 1.09910891391337 1.74254859331995 1.94319436931983 1.02239799196832 1.3923004665412 1.80804283171892 1.36241595959291 1.66073317755945 0 1.7188603032846 1.54909575614147 1.11484684795141 1.51565567753278 1.9069886917714 1.78377727093175 1.67604865902103 1.20250200550072 1.88693600497209 1.08839622349478 1.80485827685334 1.93340864288621 1.29460490075871 1.4552152575925 1.08470527967438 1.59077384555712 1.51523070712574 1.72858765046112
1.43813323020004 1.08585725072771 1.20129533787258 1.72176752984524 1.75427370145917 1.61185405519791 1.22649682336487 1.16517736460082 1.52807255741209 1.00611964892596 1.58665793738328 1.7188603032846 0 1.73081301548518 1.0650274399668 1.1991820379626 1.24507625750266 1.71047912421636 1.44543948816136 1.81124861468561 1.89092540368438 1.65054190251976 1.33039098861627 1.81831576605327 1.37462821113877 1.07992574130185 1.90328965825029 1.71703263325617 1.88386199856177 1.65685862279497
1.50598940299824 1.23898733733222 1.45802071900107 1.60834092204459 1.2700067916885 0.994114440865815 1.57061994937249 1.30641349614598 1.57179494458251 1.62777845957316 1.39592967065983 1.54909575614147 1.73081301548518 0 1.33795178262517 1.68871925608255 1.77305798511952 1.38476162101142 1.6260423110798 0.979614791460335 1.9599721536506 1.67827323335223 1.58758006314747 0.976456564385444 1.04671972198412 1.16604201961309 1.56106282002293 1.85171209112741 1.6172003573738 1.78329514549114
1.62189344526269 1.91320811258629 1.08256553625688 1.00382417440414 1.6576578093227 1.37985873850994 1.65709075029008 1.64990889606997 1.75505013321526 1.4345272120554 1.45696616219357 1.11484684795141 1.0650274399668 1.33795178262517 0 1.211822477635 1.56465784157626 1.26075115078129 1.93096867948771 1.2732237605378 1.71415791008621 1.41015561809763 1.01495438814163 1.33959925686941 1.12109023332596 1.87288261344656 1.38265472534113 1.53787919902243 1.09918331564404 1.80801525898278
1.36463315831497 1.7372002445627 1.55567876738496 1.89043394406326 1.11415919195861 1.65182684711181 1.23293002182618 1.75186902447604 1.0890626993496 1.12958965986036 1.92914485558867 1.51565567753278 1.1991820379626 1.68871925608255 1.211822477635 0 1.89464345481247 1.12553898943588 1.71180989011191 1.87479044147767 1.34051666595042 1.16792846401222 1.20160220214166 1.11465710564516 1.48296357295476 1.67911472427659 1.20125043741427 1.66963471076451 1.79977961792611 1.49587879492901
1.61376461340114 1.35664995061234 1.53941472410224 1.87866806169041 1.08489060774446 1.8170757398475 1.78860889747739 0.977652237284929 1.13220773194917 1.75176408188418 1.45008051418699 1.9069886917714 1.24507625750266 1.77305798511952 1.56465784157626 1.89464345481247 0 1.79263172019273 1.3799363328144 1.44926233962178 1.96000005980022 1.67552830884233 1.30010048276745 1.57212112261914 1.26593324309215 1.78421350149438 1.62938891747035 1.86900241021067 1.90482643991709 1.12312026438303
1.01261547533795 1.58432494197041 1.30841192626394 1.26865854859352 1.13424808322452 1.42546975892037 1.38142624893226 1.49258143967018 1.47448544437066 1.45440697460435 1.50554523966275 1.78377727093175 1.71047912421636 1.38476162101142 1.26075115078129 1.12553898943588 1.79263172019273 0 1.7285755330231 1.36320854094811 1.0934854184743 1.06891774525866 1.66532104788348 1.49521409370936 1.22148524434306 0.969523119740188 1.88196531380527 1.00184244755656 0.997095611644909 1.00840927637182
1.37909333012067 1.59220158099197 1.30477826064453 1.84791198465973 1.7184947503265 1.44578267936595 1.05645535234362 1.82028786884621 1.51563174719922 1.84393534203991 1.08659805799834 1.67604865902103 1.44543948816136 1.6260423110798 1.93096867948771 1.71180989011191 1.3799363328144 1.7285755330231 0 1.65630923281424 1.71230022935197 1.6547798991669 1.5878743166104 0.990382390562445 1.34812220954336 1.9296997578349 1.20994937536307 1.41283349646255 1.12809219653718 1.8675972323399
1.48542297957465 1.54041051748209 1.70760623901151 1.8347394047305 1.05517541128211 1.44258180819452 1.9394236265216 1.14362913300283 0.971863092156127 1.81935464520939 1.53563515143469 1.20250200550072 1.81124861468561 0.979614791460335 1.2732237605378 1.87479044147767 1.44926233962178 1.36320854094811 1.65630923281424 0 1.74745638924651 1.18837419082411 1.02394998259842 1.66914785979316 1.11345361568965 1.78151250793599 1.7874514888972 1.72878635511734 1.91556322015822 1.22097217291594
1.24153712484986 1.45547510543838 1.34842128865421 1.68271083245054 1.71519842813723 0.973601455800235 1.3884181457106 1.63890894362703 1.37519809789956 1.42497269087471 1.14562781713903 1.88693600497209 1.89092540368438 1.9599721536506 1.71415791008621 1.34051666595042 1.96000005980022 1.0934854184743 1.71230022935197 1.74745638924651 0 1.43933318601921 1.87569865910336 1.11134481593035 1.51803728402592 1.89724748698063 1.7549200002104 1.50471016764641 1.93540290091187 1.00625109137036
1.04458034527488 1.44288965151645 1.8768558006268 1.91390366735868 1.17045075120404 1.61664821300656 1.00363656366244 1.47436130768619 1.66955515230075 1.62912322301418 1.73744924739003 1.08839622349478 1.65054190251976 1.67827323335223 1.41015561809763 1.16792846401222 1.67552830884233 1.06891774525866 1.6547798991669 1.18837419082411 1.43933318601921 0 0.966244835406542 1.72629451542161 1.06734251836315 1.09700414678082 1.83783541899174 1.50221430836245 1.28376028034836 1.41833578981459
1.32982968981378 1.50429827696644 1.60191212734208 1.31432579318061 1.83612189139239 1.3264939384535 1.19303183676675 1.21506717172451 1.64584328699857 1.23220650525764 1.08438741811551 1.80485827685334 1.33039098861627 1.58758006314747 1.01495438814163 1.20160220214166 1.30010048276745 1.66532104788348 1.5878743166104 1.02394998259842 1.87569865910336 0.966244835406542 0 1.54491163906641 1.9203327044379 1.70261666527949 1.27687370404601 0.9772012908943 1.9198392520193 1.24094161367975
1.95226299669594 1.44631415070035 1.25222455104813 1.37501862179488 1.57080870703794 1.08028466394171 1.10910999076441 1.9191564086359 1.74634258192964 1.61997847142629 1.76165437605232 1.93340864288621 1.81831576605327 0.976456564385444 1.33959925686941 1.11465710564516 1.57212112261914 1.49521409370936 0.990382390562445 1.66914785979316 1.11134481593035 1.72629451542161 1.54491163906641 0 1.81306462618522 1.92601911863312 1.47310371091589 1.42866648035124 1.49476477713324 1.7602216086816
1.35823140642606 1.15511304489337 1.64676935528405 1.23563663172536 1.95961019094102 1.18014541477896 0.966641605366021 0.998902971856296 1.151050216984 1.7409669556655 1.94778271974064 1.29460490075871 1.37462821113877 1.04671972198412 1.12109023332596 1.48296357295476 1.26593324309215 1.22148524434306 1.34812220954336 1.11345361568965 1.51803728402592 1.06734251836315 1.9203327044379 1.81306462618522 0 1.8214456634596 1.19583639455959 1.92618852667511 1.19896944542415 1.7729282756336
1.496046514716 1.10418742406182 1.60676579736173 1.41928073228337 1.80293352622539 1.5326516542118 1.7767353891395 0.971693593077362 1.439479714958 1.49541570013389 1.60307854716666 1.4552152575925 1.07992574130185 1.16604201961309 1.87288261344656 1.67911472427659 1.78421350149438 0.969523119740188 1.9296997578349 1.78151250793599 1.89724748698063 1.09700414678082 1.70261666527949 1.92601911863312 1.8214456634596 0 1.50089388806373 1.78710899385624 1.90429142303765 1.87899390049279
0.96789445891045 1.85934628802352 1.61843795352615 1.6093976078555 1.1162055504974 1.08195161144249 1.10598697187379 1.34336844552308 1.92974884831347 1.44922615238465 1.90703989728354 1.08470527967438 1.90328965825029 1.56106282002293 1.38265472534113 1.20125043741427 1.62938891747035 1.88196531380527 1.20994937536307 1.7874514888972 1.7549200002104 1.83783541899174 1.27687370404601 1.47310371091589 1.19583639455959 1.50089388806373 0 1.46931673353538 1.48284243885428 1.92962852842174
1.13620597007684 1.42972854361869 1.38169706263579 1.83701038057916 1.62633696384728 1.14324098476209 1.02067712857388 1.94128839764744 1.80330545734614 1.55924432165921 1.25280094798654 1.59077384555712 1.71703263325617 1.85171209112741 1.53787919902243 1.66963471076451 1.86900241021067 1.00184244755656 1.41283349646255 1.72878635511734 1.50471016764641 1.50221430836245 0.9772012908943 1.42866648035124 1.92618852667511 1.78710899385624 1.46931673353538 0 1.50038490211591 1.84325838973746
1.35181536967866 1.69715874618851 1.3297661205288 1.78496407112107 1.62562593678012 1.80581251112744 1.46041133417748 1.18253911123611 1.46723085362464 1.62424108339474 1.64757638587616 1.51523070712574 1.88386199856177 1.6172003573738 1.09918331564404 1.79977961792611 1.90482643991709 0.997095611644909 1.12809219653718 1.91556322015822 1.93540290091187 1.28376028034836 1.9198392520193 1.49476477713324 1.19896944542415 1.90429142303765 1.48284243885428 1.50038490211591 0 1.78143849992193
1.56464359676465 1.00876365182921 1.45807297201827 1.27443255856633 1.86876978212968 1.37127813720144 1.38783705653623 1.52700934233144 1.55705217970535 1.85257492214441 1.53209965722635 1.72858765046112 1.65685862279497 1.78329514549114 1.80801525898278 1.49587879492901 1.12312026438303 1.00840927637182 1.8675972323399 1.22097217291594 1.00625109137036 1.41833578981459 1.24094161367975 1.7602216086816 1.7729282756336 1.87899390049279 1.92962852842174 1.84325838973746 1.78143849992193 0
