0 1.60065189609304 1.06560208345763 1.14340587262996 1.8080987718422 1.10735367308371 1.73806563671678 1.39642548281699 1.60084806988016 1.31806347705424 1.01325340452604 1.51468981895596 1.73701730696484 1.56109202420339 1.56804299051873 1.44105126778595 1.40388286556117 1.59145521535538 1.64778665825725 1.34554688702337 1.79291977733374 1.02957741543651 1.11877757054754 1.72394632361829 1.20547963422723 1.43838945263997 1.33945096097887 1.38640161114745 1.86196285742335 1.3956745704636
1.60065189609304 0 1.93147270055488 1.93129158695228 1.82720977067947 1.88662922987714 1.73065131879412 1.72789535182528 1.79116697493009 0.986844087950885 1.7958689131774 1.85143941733986 1.59132897178642 1.56452764174901 1.77958739572205 1.15517877042294 1.68767870170996 1.24595954967663 1.46578243747354 1.37347398675047 1.63468626677059 1.23644566792063 1.00616722344421 1.17590843839571 1.45809424854815 1.6660134352278 1.26289972034283 1.57653489359654 1.07397522963583 1.49037163238972
1.06560208345763 1.93147270055488 0 1.75117008760571 1.53480062773451 1.0557690509595 1.42120927548967 1.83451609755866 1.33817242528312 1.82262353505939 1.47222167835571 1.73333649337292 1.02164797438309 1.2940859135706 1.42313689203002 1.84896761109121 1.86430810997263 1.42893456295133 1.90498185181059 1.11450933013111 1.19691211218014 1.38731705280952 1.06454804982059 0.994650264037773 1.57567634596489 1.19980280217715 1.56506386771798 1.20444912742823 1.77648887550458 1.27614451409318
1.14340587262996 1.93129158695228 1.75117008760571 0 1.62014900334179 1.00564826000482 1.72639328334481 1.79036401747726 1.87006410979666 1.45233302377164 1.69749384047464 1.03428825479932 1.34454205958173 1.02202267828397 1.01549464999698 1.61375508783385 1.49915986997075 1.64317589532584 1.44195214402862 1.46825930546038 1.85550244059414 1.50520043820143 1.80649951519445 1.66956971213222 1.74483357509598 1.6796113147866 1.34371174243279 1.24443242768757 0.974689136259258 1.54327865643427
1.8080987718422 1.82720977067947 1.53480062773451 1.62014900334179 0 1.00450614280999 1.17688332870603 1.80694674281403 1.58168760477565 0.964998521842062 1.3027781737037 1.44065712834708 1.37912331405096 1.61423035734333 1.11802824866027 1.4098395514302 1.83755268878303 1.41057675029151 1.29190352861769 1.21332545019686 1.58404804253951 1.49363886495121 1.19981349958107 1.85827955813147 1.72536235349253 1.87650521611795 1.67853740649298 1.91655929666013 1.56928797997534 1.90958502353169
1.10735367308371 1.88662922987714 1.0557690509595 1.00564826000482 1.00450614280999 0 1.22218841058202 1.16103138588369 1.76450403803028 1.21129510668106 1.82618379080668 1.8508295272477 1.82769860047847 1.45616972795688 1.65677671250887 1.3208474512212 1.03286148002371 0.99795550480485 1.22567592794076 1.14944164385088 1.10124202864245 1.22788661718369 1.36310348450206 1.88858216628432 1.00891553773545 1.51402055099607 1.91396222868934 0.966649673413485 1.75058240210637 1.00042274827138
1.73806563671678 1.73065131879412 1.42120927548967 1.72639328334481 1.17688332870603 1.22218841058202 0 1.277631273726 1.54871346335858 1.57181659364142 1.48815630329773 1.19298050925136 1.92053966852836 1.86276492127217 1.67727270885371 1.25114464270882 1.93995079118758 1.6892792894505 1.49151992611587 1.25219461671077 1.33854423649609 1.6266516558826 1.47626356850378 1.80777962645516 1.15831407764927 1.55434278352186 1.17397511517629 1.77563373954035 1.05324294604361 1.04333915188909
1.39642548281699 1.72789535182528 1.83451609755866 1.79036401747726 1.80694674281403 1.16103138588369 1.277631273726 0 0.993541570613161 1.31499494076706 1.51885128160939 1.32557028043084 1.25971226906404 1.46616788348183 1.91331352689303 1.66102621285245 1.00315285287797 0.961820093449205 1.29368401435204 1.48217723774724 1.63249827851541 1.09871868579648 1.81282363669015 1.44087823969312 1.04996180930175 1.62825347669423 1.42058566887863 1.6477755245287 1.84270861279219 1.57420653104782
1.60084806988016 1.79116697493009 1.33817242528312 1.87006410979666 1.58168760477565 1.76450403803028 1.54871346335858 0.993541570613161 0 1.63970298995264 1.24703183583915 1.77635952434503 0.990695474669337 1.91552645829506 1.58190137753263 1.94982247729786 1.30232494650409 0.960334926145151 1.26240409188904 1.04658808349632 1.47888855752535 1.48129349504597 0.979225170565769 1.22828684467822 1.23019112809561 1.89406769745983 1.60534024704248 1.23023956432007 1.60050790361129 1.73497819178738
1.31806347705424 0.986844087950885 1.82262353505939 1.45233302377164 0.964998521842062 1.21129510668106 1.57181659364142 1.31499494076706 1.63970298995264 0 1.56372066610493 1.90451473067515 1.77566079702228 1.1083549009636 1.36766221188009 1.5634759129025 1.38740756525658 1.59368503373116 1.36959874769673 1.21900281170383 1.45809337450191 1.78142310120165 1.14477966609411 1.64701408683322 1.04131582938135 0.99486464029178 1.30224763439037 1.44931457284838 1.00798626081087 1.04332516249269
1.01325340452604 1.7958689131774 1.47222167835571 1.69749384047464 1.3027781737037 1.82618379080668 1.48815630329773 1.51885128160939 1.24703183583915 1.56372066610493 0 1.62575549609028 1.6520148771815 1.75673655048013 1.10081481747329 1.72126742382534 1.94188117282465 1.54109208541922 1.0633604186587 1.94833972561173 1.20496288780123 1.71316952747293 1.86453047837131 1.11833700118586 1.150132230483 1.0268666553311 0.982800226192921 1.71589174424298 1.28537210798822 1.56000795867294
1.51468981895596 1.85143941733986 1.73333649337292 1.03428825479932 1.44065712834708 1.8508295272477 1.19298050925136 1.32557028043084 1.77635952434503 1.90451473067515 1.62575549609028 0 1.13634466589428 1.48767816391774 1.11325324815698 1.75842235330492 1.87815383356065 1.67391727329232 1.0310429725796 1.77139714430086 1.39812211692333 1.17736945720389 1.61223297310062 1.75196444080211 1.27873701695353 1.32883869297802 1.87954086251557 1.49892519135028 1.20263891108334 1.87618183880113
1.73701730696484 1.59132897178642 1.02164797438309 1.34454205958173 1.37912331405096 1.82769860047847 1.92053966852836 1.25971226906404 0.990695474669337 1.77566079702228 1.6520148771815 1.13634466589428 0 1.76225850125775 1.43648147350177 1.05080542364158 1.05481152911671 1.80492109479383 1.74052310083061 1.31725330324844 1.22790751024149 1.00917315320112 1.32548725092784 1.08509959420189 1.66603070148267 1.17790422984399 1.44127425993793 1.10436475789174 0.983651105780154 1.41356274741702
1.56109202420339 1.56452764174901 1.2940859135706 1.02202267828397 1.61423035734333 1.45616972795688 1.86276492127217 1.46616788348183 1.91552645829506 1.1083549009636 1.75673655048013 1.48767816391774 1.76225850125775 0 1.80040554516017 1.10638092667796 1.49503737781197 1.69398093572818 1.54570140363649 1.32831809134223 1.92195701110177 1.00060391123407 0.973343492951244 1.72334354696795 1.70418628654443 0.992542000487447 1.34352498175576 1.75004991772585 1.12991529121064 1.29285209532827
1.56804299051873 1.77958739572205 1.42313689203002 1.01549464999698 1.11802824866027 1.65677671250887 1.67727270885371 1.91331352689303 1.58190137753263 1.36766221188009 1.10081481747329 1.11325324815698 1.43648147350177 1.80040554516017 0 1.09894720907323 0.999185824301094 1.64971959171817 0.989372981246561 1.94013825012371 1.62557610985823 1.83162037935108 0.979808801086619 1.10793801071122 1.80063930456527 1.85387808945961 1.4013631301932 1.28463063272648 1.23463017656468 1.59639309230261
1.44105126778595 1.15517877042294 1.84896761109121 1.61375508783385 1.4098395514302 1.3208474512212 1.25114464270882 1.66102621285245 1.94982247729786 1.5634759129025 1.72126742382534 1.75842235330492 1.05080542364158 1.10638092667796 1.09894720907323 0 1.37286074692383 1.47940555308014 1.75524973985739 1.79225889453664 1.42508707591332 0.97446891060099 1.82136825541966 1.77290122676641 1.57739996933378 1.30162317864597 1.073386230506 1.69065575650893 1.72515610954724 1.37511126603931
1.40388286556117 1.68767870170996 1.86430810997263 1.49915986997075 1.83755268878303 1.03286148002371 1.93995079118758 1.00315285287797 1.30232494650409 1.38740756525658 1.94188117282465 1.87815383356065 1.05481152911671 1.49503737781197 0.999185824301094 1.37286074692383 0 1.55802927049808 1.64267433318309 1.80967081454583 1.32601934182458 1.19819104997441 1.38765868800692 1.75107229268178 1.40429037436843 1.60854895971715 1.57913024839945 1.77059956267476 1.35603282810189 1.63210791279562
1.59145521535538 1.24595954967663 1.42893456295133 1.64317589532584 1.41057675029151 0.99795550480485 1.6892792894505 0.961820093449205 0.960334926145151 1.59368503373116 1.54109208541922 1.67391727329232 1.80492109479383 1.69398093572818 1.64971959171817 1.47940555308014 1.55802927049808 0 1.76350794662721 1.51309718284756 1.41158270975575 0.964971299748868 1.22681857529096 1.28293392481282 1.88417854602449 1.67911491799168 1.07838941644877 1.01758007379249 1.43951218016446 1.08056045835838
1.64778665825725 1.46578243747354 1.90498185181059 1.44195214402862 1.29190352861769 1.22567592794076 1.49151992611587 1.29368401435204 1.26240409188904 1.36959874769673 1.0633604186587 1.0310429725796 1.74052310083061 1.54570140363649 0.989372981246561 1.75524973985739 1.64267433318309 1.76350794662721 0 1.78994962293655 1.72341250814497 1.73958393814974 1.91405398584902 1.23159933788702 1.8911570769269 1.07861008425243 1.19889260479249 0.961425109999254 1.43638875870965 1.68108748667873
1.34554688702337 1.37347398675047 1.11450933013111 1.46825930546038 1.21332545019686 1.14944164385088 1.25219461671077 1.48217723774724 1.04658808349632 1.21900281170383 1.94833972561173 1.77139714430086 1.31725330324844 1.32831809134223 1.94013825012371 1.79225889453664 1.80967081454583 1.51309718284756 1.78994962293655 0 1.90468522626907 0.983741766773164 1.90745560079813 1.88915736763738 1.42445630254224 1.88102711760439 0.96553949941881 1.64365533646196 1.05803912389092 1.47440084279515
1.79291977733374 1.63468626677059 1.19691211218014 1.85550244059414 1.58404804253951 1.10124202864245 1.33854423649609 1.63249827851541 1.47888855752535 1.45809337450191 1.20496288780123 1.39812211692333 1.22790751024149 1.92195701110177 1.62557610985823 1.42508707591332 1.32601934182458 1.41158270975575 1.72341250814497 1.90468522626907 0 1.10705494973809 1.4164930942934 1.81490423390642 1.21894554281607 1.51967908046208 1.15601709741168 1.24765152926557 1.92553641204722 1.36050516576506
1.02957741543651 1.23644566792063 1.38731705280952 1.50520043820143 1.49363886495121 1.22788661718369 1.6266516558826 1.09871868579648 1.48129349504597 1.78142310120165 1.71316952747293 1.17736945720389 1.00917315320112 1.00060391123407 1.83162037935108 0.97446891060099 1.19819104997441 0.964971299748868 1.73958393814974 0.983741766773164 1.10705494973809 0 1.63711142376997 1.53262842074037 1.64226160617545 1.37473842431791 1.16488967440091 1.04015757376328 1.45025191269815 1.6121875315439
1.11877757054754 1.00616722344421 1.06454804982059 1.80649951519445 1.19981349958107 1.36310348450206 1.47626356850378 1.81282363669015 0.979225170565769 1.14477966609411 1.86453047837131 1.61223297310062 1.32548725092784 0.973343492951244 0.979808801086619 1.82136825541966 1.38765868800692 1.22681857529096 1.91405398584902 1.90745560079813 1.4164930942934 1.63711142376997 0 1.74481007736176 1.50041707232594 1.80375503539108 1.85507470089942 1.2778723447118 1.50320313684642 0.999370330711827
1.72394632361829 1.17590843839571 0.994650264037773 1.66956971213222 1.85827955813147 1.88858216628432 1.80777962645516 1.44087823969312 1.22828684467822 1.64701408683322 1.11833700118586 1.75196444080211 1.08509959420189 1.72334354696795 1.10793801071122 1.77290122676641 1.75107229268178 1.28293392481282 1.23159933788702 1.88915736763738 1.81490423390642 1.53262842074037 1.74481007736176 0 0.971388936275616 1.62852568831295 1.44076165230945 1.64006698224694 1.40691276593134 0.976606453070417
1.20547963422723 1.45809424854815 1.57567634596489 1.74483357509598 1.72536235349253 1.00891553773545 1.15831407764927 1.04996180930175 1.23019112809561 1.04131582938135 1.150132230483 1.27873701695353 1.66603070148267 1.70418628654443 1.80063930456527 1.57739996933378 1.40429037436843 1.88417854602449 1.8911570769269 1.42445630254224 1.21894554281607 1.64226160617545 1.50041707232594 0.971388936275616 0 1.50661089690402 1.75072695245035 1.12146763759665 1.70429929741658 1.91677928273566
1.43838945263997 1.6660134352278 1.19980280217715 1.6796113147866 1.87650521611795 1.51402055099607 1.55434278352186 1.62825347669423 1.89406769745983 0.99486464029178 1.0268666553311 1.32883869297802 1.17790422984399 0.992542000487447 1.85387808945961 1.30162317864597 1.60854895971715 1.67911491799168 1.07861008425243 1.88102711760439 1.51967908046208 1.37473842431791 1.80375503539108 1.62852568831295 1.50661089690402 0 1.75719286105596 1.45363235729747 1.74293208494782 1.05635331291705
1.33945096097887 1.26289972034283 1.56506386771798 1.34371174243279 1.67853740649298 1.91396222868934 1.17397511517629 1.42058566887863 1.60534024704248 1.30224763439037 0.982800226192921 1.87954086251557 1.44127425993793 1.34352498175576 1.4013631301932 1.073386230506 1.57913024839945 1.07838941644877 1.19889260479249 0.96553949941881 1.15601709741168 1.16488967440091 1.85507470089942 1.44076165230945 1.75072695245035 1.75719286105596 0 1.40390443219803 1.04262927011587 1.77763653011061
1.38640161114745 1.57653489359654 1.20444912742823 1.24443242768757 1.91655929666013 0.966649673413485 1.77563373954035 1.6477755245287 1.23023956432007 1.44931457284838 1.71589174424298 1.49892519135028 1.10436475789174 1.75004991772585 1.28463063272648 1.69065575650893 1.77059956267476 1.01758007379249 0.961425109999254 1.64365533646196 1.24765152926557 1.04015757376328 1.2778723447118 1.64006698224694 1.12146763759665 1.45363235729747 1.40390443219803 0 1.923866804922 1.44139977544546
1.86196285742335 1.07397522963583 1.77648887550458 0.974689136259258 1.56928797997534 1.75058240210637 1.05324294604361 1.84270861279219 1.60050790361129 1.00798626081087 1.28537210798822 1.20263891108334 0.983651105780154 1.12991529121064 1.23463017656468 1.72515610954724 1.35603282810189 1.43951218016446 1.43638875870965 1.05803912389092 1.92553641204722 1.45025191269815 1.50320313684642 1.40691276593134 1.70429929741658 1.74293208494782 1.04262927011587 1.923866804922 0 1.13917563878931
1.3956745704636 1.49037163238972 1.27614451409318 1.54327865643427 1.90958502353169 1.00042274827138 1.04333915188909 1.57420653104782 1.73497819178738 1.04332516249269 1.56000795867294 1.87618183880113 1.41356274741702 1.29285209532827 1.59639309230261 1.37511126603931 1.63210791279562 1.08056045835838 1.68108748667873 1.47440084279515 1.36050516576506 1.6121875315439 0.999370330711827 0.976606453070417 1.91677928273566 1.05635331291705 1.77763653011061 1.44139977544546 1.13917563878931 0
