0 1.47182008018717 1.19729733886197 1.15704414783977 1.58020010706969 0.910364123526961 1.78450992447324 1.32615748327225 1.74961374816485 1.35485443891957 1.33639266551472 1.01213787938468 1.85302015580237 1.797054621391 1.59166547469795 1.67919577099383 1.19922109739855 0.953779007541016 1.15123882261105 1.33825632883236 1.04544726596214 1.01743149408139 1.69154220144264 1.33203478180803 1.66851040208712 1.52385497954674 1.40030834148638 1.67175215110183 1.57396858092397 1.77470434689894
1.47182008018717 0 1.72342190728523 1.31083225365728 1.73237120872363 1.43480250914581 1.48781022732146 1.54316246672533 0.964185886085033 1.13341101165861 1.20746182790026 1.474895585794 1.17522049159743 1.56422980432399 1.19503214769065 1.87693739519455 1.75972058507614 1.55810056393966 1.09274808713235 1.0899171391502 1.16854037949815 1.45384880783968 1.41040645143948 1.46684145927429 1.26894648303278 1.16875843028538 1.41958579211496 1.76050820620731 1.09285030909814 1.82360816258006
1.19729733886197 1.72342190728523 0 1.06484719668515 1.14987075398676 1.35663388692774 1.39805366075598 1.4780527963303 0.912694226717576 1.78498187847435 1.33412734116428 1.35114451730624 1.20417827065103 1.697796740802 1.89774334221147 1.60866414336488 1.21151599963196 1.53706597676501 1.69623638037592 1.05142732895911 1.68665264779702 1.13973052985966 1.40881164814346 0.916631079511717 1.15272102272138 1.67298328038305 1.86156089953147 1.01827655825764 1.37681198911741 1.57285011629574
1.15704414783977 1.31083225365728 1.06484719668515 0 1.1749845945742 0.979801554000005 1.41358091612346 1.71189773385413 1.12551620509475 1.53612695238553 1.59128328924999 1.67627577250823 1.84702036064118 1.7868969917763 1.72056217235513 1.0395434089005 1.66873457608745 1.67302890517749 0.934542627073824 1.8265409306623 1.79434716957621 1.15248664305545 1.20998829603195 1.08162283501588 1.74707653326914 1.67259123688564 1.79641190334223 1.25591303082183 1.79979953472503 1.29042758699507
1.58020010706969 1.73237120872363 1.14987075398676 1.1749845945742 0 1.28755513415672 1.2360889853444 1.7463634586893 1.71541373850778 1.11962922266684 1.27134802262299 1.17358526587486 1.67267024610192 1.58931746287271 1.66104648611508 1.37601940101013 1.74526014225557 1.60436449875124 1.69578575575724 1.66147715295665 1.72555942903273 1.80611631902866 1.32145346770994 1.04362622089684 1.83452920219861 1.56136199506 1.72400183510035 0.936022863956168 1.26782761351205 1.67850596108474
0.910364123526961 1.43480250914581 1.35663388692774 0.979801554000005 1.28755513415672 0 1.31629249313846 1.52025146689266 1.33758178539574 1.87374510872178 1.30739131662995 1.38981442060322 1.86674155900255 1.49492870876566 1.78102601552382 1.88079074630514 0.969435020815581 1.3580762099009 1.38501694914885 0.95489915064536 1.33345818310045 0.993742794496939 1.44676822377369 1.02900194935501 1.10584573121741 1.09050707845017 1.35353642166592 1.78771029505879 1.45192947005853 0.958341035060585
1.78450992447324 1.48781022732146 1.39805366075598 1.41358091612346 1.2360889853444 1.31629249313846 0 1.14241303713061 0.915907403919846 1.71265789074823 1.69555298006162 1.08512653759681 1.57228252664208 1.49959461437538 1.5511898829136 1.59643440181389 1.59183264453895 1.10782201727852 1.34883939661086 1.16389980493113 1.29448262997903 1.43932981463149 1.19291599374264 1.17823256831616 1.86376151861623 1.38759646238759 1.06148547655903 1.27773379418068 1.00355222146027 1.08421375695616
1.32615748327225 1.54316246672533 1.4780527963303 1.71189773385413 1.7463634586893 1.52025146689266 1.14241303713061 0 1.46740069705993 1.32175651402213 1.01751882396638 1.64576584519818 1.05286616506055 1.6661610736046 1.6411329198163 1.18614711402915 1.69414974027313 1.07635333621874 1.69754517474212 1.31822959659621 1.43917324114591 1.09508101828396 1.50094228005037 1.28551426134072 1.28227176587097 1.52350966073573 1.33415964478627 0.954163572518155 1.07400661008433 1.57521345815621
1.74961374816485 0.964185886085033 0.912694226717576 1.12551620509475 1.71541373850778 1.33758178539574 0.915907403919846 1.46740069705993 0 1.70477969083004 1.75879978714511 1.07416066434234 1.13017550692894 1.52279044059105 1.87714422587305 1.49612835352309 1.61928522842936 1.34666714933701 1.1795508551877 0.990806380053982 1.64936858904548 1.63765670987777 1.50674041057937 1.63783461973071 1.3615541937761 1.87910781358369 1.86568191763945 1.66080686729401 1.51103517063893 1.03521921765059
1.35485443891957 1.13341101165861 1.78498187847435 1.53612695238553 1.11962922266684 1.87374510872178 1.71265789074823 1.32175651402213 1.70477969083004 0 1.83249537926167 0.969351415056735 1.28507349546999 1.8253411448095 1.84029621584341 1.18625601683743 1.05384988035075 0.954591542715207 1.02374643599615 1.45916249603033 0.94109825626947 1.5013801206369 1.14451495581307 1.7115206758026 0.931663140421733 1.31553116953 1.74166878522374 1.02176968939602 1.50243607885204 1.53309240844101
1.33639266551472 1.20746182790026 1.33412734116428 1.59128328924999 1.27134802262299 1.30739131662995 1.69555298006162 1.01751882396638 1.75879978714511 1.83249537926167 0 1.10113713494502 1.30189336230978 1.3695421658922 1.71420529484749 1.43275931663811 1.13101995852776 1.46103266673163 1.89281877456233 1.4880619419273 1.67076845024712 1.86786157777533 1.81896492280066 1.87296533887275 1.7382753090933 1.68997925380245 1.87657319009304 1.80005621467717 1.72806379967369 1.62744599021971
1.01213787938468 1.474895585794 1.35114451730624 1.67627577250823 1.17358526587486 1.38981442060322 1.08512653759681 1.64576584519818 1.07416066434234 0.969351415056735 1.10113713494502 0 1.32608173810877 1.26603681989945 1.12603369308636 1.59035891364329 1.37457121373154 1.35701647819951 1.02956150262617 1.35582199506462 1.68811983847991 1.29680740460753 1.71582569298334 1.43278032983653 0.911447983235121 0.968983824364841 1.53939899941906 1.00524929282255 1.28626498044468 1.81856636377051
1.85302015580237 1.17522049159743 1.20417827065103 1.84702036064118 1.67267024610192 1.86674155900255 1.57228252664208 1.05286616506055 1.13017550692894 1.28507349546999 1.30189336230978 1.32608173810877 0 1.38388699758798 1.63984968536533 1.47162820282392 1.70660348562524 1.61124158184975 0.944615080254152 0.946329714264721 1.48991609620862 0.981562494998798 1.3549422682263 1.13011203939095 0.912166384514421 1.27001099847257 0.974619993939996 1.60899988515303 1.70656941621564 1.70166339771822
1.797054621391 1.56422980432399 1.697796740802 1.7868969917763 1.58931746287271 1.49492870876566 1.49959461437538 1.6661610736046 1.52279044059105 1.8253411448095 1.3695421658922 1.26603681989945 1.38388699758798 0 1.48585867346264 1.2402733056806 1.42576053016819 1.66228960826993 1.17238162946887 1.64268490765244 1.34404052468017 1.17779932869598 1.89326028735377 1.18301431275904 1.13225239911117 1.62038359581493 1.66471619275399 1.07880263915285 1.7960305751767 1.7639803243801
1.59166547469795 1.19503214769065 1.89774334221147 1.72056217235513 1.66104648611508 1.78102601552382 1.5511898829136 1.6411329198163 1.87714422587305 1.84029621584341 1.71420529484749 1.12603369308636 1.63984968536533 1.48585867346264 0 1.11483991215937 1.03513224585913 1.11117397807539 1.21171386912465 1.0913909941446 0.909409857820719 1.27561841881834 1.56000199285336 1.22042178781703 1.54942401731387 1.64397167251445 1.69792348565534 1.78969690180384 1.58003309881315 1.41247236635536
1.67919577099383 1.87693739519455 1.60866414336488 1.0395434089005 1.37601940101013 1.88079074630514 1.59643440181389 1.18614711402915 1.49612835352309 1.18625601683743 1.43275931663811 1.59035891364329 1.47162820282392 1.2402733056806 1.11483991215937 0 1.52597375633195 1.43911331519485 1.65419058385305 1.18920652125962 1.72971136635169 0.932159072253853 1.31342863151804 1.09175437130034 0.905389576451853 1.00885718828067 0.913616725476459 1.53783736610785 1.81335723074153 1.75623924890533
1.19922109739855 1.75972058507614 1.21151599963196 1.66873457608745 1.74526014225557 0.969435020815581 1.59183264453895 1.69414974027313 1.61928522842936 1.05384988035075 1.13101995852776 1.37457121373154 1.70660348562524 1.42576053016819 1.03513224585913 1.52597375633195 0 1.35792580549605 1.19799177325331 1.39626758405939 1.12342229741625 1.15078739565797 1.5367727142293 1.71766228997149 1.50931158661842 0.929111557081342 1.63894781912677 0.980557087808847 0.933915893081576 1.50242866715416
0.953779007541016 1.55810056393966 1.53706597676501 1.67302890517749 1.60436449875124 1.3580762099009 1.10782201727852 1.07635333621874 1.34666714933701 0.954591542715207 1.46103266673163 1.35701647819951 1.61124158184975 1.66228960826993 1.11117397807539 1.43911331519485 1.35792580549605 0 1.862630689051 0.958469864213839 1.83844670420513 1.35495657520369 0.920510356547311 1.40118827158585 0.965266101062298 0.994597866898403 1.87347052432597 1.77411458571441 1.58560773078352 1.46038332395256
1.15123882261105 1.09274808713235 1.69623638037592 0.934542627073824 1.69578575575724 1.38501694914885 1.34883939661086 1.69754517474212 1.1795508551877 1.02374643599615 1.89281877456233 1.02956150262617 0.944615080254152 1.17238162946887 1.21171386912465 1.65419058385305 1.19799177325331 1.862630689051 0 1.3504996416159 0.947157129412517 1.70461592893116 1.55946002458222 1.48806602251716 0.91511923703365 1.18809060822241 1.21618509921245 1.42156281764619 1.13508327538148 1.73532338370569
1.33825632883236 1.0899171391502 1.05142732895911 1.8265409306623 1.66147715295665 0.95489915064536 1.16389980493113 1.31822959659621 0.990806380053982 1.45916249603033 1.4880619419273 1.35582199506462 0.946329714264721 1.64268490765244 1.0913909941446 1.18920652125962 1.39626758405939 0.958469864213839 1.3504996416159 0 1.67406743485481 1.25326811219566 0.986604165518656 1.31455384939909 1.48716792906635 1.60964278574102 1.30960860755295 1.37030031695031 1.15204770467244 1.18136422405951
1.04544726596214 1.16854037949815 1.68665264779702 1.79434716957621 1.72555942903273 1.33345818310045 1.29448262997903 1.43917324114591 1.64936858904548 0.94109825626947 1.67076845024712 1.68811983847991 1.48991609620862 1.34404052468017 0.909409857820719 1.72971136635169 1.12342229741625 1.83844670420513 0.947157129412517 1.67406743485481 0 1.25231891893782 1.85039571439847 1.53431533882394 1.24014228745364 1.89594465820119 1.25020920322277 1.3235993781127 1.88708765013143 1.12299333978444
1.01743149408139 1.45384880783968 1.13973052985966 1.15248664305545 1.80611631902866 0.993742794496939 1.43932981463149 1.09508101828396 1.63765670987777 1.5013801206369 1.86786157777533 1.29680740460753 0.981562494998798 1.17779932869598 1.27561841881834 0.932159072253853 1.15078739565797 1.35495657520369 1.70461592893116 1.25326811219566 1.25231891893782 0 1.63525059306994 1.53502220683731 1.06166838970967 1.06852237624116 1.84577579773031 1.75060680834576 1.38004278694279 1.70499200676568
1.69154220144264 1.41040645143948 1.40881164814346 1.20998829603195 1.32145346770994 1.44676822377369 1.19291599374264 1.50094228005037 1.50674041057937 1.14451495581307 1.81896492280066 1.71582569298334 1.3549422682263 1.89326028735377 1.56000199285336 1.31342863151804 1.5367727142293 0.920510356547311 1.55946002458222 0.986604165518656 1.85039571439847 1.63525059306994 0 1.42181910597719 1.42668014159426 1.53554173209704 1.24333282699808 1.6778199672699 0.958786841481924 1.57403240539134
1.33203478180803 1.46684145927429 0.916631079511717 1.08162283501588 1.04362622089684 1.02900194935501 1.17823256831616 1.28551426134072 1.63783461973071 1.7115206758026 1.87296533887275 1.43278032983653 1.13011203939095 1.18301431275904 1.22042178781703 1.09175437130034 1.71766228997149 1.40118827158585 1.48806602251716 1.31455384939909 1.53431533882394 1.53502220683731 1.42181910597719 0 1.58409303519875 1.02759234514087 1.28869776963256 1.59802360599861 1.50813610339537 1.71477331710048
1.66851040208712 1.26894648303278 1.15272102272138 1.74707653326914 1.83452920219861 1.10584573121741 1.86376151861623 1.28227176587097 1.3615541937761 0.931663140421733 1.7382753090933 0.911447983235121 0.912166384514421 1.13225239911117 1.54942401731387 0.905389576451853 1.50931158661842 0.965266101062298 0.91511923703365 1.48716792906635 1.24014228745364 1.06166838970967 1.42668014159426 1.58409303519875 0 1.63099210662767 1.74143325677142 1.26715805614367 1.15463599655777 1.01278852624819
1.52385497954674 1.16875843028538 1.67298328038305 1.67259123688564 1.56136199506 1.09050707845017 1.38759646238759 1.52350966073573 1.87910781358369 1.31553116953 1.68997925380245 0.968983824364841 1.27001099847257 1.62038359581493 1.64397167251445 1.00885718828067 0.929111557081342 0.994597866898403 1.18809060822241 1.60964278574102 1.89594465820119 1.06852237624116 1.53554173209704 1.02759234514087 1.63099210662767 0 1.40868790331297 1.42280570161529 1.65557300578803 1.41901762178168
1.40030834148638 1.41958579211496 1.86156089953147 1.79641190334223 1.72400183510035 1.35353642166592 1.06148547655903 1.33415964478627 1.86568191763945 1.74166878522374 1.87657319009304 1.53939899941906 0.974619993939996 1.66471619275399 1.69792348565534 0.913616725476459 1.63894781912677 1.87347052432597 1.21618509921245 1.30960860755295 1.25020920322277 1.84577579773031 1.24333282699808 1.28869776963256 1.74143325677142 1.40868790331297 0 1.8638293093536 1.34460825589485 1.42142094275914
1.67175215110183 1.76050820620731 1.01827655825764 1.25591303082183 0.936022863956168 1.78771029505879 1.27773379418068 0.954163572518155 1.66080686729401 1.02176968939602 1.80005621467717 1.00524929282255 1.60899988515303 1.07880263915285 1.78969690180384 1.53783736610785 0.980557087808847 1.77411458571441 1.42156281764619 1.37030031695031 1.3235993781127 1.75060680834576 1.6778199672699 1.59802360599861 1.26715805614367 1.42280570161529 1.8638293093536 0 1.11904202122241 1.32157311309129
1.57396858092397 1.09285030909814 1.37681198911741 1.79979953472503 1.26782761351205 1.45192947005853 1.00355222146027 1.07400661008433 1.51103517063893 1.50243607885204 1.72806379967369 1.28626498044468 1.70656941621564 1.7960305751767 1.58003309881315 1.81335723074153 0.933915893081576 1.58560773078352 1.13508327538148 1.15204770467244 1.88708765013143 1.38004278694279 0.958786841481924 1.50813610339537 1.15463599655777 1.65557300578803 1.34460825589485 1.11904202122241 0 1.57801278633997
1.77470434689894 1.82360816258006 1.57285011629574 1.29042758699507 1.67850596108474 0.958341035060585 1.08421375695616 1.57521345815621 1.03521921765059 1.53309240844101 1.62744599021971 1.81856636377051 1.70166339771822 1.7639803243801 1.41247236635536 1.75623924890533 1.50242866715416 1.46038332395256 1.73532338370569 1.18136422405951 1.12299333978444 1.70499200676568 1.57403240539134 1.71477331710048 1.01278852624819 1.41901762178168 1.42142094275914 1.32157311309129 1.57801278633997 0
