0 1.79011347191408 1.34142751176842 0.923477357951924 1.46033493662253 0.964191176462919 1.52078391751274 1.34998868987896 1.10286350245588 1.08975134929642 1.45648295758292 1.03498143865727 1.67298234789632 1.56499358289875 1.76756241242401 1.64171381969936 1.2223165712785 1.29200515430421 1.59228620701469 1.34229460800998 1.30586977908388 1.66827923292294 1.60205852519721 1.39239159272984 1.01607812428847 1.78695948864333 1.64423958281986 0.959005567710847 1.72957923961803 1.76223608129658
1.79011347191408 0 0.974139905301854 0.997838621493429 1.05695231212303 1.14982250332832 0.952529995003715 1.02951349481009 1.72999545745552 1.24319739290513 1.57737475913018 1.82800688780844 1.01591118518263 1.691990574589 1.41859955410473 1.00223270710558 1.7915421074722 1.85100149339996 1.63742674514651 1.55814271443523 0.959114373428747 1.81312207365409 1.16398885659873 1.48534570774063 1.5728933555074 1.27064621797763 1.76548309624195 1.57802633568645 0.936718985904008 1.45144468988292
1.34142751176842 0.974139905301854 0 1.74996618344449 1.0716556806583 1.42407976882532 1.07605623849668 1.45461138966493 1.81455685058609 1.18521185033023 0.973040749784559 1.1769241001457 1.47073026536964 1.37314879102632 1.74199311714619 1.33338181115687 1.02035718690604 1.7951838101726 1.77226962009445 1.59631976508535 1.50297976541333 1.03374800295569 1.12930107582361 1.0096040526405 1.21345343347639 1.26798983779736 1.2797593199648 1.84405870758928 1.78168119955808 1.59018501150422
0.923477357951924 0.997838621493429 1.74996618344449 0 1.35479850322008 1.48203171789646 1.12045383104123 1.23549709701911 1.06086800154299 1.05113519029692 1.15632235375233 0.884804393630475 1.53675955650397 1.23281374550425 1.60635350644588 1.74213063390926 1.6102322251536 1.30434272135608 1.01278248615563 1.32898045075126 1.82417937600985 1.63665837445296 1.24754519411363 1.58921238943003 0.934352048672736 1.0046836247202 1.47988038975745 1.24858989869244 1.13468165043741 1.72816750546917
1.46033493662253 1.05695231212303 1.0716556806583 1.35479850322008 0 1.06694748788141 0.889958408661187 1.24757960485294 1.70711211813614 1.39287658198737 1.57147591095418 1.67025350988843 1.70713004958816 1.80222105816938 0.945336121367291 1.5390576843638 1.57262330478989 1.45031767967157 0.922990267630666 1.15959726879373 0.995694030076265 1.41718844487332 1.0122923864983 0.86411740607582 1.1291817179881 1.63018144876696 1.8212327347137 1.77002097503282 1.61376525857486 1.46347920433618
0.964191176462919 1.14982250332832 1.42407976882532 1.48203171789646 1.06694748788141 0 0.935730554861948 0.923563337884843 1.28757057455368 1.60861176275648 1.70320534799248 0.869453222956508 1.34326062584296 1.21656169532798 1.12574220192619 0.890268485760316 1.12619061302394 0.916026188759133 1.64644354488701 1.71659110533074 1.50497383624315 1.64624896622263 1.55286997393705 1.84208826208487 1.30468299170025 1.25423073861748 1.59509351849556 1.61063868482597 1.098804527428 1.79950891179033
1.52078391751274 0.952529995003715 1.07605623849668 1.12045383104123 0.889958408661187 0.935730554861948 0 1.22258119168691 1.24001738079824 1.64084752788767 1.27262260625139 1.35275584133342 1.68466897145845 1.60004751081578 1.37436676537618 1.09911518311128 1.43730247765779 1.2982736711856 1.55866898200475 1.76303079212084 1.68278322950937 1.10767763084732 1.40149362478405 1.71337036159821 0.937700939364731 1.78030098858289 1.70545384357683 1.03441111370921 1.56832533865236 0.875268762465566
1.34998868987896 1.02951349481009 1.45461138966493 1.23549709701911 1.24757960485294 0.923563337884843 1.22258119168691 0 0.900661416817456 1.74874652014114 1.26399498712271 1.09006884554401 1.47757695475593 1.52561465092003 1.30598778207786 1.68575923191383 1.08417940023355 0.933270890032873 1.58799064578488 1.82683521392755 1.24718585354276 1.2119349075947 1.16145307384431 1.75028535258025 1.70939973066561 1.58606324577704 1.82174813910387 0.934893360594288 1.84237533784471 1.75856081396341
1.10286350245588 1.72999545745552 1.81455685058609 1.06086800154299 1.70711211813614 1.28757057455368 1.24001738079824 0.900661416817456 0 1.21520401118323 1.46943596866913 1.65664476156235 1.66879239981063 1.23757264320739 1.68850837321952 0.889776312047616 1.69174099178053 1.36378676164895 1.49940381362103 1.00000004563481 1.18535569543019 1.75788489263505 1.07187099568546 0.958850594703108 0.905512112658471 1.29497485398315 1.37232412514277 1.30247401283123 1.54584496305324 1.2295124582015
1.08975134929642 1.24319739290513 1.18521185033023 1.05113519029692 1.39287658198737 1.60861176275648 1.64084752788767 1.74874652014114 1.21520401118323 0 1.05708822980523 1.38008516980335 1.39223977085203 1.74144057696685 1.28008255991153 1.04685106361285 1.14797653979622 1.4139335216023 1.28490322758444 1.73492273269221 1.53015587758273 1.64921639324166 1.02302802889608 1.25350558781065 1.20286227855831 1.03777525364421 1.45481077046134 1.06932219909504 1.73022362962365 1.5674598920159
1.45648295758292 1.57737475913018 0.973040749784559 1.15632235375233 1.57147591095418 1.70320534799248 1.27262260625139 1.26399498712271 1.46943596866913 1.05708822980523 0 1.49229721259326 1.1030919153709 0.984185302164406 1.14447680907324 1.72566949366592 1.53526336280629 0.868559938156977 1.85977051989175 1.27850250154734 1.85120290447958 1.76983819622546 1.20644179033116 1.01810832205229 1.71860007662326 1.08431607484818 1.49874614155851 1.32249926170334 1.79210798605345 1.3917461510282
1.03498143865727 1.82800688780844 1.1769241001457 0.884804393630475 1.67025350988843 0.869453222956508 1.35275584133342 1.09006884554401 1.65664476156235 1.38008516980335 1.49229721259326 0 1.02407454978675 1.61068255128339 1.02620024583302 1.01249692752026 1.79644380975515 1.42691930942237 1.54274010541849 1.12788166641258 1.00676904711872 1.28279458149336 0.904627090552822 1.07185701280832 1.04497908661142 1.72127955337055 1.56662483536638 1.46384440385737 1.16392993018962 1.49368375074118
1.67298234789632 1.01591118518263 1.47073026536964 1.53675955650397 1.70713004958816 1.34326062584296 1.68466897145845 1.47757695475593 1.66879239981063 1.39223977085203 1.1030919153709 1.02407454978675 0 1.75788783747703 1.02796703483909 0.878790189512074 1.47743184142746 1.1999187853653 1.53684431221336 1.4283453959506 1.3093002201058 1.83687957609072 0.989244812168181 1.2411087686196 1.71406117011793 1.49306858261116 1.84108349005692 1.02265873760916 1.20149465906434 1.02437743637711
1.56499358289875 1.691990574589 1.37314879102632 1.23281374550425 1.80222105816938 1.21656169532798 1.60004751081578 1.52561465092003 1.23757264320739 1.74144057696685 0.984185302164406 1.61068255128339 1.75788783747703 0 1.1774691042956 1.2103500906378 1.39866507123224 0.95316001935862 1.37709200195968 1.17061174125411 1.79237443068996 1.33103365357965 1.56564931175672 1.21251505170949 1.42396881827153 0.929574755951762 0.888811383629218 1.16660320502706 1.8466764295008 1.47554967785254
1.76756241242401 1.41859955410473 1.74199311714619 1.60635350644588 0.945336121367291 1.12574220192619 1.37436676537618 1.30598778207786 1.68850837321952 1.28008255991153 1.14447680907324 1.02620024583302 1.02796703483909 1.1774691042956 0 1.33270274661481 1.4122351158876 1.63773968978785 1.14421501290053 1.07392110931687 1.83273661090061 1.41068366798572 1.3163926245179 0.888387227896601 1.71047082054429 1.76007831376046 0.987875075079501 1.13780154357664 1.54638190194964 1.66537714190781
1.64171381969936 1.00223270710558 1.33338181115687 1.74213063390926 1.5390576843638 0.890268485760316 1.09911518311128 1.68575923191383 0.889776312047616 1.04685106361285 1.72566949366592 1.01249692752026 0.878790189512074 1.2103500906378 1.33270274661481 0 1.62924807262607 1.38340277341194 0.863546266686171 0.86829543649219 1.50030682166107 1.30264460877515 0.916431825375184 1.55415692878887 1.79287598794326 1.36913591693155 1.65432753530331 1.2496135008987 1.39075267850421 1.49163698335178
1.2223165712785 1.7915421074722 1.02035718690604 1.6102322251536 1.57262330478989 1.12619061302394 1.43730247765779 1.08417940023355 1.69174099178053 1.14797653979622 1.53526336280629 1.79644380975515 1.47743184142746 1.39866507123224 1.4122351158876 1.62924807262607 0 1.75594793492928 1.50534224673174 1.55136197269894 1.85030741244555 1.60917441546917 1.02265797019936 1.71796979918145 1.10776115790941 1.66951300669461 1.45907799107954 1.3166640419513 1.73142639873549 0.938287139870226
1.29200515430421 1.85100149339996 1.7951838101726 1.30434272135608 1.45031767967157 0.916026188759133 1.2982736711856 0.933270890032873 1.36378676164895 1.4139335216023 0.868559938156977 1.42691930942237 1.1999187853653 0.95316001935862 1.63773968978785 1.38340277341194 1.75594793492928 0 1.18282625335269 1.27082523447461 1.22783266683109 1.24434403819032 1.69232727913186 1.67180349864066 1.08481405652128 0.875123423757032 1.36657183431089 1.08020498300903 1.68932258081622 1.60682409955189
1.59228620701469 1.63742674514651 1.77226962009445 1.01278248615563 0.922990267630666 1.64644354488701 1.55866898200475 1.58799064578488 1.49940381362103 1.28490322758444 1.85977051989175 1.54274010541849 1.53684431221336 1.37709200195968 1.14421501290053 0.863546266686171 1.50534224673174 1.18282625335269 0 1.63738021161407 1.42584397620521 1.52956642583013 1.02213746751659 1.56217139423825 1.0632311895024 1.24444189737551 1.13975566532463 1.3377248509787 1.07014109566808 1.80311896791682
1.34229460800998 1.55814271443523 1.59631976508535 1.32898045075126 1.15959726879373 1.71659110533074 1.76303079212084 1.82683521392755 1.00000004563481 1.73492273269221 1.27850250154734 1.12788166641258 1.4283453959506 1.17061174125411 1.07392110931687 0.86829543649219 1.55136197269894 1.27082523447461 1.63738021161407 0 1.78241521352902 1.14508716505952 0.922924442682415 1.54531581234187 1.22104274993762 1.07894860231318 1.2270098105073 1.22934738826007 1.06423975178041 1.19817843101919
1.30586977908388 0.959114373428747 1.50297976541333 1.82417937600985 0.995694030076265 1.50497383624315 1.68278322950937 1.24718585354276 1.18535569543019 1.53015587758273 1.85120290447958 1.00676904711872 1.3093002201058 1.79237443068996 1.83273661090061 1.50030682166107 1.85030741244555 1.22783266683109 1.42584397620521 1.78241521352902 0 1.69688055082224 1.19037507544272 1.60928960796446 1.41272144624963 1.83042437210679 1.64020124380477 1.74796577100642 1.779221592471 1.38476252998225
1.66827923292294 1.81312207365409 1.03374800295569 1.63665837445296 1.41718844487332 1.64624896622263 1.10767763084732 1.2119349075947 1.75788489263505 1.64921639324166 1.76983819622546 1.28279458149336 1.83687957609072 1.33103365357965 1.41068366798572 1.30264460877515 1.60917441546917 1.24434403819032 1.52956642583013 1.14508716505952 1.69688055082224 0 1.111570375273 0.923170594265684 1.62276043766178 1.18946911743842 1.55242415471002 1.01997802266851 1.5155397108756 1.78718599653803
1.60205852519721 1.16398885659873 1.12930107582361 1.24754519411363 1.0122923864983 1.55286997393705 1.40149362478405 1.16145307384431 1.07187099568546 1.02302802889608 1.20644179033116 0.904627090552822 0.989244812168181 1.56564931175672 1.3163926245179 0.916431825375184 1.02265797019936 1.69232727913186 1.02213746751659 0.922924442682415 1.19037507544272 1.111570375273 0 1.31012859661132 0.876444162568077 1.69878917746246 1.15993817104027 1.01419623242691 1.56493689795025 1.09472540020943
1.39239159272984 1.48534570774063 1.0096040526405 1.58921238943003 0.86411740607582 1.84208826208487 1.71337036159821 1.75028535258025 0.958850594703108 1.25350558781065 1.01810832205229 1.07185701280832 1.2411087686196 1.21251505170949 0.888387227896601 1.55415692878887 1.71796979918145 1.67180349864066 1.56217139423825 1.54531581234187 1.60928960796446 0.923170594265684 1.31012859661132 0 1.44442444574088 1.51538570458069 1.71922861668281 1.06676236353815 1.0126038917806 1.39583286549896
1.01607812428847 1.5728933555074 1.21345343347639 0.934352048672736 1.1291817179881 1.30468299170025 0.937700939364731 1.70939973066561 0.905512112658471 1.20286227855831 1.71860007662326 1.04497908661142 1.71406117011793 1.42396881827153 1.71047082054429 1.79287598794326 1.10776115790941 1.08481405652128 1.0632311895024 1.22104274993762 1.41272144624963 1.62276043766178 0.876444162568077 1.44442444574088 0 1.14771307935007 1.78757977648638 1.28440596209839 0.924967033555731 1.7327020065859
1.78695948864333 1.27064621797763 1.26798983779736 1.0046836247202 1.63018144876696 1.25423073861748 1.78030098858289 1.58606324577704 1.29497485398315 1.03777525364421 1.08431607484818 1.72127955337055 1.49306858261116 0.929574755951762 1.76007831376046 1.36913591693155 1.66951300669461 0.875123423757032 1.24444189737551 1.07894860231318 1.83042437210679 1.18946911743842 1.69878917746246 1.51538570458069 1.14771307935007 0 1.54451307258569 1.24508357024752 1.72010008874349 0.928909674054012
1.64423958281986 1.76548309624195 1.2797593199648 1.47988038975745 1.8212327347137 1.59509351849556 1.70545384357683 1.82174813910387 1.37232412514277 1.45481077046134 1.49874614155851 1.56662483536638 1.84108349005692 0.888811383629218 0.987875075079501 1.65432753530331 1.45907799107954 1.36657183431089 1.13975566532463 1.2270098105073 1.64020124380477 1.55242415471002 1.15993817104027 1.71922861668281 1.78757977648638 1.54451307258569 0 1.31700499588624 1.57004062412307 1.80049666482955
0.959005567710847 1.57802633568645 1.84405870758928 1.24858989869244 1.77002097503282 1.61063868482597 1.03441111370921 0.934893360594288 1.30247401283123 1.06932219909504 1.32249926170334 1.46384440385737 1.02265873760916 1.16660320502706 1.13780154357664 1.2496135008987 1.3166640419513 1.08020498300903 1.3377248509787 1.22934738826007 1.74796577100642 1.01997802266851 1.01419623242691 1.06676236353815 1.28440596209839 1.24508357024752 1.31700499588624 0 1.55841569858603 1.54020242975093
1.72957923961803 0.936718985904008 1.78168119955808 1.13468165043741 1.61376525857486 1.098804527428 1.56832533865236 1.84237533784471 1.54584496305324 1.73022362962365 1.79210798605345 1.16392993018962 1.20149465906434 1.8466764295008 1.54638190194964 1.39075267850421 1.73142639873549 1.68932258081622 1.07014109566808 1.06423975178041 1.779221592471 1.5155397108756 1.56493689795025 1.0126038917806 0.924967033555731 1.72010008874349 1.57004062412307 1.55841569858603 0 0.902281923219562
1.76223608129658 1.45144468988292 1.59018501150422 1.72816750546917 1.46347920433618 1.79950891179033 0.875268762465566 1.75856081396341 1.2295124582015 1.5674598920159 1.3917461510282 1.49368375074118 1.02437743637711 1.47554967785254 1.66537714190781 1.49163698335178 0.938287139870226 1.60682409955189 1.80311896791682 1.19817843101919 1.38476252998225 1.78718599653803 1.09472540020943 1.39583286549896 1.7327020065859 0.928909674054012 1.80049666482955 1.54020242975093 0.902281923219562 0
