0 1.82384043908678 1.10346546629444 1.29005642887205 1.94846932333894 0.992231539683416 1.9519174664747 1.30939810862765 1.52147410786711 1.86392308957875 1.87513719452545 1.83468765858561 1.08345658401959 1.79964820481837 1.92162523558363 1.94749545282684 1.82806790200993 1.13276133360341 1.15294878138229 1.04630606388673 1.29894318641163 1.00271387561224 1.62721579079516 1.80331122456118 1.11896927957423 1.00566428201273 1.30761607573368 1.20287874503992 1.40713269892149 1.72690392355435
1.82384043908678 0 1.56679295818321 1.54529307130724 1.16998522798531 1.18228879827075 1.52048203255981 0.994369224645197 1.04937978344969 1.41013482469134 1.34393742401153 1.14834565110505 1.92368458537385 1.66136759077199 1.16648693312891 1.87362980237231 1.84210663568228 1.93356861406937 1.34329183353111 1.38502119807526 1.37987272720784 0.991347085451707 1.79480444313958 1.62761851144023 1.68644974287599 1.59491922007874 1.17057434469461 1.46045562275685 1.88618552288972 1.97733930824324
1.10346546629444 1.56679295818321 0 1.05651508714072 1.65739319543354 1.77676855563186 1.73911376390606 1.34085781220347 1.73389318701811 1.7285619196482 1.62019000784494 1.96058896859176 1.21186469891109 1.53963821311481 1.39646045840345 1.51589737227187 1.78064506640658 1.36052282340825 1.1728814614471 1.16138376179151 1.25219591311179 1.83092266647145 1.44132886687294 1.48814298561774 1.42821174114943 1.08486696728505 1.44521193881519 1.95884304121137 1.58339405246079 1.28635334759019
1.29005642887205 1.54529307130724 1.05651508714072 0 1.34699941240251 1.4673165702261 1.79189407988451 1.32810594583862 1.04652031720616 1.89695458346978 1.3433792355936 1.58100399398245 1.94049247307703 1.13585344911553 1.68328588735312 1.1362317292951 1.45728370104916 1.00240413984284 1.23581072641537 1.89206449175254 1.3674082281068 1.94853202067316 1.62190178688616 1.88092290889472 1.56549679883756 1.88830255460925 1.84495075768791 1.01465767878108 1.73456763941795 1.58848384302109
1.94846932333894 1.16998522798531 1.65739319543354 1.34699941240251 0 1.03635724354535 1.26014465768822 1.61710110725835 1.6819273524452 1.93825322249904 1.48471324285492 1.47796605038457 1.02688409411348 1.19855610956438 0.981381207238883 1.00460752751678 1.50910316244699 1.25253943237476 1.72988266707398 1.21965739224106 1.21708518406376 1.90761714591645 1.807623723289 1.51756950654089 1.7945328024216 1.96338041895069 1.24604554614052 1.65920473984443 1.42897682939656 1.89680557418615
0.992231539683416 1.18228879827075 1.77676855563186 1.4673165702261 1.03635724354535 0 1.25534609751776 1.95410748268478 1.81731731747277 1.95999376685359 1.51146733597852 1.68873684969731 1.27411252260208 1.54564982489683 1.36714912718162 1.35919155809097 1.89246710552834 1.45130904600956 1.3090756079182 1.96945232385769 1.18301135371439 1.50215880945325 1.78316520014778 1.25170454522595 1.02837392268702 1.1321449468378 1.0343455162365 1.03712818655185 1.05511019658297 1.36006286903284
1.9519174664747 1.52048203255981 1.73911376390606 1.79189407988451 1.26014465768822 1.25534609751776 0 1.92917264974676 1.40848119882867 1.21658408152871 1.45995427668095 1.78006529598497 1.12113046180457 1.97517740889452 1.78114697383717 1.3901949741412 1.33954186108895 1.84626576886512 1.32532085827552 1.01640680711716 1.56381041253917 1.15410473034717 1.78396891150624 1.87673850753345 1.7783130176831 1.38570159464143 1.82088498631492 1.0330298463814 1.14107455848716 1.91645745094866
1.30939810862765 0.994369224645197 1.34085781220347 1.32810594583862 1.61710110725835 1.95410748268478 1.92917264974676 0 1.69245975441299 1.19008685252629 1.49518437194638 1.62471703719348 1.94073769706301 1.84860253939405 1.8342608246021 1.57960565481335 1.39549696445465 1.05594077496789 1.9409625059925 1.1239943804685 1.08875330886804 1.2898878720589 1.06020323047414 1.11433375393972 1.1171540049836 1.5510821507778 1.1200640394818 1.37191383144818 1.02197253378108 1.04755443800241
1.52147410786711 1.04937978344969 1.73389318701811 1.04652031720616 1.6819273524452 1.81731731747277 1.40848119882867 1.69245975441299 0 1.75541194644757 1.55599878774956 1.68996649025939 1.23937999899499 1.68240180751309 1.63008072576486 1.11058886093087 0.983399861026555 1.95497213047929 1.66104636294767 1.65072289132513 1.52970688091591 1.89762045932002 1.87533274968155 1.68458731635474 1.66040022787638 1.63035557372496 1.78431436698884 1.87346867960878 1.52666627336293 1.07391484663822
1.86392308957875 1.41013482469134 1.7285619196482 1.89695458346978 1.93825322249904 1.95999376685359 1.21658408152871 1.19008685252629 1.75541194644757 0 1.25667063891888 1.53844635444693 1.4855197861325 1.8006086780224 1.48291667643934 1.214751414489 1.35550113930367 1.73767779953778 1.55738571099937 1.40249551413581 1.67511460627429 1.49956165626645 1.04453926277347 1.67926827678457 1.73645661794581 1.15526115847751 1.97072490304708 1.51078564161435 1.4677620746661 1.03858749521896
1.87513719452545 1.34393742401153 1.62019000784494 1.3433792355936 1.48471324285492 1.51146733597852 1.45995427668095 1.49518437194638 1.55599878774956 1.25667063891888 0 1.35514565207995 1.40303473803215 1.64182778680697 1.47438747715205 1.67515461472794 1.45489741186611 1.87268286524341 1.28549356432632 1.91441846685484 1.04551637545228 1.7748932861723 1.51578928832896 1.48169972724281 1.6440441631712 1.42656135372818 1.91141210892238 1.75732078938745 1.8053211402148 1.09328268305399
1.83468765858561 1.14834565110505 1.96058896859176 1.58100399398245 1.47796605038457 1.68873684969731 1.78006529598497 1.62471703719348 1.68996649025939 1.53844635444693 1.35514565207995 0 1.07250737422146 0.98712474363856 1.56634132796898 1.19214956718497 1.13979823119007 1.60592179279774 1.17125987890176 1.8015790223144 1.37646277411841 1.89870030037127 1.36007880000398 1.53340169880539 1.33492908300832 1.52793874917552 1.7103571628686 1.60299152508378 1.6068848608993 1.46912107476965
1.08345658401959 1.92368458537385 1.21186469891109 1.94049247307703 1.02688409411348 1.27411252260208 1.12113046180457 1.94073769706301 1.23937999899499 1.4855197861325 1.40303473803215 1.07250737422146 0 1.04615022242069 1.58226255141199 1.47504759114236 1.76587661029771 1.46194142033346 1.11729590920731 1.49574852059595 1.19780143210664 1.44817551900633 1.09793730103411 1.34434620826505 1.70276601146907 1.46354526723735 1.85731680365279 1.20709746936336 1.47580172936432 1.67905676993541
1.79964820481837 1.66136759077199 1.53963821311481 1.13585344911553 1.19855610956438 1.54564982489683 1.97517740889452 1.84860253939405 1.68240180751309 1.8006086780224 1.64182778680697 0.98712474363856 1.04615022242069 0 1.01554472395219 1.83376692142338 1.51650053821504 1.18584360973909 1.32577105564997 1.55431253137067 1.84668366564438 1.07868302566931 1.1788085908629 1.95088497991674 1.68978596059605 1.60377400158904 1.82354120863602 1.58421050803736 1.54929922730662 1.69369884580374
1.92162523558363 1.16648693312891 1.39646045840345 1.68328588735312 0.981381207238883 1.36714912718162 1.78114697383717 1.8342608246021 1.63008072576486 1.48291667643934 1.47438747715205 1.56634132796898 1.58226255141199 1.01554472395219 0 1.42892383411527 1.66351257730275 1.26212696079165 1.72784877987579 1.61309797386639 1.09177856124006 1.72162034944631 1.351507704705 1.68611336941831 1.03325762692839 0.981999211711809 1.23060187557712 1.11858745897189 1.63990037003532 1.45171318529174
1.94749545282684 1.87362980237231 1.51589737227187 1.1362317292951 1.00460752751678 1.35919155809097 1.3901949741412 1.57960565481335 1.11058886093087 1.214751414489 1.67515461472794 1.19214956718497 1.47504759114236 1.83376692142338 1.42892383411527 0 1.81340556289069 1.20756336231716 1.48022459261119 1.32589198090136 1.19002833240665 1.93035174766555 1.2217263225466 1.20692734769545 1.08482731250115 1.90584859298542 1.1946948110126 1.16389721189626 1.36854427587241 1.94075921457261
1.82806790200993 1.84210663568228 1.78064506640658 1.45728370104916 1.50910316244699 1.89246710552834 1.33954186108895 1.39549696445465 0.983399861026555 1.35550113930367 1.45489741186611 1.13979823119007 1.76587661029771 1.51650053821504 1.66351257730275 1.81340556289069 0 1.17406310653314 1.68644411931746 1.79161949292757 1.82369800494052 1.19071920146234 0.982369029894471 1.38476583338343 1.45814302307554 1.03985679219477 1.90021849027835 1.93516147579066 1.36687052482739 1.02533722762018
1.13276133360341 1.93356861406937 1.36052282340825 1.00240413984284 1.25253943237476 1.45130904600956 1.84626576886512 1.05594077496789 1.95497213047929 1.73767779953778 1.87268286524341 1.60592179279774 1.46194142033346 1.18584360973909 1.26212696079165 1.20756336231716 1.17406310653314 0 1.517302128952 1.23780857701786 1.57477880408987 1.34614382241853 1.49348628777079 1.91893045301549 1.10491039184853 1.95831046439707 1.368682612665 1.72351897251792 1.12723882659338 1.09365587891079
1.15294878138229 1.34329183353111 1.1728814614471 1.23581072641537 1.72988266707398 1.3090756079182 1.32532085827552 1.9409625059925 1.66104636294767 1.55738571099937 1.28549356432632 1.17125987890176 1.11729590920731 1.32577105564997 1.72784877987579 1.48022459261119 1.68644411931746 1.517302128952 0 1.74499467923306 1.70497591374442 1.7452173542697 1.4532047372777 1.78592496155761 1.52406791225076 1.73511336185038 1.21723644901067 1.80346419126727 1.77239056071267 1.34762584767304
1.04630606388673 1.38502119807526 1.16138376179151 1.89206449175254 1.21965739224106 1.96945232385769 1.01640680711716 1.1239943804685 1.65072289132513 1.40249551413581 1.91441846685484 1.8015790223144 1.49574852059595 1.55431253137067 1.61309797386639 1.32589198090136 1.79161949292757 1.23780857701786 1.74499467923306 0 1.72045999881811 1.7637706163805 1.14964121812955 1.57909022294916 1.47458491404541 1.15382142411545 1.72573217051104 1.20660597458482 1.4200277258642 1.13894177018665
1.29894318641163 1.37987272720784 1.25219591311179 1.3674082281068 1.21708518406376 1.18301135371439 1.56381041253917 1.08875330886804 1.52970688091591 1.67511460627429 1.04551637545228 1.37646277411841 1.19780143210664 1.84668366564438 1.09177856124006 1.19002833240665 1.82369800494052 1.57477880408987 1.70497591374442 1.72045999881811 0 1.04411159502342 1.82446231064387 1.66137469257228 1.62767782458104 1.57050390448421 1.05176413059235 1.07959716254845 1.75729473726824 1.75758551247418
1.00271387561224 0.991347085451707 1.83092266647145 1.94853202067316 1.90761714591645 1.50215880945325 1.15410473034717 1.2898878720589 1.89762045932002 1.49956165626645 1.7748932861723 1.89870030037127 1.44817551900633 1.07868302566931 1.72162034944631 1.93035174766555 1.19071920146234 1.34614382241853 1.7452173542697 1.7637706163805 1.04411159502342 0 1.31268869456835 1.65579606103711 1.7772351782769 1.9025632571429 1.79919388075359 1.78611635020934 1.15957147744484 1.94094313192181
1.62721579079516 1.79480444313958 1.44132886687294 1.62190178688616 1.807623723289 1.78316520014778 1.78396891150624 1.06020323047414 1.87533274968155 1.04453926277347 1.51578928832896 1.36007880000398 1.09793730103411 1.1788085908629 1.351507704705 1.2217263225466 0.982369029894471 1.49348628777079 1.4532047372777 1.14964121812955 1.82446231064387 1.31268869456835 0 1.19146618968807 1.15778323472477 1.49828440602869 1.79588912962936 1.333294918295 1.38416447793134 1.04463073750958
1.80331122456118 1.62761851144023 1.48814298561774 1.88092290889472 1.51756950654089 1.25170454522595 1.87673850753345 1.11433375393972 1.68458731635474 1.67926827678457 1.48169972724281 1.53340169880539 1.34434620826505 1.95088497991674 1.68611336941831 1.20692734769545 1.38476583338343 1.91893045301549 1.78592496155761 1.57909022294916 1.66137469257228 1.65579606103711 1.19146618968807 0 1.34942483832128 1.77081127255224 1.512948037358 1.07695980812423 1.94208825263195 1.02028521359898
1.11896927957423 1.68644974287599 1.42821174114943 1.56549679883756 1.7945328024216 1.02837392268702 1.7783130176831 1.1171540049836 1.66040022787638 1.73645661794581 1.6440441631712 1.33492908300832 1.70276601146907 1.68978596059605 1.03325762692839 1.08482731250115 1.45814302307554 1.10491039184853 1.52406791225076 1.47458491404541 1.62767782458104 1.7772351782769 1.15778323472477 1.34942483832128 0 1.37697240919806 1.35880376654677 1.90877482341602 1.2829062405508 1.73732967046089
1.00566428201273 1.59491922007874 1.08486696728505 1.88830255460925 1.96338041895069 1.1321449468378 1.38570159464143 1.5510821507778 1.63035557372496 1.15526115847751 1.42656135372818 1.52793874917552 1.46354526723735 1.60377400158904 0.981999211711809 1.90584859298542 1.03985679219477 1.95831046439707 1.73511336185038 1.15382142411545 1.57050390448421 1.9025632571429 1.49828440602869 1.77081127255224 1.37697240919806 0 1.89312622067519 1.94934910070151 1.38475497392938 1.71327403676696
1.30761607573368 1.17057434469461 1.44521193881519 1.84495075768791 1.24604554614052 1.0343455162365 1.82088498631492 1.1200640394818 1.78431436698884 1.97072490304708 1.91141210892238 1.7103571628686 1.85731680365279 1.82354120863602 1.23060187557712 1.1946948110126 1.90021849027835 1.368682612665 1.21723644901067 1.72573217051104 1.05176413059235 1.79919388075359 1.79588912962936 1.512948037358 1.35880376654677 1.89312622067519 0 1.7034981760662 1.4425431098789 1.71335029299371
1.20287874503992 1.46045562275685 1.95884304121137 1.01465767878108 1.65920473984443 1.03712818655185 1.0330298463814 1.37191383144818 1.87346867960878 1.51078564161435 1.75732078938745 1.60299152508378 1.20709746936336 1.58421050803736 1.11858745897189 1.16389721189626 1.93516147579066 1.72351897251792 1.80346419126727 1.20660597458482 1.07959716254845 1.78611635020934 1.333294918295 1.07695980812423 1.90877482341602 1.94934910070151 1.7034981760662 0 1.79008042113855 1.21988203306682
1.40713269892149 1.88618552288972 1.58339405246079 1.73456763941795 1.42897682939656 1.05511019658297 1.14107455848716 1.02197253378108 1.52666627336293 1.4677620746661 1.8053211402148 1.6068848608993 1.47580172936432 1.54929922730662 1.63990037003532 1.36854427587241 1.36687052482739 1.12723882659338 1.77239056071267 1.4200277258642 1.75729473726824 1.15957147744484 1.38416447793134 1.94208825263195 1.2829062405508 1.38475497392938 1.4425431098789 1.79008042113855 0 1.23287795041688
1.72690392355435 1.97733930824324 1.28635334759019 1.58848384302109 1.89680557418615 1.36006286903284 1.91645745094866 1.04755443800241 1.07391484663822 1.03858749521896 1.09328268305399 1.46912107476965 1.67905676993541 1.69369884580374 1.45171318529174 1.94075921457261 1.02533722762018 1.09365587891079 1.34762584767304 1.13894177018665 1.75758551247418 1.94094313192181 1.04463073750958 1.02028521359898 1.73732967046089 1.71327403676696 1.71335029299371 1.21988203306682 1.23287795041688 0
