0 1.12198204523884 1.12374922889285 1.21087073488161 1.32074081804603 1.75780372717418 1.73707980685867 0.986499174265191 1.26487469440326 1.68107813526876 1.90771221043542 1.16451028711163 1.81203397805803 1.78677154099569 1.65417219069786 1.08018145477399 0.978430681396276 1.08749362593517 1.62219924689271 1.54901618207805 1.33626601053402 1.48332282342017 1.01041885605082 1.46985443192534 1.68065706826746 1.4414022192359 1.91235993336886 1.49023727118038 1.05366083979607 1.46439213398844
1.12198204523884 0 1.40128802950494 1.32470874371938 1.85397041868418 1.07641161931679 0.975044178776443 1.89646396739408 1.48218429042026 1.42395442794077 1.73706586332992 1.23092093039304 1.03476681048051 1.66577422688715 1.75893278536387 1.79699394316413 1.77223386452533 1.12877118610777 1.48304406111129 1.35814865492284 1.00401154020801 1.54669138230383 1.46180261764675 1.90220707678236 1.1366746861022 1.5275641141925 1.38265170971863 1.17722845030949 1.30428917543031 1.02278509619646
1.12374922889285 1.40128802950494 0 1.24007635354064 1.3647526379209 1.75795387290418 1.84429253661074 1.88432486681268 1.39245609473437 1.74473899812438 1.15003332449123 1.35417842399329 1.12643633084372 1.91195839922875 1.41035674721934 0.981005959445611 1.91843857057393 1.78055687993765 1.64562020078301 1.08629584172741 1.93085452518426 1.89688104577363 1.39801721880212 0.968128538923338 0.956937671173364 1.9106308510527 1.34022082574666 1.78734686295502 1.64539419370703 1.17984676337801
1.21087073488161 1.32470874371938 1.24007635354064 0 1.42654249607585 1.72721218783408 1.57175306882709 1.43112520524301 1.64834016212262 1.54141397541389 1.90876287315041 1.04529448063113 1.1229072266724 1.00567690539174 1.14128236682154 0.969333332497627 1.00980939529836 1.49684452987276 1.25820106826723 1.47014409373514 1.61143192416057 1.42127548530698 1.93107671127655 1.46416024724022 1.70145910140127 1.58778155851178 1.28128354786895 1.28946407698095 1.91313618421555 1.00328958034515
1.32074081804603 1.85397041868418 1.3647526379209 1.42654249607585 0 1.55530262808315 1.13257822557352 1.7124471468851 1.42747441679239 1.28233041195199 1.70314534869976 1.70768855814822 1.00063267583027 1.05683663580567 1.44283550651744 1.09006099891849 1.83867445238866 1.74742501880974 1.46207774616778 0.967385182855651 1.64127534511499 1.44821791956201 1.71239885431714 1.78315132320859 1.65872041811235 1.02940069977194 0.959051781566814 1.38013991364278 1.32733903033659 1.45576577191241
1.75780372717418 1.07641161931679 1.75795387290418 1.72721218783408 1.55530262808315 0 1.00805147108622 1.13791780103929 1.7916898522526 0.939833974931389 1.54662013356574 1.80926967458799 1.01323377806693 1.56434034626 1.87234118790366 1.93356519984081 1.44711896963418 1.45412056706846 1.93148849532008 1.51384383207187 1.12427073041908 1.38444828335196 1.210311076371 1.04899316257797 1.28479571943171 1.2493706762325 1.38371932529844 1.26676480961032 1.50778519385494 1.12336488976143
1.73707980685867 0.975044178776443 1.84429253661074 1.57175306882709 1.13257822557352 1.00805147108622 0 1.60600826446898 0.93932229350321 1.57967488281429 1.72440892131999 1.75163299147971 1.25190360005945 1.81010968843475 1.69656459311955 1.37434739130549 1.55739949271083 1.05530705605634 1.05438265530393 1.16666328837164 1.04309621453285 1.51355275185779 1.86484036361799 1.50531233567744 1.35341576929204 1.68316571577452 1.7754382241983 0.991223792312667 1.10646522417665 1.92313533951528
0.986499174265191 1.89646396739408 1.88432486681268 1.43112520524301 1.7124471468851 1.13791780103929 1.60600826446898 0 1.26566966786049 1.69891960779205 1.15812502265908 1.71356295607984 1.58619520999491 1.18093819101341 1.92623734194785 1.67230139602907 1.75174018624239 1.42977705853991 1.09087354014628 0.969306733459234 1.24912583990954 1.31001528678462 1.46367339068092 1.1589285095688 1.56431882083416 1.91961339348927 1.66183926607482 1.31016724347137 0.973546602530405 1.85172042320482
1.26487469440326 1.48218429042026 1.39245609473437 1.64834016212262 1.42747441679239 1.7916898522526 0.93932229350321 1.26566966786049 0 0.992757424013689 1.41114963288419 1.71888498682529 1.38207656820305 1.845769707812 1.70570433256216 1.64671972207725 1.69797096820548 1.4362785986159 1.88338960264809 1.28578767343424 1.43365361704491 1.20419103116728 1.43575060041621 1.52703327429481 1.38113747118041 1.9279886491131 1.52879786863923 1.53204213362187 1.60266294539906 1.77993137692101
1.68107813526876 1.42395442794077 1.74473899812438 1.54141397541389 1.28233041195199 0.939833974931389 1.57967488281429 1.69891960779205 0.992757424013689 0 1.19223938463256 1.01978246821091 1.01104049920104 1.89217111375183 1.90660449746065 1.24514161981642 1.66889671096578 1.48638103762642 1.17782382573932 1.84217347507365 1.89150608354248 1.1871347266715 1.10683352639899 1.91695968573913 1.0785862642806 1.5682784721721 1.58803383074701 1.41066846740432 1.25428313040175 1.63006259617396
1.90771221043542 1.73706586332992 1.15003332449123 1.90876287315041 1.70314534869976 1.54662013356574 1.72440892131999 1.15812502265908 1.41114963288419 1.19223938463256 0 1.29529721499421 1.8302861736156 1.03534808079712 1.33756156219169 1.36250971653499 1.86948405369185 1.67444669269025 1.67205840023234 1.23780714673921 0.979290186194703 1.47237510746345 1.40328840748407 0.949505869764835 1.61646034219302 1.64206326846033 0.959959181956947 1.32632514415309 1.14077491732314 1.82503128633834
1.16451028711163 1.23092093039304 1.35417842399329 1.04529448063113 1.70768855814822 1.80926967458799 1.75163299147971 1.71356295607984 1.71888498682529 1.01978246821091 1.29529721499421 0 1.65970652061515 1.50060560880229 1.20059000421315 1.20117100863717 1.42310983664356 1.49184708716348 1.6567304735072 1.57517722714692 1.49871135805734 1.28702333662659 1.40775188803673 1.1914525530301 1.75180871621706 1.74654411314987 1.00552459876053 1.55219774786383 1.48204630543478 1.3057708221022
1.81203397805803 1.03476681048051 1.12643633084372 1.1229072266724 1.00063267583027 1.01323377806693 1.25190360005945 1.58619520999491 1.38207656820305 1.01104049920104 1.8302861736156 1.65970652061515 0 1.78016876685433 1.75104801985435 1.87858015182428 1.36674923915416 1.81022134725936 1.55999095179141 1.26109618763439 1.69110001157969 0.982910117832944 1.92118428554386 1.43244670261629 0.95024759368971 1.90205103065819 1.30866056983359 1.46189160156064 1.72184967575595 1.42523114499636
1.78677154099569 1.66577422688715 1.91195839922875 1.00567690539174 1.05683663580567 1.56434034626 1.81010968843475 1.18093819101341 1.845769707812 1.89217111375183 1.03534808079712 1.50060560880229 1.78016876685433 0 1.34098164620809 1.93507267953828 1.85013093193993 1.51225211517885 1.67913389392197 1.80367940571159 1.6580943390727 1.59756238828413 1.28093725210056 1.05704955360852 1.78249873663299 1.37253224151209 1.10749221080914 1.439518466359 1.2876643280033 1.04803634365089
1.65417219069786 1.75893278536387 1.41035674721934 1.14128236682154 1.44283550651744 1.87234118790366 1.69656459311955 1.92623734194785 1.70570433256216 1.90660449746065 1.33756156219169 1.20059000421315 1.75104801985435 1.34098164620809 0 1.56960332975723 1.47898565186188 1.55419993936084 1.88014062796719 1.37030273908749 1.75525817321613 1.36063506570645 1.59709037188441 0.960756310028955 1.41557856509462 1.66618526214734 1.50582493236288 1.05008884239942 1.3115674010478 1.15780912409537
1.08018145477399 1.79699394316413 0.981005959445611 0.969333332497627 1.09006099891849 1.93356519984081 1.37434739130549 1.67230139602907 1.64671972207725 1.24514161981642 1.36250971653499 1.20117100863717 1.87858015182428 1.93507267953828 1.56960332975723 0 1.28581535746343 1.0763033926487 1.71895151794888 1.88621268724091 1.47483668616042 0.979504455346614 1.38376601063646 1.78792879870161 1.15743283787742 1.02735277777538 1.67590322741307 1.57054276624694 1.09113464201801 1.38756360206753
0.978430681396276 1.77223386452533 1.91843857057393 1.00980939529836 1.83867445238866 1.44711896963418 1.55739949271083 1.75174018624239 1.69797096820548 1.66889671096578 1.86948405369185 1.42310983664356 1.36674923915416 1.85013093193993 1.47898565186188 1.28581535746343 0 1.71867010486312 1.76097311102785 1.59225675603375 1.45217627799138 1.82803647383116 1.31202411907725 1.20294983009808 1.76910642371513 1.08687280025333 1.50205120188184 1.55990110500716 1.34250317746773 1.92394819972105
1.08749362593517 1.12877118610777 1.78055687993765 1.49684452987276 1.74742501880974 1.45412056706846 1.05530705605634 1.42977705853991 1.4362785986159 1.48638103762642 1.67444669269025 1.49184708716348 1.81022134725936 1.51225211517885 1.55419993936084 1.0763033926487 1.71867010486312 0 0.967110810102895 0.976557085523382 1.07682320754975 1.84779627993703 1.93443246372044 1.42046614154242 1.73387202620506 1.31029696576297 1.09876248519868 1.35851578926668 1.66736193536781 1.2190235061571
1.62219924689271 1.48304406111129 1.64562020078301 1.25820106826723 1.46207774616778 1.93148849532008 1.05438265530393 1.09087354014628 1.88338960264809 1.17782382573932 1.67205840023234 1.6567304735072 1.55999095179141 1.67913389392197 1.88014062796719 1.71895151794888 1.76097311102785 0.967110810102895 0 1.17837589909323 1.02839054050855 1.22475660545751 1.11349854711443 1.55803589127026 1.32049661688507 1.24954205052927 1.37406612723134 1.29469715524465 1.01289494265802 1.32434133370407
1.54901618207805 1.35814865492284 1.08629584172741 1.47014409373514 0.967385182855651 1.51384383207187 1.16666328837164 0.969306733459234 1.28578767343424 1.84217347507365 1.23780714673921 1.57517722714692 1.26109618763439 1.80367940571159 1.37030273908749 1.88621268724091 1.59225675603375 0.976557085523382 1.17837589909323 0 1.21358465147205 1.19824969186448 1.7066585959401 1.50582441641018 1.61862480430864 1.18208125769161 1.6251809168607 1.35714144306257 1.40935231652111 1.91004577907734
1.33626601053402 1.00401154020801 1.93085452518426 1.61143192416057 1.64127534511499 1.12427073041908 1.04309621453285 1.24912583990954 1.43365361704491 1.89150608354248 0.979290186194703 1.49871135805734 1.69110001157969 1.6580943390727 1.75525817321613 1.47483668616042 1.45217627799138 1.07682320754975 1.02839054050855 1.21358465147205 0 1.38874291605316 0.983191001694649 1.15146549255587 1.38048707833514 1.35910802823491 1.35183875099756 1.89968251832761 1.07186675700359 1.7889520782046
1.48332282342017 1.54669138230383 1.89688104577363 1.42127548530698 1.44821791956201 1.38444828335196 1.51355275185779 1.31001528678462 1.20419103116728 1.1871347266715 1.47237510746345 1.28702333662659 0.982910117832944 1.59756238828413 1.36063506570645 0.979504455346614 1.82803647383116 1.84779627993703 1.22475660545751 1.19824969186448 1.38874291605316 0 1.29363041231409 0.984449721407145 1.60345074371435 1.41794847650453 1.87192574259825 1.64704976696521 1.52166822482832 1.74111750489101
1.01041885605082 1.46180261764675 1.39801721880212 1.93107671127655 1.71239885431714 1.210311076371 1.86484036361799 1.46367339068092 1.43575060041621 1.10683352639899 1.40328840748407 1.40775188803673 1.92118428554386 1.28093725210056 1.59709037188441 1.38376601063646 1.31202411907725 1.93443246372044 1.11349854711443 1.7066585959401 0.983191001694649 1.29363041231409 0 1.17510462435894 1.63191239535809 1.16770387650467 1.54902140889317 0.973228517919779 1.26958172465675 1.29859624104574
1.46985443192534 1.90220707678236 0.968128538923338 1.46416024724022 1.78315132320859 1.04899316257797 1.50531233567744 1.1589285095688 1.52703327429481 1.91695968573913 0.949505869764835 1.1914525530301 1.43244670261629 1.05704955360852 0.960756310028955 1.78792879870161 1.20294983009808 1.42046614154242 1.55803589127026 1.50582441641018 1.15146549255587 0.984449721407145 1.17510462435894 0 1.91649883100763 1.00620692572556 1.67771769873798 1.05691677960567 1.65817498462275 1.80393948359415
1.68065706826746 1.1366746861022 0.956937671173364 1.70145910140127 1.65872041811235 1.28479571943171 1.35341576929204 1.56431882083416 1.38113747118041 1.0785862642806 1.61646034219302 1.75180871621706 0.95024759368971 1.78249873663299 1.41557856509462 1.15743283787742 1.76910642371513 1.73387202620506 1.32049661688507 1.61862480430864 1.38048707833514 1.60345074371435 1.63191239535809 1.91649883100763 0 1.30668403371237 1.761385462014 1.49466993194073 1.13422995246947 1.67935075680725
1.4414022192359 1.5275641141925 1.9106308510527 1.58778155851178 1.02940069977194 1.2493706762325 1.68316571577452 1.91961339348927 1.9279886491131 1.5682784721721 1.64206326846033 1.74654411314987 1.90205103065819 1.37253224151209 1.66618526214734 1.02735277777538 1.08687280025333 1.31029696576297 1.24954205052927 1.18208125769161 1.35910802823491 1.41794847650453 1.16770387650467 1.00620692572556 1.30668403371237 0 1.36981807625853 1.68641839153133 0.946066790958866 1.42743656598032
1.91235993336886 1.38265170971863 1.34022082574666 1.28128354786895 0.959051781566814 1.38371932529844 1.7754382241983 1.66183926607482 1.52879786863923 1.58803383074701 0.959959181956947 1.00552459876053 1.30866056983359 1.10749221080914 1.50582493236288 1.67590322741307 1.50205120188184 1.09876248519868 1.37406612723134 1.6251809168607 1.35183875099756 1.87192574259825 1.54902140889317 1.67771769873798 1.761385462014 1.36981807625853 0 1.75703383260407 1.85181546490639 1.56343393586576
1.49023727118038 1.17722845030949 1.78734686295502 1.28946407698095 1.38013991364278 1.26676480961032 0.991223792312667 1.31016724347137 1.53204213362187 1.41066846740432 1.32632514415309 1.55219774786383 1.46189160156064 1.439518466359 1.05008884239942 1.57054276624694 1.55990110500716 1.35851578926668 1.29469715524465 1.35714144306257 1.89968251832761 1.64704976696521 0.973228517919779 1.05691677960567 1.49466993194073 1.68641839153133 1.75703383260407 0 1.25157454633154 1.01636738958769
1.05366083979607 1.30428917543031 1.64539419370703 1.91313618421555 1.32733903033659 1.50778519385494 1.10646522417665 0.973546602530405 1.60266294539906 1.25428313040175 1.14077491732314 1.48204630543478 1.72184967575595 1.2876643280033 1.3115674010478 1.09113464201801 1.34250317746773 1.66736193536781 1.01289494265802 1.40935231652111 1.07186675700359 1.52166822482832 1.26958172465675 1.65817498462275 1.13422995246947 0.946066790958866 1.85181546490639 1.25157454633154 0 1.72017981880344
1.46439213398844 1.02278509619646 1.17984676337801 1.00328958034515 1.45576577191241 1.12336488976143 1.92313533951528 1.85172042320482 1.77993137692101 1.63006259617396 1.82503128633834 1.3057708221022 1.42523114499636 1.04803634365089 1.15780912409537 1.38756360206753 1.92394819972105 1.2190235061571 1.32434133370407 1.91004577907734 1.7889520782046 1.74111750489101 1.29859624104574 1.80393948359415 1.67935075680725 1.42743656598032 1.56343393586576 1.01636738958769 1.72017981880344 0
