0 1.0488376126159 1.52563279657625 1.65910635865293 1.0477370719891 1.77168723777868 1.02493111439981 1.06966294068843 1.52107944851741 1.86283856839873 1.17683271248825 1.50394853949547 1.52021634206176 1.83762173447758 1.77415149961598 1.30780984461308 1.65414040908217 1.90764902671799 1.20194786181673 1.13382685068063 1.44127499544993 1.75361666851677 1.05902873189189 1.11821662634611 1.24832276231609 1.56752415886149 1.82645282149315 1.83841643156484 1.0880180017557 1.39473337051459
1.0488376126159 0 1.79111805534922 1.06787950964645 1.68228190368973 1.90020282543264 1.56675641913898 1.76666793273762 1.71905964100733 1.80266383150592 1.07183773792349 0.981036381796002 1.874914142536 1.8376069648657 1.74115846352652 0.990971196675673 1.22181230830029 1.43402468855493 1.65845699491911 1.55928926798515 1.30574927735142 0.999435079284012 1.8044318635948 1.72103123157285 1.18834194657393 1.54326517367736 1.35872357757762 1.89238809933886 1.50434788246639 1.12005175417289
1.52563279657625 1.79111805534922 0 1.57588636525907 1.40954087581486 1.90258315834217 1.83016042783856 1.11872731265612 1.09275479614735 1.07002990646288 1.12684408854693 1.20000101672485 1.75826475210488 1.29898018366657 1.18621775065549 1.41174678481184 1.27937665837817 1.40900432178751 1.00662013236433 1.6719299738761 1.33614711137488 1.09496546606533 1.03419406502508 1.50773889455013 1.74411500245333 1.59900864353403 1.60690287128091 1.19470886746421 1.819529712433 1.10812526172958
1.65910635865293 1.06787950964645 1.57588636525907 0 1.22781933820806 1.1305735912174 1.15116316336207 1.84793042228557 1.70739942486398 0.947389989392832 1.46054546255618 1.13238969165832 1.49385887244716 1.68710414948873 1.8325583669357 1.03903995337896 1.05968369659968 1.82330716145225 1.27384774712846 1.89781561656855 1.84368271846324 1.69869031826966 1.3691345974803 1.25556339765899 1.4962173984386 0.961040573893115 1.27126443013549 1.39027205179445 1.89426164142787 1.55758523591794
1.0477370719891 1.68228190368973 1.40954087581486 1.22781933820806 0 1.82825771975331 1.10693696583621 1.62335697817616 1.89154109614901 1.79230780550279 1.13086876831949 1.7492649781052 1.1776691598352 1.62667317315936 1.77031433000229 1.80602843104862 0.968816057546064 1.69377700705081 1.60411919071339 1.38132151775062 1.1951409613248 1.16109185456298 1.21640906925313 1.10204537818208 1.60470728203654 1.07735054683872 1.83725362201221 1.17456042650156 1.53600192908198 1.36112052551471
1.77168723777868 1.90020282543264 1.90258315834217 1.1305735912174 1.82825771975331 0 1.69391583348624 1.18324241903611 1.28459894377738 1.63974969740957 0.974731968948618 1.30051159858704 1.81316148792394 1.85279557434842 1.93369846208952 1.4582099171821 1.04575308272615 1.27544677187689 1.89027948584408 1.72061344631948 1.47753431810997 1.88661788287573 1.83684282773174 1.89009538828395 1.89772544475272 1.59781956160441 1.10023335390724 1.62259928020649 1.32235505408607 1.87202456104569
1.02493111439981 1.56675641913898 1.83016042783856 1.15116316336207 1.10693696583621 1.69391583348624 0 1.44269752316177 1.21986066736281 1.72617895854637 1.47762644500472 1.6040788628161 1.40417595836334 1.64132328052074 1.03691431204788 1.33903810451739 1.14349354291335 1.45702573028393 1.49453153042123 1.85537428711541 0.976872545201331 1.27023876644671 1.33598630293272 1.42267474904656 1.38583834748715 1.58524626097642 1.46961305988953 1.31309926183894 1.30238900869153 1.16643805033527
1.06966294068843 1.76666793273762 1.11872731265612 1.84793042228557 1.62335697817616 1.18324241903611 1.44269752316177 0 1.92319637001492 1.56471712468192 1.78796609397978 1.63434762344696 1.88619589013979 1.57791453762911 1.28364594117738 1.93281027278863 1.33828106103465 1.51405620481819 0.978192268172279 1.80206416896544 1.37011275836267 1.10894298763014 1.5488324041944 1.47902581910603 1.32181114656851 1.8725863690488 0.974087121430784 1.1562955735717 1.7022683173418 1.1700754200574
1.52107944851741 1.71905964100733 1.09275479614735 1.70739942486398 1.89154109614901 1.28459894377738 1.21986066736281 1.92319637001492 0 1.69815843203105 1.19644356798381 1.82855578605086 1.70154473627917 1.3660544261802 1.77015227871016 1.48873755312525 1.32234284700826 1.54068616591394 1.5457976157777 1.08236307324842 1.33562223589979 1.34032473387197 1.47647201595828 1.69396794098429 1.06626603682525 1.11869093542919 1.05536582553759 1.50807313504629 1.58979483437724 1.40663876873441
1.86283856839873 1.80266383150592 1.07002990646288 0.947389989392832 1.79230780550279 1.63974969740957 1.72617895854637 1.56471712468192 1.69815843203105 0 1.67978241131641 1.83681469177827 1.56726160249673 0.946682300185785 1.64213517820463 1.85649283765815 1.82462496613152 1.76644172146916 1.43333733081818 0.950425627175719 1.75179085927084 1.16105124540627 1.84341419464909 1.25149967591278 1.04087488516234 1.55140017694794 1.77448426419869 1.30182742024772 1.11382835870609 1.91134694428183
1.17683271248825 1.07183773792349 1.12684408854693 1.46054546255618 1.13086876831949 0.974731968948618 1.47762644500472 1.78796609397978 1.19644356798381 1.67978241131641 0 0.970785808283836 1.74942334694788 1.76704709557816 1.09391215257347 1.30518780346029 1.07787481346168 1.91148994257674 1.41847818624228 1.92938857339323 1.79847240564413 1.19824787275866 1.56903258897364 0.974641975015402 1.64863006910309 1.37621067557484 1.35039908927865 1.78348039812408 1.50808632490225 1.68817674927413
1.50394853949547 0.981036381796002 1.20000101672485 1.13238969165832 1.7492649781052 1.30051159858704 1.6040788628161 1.63434762344696 1.82855578605086 1.83681469177827 0.970785808283836 0 0.982633493840694 1.72056976077147 1.0247481749393 1.5956150139682 1.7314088314306 1.73449211101979 1.44974902551621 1.51508441288024 1.11144839739427 1.37342248065397 1.02562586963177 1.4421351829078 1.81148730195127 1.12619171873666 1.57001881673932 1.50424580229446 0.947101623285562 1.55689241294749
1.52021634206176 1.874914142536 1.75826475210488 1.49385887244716 1.1776691598352 1.81316148792394 1.40417595836334 1.88619589013979 1.70154473627917 1.56726160249673 1.74942334694788 0.982633493840694 0 1.4741394512821 1.33766732760705 1.50131701631472 1.51160994265229 1.24993574013934 1.50824891100638 1.72494026343338 1.49942330503836 1.49680750211701 1.34019105904736 1.55951592721976 1.07440038421191 1.22769670654088 1.2544832022395 1.53578309179284 1.87032165355049 1.59854434640147
1.83762173447758 1.8376069648657 1.29898018366657 1.68710414948873 1.62667317315936 1.85279557434842 1.64132328052074 1.57791453762911 1.3660544261802 0.946682300185785 1.76704709557816 1.72056976077147 1.4741394512821 0 1.35488956188783 1.89737526886165 1.4297812236473 1.42444000393152 1.67378295958042 1.66192541853525 1.71352482656948 1.65927639091387 1.68906089221127 1.34491695114411 1.48634901549667 1.5583801320754 1.09881725744344 1.14445904339664 1.26891207206063 1.61214197706431
1.77415149961598 1.74115846352652 1.18621775065549 1.8325583669357 1.77031433000229 1.93369846208952 1.03691431204788 1.28364594117738 1.77015227871016 1.64213517820463 1.09391215257347 1.0247481749393 1.33766732760705 1.35488956188783 0 1.87162284227088 0.998533332021907 1.66267871903256 1.80852749338374 1.16409018798731 1.02121916366741 1.0787169856485 1.13083924748935 1.08346379059367 1.79755703173578 1.82935458119027 1.8110218483489 0.974338797619566 1.75879385718144 1.86354454187676
1.30780984461308 0.990971196675673 1.41174678481184 1.03903995337896 1.80602843104862 1.4582099171821 1.33903810451739 1.93281027278863 1.48873755312525 1.85649283765815 1.30518780346029 1.5956150139682 1.50131701631472 1.89737526886165 1.87162284227088 0 1.42060114606284 1.89487228915095 1.69486598973162 1.8730212370865 1.38230671640486 1.66440746444277 1.04386148275807 1.85398666653782 1.29515887680463 1.09345122380182 1.24510898883455 1.36567895393819 1.15510747092776 1.90436901734211
1.65414040908217 1.22181230830029 1.27937665837817 1.05968369659968 0.968816057546064 1.04575308272615 1.14349354291335 1.33828106103465 1.32234284700826 1.82462496613152 1.07787481346168 1.7314088314306 1.51160994265229 1.4297812236473 0.998533332021907 1.42060114606284 0 1.78775812545791 1.5049595751334 1.41929025878198 1.36255187378265 1.80768152396195 1.63804618362337 1.47104339534417 0.955553406151012 1.15791929955594 1.89806655584835 1.87107259384356 1.64272254076786 0.994680347386748
1.90764902671799 1.43402468855493 1.40900432178751 1.82330716145225 1.69377700705081 1.27544677187689 1.45702573028393 1.51405620481819 1.54068616591394 1.76644172146916 1.91148994257674 1.73449211101979 1.24993574013934 1.42444000393152 1.66267871903256 1.89487228915095 1.78775812545791 0 1.68578437529504 1.33715156442486 1.903320572339 1.22503758314997 1.55446896515787 1.71569006610662 1.6069635709282 1.49786029453389 1.44910312769935 1.83070468227379 1.15351964207366 1.62354810046963
1.20194786181673 1.65845699491911 1.00662013236433 1.27384774712846 1.60411919071339 1.89027948584408 1.49453153042123 0.978192268172279 1.5457976157777 1.43333733081818 1.41847818624228 1.44974902551621 1.50824891100638 1.67378295958042 1.80852749338374 1.69486598973162 1.5049595751334 1.68578437529504 0 1.21416852949187 1.71463842340745 0.967880774056539 1.51113107567653 1.20798424864188 1.03076987690292 0.951168737141415 1.23794880183414 1.76656441343948 1.68297098670155 1.15774221089669
1.13382685068063 1.55928926798515 1.6719299738761 1.89781561656855 1.38132151775062 1.72061344631948 1.85537428711541 1.80206416896544 1.08236307324842 0.950425627175719 1.92938857339323 1.51508441288024 1.72494026343338 1.66192541853525 1.16409018798731 1.8730212370865 1.41929025878198 1.33715156442486 1.21416852949187 0 1.07266234513372 1.26749712252058 1.7774801608175 1.03458097926341 1.9363845740445 1.55796025972813 1.05692232982256 1.29820521268994 1.90213693422265 1.29259124165401
1.44127499544993 1.30574927735142 1.33614711137488 1.84368271846324 1.1951409613248 1.47753431810997 0.976872545201331 1.37011275836267 1.33562223589979 1.75179085927084 1.79847240564413 1.11144839739427 1.49942330503836 1.71352482656948 1.02121916366741 1.38230671640486 1.36255187378265 1.903320572339 1.71463842340745 1.07266234513372 0 1.07265996118076 1.67187799396925 1.76840863074176 1.61996771534905 1.19056695397012 1.15157802705653 0.955652385950089 1.65657942648977 1.62425437150523
1.75361666851677 0.999435079284012 1.09496546606533 1.69869031826966 1.16109185456298 1.88661788287573 1.27023876644671 1.10894298763014 1.34032473387197 1.16105124540627 1.19824787275866 1.37342248065397 1.49680750211701 1.65927639091387 1.0787169856485 1.66440746444277 1.80768152396195 1.22503758314997 0.967880774056539 1.26749712252058 1.07265996118076 0 1.34612988028675 1.21314211888239 1.35402863216586 0.984444738831371 1.23367545520887 1.79046746087261 1.54909522132948 1.73370592645369
1.05902873189189 1.8044318635948 1.03419406502508 1.3691345974803 1.21640906925313 1.83684282773174 1.33598630293272 1.5488324041944 1.47647201595828 1.84341419464909 1.56903258897364 1.02562586963177 1.34019105904736 1.68906089221127 1.13083924748935 1.04386148275807 1.63804618362337 1.55446896515787 1.51113107567653 1.7774801608175 1.67187799396925 1.34612988028675 0 1.60139986569993 0.982363037299365 1.76269448688254 0.956844989210367 1.83416145993397 1.45954268379137 1.81198373576626
1.11821662634611 1.72103123157285 1.50773889455013 1.25556339765899 1.10204537818208 1.89009538828395 1.42267474904656 1.47902581910603 1.69396794098429 1.25149967591278 0.974641975015402 1.4421351829078 1.55951592721976 1.34491695114411 1.08346379059367 1.85398666653782 1.47104339534417 1.71569006610662 1.20798424864188 1.03458097926341 1.76840863074176 1.21314211888239 1.60139986569993 0 1.55420172819868 1.18329114420339 0.948873089859262 1.17044673091732 1.04479649686255 1.52352420426905
1.24832276231609 1.18834194657393 1.74411500245333 1.4962173984386 1.60470728203654 1.89772544475272 1.38583834748715 1.32181114656851 1.06626603682525 1.04087488516234 1.64863006910309 1.81148730195127 1.07440038421191 1.48634901549667 1.79755703173578 1.29515887680463 0.955553406151012 1.6069635709282 1.03076987690292 1.9363845740445 1.61996771534905 1.35402863216586 0.982363037299365 1.55420172819868 0 1.20423358748667 1.59943756344728 1.54369523469359 1.34126232308336 1.06577121512964
1.56752415886149 1.54326517367736 1.59900864353403 0.961040573893115 1.07735054683872 1.59781956160441 1.58524626097642 1.8725863690488 1.11869093542919 1.55140017694794 1.37621067557484 1.12619171873666 1.22769670654088 1.5583801320754 1.82935458119027 1.09345122380182 1.15791929955594 1.49786029453389 0.951168737141415 1.55796025972813 1.19056695397012 0.984444738831371 1.76269448688254 1.18329114420339 1.20423358748667 0 1.4921310020145 1.18863193318248 1.02778810891323 1.01029782067053
1.82645282149315 1.35872357757762 1.60690287128091 1.27126443013549 1.83725362201221 1.10023335390724 1.46961305988953 0.974087121430784 1.05536582553759 1.77448426419869 1.35039908927865 1.57001881673932 1.2544832022395 1.09881725744344 1.8110218483489 1.24510898883455 1.89806655584835 1.44910312769935 1.23794880183414 1.05692232982256 1.15157802705653 1.23367545520887 0.956844989210367 0.948873089859262 1.59943756344728 1.4921310020145 0 1.44640712812543 1.59307833388448 1.20716375089251
1.83841643156484 1.89238809933886 1.19470886746421 1.39027205179445 1.17456042650156 1.62259928020649 1.31309926183894 1.1562955735717 1.50807313504629 1.30182742024772 1.78348039812408 1.50424580229446 1.53578309179284 1.14445904339664 0.974338797619566 1.36567895393819 1.87107259384356 1.83070468227379 1.76656441343948 1.29820521268994 0.955652385950089 1.79046746087261 1.83416145993397 1.17044673091732 1.54369523469359 1.18863193318248 1.44640712812543 0 1.29535328526981 1.76902719936334
1.0880180017557 1.50434788246639 1.819529712433 1.89426164142787 1.53600192908198 1.32235505408607 1.30238900869153 1.7022683173418 1.58979483437724 1.11382835870609 1.50808632490225 0.947101623285562 1.87032165355049 1.26891207206063 1.75879385718144 1.15510747092776 1.64272254076786 1.15351964207366 1.68297098670155 1.90213693422265 1.65657942648977 1.54909522132948 1.45954268379137 1.04479649686255 1.34126232308336 1.02778810891323 1.59307833388448 1.29535328526981 0 1.67682021530345
1.39473337051459 1.12005175417289 1.10812526172958 1.55758523591794 1.36112052551471 1.87202456104569 1.16643805033527 1.1700754200574 1.40663876873441 1.91134694428183 1.68817674927413 1.55689241294749 1.59854434640147 1.61214197706431 1.86354454187676 1.90436901734211 0.994680347386748 1.62354810046963 1.15774221089669 1.29259124165401 1.62425437150523 1.73370592645369 1.81198373576626 1.52352420426905 1.06577121512964 1.01029782067053 1.20716375089251 1.76902719936334 1.67682021530345 0
