0 1.21867822366767 1.22269498975947 1.22268243785948 1.73514510993846 1.16864963551052 1.00044850772247 1.21095462678932 1.10818807501346 1.46978987916373 0.967894794885069 1.89902024623007 1.84283020230941 1.0403826511465 1.59511067019776 1.94755002297461 0.963145064422861 1.37130804499611 1.80666530574672 1.88791130553 1.07200994552113 1.48131001205184 1.55651912023313 0.989197324030101 1.4357760339044 1.74043212481774 1.31384403351694 1.19217970315367 1.8229312938638 1.63794696051627
1.21867822366767 0 1.44382837438025 1.18213333678432 1.86305201821961 1.82562354789115 1.63512521446683 1.04899145988747 1.19902209378779 0.966974462615326 1.0046826209873 1.63167187734507 1.56763049261644 1.37564847944304 1.17074428847991 0.973788093775511 1.08836974482983 1.77130011934787 1.90572311985306 1.80998489493504 0.996974532259628 1.77802610211074 1.01876120362431 1.52952829981223 1.79626224492677 1.26608465099707 1.82190737896599 1.37263628281653 1.24336576438509 1.34496699133888
1.22269498975947 1.44382837438025 0 1.89394273841754 1.35662529454567 1.59935860685073 1.75706109544262 1.73328528366983 1.6854115340393 1.23651702865027 1.12299350346439 1.73325595189817 1.94275262136944 1.22990978742018 1.06398624042049 1.54431927693076 1.48679631669074 1.54630372370593 1.72873661713675 1.37921553710476 1.41947768535465 1.54010124923661 1.62710746075027 1.67885457770899 1.02047252142802 1.34544086875394 1.59389772452414 1.42902476387098 1.78748099994846 1.28464611968957
1.22268243785948 1.18213333678432 1.89394273841754 0 1.79609722807072 1.33826857153326 1.3807225485798 0.995374063262716 1.55285074166022 1.1752540548332 1.46075518731959 1.70392189850099 1.22122046956792 1.1280327537097 1.6125909301918 1.06516204751097 1.47225498431362 1.82662650756538 1.57030994375236 1.73929214873351 1.63767087459564 1.59614348853938 1.25431544519961 1.39373110514134 1.05614573671483 1.19055701908655 1.87967833713628 1.31287817028351 1.22016678377986 1.81704740761779
1.73514510993846 1.86305201821961 1.35662529454567 1.79609722807072 0 1.48474007402547 1.33104391209781 1.32133257226087 1.73524155258201 1.11539083137177 1.34092759410851 1.26746406638995 1.52299479302019 1.02093078102916 1.11014931369573 1.4902796051465 1.60720330965705 1.20456736488268 1.44058164046146 1.41475244169123 1.79785499675199 1.2714959110599 1.39345089369453 1.30606385297142 1.92975131864659 1.81196302105673 1.20080155320466 1.44151763757691 1.71442090789787 1.75722052808851
1.16864963551052 1.82562354789115 1.59935860685073 1.33826857153326 1.48474007402547 0 1.42379800020717 1.31884442805313 1.78816580306739 1.87277307524346 0.997936508618295 1.35055005853064 1.1679276060313 0.987925026798621 1.92824500240386 1.32986558228731 1.23874162207358 1.41895151138306 1.18131350446492 1.20722702913918 1.36125748348422 0.979497866006568 1.61494861962274 1.90483115776442 1.59600213891827 1.57892045448534 1.72971276286989 1.83421348058619 1.4897662946023 1.14522411581129
1.00044850772247 1.63512521446683 1.75706109544262 1.3807225485798 1.33104391209781 1.42379800020717 0 1.92167944344692 1.86478463071398 1.22899169614539 1.6795978252776 1.65889700059779 1.57553396048024 1.14415013673715 1.04648497607559 1.26573386020027 1.33656308543868 1.09741627890617 1.20835956791416 1.47517121606506 1.74036448821425 1.92453323933296 1.78961016866378 1.13929267483763 1.37811274663545 1.12790876999497 1.59234965010546 1.14823997858912 1.19027138641104 1.43559460830875
1.21095462678932 1.04899145988747 1.73328528366983 0.995374063262716 1.32133257226087 1.31884442805313 1.92167944344692 0 1.84359083208255 1.57360084215179 1.04637831868604 1.5346121811308 1.23330779583193 1.0730150307063 1.53239869745448 1.76392465829849 1.23957588896155 1.44679404678755 1.19532563723624 1.90649060555734 1.78810011805035 1.87069768435322 1.50494814058766 0.986946660559624 1.66112751932815 1.21592790819705 1.81486849486828 1.89478475949727 1.1827922440134 0.970189802348614
1.10818807501346 1.19902209378779 1.6854115340393 1.55285074166022 1.73524155258201 1.78816580306739 1.86478463071398 1.84359083208255 0 1.49093741970137 1.21976404334418 1.21893035038374 1.49093773099594 1.19491011090577 1.71994398138486 1.75811618170701 1.33845306443982 1.60307807079516 1.21306913136505 1.38022288517095 1.20200520730577 1.55771862738766 1.32473779073916 1.4319153430406 1.78170241159387 1.33045273367316 1.14820373640396 1.46113274083473 1.88961707148701 1.09276009374298
1.46978987916373 0.966974462615326 1.23651702865027 1.1752540548332 1.11539083137177 1.87277307524346 1.22899169614539 1.57360084215179 1.49093741970137 0 0.977176628308371 1.55928211961873 1.74523936887272 1.88149576284923 1.34430298488587 1.39542500139214 1.23015138297342 1.52240239968523 1.8620482084807 1.55610006535426 1.19460971420631 1.57841545692645 0.949142962461337 1.52769324043766 1.02952816477045 1.22641791286878 1.61442944896407 1.16742611443624 1.72704313322902 1.93454595608637
0.967894794885069 1.0046826209873 1.12299350346439 1.46075518731959 1.34092759410851 0.997936508618295 1.6795978252776 1.04637831868604 1.21976404334418 0.977176628308371 0 1.7762402149383 1.52399159339257 1.64595594583079 1.24367030872963 1.17807313683443 1.41310321399942 1.47621336299926 1.8488018065691 1.33796887239441 1.93635227833875 1.1351599805057 1.92631959076971 1.30999825289473 1.74750971840695 1.7905249861069 1.31451224558987 1.31563031650148 1.62793540721759 1.6717772167176
1.89902024623007 1.63167187734507 1.73325595189817 1.70392189850099 1.26746406638995 1.35055005853064 1.65889700059779 1.5346121811308 1.21893035038374 1.55928211961873 1.7762402149383 0 1.18834536988288 1.16762436623685 1.74956702999771 1.66636268445291 1.23500332678668 1.80920787691139 1.38787187729031 0.970692383823916 1.33971890271641 1.54662859719247 1.46071879705414 1.8341388751287 1.47369990986772 0.99665646860376 1.05872460640967 1.43239516741596 1.71970893256366 1.62831201008521
1.84283020230941 1.56763049261644 1.94275262136944 1.22122046956792 1.52299479302019 1.1679276060313 1.57553396048024 1.23330779583193 1.49093773099594 1.74523936887272 1.52399159339257 1.18834536988288 0 1.76044421736151 1.7056557382457 1.83175276219845 1.72786289383657 1.24271079152822 1.9177908974234 1.04983794479631 1.23574805655517 0.980851847911254 1.53362955339253 1.43290439946577 1.62377606215887 1.41597054386511 1.28044881368987 1.16223687957972 1.482618000824 1.8717148040887
1.0403826511465 1.37564847944304 1.22990978742018 1.1280327537097 1.02093078102916 0.987925026798621 1.14415013673715 1.0730150307063 1.19491011090577 1.88149576284923 1.64595594583079 1.16762436623685 1.76044421736151 0 1.34478201018646 1.14866362605244 1.04209302109666 1.42199231102131 1.1614076171536 1.50811624969356 1.45259153051302 1.24399876222014 0.983076893026009 1.21200229786336 1.52043033670634 1.80110927624628 1.64912541978993 1.72919144597836 1.85796116641723 1.54136519599706
1.59511067019776 1.17074428847991 1.06398624042049 1.6125909301918 1.11014931369573 1.92824500240386 1.04648497607559 1.53239869745448 1.71994398138486 1.34430298488587 1.24367030872963 1.74956702999771 1.7056557382457 1.34478201018646 0 1.28253148519434 1.07757549639791 1.6405258460436 1.05597053514794 1.32011418999173 1.0825634074863 1.64121092529967 1.45579915260896 1.51788376737386 1.7708631621208 1.31927187694237 1.10305001214147 1.1855161387939 1.45662020659074 0.977409950923175
1.94755002297461 0.973788093775511 1.54431927693076 1.06516204751097 1.4902796051465 1.32986558228731 1.26573386020027 1.76392465829849 1.75811618170701 1.39542500139214 1.17807313683443 1.66636268445291 1.83175276219845 1.14866362605244 1.28253148519434 0 1.80144407995977 0.985378904733807 1.78268295573071 1.42360826418735 1.71607854356989 1.19754518079571 1.24135269247927 1.00630177254789 1.91167187085375 1.05135574587621 1.66609604051337 1.36872365674935 1.60126214311458 1.48904001596384
0.963145064422861 1.08836974482983 1.48679631669074 1.47225498431362 1.60720330965705 1.23874162207358 1.33656308543868 1.23957588896155 1.33845306443982 1.23015138297342 1.41310321399942 1.23500332678668 1.72786289383657 1.04209302109666 1.07757549639791 1.80144407995977 0 1.31382715003565 1.51246154936962 1.52632814622484 1.87502189283259 1.71314351959154 0.991906379116699 1.62721205479465 1.4516591813881 1.80732622742653 1.01183868548833 1.73589170654304 1.69416092196479 1.65285433805548
1.37130804499611 1.77130011934787 1.54630372370593 1.82662650756538 1.20456736488268 1.41895151138306 1.09741627890617 1.44679404678755 1.60307807079516 1.52240239968523 1.47621336299926 1.80920787691139 1.24271079152822 1.42199231102131 1.6405258460436 0.985378904733807 1.31382715003565 0 1.38799769734032 1.10003320802934 1.18546013673767 1.74434767430648 1.2771815021988 1.62617529067211 0.991559990681708 1.06818915414624 1.72534265834838 1.92172406055033 1.53640222596005 1.27237563021481
1.80666530574672 1.90572311985306 1.72873661713675 1.57030994375236 1.44058164046146 1.18131350446492 1.20835956791416 1.19532563723624 1.21306913136505 1.8620482084807 1.8488018065691 1.38787187729031 1.9177908974234 1.1614076171536 1.05597053514794 1.78268295573071 1.51246154936962 1.38799769734032 0 1.14106618473306 1.12771239946596 1.15806154487655 1.31166233960539 1.41608862602152 1.93417479656637 1.92580738919787 1.69223727262579 1.3851936426945 1.12896164972335 1.59269680106081
1.88791130553 1.80998489493504 1.37921553710476 1.73929214873351 1.41475244169123 1.20722702913918 1.47517121606506 1.90649060555734 1.38022288517095 1.55610006535426 1.33796887239441 0.970692383823916 1.04983794479631 1.50811624969356 1.32011418999173 1.42360826418735 1.52632814622484 1.10003320802934 1.14106618473306 0 1.2992052892223 1.74911996722221 1.58371499716304 1.28878787090071 0.954183851368725 1.5379121764563 1.27606377471238 1.14236448286101 1.55634231306612 1.51818257034756
1.07200994552113 0.996974532259628 1.41947768535465 1.63767087459564 1.79785499675199 1.36125748348422 1.74036448821425 1.78810011805035 1.20200520730577 1.19460971420631 1.93635227833875 1.33971890271641 1.23574805655517 1.45259153051302 1.0825634074863 1.71607854356989 1.87502189283259 1.18546013673767 1.12771239946596 1.2992052892223 0 1.8161558539141 1.26990521466359 1.11442447756417 1.24457687325776 1.63391884812154 1.25929165934213 1.14738330151886 1.27182208956219 1.51935063488781
1.48131001205184 1.77802610211074 1.54010124923661 1.59614348853938 1.2714959110599 0.979497866006568 1.92453323933296 1.87069768435322 1.55771862738766 1.57841545692645 1.1351599805057 1.54662859719247 0.980851847911254 1.24399876222014 1.64121092529967 1.19754518079571 1.71314351959154 1.74434767430648 1.15806154487655 1.74911996722221 1.8161558539141 0 1.54888457874767 1.57462668302469 1.29361995938234 1.39942967914976 1.68634931393899 1.41132796183228 1.58886360144243 1.49724866030738
1.55651912023313 1.01876120362431 1.62710746075027 1.25431544519961 1.39345089369453 1.61494861962274 1.78961016866378 1.50494814058766 1.32473779073916 0.949142962461337 1.92631959076971 1.46071879705414 1.53362955339253 0.983076893026009 1.45579915260896 1.24135269247927 0.991906379116699 1.2771815021988 1.31166233960539 1.58371499716304 1.26990521466359 1.54888457874767 0 1.60172519111075 1.03589334641583 1.04950827918947 0.962871290044859 1.04057871247642 1.64940635929815 1.8483611359261
0.989197324030101 1.52952829981223 1.67885457770899 1.39373110514134 1.30606385297142 1.90483115776442 1.13929267483763 0.986946660559624 1.4319153430406 1.52769324043766 1.30999825289473 1.8341388751287 1.43290439946577 1.21200229786336 1.51788376737386 1.00630177254789 1.62721205479465 1.62617529067211 1.41608862602152 1.28878787090071 1.11442447756417 1.57462668302469 1.60172519111075 0 1.90536850620992 1.35508846957237 1.02974832593463 1.03124353499152 0.990022548241541 1.20136423874646
1.4357760339044 1.79626224492677 1.02047252142802 1.05614573671483 1.92975131864659 1.59600213891827 1.37811274663545 1.66112751932815 1.78170241159387 1.02952816477045 1.74750971840695 1.47369990986772 1.62377606215887 1.52043033670634 1.7708631621208 1.91167187085375 1.4516591813881 0.991559990681708 1.93417479656637 0.954183851368725 1.24457687325776 1.29361995938234 1.03589334641583 1.90536850620992 0 0.96589791495353 1.9291098699905 1.05229130783118 1.70469750696793 1.63740968890488
1.74043212481774 1.26608465099707 1.34544086875394 1.19055701908655 1.81196302105673 1.57892045448534 1.12790876999497 1.21592790819705 1.33045273367316 1.22641791286878 1.7905249861069 0.99665646860376 1.41597054386511 1.80110927624628 1.31927187694237 1.05135574587621 1.80732622742653 1.06818915414624 1.92580738919787 1.5379121764563 1.63391884812154 1.39942967914976 1.04950827918947 1.35508846957237 0.96589791495353 0 1.22996256779879 1.60744396108203 1.83374546724372 1.69834426604211
1.31384403351694 1.82190737896599 1.59389772452414 1.87967833713628 1.20080155320466 1.72971276286989 1.59234965010546 1.81486849486828 1.14820373640396 1.61442944896407 1.31451224558987 1.05872460640967 1.28044881368987 1.64912541978993 1.10305001214147 1.66609604051337 1.01183868548833 1.72534265834838 1.69223727262579 1.27606377471238 1.25929165934213 1.68634931393899 0.962871290044859 1.02974832593463 1.9291098699905 1.22996256779879 0 1.29046942992136 1.35981822200119 1.43944795290008
1.19217970315367 1.37263628281653 1.42902476387098 1.31287817028351 1.44151763757691 1.83421348058619 1.14823997858912 1.89478475949727 1.46113274083473 1.16742611443624 1.31563031650148 1.43239516741596 1.16223687957972 1.72919144597836 1.1855161387939 1.36872365674935 1.73589170654304 1.92172406055033 1.3851936426945 1.14236448286101 1.14738330151886 1.41132796183228 1.04057871247642 1.03124353499152 1.05229130783118 1.60744396108203 1.29046942992136 0 1.33029318600893 1.47394437040202
1.8229312938638 1.24336576438509 1.78748099994846 1.22016678377986 1.71442090789787 1.4897662946023 1.19027138641104 1.1827922440134 1.88961707148701 1.72704313322902 1.62793540721759 1.71970893256366 1.482618000824 1.85796116641723 1.45662020659074 1.60126214311458 1.69416092196479 1.53640222596005 1.12896164972335 1.55634231306612 1.27182208956219 1.58886360144243 1.64940635929815 0.990022548241541 1.70469750696793 1.83374546724372 1.35981822200119 1.33029318600893 0 1.75209485413507
1.63794696051627 1.34496699133888 1.28464611968957 1.81704740761779 1.75722052808851 1.14522411581129 1.43559460830875 0.970189802348614 1.09276009374298 1.93454595608637 1.6717772167176 1.62831201008521 1.8717148040887 1.54136519599706 0.977409950923175 1.48904001596384 1.65285433805548 1.27237563021481 1.59269680106081 1.51818257034756 1.51935063488781 1.49724866030738 1.8483611359261 1.20136423874646 1.63740968890488 1.69834426604211 1.43944795290008 1.47394437040202 1.75209485413507 0
