0 1.72113243187778 1.4492849719245 1.52452346961945 1.79757676180452 1.40046153147705 0.980099524371326 1.86662094783969 1.79037455399521 1.55444358754903 1.60242180153728 1.20487689482979 1.77979810675606 1.59084477950819 1.52606903715059 1.16268266038969 1.43013690272346 0.984309263993055 1.20117926434614 1.76302704354748 1.23692300287075 1.72085062484257 1.06915534869768 1.89619580912404 1.79554745717905 1.72576810605824 1.80885361460969 1.85100503102876 1.41195891285315 1.37831282801926
1.72113243187778 0 1.36178541206755 0.998173094121739 1.11898942454718 1.17239715671167 1.64397252700292 1.4651231658645 1.49725884385407 1.77629759744741 1.60268154623918 1.65290801110677 1.18647905159742 1.40627010934986 1.87557909660973 1.78254617936909 1.51168831717223 1.68588676140644 1.58649404952303 1.428355446551 1.02748056827113 1.88935053232126 1.87149324431084 1.53263425710611 1.74848003592342 1.8735961066559 1.17733633704484 1.9036137748044 1.32516294158995 1.0802728254348
1.4492849719245 1.36178541206755 0 1.20883461670019 0.939180842833593 1.18558492208831 1.29920490505174 1.22410587756895 1.22250429610722 1.03998682228848 1.01188298407942 1.54288745205849 0.988803603686392 1.4343454062473 1.55754426843487 1.73907987889834 1.07996869576164 1.04392557940446 0.989707243163139 1.73355088173412 1.66950737102889 1.37516629230231 1.29924554936588 1.42330417782068 1.32825771160424 1.08128792280331 1.20328513672575 1.61780945048667 0.946151221636683 1.46243350557052
1.52452346961945 0.998173094121739 1.20883461670019 0 1.17717725900002 1.54054979258217 1.71049064723775 0.935872986447066 1.59627109207213 1.20174539508298 0.972767221042886 1.03801099793054 1.6568171789404 1.50175607949495 1.36217064713128 1.67159686493687 1.65461827232502 1.52162251272239 1.52016817964613 1.83551174262539 1.15643636113964 1.50667824991979 1.3340462220367 1.29546759976074 1.11191705008969 0.947990942746401 1.07157471124083 0.975067125167698 1.87192547880113 1.38341080700047
1.79757676180452 1.11898942454718 0.939180842833593 1.17717725900002 0 1.8319338997826 1.60794022120535 1.23985957843252 1.72959842905402 1.18642883165739 1.82680569076911 1.24307712749578 1.68688183510676 1.30447311932221 1.48902658070438 1.0827070849482 1.59162711910903 1.29532260796987 1.10743213281967 1.47266372549348 1.28136775875464 1.33180913282558 1.39246975327842 1.46862406446598 1.73882379080169 1.3559436656069 1.31885509681888 0.927503447979689 1.55173441162333 1.21793911606073
1.40046153147705 1.17239715671167 1.18558492208831 1.54054979258217 1.8319338997826 0 1.41678083920851 1.31339249643497 1.34130393364467 0.914756630780175 1.37570329941809 0.928200715919957 1.03876417619176 1.70405447878875 1.90061286534183 1.53708735131659 0.954177423845977 1.293390448438 1.06185232056305 1.24138261796907 0.984286240069196 1.88923673820682 1.63831300847232 1.37654746812768 0.931436790153384 1.27740691159852 1.03490248555318 1.78104477934539 1.37392016546801 1.48387880902737
0.980099524371326 1.64397252700292 1.29920490505174 1.71049064723775 1.60794022120535 1.41678083920851 0 1.14865474496037 1.68212163145654 1.72589749237522 0.934984036022797 1.40667750290595 1.83045946247876 1.42795195593499 1.00563829881139 1.57363796140999 1.25846896297298 0.918248627102003 1.60761168575846 1.52177886175923 1.49794783908874 1.499986741459 1.34072857978754 1.59936762601137 1.27988889277913 1.07830637786537 1.14433706342243 1.13007270707749 1.65919393044896 1.47402389114723
1.86662094783969 1.4651231658645 1.22410587756895 0.935872986447066 1.23985957843252 1.31339249643497 1.14865474496037 0 1.82352313748561 1.75926725915633 1.56896192813292 1.09623069432564 1.75136577966623 1.45469985925592 1.77013880410232 1.58095554332249 1.34277896303684 1.62028604117222 1.43186860042624 1.68176923529245 1.65103877638467 1.31182673969306 1.42681827233173 1.4751202003099 1.77871377952397 1.42073751590215 1.86394941853359 1.71131333615631 1.38590007158928 1.21363027906045
1.79037455399521 1.49725884385407 1.22250429610722 1.59627109207213 1.72959842905402 1.34130393364467 1.68212163145654 1.82352313748561 0 1.75162467500195 0.971070548985153 1.3167482574936 1.26162330317311 1.65785770560615 1.06458549457602 0.971406311960891 1.67687363224104 1.55522126727737 1.02118683466688 1.51386565458961 1.88645282504149 1.88780579087324 1.2481587016955 1.3812619606033 0.93562282784842 1.10265481402166 1.62541573145427 1.74563840590417 1.04789350624196 1.07539940066636
1.55444358754903 1.77629759744741 1.03998682228848 1.20174539508298 1.18642883165739 0.914756630780175 1.72589749237522 1.75926725915633 1.75162467500195 0 1.37879371480085 1.60488388524391 1.87613758747466 1.40265193837695 1.55418666591868 1.45227710041218 1.71580437407829 1.81157891149633 1.11368306726217 1.31613346654922 1.6106970757246 1.57730803918093 1.00239542685449 0.914343862561509 1.19529733597301 1.66605642414652 1.22388505470008 1.08590138377622 1.30371744395234 1.82245322247036
1.60242180153728 1.60268154623918 1.01188298407942 0.972767221042886 1.82680569076911 1.37570329941809 0.934984036022797 1.56896192813292 0.971070548985153 1.37879371480085 0 1.37284601200372 1.40224245865829 1.03582044900395 1.10687708109617 1.6101970996242 1.8345883730799 1.29158190544695 1.63962638983503 1.14017107267864 1.14931678166613 1.51996908360161 1.13445958564989 1.767725904705 1.07035414082929 0.993033562321216 0.947573554934934 1.60045822011307 1.78608223935589 1.09293338959105
1.20487689482979 1.65290801110677 1.54288745205849 1.03801099793054 1.24307712749578 0.928200715919957 1.40667750290595 1.09623069432564 1.3167482574936 1.60488388524391 1.37284601200372 0 1.44632337987423 1.12003018311225 1.28657094133087 1.27197522274218 0.923670937074348 1.90890602325089 1.1383247715421 1.77312554395758 1.08025910239667 1.74343122425489 1.56071244808845 1.3584511410445 1.35103269736283 1.15618868404999 1.40873839403503 1.01346696796827 1.51987498509698 1.39099818980321
1.77979810675606 1.18647905159742 0.988803603686392 1.6568171789404 1.68688183510676 1.03876417619176 1.83045946247876 1.75136577966623 1.26162330317311 1.87613758747466 1.40224245865829 1.44632337987423 0 1.90801705769263 1.03520872117952 1.6756135628093 1.81748629244976 1.13769258675165 1.02784418524243 1.24536852282472 1.64531124639325 0.911008270690218 0.935457681072876 1.76784118660726 1.39740440365858 1.52920082816854 1.19236352737062 1.22223577834666 1.8014343904797 1.22186377365142
1.59084477950819 1.40627010934986 1.4343454062473 1.50175607949495 1.30447311932221 1.70405447878875 1.42795195593499 1.45469985925592 1.65785770560615 1.40265193837695 1.03582044900395 1.12003018311225 1.90801705769263 0 0.921809278661385 1.82391322148032 1.79626176692545 1.43345397314988 1.46736509189941 1.09560735640116 1.07227173703723 1.78238190570846 1.32621067739092 1.49745276360773 1.45178123982623 1.62647370249033 1.18820811808109 1.17441617953591 1.46710861474276 1.46005576173775
1.52606903715059 1.87557909660973 1.55754426843487 1.36217064713128 1.48902658070438 1.90061286534183 1.00563829881139 1.77013880410232 1.06458549457602 1.55418666591868 1.10687708109617 1.28657094133087 1.03520872117952 0.921809278661385 0 1.81397552159615 1.42148671741597 1.36995413526893 1.89332993491553 1.54496407904662 1.54639814421535 1.05764436698519 1.03003018535674 0.953982798848301 1.5361026446335 1.14150024345145 1.33021153975278 1.7332603156101 1.90377878933214 1.72672044648789
1.16268266038969 1.78254617936909 1.73907987889834 1.67159686493687 1.0827070849482 1.53708735131659 1.57363796140999 1.58095554332249 0.971406311960891 1.45227710041218 1.6101970996242 1.27197522274218 1.6756135628093 1.82391322148032 1.81397552159615 0 1.76732431608252 1.49823957448825 1.00074116117321 1.27856731507927 1.3865979956463 1.79818956600502 1.5407205761876 1.07934309099801 1.27988175326027 0.966976896626875 1.23223702446558 1.83928387681954 1.6284349441994 1.42642795643769
1.43013690272346 1.51168831717223 1.07996869576164 1.65461827232502 1.59162711910903 0.954177423845977 1.25846896297298 1.34277896303684 1.67687363224104 1.71580437407829 1.8345883730799 0.923670937074348 1.81748629244976 1.79626176692545 1.42148671741597 1.76732431608252 0 1.78597591328435 1.90663051139563 1.77598251472227 1.25513491919264 1.64830678957514 1.21120932255872 1.05256112152711 1.54011562792584 1.45852759946138 1.57622268795967 1.37058815965429 1.25656370678917 1.19590191286989
0.984309263993055 1.68588676140644 1.04392557940446 1.52162251272239 1.29532260796987 1.293390448438 0.918248627102003 1.62028604117222 1.55522126727737 1.81157891149633 1.29158190544695 1.90890602325089 1.13769258675165 1.43345397314988 1.36995413526893 1.49823957448825 1.78597591328435 0 1.02276941994205 1.40076205483638 1.60433538537472 1.63727414957248 1.30142554407939 1.54365388676524 1.52651058370247 1.04600705415942 1.14648350933567 1.19548633508384 1.87613283027895 1.86696595093235
1.20117926434614 1.58649404952303 0.989707243163139 1.52016817964613 1.10743213281967 1.06185232056305 1.60761168575846 1.43186860042624 1.02118683466688 1.11368306726217 1.63962638983503 1.1383247715421 1.02784418524243 1.46736509189941 1.89332993491553 1.00074116117321 1.90663051139563 1.02276941994205 0 1.49520108825527 1.88999657565728 1.90217959228903 1.33419222664088 0.939347136067227 1.25609096931294 1.72622204641812 1.48931810329668 1.07593897497281 0.980407926719636 1.90010780678131
1.76302704354748 1.428355446551 1.73355088173412 1.83551174262539 1.47266372549348 1.24138261796907 1.52177886175923 1.68176923529245 1.51386565458961 1.31613346654922 1.14017107267864 1.77312554395758 1.24536852282472 1.09560735640116 1.54496407904662 1.27856731507927 1.77598251472227 1.40076205483638 1.49520108825527 0 1.49616157519631 1.68034106912091 1.76715560513549 1.2685988326557 1.08774960669689 1.00395370437764 1.83645664993674 1.25760376546532 1.2930979183875 1.76896550669335
1.23692300287075 1.02748056827113 1.66950737102889 1.15643636113964 1.28136775875464 0.984286240069196 1.49794783908874 1.65103877638467 1.88645282504149 1.6106970757246 1.14931678166613 1.08025910239667 1.64531124639325 1.07227173703723 1.54639814421535 1.3865979956463 1.25513491919264 1.60433538537472 1.88999657565728 1.49616157519631 0 1.41222309460863 1.3401014318224 1.05009005055763 1.2942636529915 1.84032209636644 1.03641492803581 1.74620974366553 1.00108690396883 1.52598842931911
1.72085062484257 1.88935053232126 1.37516629230231 1.50667824991979 1.33180913282558 1.88923673820682 1.499986741459 1.31182673969306 1.88780579087324 1.57730803918093 1.51996908360161 1.74343122425489 0.911008270690218 1.78238190570846 1.05764436698519 1.79818956600502 1.64830678957514 1.63727414957248 1.90217959228903 1.68034106912091 1.41222309460863 0 1.55603995476849 1.04222025023773 1.44053551158868 1.12856040289626 1.9024481412489 1.00976165034808 1.70644156634808 1.90706132072955
1.06915534869768 1.87149324431084 1.29924554936588 1.3340462220367 1.39246975327842 1.63831300847232 1.34072857978754 1.42681827233173 1.2481587016955 1.00239542685449 1.13445958564989 1.56071244808845 0.935457681072876 1.32621067739092 1.03003018535674 1.5407205761876 1.21120932255872 1.30142554407939 1.33419222664088 1.76715560513549 1.3401014318224 1.55603995476849 0 1.87076599057764 0.9549971583765 1.46786737814546 1.43820160487667 0.981866646325216 1.07523836381733 0.98594632698223
1.89619580912404 1.53263425710611 1.42330417782068 1.29546759976074 1.46862406446598 1.37654746812768 1.59936762601137 1.4751202003099 1.3812619606033 0.914343862561509 1.767725904705 1.3584511410445 1.76784118660726 1.49745276360773 0.953982798848301 1.07934309099801 1.05256112152711 1.54365388676524 0.939347136067227 1.2685988326557 1.05009005055763 1.04222025023773 1.87076599057764 0 1.78344794269651 0.994975296314806 1.44804514129646 1.70733249606565 1.31320823752321 1.28836493659765
1.79554745717905 1.74848003592342 1.32825771160424 1.11191705008969 1.73882379080169 0.931436790153384 1.27988889277913 1.77871377952397 0.93562282784842 1.19529733597301 1.07035414082929 1.35103269736283 1.39740440365858 1.45178123982623 1.5361026446335 1.27988175326027 1.54011562792584 1.52651058370247 1.25609096931294 1.08774960669689 1.2942636529915 1.44053551158868 0.9549971583765 1.78344794269651 0 1.58665411872789 1.63181440439075 1.40130598889664 1.24406234174967 1.20647341408767
1.72576810605824 1.8735961066559 1.08128792280331 0.947990942746401 1.3559436656069 1.27740691159852 1.07830637786537 1.42073751590215 1.10265481402166 1.66605642414652 0.993033562321216 1.15618868404999 1.52920082816854 1.62647370249033 1.14150024345145 0.966976896626875 1.45852759946138 1.04600705415942 1.72622204641812 1.00395370437764 1.84032209636644 1.12856040289626 1.46786737814546 0.994975296314806 1.58665411872789 0 1.12957853474654 0.990858859149739 1.34078412689269 1.31095754820853
1.80885361460969 1.17733633704484 1.20328513672575 1.07157471124083 1.31885509681888 1.03490248555318 1.14433706342243 1.86394941853359 1.62541573145427 1.22388505470008 0.947573554934934 1.40873839403503 1.19236352737062 1.18820811808109 1.33021153975278 1.23223702446558 1.57622268795967 1.14648350933567 1.48931810329668 1.83645664993674 1.03641492803581 1.9024481412489 1.43820160487667 1.44804514129646 1.63181440439075 1.12957853474654 0 1.44981419551186 1.17832413269207 1.03295605885796
1.85100503102876 1.9036137748044 1.61780945048667 0.975067125167698 0.927503447979689 1.78104477934539 1.13007270707749 1.71131333615631 1.74563840590417 1.08590138377622 1.60045822011307 1.01346696796827 1.22223577834666 1.17441617953591 1.7332603156101 1.83928387681954 1.37058815965429 1.19548633508384 1.07593897497281 1.25760376546532 1.74620974366553 1.00976165034808 0.981866646325216 1.70733249606565 1.40130598889664 0.990858859149739 1.44981419551186 0 1.20669049094431 0.982831303495914
1.41195891285315 1.32516294158995 0.946151221636683 1.87192547880113 1.55173441162333 1.37392016546801 1.65919393044896 1.38590007158928 1.04789350624196 1.30371744395234 1.78608223935589 1.51987498509698 1.8014343904797 1.46710861474276 1.90377878933214 1.6284349441994 1.25656370678917 1.87613283027895 0.980407926719636 1.2930979183875 1.00108690396883 1.70644156634808 1.07523836381733 1.31320823752321 1.24406234174967 1.34078412689269 1.17832413269207 1.20669049094431 0 1.68106067483313
1.37831282801926 1.0802728254348 1.46243350557052 1.38341080700047 1.21793911606073 1.48387880902737 1.47402389114723 1.21363027906045 1.07539940066636 1.82245322247036 1.09293338959105 1.39099818980321 1.22186377365142 1.46005576173775 1.72672044648789 1.42642795643769 1.19590191286989 1.86696595093235 1.90010780678131 1.76896550669335 1.52598842931911 1.90706132072955 0.98594632698223 1.28836493659765 1.20647341408767 1.31095754820853 1.03295605885796 0.982831303495914 1.68106067483313 0
