0 1.6297009147238 1.23420397331938 0.995771867921576 1.86470442940481 1.5326244069729 1.38637286005542 1.41525118728168 1.90000020014122 1.421418502694 1.07785302586854 1.72636195481755 1.86295889574103 1.61724236467853 1.4301721774973 1.28267359430902 0.923098340863362 1.20404323469847 1.65802209661342 1.28513180254959 0.958884650608525 1.83242318988778 1.80876085069031 1.47546966513619 1.10914234304801 1.38090742309578 1.38233522721566 1.90396497468464 1.84590265061706 1.51872431323864
1.6297009147238 0 1.89452226948924 1.85013713175431 1.48196462797932 1.09712705225684 1.31087437085807 1.38181881420314 1.66124812047929 1.25114457728341 1.59727565641515 1.62136946222745 1.67486184439622 1.05821216339245 1.56089656078257 1.39101281226613 1.36797141563147 1.90409625694156 1.83633196842857 1.59788476093672 1.67173049668781 1.31067062192596 1.86234015761875 1.58604627288878 1.73777793999761 1.68706784630194 0.963640119414777 1.28088225843385 1.83026353106834 1.73627053527161
1.23420397331938 1.89452226948924 0 1.25676874327473 1.38220405741595 1.86532706581056 1.62353464402258 1.82043473166414 1.11245828634128 1.54063395457342 1.05684773460962 1.60481093754061 1.35558546730317 1.49852105090395 1.07253266335465 1.01810400583781 1.82765601412393 1.5047997017391 1.62482856051065 1.54003450623713 1.68594140768982 1.54049382521771 1.66801882744767 1.46608154359274 1.43340026750229 1.28266888461076 1.06425259402022 1.05070177512243 1.11363330064341 1.80125352810137
0.995771867921576 1.85013713175431 1.25676874327473 0 1.04185350704938 1.52023878949694 1.03159811184742 1.17351735359989 1.89977978123352 1.54591798433103 1.51232203352265 1.20774242351763 1.32077469164506 1.35209019808099 1.0609713664744 1.49074770929292 1.31048794439994 1.88998726289719 1.51207806589082 1.89321562461555 1.66549483453855 1.54012179281563 1.40488717053086 1.49540616385639 1.89933592709713 1.39637453760952 1.43505312642083 1.66518867947161 1.32547958265059 1.90341374767013
1.86470442940481 1.48196462797932 1.38220405741595 1.04185350704938 0 1.73714480013587 1.3365117884241 1.76238187518902 1.20475513883866 1.44743214501068 1.27362995478325 1.0507110718172 1.3114917408675 0.993301309878007 1.63946710154414 1.66943718842231 1.38199592079036 1.45001388690434 1.14241324574687 1.54111606697552 1.67295969231054 1.32698190188967 1.5259563731961 1.2020687146578 1.16527710738592 1.37131001916714 1.50040902686305 1.14383764914237 1.13096435833722 1.32751100696623
1.5326244069729 1.09712705225684 1.86532706581056 1.52023878949694 1.73714480013587 0 1.39856378990225 1.77334536216222 1.80657723522745 1.15331991878338 1.05386373330839 1.18601800804026 1.61532471491955 1.53802876407281 1.86832606908865 1.34773424221203 1.14429088891484 1.42394789215177 1.76376394601539 1.49700822518207 1.48206398449838 1.03460252308287 1.16986523196101 1.14497697539628 1.16539618535899 1.86010401509702 1.10498505784199 1.43069809372537 1.12111136736348 1.01241373992525
1.38637286005542 1.31087437085807 1.62353464402258 1.03159811184742 1.3365117884241 1.39856378990225 0 1.15032357559539 1.17869167309254 1.29512582090683 1.76355858007446 1.58590981224552 1.07546695112251 1.82617135625333 1.56146860914305 1.75179033097811 1.71494347671978 1.75092153530568 1.29254283825867 1.68944732192904 1.2702907694038 1.56048952252604 1.91651993663982 1.33131739334203 0.9894124714192 1.09710197616369 1.43941000243649 1.76991372276098 1.90662365593016 1.77501000836492
1.41525118728168 1.38181881420314 1.82043473166414 1.17351735359989 1.76238187518902 1.77334536216222 1.15032357559539 0 1.289897356648 0.976520524825901 1.16953275469132 1.54538863012567 1.46019935328513 1.78051942726597 1.82539609470405 0.972514220513403 1.63678899011575 1.15083641954698 1.39344046311453 1.44240610185079 1.66655441373587 1.75877314107493 1.11768225394189 0.98009934509173 1.58549253223464 1.26970262057148 0.928189958678558 1.87343142135069 1.85863561625592 1.65683552599512
1.90000020014122 1.66124812047929 1.11245828634128 1.89977978123352 1.20475513883866 1.80657723522745 1.17869167309254 1.289897356648 0 1.05257964110933 1.43523389124312 1.46994933742099 1.8217240718659 1.07072659698315 1.18026218656451 1.226172974566 1.20208567776717 1.19326611724682 1.50312474556267 1.36465484718792 1.88797446060926 1.87216665991582 1.78861816530116 1.36463152174838 1.29846638301387 1.04982990818098 1.41678983462043 1.04662339226343 1.35936469538137 1.75693049188703
1.421418502694 1.25114457728341 1.54063395457342 1.54591798433103 1.44743214501068 1.15331991878338 1.29512582090683 0.976520524825901 1.05257964110933 0 1.57036032085307 1.09839656273834 1.23550202604383 1.67499563121237 1.15373711800203 1.65948207653128 1.26141104684211 1.52397626684979 1.84738261881284 1.62057482684031 1.15195320383646 1.14163487078622 1.65213829348795 1.8386120586656 1.75033856416121 0.98739784094505 1.71405082335696 0.995932158548385 1.12818937376142 0.981572204269469
1.07785302586854 1.59727565641515 1.05684773460962 1.51232203352265 1.27362995478325 1.05386373330839 1.76355858007446 1.16953275469132 1.43523389124312 1.57036032085307 0 1.43469527713023 1.46942901914008 1.78230262012221 1.22502556163818 1.83381666895002 1.82050049328245 1.22939162817784 1.85598532576114 1.47147245239466 0.974579956149682 1.75073743704706 1.90051890234463 1.79779879911803 1.80160809634253 1.60562965949066 1.85146581102163 1.80459867999889 1.78902125009336 1.34497202537023
1.72636195481755 1.62136946222745 1.60481093754061 1.20774242351763 1.0507110718172 1.18601800804026 1.58590981224552 1.54538863012567 1.46994933742099 1.09839656273834 1.43469527713023 0 0.947975904680789 0.97638275148347 1.06747977575287 1.32123875105754 1.20123493834399 1.49517794372514 1.52022938150913 1.58586232224479 1.41557738929987 1.05992442881688 1.01601810893044 1.08859112928621 1.36092011677101 1.85107366577722 1.19938587909564 1.00921886693686 1.11135874548927 1.08794327010401
1.86295889574103 1.67486184439622 1.35558546730317 1.32077469164506 1.3114917408675 1.61532471491955 1.07546695112251 1.46019935328513 1.8217240718659 1.23550202604383 1.46942901914008 0.947975904680789 0 1.64736139029264 1.42651510541327 1.10685001942329 1.02425066614524 1.85672781174071 1.51475484622642 0.982039185706526 1.42706097103655 1.907365051331 1.23204074148089 1.57107526715845 1.66873766831122 1.57670445204712 1.74024742562324 1.09048782405443 1.90892322757281 1.09024056349881
1.61724236467853 1.05821216339245 1.49852105090395 1.35209019808099 0.993301309878007 1.53802876407281 1.82617135625333 1.78051942726597 1.07072659698315 1.67499563121237 1.78230262012221 0.97638275148347 1.64736139029264 0 1.51687692175619 1.84260096750222 1.04859880451113 1.1369372329209 1.81225600442849 1.49791513499804 1.47245038254187 1.00084148370661 1.05449411668815 1.42497843038291 1.36923921084963 1.27036298834719 1.30324347224087 1.15687523945235 1.81775573152117 1.75752683659084
1.4301721774973 1.56089656078257 1.07253266335465 1.0609713664744 1.63946710154414 1.86832606908865 1.56146860914305 1.82539609470405 1.18026218656451 1.15373711800203 1.22502556163818 1.06747977575287 1.42651510541327 1.51687692175619 0 1.76763506652787 1.06341284117661 1.80346053303219 1.77243786817417 1.28250586846843 1.60515344399028 1.11498357541859 1.75865969946608 1.75781843531877 1.41951705166139 1.35901380283758 1.6170823359862 1.53204598394223 1.64387364592403 1.65554307773709
1.28267359430902 1.39101281226613 1.01810400583781 1.49074770929292 1.66943718842231 1.34773424221203 1.75179033097811 0.972514220513403 1.226172974566 1.65948207653128 1.83381666895002 1.32123875105754 1.10685001942329 1.84260096750222 1.76763506652787 0 0.97898388444446 1.38897068216465 1.84909721207805 1.7206611293368 1.47378012235276 1.50639650714584 1.23507282580249 0.969294262118638 1.50352944317274 1.08695687772706 1.7780295656994 1.03567508864217 1.10012824973091 1.04988289461471
0.923098340863362 1.36797141563147 1.82765601412393 1.31048794439994 1.38199592079036 1.14429088891484 1.71494347671978 1.63678899011575 1.20208567776717 1.26141104684211 1.82050049328245 1.20123493834399 1.02425066614524 1.04859880451113 1.06341284117661 0.97898388444446 0 1.87117106164806 0.938206511549652 1.75040244939737 1.38169283722527 1.60065883141942 1.35189964505844 1.4697361481376 1.3296154923737 1.67911612172611 1.55836894898675 0.980866633821279 1.3730774030555 1.65198273444548
1.20404323469847 1.90409625694156 1.5047997017391 1.88998726289719 1.45001388690434 1.42394789215177 1.75092153530568 1.15083641954698 1.19326611724682 1.52397626684979 1.22939162817784 1.49517794372514 1.85672781174071 1.1369372329209 1.80346053303219 1.38897068216465 1.87117106164806 0 1.24734444986098 1.13220747304149 1.17936239065602 1.23197812912986 1.2769392458722 1.40200640377589 1.62619498907588 1.21728179091588 1.76937834499404 0.995597099186853 1.24831632710993 1.15800626063719
1.65802209661342 1.83633196842857 1.62482856051065 1.51207806589082 1.14241324574687 1.76376394601539 1.29254283825867 1.39344046311453 1.50312474556267 1.84738261881284 1.85598532576114 1.52022938150913 1.51475484622642 1.81225600442849 1.77243786817417 1.84909721207805 0.938206511549652 1.24734444986098 0 1.37653438886628 1.10618452867493 1.51592997740954 1.28564964910038 1.72146000224166 1.43308698176406 1.66587576223537 1.75189808919095 1.4487559387926 1.89631701819599 1.48604136449285
1.28513180254959 1.59788476093672 1.54003450623713 1.89321562461555 1.54111606697552 1.49700822518207 1.68944732192904 1.44240610185079 1.36465484718792 1.62057482684031 1.47147245239466 1.58586232224479 0.982039185706526 1.49791513499804 1.28250586846843 1.7206611293368 1.75040244939737 1.13220747304149 1.37653438886628 0 1.87207362777553 1.39529199292883 1.82105233729817 1.33702872786671 1.35119490255602 1.69121598429047 1.39890302019194 1.37369071459398 1.62204883876257 1.65091260103509
0.958884650608525 1.67173049668781 1.68594140768982 1.66549483453855 1.67295969231054 1.48206398449838 1.2702907694038 1.66655441373587 1.88797446060926 1.15195320383646 0.974579956149682 1.41557738929987 1.42706097103655 1.47245038254187 1.60515344399028 1.47378012235276 1.38169283722527 1.17936239065602 1.10618452867493 1.87207362777553 0 1.38548030215316 1.08934001764283 1.41914997110143 1.48257616884075 1.1667398896534 0.970033690100536 1.82949775853194 1.75209819665179 1.19308362831362
1.83242318988778 1.31067062192596 1.54049382521771 1.54012179281563 1.32698190188967 1.03460252308287 1.56048952252604 1.75877314107493 1.87216665991582 1.14163487078622 1.75073743704706 1.05992442881688 1.907365051331 1.00084148370661 1.11498357541859 1.50639650714584 1.60065883141942 1.23197812912986 1.51592997740954 1.39529199292883 1.38548030215316 0 1.78924120520242 1.79934409447014 1.87020199513063 1.14465103973635 1.42492681019939 1.61576817999594 0.95497572585009 1.45372532028705
1.80876085069031 1.86234015761875 1.66801882744767 1.40488717053086 1.5259563731961 1.16986523196101 1.91651993663982 1.11768225394189 1.78861816530116 1.65213829348795 1.90051890234463 1.01601810893044 1.23204074148089 1.05449411668815 1.75865969946608 1.23507282580249 1.35189964505844 1.2769392458722 1.28564964910038 1.82105233729817 1.08934001764283 1.78924120520242 0 1.42248755483888 1.26901609799825 1.64484479068778 0.995019802358001 1.08858717698604 1.19140616501682 1.10294372984208
1.47546966513619 1.58604627288878 1.46608154359274 1.49540616385639 1.2020687146578 1.14497697539628 1.33131739334203 0.98009934509173 1.36463152174838 1.8386120586656 1.79779879911803 1.08859112928621 1.57107526715845 1.42497843038291 1.75781843531877 0.969294262118638 1.4697361481376 1.40200640377589 1.72146000224166 1.33702872786671 1.41914997110143 1.79934409447014 1.42248755483888 0 1.24205251317471 1.76006143097766 1.57220061565749 1.63878552708775 1.68729049921967 1.09420714341104
1.10914234304801 1.73777793999761 1.43340026750229 1.89933592709713 1.16527710738592 1.16539618535899 0.9894124714192 1.58549253223464 1.29846638301387 1.75033856416121 1.80160809634253 1.36092011677101 1.66873766831122 1.36923921084963 1.41951705166139 1.50352944317274 1.3296154923737 1.62619498907588 1.43308698176406 1.35119490255602 1.48257616884075 1.87020199513063 1.26901609799825 1.24205251317471 0 1.37755713169463 1.13546551275067 1.8911006108392 1.77820099052042 1.32694724272005
1.38090742309578 1.68706784630194 1.28266888461076 1.39637453760952 1.37131001916714 1.86010401509702 1.09710197616369 1.26970262057148 1.04982990818098 0.98739784094505 1.60562965949066 1.85107366577722 1.57670445204712 1.27036298834719 1.35901380283758 1.08695687772706 1.67911612172611 1.21728179091588 1.66587576223537 1.69121598429047 1.1667398896534 1.14465103973635 1.64484479068778 1.76006143097766 1.37755713169463 0 1.19451211183332 1.46197406901047 1.19019505265169 1.04273559083231
1.38233522721566 0.963640119414777 1.06425259402022 1.43505312642083 1.50040902686305 1.10498505784199 1.43941000243649 0.928189958678558 1.41678983462043 1.71405082335696 1.85146581102163 1.19938587909564 1.74024742562324 1.30324347224087 1.6170823359862 1.7780295656994 1.55836894898675 1.76937834499404 1.75189808919095 1.39890302019194 0.970033690100536 1.42492681019939 0.995019802358001 1.57220061565749 1.13546551275067 1.19451211183332 0 1.74927652953193 1.53116494626738 1.60832644067705
1.90396497468464 1.28088225843385 1.05070177512243 1.66518867947161 1.14383764914237 1.43069809372537 1.76991372276098 1.87343142135069 1.04662339226343 0.995932158548385 1.80459867999889 1.00921886693686 1.09048782405443 1.15687523945235 1.53204598394223 1.03567508864217 0.980866633821279 0.995597099186853 1.4487559387926 1.37369071459398 1.82949775853194 1.61576817999594 1.08858717698604 1.63878552708775 1.8911006108392 1.46197406901047 1.74927652953193 0 1.21701829577796 1.15289595583454
1.84590265061706 1.83026353106834 1.11363330064341 1.32547958265059 1.13096435833722 1.12111136736348 1.90662365593016 1.85863561625592 1.35936469538137 1.12818937376142 1.78902125009336 1.11135874548927 1.90892322757281 1.81775573152117 1.64387364592403 1.10012824973091 1.3730774030555 1.24831632710993 1.89631701819599 1.62204883876257 1.75209819665179 0.95497572585009 1.19140616501682 1.68729049921967 1.77820099052042 1.19019505265169 1.53116494626738 1.21701829577796 0 1.84038296691142
1.51872431323864 1.73627053527161 1.80125352810137 1.90341374767013 1.32751100696623 1.01241373992525 1.77501000836492 1.65683552599512 1.75693049188703 0.981572204269469 1.34497202537023 1.08794327010401 1.09024056349881 1.75752683659084 1.65554307773709 1.04988289461471 1.65198273444548 1.15800626063719 1.48604136449285 1.65091260103509 1.19308362831362 1.45372532028705 1.10294372984208 1.09420714341104 1.32694724272005 1.04273559083231 1.60832644067705 1.15289595583454 1.84038296691142 0
