0 1.22262575058267 1.05161385773681 1.81887861923315 1.89381461334415 1.46753574116156 1.05046965111978 1.06666707014665 1.73070527473465 1.24188263085671 0.937105402816087 1.73353636614047 1.38995370059274 1.33818823867477 1.12551324465312 1.69106875243597 1.38121440540999 1.03688872978091 0.999124384252355 1.17884675762616 1.48770664259791 1.52259936276823 1.39016532571986 1.89346955623478 1.40516361244954 1.60800779424608 1.19920026487671 1.22852931264788 1.04999547288753 1.18464277102612
1.22262575058267 0 1.65225445549004 1.37894178065471 1.64784240582958 1.67774012871087 1.20874956063926 1.33669960475527 1.47389560984448 1.35280807921663 1.30807758052833 1.66407195013016 1.30404189438559 1.3571759078186 1.44197470531799 1.87075725686736 1.35026560700499 1.59052862669341 0.99492367496714 1.16357403458096 0.929030376719311 1.24235108494759 1.20791151048616 1.31857229745947 1.38253800780512 1.26667555305175 1.75938526098616 1.37334851711057 0.98665871261619 0.980189407477155
1.05161385773681 1.65225445549004 0 1.62519531720318 1.16359916212969 1.03588655940257 1.13974579353817 1.73125460231677 1.49742075940594 1.38548855762929 1.08861813717522 1.5603746373672 1.69517075852491 1.13822307134978 1.50053726602346 1.6456173916813 1.46521069784649 1.38565207039937 1.43925845064223 1.31568543449976 1.8428664621897 1.91216512746178 0.992127856472507 0.997899561654776 1.89523415500298 1.67205104557797 1.06899161706679 1.84019312891178 0.99919214239344 1.80331102362834
1.81887861923315 1.37894178065471 1.62519531720318 0 1.81518208724447 0.970527351135388 1.05048485426232 1.81812738138251 1.92248236457817 1.87703208625317 1.6531978782732 1.86071359645575 1.8501218969468 1.05079921195284 1.8454871813301 1.11985979764722 1.5549457250163 1.33372244681232 1.00207055849023 1.80720178969204 1.3557197698392 1.89780706213787 1.02630367083475 1.10780877014622 1.78283873596229 1.76881926669739 1.91541193332523 1.60251882206649 1.7798390313983 1.66934215417132
1.89381461334415 1.64784240582958 1.16359916212969 1.81518208724447 0 1.64526324393228 1.39144787774421 1.05286821746267 1.69748363737017 0.956755686085671 0.956709210528061 1.32713696174324 1.88590971613303 1.76253966265358 1.80167968384922 1.09680485026911 1.46251836232841 1.4348819097504 1.57001404534094 1.76075572357513 1.04131101444364 1.03055446292274 1.67070394591428 1.76745806424879 1.12763316743076 1.3514672848396 1.88803693070076 1.27349789836444 0.981440534815192 1.31906049791723
1.46753574116156 1.67774012871087 1.03588655940257 0.970527351135388 1.64526324393228 0 1.4386764545925 1.91016817721538 1.4903233195655 1.26298561319709 1.53327885828912 1.43865002621897 1.26992275076918 0.966299635125324 1.44987698830664 1.26294323569164 1.13254042482004 1.1033266724553 1.71352514182217 1.7665900378488 1.31040477356873 1.79581900988705 1.12209330592304 1.69393641804345 1.34364789631218 1.16875656368211 1.29420307348482 1.79810630413704 1.59984303521924 1.71391443256289
1.05046965111978 1.20874956063926 1.13974579353817 1.05048485426232 1.39144787774421 1.4386764545925 0 1.33999061957002 1.77038839203306 1.65857311780564 0.967327610356733 1.67657647957094 1.26371788489632 1.90329619497061 1.59021648135968 1.04884467157535 1.69329889002256 1.2811487831641 1.63164204731584 1.40297078317963 1.78872744482942 1.70716761052608 1.11713600088842 1.12580146943219 1.46174046094529 1.53975945548154 1.6253521933686 1.29302661027759 1.54078977880999 1.14060001960024
1.06666707014665 1.33669960475527 1.73125460231677 1.81812738138251 1.05286821746267 1.91016817721538 1.33999061957002 0 1.18273084727116 1.10644673067145 1.7597815557383 1.91009869566187 1.84524072054774 1.1752112803515 1.18847016058862 1.17077950597741 1.6720282130409 1.81149219744839 1.10081085702404 1.85574656934477 1.30971919791773 1.34781178063713 1.87708426360041 1.18424740247428 1.35209531686269 1.34588610567153 1.2200063331984 1.18797242036089 1.77678485168144 0.978655020473525
1.73070527473465 1.47389560984448 1.49742075940594 1.92248236457817 1.69748363737017 1.4903233195655 1.77038839203306 1.18273084727116 0 1.77580819255672 1.62431402131915 1.37817110656761 1.5879192405846 1.84997136704624 1.53824228281155 1.60134164313786 1.63253062078729 1.4852739861235 1.90107486932538 1.84756647562608 1.35139194945805 1.54836647654884 1.04216145654209 1.49480137880892 1.25645305705257 1.46777866757475 1.82850175374188 1.35624035284854 1.31485945452005 1.69393499102443
1.24188263085671 1.35280807921663 1.38548855762929 1.87703208625317 0.956755686085671 1.26298561319709 1.65857311780564 1.10644673067145 1.77580819255672 0 1.88867793348618 1.46271250257269 1.56201549759135 1.46946839708835 1.57219867082313 1.04456758289598 1.41835123463534 1.00938996882178 1.09647310641594 1.68834814173169 1.46866409154609 1.24774536839686 1.12194451829419 1.11885260907002 1.22839682176709 1.7447664567735 1.61804268835112 1.05952842812985 1.76698732399382 1.80406820238568
0.937105402816087 1.30807758052833 1.08861813717522 1.6531978782732 0.956709210528061 1.53327885828912 0.967327610356733 1.7597815557383 1.62431402131915 1.88867793348618 0 1.58209858089685 1.381859872723 1.37133832043037 0.938566768541932 1.46477443329059 1.8239157977514 1.03456005547196 1.15634828153998 1.37902033980936 1.63615326420404 1.27848480176181 1.77332107746042 0.973353972192854 1.91948901722208 1.36030753422529 1.17472874256782 0.950539434328675 1.85185487940907 1.54495653673075
1.73353636614047 1.66407195013016 1.5603746373672 1.86071359645575 1.32713696174324 1.43865002621897 1.67657647957094 1.91009869566187 1.37817110656761 1.46271250257269 1.58209858089685 0 1.60248894058168 1.87489605788141 1.10371271474287 1.09057830739766 1.6173242512159 1.06846747454256 1.04720268188976 1.77909108414315 1.37162870028988 1.34507246920839 1.42274453584105 0.954314200673252 1.2265649472829 1.38085345714353 1.16845102747902 1.42710124468431 1.03604371426627 1.71671072416939
1.38995370059274 1.30404189438559 1.69517075852491 1.8501218969468 1.88590971613303 1.26992275076918 1.26371788489632 1.84524072054774 1.5879192405846 1.56201549759135 1.381859872723 1.60248894058168 0 1.70292328088544 1.79649353306741 1.21078795730136 1.21608495223336 1.86787471617572 1.67090266128071 1.65013111475855 1.8141174830962 0.934139240067452 1.41144020180218 1.86211278662086 1.82969260006212 1.67376497061923 1.25739549123682 1.27552223182283 1.88372926367447 1.80895713157952
1.33818823867477 1.3571759078186 1.13822307134978 1.05079921195284 1.76253966265358 0.966299635125324 1.90329619497061 1.1752112803515 1.84997136704624 1.46946839708835 1.37133832043037 1.87489605788141 1.70292328088544 0 1.00781012116931 1.31667591747828 1.74711142829619 1.05143728200346 1.00512076658197 1.58325388259254 1.36834336584434 0.981140578631312 0.928339842008427 1.63252198998816 1.62264856277034 1.31787013635039 1.06929337489419 1.88859496871009 1.42127960501239 1.34994045132771
1.12551324465312 1.44197470531799 1.50053726602346 1.8454871813301 1.80167968384922 1.44987698830664 1.59021648135968 1.18847016058862 1.53824228281155 1.57219867082313 0.938566768541932 1.10371271474287 1.79649353306741 1.00781012116931 0 0.942463426152244 1.1369215415325 1.91560975648463 1.56941015948541 1.09782460285351 1.87946348125115 1.88895369181409 1.92069626762532 1.81525357067585 1.85680558555759 1.25276447110809 1.85047800187021 1.80893401475623 1.43735746387392 1.66553293494508
1.69106875243597 1.87075725686736 1.6456173916813 1.11985979764722 1.09680485026911 1.26294323569164 1.04884467157535 1.17077950597741 1.60134164313786 1.04456758289598 1.46477443329059 1.09057830739766 1.21078795730136 1.31667591747828 0.942463426152244 0 1.63579837349243 1.15623523667455 1.09369218233041 1.41883242013864 1.05054170102812 1.16257812455297 1.12450844305567 0.982270484790206 1.65135630406439 1.65679037524387 1.22354139504023 1.15434230049141 1.66140839736909 1.21674250415526
1.38121440540999 1.35026560700499 1.46521069784649 1.5549457250163 1.46251836232841 1.13254042482004 1.69329889002256 1.6720282130409 1.63253062078729 1.41835123463534 1.8239157977514 1.6173242512159 1.21608495223336 1.74711142829619 1.1369215415325 1.63579837349243 0 1.25674807606265 1.48160791490227 1.79458402772434 1.61210160306655 1.34398870263249 1.61352671287023 1.89386628987268 1.48174128867686 1.8317358084023 1.74966254434548 1.38782204198651 1.12435611034743 1.35620293719694
1.03688872978091 1.59052862669341 1.38565207039937 1.33372244681232 1.4348819097504 1.1033266724553 1.2811487831641 1.81149219744839 1.4852739861235 1.00938996882178 1.03456005547196 1.06846747454256 1.86787471617572 1.05143728200346 1.91560975648463 1.15623523667455 1.25674807606265 0 1.52656841068529 1.6437950138934 1.42597180046141 1.71972201555036 1.12232432188466 1.57652848400176 1.14837524713948 1.52293175878003 1.5168015928939 1.56579780438915 1.77851274888963 1.04015315743163
0.999124384252355 0.99492367496714 1.43925845064223 1.00207055849023 1.57001404534094 1.71352514182217 1.63164204731584 1.10081085702404 1.90107486932538 1.09647310641594 1.15634828153998 1.04720268188976 1.67090266128071 1.00512076658197 1.56941015948541 1.09369218233041 1.48160791490227 1.52656841068529 0 1.27471976005472 1.52186550851911 1.74167722719721 1.3327761455439 0.965418418869376 1.89029073249549 1.66701058577746 1.0660622487776 1.40016386518255 1.38742078281939 1.40881641162559
1.17884675762616 1.16357403458096 1.31568543449976 1.80720178969204 1.76075572357513 1.7665900378488 1.40297078317963 1.85574656934477 1.84756647562608 1.68834814173169 1.37902033980936 1.77909108414315 1.65013111475855 1.58325388259254 1.09782460285351 1.41883242013864 1.79458402772434 1.6437950138934 1.27471976005472 0 1.53135236469097 1.27477434067987 1.86122926999815 1.03697669971734 1.31450375239365 1.72910744929686 1.765637725126 1.19431924633682 1.66993631701916 0.931952892104164
1.48770664259791 0.929030376719311 1.8428664621897 1.3557197698392 1.04131101444364 1.31040477356873 1.78872744482942 1.30971919791773 1.35139194945805 1.46866409154609 1.63615326420404 1.37162870028988 1.8141174830962 1.36834336584434 1.87946348125115 1.05054170102812 1.61210160306655 1.42597180046141 1.52186550851911 1.53135236469097 0 1.85283247893676 1.73350992426276 1.15952132944949 1.52927302918397 1.28673903131858 1.74360630312003 1.39441995834932 0.995308905374259 1.79684551479295
1.52259936276823 1.24235108494759 1.91216512746178 1.89780706213787 1.03055446292274 1.79581900988705 1.70716761052608 1.34781178063713 1.54836647654884 1.24774536839686 1.27848480176181 1.34507246920839 0.934139240067452 0.981140578631312 1.88895369181409 1.16257812455297 1.34398870263249 1.71972201555036 1.74167722719721 1.27477434067987 1.85283247893676 0 1.43097445182502 0.957122953142971 1.25620205118321 0.990456165978685 1.15141727519222 1.42938688397408 1.59972475888208 1.52290988806635
1.39016532571986 1.20791151048616 0.992127856472507 1.02630367083475 1.67070394591428 1.12209330592304 1.11713600088842 1.87708426360041 1.04216145654209 1.12194451829419 1.77332107746042 1.42274453584105 1.41144020180218 0.928339842008427 1.92069626762532 1.12450844305567 1.61352671287023 1.12232432188466 1.3327761455439 1.86122926999815 1.73350992426276 1.43097445182502 0 1.79411966400221 0.960776059888303 1.28337496705353 1.85986250406131 1.14609302929603 1.68077485309914 1.8610531676095
1.89346955623478 1.31857229745947 0.997899561654776 1.10780877014622 1.76745806424879 1.69393641804345 1.12580146943219 1.18424740247428 1.49480137880892 1.11885260907002 0.973353972192854 0.954314200673252 1.86211278662086 1.63252198998816 1.81525357067585 0.982270484790206 1.89386628987268 1.57652848400176 0.965418418869376 1.03697669971734 1.15952132944949 0.957122953142971 1.79411966400221 0 1.17368206707761 1.7096221614629 1.7873147286009 1.4981543966569 1.18946415605024 1.62054183450527
1.40516361244954 1.38253800780512 1.89523415500298 1.78283873596229 1.12763316743076 1.34364789631218 1.46174046094529 1.35209531686269 1.25645305705257 1.22839682176709 1.91948901722208 1.2265649472829 1.82969260006212 1.62264856277034 1.85680558555759 1.65135630406439 1.48174128867686 1.14837524713948 1.89029073249549 1.31450375239365 1.52927302918397 1.25620205118321 0.960776059888303 1.17368206707761 0 1.84157978929579 1.1338991636876 1.07029449683614 1.51482124999166 1.53471917333081
1.60800779424608 1.26667555305175 1.67205104557797 1.76881926669739 1.3514672848396 1.16875656368211 1.53975945548154 1.34588610567153 1.46777866757475 1.7447664567735 1.36030753422529 1.38085345714353 1.67376497061923 1.31787013635039 1.25276447110809 1.65679037524387 1.8317358084023 1.52293175878003 1.66701058577746 1.72910744929686 1.28673903131858 0.990456165978685 1.28337496705353 1.7096221614629 1.84157978929579 0 1.49851691885851 1.23507245630026 1.41106644528918 1.07859564037062
1.19920026487671 1.75938526098616 1.06899161706679 1.91541193332523 1.88803693070076 1.29420307348482 1.6253521933686 1.2200063331984 1.82850175374188 1.61804268835112 1.17472874256782 1.16845102747902 1.25739549123682 1.06929337489419 1.85047800187021 1.22354139504023 1.74966254434548 1.5168015928939 1.0660622487776 1.765637725126 1.74360630312003 1.15141727519222 1.85986250406131 1.7873147286009 1.1338991636876 1.49851691885851 0 1.71173675032333 1.18453293456696 1.67299548629671
1.22852931264788 1.37334851711057 1.84019312891178 1.60251882206649 1.27349789836444 1.79810630413704 1.29302661027759 1.18797242036089 1.35624035284854 1.05952842812985 0.950539434328675 1.42710124468431 1.27552223182283 1.88859496871009 1.80893401475623 1.15434230049141 1.38782204198651 1.56579780438915 1.40016386518255 1.19431924633682 1.39441995834932 1.42938688397408 1.14609302929603 1.4981543966569 1.07029449683614 1.23507245630026 1.71173675032333 0 1.39328370569274 1.24524041125551
1.04999547288753 0.98665871261619 0.99919214239344 1.7798390313983 0.981440534815192 1.59984303521924 1.54078977880999 1.77678485168144 1.31485945452005 1.76698732399382 1.85185487940907 1.03604371426627 1.88372926367447 1.42127960501239 1.43735746387392 1.66140839736909 1.12435611034743 1.77851274888963 1.38742078281939 1.66993631701916 0.995308905374259 1.59972475888208 1.68077485309914 1.18946415605024 1.51482124999166 1.41106644528918 1.18453293456696 1.39328370569274 0 0.996909058187157
1.18464277102612 0.980189407477155 1.80331102362834 1.66934215417132 1.31906049791723 1.71391443256289 1.14060001960024 0.978655020473525 1.69393499102443 1.80406820238568 1.54495653673075 1.71671072416939 1.80895713157952 1.34994045132771 1.66553293494508 1.21674250415526 1.35620293719694 1.04015315743163 1.40881641162559 0.931952892104164 1.79684551479295 1.52290988806635 1.8610531676095 1.62054183450527 1.53471917333081 1.07859564037062 1.67299548629671 1.24524041125551 0.996909058187157 0
