0 1.34906958811916 1.8627501137089 1.0914893145673 1.10995789733715 1.40714629902504 1.85595506196842 1.16668005660176 1.58750733290799 1.72309365705587 1.39270746381953 0.961453964700922 0.940480605233461 1.17656095908023 1.54636310040951 1.84361693705432 1.00245349039324 1.24649384734221 1.39757216325961 0.993506640195847 1.37092632963322 1.52299769339152 1.24404531926848 1.23791566910222 1.0037761409767 1.88036706857383 1.46686909487471 1.34724284498952 1.30425389832817 1.80907794181257
1.34906958811916 0 1.13772667921148 1.18211625516415 1.64659413765185 1.81852243584581 1.43508683238178 1.12585981469601 1.19404552876949 1.24263566615991 1.31786153581925 1.37730741663836 0.920338676311076 1.85946349962614 1.15335577051155 1.76460333704017 1.07667057868093 1.30176162021235 1.61010575061664 1.2220505499281 1.24274124740623 1.2924036080949 1.71244588610716 1.62667670869268 1.2270229770802 1.23019188083708 1.67699702992104 0.986992491176352 1.18839628249407 1.90858846507035
1.8627501137089 1.13772667921148 0 1.08333681244403 1.84249516925775 0.977405710611492 1.26862556161359 1.35005117440596 1.00374460103922 1.40870996215381 1.20153052848764 1.55625157966278 1.62316461559385 1.23747176560573 1.76453323103487 1.39819373609498 1.25415584701113 1.21688763611019 1.61389642884023 1.45238223182969 1.2992306437809 1.89751870301552 1.03885074472055 1.67420832393691 1.71007800963707 1.15939676831476 1.44622721266933 1.5588270178996 1.51468650694005 1.88081650761887
1.0914893145673 1.18211625516415 1.08333681244403 0 1.83569552307017 1.39325100579299 1.7582086736802 1.178923367057 1.03467572596855 1.45708472537808 1.63217413867824 1.52933324384503 1.00818516663276 1.63689606706612 1.65736860292964 1.87267404841259 1.43335904623382 1.08256812347099 1.78947531385347 1.05059754149988 1.73720560129732 0.973806427093223 1.53949690167792 1.02699551847763 0.980958157917485 1.00142782879993 1.613807389047 1.77254011854529 1.09325827425346 1.71225916268304
1.10995789733715 1.64659413765185 1.84249516925775 1.83569552307017 0 0.969677929067984 1.50776632828638 1.65074639371596 1.83058732026257 1.62589685292915 1.58395394030958 1.79511080263183 1.85675704758614 1.18667537695728 1.36058179219253 1.86466101906262 1.56245195074007 1.15663468278944 1.8889825665392 1.65767669328488 1.08660965762101 1.17619244544767 1.17101483908482 1.37350332457572 1.60831431485713 1.83676124131307 0.979503775015473 1.31841371930204 1.29342501075007 1.01068219053559
1.40714629902504 1.81852243584581 0.977405710611492 1.39325100579299 0.969677929067984 0 1.48109496780671 0.94940830511041 1.81629102258012 1.70407636323944 1.80668306280859 1.24656461807899 1.30211276141927 1.51448031305335 1.60194854624569 1.43852752516977 1.57441407348961 1.33868777635507 1.43439153395593 1.87041518185288 1.64968813257292 0.920112992404029 1.83874911628664 1.19090769765899 1.83220617752522 1.44863425916992 1.91278554243036 1.19669875432737 1.8487668603193 1.87182415043935
1.85595506196842 1.43508683238178 1.26862556161359 1.7582086736802 1.50776632828638 1.48109496780671 0 1.0403801437933 1.24961469857953 1.35875142854638 1.36359390546568 1.51709683286026 1.5467307518702 1.44646113249473 1.82399897114374 1.25895388959907 1.0524928367231 1.74144063447602 1.42497218213975 1.71687695663422 1.59435063856654 1.04938575159758 1.11007661442272 1.71959783323109 1.39160442911088 1.49140314571559 1.79771262151189 0.975517759099603 1.34800803638063 1.50760763161816
1.16668005660176 1.12585981469601 1.35005117440596 1.178923367057 1.65074639371596 0.94940830511041 1.0403801437933 0 1.56527421274222 1.18041144777089 1.76856283308007 1.15403114468791 1.48441381566226 1.646442622412 1.53739980771206 1.38172448938712 0.975683646509424 1.26382563239895 1.28298311284743 1.37903896486387 0.993828067090362 0.984398418804631 1.58151947963051 1.20601113908924 1.50828011310659 1.17566558974795 1.5653959591873 1.62584623764269 1.23377429088578 1.79582281876355
1.58750733290799 1.19404552876949 1.00374460103922 1.03467572596855 1.83058732026257 1.81629102258012 1.24961469857953 1.56527421274222 0 1.84679729724303 1.2508217911236 1.04457504674792 1.08837244752795 1.08159011090174 1.79528132290579 1.09186641289853 1.87045263103209 1.33612211490981 1.7313227688428 1.13337368518114 0.945537566905841 1.4025481720455 1.89748935308307 1.69111799239181 1.60790472454391 1.06024629878812 1.19115980667993 1.56367463828065 1.41572397341952 1.5172581600491
1.72309365705587 1.24263566615991 1.40870996215381 1.45708472537808 1.62589685292915 1.70407636323944 1.35875142854638 1.18041144777089 1.84679729724303 0 1.23430221923627 1.81490430282429 1.27166267414577 1.523061882006 1.04027961799875 1.03299604984932 1.31356406118721 0.978427079040557 1.76061484543607 1.85475693247281 1.36393634532578 1.89942445210181 1.82756397686899 1.25306163774803 1.22699140990153 1.17460010061041 1.82936470187269 1.02760256174952 1.19219021894969 1.02142324671149
1.39270746381953 1.31786153581925 1.20153052848764 1.63217413867824 1.58395394030958 1.80668306280859 1.36359390546568 1.76856283308007 1.2508217911236 1.23430221923627 0 1.00985474069603 1.81526059005409 0.986431904835626 1.00661354931071 1.16644414141774 1.73142247390933 1.13199308188632 1.31779175484553 1.63121866225265 1.21883638412692 1.2068049153313 1.89439461682923 1.23899779655039 1.40619375556707 1.05729117197916 1.08225760515779 1.2946064574644 1.1145790705923 1.33166873455048
0.961453964700922 1.37730741663836 1.55625157966278 1.52933324384503 1.79511080263183 1.24656461807899 1.51709683286026 1.15403114468791 1.04457504674792 1.81490430282429 1.00985474069603 0 1.38164871931076 1.67955631087534 1.47960859443992 1.187430690974 1.51042016036808 1.6509689593222 1.18121078005061 1.09887968795374 1.4008396633435 1.19610890978947 1.17923147976398 0.984255315270275 1.1905776381027 1.13629845413379 0.986229888396338 1.34876855718903 1.12359129893593 1.41633883980103
0.940480605233461 0.920338676311076 1.62316461559385 1.00818516663276 1.85675704758614 1.30211276141927 1.5467307518702 1.48441381566226 1.08837244752795 1.27166267414577 1.81526059005409 1.38164871931076 0 1.81268114899285 1.78999679978006 1.73790181870572 1.2014011584688 1.73941149702296 1.60574528132565 1.05869512935169 1.43341040820815 1.20907860179432 1.91203286335804 1.63108816090971 1.5818253995385 1.27407875889912 1.47728920355439 1.6475404179655 1.10206218855456 1.50897361477837
1.17656095908023 1.85946349962614 1.23747176560573 1.63689606706612 1.18667537695728 1.51448031305335 1.44646113249473 1.646442622412 1.08159011090174 1.523061882006 0.986431904835626 1.67955631087534 1.81268114899285 0 1.00159673672169 1.58735933969729 1.78317606914788 1.76666694157757 1.14211509469897 1.65056386846118 1.83825219329447 1.81567246443592 1.18651978881098 1.64325111382641 0.946944139432162 1.72732934332453 1.29568624589592 1.35634633805603 1.68281065649353 1.4429115341045
1.54636310040951 1.15335577051155 1.76453323103487 1.65736860292964 1.36058179219253 1.60194854624569 1.82399897114374 1.53739980771206 1.79528132290579 1.04027961799875 1.00661354931071 1.47960859443992 1.78999679978006 1.00159673672169 0 1.46786577999592 1.27715477207676 1.84047670592554 1.28389146667905 1.47548505384475 1.15563574200496 1.13255270780064 1.70314576500095 1.00448084808886 1.65163829969242 0.951113283867016 1.79164304258302 1.88111555669457 0.972557717235759 1.3429312184453
1.84361693705432 1.76460333704017 1.39819373609498 1.87267404841259 1.86466101906262 1.43852752516977 1.25895388959907 1.38172448938712 1.09186641289853 1.03299604984932 1.16644414141774 1.187430690974 1.73790181870572 1.58735933969729 1.46786577999592 0 1.56289831968024 1.34304027236067 0.99104825174436 1.60437419638038 1.29264753963798 1.21257972787134 1.31185371195897 1.76748262438923 1.09688692074269 1.40496270498261 0.980317996116355 1.44144050520845 1.49743396462873 1.03478618408553
1.00245349039324 1.07667057868093 1.25415584701113 1.43335904623382 1.56245195074007 1.57441407348961 1.0524928367231 0.975683646509424 1.87045263103209 1.31356406118721 1.73142247390933 1.51042016036808 1.2014011584688 1.78317606914788 1.27715477207676 1.56289831968024 0 1.75098692043684 1.28290162794292 1.3579103203956 1.52055730833672 1.23269388824701 1.1883736255113 1.34540173131973 1.14438698883168 1.36103718983941 1.40263144136406 1.01189385214821 1.62744849734008 1.68548946361989
1.24649384734221 1.30176162021235 1.21688763611019 1.08256812347099 1.15663468278944 1.33868777635507 1.74144063447602 1.26382563239895 1.33612211490981 0.978427079040557 1.13199308188632 1.6509689593222 1.73941149702296 1.76666694157757 1.84047670592554 1.34304027236067 1.75098692043684 0 1.66558685014024 1.80139650893398 1.06898884661496 1.48035391722806 1.44536003028043 1.78672291105613 1.88327539875172 1.8735775523819 0.995485787512735 1.67009359179065 0.955123816616833 1.63650922873057
1.39757216325961 1.61010575061664 1.61389642884023 1.78947531385347 1.8889825665392 1.43439153395593 1.42497218213975 1.28298311284743 1.7313227688428 1.76061484543607 1.31779175484553 1.18121078005061 1.60574528132565 1.14211509469897 1.28389146667905 0.99104825174436 1.28290162794292 1.66558685014024 0 1.53949400153942 1.25684306188487 1.23853570618667 1.71397485490888 1.02656822837889 1.89933830755763 1.38981936569326 1.60830031661317 1.03617761074565 1.27622593706474 1.07442167238332
0.993506640195847 1.2220505499281 1.45238223182969 1.05059754149988 1.65767669328488 1.87041518185288 1.71687695663422 1.37903896486387 1.13337368518114 1.85475693247281 1.63121866225265 1.09887968795374 1.05869512935169 1.65056386846118 1.47548505384475 1.60437419638038 1.3579103203956 1.80139650893398 1.53949400153942 0 1.59539124462754 1.29172513866797 0.942787388106808 1.41539762704633 1.13784359558485 1.17812403663993 1.30454315757379 1.42078638006933 1.3860666193068 1.35392449074425
1.37092632963322 1.24274124740623 1.2992306437809 1.73720560129732 1.08660965762101 1.64968813257292 1.59435063856654 0.993828067090362 0.945537566905841 1.36393634532578 1.21883638412692 1.4008396633435 1.43341040820815 1.83825219329447 1.15563574200496 1.29264753963798 1.52055730833672 1.06898884661496 1.25684306188487 1.59539124462754 0 1.11417301883921 1.13701316551305 1.50685985735618 1.81622731708921 1.47501917695627 1.79645127314143 1.2952122669667 1.49005110422149 0.961624610936269
1.52299769339152 1.2924036080949 1.89751870301552 0.973806427093223 1.17619244544767 0.920112992404029 1.04938575159758 0.984398418804631 1.4025481720455 1.89942445210181 1.2068049153313 1.19610890978947 1.20907860179432 1.81567246443592 1.13255270780064 1.21257972787134 1.23269388824701 1.48035391722806 1.23853570618667 1.29172513866797 1.11417301883921 0 1.09476762847044 1.53281924524345 1.06199640431441 1.46138146962039 1.90826363558881 0.966606309404597 1.50066130678169 1.28771284688264
1.24404531926848 1.71244588610716 1.03885074472055 1.53949690167792 1.17101483908482 1.83874911628664 1.11007661442272 1.58151947963051 1.89748935308307 1.82756397686899 1.89439461682923 1.17923147976398 1.91203286335804 1.18651978881098 1.70314576500095 1.31185371195897 1.1883736255113 1.44536003028043 1.71397485490888 0.942787388106808 1.13701316551305 1.09476762847044 0 1.01899108011276 1.19378455844708 1.41429368383251 1.78743890742771 1.63664477830753 1.05074113700539 1.65488986903802
1.23791566910222 1.62667670869268 1.67420832393691 1.02699551847763 1.37350332457572 1.19090769765899 1.71959783323109 1.20601113908924 1.69111799239181 1.25306163774803 1.23899779655039 0.984255315270275 1.63108816090971 1.64325111382641 1.00448084808886 1.76748262438923 1.34540173131973 1.78672291105613 1.02656822837889 1.41539762704633 1.50685985735618 1.53281924524345 1.01899108011276 0 1.27478861040436 1.02066562348045 1.36220608185977 1.88572873105295 1.876653164858 1.21654045651667
1.0037761409767 1.2270229770802 1.71007800963707 0.980958157917485 1.60831431485713 1.83220617752522 1.39160442911088 1.50828011310659 1.60790472454391 1.22699140990153 1.40619375556707 1.1905776381027 1.5818253995385 0.946944139432162 1.65163829969242 1.09688692074269 1.14438698883168 1.88327539875172 1.89933830755763 1.13784359558485 1.81622731708921 1.06199640431441 1.19378455844708 1.27478861040436 0 1.73641085671261 1.80385795119219 1.5360643111635 1.73938215244561 1.84953972627409
1.88036706857383 1.23019188083708 1.15939676831476 1.00142782879993 1.83676124131307 1.44863425916992 1.49140314571559 1.17566558974795 1.06024629878812 1.17460010061041 1.05729117197916 1.13629845413379 1.27407875889912 1.72732934332453 0.951113283867016 1.40496270498261 1.36103718983941 1.8735775523819 1.38981936569326 1.17812403663993 1.47501917695627 1.46138146962039 1.41429368383251 1.02066562348045 1.73641085671261 0 1.56695309840143 1.2553222917486 0.976689187809825 1.2502668085508
1.46686909487471 1.67699702992104 1.44622721266933 1.613807389047 0.979503775015473 1.91278554243036 1.79771262151189 1.5653959591873 1.19115980667993 1.82936470187269 1.08225760515779 0.986229888396338 1.47728920355439 1.29568624589592 1.79164304258302 0.980317996116355 1.40263144136406 0.995485787512735 1.60830031661317 1.30454315757379 1.79645127314143 1.90826363558881 1.78743890742771 1.36220608185977 1.80385795119219 1.56695309840143 0 0.966370999347419 1.41141065233387 0.921627004398033
1.34724284498952 0.986992491176352 1.5588270178996 1.77254011854529 1.31841371930204 1.19669875432737 0.975517759099603 1.62584623764269 1.56367463828065 1.02760256174952 1.2946064574644 1.34876855718903 1.6475404179655 1.35634633805603 1.88111555669457 1.44144050520845 1.01189385214821 1.67009359179065 1.03617761074565 1.42078638006933 1.2952122669667 0.966606309404597 1.63664477830753 1.88572873105295 1.5360643111635 1.2553222917486 0.966370999347419 0 1.15369192394428 0.952485746704042
1.30425389832817 1.18839628249407 1.51468650694005 1.09325827425346 1.29342501075007 1.8487668603193 1.34800803638063 1.23377429088578 1.41572397341952 1.19219021894969 1.1145790705923 1.12359129893593 1.10206218855456 1.68281065649353 0.972557717235759 1.49743396462873 1.62744849734008 0.955123816616833 1.27622593706474 1.3860666193068 1.49005110422149 1.50066130678169 1.05074113700539 1.876653164858 1.73938215244561 0.976689187809825 1.41141065233387 1.15369192394428 0 1.76119065540843
1.80907794181257 1.90858846507035 1.88081650761887 1.71225916268304 1.01068219053559 1.87182415043935 1.50760763161816 1.79582281876355 1.5172581600491 1.02142324671149 1.33166873455048 1.41633883980103 1.50897361477837 1.4429115341045 1.3429312184453 1.03478618408553 1.68548946361989 1.63650922873057 1.07442167238332 1.35392449074425 0.961624610936269 1.28771284688264 1.65488986903802 1.21654045651667 1.84953972627409 1.2502668085508 0.921627004398033 0.952485746704042 1.76119065540843 0
