0 1.09506665659137 1.01515260757878 1.24507670267485 1.23173217196018 1.10079575516284 1.2194094453007 1.3484836674761 1.85445957328193 1.67609347985126 1.65357331302948 1.099869457772 1.02105867653154 1.57441189698875 1.04247271036729 1.77803684445098 1.34801399428397 1.62137818592601 1.12226583971642 1.31040746718645 1.91585365496576 1.53466620412655 1.74278025934473 1.45480796648189 1.57226335373707 1.17190524330363 1.58061303081922 1.35618185903877 1.16500736190937 1.08116738381796
1.09506665659137 0 1.42104829428717 1.03262069867924 1.7942127508577 1.69423729158007 1.90012190886773 1.53971172240563 1.00033538555726 1.04140383237973 1.95097016100772 1.62726331339218 1.20040210848674 1.27944393921643 0.987912390381098 1.558168257121 1.46123015205376 1.58599551743828 1.31255300226621 1.78532332926989 1.74106687004678 1.86826840369031 1.46189454756677 1.04114495939575 1.27806507865898 1.8910917667672 1.75752072012983 1.49611109355465 1.12813146691769 1.34491754043847
1.01515260757878 1.42104829428717 0 1.90062715485692 1.68023262568749 1.5619976199232 1.66669812472537 1.5028734584339 1.07288524927571 1.69044763012789 1.13144226931036 1.10785422869958 1.44018592708744 1.08090571500361 1.70788334077224 1.11422377079725 1.58017086726613 1.74783299933188 1.07707148534246 1.27394480141811 1.73401118768379 1.23102134675719 0.959903850918636 1.6395651018247 1.08074750914238 1.17293023946695 1.12709831749089 1.64443154842593 1.44561100401916 1.4429749888368
1.24507670267485 1.03262069867924 1.90062715485692 0 1.47296050610021 1.10529331420548 1.93052556016482 1.27932557766326 1.27767997747287 1.81237067608163 1.49946459033526 1.46517714206129 1.45227429131046 1.23645831318572 1.02695355261676 1.24014682183042 1.18489851756021 1.2831380427815 1.45190298720263 1.5271456844639 0.999896798981354 1.21569067658857 1.29766310332343 1.82266070041806 1.61018678639084 1.64013719861396 1.91580202849582 1.68476392934099 1.70493577886373 1.67060343385674
1.23173217196018 1.7942127508577 1.68023262568749 1.47296050610021 0 1.95092385588214 1.93810820579529 1.05668551521376 1.82150650443509 1.46891153929755 1.07100122235715 1.24609612300992 1.74230112414807 1.54828379536048 1.58323539560661 1.67709297500551 1.64802580024116 1.13126741000451 1.59630068205297 1.37267088098451 1.35741602419876 1.08796978136525 1.68236618791707 1.4873314530123 1.32180181355216 1.649150185287 1.45160697051324 1.39344722824171 1.78472149372101 1.46642655855976
1.10079575516284 1.69423729158007 1.5619976199232 1.10529331420548 1.95092385588214 0 1.91302623739466 1.01664956775494 1.09766339557245 1.60228117206134 1.42406653449871 1.28529378701933 1.72382393106818 1.00842020637356 1.48832340259105 1.2645236775279 1.78445735271089 1.55160894431174 1.83459191699512 1.07552845729515 1.26140426308848 1.76631694193929 1.3869968126528 1.90807379642501 1.65289840917103 1.66714172530919 1.46464984980412 1.1097760903649 1.12040383229032 1.66930778580718
1.2194094453007 1.90012190886773 1.66669812472537 1.93052556016482 1.93810820579529 1.91302623739466 0 1.84359998302534 1.94186335988343 1.22097949287854 1.11581090441905 1.24177589919418 1.04205105407164 1.5187336250674 1.44737007003278 1.28434693510644 0.962716724723577 1.35190141224302 1.83098299754784 1.60223380965181 1.17730045202188 1.44227981893346 1.93662185035646 1.62528765480965 1.44011620176025 1.30661081033759 1.26871902681887 1.90642511239275 1.56921462365426 1.54897559108213
1.3484836674761 1.53971172240563 1.5028734584339 1.27932557766326 1.05668551521376 1.01664956775494 1.84359998302534 0 1.66714796470478 1.26148341409862 1.39033105387352 1.73798857792281 1.87090577417985 1.94123978749849 1.54204324795865 1.14736498752609 1.36734991543926 1.45774869434536 1.2678177007474 1.8648051051423 1.60971709433943 1.42035632114857 1.5949990041554 1.29361151624471 1.74573865532875 1.28724330477417 1.57640924095176 1.88241300964728 1.01289040059783 1.51887109456584
1.85445957328193 1.00033538555726 1.07288524927571 1.27767997747287 1.82150650443509 1.09766339557245 1.94186335988343 1.66714796470478 0 1.65875746076927 1.28142526629381 1.50433561345562 1.15338649763726 1.22830058564432 1.33376648905687 1.14235376310535 1.94083921774291 1.87969124037772 1.23021088750102 1.5327431531623 1.45167805347592 1.00726172979921 1.48669290682301 1.81733166938648 0.974707444896922 1.92068149824627 1.35059607331641 0.99458050634712 1.25330231338739 1.86649393150583
1.67609347985126 1.04140383237973 1.69044763012789 1.81237067608163 1.46891153929755 1.60228117206134 1.22097949287854 1.26148341409862 1.65875746076927 0 1.56239555310458 1.65979711501859 1.74691650271416 1.48797786585055 1.49821872240864 1.33389402111061 1.02578161726706 1.91092598368414 1.57916755718179 1.70244482927956 0.984143461333588 1.80568713555112 1.89487417507917 1.22258260776289 1.55453433236107 1.67797493352555 1.35479115787894 1.48080075648613 1.48490100097843 1.08453038008884
1.65357331302948 1.95097016100772 1.13144226931036 1.49946459033526 1.07100122235715 1.42406653449871 1.11581090441905 1.39033105387352 1.28142526629381 1.56239555310458 0 1.73738985601813 1.84495168179274 1.74936520308256 1.16046312591061 1.9149901594501 1.89825502736494 1.88304168381728 1.88351788860746 1.28654629993252 1.83635678654537 1.72584264329635 1.31478415452875 1.16692244913429 1.54841067106463 1.37301592505537 1.71878928574733 1.45019037323073 1.04299413575791 1.26609274768271
1.099869457772 1.62726331339218 1.10785422869958 1.46517714206129 1.24609612300992 1.28529378701933 1.24177589919418 1.73798857792281 1.50433561345562 1.65979711501859 1.73738985601813 0 1.3132123935502 1.04197533288971 1.84273485653102 1.14915408450179 1.66315719811246 1.70111965248361 1.25799854588695 1.6685217297636 1.68394259060733 0.981686749029905 1.94072597962804 1.62342540919781 1.92012195289135 1.2623539683409 1.52729563880712 1.38554186816327 1.57199005340226 1.6221791470889
1.02105867653154 1.20040210848674 1.44018592708744 1.45227429131046 1.74230112414807 1.72382393106818 1.04205105407164 1.87090577417985 1.15338649763726 1.74691650271416 1.84495168179274 1.3132123935502 0 1.51982763316482 1.48068234673701 1.89060590416193 1.34652184718288 1.93884727545083 1.25925284903497 1.17924995883368 1.90155197796412 1.77709311363287 1.16038633184507 1.6291288936045 1.02864982630126 1.9206200344488 0.991040211869404 0.996255526319146 1.02426774147898 1.03951123799197
1.57441189698875 1.27944393921643 1.08090571500361 1.23645831318572 1.54828379536048 1.00842020637356 1.5187336250674 1.94123978749849 1.22830058564432 1.48797786585055 1.74936520308256 1.04197533288971 1.51982763316482 0 1.70937588624656 1.79222264327109 1.0265695664566 1.21993547561578 1.17374849878252 1.22074289643206 1.80863863322884 1.07631421089172 1.90913680801168 1.34926066198386 1.09770452813245 1.46180825331248 1.54582469398156 1.58009961643256 1.24536982970312 1.01269666897133
1.04247271036729 0.987912390381098 1.70788334077224 1.02695355261676 1.58323539560661 1.48832340259105 1.44737007003278 1.54204324795865 1.33376648905687 1.49821872240864 1.16046312591061 1.84273485653102 1.48068234673701 1.70937588624656 0 1.72051617852412 1.11626263707876 1.1382755767554 1.45152973127551 1.7754324732814 0.953583509428427 1.09560988284647 1.09056768170558 1.22891783621162 0.973749620839953 1.55927372025326 1.77665555942804 1.84552262630314 1.53657556441613 1.01190659799613
1.77803684445098 1.558168257121 1.11422377079725 1.24014682183042 1.67709297500551 1.2645236775279 1.28434693510644 1.14736498752609 1.14235376310535 1.33389402111061 1.9149901594501 1.14915408450179 1.89060590416193 1.79222264327109 1.72051617852412 0 1.54809040692635 1.72525274404325 1.20806745858863 1.20272327912971 1.66353054251522 1.44496225542389 1.70413263468072 1.57195858447812 1.45942249684595 1.53457124042325 1.39604117744602 1.37221405771561 1.53037286247127 1.51687939255498
1.34801399428397 1.46123015205376 1.58017086726613 1.18489851756021 1.64802580024116 1.78445735271089 0.962716724723577 1.36734991543926 1.94083921774291 1.02578161726706 1.89825502736494 1.66315719811246 1.34652184718288 1.0265695664566 1.11626263707876 1.54809040692635 0 1.7302423408255 1.94960477296263 0.985226706368849 1.368894089479 1.51451931498013 1.87159420596436 1.80528615997173 1.34586411714554 1.76479321881197 1.53047434450127 1.14122046437114 1.23547709011473 1.14909989200532
1.62137818592601 1.58599551743828 1.74783299933188 1.2831380427815 1.13126741000451 1.55160894431174 1.35190141224302 1.45774869434536 1.87969124037772 1.91092598368414 1.88304168381728 1.70111965248361 1.93884727545083 1.21993547561578 1.1382755767554 1.72525274404325 1.7302423408255 0 0.974872421706095 1.30585198942572 1.12785609206185 1.27581437723711 1.82180747832172 1.63974168593995 1.19426741357893 1.73077145032585 1.24450912862085 1.6596455888357 1.41222451813519 1.13644199445844
1.12226583971642 1.31255300226621 1.07707148534246 1.45190298720263 1.59630068205297 1.83459191699512 1.83098299754784 1.2678177007474 1.23021088750102 1.57916755718179 1.88351788860746 1.25799854588695 1.25925284903497 1.17374849878252 1.45152973127551 1.20806745858863 1.94960477296263 0.974872421706095 0 1.34557880880311 1.23198595806025 1.29641057527624 1.50973752560094 1.72710825875401 1.7414616739843 1.82164036249742 1.54380683368072 1.58125531091355 1.23709625471383 1.69754663249478
1.31040746718645 1.78532332926989 1.27394480141811 1.5271456844639 1.37267088098451 1.07552845729515 1.60223380965181 1.8648051051423 1.5327431531623 1.70244482927956 1.28654629993252 1.6685217297636 1.17924995883368 1.22074289643206 1.7754324732814 1.20272327912971 0.985226706368849 1.30585198942572 1.34557880880311 0 1.0536040533334 0.971408222801983 1.13599342247471 1.11662169685587 1.66936279623769 1.90887413709424 1.63808114058338 1.90303753688931 1.50405754963867 1.51713670697063
1.91585365496576 1.74106687004678 1.73401118768379 0.999896798981354 1.35741602419876 1.26140426308848 1.17730045202188 1.60971709433943 1.45167805347592 0.984143461333588 1.83635678654537 1.68394259060733 1.90155197796412 1.80863863322884 0.953583509428427 1.66353054251522 1.368894089479 1.12785609206185 1.23198595806025 1.0536040533334 0 1.12341380328871 1.14115778170526 1.40802444447763 1.44241523579694 1.23220559279434 1.94231980806217 1.80198009917513 1.67962494702078 0.969317248323932
1.53466620412655 1.86826840369031 1.23102134675719 1.21569067658857 1.08796978136525 1.76631694193929 1.44227981893346 1.42035632114857 1.00726172979921 1.80568713555112 1.72584264329635 0.981686749029905 1.77709311363287 1.07631421089172 1.09560988284647 1.44496225542389 1.51451931498013 1.27581437723711 1.29641057527624 0.971408222801983 1.12341380328871 0 0.959039230598137 1.18669247534126 1.84410941088572 1.84841920761392 1.66134256217629 1.3781114523299 1.33283578720875 1.48905789921992
1.74278025934473 1.46189454756677 0.959903850918636 1.29766310332343 1.68236618791707 1.3869968126528 1.93662185035646 1.5949990041554 1.48669290682301 1.89487417507917 1.31478415452875 1.94072597962804 1.16038633184507 1.90913680801168 1.09056768170558 1.70413263468072 1.87159420596436 1.82180747832172 1.50973752560094 1.13599342247471 1.14115778170526 0.959039230598137 0 1.47214401862584 1.5676109502092 1.81419944250956 1.47613872680813 0.989482677308843 1.76512963022105 1.18879883713089
1.45480796648189 1.04114495939575 1.6395651018247 1.82266070041806 1.4873314530123 1.90807379642501 1.62528765480965 1.29361151624471 1.81733166938648 1.22258260776289 1.16692244913429 1.62342540919781 1.6291288936045 1.34926066198386 1.22891783621162 1.57195858447812 1.80528615997173 1.63974168593995 1.72710825875401 1.11662169685587 1.40802444447763 1.18669247534126 1.47214401862584 0 1.45989429438487 1.05152169219218 1.92425874155015 1.7281012206804 1.64782672864385 1.66970317950472
1.57226335373707 1.27806507865898 1.08074750914238 1.61018678639084 1.32180181355216 1.65289840917103 1.44011620176025 1.74573865532875 0.974707444896922 1.55453433236107 1.54841067106463 1.92012195289135 1.02864982630126 1.09770452813245 0.973749620839953 1.45942249684595 1.34586411714554 1.19426741357893 1.7414616739843 1.66936279623769 1.44241523579694 1.84410941088572 1.5676109502092 1.45989429438487 0 1.54615982039832 0.980984806315973 1.2417059999425 1.66531824599952 1.65037618763745
1.17190524330363 1.8910917667672 1.17293023946695 1.64013719861396 1.649150185287 1.66714172530919 1.30661081033759 1.28724330477417 1.92068149824627 1.67797493352555 1.37301592505537 1.2623539683409 1.9206200344488 1.46180825331248 1.55927372025326 1.53457124042325 1.76479321881197 1.73077145032585 1.82164036249742 1.90887413709424 1.23220559279434 1.84841920761392 1.81419944250956 1.05152169219218 1.54615982039832 0 1.16495347069576 1.11533970362507 1.90607983246446 1.85932518914342
1.58061303081922 1.75752072012983 1.12709831749089 1.91580202849582 1.45160697051324 1.46464984980412 1.26871902681887 1.57640924095176 1.35059607331641 1.35479115787894 1.71878928574733 1.52729563880712 0.991040211869404 1.54582469398156 1.77665555942804 1.39604117744602 1.53047434450127 1.24450912862085 1.54380683368072 1.63808114058338 1.94231980806217 1.66134256217629 1.47613872680813 1.92425874155015 0.980984806315973 1.16495347069576 0 1.5324268671684 1.20504290587269 1.12594568054192
1.35618185903877 1.49611109355465 1.64443154842593 1.68476392934099 1.39344722824171 1.1097760903649 1.90642511239275 1.88241300964728 0.99458050634712 1.48080075648613 1.45019037323073 1.38554186816327 0.996255526319146 1.58009961643256 1.84552262630314 1.37221405771561 1.14122046437114 1.6596455888357 1.58125531091355 1.90303753688931 1.80198009917513 1.3781114523299 0.989482677308843 1.7281012206804 1.2417059999425 1.11533970362507 1.5324268671684 0 1.18747963709757 1.21960532898083
1.16500736190937 1.12813146691769 1.44561100401916 1.70493577886373 1.78472149372101 1.12040383229032 1.56921462365426 1.01289040059783 1.25330231338739 1.48490100097843 1.04299413575791 1.57199005340226 1.02426774147898 1.24536982970312 1.53657556441613 1.53037286247127 1.23547709011473 1.41222451813519 1.23709625471383 1.50405754963867 1.67962494702078 1.33283578720875 1.76512963022105 1.64782672864385 1.66531824599952 1.90607983246446 1.20504290587269 1.18747963709757 0 1.61109283263795
1.08116738381796 1.34491754043847 1.4429749888368 1.67060343385674 1.46642655855976 1.66930778580718 1.54897559108213 1.51887109456584 1.86649393150583 1.08453038008884 1.26609274768271 1.6221791470889 1.03951123799197 1.01269666897133 1.01190659799613 1.51687939255498 1.14909989200532 1.13644199445844 1.69754663249478 1.51713670697063 0.969317248323932 1.48905789921992 1.18879883713089 1.66970317950472 1.65037618763745 1.85932518914342 1.12594568054192 1.21960532898083 1.61109283263795 0
