0 0.952295043040067 1.69448026479222 1.56177652790211 1.51069594314322 1.07210761541501 0.996460631256923 1.76760447188281 1.71431368985213 1.50384780135937 1.13234292948619 1.22671159659512 1.8314748974517 0.969633182045072 1.42401350964792 1.48904723953456 1.6157688642852 1.54885716713034 1.3040079921484 1.47408426529728 1.9018146074377 1.23285268805921 1.29079762822948 1.46265715849586 1.30056374706328 1.47517347056419 1.49117787973955 1.63022532034665 1.19725299137644 1.83061220357195
0.952295043040067 0 1.25584400258958 1.71699990937486 1.42418213374913 1.38488240959123 1.75321185891517 1.23155776970088 1.72678480786271 1.67509780218825 1.58586809551343 1.83524655876681 1.58229037141427 1.01877007656731 1.88204611022957 1.69700880628079 1.87919786595739 1.18071555253118 1.57890468789265 1.29737979685888 1.76490598777309 1.00182585418224 1.35285697039217 1.31669635046273 0.964657143456861 1.25173373008147 1.13811994111165 1.06420290865935 1.12743155937642 1.62523911730386
1.69448026479222 1.25584400258958 0 1.93338626832701 1.04161209473386 1.40267940238118 1.54279313725419 1.50558582576923 0.978812381159514 1.24553520791233 1.1405184417963 1.27656892035156 1.35323026194237 1.75698884064332 1.05979298939928 1.72237662156112 1.3731090829242 1.25991989439353 1.13597430405207 1.10713235265575 0.999347263015807 1.92019082722254 1.55418227543123 1.39770219218917 1.56441425578669 1.66711196373217 1.13213061867282 0.954271796392277 1.18762959400192 1.33820942323655
1.56177652790211 1.71699990937486 1.93338626832701 0 1.12074209190905 1.84534897468984 1.78010259522125 1.90635697240941 1.88579951343127 1.34495751862414 1.30775197129697 1.76083450228907 1.93692785315216 1.90143315680325 1.83285461342894 1.6174236536026 1.18959075910971 1.01153906481341 1.58049497706816 1.72177628497593 1.76099554565735 1.77851540362462 1.72359907627106 1.63711781427264 1.61035437090322 1.60625291033648 1.11859329743311 1.89129228098318 1.71581392968073 1.0022089947015
1.51069594314322 1.42418213374913 1.04161209473386 1.12074209190905 0 1.35692400438711 1.00139054399915 1.26030468777753 1.16469102399424 1.34477146808058 1.30356177175418 1.85256830882281 1.59733812324703 0.947723580989987 1.61621091025881 1.70485186763108 1.59529933426529 1.31006780127063 0.956126732751727 1.83606589166448 1.90236918651499 1.43333579762839 1.30087376548909 1.89681961690076 1.35524639370851 1.30355045921169 1.78016499429941 1.81978606921621 1.44934836775064 1.71599550871179
1.07210761541501 1.38488240959123 1.40267940238118 1.84534897468984 1.35692400438711 0 1.09083975059912 1.82469672709703 1.52695260895416 1.25852436991408 0.955771371955052 1.12095919041894 1.16614517639391 1.12427494069561 1.73619222221896 1.6541506506037 1.42065571900457 1.40683716745116 0.948754192097113 1.01480167452246 1.11769154248759 1.53489961172454 1.41859093890525 1.91535067162476 1.77980490960181 1.1715117066633 1.08267155126669 1.90501114120707 1.52301088673994 1.54117100848816
0.996460631256923 1.75321185891517 1.54279313725419 1.78010259522125 1.00139054399915 1.09083975059912 0 1.30709055485204 1.75673088151962 1.24818150373176 1.87629790464416 1.55271414620802 1.52963210619055 1.33443067036569 1.64351739594713 1.67371012619697 1.34357171924785 1.89186458359472 1.37787010706961 1.19889107882045 1.77942935726605 1.38187577412464 1.25235869688913 1.42275447817519 1.66214976180345 1.84474784159102 1.80321064614691 1.4669831993524 1.78817542479374 0.991509183542803
1.76760447188281 1.23155776970088 1.50558582576923 1.90635697240941 1.26030468777753 1.82469672709703 1.30709055485204 0 1.0502060407307 1.9127398156561 0.977000252576545 1.87134011485614 1.15982537646778 1.41962241684087 1.68404894205742 1.57205423084088 1.40746209467761 1.76419425313361 1.69390391930938 1.22234048857354 1.8051594439894 1.62655694549903 1.74110975628719 1.47435676609166 1.8955096907448 1.29128811438568 1.93973422073759 1.29817452467978 1.46493488620035 1.65612129843794
1.71431368985213 1.72678480786271 0.978812381159514 1.88579951343127 1.16469102399424 1.52695260895416 1.75673088151962 1.0502060407307 0 1.63174385670573 0.951990502187982 1.47135329456069 1.48897642130032 1.03398184245452 1.14967761212029 1.72145398962311 1.23076650872827 1.62363969371654 0.94391065556556 1.74834095942788 1.3563079170417 0.953479539835826 1.63963702041656 1.93991240230389 0.991671182913706 1.71263312315568 1.89695797814056 1.40599181805737 1.458427982172 1.03259966499172
1.50384780135937 1.67509780218825 1.24553520791233 1.34495751862414 1.34477146808058 1.25852436991408 1.24818150373176 1.9127398156561 1.63174385670573 0 1.63250144454651 0.958683732431382 1.33501986903138 1.58967709098943 1.08885512594134 1.16523600229993 1.51356888492592 1.47667892114259 1.17630929243751 1.69674087571912 1.44633308658376 1.58270756015554 1.36982888751663 1.53588707256131 1.27131035900675 1.8977248237934 1.47845442174003 0.943074292503297 1.53587092924863 1.04712128755637
1.13234292948619 1.58586809551343 1.1405184417963 1.30775197129697 1.30356177175418 0.955771371955052 1.87629790464416 0.977000252576545 0.951990502187982 1.63250144454651 0 1.4464223664254 1.0211343576666 1.15797937149182 1.53271440183744 1.83559944643639 1.11283222166821 0.961759568192065 1.1755787928123 1.76754823024385 1.07267082249746 1.90547004202381 1.59659994277172 1.63746063853614 1.2945122148376 1.17090539308265 1.39598640473559 1.06070404755883 1.19204462692142 1.43987171212211
1.22671159659512 1.83524655876681 1.27656892035156 1.76083450228907 1.85256830882281 1.12095919041894 1.55271414620802 1.87134011485614 1.47135329456069 0.958683732431382 1.4464223664254 0 1.74358103750274 1.4324373905547 1.83330476423725 1.89726841193624 1.12239063507877 1.60446681897156 1.83782158489339 1.75419559353031 1.93975405581295 1.09381196205504 1.0993810815271 1.32619108632207 1.19553748215549 1.19625137210824 1.3152716527693 1.22861644485965 1.09572662855498 1.11408751131967
1.8314748974517 1.58229037141427 1.35323026194237 1.93692785315216 1.59733812324703 1.16614517639391 1.52963210619055 1.15982537646778 1.48897642130032 1.33501986903138 1.0211343576666 1.74358103750274 0 1.90075127850287 1.02571825380437 1.8425257250201 1.29626061627641 1.80597819341347 1.3059383390937 1.20868994900957 0.949764442164451 0.991486573824659 1.92454454815015 1.73925829958171 1.72978261462413 1.57667619711719 1.72079756343737 1.12770579522476 1.22226762166247 1.18471601372585
0.969633182045072 1.01877007656731 1.75698884064332 1.90143315680325 0.947723580989987 1.12427494069561 1.33443067036569 1.41962241684087 1.03398184245452 1.58967709098943 1.15797937149182 1.4324373905547 1.90075127850287 0 1.42233316414058 1.70342372218147 1.19487152551301 1.14872387703508 1.30264409584925 1.44332361686975 1.7595362549182 1.70536707690917 1.39917531702667 1.32109078788199 1.15635517332703 1.47685067704879 1.81768484716304 1.81277553155087 1.64118027547374 1.17311013466679
1.42401350964792 1.88204611022957 1.05979298939928 1.83285461342894 1.61621091025881 1.73619222221896 1.64351739594713 1.68404894205742 1.14967761212029 1.08885512594134 1.53271440183744 1.83330476423725 1.02571825380437 1.42233316414058 0 1.27891469164751 0.963132639648393 1.65466508339159 1.74953171308152 1.9172401567921 1.56922683911398 1.74267595331185 1.65842549456283 1.3294497623574 1.38425219617784 1.66894667036831 1.90616495464928 1.08032989548519 1.81859442568384 0.966686388710514
1.48904723953456 1.69700880628079 1.72237662156112 1.6174236536026 1.70485186763108 1.6541506506037 1.67371012619697 1.57205423084088 1.72145398962311 1.16523600229993 1.83559944643639 1.89726841193624 1.8425257250201 1.70342372218147 1.27891469164751 0 1.18465226748958 1.758807543898 1.28570772148669 1.13751339609735 1.55496823834255 1.69867746462114 1.74045513849705 1.81491661630571 1.08457849500701 1.87479026895016 0.950733362697065 1.82645396515727 1.910357685294 1.32946434477344
1.6157688642852 1.87919786595739 1.3731090829242 1.18959075910971 1.59529933426529 1.42065571900457 1.34357171924785 1.40746209467761 1.23076650872827 1.51356888492592 1.11283222166821 1.12239063507877 1.29626061627641 1.19487152551301 0.963132639648393 1.18465226748958 0 1.55064572556876 1.61672079004347 1.66432615625672 1.67171678226441 1.06286723935045 1.72230537049472 1.42449324042536 1.83354250201955 1.56033520400524 1.88356103166007 1.68835787777789 1.47746044863015 1.57498175068758
1.54885716713034 1.18071555253118 1.25991989439353 1.01153906481341 1.31006780127063 1.40683716745116 1.89186458359472 1.76419425313361 1.62363969371654 1.47667892114259 0.961759568192065 1.60446681897156 1.80597819341347 1.14872387703508 1.65466508339159 1.758807543898 1.55064572556876 0 0.960497153224424 1.80907078855671 1.62562557659112 1.11589052178897 0.989394730422646 1.12990403734148 1.4993413228076 1.01748884492554 1.61574051785283 1.55475743417628 1.24151437892579 1.7447556713596
1.3040079921484 1.57890468789265 1.13597430405207 1.58049497706816 0.956126732751727 0.948754192097113 1.37787010706961 1.69390391930938 0.94391065556556 1.17630929243751 1.1755787928123 1.83782158489339 1.3059383390937 1.30264409584925 1.74953171308152 1.28570772148669 1.61672079004347 0.960497153224424 0 0.976316186133772 1.90488044614904 1.77450432279147 1.46006240416318 1.05869393981993 1.6444739792496 1.49932676856406 1.10498183011077 1.11843229783699 1.06291976221837 1.2356085779611
1.47408426529728 1.29737979685888 1.10713235265575 1.72177628497593 1.83606589166448 1.01480167452246 1.19889107882045 1.22234048857354 1.74834095942788 1.69674087571912 1.76754823024385 1.75419559353031 1.20868994900957 1.44332361686975 1.9172401567921 1.13751339609735 1.66432615625672 1.80907078855671 0.976316186133772 0 1.9374132535886 1.90070552332327 1.18456212407909 1.93288649339229 1.30564739950933 1.32847854704596 1.57053344650194 1.26808238308877 1.01753099053167 1.34069986222312
1.9018146074377 1.76490598777309 0.999347263015807 1.76099554565735 1.90236918651499 1.11769154248759 1.77942935726605 1.8051594439894 1.3563079170417 1.44633308658376 1.07267082249746 1.93975405581295 0.949764442164451 1.7595362549182 1.56922683911398 1.55496823834255 1.67171678226441 1.62562557659112 1.90488044614904 1.9374132535886 0 1.64213568600826 1.80332824843936 1.54562346963212 1.6594476099126 1.11333751725033 1.7768632855732 1.30589557136409 1.13971438584849 1.79591839853674
1.23285268805921 1.00182585418224 1.92019082722254 1.77851540362462 1.43333579762839 1.53489961172454 1.38187577412464 1.62655694549903 0.953479539835826 1.58270756015554 1.90547004202381 1.09381196205504 0.991486573824659 1.70536707690917 1.74267595331185 1.69867746462114 1.06286723935045 1.11589052178897 1.77450432279147 1.90070552332327 1.64213568600826 0 1.01109132426791 1.41372370207682 1.26028547645546 1.46503413328901 0.970043725334108 1.24579556053504 1.02059050532989 1.21465097228065
1.29079762822948 1.35285697039217 1.55418227543123 1.72359907627106 1.30087376548909 1.41859093890525 1.25235869688913 1.74110975628719 1.63963702041656 1.36982888751663 1.59659994277172 1.0993810815271 1.92454454815015 1.39917531702667 1.65842549456283 1.74045513849705 1.72230537049472 0.989394730422646 1.46006240416318 1.18456212407909 1.80332824843936 1.01109132426791 0 1.04099772870541 1.52250746567734 1.39856765093282 1.48247432312928 1.01148403738625 1.19707345659845 1.93067012610845
1.46265715849586 1.31669635046273 1.39770219218917 1.63711781427264 1.89681961690076 1.91535067162476 1.42275447817519 1.47435676609166 1.93991240230389 1.53588707256131 1.63746063853614 1.32619108632207 1.73925829958171 1.32109078788199 1.3294497623574 1.81491661630571 1.42449324042536 1.12990403734148 1.05869393981993 1.93288649339229 1.54562346963212 1.41372370207682 1.04099772870541 0 1.93794775288552 1.45454066200182 1.8597396959085 1.57820627046749 1.19123520096764 1.87699954863638
1.30056374706328 0.964657143456861 1.56441425578669 1.61035437090322 1.35524639370851 1.77980490960181 1.66214976180345 1.8955096907448 0.991671182913706 1.27131035900675 1.2945122148376 1.19553748215549 1.72978261462413 1.15635517332703 1.38425219617784 1.08457849500701 1.83354250201955 1.4993413228076 1.6444739792496 1.30564739950933 1.6594476099126 1.26028547645546 1.52250746567734 1.93794775288552 0 1.72902269032784 1.18605235987343 1.53713313024491 1.56746522011235 1.28909059241414
1.47517347056419 1.25173373008147 1.66711196373217 1.60625291033648 1.30355045921169 1.1715117066633 1.84474784159102 1.29128811438568 1.71263312315568 1.8977248237934 1.17090539308265 1.19625137210824 1.57667619711719 1.47685067704879 1.66894667036831 1.87479026895016 1.56033520400524 1.01748884492554 1.49932676856406 1.32847854704596 1.11333751725033 1.46503413328901 1.39856765093282 1.45454066200182 1.72902269032784 0 1.32928271195851 1.02261175378226 1.10390493599698 1.35312490165234
1.49117787973955 1.13811994111165 1.13213061867282 1.11859329743311 1.78016499429941 1.08267155126669 1.80321064614691 1.93973422073759 1.89695797814056 1.47845442174003 1.39598640473559 1.3152716527693 1.72079756343737 1.81768484716304 1.90616495464928 0.950733362697065 1.88356103166007 1.61574051785283 1.10498183011077 1.57053344650194 1.7768632855732 0.970043725334108 1.48247432312928 1.8597396959085 1.18605235987343 1.32928271195851 0 1.51589766214602 1.46118879481219 1.20096495794132
1.63022532034665 1.06420290865935 0.954271796392277 1.89129228098318 1.81978606921621 1.90501114120707 1.4669831993524 1.29817452467978 1.40599181805737 0.943074292503297 1.06070404755883 1.22861644485965 1.12770579522476 1.81277553155087 1.08032989548519 1.82645396515727 1.68835787777789 1.55475743417628 1.11843229783699 1.26808238308877 1.30589557136409 1.24579556053504 1.01148403738625 1.57820627046749 1.53713313024491 1.02261175378226 1.51589766214602 0 0.970537532353774 1.53673042845912
1.19725299137644 1.12743155937642 1.18762959400192 1.71581392968073 1.44934836775064 1.52301088673994 1.78817542479374 1.46493488620035 1.458427982172 1.53587092924863 1.19204462692142 1.09572662855498 1.22226762166247 1.64118027547374 1.81859442568384 1.910357685294 1.47746044863015 1.24151437892579 1.06291976221837 1.01753099053167 1.13971438584849 1.02059050532989 1.19707345659845 1.19123520096764 1.56746522011235 1.10390493599698 1.46118879481219 0.970537532353774 0 1.68501678458415
1.83061220357195 1.62523911730386 1.33820942323655 1.0022089947015 1.71599550871179 1.54117100848816 0.991509183542803 1.65612129843794 1.03259966499172 1.04712128755637 1.43987171212211 1.11408751131967 1.18471601372585 1.17311013466679 0.966686388710514 1.32946434477344 1.57498175068758 1.7447556713596 1.2356085779611 1.34069986222312 1.79591839853674 1.21465097228065 1.93067012610845 1.87699954863638 1.28909059241414 1.35312490165234 1.20096495794132 1.53673042845912 1.68501678458415 0
