0 1.40861199982464 1.06465986557305 1.07873054477386 1.54175277007744 1.21921101910993 1.23270108643919 1.43536119535565 1.18764401134104 1.12820194242522 1.69751438358799 1.25039539369754 1.659152953187 1.62095051584765 1.86135958996601 1.69167445925996 1.22992904018611 1.14471367117949 1.75769869843498 1.7986077577807 1.22951532388106 1.07715936447494 1.38287037750706 1.79832734633237 1.24219907564111 1.35149441706017 1.30574183235876 1.36732339905575 1.5369449260179 1.82700435561128
1.40861199982464 0 1.46527472464368 1.13756720186211 1.41317751002498 1.22578941122629 1.25810794671997 1.01826301030815 1.67943836562335 1.4123066898901 1.74876937759109 1.75683393958025 1.54154903860763 1.25678156549111 0.95766787044704 1.07102376199327 1.34616988315247 1.37975351256318 1.62633016170003 0.962003183318302 1.53595531312749 1.75232258718461 0.98509765136987 1.49801915371791 1.61557074356824 1.83178313728422 1.75171011732891 1.79754327773117 1.50629038619809 1.62283314275555
1.06465986557305 1.46527472464368 0 1.51706380187534 1.37071557040326 1.5491226373706 1.67757500335574 1.67405686946586 1.70736250514165 1.51722075603902 1.03015480842441 1.68395724333823 1.33561342768371 1.68961438070983 1.6663286453113 1.63287047040649 1.84088174812496 1.57379687298089 1.89287846814841 1.26338621624745 1.84383193566464 1.87252128054388 1.39585291896947 1.79781320597976 1.83234019973315 1.01808525808156 1.86487777228467 1.62791286269203 1.56332971481606 0.960034938063473
1.07873054477386 1.13756720186211 1.51706380187534 0 1.10086631122977 1.4318905309774 1.36243635159917 1.71668479312211 1.20487566594966 1.09857954480685 1.81477944809012 1.21290818811394 1.75982085801661 1.45188124733977 1.41267229407094 1.33211268926971 1.37894429056905 1.42385877901688 1.51736379414797 1.54592560464516 1.37520211003721 1.43338863691315 1.14391028648242 1.61619963333942 1.88450022693723 1.15486172726378 1.221122284187 1.00901526352391 1.09385870839469 1.12926237261854
1.54175277007744 1.41317751002498 1.37071557040326 1.10086631122977 0 1.00689382036217 1.25735830375925 1.34224346769042 1.00688824127428 1.33749971119687 1.52923222701065 1.36967018223368 1.85807622480206 1.23346088454127 1.58019220130518 1.37093686289154 1.58119417750277 1.15211181133054 1.67299164528958 1.26607711939141 1.18338100519031 1.54219414875843 1.69294598069973 1.44285648642108 1.55307333241217 1.57117757271044 1.30328003456816 1.15676645701751 1.50530179147609 0.913379714591429
1.21921101910993 1.22578941122629 1.5491226373706 1.4318905309774 1.00689382036217 0 1.13132395711727 1.15742806321941 1.39638858195394 1.19277551560663 1.19834896619432 1.02268784493208 0.923160685226321 1.68017406133004 1.73183934483677 1.37936257314868 0.910081127891317 1.275274989428 1.70840533240698 1.15379495173693 1.33610885334201 1.57229951769114 1.66464253142476 1.34124924661592 1.03748642164283 1.45048919250257 1.47487898310646 1.30237936158665 0.956812351709232 1.1686206413433
1.23270108643919 1.25810794671997 1.67757500335574 1.36243635159917 1.25735830375925 1.13132395711727 0 1.74056558939628 1.39988103369251 1.07066900818609 1.48079805728048 1.17174325976521 1.60136419837363 1.72192529006861 1.7691389170941 1.65055793407373 1.25352051272057 1.72278648638166 1.593655962497 1.80497070099227 1.44805082911626 1.75099058891647 0.990047572879121 1.54120542947203 1.22802260611206 1.77203266276047 1.0066656419076 1.70250330516137 1.15246912487783 1.7121637777891
1.43536119535565 1.01826301030815 1.67405686946586 1.71668479312211 1.34224346769042 1.15742806321941 1.74056558939628 0 1.54177571507171 1.11830868804827 1.55930519546382 1.65087281679735 1.03952220384963 1.24986145761795 1.44395000068471 1.68285568873398 1.40563690615818 1.56220588530414 1.47121556312777 1.05789321102202 1.33721468760632 1.0813404165674 0.960467610042542 1.49742294405587 1.23259690520354 1.04090213449672 1.00929103814997 1.52922621951438 1.44290164578706 1.30499228206463
1.18764401134104 1.67943836562335 1.70736250514165 1.20487566594966 1.00688824127428 1.39638858195394 1.39988103369251 1.54177571507171 0 1.3064021517057 1.68132239254192 1.32976966677234 0.928709810134023 1.56572774401866 1.18425286188722 1.23926722956821 1.87308930675499 1.72145209042355 1.01850086008199 0.978314569918439 1.54854475916363 1.41571746720001 1.70837999600917 1.55741626047529 1.70597984199412 1.81706991186365 1.71755508845672 1.66731151519343 1.20212575397454 1.87946931621991
1.12820194242522 1.4123066898901 1.51722075603902 1.09857954480685 1.33749971119687 1.19277551560663 1.07066900818609 1.11830868804827 1.3064021517057 0 0.923627177719027 1.33248149836436 1.10272032953799 1.70071233692579 1.03307321597822 1.01211403985508 1.878404219402 1.05476733762771 1.77226684126072 1.80700072878972 1.52277982211672 1.32965719234198 1.0903114026878 1.1328480085358 1.24304702458903 1.762263601413 1.81317362957634 1.63209068845026 1.69418177753687 1.64024037006311
1.69751438358799 1.74876937759109 1.03015480842441 1.81477944809012 1.52923222701065 1.19834896619432 1.48079805728048 1.55930519546382 1.68132239254192 0.923627177719027 0 1.43151656119153 1.6598368359264 1.70618881238624 1.71183710126206 1.70826151245274 1.25291493907571 1.40166741097346 0.969023892423138 1.30483691720292 1.28563482430764 1.51136510469951 1.66983251133934 1.55416408693418 1.81223365105689 1.20269189798273 1.46537771564908 1.83025615173392 1.82699275482446 1.69034732040018
1.25039539369754 1.75683393958025 1.68395724333823 1.21290818811394 1.36967018223368 1.02268784493208 1.17174325976521 1.65087281679735 1.32976966677234 1.33248149836436 1.43151656119153 0 1.78473631013185 1.84915560018271 1.07473964919336 1.33829636056907 1.41612665425055 1.5459872239735 1.16444180277176 1.09764352231286 1.53482911130413 1.41537557519041 1.31174477259628 1.75740820169449 1.88370324112475 1.3445778421592 0.917951022274792 1.68501605442725 1.11975381849334 1.81886561401188
1.659152953187 1.54154903860763 1.33561342768371 1.75982085801661 1.85807622480206 0.923160685226321 1.60136419837363 1.03952220384963 0.928709810134023 1.10272032953799 1.6598368359264 1.78473631013185 0 0.925864977296442 1.72919523739256 0.993006069213152 0.944379496620968 1.42345686047338 1.85512176435441 1.24217206495814 1.77139409817755 1.56538858148269 1.46232328331098 1.86497305193916 1.0965508739464 0.975409185979515 1.58031288161874 1.06278798682615 1.01697786035948 1.597240307834
1.62095051584765 1.25678156549111 1.68961438070983 1.45188124733977 1.23346088454127 1.68017406133004 1.72192529006861 1.24986145761795 1.56572774401866 1.70071233692579 1.70618881238624 1.84915560018271 0.925864977296442 0 1.77832846320234 1.11946850107051 1.11521222139709 1.48374927975237 1.44078483502381 1.14094958174974 1.73249047459103 1.85453176428564 1.18305614334531 1.07747616898268 1.48974058427848 1.76495586708188 1.09081189404242 1.56525233783759 1.72154419706203 1.51120042637922
1.86135958996601 0.95766787044704 1.6663286453113 1.41267229407094 1.58019220130518 1.73183934483677 1.7691389170941 1.44395000068471 1.18425286188722 1.03307321597822 1.71183710126206 1.07473964919336 1.72919523739256 1.77832846320234 0 1.52949428325519 1.57056658808142 1.07829051907174 1.64074208470993 1.27894268929958 1.54988167062402 1.1101976193022 1.26253406680189 1.31520744832233 1.73459216952324 1.70920003764331 1.51678866101429 1.00750133418478 1.77397921611555 1.17094988422468
1.69167445925996 1.07102376199327 1.63287047040649 1.33211268926971 1.37093686289154 1.37936257314868 1.65055793407373 1.68285568873398 1.23926722956821 1.01211403985508 1.70826151245274 1.33829636056907 0.993006069213152 1.11946850107051 1.52949428325519 0 1.26591652352363 1.87335521215573 1.68239023117349 1.09285414940678 1.64489543787204 1.76328532584012 1.55480850697495 1.43175238580443 1.24845566949807 1.62437825510278 1.06133740511723 1.65272212354466 1.53206731914543 1.86100331880152
1.22992904018611 1.34616988315247 1.84088174812496 1.37894429056905 1.58119417750277 0.910081127891317 1.25352051272057 1.40563690615818 1.87308930675499 1.878404219402 1.25291493907571 1.41612665425055 0.944379496620968 1.11521222139709 1.57056658808142 1.26591652352363 0 1.76309408457018 1.74203500547446 1.59143304172903 1.68262811284512 1.68603467475623 1.48094196012244 1.87729762331583 1.84289761283435 1.02737187454477 1.56883565126918 1.14543360541575 1.19899004301988 1.85406991420314
1.14471367117949 1.37975351256318 1.57379687298089 1.42385877901688 1.15211181133054 1.275274989428 1.72278648638166 1.56220588530414 1.72145209042355 1.05476733762771 1.40166741097346 1.5459872239735 1.42345686047338 1.48374927975237 1.07829051907174 1.87335521215573 1.76309408457018 0 1.90683558210731 1.16528386971913 1.75522579299286 1.59967930195853 1.12182775628753 1.30205746297725 1.41041979496367 0.981147392652929 1.86454842053354 1.75935074151494 1.83046091371216 1.39525457494892
1.75769869843498 1.62633016170003 1.89287846814841 1.51736379414797 1.67299164528958 1.70840533240698 1.593655962497 1.47121556312777 1.01850086008199 1.77226684126072 0.969023892423138 1.16444180277176 1.85512176435441 1.44078483502381 1.64074208470993 1.68239023117349 1.74203500547446 1.90683558210731 0 1.02215400594287 1.00056547578424 1.34774641483091 1.08232600800693 1.28183086425997 1.43741808878258 1.37338806758635 1.8979425788857 0.948588871629909 1.5267737118993 1.14331338438205
1.7986077577807 0.962003183318302 1.26338621624745 1.54592560464516 1.26607711939141 1.15379495173693 1.80497070099227 1.05789321102202 0.978314569918439 1.80700072878972 1.30483691720292 1.09764352231286 1.24217206495814 1.14094958174974 1.27894268929958 1.09285414940678 1.59143304172903 1.16528386971913 1.02215400594287 0 1.86521713808179 1.5425409884192 1.26797376805916 1.5249920329079 1.34630677220412 1.88070465927012 1.72451709886082 1.61282732826658 1.02938243001699 1.73234018194489
1.22951532388106 1.53595531312749 1.84383193566464 1.37520211003721 1.18338100519031 1.33610885334201 1.44805082911626 1.33721468760632 1.54854475916363 1.52277982211672 1.28563482430764 1.53482911130413 1.77139409817755 1.73249047459103 1.54988167062402 1.64489543787204 1.68262811284512 1.75522579299286 1.00056547578424 1.86521713808179 0 1.16691463557072 0.921460889279842 1.66073824511841 1.17398027749732 1.59381931368262 1.14747668011114 1.0651538791135 1.10109184705652 0.999583811033517
1.07715936447494 1.75232258718461 1.87252128054388 1.43338863691315 1.54219414875843 1.57229951769114 1.75099058891647 1.0813404165674 1.41571746720001 1.32965719234198 1.51136510469951 1.41537557519041 1.56538858148269 1.85453176428564 1.1101976193022 1.76328532584012 1.68603467475623 1.59967930195853 1.34774641483091 1.5425409884192 1.16691463557072 0 1.11873741447926 1.36603837483563 1.20005433168262 1.6181840475183 1.55653784843162 1.62870759540237 1.2904959730804 1.22748426301405
1.38287037750706 0.98509765136987 1.39585291896947 1.14391028648242 1.69294598069973 1.66464253142476 0.990047572879121 0.960467610042542 1.70837999600917 1.0903114026878 1.66983251133934 1.31174477259628 1.46232328331098 1.18305614334531 1.26253406680189 1.55480850697495 1.48094196012244 1.12182775628753 1.08232600800693 1.26797376805916 0.921460889279842 1.11873741447926 0 1.21161408303306 1.60104750329629 1.85454200464301 1.6777961072512 1.83546485891566 1.30009402404539 1.56474869907834
1.79832734633237 1.49801915371791 1.79781320597976 1.61619963333942 1.44285648642108 1.34124924661592 1.54120542947203 1.49742294405587 1.55741626047529 1.1328480085358 1.55416408693418 1.75740820169449 1.86497305193916 1.07747616898268 1.31520744832233 1.43175238580443 1.87729762331583 1.30205746297725 1.28183086425997 1.5249920329079 1.66073824511841 1.36603837483563 1.21161408303306 0 1.57181782228872 1.82917347433977 1.63851934066042 1.86821683356538 0.967208865098655 1.73761528171599
1.24219907564111 1.61557074356824 1.83234019973315 1.88450022693723 1.55307333241217 1.03748642164283 1.22802260611206 1.23259690520354 1.70597984199412 1.24304702458903 1.81223365105689 1.88370324112475 1.0965508739464 1.48974058427848 1.73459216952324 1.24845566949807 1.84289761283435 1.41041979496367 1.43741808878258 1.34630677220412 1.17398027749732 1.20005433168262 1.60104750329629 1.57181782228872 0 1.5323376825545 1.05819112877361 0.939391449792311 1.79605738818645 1.18845303799026
1.35149441706017 1.83178313728422 1.01808525808156 1.15486172726378 1.57117757271044 1.45048919250257 1.77203266276047 1.04090213449672 1.81706991186365 1.762263601413 1.20269189798273 1.3445778421592 0.975409185979515 1.76495586708188 1.70920003764331 1.62437825510278 1.02737187454477 0.981147392652929 1.37338806758635 1.88070465927012 1.59381931368262 1.6181840475183 1.85454200464301 1.82917347433977 1.5323376825545 0 1.05841205082834 1.17917890404351 0.932052975520492 0.962367004947737
1.30574183235876 1.75171011732891 1.86487777228467 1.221122284187 1.30328003456816 1.47487898310646 1.0066656419076 1.00929103814997 1.71755508845672 1.81317362957634 1.46537771564908 0.917951022274792 1.58031288161874 1.09081189404242 1.51678866101429 1.06133740511723 1.56883565126918 1.86454842053354 1.8979425788857 1.72451709886082 1.14747668011114 1.55653784843162 1.6777961072512 1.63851934066042 1.05819112877361 1.05841205082834 0 1.45836882689036 1.49726798268966 1.79105297080241
1.36732339905575 1.79754327773117 1.62791286269203 1.00901526352391 1.15676645701751 1.30237936158665 1.70250330516137 1.52922621951438 1.66731151519343 1.63209068845026 1.83025615173392 1.68501605442725 1.06278798682615 1.56525233783759 1.00750133418478 1.65272212354466 1.14543360541575 1.75935074151494 0.948588871629909 1.61282732826658 1.0651538791135 1.62870759540237 1.83546485891566 1.86821683356538 0.939391449792311 1.17917890404351 1.45836882689036 0 1.32442273315974 1.72454332746565
1.5369449260179 1.50629038619809 1.56332971481606 1.09385870839469 1.50530179147609 0.956812351709232 1.15246912487783 1.44290164578706 1.20212575397454 1.69418177753687 1.82699275482446 1.11975381849334 1.01697786035948 1.72154419706203 1.77397921611555 1.53206731914543 1.19899004301988 1.83046091371216 1.5267737118993 1.02938243001699 1.10109184705652 1.2904959730804 1.30009402404539 0.967208865098655 1.79605738818645 0.932052975520492 1.49726798268966 1.32442273315974 0 1.20133260940202
1.82700435561128 1.62283314275555 0.960034938063473 1.12926237261854 0.913379714591429 1.1686206413433 1.7121637777891 1.30499228206463 1.87946931621991 1.64024037006311 1.69034732040018 1.81886561401188 1.597240307834 1.51120042637922 1.17094988422468 1.86100331880152 1.85406991420314 1.39525457494892 1.14331338438205 1.73234018194489 0.999583811033517 1.22748426301405 1.56474869907834 1.73761528171599 1.18845303799026 0.962367004947737 1.79105297080241 1.72454332746565 1.20133260940202 0
