0 1.13612909545191 1.10717045445926 1.4177597721573 1.15789603348821 1.61791378259659 1.41251425328664 1.80158044560812 1.86515353620052 1.44309725193307 1.46940231113695 1.50942070176825 1.41673325118609 1.03552627214231 1.77469956781715 1.84558700420894 1.44942193781026 1.66171976248734 1.60721722850576 1.64389868755825 1.7974230281543 1.60414003790356 1.57754659606144 1.54000056511723 1.22242766921408 1.20584922493435 1.53805853100494 1.81314027309418 1.6507819108665 1.71151858172379
1.13612909545191 0 1.90473016910255 1.10130160534754 1.00869119144045 1.49396547302604 1.22756465850398 0.98920951038599 1.0929361092858 1.03115834388882 1.53054465097375 1.83840624941513 1.70318755391054 1.7372460893821 1.81010207324289 1.12760982010514 1.41746894852258 1.22061445889995 1.30731091275811 1.02278667502105 1.77540490077808 1.58662167657167 1.70182858593762 1.02153691323474 1.37720122258179 0.995969511801377 1.21110684261657 1.61035011243075 1.62788580846973 1.22428500000387
1.10717045445926 1.90473016910255 0 1.05929099558853 1.27741912193596 1.34338425844908 1.12380962190218 0.989491838030517 1.68221333017573 1.59326751483604 1.83950043679215 1.82614575908519 1.68939794995822 1.50057254242711 0.956108103273436 1.79407196305692 1.30307730520144 1.45063189091161 1.73507716530003 1.65322770760395 1.5941640206147 1.14142861939035 1.0292772334069 1.68737103044987 1.20579000934958 1.70485722529702 1.89356654905714 1.74605602747761 1.33309427462518 1.01061867340468
1.4177597721573 1.10130160534754 1.05929099558853 0 1.70734316622838 1.57276067440398 1.22729355865158 1.79462568066083 1.60646230634302 1.82609917409718 0.920779181877151 1.5738405669108 1.893633591244 1.58831271645613 1.11211897153407 1.84757118253037 1.22118379175663 1.24092932022177 1.27646287367679 1.49448500294238 1.28318044124171 1.28514238423668 1.06588462507352 0.977953670080751 1.14933663466945 1.15325687965378 1.78787745605223 1.46425877697766 1.46357500413433 0.984974435297772
1.15789603348821 1.00869119144045 1.27741912193596 1.70734316622838 0 1.87713617715053 1.79954565549269 0.954063343349844 1.66611922136508 1.72403027815744 1.60361282806844 1.80178232653998 1.87727718148381 1.81815006677061 1.44171579554677 1.19264230318367 1.90352148353122 1.58517313934863 1.88154841121286 1.78483599005267 1.03858565422706 1.30063164234161 1.45166820287704 1.52301463903859 1.10703969257884 1.75788234686479 0.996770563768223 0.945577520644292 1.61339432303794 1.14416328375228
1.61791378259659 1.49396547302604 1.34338425844908 1.57276067440398 1.87713617715053 0 1.70278203836642 1.70502355974168 1.68824354372919 1.07599839055911 1.64735523192212 1.56241405825131 0.98967216629535 1.61224216432311 1.19743446703069 1.14799825055525 1.87843160028569 1.79553584824316 1.88313201675192 1.44693125551566 1.31128827179782 1.41745899547823 0.986767244990915 0.915660096565261 1.41528120986186 1.64655919093639 1.44483199901879 1.78570401459001 1.30598301580176 1.40196397015825
1.41251425328664 1.22756465850398 1.12380962190218 1.22729355865158 1.79954565549269 1.70278203836642 0 1.45721718040295 1.45680309669115 1.05046151182614 1.6082204808481 1.32973752799444 1.2650153436698 1.52828443585895 1.40145872812718 1.15647949185222 1.0643028288614 1.04864151147194 1.3486379259266 1.39171003876254 1.1944472969044 1.13080659275874 1.28759489767253 1.39018391002901 0.935823283391073 1.51627023215406 1.84409517259337 1.27672638348304 1.15298392181285 1.16295486036688
1.80158044560812 0.98920951038599 0.989491838030517 1.79462568066083 0.954063343349844 1.70502355974168 1.45721718040295 0 1.56777999270707 1.36820514523424 1.53920872928575 1.26592242275365 1.12058084877208 1.33712787088007 1.21060270024464 1.5009485646151 1.4857812630944 0.942789164138958 1.59992064768448 1.20189917110838 1.32402021018788 1.43379298993386 1.51970476820134 1.06690776417963 1.06621762528084 1.59381997887976 1.05730907153338 1.01620520232245 1.45520155085251 1.29559691948816
1.86515353620052 1.0929361092858 1.68221333017573 1.60646230634302 1.66611922136508 1.68824354372919 1.45680309669115 1.56777999270707 0 0.930528294760734 1.28915274259634 1.31115264981054 1.59131032670848 1.00012471224181 1.4672513178084 1.85652636061423 1.82397130364552 1.81145712523721 1.86438138107769 1.60924833710305 1.76187467388809 1.13890116172843 1.45729565736838 1.38714614929631 1.47212033788674 1.63921563373879 0.961249533342198 1.02813190338202 1.02799887047149 1.4268744669389
1.44309725193307 1.03115834388882 1.59326751483604 1.82609917409718 1.72403027815744 1.07599839055911 1.05046151182614 1.36820514523424 0.930528294760734 0 1.32356196199544 0.967324007069692 1.4185265682172 1.0110833751969 0.993897382868454 1.70663116406649 1.8880823047366 1.68847083323635 1.32495834329166 1.28892200347036 1.68040806986392 1.40966216544621 1.09080239175819 1.4915054324083 1.89061767817475 0.938217646209523 1.499976180261 1.17482876032591 1.14372233161703 1.4930111784488
1.46940231113695 1.53054465097375 1.83950043679215 0.920779181877151 1.60361282806844 1.64735523192212 1.6082204808481 1.53920872928575 1.28915274259634 1.32356196199544 0 1.17042449116707 0.984084638999775 1.59626575792208 0.949302807683125 1.25887094833888 1.5575455785729 1.09005047823302 1.43987380992621 1.79001087765209 1.035748725757 1.19898573611863 1.59601124050096 1.21584689896554 1.72387592983432 1.64994118525647 1.72347548953258 0.918735312530771 1.52710899338126 1.74601669656113
1.50942070176825 1.83840624941513 1.82614575908519 1.5738405669108 1.80178232653998 1.56241405825131 1.32973752799444 1.26592242275365 1.31115264981054 0.967324007069692 1.17042449116707 0 1.45671775075607 1.82846797863021 1.65192766487598 1.30796092306264 0.958996379980817 1.28324121166952 1.45448172115721 0.989600642584264 1.53957690601237 1.73274281527847 1.12208961229771 1.14484608103521 1.17605641810223 1.83854511147365 1.2227440578863 1.42077763867564 1.26663425704464 1.02873596316203
1.41673325118609 1.70318755391054 1.68939794995822 1.893633591244 1.87727718148381 0.98967216629535 1.2650153436698 1.12058084877208 1.59131032670848 1.4185265682172 0.984084638999775 1.45671775075607 0 1.59058396937326 1.26299489894882 1.78121301694773 1.66338784340769 1.82830072869547 1.67270252783783 1.74391995090991 1.75200388091616 1.25865256087855 0.925937899388373 1.90533226286061 1.64686278137378 1.74457156821154 1.35814414103515 1.62266241642646 0.987477925838903 1.35464898333885
1.03552627214231 1.7372460893821 1.50057254242711 1.58831271645613 1.81815006677061 1.61224216432311 1.52828443585895 1.33712787088007 1.00012471224181 1.0110833751969 1.59626575792208 1.82846797863021 1.59058396937326 0 1.80316310073249 1.61982060247101 1.58584918663837 1.29311731294729 0.98546473798342 1.49934745952487 1.25554516538978 1.32298009283841 1.82207982661203 1.7453265611548 1.72769541107118 1.53286611405201 1.81250995770097 1.52384461415932 1.16579030011781 1.51649575331248
1.77469956781715 1.81010207324289 0.956108103273436 1.11211897153407 1.44171579554677 1.19743446703069 1.40145872812718 1.21060270024464 1.4672513178084 0.993897382868454 0.949302807683125 1.65192766487598 1.26299489894882 1.80316310073249 0 1.01128596509807 1.79453010228463 1.8809668389149 1.48675398924388 1.77084993594326 1.56074216403067 1.58687110780738 1.79194651916623 0.941555079538375 1.21291522006504 1.28193883434869 1.31100457115099 1.2056089558173 1.82136265025474 1.2727901886683
1.84558700420894 1.12760982010514 1.79407196305692 1.84757118253037 1.19264230318367 1.14799825055525 1.15647949185222 1.5009485646151 1.85652636061423 1.70663116406649 1.25887094833888 1.30796092306264 1.78121301694773 1.61982060247101 1.01128596509807 0 1.23274264601059 1.58513501775451 0.955041726119816 1.19867336377501 1.61204194207676 1.53886657487601 1.52430064347573 0.954488683491945 1.29512457083911 1.1780188314151 1.09528043563478 1.44284552242607 1.65968839311972 1.30738956155255
1.44942193781026 1.41746894852258 1.30307730520144 1.22118379175663 1.90352148353122 1.87843160028569 1.0643028288614 1.4857812630944 1.82397130364552 1.8880823047366 1.5575455785729 0.958996379980817 1.66338784340769 1.58584918663837 1.79453010228463 1.23274264601059 0 1.84393179276958 1.73907803767361 0.926737045170739 1.5872971965 1.1314468246419 1.17291587800719 1.41288684960455 1.82023990270682 1.79062450886704 1.09815607126802 1.32001138734631 0.994921055389568 1.27263759006746
1.66171976248734 1.22061445889995 1.45063189091161 1.24092932022177 1.58517313934863 1.79553584824316 1.04864151147194 0.942789164138958 1.81145712523721 1.68847083323635 1.09005047823302 1.28324121166952 1.82830072869547 1.29311731294729 1.8809668389149 1.58513501775451 1.84393179276958 0 1.4261734392494 0.963882559444755 1.52291905274615 1.61756835645065 1.87356121931225 1.88937083026394 1.12819100590423 0.984499999089167 1.47090727090836 1.6171766105108 1.61819882877171 1.20801444724202
1.60721722850576 1.30731091275811 1.73507716530003 1.27646287367679 1.88154841121286 1.88313201675192 1.3486379259266 1.59992064768448 1.86438138107769 1.32495834329166 1.43987380992621 1.45448172115721 1.67270252783783 0.98546473798342 1.48675398924388 0.955041726119816 1.73907803767361 1.4261734392494 0 1.25574767333455 1.57202143035829 1.47063365997747 1.1960620819591 1.38172712316737 1.49382358812727 0.981900616083294 1.89779312792234 1.7256137712393 1.27783997636288 1.76441491302103
1.64389868755825 1.02278667502105 1.65322770760395 1.49448500294238 1.78483599005267 1.44693125551566 1.39171003876254 1.20189917110838 1.60924833710305 1.28892200347036 1.79001087765209 0.989600642584264 1.74391995090991 1.49934745952487 1.77084993594326 1.19867336377501 0.926737045170739 0.963882559444755 1.25574767333455 0 1.6897731453646 0.9431030403357 1.52840365166776 1.1338304434903 0.995309717720374 0.997460685204715 1.37085083127022 1.3973703563679 1.58315865253098 1.43883966561407
1.7974230281543 1.77540490077808 1.5941640206147 1.28318044124171 1.03858565422706 1.31128827179782 1.1944472969044 1.32402021018788 1.76187467388809 1.68040806986392 1.035748725757 1.53957690601237 1.75200388091616 1.25554516538978 1.56074216403067 1.61204194207676 1.5872971965 1.52291905274615 1.57202143035829 1.6897731453646 0 1.75579369114712 1.71050269179977 0.984391283476725 1.76978654367849 1.2401445589494 1.21736677363515 1.0285296163056 1.27087100502104 1.78210884844884
1.60414003790356 1.58662167657167 1.14142861939035 1.28514238423668 1.30063164234161 1.41745899547823 1.13080659275874 1.43379298993386 1.13890116172843 1.40966216544621 1.19898573611863 1.73274281527847 1.25865256087855 1.32298009283841 1.58687110780738 1.53886657487601 1.1314468246419 1.61756835645065 1.47063365997747 0.9431030403357 1.75579369114712 0 1.85728161712177 1.41354499338195 1.49558706395328 0.929874985245988 1.45768249756657 0.951017576968297 1.67750695417635 1.08968505240045
1.57754659606144 1.70182858593762 1.0292772334069 1.06588462507352 1.45166820287704 0.986767244990915 1.28759489767253 1.51970476820134 1.45729565736838 1.09080239175819 1.59601124050096 1.12208961229771 0.925937899388373 1.82207982661203 1.79194651916623 1.52430064347573 1.17291587800719 1.87356121931225 1.1960620819591 1.52840365166776 1.71050269179977 1.85728161712177 0 1.70522741111927 1.87441634456627 1.61114341719076 1.87076966743916 1.03130764956586 1.30251307715662 1.6597062270157
1.54000056511723 1.02153691323474 1.68737103044987 0.977953670080751 1.52301463903859 0.915660096565261 1.39018391002901 1.06690776417963 1.38714614929631 1.4915054324083 1.21584689896554 1.14484608103521 1.90533226286061 1.7453265611548 0.941555079538375 0.954488683491945 1.41288684960455 1.88937083026394 1.38172712316737 1.1338304434903 0.984391283476725 1.41354499338195 1.70522741111927 0 1.05722199287266 1.46398794720881 1.08601980702952 1.84159447695129 1.87944530975074 0.97698905155994
1.22242766921408 1.37720122258179 1.20579000934958 1.14933663466945 1.10703969257884 1.41528120986186 0.935823283391073 1.06621762528084 1.47212033788674 1.89061767817475 1.72387592983432 1.17605641810223 1.64686278137378 1.72769541107118 1.21291522006504 1.29512457083911 1.82023990270682 1.12819100590423 1.49382358812727 0.995309717720374 1.76978654367849 1.49558706395328 1.87441634456627 1.05722199287266 0 1.23593615368009 1.87633690005168 0.988605185877532 1.82845016941428 1.39733286155388
1.20584922493435 0.995969511801377 1.70485722529702 1.15325687965378 1.75788234686479 1.64655919093639 1.51627023215406 1.59381997887976 1.63921563373879 0.938217646209523 1.64994118525647 1.83854511147365 1.74457156821154 1.53286611405201 1.28193883434869 1.1780188314151 1.79062450886704 0.984499999089167 0.981900616083294 0.997460685204715 1.2401445589494 0.929874985245988 1.61114341719076 1.46398794720881 1.23593615368009 0 1.10015756939538 1.62067670468241 1.68006573407911 1.20499318954535
1.53805853100494 1.21110684261657 1.89356654905714 1.78787745605223 0.996770563768223 1.44483199901879 1.84409517259337 1.05730907153338 0.961249533342198 1.499976180261 1.72347548953258 1.2227440578863 1.35814414103515 1.81250995770097 1.31100457115099 1.09528043563478 1.09815607126802 1.47090727090836 1.89779312792234 1.37085083127022 1.21736677363515 1.45768249756657 1.87076966743916 1.08601980702952 1.87633690005168 1.10015756939538 0 1.88402748969384 1.40697484416887 0.962663743179291
1.81314027309418 1.61035011243075 1.74605602747761 1.46425877697766 0.945577520644292 1.78570401459001 1.27672638348304 1.01620520232245 1.02813190338202 1.17482876032591 0.918735312530771 1.42077763867564 1.62266241642646 1.52384461415932 1.2056089558173 1.44284552242607 1.32001138734631 1.6171766105108 1.7256137712393 1.3973703563679 1.0285296163056 0.951017576968297 1.03130764956586 1.84159447695129 0.988605185877532 1.62067670468241 1.88402748969384 0 1.65503679588437 1.03172693029046
1.6507819108665 1.62788580846973 1.33309427462518 1.46357500413433 1.61339432303794 1.30598301580176 1.15298392181285 1.45520155085251 1.02799887047149 1.14372233161703 1.52710899338126 1.26663425704464 0.987477925838903 1.16579030011781 1.82136265025474 1.65968839311972 0.994921055389568 1.61819882877171 1.27783997636288 1.58315865253098 1.27087100502104 1.67750695417635 1.30251307715662 1.87944530975074 1.82845016941428 1.68006573407911 1.40697484416887 1.65503679588437 0 1.84157013753429
1.71151858172379 1.22428500000387 1.01061867340468 0.984974435297772 1.14416328375228 1.40196397015825 1.16295486036688 1.29559691948816 1.4268744669389 1.4930111784488 1.74601669656113 1.02873596316203 1.35464898333885 1.51649575331248 1.2727901886683 1.30738956155255 1.27263759006746 1.20801444724202 1.76441491302103 1.43883966561407 1.78210884844884 1.08968505240045 1.6597062270157 0.97698905155994 1.39733286155388 1.20499318954535 0.962663743179291 1.03172693029046 1.84157013753429 0
