0 0.989317556610331 1.4934856814798 1.56765609956346 0.884872608585283 1.17343434342183 1.07764420867898 1.11643215804361 0.912085428833961 1.79240040574223 1.79152394505218 0.911072983173653 1.52647123392671 0.999511091737077 1.63816961180419 1.77206973778084 1.58348354185 1.11608700104989 1.19976426102221 1.51717919274233 1.27626186003909 1.50949464947917 1.49096946977079 1.36795896315016 1.82991378800943 0.991826151497662 1.11828508088365 1.57164831715636 1.49644527025521 1.01539147924632
0.989317556610331 0 1.5312285288237 1.79293773928657 1.07310131471604 1.79197834059596 1.50708924792707 1.41299342946149 1.22998622851446 1.30225882772356 1.622880858602 1.07996170781553 1.09429949754849 1.51701971958391 1.58887856267393 1.17700956575572 1.47910542506725 1.17834347207099 1.2462674989365 0.871481307083741 1.10592982894741 1.62230013962835 0.936543432762846 0.940434350632131 1.35762877529487 1.32353207282722 1.66910639242269 1.19817623030394 1.16054358799011 1.59243985358626
1.4934856814798 1.5312285288237 0 1.33196370257065 1.25191304879263 0.895275886636227 1.82372367684729 1.52799704903737 1.28423324949108 1.32109475973994 1.63837255118415 1.25336163141765 1.67234765761532 1.39745885133743 0.999417505925521 0.9120789677836 1.80323877441697 1.54569421499036 1.22044519544579 1.26405135029927 1.47863717167638 1.54566127504222 1.83067148225382 1.70636301464401 1.4123182350304 1.05286412173882 1.34963956917636 1.06902012624778 1.63251315127127 1.26788689033128
1.56765609956346 1.79293773928657 1.33196370257065 0 0.973051459062845 1.48593886313029 1.32225968525745 1.48564386647195 1.19357114238665 1.1393441602122 1.41239560884424 1.02588697778992 1.46597219118848 1.81138721387833 1.29084524745122 0.914117471082136 1.68214921373874 1.46033549541607 1.74566566501744 1.08195865829475 1.15322034899145 1.06162983621471 0.925195491872728 1.75639283237979 1.26714057195932 1.80815979558975 1.76338770613074 1.49120262544602 1.43711692094803 1.25207144184969
0.884872608585283 1.07310131471604 1.25191304879263 0.973051459062845 0 1.25987124862149 1.61872799624689 1.034328593174 0.951303205918521 1.48160175024532 1.4070368388202 1.50191931379959 1.48799468367361 1.38695886172354 1.04990322794765 1.52958673774265 0.897658495232463 1.57090930547565 1.84369995398447 1.71408942807466 1.75285050179809 1.59698382485658 1.0701667482499 1.38853398733772 1.65297286491841 1.37894285889342 0.880463959416375 1.76539938570932 0.960330259753391 1.39549746923149
1.17343434342183 1.79197834059596 0.895275886636227 1.48593886313029 1.25987124862149 0 1.62026581098326 1.00336248381063 1.83843732858077 1.4201003247872 0.889841482508928 1.22691024304368 1.00277816527523 1.09068322251551 0.928097672760487 1.16065188846551 1.57389556849375 0.978628299897537 1.47102889348753 1.71882636123337 1.31518377480097 1.47389055951498 0.935395595617592 1.49978563911282 1.05522924941033 1.49573606089689 1.74034454696812 1.48581768665463 1.42018387792632 0.998820411972702
1.07764420867898 1.50708924792707 1.82372367684729 1.32225968525745 1.61872799624689 1.62026581098326 0 1.67519169859588 0.983392775524408 1.82644689246081 1.42608439037576 1.53880018810742 0.903426415054128 1.09862436703406 1.43235192145221 1.75550728105009 1.84916199743748 1.74138165684417 1.59933001641184 1.75358722847886 1.18754260218702 1.20116361323744 1.74973880732432 1.62710938020609 1.3609606246464 1.69181476323865 1.62717598723248 1.31014762818813 0.911813732702285 1.44106231234036
1.11643215804361 1.41299342946149 1.52799704903737 1.48564386647195 1.034328593174 1.00336248381063 1.67519169859588 0 1.7613302404061 1.81345775374211 1.05700250947848 1.45517853833735 0.991230886196718 0.983019787585363 1.0314668007195 1.45095232501626 0.868662153370678 1.10944058350287 1.21884751366451 1.44947166880593 1.79267319804057 1.30147653259337 1.78802697313949 1.17614461039193 1.58905362477526 0.927574560046196 1.86137795401737 1.46603698143736 1.13625846244395 0.88942773733288
0.912085428833961 1.22998622851446 1.28423324949108 1.19357114238665 0.951303205918521 1.83843732858077 0.983392775524408 1.7613302404061 0 1.22381249302998 1.21897939033806 1.38530769082718 1.06858690502122 1.27408987120725 1.86266365810297 1.13336343038827 1.25216746795923 1.8169947846327 1.6075717494823 1.84066727291793 1.62284655985422 1.08566009206697 0.911091561429203 1.25914814556018 1.41216374118812 1.32191668846644 1.0597970855888 1.11930127767846 1.85835979296826 0.928963619051501
1.79240040574223 1.30225882772356 1.32109475973994 1.1393441602122 1.48160175024532 1.4201003247872 1.82644689246081 1.81345775374211 1.22381249302998 0 1.4406232254114 1.40883309650235 1.64231060189195 0.896501544164494 0.936923671979457 1.22586461296305 1.51526079163887 1.68620311794803 1.49817605176941 1.24392207968049 1.43514888151549 1.51590993301943 1.65550246369094 1.70536292204633 1.45265802182257 1.25980340037495 1.64742854749784 1.65093543147668 1.37292020046152 1.204433046747
1.79152394505218 1.622880858602 1.63837255118415 1.41239560884424 1.4070368388202 0.889841482508928 1.42608439037576 1.05700250947848 1.21897939033806 1.4406232254114 0 1.09838805650361 1.39319721539505 1.79670787835494 1.1452406749595 1.15239500417374 1.3172111317981 1.8262936854735 1.06584996008314 1.16433719079942 1.44814356532879 1.4913602527231 1.34775849524885 1.31454598414712 1.68416542024352 1.26317043253221 1.70484182192013 1.54543901071884 1.8518375067506 1.22464999556541
0.911072983173653 1.07996170781553 1.25336163141765 1.02588697778992 1.50191931379959 1.22691024304368 1.53880018810742 1.45517853833735 1.38530769082718 1.40883309650235 1.09838805650361 0 1.20998333510943 1.47712219064124 1.04053924512118 1.34625797136687 1.63650966738351 1.56959089473821 1.05933022289537 1.46333809243515 1.52087770425715 1.49979309458286 1.1013780857902 1.29992395080626 1.36367334495299 1.2435094229877 0.870813192334026 1.01944627333432 0.865541419479996 1.60920975613408
1.52647123392671 1.09429949754849 1.67234765761532 1.46597219118848 1.48799468367361 1.00277816527523 0.903426415054128 0.991230886196718 1.06858690502122 1.64231060189195 1.39319721539505 1.20998333510943 0 1.61820291541517 1.70065348083153 1.60949763888493 1.84765267348848 1.67980308341794 1.57121160812676 1.53793825046159 1.67634213669226 1.40179137862287 1.41077930130996 1.48931250511669 1.20894590183161 0.998198658460751 1.34466128633358 1.35804882459342 1.64568499731831 1.60237581189722
0.999511091737077 1.51701971958391 1.39745885133743 1.81138721387833 1.38695886172354 1.09068322251551 1.09862436703406 0.983019787585363 1.27408987120725 0.896501544164494 1.79670787835494 1.47712219064124 1.61820291541517 0 1.17215463519096 1.77764487406239 1.16620027646422 1.29448784724809 1.35322019574232 1.34960116446018 1.68712723627687 1.71025584219024 0.967328340513632 1.58424279629253 1.22596258227713 1.76932338485494 1.06442650221288 1.63385993521661 1.64054467645474 0.899423294700682
1.63816961180419 1.58887856267393 0.999417505925521 1.29084524745122 1.04990322794765 0.928097672760487 1.43235192145221 1.0314668007195 1.86266365810297 0.936923671979457 1.1452406749595 1.04053924512118 1.70065348083153 1.17215463519096 0 0.931581629207358 1.84725954453461 1.75804113666527 0.984237713739276 1.25148319266737 1.21265886584297 1.40897301374935 1.54252606118098 0.936229363549501 1.79559687711298 1.84532726043835 1.59079260216095 1.02166973333806 1.70606732089072 1.72348751011305
1.77206973778084 1.17700956575572 0.9120789677836 0.914117471082136 1.52958673774265 1.16065188846551 1.75550728105009 1.45095232501626 1.13336343038827 1.22586461296305 1.15239500417374 1.34625797136687 1.60949763888493 1.77764487406239 0.931581629207358 0 1.33976508141495 0.906523064011708 1.47450817632489 0.959121081745252 1.49613945977762 1.50025023100898 1.80868706060573 1.82711853063665 1.85117173008621 1.68056224286556 1.05180279607885 1.0278545843903 1.30024360516109 1.66320696123876
1.58348354185 1.47910542506725 1.80323877441697 1.68214921373874 0.897658495232463 1.57389556849375 1.84916199743748 0.868662153370678 1.25216746795923 1.51526079163887 1.3172111317981 1.63650966738351 1.84765267348848 1.16620027646422 1.84725954453461 1.33976508141495 0 0.977239678381011 1.19263814412989 1.04673831537366 1.04477903526276 1.31405124417506 0.99749606451951 1.24476406071335 1.06227511074394 1.37172990781255 1.00631746230647 1.82134917215444 1.52815086115152 1.62494350853376
1.11608700104989 1.17834347207099 1.54569421499036 1.46033549541607 1.57090930547565 0.978628299897537 1.74138165684417 1.10944058350287 1.8169947846327 1.68620311794803 1.8262936854735 1.56959089473821 1.67980308341794 1.29448784724809 1.75804113666527 0.906523064011708 0.977239678381011 0 1.78158267308027 1.6806178111583 1.74364703986794 1.61922647687607 1.71968021662906 1.11401395546272 0.956381794298068 1.76851268857718 1.61126214102842 1.77556187217124 1.46405298798345 1.05656982166693
1.19976426102221 1.2462674989365 1.22044519544579 1.74566566501744 1.84369995398447 1.47102889348753 1.59933001641184 1.21884751366451 1.6075717494823 1.49817605176941 1.06584996008314 1.05933022289537 1.57121160812676 1.35322019574232 0.984237713739276 1.47450817632489 1.19263814412989 1.78158267308027 0 1.10832244553603 1.14675652841106 1.42773212562315 1.7364952834323 1.56394164543599 1.53699517739005 0.86656682100147 1.00814786995761 1.11930423276499 1.57259546779096 1.86112581961788
1.51717919274233 0.871481307083741 1.26405135029927 1.08195865829475 1.71408942807466 1.71882636123337 1.75358722847886 1.44947166880593 1.84066727291793 1.24392207968049 1.16433719079942 1.46333809243515 1.53793825046159 1.34960116446018 1.25148319266737 0.959121081745252 1.04673831537366 1.6806178111583 1.10832244553603 0 0.973070899723098 1.74159872997552 1.32606123108417 1.04236524016596 1.52355074300431 1.8198188978713 1.10098289442249 1.50280061969534 1.14794684713706 1.27445539669134
1.27626186003909 1.10592982894741 1.47863717167638 1.15322034899145 1.75285050179809 1.31518377480097 1.18754260218702 1.79267319804057 1.62284655985422 1.43514888151549 1.44814356532879 1.52087770425715 1.67634213669226 1.68712723627687 1.21265886584297 1.49613945977762 1.04477903526276 1.74364703986794 1.14675652841106 0.973070899723098 0 1.00550979073159 1.69440747075714 1.35459548304789 1.73888223455288 1.53134524542838 1.51091869617812 1.59307497111149 1.17285263398662 0.99393417686224
1.50949464947917 1.62230013962835 1.54566127504222 1.06162983621471 1.59698382485658 1.47389055951498 1.20116361323744 1.30147653259337 1.08566009206697 1.51590993301943 1.4913602527231 1.49979309458286 1.40179137862287 1.71025584219024 1.40897301374935 1.50025023100898 1.31405124417506 1.61922647687607 1.42773212562315 1.74159872997552 1.00550979073159 0 1.30602122610435 1.38953535724431 1.3268888941966 1.35791607387364 1.41713620536029 1.07262100582011 1.82803932647221 1.75873088277876
1.49096946977079 0.936543432762846 1.83067148225382 0.925195491872728 1.0701667482499 0.935395595617592 1.74973880732432 1.78802697313949 0.911091561429203 1.65550246369094 1.34775849524885 1.1013780857902 1.41077930130996 0.967328340513632 1.54252606118098 1.80868706060573 0.99749606451951 1.71968021662906 1.7364952834323 1.32606123108417 1.69440747075714 1.30602122610435 0 1.34085005265661 1.416526557412 0.994587077992037 1.21737894788384 1.69855745718814 1.23462662869133 1.7512751375325
1.36795896315016 0.940434350632131 1.70636301464401 1.75639283237979 1.38853398733772 1.49978563911282 1.62710938020609 1.17614461039193 1.25914814556018 1.70536292204633 1.31454598414712 1.29992395080626 1.48931250511669 1.58424279629253 0.936229363549501 1.82711853063665 1.24476406071335 1.11401395546272 1.56394164543599 1.04236524016596 1.35459548304789 1.38953535724431 1.34085005265661 0 1.22540878970176 1.76710757240653 1.85217314818874 1.65062377229333 1.85522632533684 1.62558451178484
1.82991378800943 1.35762877529487 1.4123182350304 1.26714057195932 1.65297286491841 1.05522924941033 1.3609606246464 1.58905362477526 1.41216374118812 1.45265802182257 1.68416542024352 1.36367334495299 1.20894590183161 1.22596258227713 1.79559687711298 1.85117173008621 1.06227511074394 0.956381794298068 1.53699517739005 1.52355074300431 1.73888223455288 1.3268888941966 1.416526557412 1.22540878970176 0 1.27368134818971 1.19346134830266 1.49396311701275 1.07798896636814 0.893213395029306
0.991826151497662 1.32353207282722 1.05286412173882 1.80815979558975 1.37894285889342 1.49573606089689 1.69181476323865 0.927574560046196 1.32191668846644 1.25980340037495 1.26317043253221 1.2435094229877 0.998198658460751 1.76932338485494 1.84532726043835 1.68056224286556 1.37172990781255 1.76851268857718 0.86656682100147 1.8198188978713 1.53134524542838 1.35791607387364 0.994587077992037 1.76710757240653 1.27368134818971 0 1.70313331880607 1.07045750645921 1.05422775470652 1.63226058054715
1.11828508088365 1.66910639242269 1.34963956917636 1.76338770613074 0.880463959416375 1.74034454696812 1.62717598723248 1.86137795401737 1.0597970855888 1.64742854749784 1.70484182192013 0.870813192334026 1.34466128633358 1.06442650221288 1.59079260216095 1.05180279607885 1.00631746230647 1.61126214102842 1.00814786995761 1.10098289442249 1.51091869617812 1.41713620536029 1.21737894788384 1.85217314818874 1.19346134830266 1.70313331880607 0 1.0077304544393 1.40519988234155 1.01792876329273
1.57164831715636 1.19817623030394 1.06902012624778 1.49120262544602 1.76539938570932 1.48581768665463 1.31014762818813 1.46603698143736 1.11930127767846 1.65093543147668 1.54543901071884 1.01944627333432 1.35804882459342 1.63385993521661 1.02166973333806 1.0278545843903 1.82134917215444 1.77556187217124 1.11930423276499 1.50280061969534 1.59307497111149 1.07262100582011 1.69855745718814 1.65062377229333 1.49396311701275 1.07045750645921 1.0077304544393 0 1.11182500584982 1.22950429236516
1.49644527025521 1.16054358799011 1.63251315127127 1.43711692094803 0.960330259753391 1.42018387792632 0.911813732702285 1.13625846244395 1.85835979296826 1.37292020046152 1.8518375067506 0.865541419479996 1.64568499731831 1.64054467645474 1.70606732089072 1.30024360516109 1.52815086115152 1.46405298798345 1.57259546779096 1.14794684713706 1.17285263398662 1.82803932647221 1.23462662869133 1.85522632533684 1.07798896636814 1.05422775470652 1.40519988234155 1.11182500584982 0 1.38640247751027
1.01539147924632 1.59243985358626 1.26788689033128 1.25207144184969 1.39549746923149 0.998820411972702 1.44106231234036 0.88942773733288 0.928963619051501 1.204433046747 1.22464999556541 1.60920975613408 1.60237581189722 0.899423294700682 1.72348751011305 1.66320696123876 1.62494350853376 1.05656982166693 1.86112581961788 1.27445539669134 0.99393417686224 1.75873088277876 1.7512751375325 1.62558451178484 0.893213395029306 1.63226058054715 1.01792876329273 1.22950429236516 1.38640247751027 0
