0 1.79013164085336 1.8903613423463 1.51991789555177 1.27670974610373 1.03573471657 1.75302551221102 1.56855479907244 1.80447667976841 1.53012243192643 1.16061640717089 1.18254628265277 1.19901746092364 1.70800208672881 1.00417002546601 1.36497579072602 1.87678292882629 1.3065238809213 1.05694159003906 1.62413103412837 1.26771938824095 1.22012919443659 1.60202081454918 1.38194722798653 1.1302957769949 1.50153815187514 1.26322622527368 1.78425679099746 1.26626496668905 1.12336973100901
1.79013164085336 0 0.976072278106585 1.16543906135485 1.06829837383702 0.956298652105033 1.89772584056482 1.45180468750186 1.57805898180231 1.64637014945038 1.47498744539917 1.63823846634477 1.88418282265775 1.19895948609337 1.85774921649136 1.889533004025 1.68217394896783 1.80262206261978 1.37472467008047 1.7496112533845 0.96426487644203 1.00299008283764 1.32485088403337 1.02266644826159 1.60178924212232 1.41088213096373 1.39051089668646 1.50118597410619 1.61791433906183 1.06161638232879
1.8903613423463 0.976072278106585 0 1.69225108996034 1.69487881404348 1.06689082481898 1.36754111107439 1.91034086607397 1.01367715955712 1.84797376440838 1.06212447211146 1.93403571355157 1.8700514161028 1.12535732425749 1.63689259090461 1.68776138289832 1.8430324497167 1.71336983749643 1.1465770623181 1.19196492852643 1.09306606929749 1.51777607179247 1.40538563695736 1.69468904403038 1.00578742590733 1.33571312506683 1.8071680215653 1.21871350263245 1.32012946414761 1.43395614949986
1.51991789555177 1.16543906135485 1.69225108996034 0 1.90650650672615 1.58480623085052 1.28152922936715 1.35707841417752 1.33366913581267 1.29283867357299 0.99078938504681 1.02924650372006 0.950400098226964 1.18636605283245 0.969904166646302 1.57667810679413 1.55399173661135 1.26405201340094 1.4804839217104 1.90509102120996 1.11647548084147 1.33278967323713 1.81469075614586 1.13238852354698 1.31552623375319 1.8444191061426 1.20383821800351 1.82704210281372 1.86138059617952 1.82630391931161
1.27670974610373 1.06829837383702 1.69487881404348 1.90650650672615 0 1.41682833689265 1.49889489845373 1.48858594452031 1.07283902261406 1.40767523879185 1.32917323964648 1.47584546729922 1.30750788887963 1.55695275776088 1.76531528239138 1.03525050566532 1.1422653447371 1.81529219518416 1.23887844290584 1.61756239668466 1.02073275553994 1.1295217552688 1.72243591630831 1.8287740368396 1.74765515979379 1.74917137087323 1.19315083208494 0.950755798025057 1.92468007607386 1.18988172127865
1.03573471657 0.956298652105033 1.06689082481898 1.58480623085052 1.41682833689265 0 1.93874318758026 1.38613626081496 1.50466663530096 0.98743901681155 1.00990303559229 1.61578310863115 1.35076282126829 1.62410523626022 1.84352877992205 1.03130626515485 1.07467290502973 1.7297147794161 1.49683800945058 0.964591565309092 1.63868144713342 1.85698714107275 1.218057109043 1.84179119719192 1.23450950230472 1.61781376274303 1.78530676593073 1.63078559888527 1.51456833304837 1.48408928653225
1.75302551221102 1.89772584056482 1.36754111107439 1.28152922936715 1.49889489845373 1.93874318758026 0 1.52259797463194 1.53848109603859 1.63696511252783 1.8978822925128 1.94380161026493 1.4785261452198 1.48723914474249 1.52521098358557 1.90273250988685 1.82895843335427 1.36142479558475 1.5791513887234 1.24834269843996 1.91436181240715 1.89590891683474 1.0667048515752 1.13040331332013 1.28236716450192 1.37516085687093 1.65609073988162 1.36572961835191 1.00735094887204 1.31513500679284
1.56855479907244 1.45180468750186 1.91034086607397 1.35707841417752 1.48858594452031 1.38613626081496 1.52259797463194 0 1.40086411195807 1.05345087940805 1.78565454250202 1.59244158188812 1.09853108646348 1.17707530688494 1.64017484220676 1.60556031344458 1.91106959665194 1.83023103582673 1.79198495252058 1.32254028855823 1.67121730395593 1.55335813434795 1.3961126965005 1.87627195171081 1.33737999293953 1.16965538868681 1.21931155957282 1.53086818102747 1.82590989978053 1.62805478135124
1.80447667976841 1.57805898180231 1.01367715955712 1.33366913581267 1.07283902261406 1.50466663530096 1.53848109603859 1.40086411195807 0 1.35771932615899 1.43041693256237 1.91892591142096 1.06895205471665 1.02984658977948 1.15782311744988 1.91519238729961 1.14671587664634 1.21287713316269 1.72938493080437 1.10955611756071 1.92339975922368 1.92917548702098 0.974348915275186 1.78289971360937 1.92350978008471 1.81938888924196 1.32376808277331 1.79371563973837 1.92208454734646 1.14591567590833
1.53012243192643 1.64637014945038 1.84797376440838 1.29283867357299 1.40767523879185 0.98743901681155 1.63696511252783 1.05345087940805 1.35771932615899 0 1.16074187937193 1.86628677044064 1.16225026594475 1.36022719694301 1.92637819936499 1.04864080063999 1.06470574182458 1.41346386028454 1.629842459457 1.68771554483101 1.61403444898315 1.66270050639287 1.15067622228526 1.41570702870376 1.81438335124403 1.0374270286411 1.31878115376458 1.54477561917156 1.40888382866979 1.12192896706983
1.16061640717089 1.47498744539917 1.06212447211146 0.99078938504681 1.32917323964648 1.00990303559229 1.8978822925128 1.78565454250202 1.43041693256237 1.16074187937193 0 1.28633819008246 1.0622586265672 1.01617250731215 1.62096876441501 1.279406927526 1.37731968332082 1.80277640139684 1.39898108784109 1.00937225297093 1.0261318217963 1.09259896026924 1.0191548760049 0.994443747680634 1.4733772103209 1.85183826019056 1.75873744068667 1.75414331723005 1.53331741015427 0.991348089883104
1.18254628265277 1.63823846634477 1.93403571355157 1.02924650372006 1.47584546729922 1.61578310863115 1.94380161026493 1.59244158188812 1.91892591142096 1.86628677044064 1.28633819008246 0 1.22521412256174 1.80976359685883 1.19056610227562 1.89764175610617 1.87914899270982 1.43526691733859 1.54859279631637 1.05948737543076 1.28906739153899 1.66664178087376 1.53025413909927 1.3768374491483 1.59390317858197 1.6729892261792 1.9454139075242 1.25743532110937 1.12813142198138 0.990629033651203
1.19901746092364 1.88418282265775 1.8700514161028 0.950400098226964 1.30750788887963 1.35076282126829 1.4785261452198 1.09853108646348 1.06895205471665 1.16225026594475 1.0622586265672 1.22521412256174 0 1.43227459513582 1.85454278462566 1.90253175422549 1.31942172464915 1.75203003780916 1.73254531924613 1.34202573541552 1.67557721491903 1.86517361691222 1.32361752050929 1.30891146976501 1.16125905537046 1.79317648801953 1.8118960452266 1.00178814702667 1.04149616789073 1.32571006543003
1.70800208672881 1.19895948609337 1.12535732425749 1.18636605283245 1.55695275776088 1.62410523626022 1.48723914474249 1.17707530688494 1.02984658977948 1.36022719694301 1.01617250731215 1.80976359685883 1.43227459513582 0 1.47539249015972 1.38703433726914 1.46379229961894 1.09173216065392 1.61930864560418 1.19849835266359 1.79032358154655 1.42514574714005 1.12485170434229 1.54314160416834 1.91081820079125 1.16198405763134 1.06441287626512 1.480063426774 1.90874654962681 1.85659203538671
1.00417002546601 1.85774921649136 1.63689259090461 0.969904166646302 1.76531528239138 1.84352877992205 1.52521098358557 1.64017484220676 1.15782311744988 1.92637819936499 1.62096876441501 1.19056610227562 1.85454278462566 1.47539249015972 0 0.983791860984638 1.45406167511828 1.18249054416083 1.65207798033953 1.19781529344618 1.50970219587907 1.41014931490645 0.950696502579376 0.949971742462367 1.4115392062813 1.20881514530629 1.70852383133024 1.20299752661958 1.44757047505118 0.95832526544109
1.36497579072602 1.889533004025 1.68776138289832 1.57667810679413 1.03525050566532 1.03130626515485 1.90273250988685 1.60556031344458 1.91519238729961 1.04864080063999 1.279406927526 1.89764175610617 1.90253175422549 1.38703433726914 0.983791860984638 0 1.71748202643357 1.94284435664304 1.62612347095273 1.40264297812246 1.5025690686889 1.15429204399697 1.4653642855119 1.72160943271592 1.08098414121196 1.36705523403361 1.56009039049968 1.40114715788513 1.52019009343348 1.49677289323881
1.87678292882629 1.68217394896783 1.8430324497167 1.55399173661135 1.1422653447371 1.07467290502973 1.82895843335427 1.91106959665194 1.14671587664634 1.06470574182458 1.37731968332082 1.87914899270982 1.31942172464915 1.46379229961894 1.45406167511828 1.71748202643357 0 1.90662404312752 1.66548676998354 1.92616801522672 1.79674644442275 1.68233763566241 0.967880990589038 1.91722613968886 1.76611331361346 1.93271045293659 1.70305874827318 1.51478705415502 0.953787147067487 1.89343969617039
1.3065238809213 1.80262206261978 1.71336983749643 1.26405201340094 1.81529219518416 1.7297147794161 1.36142479558475 1.83023103582673 1.21287713316269 1.41346386028454 1.80277640139684 1.43526691733859 1.75203003780916 1.09173216065392 1.18249054416083 1.94284435664304 1.90662404312752 0 1.26721411338076 1.90905999625102 1.1207715163473 1.68714885925874 1.0361919850111 0.999464008724317 1.43559555080719 1.59833975532092 1.54747919877991 1.75045607471839 1.39475465612486 1.8279807860963
1.05694159003906 1.37472467008047 1.1465770623181 1.4804839217104 1.23887844290584 1.49683800945058 1.5791513887234 1.79198495252058 1.72938493080437 1.629842459457 1.39898108784109 1.54859279631637 1.73254531924613 1.61930864560418 1.65207798033953 1.62612347095273 1.66548676998354 1.26721411338076 0 1.06986629706807 1.27586006466299 1.76198432408273 1.48120443033986 1.34288540715352 1.03100065328181 1.6777449643705 1.47638745349832 1.80924236145802 1.64435217017308 1.40168970287777
1.62413103412837 1.7496112533845 1.19196492852643 1.90509102120996 1.61756239668466 0.964591565309092 1.24834269843996 1.32254028855823 1.10955611756071 1.68771554483101 1.00937225297093 1.05948737543076 1.34202573541552 1.19849835266359 1.19781529344618 1.40264297812246 1.92616801522672 1.90905999625102 1.06986629706807 0 1.20374969555996 1.71945414994843 0.958287024637684 1.04900063294917 1.23824606579728 1.11051705782302 1.04085304704495 1.35053786681965 1.40455101034604 1.03421771945432
1.26771938824095 0.96426487644203 1.09306606929749 1.11647548084147 1.02073275553994 1.63868144713342 1.91436181240715 1.67121730395593 1.92339975922368 1.61403444898315 1.0261318217963 1.28906739153899 1.67557721491903 1.79032358154655 1.50970219587907 1.5025690686889 1.79674644442275 1.1207715163473 1.27586006466299 1.20374969555996 0 1.9025932168588 1.94180371402763 1.13202477386221 1.59913588594645 1.19046875624917 1.34683263488114 1.3222556610126 1.49908678978682 1.54597620852292
1.22012919443659 1.00299008283764 1.51777607179247 1.33278967323713 1.1295217552688 1.85698714107275 1.89590891683474 1.55335813434795 1.92917548702098 1.66270050639287 1.09259896026924 1.66664178087376 1.86517361691222 1.42514574714005 1.41014931490645 1.15429204399697 1.68233763566241 1.68714885925874 1.76198432408273 1.71945414994843 1.9025932168588 0 1.89164813701063 1.81795606482774 1.33330560289323 1.5289926440455 1.40986729157157 1.44306012848392 1.68912826501764 1.27561791124754
1.60202081454918 1.32485088403337 1.40538563695736 1.81469075614586 1.72243591630831 1.218057109043 1.0667048515752 1.3961126965005 0.974348915275186 1.15067622228526 1.0191548760049 1.53025413909927 1.32361752050929 1.12485170434229 0.950696502579376 1.4653642855119 0.967880990589038 1.0361919850111 1.48120443033986 0.958287024637684 1.94180371402763 1.89164813701063 0 1.8846571398899 1.74736553686671 1.25108280894347 1.86006848653778 1.56096431217156 1.28819190408103 1.62182829738595
1.38194722798653 1.02266644826159 1.69468904403038 1.13238852354698 1.8287740368396 1.84179119719192 1.13040331332013 1.87627195171081 1.78289971360937 1.41570702870376 0.994443747680634 1.3768374491483 1.30891146976501 1.54314160416834 0.949971742462367 1.72160943271592 1.91722613968886 0.999464008724317 1.34288540715352 1.04900063294917 1.13202477386221 1.81795606482774 1.8846571398899 0 1.34115031547844 0.951330737909302 1.85199466720223 1.11170812463388 1.47217877558433 1.3716187227983
1.1302957769949 1.60178924212232 1.00578742590733 1.31552623375319 1.74765515979379 1.23450950230472 1.28236716450192 1.33737999293953 1.92350978008471 1.81438335124403 1.4733772103209 1.59390317858197 1.16125905537046 1.91081820079125 1.4115392062813 1.08098414121196 1.76611331361346 1.43559555080719 1.03100065328181 1.23824606579728 1.59913588594645 1.33330560289323 1.74736553686671 1.34115031547844 0 1.8015310796909 1.6424135453999 1.61422541853972 1.66165088675916 1.55053499038331
1.50153815187514 1.41088213096373 1.33571312506683 1.8444191061426 1.74917137087323 1.61781376274303 1.37516085687093 1.16965538868681 1.81938888924196 1.0374270286411 1.85183826019056 1.6729892261792 1.79317648801953 1.16198405763134 1.20881514530629 1.36705523403361 1.93271045293659 1.59833975532092 1.6777449643705 1.11051705782302 1.19046875624917 1.5289926440455 1.25108280894347 0.951330737909302 1.8015310796909 0 1.85530453990214 1.10767029249109 1.00041183899157 1.74140136060305
1.26322622527368 1.39051089668646 1.8071680215653 1.20383821800351 1.19315083208494 1.78530676593073 1.65609073988162 1.21931155957282 1.32376808277331 1.31878115376458 1.75873744068667 1.9454139075242 1.8118960452266 1.06441287626512 1.70852383133024 1.56009039049968 1.70305874827318 1.54747919877991 1.47638745349832 1.04085304704495 1.34683263488114 1.40986729157157 1.86006848653778 1.85199466720223 1.6424135453999 1.85530453990214 0 1.26970776217058 1.64366160961799 1.77022334281355
1.78425679099746 1.50118597410619 1.21871350263245 1.82704210281372 0.950755798025057 1.63078559888527 1.36572961835191 1.53086818102747 1.79371563973837 1.54477561917156 1.75414331723005 1.25743532110937 1.00178814702667 1.480063426774 1.20299752661958 1.40114715788513 1.51478705415502 1.75045607471839 1.80924236145802 1.35053786681965 1.3222556610126 1.44306012848392 1.56096431217156 1.11170812463388 1.61422541853972 1.10767029249109 1.26970776217058 0 1.53867569798604 1.61202336824499
1.26626496668905 1.61791433906183 1.32012946414761 1.86138059617952 1.92468007607386 1.51456833304837 1.00735094887204 1.82590989978053 1.92208454734646 1.40888382866979 1.53331741015427 1.12813142198138 1.04149616789073 1.90874654962681 1.44757047505118 1.52019009343348 0.953787147067487 1.39475465612486 1.64435217017308 1.40455101034604 1.49908678978682 1.68912826501764 1.28819190408103 1.47217877558433 1.66165088675916 1.00041183899157 1.64366160961799 1.53867569798604 0 1.49598108744249
1.12336973100901 1.06161638232879 1.43395614949986 1.82630391931161 1.18988172127865 1.48408928653225 1.31513500679284 1.62805478135124 1.14591567590833 1.12192896706983 0.991348089883104 0.990629033651203 1.32571006543003 1.85659203538671 0.95832526544109 1.49677289323881 1.89343969617039 1.8279807860963 1.40168970287777 1.03421771945432 1.54597620852292 1.27561791124754 1.62182829738595 1.3716187227983 1.55053499038331 1.74140136060305 1.77022334281355 1.61202336824499 1.49598108744249 0
