0 1.27161482186057 1.28687304118648 1.70118913473561 1.90998577047139 1.66145723871887 1.14871259615757 1.47371914726682 1.67186469282024 1.54133069468662 1.22435081168078 1.50460187601857 1.10731830028817 1.3322029733099 1.82379926741123 1.05610238970257 1.6436000072863 1.39279884356074 1.5573486792855 1.88476923946291 1.47829242423177 1.32464871928096 1.20212691789493 1.62339951191097 1.56261773058213 1.32495136582293 1.71891758125275 1.00131351267919 1.09356978465803 1.86005055648275
1.27161482186057 0 0.974540245952085 1.72612759238109 1.19186479086056 1.94176700105891 1.85581083339639 1.1661419919692 1.55800994974561 1.12795260362327 1.47856460255571 1.47506461990997 1.04508161265403 1.92554808221757 1.73701345641166 1.10792187834159 1.69183533056639 1.60695317899808 1.73288296442479 1.01038863928989 1.61242974665947 1.48558687232435 1.19318732875399 1.35031964117661 1.75682186894119 1.6390733346343 1.00817643641494 1.55994516192004 1.24926263745874 1.91804000991397
1.28687304118648 0.974540245952085 0 1.48125930386595 1.55171334324405 1.66893935506232 1.20199115062132 1.63003397500142 1.02171662682667 1.72252540593036 1.3332929587923 1.60880518401973 1.08013553684577 1.36110542737879 1.4482588856481 1.23009899049066 1.36175812897272 1.46360277687199 1.48462468455546 1.48513457784429 1.91401607706212 1.86694070394151 1.73046638467349 1.90511944121681 1.66089267958887 1.86117466259748 0.951628239825368 1.22069816943258 1.36181841557845 1.46506671933457
1.70118913473561 1.72612759238109 1.48125930386595 0 1.59529583994299 1.83467790507711 1.34089786279947 1.15688224299811 1.67211819952354 1.73648265632801 1.92686615255661 1.62532722507603 1.77836726559326 1.80957048991695 1.58813852071762 1.84473047638312 1.66609484353103 1.25147271621972 1.64094026316889 0.981876293895766 1.14102832297795 1.1798304959666 1.70401526172645 1.06715751928277 1.64079298847355 1.88012587488629 1.2033988093026 1.21447199792601 1.58765917271376 1.51890726201236
1.90998577047139 1.19186479086056 1.55171334324405 1.59529583994299 0 1.24129175464623 1.7780002169311 1.16653369716369 1.74531189305708 1.00863273069263 1.51402691937983 1.45948146027513 1.60524756670929 1.11006235913374 1.60734353028238 1.56628675293177 1.03875377215445 1.81129741063341 1.02277637040243 1.74540578853339 1.18900597421452 1.44653051276691 1.03490275703371 1.74341334565543 1.72645873110741 1.61474458221346 1.68328111129813 1.71754957083613 1.25433850893751 0.942573874955997
1.66145723871887 1.94176700105891 1.66893935506232 1.83467790507711 1.24129175464623 0 1.79950957628898 1.06391511741094 1.67548244213685 1.67457701545209 1.03900918946601 0.984642293769866 1.46952696493827 1.43374236626551 1.01581821055152 1.56404910027049 1.86311786808074 1.15328299906105 0.985529079800472 1.56041959440336 1.8773593485821 1.49607335473411 1.30211183219217 1.1474937426392 1.59483982645907 1.46617445745505 1.06712058279663 1.18452313332818 1.9138322037179 1.07606296078302
1.14871259615757 1.85581083339639 1.20199115062132 1.34089786279947 1.7780002169311 1.79950957628898 0 1.70986648485996 1.0162765479181 1.58992006001063 1.05525403213687 1.84336910001002 0.954061756376177 1.19250971823931 1.12600843748078 1.22194612352178 1.44951513689011 1.56011641887017 1.30932958982885 1.75106945680454 1.38920028065331 1.61073692562059 1.28697787085548 1.40829106653109 1.32579231471755 0.992037926102057 1.39017904945649 1.28750713472255 1.25864040432498 1.03509026649408
1.47371914726682 1.1661419919692 1.63003397500142 1.15688224299811 1.16653369716369 1.06391511741094 1.70986648485996 0 1.55388667737134 1.86946102767251 1.75360158202238 0.945455709705129 1.09048308222555 1.47827226528898 0.976089369039983 1.86928181466646 1.15853875991888 1.17740389984101 1.93882979894988 1.1590293564368 1.24402267462574 1.89189212303609 1.33662601094693 1.4274169690907 1.64037041226402 1.18683216511272 1.56954052322544 1.23808317771181 1.37146388855763 1.31277778511867
1.67186469282024 1.55800994974561 1.02171662682667 1.67211819952354 1.74531189305708 1.67548244213685 1.0162765479181 1.55388667737134 0 1.67437983490527 1.10133187915199 1.47261769720353 1.8464690821711 1.18633084394969 1.33157527842559 0.955898110056296 1.80769821000285 1.46052226540633 1.65279521001503 1.32016954245046 1.698392477585 1.22890649153851 1.51687091891654 1.31282822717912 1.5323765934445 1.18278474919498 1.324865227798 1.87944050971419 1.14200275857002 1.01449242606759
1.54133069468662 1.12795260362327 1.72252540593036 1.73648265632801 1.00863273069263 1.67457701545209 1.58992006001063 1.86946102767251 1.67437983490527 0 1.49740596627817 1.92637165938504 1.7747460284736 1.62090184702538 1.1780297816731 1.90068322326988 1.23594387364574 1.16492599877529 1.11389026208781 1.7654226263985 1.13039938849397 1.74738008808345 1.60755252907984 1.88689778465778 1.47605463652872 1.88666819198988 1.82430129009299 1.46131647890434 1.53657138114795 1.8217655448243
1.22435081168078 1.47856460255571 1.3332929587923 1.92686615255661 1.51402691937983 1.03900918946601 1.05525403213687 1.75360158202238 1.10133187915199 1.49740596627817 0 0.942476036259905 1.93398186913691 1.28529164148495 1.12651017284952 1.09537085518241 1.83316068397835 1.23269691551104 1.6403508388903 0.979052307317033 1.85611489438452 1.88915078551508 1.65237382310443 1.91382832382806 1.38544783112593 1.10760732297786 1.53128611342981 1.85679942043498 1.62593011767603 1.84597449819557
1.50460187601857 1.47506461990997 1.60880518401973 1.62532722507603 1.45948146027513 0.984642293769866 1.84336910001002 0.945455709705129 1.47261769720353 1.92637165938504 0.942476036259905 0 1.77275971951894 0.944726546062157 1.4363130920101 1.66136581404135 1.60102693550289 1.9333707340993 1.13322359579615 1.69442712166347 1.8305605025962 1.56342740938999 1.74494054750539 0.971352287568152 1.56724496372044 1.07499580644071 1.69721268187277 1.03452567383647 1.36322647728957 1.60093327239156
1.10731830028817 1.04508161265403 1.08013553684577 1.77836726559326 1.60524756670929 1.46952696493827 0.954061756376177 1.09048308222555 1.8464690821711 1.7747460284736 1.93398186913691 1.77275971951894 0 1.57069956930354 1.66672305157408 1.52355237770826 1.1674967543222 1.02572964550927 1.36130911041982 1.36167305195704 1.3837912925519 1.52385844127275 1.26196516444907 1.35849076532759 1.8912315396592 1.51975019555539 1.71855865162797 1.10150753217749 1.41768310684711 1.49999696365558
1.3322029733099 1.92554808221757 1.36110542737879 1.80957048991695 1.11006235913374 1.43374236626551 1.19250971823931 1.47827226528898 1.18633084394969 1.62090184702538 1.28529164148495 0.944726546062157 1.57069956930354 0 1.8154330868274 1.50149366282858 1.85715294373222 1.5026294500567 1.44150981144048 1.29530796455219 0.958667110884562 1.80761021492071 1.63814112124965 0.954329933971167 1.88007196900435 1.74977757711895 1.74320369539782 1.01633105403744 0.968507960205898 1.073899904266
1.82379926741123 1.73701345641166 1.4482588856481 1.58813852071762 1.60734353028238 1.01581821055152 1.12600843748078 0.976089369039983 1.33157527842559 1.1780297816731 1.12651017284952 1.4363130920101 1.66672305157408 1.8154330868274 0 1.60410842881538 1.54517546808347 1.81320289918222 1.83779948647134 1.5802562807221 1.13436296768486 1.19317502714694 1.04982430650853 1.33862108853646 1.3919233167544 1.68742510234006 1.88182143168524 1.1124483498279 1.26827387930825 1.28466861136258
1.05610238970257 1.10792187834159 1.23009899049066 1.84473047638312 1.56628675293177 1.56404910027049 1.22194612352178 1.86928181466646 0.955898110056296 1.90068322326988 1.09537085518241 1.66136581404135 1.52355237770826 1.50149366282858 1.60410842881538 0 1.03372045606375 1.49371723341756 1.83126489259303 1.26447522360831 1.75331381359138 1.12089407956228 1.50656219944358 1.1929355377797 1.00613670959137 1.20985044795088 1.10295234248042 1.76992764254101 1.48483041697182 1.05385760450736
1.6436000072863 1.69183533056639 1.36175812897272 1.66609484353103 1.03875377215445 1.86311786808074 1.44951513689011 1.15853875991888 1.80769821000285 1.23594387364574 1.83316068397835 1.60102693550289 1.1674967543222 1.85715294373222 1.54517546808347 1.03372045606375 0 1.14419080805965 1.48055048356764 1.80515885562636 1.01232665614225 1.7113051856868 1.20325927413069 1.3008379638195 1.6956916959025 1.16548598557711 1.8015273725614 1.48776423651725 1.91714826831594 1.42326708394103
1.39279884356074 1.60695317899808 1.46360277687199 1.25147271621972 1.81129741063341 1.15328299906105 1.56011641887017 1.17740389984101 1.46052226540633 1.16492599877529 1.23269691551104 1.9333707340993 1.02572964550927 1.5026294500567 1.81320289918222 1.49371723341756 1.14419080805965 0 1.93919754005037 1.67607459286228 1.13379359897226 0.961919148219749 1.80011895718053 1.34701162111014 0.957783658057451 1.49991744174622 1.52016745810397 1.52395140216686 1.77946062781848 1.31063907290809
1.5573486792855 1.73288296442479 1.48462468455546 1.64094026316889 1.02277637040243 0.985529079800472 1.30932958982885 1.93882979894988 1.65279521001503 1.11389026208781 1.6403508388903 1.13322359579615 1.36130911041982 1.44150981144048 1.83779948647134 1.83126489259303 1.48055048356764 1.93919754005037 0 1.13289436884224 1.29917966271751 1.35303255915642 1.14816926349886 0.962469812948257 1.66233411151916 1.107570578577 1.07652621809393 1.34549807431176 1.10181269212626 1.70504660042934
1.88476923946291 1.01038863928989 1.48513457784429 0.981876293895766 1.74540578853339 1.56041959440336 1.75106945680454 1.1590293564368 1.32016954245046 1.7654226263985 0.979052307317033 1.69442712166347 1.36167305195704 1.29530796455219 1.5802562807221 1.26447522360831 1.80515885562636 1.67607459286228 1.13289436884224 0 1.80307503510267 1.68732453486882 1.66215531877242 1.85253986972384 1.13487381115556 1.06465098727494 1.01462867017835 0.950957257533446 1.65752669540234 1.82442893483676
1.47829242423177 1.61242974665947 1.91401607706212 1.14102832297795 1.18900597421452 1.8773593485821 1.38920028065331 1.24402267462574 1.698392477585 1.13039938849397 1.85611489438452 1.8305605025962 1.3837912925519 0.958667110884562 1.13436296768486 1.75331381359138 1.01232665614225 1.13379359897226 1.29917966271751 1.80307503510267 0 1.50591318169609 1.47115051816218 1.15489503345452 1.84081733971834 1.63063214509748 1.41688267490827 1.52644299063832 1.52434820029885 1.52886954671703
1.32464871928096 1.48558687232435 1.86694070394151 1.1798304959666 1.44653051276691 1.49607335473411 1.61073692562059 1.89189212303609 1.22890649153851 1.74738008808345 1.88915078551508 1.56342740938999 1.52385844127275 1.80761021492071 1.19317502714694 1.12089407956228 1.7113051856868 0.961919148219749 1.35303255915642 1.68732453486882 1.50591318169609 0 1.73290249239653 1.30388188478537 1.52295112237334 1.43533941381611 1.56668382347561 1.68767139781266 1.50011623068713 1.32027881289832
1.20212691789493 1.19318732875399 1.73046638467349 1.70401526172645 1.03490275703371 1.30211183219217 1.28697787085548 1.33662601094693 1.51687091891654 1.60755252907984 1.65237382310443 1.74494054750539 1.26196516444907 1.63814112124965 1.04982430650853 1.50656219944358 1.20325927413069 1.80011895718053 1.14816926349886 1.66215531877242 1.47115051816218 1.73290249239653 0 1.20838856324553 1.92876270622946 1.21063396800309 1.75539983203635 1.60245657758787 1.23699981346726 1.3477374240756
1.62339951191097 1.35031964117661 1.90511944121681 1.06715751928277 1.74341334565543 1.1474937426392 1.40829106653109 1.4274169690907 1.31282822717912 1.88689778465778 1.91382832382806 0.971352287568152 1.35849076532759 0.954329933971167 1.33862108853646 1.1929355377797 1.3008379638195 1.34701162111014 0.962469812948257 1.85253986972384 1.15489503345452 1.30388188478537 1.20838856324553 0 1.73393386276439 1.73511465615593 1.48302885517478 1.02912211092189 1.69065455324017 1.16203061700799
1.56261773058213 1.75682186894119 1.66089267958887 1.64079298847355 1.72645873110741 1.59483982645907 1.32579231471755 1.64037041226402 1.5323765934445 1.47605463652872 1.38544783112593 1.56724496372044 1.8912315396592 1.88007196900435 1.3919233167544 1.00613670959137 1.6956916959025 0.957783658057451 1.66233411151916 1.13487381115556 1.84081733971834 1.52295112237334 1.92876270622946 1.73393386276439 0 1.50155000807717 1.85194374714047 1.38542404468171 1.4046635213308 1.34635044937022
1.32495136582293 1.6390733346343 1.86117466259748 1.88012587488629 1.61474458221346 1.46617445745505 0.992037926102057 1.18683216511272 1.18278474919498 1.88666819198988 1.10760732297786 1.07499580644071 1.51975019555539 1.74977757711895 1.68742510234006 1.20985044795088 1.16548598557711 1.49991744174622 1.107570578577 1.06465098727494 1.63063214509748 1.43533941381611 1.21063396800309 1.73511465615593 1.50155000807717 0 1.39067664532922 1.26373773557134 1.33250331389718 0.989049615804106
1.71891758125275 1.00817643641494 0.951628239825368 1.2033988093026 1.68328111129813 1.06712058279663 1.39017904945649 1.56954052322544 1.324865227798 1.82430129009299 1.53128611342981 1.69721268187277 1.71855865162797 1.74320369539782 1.88182143168524 1.10295234248042 1.8015273725614 1.52016745810397 1.07652621809393 1.01462867017835 1.41688267490827 1.56668382347561 1.75539983203635 1.48302885517478 1.85194374714047 1.39067664532922 0 1.89772185799666 1.11936583486386 1.37333105411381
1.00131351267919 1.55994516192004 1.22069816943258 1.21447199792601 1.71754957083613 1.18452313332818 1.28750713472255 1.23808317771181 1.87944050971419 1.46131647890434 1.85679942043498 1.03452567383647 1.10150753217749 1.01633105403744 1.1124483498279 1.76992764254101 1.48776423651725 1.52395140216686 1.34549807431176 0.950957257533446 1.52644299063832 1.68767139781266 1.60245657758787 1.02912211092189 1.38542404468171 1.26373773557134 1.89772185799666 0 1.12554738065228 1.84240657044575
1.09356978465803 1.24926263745874 1.36181841557845 1.58765917271376 1.25433850893751 1.9138322037179 1.25864040432498 1.37146388855763 1.14200275857002 1.53657138114795 1.62593011767603 1.36322647728957 1.41768310684711 0.968507960205898 1.26827387930825 1.48483041697182 1.91714826831594 1.77946062781848 1.10181269212626 1.65752669540234 1.52434820029885 1.50011623068713 1.23699981346726 1.69065455324017 1.4046635213308 1.33250331389718 1.11936583486386 1.12554738065228 0 1.8805067371577
1.86005055648275 1.91804000991397 1.46506671933457 1.51890726201236 0.942573874955997 1.07606296078302 1.03509026649408 1.31277778511867 1.01449242606759 1.8217655448243 1.84597449819557 1.60093327239156 1.49999696365558 1.073899904266 1.28466861136258 1.05385760450736 1.42326708394103 1.31063907290809 1.70504660042934 1.82442893483676 1.52886954671703 1.32027881289832 1.3477374240756 1.16203061700799 1.34635044937022 0.989049615804106 1.37333105411381 1.84240657044575 1.8805067371577 0
