0 1.48676306963898 1.79270460247062 1.60905708814971 1.2061021765694 1.58019992173649 1.55574357323349 1.15169393923134 1.24951798934489 0.956715208245441 1.81928370590322 1.06805152259767 1.15984768490307 1.16954716807231 1.73886057734489 1.85097015509382 1.50038858596236 1.21137771382928 1.04078404419124 1.61410545767285 1.69551987829618 1.85567920608446 1.90760658937506 1.35918008629233 1.2412771533709 1.18476363969967 1.84090705704875 1.48828881792724 1.01884794700891 1.88001539791003
1.48676306963898 0 1.4585090377368 1.25491948914714 1.48706764983945 1.91529875691049 1.05298340762965 1.51867979671806 1.92856057872996 1.25744826276787 1.87358005018905 0.978593891486526 1.89409036026336 1.38952653226443 1.19259775360115 1.07678331807256 1.43389076902531 1.84105198574252 1.17270413297229 1.72210385417566 1.22867822810076 1.1629158698488 1.54180767945945 0.957997200079262 1.60732914623804 1.39015297568403 1.87373001943342 1.71418220270425 1.61883631628007 1.69067332567647
1.79270460247062 1.4585090377368 0 0.948345514480025 1.6630118698813 1.04693743470125 1.47876594797708 1.70416510151699 1.40397926745936 1.39057366317138 1.69562262226827 1.46350717521273 1.62450681440532 1.77798320446163 1.12587698944844 1.73959343926981 1.32417783234268 1.15017724200152 1.30479276599362 1.5426472700201 1.69749443465844 1.74642851552926 1.54991675773636 1.55465832119808 1.87734501808882 1.66657863138244 1.84241083683446 1.37460912903771 1.28322622482665 1.38702567713335
1.60905708814971 1.25491948914714 0.948345514480025 0 1.60601813485846 1.79198521748185 1.35213146684691 1.75223675277084 1.64159824838862 0.988989915465936 1.83479143120348 0.981794311199337 1.67807174986228 1.82681857794523 1.79626260255463 1.34677329170518 1.72125106700696 1.02592574618757 1.00525660417043 1.3846750552766 1.14906676090322 1.48070463165641 1.85255541559309 1.35893922485411 1.84242475777864 1.11608866089955 1.61954576196149 1.04124212567694 1.26538362377323 1.14590282784775
1.2061021765694 1.48706764983945 1.6630118698813 1.60601813485846 0 1.55123875010759 1.66845169453882 0.997692955425009 1.70005224272609 1.75540288956836 1.80541148013435 0.950137875275686 1.20032486878335 1.57424582610838 1.7415274369996 1.47254965687171 1.11545413429849 1.53048039018176 1.93114776629955 1.8444355216343 1.62458792072721 1.40873532067053 1.52846198156476 1.49169287038967 1.73835942801088 1.83928145165555 1.69175477372482 1.13963898434304 1.83636585855857 1.57188640907407
1.58019992173649 1.91529875691049 1.04693743470125 1.79198521748185 1.55123875010759 0 1.78110530111007 1.92279868060723 1.44289591442794 1.11507857497782 1.06115838303231 1.04175140173174 1.42134383157827 1.23031259421259 1.30812510615215 1.6128026181832 0.986303474754095 1.39742186688818 0.989674695767462 1.41168269817717 1.62072520516813 0.972433363785967 1.35921048512682 1.05791409360245 1.77338652592152 1.80624783877283 1.42502584075555 1.07663431973197 1.76045714365318 1.17640847223811
1.55574357323349 1.05298340762965 1.47876594797708 1.35213146684691 1.66845169453882 1.78110530111007 0 0.999286494450644 1.18776363763027 0.957174430601299 1.35707605723292 1.48147724405862 1.07888695318252 1.72235900326632 1.73924371809699 1.28311329195276 1.634761455236 1.3135008297395 1.26009161723778 0.981492199003696 1.32834899844602 1.50615787738934 1.04515995341353 0.99512436776422 1.74348472966813 1.41772359586321 1.09214346227236 1.56150927185081 1.75850924476981 1.74860278819688
1.15169393923134 1.51867979671806 1.70416510151699 1.75223675277084 0.997692955425009 1.92279868060723 0.999286494450644 0 1.49672348611057 1.16094329580665 1.75899789109826 1.65793392248452 1.1617940897122 1.23886802187189 1.32661002571695 1.7785703886766 0.936495205853134 1.56830591149628 1.90044359234162 1.46844260301441 1.595693891868 1.36140935565345 0.989477316383272 1.8432006991934 1.40642384532839 1.3013249898795 1.20135992881842 1.25346626457758 1.04495506803505 1.35763388732448
1.24951798934489 1.92856057872996 1.40397926745936 1.64159824838862 1.70005224272609 1.44289591442794 1.18776363763027 1.49672348611057 0 1.77819622866809 1.78164338320494 1.3929324534256 1.22707308130339 1.46038757148199 1.14062803378329 0.991976236691698 1.75453482265584 1.37734549352899 1.88780782953836 1.70552919129841 1.57239043852314 1.8815636606887 1.32488680072129 1.4897906719707 1.78403829643503 1.17388177616522 1.28384981909767 1.40580244758166 1.78465047990903 1.0905436349567
0.956715208245441 1.25744826276787 1.39057366317138 0.988989915465936 1.75540288956836 1.11507857497782 0.957174430601299 1.16094329580665 1.77819622866809 0 1.8142745452933 1.52614455204457 1.81374424719252 1.21118679805659 1.03532249643467 1.61651246016845 1.69322220003232 1.36017359304242 1.92186018661596 1.7098946205806 1.82255027256906 1.3398169898428 1.44798676227219 1.13842282746918 1.1333924701903 1.74461835529655 1.00295165576972 1.88028351962566 1.79147981782444 1.90040123392828
1.81928370590322 1.87358005018905 1.69562262226827 1.83479143120348 1.80541148013435 1.06115838303231 1.35707605723292 1.75899789109826 1.78164338320494 1.8142745452933 0 1.28663779073395 1.44948098063469 1.07881204411387 1.30571338883601 1.79750900459476 1.71392454626039 1.71206487738527 1.70967279234901 1.65402849158272 1.33930629189126 1.39728807238862 1.44954009028152 1.90135928173549 1.23993123415858 1.40419896133244 1.55088837305084 1.38025117153302 1.35566736501642 1.28026259038597
1.06805152259767 0.978593891486526 1.46350717521273 0.981794311199337 0.950137875275686 1.04175140173174 1.48147724405862 1.65793392248452 1.3929324534256 1.52614455204457 1.28663779073395 0 1.66547175124288 1.35992861399427 1.5055303259287 1.16070814151317 1.64429327985272 1.44716420583427 1.54563404340297 1.89646468334831 1.2938425168395 1.05204955046065 1.38576862821355 1.2783252694644 1.86942292936146 1.85942745907232 1.85340180550702 1.34140635607764 1.73571745911613 1.13883683993481
1.15984768490307 1.89409036026336 1.62450681440532 1.67807174986228 1.20032486878335 1.42134383157827 1.07888695318252 1.1617940897122 1.22707308130339 1.81374424719252 1.44948098063469 1.66547175124288 0 1.24150727782398 1.5017923170235 1.93412920366973 1.85250344523229 1.29427202511579 1.40777484769933 1.84607877442613 1.9198986296542 1.36895079095848 1.60865376004949 1.81553266593255 1.42943377792835 1.82506121089682 1.36487137922086 1.27128496696241 1.57759648514912 0.999972086399794
1.16954716807231 1.38952653226443 1.77798320446163 1.82681857794523 1.57424582610838 1.23031259421259 1.72235900326632 1.23886802187189 1.46038757148199 1.21118679805659 1.07881204411387 1.35992861399427 1.24150727782398 0 1.88620744552463 0.954846875276417 1.70194744970649 1.85239381436259 1.00974292703904 1.1705074487254 1.3550736499019 1.06676577916369 1.83008951321244 1.73249217867851 1.59740457264706 1.31397514673881 1.8454717558343 1.19533471367322 1.5793341298122 1.7804219701793
1.73886057734489 1.19259775360115 1.12587698944844 1.79626260255463 1.7415274369996 1.30812510615215 1.73924371809699 1.32661002571695 1.14062803378329 1.03532249643467 1.30571338883601 1.5055303259287 1.5017923170235 1.88620744552463 0 1.35293749929406 1.22684350074269 1.36187380435877 1.22258017305285 1.78839249094017 1.74564849492162 1.25851011858322 0.937898852163926 1.05078482558019 1.00604713056237 1.87628920772113 1.74172692606226 1.16047196555883 0.994165686191991 1.34732284350321
1.85097015509382 1.07678331807256 1.73959343926981 1.34677329170518 1.47254965687171 1.6128026181832 1.28311329195276 1.7785703886766 0.991976236691698 1.61651246016845 1.79750900459476 1.16070814151317 1.93412920366973 0.954846875276417 1.35293749929406 0 1.8389153694734 1.47367851412855 1.5784480527509 0.937758663436398 1.52732461388223 1.89821321377531 1.19882752583362 1.25157283758745 1.19659472093917 1.42284639342688 1.80739096342586 1.74298784532584 1.89648245484568 1.78020478272811
1.50038858596236 1.43389076902531 1.32417783234268 1.72125106700696 1.11545413429849 0.986303474754095 1.634761455236 0.936495205853134 1.75453482265584 1.69322220003232 1.71392454626039 1.64429327985272 1.85250344523229 1.70194744970649 1.22684350074269 1.8389153694734 0 1.16900254180655 1.45637741172686 1.60326868109405 1.59818076272495 1.6628260188736 1.46008689608425 1.69792845100164 1.1048186449334 1.44431242742576 1.17016244633123 1.85084068239667 0.951203092234209 1.73679787106812
1.21137771382928 1.84105198574252 1.15017724200152 1.02592574618757 1.53048039018176 1.39742186688818 1.3135008297395 1.56830591149628 1.37734549352899 1.36017359304242 1.71206487738527 1.44716420583427 1.29427202511579 1.85239381436259 1.36187380435877 1.47367851412855 1.16900254180655 0 1.32826797268353 1.06960461265408 1.18019129964523 1.87936127977446 1.41194420983084 1.43186027859338 1.04073321190663 1.45803117821924 1.84716931381263 1.27125270757824 1.18990046926774 1.63165425346233
1.04078404419124 1.17270413297229 1.30479276599362 1.00525660417043 1.93114776629955 0.989674695767462 1.26009161723778 1.90044359234162 1.88780782953836 1.92186018661596 1.70967279234901 1.54563404340297 1.40777484769933 1.00974292703904 1.22258017305285 1.5784480527509 1.45637741172686 1.32826797268353 0 1.00775619433261 1.01057657483034 1.50252235610969 1.79346041148528 1.86438173800707 1.7514282669872 1.41714357747696 1.48779843538068 1.29905509366654 0.939394351094961 1.31645265314728
1.61410545767285 1.72210385417566 1.5426472700201 1.3846750552766 1.8444355216343 1.41168269817717 0.981492199003696 1.46844260301441 1.70552919129841 1.7098946205806 1.65402849158272 1.89646468334831 1.84607877442613 1.1705074487254 1.78839249094017 0.937758663436398 1.60326868109405 1.06960461265408 1.00775619433261 0 1.52643836266361 1.84902525879443 1.5690451040864 1.76907678577118 0.957169314613566 1.28431506850757 1.73313409090042 1.89316216204315 1.92810478084721 1.57600849028677
1.69551987829618 1.22867822810076 1.69749443465844 1.14906676090322 1.62458792072721 1.62072520516813 1.32834899844602 1.595693891868 1.57239043852314 1.82255027256906 1.33930629189126 1.2938425168395 1.9198986296542 1.3550736499019 1.74564849492162 1.52732461388223 1.59818076272495 1.18019129964523 1.01057657483034 1.52643836266361 0 1.11976300273091 1.67970140045509 1.36477762344293 1.06382956309244 0.989184750942513 1.21814114204608 1.49068888882175 1.49015107145533 1.43197458353825
1.85567920608446 1.1629158698488 1.74642851552926 1.48070463165641 1.40873532067053 0.972433363785967 1.50615787738934 1.36140935565345 1.8815636606887 1.3398169898428 1.39728807238862 1.05204955046065 1.36895079095848 1.06676577916369 1.25851011858322 1.89821321377531 1.6628260188736 1.87936127977446 1.50252235610969 1.84902525879443 1.11976300273091 0 1.32186312135309 0.987599659478292 1.22864669025876 1.25684816110879 1.34947020979598 1.16539446637034 1.62592079397291 1.91273461235687
1.90760658937506 1.54180767945945 1.54991675773636 1.85255541559309 1.52846198156476 1.35921048512682 1.04515995341353 0.989477316383272 1.32488680072129 1.44798676227219 1.44954009028152 1.38576862821355 1.60865376004949 1.83008951321244 0.937898852163926 1.19882752583362 1.46008689608425 1.41194420983084 1.79346041148528 1.5690451040864 1.67970140045509 1.32186312135309 0 1.09674408123828 1.02971172658727 1.39449246437289 1.6521331097465 1.29749658843502 1.27988871396519 1.41497116233222
1.35918008629233 0.957997200079262 1.55465832119808 1.35893922485411 1.49169287038967 1.05791409360245 0.99512436776422 1.8432006991934 1.4897906719707 1.13842282746918 1.90135928173549 1.2783252694644 1.81553266593255 1.73249217867851 1.05078482558019 1.25157283758745 1.69792845100164 1.43186027859338 1.86438173800707 1.76907678577118 1.36477762344293 0.987599659478292 1.09674408123828 0 1.68270788481459 1.59271766571328 1.66395123233087 1.32626415230334 1.01926270918921 1.40247704135254
1.2412771533709 1.60732914623804 1.87734501808882 1.84242475777864 1.73835942801088 1.77338652592152 1.74348472966813 1.40642384532839 1.78403829643503 1.1333924701903 1.23993123415858 1.86942292936146 1.42943377792835 1.59740457264706 1.00604713056237 1.19659472093917 1.1048186449334 1.04073321190663 1.7514282669872 0.957169314613566 1.06382956309244 1.22864669025876 1.02971172658727 1.68270788481459 0 1.55471470346674 1.82780036982149 1.17238970962353 1.04052913677879 1.15055235358886
1.18476363969967 1.39015297568403 1.66657863138244 1.11608866089955 1.83928145165555 1.80624783877283 1.41772359586321 1.3013249898795 1.17388177616522 1.74461835529655 1.40419896133244 1.85942745907232 1.82506121089682 1.31397514673881 1.87628920772113 1.42284639342688 1.44431242742576 1.45803117821924 1.41714357747696 1.28431506850757 0.989184750942513 1.25684816110879 1.39449246437289 1.59271766571328 1.55471470346674 0 1.45045380061492 1.91759775835089 1.52753283036873 1.9305160548538
1.84090705704875 1.87373001943342 1.84241083683446 1.61954576196149 1.69175477372482 1.42502584075555 1.09214346227236 1.20135992881842 1.28384981909767 1.00295165576972 1.55088837305084 1.85340180550702 1.36487137922086 1.8454717558343 1.74172692606226 1.80739096342586 1.17016244633123 1.84716931381263 1.48779843538068 1.73313409090042 1.21814114204608 1.34947020979598 1.6521331097465 1.66395123233087 1.82780036982149 1.45045380061492 0 1.43916750256903 1.911210230086 1.06753742904402
1.48828881792724 1.71418220270425 1.37460912903771 1.04124212567694 1.13963898434304 1.07663431973197 1.56150927185081 1.25346626457758 1.40580244758166 1.88028351962566 1.38025117153302 1.34140635607764 1.27128496696241 1.19533471367322 1.16047196555883 1.74298784532584 1.85084068239667 1.27125270757824 1.29905509366654 1.89316216204315 1.49068888882175 1.16539446637034 1.29749658843502 1.32626415230334 1.17238970962353 1.91759775835089 1.43916750256903 0 1.27117213467136 1.18744909879752
1.01884794700891 1.61883631628007 1.28322622482665 1.26538362377323 1.83636585855857 1.76045714365318 1.75850924476981 1.04495506803505 1.78465047990903 1.79147981782444 1.35566736501642 1.73571745911613 1.57759648514912 1.5793341298122 0.994165686191991 1.89648245484568 0.951203092234209 1.18990046926774 0.939394351094961 1.92810478084721 1.49015107145533 1.62592079397291 1.27988871396519 1.01926270918921 1.04052913677879 1.52753283036873 1.911210230086 1.27117213467136 0 1.00455480720848
1.88001539791003 1.69067332567647 1.38702567713335 1.14590282784775 1.57188640907407 1.17640847223811 1.74860278819688 1.35763388732448 1.0905436349567 1.90040123392828 1.28026259038597 1.13883683993481 0.999972086399794 1.7804219701793 1.34732284350321 1.78020478272811 1.73679787106812 1.63165425346233 1.31645265314728 1.57600849028677 1.43197458353825 1.91273461235687 1.41497116233222 1.40247704135254 1.15055235358886 1.9305160548538 1.06753742904402 1.18744909879752 1.00455480720848 0
