0 1.21491840248927 1.91135776811279 0.966898957500234 1.86211918434128 1.3825973814819 1.31083231931552 1.18236335553229 1.64176717051305 1.17121529672295 1.46880101948045 1.14969058544375 1.71278572687879 1.01624807412736 1.02897570468485 1.85914569511078 0.969572901027277 1.78025567135774 1.33409451483749 1.14216101681814 1.9239617313724 1.52433511707932 1.62694707000628 1.44637945760041 1.80844626179896 1.14009314030409 1.10786546114832 1.25282902922481 1.57202963274904 1.56904955627397
1.21491840248927 0 1.64111123210751 1.61992238974199 1.36666359216906 1.15574705647305 1.63271670439281 1.8441653882619 1.32772919908166 1.21859173546545 1.90614372119308 1.50376906176098 1.681279824581 1.53568574599922 1.17470792029053 0.992110165534541 1.36696340702474 1.69459017948247 1.30328314215876 1.06460944819264 1.3291251398623 1.37987256702036 1.68892850447446 1.31767691811547 1.42951563303359 1.77084041736089 1.42461679503322 1.33661945676431 1.73758632759564 0.996980446157977
1.91135776811279 1.64111123210751 0 1.12827303539962 1.87613056087866 1.3061330136843 1.28038880717941 1.17894406756386 1.63462060177699 1.24398269387893 1.88439879077487 1.50224804668687 1.27085001044907 1.54356630379334 1.36865268810652 1.0836649145931 1.17481471807696 1.03389633470215 1.66924281278625 1.46730902185664 1.63799350638874 1.09779725107364 1.6885916958563 1.0015867059119 1.42551543121226 1.79970780247822 1.48742203600705 1.24455281090923 1.17839637515135 0.990879286080599
0.966898957500234 1.61992238974199 1.12827303539962 0 1.49010380683467 1.14753940328956 1.82103093061596 1.11024231626652 1.21926179295406 1.62991240876727 1.202387499623 1.24285238725133 1.50262703350745 1.17708613001741 1.72640259354375 1.76426125247963 1.75941671570763 1.5336169404909 1.19908868218772 1.73263534344733 1.35145629616454 1.55598165281117 1.93176767299883 1.39450971316546 1.1191721954383 1.17696012789384 1.92806912190281 1.72429802897386 1.71709882514551 1.17671386059374
1.86211918434128 1.36666359216906 1.87613056087866 1.49010380683467 0 1.51464491756633 1.0318542837631 1.68486005137675 1.81748587079346 1.45138344937004 1.2961079585366 1.64230297668837 1.1032524087932 1.62246580445208 1.12458072090521 1.56166143389419 1.32329256297089 1.28256939025596 1.41483576665632 1.26777692581527 1.34684506151825 1.1231933508534 1.4856744245626 1.24640678730793 1.64386451453902 1.69598175748251 1.57286013895646 1.88232927117497 1.56117703346536 1.92714850511402
1.3825973814819 1.15574705647305 1.3061330136843 1.14753940328956 1.51464491756633 0 1.82205334678292 1.22499288269319 1.63417647057213 1.22349004307762 1.49273797916248 1.65088491165079 1.10739952232689 1.78840047260746 1.53084717527963 1.74227117933333 1.63301335694268 1.6878075406421 1.39355541369878 1.89387451810762 1.60004387260415 1.07854311005212 1.15237767831422 1.49674799502827 1.66211201786064 1.52986299293116 1.28943582298234 1.64859282365069 1.20246738498099 0.970695165451616
1.31083231931552 1.63271670439281 1.28038880717941 1.82103093061596 1.0318542837631 1.82205334678292 0 0.963197649922222 1.08361769607291 1.9351414735429 1.6759975864552 1.56681557395495 1.63813265878707 1.66080229007639 1.47272176644765 1.16883156332187 1.21015590848401 1.77874100813642 1.64192717638798 1.54235853464343 1.50711736665107 1.17704177042469 1.55263380939141 1.7014392092824 1.86376546602696 0.995201088953763 1.44390565017238 1.265522911679 1.56674223672599 1.85669031762518
1.18236335553229 1.8441653882619 1.17894406756386 1.11024231626652 1.68486005137675 1.22499288269319 0.963197649922222 0 1.12098207045346 1.45956254820339 0.991285453550518 1.36719769448973 1.48537923279218 1.13764657033607 1.88796578953043 1.189431526931 1.48310043266974 1.40390696027316 1.4926890542265 1.46059107757173 1.75883382442407 1.55512558296323 1.60340411216021 1.00865824194625 0.95605358434841 1.47274131048471 1.87354612979107 1.33966095279902 1.75542640965432 1.5301026860252
1.64176717051305 1.32772919908166 1.63462060177699 1.21926179295406 1.81748587079346 1.63417647057213 1.08361769607291 1.12098207045346 0 1.08520577079616 1.69920394034125 1.55969891278073 1.79298593732528 1.27149678184651 1.65801260038279 0.995538499671966 1.51843786682002 1.4618780000601 1.53654772485606 1.59227216779254 1.32447454007342 1.70065813534893 1.62735357228667 1.75622412096709 1.20819496479817 1.30780967185274 1.5305579896085 1.79477768321522 1.8715008799918 1.26662576524541
1.17121529672295 1.21859173546545 1.24398269387893 1.62991240876727 1.45138344937004 1.22349004307762 1.9351414735429 1.45956254820339 1.08520577079616 0 1.70102899498306 1.55819646641612 1.88931742124259 1.22512862202711 1.26507439184934 1.19014358567074 0.974143942119554 1.01737707550637 0.974775573471561 1.28398461919278 1.29818670265377 1.85211992077529 1.44466887856834 1.13122649444267 1.73235527495854 1.3393206296023 1.09162571467459 1.29334474727511 1.63109671208076 1.56655117962509
1.46880101948045 1.90614372119308 1.88439879077487 1.202387499623 1.2961079585366 1.49273797916248 1.6759975864552 0.991285453550518 1.69920394034125 1.70102899498306 0 1.44820461794734 1.88121880264953 1.94905143347569 1.75915859616362 1.27270349813625 1.59030990442261 1.71600198047236 1.28202256257646 1.07040836312808 1.45919573795982 1.76735441572964 1.27210250636563 1.51117265690118 1.5028365154285 1.51328258425929 1.78472626628354 1.90789266116917 1.7415935320314 1.90160348359495
1.14969058544375 1.50376906176098 1.50224804668687 1.24285238725133 1.64230297668837 1.65088491165079 1.56681557395495 1.36719769448973 1.55969891278073 1.55819646641612 1.44820461794734 0 1.69384728139266 1.82269838033244 0.962690792512149 1.24584273411892 1.1270442600362 1.57685897895135 1.48185496637598 1.22206861292943 1.62002226058394 1.03441129182465 1.78518723743036 1.71676338696852 1.19936066842638 1.34145285445265 1.2326246490702 1.62375070876442 1.05513356323354 1.38276917859912
1.71278572687879 1.681279824581 1.27085001044907 1.50262703350745 1.1032524087932 1.10739952232689 1.63813265878707 1.48537923279218 1.79298593732528 1.88931742124259 1.88121880264953 1.69384728139266 0 1.79004949866794 1.53349636821076 1.75466642901301 1.04096615710296 1.28675156901591 1.20008164551109 1.35224496060982 1.05800521722995 1.51436223136261 1.66728505748324 1.5479772198014 1.71093789464794 1.19092947780155 0.989998565288261 1.44679899257608 1.57115884404629 1.43196545983665
1.01624807412736 1.53568574599922 1.54356630379334 1.17708613001741 1.62246580445208 1.78840047260746 1.66080229007639 1.13764657033607 1.27149678184651 1.22512862202711 1.94905143347569 1.82269838033244 1.79004949866794 0 1.0763985668309 1.78482023417018 1.41739322571084 1.32795586274005 1.29362384951673 1.42360060778446 1.50203763484024 1.08836045628414 1.32224355149083 1.54113014787436 1.23361773649231 1.6536175343208 1.33527537295595 1.15502501651645 1.36011275486089 1.6020219232887
1.02897570468485 1.17470792029053 1.36865268810652 1.72640259354375 1.12458072090521 1.53084717527963 1.47272176644765 1.88796578953043 1.65801260038279 1.26507439184934 1.75915859616362 0.962690792512149 1.53349636821076 1.0763985668309 0 1.07346011325717 1.95019135065377 0.952526015229523 1.58097937656567 1.87333461688831 1.94788740295917 1.40899009420536 1.26374281011522 0.999726781155914 1.11244641244411 1.74514097464271 0.991280533140525 0.979130820371211 1.26495183305815 1.26435260823928
1.85914569511078 0.992110165534541 1.0836649145931 1.76426125247963 1.56166143389419 1.74227117933333 1.16883156332187 1.189431526931 0.995538499671966 1.19014358567074 1.27270349813625 1.24584273411892 1.75466642901301 1.78482023417018 1.07346011325717 0 1.16308175725862 1.80149748874828 0.975645242026076 1.53945290041156 1.7021228747908 1.04509185696952 1.45275127794594 1.3706239676103 1.04774032370187 1.43698881007731 1.40823428682052 0.980297131231055 1.51141862431541 1.80526500684209
0.969572901027277 1.36696340702474 1.17481471807696 1.75941671570763 1.32329256297089 1.63301335694268 1.21015590848401 1.48310043266974 1.51843786682002 0.974143942119554 1.59030990442261 1.1270442600362 1.04096615710296 1.41739322571084 1.95019135065377 1.16308175725862 0 1.27269798214547 1.75664368248545 1.7206341791898 1.40538264811039 1.88455503876321 1.84993214416318 1.44324758066796 1.18656236142851 1.61238435772248 0.958910817513242 1.58208814775571 1.88111933274195 1.31671967776492
1.78025567135774 1.69459017948247 1.03389633470215 1.5336169404909 1.28256939025596 1.6878075406421 1.77874100813642 1.40390696027316 1.4618780000601 1.01737707550637 1.71600198047236 1.57685897895135 1.28675156901591 1.32795586274005 0.952526015229523 1.80149748874828 1.27269798214547 0 1.8988212752156 1.62704773829319 1.71727243321948 1.72469289461151 1.51670470042154 1.30035035731271 1.26840575831011 1.01472307438962 1.00203859782778 1.40301536978222 0.987832380924374 1.51096238126047
1.33409451483749 1.30328314215876 1.66924281278625 1.19908868218772 1.41483576665632 1.39355541369878 1.64192717638798 1.4926890542265 1.53654772485606 0.974775573471561 1.28202256257646 1.48185496637598 1.20008164551109 1.29362384951673 1.58097937656567 0.975645242026076 1.75664368248545 1.8988212752156 0 1.72513489075936 1.84551910497248 1.02456217957661 1.78496798151173 1.57618582551368 1.23945488291793 1.5198484309949 1.93495685979724 1.83060849178582 1.02296962891705 1.88362053246237
1.14216101681814 1.06460944819264 1.46730902185664 1.73263534344733 1.26777692581527 1.89387451810762 1.54235853464343 1.46059107757173 1.59227216779254 1.28398461919278 1.07040836312808 1.22206861292943 1.35224496060982 1.42360060778446 1.87333461688831 1.53945290041156 1.7206341791898 1.62704773829319 1.72513489075936 0 1.3609154666774 1.68743265350349 1.2969957513269 1.10122468927875 1.17038828739896 1.29875173233449 1.06889817817137 1.87457712716423 1.76134904683568 1.26533855544403
1.9239617313724 1.3291251398623 1.63799350638874 1.35145629616454 1.34684506151825 1.60004387260415 1.50711736665107 1.75883382442407 1.32447454007342 1.29818670265377 1.45919573795982 1.62002226058394 1.05800521722995 1.50203763484024 1.94788740295917 1.7021228747908 1.40538264811039 1.71727243321948 1.84551910497248 1.3609154666774 0 1.44293656549416 1.81945646018721 1.03110019816086 1.09869097196497 1.22381619317457 1.60226880898699 1.76479389704764 1.83579650591128 1.23232164070942
1.52433511707932 1.37987256702036 1.09779725107364 1.55598165281117 1.1231933508534 1.07854311005212 1.17704177042469 1.55512558296323 1.70065813534893 1.85211992077529 1.76735441572964 1.03441129182465 1.51436223136261 1.08836045628414 1.40899009420536 1.04509185696952 1.88455503876321 1.72469289461151 1.02456217957661 1.68743265350349 1.44293656549416 0 1.1345798636321 1.12386168539524 1.69320270931348 1.38798623997718 1.30214539123699 1.68969424627721 1.0221174643375 1.73165973438881
1.62694707000628 1.68892850447446 1.6885916958563 1.93176767299883 1.4856744245626 1.15237767831422 1.55263380939141 1.60340411216021 1.62735357228667 1.44466887856834 1.27210250636563 1.78518723743036 1.66728505748324 1.32224355149083 1.26374281011522 1.45275127794594 1.84993214416318 1.51670470042154 1.78496798151173 1.2969957513269 1.81945646018721 1.1345798636321 0 1.91750395135023 1.37623798963614 1.42627039412037 1.57150043733418 1.94396249484271 1.50001697824337 1.41193470591679
1.44637945760041 1.31767691811547 1.0015867059119 1.39450971316546 1.24640678730793 1.49674799502827 1.7014392092824 1.00865824194625 1.75622412096709 1.13122649444267 1.51117265690118 1.71676338696852 1.5479772198014 1.54113014787436 0.999726781155914 1.3706239676103 1.44324758066796 1.30035035731271 1.57618582551368 1.10122468927875 1.03110019816086 1.12386168539524 1.91750395135023 0 1.647330730455 1.08205119217746 1.78284836979583 1.21003301721066 1.16306874435395 1.21087101195008
1.80844626179896 1.42951563303359 1.42551543121226 1.1191721954383 1.64386451453902 1.66211201786064 1.86376546602696 0.95605358434841 1.20819496479817 1.73235527495854 1.5028365154285 1.19936066842638 1.71093789464794 1.23361773649231 1.11244641244411 1.04774032370187 1.18656236142851 1.26840575831011 1.23945488291793 1.17038828739896 1.09869097196497 1.69320270931348 1.37623798963614 1.647330730455 0 1.27083411021158 1.14552800380625 1.41828778618947 1.11912212288007 1.29146468895487
1.14009314030409 1.77084041736089 1.79970780247822 1.17696012789384 1.69598175748251 1.52986299293116 0.995201088953763 1.47274131048471 1.30780967185274 1.3393206296023 1.51328258425929 1.34145285445265 1.19092947780155 1.6536175343208 1.74514097464271 1.43698881007731 1.61238435772248 1.01472307438962 1.5198484309949 1.29875173233449 1.22381619317457 1.38798623997718 1.42627039412037 1.08205119217746 1.27083411021158 0 1.55404092534445 1.54535525059327 1.00135491183028 1.20805211598054
1.10786546114832 1.42461679503322 1.48742203600705 1.92806912190281 1.57286013895646 1.28943582298234 1.44390565017238 1.87354612979107 1.5305579896085 1.09162571467459 1.78472626628354 1.2326246490702 0.989998565288261 1.33527537295595 0.991280533140525 1.40823428682052 0.958910817513242 1.00203859782778 1.93495685979724 1.06889817817137 1.60226880898699 1.30214539123699 1.57150043733418 1.78284836979583 1.14552800380625 1.55404092534445 0 1.22797565814108 1.52968034637161 1.28829995170236
1.25282902922481 1.33661945676431 1.24455281090923 1.72429802897386 1.88232927117497 1.64859282365069 1.265522911679 1.33966095279902 1.79477768321522 1.29334474727511 1.90789266116917 1.62375070876442 1.44679899257608 1.15502501651645 0.979130820371211 0.980297131231055 1.58208814775571 1.40301536978222 1.83060849178582 1.87457712716423 1.76479389704764 1.68969424627721 1.94396249484271 1.21003301721066 1.41828778618947 1.54535525059327 1.22797565814108 0 1.11423629405908 1.78023891267367
1.57202963274904 1.73758632759564 1.17839637515135 1.71709882514551 1.56117703346536 1.20246738498099 1.56674223672599 1.75542640965432 1.8715008799918 1.63109671208076 1.7415935320314 1.05513356323354 1.57115884404629 1.36011275486089 1.26495183305815 1.51141862431541 1.88111933274195 0.987832380924374 1.02296962891705 1.76134904683568 1.83579650591128 1.0221174643375 1.50001697824337 1.16306874435395 1.11912212288007 1.00135491183028 1.52968034637161 1.11423629405908 0 1.06708366866224
1.56904955627397 0.996980446157977 0.990879286080599 1.17671386059374 1.92714850511402 0.970695165451616 1.85669031762518 1.5301026860252 1.26662576524541 1.56655117962509 1.90160348359495 1.38276917859912 1.43196545983665 1.6020219232887 1.26435260823928 1.80526500684209 1.31671967776492 1.51096238126047 1.88362053246237 1.26533855544403 1.23232164070942 1.73165973438881 1.41193470591679 1.21087101195008 1.29146468895487 1.20805211598054 1.28829995170236 1.78023891267367 1.06708366866224 0
