0 0.944555100984871 1.08960560359992 1.8897552837152 0.970293273683637 1.71799851441756 1.46486264839768 1.21030083694495 1.43369039031677 1.32034862297587 1.09838843368925 1.45678450562991 0.973645189311355 0.91385273472406 1.27340894425288 1.28208788740449 0.93961700447835 1.42389882355928 0.92449513101019 1.56796002201736 1.75558574055322 1.87979867286049 1.32815214502625 1.51743179769255 1.69518663990311 1.12519754935056 1.66465515783057 1.39631427871063 1.65962222358212 1.38434318453074
0.944555100984871 0 1.80271912412718 1.35286250617355 0.926408178871498 1.71937278099358 0.995420795166865 1.83958330494352 1.73448424832895 1.54572304617614 1.58031219290569 1.36646446026862 1.66421532770619 1.349769389024 1.21665985975415 0.950168426614255 1.88417210546322 1.08842818252742 1.81101867347024 0.946485580410808 0.974569060374051 1.43373280577362 1.77974688727409 1.18132149428129 1.75999001413584 1.58353897859342 1.56033847783692 1.19846633519046 1.63663511630148 1.83840509224683
1.08960560359992 1.80271912412718 0 1.42980211926624 1.48855059733614 1.69267021655105 1.59604990272783 1.74176052189432 1.05178913311101 1.89583273953758 1.42226541880518 1.74938581627794 1.73900555865839 1.10487167630345 1.0374159142375 1.80062489793636 0.955943531123921 0.972100207349285 1.59860748820938 1.23393673892133 1.21675977203995 1.61410505441017 1.65885293763131 1.88172174524516 1.60436974302866 1.13487980980426 1.14998291549273 1.20897706621327 0.98714658129029 1.28935059951618
1.8897552837152 1.35286250617355 1.42980211926624 0 1.85610410454683 1.64978230767883 1.20765309571289 1.06809202162549 1.55782503238879 1.6446400876157 1.62973135476932 1.09476749948226 1.37852245848626 1.18839284963906 1.33127413620241 1.03005432873033 1.32553559844382 1.2915213580709 1.5519682422746 1.6163013833575 1.36279915529303 1.44755346700549 1.66310479305685 0.908964237896726 1.74883444793522 1.33613452152349 1.24859754764475 1.71386868576519 1.12524258322082 1.37884373799898
0.970293273683637 0.926408178871498 1.48855059733614 1.85610410454683 0 1.79585324041545 1.67487038508989 1.74681650148705 1.84889839030802 1.85266684740782 1.29441093467176 1.56038307351992 0.903625065460801 1.00993515201844 1.89104795572348 1.30054917093366 1.01099748769775 1.26679877820425 0.899437165819108 1.58171787974425 1.49181442870758 1.38422621786594 1.07692314032465 1.48641699529253 1.13890964281745 1.3367097901646 1.28886161302216 1.07352170394734 1.59015270578675 1.05989036546089
1.71799851441756 1.71937278099358 1.69267021655105 1.64978230767883 1.79585324041545 0 1.24602074641734 1.40338969440199 1.31103154062293 1.83455212763511 1.73247766075656 1.46731969760731 1.26922905514948 0.951425035716966 1.61216707830317 1.35287660243921 1.28254317236133 1.8050123360008 1.49568113894202 1.17239445750602 1.25234774500132 0.911523070419207 1.01424879906699 1.1340272934176 1.56217858404852 1.14746400597505 1.61126781976782 1.55079286149703 1.2894616688136 1.29831416066736
1.46486264839768 0.995420795166865 1.59604990272783 1.20765309571289 1.67487038508989 1.24602074641734 0 1.55081886425614 1.17554861865938 1.39990523224697 1.12331943935715 1.76577038201503 1.48480982356705 0.953888037009165 1.00867747166194 1.58776610135101 1.31265594577417 1.42596676410176 1.11136655299924 1.0671704125125 1.00795658235438 1.27340284478851 1.68266140902415 1.51280825748108 1.74096649652347 1.80963019025512 1.52813416812569 1.66229346534237 1.57068863231689 1.41194328595884
1.21030083694495 1.83958330494352 1.74176052189432 1.06809202162549 1.74681650148705 1.40338969440199 1.55081886425614 0 1.22747495211661 1.47218362404965 0.965903188567609 1.19099700613879 1.19362218864262 1.33985255402513 1.48628201475367 1.67292469018139 1.59707670053467 0.907356645911932 1.22438498167321 1.66557480418123 1.21939738793299 1.51056162407622 1.55177390924655 1.20790196559392 1.64560862048529 1.62594356574118 1.00586303509772 0.954395823413506 1.78659464651719 0.932909521507099
1.43369039031677 1.73448424832895 1.05178913311101 1.55782503238879 1.84889839030802 1.31103154062293 1.17554861865938 1.22747495211661 0 1.16354166693054 1.72850386565551 1.7978703121189 1.18934774212539 1.52164209261537 1.20114484149963 1.44816835736856 1.13142543449067 1.41431088419631 1.61235314956866 1.03308436763473 1.37939989077859 1.37212423491292 1.67216238356195 1.75155105954036 1.66918467241339 1.40750290593132 1.73854235140607 1.30132564995438 1.889152278658 1.72504006419331
1.32034862297587 1.54572304617614 1.89583273953758 1.6446400876157 1.85266684740782 1.83455212763511 1.39990523224697 1.47218362404965 1.16354166693054 0 1.27090241201222 1.07370819663629 1.2456178413704 1.77363777323626 1.27284434437752 1.43805320793763 1.64545724657364 1.854808465112 1.17650001426227 1.35092422645539 0.999661269597709 1.50897362153046 1.0232121348381 1.3705390561372 1.33611294371076 1.10755453305319 1.69653310533613 1.75482871080749 1.15705933258869 1.14261761913076
1.09838843368925 1.58031219290569 1.42226541880518 1.62973135476932 1.29441093467176 1.73247766075656 1.12331943935715 0.965903188567609 1.72850386565551 1.27090241201222 0 1.51872874097899 1.40793052338995 1.48170360387303 1.72532346379012 1.84632761636749 1.82560175727122 1.77829061588272 0.89869672479108 1.76209297799505 1.62224742607214 0.998260167427361 1.23274824791588 1.70351354940794 1.09927797107957 1.292337781284 1.57811503577977 1.85821743821725 1.19787009456195 1.57028410257772
1.45678450562991 1.36646446026862 1.74938581627794 1.09476749948226 1.56038307351992 1.46731969760731 1.76577038201503 1.19099700613879 1.7978703121189 1.07370819663629 1.51872874097899 0 1.33088247524574 1.23039652477019 1.89556131954305 1.88853292400017 1.70514264889061 1.67367878556252 1.87688492867164 1.7505406725686 1.84034731634893 1.5695192294661 1.70580035937019 1.82742102001794 1.59021907718852 1.15644672559574 1.64338147989474 1.45344058284536 1.33738675387576 1.04618484526873
0.973645189311355 1.66421532770619 1.73900555865839 1.37852245848626 0.903625065460801 1.26922905514948 1.48480982356705 1.19362218864262 1.18934774212539 1.2456178413704 1.40793052338995 1.33088247524574 0 1.11928886547685 1.64935902622528 1.52696466981433 1.1295613264665 0.919895389815792 1.68751437449828 1.25159027986228 1.64308471535333 1.5908498717472 1.49433470470831 0.97629461158067 0.97337360936217 1.82340189651586 1.53570762183517 1.21844476647675 1.63428284111433 1.17981446022168
0.91385273472406 1.349769389024 1.10487167630345 1.18839284963906 1.00993515201844 0.951425035716966 0.953888037009165 1.33985255402513 1.52164209261537 1.77363777323626 1.48170360387303 1.23039652477019 1.11928886547685 0 1.29367182636634 1.80818822537549 1.76155769871548 1.24592454195954 1.32309740013443 1.19247278221883 1.64693601545878 1.69402379379608 1.7950764123816 0.98670941288583 1.0128309528809 1.20488667511381 1.12976940232329 1.24753731163219 1.72129891882651 1.87551739742048
1.27340894425288 1.21665985975415 1.0374159142375 1.33127413620241 1.89104795572348 1.61216707830317 1.00867747166194 1.48628201475367 1.20114484149963 1.27284434437752 1.72532346379012 1.89556131954305 1.64935902622528 1.29367182636634 0 1.32175313448533 0.955923777073622 1.3806762394961 1.31547090900131 1.52037238748744 1.08199429884553 1.66501498920843 1.0182338883169 1.08031956409104 1.34924620925449 1.43619275023229 1.31958914292045 1.53593770042062 1.33479846152477 1.53674625512213
1.28208788740449 0.950168426614255 1.80062489793636 1.03005432873033 1.30054917093366 1.35287660243921 1.58776610135101 1.67292469018139 1.44816835736856 1.43805320793763 1.84632761636749 1.88853292400017 1.52696466981433 1.80818822537549 1.32175313448533 0 1.71669984911568 0.929026343394071 1.53751153917983 1.66387282893993 1.69133665855043 1.14407142507844 1.17812701570801 1.71220723981969 1.3195115677081 1.06852249708027 1.63971144426614 1.64702539844438 1.05824649706483 1.87123047211207
0.93961700447835 1.88417210546322 0.955943531123921 1.32553559844382 1.01099748769775 1.28254317236133 1.31265594577417 1.59707670053467 1.13142543449067 1.64545724657364 1.82560175727122 1.70514264889061 1.1295613264665 1.76155769871548 0.955923777073622 1.71669984911568 0 1.13483865815215 1.84142418857664 1.86447521578521 1.65534745389596 1.65223566698842 1.06106071919203 1.06831596745178 1.03716726740822 0.983899065526202 1.65500531159341 0.911770338425413 1.2292929936666 1.18892660108395
1.42389882355928 1.08842818252742 0.972100207349285 1.2915213580709 1.26679877820425 1.8050123360008 1.42596676410176 0.907356645911932 1.41431088419631 1.854808465112 1.77829061588272 1.67367878556252 0.919895389815792 1.24592454195954 1.3806762394961 0.929026343394071 1.13483865815215 0 0.969596592709422 1.29947470361367 1.36257146857679 1.13217556849122 1.24077450740151 1.51791912363842 1.05667856242508 1.65578423417173 1.57111208257265 1.26769159315154 1.895391253056 1.82182071940042
0.92449513101019 1.81101867347024 1.59860748820938 1.5519682422746 0.899437165819108 1.49568113894202 1.11136655299924 1.22438498167321 1.61235314956866 1.17650001426227 0.89869672479108 1.87688492867164 1.68751437449828 1.32309740013443 1.31547090900131 1.53751153917983 1.84142418857664 0.969596592709422 0 1.71613475959748 1.50097837322392 1.14132103603333 1.81231091916561 1.22679082001559 1.23869211482815 1.29026023950428 1.74019396072254 1.2231472786516 1.63556743622757 1.70154556818306
1.56796002201736 0.946485580410808 1.23393673892133 1.6163013833575 1.58171787974425 1.17239445750602 1.0671704125125 1.66557480418123 1.03308436763473 1.35092422645539 1.76209297799505 1.7505406725686 1.25159027986228 1.19247278221883 1.52037238748744 1.66387282893993 1.86447521578521 1.29947470361367 1.71613475959748 0 1.80586465797387 0.959772998001426 1.56495313462801 1.47012449218892 1.73181769880466 0.897545596584678 1.08081806008704 1.04363016597927 1.04252549004741 1.44551929971203
1.75558574055322 0.974569060374051 1.21675977203995 1.36279915529303 1.49181442870758 1.25234774500132 1.00795658235438 1.21939738793299 1.37939989077859 0.999661269597709 1.62224742607214 1.84034731634893 1.64308471535333 1.64693601545878 1.08199429884553 1.69133665855043 1.65534745389596 1.36257146857679 1.50097837322392 1.80586465797387 0 1.17378247738816 1.34583880216815 1.09225009381771 1.6995820722077 1.49180629174225 1.79948434513062 1.0964415166527 0.987800693372265 1.21216246648692
1.87979867286049 1.43373280577362 1.61410505441017 1.44755346700549 1.38422621786594 0.911523070419207 1.27340284478851 1.51056162407622 1.37212423491292 1.50897362153046 0.998260167427361 1.5695192294661 1.5908498717472 1.69402379379608 1.66501498920843 1.14407142507844 1.65223566698842 1.13217556849122 1.14132103603333 0.959772998001426 1.17378247738816 0 1.73214275646023 1.27994144312106 1.54969632392749 1.79692947608419 1.78596303798258 1.14014051062986 1.60836123395711 1.7598213723395
1.32815214502625 1.77974688727409 1.65885293763131 1.66310479305685 1.07692314032465 1.01424879906699 1.68266140902415 1.55177390924655 1.67216238356195 1.0232121348381 1.23274824791588 1.70580035937019 1.49433470470831 1.7950764123816 1.0182338883169 1.17812701570801 1.06106071919203 1.24077450740151 1.81231091916561 1.56495313462801 1.34583880216815 1.73214275646023 0 1.19316888530739 1.47345622698776 1.07544074975885 1.44827367644757 1.24685534415767 1.17215530481189 1.563069853466
1.51743179769255 1.18132149428129 1.88172174524516 0.908964237896726 1.48641699529253 1.1340272934176 1.51280825748108 1.20790196559392 1.75155105954036 1.3705390561372 1.70351354940794 1.82742102001794 0.97629461158067 0.98670941288583 1.08031956409104 1.71220723981969 1.06831596745178 1.51791912363842 1.22679082001559 1.47012449218892 1.09225009381771 1.27994144312106 1.19316888530739 0 1.23688872368075 1.26517488784157 1.03365632053465 1.55031077982858 1.55465175071731 1.54373004240915
1.69518663990311 1.75999001413584 1.60436974302866 1.74883444793522 1.13890964281745 1.56217858404852 1.74096649652347 1.64560862048529 1.66918467241339 1.33611294371076 1.09927797107957 1.59021907718852 0.97337360936217 1.0128309528809 1.34924620925449 1.3195115677081 1.03716726740822 1.05667856242508 1.23869211482815 1.73181769880466 1.6995820722077 1.54969632392749 1.47345622698776 1.23688872368075 0 1.81025317916647 1.43722525518388 1.05510386824608 1.23181502544321 1.5662441093009
1.12519754935056 1.58353897859342 1.13487980980426 1.33613452152349 1.3367097901646 1.14746400597505 1.80963019025512 1.62594356574118 1.40750290593132 1.10755453305319 1.292337781284 1.15644672559574 1.82340189651586 1.20488667511381 1.43619275023229 1.06852249708027 0.983899065526202 1.65578423417173 1.29026023950428 0.897545596584678 1.49180629174225 1.79692947608419 1.07544074975885 1.26517488784157 1.81025317916647 0 1.69740019063465 1.88384884595871 1.71660386025906 1.22827720083296
1.66465515783057 1.56033847783692 1.14998291549273 1.24859754764475 1.28886161302216 1.61126781976782 1.52813416812569 1.00586303509772 1.73854235140607 1.69653310533613 1.57811503577977 1.64338147989474 1.53570762183517 1.12976940232329 1.31958914292045 1.63971144426614 1.65500531159341 1.57111208257265 1.74019396072254 1.08081806008704 1.79948434513062 1.78596303798258 1.44827367644757 1.03365632053465 1.43722525518388 1.69740019063465 0 1.72740611736663 1.42246627784334 1.69488679617643
1.39631427871063 1.19846633519046 1.20897706621327 1.71386868576519 1.07352170394734 1.55079286149703 1.66229346534237 0.954395823413506 1.30132564995438 1.75482871080749 1.85821743821725 1.45344058284536 1.21844476647675 1.24753731163219 1.53593770042062 1.64702539844438 0.911770338425413 1.26769159315154 1.2231472786516 1.04363016597927 1.0964415166527 1.14014051062986 1.24685534415767 1.55031077982858 1.05510386824608 1.88384884595871 1.72740611736663 0 1.22814825247042 1.49817612534389
1.65962222358212 1.63663511630148 0.98714658129029 1.12524258322082 1.59015270578675 1.2894616688136 1.57068863231689 1.78659464651719 1.889152278658 1.15705933258869 1.19787009456195 1.33738675387576 1.63428284111433 1.72129891882651 1.33479846152477 1.05824649706483 1.2292929936666 1.895391253056 1.63556743622757 1.04252549004741 0.987800693372265 1.60836123395711 1.17215530481189 1.55465175071731 1.23181502544321 1.71660386025906 1.42246627784334 1.22814825247042 0 1.66958878515288
1.38434318453074 1.83840509224683 1.28935059951618 1.37884373799898 1.05989036546089 1.29831416066736 1.41194328595884 0.932909521507099 1.72504006419331 1.14261761913076 1.57028410257772 1.04618484526873 1.17981446022168 1.87551739742048 1.53674625512213 1.87123047211207 1.18892660108395 1.82182071940042 1.70154556818306 1.44551929971203 1.21216246648692 1.7598213723395 1.563069853466 1.54373004240915 1.5662441093009 1.22827720083296 1.69488679617643 1.49817612534389 1.66958878515288 0
