0 0.937485003145412 1.86285859509371 1.39288714760914 1.54419025895186 0.98826596303843 1.82069096667692 1.01594145409763 1.20410182792693 1.70114894211292 1.78808287135325 1.22830382827669 1.67994397855364 1.41780157783069 1.03474216512404 1.72734270617366 1.68558681453578 1.47308904933743 1.25450552208349 1.75748151354492 0.900974475778639 1.22164296288975 1.33392878132872 0.997286348138005 1.65775631414726 1.3306506301742 1.12712251604535 1.77432210114785 1.70596360089257 0.96959496778436
0.937485003145412 0 1.23922383063473 1.05251469044015 1.71853155619465 1.50948798679747 1.33761353278533 1.49784843530506 1.12329601775855 1.18787848646753 1.38475995743647 1.65562807326205 0.994942270452157 0.886418549111113 1.54965970735066 1.63923403271474 1.55974304210395 1.0769064668566 1.78582426393405 1.52808479196392 1.63044819142669 1.61375664267689 1.33454295923002 1.80994579545222 1.14961490943097 1.53076499933377 1.10145514970645 1.22361966129392 1.32638780563138 1.22434313013218
1.86285859509371 1.23922383063473 0 1.66021319711581 1.02256242302246 1.71368977916427 0.989945390028879 1.33055446925573 1.53606306295842 1.76158246048726 1.2574267515447 1.82137260655873 0.960325405700132 0.890826894668862 1.77876865980215 1.01110718073323 0.898094224045053 1.18510027579032 1.17452761624008 0.951011613709852 1.67961911926977 1.68050103704445 1.29406565753743 1.7971807688009 1.19376381207258 1.32365021156147 1.50238360348158 1.33644551062025 1.71977904136293 1.32080510933883
1.39288714760914 1.05251469044015 1.66021319711581 0 1.17008063010871 1.37763866176829 0.902677959064022 1.40825372678228 1.71076473407447 1.56287965644151 1.2163629620336 1.69207039102912 1.34390802425332 1.61172739579342 1.03016097727232 1.11059858067892 1.21460216958076 1.02115086116828 1.71331377699971 1.07674408657476 1.07521042600274 0.958259707316756 0.961763566359878 1.55307999486104 1.24354148982093 0.910484769614413 1.2932796748355 1.31281356606632 0.950659560039639 1.1587400897406
1.54419025895186 1.71853155619465 1.02256242302246 1.17008063010871 0 1.32076965342276 1.27234585024416 1.75841379212216 1.82775601907633 1.69404479279183 1.2398933803197 1.09073028923012 1.11248486046679 1.68894958775491 1.68845199909993 0.898562621558085 1.81908938963898 1.5084019061178 1.69894376443699 0.957064549904317 1.57086544856429 1.59007331775501 1.08382900990546 1.5726538200397 0.981132723856717 1.68872134317644 1.82087088888511 1.84499170864001 1.06541688856669 1.13525387155823
0.98826596303843 1.50948798679747 1.71368977916427 1.37763866176829 1.32076965342276 0 1.65992288198322 1.56881263665855 1.58983624516986 1.7711793303024 1.79266231670044 1.37254686304368 1.05672090547159 1.76606667577289 0.88297823141329 1.14397612237372 1.48820530297235 1.48382708383724 1.38228417071514 1.75236236141063 1.08388435514644 1.5370627627708 1.73182115633972 1.14039812842384 1.05335299065337 1.23929232219234 1.67794702015817 1.01421744329855 0.925666345050558 1.23807215224952
1.82069096667692 1.33761353278533 0.989945390028879 0.902677959064022 1.27234585024416 1.65992288198322 0 1.23438185616396 1.01031769905239 0.997904010117054 1.30888207140379 0.953762735705823 1.58304483373649 0.928551101591438 1.23751096893102 1.78442952176556 1.6578928749077 1.17637933022343 1.85922812414356 1.64915422769263 1.48225248209201 1.75819943100214 1.68733594194055 1.20075436821207 0.891488653607666 1.42445480101742 1.09257833356969 1.52116214460693 1.20612106961198 1.09168103407137
1.01594145409763 1.49784843530506 1.33055446925573 1.40825372678228 1.75841379212216 1.56881263665855 1.23438185616396 0 1.06532728648745 1.07914192113094 1.29677315242589 1.51447926345281 1.57742689619772 1.08261405839585 0.933349556289613 1.25650859624147 1.67279187194072 1.82186490832828 1.07630681968294 1.17975461529568 1.18960307654925 1.35941083799116 1.59222137602046 1.37060755258426 0.935061942785978 1.07448900584131 1.29761840566061 1.78971874783747 1.86690827133134 1.24194692005403
1.20410182792693 1.12329601775855 1.53606306295842 1.71076473407447 1.82775601907633 1.58983624516986 1.01031769905239 1.06532728648745 0 1.34770070854574 1.62987914239056 1.77686191257089 1.08137552975677 1.02099882997572 1.61917476798408 1.1272768357303 1.43275841441937 0.909888890571892 1.07359299343079 1.57704267418012 1.6883766357787 1.21769545250572 1.37266334146261 1.72742355032824 1.71387416636571 0.909258193569258 1.76602913043462 1.63426568126306 0.877054794225842 0.921390540897846
1.70114894211292 1.18787848646753 1.76158246048726 1.56287965644151 1.69404479279183 1.7711793303024 0.997904010117054 1.07914192113094 1.34770070854574 0 1.00392837799154 1.58163507166319 1.74889179319143 1.22220475808717 1.5522849583067 1.45563262724318 1.40011295070872 1.46966944867745 1.55111750704236 1.51677680760622 1.22271599597298 1.78014548239298 0.977889900794253 1.66134747024626 1.77002363442443 1.75531352544203 1.33068528142758 1.61624607699923 1.14608697313815 1.80847817170434
1.78808287135325 1.38475995743647 1.2574267515447 1.2163629620336 1.2398933803197 1.79266231670044 1.30888207140379 1.29677315242589 1.62987914239056 1.00392837799154 0 1.66888201143593 1.01844665035605 0.949073424097151 1.17230671062134 1.18774797860533 1.39796670014039 1.1276603450533 1.82988572586328 1.4721142181661 1.41757830744609 1.41333631961606 0.945170265622437 1.56537844473496 1.00435695005581 1.40317457308993 1.00459176837467 1.61569305579178 1.71221934072673 1.29601396713406
1.22830382827669 1.65562807326205 1.82137260655873 1.69207039102912 1.09073028923012 1.37254686304368 0.953762735705823 1.51447926345281 1.77686191257089 1.58163507166319 1.66888201143593 0 0.92897129105404 1.19806401291862 1.75126012880355 1.40054393489845 1.64969745278358 1.10974946524948 1.17379641509615 1.48106905305758 1.01845684391446 1.69626101013273 0.971000590128824 1.67869734438136 0.92086267308332 0.993051080033183 1.14524550340138 1.31749943154864 1.53028855728917 1.86596149369143
1.67994397855364 0.994942270452157 0.960325405700132 1.34390802425332 1.11248486046679 1.05672090547159 1.58304483373649 1.57742689619772 1.08137552975677 1.74889179319143 1.01844665035605 0.92897129105404 0 1.1729021447245 1.56530361599289 1.50976601918228 1.20533707179129 1.33685911167413 1.4756053336896 1.25654376926832 1.25831297901459 1.47930806688964 1.21622380148619 1.26164550078101 1.62643420649692 1.84324273653328 1.35624729748815 1.78767549362965 1.00254311109893 1.00979322008789
1.41780157783069 0.886418549111113 0.890826894668862 1.61172739579342 1.68894958775491 1.76606667577289 0.928551101591438 1.08261405839585 1.02099882997572 1.22220475808717 0.949073424097151 1.19806401291862 1.1729021447245 0 1.54347676434554 1.37186887068674 0.969473383156583 1.13930466515012 1.38669683318585 1.11357964528725 1.8141345330514 1.36796245630831 1.00109249562956 1.39224100578576 1.54918800364248 1.15786586073227 1.73721381276846 1.12300346652046 1.81977172777988 1.20695253321901
1.03474216512404 1.54965970735066 1.77876865980215 1.03016097727232 1.68845199909993 0.88297823141329 1.23751096893102 0.933349556289613 1.61917476798408 1.5522849583067 1.17230671062134 1.75126012880355 1.56530361599289 1.54347676434554 0 1.08612614567392 1.50456446176395 1.75435072556138 1.70320992637426 1.07948632305488 1.79873284790665 1.76116782194003 1.29883304424584 1.02971917996183 1.72385651059449 1.36127391573973 1.58915434521623 1.58761902619153 1.80864457646385 1.74405130767263
1.72734270617366 1.63923403271474 1.01110718073323 1.11059858067892 0.898562621558085 1.14397612237372 1.78442952176556 1.25650859624147 1.1272768357303 1.45563262724318 1.18774797860533 1.40054393489845 1.50976601918228 1.37186887068674 1.08612614567392 0 1.2207393986173 1.58172215428203 0.935822115512565 0.894804663024843 1.56101194210351 1.77389739942737 1.32543348940089 1.31004790961742 1.43254340486601 1.18983061984181 1.85681122820824 1.43167750211433 0.920447467360646 1.15232116752304
1.68558681453578 1.55974304210395 0.898094224045053 1.21460216958076 1.81908938963898 1.48820530297235 1.6578928749077 1.67279187194072 1.43275841441937 1.40011295070872 1.39796670014039 1.64969745278358 1.20533707179129 0.969473383156583 1.50456446176395 1.2207393986173 0 1.22108071832918 1.21866766037419 1.27011694991961 1.57446686294861 1.34227788588032 1.85179408383556 1.51844442076981 1.60485533648171 1.0354133839719 1.70278442534618 1.16529876645654 0.919583634939045 1.33270553010516
1.47308904933743 1.0769064668566 1.18510027579032 1.02115086116828 1.5084019061178 1.48382708383724 1.17637933022343 1.82186490832828 0.909888890571892 1.46966944867745 1.1276603450533 1.10974946524948 1.33685911167413 1.13930466515012 1.75435072556138 1.58172215428203 1.22108071832918 0 1.39864785107784 1.02267010789365 1.04941534763202 1.57112782425247 0.955079765524715 1.16570733371191 1.74229465075769 1.50025889882818 0.955207185586914 1.23421697551385 1.57506976462901 1.3243795693852
1.25450552208349 1.78582426393405 1.17452761624008 1.71331377699971 1.69894376443699 1.38228417071514 1.85922812414356 1.07630681968294 1.07359299343079 1.55111750704236 1.82988572586328 1.17379641509615 1.4756053336896 1.38669683318585 1.70320992637426 0.935822115512565 1.21866766037419 1.39864785107784 0 1.69158264691941 1.49111513537355 1.38495100243017 1.27114829258062 1.72035511257127 1.32180302869529 1.11394646530971 1.4791603165213 1.20656493166462 1.44246650184505 1.75920172128826
1.75748151354492 1.52808479196392 0.951011613709852 1.07674408657476 0.957064549904317 1.75236236141063 1.64915422769263 1.17975461529568 1.57704267418012 1.51677680760622 1.4721142181661 1.48106905305758 1.25654376926832 1.11357964528725 1.07948632305488 0.894804663024843 1.27011694991961 1.02267010789365 1.69158264691941 0 1.5432451677043 1.43634470156394 1.22228032303974 1.32060701749288 1.59680720046163 1.06716049741954 1.83738030213863 1.39195797569118 1.22514009405859 1.42569273966365
0.900974475778639 1.63044819142669 1.67961911926977 1.07521042600274 1.57086544856429 1.08388435514644 1.48225248209201 1.18960307654925 1.6883766357787 1.22271599597298 1.41757830744609 1.01845684391446 1.25831297901459 1.8141345330514 1.79873284790665 1.56101194210351 1.57446686294861 1.04941534763202 1.49111513537355 1.5432451677043 0 1.22640797076747 1.21850478998385 1.54021809017286 1.65452348394319 1.19503797963262 1.39260356104933 1.69023751653731 1.74697519280016 1.65718993591145
1.22164296288975 1.61375664267689 1.68050103704445 0.958259707316756 1.59007331775501 1.5370627627708 1.75819943100214 1.35941083799116 1.21769545250572 1.78014548239298 1.41333631961606 1.69626101013273 1.47930806688964 1.36796245630831 1.76116782194003 1.77389739942737 1.34227788588032 1.57112782425247 1.38495100243017 1.43634470156394 1.22640797076747 0 1.69326665974222 1.41428744723089 0.962325056316331 1.09570838068612 1.35127127869055 1.12375312647782 1.68261969438754 0.876167220063508
1.33392878132872 1.33454295923002 1.29406565753743 0.961763566359878 1.08382900990546 1.73182115633972 1.68733594194055 1.59222137602046 1.37266334146261 0.977889900794253 0.945170265622437 0.971000590128824 1.21622380148619 1.00109249562956 1.29883304424584 1.32543348940089 1.85179408383556 0.955079765524715 1.27114829258062 1.22228032303974 1.21850478998385 1.69326665974222 0 1.6213636288885 1.83026447962038 1.34720397554338 1.18814702727832 1.20817980286665 1.07174725783989 1.40397997549735
0.997286348138005 1.80994579545222 1.7971807688009 1.55307999486104 1.5726538200397 1.14039812842384 1.20075436821207 1.37060755258426 1.72742355032824 1.66134747024626 1.56537844473496 1.67869734438136 1.26164550078101 1.39224100578576 1.02971917996183 1.31004790961742 1.51844442076981 1.16570733371191 1.72035511257127 1.32060701749288 1.54021809017286 1.41428744723089 1.6213636288885 0 1.21850275737233 0.911395227536559 1.18993595591746 1.35098902345635 1.1520215482451 1.77959338179789
1.65775631414726 1.14961490943097 1.19376381207258 1.24354148982093 0.981132723856717 1.05335299065337 0.891488653607666 0.935061942785978 1.71387416636571 1.77002363442443 1.00435695005581 0.92086267308332 1.62643420649692 1.54918800364248 1.72385651059449 1.43254340486601 1.60485533648171 1.74229465075769 1.32180302869529 1.59680720046163 1.65452348394319 0.962325056316331 1.83026447962038 1.21850275737233 0 1.76564550353214 1.1613195091486 1.16304239979945 1.13907727389596 1.04854981950484
1.3306506301742 1.53076499933377 1.32365021156147 0.910484769614413 1.68872134317644 1.23929232219234 1.42445480101742 1.07448900584131 0.909258193569258 1.75531352544203 1.40317457308993 0.993051080033183 1.84324273653328 1.15786586073227 1.36127391573973 1.18983061984181 1.0354133839719 1.50025889882818 1.11394646530971 1.06716049741954 1.19503797963262 1.09570838068612 1.34720397554338 0.911395227536559 1.76564550353214 0 1.26268452033401 1.76934479223564 1.42546075605787 0.961689132032916
1.12712251604535 1.10145514970645 1.50238360348158 1.2932796748355 1.82087088888511 1.67794702015817 1.09257833356969 1.29761840566061 1.76602913043462 1.33068528142758 1.00459176837467 1.14524550340138 1.35624729748815 1.73721381276846 1.58915434521623 1.85681122820824 1.70278442534618 0.955207185586914 1.4791603165213 1.83738030213863 1.39260356104933 1.35127127869055 1.18814702727832 1.18993595591746 1.1613195091486 1.26268452033401 0 1.07270729797892 1.02095547830686 1.85418832604773
1.77432210114785 1.22361966129392 1.33644551062025 1.31281356606632 1.84499170864001 1.01421744329855 1.52116214460693 1.78971874783747 1.63426568126306 1.61624607699923 1.61569305579178 1.31749943154864 1.78767549362965 1.12300346652046 1.58761902619153 1.43167750211433 1.16529876645654 1.23421697551385 1.20656493166462 1.39195797569118 1.69023751653731 1.12375312647782 1.20817980286665 1.35098902345635 1.16304239979945 1.76934479223564 1.07270729797892 0 1.31909202714451 1.82853824249469
1.70596360089257 1.32638780563138 1.71977904136293 0.950659560039639 1.06541688856669 0.925666345050558 1.20612106961198 1.86690827133134 0.877054794225842 1.14608697313815 1.71221934072673 1.53028855728917 1.00254311109893 1.81977172777988 1.80864457646385 0.920447467360646 0.919583634939045 1.57506976462901 1.44246650184505 1.22514009405859 1.74697519280016 1.68261969438754 1.07174725783989 1.1520215482451 1.13907727389596 1.42546075605787 1.02095547830686 1.31909202714451 0 1.1943915518932
0.96959496778436 1.22434313013218 1.32080510933883 1.1587400897406 1.13525387155823 1.23807215224952 1.09168103407137 1.24194692005403 0.921390540897846 1.80847817170434 1.29601396713406 1.86596149369143 1.00979322008789 1.20695253321901 1.74405130767263 1.15232116752304 1.33270553010516 1.3243795693852 1.75920172128826 1.42569273966365 1.65718993591145 0.876167220063508 1.40397997549735 1.77959338179789 1.04854981950484 0.961689132032916 1.85418832604773 1.82853824249469 1.1943915518932 0
