0 1.70042442157865 0.940810460364446 1.23593212268315 1.62323365430348 1.72102403570898 1.1821678194683 1.1672251583077 1.16264351736754 1.56640707608312 1.36761468159966 1.591026739683 1.18619153276086 1.30373354768381 1.34792326786555 1.30862783268094 1.76315295509994 1.7562939657364 1.38073179707862 1.03623722167686 1.07843097019941 1.85697652283125 1.8162271338515 1.15129885263741 1.88375697936863 1.23248518421315 0.963496854761615 0.934117713011801 1.17326050065458 1.26877406379208
1.70042442157865 0 1.1497208813671 1.00718011404388 1.64100583340041 1.19910575682297 1.00080112717114 1.22161003132351 1.01585032208823 1.24578682449646 1.7585594560951 1.49170909193344 1.41520623397082 1.3524470066186 1.73718771943823 1.05584105453454 1.75601942138746 1.79991080192849 0.911986983614042 1.10303012654185 0.942986874608323 1.63325204653665 1.34243322676048 1.88767698896118 1.82440182194114 1.80201095575467 0.916848322609439 1.33304567099549 1.63720521982759 1.80029871710576
0.940810460364446 1.1497208813671 0 1.74053041008301 1.49969047447667 1.32194964657538 1.01244727778248 0.90008174162358 1.30377639294602 0.966720058349892 1.0678931507282 1.80334221734665 1.15852998476475 1.84198175533675 0.941184927243739 1.81795419426635 1.55246942839585 1.58978479728103 1.85442176903598 1.49218620080501 1.55796843045391 0.937074841931462 1.6297342479229 1.6948825113941 1.57030065101571 1.55134524242021 1.57864634459838 1.43363836687058 1.28667971072719 1.45871110050939
1.23593212268315 1.00718011404388 1.74053041008301 0 1.22004955913872 1.26397388055921 0.911407474428415 1.28532555955462 1.58482781425118 0.900074410950765 1.33192976703867 1.36415362707339 1.41292518749833 1.00716748042032 1.22037154645659 1.15068819117732 1.37771493149921 1.74038253934123 1.74419603822753 1.35957035026513 1.50261701410636 1.5275424735155 1.21106107742526 1.46286336076446 1.06599246244878 0.892769256839529 1.76462717307732 0.953653353033587 1.68818121985532 1.71578508825041
1.62323365430348 1.64100583340041 1.49969047447667 1.22004955913872 0 1.21026972285472 1.32643997226842 1.82668312452734 1.54020584793761 0.912822412326932 1.26758414157666 1.85026997886598 1.50633118208498 1.50481889443472 1.1551039905753 0.974404378794134 1.05422882782295 1.47753455606289 1.2956828859169 1.61280417698435 1.48687706538476 1.48837129445747 1.12000884884037 1.87013415643014 1.58010006113909 1.51430327119306 1.8222572458908 1.1598320195917 0.909470275742933 1.08101016981527
1.72102403570898 1.19910575682297 1.32194964657538 1.26397388055921 1.21026972285472 0 1.83013511728495 1.56212520832196 1.68403361691162 1.66166209313087 1.37306719808839 1.62226757942699 1.13311235932633 1.03955486370251 1.12725664488971 1.79863650770858 1.65365728433244 1.39288866752759 1.35859779664315 1.76701408741064 1.16700409562327 1.36562362127006 1.73442149162292 1.0775143050123 1.66899669775739 1.41317284782417 1.12097365269437 1.72834711312316 1.26379148219712 1.2595975366421
1.1821678194683 1.00080112717114 1.01244727778248 0.911407474428415 1.32643997226842 1.83013511728495 0 0.940309625118971 1.60748433717526 0.953862789552659 1.48174507683143 1.4703612937592 1.86851541791111 1.29031513025984 1.34511912381276 1.13266398198903 1.1502169072628 1.78743653418496 1.68225587229244 1.15532754152082 1.82819744455628 1.46590777509846 1.54502995102666 1.44007098115981 1.09169862046838 1.15664294664748 1.7832550231833 1.22025665827096 1.64026754279621 0.949177463306114
1.1672251583077 1.22161003132351 0.90008174162358 1.28532555955462 1.82668312452734 1.56212520832196 0.940309625118971 0 1.11713062622584 1.60070643224753 1.39672970958054 1.08213710645214 1.33270227862522 1.72356130415574 1.01059435051866 1.17236400465481 1.23253658949398 1.62675835983828 1.3087117660325 1.36620492814109 1.14723915653303 1.31392594357021 0.894360512495041 0.990875293966383 1.7517305421643 1.78904328262433 1.32473850995302 1.67556250165217 1.39478268125094 1.88948708842508
1.16264351736754 1.01585032208823 1.30377639294602 1.58482781425118 1.54020584793761 1.68403361691162 1.60748433717526 1.11713062622584 0 1.21918638423085 1.55456937290728 1.23985111201182 1.22614934435114 1.8444670252502 1.24069634731859 1.87160320044495 1.56700861710124 1.29742540651932 1.29135882318951 1.14795323531143 1.84258926194161 1.35108032543212 1.19555838685483 1.4019340344239 1.70480942702852 1.66894226777367 1.08715195348486 1.15787388011813 1.07380945235491 0.978804879123345
1.56640707608312 1.24578682449646 0.966720058349892 0.900074410950765 0.912822412326932 1.66166209313087 0.953862789552659 1.60070643224753 1.21918638423085 0 1.1268029101193 1.25466146995313 1.45331054925919 1.43486400856636 1.22879171045497 1.49287471408024 1.61033561103977 1.56959194201045 1.57486861129291 1.49542098189704 1.6984976218082 1.61200184863992 1.09794949600473 1.63230401696637 1.19109924370423 1.35588158038445 1.25305878301151 1.05244680424221 1.52179223229177 1.31499480293132
1.36761468159966 1.7585594560951 1.0678931507282 1.33192976703867 1.26758414157666 1.37306719808839 1.48174507683143 1.39672970958054 1.55456937290728 1.1268029101193 0 1.61231803218834 1.75116963055916 1.1874210187234 1.36757222143933 1.16843773960136 1.31538315280341 1.4185132116545 1.41422993317246 1.08223730628379 1.40049644629471 1.27392369718291 1.40593573311344 1.33022978110239 1.71890513645485 0.959109969204292 1.57403320283629 1.28260321728885 1.77641498995945 1.46874833037145
1.591026739683 1.49170909193344 1.80334221734665 1.36415362707339 1.85026997886598 1.62226757942699 1.4703612937592 1.08213710645214 1.23985111201182 1.25466146995313 1.61231803218834 0 1.0821954193525 1.79279487160966 1.27482684701681 1.51146428496577 1.21688624797389 1.42944368254393 1.48476652288809 0.907286253059283 1.11663010972552 1.46592579735443 1.37720606289804 1.86714764451608 1.31940991687588 1.37246305681765 1.27703992743045 1.86839567078277 1.11324160266668 1.32257418730296
1.18619153276086 1.41520623397082 1.15852998476475 1.41292518749833 1.50633118208498 1.13311235932633 1.86851541791111 1.33270227862522 1.22614934435114 1.45331054925919 1.75116963055916 1.0821954193525 0 1.21125896042213 1.2345611108467 1.44529737229459 1.73153394879773 1.56546062044799 0.930584664223716 1.79021964780986 1.19073402625509 1.4201781086158 1.74305435991846 1.20182783063501 1.0176434230525 1.87848012475297 1.009275064338 1.57770584570244 1.42569351708516 1.70794201898389
1.30373354768381 1.3524470066186 1.84198175533675 1.00716748042032 1.50481889443472 1.03955486370251 1.29031513025984 1.72356130415574 1.8444670252502 1.43486400856636 1.1874210187234 1.79279487160966 1.21125896042213 0 1.17085474357009 1.80447013839148 1.27831061230972 1.24935505446047 0.953980050981045 1.23532902891748 0.896898888517171 1.62959682615474 1.59059146279469 1.59271991206333 1.0584564669989 1.28288651979528 1.50722077768296 1.36255080858245 1.0920431020204 1.65446626022458
1.34792326786555 1.73718771943823 0.941184927243739 1.22037154645659 1.1551039905753 1.12725664488971 1.34511912381276 1.01059435051866 1.24069634731859 1.22879171045497 1.36757222143933 1.27482684701681 1.2345611108467 1.17085474357009 0 1.08321047923528 1.32566288555972 1.25412312475964 1.76994420820847 1.20705079473555 1.27615712000988 1.83945749560371 1.29452939517796 1.13952255574986 1.80407252535224 1.65760796680115 1.53294596099295 1.80183616396971 1.18862586142495 1.80426319432445
1.30862783268094 1.05584105453454 1.81795419426635 1.15068819117732 0.974404378794134 1.79863650770858 1.13266398198903 1.17236400465481 1.87160320044495 1.49287471408024 1.16843773960136 1.51146428496577 1.44529737229459 1.80447013839148 1.08321047923528 0 1.55012778309174 1.30488682701252 1.15478617534973 1.84269911539741 1.2824674108997 1.76404672767967 1.7051521607209 1.71815962647088 1.17014829930849 0.963067738572136 1.51095447409898 1.57463828893378 1.59843283006921 1.36476693954319
1.76315295509994 1.75601942138746 1.55246942839585 1.37771493149921 1.05422882782295 1.65365728433244 1.1502169072628 1.23253658949398 1.56700861710124 1.61033561103977 1.31538315280341 1.21688624797389 1.73153394879773 1.27831061230972 1.32566288555972 1.55012778309174 0 1.45129742147401 1.47530885436572 1.69237918965518 1.66416868753731 1.20168853271753 1.79082809155807 1.60788313718513 1.31861325050704 1.0775451392401 0.94806553190574 1.05439587449655 1.53189444099553 0.954151031794026
1.7562939657364 1.79991080192849 1.58978479728103 1.74038253934123 1.47753455606289 1.39288866752759 1.78743653418496 1.62675835983828 1.29742540651932 1.56959194201045 1.4185132116545 1.42944368254393 1.56546062044799 1.24935505446047 1.25412312475964 1.30488682701252 1.45129742147401 0 1.2238694364205 1.73301520268433 1.60548794153146 1.83775451895781 1.15274206642061 1.47030045115389 1.24727068259381 1.41186281386763 1.37453338690102 1.76462492975406 1.14398325351067 1.43620048463345
1.38073179707862 0.911986983614042 1.85442176903598 1.74419603822753 1.2956828859169 1.35859779664315 1.68225587229244 1.3087117660325 1.29135882318951 1.57486861129291 1.41422993317246 1.48476652288809 0.930584664223716 0.953980050981045 1.76994420820847 1.15478617534973 1.47530885436572 1.2238694364205 0 1.27749009616673 1.77847163053229 1.17208485119045 1.43510273960419 1.46724300179631 0.925040387315676 1.79594056215137 1.12049649655819 1.54977654735558 1.02024062653072 1.75425770250149
1.03623722167686 1.10303012654185 1.49218620080501 1.35957035026513 1.61280417698435 1.76701408741064 1.15532754152082 1.36620492814109 1.14795323531143 1.49542098189704 1.08223730628379 0.907286253059283 1.79021964780986 1.23532902891748 1.20705079473555 1.84269911539741 1.69237918965518 1.73301520268433 1.27749009616673 0 1.50611243583262 1.57995700021274 1.6030721582938 1.2482456616126 1.75431803567335 1.53415269358084 1.88032025657594 1.24382319976576 1.76372599112801 1.72388562932611
1.07843097019941 0.942986874608323 1.55796843045391 1.50261701410636 1.48687706538476 1.16700409562327 1.82819744455628 1.14723915653303 1.84258926194161 1.6984976218082 1.40049644629471 1.11663010972552 1.19073402625509 0.896898888517171 1.27615712000988 1.2824674108997 1.66416868753731 1.60548794153146 1.77847163053229 1.50611243583262 0 1.3541367999278 1.69060881156474 1.11888017249294 1.33541189250536 1.86767328763381 1.14139631087892 1.40595003496855 1.64789099479094 1.33694748743437
1.85697652283125 1.63325204653665 0.937074841931462 1.5275424735155 1.48837129445747 1.36562362127006 1.46590777509846 1.31392594357021 1.35108032543212 1.61200184863992 1.27392369718291 1.46592579735443 1.4201781086158 1.62959682615474 1.83945749560371 1.76404672767967 1.20168853271753 1.83775451895781 1.17208485119045 1.57995700021274 1.3541367999278 0 1.33466177014634 1.83160997042432 1.52955655311234 0.928621739614755 1.78048368031159 1.00380717613734 1.50128531269729 0.92829680768773
1.8162271338515 1.34243322676048 1.6297342479229 1.21106107742526 1.12000884884037 1.73442149162292 1.54502995102666 0.894360512495041 1.19555838685483 1.09794949600473 1.40593573311344 1.37720606289804 1.74305435991846 1.59059146279469 1.29452939517796 1.7051521607209 1.79082809155807 1.15274206642061 1.43510273960419 1.6030721582938 1.69060881156474 1.33466177014634 0 1.28921643691137 1.49843960697763 1.41695597092621 1.68126899912022 1.39720543986186 0.996876140823588 1.42518734443001
1.15129885263741 1.88767698896118 1.6948825113941 1.46286336076446 1.87013415643014 1.0775143050123 1.44007098115981 0.990875293966383 1.4019340344239 1.63230401696637 1.33022978110239 1.86714764451608 1.20182783063501 1.59271991206333 1.13952255574986 1.71815962647088 1.60788313718513 1.47030045115389 1.46724300179631 1.2482456616126 1.11888017249294 1.83160997042432 1.28921643691137 0 1.25101532856934 1.85212232917547 1.25276241684332 1.72317475057207 1.70776477991603 1.58039566013031
1.88375697936863 1.82440182194114 1.57030065101571 1.06599246244878 1.58010006113909 1.66899669775739 1.09169862046838 1.7517305421643 1.70480942702852 1.19109924370423 1.71890513645485 1.31940991687588 1.0176434230525 1.0584564669989 1.80407252535224 1.17014829930849 1.31861325050704 1.24727068259381 0.925040387315676 1.75431803567335 1.33541189250536 1.52955655311234 1.49843960697763 1.25101532856934 0 1.0656336764805 1.77432136214338 1.6722435716074 1.14425676316023 1.63499737763777
1.23248518421315 1.80201095575467 1.55134524242021 0.892769256839529 1.51430327119306 1.41317284782417 1.15664294664748 1.78904328262433 1.66894226777367 1.35588158038445 0.959109969204292 1.37246305681765 1.87848012475297 1.28288651979528 1.65760796680115 0.963067738572136 1.0775451392401 1.41186281386763 1.79594056215137 1.53415269358084 1.86767328763381 0.928621739614755 1.41695597092621 1.85212232917547 1.0656336764805 0 1.35688108997419 1.6860919140745 1.69349671737291 0.921799388714135
0.963496854761615 0.916848322609439 1.57864634459838 1.76462717307732 1.8222572458908 1.12097365269437 1.7832550231833 1.32473850995302 1.08715195348486 1.25305878301151 1.57403320283629 1.27703992743045 1.009275064338 1.50722077768296 1.53294596099295 1.51095447409898 0.94806553190574 1.37453338690102 1.12049649655819 1.88032025657594 1.14139631087892 1.78048368031159 1.68126899912022 1.25276241684332 1.77432136214338 1.35688108997419 0 1.00035828864202 1.00330547662452 0.971866375301033
0.934117713011801 1.33304567099549 1.43363836687058 0.953653353033587 1.1598320195917 1.72834711312316 1.22025665827096 1.67556250165217 1.15787388011813 1.05244680424221 1.28260321728885 1.86839567078277 1.57770584570244 1.36255080858245 1.80183616396971 1.57463828893378 1.05439587449655 1.76462492975406 1.54977654735558 1.24382319976576 1.40595003496855 1.00380717613734 1.39720543986186 1.72317475057207 1.6722435716074 1.6860919140745 1.00035828864202 0 1.70754180639051 1.45977594587021
1.17326050065458 1.63720521982759 1.28667971072719 1.68818121985532 0.909470275742933 1.26379148219712 1.64026754279621 1.39478268125094 1.07380945235491 1.52179223229177 1.77641498995945 1.11324160266668 1.42569351708516 1.0920431020204 1.18862586142495 1.59843283006921 1.53189444099553 1.14398325351067 1.02024062653072 1.76372599112801 1.64789099479094 1.50128531269729 0.996876140823588 1.70776477991603 1.14425676316023 1.69349671737291 1.00330547662452 1.70754180639051 0 1.59225293435156
1.26877406379208 1.80029871710576 1.45871110050939 1.71578508825041 1.08101016981527 1.2595975366421 0.949177463306114 1.88948708842508 0.978804879123345 1.31499480293132 1.46874833037145 1.32257418730296 1.70794201898389 1.65446626022458 1.80426319432445 1.36476693954319 0.954151031794026 1.43620048463345 1.75425770250149 1.72388562932611 1.33694748743437 0.92829680768773 1.42518734443001 1.58039566013031 1.63499737763777 0.921799388714135 0.971866375301033 1.45977594587021 1.59225293435156 0
