0 1.86920587602071 1.18051148788072 1.23297825525515 1.29838586598635 1.85498835146427 1.65088334167376 1.28274343814701 1.58767016697675 1.18702006526291 1.14193387445994 1.31835691723973 1.90128706465475 1.75481078401208 1.05913695902564 0.991645721253008 1.741314598592 1.67956238240004 1.22464665630832 1.09084017155692 1.78013359941542 1.33171361568384 1.4959278292954 1.70114837493747 1.77674454171211 1.20820248313248 1.31549456110224 1.25817280495539 1.58709548041224 1.77092447457835
1.86920587602071 0 1.58489027502947 1.87832298665307 1.13049391307868 1.89977728389204 1.222459893208 1.37240453879349 1.83005503960885 1.63679879717529 1.74212196422741 1.27858939557336 1.81710923090577 1.08808575384319 1.10317145450972 1.78099128743634 0.972378213657066 1.38651617220603 1.14111007307656 1.69573673955165 1.10878643998876 1.22089681052603 1.874299664516 1.50374332070351 1.78397966711782 1.81681054690853 1.00685341865756 1.21460220706649 1.28270620550029 1.82318957289681
1.18051148788072 1.58489027502947 0 1.21429876843467 1.72001141123474 1.63760304660536 1.30350475967862 1.12856482854113 1.69850744400173 1.87982138781808 1.41359832533635 1.89236845192499 1.11359167005867 1.53404970513657 1.74652926786803 1.15365979610942 1.2751077322755 1.5400893422775 1.46673315763474 1.14837370673195 1.2010260540992 1.92651577061042 1.28440826898441 1.95673380466178 1.92522111092694 1.34143486153334 1.09668615157716 1.63691718457267 1.46415755245835 1.25753942341544
1.23297825525515 1.87832298665307 1.21429876843467 0 1.75045541371219 1.21840018779039 1.04940930241719 1.93151465849951 1.22246957640164 1.91093552694656 1.68791024480015 1.75802588928491 1.95042044785805 1.56853166664951 1.47736457176507 1.6545692239888 1.62732520792633 1.95360239036381 1.68071851320565 1.55017856997438 1.11041331267916 1.77804548316635 1.7758991511073 1.5049321600236 1.11956748296507 1.57470067520626 1.63199758273549 1.20008631539531 1.28857657848857 1.53599690366536
1.29838586598635 1.13049391307868 1.72001141123474 1.75045541371219 0 1.25474271946587 1.04524274193682 1.24439848796465 0.977897344622761 1.01281797769479 1.38129258272238 1.88448301656172 1.12606359040365 1.2120170975104 1.05524212680757 1.37323450506665 0.965185544919223 1.81609048624523 1.51453705667518 1.48853402095847 1.07724280725233 1.15794296725653 1.23854293581098 1.42444643098861 1.41260607261211 1.13863238669001 1.17029639263637 1.17515144706704 1.48818294680677 1.53236368880607
1.85498835146427 1.89977728389204 1.63760304660536 1.21840018779039 1.25474271946587 0 1.94128862884827 1.42522390326485 1.8782929466106 1.288413540693 1.11161411530338 1.4312099115923 1.69143030489795 1.21960791363381 1.41200392600149 1.62088718847372 1.88770958897658 0.969808228546754 1.58374924701639 1.84660036070272 1.34708066796884 1.79528728290461 1.69546140194871 1.13024500128813 1.63134945719503 0.994282013969496 1.03198652365245 1.01188145345077 1.50876760506071 1.34212892642245
1.65088334167376 1.222459893208 1.30350475967862 1.04940930241719 1.04524274193682 1.94128862884827 0 1.93749313568696 1.53058044682257 0.98349764267914 1.17460855352692 1.36566276894882 1.17790171317756 1.05106063792482 1.27635866333731 1.61165789258666 1.50553360464983 1.73828596272506 1.91776654566638 1.22660223022103 1.58644761680625 1.71691504865885 1.28236478217877 0.98632004042156 1.30472290818579 1.38211699598469 1.36564873741008 1.3507661758922 1.60739938030019 1.55841927439906
1.28274343814701 1.37240453879349 1.12856482854113 1.93151465849951 1.24439848796465 1.42522390326485 1.93749313568696 0 1.95653943903744 1.31705866684206 1.4692460030783 1.35332801379263 1.92775675537996 1.03001223574392 1.10704958555289 1.03845997015014 1.21559343882836 1.75814685202204 1.84580589365214 1.9124338645488 1.69299816596322 1.19316438515671 1.91870392835699 1.66110413242131 1.34438855852932 1.00632533198223 1.36754757771268 1.83297746232711 1.67728201951832 1.23284985334612
1.58767016697675 1.83005503960885 1.69850744400173 1.22246957640164 0.977897344622761 1.8782929466106 1.53058044682257 1.95653943903744 0 1.95401596208103 1.53851638012566 1.06367996963672 1.58291907887906 1.71939781703986 1.87696969392709 1.0408949307166 1.74842409137636 1.37218300206587 1.71022170921788 1.2681465537753 1.65768930944614 1.45163531973958 1.72047670255415 1.11888625752181 1.02835149248131 1.7978011847008 1.05799604486674 1.69146221503615 1.55440128804184 1.11961390916258
1.18702006526291 1.63679879717529 1.87982138781808 1.91093552694656 1.01281797769479 1.288413540693 0.98349764267914 1.31705866684206 1.95401596208103 0 1.3920761323534 0.985965314088389 1.09619941422716 1.11461336608045 1.34842648077756 1.01630495628342 1.86056294874288 1.70940924086608 1.87069193110801 1.95699803321622 1.55022773332894 0.968886171700433 1.12235521757975 1.93190335226245 1.423982758075 1.09066247171722 1.13469753181562 1.76724574621767 1.31469435989857 1.47856391081586
1.14193387445994 1.74212196422741 1.41359832533635 1.68791024480015 1.38129258272238 1.11161411530338 1.17460855352692 1.4692460030783 1.53851638012566 1.3920761323534 0 1.45018767053261 1.54526053578593 0.970617438433692 1.5116566659417 0.995940811699256 1.86002060887404 1.68783327681012 1.25855434406549 1.10055368742906 1.21962401340716 1.0141809261404 1.26764364517294 1.67502157087438 1.02366937068291 1.14750436320901 1.71762094646692 1.12402422167361 0.993561485549435 1.5808247893583
1.31835691723973 1.27858939557336 1.89236845192499 1.75802588928491 1.88448301656172 1.4312099115923 1.36566276894882 1.35332801379263 1.06367996963672 0.985965314088389 1.45018767053261 0 1.56957210507244 1.35842193686403 1.67967831972055 1.42205079435371 1.18069140450098 1.58031727722846 1.45475315791555 0.971032719127834 1.72252419008873 1.23336990457028 1.21973355580121 1.88893223088235 1.29847461311147 1.85869978344999 1.22594253439456 1.09741533827037 1.21129288547672 1.10082749091089
1.90128706465475 1.81710923090577 1.11359167005867 1.95042044785805 1.12606359040365 1.69143030489795 1.17790171317756 1.92775675537996 1.58291907887906 1.09619941422716 1.54526053578593 1.56957210507244 0 0.967313286149874 1.7081084002275 1.88710161461495 1.64867981825955 1.30206832964905 1.36245244648308 1.39387311716564 1.21230935445055 1.1205291969236 1.39211623556912 1.02627468900755 1.50490611419082 1.19769432535395 1.44024694245309 1.81693593994714 1.212542476831 1.2910380801186
1.75481078401208 1.08808575384319 1.53404970513657 1.56853166664951 1.2120170975104 1.21960791363381 1.05106063792482 1.03001223574392 1.71939781703986 1.11461336608045 0.970617438433692 1.35842193686403 0.967313286149874 0 1.1981636271812 1.85771333402954 1.76530356612056 1.93514129170217 1.60339047410525 1.91183582064696 1.19090463663451 1.7923192109447 1.13360764132813 1.60299007268623 1.52640143013559 1.32498069643043 1.85183234512806 1.74036731151864 1.95970022073016 1.83987290062942
1.05913695902564 1.10317145450972 1.74652926786803 1.47736457176507 1.05524212680757 1.41200392600149 1.27635866333731 1.10704958555289 1.87696969392709 1.34842648077756 1.5116566659417 1.67967831972055 1.7081084002275 1.1981636271812 0 1.52016497356817 1.60204255743884 1.54959025932476 1.29152790619992 1.73706344049424 1.43364329845645 1.54068571631797 1.09751274576411 1.49484471138567 1.36184387537651 1.48803027463146 1.83549705916084 1.92873509484343 1.75114420172758 1.13020964851603
0.991645721253008 1.78099128743634 1.15365979610942 1.6545692239888 1.37323450506665 1.62088718847372 1.61165789258666 1.03845997015014 1.0408949307166 1.01630495628342 0.995940811699256 1.42205079435371 1.88710161461495 1.85771333402954 1.52016497356817 0 1.80820536636747 1.52493807696737 1.63409751001745 1.34333985042758 1.13017037138343 0.986102966358885 1.33820057567209 1.7037325988058 1.8164277060423 1.57245168671943 1.54987987363711 1.91186668281443 1.25817668135278 1.72366047161631
1.741314598592 0.972378213657066 1.2751077322755 1.62732520792633 0.965185544919223 1.88770958897658 1.50553360464983 1.21559343882836 1.74842409137636 1.86056294874288 1.86002060887404 1.18069140450098 1.64867981825955 1.76530356612056 1.60204255743884 1.80820536636747 0 1.19568904140033 1.80917956773192 1.56761815911159 1.71246954333037 1.24186447844841 1.95668049389496 0.995812878711149 1.3829490323551 1.66500851628371 1.04036342026666 1.34334229910746 1.29912385740317 1.17319669737481
1.67956238240004 1.38651617220603 1.5400893422775 1.95360239036381 1.81609048624523 0.969808228546754 1.73828596272506 1.75814685202204 1.37218300206587 1.70940924086608 1.68783327681012 1.58031727722846 1.30206832964905 1.93514129170217 1.54959025932476 1.52493807696737 1.19568904140033 0 1.73904932918958 1.71138527127914 1.61389536736533 1.86840117094107 1.74545556562953 1.35251847282052 1.87793765519746 1.53194691892713 1.09872984187678 1.74289192236029 1.29768045432866 1.55695851193741
1.22464665630832 1.14111007307656 1.46673315763474 1.68071851320565 1.51453705667518 1.58374924701639 1.91776654566638 1.84580589365214 1.71022170921788 1.87069193110801 1.25855434406549 1.45475315791555 1.36245244648308 1.60339047410525 1.29152790619992 1.63409751001745 1.80917956773192 1.73904932918958 0 1.83833760931157 1.8953383998014 1.45753740589134 1.80195628572255 1.3594177714549 1.92914135381579 1.46662358078174 1.36638177046552 1.29486400727183 1.73930704314262 1.329491954064
1.09084017155692 1.69573673955165 1.14837370673195 1.55017856997438 1.48853402095847 1.84660036070272 1.22660223022103 1.9124338645488 1.2681465537753 1.95699803321622 1.10055368742906 0.971032719127834 1.39387311716564 1.91183582064696 1.73706344049424 1.34333985042758 1.56761815911159 1.71138527127914 1.83833760931157 0 1.90800399635918 1.79124268307351 0.981083966093138 1.71159461163916 1.80579139990732 1.9451465071179 1.6300580878742 1.16911469353363 1.46370019298047 1.92603691713884
1.78013359941542 1.10878643998876 1.2010260540992 1.11041331267916 1.07724280725233 1.34708066796884 1.58644761680625 1.69299816596322 1.65768930944614 1.55022773332894 1.21962401340716 1.72252419008873 1.21230935445055 1.19090463663451 1.43364329845645 1.13017037138343 1.71246954333037 1.61389536736533 1.8953383998014 1.90800399635918 0 1.57978625153191 1.59222689387389 0.962109836284071 1.03776746266522 1.6659786675591 1.59344635857269 1.41278119827621 0.989831662038341 1.94090506993234
1.33171361568384 1.22089681052603 1.92651577061042 1.77804548316635 1.15794296725653 1.79528728290461 1.71691504865885 1.19316438515671 1.45163531973958 0.968886171700433 1.0141809261404 1.23336990457028 1.1205291969236 1.7923192109447 1.54068571631797 0.986102966358885 1.24186447844841 1.86840117094107 1.45753740589134 1.79124268307351 1.57978625153191 0 1.04479766148143 1.82066834089346 0.988724383059889 1.07682469580323 1.18860885873437 1.11887204507366 1.10570815624669 1.0658235582523
1.4959278292954 1.874299664516 1.28440826898441 1.7758991511073 1.23854293581098 1.69546140194871 1.28236478217877 1.91870392835699 1.72047670255415 1.12235521757975 1.26764364517294 1.21973355580121 1.39211623556912 1.13360764132813 1.09751274576411 1.33820057567209 1.95668049389496 1.74545556562953 1.80195628572255 0.981083966093138 1.59222689387389 1.04479766148143 0 1.57436444261111 1.8716297512874 1.15794863807969 1.88095386046916 1.0422169289086 1.69794684229419 1.01648413739167
1.70114837493747 1.50374332070351 1.95673380466178 1.5049321600236 1.42444643098861 1.13024500128813 0.98632004042156 1.66110413242131 1.11888625752181 1.93190335226245 1.67502157087438 1.88893223088235 1.02627468900755 1.60299007268623 1.49484471138567 1.7037325988058 0.995812878711149 1.35251847282052 1.3594177714549 1.71159461163916 0.962109836284071 1.82066834089346 1.57436444261111 0 1.18255422729999 1.56908948230557 1.67371032829396 1.31722885440104 1.361738815438 1.74912734748796
1.77674454171211 1.78397966711782 1.92522111092694 1.11956748296507 1.41260607261211 1.63134945719503 1.30472290818579 1.34438855852932 1.02835149248131 1.423982758075 1.02366937068291 1.29847461311147 1.50490611419082 1.52640143013559 1.36184387537651 1.8164277060423 1.3829490323551 1.87793765519746 1.92914135381579 1.80579139990732 1.03776746266522 0.988724383059889 1.8716297512874 1.18255422729999 0 0.964134971611202 1.61334743024781 1.75437989644706 1.87182935979217 1.64668313646689
1.20820248313248 1.81681054690853 1.34143486153334 1.57470067520626 1.13863238669001 0.994282013969496 1.38211699598469 1.00632533198223 1.7978011847008 1.09066247171722 1.14750436320901 1.85869978344999 1.19769432535395 1.32498069643043 1.48803027463146 1.57245168671943 1.66500851628371 1.53194691892713 1.46662358078174 1.9451465071179 1.6659786675591 1.07682469580323 1.15794863807969 1.56908948230557 0.964134971611202 0 1.40926797315478 1.27197203272954 1.29763546236791 1.52639115601778
1.31549456110224 1.00685341865756 1.09668615157716 1.63199758273549 1.17029639263637 1.03198652365245 1.36564873741008 1.36754757771268 1.05799604486674 1.13469753181562 1.71762094646692 1.22594253439456 1.44024694245309 1.85183234512806 1.83549705916084 1.54987987363711 1.04036342026666 1.09872984187678 1.36638177046552 1.6300580878742 1.59344635857269 1.18860885873437 1.88095386046916 1.67371032829396 1.61334743024781 1.40926797315478 0 1.90145299234428 1.2730914556887 1.09941673162393
1.25817280495539 1.21460220706649 1.63691718457267 1.20008631539531 1.17515144706704 1.01188145345077 1.3507661758922 1.83297746232711 1.69146221503615 1.76724574621767 1.12402422167361 1.09741533827037 1.81693593994714 1.74036731151864 1.92873509484343 1.91186668281443 1.34334229910746 1.74289192236029 1.29486400727183 1.16911469353363 1.41278119827621 1.11887204507366 1.0422169289086 1.31722885440104 1.75437989644706 1.27197203272954 1.90145299234428 0 1.62908851914108 1.77162357722409
1.58709548041224 1.28270620550029 1.46415755245835 1.28857657848857 1.48818294680677 1.50876760506071 1.60739938030019 1.67728201951832 1.55440128804184 1.31469435989857 0.993561485549435 1.21129288547672 1.212542476831 1.95970022073016 1.75114420172758 1.25817668135278 1.29912385740317 1.29768045432866 1.73930704314262 1.46370019298047 0.989831662038341 1.10570815624669 1.69794684229419 1.361738815438 1.87182935979217 1.29763546236791 1.2730914556887 1.62908851914108 0 1.7567010440398
1.77092447457835 1.82318957289681 1.25753942341544 1.53599690366536 1.53236368880607 1.34212892642245 1.55841927439906 1.23284985334612 1.11961390916258 1.47856391081586 1.5808247893583 1.10082749091089 1.2910380801186 1.83987290062942 1.13020964851603 1.72366047161631 1.17319669737481 1.55695851193741 1.329491954064 1.92603691713884 1.94090506993234 1.0658235582523 1.01648413739167 1.74912734748796 1.64668313646689 1.52639115601778 1.09941673162393 1.77162357722409 1.7567010440398 0
