0 1.91114957095124 1.6260263172444 1.32384735811502 1.52527680783533 1.51965371030383 1.3303406459745 1.81396967032924 1.22927218140103 1.08342388691381 1.15692683542147 1.23596720513888 1.52089435118251 1.38545191218145 1.08085360191762 1.49951871507801 1.61012929514982 1.32947871717624 1.84718142356724 1.85162285622209 1.76923034875654 1.68891914491542 1.59890864929184 1.73024643375538 1.48118860810064 1.41419249400496 1.51210677134804 1.49729040614329 1.83194092730992 1.74683889630251
1.91114957095124 0 1.22819407121278 1.0006332937628 1.05123960296623 1.68995734513737 1.23244603839703 1.51724018459208 1.20452143065631 1.72617999766953 1.7759003478568 1.67962730303407 1.25138092762791 1.81390737299807 1.68261172715575 1.31324499519542 1.42423459538259 1.59072279417887 1.40109041752294 0.986060933209956 1.24557357351296 1.86748667643405 1.69815807999112 1.26314776251093 1.15122789004818 1.7325300022494 1.49876176565886 1.7640834718477 1.39552934607491 1.61294958880171
1.6260263172444 1.22819407121278 0 1.06019561504945 1.77094480651431 0.971003854414448 1.49454914382659 1.19355384586379 1.75679056532681 1.16430776263587 0.978795998962596 1.05884393537417 1.06427227472886 1.88992636464536 1.59029113827273 1.82311694789678 1.39882463682443 1.82204386801459 0.949680445017293 1.83234346029349 1.62634548963979 1.81462139612995 1.16169496485963 0.971054798224941 1.34753614570946 1.77176280808635 0.959996270947158 1.05047063715756 1.72395259467885 1.31333572487347
1.32384735811502 1.0006332937628 1.06019561504945 0 1.75562479859218 1.79387078434229 1.87632541498169 1.80298370006494 1.66145640518516 1.74541980703361 0.957387486472726 1.61725880228914 1.54304857598618 1.12729457742535 1.14072479726747 1.46694109076634 1.21581792621873 1.61498843575828 1.16325161419809 1.41524221142754 1.51752274553291 0.95525485672988 1.17500259401277 0.995679492596537 0.988238260848448 0.928568915231153 1.36078933021054 1.74289319175296 0.982699648477137 0.992805619025603
1.52527680783533 1.05123960296623 1.77094480651431 1.75562479859218 0 1.79405017755926 1.08115270850249 1.80325969448313 1.91332498192787 1.47534364787862 1.08086376776919 1.6457082638517 1.67083706730045 1.46825539390557 1.00002453313209 1.64231168851256 1.16682822746225 1.51915030390956 0.927730574505404 1.69234957569279 1.66823505912907 1.86513539380394 1.3036434573587 1.56072933762334 1.02711950941011 1.49867451679893 1.30947878258303 1.6470734574832 1.8184236609377 1.10345750884153
1.51965371030383 1.68995734513737 0.971003854414448 1.79387078434229 1.79405017755926 0 1.58910075062886 1.56562236882746 1.43798088678159 1.56779382145032 1.17076924536377 1.91043358319439 1.71901875431649 1.65358095057309 1.3617163724266 1.74257745360956 1.69372122385539 1.32866361411288 1.35158208850771 1.30846578394994 1.68834661017172 1.25550131360069 1.08859139122069 1.62572468374856 1.78199108061381 1.15658956207335 1.81978007382713 1.53847814444453 1.8392389761284 1.18901857291348
1.3303406459745 1.23244603839703 1.49454914382659 1.87632541498169 1.08115270850249 1.58910075062886 0 1.03730743075721 1.63478140765801 1.45519900205545 0.942441732855514 1.60428561363369 1.0997359782923 1.81248023547232 1.82038479112089 1.26074676588178 1.5141017283313 1.21295198262669 1.68256105668843 1.3705874774605 1.87506988295354 1.56450294656679 1.70344611140899 1.89646040345542 1.47490320168436 1.07661814405583 1.78660018160008 1.16095974366181 1.8634696744848 1.51234420179389
1.81396967032924 1.51724018459208 1.19355384586379 1.80298370006494 1.80325969448313 1.56562236882746 1.03730743075721 0 0.971144024981186 1.82063451735303 1.88089044159278 1.11768212262541 1.20197229925543 1.72576937684789 0.940480822464451 1.14496267423965 1.19288112339564 1.89899271260947 1.0705116072204 1.63199471752159 1.81130782933906 1.34210691647604 1.35143264755607 1.16126124351285 1.07863090210594 1.60042043845169 1.33621172397397 1.61522379890084 1.73605768987909 1.29547868482769
1.22927218140103 1.20452143065631 1.75679056532681 1.66145640518516 1.91332498192787 1.43798088678159 1.63478140765801 0.971144024981186 0 1.71620015334338 1.67408876842819 1.69859123555943 1.77101574768312 1.66979440348223 0.96868200507015 1.3085450893268 1.40247333585285 1.83504473394714 1.31422919826582 1.69279909110628 1.7367184930481 1.33317297440954 1.92360232048668 1.41235170862637 1.0935728775803 1.29673483315855 1.18984780390747 1.36127233412117 1.772029082058 1.26354321953841
1.08342388691381 1.72617999766953 1.16430776263587 1.74541980703361 1.47534364787862 1.56779382145032 1.45519900205545 1.82063451735303 1.71620015334338 0 1.79628384276293 1.66013625566848 0.936277145985514 1.74905400630087 1.13084744266234 1.32689545815811 1.645325622987 1.28848586580716 1.20284357666969 1.89127403940074 1.09756501461379 1.16462484537624 1.64163564611226 1.84995210054331 1.04613945772871 1.11801227810793 1.03147366037592 1.28241998166777 1.91022401209921 1.73341493401676
1.15692683542147 1.7759003478568 0.978795998962596 0.957387486472726 1.08086376776919 1.17076924536377 0.942441732855514 1.88089044159278 1.67408876842819 1.79628384276293 0 1.17546132043935 1.50302702654153 1.74142573587596 1.90021321270615 1.74126024008729 1.89300294034183 1.57561610196717 1.67212764709257 1.16724889329635 1.43294398672879 1.28110992675647 1.01360722421668 1.05896143126301 1.88118351669982 1.88571787718683 1.44019916746765 1.38577505736612 0.973671783693135 1.65143321407959
1.23596720513888 1.67962730303407 1.05884393537417 1.61725880228914 1.6457082638517 1.91043358319439 1.60428561363369 1.11768212262541 1.69859123555943 1.66013625566848 1.17546132043935 0 1.01235474064015 1.58882954134606 1.68631968204863 1.18294810620137 1.1430316825863 0.954946520039812 1.28647474804893 1.86295512248762 1.28635386261158 1.34628657600842 1.78470740723424 1.72442402481101 1.04589880793355 1.34062716225162 1.26812403323129 1.37691278429702 1.44632215122692 1.63861886877567
1.52089435118251 1.25138092762791 1.06427227472886 1.54304857598618 1.67083706730045 1.71901875431649 1.0997359782923 1.20197229925543 1.77101574768312 0.936277145985514 1.50302702654153 1.01235474064015 0 1.13728704629466 1.19345051050186 0.924291436327621 1.05212095892057 1.28217304125428 1.20358870876953 1.23861965769902 1.60516240354627 1.85982286673971 1.19109709723853 1.45393595518544 1.54015796957538 1.18048954126425 1.00707188947126 1.18490800936706 1.52159429900348 1.70231523760594
1.38545191218145 1.81390737299807 1.88992636464536 1.12729457742535 1.46825539390557 1.65358095057309 1.81248023547232 1.72576937684789 1.66979440348223 1.74905400630087 1.74142573587596 1.58882954134606 1.13728704629466 0 1.04927992913872 1.3481627299916 1.45722054480575 1.3710948638618 1.36313964705914 1.80306525016204 0.995194792281836 1.3477383647114 1.33231260138564 1.67518314486369 1.22175775212236 0.941508989781141 1.63723597442731 1.70877675130032 1.33001333125867 1.1625915619079
1.08085360191762 1.68261172715575 1.59029113827273 1.14072479726747 1.00002453313209 1.3617163724266 1.82038479112089 0.940480822464451 0.96868200507015 1.13084744266234 1.90021321270615 1.68631968204863 1.19345051050186 1.04927992913872 0 1.20191930653527 1.91249005566351 1.64031405444257 1.07929305522703 0.956433445913717 1.82202385715209 1.72577410913073 1.89951443299651 0.98562790825963 1.46494689397514 1.61700551584363 1.02485486259684 1.65717524150386 0.926541429013014 1.05557284434326
1.49951871507801 1.31324499519542 1.82311694789678 1.46694109076634 1.64231168851256 1.74257745360956 1.26074676588178 1.14496267423965 1.3085450893268 1.32689545815811 1.74126024008729 1.18294810620137 0.924291436327621 1.3481627299916 1.20191930653527 0 1.28671686025336 1.037531073438 1.52571418648586 1.70150521676987 1.50472082104534 1.44489376549609 1.20525869773701 1.02800934528932 1.68654213217087 1.18051247205585 1.56090078526177 1.00132767320611 1.2279108336661 1.45925682876259
1.61012929514982 1.42423459538259 1.39882463682443 1.21581792621873 1.16682822746225 1.69372122385539 1.5141017283313 1.19288112339564 1.40247333585285 1.645325622987 1.89300294034183 1.1430316825863 1.05212095892057 1.45722054480575 1.91249005566351 1.28671686025336 0 0.981068391818553 1.87074580905028 1.35648087295704 1.01224043639377 1.288774110144 1.45771313481964 1.60767189692706 1.39397291559726 1.52076215413399 1.20995979965664 1.37936233705841 1.03998810006306 1.12592763290741
1.32947871717624 1.59072279417887 1.82204386801459 1.61498843575828 1.51915030390956 1.32866361411288 1.21295198262669 1.89899271260947 1.83504473394714 1.28848586580716 1.57561610196717 0.954946520039812 1.28217304125428 1.3710948638618 1.64031405444257 1.037531073438 0.981068391818553 0 1.05997578636743 1.29898217297159 1.06049335561693 1.78163875383325 1.26705495663919 1.00867733615451 1.48494946933351 1.06477077677846 1.0920329792425 1.71639902074821 1.33845744212158 1.79879011935554
1.84718142356724 1.40109041752294 0.949680445017293 1.16325161419809 0.927730574505404 1.35158208850771 1.68256105668843 1.0705116072204 1.31422919826582 1.20284357666969 1.67212764709257 1.28647474804893 1.20358870876953 1.36313964705914 1.07929305522703 1.52571418648586 1.87074580905028 1.05997578636743 0 1.74223288916983 1.4999037864618 1.33953383006155 1.42971242847852 1.38058460154571 1.10757873905823 1.12597360881045 1.44102169107646 1.87363297725096 1.23015230358578 1.54344315151684
1.85162285622209 0.986060933209956 1.83234346029349 1.41524221142754 1.69234957569279 1.30846578394994 1.3705874774605 1.63199471752159 1.69279909110628 1.89127403940074 1.16724889329635 1.86295512248762 1.23861965769902 1.80306525016204 0.956433445913717 1.70150521676987 1.35648087295704 1.29898217297159 1.74223288916983 0 1.68408378795721 1.16175947105512 1.85592150385492 1.62836682796478 1.78996617277153 1.0132482170593 1.52897695451975 1.85907039092854 1.38700814335607 1.25792528595775
1.76923034875654 1.24557357351296 1.62634548963979 1.51752274553291 1.66823505912907 1.68834661017172 1.87506988295354 1.81130782933906 1.7367184930481 1.09756501461379 1.43294398672879 1.28635386261158 1.60516240354627 0.995194792281836 1.82202385715209 1.50472082104534 1.01224043639377 1.06049335561693 1.4999037864618 1.68408378795721 0 1.69461595802568 1.10235965251923 1.02640288486145 1.41529618855566 1.19364944659173 1.63303778367117 1.03117358591408 1.89701046887785 1.43533199932426
1.68891914491542 1.86748667643405 1.81462139612995 0.95525485672988 1.86513539380394 1.25550131360069 1.56450294656679 1.34210691647604 1.33317297440954 1.16462484537624 1.28110992675647 1.34628657600842 1.85982286673971 1.3477383647114 1.72577410913073 1.44489376549609 1.288774110144 1.78163875383325 1.33953383006155 1.16175947105512 1.69461595802568 0 1.67615968640894 1.78958824276924 1.77853996306658 1.3098557787016 1.80604382930323 1.1344219557941 1.72428403841332 1.75969926663674
1.59890864929184 1.69815807999112 1.16169496485963 1.17500259401277 1.3036434573587 1.08859139122069 1.70344611140899 1.35143264755607 1.92360232048668 1.64163564611226 1.01360722421668 1.78470740723424 1.19109709723853 1.33231260138564 1.89951443299651 1.20525869773701 1.45771313481964 1.26705495663919 1.42971242847852 1.85592150385492 1.10235965251923 1.67615968640894 0 1.31335031311028 1.29837173433043 1.62473874422722 1.83239260991104 1.42868108558469 1.16221758909523 1.80110727832653
1.73024643375538 1.26314776251093 0.971054798224941 0.995679492596537 1.56072933762334 1.62572468374856 1.89646040345542 1.16126124351285 1.41235170862637 1.84995210054331 1.05896143126301 1.72442402481101 1.45393595518544 1.67518314486369 0.98562790825963 1.02800934528932 1.60767189692706 1.00867733615451 1.38058460154571 1.62836682796478 1.02640288486145 1.78958824276924 1.31335031311028 0 1.55729325814173 1.16187238111161 1.02114326646551 0.937941382173449 1.35398295009509 1.47029393096454
1.48118860810064 1.15122789004818 1.34753614570946 0.988238260848448 1.02711950941011 1.78199108061381 1.47490320168436 1.07863090210594 1.0935728775803 1.04613945772871 1.88118351669982 1.04589880793355 1.54015796957538 1.22175775212236 1.46494689397514 1.68654213217087 1.39397291559726 1.48494946933351 1.10757873905823 1.78996617277153 1.41529618855566 1.77853996306658 1.29837173433043 1.55729325814173 0 1.0109119231347 1.49259263277054 1.83148446190171 1.29231394641101 1.90038320352323
1.41419249400496 1.7325300022494 1.77176280808635 0.928568915231153 1.49867451679893 1.15658956207335 1.07661814405583 1.60042043845169 1.29673483315855 1.11801227810793 1.88571787718683 1.34062716225162 1.18048954126425 0.941508989781141 1.61700551584363 1.18051247205585 1.52076215413399 1.06477077677846 1.12597360881045 1.0132482170593 1.19364944659173 1.3098557787016 1.62473874422722 1.16187238111161 1.0109119231347 0 1.16472489386797 1.85660323547199 1.46394988661632 1.39184642443433
1.51210677134804 1.49876176565886 0.959996270947158 1.36078933021054 1.30947878258303 1.81978007382713 1.78660018160008 1.33621172397397 1.18984780390747 1.03147366037592 1.44019916746765 1.26812403323129 1.00707188947126 1.63723597442731 1.02485486259684 1.56090078526177 1.20995979965664 1.0920329792425 1.44102169107646 1.52897695451975 1.63303778367117 1.80604382930323 1.83239260991104 1.02114326646551 1.49259263277054 1.16472489386797 0 1.25928001129068 1.02860763482749 1.38562761177309
1.49729040614329 1.7640834718477 1.05047063715756 1.74289319175296 1.6470734574832 1.53847814444453 1.16095974366181 1.61522379890084 1.36127233412117 1.28241998166777 1.38577505736612 1.37691278429702 1.18490800936706 1.70877675130032 1.65717524150386 1.00132767320611 1.37936233705841 1.71639902074821 1.87363297725096 1.85907039092854 1.03117358591408 1.1344219557941 1.42868108558469 0.937941382173449 1.83148446190171 1.85660323547199 1.25928001129068 0 1.31407733401284 1.33039420307614
1.83194092730992 1.39552934607491 1.72395259467885 0.982699648477137 1.8184236609377 1.8392389761284 1.8634696744848 1.73605768987909 1.772029082058 1.91022401209921 0.973671783693135 1.44632215122692 1.52159429900348 1.33001333125867 0.926541429013014 1.2279108336661 1.03998810006306 1.33845744212158 1.23015230358578 1.38700814335607 1.89701046887785 1.72428403841332 1.16221758909523 1.35398295009509 1.29231394641101 1.46394988661632 1.02860763482749 1.31407733401284 0 1.47685298626311
1.74683889630251 1.61294958880171 1.31333572487347 0.992805619025603 1.10345750884153 1.18901857291348 1.51234420179389 1.29547868482769 1.26354321953841 1.73341493401676 1.65143321407959 1.63861886877567 1.70231523760594 1.1625915619079 1.05557284434326 1.45925682876259 1.12592763290741 1.79879011935554 1.54344315151684 1.25792528595775 1.43533199932426 1.75969926663674 1.80110727832653 1.47029393096454 1.90038320352323 1.39184642443433 1.38562761177309 1.33039420307614 1.47685298626311 0
