0 1.05090254428796 1.38793621701188 1.60356944310479 1.19846823229454 1.41774630662985 1.35327851492912 1.22693684557453 1.24562742537819 1.17395981540903 0.980382380774245 0.977773045888171 1.25459230551496 1.7609346488025 0.931054332060739 1.37203996884637 1.44149533007294 0.932629033690318 1.10254909843206 1.00460813357495 1.42102278047241 1.77133412472904 1.49120336654596 1.9002249923069 1.55231905402616 1.37169253500178 1.78069477598183 1.92508630943485 1.4802268538624 1.19526404351927
1.05090254428796 0 1.8103661944624 1.37840888672508 1.9174540352542 1.16341418563388 0.930896915262565 1.50589897413738 1.1027789725922 1.46688219415955 1.74755327496678 1.87572851032019 1.5863103941083 1.12466459674761 1.55859531951137 1.09513522055931 1.20912413066253 1.0152908784803 1.0272985722404 1.9251589816995 0.960576381767169 1.68703192123212 1.02698186016642 1.828535546083 1.69361205445603 1.66465693758801 1.76554564782418 0.977741119451821 1.69691783282906 1.02441990375519
1.38793621701188 1.8103661944624 0 1.05527078197338 1.80561093543656 1.62644368060865 1.20269365841523 1.33618720900267 1.56613588519394 1.37180619919673 1.67594210221432 1.21214505867101 1.28619875386357 1.2769310886506 1.24124079872854 1.08715211809613 1.79860002570786 1.02985333302058 1.15136654465459 1.56647565099411 1.27516720374115 1.43733805650845 1.067332186969 1.21599149238318 1.48217280162498 1.72650511865504 0.928097815252841 1.68384438962676 1.1697730703745 1.89280428108759
1.60356944310479 1.37840888672508 1.05527078197338 0 1.88516329973936 1.33164916699752 1.59450246719643 1.78199967416003 1.19965260964818 1.09156392281875 1.34541333257221 1.42662641126662 1.43033612077124 1.71451394143514 1.59629866969772 1.10860453895293 1.01607408327982 1.07583482703194 0.969540820922703 1.72430838644505 1.04528561793268 1.30016268836334 1.27447845507413 0.983440500451252 1.15020807902329 1.85678812651895 1.01267189835198 1.08428047411144 1.43117522378452 1.44430795032531
1.19846823229454 1.9174540352542 1.80561093543656 1.88516329973936 0 0.960402011172846 0.98655711999163 1.17817667569034 1.31521229888313 1.9222323007416 1.27991012344137 1.45472291857004 1.319240889512 1.00809916551225 1.04724229546264 1.18512154580094 1.62319826008752 1.75970254908316 1.01195809734054 1.69613890722394 1.12269490305334 1.59746383945458 1.40641367831267 1.074290598277 1.6981668069493 1.90738515998237 1.92334637884051 1.91937049711123 1.55272503686137 1.67147102137096
1.41774630662985 1.16341418563388 1.62644368060865 1.33164916699752 0.960402011172846 0 1.71692370064557 1.56723754177801 1.46581446472555 1.6739896715153 1.83265157858841 1.37699927343056 1.62335311318748 1.42708599800244 1.77408044575714 1.87272289115936 1.44981178990565 1.16944208391942 1.91203964571469 0.930038769962266 1.41606870363466 1.21621743636206 1.79686062363908 1.32343745138496 1.90248627774417 0.995345926377922 1.11346563627012 1.20938732335344 1.57902707229368 1.77087413356639
1.35327851492912 0.930896915262565 1.20269365841523 1.59450246719643 0.98655711999163 1.71692370064557 0 1.12154134549201 1.26373631227762 1.28622720926069 1.87693112017587 1.45476308232173 1.51246767630801 1.74953672965057 1.7245505664032 1.17809849907644 1.26243641856126 1.647653961787 1.29892272874713 1.03001837083139 1.72552339104004 1.11197461630218 1.09945384575985 1.46254353574477 1.7365951645188 1.02267311722971 1.45880812220275 1.668613323709 1.89136915304698 1.90574324293993
1.22693684557453 1.50589897413738 1.33618720900267 1.78199967416003 1.17817667569034 1.56723754177801 1.12154134549201 0 1.60121120885015 1.6110877613537 0.985455123940483 1.35864167078398 1.02209779736586 1.42017493885942 1.81196910701692 1.35347263375297 1.44095489243045 0.963976670987904 0.933940621791407 1.70711866067722 1.2563026342541 1.07140546594746 1.11864153412171 1.37409730628133 1.39252845477313 1.65569004183635 1.27723040990531 1.03135194350034 1.25512416707352 1.29041482228786
1.24562742537819 1.1027789725922 1.56613588519394 1.19965260964818 1.31521229888313 1.46581446472555 1.26373631227762 1.60121120885015 0 1.89253382920288 1.50824456824921 1.18670188798569 1.69110517273657 1.85169620579109 1.0147120738402 1.15665114484727 1.20448085619137 1.8984828798566 1.68013747129589 1.58636150835082 1.36060359468684 1.90020545944571 1.78684741421603 1.46921394160017 1.05963455280289 1.84824150870554 1.13134674006142 1.47396591119468 1.75359855568968 1.12739079538733
1.17395981540903 1.46688219415955 1.37180619919673 1.09156392281875 1.9222323007416 1.6739896715153 1.28622720926069 1.6110877613537 1.89253382920288 0 1.57616062741727 1.5100015301723 1.88201876892708 0.990131618455052 1.80167277506553 0.974944334477186 0.997727357782423 1.25514108873904 1.26002088421956 1.60220231954008 1.84901298070326 1.27529834024608 1.66082380898297 1.90959846996702 1.49955432699062 1.05043265316635 1.13375199073926 1.12783940695226 1.91312215314247 1.9127939385362
0.980382380774245 1.74755327496678 1.67594210221432 1.34541333257221 1.27991012344137 1.83265157858841 1.87693112017587 0.985455123940483 1.50824456824921 1.57616062741727 0 1.24626460974105 1.30990742985159 1.69112329999916 1.07968997000717 1.45950603042729 1.58854078361765 1.568612013245 1.04638853319921 1.45285148127005 1.72507730894722 1.89649708080105 1.44886530539952 1.89761086856015 1.50741697591729 1.39258284331299 1.30162262776867 1.58680159482174 1.88029710925184 1.64191692578606
0.977773045888171 1.87572851032019 1.21214505867101 1.42662641126662 1.45472291857004 1.37699927343056 1.45476308232173 1.35864167078398 1.18670188798569 1.5100015301723 1.24626460974105 0 1.30462629138492 1.3373989474494 1.08301418996416 1.46924952138215 1.84421508433297 1.41889967652969 1.74741633841768 1.62675131042488 1.91655202629045 1.18661430338398 1.32341194525361 1.37569540459663 0.992432864150032 1.17445327714086 1.51512041199021 1.54953326587565 1.09604613645934 1.58953044610098
1.25459230551496 1.5863103941083 1.28619875386357 1.43033612077124 1.319240889512 1.62335311318748 1.51246767630801 1.02209779736586 1.69110517273657 1.88201876892708 1.30990742985159 1.30462629138492 0 1.3513825382106 1.07434365618974 1.6030338818673 1.87536618998274 1.12214931519702 1.85711019276641 0.935615345137194 1.70036319433711 1.77120725787245 1.87734151585028 1.52204152126797 1.70418705628254 1.86521969572641 0.958118881564587 0.932197323301807 1.90963921230286 1.88017797865905
1.7609346488025 1.12466459674761 1.2769310886506 1.71451394143514 1.00809916551225 1.42708599800244 1.74953672965057 1.42017493885942 1.85169620579109 0.990131618455052 1.69112329999916 1.3373989474494 1.3513825382106 0 1.52717509516515 1.13358327234164 1.40376582159661 1.77661432838067 1.08540640235879 1.61396786407568 1.06327065639198 1.03798756492324 1.17395620234311 1.39333640411496 1.3011513769161 1.40775720844977 1.23428941844031 1.38054852443747 1.39947961783037 0.949662368977442
0.931054332060739 1.55859531951137 1.24124079872854 1.59629866969772 1.04724229546264 1.77408044575714 1.7245505664032 1.81196910701692 1.0147120738402 1.80167277506553 1.07968997000717 1.08301418996416 1.07434365618974 1.52717509516515 0 1.53841188084334 1.46353699825704 0.952851366018876 1.69252027804032 1.55362719879486 1.4149640223477 1.80955086671747 0.925887969322503 1.3814550684765 1.16573816607706 1.33360249339603 1.75719815818593 1.27957112691365 1.49556155875325 1.83063016179949
1.37203996884637 1.09513522055931 1.08715211809613 1.10860453895293 1.18512154580094 1.87272289115936 1.17809849907644 1.35347263375297 1.15665114484727 0.974944334477186 1.45950603042729 1.46924952138215 1.6030338818673 1.13358327234164 1.53841188084334 0 1.09780137729831 1.46540168696083 1.37887700251304 1.05059134424664 1.35405146796256 1.34666532883421 0.98695916053839 1.21137776062824 1.41314122336917 1.63472233572975 1.54578545154072 1.84201764967293 1.12004047050141 1.24393866537139
1.44149533007294 1.20912413066253 1.79860002570786 1.01607408327982 1.62319826008752 1.44981178990565 1.26243641856126 1.44095489243045 1.20448085619137 0.997727357782423 1.58854078361765 1.84421508433297 1.87536618998274 1.40376582159661 1.46353699825704 1.09780137729831 0 1.6293079755269 1.63747760816477 1.51532371575013 1.91295433533378 1.61531230155379 1.13632109831087 1.91047446825542 1.04087678412907 1.90521582984366 1.1182526354678 1.14757856098004 1.04285500361584 1.09332514577545
0.932629033690318 1.0152908784803 1.02985333302058 1.07583482703194 1.75970254908316 1.16944208391942 1.647653961787 0.963976670987904 1.8984828798566 1.25514108873904 1.568612013245 1.41889967652969 1.12214931519702 1.77661432838067 0.952851366018876 1.46540168696083 1.6293079755269 0 1.05097224446945 1.14005458238535 1.09579412266612 1.44330876786262 1.28445239784196 1.11286475346424 1.19798424793407 1.28609113628045 1.59638641728088 1.51051903469488 1.26190667157061 1.50824822834693
1.10254909843206 1.0272985722404 1.15136654465459 0.969540820922703 1.01195809734054 1.91203964571469 1.29892272874713 0.933940621791407 1.68013747129589 1.26002088421956 1.04638853319921 1.74741633841768 1.85711019276641 1.08540640235879 1.69252027804032 1.37887700251304 1.63747760816477 1.05097224446945 0 1.14201003359631 1.05157162132673 1.53784002596512 1.44530697190203 1.00456658261828 1.82928440673277 1.04975305241533 1.51322364644147 1.55157449911349 1.40074960910715 1.64843523711897
1.00460813357495 1.9251589816995 1.56647565099411 1.72430838644505 1.69613890722394 0.930038769962266 1.03001837083139 1.70711866067722 1.58636150835082 1.60220231954008 1.45285148127005 1.62675131042488 0.935615345137194 1.61396786407568 1.55362719879486 1.05059134424664 1.51532371575013 1.14005458238535 1.14201003359631 0 1.80547625338659 1.04182595037855 1.39523336710408 1.59816914168186 1.46297940728255 1.59959072363563 1.47987823328003 1.23471089056693 1.68934549344704 1.57698190677911
1.42102278047241 0.960576381767169 1.27516720374115 1.04528561793268 1.12269490305334 1.41606870363466 1.72552339104004 1.2563026342541 1.36060359468684 1.84901298070326 1.72507730894722 1.91655202629045 1.70036319433711 1.06327065639198 1.4149640223477 1.35405146796256 1.91295433533378 1.09579412266612 1.05157162132673 1.80547625338659 0 1.55863459035754 1.19976185192354 1.59210567967966 1.44428896089084 1.57789235771634 1.30482172640041 1.23041222873144 1.8405874192249 1.55811478570104
1.77133412472904 1.68703192123212 1.43733805650845 1.30016268836334 1.59746383945458 1.21621743636206 1.11197461630218 1.07140546594746 1.90020545944571 1.27529834024608 1.89649708080105 1.18661430338398 1.77120725787245 1.03798756492324 1.80955086671747 1.34666532883421 1.61531230155379 1.44330876786262 1.53784002596512 1.04182595037855 1.55863459035754 0 1.34780688607134 1.23543463158421 1.68325218581595 1.76539232232608 0.937418502988294 1.09935552626848 1.48363746656105 1.44088147091679
1.49120336654596 1.02698186016642 1.067332186969 1.27447845507413 1.40641367831267 1.79686062363908 1.09945384575985 1.11864153412171 1.78684741421603 1.66082380898297 1.44886530539952 1.32341194525361 1.87734151585028 1.17395620234311 0.925887969322503 0.98695916053839 1.13632109831087 1.28445239784196 1.44530697190203 1.39523336710408 1.19976185192354 1.34780688607134 0 1.03778598899953 1.24838996073231 1.79145649448037 1.19351910823025 1.7529722112231 1.47882548370399 1.66192823485471
1.9002249923069 1.828535546083 1.21599149238318 0.983440500451252 1.074290598277 1.32343745138496 1.46254353574477 1.37409730628133 1.46921394160017 1.90959846996702 1.89761086856015 1.37569540459663 1.52204152126797 1.39333640411496 1.3814550684765 1.21137776062824 1.91047446825542 1.11286475346424 1.00456658261828 1.59816914168186 1.59210567967966 1.23543463158421 1.03778598899953 0 1.10354851209559 1.21653363411315 1.02799288532697 1.15891508199275 1.56321121589281 1.18450298672542
1.55231905402616 1.69361205445603 1.48217280162498 1.15020807902329 1.6981668069493 1.90248627774417 1.7365951645188 1.39252845477313 1.05963455280289 1.49955432699062 1.50741697591729 0.992432864150032 1.70418705628254 1.3011513769161 1.16573816607706 1.41314122336917 1.04087678412907 1.19798424793407 1.82928440673277 1.46297940728255 1.44428896089084 1.68325218581595 1.24838996073231 1.10354851209559 0 1.74440458603203 1.4690303329844 1.64593869214877 1.62966775381938 1.20109916129149
1.37169253500178 1.66465693758801 1.72650511865504 1.85678812651895 1.90738515998237 0.995345926377922 1.02267311722971 1.65569004183635 1.84824150870554 1.05043265316635 1.39258284331299 1.17445327714086 1.86521969572641 1.40775720844977 1.33360249339603 1.63472233572975 1.90521582984366 1.28609113628045 1.04975305241533 1.59959072363563 1.57789235771634 1.76539232232608 1.79145649448037 1.21653363411315 1.74440458603203 0 1.33645814866759 1.27053575241007 1.62643068982288 1.20771007728763
1.78069477598183 1.76554564782418 0.928097815252841 1.01267189835198 1.92334637884051 1.11346563627012 1.45880812220275 1.27723040990531 1.13134674006142 1.13375199073926 1.30162262776867 1.51512041199021 0.958118881564587 1.23428941844031 1.75719815818593 1.54578545154072 1.1182526354678 1.59638641728088 1.51322364644147 1.47987823328003 1.30482172640041 0.937418502988294 1.19351910823025 1.02799288532697 1.4690303329844 1.33645814866759 0 0.982285443693399 1.56709955912083 1.4899212741293
1.92508630943485 0.977741119451821 1.68384438962676 1.08428047411144 1.91937049711123 1.20938732335344 1.668613323709 1.03135194350034 1.47396591119468 1.12783940695226 1.58680159482174 1.54953326587565 0.932197323301807 1.38054852443747 1.27957112691365 1.84201764967293 1.14757856098004 1.51051903469488 1.55157449911349 1.23471089056693 1.23041222873144 1.09935552626848 1.7529722112231 1.15891508199275 1.64593869214877 1.27053575241007 0.982285443693399 0 1.66985782491975 1.1605113146361
1.4802268538624 1.69691783282906 1.1697730703745 1.43117522378452 1.55272503686137 1.57902707229368 1.89136915304698 1.25512416707352 1.75359855568968 1.91312215314247 1.88029710925184 1.09604613645934 1.90963921230286 1.39947961783037 1.49556155875325 1.12004047050141 1.04285500361584 1.26190667157061 1.40074960910715 1.68934549344704 1.8405874192249 1.48363746656105 1.47882548370399 1.56321121589281 1.62966775381938 1.62643068982288 1.56709955912083 1.66985782491975 0 1.49483324261382
1.19526404351927 1.02441990375519 1.89280428108759 1.44430795032531 1.67147102137096 1.77087413356639 1.90574324293993 1.29041482228786 1.12739079538733 1.9127939385362 1.64191692578606 1.58953044610098 1.88017797865905 0.949662368977442 1.83063016179949 1.24393866537139 1.09332514577545 1.50824822834693 1.64843523711897 1.57698190677911 1.55811478570104 1.44088147091679 1.66192823485471 1.18450298672542 1.20109916129149 1.20771007728763 1.4899212741293 1.1605113146361 1.49483324261382 0
