0 1.23603905388154 1.10633972892538 1.65317494561896 1.71308434964158 1.83991325553507 1.24421155662276 1.12515357229859 1.68332461873069 1.0146883551497 1.68251756392419 1.07470377534628 1.26049359817989 1.57227346533909 1.43127413373441 1.30517521221191 1.04472183552571 1.49800748727284 1.26746310526505 1.3550697369501 1.26815343089402 1.47278282907791 1.82882472407073 1.77688875445165 1.66455388162285 1.02601129747927 1.52632933342829 1.62956946180202 1.88340139947832 1.15304057509638
1.23603905388154 0 1.07163512357511 1.21580899925902 1.86543109989725 1.33982960949652 1.04925344698131 1.67819287022576 1.38771647773683 0.911966785090044 1.59320978773758 1.75349959125742 1.71640855050646 1.40971967065707 1.42814836767502 1.04760663909838 1.31342369806953 1.65517400414683 1.57550137210637 1.32244747085497 1.12931787036359 1.56299673719332 1.47462818701752 1.36650969809853 1.67152528953739 1.85664543975145 1.3890548653435 1.80517767462879 1.40513213793747 1.31713924207725
1.10633972892538 1.07163512357511 0 1.38056543865241 1.48486063885503 1.78832136653364 1.60602983925492 1.19080571969971 1.41696508461609 1.10030131856911 1.14487200998701 1.5666710077785 1.83527895528823 1.89642876549624 1.4566236983519 1.32542189047672 1.11725494847633 1.30151090910658 1.47763826651499 1.38320167246275 1.68443327979185 1.03001432074234 1.89242779556662 1.34096215805039 1.34481834364124 1.54929970134981 1.60690344846807 1.7784710705746 1.28702562884428 1.33990146499127
1.65317494561896 1.21580899925902 1.38056543865241 0 1.05701451492496 0.944197602104396 1.67935275053605 1.82491212897003 1.89951224368997 1.40405741403811 0.962291012052447 1.1723275615368 1.62976957368664 1.65782589139417 1.12574324477464 1.27024139929563 1.23891339497641 1.83980734925717 1.12976742628962 1.56829318590462 1.34391164174303 1.81371964490972 1.71597854723223 1.28539764974266 1.40862937108614 0.926730101462454 0.936637835111469 1.64958350872621 1.44504548097029 1.80872009857558
1.71308434964158 1.86543109989725 1.48486063885503 1.05701451492496 0 1.10716765932739 0.947745067765936 1.86572203575633 0.977298882557079 1.88864940963686 0.996412813663483 1.12113641411997 1.22219038195908 1.30189870786853 1.57070268597454 1.7019420247525 1.20332781667821 1.42800509533845 1.7186122352723 1.18472517700866 1.66971762175672 1.03241446008906 1.73792392131872 1.63008525292389 1.29003952350467 1.78446907037869 1.06705804332159 0.953375559533015 1.82690826826729 0.944971851073205
1.83991325553507 1.33982960949652 1.78832136653364 0.944197602104396 1.10716765932739 0 1.37028921977617 1.36595774604939 1.14516290766187 1.05855482001789 1.70324430055916 1.66038086800836 1.40332316770218 0.951660359045491 1.56059986585751 1.1718376269564 1.37191371200606 0.950742397224531 1.58386752032675 1.69977325387299 1.14557158132084 1.13202064926736 1.7228695244994 1.72640511393547 1.35520300362259 1.74308591359295 1.87383907730691 1.67641814937815 1.37634664447978 1.89736853842624
1.24421155662276 1.04925344698131 1.60602983925492 1.67935275053605 0.947745067765936 1.37028921977617 0 1.68414570973255 1.49656208069064 1.2626626607962 1.29214702011086 1.27637044270523 1.09658532706089 1.65614764555357 1.44621726428159 1.4259794598911 1.16090533975512 1.81207219907083 1.89361640182324 1.43311709607951 1.50809249631129 1.49486620025709 1.33155590877868 0.974065990187228 1.20635964418761 1.34313609241508 1.57430980866775 1.20305080502294 1.63918376364745 1.66248214547522
1.12515357229859 1.67819287022576 1.19080571969971 1.82491212897003 1.86572203575633 1.36595774604939 1.68414570973255 0 1.4417384066619 1.45496285636909 0.911575167905539 1.23530987487175 0.938373176148161 1.52190663549118 1.03737930487841 1.29162214742973 1.39778655651025 1.80956969223917 1.59991987422109 1.23819355783053 1.62731740018353 1.36230402672663 1.23586649354547 1.59409121400677 1.23016146640293 1.39097874984145 1.65732566919178 1.69697971013375 1.59215799928643 0.920750184683129
1.68332461873069 1.38771647773683 1.41696508461609 1.89951224368997 0.977298882557079 1.14516290766187 1.49656208069064 1.4417384066619 0 1.22521866485476 1.2636692293454 1.53817399125546 1.24837259203196 1.83517953823321 1.41380029520951 1.74090794031508 1.09362031822093 0.917695947457105 1.24458446819335 1.60552645567805 1.10418508807197 1.81724338349886 1.58024422056042 1.57541320682503 1.67418366274796 1.47276169899851 1.79741514031775 0.904318227898329 1.69677869789302 1.58397669461556
1.0146883551497 0.911966785090044 1.10030131856911 1.40405741403811 1.88864940963686 1.05855482001789 1.2626626607962 1.45496285636909 1.22521866485476 0 1.14858063845895 1.33668469730765 1.63708194764331 1.06959872483276 1.29565034923144 1.50721336575225 1.35214087367058 1.83419349067844 1.50649588997476 1.70999119943008 1.31933201523498 1.69427996617742 1.74904497293755 1.20461817691103 1.45098898070864 1.18879615212791 1.90024159988388 1.90340330079198 1.67084595840424 1.65280410274863
1.68251756392419 1.59320978773758 1.14487200998701 0.962291012052447 0.996412813663483 1.70324430055916 1.29214702011086 0.911575167905539 1.2636692293454 1.14858063845895 0 1.44427053257823 1.69850196433254 0.990887099877 1.63456656853668 1.79108143551275 1.01652654237114 1.21177121438086 1.5663166383747 1.39382548583671 0.946417519357055 0.905835609650239 1.47877563629299 1.69831191701815 1.76514909160323 1.49001737125218 1.53192714042962 1.83544171741232 1.8691571848467 1.68285524193197
1.07470377534628 1.75349959125742 1.5666710077785 1.1723275615368 1.12113641411997 1.66038086800836 1.27637044270523 1.23530987487175 1.53817399125546 1.33668469730765 1.44427053257823 0 0.948635658947751 0.93488832982257 1.1908865517471 1.57945476379246 1.81913742376491 1.16624804632738 1.83359933807515 1.27662867517211 1.15748986951075 1.59358481061645 1.41734520974569 1.16418376867659 1.87647424940951 1.16529484977946 1.69659832841717 1.85786594566889 1.24958780012093 1.26826879498549
1.26049359817989 1.71640855050646 1.83527895528823 1.62976957368664 1.22219038195908 1.40332316770218 1.09658532706089 0.938373176148161 1.24837259203196 1.63708194764331 1.69850196433254 0.948635658947751 0 1.7050891998224 1.59428546228446 1.00085770222358 1.64248207979836 1.66857514320873 1.47322880732827 1.82133728452027 1.29185841046274 1.61709976056591 1.74202818260528 1.39839560352266 0.98437928641215 1.74248639703728 1.55079912929796 0.987911314005032 1.66160839959048 1.05587283056229
1.57227346533909 1.40971967065707 1.89642876549624 1.65782589139417 1.30189870786853 0.951660359045491 1.65614764555357 1.52190663549118 1.83517953823321 1.06959872483276 0.990887099877 0.93488832982257 1.7050891998224 0 1.5449717764277 1.60209227865562 1.01417328044772 1.66408749273978 1.72141136461869 1.51801011129282 1.02497489238158 0.968663034960628 1.38270899956115 1.66461245715618 1.21250447584316 1.23116245656274 1.46745181665756 1.61102925543673 1.08877716981806 1.89532843022607
1.43127413373441 1.42814836767502 1.4566236983519 1.12574324477464 1.57070268597454 1.56059986585751 1.44621726428159 1.03737930487841 1.41380029520951 1.29565034923144 1.63456656853668 1.1908865517471 1.59428546228446 1.5449717764277 0 1.09478598996066 1.10451850993559 1.48321000463329 1.52883201744407 0.917529646540061 1.85234074876644 1.82150586042553 0.999063128605485 1.35198838962242 1.28140055062249 1.1260565740522 1.54126079846174 1.37325801630504 1.71904695755802 1.27203890332021
1.30517521221191 1.04760663909838 1.32542189047672 1.27024139929563 1.7019420247525 1.1718376269564 1.4259794598911 1.29162214742973 1.74090794031508 1.50721336575225 1.79108143551275 1.57945476379246 1.00085770222358 1.60209227865562 1.09478598996066 0 1.1441329321824 1.56274103256874 1.61084475088865 1.86250041425228 1.78330626082607 1.05456520966254 1.25717481668107 1.62216710555367 1.10685998597182 1.15153453941457 1.43951151217334 1.80110620800406 1.32682108739391 1.77009804779664
1.04472183552571 1.31342369806953 1.11725494847633 1.23891339497641 1.20332781667821 1.37191371200606 1.16090533975512 1.39778655651025 1.09362031822093 1.35214087367058 1.01652654237114 1.81913742376491 1.64248207979836 1.01417328044772 1.10451850993559 1.1441329321824 0 1.59756657271646 0.930473677581176 1.56286519439891 1.03149456740357 1.32516227266751 1.15959283709526 1.85965172853321 1.38541182968765 1.24412794737145 1.21922493237071 1.56058944505639 1.5380556890741 1.60716825677082
1.49800748727284 1.65517400414683 1.30151090910658 1.83980734925717 1.42800509533845 0.950742397224531 1.81207219907083 1.80956969223917 0.917695947457105 1.83419349067844 1.21177121438086 1.16624804632738 1.66857514320873 1.66408749273978 1.48321000463329 1.56274103256874 1.59756657271646 0 1.41079660854302 1.39937131037004 1.3762348680757 1.83704771497287 0.933087979676202 1.70245835930109 1.32492329692468 1.12223146297038 1.57924265717156 1.10941280820407 1.36742492066696 1.45466138469055
1.26746310526505 1.57550137210637 1.47763826651499 1.12976742628962 1.7186122352723 1.58386752032675 1.89361640182324 1.59991987422109 1.24458446819335 1.50649588997476 1.5663166383747 1.83359933807515 1.47322880732827 1.72141136461869 1.52883201744407 1.61084475088865 0.930473677581176 1.41079660854302 0 1.25753691070713 1.4562200603541 1.24349000304937 1.72440991690382 1.8988295472227 1.85837801848538 1.27960597281344 1.16587124299258 1.50367954093963 1.52834049193189 1.53944756486453
1.3550697369501 1.32244747085497 1.38320167246275 1.56829318590462 1.18472517700866 1.69977325387299 1.43311709607951 1.23819355783053 1.60552645567805 1.70999119943008 1.39382548583671 1.27662867517211 1.82133728452027 1.51801011129282 0.917529646540061 1.86250041425228 1.56286519439891 1.39937131037004 1.25753691070713 0 1.58813626226038 1.26890398189425 1.4612912691664 1.64340121438727 1.79862076696008 1.27395913819782 1.30163922230713 0.936597902327776 1.60348348529078 0.96424151211977
1.26815343089402 1.12931787036359 1.68443327979185 1.34391164174303 1.66971762175672 1.14557158132084 1.50809249631129 1.62731740018353 1.10418508807197 1.31933201523498 0.946417519357055 1.15748986951075 1.29185841046274 1.02497489238158 1.85234074876644 1.78330626082607 1.03149456740357 1.3762348680757 1.4562200603541 1.58813626226038 0 1.30916401161812 1.66024474520236 1.62961569754407 1.35854853317142 1.71087276632898 1.08909984515049 1.87808901397511 1.17219279659912 1.22375972103328
1.47278282907791 1.56299673719332 1.03001432074234 1.81371964490972 1.03241446008906 1.13202064926736 1.49486620025709 1.36230402672663 1.81724338349886 1.69427996617742 0.905835609650239 1.59358481061645 1.61709976056591 0.968663034960628 1.82150586042553 1.05456520966254 1.32516227266751 1.83704771497287 1.24349000304937 1.26890398189425 1.30916401161812 0 1.67413145117462 1.56816815794446 1.16319281910546 1.23298562085256 1.34597851755098 1.67127196164802 1.28427178808488 1.35770957684144
1.82882472407073 1.47462818701752 1.89242779556662 1.71597854723223 1.73792392131872 1.7228695244994 1.33155590877868 1.23586649354547 1.58024422056042 1.74904497293755 1.47877563629299 1.41734520974569 1.74202818260528 1.38270899956115 0.999063128605485 1.25717481668107 1.15959283709526 0.933087979676202 1.72440991690382 1.4612912691664 1.66024474520236 1.67413145117462 0 1.14664237922989 0.918907152488828 1.25850984174758 1.45844236970879 1.09462881088257 1.05744187021628 1.51738422480412
1.77688875445165 1.36650969809853 1.34096215805039 1.28539764974266 1.63008525292389 1.72640511393547 0.974065990187228 1.59409121400677 1.57541320682503 1.20461817691103 1.69831191701815 1.16418376867659 1.39839560352266 1.66461245715618 1.35198838962242 1.62216710555367 1.85965172853321 1.70245835930109 1.8988295472227 1.64340121438727 1.62961569754407 1.56816815794446 1.14664237922989 0 1.89933964656666 1.65371901076287 1.72438884130679 1.70128732989542 1.73434098856524 1.32191260880791
1.66455388162285 1.67152528953739 1.34481834364124 1.40862937108614 1.29003952350467 1.35520300362259 1.20635964418761 1.23016146640293 1.67418366274796 1.45098898070864 1.76514909160323 1.87647424940951 0.98437928641215 1.21250447584316 1.28140055062249 1.10685998597182 1.38541182968765 1.32492329692468 1.85837801848538 1.79862076696008 1.35854853317142 1.16319281910546 0.918907152488828 1.89933964656666 0 1.61311587388627 1.18126486591063 1.82296914164908 1.5209584494587 1.54560965741985
1.02601129747927 1.85664543975145 1.54929970134981 0.926730101462454 1.78446907037869 1.74308591359295 1.34313609241508 1.39097874984145 1.47276169899851 1.18879615212791 1.49001737125218 1.16529484977946 1.74248639703728 1.23116245656274 1.1260565740522 1.15153453941457 1.24412794737145 1.12223146297038 1.27960597281344 1.27395913819782 1.71087276632898 1.23298562085256 1.25850984174758 1.65371901076287 1.61311587388627 0 1.13573041232303 1.38654731912538 1.25336627126671 1.62292619096115
1.52632933342829 1.3890548653435 1.60690344846807 0.936637835111469 1.06705804332159 1.87383907730691 1.57430980866775 1.65732566919178 1.79741514031775 1.90024159988388 1.53192714042962 1.69659832841717 1.55079912929796 1.46745181665756 1.54126079846174 1.43951151217334 1.21922493237071 1.57924265717156 1.16587124299258 1.30163922230713 1.08909984515049 1.34597851755098 1.45844236970879 1.72438884130679 1.18126486591063 1.13573041232303 0 1.47246106620878 1.83746501500718 0.905958364950493
1.62956946180202 1.80517767462879 1.7784710705746 1.64958350872621 0.953375559533015 1.67641814937815 1.20305080502294 1.69697971013375 0.904318227898329 1.90340330079198 1.83544171741232 1.85786594566889 0.987911314005032 1.61102925543673 1.37325801630504 1.80110620800406 1.56058944505639 1.10941280820407 1.50367954093963 0.936597902327776 1.87808901397511 1.67127196164802 1.09462881088257 1.70128732989542 1.82296914164908 1.38654731912538 1.47246106620878 0 1.87526384741068 0.947054769145325
1.88340139947832 1.40513213793747 1.28702562884428 1.44504548097029 1.82690826826729 1.37634664447978 1.63918376364745 1.59215799928643 1.69677869789302 1.67084595840424 1.8691571848467 1.24958780012093 1.66160839959048 1.08877716981806 1.71904695755802 1.32682108739391 1.5380556890741 1.36742492066696 1.52834049193189 1.60348348529078 1.17219279659912 1.28427178808488 1.05744187021628 1.73434098856524 1.5209584494587 1.25336627126671 1.83746501500718 1.87526384741068 0 1.55555650661699
1.15304057509638 1.31713924207725 1.33990146499127 1.80872009857558 0.944971851073205 1.89736853842624 1.66248214547522 0.920750184683129 1.58397669461556 1.65280410274863 1.68285524193197 1.26826879498549 1.05587283056229 1.89532843022607 1.27203890332021 1.77009804779664 1.60716825677082 1.45466138469055 1.53944756486453 0.96424151211977 1.22375972103328 1.35770957684144 1.51738422480412 1.32191260880791 1.54560965741985 1.62292619096115 0.905958364950493 0.947054769145325 1.55555650661699 0
