0 1.19629374402575 1.54831468081102 1.46962238196284 1.31631433940493 1.13730063801631 1.03624006430618 1.58740432956256 1.49352940660901 1.87218243652023 1.58811320527457 1.03458807221614 1.53918186761439 1.05656949593686 1.56730047031306 1.42323681595735 1.26981237786822 1.39267624425702 1.61349632311612 1.4153324610088 1.0291119790636 1.23831238551065 1.21361849247478 1.55712993536144 1.74281684425659 1.2760822083801 1.09541566623375 1.36729506449774 1.27708800812252 1.82803257578053
1.19629374402575 0 1.84893105132505 1.78595918766223 1.23212014813907 1.17484390898608 0.993924598675221 1.75066077196971 1.3484719702974 1.83180668437853 1.91313080023974 1.05558708379976 0.977901115315035 1.05450616264716 1.85112242284231 1.91163237229921 1.92082569771446 1.40776540036313 1.3478714034427 1.6506940734107 1.77371480432339 1.57873225770891 1.3391799100209 1.2526664622128 1.93298260727897 1.96182271814905 1.37245939136483 1.95560390409082 1.79595326981507 1.81396749755368
1.54831468081102 1.84893105132505 0 1.7222629848402 1.81164517672732 1.32973124529235 1.86529973591678 1.22944381274283 1.58122108527459 1.68202820769511 1.18124959245324 1.84304621419869 1.78754834737629 1.10697512817569 1.18102029827423 1.35355976549909 1.92724020872265 1.07925965613686 1.03642881056294 1.85171997174621 1.83539339154959 1.63890603347681 1.03919266955927 1.24913655593991 1.5517957538832 1.23137948988006 1.79268243280239 1.49448913405649 1.17131734010763 1.23615366313607
1.46962238196284 1.78595918766223 1.7222629848402 0 1.95215002051555 1.68849052651785 1.09556028502993 1.45343781355768 1.4539407659322 1.38576627708972 1.77366885030642 1.51022213627584 1.54525315505452 0.998409295454621 1.73623417061754 1.78066751547158 1.02066382975318 1.4437503204681 1.85101324901916 0.997228451538831 1.48211730574258 1.17793717538007 1.4220221338328 0.975860016886145 1.63528742920607 1.67638994753361 1.53092525131069 1.60454009147361 0.993330167140812 1.95633937581442
1.31631433940493 1.23212014813907 1.81164517672732 1.95215002051555 0 1.16177850891836 1.10622323676944 1.3975249750074 1.78234335128218 1.31212140759453 1.28441455191933 1.90904433443211 1.96403651102446 1.46017602039501 1.41523689636961 1.42360484856181 1.82541416492313 1.09908598591574 1.49816753459163 1.44670806918293 1.26376426755451 0.972806876292452 1.37935926392674 1.11167268245481 1.54867271357216 1.29999551689252 1.29585227463394 1.2201510053128 1.68457339517772 1.55577195226215
1.13730063801631 1.17484390898608 1.32973124529235 1.68849052651785 1.16177850891836 0 1.34802138758823 1.22997521492653 1.06579888006672 1.05547201167792 1.81009211414494 1.73079720744863 1.18812857149169 1.09204321424477 1.73326805187389 1.42029225081205 1.3336861464195 1.01837808359414 1.7534368080087 1.19779415382072 1.10732008353807 1.35644214041531 1.86117588309571 1.15952319349162 1.4079960542731 1.14443542901427 1.66444320557639 1.15137338615023 1.13988090888597 1.46860450715758
1.03624006430618 0.993924598675221 1.86529973591678 1.09556028502993 1.10622323676944 1.34802138758823 0 1.7916292285081 1.31780333188362 1.9034763192758 1.43462652573362 1.66718041920103 1.41579126939178 1.40427336865105 1.0588117283769 1.29432419408113 1.77377703879029 1.6928846356459 1.64834126643836 1.60960984881967 1.71628446667455 1.53035922814161 1.8946588805411 1.3519677259028 1.62496008118615 1.31507495907135 1.5344753798563 0.970090018585324 1.19664331735112 1.73941751220264
1.58740432956256 1.75066077196971 1.22944381274283 1.45343781355768 1.3975249750074 1.22997521492653 1.7916292285081 0 1.51614317996427 1.78081769216806 1.22812249674462 1.06652350630611 1.41998011688702 1.58801466389559 1.19590145605616 1.63248595013283 1.20109540084377 1.59552007564344 1.66056980052963 1.83194743003696 1.61976526794024 1.2092774764169 1.61343093053438 0.987180456053466 1.26329355500638 1.03563915845007 1.91212329990231 1.62470705318265 1.01670578913763 1.42484710388817
1.49352940660901 1.3484719702974 1.58122108527459 1.4539407659322 1.78234335128218 1.06579888006672 1.31780333188362 1.51614317996427 0 1.76056719734333 1.40022296202369 1.71653687837534 1.32903093821369 1.82574584987015 1.75008017267101 1.49162776209414 1.72886634687893 1.94802370807156 1.36806083191186 1.38015250256285 1.93165775248781 1.37521124444902 1.50728597678244 1.64659844362177 1.25558153819293 1.81824595527723 1.5637546654325 1.69974148389883 1.58914011297747 1.81424573855475
1.87218243652023 1.83180668437853 1.68202820769511 1.38576627708972 1.31212140759453 1.05547201167792 1.9034763192758 1.78081769216806 1.76056719734333 0 1.18826092337258 1.87072625150904 1.34990975284018 0.967894850997254 1.56843168335035 0.976053767371923 1.42622886854224 1.67958207894117 1.18113691499457 1.56063087983057 1.36120246001519 1.07064863992855 1.95800397312269 1.56519183260389 1.42262640502304 1.76983781438321 1.54314099764451 1.56038016616367 1.64714961312711 1.91272889380343
1.58811320527457 1.91313080023974 1.18124959245324 1.77366885030642 1.28441455191933 1.81009211414494 1.43462652573362 1.22812249674462 1.40022296202369 1.18826092337258 0 1.48606625432149 1.45601548673585 1.501558823511 1.14948953129351 1.67976457555778 1.07318880641833 1.50600122148171 1.78677045670338 1.6837256543804 0.974923033965752 1.89556154957972 1.00934125250205 1.62265458074398 1.16256146598607 1.21979725197889 1.73423640988767 1.03604522440583 1.56083489581943 1.20720691257156
1.03458807221614 1.05558708379976 1.84304621419869 1.51022213627584 1.90904433443211 1.73079720744863 1.66718041920103 1.06652350630611 1.71653687837534 1.87072625150904 1.48606625432149 0 1.859919245122 1.3825148101896 1.87568043055944 1.51386915333569 1.66752558946609 1.37786633754149 1.63915014476515 1.7197958023753 1.0651304803323 1.09803674393333 1.35062288562767 1.2243656211067 1.75193308782764 1.12298309244215 1.51160780759528 1.67180139617994 1.02898372104391 1.91073912521824
1.53918186761439 0.977901115315035 1.78754834737629 1.54525315505452 1.96403651102446 1.18812857149169 1.41579126939178 1.41998011688702 1.32903093821369 1.34990975284018 1.45601548673585 1.859919245122 0 1.53458006097935 1.30197909008712 1.91832063789479 1.38203656044789 1.39634618465789 1.73356806207448 1.91819471586496 1.51316330465488 0.991229634732008 1.17014085268602 1.61689744447358 1.56713197310455 1.72007407457568 1.88948371051811 1.33778255106881 1.52187030459754 1.5776995876804
1.05656949593686 1.05450616264716 1.10697512817569 0.998409295454621 1.46017602039501 1.09204321424477 1.40427336865105 1.58801466389559 1.82574584987015 0.967894850997254 1.501558823511 1.3825148101896 1.53458006097935 0 1.72547719115391 1.80368281691335 1.32676736987196 1.09024938079529 0.993789962725714 1.60564760561101 1.88333444297314 1.11713451659307 1.0768311470747 1.73322756099515 1.33617371553555 1.67322395904921 1.41359080420807 1.88742582779378 1.68347591604106 1.89279580512084
1.56730047031306 1.85112242284231 1.18102029827423 1.73623417061754 1.41523689636961 1.73326805187389 1.0588117283769 1.19590145605616 1.75008017267101 1.56843168335035 1.14948953129351 1.87568043055944 1.30197909008712 1.72547719115391 0 1.75776465982199 1.4767081970349 1.18458682834171 0.987781933275983 1.0888424932491 1.61033512558788 1.66061176918447 1.57227333914489 1.67344196257181 1.75484779430553 1.80037596565671 1.95507972477935 0.970534909982234 1.56011487008072 1.30432107392699
1.42323681595735 1.91163237229921 1.35355976549909 1.78066751547158 1.42360484856181 1.42029225081205 1.29432419408113 1.63248595013283 1.49162776209414 0.976053767371923 1.67976457555778 1.51386915333569 1.91832063789479 1.80368281691335 1.75776465982199 0 1.17148268269375 1.89504537242465 1.02252111886628 1.54591672448441 1.67432010220364 1.48489987920038 1.25974247930571 1.83307690522633 1.95508691179566 1.51834777439944 1.70975087280385 1.57409903709777 1.56070633023046 1.72676642052829
1.26981237786822 1.92082569771446 1.92724020872265 1.02066382975318 1.82541416492313 1.3336861464195 1.77377703879029 1.20109540084377 1.72886634687893 1.42622886854224 1.07318880641833 1.66752558946609 1.38203656044789 1.32676736987196 1.4767081970349 1.17148268269375 0 1.94820433994755 1.22412065858953 1.65319933672436 1.87978498637676 1.44217201438732 1.79421059507877 1.09450203320011 1.14303438086063 1.23860769695602 1.24388341302983 1.03508438984863 1.85912482929416 1.43811118649319
1.39267624425702 1.40776540036313 1.07925965613686 1.4437503204681 1.09908598591574 1.01837808359414 1.6928846356459 1.59552007564344 1.94802370807156 1.67958207894117 1.50600122148171 1.37786633754149 1.39634618465789 1.09024938079529 1.18458682834171 1.89504537242465 1.94820433994755 0 1.70307309110649 1.24888744694181 1.5723469723016 1.10521832900122 1.36388572258875 1.12896053050645 1.43770462344401 1.706151495222 0.967970835743472 1.19140862184577 1.72710143355653 1.87345279287547
1.61349632311612 1.3478714034427 1.03642881056294 1.85101324901916 1.49816753459163 1.7534368080087 1.64834126643836 1.66056980052963 1.36806083191186 1.18113691499457 1.78677045670338 1.63915014476515 1.73356806207448 0.993789962725714 0.987781933275983 1.02252111886628 1.22412065858953 1.70307309110649 0 1.24861724977382 1.56186683382839 1.09102423931472 1.21721433266066 1.79400330106728 1.87565233651549 1.52797559602186 1.62649005441926 1.67196975462139 1.44274658872746 1.18810995761305
1.4153324610088 1.6506940734107 1.85171997174621 0.997228451538831 1.44670806918293 1.19779415382072 1.60960984881967 1.83194743003696 1.38015250256285 1.56063087983057 1.6837256543804 1.7197958023753 1.91819471586496 1.60564760561101 1.0888424932491 1.54591672448441 1.65319933672436 1.24888744694181 1.24861724977382 0 1.43625089060515 1.08114045392722 1.25221020472236 1.50259859487414 1.93241008627228 1.33251911425032 1.60264039109461 1.73921672743745 0.965703710913658 1.72268042596988
1.0291119790636 1.77371480432339 1.83539339154959 1.48211730574258 1.26376426755451 1.10732008353807 1.71628446667455 1.61976526794024 1.93165775248781 1.36120246001519 0.974923033965752 1.0651304803323 1.51316330465488 1.88333444297314 1.61033512558788 1.67432010220364 1.87978498637676 1.5723469723016 1.56186683382839 1.43625089060515 0 1.5972934383899 1.57473211619072 1.5060157191474 1.60733280330896 1.09763002023101 1.32984699308872 1.51828639931045 1.40293133445084 1.12467412184924
1.23831238551065 1.57873225770891 1.63890603347681 1.17793717538007 0.972806876292452 1.35644214041531 1.53035922814161 1.2092774764169 1.37521124444902 1.07064863992855 1.89556154957972 1.09803674393333 0.991229634732008 1.11713451659307 1.66061176918447 1.48489987920038 1.44217201438732 1.10521832900122 1.09102423931472 1.08114045392722 1.5972934383899 0 1.11158688366413 1.14675329462625 1.79240192868747 0.982562660472468 1.01866945950314 1.6027528711129 1.88553567347117 1.35363306757063
1.21361849247478 1.3391799100209 1.03919266955927 1.4220221338328 1.37935926392674 1.86117588309571 1.8946588805411 1.61343093053438 1.50728597678244 1.95800397312269 1.00934125250205 1.35062288562767 1.17014085268602 1.0768311470747 1.57227333914489 1.25974247930571 1.79421059507877 1.36388572258875 1.21721433266066 1.25221020472236 1.57473211619072 1.11158688366413 0 1.5384655429516 1.68830726994202 1.81639542477205 1.05024287290871 1.71875024330802 1.1125143954996 1.63090648502111
1.55712993536144 1.2526664622128 1.24913655593991 0.975860016886145 1.11167268245481 1.15952319349162 1.3519677259028 0.987180456053466 1.64659844362177 1.56519183260389 1.62265458074398 1.2243656211067 1.61689744447358 1.73322756099515 1.67344196257181 1.83307690522633 1.09450203320011 1.12896053050645 1.79400330106728 1.50259859487414 1.5060157191474 1.14675329462625 1.5384655429516 0 1.3992093980778 1.16399700241163 1.23224442941137 1.69271960039623 1.10031676734798 1.61624789820053
1.74281684425659 1.93298260727897 1.5517957538832 1.63528742920607 1.54867271357216 1.4079960542731 1.62496008118615 1.26329355500638 1.25558153819293 1.42262640502304 1.16256146598607 1.75193308782764 1.56713197310455 1.33617371553555 1.75484779430553 1.95508691179566 1.14303438086063 1.43770462344401 1.87565233651549 1.93241008627228 1.60733280330896 1.79240192868747 1.68830726994202 1.3992093980778 0 1.94841697602533 1.95791362901218 1.36059925705194 1.61061933799647 1.0258562923409
1.2760822083801 1.96182271814905 1.23137948988006 1.67638994753361 1.29999551689252 1.14443542901427 1.31507495907135 1.03563915845007 1.81824595527723 1.76983781438321 1.21979725197889 1.12298309244215 1.72007407457568 1.67322395904921 1.80037596565671 1.51834777439944 1.23860769695602 1.706151495222 1.52797559602186 1.33251911425032 1.09763002023101 0.982562660472468 1.81639542477205 1.16399700241163 1.94841697602533 0 0.987655475270003 1.02890404034406 1.23565288376994 1.46447278931737
1.09541566623375 1.37245939136483 1.79268243280239 1.53092525131069 1.29585227463394 1.66444320557639 1.5344753798563 1.91212329990231 1.5637546654325 1.54314099764451 1.73423640988767 1.51160780759528 1.88948371051811 1.41359080420807 1.95507972477935 1.70975087280385 1.24388341302983 0.967970835743472 1.62649005441926 1.60264039109461 1.32984699308872 1.01866945950314 1.05024287290871 1.23224442941137 1.95791362901218 0.987655475270003 0 1.80963286454789 1.29270648933016 1.48088205722161
1.36729506449774 1.95560390409082 1.49448913405649 1.60454009147361 1.2201510053128 1.15137338615023 0.970090018585324 1.62470705318265 1.69974148389883 1.56038016616367 1.03604522440583 1.67180139617994 1.33778255106881 1.88742582779378 0.970534909982234 1.57409903709777 1.03508438984863 1.19140862184577 1.67196975462139 1.73921672743745 1.51828639931045 1.6027528711129 1.71875024330802 1.69271960039623 1.36059925705194 1.02890404034406 1.80963286454789 0 1.41522032185458 1.91419269470498
1.27708800812252 1.79595326981507 1.17131734010763 0.993330167140812 1.68457339517772 1.13988090888597 1.19664331735112 1.01670578913763 1.58914011297747 1.64714961312711 1.56083489581943 1.02898372104391 1.52187030459754 1.68347591604106 1.56011487008072 1.56070633023046 1.85912482929416 1.72710143355653 1.44274658872746 0.965703710913658 1.40293133445084 1.88553567347117 1.1125143954996 1.10031676734798 1.61061933799647 1.23565288376994 1.29270648933016 1.41522032185458 0 1.36834115418606
1.82803257578053 1.81396749755368 1.23615366313607 1.95633937581442 1.55577195226215 1.46860450715758 1.73941751220264 1.42484710388817 1.81424573855475 1.91272889380343 1.20720691257156 1.91073912521824 1.5776995876804 1.89279580512084 1.30432107392699 1.72676642052829 1.43811118649319 1.87345279287547 1.18810995761305 1.72268042596988 1.12467412184924 1.35363306757063 1.63090648502111 1.61624789820053 1.0258562923409 1.46447278931737 1.48088205722161 1.91419269470498 1.36834115418606 0
