0 1.43363898643292 1.20957234920934 1.73806486278772 1.85822683363222 1.52845188323408 1.77320948243141 1.20724850916304 1.44840152887627 1.26822094293311 1.95733419549651 1.40988189773634 1.04121786216274 1.02898482535966 1.26133993384428 1.57425426808186 1.10108398250304 1.93091542413458 1.92742810049094 1.84706080402248 0.976730402791873 1.13462736643851 1.22563477652147 1.9055077007506 1.16370239760727 1.49494817201048 1.91323042917065 1.96409343578853 1.21161270234734 1.1774130971171
1.43363898643292 0 1.64816463482566 1.44869156624191 1.89826289890334 1.33654851978645 1.8949250918813 1.84260326903313 1.23535682540387 1.57177713722922 1.55802699248306 1.19555262476206 1.82312973751687 1.56467536767013 1.22133003594354 1.31993792997673 1.17510292306542 1.15778685221449 1.11402813810855 1.23663916462101 1.81723814434372 1.62057620985433 1.41809336887673 1.9276231941767 1.73425341513939 1.73589617107064 1.87266002129763 1.43308385647833 1.68793554720469 1.6936760712415
1.20957234920934 1.64816463482566 0 1.86475826078095 1.3817641036585 0.9996196271386 1.13246249826625 1.90874492190778 1.15912349335849 1.5355156280566 1.58469263440929 1.32927782856859 1.90184505260549 1.14351399196312 1.21509594214149 1.81930269650184 1.16896571055986 0.965069712838158 1.19380244519562 1.62511215754785 1.78474234230816 1.56730521540157 1.46975864795968 1.52003158535808 1.59408845310099 0.965456294827163 1.56108736642636 1.05887907021679 1.44888273230754 1.46556041832082
1.73806486278772 1.44869156624191 1.86475826078095 0 1.84918496315368 1.46391643420793 1.56270226510242 1.47304808790796 1.63123447285034 1.4901127978228 1.88565300242044 1.7286468478851 1.83037326182239 1.02700432110578 1.8060729817953 1.7754139106255 1.21580672566779 1.71865676622838 1.05350118759088 1.0251354125794 1.90635925903916 1.21439351583831 1.45418230048381 1.59405113896355 1.5169069559779 1.87422511447221 1.23348011262715 1.64685947215185 1.53021583566442 0.96638795081526
1.85822683363222 1.89826289890334 1.3817641036585 1.84918496315368 0 1.82786354399286 1.36997714499012 1.38398425350897 1.82524569309317 1.3754459884949 1.45213141664863 1.53192512504756 1.40730942226946 1.46918228734285 1.88628523936495 0.990782376611605 1.51606702408753 1.65744919376448 1.50535789364949 1.89842242375016 1.67772773955949 1.65021102060564 1.84375939727761 1.80195569689386 1.38845802773722 1.91166991950013 1.22722522122785 1.35257046762854 1.56728982599452 1.31412933557294
1.52845188323408 1.33654851978645 0.9996196271386 1.46391643420793 1.82786354399286 0 1.02730337972753 1.73503903090023 1.68627026560716 1.14200253435411 1.83150945114903 1.203501829179 1.2725216858089 1.74401806807145 1.46614625561051 1.74027647753246 1.5210426452104 1.74587842659093 1.29754664935172 1.90222378820181 1.26378489728086 1.76072257617489 1.23647272470407 1.70178525312804 1.4156856702175 1.24518806883134 1.95815817569382 1.40168348280713 1.60459519969299 0.973061341792345
1.77320948243141 1.8949250918813 1.13246249826625 1.56270226510242 1.36997714499012 1.02730337972753 0 1.58627070812508 1.91049840045162 1.89967870037071 1.63826114730909 1.26895019342192 1.31777844112366 1.77903760061599 1.28410011762753 1.82115261442959 1.79217120888643 1.44325503031723 1.45813912735321 1.14131247531623 1.34754474274814 1.65685029630549 1.03209451562725 1.35674825869501 1.59785927273333 1.139836989576 1.71911501395516 1.01753309415653 1.13610453228466 1.48033062391914
1.20724850916304 1.84260326903313 1.90874492190778 1.47304808790796 1.38398425350897 1.73503903090023 1.58627070812508 0 1.47001926507801 1.56746356072836 1.38496717158705 1.8095380445011 1.7853258207906 1.46585208643228 1.51374682644382 1.5626896773465 1.15520254243165 1.68222369067371 1.14106570673175 1.39127362472937 1.25552770658396 1.81768726860173 1.15237840125337 1.6511994143948 1.68980990233831 0.981072743190452 1.46788038546219 1.94505330640823 1.151017597178 1.55307367048226
1.44840152887627 1.23535682540387 1.15912349335849 1.63123447285034 1.82524569309317 1.68627026560716 1.91049840045162 1.47001926507801 0 1.33547080354765 1.77478611376137 1.81050141365267 1.27157653286122 1.76426492561586 1.88742087082937 1.26866951491684 1.61924625304528 1.26190195558593 1.90751619799994 1.66645324230194 1.85356730641797 1.96437324723229 1.94633714063093 1.54642405034974 1.4485415101517 1.754872655496 0.971167114097625 1.3055902919732 1.80377677432261 1.84014944755472
1.26822094293311 1.57177713722922 1.5355156280566 1.4901127978228 1.3754459884949 1.14200253435411 1.89967870037071 1.56746356072836 1.33547080354765 0 1.72850138810463 1.23233445733786 1.62308250530623 1.39883954403922 1.63258138881065 1.09974762424827 1.82723097875714 1.30402127676643 1.23311951477081 1.32587290811352 1.43363578920253 1.41481077950448 1.71410086704418 1.87931072688662 1.74154379614629 1.87335271551274 0.965391571167856 1.76271376386285 1.20044599357061 1.08219756931067
1.95733419549651 1.55802699248306 1.58469263440929 1.88565300242044 1.45213141664863 1.83150945114903 1.63826114730909 1.38496717158705 1.77478611376137 1.72850138810463 0 1.37876134458929 1.19025673437864 1.23648955137469 1.62069530389272 1.36839587823488 1.96065759006888 1.47059924830683 1.42914107558317 1.09851165139116 1.19304228271358 1.69912806921639 1.5937888729386 1.28079130337574 1.1444945614785 1.86231037206016 1.51623632595874 0.984394950792193 1.82018944644369 1.83525824337266
1.40988189773634 1.19555262476206 1.32927782856859 1.7286468478851 1.53192512504756 1.203501829179 1.26895019342192 1.8095380445011 1.81050141365267 1.23233445733786 1.37876134458929 0 1.3435447148513 1.01320567238145 1.74973071319982 1.36504434701055 1.10702337580733 1.79797608917579 1.91354619059712 1.81551032094285 1.65794974868186 1.61411647056229 1.23442659527063 1.90067651309073 1.01822691736743 1.5718056128826 1.54085444146767 1.08975174138322 1.18558993865736 1.27277934597805
1.04121786216274 1.82312973751687 1.90184505260549 1.83037326182239 1.40730942226946 1.2725216858089 1.31777844112366 1.7853258207906 1.27157653286122 1.62308250530623 1.19025673437864 1.3435447148513 0 1.37620372185484 1.69394087139517 1.46414589392953 1.89303289842792 1.63569419574924 1.82831479306333 1.91034577344544 1.11187073518522 1.07475193962455 1.96149550913833 1.7855560965836 1.58991264202632 1.37202809704468 1.0882060022559 1.30831144168042 1.33446975937113 1.60567192267627
1.02898482535966 1.56467536767013 1.14351399196312 1.02700432110578 1.46918228734285 1.74401806807145 1.77903760061599 1.46585208643228 1.76426492561586 1.39883954403922 1.23648955137469 1.01320567238145 1.37620372185484 0 1.32755687600002 1.53920309408568 1.37356198113412 1.53839585976675 1.60201708739623 1.02541558770463 1.61266632238403 1.51476641301997 1.90151622751728 1.57757781841792 1.00331296655349 1.43695182655938 1.48301553889178 1.95711082709022 1.91467430908233 1.68988327146508
1.26133993384428 1.22133003594354 1.21509594214149 1.8060729817953 1.88628523936495 1.46614625561051 1.28410011762753 1.51374682644382 1.88742087082937 1.63258138881065 1.62069530389272 1.74973071319982 1.69394087139517 1.32755687600002 0 1.64529842277989 1.74729482107796 1.46878203633241 1.09509829548188 0.980307766236365 1.00280720670708 1.53228501556441 1.17645093146712 0.995894458144903 1.54973669908941 1.73072851402685 1.06185812619515 1.3755125280004 1.0320179304108 1.4119605734013
1.57425426808186 1.31993792997673 1.81930269650184 1.7754139106255 0.990782376611605 1.74027647753246 1.82115261442959 1.5626896773465 1.26866951491684 1.09974762424827 1.36839587823488 1.36504434701055 1.46414589392953 1.53920309408568 1.64529842277989 0 1.496448996244 1.92607662291266 1.84362513618544 1.38626912189648 1.13976200134493 1.60367896757089 1.1943038275931 1.82848175405525 1.13278330513276 1.11402430594899 1.73010267852806 1.62149349576794 1.73814741359092 1.71723738615401
1.10108398250304 1.17510292306542 1.16896571055986 1.21580672566779 1.51606702408753 1.5210426452104 1.79217120888643 1.15520254243165 1.61924625304528 1.82723097875714 1.96065759006888 1.10702337580733 1.89303289842792 1.37356198113412 1.74729482107796 1.496448996244 0 1.87183826463297 1.84817107859999 1.37560377223417 1.5119225862436 1.60993565293029 1.81475145858712 1.54549532313831 1.01077434816398 1.31821728870273 1.88657295028679 0.976262639276683 1.28613850730471 1.27402034262195
1.93091542413458 1.15778685221449 0.965069712838158 1.71865676622838 1.65744919376448 1.74587842659093 1.44325503031723 1.68222369067371 1.26190195558593 1.30402127676643 1.47059924830683 1.79797608917579 1.63569419574924 1.53839585976675 1.46878203633241 1.92607662291266 1.87183826463297 0 1.23994268151 1.26875117840245 1.63479595328681 1.14379410771653 1.0633585464675 1.59154139691964 1.50985367270187 0.979601049562916 1.23067277576774 1.95617810310796 0.99588846671395 1.08948734076694
1.92742810049094 1.11402813810855 1.19380244519562 1.05350118759088 1.50535789364949 1.29754664935172 1.45813912735321 1.14106570673175 1.90751619799994 1.23311951477081 1.42914107558317 1.91354619059712 1.82831479306333 1.60201708739623 1.09509829548188 1.84362513618544 1.84817107859999 1.23994268151 0 1.73382408521138 1.11014473531395 1.69250453985296 1.06901533924975 1.3904008239042 1.85138000687584 1.74721617810428 1.40235180454329 1.47840940509923 1.53928795154206 1.3038239129819
1.84706080402248 1.23663916462101 1.62511215754785 1.0251354125794 1.89842242375016 1.90222378820181 1.14131247531623 1.39127362472937 1.66645324230194 1.32587290811352 1.09851165139116 1.81551032094285 1.91034577344544 1.02541558770463 0.980307766236365 1.38626912189648 1.37560377223417 1.26875117840245 1.73382408521138 0 1.93975750007667 1.50502110016532 1.94108115951531 1.58683865447529 1.85402728198096 1.6817511159461 1.25709459325299 1.92255629529245 1.35896003083326 1.83298138761893
0.976730402791873 1.81723814434372 1.78474234230816 1.90635925903916 1.67772773955949 1.26378489728086 1.34754474274814 1.25552770658396 1.85356730641797 1.43363578920253 1.19304228271358 1.65794974868186 1.11187073518522 1.61266632238403 1.00280720670708 1.13976200134493 1.5119225862436 1.63479595328681 1.11014473531395 1.93975750007667 0 1.94736707792617 1.28569328226149 1.4176980110351 1.61596186854877 1.23275929922238 1.58639327436686 1.19420747226104 1.49062717100605 0.995187770342454
1.13462736643851 1.62057620985433 1.56730521540157 1.21439351583831 1.65021102060564 1.76072257617489 1.65685029630549 1.81768726860173 1.96437324723229 1.41481077950448 1.69912806921639 1.61411647056229 1.07475193962455 1.51476641301997 1.53228501556441 1.60367896757089 1.60993565293029 1.14379410771653 1.69250453985296 1.50502110016532 1.94736707792617 0 1.61405128706247 1.33931293711066 1.38093506521545 1.90422556758858 1.91186478896998 1.05238324939273 1.77150148944929 1.91162534267642
1.22563477652147 1.41809336887673 1.46975864795968 1.45418230048381 1.84375939727761 1.23647272470407 1.03209451562725 1.15237840125337 1.94633714063093 1.71410086704418 1.5937888729386 1.23442659527063 1.96149550913833 1.90151622751728 1.17645093146712 1.1943038275931 1.81475145858712 1.0633585464675 1.06901533924975 1.94108115951531 1.28569328226149 1.61405128706247 0 1.11232428089716 1.50345808919519 1.59055457473733 1.61601883126423 1.07476422935724 1.42577536311001 1.06885356712155
1.9055077007506 1.9276231941767 1.52003158535808 1.59405113896355 1.80195569689386 1.70178525312804 1.35674825869501 1.6511994143948 1.54642405034974 1.87931072688662 1.28079130337574 1.90067651309073 1.7855560965836 1.57757781841792 0.995894458144903 1.82848175405525 1.54549532313831 1.59154139691964 1.3904008239042 1.58683865447529 1.4176980110351 1.33931293711066 1.11232428089716 0 1.29254693491384 1.2678480562754 1.60313180624507 1.29859429062344 1.90150866704062 1.09237690549344
1.16370239760727 1.73425341513939 1.59408845310099 1.5169069559779 1.38845802773722 1.4156856702175 1.59785927273333 1.68980990233831 1.4485415101517 1.74154379614629 1.1444945614785 1.01822691736743 1.58991264202632 1.00331296655349 1.54973669908941 1.13278330513276 1.01077434816398 1.50985367270187 1.85138000687584 1.85402728198096 1.61596186854877 1.38093506521545 1.50345808919519 1.29254693491384 0 1.83577419887297 1.3562939716503 1.68695908808149 1.8021373343654 1.23219264973886
1.49494817201048 1.73589617107064 0.965456294827163 1.87422511447221 1.91166991950013 1.24518806883134 1.139836989576 0.981072743190452 1.754872655496 1.87335271551274 1.86231037206016 1.5718056128826 1.37202809704468 1.43695182655938 1.73072851402685 1.11402430594899 1.31821728870273 0.979601049562916 1.74721617810428 1.6817511159461 1.23275929922238 1.90422556758858 1.59055457473733 1.2678480562754 1.83577419887297 0 1.7931953149382 1.13330110581592 1.59997344622388 1.74220509571023
1.91323042917065 1.87266002129763 1.56108736642636 1.23348011262715 1.22722522122785 1.95815817569382 1.71911501395516 1.46788038546219 0.971167114097625 0.965391571167856 1.51623632595874 1.54085444146767 1.0882060022559 1.48301553889178 1.06185812619515 1.73010267852806 1.88657295028679 1.23067277576774 1.40235180454329 1.25709459325299 1.58639327436686 1.91186478896998 1.61601883126423 1.60313180624507 1.3562939716503 1.7931953149382 0 1.95989214535803 1.27652694052085 1.29865851253271
1.96409343578853 1.43308385647833 1.05887907021679 1.64685947215185 1.35257046762854 1.40168348280713 1.01753309415653 1.94505330640823 1.3055902919732 1.76271376386285 0.984394950792193 1.08975174138322 1.30831144168042 1.95711082709022 1.3755125280004 1.62149349576794 0.976262639276683 1.95617810310796 1.47840940509923 1.92255629529245 1.19420747226104 1.05238324939273 1.07476422935724 1.29859429062344 1.68695908808149 1.13330110581592 1.95989214535803 0 1.5483496170491 1.01152493711561
1.21161270234734 1.68793554720469 1.44888273230754 1.53021583566442 1.56728982599452 1.60459519969299 1.13610453228466 1.151017597178 1.80377677432261 1.20044599357061 1.82018944644369 1.18558993865736 1.33446975937113 1.91467430908233 1.0320179304108 1.73814741359092 1.28613850730471 0.99588846671395 1.53928795154206 1.35896003083326 1.49062717100605 1.77150148944929 1.42577536311001 1.90150866704062 1.8021373343654 1.59997344622388 1.27652694052085 1.5483496170491 0 1.91528601315804
1.1774130971171 1.6936760712415 1.46556041832082 0.96638795081526 1.31412933557294 0.973061341792345 1.48033062391914 1.55307367048226 1.84014944755472 1.08219756931067 1.83525824337266 1.27277934597805 1.60567192267627 1.68988327146508 1.4119605734013 1.71723738615401 1.27402034262195 1.08948734076694 1.3038239129819 1.83298138761893 0.995187770342454 1.91162534267642 1.06885356712155 1.09237690549344 1.23219264973886 1.74220509571023 1.29865851253271 1.01152493711561 1.91528601315804 0
