0 1.1918613393791 1.57786910701543 1.20098869781941 1.80658734845929 1.91096540028229 1.62409776821733 1.3016693436075 1.53113809926435 1.46572922961786 1.23298408091068 0.930465917335823 1.66365597140975 1.13192063104361 1.7054584925063 1.82883471646346 1.38207642105408 1.65796191501431 1.8697000821121 1.44242271664552 1.05947225401178 1.60596793354489 1.03136594942771 1.09418412437662 1.27512564323843 1.84059749660082 0.955232421169057 1.31439767824486 1.14666726160794 1.86776491743512
1.1918613393791 0 1.34837264870293 1.01641083182767 1.06988744274713 0.956798104802147 1.45628335676156 1.2615504427813 1.69095812248997 1.59860510053113 0.961573302512988 1.2840316677466 1.36519409902394 1.19401072710752 1.05006819288246 1.80332828685641 1.91287109302357 1.75207774923183 1.50606329599395 1.41154985153116 1.2648484010715 1.30187716893852 1.14445714908652 0.988672311184928 1.19764670706354 1.86228525009938 1.87726127100177 0.965249605942518 1.42585177416913 1.56606563203968
1.57786910701543 1.34837264870293 0 1.62536109378561 1.0564599710051 0.943682780489326 1.85864511271939 1.09992017992772 1.1474186424166 1.21252647787333 1.36043074354529 1.67863328778185 1.09661464835517 1.39333477267064 1.9052849675063 1.58182674832642 0.964508834062144 1.16287446347997 0.958081576507539 1.68468807591125 1.39387034857646 1.45949531486258 1.39528571837582 1.56062042224221 1.0266899925191 1.29756618663669 1.63447462813929 1.49504481838085 1.60852696420625 1.6935560000129
1.20098869781941 1.01641083182767 1.62536109378561 0 1.52153076278046 1.62315811263397 1.09603979205713 1.26549465279095 1.51959802769125 1.41312248725444 1.62927690288052 1.87178557738662 1.59503640141338 1.68696366343647 1.58241889788769 1.76520409109071 1.57079601334408 1.58162283641286 1.1240243059583 1.21031255275011 1.32212568703108 1.42951310053468 1.31145032099448 1.72524509392679 0.938328922493383 1.76371947396547 1.4662563430611 1.73935667099431 1.48267077002674 1.40424471255392
1.80658734845929 1.06988744274713 1.0564599710051 1.52153076278046 0 1.44411283219233 1.11105976486579 1.73059886554256 1.39891584054567 1.37683621025644 1.88720212783664 1.60924432938918 1.56190165202133 1.85933476500213 1.01441451860592 0.946936931926757 1.25402567209676 1.91710891667753 1.48199851205572 1.66382229304872 1.09616504982114 1.74026213865727 1.72801588056609 1.5532134459354 1.35632974980399 1.17656034626998 1.37845414225012 1.27075179107487 1.79404305084608 1.84902398078702
1.91096540028229 0.956798104802147 0.943682780489326 1.62315811263397 1.44411283219233 0 1.51433966192417 1.85264335107058 1.60634202533402 1.50730357435532 1.54160623904318 0.98049948294647 1.5331411191728 0.962429032893851 1.86549699958414 1.23321094387211 1.80058277910575 1.03024581004865 1.62580697145313 1.77499596611597 1.62630573171191 1.21474877349101 1.63968488457613 1.90813144156709 1.1358151412569 1.24766451725736 1.87305158493109 1.01070187869482 1.58655408583581 1.28302184282802
1.62409776821733 1.45628335676156 1.85864511271939 1.09603979205713 1.11105976486579 1.51433966192417 0 1.64714535744861 1.70898571913131 1.16388066322543 1.18012444186024 1.2672988534905 1.91482099331915 1.11600837204605 1.02936162124388 1.42316232039593 1.11122890166007 1.1795615402516 1.17016457230784 1.029269751627 1.60116092721 1.08307765983045 1.34879804169759 1.62087863218039 1.87755431630649 0.957869980251417 1.85984835610725 1.20307816308923 1.01495331083424 1.2337306663394
1.3016693436075 1.2615504427813 1.09992017992772 1.26549465279095 1.73059886554256 1.85264335107058 1.64714535744861 0 1.83221467700787 1.09959736093879 1.06770902103744 1.0113600064069 1.31849032035097 1.89129366981797 1.68878837744705 0.956132772611454 1.92643044679426 1.85023437743075 1.62288510263897 1.10197625076398 1.11489350744523 1.79436863213778 1.18787627876736 1.89577451907098 1.30548765114509 1.09289298788644 1.54970502085052 1.4626061427407 1.67902205372229 1.06590859498829
1.53113809926435 1.69095812248997 1.1474186424166 1.51959802769125 1.39891584054567 1.60634202533402 1.70898571913131 1.83221467700787 0 1.57219130801968 0.93169699725695 1.89638393418863 1.68004025937989 1.7614649606403 0.972226117970422 1.12000358453952 1.70298062521033 1.27351248147897 1.79443300911225 1.18192340340465 1.29875377123244 1.53950511151925 1.37487020157278 1.77777643012814 1.41043044556864 1.80840459605679 1.54155821353197 1.80840634601191 1.63231307361275 1.61581332376227
1.46572922961786 1.59860510053113 1.21252647787333 1.41312248725444 1.37683621025644 1.50730357435532 1.16388066322543 1.09959736093879 1.57219130801968 0 1.14075673394836 1.46761895320378 1.8276167830918 1.31585659948178 1.83874911023304 1.47763304365799 1.20536896865815 1.10496085463092 1.67071667895652 1.06545874243602 1.18809809233062 1.75272808084264 1.09154875297099 1.15763225546107 1.64248906518333 1.71537457103841 1.47774929343723 1.02148379036225 0.946065320866182 1.1444346064236
1.23298408091068 0.961573302512988 1.36043074354529 1.62927690288052 1.88720212783664 1.54160623904318 1.18012444186024 1.06770902103744 0.93169699725695 1.14075673394836 0 0.972527457401156 1.03897638432682 1.40736806998029 0.979157339781523 1.19672120548785 1.54259098670445 1.35983428405598 1.33157664700411 1.76135637960397 0.945100359385833 1.74059185292572 1.81811163527891 1.50679130735807 1.64013082697056 1.06453676009551 1.89694946957752 1.22665009414777 1.38043436524458 1.27273397310637
0.930465917335823 1.2840316677466 1.67863328778185 1.87178557738662 1.60924432938918 0.98049948294647 1.2672988534905 1.0113600064069 1.89638393418863 1.46761895320378 0.972527457401156 0 1.26670809159987 1.4649642710574 1.00586093380116 1.35189120192081 1.66067718644626 1.88764192676172 1.00594832887873 0.966495680389926 1.80948219704442 1.33383118081838 1.03935241419822 1.27809174056165 1.77011610730551 0.969311085296795 1.00690216314979 1.49040920380503 1.59095761715434 1.71373008587398
1.66365597140975 1.36519409902394 1.09661464835517 1.59503640141338 1.56190165202133 1.5331411191728 1.91482099331915 1.31849032035097 1.68004025937989 1.8276167830918 1.03897638432682 1.26670809159987 0 1.56089507392608 1.54699885798618 1.621372184949 1.51117287995294 1.68446475220844 1.31300962739624 1.56124899489805 1.06731639872305 1.53325223224238 1.47352363076061 1.57708912203088 1.45758164487779 1.06767069292255 1.54632615926675 0.97436216333881 1.91590982559137 1.28576054237783
1.13192063104361 1.19401072710752 1.39333477267064 1.68696366343647 1.85933476500213 0.962429032893851 1.11600837204605 1.89129366981797 1.7614649606403 1.31585659948178 1.40736806998029 1.4649642710574 1.56089507392608 0 1.62332983897068 1.76763621019199 1.5451494641602 1.2634667661041 1.51202006847598 1.3189283257816 1.76011912338436 1.33866336802021 1.13380212173797 1.0351112599019 1.4304831631016 1.37452518148348 0.956483077025041 1.50851680524647 1.27338772569783 1.51003795070574
1.7054584925063 1.05006819288246 1.9052849675063 1.58241889788769 1.01441451860592 1.86549699958414 1.02936162124388 1.68878837744705 0.972226117970422 1.83874911023304 0.979157339781523 1.00586093380116 1.54699885798618 1.62332983897068 0 1.32694701105356 1.48603365127929 1.78067909320816 1.14426516112871 0.996955474140123 1.64915416366421 1.37396964849904 1.02359526464716 1.53493059542961 1.23039807612076 1.87762329983525 1.73927801218815 1.57906963443384 1.72289207391441 1.04523128271103
1.82883471646346 1.80332828685641 1.58182674832642 1.76520409109071 0.946936931926757 1.23321094387211 1.42316232039593 0.956132772611454 1.12000358453952 1.47763304365799 1.19672120548785 1.35189120192081 1.621372184949 1.76763621019199 1.32694701105356 0 1.68039958016016 1.63622408593073 1.45411286945455 1.81038057128899 1.69480164651759 1.78392256936058 1.41856981255114 0.96943487226963 1.66810880415142 1.42260767542757 1.92201353539713 1.71616072161123 1.5414216152858 1.01486574951559
1.38207642105408 1.91287109302357 0.964508834062144 1.57079601334408 1.25402567209676 1.80058277910575 1.11122890166007 1.92643044679426 1.70298062521033 1.20536896865815 1.54259098670445 1.66067718644626 1.51117287995294 1.5451494641602 1.48603365127929 1.68039958016016 0 1.81605534534901 1.72027854574844 1.81732948473655 1.57241108408198 1.82650151289999 1.45542813348584 1.32954737334512 1.32065407163464 1.66297817998566 1.71920118876733 1.65219080052339 1.0360929898452 1.11502424068749
1.65796191501431 1.75207774923183 1.16287446347997 1.58162283641286 1.91710891667753 1.03024581004865 1.1795615402516 1.85023437743075 1.27351248147897 1.10496085463092 1.35983428405598 1.88764192676172 1.68446475220844 1.2634667661041 1.78067909320816 1.63622408593073 1.81605534534901 0 1.18882184941322 1.62646793108433 0.992904878454283 1.00005845492706 1.56601525796577 1.62088814983144 1.60024553490803 1.58032368542627 1.88963914476335 1.47302696388215 1.67284030630253 1.73017526068725
1.8697000821121 1.50606329599395 0.958081576507539 1.1240243059583 1.48199851205572 1.62580697145313 1.17016457230784 1.62288510263897 1.79443300911225 1.67071667895652 1.33157664700411 1.00594832887873 1.31300962739624 1.51202006847598 1.14426516112871 1.45411286945455 1.72027854574844 1.18882184941322 0 1.65378990746103 1.39840678870678 1.36886093975045 1.20739787793718 1.46838670852594 1.50833854544908 1.20611606515013 1.20049172989093 1.40587542112917 1.53551473491825 1.88414410222322
1.44242271664552 1.41154985153116 1.68468807591125 1.21031255275011 1.66382229304872 1.77499596611597 1.029269751627 1.10197625076398 1.18192340340465 1.06545874243602 1.76135637960397 0.966495680389926 1.56124899489805 1.3189283257816 0.996955474140123 1.81038057128899 1.81732948473655 1.62646793108433 1.65378990746103 0 0.940515219001099 1.11783816805109 1.41495389910415 1.74372886656784 1.52038896549493 1.35518638882786 1.32171463640407 1.0452257944271 1.56800986407325 1.02266096742824
1.05947225401178 1.2648484010715 1.39387034857646 1.32212568703108 1.09616504982114 1.62630573171191 1.60116092721 1.11489350744523 1.29875377123244 1.18809809233062 0.945100359385833 1.80948219704442 1.06731639872305 1.76011912338436 1.64915416366421 1.69480164651759 1.57241108408198 0.992904878454283 1.39840678870678 0.940515219001099 0 1.84067266224883 1.42943886504509 1.27575861592777 1.84187380573712 1.60145545192063 1.77387392264791 1.61953392392024 1.42636171844788 1.66148369340226
1.60596793354489 1.30187716893852 1.45949531486258 1.42951310053468 1.74026213865727 1.21474877349101 1.08307765983045 1.79436863213778 1.53950511151925 1.75272808084264 1.74059185292572 1.33383118081838 1.53325223224238 1.33866336802021 1.37396964849904 1.78392256936058 1.82650151289999 1.00005845492706 1.36886093975045 1.11783816805109 1.84067266224883 0 1.88043313729577 1.60752711445093 1.12679009675048 1.39940327452496 1.84557941649109 1.02166021894664 1.80283114523627 0.984449102310464
1.03136594942771 1.14445714908652 1.39528571837582 1.31145032099448 1.72801588056609 1.63968488457613 1.34879804169759 1.18787627876736 1.37487020157278 1.09154875297099 1.81811163527891 1.03935241419822 1.47352363076061 1.13380212173797 1.02359526464716 1.41856981255114 1.45542813348584 1.56601525796577 1.20739787793718 1.41495389910415 1.42943886504509 1.88043313729577 0 1.24998161476105 1.66571887838654 1.00164010026492 1.20680885598995 1.80854689888656 1.27460548165254 1.56942729372531
1.09418412437662 0.988672311184928 1.56062042224221 1.72524509392679 1.5532134459354 1.90813144156709 1.62087863218039 1.89577451907098 1.77777643012814 1.15763225546107 1.50679130735807 1.27809174056165 1.57708912203088 1.0351112599019 1.53493059542961 0.96943487226963 1.32954737334512 1.62088814983144 1.46838670852594 1.74372886656784 1.27575861592777 1.60752711445093 1.24998161476105 0 1.11737251305021 1.76657735789195 1.80314687103964 1.89097584271803 1.14761063409969 1.57464136509225
1.27512564323843 1.19764670706354 1.0266899925191 0.938328922493383 1.35632974980399 1.1358151412569 1.87755431630649 1.30548765114509 1.41043044556864 1.64248906518333 1.64013082697056 1.77011610730551 1.45758164487779 1.4304831631016 1.23039807612076 1.66810880415142 1.32065407163464 1.60024553490803 1.50833854544908 1.52038896549493 1.84187380573712 1.12679009675048 1.66571887838654 1.11737251305021 0 1.05856762151234 1.41285869618878 1.67110366700217 1.69036005274393 1.5984497864265
1.84059749660082 1.86228525009938 1.29756618663669 1.76371947396547 1.17656034626998 1.24766451725736 0.957869980251417 1.09289298788644 1.80840459605679 1.71537457103841 1.06453676009551 0.969311085296795 1.06767069292255 1.37452518148348 1.87762329983525 1.42260767542757 1.66297817998566 1.58032368542627 1.20611606515013 1.35518638882786 1.60145545192063 1.39940327452496 1.00164010026492 1.76657735789195 1.05856762151234 0 1.39285441697575 1.42182078864425 1.72462168475613 1.52482010913081
0.955232421169057 1.87726127100177 1.63447462813929 1.4662563430611 1.37845414225012 1.87305158493109 1.85984835610725 1.54970502085052 1.54155821353197 1.47774929343723 1.89694946957752 1.00690216314979 1.54632615926675 0.956483077025041 1.73927801218815 1.92201353539713 1.71920118876733 1.88963914476335 1.20049172989093 1.32171463640407 1.77387392264791 1.84557941649109 1.20680885598995 1.80314687103964 1.41285869618878 1.39285441697575 0 1.0725925299339 1.51153776329011 1.46857744874433
1.31439767824486 0.965249605942518 1.49504481838085 1.73935667099431 1.27075179107487 1.01070187869482 1.20307816308923 1.4626061427407 1.80840634601191 1.02148379036225 1.22665009414777 1.49040920380503 0.97436216333881 1.50851680524647 1.57906963443384 1.71616072161123 1.65219080052339 1.47302696388215 1.40587542112917 1.0452257944271 1.61953392392024 1.02166021894664 1.80854689888656 1.89097584271803 1.67110366700217 1.42182078864425 1.0725925299339 0 1.07474534446374 1.30787596711889
1.14666726160794 1.42585177416913 1.60852696420625 1.48267077002674 1.79404305084608 1.58655408583581 1.01495331083424 1.67902205372229 1.63231307361275 0.946065320866182 1.38043436524458 1.59095761715434 1.91590982559137 1.27338772569783 1.72289207391441 1.5414216152858 1.0360929898452 1.67284030630253 1.53551473491825 1.56800986407325 1.42636171844788 1.80283114523627 1.27460548165254 1.14761063409969 1.69036005274393 1.72462168475613 1.51153776329011 1.07474534446374 0 1.78202248294838
1.86776491743512 1.56606563203968 1.6935560000129 1.40424471255392 1.84902398078702 1.28302184282802 1.2337306663394 1.06590859498829 1.61581332376227 1.1444346064236 1.27273397310637 1.71373008587398 1.28576054237783 1.51003795070574 1.04523128271103 1.01486574951559 1.11502424068749 1.73017526068725 1.88414410222322 1.02266096742824 1.66148369340226 0.984449102310464 1.56942729372531 1.57464136509225 1.5984497864265 1.52482010913081 1.46857744874433 1.30787596711889 1.78202248294838 0
