0 1.92362009338103 1.25303518865258 0.984425105853006 1.71419224143028 1.02199259703048 0.980896064080298 1.01663239626214 1.18464464251883 0.997426762012765 1.53663030802272 1.56058728508651 1.64581827376969 1.05022414890118 1.39253163523972 1.66073782159947 1.10736072808504 1.77365586953238 1.22503621224314 1.33298192732036 1.37594852270558 1.4601714105811 1.12348705390468 1.81612990191206 1.61073808651417 1.70836999895982 1.82277694297954 1.05221617617644 1.07282127579674 1.43993707560003
1.92362009338103 0 1.75044879177585 1.74909090274014 1.30209437105805 1.37197313085198 0.960391660686582 1.70731298811734 1.04749918379821 0.982013391330838 1.34661576431245 1.72294312552549 1.41437541972846 1.08321567135863 1.44569028331898 1.0641103470698 1.17013633623719 1.00941677251831 1.60763897653669 1.26136026973836 1.01422295509838 1.44926503719762 1.03780242451467 1.1185598759912 1.63939386815764 1.69385453872383 1.01177536533214 0.958512102020904 1.86555669712834 1.72402113559656
1.25303518865258 1.75044879177585 0 1.60681382077746 1.77576272631995 1.27074381406419 1.48893638351001 0.943729201098904 1.03929861844517 1.52219692897052 1.29035332752392 1.05067243729718 1.66006419854239 1.84292758256197 1.56054541794583 1.44602172449231 1.87028598738834 1.28214669902809 1.88942226418294 1.04066925728694 1.48697963566519 1.57836413220502 0.944805411854759 1.64388168090954 1.70600847760215 1.06127407005988 1.36473251925781 1.29199094162323 1.74917588452809 1.26140412804671
0.984425105853006 1.74909090274014 1.60681382077746 0 1.24322850094177 1.04426598921418 1.57872321759351 1.53546193917282 1.07747825002298 1.64152470743284 1.5619261385873 1.79213389777578 1.02634815592319 1.64916967321187 1.30557946744375 1.32947723404504 1.1476486492902 1.15660992171615 1.71769706252962 0.968251667218283 1.05995187722147 1.23321190779097 1.91577344248071 1.33478899602778 1.185651242733 1.03013260266744 1.62509579467587 1.06636183825321 1.46773550426587 1.29819133342244
1.71419224143028 1.30209437105805 1.77576272631995 1.24322850094177 0 1.14951786235906 1.31057425914332 1.5405943908263 1.65695609757677 1.53321237186901 1.55528050474823 1.12789991032332 1.24216605117545 1.51229985733517 1.92241546558216 1.69198146392591 1.68089069821872 1.52846978721209 1.80087909684516 1.68597190594301 1.89996552956291 1.42580931563862 0.979381461394951 1.90212475508451 1.23957269755192 1.67173184943385 1.24214609782211 1.39854535181075 1.73574285651557 1.22708679898642
1.02199259703048 1.37197313085198 1.27074381406419 1.04426598921418 1.14951786235906 0 1.59707664186135 1.42750614834949 1.40352065046318 1.22311912826262 1.05024981265888 1.73645166982897 1.51485455222428 1.2657843711786 1.26215020380914 1.92368763149716 1.80533271026798 1.27968060737476 0.952426124364138 0.989520851057023 1.19857782009058 0.958869189023972 1.49950725655071 1.73948741564527 1.59373607486486 1.0328977056779 1.57579137617722 1.87207152694464 1.62509182351641 1.67634799168445
0.980896064080298 0.960391660686582 1.48893638351001 1.57872321759351 1.31057425914332 1.59707664186135 0 1.47953710355796 1.46328023495153 1.3268356861081 1.34195944620296 1.4731335719116 1.22247884469107 1.78252583765425 1.09042912954465 1.48948137648404 1.92159775923938 1.24454498593695 1.09843672113493 1.46288869460113 0.962440011324361 1.13531818124466 1.08421390526928 1.19371116789989 1.86955133243464 1.81109850015491 1.55711046466604 0.989348740084097 1.55813055718318 1.47606257186271
1.01663239626214 1.70731298811734 0.943729201098904 1.53546193917282 1.5405943908263 1.42750614834949 1.47953710355796 0 1.20851055346429 1.11756867123768 1.32968260045163 1.14351950818673 1.88349030958489 1.52369245211594 1.38086971384473 1.66627094801515 1.10488752671517 1.892093753675 1.39423414925113 1.06618925463408 1.6319980667904 1.13462714408524 1.63530349987559 1.65183057216927 1.78076488245279 1.7699641820509 1.47526998841204 1.2295644080732 1.78537057200447 1.87935967091471
1.18464464251883 1.04749918379821 1.03929861844517 1.07747825002298 1.65695609757677 1.40352065046318 1.46328023495153 1.20851055346429 0 1.91066226596013 1.66092738276348 1.19035314070061 1.20779101876542 1.01157530746423 1.23999822814949 1.83882356714457 0.974463988095522 0.958294906886294 1.91982195992023 1.11931436951272 1.36860532430001 1.01828723400831 1.82581161311828 1.76746955676936 1.0415108257439 1.77078988053836 1.38687556656078 1.66582541866228 1.17701221001334 1.14540806948207
0.997426762012765 0.982013391330838 1.52219692897052 1.64152470743284 1.53321237186901 1.22311912826262 1.3268356861081 1.11756867123768 1.91066226596013 0 1.59378261794336 1.25350195681676 1.57293364265934 1.82870522420853 1.13615853129886 1.72468747175299 1.32378259534016 1.55423676478676 1.31371734011918 0.954647583188489 1.14062961214222 1.40231670462526 1.14423956396058 1.33761588507332 1.71159461373463 1.68382233451121 0.935561267891899 1.25557847204618 1.5375189203769 1.34003565576859
1.53663030802272 1.34661576431245 1.29035332752392 1.5619261385873 1.55528050474823 1.05024981265888 1.34195944620296 1.32968260045163 1.66092738276348 1.59378261794336 0 1.54614188615233 1.79535002680495 1.80116196093149 1.81012844853103 1.64500472764485 1.55190657544881 1.27474739332683 1.64649778464809 1.25053343991749 1.62506018369459 1.19152110768482 1.65139578958042 1.24449771782383 1.65792277106084 1.46250148233958 1.67795218504034 1.41923749423586 1.29474361310713 1.58523246110417
1.56058728508651 1.72294312552549 1.05067243729718 1.79213389777578 1.12789991032332 1.73645166982897 1.4731335719116 1.14351950818673 1.19035314070061 1.25350195681676 1.54614188615233 0 1.3379063627217 1.14579165563919 0.97100398899056 1.18720767344348 1.18850401300006 1.52689796825871 1.30908981128596 0.95986889116466 1.92966641811654 1.7455883983057 1.35296785691753 1.43847651802935 1.21820747689344 1.17676161089912 1.33512768056244 1.55744047509506 1.1653480285313 1.4532427105587
1.64581827376969 1.41437541972846 1.66006419854239 1.02634815592319 1.24216605117545 1.51485455222428 1.22247884469107 1.88349030958489 1.20779101876542 1.57293364265934 1.79535002680495 1.3379063627217 0 1.76837945310399 1.80615181149915 1.3092451847624 1.32798587880097 1.84079285943881 1.57795238075778 1.10272536589764 1.28198147634976 1.83171427063644 1.42933889525011 1.37766476417892 1.64948946004733 1.16906062932685 1.04352770396508 1.64604604966007 1.54329062206671 1.20594977517612
1.05022414890118 1.08321567135863 1.84292758256197 1.64916967321187 1.51229985733517 1.2657843711786 1.78252583765425 1.52369245211594 1.01157530746423 1.82870522420853 1.80116196093149 1.14579165563919 1.76837945310399 0 1.85203176806681 1.09212692128494 1.10551277711056 1.86690728599206 1.34994151815772 1.51845769351348 0.959639827720821 1.29676684504375 1.23007192579098 1.463850076776 1.77067202585749 1.51761504542083 1.78393990593031 1.48414497426711 1.31918498920277 1.79621650301851
1.39253163523972 1.44569028331898 1.56054541794583 1.30557946744375 1.92241546558216 1.26215020380914 1.09042912954465 1.38086971384473 1.23999822814949 1.13615853129886 1.81012844853103 0.97100398899056 1.80615181149915 1.85203176806681 0 1.84032687358558 1.81323535041884 1.83366531785578 1.83030719240196 1.06867376551963 1.24384465906769 1.16225341684185 1.78683472098783 1.82452428573743 1.02409918233752 1.86355195520446 1.2131335453596 1.01369686704129 1.78137397300452 1.57299394253641
1.66073782159947 1.0641103470698 1.44602172449231 1.32947723404504 1.69198146392591 1.92368763149716 1.48948137648404 1.66627094801515 1.83882356714457 1.72468747175299 1.64500472764485 1.18720767344348 1.3092451847624 1.09212692128494 1.84032687358558 0 1.74613591423258 1.17609259928577 1.50349825201556 1.36862831329927 1.04173270752653 1.06396461464465 1.6176960489247 0.988457150524482 1.05550840054639 1.69940141378902 1.30114224529825 1.81469648540951 1.78158683911897 1.71517037367448
1.10736072808504 1.17013633623719 1.87028598738834 1.1476486492902 1.68089069821872 1.80533271026798 1.92159775923938 1.10488752671517 0.974463988095522 1.32378259534016 1.55190657544881 1.18850401300006 1.32798587880097 1.10551277711056 1.81323535041884 1.74613591423258 0 1.27432069717906 1.89821132319048 0.998715033521876 1.41808856930584 1.05136757390574 1.75123695470393 1.28152982727624 1.86229762295261 1.28445848589763 1.21954807452857 1.20659363642335 1.88487404561602 1.10247852117755
1.77365586953238 1.00941677251831 1.28214669902809 1.15660992171615 1.52846978721209 1.27968060737476 1.24454498593695 1.892093753675 0.958294906886294 1.55423676478676 1.27474739332683 1.52689796825871 1.84079285943881 1.86690728599206 1.83366531785578 1.17609259928577 1.27432069717906 0 1.42098112450913 1.84766942565329 1.28506772173569 1.84861955186352 1.32911132834852 1.55963156558573 1.11694789933972 1.05870964867063 1.68781155673787 1.35726208495907 1.48828801466152 1.68801087560132
1.22503621224314 1.60763897653669 1.88942226418294 1.71769706252962 1.80087909684516 0.952426124364138 1.09843672113493 1.39423414925113 1.91982195992023 1.31371734011918 1.64649778464809 1.30908981128596 1.57795238075778 1.34994151815772 1.83030719240196 1.50349825201556 1.89821132319048 1.42098112450913 0 1.2489923206158 1.83250363823026 1.31066791596822 1.5024863537401 1.47476136893965 1.63738061091863 1.79791318322532 0.948308153543621 1.42784659960307 1.359025525162 0.961318170651793
1.33298192732036 1.26136026973836 1.04066925728694 0.968251667218283 1.68597190594301 0.989520851057023 1.46288869460113 1.06618925463408 1.11931436951272 0.954647583188489 1.25053343991749 0.95986889116466 1.10272536589764 1.51845769351348 1.06867376551963 1.36862831329927 0.998715033521876 1.84766942565329 1.2489923206158 0 1.7625909363851 1.91925741755404 1.05925012356602 1.06873469683342 1.48259118641727 1.70442921877839 1.4469715396408 1.05922322859988 1.90653216186911 1.40420004329644
1.37594852270558 1.01422295509838 1.48697963566519 1.05995187722147 1.89996552956291 1.19857782009058 0.962440011324361 1.6319980667904 1.36860532430001 1.14062961214222 1.62506018369459 1.92966641811654 1.28198147634976 0.959639827720821 1.24384465906769 1.04173270752653 1.41808856930584 1.28506772173569 1.83250363823026 1.7625909363851 0 1.64173255278729 1.50168753485195 1.91103319614194 1.67518047732301 1.00676627107896 1.52984563703649 0.984168009832501 1.46013284218498 1.92882831371389
1.4601714105811 1.44926503719762 1.57836413220502 1.23321190779097 1.42580931563862 0.958869189023972 1.13531818124466 1.13462714408524 1.01828723400831 1.40231670462526 1.19152110768482 1.7455883983057 1.83171427063644 1.29676684504375 1.16225341684185 1.06396461464465 1.05136757390574 1.84861955186352 1.31066791596822 1.91925741755404 1.64173255278729 0 1.8896744819358 1.80956214456819 1.21531969984062 1.24121769913472 1.19690561108291 1.36875379970297 1.89512323541567 1.37671492341906
1.12348705390468 1.03780242451467 0.944805411854759 1.91577344248071 0.979381461394951 1.49950725655071 1.08421390526928 1.63530349987559 1.82581161311828 1.14423956396058 1.65139578958042 1.35296785691753 1.42933889525011 1.23007192579098 1.78683472098783 1.6176960489247 1.75123695470393 1.32911132834852 1.5024863537401 1.05925012356602 1.50168753485195 1.8896744819358 0 1.21972054196522 1.75116550317034 1.47637473419309 1.72235644585453 1.28418333269656 1.80308217648417 1.13190362532623
1.81612990191206 1.1185598759912 1.64388168090954 1.33478899602778 1.90212475508451 1.73948741564527 1.19371116789989 1.65183057216927 1.76746955676936 1.33761588507332 1.24449771782383 1.43847651802935 1.37766476417892 1.463850076776 1.82452428573743 0.988457150524482 1.28152982727624 1.55963156558573 1.47476136893965 1.06873469683342 1.91103319614194 1.80956214456819 1.21972054196522 0 1.45918239862658 1.91701529826969 0.965637520421296 1.40541939996183 1.00943436403759 1.4604146098718
1.61073808651417 1.63939386815764 1.70600847760215 1.185651242733 1.23957269755192 1.59373607486486 1.86955133243464 1.78076488245279 1.0415108257439 1.71159461373463 1.65792277106084 1.21820747689344 1.64948946004733 1.77067202585749 1.02409918233752 1.05550840054639 1.86229762295261 1.11694789933972 1.63738061091863 1.48259118641727 1.67518047732301 1.21531969984062 1.75116550317034 1.45918239862658 0 1.93172173062339 1.69108322286047 1.49300170456991 1.4972261080984 1.51853902358562
1.70836999895982 1.69385453872383 1.06127407005988 1.03013260266744 1.67173184943385 1.0328977056779 1.81109850015491 1.7699641820509 1.77078988053836 1.68382233451121 1.46250148233958 1.17676161089912 1.16906062932685 1.51761504542083 1.86355195520446 1.69940141378902 1.28445848589763 1.05870964867063 1.79791318322532 1.70442921877839 1.00676627107896 1.24121769913472 1.47637473419309 1.91701529826969 1.93172173062339 0 1.25528654200025 0.999179668258876 1.19289608998224 1.71911394060589
1.82277694297954 1.01177536533214 1.36473251925781 1.62509579467587 1.24214609782211 1.57579137617722 1.55711046466604 1.47526998841204 1.38687556656078 0.935561267891899 1.67795218504034 1.33512768056244 1.04352770396508 1.78393990593031 1.2131335453596 1.30114224529825 1.21954807452857 1.68781155673787 0.948308153543621 1.4469715396408 1.52984563703649 1.19690561108291 1.72235644585453 0.965637520421296 1.69108322286047 1.25528654200025 0 1.73177950060926 1.6501853314694 1.90962632419541
1.05221617617644 0.958512102020904 1.29199094162323 1.06636183825321 1.39854535181075 1.87207152694464 0.989348740084097 1.2295644080732 1.66582541866228 1.25557847204618 1.41923749423586 1.55744047509506 1.64604604966007 1.48414497426711 1.01369686704129 1.81469648540951 1.20659363642335 1.35726208495907 1.42784659960307 1.05922322859988 0.984168009832501 1.36875379970297 1.28418333269656 1.40541939996183 1.49300170456991 0.999179668258876 1.73177950060926 0 1.22466184687801 1.2286628044676
1.07282127579674 1.86555669712834 1.74917588452809 1.46773550426587 1.73574285651557 1.62509182351641 1.55813055718318 1.78537057200447 1.17701221001334 1.5375189203769 1.29474361310713 1.1653480285313 1.54329062206671 1.31918498920277 1.78137397300452 1.78158683911897 1.88487404561602 1.48828801466152 1.359025525162 1.90653216186911 1.46013284218498 1.89512323541567 1.80308217648417 1.00943436403759 1.4972261080984 1.19289608998224 1.6501853314694 1.22466184687801 0 1.58404969610274
1.43993707560003 1.72402113559656 1.26140412804671 1.29819133342244 1.22708679898642 1.67634799168445 1.47606257186271 1.87935967091471 1.14540806948207 1.34003565576859 1.58523246110417 1.4532427105587 1.20594977517612 1.79621650301851 1.57299394253641 1.71517037367448 1.10247852117755 1.68801087560132 0.961318170651793 1.40420004329644 1.92882831371389 1.37671492341906 1.13190362532623 1.4604146098718 1.51853902358562 1.71911394060589 1.90962632419541 1.2286628044676 1.58404969610274 0
