0 0.951743374345824 1.03266167151742 1.70708984299563 0.969587364466861 1.76084541063756 1.55391776771285 1.5431641258765 1.76373522658832 1.25357767171226 1.20915143354796 1.20693818712607 1.3400025672745 1.08913906337693 1.69555141753517 1.10607689851895 1.58668040344492 1.31896267971024 1.2878359714523 1.70404689991847 1.91874032327905 1.32256585010327 1.45638841157779 1.62076803203672 1.29702688357793 1.49330355226994 1.44527100282721 1.02149359160103 1.04437568527646 1.92003206117079
0.951743374345824 0 1.92120128078386 1.0158399832435 1.92133073881269 1.43177755177021 1.73834218410775 1.57537587173283 1.00404131109826 1.83477792376652 1.00422039115801 1.8619276874233 1.21540478034876 1.22825638763607 1.09262156579643 1.31747241388075 1.82311788178049 1.2751433274243 1.89618758950382 1.00392569019459 1.81100987968966 1.89619902847335 1.75080034649 1.53890492231585 1.85216627107002 1.4224306200631 1.4221985922195 1.49052020977251 1.16664321231656 1.90568511281163
1.03266167151742 1.92120128078386 0 1.06949805608019 1.61338941752911 1.41848939703777 1.21044750348665 1.19830991048366 1.58950035623275 1.50342753366567 1.68415684858337 1.40017497492954 1.71220305329189 1.05623837839812 1.62650547921658 1.77698746416718 1.23118215077557 1.23506148043089 1.10069446917623 1.22522318339907 1.76897562900558 1.28569656447507 1.5621316335164 1.00620840676129 1.00006750365719 1.72148850699887 1.02755133830942 1.73087454400957 1.72493863105774 1.24304336961359
1.70708984299563 1.0158399832435 1.06949805608019 0 1.56574304681271 1.24409013637342 1.20535062090494 1.31242583855055 1.00886384630576 1.51708010025322 1.46623635548167 1.85942458035424 1.63821638096124 1.06178305810317 1.29827267746441 1.9196561188437 1.59769475203939 1.64743804349564 1.82964741345495 1.05375341954641 0.961334525607526 1.744021194987 1.41383841587231 0.943092255154625 1.0718432450667 1.36950083519332 1.26410954329185 1.40669133234769 1.34513519052416 1.61512284050696
0.969587364466861 1.92133073881269 1.61338941752911 1.56574304681271 0 1.43560337740928 1.64144781744108 1.16192825045437 1.32748057460412 1.67627332988195 1.00383025314659 1.0956411769148 1.19855295331217 1.54889474762604 1.69245016784407 1.46882139798254 1.00132069922984 1.08052461501211 0.95885229180567 1.79995483253151 1.42147739441134 1.64798197359778 1.28673425456509 1.56782897980884 1.58356665121391 1.69338070671074 1.45933898421936 1.73325592302717 1.66148907830939 1.02172637521289
1.76084541063756 1.43177755177021 1.41848939703777 1.24409013637342 1.43560337740928 0 1.83054960728623 1.52443453902379 1.63769867969677 1.74541871459223 1.55934341321699 1.57515302137472 1.25770746893249 1.0536535831634 1.65255135996267 1.73622990143485 1.89117076783441 1.5490590876434 1.27811102173291 1.85703637520783 0.936899355147034 1.05998161085881 1.56262871134095 1.52224435145035 0.98497099080123 1.32591220736504 1.59491474344395 1.1202163125854 1.10945755895227 1.45832338463515
1.55391776771285 1.73834218410775 1.21044750348665 1.20535062090494 1.64144781744108 1.83054960728623 0 1.28913423162885 1.85618346976116 1.60524738486856 0.960491132922471 1.6115741149988 1.37238538614474 1.53360478510149 1.32826189068146 1.04350368212909 1.84685371280648 1.65196183486842 1.01557501847856 1.70600446825847 1.46194848022424 0.939545120345429 1.11400550138205 1.05164433084428 1.21163618657738 1.71677987440489 1.44127037678845 1.54595303768292 1.85613882006146 1.85740100336261
1.5431641258765 1.57537587173283 1.19830991048366 1.31242583855055 1.16192825045437 1.52443453902379 1.28913423162885 0 1.88785692653619 1.14325203490444 1.57113015768118 1.75162766524591 1.12411656789482 0.963944994146004 1.15134185366333 1.65750402980484 1.77633473649621 0.941470232792199 1.02779722237028 0.998451229417697 1.88631158391945 1.39636742789298 1.69126403983682 1.52498590876348 1.62677964381874 1.67729432368651 1.18757446203381 1.58508451096714 1.39788255025633 1.4821097413078
1.76373522658832 1.00404131109826 1.58950035623275 1.00886384630576 1.32748057460412 1.63769867969677 1.85618346976116 1.88785692653619 0 0.944289114093408 1.09910834510811 1.80923731648363 1.37906272476539 1.33773167501204 1.73629527492449 1.06332716485485 1.44668437005021 1.81367135955952 1.83879803144373 1.09220757102594 1.59326572273858 1.61379149323329 1.11488272692077 1.0173103583511 1.00323289539665 1.44857771275565 1.23726498079486 1.82802543323487 1.91777936578728 1.02882389444858
1.25357767171226 1.83477792376652 1.50342753366567 1.51708010025322 1.67627332988195 1.74541871459223 1.60524738486856 1.14325203490444 0.944289114093408 0 1.67376642883755 1.80402100039646 1.45027808845043 1.79877066449262 1.18743194872513 1.16125722858123 1.43050940823741 1.20701504847966 1.29715485917404 1.91286199470051 1.34241216699593 1.73985812743194 1.74613139149733 1.83924633427523 1.56168313906528 0.943903090199456 1.36320657120086 1.89670289773494 1.56180911022238 1.3587332344614
1.20915143354796 1.00422039115801 1.68415684858337 1.46623635548167 1.00383025314659 1.55934341321699 0.960491132922471 1.57113015768118 1.09910834510811 1.67376642883755 0 1.26667365897447 1.24750026105903 1.49190443241969 1.56864729942754 1.16071505146101 1.51802698802203 1.80096817878075 1.85490963375196 1.59357516514137 1.62093376787379 1.34869379317388 1.80808222061023 1.56468422268517 0.939598261611536 1.82431491021998 1.02726575615816 0.994796638377011 1.84784315014258 1.20784748252481
1.20693818712607 1.8619276874233 1.40017497492954 1.85942458035424 1.0956411769148 1.57515302137472 1.6115741149988 1.75162766524591 1.80923731648363 1.80402100039646 1.26667365897447 0 1.04985593142919 1.8734088295605 1.68632598174736 1.22863381542265 1.0270268896129 1.89546334068291 1.24565023533069 0.990792653756216 1.84655114240013 1.18925175000913 1.80684050684795 1.18677596095949 1.1856182529591 1.06304760463536 1.1550165922381 1.74880532594398 1.30921946349554 1.17891486082226
1.3400025672745 1.21540478034876 1.71220305329189 1.63821638096124 1.19855295331217 1.25770746893249 1.37238538614474 1.12411656789482 1.37906272476539 1.45027808845043 1.24750026105903 1.04985593142919 0 1.27539600594901 1.48618276370689 1.20023124292493 1.59161136113107 1.66242815041915 1.54261793615296 1.8779645555187 1.86900905845687 1.49929427681491 1.85852459119633 1.72763807559386 1.29647884098813 1.07880813675001 0.938953079050407 1.09717489243485 1.39987450721674 1.35502001876011
1.08913906337693 1.22825638763607 1.05623837839812 1.06178305810317 1.54889474762604 1.0536535831634 1.53360478510149 0.963944994146004 1.33773167501204 1.79877066449262 1.49190443241969 1.8734088295605 1.27539600594901 0 1.59227001899853 1.58178136800416 1.54180117859505 1.09376014908776 1.28271636669524 0.966233911924064 1.03137233946472 1.53315227618441 1.45960974507034 1.84288358618505 1.7389717514161 1.77143030823208 1.4247020885814 1.87612936808728 1.0293247459922 1.15184192266315
1.69555141753517 1.09262156579643 1.62650547921658 1.29827267746441 1.69245016784407 1.65255135996267 1.32826189068146 1.15134185366333 1.73629527492449 1.18743194872513 1.56864729942754 1.68632598174736 1.48618276370689 1.59227001899853 0 1.10815265402198 1.30257497145794 1.18718136590905 1.90573501377366 1.24256968009286 1.03843620605767 1.32821349287406 1.39563146629371 1.20564932189882 1.62994837667793 1.88241835613735 1.52309235162102 1.40422854758799 0.952383847441524 1.3366338587366
1.10607689851895 1.31747241388075 1.77698746416718 1.9196561188437 1.46882139798254 1.73622990143485 1.04350368212909 1.65750402980484 1.06332716485485 1.16125722858123 1.16071505146101 1.22863381542265 1.20023124292493 1.58178136800416 1.10815265402198 0 1.15999334049411 1.48437599907629 1.91982386214659 1.40337634296156 1.53626300557517 1.00009971181862 1.47345993574709 1.19163115113042 1.5829775549937 1.01802335283719 1.31949249957688 1.85722787422128 0.974603814538568 1.8651619607117
1.58668040344492 1.82311788178049 1.23118215077557 1.59769475203939 1.00132069922984 1.89117076783441 1.84685371280648 1.77633473649621 1.44668437005021 1.43050940823741 1.51802698802203 1.0270268896129 1.59161136113107 1.54180117859505 1.30257497145794 1.15999334049411 0 1.51578590273857 1.67783572548069 1.86486692400649 1.56705239368603 1.45886028674431 1.79385561821982 1.35506824078038 1.45818262547255 1.35015723388642 0.956870287889615 1.70362632558681 1.8364012457896 1.10296821780503
1.31896267971024 1.2751433274243 1.23506148043089 1.64743804349564 1.08052461501211 1.5490590876434 1.65196183486842 0.941470232792199 1.81367135955952 1.20701504847966 1.80096817878075 1.89546334068291 1.66242815041915 1.09376014908776 1.18718136590905 1.48437599907629 1.51578590273857 0 1.00159757677466 1.38236796553247 0.962272477801889 1.17968394584022 1.88137221056968 1.89111180300824 1.51347718387842 1.24369025672786 1.24156966130249 1.89160027354956 1.51304940669797 1.72182263876311
1.2878359714523 1.89618758950382 1.10069446917623 1.82964741345495 0.95885229180567 1.27811102173291 1.01557501847856 1.02779722237028 1.83879803144373 1.29715485917404 1.85490963375196 1.24565023533069 1.54261793615296 1.28271636669524 1.90573501377366 1.91982386214659 1.67783572548069 1.00159757677466 0 1.60639703972265 1.33946008351631 1.3461076032836 1.43110243533738 1.09355952008627 1.27161762071773 1.79510371177457 1.00007920502685 0.976019697496668 1.66175209707581 1.62099212198518
1.70404689991847 1.00392569019459 1.22522318339907 1.05375341954641 1.79995483253151 1.85703637520783 1.70600446825847 0.998451229417697 1.09220757102594 1.91286199470051 1.59357516514137 0.990792653756216 1.8779645555187 0.966233911924064 1.24256968009286 1.40337634296156 1.86486692400649 1.38236796553247 1.60639703972265 0 1.19446690590121 1.17126282141544 1.11791081307456 1.07862678100355 1.8616454238072 0.986960138194263 1.39741450198926 1.10867281607352 1.87343958741985 1.57329314760864
1.91874032327905 1.81100987968966 1.76897562900558 0.961334525607526 1.42147739441134 0.936899355147034 1.46194848022424 1.88631158391945 1.59326572273858 1.34241216699593 1.62093376787379 1.84655114240013 1.86900905845687 1.03137233946472 1.03843620605767 1.53626300557517 1.56705239368603 0.962272477801889 1.33946008351631 1.19446690590121 0 1.56375664449297 1.90759192383848 1.34782532206737 1.11626621545292 1.58912601647899 1.31594383926131 1.10985712939873 0.973972261417657 1.73215892259032
1.32256585010327 1.89619902847335 1.28569656447507 1.744021194987 1.64798197359778 1.05998161085881 0.939545120345429 1.39636742789298 1.61379149323329 1.73985812743194 1.34869379317388 1.18925175000913 1.49929427681491 1.53315227618441 1.32821349287406 1.00009971181862 1.45886028674431 1.17968394584022 1.3461076032836 1.17126282141544 1.56375664449297 0 1.8344889129512 1.79419825528748 1.79130887007341 1.17265313700773 1.48511629365385 1.73706746078096 1.64238039008342 1.25968738016672
1.45638841157779 1.75080034649 1.5621316335164 1.41383841587231 1.28673425456509 1.56262871134095 1.11400550138205 1.69126403983682 1.11488272692077 1.74613139149733 1.80808222061023 1.80684050684795 1.85852459119633 1.45960974507034 1.39563146629371 1.47345993574709 1.79385561821982 1.88137221056968 1.43110243533738 1.11791081307456 1.90759192383848 1.8344889129512 0 1.37546796211973 1.77710200962611 1.24072202155367 1.89572448749095 1.46639040741138 1.01760164927691 1.54341372684576
1.62076803203672 1.53890492231585 1.00620840676129 0.943092255154625 1.56782897980884 1.52224435145035 1.05164433084428 1.52498590876348 1.0173103583511 1.83924633427523 1.56468422268517 1.18677596095949 1.72763807559386 1.84288358618505 1.20564932189882 1.19163115113042 1.35506824078038 1.89111180300824 1.09355952008627 1.07862678100355 1.34782532206737 1.79419825528748 1.37546796211973 0 1.06441557803191 0.999497042503208 1.83405308471993 1.70167860528454 1.34574834047817 0.985910107847303
1.29702688357793 1.85216627107002 1.00006750365719 1.0718432450667 1.58356665121391 0.98497099080123 1.21163618657738 1.62677964381874 1.00323289539665 1.56168313906528 0.939598261611536 1.1856182529591 1.29647884098813 1.7389717514161 1.62994837667793 1.5829775549937 1.45818262547255 1.51347718387842 1.27161762071773 1.8616454238072 1.11626621545292 1.79130887007341 1.77710200962611 1.06441557803191 0 1.1116699159611 1.09083205484785 1.66658459883183 1.91699023218825 1.73191489721648
1.49330355226994 1.4224306200631 1.72148850699887 1.36950083519332 1.69338070671074 1.32591220736504 1.71677987440489 1.67729432368651 1.44857771275565 0.943903090199456 1.82431491021998 1.06304760463536 1.07880813675001 1.77143030823208 1.88241835613735 1.01802335283719 1.35015723388642 1.24369025672786 1.79510371177457 0.986960138194263 1.58912601647899 1.17265313700773 1.24072202155367 0.999497042503208 1.1116699159611 0 1.42704839701764 1.54012039676309 1.70166741148569 1.11204851185903
1.44527100282721 1.4221985922195 1.02755133830942 1.26410954329185 1.45933898421936 1.59491474344395 1.44127037678845 1.18757446203381 1.23726498079486 1.36320657120086 1.02726575615816 1.1550165922381 0.938953079050407 1.4247020885814 1.52309235162102 1.31949249957688 0.956870287889615 1.24156966130249 1.00007920502685 1.39741450198926 1.31594383926131 1.48511629365385 1.89572448749095 1.83405308471993 1.09083205484785 1.42704839701764 0 1.23836151463911 1.46803226671182 1.70364268799312
1.02149359160103 1.49052020977251 1.73087454400957 1.40669133234769 1.73325592302717 1.1202163125854 1.54595303768292 1.58508451096714 1.82802543323487 1.89670289773494 0.994796638377011 1.74880532594398 1.09717489243485 1.87612936808728 1.40422854758799 1.85722787422128 1.70362632558681 1.89160027354956 0.976019697496668 1.10867281607352 1.10985712939873 1.73706746078096 1.46639040741138 1.70167860528454 1.66658459883183 1.54012039676309 1.23836151463911 0 1.55139318597503 1.79089272534475
1.04437568527646 1.16664321231656 1.72493863105774 1.34513519052416 1.66148907830939 1.10945755895227 1.85613882006146 1.39788255025633 1.91777936578728 1.56180911022238 1.84784315014258 1.30921946349554 1.39987450721674 1.0293247459922 0.952383847441524 0.974603814538568 1.8364012457896 1.51304940669797 1.66175209707581 1.87343958741985 0.973972261417657 1.64238039008342 1.01760164927691 1.34574834047817 1.91699023218825 1.70166741148569 1.46803226671182 1.55139318597503 0 1.7084058735054
1.92003206117079 1.90568511281163 1.24304336961359 1.61512284050696 1.02172637521289 1.45832338463515 1.85740100336261 1.4821097413078 1.02882389444858 1.3587332344614 1.20784748252481 1.17891486082226 1.35502001876011 1.15184192266315 1.3366338587366 1.8651619607117 1.10296821780503 1.72182263876311 1.62099212198518 1.57329314760864 1.73215892259032 1.25968738016672 1.54341372684576 0.985910107847303 1.73191489721648 1.11204851185903 1.70364268799312 1.79089272534475 1.7084058735054 0
