0 1.17859473777935 1.09234740817919 1.3385410932824 1.37297682766803 1.62034855480306 1.11476563662291 1.82171741267666 1.17976646497846 1.69708975567482 0.994664530502632 1.33683066745289 1.69992725015618 1.69260533340275 0.934003716334701 0.924342188052833 1.45553344371729 1.32362172752619 1.70859957416542 1.80979816522449 1.16612809966318 1.84135146276094 1.8554047185462 1.23765070131049 0.968562697758898 1.4037903342396 1.29576872242615 1.12756431475282 1.6950186311733 1.47792192874476
1.17859473777935 0 1.27170401997864 1.32247797842138 1.38978054840118 1.34581338311546 1.324729480315 1.31207519653253 1.54875487601385 1.87025306746364 0.948190169874579 1.06662096525542 1.40888399258256 1.59534994838759 1.35238235304132 1.30310327582993 1.03626011265442 1.58028833800927 1.0381995565258 1.66217585164122 1.60443270509131 1.09085233532824 1.71258761943318 1.27114540338516 1.82888899394311 1.74205284193158 1.14039086666889 1.53211062517948 1.14971510297619 1.89766693511046
1.09234740817919 1.27170401997864 0 0.972622955916449 1.72208385937847 1.50512667931616 1.24743575532921 1.75075771519914 1.82771963113919 1.42344801337458 1.34675531438552 1.41731258668005 1.66734867566265 1.31458094110712 1.34580228221603 1.38142125308514 1.38748779473826 1.01876810961403 1.08256784500554 1.82502297847532 1.62579955230467 1.29308393388055 1.40806083544157 1.37232192629017 1.7215076808352 1.09576286259107 1.16653174557723 0.914486031280831 1.21155890729278 1.07167057925835
1.3385410932824 1.32247797842138 0.972622955916449 0 1.15920047159307 1.10652547352947 1.62196997227147 1.56667759874836 0.966599255101755 0.978983988752589 0.925583050353453 1.77163439197466 1.14254901395179 1.7264111735858 1.3616138775833 1.43605386093259 1.74889883771539 1.45069415611215 1.88475682842545 1.18350794259459 1.66828035423532 1.24250193382613 1.84962533297949 1.13887091982178 0.9503091245424 1.41762536764145 1.17025344469585 1.84699730947614 1.61732922773808 1.37912099109963
1.37297682766803 1.38978054840118 1.72208385937847 1.15920047159307 0 1.40351119753905 1.68308342271484 1.34955416992307 1.14969310467131 1.74976821243763 1.13628997677006 1.6418414011132 1.78103339718655 1.07745313667692 1.39228653372265 1.51528382441029 1.10859674867243 1.30329175619408 1.08587975753471 0.96278575132601 1.58540676883422 1.53520918288268 1.02219094987959 1.52356596221216 1.54170178249478 1.65538356942125 1.09741570148617 1.86547243013047 1.48015627427958 1.40677728946321
1.62034855480306 1.34581338311546 1.50512667931616 1.10652547352947 1.40351119753905 0 1.07669289875776 0.942779388045892 1.70240168832242 1.47875099349767 1.64278491702862 1.52737634396181 1.0432479865849 1.20677723176777 1.77167915855534 1.73012482491322 1.74513193150051 1.77800834435038 0.964355351170525 1.05295013845898 0.905185951152816 1.7272577076219 1.16159522160888 1.11889572557993 1.4503528047353 1.01080559985712 1.00871295831166 1.6391339530237 1.32489269366488 1.1444166614674
1.11476563662291 1.324729480315 1.24743575532921 1.62196997227147 1.68308342271484 1.07669289875776 0 1.88719325931743 1.2501357041765 1.18272893386893 1.58257496147417 0.965374101651832 1.71841011033393 1.83992369379848 0.942311772378162 1.84246425447054 1.5206389836967 1.59870310942642 0.960768229095265 1.374866142869 1.16815876495093 1.82138552097604 1.55141460197046 1.14538888842799 1.30627695540898 1.04214106872678 1.40178775158711 1.66705555189401 1.14231593394652 0.954216982470825
1.82171741267666 1.31207519653253 1.75075771519914 1.56667759874836 1.34955416992307 0.942779388045892 1.88719325931743 0 1.30222460068762 1.39224855811335 1.26963720610365 1.27150704036467 1.03257492906414 1.12496191775426 1.18564023566432 1.38091389113106 1.85627612285316 1.47081612679176 1.71861742157489 1.89499796042219 1.37362475832924 0.984644145937636 1.65372325619683 0.972698972560465 1.79190443363041 1.72439588024281 1.66398774273694 1.14678109693341 1.48834567330778 1.27479394595139
1.17976646497846 1.54875487601385 1.82771963113919 0.966599255101755 1.14969310467131 1.70240168832242 1.2501357041765 1.30222460068762 0 1.17456335527822 1.06701713707298 1.52961352933198 1.82296485872939 1.50693020434119 1.13362351176329 1.75482257013209 1.28075835411437 1.35778040881269 1.52184471860528 1.12599506042898 1.37551982235163 1.57303252094425 1.74487209157087 1.19166728062555 0.998094116104767 1.17329764133319 1.23404393484816 0.913233599858359 1.35041830595583 1.89400636963546
1.69708975567482 1.87025306746364 1.42344801337458 0.978983988752589 1.74976821243763 1.47875099349767 1.18272893386893 1.39224855811335 1.17456335527822 0 0.93939074780792 1.24963539256714 1.58790975133888 1.10990445152856 1.88480627513491 1.55981826037169 1.21209678146988 1.46247981954366 1.53935060044751 1.44590961025096 1.50577986938879 1.74351695575751 1.74345604563132 1.6155158453621 1.20933180814609 0.941951384302229 1.44268135447055 1.03842325764708 0.955239160219207 1.82823533401825
0.994664530502632 0.948190169874579 1.34675531438552 0.925583050353453 1.13628997677006 1.64278491702862 1.58257496147417 1.26963720610365 1.06701713707298 0.93939074780792 0 1.88217132189311 1.5197266752366 1.74615764780901 1.74030810967088 1.75257946597412 1.02938074967824 1.3488752078265 1.0516821523197 1.31490607280284 0.911601855419576 1.18600296834484 1.20449512870982 1.38858126942068 1.84724978171289 1.44248048448935 1.63891359814443 1.25441883364692 1.54355502082035 1.74572175368667
1.33683066745289 1.06662096525542 1.41731258668005 1.77163439197466 1.6418414011132 1.52737634396181 0.965374101651832 1.27150704036467 1.52961352933198 1.24963539256714 1.88217132189311 0 1.18535274197347 1.55507573136128 1.77691385871731 1.26174261397682 1.65476845880039 1.56305708852597 0.992642931872979 1.21136501478031 1.74805167876184 1.85703694238327 1.17310070153326 1.49787328462116 1.14762357180007 1.40096532460302 1.46744792954996 1.57377466652542 1.30719028506428 1.08711850829422
1.69992725015618 1.40888399258256 1.66734867566265 1.14254901395179 1.78103339718655 1.0432479865849 1.71841011033393 1.03257492906414 1.82296485872939 1.58790975133888 1.5197266752366 1.18535274197347 0 1.8726680513937 1.22545306524262 1.63765402976424 1.37473705271259 1.26535871997476 1.29454329633154 0.988563543884084 0.994621612830088 1.1133305458352 1.08012142381631 1.87853274215013 0.984403186012059 1.45393981435336 1.64708707318641 1.03031951677985 1.85656401794404 1.33418769482523
1.69260533340275 1.59534994838759 1.31458094110712 1.7264111735858 1.07745313667692 1.20677723176777 1.83992369379848 1.12496191775426 1.50693020434119 1.10990445152856 1.74615764780901 1.55507573136128 1.8726680513937 0 1.52073729434051 0.950045645236969 1.47752349358052 1.86401680880226 1.84202925185673 0.948154245968908 1.85932144802064 1.66562189301476 1.22409028466791 0.950508660404012 1.52911606919952 1.53861765470356 1.53103970899247 1.09248152165674 1.07984626013786 1.29637991497293
0.934003716334701 1.35238235304132 1.34580228221603 1.3616138775833 1.39228653372265 1.77167915855534 0.942311772378162 1.18564023566432 1.13362351176329 1.88480627513491 1.74030810967088 1.77691385871731 1.22545306524262 1.52073729434051 0 1.26194844488055 1.57083256682381 1.45409929123707 1.20248095178977 1.52380933333188 1.46928788046353 1.40132076852024 1.55868802894838 1.4368410599418 1.62891531200148 1.27689148485661 1.0119979144074 0.934191080508754 1.3652880419977 1.42497064149939
0.924342188052833 1.30310327582993 1.38142125308514 1.43605386093259 1.51528382441029 1.73012482491322 1.84246425447054 1.38091389113106 1.75482257013209 1.55981826037169 1.75257946597412 1.26174261397682 1.63765402976424 0.950045645236969 1.26194844488055 0 0.940052362158895 1.20818258589134 1.30153572396375 1.6810816519428 1.5598559374921 1.5088341825176 1.37267721234821 1.3267599218525 1.13485452113673 1.89555147360079 1.88250334863551 1.64027983043343 1.6519609731622 1.89545982773416
1.45553344371729 1.03626011265442 1.38748779473826 1.74889883771539 1.10859674867243 1.74513193150051 1.5206389836967 1.85627612285316 1.28075835411437 1.21209678146988 1.02938074967824 1.65476845880039 1.37473705271259 1.47752349358052 1.57083256682381 0.940052362158895 0 1.30340807791799 1.82135883159935 1.35818502889015 1.88317110179923 1.26906492328271 1.41513304412365 1.01750984648243 1.29298105929047 1.35731484764256 1.65875289146788 1.6580602331087 1.52681131334975 1.56243925262243
1.32362172752619 1.58028833800927 1.01876810961403 1.45069415611215 1.30329175619408 1.77800834435038 1.59870310942642 1.47081612679176 1.35778040881269 1.46247981954366 1.3488752078265 1.56305708852597 1.26535871997476 1.86401680880226 1.45409929123707 1.20818258589134 1.30340807791799 0 1.78908062982373 1.31614888831973 0.927458874648437 1.7243682956323 1.15824008500203 1.7416599530261 1.52597255632281 1.44773368840106 0.967381503432989 1.53931939671747 0.934353272663429 1.24237311817706
1.70859957416542 1.0381995565258 1.08256784500554 1.88475682842545 1.08587975753471 0.964355351170525 0.960768229095265 1.71861742157489 1.52184471860528 1.53935060044751 1.0516821523197 0.992642931872979 1.29454329633154 1.84202925185673 1.20248095178977 1.30153572396375 1.82135883159935 1.78908062982373 0 1.19142593163997 1.23322113323957 1.79492583521642 1.11144417594187 1.10977751738392 1.19031280395575 1.11747261881828 1.15612987568602 1.87960218125954 1.2800986901857 1.55918184528127
1.80979816522449 1.66217585164122 1.82502297847532 1.18350794259459 0.96278575132601 1.05295013845898 1.374866142869 1.89499796042219 1.12599506042898 1.44590961025096 1.31490607280284 1.21136501478031 0.988563543884084 0.948154245968908 1.52380933333188 1.6810816519428 1.35818502889015 1.31614888831973 1.19142593163997 0 1.71630607102998 0.975735001266003 1.22239147149958 1.82590342010371 1.86252390220761 1.50611047912389 1.26916569191962 1.13923526415601 1.5485512430314 1.3763337188866
1.16612809966318 1.60443270509131 1.62579955230467 1.66828035423532 1.58540676883422 0.905185951152816 1.16815876495093 1.37362475832924 1.37551982235163 1.50577986938879 0.911601855419576 1.74805167876184 0.994621612830088 1.85932144802064 1.46928788046353 1.5598559374921 1.88317110179923 0.927458874648437 1.23322113323957 1.71630607102998 0 1.59064903273247 1.53264803276397 1.50873131467961 1.68797314912081 1.51449452433735 1.63153337524273 1.50853060442023 1.09386148699559 1.24704015417956
1.84135146276094 1.09085233532824 1.29308393388055 1.24250193382613 1.53520918288268 1.7272577076219 1.82138552097604 0.984644145937636 1.57303252094425 1.74351695575751 1.18600296834484 1.85703694238327 1.1133305458352 1.66562189301476 1.40132076852024 1.5088341825176 1.26906492328271 1.7243682956323 1.79492583521642 0.975735001266003 1.59064903273247 0 1.3301870028954 1.63290761015378 1.62080331845209 1.52101478213444 1.21604197006673 1.89181670825928 1.0080582681112 1.16777287446894
1.8554047185462 1.71258761943318 1.40806083544157 1.84962533297949 1.02219094987959 1.16159522160888 1.55141460197046 1.65372325619683 1.74487209157087 1.74345604563132 1.20449512870982 1.17310070153326 1.08012142381631 1.22409028466791 1.55868802894838 1.37267721234821 1.41513304412365 1.15824008500203 1.11144417594187 1.22239147149958 1.53264803276397 1.3301870028954 0 1.71426147338934 1.45638448838145 1.01936729159206 1.87162054516375 1.43326857406646 1.49274895503186 1.66856850148179
1.23765070131049 1.27114540338516 1.37232192629017 1.13887091982178 1.52356596221216 1.11889572557993 1.14538888842799 0.972698972560465 1.19166728062555 1.6155158453621 1.38858126942068 1.49787328462116 1.87853274215013 0.950508660404012 1.4368410599418 1.3267599218525 1.01750984648243 1.7416599530261 1.10977751738392 1.82590342010371 1.50873131467961 1.63290761015378 1.71426147338934 0 1.38912820885889 1.15223967959173 1.60053939069621 1.32113879686221 1.0815427354537 1.61737132119015
0.968562697758898 1.82888899394311 1.7215076808352 0.9503091245424 1.54170178249478 1.4503528047353 1.30627695540898 1.79190443363041 0.998094116104767 1.20933180814609 1.84724978171289 1.14762357180007 0.984403186012059 1.52911606919952 1.62891531200148 1.13485452113673 1.29298105929047 1.52597255632281 1.19031280395575 1.86252390220761 1.68797314912081 1.62080331845209 1.45638448838145 1.38912820885889 0 1.43234536075033 1.36621730332263 1.3438151741866 1.12025429471396 1.77009613439441
1.4037903342396 1.74205284193158 1.09576286259107 1.41762536764145 1.65538356942125 1.01080559985712 1.04214106872678 1.72439588024281 1.17329764133319 0.941951384302229 1.44248048448935 1.40096532460302 1.45393981435336 1.53861765470356 1.27689148485661 1.89555147360079 1.35731484764256 1.44773368840106 1.11747261881828 1.50611047912389 1.51449452433735 1.52101478213444 1.01936729159206 1.15223967959173 1.43234536075033 0 1.80902944714762 1.05623312084936 1.00573445577174 1.59113306668587
1.29576872242615 1.14039086666889 1.16653174557723 1.17025344469585 1.09741570148617 1.00871295831166 1.40178775158711 1.66398774273694 1.23404393484816 1.44268135447055 1.63891359814443 1.46744792954996 1.64708707318641 1.53103970899247 1.0119979144074 1.88250334863551 1.65875289146788 0.967381503432989 1.15612987568602 1.26916569191962 1.63153337524273 1.21604197006673 1.87162054516375 1.60053939069621 1.36621730332263 1.80902944714762 0 1.45873240404762 0.911151392851025 1.15595676703379
1.12756431475282 1.53211062517948 0.914486031280831 1.84699730947614 1.86547243013047 1.6391339530237 1.66705555189401 1.14678109693341 0.913233599858359 1.03842325764708 1.25441883364692 1.57377466652542 1.03031951677985 1.09248152165674 0.934191080508754 1.64027983043343 1.6580602331087 1.53931939671747 1.87960218125954 1.13923526415601 1.50853060442023 1.89181670825928 1.43326857406646 1.32113879686221 1.3438151741866 1.05623312084936 1.45873240404762 0 1.33652453799732 1.05600426276214
1.6950186311733 1.14971510297619 1.21155890729278 1.61732922773808 1.48015627427958 1.32489269366488 1.14231593394652 1.48834567330778 1.35041830595583 0.955239160219207 1.54355502082035 1.30719028506428 1.85656401794404 1.07984626013786 1.3652880419977 1.6519609731622 1.52681131334975 0.934353272663429 1.2800986901857 1.5485512430314 1.09386148699559 1.0080582681112 1.49274895503186 1.0815427354537 1.12025429471396 1.00573445577174 0.911151392851025 1.33652453799732 0 1.38319712760858
1.47792192874476 1.89766693511046 1.07167057925835 1.37912099109963 1.40677728946321 1.1444166614674 0.954216982470825 1.27479394595139 1.89400636963546 1.82823533401825 1.74572175368667 1.08711850829422 1.33418769482523 1.29637991497293 1.42497064149939 1.89545982773416 1.56243925262243 1.24237311817706 1.55918184528127 1.3763337188866 1.24704015417956 1.16777287446894 1.66856850148179 1.61737132119015 1.77009613439441 1.59113306668587 1.15595676703379 1.05600426276214 1.38319712760858 0
