0 1.62864995282143 0.98457564576529 1.57820782577619 1.07996934931725 1.64792582578957 1.59599608974531 1.66961840796284 0.964755417080596 1.24192637926899 1.77943429397419 1.10902708792128 1.42747602704912 1.61885093315504 1.06289195618592 1.32198379002512 1.90429768478498 1.92761566257104 1.61890036822297 1.85932063288055 1.17952489713207 1.53557305643335 1.73463602084666 1.70029312325642 1.40489212889224 1.55465369508602 1.29253599280491 1.18471858976409 1.11543773207814 1.86548000900075
1.62864995282143 0 1.59848552849144 1.69151583639905 1.78704764787108 1.08976518944837 1.93927456531674 1.71672314987518 1.12641602265649 1.18390479241498 0.970752036897466 1.26992200082168 1.9354307318572 1.53134880913422 0.996549914591014 1.19417313532904 1.13790415739641 1.533362072194 1.26173420320265 1.21023029228672 1.39573447080329 1.15939810452983 0.965948060620576 1.33677637716755 1.0776653715875 1.59629916097037 1.19582322146744 1.27946676546708 1.79739905241877 1.42622733395547
0.98457564576529 1.59848552849144 0 1.23581899097189 1.80742571107112 1.84468797710724 1.55183400027454 1.15543105709367 1.39133944199421 1.58777698478661 1.66682277456857 1.31241140142083 1.91582562797703 1.25602068449371 0.997378898318857 1.93053115485236 1.90540027618408 1.22207908611745 1.92374061536975 1.58275838405825 1.83344108960591 1.21519019058906 1.01398054137826 1.58007860928774 1.39704361744225 1.33300795452669 1.58454016107135 1.89033653400838 1.24786579865031 1.26272431039251
1.57820782577619 1.69151583639905 1.23581899097189 0 1.14468097803183 1.6565148413647 1.12089544115588 1.52832372905686 1.56516959168948 1.5710338675417 1.19364395341836 1.57069680443965 1.22702141851187 1.23011725139804 1.12235576962121 1.03979323920794 1.24972795741633 1.30555890849791 0.98992404085584 1.80347195733339 1.04745313338935 1.45255128620192 1.26564893661998 1.3825497480575 1.80292224814184 1.25592027977109 0.995776048628613 1.93966639670543 1.35819100332446 1.66619722824544
1.07996934931725 1.78704764787108 1.80742571107112 1.14468097803183 0 1.40683181281202 1.95257299765944 1.19307210040279 1.92036283458583 1.34189248410985 1.64787549083121 1.06954810302705 1.16984611540101 1.39254305022769 1.39958620117977 1.818838018924 1.57803969527595 1.72298915544525 1.41370066232048 1.37274067755789 1.96347964461893 1.7184554268606 1.17999569419771 1.30591333564371 1.34952999511734 1.46273101354018 1.10050315479748 1.66521947993897 1.27462410577573 0.986161401960999
1.64792582578957 1.08976518944837 1.84468797710724 1.6565148413647 1.40683181281202 0 1.40297417878173 1.09816364315338 0.99133858224377 1.29604229610413 0.988112577237189 1.49129946436733 1.40871369931847 1.55801268783398 1.1208859870676 1.86209160927683 0.986883743898943 0.967579852091148 1.87689055758528 1.8571234990377 1.41261533414945 1.44780285935849 1.15551496460102 1.91958171711303 1.73621003190055 1.38030882412568 1.69427491538227 1.3579736831598 1.91186566231772 1.00588557566516
1.59599608974531 1.93927456531674 1.55183400027454 1.12089544115588 1.95257299765944 1.40297417878173 0 1.70246031833813 1.1261389462743 1.48467302322388 1.30136487679556 1.03475764603354 1.60509217367508 1.93720073555596 1.4493358230684 1.81111735198647 0.994825172005221 1.72237407695502 1.7010801769793 0.972697658231482 1.18472015112638 1.77110914536752 1.18566576344892 1.25059942016378 0.981550615048036 1.07460489752702 1.7606089701876 1.49690662650391 1.19620654126629 1.148504009936
1.66961840796284 1.71672314987518 1.15543105709367 1.52832372905686 1.19307210040279 1.09816364315338 1.70246031833813 0 1.88987667765468 1.85289163258858 1.25228945119306 1.20603694138117 1.92639348749071 1.75384262087755 1.43366593308747 1.08787913178094 1.02542823925614 1.23831798741594 1.65388726326637 1.39675010414794 1.70375868491828 1.01412745169364 1.93459265376441 1.52451137523167 1.00428932299837 1.59507483080961 1.06613599625416 1.85591657576151 1.12564100557938 1.20126589504071
0.964755417080596 1.12641602265649 1.39133944199421 1.56516959168948 1.92036283458583 0.99133858224377 1.1261389462743 1.88987667765468 0 1.71194878686219 1.18775455863215 1.85486609092914 1.91580558824353 1.39913550810888 1.51659751636907 1.642836650135 1.74851850047708 1.39342538220808 1.52405251259916 1.88299966813065 1.79839123273268 1.8286907589063 1.62487599090673 1.36670451052487 1.48750099423341 1.76946471747942 1.25599806429818 1.49059383687563 1.87700973288156 1.82886176276952
1.24192637926899 1.18390479241498 1.58777698478661 1.5710338675417 1.34189248410985 1.29604229610413 1.48467302322388 1.85289163258858 1.71194878686219 0 1.96216646023095 1.3018507163506 0.96652653766796 1.04548626206815 1.49997443147004 1.69386944943108 1.07891663815826 1.84003877290525 1.56294340337627 1.89139667153358 1.72434508102015 1.12141821905971 1.46492828684859 1.81912178639323 1.28639545291662 1.12126802187413 1.73824586137198 0.994051574962214 1.21762793674134 1.08983708010055
1.77943429397419 0.970752036897466 1.66682277456857 1.19364395341836 1.64787549083121 0.988112577237189 1.30136487679556 1.25228945119306 1.18775455863215 1.96216646023095 0 1.04434920428321 1.49751931382343 1.87139989505522 1.71048767818138 1.93916948931292 1.39948159991764 1.95569242932834 1.95558973262087 1.92528653983027 1.57217478286475 1.9619640938472 1.85136300255544 1.2760602994822 1.90321153192781 1.19325783872046 1.18365645781159 1.83040879340842 1.84813173860312 1.50808214768767
1.10902708792128 1.26992200082168 1.31241140142083 1.57069680443965 1.06954810302705 1.49129946436733 1.03475764603354 1.20603694138117 1.85486609092914 1.3018507163506 1.04434920428321 0 1.84341474506073 1.96095700282604 1.30198345938697 1.86027783621103 1.30803269380704 1.84158521844074 1.35092245927081 1.65644526854157 1.35830731643364 1.05416859243996 1.87699683522806 1.45391180878505 1.7783097231295 1.49418492685072 1.9207709771581 1.3156476658769 1.72193429456092 1.68864944693632
1.42747602704912 1.9354307318572 1.91582562797703 1.22702141851187 1.16984611540101 1.40871369931847 1.60509217367508 1.92639348749071 1.91580558824353 0.96652653766796 1.49751931382343 1.84341474506073 0 1.47218805458397 1.33854508236982 1.6232700641267 1.29209295799956 1.11868782830425 1.76235836534761 1.72384725953452 1.00774023658596 1.82872791471891 1.88108833646402 1.22610463481396 1.11013090610504 1.23847620910965 1.61833315715194 1.28715066425502 1.75576872890815 1.95104363677092
1.61885093315504 1.53134880913422 1.25602068449371 1.23011725139804 1.39254305022769 1.55801268783398 1.93720073555596 1.75384262087755 1.39913550810888 1.04548626206815 1.87139989505522 1.96095700282604 1.47218805458397 0 1.31725380429998 1.50205362564884 0.993516174843535 1.21020898898132 1.32112703821622 1.28582691051997 1.05773768317886 1.10047845402732 1.84810067084618 1.65849323756993 1.1818152605556 1.52129800640978 1.26108293933794 1.84630067809485 1.0139327282086 1.48179693240672
1.06289195618592 0.996549914591014 0.997378898318857 1.12235576962121 1.39958620117977 1.1208859870676 1.4493358230684 1.43366593308747 1.51659751636907 1.49997443147004 1.71048767818138 1.30198345938697 1.33854508236982 1.31725380429998 0 1.77320088073611 1.84935307782143 1.04100284096785 1.61062331288122 1.4508955932688 1.63777779042721 1.12249626033008 1.1728002296295 0.991063212277368 1.44340698653832 1.65046258387156 0.979832903947681 1.33094647387043 1.96391507377848 1.01826355536468
1.32198379002512 1.19417313532904 1.93053115485236 1.03979323920794 1.818838018924 1.86209160927683 1.81111735198647 1.08787913178094 1.642836650135 1.69386944943108 1.93916948931292 1.86027783621103 1.6232700641267 1.50205362564884 1.77320088073611 0 1.81116623315029 1.60300162970088 1.19176210742444 1.06905040564016 1.24081701040268 1.66363705229014 1.64264074969105 1.18276534276083 1.65129046561196 1.76442735013552 1.38575109699741 1.72203117562458 1.87697451328859 1.64275177521631
1.90429768478498 1.13790415739641 1.90540027618408 1.24972795741633 1.57803969527595 0.986883743898943 0.994825172005221 1.02542823925614 1.74851850047708 1.07891663815826 1.39948159991764 1.30803269380704 1.29209295799956 0.993516174843535 1.84935307782143 1.81116623315029 0 1.82559603243135 1.15852429717779 1.84314659330994 1.44562171516009 1.23279878660105 1.1147340927273 1.09665494970977 1.83342640497722 1.36915230448358 1.76039437600411 1.75014679692686 1.15975899458863 1.82357778167352
1.92761566257104 1.533362072194 1.22207908611745 1.30555890849791 1.72298915544525 0.967579852091148 1.72237407695502 1.23831798741594 1.39342538220808 1.84003877290525 1.95569242932834 1.84158521844074 1.11868782830425 1.21020898898132 1.04100284096785 1.60300162970088 1.82559603243135 0 1.323040319141 1.10422609467059 1.31433799746446 1.01672934670933 1.09677739883773 1.21487795282155 1.10722199128941 1.17803879501298 1.62184206885286 1.3839791121427 1.02625435264781 1.3426316480618
1.61890036822297 1.26173420320265 1.92374061536975 0.98992404085584 1.41370066232048 1.87689055758528 1.7010801769793 1.65388726326637 1.52405251259916 1.56294340337627 1.95558973262087 1.35092245927081 1.76235836534761 1.32112703821622 1.61062331288122 1.19176210742444 1.15852429717779 1.323040319141 0 1.76973475841805 1.82083131023683 1.8754658952821 0.99522658274509 1.32999683730304 1.9018738034647 1.29948979383335 1.55653574224561 1.54683630494401 1.1998985784594 1.09634744306095
1.85932063288055 1.21023029228672 1.58275838405825 1.80347195733339 1.37274067755789 1.8571234990377 0.972697658231482 1.39675010414794 1.88299966813065 1.89139667153358 1.92528653983027 1.65644526854157 1.72384725953452 1.28582691051997 1.4508955932688 1.06905040564016 1.84314659330994 1.10422609467059 1.76973475841805 0 1.27306119468994 1.06812339043245 1.80204027052969 1.70623286929913 1.15651213354431 1.14745133602992 1.9243479911238 1.8122748110909 1.3152085354086 1.41646117647178
1.17952489713207 1.39573447080329 1.83344108960591 1.04745313338935 1.96347964461893 1.41261533414945 1.18472015112638 1.70375868491828 1.79839123273268 1.72434508102015 1.57217478286475 1.35830731643364 1.00774023658596 1.05773768317886 1.63777779042721 1.24081701040268 1.44562171516009 1.31433799746446 1.82083131023683 1.27306119468994 0 1.55548903206363 1.61764960107394 1.5099263661541 1.06878361664712 1.91361725353636 1.50254484219477 1.48525213077664 1.50163814681582 1.79561716201715
1.53557305643335 1.15939810452983 1.21519019058906 1.45255128620192 1.7184554268606 1.44780285935849 1.77110914536752 1.01412745169364 1.8286907589063 1.12141821905971 1.9619640938472 1.05416859243996 1.82872791471891 1.10047845402732 1.12249626033008 1.66363705229014 1.23279878660105 1.01672934670933 1.8754658952821 1.06812339043245 1.55548903206363 0 1.92952752346173 1.8627650376875 1.08141502388753 1.40349548007362 1.31546588195488 1.85674319253303 1.4506544333417 0.972076119622216
1.73463602084666 0.965948060620576 1.01398054137826 1.26564893661998 1.17999569419771 1.15551496460102 1.18566576344892 1.93459265376441 1.62487599090673 1.46492828684859 1.85136300255544 1.87699683522806 1.88108833646402 1.84810067084618 1.1728002296295 1.64264074969105 1.1147340927273 1.09677739883773 0.99522658274509 1.80204027052969 1.61764960107394 1.92952752346173 0 1.61394083243795 1.66574594075792 1.47662019170821 1.82222169428132 1.12907986110076 1.54338100273162 1.46744157467037
1.70029312325642 1.33677637716755 1.58007860928774 1.3825497480575 1.30591333564371 1.91958171711303 1.25059942016378 1.52451137523167 1.36670451052487 1.81912178639323 1.2760602994822 1.45391180878505 1.22610463481396 1.65849323756993 0.991063212277368 1.18276534276083 1.09665494970977 1.21487795282155 1.32999683730304 1.70623286929913 1.5099263661541 1.8627650376875 1.61394083243795 0 1.40827867900953 1.10658204834908 1.16742562921718 1.6761805168353 1.02461359859444 1.84934504656121
1.40489212889224 1.0776653715875 1.39704361744225 1.80292224814184 1.34952999511734 1.73621003190055 0.981550615048036 1.00428932299837 1.48750099423341 1.28639545291662 1.90321153192781 1.7783097231295 1.11013090610504 1.1818152605556 1.44340698653832 1.65129046561196 1.83342640497722 1.10722199128941 1.9018738034647 1.15651213354431 1.06878361664712 1.08141502388753 1.66574594075792 1.40827867900953 0 1.44953428721055 1.77398505550809 1.76875318749808 1.57187994942069 1.05328077101149
1.55465369508602 1.59629916097037 1.33300795452669 1.25592027977109 1.46273101354018 1.38030882412568 1.07460489752702 1.59507483080961 1.76946471747942 1.12126802187413 1.19325783872046 1.49418492685072 1.23847620910965 1.52129800640978 1.65046258387156 1.76442735013552 1.36915230448358 1.17803879501298 1.29948979383335 1.14745133602992 1.91361725353636 1.40349548007362 1.47662019170821 1.10658204834908 1.44953428721055 0 1.48734417557716 1.67986123124138 1.67535235406831 1.44848247501068
1.29253599280491 1.19582322146744 1.58454016107135 0.995776048628613 1.10050315479748 1.69427491538227 1.7606089701876 1.06613599625416 1.25599806429818 1.73824586137198 1.18365645781159 1.9207709771581 1.61833315715194 1.26108293933794 0.979832903947681 1.38575109699741 1.76039437600411 1.62184206885286 1.55653574224561 1.9243479911238 1.50254484219477 1.31546588195488 1.82222169428132 1.16742562921718 1.77398505550809 1.48734417557716 0 1.10838417871855 1.05801259656437 1.84569199290127
1.18471858976409 1.27946676546708 1.89033653400838 1.93966639670543 1.66521947993897 1.3579736831598 1.49690662650391 1.85591657576151 1.49059383687563 0.994051574962214 1.83040879340842 1.3156476658769 1.28715066425502 1.84630067809485 1.33094647387043 1.72203117562458 1.75014679692686 1.3839791121427 1.54683630494401 1.8122748110909 1.48525213077664 1.85674319253303 1.12907986110076 1.6761805168353 1.76875318749808 1.67986123124138 1.10838417871855 0 0.985014634439722 1.71532900887541
1.11543773207814 1.79739905241877 1.24786579865031 1.35819100332446 1.27462410577573 1.91186566231772 1.19620654126629 1.12564100557938 1.87700973288156 1.21762793674134 1.84813173860312 1.72193429456092 1.75576872890815 1.0139327282086 1.96391507377848 1.87697451328859 1.15975899458863 1.02625435264781 1.1998985784594 1.3152085354086 1.50163814681582 1.4506544333417 1.54338100273162 1.02461359859444 1.57187994942069 1.67535235406831 1.05801259656437 0.985014634439722 0 1.80003237375058
1.86548000900075 1.42622733395547 1.26272431039251 1.66619722824544 0.986161401960999 1.00588557566516 1.148504009936 1.20126589504071 1.82886176276952 1.08983708010055 1.50808214768767 1.68864944693632 1.95104363677092 1.48179693240672 1.01826355536468 1.64275177521631 1.82357778167352 1.3426316480618 1.09634744306095 1.41646117647178 1.79561716201715 0.972076119622216 1.46744157467037 1.84934504656121 1.05328077101149 1.44848247501068 1.84569199290127 1.71532900887541 1.80003237375058 0
