0 1.72114533977583 1.44127626949921 1.7653909183573 0.962223740760237 1.76970042451285 1.20001394161955 1.68600878561847 1.85222720261663 1.85036009084433 0.966841425513849 1.15392060531303 1.83023684401996 1.58946185233071 1.13433663151227 1.593279349152 1.39175227773376 1.65563171543181 1.67397973430343 1.84319316712208 1.60888942144811 1.22538856719621 0.976882465416566 1.21933907549828 1.34082433069125 1.48077038233168 1.80437780334614 1.54856171552092 1.17530356883071 1.29717299388722
1.72114533977583 0 1.60396978701465 1.451309050899 1.76664407504722 1.33711310871877 1.92537180101499 1.31173850316554 1.28256476647221 1.60334988171235 0.94755048234947 1.68596133659594 1.62499405094422 1.55376264336519 1.40753602120094 1.85698935948312 1.88911311677657 1.30421749362722 1.65960193215869 1.4698346813675 1.44358832505532 1.92777274921536 1.77195295342244 1.00059512420557 1.63898555282503 1.65811396786012 1.27930041728541 1.4837575762067 1.84534410294145 1.83316490706056
1.44127626949921 1.60396978701465 0 1.55921277683228 0.969583164900541 1.08021214278415 1.4833840043284 1.56452244170941 1.26666228659451 1.32920521055348 1.30519478418864 1.66065454669297 1.47778374538757 1.41148375626653 1.69141744822264 1.58278469345532 1.33784056338482 1.11356288078241 1.42870912421495 1.09519825084135 1.26663814345375 1.69072595634498 1.82995478739031 1.35003698361106 1.25077727739699 1.29215853894129 1.86137607949786 1.90166859072633 1.02790269814432 1.47796244360507
1.7653909183573 1.451309050899 1.55921277683228 0 1.43123521725647 1.63681776355952 1.26945092761889 1.606929121539 1.89903293689713 1.9286758096423 1.05953081790358 1.48314698296599 1.28440400585532 1.70087757729925 1.01933526853099 1.79148261528462 1.65527217835188 1.36482384824194 1.08758366340771 1.089134470094 1.79331983532757 1.75194302992895 1.12016180204228 1.63089150027372 1.42366553517058 1.03573525557294 1.12062395247631 1.49046250595711 0.992982082767412 1.02373426221311
0.962223740760237 1.76664407504722 0.969583164900541 1.43123521725647 0 1.16265747742727 1.30943867075257 1.69069649116136 1.21333631686866 1.71135628572665 1.31602473207749 0.966965056257322 1.64122642972507 1.05737599823624 1.25216474407353 1.01394446496852 1.04139947006479 1.71075576683506 1.61652645445429 1.68397255777381 1.07240086933598 1.49848330346867 1.42039325740188 1.17841691360809 1.3388524777256 1.51598713197745 1.08072680956684 1.04125867481343 0.987177942646667 1.57371518900618
1.76970042451285 1.33711310871877 1.08021214278415 1.63681776355952 1.16265747742727 0 1.39966389676556 1.29033116763458 1.49876349163242 1.62006998853758 1.63825531397015 1.76961984555237 1.51893353206106 1.38195753865875 1.49333008565009 1.04630773491226 1.73516591801308 1.92984727537259 1.62274545384571 1.58774977084249 1.40360741061158 1.9122286576312 1.18445794237778 1.49591485923156 1.4623298398219 1.13328885310329 1.18315193708986 1.50019018119201 1.61747253313661 1.849243769655
1.20001394161955 1.92537180101499 1.4833840043284 1.26945092761889 1.30943867075257 1.39966389676556 0 1.14234103844501 1.56327711814083 1.26002755877562 1.05904601025395 1.08955710055307 0.959001084091142 1.149491422344 1.33778678742237 1.49764567986131 1.92141291638836 1.74353966047056 1.74110342375934 1.30217066733167 1.48480851738714 1.62563250074163 1.04612681246363 1.11572383739986 0.936348863877356 1.47330122278072 1.17219507321715 1.42785612726584 1.60852013947442 1.40961331618018
1.68600878561847 1.31173850316554 1.56452244170941 1.606929121539 1.69069649116136 1.29033116763458 1.14234103844501 0 1.71505857259035 1.8798652603291 1.11536265863106 1.91945286933333 0.986453026998788 1.13178121228702 1.73090979480185 1.92933386773802 1.08740439987741 1.04964556801133 1.66118471696973 1.68676004582085 1.2217390970327 1.60024073137902 0.983784133102745 1.81406018137932 1.35648686508648 0.959682441316545 1.30697205383331 1.83301088400185 1.14625415019691 1.58909163810313
1.85222720261663 1.28256476647221 1.26666228659451 1.89903293689713 1.21333631686866 1.49876349163242 1.56327711814083 1.71505857259035 0 1.63565953378566 1.37873834790662 1.31470426102169 1.71022048965096 1.59406417934224 1.22589147952385 1.24649981898256 1.02468978869729 1.48092001001351 1.42223554919474 1.21043039718643 1.11941872723401 1.86129472055472 1.44172847247683 1.01804915466346 1.65815610461868 1.62331185839139 0.946211966685951 1.18087856867351 1.73459310154431 1.11553916148841
1.85036009084433 1.60334988171235 1.32920521055348 1.9286758096423 1.71135628572665 1.62006998853758 1.26002755877562 1.8798652603291 1.63565953378566 0 1.16380348452367 1.7400260316208 1.60062201670371 1.44559677154757 1.09106969204731 1.2099574864842 1.49867129558697 1.03304167883471 1.89771147631109 1.27952943881974 1.26616557175294 1.19667138182558 1.49819615762681 1.01715266448446 1.86484069796279 1.82846158067696 1.31191841582768 0.960107937920839 1.13805281044915 1.55501962010749
0.966841425513849 0.94755048234947 1.30519478418864 1.05953081790358 1.31602473207749 1.63825531397015 1.05904601025395 1.11536265863106 1.37873834790662 1.16380348452367 0 1.04915839876048 1.8782457287889 1.80781119898893 0.966654501156881 1.60665575996973 0.9415626344271 1.7989962301217 1.79790395195596 1.74605628941208 1.82840781589039 1.33236198034137 1.32243742910214 1.00255065830424 1.67877430329099 1.26349944714457 1.77850092528388 1.05746256862767 1.50857965019532 1.09705127007328
1.15392060531303 1.68596133659594 1.66065454669297 1.48314698296599 0.966965056257322 1.76961984555237 1.08955710055307 1.91945286933333 1.31470426102169 1.7400260316208 1.04915839876048 0 1.11651252955198 1.36023290804587 1.06984315719455 1.43798572383821 1.37818013434298 1.88117628195323 0.993812696775422 0.988044689409435 1.41742778033949 1.25531707261689 1.61797454836778 1.07248307811096 1.81100619421341 1.72105565504171 0.973592969123274 1.81536389235407 0.975591208320111 1.19388340529986
1.83023684401996 1.62499405094422 1.47778374538757 1.28440400585532 1.64122642972507 1.51893353206106 0.959001084091142 0.986453026998788 1.71022048965096 1.60062201670371 1.8782457287889 1.11651252955198 0 1.86874369718134 1.65062661492266 0.953107813373208 1.27158816577867 1.46546440361999 1.23620544769801 1.74009667779319 1.81304308352992 1.05179233523086 0.952616046415642 1.21696110768244 1.08221641043201 1.54122760053724 1.26931499154307 1.92737554642372 1.6302004980389 1.09139886358753
1.58946185233071 1.55376264336519 1.41148375626653 1.70087757729925 1.05737599823624 1.38195753865875 1.149491422344 1.13178121228702 1.59406417934224 1.44559677154757 1.80781119898893 1.36023290804587 1.86874369718134 0 1.72939105238765 1.21276863338426 0.982922382187098 1.43157870951109 1.51008843979798 1.2746952585876 1.78988626552746 1.28827215754427 1.74960443004966 1.209162539104 1.5782874263823 1.2286561827641 1.29675342910923 1.58245656476356 1.06148441764526 1.09436128730886
1.13433663151227 1.40753602120094 1.69141744822264 1.01933526853099 1.25216474407353 1.49333008565009 1.33778678742237 1.73090979480185 1.22589147952385 1.09106969204731 0.966654501156881 1.06984315719455 1.65062661492266 1.72939105238765 0 1.81795057933778 1.36485700961202 1.49160878756084 1.88672805647366 1.32839607074857 1.57956627174281 1.60517853102647 1.5235229304526 0.97204655688256 1.73695620708168 0.965179472928867 1.81344800279476 0.996303196297958 1.88967094942927 1.12208804953843
1.593279349152 1.85698935948312 1.58278469345532 1.79148261528462 1.01394446496852 1.04630773491226 1.49764567986131 1.92933386773802 1.24649981898256 1.2099574864842 1.60665575996973 1.43798572383821 0.953107813373208 1.21276863338426 1.81795057933778 0 1.48945378581993 1.43394154380076 1.23259655176662 0.977794493781403 1.69112798036076 1.8367232256569 0.946457220707089 1.78855533548631 1.30940862535499 1.88382678246126 1.21999763674103 1.767548260279 1.84147017681971 0.977214264450595
1.39175227773376 1.88911311677657 1.33784056338482 1.65527217835188 1.04139947006479 1.73516591801308 1.92141291638836 1.08740439987741 1.02468978869729 1.49867129558697 0.9415626344271 1.37818013434298 1.27158816577867 0.982922382187098 1.36485700961202 1.48945378581993 0 0.957783844554797 1.4564449780155 1.55759355798364 1.3977450823877 1.82427405612543 0.987536630826071 1.65901448554359 1.44674328388646 1.50722312764265 0.94562875200063 1.51849914551713 1.00426965556107 1.26863184687681
1.65563171543181 1.30421749362722 1.11356288078241 1.36482384824194 1.71075576683506 1.92984727537259 1.74353966047056 1.04964556801133 1.48092001001351 1.03304167883471 1.7989962301217 1.88117628195323 1.46546440361999 1.43157870951109 1.49160878756084 1.43394154380076 0.957783844554797 0 1.68529625143856 1.56335575995035 0.991285499185324 0.953796802088618 1.50765838474035 1.05656344583258 1.77497466560453 1.38356172619388 1.00793314166367 1.15434409445152 1.21368007105775 1.16665265988559
1.67397973430343 1.65960193215869 1.42870912421495 1.08758366340771 1.61652645445429 1.62274545384571 1.74110342375934 1.66118471696973 1.42223554919474 1.89771147631109 1.79790395195596 0.993812696775422 1.23620544769801 1.51008843979798 1.88672805647366 1.23259655176662 1.4564449780155 1.68529625143856 0 1.80654863873497 1.84992891270667 1.56792959826998 1.8988550065551 0.965930712409317 1.71531999623403 0.978803945006803 1.5829285425134 1.72755283955485 1.19474733131938 0.950189919443801
1.84319316712208 1.4698346813675 1.09519825084135 1.089134470094 1.68397255777381 1.58774977084249 1.30217066733167 1.68676004582085 1.21043039718643 1.27952943881974 1.74605628941208 0.988044689409435 1.74009667779319 1.2746952585876 1.32839607074857 0.977794493781403 1.55759355798364 1.56335575995035 1.80654863873497 0 1.22745889471844 1.57430963171646 1.61974779702723 1.7325286900159 1.66454633278772 0.933473259909078 1.45605054986663 1.47530082124285 1.7662782962434 1.55871528480202
1.60888942144811 1.44358832505532 1.26663814345375 1.79331983532757 1.07240086933598 1.40360741061158 1.48480851738714 1.2217390970327 1.11941872723401 1.26616557175294 1.82840781589039 1.41742778033949 1.81304308352992 1.78988626552746 1.57956627174281 1.69112798036076 1.3977450823877 0.991285499185324 1.84992891270667 1.22745889471844 0 1.04601840325631 1.53639172390103 1.31913800607435 1.62043828004971 1.47713158652186 1.08248143643141 0.982842756202444 1.44919837685302 1.45746318716556
1.22538856719621 1.92777274921536 1.69072595634498 1.75194302992895 1.49848330346867 1.9122286576312 1.62563250074163 1.60024073137902 1.86129472055472 1.19667138182558 1.33236198034137 1.25531707261689 1.05179233523086 1.28827215754427 1.60517853102647 1.8367232256569 1.82427405612543 0.953796802088618 1.56792959826998 1.57430963171646 1.04601840325631 0 1.54963257280178 1.70884335436858 1.90079213376157 1.62134849186987 1.57443025964312 1.04094243608415 1.72018126584589 1.69629563461058
0.976882465416566 1.77195295342244 1.82995478739031 1.12016180204228 1.42039325740188 1.18445794237778 1.04612681246363 0.983784133102745 1.44172847247683 1.49819615762681 1.32243742910214 1.61797454836778 0.952616046415642 1.74960443004966 1.5235229304526 0.946457220707089 0.987536630826071 1.50765838474035 1.8988550065551 1.61974779702723 1.53639172390103 1.54963257280178 0 1.16121180914342 1.07119924901053 1.07706867181696 1.46853800630197 1.90508736181073 1.09783081361093 1.00061940820888
1.21933907549828 1.00059512420557 1.35003698361106 1.63089150027372 1.17841691360809 1.49591485923156 1.11572383739986 1.81406018137932 1.01804915466346 1.01715266448446 1.00255065830424 1.07248307811096 1.21696110768244 1.209162539104 0.97204655688256 1.78855533548631 1.65901448554359 1.05656344583258 0.965930712409317 1.7325286900159 1.31913800607435 1.70884335436858 1.16121180914342 0 1.71557289012708 1.4078419089783 1.31669234554283 1.62358592404053 1.7752361423336 1.84371714247391
1.34082433069125 1.63898555282503 1.25077727739699 1.42366553517058 1.3388524777256 1.4623298398219 0.936348863877356 1.35648686508648 1.65815610461868 1.86484069796279 1.67877430329099 1.81100619421341 1.08221641043201 1.5782874263823 1.73695620708168 1.30940862535499 1.44674328388646 1.77497466560453 1.71531999623403 1.66454633278772 1.62043828004971 1.90079213376157 1.07119924901053 1.71557289012708 0 1.44081803457811 1.40660895011388 0.97699306323193 1.27409967267886 1.45934829534963
1.48077038233168 1.65811396786012 1.29215853894129 1.03573525557294 1.51598713197745 1.13328885310329 1.47330122278072 0.959682441316545 1.62331185839139 1.82846158067696 1.26349944714457 1.72105565504171 1.54122760053724 1.2286561827641 0.965179472928867 1.88382678246126 1.50722312764265 1.38356172619388 0.978803945006803 0.933473259909078 1.47713158652186 1.62134849186987 1.07706867181696 1.4078419089783 1.44081803457811 0 1.53268180065788 1.45928277005441 1.31075703166425 1.88396878330968
1.80437780334614 1.27930041728541 1.86137607949786 1.12062395247631 1.08072680956684 1.18315193708986 1.17219507321715 1.30697205383331 0.946211966685951 1.31191841582768 1.77850092528388 0.973592969123274 1.26931499154307 1.29675342910923 1.81344800279476 1.21999763674103 0.94562875200063 1.00793314166367 1.5829285425134 1.45605054986663 1.08248143643141 1.57443025964312 1.46853800630197 1.31669234554283 1.40660895011388 1.53268180065788 0 1.32543310709298 1.40076271235012 1.89305541105568
1.54856171552092 1.4837575762067 1.90166859072633 1.49046250595711 1.04125867481343 1.50019018119201 1.42785612726584 1.83301088400185 1.18087856867351 0.960107937920839 1.05746256862767 1.81536389235407 1.92737554642372 1.58245656476356 0.996303196297958 1.767548260279 1.51849914551713 1.15434409445152 1.72755283955485 1.47530082124285 0.982842756202444 1.04094243608415 1.90508736181073 1.62358592404053 0.97699306323193 1.45928277005441 1.32543310709298 0 1.84383946587332 1.48558995150961
1.17530356883071 1.84534410294145 1.02790269814432 0.992982082767412 0.987177942646667 1.61747253313661 1.60852013947442 1.14625415019691 1.73459310154431 1.13805281044915 1.50857965019532 0.975591208320111 1.6302004980389 1.06148441764526 1.88967094942927 1.84147017681971 1.00426965556107 1.21368007105775 1.19474733131938 1.7662782962434 1.44919837685302 1.72018126584589 1.09783081361093 1.7752361423336 1.27409967267886 1.31075703166425 1.40076271235012 1.84383946587332 0 1.1913806067314
1.29717299388722 1.83316490706056 1.47796244360507 1.02373426221311 1.57371518900618 1.849243769655 1.40961331618018 1.58909163810313 1.11553916148841 1.55501962010749 1.09705127007328 1.19388340529986 1.09139886358753 1.09436128730886 1.12208804953843 0.977214264450595 1.26863184687681 1.16665265988559 0.950189919443801 1.55871528480202 1.45746318716556 1.69629563461058 1.00061940820888 1.84371714247391 1.45934829534963 1.88396878330968 1.89305541105568 1.48558995150961 1.1913806067314 0
