0 1.19779947516508 1.11021844064817 1.5227820079308 1.46174063743092 1.41795341996476 1.57429433544166 1.22885938175023 1.8269442494493 1.88947586668655 1.65779757639393 1.14886120893061 1.70808841078542 1.88012912450358 0.929343496216461 1.25737166963518 1.67814909410663 1.1522742449306 1.04028102569282 1.44121499685571 1.86426142859273 1.15115206153132 1.67582067847252 1.80887098843232 1.41595905297436 1.4866768703796 1.82493731519207 1.73113329545595 1.33890927885659 1.71192467631772
1.19779947516508 0 1.90980284335092 1.79229118558578 1.85347553016618 1.80493654566817 1.79959203163162 1.70874343719333 1.67143261106685 1.73853507777676 1.35774915292859 1.37194708827883 1.07777854544111 1.67599654500373 1.79988614958711 1.80464556859806 1.79882863699459 1.69666395243257 1.21737301000394 1.33988571097143 1.19939112057909 1.76550207193941 1.11092749261297 0.976175027433783 1.59398125228472 1.7194008321967 1.48277892079204 1.84158046660013 1.21033964515664 1.88111469475552
1.11021844064817 1.90980284335092 0 1.65649655694142 1.91103137750179 1.70876959012821 1.32640254753642 1.86911139078438 1.45975729683414 1.39175536530092 1.61092519969679 1.19686490972526 1.74513544281945 1.84345421218313 1.08668254944496 1.75246871449053 1.80127639509737 1.77746086521074 1.48883482790552 0.964380988385528 1.8480834828224 0.989606811199337 1.22027993202209 1.76161113963462 1.78504633414559 1.38949405541644 1.31246312125586 1.91332714026794 1.08787560835481 1.77027371386066
1.5227820079308 1.79229118558578 1.65649655694142 0 1.10501793120056 1.38641999219544 1.51738640037365 1.19112885161303 1.57549017155543 1.02064806898125 1.86076820665039 1.72893892694265 1.59759473544545 0.983685056911781 1.33503641141579 1.48912183567882 1.04398519382812 1.18260904890485 1.06530608655885 1.61836435250007 1.72602811013348 1.37046104110777 1.4061974203214 1.12634815997444 1.60066301608458 1.45431855064817 1.44832830876112 1.2480346087832 1.51945440866984 1.24857053696178
1.46174063743092 1.85347553016618 1.91103137750179 1.10501793120056 0 1.01517685200088 1.40531546063721 1.0238719410263 1.39510988211259 1.7441220919136 1.51410895073786 1.86211837851442 1.69271675031632 1.39382482552901 1.6265176164452 1.44186165207066 1.7358963447623 1.08587844879366 1.1054774147924 1.10328601161018 0.935812673531473 1.0117715569213 1.46264487458393 1.01574437273666 0.991289678728208 1.07355549791828 1.41116631799378 1.14587072050199 1.75717743486166 1.87324501923285
1.41795341996476 1.80493654566817 1.70876959012821 1.38641999219544 1.01517685200088 0 1.26745307724923 1.69704040954821 1.87379872659221 0.922452133148909 1.04907955182716 1.36274015903473 1.07403312297538 0.924107872415334 1.74717964255251 1.47871567634866 1.27136506722309 1.17612857883796 1.22148066572845 1.56565267522819 1.82429557899013 1.02132984879427 0.995365410577506 1.01282043848187 1.20333291287534 1.71734775323421 1.53753005410545 1.02156877610832 1.01825368963182 1.45336835854687
1.57429433544166 1.79959203163162 1.32640254753642 1.51738640037365 1.40531546063721 1.26745307724923 0 1.6244792167563 1.77800658438355 1.64104823232628 1.43666439061053 1.70187514438294 0.987979994621128 1.67667772155255 1.66104403859936 1.44163816538639 1.78429345251061 1.70490941079333 0.918359484290704 1.12123064650223 1.16234131483361 1.34534311341122 1.19133237656206 1.06864581652917 1.63934881356545 1.24281535786577 1.32093428773805 1.25099186855368 1.52691402798519 1.7911623637192
1.22885938175023 1.70874343719333 1.86911139078438 1.19112885161303 1.0238719410263 1.69704040954821 1.6244792167563 0 1.85751131712459 1.41542497905903 1.62430043355562 1.6975779614877 1.18388581927866 1.53522160230204 1.10027809417807 1.39276246586815 1.32403380097821 1.35930273821577 1.27230684203096 1.88072781637311 1.51394338230602 1.0638305300381 1.80516686779447 1.10438915039413 1.25161506724544 0.951528578530997 1.69694797717966 1.15507132024504 1.85323379701003 1.91523704421706
1.8269442494493 1.67143261106685 1.45975729683414 1.57549017155543 1.39510988211259 1.87379872659221 1.77800658438355 1.85751131712459 0 1.06842903979123 1.66802005725913 1.43945026863366 1.54751088423654 1.56761277583428 1.67124854214489 1.01211085962132 1.78051439393312 1.65520982234739 1.86400070483796 1.39716310449876 1.16292294720188 1.40197582822293 0.931161140324548 1.34023533319123 1.87129204021767 1.70442592911422 0.932974793948233 1.79775159223936 1.40880282572471 1.4862471818924
1.88947586668655 1.73853507777676 1.39175536530092 1.02064806898125 1.7441220919136 0.922452133148909 1.64104823232628 1.41542497905903 1.06842903979123 0 1.42088407394476 1.4212588313967 1.8369463076815 1.27844404801726 1.75931060197763 1.14703365671448 0.968092289986089 1.3007280647289 1.8370050995145 1.80604089563712 1.05360646825284 1.38839877187274 1.75240141106769 0.95352577092126 1.56243755784817 1.58908181707375 1.57391455955803 1.71611229353584 1.83157115150243 1.79013041150756
1.65779757639393 1.35774915292859 1.61092519969679 1.86076820665039 1.51410895073786 1.04907955182716 1.43666439061053 1.62430043355562 1.66802005725913 1.42088407394476 0 1.14139711786993 1.85008544847369 1.19428596110083 1.90889299660921 1.75831654854119 1.74479068838991 1.18725227331743 1.11763789365068 1.19711007317528 1.79575024312362 0.973650053376332 1.52719205897301 1.03507666685618 1.18194967205636 1.46822328213602 1.04565452551469 1.33023635670543 1.73641301854514 1.70304786926135
1.14886120893061 1.37194708827883 1.19686490972526 1.72893892694265 1.86211837851442 1.36274015903473 1.70187514438294 1.6975779614877 1.43945026863366 1.4212588313967 1.14139711786993 0 1.86246458650567 1.08077324344777 1.72025848948397 1.38484320812859 1.42157159652561 1.06355563015677 1.47352896491066 1.4696416372899 1.62686749035493 1.64241466927342 1.56296998192556 1.82671746448614 1.82272375421599 1.21360394894145 1.38896041107364 1.05511885997839 1.34766019904055 1.7995280798059
1.70808841078542 1.07777854544111 1.74513544281945 1.59759473544545 1.69271675031632 1.07403312297538 0.987979994621128 1.18388581927866 1.54751088423654 1.8369463076815 1.85008544847369 1.86246458650567 0 1.03807104332373 1.62192856962793 1.84444763092324 1.35114892409183 1.78972147358581 1.35914590745233 1.79604519624263 1.00572106754407 1.79394001327455 1.18710814928636 1.14323550486006 1.49000298115425 1.2094409535639 1.13075753836893 1.70120914722793 1.54086657753214 1.36263268766925
1.88012912450358 1.67599654500373 1.84345421218313 0.983685056911781 1.39382482552901 0.924107872415334 1.67667772155255 1.53522160230204 1.56761277583428 1.27844404801726 1.19428596110083 1.08077324344777 1.03807104332373 0 0.950785628287122 1.02309951139614 0.935466503724456 1.5445493850857 1.43335612304509 1.64365695952438 1.72931574471295 1.00234392378479 1.77601849916391 1.2462740726769 1.13220051303506 1.74660479999147 1.0877443482168 1.19944890355691 1.76376919867471 1.38919563498348
0.929343496216461 1.79988614958711 1.08668254944496 1.33503641141579 1.6265176164452 1.74717964255251 1.66104403859936 1.10027809417807 1.67124854214489 1.75931060197763 1.90889299660921 1.72025848948397 1.62192856962793 0.950785628287122 0 1.4722262036521 0.986952034523711 1.23088983329944 1.55220416095108 1.2026022230275 1.77178670931607 1.28126325458288 1.31872301921248 1.38808608264662 1.46267425105907 1.59402854414657 1.04969380726106 1.60869951383211 1.87380526633933 0.918532261857763
1.25737166963518 1.80464556859806 1.75246871449053 1.48912183567882 1.44186165207066 1.47871567634866 1.44163816538639 1.39276246586815 1.01211085962132 1.14703365671448 1.75831654854119 1.38484320812859 1.84444763092324 1.02309951139614 1.4722262036521 0 1.24687549821101 1.54949445766397 0.988029482774436 1.29819994629361 1.07285010116175 1.44395385775715 1.75471058860421 1.0536388179753 1.22632716665976 1.20609839935787 1.87262489693239 1.62038734089583 1.73531049280427 0.935617750743404
1.67814909410663 1.79882863699459 1.80127639509737 1.04398519382812 1.7358963447623 1.27136506722309 1.78429345251061 1.32403380097821 1.78051439393312 0.968092289986089 1.74479068838991 1.42157159652561 1.35114892409183 0.935466503724456 0.986952034523711 1.24687549821101 0 1.55171747785062 1.02238084143028 1.1972537827678 1.1213590791449 1.10235649626702 1.61196498479694 1.78655970329419 1.14494031737559 1.8571405953262 1.90037134406157 1.27258572168648 0.96107419161126 1.15240845363587
1.1522742449306 1.69666395243257 1.77746086521074 1.18260904890485 1.08587844879366 1.17612857883796 1.70490941079333 1.35930273821577 1.65520982234739 1.3007280647289 1.18725227331743 1.06355563015677 1.78972147358581 1.5445493850857 1.23088983329944 1.54949445766397 1.55171747785062 0 1.79471043264493 1.10673243668862 1.43774150125682 1.74148985859938 1.68966813152656 1.55726585071534 1.84191628824919 1.52159208408557 1.80827789893374 1.7372166828718 1.65063578286208 1.25987395970151
1.04028102569282 1.21737301000394 1.48883482790552 1.06530608655885 1.1054774147924 1.22148066572845 0.918359484290704 1.27230684203096 1.86400070483796 1.8370050995145 1.11763789365068 1.47352896491066 1.35914590745233 1.43335612304509 1.55220416095108 0.988029482774436 1.02238084143028 1.79471043264493 0 1.14858144870959 1.35360471182503 1.56259963661432 1.34684229944833 1.10362947848625 1.52082345541567 1.20736055495217 1.2198688366916 1.01309457863681 1.38768508890644 1.33120818063617
1.44121499685571 1.33988571097143 0.964380988385528 1.61836435250007 1.10328601161018 1.56565267522819 1.12123064650223 1.88072781637311 1.39716310449876 1.80604089563712 1.19711007317528 1.4696416372899 1.79604519624263 1.64365695952438 1.2026022230275 1.29819994629361 1.1972537827678 1.10673243668862 1.14858144870959 0 1.13532268651761 1.32185258716345 1.50199838890694 1.88416954106651 1.88523570680991 1.64722674782388 1.18299179454334 1.32839564979076 1.69444203539751 1.9036676553078
1.86426142859273 1.19939112057909 1.8480834828224 1.72602811013348 0.935812673531473 1.82429557899013 1.16234131483361 1.51394338230602 1.16292294720188 1.05360646825284 1.79575024312362 1.62686749035493 1.00572106754407 1.72931574471295 1.77178670931607 1.07285010116175 1.1213590791449 1.43774150125682 1.35360471182503 1.13532268651761 0 1.20940106548369 1.46246970747598 1.50227124406956 1.60186420264654 0.98165760259144 1.15527363936417 1.01600779802538 1.60817464324646 1.76082442165352
1.15115206153132 1.76550207193941 0.989606811199337 1.37046104110777 1.0117715569213 1.02132984879427 1.34534311341122 1.0638305300381 1.40197582822293 1.38839877187274 0.973650053376332 1.64241466927342 1.79394001327455 1.00234392378479 1.28126325458288 1.44395385775715 1.10235649626702 1.74148985859938 1.56259963661432 1.32185258716345 1.20940106548369 0 1.59757636627182 1.0796296116896 1.4714399445802 1.59340717946179 1.45349401677959 1.85804578801617 1.40964279975742 0.97230433486402
1.67582067847252 1.11092749261297 1.22027993202209 1.4061974203214 1.46264487458393 0.995365410577506 1.19133237656206 1.80516686779447 0.931161140324548 1.75240141106769 1.52719205897301 1.56296998192556 1.18710814928636 1.77601849916391 1.31872301921248 1.75471058860421 1.61196498479694 1.68966813152656 1.34684229944833 1.50199838890694 1.46246970747598 1.59757636627182 0 1.90765095083043 1.91254045325331 1.87158142146654 1.84215343580581 1.18943875608966 1.05388267710805 0.999999535968527
1.80887098843232 0.976175027433783 1.76161113963462 1.12634815997444 1.01574437273666 1.01282043848187 1.06864581652917 1.10438915039413 1.34023533319123 0.95352577092126 1.03507666685618 1.82671746448614 1.14323550486006 1.2462740726769 1.38808608264662 1.0536388179753 1.78655970329419 1.55726585071534 1.10362947848625 1.88416954106651 1.50227124406956 1.0796296116896 1.90765095083043 0 1.52973134047352 1.69836082705297 1.02062458614819 1.66475537675433 1.54290396277793 1.52851450187154
1.41595905297436 1.59398125228472 1.78504633414559 1.60066301608458 0.991289678728208 1.20333291287534 1.63934881356545 1.25161506724544 1.87129204021767 1.56243755784817 1.18194967205636 1.82272375421599 1.49000298115425 1.13220051303506 1.46267425105907 1.22632716665976 1.14494031737559 1.84191628824919 1.52082345541567 1.88523570680991 1.60186420264654 1.4714399445802 1.91254045325331 1.52973134047352 0 1.36391459219158 1.85235721920617 1.46593851223588 1.28563275095075 1.64251718763262
1.4866768703796 1.7194008321967 1.38949405541644 1.45431855064817 1.07355549791828 1.71734775323421 1.24281535786577 0.951528578530997 1.70442592911422 1.58908181707375 1.46822328213602 1.21360394894145 1.2094409535639 1.74660479999147 1.59402854414657 1.20609839935787 1.8571405953262 1.52159208408557 1.20736055495217 1.64722674782388 0.98165760259144 1.59340717946179 1.87158142146654 1.69836082705297 1.36391459219158 0 1.53490696055815 1.48033309355378 1.01183452806436 1.06691561639309
1.82493731519207 1.48277892079204 1.31246312125586 1.44832830876112 1.41116631799378 1.53753005410545 1.32093428773805 1.69694797717966 0.932974793948233 1.57391455955803 1.04565452551469 1.38896041107364 1.13075753836893 1.0877443482168 1.04969380726106 1.87262489693239 1.90037134406157 1.80827789893374 1.2198688366916 1.18299179454334 1.15527363936417 1.45349401677959 1.84215343580581 1.02062458614819 1.85235721920617 1.53490696055815 0 1.4653032568749 1.87781921611167 1.47977813938633
1.73113329545595 1.84158046660013 1.91332714026794 1.2480346087832 1.14587072050199 1.02156877610832 1.25099186855368 1.15507132024504 1.79775159223936 1.71611229353584 1.33023635670543 1.05511885997839 1.70120914722793 1.19944890355691 1.60869951383211 1.62038734089583 1.27258572168648 1.7372166828718 1.01309457863681 1.32839564979076 1.01600779802538 1.85804578801617 1.18943875608966 1.66475537675433 1.46593851223588 1.48033309355378 1.4653032568749 0 1.70437061577104 1.14210987533443
1.33890927885659 1.21033964515664 1.08787560835481 1.51945440866984 1.75717743486166 1.01825368963182 1.52691402798519 1.85323379701003 1.40880282572471 1.83157115150243 1.73641301854514 1.34766019904055 1.54086657753214 1.76376919867471 1.87380526633933 1.73531049280427 0.96107419161126 1.65063578286208 1.38768508890644 1.69444203539751 1.60817464324646 1.40964279975742 1.05388267710805 1.54290396277793 1.28563275095075 1.01183452806436 1.87781921611167 1.70437061577104 0 1.28771136491559
1.71192467631772 1.88111469475552 1.77027371386066 1.24857053696178 1.87324501923285 1.45336835854687 1.7911623637192 1.91523704421706 1.4862471818924 1.79013041150756 1.70304786926135 1.7995280798059 1.36263268766925 1.38919563498348 0.918532261857763 0.935617750743404 1.15240845363587 1.25987395970151 1.33120818063617 1.9036676553078 1.76082442165352 0.97230433486402 0.999999535968527 1.52851450187154 1.64251718763262 1.06691561639309 1.47977813938633 1.14210987533443 1.28771136491559 0
