0 1.42606812273152 1.11582714295946 1.91132296645083 1.73358488734812 1.16585968714207 1.00805893656798 1.29717416153289 1.79911411460489 1.3664691997692 0.969183726236224 1.67509479355067 1.81053049955517 1.04265278857201 1.92099737026729 1.73362512909807 1.71745101572014 1.60230093123391 1.10563674895093 1.59044036874548 1.49753403407522 1.38519752491266 1.56070996285416 1.90405397792347 1.6720810465049 1.02808472584002 1.63758195051923 1.7686740141362 1.38271369202994 1.45773725048639
1.42606812273152 0 1.87037144927308 1.68681974546053 1.11479844083078 1.89267293526791 1.68062099581584 1.4860231357161 1.7680254150182 1.82347421837039 1.53634753939696 1.25329627632163 1.60460316576064 0.976768677588552 1.66069740545936 1.40197581565008 1.45329112350009 1.34930221224204 1.04802456777543 1.73650609375909 1.27905541937798 1.07438997738063 1.33702164469287 1.36825800617225 1.58406329131685 1.65076899039559 1.35012946580537 1.62048789486289 1.49210943817161 1.08442273177207
1.11582714295946 1.87037144927308 0 1.09540047892369 1.23846381250769 1.72210314869881 1.87130429851823 1.67673435504548 1.79654426896013 1.33323654090054 1.11585759930313 1.7709427473601 1.2419138897676 1.85184204950929 1.24160472908989 1.5131404211279 1.93833511113189 1.06114028370939 1.73279072716832 1.69997962052003 1.35805390914902 1.20522404974326 0.998937114607543 1.1275074724108 1.5996043314226 0.967010092455894 1.04398869536817 1.92194459959865 1.31834833929315 1.07680079061538
1.91132296645083 1.68681974546053 1.09540047892369 0 1.04266221704893 1.00364205939695 1.78214202704839 0.993076658574864 1.47396531514823 0.981199449393898 1.06981510668993 1.60721519449726 1.01497282786295 1.52464337856509 1.6628093700856 1.63280707993545 1.58675893605687 1.30392707581632 1.56303358031437 1.17977051017806 1.28823307342827 1.56451555201784 1.76463199965656 1.78081994107924 1.60160517715849 0.970979456556961 0.952249988913536 1.35912791918963 1.78550271620043 1.68087049713358
1.73358488734812 1.11479844083078 1.23846381250769 1.04266221704893 0 1.28290076460689 1.66510419221595 1.4436083866749 1.76569987111725 1.24429697310552 1.80939497612417 1.16282633785158 1.26389480335638 1.86707090237178 1.37519208271988 1.16312495921738 1.77068650443107 1.03239825484343 1.25896712928079 1.5159337783698 1.81771104340442 1.05274385213852 1.19886544835754 1.91236263234168 1.31525439256802 1.1027696703095 1.52186492248438 1.797715237597 1.18155862018466 1.22868853644468
1.16585968714207 1.89267293526791 1.72210314869881 1.00364205939695 1.28290076460689 0 1.74818149604835 1.13644909975119 1.81752699264325 1.35518781468272 1.04189238650724 1.8014453491196 1.76510479836725 1.6820209401194 1.53389665717259 1.06371370377019 0.956920464057475 1.0411911024712 1.64967771619558 1.09305912698619 1.6503417857457 1.05697960592806 1.52120728557929 1.70690802508034 1.66561073088087 1.1332464760635 1.85835754382424 1.21702062897384 1.8403001613915 1.04469235194847
1.00805893656798 1.68062099581584 1.87130429851823 1.78214202704839 1.66510419221595 1.74818149604835 0 1.55167343560606 1.44645293452777 1.25782730430365 1.35024337214418 1.7328058804851 0.961190812988207 1.66108973510563 1.12200478021987 0.981691693887115 1.51971602160484 1.26979669788852 1.19254964333959 1.35144778364338 1.82378791249357 1.91549564269371 1.55046975635923 1.81255528470501 1.22506582573988 1.56811306811869 1.56184118497185 1.09329975629225 1.77040574094281 1.86831375095062
1.29717416153289 1.4860231357161 1.67673435504548 0.993076658574864 1.4436083866749 1.13644909975119 1.55167343560606 0 1.57023727335036 1.4861099482514 1.17198286019266 0.965281065320596 1.47124973451719 1.36028070165776 1.81036134203896 1.27909626578912 1.42226116498932 1.53917550388724 1.85808797483332 1.70162525051273 1.38899597967975 1.24100241600536 1.76049187080935 1.3140900444705 1.31804500962608 1.80490359431133 1.78821601136588 1.24384746863507 1.34684147429653 1.2044575328473
1.79911411460489 1.7680254150182 1.79654426896013 1.47396531514823 1.76569987111725 1.81752699264325 1.44645293452777 1.57023727335036 0 1.02447700477205 1.86534589645453 1.68914343905635 1.6818715762347 1.54909629561007 0.995240607997403 1.92634193925187 1.29936481453478 1.93955505290069 1.77398648066446 1.12915910431184 1.15456550987437 1.44534013187513 1.93040436087176 1.10591574083082 1.64567376277409 1.40287006087601 1.89891721657477 1.7886880482547 1.94188740337268 1.38506796234287
1.3664691997692 1.82347421837039 1.33323654090054 0.981199449393898 1.24429697310552 1.35518781468272 1.25782730430365 1.4861099482514 1.02447700477205 0 1.0794315119274 1.64302818640135 1.18084445479326 1.56344149936922 1.70269641466439 1.05743901594542 1.05672227311879 1.20174973784015 1.83168618730269 1.26604927307926 1.57090291404165 1.31340275984257 1.18842207058333 0.951569487107918 1.69065852696076 1.74859910202213 1.22382245212793 1.2884988875594 1.81499682413414 1.76517737773247
0.969183726236224 1.53634753939696 1.11585759930313 1.06981510668993 1.80939497612417 1.04189238650724 1.35024337214418 1.17198286019266 1.86534589645453 1.0794315119274 0 1.2758512457367 1.83161664986983 1.8014813172631 1.04141174978577 1.50954538909718 1.3352694620844 1.49234269931912 1.26566937146708 1.3763819062151 1.18715383787639 1.76977718854323 1.58327135047875 1.78237608191557 1.76818189141341 1.8393448505085 1.39792411332019 1.34160228958353 1.06089588697068 1.32055796426721
1.67509479355067 1.25329627632163 1.7709427473601 1.60721519449726 1.16282633785158 1.8014453491196 1.7328058804851 0.965281065320596 1.68914343905635 1.64302818640135 1.2758512457367 0 1.56986973504536 1.14263268816285 0.947482184739783 1.9154809541069 1.65436231764033 0.972724690102041 0.98290764237754 1.75471437862143 1.18472799169831 1.80936340638436 1.81005994719453 1.32266707229428 1.732404937502 1.41310252994299 1.13016463886015 1.83791331015527 1.62956014508381 1.73862342699431
1.81053049955517 1.60460316576064 1.2419138897676 1.01497282786295 1.26389480335638 1.76510479836725 0.961190812988207 1.47124973451719 1.6818715762347 1.18084445479326 1.83161664986983 1.56986973504536 0 1.33714676438831 0.950000934069976 1.3649207719136 1.1870103799738 1.52996275690384 1.60676644463092 1.85126367025077 1.10066902986728 1.0721251887735 1.63161531696096 1.22626486886293 1.04491130961105 1.87242378504016 1.54618490603752 1.62803962244652 1.82008155202493 1.69547984516248
1.04265278857201 0.976768677588552 1.85184204950929 1.52464337856509 1.86707090237178 1.6820209401194 1.66108973510563 1.36028070165776 1.54909629561007 1.56344149936922 1.8014813172631 1.14263268816285 1.33714676438831 0 1.65686851693317 1.06937367841601 1.433326713508 1.53266865643673 1.74469692795537 1.77948418655433 1.09546323493123 1.6991223031655 1.77475233189762 1.75522409542464 1.13245912943967 1.66777678695507 1.15730889700353 1.31457747868262 1.17586238845252 1.80037802853622
1.92099737026729 1.66069740545936 1.24160472908989 1.6628093700856 1.37519208271988 1.53389665717259 1.12200478021987 1.81036134203896 0.995240607997403 1.70269641466439 1.04141174978577 0.947482184739783 0.950000934069976 1.65686851693317 0 1.27087029977702 1.46229525143281 1.12191096087918 1.27151845023036 1.09985287045129 1.76788835786283 1.56649838853627 1.3177546185907 1.24421076942235 1.72340107895434 1.91348976339214 1.73451630072668 1.64056458207779 1.91545408708043 1.65988247748464
1.73362512909807 1.40197581565008 1.5131404211279 1.63280707993545 1.16312495921738 1.06371370377019 0.981691693887115 1.27909626578912 1.92634193925187 1.05743901594542 1.50954538909718 1.9154809541069 1.3649207719136 1.06937367841601 1.27087029977702 0 1.13097445410676 1.7028104015626 1.0642622821033 1.5772554106079 1.48062144732103 1.89795543882065 1.31676747533493 1.28207022394054 1.73435780312866 1.22625301568769 1.74180339765735 1.39001104841009 1.60898302472197 1.65934893744998
1.71745101572014 1.45329112350009 1.93833511113189 1.58675893605687 1.77068650443107 0.956920464057475 1.51971602160484 1.42226116498932 1.29936481453478 1.05672227311879 1.3352694620844 1.65436231764033 1.1870103799738 1.433326713508 1.46229525143281 1.13097445410676 0 1.85701054078527 1.391925111413 0.970087819499895 1.91852560872212 1.47117692092434 1.01581018976867 1.79553615581244 1.78194891358726 0.971325018675998 1.18324642744847 1.82843664684333 1.73221106966957 1.26316235680133
1.60230093123391 1.34930221224204 1.06114028370939 1.30392707581632 1.03239825484343 1.0411911024712 1.26979669788852 1.53917550388724 1.93955505290069 1.20174973784015 1.49234269931912 0.972724690102041 1.52996275690384 1.53266865643673 1.12191096087918 1.7028104015626 1.85701054078527 0 1.0155687876977 1.90034319157712 1.58842024835758 1.86747191729955 1.77383886207826 1.64538394310512 1.88235099893063 1.49136693077162 1.29906646092422 0.953687899280339 1.19005769700743 1.74038232862949
1.10563674895093 1.04802456777543 1.73279072716832 1.56303358031437 1.25896712928079 1.64967771619558 1.19254964333959 1.85808797483332 1.77398648066446 1.83168618730269 1.26566937146708 0.98290764237754 1.60676644463092 1.74469692795537 1.27151845023036 1.0642622821033 1.391925111413 1.0155687876977 0 1.70077394810505 1.30720717227086 1.46113400277682 1.69687967770733 1.05737366783433 1.57403306895867 1.78808820620179 1.46365525270812 1.77536520734429 1.5071547110565 0.955175065202639
1.59044036874548 1.73650609375909 1.69997962052003 1.17977051017806 1.5159337783698 1.09305912698619 1.35144778364338 1.70162525051273 1.12915910431184 1.26604927307926 1.3763819062151 1.75471437862143 1.85126367025077 1.77948418655433 1.09985287045129 1.5772554106079 0.970087819499895 1.90034319157712 1.70077394810505 0 0.981237118598074 1.89189570071176 1.18696339614689 1.22998552420177 1.70183434034698 1.66484855720773 0.980513073736802 1.80382912047207 1.24047065782361 1.84967457153834
1.49753403407522 1.27905541937798 1.35805390914902 1.28823307342827 1.81771104340442 1.6503417857457 1.82378791249357 1.38899597967975 1.15456550987437 1.57090291404165 1.18715383787639 1.18472799169831 1.10066902986728 1.09546323493123 1.76788835786283 1.48062144732103 1.91852560872212 1.58842024835758 1.30720717227086 0.981237118598074 0 1.89564280328341 1.56034575379454 1.27018536091782 1.74172173580155 1.40512020792812 1.85827968758531 1.39347756002098 1.76193484035321 1.6334086144343
1.38519752491266 1.07438997738063 1.20522404974326 1.56451555201784 1.05274385213852 1.05697960592806 1.91549564269371 1.24100241600536 1.44534013187513 1.31340275984257 1.76977718854323 1.80936340638436 1.0721251887735 1.6991223031655 1.56649838853627 1.89795543882065 1.47117692092434 1.86747191729955 1.46113400277682 1.89189570071176 1.89564280328341 0 1.00300687015988 1.53665444906801 1.4041855817195 1.4407134342473 1.75990629591979 0.97717223293148 0.999309896258637 1.80996197252534
1.56070996285416 1.33702164469287 0.998937114607543 1.76463199965656 1.19886544835754 1.52120728557929 1.55046975635923 1.76049187080935 1.93040436087176 1.18842207058333 1.58327135047875 1.81005994719453 1.63161531696096 1.77475233189762 1.3177546185907 1.31676747533493 1.01581018976867 1.77383886207826 1.69687967770733 1.18696339614689 1.56034575379454 1.00300687015988 0 1.14399551018141 1.41789079341106 1.81706901313737 1.80452137603424 1.61489379056729 1.43806448741816 1.87513941689394
1.90405397792347 1.36825800617225 1.1275074724108 1.78081994107924 1.91236263234168 1.70690802508034 1.81255528470501 1.3140900444705 1.10591574083082 0.951569487107918 1.78237608191557 1.32266707229428 1.22626486886293 1.75522409542464 1.24421076942235 1.28207022394054 1.79553615581244 1.64538394310512 1.05737366783433 1.22998552420177 1.27018536091782 1.53665444906801 1.14399551018141 0 1.88242524652742 1.27146131778136 1.61308741406538 1.11221771198325 1.5946543191094 1.77936638938263
1.6720810465049 1.58406329131685 1.5996043314226 1.60160517715849 1.31525439256802 1.66561073088087 1.22506582573988 1.31804500962608 1.64567376277409 1.69065852696076 1.76818189141341 1.732404937502 1.04491130961105 1.13245912943967 1.72340107895434 1.73435780312866 1.78194891358726 1.88235099893063 1.57403306895867 1.70183434034698 1.74172173580155 1.4041855817195 1.41789079341106 1.88242524652742 0 1.24506171722896 1.54326621466316 1.87948344298638 1.09981325129047 1.55493290908635
1.02808472584002 1.65076899039559 0.967010092455894 0.970979456556961 1.1027696703095 1.1332464760635 1.56811306811869 1.80490359431133 1.40287006087601 1.74859910202213 1.8393448505085 1.41310252994299 1.87242378504016 1.66777678695507 1.91348976339214 1.22625301568769 0.971325018675998 1.49136693077162 1.78808820620179 1.66484855720773 1.40512020792812 1.4407134342473 1.81706901313737 1.27146131778136 1.24506171722896 0 1.51580883632414 1.22216122667305 1.2618393516168 1.70569482585415
1.63758195051923 1.35012946580537 1.04398869536817 0.952249988913536 1.52186492248438 1.85835754382424 1.56184118497185 1.78821601136588 1.89891721657477 1.22382245212793 1.39792411332019 1.13016463886015 1.54618490603752 1.15730889700353 1.73451630072668 1.74180339765735 1.18324642744847 1.29906646092422 1.46365525270812 0.980513073736802 1.85827968758531 1.75990629591979 1.80452137603424 1.61308741406538 1.54326621466316 1.51580883632414 0 1.67610819591209 1.23581539606676 1.67831327207386
1.7686740141362 1.62048789486289 1.92194459959865 1.35912791918963 1.797715237597 1.21702062897384 1.09329975629225 1.24384746863507 1.7886880482547 1.2884988875594 1.34160228958353 1.83791331015527 1.62803962244652 1.31457747868262 1.64056458207779 1.39001104841009 1.82843664684333 0.953687899280339 1.77536520734429 1.80382912047207 1.39347756002098 0.97717223293148 1.61489379056729 1.11221771198325 1.87948344298638 1.22216122667305 1.67610819591209 0 1.37376607698388 1.26041264715604
1.38271369202994 1.49210943817161 1.31834833929315 1.78550271620043 1.18155862018466 1.8403001613915 1.77040574094281 1.34684147429653 1.94188740337268 1.81499682413414 1.06089588697068 1.62956014508381 1.82008155202493 1.17586238845252 1.91545408708043 1.60898302472197 1.73221106966957 1.19005769700743 1.5071547110565 1.24047065782361 1.76193484035321 0.999309896258637 1.43806448741816 1.5946543191094 1.09981325129047 1.2618393516168 1.23581539606676 1.37376607698388 0 1.36340331146494
1.45773725048639 1.08442273177207 1.07680079061538 1.68087049713358 1.22868853644468 1.04469235194847 1.86831375095062 1.2044575328473 1.38506796234287 1.76517737773247 1.32055796426721 1.73862342699431 1.69547984516248 1.80037802853622 1.65988247748464 1.65934893744998 1.26316235680133 1.74038232862949 0.955175065202639 1.84967457153834 1.6334086144343 1.80996197252534 1.87513941689394 1.77936638938263 1.55493290908635 1.70569482585415 1.67831327207386 1.26041264715604 1.36340331146494 0
