0 0.6290344601 0.6274168501 0.7734957001 0.9853408001 0.9801504001 0.7684639701 0.7825251001 0.7828090001 0.6276477001 0.7654055401 0.9931942001 0.6248818601 0.6235028001 0.6288031301 0.7698582401 0.7687426001 0.6301920401 0.6306556001 0.6290344601 0.6297288001 0.6191522501 0.6232732001 0.6191522501 1.0126165001 0.7715348601 0.6322802301 0.7684639701 1.0405211001 1.0133885001
0.6290344601 0 0.1731298101 0.7645736301 1.0018910001 0.9886964601 0.7574018001 0.7522039001 0.7576763601 0.5637181001 0.7492109501 0.9783054001 0.5671184701 0.5675446401 0.5575939001 0.7579511001 0.7574018001 0.5616006001 0.5630822001 0.5569632001 0.5563330001 0.5573836001 0.5525631301 0.5573836001 0.9691478001 0.7549351501 0.5681842601 0.7631891001 0.9879494301 0.9637064001
0.6274168501 0.1731298101 0 0.7640195001 1.0049399001 0.9909420001 0.7634657601 0.7543881001 0.7527494001 0.5618121001 0.7532952001 0.9838541001 0.5759030601 0.5722481601 0.5601219501 0.7637425701 0.7645736301 0.5660542001 0.5654163401 0.5580146301 0.5573836001 0.5571734001 0.5525631301 0.5571734001 0.9775687001 0.7571273401 0.5711766001 0.7642965301 0.9834829601 0.9753628001
0.7734957001 0.7645736301 0.7640195001 0 1.0080011001 0.9779369001 0.1424024901 0.3479565401 0.3471617701 0.7620833001 0.1433703801 0.9988546401 0.7489394501 0.7475835001 0.7557565001 0.1410736601 0.1422815801 0.7740568501 0.7712552001 0.7541147501 0.7549351501 0.7557565001 0.7565787001 0.7557565001 0.9946995001 0.3473206801 0.7670722601 0.2043816601 1.0003713001 1.0007510001
0.9853408001 1.0018910001 1.0049399001 1.0080011001 0 0.1255451601 0.9977191001 0.9965853701 0.9950763001 0.9965853701 0.9801504001 0.8630610001 0.9872032001 0.9845971001 1.0018910001 0.9939465001 0.9958304001 0.9931942001 0.9909420001 0.9965853701 0.9984759701 1.0133885001 0.9749957301 1.0133885001 0.8443334701 0.9731633701 0.9992335401 0.9999918301 0.8659109501 0.8652767001
0.9801504001 0.9886964601 0.9909420001 0.9779369001 0.1255451601 0 0.9735294601 0.9827411001 0.9768326001 0.9775687001 0.9619013701 0.8605368001 0.9724316601 0.9698763001 0.9901927001 0.9731633701 0.9717006701 0.9816297001 0.9827411001 0.9849688401 0.9864576501 0.9901927001 0.9651536001 0.9901927001 0.8388052001 0.9575869001 0.9894442001 0.9775687001 0.8608519001 0.8694089001
0.7684639701 0.7574018001 0.7634657601 0.1424024901 0.9977191001 0.9735294601 0 0.3458919501 0.3416220201 0.7665162701 0.1207136501 0.9909420001 0.7598766001 0.7609791001 0.7598766001 0.1182509701 0.1194226701 0.7734957001 0.7715348601 0.7598766001 0.7612550001 0.7587757001 0.7587757001 0.7587757001 0.9738958001 0.3435167701 0.7681854001 0.2012364601 0.9969631001 0.9857129001
0.7825251001 0.7522039001 0.7543881001 0.3479565401 0.9965853701 0.9827411001 0.3458919501 0 0.1110270601 0.7565787001 0.3452578201 0.9886964601 0.7634657601 0.7684639701 0.7615310001 0.3450994001 0.3439912001 0.7656831001 0.7642965301 0.7571273401 0.7579511001 0.7527494001 0.7522039001 0.7527494001 0.9790429001 0.2275876401 0.7723746001 0.3524227001 0.9992335401 0.9812596401
0.7828090001 0.7576763601 0.7527494001 0.3471617701 0.9950763001 0.9768326001 0.3416220201 0.1110270601 0 0.7612550001 0.3417797401 0.9962078001 0.7684639701 0.7715348601 0.7629125001 0.3409915301 0.3406764601 0.7712552001 0.7709756001 0.7637425701 0.7642965301 0.7557565001 0.7494826001 0.7557565001 0.9738958001 0.2204428001 0.7718146401 0.3519429301 0.9962078001 0.9735294601
0.6276477001 0.5637181001 0.5618121001 0.7620833001 0.9965853701 0.9775687001 0.7665162701 0.7565787001 0.7612550001 0 0.7576763601 0.9950763001 0.3145209001 0.3133051001 0.2855793801 0.7560304401 0.7524766001 0.3145209001 0.3154340701 0.2836793401 0.2832415701 0.1035275761 0.4520229701 0.1035275761 0.9779369001 0.7413773001 0.3197102001 0.7489394501 0.9935702701 0.9853408001
0.7654055401 0.7492109501 0.7532952001 0.1433703801 0.9801504001 0.9619013701 0.1207136501 0.3452578201 0.3417797401 0.7576763601 0 0.9845971001 0.7459595001 0.7465004301 0.7467710401 0.0664594901 0.0677718301 0.7659607001 0.7623596001 0.7443390501 0.7456892001 0.7494826001 0.7394986001 0.7494826001 0.9629838501 0.3416220201 0.7642965301 0.2045130001 0.9808897001 0.9794118401
0.9931942001 0.9783054001 0.9838541001 0.9988546401 0.8630610001 0.8605368001 0.9909420001 0.9886964601 0.9962078001 0.9950763001 0.9845971001 0 0.9928183601 0.9898184001 1.0057040001 0.9924427001 0.9984759701 0.9879494301 0.9894442001 1.0003713001 1.0011308001 1.0026520001 0.9749957301 1.0026520001 0.5028546501 0.9946995001 1.0068517001 1.0011308001 0.4989544701 0.4966240801
0.6248818601 0.5671184701 0.5759030601 0.7489394501 0.9872032001 0.9724316601 0.7598766001 0.7634657601 0.7684639701 0.3145209001 0.7459595001 0.9928183601 0 0.0364726331 0.3204763501 0.7454189701 0.7473126001 0.2870442301 0.2883650401 0.3184859501 0.3181802001 0.3128496701 0.4645508801 0.3128496701 1.0041765001 0.7546615601 0.2938196001 0.7522039001 0.9958304001 0.9935702701
0.6235028001 0.5675446401 0.5722481601 0.7475835001 0.9845971001 0.9698763001 0.7609791001 0.7684639701 0.7715348601 0.3133051001 0.7465004301 0.9898184001 0.0364726331 0 0.3215503001 0.7454189701 0.7483968001 0.2863114501 0.2879245001 0.3197102001 0.3192508501 0.3137608001 0.4682757601 0.3137608001 0.9962078001 0.7574018001 0.2924891401 0.7532952001 0.9962078001 0.9916919501
0.6288031301 0.5575939001 0.5601219501 0.7557565001 1.0018910001 0.9901927001 0.7598766001 0.7615310001 0.7629125001 0.2855793801 0.7467710401 1.0057040001 0.3204763501 0.3215503001 0 0.7443390501 0.7448788001 0.3213968001 0.3218574201 0.0199633481 0.0199633481 0.2886588601 0.4606596001 0.2886588601 0.9928183601 0.7565787001 0.3244730801 0.7483968001 0.9958304001 0.9973410401
0.7698582401 0.7579511001 0.7637425701 0.1410736601 0.9939465001 0.9731633701 0.1182509701 0.3450994001 0.3409915301 0.7560304401 0.0664594901 0.9924427001 0.7454189701 0.7454189701 0.7443390501 0 0.0181170681 0.7648508501 0.7612550001 0.7448788001 0.7459595001 0.7462299501 0.7419149001 0.7462299501 0.9772005701 0.3414643401 0.7665162701 0.2009749401 0.9958304001 0.9916919501
0.7687426001 0.7574018001 0.7645736301 0.1422815801 0.9958304001 0.9717006701 0.1194226701 0.3439912001 0.3406764601 0.7524766001 0.0677718301 0.9984759701 0.7473126001 0.7483968001 0.7448788001 0.0181170681 0 0.7670722601 0.7634657601 0.7448788001 0.7459595001 0.7440693401 0.7451488401 0.7440693401 0.9805199501 0.3420952601 0.7687426001 0.2028074101 1.0022715001 0.9973410401
0.6301920401 0.5616006001 0.5660542001 0.7740568501 0.9931942001 0.9816297001 0.7734957001 0.7656831001 0.7712552001 0.3145209001 0.7659607001 0.9879494301 0.2870442301 0.2863114501 0.3213968001 0.7648508501 0.7670722601 0 0.0149479771 0.3181802001 0.3183330601 0.3187918001 0.4667835801 0.3187918001 0.9868303501 0.7593259001 0.2142963301 0.7679069601 0.9958304001 0.9808897001
0.6306556001 0.5630822001 0.5654163401 0.7712552001 0.9909420001 0.9827411001 0.7715348601 0.7642965301 0.7709756001 0.3154340701 0.7623596001 0.9894442001 0.2883650401 0.2879245001 0.3218574201 0.7612550001 0.7634657601 0.0149479771 0 0.3186388601 0.3186388601 0.3200165601 0.4671563501 0.3200165601 0.9857129001 0.7568530001 0.2149619801 0.7659607001 0.9992335401 0.9823704401
0.6290344601 0.5569632001 0.5580146301 0.7541147501 0.9965853701 0.9849688401 0.7598766001 0.7571273401 0.7637425701 0.2836793401 0.7443390501 1.0003713001 0.3184859501 0.3197102001 0.0199633481 0.7448788001 0.7448788001 0.3181802001 0.3186388601 0 0.0024038481 0.2864579301 0.4588136701 0.2864579301 0.9916919501 0.7552088501 0.3221646801 0.7459595001 0.9973410401 1.0007510001
0.6297288001 0.5563330001 0.5573836001 0.7549351501 0.9984759701 0.9864576501 0.7612550001 0.7579511001 0.7642965301 0.2832415701 0.7456892001 1.0011308001 0.3181802001 0.3192508501 0.0199633481 0.7459595001 0.7459595001 0.3183330601 0.3186388601 0.0024038481 0 0.2861649701 0.4597360501 0.2861649701 0.9909420001 0.7549351501 0.3220110201 0.7470417601 0.9962078001 0.9999918301
0.6191522501 0.5573836001 0.5571734001 0.7557565001 1.0133885001 0.9901927001 0.7587757001 0.7527494001 0.7557565001 0.1035275761 0.7494826001 1.0026520001 0.3128496701 0.3137608001 0.2886588601 0.7462299501 0.7440693401 0.3187918001 0.3200165601 0.2864579301 0.2861649701 0 0.4509275301 1e-10 0.9939465001 0.7408401001 0.3218574201 0.7432607001 1.0153220001 0.9996125701
0.6232732001 0.5525631301 0.5525631301 0.7565787001 0.9749957301 0.9651536001 0.7587757001 0.7522039001 0.7494826001 0.4520229701 0.7394986001 0.9749957301 0.4645508801 0.4682757601 0.4606596001 0.7419149001 0.7451488401 0.4667835801 0.4671563501 0.4588136701 0.4597360501 0.4509275301 0 0.4509275301 0.9775687001 0.7403031601 0.4699580001 0.7579511001 0.9845971001 0.9637064001
0.6191522501 0.5573836001 0.5571734001 0.7557565001 1.0133885001 0.9901927001 0.7587757001 0.7527494001 0.7557565001 0.1035275761 0.7494826001 1.0026520001 0.3128496701 0.3137608001 0.2886588601 0.7462299501 0.7440693401 0.3187918001 0.3200165601 0.2864579301 0.2861649701 1e-10 0.4509275301 0 0.9939465001 0.7408401001 0.3218574201 0.7432607001 1.0153220001 0.9996125701
1.0126165001 0.9691478001 0.9775687001 0.9946995001 0.8443334701 0.8388052001 0.9738958001 0.9790429001 0.9738958001 0.9779369001 0.9629838501 0.5028546501 1.0041765001 0.9962078001 0.9928183601 0.9772005701 0.9805199501 0.9868303501 0.9857129001 0.9916919501 0.9909420001 0.9939465001 0.9775687001 0.9939465001 0 0.9572284001 1.0083846001 0.9920673001 0.3861252401 0.3816207001
0.7715348601 0.7549351501 0.7571273401 0.3473206801 0.9731633701 0.9575869001 0.3435167701 0.2275876401 0.2204428001 0.7413773001 0.3416220201 0.9946995001 0.7546615601 0.7574018001 0.7565787001 0.3414643401 0.3420952601 0.7593259001 0.7568530001 0.7552088501 0.7549351501 0.7408401001 0.7403031601 0.7408401001 0.9572284001 0 0.7615310001 0.3465266001 0.9853408001 0.9669665001
0.6322802301 0.5681842601 0.5711766001 0.7670722601 0.9992335401 0.9894442001 0.7681854001 0.7723746001 0.7718146401 0.3197102001 0.7642965301 1.0068517001 0.2938196001 0.2924891401 0.3244730801 0.7665162701 0.7687426001 0.2142963301 0.2149619801 0.3221646801 0.3220110201 0.3218574201 0.4699580001 0.3218574201 1.0083846001 0.7615310001 0 0.7598766001 1.0313674001 1.0278157001
0.7684639701 0.7631891001 0.7642965301 0.2043816601 0.9999918301 0.9775687001 0.2012364601 0.3524227001 0.3519429301 0.7489394501 0.2045130001 1.0011308001 0.7522039001 0.7532952001 0.7483968001 0.2009749401 0.2028074101 0.7679069601 0.7659607001 0.7459595001 0.7470417601 0.7432607001 0.7579511001 0.7432607001 0.9920673001 0.3465266001 0.7598766001 0 0.9999918301 0.9939465001
1.0405211001 0.9879494301 0.9834829601 1.0003713001 0.8659109501 0.8608519001 0.9969631001 0.9992335401 0.9962078001 0.9935702701 0.9808897001 0.4989544701 0.9958304001 0.9962078001 0.9958304001 0.9958304001 1.0022715001 0.9958304001 0.9992335401 0.9973410401 0.9962078001 1.0153220001 0.9845971001 1.0153220001 0.3861252401 0.9853408001 1.0313674001 0.9999918301 0 0.1855771801
1.0133885001 0.9637064001 0.9753628001 1.0007510001 0.8652767001 0.8694089001 0.9857129001 0.9812596401 0.9735294601 0.9853408001 0.9794118401 0.4966240801 0.9935702701 0.9916919501 0.9973410401 0.9916919501 0.9973410401 0.9808897001 0.9823704401 1.0007510001 0.9999918301 0.9996125701 0.9637064001 0.9996125701 0.3816207001 0.9669665001 1.0278157001 0.9939465001 0.1855771801 0
