0 0.86909026 0.8726031 0.87806475 0.9006499 0.83727676 0.8388052 0.9924427 0.9673296 0.96190137 0.9583042 0.97499573 0.8809723 0.8793556 0.95294064 0.9500957 0.88162 0.8800019 0.76985824 0.77181464 0.76623845 0.99357027 0.87324363 0.9958304 0.9706055 0.8793556 0.895022 0.9842255 0.7765873 0.97573
0.86909026 0 0.1576705 0.52106136 0.52246493 0.90164745 0.90799636 1.0172604 0.96769285 0.98051995 0.9680563 0.97426224 0.4224669 0.42387336 0.95794547 0.95615417 0.42598802 0.4261645 0.8729233 0.8684533 0.86972773 1.0254573 0.64729947 1.0258498 0.98051995 0.5299277 0.42793173 0.99131685 0.87581104 0.9658782
0.8726031 0.1576705 0 0.51886106 0.5174642 0.8999856 0.90164745 1.0176488 0.97206604 0.9666036 0.9590223 0.9779369 0.42387336 0.42387336 0.9604604 0.9554389 0.42387336 0.42229128 0.8624292 0.8599071 0.8592779 1.0282096 0.6573219 1.0270288 0.98869646 0.53134793 0.42881688 0.9901927 0.8726031 0.97573
0.87806475 0.52106136 0.51886106 0 0.15594494 0.88910866 0.8963424 1.0091523 0.9687838 0.96190137 0.9497408 0.9738958 0.5204606 0.5212617 0.9557965 0.9568702 0.52628785 0.5264896 0.87420535 0.8774201 0.87806475 1.0164845 0.6369415 1.0164845 0.9845971 0.51806253 0.52166253 0.9845971 0.87356406 0.9831119
0.9006499 0.52246493 0.5174642 0.15594494 0 0.88194406 0.8904187 1.0068517 0.9673296 0.946908 0.94232726 0.97170067 0.5266914 0.5264896 0.9572284 0.9568702 0.52427334 0.52527994 0.8700467 0.8726031 0.87484723 1.0053219 0.63251257 1.0064689 0.9853408 0.5156721 0.52186304 0.97243166 0.8800019 0.97316337
0.83727676 0.90164745 0.8999856 0.88910866 0.88194406 0 0.114047974 1.0049399 1.0015109 0.98645765 0.9827411 0.9691478 0.8783872 0.88226825 0.98907024 0.99131685 0.8812961 0.87645423 0.8366663 0.8406434 0.83636117 1.0072346 0.8884545 1.0060863 1.0211525 0.8803252 0.89601207 0.9958304 0.83240664 0.9860852
0.8388052 0.90799636 0.90164745 0.8963424 0.8904187 0.114047974 0 1.0053219 1.0099207 0.99923354 0.99658537 0.98645765 0.8812961 0.8874743 1.000751 1.001891 0.8923881 0.8874743 0.83605623 0.8388052 0.83483773 1.0103053 0.88780093 1.0095364 1.0282096 0.877098 0.8937039 1.0041765 0.83240664 0.9943229
0.9924427 1.0172604 1.0176488 1.0091523 1.0068517 1.0049399 1.0053219 0 0.9969631 1.01069 0.9969631 1.0361294 1.0095364 1.0034139 0.9860852 0.982 1.0180373 1.0176488 0.97426224 0.98348296 0.98237044 0.11056338 1.0022715 0.11033165 1.0227151 0.9946995 1.0080011 1.0099207 0.99545324 0.99923354
0.9673296 0.96769285 0.97206604 0.9687838 0.9673296 1.0015109 1.0099207 0.9969631 0 0.6713863 0.66456366 0.6937464 0.97867405 0.9713354 0.08269604 0.08347805 0.98832285 0.9857129 0.97243166 0.97720057 0.97426224 1.0003713 0.97352946 1.000751 0.6864684 0.9673296 0.9931942 0.30695426 0.9808897 0.23548532
0.96190137 0.98051995 0.9666036 0.96190137 0.946908 0.98645765 0.99923354 1.01069 0.6713863 0 0.07183272 0.684224 0.9626228 0.9615409 0.66383636 0.6563616 0.9853408 0.9842255 0.99169195 0.99357027 0.99169195 1.0203725 0.9746289 1.0149349 0.5481887 0.97243166 0.9680563 0.66918653 0.9779369 0.662142
0.9583042 0.9680563 0.9590223 0.9497408 0.94232726 0.9827411 0.99658537 0.9969631 0.66456366 0.07183272 0 0.6785187 0.9572284 0.95508146 0.654684 0.6484856 0.97426224 0.9738958 0.9845971 0.98832285 0.9872032 1.0041765 0.9637064 1.0003713 0.5407486 0.9604604 0.96298385 0.6677236 0.9673296 0.65876466
0.97499573 0.97426224 0.9779369 0.9738958 0.97170067 0.9691478 0.98645765 1.0361294 0.6937464 0.684224 0.6785187 0 0.9626228 0.97024083 0.684224 0.68149 0.97316337 0.9680563 0.9644296 0.97243166 0.9655158 1.0258498 0.9713354 1.0266355 0.6972853 0.97573 0.98757625 0.6993151 0.9845971 0.68621874
0.8809723 0.4224669 0.42387336 0.5204606 0.5266914 0.8783872 0.8812961 1.0095364 0.97867405 0.9626228 0.9572284 0.9626228 0 0.043963727 0.97170067 0.9713354 0.36565742 0.3619216 0.86274505 0.864643 0.8624292 1.018426 0.6563616 1.0172604 0.9924427 0.5279034 0.32771683 0.9977191 0.8624292 0.9946995
0.8793556 0.42387336 0.42387336 0.5212617 0.5264896 0.88226825 0.8874743 1.0034139 0.9713354 0.9615409 0.95508146 0.97024083 0.043963727 0 0.9651536 0.9637064 0.3677772 0.36533183 0.8662283 0.8678169 0.86654574 1.018426 0.6530102 1.0176488 0.9939465 0.5204606 0.3291113 0.99281836 0.8649598 0.9894442
0.95294064 0.95794547 0.9604604 0.9557965 0.9572284 0.98907024 1.000751 0.9860852 0.08269604 0.66383636 0.654684 0.684224 0.97170067 0.9651536 0 0.040789343 0.9808897 0.97867405 0.95294064 0.9572284 0.95258445 0.9950763 0.9655158 0.99545324 0.67359257 0.95258445 0.97609735 0.30650267 0.97024083 0.23179846
0.9500957 0.95615417 0.9554389 0.9568702 0.9568702 0.99131685 1.001891 0.982 0.08347805 0.6563616 0.6484856 0.68149 0.9713354 0.9637064 0.040789343 0 0.9790429 0.9790429 0.95151687 0.9543672 0.9504507 0.9943229 0.97024083 0.9946995 0.67114156 0.9543672 0.9790429 0.3063522 0.96479154 0.23275258
0.88162 0.42598802 0.42387336 0.52628785 0.52427334 0.8812961 0.8923881 1.0180373 0.98832285 0.9853408 0.97426224 0.97316337 0.36565742 0.3677772 0.9808897 0.9790429 0 0.0267722 0.870685 0.870685 0.8668633 1.0168724 0.6444604 1.0172604 1.001891 0.52749914 0.37203488 0.982 0.8694089 0.9831119
0.8800019 0.4261645 0.42229128 0.5264896 0.52527994 0.87645423 0.8874743 1.0176488 0.9857129 0.9842255 0.9738958 0.9680563 0.3619216 0.36533183 0.97867405 0.9790429 0.0267722 0 0.86972773 0.8703658 0.86749893 1.0172604 0.6430448 1.0176488 0.9939465 0.5256829 0.37203488 0.97426224 0.86972773 0.98051995
0.76985824 0.8729233 0.8624292 0.87420535 0.8700467 0.8366663 0.83605623 0.97426224 0.97243166 0.99169195 0.9845971 0.9644296 0.86274505 0.8662283 0.95294064 0.95151687 0.870685 0.86972773 0 0.028224481 0.025840072 0.982 0.8643263 0.98645765 0.9504507 0.87967867 0.86877173 0.95080596 0.24610032 0.94232726
0.77181464 0.8684533 0.8599071 0.8774201 0.8726031 0.8406434 0.8388052 0.98348296 0.97720057 0.99357027 0.98832285 0.97243166 0.864643 0.8678169 0.9572284 0.9543672 0.870685 0.8703658 0.028224481 0 0.023153748 0.98794943 0.86654574 0.99169195 0.95151687 0.8793556 0.86877173 0.95472425 0.24776822 0.9472615
0.76623845 0.86972773 0.8592779 0.87806475 0.87484723 0.83636117 0.83483773 0.98237044 0.97426224 0.99169195 0.9872032 0.9655158 0.8624292 0.86654574 0.95258445 0.9504507 0.8668633 0.86749893 0.025840072 0.023153748 0 0.9853408 0.8668633 0.98907024 0.9518725 0.87806475 0.86749893 0.9557965 0.2459615 0.944438
0.99357027 1.0254573 1.0282096 1.0164845 1.0053219 1.0072346 1.0103053 0.11056338 1.0003713 1.0203725 1.0041765 1.0258498 1.018426 1.018426 0.9950763 0.9943229 1.0168724 1.0172604 0.982 0.98794943 0.9853408 0 0.99999183 0.008649687 1.0254573 1.0087683 1.0180373 1.0118452 1.0045581 1.0137748
0.87324363 0.64729947 0.6573219 0.6369415 0.63251257 0.8884545 0.88780093 1.0022715 0.97352946 0.9746289 0.9637064 0.9713354 0.6563616 0.6530102 0.9655158 0.97024083 0.6444604 0.6430448 0.8643263 0.86654574 0.8668633 0.99999183 0 1.0015109 0.9901927 0.6449328 0.6599691 0.9901927 0.8599071 0.9706055
0.9958304 1.0258498 1.0270288 1.0164845 1.0064689 1.0060863 1.0095364 0.11033165 1.000751 1.0149349 1.0003713 1.0266355 1.0172604 1.0176488 0.99545324 0.9946995 1.0172604 1.0176488 0.98645765 0.99169195 0.98907024 0.008649687 1.0015109 0 1.0242808 1.0076177 1.0172604 1.0157093 1.0072346 1.0130024
0.9706055 0.98051995 0.98869646 0.9845971 0.9853408 1.0211525 1.0282096 1.0227151 0.6864684 0.5481887 0.5407486 0.6972853 0.9924427 0.9939465 0.67359257 0.67114156 1.001891 0.9939465 0.9504507 0.95151687 0.9518725 1.0254573 0.9901927 1.0242808 0 0.9920673 1.0011308 0.671876 0.9687838 0.6694307
0.8793556 0.5299277 0.53134793 0.51806253 0.5156721 0.8803252 0.877098 0.9946995 0.9673296 0.97243166 0.9604604 0.97573 0.5279034 0.5204606 0.95258445 0.9543672 0.52749914 0.5256829 0.87967867 0.8793556 0.87806475 1.0087683 0.6449328 1.0076177 0.9920673 0 0.52387106 0.97316337 0.8719632 0.9604604
0.895022 0.42793173 0.42881688 0.52166253 0.52186304 0.89601207 0.8937039 1.0080011 0.9931942 0.9680563 0.96298385 0.98757625 0.32771683 0.3291113 0.97609735 0.9790429 0.37203488 0.37203488 0.86877173 0.86877173 0.86749893 1.0180373 0.6599691 1.0172604 1.0011308 0.52387106 0 1.0087683 0.870685 0.99961257
0.9842255 0.99131685 0.9901927 0.9845971 0.97243166 0.9958304 1.0041765 1.0099207 0.30695426 0.66918653 0.6677236 0.6993151 0.9977191 0.99281836 0.30650267 0.3063522 0.982 0.97426224 0.95080596 0.95472425 0.9557965 1.0118452 0.9901927 1.0157093 0.671876 0.97316337 1.0087683 0 0.9658782 0.31315327
0.7765873 0.87581104 0.8726031 0.87356406 0.8800019 0.83240664 0.83240664 0.99545324 0.9808897 0.9779369 0.9673296 0.9845971 0.8624292 0.8649598 0.97024083 0.96479154 0.8694089 0.86972773 0.24610032 0.24776822 0.2459615 1.0045581 0.8599071 1.0072346 0.9687838 0.8719632 0.870685 0.9658782 0 0.96010065
0.97573 0.9658782 0.97573 0.9831119 0.97316337 0.9860852 0.9943229 0.99923354 0.23548532 0.662142 0.65876466 0.68621874 0.9946995 0.9894442 0.23179846 0.23275258 0.9831119 0.98051995 0.94232726 0.9472615 0.944438 1.0137748 0.9706055 1.0130024 0.6694307 0.9604604 0.99961257 0.31315327 0.96010065 0
