0 0.7309697 0.7336246 0.7291169 0.72726864 0.7312348 0.7312348 0.71627367 0.71445674 0.72122765 0.7196597 0.7254249 1.0242808 0.45697227 0.7275324 0.7309697 0.4555024 1.0258498 1.033348 0.46158424 0.45881367 1.0199828 0.7220128 1.0203725 1.0176488 1.0215429 0.7139384 0.72332335 0.72332335 0.7173139
0.7309697 0 0.41373572 0.40854537 0.45129248 0.45184028 0.45056275 0.45056275 0.4471061 0.30831063 0.3062018 0.3373763 0.98757625 0.7220128 0.44366533 0.44674316 0.7207046 0.9894442 0.9920673 0.7227989 0.72148925 1.0325551 0.26593643 1.0305767 0.99658537 1.0231062 0.3052998 0.3189448 0.31027418 0.2243438
0.7336246 0.41373572 0 0.19020207 0.4555024 0.45165765 0.4489234 0.4507451 0.44330403 0.4100987 0.41269478 0.41044435 0.99847597 0.7280602 0.4400604 0.4443884 0.7259512 1.0003713 1.001891 0.72463614 0.72726864 1.0242808 0.40768382 1.0274222 1.0242808 1.0215429 0.40202212 0.4166929 0.4180886 0.39691195
0.7291169 0.40854537 0.19020207 0 0.442582 0.44348466 0.43916187 0.44420755 0.44060004 0.40733945 0.40889028 0.39895183 0.9860852 0.70697606 0.43076792 0.4355785 0.7087749 0.9842255 0.9816297 0.7082605 0.7080034 1.0238891 0.39827126 1.0262426 1.014548 1.0238891 0.39183635 0.40785605 0.41113606 0.39369342
0.72726864 0.45129248 0.4555024 0.442582 0 0.18698733 0.1807261 0.366472 0.36451846 0.46455088 0.45770827 0.45092753 1.0060863 0.72885257 0.17869289 0.1807261 0.72122765 1.0030329 1.0072346 0.72832423 0.72779626 1.042526 0.45642072 1.0485728 1.0118452 1.0274222 0.44983372 0.45697227 0.45973605 0.4461991
0.7312348 0.45184028 0.45165765 0.44348466 0.18698733 0 0.14591707 0.3697393 0.36696118 0.45421863 0.4500159 0.44928738 1.0293922 0.7220128 0.14421831 0.14567415 0.7170537 1.025065 1.025065 0.7264779 0.72122765 1.0481682 0.4478325 1.0518178 1.0242808 1.0188149 0.45147505 0.45918247 0.45826077 0.44728765
0.7312348 0.45056275 0.4489234 0.43916187 0.1807261 0.14591707 0 0.36078832 0.3609501 0.45129248 0.44983372 0.4474692 1.0389212 0.7312348 0.11544636 0.114979945 0.7251619 1.0361294 1.0397208 0.7320306 0.7264779 1.0546688 0.44928738 1.0587604 1.030972 1.0481682 0.44511214 0.45476854 0.45385224 0.4443884
0.71627367 0.45056275 0.4507451 0.44420755 0.366472 0.3697393 0.36078832 0 0.09689845 0.45770827 0.45348603 0.44728765 1.0064689 0.71212715 0.35578993 0.35836557 0.71367943 1.0095364 1.0091523 0.71316165 0.7126442 1.0546688 0.4489234 1.0575305 1.0381224 1.0329514 0.44276246 0.45312 0.45293704 0.44475016
0.71445674 0.4471061 0.44330403 0.44060004 0.36451846 0.36696118 0.3609501 0.09689845 0 0.4522057 0.44946945 0.4461991 1.0037951 0.7110941 0.35354343 0.35675475 0.71316165 1.0030329 1.0118452 0.71212715 0.7129029 1.0401208 0.44674316 1.0437315 1.0262426 1.018426 0.44078 0.4507451 0.4489234 0.4371889
0.72122765 0.30831063 0.4100987 0.40733945 0.46455088 0.45421863 0.45129248 0.45770827 0.4522057 0 0.08370163 0.3372195 1.0095364 0.71783453 0.44928738 0.4522057 0.71601385 1.005704 1.0053219 0.71887696 0.7175742 1.0172604 0.3068037 1.018426 1.0126165 1.0289978 0.3009554 0.3119397 0.22691068 0.2981227
0.7196597 0.3062018 0.41269478 0.40889028 0.45770827 0.4500159 0.44983372 0.45348603 0.44946945 0.08370163 0 0.3340906 1.0095364 0.7072328 0.44601783 0.44983372 0.7062064 1.0072346 1.0060863 0.7072328 0.70903224 1.0137748 0.30200177 1.0137748 1.0080011 1.019204 0.30215135 0.31103078 0.2279941 0.29648757
0.7254249 0.3373763 0.41044435 0.39895183 0.45092753 0.44928738 0.4474692 0.44728765 0.4461991 0.3372195 0.3340906 0 1.0037951 0.71186876 0.44168046 0.4474692 0.7141975 1.0072346 1.0130024 0.7129029 0.71238565 1.0270288 0.33019772 1.0246727 1.01146 1.032159 0.3306638 0.33894598 0.33768997 0.33004242
1.0242808 0.98757625 0.99847597 0.9860852 1.0060863 1.0293922 1.0389212 1.0064689 1.0037951 1.0095364 1.0095364 1.0037951 0 1.000751 1.042526 1.0489776 0.99658537 0.06744353 0.06580418 1.002652 0.99658537 0.43005788 0.9950763 0.43504247 0.42952576 0.4366517 0.99056727 1.0068517 1.0080011 0.9958304
0.45697227 0.7220128 0.7280602 0.70697606 0.72885257 0.7220128 0.7312348 0.71212715 0.7110941 0.71783453 0.7072328 0.71186876 1.000751 0 0.7235857 0.72991043 0.04555597 1.0003713 0.9950763 0.04821725 0.044706352 0.99545324 0.71342045 0.99961257 0.9872032 0.98237044 0.7080034 0.7207046 0.7191378 0.7113522
0.7275324 0.44366533 0.4400604 0.43076792 0.17869289 0.14421831 0.11544636 0.35578993 0.35354343 0.44928738 0.44601783 0.44168046 1.042526 0.7235857 0 0.046300177 0.7193987 1.0409217 1.0445362 0.7241107 0.7193987 1.0604033 0.44042012 1.0620499 1.0219333 1.0377234 0.44330403 0.44983372 0.45184028 0.43397155
0.7309697 0.44674316 0.4443884 0.4355785 0.1807261 0.14567415 0.114979945 0.35836557 0.35675475 0.4522057 0.44983372 0.4474692 1.0489776 0.72991043 0.046300177 0 0.72384816 1.0481682 1.0493827 0.7293813 0.72463614 1.057121 0.44330403 1.0620499 1.0258498 1.0401208 0.44837776 0.4566045 0.45605326 0.44024023
0.4555024 0.7207046 0.7259512 0.7087749 0.72122765 0.7170537 0.7251619 0.71367943 0.71316165 0.71601385 0.7062064 0.7141975 0.99658537 0.04555597 0.7193987 0.72384816 0 0.9939465 0.99056727 0.04406977 0.039945103 0.9931942 0.71212715 0.99885464 0.98051995 0.9746289 0.70466954 0.72148925 0.7141975 0.71161044
1.0258498 0.9894442 1.0003713 0.9842255 1.0030329 1.025065 1.0361294 1.0095364 1.0030329 1.005704 1.0072346 1.0072346 0.06744353 1.0003713 1.0409217 1.0481682 0.9939465 0 0.04216326 1.0003713 0.9958304 0.43183428 0.99357027 0.43683073 0.42775482 0.4366517 0.9920673 1.019204 0.9980974 1.0003713
1.033348 0.9920673 1.001891 0.9816297 1.0072346 1.025065 1.0397208 1.0091523 1.0118452 1.0053219 1.0060863 1.0130024 0.06580418 0.9950763 1.0445362 1.0493827 0.99056727 0.04216326 0 0.9943229 0.9898184 0.42828566 0.99999183 0.4330803 0.42669424 0.4362938 0.9924427 1.0141612 1.0049399 1.0045581
0.46158424 0.7227989 0.72463614 0.7082605 0.72832423 0.7264779 0.7320306 0.71316165 0.71212715 0.71887696 0.7072328 0.7129029 1.002652 0.04821725 0.7241107 0.7293813 0.04406977 1.0003713 0.9943229 0 0.03353885 0.9946995 0.71601385 0.99961257 0.982 0.98051995 0.70364666 0.721751 0.72044325 0.71186876
0.45881367 0.72148925 0.72726864 0.7080034 0.72779626 0.72122765 0.7264779 0.7126442 0.7129029 0.7175742 0.70903224 0.71238565 0.99658537 0.044706352 0.7193987 0.72463614 0.039945103 0.9958304 0.9898184 0.03353885 0 1.0015109 0.7113522 1.0068517 0.9901927 0.9860852 0.70441365 0.723061 0.71992075 0.71342045
1.0199828 1.0325551 1.0242808 1.0238891 1.042526 1.0481682 1.0546688 1.0546688 1.0401208 1.0172604 1.0137748 1.0270288 0.43005788 0.99545324 1.0604033 1.057121 0.9931942 0.43183428 0.42828566 0.9946995 1.0015109 0 1.0293922 0.031450294 0.401168 0.4163444 1.0203725 1.0373245 1.0103053 1.033348
0.7220128 0.26593643 0.40768382 0.39827126 0.45642072 0.4478325 0.44928738 0.4489234 0.44674316 0.3068037 0.30200177 0.33019772 0.9950763 0.71342045 0.44042012 0.44330403 0.71212715 0.99357027 0.99999183 0.71601385 0.7113522 1.0293922 0 1.0297868 0.99357027 1.0110749 0.2988671 0.30289978 0.31027418 0.2522342
1.0203725 1.0305767 1.0274222 1.0262426 1.0485728 1.0518178 1.0587604 1.0575305 1.0437315 1.018426 1.0137748 1.0246727 0.43504247 0.99961257 1.0620499 1.0620499 0.99885464 0.43683073 0.4330803 0.99961257 1.0068517 0.031450294 1.0297868 0 0.4049334 0.4200119 1.0188149 1.0385218 1.0064689 1.0377234
1.0176488 0.99658537 1.0242808 1.014548 1.0118452 1.0242808 1.030972 1.0381224 1.0262426 1.0126165 1.0080011 1.01146 0.42952576 0.9872032 1.0219333 1.0258498 0.98051995 0.42775482 0.42669424 0.982 0.9901927 0.401168 0.99357027 0.4049334 0 0.2616718 1.0122308 1.025065 1.01069 0.9943229
1.0215429 1.0231062 1.0215429 1.0238891 1.0274222 1.0188149 1.0481682 1.0329514 1.018426 1.0289978 1.019204 1.032159 0.4366517 0.98237044 1.0377234 1.0401208 0.9746289 0.4366517 0.4362938 0.98051995 0.9860852 0.4163444 1.0110749 0.4200119 0.2616718 0 1.0313674 1.0301816 1.0203725 1.0168724
0.7139384 0.3052998 0.40202212 0.39183635 0.44983372 0.45147505 0.44511214 0.44276246 0.44078 0.3009554 0.30215135 0.3306638 0.99056727 0.7080034 0.44330403 0.44837776 0.70466954 0.9920673 0.9924427 0.70364666 0.70441365 1.0203725 0.2988671 1.0188149 1.0122308 1.0313674 0 0.23057352 0.30215135 0.2955972
0.72332335 0.3189448 0.4166929 0.40785605 0.45697227 0.45918247 0.45476854 0.45312 0.4507451 0.3119397 0.31103078 0.33894598 1.0068517 0.7207046 0.44983372 0.4566045 0.72148925 1.019204 1.0141612 0.721751 0.723061 1.0373245 0.30289978 1.0385218 1.025065 1.0301816 0.23057352 0 0.3143688 0.30304956
0.72332335 0.31027418 0.4180886 0.41113606 0.45973605 0.45826077 0.45385224 0.45293704 0.4489234 0.22691068 0.2279941 0.33768997 1.0080011 0.7191378 0.45184028 0.45605326 0.7141975 0.9980974 1.0049399 0.72044325 0.71992075 1.0103053 0.31027418 1.0064689 1.01069 1.0203725 0.30215135 0.3143688 0 0.30050746
0.7173139 0.2243438 0.39691195 0.39369342 0.4461991 0.44728765 0.4443884 0.44475016 0.4371889 0.2981227 0.29648757 0.33004242 0.9958304 0.7113522 0.43397155 0.44024023 0.71161044 1.0003713 1.0045581 0.71186876 0.71342045 1.033348 0.2522342 1.0377234 0.9943229 1.0168724 0.2955972 0.30304956 0.30050746 0
