0 1.015322 1.0103053 1.0076177 1.042526 1.0313674 1.0262426 1.0227151 1.0254573 1.0357314 1.0072346 1.0215429 1.0015109 1.0393208 1.0501935 1.0282096 1.0258498 1.0437315 1.0397208 1.0389212 1.0385218 1.0337447 1.0449389 1.0282096 1.0003713 1.0083846 1.000751 1.0011308 1.0211525 1.0242808
1.015322 0 0.92154074 0.83149695 0.9440858 0.81738806 0.8105793 0.99545324 0.99056727 0.936379 0.97426224 0.9256522 0.9753628 0.944438 0.9583042 0.3062018 0.308009 0.93777436 0.94127417 0.9388226 0.93987226 0.9270277 0.8339251 0.929441 0.9249654 0.9218825 0.9845971 0.81442016 0.91711193 0.90766084
1.0103053 0.92154074 0 0.93116945 0.30379888 0.94267863 0.93082345 1.0076177 1.0015109 0.29086626 0.99357027 0.8933747 0.9894442 0.31042543 0.31012297 0.9270277 0.92840576 0.30605137 0.3074061 0.35290283 0.35386395 0.28557938 0.9395222 0.28543305 0.86877173 0.87677604 0.9857129 0.89766514 0.853951 0.853951
1.0076177 0.83149695 0.93116945 0 0.95080596 0.2557418 0.25743133 1.002652 0.9962078 0.9342909 0.9860852 0.9205164 0.9845971 0.9374253 0.94903165 0.8293787 0.8194727 0.9370764 0.94127417 0.95151687 0.9554389 0.92359364 0.8088132 0.92393637 0.91203403 0.9229087 1.0022715 0.49082956 0.9086678 0.9063204
1.042526 0.9440858 0.30379888 0.95080596 0 0.95151687 0.9440858 1.0254573 1.0203725 0.31239453 1.005704 0.910349 1.0037951 0.17023818 0.17174548 0.9511613 0.9497408 0.16860871 0.16785783 0.35322306 0.35466585 0.31072804 0.9388226 0.30951837 0.8858435 0.8719632 0.9962078 0.91643286 0.890091 0.8700467
1.0313674 0.81738806 0.94267863 0.2557418 0.95151687 0 0.115796365 1.015322 1.0103053 0.93777436 0.9943229 0.91915274 0.9860852 0.9395222 0.9518725 0.82395923 0.81828076 0.94373375 0.94867724 0.96769285 0.9698763 0.92771643 0.8000446 0.9287507 0.92017525 0.9110226 0.9860852 0.4826014 0.9043141 0.90665525
1.0262426 0.8105793 0.93082345 0.25743133 0.9440858 0.115796365 0 1.019204 1.0103053 0.9259958 0.9969631 0.9232511 0.990942 0.9335961 0.94373375 0.8099901 0.80617183 0.9405729 0.9433819 0.9673296 0.9709704 0.91779155 0.811759 0.9174517 0.9242792 0.92085767 0.9894442 0.48986816 0.90231323 0.9242792
1.0227151 0.99545324 1.0076177 1.002652 1.0254573 1.015322 1.019204 0 0.06286237 1.0207624 0.31955704 0.9939465 0.31833306 1.0207624 1.0242808 1.0160967 1.019204 1.0234975 1.0223241 1.0219333 1.025065 1.0227151 1.0141612 1.0215429 0.9943229 0.9838541 0.6180116 0.9939465 0.9969631 1.000751
1.0254573 0.99056727 1.0015109 0.9962078 1.0203725 1.0103053 1.0103053 0.06286237 0 1.0164845 0.32247207 0.9950763 0.3201698 1.0238891 1.0227151 1.0041765 1.0072346 1.0211525 1.0219333 1.0188149 1.0246727 1.0172604 1.0168724 1.0157093 0.99056727 0.9931942 0.61687267 0.9827411 1.005704 1.0118452
1.0357314 0.936379 0.29086626 0.9342909 0.31239453 0.93777436 0.9259958 1.0207624 1.0164845 0 1.0045581 0.92119914 0.9946995 0.31940395 0.32339495 0.9263396 0.92771643 0.31986335 0.31986335 0.35338324 0.35578993 0.05722894 0.9511613 0.055396385 0.8774201 0.8848668 0.99847597 0.9127091 0.88194406 0.88226825
1.0072346 0.97426224 0.99357027 0.9860852 1.005704 0.9943229 0.9969631 0.31955704 0.32247207 1.0045581 0 0.9691478 0.05668949 1.0049399 1.0137748 1.0049399 0.9969631 1.0110749 1.0110749 1.0080011 1.0133885 1.0045581 1.0011308 1.0064689 0.97426224 0.96479154 0.60512894 0.9658782 0.9920673 0.9845971
1.0215429 0.9256522 0.8933747 0.9205164 0.910349 0.91915274 0.9232511 0.9939465 0.9950763 0.92119914 0.9691478 0 0.9713354 0.91439945 0.91915274 0.953297 0.9500957 0.90933985 0.90799636 0.92017525 0.9184719 0.90766084 0.9346385 0.9096761 0.9069903 0.88064873 0.99734104 0.9123715 0.8719632 0.85959244
1.0015109 0.9753628 0.9894442 0.9845971 1.0037951 0.9860852 0.990942 0.31833306 0.3201698 0.9946995 0.05668949 0.9713354 0 1.0049399 1.0180373 1.0053219 0.99847597 1.0126165 1.0126165 1.0087683 1.0133885 0.9958304 0.9939465 0.99545324 0.96226203 0.9590223 0.6031149 0.9590223 0.9872032 0.98348296
1.0393208 0.944438 0.31042543 0.9374253 0.17023818 0.9395222 0.9335961 1.0207624 1.0238891 0.31940395 1.0049399 0.91439945 1.0049399 0 0.050780986 0.9565121 0.95472425 0.0820264 0.08224955 0.35562924 0.3562722 0.31360888 0.9346385 0.31209126 0.88194406 0.86179787 1.0003713 0.9123715 0.89865875 0.87484723
1.0501935 0.9583042 0.31012297 0.94903165 0.17174548 0.9518725 0.94373375 1.0242808 1.0227151 0.32339495 1.0137748 0.91915274 1.0180373 0.050780986 0 0.96298385 0.9615409 0.08269604 0.08336629 0.35482633 0.3545054 0.31680587 0.9472615 0.31528178 0.8851922 0.86654574 0.99999183 0.9188122 0.9043141 0.8809723
1.0282096 0.3062018 0.9270277 0.8293787 0.9511613 0.82395923 0.8099901 1.0160967 1.0041765 0.9263396 1.0049399 0.953297 1.0053219 0.9565121 0.96298385 0 0.04174025 0.9483231 0.9543672 0.9518725 0.9575869 0.9232511 0.85959244 0.9301319 0.93151563 0.9395222 1.0345387 0.81234956 0.9301319 0.92462224
1.0258498 0.308009 0.92840576 0.8194727 0.9497408 0.81828076 0.80617183 1.019204 1.0072346 0.92771643 0.9969631 0.9500957 0.99847597 0.95472425 0.9615409 0.04174025 0 0.9472615 0.95294064 0.9522284 0.95615417 0.9222244 0.85896355 0.9287507 0.928061 0.9346385 1.0219333 0.80617183 0.928061 0.9263396
1.0437315 0.93777436 0.30605137 0.9370764 0.16860871 0.94373375 0.9405729 1.0234975 1.0211525 0.31986335 1.0110749 0.90933985 1.0126165 0.0820264 0.08269604 0.9483231 0.9472615 0 0.021917144 0.35098425 0.35162324 0.31482518 0.93987226 0.31360888 0.88780093 0.87324363 0.99357027 0.9167723 0.8973342 0.87613255
1.0397208 0.94127417 0.3074061 0.94127417 0.16785783 0.94867724 0.9433819 1.0223241 1.0219333 0.31986335 1.0110749 0.90799636 1.0126165 0.08224955 0.08336629 0.9543672 0.95294064 0.021917144 0 0.35178307 0.35306293 0.31512955 0.9476152 0.31391275 0.8920595 0.8738847 1.0015109 0.91915274 0.89766514 0.87967867
1.0389212 0.9388226 0.35290283 0.95151687 0.35322306 0.96769285 0.9673296 1.0219333 1.0188149 0.35338324 1.0080011 0.92017525 1.0087683 0.35562924 0.35482633 0.9518725 0.9522284 0.35098425 0.35178307 0 0.01852696 0.35354343 0.9433819 0.35194293 0.89304566 0.88259256 0.99169195 0.90665525 0.891731 0.8858435
1.0385218 0.93987226 0.35386395 0.9554389 0.35466585 0.9698763 0.9709704 1.025065 1.0246727 0.35578993 1.0133885 0.9184719 1.0133885 0.3562722 0.3545054 0.9575869 0.95615417 0.35162324 0.35306293 0.01852696 0 0.35530797 0.9500957 0.35370368 0.8963424 0.8864954 0.9939465 0.9086678 0.8973342 0.890091
1.0337447 0.9270277 0.28557938 0.92359364 0.31072804 0.92771643 0.91779155 1.0227151 1.0172604 0.05722894 1.0045581 0.90766084 0.9958304 0.31360888 0.31680587 0.9232511 0.9222244 0.31482518 0.31512955 0.35354343 0.35530797 0 0.94903165 0.01179222 0.8783872 0.8738847 0.9943229 0.90565103 0.8774201 0.87613255
1.0449389 0.8339251 0.9395222 0.8088132 0.9388226 0.8000446 0.811759 1.0141612 1.0168724 0.9511613 1.0011308 0.9346385 0.9939465 0.9346385 0.9472615 0.85959244 0.85896355 0.93987226 0.9476152 0.9433819 0.9500957 0.94903165 0 0.946908 0.929441 0.94479036 1.0254573 0.78195757 0.9150766 0.9127091
1.0282096 0.929441 0.28543305 0.92393637 0.30951837 0.9287507 0.9174517 1.0215429 1.0157093 0.055396385 1.0064689 0.9096761 0.99545324 0.31209126 0.31528178 0.9301319 0.9287507 0.31360888 0.31391275 0.35194293 0.35370368 0.01179222 0.946908 0 0.8787099 0.8729233 0.99961257 0.903313 0.8774201 0.8800019
1.0003713 0.9249654 0.86877173 0.91203403 0.8858435 0.92017525 0.9242792 0.9943229 0.99056727 0.8774201 0.97426224 0.9069903 0.96226203 0.88194406 0.8851922 0.93151563 0.928061 0.88780093 0.8920595 0.89304566 0.8963424 0.8783872 0.929441 0.8787099 0 0.6962725 1.0083846 0.9043141 0.7333587 0.72858834
1.0083846 0.9218825 0.87677604 0.9229087 0.8719632 0.9110226 0.92085767 0.9838541 0.9931942 0.8848668 0.96479154 0.88064873 0.9590223 0.86179787 0.86654574 0.9395222 0.9346385 0.87324363 0.8738847 0.88259256 0.8864954 0.8738847 0.94479036 0.8729233 0.6962725 0 0.97316337 0.91169673 0.7291169 0.7275324
1.000751 0.9845971 0.9857129 1.0022715 0.9962078 0.9860852 0.9894442 0.6180116 0.61687267 0.99847597 0.60512894 0.99734104 0.6031149 1.0003713 0.99999183 1.0345387 1.0219333 0.99357027 1.0015109 0.99169195 0.9939465 0.9943229 1.0254573 0.99961257 1.0083846 0.97316337 0 0.97426224 0.99658537 0.9666036
1.0011308 0.81442016 0.89766514 0.49082956 0.91643286 0.4826014 0.48986816 0.9939465 0.9827411 0.9127091 0.9658782 0.9123715 0.9590223 0.9123715 0.9188122 0.81234956 0.80617183 0.9167723 0.91915274 0.90665525 0.9086678 0.90565103 0.78195757 0.903313 0.9043141 0.91169673 0.97426224 0 0.90098226 0.88682157
1.0211525 0.91711193 0.853951 0.9086678 0.890091 0.9043141 0.90231323 0.9969631 1.005704 0.88194406 0.9920673 0.8719632 0.9872032 0.89865875 0.9043141 0.9301319 0.928061 0.8973342 0.89766514 0.891731 0.8973342 0.8774201 0.9150766 0.8774201 0.7333587 0.7291169 0.99658537 0.90098226 0 0.3238568
1.0242808 0.90766084 0.853951 0.9063204 0.8700467 0.90665525 0.9242792 1.000751 1.0118452 0.88226825 0.9845971 0.85959244 0.98348296 0.87484723 0.8809723 0.92462224 0.9263396 0.87613255 0.87967867 0.8858435 0.890091 0.87613255 0.9127091 0.8800019 0.72858834 0.7275324 0.9666036 0.88682157 0.3238568 0
