0 0.9680563 0.931862 0.9768326 0.97024083 0.9419761 0.9608204 0.99281836 0.96190137 0.96769285 0.9565121 0.94162506 0.9698763 0.982 0.9853408 0.95615417 0.95866317 0.99131685 0.98832285 0.9611805 0.9680563 0.9222244 0.9962078 0.910349 0.95151687 0.97720057 0.95866317 0.9287507 0.946908 0.96406794
0.9680563 0 0.9687838 0.84156424 0.83210325 0.9764649 0.5448729 0.68049824 0.66748005 0.6731017 0.5459075 0.9845971 0.5440462 0.6699191 0.67629796 0.3493892 0.35354343 0.680994 0.6760516 0.5444594 0.5430141 0.9615409 0.83180004 0.9655158 0.9924427 0.6713863 0.54116 0.9698763 0.40992597 0.40975326
0.931862 0.9687838 0 1.0176488 1.005704 0.21776423 1.0141612 1.0099207 0.9572284 0.9565121 1.005704 0.9673296 1.0141612 1.000751 1.000751 0.9673296 0.97206604 1.001891 1.002652 1.0188149 1.0203725 0.21217017 1.0317632 0.21177219 0.59092313 0.98125964 0.9651536 0.38679487 0.982 0.98051995
0.9768326 0.84156424 1.0176488 0 0.15878189 1.0188149 0.8354467 0.83210325 0.82455945 0.83089113 0.81828076 0.9977191 0.82395923 0.8375822 0.83422923 0.8508351 0.85770726 0.8381934 0.83028585 0.84310144 0.8424862 1.0172604 0.8236593 1.0141612 1.0087683 0.83941746 0.8200693 1.000751 0.8381934 0.8293787
0.97024083 0.83210325 1.005704 0.15878189 0 1.0045581 0.8357514 0.82546073 0.8188765 0.8263631 0.8153093 0.98237044 0.8221614 0.8111689 0.81442016 0.8400302 0.8474224 0.83301365 0.82395923 0.8375822 0.83636117 1.001891 0.8388052 0.9962078 1.0118452 0.82877463 0.811759 1.0064689 0.83422923 0.8269652
0.9419761 0.9764649 0.21776423 1.0188149 1.0045581 0 1.0103053 1.0022715 0.9673296 0.9666036 1.0118452 0.9790429 1.0110749 1.0091523 1.0045581 0.9853408 0.99169195 0.99999183 1.0068517 1.0137748 1.01146 0.15042526 1.0258498 0.15128121 0.58544624 0.98907024 0.98051995 0.38245285 0.9842255 0.9768326
0.9608204 0.5448729 1.0141612 0.8354467 0.8357514 1.0103053 0 0.67926043 0.68049824 0.68972224 0.4163444 0.97941184 0.41443047 0.6849714 0.6847222 0.5444594 0.5477734 0.6713863 0.6699191 0.123302296 0.12353807 1.0011308 0.8257614 1.0041765 1.0083846 0.6767909 0.52952236 0.99357027 0.54177755 0.5446661
0.99281836 0.68049824 1.0099207 0.83210325 0.82546073 1.0022715 0.67926043 0 0.46102932 0.46939683 0.6877182 0.9962078 0.6849714 0.46455088 0.4647367 0.68298006 0.6834774 0.12400984 0.12235993 0.6775309 0.6790131 1.0130024 0.8567664 1.0099207 1.025065 0.5374654 0.67065233 1.01146 0.68298006 0.6827315
0.96190137 0.66748005 0.9572284 0.82455945 0.8188765 0.9673296 0.68049824 0.46102932 0 0.09462607 0.67359257 0.99056727 0.67580533 0.4578924 0.46510842 0.671876 0.67089695 0.46417943 0.4660386 0.68571955 0.6849714 0.9565121 0.84340924 0.9554389 0.97316337 0.5438397 0.65852404 0.9680563 0.67654437 0.671876
0.96769285 0.6731017 0.9565121 0.83089113 0.8263631 0.9666036 0.68972224 0.46939683 0.09462607 0 0.6802505 0.9969631 0.68571955 0.46084443 0.4675293 0.6662635 0.66748005 0.4723946 0.471269 0.6945033 0.6927383 0.9536536 0.84649444 0.95080596 0.9783054 0.5506852 0.66359407 0.97206604 0.67926043 0.68149
0.9565121 0.5459075 1.005704 0.81828076 0.8153093 1.0118452 0.4163444 0.6877182 0.67359257 0.6802505 0 0.9768326 0.082472764 0.67926043 0.6785187 0.54632175 0.5494359 0.6827315 0.6812419 0.414083 0.4106172 0.9969631 0.82455945 0.99056727 1.0030329 0.6854701 0.5182621 0.98125964 0.54570043 0.549644
0.94162506 0.9845971 0.9673296 0.9977191 0.98237044 0.9790429 0.97941184 0.9962078 0.99056727 0.9969631 0.9768326 0 0.9838541 0.98869646 0.9946995 0.97867405 0.982 1.0015109 1.0095364 0.9746289 0.97941184 0.9669665 0.9894442 0.959741 0.9920673 0.98757625 0.9901927 0.9768326 0.9790429 0.97978103
0.9698763 0.5440462 1.0141612 0.82395923 0.8221614 1.0110749 0.41443047 0.6849714 0.67580533 0.68571955 0.082472764 0.9838541 0 0.6775309 0.67580533 0.5477734 0.55006033 0.67802465 0.67629796 0.4113091 0.41044435 0.99847597 0.829681 0.9943229 1.0207624 0.68298006 0.5198604 0.99847597 0.55131066 0.5542363
0.982 0.6699191 1.000751 0.8375822 0.8111689 1.0091523 0.6849714 0.46455088 0.4578924 0.46084443 0.67926043 0.98869646 0.6775309 0 0.06777183 0.6652917 0.66480625 0.4662248 0.46715635 0.675067 0.67261124 0.9924427 0.8545757 0.9898184 1.01146 0.54570043 0.675067 0.9939465 0.67926043 0.6782716
0.9853408 0.67629796 1.000751 0.83422923 0.81442016 1.0045581 0.6847222 0.4647367 0.46510842 0.4675293 0.6785187 0.9946995 0.67580533 0.06777183 0 0.6669932 0.66650665 0.46827576 0.46846247 0.675067 0.67383814 0.98794943 0.8530148 0.98794943 1.0083846 0.549644 0.675067 1.0022715 0.6827315 0.6723661
0.95615417 0.3493892 0.9673296 0.8508351 0.8400302 0.9853408 0.5444594 0.68298006 0.671876 0.6662635 0.54632175 0.97867405 0.5477734 0.6652917 0.6669932 0 0.056581646 0.6785187 0.6777777 0.5444594 0.5421895 0.9658782 0.83911127 0.9680563 0.9931942 0.661417 0.5413658 0.96010065 0.414083 0.4205373
0.95866317 0.35354343 0.97206604 0.85770726 0.8474224 0.99169195 0.5477734 0.6834774 0.67089695 0.66748005 0.5494359 0.982 0.55006033 0.66480625 0.66650665 0.056581646 0 0.67802465 0.6777777 0.54652894 0.5438397 0.97243166 0.84217876 0.9746289 0.9969631 0.66650665 0.5397211 0.9626228 0.4205373 0.4224669
0.99131685 0.680994 1.001891 0.8381934 0.83301365 0.99999183 0.6713863 0.12400984 0.46417943 0.4723946 0.6827315 1.0015109 0.67802465 0.4662248 0.46827576 0.6785187 0.67802465 0 0.04417583 0.67261124 0.67432946 1.0122308 0.85520095 1.0099207 1.0219333 0.5421895 0.6604514 0.99961257 0.67359257 0.6790131
0.98832285 0.6760516 1.002652 0.83028585 0.82395923 1.0068517 0.6699191 0.12235993 0.4660386 0.471269 0.6812419 1.0095364 0.67629796 0.46715635 0.46846247 0.6777777 0.6777777 0.04417583 0 0.6694307 0.67212105 1.0207624 0.85488826 1.0195932 1.0246727 0.5440462 0.6604514 1.0037951 0.6760516 0.675067
0.9611805 0.5444594 1.0188149 0.84310144 0.8375822 1.0137748 0.123302296 0.6775309 0.68571955 0.6945033 0.414083 0.9746289 0.4113091 0.675067 0.675067 0.5444594 0.54652894 0.67261124 0.6694307 0 0.031346016 1.0003713 0.82156307 0.99961257 0.9969631 0.6785187 0.5256829 0.9958304 0.53726065 0.5327709
0.9680563 0.5430141 1.0203725 0.8424862 0.83636117 1.01146 0.12353807 0.6790131 0.6849714 0.6927383 0.4106172 0.97941184 0.41044435 0.67261124 0.67383814 0.5421895 0.5438397 0.67432946 0.67212105 0.031346016 0 1.0003713 0.8251602 0.99961257 0.990942 0.6790131 0.5246758 0.99545324 0.5391052 0.52931976
0.9222244 0.9615409 0.21217017 1.0172604 1.001891 0.15042526 1.0011308 1.0130024 0.9565121 0.9536536 0.9969631 0.9669665 0.99847597 0.9924427 0.98794943 0.9658782 0.97243166 1.0122308 1.0207624 1.0003713 1.0003713 0 1.0188149 0.026461361 0.58131045 0.98125964 0.97206604 0.3751616 0.9753628 0.96841997
0.9962078 0.83180004 1.0317632 0.8236593 0.8388052 1.0258498 0.8257614 0.8567664 0.84340924 0.84649444 0.82455945 0.9894442 0.829681 0.8545757 0.8530148 0.83911127 0.84217876 0.85520095 0.85488826 0.82156307 0.8251602 1.0188149 0 1.0164845 1.0164845 0.84340924 0.8573935 0.99131685 0.8284728 0.8489717
0.910349 0.9655158 0.21177219 1.0141612 0.9962078 0.15128121 1.0041765 1.0099207 0.9554389 0.95080596 0.99056727 0.959741 0.9943229 0.9898184 0.98794943 0.9680563 0.9746289 1.0099207 1.0195932 0.99961257 0.99961257 0.026461361 1.0164845 0 0.5819619 0.982 0.96841997 0.37450224 0.9768326 0.9644296
0.95151687 0.9924427 0.59092313 1.0087683 1.0118452 0.58544624 1.0083846 1.025065 0.97316337 0.9783054 1.0030329 0.9920673 1.0207624 1.01146 1.0083846 0.9931942 0.9969631 1.0219333 1.0246727 0.9969631 0.990942 0.58131045 1.0164845 0.5819619 0 0.9943229 0.9901927 0.58131045 0.9655158 0.9894442
0.97720057 0.6713863 0.98125964 0.83941746 0.82877463 0.98907024 0.6767909 0.5374654 0.5438397 0.5506852 0.6854701 0.98757625 0.68298006 0.54570043 0.549644 0.661417 0.66650665 0.5421895 0.5440462 0.6785187 0.6790131 0.98125964 0.84340924 0.982 0.9943229 0 0.67654437 0.97941184 0.67975533 0.66286767
0.95866317 0.54116 0.9651536 0.8200693 0.811759 0.98051995 0.52952236 0.67065233 0.65852404 0.66359407 0.5182621 0.9901927 0.5198604 0.675067 0.675067 0.5413658 0.5397211 0.6604514 0.6604514 0.5256829 0.5246758 0.97206604 0.8573935 0.96841997 0.9901927 0.67654437 0 0.9706055 0.5413658 0.5426017
0.9287507 0.9698763 0.38679487 1.000751 1.0064689 0.38245285 0.99357027 1.01146 0.9680563 0.97206604 0.98125964 0.9768326 0.99847597 0.9939465 1.0022715 0.96010065 0.9626228 0.99961257 1.0037951 0.9958304 0.99545324 0.3751616 0.99131685 0.37450224 0.58131045 0.97941184 0.9706055 0 0.97573 0.9816297
0.946908 0.40992597 0.982 0.8381934 0.83422923 0.9842255 0.54177755 0.68298006 0.67654437 0.67926043 0.54570043 0.9790429 0.55131066 0.67926043 0.6827315 0.414083 0.4205373 0.67359257 0.6760516 0.53726065 0.5391052 0.9753628 0.8284728 0.9768326 0.9655158 0.67975533 0.5413658 0.97573 0 0.3738435
0.96406794 0.40975326 0.98051995 0.8293787 0.8269652 0.9768326 0.5446661 0.6827315 0.671876 0.68149 0.549644 0.97978103 0.5542363 0.6782716 0.6723661 0.4205373 0.4224669 0.6790131 0.675067 0.5327709 0.52931976 0.96841997 0.8489717 0.9644296 0.9894442 0.66286767 0.5426017 0.9816297 0.3738435 0
