0 0.36419335 0.37039444 0.41182843 0.42106307 0.56839764 0.9651536 0.9753628 0.5810934 0.5769814 0.5550743 0.57979244 0.56393015 0.94867724 0.9557965 0.3672875 0.36614606 0.36565742 0.3702306 0.41686726 0.4166929 0.41773945 0.585228 0.41686726 0.3609501 0.57525676 0.5784937 0.5871945 0.560333 0.57010657
0.36419335 0 0.14203984 0.4100987 0.41582194 0.5819619 0.9611805 0.9565121 0.58916616 0.58960503 0.5713908 0.59533364 0.57979244 0.9753628 0.9775687 0.33518422 0.3373763 0.33894598 0.33674935 0.42194015 0.42281827 0.42299402 0.5966618 0.42229128 0.21763055 0.5837021 0.58960503 0.5964403 0.5765499 0.57719725
0.37039444 0.14203984 0 0.41948688 0.42722434 0.58413774 0.9706055 0.9727974 0.5828315 0.58938557 0.5669055 0.5982144 0.57719725 0.98496884 0.98907024 0.33973208 0.34177974 0.3465266 0.34430766 0.42440146 0.4236974 0.42440146 0.59422857 0.42299402 0.22353503 0.58131045 0.58653843 0.5911431 0.5774132 0.5800091
0.41182843 0.4100987 0.41948688 0 0.10329801 0.5957761 0.9894442 0.9962078 0.59599745 0.6002153 0.5754721 0.5946704 0.5789264 1.0049399 1.0068517 0.41148216 0.41512588 0.41843793 0.42176464 0.4189622 0.41651866 0.417216 0.5973268 0.4180886 0.41582194 0.5920233 0.59444946 0.59932536 0.5819619 0.58152753
0.42106307 0.41582194 0.42722434 0.10329801 0 0.58938557 0.9872032 0.99545324 0.59246385 0.5948914 0.58065945 0.593787 0.58413774 1.0064689 1.0049399 0.42299402 0.4268709 0.42634106 0.42863977 0.4215892 0.41878742 0.4215892 0.6026681 0.4205373 0.41913706 0.5874133 0.59400773 0.6082727 0.58807015 0.5832667
0.56839764 0.5819619 0.58413774 0.5957761 0.58938557 0 0.9604604 0.9691478 0.10169299 0.09986288 0.44855958 0.59910303 0.4540354 0.9898184 0.9969631 0.5804426 0.58304906 0.57827747 0.582614 0.5982144 0.5977705 0.5968834 0.5948914 0.5984365 0.5800091 0.21870063 0.5904835 0.6019983 0.4503804 0.14433953
0.9651536 0.9611805 0.9706055 0.9894442 0.9872032 0.9604604 0 0.093379185 0.9845971 0.9842255 0.9557965 0.98645765 0.9522284 0.615281 0.6186958 0.9801504 0.9783054 0.97609735 0.9842255 0.99885464 0.9980974 0.9980974 0.97206604 0.9931942 0.9842255 0.9753628 0.9709704 0.96298385 0.95151687 0.98645765
0.9753628 0.9565121 0.9727974 0.9962078 0.99545324 0.9691478 0.093379185 0 0.9894442 0.9924427 0.9644296 0.99658537 0.9662408 0.62373245 0.6235028 0.9898184 0.98794943 0.9898184 0.9898184 1.001891 1.0015109 1.0037951 0.9827411 0.9950763 0.9853408 0.9857129 0.9801504 0.97170067 0.9680563 0.9939465
0.5810934 0.58916616 0.5828315 0.59599745 0.59246385 0.10169299 0.9845971 0.9894442 0 0.07591571 0.44765082 0.6026681 0.45697227 0.9977191 1.0053219 0.58653843 0.5904835 0.58653843 0.5902638 0.5966618 0.5962188 0.5907033 0.6002153 0.59312516 0.5808764 0.2243438 0.59400773 0.6011063 0.45056275 0.14871626
0.5769814 0.58960503 0.58938557 0.6002153 0.5948914 0.09986288 0.9842255 0.9924427 0.07591571 0 0.4458366 0.6013292 0.4536691 1.0083846 1.0164845 0.58544624 0.5887276 0.58544624 0.59004414 0.5997702 0.6006607 0.5962188 0.59865856 0.5973268 0.58174473 0.22366977 0.5946704 0.60043794 0.45184028 0.14433953
0.5550743 0.5713908 0.5669055 0.5754721 0.58065945 0.44855958 0.9557965 0.9644296 0.44765082 0.4458366 0 0.58763224 0.06875759 0.9669665 0.9746289 0.5643545 0.56626695 0.56839764 0.56733155 0.58653843 0.5904835 0.58960503 0.58217925 0.5889469 0.56393015 0.43970087 0.573751 0.58065945 0.15226063 0.44312346
0.57979244 0.59533364 0.5982144 0.5946704 0.593787 0.59910303 0.98645765 0.99658537 0.6026681 0.6013292 0.58763224 0 0.5933457 0.98907024 0.99734104 0.58544624 0.58697575 0.5874133 0.5889469 0.59865856 0.5979924 0.5977705 0.33941755 0.5982144 0.5874133 0.5999927 0.33878887 0.3425688 0.5935663 0.5968834
0.56393015 0.57979244 0.57719725 0.5789264 0.58413774 0.4540354 0.9522284 0.9662408 0.45697227 0.4536691 0.06875759 0.5933457 0 0.9608204 0.9666036 0.5709624 0.5756876 0.5763342 0.5765499 0.5920233 0.5964403 0.5946704 0.5871945 0.59533364 0.5694652 0.44765082 0.58131045 0.58807015 0.15841123 0.44928738
0.94867724 0.9753628 0.98496884 1.0049399 1.0064689 0.9898184 0.615281 0.62373245 0.9977191 1.0083846 0.9669665 0.98907024 0.9608204 0 0.059065986 0.99281836 0.990942 0.9808897 0.9901927 0.9939465 0.990942 0.9831119 0.9853408 0.98683035 0.9666036 1.0011308 0.98237044 0.97170067 0.97206604 0.98794943
0.9557965 0.9775687 0.98907024 1.0068517 1.0049399 0.9969631 0.6186958 0.6235028 1.0053219 1.0164845 0.9746289 0.99734104 0.9666036 0.059065986 0 0.9950763 0.9939465 0.9857129 0.9969631 0.9962078 0.99357027 0.98832285 0.9898184 0.9894442 0.9746289 1.0076177 0.9924427 0.9860852 0.9738958 0.9920673
0.3672875 0.33518422 0.33973208 0.41148216 0.42299402 0.5804426 0.9801504 0.9898184 0.58653843 0.58544624 0.5643545 0.58544624 0.5709624 0.99281836 0.9950763 0 0.057336878 0.18801454 0.18942927 0.4268709 0.42634106 0.42863977 0.5946704 0.42492995 0.34051898 0.5791428 0.5847917 0.59400773 0.5739659 0.5802258
0.36614606 0.3373763 0.34177974 0.41512588 0.4268709 0.58304906 0.9783054 0.98794943 0.5904835 0.5887276 0.56626695 0.58697575 0.5756876 0.990942 0.9939465 0.057336878 0 0.18865727 0.18981557 0.42475376 0.42334563 0.42634106 0.5935663 0.42404935 0.3392603 0.57762915 0.58174473 0.5920233 0.57525676 0.5819619
0.36565742 0.33894598 0.3465266 0.41843793 0.42634106 0.57827747 0.97609735 0.9898184 0.58653843 0.58544624 0.56839764 0.5874133 0.5763342 0.9808897 0.9857129 0.18801454 0.18865727 0 0.043645684 0.4268709 0.42775482 0.42917123 0.5904835 0.42669424 0.33768997 0.5741809 0.5769814 0.58413774 0.5763342 0.5756876
0.3702306 0.33674935 0.34430766 0.42176464 0.42863977 0.582614 0.9842255 0.9898184 0.5902638 0.59004414 0.56733155 0.5889469 0.5765499 0.9901927 0.9969631 0.18942927 0.18981557 0.043645684 0 0.42669424 0.42793173 0.43005788 0.5933457 0.42669424 0.3392603 0.57806134 0.58174473 0.58610135 0.57979244 0.57979244
0.41686726 0.42194015 0.42440146 0.4189622 0.4215892 0.5982144 0.99885464 1.001891 0.5966618 0.5997702 0.58653843 0.59865856 0.5920233 0.9939465 0.9962078 0.4268709 0.42475376 0.4268709 0.42669424 0 0.034166552 0.0359479 0.6015522 0.03291167 0.42036211 0.5920233 0.58916616 0.60043794 0.60244477 0.58588296
0.4166929 0.42281827 0.4236974 0.41651866 0.41878742 0.5977705 0.9980974 1.0015109 0.5962188 0.6006607 0.5904835 0.5979924 0.5964403 0.990942 0.99357027 0.42634106 0.42334563 0.42775482 0.42793173 0.034166552 0 0.033120673 0.6013292 0.030199945 0.4200119 0.59444946 0.58916616 0.5973268 0.60625017 0.58850837
0.41773945 0.42299402 0.42440146 0.417216 0.4215892 0.5968834 0.9980974 1.0037951 0.5907033 0.5962188 0.58960503 0.5977705 0.5946704 0.9831119 0.98832285 0.42863977 0.42634106 0.42917123 0.43005788 0.0359479 0.033120673 0 0.5964403 0.021196732 0.42036211 0.5929046 0.5850098 0.59533364 0.6040094 0.58610135
0.585228 0.5966618 0.59422857 0.5973268 0.6026681 0.5948914 0.97206604 0.9827411 0.6002153 0.59865856 0.58217925 0.33941755 0.5871945 0.9853408 0.9898184 0.5946704 0.5935663 0.5904835 0.5933457 0.6015522 0.6013292 0.5964403 0 0.6006607 0.5889469 0.59444946 0.27324238 0.27670524 0.5874133 0.5935663
0.41686726 0.42229128 0.42299402 0.4180886 0.4205373 0.5984365 0.9931942 0.9950763 0.59312516 0.5973268 0.5889469 0.5982144 0.59533364 0.98683035 0.9894442 0.42492995 0.42404935 0.42669424 0.42669424 0.03291167 0.030199945 0.021196732 0.6006607 0 0.41966185 0.5933457 0.5839199 0.59224355 0.60423315 0.58938557
0.3609501 0.21763055 0.22353503 0.41582194 0.41913706 0.5800091 0.9842255 0.9853408 0.5808764 0.58174473 0.56393015 0.5874133 0.5694652 0.9666036 0.9746289 0.34051898 0.3392603 0.33768997 0.3392603 0.42036211 0.4200119 0.42036211 0.5889469 0.41966185 0 0.5774132 0.58174473 0.59400773 0.5769814 0.5711766
0.57525676 0.5837021 0.58131045 0.5920233 0.5874133 0.21870063 0.9753628 0.9857129 0.2243438 0.22366977 0.43970087 0.5999927 0.44765082 1.0011308 1.0076177 0.5791428 0.57762915 0.5741809 0.57806134 0.5920233 0.59444946 0.5929046 0.59444946 0.5933457 0.5774132 0 0.59444946 0.60222155 0.44946945 0.21616167
0.5784937 0.58960503 0.58653843 0.59444946 0.59400773 0.5904835 0.9709704 0.9801504 0.59400773 0.5946704 0.573751 0.33878887 0.58131045 0.98237044 0.9924427 0.5847917 0.58174473 0.5769814 0.58174473 0.58916616 0.58916616 0.5850098 0.27324238 0.5839199 0.58174473 0.59444946 0 0.17338179 0.58435565 0.5856646
0.5871945 0.5964403 0.5911431 0.59932536 0.6082727 0.6019983 0.96298385 0.97170067 0.6011063 0.60043794 0.58065945 0.3425688 0.58807015 0.97170067 0.9860852 0.59400773 0.5920233 0.58413774 0.58610135 0.60043794 0.5973268 0.59533364 0.27670524 0.59224355 0.59400773 0.60222155 0.17338179 0 0.5904835 0.5966618
0.560333 0.5765499 0.5774132 0.5819619 0.58807015 0.4503804 0.95151687 0.9680563 0.45056275 0.45184028 0.15226063 0.5935663 0.15841123 0.97206604 0.9738958 0.5739659 0.57525676 0.5763342 0.57979244 0.60244477 0.60625017 0.6040094 0.5874133 0.60423315 0.5769814 0.44946945 0.58435565 0.5904835 0 0.44946945
0.57010657 0.57719725 0.5800091 0.58152753 0.5832667 0.14433953 0.98645765 0.9939465 0.14871626 0.14433953 0.44312346 0.5968834 0.44928738 0.98794943 0.9920673 0.5802258 0.5819619 0.5756876 0.57979244 0.58588296 0.58850837 0.58610135 0.5935663 0.58938557 0.5711766 0.21616167 0.5856646 0.5966618 0.44946945 0
