0 1.0126165 1.0215429 0.6336756 0.6362405 1.0293922 1.0095364 0.97867405 0.9838541 0.62075216 0.62534213 0.9962078 0.98869646 1.0060863 1.0003713 1.0022715 1.0034139 0.99131685 0.98907024 0.9615409 0.9593815 0.9980974 0.9872032 0.99961257 0.62787867 0.6285719 0.96334505 0.97609735 1.0080011 1.0345387
1.0126165 0 0.14591707 1.0172604 1.0341415 0.79339075 0.78708094 0.46939683 0.78110707 1.0049399 1.0015109 0.54054296 0.7822413 0.7882242 0.472958 0.77715075 0.7867954 0.47634742 0.47578144 1.0305767 1.0329514 0.7836615 1.015322 0.7836615 0.99847597 1.0003713 0.47994182 0.4744625 0.78879654 0.7830931
1.0215429 0.14591707 0 1.018426 1.0389212 0.7928149 0.7805406 0.47483912 0.7802575 1.0122308 1.014548 0.5430141 0.7791263 0.7876524 0.47766966 0.776869 0.78394586 0.4797522 0.47842628 1.0449389 1.0473596 0.7859394 1.0270288 0.7853693 1.0160967 1.0231062 0.4788049 0.472958 0.790803 0.7896558
0.6336756 1.0172604 1.018426 0 0.13124138 1.018426 0.9969631 1.018426 0.9950763 0.41373572 0.41425672 1.0037951 0.99169195 1.0118452 1.0365276 0.9969631 0.99281836 1.0286036 1.0278157 0.9709704 0.97206604 0.9853408 0.953297 0.98645765 0.46846247 0.4720192 1.0087683 1.0207624 1.0246727 1.0345387
0.6362405 1.0341415 1.0389212 0.13124138 0 1.0305767 1.0087683 1.0258498 1.0095364 0.4170416 0.41913706 1.0227151 1.0103053 1.0246727 1.0289978 1.0215429 1.0203725 1.0199828 1.0211525 0.9838541 0.98237044 1.0083846 0.9673296 1.01069 0.47502747 0.47842628 1.0176488 1.0282096 1.0195932 1.0313674
1.0293922 0.79339075 0.7928149 1.018426 1.0305767 0 0.11953994 0.76985824 0.7519313 1.0168724 1.0160967 0.750842 0.7502979 0.7601521 0.78110707 0.7494826 0.75138646 0.78793824 0.78879654 1.014548 1.0126165 0.7629125 1.0227151 0.7631891 1.005704 1.0357314 0.76485085 0.7796917 0.48718274 0.49044484
1.0095364 0.78708094 0.7805406 0.9969631 1.0087683 0.11953994 0 0.75960124 0.75411475 1.0095364 1.0041765 0.7459595 0.75302225 0.7607034 0.77181464 0.7437997 0.74353015 0.7791263 0.7802575 1.0045581 1.0022715 0.7554826 1.025065 0.75603044 0.98832285 1.0223241 0.7494826 0.77041674 0.4843161 0.48051092
0.97867405 0.46939683 0.47483912 1.018426 1.0258498 0.76985824 0.75960124 0 0.7687426 1.0034139 0.99923354 0.5403374 0.7673504 0.77771467 0.11719802 0.7729349 0.782809 0.1218892 0.123184435 0.9853408 0.9842255 0.77546155 0.9946995 0.7757428 1.0022715 1.0083846 0.35098425 0.35723764 0.77884376 0.7746184
0.9838541 0.78110707 0.7802575 0.9950763 1.0095364 0.7519313 0.75411475 0.7687426 0 1.002652 0.9950763 0.77181464 0.07436818 0.07691224 0.77489936 0.54013187 0.54611456 0.7760242 0.77546155 0.9962078 0.9946995 0.5519366 1.0015109 0.55131066 0.99357027 0.9977191 0.7690214 0.7712552 0.7743376 0.7830931
0.62075216 1.0049399 1.0122308 0.41373572 0.4170416 1.0168724 1.0095364 1.0034139 1.002652 0 0.07713387 0.98832285 0.9969631 1.01069 1.0180373 1.0110749 1.0149349 1.0160967 1.0137748 0.94373375 0.94514287 0.9950763 0.9666036 0.99545324 0.47672495 0.46696994 1.0011308 1.0015109 1.0149349 1.0099207
0.62534213 1.0015109 1.014548 0.41425672 0.41913706 1.0160967 1.0041765 0.99923354 0.9950763 0.07713387 0 0.9894442 0.98794943 1.0030329 1.0126165 0.99658537 1.0015109 1.0099207 1.0091523 0.9543672 0.9536536 0.9838541 0.97573 0.9853408 0.4769138 0.47033232 0.9980974 0.99961257 1.01069 1.000751
0.9962078 0.54054296 0.5430141 1.0037951 1.0227151 0.750842 0.7459595 0.5403374 0.77181464 0.98832285 0.9894442 0 0.77771467 0.7842303 0.5446661 0.7712552 0.77940893 0.5473584 0.54902 1.01069 1.0095364 0.77715075 1.0003713 0.7765873 0.9962078 0.99357027 0.5301304 0.537056 0.7673504 0.76512814
0.98869646 0.7822413 0.7791263 0.99169195 1.0103053 0.7502979 0.75302225 0.7673504 0.07436818 0.9969631 0.98794943 0.77771467 0 0.06177572 0.7760242 0.54528654 0.55110216 0.776869 0.77715075 0.9845971 0.982 0.55402696 0.99923354 0.5533992 1.0022715 0.99734104 0.7690214 0.7709756 0.7760242 0.77546155
1.0060863 0.7882242 0.7876524 1.0118452 1.0246727 0.7601521 0.7607034 0.77771467 0.07691224 1.01069 1.0030329 0.7842303 0.06177572 0 0.7853693 0.549644 0.5544457 0.782809 0.7825251 0.9931942 0.99131685 0.5582251 1.0122308 0.5575939 1.0130024 1.0160967 0.77405685 0.7822413 0.78082377 0.7847996
1.0003713 0.472958 0.47766966 1.0365276 1.0289978 0.78110707 0.77181464 0.11719802 0.77489936 1.0180373 1.0126165 0.5446661 0.7760242 0.7853693 0 0.7845149 0.7916646 0.06210155 0.06275363 0.99923354 0.9980974 0.7830931 1.01146 0.7822413 1.0141612 1.0234975 0.35739866 0.35965672 0.78394586 0.7779968
1.0022715 0.77715075 0.776869 0.9969631 1.0215429 0.7494826 0.7437997 0.7729349 0.54013187 1.0110749 0.99658537 0.7712552 0.54528654 0.549644 0.7845149 0 0.048643928 0.7876524 0.78565425 1.0003713 1.000751 0.2181654 0.9924427 0.21870063 0.98757625 1.0095364 0.7802575 0.7712552 0.7640195 0.76485085
1.0034139 0.7867954 0.78394586 0.99281836 1.0203725 0.75138646 0.74353015 0.782809 0.54611456 1.0149349 1.0015109 0.77940893 0.55110216 0.5544457 0.7916646 0.048643928 0 0.7994636 0.79743385 1.001891 1.0011308 0.2219201 0.99281836 0.2223235 0.9898184 1.0199828 0.7882242 0.77715075 0.7659607 0.76707226
0.99131685 0.47634742 0.4797522 1.0286036 1.0199828 0.78793824 0.7791263 0.1218892 0.7760242 1.0160967 1.0099207 0.5473584 0.776869 0.782809 0.06210155 0.7876524 0.7994636 0 0.0076387688 1.005704 1.0034139 0.79339075 1.0080011 0.79252714 1.0118452 1.0231062 0.35739866 0.35997987 0.7896558 0.77940893
0.98907024 0.47578144 0.47842628 1.0278157 1.0211525 0.78879654 0.7802575 0.123184435 0.77546155 1.0137748 1.0091523 0.54902 0.77715075 0.7825251 0.06275363 0.78565425 0.79743385 0.0076387688 0 1.0080011 1.005704 0.7913773 1.0072346 0.7905161 1.0126165 1.0234975 0.35965672 0.36046484 0.7896558 0.7799746
0.9615409 1.0305767 1.0449389 0.9709704 0.9838541 1.014548 1.0045581 0.9853408 0.9962078 0.94373375 0.9543672 1.01069 0.9845971 0.9931942 0.99923354 1.0003713 1.001891 1.005704 1.0080011 0 0.0048154257 1.0015109 0.47333384 1.0011308 0.9662408 0.9651536 0.9920673 0.9946995 1.0076177 1.0095364
0.9593815 1.0329514 1.0473596 0.97206604 0.98237044 1.0126165 1.0022715 0.9842255 0.9946995 0.94514287 0.9536536 1.0095364 0.982 0.99131685 0.9980974 1.000751 1.0011308 1.0034139 1.005704 0.0048154257 0 1.002652 0.47502747 1.0022715 0.9662408 0.96479154 0.9920673 0.9946995 1.0072346 1.0103053
0.9980974 0.7836615 0.7859394 0.9853408 1.0083846 0.7629125 0.7554826 0.77546155 0.5519366 0.9950763 0.9838541 0.77715075 0.55402696 0.5582251 0.7830931 0.2181654 0.2219201 0.79339075 0.7913773 1.0015109 1.002652 0 1.0003713 0.0028052398 0.98869646 1.000751 0.7765873 0.7802575 0.7822413 0.7763057
0.9872032 1.015322 1.0270288 0.953297 0.9673296 1.0227151 1.025065 0.9946995 1.0015109 0.9666036 0.97573 1.0003713 0.99923354 1.0122308 1.01146 0.9924427 0.99281836 1.0080011 1.0072346 0.47333384 0.47502747 1.0003713 0 1.000751 0.96190137 0.96479154 0.9860852 0.9980974 1.019204 1.0293922
0.99961257 0.7836615 0.7853693 0.98645765 1.01069 0.7631891 0.75603044 0.7757428 0.55131066 0.99545324 0.9853408 0.7765873 0.5533992 0.5575939 0.7822413 0.21870063 0.2223235 0.79252714 0.7905161 1.0011308 1.0022715 0.0028052398 1.000751 0 0.9901927 1.0015109 0.7760242 0.7796917 0.7813905 0.7763057
0.62787867 0.99847597 1.0160967 0.46846247 0.47502747 1.005704 0.98832285 1.0022715 0.99357027 0.47672495 0.4769138 0.9962078 1.0022715 1.0130024 1.0141612 0.98757625 0.9898184 1.0118452 1.0126165 0.9662408 0.9662408 0.98869646 0.96190137 0.9901927 0 0.4180886 0.97316337 0.98496884 0.9939465 1.0076177
0.6285719 1.0003713 1.0231062 0.4720192 0.47842628 1.0357314 1.0223241 1.0083846 0.9977191 0.46696994 0.47033232 0.99357027 0.99734104 1.0160967 1.0234975 1.0095364 1.0199828 1.0231062 1.0234975 0.9651536 0.96479154 1.000751 0.96479154 1.0015109 0.4180886 0 0.98348296 0.9950763 1.0215429 1.0301816
0.96334505 0.47994182 0.4788049 1.0087683 1.0176488 0.76485085 0.7494826 0.35098425 0.7690214 1.0011308 0.9980974 0.5301304 0.7690214 0.77405685 0.35739866 0.7802575 0.7882242 0.35739866 0.35965672 0.9920673 0.9920673 0.7765873 0.9860852 0.7760242 0.97316337 0.98348296 0 0.24888222 0.7681854 0.7695792
0.97609735 0.4744625 0.472958 1.0207624 1.0282096 0.7796917 0.77041674 0.35723764 0.7712552 1.0015109 0.99961257 0.537056 0.7709756 0.7822413 0.35965672 0.7712552 0.77715075 0.35997987 0.36046484 0.9946995 0.9946995 0.7802575 0.9980974 0.7796917 0.98496884 0.9950763 0.24888222 0 0.77771467 0.78565425
1.0080011 0.78879654 0.790803 1.0246727 1.0195932 0.48718274 0.4843161 0.77884376 0.7743376 1.0149349 1.01069 0.7673504 0.7760242 0.78082377 0.78394586 0.7640195 0.7659607 0.7896558 0.7896558 1.0076177 1.0072346 0.7822413 1.019204 0.7813905 0.9939465 1.0215429 0.7681854 0.77771467 0 0.24167064
1.0345387 0.7830931 0.7896558 1.0345387 1.0313674 0.49044484 0.48051092 0.7746184 0.7830931 1.0099207 1.000751 0.76512814 0.77546155 0.7847996 0.7779968 0.76485085 0.76707226 0.77940893 0.7799746 1.0095364 1.0103053 0.7763057 1.0293922 0.7763057 1.0076177 1.0301816 0.7695792 0.78565425 0.24167064 0
