0 0.89330818956 0.88156368956 0.87704561956 0.97229205956 0.98222108956 1.01824018956 1.01475258956 0.99340974956 0.99793242956 0.99982492956 0.99416165956 0.90190618956 0.89925013956 1.01166628956 1.01089668956 1.01940628956 1.01359378956 1.01282218956 1.02096388956 1.02722688956 1.00058321956 0.97963428956 0.99982492956 0.69737008956 0.67861603956 0.90323774956 0.89693378956 0.98854081956 0.88350843956
0.89330818956 0 0.25577088956 0.25422664956 1.00820908956 1.01243658956 0.98000322956 0.97926543956 0.98556022956 0.99040978956 0.99944602956 0.98000322956 0.10251345456 0.10308645956 0.96213228956 0.96538292956 0.98407434956 0.98779458956 0.99190823956 0.99003558956 0.99003558956 0.98966162956 0.96937518956 0.98854081956 0.89330818956 0.90257168956 0.25366591956 0.25114770956 0.96574498956 0.25464748956
0.88156368956 0.25577088956 0 0.10091137956 0.99265868956 0.98779458956 0.98779458956 0.98222108956 1.00591328956 1.00782598956 0.98667658956 0.96646958956 0.25591142956 0.25577088956 0.97558711956 0.98074178956 0.99228333956 0.99604462956 0.99906735956 0.99265868956 0.99378558956 0.98296182956 0.96141178956 0.98222108956 0.87930128956 0.90523948956 0.24975237956 0.25017069956 0.97448718956 0.12637302956
0.87704561956 0.25422664956 0.10091137956 0 1.00210228956 0.99228333956 0.97963428956 0.97448718956 0.99642178956 0.99906735956 0.98630428956 0.97558711956 0.25633318956 0.25661452956 0.97119688956 0.97119688956 0.98518848956 0.98779458956 0.99378558956 0.98816763956 0.98854081956 0.97705628956 0.96973918956 0.97632138956 0.87095718956 0.89726422956 0.24516605956 0.24696943956 0.97010328956 0.12389368556
0.97229205956 1.00820908956 0.99265868956 1.00210228956 0 0.0901296295599999 0.81441931956 0.81590068956 0.80764262956 0.80647032956 0.42905406956 0.54463758956 1.00058321956 0.99416165956 0.82006408956 0.82125781956 0.82485068956 0.81916992956 0.81530778956 0.82245354956 0.82425068956 0.42569758956 0.53867128956 0.42534514956 0.98742173956 0.97412084956 1.00400528956 0.98667658956 0.81235038956 0.99566768956
0.98222108956 1.01243658956 0.98779458956 0.99228333956 0.0901296295599999 0 0.80676321956 0.80881678956 0.80705623956 0.80471518956 0.42816932956 0.54031248956 1.00172218956 0.99642178956 0.81382762956 0.81590068956 0.81946788956 0.82155658956 0.81827692956 0.81738494956 0.81827692956 0.42393701956 0.53601208956 0.42358540956 0.98296182956 0.97229205956 1.00020395956 0.99378558956 0.81590068956 0.99340974956
1.01824018956 0.98000322956 0.98779458956 0.97963428956 0.81441931956 0.80676321956 0 0.0809462995599999 0.76849834956 0.77380661956 0.81441931956 0.82425068956 0.99416165956 0.98518848956 0.14323573956 0.14226876956 0.0922736145599999 0.76933398956 0.77184658956 0.0919346795599999 0.0930650495599999 0.81264558956 0.80676321956 0.81117068956 0.99078408956 1.00248238956 0.98704903956 0.98037241956 0.75799318956 0.96973918956
1.01475258956 0.97926543956 0.98222108956 0.97448718956 0.81590068956 0.80881678956 0.0809462995599999 0 0.76544223956 0.77520978956 0.81382762956 0.81530778956 0.98928784956 0.98111133956 0.14070010956 0.13997720956 0.0890036695599999 0.77408708956 0.77689708956 0.0893412795599999 0.0895664395599999 0.81176028956 0.79947452956 0.81058148956 0.98742173956 0.99566768956 0.97558711956 0.97192678956 0.76322738956 0.97156178956
0.99340974956 0.98556022956 1.00591328956 0.99642178956 0.80764262956 0.80705623956 0.76849834956 0.76544223956 0 0.0616073995599999 0.80442308956 0.81946788956 0.98891423956 0.98481688956 0.76599692956 0.76212238956 0.77577178956 0.61337803956 0.61224698956 0.77240602956 0.77296598956 0.80209028956 0.82155658956 0.80121738956 0.99153338956 0.99228333956 0.99642178956 0.98966162956 0.60080668956 0.99153338956
0.99793242956 0.99040978956 1.00782598956 0.99906735956 0.80647032956 0.80471518956 0.77380661956 0.77520978956 0.0616073995599999 0 0.80676321956 0.81738494956 0.99491428956 0.99040978956 0.77240602956 0.76961278956 0.78283268956 0.60863904956 0.60818928956 0.78113198956 0.78056598956 0.80559222956 0.82125781956 0.80413113956 0.98928784956 0.98407434956 0.99491428956 0.99040978956 0.60013912956 0.98779458956
0.99982492956 0.99944602956 0.98667658956 0.98630428956 0.42905406956 0.42816932956 0.81441931956 0.81382762956 0.80442308956 0.80676321956 0 0.55881648956 0.99679918956 0.99793242956 0.82545112956 0.82395081956 0.82036231956 0.82395081956 0.82455061956 0.81679088956 0.81857448956 0.0546968995599999 0.54339928956 0.0544819695599999 0.98222108956 0.99228333956 0.99228333956 0.98704903956 0.81946788956 0.99491428956
0.99416165956 0.98000322956 0.96646958956 0.97558711956 0.54463758956 0.54031248956 0.82425068956 0.81530778956 0.81946788956 0.81738494956 0.55881648956 0 0.97229205956 0.97010328956 0.82395081956 0.82785788956 0.80881678956 0.82305208956 0.82695448956 0.80647032956 0.81205528956 0.54940348956 0.28602443956 0.54836478956 0.98296182956 0.99679918956 0.95997288956 0.96033238956 0.81471538956 0.97926543956
0.90190618956 0.10251345456 0.25591142956 0.25633318956 1.00058321956 1.00172218956 0.99416165956 0.98928784956 0.98891423956 0.99491428956 0.99679918956 0.97229205956 0 0.0519075945599999 0.97412084956 0.97558711956 0.99529088956 1.00476788956 1.00667768956 0.99944602956 1.00134238956 0.98444548956 0.97265742956 0.98370328956 0.88839231956 0.90390438956 0.25464748956 0.25548988956 0.98000322956 0.25731828956
0.89925013956 0.10308645956 0.25577088956 0.25661452956 0.99416165956 0.99642178956 0.98518848956 0.98111133956 0.98481688956 0.99040978956 0.99793242956 0.97010328956 0.0519075945599999 0 0.96502098956 0.96683218956 0.98407434956 0.99831048956 1.00058321956 0.98816763956 0.98966162956 0.98704903956 0.97083221956 0.98630428956 0.89232238956 0.90457164956 0.25534941956 0.25268558956 0.97265742956 0.25661452956
1.01166628956 0.96213228956 0.97558711956 0.97119688956 0.82006408956 0.81382762956 0.14323573956 0.14070010956 0.76599692956 0.77240602956 0.82545112956 0.82395081956 0.97412084956 0.96502098956 0 0.0410640295599999 0.14190647956 0.75936708956 0.76295098956 0.14263122956 0.14287296956 0.82095918956 0.80471518956 0.81946788956 0.98556022956 0.98704903956 0.96937518956 0.97156178956 0.75061743956 0.96429778956
1.01089668956 0.96538292956 0.98074178956 0.97119688956 0.82125781956 0.81590068956 0.14226876956 0.13997720956 0.76212238956 0.76961278956 0.82395081956 0.82785788956 0.97558711956 0.96683218956 0.0410640295599999 0 0.14106181956 0.76129478956 0.76488791956 0.14094122956 0.14130305956 0.82125781956 0.81028708956 0.81976588956 0.98667658956 0.99303408956 0.97119688956 0.97119688956 0.74709181956 0.96719498956
1.01940628956 0.98407434956 0.99228333956 0.98518848956 0.82485068956 0.81946788956 0.0922736145599999 0.0890036695599999 0.77577178956 0.78283268956 0.82036231956 0.80881678956 0.99529088956 0.98407434956 0.14190647956 0.14106181956 0 0.77549074956 0.77774213956 0.0291274415599999 0.0298549395599999 0.81619728956 0.79311852956 0.81471538956 0.98854081956 0.99755448956 0.98667658956 0.98111133956 0.76101903956 0.97229205956
1.01359378956 0.98779458956 0.99604462956 0.98779458956 0.81916992956 0.82155658956 0.76933398956 0.77408708956 0.61337803956 0.60863904956 0.82395081956 0.82305208956 1.00476788956 0.99831048956 0.75936708956 0.76129478956 0.77549074956 0 0.0129933665599999 0.77268593956 0.77017058956 0.81857448956 0.81471538956 0.81738494956 0.98779458956 0.99115865956 0.99679918956 0.99303408956 0.18361145956 0.98185102956
1.01282218956 0.99190823956 0.99906735956 0.99378558956 0.81530778956 0.81827692956 0.77184658956 0.77689708956 0.61224698956 0.60818928956 0.82455061956 0.82695448956 1.00667768956 1.00058321956 0.76295098956 0.76488791956 0.77774213956 0.0129933665599999 0 0.77549074956 0.77352628956 0.81946788956 0.81501154956 0.81827692956 0.99078408956 0.99303408956 1.00058321956 0.99868878956 0.18271851956 0.98742173956
1.02096388956 0.99003558956 0.99265868956 0.98816763956 0.82245354956 0.81738494956 0.0919346795599999 0.0893412795599999 0.77240602956 0.78113198956 0.81679088956 0.80647032956 0.99944602956 0.98816763956 0.14263122956 0.14094122956 0.0291274415599999 0.77268593956 0.77549074956 0 0.0158454675599999 0.81501154956 0.79024718956 0.81353192956 0.99265868956 1.00248238956 0.98891423956 0.98333248956 0.76046798956 0.97632138956
1.02722688956 0.99003558956 0.99378558956 0.98854081956 0.82425068956 0.81827692956 0.0930650495599999 0.0895664395599999 0.77296598956 0.78056598956 0.81857448956 0.81205528956 1.00134238956 0.98966162956 0.14287296956 0.14130305956 0.0298549395599999 0.77017058956 0.77352628956 0.0158454675599999 0 0.81679088956 0.79628978956 0.81530778956 0.99529088956 1.00286288956 0.99040978956 0.98518848956 0.75964218956 0.97375475956
1.00058321956 0.98966162956 0.98296182956 0.97705628956 0.42569758956 0.42393701956 0.81264558956 0.81176028956 0.80209028956 0.80559222956 0.0546968995599999 0.54940348956 0.98444548956 0.98704903956 0.82095918956 0.82125781956 0.81619728956 0.81857448956 0.81946788956 0.81501154956 0.81679088956 0 0.53478794956 0.00149192999999993 0.97742398956 0.98037241956 0.98111133956 0.97595418956 0.81560418956 0.98630428956
0.97963428956 0.96937518956 0.96141178956 0.96973918956 0.53867128956 0.53601208956 0.80676321956 0.79947452956 0.82155658956 0.82125781956 0.54339928956 0.28602443956 0.97265742956 0.97083221956 0.80471518956 0.81028708956 0.79311852956 0.81471538956 0.81501154956 0.79024718956 0.79628978956 0.53478794956 0 0.53417658956 1.00438648956 1.00172218956 0.96538292956 0.96864768956 0.80238148956 0.97156178956
0.99982492956 0.98854081956 0.98222108956 0.97632138956 0.42534514956 0.42358540956 0.81117068956 0.81058148956 0.80121738956 0.80413113956 0.0544819695599999 0.54836478956 0.98370328956 0.98630428956 0.81946788956 0.81976588956 0.81471538956 0.81738494956 0.81827692956 0.81353192956 0.81530778956 0.00149192999999993 0.53417658956 0 0.97595418956 0.98037241956 0.98037241956 0.97522028956 0.81441931956 0.98556022956
0.69737008956 0.89330818956 0.87930128956 0.87095718956 0.98742173956 0.98296182956 0.99078408956 0.98742173956 0.99153338956 0.98928784956 0.98222108956 0.98296182956 0.88839231956 0.89232238956 0.98556022956 0.98667658956 0.98854081956 0.98779458956 0.99078408956 0.99265868956 0.99529088956 0.97742398956 1.00438648956 0.97595418956 0 0.26113005956 0.89297948956 0.88156368956 0.97302304956 0.88059328956
0.67861603956 0.90257168956 0.90523948956 0.89726422956 0.97412084956 0.97229205956 1.00248238956 0.99566768956 0.99228333956 0.98407434956 0.99228333956 0.99679918956 0.90390438956 0.90457164956 0.98704903956 0.99303408956 0.99755448956 0.99115865956 0.99303408956 1.00248238956 1.00286288956 0.98037241956 1.00172218956 0.98037241956 0.26113005956 0 0.91296288956 0.90490548956 0.97889678956 0.89627328956
0.90323774956 0.25366591956 0.24975237956 0.24516605956 1.00400528956 1.00020395956 0.98704903956 0.97558711956 0.99642178956 0.99491428956 0.99228333956 0.95997288956 0.25464748956 0.25534941956 0.96937518956 0.97119688956 0.98667658956 0.99679918956 1.00058321956 0.98891423956 0.99040978956 0.98111133956 0.96538292956 0.98037241956 0.89297948956 0.91296288956 0 0.22331851956 0.97485362956 0.25156684956
0.89693378956 0.25114770956 0.25017069956 0.24696943956 0.98667658956 0.99378558956 0.98037241956 0.97192678956 0.98966162956 0.99040978956 0.98704903956 0.96033238956 0.25548988956 0.25268558956 0.97156178956 0.97119688956 0.98111133956 0.99303408956 0.99868878956 0.98333248956 0.98518848956 0.97595418956 0.96864768956 0.97522028956 0.88156368956 0.90490548956 0.22331851956 0 0.97705628956 0.24780322956
0.98854081956 0.96574498956 0.97448718956 0.97010328956 0.81235038956 0.81590068956 0.75799318956 0.76322738956 0.60080668956 0.60013912956 0.81946788956 0.81471538956 0.98000322956 0.97265742956 0.75061743956 0.74709181956 0.76101903956 0.18361145956 0.18271851956 0.76046798956 0.75964218956 0.81560418956 0.80238148956 0.81441931956 0.97302304956 0.97889678956 0.97485362956 0.97705628956 0 0.96429778956
0.88350843956 0.25464748956 0.12637302956 0.12389368556 0.99566768956 0.99340974956 0.96973918956 0.97156178956 0.99153338956 0.98779458956 0.99491428956 0.97926543956 0.25731828956 0.25661452956 0.96429778956 0.96719498956 0.97229205956 0.98185102956 0.98742173956 0.97632138956 0.97375475956 0.98630428956 0.97156178956 0.98556022956 0.88059328956 0.89627328956 0.25156684956 0.24780322956 0.96429778956 0
