0 1.0286036 1.000751 0.5246758 0.5331779 0.9980974 0.97316337 0.5198604 0.5176636 0.52226424 0.9790429 1.0022715 0.98683035 1.0076177 1.0231062 0.98907024 0.97426224 0.9738958 0.99734104 1.0045581 0.99923354 0.9950763 0.9939465 0.99281836 0.9838541 0.9838541 0.98869646 0.9845971 1.0087683 1.0180373
1.0286036 0 0.5613892 1.0172604 1.0168724 0.5641423 0.5613892 1.0080011 1.0180373 1.0087683 0.56350607 0.49856558 0.5613892 0.18711564 0.19123371 0.33424672 0.5656289 0.5630822 0.33643606 0.33362237 0.33315444 0.33706275 0.5616006 0.3373763 0.56647974 0.5761186 0.5707484 0.5575939 0.22299634 0.23864032
1.000751 0.5613892 0 1.0087683 1.0258498 0.16249844 0.16039012 1.0211525 1.0195932 1.0164845 0.5204606 0.56096655 0.51607 0.5533992 0.5529811 0.5628704 0.52387106 0.5214621 0.5641423 0.5643545 0.5641423 0.5597 0.26053867 0.5616006 0.5204606 0.52387106 0.2105795 0.51786304 0.5557034 0.56882447
0.5246758 1.0172604 1.0087683 0 0.1656097 1.0176488 1.0030329 0.31087938 0.31558636 0.3163483 1.0034139 1.014548 1.0091523 0.99357027 1.0015109 1.0041765 1.0011308 0.9946995 1.0126165 1.0157093 1.0091523 1.0068517 1.0053219 1.0034139 0.99545324 0.99885464 1.0087683 0.98907024 0.99885464 1.0149349
0.5331779 1.0168724 1.0258498 0.1656097 0 1.0262426 1.019204 0.30921626 0.31512955 0.3181802 1.0015109 1.0122308 1.0053219 0.97720057 0.9950763 1.0076177 0.99847597 0.9950763 1.014548 0.9980974 0.9939465 1.0091523 1.0227151 1.0060863 0.99545324 1.0022715 1.0227151 0.99281836 0.9931942 1.0133885
0.9980974 0.5641423 0.16249844 1.0176488 1.0262426 0 0.14761968 1.0219333 1.0141612 1.01146 0.5264896 0.5677578 0.52246493 0.55675304 0.5575939 0.5677578 0.52689326 0.5232681 0.57053435 0.5626586 0.56202364 0.56733155 0.26025566 0.568611 0.52931976 0.5317542 0.21763055 0.52447456 0.56647974 0.5677578
0.97316337 0.5613892 0.16039012 1.0030329 1.019204 0.14761968 0 1.0099207 1.0060863 0.99734104 0.5196604 0.5494359 0.5156721 0.5492279 0.5533992 0.5575939 0.5186613 0.51547325 0.5584356 0.56054413 0.5626586 0.556543 0.25884217 0.5578042 0.5206608 0.5190608 0.20886007 0.513091 0.5554936 0.5626586
0.5198604 1.0080011 1.0211525 0.31087938 0.30921626 1.0219333 1.0099207 0 0.12377392 0.12448191 0.9977191 1.0095364 1.0068517 0.9845971 0.9958304 1.001891 1.0022715 0.99545324 1.0110749 1.0037951 0.99999183 1.0083846 1.0188149 1.0076177 0.99734104 1.0045581 1.0091523 0.99281836 0.99961257 1.0160967
0.5176636 1.0180373 1.0195932 0.31558636 0.31512955 1.0141612 1.0060863 0.12377392 0 0.10663364 0.9894442 1.0176488 0.99734104 0.9969631 1.0072346 1.0076177 0.9977191 0.9898184 1.018426 1.0110749 1.0049399 1.0157093 1.0068517 1.014548 0.990942 1.0034139 1.0126165 0.9827411 1.01069 1.0207624
0.52226424 1.0087683 1.0164845 0.3163483 0.3181802 1.01146 0.99734104 0.12448191 0.10663364 0 0.9924427 1.0022715 0.9977191 0.9901927 0.99885464 0.9980974 0.9924427 0.990942 1.0099207 1.0003713 0.9962078 1.0095364 1.0087683 1.0083846 0.98496884 0.99169195 1.0087683 0.9790429 0.99658537 1.0091523
0.9790429 0.56350607 0.5204606 1.0034139 1.0015109 0.5264896 0.5196604 0.9977191 0.9894442 0.9924427 0 0.5789264 0.09587503 0.556543 0.55801463 0.568611 0.11463032 0.114979945 0.5720337 0.56096655 0.5616006 0.5713908 0.5287124 0.5698927 0.24971882 0.22623433 0.53297436 0.20425035 0.5656289 0.573751
1.0022715 0.49856558 0.56096655 1.014548 1.0122308 0.5677578 0.5494359 1.0095364 1.0176488 1.0022715 0.5789264 0 0.5828315 0.48622596 0.491407 0.483363 0.57461107 0.57762915 0.48527044 0.4915996 0.4935281 0.4846977 0.56456673 0.48450688 0.5713908 0.5778452 0.56096655 0.5628704 0.49623638 0.50344145
0.98683035 0.5613892 0.51607 1.0091523 1.0053219 0.52246493 0.5156721 1.0068517 0.99734104 0.9977191 0.09587503 0.5828315 0 0.5533992 0.5569632 0.5641423 0.11369879 0.11521312 0.5669055 0.55277205 0.5536084 0.56647974 0.5240722 0.56584156 0.24832502 0.22353503 0.5258845 0.20740825 0.5630822 0.5713908
1.0076177 0.18711564 0.5533992 0.99357027 0.97720057 0.55675304 0.5492279 0.9845971 0.9969631 0.9901927 0.556543 0.48622596 0.5533992 0 0.064822294 0.3230872 0.556543 0.5542363 0.3241649 0.32324106 0.3238568 0.32539845 0.556333 0.32555276 0.55402696 0.56202364 0.56202364 0.5533992 0.21602827 0.22812964
1.0231062 0.19123371 0.5529811 1.0015109 0.9950763 0.5575939 0.5533992 0.9958304 1.0072346 0.99885464 0.55801463 0.491407 0.5569632 0.064822294 0 0.3291113 0.55906755 0.5571734 0.3291113 0.3291113 0.32942155 0.3305084 0.56054413 0.3306638 0.55948913 0.56882447 0.5649914 0.5573836 0.22353503 0.23644413
0.98907024 0.33424672 0.5628704 1.0041765 1.0076177 0.5677578 0.5575939 1.001891 1.0076177 0.9980974 0.568611 0.483363 0.5641423 0.3230872 0.3291113 0 0.5694652 0.56711847 0.044387996 0.19524476 0.19771379 0.0435397 0.5630822 0.043963727 0.5569632 0.56647974 0.56711847 0.55885684 0.32957673 0.33144122
0.97426224 0.5656289 0.52387106 1.0011308 0.99847597 0.52689326 0.5186613 1.0022715 0.9977191 0.9924427 0.11463032 0.57461107 0.11369879 0.556543 0.55906755 0.5694652 0 0.049818557 0.5703204 0.55906755 0.55885684 0.5711766 0.52729714 0.5707484 0.25097546 0.22515345 0.53134793 0.2085959 0.56754464 0.57267725
0.9738958 0.5630822 0.5214621 0.9946995 0.9950763 0.5232681 0.51547325 0.99545324 0.9898184 0.990942 0.114979945 0.57762915 0.11521312 0.5542363 0.5571734 0.56711847 0.049818557 0 0.57010657 0.55402696 0.55402696 0.5698927 0.52628785 0.56903803 0.2504167 0.22380453 0.53134793 0.20556453 0.5628704 0.571605
0.99734104 0.33643606 0.5641423 1.0126165 1.014548 0.57053435 0.5584356 1.0110749 1.018426 1.0099207 0.5720337 0.48527044 0.5669055 0.3241649 0.3291113 0.044387996 0.5703204 0.57010657 0 0.1953745 0.19745351 0.018117068 0.5649914 0.01852696 0.5616006 0.56711847 0.5703204 0.5582251 0.32988715 0.3337784
1.0045581 0.33362237 0.5643545 1.0157093 0.9980974 0.5626586 0.56054413 1.0037951 1.0110749 1.0003713 0.56096655 0.4915996 0.55277205 0.32324106 0.3291113 0.19524476 0.55906755 0.55402696 0.1953745 0 0.017195629 0.19498533 0.560333 0.19459637 0.55089366 0.5586462 0.56117785 0.549644 0.32988715 0.3373763
0.99923354 0.33315444 0.5641423 1.0091523 0.9939465 0.56202364 0.5626586 0.99999183 1.0049399 0.9962078 0.5616006 0.4935281 0.5536084 0.3238568 0.32942155 0.19771379 0.55885684 0.55402696 0.19745351 0.017195629 0 0.19706325 0.5582251 0.19654323 0.54902 0.5578042 0.5624469 0.54860425 0.33190808 0.3392603
0.9950763 0.33706275 0.5597 1.0068517 1.0091523 0.56733155 0.556543 1.0083846 1.0157093 1.0095364 0.5713908 0.4846977 0.56647974 0.32539845 0.3305084 0.0435397 0.5711766 0.5698927 0.018117068 0.19498533 0.19706325 0 0.56202364 0.004010705 0.5618121 0.56754464 0.56711847 0.5575939 0.32988715 0.33346638
0.9939465 0.5616006 0.26053867 1.0053219 1.0227151 0.26025566 0.25884217 1.0188149 1.0068517 1.0087683 0.5287124 0.56456673 0.5240722 0.556333 0.56054413 0.5630822 0.52729714 0.52628785 0.5649914 0.560333 0.5582251 0.56202364 0 0.5628704 0.5258845 0.5331779 0.27209163 0.52346903 0.5628704 0.56967896
0.99281836 0.3373763 0.5616006 1.0034139 1.0060863 0.568611 0.5578042 1.0076177 1.014548 1.0083846 0.5698927 0.48450688 0.56584156 0.32555276 0.3306638 0.043963727 0.5707484 0.56903803 0.01852696 0.19459637 0.19654323 0.004010705 0.5628704 0 0.5613892 0.56647974 0.56839764 0.556543 0.3297319 0.3333104
0.9838541 0.56647974 0.5204606 0.99545324 0.99545324 0.52931976 0.5206608 0.99734104 0.990942 0.98496884 0.24971882 0.5713908 0.24832502 0.55402696 0.55948913 0.5569632 0.25097546 0.2504167 0.5616006 0.55089366 0.54902 0.5618121 0.5258845 0.5613892 0 0.25363526 0.5354207 0.2430521 0.5677578 0.57224816
0.9838541 0.5761186 0.52387106 0.99885464 1.0022715 0.5317542 0.5190608 1.0045581 1.0034139 0.99169195 0.22623433 0.5778452 0.22353503 0.56202364 0.56882447 0.56647974 0.22515345 0.22380453 0.56711847 0.5586462 0.5578042 0.56754464 0.5331779 0.56647974 0.25363526 0 0.5393104 0.22178568 0.5707484 0.57957584
0.98869646 0.5707484 0.2105795 1.0087683 1.0227151 0.21763055 0.20886007 1.0091523 1.0126165 1.0087683 0.53297436 0.56096655 0.5258845 0.56202364 0.5649914 0.56711847 0.53134793 0.53134793 0.5703204 0.56117785 0.5624469 0.56711847 0.27209163 0.56839764 0.5354207 0.5393104 0 0.5264896 0.5607553 0.57181937
0.9845971 0.5575939 0.51786304 0.98907024 0.99281836 0.52447456 0.513091 0.99281836 0.9827411 0.9790429 0.20425035 0.5628704 0.20740825 0.5533992 0.5573836 0.55885684 0.2085959 0.20556453 0.5582251 0.549644 0.54860425 0.5575939 0.52346903 0.556543 0.2430521 0.22178568 0.5264896 0 0.5550743 0.57010657
1.0087683 0.22299634 0.5557034 0.99885464 0.9931942 0.56647974 0.5554936 0.99961257 1.01069 0.99658537 0.5656289 0.49623638 0.5630822 0.21602827 0.22353503 0.32957673 0.56754464 0.5628704 0.32988715 0.32988715 0.33190808 0.32988715 0.5628704 0.3297319 0.5677578 0.5707484 0.5607553 0.5550743 0 0.206881
1.0180373 0.23864032 0.56882447 1.0149349 1.0133885 0.5677578 0.5626586 1.0160967 1.0207624 1.0091523 0.573751 0.50344145 0.5713908 0.22812964 0.23644413 0.33144122 0.57267725 0.571605 0.3337784 0.3373763 0.3392603 0.33346638 0.56967896 0.3333104 0.57224816 0.57957584 0.57181937 0.57010657 0.206881 0
