0 1.0015109 1.015322 1.0595814 1.0449389 0.9838541 1.0022715 1.0122308 1.0034139 1.0389212 0.74975425 0.33690602 0.74622995 1.0041765 1.0087683 1.0433295 1.0341415 1.0377234 1.0437315 1.0091523 1.0064689 0.97499573 1.000751 0.9790429 0.65852404 0.65253264 1.0219333 0.7429914 1.0068517 1.0015109
1.0015109 0 0.2993141 0.97426224 0.9626228 0.48032117 0.49063718 0.8251602 0.82186216 0.9662408 1.0118452 0.99961257 1.0137748 0.48756576 0.48679987 0.982 0.98051995 0.97243166 0.9662408 0.29946318 0.30125424 0.9360306 0.9370764 0.9335961 1.0122308 1.015322 0.30921626 1.0195932 0.30319938 0.15385495
1.015322 0.2993141 0 0.982 0.9637064 0.46920985 0.47729164 0.8023729 0.7968549 0.97243166 0.990942 0.9842255 0.9969631 0.47634742 0.47220686 0.9687838 0.9662408 0.97609735 0.9753628 0.13398623 0.13554212 0.9053166 0.90799636 0.9063204 0.99734104 1.0072346 0.19771379 1.0091523 0.18532108 0.29842037
1.0595814 0.97426224 0.982 0 0.13183723 1.000751 1.0095364 0.9931942 0.99169195 0.1288627 1.0195932 1.0587604 1.0149349 1.01069 1.0176488 0.21296677 0.21296677 0.1274391 0.12945665 0.9738958 0.96769285 0.9790429 0.97316337 0.9779369 1.0337447 1.0401208 0.9901927 1.0262426 0.98832285 0.97024083
1.0449389 0.9626228 0.9637064 0.13183723 0 0.9783054 0.99056727 0.9783054 0.97941184 0.06307988 1.0282096 1.0305767 1.0199828 0.99885464 1.005704 0.20925651 0.20991771 0.064386316 0.067115374 0.9590223 0.9554389 0.97243166 0.97316337 0.97316337 1.0188149 1.0293922 0.9746289 1.030972 0.9713354 0.9572284
0.9838541 0.48032117 0.46920985 1.000751 0.9783054 0 0.06504038 0.81323624 0.811759 0.9842255 1.0022715 0.9764649 1.0053219 0.14059103 0.14034984 0.97720057 0.97352946 0.98757625 0.98757625 0.46659726 0.4647367 0.9287507 0.9150766 0.9263396 1.0015109 1.0060863 0.4826014 0.990942 0.47502747 0.47918367
1.0022715 0.49063718 0.47729164 1.0095364 0.99056727 0.06504038 0 0.81442016 0.8161995 0.9931942 1.0091523 0.9845971 1.0157093 0.14591707 0.14482458 0.99357027 0.9898184 0.9969631 0.99847597 0.47918367 0.4788049 0.944438 0.92017525 0.94267863 1.002652 1.0246727 0.49372122 1.0099207 0.48641723 0.49121448
1.0122308 0.8251602 0.8023729 0.9931942 0.9783054 0.81323624 0.81442016 0 0.04960485 0.9808897 1.053853 1.0313674 1.0501935 0.8076381 0.80851924 0.98907024 0.98757625 0.98237044 0.982 0.80646485 0.81087404 0.92771643 0.9433819 0.9287507 1.0579402 1.0526313 0.81709075 1.0457449 0.81679356 0.81768554
1.0034139 0.82186216 0.7968549 0.99169195 0.97941184 0.811759 0.8161995 0.04960485 0 0.9790429 1.0433295 1.015322 1.0405211 0.8055861 0.80851924 0.9860852 0.9845971 0.98125964 0.98051995 0.79888314 0.8041238 0.91541547 0.9370764 0.91643286 1.0485728 1.0445362 0.8099901 1.0325551 0.8102846 0.8099901
1.0389212 0.9662408 0.97243166 0.1288627 0.06307988 0.9842255 0.9931942 0.9808897 0.9790429 0 1.018426 1.0219333 1.01146 1.0045581 1.0122308 0.20372532 0.20490715 0.0444941 0.048003998 0.9680563 0.96406794 0.9783054 0.9764649 0.9779369 1.018426 1.0242808 0.9801504 1.0238891 0.9790429 0.9604604
0.74975425 1.0118452 0.990942 1.0195932 1.0282096 1.0022715 1.0091523 1.053853 1.0433295 1.018426 0 0.7590508 0.04005058 0.99885464 1.0041765 1.036926 1.0286036 1.0246727 1.0274222 0.99999183 0.9977191 1.0034139 1.0266355 1.0053219 0.7543881 0.7693002 1.0045581 0.19576387 0.98832285 1.0095364
0.33690602 0.99961257 0.9842255 1.0587604 1.0305767 0.9764649 0.9845971 1.0313674 1.015322 1.0219333 0.7590508 0 0.7522039 0.98832285 0.99169195 1.0215429 1.0149349 1.0219333 1.033348 0.98869646 0.9853408 1.014548 1.018426 1.014548 0.65181684 0.6475366 1.01146 0.7483968 1.0022715 0.99169195
0.74622995 1.0137748 0.9969631 1.0149349 1.0199828 1.0053219 1.0157093 1.0501935 1.0405211 1.01146 0.04005058 0.7522039 0 1.0049399 1.0068517 1.0301816 1.0234975 1.0176488 1.0199828 0.99923354 0.9977191 1.0041765 1.0242808 1.0072346 0.7459595 0.76790696 1.0064689 0.19485565 0.9950763 1.0095364
1.0041765 0.48756576 0.47634742 1.01069 0.99885464 0.14059103 0.14591707 0.8076381 0.8055861 1.0045581 0.99885464 0.98832285 1.0049399 0 0.034375902 0.9980974 0.9962078 1.0049399 1.0030329 0.4769138 0.47766966 0.94373375 0.9346385 0.93847305 1.0083846 1.0168724 0.48622596 0.9946995 0.48146042 0.4843161
1.0087683 0.48679987 0.47220686 1.0176488 1.005704 0.14034984 0.14482458 0.80851924 0.80851924 1.0122308 1.0041765 0.99169195 1.0068517 0.034375902 0 1.01069 1.0087683 1.0118452 1.0110749 0.4752159 0.47540435 0.94092345 0.93255514 0.9349863 1.005704 1.0176488 0.48450688 0.9969631 0.47823706 0.48507947
1.0433295 0.982 0.9687838 0.21296677 0.20925651 0.97720057 0.99357027 0.98907024 0.9860852 0.20372532 1.036926 1.0215429 1.0301816 0.9980974 1.01069 0 0.029055621 0.20359412 0.20674925 0.97499573 0.9669665 0.9842255 0.9827411 0.98051995 1.0337447 1.0501935 0.97352946 1.0405211 0.97609735 0.9687838
1.0341415 0.98051995 0.9662408 0.21296677 0.20991771 0.97352946 0.9898184 0.98757625 0.9845971 0.20490715 1.0286036 1.0149349 1.0234975 0.9962078 1.0087683 0.029055621 0 0.20346294 0.20595923 0.97170067 0.9637064 0.9753628 0.97941184 0.97352946 1.0337447 1.0526313 0.97024083 1.0313674 0.97499573 0.9651536
1.0377234 0.97243166 0.97609735 0.1274391 0.064386316 0.98757625 0.9969631 0.98237044 0.98125964 0.0444941 1.0246727 1.0219333 1.0176488 1.0049399 1.0118452 0.20359412 0.20346294 0 0.029783625 0.97170067 0.9658782 0.97352946 0.9695119 0.97170067 1.018426 1.0238891 0.982 1.0289978 0.9845971 0.9615409
1.0437315 0.9662408 0.9753628 0.12945665 0.067115374 0.98757625 0.99847597 0.982 0.98051995 0.048003998 1.0274222 1.033348 1.0199828 1.0030329 1.0110749 0.20674925 0.20595923 0.029783625 0 0.97206604 0.9662408 0.9801504 0.98237044 0.97978103 1.019204 1.0258498 0.9827411 1.0286036 0.98125964 0.9615409
1.0091523 0.29946318 0.13398623 0.9738958 0.9590223 0.46659726 0.47918367 0.80646485 0.79888314 0.9680563 0.99999183 0.98869646 0.99923354 0.4769138 0.4752159 0.97499573 0.97170067 0.97170067 0.97206604 0 0.016173134 0.91983426 0.91983426 0.92017525 0.9958304 0.99923354 0.1997993 1.0037951 0.1877576 0.29961228
1.0064689 0.30125424 0.13554212 0.96769285 0.9554389 0.4647367 0.4788049 0.81087404 0.8041238 0.96406794 0.9977191 0.9853408 0.9977191 0.47766966 0.47540435 0.9669665 0.9637064 0.9658782 0.9662408 0.016173134 0 0.92119914 0.91643286 0.9218825 0.9962078 1.0003713 0.20175974 1.0060863 0.18788606 0.29976138
0.97499573 0.9360306 0.9053166 0.9790429 0.97243166 0.9287507 0.944438 0.92771643 0.91541547 0.9783054 1.0034139 1.014548 1.0041765 0.94373375 0.94092345 0.9842255 0.9753628 0.97352946 0.9801504 0.91983426 0.92119914 0 0.33643606 0.01484597 1.0199828 1.0126165 0.9287507 1.0087683 0.92771643 0.93672764
1.000751 0.9370764 0.90799636 0.97316337 0.97316337 0.9150766 0.92017525 0.9433819 0.9370764 0.9764649 1.0266355 1.018426 1.0242808 0.9346385 0.93255514 0.9827411 0.97941184 0.9695119 0.98237044 0.91983426 0.91643286 0.33643606 0 0.3350279 1.019204 1.015322 0.9242792 1.0176488 0.93568236 0.93324894
0.9790429 0.9335961 0.9063204 0.9779369 0.97316337 0.9263396 0.94267863 0.9287507 0.91643286 0.9779369 1.0053219 1.014548 1.0072346 0.93847305 0.9349863 0.98051995 0.97352946 0.97170067 0.97978103 0.92017525 0.9218825 0.01484597 0.3350279 0 1.0160967 1.014548 0.9287507 1.0118452 0.92909575 0.9349863
0.65852404 1.0122308 0.99734104 1.0337447 1.0188149 1.0015109 1.002652 1.0579402 1.0485728 1.018426 0.7543881 0.65181684 0.7459595 1.0083846 1.005704 1.0337447 1.0337447 1.018426 1.019204 0.9958304 0.9962078 1.0199828 1.019204 1.0160967 0 0.32231835 1.0223241 0.74622995 0.99281836 1.0172604
0.65253264 1.015322 1.0072346 1.0401208 1.0293922 1.0060863 1.0246727 1.0526313 1.0445362 1.0242808 0.7693002 0.6475366 0.76790696 1.0168724 1.0176488 1.0501935 1.0526313 1.0238891 1.0258498 0.99923354 1.0003713 1.0126165 1.015322 1.014548 0.32231835 0 1.0203725 0.7676286 1.0087683 1.0103053
1.0219333 0.30921626 0.19771379 0.9901927 0.9746289 0.4826014 0.49372122 0.81709075 0.8099901 0.9801504 1.0045581 1.01146 1.0064689 0.48622596 0.48450688 0.97352946 0.97024083 0.982 0.9827411 0.1997993 0.20175974 0.9287507 0.9242792 0.9287507 1.0223241 1.0203725 0 1.0160967 0.20595923 0.30245066
0.7429914 1.0195932 1.0091523 1.0262426 1.030972 0.990942 1.0099207 1.0457449 1.0325551 1.0238891 0.19576387 0.7483968 0.19485565 0.9946995 0.9969631 1.0405211 1.0313674 1.0289978 1.0286036 1.0037951 1.0060863 1.0087683 1.0176488 1.0118452 0.74622995 0.7676286 1.0160967 0 1.0022715 1.0133885
1.0068517 0.30319938 0.18532108 0.98832285 0.9713354 0.47502747 0.48641723 0.81679356 0.8102846 0.9790429 0.98832285 1.0022715 0.9950763 0.48146042 0.47823706 0.97609735 0.97499573 0.9845971 0.98125964 0.1877576 0.18788606 0.92771643 0.93568236 0.92909575 0.99281836 1.0087683 0.20595923 1.0022715 0 0.30080608
1.0015109 0.15385495 0.29842037 0.97024083 0.9572284 0.47918367 0.49121448 0.81768554 0.8099901 0.9604604 1.0095364 0.99169195 1.0095364 0.4843161 0.48507947 0.9687838 0.9651536 0.9615409 0.9615409 0.29961228 0.29976138 0.93672764 0.93324894 0.9349863 1.0172604 1.0103053 0.30245066 1.0133885 0.30080608 0
