0 1.0133885 0.8937039 0.8150128 0.8003352 0.8884545 0.8102846 0.8153093 0.8884545 0.9950763 0.9939465 1.0011308 0.8076381 0.89304566 0.8989902 0.80705124 0.8020814 0.814124 0.81353205 0.8904187 0.8874743 1.0195932 1.0072346 1.0223241 1.0168724 0.9860852 1.0305767 0.99056727 0.8933747 0.9958304
1.0133885 0 1.0045581 1.0164845 1.0137748 0.98907024 1.0037951 1.0141612 1.0060863 0.8251602 0.8150128 0.67163116 1.0060863 0.9962078 0.99923354 1.0149349 1.0083846 1.0034139 0.98794943 0.9931942 0.9857129 0.8023729 0.81738806 0.8026644 0.8224607 0.7936788 0.82156307 0.79888314 0.97024083 0.25799534
0.8937039 1.0045581 0 0.88943595 0.8963424 0.23384447 0.8855178 0.8726031 0.23850287 0.99169195 0.9931942 0.97024083 0.8738847 0.23987852 0.24457467 0.88226825 0.8668633 0.8923881 0.87324363 0.23891531 0.23603305 0.99056727 1.0034139 0.9898184 0.99999183 0.97978103 0.98645765 0.9695119 0.32047635 0.9691478
0.8150128 1.0164845 0.88943595 0 0.19033095 0.9013148 0.7729349 0.7734957 0.90766084 0.99885464 0.9931942 0.96406794 0.76846397 0.89667284 0.90031767 0.76846397 0.7532952 0.1884001 0.18647423 0.8907466 0.8864954 0.9779369 0.9727974 0.97243166 1.0053219 0.97206604 1.0164845 0.9831119 0.877098 1.0130024
0.8003352 1.0137748 0.8963424 0.19033095 0 0.9069903 0.7693002 0.7746184 0.9046481 1.0022715 1.0037951 0.95258445 0.77489936 0.90565103 0.9043141 0.7760242 0.7543881 0.18647423 0.18276484 0.8933747 0.8910746 0.9746289 0.9783054 0.9691478 1.0215429 0.97499573 1.01146 0.97720057 0.8874743 1.0091523
0.8884545 0.98907024 0.23384447 0.9013148 0.9069903 0 0.8963424 0.8887815 0.1759062 0.98645765 0.9857129 0.94903165 0.8855178 0.17666517 0.17996301 0.8904187 0.8793556 0.8979962 0.8838912 0.17717159 0.17451672 0.9857129 0.9980974 0.9857129 1.0041765 0.9666036 0.9816297 0.9666036 0.31300145 0.95294064
0.8102846 1.0037951 0.8855178 0.7729349 0.7693002 0.8963424 0 0.18059887 0.9069903 0.99131685 0.98832285 0.99545324 0.2504167 0.8953518 0.8927168 0.24818578 0.2426374 0.7587757 0.75712734 0.9043141 0.8970035 0.9827411 0.97426224 0.9808897 0.99131685 0.9753628 1.0110749 0.9644296 0.88910866 1.0011308
0.8153093 1.0141612 0.8726031 0.7734957 0.7746184 0.8887815 0.18059887 0 0.8907466 0.98125964 0.97206604 0.9801504 0.2548985 0.8842163 0.8842163 0.25363526 0.24790739 0.7695792 0.7623596 0.8927168 0.8835664 0.98794943 0.9615409 0.9853408 0.9838541 0.9637064 0.9946995 0.9651536 0.8884545 0.99658537
0.8884545 1.0060863 0.23850287 0.90766084 0.9046481 0.1759062 0.9069903 0.8907466 0 0.99545324 0.9924427 0.9655158 0.8923881 0.1794547 0.18123527 0.8871479 0.8754896 0.89766514 0.8920595 0.17869289 0.1761591 0.9894442 0.99885464 0.98869646 1.0015109 0.9727974 0.98683035 0.97243166 0.3187918 0.97426224
0.9950763 0.8251602 0.99169195 0.99885464 1.0022715 0.98645765 0.99131685 0.98125964 0.99545324 0 0.12071365 0.80529344 0.9898184 0.98832285 0.9946995 0.9783054 0.96841997 0.9946995 0.9783054 0.98757625 0.9838541 0.65277135 0.6626257 0.6522939 0.67359257 0.6558819 0.52487713 0.64280915 0.96298385 0.8088132
0.9939465 0.8150128 0.9931942 0.9931942 1.0037951 0.9857129 0.98832285 0.97206604 0.9924427 0.12071365 0 0.79830307 0.98237044 0.99131685 0.9901927 0.97316337 0.9666036 0.99169195 0.9768326 0.9860852 0.9845971 0.6563616 0.6611755 0.65564215 0.6699191 0.64801097 0.52729714 0.63297755 0.9691478 0.79714435
1.0011308 0.67163116 0.97024083 0.96406794 0.95258445 0.94903165 0.99545324 0.9801504 0.9655158 0.80529344 0.79830307 0 0.9779369 0.96406794 0.9611805 0.97352946 0.96769285 0.9565121 0.96226203 0.95258445 0.94479036 0.8156059 0.80617183 0.8147164 0.8164965 0.791952 0.81590265 0.793967 0.9540103 0.6694307
0.8076381 1.0060863 0.8738847 0.76846397 0.77489936 0.8855178 0.2504167 0.2548985 0.8923881 0.9898184 0.98237044 0.9779369 0 0.8940332 0.8940332 0.119657226 0.11743188 0.77153486 0.7673504 0.8970035 0.8874743 0.9790429 0.9713354 0.97609735 0.9775687 0.9691478 0.9980974 0.96298385 0.8907466 1.0080011
0.89304566 0.9962078 0.23987852 0.89667284 0.90565103 0.17666517 0.8953518 0.8842163 0.1794547 0.98832285 0.99131685 0.96406794 0.8940332 0 0.123302296 0.8943626 0.8864954 0.9036466 0.8923881 0.18009013 0.17894675 0.98496884 0.99847597 0.98348296 0.99545324 0.98125964 0.9920673 0.9790429 0.32247207 0.9727974
0.8989902 0.99923354 0.24457467 0.90031767 0.9043141 0.17996301 0.8927168 0.8842163 0.18123527 0.9946995 0.9901927 0.9611805 0.8940332 0.123302296 0 0.8904187 0.8800019 0.90264636 0.8874743 0.18110794 0.17958175 0.9958304 1.0087683 0.99545324 1.0041765 0.97243166 1.0022715 0.9691478 0.32324106 0.97206604
0.80705124 1.0149349 0.88226825 0.76846397 0.7760242 0.8904187 0.24818578 0.25363526 0.8871479 0.9783054 0.97316337 0.97352946 0.119657226 0.8943626 0.8904187 0 0.08482053 0.7743376 0.762636 0.8943626 0.8851922 0.97499573 0.9604604 0.97352946 0.98348296 0.96298385 0.99658537 0.97243166 0.87967867 1.0080011
0.8020814 1.0083846 0.8668633 0.7532952 0.7543881 0.8793556 0.2426374 0.24790739 0.8754896 0.96841997 0.9666036 0.96769285 0.11743188 0.8864954 0.8800019 0.08482053 0 0.7601521 0.74893945 0.8835664 0.87324363 0.9753628 0.953297 0.9727974 0.9695119 0.95794547 0.9857129 0.9611805 0.8700467 0.9958304
0.814124 1.0034139 0.8923881 0.1884001 0.18647423 0.8979962 0.7587757 0.7695792 0.89766514 0.9946995 0.99169195 0.9565121 0.77153486 0.9036466 0.90264636 0.7743376 0.7601521 0 0.08650202 0.8983274 0.89469224 0.97024083 0.97720057 0.9658782 1.015322 0.9706055 1.014548 0.97170067 0.8923881 0.99999183
0.81353205 0.98794943 0.87324363 0.18647423 0.18276484 0.8838912 0.75712734 0.7623596 0.8920595 0.9783054 0.9768326 0.96226203 0.7673504 0.8923881 0.8874743 0.762636 0.74893945 0.08650202 0 0.8855178 0.88259256 0.9644296 0.9637064 0.959741 0.9931942 0.9611805 0.99885464 0.9604604 0.87324363 0.99357027
0.8904187 0.9931942 0.23891531 0.8907466 0.8933747 0.17717159 0.9043141 0.8927168 0.17869289 0.98757625 0.9860852 0.95258445 0.8970035 0.18009013 0.18110794 0.8943626 0.8835664 0.8983274 0.8855178 0 0.017809795 0.98125964 0.9931942 0.98237044 0.99056727 0.97352946 0.9924427 0.97170067 0.31711105 0.9698763
0.8874743 0.9857129 0.23603305 0.8864954 0.8910746 0.17451672 0.8970035 0.8835664 0.1761591 0.9838541 0.9845971 0.94479036 0.8874743 0.17894675 0.17958175 0.8851922 0.87324363 0.89469224 0.88259256 0.017809795 0 0.9764649 0.99131685 0.9779369 0.9842255 0.9706055 0.9898184 0.9698763 0.31209126 0.9608204
1.0195932 0.8023729 0.99056727 0.9779369 0.9746289 0.9857129 0.9827411 0.98794943 0.9894442 0.65277135 0.6563616 0.8156059 0.9790429 0.98496884 0.9958304 0.97499573 0.9753628 0.97024083 0.9644296 0.98125964 0.9764649 0 0.67065233 0.0076387688 0.6802505 0.55089366 0.67212105 0.33894598 0.9706055 0.7994636
1.0072346 0.81738806 1.0034139 0.9727974 0.9783054 0.9980974 0.97426224 0.9615409 0.99885464 0.6626257 0.6611755 0.80617183 0.9713354 0.99847597 1.0087683 0.9604604 0.953297 0.97720057 0.9637064 0.9931942 0.99131685 0.67065233 0 0.67040783 0.5832667 0.67802465 0.68223464 0.6568416 0.9950763 0.81977093
1.0223241 0.8026644 0.9898184 0.97243166 0.9691478 0.9857129 0.9808897 0.9853408 0.98869646 0.6522939 0.65564215 0.8147164 0.97609735 0.98348296 0.99545324 0.97352946 0.9727974 0.9658782 0.959741 0.98237044 0.9779369 0.0076387688 0.67040783 0 0.6807461 0.5519366 0.6696748 0.34051898 0.9637064 0.79888314
1.0168724 0.8224607 0.99999183 1.0053219 1.0215429 1.0041765 0.99131685 0.9838541 1.0015109 0.67359257 0.6699191 0.8164965 0.9775687 0.99545324 1.0041765 0.98348296 0.9695119 1.015322 0.9931942 0.99056727 0.9842255 0.6802505 0.5832667 0.6807461 0 0.68223464 0.67926043 0.65564215 0.99281836 0.81768554
0.9860852 0.7936788 0.97978103 0.97206604 0.97499573 0.9666036 0.9753628 0.9637064 0.9727974 0.6558819 0.64801097 0.791952 0.9691478 0.98125964 0.97243166 0.96298385 0.95794547 0.9706055 0.9611805 0.97352946 0.9706055 0.55089366 0.67802465 0.5519366 0.68223464 0 0.6606927 0.5444594 0.95080596 0.7676286
1.0305767 0.82156307 0.98645765 1.0164845 1.01146 0.9816297 1.0110749 0.9946995 0.98683035 0.52487713 0.52729714 0.81590265 0.9980974 0.9920673 1.0022715 0.99658537 0.9857129 1.014548 0.99885464 0.9924427 0.9898184 0.67212105 0.68223464 0.6696748 0.67926043 0.6606927 0 0.64872307 0.9857129 0.80120784
0.99056727 0.79888314 0.9695119 0.9831119 0.97720057 0.9666036 0.9644296 0.9651536 0.97243166 0.64280915 0.63297755 0.793967 0.96298385 0.9790429 0.9691478 0.97243166 0.9611805 0.97170067 0.9604604 0.97170067 0.9698763 0.33894598 0.6568416 0.34051898 0.65564215 0.5444594 0.64872307 0 0.953297 0.7805406
0.8933747 0.97024083 0.32047635 0.877098 0.8874743 0.31300145 0.88910866 0.8884545 0.3187918 0.96298385 0.9691478 0.9540103 0.8907466 0.32247207 0.32324106 0.87967867 0.8700467 0.8923881 0.87324363 0.31711105 0.31209126 0.9706055 0.9950763 0.9637064 0.99281836 0.95080596 0.9857129 0.953297 0 0.93987226
0.9958304 0.25799534 0.9691478 1.0130024 1.0091523 0.95294064 1.0011308 0.99658537 0.97426224 0.8088132 0.79714435 0.6694307 1.0080011 0.9727974 0.97206604 1.0080011 0.9958304 0.99999183 0.99357027 0.9698763 0.9608204 0.7994636 0.81977093 0.79888314 0.81768554 0.7676286 0.80120784 0.7805406 0.93987226 0
