0 0.8212641 0.8224607 0.8236593 0.97170067 0.98683035 0.81323624 0.8111689 0.9842255 0.94479036 0.8003352 1.0278157 0.81679356 1.0203725 1.0172604 0.93987226 0.94549555 1.002652 1.0068517 0.98645765 0.98237044 1.015322 0.8474224 1.0176488 0.929441 0.94267863 0.946908 0.9440858 0.936379 0.929441
0.8212641 0 0.23343483 0.4673428 0.9962078 1.0003713 0.46417943 0.4606596 0.990942 0.9738958 0.47540435 1.0278157 0.47389796 1.0246727 1.0203725 0.9644296 0.97243166 1.014548 1.0122308 0.9943229 0.98832285 1.0099207 0.7129029 1.005704 0.9565121 0.9651536 0.95794547 0.97573 0.95615417 0.9608204
0.8224607 0.23343483 0 0.47070688 0.9644296 0.97243166 0.4647367 0.46417943 0.9872032 0.9651536 0.47051957 1.0180373 0.47070688 1.0072346 1.0041765 0.9419761 0.95080596 0.9939465 0.9845971 0.9853408 0.98496884 1.014548 0.7141975 1.0122308 0.9433819 0.9575869 0.946908 0.9572284 0.9536536 0.9476152
0.8236593 0.4673428 0.47070688 0 0.99056727 1.0049399 0.21549493 0.2204428 0.99658537 0.9651536 0.39082533 1.0341415 0.38964754 1.0353336 1.0293922 0.9655158 0.98051995 0.9962078 1.0076177 0.9924427 0.9920673 1.0413225 0.7191378 1.0397208 0.9608204 0.9801504 0.97024083 0.98683035 0.96841997 0.96190137
0.97170067 0.9962078 0.9644296 0.99056727 0 0.20503858 0.98348296 0.98683035 0.70954716 1.0003713 0.9946995 0.7307048 0.9977191 0.5150757 0.51447976 0.9946995 0.9958304 0.5136859 0.5172649 0.6982995 0.6955138 0.7129029 1.0282096 0.7110941 0.94479036 0.96841997 0.95615417 0.9666036 0.9626228 0.9540103
0.98683035 1.0003713 0.97243166 1.0049399 0.20503858 0 1.0015109 1.01069 0.7167936 1.0157093 1.0053219 0.7333587 1.01069 0.51091397 0.51190275 1.0083846 1.0207624 0.5156721 0.5198604 0.70774645 0.7051815 0.72489893 1.0373245 0.7251619 0.9604604 0.99131685 0.9827411 0.99357027 0.9727974 0.9706055
0.81323624 0.46417943 0.4647367 0.21549493 0.98348296 1.0015109 0 0.17970881 1.0034139 0.96406794 0.38863948 1.0227151 0.3814544 1.0099207 1.0110749 0.9590223 0.9658782 0.9853408 0.9980974 0.99131685 0.99357027 1.0122308 0.70415795 1.0141612 0.95151687 0.9583042 0.95472425 0.97206604 0.9479691 0.9339434
0.8111689 0.4606596 0.46417943 0.2204428 0.98683035 1.01069 0.17970881 0 1.0030329 0.9504507 0.3925111 1.0377234 0.38947943 1.0180373 1.0188149 0.9593815 0.9611805 0.98869646 0.9931942 0.98869646 0.9845971 1.0180373 0.71367943 1.0176488 0.95151687 0.9669665 0.953297 0.9713354 0.96406794 0.9374253
0.9842255 0.990942 0.9872032 0.99658537 0.70954716 0.7167936 1.0034139 1.0030329 0 0.98757625 0.98757625 0.72726864 0.9977191 0.714716 0.7165336 0.98683035 1.0053219 0.7325615 0.7341567 0.17489542 0.17174548 0.6570817 1.0030329 0.6578025 0.9511613 0.9673296 0.9738958 0.9713354 0.9713354 0.9583042
0.94479036 0.9738958 0.9651536 0.9651536 1.0003713 1.0157093 0.96406794 0.9504507 0.98757625 0 0.9662408 1.0325551 0.97573 1.0274222 1.0242808 0.18660247 0.1900732 1.0091523 1.018426 1.01069 1.0053219 1.0041765 0.98645765 1.0045581 0.67285645 0.68149 0.6802505 0.684224 0.6760516 0.67555916
0.8003352 0.47540435 0.47051957 0.39082533 0.9946995 1.0053219 0.38863948 0.3925111 0.98757625 0.9662408 0 1.0087683 0.12696517 1.0238891 1.0172604 0.9662408 0.9669665 1.0130024 1.015322 0.98794943 0.9898184 1.0099207 0.7141975 1.0099207 0.928061 0.9493862 0.93568236 0.95080596 0.9440858 0.93672764
1.0278157 1.0278157 1.0180373 1.0341415 0.7307048 0.7333587 1.0227151 1.0377234 0.72726864 1.0325551 1.0087683 0 1.0103053 0.7429914 0.75165886 1.0325551 1.0461482 0.72991043 0.7376246 0.7354886 0.7275324 0.73575526 1.0301816 0.73923063 1.0034139 1.0118452 1.018426 1.032159 0.99658537 1.002652
0.81679356 0.47389796 0.47070688 0.38964754 0.9977191 1.01069 0.3814544 0.38947943 0.9977191 0.97573 0.12696517 1.0103053 0 1.0266355 1.0199828 0.96769285 0.9713354 1.0030329 1.0060863 0.990942 0.9931942 1.0133885 0.714716 1.0133885 0.9391723 0.9568702 0.94162506 0.9565121 0.95151687 0.94903165
1.0203725 1.0246727 1.0072346 1.0353336 0.5150757 0.51091397 1.0099207 1.0180373 0.714716 1.0274222 1.0238891 0.7429914 1.0266355 0 0.073595606 1.0164845 1.0337447 0.4841254 0.48603475 0.71835554 0.71032023 0.73495555 1.0231062 0.7338906 0.98645765 1.0041765 1.0103053 1.0130024 0.9872032 0.98757625
1.0172604 1.0203725 1.0041765 1.0293922 0.51447976 0.51190275 1.0110749 1.0188149 0.7165336 1.0242808 1.0172604 0.75165886 1.0199828 0.073595606 0 1.0160967 1.0286036 0.48852423 0.48679987 0.7173139 0.7113522 0.7312348 1.0227151 0.7307048 0.98794943 1.0045581 1.0049399 1.0072346 0.98832285 0.9860852
0.93987226 0.9644296 0.9419761 0.9655158 0.9946995 1.0083846 0.9590223 0.9593815 0.98683035 0.18660247 0.9662408 1.0325551 0.96769285 1.0164845 1.0160967 0 0.0711727 0.99923354 1.0053219 1.0060863 1.0011308 1.0037951 0.9655158 1.0072346 0.67163116 0.67089695 0.6723661 0.6782716 0.66553456 0.6686986
0.94549555 0.97243166 0.95080596 0.98051995 0.9958304 1.0207624 0.9658782 0.9611805 1.0053219 0.1900732 0.9669665 1.0461482 0.9713354 1.0337447 1.0286036 0.0711727 0 1.014548 1.0176488 1.0160967 1.0118452 1.0149349 0.97499573 1.019204 0.66796726 0.67089695 0.6723661 0.6782716 0.6684547 0.6643211
1.002652 1.014548 0.9939465 0.9962078 0.5136859 0.5156721 0.9853408 0.98869646 0.7325615 1.0091523 1.0130024 0.72991043 1.0030329 0.4841254 0.48852423 0.99923354 1.014548 0 0.060690653 0.718095 0.7167936 0.7362889 1.0118452 0.73815954 0.97573 1.0126165 1.001891 1.015322 0.99169195 0.96226203
1.0068517 1.0122308 0.9845971 1.0076177 0.5172649 0.5198604 0.9980974 0.9931942 0.7341567 1.018426 1.015322 0.7376246 1.0060863 0.48603475 0.48679987 1.0053219 1.0176488 0.060690653 0 0.7254249 0.7207046 0.73923063 1.0211525 0.7419149 0.9827411 1.019204 1.0049399 1.0207624 0.9901927 0.96406794
0.98645765 0.9943229 0.9853408 0.9924427 0.6982995 0.70774645 0.99131685 0.98869646 0.17489542 1.01069 0.98794943 0.7354886 0.990942 0.71835554 0.7173139 1.0060863 1.0160967 0.718095 0.7254249 0 0.050032325 0.6580429 1.0064689 0.6575622 0.97720057 0.9894442 0.99131685 0.990942 0.9831119 0.97867405
0.98237044 0.98832285 0.98496884 0.9920673 0.6955138 0.7051815 0.99357027 0.9845971 0.17174548 1.0053219 0.9898184 0.7275324 0.9931942 0.71032023 0.7113522 1.0011308 1.0118452 0.7167936 0.7207046 0.050032325 0 0.65516293 1.002652 0.65516293 0.9698763 0.9827411 0.98757625 0.9838541 0.9808897 0.97316337
1.015322 1.0099207 1.014548 1.0413225 0.7129029 0.72489893 1.0122308 1.0180373 0.6570817 1.0041765 1.0099207 0.73575526 1.0133885 0.73495555 0.7312348 1.0037951 1.0149349 0.7362889 0.73923063 0.6580429 0.65516293 0 1.0015109 0.010979982 0.9666036 0.9753628 0.97499573 0.9808897 0.97316337 0.9738958
0.8474224 0.7129029 0.7141975 0.7191378 1.0282096 1.0373245 0.70415795 0.71367943 1.0030329 0.98645765 0.7141975 1.0301816 0.714716 1.0231062 1.0227151 0.9655158 0.97499573 1.0118452 1.0211525 1.0064689 1.002652 1.0015109 0 1.0060863 0.97024083 0.9543672 0.9611805 0.98051995 0.96841997 0.96298385
1.0176488 1.005704 1.0122308 1.0397208 0.7110941 0.7251619 1.0141612 1.0176488 0.6578025 1.0045581 1.0099207 0.73923063 1.0133885 0.7338906 0.7307048 1.0072346 1.019204 0.73815954 0.7419149 0.6575622 0.65516293 0.010979982 1.0060863 0 0.9673296 0.9783054 0.97499573 0.97867405 0.9775687 0.9738958
0.929441 0.9565121 0.9433819 0.9608204 0.94479036 0.9604604 0.95151687 0.95151687 0.9511613 0.67285645 0.928061 1.0034139 0.9391723 0.98645765 0.98794943 0.67163116 0.66796726 0.97573 0.9827411 0.97720057 0.9698763 0.9666036 0.97024083 0.9673296 0 0.28528675 0.29396757 0.2890998 0.3632189 0.35723764
0.94267863 0.9651536 0.9575869 0.9801504 0.96841997 0.99131685 0.9583042 0.9669665 0.9673296 0.68149 0.9493862 1.0118452 0.9568702 1.0041765 1.0045581 0.67089695 0.67089695 1.0126165 1.019204 0.9894442 0.9827411 0.9753628 0.9543672 0.9783054 0.28528675 0 0.26138836 0.25841862 0.35739866 0.36273217
0.946908 0.95794547 0.946908 0.97024083 0.95615417 0.9827411 0.95472425 0.953297 0.9738958 0.6802505 0.93568236 1.018426 0.94162506 1.0103053 1.0049399 0.6723661 0.6723661 1.001891 1.0049399 0.99131685 0.98757625 0.97499573 0.9611805 0.97499573 0.29396757 0.26138836 0 0.24902159 0.36990303 0.3648437
0.9440858 0.97573 0.9572284 0.98683035 0.9666036 0.99357027 0.97206604 0.9713354 0.9713354 0.684224 0.95080596 1.032159 0.9565121 1.0130024 1.0072346 0.6782716 0.6782716 1.015322 1.0207624 0.990942 0.9838541 0.9808897 0.98051995 0.97867405 0.2890998 0.25841862 0.24902159 0 0.37072223 0.3601415
0.936379 0.95615417 0.9536536 0.96841997 0.9626228 0.9727974 0.9479691 0.96406794 0.9713354 0.6760516 0.9440858 0.99658537 0.95151687 0.9872032 0.98832285 0.66553456 0.6684547 0.99169195 0.9901927 0.9831119 0.9808897 0.97316337 0.96841997 0.9775687 0.3632189 0.35739866 0.36990303 0.37072223 0 0.23043755
0.929441 0.9608204 0.9476152 0.96190137 0.9540103 0.9706055 0.9339434 0.9374253 0.9583042 0.67555916 0.93672764 1.002652 0.94903165 0.98757625 0.9860852 0.6686986 0.6643211 0.96226203 0.96406794 0.97867405 0.97316337 0.9738958 0.96298385 0.9738958 0.35723764 0.36273217 0.3648437 0.3601415 0.23043755 0
