0 0.62827508986 1.00625175986 0.61635555986 0.63617235986 0.77788012986 0.77254005986 0.64250349986 0.63640595986 0.64062201986 0.63500575986 0.76557099986 0.62252091986 0.78070605986 0.78411131986 0.61363159986 0.61521935986 1.01781425986 1.01664995986 1.01742585986 1.01781425986 1.01898035986 0.77759815986 1.01898035986 0.63337555986 0.62804412986 0.64462585986 0.63430672986 0.63360825986 0.77506481986
0.62827508986 0 0.99448835986 0.49022578986 0.17253985986 0.76142045986 0.75701845986 0.17493461986 0.17835090986 0.19709866986 0.19243221986 0.75346065986 0.49737145986 0.75921625986 0.76280145986 0.49834232986 0.50009305986 1.00396055986 1.00434195986 0.97810235986 0.97626280986 0.98327735986 0.76280145986 0.98290655986 0.33082925986 0.27153875986 0.27211337986 0.59417318986 0.60596695986 0.76918685986
1.00625175986 0.99448835986 0 0.98736865986 0.99110745986 1.00931775986 1.00281745986 0.99411195986 0.99561869986 0.98736865986 0.99110745986 0.99561869986 1.01047075986 0.99637325986 1.00586945986 1.01355395986 1.01355395986 0.32186930986 0.31849851986 0.16764812986 0.16940045986 0.16789821986 0.99902009986 0.16789821986 0.99411195986 0.99035815986 0.98848830986 1.00586945986 1.00129625986 0.99977802986
0.61635555986 0.49022578986 0.98736865986 0 0.48658268986 0.76779405986 0.75701845986 0.49253585986 0.48888152986 0.48715675986 0.48945733986 0.75510060986 0.16677349986 0.75155191986 0.75811655986 0.16702327986 0.16752312986 0.98031585986 0.97810235986 0.98811488986 0.98625065986 0.97773415986 0.75236935986 0.97699805986 0.48352845986 0.48467233986 0.48984148986 0.57822679986 0.59284965986 0.75756725986
0.63617235986 0.17253985986 0.99110745986 0.48658268986 0 0.76557099986 0.75921625986 0.14669015986 0.14888171986 0.20271081986 0.19631890986 0.76695965986 0.49253585986 0.76169645986 0.76501630986 0.49504648986 0.49698345986 0.98401955986 0.98327735986 0.97552825986 0.97296285986 0.98253589986 0.76974465986 0.98253589986 0.33114012986 0.27039085986 0.27412795986 0.60305695986 0.61295210986 0.77114105986
0.77788012986 0.76142045986 1.00931775986 0.76779405986 0.76557099986 0 0.0939978198600001 0.76835085986 0.76974465986 0.76501630986 0.76086885986 0.56218909986 0.77226000986 0.34716837986 0.34589882986 0.77929175986 0.77788012986 1.03629485986 1.03272055986 1.00816655986 1.00778315986 1.00663435986 0.56558179986 1.00740005986 0.76557099986 0.77170031986 0.77002369986 0.76529359986 0.76974465986 0.35083042986
0.77254005986 0.75701845986 1.00281745986 0.75701845986 0.75921625986 0.0939978198600001 0 0.76169645986 0.76280145986 0.75155191986 0.74856225986 0.56303585986 0.75894115986 0.34716837986 0.34716837986 0.76612615986 0.76751585986 1.01898035986 1.01471345986 0.99977802986 0.99750649986 0.99826285986 0.56218909986 0.99902009986 0.76335455986 0.76142045986 0.75949135986 0.75455355986 0.75182431986 0.35019227986
0.64250349986 0.17493461986 0.99411195986 0.49253585986 0.14669015986 0.76835085986 0.76169645986 0 0.0951319458600001 0.20599309986 0.19970374986 0.76557099986 0.50282459986 0.76668172986 0.77226000986 0.50087248986 0.50302010986 1.00586945986 1.00510535986 0.98179515986 0.98253589986 0.98736865986 0.77170031986 0.98699580986 0.34036957986 0.27470453986 0.27933328986 0.59439402986 0.60776335986 0.77506481986
0.63640595986 0.17835090986 0.99561869986 0.48888152986 0.14888171986 0.76974465986 0.76280145986 0.0951319458600001 0 0.20704645986 0.20048703986 0.76835085986 0.49795382986 0.76751585986 0.77114105986 0.49775965986 0.49737145986 0.99712855986 0.99524175986 0.98513429986 0.98364841986 0.98774170986 0.77058219986 0.98811488986 0.33707147986 0.27643697986 0.27759415986 0.60731385986 0.61453845986 0.78070605986
0.64062201986 0.19709866986 0.98736865986 0.48715675986 0.20271081986 0.76501630986 0.75155191986 0.20599309986 0.20704645986 0 0.0903800848600001 0.75236935986 0.49137993986 0.76418495986 0.76974465986 0.49311449986 0.49311449986 0.98327735986 0.97994648986 0.96967735986 0.97077095986 0.97589545986 0.76224875986 0.97552825986 0.33300813986 0.27831830986 0.27672608986 0.59727055986 0.61091745986 0.76668172986
0.63500575986 0.19243221986 0.99110745986 0.48945733986 0.19631890986 0.76086885986 0.74856225986 0.19970374986 0.20048703986 0.0903800848600001 0 0.75209675986 0.49137993986 0.75318770986 0.76004205986 0.49272867986 0.49388667986 0.99073272986 0.98550625986 0.97516118986 0.97589545986 0.97736602986 0.76142045986 0.97699805986 0.33005260986 0.27355178986 0.27182599986 0.59373175986 0.60708921986 0.76280145986
0.76557099986 0.75346065986 0.99561869986 0.75510060986 0.76695965986 0.56218909986 0.56303585986 0.76557099986 0.76835085986 0.75236935986 0.75209675986 0 0.76031755986 0.55691849986 0.55461115986 0.75921625986 0.75318770986 1.01975865986 1.01432665986 0.99939899986 1.00091645986 0.99524175986 0.43485077986 0.99524175986 0.76004205986 0.76197255986 0.75674415986 0.76751585986 0.76584855986 0.56028740986
0.62252091986 0.49737145986 1.01047075986 0.16677349986 0.49253585986 0.77226000986 0.75894115986 0.50282459986 0.49795382986 0.49137993986 0.49137993986 0.76031755986 0 0.75537430986 0.75949135986 0.06848476986 0.06925192986 1.00472355986 1.00472355986 1.00510535986 1.00357935986 0.99750649986 0.75482701986 0.99675082986 0.49041800986 0.49234305986 0.49678953986 0.58714120986 0.60283355986 0.76695965986
0.78070605986 0.75921625986 0.99637325986 0.75155191986 0.76169645986 0.34716837986 0.34716837986 0.76668172986 0.76751585986 0.76418495986 0.75318770986 0.55691849986 0.75537430986 0 0.03968879986 0.76280145986 0.76004205986 1.01510035986 1.01781425986 1.00396055986 1.00243695986 0.98923569986 0.55670845986 0.98998385986 0.76890805986 0.76695965986 0.77618965986 0.76418495986 0.76004205986 0.18446298986
0.78411131986 0.76280145986 1.00586945986 0.75811655986 0.76501630986 0.34589882986 0.34716837986 0.77226000986 0.77114105986 0.76974465986 0.76004205986 0.55461115986 0.75949135986 0.03968879986 0 0.76363121986 0.76169645986 1.01626215986 1.01820275986 1.00510535986 1.00396055986 0.99373572986 0.56070958986 0.99448835986 0.77394165986 0.77142065986 0.77900921986 0.77114105986 0.75674415986 0.18459085986
0.61363159986 0.49834232986 1.01355395986 0.16702327986 0.49504648986 0.77929175986 0.76612615986 0.50087248986 0.49775965986 0.49311449986 0.49272867986 0.75921625986 0.06848476986 0.76280145986 0.76363121986 0 0.0403215338600001 1.01471345986 1.01432665986 1.00893375986 1.00893375986 1.00357935986 0.76280145986 1.00396055986 0.49118745986 0.49582065986 0.49215035986 0.59196858986 0.61046605986 0.76918685986
0.61521935986 0.50009305986 1.01355395986 0.16752312986 0.49698345986 0.77788012986 0.76751585986 0.50302010986 0.49737145986 0.49311449986 0.49388667986 0.75318770986 0.06925192986 0.76004205986 0.76169645986 0.0403215338600001 0 1.00625175986 1.00548735986 1.00319835986 1.00281745986 0.99939899986 0.75646995986 0.99939899986 0.49195765986 0.49601435986 0.49659567986 0.58977048986 0.60798825986 0.77030285986
1.01781425986 1.00396055986 0.32186930986 0.98031585986 0.98401955986 1.03629485986 1.01898035986 1.00586945986 0.99712855986 0.98327735986 0.99073272986 1.01975865986 1.00472355986 1.01510035986 1.01626215986 1.01471345986 1.00625175986 0 0.01766810886 0.32695405986 0.32896665986 0.32356040986 1.01316785986 0.32356040986 0.98998385986 0.97994648986 1.00931775986 1.02523045986 1.01124035986 1.03232445986
1.01664995986 1.00434195986 0.31849851986 0.97810235986 0.98327735986 1.03272055986 1.01471345986 1.00510535986 0.99524175986 0.97994648986 0.98550625986 1.01432665986 1.00472355986 1.01781425986 1.01820275986 1.01432665986 1.00548735986 0.01766810886 0 0.32433035986 0.32633589986 0.32048850986 1.01124035986 0.32048850986 0.98699580986 0.98179515986 1.00701715986 1.02288055986 1.01316785986 1.02837505986
1.01742585986 0.97810235986 0.16764812986 0.98811488986 0.97552825986 1.00816655986 0.99977802986 0.98179515986 0.98513429986 0.96967735986 0.97516118986 0.99939899986 1.00510535986 1.00396055986 1.00510535986 1.00893375986 1.00319835986 0.32695405986 0.32433035986 0 0.0123641288600001 0.0674995898600001 1.00701715986 0.0673901998600001 0.98886191986 0.97406125986 0.98774170986 0.99750649986 0.99675082986 1.00167635986
1.01781425986 0.97626280986 0.16940045986 0.98625065986 0.97296285986 1.00778315986 0.99750649986 0.98253589986 0.98364841986 0.97077095986 0.97589545986 1.00091645986 1.00357935986 1.00243695986 1.00396055986 1.00893375986 1.00281745986 0.32896665986 0.32633589986 0.0123641288600001 0 0.06936158986 1.00548735986 0.06925192986 0.98998385986 0.97150085986 0.98587835986 0.99788455986 0.99712855986 0.99561869986
1.01898035986 0.98327735986 0.16789821986 0.97773415986 0.98253589986 1.00663435986 0.99826285986 0.98736865986 0.98774170986 0.97589545986 0.97736602986 0.99524175986 0.99750649986 0.98923569986 0.99373572986 1.00357935986 0.99939899986 0.32356040986 0.32048850986 0.0674995898600001 0.06936158986 0 0.99712855986 0.00076570000000005 0.99260815986 0.97663035986 0.99637325986 0.99675082986 0.99524175986 0.99185740986
0.77759815986 0.76280145986 0.99902009986 0.75236935986 0.76974465986 0.56558179986 0.56218909986 0.77170031986 0.77058219986 0.76224875986 0.76142045986 0.43485077986 0.75482701986 0.55670845986 0.56070958986 0.76280145986 0.75646995986 1.01316785986 1.01124035986 1.00701715986 1.00548735986 0.99712855986 0 0.99712855986 0.76252505986 0.75784181986 0.76473908986 0.76004205986 0.76059310986 0.56282405986
1.01898035986 0.98290655986 0.16789821986 0.97699805986 0.98253589986 1.00740005986 0.99902009986 0.98699580986 0.98811488986 0.97552825986 0.97699805986 0.99524175986 0.99675082986 0.98998385986 0.99448835986 1.00396055986 0.99939899986 0.32356040986 0.32048850986 0.0673901998600001 0.06925192986 0.00076570000000005 0.99712855986 0 0.99335965986 0.97589545986 0.99599585986 0.99637325986 0.99486495986 0.99260815986
0.63337555986 0.33082925986 0.99411195986 0.48352845986 0.33114012986 0.76557099986 0.76335455986 0.34036957986 0.33707147986 0.33300813986 0.33005260986 0.76004205986 0.49041800986 0.76890805986 0.77394165986 0.49118745986 0.49195765986 0.98998385986 0.98699580986 0.98886191986 0.98998385986 0.99260815986 0.76252505986 0.99335965986 0 0.32788228986 0.32896665986 0.59130855986 0.60149465986 0.76446198986
0.62804412986 0.27153875986 0.99035815986 0.48467233986 0.27039085986 0.77170031986 0.76142045986 0.27470453986 0.27643697986 0.27831830986 0.27355178986 0.76197255986 0.49234305986 0.76695965986 0.77142065986 0.49582065986 0.49601435986 0.97994648986 0.98179515986 0.97406125986 0.97150085986 0.97663035986 0.75784181986 0.97589545986 0.32788228986 0 0.27254461986 0.59373175986 0.60194065986 0.77002369986
0.64462585986 0.27211337986 0.98848830986 0.48984148986 0.27412795986 0.77002369986 0.75949135986 0.27933328986 0.27759415986 0.27672608986 0.27182599986 0.75674415986 0.49678953986 0.77618965986 0.77900921986 0.49215035986 0.49659567986 1.00931775986 1.00701715986 0.98774170986 0.98587835986 0.99637325986 0.76473908986 0.99599585986 0.32896665986 0.27254461986 0 0.60507035986 0.61204715986 0.77957438986
0.63430672986 0.59417318986 1.00586945986 0.57822679986 0.60305695986 0.76529359986 0.75455355986 0.59439402986 0.60731385986 0.59727055986 0.59373175986 0.76751585986 0.58714120986 0.76418495986 0.77114105986 0.59196858986 0.58977048986 1.02523045986 1.02288055986 0.99750649986 0.99788455986 0.99675082986 0.76004205986 0.99637325986 0.59130855986 0.59373175986 0.60507035986 0 0.26781453986 0.76307795986
0.63360825986 0.60596695986 1.00129625986 0.59284965986 0.61295210986 0.76974465986 0.75182431986 0.60776335986 0.61453845986 0.61091745986 0.60708921986 0.76584855986 0.60283355986 0.76004205986 0.75674415986 0.61046605986 0.60798825986 1.01124035986 1.01316785986 0.99675082986 0.99712855986 0.99524175986 0.76059310986 0.99486495986 0.60149465986 0.60194065986 0.61204715986 0.26781453986 0 0.76031755986
0.77506481986 0.76918685986 0.99977802986 0.75756725986 0.77114105986 0.35083042986 0.35019227986 0.77506481986 0.78070605986 0.76668172986 0.76280145986 0.56028740986 0.76695965986 0.18446298986 0.18459085986 0.76918685986 0.77030285986 1.03232445986 1.02837505986 1.00167635986 0.99561869986 0.99185740986 0.56282405986 0.99260815986 0.76446198986 0.77002369986 0.77957438986 0.76307795986 0.76031755986 0
