0 1.0195932 0.99357027 0.9709704 0.7779968 0.7763057 0.8161995 0.82335943 0.9687838 0.9738958 0.7876524 0.80705124 0.77546155 0.79109013 0.7905161 0.7726547 0.7751804 0.98869646 0.99734104 0.7779968 0.7805406 0.97720057 0.8209652 0.9801504 0.7659607 0.9931942 0.96190137 0.9860852 0.99056727 0.7882242
1.0195932 0 0.20806782 0.20215245 1.0274222 1.0238891 1.0076177 1.0068517 0.70697606 0.7141975 1.0445362 0.9980974 1.0188149 1.0465518 1.0530384 1.0149349 1.0149349 0.2022834 0.20215245 1.0510052 1.0501935 0.7280602 1.0080011 0.72489893 1.0242808 0.7264779 1.0060863 1.0461482 0.7175742 1.0397208
0.99357027 0.20806782 0 0.16623351 1.0211525 1.0160967 0.99658537 0.9962078 0.6937464 0.6982995 1.0219333 1.01146 1.01069 1.0270288 1.0389212 1.0080011 1.0083846 0.1691097 0.16885917 1.0341415 1.0301816 0.71186876 1.0064689 0.7080034 1.0231062 0.71835554 1.0045581 1.0457449 0.714716 1.0305767
0.9709704 0.20215245 0.16623351 0 1.0072346 0.99357027 0.9860852 0.9931942 0.69956917 0.7033912 1.0041765 0.9872032 0.99545324 1.0087683 1.0219333 0.98907024 0.9894442 0.15397772 0.15434618 1.015322 1.015322 0.7113522 0.97573 0.71212715 0.9898184 0.7085177 1.0003713 1.0409217 0.71238565 1.0126165
0.7779968 1.0274222 1.0211525 1.0072346 0 0.13314977 0.81768554 0.81353205 0.9872032 1.0011308 0.7640195 0.80705124 0.30170265 0.7690214 0.77041674 0.29842037 0.29856926 1.0160967 1.0130024 0.7620833 0.76429653 0.98832285 0.81738806 0.98348296 0.7693002 1.0293922 0.96479154 0.97206604 1.0068517 0.28382534
0.7763057 1.0238891 1.0160967 0.99357027 0.13314977 0 0.81353205 0.814124 0.9827411 0.99885464 0.7475835 0.8003352 0.29234147 0.76512814 0.7607034 0.29042426 0.29027697 1.0060863 1.0045581 0.75411475 0.7565787 0.9962078 0.80910724 0.99734104 0.75822586 1.0393208 0.97206604 0.9662408 1.0034139 0.27656063
0.8161995 1.0076177 0.99658537 0.9860852 0.81768554 0.81353205 0 0.07194278 0.99357027 0.98683035 0.8242593 0.7170537 0.8111689 0.8269652 0.8263631 0.81709075 0.81590265 0.9845971 0.9939465 0.82066643 0.8251602 0.9666036 0.73789203 0.959741 0.83972377 0.99885464 0.9680563 0.9857129 1.019204 0.8236593
0.82335943 1.0068517 0.9962078 0.9931942 0.81353205 0.814124 0.07194278 0 0.9931942 0.9853408 0.829681 0.71186876 0.79859304 0.83788776 0.83483773 0.8014989 0.8017901 0.990942 0.9977191 0.828171 0.83301365 0.9783054 0.72568804 0.9727974 0.83697146 0.9939465 0.9713354 0.98645765 1.0231062 0.81977093
0.9687838 0.70697606 0.6937464 0.69956917 0.9872032 0.9827411 0.99357027 0.9931942 0 0.06242752 0.9872032 0.9706055 0.990942 0.98645765 0.9845971 0.98907024 0.98125964 0.69122875 0.6962725 0.9842255 0.97867405 0.5190608 0.9590223 0.5184617 0.9898184 0.53419656 0.9673296 0.99056727 0.52246493 1.014548
0.9738958 0.7141975 0.6982995 0.7033912 1.0011308 0.99885464 0.98683035 0.9853408 0.06242752 0 0.99131685 0.9845971 0.99923354 0.98794943 0.9853408 0.99923354 0.990942 0.69022405 0.6965256 0.98907024 0.9857129 0.5182621 0.9666036 0.5170656 0.9950763 0.53480834 0.97499573 0.9958304 0.5220636 1.0219333
0.7876524 1.0445362 1.0219333 1.0041765 0.7640195 0.7475835 0.8242593 0.829681 0.9872032 0.99131685 0 0.8153093 0.7519313 0.06384169 0.064822294 0.74975425 0.75056994 1.0080011 1.0076177 0.163617 0.16212596 0.9790429 0.8041238 0.97609735 0.6008834 1.0231062 0.97867405 0.9827411 1.0130024 0.7746184
0.80705124 0.9980974 1.01146 0.9872032 0.80705124 0.8003352 0.7170537 0.71186876 0.9706055 0.9845971 0.8153093 0 0.8203678 0.81679356 0.8096957 0.8102846 0.81590265 1.0068517 1.0083846 0.8023729 0.8102846 1.014548 0.64729947 1.0037951 0.81087404 0.99734104 0.9666036 0.9753628 1.019204 0.8236593
0.77546155 1.0188149 1.01069 0.99545324 0.30170265 0.29234147 0.8111689 0.79859304 0.990942 0.99923354 0.7519313 0.8203678 0 0.75822586 0.75520885 0.04555597 0.045874827 1.0060863 1.0049399 0.7502979 0.74677104 0.98125964 0.8153093 0.98683035 0.7601521 1.0180373 0.9853408 0.99281836 1.0030329 0.30140367
0.79109013 1.0465518 1.0270288 1.0087683 0.7690214 0.76512814 0.8269652 0.83788776 0.98645765 0.98794943 0.06384169 0.81679356 0.75822586 0 0.045449715 0.75712734 0.75712734 1.01146 1.0110749 0.1671077 0.16399023 0.9775687 0.8102846 0.9768326 0.6118817 1.0258498 0.98757625 0.9969631 1.0091523 0.78195757
0.7905161 1.0530384 1.0389212 1.0219333 0.77041674 0.7607034 0.8263631 0.83483773 0.9845971 0.9853408 0.064822294 0.8096957 0.75520885 0.045449715 0 0.75520885 0.75493515 1.0231062 1.0203725 0.16573443 0.16287111 0.97867405 0.8120542 0.9768326 0.6091733 1.0274222 0.9853408 0.9924427 1.0118452 0.78110707
0.7726547 1.0149349 1.0080011 0.98907024 0.29842037 0.29042426 0.81709075 0.8014989 0.98907024 0.99923354 0.74975425 0.8102846 0.04555597 0.75712734 0.75520885 0 0.04174025 1.0045581 1.0045581 0.7475835 0.74677104 0.9842255 0.8096957 0.9898184 0.7607034 1.015322 0.98237044 0.9853408 1.002652 0.2990161
0.7751804 1.0149349 1.0083846 0.9894442 0.29856926 0.29027697 0.81590265 0.8017901 0.98125964 0.990942 0.75056994 0.81590265 0.045874827 0.75712734 0.75493515 0.04174025 0 1.0053219 1.0041765 0.7486681 0.74677104 0.97170067 0.814124 0.97867405 0.7587757 1.0141612 0.9768326 0.9808897 0.9920673 0.29693317
0.98869646 0.2022834 0.1691097 0.15397772 1.0160967 1.0060863 0.9845971 0.990942 0.69122875 0.69022405 1.0080011 1.0068517 1.0060863 1.01146 1.0231062 1.0045581 1.0053219 0 0.036682628 1.015322 1.0122308 0.71342045 0.9853408 0.71316165 1.0049399 0.7105781 0.99923354 1.0377234 0.70543754 1.0262426
0.99734104 0.20215245 0.16885917 0.15434618 1.0130024 1.0045581 0.9939465 0.9977191 0.6962725 0.6965256 1.0076177 1.0083846 1.0049399 1.0110749 1.0203725 1.0045581 1.0041765 0.036682628 0 1.0176488 1.0133885 0.71445674 0.98832285 0.7149754 1.0110749 0.71342045 1.005704 1.0381224 0.71032023 1.0215429
0.7779968 1.0510052 1.0341415 1.015322 0.7620833 0.75411475 0.82066643 0.828171 0.9842255 0.98907024 0.163617 0.8023729 0.7502979 0.1671077 0.16573443 0.7475835 0.7486681 1.015322 1.0176488 0 0.036262695 1.0037951 0.80500084 0.99961257 0.5962188 1.0254573 0.982 0.9831119 1.01069 0.76790696
0.7805406 1.0501935 1.0301816 1.015322 0.76429653 0.7565787 0.8251602 0.83301365 0.97867405 0.9857129 0.16212596 0.8102846 0.74677104 0.16399023 0.16287111 0.74677104 0.74677104 1.0122308 1.0133885 0.036262695 0 1.000751 0.81234956 0.99658537 0.60043794 1.0246727 0.97573 0.98645765 1.005704 0.7709756
0.97720057 0.7280602 0.71186876 0.7113522 0.98832285 0.9962078 0.9666036 0.9783054 0.5190608 0.5182621 0.9790429 1.014548 0.98125964 0.9775687 0.97867405 0.9842255 0.97170067 0.71342045 0.71445674 1.0037951 1.000751 0 0.97573 0.028328324 1.0049399 0.4660386 0.98794943 0.9924427 0.44240162 1.0087683
0.8209652 1.0080011 1.0064689 0.97573 0.81738806 0.80910724 0.73789203 0.72568804 0.9590223 0.9666036 0.8041238 0.64729947 0.8153093 0.8102846 0.8120542 0.8096957 0.814124 0.9853408 0.98832285 0.80500084 0.81234956 0.97573 0 0.97170067 0.8236593 0.982 0.9845971 0.9977191 0.99056727 0.8200693
0.9801504 0.72489893 0.7080034 0.71212715 0.98348296 0.99734104 0.959741 0.9727974 0.5184617 0.5170656 0.97609735 1.0037951 0.98683035 0.9768326 0.9768326 0.9898184 0.97867405 0.71316165 0.7149754 0.99961257 0.99658537 0.028328324 0.97170067 0 1.01069 0.46510842 0.982 0.9924427 0.44276246 1.01069
0.7659607 1.0242808 1.0231062 0.9898184 0.7693002 0.75822586 0.83972377 0.83697146 0.9898184 0.9950763 0.6008834 0.81087404 0.7601521 0.6118817 0.6091733 0.7607034 0.7587757 1.0049399 1.0110749 0.5962188 0.60043794 1.0049399 0.8236593 1.01069 0 1.0385218 0.9838541 1.0060863 1.0157093 0.7673504
0.9931942 0.7264779 0.71835554 0.7085177 1.0293922 1.0393208 0.99885464 0.9939465 0.53419656 0.53480834 1.0231062 0.99734104 1.0180373 1.0258498 1.0274222 1.015322 1.0141612 0.7105781 0.71342045 1.0254573 1.0246727 0.4660386 0.982 0.46510842 1.0385218 0 1.01069 1.0341415 0.4788049 1.0349361
0.96190137 1.0060863 1.0045581 1.0003713 0.96479154 0.97206604 0.9680563 0.9713354 0.9673296 0.97499573 0.97867405 0.9666036 0.9853408 0.98757625 0.9853408 0.98237044 0.9768326 0.99923354 1.005704 0.982 0.97573 0.98794943 0.9845971 0.982 0.9838541 1.01069 0 0.43236804 0.9943229 0.97426224
0.9860852 1.0461482 1.0457449 1.0409217 0.97206604 0.9662408 0.9857129 0.98645765 0.99056727 0.9958304 0.9827411 0.9753628 0.99281836 0.9969631 0.9924427 0.9853408 0.9808897 1.0377234 1.0381224 0.9831119 0.98645765 0.9924427 0.9977191 0.9924427 1.0060863 1.0341415 0.43236804 0 1.0246727 0.98757625
0.99056727 0.7175742 0.714716 0.71238565 1.0068517 1.0034139 1.019204 1.0231062 0.52246493 0.5220636 1.0130024 1.019204 1.0030329 1.0091523 1.0118452 1.002652 0.9920673 0.70543754 0.71032023 1.01069 1.005704 0.44240162 0.99056727 0.44276246 1.0157093 0.4788049 0.9943229 1.0246727 0 1.0409217
0.7882242 1.0397208 1.0305767 1.0126165 0.28382534 0.27656063 0.8236593 0.81977093 1.014548 1.0219333 0.7746184 0.8236593 0.30140367 0.78195757 0.78110707 0.2990161 0.29693317 1.0262426 1.0215429 0.76790696 0.7709756 1.0087683 0.8200693 1.01069 0.7673504 1.0349361 0.97426224 0.98757625 1.0409217 0
