0 0.99131685 0.9768326 0.9901927 0.9691478 0.8020814 0.80091685 0.9698763 0.96190137 0.97170067 0.80851924 0.8020814 0.8194727 0.9816297 0.97426224 0.9658782 0.9687838 0.81738806 0.81590265 0.97978103 0.97867405 0.8076381 0.82066643 0.8096957 0.98348296 0.8076381 0.8041238 0.81442016 0.9872032 0.99923354
0.99131685 0 0.16673292 0.30997178 0.30499938 0.9939465 0.9790429 0.41338858 0.40854537 0.41338858 0.9838541 0.98907024 1.0164845 0.4189622 0.40665123 0.43219006 0.43397155 0.99923354 1.0049399 0.4087178 0.40665123 1.01069 0.98051995 1.0095364 0.30379888 1.000751 0.9977191 1.0068517 0.42299402 0.43272406
0.9768326 0.16673292 0 0.30906525 0.30245066 0.99169195 0.9651536 0.414083 0.41512588 0.42036211 0.98348296 0.9842255 1.0103053 0.4207125 0.41096306 0.42528248 0.42722434 0.990942 0.990942 0.41356212 0.41217485 1.001891 0.99056727 1.0022715 0.30499938 1.0091523 1.0022715 0.9939465 0.42088777 0.43005788
0.9901927 0.30997178 0.30906525 0 0.17262612 1.0130024 0.99961257 0.41966185 0.4090628 0.41529983 1.0011308 0.9775687 1.0083846 0.420187 0.4212384 0.42881688 0.4345068 1.0034139 1.0034139 0.4207125 0.41878742 1.0034139 0.9958304 1.001891 0.2589834 1.0037951 1.0207624 1.0122308 0.4251062 0.42863977
0.9691478 0.30499938 0.30245066 0.17262612 0 0.9977191 0.9924427 0.41861266 0.40562007 0.41234812 0.9898184 0.98125964 0.9946995 0.42722434 0.4212384 0.42793173 0.43165645 0.99169195 0.9943229 0.42229128 0.42211568 0.9860852 0.9827411 0.9845971 0.2557418 0.99131685 0.99961257 1.0072346 0.42106307 0.43076792
0.8020814 0.9939465 0.99169195 1.0130024 0.9977191 0 0.13770178 0.9775687 0.9783054 0.9746289 0.5741809 0.6494359 0.5666926 0.9924427 0.9845971 0.982 0.9962078 0.568611 0.5709624 0.99281836 0.9924427 0.56882447 0.57957584 0.5692516 1.0034139 0.30605137 0.30665317 0.57590306 0.98869646 0.99056727
0.80091685 0.9790429 0.9651536 0.99961257 0.9924427 0.13770178 0 0.9615409 0.9604604 0.9583042 0.56541634 0.6449328 0.55885684 0.98496884 0.97170067 0.97941184 0.9924427 0.5597 0.5624469 0.9808897 0.9790429 0.5607553 0.57267725 0.56012195 0.9842255 0.2979739 0.3043989 0.56754464 0.98496884 0.98496884
0.9698763 0.41338858 0.414083 0.41966185 0.41861266 0.9775687 0.9615409 0 0.32617044 0.3326868 0.9615409 0.96334505 0.9872032 0.13159883 0.1282692 0.3667981 0.3697393 0.9673296 0.9695119 0.1288627 0.1272021 0.9845971 0.9644296 0.98237044 0.41966185 0.99169195 0.9872032 0.9857129 0.36208364 0.36924827
0.96190137 0.40854537 0.41512588 0.4090628 0.40562007 0.9783054 0.9604604 0.32617044 0 0.123302296 0.9698763 0.9604604 0.99923354 0.3373763 0.33424672 0.35868815 0.35901088 0.9827411 0.9853408 0.33315444 0.33206376 0.98645765 0.9554389 0.9857129 0.40854537 0.9924427 0.98832285 0.9816297 0.35178307 0.36257
0.97170067 0.41338858 0.42036211 0.41529983 0.41234812 0.9746289 0.9583042 0.3326868 0.123302296 0 0.95794547 0.9706055 0.98496884 0.3425688 0.34177974 0.36386842 0.36745068 0.9662408 0.9680563 0.33941755 0.33894598 0.97243166 0.95472425 0.9727974 0.414083 0.9831119 0.99056727 0.98683035 0.35707664 0.37039444
0.80851924 0.9838541 0.98348296 1.0011308 0.9898184 0.5741809 0.56541634 0.9615409 0.9698763 0.95794547 0 0.6484856 0.26351684 0.97720057 0.97024083 0.982 0.98869646 0.10571198 0.10813376 0.982 0.9790429 0.26550886 0.4915996 0.26479682 0.98794943 0.57010657 0.5800091 0.26550886 0.9753628 0.99169195
0.8020814 0.98907024 0.9842255 0.9775687 0.98125964 0.6494359 0.6449328 0.96334505 0.9604604 0.9706055 0.6484856 0 0.64967364 0.9842255 0.9673296 0.9783054 0.9853408 0.6339084 0.6343742 0.9779369 0.9738958 0.6501494 0.6563616 0.6501494 0.9746289 0.6395176 0.6437523 0.6606927 0.99131685 0.9943229
0.8194727 1.0164845 1.0103053 1.0083846 0.9946995 0.5666926 0.55885684 0.9872032 0.99923354 0.98496884 0.26351684 0.64967364 0 1.0053219 0.98869646 1.0072346 1.0188149 0.25686774 0.25940725 1.0022715 0.99885464 0.09044022 0.487949 0.08953824 1.002652 0.5618121 0.568611 0.21722966 1.0103053 1.0242808
0.9816297 0.4189622 0.4207125 0.420187 0.42722434 0.9924427 0.98496884 0.13159883 0.3373763 0.3425688 0.97720057 0.9842255 1.0053219 0 0.07536265 0.37269205 0.37747386 0.98832285 0.99131685 0.07569444 0.074147366 1.001891 0.98125964 1.0011308 0.42669424 0.99545324 1.0099207 1.001891 0.36941192 0.376482
0.97426224 0.40665123 0.41096306 0.4212384 0.4212384 0.9845971 0.97170067 0.1282692 0.33424672 0.34177974 0.97024083 0.9673296 0.98869646 0.07536265 0 0.36826724 0.3725277 0.97426224 0.9775687 0.06427736 0.06221019 0.97978103 0.97426224 0.9790429 0.4212384 0.99847597 1.001891 0.9831119 0.36419335 0.3725277
0.9658782 0.43219006 0.42528248 0.42881688 0.42793173 0.982 0.97941184 0.3667981 0.35868815 0.36386842 0.982 0.9783054 1.0072346 0.37269205 0.36826724 0 0.04949802 0.9801504 0.9831119 0.3632189 0.36451846 0.9969631 0.98794943 0.9977191 0.43201217 0.99885464 1.0053219 0.9943229 0.17565337 0.1778051
0.9687838 0.43397155 0.42722434 0.4345068 0.43165645 0.9962078 0.9924427 0.3697393 0.35901088 0.36745068 0.98869646 0.9853408 1.0188149 0.37747386 0.3725277 0.04949802 0 0.98869646 0.9898184 0.36941192 0.3690847 1.0045581 1.0003713 1.0049399 0.43236804 1.002652 1.0133885 1.0045581 0.17831227 0.18009013
0.81738806 0.99923354 0.990942 1.0034139 0.99169195 0.568611 0.5597 0.9673296 0.9827411 0.9662408 0.10571198 0.6339084 0.25686774 0.98832285 0.97426224 0.9801504 0.98869646 0 0.027394261 0.9894442 0.9853408 0.2572904 0.4837441 0.2571495 0.9980974 0.5656289 0.5754721 0.26053867 0.9827411 0.99169195
0.81590265 1.0049399 0.990942 1.0034139 0.9943229 0.5709624 0.5624469 0.9695119 0.9853408 0.9680563 0.10813376 0.6343742 0.25940725 0.99131685 0.9775687 0.9831119 0.9898184 0.027394261 0 0.9950763 0.99131685 0.26039714 0.48737422 0.25997275 0.9980974 0.5707484 0.5810934 0.26280668 0.9853408 0.99169195
0.97978103 0.4087178 0.41356212 0.4207125 0.42229128 0.99281836 0.9808897 0.1288627 0.33315444 0.33941755 0.982 0.9779369 1.0022715 0.07569444 0.06427736 0.3632189 0.36941192 0.9894442 0.9950763 0 0.023876043 0.9977191 0.9924427 0.9962078 0.42106307 1.0045581 1.0110749 0.9977191 0.36224574 0.37137827
0.97867405 0.40665123 0.41217485 0.41878742 0.42211568 0.9924427 0.9790429 0.1272021 0.33206376 0.33894598 0.9790429 0.9738958 0.99885464 0.074147366 0.06221019 0.36451846 0.3690847 0.9853408 0.99131685 0.023876043 0 0.99545324 0.9860852 0.99545324 0.42141378 1.0030329 1.0149349 0.9950763 0.35981828 0.37105018
0.8076381 1.01069 1.001891 1.0034139 0.9860852 0.56882447 0.5607553 0.9845971 0.98645765 0.97243166 0.26550886 0.6501494 0.09044022 1.001891 0.97978103 0.9969631 1.0045581 0.2572904 0.26039714 0.9977191 0.99545324 0 0.4890999 0.009459403 0.9977191 0.56520385 0.56711847 0.22084542 1.0045581 1.0137748
0.82066643 0.98051995 0.99056727 0.9958304 0.9827411 0.57957584 0.57267725 0.9644296 0.9554389 0.95472425 0.4915996 0.6563616 0.487949 0.98125964 0.97426224 0.98794943 1.0003713 0.4837441 0.48737422 0.9924427 0.9860852 0.4890999 0 0.48890796 0.9977191 0.5887276 0.5871945 0.49063718 0.98907024 1.0072346
0.8096957 1.0095364 1.0022715 1.001891 0.9845971 0.5692516 0.56012195 0.98237044 0.9857129 0.9727974 0.26479682 0.6501494 0.08953824 1.0011308 0.9790429 0.9977191 1.0049399 0.2571495 0.25997275 0.9962078 0.99545324 0.009459403 0.48890796 0 0.99734104 0.56541634 0.56733155 0.22004041 1.0049399 1.0126165
0.98348296 0.30379888 0.30499938 0.2589834 0.2557418 1.0034139 0.9842255 0.41966185 0.40854537 0.414083 0.98794943 0.9746289 1.002652 0.42669424 0.4212384 0.43201217 0.43236804 0.9980974 0.9980974 0.42106307 0.42141378 0.9977191 0.9977191 0.99734104 0 1.0011308 1.0149349 1.0091523 0.43023533 0.4313009
0.8076381 1.000751 1.0091523 1.0037951 0.99131685 0.30605137 0.2979739 0.99169195 0.9924427 0.9831119 0.57010657 0.6395176 0.5618121 0.99545324 0.99847597 0.99885464 1.002652 0.5656289 0.5707484 1.0045581 1.0030329 0.56520385 0.5887276 0.56541634 1.0011308 0 0.24637805 0.571605 1.0034139 1.0091523
0.8041238 0.9977191 1.0022715 1.0207624 0.99961257 0.30665317 0.3043989 0.9872032 0.98832285 0.99056727 0.5800091 0.6437523 0.568611 1.0099207 1.001891 1.0053219 1.0133885 0.5754721 0.5810934 1.0110749 1.0149349 0.56711847 0.5871945 0.56733155 1.0149349 0.24637805 0 0.5819619 1.0080011 1.018426
0.81442016 1.0068517 0.9939465 1.0122308 1.0072346 0.57590306 0.56754464 0.9857129 0.9816297 0.98683035 0.26550886 0.6606927 0.21722966 1.001891 0.9831119 0.9943229 1.0045581 0.26053867 0.26280668 0.9977191 0.9950763 0.22084542 0.49063718 0.22004041 1.0091523 0.571605 0.5819619 0 0.99885464 0.9969631
0.9872032 0.42299402 0.42088777 0.4251062 0.42106307 0.98869646 0.98496884 0.36208364 0.35178307 0.35707664 0.9753628 0.99131685 1.0103053 0.36941192 0.36419335 0.17565337 0.17831227 0.9827411 0.9853408 0.36224574 0.35981828 1.0045581 0.98907024 1.0049399 0.43023533 1.0034139 1.0080011 0.99885464 0 0.17742492
0.99923354 0.43272406 0.43005788 0.42863977 0.43076792 0.99056727 0.98496884 0.36924827 0.36257 0.37039444 0.99169195 0.9943229 1.0242808 0.376482 0.3725277 0.1778051 0.18009013 0.99169195 0.99169195 0.37137827 0.37105018 1.0137748 1.0072346 1.0126165 0.4313009 1.0091523 1.018426 0.9969631 0.17742492 0
