0 0.7522039 0.74677104 0.7368229 0.7394986 0.59312516 0.5955548 0.5957761 0.5999927 0.5948914 0.603562 0.5911431 0.75493515 0.7527494 0.74164605 0.74406934 0.74110866 0.9901927 0.99281836 0.6006607 0.60043794 0.6008834 0.5889469 0.6017752 0.604457 0.58807015 0.74164605 0.5789264 0.6017752 0.74433905
0.7522039 0 0.16311966 0.36127383 0.3588495 0.718095 0.7241107 0.7475835 0.73815954 0.7320306 0.74057156 0.72384816 0.72018194 0.72463614 0.39166775 0.39133066 0.3911622 0.99847597 0.9969631 0.73815954 0.7386949 0.75822586 0.721751 0.7593259 0.74541897 0.73842716 0.363706 0.7264779 0.74975425 0.35788196
0.74677104 0.16311966 0 0.3617596 0.36062655 0.7376246 0.7397667 0.74975425 0.742453 0.74353015 0.750842 0.7296458 0.72858834 0.72832423 0.3901521 0.39538565 0.39133066 1.0072346 1.0060863 0.7437997 0.74541897 0.75493515 0.7397667 0.75712734 0.74975425 0.7408401 0.3601415 0.7376246 0.74975425 0.3545054
0.7368229 0.36127383 0.3617596 0 0.14555272 0.7243734 0.72885257 0.7543881 0.7522039 0.72885257 0.74514884 0.7280602 0.721751 0.71367943 0.39386246 0.3965725 0.39606363 0.9898184 0.9943229 0.7338906 0.73735726 0.7618071 0.7227989 0.76457363 0.7687426 0.7524766 0.29411557 0.7325615 0.7585007 0.20320067
0.7394986 0.3588495 0.36062655 0.14555272 0 0.72700495 0.7341567 0.7427221 0.73495555 0.7354886 0.74406934 0.7309697 0.71992075 0.71445674 0.39082533 0.3930176 0.39082533 0.97941184 0.98125964 0.73522204 0.73789203 0.761255 0.7209661 0.76374257 0.7557565 0.74677104 0.29145598 0.7330929 0.742453 0.20490715
0.59312516 0.718095 0.7376246 0.7243734 0.72700495 0 0.09303948 0.56903803 0.5724627 0.38931137 0.40031484 0.4979826 0.74677104 0.7475835 0.7307048 0.7309697 0.7296458 0.99281836 0.9939465 0.20110568 0.20254536 0.5767656 0.32663402 0.5761186 0.56754464 0.56754464 0.732296 0.38345262 0.5656289 0.7259512
0.5955548 0.7241107 0.7397667 0.72885257 0.7341567 0.09303948 0 0.56520385 0.56626695 0.39082533 0.40099728 0.496818 0.75165886 0.7483968 0.7338906 0.73602206 0.7307048 0.9943229 0.99357027 0.20189062 0.2033318 0.5720337 0.33113015 0.5707484 0.56223524 0.5656289 0.7400349 0.38545617 0.56626695 0.7291169
0.5957761 0.7475835 0.74975425 0.7543881 0.7427221 0.56903803 0.56520385 0 0.082472764 0.5703204 0.5793593 0.5669055 0.7408401 0.732296 0.75002605 0.75002605 0.74353015 0.9950763 0.9969631 0.56541634 0.5656289 0.43325844 0.56477904 0.4336149 0.44366533 0.4245776 0.7365559 0.5533992 0.21722966 0.7419149
0.5999927 0.73815954 0.742453 0.7522039 0.73495555 0.5724627 0.56626695 0.082472764 0 0.57762915 0.5889469 0.5800091 0.74110866 0.73575526 0.74650043 0.74650043 0.7429914 0.9931942 0.99545324 0.5656289 0.5666926 0.4400604 0.56882447 0.44114006 0.44168046 0.42810866 0.7338906 0.5618121 0.21923625 0.74164605
0.5948914 0.7320306 0.74353015 0.72885257 0.7354886 0.38931137 0.39082533 0.5703204 0.57762915 0 0.074147366 0.4921776 0.7338906 0.7362889 0.7389627 0.742453 0.73602206 0.9857129 0.98757625 0.38696238 0.38796818 0.56903803 0.38345262 0.56839764 0.5692516 0.55801463 0.73602206 0.22353503 0.56903803 0.7291169
0.603562 0.74057156 0.750842 0.74514884 0.74406934 0.40031484 0.40099728 0.5793593 0.5889469 0.074147366 0 0.49856558 0.73602206 0.7413773 0.7459595 0.7473126 0.74110866 0.9831119 0.9845971 0.39521626 0.39640284 0.5761186 0.38897535 0.5765499 0.5754721 0.56733155 0.7473126 0.2312538 0.5778452 0.74514884
0.5911431 0.72384816 0.7296458 0.7280602 0.7309697 0.4979826 0.496818 0.5669055 0.5800091 0.4921776 0.49856558 0 0.74057156 0.73495555 0.7336246 0.7413773 0.7341567 0.9727974 0.97170067 0.49488103 0.4956552 0.5756876 0.491022 0.5769814 0.5641423 0.55381763 0.7241107 0.4822209 0.5754721 0.7325615
0.75493515 0.72018194 0.72858834 0.721751 0.71992075 0.74677104 0.75165886 0.7408401 0.74110866 0.7338906 0.73602206 0.74057156 0 0.0688672 0.7275324 0.7317652 0.72991043 1.0072346 1.0091523 0.73602206 0.73842716 0.74406934 0.7264779 0.74353015 0.7408401 0.7437997 0.7173139 0.7241107 0.7494826 0.71316165
0.7527494 0.72463614 0.72832423 0.71367943 0.71445674 0.7475835 0.7483968 0.732296 0.73575526 0.7362889 0.7413773 0.73495555 0.0688672 0 0.7251619 0.7304399 0.7280602 0.9962078 0.9980974 0.7365559 0.7376246 0.742453 0.72463614 0.742453 0.7365559 0.742453 0.7152349 0.7241107 0.7394986 0.7129029
0.74164605 0.39166775 0.3901521 0.39386246 0.39082533 0.7307048 0.7338906 0.75002605 0.74650043 0.7389627 0.7459595 0.7336246 0.7275324 0.7251619 0 0.064822294 0.062971115 0.98757625 0.99169195 0.74057156 0.7413773 0.7620833 0.71887696 0.76457363 0.7502979 0.75520885 0.3935244 0.7333587 0.75466156 0.38595793
0.74406934 0.39133066 0.39538565 0.3965725 0.3930176 0.7309697 0.73602206 0.75002605 0.74650043 0.742453 0.7473126 0.7413773 0.7317652 0.7304399 0.064822294 0 0.03983964 0.99281836 0.99885464 0.7429914 0.74353015 0.7607034 0.7173139 0.7620833 0.7522039 0.75493515 0.3974214 0.7365559 0.75712734 0.39048862
0.74110866 0.3911622 0.39133066 0.39606363 0.39082533 0.7296458 0.7307048 0.74353015 0.7429914 0.73602206 0.74110866 0.7341567 0.72991043 0.7280602 0.062971115 0.03983964 0 0.98645765 0.9920673 0.7397667 0.7400349 0.7590508 0.71445674 0.7598766 0.74704176 0.7502979 0.3935244 0.7336246 0.750842 0.3872975
0.9901927 0.99847597 1.0072346 0.9898184 0.97941184 0.99281836 0.9943229 0.9950763 0.9931942 0.9857129 0.9831119 0.9727974 1.0072346 0.9962078 0.98757625 0.99281836 0.98645765 0 0.013521152 0.9950763 0.9958304 0.99923354 0.9768326 0.99923354 0.9845971 0.98794943 0.9845971 0.97609735 0.98125964 0.99131685
0.99281836 0.9969631 1.0060863 0.9943229 0.98125964 0.9939465 0.99357027 0.9969631 0.99545324 0.98757625 0.9845971 0.97170067 1.0091523 0.9980974 0.99169195 0.99885464 0.9920673 0.013521152 0 0.99545324 0.9958304 0.9977191 0.97499573 0.99923354 0.9838541 0.98348296 0.98496884 0.9768326 0.98125964 0.99281836
0.6006607 0.73815954 0.7437997 0.7338906 0.73522204 0.20110568 0.20189062 0.56541634 0.5656289 0.38696238 0.39521626 0.49488103 0.73602206 0.7365559 0.74057156 0.7429914 0.7397667 0.9950763 0.99545324 0 0.01047278 0.5677578 0.31925085 0.56647974 0.5592783 0.5592783 0.7386949 0.3832859 0.560333 0.73575526
0.60043794 0.7386949 0.74541897 0.73735726 0.73789203 0.20254536 0.2033318 0.5656289 0.5666926 0.38796818 0.39640284 0.4956552 0.73842716 0.7376246 0.7413773 0.74353015 0.7400349 0.9958304 0.9958304 0.01047278 0 0.568611 0.32170385 0.56754464 0.560333 0.5592783 0.7427221 0.38445374 0.5613892 0.73735726
0.6008834 0.75822586 0.75493515 0.7618071 0.761255 0.5767656 0.5720337 0.43325844 0.4400604 0.56903803 0.5761186 0.5756876 0.74406934 0.742453 0.7620833 0.7607034 0.7590508 0.99923354 0.9977191 0.5677578 0.568611 0 0.57010657 0.0076387688 0.38112187 0.3695756 0.7456892 0.55172795 0.4355785 0.761531
0.5889469 0.721751 0.7397667 0.7227989 0.7209661 0.32663402 0.33113015 0.56477904 0.56882447 0.38345262 0.38897535 0.491022 0.7264779 0.72463614 0.71887696 0.7173139 0.71445674 0.9768326 0.97499573 0.31925085 0.32170385 0.57010657 0 0.56903803 0.5515193 0.5536084 0.7207046 0.3801252 0.5628704 0.71627367
0.6017752 0.7593259 0.75712734 0.76457363 0.76374257 0.5761186 0.5707484 0.4336149 0.44114006 0.56839764 0.5765499 0.5769814 0.74353015 0.742453 0.76457363 0.7620833 0.7598766 0.99923354 0.99923354 0.56647974 0.56754464 0.0076387688 0.56903803 0 0.37962735 0.3708862 0.74514884 0.5519366 0.43575725 0.7623596
0.604457 0.74541897 0.74975425 0.7687426 0.7557565 0.56754464 0.56223524 0.44366533 0.44168046 0.5692516 0.5754721 0.5641423 0.7408401 0.7365559 0.7502979 0.7522039 0.74704176 0.9845971 0.9838541 0.5592783 0.560333 0.38112187 0.5515193 0.37962735 0 0.3197102 0.74406934 0.56096655 0.44222128 0.7475835
0.58807015 0.73842716 0.7408401 0.7524766 0.74677104 0.56754464 0.5656289 0.4245776 0.42810866 0.55801463 0.56733155 0.55381763 0.7437997 0.742453 0.75520885 0.75493515 0.7502979 0.98794943 0.98348296 0.5592783 0.5592783 0.3695756 0.5536084 0.3708862 0.3197102 0 0.74110866 0.5515193 0.4268709 0.7427221
0.74164605 0.363706 0.3601415 0.29411557 0.29145598 0.732296 0.7400349 0.7365559 0.7338906 0.73602206 0.7473126 0.7241107 0.7173139 0.7152349 0.3935244 0.3974214 0.3935244 0.9845971 0.98496884 0.7386949 0.7427221 0.7456892 0.7207046 0.74514884 0.74406934 0.74110866 0 0.7432607 0.73602206 0.2868976
0.5789264 0.7264779 0.7376246 0.7325615 0.7330929 0.38345262 0.38545617 0.5533992 0.5618121 0.22353503 0.2312538 0.4822209 0.7241107 0.7241107 0.7333587 0.7365559 0.7336246 0.97609735 0.9768326 0.3832859 0.38445374 0.55172795 0.3801252 0.5519366 0.56096655 0.5515193 0.7432607 0 0.5616006 0.73575526
0.6017752 0.74975425 0.74975425 0.7585007 0.742453 0.5656289 0.56626695 0.21722966 0.21923625 0.56903803 0.5778452 0.5754721 0.7494826 0.7394986 0.75466156 0.75712734 0.750842 0.98125964 0.98125964 0.560333 0.5613892 0.4355785 0.5628704 0.43575725 0.44222128 0.4268709 0.73602206 0.5616006 0 0.7475835
0.74433905 0.35788196 0.3545054 0.20320067 0.20490715 0.7259512 0.7291169 0.7419149 0.74164605 0.7291169 0.74514884 0.7325615 0.71316165 0.7129029 0.38595793 0.39048862 0.3872975 0.99131685 0.99281836 0.73575526 0.73735726 0.761531 0.71627367 0.7623596 0.7475835 0.7427221 0.2868976 0.73575526 0.7475835 0
