0 0.6996308366 0.7026858366 0.7103781766 0.7067785966 0.9680085866 0.6953241366 0.9629385366 0.7145132366 0.7024307366 0.9614962366 0.4876899566 0.9647453366 0.7197144366 0.6943143666 0.6948190366 0.7039623966 0.7158101866 0.7070351366 0.7021758366 0.7057532766 0.7246891366 0.4917227366 0.7260037766 0.7037069366 0.7042179766 0.4663543366 0.4606057766 0.7078052866 0.7078052866
0.6996308366 0 0.3465249366 0.2388186066 0.2307532866 0.9680085866 0.2699678666 0.9632995866 0.2790483966 0.2703977966 0.9819454366 0.6823020666 0.9771483366 0.3551420666 0.3881161966 0.3899632766 0.3501830766 0.3512999866 0.3444651366 0.3398905166 0.3420954766 0.3580365566 0.6960823066 0.3583588666 0.3601340166 0.3585200666 0.6823020666 0.6910419366 0.3104387066 0.3497049366
0.7026858366 0.3465249366 0 0.3659731566 0.3553025566 0.9905084366 0.3575533766 0.9775163066 0.3656475666 0.3578754766 0.9980348366 0.7129599366 0.9946386366 0.2247944166 0.4011423366 0.4021669366 0.2219670266 0.2241202666 0.2132825066 0.2104980866 0.2136811266 0.2260094366 0.7075485366 0.2262797066 0.3708740566 0.3687464066 0.6981079666 0.6933059366 0.3641841566 0.2511514566
0.7103781766 0.2388186066 0.3659731566 0 0.2098366566 0.9905084366 0.2842870766 0.9942622366 0.2873599666 0.2861878366 0.9890121966 0.7116679366 0.9953920366 0.3687464066 0.4124905866 0.4143987366 0.3646716366 0.3702187666 0.3577143966 0.3528984566 0.3559449766 0.3764674166 0.7181502666 0.3761372366 0.3746532366 0.3781204966 0.6965882366 0.6991228366 0.3254056066 0.3640217366
0.7067785966 0.2307532866 0.3553025566 0.2098366566 0 0.9920076866 0.2822454666 0.9871460866 0.2832655766 0.2807905766 0.9893859766 0.6988689966 0.9867733866 0.3622373366 0.4031929366 0.4030218566 0.3601340166 0.3638593366 0.3487495366 0.3446233966 0.3473186566 0.3677664166 0.7108938366 0.3674400566 0.3716940066 0.3730077866 0.6935579366 0.6953241366 0.3237106866 0.3609422866
0.9680085866 0.9680085866 0.9905084366 0.9905084366 0.9920076866 0 0.9687357066 0.1821879366 0.9753114666 0.9701920366 0.1869182066 0.9557546366 0.1811691066 0.9882651666 0.9756785366 0.9778844366 0.9845412366 0.9908830066 0.9789897866 0.9665565366 0.9745779766 0.9789897866 0.9604163866 0.9808356866 0.9742115366 0.9826861766 0.9514770366 0.9625777666 0.9734791066 0.9764130866
0.6953241366 0.2699678666 0.3575533766 0.2842870766 0.2822454666 0.9687357066 0 0.9607761366 0.1855087966 0.1820605166 0.9651072766 0.6830472366 0.9731131366 0.3638593366 0.4045631066 0.4040489866 0.3628857366 0.3646716366 0.3569095866 0.3520988066 0.3533786666 0.3682562566 0.7019208766 0.3685829766 0.3771282366 0.3776241966 0.6935579366 0.6837931366 0.3224804166 0.3602956066
0.9629385366 0.9632995866 0.9775163066 0.9942622366 0.9871460866 0.1821879366 0.9607761366 0 0.9720164066 0.9720164066 0.1742017366 0.9604163866 0.1742017366 0.9871460866 0.9690995366 0.9760457366 0.9771483366 0.9789897866 0.9690995366 0.9618566366 0.9651072766 0.9849128366 0.9611361366 0.9867733866 0.9701920366 0.9764130866 0.9497019366 0.9676453366 0.9782526366 0.9705565666
0.7145132366 0.2790483966 0.3656475666 0.2873599666 0.2832655766 0.9753114666 0.1855087966 0.9720164066 0 0.1178645766 0.9705565666 0.7044736866 0.9782526366 0.3707101766 0.4081717866 0.4092060166 0.3679296766 0.3698913366 0.3583588666 0.3551420666 0.3564271166 0.3741592366 0.7173694366 0.3741592366 0.3761372366 0.3834349666 0.6973477366 0.7029409366 0.3281873866 0.3607805766
0.7024307366 0.2703977966 0.3578754766 0.2861878366 0.2807905766 0.9701920366 0.1820605166 0.9720164066 0.1178645766 0 0.9698276366 0.6910419366 0.9808356866 0.3674400566 0.4040489866 0.4055923966 0.3656475666 0.3685829766 0.3541796866 0.3509807066 0.3512999866 0.3651594366 0.7057532766 0.3654848166 0.3725148566 0.3784515366 0.6910419366 0.6983615866 0.3227878066 0.3611040566
0.9614962366 0.9819454366 0.9980348366 0.9890121966 0.9893859766 0.1869182066 0.9651072766 0.1742017366 0.9705565666 0.9698276366 0 0.9593380366 0.1060277166 1.0029677366 0.9723817766 0.9782526366 0.9980348366 1.0014465366 0.9864009366 0.9738451966 0.9786211366 1.0087003366 0.9543260366 1.0098521366 0.9731131366 0.9920076866 0.9451060966 0.9564699066 0.9901341366 0.9764130866
0.4876899566 0.6823020666 0.7129599366 0.7116679366 0.6988689966 0.9557546366 0.6830472366 0.9604163866 0.7044736866 0.6910419366 0.9593380366 0 0.9529001866 0.7220667366 0.6845397366 0.6860352866 0.7132186366 0.7197144366 0.7049852766 0.6991228366 0.7021758366 0.7294326366 0.3839351366 0.7315505366 0.7072917966 0.7121844966 0.5004381366 0.4942301366 0.7150317366 0.7042179766
0.9647453366 0.9771483366 0.9946386366 0.9953920366 0.9867733866 0.1811691066 0.9731131366 0.1742017366 0.9782526366 0.9808356866 0.1060277166 0.9529001866 0 0.9969011066 0.9731131366 0.9856565366 0.9935099366 0.9965235366 0.9756785366 0.9658315366 0.9727473966 0.9935099366 0.9514770366 0.9950152366 0.9745779766 0.9878919866 0.9422918366 0.9640221366 0.9845412366 0.9749446366
0.7197144366 0.3551420666 0.2247944166 0.3687464066 0.3622373366 0.9882651666 0.3638593366 0.9871460866 0.3707101766 0.3674400566 1.0029677366 0.7220667366 0.9969011066 0 0.4076551866 0.4050775866 0.2046973966 0.2079877366 0.2018137866 0.1988109166 0.2012906766 0.1031548166 0.7236390866 0.1033842466 0.3772935066 0.3809391066 0.7116679366 0.7111517866 0.3676032366 0.2540912766
0.6943143666 0.3881161966 0.4011423366 0.4124905866 0.4031929366 0.9756785366 0.4045631066 0.9690995366 0.4081717866 0.4040489866 0.9723817766 0.6845397366 0.9731131366 0.4076551866 0 0.0517390296000001 0.3987570766 0.4001191666 0.3940091566 0.3887873366 0.3931644666 0.4112787966 0.6882841666 0.4117978966 0.4083440366 0.4100689966 0.6920473666 0.7003933866 0.4006305766 0.3965489366
0.6948190366 0.3899632766 0.4021669366 0.4143987366 0.4030218566 0.9778844366 0.4040489866 0.9760457366 0.4092060166 0.4055923966 0.9782526366 0.6860352866 0.9856565366 0.4050775866 0.0517390296000001 0 0.3990973666 0.4001191666 0.3933333366 0.3874456666 0.3914779366 0.4100689966 0.6917958966 0.4105872366 0.4071389566 0.4109329366 0.6950715366 0.7029409366 0.4016544666 0.3950240366
0.7039623966 0.3501830766 0.2219670266 0.3646716366 0.3601340166 0.9845412366 0.3628857366 0.9771483366 0.3679296766 0.3656475666 0.9980348366 0.7132186366 0.9935099366 0.2046973966 0.3987570766 0.3990973666 0 0.0504549666000001 0.1462328066 0.1439282866 0.1457470566 0.2110276666 0.7054972366 0.2118227166 0.3710379666 0.3741592366 0.6920473666 0.6981079666 0.3645090866 0.2547929066
0.7158101866 0.3512999866 0.2241202666 0.3702187666 0.3638593366 0.9908830066 0.3646716366 0.9789897866 0.3698913366 0.3685829766 1.0014465366 0.7197144366 0.9965235366 0.2079877366 0.4001191666 0.4001191666 0.0504549666000001 0 0.1485444266 0.1458684566 0.1479354166 0.2131496766 0.7145132366 0.2139469766 0.3710379666 0.3751475966 0.7052412366 0.7060095366 0.3689098366 0.2549333366
0.7070351366 0.3444651366 0.2132825066 0.3577143966 0.3487495366 0.9789897866 0.3569095866 0.9690995366 0.3583588666 0.3541796866 0.9864009366 0.7049852766 0.9756785366 0.2018137866 0.3940091566 0.3933333366 0.1462328066 0.1485444266 0 0.0292674146000001 0.0313490146000001 0.2075921366 0.7029409366 0.2081196566 0.3718580966 0.3721864066 0.6963352366 0.6978544666 0.3586813066 0.2508720566
0.7021758366 0.3398905166 0.2104980866 0.3528984566 0.3446233966 0.9665565366 0.3520988066 0.9618566366 0.3551420666 0.3509807066 0.9738451966 0.6991228366 0.9658315366 0.1988109166 0.3887873366 0.3874456666 0.1439282866 0.1458684566 0.0292674146000001 0 0.0159781446000001 0.2048287366 0.6968413366 0.2053543166 0.3677664166 0.3676032366 0.6935579366 0.6915444866 0.3545003366 0.2462772366
0.7057532766 0.3420954766 0.2136811266 0.3559449766 0.3473186566 0.9745779766 0.3533786666 0.9651072766 0.3564271166 0.3512999866 0.9786211366 0.7021758366 0.9727473966 0.2012906766 0.3931644666 0.3914779366 0.1457470566 0.1479354166 0.0313490146000001 0.0159781446000001 0 0.2074603066 0.7016661366 0.2077239866 0.3708740566 0.3703825366 0.6960823066 0.6976010366 0.3572314166 0.2485015166
0.7246891366 0.3580365566 0.2260094366 0.3764674166 0.3677664166 0.9789897866 0.3682562566 0.9849128366 0.3741592366 0.3651594366 1.0087003366 0.7294326366 0.9935099366 0.1031548166 0.4112787966 0.4100689966 0.2110276666 0.2131496766 0.2075921366 0.2048287366 0.2074603066 0 0.7296970366 0.00211790000000006 0.3787827566 0.3836016366 0.7116679366 0.7152911366 0.3705463366 0.2570426366
0.4917227366 0.6960823066 0.7075485366 0.7181502666 0.7108938366 0.9604163866 0.7019208766 0.9611361366 0.7173694366 0.7057532766 0.9543260366 0.3839351366 0.9514770366 0.7236390866 0.6882841666 0.6917958966 0.7054972366 0.7145132366 0.7029409366 0.6968413366 0.7016661366 0.7296970366 0 0.7310205366 0.7124428866 0.7139951666 0.4959709366 0.4909529166 0.7024307366 0.7065221366
0.7260037766 0.3583588666 0.2262797066 0.3761372366 0.3674400566 0.9808356866 0.3685829766 0.9867733866 0.3741592366 0.3654848166 1.0098521366 0.7315505366 0.9950152366 0.1033842466 0.4117978966 0.4105872366 0.2118227166 0.2139469766 0.2081196566 0.2053543166 0.2077239866 0.00211790000000006 0.7310205366 0 0.3782860166 0.3839351366 0.7132186366 0.7163295866 0.3708740566 0.2573243166
0.7037069366 0.3601340166 0.3708740566 0.3746532366 0.3716940066 0.9742115366 0.3771282366 0.9701920366 0.3761372366 0.3725148566 0.9731131366 0.7072917966 0.9745779766 0.3772935066 0.4083440366 0.4071389566 0.3710379666 0.3710379666 0.3718580966 0.3677664166 0.3708740566 0.3787827566 0.7124428866 0.3782860166 0 0.3538591666 0.6970944366 0.6953241366 0.3787827566 0.3692368666
0.7042179766 0.3585200666 0.3687464066 0.3781204966 0.3730077866 0.9826861766 0.3776241966 0.9764130866 0.3834349666 0.3784515366 0.9920076866 0.7121844966 0.9878919866 0.3809391066 0.4100689966 0.4109329366 0.3741592366 0.3751475966 0.3721864066 0.3676032366 0.3703825366 0.3836016366 0.7139951666 0.3839351366 0.3538591666 0 0.7078052866 0.7080621866 0.3802749666 0.3748179766
0.4663543366 0.6823020666 0.6981079666 0.6965882366 0.6935579366 0.9514770366 0.6935579366 0.9497019366 0.6973477366 0.6910419366 0.9451060966 0.5004381366 0.9422918366 0.7116679366 0.6920473666 0.6950715366 0.6920473666 0.7052412366 0.6963352366 0.6935579366 0.6960823066 0.7116679366 0.4959709366 0.7132186366 0.6970944366 0.7078052866 0 0.3108924766 0.7026858366 0.6981079666
0.4606057766 0.6910419366 0.6933059366 0.6991228366 0.6953241366 0.9625777666 0.6837931366 0.9676453366 0.7029409366 0.6983615866 0.9564699066 0.4942301366 0.9640221366 0.7111517866 0.7003933866 0.7029409366 0.6981079666 0.7060095366 0.6978544666 0.6915444866 0.6976010366 0.7152911366 0.4909529166 0.7163295866 0.6953241366 0.7080621866 0.3108924766 0 0.7121844966 0.6996308366
0.7078052866 0.3104387066 0.3641841566 0.3254056066 0.3237106866 0.9734791066 0.3224804166 0.9782526366 0.3281873866 0.3227878066 0.9901341366 0.7150317366 0.9845412366 0.3676032366 0.4006305766 0.4016544666 0.3645090866 0.3689098366 0.3586813066 0.3545003366 0.3572314166 0.3705463366 0.7024307366 0.3708740566 0.3787827566 0.3802749666 0.7026858366 0.7121844966 0 0.3590038866
0.7078052866 0.3497049366 0.2511514566 0.3640217366 0.3609422866 0.9764130866 0.3602956066 0.9705565666 0.3607805766 0.3611040566 0.9764130866 0.7042179766 0.9749446366 0.2540912766 0.3965489366 0.3950240366 0.2547929066 0.2549333366 0.2508720566 0.2462772366 0.2485015166 0.2570426366 0.7065221366 0.2573243166 0.3692368666 0.3748179766 0.6981079666 0.6996308366 0.3590038866 0
