0 0.9123715 0.91541547 0.88454145 0.8809723 0.97978103 1.0015109 0.98237044 0.9779369 0.82335943 0.8236593 1.0091523 0.6832287 0.67975533 0.6748211 0.67926043 0.6723661 0.910349 0.9100125 0.90164745 0.89932185 0.65948707 1.0160967 0.6599691 0.84156424 0.83149695 0.8943626 0.91643286 0.8887815 0.9801504
0.9123715 0 0.1274391 0.513091 0.5146783 0.99545324 1.0064689 0.9808897 0.9801504 0.9036466 0.910349 0.98832285 0.91439945 0.910349 0.90933985 0.9184719 0.91949344 0.5226656 0.5204606 0.5152744 0.51806253 0.9043141 1.0045581 0.90565103 0.91915274 0.90665525 0.5182621 0.42334563 0.4258116 0.97170067
0.91541547 0.1274391 0 0.5085462 0.50775856 0.9853408 0.99169195 0.97499573 0.97499573 0.90264636 0.90498227 0.98237044 0.9167723 0.9133848 0.9133848 0.9188122 0.92017525 0.5200604 0.5174642 0.5134875 0.5166672 0.9043141 0.990942 0.9046481 0.9063204 0.8999856 0.5142812 0.42036211 0.4235215 0.9738958
0.88454145 0.513091 0.5085462 0 0.10651837 0.9695119 0.97573 0.9680563 0.9637064 0.89667284 0.8970035 0.9522284 0.89304566 0.9013148 0.90231323 0.9013148 0.90098226 0.13171802 0.12910022 0.26266474 0.2638011 0.8983274 0.97978103 0.8963424 0.90398026 0.89469224 0.26879302 0.4915996 0.49507448 0.9698763
0.8809723 0.5146783 0.50775856 0.10651837 0 0.9783054 0.97941184 0.97170067 0.9662408 0.90031767 0.89766514 0.9691478 0.8940332 0.8996537 0.90264636 0.90264636 0.9006499 0.13350815 0.12969437 0.266079 0.2679349 0.9053166 0.99847597 0.90498227 0.9110226 0.9046481 0.27281064 0.493142 0.49895447 0.9669665
0.97978103 0.99545324 0.9853408 0.9695119 0.9783054 0 0.0955342 0.85864925 0.8446418 0.9901927 0.99281836 0.87420535 0.9801504 0.9738958 0.9779369 0.9727974 0.9658782 0.98832285 0.9894442 0.97316337 0.97352946 0.9790429 0.3052998 0.9790429 0.9962078 0.982 0.97867405 0.9838541 0.99131685 0.85363877
1.0015109 1.0064689 0.99169195 0.97573 0.97941184 0.0955342 0 0.8555138 0.84217876 0.9872032 0.98645765 0.86749893 0.99545324 0.9838541 0.98757625 0.9838541 0.97978103 0.99658537 0.9977191 0.97243166 0.97206604 0.98496884 0.30710486 0.9853408 0.98794943 0.97978103 0.98125964 0.9845971 0.98683035 0.84587634
0.98237044 0.9808897 0.97499573 0.9680563 0.97170067 0.85864925 0.8555138 0 0.077910095 0.9790429 0.9779369 0.5473584 0.9950763 0.9845971 0.98348296 1.0011308 0.982 0.9872032 0.98757625 0.94903165 0.95151687 0.9980974 0.86877173 1.0003713 1.0011308 0.97720057 0.96010065 1.0037951 0.98125964 0.11930542
0.9779369 0.9801504 0.97499573 0.9637064 0.9662408 0.8446418 0.84217876 0.077910095 0 0.99281836 0.99131685 0.54673624 0.9860852 0.9768326 0.9753628 0.98683035 0.97720057 0.9801504 0.98051995 0.9433819 0.94620144 0.99281836 0.8542633 0.9950763 1.0103053 0.98348296 0.96406794 1.0080011 0.9775687 0.11544636
0.82335943 0.9036466 0.90264636 0.89667284 0.90031767 0.9901927 0.9872032 0.9790429 0.99281836 0 0.073154494 0.9838541 0.8251602 0.83849925 0.8179831 0.828171 0.8212641 0.9106857 0.9069903 0.8937039 0.90031767 0.8120542 1.0110749 0.8120542 0.34241092 0.33315444 0.8956819 0.9174517 0.9249654 0.9783054
0.8236593 0.910349 0.90498227 0.8970035 0.89766514 0.99281836 0.98645765 0.9779369 0.99131685 0.073154494 0 0.98757625 0.82335943 0.8354467 0.81738806 0.831194 0.82276016 0.9063204 0.9013148 0.8979962 0.90398026 0.81709075 1.0068517 0.81738806 0.33362237 0.32756203 0.90031767 0.9229087 0.9259958 0.9790429
1.0091523 0.98832285 0.98237044 0.9522284 0.9691478 0.87420535 0.86749893 0.5473584 0.54673624 0.9838541 0.98757625 0 0.9738958 0.97352946 0.9593815 0.982 0.96479154 0.97426224 0.9753628 0.94903165 0.9540103 0.99923354 0.88194406 0.9958304 1.005704 0.9768326 0.95508146 0.97426224 0.9655158 0.5492279
0.6832287 0.91439945 0.9167723 0.89304566 0.8940332 0.9801504 0.99545324 0.9950763 0.9860852 0.8251602 0.82335943 0.9738958 0 0.0787982 0.09894951 0.10089177 0.099977136 0.90565103 0.9059856 0.90264636 0.90264636 0.67040783 1.0068517 0.67040783 0.8221614 0.8150128 0.9036466 0.91915274 0.89667284 1.0083846
0.67975533 0.910349 0.9133848 0.9013148 0.8996537 0.9738958 0.9838541 0.9845971 0.9768326 0.83849925 0.8354467 0.97352946 0.0787982 0 0.09780934 0.10089177 0.09986288 0.9113596 0.91203403 0.90164745 0.90264636 0.66602045 0.99923354 0.6667499 0.82186216 0.8212641 0.9100125 0.91779155 0.8956819 0.9920673
0.6748211 0.90933985 0.9133848 0.90231323 0.90264636 0.9779369 0.98757625 0.98348296 0.9753628 0.8179831 0.81738806 0.9593815 0.09894951 0.09780934 0 0.06799078 0.06602256 0.9174517 0.91915274 0.89932185 0.8996537 0.6643211 1.0045581 0.66456366 0.8156059 0.811759 0.90164745 0.9113596 0.8953518 0.98794943
0.67926043 0.9184719 0.9188122 0.9013148 0.90264636 0.9727974 0.9838541 1.0011308 0.98683035 0.828171 0.831194 0.982 0.10089177 0.10089177 0.06799078 0 0.06058223 0.91439945 0.9130469 0.89932185 0.8979962 0.6640787 0.99885464 0.6643211 0.82455945 0.8209652 0.9073255 0.91575444 0.8989902 1.0011308
0.6723661 0.91949344 0.92017525 0.90098226 0.9006499 0.9658782 0.97978103 0.982 0.97720057 0.8212641 0.82276016 0.96479154 0.099977136 0.09986288 0.06602256 0.06058223 0 0.91169673 0.9110226 0.8963424 0.8989902 0.6578025 0.9939465 0.6575622 0.8200693 0.8161995 0.90231323 0.91406107 0.89601207 0.9842255
0.910349 0.5226656 0.5200604 0.13171802 0.13350815 0.98832285 0.99658537 0.9872032 0.9801504 0.9106857 0.9063204 0.97426224 0.90565103 0.9113596 0.9174517 0.91439945 0.91169673 0 0.021711241 0.27353033 0.2739625 0.9043141 1.0022715 0.9029796 0.9270277 0.9059856 0.27583802 0.5065787 0.513091 0.9853408
0.9100125 0.5204606 0.5174642 0.12910022 0.12969437 0.9894442 0.9977191 0.98757625 0.98051995 0.9069903 0.9013148 0.9753628 0.9059856 0.91203403 0.91915274 0.9130469 0.9110226 0.021711241 0 0.27051222 0.27151692 0.90498227 1.0045581 0.90398026 0.9232511 0.903313 0.27511612 0.50363714 0.51170486 0.9842255
0.90164745 0.5152744 0.5134875 0.26266474 0.266079 0.97316337 0.97243166 0.94903165 0.9433819 0.8937039 0.8979962 0.94903165 0.90264636 0.90164745 0.89932185 0.89932185 0.8963424 0.27353033 0.27051222 0 0.01607096 0.8910746 0.97609735 0.8927168 0.9110226 0.9013148 0.2675062 0.5022683 0.49740008 0.9493862
0.89932185 0.51806253 0.5166672 0.2638011 0.2679349 0.97352946 0.97206604 0.95151687 0.94620144 0.90031767 0.90398026 0.9540103 0.90264636 0.90264636 0.8996537 0.8979962 0.8989902 0.2739625 0.27151692 0.01607096 0 0.8973342 0.9738958 0.8989902 0.91643286 0.8999856 0.26836383 0.5044204 0.50070703 0.9522284
0.65948707 0.9043141 0.9043141 0.8983274 0.9053166 0.9790429 0.98496884 0.9980974 0.99281836 0.8120542 0.81709075 0.99923354 0.67040783 0.66602045 0.6643211 0.6640787 0.6578025 0.9043141 0.90498227 0.8910746 0.8973342 0 0.990942 0.0041112476 0.812645 0.8120542 0.8809723 0.8963424 0.88291705 1.0141612
1.0160967 1.0045581 0.990942 0.97978103 0.99847597 0.3052998 0.30710486 0.86877173 0.8542633 1.0110749 1.0068517 0.88194406 1.0068517 0.99923354 1.0045581 0.99885464 0.9939465 1.0022715 1.0045581 0.97609735 0.9738958 0.990942 0 0.99056727 1.0011308 0.98832285 0.98645765 1.005704 0.99923354 0.8700467
0.6599691 0.90565103 0.9046481 0.8963424 0.90498227 0.9790429 0.9853408 1.0003713 0.9950763 0.8120542 0.81738806 0.9958304 0.67040783 0.6667499 0.66456366 0.6643211 0.6575622 0.9029796 0.90398026 0.8927168 0.8989902 0.0041112476 0.99056727 0 0.812645 0.811759 0.88064873 0.89766514 0.8842163 1.0164845
0.84156424 0.91915274 0.9063204 0.90398026 0.9110226 0.9962078 0.98794943 1.0011308 1.0103053 0.34241092 0.33362237 1.005704 0.8221614 0.82186216 0.8156059 0.82455945 0.8200693 0.9270277 0.9232511 0.9110226 0.91643286 0.812645 1.0011308 0.812645 0 0.3043989 0.9229087 0.94620144 0.9353342 1.0064689
0.83149695 0.90665525 0.8999856 0.89469224 0.9046481 0.982 0.97978103 0.97720057 0.98348296 0.33315444 0.32756203 0.9768326 0.8150128 0.8212641 0.811759 0.8209652 0.8161995 0.9059856 0.903313 0.9013148 0.8999856 0.8120542 0.98832285 0.811759 0.3043989 0 0.91711193 0.91983426 0.90799636 0.97941184
0.8943626 0.5182621 0.5142812 0.26879302 0.27281064 0.97867405 0.98125964 0.96010065 0.96406794 0.8956819 0.90031767 0.95508146 0.9036466 0.9100125 0.90164745 0.9073255 0.90231323 0.27583802 0.27511612 0.2675062 0.26836383 0.8809723 0.98645765 0.88064873 0.9229087 0.91711193 0 0.5003172 0.50363714 0.9626228
0.91643286 0.42334563 0.42036211 0.4915996 0.493142 0.9838541 0.9845971 1.0037951 1.0080011 0.9174517 0.9229087 0.97426224 0.91915274 0.91779155 0.9113596 0.91575444 0.91406107 0.5065787 0.50363714 0.5022683 0.5044204 0.8963424 1.005704 0.89766514 0.94620144 0.91983426 0.5003172 0 0.17843913 1.0060863
0.8887815 0.4258116 0.4235215 0.49507448 0.49895447 0.99131685 0.98683035 0.98125964 0.9775687 0.9249654 0.9259958 0.9655158 0.89667284 0.8956819 0.8953518 0.8989902 0.89601207 0.513091 0.51170486 0.49740008 0.50070703 0.88291705 0.99923354 0.8842163 0.9353342 0.90799636 0.50363714 0.17843913 0 0.9695119
0.9801504 0.97170067 0.9738958 0.9698763 0.9669665 0.85363877 0.84587634 0.11930542 0.11544636 0.9783054 0.9790429 0.5492279 1.0083846 0.9920673 0.98794943 1.0011308 0.9842255 0.9853408 0.9842255 0.9493862 0.9522284 1.0141612 0.8700467 1.0164845 1.0064689 0.97941184 0.9626228 1.0060863 0.9695119 0
