0 0.98907024 0.8082254 0.79656565 0.9666036 0.9680563 0.9831119 0.98051995 0.6304238 0.6339084 0.56054413 0.81709075 0.5637181 0.98348296 0.9931942 0.99545324 0.99169195 0.97499573 0.9709704 0.99734104 0.99885464 0.62189704 0.6297288 0.62189704 0.6262635 0.61482686 0.6121078 0.98237044 0.556543 0.55402696
0.98907024 0 0.9790429 0.9816297 0.34716177 0.35066497 0.7317652 0.73522204 0.9611805 0.9522284 0.98869646 1.0041765 0.9860852 0.83483773 0.8375822 0.82877463 0.828171 0.23016566 0.2289434 0.84187144 0.84217876 0.9626228 0.97316337 0.96334505 0.98645765 0.9572284 0.9511613 0.7173139 0.98348296 0.9709704
0.8082254 0.9790429 0 0.19433716 0.9727974 0.98051995 1.014548 1.0072346 0.8102846 0.80705124 0.81294054 0.5018777 0.8164965 1.0207624 1.0207624 1.0030329 1.0133885 0.97978103 0.98125964 1.0211525 1.0238891 0.81442016 0.81977093 0.8114639 0.80295604 0.79888314 0.79656565 0.98348296 0.81234956 0.8020814
0.79656565 0.9816297 0.19433716 0 0.9651536 0.9775687 1.0317632 1.0219333 0.8094014 0.800626 0.79714435 0.5065787 0.8017901 1.0293922 1.033348 1.0164845 1.0270288 0.98348296 0.98051995 1.0234975 1.0246727 0.81590265 0.8161995 0.81323624 0.78736657 0.799754 0.7956984 1.0003713 0.8047084 0.806758
0.9666036 0.34716177 0.9727974 0.9651536 0 0.13950627 0.74433905 0.73602206 0.97720057 0.9626228 0.9768326 1.0045581 0.9764649 0.81234956 0.8164965 0.8224607 0.82455945 0.34891135 0.34970793 0.8406434 0.84279376 0.9695119 0.97941184 0.97024083 0.98496884 0.9666036 0.96841997 0.71212715 0.9845971 0.9753628
0.9680563 0.35066497 0.98051995 0.9775687 0.13950627 0 0.74975425 0.74164605 0.97609735 0.96769285 0.97352946 1.0137748 0.9860852 0.8212641 0.8242593 0.82455945 0.82455945 0.34891135 0.35114396 0.83301365 0.83422923 0.96841997 0.9842255 0.9687838 0.98794943 0.9669665 0.9608204 0.7193987 0.98832285 0.97499573
0.9831119 0.7317652 1.014548 1.0317632 0.74433905 0.74975425 0 0.13219498 0.9924427 0.9946995 0.99056727 1.0049399 1.0076177 0.85270303 0.85582674 0.8514572 0.85520095 0.7475835 0.74622995 0.86718106 0.8652767 0.9872032 0.98757625 0.9898184 0.9860852 0.97867405 0.9808897 0.3117881 0.9977191 0.9746289
0.98051995 0.73522204 1.0072346 1.0219333 0.73602206 0.74164605 0.13219498 0 1.0037951 1.0087683 0.98907024 1.0118452 1.0118452 0.8489717 0.8523914 0.8480418 0.84928197 0.74893945 0.74921095 0.8703658 0.8700467 1.0049399 0.99961257 1.0068517 1.0003713 0.98869646 0.99357027 0.30379888 0.990942 0.9775687
0.6304238 0.9611805 0.8102846 0.8094014 0.97720057 0.97609735 0.9924427 1.0037951 0 0.11801686 0.6418672 0.8339251 0.64540553 1.01069 1.0103053 1.0211525 1.0049399 0.9872032 0.9857129 1.0041765 1.0060863 0.23905283 0.3975913 0.23987852 0.34083396 0.40630734 0.40065598 0.96298385 0.62810963 0.632745
0.6339084 0.9522284 0.80705124 0.800626 0.9626228 0.96769285 0.9946995 1.0087683 0.11801686 0 0.6357735 0.814124 0.63881415 0.9950763 1.0003713 1.0015109 0.98348296 0.9775687 0.97573 0.9946995 0.99545324 0.23030159 0.38629258 0.23098162 0.3358099 0.3967422 0.39318648 0.9680563 0.62006605 0.6320479
0.56054413 0.98869646 0.81294054 0.79714435 0.9768326 0.97352946 0.99056727 0.98907024 0.6418672 0.6357735 0 0.8209652 0.11183919 1.0227151 1.0305767 1.0349361 1.0293922 0.98496884 0.9831119 1.042526 1.0389212 0.6413967 0.6336756 0.6437523 0.6395176 0.62996036 0.6390486 0.9669665 0.45899805 0.44475016
0.81709075 1.0041765 0.5018777 0.5065787 1.0045581 1.0137748 1.0049399 1.0118452 0.8339251 0.814124 0.8209652 0 0.81709075 1.015322 1.0246727 1.0076177 1.0141612 1.0266355 1.0126165 1.032159 1.0278157 0.8242593 0.83636117 0.82305974 0.8221614 0.80910724 0.8156059 1.0122308 0.8242593 0.81382793
0.5637181 0.9860852 0.8164965 0.8017901 0.9764649 0.9860852 1.0076177 1.0118452 0.64540553 0.63881415 0.11183919 0.81709075 0 1.0149349 1.0246727 1.0203725 1.0195932 0.98869646 0.990942 1.0377234 1.0325551 0.63998693 0.63928306 0.64163196 0.6362405 0.6285719 0.64045656 0.9695119 0.4575242 0.44656178
0.98348296 0.83483773 1.0207624 1.0293922 0.81234956 0.8212641 0.85270303 0.8489717 1.01069 0.9950763 1.0227151 1.015322 1.0149349 0 0.08920027 0.10571198 0.10605747 0.8502134 0.8508351 0.3814544 0.37962735 1.0041765 1.0080011 1.0030329 1.0157093 1.0003713 0.98757625 0.8327101 0.99131685 0.9962078
0.9931942 0.8375822 1.0207624 1.033348 0.8164965 0.8242593 0.85582674 0.8523914 1.0103053 1.0003713 1.0305767 1.0246727 1.0246727 0.08920027 0 0.11056338 0.11288465 0.8489717 0.8499028 0.38746512 0.38579065 1.0099207 1.0219333 1.0103053 1.030972 0.99999183 0.99923354 0.8357514 1.0126165 1.0103053
0.99545324 0.82877463 1.0030329 1.0164845 0.8224607 0.82455945 0.8514572 0.8480418 1.0211525 1.0015109 1.0349361 1.0076177 1.0203725 0.10571198 0.11056338 0 0.08571686 0.8474224 0.8437172 0.37830138 0.3768125 1.0137748 1.0207624 1.0137748 1.0203725 0.9977191 1.0015109 0.8336212 1.0034139 0.9950763
0.99169195 0.828171 1.0133885 1.0270288 0.82455945 0.82455945 0.85520095 0.84928197 1.0049399 0.98348296 1.0293922 1.0141612 1.0195932 0.10605747 0.11288465 0.08571686 0 0.84525883 0.84495026 0.38062337 0.37962735 0.99658537 1.0022715 0.99734104 1.0168724 0.99357027 0.9831119 0.83210325 0.99961257 0.99961257
0.97499573 0.23016566 0.97978103 0.98348296 0.34891135 0.34891135 0.7475835 0.74893945 0.9872032 0.9775687 0.98496884 1.0266355 0.98869646 0.8502134 0.8489717 0.8474224 0.84525883 0 0.055719454 0.8339251 0.8351422 0.97609735 0.98051995 0.9779369 0.990942 0.9673296 0.9709704 0.7264779 1.001891 0.97170067
0.9709704 0.2289434 0.98125964 0.98051995 0.34970793 0.35114396 0.74622995 0.74921095 0.9857129 0.97573 0.9831119 1.0126165 0.990942 0.8508351 0.8499028 0.8437172 0.84495026 0.055719454 0 0.8336212 0.8357514 0.97206604 0.97609735 0.9738958 0.9842255 0.96406794 0.9680563 0.7304399 0.9962078 0.97243166
0.99734104 0.84187144 1.0211525 1.0234975 0.8406434 0.83301365 0.86718106 0.8703658 1.0041765 0.9946995 1.042526 1.032159 1.0377234 0.3814544 0.38746512 0.37830138 0.38062337 0.8339251 0.8336212 0 0.014132316 1.0011308 1.0103053 1.0022715 1.0130024 1.0064689 1.0068517 0.84156424 1.0149349 0.9939465
0.99885464 0.84217876 1.0238891 1.0246727 0.84279376 0.83422923 0.8652767 0.8700467 1.0060863 0.99545324 1.0389212 1.0278157 1.0325551 0.37962735 0.38579065 0.3768125 0.37962735 0.8351422 0.8357514 0.014132316 0 1.0045581 1.0133885 1.005704 1.01146 1.0041765 1.0064689 0.8424862 1.0137748 0.98757625
0.62189704 0.9626228 0.81442016 0.81590265 0.9695119 0.96841997 0.9872032 1.0049399 0.23905283 0.23030159 0.6413967 0.8242593 0.63998693 1.0041765 1.0099207 1.0137748 0.99658537 0.97609735 0.97206604 1.0011308 1.0045581 0 0.3914992 0.010269996 0.33455908 0.39082533 0.38545617 0.9698763 0.62465185 0.627186
0.6297288 0.97316337 0.81977093 0.8161995 0.97941184 0.9842255 0.98757625 0.99961257 0.3975913 0.38629258 0.6336756 0.83636117 0.63928306 1.0080011 1.0219333 1.0207624 1.0022715 0.98051995 0.97609735 1.0103053 1.0133885 0.3914992 0 0.39133066 0.38780046 0.38645998 0.39453906 0.9831119 0.62649405 0.6216679
0.62189704 0.96334505 0.8114639 0.81323624 0.97024083 0.9687838 0.9898184 1.0068517 0.23987852 0.23098162 0.6437523 0.82305974 0.64163196 1.0030329 1.0103053 1.0137748 0.99734104 0.9779369 0.9738958 1.0022715 1.005704 0.010269996 0.39133066 0 0.3348716 0.39183635 0.38645998 0.9713354 0.62258476 0.62465185
0.6262635 0.98645765 0.80295604 0.78736657 0.98496884 0.98794943 0.9860852 1.0003713 0.34083396 0.3358099 0.6395176 0.8221614 0.6362405 1.0157093 1.030972 1.0203725 1.0168724 0.990942 0.9842255 1.0130024 1.01146 0.33455908 0.38780046 0.3348716 0 0.38746512 0.39318648 0.9775687 0.6313514 0.62465185
0.61482686 0.9572284 0.79888314 0.799754 0.9666036 0.9669665 0.97867405 0.98869646 0.40630734 0.3967422 0.62996036 0.80910724 0.6285719 1.0003713 0.99999183 0.9977191 0.99357027 0.9673296 0.96406794 1.0064689 1.0041765 0.39082533 0.38645998 0.39183635 0.38746512 0 0.3288012 0.9651536 0.6235028 0.6123341
0.6121078 0.9511613 0.79656565 0.7956984 0.96841997 0.9608204 0.9808897 0.99357027 0.40065598 0.39318648 0.6390486 0.8156059 0.64045656 0.98757625 0.99923354 1.0015109 0.9831119 0.9709704 0.9680563 1.0068517 1.0064689 0.38545617 0.39453906 0.38645998 0.39318648 0.3288012 0 0.95294064 0.6221262 0.6161901
0.98237044 0.7173139 0.98348296 1.0003713 0.71212715 0.7193987 0.3117881 0.30379888 0.96298385 0.9680563 0.9669665 1.0122308 0.9695119 0.8327101 0.8357514 0.8336212 0.83210325 0.7264779 0.7304399 0.84156424 0.8424862 0.9698763 0.9831119 0.9713354 0.9775687 0.9651536 0.95294064 0 0.97206604 0.9536536
0.556543 0.98348296 0.81234956 0.8047084 0.9845971 0.98832285 0.9977191 0.990942 0.62810963 0.62006605 0.45899805 0.8242593 0.4575242 0.99131685 1.0126165 1.0034139 0.99961257 1.001891 0.9962078 1.0149349 1.0137748 0.62465185 0.62649405 0.62258476 0.6313514 0.6235028 0.6221262 0.97206604 0 0.29352373
0.55402696 0.9709704 0.8020814 0.806758 0.9753628 0.97499573 0.9746289 0.9775687 0.632745 0.6320479 0.44475016 0.81382793 0.44656178 0.9962078 1.0103053 0.9950763 0.99961257 0.97170067 0.97243166 0.9939465 0.98757625 0.627186 0.6216679 0.62465185 0.62465185 0.6123341 0.6161901 0.9536536 0.29352373 0
