0 1.0286036 1.0011308 1.0064689 1.01146 1.0373245 1.0149349 1.0274222 1.0246727 1.0049399 1.0286036 0.83849925 1.0011308 1.0118452 1.0141612 1.0258498 0.8474224 1.0003713 0.99281836 0.84711295 0.84340924 1.000751 0.8684533 1.0049399 1.033348 1.000751 1.0095364 1.0258498 0.8542633 0.9969631
1.0286036 0 0.70646286 0.49082956 0.34367487 0.6790131 0.34684414 0.5386949 0.531551 0.34891135 0.36046484 1.0518178 0.71367943 0.714716 0.6790131 0.66796726 1.005704 0.48718274 0.48507947 1.000751 0.9958304 0.71342045 1.0405211 0.7113522 0.5200604 0.466411 0.4820307 0.40751162 1.0282096 0.48488855
1.0011308 0.70646286 0 0.71783453 0.7157541 0.71342045 0.7304399 0.7126442 0.7330929 0.7165336 0.7344229 1.0301816 0.27713925 0.27771828 0.721751 0.7296458 1.0022715 0.72726864 0.72332335 0.99885464 0.9977191 0.27482754 1.0149349 0.2738184 0.73495555 0.7126442 0.71367943 0.723061 1.0234975 0.7033912
1.0064689 0.49082956 0.71783453 0 0.48032117 0.6837262 0.48852423 0.5299277 0.5256829 0.48641723 0.49294904 1.0389212 0.72044325 0.7191378 0.6802505 0.6852207 1.0227151 0.27079913 0.267792 1.0227151 1.0231062 0.71627367 1.0421246 0.71627367 0.530536 0.47766966 0.42492995 0.4919849 1.0417235 0.34320065
1.01146 0.34367487 0.7157541 0.48032117 0 0.6723661 0.266935 0.537056 0.52106136 0.2616718 0.27281064 1.0297868 0.7110941 0.71238565 0.67016345 0.6723661 1.0176488 0.47899425 0.47766966 1.0072346 1.0049399 0.7165336 1.0409217 0.7186162 0.5115071 0.4489234 0.4837441 0.40768382 1.0266355 0.4740861
1.0373245 0.6790131 0.71342045 0.6837262 0.6723661 0 0.680994 0.682483 0.6869681 0.69022405 0.69198316 1.032159 0.7222747 0.7235857 0.19472599 0.19771379 1.0110749 0.68621874 0.68397504 1.0045581 1.0099207 0.72253674 1.0317632 0.72253674 0.6899731 0.682483 0.69576657 0.69804585 1.0133885 0.67802465
1.0149349 0.34684414 0.7304399 0.48852423 0.266935 0.680994 0 0.537056 0.5327709 0.1750217 0.18110794 1.0381224 0.7312348 0.7259512 0.6882187 0.69022405 1.019204 0.49372122 0.49044484 1.0080011 1.0049399 0.72779626 1.0409217 0.7301751 0.52447456 0.46696994 0.496818 0.41390935 1.025065 0.4843161
1.0274222 0.5386949 0.7126442 0.5299277 0.537056 0.682483 0.537056 0 0.17199698 0.5356249 0.5397211 1.0122308 0.7152349 0.7254249 0.6802505 0.68571955 1.018426 0.54116 0.5289148 1.0015109 0.9931942 0.7165336 1.0381224 0.7196597 0.537875 0.52608615 0.5389 0.5277012 1.0286036 0.5368514
1.0246727 0.531551 0.7330929 0.5256829 0.52106136 0.6869681 0.5327709 0.17199698 0 0.5279034 0.53134793 1.0207624 0.7333587 0.74433905 0.6837262 0.6852207 1.0254573 0.52931976 0.52346903 1.0049399 1.0003713 0.73789203 1.0329514 0.73923063 0.5307389 0.5156721 0.52931976 0.5190608 1.032159 0.53195745
1.0049399 0.34891135 0.7165336 0.48641723 0.2616718 0.69022405 0.1750217 0.5356249 0.5279034 0 0.12981327 1.0180373 0.72779626 0.72726864 0.6877182 0.68721807 1.0037951 0.48603475 0.4856525 1.0003713 0.9958304 0.7222747 1.0325551 0.7254249 0.513091 0.45623696 0.4858436 0.41269478 1.0188149 0.4788049
1.0286036 0.36046484 0.7344229 0.49294904 0.27281064 0.69198316 0.18110794 0.5397211 0.53134793 0.12981327 0 1.0305767 0.74406934 0.7459595 0.69576657 0.69753873 1.033348 0.49546158 0.4946876 1.0238891 1.0278157 0.7397667 1.0485728 0.74164605 0.5250785 0.46696994 0.48871607 0.42141378 1.0262426 0.48660854
0.83849925 1.0518178 1.0301816 1.0389212 1.0297868 1.032159 1.0381224 1.0122308 1.0207624 1.0180373 1.0305767 0 1.0313674 1.0385218 1.014548 1.0353336 0.72858834 1.0349361 1.0262426 0.7241107 0.7222747 1.0329514 0.7554826 1.0305767 1.0293922 1.0080011 1.014548 1.0195932 0.7338906 1.019204
1.0011308 0.71367943 0.27713925 0.72044325 0.7110941 0.7222747 0.7312348 0.7152349 0.7333587 0.72779626 0.74406934 1.0313674 0 0.09929189 0.7207046 0.72885257 1.0011308 0.7254249 0.721751 0.9980974 0.990942 0.11033165 1.0130024 0.1090584 0.7368229 0.7191378 0.71601385 0.72384816 1.0211525 0.69804585
1.0118452 0.714716 0.27771828 0.7191378 0.71238565 0.7235857 0.7259512 0.7254249 0.74433905 0.72726864 0.7459595 1.0385218 0.09929189 0 0.7170537 0.7251619 1.0053219 0.7220128 0.72148925 1.000751 0.99923354 0.1126522 1.0231062 0.11067928 0.7413773 0.718095 0.71627367 0.71783453 1.0211525 0.70007765
1.0141612 0.6790131 0.721751 0.6802505 0.67016345 0.19472599 0.6882187 0.6802505 0.6837262 0.6877182 0.69576657 1.014548 0.7207046 0.7170537 0 0.08347805 1.0083846 0.68397504 0.68149 0.99658537 1.0049399 0.7296458 1.0481682 0.7280602 0.6924865 0.6867182 0.69122875 0.6889701 1.0068517 0.6731017
1.0258498 0.66796726 0.7296458 0.6852207 0.6723661 0.19771379 0.69022405 0.68571955 0.6852207 0.68721807 0.69753873 1.0353336 0.72885257 0.7251619 0.08347805 0 1.0022715 0.6869681 0.6859691 0.9939465 0.9980974 0.73575526 1.0377234 0.7338906 0.6892207 0.68173814 0.69576657 0.69349426 1.002652 0.67163116
0.8474224 1.005704 1.0022715 1.0227151 1.0176488 1.0110749 1.019204 1.018426 1.0254573 1.0037951 1.033348 0.72858834 1.0011308 1.0053219 1.0083846 1.0022715 0 1.0049399 1.0037951 0.0815803 0.08169181 0.99885464 0.63228023 1.0060863 1.000751 0.98683035 1.0045581 1.0188149 0.34954855 0.9977191
1.0003713 0.48718274 0.72726864 0.27079913 0.47899425 0.68621874 0.49372122 0.54116 0.52931976 0.48603475 0.49546158 1.0349361 0.7254249 0.7220128 0.68397504 0.6869681 1.0049399 0 0.056581646 1.0072346 1.0030329 0.7254249 1.0361294 0.7254249 0.53828484 0.47672495 0.42722434 0.4975942 1.0341415 0.3477975
0.99281836 0.48507947 0.72332335 0.267792 0.47766966 0.68397504 0.49044484 0.5289148 0.52346903 0.4856525 0.4946876 1.0262426 0.721751 0.72148925 0.68149 0.6859691 1.0037951 0.056581646 0 1.0045581 1.0011308 0.72148925 1.0266355 0.72253674 0.53195745 0.4761587 0.41913706 0.491022 1.0274222 0.34130672
0.84711295 1.000751 0.99885464 1.0227151 1.0072346 1.0045581 1.0080011 1.0015109 1.0049399 1.0003713 1.0238891 0.7241107 0.9980974 1.000751 0.99658537 0.9939465 0.0815803 1.0072346 1.0045581 0 0.05550406 0.99658537 0.6339084 1.0022715 1.0034139 0.98683035 0.99847597 1.002652 0.34907058 0.99281836
0.84340924 0.9958304 0.9977191 1.0231062 1.0049399 1.0099207 1.0049399 0.9931942 1.0003713 0.9958304 1.0278157 0.7222747 0.990942 0.99923354 1.0049399 0.9980974 0.08169181 1.0030329 1.0011308 0.05550406 0 0.9977191 0.6311194 1.0030329 1.0037951 0.982 0.9939465 1.0118452 0.34891135 0.98907024
1.000751 0.71342045 0.27482754 0.71627367 0.7165336 0.72253674 0.72779626 0.7165336 0.73789203 0.7222747 0.7397667 1.0329514 0.11033165 0.1126522 0.7296458 0.73575526 0.99885464 0.7254249 0.72148925 0.99658537 0.9977191 0 1.0254573 0.025322722 0.7328271 0.71992075 0.7157541 0.718095 1.0274222 0.70007765
0.8684533 1.0405211 1.0149349 1.0421246 1.0409217 1.0317632 1.0409217 1.0381224 1.0329514 1.0325551 1.0485728 0.7554826 1.0130024 1.0231062 1.0481682 1.0377234 0.63228023 1.0361294 1.0266355 0.6339084 0.6311194 1.0254573 0 1.0215429 1.0397208 1.0337447 1.0473596 1.0591708 0.64116156 1.0180373
1.0049399 0.7113522 0.2738184 0.71627367 0.7186162 0.72253674 0.7301751 0.7196597 0.73923063 0.7254249 0.74164605 1.0305767 0.1090584 0.11067928 0.7280602 0.7338906 1.0060863 0.7254249 0.72253674 1.0022715 1.0030329 0.025322722 1.0215429 0 0.7325615 0.71549445 0.7126442 0.7191378 1.030972 0.6998234
1.033348 0.5200604 0.73495555 0.530536 0.5115071 0.6899731 0.52447456 0.537875 0.5307389 0.513091 0.5250785 1.0293922 0.7368229 0.7413773 0.6924865 0.6892207 1.000751 0.53828484 0.53195745 1.0034139 1.0037951 0.7328271 1.0397208 0.7325615 0 0.5140827 0.53134793 0.52810556 1.0064689 0.52427334
1.000751 0.466411 0.7126442 0.47766966 0.4489234 0.682483 0.46696994 0.52608615 0.5156721 0.45623696 0.46696994 1.0080011 0.7191378 0.718095 0.6867182 0.68173814 0.98683035 0.47672495 0.4761587 0.98683035 0.982 0.71992075 1.0337447 0.71549445 0.5140827 0 0.47597006 0.45973605 1.0076177 0.47277015
1.0095364 0.4820307 0.71367943 0.42492995 0.4837441 0.69576657 0.496818 0.5389 0.52931976 0.4858436 0.48871607 1.014548 0.71601385 0.71627367 0.69122875 0.69576657 1.0045581 0.42722434 0.41913706 0.99847597 0.9939465 0.7157541 1.0473596 0.7126442 0.53134793 0.47597006 0 0.491022 1.0160967 0.42036211
1.0258498 0.40751162 0.723061 0.4919849 0.40768382 0.69804585 0.41390935 0.5277012 0.5190608 0.41269478 0.42141378 1.0195932 0.72384816 0.71783453 0.6889701 0.69349426 1.0188149 0.4975942 0.491022 1.002652 1.0118452 0.718095 1.0591708 0.7191378 0.52810556 0.45973605 0.491022 0 1.0317632 0.4829821
0.8542633 1.0282096 1.0234975 1.0417235 1.0266355 1.0133885 1.025065 1.0286036 1.032159 1.0188149 1.0262426 0.7338906 1.0211525 1.0211525 1.0068517 1.002652 0.34954855 1.0341415 1.0274222 0.34907058 0.34891135 1.0274222 0.64116156 1.030972 1.0064689 1.0076177 1.0160967 1.0317632 0 1.0203725
0.9969631 0.48488855 0.7033912 0.34320065 0.4740861 0.67802465 0.4843161 0.5368514 0.53195745 0.4788049 0.48660854 1.019204 0.69804585 0.70007765 0.6731017 0.67163116 0.9977191 0.3477975 0.34130672 0.99281836 0.98907024 0.70007765 1.0180373 0.6998234 0.52427334 0.47277015 0.42036211 0.4829821 1.0203725 0
