0 0.909921054 0.940817854 0.942923584 1.002896954 0.990437654 0.911941684 0.927616954 0.927961384 0.972676614 0.957831854 0.915999394 1.010550254 0.982986054 1.006331254 1.006331254 1.034386454 0.969756854 0.976709854 1.022960054 1.021787854 1.008629554 0.994191454 1.010934954 0.982244954 1.024917654 0.977077554 1.009781354 1.019059854 1.037569454
0.909921054 0 0.273343394 0.278252904 0.993439154 0.980025984 0.283048954 0.281010554 0.281010554 0.995698194 0.993439154 0.854508254 1.021397454 0.995698194 0.990812224 0.978919004 0.988567804 0.982244954 0.974140754 0.982244954 0.981504594 0.978181854 0.957115154 0.975607754 0.963228804 0.978919004 0.990812224 0.993439154 0.988194384 0.985213794
0.940817854 0.273343394 0 0.242744154 0.991186954 0.980395354 0.291258614 0.283048954 0.285531704 0.997964054 0.998342354 0.855758754 1.026880454 1.004421454 1.005948954 0.995321254 1.002896954 0.977445524 0.967937804 0.994567854 1.001375754 0.990812224 0.975607754 0.991186954 0.979287854 0.986702604 0.996075354 1.002135954 1.000236784 1.002135954
0.942923584 0.278252904 0.242744154 0 0.992312254 0.971580354 0.288609994 0.290374674 0.290374674 0.982244954 0.987448154 0.846430254 1.019059854 1.004803054 0.992687654 0.980025984 0.995698194 0.975607754 0.971580354 0.982986054 0.987821204 0.988194384 0.966485754 0.987075304 0.967937804 0.972676614 0.997585994 0.988567804 0.997964054 0.996452754
1.002896954 0.993439154 0.991186954 0.992312254 0 0.206599094 0.988941414 0.982244954 0.977077554 0.978550354 0.980764904 1.021007354 1.000616254 0.982986054 0.904893054 0.896587354 0.834170054 0.978550354 0.990437654 0.831741904 0.826307094 1.002896954 0.981504594 1.002896954 0.975607754 1.006713854 0.996452754 0.865204754 0.824504254 0.816147604
0.990437654 0.980025984 0.980395354 0.971580354 0.206599094 0 0.975240684 0.971580354 0.975240684 0.970121254 0.967574554 1.012090154 0.999478494 0.976709854 0.896917794 0.887719254 0.825104694 0.959985954 0.971580354 0.814368954 0.813481194 0.995321254 0.971215354 0.996830324 0.962506984 1.001375754 1.004803054 0.866155904 0.809940654 0.797968454
0.911941684 0.283048954 0.291258614 0.288609994 0.988941414 0.975240684 0 0.210030384 0.212282444 0.988567804 0.981874654 0.855445904 1.014406154 0.997964054 1.002516454 0.996075354 1.000995954 0.966123154 0.973774414 0.992687654 0.993063314 0.975607754 0.955683854 0.974507194 0.974873854 0.998342354 0.993439154 1.000236784 0.978550354 0.991936904
0.927616954 0.281010554 0.283048954 0.290374674 0.982244954 0.971580354 0.210030384 0 0.172619354 0.986702604 0.989689154 0.856071694 1.003277854 0.993063314 1.008246054 1.000616254 0.989689154 0.978919004 0.975607754 0.986702604 0.989315194 0.982244954 0.963228804 0.982615394 0.974873854 0.994567854 0.990437654 1.002135954 0.985213794 0.996075354
0.927961384 0.281010554 0.285531704 0.290374674 0.977077554 0.975240684 0.212282444 0.172619354 0 0.990063354 0.982986054 0.849216654 1.007096654 0.999099594 0.986702604 0.994567854 0.985585754 0.967211454 0.962506984 0.985585754 0.989689154 0.968301254 0.966485754 0.968301254 0.985585754 0.988941414 0.979287854 0.990437654 0.982244954 0.978550354
0.972676614 0.995698194 0.997964054 0.982244954 0.978550354 0.970121254 0.988567804 0.986702604 0.990063354 0 0.123311544 1.012090154 0.328736154 0.323793804 0.997585994 0.991561804 0.992687654 0.295545584 0.298218854 0.991186954 0.989315194 0.794211954 0.971580354 0.793635704 0.992687654 0.789614254 0.553226054 0.993815224 1.004421454 0.996452754
0.957831854 0.993439154 0.998342354 0.987448154 0.980764904 0.967574554 0.981874654 0.989689154 0.982986054 0.123311544 0 0.979287854 0.331064174 0.327033554 1.007096654 1.000995954 0.994944454 0.294656614 0.297772654 0.992687654 0.992687654 0.784190814 0.970121254 0.783906454 1.003277854 0.782770054 0.559312504 0.994567854 0.997964054 0.990812224
0.915999394 0.854508254 0.855758754 0.846430254 1.021007354 1.012090154 0.855445904 0.856071694 0.849216654 1.012090154 0.979287854 0 1.006713854 1.003658854 0.996830324 0.987821204 0.995698194 0.991561804 0.995321254 0.999478494 0.997208054 0.987821204 0.986330154 0.988194384 0.990437654 1.000995954 0.987821204 0.997208054 0.989315194 0.994567854
1.010550254 1.021397454 1.026880454 1.019059854 1.000616254 0.999478494 1.014406154 1.003277854 1.007096654 0.328736154 0.331064174 1.006713854 0 0.114292928 0.991186954 0.988194384 0.993439154 0.321641754 0.322717024 0.997964054 0.995321254 0.791335084 0.994191454 0.791622254 1.015179854 0.785329324 0.559101794 0.991186954 1.014792954 0.997964054
0.982986054 0.995698194 1.004421454 1.004803054 0.982986054 0.976709854 0.997964054 0.993063314 0.999099594 0.323793804 0.327033554 1.003658854 0.114292928 0 0.981134654 0.980764904 0.990437654 0.310821694 0.315983634 0.992312254 0.993063314 0.784190814 0.977813654 0.784759854 0.998720924 0.778806304 0.549888954 0.980025984 0.995321254 0.987075304
1.006331254 0.990812224 1.005948954 0.992687654 0.904893054 0.896917794 1.002516454 1.008246054 0.986702604 0.997585994 1.007096654 0.996830324 0.991186954 0.981134654 0 0.0785989699999998 0.914982894 0.983727914 0.991186954 0.905561554 0.912278984 1.009397254 0.986702604 1.009013254 0.990063354 0.993815224 0.974140754 0.380038214 0.919738394 0.915321554
1.006331254 0.978919004 0.995321254 0.980025984 0.896587354 0.887719254 0.996075354 1.000616254 0.994567854 0.991561804 1.000995954 0.987821204 0.988194384 0.980764904 0.0785989699999998 0 0.911941684 0.980395354 0.982615394 0.896587354 0.902558184 1.010550254 0.985585754 1.008629554 0.987075304 0.993063314 0.979656794 0.380204184 0.911941684 0.902225254
1.034386454 0.988567804 1.002896954 0.995698194 0.834170054 0.825104694 1.000995954 0.989689154 0.985585754 0.992687654 0.994944454 0.995698194 0.993439154 0.990437654 0.914982894 0.911941684 0 1.001375754 1.004040054 0.0691121539999998 0.0720776739999998 1.014406154 0.968664924 1.014019754 0.995321254 1.003658854 0.994944454 0.908912754 0.409652894 0.408445574
0.969756854 0.982244954 0.977445524 0.975607754 0.978550354 0.959985954 0.966123154 0.978919004 0.967211454 0.295545584 0.294656614 0.991561804 0.321641754 0.310821694 0.983727914 0.980395354 1.001375754 0 0.0761606639999998 1.002516454 1.000995954 0.769266354 0.973042354 0.770382354 0.984099054 0.778523954 0.536074154 0.989315194 1.003277854 0.992687654
0.976709854 0.974140754 0.967937804 0.971580354 0.990437654 0.971580354 0.973774414 0.975607754 0.962506984 0.298218854 0.297772654 0.995321254 0.322717024 0.315983634 0.991186954 0.982615394 1.004040054 0.0761606639999998 0 1.006713854 1.004040054 0.775706504 0.968664924 0.777113954 0.982244954 0.778241754 0.537915154 0.986702604 1.004803054 0.993439154
1.022960054 0.982244954 0.994567854 0.982986054 0.831741904 0.814368954 0.992687654 0.986702604 0.985585754 0.991186954 0.992687654 0.999478494 0.997964054 0.992312254 0.905561554 0.896587354 0.0691121539999998 1.002516454 1.006713854 0 0.0489955939999998 1.005566854 0.962506984 1.004421454 0.993439154 0.994567854 0.991561804 0.903891554 0.404492324 0.401583684
1.021787854 0.981504594 1.001375754 0.987821204 0.826307094 0.813481194 0.993063314 0.989315194 0.989689154 0.989315194 0.992687654 0.997208054 0.995321254 0.993063314 0.912278984 0.902558184 0.0720776739999998 1.000995954 1.004040054 0.0489955939999998 0 1.022569054 0.962506984 1.021787854 1.001755854 1.009013254 0.996075354 0.903891554 0.404492324 0.401754474
1.008629554 0.978181854 0.990812224 0.988194384 1.002896954 0.995321254 0.975607754 0.982244954 0.968301254 0.794211954 0.784190814 0.987821204 0.791335084 0.784190814 1.009397254 1.010550254 1.014406154 0.769266354 0.775706504 1.005566854 1.022569054 0 1.005948954 0.0034517999999998 1.010165654 0.595357454 0.770941054 1.001755854 1.021787854 1.015566954
0.994191454 0.957115154 0.975607754 0.966485754 0.981504594 0.971215354 0.955683854 0.963228804 0.966485754 0.971580354 0.970121254 0.986330154 0.994191454 0.977813654 0.986702604 0.985585754 0.968664924 0.973042354 0.968664924 0.962506984 0.962506984 1.005948954 0 1.005566854 0.637186454 0.999099594 0.984842054 0.987075304 0.966485754 0.959985954
1.010934954 0.975607754 0.991186954 0.987075304 1.002896954 0.996830324 0.974507194 0.982615394 0.968301254 0.793635704 0.783906454 0.988194384 0.791622254 0.784759854 1.009013254 1.008629554 1.014019754 0.770382354 0.777113954 1.004421454 1.021787854 0.0034517999999998 1.005566854 0 1.006713854 0.595136354 0.770382354 1.000995954 1.022178254 1.012475754
0.982244954 0.963228804 0.979287854 0.967937804 0.975607754 0.962506984 0.974873854 0.974873854 0.985585754 0.992687654 1.003277854 0.990437654 1.015179854 0.998720924 0.990063354 0.987075304 0.995321254 0.984099054 0.982244954 0.993439154 1.001755854 1.010165654 0.637186454 1.006713854 0 1.011704954 1.000995954 0.979656794 0.973042354 0.979656794
1.024917654 0.978919004 0.986702604 0.972676614 1.006713854 1.001375754 0.998342354 0.994567854 0.988941414 0.789614254 0.782770054 1.000995954 0.785329324 0.778806304 0.993815224 0.993063314 1.003658854 0.778523954 0.778241754 0.994567854 1.009013254 0.595357454 0.999099594 0.595136354 1.011704954 0 0.774301804 0.984842054 1.008629554 0.997585994
0.977077554 0.990812224 0.996075354 0.997585994 0.996452754 1.004803054 0.993439154 0.990437654 0.979287854 0.553226054 0.559312504 0.987821204 0.559101794 0.549888954 0.974140754 0.979656794 0.994944454 0.536074154 0.537915154 0.991561804 0.996075354 0.770941054 0.984842054 0.770382354 1.000995954 0.774301804 0 0.975974954 0.999099594 0.979287854
1.009781354 0.993439154 1.002135954 0.988567804 0.865204754 0.866155904 1.000236784 1.002135954 0.990437654 0.993815224 0.994567854 0.997208054 0.991186954 0.980025984 0.380038214 0.380204184 0.908912754 0.989315194 0.986702604 0.903891554 0.903891554 1.001755854 0.987075304 1.000995954 0.979656794 0.984842054 0.975974954 0 0.900562624 0.913967854
1.019059854 0.988194384 1.000236784 0.997964054 0.824504254 0.809940654 0.978550354 0.985213794 0.982244954 1.004421454 0.997964054 0.989315194 1.014792954 0.995321254 0.919738394 0.911941684 0.409652894 1.003277854 1.004803054 0.404492324 0.404492324 1.021787854 0.966485754 1.022178254 0.973042354 1.008629554 0.999099594 0.900562624 0 0.304643854
1.037569454 0.985213794 1.002135954 0.996452754 0.816147604 0.797968454 0.991936904 0.996075354 0.978550354 0.996452754 0.990812224 0.994567854 0.997964054 0.987075304 0.915321554 0.902225254 0.408445574 0.992687654 0.993439154 0.401583684 0.401754474 1.015566954 0.959985954 1.012475754 0.979656794 0.997585994 0.979287854 0.913967854 0.304643854 0
