0 0.6442242 0.66480625 0.6171003 0.6109778 0.6590054 0.6640787 0.6626257 0.66748005 0.67359257 0.8156059 0.6686986 0.8366663 0.8209652 0.66577744 0.65444463 0.6626257 1.0053219 1.01146 0.65852404 0.65612173 0.83911127 0.6444604 0.8375822 0.6582834 0.60669917 0.68223464 0.6662635 0.8164965 0.8437172
0.6442242 0 0.27916783 0.6508636 0.6470625 0.65181684 0.6652917 0.6269553 0.67285645 0.66553456 0.8147164 0.6669932 0.82907665 0.8194727 0.6304238 0.6267246 0.62926584 0.98832285 0.9969631 0.6269553 0.6212099 0.80705124 0.537056 0.80705124 0.6339084 0.63975227 0.67285645 0.6592462 0.8179831 0.83331734
0.66480625 0.27916783 0 0.66093403 0.6652917 0.66553456 0.6699191 0.63554007 0.675067 0.67065233 0.8284728 0.67114156 0.84525883 0.83941746 0.6430448 0.64257354 0.63998693 0.99169195 0.9946995 0.63834554 0.6374092 0.80617183 0.53644234 0.80324787 0.65852404 0.64682555 0.6812419 0.6713863 0.83636117 0.8480418
0.6171003 0.6508636 0.66093403 0 0.25237417 0.66480625 0.66918653 0.6542054 0.6616586 0.6672366 0.8194727 0.6832287 0.83697146 0.8284728 0.6682109 0.6508636 0.65540254 0.9980974 1.0064689 0.65564215 0.6489606 0.83941746 0.64233804 0.83788776 0.65110177 0.3935244 0.67802465 0.6672366 0.8179831 0.8474224
0.6109778 0.6470625 0.6652917 0.25237417 0 0.6669932 0.6640787 0.6484856 0.66335183 0.67432946 0.8161995 0.6790131 0.8263631 0.81294054 0.6539662 0.6501494 0.6568416 1.0037951 1.0060863 0.64991146 0.64516914 0.81590265 0.6421026 0.81590265 0.6530102 0.3974214 0.6667499 0.6619002 0.800626 0.83028585
0.6590054 0.65181684 0.66553456 0.66480625 0.6669932 0 0.66553456 0.23384447 0.6767909 0.6669932 0.83727676 0.67016345 0.8455675 0.8272665 0.23288897 0.23288897 0.2337079 1.0227151 1.0349361 0.23234352 0.23138992 0.8354467 0.6367077 0.8345334 0.5440462 0.6599691 0.6740837 0.67040783 0.84095025 0.8483516
0.6640787 0.6652917 0.6699191 0.66918653 0.6640787 0.66553456 0 0.6578025 0.21722966 0.22138256 0.8327101 0.58807015 0.83331734 0.8305884 0.6558819 0.6573219 0.6530102 0.9713354 0.9783054 0.6570817 0.65948707 0.82455945 0.64516914 0.8212641 0.6558819 0.65564215 0.44276246 0.42634106 0.81857854 0.83331734
0.6626257 0.6269553 0.63554007 0.6542054 0.6484856 0.23384447 0.6578025 0 0.6582834 0.65972805 0.81234956 0.6590054 0.8147164 0.81679356 0.17818545 0.17958175 0.17653863 1.0122308 1.019204 0.17666517 0.1759062 0.83331734 0.6294973 0.8278694 0.5376702 0.65277135 0.67212105 0.66335183 0.8224607 0.83240664
0.66748005 0.67285645 0.675067 0.6616586 0.66335183 0.6767909 0.21722966 0.6582834 0 0.1467679 0.82485974 0.58631986 0.82606214 0.82156307 0.66286767 0.65540254 0.6590054 0.98645765 0.98869646 0.65852404 0.6563616 0.8203678 0.6573219 0.81828076 0.65253264 0.65253264 0.4503804 0.43112323 0.8188765 0.8400302
0.67359257 0.66553456 0.67065233 0.6672366 0.67432946 0.6669932 0.22138256 0.65972805 0.1467679 0 0.82305974 0.58938557 0.8179831 0.82485974 0.66383636 0.6602102 0.65948707 0.99169195 0.99923354 0.6575622 0.6578025 0.81323624 0.6582834 0.81353205 0.6723661 0.6599691 0.4480142 0.4371889 0.81442016 0.8351422
0.8156059 0.8147164 0.8284728 0.8194727 0.8161995 0.83727676 0.8327101 0.81234956 0.82485974 0.82305974 0 0.8194727 0.15262826 0.15238315 0.8096957 0.81709075 0.80120784 0.98348296 0.9827411 0.8094014 0.81087404 0.6894714 0.79888314 0.6884691 0.82606214 0.8156059 0.83422923 0.8424862 0.38629258 0.33878887
0.6686986 0.6669932 0.67114156 0.6832287 0.6790131 0.67016345 0.58807015 0.6590054 0.58631986 0.58938557 0.8194727 0 0.8212641 0.8200693 0.6606927 0.65492344 0.65134007 0.98832285 1.0011308 0.6475366 0.6563616 0.83636117 0.63928306 0.8357514 0.66456366 0.6578025 0.6071484 0.6011063 0.81442016 0.83788776
0.8366663 0.82907665 0.84525883 0.83697146 0.8263631 0.8455675 0.83331734 0.8147164 0.82606214 0.8179831 0.15262826 0.8212641 0 0.13746151 0.81738806 0.8188765 0.8082254 0.9827411 0.9845971 0.812645 0.81977093 0.6899731 0.806758 0.6899731 0.8468036 0.8179831 0.8388052 0.8351422 0.38345262 0.33973208
0.8209652 0.8194727 0.83941746 0.8284728 0.81294054 0.8272665 0.8305884 0.81679356 0.82156307 0.82485974 0.15238315 0.8200693 0.13746151 0 0.81087404 0.81353205 0.80441606 0.9775687 0.9842255 0.8094014 0.8120542 0.6852207 0.78708094 0.68223464 0.84033674 0.8164965 0.8293787 0.8236593 0.37962735 0.33237523
0.66577744 0.6304238 0.6430448 0.6682109 0.6539662 0.23288897 0.6558819 0.17818545 0.66286767 0.66383636 0.8096957 0.6606927 0.81738806 0.81087404 0 0.11567968 0.113117166 1.005704 1.0110749 0.11334976 0.113117166 0.81087404 0.6320479 0.80910724 0.5344004 0.65038735 0.67654437 0.6599691 0.81323624 0.83483773
0.65444463 0.6267246 0.64257354 0.6508636 0.6501494 0.23288897 0.6573219 0.17958175 0.65540254 0.6602102 0.81709075 0.65492344 0.8188765 0.81353205 0.11567968 0 0.10249507 0.99734104 1.001891 0.10674893 0.10651837 0.82156307 0.62603307 0.8179831 0.5360335 0.65110177 0.67432946 0.661417 0.81768554 0.83849925
0.6626257 0.62926584 0.63998693 0.65540254 0.6568416 0.2337079 0.6530102 0.17653863 0.6590054 0.65948707 0.80120784 0.65134007 0.8082254 0.80441606 0.113117166 0.10249507 0 0.99658537 1.0037951 0.10525158 0.10364238 0.8111689 0.6311194 0.80500084 0.5339927 0.6406915 0.6777777 0.66577744 0.80529344 0.82907665
1.0053219 0.98832285 0.99169195 0.9980974 1.0037951 1.0227151 0.9713354 1.0122308 0.98645765 0.99169195 0.98348296 0.98832285 0.9827411 0.9775687 1.005704 0.99734104 0.99658537 0 0.07194278 1.0041765 0.99281836 0.96479154 0.9727974 0.97170067 0.9831119 0.9950763 1.0180373 1.0238891 0.9779369 0.9894442
1.01146 0.9969631 0.9946995 1.0064689 1.0060863 1.0349361 0.9783054 1.019204 0.98869646 0.99923354 0.9827411 1.0011308 0.9845971 0.9842255 1.0110749 1.001891 1.0037951 0.07194278 0 1.0110749 0.99885464 0.96769285 0.9746289 0.9738958 0.9816297 0.9898184 1.0176488 1.0211525 0.98125964 0.99169195
0.65852404 0.6269553 0.63834554 0.65564215 0.64991146 0.23234352 0.6570817 0.17666517 0.65852404 0.6575622 0.8094014 0.6475366 0.812645 0.8094014 0.11334976 0.10674893 0.10525158 1.0041765 1.0110749 0 0.069634914 0.8153093 0.624192 0.8114639 0.5283078 0.6465887 0.6684547 0.65660155 0.80529344 0.831194
0.65612173 0.6212099 0.6374092 0.6489606 0.64516914 0.23138992 0.65948707 0.1759062 0.6563616 0.6578025 0.81087404 0.6563616 0.81977093 0.8120542 0.113117166 0.10651837 0.10364238 0.99281836 0.99885464 0.069634914 0 0.80587894 0.62649405 0.8020814 0.53297436 0.64351636 0.6682109 0.65612173 0.8096957 0.8275679
0.83911127 0.80705124 0.80617183 0.83941746 0.81590265 0.8354467 0.82455945 0.83331734 0.8203678 0.81323624 0.6894714 0.83636117 0.6899731 0.6852207 0.81087404 0.82156307 0.8111689 0.96479154 0.96769285 0.8153093 0.80587894 0 0.79512084 0.04417583 0.83149695 0.82998335 0.8375822 0.82907665 0.6849714 0.6962725
0.6444604 0.537056 0.53644234 0.64233804 0.6421026 0.6367077 0.64516914 0.6294973 0.6573219 0.6582834 0.79888314 0.63928306 0.806758 0.78708094 0.6320479 0.62603307 0.6311194 0.9727974 0.9746289 0.624192 0.62649405 0.79512084 0 0.79598737 0.6334428 0.62649405 0.67261124 0.66359407 0.81294054 0.82485974
0.8375822 0.80705124 0.80324787 0.83788776 0.81590265 0.8345334 0.8212641 0.8278694 0.81828076 0.81353205 0.6884691 0.8357514 0.6899731 0.68223464 0.80910724 0.8179831 0.80500084 0.97170067 0.9738958 0.8114639 0.8020814 0.04417583 0.79598737 0 0.83331734 0.82276016 0.8345334 0.8305884 0.6837262 0.6937464
0.6582834 0.6339084 0.65852404 0.65110177 0.6530102 0.5440462 0.6558819 0.5376702 0.65253264 0.6723661 0.82606214 0.66456366 0.8468036 0.84033674 0.5344004 0.5360335 0.5339927 0.9831119 0.9816297 0.5283078 0.53297436 0.83149695 0.6334428 0.83331734 0 0.6444604 0.68621874 0.6662635 0.828171 0.85332674
0.60669917 0.63975227 0.64682555 0.3935244 0.3974214 0.6599691 0.65564215 0.65277135 0.65253264 0.6599691 0.8156059 0.6578025 0.8179831 0.8164965 0.65038735 0.65110177 0.6406915 0.9950763 0.9898184 0.6465887 0.64351636 0.82998335 0.62649405 0.82276016 0.6444604 0 0.67212105 0.6494359 0.7913773 0.8224607
0.68223464 0.67285645 0.6812419 0.67802465 0.6667499 0.6740837 0.44276246 0.67212105 0.4503804 0.4480142 0.83422923 0.6071484 0.8388052 0.8293787 0.67654437 0.67432946 0.6777777 1.0180373 1.0176488 0.6684547 0.6682109 0.8375822 0.67261124 0.8345334 0.68621874 0.67212105 0 0.3925111 0.831194 0.8474224
0.6662635 0.6592462 0.6713863 0.6672366 0.6619002 0.67040783 0.42634106 0.66335183 0.43112323 0.4371889 0.8424862 0.6011063 0.8351422 0.8236593 0.6599691 0.661417 0.66577744 1.0238891 1.0211525 0.65660155 0.65612173 0.82907665 0.66359407 0.8305884 0.6662635 0.6494359 0.3925111 0 0.8224607 0.8461853
0.8164965 0.8179831 0.83636117 0.8179831 0.800626 0.84095025 0.81857854 0.8224607 0.8188765 0.81442016 0.38629258 0.81442016 0.38345262 0.37962735 0.81323624 0.81768554 0.80529344 0.9779369 0.98125964 0.80529344 0.8096957 0.6849714 0.81294054 0.6837262 0.828171 0.7913773 0.831194 0.8224607 0 0.38813597
0.8437172 0.83331734 0.8480418 0.8474224 0.83028585 0.8483516 0.83331734 0.83240664 0.8400302 0.8351422 0.33878887 0.83788776 0.33973208 0.33237523 0.83483773 0.83849925 0.82907665 0.9894442 0.99169195 0.831194 0.8275679 0.6962725 0.82485974 0.6937464 0.85332674 0.8224607 0.8474224 0.8461853 0.38813597 0
