0 0.9976178188 1.0183035188 1.0296525188 1.0017855188 1.0021656188 1.0086558188 1.0241522188 1.0163640188 1.0078893188 1.0229788188 0.9991306888 1.0214171188 1.0272902188 1.0253274188 1.0014057188 1.0071236188 1.0082724188 1.0021656188 1.0105754188 1.0140432188 1.0055946188 1.0280769188 1.0075064188 1.0183035188 1.0036876188 1.0144295188 0.9995093588 1.0040686188 1.0117296188
0.9976178188 0 0.7963531188 0.8065336588 0.1258452888 0.1239570148 0.2827300988 0.2874057488 0.7425696188 0.7393496188 0.4382019588 0.4004581488 0.4441393788 0.7843162188 0.7905971588 0.3997767788 0.4035319188 0.7409578788 0.7404214188 0.4052450188 0.4066183488 0.3892941988 0.7696761188 0.3911433388 0.7877356588 0.3941791188 0.3982460188 0.7749923188 0.7547694688 0.4045593188
1.0183035188 0.7963531188 0 0.1121457428 0.7934696188 0.7926067188 0.7877356588 0.7834637188 0.7954868888 0.7908839188 0.7772420188 0.7828960188 0.7730293188 0.7891650188 0.7831798188 0.7666154188 0.7710714588 0.7983782188 0.7977990688 0.7880212888 0.7900240188 0.7741504188 0.8056555588 0.7775237188 0.7823286888 0.7761162688 0.7957755588 0.7646742188 0.7699549188 0.7874501188
1.0296525188 0.8065336588 0.1121457428 0 0.8012807188 0.8009899188 0.7926067188 0.7928942688 0.8044864188 0.7983782188 0.7789337188 0.8009899188 0.7789337188 0.7908839188 0.7851696188 0.7860240188 0.7923193188 0.8050707788 0.8033191188 0.7992477588 0.8006993188 0.7834637188 0.8162606188 0.7865941188 0.7877356588 0.7860240188 0.8065336588 0.7707921188 0.7710714588 0.8006993188
1.0017855188 0.1258452888 0.7934696188 0.8012807188 0 0.1114499038 0.2885792188 0.2952144688 0.7493228188 0.7517689188 0.4519471988 0.4042166988 0.4567079788 0.7877356588 0.7926067188 0.4086830188 0.4105806888 0.7501373188 0.7504089688 0.4119638188 0.4131761388 0.3984159488 0.7840319488 0.4002877388 0.7926067188 0.4004581488 0.4006285888 0.7786515188 0.7646742188 0.4135228888
1.0021656188 0.1239570148 0.7926067188 0.8009899188 0.1114499038 0 0.2860877688 0.2924057488 0.7433768188 0.7425696188 0.4481239188 0.4031897688 0.4532259888 0.7848850188 0.7888789188 0.4057597188 0.4102353188 0.7425696188 0.7431077188 0.4107534188 0.4123099988 0.4006285888 0.7794984788 0.4014813188 0.7837478188 0.4002877388 0.4006285888 0.7741504188 0.7608068188 0.4149114388
1.0086558188 0.2827300988 0.7877356588 0.7926067188 0.2885792188 0.2860877688 0 0.0861473988 0.7602559588 0.7558635688 0.4481239188 0.3958709788 0.4563406888 0.7897375188 0.7897375188 0.4019934488 0.4016519988 0.7580565188 0.7561373188 0.4047306988 0.4052450188 0.3965487988 0.7885929588 0.3975666688 0.7885929588 0.3951937788 0.4028477588 0.7682833188 0.7594304188 0.4117907788
1.0241522188 0.2874057488 0.7834637188 0.7928942688 0.2952144688 0.2924057488 0.0861473988 0 0.7655055688 0.7621857188 0.4473978788 0.3936723188 0.4554232588 0.7966420888 0.7963531188 0.4043879688 0.4025059188 0.7641204788 0.7632907188 0.4035319188 0.4047306988 0.3945171788 0.7908839188 0.3958709788 0.7931818588 0.3897980688 0.3987559188 0.7680051188 0.7572334188 0.4104079788
1.0163640188 0.7425696188 0.7954868888 0.8044864188 0.7493228188 0.7433768188 0.7602559588 0.7655055688 0 0.0825695788 0.7564112188 0.7542230188 0.7575077188 0.7727492688 0.7763975188 0.7561373188 0.7668931688 0.0951673528 0.0950539288 0.7630143188 0.7663378188 0.7495941688 0.8006993188 0.7525860188 0.7775237188 0.7377447688 0.7619097188 0.6285333888 0.6301520188 0.7635672188
1.0078893188 0.7393496188 0.7908839188 0.7983782188 0.7517689188 0.7425696188 0.7558635688 0.7621857188 0.0825695788 0 0.7550428188 0.7616338188 0.7547694688 0.7668931688 0.7674489188 0.7569592188 0.7705129588 0.0947137688 0.0948271388 0.7641204788 0.7680051188 0.7455335188 0.7940454688 0.7474257588 0.7761162688 0.7353439188 0.7624618188 0.6241575188 0.6200353188 0.7699549188
1.0229788188 0.4382019588 0.7772420188 0.7789337188 0.4519471988 0.4481239188 0.4481239188 0.4473978788 0.7564112188 0.7550428188 0 0.4383811888 0.0801196838 0.7707921188 0.7688401188 0.4412547588 0.4457668588 0.7591554188 0.7591554188 0.4504884388 0.4508528588 0.4351615188 0.7727492688 0.4376644988 0.7696761188 0.4355185888 0.4410748388 0.7490515188 0.7476964788 0.4457668588
0.9991306888 0.4004581488 0.7828960188 0.8009899188 0.4042166988 0.4031897688 0.3958709788 0.3936723188 0.7542230188 0.7616338188 0.4383811888 0 0.4434171788 0.7707921188 0.7738699488 0.3013114588 0.3058042788 0.7561373188 0.7564112188 0.3846077188 0.3857765988 0.3505220588 0.7846005788 0.3527575388 0.7809122188 0.3541981488 0.3598269988 0.7564112188 0.7528586188 0.3002669988
1.0214171188 0.4441393788 0.7730293188 0.7789337188 0.4567079788 0.4532259888 0.4563406888 0.4554232588 0.7575077188 0.7547694688 0.0801196838 0.4434171788 0 0.7738699488 0.7685616788 0.4483055388 0.4519471988 0.7594304188 0.7599806188 0.4550565988 0.4561571188 0.4392779988 0.7733094188 0.4419748688 0.7688401188 0.4396370188 0.4435976688 0.7525860188 0.7495941688 0.4473978788
1.0272902188 0.7843162188 0.7891650188 0.7908839188 0.7877356588 0.7848850188 0.7897375188 0.7966420888 0.7727492688 0.7668931688 0.7707921188 0.7707921188 0.7738699488 0 0.0652589938 0.7786515188 0.7897375188 0.7772420188 0.7761162688 0.7803464188 0.7814784888 0.7752731188 0.3001178988 0.7778054688 0.2849181788 0.7624618188 0.7811953188 0.7713508188 0.7809122188 0.7926067188
1.0253274188 0.7905971588 0.7831798188 0.7851696188 0.7926067188 0.7888789188 0.7897375188 0.7963531188 0.7763975188 0.7674489188 0.7688401188 0.7738699488 0.7685616788 0.0652589938 0 0.7780874188 0.7888789188 0.7778054688 0.7758351188 0.7780874188 0.7789337188 0.7800636488 0.2956589188 0.7826122888 0.2808388988 0.7671709888 0.7837478188 0.7724693588 0.7809122188 0.7960642788
1.0014057188 0.3997767788 0.7666154188 0.7860240188 0.4086830188 0.4057597188 0.4019934488 0.4043879688 0.7561373188 0.7569592188 0.4412547588 0.3013114588 0.4483055388 0.7786515188 0.7780874188 0 0.0530425038 0.7506807688 0.7514967188 0.3849415188 0.3854424588 0.3598269988 0.7769604188 0.3619285488 0.7831798188 0.3635491188 0.3695758488 0.7498656688 0.7474257588 0.1813808188
1.0071236188 0.4035319188 0.7710714588 0.7923193188 0.4105806888 0.4102353188 0.4016519988 0.4025059188 0.7668931688 0.7705129588 0.4457668588 0.3058042788 0.4519471988 0.7897375188 0.7888789188 0.0530425038 0 0.7657828588 0.7657828588 0.3849415188 0.3856095188 0.3625763188 0.7874501188 0.3646855888 0.7914577188 0.3668007788 0.3713769488 0.7583310788 0.7594304188 0.1850801188
1.0082724188 0.7409578788 0.7983782188 0.8050707788 0.7501373188 0.7425696188 0.7580565188 0.7641204788 0.0951673528 0.0947137688 0.7591554188 0.7561373188 0.7594304188 0.7772420188 0.7778054688 0.7506807688 0.7657828588 0 0.00970915480000001 0.7627380188 0.7663378188 0.7528586188 0.8015715688 0.7564112188 0.7857390888 0.7382793188 0.7646742188 0.6296891788 0.6264574188 0.7641204788
1.0021656188 0.7404214188 0.7977990688 0.8033191188 0.7504089688 0.7431077188 0.7561373188 0.7632907188 0.0950539288 0.0948271388 0.7591554188 0.7564112188 0.7599806188 0.7761162688 0.7758351188 0.7514967188 0.7657828588 0.00970915480000001 0 0.7621857188 0.7657828588 0.7544961788 0.8009899188 0.7580565188 0.7854543188 0.7388142588 0.7660602588 0.6296891788 0.6259968488 0.7638438188
1.0105754188 0.4052450188 0.7880212888 0.7992477588 0.4119638188 0.4107534188 0.4047306988 0.4035319188 0.7630143188 0.7641204788 0.4504884388 0.3846077188 0.4550565988 0.7803464188 0.7780874188 0.3849415188 0.3849415188 0.7627380188 0.7621857188 0 0.00647726180000001 0.3802820688 0.7811953188 0.3824417788 0.7854543188 0.3816103888 0.3859437188 0.7588805788 0.7531313188 0.3945171788
1.0140432188 0.4066183488 0.7900240188 0.8006993188 0.4131761388 0.4123099988 0.4052450188 0.4047306988 0.7663378188 0.7680051188 0.4508528588 0.3857765988 0.4561571188 0.7814784888 0.7789337188 0.3854424588 0.3856095188 0.7663378188 0.7657828588 0.00647726180000001 0 0.3811119988 0.7831798188 0.3831075688 0.7851696188 0.3821091188 0.3862781188 0.7599806188 0.7547694688 0.3948553988
1.0055946188 0.3892941988 0.7741504188 0.7834637188 0.3984159488 0.4006285888 0.3965487988 0.3945171788 0.7495941688 0.7455335188 0.4351615188 0.3505220588 0.4392779988 0.7752731188 0.7800636488 0.3598269988 0.3625763188 0.7528586188 0.7544961788 0.3802820688 0.3811119988 0 0.7888789188 0.00356034000000001 0.7766789188 0.2502340288 0.2241897488 0.7439154188 0.7401533188 0.3677790388
1.0280769188 0.7696761188 0.8056555588 0.8162606188 0.7840319488 0.7794984788 0.7885929588 0.7908839188 0.8006993188 0.7940454688 0.7727492688 0.7846005788 0.7733094188 0.3001178988 0.2956589188 0.7769604188 0.7874501188 0.8015715688 0.8009899188 0.7811953188 0.7831798188 0.7888789188 0 0.7911708188 0.3025069188 0.7685616788 0.7860240188 0.7682833188 0.7674489188 0.7897375188
1.0075064188 0.3911433388 0.7775237188 0.7865941188 0.4002877388 0.4014813188 0.3975666688 0.3958709788 0.7525860188 0.7474257588 0.4376644988 0.3527575388 0.4419748688 0.7778054688 0.7826122888 0.3619285488 0.3646855888 0.7564112188 0.7580565188 0.3824417788 0.3831075688 0.00356034000000001 0.7911708188 0 0.7786515188 0.2519096988 0.2260782488 0.7460736888 0.7417633788 0.3695758488
1.0183035188 0.7877356588 0.7823286888 0.7877356588 0.7926067188 0.7837478188 0.7885929588 0.7931818588 0.7775237188 0.7761162688 0.7696761188 0.7809122188 0.7688401188 0.2849181788 0.2808388988 0.7831798188 0.7914577188 0.7857390888 0.7854543188 0.7854543188 0.7851696188 0.7766789188 0.3025069188 0.7786515188 0 0.7688401188 0.7917448488 0.7713508188 0.7794984788 0.7911708188
1.0036876188 0.3941791188 0.7761162688 0.7860240188 0.4004581488 0.4002877388 0.3951937788 0.3897980688 0.7377447688 0.7353439188 0.4355185888 0.3541981488 0.4396370188 0.7624618188 0.7671709888 0.3635491188 0.3668007788 0.7382793188 0.7388142588 0.3816103888 0.3821091188 0.2502340288 0.7685616788 0.2519096988 0.7688401188 0 0.2573816188 0.7393496188 0.7361433188 0.3690853888
1.0144295188 0.3982460188 0.7957755588 0.8065336588 0.4006285888 0.4006285888 0.4028477588 0.3987559188 0.7619097188 0.7624618188 0.4410748388 0.3598269988 0.4435976688 0.7811953188 0.7837478188 0.3695758488 0.3713769488 0.7646742188 0.7660602588 0.3859437188 0.3862781188 0.2241897488 0.7860240188 0.2260782488 0.7917448488 0.2573816188 0 0.7553162788 0.7476964788 0.3741690388
0.9995093588 0.7749923188 0.7646742188 0.7707921188 0.7786515188 0.7741504188 0.7682833188 0.7680051188 0.6285333888 0.6241575188 0.7490515188 0.7564112188 0.7525860188 0.7713508188 0.7724693588 0.7498656688 0.7583310788 0.6296891788 0.6296891788 0.7588805788 0.7599806188 0.7439154188 0.7682833188 0.7460736888 0.7713508188 0.7393496188 0.7553162788 0 0.1872571888 0.7569592188
1.0040686188 0.7547694688 0.7699549188 0.7710714588 0.7646742188 0.7608068188 0.7594304188 0.7572334188 0.6301520188 0.6200353188 0.7476964788 0.7528586188 0.7495941688 0.7809122188 0.7809122188 0.7474257588 0.7594304188 0.6264574188 0.6259968488 0.7531313188 0.7547694688 0.7401533188 0.7674489188 0.7417633788 0.7794984788 0.7361433188 0.7476964788 0.1872571888 0 0.7608068188
1.0117296188 0.4045593188 0.7874501188 0.8006993188 0.4135228888 0.4149114388 0.4117907788 0.4104079788 0.7635672188 0.7699549188 0.4457668588 0.3002669988 0.4473978788 0.7926067188 0.7960642788 0.1813808188 0.1850801188 0.7641204788 0.7638438188 0.3945171788 0.3948553988 0.3677790388 0.7897375188 0.3695758488 0.7911708188 0.3690853888 0.3741690388 0.7569592188 0.7608068188 0
