0 0.99999183 1.0003713 0.9901927 0.7593259 0.77181464 0.98237044 1.0270288 1.0157093 0.99923354 0.99847597 0.98832285 1.0231062 0.9946995 0.990942 0.99169195 1.0045581 1.005704 0.9946995 0.9857129 0.9950763 1.0133885 0.99847597 1.0203725 0.776869 1.0103053 0.99357027 1.0199828 0.9958304 0.99923354
0.99999183 0 0.19940782 0.9658782 1.0072346 1.0030329 0.9575869 0.22272713 0.21469565 0.8336212 0.85488826 0.97206604 0.85363877 0.9504507 0.96334505 0.94867724 0.853951 0.8508351 0.96190137 0.9604604 0.96479154 0.8530148 0.8351422 0.85363877 0.96841997 0.8530148 0.8461853 0.8649598 0.8437172 0.83911127
1.0003713 0.19940782 0 0.9522284 1.0015109 0.9980974 0.94479036 0.22097966 0.21097685 0.8293787 0.8530148 0.95866317 0.8611671 0.9342909 0.9388226 0.9253087 0.85332674 0.8495923 0.94092345 0.93987226 0.9433819 0.8621135 0.84125715 0.86337715 0.9727974 0.8555138 0.84928197 0.8703658 0.8508351 0.84433347
0.9901927 0.9658782 0.9522284 0 0.98832285 0.99281836 0.17312981 0.97720057 0.9593815 0.96841997 0.9738958 0.71006244 0.99658537 0.17603265 0.1759062 0.17717159 0.9472615 0.9511613 0.18148997 0.18021728 0.1778051 1.0034139 0.9831119 1.0068517 0.98645765 0.96479154 0.9727974 0.99056727 0.94267863 0.95794547
0.7593259 1.0072346 1.0015109 0.98832285 0 0.13398623 0.9698763 1.0087683 0.99961257 0.9980974 1.0022715 0.9969631 1.0034139 0.9738958 0.990942 0.97609735 1.0223241 1.0176488 0.9853408 0.9790429 0.98125964 1.0095364 1.000751 1.0110749 0.65181684 0.99847597 0.9950763 1.0015109 0.9943229 1.0037951
0.77181464 1.0030329 0.9980974 0.99281836 0.13398623 0 0.9746289 1.000751 0.9898184 0.9943229 0.99923354 1.0022715 1.0118452 0.982 0.9943229 0.9853408 1.0076177 1.0080011 0.98907024 0.9853408 0.98832285 1.0130024 1.0011308 1.014548 0.6558819 1.0037951 1.0188149 1.0130024 1.000751 1.0053219
0.98237044 0.9575869 0.94479036 0.17312981 0.9698763 0.9746289 0 0.9572284 0.944438 0.96841997 0.97316337 0.70697606 0.99923354 0.12838785 0.12933783 0.12969437 0.9497408 0.9572284 0.13482362 0.13326922 0.13136052 1.0164845 0.97978103 1.018426 0.9768326 0.9611805 0.9775687 1.000751 0.9388226 0.9504507
1.0270288 0.22272713 0.22097966 0.97720057 1.0087683 1.000751 0.9572284 0 0.12071365 0.8424862 0.86337715 0.98237044 0.86909026 0.95508146 0.9572284 0.94867724 0.86337715 0.8643263 0.9651536 0.96226203 0.9658782 0.87677604 0.85520095 0.87613255 0.9898184 0.8446418 0.8542633 0.863061 0.8700467 0.8678169
1.0157093 0.21469565 0.21097685 0.9593815 0.99961257 0.9898184 0.944438 0.12071365 0 0.83210325 0.84402525 0.96298385 0.84928197 0.93568236 0.94373375 0.93324894 0.84525883 0.84310144 0.9493862 0.94867724 0.953297 0.8517685 0.84433347 0.8530148 0.97243166 0.8381934 0.84433347 0.8608519 0.84928197 0.84340924
0.99923354 0.8336212 0.8293787 0.96841997 0.9980974 0.9943229 0.96841997 0.8424862 0.83210325 0 0.101922065 0.9845971 0.7673504 0.97243166 0.9860852 0.9860852 0.5641423 0.56117785 0.990942 0.99169195 0.99131685 0.7723746 0.6874681 0.77041674 0.95294064 0.5554936 0.776869 0.7774327 0.5337889 0.53828484
0.99847597 0.85488826 0.8530148 0.9738958 1.0022715 0.99923354 0.97316337 0.86337715 0.84402525 0.101922065 0 0.99169195 0.78736657 0.97941184 0.98869646 0.990942 0.5735361 0.5711766 0.9901927 0.990942 0.9901927 0.7890828 0.6972853 0.7862246 0.9666036 0.5630822 0.79483217 0.79743385 0.54425275 0.5483964
0.98832285 0.97206604 0.95866317 0.71006244 0.9969631 1.0022715 0.70697606 0.98237044 0.96298385 0.9845971 0.99169195 0 0.9853408 0.7033912 0.7056938 0.70441365 0.9687838 0.9764649 0.7082605 0.7105781 0.7082605 0.9790429 0.9706055 0.98237044 0.9831119 0.97609735 0.9658782 0.9706055 0.95794547 0.9615409
1.0231062 0.85363877 0.8611671 0.99658537 1.0034139 1.0118452 0.99923354 0.86909026 0.84928197 0.7673504 0.78736657 0.9853408 0 0.99734104 0.99734104 1.0022715 0.80120784 0.7994636 1.0110749 1.0103053 1.0099207 0.09213437 0.7796917 0.09224745 0.9969631 0.79627645 0.37912986 0.21031472 0.7853693 0.7882242
0.9946995 0.9504507 0.9342909 0.17603265 0.9738958 0.982 0.12838785 0.95508146 0.93568236 0.97243166 0.97941184 0.7033912 0.99734104 0 0.07271364 0.09405905 0.953297 0.9568702 0.10066301 0.097126074 0.09689845 1.01069 0.9713354 1.0126165 0.99281836 0.9557965 0.9666036 0.9980974 0.9374253 0.94479036
0.990942 0.96334505 0.9388226 0.1759062 0.990942 0.9943229 0.12933783 0.9572284 0.94373375 0.9860852 0.98869646 0.7056938 0.99734104 0.07271364 0 0.094966486 0.9608204 0.9666036 0.10146398 0.09963443 0.09815121 1.0080011 0.97206604 1.0087683 1.0034139 0.9626228 0.97573 0.99056727 0.9388226 0.9493862
0.99169195 0.94867724 0.9253087 0.17717159 0.97609735 0.9853408 0.12969437 0.94867724 0.93324894 0.9860852 0.990942 0.70441365 1.0022715 0.09405905 0.094966486 0 0.9608204 0.9637064 0.075473234 0.072493315 0.07084291 1.0160967 0.9838541 1.0157093 0.98869646 0.9738958 0.98125964 1.0037951 0.9522284 0.96298385
1.0045581 0.853951 0.85332674 0.9472615 1.0223241 1.0076177 0.9497408 0.86337715 0.84525883 0.5641423 0.5735361 0.9687838 0.80120784 0.953297 0.9608204 0.9608204 0 0.06384169 0.9658782 0.9655158 0.9662408 0.8026644 0.68223464 0.8055861 0.9768326 0.48450688 0.79109013 0.7867954 0.56117785 0.5641423
1.005704 0.8508351 0.8495923 0.9511613 1.0176488 1.0080011 0.9572284 0.8643263 0.84310144 0.56117785 0.5711766 0.9764649 0.7994636 0.9568702 0.9666036 0.9637064 0.06384169 0 0.9687838 0.9691478 0.9691478 0.8020814 0.67876583 0.80441606 0.9860852 0.48450688 0.78879654 0.78793824 0.5586462 0.56393015
0.9946995 0.96190137 0.94092345 0.18148997 0.9853408 0.98907024 0.13482362 0.9651536 0.9493862 0.990942 0.9901927 0.7082605 1.0110749 0.10066301 0.10146398 0.075473234 0.9658782 0.9687838 0 0.03741808 0.036577623 1.0270288 1.0022715 1.0274222 0.9969631 0.96769285 0.98683035 1.0133885 0.94867724 0.9604604
0.9857129 0.9604604 0.93987226 0.18021728 0.9790429 0.9853408 0.13326922 0.96226203 0.94867724 0.99169195 0.990942 0.7105781 1.0103053 0.097126074 0.09963443 0.072493315 0.9655158 0.9691478 0.03741808 0 0.019860659 1.0254573 1.0011308 1.025065 0.9924427 0.97243166 0.9898184 1.0110749 0.94514287 0.9615409
0.9950763 0.96479154 0.9433819 0.1778051 0.98125964 0.98832285 0.13136052 0.9658782 0.953297 0.99131685 0.9901927 0.7082605 1.0099207 0.09689845 0.09815121 0.07084291 0.9662408 0.9691478 0.036577623 0.019860659 0 1.025065 1.0030329 1.0266355 0.99169195 0.97316337 0.98907024 1.0110749 0.9497408 0.96298385
1.0133885 0.8530148 0.8621135 1.0034139 1.0095364 1.0130024 1.0164845 0.87677604 0.8517685 0.7723746 0.7890828 0.9790429 0.09213437 1.01069 1.0080011 1.0160967 0.8026644 0.8020814 1.0270288 1.0254573 1.025065 0 0.7822413 0.018629467 1.0072346 0.80646485 0.38195345 0.21363124 0.7893693 0.79252714
0.99847597 0.8351422 0.84125715 0.9831119 1.000751 1.0011308 0.97978103 0.85520095 0.84433347 0.6874681 0.6972853 0.9706055 0.7796917 0.9713354 0.97206604 0.9838541 0.68223464 0.67876583 1.0022715 1.0011308 1.0030329 0.7822413 0 0.78195757 0.990942 0.67065233 0.7640195 0.7765873 0.6770375 0.67163116
1.0203725 0.85363877 0.86337715 1.0068517 1.0110749 1.014548 1.018426 0.87613255 0.8530148 0.77041674 0.7862246 0.98237044 0.09224745 1.0126165 1.0087683 1.0157093 0.8055861 0.80441606 1.0274222 1.025065 1.0266355 0.018629467 0.78195757 0 1.0064689 0.8088132 0.3816207 0.21429633 0.7847996 0.7913773
0.776869 0.96841997 0.9727974 0.98645765 0.65181684 0.6558819 0.9768326 0.9898184 0.97243166 0.95294064 0.9666036 0.9831119 0.9969631 0.99281836 1.0034139 0.98869646 0.9768326 0.9860852 0.9969631 0.9924427 0.99169195 1.0072346 0.990942 1.0064689 0 0.96406794 1.0095364 0.9894442 0.9666036 0.9842255
1.0103053 0.8530148 0.8555138 0.96479154 0.99847597 1.0037951 0.9611805 0.8446418 0.8381934 0.5554936 0.5630822 0.97609735 0.79627645 0.9557965 0.9626228 0.9738958 0.48450688 0.48450688 0.96769285 0.97243166 0.97316337 0.80646485 0.67065233 0.8088132 0.96406794 0 0.78565425 0.8014989 0.55801463 0.560333
0.99357027 0.8461853 0.84928197 0.9727974 0.9950763 1.0188149 0.9775687 0.8542633 0.84433347 0.776869 0.79483217 0.9658782 0.37912986 0.9666036 0.97573 0.98125964 0.79109013 0.78879654 0.98683035 0.9898184 0.98907024 0.38195345 0.7640195 0.3816207 1.0095364 0.78565425 0 0.3794615 0.7830931 0.7743376
1.0199828 0.8649598 0.8703658 0.99056727 1.0015109 1.0130024 1.000751 0.863061 0.8608519 0.7774327 0.79743385 0.9706055 0.21031472 0.9980974 0.99056727 1.0037951 0.7867954 0.78793824 1.0133885 1.0110749 1.0110749 0.21363124 0.7765873 0.21429633 0.9894442 0.8014989 0.3794615 0 0.79627645 0.7956984
0.9958304 0.8437172 0.8508351 0.94267863 0.9943229 1.000751 0.9388226 0.8700467 0.84928197 0.5337889 0.54425275 0.95794547 0.7853693 0.9374253 0.9388226 0.9522284 0.56117785 0.5586462 0.94867724 0.94514287 0.9497408 0.7893693 0.6770375 0.7847996 0.9666036 0.55801463 0.7830931 0.79627645 0 0.19836488
0.99923354 0.83911127 0.84433347 0.95794547 1.0037951 1.0053219 0.9504507 0.8678169 0.84340924 0.53828484 0.5483964 0.9615409 0.7882242 0.94479036 0.9493862 0.96298385 0.5641423 0.56393015 0.9604604 0.9615409 0.96298385 0.79252714 0.67163116 0.7913773 0.9842255 0.560333 0.7743376 0.7956984 0.19836488 0
