0 0.838327792 0.994174692 0.984097432 0.849707932 0.838327792 0.838938532 0.846923832 0.836803032 0.837412562 0.829829132 1.033515332 0.830735032 0.977453682 0.975618572 0.848469282 0.847232672 1.001348162 1.001348162 0.853436202 0.853747732 0.829225732 1.024462532 0.829225732 1.024071432 0.988186682 1.032328332 0.985953432 0.831642182 0.835585562
0.838327792 0 0.993423632 0.992298332 0.403720352 0.401671172 0.480350582 0.392686992 0.480729462 0.477515032 0.582232732 1.001348162 0.584405392 0.950742532 0.950742532 0.400308162 0.398777732 0.981137362 0.984468232 0.396741982 0.397589532 0.572318732 0.967597132 0.572318732 1.006296232 0.978188932 0.993423632 0.986325172 0.114589787 0.109605612
0.994174692 0.993423632 0 0.101219212 1.027991832 1.020560332 0.988186682 0.999075432 0.996055832 0.998319432 0.994174692 0.722845582 1.001348162 0.483006802 0.485481732 1.013587132 1.004389232 0.787295732 0.786440702 1.000589872 1.003247332 0.991549032 0.566560182 0.991549032 0.788437272 0.486244882 0.779071002 0.179922332 0.982986032 0.990800532
0.984097432 0.992298332 0.101219212 0 1.020171232 1.014358732 0.984097432 0.985581832 0.990800532 0.992673182 0.984468232 0.719711872 0.991174732 0.482246902 0.484909862 1.010508632 1.001727632 0.782463402 0.783313902 0.988932582 0.991174732 0.983356332 0.565710832 0.983356332 0.794459072 0.483577232 0.775132532 0.174108352 0.976719132 0.985953432
0.849707932 0.403720352 1.027991832 1.020171232 0 0.0802656170000001 0.479215082 0.325213132 0.478270132 0.476760682 0.601571632 1.008590932 0.603131532 0.986697132 0.992673182 0.249542112 0.248429152 1.007825232 1.010892732 0.327526772 0.327681272 0.588113392 0.977821232 0.588113392 1.024462532 1.006678232 1.007060332 1.014358732 0.407148152 0.405775162
0.838327792 0.401671172 1.020560332 1.014358732 0.0802656170000001 0 0.478081282 0.327835792 0.478081282 0.476760682 0.604024432 1.001348162 0.604247832 0.974519702 0.978556902 0.249124552 0.247317832 1.002867232 1.005532832 0.329073162 0.329227982 0.584840682 0.969776302 0.584840682 1.034307732 0.991174732 1.009740932 1.002487132 0.407663672 0.405260932
0.838938532 0.480350582 0.988186682 0.984097432 0.479215082 0.478081282 0 0.474126482 0.0591251120000001 0.0559994380000001 0.601126532 0.981876282 0.600459362 0.990052792 0.989305762 0.474126482 0.470379292 1.005914432 1.006678232 0.475442432 0.475630612 0.583535582 0.981506732 0.583535582 1.040277532 0.993799032 1.006678232 0.983356332 0.477892482 0.479971882
0.846923832 0.392686992 0.999075432 0.985581832 0.325213132 0.327835792 0.474126482 0 0.475630612 0.475066212 0.598461432 0.993423632 0.598683132 0.967959932 0.970868232 0.329537732 0.327681272 0.984097432 0.984468232 0.0507475380000001 0.0517094190000001 0.585058432 0.970140132 0.585058432 1.000968902 0.985210432 0.988932582 0.977821232 0.395387882 0.395387882
0.836803032 0.480729462 0.996055832 0.990800532 0.478270132 0.478081282 0.0591251120000001 0.475630612 0 0.0402474720000001 0.599570732 0.998697372 0.600237102 0.984468232 0.987441532 0.471875902 0.467767332 1.000589872 1.003247332 0.477892482 0.478081282 0.582015782 0.981506732 0.582015782 1.037883932 0.991549032 0.997941702 0.986325172 0.475818832 0.479782612
0.837412562 0.477515032 0.998319432 0.992673182 0.476760682 0.476760682 0.0559994380000001 0.475066212 0.0402474720000001 0 0.601349032 0.996432632 0.600014892 0.980030382 0.982615972 0.471314332 0.467581132 1.008590932 1.010508632 0.476195452 0.476760682 0.584405392 0.983726772 0.584405392 1.047908132 0.987813982 1.010124632 0.985210432 0.475254292 0.476007132
0.829829132 0.582232732 0.994174692 0.984468232 0.601571632 0.604024432 0.601126532 0.598461432 0.599570732 0.601349032 0 0.984839292 0.0243038370000001 0.994550532 0.984839292 0.600904072 0.597575132 0.993799032 0.997186732 0.600904072 0.600681692 0.237937532 1.006296232 0.237937532 0.999075432 0.996809572 0.997941702 0.994926602 0.585058432 0.585494072
1.033515332 1.001348162 0.722845582 0.719711872 1.008590932 1.001348162 0.981876282 0.993423632 0.998697372 0.996432632 0.984839292 0 0.981506732 0.715035762 0.719711872 1.015517532 1.010124632 0.785302192 0.787866262 0.988186682 0.989679182 0.966147872 0.706537832 0.966147872 0.808114332 0.707306332 0.796188502 0.711161132 0.979661732 0.994174692
0.830735032 0.584405392 1.001348162 0.991174732 0.603131532 0.604247832 0.600459362 0.598683132 0.600237102 0.600014892 0.0243038370000001 0.981506732 0 1.000589872 0.990426572 0.601126532 0.598018132 0.996055832 0.999075432 0.601126532 0.600681692 0.242199302 1.008208032 0.242199302 0.997941702 0.997564132 1.001348162 0.997564132 0.583318232 0.586584332
0.977453682 0.950742532 0.483006802 0.482246902 0.986697132 0.974519702 0.990052792 0.967959932 0.984468232 0.980030382 0.994550532 0.715035762 1.000589872 0 0.0237884800000001 0.985210432 0.983726772 0.767594782 0.767317032 0.973422372 0.974885792 0.982615972 0.561267282 0.982615972 0.784733562 0.412665432 0.777099132 0.480729462 0.949679432 0.971597162
0.975618572 0.950742532 0.485481732 0.484909862 0.992673182 0.978556902 0.989305762 0.970868232 0.987441532 0.982615972 0.984839292 0.719711872 0.990426572 0.0237884800000001 0 0.992298332 0.989305762 0.768984932 0.768706732 0.978188932 0.979661732 0.974519702 0.562111632 0.974519702 0.788437272 0.413704452 0.772611532 0.483577232 0.952162292 0.974885792
0.848469282 0.400308162 1.013587132 1.010508632 0.249542112 0.249124552 0.474126482 0.329537732 0.471875902 0.471314332 0.600904072 1.015517532 0.601126532 0.985210432 0.992298332 0 0.0157944160000001 1.014358732 1.017065632 0.332953152 0.332797552 0.586584332 0.988559532 0.586584332 1.043480932 1.009357432 1.017840832 1.012431232 0.400819002 0.401159762
0.847232672 0.398777732 1.004389232 1.001727632 0.248429152 0.247317832 0.470379292 0.327681272 0.467767332 0.467581132 0.597575132 1.010124632 0.598018132 0.983726772 0.989305762 0.0157944160000001 0 1.012046332 1.013972832 0.330467632 0.330312582 0.583970332 0.985953432 0.583970332 1.037485732 1.004389232 1.014358732 1.000589872 0.398607882 0.397928832
1.001348162 0.981137362 0.787295732 0.782463402 1.007825232 1.002867232 1.005914432 0.984097432 1.000589872 1.008590932 0.993799032 0.785302192 0.996055832 0.767594782 0.768984932 1.014358732 1.012046332 0 0.00990486600000007 0.987813982 0.989305762 0.994174692 0.770098932 0.994174692 0.410936932 0.791872432 0.214190272 0.779353132 0.966509932 0.973422372
1.001348162 0.984468232 0.786440702 0.783313902 1.010892732 1.005532832 1.006678232 0.984468232 1.003247332 1.010508632 0.997186732 0.787866262 0.999075432 0.767317032 0.768706732 1.017065632 1.013972832 0.00990486600000007 0 0.987441532 0.988932582 0.999075432 0.769541732 0.999075432 0.411455032 0.792733632 0.213393822 0.781048032 0.969776302 0.977086332
0.853436202 0.396741982 1.000589872 0.988932582 0.327526772 0.329073162 0.475442432 0.0507475380000001 0.477892482 0.476195452 0.600904072 0.988186682 0.601126532 0.973422372 0.978188932 0.332953152 0.330467632 0.987813982 0.987441532 0 0.00265746000000007 0.589426482 0.969776302 0.589426482 0.998697372 0.989679182 0.990800532 0.986697132 0.399457532 0.399457532
0.853747732 0.397589532 1.003247332 0.991174732 0.327681272 0.329227982 0.475630612 0.0517094190000001 0.478081282 0.476760682 0.600681692 0.989679182 0.600681692 0.974885792 0.979661732 0.332797552 0.330312582 0.989305762 0.988932582 0.00265746000000007 0 0.588769632 0.970868232 0.588769632 0.997941702 0.991923602 0.991923602 0.988186682 0.400137962 0.400308162
0.829225732 0.572318732 0.991549032 0.983356332 0.588113392 0.584840682 0.583535582 0.585058432 0.582015782 0.584405392 0.237937532 0.966147872 0.242199302 0.982615972 0.974519702 0.586584332 0.583970332 0.994174692 0.999075432 0.589426482 0.588769632 0 0.981137362 0.00135633200000007 0.999075432 0.984468232 0.993799032 0.989679182 0.568687882 0.577259392
1.024462532 0.967597132 0.566560182 0.565710832 0.977821232 0.969776302 0.981506732 0.970140132 0.981506732 0.983726772 1.006296232 0.706537832 1.008208032 0.561267282 0.562111632 0.988559532 0.985953432 0.770098932 0.769541732 0.969776302 0.970868232 0.981137362 0 0.981137362 0.787580932 0.562322882 0.769263292 0.560213172 0.950742532 0.961816732
0.829225732 0.572318732 0.991549032 0.983356332 0.588113392 0.584840682 0.583535582 0.585058432 0.582015782 0.584405392 0.237937532 0.966147872 0.242199302 0.982615972 0.974519702 0.586584332 0.583970332 0.994174692 0.999075432 0.589426482 0.588769632 0.00135633200000007 0.981137362 0 0.999075432 0.984468232 0.993799032 0.989679182 0.568687882 0.577259392
1.024071432 1.006296232 0.788437272 0.794459072 1.024462532 1.034307732 1.040277532 1.000968902 1.037883932 1.047908132 0.999075432 0.808114332 0.997941702 0.784733562 0.788437272 1.043480932 1.037485732 0.410936932 0.411455032 0.998697372 0.997941702 0.999075432 0.787580932 0.999075432 0 0.798500682 0.410591692 0.787580932 0.981137362 0.994926602
0.988186682 0.978188932 0.486244882 0.483577232 1.006678232 0.991174732 0.993799032 0.985210432 0.991549032 0.987813982 0.996809572 0.707306332 0.997564132 0.412665432 0.413704452 1.009357432 1.004389232 0.791872432 0.792733632 0.989679182 0.991923602 0.984468232 0.562322882 0.984468232 0.798500682 0 0.785302192 0.477703752 0.969776302 0.982615972
1.032328332 0.993423632 0.779071002 0.775132532 1.007060332 1.009740932 1.006678232 0.988932582 0.997941702 1.010124632 0.997941702 0.796188502 1.001348162 0.777099132 0.772611532 1.017840832 1.014358732 0.214190272 0.213393822 0.990800532 0.991923602 0.993799032 0.769263292 0.993799032 0.410591692 0.785302192 0 0.774571562 0.984468232 0.987441532
0.985953432 0.986325172 0.179922332 0.174108352 1.014358732 1.002487132 0.983356332 0.977821232 0.986325172 0.985210432 0.994926602 0.711161132 0.997564132 0.480729462 0.483577232 1.012431232 1.000589872 0.779353132 0.781048032 0.986697132 0.988186682 0.989679182 0.560213172 0.989679182 0.787580932 0.477703752 0.774571562 0 0.980399232 0.991174732
0.831642182 0.114589787 0.982986032 0.976719132 0.407148152 0.407663672 0.477892482 0.395387882 0.475818832 0.475254292 0.585058432 0.979661732 0.583318232 0.949679432 0.952162292 0.400819002 0.398607882 0.966509932 0.969776302 0.399457532 0.400137962 0.568687882 0.950742532 0.568687882 0.981137362 0.969776302 0.984468232 0.980399232 0 0.119022152
0.835585562 0.109605612 0.990800532 0.985953432 0.405775162 0.405260932 0.479971882 0.395387882 0.479782612 0.476007132 0.585494072 0.994174692 0.586584332 0.971597162 0.974885792 0.401159762 0.397928832 0.973422372 0.977086332 0.399457532 0.400308162 0.577259392 0.961816732 0.577259392 0.994926602 0.982615972 0.987441532 0.991174732 0.119022152 0
