0 0.96010065 0.9691478 0.96841997 0.97867405 0.9709704 0.95080596 0.9687838 0.9746289 0.9738958 0.96226203 0.9335961 0.9402225 0.9853408 0.9518725 0.95258445 0.9831119 0.959741 0.9713354 0.98645765 0.98794943 0.9287507 0.96841997 0.928061 0.9611805 0.95508146 0.93777436 0.9680563 0.9335961 0.9500957
0.96010065 0 0.28543305 0.7916646 0.78708094 0.77771467 0.6947558 0.7149754 0.9842255 0.7885103 0.77940893 0.90900373 0.48948392 0.97352946 0.71032023 0.7087749 0.9790429 0.7157541 0.71549445 0.98496884 0.9943229 0.4769138 0.7896558 0.47748062 0.79252714 0.47427428 0.7110941 0.7149754 0.48679987 0.70466954
0.9691478 0.28543305 0 0.7847996 0.7893693 0.7859394 0.6960195 0.7129029 1.0053219 0.7751804 0.7695792 0.90900373 0.48929188 1.0022715 0.70441365 0.70364666 1.0030329 0.71342045 0.714716 1.001891 1.0149349 0.48013148 0.7737762 0.47956264 0.7968549 0.47540435 0.7149754 0.7113522 0.4975942 0.70543754
0.96841997 0.7916646 0.7847996 0 0.28836504 0.28047484 0.7701374 0.77940893 1.01069 0.7734957 0.7726547 0.9106857 0.7791263 1.0041765 0.7751804 0.7774327 0.99847597 0.7945437 0.79223955 1.0045581 1.0041765 0.77884376 0.7936788 0.776869 0.7734957 0.7723746 0.7757428 0.79743385 0.7876524 0.78793824
0.97867405 0.78708094 0.7893693 0.28836504 0 0.28324157 0.77405685 0.7830931 1.01146 0.76707226 0.7656831 0.908332 0.7743376 1.0274222 0.78708094 0.791952 1.0188149 0.7928149 0.79339075 1.0199828 1.0227151 0.7701374 0.8055861 0.76985824 0.77771467 0.7701374 0.76540554 0.7847996 0.78708094 0.78879654
0.9709704 0.77771467 0.7859394 0.28047484 0.28324157 0 0.76042765 0.790803 1.0103053 0.78394586 0.77856135 0.9160936 0.7737762 1.0227151 0.78195757 0.7805406 1.0172604 0.7723746 0.76846397 1.014548 1.0168724 0.7706961 0.79888314 0.7690214 0.76540554 0.77209455 0.77153486 0.7876524 0.7822413 0.78565425
0.95080596 0.6947558 0.6960195 0.7701374 0.77405685 0.76042765 0 0.28265825 0.9695119 0.7693002 0.7609791 0.90264636 0.6847222 0.97573 0.571605 0.56818426 0.97170067 0.49410763 0.49817687 0.96769285 0.9727974 0.6684547 0.75712734 0.6689425 0.7743376 0.6777777 0.46029004 0.4881407 0.6827315 0.56754464
0.9687838 0.7149754 0.7129029 0.77940893 0.7830931 0.790803 0.28265825 0 0.9764649 0.7695792 0.7587757 0.903313 0.71316165 0.97206604 0.58631986 0.5904835 0.9691478 0.50953186 0.50775856 0.9808897 0.98237044 0.70109564 0.7609791 0.6993151 0.78708094 0.702115 0.46510842 0.50540066 0.71601385 0.5810934
0.9746289 0.9842255 1.0053219 1.01069 1.01146 1.0103053 0.9695119 0.9764649 0 0.98794943 0.97243166 0.9898184 0.9801504 0.26365894 0.98869646 0.9894442 0.26323268 0.9980974 1.0076177 0.26679227 0.26707777 0.9698763 0.9969631 0.9669665 0.9872032 0.9687838 0.9753628 1.0076177 0.99169195 0.97941184
0.9738958 0.7885103 0.7751804 0.7734957 0.76707226 0.78394586 0.7693002 0.7695792 0.98794943 0 0.26365894 0.9006499 0.77856135 1.0037951 0.7799746 0.77884376 0.98237044 0.78110707 0.77884376 0.99056727 0.9931942 0.7757428 0.8094014 0.7765873 0.5800091 0.77940893 0.761531 0.79310274 0.77489936 0.77715075
0.96226203 0.77940893 0.7695792 0.7726547 0.7656831 0.77856135 0.7609791 0.7587757 0.97243166 0.26365894 0 0.895022 0.7734957 0.98348296 0.7695792 0.7712552 0.97426224 0.76346576 0.76429653 0.97941184 0.98348296 0.7673504 0.7862246 0.7687426 0.5850098 0.77715075 0.7598766 0.77321523 0.7676286 0.76651627
0.9335961 0.90900373 0.90900373 0.9106857 0.908332 0.9160936 0.90264636 0.903313 0.9898184 0.9006499 0.895022 0 0.8874743 0.97720057 0.9063204 0.9127091 0.97720057 0.91473794 0.92085767 0.9695119 0.97426224 0.89667284 0.90565103 0.8953518 0.9086678 0.89601207 0.8996537 0.9013148 0.9013148 0.9123715
0.9402225 0.48948392 0.48929188 0.7791263 0.7743376 0.7737762 0.6847222 0.71316165 0.9801504 0.77856135 0.7734957 0.8874743 0 0.9969631 0.695261 0.6874681 0.97499573 0.69779223 0.69753873 0.98051995 0.990942 0.20123646 0.7853693 0.2000604 0.80120784 0.47089422 0.69855326 0.7067194 0.34907058 0.695261
0.9853408 0.97352946 1.0022715 1.0041765 1.0274222 1.0227151 0.97573 0.97206604 0.26365894 1.0037951 0.98348296 0.97720057 0.9969631 0 0.99734104 0.9958304 0.12933783 1.0003713 1.0068517 0.13362764 0.13446462 0.98348296 1.0083846 0.9764649 1.0091523 0.9872032 0.9680563 1.0041765 1.0064689 0.98832285
0.9518725 0.71032023 0.70441365 0.7751804 0.78708094 0.78195757 0.571605 0.58631986 0.98869646 0.7799746 0.7695792 0.9063204 0.695261 0.99734104 0 0.06177572 1.0034139 0.58239657 0.58348435 1.0022715 1.0103053 0.6832287 0.790803 0.6832287 0.79223955 0.6993151 0.57267725 0.58675706 0.7085177 0.29976138
0.95258445 0.7087749 0.70364666 0.7774327 0.791952 0.7805406 0.56818426 0.5904835 0.9894442 0.77884376 0.7712552 0.9127091 0.6874681 0.9958304 0.06177572 0 1.0015109 0.58850837 0.58960503 1.0011308 1.0103053 0.6802505 0.79339075 0.68000287 0.7896558 0.6947558 0.57871 0.59092313 0.7051815 0.2993141
0.9831119 0.9790429 1.0030329 0.99847597 1.0188149 1.0172604 0.97170067 0.9691478 0.26323268 0.98237044 0.97426224 0.97720057 0.97499573 0.12933783 1.0034139 1.0015109 0 0.9950763 1.0011308 0.04992543 0.051102072 0.96406794 1.0049399 0.9611805 0.9977191 0.9698763 0.95508146 0.99847597 0.99357027 0.9842255
0.959741 0.7157541 0.71342045 0.7945437 0.7928149 0.7723746 0.49410763 0.50953186 0.9980974 0.78110707 0.76346576 0.91473794 0.69779223 1.0003713 0.58239657 0.58850837 0.9950763 0 0.03353885 1.0053219 1.0083846 0.69855326 0.7882242 0.69779223 0.79540956 0.70288044 0.5010971 0.33863178 0.6982995 0.58938557
0.9713354 0.71549445 0.714716 0.79223955 0.79339075 0.76846397 0.49817687 0.50775856 1.0076177 0.77884376 0.76429653 0.92085767 0.69753873 1.0068517 0.58348435 0.58960503 1.0011308 0.03353885 0 1.0130024 1.014548 0.69576657 0.7822413 0.6947558 0.7945437 0.70160514 0.4975942 0.34004673 0.695261 0.58807015
0.98645765 0.98496884 1.001891 1.0045581 1.0199828 1.014548 0.96769285 0.9808897 0.26679227 0.99056727 0.97941184 0.9695119 0.98051995 0.13362764 1.0022715 1.0011308 0.04992543 1.0053219 1.0130024 0 0.020477012 0.97170067 0.99847597 0.9687838 0.9931942 0.9783054 0.9611805 1.002652 0.99056727 0.98757625
0.98794943 0.9943229 1.0149349 1.0041765 1.0227151 1.0168724 0.9727974 0.98237044 0.26707777 0.9931942 0.98348296 0.97426224 0.990942 0.13446462 1.0103053 1.0103053 0.051102072 1.0083846 1.014548 0.020477012 0 0.9775687 1.0080011 0.97499573 0.99734104 0.9831119 0.9662408 1.0091523 0.9950763 0.9924427
0.9287507 0.4769138 0.48013148 0.77884376 0.7701374 0.7706961 0.6684547 0.70109564 0.9698763 0.7757428 0.7673504 0.89667284 0.20123646 0.98348296 0.6832287 0.6802505 0.96406794 0.69855326 0.69576657 0.97170067 0.9775687 0 0.77715075 0.0100672655 0.79223955 0.45973605 0.6932422 0.70160514 0.34004673 0.6899731
0.96841997 0.7896558 0.7737762 0.7936788 0.8055861 0.79888314 0.75712734 0.7609791 0.9969631 0.8094014 0.7862246 0.90565103 0.7853693 1.0083846 0.790803 0.79339075 1.0049399 0.7882242 0.7822413 0.99847597 1.0080011 0.77715075 0 0.77940893 0.7945437 0.7726547 0.7737762 0.79109013 0.77489936 0.79483217
0.928061 0.47748062 0.47956264 0.776869 0.76985824 0.7690214 0.6689425 0.6993151 0.9669665 0.7765873 0.7687426 0.8953518 0.2000604 0.9764649 0.6832287 0.68000287 0.9611805 0.69779223 0.6947558 0.9687838 0.97499573 0.0100672655 0.77940893 0 0.79512084 0.45899805 0.6924865 0.70007765 0.3422531 0.6892207
0.9611805 0.79252714 0.7968549 0.7734957 0.77771467 0.76540554 0.7743376 0.78708094 0.9872032 0.5800091 0.5850098 0.9086678 0.80120784 1.0091523 0.79223955 0.7896558 0.9977191 0.79540956 0.7945437 0.9931942 0.99734104 0.79223955 0.7945437 0.79512084 0 0.79598737 0.7845149 0.7905161 0.7994636 0.7830931
0.95508146 0.47427428 0.47540435 0.7723746 0.7701374 0.77209455 0.6777777 0.702115 0.9687838 0.77940893 0.77715075 0.89601207 0.47089422 0.9872032 0.6993151 0.6947558 0.9698763 0.70288044 0.70160514 0.9783054 0.9831119 0.45973605 0.7726547 0.45899805 0.79598737 0 0.7062064 0.69173163 0.46958384 0.69906104
0.93777436 0.7110941 0.7149754 0.7757428 0.76540554 0.77153486 0.46029004 0.46510842 0.9753628 0.761531 0.7598766 0.8996537 0.69855326 0.9680563 0.57267725 0.57871 0.95508146 0.5010971 0.4975942 0.9611805 0.9662408 0.6932422 0.7737762 0.6924865 0.7845149 0.7062064 0 0.49507448 0.6967787 0.5724627
0.9680563 0.7149754 0.7113522 0.79743385 0.7847996 0.7876524 0.4881407 0.50540066 1.0076177 0.79310274 0.77321523 0.9013148 0.7067194 1.0041765 0.58675706 0.59092313 0.99847597 0.33863178 0.34004673 1.002652 1.0091523 0.70160514 0.79109013 0.70007765 0.7905161 0.69173163 0.49507448 0 0.69753873 0.59180313
0.9335961 0.48679987 0.4975942 0.7876524 0.78708094 0.7822413 0.6827315 0.71601385 0.99169195 0.77489936 0.7676286 0.9013148 0.34907058 1.0064689 0.7085177 0.7051815 0.99357027 0.6982995 0.695261 0.99056727 0.9950763 0.34004673 0.77489936 0.3422531 0.7994636 0.46958384 0.6967787 0.69753873 0 0.70774645
0.9500957 0.70466954 0.70543754 0.78793824 0.78879654 0.78565425 0.56754464 0.5810934 0.97941184 0.77715075 0.76651627 0.9123715 0.695261 0.98832285 0.29976138 0.2993141 0.9842255 0.58938557 0.58807015 0.98757625 0.9924427 0.6899731 0.79483217 0.6892207 0.7830931 0.69906104 0.5724627 0.59180313 0.70774645 0
