0 0.9790429 0.9980974 0.66918653 0.67555916 0.97978103 0.98051995 0.97978103 0.67065233 0.6643211 0.67555916 1.0274222 0.68000287 0.6733471 1.0015109 1.005704 1.0011308 0.99169195 0.9860852 0.9898184 0.98645765 0.9958304 0.68397504 0.99658537 0.97941184 0.68198633 1.0137748 0.98757625 0.9958304 0.99545324
0.9790429 0 0.97941184 0.9768326 0.98237044 1.002652 0.9920673 0.9860852 1.0064689 1.0080011 0.99999183 1.0231062 1.0060863 0.99658537 0.9709704 0.97720057 0.9764649 0.18634602 0.1845533 0.9950763 0.9901927 0.97978103 0.9727974 0.9775687 0.35739866 0.9946995 1.0072346 0.25419644 0.98051995 0.98869646
0.9980974 0.97941184 0 0.9924427 0.99545324 0.6748211 0.67629796 0.6672366 0.98757625 0.99734104 1.0126165 0.6640787 1.0022715 0.99847597 0.44042012 0.44402677 0.44042012 0.9687838 0.9695119 0.45257127 0.45092753 0.1844254 0.99961257 0.18506506 0.9958304 0.9801504 0.4571562 0.97867405 0.4313009 0.43952116
0.66918653 0.9768326 0.9924427 0 0.13386668 0.9980974 1.0030329 1.0172604 0.5975486 0.593787 0.17061472 1.030972 0.169235 0.16998726 0.9894442 0.9931942 0.9950763 0.98683035 0.98237044 0.98832285 0.9842255 1.0099207 0.59888077 1.0064689 0.98907024 0.6040094 1.005704 0.9894442 1.001891 1.0011308
0.67555916 0.98237044 0.99545324 0.13386668 0 0.99357027 0.99923354 1.0076177 0.6006607 0.5966618 0.16673292 1.0234975 0.1661087 0.16698276 0.9894442 0.98794943 0.9872032 0.99923354 0.9950763 0.9753628 0.9753628 1.0049399 0.6015522 1.002652 0.9816297 0.5984365 0.99734104 0.99056727 0.99847597 0.9946995
0.97978103 1.002652 0.6748211 0.9980974 0.99357027 0 0.11393157 0.113815166 1.0003713 1.0087683 1.0076177 0.675067 1.005704 0.9980974 0.6785187 0.6807461 0.68049824 1.002652 0.99658537 0.6740837 0.6733471 0.67285645 0.99131685 0.67163116 0.99169195 0.97609735 0.67654437 0.9842255 0.67432946 0.67285645
0.98051995 0.9920673 0.67629796 1.0030329 0.99923354 0.11393157 0 0.078354016 0.9946995 1.0030329 1.0103053 0.6731017 1.0110749 1.0041765 0.6748211 0.67629796 0.6772841 0.9939465 0.99131685 0.67212105 0.6723661 0.6745752 1.0080011 0.6733471 0.9894442 0.98757625 0.6745752 0.97867405 0.6699191 0.6684547
0.97978103 0.9860852 0.6672366 1.0172604 1.0076177 0.113815166 0.078354016 0 1.0045581 1.0068517 1.0234975 0.67383814 1.0242808 1.0118452 0.67383814 0.67555916 0.6748211 0.9931942 0.990942 0.67065233 0.6696748 0.6684547 0.9931942 0.6672366 0.98869646 0.9920673 0.67629796 0.97316337 0.6682109 0.66577744
0.67065233 1.0064689 0.98757625 0.5975486 0.6006607 1.0003713 0.9946995 1.0045581 0 0.047684237 0.6049049 1.0080011 0.6078228 0.6031149 0.99847597 1.005704 1.0037951 1.0041765 0.99885464 1.0015109 0.99658537 0.9931942 0.5146783 0.99169195 0.99056727 0.27656063 1.0164845 0.990942 1.0091523 1.0118452
0.6643211 1.0080011 0.99734104 0.593787 0.5966618 1.0087683 1.0030329 1.0068517 0.047684237 0 0.6019983 1.0141612 0.6060258 0.6002153 0.9962078 1.0034139 1.000751 1.001891 0.9977191 1.0064689 0.99923354 0.99923354 0.5136859 0.99847597 0.9894442 0.27425072 1.0176488 0.99357027 1.0091523 1.0091523
0.67555916 0.99999183 1.0126165 0.17061472 0.16673292 1.0076177 1.0103053 1.0234975 0.6049049 0.6019983 0 1.0377234 0.04523725 0.0444941 1.000751 0.99961257 0.99885464 1.0110749 1.0053219 0.99658537 0.9943229 1.0160967 0.60669917 1.0126165 1.0053219 0.6112037 0.99999183 1.0034139 1.0076177 1.0034139
1.0274222 1.0231062 0.6640787 1.030972 1.0234975 0.675067 0.6731017 0.67383814 1.0080011 1.0141612 1.0377234 0 1.0361294 1.0286036 0.6667499 0.66918653 0.66918653 1.0160967 1.0118452 0.65516293 0.65277135 0.6619002 0.9980974 0.66383636 0.98757625 1.0060863 0.6542054 1.0099207 0.6582834 0.66480625
0.68000287 1.0060863 1.0022715 0.169235 0.1661087 1.005704 1.0110749 1.0242808 0.6078228 0.6060258 0.04523725 1.0361294 0 0.034375902 0.99923354 0.9958304 0.99923354 1.0110749 1.0076177 0.99658537 0.9946995 1.0091523 0.603562 1.0053219 1.0068517 0.6121078 1.0068517 1.0118452 1.0072346 0.99999183
0.6733471 0.99658537 0.99847597 0.16998726 0.16698276 0.9980974 1.0041765 1.0118452 0.6031149 0.6002153 0.0444941 1.0286036 0.034375902 0 0.99056727 0.98907024 0.990942 1.0080011 1.0011308 0.9898184 0.98907024 1.0064689 0.60244477 1.002652 1.0049399 0.6046809 0.99734104 1.0015109 1.0011308 0.99961257
1.0015109 0.9709704 0.44042012 0.9894442 0.9894442 0.6785187 0.6748211 0.67383814 0.99847597 0.9962078 1.000751 0.6667499 0.99923354 0.99056727 0 0.031867538 0.031658888 0.9658782 0.9662408 0.46455088 0.4630661 0.44765082 0.99169195 0.4480142 0.97426224 0.98051995 0.47785875 0.97024083 0.26181358 0.26707777
1.005704 0.97720057 0.44402677 0.9931942 0.98794943 0.6807461 0.67629796 0.67555916 1.005704 1.0034139 0.99961257 0.66918653 0.9958304 0.98907024 0.031867538 0 0.030095844 0.97170067 0.9746289 0.46920985 0.46790242 0.45129248 1.000751 0.45147505 0.98348296 0.9816297 0.47766966 0.97573 0.26508155 0.267792
1.0011308 0.9764649 0.44042012 0.9950763 0.9872032 0.68049824 0.6772841 0.6748211 1.0037951 1.000751 0.99885464 0.66918653 0.99923354 0.990942 0.031658888 0.030095844 0 0.97170067 0.97316337 0.4675293 0.4660386 0.44874147 0.99999183 0.44910538 0.97609735 0.9853408 0.47842628 0.97243166 0.26365894 0.26822084
0.99169195 0.18634602 0.9687838 0.98683035 0.99923354 1.002652 0.9939465 0.9931942 1.0041765 1.001891 1.0110749 1.0160967 1.0110749 1.0080011 0.9658782 0.97170067 0.97170067 0 0.025322722 0.97941184 0.9764649 0.97426224 0.9746289 0.97426224 0.35178307 0.97941184 1.019204 0.2459615 0.98348296 0.9977191
0.9860852 0.1845533 0.9695119 0.98237044 0.9950763 0.99658537 0.99131685 0.990942 0.99885464 0.9977191 1.0053219 1.0118452 1.0076177 1.0011308 0.9662408 0.9746289 0.97316337 0.025322722 0 0.9768326 0.9753628 0.9687838 0.9768326 0.9691478 0.34970793 0.97720057 1.0176488 0.24374379 0.9827411 0.99131685
0.9898184 0.9950763 0.45257127 0.98832285 0.9753628 0.6740837 0.67212105 0.67065233 1.0015109 1.0064689 0.99658537 0.65516293 0.99658537 0.9898184 0.46455088 0.46920985 0.4675293 0.97941184 0.9768326 0 0.013521152 0.466411 1.0227151 0.4675293 0.9943229 0.9801504 0.28821814 0.9931942 0.45678836 0.46696994
0.98645765 0.9901927 0.45092753 0.9842255 0.9753628 0.6733471 0.6723661 0.6696748 0.99658537 0.99923354 0.9943229 0.65277135 0.9946995 0.98907024 0.4630661 0.46790242 0.4660386 0.9764649 0.9753628 0.013521152 0 0.4656664 1.018426 0.46678358 0.9920673 0.9764649 0.28675103 0.99169195 0.45513538 0.46380812
0.9958304 0.97978103 0.1844254 1.0099207 1.0049399 0.67285645 0.6745752 0.6684547 0.9931942 0.99923354 1.0160967 0.6619002 1.0091523 1.0064689 0.44765082 0.45129248 0.44874147 0.97426224 0.9687838 0.466411 0.4656664 0 1.0083846 0.00713382 0.98794943 0.97941184 0.46958384 0.9842255 0.43952116 0.44348466
0.68397504 0.9727974 0.99961257 0.59888077 0.6015522 0.99131685 1.0080011 0.9931942 0.5146783 0.5136859 0.60669917 0.9980974 0.603562 0.60244477 0.99169195 1.000751 0.99999183 0.9746289 0.9768326 1.0227151 1.018426 1.0083846 0 1.0060863 0.9590223 0.51806253 1.025065 0.9658782 0.99923354 1.0015109
0.99658537 0.9775687 0.18506506 1.0064689 1.002652 0.67163116 0.6733471 0.6672366 0.99169195 0.99847597 1.0126165 0.66383636 1.0053219 1.002652 0.4480142 0.45147505 0.44910538 0.97426224 0.9691478 0.4675293 0.46678358 0.00713382 1.0060863 0 0.9857129 0.97499573 0.4714565 0.9842255 0.44078 0.44420755
0.97941184 0.35739866 0.9958304 0.98907024 0.9816297 0.99169195 0.9894442 0.98869646 0.99056727 0.9894442 1.0053219 0.98757625 1.0068517 1.0049399 0.97426224 0.98348296 0.97609735 0.35178307 0.34970793 0.9943229 0.9920673 0.98794943 0.9590223 0.9857129 0 0.97573 1.0118452 0.354345 0.9658782 0.99169195
0.68198633 0.9946995 0.9801504 0.6040094 0.5984365 0.97609735 0.98757625 0.9920673 0.27656063 0.27425072 0.6112037 1.0060863 0.6121078 0.6046809 0.98051995 0.9816297 0.9853408 0.97941184 0.97720057 0.9801504 0.9764649 0.97941184 0.51806253 0.97499573 0.97573 0 0.9943229 0.9842255 0.9950763 0.9958304
1.0137748 1.0072346 0.4571562 1.005704 0.99734104 0.67654437 0.6745752 0.67629796 1.0164845 1.0176488 0.99999183 0.6542054 1.0068517 0.99734104 0.47785875 0.47766966 0.47842628 1.019204 1.0176488 0.28821814 0.28675103 0.46958384 1.025065 0.4714565 1.0118452 0.9943229 0 1.0095364 0.4621396 0.47389796
0.98757625 0.25419644 0.97867405 0.9894442 0.99056727 0.9842255 0.97867405 0.97316337 0.990942 0.99357027 1.0034139 1.0099207 1.0118452 1.0015109 0.97024083 0.97573 0.97243166 0.2459615 0.24374379 0.9931942 0.99169195 0.9842255 0.9658782 0.9842255 0.354345 0.9842255 1.0095364 0 0.9831119 0.98496884
0.9958304 0.98051995 0.4313009 1.001891 0.99847597 0.67432946 0.6699191 0.6682109 1.0091523 1.0091523 1.0076177 0.6582834 1.0072346 1.0011308 0.26181358 0.26508155 0.26365894 0.98348296 0.9827411 0.45678836 0.45513538 0.43952116 0.99923354 0.44078 0.9658782 0.9950763 0.4621396 0.9831119 0 0.22664008
0.99545324 0.98869646 0.43952116 1.0011308 0.9946995 0.67285645 0.6684547 0.66577744 1.0118452 1.0091523 1.0034139 0.66480625 0.99999183 0.99961257 0.26707777 0.267792 0.26822084 0.9977191 0.99131685 0.46696994 0.46380812 0.44348466 1.0015109 0.44420755 0.99169195 0.9958304 0.47389796 0.98496884 0.22664008 0
