0 0.9943229 1.0072346 1.0022715 0.99357027 1.0126165 0.9167723 0.9043141 0.99734104 1.0211525 1.018426 0.8848668 0.8871479 0.88259256 1.0126165 0.9029796 0.8910746 0.99999183 0.99357027 1.0095364 1.0099207 0.9901927 0.99131685 0.99281836 1.0231062 0.98907024 0.88194406 1.0015109 0.99885464 0.99885464
0.9943229 0 0.42917123 0.43736804 1.014548 1.0234975 0.9969631 0.9931942 0.4189622 0.4330803 0.43379322 0.9746289 0.98496884 0.9860852 1.0258498 0.9931942 0.9857129 0.4161702 0.41373572 1.0219333 1.0238891 0.52226424 1.01146 0.5214621 0.44132015 0.5140827 0.98645765 0.282804 0.42176464 0.20136724
1.0072346 0.42917123 0 0.15717708 1.0195932 1.0465518 1.0341415 1.0234975 0.3901521 0.39691195 0.39369342 1.0045581 0.9958304 0.99281836 1.0305767 1.0373245 1.0282096 0.38914335 0.38629258 1.0246727 1.0242808 0.52729714 1.0160967 0.52749914 0.34383303 0.50992644 1.01069 0.43754724 0.39318648 0.42828566
1.0022715 0.43736804 0.15717708 0 1.0286036 1.0461482 1.0234975 1.0168724 0.39048862 0.40219304 0.3975913 1.0053219 0.99999183 0.9931942 1.0345387 1.0301816 1.0258498 0.38863948 0.38679487 1.0262426 1.025065 0.53951573 1.0157093 0.5386949 0.34907058 0.51626897 0.99847597 0.44150028 0.3974214 0.43343666
0.99357027 1.014548 1.0195932 1.0286036 0 0.13662118 1.0234975 1.0262426 1.0242808 1.0365276 1.0373245 0.9977191 0.98832285 0.99169195 0.684224 1.0238891 1.015322 1.0286036 1.0258498 0.682483 0.6832287 1.0149349 0.6775309 1.015322 1.0203725 1.025065 1.0137748 1.019204 1.032159 1.0341415
1.0126165 1.0234975 1.0465518 1.0461482 0.13662118 0 1.0421246 1.042526 1.030972 1.0485728 1.0457449 1.0270288 1.01146 1.0149349 0.6852207 1.0405211 1.0353336 1.0373245 1.030972 0.68198633 0.6834774 1.0215429 0.67654437 1.0211525 1.0381224 1.0258498 1.0349361 1.01146 1.0297868 1.0385218
0.9167723 0.9969631 1.0341415 1.0234975 1.0234975 1.0421246 0 0.113117166 1.0130024 1.0254573 1.0199828 0.42334563 0.42881688 0.42722434 0.9790429 0.11743188 0.11172312 1.0188149 1.015322 0.9853408 0.982 0.9977191 1.0011308 0.9980974 1.0254573 1.0083846 0.29057157 1.0011308 1.0130024 1.0157093
0.9043141 0.9931942 1.0234975 1.0168724 1.0262426 1.042526 0.113117166 0 1.005704 1.0180373 1.015322 0.41529983 0.42634106 0.4251062 0.98645765 0.111375004 0.10651837 1.0087683 1.0068517 0.9842255 0.9827411 1.0022715 0.9920673 1.001891 1.0242808 1.0037951 0.28338745 0.99734104 1.0030329 1.0168724
0.99734104 0.4189622 0.3901521 0.39048862 1.0242808 1.030972 1.0130024 1.005704 0 0.37137827 0.3733498 0.9894442 0.9943229 0.9898184 1.0297868 1.01069 1.002652 0.05270956 0.050888002 1.0246727 1.0270288 0.5232681 1.030972 0.52306724 0.3981012 0.5186613 0.98645765 0.42563516 0.21177219 0.42194015
1.0211525 0.4330803 0.39691195 0.40219304 1.0365276 1.0485728 1.0254573 1.0180373 0.37137827 0 0.045024846 0.99923354 1.0045581 0.99847597 1.0393208 1.0091523 1.0053219 0.36892113 0.36598316 1.0266355 1.0293922 0.5190608 1.014548 0.5200604 0.40768382 0.5198604 1.0030329 0.43468532 0.3736789 0.4366517
1.018426 0.43379322 0.39369342 0.3975913 1.0373245 1.0457449 1.0199828 1.015322 0.3733498 0.045024846 0 0.99999183 0.99961257 0.9920673 1.0469556 1.0080011 1.0011308 0.37039444 0.3667981 1.0349361 1.0373245 0.5196604 1.0168724 0.5206608 0.4049334 0.5226656 1.000751 0.43112323 0.37631682 0.4371889
0.8848668 0.9746289 1.0045581 1.0053219 0.9977191 1.0270288 0.42334563 0.41529983 0.9894442 0.99923354 0.99999183 0 0.4120016 0.4090628 0.9764649 0.4166929 0.414083 0.99658537 0.99131685 0.9842255 0.9827411 0.9977191 0.97978103 0.9980974 1.014548 0.990942 0.4039046 0.9898184 1.0003713 1.0045581
0.8871479 0.98496884 0.9958304 0.99999183 0.98832285 1.01146 0.42881688 0.42634106 0.9943229 1.0045581 0.99961257 0.4120016 0 0.031346016 0.9698763 0.4268709 0.42211568 1.0030329 0.99131685 0.9698763 0.9695119 0.9816297 0.9768326 0.9801504 1.025065 0.9894442 0.41547385 0.9950763 1.0011308 1.0072346
0.88259256 0.9860852 0.99281836 0.9931942 0.99169195 1.0149349 0.42722434 0.4251062 0.9898184 0.99847597 0.9920673 0.4090628 0.031346016 0 0.9651536 0.42651764 0.42141378 0.99961257 0.9872032 0.9666036 0.9666036 0.98757625 0.9738958 0.9860852 1.0231062 0.9931942 0.41356212 0.99658537 0.99885464 1.0060863
1.0126165 1.0258498 1.0305767 1.0345387 0.684224 0.6852207 0.9790429 0.98645765 1.0297868 1.0393208 1.0469556 0.9764649 0.9698763 0.9651536 0 0.9857129 0.97573 1.0297868 1.0293922 0.032389425 0.033957258 1.0110749 0.34130672 1.0126165 1.0262426 1.0099207 0.9775687 1.0126165 1.0137748 1.0258498
0.9029796 0.9931942 1.0373245 1.0301816 1.0238891 1.0405211 0.11743188 0.111375004 1.01069 1.0091523 1.0080011 0.4166929 0.4268709 0.42651764 0.9857129 0 0.028743835 1.0149349 1.0099207 0.9920673 0.9901927 0.9943229 1.0030329 0.9969631 1.0278157 1.0034139 0.2880713 0.9980974 1.0122308 1.0168724
0.8910746 0.9857129 1.0282096 1.0258498 1.015322 1.0353336 0.11172312 0.10651837 1.002652 1.0053219 1.0011308 0.414083 0.42211568 0.42141378 0.97573 0.028743835 0 1.005704 1.0011308 0.9827411 0.98125964 0.9943229 0.9931942 0.99734104 1.0195932 0.99923354 0.28207538 0.9860852 1.005704 1.0091523
0.99999183 0.4161702 0.38914335 0.38863948 1.0286036 1.0373245 1.0188149 1.0087683 0.05270956 0.36892113 0.37039444 0.99658537 1.0030329 0.99961257 1.0297868 1.0149349 1.005704 0 0.022020116 1.0231062 1.025065 0.5212617 1.0238891 0.5204606 0.39878163 0.5156721 0.9943229 0.42440146 0.21018235 0.41826323
0.99357027 0.41373572 0.38629258 0.38679487 1.0258498 1.030972 1.015322 1.0068517 0.050888002 0.36598316 0.3667981 0.99131685 0.99131685 0.9872032 1.0293922 1.0099207 1.0011308 0.022020116 0 1.025065 1.0274222 0.52246493 1.0238891 0.5214621 0.39572456 0.5172649 0.98757625 0.42106307 0.20780392 0.41564786
1.0095364 1.0219333 1.0246727 1.0262426 0.682483 0.68198633 0.9853408 0.9842255 1.0246727 1.0266355 1.0349361 0.9842255 0.9698763 0.9666036 0.032389425 0.9920673 0.9827411 1.0231062 1.025065 0 0.010777061 1.0015109 0.34130672 1.0030329 1.0199828 1.002652 0.98051995 1.0072346 1.0103053 1.0203725
1.0099207 1.0238891 1.0242808 1.025065 0.6832287 0.6834774 0.982 0.9827411 1.0270288 1.0293922 1.0373245 0.9827411 0.9695119 0.9666036 0.033957258 0.9901927 0.98125964 1.025065 1.0274222 0.010777061 0 0.99734104 0.34320065 0.99885464 1.025065 0.99961257 0.9779369 1.005704 1.01146 1.0211525
0.9901927 0.52226424 0.52729714 0.53951573 1.0149349 1.0215429 0.9977191 1.0022715 0.5232681 0.5190608 0.5196604 0.9977191 0.9816297 0.98757625 1.0110749 0.9943229 0.9943229 0.5212617 0.52246493 1.0015109 0.99734104 0 0.98832285 0.0065283305 0.5344004 0.31284967 0.9827411 0.5264896 0.5266914 0.52166253
0.99131685 1.01146 1.0160967 1.0157093 0.6775309 0.67654437 1.0011308 0.9920673 1.030972 1.014548 1.0168724 0.97978103 0.9768326 0.9738958 0.34130672 1.0030329 0.9931942 1.0238891 1.0238891 0.34130672 0.34320065 0.98832285 0 0.99169195 1.0076177 0.9958304 0.9920673 1.0083846 1.0087683 1.0110749
0.99281836 0.5214621 0.52749914 0.5386949 1.015322 1.0211525 0.9980974 1.001891 0.52306724 0.5200604 0.5206608 0.9980974 0.9801504 0.9860852 1.0126165 0.9969631 0.99734104 0.5204606 0.5214621 1.0030329 0.99885464 0.0065283305 0.99169195 0 0.5346044 0.31360888 0.98496884 0.52729714 0.5254814 0.52106136
1.0231062 0.44132015 0.34383303 0.34907058 1.0203725 1.0381224 1.0254573 1.0242808 0.3981012 0.40768382 0.4049334 1.014548 1.025065 1.0231062 1.0262426 1.0278157 1.0195932 0.39878163 0.39572456 1.0199828 1.025065 0.5344004 1.0076177 0.5346044 0 0.5250785 1.0022715 0.44456926 0.40236402 0.43790576
0.98907024 0.5140827 0.50992644 0.51626897 1.025065 1.0258498 1.0083846 1.0037951 0.5186613 0.5198604 0.5226656 0.990942 0.9894442 0.9931942 1.0099207 1.0034139 0.99923354 0.5156721 0.5172649 1.002652 0.99961257 0.31284967 0.9958304 0.31360888 0.5250785 0 1.0157093 0.52166253 0.5256829 0.515871
0.88194406 0.98645765 1.01069 0.99847597 1.0137748 1.0349361 0.29057157 0.28338745 0.98645765 1.0030329 1.000751 0.4039046 0.41547385 0.41356212 0.9775687 0.2880713 0.28207538 0.9943229 0.98757625 0.98051995 0.9779369 0.9827411 0.9920673 0.98496884 1.0022715 1.0157093 0 0.9943229 0.9962078 0.99885464
1.0015109 0.282804 0.43754724 0.44150028 1.019204 1.01146 1.0011308 0.99734104 0.42563516 0.43468532 0.43112323 0.9898184 0.9950763 0.99658537 1.0126165 0.9980974 0.9860852 0.42440146 0.42106307 1.0072346 1.005704 0.5264896 1.0083846 0.52729714 0.44456926 0.52166253 0.9943229 0 0.42899403 0.28426346
0.99885464 0.42176464 0.39318648 0.3974214 1.032159 1.0297868 1.0130024 1.0030329 0.21177219 0.3736789 0.37631682 1.0003713 1.0011308 0.99885464 1.0137748 1.0122308 1.005704 0.21018235 0.20780392 1.0103053 1.01146 0.5266914 1.0087683 0.5254814 0.40236402 0.5256829 0.9962078 0.42899403 0 0.42475376
0.99885464 0.20136724 0.42828566 0.43343666 1.0341415 1.0385218 1.0157093 1.0168724 0.42194015 0.4366517 0.4371889 1.0045581 1.0072346 1.0060863 1.0258498 1.0168724 1.0091523 0.41826323 0.41564786 1.0203725 1.0211525 0.52166253 1.0110749 0.52106136 0.43790576 0.515871 0.99885464 0.28426346 0.42475376 0
