0 0.8956819 0.8937039 0.88291705 0.87356406 0.8800019 0.88259256 0.8940332 1.0149349 0.98051995 0.8783872 0.9939465 0.87484723 0.8927168 0.90164745 0.9709704 0.9727974 0.97352946 0.85645306 0.85645306 1.0099207 1.0160967 0.8897634 1.0137748 0.8871479 0.9013148 0.97573 0.8956819 0.8848668 0.8787099
0.8956819 0 0.15434618 0.4837441 0.48108047 0.47748062 0.3081598 0.30125424 1.0457449 1.0053219 0.4820307 0.9901927 0.48507947 0.17426437 0.17312981 1.000751 1.0011308 0.9977191 0.7799746 0.77940893 1.0377234 1.0413225 0.54902 1.0393208 0.35804313 0.27094263 1.015322 0.28455567 0.28528675 0.48127043
0.8937039 0.15434618 0 0.48546144 0.48146042 0.48089057 0.31133363 0.30545005 1.0510052 1.0160967 0.47842628 0.9831119 0.48070073 0.17577977 0.17666517 1.0064689 1.0030329 1.001891 0.7842303 0.7836615 1.042526 1.0473596 0.5421895 1.0441338 0.36257 0.2741066 1.0110749 0.28455567 0.28939393 0.48546144
0.88291705 0.4837441 0.48546144 0 0.09963443 0.096102335 0.49025255 0.48718274 1.0514114 0.99545324 0.14847244 1.0064689 0.15042526 0.4946876 0.49526802 0.99281836 0.9950763 0.98907024 0.7779968 0.7791263 1.0421246 1.0477637 0.55089366 1.0461482 0.4923704 0.49507448 1.0076177 0.4919849 0.4927561 0.20912434
0.87356406 0.48108047 0.48146042 0.09963443 0 0.0799098 0.4919849 0.49006033 1.0465518 1.0015109 0.14822869 0.99658537 0.15275083 0.49372122 0.49410763 0.99545324 0.99545324 0.9931942 0.7737762 0.7763057 1.0393208 1.0437315 0.55006033 1.0409217 0.48622596 0.49449423 1.0103053 0.49546158 0.49643022 0.2089922
0.8800019 0.47748062 0.48089057 0.096102335 0.0799098 0 0.48833245 0.48488855 1.0469556 1.0037951 0.14446075 1.001891 0.14761968 0.48890796 0.48871607 0.9950763 0.9977191 0.99169195 0.77321523 0.776869 1.0385218 1.0417235 0.547981 1.0397208 0.4826014 0.4921776 1.0083846 0.49082956 0.48660854 0.2033318
0.88259256 0.3081598 0.31133363 0.49025255 0.4919849 0.48833245 0 0.07436818 1.0385218 1.0099207 0.48929188 1.0022715 0.48929188 0.32293335 0.3237028 1.0053219 1.0122308 1.0060863 0.77181464 0.77489936 1.0437315 1.0485728 0.5531901 1.0433295 0.356433 0.30605137 1.0274222 0.3068037 0.31360888 0.48756576
0.8940332 0.30125424 0.30545005 0.48718274 0.49006033 0.48488855 0.07436818 0 1.0401208 1.0227151 0.48507947 0.99961257 0.4846977 0.31497735 0.31512955 1.0133885 1.0195932 1.01146 0.7695792 0.7723746 1.0433295 1.0485728 0.55402696 1.042526 0.35194293 0.30200177 1.0293922 0.3009554 0.308009 0.48507947
1.0149349 1.0457449 1.0510052 1.0514114 1.0465518 1.0469556 1.0385218 1.0401208 0 0.5845737 1.0417235 0.6631097 1.0485728 1.0393208 1.0437315 0.5800091 0.5802258 0.5763342 0.9943229 0.99281836 0.07040341 0.07216294 1.014548 0.070952825 1.0510052 1.0397208 0.5856646 1.053853 1.0445362 1.0510052
0.98051995 1.0053219 1.0160967 0.99545324 1.0015109 1.0037951 1.0099207 1.0227151 0.5845737 0 1.0064689 0.6522939 1.0083846 1.0270288 1.0305767 0.05668949 0.058417104 0.05604266 0.96841997 0.97243166 0.58239657 0.58304906 1.0015109 0.582614 1.0262426 1.0353336 0.25307453 1.01146 1.0137748 1.0083846
0.8783872 0.4820307 0.47842628 0.14847244 0.14822869 0.14446075 0.48929188 0.48507947 1.0417235 1.0064689 0 0.99999183 0.06307988 0.4841254 0.48718274 0.9950763 0.9969631 0.99056727 0.76790696 0.7723746 1.0401208 1.0421246 0.55006033 1.0413225 0.48679987 0.4935281 1.0080011 0.49044484 0.49063718 0.20411906
0.9939465 0.9901927 0.9831119 1.0064689 0.99658537 1.001891 1.0022715 0.99961257 0.6631097 0.6522939 0.99999183 0 1.0103053 0.99357027 0.99357027 0.6449328 0.6470625 0.64540553 0.9920673 0.9943229 0.6619002 0.65948707 1.000751 0.65972805 1.0037951 1.0030329 0.6430448 0.99734104 1.0072346 0.9838541
0.87484723 0.48507947 0.48070073 0.15042526 0.15275083 0.14761968 0.48929188 0.4846977 1.0485728 1.0083846 0.06307988 1.0103053 0 0.48737422 0.491407 0.99923354 1.000751 0.9924427 0.76651627 0.7701374 1.0417235 1.0461482 0.5506852 1.0445362 0.48775735 0.49643022 1.0095364 0.49449423 0.49410763 0.20635414
0.8927168 0.17426437 0.17577977 0.4946876 0.49372122 0.48890796 0.32293335 0.31497735 1.0393208 1.0270288 0.4841254 0.99357027 0.48737422 0 0.061667144 1.0199828 1.0203725 1.018426 0.79598737 0.793967 1.0449389 1.0481682 0.5575939 1.0453417 0.3700668 0.2803295 1.0254573 0.29071888 0.2993141 0.49256322
0.90164745 0.17312981 0.17666517 0.49526802 0.49410763 0.48871607 0.3237028 0.31512955 1.0437315 1.0305767 0.48718274 0.99357027 0.491407 0.061667144 0 1.0254573 1.0242808 1.0231062 0.7956984 0.79714435 1.0485728 1.0493827 0.55801463 1.0485728 0.3700668 0.28149295 1.0353336 0.29086626 0.29723036 0.4960426
0.9709704 1.000751 1.0064689 0.99281836 0.99545324 0.9950763 1.0053219 1.0133885 0.5800091 0.05668949 0.9950763 0.6449328 0.99923354 1.0199828 1.0254573 0 0.033852633 0.032076247 0.9655158 0.9673296 0.5735361 0.57482624 0.9962078 0.5741809 1.0286036 1.0282096 0.25097546 1.001891 1.0049399 0.99847597
0.9727974 1.0011308 1.0030329 0.9950763 0.99545324 0.9977191 1.0122308 1.0195932 0.5802258 0.058417104 0.9969631 0.6470625 1.000751 1.0203725 1.0242808 0.033852633 0 0.018937076 0.9637064 0.9658782 0.5769814 0.5789264 0.9977191 0.57806134 1.0286036 1.0254573 0.25055632 1.0022715 1.0011308 1.0022715
0.97352946 0.9977191 1.001891 0.98907024 0.9931942 0.99169195 1.0060863 1.01146 0.5763342 0.05604266 0.99056727 0.64540553 0.9924427 1.018426 1.0231062 0.032076247 0.018937076 0 0.9557965 0.9572284 0.57267725 0.5741809 0.9962078 0.5733213 1.0211525 1.019204 0.24874288 0.99999183 1.001891 0.99131685
0.85645306 0.7799746 0.7842303 0.7779968 0.7737762 0.77321523 0.77181464 0.7695792 0.9943229 0.96841997 0.76790696 0.9920673 0.76651627 0.79598737 0.7956984 0.9655158 0.9637064 0.9557965 0 0.01627532 0.9980974 1.0022715 0.7565787 0.99923354 0.77041674 0.7842303 0.97609735 0.7712552 0.77489936 0.75384146
0.85645306 0.77940893 0.7836615 0.7791263 0.7763057 0.776869 0.77489936 0.7723746 0.99281836 0.97243166 0.7723746 0.9943229 0.7701374 0.793967 0.79714435 0.9673296 0.9658782 0.9572284 0.01627532 0 0.9962078 1.0003713 0.7543881 0.99734104 0.7734957 0.7845149 0.9790429 0.77181464 0.7751804 0.75712734
1.0099207 1.0377234 1.042526 1.0421246 1.0393208 1.0385218 1.0437315 1.0433295 0.07040341 0.58239657 1.0401208 0.6619002 1.0417235 1.0449389 1.0485728 0.5735361 0.5769814 0.57267725 0.9980974 0.9962078 0 0.009155657 1.0095364 0.008144057 1.0473596 1.0385218 0.5837021 1.049788 1.0429276 1.0385218
1.0160967 1.0413225 1.0473596 1.0477637 1.0437315 1.0417235 1.0485728 1.0485728 0.07216294 0.58304906 1.0421246 0.65948707 1.0461482 1.0481682 1.0493827 0.57482624 0.5789264 0.5741809 1.0022715 1.0003713 0.009155657 0 1.0160967 0.006225769 1.0489776 1.0397208 0.585228 1.053853 1.0445362 1.0441338
0.8897634 0.54902 0.5421895 0.55089366 0.55006033 0.547981 0.5531901 0.55402696 1.014548 1.0015109 0.55006033 1.000751 0.5506852 0.5575939 0.55801463 0.9962078 0.9977191 0.9962078 0.7565787 0.7543881 1.0095364 1.0160967 0 1.01146 0.5557034 0.54570043 0.99281836 0.5475659 0.55381763 0.5571734
1.0137748 1.0393208 1.0441338 1.0461482 1.0409217 1.0397208 1.0433295 1.042526 0.070952825 0.582614 1.0413225 0.65972805 1.0445362 1.0453417 1.0485728 0.5741809 0.57806134 0.5733213 0.99923354 0.99734104 0.008144057 0.006225769 1.01146 0 1.0449389 1.0377234 0.58413774 1.0510052 1.0445362 1.0413225
0.8871479 0.35804313 0.36257 0.4923704 0.48622596 0.4826014 0.356433 0.35194293 1.0510052 1.0262426 0.48679987 1.0037951 0.48775735 0.3700668 0.3700668 1.0286036 1.0286036 1.0211525 0.77041674 0.7734957 1.0473596 1.0489776 0.5557034 1.0449389 0 0.36062655 1.0401208 0.356433 0.36046484 0.48527044
0.9013148 0.27094263 0.2741066 0.49507448 0.49449423 0.4921776 0.30605137 0.30200177 1.0397208 1.0353336 0.4935281 1.0030329 0.49643022 0.2803295 0.28149295 1.0282096 1.0254573 1.019204 0.7842303 0.7845149 1.0385218 1.0397208 0.54570043 1.0377234 0.36062655 0 1.0413225 0.28660446 0.29116106 0.49294904
0.97573 1.015322 1.0110749 1.0076177 1.0103053 1.0083846 1.0274222 1.0293922 0.5856646 0.25307453 1.0080011 0.6430448 1.0095364 1.0254573 1.0353336 0.25097546 0.25055632 0.24874288 0.97609735 0.9790429 0.5837021 0.585228 0.99281836 0.58413774 1.0401208 1.0413225 0 1.0080011 1.0095364 0.9924427
0.8956819 0.28455567 0.28455567 0.4919849 0.49546158 0.49082956 0.3068037 0.3009554 1.053853 1.01146 0.49044484 0.99734104 0.49449423 0.29071888 0.29086626 1.001891 1.0022715 0.99999183 0.7712552 0.77181464 1.049788 1.053853 0.5475659 1.0510052 0.356433 0.28660446 1.0080011 0 0.21363124 0.49526802
0.8848668 0.28528675 0.28939393 0.4927561 0.49643022 0.48660854 0.31360888 0.308009 1.0445362 1.0137748 0.49063718 1.0072346 0.49410763 0.2993141 0.29723036 1.0049399 1.0011308 1.001891 0.77489936 0.7751804 1.0429276 1.0445362 0.55381763 1.0445362 0.36046484 0.29116106 1.0095364 0.21363124 0 0.48967603
0.8787099 0.48127043 0.48546144 0.20912434 0.2089922 0.2033318 0.48756576 0.48507947 1.0510052 1.0083846 0.20411906 0.9838541 0.20635414 0.49256322 0.4960426 0.99847597 1.0022715 0.99131685 0.75384146 0.75712734 1.0385218 1.0441338 0.5571734 1.0413225 0.48527044 0.49294904 0.9924427 0.49526802 0.48967603 0
