0 1.0149349 1.0211525 1.0076177 0.99961257 0.99169195 1.0211525 1.0015109 0.99169195 1.033348 1.0003713 1.0053219 1.01146 1.0172604 1.0199828 1.0133885 1.0087683 1.0064689 1.0278157 1.019204 1.0180373 1.0095364 1.0064689 1.01069 1.015322 0.99999183 1.0037951 0.99999183 0.9969631 1.0227151
1.0149349 0 0.16648318 0.16249844 0.9860852 0.98051995 0.32787165 0.32354885 0.32124332 0.30035818 0.32493562 0.9709704 0.32756203 0.3274073 0.15594494 0.15459192 0.32570714 0.32539845 0.30140367 0.30275005 0.30080608 0.32401082 0.3487521 0.32462722 0.3454163 0.97352946 0.20517004 0.98496884 0.98237044 0.32201102
1.0211525 0.16648318 0 0.13195646 1.002652 0.9969631 0.33346638 0.32771683 0.3274073 0.30906525 0.32447308 0.9698763 0.3306638 0.32957673 0.16748267 0.16660804 0.3291113 0.32942155 0.3081598 0.30785823 0.30650267 0.33206376 0.35498682 0.33206376 0.35114396 0.9898184 0.20991771 0.99131685 0.9980974 0.32586154
1.0076177 0.16249844 0.13195646 0 1.001891 0.99131685 0.32617044 0.32431898 0.32216468 0.30289978 0.31833306 0.9808897 0.3241649 0.32431898 0.16585916 0.1633683 0.32570714 0.32478142 0.30304956 0.30260032 0.3009554 0.32601598 0.34668535 0.32617044 0.3501863 0.99357027 0.205433 0.9980974 0.9950763 0.31955704
0.99961257 0.9860852 1.002652 1.001891 0 0.12672831 0.99131685 0.982 0.97720057 0.98051995 0.97978103 0.3814544 0.9969631 0.9943229 1.0037951 0.99999183 0.98496884 0.9838541 0.98683035 0.9808897 0.9779369 0.98051995 0.9764649 0.9831119 0.98757625 0.30499938 0.9901927 0.3454163 0.3297319 0.9962078
0.99169195 0.98051995 0.9969631 0.99131685 0.12672831 0 0.99961257 0.9808897 0.97573 0.9727974 0.98683035 0.37417278 0.99961257 0.99169195 0.99885464 0.9980974 0.9842255 0.9842255 0.97978103 0.9775687 0.97352946 0.98348296 0.9698763 0.9857129 0.9860852 0.30020893 0.98757625 0.33863178 0.32833627 0.9920673
1.0211525 0.32787165 0.33346638 0.32617044 0.99131685 0.99961257 0 0.1973234 0.19330125 0.33284268 0.19563407 0.97170067 0.1973234 0.11416441 0.32570714 0.32493562 0.11673051 0.113815166 0.32942155 0.3284912 0.32694325 0.22582883 0.34891135 0.22528848 0.34747958 0.9943229 0.32216468 0.9977191 0.99056727 0.20058286
1.0015109 0.32354885 0.32771683 0.32431898 0.982 0.9808897 0.1973234 0 0.08953824 0.32957673 0.19265454 0.9768326 0.1935601 0.19381903 0.3237028 0.3226258 0.19602357 0.19524476 0.3238568 0.32447308 0.32293335 0.21309961 0.34954855 0.21416326 0.34446594 0.982 0.32663402 0.99885464 0.99545324 0.18404187
0.99169195 0.32124332 0.3274073 0.32216468 0.97720057 0.97573 0.19330125 0.08953824 0 0.3270979 0.18917185 0.9691478 0.19071771 0.19097567 0.32216468 0.32078305 0.19175006 0.19084668 0.32047635 0.3215503 0.3189448 0.21071193 0.35258272 0.21150698 0.34288466 0.97941184 0.32231835 0.98869646 0.98757625 0.18034446
1.033348 0.30035818 0.30906525 0.30289978 0.98051995 0.9727974 0.33284268 0.32957673 0.3270979 0 0.32493562 0.98496884 0.3286462 0.32988715 0.31042543 0.30831063 0.32895625 0.32725257 0.085380614 0.08616542 0.08515653 0.3286462 0.34795654 0.3291113 0.34605056 0.98683035 0.30364898 1.0060863 0.99169195 0.3305084
1.0003713 0.32493562 0.32447308 0.31833306 0.97978103 0.98683035 0.19563407 0.19265454 0.18917185 0.32493562 0 0.9626228 0.07525209 0.1953745 0.3230872 0.32339495 0.19797416 0.19797416 0.32108986 0.32108986 0.3187918 0.21656199 0.34970793 0.21736327 0.34383303 0.9768326 0.32324106 0.98869646 0.97426224 0.19823462
1.0053219 0.9709704 0.9698763 0.9808897 0.3814544 0.37417278 0.97170067 0.9768326 0.9691478 0.98496884 0.9626228 0 0.98237044 0.9698763 0.97024083 0.9779369 0.97609735 0.9691478 0.9816297 0.9831119 0.9764649 0.9593815 0.97499573 0.96010065 0.9808897 0.37912986 0.9808897 0.3841199 0.37466702 0.9727974
1.01146 0.32756203 0.3306638 0.3241649 0.9969631 0.99961257 0.1973234 0.1935601 0.19071771 0.3286462 0.07525209 0.98237044 0 0.1973234 0.32771683 0.3267886 0.20123646 0.20071353 0.32247207 0.32447308 0.32216468 0.2189684 0.3551474 0.21937022 0.34557483 0.9924427 0.32493562 1.0045581 0.9931942 0.19966878
1.0172604 0.3274073 0.32957673 0.32431898 0.9943229 0.99169195 0.11416441 0.19381903 0.19097567 0.32988715 0.1953745 0.9698763 0.1973234 0 0.32787165 0.32663402 0.07569444 0.07657991 0.3241649 0.32539845 0.32401082 0.21923625 0.34462425 0.2189684 0.3462092 0.9950763 0.32431898 1.0041765 0.99734104 0.19875582
1.0199828 0.15594494 0.16748267 0.16585916 1.0037951 0.99885464 0.32570714 0.3237028 0.32216468 0.31042543 0.3230872 0.97024083 0.32771683 0.32787165 0 0.056473818 0.32756203 0.3284912 0.30966946 0.30891424 0.30650267 0.32756203 0.35338324 0.32833627 0.35034582 0.9924427 0.20886007 1.0037951 0.9980974 0.32247207
1.0133885 0.15459192 0.16660804 0.1633683 0.99999183 0.9980974 0.32493562 0.3226258 0.32078305 0.30831063 0.32339495 0.9779369 0.3267886 0.32663402 0.056473818 0 0.32647946 0.32756203 0.30545005 0.30665317 0.30409884 0.32493562 0.35034582 0.32570714 0.34462425 0.99357027 0.205433 1.0041765 0.9962078 0.31955704
1.0087683 0.32570714 0.3291113 0.32570714 0.98496884 0.9842255 0.11673051 0.19602357 0.19175006 0.32895625 0.19797416 0.97609735 0.20123646 0.07569444 0.32756203 0.32647946 0 0.05798483 0.32354885 0.32447308 0.32324106 0.22057699 0.34763852 0.22084542 0.3487521 0.9898184 0.32524413 0.99131685 0.98645765 0.20149805
1.0064689 0.32539845 0.32942155 0.32478142 0.9838541 0.9842255 0.113815166 0.19524476 0.19084668 0.32725257 0.19797416 0.9691478 0.20071353 0.07657991 0.3284912 0.32756203 0.05798483 0 0.32247207 0.3226258 0.3215503 0.22124824 0.34859294 0.22178568 0.3465266 0.98832285 0.32462722 0.9931942 0.98348296 0.19901656
1.0278157 0.30140367 0.3081598 0.30304956 0.98683035 0.97978103 0.32942155 0.3238568 0.32047635 0.085380614 0.32108986 0.9816297 0.32247207 0.3241649 0.30966946 0.30545005 0.32354885 0.32247207 0 0.053353522 0.05206615 0.32586154 0.3439912 0.32647946 0.34668535 0.98496884 0.3048492 0.99999183 0.99658537 0.32216468
1.019204 0.30275005 0.30785823 0.30260032 0.9808897 0.9775687 0.3284912 0.32447308 0.3215503 0.08616542 0.32108986 0.9831119 0.32447308 0.32539845 0.30891424 0.30665317 0.32447308 0.3226258 0.053353522 0 0.013826672 0.3241649 0.34684414 0.32447308 0.3441494 0.9816297 0.30424884 0.99885464 0.98869646 0.32431898
1.0180373 0.30080608 0.30650267 0.3009554 0.9779369 0.97352946 0.32694325 0.32293335 0.3189448 0.08515653 0.3187918 0.9764649 0.32216468 0.32401082 0.30650267 0.30409884 0.32324106 0.3215503 0.05206615 0.013826672 0 0.3226258 0.34430766 0.32277957 0.34130672 0.9783054 0.3009554 0.99658537 0.9853408 0.32185742
1.0095364 0.32401082 0.33206376 0.32601598 0.98051995 0.98348296 0.22582883 0.21309961 0.21071193 0.3286462 0.21656199 0.9593815 0.2189684 0.21923625 0.32756203 0.32493562 0.22057699 0.22124824 0.32586154 0.3241649 0.3226258 0 0.35002682 0.0049160765 0.34986734 0.9801504 0.3286462 0.9831119 0.9827411 0.22272713
1.0064689 0.3487521 0.35498682 0.34668535 0.9764649 0.9698763 0.34891135 0.34954855 0.35258272 0.34795654 0.34970793 0.97499573 0.3551474 0.34462425 0.35338324 0.35034582 0.34763852 0.34859294 0.3439912 0.34684414 0.34430766 0.35002682 0 0.35066497 0.33455908 0.9655158 0.3477975 0.98125964 0.97426224 0.34795654
1.01069 0.32462722 0.33206376 0.32617044 0.9831119 0.9857129 0.22528848 0.21416326 0.21150698 0.3291113 0.21736327 0.96010065 0.21937022 0.2189684 0.32833627 0.32570714 0.22084542 0.22178568 0.32647946 0.32447308 0.32277957 0.0049160765 0.35066497 0 0.35002682 0.98237044 0.32895625 0.9845971 0.9827411 0.22286172
1.015322 0.3454163 0.35114396 0.3501863 0.98757625 0.9860852 0.34747958 0.34446594 0.34288466 0.34605056 0.34383303 0.9808897 0.34557483 0.3462092 0.35034582 0.34462425 0.3487521 0.3465266 0.34668535 0.3441494 0.34130672 0.34986734 0.33455908 0.35002682 0 0.98645765 0.3481156 0.99734104 0.99169195 0.34700292
0.99999183 0.97352946 0.9898184 0.99357027 0.30499938 0.30020893 0.9943229 0.982 0.97941184 0.98683035 0.9768326 0.37912986 0.9924427 0.9950763 0.9924427 0.99357027 0.9898184 0.98832285 0.98496884 0.9816297 0.9783054 0.9801504 0.9655158 0.98237044 0.98645765 0 0.99658537 0.33847472 0.3291113 0.9838541
1.0037951 0.20517004 0.20991771 0.205433 0.9901927 0.98757625 0.32216468 0.32663402 0.32231835 0.30364898 0.32324106 0.9808897 0.32493562 0.32431898 0.20886007 0.205433 0.32524413 0.32462722 0.3048492 0.30424884 0.3009554 0.3286462 0.3477975 0.32895625 0.3481156 0.99658537 0 0.9950763 0.9977191 0.32401082
0.99999183 0.98496884 0.99131685 0.9980974 0.3454163 0.33863178 0.9977191 0.99885464 0.98869646 1.0060863 0.98869646 0.3841199 1.0045581 1.0041765 1.0037951 1.0041765 0.99131685 0.9931942 0.99999183 0.99885464 0.99658537 0.9831119 0.98125964 0.9845971 0.99734104 0.33847472 0.9950763 0 0.18737236 0.98645765
0.9969631 0.98237044 0.9980974 0.9950763 0.3297319 0.32833627 0.99056727 0.99545324 0.98757625 0.99169195 0.97426224 0.37466702 0.9931942 0.99734104 0.9980974 0.9962078 0.98645765 0.98348296 0.99658537 0.98869646 0.9853408 0.9827411 0.97426224 0.9827411 0.99169195 0.3291113 0.9977191 0.18737236 0 0.9898184
1.0227151 0.32201102 0.32586154 0.31955704 0.9962078 0.9920673 0.20058286 0.18404187 0.18034446 0.3305084 0.19823462 0.9727974 0.19966878 0.19875582 0.32247207 0.31955704 0.20149805 0.19901656 0.32216468 0.32431898 0.32185742 0.22272713 0.34795654 0.22286172 0.34700292 0.9838541 0.32401082 0.98645765 0.9898184 0
