0 0.624192 0.5038329 0.5067752 0.6150539 0.618924 0.72568804 0.6171003 0.617328 0.62304366 0.5055969 0.6244219 0.5040287 0.5089403 0.73495555 0.7419149 0.7365559 0.50874317 0.5150757 0.7389627 0.7376246 0.6216679 0.6186958 0.624192 1.014548 0.9931942 0.51210064 0.6244219 0.62996036 0.61278665
0.624192 0 0.6232732 0.62511194 0.627186 0.6235028 0.7511142 0.6006607 0.6002153 0.6318157 0.62258476 0.6109778 0.62258476 0.62304366 0.74704176 0.7475835 0.74704176 0.6255724 0.624192 0.75002605 0.74650043 0.6235028 0.6164175 0.627186 1.0180373 1.0215429 0.62787867 0.63834554 0.62649405 0.2601142
0.5038329 0.6232732 0 0.2265048 0.603562 0.5977705 0.732296 0.5973268 0.5984365 0.604457 0.24707282 0.60512894 0.24916099 0.25055632 0.73815954 0.7400349 0.73149997 0.2529344 0.2527943 0.7301751 0.7291169 0.60043794 0.6078228 0.6019983 1.0076177 0.9920673 0.3297319 0.6058015 0.60557723 0.6116556
0.5067752 0.62511194 0.2265048 0 0.604457 0.6017752 0.73602206 0.61256033 0.6040094 0.60647464 0.25055632 0.6002153 0.2504167 0.2522342 0.7317652 0.73522204 0.72700495 0.2554606 0.25588247 0.7328271 0.7338906 0.6058015 0.60423315 0.60647464 1.0045581 0.99734104 0.3353406 0.6060258 0.6040094 0.61052626
0.6150539 0.627186 0.603562 0.604457 0 0.18327539 0.72700495 0.5955548 0.5955548 0.29263687 0.60872287 0.6109778 0.61482686 0.61369276 0.7330929 0.7275324 0.72018194 0.617328 0.61915225 0.7259512 0.72489893 0.28675103 0.46846247 0.28763095 0.9958304 0.98683035 0.61346614 0.31925085 0.29012972 0.60669917
0.618924 0.6235028 0.5977705 0.6017752 0.18327539 0 0.72832423 0.59954774 0.6006607 0.2950042 0.60849774 0.6109778 0.61256033 0.6164175 0.72018194 0.71783453 0.70903224 0.6182396 0.620981 0.7227989 0.7207046 0.29086626 0.46939683 0.2927846 0.99131685 0.9838541 0.60984945 0.32201102 0.2918986 0.6075979
0.72568804 0.7511142 0.732296 0.73602206 0.72700495 0.72832423 0 0.73575526 0.7267414 0.732296 0.72858834 0.7437997 0.7220128 0.7243734 0.15656075 0.15606806 0.15152594 0.72253674 0.7275324 0.15459192 0.15459192 0.72122765 0.742453 0.7275324 1.0137748 1.0219333 0.73575526 0.72044325 0.721751 0.71835554
0.6171003 0.6006607 0.5973268 0.61256033 0.5955548 0.59954774 0.73575526 0 0.14264435 0.6017752 0.60535306 0.48051092 0.60512894 0.60647464 0.72700495 0.72991043 0.72384816 0.60984945 0.6132396 0.72885257 0.72700495 0.59224355 0.5973268 0.5929046 0.99885464 0.9768326 0.6040094 0.6026681 0.58850837 0.59092313
0.617328 0.6002153 0.5984365 0.6040094 0.5955548 0.6006607 0.7267414 0.14264435 0 0.60423315 0.6078228 0.48603475 0.60692376 0.6078228 0.7222747 0.72384816 0.7196597 0.6103006 0.61278665 0.7207046 0.7227989 0.59422857 0.6058015 0.59400773 1.0095364 0.982 0.6049049 0.6058015 0.59180313 0.5946704
0.62304366 0.6318157 0.604457 0.60647464 0.29263687 0.2950042 0.732296 0.6017752 0.60423315 0 0.61391944 0.6121078 0.6141462 0.62189704 0.7196597 0.72332335 0.714716 0.6244219 0.62810963 0.7207046 0.71835554 0.08560476 0.48013148 0.08650202 1.0087683 1.0037951 0.6161901 0.32601598 0.3009554 0.6123341
0.5055969 0.62258476 0.24707282 0.25055632 0.60872287 0.60849774 0.72858834 0.60535306 0.6078228 0.61391944 0 0.6075979 0.06853842 0.21005002 0.72885257 0.7338906 0.7275324 0.20648582 0.20952092 0.7307048 0.7307048 0.60984945 0.59865856 0.6123341 1.0126165 0.99658537 0.33362237 0.609624 0.60894805 0.60849774
0.6244219 0.6109778 0.60512894 0.6002153 0.6109778 0.6109778 0.7437997 0.48051092 0.48603475 0.6121078 0.6075979 0 0.6075979 0.59932536 0.7421839 0.73709005 0.74030316 0.60222155 0.604457 0.7419149 0.74057156 0.6049049 0.60872287 0.6093986 1.014548 0.9943229 0.5997702 0.6116556 0.6121078 0.59932536
0.5040287 0.62258476 0.24916099 0.2504167 0.61482686 0.61256033 0.7220128 0.60512894 0.60692376 0.6141462 0.06853842 0.6075979 0 0.21150698 0.72489893 0.72858834 0.7207046 0.20886007 0.21190482 0.72489893 0.7264779 0.61142963 0.6017752 0.61346614 1.0110749 0.9898184 0.3339345 0.61278665 0.6145999 0.60872287
0.5089403 0.62304366 0.25055632 0.2522342 0.61369276 0.6164175 0.7243734 0.60647464 0.6078228 0.62189704 0.21005002 0.59932536 0.21150698 0 0.7328271 0.7362889 0.7304399 0.06788129 0.07106275 0.7346892 0.7328271 0.6171003 0.6130131 0.6171003 1.025065 1.0133885 0.33144122 0.617328 0.6175558 0.6073731
0.73495555 0.74704176 0.73815954 0.7317652 0.7330929 0.72018194 0.15656075 0.72700495 0.7222747 0.7196597 0.72885257 0.7421839 0.72489893 0.7328271 0 0.06842886 0.065695025 0.72726864 0.7336246 0.107210256 0.10686424 0.71445674 0.73522204 0.7196597 0.99847597 1.01069 0.73815954 0.71627367 0.7220128 0.72018194
0.7419149 0.7475835 0.7400349 0.73522204 0.7275324 0.71783453 0.15606806 0.72991043 0.72384816 0.72332335 0.7338906 0.73709005 0.72858834 0.7362889 0.06842886 0 0.05120913 0.7312348 0.7362889 0.105596855 0.104791455 0.7193987 0.732296 0.7254249 0.9980974 1.0053219 0.7365559 0.7186162 0.7157541 0.72018194
0.7365559 0.74704176 0.73149997 0.72700495 0.72018194 0.70903224 0.15152594 0.72384816 0.7196597 0.714716 0.7275324 0.74030316 0.7207046 0.7304399 0.065695025 0.05120913 0 0.7243734 0.7309697 0.10398692 0.10272439 0.70903224 0.732296 0.7149754 0.99545324 0.9980974 0.72991043 0.7129029 0.71367943 0.7227989
0.50874317 0.6255724 0.2529344 0.2554606 0.617328 0.6182396 0.72253674 0.60984945 0.6103006 0.6244219 0.20648582 0.60222155 0.20886007 0.06788129 0.72726864 0.7312348 0.7243734 0 0.046832204 0.7307048 0.7296458 0.6180116 0.6112037 0.618924 1.019204 0.99923354 0.3284912 0.61664504 0.61664504 0.61052626
0.5150757 0.624192 0.2527943 0.25588247 0.61915225 0.620981 0.7275324 0.6132396 0.61278665 0.62810963 0.20952092 0.604457 0.21190482 0.07106275 0.7336246 0.7362889 0.7309697 0.046832204 0 0.7362889 0.7354886 0.62189704 0.6093986 0.62143886 1.0231062 1.0087683 0.3337784 0.61778367 0.62143886 0.60984945
0.7389627 0.75002605 0.7301751 0.7328271 0.7259512 0.7227989 0.15459192 0.72885257 0.7207046 0.7207046 0.7307048 0.7419149 0.72489893 0.7346892 0.107210256 0.105596855 0.10398692 0.7307048 0.7362889 0 0.03636766 0.718095 0.7330929 0.7235857 0.99658537 1.001891 0.7397667 0.7220128 0.72122765 0.7222747
0.7376246 0.74650043 0.7291169 0.7338906 0.72489893 0.7207046 0.15459192 0.72700495 0.7227989 0.71835554 0.7307048 0.74057156 0.7264779 0.7328271 0.10686424 0.104791455 0.10272439 0.7296458 0.7354886 0.03636766 0 0.71238565 0.7325615 0.718095 0.99923354 1.000751 0.73815954 0.72018194 0.71992075 0.71601385
0.6216679 0.6235028 0.60043794 0.6058015 0.28675103 0.29086626 0.72122765 0.59224355 0.59422857 0.08560476 0.60984945 0.6049049 0.61142963 0.6171003 0.71445674 0.7193987 0.70903224 0.6180116 0.62189704 0.718095 0.71238565 0 0.47653615 0.014234225 1.005704 0.99923354 0.61278665 0.32447308 0.30050746 0.60244477
0.6186958 0.6164175 0.6078228 0.60423315 0.46846247 0.46939683 0.742453 0.5973268 0.6058015 0.48013148 0.59865856 0.60872287 0.6017752 0.6130131 0.73522204 0.732296 0.732296 0.6112037 0.6093986 0.7330929 0.7325615 0.47653615 0 0.47918367 1.0053219 0.9962078 0.6150539 0.4731459 0.46902296 0.5911431
0.624192 0.627186 0.6019983 0.60647464 0.28763095 0.2927846 0.7275324 0.5929046 0.59400773 0.08650202 0.6123341 0.6093986 0.61346614 0.6171003 0.7196597 0.7254249 0.7149754 0.618924 0.62143886 0.7235857 0.718095 0.014234225 0.47918367 0 1.0122308 1.0015109 0.6145999 0.32617044 0.30155316 0.60804766
1.014548 1.0180373 1.0076177 1.0045581 0.9958304 0.99131685 1.0137748 0.99885464 1.0095364 1.0087683 1.0126165 1.014548 1.0110749 1.025065 0.99847597 0.9980974 0.99545324 1.019204 1.0231062 0.99658537 0.99923354 1.005704 1.0053219 1.0122308 0 0.3738435 1.0118452 0.98907024 1.0072346 1.014548
0.9931942 1.0215429 0.9920673 0.99734104 0.98683035 0.9838541 1.0219333 0.9768326 0.982 1.0037951 0.99658537 0.9943229 0.9898184 1.0133885 1.01069 1.0053219 0.9980974 0.99923354 1.0087683 1.001891 1.000751 0.99923354 0.9962078 1.0015109 0.3738435 0 0.97867405 1.0011308 0.9842255 1.019204
0.51210064 0.62787867 0.3297319 0.3353406 0.61346614 0.60984945 0.73575526 0.6040094 0.6049049 0.6161901 0.33362237 0.5997702 0.3339345 0.33144122 0.73815954 0.7365559 0.72991043 0.3284912 0.3337784 0.7397667 0.73815954 0.61278665 0.6150539 0.6145999 1.0118452 0.97867405 0 0.62373245 0.60984945 0.61664504
0.6244219 0.63834554 0.6058015 0.6060258 0.31925085 0.32201102 0.72044325 0.6026681 0.6058015 0.32601598 0.609624 0.6116556 0.61278665 0.617328 0.71627367 0.7186162 0.7129029 0.61664504 0.61778367 0.7220128 0.72018194 0.32447308 0.4731459 0.32617044 0.98907024 1.0011308 0.62373245 0 0.32032305 0.6132396
0.62996036 0.62649405 0.60557723 0.6040094 0.29012972 0.2918986 0.721751 0.58850837 0.59180313 0.3009554 0.60894805 0.6121078 0.6145999 0.6175558 0.7220128 0.7157541 0.71367943 0.61664504 0.62143886 0.72122765 0.71992075 0.30050746 0.46902296 0.30155316 1.0072346 0.9842255 0.60984945 0.32032305 0 0.6091733
0.61278665 0.2601142 0.6116556 0.61052626 0.60669917 0.6075979 0.71835554 0.59092313 0.5946704 0.6123341 0.60849774 0.59932536 0.60872287 0.6073731 0.72018194 0.72018194 0.7227989 0.61052626 0.60984945 0.7222747 0.71601385 0.60244477 0.5911431 0.60804766 1.014548 1.019204 0.61664504 0.6132396 0.6091733 0
