0 0.302165173 0.294881413 1.040530573 1.041330573 1.032972973 1.038135773 1.028238573 0.302464013 0.305458613 1.037737373 0.231103633 1.036941173 1.028631973 1.042933273 1.046551473 0.299779033 0.297252033 0.298291543 1.035748473 1.033368773 1.048569373 0.305008653 1.050187373 1.056694973 0.234644603 0.242328533 1.031786473 0.299779033 0.296510403
0.302165173 0 0.081564683 1.029813373 1.033368773 1.030996573 1.006913773 1.012284673 0.145185713 0.147734473 1.026274773 0.283285153 1.029419373 1.020024673 1.028238573 1.031786473 0.197493133 0.194252263 0.196324803 1.027059573 1.025490573 1.040930573 0.219107693 1.041730873 1.037737373 0.295325343 0.298886173 1.021192573 0.193088973 0.193735023
0.294881413 0.081564683 0 1.022752673 1.025882473 1.026274773 1.006531673 1.008827473 0.140716043 0.142766363 1.025490573 0.276758943 1.020413773 1.011515073 1.021582273 1.026274773 0.191669623 0.188838933 0.190252933 1.027845273 1.026667073 1.033764873 0.215506103 1.034954473 1.029813373 0.287521223 0.293846643 1.021972173 0.189867043 0.188453773
1.040530573 1.029813373 1.022752673 0 0.225418723 0.223398793 0.204148243 0.203493173 1.034954473 1.038135773 0.222055193 1.008444373 0.229068363 0.228255803 0.075246753 0.073262623 1.035351273 1.036145873 1.036941173 0.222861063 0.222592333 0.181681413 1.050187373 0.182190413 0.231919313 1.030207573 1.027452373 0.205985513 1.035748473 1.042131473
1.041330573 1.033368773 1.025882473 0.225418723 0 0.064180888 0.219375173 0.219375173 1.039731573 1.050187373 0.128885943 1.013440573 0.083794169 0.083794169 0.230153173 0.229881813 1.048569373 1.043735773 1.044941273 0.126636703 0.126400343 0.232055333 1.050187373 0.232327473 0.203755133 1.041330573 1.037737373 0.222189433 1.041330573 1.044539273
1.032972973 1.030996573 1.026274773 0.223398793 0.064180888 0 0.217238043 0.217504853 1.041330573 1.050592473 0.127464603 1.012284673 0.084129173 0.084129173 0.225958293 0.226093243 1.044137373 1.039332173 1.040130973 0.126045927 0.125809743 0.229881813 1.040930573 0.230153173 0.203886143 1.041730873 1.033764873 0.221384273 1.031786473 1.033368773
1.038135773 1.006913773 1.006531673 0.204148243 0.219375173 0.217238043 0 0.052525978 1.023143073 1.030996573 0.217905243 0.992901723 0.220178173 0.221250183 0.207432243 0.206511283 1.030207573 1.027452373 1.031786473 0.216438183 0.216171753 0.208090773 1.030207573 0.208618023 0.227308903 1.021192573 1.017306473 0.104393023 1.026274773 1.026274773
1.028238573 1.012284673 1.008827473 0.203493173 0.219375173 0.217504853 0.052525978 0 1.024315973 1.028631973 0.218439433 0.989159203 0.220848003 0.220848003 0.207432243 0.206905833 1.024315973 1.020024673 1.021582273 0.216704703 0.216571423 0.211524493 1.027452373 0.212054153 0.227444103 1.021192573 1.014984573 0.105196693 1.020413773 1.020802973
0.302464013 0.145185713 0.140716043 1.034954473 1.039731573 1.041330573 1.023143073 1.024315973 0 0.050280627 1.037339173 0.286496523 1.034954473 1.025490573 1.038933173 1.040130973 0.197493133 0.194252263 0.195546933 1.039332173 1.037339173 1.036145873 0.221518423 1.037339173 1.040930573 0.295917633 0.299481313 1.040930573 0.197233343 0.197753003
0.305458613 0.147734473 0.142766363 1.038135773 1.050187373 1.050592473 1.030996573 1.028631973 0.050280627 0 1.048569373 0.287814233 1.045343573 1.034161173 1.039731573 1.041730873 0.200617593 0.196324803 0.198273023 1.051403273 1.049782573 1.042933273 0.223802333 1.044137373 1.050997773 0.298440133 0.303810093 1.047357973 0.197623053 0.198533173
1.037737373 1.026274773 1.025490573 0.222055193 0.128885943 0.127464603 0.217905243 0.218439433 1.037339173 1.048569373 0 1.001960773 0.127227973 0.127464603 0.227714573 0.227173743 1.034557773 1.030996573 1.031391373 0.037157673 0.036843009 0.229881813 1.028238573 0.229746173 0.200226333 1.028631973 1.029419373 0.222323713 1.030601973 1.030601973
0.231103633 0.283285153 0.276758943 1.008444373 1.013440573 1.012284673 0.992901723 0.989159203 0.286496523 0.287814233 1.001960773 0 1.011130473 1.005767873 1.020024673 1.018082173 0.283722273 0.281684613 0.281829973 0.998550813 0.996663013 1.021972173 0.284451343 1.023924873 1.021192573 0.226768373 0.231647323 1.006531673 0.282702723 0.280813013
1.036941173 1.029419373 1.020413773 0.229068363 0.083794169 0.084129173 0.220178173 0.220848003 1.034954473 1.045343573 0.127227973 1.011130473 0 0.038943263 0.231375433 0.230696153 1.044137373 1.040930573 1.041730873 0.125691683 0.125337603 0.233144453 1.046551473 0.233416993 0.205328833 1.034954473 1.034557773 0.225014303 1.036543373 1.037339173
1.028631973 1.020024673 1.011515073 0.228255803 0.083794169 0.084129173 0.221250183 0.220848003 1.025490573 1.034161173 0.127464603 1.005767873 0.038943263 0 0.231783293 0.230967783 1.029813373 1.025490573 1.027059573 0.123687439 0.123922953 0.233280713 1.030601973 0.233553293 0.202315453 1.029025473 1.024707273 0.224071493 1.021972173 1.023924873
1.042933273 1.028238573 1.021582273 0.075246753 0.230153173 0.225958293 0.207432243 0.207432243 1.038933173 1.039731573 0.227714573 1.020024673 0.231375433 0.231783293 0 0.025189057 1.043334373 1.043334373 1.042532273 0.228255803 0.227985133 0.186274833 1.056694973 0.186786953 0.236147743 1.034161173 1.030601973 0.210466283 1.039332173 1.047357973
1.046551473 1.031786473 1.026274773 0.073262623 0.229881813 0.226093243 0.206511283 0.206905833 1.040130973 1.041730873 0.227173743 1.018082173 0.230696153 0.230967783 0.025189057 0 1.043735773 1.044137373 1.043334373 0.227579333 0.227308903 0.183591923 1.055062773 0.183974613 0.235054243 1.037339173 1.032972973 0.210334113 1.042131473 1.049377973
0.299779033 0.197493133 0.191669623 1.035351273 1.048569373 1.044137373 1.030207573 1.024315973 0.197493133 0.200617593 1.034557773 0.283722273 1.044137373 1.029813373 1.043334373 1.043735773 0 0.020146849 0.020967755 1.034954473 1.034161173 1.054248173 0.220446023 1.054248173 1.040530573 0.294142133 0.297845843 1.048569373 0.114908563 0.114094423
0.297252033 0.194252263 0.188838933 1.036145873 1.043735773 1.039332173 1.027452373 1.020024673 0.194252263 0.196324803 1.030996573 0.281684613 1.040930573 1.025490573 1.043334373 1.044137373 0.020146849 0 0.00905061700000002 1.032972973 1.032181773 1.048569373 0.217504853 1.048973473 1.034954473 0.292076033 0.295917633 1.042532273 0.111889053 0.112700797
0.298291543 0.196324803 0.190252933 1.036941173 1.044941273 1.040130973 1.031786473 1.021582273 0.195546933 0.198273023 1.031391373 0.281829973 1.041730873 1.027059573 1.042532273 1.043334373 0.020967755 0.00905061700000002 0 1.033368773 1.032577173 1.047761573 0.218573043 1.048165373 1.036543373 0.292518293 0.295769523 1.043334373 0.112932893 0.114094423
1.035748473 1.027059573 1.027845273 0.222861063 0.126636703 0.126045927 0.216438183 0.216704703 1.039332173 1.051403273 0.037157673 0.998550813 0.125691683 0.123687439 0.228255803 0.227579333 1.034954473 1.032972973 1.033368773 0 0.00401501280000002 0.230967783 1.031786473 0.230831963 0.199835263 1.027452373 1.032577173 0.220579993 1.029025473 1.030996573
1.033368773 1.025490573 1.026667073 0.222592333 0.126400343 0.125809743 0.216171753 0.216571423 1.037339173 1.049782573 0.036843009 0.996663013 0.125337603 0.123922953 0.227985133 0.227308903 1.034161173 1.032181773 1.032577173 0.00401501280000002 0 0.230696153 1.031391373 0.230560353 0.199444393 1.025882473 1.030996573 0.220044273 1.027452373 1.029025473
1.048569373 1.040930573 1.033764873 0.181681413 0.232055333 0.229881813 0.208090773 0.211524493 1.036145873 1.042933273 0.229881813 1.021972173 0.233144453 0.233280713 0.186274833 0.183591923 1.054248173 1.048569373 1.047761573 0.230967783 0.230696153 0 1.049782573 0.00201020000000003 0.233553293 1.052621173 1.043735773 0.210334113 1.048973473 1.054655373
0.305008653 0.219107693 0.215506103 1.050187373 1.050187373 1.040930573 1.030207573 1.027452373 0.221518423 0.223802333 1.028238573 0.284451343 1.046551473 1.030601973 1.056694973 1.055062773 0.220446023 0.217504853 0.218573043 1.031786473 1.031391373 1.049782573 0 1.049782573 1.050592473 0.295473373 0.298142943 1.049377973 0.220178173 0.218172293
1.050187373 1.041730873 1.034954473 0.182190413 0.232327473 0.230153173 0.208618023 0.212054153 1.037339173 1.044137373 0.229746173 1.023924873 0.233416993 0.233553293 0.186786953 0.183974613 1.054248173 1.048973473 1.048165373 0.230831963 0.230560353 0.00201020000000003 1.049782573 0 0.234098743 1.054248173 1.045745973 0.210598473 1.050187373 1.055878573
1.056694973 1.037737373 1.029813373 0.231919313 0.203755133 0.203886143 0.227308903 0.227444103 1.040930573 1.050997773 0.200226333 1.021192573 0.205328833 0.202315453 0.236147743 0.235054243 1.040530573 1.034954473 1.036543373 0.199835263 0.199444393 0.233553293 1.050592473 0.234098743 0 1.051403273 1.042131473 0.228255803 1.039332173 1.046954673
0.234644603 0.295325343 0.287521223 1.030207573 1.041330573 1.041730873 1.021192573 1.021192573 0.295917633 0.298440133 1.028631973 0.226768373 1.034954473 1.029025473 1.034161173 1.037339173 0.294142133 0.292076033 0.292518293 1.027452373 1.025882473 1.052621173 0.295473373 1.054248173 1.051403273 0 0.154205823 1.032972973 0.290603703 0.289427913
0.242328533 0.298886173 0.293846643 1.027452373 1.037737373 1.033764873 1.017306473 1.014984573 0.299481313 0.303810093 1.029419373 0.231647323 1.034557773 1.024707273 1.030601973 1.032972973 0.297845843 0.295917633 0.295769523 1.032577173 1.030996573 1.043735773 0.298142943 1.045745973 1.042131473 0.154205823 0 1.024707273 0.297994373 0.297994373
1.031786473 1.021192573 1.021972173 0.205985513 0.222189433 0.221384273 0.104393023 0.105196693 1.040930573 1.047357973 0.222323713 1.006531673 0.225014303 0.224071493 0.210466283 0.210334113 1.048569373 1.042532273 1.043334373 0.220579993 0.220044273 0.210334113 1.049377973 0.210598473 0.228255803 1.032972973 1.024707273 0 1.038135773 1.039731573
0.299779033 0.193088973 0.189867043 1.035748473 1.041330573 1.031786473 1.026274773 1.020413773 0.197233343 0.197623053 1.030601973 0.282702723 1.036543373 1.021972173 1.039332173 1.042131473 0.114908563 0.111889053 0.112932893 1.029025473 1.027452373 1.048973473 0.220178173 1.050187373 1.039332173 0.290603703 0.297994373 1.038135773 0 0.088273133
0.296510403 0.193735023 0.188453773 1.042131473 1.044539273 1.033368773 1.026274773 1.020802973 0.197753003 0.198533173 1.030601973 0.280813013 1.037339173 1.023924873 1.047357973 1.049377973 0.114094423 0.112700797 0.114094423 1.030996573 1.029025473 1.054655373 0.218172293 1.055878573 1.046954673 0.289427913 0.297994373 1.039731573 0.088273133 0
