0 0.9768326 0.96406794 1.002652 0.94867724 0.95472425 0.75603044 0.74514884 0.60984945 0.9924427 0.99923354 0.7394986 0.9590223 0.959741 0.95615417 0.9583042 0.6112037 0.6103006 0.95866317 0.9615409 0.97352946 0.97941184 0.96334505 0.9801504 0.9543672 0.990942 0.98125964 0.9709704 0.9738958 0.9898184
0.9768326 0 0.1942076 0.5391052 0.5220636 0.5194605 1.0080011 1.0137748 0.99545324 0.9790429 0.9831119 1.0076177 0.5277012 0.53195745 0.7186162 0.71445674 0.9969631 0.99545324 0.51547325 0.5174642 0.537875 0.5389 0.5350124 0.53644234 0.5113093 0.5376702 0.9644296 0.72832423 0.97978103 0.72832423
0.96406794 0.1942076 0 0.54570043 0.5444594 0.5291173 0.9980974 1.0003713 0.9939465 0.97978103 0.9801504 1.0137748 0.5393104 0.5444594 0.7165336 0.71032023 0.9939465 0.9946995 0.5283078 0.52972496 0.54528654 0.54673624 0.5423956 0.5459075 0.5182621 0.54528654 0.96406794 0.7254249 0.9831119 0.7227989
1.002652 0.5391052 0.54570043 0 0.5554936 0.5544457 1.025065 1.0227151 1.0168724 1.0087683 1.000751 1.0409217 0.55885684 0.56350607 0.7304399 0.7222747 1.0172604 1.0227151 0.5492279 0.55089366 0.16936034 0.17099145 0.4418607 0.17061472 0.5423956 0.2567269 0.9931942 0.7227989 0.99885464 0.72726864
0.94867724 0.5220636 0.5444594 0.5554936 0 0.2927846 0.9831119 0.9808897 0.99169195 0.9644296 0.9651536 1.0083846 0.11649686 0.11953994 0.71238565 0.7062064 0.9924427 0.99281836 0.2857257 0.28645793 0.5477734 0.54902 0.5421895 0.5492279 0.2679349 0.5519366 0.9554389 0.7173139 0.9536536 0.7126442
0.95472425 0.5194605 0.5291173 0.5544457 0.2927846 0 0.9738958 0.9738958 0.9779369 0.96298385 0.96190137 1.0180373 0.28777772 0.29219383 0.71032023 0.7031358 0.97941184 0.9779369 0.114513814 0.114746846 0.5421895 0.54632175 0.537875 0.5459075 0.2806202 0.5473584 0.94620144 0.721751 0.94267863 0.7110941
0.75603044 1.0080011 0.9980974 1.025065 0.9831119 0.9738958 0 0.06799078 0.7365559 1.0011308 1.002652 0.4958489 0.99281836 0.99658537 1.0022715 0.9931942 0.74030316 0.73735726 0.9709704 0.97499573 1.0278157 1.032159 0.9816297 1.036926 0.97978103 1.0215429 0.9920673 0.9931942 0.9920673 1.0076177
0.74514884 1.0137748 1.0003713 1.0227151 0.9808897 0.9738958 0.06799078 0 0.7354886 1.0080011 1.0164845 0.49372122 0.9931942 0.9946995 0.9842255 0.97352946 0.7354886 0.7328271 0.97352946 0.9768326 1.0227151 1.0242808 0.9845971 1.030972 0.9753628 1.0203725 0.9950763 0.9827411 1.000751 0.99734104
0.60984945 0.99545324 0.9939465 1.0168724 0.99169195 0.9779369 0.7365559 0.7354886 0 0.9958304 0.9894442 0.7330929 0.98237044 0.9845971 0.9842255 0.9713354 0.07216294 0.07073301 0.97426224 0.97573 1.0091523 1.0122308 0.9853408 1.0133885 0.9962078 1.0003713 0.98832285 0.9687838 0.9753628 0.98794943
0.9924427 0.9790429 0.97978103 1.0087683 0.9644296 0.96298385 1.0011308 1.0080011 0.9958304 0 0.06645949 0.98496884 0.96334505 0.9615409 0.9680563 0.9662408 0.9901927 0.9924427 0.9568702 0.9557965 1.000751 0.99999183 0.9691478 1.0041765 0.9543672 1.0011308 0.25377554 0.96406794 0.24374379 0.9783054
0.99923354 0.9831119 0.9801504 1.000751 0.9651536 0.96190137 1.002652 1.0164845 0.9894442 0.06645949 0 0.9943229 0.9658782 0.96479154 0.97573 0.97573 0.9872032 0.9894442 0.95615417 0.9554389 0.99056727 0.98757625 0.9655158 0.99281836 0.9540103 0.99169195 0.25251418 0.9687838 0.2431904 0.982
0.7394986 1.0076177 1.0137748 1.0409217 1.0083846 1.0180373 0.4958489 0.49372122 0.7330929 0.98496884 0.9943229 0 0.99923354 1.0068517 0.9845971 0.9801504 0.73149997 0.7325615 0.99847597 1.0015109 1.0413225 1.0457449 1.0064689 1.0465518 1.0049399 1.0345387 0.98125964 0.9939465 0.9790429 1.0030329
0.9590223 0.5277012 0.5393104 0.55885684 0.11649686 0.28777772 0.99281836 0.9931942 0.98237044 0.96334505 0.9658782 0.99923354 0 0.0489641 0.7005865 0.6929902 0.97941184 0.9801504 0.28236675 0.28236675 0.54860425 0.55006033 0.5415716 0.5494359 0.26622158 0.55381763 0.96226203 0.7157541 0.9626228 0.7013504
0.959741 0.53195745 0.5444594 0.56350607 0.11953994 0.29219383 0.99658537 0.9946995 0.9845971 0.9615409 0.96479154 1.0068517 0.0489641 0 0.6998234 0.6929902 0.9838541 0.98348296 0.28939393 0.29012972 0.5536084 0.5552839 0.5502686 0.5542363 0.27051222 0.556543 0.96190137 0.71627367 0.95508146 0.70466954
0.95615417 0.7186162 0.7165336 0.7304399 0.71238565 0.71032023 1.0022715 0.9842255 0.9842255 0.9680563 0.97573 0.9845971 0.7005865 0.6998234 0 0.025840072 0.99885464 0.99847597 0.71006244 0.7113522 0.7262145 0.7262145 0.7193987 0.7267414 0.7072328 0.7186162 0.959741 0.24665588 0.9709704 0.20635414
0.9583042 0.71445674 0.71032023 0.7222747 0.7062064 0.7031358 0.9931942 0.97352946 0.9713354 0.9662408 0.97573 0.9801504 0.6929902 0.6929902 0.025840072 0 0.98683035 0.98869646 0.70288044 0.70390224 0.72044325 0.71992075 0.7110941 0.72122765 0.7018601 0.7129029 0.9593815 0.24402064 0.9680563 0.20372532
0.6112037 0.9969631 0.9939465 1.0172604 0.9924427 0.97941184 0.74030316 0.7354886 0.07216294 0.9901927 0.9872032 0.73149997 0.97941184 0.9838541 0.99885464 0.98683035 0 0.02418581 0.9808897 0.9808897 1.0130024 1.0160967 0.982 1.0180373 1.001891 1.0068517 0.98907024 0.9746289 0.97316337 0.99999183
0.6103006 0.99545324 0.9946995 1.0227151 0.99281836 0.9779369 0.73735726 0.7328271 0.07073301 0.9924427 0.9894442 0.7325615 0.9801504 0.98348296 0.99847597 0.98869646 0.02418581 0 0.9783054 0.9779369 1.0133885 1.0164845 0.99131685 1.019204 1.0011308 1.0091523 0.98832285 0.97426224 0.9790429 0.9980974
0.95866317 0.51547325 0.5283078 0.5492279 0.2857257 0.114513814 0.9709704 0.97352946 0.97426224 0.9568702 0.95615417 0.99847597 0.28236675 0.28939393 0.71006244 0.70288044 0.9808897 0.9783054 0 0.020374252 0.5380799 0.5415716 0.5307389 0.5407486 0.27612698 0.537875 0.9353342 0.721751 0.94232726 0.700841
0.9615409 0.5174642 0.52972496 0.55089366 0.28645793 0.114746846 0.97499573 0.9768326 0.97573 0.9557965 0.9554389 1.0015109 0.28236675 0.29012972 0.7113522 0.70390224 0.9808897 0.9779369 0.020374252 0 0.53828484 0.5428079 0.52972496 0.54095423 0.2759825 0.5407486 0.93324894 0.72384816 0.9430302 0.7072328
0.97352946 0.537875 0.54528654 0.16936034 0.5477734 0.5421895 1.0278157 1.0227151 1.0091523 1.000751 0.99056727 1.0413225 0.54860425 0.5536084 0.7262145 0.72044325 1.0130024 1.0133885 0.5380799 0.53828484 0 0.012707041 0.4458366 0.0120970365 0.5358292 0.2493004 0.9775687 0.72332335 0.9753628 0.7293813
0.97941184 0.5389 0.54673624 0.17099145 0.54902 0.54632175 1.032159 1.0242808 1.0122308 0.99999183 0.98757625 1.0457449 0.55006033 0.5552839 0.7262145 0.71992075 1.0160967 1.0164845 0.5415716 0.5428079 0.012707041 0 0.44855958 0.011182959 0.53828484 0.25167447 0.9753628 0.72122765 0.97352946 0.7296458
0.96334505 0.5350124 0.5423956 0.4418607 0.5421895 0.537875 0.9816297 0.9845971 0.9853408 0.9691478 0.9655158 1.0064689 0.5415716 0.5502686 0.7193987 0.7110941 0.982 0.99131685 0.5307389 0.52972496 0.4458366 0.44855958 0 0.4480142 0.5194605 0.44114006 0.96226203 0.7157541 0.953297 0.71887696
0.9801504 0.53644234 0.5459075 0.17061472 0.5492279 0.5459075 1.036926 1.030972 1.0133885 1.0041765 0.99281836 1.0465518 0.5494359 0.5542363 0.7267414 0.72122765 1.0180373 1.019204 0.5407486 0.54095423 0.0120970365 0.011182959 0.4480142 0 0.53664684 0.250696 0.98051995 0.723061 0.97426224 0.7307048
0.9543672 0.5113093 0.5182621 0.5423956 0.2679349 0.2806202 0.97978103 0.9753628 0.9962078 0.9543672 0.9540103 1.0049399 0.26622158 0.27051222 0.7072328 0.7018601 1.001891 1.0011308 0.27612698 0.2759825 0.5358292 0.53828484 0.5194605 0.53664684 0 0.5291173 0.9395222 0.71445674 0.93151563 0.7049255
0.990942 0.5376702 0.54528654 0.2567269 0.5519366 0.5473584 1.0215429 1.0203725 1.0003713 1.0011308 0.99169195 1.0345387 0.55381763 0.556543 0.7186162 0.7129029 1.0068517 1.0091523 0.537875 0.5407486 0.2493004 0.25167447 0.44114006 0.250696 0.5291173 0 0.97499573 0.7113522 0.99169195 0.7186162
0.98125964 0.9644296 0.96406794 0.9931942 0.9554389 0.94620144 0.9920673 0.9950763 0.98832285 0.25377554 0.25251418 0.98125964 0.96226203 0.96190137 0.959741 0.9593815 0.98907024 0.98832285 0.9353342 0.93324894 0.9775687 0.9753628 0.96226203 0.98051995 0.9395222 0.97499573 0 0.9575869 0.24679483 0.9572284
0.9709704 0.72832423 0.7254249 0.7227989 0.7173139 0.721751 0.9931942 0.9827411 0.9687838 0.96406794 0.9687838 0.9939465 0.7157541 0.71627367 0.24665588 0.24402064 0.9746289 0.97426224 0.721751 0.72384816 0.72332335 0.72122765 0.7157541 0.723061 0.71445674 0.7113522 0.9575869 0 0.9779369 0.24762909
0.9738958 0.97978103 0.9831119 0.99885464 0.9536536 0.94267863 0.9920673 1.000751 0.9753628 0.24374379 0.2431904 0.9790429 0.9626228 0.95508146 0.9709704 0.9680563 0.97316337 0.9790429 0.94232726 0.9430302 0.9753628 0.97352946 0.953297 0.97426224 0.93151563 0.99169195 0.24679483 0.9779369 0 0.97499573
0.9898184 0.72832423 0.7227989 0.72726864 0.7126442 0.7110941 1.0076177 0.99734104 0.98794943 0.9783054 0.982 1.0030329 0.7013504 0.70466954 0.20635414 0.20372532 0.99999183 0.9980974 0.700841 0.7072328 0.7293813 0.7296458 0.71887696 0.7307048 0.7049255 0.7186162 0.9572284 0.24762909 0.97499573 0
