0 0.99161747 0.98638837 0.96510507 0.96727907 0.83948067 0.97274151 0.96077612 0.97493771 0.9756712 1.00256647 0.9709163 1.00637947 1.01021187 1.00982777 0.82794197 0.83035647 0.99086817 0.99575177 0.85587642 0.85275534 0.98713312 0.98527257 0.98974571 0.98156517 0.98193511 0.8459343 0.9756712 0.84070567 0.98415843
0.99161747 0 0.65703707 0.64324901 0.64797494 0.97018737 0.65919951 0.65320811 0.31992632 0.32530269 1.01252067 0.65225387 0.99386967 0.99161747 0.9886249 0.98638837 0.98304591 1.01445027 1.01793587 0.97677282 0.97201087 0.99612871 0.38563027 0.99612871 0.646081 0.99915144 0.96619127 0.32932167 0.99537497 0.21284564
0.98638837 0.65703707 0 0.40389499 0.40612382 0.96691627 0.17317572 0.17759381 0.6498737 0.65082487 1.01098077 0.62303093 1.00218637 0.99236742 0.98937193 0.97347287 0.96582907 0.99801651 0.99311817 0.98304591 0.98193511 1.00332747 0.63481674 1.00256647 0.37025107 1.01910147 0.97824417 0.65225387 0.98452957 0.645372
0.96510507 0.64324901 0.40389499 0 0.16156113 0.96077612 0.40150207 0.40184347 0.62280167 0.62165647 0.99386967 0.59733727 0.98638837 0.97787604 0.97201087 0.96873177 0.96546701 0.97457127 0.97677282 0.97824417 0.97457127 0.96438187 0.62509737 0.96474341 0.39640003 0.97274151 0.95112617 0.64113203 0.96836832 0.63598227
0.96727907 0.64797494 0.40612382 0.16156113 0 0.94370567 0.40853152 0.41042873 0.62970993 0.63225897 1.02417297 0.60401387 1.01367787 0.98825172 0.98008731 0.95969777 0.95647197 0.9804565 0.97934952 0.96909544 0.96510507 0.98937193 0.62394867 0.99049387 0.40235582 0.99274277 0.95361611 0.63948962 0.96402052 0.63668237
0.83948067 0.97018737 0.96691627 0.96077612 0.94370567 0 0.96546701 0.96257684 0.98638837 0.99199232 0.98825172 0.96655367 0.97787604 0.97383884 0.97310713 0.14295705 0.1459854 0.9886249 0.99124274 0.18165611 0.1828026 0.97310713 0.97750807 0.97347287 0.97640547 0.96582907 0.25951764 0.97274151 0.22299897 0.98750582
0.97274151 0.65919951 0.17317572 0.40150207 0.40853152 0.96546701 0 0.1353794 0.65201554 0.65177724 1.00218637 0.61346212 0.99688327 0.98415843 0.98750582 0.9629375 0.96005697 1.00028804 0.99612871 0.97383884 0.97128097 0.98676067 0.64019307 0.98638837 0.36421907 0.98899832 0.95862094 0.6567972 0.9804565 0.65201554
0.96077612 0.65320811 0.17759381 0.40184347 0.41042873 0.96257684 0.1353794 0 0.65392457 0.65273087 1.01175037 0.62051297 1.00294697 0.99386967 0.99236742 0.96873177 0.96619127 1.00294697 0.99990901 0.97714037 0.97457127 0.99161747 0.63902101 0.99086817 0.36682153 1.00104677 0.96546701 0.65464167 0.98230517 0.63761697
0.97493771 0.31992632 0.6498737 0.62280167 0.62970993 0.98638837 0.65201554 0.65392457 0 0.0829250199999999 0.99953011 0.64916107 0.97898087 0.97055177 0.97201087 0.97201087 0.97310713 1.00944377 1.01098077 0.98527257 0.98193511 0.97677282 0.38563027 0.97787604 0.63435107 0.98341657 0.97861237 0.23904091 0.99161747 0.32530269
0.9756712 0.32530269 0.65082487 0.62165647 0.63225897 0.99199232 0.65177724 0.65273087 0.0829250199999999 0 1.01021187 0.64939854 0.99499837 0.98341657 0.98156517 0.97861237 0.98230517 1.01445027 1.01561037 0.98750582 0.98452957 0.98937193 0.38797297 0.98974571 0.64113203 0.98341657 0.98676067 0.24428087 0.99311817 0.32963172
1.00256647 1.01252067 1.01098077 0.99386967 1.02417297 0.98825172 1.00218637 1.01175037 0.99953011 1.01021187 0 0.99990901 0.0594169459999999 0.32453227 0.32207227 0.99650587 0.99612871 0.49943547 0.50216273 0.98638837 0.98193511 0.49169747 0.98825172 0.49304587 1.03799997 0.32360882 1.00294697 1.00829317 0.99274277 0.99424574
0.9709163 0.65225387 0.62303093 0.59733727 0.60401387 0.96655367 0.61346212 0.62051297 0.64916107 0.64939854 0.99990901 0 0.99990901 0.97457127 0.97787604 0.97201087 0.97420493 0.98378737 0.98230517 0.98527257 0.98750582 0.98230517 0.64844917 0.98638837 0.61937127 0.98527257 0.96836832 0.65847797 0.97824417 0.65368567
1.00637947 0.99386967 1.00218637 0.98638837 1.01367787 0.97787604 0.99688327 1.00294697 0.97898087 0.99499837 0.0594169459999999 0.99990901 0 0.32345504 0.32099852 0.98415843 0.98564431 0.49904667 0.50196764 0.97310713 0.96836832 0.49401051 0.98119542 0.4951697 1.02143787 0.32176533 0.99049387 0.99688327 0.98156517 0.9886249
1.01021187 0.99161747 0.99236742 0.97787604 0.98825172 0.97383884 0.98415843 0.99386967 0.97055177 0.98341657 0.32453227 0.97457127 0.32345504 0 0.0429445199999999 0.98750582 0.9804565 0.49633067 0.49497637 0.96438187 0.96510507 0.48958343 0.97861237 0.48977537 1.01599747 0.32715493 1.00104677 0.99575177 1.00142647 0.9886249
1.00982777 0.9886249 0.98937193 0.97201087 0.98008731 0.97310713 0.98750582 0.99236742 0.97201087 0.98156517 0.32207227 0.97787604 0.32099852 0.0429445199999999 0 0.98750582 0.98008731 0.4947831 0.49420357 0.96510507 0.96546701 0.48804969 0.97714037 0.48824123 1.01136547 0.32715493 0.99726084 0.99537497 1.00218637 0.98193511
0.82794197 0.98638837 0.97347287 0.96873177 0.95969777 0.14295705 0.9629375 0.96873177 0.97201087 0.97861237 0.99650587 0.97201087 0.98415843 0.98750582 0.98750582 0 0.0414648129999999 1.00218637 1.00256647 0.17974917 0.18051137 0.97934952 0.96221637 0.97971837 0.99274277 0.97787604 0.25375 0.97018737 0.21510488 0.98974571
0.83035647 0.98304591 0.96582907 0.96546701 0.95647197 0.1459854 0.96005697 0.96619127 0.97310713 0.98230517 0.99612871 0.97420493 0.98564431 0.9804565 0.98008731 0.0414648129999999 0 1.00944377 1.00867657 0.18229283 0.18305762 0.97530437 0.96909544 0.9756712 0.98974571 0.97787604 0.25796587 0.97493771 0.21924226 0.99011967
0.99086817 1.01445027 0.99801651 0.97457127 0.9804565 0.9886249 1.00028804 1.00294697 1.00944377 1.01445027 0.49943547 0.98378737 0.49904667 0.49633067 0.4947831 1.00218637 1.00944377 0 0.0307713139999999 0.99124274 0.99049387 0.43482539 0.99953011 0.43357763 1.01059617 0.49574995 1.00791007 1.01677217 1.00408937 1.00791007
0.99575177 1.01793587 0.99311817 0.97677282 0.97934952 0.99124274 0.99612871 0.99990901 1.01098077 1.01561037 0.50216273 0.98230517 0.50196764 0.49497637 0.49420357 1.00256647 1.00867657 0.0307713139999999 0 0.99236742 0.99124274 0.43804351 1.00028804 0.43679037 1.01021187 0.49633067 1.00829317 1.01949037 1.00829317 1.01406397
0.85587642 0.97677282 0.98304591 0.97824417 0.96909544 0.18165611 0.97383884 0.97714037 0.98527257 0.98750582 0.98638837 0.98527257 0.97310713 0.96438187 0.96510507 0.17974917 0.18229283 0.99124274 0.99236742 0 0.0098311269999999 0.96655367 0.97383884 0.96691627 0.99236742 0.96329827 0.25852975 0.98230517 0.21897465 0.98008731
0.85275534 0.97201087 0.98193511 0.97457127 0.96510507 0.1828026 0.97128097 0.97457127 0.98193511 0.98452957 0.98193511 0.98750582 0.96836832 0.96510507 0.96546701 0.18051137 0.18305762 0.99049387 0.99124274 0.0098311269999999 0 0.96764197 0.97603827 0.96836832 0.99199232 0.96329827 0.25937644 0.97898087 0.2203137 0.97493771
0.98713312 0.99612871 1.00332747 0.96438187 0.98937193 0.97310713 0.98676067 0.99161747 0.97677282 0.98937193 0.49169747 0.98230517 0.49401051 0.48958343 0.48804969 0.97934952 0.97530437 0.43482539 0.43804351 0.96655367 0.96764197 0 0.98452957 0.0040831999999999 1.00561537 0.47966972 0.9629375 0.99311817 0.96474341 1.01059617
0.98527257 0.38563027 0.63481674 0.62509737 0.62394867 0.97750807 0.64019307 0.63902101 0.38563027 0.38797297 0.98825172 0.64844917 0.98119542 0.97861237 0.97714037 0.96221637 0.96909544 0.99953011 1.00028804 0.97383884 0.97603827 0.98452957 0 0.98490097 0.63249117 0.98378737 0.97383884 0.39049117 0.98452957 0.39116409
0.98974571 0.99612871 1.00256647 0.96474341 0.99049387 0.97347287 0.98638837 0.99086817 0.97787604 0.98974571 0.49304587 0.98638837 0.4951697 0.48977537 0.48824123 0.97971837 0.9756712 0.43357763 0.43679037 0.96691627 0.96836832 0.0040831999999999 0.98490097 0 1.00637947 0.48061729 0.9629375 0.99236742 0.96546701 1.01021187
0.98156517 0.646081 0.37025107 0.39640003 0.40235582 0.97640547 0.36421907 0.36682153 0.63435107 0.64113203 1.03799997 0.61937127 1.02143787 1.01599747 1.01136547 0.99274277 0.98974571 1.01059617 1.01021187 0.99236742 0.99199232 1.00561537 0.63249117 1.00637947 0 1.02026867 0.99311817 0.64821207 0.98899832 0.64655402
0.98193511 0.99915144 1.01910147 0.97274151 0.99274277 0.96582907 0.98899832 1.00104677 0.98341657 0.98341657 0.32360882 0.98527257 0.32176533 0.32715493 0.32715493 0.97787604 0.97787604 0.49574995 0.49633067 0.96329827 0.96329827 0.47966972 0.98378737 0.48061729 1.02026867 0 0.99236742 1.00028804 0.98527257 0.98267547
0.8459343 0.96619127 0.97824417 0.95112617 0.95361611 0.25951764 0.95862094 0.96546701 0.97861237 0.98676067 1.00294697 0.96836832 0.99049387 1.00104677 0.99726084 0.25375 0.25796587 1.00791007 1.00829317 0.25852975 0.25937644 0.9629375 0.97383884 0.9629375 0.99311817 0.99236742 0 0.96221637 0.25585497 0.98974571
0.9756712 0.32932167 0.65225387 0.64113203 0.63948962 0.97274151 0.6567972 0.65464167 0.23904091 0.24428087 1.00829317 0.65847797 0.99688327 0.99575177 0.99537497 0.97018737 0.97493771 1.01677217 1.01949037 0.98230517 0.97898087 0.99311817 0.39049117 0.99236742 0.64821207 1.00028804 0.96221637 0 0.98937193 0.33056262
0.84070567 0.99537497 0.98452957 0.96836832 0.96402052 0.22299897 0.9804565 0.98230517 0.99161747 0.99311817 0.99274277 0.97824417 0.98156517 1.00142647 1.00218637 0.21510488 0.21924226 1.00408937 1.00829317 0.21897465 0.2203137 0.96474341 0.98452957 0.96546701 0.98899832 0.98527257 0.25585497 0.98937193 0 1.00944377
0.98415843 0.21284564 0.645372 0.63598227 0.63668237 0.98750582 0.65201554 0.63761697 0.32530269 0.32963172 0.99424574 0.65368567 0.9886249 0.9886249 0.98193511 0.98974571 0.99011967 1.00791007 1.01406397 0.98008731 0.97493771 1.01059617 0.39116409 1.01021187 0.64655402 0.98267547 0.98974571 0.33056262 1.00944377 0
