0 0.9572284 0.9687838 0.9604604 0.97206604 0.97426224 0.9738958 0.9783054 0.98125964 0.9816297 0.98125964 0.9727974 1.0441338 1.036926 0.96841997 0.9746289 1.0118452 1.0258498 1.0293922 1.0397208 1.0293922 0.99169195 0.9924427 0.9931942 0.9680563 1.025065 0.97170067 0.95472425 0.97426224 0.97170067
0.9572284 0 0.44150028 0.44965157 0.44765082 0.45238847 0.43486387 0.43772647 0.44965157 0.5966618 0.5948914 0.4536691 0.9946995 1.002652 0.2690793 0.2718042 0.97978103 0.98683035 0.99056727 0.9946995 0.98832285 0.9360306 0.91439945 0.93672764 0.45642072 0.96841997 0.4480142 0.44493115 0.31087938 0.43970087
0.9687838 0.44150028 0 0.25630456 0.4454743 0.44946945 0.43147868 0.36892113 0.3794615 0.59312516 0.5971051 0.4130416 1.0203725 1.0301816 0.44024023 0.4454743 1.0160967 1.014548 1.0157093 1.0176488 1.0137748 0.9419761 0.9222244 0.94514287 0.36046484 1.0141612 0.4503804 0.31711105 0.44674316 0.44114006
0.9604604 0.44965157 0.25630456 0 0.44983372 0.44983372 0.43379322 0.36924827 0.37730846 0.58763224 0.59180313 0.41338858 1.0041765 1.0160967 0.45275414 0.44837776 1.0278157 1.0274222 1.000751 1.0041765 0.99847597 0.92771643 0.8999856 0.927372 0.3690847 1.0022715 0.4458366 0.31042543 0.4586293 0.43736804
0.97206604 0.44765082 0.4454743 0.44983372 0 0.27266678 0.25799534 0.44855958 0.45275414 0.6103006 0.61278665 0.44601783 1.0099207 1.0083846 0.44114006 0.44078 1.0231062 1.0238891 0.99734104 0.99847597 0.99545324 0.9229087 0.910349 0.9242792 0.44855958 0.99169195 0.3487521 0.43970087 0.45421863 0.29633912
0.97426224 0.45238847 0.44946945 0.44983372 0.27266678 0 0.2493004 0.4500159 0.45293704 0.62143886 0.60849774 0.45421863 1.0234975 1.0227151 0.45531887 0.45238847 1.0286036 1.0349361 1.0223241 1.019204 1.0122308 0.9433819 0.932902 0.9458484 0.45440188 1.0168724 0.3562722 0.44312346 0.47352183 0.29263687
0.9738958 0.43486387 0.43147868 0.43379322 0.25799534 0.2493004 0 0.44150028 0.4474692 0.60222155 0.6028915 0.44312346 1.0037951 1.01069 0.4458366 0.43880278 1.0168724 1.0083846 1.0034139 1.0060863 1.000751 0.92771643 0.91915274 0.929441 0.44294295 0.9838541 0.3427267 0.43539977 0.45293704 0.28470182
0.9783054 0.43772647 0.36892113 0.36924827 0.44855958 0.4500159 0.44150028 0 0.15177076 0.5971051 0.5997702 0.42598802 1.0045581 1.0064689 0.44819596 0.44601783 1.0199828 1.0305767 1.0034139 0.9977191 0.99131685 0.9242792 0.91439945 0.9249654 0.35755974 1.0060863 0.44855958 0.3768125 0.45881367 0.44348466
0.98125964 0.44965157 0.3794615 0.37730846 0.45275414 0.45293704 0.4474692 0.15177076 0 0.6157354 0.6161901 0.42634106 0.99847597 1.0030329 0.45697227 0.4555024 1.0068517 1.0188149 1.001891 0.9980974 0.99545324 0.9304776 0.9167723 0.93255514 0.36794052 1.0068517 0.45165765 0.38078952 0.46827576 0.44855958
0.9816297 0.5966618 0.59312516 0.58763224 0.6103006 0.62143886 0.60222155 0.5971051 0.6157354 0 0.13314977 0.6150539 0.9924427 1.0053219 0.59888077 0.5926842 1.0203725 1.0211525 0.99734104 0.98757625 0.99281836 0.92462224 0.91915274 0.9266836 0.60222155 0.9977191 0.610752 0.5964403 0.60669917 0.59954774
0.98125964 0.5948914 0.5971051 0.59180313 0.61278665 0.60849774 0.6028915 0.5997702 0.6161901 0.13314977 0 0.6184676 0.98051995 0.9931942 0.5979924 0.5946704 1.0099207 1.0034139 0.98869646 0.9860852 0.9860852 0.91541547 0.9063204 0.9174517 0.60423315 0.9939465 0.60984945 0.5971051 0.6103006 0.5951125
0.9727974 0.4536691 0.4130416 0.41338858 0.44601783 0.45421863 0.44312346 0.42598802 0.42634106 0.6150539 0.6184676 0 1.0176488 1.0293922 0.45330298 0.45257127 1.0195932 1.0164845 1.0227151 1.0126165 1.0223241 0.93987226 0.9229087 0.94373375 0.4261645 1.0157093 0.45936695 0.41651866 0.46195444 0.4474692
1.0441338 0.9946995 1.0203725 1.0041765 1.0099207 1.0234975 1.0037951 1.0045581 0.99847597 0.9924427 0.98051995 1.0176488 0 0.10582713 0.9931942 0.98125964 0.6442242 0.64635193 0.10433162 0.10525158 0.1045615 1.001891 1.025065 1.0041765 1.0195932 0.33878887 1.005704 1.0037951 1.0003713 1.0207624
1.036926 1.002652 1.0301816 1.0160967 1.0083846 1.0227151 1.01069 1.0064689 1.0030329 1.0053219 0.9931942 1.0293922 0.10582713 0 0.99131685 0.9783054 0.64540553 0.6484856 0.09123035 0.09202131 0.09190826 1.002652 1.0254573 1.0037951 1.0207624 0.34193748 1.0034139 1.0207624 1.0045581 1.0130024
0.96841997 0.2690793 0.44024023 0.45275414 0.44114006 0.45531887 0.4458366 0.44819596 0.45697227 0.59888077 0.5979924 0.45330298 0.9931942 0.99131685 0 0.09123035 0.99658537 0.9958304 0.9894442 0.9946995 0.98794943 0.91915274 0.8927168 0.91983426 0.45734018 0.98683035 0.45092753 0.4503804 0.3087633 0.44150028
0.9746289 0.2718042 0.4454743 0.44837776 0.44078 0.45238847 0.43880278 0.44601783 0.4555024 0.5926842 0.5946704 0.45257127 0.98125964 0.9783054 0.09123035 0 0.99169195 0.9920673 0.97720057 0.98869646 0.9808897 0.90900373 0.88682157 0.908332 0.45330298 0.97978103 0.44928738 0.4500159 0.30785823 0.4393415
1.0118452 0.97978103 1.0160967 1.0278157 1.0231062 1.0286036 1.0168724 1.0199828 1.0068517 1.0203725 1.0099207 1.0195932 0.6442242 0.64540553 0.99658537 0.99169195 0 0.085380614 0.64919823 0.65564215 0.65253264 1.0337447 1.01146 1.0337447 1.01146 0.6461152 1.0068517 1.025065 1.0227151 1.0130024
1.0258498 0.98683035 1.014548 1.0274222 1.0238891 1.0349361 1.0083846 1.0305767 1.0188149 1.0211525 1.0034139 1.0164845 0.64635193 0.6484856 0.9958304 0.9920673 0.085380614 0 0.65253264 0.6568416 0.65660155 1.033348 1.0133885 1.0329514 1.018426 0.64564204 1.0188149 1.0305767 1.0195932 1.005704
1.0293922 0.99056727 1.0157093 1.000751 0.99734104 1.0223241 1.0034139 1.0034139 1.001891 0.99734104 0.98869646 1.0227151 0.10433162 0.09123035 0.9894442 0.97720057 0.64919823 0.65253264 0 0.059607152 0.060473826 0.99847597 1.0122308 0.99999183 1.014548 0.3425688 1.01146 1.0103053 1.001891 1.0188149
1.0397208 0.9946995 1.0176488 1.0041765 0.99847597 1.019204 1.0060863 0.9977191 0.9980974 0.98757625 0.9860852 1.0126165 0.10525158 0.09202131 0.9946995 0.98869646 0.65564215 0.6568416 0.059607152 0 0.025736572 0.99658537 1.0207624 0.99961257 1.0130024 0.34446594 1.0099207 1.0130024 1.0003713 1.0172604
1.0293922 0.98832285 1.0137748 0.99847597 0.99545324 1.0122308 1.000751 0.99131685 0.99545324 0.99281836 0.9860852 1.0223241 0.1045615 0.09190826 0.98794943 0.9808897 0.65253264 0.65660155 0.060473826 0.025736572 0 0.99357027 1.0172604 0.9958304 1.0037951 0.34177974 1.0060863 1.0041765 0.99734104 1.014548
0.99169195 0.9360306 0.9419761 0.92771643 0.9229087 0.9433819 0.92771643 0.9242792 0.9304776 0.92462224 0.91541547 0.93987226 1.001891 1.002652 0.91915274 0.90900373 1.0337447 1.033348 0.99847597 0.99658537 0.99357027 0 0.40065598 0.007941901 0.9479691 0.98683035 0.93777436 0.931862 0.93151563 0.9222244
0.9924427 0.91439945 0.9222244 0.8999856 0.910349 0.932902 0.91915274 0.91439945 0.9167723 0.91915274 0.9063204 0.9229087 1.025065 1.0254573 0.8927168 0.88682157 1.01146 1.0133885 1.0122308 1.0207624 1.0172604 0.40065598 0 0.39963302 0.93324894 1.0157093 0.91915274 0.9019803 0.929441 0.9127091
0.9931942 0.93672764 0.94514287 0.927372 0.9242792 0.9458484 0.929441 0.9249654 0.93255514 0.9266836 0.9174517 0.94373375 1.0041765 1.0037951 0.91983426 0.908332 1.0337447 1.0329514 0.99999183 0.99961257 0.9958304 0.007941901 0.39963302 0 0.94867724 0.9924427 0.93847305 0.932902 0.93082345 0.92393637
0.9680563 0.45642072 0.36046484 0.3690847 0.44855958 0.45440188 0.44294295 0.35755974 0.36794052 0.60222155 0.60423315 0.4261645 1.0195932 1.0207624 0.45734018 0.45330298 1.01146 1.018426 1.014548 1.0130024 1.0037951 0.9479691 0.93324894 0.94867724 0 1.015322 0.45385224 0.3725277 0.45936695 0.44276246
1.025065 0.96841997 1.0141612 1.0022715 0.99169195 1.0168724 0.9838541 1.0060863 1.0068517 0.9977191 0.9939465 1.0157093 0.33878887 0.34193748 0.98683035 0.97978103 0.6461152 0.64564204 0.3425688 0.34446594 0.34177974 0.98683035 1.0157093 0.9924427 1.015322 0 0.98907024 1.0080011 0.98683035 0.98683035
0.97170067 0.4480142 0.4503804 0.4458366 0.3487521 0.3562722 0.3427267 0.44855958 0.45165765 0.610752 0.60984945 0.45936695 1.005704 1.0034139 0.45092753 0.44928738 1.0068517 1.0188149 1.01146 1.0099207 1.0060863 0.93777436 0.91915274 0.93847305 0.45385224 0.98907024 0 0.44946945 0.4662248 0.34446594
0.95472425 0.44493115 0.31711105 0.31042543 0.43970087 0.44312346 0.43539977 0.3768125 0.38078952 0.5964403 0.5971051 0.41651866 1.0037951 1.0207624 0.4503804 0.4500159 1.025065 1.0305767 1.0103053 1.0130024 1.0041765 0.931862 0.9019803 0.932902 0.3725277 1.0080011 0.44946945 0 0.45992067 0.44493115
0.97426224 0.31087938 0.44674316 0.4586293 0.45421863 0.47352183 0.45293704 0.45881367 0.46827576 0.60669917 0.6103006 0.46195444 1.0003713 1.0045581 0.3087633 0.30785823 1.0227151 1.0195932 1.001891 1.0003713 0.99734104 0.93151563 0.929441 0.93082345 0.45936695 0.98683035 0.4662248 0.45992067 0 0.45184028
0.97170067 0.43970087 0.44114006 0.43736804 0.29633912 0.29263687 0.28470182 0.44348466 0.44855958 0.59954774 0.5951125 0.4474692 1.0207624 1.0130024 0.44150028 0.4393415 1.0130024 1.005704 1.0188149 1.0172604 1.014548 0.9222244 0.9127091 0.92393637 0.44276246 0.98683035 0.34446594 0.44493115 0.45184028 0
