0 0.69122875 0.92154074 1.0274222 0.67876583 0.6772841 0.4555024 0.93672764 0.9301319 0.9808897 0.97941184 1.0049399 0.6713863 0.6790131 1.0219333 1.0227151 1.0172604 0.6827315 0.68721807 1.0157093 1.0168724 0.45992067 0.99734104 0.46029004 0.6777777 0.69349426 0.9962078 0.9086678 0.7018601 0.6887196
0.69122875 0 0.8838912 0.99847597 0.12684672 0.122595415 0.67580533 0.8874743 0.8881276 0.9958304 0.9901927 1.014548 0.25700858 0.2616718 1.0060863 1.0072346 1.0053219 0.38178706 0.38112187 1.0003713 1.0022715 0.67359257 0.98645765 0.6731017 0.38696238 0.38045728 0.9901927 0.8855178 0.23809068 0.38712993
0.92154074 0.8838912 0 0.982 0.8803252 0.8864954 0.9106857 0.10755644 0.10640312 0.990942 0.98794943 0.9901927 0.8864954 0.8910746 0.99281836 0.98645765 0.98869646 0.90164745 0.90231323 0.9831119 0.98757625 0.91169673 0.9746289 0.908332 0.89304566 0.89766514 0.9673296 0.2420848 0.91169673 0.91473794
1.0274222 0.99847597 0.982 0 1.0133885 0.9977191 1.0274222 0.98832285 0.9845971 0.19097567 0.19033095 0.5933457 1.0157093 1.018426 0.10582713 0.105366655 0.10640312 1.0045581 1.0053219 0.10582713 0.105596855 1.0289978 0.5971051 1.0305767 0.99281836 1.0068517 0.27511612 0.9827411 1.0231062 1.0133885
0.67876583 0.12684672 0.8803252 1.0133885 0 0.06525853 0.675067 0.88910866 0.8864954 1.0011308 0.99734104 1.0091523 0.2515346 0.2543368 1.0199828 1.0258498 1.0172604 0.3794615 0.3801252 1.0149349 1.0160967 0.671876 0.9958304 0.67114156 0.37962735 0.3717065 0.98832285 0.8887815 0.23084556 0.38228634
0.6772841 0.122595415 0.8864954 0.9977191 0.06525853 0 0.67040783 0.8979962 0.8943626 0.99545324 0.98869646 1.0103053 0.24526776 0.24832502 1.0122308 1.0149349 1.0118452 0.3753265 0.376482 1.005704 1.0080011 0.66553456 0.98348296 0.6643211 0.37483186 0.36892113 0.9872032 0.891731 0.2288077 0.37797028
0.4555024 0.67580533 0.9106857 1.0274222 0.675067 0.67040783 0 0.92154074 0.9174517 1.0095364 1.0080011 1.0293922 0.6733471 0.6731017 1.030972 1.0172604 1.0141612 0.6859691 0.6877182 1.0278157 1.0293922 0.06908647 1.0037951 0.06853842 0.6699191 0.6864684 1.0083846 0.9063204 0.69349426 0.6924865
0.93672764 0.8874743 0.10755644 0.98832285 0.88910866 0.8979962 0.92154074 0 0.064168416 0.9946995 0.99169195 0.9894442 0.89469224 0.90164745 0.99545324 0.98757625 0.99131685 0.9013148 0.90498227 0.98907024 0.99357027 0.9225665 0.99281836 0.91949344 0.8937039 0.89865875 0.9698763 0.23767869 0.92462224 0.9160936
0.9301319 0.8881276 0.10640312 0.9845971 0.8864954 0.8943626 0.9174517 0.064168416 0 0.99056727 0.99131685 0.9860852 0.89766514 0.90231323 0.9924427 0.98645765 0.98869646 0.9073255 0.90900373 0.9860852 0.990942 0.92017525 0.98683035 0.91711193 0.8956819 0.90766084 0.96769285 0.23685543 0.9256522 0.92462224
0.9808897 0.9958304 0.990942 0.19097567 1.0011308 0.99545324 1.0095364 0.9946995 0.99056727 0 0.05442802 0.57871 1.014548 1.0176488 0.18955801 0.18994439 0.19136275 1.0034139 1.0003713 0.19020207 0.1900732 1.0126165 0.57719725 1.0126165 0.99056727 0.99999183 0.2703688 0.98683035 1.0188149 1.01069
0.97941184 0.9901927 0.98794943 0.19033095 0.99734104 0.98869646 1.0080011 0.99169195 0.99131685 0.05442802 0 0.57957584 1.0076177 1.0095364 0.19175006 0.19123371 0.192396 0.9920673 0.99056727 0.19162093 0.19110468 1.0087683 0.57957584 1.0072346 0.9872032 0.99169195 0.27209163 0.9827411 1.0199828 1.0034139
1.0049399 1.014548 0.9901927 0.5933457 1.0091523 1.0103053 1.0293922 0.9894442 0.9860852 0.57871 0.57957584 0 1.0083846 1.0157093 0.59533364 0.5929046 0.5979924 1.018426 1.0195932 0.59599745 0.5977705 1.0238891 0.40527666 1.0231062 1.0011308 1.019204 0.58174473 0.98051995 1.0353336 1.015322
0.6713863 0.25700858 0.8864954 1.0157093 0.2515346 0.24526776 0.6733471 0.89469224 0.89766514 1.014548 1.0076177 1.0083846 0 0.042904105 1.018426 1.0126165 1.0122308 0.37450224 0.3749967 1.0130024 1.015322 0.6686986 0.9898184 0.6689425 0.3794615 0.3743375 0.9901927 0.88291705 0.26451218 0.38062337
0.6790131 0.2616718 0.8910746 1.018426 0.2543368 0.24832502 0.6731017 0.90164745 0.90231323 1.0176488 1.0095364 1.0157093 0.042904105 0 1.0215429 1.0137748 1.0160967 0.38095567 0.3814544 1.0160967 1.0172604 0.66796726 0.99885464 0.6677236 0.385289 0.37830138 0.9943229 0.890091 0.26679227 0.3888074
1.0219333 1.0060863 0.99281836 0.10582713 1.0199828 1.0122308 1.030972 0.99545324 0.9924427 0.18955801 0.19175006 0.59533364 1.018426 1.0215429 0 0.06427736 0.06449529 1.0080011 1.0095364 0.022947505 0.022844406 1.0286036 0.5946704 1.0297868 0.9958304 1.0122308 0.27223536 1.0022715 1.033348 1.0157093
1.0227151 1.0072346 0.98645765 0.105366655 1.0258498 1.0149349 1.0172604 0.98757625 0.98645765 0.18994439 0.19123371 0.5929046 1.0126165 1.0137748 0.06427736 0 0.015152031 1.0126165 1.0149349 0.06471328 0.06449529 1.0176488 0.59422857 1.0180373 0.9980974 1.0157093 0.2749718 0.9950763 1.0274222 1.0238891
1.0172604 1.0053219 0.98869646 0.10640312 1.0172604 1.0118452 1.0141612 0.99131685 0.98869646 0.19136275 0.192396 0.5979924 1.0122308 1.0160967 0.06449529 0.015152031 0 1.0095364 1.0126165 0.06471328 0.06449529 1.0149349 0.5982144 1.0157093 0.9969631 1.015322 0.27554917 0.9977191 1.0238891 1.0223241
0.6827315 0.38178706 0.90164745 1.0045581 0.3794615 0.3753265 0.6859691 0.9013148 0.9073255 1.0034139 0.9920673 1.018426 0.37450224 0.38095567 1.0080011 1.0126165 1.0095364 0 0.008852034 1.001891 1.005704 0.68198633 1.002652 0.67975533 0.35788196 0.33081922 0.9920673 0.8943626 0.39436984 0.1421607
0.68721807 0.38112187 0.90231323 1.0053219 0.3801252 0.376482 0.6877182 0.90498227 0.90900373 1.0003713 0.99056727 1.0195932 0.3749967 0.3814544 1.0095364 1.0149349 1.0126165 0.008852034 0 1.0034139 1.0072346 0.6837262 1.0030329 0.68173814 0.35820433 0.32988715 0.9939465 0.8989902 0.39538565 0.14107366
1.0157093 1.0003713 0.9831119 0.10582713 1.0149349 1.005704 1.0278157 0.98907024 0.9860852 0.19020207 0.19162093 0.59599745 1.0130024 1.0160967 0.022947505 0.06471328 0.06471328 1.001891 1.0034139 0 0.006427463 1.0254573 0.6017752 1.0266355 0.99281836 1.0091523 0.27353033 0.99281836 1.0254573 1.0087683
1.0168724 1.0022715 0.98757625 0.105596855 1.0160967 1.0080011 1.0293922 0.99357027 0.990942 0.1900732 0.19110468 0.5977705 1.015322 1.0172604 0.022844406 0.06449529 0.06449529 1.005704 1.0072346 0.006427463 0 1.0278157 0.6011063 1.0286036 0.9946995 1.0122308 0.27353033 0.9969631 1.0266355 1.0126165
0.45992067 0.67359257 0.91169673 1.0289978 0.671876 0.66553456 0.06908647 0.9225665 0.92017525 1.0126165 1.0087683 1.0238891 0.6686986 0.66796726 1.0286036 1.0176488 1.0149349 0.68198633 0.6837262 1.0254573 1.0278157 0 0.9980974 0.005117419 0.6684547 0.68223464 1.0076177 0.9019803 0.68972224 0.69022405
0.99734104 0.98645765 0.9746289 0.5971051 0.9958304 0.98348296 1.0037951 0.99281836 0.98683035 0.57719725 0.57957584 0.40527666 0.9898184 0.99885464 0.5946704 0.59422857 0.5982144 1.002652 1.0030329 0.6017752 0.6011063 0.9980974 0 0.99734104 0.9838541 0.9946995 0.57439595 0.96190137 1.0286036 1.0003713
0.46029004 0.6731017 0.908332 1.0305767 0.67114156 0.6643211 0.06853842 0.91949344 0.91711193 1.0126165 1.0072346 1.0231062 0.6689425 0.6677236 1.0297868 1.0180373 1.0157093 0.67975533 0.68173814 1.0266355 1.0286036 0.005117419 0.99734104 0 0.66748005 0.68049824 1.0072346 0.90031767 0.68972224 0.6882187
0.6777777 0.38696238 0.89304566 0.99281836 0.37962735 0.37483186 0.6699191 0.8937039 0.8956819 0.99056727 0.9872032 1.0011308 0.3794615 0.385289 0.9958304 0.9980974 0.9969631 0.35788196 0.35820433 0.99281836 0.9946995 0.6684547 0.9838541 0.66748005 0 0.35050538 0.97941184 0.90565103 0.39487758 0.36208364
0.69349426 0.38045728 0.89766514 1.0068517 0.3717065 0.36892113 0.6864684 0.89865875 0.90766084 0.99999183 0.99169195 1.019204 0.3743375 0.37830138 1.0122308 1.0157093 1.015322 0.33081922 0.32988715 1.0091523 1.0122308 0.68223464 0.9946995 0.68049824 0.35050538 0 0.9939465 0.90900373 0.38178706 0.33221948
0.9962078 0.9901927 0.9673296 0.27511612 0.98832285 0.9872032 1.0083846 0.9698763 0.96769285 0.2703688 0.27209163 0.58174473 0.9901927 0.9943229 0.27223536 0.2749718 0.27554917 0.9920673 0.9939465 0.27353033 0.27353033 1.0076177 0.57439595 1.0072346 0.97941184 0.9939465 0 0.98237044 1.0095364 1.0091523
0.9086678 0.8855178 0.2420848 0.9827411 0.8887815 0.891731 0.9063204 0.23767869 0.23685543 0.98683035 0.9827411 0.98051995 0.88291705 0.890091 1.0022715 0.9950763 0.9977191 0.8943626 0.8989902 0.99281836 0.9969631 0.9019803 0.96190137 0.90031767 0.90565103 0.90900373 0.98237044 0 0.9127091 0.9106857
0.7018601 0.23809068 0.91169673 1.0231062 0.23084556 0.2288077 0.69349426 0.92462224 0.9256522 1.0188149 1.0199828 1.0353336 0.26451218 0.26679227 1.033348 1.0274222 1.0238891 0.39436984 0.39538565 1.0254573 1.0266355 0.68972224 1.0286036 0.68972224 0.39487758 0.38178706 1.0095364 0.9127091 0 0.39640284
0.6887196 0.38712993 0.91473794 1.0133885 0.38228634 0.37797028 0.6924865 0.9160936 0.92462224 1.01069 1.0034139 1.015322 0.38062337 0.3888074 1.0157093 1.0238891 1.0223241 0.1421607 0.14107366 1.0087683 1.0126165 0.69022405 1.0003713 0.6882187 0.36208364 0.33221948 1.0091523 0.9106857 0.39640284 0
