0 0.9872032 0.7165336 0.7254249 0.9842255 0.98794943 0.98237044 1.0037951 0.9872032 0.9898184 0.97352946 0.64469653 0.97609735 0.9969631 1.005704 1.005704 0.99885464 0.9709704 0.9695119 0.9901927 0.98237044 0.66602045 0.9709704 0.66504896 0.9946995 0.9709704 1.0087683 1.0045581 0.9857129 1.000751
0.9872032 0 0.99281836 1.0076177 0.87613255 0.79483217 0.7905161 0.56647974 0.6515784 0.6522939 0.7905161 0.9709704 0.8026644 0.5761186 0.56882447 0.7994636 0.79917336 0.86337715 0.864643 0.33706275 0.3353406 1.0030329 0.7779968 0.9950763 0.870685 0.6376432 0.29589388 0.8055861 0.24776822 0.18801454
0.7165336 0.99281836 0 0.18263726 0.98794943 1.0180373 1.0149349 1.0130024 1.0015109 1.005704 0.9768326 0.7293813 0.9845971 0.99131685 1.0149349 1.0053219 0.99847597 0.9842255 0.9920673 0.9931942 0.9783054 0.7175742 0.97609735 0.72384816 1.0076177 0.9958304 1.005704 1.0266355 1.0083846 0.99999183
0.7254249 1.0076177 0.18263726 0 0.9857129 1.0064689 0.99923354 1.0223241 1.0064689 1.0188149 0.9655158 0.7365559 0.9695119 1.0022715 1.0270288 1.0126165 0.9946995 0.982 0.9845971 0.9980974 0.9853408 0.7251619 0.9738958 0.7267414 0.9950763 0.99885464 1.0080011 1.0266355 1.0083846 0.99999183
0.9842255 0.87613255 0.98794943 0.9857129 0 0.8722831 0.85802114 0.8652767 0.8592779 0.8884545 0.85707986 0.9946995 0.8694089 0.85270303 0.8514572 0.86909026 0.8624292 0.17996301 0.17742492 0.8517685 0.84217876 0.99056727 0.85613984 0.98348296 0.34747958 0.864643 0.87774235 0.8774201 0.86337715 0.8738847
0.98794943 0.79483217 1.0180373 1.0064689 0.8722831 0 0.12767617 0.7994636 0.80324787 0.811759 0.43272406 0.9950763 0.43539977 0.7956984 0.79310274 0.5413658 0.5321607 0.86877173 0.86559373 0.7862246 0.7805406 1.0076177 0.4820307 1.0053219 0.87324363 0.79109013 0.8082254 0.2738184 0.79540956 0.8017901
0.98237044 0.7905161 1.0149349 0.99923354 0.85802114 0.12767617 0 0.79223955 0.7859394 0.79859304 0.42651764 0.99961257 0.43236804 0.79223955 0.7896558 0.53256744 0.5258845 0.8662283 0.85613984 0.78394586 0.77546155 0.9980974 0.47823706 0.9980974 0.8649598 0.77715075 0.7994636 0.26864994 0.7890828 0.790803
1.0037951 0.56647974 1.0130024 1.0223241 0.8652767 0.7994636 0.79223955 0 0.65540254 0.65876466 0.7936788 0.98757625 0.7836615 0.1274391 0.1295755 0.79627645 0.79656565 0.8649598 0.8636934 0.56903803 0.56393015 1.015322 0.79223955 1.0049399 0.8602219 0.65372705 0.5692516 0.8221614 0.5793593 0.56350607
0.9872032 0.6515784 1.0015109 1.0064689 0.8592779 0.80324787 0.7859394 0.65540254 0 0.12400984 0.78082377 0.9939465 0.7802575 0.6592462 0.65492344 0.7945437 0.7893693 0.85582674 0.8480418 0.6357735 0.6332101 1.0168724 0.7681854 1.0041765 0.85363877 0.31148508 0.6599691 0.80441606 0.65372705 0.6430448
0.9898184 0.6522939 1.005704 1.0188149 0.8884545 0.811759 0.79859304 0.65876466 0.12400984 0 0.78195757 1.001891 0.7805406 0.66286767 0.6578025 0.8000446 0.79743385 0.87613255 0.863061 0.64469653 0.64233804 1.0211525 0.782809 1.0122308 0.87324363 0.3197102 0.67089695 0.80705124 0.6604514 0.6461152
0.97352946 0.7905161 0.9768326 0.9655158 0.85707986 0.43272406 0.42651764 0.7936788 0.78082377 0.78195757 0 0.98794943 0.12519057 0.7836615 0.7763057 0.5380799 0.52972496 0.85802114 0.8545757 0.7737762 0.7687426 0.9898184 0.4769138 0.97867405 0.86179787 0.782809 0.79483217 0.44946945 0.8014989 0.7885103
0.64469653 0.9709704 0.7293813 0.7365559 0.9946995 0.9950763 0.99961257 0.98757625 0.9939465 1.001891 0.98794943 0 0.9943229 0.99281836 0.9946995 1.005704 0.9857129 0.9838541 0.98645765 0.9713354 0.9673296 0.6244219 0.97024083 0.6175558 0.9958304 0.9673296 0.982 1.0282096 0.97352946 0.9698763
0.97609735 0.8026644 0.9845971 0.9695119 0.8694089 0.43539977 0.43236804 0.7836615 0.7802575 0.7805406 0.12519057 0.9943229 0 0.7690214 0.76651627 0.5421895 0.5299277 0.8605368 0.8611671 0.77546155 0.7723746 0.98757625 0.4837441 0.9853408 0.86813504 0.782809 0.7977235 0.45421863 0.7956984 0.78879654
0.9969631 0.5761186 0.99131685 1.0022715 0.85270303 0.7956984 0.79223955 0.1274391 0.6592462 0.66286767 0.7836615 0.99281836 0.7690214 0 0.10975263 0.79830307 0.79917336 0.85270303 0.847732 0.57439595 0.5692516 1.0157093 0.78708094 1.0045581 0.8508351 0.65564215 0.5810934 0.81087404 0.5808764 0.5713908
1.005704 0.56882447 1.0149349 1.0270288 0.8514572 0.79310274 0.7896558 0.1295755 0.65492344 0.6578025 0.7763057 0.9946995 0.76651627 0.10975263 0 0.7853693 0.7862246 0.8505242 0.8455675 0.56882447 0.56647974 1.0195932 0.77546155 1.0122308 0.847732 0.6465887 0.5761186 0.80500084 0.5802258 0.5656289
1.005704 0.7994636 1.0053219 1.0126165 0.86909026 0.5413658 0.53256744 0.79627645 0.7945437 0.8000446 0.5380799 1.005704 0.5421895 0.79830307 0.7853693 0 0.10341278 0.86274505 0.8599071 0.7890828 0.7853693 0.99734104 0.52709514 1.0049399 0.8592779 0.77546155 0.80587894 0.5613892 0.79917336 0.78565425
0.99885464 0.79917336 0.99847597 0.9946995 0.8624292 0.5321607 0.5258845 0.79656565 0.7893693 0.79743385 0.52972496 0.9857129 0.5299277 0.79917336 0.7862246 0.10341278 0 0.85802114 0.85332674 0.78793824 0.7825251 0.9894442 0.50992644 0.9946995 0.86148244 0.78082377 0.80353975 0.5426017 0.79656565 0.7779968
0.9709704 0.86337715 0.9842255 0.982 0.17996301 0.86877173 0.8662283 0.8649598 0.85582674 0.87613255 0.85802114 0.9838541 0.8605368 0.85270303 0.8505242 0.86274505 0.85802114 0 0.093492456 0.84279376 0.83727676 0.9838541 0.8499028 0.9779369 0.34146434 0.84125715 0.8605368 0.8716434 0.8517685 0.84928197
0.9695119 0.864643 0.9920673 0.9845971 0.17742492 0.86559373 0.85613984 0.8636934 0.8480418 0.863061 0.8545757 0.98645765 0.8611671 0.847732 0.8455675 0.8599071 0.85332674 0.093492456 0 0.84217876 0.83089113 0.98683035 0.8446418 0.982 0.3340906 0.83483773 0.8678169 0.8684533 0.853951 0.853951
0.9901927 0.33706275 0.9931942 0.9980974 0.8517685 0.7862246 0.78394586 0.56903803 0.6357735 0.64469653 0.7737762 0.9713354 0.77546155 0.57439595 0.56882447 0.7890828 0.78793824 0.84279376 0.84217876 0 0.043221835 0.98237044 0.7712552 0.9768326 0.8545757 0.62603307 0.3487521 0.8020814 0.34367487 0.3427267
0.98237044 0.3353406 0.9783054 0.9853408 0.84217876 0.7805406 0.77546155 0.56393015 0.6332101 0.64233804 0.7687426 0.9673296 0.7723746 0.5692516 0.56647974 0.7853693 0.7825251 0.83727676 0.83089113 0.043221835 0 0.97609735 0.7629125 0.97170067 0.8505242 0.6221262 0.34494096 0.7916646 0.34288466 0.33847472
0.66602045 1.0030329 0.7175742 0.7251619 0.99056727 1.0076177 0.9980974 1.015322 1.0168724 1.0211525 0.9898184 0.6244219 0.98757625 1.0157093 1.0195932 0.99734104 0.9894442 0.9838541 0.98683035 0.98237044 0.97609735 0 0.97170067 0.044812504 0.99961257 0.9924427 1.0207624 1.0429276 1.001891 1.0160967
0.9709704 0.7779968 0.97609735 0.9738958 0.85613984 0.4820307 0.47823706 0.79223955 0.7681854 0.782809 0.4769138 0.97024083 0.4837441 0.78708094 0.77546155 0.52709514 0.50992644 0.8499028 0.8446418 0.7712552 0.7629125 0.97170067 0 0.97720057 0.86718106 0.762636 0.7928149 0.5003172 0.78394586 0.7765873
0.66504896 0.9950763 0.72384816 0.7267414 0.98348296 1.0053219 0.9980974 1.0049399 1.0041765 1.0122308 0.97867405 0.6175558 0.9853408 1.0045581 1.0122308 1.0049399 0.9946995 0.9779369 0.982 0.9768326 0.97170067 0.044812504 0.97720057 0 0.99961257 0.9860852 1.0168724 1.0365276 0.99545324 1.0072346
0.9946995 0.870685 1.0076177 0.9950763 0.34747958 0.87324363 0.8649598 0.8602219 0.85363877 0.87324363 0.86179787 0.9958304 0.86813504 0.8508351 0.847732 0.8592779 0.86148244 0.34146434 0.3340906 0.8545757 0.8505242 0.99961257 0.86718106 0.99961257 0 0.8400302 0.877098 0.8703658 0.8726031 0.8694089
0.9709704 0.6376432 0.9958304 0.99885464 0.864643 0.79109013 0.77715075 0.65372705 0.31148508 0.3197102 0.782809 0.9673296 0.782809 0.65564215 0.6465887 0.77546155 0.78082377 0.84125715 0.83483773 0.62603307 0.6221262 0.9924427 0.762636 0.9860852 0.8400302 0 0.654684 0.7825251 0.6439882 0.63019204
1.0087683 0.29589388 1.005704 1.0080011 0.87774235 0.8082254 0.7994636 0.5692516 0.6599691 0.67089695 0.79483217 0.982 0.7977235 0.5810934 0.5761186 0.80587894 0.80353975 0.8605368 0.8678169 0.3487521 0.34494096 1.0207624 0.7928149 1.0168724 0.877098 0.654684 0 0.82395923 0.30650267 0.2991651
1.0045581 0.8055861 1.0266355 1.0266355 0.8774201 0.2738184 0.26864994 0.8221614 0.80441606 0.80705124 0.44946945 1.0282096 0.45421863 0.81087404 0.80500084 0.5613892 0.5426017 0.8716434 0.8684533 0.8020814 0.7916646 1.0429276 0.5003172 1.0365276 0.8703658 0.7825251 0.82395923 0 0.812645 0.8055861
0.9857129 0.24776822 1.0083846 1.0083846 0.86337715 0.79540956 0.7890828 0.5793593 0.65372705 0.6604514 0.8014989 0.97352946 0.7956984 0.5808764 0.5802258 0.79917336 0.79656565 0.8517685 0.853951 0.34367487 0.34288466 1.001891 0.78394586 0.99545324 0.8726031 0.6439882 0.30650267 0.812645 0 0.24623917
1.000751 0.18801454 0.99999183 0.99999183 0.8738847 0.8017901 0.790803 0.56350607 0.6430448 0.6461152 0.7885103 0.9698763 0.78879654 0.5713908 0.5656289 0.78565425 0.7779968 0.84928197 0.853951 0.3427267 0.33847472 1.0160967 0.7765873 1.0072346 0.8694089 0.63019204 0.2991651 0.8055861 0.24623917 0
