0 1.0141612 0.77856135 0.78337723 0.793967 0.99923354 0.9958304 1.0068517 1.0022715 1.0003713 0.799754 0.9924427 0.79252714 0.790803 0.9894442 1.0003713 0.9644296 0.9680563 0.97499573 0.77771467 0.77856135 0.9753628 0.9608204 0.9706055 0.9838541 0.9680563 0.96769285 0.79425526 1.005704 0.9845971
1.0141612 0 1.0176488 1.0168724 1.0072346 0.28616497 0.28120193 0.28149295 0.27627152 0.26508155 1.0188149 1.0118452 1.0122308 1.0223241 0.9962078 0.9962078 1.0211525 1.0449389 1.0365276 0.9977191 1.0122308 1.0449389 1.0095364 1.0353336 1.0164845 1.018426 1.0381224 1.0110749 1.0037951 0.9946995
0.77856135 1.0176488 0 0.25602314 0.34209526 1.0091523 1.0064689 1.015322 0.99923354 0.9980974 0.3427267 1.0060863 0.3433587 0.34446594 0.98645765 0.99545324 0.9939465 1.0118452 0.99847597 0.3650064 0.37039444 0.98683035 0.98125964 1.0034139 1.000751 1.0095364 0.9950763 0.37072223 1.0133885 1.0180373
0.78337723 1.0168724 0.25602314 0 0.34099153 1.0126165 1.0168724 1.0164845 1.005704 1.0030329 0.34795654 0.9977191 0.3477975 0.34747958 0.9939465 0.9898184 0.9943229 1.0003713 0.99545324 0.37450224 0.37549147 0.9946995 0.9894442 1.0064689 1.0041765 0.9924427 0.99357027 0.3743375 1.0037951 1.0034139
0.793967 1.0072346 0.34209526 0.34099153 0 1.0211525 1.0130024 1.0266355 1.0172604 0.9980974 0.23822805 1.0130024 0.23822805 0.23905283 1.002652 1.005704 1.002652 1.0011308 0.9969631 0.36843067 0.37105018 1.0030329 0.9753628 1.0041765 1.0238891 0.99281836 0.9838541 0.3717065 1.0015109 0.99545324
0.99923354 0.28616497 1.0091523 1.0126165 1.0211525 0 0.2243438 0.22691068 0.30050746 0.2927846 1.0293922 1.0091523 1.0180373 1.0305767 0.990942 0.99545324 1.0437315 1.0674262 1.0575305 0.9943229 1.0034139 1.0530384 1.0133885 1.0433295 1.042526 1.0301816 1.0341415 1.0195932 1.01069 0.9924427
0.9958304 0.28120193 1.0064689 1.0168724 1.0130024 0.2243438 0 0.20661752 0.29175103 0.2857257 1.0282096 1.0122308 1.0141612 1.0242808 0.98794943 0.9939465 1.0238891 1.0389212 1.0389212 0.9931942 1.0034139 1.0293922 1.005704 1.019204 1.0203725 1.015322 1.0164845 1.0227151 1.0045581 0.99885464
1.0068517 0.28149295 1.015322 1.0164845 1.0266355 0.22691068 0.20661752 0 0.29827154 0.29101366 1.0297868 0.9980974 1.0164845 1.0325551 0.99056727 0.9872032 1.0289978 1.0413225 1.0413225 1.0087683 1.0137748 1.0429276 1.0080011 1.0345387 1.0389212 1.0160967 1.036926 1.0301816 0.99847597 0.98051995
1.0022715 0.27627152 0.99923354 1.005704 1.0172604 0.30050746 0.29175103 0.29827154 0 0.20136724 1.002652 1.0203725 1.0083846 1.0203725 0.99923354 0.99923354 1.0361294 1.0485728 1.0457449 0.98907024 0.9962078 1.0485728 1.0060863 1.0385218 1.0349361 1.0160967 1.0325551 1.0045581 1.0003713 0.9901927
1.0003713 0.26508155 0.9980974 1.0030329 0.9980974 0.2927846 0.2857257 0.29101366 0.20136724 0 0.9977191 0.99999183 0.99734104 1.0045581 0.9857129 0.99281836 1.0286036 1.0341415 1.0313674 0.97720057 0.9853408 1.0365276 0.99658537 1.0254573 1.0274222 1.014548 1.0274222 1.0137748 0.9924427 0.9816297
0.799754 1.0188149 0.3427267 0.34795654 0.23822805 1.0293922 1.0282096 1.0297868 1.002652 0.9977191 0 1.0060863 0.16113356 0.1633683 1.0068517 1.01146 1.0072346 1.0091523 1.0011308 0.37697777 0.37995923 1.0133885 0.9808897 1.015322 1.0223241 0.99999183 0.9898184 0.3731853 1.0003713 0.9842255
0.9924427 1.0118452 1.0060863 0.9977191 1.0130024 1.0091523 1.0122308 0.9980974 1.0203725 0.99999183 1.0060863 0 1.0037951 1.0064689 0.7729349 0.77715075 1.0286036 1.042526 1.0493827 0.9962078 1.0068517 1.0449389 0.97426224 1.033348 1.0091523 1.0053219 0.98869646 0.99734104 0.65876466 0.64328057
0.79252714 1.0122308 0.3433587 0.3477975 0.23822805 1.0180373 1.0141612 1.0164845 1.0083846 0.99734104 0.16113356 1.0037951 0 0.10490646 1.0141612 1.01146 1.0030329 1.0068517 0.99734104 0.3814544 0.38445374 1.0011308 0.9764649 1.0037951 1.0126165 0.9845971 0.98869646 0.36794052 1.0045581 0.9853408
0.790803 1.0223241 0.34446594 0.34747958 0.23905283 1.0305767 1.0242808 1.0325551 1.0203725 1.0045581 0.1633683 1.0064689 0.10490646 0 1.0080011 1.0118452 0.99847597 1.0068517 0.9943229 0.37615168 0.37979326 0.99999183 0.9816297 1.0022715 1.0099207 0.9842255 0.97978103 0.37072223 1.01146 0.98907024
0.9894442 0.9962078 0.98645765 0.9939465 1.002652 0.990942 0.98794943 0.99056727 0.99923354 0.9857129 1.0068517 0.7729349 1.0141612 1.0080011 0 0.08370163 0.982 1.0041765 1.0160967 0.9842255 0.98832285 0.98907024 0.98907024 0.99281836 0.9943229 1.0219333 0.9898184 1.0030329 0.76346576 0.76429653
1.0003713 0.9962078 0.99545324 0.9898184 1.005704 0.99545324 0.9939465 0.9872032 0.99923354 0.99281836 1.01146 0.77715075 1.01146 1.0118452 0.08370163 0 0.9898184 1.0149349 1.0262426 0.98869646 0.98832285 1.0015109 1.001891 1.0049399 0.99961257 1.0242808 0.9943229 1.0126165 0.7629125 0.7631891
0.9644296 1.0211525 0.9939465 0.9943229 1.002652 1.0437315 1.0238891 1.0289978 1.0361294 1.0286036 1.0072346 1.0286036 1.0030329 0.99847597 0.982 0.9898184 0 0.15643755 0.15582183 0.990942 1.0080011 0.0829194 0.7389627 0.08236115 0.44222128 0.7765873 0.7522039 0.99999183 1.0037951 1.0034139
0.9680563 1.0449389 1.0118452 1.0003713 1.0011308 1.0674262 1.0389212 1.0413225 1.0485728 1.0341415 1.0091523 1.042526 1.0068517 1.0068517 1.0041765 1.0149349 0.15643755 0 0.07392661 1.0060863 1.019204 0.15643755 0.74514884 0.1555757 0.45440188 0.7620833 0.74406934 1.0072346 1.0103053 1.0118452
0.97499573 1.0365276 0.99847597 0.99545324 0.9969631 1.0575305 1.0389212 1.0413225 1.0457449 1.0313674 1.0011308 1.0493827 0.99734104 0.9943229 1.0160967 1.0262426 0.15582183 0.07392661 0 0.9931942 1.0091523 0.15742375 0.75002605 0.15606806 0.4522057 0.7609791 0.74921095 1.0037951 1.01069 1.0180373
0.77771467 0.9977191 0.3650064 0.37450224 0.36843067 0.9943229 0.9931942 1.0087683 0.98907024 0.97720057 0.37697777 0.9962078 0.3814544 0.37615168 0.9842255 0.98869646 0.990942 1.0060863 0.9931942 0 0.05776878 0.98869646 0.96769285 0.99056727 1.0034139 0.9838541 0.9768326 0.30575064 1.002652 0.99847597
0.77856135 1.0122308 0.37039444 0.37549147 0.37105018 1.0034139 1.0034139 1.0137748 0.9962078 0.9853408 0.37995923 1.0068517 0.38445374 0.37979326 0.98832285 0.98832285 1.0080011 1.019204 1.0091523 0.05776878 0 1.0041765 0.9691478 1.0049399 1.0087683 0.9920673 0.9746289 0.30831063 1.0045581 1.0049399
0.9753628 1.0449389 0.98683035 0.9946995 1.0030329 1.0530384 1.0293922 1.0429276 1.0485728 1.0365276 1.0133885 1.0449389 1.0011308 0.99999183 0.98907024 1.0015109 0.0829194 0.15643755 0.15742375 0.98869646 1.0041765 0 0.7376246 0.056366004 0.44312346 0.7751804 0.7473126 1.0022715 1.0133885 1.0176488
0.9608204 1.0095364 0.98125964 0.9894442 0.9753628 1.0133885 1.005704 1.0080011 1.0060863 0.99658537 0.9808897 0.97426224 0.9764649 0.9816297 0.98907024 1.001891 0.7389627 0.74514884 0.75002605 0.96769285 0.9691478 0.7376246 0 0.7341567 0.73575526 0.442582 0.44420755 0.96841997 0.9779369 0.9662408
0.9706055 1.0353336 1.0034139 1.0064689 1.0041765 1.0433295 1.019204 1.0345387 1.0385218 1.0254573 1.015322 1.033348 1.0037951 1.0022715 0.99281836 1.0049399 0.08236115 0.1555757 0.15606806 0.99056727 1.0049399 0.056366004 0.7341567 0 0.44330403 0.76846397 0.7446089 1.0068517 1.0068517 1.0045581
0.9838541 1.0164845 1.000751 1.0041765 1.0238891 1.042526 1.0203725 1.0389212 1.0349361 1.0274222 1.0223241 1.0091523 1.0126165 1.0099207 0.9943229 0.99961257 0.44222128 0.45440188 0.4522057 1.0034139 1.0087683 0.44312346 0.73575526 0.44330403 0 0.7587757 0.74353015 0.99658537 0.9962078 0.990942
0.9680563 1.018426 1.0095364 0.9924427 0.99281836 1.0301816 1.015322 1.0160967 1.0160967 1.014548 0.99999183 1.0053219 0.9845971 0.9842255 1.0219333 1.0242808 0.7765873 0.7620833 0.7609791 0.9838541 0.9920673 0.7751804 0.442582 0.76846397 0.7587757 0 0.3743375 1.0034139 1.0258498 1.0011308
0.96769285 1.0381224 0.9950763 0.99357027 0.9838541 1.0341415 1.0164845 1.036926 1.0325551 1.0274222 0.9898184 0.98869646 0.98869646 0.97978103 0.9898184 0.9943229 0.7522039 0.74406934 0.74921095 0.9768326 0.9746289 0.7473126 0.44420755 0.7446089 0.74353015 0.3743375 0 0.99357027 0.9980974 0.98794943
0.79425526 1.0110749 0.37072223 0.3743375 0.3717065 1.0195932 1.0227151 1.0301816 1.0045581 1.0137748 0.3731853 0.99734104 0.36794052 0.37072223 1.0030329 1.0126165 0.99999183 1.0072346 1.0037951 0.30575064 0.30831063 1.0022715 0.96841997 1.0068517 0.99658537 1.0034139 0.99357027 0 1.0037951 0.99169195
1.005704 1.0037951 1.0133885 1.0037951 1.0015109 1.01069 1.0045581 0.99847597 1.0003713 0.9924427 1.0003713 0.65876466 1.0045581 1.01146 0.76346576 0.7629125 1.0037951 1.0103053 1.01069 1.002652 1.0045581 1.0133885 0.9779369 1.0068517 0.9962078 1.0258498 0.9980974 1.0037951 0 0.2955972
0.9845971 0.9946995 1.0180373 1.0034139 0.99545324 0.9924427 0.99885464 0.98051995 0.9901927 0.9816297 0.9842255 0.64328057 0.9853408 0.98907024 0.76429653 0.7631891 1.0034139 1.0118452 1.0180373 0.99847597 1.0049399 1.0176488 0.9662408 1.0045581 0.990942 1.0011308 0.98794943 0.99169195 0.2955972 0
