0 1.0011308 1.0207624 1.0076177 1.0195932 1.0080011 1.0118452 1.0030329 0.6343742 0.6336756 1.0122308 0.34986734 1.0080011 0.6442242 0.64587855 1.0110749 1.0176488 0.6522939 0.6437523 1.0095364 1.0091523 1.0157093 0.64729947 1.0137748 0.63228023 0.64682555 0.6532491 1.0130024 1.018426 0.6442242
1.0011308 0 0.16685782 0.71342045 0.44330403 0.44674316 0.7026252 0.70288044 0.9753628 0.9894442 0.6960195 0.9962078 0.69122875 0.9872032 0.98237044 0.7013504 0.7023701 1.0118452 1.002652 0.69906104 0.702115 0.7141975 1.0160967 0.7165336 1.0080011 1.0068517 0.99923354 0.26593643 0.27309844 1.0110749
1.0207624 0.16685782 0 0.72148925 0.45238847 0.45385224 0.7098048 0.7085177 0.97941184 0.99281836 0.71627367 1.0068517 0.70748955 0.98832285 0.9894442 0.71445674 0.7165336 1.0188149 1.015322 0.7157541 0.7209661 0.71367943 1.0301816 0.718095 1.0211525 1.0091523 0.99885464 0.26722056 0.27166054 1.0091523
1.0076177 0.71342045 0.72148925 0 0.723061 0.7264779 0.23891531 0.24070512 0.9950763 1.0030329 0.56223524 1.01069 0.5626586 1.0227151 1.0289978 0.5552839 0.5607553 1.0130024 1.005704 0.5523542 0.55885684 0.14143583 1.0624621 0.14071167 1.0417235 1.0441338 1.0341415 0.7087749 0.702115 1.0266355
1.0195932 0.44330403 0.45238847 0.723061 0 0.12708361 0.7062064 0.7098048 0.9695119 0.98125964 0.70109564 1.0011308 0.6998234 0.99056727 0.9946995 0.69804585 0.70774645 1.0015109 0.99847597 0.6972853 0.7062064 0.7220128 1.0083846 0.718095 0.99923354 0.99999183 1.0022715 0.4545852 0.45605326 0.9962078
1.0080011 0.44674316 0.45385224 0.7264779 0.12708361 0 0.7062064 0.7113522 0.97573 0.98832285 0.7018601 0.9969631 0.700841 0.99847597 1.0030329 0.7056938 0.7105781 1.0041765 1.0022715 0.702115 0.7062064 0.72044325 1.0219333 0.71835554 1.0080011 1.0034139 1.0053219 0.45348603 0.4540354 1.0015109
1.0118452 0.7026252 0.7098048 0.23891531 0.7062064 0.7062064 0 0.09269994 0.98683035 0.9977191 0.5504769 0.99281836 0.5504769 1.0072346 1.0133885 0.5475659 0.5533992 1.0030329 0.99923354 0.5440462 0.5477734 0.2436054 1.0453417 0.24499045 1.0203725 1.0437315 1.0118452 0.70954716 0.70364666 1.0149349
1.0030329 0.70288044 0.7085177 0.24070512 0.7098048 0.7113522 0.09269994 0 0.9783054 0.98869646 0.54611456 0.9808897 0.5515193 1.0083846 1.0099207 0.5506852 0.5557034 1.0034139 0.9980974 0.5448729 0.54902 0.24388221 1.0429276 0.24554518 1.0095364 1.0254573 1.0083846 0.7113522 0.70466954 1.0068517
0.6343742 0.9753628 0.97941184 0.9950763 0.9695119 0.97573 0.98683035 0.9783054 0 0.08784994 0.9713354 0.6285719 0.96226203 0.3062018 0.308009 0.97170067 0.982 0.33627945 0.32725257 0.9746289 0.9709704 0.99847597 0.4586293 0.99999183 0.442582 0.3181802 0.3116366 0.97352946 0.9554389 0.3286462
0.6336756 0.9894442 0.99281836 1.0030329 0.98125964 0.98832285 0.9977191 0.98869646 0.08784994 0 0.9801504 0.62511194 0.97170067 0.30725548 0.30891424 0.97941184 0.99131685 0.335497 0.32570714 0.98051995 0.97573 1.01069 0.4575242 1.0126165 0.44168046 0.3133051 0.31103078 0.9816297 0.9687838 0.32942155
1.0122308 0.6960195 0.71627367 0.56223524 0.70109564 0.7018601 0.5504769 0.54611456 0.9713354 0.9801504 0 0.9943229 0.06613177 1.002652 1.001891 0.12862524 0.12993217 1.0176488 1.0053219 0.08448469 0.085268565 0.5632941 1.0365276 0.56477904 0.99734104 1.0286036 1.0091523 0.7005865 0.69956917 1.005704
0.34986734 0.9962078 1.0068517 1.01069 1.0011308 0.9969631 0.99281836 0.9808897 0.6285719 0.62511194 0.9943229 0 0.99281836 0.63297755 0.6339084 0.9980974 1.0030329 0.6339084 0.627186 0.9920673 0.9939465 1.0160967 0.62741685 1.018426 0.62006605 0.6285719 0.6339084 1.0110749 1.0110749 0.6318157
1.0080011 0.69122875 0.70748955 0.5626586 0.6998234 0.700841 0.5504769 0.5515193 0.96226203 0.97170067 0.06613177 0.99281836 0 0.9946995 0.99357027 0.12874396 0.12969437 1.015322 1.0072346 0.085828975 0.085380614 0.56117785 1.0160967 0.56541634 0.99056727 1.0168724 0.9980974 0.69804585 0.6962725 1.0118452
0.6442242 0.9872032 0.98832285 1.0227151 0.99056727 0.99847597 1.0072346 1.0083846 0.3062018 0.30725548 1.002652 0.63297755 0.9946995 0 0.057444833 0.9924427 1.0049399 0.33362237 0.32632494 0.99545324 1.0080011 1.0122308 0.45826077 1.0164845 0.4480142 0.30170265 0.19784397 0.9946995 0.9924427 0.3280265
0.64587855 0.98237044 0.9894442 1.0289978 0.9946995 1.0030329 1.0133885 1.0099207 0.308009 0.30891424 1.001891 0.6339084 0.99357027 0.057444833 0 0.9962078 1.0076177 0.33800378 0.32833627 0.99734104 1.0095364 1.0126165 0.46158424 1.0188149 0.4575242 0.30665317 0.20045221 0.9860852 0.9898184 0.33019772
1.0110749 0.7013504 0.71445674 0.5552839 0.69804585 0.7056938 0.5475659 0.5506852 0.97170067 0.97941184 0.12862524 0.9980974 0.12874396 0.9924427 0.9962078 0 0.0515304 1.015322 1.0064689 0.13136052 0.13362764 0.5584356 1.0231062 0.5624469 1.0037951 1.0176488 0.99923354 0.70109564 0.7033912 1.0045581
1.0176488 0.7023701 0.7165336 0.5607553 0.70774645 0.7105781 0.5533992 0.5557034 0.982 0.99131685 0.12993217 1.0030329 0.12969437 1.0049399 1.0076177 0.0515304 0 1.019204 1.0110749 0.13326922 0.13446462 0.56541634 1.025065 0.56733155 1.0068517 1.0278157 1.01069 0.71006244 0.70903224 1.0095364
0.6522939 1.0118452 1.0188149 1.0130024 1.0015109 1.0041765 1.0030329 1.0034139 0.33627945 0.335497 1.0176488 0.6339084 1.015322 0.33362237 0.33800378 1.015322 1.019204 0 0.0515304 1.0130024 1.0203725 1.019204 0.46343702 1.0223241 0.4617693 0.3508246 0.34004673 1.0030329 1.0030329 0.18225464
0.6437523 1.002652 1.015322 1.005704 0.99847597 1.0022715 0.99923354 0.9980974 0.32725257 0.32570714 1.0053219 0.627186 1.0072346 0.32632494 0.32833627 1.0064689 1.0110749 0.0515304 0 1.0034139 1.0095364 1.0118452 0.45881367 1.015322 0.45568597 0.34067646 0.3353406 0.99999183 0.99847597 0.17540063
1.0095364 0.69906104 0.7157541 0.5523542 0.6972853 0.702115 0.5440462 0.5448729 0.9746289 0.98051995 0.08448469 0.9920673 0.085828975 0.99545324 0.99734104 0.13136052 0.13326922 1.0130024 1.0034139 0 0.045768525 0.5559132 1.0227151 0.5573836 0.9924427 1.030972 1.002652 0.7026252 0.70441365 1.019204
1.0091523 0.702115 0.7209661 0.55885684 0.7062064 0.7062064 0.5477734 0.54902 0.9709704 0.97573 0.085268565 0.9939465 0.085380614 1.0080011 1.0095364 0.13362764 0.13446462 1.0203725 1.0095364 0.045768525 0 0.5613892 1.0317632 0.56350607 0.9969631 1.0341415 1.0083846 0.7110941 0.71238565 1.0238891
1.0157093 0.7141975 0.71367943 0.14143583 0.7220128 0.72044325 0.2436054 0.24388221 0.99847597 1.01069 0.5632941 1.0160967 0.56117785 1.0122308 1.0126165 0.5584356 0.56541634 1.019204 1.0118452 0.5559132 0.5613892 0 1.0501935 0.039945103 1.0421246 1.0457449 1.0293922 0.7141975 0.7018601 1.0207624
0.64729947 1.0160967 1.0301816 1.0624621 1.0083846 1.0219333 1.0453417 1.0429276 0.4586293 0.4575242 1.0365276 0.62741685 1.0160967 0.45826077 0.46158424 1.0231062 1.025065 0.46343702 0.45881367 1.0227151 1.0317632 1.0501935 0 1.0510052 0.3281814 0.47483912 0.4617693 1.0091523 1.0157093 0.46659726
1.0137748 0.7165336 0.718095 0.14071167 0.718095 0.71835554 0.24499045 0.24554518 0.99999183 1.0126165 0.56477904 1.018426 0.56541634 1.0164845 1.0188149 0.5624469 0.56733155 1.0223241 1.015322 0.5573836 0.56350607 0.039945103 1.0510052 0 1.0393208 1.0441338 1.0349361 0.71186876 0.7033912 1.0219333
0.63228023 1.0080011 1.0211525 1.0417235 0.99923354 1.0080011 1.0203725 1.0095364 0.442582 0.44168046 0.99734104 0.62006605 0.99056727 0.4480142 0.4575242 1.0037951 1.0068517 0.4617693 0.45568597 0.9924427 0.9969631 1.0421246 0.3281814 1.0393208 0 0.46343702 0.44674316 1.0072346 0.99281836 0.45623696
0.64682555 1.0068517 1.0091523 1.0441338 0.99999183 1.0034139 1.0437315 1.0254573 0.3181802 0.3133051 1.0286036 0.6285719 1.0168724 0.30170265 0.30665317 1.0176488 1.0278157 0.3508246 0.34067646 1.030972 1.0341415 1.0457449 0.47483912 1.0441338 0.46343702 0 0.30409884 0.99734104 0.98869646 0.34494096
0.6532491 0.99923354 0.99885464 1.0341415 1.0022715 1.0053219 1.0118452 1.0083846 0.3116366 0.31103078 1.0091523 0.6339084 0.9980974 0.19784397 0.20045221 0.99923354 1.01069 0.34004673 0.3353406 1.002652 1.0083846 1.0293922 0.4617693 1.0349361 0.44674316 0.30409884 0 1.001891 0.99847597 0.3344029
1.0130024 0.26593643 0.26722056 0.7087749 0.4545852 0.45348603 0.70954716 0.7113522 0.97352946 0.9816297 0.7005865 1.0110749 0.69804585 0.9946995 0.9860852 0.70109564 0.71006244 1.0030329 0.99999183 0.7026252 0.7110941 0.7141975 1.0091523 0.71186876 1.0072346 0.99734104 1.001891 0 0.21416326 0.99961257
1.018426 0.27309844 0.27166054 0.702115 0.45605326 0.4540354 0.70364666 0.70466954 0.9554389 0.9687838 0.69956917 1.0110749 0.6962725 0.9924427 0.9898184 0.7033912 0.70903224 1.0030329 0.99847597 0.70441365 0.71238565 0.7018601 1.0157093 0.7033912 0.99281836 0.98869646 0.99847597 0.21416326 0 0.99131685
0.6442242 1.0110749 1.0091523 1.0266355 0.9962078 1.0015109 1.0149349 1.0068517 0.3286462 0.32942155 1.005704 0.6318157 1.0118452 0.3280265 0.33019772 1.0045581 1.0095364 0.18225464 0.17540063 1.019204 1.0238891 1.0207624 0.46659726 1.0219333 0.45623696 0.34494096 0.3344029 0.99961257 0.99131685 0
