0 1.01146 1.0227151 1.0045581 1.0099207 0.5656289 1.0141612 0.9920673 1.0095364 1.0099207 0.9857129 1.0003713 0.9857129 1.0341415 1.0485728 1.0489776 1.0401208 1.0034139 0.98794943 0.5641423 0.5694652 0.56839764 0.99885464 0.56818426 1.0076177 1.0199828 0.99961257 0.9706055 1.0049399 0.9958304
1.01146 0 0.8026644 0.6357735 0.62143886 1.0045581 0.26209718 0.25181437 0.7916646 0.7896558 0.793967 0.6049049 0.78708094 1.0091523 0.99281836 1.0258498 1.025065 0.51388425 0.50992644 0.98348296 0.98645765 0.99056727 0.62603307 0.99056727 0.5283078 0.53195745 0.5933457 0.78708094 0.58960503 0.5971051
1.0227151 0.8026644 0 0.8082254 0.8014989 1.0011308 0.79714435 0.7902292 0.24916099 0.2515346 0.62396216 0.7867954 0.6285719 1.0219333 1.0258498 1.0168724 1.0227151 0.77940893 0.77715075 0.9958304 0.9946995 1.0118452 0.80587894 1.0080011 0.78736657 0.81353205 0.79598737 0.61960906 0.79512084 0.790803
1.0045581 0.6357735 0.8082254 0 0.21829918 0.9872032 0.6267246 0.6093986 0.79830307 0.800626 0.790803 0.6040094 0.80120784 1.0003713 0.99658537 1.015322 1.0095364 0.6186958 0.609624 0.9775687 0.9872032 0.9958304 0.61052626 0.9931942 0.62649405 0.61915225 0.6362405 0.78167397 0.6313514 0.62373245
1.0099207 0.62143886 0.8014989 0.21829918 0 0.9827411 0.61664504 0.6008834 0.79425526 0.79252714 0.78879654 0.60222155 0.79310274 1.0003713 0.99131685 1.0110749 1.0095364 0.60625017 0.6031149 0.97978103 0.9931942 0.99169195 0.6060258 0.9901927 0.6285719 0.6228142 0.6283408 0.7693002 0.62649405 0.62075216
0.5656289 1.0045581 1.0011308 0.9872032 0.9827411 0 0.9831119 0.9727974 0.9898184 0.9901927 0.98794943 0.99923354 0.98832285 1.0103053 1.025065 1.0227151 1.0099207 0.9946995 0.9920673 0.38645998 0.3911622 0.19706325 0.99281836 0.19823462 0.99885464 1.0015109 0.9827411 0.9673296 0.98237044 0.98683035
1.0141612 0.26209718 0.79714435 0.6267246 0.61664504 0.9831119 0 0.16635834 0.79339075 0.7845149 0.7763057 0.5975486 0.7791263 0.9980974 0.97352946 1.0223241 1.0110749 0.5182621 0.51388425 0.9691478 0.98125964 0.98907024 0.62258476 0.98794943 0.52689326 0.513091 0.59312516 0.7726547 0.5856646 0.58807015
0.9920673 0.25181437 0.7902292 0.6093986 0.6008834 0.9727974 0.16635834 0 0.7791263 0.7729349 0.7620833 0.5926842 0.76042765 0.9950763 0.9790429 0.99131685 0.9831119 0.4960426 0.4956552 0.95294064 0.96298385 0.97206604 0.603562 0.9691478 0.51487696 0.50579315 0.58217925 0.75603044 0.5754721 0.5800091
1.0095364 0.7916646 0.24916099 0.79830307 0.79425526 0.9898184 0.79339075 0.7791263 0 0.15940003 0.6171003 0.7945437 0.6212099 1.0076177 1.0095364 1.0099207 1.0041765 0.7763057 0.7734957 0.99131685 0.99281836 1.0141612 0.8102846 1.0126165 0.78508437 0.8102846 0.7882242 0.61687267 0.7799746 0.7822413
1.0099207 0.7896558 0.2515346 0.800626 0.79252714 0.9901927 0.7845149 0.7729349 0.15940003 0 0.62488186 0.7830931 0.63297755 1.0083846 1.001891 1.000751 0.99734104 0.76846397 0.7681854 0.99281836 0.9962078 1.0118452 0.79627645 1.01146 0.78708094 0.80353975 0.7859394 0.6118817 0.776869 0.7695792
0.9857129 0.793967 0.62396216 0.790803 0.78879654 0.98794943 0.7763057 0.7620833 0.6171003 0.62488186 0 0.7746184 0.14640313 0.9946995 1.0003713 0.98907024 0.9980974 0.7845149 0.7751804 0.98348296 0.98237044 1.0087683 0.7896558 1.005704 0.77041674 0.7936788 0.78565425 0.35611138 0.776869 0.7673504
1.0003713 0.6049049 0.7867954 0.6040094 0.60222155 0.99923354 0.5975486 0.5926842 0.7945437 0.7830931 0.7746184 0 0.76846397 0.99847597 0.9931942 0.9931942 0.990942 0.6145999 0.60557723 0.9958304 1.0011308 1.0095364 0.53114486 1.0064689 0.6205234 0.62075216 0.6078228 0.7701374 0.59932536 0.60692376
0.9857129 0.78708094 0.6285719 0.80120784 0.79310274 0.98832285 0.7791263 0.76042765 0.6212099 0.63297755 0.14640313 0.76846397 0 0.99847597 0.99658537 0.9980974 1.0041765 0.77884376 0.7690214 0.98869646 0.98757625 1.0188149 0.7885103 1.0160967 0.7701374 0.7876524 0.7905161 0.36614606 0.7737762 0.7601521
1.0341415 1.0091523 1.0219333 1.0003713 1.0003713 1.0103053 0.9980974 0.9950763 1.0076177 1.0083846 0.9946995 0.99847597 0.99847597 0 0.115096524 0.9651536 0.96479154 1.0087683 0.9980974 1.0242808 1.0301816 1.036926 1.0377234 1.0397208 1.0305767 1.0149349 1.0110749 0.98832285 0.9924427 1.0068517
1.0485728 0.99281836 1.0258498 0.99658537 0.99131685 1.025065 0.97352946 0.9790429 1.0095364 1.001891 1.0003713 0.9931942 0.99658537 0.115096524 0 0.9644296 0.96479154 1.001891 0.9898184 1.0262426 1.0313674 1.0429276 1.0313674 1.0461482 1.0188149 1.0083846 1.0095364 0.99169195 0.99357027 0.99545324
1.0489776 1.0258498 1.0168724 1.015322 1.0110749 1.0227151 1.0223241 0.99131685 1.0099207 1.000751 0.98907024 0.9931942 0.9980974 0.9651536 0.9644296 0 0.08470857 1.001891 1.0041765 1.0262426 1.0278157 1.0393208 1.0072346 1.0469556 0.9894442 1.0246727 1.0133885 0.99961257 1.0199828 1.025065
1.0401208 1.025065 1.0227151 1.0095364 1.0095364 1.0099207 1.0110749 0.9831119 1.0041765 0.99734104 0.9980974 0.990942 1.0041765 0.96479154 0.96479154 0.08470857 0 0.9977191 0.9950763 1.0103053 1.0180373 1.0353336 1.0011308 1.0409217 1.0022715 1.0207624 1.0083846 1.0037951 1.0064689 1.014548
1.0034139 0.51388425 0.77940893 0.6186958 0.60625017 0.9946995 0.5182621 0.4960426 0.7763057 0.76846397 0.7845149 0.6145999 0.77884376 1.0087683 1.001891 1.001891 0.9977191 0 0.07580507 0.97206604 0.98125964 0.99999183 0.6164175 1.0041765 0.49488103 0.47277015 0.58610135 0.7746184 0.58697575 0.5911431
0.98794943 0.50992644 0.77715075 0.609624 0.6031149 0.9920673 0.51388425 0.4956552 0.7734957 0.7681854 0.7751804 0.60557723 0.7690214 0.9980974 0.9898184 1.0041765 0.9950763 0.07580507 0 0.9691478 0.9753628 0.99658537 0.6082727 0.99923354 0.48756576 0.4662248 0.5819619 0.7690214 0.58217925 0.58653843
0.5641423 0.98348296 0.9958304 0.9775687 0.97978103 0.38645998 0.9691478 0.95294064 0.99131685 0.99281836 0.98348296 0.9958304 0.98869646 1.0242808 1.0262426 1.0262426 1.0103053 0.97206604 0.9691478 0 0.058741476 0.38897535 0.9980974 0.39166775 0.98496884 0.99357027 0.98237044 0.9680563 0.98125964 0.9768326
0.5694652 0.98645765 0.9946995 0.9872032 0.9931942 0.3911622 0.98125964 0.96298385 0.99281836 0.9962078 0.98237044 1.0011308 0.98757625 1.0301816 1.0313674 1.0278157 1.0180373 0.98125964 0.9753628 0.058741476 0 0.39555508 0.99999183 0.3967422 0.9977191 1.0053219 0.98125964 0.9637064 0.9842255 0.9845971
0.56839764 0.99056727 1.0118452 0.9958304 0.99169195 0.19706325 0.98907024 0.97206604 1.0141612 1.0118452 1.0087683 1.0095364 1.0188149 1.036926 1.0429276 1.0393208 1.0353336 0.99999183 0.99658537 0.38897535 0.39555508 0 1.0037951 0.019347416 1.0045581 1.0176488 0.9962078 0.97573 0.99357027 1.000751
0.99885464 0.62603307 0.80587894 0.61052626 0.6060258 0.99281836 0.62258476 0.603562 0.8102846 0.79627645 0.7896558 0.53114486 0.7885103 1.0377234 1.0313674 1.0072346 1.0011308 0.6164175 0.6082727 0.9980974 0.99999183 1.0037951 0 1.0041765 0.62075216 0.61915225 0.6071484 0.7709756 0.61960906 0.61687267
0.56818426 0.99056727 1.0080011 0.9931942 0.9901927 0.19823462 0.98794943 0.9691478 1.0126165 1.01146 1.005704 1.0064689 1.0160967 1.0397208 1.0461482 1.0469556 1.0409217 1.0041765 0.99923354 0.39166775 0.3967422 0.019347416 1.0041765 0 1.0045581 1.0223241 0.99734104 0.97024083 0.99131685 0.99885464
1.0076177 0.5283078 0.78736657 0.62649405 0.6285719 0.99885464 0.52689326 0.51487696 0.78508437 0.78708094 0.77041674 0.6205234 0.7701374 1.0305767 1.0188149 0.9894442 1.0022715 0.49488103 0.48756576 0.98496884 0.9977191 1.0045581 0.62075216 1.0045581 0 0.49662408 0.60423315 0.75767636 0.6011063 0.60222155
1.0199828 0.53195745 0.81353205 0.61915225 0.6228142 1.0015109 0.513091 0.50579315 0.8102846 0.80353975 0.7936788 0.62075216 0.7876524 1.0149349 1.0083846 1.0246727 1.0207624 0.47277015 0.4662248 0.99357027 1.0053219 1.0176488 0.61915225 1.0223241 0.49662408 0 0.6015522 0.800626 0.59444946 0.5902638
0.99961257 0.5933457 0.79598737 0.6362405 0.6283408 0.9827411 0.59312516 0.58217925 0.7882242 0.7859394 0.78565425 0.6078228 0.7905161 1.0110749 1.0095364 1.0133885 1.0083846 0.58610135 0.5819619 0.98237044 0.98125964 0.9962078 0.6071484 0.99734104 0.60423315 0.6015522 0 0.78879654 0.4366517 0.43539977
0.9706055 0.78708094 0.61960906 0.78167397 0.7693002 0.9673296 0.7726547 0.75603044 0.61687267 0.6118817 0.35611138 0.7701374 0.36614606 0.98832285 0.99169195 0.99961257 1.0037951 0.7746184 0.7690214 0.9680563 0.9637064 0.97573 0.7709756 0.97024083 0.75767636 0.800626 0.78879654 0 0.78708094 0.76985824
1.0049399 0.58960503 0.79512084 0.6313514 0.62649405 0.98237044 0.5856646 0.5754721 0.7799746 0.776869 0.776869 0.59932536 0.7737762 0.9924427 0.99357027 1.0199828 1.0064689 0.58697575 0.58217925 0.98125964 0.9842255 0.99357027 0.61960906 0.99131685 0.6011063 0.59444946 0.4366517 0.78708094 0 0.2942636
0.9958304 0.5971051 0.790803 0.62373245 0.62075216 0.98683035 0.58807015 0.5800091 0.7822413 0.7695792 0.7673504 0.60692376 0.7601521 1.0068517 0.99545324 1.025065 1.014548 0.5911431 0.58653843 0.9768326 0.9845971 1.000751 0.61687267 0.99885464 0.60222155 0.5902638 0.43539977 0.76985824 0.2942636 0
