0 1.0087683 1.0282096 0.9931942 0.99056727 0.99847597 1.0041765 0.97720057 0.99885464 0.98683035 0.9894442 0.9946995 0.9753628 0.98051995 1.0219333 1.0072346 0.9860852 0.99545324 0.9931942 1.0080011 1.0034139 0.99885464 0.9980974 0.9977191 0.9801504 0.99281836 1.005704 0.9845971 0.9969631 1.0068517
1.0087683 0 0.88064873 0.86718106 0.8599071 0.88064873 0.86654574 0.8636934 0.8624292 0.6689425 0.6694307 0.8751683 0.6590054 0.6733471 0.88780093 0.8979962 0.4180886 0.4207125 0.41512588 0.8800019 0.8790327 0.8700467 0.67359257 0.8726031 0.41234812 0.414083 0.6945033 0.6770375 0.2557418 0.22407411
1.0282096 0.88064873 0 0.877098 0.65277135 0.6643211 0.86909026 0.86877173 0.86972773 0.8599071 0.85207987 0.60647464 0.8678169 0.8835664 0.45918247 0.4623248 0.87967867 0.8904187 0.8793556 0.6667499 0.6672366 0.18852869 0.8855178 0.18762916 0.8722831 0.8508351 0.8855178 0.87613255 0.8684533 0.88616943
0.9931942 0.86718106 0.877098 0 0.8881276 0.88780093 0.17489542 0.16835833 0.16961105 0.8713238 0.87581104 0.89865875 0.85332674 0.853951 0.8999856 0.90031767 0.87420535 0.8713238 0.8668633 0.8858435 0.8848668 0.8874743 0.8483516 0.8871479 0.8461853 0.8555138 0.8904187 0.86591095 0.8684533 0.8726031
0.99056727 0.8599071 0.65277135 0.8881276 0 0.1591527 0.87484723 0.8643263 0.87677604 0.86179787 0.85770726 0.6522939 0.85707986 0.87581104 0.65852404 0.6590054 0.85114604 0.85896355 0.8502134 0.46084443 0.45697227 0.64967364 0.870685 0.65038735 0.8640098 0.83972377 0.8694089 0.86654574 0.8499028 0.86148244
0.99847597 0.88064873 0.6643211 0.88780093 0.1591527 0 0.8745262 0.8636934 0.87324363 0.86337715 0.85864925 0.661417 0.8649598 0.8803252 0.6684547 0.6694307 0.870685 0.87806475 0.86909026 0.46678358 0.46269536 0.6652917 0.8923881 0.6677236 0.877098 0.86591095 0.86972773 0.86274505 0.8726031 0.8738847
1.0041765 0.86654574 0.86909026 0.17489542 0.87484723 0.8745262 0 0.16150555 0.16436365 0.8643263 0.8790327 0.89601207 0.85864925 0.86274505 0.8848668 0.8738847 0.87356406 0.87100434 0.86559373 0.87581104 0.8716434 0.8668633 0.8523914 0.86559373 0.85270303 0.85520095 0.8923881 0.8662283 0.87420535 0.87484723
0.97720057 0.8636934 0.86877173 0.16835833 0.8643263 0.8636934 0.16150555 0 0.13962671 0.8621135 0.8684533 0.8953518 0.8502134 0.84928197 0.8897634 0.88910866 0.8662283 0.864643 0.85645306 0.8722831 0.8694089 0.87967867 0.8483516 0.87677604 0.8446418 0.8480418 0.8910746 0.8678169 0.864643 0.870685
0.99885464 0.8624292 0.86972773 0.16961105 0.87677604 0.87324363 0.16436365 0.13962671 0 0.8621135 0.86749893 0.8933747 0.85645306 0.85896355 0.88259256 0.87613255 0.86909026 0.86718106 0.8649598 0.87324363 0.86972773 0.8790327 0.85833514 0.8787099 0.85207987 0.8608519 0.8956819 0.86148244 0.87100434 0.8774201
0.98683035 0.6689425 0.8599071 0.8713238 0.86179787 0.86337715 0.8643263 0.8621135 0.8621135 0 0.12981327 0.8652767 0.69425094 0.69576657 0.86274505 0.8726031 0.6733471 0.68571955 0.6812419 0.877098 0.87581104 0.86877173 0.67383814 0.864643 0.6733471 0.66480625 0.69148016 0.68149 0.67114156 0.6643211
0.9894442 0.6694307 0.85207987 0.87581104 0.85770726 0.85864925 0.8790327 0.8684533 0.86749893 0.12981327 0 0.86877173 0.6924865 0.6945033 0.85959244 0.8636934 0.67926043 0.6929902 0.68198633 0.8864954 0.8800019 0.8592779 0.6837262 0.85613984 0.67580533 0.67089695 0.69173163 0.68000287 0.6723661 0.66796726
0.9946995 0.8751683 0.60647464 0.89865875 0.6522939 0.661417 0.89601207 0.8953518 0.8933747 0.8652767 0.86877173 0 0.870685 0.88194406 0.6002153 0.60849774 0.8599071 0.87677604 0.8573935 0.6686986 0.66504896 0.6011063 0.8920595 0.6026681 0.8555138 0.8514572 0.8851922 0.8738847 0.86337715 0.86591095
0.9753628 0.6590054 0.8678169 0.85332674 0.85707986 0.8649598 0.85864925 0.8502134 0.85645306 0.69425094 0.6924865 0.870685 0 0.115096524 0.86813504 0.86877173 0.6770375 0.6849714 0.68198633 0.87100434 0.87356406 0.85833514 0.52387106 0.853951 0.65876466 0.6643211 0.55402696 0.55172795 0.67114156 0.6777777
0.98051995 0.6733471 0.8835664 0.853951 0.87581104 0.8803252 0.86274505 0.84928197 0.85896355 0.69576657 0.6945033 0.88194406 0.115096524 0 0.8884545 0.8835664 0.68149 0.69122875 0.6864684 0.8842163 0.8851922 0.87324363 0.5299277 0.86877173 0.6686986 0.66748005 0.56393015 0.5515193 0.6775309 0.6782716
1.0219333 0.88780093 0.45918247 0.8999856 0.65852404 0.6684547 0.8848668 0.8897634 0.88259256 0.86274505 0.85959244 0.6002153 0.86813504 0.8884545 0 0.0955342 0.8783872 0.8887815 0.88291705 0.66577744 0.66748005 0.4623248 0.8973342 0.46084443 0.86654574 0.86972773 0.8970035 0.8956819 0.8790327 0.8874743
1.0072346 0.8979962 0.4623248 0.90031767 0.6590054 0.6694307 0.8738847 0.88910866 0.87613255 0.8726031 0.8636934 0.60849774 0.86877173 0.8835664 0.0955342 0 0.86749893 0.8812961 0.87100434 0.671876 0.67212105 0.4628807 0.8920595 0.46121424 0.8700467 0.8716434 0.9059856 0.8970035 0.8838912 0.8884545
0.9860852 0.4180886 0.87967867 0.87420535 0.85114604 0.870685 0.87356406 0.8662283 0.86909026 0.6733471 0.67926043 0.8599071 0.6770375 0.68149 0.8783872 0.86749893 0 0.08002105 0.07957615 0.8774201 0.8774201 0.87324363 0.6733471 0.87581104 0.39725155 0.35002682 0.7005865 0.6867182 0.4236974 0.42211568
0.99545324 0.4207125 0.8904187 0.8713238 0.85896355 0.87806475 0.87100434 0.864643 0.86718106 0.68571955 0.6929902 0.87677604 0.6849714 0.69122875 0.8887815 0.8812961 0.08002105 0 0.06700602 0.8751683 0.877098 0.8855178 0.675067 0.88616943 0.401168 0.35530797 0.7023701 0.69399863 0.42387336 0.42492995
0.9931942 0.41512588 0.8793556 0.8668633 0.8502134 0.86909026 0.86559373 0.85645306 0.8649598 0.6812419 0.68198633 0.8573935 0.68198633 0.6864684 0.88291705 0.87100434 0.07957615 0.06700602 0 0.87581104 0.87581104 0.87581104 0.6767909 0.877098 0.401168 0.35739866 0.697032 0.69198316 0.4189622 0.42036211
1.0080011 0.8800019 0.6667499 0.8858435 0.46084443 0.46678358 0.87581104 0.8722831 0.87324363 0.877098 0.8864954 0.6686986 0.87100434 0.8842163 0.66577744 0.671876 0.8774201 0.8751683 0.87581104 0 0.051316205 0.65948707 0.8884545 0.6616586 0.88910866 0.85864925 0.8848668 0.88259256 0.87613255 0.8800019
1.0034139 0.8790327 0.6672366 0.8848668 0.45697227 0.46269536 0.8716434 0.8694089 0.86972773 0.87581104 0.8800019 0.66504896 0.87356406 0.8851922 0.66748005 0.67212105 0.8774201 0.877098 0.87581104 0.051316205 0 0.6604514 0.8871479 0.6619002 0.8881276 0.863061 0.8855178 0.8812961 0.87484723 0.8751683
0.99885464 0.8700467 0.18852869 0.8874743 0.64967364 0.6652917 0.8668633 0.87967867 0.8790327 0.86877173 0.8592779 0.6011063 0.85833514 0.87324363 0.4623248 0.4628807 0.87324363 0.8855178 0.87581104 0.65948707 0.6604514 0 0.88682157 0.014642 0.86591095 0.8480418 0.8774201 0.85802114 0.86654574 0.8842163
0.9980974 0.67359257 0.8855178 0.8483516 0.870685 0.8923881 0.8523914 0.8483516 0.85833514 0.67383814 0.6837262 0.8920595 0.52387106 0.5299277 0.8973342 0.8920595 0.6733471 0.675067 0.6767909 0.8884545 0.8871479 0.88682157 0 0.8855178 0.67531306 0.6689425 0.5649914 0.54652894 0.6785187 0.68149
0.9977191 0.8726031 0.18762916 0.8871479 0.65038735 0.6677236 0.86559373 0.87677604 0.8787099 0.864643 0.85613984 0.6026681 0.853951 0.86877173 0.46084443 0.46121424 0.87581104 0.88616943 0.877098 0.6616586 0.6619002 0.014642 0.8855178 0 0.8624292 0.8495923 0.8729233 0.85520095 0.8668633 0.8871479
0.9801504 0.41234812 0.8722831 0.8461853 0.8640098 0.877098 0.85270303 0.8446418 0.85207987 0.6733471 0.67580533 0.8555138 0.65876466 0.6686986 0.86654574 0.8700467 0.39725155 0.401168 0.401168 0.88910866 0.8881276 0.86591095 0.67531306 0.8624292 0 0.3888074 0.6889701 0.6767909 0.41495198 0.4090628
0.99281836 0.414083 0.8508351 0.8555138 0.83972377 0.86591095 0.85520095 0.8480418 0.8608519 0.66480625 0.67089695 0.8514572 0.6643211 0.66748005 0.86972773 0.8716434 0.35002682 0.35530797 0.35739866 0.85864925 0.863061 0.8480418 0.6689425 0.8495923 0.3888074 0 0.6887196 0.6740837 0.41356212 0.41599607
1.005704 0.6945033 0.8855178 0.8904187 0.8694089 0.86972773 0.8923881 0.8910746 0.8956819 0.69148016 0.69173163 0.8851922 0.55402696 0.56393015 0.8970035 0.9059856 0.7005865 0.7023701 0.697032 0.8848668 0.8855178 0.8774201 0.5649914 0.8729233 0.6889701 0.6887196 0 0.34684414 0.6945033 0.69097745
0.9845971 0.6770375 0.87613255 0.86591095 0.86654574 0.86274505 0.8662283 0.8678169 0.86148244 0.68149 0.68000287 0.8738847 0.55172795 0.5515193 0.8956819 0.8970035 0.6867182 0.69399863 0.69198316 0.88259256 0.8812961 0.85802114 0.54652894 0.85520095 0.6767909 0.6740837 0.34684414 0 0.67876583 0.67654437
0.9969631 0.2557418 0.8684533 0.8684533 0.8499028 0.8726031 0.87420535 0.864643 0.87100434 0.67114156 0.6723661 0.86337715 0.67114156 0.6775309 0.8790327 0.8838912 0.4236974 0.42387336 0.4189622 0.87613255 0.87484723 0.86654574 0.6785187 0.8668633 0.41495198 0.41356212 0.6945033 0.67876583 0 0.2556012
1.0068517 0.22407411 0.88616943 0.8726031 0.86148244 0.8738847 0.87484723 0.870685 0.8774201 0.6643211 0.66796726 0.86591095 0.6777777 0.6782716 0.8874743 0.8884545 0.42211568 0.42492995 0.42036211 0.8800019 0.8751683 0.8842163 0.68149 0.8871479 0.4090628 0.41599607 0.69097745 0.67654437 0.2556012 0
