0 1.0072346 0.99961257 0.99169195 1.0015109 0.6212099 0.6150539 0.61664504 1.0199828 0.9969631 0.9962078 0.6073731 0.9946995 0.6202947 0.6216679 0.9939465 1.0076177 1.0076177 0.9924427 0.9931942 0.9950763 0.618924 1.0076177 0.6198375 0.98496884 0.615281 0.60872287 1.002652 1.0015109 1.0195932
1.0072346 0 0.36468107 0.35852686 0.17717159 1.0141612 1.0034139 1.0045581 0.63811135 0.6132396 0.17869289 0.990942 0.17742492 0.9872032 0.98832285 0.61596274 0.63554007 0.6406915 0.61664504 0.6171003 0.6171003 0.98757625 0.6285719 0.98683035 0.3270979 0.9857129 0.9939465 0.7328271 0.73815954 0.62006605
0.99961257 0.36468107 0 0.178566 0.36078832 1.0126165 0.9962078 0.9962078 0.62511194 0.62534213 0.36305663 0.98237044 0.36078832 0.9898184 0.9920673 0.62511194 0.6294973 0.6320479 0.62511194 0.62396216 0.6244219 0.99281836 0.624192 0.99281836 0.35949522 0.9977191 1.0149349 0.75603044 0.7519313 0.62810963
0.99169195 0.35852686 0.178566 0 0.356433 1.0060863 0.9894442 0.99658537 0.63228023 0.62465185 0.36030313 0.9790429 0.35498682 0.9853408 0.9872032 0.6221262 0.632745 0.6374092 0.62075216 0.61960906 0.6198375 0.99056727 0.6093986 0.9901927 0.35804313 1.0003713 1.01069 0.7408401 0.7320306 0.62649405
1.0015109 0.17717159 0.36078832 0.356433 0 1.0149349 0.9980974 1.0037951 0.6343742 0.6109778 0.16998726 0.97609735 0.16735767 0.98757625 0.99281836 0.61482686 0.6276477 0.6353068 0.6171003 0.61778367 0.61778367 0.9894442 0.63019204 0.98832285 0.32787165 0.99734104 1.0060863 0.7251619 0.7386949 0.62075216
0.6212099 1.0141612 1.0126165 1.0060863 1.0149349 0 0.16748267 0.16287111 1.0157093 1.0087683 1.0095364 0.64116156 0.99734104 0.16436365 0.16349263 1.0103053 1.0219333 1.019204 1.01146 1.0126165 1.0118452 0.16448817 1.030972 0.16473724 0.9898184 0.64163196 0.6449328 1.0246727 1.0045581 1.0083846
0.6150539 1.0034139 0.9962078 0.9894442 0.9980974 0.16748267 0 0.15446904 1.0076177 1.0064689 0.99545324 0.62649405 0.9838541 0.15360944 0.15238315 1.0099207 1.0172604 1.018426 1.0091523 1.0099207 1.0099207 0.15397772 1.0282096 0.15459192 0.9860852 0.632745 0.62488186 0.99734104 0.97609735 1.01146
0.61664504 1.0045581 0.9962078 0.99658537 1.0037951 0.16287111 0.15446904 0 1.0118452 1.0030329 0.99169195 0.6336756 0.9816297 0.14361255 0.14312829 1.0091523 1.0258498 1.0199828 1.0091523 1.01069 1.0110749 0.14167738 1.0080011 0.14203984 0.9894442 0.63228023 0.624192 0.9950763 0.9764649 1.0083846
1.0199828 0.63811135 0.62511194 0.63228023 0.6343742 1.0157093 1.0076177 1.0118452 0 0.3717065 0.63857985 1.0015109 0.6311194 0.98907024 1.001891 0.3717065 0.13722132 0.1369812 0.37039444 0.37105018 0.3712142 0.9977191 0.46715635 0.9969631 0.63228023 1.0234975 1.042526 0.7486681 0.73789203 0.3717065
0.9969631 0.6132396 0.62534213 0.62465185 0.6109778 1.0087683 1.0064689 1.0030329 0.3717065 0 0.6202947 0.9894442 0.61052626 0.9842255 0.9931942 0.10952115 0.37483186 0.3751616 0.10894276 0.10998418 0.110099986 0.98907024 0.44692463 0.98869646 0.6212099 1.0130024 1.0072346 0.7427221 0.7376246 0.18673073
0.9962078 0.17869289 0.36305663 0.36030313 0.16998726 1.0095364 0.99545324 0.99169195 0.63857985 0.6202947 0 0.982 0.074920505 0.9842255 0.98645765 0.6269553 0.6362405 0.64233804 0.62534213 0.6255724 0.62534213 0.98237044 0.6285719 0.9816297 0.33674935 0.98794943 0.99658537 0.73522204 0.74433905 0.62787867
0.6073731 0.990942 0.98237044 0.9790429 0.97609735 0.64116156 0.62649405 0.6336756 1.0015109 0.9894442 0.982 0 0.97941184 0.62926584 0.6315835 0.9980974 0.99999183 0.9980974 0.99281836 0.99999183 0.99961257 0.627186 0.9845971 0.62787867 0.9831119 0.58131045 0.5649914 0.98757625 0.97316337 0.9801504
0.9946995 0.17742492 0.36078832 0.35498682 0.16735767 0.99734104 0.9838541 0.9816297 0.6311194 0.61052626 0.074920505 0.97941184 0 0.9698763 0.9713354 0.6132396 0.6313514 0.6364741 0.6132396 0.61346614 0.61369276 0.97243166 0.62534213 0.97206604 0.3306638 0.98348296 0.99357027 0.721751 0.7307048 0.6164175
0.6202947 0.9872032 0.9898184 0.9853408 0.98757625 0.16436365 0.15360944 0.14361255 0.98907024 0.9842255 0.9842255 0.62926584 0.9698763 0 0.06493133 0.9894442 1.0015109 1.002652 0.9860852 0.9860852 0.98645765 0.0955342 0.99999183 0.095988676 0.97499573 0.63460726 0.62903446 0.9872032 0.9604604 0.9943229
0.6216679 0.98832285 0.9920673 0.9872032 0.99281836 0.16349263 0.15238315 0.14312829 1.001891 0.9931942 0.98645765 0.6315835 0.9713354 0.06493133 0 0.99658537 1.0103053 1.01069 0.9950763 0.9946995 0.9943229 0.0942858 1.0083846 0.09473953 0.97426224 0.6357735 0.63088745 0.98832285 0.9706055 0.99923354
0.9939465 0.61596274 0.62511194 0.6221262 0.61482686 1.0103053 1.0099207 1.0091523 0.3717065 0.10952115 0.6269553 0.9980974 0.6132396 0.9894442 0.99658537 0 0.37631682 0.37780476 0.044387996 0.04555597 0.045874827 0.9980974 0.4503804 0.9969631 0.6212099 1.0286036 1.0157093 0.74433905 0.73495555 0.18634602
1.0076177 0.63554007 0.6294973 0.632745 0.6276477 1.0219333 1.0172604 1.0258498 0.13722132 0.37483186 0.6362405 0.99999183 0.6313514 1.0015109 1.0103053 0.37631682 0 0.02843218 0.37565646 0.37549147 0.37565646 1.0083846 0.46084443 1.0076177 0.63297755 1.0195932 1.036926 0.73495555 0.7365559 0.37417278
1.0076177 0.6406915 0.6320479 0.6374092 0.6353068 1.019204 1.018426 1.0199828 0.1369812 0.3751616 0.64233804 0.9980974 0.6364741 1.002652 1.01069 0.37780476 0.02843218 0 0.376482 0.37631682 0.37615168 1.0083846 0.4606596 1.0076177 0.6374092 1.0188149 1.0289978 0.73789203 0.73815954 0.376482
0.9924427 0.61664504 0.62511194 0.62075216 0.6171003 1.01146 1.0091523 1.0091523 0.37039444 0.10894276 0.62534213 0.99281836 0.6132396 0.9860852 0.9950763 0.044387996 0.37565646 0.376482 0 0.0108785145 0.011385991 0.9977191 0.45184028 0.99658537 0.6193806 1.0282096 1.0130024 0.7475835 0.73923063 0.1841697
0.9931942 0.6171003 0.62396216 0.61960906 0.61778367 1.0126165 1.0099207 1.01069 0.37105018 0.10998418 0.6255724 0.99999183 0.61346614 0.9860852 0.9946995 0.04555597 0.37549147 0.37631682 0.0108785145 0 0.0047147884 0.99847597 0.45111 0.99734104 0.61960906 1.0325551 1.0203725 0.7456892 0.7389627 0.18519306
0.9950763 0.6171003 0.6244219 0.6198375 0.61778367 1.0118452 1.0099207 1.0110749 0.3712142 0.110099986 0.62534213 0.99961257 0.61369276 0.98645765 0.9943229 0.045874827 0.37565646 0.37615168 0.011385991 0.0047147884 0 0.99961257 0.45275414 0.99847597 0.620981 1.032159 1.0195932 0.74650043 0.7389627 0.18544912
0.618924 0.98757625 0.99281836 0.99056727 0.9894442 0.16448817 0.15397772 0.14167738 0.9977191 0.98907024 0.98237044 0.627186 0.97243166 0.0955342 0.0942858 0.9980974 1.0083846 1.0083846 0.9977191 0.99847597 0.99961257 0 1.0122308 0.0018021634 0.98683035 0.6336756 0.6306556 0.99545324 0.97170067 0.99885464
1.0076177 0.6285719 0.624192 0.6093986 0.63019204 1.030972 1.0282096 1.0080011 0.46715635 0.44692463 0.6285719 0.9845971 0.62534213 0.99999183 1.0083846 0.4503804 0.46084443 0.4606596 0.45184028 0.45111 0.45275414 1.0122308 0 1.0122308 0.6350735 1.0168724 1.0122308 0.7333587 0.7362889 0.4489234
0.6198375 0.98683035 0.99281836 0.9901927 0.98832285 0.16473724 0.15459192 0.14203984 0.9969631 0.98869646 0.9816297 0.62787867 0.97206604 0.095988676 0.09473953 0.9969631 1.0076177 1.0076177 0.99658537 0.99734104 0.99847597 0.0018021634 1.0122308 0 0.9860852 0.6348403 0.6318157 0.9939465 0.97206604 0.9980974
0.98496884 0.3270979 0.35949522 0.35804313 0.32787165 0.9898184 0.9860852 0.9894442 0.63228023 0.6212099 0.33674935 0.9831119 0.3306638 0.97499573 0.97426224 0.6212099 0.63297755 0.6374092 0.6193806 0.61960906 0.620981 0.98683035 0.6350735 0.9860852 0 0.98832285 0.99923354 0.73495555 0.73602206 0.6202947
0.615281 0.9857129 0.9977191 1.0003713 0.99734104 0.64163196 0.632745 0.63228023 1.0234975 1.0130024 0.98794943 0.58131045 0.98348296 0.63460726 0.6357735 1.0286036 1.0195932 1.0188149 1.0282096 1.0325551 1.032159 0.6336756 1.0168724 0.6348403 0.98832285 0 0.28543305 1.0076177 1.01069 1.0083846
0.60872287 0.9939465 1.0149349 1.01069 1.0060863 0.6449328 0.62488186 0.624192 1.042526 1.0072346 0.99658537 0.5649914 0.99357027 0.62903446 0.63088745 1.0157093 1.036926 1.0289978 1.0130024 1.0203725 1.0195932 0.6306556 1.0122308 0.6318157 0.99923354 0.28543305 0 0.990942 0.99885464 1.0087683
1.002652 0.7328271 0.75603044 0.7408401 0.7251619 1.0246727 0.99734104 0.9950763 0.7486681 0.7427221 0.73522204 0.98757625 0.721751 0.9872032 0.98832285 0.74433905 0.73495555 0.73789203 0.7475835 0.7456892 0.74650043 0.99545324 0.7333587 0.9939465 0.73495555 1.0076177 0.990942 0 0.2675062 0.7421839
1.0015109 0.73815954 0.7519313 0.7320306 0.7386949 1.0045581 0.97609735 0.9764649 0.73789203 0.7376246 0.74433905 0.97316337 0.7307048 0.9604604 0.9706055 0.73495555 0.7365559 0.73815954 0.73923063 0.7389627 0.7389627 0.97170067 0.7362889 0.97206604 0.73602206 1.01069 0.99885464 0.2675062 0 0.7376246
1.0195932 0.62006605 0.62810963 0.62649405 0.62075216 1.0083846 1.01146 1.0083846 0.3717065 0.18673073 0.62787867 0.9801504 0.6164175 0.9943229 0.99923354 0.18634602 0.37417278 0.376482 0.1841697 0.18519306 0.18544912 0.99885464 0.4489234 0.9980974 0.6202947 1.0083846 1.0087683 0.7421839 0.7376246 0
