0 0.9349863 0.9575869 0.9554389 0.9604604 0.9662408 0.9123715 0.92771643 0.9709704 0.97024083 0.99131685 0.9184719 0.98794943 0.96298385 0.9608204 1.0164845 0.9924427 1.0164845 1.0301816 0.9232511 0.91949344 0.9980974 0.9901927 0.9980974 0.959741 0.9522284 0.9360306 0.9644296 0.9388226 0.9687838
0.9349863 0 0.9958304 1.0045581 0.9894442 0.9572284 0.26309067 0.2712297 0.9458484 0.96298385 0.97978103 0.6530102 0.98869646 0.946908 0.97170067 1.0172604 1.0087683 1.0099207 1.0176488 0.25743133 0.25870097 0.9783054 0.98794943 0.9808897 0.95151687 0.9360306 0.95508146 0.94267863 0.9458484 0.9504507
0.9575869 0.9958304 0 0.24679483 0.2473509 0.9680563 0.9713354 0.9779369 0.9808897 0.98683035 0.97024083 0.9962078 0.96769285 0.9698763 0.9593815 1.0015109 0.9816297 0.9946995 0.99658537 0.98907024 0.98869646 0.8592779 0.8871479 0.85896355 0.9658782 0.9831119 0.97316337 0.9554389 0.97426224 0.9590223
0.9554389 1.0045581 0.24679483 0 0.2256937 0.9827411 0.96841997 0.98645765 0.97573 0.9698763 0.98237044 0.99923354 0.9738958 0.97720057 0.9779369 0.98832285 0.97024083 1.01069 1.0118452 0.9980974 1.000751 0.8530148 0.8729233 0.8508351 0.990942 0.9898184 0.9816297 0.9615409 0.9753628 0.9709704
0.9604604 0.9894442 0.2473509 0.2256937 0 0.9768326 0.95472425 0.97316337 0.9680563 0.98869646 0.9946995 0.9842255 0.98645765 0.9644296 0.9626228 0.9931942 0.9838541 1.0103053 1.0095364 0.98794943 0.9872032 0.8636934 0.8652767 0.8602219 0.96298385 0.99131685 0.9727974 0.96334505 0.97573 0.96406794
0.9662408 0.9572284 0.9680563 0.9827411 0.9768326 0 0.9465546 0.95151687 0.48051092 0.48317254 1.0305767 0.9583042 1.014548 0.20952092 0.21429633 1.0238891 1.0172604 1.0133885 1.0262426 0.9583042 0.9568702 1.0011308 0.9783054 1.0003713 0.55006033 0.7243734 0.7110941 0.55801463 0.5561231 0.25349504
0.9123715 0.26309067 0.9713354 0.96841997 0.95472425 0.9465546 0 0.19213755 0.93812364 0.94903165 0.9611805 0.6484856 0.97609735 0.93812364 0.9543672 1.0080011 1.0003713 0.9920673 0.99847597 0.2679349 0.27237916 0.9713354 0.99734104 0.97316337 0.9440858 0.9270277 0.936379 0.92393637 0.93568236 0.94127417
0.92771643 0.2712297 0.9779369 0.98645765 0.97316337 0.95151687 0.19213755 0 0.9497408 0.9554389 0.9775687 0.6465887 0.9808897 0.9405729 0.9575869 1.0076177 1.002652 1.0049399 1.01069 0.27482754 0.2743949 0.9666036 0.9946995 0.96841997 0.95615417 0.927372 0.94232726 0.93777436 0.94479036 0.94232726
0.9709704 0.9458484 0.9808897 0.97573 0.9680563 0.48051092 0.93812364 0.9497408 0 0.1750217 0.9962078 0.93777436 1.002652 0.47937313 0.4752159 1.0099207 1.001891 1.0188149 1.0219333 0.9709704 0.9644296 0.99961257 0.9764649 0.99847597 0.54632175 0.7309697 0.7267414 0.5446661 0.54611456 0.47220686
0.97024083 0.96298385 0.98683035 0.9698763 0.98869646 0.48317254 0.94903165 0.9554389 0.1750217 0 1.0045581 0.9483231 1.0076177 0.47842628 0.4797522 1.0289978 1.0076177 1.0262426 1.0385218 0.9698763 0.96769285 0.99999183 0.9939465 0.99923354 0.5586462 0.7251619 0.72726864 0.5557034 0.5521454 0.47352183
0.99131685 0.97978103 0.97024083 0.98237044 0.9946995 1.0305767 0.9611805 0.9775687 0.9962078 1.0045581 0 0.9977191 0.13902465 1.01069 1.0211525 0.8914027 0.8719632 0.38195345 0.37714309 1.0034139 1.0003713 1.0122308 0.99169195 1.01069 1.0072346 0.99169195 1.005704 1.0015109 1.01069 0.99169195
0.9184719 0.6530102 0.9962078 0.99923354 0.9842255 0.9583042 0.6484856 0.6465887 0.93777436 0.9483231 0.9977191 0 0.9980974 0.9476152 0.9565121 1.001891 1.0037951 0.99923354 1.0030329 0.6575622 0.6558819 0.98757625 0.9651536 0.9872032 0.932902 0.9483231 0.9522284 0.94092345 0.94373375 0.9554389
0.98794943 0.98869646 0.96769285 0.9738958 0.98645765 1.014548 0.97609735 0.9808897 1.002652 1.0076177 0.13902465 0.9980974 0 0.9943229 1.0041765 0.9019803 0.8790327 0.3781358 0.37483186 0.9980974 0.9943229 1.0130024 0.98125964 1.01069 0.9962078 0.982 0.990942 1.0034139 0.99658537 0.9775687
0.96298385 0.946908 0.9698763 0.97720057 0.9644296 0.20952092 0.93812364 0.9405729 0.47937313 0.47842628 1.01069 0.9476152 0.9943229 0 0.13350815 1.0337447 1.0141612 1.0041765 1.0176488 0.94479036 0.9430302 0.99961257 0.9644296 0.99999183 0.547981 0.7026252 0.69022405 0.5492279 0.5454935 0.24637805
0.9608204 0.97170067 0.9593815 0.9779369 0.9626228 0.21429633 0.9543672 0.9575869 0.4752159 0.4797522 1.0211525 0.9565121 1.0041765 0.13350815 0 1.0293922 1.0068517 1.0072346 1.0289978 0.9666036 0.96769285 0.97720057 0.9801504 0.98051995 0.5368514 0.70697606 0.6859691 0.5471509 0.5393104 0.2529344
1.0164845 1.0172604 1.0015109 0.98832285 0.9931942 1.0238891 1.0080011 1.0076177 1.0099207 1.0289978 0.8914027 1.001891 0.9019803 1.0337447 1.0293922 0 0.12436386 0.9167723 0.9218825 0.9977191 0.99923354 0.9969631 1.0080011 0.9958304 1.0219333 1.0168724 1.032159 1.0076177 1.0095364 1.0305767
0.9924427 1.0087683 0.9816297 0.97024083 0.9838541 1.0172604 1.0003713 1.002652 1.001891 1.0076177 0.8719632 1.0037951 0.8790327 1.0141612 1.0068517 0.12436386 0 0.8983274 0.90264636 0.9901927 0.99131685 0.9808897 1.002652 0.9801504 1.0045581 1.005704 1.019204 0.99961257 0.99999183 1.0060863
1.0164845 1.0099207 0.9946995 1.01069 1.0103053 1.0133885 0.9920673 1.0049399 1.0188149 1.0262426 0.38195345 0.99923354 0.3781358 1.0041765 1.0072346 0.9167723 0.8983274 0 0.07624774 1.0160967 1.0199828 1.033348 0.9980974 1.030972 0.9980974 0.99885464 1.0149349 1.0141612 1.0219333 0.99281836
1.0301816 1.0176488 0.99658537 1.0118452 1.0095364 1.0262426 0.99847597 1.01069 1.0219333 1.0385218 0.37714309 1.0030329 0.37483186 1.0176488 1.0289978 0.9218825 0.90264636 0.07624774 0 1.0137748 1.0180373 1.0393208 1.0003713 1.0365276 1.0041765 1.0195932 1.0223241 1.0234975 1.025065 1.0064689
0.9232511 0.25743133 0.98907024 0.9980974 0.98794943 0.9583042 0.2679349 0.27482754 0.9709704 0.9698763 1.0034139 0.6575622 0.9980974 0.94479036 0.9666036 0.9977191 0.9901927 1.0160967 1.0137748 0 0.03270273 0.9775687 0.990942 0.9775687 0.96479154 0.9504507 0.9522284 0.94127417 0.96010065 0.94267863
0.91949344 0.25870097 0.98869646 1.000751 0.9872032 0.9568702 0.27237916 0.2743949 0.9644296 0.96769285 1.0003713 0.6558819 0.9943229 0.9430302 0.96769285 0.99923354 0.99131685 1.0199828 1.0180373 0.03270273 0 0.9746289 0.98907024 0.97426224 0.9611805 0.9419761 0.94479036 0.9391723 0.9554389 0.9479691
0.9980974 0.9783054 0.8592779 0.8530148 0.8636934 1.0011308 0.9713354 0.9666036 0.99961257 0.99999183 1.0122308 0.98757625 1.0130024 0.99961257 0.97720057 0.9969631 0.9808897 1.033348 1.0393208 0.9775687 0.9746289 0 0.64516914 0.011182959 0.9698763 0.97978103 0.9950763 0.9939465 0.982 0.99658537
0.9901927 0.98794943 0.8871479 0.8729233 0.8652767 0.9783054 0.99734104 0.9946995 0.9764649 0.9939465 0.99169195 0.9651536 0.98125964 0.9644296 0.9801504 1.0080011 1.002652 0.9980974 1.0003713 0.990942 0.98907024 0.64516914 0 0.6444604 0.99056727 0.9842255 0.9808897 0.9853408 0.9738958 0.97499573
0.9980974 0.9808897 0.85896355 0.8508351 0.8602219 1.0003713 0.97316337 0.96841997 0.99847597 0.99923354 1.01069 0.9872032 1.01069 0.99999183 0.98051995 0.9958304 0.9801504 1.030972 1.0365276 0.9775687 0.97426224 0.011182959 0.6444604 0 0.9691478 0.9783054 0.99658537 0.9943229 0.9801504 0.9980974
0.959741 0.95151687 0.9658782 0.990942 0.96298385 0.55006033 0.9440858 0.95615417 0.54632175 0.5586462 1.0072346 0.932902 0.9962078 0.547981 0.5368514 1.0219333 1.0045581 0.9980974 1.0041765 0.96479154 0.9611805 0.9698763 0.99056727 0.9691478 0 0.70288044 0.71032023 0.4297031 0.42440146 0.5450797
0.9522284 0.9360306 0.9831119 0.9898184 0.99131685 0.7243734 0.9270277 0.927372 0.7309697 0.7251619 0.99169195 0.9483231 0.982 0.7026252 0.70697606 1.0168724 1.005704 0.99885464 1.0195932 0.9504507 0.9419761 0.97978103 0.9842255 0.9783054 0.70288044 0 0.43059036 0.72726864 0.71445674 0.7175742
0.9360306 0.95508146 0.97316337 0.9816297 0.9727974 0.7110941 0.936379 0.94232726 0.7267414 0.72726864 1.005704 0.9522284 0.990942 0.69022405 0.6859691 1.032159 1.019204 1.0149349 1.0223241 0.9522284 0.94479036 0.9950763 0.9808897 0.99658537 0.71032023 0.43059036 0 0.71783453 0.70748955 0.6982995
0.9644296 0.94267863 0.9554389 0.9615409 0.96334505 0.55801463 0.92393637 0.93777436 0.5446661 0.5557034 1.0015109 0.94092345 1.0034139 0.5492279 0.5471509 1.0076177 0.99961257 1.0141612 1.0234975 0.94127417 0.9391723 0.9939465 0.9853408 0.9943229 0.4297031 0.72726864 0.71783453 0 0.3816207 0.5523542
0.9388226 0.9458484 0.97426224 0.9753628 0.97573 0.5561231 0.93568236 0.94479036 0.54611456 0.5521454 1.01069 0.94373375 0.99658537 0.5454935 0.5393104 1.0095364 0.99999183 1.0219333 1.025065 0.96010065 0.9554389 0.982 0.9738958 0.9801504 0.42440146 0.71445674 0.70748955 0.3816207 0 0.5440462
0.9687838 0.9504507 0.9590223 0.9709704 0.96406794 0.25349504 0.94127417 0.94232726 0.47220686 0.47352183 0.99169195 0.9554389 0.9775687 0.24637805 0.2529344 1.0305767 1.0060863 0.99281836 1.0064689 0.94267863 0.9479691 0.99658537 0.97499573 0.9980974 0.5450797 0.7175742 0.6982995 0.5523542 0.5440462 0
