0 1.0231062 1.0262426 1.042526 0.7734957 0.7757428 0.7601521 0.7618071 0.41096306 0.41252142 0.76485085 1.0045581 0.7673504 1.0137748 1.0080011 1.0353336 1.0465518 0.3947083 0.39369342 1.0157093 1.0199828 0.7681854 1.0011308 0.77153486 1.0465518 1.0465518 0.38462073 0.79830307 1.0160967 0.776869
1.0231062 0 0.22975801 0.8200693 0.99056727 0.9943229 1.0030329 1.0003713 1.0207624 1.0130024 0.99357027 0.5115071 1.0045581 0.80529344 0.8120542 0.8161995 0.81679356 1.0215429 1.0254573 0.8000446 0.80705124 1.0037951 0.5136859 1.0053219 0.83788776 0.8339251 0.99885464 1.0199828 0.26950887 1.01069
1.0262426 0.22975801 0 0.8105793 0.98832285 0.98757625 1.0060863 1.001891 1.0282096 1.0242808 1.0060863 0.4975942 1.0118452 0.80705124 0.81442016 0.81738806 0.8164965 1.0080011 1.0087683 0.8014989 0.8082254 1.0087683 0.50972915 1.0133885 0.83149695 0.81828076 1.001891 1.0133885 0.2585598 0.99885464
1.042526 0.8200693 0.8105793 0 0.9920673 0.9958304 1.0238891 1.0034139 1.0045581 1.005704 0.98237044 0.7980132 0.9857129 0.46846247 0.47277015 0.12153634 0.12412783 1.0211525 1.0172604 0.46585247 0.469958 0.9845971 0.8026644 0.9853408 0.55110216 0.5521454 0.9946995 0.98907024 0.82606214 0.9920673
0.7734957 0.99056727 0.98832285 0.9920673 0 0.11649686 0.7193987 0.72779626 0.7822413 0.7862246 0.7113522 0.9838541 0.71186876 0.9790429 0.98496884 0.97316337 0.98683035 0.7867954 0.7916646 0.9775687 0.9790429 0.7087749 0.9753628 0.71212715 1.030972 1.0176488 0.7836615 0.27108616 0.9958304 0.2427756
0.7757428 0.9943229 0.98757625 0.9958304 0.11649686 0 0.7186162 0.7296458 0.79252714 0.80120784 0.7173139 0.97206604 0.71601385 0.9709704 0.97426224 0.97499573 0.98645765 0.79627645 0.799754 0.97352946 0.9727974 0.70954716 0.9898184 0.71238565 1.025065 1.0188149 0.78879654 0.2774287 0.9950763 0.24721184
0.7601521 1.0030329 1.0060863 1.0238891 0.7193987 0.7186162 0 0.10513652 0.7709756 0.7734957 0.27800795 1.0087683 0.27612698 0.9872032 0.9872032 1.0110749 1.0242808 0.76846397 0.762636 1.0045581 1.0091523 0.28003892 1.0030329 0.28120193 1.0317632 1.0122308 0.7620833 0.7113522 1.0231062 0.70928967
0.7618071 1.0003713 1.001891 1.0034139 0.72779626 0.7296458 0.10513652 0 0.7760242 0.78195757 0.2807656 0.9962078 0.27815285 0.97426224 0.97206604 0.98794943 0.99999183 0.7690214 0.76457363 0.9898184 0.9943229 0.2806202 0.99923354 0.28382534 1.015322 1.0118452 0.7565787 0.7196597 1.0188149 0.71316165
0.41096306 1.0207624 1.0282096 1.0045581 0.7822413 0.79252714 0.7709756 0.7760242 0 0.09371904 0.78167397 1.0087683 0.7896558 0.9939465 0.99545324 1.0068517 1.0149349 0.40031484 0.39895183 0.99999183 1.0076177 0.790803 1.014548 0.79425526 1.0465518 1.0246727 0.3974214 0.7945437 1.0365276 0.7896558
0.41252142 1.0130024 1.0242808 1.005704 0.7862246 0.80120784 0.7734957 0.78195757 0.09371904 0 0.78565425 0.99961257 0.78879654 0.990942 0.99357027 1.0068517 1.019204 0.40253505 0.40253505 0.99658537 1.0053219 0.7893693 1.0030329 0.7916646 1.0381224 1.0242808 0.39640284 0.7977235 1.0262426 0.7902292
0.76485085 0.99357027 1.0060863 0.98237044 0.7113522 0.7173139 0.27800795 0.2807656 0.78167397 0.78565425 0 0.9977191 0.08091166 0.96190137 0.9575869 0.9827411 0.98832285 0.7796917 0.77771467 0.9790429 0.9801504 0.08213797 0.98757625 0.08426087 1.0141612 0.9939465 0.77405685 0.7110941 1.0083846 0.7087749
1.0045581 0.5115071 0.4975942 0.7980132 0.9838541 0.97206604 1.0087683 0.9962078 1.0087683 0.99961257 0.9977191 0 0.99923354 0.77715075 0.782809 0.78879654 0.79512084 1.000751 0.99961257 0.7802575 0.78708094 0.9980974 0.35402426 1.0060863 0.8179831 0.806758 0.9969631 0.98757625 0.50579315 0.9738958
0.7673504 1.0045581 1.0118452 0.9857129 0.71186876 0.71601385 0.27612698 0.27815285 0.7896558 0.78879654 0.08091166 0.99923354 0 0.9655158 0.96298385 0.98683035 0.9950763 0.7805406 0.77771467 0.98051995 0.98237044 0.05722894 0.99847597 0.058525212 1.0103053 0.9946995 0.7690214 0.71316165 1.01069 0.71161044
1.0137748 0.80529344 0.80705124 0.46846247 0.9790429 0.9709704 0.9872032 0.97426224 0.9939465 0.990942 0.96190137 0.77715075 0.9655158 0 0.042798225 0.4571562 0.45899805 0.98683035 0.9790429 0.09587503 0.0983792 0.9695119 0.7830931 0.9746289 0.5374654 0.537875 0.9783054 0.9651536 0.8076381 0.9666036
1.0080011 0.8120542 0.81442016 0.47277015 0.98496884 0.97426224 0.9872032 0.97206604 0.99545324 0.99357027 0.9575869 0.782809 0.96298385 0.042798225 0 0.4606596 0.4623248 0.9901927 0.98237044 0.100548655 0.102151215 0.96769285 0.7842303 0.97206604 0.5389 0.5421895 0.97609735 0.9709704 0.81087404 0.97206604
1.0353336 0.8161995 0.81738806 0.12153634 0.97316337 0.97499573 1.0110749 0.98794943 1.0068517 1.0068517 0.9827411 0.78879654 0.98683035 0.4571562 0.4606596 0 0.034899537 1.0246727 1.0188149 0.4566045 0.45955148 0.9860852 0.79483217 0.98907024 0.5494359 0.54570043 0.98832285 0.9706055 0.8191745 0.9753628
1.0465518 0.81679356 0.8164965 0.12412783 0.98683035 0.98645765 1.0242808 0.99999183 1.0149349 1.019204 0.98832285 0.79512084 0.9950763 0.45899805 0.4623248 0.034899537 0 1.0278157 1.025065 0.45770827 0.46084443 0.9958304 0.79714435 0.99999183 0.55381763 0.5506852 0.99847597 0.9842255 0.81857854 0.9872032
0.3947083 1.0215429 1.0080011 1.0211525 0.7867954 0.79627645 0.76846397 0.7690214 0.40031484 0.40253505 0.7796917 1.000751 0.7805406 0.98683035 0.9901927 1.0246727 1.0278157 0 0.027705485 0.9924427 0.99734104 0.78337723 0.99169195 0.78708094 1.0469556 1.0345387 0.30364898 0.793967 1.005704 0.7822413
0.39369342 1.0254573 1.0087683 1.0172604 0.7916646 0.799754 0.762636 0.76457363 0.39895183 0.40253505 0.77771467 0.99961257 0.77771467 0.9790429 0.98237044 1.0188149 1.025065 0.027705485 0 0.9894442 0.9939465 0.7813905 0.990942 0.7847996 1.0401208 1.0278157 0.30409884 0.79425526 1.0095364 0.78110707
1.0157093 0.8000446 0.8014989 0.46585247 0.9775687 0.97352946 1.0045581 0.9898184 0.99999183 0.99658537 0.9790429 0.7802575 0.98051995 0.09587503 0.100548655 0.4566045 0.45770827 0.9924427 0.9894442 0 0.021608312 0.98496884 0.7862246 0.98832285 0.5362379 0.54673624 0.9853408 0.98125964 0.8079317 0.97170067
1.0199828 0.80705124 0.8082254 0.469958 0.9790429 0.9727974 1.0091523 0.9943229 1.0076177 1.0053219 0.9801504 0.78708094 0.98237044 0.0983792 0.102151215 0.45955148 0.46084443 0.99734104 0.9939465 0.021608312 0 0.9853408 0.790803 0.9898184 0.5380799 0.5494359 0.98794943 0.97720057 0.8164965 0.97243166
0.7681854 1.0037951 1.0087683 0.9845971 0.7087749 0.70954716 0.28003892 0.2806202 0.790803 0.7893693 0.08213797 0.9980974 0.05722894 0.9695119 0.96769285 0.9860852 0.9958304 0.78337723 0.7813905 0.98496884 0.9853408 0 0.9950763 0.021093873 1.0130024 0.99923354 0.77856135 0.7087749 1.0188149 0.7080034
1.0011308 0.5136859 0.50972915 0.8026644 0.9753628 0.9898184 1.0030329 0.99923354 1.014548 1.0030329 0.98757625 0.35402426 0.99847597 0.7830931 0.7842303 0.79483217 0.79714435 0.99169195 0.990942 0.7862246 0.790803 0.9950763 0 1.0030329 0.8266641 0.82156307 0.9857129 1.0118452 0.51388425 1.0110749
0.77153486 1.0053219 1.0133885 0.9853408 0.71212715 0.71238565 0.28120193 0.28382534 0.79425526 0.7916646 0.08426087 1.0060863 0.058525212 0.9746289 0.97206604 0.98907024 0.99999183 0.78708094 0.7847996 0.98832285 0.9898184 0.021093873 1.0030329 0 1.0180373 1.0041765 0.7836615 0.71212715 1.0238891 0.7113522
1.0465518 0.83788776 0.83149695 0.55110216 1.030972 1.025065 1.0317632 1.015322 1.0465518 1.0381224 1.0141612 0.8179831 1.0103053 0.5374654 0.5389 0.5494359 0.55381763 1.0469556 1.0401208 0.5362379 0.5380799 1.0130024 0.8266641 1.0180373 0 0.33237523 1.0297868 1.0301816 0.83210325 1.018426
1.0465518 0.8339251 0.81828076 0.5521454 1.0176488 1.0188149 1.0122308 1.0118452 1.0246727 1.0242808 0.9939465 0.806758 0.9946995 0.537875 0.5421895 0.54570043 0.5506852 1.0345387 1.0278157 0.54673624 0.5494359 0.99923354 0.82156307 1.0041765 0.33237523 0 1.0180373 1.0215429 0.82485974 1.0095364
0.38462073 0.99885464 1.001891 0.9946995 0.7836615 0.78879654 0.7620833 0.7565787 0.3974214 0.39640284 0.77405685 0.9969631 0.7690214 0.9783054 0.97609735 0.98832285 0.99847597 0.30364898 0.30409884 0.9853408 0.98794943 0.77856135 0.9857129 0.7836615 1.0297868 1.0180373 0 0.78793824 0.9943229 0.78082377
0.79830307 1.0199828 1.0133885 0.98907024 0.27108616 0.2774287 0.7113522 0.7196597 0.7945437 0.7977235 0.7110941 0.98757625 0.71316165 0.9651536 0.9709704 0.9706055 0.9842255 0.793967 0.79425526 0.98125964 0.97720057 0.7087749 1.0118452 0.71212715 1.0301816 1.0215429 0.78793824 0 1.0091523 0.27338633
1.0160967 0.26950887 0.2585598 0.82606214 0.9958304 0.9950763 1.0231062 1.0188149 1.0365276 1.0262426 1.0083846 0.50579315 1.01069 0.8076381 0.81087404 0.8191745 0.81857854 1.005704 1.0095364 0.8079317 0.8164965 1.0188149 0.51388425 1.0238891 0.83210325 0.82485974 0.9943229 1.0091523 0 0.99999183
0.776869 1.01069 0.99885464 0.9920673 0.2427756 0.24721184 0.70928967 0.71316165 0.7896558 0.7902292 0.7087749 0.9738958 0.71161044 0.9666036 0.97206604 0.9753628 0.9872032 0.7822413 0.78110707 0.97170067 0.97243166 0.7080034 1.0110749 0.7113522 1.018426 1.0095364 0.78082377 0.27338633 0.99999183 0
