0 0.982097546 0.950918546 0.958054746 0.992535146 0.981357546 0.972533886 0.678245546 0.931637296 0.944553646 0.948436946 0.936150206 0.678492496 0.681213946 0.952696246 1.008085546 0.999322486 0.947375846 0.950563546 0.941742016 0.947375846 0.945258206 0.675288946 0.946316246 0.937195486 0.959490146 0.975096746 0.968160696 0.950208646 0.956979946
0.982097546 0 0.267402846 0.254383666 1.018893846 1.022010746 1.010388546 0.985436686 0.502540846 0.485929286 0.486311446 0.731967816 0.989538086 0.994790746 0.742382746 1.008852446 1.005789746 0.506653646 0.504496546 0.475683746 0.480789016 0.742113896 0.963451696 0.743189946 0.496316746 0.465018726 0.740234546 0.371682046 0.366776866 0.731967816
0.950918546 0.267402846 0 0.254523946 1.004644346 0.990660546 0.998943816 0.971073346 0.511184246 0.482498546 0.483069246 0.739966446 0.986553046 0.986180746 0.725629746 1.004644346 1.006936746 0.513955346 0.512766486 0.478326596 0.481168576 0.728264106 0.973997306 0.731172646 0.504300746 0.467065106 0.729584746 0.377941706 0.369716116 0.721695496
0.958054746 0.254383666 0.254523946 0 1.013084346 1.006171846 1.004644346 0.973997306 0.498450446 0.471549426 0.471174726 0.719605646 0.983950806 0.983950806 0.721172446 1.015402746 1.008085546 0.503322496 0.503126986 0.464090386 0.465762246 0.724316006 0.953764846 0.726419046 0.500395446 0.450848246 0.724316006 0.370862286 0.362227446 0.716481696
0.992535146 1.018893846 1.004644346 1.013084346 0 0.186942076 0.186942076 1.002739346 0.989538086 1.005407746 1.002739346 1.018893846 0.997053216 0.993286206 1.019282746 0.780159546 0.775648246 0.999322486 0.998565246 0.974363646 0.986553046 1.011927846 0.983579746 1.012698646 1.015402746 1.002739346 1.006554146 1.017340246 0.986180746 1.028677446
0.981357546 1.022010746 0.990660546 1.006171846 0.186942076 0 0.152728476 1.003119846 0.988790696 1.016177146 1.016952346 1.008468946 0.984693346 0.989164306 1.001218846 0.763933606 0.760069086 0.996675646 0.997053216 0.985436686 0.994414346 1.002739346 0.982838286 1.003119846 1.010773146 1.000839146 0.998565246 1.017728246 0.997053216 1.014242646
0.972533886 1.010388546 0.998943816 1.004644346 0.186942076 0.152728476 0 0.989912046 0.981727486 0.996298246 0.992535146 1.003500746 0.978404746 0.979879686 0.990286246 0.760069086 0.757595186 0.983579746 0.984693346 0.969251646 0.977668416 0.983950806 0.979141896 0.986180746 0.991784696 1.004644346 0.991784696 1.000080416 0.976197846 1.004644346
0.678245546 0.985436686 0.971073346 0.973997306 1.002739346 1.003119846 0.989912046 0 0.954835046 0.974363646 0.963812896 0.932676346 0.140335526 0.143354126 0.949854046 1.010773146 1.010004246 0.957338046 0.953764846 0.943849746 0.950918546 0.951984716 0.496510446 0.954835046 0.962008746 0.945963396 0.955549306 0.968160696 0.962008746 0.951273806
0.931637296 0.502540846 0.511184246 0.498450446 0.989538086 0.988790696 0.981727486 0.954835046 0 0.506064746 0.505280206 0.733560746 0.951984716 0.950208646 0.714665346 0.986180746 0.983950806 0.120007786 0.117782786 0.506260996 0.510591696 0.708471246 0.962008746 0.710015006 0.468930316 0.499811416 0.740234546 0.508817046 0.503909296 0.733560746
0.944553646 0.485929286 0.482498546 0.471549426 1.005407746 1.016177146 0.996298246 0.974363646 0.506064746 0 0.10894821 0.735423396 0.985064946 0.980987796 0.732498446 0.991035116 0.994414346 0.507832896 0.509802406 0.407119076 0.412296276 0.728264106 0.961648346 0.731702646 0.501955106 0.488800296 0.741307946 0.483069246 0.480978766 0.724578546
0.948436946 0.486311446 0.483069246 0.471174726 1.002739346 1.016952346 0.992535146 0.963812896 0.505280206 0.10894821 0 0.741576506 0.972899506 0.974363646 0.735157046 0.993662046 0.997430946 0.505084246 0.506850046 0.411950006 0.412989266 0.733294946 0.954835046 0.736489906 0.500395446 0.496898066 0.743189946 0.484402576 0.483640386 0.729849146
0.936150206 0.731967816 0.739966446 0.719605646 1.018893846 1.008468946 1.003500746 0.932676346 0.733560746 0.735423396 0.741576506 0 0.929908846 0.937544246 0.538547746 1.010388546 1.013084346 0.735689886 0.740234546 0.714924586 0.721957096 0.535276186 0.929908846 0.536297046 0.717001446 0.735689886 0.551778506 0.731437546 0.721695496 0.537728496
0.678492496 0.989538086 0.986553046 0.983950806 0.997053216 0.984693346 0.978404746 0.140335526 0.951984716 0.985064946 0.972899506 0.929908846 0 0.0665996159999999 0.960928246 1.013084346 1.011157846 0.961288246 0.952696246 0.958413316 0.967071446 0.963812896 0.492452746 0.968160696 0.974363646 0.964174246 0.961288246 0.978773246 0.969251646 0.962008746
0.681213946 0.994790746 0.986180746 0.983950806 0.993286206 0.989164306 0.979879686 0.143354126 0.950208646 0.980987796 0.974363646 0.937544246 0.0665996159999999 0 0.962008746 1.016952346 1.014629046 0.957696246 0.951629146 0.965259386 0.974363646 0.958772046 0.495348876 0.963451696 0.973265246 0.959849346 0.959490146 0.979879686 0.967071446 0.958413316
0.952696246 0.742382746 0.725629746 0.721172446 1.019282746 1.001218846 0.990286246 0.949854046 0.714665346 0.732498446 0.735157046 0.538547746 0.960928246 0.962008746 0 1.003119846 0.999322486 0.719084046 0.716741516 0.724578546 0.728528046 0.0394643189999999 0.938242206 0.0404129489999999 0.732763846 0.715962296 0.304566686 0.744267546 0.737290746 0.261006516
1.008085546 1.008852446 1.004644346 1.015402746 0.780159546 0.763933606 0.760069086 1.010773146 0.986180746 0.991035116 0.993662046 1.010388546 1.013084346 1.016952346 1.003119846 0 0.0422080959999999 0.997430946 0.997430946 0.991784696 0.996298246 0.986180746 0.985064946 0.988417276 1.003119846 0.992910546 1.004644346 1.009236146 1.001218846 1.003119846
0.999322486 1.005789746 1.006936746 1.008085546 0.775648246 0.760069086 0.757595186 1.010004246 0.983950806 0.994414346 0.997430946 1.013084346 1.011157846 1.014629046 0.999322486 0.0422080959999999 0 0.995167346 0.995167346 0.984693346 0.988790696 0.985436686 0.983950806 0.987671046 1.001218846 0.990660546 1.004262946 1.008085546 1.005789746 1.002739346
0.947375846 0.506653646 0.513955346 0.503322496 0.999322486 0.996675646 0.983579746 0.957338046 0.120007786 0.507832896 0.505084246 0.735689886 0.961288246 0.957696246 0.719084046 0.997430946 0.995167346 0 0.0313969059999999 0.508817046 0.511974946 0.712078286 0.963812896 0.713629496 0.469864676 0.500979946 0.746427346 0.510986646 0.498450446 0.734092446
0.950563546 0.504496546 0.512766486 0.503126986 0.998565246 0.997053216 0.984693346 0.953764846 0.117782786 0.509802406 0.506850046 0.740234546 0.952696246 0.951629146 0.716741516 0.997430946 0.995167346 0.0313969059999999 0 0.507439646 0.509999706 0.709757516 0.962369216 0.711820046 0.471174726 0.504888246 0.742113896 0.510196996 0.499227846 0.733294946
0.941742016 0.475683746 0.478326596 0.464090386 0.974363646 0.985436686 0.969251646 0.943849746 0.506260996 0.407119076 0.411950006 0.714924586 0.958413316 0.965259386 0.724578546 0.991784696 0.984693346 0.508817046 0.507439646 0 0.0298353819999999 0.721957096 0.933369846 0.723528846 0.492645446 0.474553946 0.741307946 0.482878966 0.476249286 0.720127546
0.947375846 0.480789016 0.481168576 0.465762246 0.986553046 0.994414346 0.977668416 0.950918546 0.510591696 0.412296276 0.412989266 0.721957096 0.967071446 0.974363646 0.728528046 0.996298246 0.988790696 0.511974946 0.509999706 0.0298353819999999 0 0.726155886 0.941391296 0.727209246 0.499811416 0.477381646 0.744267546 0.487842066 0.481928266 0.729584746
0.945258206 0.742113896 0.728264106 0.724316006 1.011927846 1.002739346 0.983950806 0.951984716 0.708471246 0.728264106 0.733294946 0.535276186 0.963812896 0.958772046 0.0394643189999999 0.986180746 0.985436686 0.712078286 0.709757516 0.721957096 0.726155886 0 0.934758746 0.00467964999999994 0.728792076 0.717521546 0.302918506 0.745886816 0.738359876 0.260016416
0.675288946 0.963451696 0.973997306 0.953764846 0.983579746 0.982838286 0.979141896 0.496510446 0.962008746 0.961648346 0.954835046 0.929908846 0.492452746 0.495348876 0.938242206 0.985064946 0.983950806 0.963812896 0.962369216 0.933369846 0.941391296 0.934758746 0 0.935802046 0.931637296 0.946669286 0.937544246 0.962369216 0.943498046 0.941742016
0.946316246 0.743189946 0.731172646 0.726419046 1.012698646 1.003119846 0.986180746 0.954835046 0.710015006 0.731702646 0.736489906 0.536297046 0.968160696 0.963451696 0.0404129489999999 0.988417276 0.987671046 0.713629496 0.711820046 0.723528846 0.727209246 0.00467964999999994 0.935802046 0 0.730642946 0.720388596 0.303517406 0.747780446 0.741039406 0.260157776
0.937195486 0.496316746 0.504300746 0.500395446 1.015402746 1.010773146 0.991784696 0.962008746 0.468930316 0.501955106 0.500395446 0.717001446 0.974363646 0.973265246 0.732763846 1.003119846 1.001218846 0.469864676 0.471174726 0.492645446 0.499811416 0.728792076 0.931637296 0.730642946 0 0.494382246 0.729320416 0.501564946 0.498256216 0.728528046
0.959490146 0.465018726 0.467065106 0.450848246 1.002739346 1.000839146 1.004644346 0.945963396 0.499811416 0.488800296 0.496898066 0.735689886 0.964174246 0.959849346 0.715962296 0.992910546 0.990660546 0.500979946 0.504888246 0.474553946 0.477381646 0.717521546 0.946669286 0.720388596 0.494382246 0 0.743459246 0.464461606 0.462607446 0.723004586
0.975096746 0.740234546 0.729584746 0.724316006 1.006554146 0.998565246 0.991784696 0.955549306 0.740234546 0.741307946 0.743189946 0.551778506 0.961288246 0.959490146 0.304566686 1.004644346 1.004262946 0.746427346 0.742113896 0.741307946 0.744267546 0.302918506 0.937544246 0.303517406 0.729320416 0.743459246 0 0.743459246 0.736489906 0.304716686
0.968160696 0.371682046 0.377941706 0.370862286 1.017340246 1.017728246 1.000080416 0.968160696 0.508817046 0.483069246 0.484402576 0.731437546 0.978773246 0.979879686 0.744267546 1.009236146 1.008085546 0.510986646 0.510196996 0.482878966 0.487842066 0.745886816 0.962369216 0.747780446 0.501564946 0.464461606 0.743459246 0 0.282688896 0.734624546
0.950208646 0.366776866 0.369716116 0.362227446 0.986180746 0.997053216 0.976197846 0.962008746 0.503909296 0.480978766 0.483640386 0.721695496 0.969251646 0.967071446 0.737290746 1.001218846 1.005789746 0.498450446 0.499227846 0.476249286 0.481928266 0.738359876 0.943498046 0.741039406 0.498256216 0.462607446 0.736489906 0.282688896 0 0.723791196
0.956979946 0.731967816 0.721695496 0.716481696 1.028677446 1.014242646 1.004644346 0.951273806 0.733560746 0.724578546 0.729849146 0.537728496 0.962008746 0.958413316 0.261006516 1.003119846 1.002739346 0.734092446 0.733294946 0.720127546 0.729584746 0.260016416 0.941742016 0.260157776 0.728528046 0.723004586 0.304716686 0.734624546 0.723791196 0
