0 0.9860852 1.005704 0.54632175 0.5473584 1.0103053 0.99961257 1.0207624 1.0262426 1.0122308 0.5168664 1.0053219 0.50992644 0.51190275 1.002652 1.005704 1.0305767 1.0203725 1.0357314 1.0361294 1.0377234 1.0087683 1.0215429 1.0064689 1.0270288 1.0195932 1.0164845 1.0053219 0.5430141 0.55256313
0.9860852 0 0.13446462 0.9931942 1.005704 0.799754 0.790803 0.59004414 0.5911431 0.591363 1.0076177 0.799754 1.0022715 1.0087683 0.21044709 0.21084438 0.78879654 0.77771467 0.61278665 0.61687267 0.61482686 0.5955548 0.79310274 0.5966618 0.8041238 0.79310274 0.5971051 0.79425526 0.99545324 1.0076177
1.005704 0.13446462 0 1.0030329 1.0172604 0.79743385 0.78994244 0.58785117 0.59246385 0.58435565 1.005704 0.793967 1.000751 0.99999183 0.20925651 0.20833181 0.7830931 0.77181464 0.6109778 0.61391944 0.61346614 0.59400773 0.79339075 0.59400773 0.80441606 0.78110707 0.5955548 0.7956984 1.0041765 1.0083846
0.54632175 0.9931942 1.0030329 0 0.10513652 0.9920673 0.9901927 1.0103053 1.0231062 1.0238891 0.5557034 1.005704 0.55402696 0.54985213 1.0164845 1.0037951 1.0313674 1.014548 1.019204 1.0238891 1.018426 1.0149349 0.99056727 1.0110749 1.0103053 0.9860852 1.0246727 1.0049399 0.35852686 0.35659385
0.5473584 1.005704 1.0172604 0.10513652 0 1.0076177 1.0133885 1.030972 1.0397208 1.0453417 0.5550743 1.0215429 0.5542363 0.55277205 1.0325551 1.018426 1.0405211 1.0238891 1.0445362 1.0457449 1.042526 1.0397208 1.0060863 1.0377234 1.0215429 0.99847597 1.0433295 1.0168724 0.35402426 0.35949522
1.0103053 0.799754 0.79743385 0.9920673 1.0076177 0 0.092813104 0.79656565 0.7902292 0.79512084 1.0215429 0.4049334 1.0234975 1.0238891 0.79830307 0.79512084 0.74110866 0.7296458 0.80091685 0.80091685 0.799754 0.7896558 0.53480834 0.79109013 0.537056 0.53297436 0.79223955 0.74164605 0.9980974 1.0053219
0.99961257 0.790803 0.78994244 0.9901927 1.0133885 0.092813104 0 0.7882242 0.7825251 0.78394586 1.0122308 0.39606363 1.0164845 1.0168724 0.79598737 0.7916646 0.7365559 0.72489893 0.79888314 0.79859304 0.79656565 0.778279 0.5250785 0.7805406 0.5360335 0.52749914 0.78650993 0.73575526 0.9950763 1.0041765
1.0207624 0.59004414 0.58785117 1.0103053 1.030972 0.79656565 0.7882242 0 0.08448469 0.1465247 1.018426 0.7842303 1.014548 1.0118452 0.58960503 0.58763224 0.7890828 0.7882242 0.2582775 0.26209718 0.26039714 0.14373367 0.77041674 0.14397594 0.78793824 0.7830931 0.21349831 0.7896558 1.0227151 1.0266355
1.0262426 0.5911431 0.59246385 1.0231062 1.0397208 0.7902292 0.7825251 0.08448469 0 0.14822869 1.0219333 0.7813905 1.0203725 1.0203725 0.5907033 0.58807015 0.79425526 0.79109013 0.2616718 0.26309067 0.26181358 0.14664629 0.7618071 0.14725451 0.7945437 0.78110707 0.21509518 0.78994244 1.0258498 1.0199828
1.0122308 0.591363 0.58435565 1.0238891 1.0453417 0.79512084 0.78394586 0.1465247 0.14822869 0 1.0254573 0.7905161 1.0160967 1.0180373 0.591363 0.5902638 0.7902292 0.7882242 0.2643699 0.26736337 0.2646545 0.08470857 0.78082377 0.085828975 0.80091685 0.7896558 0.21856679 0.7913773 1.0329514 1.0254573
0.5168664 1.0076177 1.005704 0.5557034 0.5550743 1.0215429 1.0122308 1.018426 1.0219333 1.0254573 0 0.98496884 0.08560476 0.08169181 1.0176488 1.0118452 1.0417235 1.0313674 1.0365276 1.0361294 1.0361294 1.0215429 1.0110749 1.0180373 1.0266355 0.99923354 1.0258498 1.0317632 0.55089366 0.547981
1.0053219 0.799754 0.793967 1.005704 1.0215429 0.4049334 0.39606363 0.7842303 0.7813905 0.7905161 0.98496884 0 0.9920673 0.9845971 0.7913773 0.79339075 0.72463614 0.71887696 0.8073446 0.80705124 0.8041238 0.7847996 0.5362379 0.7845149 0.5407486 0.52810556 0.79310274 0.723061 0.9831119 0.9924427
0.50992644 1.0022715 1.000751 0.55402696 0.5542363 1.0234975 1.0164845 1.014548 1.0203725 1.0160967 0.08560476 0.9920673 0 0.08213797 1.0215429 1.0126165 1.0437315 1.0266355 1.0337447 1.0353336 1.0345387 1.01069 1.0083846 1.0087683 1.0254573 1.0091523 1.0219333 1.0227151 0.5494359 0.54322046
0.51190275 1.0087683 0.99999183 0.54985213 0.55277205 1.0238891 1.0168724 1.0118452 1.0203725 1.0180373 0.08169181 0.9845971 0.08213797 0 1.0188149 1.0126165 1.0357314 1.0219333 1.0301816 1.0337447 1.0329514 1.0188149 1.0099207 1.0157093 1.0278157 1.0015109 1.0223241 1.018426 0.54611456 0.54095423
1.002652 0.21044709 0.20925651 1.0164845 1.0325551 0.79830307 0.79598737 0.58960503 0.5907033 0.591363 1.0176488 0.7913773 1.0215429 1.0188149 0 0.049177624 0.79483217 0.7836615 0.6109778 0.61278665 0.61256033 0.5966618 0.78082377 0.5962188 0.78736657 0.79859304 0.6026681 0.7916646 0.9950763 0.9946995
1.005704 0.21084438 0.20833181 1.0037951 1.018426 0.79512084 0.7916646 0.58763224 0.58807015 0.5902638 1.0118452 0.79339075 1.0126165 1.0126165 0.049177624 0 0.79656565 0.7862246 0.6078228 0.60984945 0.60984945 0.59599745 0.7799746 0.5955548 0.7867954 0.79339075 0.6015522 0.79540956 0.99847597 0.9977191
1.0305767 0.78879654 0.7830931 1.0313674 1.0405211 0.74110866 0.7365559 0.7890828 0.79425526 0.7902292 1.0417235 0.72463614 1.0437315 1.0357314 0.79483217 0.79656565 0 0.04258651 0.79339075 0.80091685 0.7977235 0.790803 0.73149997 0.7902292 0.7365559 0.742453 0.80120784 0.19771379 1.0219333 1.0053219
1.0203725 0.77771467 0.77181464 1.014548 1.0238891 0.7296458 0.72489893 0.7882242 0.79109013 0.7882242 1.0313674 0.71887696 1.0266355 1.0219333 0.7836615 0.7862246 0.04258651 0 0.7885103 0.79540956 0.791952 0.7845149 0.7241107 0.78394586 0.72700495 0.7333587 0.799754 0.19485565 1.0095364 0.99357027
1.0357314 0.61278665 0.6109778 1.019204 1.0445362 0.80091685 0.79888314 0.2582775 0.2616718 0.2643699 1.0365276 0.8073446 1.0337447 1.0301816 0.6109778 0.6078228 0.79339075 0.7885103 0 0.025219295 0.024289096 0.26266474 0.79830307 0.26309067 0.8082254 0.80120784 0.2703688 0.79830307 1.0385218 1.0341415
1.0361294 0.61687267 0.61391944 1.0238891 1.0457449 0.80091685 0.79859304 0.26209718 0.26309067 0.26736337 1.0361294 0.80705124 1.0353336 1.0337447 0.61278665 0.60984945 0.80091685 0.79540956 0.025219295 0 0.02656496 0.26522398 0.7977235 0.2657939 0.812645 0.8041238 0.27252296 0.8023729 1.0393208 1.0349361
1.0377234 0.61482686 0.61346614 1.018426 1.042526 0.799754 0.79656565 0.26039714 0.26181358 0.2646545 1.0361294 0.8041238 1.0345387 1.0329514 0.61256033 0.60984945 0.7977235 0.791952 0.024289096 0.02656496 0 0.26280668 0.79627645 0.26337475 0.80646485 0.7994636 0.27008206 0.80091685 1.030972 1.0286036
1.0087683 0.5955548 0.59400773 1.0149349 1.0397208 0.7896558 0.778279 0.14373367 0.14664629 0.08470857 1.0215429 0.7847996 1.01069 1.0188149 0.5966618 0.59599745 0.790803 0.7845149 0.26266474 0.26522398 0.26280668 0 0.76985824 0.0047147884 0.79830307 0.7867954 0.21642852 0.7862246 1.0286036 1.0219333
1.0215429 0.79310274 0.79339075 0.99056727 1.0060863 0.53480834 0.5250785 0.77041674 0.7618071 0.78082377 1.0110749 0.5362379 1.0083846 1.0099207 0.78082377 0.7799746 0.73149997 0.7241107 0.79830307 0.7977235 0.79627645 0.76985824 0 0.76790696 0.3350279 0.32663402 0.79425526 0.71783453 0.9872032 0.99885464
1.0064689 0.5966618 0.59400773 1.0110749 1.0377234 0.79109013 0.7805406 0.14397594 0.14725451 0.085828975 1.0180373 0.7845149 1.0087683 1.0157093 0.5962188 0.5955548 0.7902292 0.78394586 0.26309067 0.2657939 0.26337475 0.0047147884 0.76790696 0 0.7968549 0.7847996 0.21629508 0.7853693 1.0254573 1.019204
1.0270288 0.8041238 0.80441606 1.0103053 1.0215429 0.537056 0.5360335 0.78793824 0.7945437 0.80091685 1.0266355 0.5407486 1.0254573 1.0278157 0.78736657 0.7867954 0.7365559 0.72700495 0.8082254 0.812645 0.80646485 0.79830307 0.3350279 0.7968549 0 0.23960319 0.8156059 0.7330929 1.0037951 1.0149349
1.0195932 0.79310274 0.78110707 0.9860852 0.99847597 0.53297436 0.52749914 0.7830931 0.78110707 0.7896558 0.99923354 0.52810556 1.0091523 1.0015109 0.79859304 0.79339075 0.742453 0.7333587 0.80120784 0.8041238 0.7994636 0.7867954 0.32663402 0.7847996 0.23960319 0 0.8055861 0.7413773 0.9698763 0.9853408
1.0164845 0.5971051 0.5955548 1.0246727 1.0433295 0.79223955 0.78650993 0.21349831 0.21509518 0.21856679 1.0258498 0.79310274 1.0219333 1.0223241 0.6026681 0.6015522 0.80120784 0.799754 0.2703688 0.27252296 0.27008206 0.21642852 0.79425526 0.21629508 0.8156059 0.8055861 0 0.7968549 1.0180373 1.0157093
1.0053219 0.79425526 0.7956984 1.0049399 1.0168724 0.74164605 0.73575526 0.7896558 0.78994244 0.7913773 1.0317632 0.723061 1.0227151 1.018426 0.7916646 0.79540956 0.19771379 0.19485565 0.79830307 0.8023729 0.80091685 0.7862246 0.71783453 0.7853693 0.7330929 0.7413773 0.7968549 0 1.0157093 0.99734104
0.5430141 0.99545324 1.0041765 0.35852686 0.35402426 0.9980974 0.9950763 1.0227151 1.0258498 1.0329514 0.55089366 0.9831119 0.5494359 0.54611456 0.9950763 0.99847597 1.0219333 1.0095364 1.0385218 1.0393208 1.030972 1.0286036 0.9872032 1.0254573 1.0037951 0.9698763 1.0180373 1.0157093 0 0.19589372
0.55256313 1.0076177 1.0083846 0.35659385 0.35949522 1.0053219 1.0041765 1.0266355 1.0199828 1.0254573 0.547981 0.9924427 0.54322046 0.54095423 0.9946995 0.9977191 1.0053219 0.99357027 1.0341415 1.0349361 1.0286036 1.0219333 0.99885464 1.019204 1.0149349 0.9853408 1.0157093 0.99734104 0.19589372 0
