0 1.51143760769628 1.42045592633076 1.71888728719205 1.7178600046318 1.9250428234227 1.61765120155178 1.77422120980918 1.72834997437894 1.41669594170526 1.17985457810573 1.72115171374753 1.72672125138342 1.61007216549478 1.53525315807201 1.48222887888551 1.39604481193237 1.36325361509807 1.32433032011613 1.02717154589482 1.6347975442186 1.66410710243508 1.56463315221481 0.948403597343713 0.952065499732271 1.89410729892552 1.22262779693119 1.76840349775739 1.82677424210124 1.58846905454993
1.51143760769628 0 1.07426199666224 1.65534538216889 1.85214137099683 1.41014337912202 1.29958943440579 1.19696363271214 1.81361528742127 1.11525472369976 1.46819433011115 1.41087312763557 1.16364514711313 1.51071778428741 1.07955406466499 1.31900575733744 1.61759094032459 1.90543590672314 1.20959578710608 1.15518195019104 1.1252299589105 1.66186295216903 1.46151159796864 1.51603595213965 1.13054355047643 1.43363371444866 1.58404846815392 1.65284148813225 0.993476739386097 1.6969072651118
1.42045592633076 1.07426199666224 0 1.7072762819007 1.80000295257196 1.05642620497383 1.23126958729699 1.80586077598855 1.21161837456748 1.13108980981633 0.95228088577278 1.77696575550362 1.85941446921788 1.37119444762357 1.80323636415415 1.86484909919091 1.64063956146128 1.32582769007422 1.19686963013373 1.35772270499729 1.07422884134576 1.18768758513033 1.6029395214282 1.76439296570607 1.75969330058433 1.62025004997849 1.17725489172153 1.64985407958739 1.8663767054677 0.96414841292426
1.71888728719205 1.65534538216889 1.7072762819007 0 1.84951896592975 1.19258404895663 1.09084740420803 1.92613379727118 1.60684736026451 1.87744761956856 1.18834131537005 1.84913590503857 1.56045918306336 1.27386252977885 1.71625261916779 1.82269892189652 1.43457100121304 1.54258034774102 1.37642915034667 1.55342496186495 1.01844538608566 1.86071643442847 1.04529983596876 1.20119565166533 1.32338429964148 1.70559923979454 1.25561256892979 1.40453761117533 1.80775377480313 1.55080667650327
1.7178600046318 1.85214137099683 1.80000295257196 1.84951896592975 0 1.41707289777696 1.49679831950925 1.7219356324058 1.3291526674293 1.83337699156255 1.28673758567311 1.6895771776326 1.51674762088805 1.61525928764604 1.0891093518585 0.988515339791775 1.35858649201691 1.90345766581595 1.09341773320921 1.59933299361728 1.44112820900045 1.93095426028594 1.07989462092519 1.07954478659667 1.38468966982327 1.03444250277244 1.12168970680796 1.83271660213359 1.86615696689114 1.83959735301323
1.9250428234227 1.41014337912202 1.05642620497383 1.19258404895663 1.41707289777696 0 1.288247221848 1.25530672655441 1.15258323401213 1.09597117034718 0.934560092166066 1.36628971085884 1.61013204581104 1.68995293485932 1.85102716414258 1.7729680086486 1.15472360001877 1.23311269492842 1.15971715701744 1.32186522777192 1.89143274491653 0.958745833486319 1.13178918836638 1.26708868797868 1.81498181028292 1.07146367128007 1.44764851406217 1.35081971460022 1.20294046425261 1.00063130655326
1.61765120155178 1.29958943440579 1.23126958729699 1.09084740420803 1.49679831950925 1.288247221848 0 1.69043522095308 1.32549756253138 1.18987522087991 1.10103732999414 0.985947729321197 1.75511988368817 1.72564618685283 1.91608511144295 1.33021432603709 1.29074942367151 0.994264709297568 1.51143751689233 1.10717136063613 1.644888069015 0.968476216541603 1.15945820696652 1.92180061084218 1.71215502009727 1.62014604662545 1.74977165972814 0.98782289493829 0.965977118117735 1.92842378257774
1.77422120980918 1.19696363271214 1.80586077598855 1.92613379727118 1.7219356324058 1.25530672655441 1.69043522095308 0 1.41944830142893 1.40011875610799 1.63492527860217 1.24701939662918 1.4012853493914 1.14347102912143 1.18924048542976 1.45879186340608 1.47452902793884 1.52422378887422 1.10857130610384 1.33080887142569 1.12672468391247 1.07296454114839 1.76940743811429 1.40329319075681 1.08894491614774 1.87132402206771 1.48712097201496 1.75052881170996 1.48541574808769 1.64520792406984
1.72834997437894 1.81361528742127 1.21161837456748 1.60684736026451 1.3291526674293 1.15258323401213 1.32549756253138 1.41944830142893 0 1.73884400096722 1.33330238074996 1.32245576567948 1.22585482988507 1.159822962014 1.25074815307744 1.85603238129988 1.40830200281925 1.7222453255672 1.91758438525721 1.65754082426429 1.49736089352518 0.984858017414808 1.31465695798397 1.61282680812292 1.88285390543751 0.939708928344771 1.01158993202262 1.40617251396179 1.11985820881091 1.8301792377606
1.41669594170526 1.11525472369976 1.13108980981633 1.87744761956856 1.83337699156255 1.09597117034718 1.18987522087991 1.40011875610799 1.73884400096722 0 1.74867227347568 1.04343599476852 0.986630999715999 1.45123662240803 1.69510837132111 1.44231300451793 1.18032662128098 1.68086712015793 1.11611014883965 1.33841079100966 1.7558884806931 1.2901663579978 1.08767660148442 1.80530439154245 1.56852595787495 1.17234684503637 1.89566829777323 1.3152023893781 1.25320209213533 1.66280654724687
1.17985457810573 1.46819433011115 0.95228088577278 1.18834131537005 1.28673758567311 0.934560092166066 1.10103732999414 1.63492527860217 1.33330238074996 1.74867227347568 0 1.02750722388737 1.86024971189909 1.92382332053967 1.28430596296676 1.62136552436277 1.79422088316642 1.78281140560284 1.31096493033692 1.84745517885312 1.08662176248617 1.51506183086894 1.64538460830227 1.73094735131599 1.07954150205478 1.58213595696725 1.05725393025205 1.29135478381068 1.50333981192671 1.33472846425138
1.72115171374753 1.41087312763557 1.77696575550362 1.84913590503857 1.6895771776326 1.36628971085884 0.985947729321197 1.24701939662918 1.32245576567948 1.04343599476852 1.02750722388737 0 1.42751141847111 1.44981819274835 1.40827197465114 1.09529878548346 1.89303755597211 1.14814659394324 0.996883494313806 1.3139546548482 1.41743595222943 1.4889272195287 0.953964326065034 1.75249477964826 1.08760871831328 1.60894658835605 1.16238520271145 1.43041623337194 1.72971855732612 0.944237115094438
1.72672125138342 1.16364514711313 1.85941446921788 1.56045918306336 1.51674762088805 1.61013204581104 1.75511988368817 1.4012853493914 1.22585482988507 0.986630999715999 1.86024971189909 1.42751141847111 0 1.55445298459381 1.54358795238659 1.29404268390499 1.8943391754292 1.610282166861 1.65135213173926 1.78813981683925 1.84832217684016 0.935440182685852 1.28313018335029 1.73129967274144 1.2430402552709 1.41394487558864 1.36505249724723 1.04938611737452 1.86030619521625 1.48174768872559
1.61007216549478 1.51071778428741 1.37119444762357 1.27386252977885 1.61525928764604 1.68995293485932 1.72564618685283 1.14347102912143 1.159822962014 1.45123662240803 1.92382332053967 1.44981819274835 1.55445298459381 0 1.52506465371698 1.1317020424176 1.17501849401742 1.67590013938025 1.78173716808669 1.04755850834772 1.73288981919177 1.02051942818798 0.970204901648685 1.28051372640766 1.14057735539973 1.36268200911582 1.24251820077188 1.48752855905332 1.78197424951941 1.48753831209615
1.53525315807201 1.07955406466499 1.80323636415415 1.71625261916779 1.0891093518585 1.85102716414258 1.91608511144295 1.18924048542976 1.25074815307744 1.69510837132111 1.28430596296676 1.40827197465114 1.54358795238659 1.52506465371698 0 1.36065974622034 1.35602699103765 1.16002700012177 1.79399160365574 1.26850256626494 1.45863452809863 1.73803698411211 1.65287221805193 1.26187845761888 1.49522750172764 1.294108962873 1.1868552537635 1.31252706353553 1.27240302925929 1.92358787311241
1.48222887888551 1.31900575733744 1.86484909919091 1.82269892189652 0.988515339791775 1.7729680086486 1.33021432603709 1.45879186340608 1.85603238129988 1.44231300451793 1.62136552436277 1.09529878548346 1.29404268390499 1.1317020424176 1.36065974622034 0 1.69919829443097 1.76826206292026 1.08352636056952 1.5766932470724 1.81783208879642 1.25364846223965 1.70224035251886 0.97504118247889 1.01977552636527 1.76111611654051 1.75821610097773 1.91705065919086 1.79733023419976 1.54666319023818
1.39604481193237 1.61759094032459 1.64063956146128 1.43457100121304 1.35858649201691 1.15472360001877 1.29074942367151 1.47452902793884 1.40830200281925 1.18032662128098 1.79422088316642 1.89303755597211 1.8943391754292 1.17501849401742 1.35602699103765 1.69919829443097 0 1.46134468517266 1.83536919695325 1.53453363268636 0.984435185324401 1.48394181672484 1.7950488422066 1.16157372621819 1.57235517562367 1.6280478136614 1.20639574644156 1.60768514918163 1.56095159729011 1.29693029471673
1.36325361509807 1.90543590672314 1.32582769007422 1.54258034774102 1.90345766581595 1.23311269492842 0.994264709297568 1.52422378887422 1.7222453255672 1.68086712015793 1.78281140560284 1.14814659394324 1.610282166861 1.67590013938025 1.16002700012177 1.76826206292026 1.46134468517266 0 1.54878546437249 1.62954662228003 1.22154095559381 1.87610949669033 1.88126990478486 1.27975668036379 0.980036104330793 1.62094283266924 1.01344505790621 1.92500025499612 1.19625317840837 1.2787785816472
1.32433032011613 1.20959578710608 1.19686963013373 1.37642915034667 1.09341773320921 1.15971715701744 1.51143751689233 1.10857130610384 1.91758438525721 1.11611014883965 1.31096493033692 0.996883494313806 1.65135213173926 1.78173716808669 1.79399160365574 1.08352636056952 1.83536919695325 1.54878546437249 0 1.30432855058461 1.46424951637164 1.74319079238921 1.59374017547816 1.68090948346071 1.33782581356354 0.977875456912443 1.63141704443842 1.10459942929447 1.42132701934315 1.37668067426421
1.02717154589482 1.15518195019104 1.35772270499729 1.55342496186495 1.59933299361728 1.32186522777192 1.10717136063613 1.33080887142569 1.65754082426429 1.33841079100966 1.84745517885312 1.3139546548482 1.78813981683925 1.04755850834772 1.26850256626494 1.5766932470724 1.53453363268636 1.62954662228003 1.30432855058461 0 1.04477021005005 1.90715552633628 1.65433255396783 1.54769135988317 1.25208446430042 1.02911947458051 1.60755031066947 0.986359601607546 1.34592130826786 1.91863406822085
1.6347975442186 1.1252299589105 1.07422884134576 1.01844538608566 1.44112820900045 1.89143274491653 1.644888069015 1.12672468391247 1.49736089352518 1.7558884806931 1.08662176248617 1.41743595222943 1.84832217684016 1.73288981919177 1.45863452809863 1.81783208879642 0.984435185324401 1.22154095559381 1.46424951637164 1.04477021005005 0 0.983904565684497 0.948800440644845 1.51866475120187 1.80691002844833 1.05362518806942 1.56927973031998 1.9160280097276 1.87852927600034 1.0085079993587
1.66410710243508 1.66186295216903 1.18768758513033 1.86071643442847 1.93095426028594 0.958745833486319 0.968476216541603 1.07296454114839 0.984858017414808 1.2901663579978 1.51506183086894 1.4889272195287 0.935440182685852 1.02051942818798 1.73803698411211 1.25364846223965 1.48394181672484 1.87610949669033 1.74319079238921 1.90715552633628 0.983904565684497 0 1.66082666162401 1.19077769271098 1.17728425445966 1.26083955471404 1.25516457646154 1.00112963933498 1.06806209636852 1.02652773773298
1.56463315221481 1.46151159796864 1.6029395214282 1.04529983596876 1.07989462092519 1.13178918836638 1.15945820696652 1.76940743811429 1.31465695798397 1.08767660148442 1.64538460830227 0.953964326065034 1.28313018335029 0.970204901648685 1.65287221805193 1.70224035251886 1.7950488422066 1.88126990478486 1.59374017547816 1.65433255396783 0.948800440644845 1.66082666162401 0 1.22484321007505 0.978070653742179 1.167065550806 1.15931340889074 1.55931878741831 0.985623950371519 1.26242869347334
0.948403597343713 1.51603595213965 1.76439296570607 1.20119565166533 1.07954478659667 1.26708868797868 1.92180061084218 1.40329319075681 1.61282680812292 1.80530439154245 1.73094735131599 1.75249477964826 1.73129967274144 1.28051372640766 1.26187845761888 0.97504118247889 1.16157372621819 1.27975668036379 1.68090948346071 1.54769135988317 1.51866475120187 1.19077769271098 1.22484321007505 0 1.00518184062093 1.5689796868246 1.53609110740945 1.28149334830232 1.49374850606546 1.42781775956973
0.952065499732271 1.13054355047643 1.75969330058433 1.32338429964148 1.38468966982327 1.81498181028292 1.71215502009727 1.08894491614774 1.88285390543751 1.56852595787495 1.07954150205478 1.08760871831328 1.2430402552709 1.14057735539973 1.49522750172764 1.01977552636527 1.57235517562367 0.980036104330793 1.33782581356354 1.25208446430042 1.80691002844833 1.17728425445966 0.978070653742179 1.00518184062093 0 1.84033299493603 1.66873707482591 1.1546061928384 1.25627243611962 1.57039279188029
1.89410729892552 1.43363371444866 1.62025004997849 1.70559923979454 1.03444250277244 1.07146367128007 1.62014604662545 1.87132402206771 0.939708928344771 1.17234684503637 1.58213595696725 1.60894658835605 1.41394487558864 1.36268200911582 1.294108962873 1.76111611654051 1.6280478136614 1.62094283266924 0.977875456912443 1.02911947458051 1.05362518806942 1.26083955471404 1.167065550806 1.5689796868246 1.84033299493603 0 1.9110383039806 0.999772513285279 1.12055032327771 0.955772894667462
1.22262779693119 1.58404846815392 1.17725489172153 1.25561256892979 1.12168970680796 1.44764851406217 1.74977165972814 1.48712097201496 1.01158993202262 1.89566829777323 1.05725393025205 1.16238520271145 1.36505249724723 1.24251820077188 1.1868552537635 1.75821610097773 1.20639574644156 1.01344505790621 1.63141704443842 1.60755031066947 1.56927973031998 1.25516457646154 1.15931340889074 1.53609110740945 1.66873707482591 1.9110383039806 0 1.28741045575589 1.8756183902733 0.963722644373775
1.76840349775739 1.65284148813225 1.64985407958739 1.40453761117533 1.83271660213359 1.35081971460022 0.98782289493829 1.75052881170996 1.40617251396179 1.3152023893781 1.29135478381068 1.43041623337194 1.04938611737452 1.48752855905332 1.31252706353553 1.91705065919086 1.60768514918163 1.92500025499612 1.10459942929447 0.986359601607546 1.9160280097276 1.00112963933498 1.55931878741831 1.28149334830232 1.1546061928384 0.999772513285279 1.28741045575589 0 1.45811400609091 1.92521880473942
1.82677424210124 0.993476739386097 1.8663767054677 1.80775377480313 1.86615696689114 1.20294046425261 0.965977118117735 1.48541574808769 1.11985820881091 1.25320209213533 1.50333981192671 1.72971855732612 1.86030619521625 1.78197424951941 1.27240302925929 1.79733023419976 1.56095159729011 1.19625317840837 1.42132701934315 1.34592130826786 1.87852927600034 1.06806209636852 0.985623950371519 1.49374850606546 1.25627243611962 1.12055032327771 1.8756183902733 1.45811400609091 0 1.6007725240197
1.58846905454993 1.6969072651118 0.96414841292426 1.55080667650327 1.83959735301323 1.00063130655326 1.92842378257774 1.64520792406984 1.8301792377606 1.66280654724687 1.33472846425138 0.944237115094438 1.48174768872559 1.48753831209615 1.92358787311241 1.54666319023818 1.29693029471673 1.2787785816472 1.37668067426421 1.91863406822085 1.0085079993587 1.02652773773298 1.26242869347334 1.42781775956973 1.57039279188029 0.955772894667462 0.963722644373775 1.92521880473942 1.6007725240197 0
