0 1.57393182837404 1.38678493211046 1.25363844959065 1.30236565205269 1.04252003179863 1.27178763365373 1.33857066719793 1.5504454264883 1.53763078618795 1.37389232567511 1.00761416181922 1.58654950093478 1.17388288909569 0.969508863752708 1.62306520529091 1.22987570357509 1.84608143754303 0.919673193711787 1.64427249901928 1.52665999904275 1.78936041309498 1.38852018816397 0.951830424368382 1.61326722218655 1.45791139872745 1.48746090522036 1.13958791131154 1.05835415446199 1.02187309507281
1.57393182837404 0 1.12815544637851 1.27997497702017 1.6702906426508 1.74059968441725 1.17756716371514 1.80397139023989 1.04733069636859 1.76604982884601 0.931280825985596 1.79075755481608 1.40741732693277 0.946718811523169 1.03533311793581 1.11042418750003 1.77002247655764 1.74202486639842 0.946059120586142 1.82960684434511 1.3134852075018 1.43054220150225 1.10817425232381 1.59230401436798 1.15924876648933 0.990520587889478 1.57525586639531 0.866749453824013 1.64706376730464 1.46993722184561
1.38678493211046 1.12815544637851 0 1.32894672011025 1.83890888630413 1.73682769201696 1.60448613180779 1.16594350617379 1.24562140018679 1.26940287300386 1.68659278657287 1.07639843318611 1.39650201005861 1.42782395565882 1.47719390154816 1.53576710959896 1.58511369861662 1.22070037340745 1.07926845154725 1.81772568891756 1.37498053559102 0.877683509606868 1.39016635599546 1.68549755355343 1.79354527243413 1.63884539413266 1.54838732397184 0.883520711911842 1.66529243718833 1.74551217677072
1.25363844959065 1.27997497702017 1.32894672011025 0 1.28783008619212 1.63484855834395 1.75928388000466 1.85188424354419 1.1387932295911 1.26662079803646 1.15709989191964 1.27048534271307 1.17915398813784 1.14776536636055 1.74305673525669 1.08899336284958 1.85887034633197 1.66537827299908 1.25029906863347 1.60916621400975 1.83659208915196 1.70896455203183 1.83686392777599 0.884358803275973 1.48264668206684 1.65492556290701 1.47211875231005 1.37468588538468 1.45538497995585 1.31275780848227
1.30236565205269 1.6702906426508 1.83890888630413 1.28783008619212 0 1.61862657521851 1.72595406952314 1.24023689515889 1.35190689004958 1.40340307611041 1.06146156438626 1.24510443164036 1.46566374204122 0.882725407602265 1.24025214579888 1.60325223719701 1.52166453399695 1.18924006121233 1.85970130213536 1.59187096939422 1.53722868626937 1.7476170337759 1.12352181854658 1.09658163948916 1.80075629823841 1.43609794531949 1.03951305779628 1.78436783351935 1.36641212902032 1.76679529040121
1.04252003179863 1.74059968441725 1.73682769201696 1.63484855834395 1.61862657521851 0 0.962810701224953 1.667017753236 1.44923432171345 1.69283402943984 1.43659073137678 1.24939846177585 1.03931481763721 1.75656174356118 1.57918449211866 1.70124009344727 1.84288174984977 0.946393538499251 1.50107618118636 1.42222514771856 1.21397238923237 1.17248910036869 1.27967102895491 1.31876947521232 1.4703049028758 1.48534719250165 0.935260858386755 1.7926138122566 1.40996302431449 1.0392074175179
1.27178763365373 1.17756716371514 1.60448613180779 1.75928388000466 1.72595406952314 0.962810701224953 0 1.04416614677757 1.44684014283121 0.883176737697795 1.73388600838371 1.37205025157891 1.66079051489942 1.59720819722861 1.05731828999706 1.67872820305638 1.80151661275886 1.11489804391749 0.979439747985452 1.35176753881387 0.867226933594793 1.28331607510336 1.02055650483817 1.31868313462473 1.1563927421812 1.30188444606028 1.83860455243848 1.74026947328821 1.43456395179965 0.881679200567305
1.33857066719793 1.80397139023989 1.16594350617379 1.85188424354419 1.24023689515889 1.667017753236 1.04416614677757 0 1.52019518171437 1.82181668630801 1.48766042757779 1.26270983438008 1.41614269744605 1.11025600740686 1.44060208951123 1.41361836018041 1.46186041436158 0.915804386604577 1.2236732498277 1.17806534282863 1.85704772011377 1.75173408351839 0.924971810076386 0.967525440268219 1.68446369562298 1.40701040136628 1.36005442216992 1.24369305954315 0.917713895440102 1.67204729723744
1.5504454264883 1.04733069636859 1.24562140018679 1.1387932295911 1.35190689004958 1.44923432171345 1.44684014283121 1.52019518171437 0 1.63598754443228 1.3019289590884 1.42008704715408 1.12922561028972 1.60704393405467 1.76822066120803 1.30675951344892 0.869731896556914 1.03273268043995 1.0774909502361 1.45741870021448 0.982274744659662 1.85479797213338 1.82301526144147 1.36251259199344 1.6162541876547 1.5102766326163 1.37194896489382 1.24745296197943 1.5090440493077 1.84895722428337
1.53763078618795 1.76604982884601 1.26940287300386 1.26662079803646 1.40340307611041 1.69283402943984 0.883176737697795 1.82181668630801 1.63598754443228 0 1.24221128714271 1.08571230480447 1.16043212194927 1.6051594526507 1.58439393830486 1.84128950419836 1.51556567079388 1.81306999619119 1.05059018800966 1.55748385400511 0.887900073779747 1.84652235521935 1.50267450488172 1.72105852002278 1.59799546026625 1.27851563156582 1.629995764466 1.49011790985242 1.66537396563217 1.25663623749278
1.37389232567511 0.931280825985596 1.68659278657287 1.15709989191964 1.06146156438626 1.43659073137678 1.73388600838371 1.48766042757779 1.3019289590884 1.24221128714271 0 1.30708777555265 1.28977927099913 0.965680857887492 1.26849065697752 1.69257442373782 1.12501660501584 1.71375350328162 1.76151477941312 1.5020604217425 1.25239332765341 1.4838216053322 1.22690130514093 1.69956406485289 1.28933732979931 1.85541706858203 1.13382788328454 1.65175177715719 1.46205780399032 1.56342298188247
1.00761416181922 1.79075755481608 1.07639843318611 1.27048534271307 1.24510443164036 1.24939846177585 1.37205025157891 1.26270983438008 1.42008704715408 1.08571230480447 1.30708777555265 0 1.52526326733641 1.54108263086528 1.19536952511407 1.05078129586764 1.0647675297223 1.32965881680138 1.77842675847933 0.983543093549088 0.872040674788877 1.66832711454481 0.905119585804641 1.07154698483646 0.943128962768242 1.19234038377181 1.71147226332687 1.23750911885872 1.7124558466021 0.94925211975351
1.58654950093478 1.40741732693277 1.39650201005861 1.17915398813784 1.46566374204122 1.03931481763721 1.66079051489942 1.41614269744605 1.12922561028972 1.16043212194927 1.28977927099913 1.52526326733641 0 1.36355904885568 0.923210163367912 1.30226117419079 1.63230266980827 1.68728484003805 1.83619285281748 1.46459266426973 1.19401218555868 1.83926259865984 1.67199273663573 0.890795700950548 0.895202709594741 1.5843197084032 1.27901270822622 1.36950991884805 0.936241142451763 1.1393023384735
1.17388288909569 0.946718811523169 1.42782395565882 1.14776536636055 0.882725407602265 1.75656174356118 1.59720819722861 1.11025600740686 1.60704393405467 1.6051594526507 0.965680857887492 1.54108263086528 1.36355904885568 0 1.76123419776559 1.32917557121255 1.13871860294603 0.967111106961966 1.7600619988516 1.06012143776752 1.12476990674622 1.08444622019306 1.7610270222649 1.11422740411945 1.38940954487771 1.17645632452331 1.16016098065302 0.969622865784913 1.2169901819434 1.34539516083896
0.969508863752708 1.03533311793581 1.47719390154816 1.74305673525669 1.24025214579888 1.57918449211866 1.05731828999706 1.44060208951123 1.76822066120803 1.58439393830486 1.26849065697752 1.19536952511407 0.923210163367912 1.76123419776559 0 0.866756289964542 1.22303158952855 1.38433525920846 1.72785124578513 1.33591021830216 1.12471352214925 1.80618240358308 1.85950926225632 1.74464849289507 1.46966278087348 1.49913925095461 1.30508750258014 1.83196087135002 1.78865570481867 1.13996720849536
1.62306520529091 1.11042418750003 1.53576710959896 1.08899336284958 1.60325223719701 1.70124009344727 1.67872820305638 1.41361836018041 1.30675951344892 1.84128950419836 1.69257442373782 1.05078129586764 1.30226117419079 1.32917557121255 0.866756289964542 0 1.37856238009408 1.70936186565086 0.974134960910305 0.908873295877129 1.69504236895591 1.11929377284832 1.58641694718972 1.14929243782535 1.69129425473511 0.997442056192085 0.951505013275892 1.12020548107103 1.30678462516516 1.01089318934828
1.22987570357509 1.77002247655764 1.58511369861662 1.85887034633197 1.52166453399695 1.84288174984977 1.80151661275886 1.46186041436158 0.869731896556914 1.51556567079388 1.12501660501584 1.0647675297223 1.63230266980827 1.13871860294603 1.22303158952855 1.37856238009408 0 1.44549359870143 1.28319489350542 1.82575950399041 1.59934903751127 1.76506315288134 1.3081845715642 1.73104291595519 1.33336583897471 1.64134216005914 1.75287888408639 1.66929840832017 1.61961960420012 1.57965260185301
1.84608143754303 1.74202486639842 1.22070037340745 1.66537827299908 1.18924006121233 0.946393538499251 1.11489804391749 0.915804386604577 1.03273268043995 1.81306999619119 1.71375350328162 1.32965881680138 1.68728484003805 0.967111106961966 1.38433525920846 1.70936186565086 1.44549359870143 0 1.52141843084246 1.10867562144995 1.61996588064358 1.51122498232871 1.46078174794093 1.17979031894356 1.59104483481497 1.05701514123939 1.79279325273819 1.24120130203664 1.06040242034942 1.13158654537983
0.919673193711787 0.946059120586142 1.07926845154725 1.25029906863347 1.85970130213536 1.50107618118636 0.979439747985452 1.2236732498277 1.0774909502361 1.05059018800966 1.76151477941312 1.77842675847933 1.83619285281748 1.7600619988516 1.72785124578513 0.974134960910305 1.28319489350542 1.52141843084246 0 1.53082129126415 1.71254886314273 1.45478831673972 1.37774051493034 1.82644567405805 1.48056662641466 1.22779213381 1.43962773866951 1.05751452362165 1.3724086182192 1.1258132935036
1.64427249901928 1.82960684434511 1.81772568891756 1.60916621400975 1.59187096939422 1.42222514771856 1.35176753881387 1.17806534282863 1.45741870021448 1.55748385400511 1.5020604217425 0.983543093549088 1.46459266426973 1.06012143776752 1.33591021830216 0.908873295877129 1.82575950399041 1.10867562144995 1.53082129126415 0 1.17200109129772 1.40819003572688 1.54261387116276 1.36629780055955 1.8115841941908 1.11115293065086 1.1055421247147 1.81625237804838 1.57469141995534 1.32071428396739
1.52665999904275 1.3134852075018 1.37498053559102 1.83659208915196 1.53722868626937 1.21397238923237 0.867226933594793 1.85704772011377 0.982274744659662 0.887900073779747 1.25239332765341 0.872040674788877 1.19401218555868 1.12476990674622 1.12471352214925 1.69504236895591 1.59934903751127 1.61996588064358 1.71254886314273 1.17200109129772 0 1.08042910462245 1.30422113905661 1.63141906703822 1.55156534607522 1.47620356734842 1.1779945846647 1.10675217141397 1.08899213373661 1.00817248062231
1.78936041309498 1.43054220150225 0.877683509606868 1.70896455203183 1.7476170337759 1.17248910036869 1.28331607510336 1.75173408351839 1.85479797213338 1.84652235521935 1.4838216053322 1.66832711454481 1.83926259865984 1.08444622019306 1.80618240358308 1.11929377284832 1.76506315288134 1.51122498232871 1.45478831673972 1.40819003572688 1.08042910462245 0 0.877317882142961 1.07181436009705 1.77544306451455 1.85935046244413 1.35458114906214 0.900697571458295 1.51838189549744 1.54654756025411
1.38852018816397 1.10817425232381 1.39016635599546 1.83686392777599 1.12352181854658 1.27967102895491 1.02055650483817 0.924971810076386 1.82301526144147 1.50267450488172 1.22690130514093 0.905119585804641 1.67199273663573 1.7610270222649 1.85950926225632 1.58641694718972 1.3081845715642 1.46078174794093 1.37774051493034 1.54261387116276 1.30422113905661 0.877317882142961 0 1.64750069892034 1.08135409746319 1.22881949762814 1.40610070340335 1.6024585259147 1.19706569914706 1.58963588066399
0.951830424368382 1.59230401436798 1.68549755355343 0.884358803275973 1.09658163948916 1.31876947521232 1.31868313462473 0.967525440268219 1.36251259199344 1.72105852002278 1.69956406485289 1.07154698483646 0.890795700950548 1.11422740411945 1.74464849289507 1.14929243782535 1.73104291595519 1.17979031894356 1.82644567405805 1.36629780055955 1.63141906703822 1.07181436009705 1.64750069892034 0 1.34554292308167 1.22468103514984 1.64624811522663 1.00773290684447 0.954164319206029 1.19743335898966
1.61326722218655 1.15924876648933 1.79354527243413 1.48264668206684 1.80075629823841 1.4703049028758 1.1563927421812 1.68446369562298 1.6162541876547 1.59799546026625 1.28933732979931 0.943128962768242 0.895202709594741 1.38940954487771 1.46966278087348 1.69129425473511 1.33336583897471 1.59104483481497 1.48056662641466 1.8115841941908 1.55156534607522 1.77544306451455 1.08135409746319 1.34554292308167 0 1.34738382068463 1.26434769225307 1.20431712153368 1.11990716680884 1.37854752317071
1.45791139872745 0.990520587889478 1.63884539413266 1.65492556290701 1.43609794531949 1.48534719250165 1.30188444606028 1.40701040136628 1.5102766326163 1.27851563156582 1.85541706858203 1.19234038377181 1.5843197084032 1.17645632452331 1.49913925095461 0.997442056192085 1.64134216005914 1.05701514123939 1.22779213381 1.11115293065086 1.47620356734842 1.85935046244413 1.22881949762814 1.22468103514984 1.34738382068463 0 1.30044661299326 1.56976200011559 1.67626346065663 1.62509696534835
1.48746090522036 1.57525586639531 1.54838732397184 1.47211875231005 1.03951305779628 0.935260858386755 1.83860455243848 1.36005442216992 1.37194896489382 1.629995764466 1.13382788328454 1.71147226332687 1.27901270822622 1.16016098065302 1.30508750258014 0.951505013275892 1.75287888408639 1.79279325273819 1.43962773866951 1.1055421247147 1.1779945846647 1.35458114906214 1.40610070340335 1.64624811522663 1.26434769225307 1.30044661299326 0 1.45249050995335 0.961110832635313 1.02348480257206
1.13958791131154 0.866749453824013 0.883520711911842 1.37468588538468 1.78436783351935 1.7926138122566 1.74026947328821 1.24369305954315 1.24745296197943 1.49011790985242 1.65175177715719 1.23750911885872 1.36950991884805 0.969622865784913 1.83196087135002 1.12020548107103 1.66929840832017 1.24120130203664 1.05751452362165 1.81625237804838 1.10675217141397 0.900697571458295 1.6024585259147 1.00773290684447 1.20431712153368 1.56976200011559 1.45249050995335 0 1.46856471290812 1.52910811966285
1.05835415446199 1.64706376730464 1.66529243718833 1.45538497995585 1.36641212902032 1.40996302431449 1.43456395179965 0.917713895440102 1.5090440493077 1.66537396563217 1.46205780399032 1.7124558466021 0.936241142451763 1.2169901819434 1.78865570481867 1.30678462516516 1.61961960420012 1.06040242034942 1.3724086182192 1.57469141995534 1.08899213373661 1.51838189549744 1.19706569914706 0.954164319206029 1.11990716680884 1.67626346065663 0.961110832635313 1.46856471290812 0 1.61614688043483
1.02187309507281 1.46993722184561 1.74551217677072 1.31275780848227 1.76679529040121 1.0392074175179 0.881679200567305 1.67204729723744 1.84895722428337 1.25663623749278 1.56342298188247 0.94925211975351 1.1393023384735 1.34539516083896 1.13996720849536 1.01089318934828 1.57965260185301 1.13158654537983 1.1258132935036 1.32071428396739 1.00817248062231 1.54654756025411 1.58963588066399 1.19743335898966 1.37854752317071 1.62509696534835 1.02348480257206 1.52910811966285 1.61614688043483 0
