0 1.84106956445612 1.22464584535919 1.68126972811297 1.5893991435878 1.42084912373684 1.35435033147223 1.72981631429866 1.61419315612875 1.66168977250345 1.54907683189958 1.22032747068442 1.26722901570611 1.47780076554045 1.36039042077027 1.47398160235025 1.26681758044288 1.19431552896276 1.46577917062677 1.3893004343845 1.67694796668366 1.78597421385348 1.3592755002901 1.90649165445939 1.60727059911005 1.7669460431207 1.09442071779631 0.96887681609951 1.66655333898962 1.89198441640474
1.84106956445612 0 0.934361224994063 1.90868342574686 1.59362418716773 1.30015017907135 1.593834371306 1.26896826829761 1.78285770188086 1.86926565365866 1.13405482750386 1.54028450371698 1.70455745374784 1.60148209217004 1.40835987171158 0.994258677819744 1.8789294178132 1.28493885672651 1.10592105262913 1.23976076208055 0.995501855388284 1.87758093001321 1.29471384873614 1.66926013026386 1.84273899672553 1.02981285867281 1.09679451282136 1.47729841480032 0.947025265078992 1.61553392931819
1.22464584535919 0.934361224994063 0 1.47843095078133 1.7512401479762 1.17984187975526 1.8444673223421 0.960882169660181 1.30255520693026 1.80225996207446 0.937167243333533 1.28847337630577 0.97076947405003 1.39361647027545 1.16297584515996 1.19716986012645 1.54222609335557 1.20597652858123 1.09735277132131 1.35390062327497 1.03749528783374 1.28462427156046 1.11017347779125 1.5886771089863 0.990004434948787 0.982676366344094 1.21807187469676 1.76625434844755 1.76367051736452 1.50221591303125
1.68126972811297 1.90868342574686 1.47843095078133 0 1.87567042326555 1.00058052036911 1.28950874973089 1.89387127221562 1.08227911102585 1.59229749743827 1.11648209695704 1.21644977270626 1.3514132683631 1.02957916771993 0.926934403600171 1.71880121878348 1.59578040242195 1.28055481845513 1.42616720078513 1.45556066650897 0.927411501063034 1.30055253836326 1.45458339224569 1.63976559205912 1.66161216190085 1.53396984981373 0.949139659991488 1.03163976524957 1.65151549479924 1.74494416825473
1.5893991435878 1.59362418716773 1.7512401479762 1.87567042326555 0 1.73371562501416 1.39577898662537 0.958269828697667 1.87227723840624 1.74084539129399 0.924711904721335 1.69379468355328 1.69954702234827 1.60566850984469 1.78743892745115 1.22290128935128 1.18176081241108 1.5299874022603 1.46631769300438 0.989915203535929 1.38110655150376 1.7173663135618 1.89051191555336 1.88163395342417 1.83856531465426 1.39675640012138 0.982973598875105 1.63949123537168 1.70698477723636 1.82238877750933
1.42084912373684 1.30015017907135 1.17984187975526 1.00058052036911 1.73371562501416 0 1.17082849750295 1.1220178490039 1.67492769332603 1.00135444011539 1.00378623884171 1.54505166760646 1.87464130506851 1.02594359195791 1.24831504188478 1.67925218306482 1.66635806020349 1.20933186705224 1.51354091102257 1.17909590643831 1.06405411986634 1.04037514515221 0.937800150830299 1.1820222272072 0.970972512615845 1.7740489684511 1.57852433691733 1.39158016862348 1.06517881783657 1.40959728788584
1.35435033147223 1.593834371306 1.8444673223421 1.28950874973089 1.39577898662537 1.17082849750295 0 1.63986486033536 1.89808128937148 1.52266113925725 1.04208009480499 1.564061680343 1.05874783312902 1.08119911514223 1.35651144734584 1.21149157057516 1.67019273363985 1.07018426200375 1.09879849827848 1.05527141573839 1.4570033736527 1.3731307038106 1.22766754287295 1.86642017937265 1.37412561709061 1.62473684037104 1.05109835905023 1.13778693974018 1.17321208911017 1.08254383085296
1.72981631429866 1.26896826829761 0.960882169660181 1.89387127221562 0.958269828697667 1.1220178490039 1.63986486033536 0 1.03098856238648 1.80897843511775 1.50662498734891 1.37218971690163 1.76586515130475 1.16328017739579 1.47841323073953 1.46037342841737 1.88652199762873 0.992074059089646 1.48185688490048 1.45122780790552 1.24933449085802 1.46269760327414 1.54040621919557 1.04719654819928 1.68326862342656 1.05526017164811 1.7626098501496 1.42805554997176 1.0276905845385 1.0013176354114
1.61419315612875 1.78285770188086 1.30255520693026 1.08227911102585 1.87227723840624 1.67492769332603 1.89808128937148 1.03098856238648 0 1.91230626963079 1.82626949064434 1.53760155593045 1.18883057218045 1.03526714048348 1.21634393651038 0.975579616148025 1.71990523161367 1.91334148007445 1.75854946905747 1.63100020540878 1.88625588244759 1.28989046835341 1.74455209379084 1.50036542536691 1.28715873137116 0.975848647765815 1.39030219963752 1.39345386857167 1.87443098053336 1.67080350336619
1.66168977250345 1.86926565365866 1.80225996207446 1.59229749743827 1.74084539129399 1.00135444011539 1.52266113925725 1.80897843511775 1.91230626963079 0 1.25662124925293 1.74599321885034 1.7330050743185 1.85724062519148 1.6902196300216 1.82502785651013 0.987494048662484 1.43972084159032 0.925940712913871 1.77291034231894 1.71225671260618 1.14623629744165 1.34567667124793 1.91728959674947 1.76005097269081 1.87714565894566 1.60413901787251 1.3324017401319 1.14803233533166 1.04857869562693
1.54907683189958 1.13405482750386 0.937167243333533 1.11648209695704 0.924711904721335 1.00378623884171 1.04208009480499 1.50662498734891 1.82626949064434 1.25662124925293 0 1.66693269670941 1.09210135787725 1.0506253708154 1.74617275828496 1.4728207080625 1.82760013011284 1.13656981452368 1.03400150663219 0.923856509150937 1.78037329064682 1.87575223599561 1.32424944522791 1.19687435263768 1.61647290480323 1.63158342964016 1.02125753997825 1.62760916654952 1.78485275153071 1.86199304647744
1.22032747068442 1.54028450371698 1.28847337630577 1.21644977270626 1.69379468355328 1.54505166760646 1.564061680343 1.37218971690163 1.53760155593045 1.74599321885034 1.66693269670941 0 1.13676637853496 1.48607576894574 1.57034098054282 1.60528825572692 1.80154416966252 1.07059457572177 1.88303926330991 1.68823483609594 1.59449510113336 1.28798031434417 1.20137286302634 1.07582836248912 1.06905514327809 1.63357017608359 1.86656946036965 1.75058664521202 1.65413279435597 1.8092720056884
1.26722901570611 1.70455745374784 0.97076947405003 1.3514132683631 1.69954702234827 1.87464130506851 1.05874783312902 1.76586515130475 1.18883057218045 1.7330050743185 1.09210135787725 1.13676637853496 0 1.33947321213782 1.74712853133678 1.92263980139978 1.88945014006458 1.64927974739112 1.86227592686191 1.48060671030544 0.945165378507227 1.75392826017924 1.6351513096597 1.33310870197602 1.20941818947904 1.90253956639208 1.04334003292024 1.03622886585072 1.42732250061817 1.62924662884325
1.47780076554045 1.60148209217004 1.39361647027545 1.02957916771993 1.60566850984469 1.02594359195791 1.08119911514223 1.16328017739579 1.03526714048348 1.85724062519148 1.0506253708154 1.48607576894574 1.33947321213782 0 1.55576214496978 1.78258988028392 1.21123656118289 1.22217277204618 1.52809422765858 1.41893202415667 1.78372239437886 1.29052302450873 1.66991136851721 1.55397968459874 1.51433640462346 1.70101257925853 1.02945623220876 1.83358642901294 1.25466051837429 0.96347237448208
1.36039042077027 1.40835987171158 1.16297584515996 0.926934403600171 1.78743892745115 1.24831504188478 1.35651144734584 1.47841323073953 1.21634393651038 1.6902196300216 1.74617275828496 1.57034098054282 1.74712853133678 1.55576214496978 0 1.13164063193835 1.4682746345643 1.13466480863281 1.41635732958093 1.20720388111658 1.51647079759277 1.08867796184495 1.06947719468735 1.31794559210539 1.02845839643851 1.20489742979407 1.07734918687493 1.69954334734939 1.19518496701494 1.23178494046442
1.47398160235025 0.994258677819744 1.19716986012645 1.71880121878348 1.22290128935128 1.67925218306482 1.21149157057516 1.46037342841737 0.975579616148025 1.82502785651013 1.4728207080625 1.60528825572692 1.92263980139978 1.78258988028392 1.13164063193835 0 1.16488671349362 0.937761863926426 1.76297004125081 1.08455225755461 1.6399675514549 1.73999687400647 1.59179040207528 1.46335246227682 1.12686285073869 1.27616137336008 1.39084545476362 1.06545922392979 1.31653186143376 1.20520469616167
1.26681758044288 1.8789294178132 1.54222609335557 1.59578040242195 1.18176081241108 1.66635806020349 1.67019273363985 1.88652199762873 1.71990523161367 0.987494048662484 1.82760013011284 1.80154416966252 1.88945014006458 1.21123656118289 1.4682746345643 1.16488671349362 0 1.8436258637812 1.48348453245126 1.4892020537518 1.08215586980805 1.49038371769711 1.73199063306674 1.84073002054356 1.11624494381249 1.15991936181672 1.03522887430154 0.947910616407171 1.39291845588014 1.17706193774939
1.19431552896276 1.28493885672651 1.20597652858123 1.28055481845513 1.5299874022603 1.20933186705224 1.07018426200375 0.992074059089646 1.91334148007445 1.43972084159032 1.13656981452368 1.07059457572177 1.64927974739112 1.22217277204618 1.13466480863281 0.937761863926426 1.8436258637812 0 1.24503344995901 1.17608476430178 1.47616545669734 1.35987578635104 1.29674496874213 1.80133354337886 1.6551310128998 1.52353543974459 1.78789609647356 1.51371287810616 1.11634935159236 1.26726517174393
1.46577917062677 1.10592105262913 1.09735277132131 1.42616720078513 1.46631769300438 1.51354091102257 1.09879849827848 1.48185688490048 1.75854946905747 0.925940712913871 1.03400150663219 1.88303926330991 1.86227592686191 1.52809422765858 1.41635732958093 1.76297004125081 1.48348453245126 1.24503344995901 0 1.72475518728606 1.84499650844373 1.29764428501949 1.53151682741009 1.23505406617187 1.28487081569619 1.79353247699328 1.09985501226038 1.44598581758328 1.53512041317299 1.11961764353327
1.3893004343845 1.23976076208055 1.35390062327497 1.45556066650897 0.989915203535929 1.17909590643831 1.05527141573839 1.45122780790552 1.63100020540878 1.77291034231894 0.923856509150937 1.68823483609594 1.48060671030544 1.41893202415667 1.20720388111658 1.08455225755461 1.4892020537518 1.17608476430178 1.72475518728606 0 1.67330673104152 1.26075084367767 1.29696751781739 1.72014874382876 1.33511481503956 0.92948407586664 0.966617331840098 1.52486789342947 1.40336870611645 1.32283976115286
1.67694796668366 0.995501855388284 1.03749528783374 0.927411501063034 1.38110655150376 1.06405411986634 1.4570033736527 1.24933449085802 1.88625588244759 1.71225671260618 1.78037329064682 1.59449510113336 0.945165378507227 1.78372239437886 1.51647079759277 1.6399675514549 1.08215586980805 1.47616545669734 1.84499650844373 1.67330673104152 0 1.70012768055312 1.03949842951261 1.46961802896112 1.77223926479928 1.2265737305861 1.77797905681655 1.02388128591701 1.89667392661795 1.56858732434921
1.78597421385348 1.87758093001321 1.28462427156046 1.30055253836326 1.7173663135618 1.04037514515221 1.3731307038106 1.46269760327414 1.28989046835341 1.14623629744165 1.87575223599561 1.28798031434417 1.75392826017924 1.29052302450873 1.08867796184495 1.73999687400647 1.49038371769711 1.35987578635104 1.29764428501949 1.26075084367767 1.70012768055312 0 1.46718529146165 1.03337446646765 1.22610450722277 1.33943395107053 1.12637646379881 1.77637043921277 1.1294335341081 1.38187339249998
1.3592755002901 1.29471384873614 1.11017347779125 1.45458339224569 1.89051191555336 0.937800150830299 1.22766754287295 1.54040621919557 1.74455209379084 1.34567667124793 1.32424944522791 1.20137286302634 1.6351513096597 1.66991136851721 1.06947719468735 1.59179040207528 1.73199063306674 1.29674496874213 1.53151682741009 1.29696751781739 1.03949842951261 1.46718529146165 0 1.11515270080417 1.71618597768247 1.68191997497343 1.23919312981889 1.71507322462276 1.43430824950337 1.81363198556937
1.90649165445939 1.66926013026386 1.5886771089863 1.63976559205912 1.88163395342417 1.1820222272072 1.86642017937265 1.04719654819928 1.50036542536691 1.91728959674947 1.19687435263768 1.07582836248912 1.33310870197602 1.55397968459874 1.31794559210539 1.46335246227682 1.84073002054356 1.80133354337886 1.23505406617187 1.72014874382876 1.46961802896112 1.03337446646765 1.11515270080417 0 1.80325597268529 1.61905805463903 1.06576654105447 1.42897647549398 1.06620602402836 1.18874574406072
1.60727059911005 1.84273899672553 0.990004434948787 1.66161216190085 1.83856531465426 0.970972512615845 1.37412561709061 1.68326862342656 1.28715873137116 1.76005097269081 1.61647290480323 1.06905514327809 1.20941818947904 1.51433640462346 1.02845839643851 1.12686285073869 1.11624494381249 1.6551310128998 1.28487081569619 1.33511481503956 1.77223926479928 1.22610450722277 1.71618597768247 1.80325597268529 0 1.12098443461582 1.52216660091653 1.41230979771353 1.4310476386454 1.17124886671081
1.7669460431207 1.02981285867281 0.982676366344094 1.53396984981373 1.39675640012138 1.7740489684511 1.62473684037104 1.05526017164811 0.975848647765815 1.87714565894566 1.63158342964016 1.63357017608359 1.90253956639208 1.70101257925853 1.20489742979407 1.27616137336008 1.15991936181672 1.52353543974459 1.79353247699328 0.92948407586664 1.2265737305861 1.33943395107053 1.68191997497343 1.61905805463903 1.12098443461582 0 1.4486076363828 1.39357615355402 1.1919356144499 1.43942286702804
1.09442071779631 1.09679451282136 1.21807187469676 0.949139659991488 0.982973598875105 1.57852433691733 1.05109835905023 1.7626098501496 1.39030219963752 1.60413901787251 1.02125753997825 1.86656946036965 1.04334003292024 1.02945623220876 1.07734918687493 1.39084545476362 1.03522887430154 1.78789609647356 1.09985501226038 0.966617331840098 1.77797905681655 1.12637646379881 1.23919312981889 1.06576654105447 1.52216660091653 1.4486076363828 0 0.927397505845875 1.68291147332639 0.926995188929141
0.96887681609951 1.47729841480032 1.76625434844755 1.03163976524957 1.63949123537168 1.39158016862348 1.13778693974018 1.42805554997176 1.39345386857167 1.3324017401319 1.62760916654952 1.75058664521202 1.03622886585072 1.83358642901294 1.69954334734939 1.06545922392979 0.947910616407171 1.51371287810616 1.44598581758328 1.52486789342947 1.02388128591701 1.77637043921277 1.71507322462276 1.42897647549398 1.41230979771353 1.39357615355402 0.927397505845875 0 1.11884138197638 1.51297644153237
1.66655333898962 0.947025265078992 1.76367051736452 1.65151549479924 1.70698477723636 1.06517881783657 1.17321208911017 1.0276905845385 1.87443098053336 1.14803233533166 1.78485275153071 1.65413279435597 1.42732250061817 1.25466051837429 1.19518496701494 1.31653186143376 1.39291845588014 1.11634935159236 1.53512041317299 1.40336870611645 1.89667392661795 1.1294335341081 1.43430824950337 1.06620602402836 1.4310476386454 1.1919356144499 1.68291147332639 1.11884138197638 0 0.991933961864561
1.89198441640474 1.61553392931819 1.50221591303125 1.74494416825473 1.82238877750933 1.40959728788584 1.08254383085296 1.0013176354114 1.67080350336619 1.04857869562693 1.86199304647744 1.8092720056884 1.62924662884325 0.96347237448208 1.23178494046442 1.20520469616167 1.17706193774939 1.26726517174393 1.11961764353327 1.32283976115286 1.56858732434921 1.38187339249998 1.81363198556937 1.18874574406072 1.17124886671081 1.43942286702804 0.926995188929141 1.51297644153237 0.991933961864561 0
