0 1.75473845750093 1.24439416592941 1.17918477929197 1.01074660988525 1.83059725747444 1.7980592995882 1.58745533088222 1.90362124354579 0.951105685904622 1.27968923957087 1.06090054125525 1.15680171805434 1.59308632696047 1.37547186156735 1.57292273663916 1.12858525454067 1.55459278915077 1.17722703726031 1.44245460792445 0.948430536314845 1.58814948238432 1.57279533566907 1.59215113194659 1.75675951433368 1.65178498718888 1.6343635446392 1.16332551091909 1.05321043753065 0.928936014184728
1.75473845750093 0 1.90258772927336 1.27811428788118 1.85389294871129 1.65870940568857 1.44304562197067 1.3392255010549 1.89296824345365 1.77135860314593 1.10208182991482 1.65160850831307 1.3426017856691 1.50340684643015 1.80226481705904 1.6448262243066 1.05713027808815 1.04515980463475 1.54307961463928 1.28907882771455 1.70524327340536 1.20449025277048 1.07847795262933 0.990079975919798 1.25831576995552 1.51915124431252 1.5097515960224 1.49479305860586 1.75983092468232 1.64415324828587
1.24439416592941 1.90258772927336 0 1.41490746964701 1.51141004310921 1.59042102470994 1.44837609468959 1.39053581375629 1.02020323183388 1.54548038728535 1.18460395489819 1.18670029635541 1.33137498237193 1.43607687065378 1.7962735267356 1.25767775904387 1.80608786083758 1.61249591992237 1.29493856010959 1.03928644792177 1.36026877467521 1.73620623722672 1.72320004296489 0.953417591517791 1.80514290649444 0.981318780221045 1.08760782005265 0.941519465297461 1.69426113646477 1.90161704295315
1.17918477929197 1.27811428788118 1.41490746964701 0 1.91576207987964 1.37524971016683 1.20121553028002 1.74908062932082 1.89196487260051 1.31944110477343 1.12195391068235 1.29371106717736 1.72761202976108 1.12702319049276 1.05979949771427 1.22505246056244 1.14292640401982 1.30859330156818 1.75957769388333 1.08624605229124 1.26768503105268 1.44810986798257 1.44424346578307 1.78656033962034 1.69004235533066 1.70709609682672 0.973250861046836 1.01519835880026 1.9006901695393 1.72490515676327
1.01074660988525 1.85389294871129 1.51141004310921 1.91576207987964 0 1.64630955876783 1.27306941477582 1.7177190806251 1.58605742291547 0.956986488774419 1.72035310394131 1.33410134236328 1.30116366036236 1.87424800987355 0.934364816639572 1.19107910338789 0.963752312585711 1.58161084982567 1.77710464317352 1.73392930114642 1.81073759007268 1.78272677375935 1.24968213890679 0.991324297850952 1.44648024905473 1.46601651422679 1.70097740367055 1.11123736505397 1.40190351800993 1.27842405624688
1.83059725747444 1.65870940568857 1.59042102470994 1.37524971016683 1.64630955876783 0 1.67936479789205 1.14326807903126 1.08937164652161 1.61067032837309 1.69917149771936 1.69914262462407 1.86384277860634 1.62657121592201 1.78405079944059 1.61143443686888 1.09892157441936 1.67916075326502 1.31901899981312 1.08128539659083 1.3903947446961 1.47255302011035 1.4932494238019 1.16221444797702 1.79841477493756 1.04072802583687 1.04528057598509 1.14270837698132 0.975487758172676 1.33365357830189
1.7980592995882 1.44304562197067 1.44837609468959 1.20121553028002 1.27306941477582 1.67936479789205 0 1.90453452500515 1.70742838317528 1.90604955679737 1.19917676411569 1.4323989241384 1.38843234465457 1.28469794359989 1.7237852436956 1.24577867425978 1.44350240798667 1.84766599116847 0.988120246678591 1.40868762996979 1.34470037883148 1.86808626260608 1.07481897319667 1.15636305185035 1.03452420770191 1.65642768330872 1.70417437958531 1.04921754240058 1.58266758150421 1.58844437240623
1.58745533088222 1.3392255010549 1.39053581375629 1.74908062932082 1.7177190806251 1.14326807903126 1.90453452500515 0 1.63929128670134 1.16290761553682 1.84722812636755 1.71930682822131 1.89768506493419 1.17829393944703 1.87661561486311 1.35720295784995 1.3427621263545 1.44019545358606 1.46514309942722 1.61126987985335 1.04571187845431 1.25826970650814 1.38694272213615 1.04141817218624 1.04852531035431 1.2235173410736 1.59952282696031 0.989769048057497 1.21934616495855 1.64209688897245
1.90362124354579 1.89296824345365 1.02020323183388 1.89196487260051 1.58605742291547 1.08937164652161 1.70742838317528 1.63929128670134 0 1.76299025258049 1.21990941860713 1.80613303370774 1.03774528391659 1.87344311131164 1.16269496246241 1.66335236979648 1.39509781473316 1.4839248736389 1.5597744861152 1.18916021403857 1.12887007580139 1.76319764717482 1.90395378018729 1.01378114940599 1.00175212649629 1.55714056431316 1.48835716000758 1.27425289829262 1.78608784498647 1.38075113249943
0.951105685904622 1.77135860314593 1.54548038728535 1.31944110477343 0.956986488774419 1.61067032837309 1.90604955679737 1.16290761553682 1.76299025258049 0 0.931463220622391 1.91629132512026 1.04263020935468 1.92506783083081 0.958445981144905 1.88458963180892 1.50709272548556 1.20007891766727 1.10085402871482 1.00579369906336 0.983246351592243 1.32415767223574 1.7472257069312 1.65723873558454 1.14133611321449 1.4628835094627 1.2191459662281 0.953969534486532 1.65276649943553 1.59607204026543
1.27968923957087 1.10208182991482 1.18460395489819 1.12195391068235 1.72035310394131 1.69917149771936 1.19917676411569 1.84722812636755 1.21990941860713 0.931463220622391 0 1.6665839436464 1.12763735535555 1.91482454095967 1.863050065469 1.17251456272788 1.33908415026963 1.13463402260095 1.87273571593687 1.66396124148741 1.82583910273388 1.65628771320917 1.80155518837273 1.49300031969324 1.08717718860134 0.971839760662988 1.38750991388224 1.69566879142076 1.4886910810601 1.77393911592662
1.06090054125525 1.65160850831307 1.18670029635541 1.29371106717736 1.33410134236328 1.69914262462407 1.4323989241384 1.71930682822131 1.80613303370774 1.91629132512026 1.6665839436464 0 1.25156993907876 1.44533921405673 1.84933676966466 1.32311009988189 1.29612360149622 0.934228311991319 1.75058263563551 1.77233191486448 1.43495195824653 1.32118414132856 1.72659277939238 1.76324526104145 1.74380712327547 1.2549647972919 1.65358396945521 1.03792076162063 1.25115254148841 1.58080125763081
1.15680171805434 1.3426017856691 1.33137498237193 1.72761202976108 1.30116366036236 1.86384277860634 1.38843234465457 1.89768506493419 1.03774528391659 1.04263020935468 1.12763735535555 1.25156993907876 0 1.1084427931346 1.82080271979794 1.04234565934166 1.4062801154796 1.66381019470282 1.77168191899545 1.34040421806276 1.74721926753409 1.33374742092565 1.70213463041 1.1924510744866 1.46749804751016 1.7091189424973 1.46280065225437 0.949253687635064 1.56266035581939 1.23869145312347
1.59308632696047 1.50340684643015 1.43607687065378 1.12702319049276 1.87424800987355 1.62657121592201 1.28469794359989 1.17829393944703 1.87344311131164 1.92506783083081 1.91482454095967 1.44533921405673 1.1084427931346 0 1.30441750027239 1.64099757676013 1.44509601942264 1.63759394874796 1.71736276266165 1.52082547475584 1.61585201113485 1.449723868398 0.969803707906976 1.15977144683711 1.15269064623863 1.13380024838261 1.47099613654427 1.70697361999191 1.56373450439423 1.36274107522331
1.37547186156735 1.80226481705904 1.7962735267356 1.05979949771427 0.934364816639572 1.78405079944059 1.7237852436956 1.87661561486311 1.16269496246241 0.958445981144905 1.863050065469 1.84933676966466 1.82080271979794 1.30441750027239 0 1.42932301410474 1.58679439802654 0.945929516572505 0.995556972455233 1.88192789931782 1.0933497780934 1.44092703843489 0.946390396216884 1.11277006333694 1.30542774591595 0.970463521312922 1.86538476054557 1.02994785713963 1.92280955286697 1.84144933498465
1.57292273663916 1.6448262243066 1.25767775904387 1.22505246056244 1.19107910338789 1.61143443686888 1.24577867425978 1.35720295784995 1.66335236979648 1.88458963180892 1.17251456272788 1.32311009988189 1.04234565934166 1.64099757676013 1.42932301410474 0 1.58208900596946 1.6962081589736 1.04141263011843 1.50441155652516 1.15877658501267 1.26023792778142 1.42467962298542 1.41762563632801 1.74056957522407 1.07168071600609 1.90512134577148 1.07531091780402 1.71300677303225 1.56132424785756
1.12858525454067 1.05713027808815 1.80608786083758 1.14292640401982 0.963752312585711 1.09892157441936 1.44350240798667 1.3427621263545 1.39509781473316 1.50709272548556 1.33908415026963 1.29612360149622 1.4062801154796 1.44509601942264 1.58679439802654 1.58208900596946 0 1.90106999059208 1.17364209145308 1.24688170314766 1.47748185880482 1.38533127633855 0.997828220017254 1.49227045336738 1.64058335730806 1.13768423721194 1.4946833869908 1.31726005137898 1.89918064465746 0.936371410265565
1.55459278915077 1.04515980463475 1.61249591992237 1.30859330156818 1.58161084982567 1.67916075326502 1.84766599116847 1.44019545358606 1.4839248736389 1.20007891766727 1.13463402260095 0.934228311991319 1.66381019470282 1.63759394874796 0.945929516572505 1.6962081589736 1.90106999059208 0 1.15744767850265 1.80730533273891 1.12813967955299 1.52831616089679 1.29255852056667 1.6806334273424 0.999033209867775 1.01346196932718 0.947392094414681 1.85681439889595 1.46128129097633 1.80454882094637
1.17722703726031 1.54307961463928 1.29493856010959 1.75957769388333 1.77710464317352 1.31901899981312 0.988120246678591 1.46514309942722 1.5597744861152 1.10085402871482 1.87273571593687 1.75058263563551 1.77168191899545 1.71736276266165 0.995556972455233 1.04141263011843 1.17364209145308 1.15744767850265 0 0.950514908647165 1.14207476121373 1.65809766901657 1.4656395027414 1.33788542146794 1.56075208028778 1.85971784056164 1.56142621068284 1.67389900027774 1.83992124767974 1.75353714218363
1.44245460792445 1.28907882771455 1.03928644792177 1.08624605229124 1.73392930114642 1.08128539659083 1.40868762996979 1.61126987985335 1.18916021403857 1.00579369906336 1.66396124148741 1.77233191486448 1.34040421806276 1.52082547475584 1.88192789931782 1.50441155652516 1.24688170314766 1.80730533273891 0.950514908647165 0 1.33566931751557 1.46594353346154 0.935537503100932 1.17067399993539 1.59957868023776 1.15448704222217 1.54681532038376 1.25940077938139 1.85561474040151 1.62994961161166
0.948430536314845 1.70524327340536 1.36026877467521 1.26768503105268 1.81073759007268 1.3903947446961 1.34470037883148 1.04571187845431 1.12887007580139 0.983246351592243 1.82583910273388 1.43495195824653 1.74721926753409 1.61585201113485 1.0933497780934 1.15877658501267 1.47748185880482 1.12813967955299 1.14207476121373 1.33566931751557 0 0.959084973670542 0.935630137100816 1.07780124759302 1.02580251265317 1.64391919900663 1.43679968104698 1.58618194446899 1.58484001085162 0.966714195441455
1.58814948238432 1.20449025277048 1.73620623722672 1.44810986798257 1.78272677375935 1.47255302011035 1.86808626260608 1.25826970650814 1.76319764717482 1.32415767223574 1.65628771320917 1.32118414132856 1.33374742092565 1.449723868398 1.44092703843489 1.26023792778142 1.38533127633855 1.52831616089679 1.65809766901657 1.46594353346154 0.959084973670542 0 1.02443164843135 1.44327984098345 1.66488417983055 1.79583413852379 1.35972957964987 1.54976306366734 0.956869824323803 1.73531878343783
1.57279533566907 1.07847795262933 1.72320004296489 1.44424346578307 1.24968213890679 1.4932494238019 1.07481897319667 1.38694272213615 1.90395378018729 1.7472257069312 1.80155518837273 1.72659277939238 1.70213463041 0.969803707906976 0.946390396216884 1.42467962298542 0.997828220017254 1.29255852056667 1.4656395027414 0.935537503100932 0.935630137100816 1.02443164843135 0 1.76413260563277 1.85933339805342 1.79528776207007 1.56474637007341 1.15921579184942 1.13982893549837 1.46961792884395
1.59215113194659 0.990079975919798 0.953417591517791 1.78656033962034 0.991324297850952 1.16221444797702 1.15636305185035 1.04141817218624 1.01378114940599 1.65723873558454 1.49300031969324 1.76324526104145 1.1924510744866 1.15977144683711 1.11277006333694 1.41762563632801 1.49227045336738 1.6806334273424 1.33788542146794 1.17067399993539 1.07780124759302 1.44327984098345 1.76413260563277 0 1.3530098174233 1.32489908114076 1.00173514406197 1.89026869274676 1.42794597102329 1.21507047442719
1.75675951433368 1.25831576995552 1.80514290649444 1.69004235533066 1.44648024905473 1.79841477493756 1.03452420770191 1.04852531035431 1.00175212649629 1.14133611321449 1.08717718860134 1.74380712327547 1.46749804751016 1.15269064623863 1.30542774591595 1.74056957522407 1.64058335730806 0.999033209867775 1.56075208028778 1.59957868023776 1.02580251265317 1.66488417983055 1.85933339805342 1.3530098174233 0 1.00988195184618 1.32832374470308 1.64344533998519 1.17191871884279 0.930184272350743
1.65178498718888 1.51915124431252 0.981318780221045 1.70709609682672 1.46601651422679 1.04072802583687 1.65642768330872 1.2235173410736 1.55714056431316 1.4628835094627 0.971839760662988 1.2549647972919 1.7091189424973 1.13380024838261 0.970463521312922 1.07168071600609 1.13768423721194 1.01346196932718 1.85971784056164 1.15448704222217 1.64391919900663 1.79583413852379 1.79528776207007 1.32489908114076 1.00988195184618 0 1.44605349143967 1.78694234648719 1.19092891109176 1.73836155585013
1.6343635446392 1.5097515960224 1.08760782005265 0.973250861046836 1.70097740367055 1.04528057598509 1.70417437958531 1.59952282696031 1.48835716000758 1.2191459662281 1.38750991388224 1.65358396945521 1.46280065225437 1.47099613654427 1.86538476054557 1.90512134577148 1.4946833869908 0.947392094414681 1.56142621068284 1.54681532038376 1.43679968104698 1.35972957964987 1.56474637007341 1.00173514406197 1.32832374470308 1.44605349143967 0 1.60084939841181 1.52006205380894 1.32911942806095
1.16332551091909 1.49479305860586 0.941519465297461 1.01519835880026 1.11123736505397 1.14270837698132 1.04921754240058 0.989769048057497 1.27425289829262 0.953969534486532 1.69566879142076 1.03792076162063 0.949253687635064 1.70697361999191 1.02994785713963 1.07531091780402 1.31726005137898 1.85681439889595 1.67389900027774 1.25940077938139 1.58618194446899 1.54976306366734 1.15921579184942 1.89026869274676 1.64344533998519 1.78694234648719 1.60084939841181 0 1.3264443166554 1.50836796895601
1.05321043753065 1.75983092468232 1.69426113646477 1.9006901695393 1.40190351800993 0.975487758172676 1.58266758150421 1.21934616495855 1.78608784498647 1.65276649943553 1.4886910810601 1.25115254148841 1.56266035581939 1.56373450439423 1.92280955286697 1.71300677303225 1.89918064465746 1.46128129097633 1.83992124767974 1.85561474040151 1.58484001085162 0.956869824323803 1.13982893549837 1.42794597102329 1.17191871884279 1.19092891109176 1.52006205380894 1.3264443166554 0 1.27640085248277
0.928936014184728 1.64415324828587 1.90161704295315 1.72490515676327 1.27842405624688 1.33365357830189 1.58844437240623 1.64209688897245 1.38075113249943 1.59607204026543 1.77393911592662 1.58080125763081 1.23869145312347 1.36274107522331 1.84144933498465 1.56132424785756 0.936371410265565 1.80454882094637 1.75353714218363 1.62994961161166 0.966714195441455 1.73531878343783 1.46961792884395 1.21507047442719 0.930184272350743 1.73836155585013 1.32911942806095 1.50836796895601 1.27640085248277 0
