0 1.17225953261368 1.81107166688889 1.8530212759506 0.951546880183741 1.44324258365668 0.993001157650724 1.51407636981457 0.970828169258311 1.43047166639008 1.08525570924394 1.78580363304354 1.11336643970571 1.46756548108533 1.70861696568318 1.88120240299031 1.10944693675265 1.8781172237359 1.20422204164788 1.90766449505463 1.73817911185324 1.82006520614959 1.52553980890661 1.33676502946764 1.68363731913269 1.00801828783005 1.71057881647721 1.13150421157479 1.25203774147667 1.50423415726982
1.17225953261368 0 1.80533356452361 1.79316976899281 1.20140713243745 1.6405279468745 1.87562763155438 1.0085021534469 1.68781987694092 1.24160350323655 1.10545244789682 0.981931918067858 1.75276642199606 1.24242979218252 1.8270732332021 1.64577875868417 0.978938155109063 0.946566571714357 1.47938774502836 1.81352492026053 1.8638063846156 1.77090037497692 1.5333318063058 1.50442202365957 1.31458648201078 1.57307083299384 1.79750996339135 1.41270815930329 1.13594661862589 1.91778148082085
1.81107166688889 1.80533356452361 0 1.79697002563626 0.979498567525297 1.59305777330883 1.88641220913269 1.84675291692838 1.47595341759734 1.89980188966729 1.70360459457152 1.55266106827185 1.13883641711436 1.74210137850605 1.68786934600212 1.18561807274818 1.21621591341682 1.79963273252361 0.985067003406584 1.87848846125416 1.37944029527716 1.76541740703396 1.48113528103568 1.85497613507323 1.07394384057261 1.23901650891639 1.50117340963334 1.69602593383752 1.67408649693243 1.18643164355308
1.8530212759506 1.79316976899281 1.79697002563626 0 1.53927432722412 1.06254706392065 1.54049727274105 1.6444003880024 1.55004858528264 0.974881165893748 1.33110594633035 1.07808189745992 1.70149307255633 1.61826936528087 0.942066711373627 1.38551520369947 1.21124152559787 1.84333643200807 1.34252640255727 1.35046001407318 1.64789274800569 1.33199914079159 1.46268806862645 1.69720071647316 1.33468387369066 1.06120251538232 1.34533376712352 1.54182865656912 1.16758470004424 1.32253169897012
0.951546880183741 1.20140713243745 0.979498567525297 1.53927432722412 0 1.14982053684071 1.78942306828685 1.81553618749604 1.20854073925875 1.47929353988729 1.61124256090261 1.36452715401538 1.74156381399371 1.57273460039869 1.86871388251893 1.85611574095674 0.938463942380622 1.73511686339043 1.1404099741485 1.75101049779914 0.946187369525433 1.09131501824595 1.52719387086108 1.10960229136981 1.6019840859808 1.82809699140489 1.18711164710112 1.27466820506379 1.5726413896773 1.02199286688119
1.44324258365668 1.6405279468745 1.59305777330883 1.06254706392065 1.14982053684071 0 1.66185195790604 1.05580304027535 1.90490665333346 1.6624296552036 1.33708660793491 0.928748124279082 1.21913568698801 1.84713033121079 1.58158473367803 1.03166953194886 0.994203445501626 1.73428306938149 1.5276698009111 1.63667367352173 1.90749205113389 1.08554097567685 1.53316846885718 1.21955826389603 1.31584270019084 1.04223580379039 1.6430610625539 0.944205853622407 1.1354239936918 1.36596044106409
0.993001157650724 1.87562763155438 1.88641220913269 1.54049727274105 1.78942306828685 1.66185195790604 0 1.35117458924651 1.01287370384671 1.81458916305564 1.91556439432316 1.17135755741037 1.69543776055798 0.974027910269797 0.965040759881958 1.908398804022 1.66230489942245 1.65764402598143 1.27460400224663 1.06240883818828 0.997480139601976 1.77660871786065 1.0850091795437 1.05259805149399 1.55117508512922 1.84754431666806 1.05400861450471 1.07342646061443 1.34369047055952 1.59026152337901
1.51407636981457 1.0085021534469 1.84675291692838 1.6444003880024 1.81553618749604 1.05580304027535 1.35117458924651 0 1.04934997553937 1.58365694363602 1.09295905893669 1.71105456468649 1.37229863437824 1.14955888944678 1.68065293692052 1.18715283484198 1.40703717758879 1.74333739979193 1.21808560565114 1.43472140515223 1.17714084079489 1.32221076381393 1.78828947083093 1.49383274791762 0.937895377632231 1.30930445645936 1.27110404754058 1.26933753769845 1.86027865251526 1.42606862913817
0.970828169258311 1.68781987694092 1.47595341759734 1.55004858528264 1.20854073925875 1.90490665333346 1.01287370384671 1.04934997553937 0 1.5756000650581 1.6222958737053 1.09591770893894 1.03505607810803 1.88699230714701 0.962170558748767 1.06268796464428 1.58475306164473 1.77888850076124 1.20222171209753 0.936836325796321 1.0311019346118 1.00501348404214 1.62855514418334 1.47971063107252 1.15648515801877 1.13501151488163 1.54412109754048 1.17414086987264 1.34545444184914 0.987989589339122
1.43047166639008 1.24160350323655 1.89980188966729 0.974881165893748 1.47929353988729 1.6624296552036 1.81458916305564 1.58365694363602 1.5756000650581 0 0.991770407417789 1.8943442159798 1.88300276221707 1.3176854881458 1.44147935789078 1.62006744160317 1.09390429337509 0.97878504358232 1.33113251882605 1.42562606558204 1.52936981595121 1.66936420835555 1.67406749119982 1.86893127695657 1.88569529517554 0.967007085448131 0.95891672372818 1.20901463762857 1.45361708221026 1.11609023576602
1.08525570924394 1.10545244789682 1.70360459457152 1.33110594633035 1.61124256090261 1.33708660793491 1.91556439432316 1.09295905893669 1.6222958737053 0.991770407417789 0 1.2068768099416 1.36431348556653 1.22028286196291 1.27690530964173 1.67282609897666 1.55024692416191 1.63219905411825 1.12411959306337 1.27111268555745 1.67484009661712 1.00874333223328 1.01278988667764 1.61309975385666 0.971411552280188 1.2402404116001 1.36980502307415 0.964540721150115 1.4086356216576 1.55002306960523
1.78580363304354 0.981931918067858 1.55266106827185 1.07808189745992 1.36452715401538 0.928748124279082 1.17135755741037 1.71105456468649 1.09591770893894 1.8943442159798 1.2068768099416 0 1.26699216291308 1.91852295398712 1.67926471517421 1.27434827457182 1.36672637215815 1.65858791652136 1.51956232450902 0.971775841433555 1.57376005803235 1.2894932103809 1.28929973952472 1.29676301893778 1.24903684202582 1.47201719530858 1.34243159904145 1.46030026115477 1.74648253899068 1.8775076540187
1.11336643970571 1.75276642199606 1.13883641711436 1.70149307255633 1.74156381399371 1.21913568698801 1.69543776055798 1.37229863437824 1.03505607810803 1.88300276221707 1.36431348556653 1.26699216291308 0 1.70783212897368 1.12312211864628 1.39973382209428 1.42476843809709 1.11523759737611 1.83290776982903 1.12933436222374 0.996628310065717 1.66873548552394 1.7129072456155 0.948167886817828 1.07266106293537 1.46781634935178 1.85577999264933 0.973299602745101 1.0163034053985 1.01451581786387
1.46756548108533 1.24242979218252 1.74210137850605 1.61826936528087 1.57273460039869 1.84713033121079 0.974027910269797 1.14955888944678 1.88699230714701 1.3176854881458 1.22028286196291 1.91852295398712 1.70783212897368 0 1.92185431299731 1.88250964740291 1.17238111933693 1.35176983079873 1.70229863841087 1.23355320934206 1.54261845885776 1.63141602976248 1.23409647145309 1.35713277943432 1.23169347643852 1.427810450783 1.28745966730639 1.22197971725836 1.81953372107819 1.63610325497575
1.70861696568318 1.8270732332021 1.68786934600212 0.942066711373627 1.86871388251893 1.58158473367803 0.965040759881958 1.68065293692052 0.962170558748767 1.44147935789078 1.27690530964173 1.67926471517421 1.12312211864628 1.92185431299731 0 1.30070170154795 1.64550921297632 1.73139245132916 1.21669585816562 1.17768448661081 0.972498467192054 1.47963204164989 1.5431973405648 1.33181416708976 1.81577670923434 1.05570724769495 1.10944580589421 0.934569922974333 1.04913119715638 1.90150340506807
1.88120240299031 1.64577875868417 1.18561807274818 1.38551520369947 1.85611574095674 1.03166953194886 1.908398804022 1.18715283484198 1.06268796464428 1.62006744160317 1.67282609897666 1.27434827457182 1.39973382209428 1.88250964740291 1.30070170154795 0 1.02690220740624 1.16642278968357 1.63427543034777 1.91848862334155 1.4098835720215 1.37341010174714 1.69195913849398 1.61121165938675 1.59107954218052 1.53522611036897 1.52115139691159 1.50422051502392 1.67730316193774 1.73369251727127
1.10944693675265 0.978938155109063 1.21621591341682 1.21124152559787 0.938463942380622 0.994203445501626 1.66230489942245 1.40703717758879 1.58475306164473 1.09390429337509 1.55024692416191 1.36672637215815 1.42476843809709 1.17238111933693 1.64550921297632 1.02690220740624 0 1.29954189481214 1.32914811791852 1.39965262613259 1.03701910283417 1.39239571848884 1.10501924436539 1.64489741576836 1.47302507678978 1.05927801690996 1.27335375919938 1.08237800979987 1.34877251670696 1.32717710151337
1.8781172237359 0.946566571714357 1.79963273252361 1.84333643200807 1.73511686339043 1.73428306938149 1.65764402598143 1.74333739979193 1.77888850076124 0.97878504358232 1.63219905411825 1.65858791652136 1.11523759737611 1.35176983079873 1.73139245132916 1.16642278968357 1.29954189481214 0 1.00143896392547 1.87304069614038 1.41640587942675 1.03536474774592 1.14054071786813 0.951659862650558 1.73142723506317 1.31467230245471 1.84057309641503 0.98919791332446 1.55410292302258 1.16244148276746
1.20422204164788 1.47938774502836 0.985067003406584 1.34252640255727 1.1404099741485 1.5276698009111 1.27460400224663 1.21808560565114 1.20222171209753 1.33113251882605 1.12411959306337 1.51956232450902 1.83290776982903 1.70229863841087 1.21669585816562 1.63427543034777 1.32914811791852 1.00143896392547 0 1.85624183993787 1.81112983706407 1.25426614074968 1.82934525609016 1.76174774160609 1.83962458814494 0.956288028741255 1.58965701097623 1.31159011786804 1.57980242115445 1.46261516283266
1.90766449505463 1.81352492026053 1.87848846125416 1.35046001407318 1.75101049779914 1.63667367352173 1.06240883818828 1.43472140515223 0.936836325796321 1.42562606558204 1.27111268555745 0.971775841433555 1.12933436222374 1.23355320934206 1.17768448661081 1.91848862334155 1.39965262613259 1.87304069614038 1.85624183993787 0 1.00931442575529 1.87647910648957 1.58485896815546 1.58349849795923 1.11676464229822 1.25082040810958 1.9216268719174 1.18360765394755 1.39911941788159 1.53750839759596
1.73817911185324 1.8638063846156 1.37944029527716 1.64789274800569 0.946187369525433 1.90749205113389 0.997480139601976 1.17714084079489 1.0311019346118 1.52936981595121 1.67484009661712 1.57376005803235 0.996628310065717 1.54261845885776 0.972498467192054 1.4098835720215 1.03701910283417 1.41640587942675 1.81112983706407 1.00931442575529 0 1.27957799518481 1.42037819325924 1.90928529575467 1.71880173985846 1.40480647981167 1.41740585514344 1.14167129294947 1.22253494919278 1.0109463382978
1.82006520614959 1.77090037497692 1.76541740703396 1.33199914079159 1.09131501824595 1.08554097567685 1.77660871786065 1.32221076381393 1.00501348404214 1.66936420835555 1.00874333223328 1.2894932103809 1.66873548552394 1.63141602976248 1.47963204164989 1.37341010174714 1.39239571848884 1.03536474774592 1.25426614074968 1.87647910648957 1.27957799518481 0 1.14219643524848 0.959920696681365 1.62480945466086 1.00546116754413 1.60429045464844 1.57608912442811 1.18480421206914 1.65969817340374
1.52553980890661 1.5333318063058 1.48113528103568 1.46268806862645 1.52719387086108 1.53316846885718 1.0850091795437 1.78828947083093 1.62855514418334 1.67406749119982 1.01278988667764 1.28929973952472 1.7129072456155 1.23409647145309 1.5431973405648 1.69195913849398 1.10501924436539 1.14054071786813 1.82934525609016 1.58485896815546 1.42037819325924 1.14219643524848 0 1.74047363922 1.64839934371412 1.86492084478959 1.91881044744514 1.54155016154982 1.34079861594364 1.914768591756
1.33676502946764 1.50442202365957 1.85497613507323 1.69720071647316 1.10960229136981 1.21955826389603 1.05259805149399 1.49383274791762 1.47971063107252 1.86893127695657 1.61309975385666 1.29676301893778 0.948167886817828 1.35713277943432 1.33181416708976 1.61121165938675 1.64489741576836 0.951659862650558 1.76174774160609 1.58349849795923 1.90928529575467 0.959920696681365 1.74047363922 0 1.13605159311555 1.8132924833335 1.20706378621981 1.16559299593791 1.90419648005627 1.58802170003764
1.68363731913269 1.31458648201078 1.07394384057261 1.33468387369066 1.6019840859808 1.31584270019084 1.55117508512922 0.937895377632231 1.15648515801877 1.88569529517554 0.971411552280188 1.24903684202582 1.07266106293537 1.23169347643852 1.81577670923434 1.59107954218052 1.47302507678978 1.73142723506317 1.83962458814494 1.11676464229822 1.71880173985846 1.62480945466086 1.64839934371412 1.13605159311555 0 1.4294773589354 1.73026593984105 1.33577312948182 1.76245983107947 1.07000272860751
1.00801828783005 1.57307083299384 1.23901650891639 1.06120251538232 1.82809699140489 1.04223580379039 1.84754431666806 1.30930445645936 1.13501151488163 0.967007085448131 1.2402404116001 1.47201719530858 1.46781634935178 1.427810450783 1.05570724769495 1.53522611036897 1.05927801690996 1.31467230245471 0.956288028741255 1.25082040810958 1.40480647981167 1.00546116754413 1.86492084478959 1.8132924833335 1.4294773589354 0 1.23911661235616 1.89384412090294 1.01688321679831 1.22773381765001
1.71057881647721 1.79750996339135 1.50117340963334 1.34533376712352 1.18711164710112 1.6430610625539 1.05400861450471 1.27110404754058 1.54412109754048 0.95891672372818 1.36980502307415 1.34243159904145 1.85577999264933 1.28745966730639 1.10944580589421 1.52115139691159 1.27335375919938 1.84057309641503 1.58965701097623 1.9216268719174 1.41740585514344 1.60429045464844 1.91881044744514 1.20706378621981 1.73026593984105 1.23911661235616 0 1.54733167099766 1.28058896353468 1.72754728537984
1.13150421157479 1.41270815930329 1.69602593383752 1.54182865656912 1.27466820506379 0.944205853622407 1.07342646061443 1.26933753769845 1.17414086987264 1.20901463762857 0.964540721150115 1.46030026115477 0.973299602745101 1.22197971725836 0.934569922974333 1.50422051502392 1.08237800979987 0.98919791332446 1.31159011786804 1.18360765394755 1.14167129294947 1.57608912442811 1.54155016154982 1.16559299593791 1.33577312948182 1.89384412090294 1.54733167099766 0 1.41824559355155 1.08252486144193
1.25203774147667 1.13594661862589 1.67408649693243 1.16758470004424 1.5726413896773 1.1354239936918 1.34369047055952 1.86027865251526 1.34545444184914 1.45361708221026 1.4086356216576 1.74648253899068 1.0163034053985 1.81953372107819 1.04913119715638 1.67730316193774 1.34877251670696 1.55410292302258 1.57980242115445 1.39911941788159 1.22253494919278 1.18480421206914 1.34079861594364 1.90419648005627 1.76245983107947 1.01688321679831 1.28058896353468 1.41824559355155 0 1.71294888015836
1.50423415726982 1.91778148082085 1.18643164355308 1.32253169897012 1.02199286688119 1.36596044106409 1.59026152337901 1.42606862913817 0.987989589339122 1.11609023576602 1.55002306960523 1.8775076540187 1.01451581786387 1.63610325497575 1.90150340506807 1.73369251727127 1.32717710151337 1.16244148276746 1.46261516283266 1.53750839759596 1.0109463382978 1.65969817340374 1.914768591756 1.58802170003764 1.07000272860751 1.22773381765001 1.72754728537984 1.08252486144193 1.71294888015836 0
