0 1.87755399663001 1.59999537328258 1.15892084175721 1.46010190271772 1.39945767726749 1.40539049427025 1.72769950539805 1.24526156531647 1.5365989850834 1.46415775595233 1.16827954025939 1.90355719369836 1.69608592591248 1.11772173107602 1.40546966181137 1.47579095605761 1.84454506495968 1.87417835090309 1.07736030686647 1.0204434832558 1.10752575471997 1.68037376529537 1.93229047278874 1.70751044526696 1.36602208856493 1.0376385175623 1.65992509084754 1.59733661962673 1.45533410436474
1.87755399663001 0 1.07874326198362 1.55239500198513 1.47354114847258 1.67164866952226 1.40906216693111 1.43827148200944 1.58602008665912 1.13633766677231 1.50904985028319 1.31645907345228 1.73321292363107 1.59194345073774 1.22662384575233 1.17503113811836 1.75393889565021 1.24741048109718 1.33848168700933 1.94725772785023 1.02121478132904 1.51162559888326 1.53973703458905 1.02880435390398 1.77092503546737 1.67511461931281 1.02222155104391 1.48774001677521 1.13791804155335 1.73425380163826
1.59999537328258 1.07874326198362 0 1.34783886326477 1.61838950938545 1.69316559913568 1.14874737733044 1.04406981426291 1.78709998866543 1.28346785064787 1.58751171384938 0.997306102653965 0.990390827413648 1.46819803188555 1.61586050526239 1.0469903529156 1.64201696193777 1.53971172356978 1.29759778850712 1.19441263750196 1.10647062514909 1.91433278704062 0.982548881322145 1.69169480283745 1.10625800606795 1.12516396748833 1.88720958656631 1.04324602824636 1.76193337165751 1.37343074008822
1.15892084175721 1.55239500198513 1.34783886326477 0 1.64837507670745 1.6232566521503 1.90255941473879 1.66721335495822 1.73848903761245 1.35981601849198 1.13498477614485 1.71405316074379 1.16586502920836 1.70075899455696 1.17220776737668 1.35176980821416 1.47505032247864 1.25415502279066 1.38853104016744 1.34098723740317 1.61826094938442 1.43535445141606 1.5192881366238 1.07141924719326 1.83521433384158 1.70761031354778 1.36909007746726 1.85126192262396 1.28724645264447 1.25557375326753
1.46010190271772 1.47354114847258 1.61838950938545 1.64837507670745 0 1.68443255755119 1.2411138007883 1.23739375220612 1.13465792802162 1.57286475342698 1.5831254736986 1.35957722505555 1.21709392685443 1.48195209633559 1.53495446546003 1.92521605617367 1.90298477374017 1.00853809714317 1.62382945604622 1.77188941393979 1.49754386208951 1.2374235491734 1.30618052952923 1.61073370883241 1.41059299139306 1.59977489197627 1.42390355211683 1.17386812972836 1.07976594846696 1.77259243023582
1.39945767726749 1.67164866952226 1.69316559913568 1.6232566521503 1.68443255755119 0 1.36404138081707 1.13110080338083 1.5601505280938 0.992317726602778 1.40604625456035 1.19803465064615 1.56357593066059 1.33772110473365 1.90969649632461 1.25582590908743 1.13728670077398 1.65370196220465 1.342688344419 1.73889694456011 1.30774862458929 1.54398543923162 1.31921495334245 1.57108230004087 1.30813575023785 0.972054552286863 1.21377055463381 1.18713947734796 1.30214844155125 1.61008407734334
1.40539049427025 1.40906216693111 1.14874737733044 1.90255941473879 1.2411138007883 1.36404138081707 0 1.0061627777759 1.41714975517243 1.29034928441979 1.92120266333222 1.65399479586631 1.67179413046688 1.83897641929798 1.59277904289775 1.14490029914305 1.08329654484987 1.52187255513854 1.05916609428823 1.21516593219712 1.18129006098025 1.79921583645046 1.22301790793426 1.64022978185676 1.10053645446897 0.958038377808407 1.3504659270402 1.86371909454465 1.80039857304655 1.72529264446348
1.72769950539805 1.43827148200944 1.04406981426291 1.66721335495822 1.23739375220612 1.13110080338083 1.0061627777759 0 0.993092788849026 1.91366058797576 1.19136712909676 1.3929113491904 1.83599379938096 1.02553835976869 1.57796162506565 1.7563315636944 1.36806763289496 1.00606938893907 1.24461463163607 1.32112997956574 1.07185537624173 1.55926056485623 1.29914786014706 1.8202263598796 1.24300598865375 1.86841010604985 1.28874726686627 1.36860062438063 1.11184426513501 1.34415664360859
1.24526156531647 1.58602008665912 1.78709998866543 1.73848903761245 1.13465792802162 1.5601505280938 1.41714975517243 0.993092788849026 0 1.18515433347784 1.7630290677771 1.22174790245481 1.03952120151371 1.11549579072744 1.93800058146007 1.82577577722259 1.11879088031128 1.51154746720567 1.78825147333555 1.29767025145702 1.49260825966485 1.92419180087745 1.69278289284557 1.79642983782105 1.57532436517067 0.96330857439898 1.5807108161971 1.30835522641428 1.03673861036077 1.4042005687952
1.5365989850834 1.13633766677231 1.28346785064787 1.35981601849198 1.57286475342698 0.992317726602778 1.29034928441979 1.91366058797576 1.18515433347784 0 1.24401922803372 1.52893489296548 1.50442370283417 1.33509173966013 1.61594479321502 1.19161380454898 1.16284263692796 1.18726825946942 1.5949131581001 1.93363113934174 1.00304901460186 1.40939623070881 1.05610068654642 1.85625216388144 1.67677294136956 1.14633684186265 1.79436844144948 1.56528304005042 1.28100424376316 1.55810723803006
1.46415775595233 1.50904985028319 1.58751171384938 1.13498477614485 1.5831254736986 1.40604625456035 1.92120266333222 1.19136712909676 1.7630290677771 1.24401922803372 0 1.07031133212149 1.33543263701722 1.89103729277849 1.48376641748473 1.68472707923502 1.47851229575463 1.58452057815157 1.11401437059976 1.14789789379574 1.21598109928891 1.59153992310166 1.75611336156726 1.6462771424558 1.41407846705988 1.5251534585841 1.78022533282638 1.43290063389577 1.76924924971536 1.14378365851007
1.16827954025939 1.31645907345228 0.997306102653965 1.71405316074379 1.35957722505555 1.19803465064615 1.65399479586631 1.3929113491904 1.22174790245481 1.52893489296548 1.07031133212149 0 1.53942151810043 1.30681342072785 1.48549476102926 1.2779548864346 1.43043910292909 1.50674076518044 1.75688561657444 1.20731151476502 1.57170842913911 1.59443806880154 1.28079036134295 1.65796411060728 1.90887262974866 1.42999507207423 1.80963453324512 1.63536878442392 1.47721743001603 1.84662504401058
1.90355719369836 1.73321292363107 0.990390827413648 1.16586502920836 1.21709392685443 1.56357593066059 1.67179413046688 1.83599379938096 1.03952120151371 1.50442370283417 1.33543263701722 1.53942151810043 0 1.22175411856733 1.07790474803187 1.2032774258405 1.10569913918152 1.90786923468113 1.27509436989203 1.94502418558113 1.30511696822941 1.01147648622282 1.31100327917375 1.23997127381153 1.72642903751694 1.47498673037626 1.55275387782604 1.21364390221424 1.32654184917919 1.19181735441089
1.69608592591248 1.59194345073774 1.46819803188555 1.70075899455696 1.48195209633559 1.33772110473365 1.83897641929798 1.02553835976869 1.11549579072744 1.33509173966013 1.89103729277849 1.30681342072785 1.22175411856733 0 1.58846572996117 1.7088898383081 1.54220120212995 1.11912949732505 1.48021039180458 1.84325384837575 1.32236084132455 1.20820738491602 1.52425951883197 1.12800892139785 1.92239808081649 1.88461139588617 1.61454572924413 1.17964143957943 1.38818559097126 1.46528343600221
1.11772173107602 1.22662384575233 1.61586050526239 1.17220776737668 1.53495446546003 1.90969649632461 1.59277904289775 1.57796162506565 1.93800058146007 1.61594479321502 1.48376641748473 1.48549476102926 1.07790474803187 1.58846572996117 0 1.94490313017741 1.106681013247 1.72961520566605 1.14189943671227 1.2310637908522 0.966200928436592 1.05622630077414 1.24398314603604 1.23626109887846 0.97669531032443 1.35462449374609 1.11147613311186 1.29834013292566 0.988743257708848 1.09615638805553
1.40546966181137 1.17503113811836 1.0469903529156 1.35176980821416 1.92521605617367 1.25582590908743 1.14490029914305 1.7563315636944 1.82577577722259 1.19161380454898 1.68472707923502 1.2779548864346 1.2032774258405 1.7088898383081 1.94490313017741 0 0.999097278341651 1.76961186109111 1.14220215030946 1.44424620759673 0.978702201740816 1.62427457608283 1.32473301235586 1.92712586279958 1.77118586725555 1.58217090042308 1.38618934736587 1.35285829473287 1.59769846522249 1.03812868241221
1.47579095605761 1.75393889565021 1.64201696193777 1.47505032247864 1.90298477374017 1.13728670077398 1.08329654484987 1.36806763289496 1.11879088031128 1.16284263692796 1.47851229575463 1.43043910292909 1.10569913918152 1.54220120212995 1.106681013247 0.999097278341651 0 1.42121928068809 1.54161089030094 1.44347380241379 1.66060619009659 1.9193472599145 1.88920452585444 1.30212751706131 1.87101453426294 1.09602365503088 1.19044280890375 1.95497065922245 1.09229858429171 1.07046722853556
1.84454506495968 1.24741048109718 1.53971172356978 1.25415502279066 1.00853809714317 1.65370196220465 1.52187255513854 1.00606938893907 1.51154746720567 1.18726825946942 1.58452057815157 1.50674076518044 1.90786923468113 1.11912949732505 1.72961520566605 1.76961186109111 1.42121928068809 0 1.06651391717605 1.04023278038949 1.65646049496718 1.89242870383896 1.01429232046939 1.83360162586905 1.79024392575957 1.78225534455851 1.011786097195 1.2605470593553 1.79395571374334 1.85717559722252
1.87417835090309 1.33848168700933 1.29759778850712 1.38853104016744 1.62382945604622 1.342688344419 1.05916609428823 1.24461463163607 1.78825147333555 1.5949131581001 1.11401437059976 1.75688561657444 1.27509436989203 1.48021039180458 1.14189943671227 1.14220215030946 1.54161089030094 1.06651391717605 0 1.20515032648109 1.55926700169221 1.01333748013712 1.90815955144353 1.28758705104701 1.61463906569406 1.45469714305364 1.19297772226855 1.27238835487515 1.37901168130338 1.17799501609989
1.07736030686647 1.94725772785023 1.19441263750196 1.34098723740317 1.77188941393979 1.73889694456011 1.21516593219712 1.32112997956574 1.29767025145702 1.93363113934174 1.14789789379574 1.20731151476502 1.94502418558113 1.84325384837575 1.2310637908522 1.44424620759673 1.44347380241379 1.04023278038949 1.20515032648109 0 0.981862121727318 1.03417208883911 1.05390845658258 1.35222243494354 1.62864753580652 1.79580692667514 1.20810093218461 1.25548391509801 1.93856876553036 1.07343799993396
1.0204434832558 1.02121478132904 1.10647062514909 1.61826094938442 1.49754386208951 1.30774862458929 1.18129006098025 1.07185537624173 1.49260825966485 1.00304901460186 1.21598109928891 1.57170842913911 1.30511696822941 1.32236084132455 0.966200928436592 0.978702201740816 1.66060619009659 1.65646049496718 1.55926700169221 0.981862121727318 0 1.85004626400769 1.77909889328294 1.05620522820391 0.972891010111198 1.9135637646541 1.23467558971606 1.12092886050232 1.34641751716845 1.6243680161424
1.10752575471997 1.51162559888326 1.91433278704062 1.43535445141606 1.2374235491734 1.54398543923162 1.79921583645046 1.55926056485623 1.92419180087745 1.40939623070881 1.59153992310166 1.59443806880154 1.01147648622282 1.20820738491602 1.05622630077414 1.62427457608283 1.9193472599145 1.89242870383896 1.01333748013712 1.03417208883911 1.85004626400769 0 1.23543271794915 1.75331195630133 1.65330381155945 1.9091929430142 1.83096065372229 1.33640920766629 1.19677701592445 1.47229219228029
1.68037376529537 1.53973703458905 0.982548881322145 1.5192881366238 1.30618052952923 1.31921495334245 1.22301790793426 1.29914786014706 1.69278289284557 1.05610068654642 1.75611336156726 1.28079036134295 1.31100327917375 1.52425951883197 1.24398314603604 1.32473301235586 1.88920452585444 1.01429232046939 1.90815955144353 1.05390845658258 1.77909889328294 1.23543271794915 0 1.7848266614601 1.90552772558294 1.60604348685592 1.64592893375084 1.15263985516503 1.62915564724244 1.91198226390406
1.93229047278874 1.02880435390398 1.69169480283745 1.07141924719326 1.61073370883241 1.57108230004087 1.64022978185676 1.8202263598796 1.79642983782105 1.85625216388144 1.6462771424558 1.65796411060728 1.23997127381153 1.12800892139785 1.23626109887846 1.92712586279958 1.30212751706131 1.83360162586905 1.28758705104701 1.35222243494354 1.05620522820391 1.75331195630133 1.7848266614601 0 1.87468259059824 1.77385623380542 1.4137572387699 1.47544016200118 1.08381138532422 1.80266854236834
1.70751044526696 1.77092503546737 1.10625800606795 1.83521433384158 1.41059299139306 1.30813575023785 1.10053645446897 1.24300598865375 1.57532436517067 1.67677294136956 1.41407846705988 1.90887262974866 1.72642903751694 1.92239808081649 0.97669531032443 1.77118586725555 1.87101453426294 1.79024392575957 1.61463906569406 1.62864753580652 0.972891010111198 1.65330381155945 1.90552772558294 1.87468259059824 0 1.30656761140563 1.60201645223424 1.88487583748065 1.42858211859129 1.07194723794237
1.36602208856493 1.67511461931281 1.12516396748833 1.70761031354778 1.59977489197627 0.972054552286863 0.958038377808407 1.86841010604985 0.96330857439898 1.14633684186265 1.5251534585841 1.42999507207423 1.47498673037626 1.88461139588617 1.35462449374609 1.58217090042308 1.09602365503088 1.78225534455851 1.45469714305364 1.79580692667514 1.9135637646541 1.9091929430142 1.60604348685592 1.77385623380542 1.30656761140563 0 1.47273039142601 1.65835788636468 1.5261002543848 1.91338853328489
1.0376385175623 1.02222155104391 1.88720958656631 1.36909007746726 1.42390355211683 1.21377055463381 1.3504659270402 1.28874726686627 1.5807108161971 1.79436844144948 1.78022533282638 1.80963453324512 1.55275387782604 1.61454572924413 1.11147613311186 1.38618934736587 1.19044280890375 1.011786097195 1.19297772226855 1.20810093218461 1.23467558971606 1.83096065372229 1.64592893375084 1.4137572387699 1.60201645223424 1.47273039142601 0 1.22756959311664 1.4685050167609 1.19520391756669
1.65992509084754 1.48774001677521 1.04324602824636 1.85126192262396 1.17386812972836 1.18713947734796 1.86371909454465 1.36860062438063 1.30835522641428 1.56528304005042 1.43290063389577 1.63536878442392 1.21364390221424 1.17964143957943 1.29834013292566 1.35285829473287 1.95497065922245 1.2605470593553 1.27238835487515 1.25548391509801 1.12092886050232 1.33640920766629 1.15263985516503 1.47544016200118 1.88487583748065 1.65835788636468 1.22756959311664 0 1.32912305975333 1.46034462470561
1.59733661962673 1.13791804155335 1.76193337165751 1.28724645264447 1.07976594846696 1.30214844155125 1.80039857304655 1.11184426513501 1.03673861036077 1.28100424376316 1.76924924971536 1.47721743001603 1.32654184917919 1.38818559097126 0.988743257708848 1.59769846522249 1.09229858429171 1.79395571374334 1.37901168130338 1.93856876553036 1.34641751716845 1.19677701592445 1.62915564724244 1.08381138532422 1.42858211859129 1.5261002543848 1.4685050167609 1.32912305975333 0 1.69930403144099
1.45533410436474 1.73425380163826 1.37343074008822 1.25557375326753 1.77259243023582 1.61008407734334 1.72529264446348 1.34415664360859 1.4042005687952 1.55810723803006 1.14378365851007 1.84662504401058 1.19181735441089 1.46528343600221 1.09615638805553 1.03812868241221 1.07046722853556 1.85717559722252 1.17799501609989 1.07343799993396 1.6243680161424 1.47229219228029 1.91198226390406 1.80266854236834 1.07194723794237 1.91338853328489 1.19520391756669 1.46034462470561 1.69930403144099 0
