0 1.61017159419134 1.01207228237763 1.79884913517162 1.81555000157095 1.65373945469037 1.79516417556442 0.909189020749182 1.60425030766055 1.31062437850051 0.955640858272091 1.77333768387325 1.35044238879345 1.10989651223645 1.25861591589637 1.29390673479065 1.44388971570879 1.77728119702078 1.68152190814726 1.48439488979056 1.11105425609276 1.68511992739514 1.5126072501298 1.1636052725371 1.33356938720681 1.5656141762156 1.23222558596171 1.82031414657831 1.14849863131531 1.47692935611121
1.61017159419134 0 1.89634027169086 1.50203570839949 1.13719049864449 1.75511702941731 1.00016770255752 1.17368920845911 1.09416865138337 1.46864798455499 1.64341847109608 1.01304131490178 1.09833926870488 1.19918733206578 1.44407277624123 1.69685824774206 1.78103038948029 1.42283743130974 1.58106904057786 1.41583446157165 1.36333317938261 1.52203861204907 1.15363888489082 1.6565533624962 1.34877688763663 1.16151674208231 1.70552980503999 1.60225756373256 1.14964358555153 1.63234816794284
1.01207228237763 1.89634027169086 0 1.79429750540294 1.04671274172142 1.08830750198103 1.22971315518953 1.76110204332508 0.936225796118379 1.17112852958962 1.72471976093948 1.25364068523049 1.47384999343194 1.45579202915542 1.55624578543939 1.5510129169561 1.55977461161092 1.09303232491948 1.76200223178603 1.7920927554369 1.08891232451424 1.42036423110403 1.32476664613932 1.40182332671247 0.970952659845352 1.89755479595624 1.32730433205143 0.999512859154493 1.54628478898667 1.32108009583317
1.79884913517162 1.50203570839949 1.79429750540294 0 1.86861141654663 0.991166968597099 1.63680934114382 0.929420283064246 0.916325030382723 1.24459013785236 1.22866813698784 0.983293465105817 1.48575520818122 1.4039639015682 1.79220824223012 1.10563187836669 1.12207120656967 1.87632679590024 1.68809717078693 1.77817922621034 1.03236381709576 1.66951335780323 1.61383043369278 1.55488560697995 1.14792598527856 1.41852754820138 1.89098127442412 1.21926362346858 1.15927150915377 1.65560740954243
1.81555000157095 1.13719049864449 1.04671274172142 1.86861141654663 0 1.35403786716051 1.16172275436111 1.86723934137262 1.07408534386195 1.03241571993567 1.65452732890844 1.01989186485298 1.22546927630901 1.88944902736694 1.5294311447069 1.0192116224207 1.35472755855881 1.8397299752105 1.72529096971266 1.45435850834474 1.74900107993744 1.50432147481479 1.67467858828604 1.2997697100509 1.81041480181739 1.1260913927108 1.0837968068663 1.34827665402554 1.22416374832392 1.90503083332442
1.65373945469037 1.75511702941731 1.08830750198103 0.991166968597099 1.35403786716051 0 1.67868053400889 1.01290638209321 0.960849987110123 1.10686895577237 0.953409293200821 1.1862365428824 1.24464323697612 1.90451673348434 1.32217351859435 1.78294672281481 1.85546834813431 1.22747091134079 1.21924295835197 1.8066845452413 1.49798231269233 0.918156850617379 1.55846733716317 1.58098480082117 0.960443785181269 1.52904905122705 1.28871375415474 1.21307365503162 1.62689446168952 1.53102406533435
1.79516417556442 1.00016770255752 1.22971315518953 1.63680934114382 1.16172275436111 1.67868053400889 0 1.17165396292694 0.981280166655779 1.22697371034883 1.89879818935879 1.59101916546933 1.15142399910837 1.57736074598506 1.17568363645114 1.61352570122108 0.971030150307342 1.8428710186854 1.25822434504516 1.47406818903983 1.23177522653714 0.961561175063252 1.2662720666267 1.55706647061743 1.05290097068064 1.2931520130951 1.89171952917241 1.83444476081058 1.82675403915346 1.4410514163319
0.909189020749182 1.17368920845911 1.76110204332508 0.929420283064246 1.86723934137262 1.01290638209321 1.17165396292694 0 0.97640843456611 1.78529350552708 1.49175060214475 1.22717215539888 1.4264207764063 0.93842013948597 0.935600401600823 1.7172772330232 1.4754706134554 1.89283389900811 1.52150319237262 1.38051121425815 0.987821432529017 1.19268554099835 1.43988761957735 1.03500528680161 1.17665854888037 1.46134828100912 0.975768176373094 1.22727908403613 1.20106845954433 1.83189922943711
1.60425030766055 1.09416865138337 0.936225796118379 0.916325030382723 1.07408534386195 0.960849987110123 0.981280166655779 0.97640843456611 0 1.22594024427235 1.78980017616414 1.37930809310637 1.08798584714532 1.23698350694031 1.28500165767036 1.31315103312954 1.84472676413134 1.82705328520387 1.35483989561908 1.35105546470731 1.34255624981597 1.86710838391446 1.86540411761962 1.27782370545901 1.52124692080542 1.16548615414649 0.974656244041398 1.41327009466477 1.6153069648426 1.35597313614562
1.31062437850051 1.46864798455499 1.17112852958962 1.24459013785236 1.03241571993567 1.10686895577237 1.22697371034883 1.78529350552708 1.22594024427235 0 1.40433837892488 1.66124641825445 1.49452966009267 1.45727142808028 1.85327030764893 1.54897192120552 1.79253307543695 1.28353476151824 1.25895379926078 1.48514126962982 1.2316981323529 1.67658755276352 1.40773673076183 1.24024171591736 1.45547020388767 1.33412633603439 1.66191409993917 0.955416276585311 1.69156064232811 0.922856817021966
0.955640858272091 1.64341847109608 1.72471976093948 1.22866813698784 1.65452732890844 0.953409293200821 1.89879818935879 1.49175060214475 1.78980017616414 1.40433837892488 0 1.82110000308603 1.10055575170554 1.30390158714727 0.907395313261077 1.1166754916776 1.12263124017045 1.48331733862869 1.55120192351751 1.18186278128996 1.13174153398722 1.33363277558237 1.00596619374119 1.20626123878174 1.04475730611011 1.74911004281603 1.28852233034559 1.0174658454489 1.50386577192694 1.10535293980502
1.77333768387325 1.01304131490178 1.25364068523049 0.983293465105817 1.01989186485298 1.1862365428824 1.59101916546933 1.22717215539888 1.37930809310637 1.66124641825445 1.82110000308603 0 1.09411563817412 1.56237577297725 1.46947371028364 1.25019226130098 0.918619957985356 1.86541061266325 1.34478940139525 1.25964726810344 1.27071746252477 1.38487840420566 1.27199268783443 1.67852341337129 1.3783213107381 0.944560755742714 1.5280221872963 1.65369291044772 1.19103149627335 1.16666469955817
1.35044238879345 1.09833926870488 1.47384999343194 1.48575520818122 1.22546927630901 1.24464323697612 1.15142399910837 1.4264207764063 1.08798584714532 1.49452966009267 1.10055575170554 1.09411563817412 0 1.61187074286863 0.917853963095695 1.56255003553815 1.60169874457642 1.89498548954725 0.996389305451885 1.89349388657138 1.72030531871133 1.69236228149384 1.90100823412649 1.31851481413469 1.73621638072655 1.52971343020909 1.02347430121154 1.07377548003569 1.14029113971628 1.39717283565551
1.10989651223645 1.19918733206578 1.45579202915542 1.4039639015682 1.88944902736694 1.90451673348434 1.57736074598506 0.93842013948597 1.23698350694031 1.45727142808028 1.30390158714727 1.56237577297725 1.61187074286863 0 1.12301504705101 1.37397118238732 0.947823908412829 1.37716833734885 1.22440269030631 1.04016393399797 1.5391398225911 1.08283182815649 1.86583898798563 1.00819516205229 1.11715345503762 1.00562910083681 0.941567285684869 1.57112708105706 1.11177658778615 1.03150471183471
1.25861591589637 1.44407277624123 1.55624578543939 1.79220824223012 1.5294311447069 1.32217351859435 1.17568363645114 0.935600401600823 1.28500165767036 1.85327030764893 0.907395313261077 1.46947371028364 0.917853963095695 1.12301504705101 0 1.11559895775281 1.75426782295108 1.85001482791267 1.04107087780721 1.05280807148665 1.34124826616608 1.05125627829693 1.65501445136033 1.7138288768474 1.49083606200293 1.29259408311918 1.34468392771669 1.50887151109055 0.960770925506949 1.75925450678915
1.29390673479065 1.69685824774206 1.5510129169561 1.10563187836669 1.0192116224207 1.78294672281481 1.61352570122108 1.7172772330232 1.31315103312954 1.54897192120552 1.1166754916776 1.25019226130098 1.56255003553815 1.37397118238732 1.11559895775281 0 1.56839784630574 1.83839836227708 1.18231634772383 1.53630331321619 1.38908259896562 1.64177857642062 1.04403537348844 0.943734903819859 1.1803791152779 1.28267400478944 1.64241418638267 1.15450508426875 1.30231956741773 1.13615366187878
1.44388971570879 1.78103038948029 1.55977461161092 1.12207120656967 1.35472755855881 1.85546834813431 0.971030150307342 1.4754706134554 1.84472676413134 1.79253307543695 1.12263124017045 0.918619957985356 1.60169874457642 0.947823908412829 1.75426782295108 1.56839784630574 0 1.32232903013937 1.65842531993985 1.42877664812841 1.74538475670852 1.02496918826364 0.94341672048904 1.09046418173239 1.17257185815834 1.08426618017256 1.72294197464362 1.07847964740358 1.70598085783422 1.31767901242711
1.77728119702078 1.42283743130974 1.09303232491948 1.87632679590024 1.8397299752105 1.22747091134079 1.8428710186854 1.89283389900811 1.82705328520387 1.28353476151824 1.48331733862869 1.86541061266325 1.89498548954725 1.37716833734885 1.85001482791267 1.83839836227708 1.32232903013937 0 1.25900344969705 1.82678774558008 1.61108095408417 1.17911551962607 1.58968556695618 1.18646491598338 0.991699274629354 1.69435826479457 1.58302059909329 1.85452002543025 1.66463764174841 1.04475805466063
1.68152190814726 1.58106904057786 1.76200223178603 1.68809717078693 1.72529096971266 1.21924295835197 1.25822434504516 1.52150319237262 1.35483989561908 1.25895379926078 1.55120192351751 1.34478940139525 0.996389305451885 1.22440269030631 1.04107087780721 1.18231634772383 1.65842531993985 1.25900344969705 0 0.927194012096152 1.62717920495197 1.64520772616379 1.2272236472927 1.82975750183687 1.68291596113704 1.04159717983566 1.04648891277611 1.86972862365656 1.66696074604988 1.88421953213401
1.48439488979056 1.41583446157165 1.7920927554369 1.77817922621034 1.45435850834474 1.8066845452413 1.47406818903983 1.38051121425815 1.35105546470731 1.48514126962982 1.18186278128996 1.25964726810344 1.89349388657138 1.04016393399797 1.05280807148665 1.53630331321619 1.42877664812841 1.82678774558008 0.927194012096152 0 1.77096650446765 1.52000696840696 1.81247903336771 1.33818988269195 1.76326627354138 1.19627674715593 0.962104463251308 1.05774480174296 1.05098833912052 1.86268139909953
1.11105425609276 1.36333317938261 1.08891232451424 1.03236381709576 1.74900107993744 1.49798231269233 1.23177522653714 0.987821432529017 1.34255624981597 1.2316981323529 1.13174153398722 1.27071746252477 1.72030531871133 1.5391398225911 1.34124826616608 1.38908259896562 1.74538475670852 1.61108095408417 1.62717920495197 1.77096650446765 0 1.90590368327685 1.30521746352315 1.08188317273743 1.28773098671809 1.47533501614816 1.84528776048683 1.73900877451524 1.083745312877 1.11317067220807
1.68511992739514 1.52203861204907 1.42036423110403 1.66951335780323 1.50432147481479 0.918156850617379 0.961561175063252 1.19268554099835 1.86710838391446 1.67658755276352 1.33363277558237 1.38487840420566 1.69236228149384 1.08283182815649 1.05125627829693 1.64177857642062 1.02496918826364 1.17911551962607 1.64520772616379 1.52000696840696 1.90590368327685 0 1.72451855801046 1.5969422578346 0.972732736030594 1.0800038704183 0.965771656017751 1.0752588766627 0.959195809438825 0.969282750040293
1.5126072501298 1.15363888489082 1.32476664613932 1.61383043369278 1.67467858828604 1.55846733716317 1.2662720666267 1.43988761957735 1.86540411761962 1.40773673076183 1.00596619374119 1.27199268783443 1.90100823412649 1.86583898798563 1.65501445136033 1.04403537348844 0.94341672048904 1.58968556695618 1.2272236472927 1.81247903336771 1.30521746352315 1.72451855801046 0 1.83129792124964 1.73776037245989 1.34411919349805 1.73203851655126 0.933249554829672 1.58292937558144 1.14378731697798
1.1636052725371 1.6565533624962 1.40182332671247 1.55488560697995 1.2997697100509 1.58098480082117 1.55706647061743 1.03500528680161 1.27782370545901 1.24024171591736 1.20626123878174 1.67852341337129 1.31851481413469 1.00819516205229 1.7138288768474 0.943734903819859 1.09046418173239 1.18646491598338 1.82975750183687 1.33818988269195 1.08188317273743 1.5969422578346 1.83129792124964 0 1.48979468597099 1.26899464218877 1.53854879061691 1.61427756096236 1.8835219363682 1.32206491148099
1.33356938720681 1.34877688763663 0.970952659845352 1.14792598527856 1.81041480181739 0.960443785181269 1.05290097068064 1.17665854888037 1.52124692080542 1.45547020388767 1.04475730611011 1.3783213107381 1.73621638072655 1.11715345503762 1.49083606200293 1.1803791152779 1.17257185815834 0.991699274629354 1.68291596113704 1.76326627354138 1.28773098671809 0.972732736030594 1.73776037245989 1.48979468597099 0 1.89715049811639 1.39143917011097 1.28294390812516 1.39409134350717 1.46228911704384
1.5656141762156 1.16151674208231 1.89755479595624 1.41852754820138 1.1260913927108 1.52904905122705 1.2931520130951 1.46134828100912 1.16548615414649 1.33412633603439 1.74911004281603 0.944560755742714 1.52971343020909 1.00562910083681 1.29259408311918 1.28267400478944 1.08426618017256 1.69435826479457 1.04159717983566 1.19627674715593 1.47533501614816 1.0800038704183 1.34411919349805 1.26899464218877 1.89715049811639 0 1.61220117751509 1.74506748863496 0.93175244750455 1.69050945132039
1.23222558596171 1.70552980503999 1.32730433205143 1.89098127442412 1.0837968068663 1.28871375415474 1.89171952917241 0.975768176373094 0.974656244041398 1.66191409993917 1.28852233034559 1.5280221872963 1.02347430121154 0.941567285684869 1.34468392771669 1.64241418638267 1.72294197464362 1.58302059909329 1.04648891277611 0.962104463251308 1.84528776048683 0.965771656017751 1.73203851655126 1.53854879061691 1.39143917011097 1.61220117751509 0 1.48797785653733 1.83790182252415 0.96103691146709
1.82031414657831 1.60225756373256 0.999512859154493 1.21926362346858 1.34827665402554 1.21307365503162 1.83444476081058 1.22727908403613 1.41327009466477 0.955416276585311 1.0174658454489 1.65369291044772 1.07377548003569 1.57112708105706 1.50887151109055 1.15450508426875 1.07847964740358 1.85452002543025 1.86972862365656 1.05774480174296 1.73900877451524 1.0752588766627 0.933249554829672 1.61427756096236 1.28294390812516 1.74506748863496 1.48797785653733 0 0.998785543721169 1.18501691590063
1.14849863131531 1.14964358555153 1.54628478898667 1.15927150915377 1.22416374832392 1.62689446168952 1.82675403915346 1.20106845954433 1.6153069648426 1.69156064232811 1.50386577192694 1.19103149627335 1.14029113971628 1.11177658778615 0.960770925506949 1.30231956741773 1.70598085783422 1.66463764174841 1.66696074604988 1.05098833912052 1.083745312877 0.959195809438825 1.58292937558144 1.8835219363682 1.39409134350717 0.93175244750455 1.83790182252415 0.998785543721169 0 1.06713370396756
1.47692935611121 1.63234816794284 1.32108009583317 1.65560740954243 1.90503083332442 1.53102406533435 1.4410514163319 1.83189922943711 1.35597313614562 0.922856817021966 1.10535293980502 1.16666469955817 1.39717283565551 1.03150471183471 1.75925450678915 1.13615366187878 1.31767901242711 1.04475805466063 1.88421953213401 1.86268139909953 1.11317067220807 0.969282750040293 1.14378731697798 1.32206491148099 1.46228911704384 1.69050945132039 0.96103691146709 1.18501691590063 1.06713370396756 0
