0 1.02180908783339 1.83742844662629 1.56191734084859 1.81088741333224 1.52252572588623 1.09646303043701 1.45358819235116 1.82592684379779 0.960858173901215 1.85825426899828 1.19029219239019 1.69578650477342 1.40704362024553 1.00218482292257 1.48377283848822 1.6690702715423 1.622427433962 1.16316382517107 1.35418353346176 1.13198311557062 1.8544432381168 1.17582895699888 1.35020323446952 0.973126895492896 1.65177846886218 1.46504748682491 1.57513639284298 1.26024858304299 1.11803616629913
1.02180908783339 0 1.84636789187789 1.69603511062451 1.60853665042669 1.85712904110551 1.77348131802864 1.49789712647907 1.07744607119821 1.20898466114886 1.74891537288204 1.37030571419746 1.3438362502493 1.51080423011445 1.85446987929754 1.29993863217533 1.57276047999039 1.24822784448043 1.53905468597077 1.16734577645548 1.94605156453326 1.15653294697404 1.52162960032001 1.1317582144402 1.7993011882063 1.91057736519724 1.39563847589307 1.80318571836688 1.51569225429557 1.82742334366776
1.83742844662629 1.84636789187789 0 1.8966863618698 1.58697080146521 1.71701540821232 1.80741321388632 1.1291674929671 1.27345247380435 1.48218187736347 1.91243960126303 1.73482099710964 1.73634104058146 1.62669445667416 1.02431783569045 1.26925855292939 1.86278424668126 1.53409370058216 1.83727743127383 1.42678067251109 1.72293410799466 1.36864784895442 1.21392141515389 1.78499951795675 1.46738561149687 1.67103583621792 1.09837831696495 1.07494581979699 1.66218390315771 1.63990026596002
1.56191734084859 1.69603511062451 1.8966863618698 0 1.47109801042825 1.94653940224089 1.18909926875494 1.15391789167188 1.34974837186746 1.40282255993225 1.32764425710775 1.6783389900811 1.20627031871118 1.08932728436776 1.45292613073252 1.91105711553246 1.49293897976168 1.56452261726372 1.22845817590132 1.77854065340944 1.89640773250721 1.11296071810648 1.55897693731822 1.21027761604637 1.66577770514414 1.56630666786805 1.08693566150032 1.71011118288152 1.50714078894816 1.19083451293409
1.81088741333224 1.60853665042669 1.58697080146521 1.47109801042825 0 1.55085841100663 1.76598966214806 1.91461142408662 1.87548168725334 1.85822039237246 1.64002208947204 1.01749229291454 1.81114342412911 1.44786990969442 1.5547869016882 1.24989807931706 1.53148519108072 1.19297245377675 1.42659572931007 1.44273986294866 1.62664717133157 1.12530699954368 1.00124409073032 1.10248156543821 1.39771186676808 1.85506505449302 1.90501359663904 1.19040812156163 1.14098713640124 1.52792101842351
1.52252572588623 1.85712904110551 1.71701540821232 1.94653940224089 1.55085841100663 0 1.45910904859193 0.989664322230965 0.999705859925598 1.86694208998233 1.48770850943401 1.76761819352396 1.57965176133439 1.46227116254158 1.12911579129286 1.46496917656623 1.49737608805299 1.20816692640074 1.00440993229859 1.34841087134555 1.03051774017513 1.92486001830548 1.94903646782041 1.79539275914431 1.02794462954625 1.1785992316436 1.31663952581584 1.54581574792974 1.54164220881648 1.63564419164322
1.09646303043701 1.77348131802864 1.80741321388632 1.18909926875494 1.76598966214806 1.45910904859193 0 1.85989635949954 1.91865315847099 1.82507478189655 1.37250240822323 1.81980469776317 1.70055334363133 1.29210858861916 1.90049293404445 1.65930026303977 1.43170778779313 1.85524112056009 1.112925123889 1.70731928269379 1.18278442230076 1.95276218024082 1.06754758977331 1.74102368624881 1.3825044662226 1.33614061283879 1.34173567336984 1.3685602734331 1.81285554054193 1.04141440638341
1.45358819235116 1.49789712647907 1.1291674929671 1.15391789167188 1.91461142408662 0.989664322230965 1.85989635949954 0 1.33917847089469 1.39073140919209 1.72907880111597 1.74061071965843 1.40473299333826 1.36173953930847 1.82532409904525 1.0829876200296 0.982874211622402 1.69530267873779 1.61300501413643 1.43432072293945 1.30889029521495 1.21805210830644 1.6235048759263 0.9807272949256 1.42495258664712 1.21905413246714 1.94758179923519 1.80531231453642 0.988739659776911 1.42712091840804
1.82592684379779 1.07744607119821 1.27345247380435 1.34974837186746 1.87548168725334 0.999705859925598 1.91865315847099 1.33917847089469 0 1.06994790886529 1.2593656484969 1.51022519706748 1.36520013166592 1.72928250790574 1.8843544232659 1.91553075169213 1.7993548985105 1.37718914914876 1.62247142591514 1.6694574856665 1.92169612483121 1.30092714121565 1.93311096983962 1.43987919180654 1.66452110907994 1.18152998853475 1.68688748078421 1.30272671859711 1.19246393302456 1.44872137974016
0.960858173901215 1.20898466114886 1.48218187736347 1.40282255993225 1.85822039237246 1.86694208998233 1.82507478189655 1.39073140919209 1.06994790886529 0 1.89071630057879 1.65176639845595 1.19375829049386 1.70701006357558 1.06809496483766 0.974585806485265 1.13307713554241 1.4132469096221 1.04805310466327 1.8340712627396 1.06285245972686 1.57491428102367 1.30611057579517 1.39539226819761 1.47179091582075 0.98215123731643 1.45373216224834 1.09352082503028 0.971035831607878 1.70699727977626
1.85825426899828 1.74891537288204 1.91243960126303 1.32764425710775 1.64002208947204 1.48770850943401 1.37250240822323 1.72907880111597 1.2593656484969 1.89071630057879 0 1.43915891065262 0.979134228546172 1.89925680519082 1.76322346949019 1.22488395008259 1.50792481051758 1.81870793388225 1.75803626375273 1.42771346936934 1.59868781547993 1.35200724797323 1.2841530921869 0.965272574918345 1.19716929923743 1.91560412594117 1.2102917637676 1.69067775527947 1.71924190875143 1.06909097265452
1.19029219239019 1.37030571419746 1.73482099710964 1.6783389900811 1.01749229291454 1.76761819352396 1.81980469776317 1.74061071965843 1.51022519706748 1.65176639845595 1.43915891065262 0 1.37387116905302 1.82138484693132 1.04074355051853 1.56146801635623 1.20505175366998 1.16452415380627 1.92174932197668 1.87665183865465 0.974471092456952 1.21932914783247 1.20862020389177 1.63516616192646 1.23478649160825 1.68889414635487 1.68040119949728 1.8547231471166 1.60111574502662 1.68447034806013
1.69578650477342 1.3438362502493 1.73634104058146 1.20627031871118 1.81114342412911 1.57965176133439 1.70055334363133 1.40473299333826 1.36520013166592 1.19375829049386 0.979134228546172 1.37387116905302 0 0.966118973214179 1.14879719959572 1.88413336174563 1.34385594725609 1.06976588303223 1.05840127216652 1.88959446409717 1.55351130547933 1.51886442792602 1.80017562885769 1.30731694865972 1.04595625237562 1.6796387238428 1.95109630399384 1.22745060734451 1.76018209685571 1.63248583511449
1.40704362024553 1.51080423011445 1.62669445667416 1.08932728436776 1.44786990969442 1.46227116254158 1.29210858861916 1.36173953930847 1.72928250790574 1.70701006357558 1.89925680519082 1.82138484693132 0.966118973214179 0 1.00335466070101 1.36597645631991 1.15870810253546 1.20425017876551 1.60114399972372 1.05740709952079 1.0924767870456 1.02894465508871 1.94845458958298 1.03081037476659 1.66266241064295 1.28017917904072 0.984977330779657 1.18142987112515 1.5262555081863 1.77270174236037
1.00218482292257 1.85446987929754 1.02431783569045 1.45292613073252 1.5547869016882 1.12911579129286 1.90049293404445 1.82532409904525 1.8843544232659 1.06809496483766 1.76322346949019 1.04074355051853 1.14879719959572 1.00335466070101 0 1.35239266697317 1.01476634689607 1.30940012168139 1.72424838668667 1.22565819672309 1.91422889288515 1.4261279150378 1.78987241722643 1.73324895394035 1.10683901212178 1.45705206529237 1.15990264737047 1.63191528688185 0.977058535441756 1.59539732825942
1.48377283848822 1.29993863217533 1.26925855292939 1.91105711553246 1.24989807931706 1.46496917656623 1.65930026303977 1.0829876200296 1.91553075169213 0.974585806485265 1.22488395008259 1.56146801635623 1.88413336174563 1.36597645631991 1.35239266697317 0 1.33462489256635 1.82115511945449 1.48323419503868 1.30400661751628 1.15671146451496 1.55198045237921 1.79966903221793 1.69225403480232 1.59024324594066 1.06597600528039 1.27837584470399 1.17537462501787 1.57462467066944 1.18232652801089
1.6690702715423 1.57276047999039 1.86278424668126 1.49293897976168 1.53148519108072 1.49737608805299 1.43170778779313 0.982874211622402 1.7993548985105 1.13307713554241 1.50792481051758 1.20505175366998 1.34385594725609 1.15870810253546 1.01476634689607 1.33462489256635 0 1.77562455972657 1.50286907562986 1.08516131481156 1.91786594223231 1.48876513913274 1.27132181823254 1.47018750314601 1.80486148712225 0.9869170980528 1.73602262814529 1.5866620587185 1.63265514723025 1.26105145108886
1.622427433962 1.24822784448043 1.53409370058216 1.56452261726372 1.19297245377675 1.20816692640074 1.85524112056009 1.69530267873779 1.37718914914876 1.4132469096221 1.81870793388225 1.16452415380627 1.06976588303223 1.20425017876551 1.30940012168139 1.82115511945449 1.77562455972657 0 1.11239065602422 1.72357193636708 1.45436678640544 1.63231558748521 1.88407957879826 1.39486555475742 1.6061482236255 1.51548945438117 1.50023995013908 1.6488162826281 1.75990209984593 1.80548532865942
1.16316382517107 1.53905468597077 1.83727743127383 1.22845817590132 1.42659572931007 1.00440993229859 1.112925123889 1.61300501413643 1.62247142591514 1.04805310466327 1.75803626375273 1.92174932197668 1.05840127216652 1.60114399972372 1.72424838668667 1.48323419503868 1.50286907562986 1.11239065602422 0 1.76724579976872 1.42270417325199 1.18889809772372 1.55100727989338 1.88500238349661 1.25698694144376 1.26772223552689 1.42810978135094 1.00035950029269 1.05289736995474 1.39927685423754
1.35418353346176 1.16734577645548 1.42678067251109 1.77854065340944 1.44273986294866 1.34841087134555 1.70731928269379 1.43432072293945 1.6694574856665 1.8340712627396 1.42771346936934 1.87665183865465 1.88959446409717 1.05740709952079 1.22565819672309 1.30400661751628 1.08516131481156 1.72357193636708 1.76724579976872 0 1.80936996638775 1.52831274387427 1.20250927750021 1.77838331111707 1.76732924766839 1.49293458717875 1.82707933266647 1.39968617632985 1.50405735941604 1.02970332140103
1.13198311557062 1.94605156453326 1.72293410799466 1.89640773250721 1.62664717133157 1.03051774017513 1.18278442230076 1.30889029521495 1.92169612483121 1.06285245972686 1.59868781547993 0.974471092456952 1.55351130547933 1.0924767870456 1.91422889288515 1.15671146451496 1.91786594223231 1.45436678640544 1.42270417325199 1.80936996638775 0 1.33499289490283 1.55598464258946 1.88914264691994 1.93815334234387 1.42671687621623 1.57851713965647 1.78174107056111 1.39275785512291 1.34516791347414
1.8544432381168 1.15653294697404 1.36864784895442 1.11296071810648 1.12530699954368 1.92486001830548 1.95276218024082 1.21805210830644 1.30092714121565 1.57491428102367 1.35200724797323 1.21932914783247 1.51886442792602 1.02894465508871 1.4261279150378 1.55198045237921 1.48876513913274 1.63231558748521 1.18889809772372 1.52831274387427 1.33499289490283 0 1.84967452357523 1.48731183446944 1.59167764289305 1.85545038455166 1.50040127546526 1.13485947321169 1.36204585037194 1.52249089535326
1.17582895699888 1.52162960032001 1.21392141515389 1.55897693731822 1.00124409073032 1.94903646782041 1.06754758977331 1.6235048759263 1.93311096983962 1.30611057579517 1.2841530921869 1.20862020389177 1.80017562885769 1.94845458958298 1.78987241722643 1.79966903221793 1.27132181823254 1.88407957879826 1.55100727989338 1.20250927750021 1.55598464258946 1.84967452357523 0 1.31204023817554 1.7300290716812 1.66906969621778 1.19109987188131 1.11196520389058 0.975432312581688 1.84294532239437
1.35020323446952 1.1317582144402 1.78499951795675 1.21027761604637 1.10248156543821 1.79539275914431 1.74102368624881 0.9807272949256 1.43987919180654 1.39539226819761 0.965272574918345 1.63516616192646 1.30731694865972 1.03081037476659 1.73324895394035 1.69225403480232 1.47018750314601 1.39486555475742 1.88500238349661 1.77838331111707 1.88914264691994 1.48731183446944 1.31204023817554 0 1.50141597446054 1.00751932826824 1.22354848100804 1.06500383839011 1.38183255796321 1.13834626413882
0.973126895492896 1.7993011882063 1.46738561149687 1.66577770514414 1.39771186676808 1.02794462954625 1.3825044662226 1.42495258664712 1.66452110907994 1.47179091582075 1.19716929923743 1.23478649160825 1.04595625237562 1.66266241064295 1.10683901212178 1.59024324594066 1.80486148712225 1.6061482236255 1.25698694144376 1.76732924766839 1.93815334234387 1.59167764289305 1.7300290716812 1.50141597446054 0 0.999122040579095 1.03375049657188 1.85321215982549 1.7898163665086 1.32917958102189
1.65177846886218 1.91057736519724 1.67103583621792 1.56630666786805 1.85506505449302 1.1785992316436 1.33614061283879 1.21905413246714 1.18152998853475 0.98215123731643 1.91560412594117 1.68889414635487 1.6796387238428 1.28017917904072 1.45705206529237 1.06597600528039 0.9869170980528 1.51548945438117 1.26772223552689 1.49293458717875 1.42671687621623 1.85545038455166 1.66906969621778 1.00751932826824 0.999122040579095 0 1.74665939365514 1.35725985351019 1.24677066202275 1.24060821952298
1.46504748682491 1.39563847589307 1.09837831696495 1.08693566150032 1.90501359663904 1.31663952581584 1.34173567336984 1.94758179923519 1.68688748078421 1.45373216224834 1.2102917637676 1.68040119949728 1.95109630399384 0.984977330779657 1.15990264737047 1.27837584470399 1.73602262814529 1.50023995013908 1.42810978135094 1.82707933266647 1.57851713965647 1.50040127546526 1.19109987188131 1.22354848100804 1.03375049657188 1.74665939365514 0 1.06250274111517 1.64195639942773 1.55797168216668
1.57513639284298 1.80318571836688 1.07494581979699 1.71011118288152 1.19040812156163 1.54581574792974 1.3685602734331 1.80531231453642 1.30272671859711 1.09352082503028 1.69067775527947 1.8547231471166 1.22745060734451 1.18142987112515 1.63191528688185 1.17537462501787 1.5866620587185 1.6488162826281 1.00035950029269 1.39968617632985 1.78174107056111 1.13485947321169 1.11196520389058 1.06500383839011 1.85321215982549 1.35725985351019 1.06250274111517 0 1.90368957724422 1.13625873019919
1.26024858304299 1.51569225429557 1.66218390315771 1.50714078894816 1.14098713640124 1.54164220881648 1.81285554054193 0.988739659776911 1.19246393302456 0.971035831607878 1.71924190875143 1.60111574502662 1.76018209685571 1.5262555081863 0.977058535441756 1.57462467066944 1.63265514723025 1.75990209984593 1.05289736995474 1.50405735941604 1.39275785512291 1.36204585037194 0.975432312581688 1.38183255796321 1.7898163665086 1.24677066202275 1.64195639942773 1.90368957724422 0 1.81802692357451
1.11803616629913 1.82742334366776 1.63990026596002 1.19083451293409 1.52792101842351 1.63564419164322 1.04141440638341 1.42712091840804 1.44872137974016 1.70699727977626 1.06909097265452 1.68447034806013 1.63248583511449 1.77270174236037 1.59539732825942 1.18232652801089 1.26105145108886 1.80548532865942 1.39927685423754 1.02970332140103 1.34516791347414 1.52249089535326 1.84294532239437 1.13834626413882 1.32917958102189 1.24060821952298 1.55797168216668 1.13625873019919 1.81802692357451 0
