0 0.99954979098402 1.91998451785184 0.995868486119434 1.82562962081283 1.70102904574014 1.67798735830002 1.13611911912449 1.49502082937397 1.4047842558939 1.61943507194519 1.7662874427624 1.2090047786478 1.150908886455 0.97537407418713 1.28306806553155 1.58232258493081 0.983972858404741 1.52574000647292 1.0221593263559 1.55427652550861 1.75714641367085 1.78900821646675 1.26721000880934 1.18076498620212 1.20856481720693 1.29290670040064 1.4236658422742 1.37095232098363 1.58150440594181
0.99954979098402 0 1.5191624511499 1.83027231693268 1.50703602028079 1.70056090410799 1.20084309205413 1.33235721662641 1.13784061768092 1.90318551962264 1.40363286575302 1.83839883678593 1.84304155153222 1.72767351358198 1.60575881996192 0.957665564492345 1.01964656473137 1.14248825935647 1.81515368865803 1.55868084146641 1.02339158672839 1.0871149180457 1.34767218702473 1.81519361073151 1.8040195426438 1.91860492038541 1.17234405199997 0.98166394745931 1.1121276547201 1.23162978282198
1.91998451785184 1.5191624511499 0 1.71204698644578 1.12438018200919 1.85845453198999 1.10219399956986 1.40665908786468 1.33230472914875 1.12804770469666 1.46034945361316 0.973392333136871 1.39496158459224 1.71028041373938 1.79952606838197 1.14973156061023 1.27607908216305 1.67759410780855 1.60896610841155 1.86447855154984 1.69970191223547 1.11270018923096 1.72818525531329 1.53661390114576 1.62558815069497 0.923971016891301 1.07425509952009 1.09146861522458 1.69606013293378 1.26247820677236
0.995868486119434 1.83027231693268 1.71204698644578 0 1.09292720793746 1.53713829722255 1.33505083504133 1.84168763109483 0.976332745281979 1.23647223971784 1.05894337617792 1.23328182171099 1.08702775114216 1.08065181062557 1.44396544364281 0.964453024091199 0.977526930626482 1.28353342646733 1.89885254646651 1.84513760101981 1.72636036295444 1.40483610983938 1.16739917569794 1.76507113059051 1.63474459387362 1.73159473575652 1.50919601158239 1.23614369076677 1.21803165972233 0.933212589705363
1.82562962081283 1.50703602028079 1.12438018200919 1.09292720793746 0 1.18558510136791 1.53820209065452 1.69917547353543 1.35248566907831 1.33094919472933 1.22961326129735 1.23557036556304 1.58727150876075 1.88087804126553 1.29009227175266 0.959043801762164 1.23195740557276 1.30851974338293 1.18546327296644 1.06408045790158 1.73173785442486 1.33934205700643 1.52562632551417 1.1923454219941 1.68691589660011 1.67971223057248 1.19463776680641 1.87481746007688 1.36091122124344 1.9209329590667
1.70102904574014 1.70056090410799 1.85845453198999 1.53713829722255 1.18558510136791 0 1.35977088613436 1.68029853259213 0.976438561920077 1.39329566108063 1.36020869482309 1.04678853298537 1.05071407184005 1.10547827649862 1.89727011090145 1.26760325720534 1.58498232136481 1.31227533682249 1.79852032312192 1.16378589300439 1.56309476564638 1.65642812219448 1.30374302319251 0.974928468232974 1.14539429172873 1.05375840771012 1.8063279055059 1.37669294048101 1.00481018889695 1.34118537721224
1.67798735830002 1.20084309205413 1.10219399956986 1.33505083504133 1.53820209065452 1.35977088613436 0 1.31959632202052 1.1709204078652 1.00333934882656 1.20060573145747 1.78031992330216 1.56109246588312 1.73658359865658 1.27121990267187 1.24869682313874 1.1716451253742 1.785824499093 1.38744575181045 1.48600526619703 1.14796171523631 1.31038362532854 1.67090112576261 1.50896511157043 1.64592898031697 1.648961359635 1.5996464760974 1.1020841030404 1.75078020966612 0.932765192119405
1.13611911912449 1.33235721662641 1.40665908786468 1.84168763109483 1.69917547353543 1.68029853259213 1.31959632202052 0 1.74631379242055 1.38603071728721 1.53230161801912 1.88966128602624 1.13364132121205 1.54814571514726 1.84218644164503 1.12919766642153 1.69875578768551 1.52165157953277 1.74463632726111 0.978639750508592 1.48081288370304 1.59913083096035 1.14468490821309 1.49112472473644 1.43384896498173 1.52270050090738 1.59961425769143 1.4131122934632 0.964926151791587 1.34914416330867
1.49502082937397 1.13784061768092 1.33230472914875 0.976332745281979 1.35248566907831 0.976438561920077 1.1709204078652 1.74631379242055 0 1.0233126427047 1.20844401279464 1.36693674884737 0.944090628996491 1.81795379403047 1.57147724647075 1.1381062369328 1.08381167356856 1.12106346245855 1.52721014874987 1.40605871658772 1.44357851496898 1.43318016990088 1.7857351989951 1.88739761337638 1.85879133408889 1.47070225165226 1.24609713209793 1.05037077097222 1.56170568126254 1.59319140552543
1.4047842558939 1.90318551962264 1.12804770469666 1.23647223971784 1.33094919472933 1.39329566108063 1.00333934882656 1.38603071728721 1.0233126427047 0 1.13162676943466 1.11700085899793 1.25807632226497 1.29440618888475 1.86961853597313 0.9858499977272 1.0351763847284 1.60687349271029 1.4371775558684 1.7033566259779 1.52989904140122 0.949994157999754 1.53178757848218 1.78659491729923 1.87569267046638 1.86242188303731 1.68908063299023 1.71199928596616 1.43204779573716 1.62065024767071
1.61943507194519 1.40363286575302 1.46034945361316 1.05894337617792 1.22961326129735 1.36020869482309 1.20060573145747 1.53230161801912 1.20844401279464 1.13162676943466 0 1.03596357651986 0.928926872555166 1.53415966965258 0.987458057701588 1.62161785271019 1.47970030317083 1.33196919085458 1.19640812976286 1.35980390757322 1.23223706358112 0.983337808400393 1.35517631750554 1.50753944204189 1.76885294192471 1.5388806341216 1.63704428356141 1.84543706895784 1.70429751672782 1.21461123740301
1.7662874427624 1.83839883678593 0.973392333136871 1.23328182171099 1.23557036556304 1.04678853298537 1.78031992330216 1.88966128602624 1.36693674884737 1.11700085899793 1.03596357651986 0 1.48101861844771 1.84184708097018 1.8517101961188 1.13535676314496 1.31211969652213 1.20479834848084 1.91567733022384 1.80722837615758 1.24863413814455 1.19363618153147 1.48536807554774 1.37001779233105 1.83452208526433 0.957733539165929 1.02549996972084 1.70767348608933 1.3420078442432 1.43766653351486
1.2090047786478 1.84304155153222 1.39496158459224 1.08702775114216 1.58727150876075 1.05071407184005 1.56109246588312 1.13364132121205 0.944090628996491 1.25807632226497 0.928926872555166 1.48101861844771 0 1.56616244930774 1.13746148440987 1.21791460062377 1.02579786721617 1.79445078293793 1.53672637557611 1.36937523283996 1.44397143344395 1.46256862417795 0.954699126305059 1.28865995514207 0.934334255987778 1.6715039529372 0.956592388916761 1.45101669267751 1.0438876200933 1.56058191158809
1.150908886455 1.72767351358198 1.71028041373938 1.08065181062557 1.88087804126553 1.10547827649862 1.73658359865658 1.54814571514726 1.81795379403047 1.29440618888475 1.53415966965258 1.84184708097018 1.56616244930774 0 1.31907832319848 1.50658479332924 1.1231970754452 1.24589936621487 1.82181895035319 1.21743490011431 1.12500133295543 1.88123222743161 1.08021183265373 1.12330312374979 1.13342748791911 1.68574290513061 0.967152294469997 1.49764480977319 1.34898244054057 1.88317404151894
0.97537407418713 1.60575881996192 1.79952606838197 1.44396544364281 1.29009227175266 1.89727011090145 1.27121990267187 1.84218644164503 1.57147724647075 1.86961853597313 0.987458057701588 1.8517101961188 1.13746148440987 1.31907832319848 0 0.948043175274506 1.2578603727743 1.17316325218417 1.44742302689701 1.62795704836026 1.46641127998009 1.01351953903213 1.48246172536165 1.87956456560642 1.16642501438037 1.8565062712878 1.11324867932126 0.992530568502843 1.25198875414208 1.43099438329227
1.28306806553155 0.957665564492345 1.14973156061023 0.964453024091199 0.959043801762164 1.26760325720534 1.24869682313874 1.12919766642153 1.1381062369328 0.9858499977272 1.62161785271019 1.13535676314496 1.21791460062377 1.50658479332924 0.948043175274506 0 1.45930215343833 1.80984392738901 1.61650076019578 1.24668837105855 1.00199923571199 1.73426071298309 0.98201689007692 1.41692773648538 1.05500765144825 1.50051176524721 0.981964398175478 1.62948792870156 1.39196873898618 0.988134040962905
1.58232258493081 1.01964656473137 1.27607908216305 0.977526930626482 1.23195740557276 1.58498232136481 1.1716451253742 1.69875578768551 1.08381167356856 1.0351763847284 1.47970030317083 1.31211969652213 1.02579786721617 1.1231970754452 1.2578603727743 1.45930215343833 0 1.28524077101611 1.38053124793805 1.82138981088065 1.85345065686852 1.82565283006988 1.71931586670689 1.19065668783151 1.35896356939338 1.76742820022628 1.68359105777927 1.54736460465938 1.33045799075626 1.72173548908904
0.983972858404741 1.14248825935647 1.67759410780855 1.28353342646733 1.30851974338293 1.31227533682249 1.785824499093 1.52165157953277 1.12106346245855 1.60687349271029 1.33196919085458 1.20479834848084 1.79445078293793 1.24589936621487 1.17316325218417 1.80984392738901 1.28524077101611 0 1.7053698154632 1.4864604184404 1.03880702145398 1.26741919387132 1.06262454413809 1.48342153918929 1.23737992462702 1.81702808942646 1.21192112774588 1.55906742648222 1.66718266764656 1.16007458022796
1.52574000647292 1.81515368865803 1.60896610841155 1.89885254646651 1.18546327296644 1.79852032312192 1.38744575181045 1.74463632726111 1.52721014874987 1.4371775558684 1.19640812976286 1.91567733022384 1.53672637557611 1.82181895035319 1.44742302689701 1.61650076019578 1.38053124793805 1.7053698154632 0 1.54153254302219 1.32328971894458 1.75991165963933 1.14490819047205 1.83343941462226 1.46264422149397 1.47069186368026 1.63678398402408 1.84449857124127 1.00080097629689 1.06047308514826
1.0221593263559 1.55868084146641 1.86447855154984 1.84513760101981 1.06408045790158 1.16378589300439 1.48600526619703 0.978639750508592 1.40605871658772 1.7033566259779 1.35980390757322 1.80722837615758 1.36937523283996 1.21743490011431 1.62795704836026 1.24668837105855 1.82138981088065 1.4864604184404 1.54153254302219 0 1.61579997837543 1.73303355462849 1.79564313427545 1.12989030964673 1.60490200528875 1.28639934491366 1.07852172828279 1.27584162866697 1.53946228325367 1.05103314295411
1.55427652550861 1.02339158672839 1.69970191223547 1.72636036295444 1.73173785442486 1.56309476564638 1.14796171523631 1.48081288370304 1.44357851496898 1.52989904140122 1.23223706358112 1.24863413814455 1.44397143344395 1.12500133295543 1.46641127998009 1.00199923571199 1.85345065686852 1.03880702145398 1.32328971894458 1.61579997837543 0 1.89353555510752 0.931954668136314 1.6779456671793 0.980031351791695 1.83941699680872 1.18493194901384 1.51564027601853 1.19791764835827 1.64638265641406
1.75714641367085 1.0871149180457 1.11270018923096 1.40483610983938 1.33934205700643 1.65642812219448 1.31038362532854 1.59913083096035 1.43318016990088 0.949994157999754 0.983337808400393 1.19363618153147 1.46256862417795 1.88123222743161 1.01351953903213 1.73426071298309 1.82565283006988 1.26741919387132 1.75991165963933 1.73303355462849 1.89353555510752 0 1.5277371450793 1.34583858796395 1.19318897393532 1.3180793907959 1.84432855527848 1.07452568714507 1.20164999156259 1.17263360810466
1.78900821646675 1.34767218702473 1.72818525531329 1.16739917569794 1.52562632551417 1.30374302319251 1.67090112576261 1.14468490821309 1.7857351989951 1.53178757848218 1.35517631750554 1.48536807554774 0.954699126305059 1.08021183265373 1.48246172536165 0.98201689007692 1.71931586670689 1.06262454413809 1.14490819047205 1.79564313427545 0.931954668136314 1.5277371450793 0 1.7444282323122 1.12026316765696 1.15880596009083 1.70549211255275 1.09430265449919 1.52382871811278 1.77915483620018
1.26721000880934 1.81519361073151 1.53661390114576 1.76507113059051 1.1923454219941 0.974928468232974 1.50896511157043 1.49112472473644 1.88739761337638 1.78659491729923 1.50753944204189 1.37001779233105 1.28865995514207 1.12330312374979 1.87956456560642 1.41692773648538 1.19065668783151 1.48342153918929 1.83343941462226 1.12989030964673 1.6779456671793 1.34583858796395 1.7444282323122 0 1.84203457226977 1.88485673489049 1.17336095566861 1.55102770077065 1.48508876492269 1.78601192450151
1.18076498620212 1.8040195426438 1.62558815069497 1.63474459387362 1.68691589660011 1.14539429172873 1.64592898031697 1.43384896498173 1.85879133408889 1.87569267046638 1.76885294192471 1.83452208526433 0.934334255987778 1.13342748791911 1.16642501438037 1.05500765144825 1.35896356939338 1.23737992462702 1.46264422149397 1.60490200528875 0.980031351791695 1.19318897393532 1.12026316765696 1.84203457226977 0 0.922512529650703 1.00091153592803 1.29491287586279 1.46877887146547 1.84870107355528
1.20856481720693 1.91860492038541 0.923971016891301 1.73159473575652 1.67971223057248 1.05375840771012 1.648961359635 1.52270050090738 1.47070225165226 1.86242188303731 1.5388806341216 0.957733539165929 1.6715039529372 1.68574290513061 1.8565062712878 1.50051176524721 1.76742820022628 1.81702808942646 1.47069186368026 1.28639934491366 1.83941699680872 1.3180793907959 1.15880596009083 1.88485673489049 0.922512529650703 0 1.87061786907725 1.03035977715626 1.55611326289363 0.926188543904573
1.29290670040064 1.17234405199997 1.07425509952009 1.50919601158239 1.19463776680641 1.8063279055059 1.5996464760974 1.59961425769143 1.24609713209793 1.68908063299023 1.63704428356141 1.02549996972084 0.956592388916761 0.967152294469997 1.11324867932126 0.981964398175478 1.68359105777927 1.21192112774588 1.63678398402408 1.07852172828279 1.18493194901384 1.84432855527848 1.70549211255275 1.17336095566861 1.00091153592803 1.87061786907725 0 1.37633745349012 1.00005666469224 0.991393676958978
1.4236658422742 0.98166394745931 1.09146861522458 1.23614369076677 1.87481746007688 1.37669294048101 1.1020841030404 1.4131122934632 1.05037077097222 1.71199928596616 1.84543706895784 1.70767348608933 1.45101669267751 1.49764480977319 0.992530568502843 1.62948792870156 1.54736460465938 1.55906742648222 1.84449857124127 1.27584162866697 1.51564027601853 1.07452568714507 1.09430265449919 1.55102770077065 1.29491287586279 1.03035977715626 1.37633745349012 0 1.13651815289631 1.37604245939292
1.37095232098363 1.1121276547201 1.69606013293378 1.21803165972233 1.36091122124344 1.00481018889695 1.75078020966612 0.964926151791587 1.56170568126254 1.43204779573716 1.70429751672782 1.3420078442432 1.0438876200933 1.34898244054057 1.25198875414208 1.39196873898618 1.33045799075626 1.66718266764656 1.00080097629689 1.53946228325367 1.19791764835827 1.20164999156259 1.52382871811278 1.48508876492269 1.46877887146547 1.55611326289363 1.00005666469224 1.13651815289631 0 1.01497408933938
1.58150440594181 1.23162978282198 1.26247820677236 0.933212589705363 1.9209329590667 1.34118537721224 0.932765192119405 1.34914416330867 1.59319140552543 1.62065024767071 1.21461123740301 1.43766653351486 1.56058191158809 1.88317404151894 1.43099438329227 0.988134040962905 1.72173548908904 1.16007458022796 1.06047308514826 1.05103314295411 1.64638265641406 1.17263360810466 1.77915483620018 1.78601192450151 1.84870107355528 0.926188543904573 0.991393676958978 1.37604245939292 1.01497408933938 0
