0 1.35275169438682 1.06771992589347 1.26348093198612 1.78586408658884 1.74948662519455 1.09601954650134 1.31202911352739 0.94655721844174 1.56522507453337 1.51625912520103 1.16749046975747 1.4865982553456 1.84564342536032 1.00912540149875 1.09117051470093 1.25748024764471 1.83169186906889 1.07230836665258 1.17165131424554 0.959608038654551 1.76661787903868 1.2031296833884 1.44575065583922 1.56874387525022 1.25947064696811 1.31067309551872 1.60810208902694 1.73819373780861 1.06406623357907
1.35275169438682 0 1.37553910026327 1.80126457056031 1.72688624006696 1.3060472314246 1.81015218677931 1.68041266361251 0.932036001933739 0.906897450564429 1.01160173211247 1.77461664541624 1.5213871949818 1.52151812496595 1.79748943890445 1.78994398447685 1.03632835159078 1.77437764802016 1.05536324204877 1.05461122980341 1.77973240241408 1.8331112943124 1.41163560142741 1.10597842233256 1.86466600722633 1.45187475625426 1.71946455398574 1.19326191628352 1.86606200644746 1.59082072344609
1.06771992589347 1.37553910026327 0 1.80135161522776 1.69747515465133 1.09082054835744 1.6495947574731 1.79427812458016 1.67048060381785 1.63331756205298 1.32561212452129 1.03731982363388 0.989673951407894 0.972279958892614 0.949727971106768 1.23984224745072 1.64723395835608 1.57691231765784 1.0967404039111 1.2557186994236 1.56392251793295 1.17388062458485 1.7277007594239 1.21489429310896 1.24108248017728 0.953850376652554 0.991024971473962 1.22574967937544 1.06433288170956 1.45564485620707
1.26348093198612 1.80126457056031 1.80135161522776 0 1.26596178975888 1.66350877285004 1.78049285477027 1.11552711785771 0.899486999260262 1.6692521746736 1.87811645842157 1.55994311813265 1.75227664830163 1.87444807891734 0.920030468609184 1.58936272468418 1.56826842552982 0.923962756060064 1.27652799407952 0.930646681925282 1.65892732841894 1.10479901288636 1.19716919749044 1.41866961563937 1.35269892332144 1.18119821650907 1.61294909380376 1.35749451210722 1.80806270544417 1.19158237194642
1.78586408658884 1.72688624006696 1.69747515465133 1.26596178975888 0 1.60844225180335 1.39628248452209 1.63339841598645 1.00056209624745 1.7279961341992 1.77263521007262 1.30052342847921 1.4064286693465 1.67217543767765 1.76872778963298 1.14749572752044 0.891324613709003 1.33688842691481 1.10896655661054 1.39086029678583 1.89054977893829 1.65355687309057 1.11828240193427 1.11089382600039 0.950557887786999 1.18937350506894 1.37992230779491 1.54866171837784 1.26866120193154 1.80258720461279
1.74948662519455 1.3060472314246 1.09082054835744 1.66350877285004 1.60844225180335 0 1.85168462339789 1.52125564403832 1.21945967827924 1.07942492188886 1.14540661196224 1.77584149874747 1.8428816224914 1.19587800349109 1.09929357399233 1.48810341209173 1.77875621314161 1.67746010073461 1.87792123528197 1.57584767276421 1.06158962403424 1.44912359397858 1.19213027670048 1.08136085001752 1.60555789317004 1.0748582824599 0.98738923529163 1.13879499654286 1.64726903708652 1.23767879698426
1.09601954650134 1.81015218677931 1.6495947574731 1.78049285477027 1.39628248452209 1.85168462339789 0 1.38159001339227 1.68302440433763 1.40250594797544 1.66856420924887 1.78280323464423 1.01649106247351 1.70668127760291 0.996838765451685 1.48944754432887 1.43264026334509 0.927852912573144 1.28496006713249 1.25494927284308 1.38106383918785 1.04233662527986 1.00942589342594 1.50734720169567 0.918598098447546 1.16947216587141 1.45853476272896 1.11234570317902 1.83596093533561 1.11990904854611
1.31202911352739 1.68041266361251 1.79427812458016 1.11552711785771 1.63339841598645 1.52125564403832 1.38159001339227 0 1.34063562913798 0.928851974429563 1.2536769262515 1.33806629106402 1.48257149453275 1.3659598743543 1.73202629829757 1.34044184745289 1.16726188850589 1.56997041590512 1.50536861061119 1.26737735350616 1.48756274813786 1.65668681240641 0.955279671121389 1.88046323042363 1.4113719498273 1.17813335661776 1.3923589203041 1.0193840356078 1.85375065496191 1.67547110421583
0.94655721844174 0.932036001933739 1.67048060381785 0.899486999260262 1.00056209624745 1.21945967827924 1.68302440433763 1.34063562913798 0 1.03344766166992 1.18173702294007 1.59202807955444 1.02764862356707 1.47162375040352 1.42217834596522 1.24334883037955 1.19511622400023 1.02713884250261 1.37091461778618 1.18062107055448 1.3407263639383 0.986138550098985 1.15157490130514 0.997309213969857 1.04152479302138 0.918367565609515 1.51811957661994 1.74244293384254 1.30650373687968 1.71499167080037
1.56522507453337 0.906897450564429 1.63331756205298 1.6692521746736 1.7279961341992 1.07942492188886 1.40250594797544 0.928851974429563 1.03344766166992 0 1.25052638514899 0.961006682831794 1.28162822080776 1.75308995158412 1.64809996751137 0.902037116233259 1.06009733630344 1.56652771658264 1.43881130893715 1.35450881207362 1.34051393019035 1.45854217605665 1.28437138651498 1.21308677271008 1.83846191386692 0.92791705369018 1.04657869390212 1.65334745589644 1.52715841331519 0.921126592205837
1.51625912520103 1.01160173211247 1.32561212452129 1.87811645842157 1.77263521007262 1.14540661196224 1.66856420924887 1.2536769262515 1.18173702294007 1.25052638514899 0 1.5491706689354 1.23099048412405 1.64438647171482 1.20011156401597 1.8332417877391 1.13556240452453 0.975482054287568 1.74266688711941 1.22031450853683 1.57720817788504 1.58971701958217 1.75525568984449 1.8653406011872 1.67412408255041 1.58774263691157 0.950323147932068 0.894001358887181 1.13611173257232 1.21950691728853
1.16749046975747 1.77461664541624 1.03731982363388 1.55994311813265 1.30052342847921 1.77584149874747 1.78280323464423 1.33806629106402 1.59202807955444 0.961006682831794 1.5491706689354 0 1.88354766112752 1.47292643180117 1.88686284632422 1.41425454849377 1.11051509552635 1.20561189460568 1.63021702715196 1.73359983996488 1.48070158693008 1.33951879129745 1.33675782522187 1.04018496512435 1.81019270489924 1.03029559599236 1.13897467730567 1.43985327426344 1.17255119397305 1.09413858968765
1.4865982553456 1.5213871949818 0.989673951407894 1.75227664830163 1.4064286693465 1.8428816224914 1.01649106247351 1.48257149453275 1.02764862356707 1.28162822080776 1.23099048412405 1.88354766112752 0 1.12790933111683 1.58398502203636 0.9206545969937 1.01642253878526 1.5548340389505 1.05470274155959 1.24414056329988 1.29635155946016 1.6405244814232 1.15160931879655 1.08251709048636 1.16752647794783 1.02852493827231 1.15738707291894 1.7213003388606 1.86379920458421 1.56297367508523
1.84564342536032 1.52151812496595 0.972279958892614 1.87444807891734 1.67217543767765 1.19587800349109 1.70668127760291 1.3659598743543 1.47162375040352 1.75308995158412 1.64438647171482 1.47292643180117 1.12790933111683 0 1.4227159069851 1.26054200902581 1.48049113689922 1.13967580604367 1.06491870153695 1.83908396097831 1.73331629834138 1.45652862545103 1.59865238587372 1.19436760433018 1.04298836155795 1.39972751191817 1.76346541498788 1.56189092015848 1.61844787979499 1.28149098926224
1.00912540149875 1.79748943890445 0.949727971106768 0.920030468609184 1.76872778963298 1.09929357399233 0.996838765451685 1.73202629829757 1.42217834596522 1.64809996751137 1.20011156401597 1.88686284632422 1.58398502203636 1.4227159069851 0 1.57962058694102 1.37417900096625 1.49374031089246 1.72602038783953 1.04655244853348 1.65807469305582 1.26737644453533 1.89057230181061 1.02472856198438 1.36088125640526 1.77447930909693 1.06227907119319 1.43363806093112 1.65976289240643 1.55349691351876
1.09117051470093 1.78994398447685 1.23984224745072 1.58936272468418 1.14749572752044 1.48810341209173 1.48944754432887 1.34044184745289 1.24334883037955 0.902037116233259 1.8332417877391 1.41425454849377 0.9206545969937 1.26054200902581 1.57962058694102 0 1.7771358571481 1.46761505375616 1.61570430197753 1.74697232223116 1.85053600557148 1.11964961444028 1.18422023463063 1.25225909217261 0.936424797633663 1.32961543905549 1.18142898427323 1.71953209699132 1.32776313996874 1.09823990939185
1.25748024764471 1.03632835159078 1.64723395835608 1.56826842552982 0.891324613709003 1.77875621314161 1.43264026334509 1.16726188850589 1.19511622400023 1.06009733630344 1.13556240452453 1.11051509552635 1.01642253878526 1.48049113689922 1.37417900096625 1.7771358571481 0 1.77035625046119 1.61337025742978 1.32958388980478 1.39993888954632 1.77278625941835 1.35242246021517 1.60251631471328 1.17942214407958 1.7702119264286 1.59484252613038 0.934801662806422 1.36461700196378 1.69540935498662
1.83169186906889 1.77437764802016 1.57691231765784 0.923962756060064 1.33688842691481 1.67746010073461 0.927852912573144 1.56997041590512 1.02713884250261 1.56652771658264 0.975482054287568 1.20561189460568 1.5548340389505 1.13967580604367 1.49374031089246 1.46761505375616 1.77035625046119 0 0.900801867479458 1.50191457523033 1.73777824942954 1.21663181600161 1.81179262185469 1.34138689748943 1.57443093904294 1.44693811400793 1.48756621405482 0.957076526945457 1.53226777142845 1.8166657674592
1.07230836665258 1.05536324204877 1.0967404039111 1.27652799407952 1.10896655661054 1.87792123528197 1.28496006713249 1.50536861061119 1.37091461778618 1.43881130893715 1.74266688711941 1.63021702715196 1.05470274155959 1.06491870153695 1.72602038783953 1.61570430197753 1.61337025742978 0.900801867479458 0 1.19622364710085 1.53478419990279 0.906804913654923 0.962733046151698 1.63803898426704 1.31064510671422 1.3704012518283 1.07403691345826 1.67035819520243 1.21786731132306 1.67795990919694
1.17165131424554 1.05461122980341 1.2557186994236 0.930646681925282 1.39086029678583 1.57584767276421 1.25494927284308 1.26737735350616 1.18062107055448 1.35450881207362 1.22031450853683 1.73359983996488 1.24414056329988 1.83908396097831 1.04655244853348 1.74697232223116 1.32958388980478 1.50191457523033 1.19622364710085 0 1.21048051561229 1.59022524021566 1.11612160177901 1.29430028935894 1.57186352810822 0.914098985726014 1.0923920313362 0.988053773995489 1.83425704040565 1.19796556420624
0.959608038654551 1.77973240241408 1.56392251793295 1.65892732841894 1.89054977893829 1.06158962403424 1.38106383918785 1.48756274813786 1.3407263639383 1.34051393019035 1.57720817788504 1.48070158693008 1.29635155946016 1.73331629834138 1.65807469305582 1.85053600557148 1.39993888954632 1.73777824942954 1.53478419990279 1.21048051561229 0 1.74470729823224 1.2722155759111 1.73059889231808 1.34996021981351 0.977674891706556 1.22691948129795 1.71255137491971 1.78866597497836 1.80560364597477
1.76661787903868 1.8331112943124 1.17388062458485 1.10479901288636 1.65355687309057 1.44912359397858 1.04233662527986 1.65668681240641 0.986138550098985 1.45854217605665 1.58971701958217 1.33951879129745 1.6405244814232 1.45652862545103 1.26737644453533 1.11964961444028 1.77278625941835 1.21663181600161 0.906804913654923 1.59022524021566 1.74470729823224 0 1.67680889205076 1.4747616390232 1.63548680464737 1.80275012180209 1.54088663659059 1.24117421475239 1.85909096337855 1.88112899148837
1.2031296833884 1.41163560142741 1.7277007594239 1.19716919749044 1.11828240193427 1.19213027670048 1.00942589342594 0.955279671121389 1.15157490130514 1.28437138651498 1.75525568984449 1.33675782522187 1.15160931879655 1.59865238587372 1.89057230181061 1.18422023463063 1.35242246021517 1.81179262185469 0.962733046151698 1.11612160177901 1.2722155759111 1.67680889205076 0 1.12351183989085 1.24694409104995 1.69823405425996 1.55650793784298 1.2153909271583 1.77938801725395 1.16932088043541
1.44575065583922 1.10597842233256 1.21489429310896 1.41866961563937 1.11089382600039 1.08136085001752 1.50734720169567 1.88046323042363 0.997309213969857 1.21308677271008 1.8653406011872 1.04018496512435 1.08251709048636 1.19436760433018 1.02472856198438 1.25225909217261 1.60251631471328 1.34138689748943 1.63803898426704 1.29430028935894 1.73059889231808 1.4747616390232 1.12351183989085 0 1.46851891558617 0.985019407933578 1.74387358827516 1.13451369712129 1.85218268912286 0.902933984296396
1.56874387525022 1.86466600722633 1.24108248017728 1.35269892332144 0.950557887786999 1.60555789317004 0.918598098447546 1.4113719498273 1.04152479302138 1.83846191386692 1.67412408255041 1.81019270489924 1.16752647794783 1.04298836155795 1.36088125640526 0.936424797633663 1.17942214407958 1.57443093904294 1.31064510671422 1.57186352810822 1.34996021981351 1.63548680464737 1.24694409104995 1.46851891558617 0 1.84560286882333 1.08874825551175 1.43648672825657 1.52924300916493 1.434567239834
1.25947064696811 1.45187475625426 0.953850376652554 1.18119821650907 1.18937350506894 1.0748582824599 1.16947216587141 1.17813335661776 0.918367565609515 0.92791705369018 1.58774263691157 1.03029559599236 1.02852493827231 1.39972751191817 1.77447930909693 1.32961543905549 1.7702119264286 1.44693811400793 1.3704012518283 0.914098985726014 0.977674891706556 1.80275012180209 1.69823405425996 0.985019407933578 1.84560286882333 0 1.25081537873484 1.08029759698547 1.13815545500256 1.17830650391988
1.31067309551872 1.71946455398574 0.991024971473962 1.61294909380376 1.37992230779491 0.98738923529163 1.45853476272896 1.3923589203041 1.51811957661994 1.04657869390212 0.950323147932068 1.13897467730567 1.15738707291894 1.76346541498788 1.06227907119319 1.18142898427323 1.59484252613038 1.48756621405482 1.07403691345826 1.0923920313362 1.22691948129795 1.54088663659059 1.55650793784298 1.74387358827516 1.08874825551175 1.25081537873484 0 1.46433982835151 1.54567194310948 1.68489160668105
1.60810208902694 1.19326191628352 1.22574967937544 1.35749451210722 1.54866171837784 1.13879499654286 1.11234570317902 1.0193840356078 1.74244293384254 1.65334745589644 0.894001358887181 1.43985327426344 1.7213003388606 1.56189092015848 1.43363806093112 1.71953209699132 0.934801662806422 0.957076526945457 1.67035819520243 0.988053773995489 1.71255137491971 1.24117421475239 1.2153909271583 1.13451369712129 1.43648672825657 1.08029759698547 1.46433982835151 0 1.84812744287774 1.4380009395536
1.73819373780861 1.86606200644746 1.06433288170956 1.80806270544417 1.26866120193154 1.64726903708652 1.83596093533561 1.85375065496191 1.30650373687968 1.52715841331519 1.13611173257232 1.17255119397305 1.86379920458421 1.61844787979499 1.65976289240643 1.32776313996874 1.36461700196378 1.53226777142845 1.21786731132306 1.83425704040565 1.78866597497836 1.85909096337855 1.77938801725395 1.85218268912286 1.52924300916493 1.13815545500256 1.54567194310948 1.84812744287774 0 0.95623763743788
1.06406623357907 1.59082072344609 1.45564485620707 1.19158237194642 1.80258720461279 1.23767879698426 1.11990904854611 1.67547110421583 1.71499167080037 0.921126592205837 1.21950691728853 1.09413858968765 1.56297367508523 1.28149098926224 1.55349691351876 1.09823990939185 1.69540935498662 1.8166657674592 1.67795990919694 1.19796556420624 1.80560364597477 1.88112899148837 1.16932088043541 0.902933984296396 1.434567239834 1.17830650391988 1.68489160668105 1.4380009395536 0.95623763743788 0
