0 0.978690904332325 1.33557094167918 1.81177147547714 0.962000374682248 0.985723356949165 1.45449698599987 1.56307504675351 1.01664062263444 1.28806348983198 1.75123988511041 1.39864219585434 1.77756930119358 0.96249917591922 1.88334402022883 1.5697785303928 1.59825777122751 1.57892173854634 1.22959823487327 1.24737079860643 1.72285663196817 1.70005184947513 1.859639021568 1.2683292364236 1.54733423842117 1.86863568052649 1.12435055873357 1.49930556118488 1.69125410914421 1.41613247571513
0.978690904332325 0 1.86681945831515 1.17766860104166 0.965617467649281 1.09983861679211 1.15517756831832 1.63810497405939 1.66643976327032 1.7943993837107 1.61010120343417 1.73649871442467 0.968929737340659 1.78254275885411 1.7239292615559 1.34524901770055 1.77285658544861 1.43001403915696 1.3537904212717 1.07061714259908 0.981426232960075 1.38063708087429 1.66848893184215 1.89335745479912 1.59570200834423 1.28123401920311 1.15294823725708 1.72258731815964 1.90206183749251 1.16402740986086
1.33557094167918 1.86681945831515 0 1.00597275258042 1.34230516036041 1.42464911565185 1.18212054343894 1.79915799782611 1.00009486707859 1.17630564817227 1.36010362883098 1.34959809528664 1.81413924600929 1.66100627952255 1.44190086959861 1.06854649330489 1.65356335113756 1.90291196503676 1.69003866170533 1.5422311136499 1.80150745878927 1.45962086925283 1.00911444192752 1.58622670010664 1.29864742117934 1.1766420006752 1.52473264676519 1.3641617198009 1.17831387906335 1.02545655425638
1.81177147547714 1.17766860104166 1.00597275258042 0 1.6616674575489 1.57625300064683 1.74250045744702 1.75761777744628 1.1401110123843 1.2900636929553 1.61831782455556 1.84376075770706 1.06757984706201 1.31276962463744 1.82780224853195 1.78544246475212 1.08972369204275 1.81550826621242 1.35435854759999 1.4736369852908 1.4288171401713 1.20594690623693 1.23863560776226 1.58491302118637 1.18354516872205 1.83208209881559 1.57839135592803 1.93180287373252 1.48625142569654 1.56043818010949
0.962000374682248 0.965617467649281 1.34230516036041 1.6616674575489 0 1.82006823807023 1.7022852608934 1.52955038356595 1.06506707938388 1.50048745446838 1.80340579734184 1.38384098582901 1.80845557432622 1.36786650167778 1.23085522698238 1.57074700319208 1.92671386292204 1.6945587489754 1.07330072694458 1.0386481708847 1.16935000754893 1.39054221380502 1.89000422251411 1.7866320675239 1.67510663461871 1.53084927122109 1.4526178133674 1.56381737068295 1.68282943149097 1.79855138179846
0.985723356949165 1.09983861679211 1.42464911565185 1.57625300064683 1.82006823807023 0 1.75119723239914 1.5657503886614 1.02233320218511 0.954814799362794 1.1288196479436 1.75324002187699 1.40575836296193 1.79168181330897 1.50287344236858 1.71376772085205 1.74932670942508 1.68469014856964 1.27265655738302 1.35686887172051 1.66765499860048 1.46584606193937 1.01563956076279 1.88689551781863 1.83922578231432 1.00191757129505 1.24748732987791 1.01870899437927 1.49222860252485 1.72645447752438
1.45449698599987 1.15517756831832 1.18212054343894 1.74250045744702 1.7022852608934 1.75119723239914 0 1.48489308310673 1.69570305501111 1.87374542606995 1.16777228214778 1.59239147719927 1.61858692369424 1.37388970237225 1.66007119230926 1.64934575371444 1.35389390378259 1.36148152151145 1.39149451511912 1.88037701859139 1.03077084198594 0.982081305002794 1.30094650830142 0.99727733200416 1.55117198312655 1.8546065997798 1.17060619080439 1.44895163038746 1.37332602916285 1.43147021299228
1.56307504675351 1.63810497405939 1.79915799782611 1.75761777744628 1.52955038356595 1.5657503886614 1.48489308310673 0 1.88309281296097 1.13193401717581 1.60251196613535 1.66607230622321 1.51288324734196 1.43293618690223 1.92798227095045 1.91653039865196 1.25101249152794 1.79359369119629 1.49880598904565 1.04451350006275 1.31696905824356 1.35384509968571 1.21263416297734 1.39955981262028 1.10712215444073 1.45542328781448 1.1674067673739 1.69684743578546 0.984954559477046 1.44359382474795
1.01664062263444 1.66643976327032 1.00009486707859 1.1401110123843 1.06506707938388 1.02233320218511 1.69570305501111 1.88309281296097 0 1.12541290605441 1.60762523603626 1.32714484934695 1.53456213884056 1.3971549354028 1.90485556726344 1.84084455715492 1.05179077573121 1.03847389761358 1.85512401000597 1.7577587950509 1.67046789545566 1.54693225678056 1.34877253859304 1.08481083367951 1.46886623348109 1.54072479368187 1.67041548178531 1.57314241374843 1.66584689193405 1.29610897460952
1.28806348983198 1.7943993837107 1.17630564817227 1.2900636929553 1.50048745446838 0.954814799362794 1.87374542606995 1.13193401717581 1.12541290605441 0 1.00994094763882 1.04656505677849 1.40640466520563 1.27379177580588 1.8019607742317 1.46580626233481 1.52896323194727 1.7998463679105 1.48111064499244 1.0430902519729 1.87820626562461 1.55134685779922 1.90853493846953 1.62227744585834 1.91963271074928 1.28873641369864 1.7932600651402 1.65220344811678 1.85517156403512 1.18588743754663
1.75123988511041 1.61010120343417 1.36010362883098 1.61831782455556 1.80340579734184 1.1288196479436 1.16777228214778 1.60251196613535 1.60762523603626 1.00994094763882 0 1.20754710980691 1.32453182293102 1.32376696891151 1.90268491976894 1.71871725609526 1.48627166426741 1.65298501448706 1.75128639256582 1.32054943894036 1.41036152024753 1.91480580065399 1.83701968053356 1.44417164707556 1.53948278585449 1.20505481516011 1.49308047397062 1.10601448197849 1.61042237957008 1.07329936767928
1.39864219585434 1.73649871442467 1.34959809528664 1.84376075770706 1.38384098582901 1.75324002187699 1.59239147719927 1.66607230622321 1.32714484934695 1.04656505677849 1.20754710980691 0 1.16304753883742 1.62818482727744 1.42054671235383 1.45700729778036 1.92563943075947 0.942553857341409 1.26286212168634 1.68823742866516 1.51552709331736 1.01489281933755 1.43298793211579 1.91802380792797 1.89822381641716 1.20528205204755 0.977400918724015 1.22999044158496 1.21528008417226 1.72961119818501
1.77756930119358 0.968929737340659 1.81413924600929 1.06757984706201 1.80845557432622 1.40575836296193 1.61858692369424 1.51288324734196 1.53456213884056 1.40640466520563 1.32453182293102 1.16304753883742 0 1.08927859598771 1.14491932489909 1.75207427376881 1.39511466678232 1.57049605948851 1.38355772919022 1.06224718131125 1.77333376347087 1.59775860561058 1.26679276232608 1.54583127913065 1.14388323714957 1.5666603941936 1.84053823188879 1.23598025273532 1.19396437006071 1.70913579454646
0.96249917591922 1.78254275885411 1.66100627952255 1.31276962463744 1.36786650167778 1.79168181330897 1.37388970237225 1.43293618690223 1.3971549354028 1.27379177580588 1.32376696891151 1.62818482727744 1.08927859598771 0 1.30093498970382 0.940801152726635 1.01986237824894 1.17554076085798 1.43617224204354 1.58274779003114 1.93693258031271 0.993693681666628 1.31798000074923 1.01145816710778 1.42302891449071 1.92155674169771 1.2336264369078 1.34153546835296 1.61244256491773 1.57593752606772
1.88334402022883 1.7239292615559 1.44190086959861 1.82780224853195 1.23085522698238 1.50287344236858 1.66007119230926 1.92798227095045 1.90485556726344 1.8019607742317 1.90268491976894 1.42054671235383 1.14491932489909 1.30093498970382 0 1.26381686027162 0.992147323675454 1.5388564071618 1.26660575438291 1.13290941133164 1.08822834817693 1.22576052625664 1.66590796830133 1.49840491102077 1.4208423779346 1.13680269825272 1.43716062279418 1.1283161144238 1.33260780666023 1.54489396954887
1.5697785303928 1.34524901770055 1.06854649330489 1.78544246475212 1.57074700319208 1.71376772085205 1.64934575371444 1.91653039865196 1.84084455715492 1.46580626233481 1.71871725609526 1.45700729778036 1.75207427376881 0.940801152726635 1.26381686027162 0 1.1825603605248 1.58449071296491 1.85368610918522 1.7470507605467 1.56230865092948 1.01761036086828 1.36008250690065 1.87311668694019 1.90206787060015 0.980755588971078 1.93604153697379 1.34957579290494 1.56757773691788 1.65975867421366
1.59825777122751 1.77285658544861 1.65356335113756 1.08972369204275 1.92671386292204 1.74932670942508 1.35389390378259 1.25101249152794 1.05179077573121 1.52896323194727 1.48627166426741 1.92563943075947 1.39511466678232 1.01986237824894 0.992147323675454 1.1825603605248 0 1.26912532607093 1.62704356503673 1.31154234311543 1.39189041522332 1.03738715965301 1.19700095336884 1.02429855964147 1.20554384239949 1.69326750468463 1.70974888582714 1.6684216093272 1.43190346308984 1.5678066641558
1.57892173854634 1.43001403915696 1.90291196503676 1.81550826621242 1.6945587489754 1.68469014856964 1.36148152151145 1.79359369119629 1.03847389761358 1.7998463679105 1.65298501448706 0.942553857341409 1.57049605948851 1.17554076085798 1.5388564071618 1.58449071296491 1.26912532607093 0 1.61707596527413 1.06727996584959 1.345690890681 1.43710030661896 1.55318838870153 1.00481770816259 1.78725107805803 1.37053294945508 1.27972942986526 1.34061707416549 1.75669778836891 1.77815293939784
1.22959823487327 1.3537904212717 1.69003866170533 1.35435854759999 1.07330072694458 1.27265655738302 1.39149451511912 1.49880598904565 1.85512401000597 1.48111064499244 1.75128639256582 1.26286212168634 1.38355772919022 1.43617224204354 1.26660575438291 1.85368610918522 1.62704356503673 1.61707596527413 0 1.19081902084872 1.54125644429587 1.77233738219365 1.688023773022 1.05421622353606 1.3359805541113 1.4010176868178 1.48290197993629 1.48228483111598 1.1041197697632 1.17650782410055
1.24737079860643 1.07061714259908 1.5422311136499 1.4736369852908 1.0386481708847 1.35686887172051 1.88037701859139 1.04451350006275 1.7577587950509 1.0430902519729 1.32054943894036 1.68823742866516 1.06224718131125 1.58274779003114 1.13290941133164 1.7470507605467 1.31154234311543 1.06727996584959 1.19081902084872 0 1.05232688994147 1.81905872165225 1.23578391782939 1.236425134819 1.76537176803686 1.05916350637563 1.71851348062046 1.15630946937017 1.7740988752339 1.61320064449683
1.72285663196817 0.981426232960075 1.80150745878927 1.4288171401713 1.16935000754893 1.66765499860048 1.03077084198594 1.31696905824356 1.67046789545566 1.87820626562461 1.41036152024753 1.51552709331736 1.77333376347087 1.93693258031271 1.08822834817693 1.56230865092948 1.39189041522332 1.345690890681 1.54125644429587 1.05232688994147 0 1.08698766678572 1.44160945527256 0.969086041441187 1.17090590763837 1.07401290512644 1.09226086665876 1.08368957741186 1.69171471823938 1.73894164338708
1.70005184947513 1.38063708087429 1.45962086925283 1.20594690623693 1.39054221380502 1.46584606193937 0.982081305002794 1.35384509968571 1.54693225678056 1.55134685779922 1.91480580065399 1.01489281933755 1.59775860561058 0.993693681666628 1.22576052625664 1.01761036086828 1.03738715965301 1.43710030661896 1.77233738219365 1.81905872165225 1.08698766678572 0 1.80401017121039 1.63113251258619 1.22955408273265 1.06515951734036 1.33290914609097 1.4632277097553 1.00409429427236 1.50760180456564
1.859639021568 1.66848893184215 1.00911444192752 1.23863560776226 1.89000422251411 1.01563956076279 1.30094650830142 1.21263416297734 1.34877253859304 1.90853493846953 1.83701968053356 1.43298793211579 1.26679276232608 1.31798000074923 1.66590796830133 1.36008250690065 1.19700095336884 1.55318838870153 1.688023773022 1.23578391782939 1.44160945527256 1.80401017121039 0 1.14227661769837 1.09220775705762 1.04168698983267 1.39550532703288 1.29760173079558 1.49555805884302 1.06474776263349
1.2683292364236 1.89335745479912 1.58622670010664 1.58491302118637 1.7866320675239 1.88689551781863 0.99727733200416 1.39955981262028 1.08481083367951 1.62227744585834 1.44417164707556 1.91802380792797 1.54583127913065 1.01145816710778 1.49840491102077 1.87311668694019 1.02429855964147 1.00481770816259 1.05421622353606 1.236425134819 0.969086041441187 1.63113251258619 1.14227661769837 0 1.25728786038235 1.87971955258399 1.21559886168689 1.79895955254324 1.54195270338096 1.04033652227372
1.54733423842117 1.59570200834423 1.29864742117934 1.18354516872205 1.67510663461871 1.83922578231432 1.55117198312655 1.10712215444073 1.46886623348109 1.91963271074928 1.53948278585449 1.89822381641716 1.14388323714957 1.42302891449071 1.4208423779346 1.90206787060015 1.20554384239949 1.78725107805803 1.3359805541113 1.76537176803686 1.17090590763837 1.22955408273265 1.09220775705762 1.25728786038235 0 1.17763122194447 1.63776704249904 1.32358128391206 1.27004699059762 0.981894123833627
1.86863568052649 1.28123401920311 1.1766420006752 1.83208209881559 1.53084927122109 1.00191757129505 1.8546065997798 1.45542328781448 1.54072479368187 1.28873641369864 1.20505481516011 1.20528205204755 1.5666603941936 1.92155674169771 1.13680269825272 0.980755588971078 1.69326750468463 1.37053294945508 1.4010176868178 1.05916350637563 1.07401290512644 1.06515951734036 1.04168698983267 1.87971955258399 1.17763122194447 0 1.20980825880542 1.54305772366934 1.08973871497437 1.00173182040453
1.12435055873357 1.15294823725708 1.52473264676519 1.57839135592803 1.4526178133674 1.24748732987791 1.17060619080439 1.1674067673739 1.67041548178531 1.7932600651402 1.49308047397062 0.977400918724015 1.84053823188879 1.2336264369078 1.43716062279418 1.93604153697379 1.70974888582714 1.27972942986526 1.48290197993629 1.71851348062046 1.09226086665876 1.33290914609097 1.39550532703288 1.21559886168689 1.63776704249904 1.20980825880542 0 1.15164629509673 1.27194166835397 1.40651810006239
1.49930556118488 1.72258731815964 1.3641617198009 1.93180287373252 1.56381737068295 1.01870899437927 1.44895163038746 1.69684743578546 1.57314241374843 1.65220344811678 1.10601448197849 1.22999044158496 1.23598025273532 1.34153546835296 1.1283161144238 1.34957579290494 1.6684216093272 1.34061707416549 1.48228483111598 1.15630946937017 1.08368957741186 1.4632277097553 1.29760173079558 1.79895955254324 1.32358128391206 1.54305772366934 1.15164629509673 0 0.976297759450972 1.62056482327171
1.69125410914421 1.90206183749251 1.17831387906335 1.48625142569654 1.68282943149097 1.49222860252485 1.37332602916285 0.984954559477046 1.66584689193405 1.85517156403512 1.61042237957008 1.21528008417226 1.19396437006071 1.61244256491773 1.33260780666023 1.56757773691788 1.43190346308984 1.75669778836891 1.1041197697632 1.7740988752339 1.69171471823938 1.00409429427236 1.49555805884302 1.54195270338096 1.27004699059762 1.08973871497437 1.27194166835397 0.976297759450972 0 1.26320918812416
1.41613247571513 1.16402740986086 1.02545655425638 1.56043818010949 1.79855138179846 1.72645447752438 1.43147021299228 1.44359382474795 1.29610897460952 1.18588743754663 1.07329936767928 1.72961119818501 1.70913579454646 1.57593752606772 1.54489396954887 1.65975867421366 1.5678066641558 1.77815293939784 1.17650782410055 1.61320064449683 1.73894164338708 1.50760180456564 1.06474776263349 1.04033652227372 0.981894123833627 1.00173182040453 1.40651810006239 1.62056482327171 1.26320918812416 0
