0 1.52048009214923 1.17754948441871 1.19128698250279 1.85867733322084 1.66029710904695 1.13746770261787 1.17522474378347 1.25619533029385 1.88363280915655 1.59724285034463 1.28646659804508 1.76597893820144 1.0336108377669 1.28443991276436 0.924720300827175 0.95374682196416 0.973532975185663 1.74467366794124 1.16374621121213 1.84138464462012 1.82416976243258 1.84111882257275 1.78865660494193 1.30028798710555 1.74598635197617 1.85666866833344 1.17843919806182 1.21136632189155 1.74508599936962
1.52048009214923 0 1.40186853334308 1.25042260880582 1.29600973054767 1.46647044923156 1.54874373273924 1.06037405086681 0.910475131124258 1.29821399878711 1.30039406614378 1.89754457166418 1.57411859510466 0.939808951690793 1.72716135252267 1.25856222701259 1.47264486737549 1.38336126529612 1.20216632517986 1.3707981207408 1.89424830232747 1.43829772225581 1.51911235484295 1.08860983001068 1.2284670136869 1.56870669242926 0.979234527796507 1.85689504630864 1.26178084383719 1.74688415229321
1.17754948441871 1.40186853334308 0 1.54452765011229 1.53141710627824 1.51434937119484 1.73418489308096 1.57515180949122 1.9040102227591 0.930925451917574 0.996758266352117 1.86087027844042 1.67982456437312 1.56543869199231 1.23330975323915 1.54581285547465 1.2790300231427 0.948338352609426 1.15342870424502 1.2117612559814 1.80491457297467 1.88957912451588 1.4622384228278 1.7324748407118 1.30642998311669 1.05740925902501 1.40162475127727 0.921538202557713 1.69676495576277 1.5184423502069
1.19128698250279 1.25042260880582 1.54452765011229 0 0.992023514350876 0.928655941504985 1.68777174851857 1.65753196156584 0.953622746979818 1.77932932507247 1.0923017358873 1.31406436953694 1.05809690989554 1.76137787965126 1.52390478760935 1.60465287975967 1.42567260144278 1.56214681314304 1.12686805310659 1.82724409876391 1.7398957980331 1.69627905497327 1.53873709775507 1.70015223999508 1.21770809381269 0.917178765870631 1.24688787246123 1.21810057898983 1.11174772470258 1.31868916540407
1.85867733322084 1.29600973054767 1.53141710627824 0.992023514350876 0 1.78193367831409 1.82349079474807 1.51286674942821 1.16919241799042 0.997320661786944 1.31830930802971 1.27260277443565 1.63247546856292 1.52378323441371 1.39613439468667 1.84082493116148 1.78274288610555 1.41510985814966 1.06070793000981 1.05468394234776 1.51337689021602 1.40481387637556 1.21996060875244 1.63329230435193 1.18447200069204 1.74331353418529 1.89600231242366 1.29570507491007 1.38314523268491 0.960611657006666
1.66029710904695 1.46647044923156 1.51434937119484 0.928655941504985 1.78193367831409 0 1.48421335080639 1.58745116996579 1.41517339507118 1.72792238392867 1.11545222019777 1.68188944645226 1.02273394074291 1.04593186150305 1.30229155835696 1.6010674778372 1.75248596072197 1.78357421350665 1.73123769438826 1.17036777362227 0.939156375592574 1.09440240520053 1.24614504398778 1.13517349073663 1.02669955510646 1.03729434078559 0.98031223542057 1.23893972230144 1.24289263389073 1.0854506669566
1.13746770261787 1.54874373273924 1.73418489308096 1.68777174851857 1.82349079474807 1.48421335080639 0 1.67350277025253 1.41269702790305 1.0932894309517 1.38690114533529 1.75117491441779 1.7559195572976 1.78136793011799 1.37184571195394 1.44920164067298 1.53858297853731 1.27950040623546 0.993497447110713 1.27828459022567 1.71240023593418 1.8701721043326 1.73246208881028 1.33582888660021 1.01223276625387 1.33989873505197 1.66563918394968 1.23316490650177 1.56822607317008 1.5102502333466
1.17522474378347 1.06037405086681 1.57515180949122 1.65753196156584 1.51286674942821 1.58745116996579 1.67350277025253 0 1.76979643641971 1.90381977916695 1.48092237440869 1.48232292477041 1.28996896650642 1.05987213621847 1.83098461292684 0.948905611410737 1.20692602614872 1.70735645550303 1.5117595877964 1.01731365849264 1.67751657776535 1.10025950032286 1.1136936773546 1.02028886880726 1.58910740166903 1.72984619042836 1.06450755335391 1.01211913768202 1.65765981934965 1.43047649343498
1.25619533029385 0.910475131124258 1.9040102227591 0.953622746979818 1.16919241799042 1.41517339507118 1.41269702790305 1.76979643641971 0 1.61430911906064 1.66935019893572 1.09583446918987 1.09189734258689 1.36490354081616 1.71618053340353 1.22771699586883 1.82618727372028 1.4552546616178 1.12376281921752 1.05390410404652 1.66800291952677 1.61637417087331 1.28969075740315 1.3053986618761 1.53855772851966 0.93912270385772 1.20368519984186 1.84887644578703 0.985298361629248 1.01683530746959
1.88363280915655 1.29821399878711 0.930925451917574 1.77932932507247 0.997320661786944 1.72792238392867 1.0932894309517 1.90381977916695 1.61430911906064 0 1.73015037877485 1.66606058343314 1.38604881474748 1.20689634326845 1.23438970767893 1.81794590805657 0.968861627858132 1.13804719760083 1.85962392808869 1.90032100095414 0.982683208072558 1.46856973855756 1.29855830897577 0.943699629977345 1.89375916658901 0.959878945956007 1.228177893674 1.15952205774374 1.06897234614007 1.71846470911987
1.59724285034463 1.30039406614378 0.996758266352117 1.0923017358873 1.31830930802971 1.11545222019777 1.38690114533529 1.48092237440869 1.66935019893572 1.73015037877485 0 0.974817182403058 1.03440082748421 1.75760935153812 1.70618922496215 1.15318121528253 1.5605298592709 1.43999757501297 1.52337465784512 1.05836863233708 1.42912684590556 1.8276857342571 1.28095610626042 1.48712930432521 1.55516455462202 1.00995606742799 1.18181552155875 1.3235441618599 0.929164652479813 0.984263276215643
1.28646659804508 1.89754457166418 1.86087027844042 1.31406436953694 1.27260277443565 1.68188944645226 1.75117491441779 1.48232292477041 1.09583446918987 1.66606058343314 0.974817182403058 0 1.65888115158305 1.72480308450758 0.961237431503832 1.82616830873303 1.23584090755321 1.64528994099237 1.49462063238025 1.60697618732229 1.05016057146713 1.59848794946447 1.71620049211197 1.58432019362226 1.06170110567473 1.33819885458797 1.65637479908764 1.27689311443828 0.97712868778035 1.41478928597644
1.76597893820144 1.57411859510466 1.67982456437312 1.05809690989554 1.63247546856292 1.02273394074291 1.7559195572976 1.28996896650642 1.09189734258689 1.38604881474748 1.03440082748421 1.65888115158305 0 1.17389439744875 1.81782907759771 1.5403401714284 1.86440250324085 1.20661822310649 1.87200535973534 0.974588293582201 1.226138348924 1.57248043897562 1.32111584418453 1.11493918276392 1.66773988935165 1.37712709419429 1.00109599460848 1.67835846566595 0.967611639760435 1.28480968810618
1.0336108377669 0.939808951690793 1.56543869199231 1.76137787965126 1.52378323441371 1.04593186150305 1.78136793011799 1.05987213621847 1.36490354081616 1.20689634326845 1.75760935153812 1.72480308450758 1.17389439744875 0 1.85423490777612 1.80218330863863 1.05715037323534 0.968408891931176 1.56833192193881 1.26580371661112 1.0878656283021 1.49697915185243 0.934532772516832 1.70661613647826 1.77107266080566 1.5087462135125 1.69762303936295 1.46240030857734 1.53587062633596 1.46891738544218
1.28443991276436 1.72716135252267 1.23330975323915 1.52390478760935 1.39613439468667 1.30229155835696 1.37184571195394 1.83098461292684 1.71618053340353 1.23438970767893 1.70618922496215 0.961237431503832 1.81782907759771 1.85423490777612 0 1.21210064389743 1.6909355041571 1.59501293650828 1.89019211102277 1.05250441841781 1.10810151463374 1.63016573362984 1.13671864219941 1.21825782908127 1.22423951979727 1.65573698957451 1.34845015080646 0.911222287453711 1.30544916796498 1.69176067900844
0.924720300827175 1.25856222701259 1.54581285547465 1.60465287975967 1.84082493116148 1.6010674778372 1.44920164067298 0.948905611410737 1.22771699586883 1.81794590805657 1.15318121528253 1.82616830873303 1.5403401714284 1.80218330863863 1.21210064389743 0 1.6810047228355 1.60055499104783 1.27482308703475 1.14276896044612 1.64400122710504 1.75821272307076 1.87030063848943 1.11893560481258 1.58592317206785 1.59085273486562 1.40596403507516 1.73441273486242 1.15701143746264 1.10195485129952
0.95374682196416 1.47264486737549 1.2790300231427 1.42567260144278 1.78274288610555 1.75248596072197 1.53858297853731 1.20692602614872 1.82618727372028 0.968861627858132 1.5605298592709 1.23584090755321 1.86440250324085 1.05715037323534 1.6909355041571 1.6810047228355 0 1.26016208226793 1.10637282044627 1.52761915395968 1.9093828429468 1.61018882365897 1.04219094896689 1.86078651249409 1.42300206772052 1.43684282386675 1.75814879871905 1.74353683553636 0.992354010930285 1.04828821402043
0.973532975185663 1.38336126529612 0.948338352609426 1.56214681314304 1.41510985814966 1.78357421350665 1.27950040623546 1.70735645550303 1.4552546616178 1.13804719760083 1.43999757501297 1.64528994099237 1.20661822310649 0.968408891931176 1.59501293650828 1.60055499104783 1.26016208226793 0 1.50883175106719 1.55948734865524 1.68423756398261 1.75496964110062 1.31813516211696 1.41474967845716 1.78194099431857 1.58307317690924 1.07539816829376 1.65967577695847 1.35271291807294 1.62991723720916
1.74467366794124 1.20216632517986 1.15342870424502 1.12686805310659 1.06070793000981 1.73123769438826 0.993497447110713 1.5117595877964 1.12376281921752 1.85962392808869 1.52337465784512 1.49462063238025 1.87200535973534 1.56833192193881 1.89019211102277 1.27482308703475 1.10637282044627 1.50883175106719 0 1.82937810337171 1.48544684564695 1.67513249279 0.925007779616863 1.60732004791498 1.58298895135522 1.61739370902069 1.19090415281244 1.81859837030061 1.18862018315122 1.87725749658421
1.16374621121213 1.3707981207408 1.2117612559814 1.82724409876391 1.05468394234776 1.17036777362227 1.27828459022567 1.01731365849264 1.05390410404652 1.90032100095414 1.05836863233708 1.60697618732229 0.974588293582201 1.26580371661112 1.05250441841781 1.14276896044612 1.52761915395968 1.55948734865524 1.82937810337171 0 0.982862173579633 1.48053025151603 1.62055570911616 1.77123767579906 1.5342008266598 1.31173787964508 1.73308889451437 1.41468743258156 1.70322540379129 1.71349812252447
1.84138464462012 1.89424830232747 1.80491457297467 1.7398957980331 1.51337689021602 0.939156375592574 1.71240023593418 1.67751657776535 1.66800291952677 0.982683208072558 1.42912684590556 1.05016057146713 1.226138348924 1.0878656283021 1.10810151463374 1.64400122710504 1.9093828429468 1.68423756398261 1.48544684564695 0.982862173579633 0 1.64968935213983 1.82535678427666 1.11196853523143 1.78789554140531 1.44082472217269 1.1715423790738 1.49960263096727 0.990310188615695 1.66179489693604
1.82416976243258 1.43829772225581 1.88957912451588 1.69627905497327 1.40481387637556 1.09440240520053 1.8701721043326 1.10025950032286 1.61637417087331 1.46856973855756 1.8276857342571 1.59848794946447 1.57248043897562 1.49697915185243 1.63016573362984 1.75821272307076 1.61018882365897 1.75496964110062 1.67513249279 1.48053025151603 1.64968935213983 0 1.55116981174797 1.88356473529711 1.50065729697235 1.00065061938949 1.60583486757241 0.968040921958163 1.42877594614401 1.63916171924211
1.84111882257275 1.51911235484295 1.4622384228278 1.53873709775507 1.21996060875244 1.24614504398778 1.73246208881028 1.1136936773546 1.28969075740315 1.29855830897577 1.28095610626042 1.71620049211197 1.32111584418453 0.934532772516832 1.13671864219941 1.87030063848943 1.04219094896689 1.31813516211696 0.925007779616863 1.62055570911616 1.82535678427666 1.55116981174797 0 1.04627985926345 1.07902584667318 1.88461780920625 1.50804172945209 1.63747088238597 0.97367524029687 1.58697357261553
1.78865660494193 1.08860983001068 1.7324748407118 1.70015223999508 1.63329230435193 1.13517349073663 1.33582888660021 1.02028886880726 1.3053986618761 0.943699629977345 1.48712930432521 1.58432019362226 1.11493918276392 1.70661613647826 1.21825782908127 1.11893560481258 1.86078651249409 1.41474967845716 1.60732004791498 1.77123767579906 1.11196853523143 1.88356473529711 1.04627985926345 0 1.61297580529936 1.40957703487948 0.984480715589598 1.63312847632915 1.10553781641647 1.79255696083419
1.30028798710555 1.2284670136869 1.30642998311669 1.21770809381269 1.18447200069204 1.02669955510646 1.01223276625387 1.58910740166903 1.53855772851966 1.89375916658901 1.55516455462202 1.06170110567473 1.66773988935165 1.77107266080566 1.22423951979727 1.58592317206785 1.42300206772052 1.78194099431857 1.58298895135522 1.5342008266598 1.78789554140531 1.50065729697235 1.07902584667318 1.61297580529936 0 1.69033376127481 1.49630083423108 1.84421483357437 1.80070906714536 1.17018640297465
1.74598635197617 1.56870669242926 1.05740925902501 0.917178765870631 1.74331353418529 1.03729434078559 1.33989873505197 1.72984619042836 0.93912270385772 0.959878945956007 1.00995606742799 1.33819885458797 1.37712709419429 1.5087462135125 1.65573698957451 1.59085273486562 1.43684282386675 1.58307317690924 1.61739370902069 1.31173787964508 1.44082472217269 1.00065061938949 1.88461780920625 1.40957703487948 1.69033376127481 0 1.34779058699496 1.46319185127504 1.49513180973008 1.72246229206212
1.85666866833344 0.979234527796507 1.40162475127727 1.24688787246123 1.89600231242366 0.98031223542057 1.66563918394968 1.06450755335391 1.20368519984186 1.228177893674 1.18181552155875 1.65637479908764 1.00109599460848 1.69762303936295 1.34845015080646 1.40596403507516 1.75814879871905 1.07539816829376 1.19090415281244 1.73308889451437 1.1715423790738 1.60583486757241 1.50804172945209 0.984480715589598 1.49630083423108 1.34779058699496 0 1.26540923980065 0.92776907980442 1.41681815078482
1.17843919806182 1.85689504630864 0.921538202557713 1.21810057898983 1.29570507491007 1.23893972230144 1.23316490650177 1.01211913768202 1.84887644578703 1.15952205774374 1.3235441618599 1.27689311443828 1.67835846566595 1.46240030857734 0.911222287453711 1.73441273486242 1.74353683553636 1.65967577695847 1.81859837030061 1.41468743258156 1.49960263096727 0.968040921958163 1.63747088238597 1.63312847632915 1.84421483357437 1.46319185127504 1.26540923980065 0 1.10789448698051 1.10202976921573
1.21136632189155 1.26178084383719 1.69676495576277 1.11174772470258 1.38314523268491 1.24289263389073 1.56822607317008 1.65765981934965 0.985298361629248 1.06897234614007 0.929164652479813 0.97712868778035 0.967611639760435 1.53587062633596 1.30544916796498 1.15701143746264 0.992354010930285 1.35271291807294 1.18862018315122 1.70322540379129 0.990310188615695 1.42877594614401 0.97367524029687 1.10553781641647 1.80070906714536 1.49513180973008 0.92776907980442 1.10789448698051 0 1.62641307502054
1.74508599936962 1.74688415229321 1.5184423502069 1.31868916540407 0.960611657006666 1.0854506669566 1.5102502333466 1.43047649343498 1.01683530746959 1.71846470911987 0.984263276215643 1.41478928597644 1.28480968810618 1.46891738544218 1.69176067900844 1.10195485129952 1.04828821402043 1.62991723720916 1.87725749658421 1.71349812252447 1.66179489693604 1.63916171924211 1.58697357261553 1.79255696083419 1.17018640297465 1.72246229206212 1.41681815078482 1.10202976921573 1.62641307502054 0
