0 1.25707885390148 1.53844027593732 1.75587667664513 1.89352424209937 1.75665289047174 1.74398076185025 1.69567843060941 1.79556302516721 1.91681873914786 1.63375266944058 1.48062766669318 1.04044356616214 1.69598286808468 1.78887457819656 1.76254189782776 1.37945335125551 1.52594133839011 1.64721281151287 1.45015828241594 1.13109273440205 1.11527372524142 1.92626984836534 1.3764259449672 1.61068028281443 1.74695937451907 1.03298899577931 1.12809081049636 1.58462553704157 1.79921151744202
1.25707885390148 0 1.45787610416301 0.967752282274887 1.03614027192816 1.16726725455374 1.48982065054588 1.92945294827223 1.56711498461664 1.56707118521444 1.78862066473812 1.39463109639473 1.04044852755032 1.20628341287374 1.40972441365011 1.36721312138252 1.62403072090819 1.02769595501013 1.09105064417236 1.21133485273458 1.81495937309228 1.70136554259807 1.17363787069917 1.21581729641184 1.55130374873988 1.74520462774672 1.35416471189819 1.74009599257261 1.80133906356059 1.10302348434925
1.53844027593732 1.45787610416301 0 1.29419763060287 1.82504099188372 1.8202770515345 1.22124947002158 1.78954634512775 1.2807130231522 1.34553139214404 1.55882005672902 1.29403784289025 1.04932431387715 1.91355449450202 1.70403948868625 1.79093185812235 1.73659986746497 1.5663991891779 1.31489071645774 1.01269362564199 1.10221797670238 1.33091938402504 1.83705946151167 1.7455411455594 1.3739363423083 1.95125477737747 1.08876120019704 1.3013399282936 1.26603352394886 1.61493569915183
1.75587667664513 0.967752282274887 1.29419763060287 0 1.1306210339535 1.02282659732737 1.60307220369577 1.05529113789089 1.25511754793115 1.22729050833732 1.67040772782639 1.95930566592142 1.58813665062189 1.84167249896564 1.45833858032711 1.81427421025001 1.04076373204589 1.81766024255194 1.05722684715874 1.31721961544827 1.48720299312845 1.09302430483513 1.59912588750012 0.990634402958676 1.37354007153772 1.52891169860959 1.93383338744752 1.37146782223135 1.2573291384615 1.7285239060875
1.89352424209937 1.03614027192816 1.82504099188372 1.1306210339535 0 1.21066547441296 1.903685051715 1.30897611822002 1.69609382352792 1.38511102832854 1.77545167715289 1.2529872674495 1.84361464134417 1.1294494709 1.1558450339362 1.45109265833162 1.92933637532406 1.54384120670147 1.19421931169927 1.24413741147146 1.93755135661922 1.63014739588834 1.81565239443444 1.19454663945362 1.60042306082323 1.62963904649951 1.85996664175764 1.75223015551455 1.08307876088656 1.2024680795148
1.75665289047174 1.16726725455374 1.8202770515345 1.02282659732737 1.21066547441296 0 1.46145375771448 1.88824018626474 1.59630360454321 1.39929377823137 1.76006599725224 1.62562047410756 1.96254354831763 1.81053988356143 1.54041862580925 1.1022674490232 1.74205770832486 1.40148907876574 1.40928516723216 1.77479849569499 1.12683805660345 1.08360561309382 1.72468558466062 1.21153670386411 1.51542847650126 1.41167444153689 1.7880100144539 1.94750115997158 1.41349568800069 1.11277228943072
1.74398076185025 1.48982065054588 1.22124947002158 1.60307220369577 1.903685051715 1.46145375771448 0 1.70766841876321 1.31442627031356 1.8415572734084 1.70760161359794 1.05958438431844 1.88995774881914 1.88975854567252 1.79586037504487 1.01035025459714 1.37212058226578 1.43316055182368 1.60076706763357 1.78066365048289 1.10792481643148 1.52300873282366 1.60535704623908 1.2148117730394 1.76427886262536 0.987641333136708 1.18041480891407 1.53102558362298 1.3056477480568 1.15433605224825
1.69567843060941 1.92945294827223 1.78954634512775 1.05529113789089 1.30897611822002 1.88824018626474 1.70766841876321 0 1.32196802971885 1.05364776961505 1.23463516961783 1.47443066793494 1.57693744124845 1.75597491371445 1.60341003490612 1.58647945243865 1.63331879652105 1.63983764476143 1.55710802064277 1.4692311945837 0.980614777654409 1.34313199832104 1.05938918399625 1.82640880672261 1.03105953591876 1.38004403212108 1.53533707768656 1.82170019159093 1.95911052357405 1.21567683597095
1.79556302516721 1.56711498461664 1.2807130231522 1.25511754793115 1.69609382352792 1.59630360454321 1.31442627031356 1.32196802971885 0 1.57844974426553 1.6695844817441 1.81354476814158 1.03629181929864 1.26967342174612 1.52254581009038 1.21397607540712 1.45796568831429 1.35839742119424 1.88355065905489 1.36771705327556 1.59661921253428 1.52219621418044 1.66900132969022 1.24365697731264 1.68193081323989 1.40414950205013 1.32689685374498 1.65675088926218 1.54687989363447 1.02028472488746
1.91681873914786 1.56707118521444 1.34553139214404 1.22729050833732 1.38511102832854 1.39929377823137 1.8415572734084 1.05364776961505 1.57844974426553 0 1.40560288541019 1.65115496236831 1.08278500451706 1.47684120945632 1.32032893924043 1.04289345140569 1.41801700764336 1.8148726974614 1.53584426874295 1.04357392108068 1.62532798456959 1.7712606228888 1.18808714183979 1.41031171404757 1.45142059912905 1.62429424957372 1.6103287213482 1.78539389441721 1.76180031965487 1.42508628964424
1.63375266944058 1.78862066473812 1.55882005672902 1.67040772782639 1.77545167715289 1.76006599725224 1.70760161359794 1.23463516961783 1.6695844817441 1.40560288541019 0 1.80690621072426 1.54389091348276 1.27478976733983 1.22945312364027 1.74146014591679 1.82936319266446 1.59049087390304 1.35414038505405 1.39546182868071 1.16867429274134 1.79433533526026 0.971294430317357 1.52928383578546 1.74209754331969 1.37051588483155 1.33624549768865 1.43316813185811 1.7834812309593 1.79558972269297
1.48062766669318 1.39463109639473 1.29403784289025 1.95930566592142 1.2529872674495 1.62562047410756 1.05958438431844 1.47443066793494 1.81354476814158 1.65115496236831 1.80690621072426 0 1.77849578089081 1.59820941463113 1.47136308858171 1.36417481536046 1.68225485016592 1.51697607547976 1.20060581737198 1.44263216853142 1.18977630534209 1.87891655415297 1.78980332007632 1.89810930518433 1.48136360268109 1.85896942275576 1.17790470505133 1.10120016848668 1.75066703883931 1.04474311787635
1.04044356616214 1.04044852755032 1.04932431387715 1.58813665062189 1.84361464134417 1.96254354831763 1.88995774881914 1.57693744124845 1.03629181929864 1.08278500451706 1.54389091348276 1.77849578089081 0 1.22655093856156 1.25011375662871 1.88187174196355 1.31953137577511 1.9400214466732 1.57531966688111 1.28676472767256 0.995583042036742 1.63246735231951 0.975513484561816 1.40943063329905 0.987822248134762 1.95964761427604 1.92376936483197 1.48951425240375 1.57617087103426 1.33389100735076
1.69598286808468 1.20628341287374 1.91355449450202 1.84167249896564 1.1294494709 1.81053988356143 1.88975854567252 1.75597491371445 1.26967342174612 1.47684120945632 1.27478976733983 1.59820941463113 1.22655093856156 0 1.30967726744711 1.76249901950359 1.49738576076925 1.631237156922 1.40563496109098 1.07698899088427 1.15231770998798 1.64415780641139 1.04644715669565 1.79464192991145 1.34977110591717 1.737695281161 1.42258538724855 1.46348506514914 1.56336049106903 1.35468948842026
1.78887457819656 1.40972441365011 1.70403948868625 1.45833858032711 1.1558450339362 1.54041862580925 1.79586037504487 1.60341003490612 1.52254581009038 1.32032893924043 1.22945312364027 1.47136308858171 1.25011375662871 1.30967726744711 0 1.55824289633892 0.975752520840615 1.30886904709041 0.986874852562323 1.5945747483056 1.89861010806635 1.38428604439832 1.45773873222061 1.44271627161652 1.54714600811712 1.86149996053427 1.19100693520159 1.16015423228964 1.28288870980032 1.19075787253678
1.76254189782776 1.36721312138252 1.79093185812235 1.81427421025001 1.45109265833162 1.1022674490232 1.01035025459714 1.58647945243865 1.21397607540712 1.04289345140569 1.74146014591679 1.36417481536046 1.88187174196355 1.76249901950359 1.55824289633892 0 1.46745507884771 1.38195810094476 1.91209762007929 1.17098356713541 1.63592004217207 1.10158227011561 1.05423344904557 1.68292973563075 0.98667155415751 1.78912149020471 1.83925105608068 1.23641375428997 1.68479601410218 1.5992629264947
1.37945335125551 1.62403072090819 1.73659986746497 1.04076373204589 1.92933637532406 1.74205770832486 1.37212058226578 1.63331879652105 1.45796568831429 1.41801700764336 1.82936319266446 1.68225485016592 1.31953137577511 1.49738576076925 0.975752520840615 1.46745507884771 0 1.88210765994154 1.52003097673878 1.87694308394566 1.88792217476293 1.69258905109018 1.05584244872443 1.60935634770431 1.72460004221648 1.51882029045373 1.92724501132034 1.84025409910828 1.4115455255378 1.7250391447451
1.52594133839011 1.02769595501013 1.5663991891779 1.81766024255194 1.54384120670147 1.40148907876574 1.43316055182368 1.63983764476143 1.35839742119424 1.8148726974614 1.59049087390304 1.51697607547976 1.9400214466732 1.631237156922 1.30886904709041 1.38195810094476 1.88210765994154 0 1.10737410793081 1.33335274411365 1.8852045792155 1.84941069362685 1.11782083124854 1.88033821317367 1.44930131104775 1.0201969651971 1.02828766894527 1.77975615230389 1.49100815621205 1.13158138236031
1.64721281151287 1.09105064417236 1.31489071645774 1.05722684715874 1.19421931169927 1.40928516723216 1.60076706763357 1.55710802064277 1.88355065905489 1.53584426874295 1.35414038505405 1.20060581737198 1.57531966688111 1.40563496109098 0.986874852562323 1.91209762007929 1.52003097673878 1.10737410793081 0 1.25984771549702 1.16691043716855 1.58449408831075 1.58229572488926 1.62296625063755 1.15245107328519 1.74618851905689 1.7998651356902 1.3572218704503 1.64348882250488 1.88804897828959
1.45015828241594 1.21133485273458 1.01269362564199 1.31721961544827 1.24413741147146 1.77479849569499 1.78066365048289 1.4692311945837 1.36771705327556 1.04357392108068 1.39546182868071 1.44263216853142 1.28676472767256 1.07698899088427 1.5945747483056 1.17098356713541 1.87694308394566 1.33335274411365 1.25984771549702 0 1.86057823174633 1.28998083970509 1.64470003219321 1.13977881358005 1.05519567895681 1.1118261530064 1.2978848151397 1.80611337302253 1.77334779896773 1.47274748468772
1.13109273440205 1.81495937309228 1.10221797670238 1.48720299312845 1.93755135661922 1.12683805660345 1.10792481643148 0.980614777654409 1.59661921253428 1.62532798456959 1.16867429274134 1.18977630534209 0.995583042036742 1.15231770998798 1.89861010806635 1.63592004217207 1.88792217476293 1.8852045792155 1.16691043716855 1.86057823174633 0 1.39238149323501 1.33035262976773 1.67761337943375 1.44038056815043 1.21222547884099 1.92968789627776 1.35918288654648 1.08397734886967 1.09019285114482
1.11527372524142 1.70136554259807 1.33091938402504 1.09302430483513 1.63014739588834 1.08360561309382 1.52300873282366 1.34313199832104 1.52219621418044 1.7712606228888 1.79433533526026 1.87891655415297 1.63246735231951 1.64415780641139 1.38428604439832 1.10158227011561 1.69258905109018 1.84941069362685 1.58449408831075 1.28998083970509 1.39238149323501 0 1.69684601854533 1.10557249886915 1.65532499481924 1.00994160515256 1.79029204975814 0.996239927597344 1.18689943267964 1.92893057712354
1.92626984836534 1.17363787069917 1.83705946151167 1.59912588750012 1.81565239443444 1.72468558466062 1.60535704623908 1.05938918399625 1.66900132969022 1.18808714183979 0.971294430317357 1.78980332007632 0.975513484561816 1.04644715669565 1.45773873222061 1.05423344904557 1.05584244872443 1.11782083124854 1.58229572488926 1.64470003219321 1.33035262976773 1.69684601854533 0 1.00966383260675 1.41403071419336 0.984134129714221 1.66656448901631 1.63561160350218 1.16432833485305 1.15844242461026
1.3764259449672 1.21581729641184 1.7455411455594 0.990634402958676 1.19454663945362 1.21153670386411 1.2148117730394 1.82640880672261 1.24365697731264 1.41031171404757 1.52928383578546 1.89810930518433 1.40943063329905 1.79464192991145 1.44271627161652 1.68292973563075 1.60935634770431 1.88033821317367 1.62296625063755 1.13977881358005 1.67761337943375 1.10557249886915 1.00966383260675 0 1.2170637936797 1.08441944071092 1.54426221549511 1.19837386789732 1.75423971447162 1.65145240840502
1.61068028281443 1.55130374873988 1.3739363423083 1.37354007153772 1.60042306082323 1.51542847650126 1.76427886262536 1.03105953591876 1.68193081323989 1.45142059912905 1.74209754331969 1.48136360268109 0.987822248134762 1.34977110591717 1.54714600811712 0.98667155415751 1.72460004221648 1.44930131104775 1.15245107328519 1.05519567895681 1.44038056815043 1.65532499481924 1.41403071419336 1.2170637936797 0 0.99116667220369 1.29438477451913 1.65389909897931 1.9091945681721 0.975567702902481
1.74695937451907 1.74520462774672 1.95125477737747 1.52891169860959 1.62963904649951 1.41167444153689 0.987641333136708 1.38004403212108 1.40414950205013 1.62429424957372 1.37051588483155 1.85896942275576 1.95964761427604 1.737695281161 1.86149996053427 1.78912149020471 1.51882029045373 1.0201969651971 1.74618851905689 1.1118261530064 1.21222547884099 1.00994160515256 0.984134129714221 1.08441944071092 0.99116667220369 0 1.13860111800022 1.23486285610124 1.41335383150727 1.78936848370358
1.03298899577931 1.35416471189819 1.08876120019704 1.93383338744752 1.85996664175764 1.7880100144539 1.18041480891407 1.53533707768656 1.32689685374498 1.6103287213482 1.33624549768865 1.17790470505133 1.92376936483197 1.42258538724855 1.19100693520159 1.83925105608068 1.92724501132034 1.02828766894527 1.7998651356902 1.2978848151397 1.92968789627776 1.79029204975814 1.66656448901631 1.54426221549511 1.29438477451913 1.13860111800022 0 1.17206973861903 1.68741221586242 1.95343700656667
1.12809081049636 1.74009599257261 1.3013399282936 1.37146782223135 1.75223015551455 1.94750115997158 1.53102558362298 1.82170019159093 1.65675088926218 1.78539389441721 1.43316813185811 1.10120016848668 1.48951425240375 1.46348506514914 1.16015423228964 1.23641375428997 1.84025409910828 1.77975615230389 1.3572218704503 1.80611337302253 1.35918288654648 0.996239927597344 1.63561160350218 1.19837386789732 1.65389909897931 1.23486285610124 1.17206973861903 0 1.6799247728195 1.79651864385232
1.58462553704157 1.80133906356059 1.26603352394886 1.2573291384615 1.08307876088656 1.41349568800069 1.3056477480568 1.95911052357405 1.54687989363447 1.76180031965487 1.7834812309593 1.75066703883931 1.57617087103426 1.56336049106903 1.28288870980032 1.68479601410218 1.4115455255378 1.49100815621205 1.64348882250488 1.77334779896773 1.08397734886967 1.18689943267964 1.16432833485305 1.75423971447162 1.9091945681721 1.41335383150727 1.68741221586242 1.6799247728195 0 1.01520954072475
1.79921151744202 1.10302348434925 1.61493569915183 1.7285239060875 1.2024680795148 1.11277228943072 1.15433605224825 1.21567683597095 1.02028472488746 1.42508628964424 1.79558972269297 1.04474311787635 1.33389100735076 1.35468948842026 1.19075787253678 1.5992629264947 1.7250391447451 1.13158138236031 1.88804897828959 1.47274748468772 1.09019285114482 1.92893057712354 1.15844242461026 1.65145240840502 0.975567702902481 1.78936848370358 1.95343700656667 1.79651864385232 1.01520954072475 0
